Run,Equation_Index,Hybrid_MSE_Train,Hybrid_AIC_Train,Hybrid_BIC_Train,Hybrid_MDL_Train,Hybrid_PSM_Train,Extrapolation_Divergence,Sensitivity_Interpolation,Sensitivity_Extrapolation,Lambda1,Lambda2,Lambda3,Complexity,MSE_Test_Interpolation,MSE_Test_Extrapolation
1,0,0.7624640039768348,0.7513024852522552,0.32485103514800334,0.007209569339365534,0.0,0.0,0.0,0.0,0.0,1.0,0.0,1,15.804156279526811,26.345879661711106
1,1,0.5523239358839862,0.5804560175735746,0.2185901864223753,0.0010008703603657028,0.8036601028379569,0.0808454990492906,6.124744976187e-05,0.00011777218130344,0.0,1.0,0.0,3,13.64436234323536,11.856486240619812
1,2,0.4707432943582755,0.5010279278585189,0.16924724618846387,0.0003095797130660252,0.3745738984052224,0.09150974567773852,0.00024498979904751,0.00047108872521379005,0.0,1.0,0.0,5,12.620640035813576,5.515502279593548
1,3,0.4707432951266305,0.5185877655475816,0.19318223420736932,0.006099660134230767,0.00024546031980900656,0.09150974567773852,0.00024498979904751,0.00047108872521379005,0.0,1.0,0.0,7,12.620639464502784,5.51550185505151
1,4,0.4689528081606295,0.5342802696975189,0.2161687125333776,0.014243329436249192,0.008433517406380058,0.13619263393611014,0.0008095336821535299,0.0030939559340124297,0.0,1.0,0.0,10,13.70932199656824,9.998546163864027
1,5,0.4712165228373298,0.5364428007321583,0.2194565136525833,0.025880323948032278,0.033996067886698074,0.10697887216912476,0.00594974803469256,0.0036092805815172305,0.0,1.0,0.0,11,11.473151987681272,10.885701990737124
1,6,0.4524560148436053,0.5166179191008461,0.20741387604467143,0.027747223393642072,0.1035260976006047,0.13298549456067849,0.0067183881134328105,0.00362525258958718,0.0,1.0,0.0,13,12.894886798280243,8.613873941617419
1,7,0.4454516654181146,0.5086388352847947,0.20441095827388586,0.04042024613344547,0.1357344639839806,0.11676369070160242,0.01190723995605692,0.011490847794558,0.0,1.0,0.0,14,13.315000223062134,9.506933549775267
1,8,0.4363071439226607,0.4986462874195422,0.1980253428236449,0.04177901093442524,0.10122015501890363,0.0781853961952,0.01145946264333041,0.00945078502160076,0.0,1.0,0.0,15,13.264760134996669,15.857317981430484
1,9,0.4301899154932865,0.5098629536958907,0.2165002250667669,0.040409021777996455,0.02943447943951799,0.10584813929013477,0.0074535837332742605,0.00363024620036828,0.0,1.0,0.0,16,10.520106793978796,9.190291459790664
1,10,0.40774311757267845,0.46693229190860436,0.17688246675068628,0.03715416784065558,0.24887245099599015,0.1723414695405047,0.00771902408269558,0.018489489660148038,0.0,1.0,0.0,17,13.471514711081475,8.456443209686654
1,11,0.39628178324330443,0.45380910490668613,0.16829949326396096,0.042105284453693034,0.06306628805379802,0.15391781341838937,0.006610265434174969,0.01760850173516779,0.0,1.0,0.0,19,13.5215919805235,4.2362108274334735
1,12,0.3826115565546504,0.4373274245870848,0.15862691410793592,0.04926278471430867,0.09286542946346775,0.16794391352337332,0.008146878320321769,0.01983356609009098,0.0,1.0,0.0,21,13.151468561387166,3.2203252500474338
1,13,0.3813622014100295,0.4685744218407708,0.20828843114645507,0.07969057639218713,0.047472959673281634,0.06871926506237183,0.019263900353649117,0.00461757050592063,0.0,1.0,0.0,26,18.583720133935067,9.783476865072824
1,14,0.35393085683676434,0.41758654976409326,0.16217665757872224,0.07507290588596813,0.29555963751796654,0.04262849273100181,0.015608679955813179,0.00231628981802502,0.0,1.0,0.0,27,17.70549530441071,9.324965687342226
1,15,0.3623260128370759,0.4434535026977362,0.19458792160924707,0.09670288998589725,0.03792151887213337,0.1920122231670451,0.02436406877106309,0.05328077266469866,0.0,1.0,0.0,31,14.698696785738491,4.368512600557541
1,16,0.33928136355698024,0.41657502497378573,0.17403348282601444,0.088123269415746,0.04999339422068779,0.09248672337471579,0.01422015521695176,0.012580210928184229,0.0,1.0,0.0,34,12.291321675586593,10.083715492206618
1,17,0.34800094110096347,0.4069244301966054,0.15930192641743204,0.10176938841921038,0.05784403000004734,0.09288915151723508,0.02555374734171606,0.06819035468249232,0.0,1.0,0.0,35,12.882068331877177,10.068046586585558
1,18,0.34100869724084204,0.41532262686452404,0.17740544270986877,0.11131295462752235,0.06661067687943605,0.08950597046161689,0.025204848543708868,0.03970342801694566,0.0,1.0,0.0,37,12.708657013595143,9.956949081620287
1,19,0.30822654709394626,0.39114252402055416,0.17244251400899277,0.11769306088076781,0.3390678059315627,0.10039533270438868,0.01744822462418247,0.01109499886149835,0.0,1.0,0.0,38,12.978503568788122,9.071300028049736
1,20,0.3145419854021392,0.37762537044416855,0.15531269480010274,0.11518651393836005,0.09545139857465103,0.0805031731598391,0.028800474192838682,0.08053132053779219,0.0,1.0,0.0,39,13.763042388664257,8.862496367540578
1,21,0.29714830717499024,0.3510531484187396,0.14000662918706908,0.12191578667265214,0.31238558589732524,0.08694477987523087,0.03204099010341137,0.0837142520424354,0.0,1.0,0.0,40,12.553941363927157,4.772528465006719
1,22,0.27465889010285666,0.3224696869184839,0.11837602511173884,0.11328187978773244,0.19491056027876838,0.09418112244216104,0.02185630505478017,0.07319540133106235,0.0,1.0,0.0,41,12.437128600935791,4.230617005889652
1,23,0.273043437983192,0.32025049702708297,0.11682552062274405,0.11530412507193338,0.03803626325646412,0.10826795577050581,0.02140663020264938,0.08403936345075472,0.0,1.0,0.0,42,12.348659818130166,3.8201217472125175
1,24,0.2734359415720975,0.33817212329739804,0.14115534410927041,0.1214098076385367,0.02267282295743423,0.09418112244216101,0.02185630505478017,0.07319540133106239,0.0,1.0,0.0,43,12.389717763075875,4.364979721722699
1,25,0.274992507440584,0.37220305869853515,0.19083422652322554,0.1498136109451159,0.05248636616186572,0.1315268831569168,0.02843591015787512,0.017645017270659168,0.0,1.0,0.0,46,12.847555571667268,10.258527692904748
1,26,0.2642621368778496,0.30283516363170765,0.10865266853600927,0.13641269580157042,0.10694631586355258,0.12434011590543784,0.028448867030548032,0.1646826019857487,0.0,1.0,0.0,48,12.73326976945684,5.627972180440451
1,27,0.23785944491740776,0.2658858073757806,0.08228388781769415,0.1284799135146831,0.28281860366191286,0.1101021749335929,0.01949825464401772,0.04958648765188407,0.0,1.0,0.0,49,12.723351402187507,5.190498955978557
1,28,0.23690819880572314,0.281878013730529,0.10524909776502478,0.1335476995193504,0.026949542284394105,0.10907766016692544,0.019512308239565908,0.04926841860381873,0.0,1.0,0.0,51,12.741072772204085,5.215459165236015
1,29,0.23588506175065896,0.28013027192940726,0.10420143323787022,0.138690947729253,0.028329350137012953,0.11060681976991309,0.01961714472153225,0.04959099152760476,0.0,1.0,0.0,53,12.79732619968146,5.209280169323898
1,30,0.23556767963456257,0.2972194483338954,0.12781351054209283,0.14116113946763886,0.023220651973517265,0.10405075783574853,0.01953795246669331,0.04823048212722269,0.0,1.0,0.0,54,12.78152873175262,5.26501282095983
1,31,0.23396119337549426,0.2945541700815225,0.12616482520186392,0.15014315044193463,0.044859113299699216,0.10775687633890227,0.01956285153023083,0.04904357951861244,0.0,1.0,0.0,55,12.603738825380525,5.225284055850694
1,32,0.2285958556873644,0.28645222374049145,0.12066371529578399,0.14854157242730595,0.08306604799743478,0.12289489044482056,0.01834336480438705,0.06171454373218301,0.0,1.0,0.0,56,13.303068581740394,5.5526334612434844
1,33,0.22922224935296548,0.2864410061509823,0.1212532055204184,0.1500316536861632,0.03487225055109526,0.12445994654670407,0.01992160257722602,0.05975331758628544,0.0,1.0,0.0,57,13.515740265782338,10.481319154047334
1,34,0.26175270111010984,0.3733403041157459,0.24802244072877405,0.24775074594037097,0.14618560919970527,0.12630479748660975,0.07460763485964925,0.024790056391711092,0.0,1.0,0.0,62,13.008014551755355,10.471057686191504
1,35,0.24990085765350295,0.3581576690087241,0.23571283067281162,0.2426139053268353,0.13831464094042473,0.13146846867107867,0.06702743012955238,0.01763687159119551,0.0,1.0,0.0,63,12.954635108519144,10.389092593651284
1,36,0.24863367005847256,0.37344532506044414,0.2582341205344624,0.2577056044745015,0.07767496869334067,0.13146846867107867,0.0670274301295524,0.0176368715911955,0.0,1.0,0.0,65,12.984014189150884,10.249483651368
1,37,0.26147341831836907,0.37910936486335833,0.26995567546100774,0.2814285973600604,0.23947167808744663,0.1183309454952007,0.08872106831364437,0.03166940082557521,0.0,1.0,0.0,66,13.825131825258932,10.740977381780136
1,38,0.24139508579458357,0.3589002156867401,0.24985618966836165,0.26441242035019646,0.07154691066975091,0.1272416274418068,0.06880210459849333,0.02116193652285972,0.0,1.0,0.0,67,13.55232181389318,10.707079711320889
1,39,0.24786802216744563,0.3776807011236251,0.2793380595730672,0.2793627352127729,0.18909816221786924,0.11833097821807004,0.08147127885795957,0.031669412966007074,0.0,1.0,0.0,68,13.856342388079112,10.739249305179976
1,40,0.24238922203851565,0.3896900172916398,0.2977810424009976,0.2937405463075524,0.07644108673876727,0.1126269571313413,0.07607589804068775,0.031669359619534446,0.0,1.0,0.0,72,13.86084532239012,10.737766672399362
1,41,0.24515925762370688,0.39241844653815366,0.30054356968344415,0.3153909192907908,0.07974396359409086,0.11627929715632872,0.07889435712566233,0.031669369563969776,0.0,1.0,0.0,73,13.858070700859566,10.738826386470835
1,42,0.21674830144575985,0.33970335934618057,0.24689138081744003,0.290262307677492,0.19344939749789383,0.11987795042939,0.05812941269529023,0.017809192580297582,0.0,1.0,0.0,74,13.790384084819555,10.76007101291884
1,43,0.3712748836298202,0.5054306392152639,0.4240140412963087,0.4623121787905575,0.23520883921041896,0.1188746199728826,0.21958188291317482,0.03848985266710215,0.0,1.0,0.0,82,13.080889888185684,8.12697755413249
1,44,0.24092861509761793,0.3908854732243486,0.3172146618100207,0.3506335383233334,0.10817116738881377,0.12028914343822883,0.09110379558261554,0.03562796027160159,0.0,1.0,0.0,84,13.544305682531403,8.150547772466474
1,45,0.7213654804746886,0.8813847275883935,0.8198474169399506,0.8511110207680641,0.6509462059116342,0.11473270826407919,0.5792815662549226,0.03562027372136728,0.0,1.0,0.0,86,13.817723188563388,8.255926019572719
1,46,0.17443896950543092,0.3492389801736961,0.29617335414251794,0.3411322028022016,0.03946158538158178,0.11901865181795084,0.0351243378922539,0.08655073400567286,0.0,1.0,0.0,98,14.3325444703731,10.443537330928685
1,47,0.2704674343146055,0.4462774503615653,0.4117820458350697,0.4981241165614747,0.18059292190893225,0.10320748266267823,0.14687384445217783,0.04037655202583979,0.0,1.0,0.0,107,15.039692418292622,10.989379720383806
1,48,0.26996805912404265,0.44156353505315726,0.42876603540955127,0.5188554466629913,0.5468107038902837,0.10229627351111654,0.1651478158433616,0.14455686075573607,0.0,1.0,0.0,108,13.802437914029358,10.5495986029849
1,49,0.23511202905598672,0.42205711683446423,0.4171371955422064,0.5125345474896019,0.14441284479582026,0.10335276825811383,0.1320578778009556,0.04777613351273327,0.0,1.0,0.0,111,15.07785199968588,10.585634324267318
1,50,1.0948356094343696,1.288922364269301,1.2974202002292983,1.3840488543487672,1.1752757309179718,0.11696804798487015,1.0,0.13475644860208943,0.0,1.0,0.0,112,14.790086932998712,9.918750863594571
1,51,0.24066492211844748,0.4163325090588691,0.4190573102062549,0.5291381749677886,0.1505320492846678,0.10229642698132904,0.1465629211383008,0.14455688379832096,0.0,1.0,0.0,116,13.815274385816592,10.56125969419281
1,52,0.23597330183382853,0.42290010603870193,0.43615405269330526,0.5428961011151994,0.18071098823896006,0.10229643510072524,0.14656343088350726,0.1445568832385432,0.0,1.0,0.0,119,13.333860617753157,11.160288365240548
1,53,0.2355902864558672,0.4395628606945307,0.4595309789676516,0.5638263052371482,0.14937403745388506,0.10229643510072528,0.14656343088350726,0.14455688323854315,0.0,1.0,0.0,122,13.440506547672054,10.99102542537038
1,54,0.2355902674151913,0.4395628606945303,0.4595309789676512,0.5671063959209401,0.14656378728069094,0.10229643510072525,0.14656343088350687,0.1445568832385432,0.0,1.0,0.0,125,13.408040731038032,11.039555953000354
1,55,0.22405522358410518,0.397532556367069,0.41955540525108737,0.5764339909543903,0.21432481027499997,0.11041311453220401,0.14440026823728852,0.020595009436498578,0.0,1.0,0.0,128,15.19435484687665,11.036738516227665
1,56,0.21125528368207713,0.38113898191176776,0.4054703225749786,0.5840014379765889,0.1484769229342736,0.11041330362685071,0.13411532549992805,0.020593721441142902,0.0,1.0,0.0,132,15.18260121548133,11.058703899427822
1,57,0.17069146849769912,0.35487671071221627,0.3876786508564538,0.5571477365811113,0.12217432048908153,0.10083594891987264,0.09583835800103166,0.01503389958289128,0.0,1.0,0.0,134,16.026146993642847,10.940215460396503
1,58,0.16657971253543047,0.34474637474755265,0.38134884700220706,0.5597881383382434,0.1427924268248824,0.10061984060160686,0.09576510524108725,0.015025098143169218,0.0,1.0,0.0,136,15.711147099438644,10.166772418539876
1,59,1.0639335854121037,1.2140462088863742,1.25083960517828,1.4740258087170561,1.0233438604489244,1.0,1.0,1.0,0.0,1.0,0.0,143,21.86956220154073,9.331667549193172
1,60,1.063847237293025,1.231384991168502,1.2746368939060007,1.4772592218791325,1.0020784919285208,1.0,1.0,1.0,0.0,1.0,0.0,144,21.86947719896829,9.386798522782138
1,61,1.062967349343219,1.229129422179923,1.27323368296172,1.4836243516860794,1.0211952026865263,1.0,1.0,1.0,0.0,1.0,0.0,145,21.774072772040977,10.114107486969068
1,62,1.062882063080043,1.2464706159755807,1.297032664937369,1.493349959140606,1.000686296242974,1.0,1.0,1.0,0.0,1.0,0.0,148,21.77399564747642,10.1692386467539
1,63,1.0628077665903655,1.246280106406695,1.2969141375824023,1.4965852717606816,1.0017923880750301,1.0,1.0,1.0,0.0,1.0,0.0,149,21.90371089624268,10.114202575884198
1,64,1.0619287900312848,1.2440197143910556,1.2955079224885717,1.5119744571822475,1.021252815951522,1.0,1.0,1.0,0.0,1.0,0.0,150,28.11190432542405,10.152995479617232
1,65,1.0589381421518096,1.2538393974860242,1.314627586504486,1.5090167741315916,1.072837187709261,1.0,1.0,1.0,0.0,1.0,0.0,151,21.83860825582324,10.017153060787823
1,66,1.0574801273164542,1.320268288918614,1.4079965545135706,1.6828753388006787,1.0009420913885514,1.0,1.0,1.0,0.0,1.0,0.0,189,92.48603636669456,8.999655549581881
1,67,1.0527971848871225,1.2903384586034232,1.3763663008704932,1.6653190634172925,1.116321310208973,1.0,1.0,1.0,0.0,1.0,0.0,190,33.54204766512212,8.993700507707398
1,68,1.0503995134565467,1.3014796511129405,1.3963080640659469,1.701903346136957,1.0100604316082755,1.0,1.0,1.0,0.0,1.0,0.0,196,92.64217687938137,8.95893918845398
2,0,0.7938893569384404,0.7736239903796688,0.33873725216448974,0.008447790255597692,0.0,0.0,0.0,0.0,0.0,1.0,0.0,1,14.936634624199538,28.02617248610205
2,1,0.5957885631645763,0.6193679400393497,0.24279777481191495,0.0031601829307716964,0.7256560216160615,0.07708477234366676,6.232732199128001e-05,9.98680594339e-05,0.0,1.0,0.0,3,12.115914789160048,12.373445082828963
2,2,0.5215437474031497,0.5515381758822473,0.2006321207252699,0.005671961530766855,0.31946893543792765,0.0951036732093555,0.00014533925639388,0.00025606547805287,0.0,1.0,0.0,5,10.10842050789229,9.53493629870354
2,3,0.5248631525228518,0.5550165836037022,0.2055885927949911,0.023696516957309115,0.016735219939364762,0.08883351936877969,0.007534953977883179,0.00183883257350181,0.0,1.0,0.0,9,10.469942997838494,20.024262803885907
2,4,0.5003835544056827,0.5485020315818234,0.21182446570514704,0.01758051366180103,0.1589629780896049,0.10522474135390476,0.00033124497826316,0.0008218203702681801,0.0,1.0,0.0,10,10.075959419548957,6.453556843462611
2,5,0.49734358364291653,0.5454402845949279,0.2158297047895735,0.03558660899030604,0.1918361722642131,0.09396851944875322,0.01597051747210978,0.00389745018079665,0.0,1.0,0.0,11,10.000542034655137,18.167546722462035
2,6,0.4905364611407992,0.5385279294732412,0.2110448255072152,0.03746547681594415,0.0676230479754599,0.09739021085630188,0.014687438767749991,0.0038751437577559202,0.0,1.0,0.0,12,9.980421044211813,18.17890640636692
2,7,0.4740207962337234,0.521728619262319,0.19789308235745026,0.030587520241088725,0.09829204987553543,0.08924344322437314,0.00754088132631701,0.0015629828486612,0.0,1.0,0.0,13,10.3731536468609,9.061195247935643
2,8,0.44942514455687393,0.510555458565792,0.21440133756808102,0.06103369639574405,0.3003244917055086,0.08717566180843213,0.03518906927677023,0.017344530542194488,0.0,1.0,0.0,15,8.746860866174194,15.561464133675088
2,9,0.44698971389108355,0.5253680464520628,0.23662712835582905,0.06703549653555908,0.04808378474438624,0.08717566180843218,0.03518906927677023,0.01734453054219447,0.0,1.0,0.0,17,8.48663866291664,14.702951785056138
2,10,0.39352817870698603,0.4661783129221848,0.19299746707267112,0.08438486227773821,0.05237503865777991,0.0597305682405974,0.0171745895452939,0.015660752683102238,0.0,1.0,0.0,28,11.334777476798765,4.06280917592245
2,11,0.3817851298683435,0.4708575932582075,0.20660964067468957,0.1030795494056618,0.02697741914117481,0.057471336601868074,0.01106288272557356,0.01026146760676472,0.0,1.0,0.0,32,10.621679962963276,6.736743230800309
2,12,0.3717706154132371,0.42866139527730607,0.18415842239654917,0.1571066520637296,0.13679411727145335,0.0540923075743875,0.05554559118223372,0.02096133477116443,0.0,1.0,0.0,40,14.516742225523236,6.449963251215014
2,13,0.3707768251138621,0.4273287707686783,0.1833391892644462,0.167341675573796,0.05876957133540318,0.05157080880794681,0.05557145262895171,0.02083418506824814,0.0,1.0,0.0,44,14.57370692575439,6.828119532499087
2,14,0.3383060068856148,0.42662951318031744,0.200296635901938,0.17532259024400115,0.15486605140138715,0.055003094843110834,0.03273664440095026,0.012770344681292182,0.0,1.0,0.0,45,12.531324140444235,6.707800512646463
2,15,0.34486536919211963,0.4264383809041692,0.2093048419732888,0.19853991165544915,0.2858620680488191,0.05276177007257671,0.056889205320261024,0.01680481801487613,0.0,1.0,0.0,46,13.817165003298111,7.313016952119269
2,16,0.329594800612567,0.38684999865491343,0.17181428383372754,0.17601983800707294,0.26803087517483776,0.05174782456430181,0.05728157383411535,0.02053089555493209,0.0,1.0,0.0,47,14.291943717156494,6.959411562212908
2,17,0.3276134227072865,0.3840585879442735,0.16999861806403868,0.18193335404472932,0.08134674775969154,0.05189529866534952,0.057072090276474675,0.020203568357840603,0.0,1.0,0.0,48,14.128841679158532,6.751569044418274
2,18,0.3124342885125292,0.3747167972650192,0.18039201687097317,0.19728671937830644,0.23178780595607953,0.07298986535134779,0.06552458999060795,0.0231951736221255,0.0,1.0,0.0,50,13.177628069928485,6.851963599138662
2,19,0.2966367128671331,0.33386911797972396,0.1410714978291594,0.19280091518493905,0.2597335284932465,0.06227396932801719,0.06314751810662275,0.0293607569404525,0.0,1.0,0.0,51,12.802617152884732,3.799474731191288
2,20,0.28492013782243253,0.35929532431188915,0.20088160901588972,0.24939427877670084,0.2029594546957624,0.059310789614935376,0.07627232597529729,0.03787514072436725,0.0,1.0,0.0,54,12.976497660105016,5.119363087031116
2,21,0.31989284895234504,0.34526515920373135,0.18670364510847362,0.33235113768780444,0.15163651870732486,0.043026077722284436,0.1307101209624853,0.09210326811436507,0.0,1.0,0.0,69,10.27259123903306,13.910575564781498
2,22,0.3154253392039952,0.3548715573242508,0.20569068957698777,0.3421540747431411,0.16780273630371895,0.043026077722284436,0.1307101209624853,0.0921032681143651,0.0,1.0,0.0,71,11.343399517164343,15.544939926415962
2,23,0.32553946832168895,0.3859127457212295,0.24017277559974803,0.3757227997742406,0.14850870648222164,0.04764892976738599,0.13642720194100535,0.09381027283376656,0.0,1.0,0.0,74,10.295198266233804,8.097326471573465
2,24,0.2944175665263975,0.3114408135480115,0.18083840491233938,0.3404283548576933,0.34951736753725554,0.03888240508165876,0.13644209968856053,0.09855544100680627,0.0,1.0,0.0,76,10.510173791720014,13.639723196159377
2,25,0.29316564706156734,0.2914833955180369,0.15541193857328992,0.32373385066493676,0.15890341180134582,0.03888240508165926,0.13644209968856155,0.09855544100680312,0.0,1.0,0.0,77,10.68452726180606,13.87378283267786
2,26,0.2880688903775109,0.31724713812247096,0.19736170580715479,0.347820412791114,0.22362710900238303,0.04479579083168742,0.13617837676156236,0.09671551370378843,0.0,1.0,0.0,78,8.787954400171147,11.807352854576129
2,27,0.2852856953289977,0.2964040576119136,0.17045100545918068,0.3452893808189949,0.13941203436533608,0.043559883770872596,0.13370861783758792,0.09777502759428672,0.0,1.0,0.0,79,10.331560675407305,13.328404982584088
2,28,0.28009974384333386,0.31899548543186496,0.2114601796445628,0.35745788087090236,0.2772263847029389,0.04479579083168743,0.1361783767615624,0.09671551370378846,0.0,1.0,0.0,80,9.396103152817654,12.624237543795324
2,29,0.26392115217838336,0.2639012851011587,0.16582361026306827,0.3848371351202107,0.2718799182314917,0.0447845488668296,0.1405405784097977,0.10368175404381377,0.0,1.0,0.0,83,9.190343077364243,12.488890363551697
2,30,0.24802564012839562,0.22615363024980295,0.1434341610828786,0.3795206066685345,0.20713382973903,0.048591197835532215,0.1434341610828786,0.10387705673258349,0.0,1.0,0.0,89,9.482330894693895,11.342935748231064
3,0,0.9810299381888721,0.8936040230544982,0.41337709559913915,0.015103411082714582,0.0,0.0,0.0,0.0,0.0,1.0,0.0,1,7.290168022,28.17628465
3,1,0.7276987238869077,0.7257796354260146,0.30901300704068624,0.009103972262701886,0.7897015476348543,0.0738631064,0.00010537590000000001,8.52373e-05,0.0,1.0,0.0,3,6.419471648,23.29063842
3,2,0.6724976563704249,0.6833362777379669,0.28287028515987733,0.009593956644887314,0.4064334622173213,0.1001368269,0.0007970287,0.0023654419,0.0,1.0,0.0,4,7.959424977,134.8901773
3,3,0.6185135719718022,0.65649923241969,0.27904024145611867,0.011837936217272024,0.4142951198754858,0.0892858566,0.00041214370000000004,0.0004181306,0.0,1.0,0.0,5,7.597723025,5.481619785
3,4,0.6151449105045309,0.6536286635620575,0.2772284171291022,0.015104287219033697,0.013516852776820461,0.0883549535,0.00034321769999999996,0.0003482033,0.0,1.0,0.0,7,7.341528131,5.410291378
3,5,0.6110380894150602,0.6325517701780121,0.2510692636317915,0.016533072536749942,0.01633021353816696,0.0868117763,0.0002470279,0.00021269700000000003,0.0,1.0,0.0,9,7.576051594,6.186399765
3,6,0.608405026924205,0.6478651732762322,0.2736282048527196,0.023531063336151757,0.011135949197345016,0.0879556812,0.0003041243,0.00026648549999999996,0.0,1.0,0.0,11,7.799049127,5.818223373
3,7,0.5604216907956955,0.6056682752858937,0.24762867824093607,0.027445251285443308,0.405512043117754,0.10109269489999999,0.0009686644,0.0018103089,0.0,1.0,0.0,12,9.164915891,13.54904614
3,8,0.52462059477045,0.5897153335577082,0.2513837466142825,0.040928224993920743,0.1678941223169201,0.0939608092,0.0027379353,0.0056172553,0.0,1.0,0.0,14,9.29015258,12.95615544
3,9,0.5110732512475203,0.5941630203799567,0.26710898773168185,0.0400698457064704,0.06360130731334857,0.1064719022,0.0025991912,0.0036217620999999998,0.0,1.0,0.0,16,9.644678054,12.27067006
3,10,0.5084686922521212,0.5916174858031488,0.2655707984219709,0.04004237613845798,0.015252584518517964,0.0973351472,0.0027191832,0.0036228308,0.0,1.0,0.0,18,9.71667148,12.76411141
3,11,0.5169202952138884,0.6001817792800154,0.2770059807292591,0.0728654116487927,0.04269825198053781,0.070102527,0.0188805482,0.0033773837,0.0,1.0,0.0,21,6.845648118,5.660816759
3,12,0.49352561200241224,0.5767632974730391,0.2592602034386205,0.07647914649088677,0.15161565656523976,0.1006602923,0.0104734702,0.0093375759,0.0,1.0,0.0,22,8.342362851,12.88429075
3,13,0.492431340135067,0.5932133032761056,0.2825046740282696,0.08357402193077719,0.015686883382954188,0.1006602923,0.0104734702,0.0093375759,0.0,1.0,0.0,24,8.599442436,13.18709882
3,14,0.4416862983645557,0.5397304677065614,0.24942569941599252,0.08164331570213457,0.2648573912479645,0.10629758,0.0109836186,0.009391646100000001,0.0,1.0,0.0,26,7.601144085,12.16778527
3,15,0.43881923538416995,0.5541385677550711,0.27142157573956843,0.09151994588684167,0.02110174069764801,0.10406239930000001,0.0110413378,0.0096133995,0.0,1.0,0.0,29,9.607926469,6.987821496
3,16,0.4398661481361244,0.5727162695492267,0.29650456980602047,0.09500234726818027,0.015664591435178357,0.10474339399999999,0.0124035124,0.0104739164,0.0,1.0,0.0,30,6.889386085,11.71204085
3,17,0.4248984036994769,0.5033799878550402,0.21429479974686153,0.09958574652378946,0.03173395295357125,0.09473768169999999,0.0122899942,0.009550850900000001,0.0,1.0,0.0,38,8.550537433,6.058724625
3,18,0.4116935853408728,0.4862991426636521,0.20840111617191673,0.11796104632359534,0.1595055260798186,0.10457422229999999,0.0248126213,0.0286321535,0.0,1.0,0.0,40,8.745184898,6.331328736
3,19,0.4086767371407972,0.5159236683633849,0.2566848046792314,0.13283819178164347,0.1821076317655297,0.0829626023,0.034954261599999994,0.051543459300000004,0.0,1.0,0.0,41,8.699950172,3.452619092
3,20,0.38410046496917594,0.4902744045427,0.233404219568041,0.16264079432259504,0.022358328061639367,0.07635843340000001,0.0155727895,0.0055524115,0.0,1.0,0.0,51,7.394827087,4.357861744
3,21,0.37777610948003093,0.5006692578658302,0.2519551731590936,0.1626861579266581,0.02789380023483888,0.07817715680000001,0.013121242,0.0035364804,0.0,1.0,0.0,54,8.090756007,7.070482713
3,22,0.3733000983062937,0.5129528407709298,0.27227906243611066,0.17330716381783554,0.053773147442317405,0.0961357697,0.012251894000000001,0.0042718809,0.0,1.0,0.0,55,10.94557325,8.433726501
3,23,0.36023742351911553,0.4788242305784513,0.23851783356945866,0.1583722200017325,0.1812293511960884,0.0907048325,0.0135248387,0.0034215107000000002,0.0,1.0,0.0,56,8.221874866,8.435474061
3,24,0.33308441320652343,0.44373289212166556,0.21671164786300653,0.1645891637771123,0.17889228180272734,0.09729413890000001,0.0135890802,0.0042049029,0.0,1.0,0.0,58,9.664668744,8.83235826
3,25,0.3231493079716245,0.41183375210661965,0.18497984074521523,0.18682054234977044,0.07082282383926257,0.0736226864,0.0165623011,0.005413302300000001,0.0,1.0,0.0,61,8.589560219,5.378749546
3,26,0.32229620900874334,0.4107008408633164,0.18424727733398014,0.1922080015441608,0.026448024483405483,0.0754973333,0.0164888481,0.0053563053,0.0,1.0,0.0,62,8.66690691,5.271942304
3,27,0.30909048576866305,0.41130700300057627,0.19644346641565374,0.17875478916838425,0.07822978060271935,0.0758130015,0.0133349254,0.005584243500000001,0.0,1.0,0.0,64,8.979066093,6.609484757
3,28,0.3088013073135601,0.42846519030379676,0.22012839995021036,0.20061149325581826,0.015220928934005947,0.0758130015,0.0133349254,0.005584243500000001,0.0,1.0,0.0,66,9.044658941,6.64351472
3,29,0.3079724634662395,0.4448733960314097,0.24334681637012714,0.2158638297981344,0.01874596312322318,0.0758130015,0.0133349254,0.005584243500000001,0.0,1.0,0.0,68,9.419776003,6.842039725
3,30,0.3051582133285887,0.4756243255099806,0.28892233829967773,0.23011819560875035,0.02736374259408403,0.08329166169999999,0.0144555885,0.0068737145,0.0,1.0,0.0,72,8.411439813,9.133591663
3,31,0.29481598319248087,0.42623591685559575,0.23185059502628072,0.21383565677863847,0.07663492499584434,0.08102478269999999,0.013594869800000001,0.0034591384,0.0,1.0,0.0,74,7.408672346,9.185501139
3,32,0.2944652112203345,0.4433124635833628,0.2554697431329069,0.23344913456110453,0.017733045513261197,0.0833411421,0.013555029299999998,0.0034475392,0.0,1.0,0.0,75,7.421147251,9.329542097
3,33,0.2923845678375631,0.4401391650958742,0.25366452894223723,0.23661363660201956,0.04804344883712439,0.0841240812,0.0140022172,0.0055068035,0.0,1.0,0.0,76,8.31731847,8.795054886
3,34,0.2916338206313645,0.4742786309215492,0.3008403506888312,0.26513231717841124,0.016157098021417644,0.0677912712,0.0137792228,0.004374471600000001,0.0,1.0,0.0,79,7.484048628,9.188446912
3,35,0.27411057492133795,0.41213408351605163,0.23720553814489231,0.2447928465800072,0.1566408468905012,0.0851894939,0.0165502075,0.0048739651000000005,0.0,1.0,0.0,81,8.044981371,6.23628814
3,36,0.2714147868643615,0.4081603938871871,0.2346731639468238,0.24728977345185593,0.052258351266821115,0.082435364,0.0163907291,0.0049437355,0.0,1.0,0.0,82,8.043740642,5.869488815
3,37,0.2699161387552295,0.4228689359873891,0.2572659457089107,0.25844365084793725,0.036309648772321526,0.08330425,0.017532899900000003,0.0076846542,0.0,1.0,0.0,84,8.035259552,5.791147304
3,38,0.26878691558339285,0.4564154995201498,0.3040544577817779,0.2917328361651587,0.02032411482790633,0.08019326140000001,0.017261737,0.0081223478,0.0,1.0,0.0,88,8.146404246,6.066945492
3,39,0.2678549430627638,0.43791226496294205,0.27919510507476153,0.2756558221432793,0.016474524136496232,0.0799772626,0.0163681785,0.0130830266,0.0,1.0,0.0,93,7.999863804,7.628685036
3,40,0.2557163958200866,0.4192798757424188,0.26755980136625346,0.2881611149142508,0.1902988951748041,0.08780497649999999,0.0162516581,0.0117312935,0.0,1.0,0.0,94,7.503113644,7.210844529
3,41,0.28250544597269484,0.49404587039081216,0.36632152552813513,0.3588957832134106,0.08153371095570935,0.0652636929,0.051226875699999994,0.06263166719999999,0.0,1.0,0.0,98,7.718979627,5.8999382
3,42,0.23578965042228361,0.3527964520769457,0.19993407027180843,0.2922411623771504,0.1834761131975161,0.08626957830000001,0.0156046975,0.0042300871,0.0,1.0,0.0,99,7.543933088,7.353463836
3,43,0.2346465388598167,0.3682525149736019,0.22269695341416815,0.300629253151078,0.03906537760122285,0.0766917953,0.0159662929,0.0059427003,0.0,1.0,0.0,100,8.035947571,7.20540161
3,44,0.23309775691429444,0.36561801035390507,0.22111490393742322,0.3035433851572862,0.04230441157123968,0.0776128118,0.0161168184,0.006030501,0.0,1.0,0.0,101,8.029899852,6.767267849
3,45,0.23152492575744565,0.380578236111013,0.24343251245959444,0.3144131801073372,0.028281801443908416,0.0776128118,0.0161168184,0.006030501,0.0,1.0,0.0,103,7.819098329,6.625283256
3,46,0.23207254041575648,0.36345352960638316,0.22003889454139286,0.32452214598767426,0.01748536242085886,0.0795400617,0.016832756900000002,0.0047140161,0.0,1.0,0.0,107,7.588239712,6.506389547
3,47,0.24845445145460576,0.4675816257284908,0.3560940067542897,0.37788154594250467,0.03374233770738491,0.0687048624,0.0332991208,0.0458513716,0.0,1.0,0.0,110,6.322342874,5.416415323
3,48,0.24556378631109088,0.48055124497209967,0.37706547297635795,0.3916630582674088,0.05328035671091512,0.06466096460000001,0.0330139895,0.0465532535,0.0,1.0,0.0,112,6.559231283,5.697422439
3,49,0.2456912283068737,0.45861126351745063,0.3529847549510086,0.3927241120734911,0.14516968065597083,0.0696992786,0.0398385419,0.055993419200000005,0.0,1.0,0.0,113,6.634048514,6.096925759
3,50,0.2452811702936833,0.4754784614321879,0.37648867481996234,0.41020867574175046,0.04308874197472437,0.0696992786,0.0398385419,0.055993419200000005,0.0,1.0,0.0,115,6.087985983,5.703102889
3,51,0.23657551928483037,0.4620255074223997,0.36738722208701313,0.45406749355592396,0.045118488445803545,0.0726988396,0.0379005657,0.0401203249,0.0,1.0,0.0,130,7.450098912,4.534428667
3,52,0.23626536589151115,0.4508155503760303,0.3658124018101545,0.4820333214104505,0.11213784844392906,0.0639161192,0.052187272699999995,0.059808885,0.0,1.0,0.0,134,8.258752078,5.624098615
3,53,0.22876283101570638,0.44016698511756724,0.35786165411566817,0.49640068710030055,0.0822445057696326,0.0638425628,0.0486778597,0.0568804977,0.0,1.0,0.0,136,8.223793653,4.265023974
3,54,0.21314696065982242,0.4704528030169259,0.41297144330732743,0.5044681386744158,0.05908855291249944,0.068832279,0.041364698500000005,0.0382851581,0.0,1.0,0.0,144,8.528916503,4.880432751
3,55,0.2114853447517086,0.46641398617518653,0.410897160448274,0.5084754577126476,0.09141370826429923,0.078576105,0.0425243007,0.0389287859,0.0,1.0,0.0,145,8.413025498,4.011731168
3,56,0.2110008367725853,0.4643200197888916,0.4101236742340083,0.5128181173026649,0.07678948765386208,0.0773229345,0.0439246171,0.038274898200000004,0.0,1.0,0.0,146,8.327615703,4.114219953
3,57,0.20516249400927175,0.43981433691084165,0.3801465600461294,0.5175362944235757,0.06183529541089043,0.0820697319,0.0393696542,0.0438613761,0.0,1.0,0.0,147,9.466983845,4.838203343
3,58,0.1968066900690126,0.4377215391994311,0.39345642295836364,0.5141762153621655,0.26826178918551524,0.0661654066,0.0436062754,0.037690531799999996,0.0,1.0,0.0,148,8.710601038,5.109047386
3,59,0.18404629840867204,0.3903365879841346,0.35274194226745903,0.4775844576592667,0.07535493140020086,0.0707619654,0.048302246199999996,0.0410717444,0.0,1.0,0.0,160,8.432473235,4.208959012
3,60,0.1844983995009677,0.44314974459567874,0.4249180002437766,0.5745774282921533,0.052027895296613426,0.0690959102,0.0490650266,0.041511935300000004,0.0,1.0,0.0,162,8.586285861,4.226192002
3,61,0.18257233071476714,0.4399916878271019,0.4226764330353416,0.5768839081574492,0.0711394403146814,0.0714969677,0.0483324164,0.0400763854,0.0,1.0,0.0,163,8.282366897,4.232764978
3,62,0.18238183633840863,0.3865329707425525,0.3505292742899069,0.4841781640064549,0.052328231368465615,0.0707547495,0.0487085958,0.0407252874,0.0,1.0,0.0,166,8.439721914,4.212895943
3,63,0.17406970006924954,0.4037272769850126,0.38751346391073405,0.6026364277374335,0.10781062966384558,0.0747451673,0.049412436,0.039389267500000005,0.0,1.0,0.0,169,7.904250435,4.107685629
3,64,0.17196105521202654,0.4007348886786059,0.3851595639727939,0.6142146632973097,0.05605148853779584,0.0765466625,0.0481097153,0.038376094300000003,0.0,1.0,0.0,171,7.89922407,4.531962162
3,65,0.17083809312206644,0.41599555933149174,0.40764311919444635,0.6205261070645923,0.058602592087246226,0.0771188538,0.0480537919,0.0383907958,0.0,1.0,0.0,173,7.878320646,4.723153593
3,66,0.16421847056501365,0.4023403891789146,0.3990086546111198,0.6259116138017997,0.1101514569374675,0.0752843431,0.0476844528,0.0382782909,0.0,1.0,0.0,175,7.838869878,4.755892085
3,67,0.16286941653240053,0.3979442222655799,0.39676104666392875,0.6301319898830937,0.10245303183548704,0.0740767824,0.0489743675,0.0391411713,0.0,1.0,0.0,176,7.86791519,4.429341816
4,0,0.9810299378285589,0.8936040230476392,0.41337709559913915,0.015103411096162502,0.0,0.0,0.0,0.0,0.0,1.0,0.0,1,7.290168022264575,28.17628465213149
4,1,0.7276987239378127,0.7257796351201073,0.30901300707775003,0.009103972314463932,0.7897015477235202,0.07386310640078395,0.00010537593706376,8.523727249469e-05,0.0,1.0,0.0,3,6.419471648215774,23.29063842228762
4,2,0.6724976564534736,0.6833362774694889,0.28287028520693236,0.009593956730266846,0.4064334605027588,0.10013682692571446,0.000797028747055,0.00236544193604338,0.0,1.0,0.0,4,7.959424977390197,134.89017733382568
4,3,0.6185135720308651,0.6564992325945873,0.2790402414869677,0.01183793621861981,0.4142951211737879,0.08928585659543085,0.00041214373084901,0.00041813059249925,0.0,1.0,0.0,5,7.597723024852253,5.481619784719836
4,4,0.6151449105166957,0.6536286637352526,0.27722841713081153,0.015104287191478601,0.013516852571893013,0.08835495346535399,0.00034321770170938997,0.00034820333352238,0.0,1.0,0.0,7,7.341528131391908,5.4102913784707845
4,5,0.6110380893720161,0.6325517703111203,0.25106926361399234,0.016533072490534963,0.01633021431698578,0.0868117763401456,0.00024702788220083,0.00021269704626974002,0.0,1.0,0.0,9,7.576051594172841,6.186399765261805
4,6,0.6084050269394563,0.6478651731391506,0.2736282048871228,0.023531063356345434,0.011135950981231036,0.0879556811705174,0.00030412433440319997,0.00026648546235917,0.0,1.0,0.0,11,7.799049126586517,5.818223373400193
4,7,0.5604216908511774,0.6056682755803465,0.2476286782644418,0.027445251286995126,0.4055120447139935,0.10109269491491757,0.00096866442350574,0.00181030889377994,0.0,1.0,0.0,12,9.1649158905232,13.549046138694292
4,8,0.5246205948317666,0.5897153335520885,0.25138374664295954,0.040928224998261376,0.16789412095156245,0.09396080921215104,0.00273793532867707,0.00561725529263631,0.0,1.0,0.0,14,9.290152580320958,12.956155441223704
4,9,0.5110732511929452,0.5941630201842515,0.267108987704032,0.040069845657411486,0.06360130597465721,0.10647190220599381,0.0025991911723502103,0.00362176208882863,0.0,1.0,0.0,16,9.64467805390492,12.27067005885776
4,10,0.5084686923172794,0.5916174859406694,0.26557079843945186,0.040042376129628694,0.01525258716568145,0.09733514715670252,0.00271918321748095,0.0036228307974162897,0.0,1.0,0.0,18,9.71667147982265,12.7641114148726
4,11,0.5169202952349341,0.60018177948218,0.27700598074621957,0.07286541165965947,0.04269824979962068,0.07010252704799928,0.0188805482169605,0.0033773837212275498,0.0,1.0,0.0,21,6.845648118005546,5.66081675930622
4,12,0.49352561206246615,0.5767632977046413,0.25926020345758016,0.07647914649585133,0.1516156533429264,0.1006602922548809,0.010473470218959651,0.00933757593066854,0.0,1.0,0.0,22,8.342362851289526,12.88429075072666
4,13,0.49243134012816975,0.5932133032779165,0.2825046740472293,0.08357402196201616,0.015686883749172636,0.10066029225488096,0.010473470218959651,0.00933757593066854,0.0,1.0,0.0,24,8.599442436247708,13.187098822060277
4,14,0.4416862982868238,0.5397304675171001,0.2494256993774385,0.08164331563073889,0.26485739223239335,0.10629757996221181,0.01098361856144597,0.00939164607346896,0.0,1.0,0.0,26,7.601144084810315,12.167785274466024
4,15,0.4388192353597287,0.5541385679006682,0.2714215757582663,0.09151994590625358,0.021101738698693074,0.10406239925568136,0.011041337818697889,0.00961339953064015,0.0,1.0,0.0,29,9.60792646903766,6.987821496398412
4,16,0.4398661481460321,0.5727162696290637,0.29650456980697415,0.09500234728984944,0.01566458928946738,0.10474339397117641,0.01240351240095364,0.0104739164445279,0.0,1.0,0.0,30,6.889386085011052,11.712040845097563
4,17,0.4248984036710559,0.5033799875833811,0.21429479973243046,0.09958574650221062,0.0317339496675904,0.09473768174050508,0.01228999418556893,0.00955085085111464,0.0,1.0,0.0,38,8.550537432666973,6.058724625298004
4,18,0.41169358526784805,0.48629914250274586,0.20840111612761997,0.1179610462322488,0.15950552345050184,0.10457422229422164,0.02481262125570324,0.02863215351167111,0.0,1.0,0.0,40,8.745184898006466,6.33132873560823
4,19,0.40867673706984725,0.5159236685792152,0.2566848046549824,0.1328381917866068,0.182107630863589,0.08296260230598947,0.03495426157575101,0.051543459309676534,0.0,1.0,0.0,41,8.699950172398887,3.452619091845715
4,20,0.3841004649994546,0.49027440490457475,0.23340421958008542,0.16264079434208795,0.022358325353785784,0.07635843344040497,0.0155727895120444,0.0055524114928844,0.0,1.0,0.0,51,7.394827086797494,4.357861744321903
4,21,0.37777610952590523,0.5006692579477705,0.25195517319301763,0.16268615793186814,0.02789380280609715,0.0781771568292676,0.01312124203392404,0.00353648040161225,0.0,1.0,0.0,54,8.090756007037545,7.070482713042415
4,22,0.37330009832710187,0.5129528405942747,0.27227906243094024,0.17330716377498012,0.05377314502316974,0.09613576966174489,0.01225189399482959,0.00427188090788802,0.0,1.0,0.0,55,10.945573248486678,8.433726500875864
4,23,0.3602374234947807,0.4788242307978145,0.23851783358303924,0.1583722200103881,0.18122934835588717,0.09070483254924584,0.013524838713580609,0.00342151073109453,0.0,1.0,0.0,56,8.221874866187836,8.435474061468629
4,24,0.33308441328661337,0.44373289218895706,0.2167116479028602,0.16458916379541808,0.1788922848150175,0.09729413888313368,0.01358908023985366,0.00420490285637685,0.0,1.0,0.0,58,9.664668744367695,8.83235826004687
4,25,0.32314930794797564,0.4118337517908769,0.18497984075529475,0.18682054233975795,0.07082282140954267,0.07362268639227895,0.01656230111007952,0.00541330225223884,0.0,1.0,0.0,61,8.589560219172279,5.378749546257498
4,26,0.32229620893979244,0.4107008404785409,0.18424727730932422,0.19220800153994236,0.026448026621060217,0.07549733332766478,0.0164888480753441,0.00535630526165746,0.0,1.0,0.0,62,8.666906910017985,5.27194230431973
4,27,0.30909048580980386,0.4113070032843816,0.19644346641136337,0.178754789155256,0.07822978057263452,0.0758130014566032,0.01333492539570962,0.00558424345020425,0.0,1.0,0.0,64,8.979066093380926,6.609484756916687
4,28,0.308801307311677,0.4284651899976923,0.22012839994591998,0.2006114932313719,0.015220931660788427,0.0758130014566032,0.01333492539570962,0.00558424345020425,0.0,1.0,0.0,66,9.04465894104037,6.643514719680827
4,29,0.3079724634471798,0.4448733960031112,0.24334681636583677,0.21586382975760304,0.018745965079348555,0.07581300145660318,0.01333492539570962,0.00558424345020425,0.0,1.0,0.0,68,9.41977600285393,6.84203972454282
4,30,0.30515821327200626,0.475624325840431,0.2889223382871572,0.23011819558148913,0.027363743932785844,0.08329166170854993,0.01445558848747944,0.00687371447881831,0.0,1.0,0.0,72,8.411439812765732,9.13359166321264
4,31,0.29481598315996976,0.4262359165604931,0.23185059503985167,0.21383565681532668,0.07663492359136755,0.08102478265587053,0.013594869813570932,0.0034591384482908203,0.0,1.0,0.0,74,7.40867234604144,9.185501139240015
4,32,0.2944652112128889,0.44331246317789297,0.2554697431184233,0.23344913457503466,0.017733047832875447,0.08334114210015617,0.01355502928551644,0.0034475391907777798,0.0,1.0,0.0,75,7.421147250965715,9.329542097282154
4,33,0.29238456789493156,0.4401391654766581,0.2536645289731907,0.23661363662921867,0.04804345166576737,0.08412408124513485,0.0140022172309535,0.0055068034626710805,0.0,1.0,0.0,76,8.317318469628919,8.795054886251842
4,34,0.29163382065179133,0.47427863121207614,0.3008403507255593,0.26513231723545977,0.016157099700311282,0.06779127117254724,0.0137792228367281,0.00437447156693447,0.0,1.0,0.0,79,7.484048628081903,9.188446912334332
4,35,0.2741105749051572,0.4121340831878188,0.2372055381767791,0.24479284660614883,0.1566408464237036,0.08518949390584647,0.01655020753188679,0.004873965109694961,0.0,1.0,0.0,81,8.04498137134858,6.236288139842858
4,36,0.2714147869299872,0.40816039422947653,0.2346731639872991,0.24728977353214326,0.052258350746276945,0.08243536404661271,0.016390729140475298,0.00494373549632404,0.0,1.0,0.0,82,8.043740642168952,5.869488814859983
4,37,0.2699161387587109,0.4228689362400161,0.2572659456768718,0.2584436507673476,0.036309649989448814,0.0833042499782694,0.01753289986796107,0.007684654193514701,0.0,1.0,0.0,84,8.03525955228135,5.791147304393268
4,38,0.26878691554159057,0.45641549936457465,0.30405445775653167,0.29173283613291,0.02032411650669234,0.08019326142539505,0.01726173697475373,0.00812234775115968,0.0,1.0,0.0,88,8.146404245590283,6.066945491657012
4,39,0.26785494306987695,0.4379122652254391,0.27919510504573314,0.2756558221192555,0.01647440841597297,0.07997726256039839,0.01636817847097159,0.01308302664846348,0.0,1.0,0.0,93,7.999863804374338,7.62868503589552
4,40,0.2557163957609897,0.4192798760101845,0.26755980135278246,0.2881611149302623,0.19029889308804832,0.08780497647386412,0.016251658086529,0.01173129347655644,0.0,1.0,0.0,94,7.503113644022877,7.210844528508576
4,41,0.28250544602856764,0.49404587072920786,0.366321525547568,0.3588957832357059,0.08153370927869882,0.06526369286638745,0.05122687571943289,0.06263166719927024,0.0,1.0,0.0,98,7.718979626981678,5.899938199976059
4,42,0.23578965041638442,0.35279645248488123,0.1999340702750383,0.29224116234234426,0.18347611107368267,0.08626957826022269,0.01560469750322985,0.00423008708275403,0.0,1.0,0.0,99,7.543933088216868,7.353463836267986
4,43,0.23464653881899142,0.36825251485946453,0.222696953368625,0.30062925313707356,0.039065378562529146,0.07669179531703574,0.01596629285445686,0.00594270032311596,0.0,1.0,0.0,100,8.03594757087367,7.20540160961442
4,44,0.23309775693607135,0.36561801026614227,0.22111490397998934,0.3035433852338321,0.04230441213830381,0.07761281179351874,0.01611681844256613,0.00603050100769347,0.0,1.0,0.0,101,8.029899852424444,6.767267848668257
4,45,0.23152492581672973,0.3805782363696508,0.24343251250216055,0.31441318013533004,0.02828180069827966,0.07761281179351875,0.01611681844256613,0.006030501007693459,0.0,1.0,0.0,103,7.819098328962165,6.625283256282384
4,46,0.2320725403902419,0.3634535297999398,0.22003889455660486,0.3245221459808967,0.01748525246111331,0.07954006174177349,0.01683275691521198,0.00471401611716112,0.0,1.0,0.0,107,7.588239712449249,6.506389546668332
4,47,0.2484544514498958,0.46758162586207613,0.3560940067575461,0.3778815459802744,0.03374265064644172,0.0687048624056498,0.033299120803256387,0.04585137157168523,0.0,1.0,0.0,110,6.3223428737186085,5.416415323448893
4,48,0.24556378633067816,0.48055124473173383,0.3770654730035089,0.39166305824992476,0.05328035869685891,0.06466096457755728,0.03301398952715096,0.04655325345395167,0.0,1.0,0.0,112,6.55923128263513,5.697422439313641
4,49,0.24569122834307933,0.45861126376053296,0.35298475499516785,0.3927241121576548,0.14516967842709316,0.06969927855867342,0.03983854194415924,0.05599341921732146,0.0,1.0,0.0,113,6.634048513972489,6.09692575929896
4,50,0.2452811703222199,0.47547846117453296,0.3764886748641215,0.41020867582056997,0.04308873875851529,0.06969927855867339,0.03983854194415923,0.05599341921732146,0.0,1.0,0.0,115,6.087985982749263,5.703102889179153
4,51,0.23657551927946846,0.4620255078518818,0.36738722211521935,0.4540674935623024,0.045118490971239114,0.072698839593618,0.0379005657282062,0.04012032491340387,0.0,1.0,0.0,130,7.450098911881336,4.534428666792142
4,52,0.236265365922174,0.4508155502064494,0.36581240180177016,0.4820333214367225,0.11213785114424535,0.0639161192464806,0.052187272691615647,0.05980888502171663,0.0,1.0,0.0,134,8.258752078259954,5.624098615304603
4,53,0.22876283100597244,0.44016698541952953,0.35786165415354293,0.4964006871101066,0.08224450802547906,0.06384256284300481,0.048677859737874765,0.056880497686863506,0.0,1.0,0.0,136,8.223793652620772,4.265023973783351
4,54,0.21314696068667907,0.4704528034182014,0.41297144331075675,0.5044681386435913,0.05908855403408905,0.06883227899777658,0.04136469850342933,0.03828515814202476,0.0,1.0,0.0,144,8.528916502585506,4.88043275138618
4,55,0.21148534473827083,0.466413986245749,0.41089716041251567,0.508475457701813,0.09141371046866152,0.07857610499070346,0.04252430066424167,0.03892878591065174,0.0,1.0,0.0,145,8.413025497870972,4.011731168076512
4,56,0.21100083671618683,0.4643200195576501,0.41012367421540835,0.512818117238004,0.07678948587365592,0.07732293454190077,0.04392461708140005,0.03827489818905232,0.0,1.0,0.0,146,8.327615703387211,4.114219952852667
4,57,0.20516249395129643,0.439814337257505,0.3801465600086655,0.5175362943694372,0.06183529406629927,0.08206973190471135,0.039369654162536086,0.04386137606401656,0.0,1.0,0.0,147,9.466983844940229,4.838203342606742
4,58,0.19680669003946188,0.4377215393114219,0.39345642295374395,0.5141762154007385,0.26826179022564633,0.0661654066072384,0.04360627539538029,0.037690531844150534,0.0,1.0,0.0,148,8.710601037839957,5.109047386192381
4,59,0.1840462984689431,0.390336588338192,0.3527419423094131,0.47758445771261054,0.07535493064629256,0.07076196536008207,0.04830224624195405,0.04107174440467956,0.0,1.0,0.0,160,8.432473234625265,4.208959011921846
4,60,0.18449839955095598,0.4431497446976523,0.42491800026343696,0.574577428272347,0.05202789388591379,0.06909591018807325,0.049065026619660404,0.04151193528113335,0.0,1.0,0.0,162,8.58628586144513,4.226192002405034
4,61,0.18257233071134374,0.439991687742971,0.42267643301980484,0.576883908126502,0.07113944250425185,0.07149696768614192,0.04833241638446329,0.04007638544117005,0.0,1.0,0.0,163,8.282366896608995,4.232764977792595
4,62,0.18238183633441238,0.3865329711669059,0.350529274292406,0.48417816404808417,0.05232822965661956,0.070754749453295,0.04870859580249911,0.04072528739239875,0.0,1.0,0.0,166,8.439721914472393,4.212895943251746
4,63,0.17406970014321899,0.4037272768014632,0.38751346393639696,0.6026364278102926,0.10781062679999778,0.07474516726573593,0.0494124360256629,0.03938926746294351,0.0,1.0,0.0,169,7.904250434742698,4.107685628734889
4,64,0.17196105526260716,0.4007348889500964,0.38515956399391577,0.6142146632842177,0.05605148831627397,0.0765466624811755,0.04810971532112188,0.038376094287881954,0.0,1.0,0.0,171,7.899224070167382,4.5319621620660095
4,65,0.17083809314690435,0.4159955597727377,0.4076431192241272,0.6205261071227265,0.05860259239149498,0.07711885382411211,0.04805379192968083,0.03839079584658966,0.0,1.0,0.0,173,7.878320646405849,4.723153593206553
4,66,0.16421847052460226,0.40234038874857997,0.39900865459235024,0.6259116138195886,0.11015145643570978,0.07528434309407847,0.04768445278123047,0.03827829087507917,0.0,1.0,0.0,175,7.838869877690622,4.755892084716584
4,67,0.1628694164969133,0.3979442224950396,0.39676104664987927,0.6301319898939963,0.10245302893788491,0.07407678242251943,0.048974367485950535,0.039141171311393205,0.0,1.0,0.0,176,7.867915190167748,4.429341816205096
5,0,0.8955004936635367,0.8412964189559969,0.380836420779757,0.012201754992977296,0.0,0.0,0.0,0.0,0.0,1.0,0.0,1,10.385365434075805,25.28487405062385
5,1,0.6442808552645013,0.6603831247858432,0.2683206618920171,0.005453543235790332,0.8511086056535744,0.08869560533848408,8.151410916156e-05,0.00021776232520176,0.0,1.0,0.0,3,9.326044099338072,21.03760617172733
5,2,0.5238647036546626,0.553761602649064,0.20201581750711708,0.0042288194533165804,0.5017828389426701,0.09868960815350336,0.00014669027810651998,0.00032960297799915,0.0,1.0,0.0,5,9.84769308611056,8.861623661522492
5,3,0.5179235089967968,0.5656203133866552,0.2224416972550538,0.01133217197919976,0.027518746473239816,0.10086248940786405,0.00024605720460599,0.0005001141035541701,0.0,1.0,0.0,7,10.564209093999418,5.875313569196961
5,4,0.5153223719267029,0.5456922308354979,0.19712060269674236,0.018549832606706694,0.013339713801090216,0.09527904288775871,0.00047662009022209,0.00103853838087964,0.0,1.0,0.0,9,10.36602139460644,7.657503803409435
5,5,0.4999733635444915,0.5305368109211213,0.18764672402998422,0.012752893927272555,0.14045223970746445,0.10709986879540896,0.00035591525284243,0.0012975889408583401,0.0,1.0,0.0,10,11.053135197783998,8.521935190068687
5,6,0.48153125577078737,0.5296069933029217,0.20043402620100512,0.017907086274309147,0.18400657492568687,0.13767276083590985,0.00129528856649452,0.00717360352005874,0.0,1.0,0.0,11,13.200650642699587,6.450767609346482
5,7,0.4748840548373233,0.5053244891754614,0.17206059877434382,0.01859068205382866,0.02926753215915599,0.10498841911156528,0.0006166788726178,0.00106877743885036,0.0,1.0,0.0,13,12.097474341866995,8.2831224155351
5,8,0.46878449828607777,0.5165576754093337,0.1920133831759258,0.035725861527002946,0.05837904278578579,0.10203223314667229,0.0004943158387329301,0.00101271264961828,0.0,1.0,0.0,14,11.172842683027977,10.032327670220592
5,9,0.4607676910968408,0.5082239485058041,0.18690287350602822,0.04012394459470864,0.0408735352383017,0.10512489371904603,0.00068984434556783,0.00134823460801045,0.0,1.0,0.0,16,12.62274340481045,4.811375556798056
5,10,0.4496444995058371,0.49650303607392554,0.17956380752845158,0.041693043680115185,0.10974826274522959,0.10251032992518401,0.0005645607506752899,0.00104219841733316,0.0,1.0,0.0,17,12.2115613953274,8.2443305639936
5,11,0.4479794418063404,0.49471181443140444,0.17835936717946063,0.04369700917130444,0.014616790817133046,0.09677735656386,0.00032581792970599,0.00090936871134101,0.0,1.0,0.0,18,10.82250740970083,9.440053912936268
5,12,0.4393281291516549,0.502973821675688,0.19657112854783226,0.04762173043130724,0.08949249471060118,0.09847944282145646,0.00048728328010527006,0.00086842609971183,0.0,1.0,0.0,19,12.582454612075288,7.941630939358879
5,13,0.43595976653643276,0.48168571803536037,0.1707038571086345,0.04193950631873685,0.02391929196835442,0.09930420551270536,0.00151157460496551,0.0009374351320831399,0.0,1.0,0.0,21,12.39155875749654,8.700382360358608
5,14,0.4359932814703634,0.49927685434576713,0.19468209784639867,0.048832393880826254,0.0018753654818913666,0.09484191355631438,0.0015744908481505199,0.00099126911969699,0.0,1.0,0.0,22,12.444828126334142,8.469249684089425
5,15,0.43895201138387013,0.500437732752425,0.20310408243600928,0.08712097806224774,0.0671376313102382,0.0894333375583034,0.02195004111748283,0.02687655686573876,0.0,1.0,0.0,26,12.19907683965489,8.807900811936483
5,16,0.4386715042827427,0.5176140586779613,0.22695221506398183,0.09957805479301607,0.029534011532191706,0.09924399465090616,0.02235187892695787,0.02713562346678427,0.0,1.0,0.0,27,13.68774685958076,5.038344403386622
5,17,0.4365124908782616,0.5152452296656876,0.22532670521150502,0.09937660560455319,0.0312176252678798,0.08943333755830343,0.02195004111748284,0.02687655686573876,0.0,1.0,0.0,29,12.188459005273009,10.209771480669088
5,18,0.4426530434447647,0.520713639274796,0.23302673763192477,0.1179175731787048,0.08884601610485057,0.0905836184465908,0.03332371147015194,0.0262587449609611,0.0,1.0,0.0,30,16.626770116475377,12.52753615261576
5,19,0.4181812175478512,0.5137281025029862,0.23264179823513478,0.09282552687195109,0.010171530101006175,0.17765339786782727,0.00937558852692533,0.21092337763440666,0.0,1.0,0.0,37,43.716170155600906,5.215488263404805
5,20,0.41140220135484207,0.524138612623505,0.2505961293600384,0.13827375051277666,0.03440155074709095,0.16837051374005846,0.0053186251419395205,0.07583111481923713,0.0,1.0,0.0,38,23.42908666906484,9.113698624218138
5,21,0.4030467279697714,0.5144384305657206,0.2448577010249652,0.14675549765152296,0.1046914849515391,0.14632709115619044,0.00610209623777117,0.08404326345146289,0.0,1.0,0.0,39,26.042628314448443,7.985334724154336
5,22,0.3671265370520163,0.4881058594913463,0.2432648094771552,0.09149982622751028,0.4678019648480496,0.153902165340899,0.01080677608084422,0.09643535503807857,0.0,1.0,0.0,40,25.569385489619684,6.96343472733392
5,23,0.36703715304487833,0.4879951978149049,0.24319598714201357,0.09149357259042117,0.011066756463987299,0.153902165340899,0.01080677608084422,0.0964353550380786,0.0,1.0,0.0,44,25.47943432088341,6.876724065324978
5,24,0.3599759635415597,0.49699377528581506,0.26144641689407744,0.12229444938315598,0.08145415397249446,0.14922984137943876,0.00985839613158086,0.08747631581599803,0.0,1.0,0.0,45,24.758159302762643,6.623896027510312
5,25,0.3593692968698475,0.49623334468595914,0.260973345271329,0.12225147609468066,0.012241444228615244,0.14922984137943876,0.00985839613158086,0.08747631581599802,0.0,1.0,0.0,48,24.598630681186748,6.505860295632854
5,26,0.3956642633925557,0.5629619650605131,0.3487113448169089,0.18787993382229592,0.13185251368444714,0.15418322264273784,0.06332369209004263,0.08662353853721959,0.0,1.0,0.0,51,23.87690531597575,6.609857277080644
5,27,0.36500011213953815,0.5146801357295929,0.29414969600363755,0.1636015712525037,0.03520759323420345,0.15320559726500738,0.03285330169316914,0.08644731658588486,0.0,1.0,0.0,52,23.33027837621252,6.355709057255198
5,28,0.36487024428061127,0.5320717033634372,0.31797997575550563,0.17197655850720026,0.0336439680747955,0.15320559726500738,0.03285330169316914,0.08644731658588486,0.0,1.0,0.0,54,23.561376275184013,6.586840745613858
5,29,0.34107549450275737,0.506534415284911,0.29528446408495357,0.16749442389746957,0.03839900356618963,0.15263532073700126,0.01483645253154064,0.08632828618192656,0.0,1.0,0.0,57,23.112839726682857,7.014678439509336
5,30,0.33506039828880846,0.5351572383453761,0.3374274563862873,0.15445264082770305,0.019960539423074422,0.11856201014207579,0.01037732914689859,0.08981444887310333,0.0,1.0,0.0,59,23.96462471837152,6.594290309434276
5,31,0.32144783837524704,0.48204179494129595,0.2782648579537182,0.16210869579843878,0.17693260824103774,0.1173152511318507,0.01011851108150213,0.08744436775864736,0.0,1.0,0.0,60,24.630207939412703,6.2978624970830746
5,32,0.32065451437792397,0.5335334255723201,0.3494585546964562,0.2007331896061541,0.01763074550550322,0.11812899426946684,0.010457920547796951,0.0908712679700296,0.0,1.0,0.0,62,25.26777396748971,6.448475826437991
5,33,1.267404697879778,1.42775480587852,1.253679837404502,1.1566701308905418,1.2830606912813127,0.1105676525144779,1.0,0.08646366157953574,0.0,1.0,0.0,64,23.9578084294153,6.564932587389067
5,34,0.6583421157910863,0.8283577539046757,0.6696803019390232,0.5708598229095261,0.5191800407512015,0.1306608990414336,0.40691870196174573,0.08645976764658761,0.0,1.0,0.0,66,23.80759031911457,6.567002500269149
5,35,0.6576349044342791,0.8275944037822993,0.6689789028938077,0.5702513903826826,0.4068328410788729,0.1305422502132063,0.40631933475942283,0.08645930365687943,0.0,1.0,0.0,69,23.788622164387093,6.562845413886777
5,36,0.38209111206251,0.5324221886879403,0.369697833353976,0.29520725102108325,0.1628981606357555,0.14268160813750957,0.13470358766588658,1.0,0.0,1.0,0.0,71,199.4623759443448,7.092125168964839
5,37,0.5999099198692477,0.7486230774211681,0.5876481372270619,0.5126866669470468,0.3664228180677476,0.1439577870730317,0.3555337785392526,1.0,0.0,1.0,0.0,75,126.31167081145908,6.940965611076016
5,38,0.36791779715846173,0.49273017468221314,0.33203395107541606,0.3041323776127551,0.16239924053343277,0.14341649792034078,0.13480770966523575,1.0,0.0,1.0,0.0,81,197.7354279629687,21.669698059441064
5,39,0.36894460551983016,0.5104142915658636,0.3570171813593773,0.312392043701856,0.16038351275691295,0.140703417129592,0.1373777994713405,1.0,0.0,1.0,0.0,82,232.7541266089729,31.96186240393315
5,40,0.36186310342002237,0.5004292861899937,0.3499684011106684,0.31585436607257567,0.17169412133307219,0.13383625010185823,0.13516242274382267,1.0,0.0,1.0,0.0,84,198.1457939585289,4274.2903535428
5,41,0.360448065080362,0.54547148252755,0.4202557567917087,0.38534750067146495,0.1627599147582519,0.14034488062731812,0.14372029499110903,1.0,0.0,1.0,0.0,92,200.8287716663655,7.418167406403156
5,42,0.35963358460182265,0.5441306810047596,0.41942164101396984,0.3852717304507052,0.15001780050177904,0.14034488062731812,0.14372029499110903,1.0,0.0,1.0,0.0,94,200.28398379251132,7.197613373743189
5,43,0.3565105301188304,0.5740593073887024,0.4640801036715484,0.42999196280047486,0.16840565104552824,0.13930265134816705,0.14376839311425688,1.0,0.0,1.0,0.0,96,200.3612324276397,7.520630793548531
5,44,0.3467122797040213,0.5641110197149795,0.4542747395932131,0.43369779172363976,0.134910796106091,0.1441260856276419,0.13419844511882725,1.0,0.0,1.0,0.0,101,196.2737166281348,11.250614727354566
5,45,0.3458536747056485,0.5978000276764015,0.5012572052757147,0.4902324480446863,0.13691111369856707,0.14349413999868862,0.13420584360396576,1.0,0.0,1.0,0.0,106,196.33333761953543,11.030704718554173
5,46,1.1942793865669956,1.398984109733512,1.3008356997838648,1.3197862288386788,1.069329219041137,0.14222502045843716,1.0,1.0,0.0,1.0,0.0,110,199.0756001015971,6.836778572178241
5,47,0.3273960608866738,0.5360653059885523,0.4560780813055366,0.4467645914726195,0.44402321569395287,0.13768684029181105,0.15071026688987924,1.0,0.0,1.0,0.0,111,194.3704958941469,105.18103490747993
5,48,0.30300663807909434,0.5206798497756873,0.47445777310600645,0.5053925663189602,0.26040847437024295,0.13412310937891897,0.1558154411431116,1.0,0.0,1.0,0.0,116,195.6080720694488,98.10395413936068
5,49,0.3137959915598467,0.5469902264233492,0.508748789940761,0.5382374390345352,0.18245138855813775,0.14130153855183075,0.1688150669419207,1.0,0.0,1.0,0.0,119,196.32907516757848,195.73899424262305
5,50,0.1764000116360613,0.5241359746950612,0.5368664147237625,0.5915797378135388,0.043685746796485764,0.15043874272068405,0.03983653545234006,0.12105578084665339,0.0,1.0,0.0,159,30.59058789498108,9.198676043516253
5,51,1.1219955701815654,1.4719546335356868,1.5023609884416709,1.5721105898227843,1.0717989351843713,0.1512378711069736,1.0,0.12632231530649024,0.0,1.0,0.0,163,31.34478401718934,14.457826752459647
6,0,0.9278696353828026,0.8615536685015606,0.39343850041593803,0.013325468672566227,0.0,0.0,0.0,0.0,0.0,1.0,0.0,1,8.984310757700282,25.805085276702027
6,1,0.6718068676357057,0.6826411391687767,0.282169273940708,0.006692787803801774,0.8417257057658311,0.07989684113849183,8.634958137045e-05,0.00013270845059919,0.0,1.0,0.0,3,8.210642291380408,20.76405108417869
6,2,0.5716886103166031,0.5980724052983908,0.2295824987076934,0.008259243446908955,0.39810193102403507,0.08785321948432358,0.00014887921546027,0.00022206015731685998,0.0,1.0,0.0,5,7.912574060993526,9.192801061860912
6,3,0.5673249754462245,0.6117078340745952,0.25108916707440926,0.011936963495203191,0.01880580288790225,0.08941489696555607,0.00018390757324032,0.00027589433941997,0.0,1.0,0.0,7,8.293062177750935,8.945033632516406
6,4,0.5498264189931384,0.5781680312051966,0.21722898368919563,0.012984543895752888,0.15086325088360342,0.09194884931546268,0.00022577034159532999,0.00029858258485953996,0.0,1.0,0.0,8,9.70558779756485,7.273935590327653
6,5,0.5444258051959397,0.5731827702299936,0.21424983354211236,0.022155962763097493,0.050461358859679756,0.08736218213962207,0.00054905448420293,0.00069044754328624,0.0,1.0,0.0,9,8.506874353761743,8.940839216069083
6,6,0.5361224222648103,0.5653959595945302,0.20931499431408507,0.018040040318849235,0.07126631655126288,0.0904695056716697,0.00030920941447022,0.00037991099127038,0.0,1.0,0.0,10,9.163404183640475,8.368526658538785
6,7,0.5092559070195204,0.5396567671369811,0.19334466947166548,0.02583062184550985,0.24351386079682277,0.08677742555249197,0.00042037021685868996,0.00065022514082455,0.0,1.0,0.0,11,9.14151508012311,7.056047619241074
6,8,0.5077066157860166,0.5381413641496268,0.19237576452666175,0.027821421876082837,0.013950078102314462,0.08790516131808045,0.00035107150978022,0.00056218072494353,0.0,1.0,0.0,12,9.006388191575862,7.334431377333959
6,9,1.4930881472952002,1.559007592516377,1.2312457771215986,1.0395846303696823,1.132550994414697,0.08962533806305409,1.0,1.0,0.0,1.0,0.0,13,11.231189298944503,9.157486543976644
6,10,0.4863231436357988,0.5343990724502139,0.20521638646127394,0.03963780006630554,0.12753832735229098,0.08201031816894505,0.0060616449027978804,0.0074083804192805,0.0,1.0,0.0,14,9.362543307286632,7.293445253926897
6,11,0.46556007598849825,0.4953774104262674,0.1681932285495435,0.04144039058007912,0.21512721468347357,0.06627550318658383,0.0067578786671698005,0.007486492131851789,0.0,1.0,0.0,15,9.015776655622552,7.573127041060537
6,12,1.453331689100254,1.5355376710566933,1.2296557626962186,1.0540157019416805,1.027094327528252,0.07090403601772075,1.0,0.16814863459307955,0.0,1.0,0.0,17,8.100304656121686,8.3708158697141
6,13,1.4510637298910207,1.5331347317968245,1.2281609525011183,1.0607711575181438,1.0225947790736383,0.07311653629971973,1.0,0.3262036812163009,0.0,1.0,0.0,18,8.11768279408552,8.185231253327798
6,14,1.4362753188144675,1.5173977303906439,1.2183709207062918,1.0561450623149695,1.1492634329500329,0.06754934860256091,1.0,1.0,0.0,1.0,0.0,19,10.608980098160718,9.170448850076806
6,15,1.4237584027435402,1.521101815173029,1.2336860751113854,1.062299222836818,1.0645128015329124,0.06754934860256091,1.0,1.0,0.0,1.0,0.0,21,10.666038093681667,8.095230491895899
6,16,1.4156709484398216,1.512095080083685,1.2280829538546243,1.0728409672437262,1.042363714994608,0.06808322916723088,1.0,0.6500250251154518,0.0,1.0,0.0,23,9.022177829723848,8.438165236901247
6,17,1.4146427580391991,1.5285016784134173,1.2513003870983246,1.0865764161545202,1.0054246925226846,0.06840000830770428,1.0,0.6536169827907075,0.0,1.0,0.0,25,9.040510695673923,8.084832958106578
6,18,1.412923940827217,1.5265652330486683,1.2500958323706397,1.0864673037624468,1.0090884810057537,0.06846087989722463,1.0,0.6570347801425901,0.0,1.0,0.0,27,9.079898345712746,7.934174122373389
6,19,1.410638715212626,1.5064269515039272,1.2245567923548217,1.0680520890531544,1.024256246935859,0.060740486513158484,1.0,0.02506507615685999,0.0,1.0,0.0,28,10.29990195944404,9.221542936958723
6,20,0.4370829255959518,0.5482517478498032,0.27928860611989964,0.11863546499231395,0.20409627336259745,0.06737296200218787,0.041550151749381106,0.01049699615855262,0.0,1.0,0.0,29,8.159702899462834,7.920095030245023
6,21,1.3830282288365245,1.4745073545803755,1.2046994730721687,1.0762758150552976,1.0688218168643298,0.09477477975947088,1.0,1.0,0.0,1.0,0.0,31,12.47608129292968,9.518242542400367
6,22,1.3773307533127286,1.4852932507631103,1.2244203493443577,1.0731390864168515,1.0318431582209169,0.05433282076610339,1.0,0.02533105595256773,0.0,1.0,0.0,33,10.984333961724856,8.356290989813578
6,23,0.40683995119461247,0.5291552501035078,0.28163800131426,0.14113884818927538,0.10266122110567127,0.05612776950834962,0.04477435529265547,0.01011746301378732,0.0,1.0,0.0,36,9.750908711905762,9.986231326047266
6,24,1.3469018903671899,1.430416045032068,1.17727022215959,1.087626876261069,1.177250193851218,0.08366258829530555,1.0,1.0,0.0,1.0,0.0,37,12.38364136255156,10.231778038135996
6,25,1.337757441755243,1.4363644450732245,1.1939817598963511,1.0890439235952303,1.03640160930334,0.08294792678659615,1.0,1.0,0.0,1.0,0.0,40,11.851896470220431,7.2973233855672675
6,27,1.323191607427394,1.41746032256405,1.1822214429640359,1.093625814598148,1.1204983007307048,0.09586783127031376,1.0,1.0,0.0,1.0,0.0,42,12.340761964132932,7.114051589779606
6,28,1.311536844863859,1.3844022233082969,1.1486449373798682,1.0878362113138496,1.145766587210023,0.09605868550384647,1.0,1.0,0.0,1.0,0.0,43,11.491984973395072,7.386361291997158
6,29,1.3033703089341089,1.39089053443427,1.165692120552698,1.103413429293831,1.1040925062286915,0.08686031730337494,1.0,1.0,0.0,1.0,0.0,44,12.737078441460833,8.258756156588719
6,30,1.2899721489300238,1.3548167035360295,1.130239714747807,1.1164709742033183,1.0436013772398653,0.08681078929694447,1.0,1.0,0.0,1.0,0.0,48,14.91572727778286,13.071910749934686
6,31,1.2759477752150656,1.334832222965326,1.1178073422507415,1.1238024723487883,1.0938144518677506,0.08507841187491395,1.0,1.0,0.0,1.0,0.0,50,15.363352065125502,12.958014093678289
6,32,1.2731592686205357,1.330796153153617,1.1152965286778846,1.1263935690682731,1.0379527460118871,0.08651500814087192,1.0,1.0,0.0,1.0,0.0,51,15.057670140814912,13.094031561791972
6,33,1.2653212594918108,1.3193267268580446,1.1081614003925055,1.1257574124251037,1.0359516657303174,0.0892744813574426,1.0,1.0,0.0,1.0,0.0,54,15.328040398008543,10.201757699495854
6,34,1.2609187143109002,1.3128027789210142,1.1041027397297682,1.1310276246877145,1.0613640793669892,0.09155615005613757,1.0,1.0,0.0,1.0,0.0,55,15.134797928801154,13.444626593633028
6,35,1.25867567677848,1.344589742600405,1.1498992517482782,1.1422248697937376,1.0314816885619618,0.09280616892419265,1.0,1.0,0.0,1.0,0.0,56,13.774560393208713,11.557819083155024
6,36,1.2564236541803353,1.3411975469012591,1.1477889732417668,1.1420331908354426,1.0158804457701682,0.0928061690585194,1.0,1.0,0.0,1.0,0.0,58,13.828788455986592,11.192188793609516
6,37,1.2551274982734988,1.3216849191446312,1.1226392163867072,1.150598348110584,1.0061168511342742,0.08974178574750373,1.0,1.0,0.0,1.0,0.0,61,13.779218008642422,8.070014955967657
6,38,1.2529707072578355,1.3359862661625,1.1445471135311809,1.1504978112308657,1.015323587252312,0.0967550796622192,1.0,1.0,0.0,1.0,0.0,63,15.403354027602113,10.736811937178024
6,39,1.2381227198416704,1.3306895106663927,1.1542626970380723,1.1698276152364053,1.107470071962919,0.09167719406200239,1.0,1.0,0.0,1.0,0.0,65,13.633003529305885,8.25085366027487
6,40,1.2167201078531984,1.2963766205370926,1.132916575859419,1.1708898522362288,1.0645343570093002,0.09751544188755878,1.0,1.0,0.0,1.0,0.0,70,13.921203720374924,8.627145644729149
6,43,0.28580676912073033,0.4585166856403876,0.3448323808179743,0.3460837361829844,0.09143105593475889,0.06475160823143113,0.08728052236913167,1.0,0.0,1.0,0.0,95,11.398718615522464,15.48213442583963
6,44,0.27526899070889743,0.4057236287824892,0.2856542379377064,0.3329886803458745,0.11977491943848723,0.06643817673874217,0.08644995522210834,1.0,0.0,1.0,0.0,99,12.156138455241337,16.917584828357644
6,45,0.24233646912639864,0.3907953544459147,0.2766800741330652,0.2856872589190102,0.09096987473793093,0.060093279040790606,0.052847991891467196,0.03678794530737051,0.0,1.0,0.0,100,14.481405109512728,28.91224747111016
6,46,0.2305557581440419,0.4402172465095605,0.3593915954614171,0.34225947465811807,0.15015957041920464,0.060285564104478793,0.05264334701715699,0.03679931349155503,0.0,1.0,0.0,102,14.70464726505224,28.52617921622129
6,47,0.23043510383236915,0.43999793712103175,0.3592556473471955,0.34224845243896057,0.05346329037368355,0.06028450313486067,0.05264482508961532,0.03679923425722525,0.0,1.0,0.0,106,14.585618821852256,29.01224852932268
6,48,0.24377251392833021,0.41614077286878537,0.3243963145895057,0.37360145256863214,0.07188628494362484,0.06421888491564293,0.0685323512204668,1.0,0.0,1.0,0.0,109,12.877329555413926,20.18510346379548
6,49,0.20291948804956011,0.3664549296589345,0.2820002189660094,0.3490662552568751,0.09386164708561273,0.05983305469803803,0.03813674063057051,0.02900595028460745,0.0,1.0,0.0,113,13.308942995296356,17.04957694976042
6,50,0.2295534620105188,0.4211779325754078,0.35511617276602314,0.4097105652502695,0.13284438617973826,0.06821638677881296,0.07267269583980365,1.0,0.0,1.0,0.0,115,13.348229505168728,16.742127330971822
6,51,0.214962220139499,0.3933498259116862,0.33757151431343846,0.4075870081861175,0.19853448693387182,0.06564213555250267,0.07205691168868579,1.0,0.0,1.0,0.0,117,13.135308358638396,17.449400158450967
6,52,0.21096657582794698,0.4757423836332301,0.452908107736025,0.46860550636358045,0.07258738999364424,0.06428439677802372,0.06947845044394375,1.0,0.0,1.0,0.0,123,12.400108464472396,19.88496636867439
6,53,0.22173811612949051,0.409897107851946,0.3663928318588905,0.45702282535990857,0.24841007340014967,0.07482360036405933,0.08665461891275392,1.0,0.0,1.0,0.0,124,13.461094433471631,11.444975098813297
6,54,0.20097499165185972,0.3836146998141915,0.3441834619559544,0.47232509052947885,0.08030567292596826,0.07316258389767481,0.07114980073335293,1.0,0.0,1.0,0.0,132,11.9259311180566,21.460011755710525
6,55,0.21317903462436644,0.39345789385559504,0.3557214398738844,0.5031194283661131,0.09554986739420819,0.07923982884264964,0.08547814199497804,1.0,0.0,1.0,0.0,134,13.066245543879877,20.19785786734077
6,56,0.1940007459652836,0.3730303562206634,0.3362038553397888,0.49711314103721954,0.11991636873516517,0.0737444097945673,0.06745809870102797,1.0,0.0,1.0,0.0,135,11.512109229635811,17.500547126191478
6,57,0.2540653024808097,0.4180048724891548,0.37301503467373154,0.5022809183358272,0.12699397529526385,0.06026763294824079,0.1252605272204368,1.0,0.0,1.0,0.0,152,14.093290545064992,25.18464807300529
6,58,0.2110214185464499,0.3915805757592096,0.3536408083536269,0.5280456899436775,0.11448509596041531,0.05805083443293907,0.08306252048946274,0.06391100576483381,0.0,1.0,0.0,154,15.00008131438926,22.90355975669678
6,59,0.24096032471297152,0.4575062664800955,0.4506303049163919,0.6357724114690747,0.18464654299597152,0.056484817295676205,0.12790140101039663,1.0,0.0,1.0,0.0,158,14.290107161513822,22.302999802905585
6,60,0.22419470107509337,0.36408710775169567,0.35447168530989803,0.5507268945732902,0.3040053687947081,0.054894737285318164,0.13052184040594642,1.0,0.0,1.0,0.0,160,14.863199198521974,23.83737960021076
6,61,0.1645660962796407,0.42308778978925554,0.4787569765416609,0.6678574415710454,0.10188533704188527,0.07332772773427787,0.0868434916790244,1.0,0.0,1.0,0.0,184,14.15031315248384,12.51706858185077
6,62,0.16349359819626452,0.4556845414023516,0.5250330373430185,0.7208559303495514,0.0885805391333099,0.07387381486044706,0.08677950787695426,1.0,0.0,1.0,0.0,192,14.231787338589196,12.604133821089524
6,63,0.16053295348384117,0.44864192907829414,0.520593343118813,0.7305374712006147,0.10279101164077903,0.07437861473530775,0.08662471408703962,1.0,0.0,1.0,0.0,195,14.194600566814284,12.68595297986582
6,64,1.0744862877455972,1.3634410797578629,1.4348544708026705,1.6464008583781116,1.0040930135267605,0.0732430384719949,1.0,1.0,0.0,1.0,0.0,199,14.092526340778855,12.411595095377375
7,0,0.7437625141530163,0.7376744864012074,0.3163729973929441,0.006453586576903944,0.0,0.0,0.0,0.0,0.0,1.0,0.0,1,16.606243580967792,26.64263285843274
7,1,0.5397896926339172,0.5688222135901767,0.2113524233598415,0.00035438579658996156,0.7942764664312313,0.08584595390082342,6.031679009419e-05,9.2986869449e-05,0.0,1.0,0.0,3,14.120849001029068,11.722280200636645
7,2,0.4601744060775097,0.5076053790555233,0.18635577101199802,0.0008015086148027055,0.37160276065317194,0.09764671020291223,0.00026017678848601003,0.00040109934608303997,0.0,1.0,0.0,5,12.978882361657035,5.391890478626579
7,3,0.4447849087385296,0.4737409221689386,0.1522966546414305,0.00781622969007057,0.05158803584066369,0.10440472635380689,0.00031017440682290997,0.0005104408073172,0.0,1.0,0.0,8,13.41837661271514,6.001152121634087
7,4,0.44339884508831795,0.47225270478771897,0.15136740465774357,0.010971625212734067,0.014197155280033064,0.1033784752854876,0.00030128660340567,0.00047768508224269,0.0,1.0,0.0,9,13.366376004359116,5.912167582675495
7,5,0.4216235644604526,0.4484031065820034,0.1367319091446589,0.012047248134928508,0.2301185716225549,0.09700016767910095,0.0008342337555806399,0.00681506472102749,0.0,1.0,0.0,10,13.623022499214011,7.549106641675973
7,6,0.4024274513833632,0.4257740395442341,0.12499900169202904,0.032186887600441944,0.27817953270607104,0.09675093555840955,0.007038830160551859,0.01961757180895326,0.0,1.0,0.0,11,13.495132884799528,5.674668497987781
7,7,0.4013266381415217,0.44205631095418657,0.14813920098184813,0.038345325920763694,0.013042231978189284,0.09675093555840955,0.007038830160551859,0.01961757180895326,0.0,1.0,0.0,13,13.379554570231845,5.672219022432617
7,8,0.3911168777707331,0.43015395824138497,0.1408443602521294,0.04470077071540736,0.12296326870098404,0.09060042542999136,0.00732935780238204,0.023362869185722602,0.0,1.0,0.0,14,12.420750184950482,5.922897751518898
7,9,0.3710219039438148,0.4058942990750252,0.12576404209776607,0.04785775339999089,0.12108532553786013,0.0920875192834718,0.00735980264192136,0.02357216028452658,0.0,1.0,0.0,16,12.477018123841878,5.429461209669992
7,10,0.3706355160015263,0.38786126884214855,0.10153470204387689,0.041087217929583524,0.01180398447302091,0.09208751928347177,0.00735980264192136,0.023572160284526588,0.0,1.0,0.0,17,12.432192140362792,5.370234522050473
7,11,0.37063078598588445,0.42297585324726517,0.14940134620673254,0.06419587377741104,0.007412962912156196,0.0920875192834718,0.00735980264192136,0.023572160284526588,0.0,1.0,0.0,18,12.41059581500243,5.341041190703349
7,12,0.36942164385284587,0.4039188065505257,0.12456211053037108,0.05678822877591686,0.022189919598538922,0.10265854108228896,0.007431685104560449,0.02409744302390766,0.0,1.0,0.0,19,12.726126298080375,5.715513029769015
7,13,0.3679332555108557,0.41966554173719595,0.14734525239365912,0.07370268960004504,0.012852611488900559,0.09293722060868208,0.00736826964130097,0.02320688154797924,0.0,1.0,0.0,22,12.538340470849048,5.713897815230482
7,14,0.35995513154607417,0.4273381432103936,0.16514482231308408,0.08076372332008229,0.05409644862534475,0.0888838968943584,0.0074100384671064905,0.02348628874020916,0.0,1.0,0.0,24,12.708490647943211,5.3578520214851855
7,15,0.3587203231102314,0.425989148077964,0.16401318152549962,0.08910379347691136,0.012040737706428252,0.10992309201954042,0.0066360553386558396,0.02094292627802043,0.0,1.0,0.0,25,14.999983407604052,6.70372489700016
7,16,0.35724153791659496,0.42392851300779966,0.16305063746048837,0.09063545730904504,0.021144144698580742,0.09325389381146329,0.007481026126433,0.02353140059681867,0.0,1.0,0.0,27,12.644349336954452,5.326360515807971
7,17,0.37006695845414417,0.45034569030304517,0.20301617979378284,0.13072342076734128,0.21699726313651332,0.08534219652896383,0.03532072845854783,0.0569420670639307,0.0,1.0,0.0,28,12.091427708672445,4.240783626889345
7,18,0.37006696652268184,0.46790552754320663,0.22695105812198524,0.14970368295162417,0.03533148503520358,0.08534219370797817,0.035320728009646654,0.05694206666595218,0.0,1.0,0.0,30,12.091427762866466,4.240783857681003
7,19,0.3615692978162081,0.4743504313358003,0.2439713131008326,0.1570360780684318,0.06978457653141334,0.08534219314378122,0.03532072791981074,0.0569420669687396,0.0,1.0,0.0,33,12.3137914167496,4.457595932962217
7,20,0.36072911670682895,0.4901432951917067,0.26761410527479257,0.16756023187148064,0.07430249947896425,0.08562863400511658,0.03745692270825473,0.060385918606735534,0.0,1.0,0.0,34,12.251400410584102,4.273734863176826
7,21,0.34688490697985047,0.4570935479739216,0.23106977623421407,0.162043913631042,0.0940490759685626,0.08127781218398736,0.029589003610646668,0.03835573573779113,0.0,1.0,0.0,35,11.872389825718065,7.286050725043808
7,22,0.3277618545070581,0.4010615192831065,0.1646587275645843,0.12654249576434926,0.022953754789803098,0.1049731759193292,0.014951140557585748,0.026581820500144772,0.0,1.0,0.0,43,15.239657885086672,6.923257670570037
7,23,0.31580602790993945,0.40016760594697703,0.1793480407398266,0.14238271804961142,0.1355401513995703,0.11361360436706999,0.0208638581334157,0.02375684305394929,0.0,1.0,0.0,45,17.464624148017528,8.240397241776117
7,24,0.3056958057671358,0.4213037313430247,0.21841543741680275,0.15279085933549028,0.04221738403615591,0.10919797525163577,0.02059137024620372,0.02267371023218487,0.0,1.0,0.0,51,17.456342167353966,10.603117896274394
7,25,0.30616913684069,0.41675389995547846,0.22005700498162303,0.20176191928178863,0.08345810319148167,0.1110006035858699,0.03242536178282663,0.04820492084832629,0.0,1.0,0.0,54,15.57140156410244,10.024588600870164
7,26,0.3041547211274061,0.41432086874906016,0.21813034727052105,0.20680913906098963,0.04390438345239312,0.11112434492516945,0.03133232826135536,0.04907826286215266,0.0,1.0,0.0,55,15.609636787851718,9.938000971659925
7,27,0.3010247833065448,0.4280320539452371,0.23908493978455306,0.232039821820335,0.03698347363710711,0.10492386872962936,0.02978158021680107,0.05772156492979223,0.0,1.0,0.0,58,15.754022480312075,3695914.613893116
7,28,0.3120540994410276,0.40298133018520693,0.2026381424967959,0.22385882025399895,0.07946845826754337,0.11558694841479736,0.0434332371029274,0.0850266871596244,0.0,1.0,0.0,59,16.08281373079007,9.831832932272098
7,29,0.3001132172412076,0.4401922264772513,0.26291132330171846,0.24025276390649414,0.13402123701217067,0.11477920173537955,0.03838369850798069,0.1034449365536726,0.0,1.0,0.0,60,15.980218846551946,9.182483603150349
7,30,0.29990441199263823,0.45744178275876124,0.28665328105682125,0.25565662583134324,0.039842803494092124,0.1147792017353795,0.0383836985079807,0.10344493655367264,0.0,1.0,0.0,62,15.863947193051471,9.243375662206349
7,31,0.3003663808391634,0.4215998060317902,0.23943149145791678,0.24255505246758755,0.0755269564753221,0.11539566410330049,0.04128750967071019,0.08194719000862376,0.0,1.0,0.0,63,16.394069835357197,9.600456051749983
7,32,0.28952329390522746,0.42147798092803324,0.2532634298752393,0.2592537163925347,0.13788801326601868,0.11236379342158782,0.0436605292869176,0.08364365277814763,0.0,1.0,0.0,65,16.982379938258752,9.100405103512449
7,33,0.6458786796686878,0.7774458244892655,0.6096581264204355,0.5992745492705502,0.406119902699812,0.07427862704927442,0.40075803296407403,0.030026276598476433,0.0,1.0,0.0,67,15.057897161898168,6.06265719988756
7,34,0.29030097894062157,0.3861351298791567,0.20624701359558473,0.26605913997273245,0.06234879662971929,0.11030445076399598,0.04628615493317426,0.14719237273093688,0.0,1.0,0.0,68,17.18565374855815,8.5387399889745
7,35,0.2882919324028713,0.40055618111699753,0.22824913519921292,0.2669140850803689,0.07635207797029409,0.11232764937030984,0.046339140612144156,0.1458686024799083,0.0,1.0,0.0,69,17.1092864361486,8.621810734454064
7,36,0.2872595237267833,0.3989301625718801,0.22725287704606423,0.27279336956186695,0.06205233168350263,0.1132614735800623,0.046379477916393894,0.14557916962130552,0.0,1.0,0.0,70,17.187244117390218,8.580997519728559
7,37,0.28480006485012754,0.44648792260173786,0.29672842705523433,0.2948653797009985,0.08340044749659073,0.10741043435822499,0.04864794206533117,0.06912745992467466,0.0,1.0,0.0,72,16.55799457980034,9.077938718029555
7,38,0.4244634543479012,0.5677856135349093,0.41250421814827976,0.44956443489852355,0.19691989731305706,0.1007696530110331,0.18976291529777894,0.0681975796495263,0.0,1.0,0.0,75,16.131821503009924,9.249621990412804
7,39,0.2710791790281129,0.4307752240455463,0.2830715240570739,0.3020646384006659,0.0532176535370095,0.11416953586203753,0.038375350087319834,0.09741720622308599,0.0,1.0,0.0,77,15.868610219733103,8.590844142185974
7,40,0.32055329008096467,0.4367740741601891,0.2846643239812992,0.3705368386933116,0.3091891138537799,0.10481402112766672,0.10157342551663835,0.11348723985668155,0.0,1.0,0.0,78,15.425263204082333,9.133559025768069
7,41,0.2776462602500812,0.4267551983333818,0.28955417439930253,0.3405745461348248,0.11586556622411773,0.09298891481923253,0.062147481918798354,0.02300025330392399,0.0,1.0,0.0,79,16.445131596039005,8.975433208863798
7,42,0.26819461269323486,0.40739060326580345,0.27947140198378173,0.350601246344188,0.1828310346983105,0.10168272512594756,0.06734468804818766,0.09696284831669119,0.0,1.0,0.0,81,16.223915251804833,8.76244368806961
7,43,0.2912881827766073,0.4048840855185082,0.277924289786061,0.3920769952416236,0.2867948096248214,0.10391267070929382,0.10180640477288927,0.11394673653755896,0.0,1.0,0.0,82,17.694178684259903,8.061339246589556
7,44,0.32095243936180695,0.4048000272322279,0.28178974422290415,0.42019578616652137,0.401166862767597,0.10677412569517757,0.14660356068903035,0.11406747904207712,0.0,1.0,0.0,83,16.46422510486709,8.873883631894246
7,45,0.3112289000202484,0.40474397532410683,0.29461457664557944,0.4355059249183846,0.22713536961956704,0.10129890346313383,0.1462031982379865,0.11587239278755083,0.0,1.0,0.0,85,16.062440395909565,7.931823259391209
7,46,0.3060506077671723,0.394915713183713,0.28853331596417986,0.4440749055803287,0.19288980517311444,0.1014391859795448,0.14629027589592578,0.11660048690473675,0.0,1.0,0.0,87,16.95000282337165,7.630490731080178
7,47,0.2563861714475092,0.41560466189721296,0.3346859370792738,0.4065580607026811,0.09696342743097013,0.10350825841915931,0.09664368125791502,0.11029957026319828,0.0,1.0,0.0,88,16.592617659027628,8.075735622287484
7,48,0.24400082877148235,0.3662440212333513,0.27399881118696856,0.38679542680224366,0.12033286364591259,0.10241121418559718,0.08616976805229712,0.08880741807620167,0.0,1.0,0.0,89,15.71176682624512,8.48837314065649
7,49,0.24931719928787752,0.38438065265414956,0.3022506805986406,0.41141037254429735,0.18971636843820505,0.10350825841915927,0.096643681257915,0.11029957026319828,0.0,1.0,0.0,90,15.699312657813412,8.297162335941477
7,50,0.24415940188814447,0.3792127431637468,0.29709055671739193,0.4052335343637113,0.09169785334959402,0.10298043023544964,0.09149693949738846,0.13523448080209305,0.0,1.0,0.0,91,15.716521830321316,8.3411492884357
7,51,0.24924496669004337,0.40180142639630406,0.32609898524780784,0.42825158944373665,0.09719946877400015,0.1035082584191593,0.09664368125791502,0.11029957026319828,0.0,1.0,0.0,93,15.780416847935584,8.267063847722826
7,52,0.27743046936525695,0.3351385612073011,0.23301996745569137,0.4504259064248533,0.15486356546208987,0.09454025349630872,0.13222550645201042,0.08800528086525325,0.0,1.0,0.0,99,18.49288436929625,9.039496601138666
7,53,0.269697158699069,0.3322001354433524,0.24606131445175583,0.47410780029571853,0.1968965038330438,0.1142121013168792,0.13714352382350087,0.08539334926702555,0.0,1.0,0.0,103,17.38183870080902,13.467467099512977
7,54,0.2505837967020337,0.3424233391398509,0.2732777802791856,0.4865241313267066,0.17627913716875837,0.11539433921362623,0.12347586297632199,0.08369881178855063,0.0,1.0,0.0,105,17.563744294603186,12.86042116687911
7,55,0.2357131344890222,0.28010775959871614,0.2255984836489965,0.4881755655974408,0.39574472083779744,0.11514050868422758,0.13432051296840394,0.09458572494381659,0.0,1.0,0.0,107,18.60048511718002,12.102047607424122
7,56,0.22780966245264336,0.2711536342095915,0.2173800896598913,0.4902330384516573,0.1368082224057259,0.1110904301120835,0.1273132828359929,0.09039559812227585,0.0,1.0,0.0,109,18.05724191395459,9.206516042204084
7,57,0.21632351503068814,0.25177316130717103,0.20329411731842412,0.48442529322923006,0.18748078273196256,0.11623003327756198,0.12194316765213065,0.08709026618075928,0.0,1.0,0.0,111,17.7162643515624,11.920960306879795
7,58,0.2264528342722949,0.2745628062445207,0.23572457818434855,0.5121923948690021,0.2173240713187836,0.10404824174718941,0.13581530350075371,0.05724347574013394,0.0,1.0,0.0,112,18.32155683208825,7.028559241348692
7,59,0.1934356884729414,0.19183653638706227,0.16742566247728607,0.4959441600138939,0.6475606275558834,0.09895876900569812,0.12569622274025316,0.08211631646966572,0.0,1.0,0.0,113,20.77311450991899,7.544623375457784
7,60,0.1928610527010276,0.189815190105145,0.16621587573081853,0.4904229660001782,0.14246432754463695,0.10302266471683044,0.1258224632299516,0.08208616765763387,0.0,1.0,0.0,114,20.529100074071685,7.638391866133909
7,61,0.1883521634960719,0.19610036025440117,0.18308902512565706,0.5075763029934137,0.23072523289187236,0.09895876900569815,0.12569622274025316,0.08211631646966573,0.0,1.0,0.0,115,20.58573513031026,7.75478422902951
7,62,0.18610498563129618,0.19022296588941162,0.179432702018995,0.5134357818358863,0.18020181613425756,0.09895876900569814,0.12569622274025313,0.08211631646966575,0.0,1.0,0.0,116,20.47908870062941,7.893997922515208
7,63,0.18316149814287122,0.18255952497292666,0.1746677999010613,0.5130183129913437,0.1979530805980862,0.09904236501782844,0.12570300252548647,0.08208717533527257,0.0,1.0,0.0,117,20.39430995961049,7.8625577278293886
7,64,0.16511188673364074,0.17745731034474588,0.19565752814731666,0.5413456483086747,0.16223382303462136,0.09054865081853083,0.12078647443913097,0.08513746333467101,0.0,1.0,0.0,125,18.480625822875066,7.278660836989743
7,65,0.15776477399958377,0.13926134173381965,0.15890732061155113,0.544448181057549,0.31546115869134295,0.09032330704928829,0.1208462205793794,0.08515922954061705,0.0,1.0,0.0,126,18.656745781408294,7.517454255972672
7,66,0.15767459401297412,0.15656582410342024,0.1826834682194124,0.5787689911934049,0.12132724742451471,0.09032330327969844,0.12084621774817059,0.08515923023319331,0.0,1.0,0.0,131,18.604799907642533,7.606814224364382
8,0,0.9614727321950739,0.8819821355077684,0.40614709080888617,0.014458765621361216,0.0,0.0,0.0,0.0,0.0,1.0,0.0,1,7.929008993338263,24.45948790809596
8,1,0.7252738634887824,0.7239583145047427,0.3078738325900813,0.008987452812299786,0.743527101376425,0.07157953165868101,8.920717202655e-05,0.00011475456258784,0.0,1.0,0.0,3,6.0659241381799625,20.393550697207136
8,2,0.6268338728262809,0.6459128684412658,0.25934531551851636,0.010913337732756453,0.36741095320194095,0.090324341112374,0.0001518805138383,0.00019176490864117,0.0,1.0,0.0,5,5.606133481469816,8.831284416139324
8,3,0.6263097236776394,0.663034496779669,0.2830103233631518,0.016653784000186016,0.0022556028546377328,0.09061728044091825,0.00015926527436988,0.00020108893509384,0.0,1.0,0.0,7,5.63392828979604,8.462613451154546
8,4,0.6149691774777746,0.6543159958074415,0.2798200523528738,0.025543990979529897,0.14363976380928437,0.05895689208898967,0.00606927332227475,0.012706422539026829,0.0,1.0,0.0,8,7.366194520542112,19.697216360671234
8,5,0.6148145684675673,0.6541779876488054,0.2797192492518529,0.027394902885635536,0.0069586145909614604,0.05892405198378227,0.00603013721837683,0.01284379048676339,0.0,1.0,0.0,9,7.387516265760794,19.723799777801613
8,6,0.5363022860688919,0.5834498934693135,0.23575766786480676,0.0270234241100125,0.6722025727014422,0.07209791000346097,0.0061319466640865,0.01278343288508017,0.0,1.0,0.0,10,6.649221458272118,8.772839491934684
8,7,0.5360761864314487,0.6007956423460841,0.25955938088550096,0.03480906834883553,0.0068039206719953714,0.07209791000346095,0.0061319466640865,0.01278343288508016,0.0,1.0,0.0,13,6.639650345089632,8.85143638380986
8,8,0.5360095250530708,0.6182925127374138,0.2834550418557539,0.05353229276389125,0.006726153118309136,0.07209791000346095,0.0061319466640865,0.01278343288508017,0.0,1.0,0.0,14,6.62792856828965,8.974066791137005
8,9,0.5360816654866759,0.6359694937611443,0.3077784096005597,0.05748420931982366,0.008329654603089327,0.07470729282045104,0.0069674530848051796,0.012610906343871431,0.0,1.0,0.0,19,6.990851766780521,8.416308999172799
8,10,0.5665050443260948,0.6672905657582625,0.3492670863681527,0.12019696314294834,0.1917130574387632,0.05368829399685945,0.06519404948429715,0.006596151576143521,0.0,1.0,0.0,21,5.993106580219241,16.42548633215982
8,11,1.4895048529793138,1.5727942153685224,1.2528332134404558,1.0637964889972134,1.1103831617815099,0.06884755916524958,1.0,0.00991507430455253,0.0,1.0,0.0,22,5.866358409662515,10.25173106025244
8,12,0.48317330647599294,0.6015025083109269,0.29752015834186035,0.08573307782483433,0.02221072510080983,0.04144081855981724,0.00213207410987669,0.00035090613399229003,0.0,1.0,0.0,26,5.8007217539085385,659.9544035315222
8,13,0.4722810838690018,0.5727712466089521,0.2669281832903527,0.08584552792326344,0.11524946678149249,0.042155405340808236,0.0029067522336732503,0.00036816955793583003,0.0,1.0,0.0,27,13.613024519008482,782.6502479110321
8,14,0.4742433769501048,0.5922923721200799,0.2929024730149003,0.09284184100892327,0.007069571310470882,0.03962629067179258,0.0050743584355443004,0.00039146802741137,0.0,1.0,0.0,28,23.42671125177085,3686.016780947942
8,15,0.47185403777412827,0.5898895093760406,0.2905884827986007,0.10100525705477567,0.005060078627964588,0.042155405340808236,0.0029067522336732503,0.00036816955793583003,0.0,1.0,0.0,29,13.591408028396984,782.2504347743427
8,16,0.5360685773209042,0.6715494132731974,0.3798762377777074,0.16096546448221355,0.08073358982563392,0.062313384812783625,0.07032211365389487,0.01049599255019565,0.0,1.0,0.0,32,5.9508520719613225,12.172623348373383
8,17,0.5331883316891095,0.6862280352963122,0.4009418498278201,0.16338977467801802,0.06776466911529516,0.05189823024130315,0.06747278355573506,0.00834029067639138,0.0,1.0,0.0,33,5.724227365912787,16.834201742399088
8,18,0.4723991797301348,0.6419540880268735,0.3708113600738975,0.14716224893086705,0.2194677436717989,0.03499730351803695,0.02619607965838542,0.00032931151540480997,0.0,1.0,0.0,34,5.911149954186616,429.70998953517335
8,19,1.4460954922719762,1.6156583324759066,1.3445532310720825,1.1326730017901336,1.001079172847613,0.047364186867020056,1.0,0.0003043143969383,0.0,1.0,0.0,35,8.89485129851483,9.31851041003133
8,20,0.46089231081556714,0.6122055307346584,0.33832743906239904,0.1727544066308289,0.11315634654590934,0.03846118809037604,0.023638677148897842,0.00037989285328996,0.0,1.0,0.0,36,5.913767840633946,19.00343121657389
8,21,1.4165532595719548,1.5833210078197348,1.3244361347847198,1.142112202319306,1.2144344415289723,0.0452219237431717,1.0,0.00619010316961628,0.0,1.0,0.0,37,4.986577647905519,7.835701063110167
8,22,1.408258973021955,1.5739723737009987,1.3186203197398296,1.1501982647898532,1.0439560542495647,0.0462103883829883,1.0,0.00620074271803487,0.0,1.0,0.0,39,4.989507210787686,7.837055083290772
8,23,1.407726535482601,1.5733678876427624,1.3182443094579912,1.1559010028156604,1.0028425395052558,0.04632331141540874,1.0,0.00620558707159099,0.0,1.0,0.0,41,4.990309598948365,8.002904346271823
8,24,1.380136052952212,1.5588757631100596,1.3222395006338754,1.162858112778398,1.1507105449037756,0.049359621178474575,1.0,0.006190129188114,0.0,1.0,0.0,43,9.113167303720708,8.632218362362542
8,25,1.380025189220968,1.5938636090818679,1.3700272722158222,1.1894975235337908,1.0003095901866361,0.04894540388358556,1.0,0.00618994108644033,0.0,1.0,0.0,47,9.497553091875451,8.50153442254288
8,26,1.3757142400789288,1.5887236019652229,1.36682960081407,1.2133026762591905,1.0161244819467257,0.0494029604825397,1.0,0.00617880721067662,0.0,1.0,0.0,50,4.852284777619284,8.366051574054081
8,27,1.3708597103636604,1.582881576465343,1.3631953445513738,1.2039432321391683,1.0548597784934937,0.04331799578018928,1.0,0.02125552691295683,0.0,1.0,0.0,51,8.473924474201363,8.736002592110413
8,28,1.3723937693761694,1.5671713696539427,1.3404111096727607,1.1980237592430705,1.0306935929815995,0.04285666846551872,1.0,0.0071624660589665,0.0,1.0,0.0,52,5.140907309696692,9.109971083095552
8,29,1.3666745165807819,1.5778090917275442,1.360039676622418,1.2036617483366447,1.0183974570113714,0.043596189293255774,1.0,0.0212604428465924,0.0,1.0,0.0,53,9.766994974493862,8.929948168836619
8,30,1.3648249965950983,1.5931227385362008,1.3825771888916378,1.2375901202652133,1.0071480582451633,0.04386524644337986,1.0,0.00368477404170831,0.0,1.0,0.0,59,5.71499155040159,6.289430420386058
8,31,0.46244458513705516,0.6867503444543183,0.48405003074276765,0.40646545602012757,0.1251510131713886,0.048774992550820365,0.1143877900077015,0.13135690451886312,0.0,1.0,0.0,75,15.489807913748724,16739.767209354046
8,32,0.4575108948189961,0.7161259775218058,0.5276441955308243,0.43115036255533756,0.13075662666704485,0.06561476980054629,0.11252949983205648,0.1296791282409373,0.0,1.0,0.0,77,13.964390780110003,16466.883775981893
8,33,0.38995702154217987,0.6264143334687189,0.43943928773562263,0.3977397987875183,0.12674659592721813,0.2578257850976748,0.061234338098824635,1.0,0.0,1.0,0.0,80,10.440320520346038,292.72318506643285
8,34,0.3865547178594562,0.6518703812352131,0.48760023229094224,0.4363216266161631,0.12794690703138314,0.2684886367485842,0.07791381634513501,1.0,0.0,1.0,0.0,85,8.527860999741689,273.62376306684274
8,35,0.37190352593604015,0.6490322977561171,0.49884541950681105,0.44580597402593275,0.1724087658208165,0.2684886367485842,0.07791381634513501,1.0,0.0,1.0,0.0,87,8.672338268332544,277.68775830508224
8,36,0.3799698624899437,0.6529998068243272,0.50818097259857,0.46725868843848173,0.16287891337409455,0.5111339913521468,0.09608621189000591,1.0,0.0,1.0,0.0,89,10.89098179864935,543.6863070240095
8,37,0.38851534577371694,0.660548885740413,0.5169955936511378,0.4812504777370671,0.13847557628455884,0.29309177441688944,0.10698434720764147,1.0,0.0,1.0,0.0,90,8.123447941298355,263.3068490880488
8,38,0.3885327071030662,0.6603170137682481,0.5170782648940508,0.48508519618590373,0.11540971983094822,0.3604945564957459,0.1075847153493433,1.0,0.0,1.0,0.0,91,8.70504775411138,262.72096519589326
8,39,0.3759264041324058,0.6474470867953732,0.5045527117591376,0.47636003970283475,0.10433172705953014,0.5176677876379224,0.09562607254493573,1.0,0.0,1.0,0.0,92,11.216053787643592,549.9358567818246
8,40,0.33171350062087396,0.5614557805528227,0.41388171470318613,0.45806864137314907,0.09955859516783774,0.862136895311172,0.06611000166610577,1.0,0.0,1.0,0.0,98,12.063927761138295,3257.520619520956
8,41,0.3159585340029967,0.5729447995513587,0.4470559202396076,0.46939992626795,0.28846579041171155,0.3244378010531014,0.06612396750416559,1.0,0.0,1.0,0.0,99,14.206193391356114,250.62085506301256
8,42,0.33704383630968926,0.5497392935663493,0.4208330303099246,0.49618382787943505,0.34597905356508,0.7894843552846872,0.10379256550790636,1.0,0.0,1.0,0.0,100,20.345630964612884,3264.3536533698466
8,43,0.3428330897980596,0.5764978040409273,0.4744593292888789,0.5455714872555595,0.48737867425076764,0.325861105883668,0.1327903002682481,1.0,0.0,1.0,0.0,101,8.429810194343426,266.3708543525891
8,44,0.3311344977950783,0.5972064423850028,0.5102689508080974,0.5162714884853158,0.15224999530505462,0.09824625044677712,0.12460016430426671,0.08830641537956252,0.0,1.0,0.0,103,19.285185313064503,104.47962607912146
8,45,0.3223229507379082,0.5805511032241074,0.5007732667054313,0.5638920295383026,0.21594566219072278,0.3366392568685749,0.1268910151663509,1.0,0.0,1.0,0.0,105,18.950672066634365,276.21435358936145
8,46,0.3345078516048761,0.6093595067836014,0.5367942607483457,0.5850505405034877,0.15077763331446653,0.3326517617689507,0.14035576197103464,1.0,0.0,1.0,0.0,107,17.750516395886102,271.0108860877151
8,47,0.3420639247639768,0.5952783968589883,0.5199431191899473,0.6129148684893847,0.24307762493685645,0.3339235316359959,0.15337416931500208,1.0,0.0,1.0,0.0,108,10.732385388189105,277.6048112461012
8,48,0.3333205806186008,0.5829069926746129,0.510726171447325,0.5984883385482243,0.22785101245892794,0.33098678836493073,0.14935008524243465,1.0,0.0,1.0,0.0,109,19.591135041210872,269.79606891394644
8,49,0.33975308231470913,0.5883802019666762,0.5170298576326597,0.6226064535295046,0.16117150225736276,0.33629943689899583,0.1570209871983526,1.0,0.0,1.0,0.0,114,10.050213232629904,278.2851202990965
8,50,0.3210563301694862,0.5636756376543459,0.4974256737696517,0.6040235623336552,0.27272756817360017,0.34312479342222246,0.1458131282226482,1.0,0.0,1.0,0.0,115,9.79514717565661,270.46505963569297
8,51,0.3652107250793933,0.6243222763526348,0.5653989275145128,0.6859436224689961,0.1997094801487703,0.34574110420140286,0.1914180852492969,1.0,0.0,1.0,0.0,118,11.734771618323496,284.6831493467438
8,52,0.3598797925960384,0.61691048016034,0.5596786989352613,0.68606718866809,0.2297521776344422,0.3361943613478356,0.1884825940609468,1.0,0.0,1.0,0.0,119,12.445008172818264,283.3370262045617
8,53,0.3513823224663446,0.6187585645210496,0.5737882949250794,0.7102126507615301,0.2370613011193098,0.34152075757241984,0.1883478784079376,1.0,0.0,1.0,0.0,122,11.429892451670003,289.0733373314074
8,54,0.3716603431612283,0.6389004438714491,0.5940370820327345,0.737310185844452,0.2096375436873686,0.33250357215548026,0.20877270867921363,1.0,0.0,1.0,0.0,125,14.974481983247143,285.9368597126802
8,55,0.3119226705499793,0.6228825118814754,0.6042712926531675,0.7096315992957885,0.33625583434405193,0.3474561134376376,0.15893490710389163,1.0,0.0,1.0,0.0,126,21.50360676011212,285.14084812168124
8,56,0.3102451571261442,0.5739827864172827,0.5712703295185081,0.7549859851942456,0.23692209144682327,0.357931109677046,0.18653616125008363,1.0,0.0,1.0,0.0,137,13.297981061410884,301.78671435480777
8,57,0.30723676050470455,0.5884401935307599,0.5921706512250431,0.767505603555114,0.18530691394750792,0.3578928319512803,0.1836135224054719,1.0,0.0,1.0,0.0,138,13.103151542430766,301.16923221726654
8,58,0.3193518542454245,0.5805765567650948,0.5796720859571516,0.7151801128057985,0.24132096592286312,0.35140780534536403,0.19791437444180968,1.0,0.0,1.0,0.0,139,13.730092919009367,304.8883651391249
8,59,0.29740108664680814,0.5584294460802239,0.5763725689210994,0.7524083797548451,0.5002680204096291,0.35931548190513307,0.191212739971913,1.0,0.0,1.0,0.0,140,13.190403860787768,302.9303882799918
8,60,0.28990990741058903,0.5324169275673377,0.5628765785960932,0.7645499510679358,0.3541106237659141,0.35612009202696776,0.1983215559584608,1.0,0.0,1.0,0.0,142,12.749499709267456,301.06555071056346
8,61,0.2871277506379025,0.5274349435053429,0.5593512435266619,0.7563387273622194,0.2044418500236794,0.3562331859917005,0.19719424230151503,1.0,0.0,1.0,0.0,147,12.67666722151337,300.96429155944656
8,62,0.2869523917722276,0.5267179967801187,0.5589919231981983,0.7565156671465251,0.20187418635797283,0.3561362083792609,0.1974236806639198,1.0,0.0,1.0,0.0,149,12.661502446775618,300.9026909734369
8,63,0.2755803805194997,0.5654714035529784,0.6185528223774258,0.8279568891040647,0.19391037782687418,0.3585794531078346,0.187949496292286,1.0,0.0,1.0,0.0,156,13.200392914925184,307.58012581151
8,64,0.28910365888586304,0.5769817644127517,0.6313832968575549,0.8462846688505139,0.21390277308085656,0.36419860545396576,0.20295333641947372,1.0,0.0,1.0,0.0,159,13.76396347595915,303.17688129719147
8,65,0.28166814029202863,0.5639323535537795,0.6219907164685523,0.8634791955058713,0.22233415007533622,0.3603778864846878,0.1995805255193449,1.0,0.0,1.0,0.0,163,13.793425004758904,307.40553112729003
8,66,0.27511624190394507,0.5555418060812963,0.6147899376180221,0.8721319325461852,0.2239664232375044,0.3618528548936429,0.19433834293350985,1.0,0.0,1.0,0.0,164,13.588236713545916,308.64464987861777
8,67,0.2783481484981246,0.5583519480777621,0.6178725753217753,0.8439668039015997,0.20459210707911635,0.3650207486899224,0.19786952747550504,1.0,0.0,1.0,0.0,165,13.528801269257904,299.55746259636726
8,68,0.24891517447200845,0.5099075118279401,0.563988762681617,0.8753825177473833,0.1727862332994224,0.3594610155914978,0.16946128536431182,1.0,0.0,1.0,0.0,172,12.76728674421102,293.67879677008943
8,69,0.24582007669046424,0.506481136403868,0.5607759008394352,0.8724889461371055,0.16918582857464068,0.3589162609627069,0.16659947205225406,1.0,0.0,1.0,0.0,174,12.694675536222949,289.9547619983743
9,0,0.9982727641178265,0.9036935277120417,0.41965380180587625,0.015663182222745042,0.0,0.0,0.0,0.0,0.0,1.0,0.0,1,6.276936950669986,27.370255423415863
9,1,0.7736903969181911,0.7593843106305274,0.3299127537085821,0.010953451365197969,0.6790471001522143,0.08250068006367275,9.006953919413e-05,0.00018024292698398,0.0,1.0,0.0,3,4.2619491730941865,22.65747124084533
9,2,0.6872654561379825,0.6948517085394615,0.289788438438514,0.013623405002281451,0.30384103002512347,0.095557369347382,0.00014690994907135,0.00030741984656106004,0.0,1.0,0.0,5,3.387486270700744,9.727156019251256
9,3,0.6841875645259878,0.7100058909709257,0.312236956758128,0.019273449551133158,0.011614666873568654,0.09644488640206268,0.00017420389749499,0.00036848837669854,0.0,1.0,0.0,7,3.494190884781524,8.1704006318771
9,4,0.684187571268773,0.7275659966059361,0.3361721086397361,0.024365213492254647,0.00017456214386737525,0.09644488640206268,0.00017420389749499,0.00036848837669854,0.0,1.0,0.0,9,3.494192733970034,8.170403164922881
9,5,0.637828629600807,0.6741304333726713,0.29327957436349344,0.03280069896383307,0.43007097327687543,0.08106188717606697,0.00906769114953432,0.01170666279943645,0.0,1.0,0.0,10,4.243997824227288,10.470468807303211
9,6,0.6432770255496219,0.6798410424261923,0.2995011314165572,0.04214865021890764,0.022486189226373427,0.0816766930727351,0.01613035545565275,0.01192662979194467,0.0,1.0,0.0,12,4.432849976646548,12.22082493971817
9,7,0.6336721625644328,0.6713443808597872,0.2932318798693166,0.042936283883743195,0.068961636877228,0.07865459305872802,0.01352796884894911,0.01086577881985017,0.0,1.0,0.0,13,4.285248758352401,9.16115421544006
9,8,0.6216714773426926,0.6609792931967078,0.28639659802453277,0.046679192564321056,0.10033739624971821,0.08493626819083668,0.01250347692617228,0.015442106736978389,0.0,1.0,0.0,14,3.4965425517842283,9.959287121857397
9,9,0.5951754565720349,0.6195982675152945,0.24525011029539343,0.03814323599342647,0.17065130221929845,0.09159631810951084,0.00617246067645628,0.013353022654156449,0.0,1.0,0.0,15,2.6978692717228983,8.427147759024512
9,10,0.6135277760796357,0.6560858135452795,0.2894991882281306,0.0781071594746646,0.06391254243294348,0.06243149239130606,0.02876888493465411,0.00913846179995063,0.0,1.0,0.0,16,8.06750953471637,13.574275667619764
9,11,0.5607957748678765,0.5885986371966779,0.22533904487928233,0.04282230670671308,0.24530271942790813,0.08950027826019354,0.0045155911014004,0.0078015559657922395,0.0,1.0,0.0,17,3.518983160874209,11.70939361772738
9,12,0.5382971109531544,0.5852354203176321,0.2361713095393994,0.05674556426199866,0.10159398013777997,0.09011855967925674,0.00428734181161268,0.008070374925634161,0.0,1.0,0.0,19,3.5963501862106875,12.184859106339042
9,13,0.5511080124315894,0.5986475402348362,0.25398509087270205,0.07920949103009982,0.08411432873367225,0.07044484172037449,0.029346804133728248,0.011335940103664451,0.0,1.0,0.0,21,6.552229615804999,12.867722559872476
9,14,0.5438835563382443,0.6092498433674246,0.27363088740446406,0.08571306325547082,0.06265600957459937,0.07383605654557397,0.029450717085571,0.01158888273972395,0.0,1.0,0.0,23,6.310788441606965,11.955158868249155
9,15,0.5432905857277504,0.62623338700114,0.297175999319517,0.09449870037402067,0.031693321143381394,0.07339530120968549,0.029368247412018777,0.01116369648705025,0.0,1.0,0.0,25,6.292335880398654,11.586673413132845
9,16,0.5338797529146052,0.5819425871892436,0.24384531974878493,0.09059321340592766,0.12232945829815128,0.07390576268736183,0.030015198397529492,0.01294524658035042,0.0,1.0,0.0,26,6.667271367209215,13.960143494605854
9,17,0.5061955897415661,0.571862504797182,0.24121150262023933,0.07018724681339637,0.031865211018636486,0.08783765754060271,0.00520961055223202,0.012988508673468579,0.0,1.0,0.0,27,3.466631918109223,11.193222626959054
9,18,0.513988692560424,0.5796551525156378,0.2563382301056733,0.10131125631188853,0.21501246397484824,0.06532004113323307,0.03240985121577767,0.018075749381197152,0.0,1.0,0.0,28,7.235608166656857,14.189076678470144
9,19,0.5081656221454641,0.591292166148454,0.27649126053637973,0.11318902647410296,0.04548126302697793,0.060732662254482386,0.032152744225759464,0.017744110715103602,0.0,1.0,0.0,32,7.049395197083905,12.265067380792182
9,20,0.5048536885175066,0.5878603088664967,0.2747256106655622,0.11649044199465922,0.074510024557569,0.06274669346697838,0.03312993751484844,0.01734090482421613,0.0,1.0,0.0,33,6.867134030865861,12.628521336473586
9,21,0.4896358842549706,0.5545184976576296,0.2405304857070648,0.10448612770193742,0.1693296829538417,0.06591187360949212,0.0319595924204651,0.02031112171497209,0.0,1.0,0.0,34,7.417526395522875,13.416812783508275
9,22,0.46081526677717505,0.5753922030542779,0.29639394299666194,0.16350399381324368,0.09885434492065209,0.08702468955238393,0.042135287905256794,0.007305110017515571,0.0,1.0,0.0,41,9.943042804052688,13.27795361543936
9,23,0.44816912134992415,0.5784692943188112,0.3113191041692854,0.1766650586303628,0.10916112790122119,0.08702468955238392,0.04213528790525678,0.007305110017515571,0.0,1.0,0.0,43,7.765238023598876,10.71870606468557
9,24,0.4572546313579694,0.5869813808378508,0.3215397526984324,0.19020076676918612,0.09758074551101806,0.11160471009528501,0.05516869434747042,0.0110930888651411,0.0,1.0,0.0,44,8.83858302908418,10.980263502488476
9,25,0.5295143693174535,0.6782268911080507,0.41773369385348524,0.2648790620411606,0.44244220909719867,0.08183582691473527,0.12507927647005607,0.0560066607949405,0.0,1.0,0.0,48,9.62499461037714,13.318728127864397
9,26,0.4846478041279172,0.6370009543129909,0.41188076988752087,0.2902187684856268,0.4223279616908949,0.07544787477504722,0.1430286663546959,0.060816490060840424,0.0,1.0,0.0,50,14.599480449011317,11.493555331655196
9,27,0.4824558971181984,0.668183333896613,0.45885485790386615,0.31484850757224137,0.17690649139135586,0.07649118719377829,0.14713993094020378,0.044266596808852796,0.0,1.0,0.0,54,14.920330557111887,12.24676740282044
9,28,0.49878943051814273,0.7027085943560838,0.49866839804426893,0.3532768937684996,0.16992759685065728,0.07995907370496036,0.16122975779882448,0.05523779710436523,0.0,1.0,0.0,57,16.713349230135915,11.859334146267155
9,29,0.4651041119027055,0.6456956972591479,0.44486612062785424,0.32277617757763233,0.4673440147696469,0.08132751915131096,0.14714233743131905,0.04845916875472358,0.0,1.0,0.0,58,14.847634506351016,12.089106017518963
9,30,0.5139897242379655,0.6826307690892104,0.4661724991673375,0.394288157560138,0.18343854409766028,0.08198459972652304,0.17714993472696433,0.10636327303056323,0.0,1.0,0.0,65,7.619488347950373,11.834505179011916
9,31,0.4986744955269117,0.6838949265381307,0.4754553943063835,0.3832286441637669,0.17090912257245935,0.0823425951397682,0.16520408900340414,0.1005954967985774,0.0,1.0,0.0,67,7.181118108764407,11.631100128503144
9,32,0.4915487929490316,0.6532516333180164,0.44782433324211096,0.40107629103380027,0.2680101563766988,0.08369782092018321,0.17696163434692808,0.10609607661062373,0.0,1.0,0.0,68,6.844831518841015,14.265805598232316
9,33,0.4950804627383144,0.6755340183370508,0.474697215658059,0.4172127867971843,0.2296742432845876,0.0836978209201833,0.1769616343469281,0.10609607661062345,0.0,1.0,0.0,70,7.367259642782777,15.467995844987884
9,34,0.5280888736917688,0.7199503205833254,0.5344454455805173,0.44897825663081503,0.5088832554259912,0.050796029652657795,0.2275200615546185,0.13774282772520038,0.0,1.0,0.0,71,17.9215138399503,13.546376381658252
9,35,0.5281834914342481,0.7376409771652446,0.5584618696949898,0.4649355977802681,0.2281729971598384,0.05086607385302835,0.2275206587168442,0.13773880563571683,0.0,1.0,0.0,74,17.92997094068712,13.523628762343494
9,36,0.4628139838041579,0.631521171440083,0.4471292812184658,0.4422098216945954,0.20546841430617813,0.09554536423964935,0.17646562088618495,0.11097858549061212,0.0,1.0,0.0,77,7.684880367605051,13.153931994616832
9,37,0.4565165136404562,0.6396109691765399,0.4656139243004238,0.44871571682340233,0.187527881677237,0.08468313620756399,0.1776330350612329,0.10831052517455028,0.0,1.0,0.0,80,7.094250355236218,14.31761314815482
9,38,0.4610107774610652,0.6462567554298831,0.46956844034240075,0.46813587662993794,0.22835927591711702,0.08657999394770152,0.17715708596800409,0.10409344226453435,0.0,1.0,0.0,82,7.577783286563999,13.324245161697023
9,39,0.4701005433572917,0.6922983952500401,0.525990705693836,0.47759514907822387,0.20605056311552858,0.08514111718200244,0.1818091152315195,0.11385846985545608,0.0,1.0,0.0,84,8.769649658013169,11.995313245906488
9,40,0.4687292464807278,0.6928317101713495,0.5239930404254254,0.4791656788896579,0.226598943800526,0.09149831568564876,0.17564458529567617,0.06915273820844751,0.0,1.0,0.0,85,10.179825590417302,12.972667898492652
9,41,0.43984081974036154,0.665813195596964,0.5225997741709727,0.49310908503515866,0.2730569844237648,0.07054631262550742,0.1820067768981944,0.0958336918231376,0.0,1.0,0.0,87,10.661014494485936,12.863994224848469
9,42,0.4503667714840652,0.6808588518873773,0.5324194330634769,0.5017563264290147,0.198577891443688,0.09619600972464279,0.18322320693076238,0.11379959788099869,0.0,1.0,0.0,91,7.222444646546362,14.605251202287125
9,43,0.4450420289477728,0.692054352666051,0.551287845687441,0.493957745343486,0.27799803655356725,0.09211823088302752,0.1802934011792723,0.11920948987269656,0.0,1.0,0.0,92,7.910389237353385,11.21918007352079
9,44,0.4740308040068629,0.7472322890691938,0.629441935904869,0.5687048719426524,0.2515018740178247,0.05706656297316261,0.2274120593644915,0.1396495016776404,0.0,1.0,0.0,100,18.60965500338263,11.957110950869016
9,45,0.43128864145342083,0.6339913484588263,0.49093668115346645,0.4621508069346262,0.32887089128944136,0.09020929424341032,0.18503478356874817,0.12183560542160261,0.0,1.0,0.0,101,8.227350831887552,12.26767512683221
9,46,0.4077359045116423,0.6673180676144216,0.563452599128045,0.5346237720872888,0.6370125530710656,0.08925966970504547,0.18434656848899691,0.11447655318367352,0.0,1.0,0.0,102,8.135318799422889,11.251577897026138
10,0,0.8014453641146555,0.7788867167404055,0.34201122896480834,0.008739771195261778,0.0,0.0,0.0,0.0,0.0,1.0,0.0,1,14.19253195084043,26.261949683811554
10,1,0.6135614497561995,0.6346819020694581,0.2523326944744377,0.004029740535081058,0.6785202190793168,0.07718506455087315,8.354232737195e-05,0.00011997459404365,0.0,1.0,0.0,3,10.5989626524054,21.42141471209215
10,2,0.5500831687363146,0.5783962116456037,0.21733871860781356,0.007157229465067016,0.2650591779834068,0.08222913178679164,0.00014045402307718,0.00019355364819584,0.0,1.0,0.0,5,8.76667220656738,8.868644024837366
10,3,0.5296236480514663,0.5592466210355825,0.20542529031182266,0.013747366097521078,0.06016251777063018,0.08015462234795413,0.00013935262662389001,0.00014514592099336,0.0,1.0,0.0,8,10.86927246402758,9.64419124699149
10,4,0.5096767758960544,0.5400708070427729,0.19357471932727344,0.025787820960759215,0.09151597990559572,0.07465138099849725,0.00034782028144608,0.00038736119016071,0.0,1.0,0.0,10,9.521319853990889,3.7802740414900367
10,5,0.4819581319181423,0.5467930207359352,0.2331664811036426,0.04911203672628435,0.2755025121559047,0.0892732591703408,0.02519068253241611,0.022102161452827878,0.0,1.0,0.0,12,7.411465816604806,8.064149170015698
10,6,0.45407470274749706,0.5359338748427344,0.23229180155281917,0.035685438217471374,0.051233040753271085,0.08326717911076562,0.00632316815137358,0.0074386951019204395,0.0,1.0,0.0,14,9.225471633571136,9.76796445623812
10,7,0.4503121123701859,0.5494674500493018,0.25373590823097125,0.04411589096242571,0.025471643227060088,0.08969742227312082,0.00636030596726288,0.00908795123356993,0.0,1.0,0.0,16,9.581358931372137,10.749055150141777
10,8,0.4468861978677746,0.5281804239804702,0.22767981736090018,0.05087993767255262,0.02685770139668179,0.08351865678699792,0.00688247237365164,0.00677916021738911,0.0,1.0,0.0,18,9.880296496791113,7.16254132868095
10,9,0.4335459156793037,0.5487187974662356,0.2666044855610779,0.062185663039361856,0.05397233324839766,0.08816616437594893,0.007216381665570081,0.00606842279440679,0.0,1.0,0.0,21,9.155261795607275,8.395268871670682
10,10,0.43072271654104083,0.5456845203873051,0.26441451297134394,0.06557909814077945,0.02742249879987503,0.0803769996104231,0.00641623789939455,0.00845869845898515,0.0,1.0,0.0,22,11.171240643309122,10.217182234465271
10,11,0.4203404850030234,0.5331370940348548,0.2594263218155407,0.08976772617860768,0.06091653200738428,0.08564155549438573,0.01387178038804543,0.02202295032437254,0.0,1.0,0.0,26,12.03597525709482,12.990783299091662
10,12,0.42019013533696964,0.548363720523065,0.2872847690098505,0.11387373847194812,0.1059141443168625,0.08764941435003752,0.02809548519364135,0.04462518139235083,0.0,1.0,0.0,28,13.323444916479568,16.5450561736305
10,13,0.4025698712153441,0.5274853473195502,0.2743771446046891,0.12056309844337787,0.09442461976192423,0.08966778440543584,0.02830954905498178,0.045322373490551335,0.0,1.0,0.0,31,13.1157199231393,17.021867354053757
10,14,0.40204407303633777,0.5444136364096481,0.2979190806206735,0.13156675279426047,0.0312794026044269,0.08966778440543584,0.02830954905498178,0.045322373490551335,0.0,1.0,0.0,33,13.114786551643911,16.813033224584274
10,15,0.3968936380674376,0.5382253612523167,0.29402079105913703,0.13344176386177506,0.05667870710499662,0.08662253987571363,0.02818113945309152,0.04511723952225505,0.0,1.0,0.0,35,12.446144313085671,15.479571669218124
10,16,0.3734355554498968,0.519999245575729,0.3045135739827719,0.178664483371385,0.23692194944944867,0.0852076873696135,0.05152201455058891,0.05673599331250031,0.0,1.0,0.0,38,11.63650829665015,11.847434993821963
10,17,0.37753181817299375,0.5583448247279159,0.35693746226595613,0.21083934710838453,0.06374064855943877,0.08451954152736973,0.05826256532194105,0.07371529236428603,0.0,1.0,0.0,44,12.409723282617012,11.929825982769165
10,18,0.4044606431729826,0.6364040014437489,0.4564761422958482,0.2773300909567563,0.09963797012698478,0.08317326415522194,0.08987250814882755,0.10654058065066367,0.0,1.0,0.0,50,12.820104413218198,13.707965567477526
10,19,0.4014623791698151,0.5982419499021452,0.4056830239785226,0.29012574566901617,0.08828224284124893,0.07677636558732549,0.08714523641996233,0.12199471775258841,0.0,1.0,0.0,53,11.690674531329725,12.925485042623116
10,20,0.33697405776990746,0.5433222690082645,0.36837922468696277,0.2391519504071432,0.32412912967352153,0.06697863195221214,0.04441173723201845,0.02878656719018014,0.0,1.0,0.0,54,12.354768768990596,13.584215091611831
10,21,0.3179957691685094,0.5161732526859482,0.3516005072180794,0.24732385184886396,0.17358605534046245,0.07016081269581748,0.044704673099570755,0.028784187979113928,0.0,1.0,0.0,56,12.933892495847754,13.39500499338398
10,22,0.3530651644142398,0.5476750992480026,0.3873643027057718,0.3021334473516402,0.19337617395410717,0.07830679332393385,0.08748463255046829,0.13884628390979023,0.0,1.0,0.0,57,13.316083134534376,15.710331009073212
10,23,0.29899771356642846,0.5025361172832415,0.35838278909415905,0.26064257513832473,0.13202243251380766,0.06787417925844441,0.05067233885953518,0.03188672682966413,0.0,1.0,0.0,60,14.18094420550114,15.994248414809014
10,24,0.278376767115028,0.488122489966122,0.36222328397652537,0.26753156188399485,0.19783826246221567,0.0697867046236811,0.05013322066543924,0.0340070446730347,0.0,1.0,0.0,62,13.171048855850504,15.675065888394574
10,25,0.26510271908093297,0.484267410617988,0.3729363345382812,0.28867005686154973,0.11933539435318748,0.07197142743413354,0.05039914999446678,0.036213700811378965,0.0,1.0,0.0,65,13.55780456184934,15.046514652815649
10,26,0.2746465536365462,0.5161018839611358,0.4292425851610584,0.3305502251931568,0.11935008309850656,0.0606574802502442,0.07813244266059013,0.0387829015165439,0.0,1.0,0.0,72,12.670480557098374,17.43131435333018
10,27,0.2723382062502142,0.5311995314101383,0.45085337031898454,0.33793222719061417,0.07775371646353253,0.06059573217674428,0.07603546274738082,0.03774201551980813,0.0,1.0,0.0,74,12.744701550024988,16.77420407589038
10,28,0.24315428335903927,0.39608650878439294,0.2780067139635592,0.2251445730468893,0.05410156881112194,0.07068663262933751,0.04764852648168661,0.03589578595265646,0.0,1.0,0.0,76,12.632584230940664,23.22153961426848
10,29,0.24168480111171242,0.41109201769656367,0.3003526706767848,0.2311917206324554,0.07158674633695318,0.07068663271896748,0.04764852642517055,0.03589578587313218,0.0,1.0,0.0,77,12.677221662766248,22.81296311097728
10,30,0.22394680337415293,0.39712290936753236,0.3047322167154439,0.25394311716712714,0.14734707060394436,0.07282131609874397,0.04780445668035574,0.03588444475180968,0.0,1.0,0.0,80,12.954310850066918,20.23846649660226
10,31,0.2144691398835301,0.5775342169090643,0.5579726508539607,0.4808468869746301,0.045107939152964925,0.07860401155148058,0.04221304617819325,0.03012843322509657,0.0,1.0,0.0,103,15.436257338149025,12.431476681193663
10,32,0.24223925597739776,0.5831847779401208,0.5610049457638947,0.5368992583111579,0.10651135193338634,0.08080933237995619,0.07536450750763436,0.07553600114132487,0.0,1.0,0.0,106,11.93204989300769,16.39183327796425
10,33,0.24290585618793803,0.5983417613537736,0.585032728137907,0.5255376635919007,0.11061775860794994,0.07650728036801657,0.0795654490616994,0.07001764810150726,0.0,1.0,0.0,108,11.628201900135572,17.94861443242866
10,34,0.2173121143721193,0.5554558977732993,0.5557386009122178,0.5661703395540528,0.1572034904265715,0.07923086694498627,0.07264677389224128,0.054491245936984775,0.0,1.0,0.0,112,13.09075120275386,20.18358715812921
10,35,0.24412407605288164,0.6641926548402229,0.7008155732985785,0.6472711357594264,0.11347711383234194,0.07928001548990359,0.10539968702803348,0.07655418465289887,0.0,1.0,0.0,125,11.805546981363396,21.666548798847067
10,36,0.21757304340577382,0.612265807714045,0.6483222015213076,0.6714340828441588,0.12466772006031104,0.07427754507081077,0.08640312894050836,0.1065133719384698,0.0,1.0,0.0,129,13.455231837485067,20.66920720356332
10,37,0.20339433720312422,0.6169885681045015,0.6775256254124559,0.672743628388876,0.18373248505657697,0.07969239038449735,0.0870482878973464,0.06296312632584602,0.0,1.0,0.0,132,11.883186033263474,16.366660082293695
10,38,0.18696190296360593,0.5803980633596723,0.6364329310784406,0.704793221836718,0.08636828550545624,0.0755573637565594,0.07297354909208621,0.11900685431651754,0.0,1.0,0.0,136,12.564448986895396,17.2983979059954
10,39,0.1879069381733789,0.576063175283466,0.6357367836217866,0.6906390456454721,0.17303622473106806,0.0740488624121696,0.07826756659601505,0.12898582302296366,0.0,1.0,0.0,137,12.126525437949356,19.324518497206466
10,40,0.19316522143136577,0.576514939945499,0.6394999094624758,0.7121002693149168,0.15250519849787317,0.0792297964888937,0.08748196758894633,0.10561885678962865,0.0,1.0,0.0,138,12.185894152542492,21.612300954179915
10,41,0.208337172642921,0.605717075536576,0.6774913407623466,0.7450511674952774,0.1370782872864033,0.07722217577123089,0.1055129007243524,0.10796329579704018,0.0,1.0,0.0,140,12.654638386295517,21.04737579338959
10,42,0.18771065751872773,0.5560930553374902,0.6292702117817844,0.7233337325664239,0.28405227818480205,0.07497986097449236,0.09403071824862617,0.09620335183871451,0.0,1.0,0.0,141,12.508654020326116,20.23461022000159
10,43,0.18396712885337707,0.5685410097539428,0.648952994386208,0.775278319913677,0.09517445702461426,0.07591001830527117,0.09119423196473239,0.101643720338817,0.0,1.0,0.0,147,12.650271659123511,19.19640477468872
10,44,0.19810092603332258,0.7513042105649049,0.8819645353261409,0.9474806114508697,0.09999838697739662,0.06825600233639524,0.09705978598418656,0.13535719430926546,0.0,1.0,0.0,193,11.36236684143679,18.791274875223383
10,45,0.18008512415845035,0.7135274311339482,0.8573593500560349,0.9472378297947599,0.11525278808760189,0.06744759820976262,0.09413795133492896,0.11171321809714341,0.0,1.0,0.0,196,11.567078724726343,18.46068378699152
10,46,0.18010497202527642,0.693832388196976,0.8326965971643093,0.9593258996736618,0.11810253784015579,0.07078762104982597,0.09572665886954108,0.10840894926012581,0.0,1.0,0.0,198,11.71688255017232,18.04237364858109
11,0,0.7914037424651627,0.7718842173406044,0.3376549390130331,0.008351281748561892,0.0,0.0,0.0,0.0,0.0,1.0,0.0,1,14.866863322784152,24.629910480083563
11,1,0.5998661400040624,0.622909568743516,0.2449992276222086,0.0033520196549295224,0.7007950159490728,0.07806719021973905,5.742346107939e-05,0.00010863640280899,0.0,1.0,0.0,3,11.791003310173934,10.770352465843596
11,2,0.5277011401311947,0.5574203424984093,0.20429015336520973,0.005995464566927499,0.30846734612175697,0.07508707630158873,0.00014180518318458,0.00019587703302424998,0.0,1.0,0.0,5,9.85946144774655,8.335092283846832
11,3,0.5156565580087491,0.5459010955521784,0.19715535495440728,0.00999753542164303,0.05492287355320033,0.0852367884843025,0.00022488572263411,0.00030197730128495,0.0,1.0,0.0,7,14.692554723626106,7.263164857198342
11,4,0.5015837960131992,0.5321321382713903,0.1886547548290539,0.01288292565071597,0.06582345778955077,0.09316054373778504,0.0003971561058723,0.00062788650971193,0.0,1.0,0.0,9,13.812514735222145,3.440619364340269
11,5,0.48719363786174597,0.5177884729048439,0.17969082479617893,0.015381855330148174,0.13414126429787962,0.08642028830414988,0.00028945894593104,0.00029475769340534,0.0,1.0,0.0,10,13.933022645263014,5.980227806130003
11,6,0.46867530435997723,0.5154919471979509,0.1986597954309923,0.03822594301776607,0.3904166212916066,0.08286657383363,0.01983615484962949,0.025828889136659428,0.0,1.0,0.0,11,11.150912487209071,7.320642919301317
11,7,0.4494964717148911,0.4947553596474049,0.18579073098035304,0.042925420695259967,0.11779687369080388,0.09988246039346285,0.01991923538907902,0.025934989404920127,0.0,1.0,0.0,13,15.079960158130293,6.281796848873202
11,8,0.4486162361508637,0.4939090062667521,0.1852388039203595,0.044966374729940695,0.02824335406082229,0.09829799074657168,0.01985206882462816,0.02584042834008906,0.0,1.0,0.0,14,13.925040891852271,6.548071784247105
11,9,0.41272920630523735,0.4533606404202603,0.16105266321874956,0.0469723926721257,0.434203757094506,0.10885383056482142,0.02260162457500849,0.0269775488832182,0.0,1.0,0.0,15,15.287573001627408,6.84911278997615
11,10,0.4056366562201611,0.4448172717431093,0.1557123948808127,0.048672048564726074,0.10021294516626023,0.10001061948929395,0.02253445801055762,0.026882987818387123,0.0,1.0,0.0,16,13.442651710000977,7.280156513423797
11,11,0.3941990710126576,0.44095753208263844,0.17799962157640603,0.08056123305620255,0.5419565719530972,0.10753527313568297,0.05343534615816033,0.06339060408783717,0.0,1.0,0.0,17,15.025334375181185,8.689757219201134
11,12,0.3980609736767573,0.4622171530702606,0.20591904054804955,0.09618077889315092,0.06025187488776402,0.1072898596828471,0.05788886140788081,0.0686437671845487,0.0,1.0,0.0,20,15.126140541737168,8.817768925366158
11,13,0.3910149245559955,0.47200596909513365,0.2233436571267291,0.09486518686339179,0.08483656113399533,0.10745208619031484,0.0534543026856948,0.06348155060955359,0.0,1.0,0.0,21,14.972083764005394,7.850020018380798
11,14,0.3739954355967076,0.4365802795993587,0.18299272151697082,0.08216238419385001,0.07553874101730312,0.0927060862917698,0.039424633013632845,0.0372423500927708,0.0,1.0,0.0,22,14.609330033809377,8.978174543688107
11,15,0.36879575753641897,0.4306334649236484,0.17829315611939245,0.08175194879390629,0.05227847132802137,0.11741244966278516,0.03677837652292098,0.02633474379779414,0.0,1.0,0.0,24,16.127327518277173,11.322065015095644
11,16,0.35859813518081823,0.43373080878799525,0.22468418466298007,0.15524556350402652,0.2755982374530973,0.09140459609055472,0.08558113632512147,0.14648043243843714,0.0,1.0,0.0,28,14.577246929004223,9.035945834197948
11,17,0.35140846375153056,0.4204241352165279,0.2185906524973759,0.1499710877552131,0.18111090109322772,0.09459199279332238,0.09136186029112317,0.1432315856028558,0.0,1.0,0.0,30,14.525301601476963,6.697160146600339
11,18,0.3430198711678708,0.4249016670158877,0.2347176636722136,0.17325777216524296,0.11848804106520591,0.07736858930396513,0.09223685882231464,0.15165304126800525,0.0,1.0,0.0,35,16.108941914205438,9.083989475094148
11,19,0.33002583728478346,0.401840428869408,0.22234676853056287,0.17955640205194556,0.23049146426132117,0.0801544254461808,0.09746481795264668,0.14795602392952567,0.0,1.0,0.0,37,15.656795026719342,6.955459269299706
11,20,0.3303453714176412,0.414467513883643,0.24672982434455093,0.19072367110656854,0.1744268408347136,0.08175974153986007,0.10677124883579825,0.15031112776436864,0.0,1.0,0.0,39,15.324188316494974,6.278472773379974
11,21,0.32306223024227854,0.42000702840845694,0.26318677406218827,0.20608272859698712,0.16261435942670427,0.08175974153986011,0.10677124883579825,0.15031112776436859,0.0,1.0,0.0,41,15.63540919645917,6.026555378210952
11,22,0.3104751814230931,0.38134945235493106,0.22617074968593232,0.2048092664491616,0.20662182765384807,0.0974129305228794,0.10688705910459677,0.1355542250243758,0.0,1.0,0.0,43,13.719377140783422,6.002511677907115
11,23,0.2392160071978521,0.31824628912199554,0.17791845137342246,0.22270305748767888,0.0678384272387839,0.07292183859480685,0.04865300963507952,0.04078456528697913,0.0,1.0,0.0,54,13.826418051051352,14.006099229573694
11,24,0.2388095251203972,0.28241226984703593,0.12960446203214493,0.16482204819125054,0.05534406269955495,0.07292183859480651,0.04865300963507962,0.04078456528697919,0.0,1.0,0.0,55,13.86256702077603,13.910714996898715
11,25,0.22941237470804215,0.31807779359750704,0.19099288237657203,0.23134846867997655,0.21327649419705025,0.07070461175581816,0.04909837827700046,0.02916833020361955,0.0,1.0,0.0,56,14.1235739879013,13.499947780008648
11,26,0.22859203316335486,0.281953238572206,0.1422752539953368,0.17221126177939378,0.052410124781029285,0.07108876001773633,0.04850908279486228,0.028566000280817322,0.0,1.0,0.0,57,14.017196782765035,13.861882387367809
11,27,0.21562366352966267,0.2987788616164475,0.1763485996482806,0.22088424538992513,0.15405721389463628,0.09094515735272464,0.042117189462247476,0.05686988331021697,0.0,1.0,0.0,58,15.587124268071369,7.805501251489236
11,28,0.20202979155232298,0.290543810688639,0.18444014901254174,0.22905396932963368,0.16640012226415848,0.08998080806863377,0.042655760649196975,0.04053744294868489,0.0,1.0,0.0,60,15.272726784178028,8.51044421584781
11,29,0.20130044243512246,0.3049557434780384,0.20715178508743698,0.23985198519124257,0.06855356323224078,0.08991090102869895,0.04460124027126089,0.04236662617504368,0.0,1.0,0.0,62,15.430165897718323,8.577598096748464
11,30,0.20054919104391736,0.3211084938717932,0.23019883575271222,0.2551880854361351,0.05103171308724344,0.09005348988144113,0.04456844774221846,0.042414404975145495,0.0,1.0,0.0,64,15.632229923788096,8.404868525708057
11,31,0.20056908001142726,0.27591942407005227,0.18013792744903973,0.2555100706766409,0.2520513613248587,0.09210715482585226,0.05534631984122222,0.04587130607640585,0.0,1.0,0.0,65,15.50623811362822,11.322821295151256
11,32,0.19734110933656795,0.28997746997264773,0.20076300342406078,0.25873008574869466,0.05662881343528477,0.08911588156997058,0.05235255357178305,0.045865774613770796,0.0,1.0,0.0,66,15.887031531158266,9.726503976504468
11,33,0.19582531960852168,0.283992635477262,0.19817112712502843,0.2643163059637747,0.13969727731369525,0.09210715482585226,0.05534631984122222,0.04587130607640585,0.0,1.0,0.0,67,15.90796303136364,10.44474041135028
11,34,0.18527048689171155,0.24493294485009315,0.16088624750439462,0.25689900777577,0.25813674512192825,0.09545819050774525,0.05541263240368195,0.04584639575181035,0.0,1.0,0.0,68,15.195872052508744,10.278298403949703
11,35,0.1841772163589369,0.2588659635929842,0.1830471460230088,0.2672865623502206,0.07977151269330138,0.08675884466053002,0.05668895635630013,0.04654331535245856,0.0,1.0,0.0,70,16.215432688797005,14.09618070150164
11,36,0.17609401199689256,0.262898502422225,0.19739625868533936,0.28870072600248187,0.07809660039506292,0.08406061120910338,0.053591989406482764,0.04678009905871841,0.0,1.0,0.0,74,14.87036184114569,11.263905707042577
11,37,0.1736925840006987,0.2544347971007228,0.19326035390904744,0.2941895268963825,0.1643106659748592,0.08953160229250487,0.05658056183989309,0.046818535773035304,0.0,1.0,0.0,75,15.13364691340306,11.635676768572305
11,38,0.1717739773169049,0.2678578427276485,0.21462673058220558,0.3068179747383837,0.0760910643151615,0.08746622569161164,0.05659371661728011,0.04665655925055322,0.0,1.0,0.0,77,14.822791038424509,13.89840788617227
11,39,0.177068576602794,0.33077138565170083,0.31181557476542815,0.40906936944245076,0.08705938169775684,0.07129414624548144,0.07248890845925951,0.0590200127070324,0.0,1.0,0.0,92,18.148240396816544,15.304268090093426
11,40,0.17496647703748003,0.3263533957448645,0.3089817139810401,0.415103276162062,0.09197445175297254,0.08087989835755666,0.07226346879764782,0.05926310998833926,0.0,1.0,0.0,94,19.11966659963237,15.567779346145947
11,41,0.16228484232348972,0.2826530933578141,0.2679706409637851,0.4063483031681746,0.29576494525087194,0.06848582251529489,0.07010872150885802,0.057431804830651,0.0,1.0,0.0,95,18.20855047417622,15.687469324090683
11,42,0.1617146794155541,0.294664019456522,0.2896494631457926,0.4133677402689124,0.11423631000127452,0.06982307679081907,0.07327368008690198,0.06334004392659702,0.0,1.0,0.0,97,17.989332199957353,15.144605426250486
11,43,0.15868411151348516,0.3037313855868373,0.3086687691483421,0.4601896972460562,0.08413021726040361,0.08067465520211775,0.07424613118823624,0.06707444617367843,0.0,1.0,0.0,106,19.428992795101664,15.579644920886066
11,44,0.1621963134033962,0.32291463362201034,0.3354562723201722,0.4759236146002204,0.09440913524033712,0.08423400507592671,0.07912240534063718,0.0762596730082849,0.0,1.0,0.0,108,18.97758050613932,15.015183229055294
11,45,0.15747581025157534,0.31755441693854713,0.3305114203184828,0.4748818371933766,0.08521230279338546,0.07823484017754408,0.07486157088099625,0.0655713800780544,0.0,1.0,0.0,109,19.47685444915775,16.06847885791115
11,46,0.15712268026335058,0.3299581816941055,0.352394373374454,0.4852222656622311,0.15517637087059705,0.07398348601539087,0.07791964892324395,0.06350562105923116,0.0,1.0,0.0,110,18.9335142819322,15.54679250009688
11,47,0.17266805213312875,0.33826210940991425,0.3653311289714608,0.5127643252698284,0.12747835110361447,0.05485139735949242,0.09848317553468666,0.10426367224923068,0.0,1.0,0.0,114,16.641751752643135,12.978386961253165
11,48,0.17038084929353053,0.3339939661410908,0.36232141103322396,0.5226004954366187,0.12826772755256527,0.0667826924700986,0.09754506450511961,0.10040143996775497,0.0,1.0,0.0,115,17.067362084728153,14.418013167083602
11,49,0.1637125055133531,0.3047810285938866,0.32991881491596864,0.5135590315711686,0.13467121020221842,0.06022665130651663,0.09432100827286553,0.10943995100101236,0.0,1.0,0.0,117,18.91796774727498,9.158356660885476
11,50,0.14220634546915983,0.2670345203433608,0.31923820095098027,0.5210830981565663,0.6071667933443551,0.06054599987756872,0.09376727319859236,0.10895242218378325,0.0,1.0,0.0,118,19.67833693466671,11.318240823153804
11,51,0.13644586619361665,0.2862145943051151,0.35722504470504346,0.5424919317384387,0.1315310511664819,0.060960242638827856,0.09385485864986892,0.10772084149401226,0.0,1.0,0.0,122,19.715209794787675,12.415565876382235
11,52,0.135377222079462,0.2806047348613554,0.3542922661646451,0.5810400527296867,0.10643983255979311,0.05704055300075517,0.09532922211998927,0.10547533601140088,0.0,1.0,0.0,128,19.74573983939687,13.385671972279937
11,53,0.1359222426958768,0.28055775334297806,0.35459381665547574,0.5852713232286216,0.10488409610800639,0.056835934211980924,0.09620451055393898,0.10780567605829414,0.0,1.0,0.0,129,19.108912746261232,12.925456228070509
11,54,0.13127941684094685,0.28612002120828783,0.37083169245372327,0.5954578024340768,0.1490950244481793,0.056800901035651795,0.095587141025141,0.10870635556159425,0.0,1.0,0.0,131,18.861397225035773,13.694369087622231
11,55,0.1405388607634933,0.24732821594604448,0.3267617237744257,0.6296025137524535,0.11877900443810291,0.06094481551812447,0.11168701057512113,0.10826089786459261,0.0,1.0,0.0,157,16.802387057139534,14.835139488025684
11,56,0.12774076095870848,0.2117269901520455,0.30407997095724204,0.6530531234296465,0.19113570941619323,0.06830947582657826,0.1102735441527996,0.11021561080696637,0.0,1.0,0.0,161,16.60744923577275,12.838378494921432
11,57,0.12674120188804455,0.225878579817186,0.32595326991072204,0.6854928266995305,0.12072615380679805,0.06655160197870716,0.11042924518056316,0.1130087018677575,0.0,1.0,0.0,164,16.997998670589407,15.005994249280333
11,58,0.12307525341426376,0.22168341195806968,0.3220535145838151,0.6786603855487707,0.116214661864629,0.06500667343765207,0.10701594359712677,0.11339147035995864,0.0,1.0,0.0,165,17.195167255362797,14.480249683095662
11,59,0.10807557180757286,0.17500741704740436,0.2927914219776582,0.6822607237237995,0.32066452108828086,0.06648335207430153,0.1064207568971827,0.1129461838806459,0.0,1.0,0.0,167,16.918154646139357,14.204787594201171
11,60,0.10368432491545687,0.35994407814795715,0.5499259972763524,0.9411930831493078,0.10545894419074991,0.05612233678169044,0.10368432491545687,0.12083846399888316,0.0,1.0,0.0,200,16.29439687874467,12.418170209719484
12,0,0.8950648144449053,0.8410201666838153,0.38066452880460505,0.012186422562901564,0.0,0.0,0.0,0.0,0.0,1.0,0.0,1,10.331793233532316,26.20437439256596
12,1,0.6688849244588196,0.6803146834337179,0.2807263599550181,0.006574779011005139,0.7561879055923005,0.07379190525151932,9.799018681306e-05,0.00011056373090759,0.0,1.0,0.0,3,8.311136074233396,21.208732542598884
12,2,0.5877149105487808,0.6123131281755867,0.2384447847125025,0.007487629322251187,0.3201733129143126,0.07954908163137349,0.00015711718337194,0.00018600863466404,0.0,1.0,0.0,5,7.227574678357818,9.066342246118412
12,3,0.5866702861232157,0.6289528394799048,0.2618071818272081,0.011814330312562443,0.004481005425688328,0.0795490816313735,0.00015711718337194,0.00018600863466405,0.0,1.0,0.0,7,7.279936527484748,8.697840067231423
12,4,0.5801862507182003,0.6056653472216955,0.23433661769911604,0.014512021447163893,0.054775598898407475,0.0766054060861344,0.00022968854624799999,0.00031018825282318,0.0,1.0,0.0,8,8.23738009080876,7.661752662304091
12,5,0.5777455914147192,0.60348951011998,0.23296828604484934,0.022733693440054395,0.020281529711315242,0.0760467687112812,0.00019072037823678,0.00023402386873361999,0.0,1.0,0.0,9,7.741692087288113,8.009207469452114
12,6,0.575017289130824,0.6010867684963423,0.23149986635384368,0.01832765241741182,0.023746348266946545,0.08874904791782326,0.00026031601494841004,0.00029780074974642,0.0,1.0,0.0,10,7.538157922176819,10.636203048760793
12,7,0.563707792676619,0.5908813491272978,0.22516353172060413,0.02694782045219193,0.09636230022719697,0.08126772243068606,0.00029337925728357,0.00021928884635491003,0.0,1.0,0.0,11,7.401283820698711,9.118807764485338
12,8,0.5591475796434883,0.6043025290702299,0.2465795957795344,0.03274307538504097,0.020587139514796186,0.07690355338269364,0.00044132078405431,0.0004926138118941899,0.0,1.0,0.0,13,7.30812620667133,9.329576391771472
12,9,0.5367607594253928,0.5835895962788404,0.23385337050967014,0.0261056828585941,0.19961038241319143,0.0942165969642906,0.00086289257132524,0.00341630614194666,0.0,1.0,0.0,14,6.7536170254321535,7.971998627612654
12,10,0.5355580078673317,0.5650080621531074,0.21002373071238428,0.04888692872810656,0.012169755521118202,0.09144122332030792,0.0028231665877197,0.00391672822911651,0.0,1.0,0.0,17,7.106506625823144,7.409052456753347
12,11,0.5080454758465125,0.556124786202344,0.21839679732353856,0.05168304820978427,0.275949142370138,0.0585786482911876,0.00517406039036026,0.00116330772554741,0.0,1.0,0.0,18,7.80660215477088,9.347430406998894
12,12,0.4887562981982371,0.5193524852119142,0.1810543730722256,0.051265649442074124,0.14578323137360807,0.06933156464499203,0.00132320622230594,0.0047497744681093005,0.0,1.0,0.0,19,6.999968991712885,8.326555001098273
12,13,0.48865205333271616,0.5368075560353871,0.20492425297725067,0.060548588997359216,0.001817106383030393,0.06933156464499203,0.00132320622230594,0.0047497744681093005,0.0,1.0,0.0,21,7.079699340656451,8.030452794285598
12,14,0.4989391875377237,0.5646368001302877,0.24011394736726596,0.09077246492259054,0.038750103708911514,0.08141915448758377,0.014200262592132052,0.01053824055957262,0.0,1.0,0.0,22,7.085191404183421,7.151135465565047
12,15,0.4787486512809776,0.5443011311945791,0.22476660158227052,0.07550163346855512,0.13222638158824937,0.09437322168777687,0.00706495077478259,0.00734272963378284,0.0,1.0,0.0,23,7.7272444720445534,7.093497620102091
12,16,0.4795611967717281,0.5447486279255116,0.22810297284563205,0.0905708417166507,0.0505736065526054,0.08130798134270296,0.01515694539644458,0.00981633638702916,0.0,1.0,0.0,25,6.9337255577840535,7.650724626931478
12,17,0.4681730834248666,0.5152364833539637,0.19675989608509115,0.09247510340033753,0.1283096640591121,0.08002400902946619,0.01522951675932063,0.009940516005188289,0.0,1.0,0.0,26,7.934090179576512,6.793038623096959
12,18,0.4664689437058268,0.5309379713977933,0.2198625834705394,0.09318119279923595,0.04162821414902953,0.06974827497000971,0.01608653134909121,0.02428790622960099,0.0,1.0,0.0,27,7.289598133393905,11.782494313183442
12,19,0.4595788899856904,0.5409087635577203,0.24029448892852107,0.10083485154328552,0.07022176123295318,0.07040291878502909,0.01931017659747035,0.02913782069866349,0.0,1.0,0.0,29,7.266119519611236,12.039557608895484
12,20,0.4555538614301829,0.5365380292572097,0.23757540586050868,0.10315858522490984,0.060271989118834024,0.0704029187850291,0.01931017659747035,0.029137820698663507,0.0,1.0,0.0,30,7.306006700770638,11.46611892258468
12,21,0.45536560984778723,0.5538936921340485,0.2613832364221044,0.10820437019091965,0.02123243218745631,0.0704029187850291,0.01931017659747035,0.029137820698663507,0.0,1.0,0.0,31,7.322382974227587,11.344416692576347
12,22,0.4584863302480954,0.5366889704977649,0.24852724077672705,0.13544679985779456,0.31490618231095524,0.0829550355790671,0.048042644143887356,0.07087956255521768,0.0,1.0,0.0,32,8.651739244957849,13.194502635075793
12,23,0.4355436118129102,0.5078585744531268,0.23546013147799288,0.16658474041731702,0.1917052131187838,0.08326717195526087,0.0609252694148852,0.09319806603798589,0.0,1.0,0.0,35,8.260323959401997,22.21054716933049
12,24,0.38308067625099884,0.4830486206983501,0.23827849826805725,0.1718575564671162,0.08606326021324498,0.0633309745239468,0.04036654606790034,0.04584839983973865,0.0,1.0,0.0,43,10.581104517760268,8.024446307793227
12,25,0.36726225480053376,0.4801079258925035,0.24963130653756727,0.17128652501587938,0.25089745937590935,0.073594636924436,0.04082019052878218,0.05261658361329776,0.0,1.0,0.0,44,10.386500822417668,6.701535251679871
12,26,0.36369834464912015,0.4580190490149127,0.22269845799684262,0.19252633926389034,0.049763922950973476,0.08236986492090857,0.040343029962883734,0.04155360929895292,0.0,1.0,0.0,48,9.153809365975471,5.876793553865556
12,27,0.3624948666343849,0.47399464078288867,0.24564740991092354,0.21912256261929636,0.0494156924069194,0.08446696201874315,0.040341808701398515,0.04165728365794729,0.0,1.0,0.0,50,9.087235651997188,5.978188252673609
12,28,0.3661840066080593,0.4595109764067167,0.22588212202294858,0.23544081765536992,0.0509060563290671,0.08711144214946873,0.04631099441268402,0.04244335783003275,0.0,1.0,0.0,55,9.8529702572863,5.052194807267122
12,29,0.34998957212358844,0.45735418834443936,0.23525750241294113,0.2410524304215912,0.15524904376782683,0.07779508987607724,0.04024165962063348,0.04249552017000135,0.0,1.0,0.0,56,8.303263281888215,4.493551037794905
12,30,0.34392920769646984,0.44857877753899167,0.23038776721855653,0.24367140005950444,0.15596762246158485,0.0877502268609491,0.04180145991372129,0.04288315116505591,0.0,1.0,0.0,57,10.428720441187362,5.933456303561709
12,31,0.34155117280622493,0.4452634503222881,0.22838190314453663,0.2506057552690434,0.06890081484063235,0.07898207289733572,0.04195120969396527,0.04225920511284368,0.0,1.0,0.0,58,10.442446428826663,9.151225867474606
12,32,0.3396092525950123,0.4601719948624475,0.25061071881187563,0.2531786331406987,0.07676105134963965,0.0877502268609491,0.04180145991372129,0.04288315116505591,0.0,1.0,0.0,59,10.317604351500178,5.731258485539663
12,33,0.3376441673517637,0.4573960428386649,0.24894039093212275,0.2659189078497487,0.06785331621240871,0.07898207289733573,0.04195120969396527,0.04225920511284369,0.0,1.0,0.0,60,10.232956574674509,7.989662077113045
12,34,0.31466011175013825,0.48427855785402046,0.29869086734079153,0.242450441576727,0.034085170829760425,0.07365894215561061,0.02605883360255352,0.04713946405839401,0.0,1.0,0.0,66,10.55073915427334,10.61692758466533
12,35,0.3132344023317016,0.4995342019492563,0.3214649619213964,0.25238835794217296,0.0419784767900075,0.06967243591868044,0.026780285651282997,0.04776311433704667,0.0,1.0,0.0,68,10.61621093140999,9.893310275463504
12,36,0.30498907844970047,0.4700500217278334,0.290270847651553,0.2519049505127395,0.142125560612008,0.07280132398835085,0.027200748825957088,0.05593641560770549,0.0,1.0,0.0,69,11.843004728279285,10.670290507227197
12,37,0.33927348461749907,0.5053955692937667,0.3242871325886761,0.2934614966408626,0.06278873470584918,0.08114888839853024,0.05902870198917355,0.07968136432528536,0.0,1.0,0.0,73,11.048960949907404,9.836549623238646
12,38,0.3211066896332854,0.48537337208346715,0.3065746709979539,0.29224596183357004,0.14844572362776007,0.0678648776891668,0.04511861979413665,0.08716118291181797,0.0,1.0,0.0,74,9.699070329086393,5.365650186144769
12,39,0.3050948660004603,0.48412670277385567,0.3150919468847356,0.2805488985461754,0.1029921527073975,0.057568773466568746,0.03527999572237545,0.09103677888777396,0.0,1.0,0.0,75,9.335380333381918,8.120663868101794
12,40,0.27760811640746463,0.4697387406456496,0.3375156900842553,0.3056531470823254,0.1987606872538041,0.07215454061979497,0.04944462173766831,0.10937920962988265,0.0,1.0,0.0,79,11.194349372022984,9.439356316949253
12,41,0.2729658430935799,0.46062580074965465,0.33284629524944565,0.31065788160317565,0.12111985435495648,0.07201657944948701,0.052090221814921664,0.09655670892270654,0.0,1.0,0.0,80,11.074554664642893,10.861544420369585
12,42,0.2712316585608683,0.4597030930827204,0.3311238780613306,0.3270757214140082,0.053012170647801005,0.07332162980971146,0.04905127705226428,0.11042843760238066,0.0,1.0,0.0,84,11.257776593500704,9.398135053776503
12,43,0.2788625804591321,0.4294760333626648,0.29082256806961343,0.3478199495024254,0.12725485449910728,0.06300664185040367,0.061024900272840445,0.0857432743579181,0.0,1.0,0.0,85,10.90364142058841,10.688336661005906
12,44,0.26067563762260404,0.4408830719120354,0.32025584187676753,0.34771487027735204,0.11723470884604117,0.07862685439709015,0.05127412294609215,0.10900632132433312,0.0,1.0,0.0,87,11.137319422454004,8.266212794135596
12,45,0.26975775620514286,0.43171759607096477,0.30536056795035876,0.3639132345034655,0.0750877816319234,0.06336872769995061,0.06137610431941255,0.08547694397443668,0.0,1.0,0.0,89,11.636782260453508,10.85095407506774
12,46,0.261228548290041,0.4177400600194849,0.29642551535904194,0.3612029179525483,0.23762229538588842,0.07884517246074091,0.060742008522416936,0.08151462540250827,0.0,1.0,0.0,90,10.135652178161296,8.04897993932106
12,47,0.23885362952635208,0.38326518637523244,0.27267445825608094,0.36415528574087663,0.1548994605089063,0.06588721655772699,0.05464475431775018,0.06904017276781058,0.0,1.0,0.0,92,10.521583265423056,8.942895462233222
12,48,0.24962857056990395,0.39790327683418975,0.28394952522481376,0.38114062757662137,0.10194228085805869,0.07596941253310482,0.06038355601243086,0.06922976245246784,0.0,1.0,0.0,94,9.716405033022063,8.177311954442832
12,49,0.23141346369861832,0.4004531251960486,0.3114837693563237,0.3821378728978024,0.08801529496143916,0.08091672209863827,0.060188298139080845,0.12299159609331087,0.0,1.0,0.0,95,10.178219190351577,9.520556471786517
12,50,0.23579387110230104,0.40871451557448774,0.3165059394741716,0.3979795382679256,0.07488037677254997,0.07731032138999548,0.0598778297014547,0.08820128350381515,0.0,1.0,0.0,98,9.95915500665242,8.204803565303463
12,51,0.22998522738890737,0.4003325618794971,0.3102773319195247,0.40125204185073227,0.06050488610847664,0.08356508765186035,0.05719428247832383,0.15294572272700546,0.0,1.0,0.0,100,10.356877799187917,8.406318316941142
12,52,0.21982859761448137,0.3862053572905143,0.29943337268057857,0.39369632139053523,0.22227043477843822,0.08060873321992648,0.05175522524675043,0.10772607631328437,0.0,1.0,0.0,101,10.588914051312326,8.383457163099054
12,53,0.20545558495491967,0.3518596973419236,0.2809318679128735,0.44848469234632,0.1041372490126887,0.08277513908790314,0.05933667542608782,0.11432824531497884,0.0,1.0,0.0,108,10.97030385683334,8.15210336482057
12,54,0.20625488478798654,0.3686950244643858,0.30530711033875196,0.471753692688953,0.10238678921649441,0.08358044829363719,0.061694615042977165,0.1067336223326266,0.0,1.0,0.0,110,10.536841110934152,8.021372202770577
12,55,0.20669148338277643,0.48705671243525844,0.4720869704970928,0.6053066483346393,0.07052772047687268,0.047560697351137896,0.06717469439499342,0.1447604956795656,0.0,1.0,0.0,150,12.467425675670247,10.00476492690364
12,56,0.2008671005079138,0.49074789347423203,0.4881502086774515,0.6378003797501859,0.15430906330505262,0.0816644870555391,0.06917567239524508,0.13268649214605477,0.0,1.0,0.0,151,11.514284580295934,11.427842686378684
12,57,0.19029214321415594,0.41967679126891455,0.4036644781087666,0.6252719549838243,0.10582989750494927,0.0642356557175518,0.06589516292923595,0.13152568368453624,0.0,1.0,0.0,152,12.134866555035376,7.837253207281585
12,58,0.19487999419357807,0.4608345377637857,0.45651990619593413,0.6545338394563425,0.07903129416700405,0.059659519017363924,0.06914820386455023,0.1295571429081088,0.0,1.0,0.0,157,12.393239108735395,7.552752140013157
12,59,0.19328363683703553,0.45426677906303703,0.453536212547619,0.6829670636776354,0.10572042090355399,0.06008555111171071,0.07206465993212474,0.12958421123811875,0.0,1.0,0.0,160,12.293292734891846,7.272535983690912
12,60,0.19386335987014264,0.6115769227734997,0.6691569692566175,0.8049921484733142,0.07391704229513824,0.07487853213527303,0.07381181705274625,0.1477783473175202,0.0,1.0,0.0,197,12.208289322507405,7.267850629283651
13,0,0.892182192941935,0.8391868805089687,0.3795240443936833,0.01208476657044949,0.0,0.0,0.0,0.0,0.0,1.0,0.0,1,10.568754690478396,27.066519061878072
13,1,0.6337116681122763,0.6516477381290784,0.2628904017363169,0.004978987393932779,0.8823217281488307,0.08010185776891422,9.215113453137999e-05,0.00015404685469989001,0.0,1.0,0.0,3,9.895183970953216,22.20655741666351
13,2,0.5377839632012194,0.5669482316879673,0.2102229055331247,0.0065371598587311355,0.39870984456246955,0.09917905081994141,0.00015627349610916,0.00024104833464554,0.0,1.0,0.0,5,9.549188306379596,9.728756625120669
13,3,0.5359776902440714,0.582811910509405,0.23310895526876407,0.012216284892694032,0.00822673655348145,0.09982230467449452,0.00017282512682086998,0.00026657885081149,0.0,1.0,0.0,7,9.628944307899229,9.253091020430029
13,4,0.5324324682194228,0.5619106926695401,0.2070959486459491,0.012578456200661324,0.015902168114281818,0.1017114600483298,0.00017460656671723,0.00035369570182217,0.0,1.0,0.0,9,9.25448136726034,9.072612513669498
13,5,0.502208498184451,0.5502228231889754,0.22229388394315017,0.04319322770734311,0.5355905814900598,0.09864224142233116,0.025203102367217116,0.02016142281691678,0.0,1.0,0.0,10,10.500339008255306,12.24223242909624
13,6,0.5021674755605985,0.5677411292561296,0.24620309089682776,0.0488483016994751,0.025401141124491593,0.09864224142233116,0.025203102367217116,0.02016142281691678,0.0,1.0,0.0,12,10.425715598070235,12.08726022155123
13,7,0.49799375331775625,0.5810230923342902,0.2675099768803616,0.05610262940159551,0.04582098970756815,0.1034569350476233,0.025291406975713436,0.02028123486744271,0.0,1.0,0.0,14,10.386274994059256,8.695953096304786
13,8,0.4718285626416431,0.5183426593190856,0.20326402624233034,0.05355923262950048,0.3056455454389054,0.11420001959474937,0.02732715489476184,0.01945742550096488,0.0,1.0,0.0,15,9.090001082370772,13.862882637383176
13,9,0.46732397001182396,0.5135172057155396,0.20016755347593204,0.05508111968950605,0.07010726624060865,0.11842832636305245,0.02707741424179374,0.01955399297130233,0.0,1.0,0.0,16,9.100972011407416,13.896910231241536
13,10,0.4436907478711656,0.5056485654803596,0.20741765506045132,0.05944600571138388,0.2449514024507975,0.09370372976512864,0.024786336856015282,0.02339427290814618,0.0,1.0,0.0,17,12.628504875915835,14.977201327357736
13,11,0.44090661239064854,0.5201088550276582,0.22958562329223084,0.06613123101641039,0.042098247019212914,0.09401336376195431,0.02521349327919284,0.023834908637760742,0.0,1.0,0.0,19,12.603843730619186,15.521174794670186
13,12,0.43930168550498455,0.5003383138009406,0.20453293297892775,0.0671902961266612,0.05004448848234344,0.09691883099919998,0.025894730356141572,0.02021263297110276,0.0,1.0,0.0,20,11.224483604718785,14.63965626494259
13,13,0.40765567725137575,0.46363726427095864,0.18240197198436522,0.06925461240352823,0.39212354787071585,0.08008065598729934,0.02774922709292172,0.02274095859537419,0.0,1.0,0.0,21,12.134752395864265,14.239137832837928
13,14,0.3974167293366428,0.46880257292200417,0.19845691224935086,0.07733756733725311,0.06410275039972961,0.10493513996598347,0.02730133608350883,0.02316809176942506,0.0,1.0,0.0,24,10.041855674756448,15.041357187088977
13,15,0.37489874467587553,0.4555687295332584,0.2076625781090261,0.09123678403206294,0.4402317337778346,0.09838468120725245,0.03901781551604096,0.03137352664514576,0.0,1.0,0.0,25,11.491296808013123,14.07048720944252
13,16,0.3484319189340992,0.42113242749755825,0.18572252866264188,0.10052372133048054,0.09973848738208804,0.10263805917451607,0.037649526736162744,0.04494103972858113,0.0,1.0,0.0,30,12.725257815969334,15.72616261427932
13,17,0.33747799592987404,0.405925057956574,0.1765200257221708,0.1053193310606825,0.1128528237190802,0.11049966330206136,0.03833242368350034,0.049937904060159646,0.0,1.0,0.0,32,12.777644422258476,14.595799050333376
13,18,0.33483988661367664,0.4022748462758372,0.17426425432800136,0.11018008768447457,0.07314913803983764,0.1097772127147066,0.03837209564991467,0.049893994739154277,0.0,1.0,0.0,33,12.762764971124136,14.806769606856356
13,19,0.3345523435100707,0.4368726386126528,0.22186674802281656,0.13374254657680212,0.03966822636160966,0.0945334553205146,0.0385238287213742,0.04483791708232746,0.0,1.0,0.0,38,11.868580938611148,14.561778935152034
13,20,0.3340884307904178,0.45139413436198417,0.24619995073769657,0.14974408134069855,0.13030101193943427,0.09044039889814146,0.044579840195917445,0.03356068806469174,0.0,1.0,0.0,39,12.783067275029476,14.055784805699991
13,21,0.3278825710439899,0.4602030100272086,0.2646762020699952,0.16588074495155683,0.0650266121462593,0.09031235969095608,0.044541408610738846,0.0335996595293553,0.0,1.0,0.0,43,13.040436189774388,13.710469362497893
13,22,0.327327550786444,0.47697828419012345,0.2881189165976095,0.18286600213493157,0.048153106268265536,0.09027018589709372,0.04453067298183697,0.03361342335660243,0.0,1.0,0.0,45,12.947080415464546,13.182036552701671
13,23,0.324652116974507,0.47026339716784327,0.28642691655729985,0.19127219526743502,0.1761043626671681,0.0799504029381819,0.05110751264611577,0.03574151914752708,0.0,1.0,0.0,46,11.890992387955482,16.169907213534284
13,24,0.32268711464247424,0.4850539275852405,0.3085680299957552,0.20280350871066766,0.06305856094292935,0.08035242742501583,0.05091932868960573,0.03591512547067851,0.0,1.0,0.0,48,11.886280142036972,16.176953620980388
13,25,0.29424050575260763,0.40878641584058506,0.23403456125500444,0.1807316215871373,0.40845766517117765,0.07596544927514232,0.048099552480156724,0.05417963014676082,0.0,1.0,0.0,49,12.479023028953517,14.240161169110216
13,26,0.2874761802376121,0.41596982117945774,0.25144883470036644,0.19728244205272022,0.07192846946615654,0.07576811897492916,0.047926769768132024,0.054157327481888416,0.0,1.0,0.0,53,12.749199221066366,13.8456339296073
13,27,0.29563592475042155,0.43960534000908774,0.2836354597339262,0.2117126694576325,0.11395434541156754,0.07371296366598709,0.059760609326918526,0.0456032858920965,0.0,1.0,0.0,54,13.44203466037421,17.143331826420937
13,28,0.2939777398143895,0.45470737652702115,0.30594030806879896,0.22603827616645977,0.06979202196805656,0.0752413812077338,0.05949353422500077,0.045687712257283866,0.0,1.0,0.0,56,13.460878528304216,17.288450698209704
13,29,0.2831154993084599,0.4204252717996138,0.2712183910922373,0.22694559828801958,0.10770327178578198,0.07603171682666289,0.058476918916943774,0.04745650248662542,0.0,1.0,0.0,59,13.454666520591744,15.360571188197424
13,30,0.28223450224697916,0.4190666464266674,0.2703342815477217,0.2267730975571562,0.0701904117532962,0.07563641620698716,0.05837388825538696,0.04754853654129465,0.0,1.0,0.0,60,13.722672869779553,15.263852228732798
13,31,0.2822539845194172,0.43656958609107754,0.2942877235649676,0.23597298424722607,0.0603642170018024,0.0757817616134134,0.05851687790779364,0.04753111880809646,0.0,1.0,0.0,61,13.473879873801929,15.37146066360986
13,32,0.27623099300344467,0.4279343508478533,0.2882215711730535,0.23636407020036837,0.08861961227011686,0.08010726195039608,0.056679967252146954,0.04870880736701733,0.0,1.0,0.0,63,13.91507358299653,15.091179312108729
13,33,0.28967525355129986,0.45743755086087795,0.3255570311452513,0.27350231132924974,0.07974232245891144,0.07714644206461185,0.0724796076568438,0.05872059686511607,0.0,1.0,0.0,68,11.84177580051799,17.554718353497183
13,34,0.26118045132176565,0.4034378451347252,0.2727025842001549,0.2547321687495796,0.24313033336752055,0.08297300528947063,0.055940085162848485,0.034483150268990646,0.0,1.0,0.0,69,13.446662334152142,14.669251295803903
13,35,0.255886729290561,0.39561963381803167,0.26720954680998393,0.26731627073281483,0.06584291696679537,0.08428089324372832,0.054274716645482245,0.04875242118544768,0.0,1.0,0.0,74,14.147611335619564,13.29659583686569
13,36,0.24410828769785498,0.3738054196720898,0.25436781110472023,0.276682847436738,0.13061221813127905,0.07719357209692893,0.056203728825979946,0.05172449477495451,0.0,1.0,0.0,77,15.290368494776056,14.805446403425396
13,37,0.24388211757070827,0.4013143816091569,0.30098170583446526,0.29886927054265083,0.14451814207017827,0.08441173076967431,0.06540957101478814,0.05325307600250605,0.0,1.0,0.0,79,13.480443599519822,12.562046602914087
13,38,0.24454972053762947,0.3995735429857882,0.30128004040125517,0.3052402236827334,0.09449457233420258,0.07784404831245441,0.06906435994226483,0.05347785113027216,0.0,1.0,0.0,81,13.855277198787556,16.10300438508066
13,39,0.2878138001400501,0.5278987089886708,0.4637717948261103,0.43440457946412936,0.11902318041362824,0.10358941050485371,0.11565422224449191,0.10644267455899185,0.0,1.0,0.0,98,15.6463811273896,13.705232863435276
13,40,0.28378894382069464,0.522935136322836,0.45957643572665086,0.43444903325190853,0.1220193530280711,0.09281416725664147,0.11272355548461496,0.11113940981244479,0.0,1.0,0.0,100,14.960454400143153,15.042331234929748
13,41,0.22427624435030713,0.4251611595972009,0.3516383499900642,0.37355202936722026,0.07841616324473247,0.0770441133244805,0.05691232569796487,0.06706763552016257,0.0,1.0,0.0,103,15.694926819049954,14.041790231635458
13,42,0.22413870679573208,0.4415927912103395,0.37525465410738146,0.37745887838907183,0.07807596450236248,0.07615600325878966,0.0579268833665967,0.06743105639989888,0.0,1.0,0.0,104,15.73214177979984,14.08627161865386
13,43,0.21878254782706089,0.43284386114927514,0.3692568688284986,0.38160831057554984,0.09069484987028062,0.08141552250720706,0.056458044707253595,0.06953564047974063,0.0,1.0,0.0,106,14.89539479949623,13.727865843727193
13,44,0.20756747862624242,0.6082680117165051,0.6200052793655613,0.4874574011842948,0.05809939256924802,0.09971221350842116,0.0524816653845772,0.044852957113341564,0.0,1.0,0.0,129,10.068944038931658,13.26950241236674
13,45,0.19114728697408528,0.5201652733951495,0.5273689711335507,0.4986423505366261,0.14663581268151057,0.08292570874550607,0.055670790938106375,0.04921835464987801,0.0,1.0,0.0,133,9.569077626781525,10.145489809560472
13,46,0.18322851639983484,0.5387301995061238,0.5650200219211832,0.5474625623359415,0.07015014205562811,0.09092122336693352,0.05588249140858259,0.049516162934734834,0.0,1.0,0.0,144,9.154367091366828,8.919777302322759
13,47,0.18019670902614257,0.5502200358688253,0.5850891792411211,0.5572060578689865,0.08305978341571632,0.0903412105519346,0.055645673365824065,0.04910967845832861,0.0,1.0,0.0,146,9.47942193891834,9.894827489338835
13,48,0.17762253901104724,0.5448178725345982,0.5817259211511048,0.5603361038814217,0.1064040724817283,0.0912469768641076,0.05563886963649463,0.04911103795357638,0.0,1.0,0.0,147,9.65292619157336,9.785744563366912
13,49,0.17287030995009622,0.5707230503359437,0.6235723325287889,0.5613461468236828,0.08137434445084833,0.08945122846978121,0.05486868860462677,0.04294892516958393,0.0,1.0,0.0,150,8.825209364750965,10.00400364400108
13,50,0.15675497333874816,0.555025292330961,0.6262079987510402,0.5599682157704098,0.35122933568284215,0.08830494612749237,0.05325577729169008,0.04289226571261965,0.0,1.0,0.0,151,9.540218187099295,10.316922915868206
13,51,0.15022574875443517,0.5229458889167568,0.5931815769264054,0.5607282709621132,0.12075990956459534,0.09210199495532881,0.05309972204430733,0.045160785181607835,0.0,1.0,0.0,153,9.712331562236908,10.851487982215508
14,0,0.919743843421163,0.8565232512775663,0.39030910514031836,0.013046472579511033,0.0,0.0,0.0,0.0,0.0,1.0,0.0,1,9.325001936973292,25.723573314798685
14,1,0.6822954198170087,0.6909420993703016,0.287336672639957,0.0071616103658753375,0.7790932347521718,0.0708520593883385,9.518653633368e-05,0.00010429222761893,0.0,1.0,0.0,3,7.764597511576329,20.936021144334457
14,2,0.6105494868047521,0.6321202439867273,0.2507650195701075,0.010148635273542761,0.2769971409326181,0.08039710140961012,0.00015230961419226,0.00016695586225656,0.0,1.0,0.0,5,6.279173390084424,8.80797048838351
14,3,0.6103499630510355,0.6495107804262015,0.27459779664082434,0.015904949601431403,0.0009979664330797453,0.08062334815521559,0.00016092447394233,0.00017639483281442999,0.0,1.0,0.0,7,6.303282982329803,8.743289768775915
14,4,0.6051487195405216,0.6450489541497243,0.271828578809841,0.01946467762309501,0.02123821447381682,0.09291140449441966,0.00017808266088783,0.00022113875308871,0.0,1.0,0.0,9,6.561288855386249,7.753741690301387
14,5,0.5746131702297138,0.6182752560851367,0.2552066906552591,0.026937833961408298,0.2530198596877628,0.1658061914332483,0.00026784148486886,0.0016056334804580598,0.0,1.0,0.0,10,6.5369007837201565,20.75978280272128
14,6,0.560734297764001,0.6236025706828702,0.27286718684628536,0.028101873226873124,0.1519483546781725,0.1049913121257934,0.00380206179992595,0.19267128249991,0.0,1.0,0.0,11,5.846745951069818,9.880295986015746
14,7,0.613952068451693,0.6771918408248778,0.3280193397762966,0.10130949517525908,0.10042005323242853,0.1739921555368476,0.061527077646223616,1.0,0.0,1.0,0.0,12,7.131279668044227,10.89445137656884
14,8,0.5612627134352561,0.624736537494927,0.2759968170167231,0.03930571197137997,0.02216681714033018,0.04106339273603321,0.01021697529716978,0.00017020510641368,0.0,1.0,0.0,13,6.233263745947911,9.839037736527796
14,9,1.154223548503567,1.2359865857915855,0.8976818846682606,0.6601475622881655,0.7148827460688413,0.361157237668444,0.6146510145736954,1.0,0.0,1.0,0.0,14,6.763234935788207,17.64757074655843
14,10,0.499010782002533,0.5998423979051555,0.28353558870115686,0.03444710148538961,0.39068725938244203,0.04028351837436882,0.00228863723018868,0.00016746650992525,0.0,1.0,0.0,15,6.345035089862842,8.409617538744367
14,11,0.5123064279799636,0.5955898125466927,0.273480241990443,0.05619275611810591,0.03137846368095761,0.06411768336813187,0.01711005211180549,0.02508504679089632,0.0,1.0,0.0,16,7.590962644098228,8.756189408999605
14,12,0.5101568477378391,0.6110044749776699,0.2960805682957051,0.0625230257424454,0.02718055867565048,0.06411768336813184,0.01711005211180549,0.02508504679089633,0.0,1.0,0.0,18,7.600003327851757,8.33597604850744
14,13,0.46357784976833166,0.5812784604152461,0.2852807311442468,0.054903137623487905,0.15920287275933334,0.07297431847005793,0.0030374398198485903,0.0016062954992057301,0.0,1.0,0.0,20,6.54486942596692,19.87914784730697
14,14,0.4622556826705097,0.59745393610499,0.3083556618054207,0.07132482960594551,0.009566827352339224,0.0742579880310799,0.00304050193823686,0.00163553563769188,0.0,1.0,0.0,22,6.588559855501603,19.49006121139806
14,15,0.43897446989209443,0.5523808918691511,0.276703865422804,0.08450955234790936,0.5205661639750182,0.03932326078053805,0.02791287175391271,0.02482786208784855,0.0,1.0,0.0,23,7.547049118602645,8.477987116421971
14,16,0.43897446989209443,0.5699409975041615,0.30063901730441206,0.09153274784084423,0.027913387247459325,0.03932326078053805,0.02791287175391271,0.02482786208784856,0.0,1.0,0.0,25,7.547049118602645,8.477987116421973
14,17,0.43719774136375844,0.5679282530222877,0.2993865863794005,0.09933201229450733,0.03735719996693676,0.03930636136848301,0.027912133394067867,0.024830263073441182,0.0,1.0,0.0,27,7.598162287919839,8.040226443220355
14,18,0.41234683968833963,0.5877245577963642,0.358547783869255,0.1225449343288953,0.5522887881212529,0.05197781346399176,0.04858837266071856,0.06257917675297295,0.0,1.0,0.0,28,7.8943653581992335,7.192007089202161
14,19,0.39550440175710233,0.566841321145581,0.34555641548061417,0.13162642929361099,0.11409439309523882,0.06246413030492113,0.04858803934361201,0.06262997035208384,0.0,1.0,0.0,31,8.789925579835685,15.206222456840072
14,20,0.38375426193176077,0.5694133848981028,0.360184437069325,0.14128582675679074,0.18983177323720948,0.0663357853692361,0.0486333728083814,0.06268363966438953,0.0,1.0,0.0,32,8.37482285188402,5.959536794439867
14,21,0.3836025161955403,0.5692242168678675,0.36005867212312465,0.15487675356975616,0.049139186249981724,0.06407074185352354,0.048612206887416645,0.0626403956902971,0.0,1.0,0.0,35,8.335846890613489,10.70392046771971
14,22,0.3780887275833966,0.5440336600553142,0.3319997993532018,0.13577672572364108,0.09389550171824697,0.0675865129897191,0.050261259774077804,0.060055681999910404,0.0,1.0,0.0,37,8.586003979557134,6.005159935023413
14,23,0.33270422794685445,0.5081427764608063,0.31465325664524835,0.12400400491626976,0.3318372765338146,0.04358030374854603,0.02901281838898795,0.025731677218852528,0.0,1.0,0.0,38,7.037360847002587,6.6988297321306485
14,24,0.3326751578368919,0.5081024194902335,0.3146285904518993,0.13758254658882849,0.029145110550753656,0.04359833112097179,0.02901426098627195,0.025729189237714188,0.0,1.0,0.0,41,7.039368628869175,6.693208639523007
14,25,0.3345381926985461,0.5359570079876111,0.36737573323942463,0.17297248196636986,0.1546026018732261,0.0579262012943871,0.05388098421973355,0.057445683229434975,0.0,1.0,0.0,44,8.281650386042006,6.443651130184377
14,26,0.2980094625456048,0.49854139683813486,0.35761176199512207,0.17927629382580745,0.5846668311198067,0.08159764081135183,0.05520767766263592,0.05729608469257572,0.0,1.0,0.0,45,9.435622994549732,6.699905577077266
14,27,0.28958382318412795,0.4847713175730167,0.3494380932881494,0.19476743950527114,0.08410593445944844,0.07792191505044443,0.05624697093241553,0.05555044679993697,0.0,1.0,0.0,50,9.76814222571841,7.2935202878732355
14,28,0.26746606184004906,0.4334777237149218,0.303297865999891,0.19290700138092154,0.14872228825714973,0.0839208511303106,0.05302020065013434,0.06064825549295869,0.0,1.0,0.0,53,9.99597138964279,7.160327128447642
14,29,0.25016240936118794,0.4030373325846765,0.2850033817307995,0.21419834160063644,0.35672479249668226,0.07839382366793338,0.05472046185037567,0.06422998472986173,0.0,1.0,0.0,54,9.65720544276008,5.885170469291075
14,30,0.25016240936118794,0.4030373325846765,0.2850033817307995,0.21419834160063644,0.054720619672034156,0.07839382366793338,0.05472046185037567,0.06422998472986173,0.0,1.0,0.0,58,9.65720544276008,5.885170469291075
14,31,0.2500029445125463,0.40274238060763184,0.2848297349855058,0.2203151905204534,0.05625373426015207,0.0790102676952667,0.054746509118795195,0.06437332882283527,0.0,1.0,0.0,60,9.610212340975025,5.785626510244587
14,32,0.24954532033948515,0.4195278510559881,0.3082739131230884,0.23524488859245105,0.061789290400248095,0.07878570680003681,0.05472292642382396,0.06423541802470212,0.0,1.0,0.0,61,9.619139265102415,5.481077245608125
14,33,0.2598578135220929,0.4718734184028308,0.3890463845763835,0.3332671962784164,0.090026345183575,0.07043697528703322,0.07900356725216343,0.06424574180754344,0.0,1.0,0.0,82,11.392404238986922,4.044511315675906
14,34,0.2679772865018533,0.5109859847905011,0.4444051624140356,0.38164433845335033,0.11602569169527757,0.07089206422833015,0.09224782800139351,0.10110674701277164,0.0,1.0,0.0,90,12.944310169189745,5.186380216132609
14,35,0.26399357259595074,0.5184783325137372,0.46332615095847224,0.3940377094662524,0.1590022339324526,0.0713631463656489,0.0955535202902567,0.09819565017327736,0.0,1.0,0.0,92,12.659559875537834,5.437798420785413
14,36,0.25971668270222703,0.49707395989368686,0.45558509089125987,0.4131161385357003,0.21974531359456934,0.06893166579757226,0.1103052379744219,0.08892310816564306,0.0,1.0,0.0,96,11.70065155728087,5.166646163392393
14,37,0.24725468786417798,0.4904540704768515,0.46427176379014884,0.4049392739085574,0.264933856887249,0.06991824691441474,0.10976048703205236,0.09037377862270955,0.0,1.0,0.0,97,12.358670906616506,4.634384114651358
14,38,0.24725468786417798,0.4904540704768515,0.46427176379014884,0.4049392739085574,0.10976095673611312,0.06991824691441474,0.10976048703205236,0.09037377862270955,0.0,1.0,0.0,99,12.358670906616506,4.634384114651358
14,39,0.2169946544217523,0.46786367724392,0.45539610159035765,0.45270835477727306,0.0929133747416077,0.07731824679437407,0.08903285402822529,0.07468553530778012,0.0,1.0,0.0,114,12.969837547061882,4.7450146188142535
14,40,0.21460563975647146,0.4803997963576834,0.4762058455221124,0.46294750611431146,0.11196339398665506,0.07731824679437407,0.08903285402822533,0.07468553530778013,0.0,1.0,0.0,116,12.983921379018469,4.629104226609944
14,41,0.21731289835095136,0.4984778247553585,0.502240090654183,0.47076197910167705,0.12432267591867842,0.07618095980153769,0.09373528865768008,0.0858673713668318,0.0,1.0,0.0,117,12.582623564873618,3.88405280032404
14,42,0.24227820585126714,0.5960522867057367,0.6424462051394455,0.6674170005301565,0.14263537028136092,0.062073568539875404,0.13197499608941787,0.13996309765539997,0.0,1.0,0.0,139,13.750971255739344,8.653524718997122
14,43,0.2314020510950072,0.5042542197387584,0.5324989490596589,0.6343380404509831,0.17631843723460613,0.05849310157912339,0.12986835185111487,0.10473213122400145,0.0,1.0,0.0,144,13.250262869512506,6.13362386430699
14,44,0.200071359716199,0.5544570495180714,0.6188145097521179,0.6043411867511393,0.11311554563169665,0.08797484511939858,0.10348526315459065,0.10785357866349501,0.0,1.0,0.0,152,11.045972110167783,6.365718007914697
14,45,0.22799737465144312,0.4927353283004816,0.5264566201132076,0.662125229299064,0.21256355603310334,0.06031770470914692,0.1328415849455408,0.09682314357809793,0.0,1.0,0.0,155,13.468878054860088,6.147310966731665
14,46,0.18507556512954826,0.558634876194696,0.6462960180709559,0.6486441014579577,0.10836840649196151,0.08426822189577188,0.10047088470037135,0.11567898457921308,0.0,1.0,0.0,163,15.348337353873552,7.851740115051737
14,47,0.21471377232302893,0.5496610561838227,0.6268424112354725,0.773731739008757,0.1364086330537235,0.061452634754209055,0.13262408821729632,0.11116739183150419,0.0,1.0,0.0,168,15.184203489181936,6.496797158735206
14,48,0.21111242689329018,0.5361494495342304,0.6197000032146269,0.7777148254319683,0.20098818370042837,0.06067778011931126,0.1359668175762097,0.0990552289825291,0.0,1.0,0.0,169,14.536590836657904,6.08790338919631
14,49,0.21077455491685332,0.540298122720095,0.6209784615970493,0.780095764555406,0.1577918459309034,0.05982159631622626,0.13252029492574002,0.11133121134723778,0.0,1.0,0.0,170,15.32084582317456,6.504026649134511
14,50,0.19723381996498365,0.48242982489846187,0.5735585513224315,0.7798934715481389,0.5001490227209272,0.06080229536049984,0.13673051812821768,0.1031141659447552,0.0,1.0,0.0,171,12.92309890289468,6.687848057204181
14,51,0.1640692822940022,0.5256061959686771,0.6556078378546261,0.7712152029510403,0.12546998288729438,0.0762387368986642,0.11062517725961896,0.1084184279789829,0.0,1.0,0.0,187,15.176505010717912,9.036631958432718
15,0,0.9032865581541236,0.8462228731522449,0.3839011995296048,0.012475036292622074,0.0,0.0,0.0,0.0,0.0,1.0,0.0,1,10.05054762303414,25.35879272068937
15,1,0.6906005103718378,0.6974436330407859,0.2913801347667327,0.007519582652582878,0.7000764622146235,0.08119971276634437,9.233232397674e-05,0.0001676843414621,0.0,1.0,0.0,3,7.493050727020117,20.4027471286912
15,2,0.612747722389908,0.6339986828988284,0.25193480723691386,0.010255750924737362,0.29876714690835077,0.09224274656830041,0.00015539483764167,0.00028357448843115997,0.0,1.0,0.0,5,6.222905089104261,8.625555021241682
15,3,0.6122908744502646,0.6511704646385711,0.27563250313194204,0.016002633472391538,0.0020454656797332374,0.09258742292355739,0.00016684629649136,0.00030461886443165,0.0,1.0,0.0,7,6.154177478053288,8.032167949788338
15,4,0.5572004665868998,0.6028944737021061,0.24739172954143368,0.02492290470483476,0.17111235142195072,0.08765634612287868,0.00490824826739042,0.01003531678581612,0.0,1.0,0.0,10,6.374459758552513,8.58053926675518
15,5,0.5493363515101027,0.5955803902743646,0.24265764738862253,0.026415796866106594,0.036504044311636945,0.08161858556436272,0.00442115964364106,0.00749001306283219,0.0,1.0,0.0,12,6.590995349604657,10.638095076319196
15,6,0.5455618252475877,0.5920868380791059,0.24062464472833903,0.032314145953368845,0.022960890799174388,0.09416558512019216,0.00479245979944733,0.01054867631496753,0.0,1.0,0.0,14,6.176102762246484,5.046307291185776
15,7,0.5270839353940668,0.5746137740514246,0.22986322504805382,0.03364196366285549,0.17210359398818045,0.09692784290824949,0.00508019292167855,0.010667590896967399,0.0,1.0,0.0,15,5.827287192631647,4.784992909922988
15,8,0.5239595173137312,0.571608167839929,0.2279485332563569,0.03538859668965662,0.03210980370730674,0.09030135800108584,0.00496143635177797,0.01032944442097024,0.0,1.0,0.0,16,5.941121325967723,7.82033993024568
15,9,0.5186701744009272,0.584072761321022,0.24889110581176438,0.039640150324430606,0.05775917533794972,0.09918167383684931,0.005430893587716,0.0109040653821725,0.0,1.0,0.0,17,5.898945572621705,4.694019051095099
15,10,0.5077521324403671,0.5384112969192381,0.19944315145351385,0.06623771023515587,0.1303931639143246,0.09032248546068962,0.01860875164709051,0.006674684078533689,0.0,1.0,0.0,19,9.288797365055231,11.782561740192277
15,11,0.47842101945806753,0.5255149298357942,0.20682510208953617,0.07896740066166087,0.37040172274869926,0.0926535057315234,0.02494340112913682,0.01152187474493137,0.0,1.0,0.0,20,8.963937452093194,10.466025013132738
15,12,0.4783151400929515,0.5254031963755617,0.20675540581997975,0.07896108606049351,0.025469934607527688,0.0926535057315234,0.02494340112913681,0.01152187474493137,0.0,1.0,0.0,22,8.913046948438053,10.568016480150998
15,13,0.4757418201991139,0.5402361966715054,0.22899610808108142,0.09097963025324893,0.03779691721975974,0.09668140111757184,0.02494880856573286,0.01145797503010825,0.0,1.0,0.0,24,8.849045044521059,10.340429873712887
15,14,0.4757418217217796,0.5402361966715054,0.22899610808108142,0.09097963025324893,0.024949147740415175,0.09668140111757184,0.02494880856573286,0.01145797503010825,0.0,1.0,0.0,26,8.849045485283018,10.340428979427257
15,15,0.4338231633552971,0.4958940098982506,0.19631839854258676,0.08162235450645078,0.3017407419826599,0.08582036958425296,0.01147345908712439,0.00933901473302063,0.0,1.0,0.0,27,8.989017489165597,11.150758950903263
15,16,0.4329519564381113,0.49500789093894515,0.19548960669387103,0.08087947057496747,0.011214973526853031,0.08580429928782227,0.01073899753427366,0.00908039279127958,0.0,1.0,0.0,30,8.872663770455203,10.887548430075723
15,17,0.4130503965624747,0.49027253140659044,0.20518262027715833,0.08607296692696707,0.10996121175457761,0.0857077636093324,0.009754881271116709,0.012276581285616931,0.0,1.0,0.0,32,9.617964209448784,9.197682398628476
15,18,0.41302964978197165,0.49023796692633465,0.2051889583889962,0.08614057408355888,0.010842811190516433,0.08570694200467117,0.009828566953772069,0.01232895272688372,0.0,1.0,0.0,33,9.63192162880814,9.213509873543847
15,19,0.4033426658075305,0.4966212706692686,0.22218674649511036,0.09303657269045008,0.11537483648566131,0.08002449573029449,0.00987066189607443,0.01167881970517628,0.0,1.0,0.0,34,8.683887388031698,14.746918606734342
15,20,0.3983482944961309,0.4910869327884695,0.21809034841554376,0.09109685459721671,0.026036175899187296,0.07986012418526403,0.00814142441998139,0.01260694940592624,0.0,1.0,0.0,36,8.672537635292949,14.162333476533346
15,21,0.39748680023148797,0.48936513796653835,0.21868723005515278,0.08977694920141373,0.04167327116016391,0.08065380077332449,0.01255532385671832,0.019119367207351252,0.0,1.0,0.0,38,7.473766908512532,15.349011363987804
15,22,0.3972741714780533,0.4891368377766202,0.21847743089007576,0.08959414830161339,0.012745638356596443,0.08075903142657961,0.01237605777524808,0.01891935980307934,0.0,1.0,0.0,39,7.453044664732367,15.19736965486311
15,23,0.38993714184831924,0.48034848887712533,0.213077936636589,0.08926748540488737,0.0964304020940361,0.08065380077332449,0.01255532385671832,0.019119367207351252,0.0,1.0,0.0,40,7.690892708425207,13.635472600454854
15,24,0.3873370357522176,0.43696599812372283,0.16883702341553417,0.11929611329848058,0.33210600975720783,0.10503135990237591,0.03576008059105459,0.028536059147774812,0.0,1.0,0.0,41,7.974801723705129,11.700268995544612
15,25,0.38228510786208925,0.43080845965218806,0.1646784738076661,0.11812835063504744,0.05133481352912246,0.10497214630708125,0.03489233102098424,0.02797357819168126,0.0,1.0,0.0,44,8.123900400434623,11.298769543166452
15,26,0.3462175688077076,0.40389732267089473,0.15821534088765923,0.13776854720737355,0.14445454219503412,0.10521733926280816,0.02766155595964152,0.02309420881088639,0.0,1.0,0.0,47,8.396327194443469,11.032859368740672
15,27,0.3391493021415411,0.4087740825714531,0.17817653124693714,0.15259391895557378,0.25920916856571485,0.11155435213507228,0.03802558092519287,0.030490276148588957,0.0,1.0,0.0,48,7.849039732227337,11.67716594008406
15,28,0.31590703778975315,0.37985618491193107,0.1564220851048109,0.14425530118690008,0.2016861104925098,0.11156096144360583,0.02806378728871849,0.02247550889172131,0.0,1.0,0.0,49,8.217948515451145,10.550961171368174
15,29,0.3065660438547988,0.4027414058244004,0.1957634870602627,0.18925244604917213,0.03176756546537634,0.0904006511189566,0.02563642245848451,0.02669768359295262,0.0,1.0,0.0,64,10.792696031341814,9.408488306536936
15,30,0.3047459365100549,0.39966115245894107,0.19425978537458705,0.1901126485860232,0.06554605004682311,0.08193128143623381,0.0267280875002687,0.027908427718458678,0.0,1.0,0.0,65,10.453777840567792,8.94995469067927
15,31,0.2930126643407784,0.37447966102210434,0.18476258058852724,0.2379237642065209,0.17341820619695714,0.08501327258691634,0.04305061953978416,0.025907672877984178,0.0,1.0,0.0,68,8.019028337308942,9.474087701976696
15,32,0.2962471616617924,0.3933299881212096,0.21209971836210761,0.24567735424098075,0.06741332808494985,0.07826875133613556,0.04992938963713976,0.04665165329249526,0.0,1.0,0.0,71,7.708622310773895,10.967235781051516
15,33,0.28075362743784954,0.3714035688080805,0.1970115022527243,0.24371807327320455,0.2168146253422771,0.07806156462069712,0.04609843196272575,0.027652859663837646,0.0,1.0,0.0,72,8.921032010097807,9.921371479984607
15,34,0.2738078416819855,0.35980289178085945,0.1901082557273334,0.24098174991002555,0.1632536076478539,0.07451757390177667,0.04692830334583492,0.02755383552842806,0.0,1.0,0.0,73,9.994047143537085,17.10533077645544
15,35,0.27380784672837766,0.35980289178085945,0.1901082557273334,0.2409817500261476,0.04692940198544041,0.07451757390177664,0.04692830334583492,0.02755383552842806,0.0,1.0,0.0,75,9.994046563801462,17.105331962072
15,36,0.26031073152212675,0.33778702179042913,0.17641946762928948,0.24264622569376715,0.2541510708491012,0.0725827418449962,0.04694750426462025,0.02853340134807979,0.0,1.0,0.0,76,10.49845362388336,15.428457102725268
15,37,0.25829813975544763,0.3701389382893269,0.22224056501930223,0.27587312997362107,0.05204873096379084,0.069999074728187,0.04608269750666719,0.02725381859069429,0.0,1.0,0.0,79,8.741070551639172,18.924558726603205
15,38,0.2420091322061929,0.3046630112745907,0.1569117859421926,0.25215926378824605,0.2103276776768322,0.07892591722258699,0.04985525713321775,0.02662882700149318,0.0,1.0,0.0,81,11.569996271594604,15.187320568752655
15,39,0.2416715461287705,0.3216790973980044,0.18048575312957849,0.26482429825287096,0.05207226237627725,0.07922691059672242,0.04979541594929533,0.02654692830574335,0.0,1.0,0.0,83,11.60160328032362,15.01781564293506
15,40,0.24195236976818418,0.33943040101614086,0.20469103815142559,0.2780549217042327,0.05118026926465436,0.07633455119560045,0.05019614766360083,0.027288948371850058,0.0,1.0,0.0,85,11.335122207434091,13.956367732435544
15,41,0.24143549524018793,0.3387303161798589,0.20415342908493606,0.2777606973554706,0.05194729333933928,0.07778381093919004,0.04992558018164196,0.02677012022120658,0.0,1.0,0.0,87,11.54716738747376,14.771218791637567
15,42,0.2326700394489522,0.3077447191217746,0.17090318251827627,0.282203683836185,0.09881136056691259,0.09147871384839727,0.04737708656355493,0.027725255824606238,0.0,1.0,0.0,89,8.7961964462262,18.535198923553907
15,43,0.2143663880047591,0.29558308864039645,0.17486949685834038,0.29004304437671424,0.09235407521216182,0.07974298764168898,0.04346417208519491,0.02820374029651172,0.0,1.0,0.0,94,8.914211916309313,17.69562826580365
15,44,0.2060251907339145,0.26563286955812615,0.14176194782678575,0.29876555654798864,0.059022368370621275,0.08923863733970656,0.0395883090752229,0.02249060446062685,0.0,1.0,0.0,98,9.32634467275292,18.35945465091073
15,45,0.2016190660240363,0.2753771356525524,0.16064768455279144,0.3085005467182221,0.07351161114854664,0.08703573321886807,0.03909302077447812,0.02328552048095394,0.0,1.0,0.0,100,9.549923054508442,18.405559440483533
15,46,0.20315436116819802,0.2760091020599876,0.16200846340372635,0.3168874027666839,0.05982170193689992,0.08905461096490183,0.04165393006012436,0.026119960726909308,0.0,1.0,0.0,101,9.133987429738314,13.208042441418035
15,47,0.19975029546842446,0.2866763424207342,0.18184196471938566,0.33067283402819675,0.11166130733157295,0.08850758020765906,0.04214726278291101,0.02621790419913848,0.0,1.0,0.0,102,8.76767330585789,14.76671923865502
15,48,0.21564368132259437,0.276190160421145,0.15157986953476407,0.34184559368867584,0.0562107142952958,0.09877460524952726,0.048189058627407313,0.04306755607212488,0.0,1.0,0.0,108,10.92916350925596,16.857396594757436
15,49,0.20912300268568357,0.33460402184489496,0.25986904495963137,0.40680521103379735,0.10391583476552957,0.07575655230483518,0.0664356789083785,0.058545513956752074,0.0,1.0,0.0,114,8.796692257981187,17.671669625565276
15,50,0.2051436098793959,0.2885362789716215,0.20630013413310694,0.39816634968129033,0.13911765677800234,0.0691678346842218,0.06937766140122635,0.062410052814820635,0.0,1.0,0.0,116,11.081058068607232,17.25022248875172
15,51,0.2048720033920955,0.28798511415699724,0.20595722411721784,0.3981352026111472,0.07243063600049787,0.06916783468422177,0.06937766140122636,0.062410052814820594,0.0,1.0,0.0,118,10.848973704151074,17.669198729762623
15,52,0.18359871348700618,0.3126873337783767,0.2547370876403485,0.4237855095101564,0.09232710534244004,0.0798754359492482,0.05450560426230818,0.04311529725043271,0.0,1.0,0.0,121,9.396742023875584,17.776008752359665
15,53,0.182251496487694,0.24627895905807468,0.17814140018209967,0.4233448023988897,0.1758302556432234,0.07616127088845018,0.06442833142148613,0.05582602964140759,0.0,1.0,0.0,123,10.768766645521128,17.15543365816522
15,54,0.1653494359331289,0.25197991557215593,0.20535744571782225,0.4375876335458402,0.27632561782371534,0.07504464164809238,0.05820354969089203,0.05780495040609603,0.0,1.0,0.0,124,9.402578614211272,19.931756796480897
15,55,0.1759880681473182,0.2586862964200346,0.21475442281525253,0.44758319530082347,0.09029374653149028,0.07564976808720857,0.07202979026370811,0.060558500888587864,0.0,1.0,0.0,128,10.06081171274904,19.494245568970168
15,56,0.16932998890781187,0.2492977898651832,0.2072318539612933,0.46118709717372247,0.07703787491530739,0.08609051830315663,0.0675789916349127,0.05983053139116008,0.0,1.0,0.0,133,10.311326737434973,15.598010387253778
15,57,0.15305602819558028,0.21091643049783204,0.18357908826017086,0.46572636458306754,0.43739882531270396,0.07768452756530266,0.06817331778047388,0.05546969980659412,0.0,1.0,0.0,134,10.71939400182988,19.28254402522188
15,58,0.15305602806359897,0.21091643049783204,0.18357908826017083,0.46572636458306754,0.06817592376910724,0.07768452756530263,0.06817331778047385,0.05546969980659409,0.0,1.0,0.0,135,10.719394014902552,19.28254399039444
15,59,0.14369859581988315,0.19213534843210617,0.1708973163555886,0.46829777537933626,0.20773587329796933,0.08084328059274107,0.06553195988047197,0.06687997392914634,0.0,1.0,0.0,136,9.625068781963034,17.209769210120065
15,60,0.13418098288208544,0.20145213814847726,0.20330361048758164,0.5177003203440753,0.08183241981346277,0.08498302705889305,0.06708957084045475,0.06177945470161306,0.0,1.0,0.0,155,10.12780423358596,17.958387949396478
15,61,0.1301135299805989,0.20817564535742725,0.2205907724141053,0.5484059996764966,0.10779922312744782,0.07376483248005086,0.06733736038297813,0.07515817273119069,0.0,1.0,0.0,157,10.600308368857489,15.969976372930518
15,62,0.12885653197435812,0.19935476936359312,0.21642575036819284,0.548011658107644,0.18669473126934016,0.07427694077176221,0.07083690701492856,0.07528399861905044,0.0,1.0,0.0,158,11.154615493241138,17.013820604157505
15,63,0.12379166451730596,0.15249869890729972,0.1608978297157761,0.5433695028092785,0.07839434185232691,0.07315808733288955,0.06989203498439911,0.07385186062241564,0.0,1.0,0.0,170,10.269459217325524,16.15061169580628
15,64,0.10473332906745222,0.13799560308203573,0.17730384609129626,0.6241587513092186,0.09842321872292362,0.07478811724665707,0.06832242211348569,0.07223262495922275,0.0,1.0,0.0,185,10.581376084997142,17.151182474270566
15,65,0.0760636001781832,0.08920590346858226,0.17251134317813815,0.6233098496076014,0.19656217775943902,0.06371226947523734,0.06709955893725139,0.044223683262349524,0.0,1.0,0.0,191,10.065259421876553,15.097313918809562
15,66,0.07299873355793712,0.0708431560999941,0.16250248991071414,0.6615323462295464,0.10547405282237488,0.06853355973905137,0.0708431560999941,0.061977471961539056,0.0,1.0,0.0,197,10.547617418030704,16.023680958622755
15,67,0.07299873796825575,0.0708431494041585,0.16250248321487853,0.6615323397900371,0.07084375148609827,0.06853356069490925,0.0708431494041585,0.06197746730373137,0.0,1.0,0.0,199,10.547616927774754,16.02368017521113
16,0,0.8835740211035932,0.8336830027952122,0.3761001332203773,0.01177941068226946,0.0,0.0,0.0,0.0,0.0,1.0,0.0,1,10.811351193860578,26.32079071006747
16,1,0.6480636448421676,0.6634868436592886,0.27025706833166335,0.0056394604784852555,0.8008009473669297,0.07418066765092637,9.608415042257e-05,0.00012881158174017,0.0,1.0,0.0,3,9.1688272965684,21.17001158981928
16,2,0.5723841396747773,0.5986931478917475,0.22997248085181704,0.008300644818977623,0.3051102499339668,0.077923829239237,0.00015897299378122,0.00022595231947143002,0.0,1.0,0.0,5,7.852050345290134,8.81053289937263
16,3,0.5723841239071513,0.6162532535267581,0.2539076327334251,0.012856958367158488,0.00015938238591938262,0.07792382923923702,0.00015897299378122,0.00022595231947143002,0.0,1.0,0.0,7,7.852055101295886,8.810487998054102
16,4,0.5720163412098767,0.6334844692259276,0.2776417416797135,0.01914105152241969,0.0017612767461633364,0.07791527432949982,0.00016876673595939,0.00024108014325588002,0.0,1.0,0.0,9,7.794550425072804,8.30183290388127
16,5,0.5655639176146863,0.6118501347527229,0.2591426047674657,0.044265314734450376,0.25792069886419877,0.07167851919896524,0.02126082515296908,0.02901961387089686,0.0,1.0,0.0,10,7.430311302574593,10.583222818132567
16,6,0.5438069080595197,0.6077434439262667,0.2618698841635035,0.030166758311748434,0.004615841540247783,0.08002139920872395,0.0008083597269318401,0.00140170201064433,0.0,1.0,0.0,13,8.227444550450736,8.90850356098559
16,7,0.5185367048760632,0.5662966946025465,0.22378369599690012,0.03703402978746359,0.2449476661267684,0.058370091160789825,0.00268391508133363,0.0035415220860135705,0.0,1.0,0.0,14,8.171221435988773,8.56745014147537
16,8,0.5024938164094265,0.5330560272206815,0.19012560761601963,0.03417840974139853,0.05218608410327486,0.06234656601488155,0.00276848906517777,0.0035846246198187595,0.0,1.0,0.0,17,7.618870495253138,7.650926310315175
16,9,0.48981573070646756,0.5379679832856118,0.2062806635204045,0.048825307328829136,0.04338299074493765,0.07265829032538301,0.00300264477341892,0.00525933841633063,0.0,1.0,0.0,20,8.203483304365871,6.541988261196738
16,10,0.6366516025427964,0.6945980178876575,0.32890321499759595,0.09104859594482179,0.11043936817354469,0.07820764681362362,0.03521171056866026,0.035505982866501765,0.0,1.0,0.0,22,7.66531846622898,9.717888890833642
16,11,0.5877901163809591,0.651258429757471,0.303110684417938,0.09428711771005334,0.17138726806803697,0.05304928959488323,0.03830527957055161,0.037551451036436014,0.0,1.0,0.0,24,7.210635667349085,9.866961419346218
16,12,0.45924264643207546,0.5211472188672236,0.22220188831975418,0.09653418574566158,0.11762382207495754,0.06551271446293266,0.038394363635203585,0.0355851959557583,0.0,1.0,0.0,27,7.995737996794334,7.432522660416419
16,13,0.5515191414703546,0.6169228868189585,0.2817275624179212,0.11138982585569848,0.05540181780019797,0.0593301897196716,0.03824484638269946,0.038507452226581626,0.0,1.0,0.0,31,7.598449358364666,8.236166166492785
16,14,0.5113679034828591,0.612218985271288,0.2979869436040424,0.09693587863245118,0.029392518788389436,0.06403470147115513,0.02015543706674004,0.031764537817001295,0.0,1.0,0.0,33,9.75251936232128,8.98655998007145
16,15,0.5098595856275198,0.6282662680850211,0.3209809773630363,0.10169149542845257,0.034466062318543114,0.06403470147115513,0.02015543706674004,0.03176453781700128,0.0,1.0,0.0,35,9.825770106199377,8.342820505840718
16,16,0.5098485060927738,0.628255014355213,0.3209739312668195,0.10653196644124396,0.020199841882111567,0.06403470147115511,0.020155437066740032,0.03176453781700128,0.0,1.0,0.0,36,9.825135605607782,8.346387868236
16,17,0.5166896468214125,0.6175223144328496,0.3013372267935821,0.11249987109341308,0.07721482557226618,0.06948925861083743,0.02029062478713816,0.03228225670033956,0.0,1.0,0.0,38,9.402982787234006,7.941219202352221
16,18,0.4932592460686043,0.5938606986139523,0.2865550092540328,0.11602840843934263,0.09918704560114486,0.0639893579615757,0.02012572502270468,0.03104061004501729,0.0,1.0,0.0,40,10.172101221630689,7.171837445532868
16,19,0.4913687296915344,0.6094843410939467,0.3091848506000106,0.12929873382386453,0.024060538654566074,0.06186992027712655,0.019859904852220632,0.03241980653967309,0.0,1.0,0.0,41,10.231002087442498,6.895961772066476
16,20,0.44133536373759663,0.5318785305828316,0.26430081987906184,0.16169651254945722,0.13651479476031397,0.0350196246852981,0.06327241755679991,0.0043822520234516795,0.0,1.0,0.0,42,9.018854290188369,8.19493447360842
16,21,0.4339203152746768,0.540518491190713,0.28273502210154544,0.17747053950141578,0.1059813356665607,0.04607533809153996,0.06340080718687147,0.00508618829693619,0.0,1.0,0.0,44,8.608256343655272,12.882010612653543
16,22,0.4484749011454251,0.53772017513644,0.2730972895093605,0.19266857873675075,0.09966283148231742,0.05724158815680597,0.07693326075910319,0.030046199684164436,0.0,1.0,0.0,45,9.395373106056365,8.166291716046064
16,23,0.4222207213003069,0.5238461676390921,0.2762732381150498,0.1965644015275408,0.19393259290875425,0.057514344258555325,0.07374734917354275,0.034968184012208095,0.0,1.0,0.0,47,10.690651846218918,9.139023137537144
16,24,0.40296067634752597,0.4843822168379074,0.2349741969536259,0.17845901605552097,0.16772296104281034,0.04753777067115135,0.06385712852292269,0.0054257939196651495,0.0,1.0,0.0,48,8.97879629840781,4.303933576393806
16,25,0.4112178112911663,0.527303474203553,0.291434853167696,0.20443830325741913,0.10298176498120595,0.057514344258555325,0.07374734917354277,0.034968184012208095,0.0,1.0,0.0,49,10.822574814563511,7.97285093775968
16,26,0.39447261902165776,0.4909778589335898,0.2521363483182867,0.1863262642218252,0.13906178124934482,0.04696592486273471,0.06398482338466474,0.00605337895621442,0.0,1.0,0.0,50,9.232222368953645,4.1369714094883845
16,27,0.40331007812111347,0.5170888436293886,0.2850929450843572,0.20930514855636484,0.09522018449131309,0.23265006385273984,0.07378084726487837,0.038342086709802256,0.0,1.0,0.0,51,11.433343115814418,7.133674111377965
16,28,0.3909067701747381,0.48638278630583404,0.24921903118331806,0.1859234144361716,0.0841341971317584,0.0477962698483956,0.06382881127410893,0.00682195726812191,0.0,1.0,0.0,52,9.26709167331338,4.175803996318463
16,29,0.3879766341500108,0.48254172707201437,0.24683394182168927,0.19952087335975557,0.0759181009131796,0.047576558297190104,0.0638408147696505,0.006328545255212641,0.0,1.0,0.0,55,9.207275749447897,4.168352519816593
16,30,0.38579622873309183,0.49724191699275355,0.26897955918142724,0.2052143393407008,0.0904518677487359,0.04625084095084829,0.0638136236155192,0.00589465742918518,0.0,1.0,0.0,56,9.152626912855114,4.203992449917314
16,31,0.35230552402615356,0.42754801203639,0.18821747023734586,0.17382289595909023,0.05458660948051168,0.07008525001251223,0.03369024417618462,0.01969405546348562,0.0,1.0,0.0,58,6.7100919152182215,5.550069605918222
16,32,0.3517493790013606,0.42680767738261904,0.1877569068009044,0.17378106089898698,0.0371604040348973,0.07008525001251223,0.03369024417618463,0.01969405546348562,0.0,1.0,0.0,60,6.782455558256183,5.5000075899647065
16,33,0.3787731126658026,0.5035711878330245,0.2880328487608227,0.23237843634113342,0.12406150847995946,0.0595737102518971,0.06938407153162088,0.01849195181858998,0.0,1.0,0.0,62,7.610831723616951,9.304456750051909
16,34,0.4141682921799326,0.580921642489836,0.36757754059998027,0.30172272683306034,0.0885311692262822,0.060840816199642454,0.08368202164406979,0.057265385748062746,0.0,1.0,0.0,75,8.900769506987787,8.211257878540275
16,35,0.37187393309989847,0.5121546745759956,0.30596818690279803,0.2973118972216636,0.07011900674456541,0.06431864569628165,0.06828506350489752,0.04675381356600059,0.0,1.0,0.0,81,9.34305946368162,38.16460696927223
16,36,0.34500379472606546,0.5892172267120015,0.42329546220000636,0.34006246036078513,0.04822926858343974,0.1114812751163192,0.04531937413800533,0.06443535568578045,0.0,1.0,0.0,93,6.149612626870282,7.168909386625104
16,37,0.337206939969634,0.5952766535915868,0.4407141446094436,0.3732532224143413,0.07114979173423447,0.11370942314862069,0.04700860260897519,0.06591275714955999,0.0,1.0,0.0,98,6.155819607351989,8.20399275840016
16,38,0.32868034925337797,0.5834174001552173,0.4331572274331371,0.36901041087865244,0.08437320811468185,0.10926819287819992,0.04653410454867314,0.06972490868775552,0.0,1.0,0.0,101,6.730824354313626,6.8323910070328
16,39,0.3305445108765557,0.5746132255906222,0.4372396768083656,0.3849967186709801,0.5922986056992499,0.08030988259612035,0.0718308748686684,0.07735288378161775,0.0,1.0,0.0,102,9.306729241080305,10.138618602825863
16,40,0.3221134834726034,0.5974110968897847,0.4770697898697975,0.4050356330438923,0.07747313666795727,0.08105369833260452,0.07084104081405652,0.06932738056766771,0.0,1.0,0.0,108,9.530074465410523,10.55242408671624
16,41,0.31761457653705766,0.5899551035978049,0.47284247044398103,0.4553773699473379,0.09664909253507416,0.08236405139524752,0.07192877201362198,0.06822333648173713,0.0,1.0,0.0,115,8.377402561214604,13.513300727017697
16,42,0.3123853888557345,0.5475570020362067,0.41988864983909646,0.4317170839789057,0.10305920653224568,0.08126125445109399,0.0704567345189717,0.0669925406241558,0.0,1.0,0.0,117,8.466381117203873,10.932719236531018
16,43,0.31238538879088734,0.5651171076712171,0.44382363785800183,0.4379085836426828,0.07045797983333844,0.08126125445109397,0.07045673451897169,0.0669925406241558,0.0,1.0,0.0,119,8.466381116150028,10.932719133396011
16,44,0.30783946546338575,0.574922504077558,0.4633766147216977,0.4467291609799341,0.10529414367038736,0.0792661046216129,0.07162650097367185,0.07424953999842647,0.0,1.0,0.0,121,8.685260305498243,10.930680348893793
16,45,0.2975636936754869,0.5400593498331123,0.42927546471369626,0.45459800731371536,0.11309879469497294,0.08070494984711195,0.07320962249490807,0.06415453208942637,0.0,1.0,0.0,123,9.516574787309615,10.279096404512504
16,46,0.26020380950246974,0.6208205262852785,0.5593606031243633,0.5891820187548974,0.04649705048990796,0.07790249743467595,0.043485966831287345,0.026029910344192803,0.0,1.0,0.0,152,9.062692322332706,11.057296652592724
16,47,0.2557358771135826,0.6317999344836579,0.5787535413220146,0.5995791285938441,0.10325576274635465,0.07634418001484226,0.042299825161711005,0.02611228559204033,0.0,1.0,0.0,153,9.14553750545027,9.848673657687677
16,48,1.2029867090423227,1.6773244846863533,1.6691545394611427,1.6615534792462539,1.0033826326046043,0.08065163636488148,1.0,0.04472884804583172,0.0,1.0,0.0,185,7.732936102726688,9.336790032392484
16,49,1.2019510789834325,1.6931282046335359,1.6919968909783203,1.6807858874441464,1.0039278273868113,0.08434002642610734,1.0,0.04398896576058139,0.0,1.0,0.0,187,7.388334160459594,9.134008970302052
16,50,1.204249440954532,1.661904731282368,1.6465510997645292,1.6610087894570764,1.0214698532240678,0.07935444427661757,1.0,0.05113150156546509,0.0,1.0,0.0,189,7.183822604217785,9.37317426359538
16,51,1.2025825674860828,1.6766380071680902,1.668727513257858,1.6838160579853287,1.0017142491774278,0.08050757862552085,1.0,0.050849064513250365,0.0,1.0,0.0,191,7.066848509330477,9.5326193338871
17,0,0.7846186714399526,0.7671126359021848,0.3346865661532848,0.008086588297982152,0.0,0.0,0.0,0.0,0.0,1.0,0.0,1,15.215029891686653,24.46480112079465
17,1,0.5599217304905255,0.5874172894998643,0.2229301927695612,0.0014103482542476608,0.8454066281850107,0.09398971358614719,8.620262535665001e-05,0.00016261796939809,0.0,1.0,0.0,3,13.212656116728573,19.46055755364153
17,2,0.4555980112902442,0.48524220074076435,0.15938915499126163,0.0004265211015211466,0.4808425526168609,0.0956023462506196,0.00014508641144353002,0.0002377884229667,0.0,1.0,0.0,5,13.096838972240985,8.026419783803886
17,3,0.4546181535478016,0.5017682397957521,0.18268304470322255,0.0077001344574346075,0.005040818367095238,0.09584782709962306,0.00015091805483203,0.00024734615667076,0.0,1.0,0.0,7,13.088348864980317,7.891139201027273
17,4,0.45213802704914313,0.4991429667635927,0.1810608543955735,0.008622284988249952,0.025140300828701223,0.09689976118065365,0.00017991758157785999,0.00029487474093350003,0.0,1.0,0.0,8,13.367788637391492,7.117225779365056
17,5,0.4368114561235413,0.4801646201090349,0.178362664914319,0.036413539682519536,0.22685641333869278,0.08111322461516206,0.02428245630617422,0.02671508189809297,0.0,1.0,0.0,10,13.270338969902076,8.162142683495649
17,6,0.3892411612974911,0.44173623174878235,0.16785518558593046,0.03982028370791475,0.2933946356130068,0.09419402826743284,0.025309108759448463,0.01224971533692114,0.0,1.0,0.0,12,13.70161333224198,8.212488987566763
17,7,0.4123593292921059,0.4791786909037991,0.21805290180604328,0.09139392389244462,0.14144935777499915,0.09007564432227576,0.062075272342218456,0.02993792151306232,0.0,1.0,0.0,14,13.54122608256003,9.41768507829656
17,8,0.3575228040835655,0.40162271207857425,0.14322039877357934,0.06624593762827102,0.10167040409429892,0.10597287678634945,0.02615568229155878,0.01495297325097825,0.0,1.0,0.0,17,13.023098743969168,33.200556349949274
17,9,0.3573481025514556,0.4014376117635712,0.14305250102213213,0.06368330826596745,0.02644339748452091,0.10643006757918569,0.02601613278768174,0.014710856017830851,0.0,1.0,0.0,18,13.043756497925337,33.24501485834155
17,10,0.3540686650104411,0.41467891427701714,0.16435349843869868,0.0727817848735049,0.0679463734445954,0.10597287678634945,0.02615568229155878,0.01495297325097825,0.0,1.0,0.0,19,13.71659753836266,31.849129732918072
17,11,0.3377794052598181,0.4106360427767575,0.1748884757353519,0.07941453824063187,0.07729103937223092,0.09302867078228097,0.026259542279449523,0.01255170975690284,0.0,1.0,0.0,23,14.24075921355707,8.775328867926293
17,12,0.32845932193393856,0.3978821890399883,0.1670634920700173,0.09875876951273424,0.08787426228980602,0.06137911581020818,0.026548493443733213,0.018883311216256908,0.0,1.0,0.0,25,14.317448378369946,8.399756553083172
17,13,0.32550481219678673,0.35869617525042136,0.1166718324884331,0.0833243573911825,0.045788260757117095,0.10259486850760455,0.0265688666281348,0.012706851388018761,0.0,1.0,0.0,27,14.679133753873794,10.154636849155658
17,14,0.4011064625995774,0.5170663147084471,0.313625288062283,0.21135161660538881,0.19835795443873733,0.08033308160172709,0.11489123668258631,0.16511224666191318,0.0,1.0,0.0,29,13.30648230408577,8.511243934482671
17,15,0.3200134368860236,0.42832138291013266,0.2601624695213239,0.2053740333694149,0.8044342250927758,0.04951647832763289,0.08508101610284761,0.0869958924318804,0.0,1.0,0.0,30,14.314435379084696,12.5979393150275
17,16,0.2999511940859502,0.3931695277954936,0.24003551820909846,0.19675431670892546,0.2777341291272069,0.05594147576206824,0.08968832045248816,0.028379795033209188,0.0,1.0,0.0,32,13.520283903865671,8.495555672408766
17,17,0.2905478172896195,0.39463358445427194,0.25395723881117366,0.20696415045575978,0.1394185134665755,0.05594147576206824,0.08968832045248813,0.02837979503320921,0.0,1.0,0.0,35,15.231030490204532,7.971536050073368
17,18,0.29052343608373055,0.39455664333057944,0.25392671153300733,0.2210792115650998,0.09029778640153169,0.05103889062883876,0.08973409857288793,0.028483126373461072,0.0,1.0,0.0,37,14.198760837546596,9.370334991135971
17,19,0.2711569486856052,0.38001918662936107,0.2570489533570662,0.22587230343006653,0.36831304890150746,0.06729351162014216,0.087498576227056,0.027957785839152687,0.0,1.0,0.0,38,14.768650378061164,7.55739051493535
17,20,0.2668225822514779,0.32002280335602185,0.18048192402992894,0.19933711978114363,0.10812835447922667,0.05856513433489635,0.08694144639199912,0.06170659342194246,0.0,1.0,0.0,41,15.50392110192012,8.371662881280132
17,21,0.2714645698887966,0.37671756774742393,0.2568800086905433,0.25048982747884874,0.10777896909145929,0.06261250533738776,0.09248693702409808,0.03789453439578364,0.0,1.0,0.0,42,14.405935355009207,7.949136034886095
17,22,0.26908174830333076,0.391355825962698,0.27830560995773795,0.24599835430928224,0.10002327759806874,0.06257713112041688,0.09065643344975052,0.02777591429629419,0.0,1.0,0.0,43,14.936644973886516,7.639098290687824
17,23,0.25192114950019256,0.3469741403955162,0.23558808580156881,0.2240433044149246,0.28517418765979313,0.06631681373600654,0.08510788615125205,0.056261387539042126,0.0,1.0,0.0,44,16.759743678671505,6.840133004522841
17,24,0.2475117083635459,0.3920221220535447,0.30237891747249096,0.25592084741449056,0.10611557542649382,0.05798515532947485,0.08440356133056189,0.04637996727620604,0.0,1.0,0.0,47,15.565402792145496,6.971682298879801
17,25,0.22237580508478133,0.33075982106346274,0.24930557763922917,0.2578121230852776,0.26055230738671126,0.05837379418570195,0.07924083548538506,0.04986358687189913,0.0,1.0,0.0,49,14.596613273986424,7.107229975984589
17,26,0.21520492031624777,0.3379253923957092,0.2652835253678934,0.26264592108804224,0.10553862159839635,0.05827822686215125,0.07529602809211104,0.04738125254336082,0.0,1.0,0.0,51,15.56347525985699,6.925486439004024
17,27,0.21478492893374282,0.3541213684937383,0.2885648539726223,0.27223284296253847,0.08463872942200007,0.05828094295785498,0.07581207527084119,0.04752054680548598,0.0,1.0,0.0,53,15.529094715048,6.844270849929052
17,28,0.21404967585722567,0.3356039032478931,0.263839343291855,0.262514728726358,0.07943811506572108,0.05827823782170236,0.07529602263603279,0.04738128448385312,0.0,1.0,0.0,54,14.994191382774556,7.052896420407516
17,29,0.22520955213058863,0.24800006841164912,0.15248577596107277,0.30036428651810404,0.19808649883863744,0.11288269784829157,0.096993234718196,0.09439337696079661,0.0,1.0,0.0,56,15.63011222724341,5.107628654569098
17,30,0.21854494218712875,0.2783059831111436,0.21322304026321814,0.3713859162393835,0.13283287315067477,0.11020474377209652,0.10453848088183286,0.09826892311451436,0.0,1.0,0.0,66,16.58316567223212,5.068623588855245
17,31,0.21151691670337092,0.25012119390408555,0.18113100039885138,0.33331629025039533,0.16026349888743893,0.11223265432910993,0.10044364005766745,0.10169292172700015,0.0,1.0,0.0,67,16.088744292169814,5.882116679975343
17,32,0.20294880755258243,0.2506262380173006,0.19387640357286307,0.3469530951087677,0.24487311104071136,0.11037626403995526,0.09890988345407352,0.098181972011466,0.0,1.0,0.0,68,15.615249460974953,6.163252925153299
17,33,0.1992210250948566,0.24204812346395788,0.18860336089968388,0.3497314008743035,0.1813217371926299,0.1103145276843485,0.09907779258286542,0.09893826024457364,0.0,1.0,0.0,69,15.350810374374356,13.962206426526445
17,34,0.20566262402056157,0.26413484863776415,0.21836195708632944,0.42822750975434415,0.10997359501608209,0.08624483020340169,0.10703653176702943,0.09761101396685876,0.0,1.0,0.0,80,15.981006337871596,5.338097510321726
17,35,0.18942081681692202,0.22933198197828736,0.19587552145434456,0.4355701211701697,0.4113578882249922,0.08707557716810703,0.10482553841413425,0.08577586077763191,0.0,1.0,0.0,81,16.35502976343416,5.320204591533996
17,36,0.18563087458142397,0.22254481199570303,0.19103973211186054,0.4367971585545831,0.15183141921640247,0.08791583900438753,0.10320222273754845,0.08493271274212719,0.0,1.0,0.0,82,16.50161541222449,5.1742862408648005
17,37,0.18475934979134023,0.23816941337736958,0.21372562425960934,0.4569898230042128,0.11156824312444706,0.0884242375934926,0.10308312406433966,0.09408926603485268,0.0,1.0,0.0,84,15.6797281911157,5.364431013086018
17,38,0.1839700616320959,0.21854009185988654,0.18854836357972624,0.4522484375963526,0.11347591704580323,0.08791583900438757,0.10320222273754842,0.08493271274212724,0.0,1.0,0.0,86,16.138363504809206,5.235948906354927
17,39,0.18141429677882914,0.19381201671960419,0.16041364239518435,0.4485367775483842,0.1408272104070809,0.09123611926796373,0.10388882074608108,0.10009623202792321,0.0,1.0,0.0,88,16.44951386453432,5.197174943183235
17,40,0.20302544542176565,0.3330610720302547,0.3476606184575667,0.5324157747093563,0.1501461730110058,0.08165156708565514,0.129144023808558,0.13311188531021506,0.0,1.0,0.0,92,17.329379341981635,4.486849353374887
17,41,0.17966730274427345,0.32084321716867004,0.34587430389998636,0.539280057847208,0.12691475991130444,0.054753694984531455,0.11010078181866792,0.18830558475220843,0.0,1.0,0.0,98,16.501057050789758,4.691737340604065
17,42,0.1723517083074594,0.3025208045991549,0.33441634202298065,0.5447419014196848,0.2807807396766887,0.05638719719581935,0.10994322888834751,0.19220493451512,0.0,1.0,0.0,99,16.42631259649945,4.905113681157854
17,43,0.16656851997243477,0.2531149142292405,0.2774855939883907,0.5321981475471246,0.23947385372402552,0.05209568404257042,0.10948382864087361,0.19027069329060955,0.0,1.0,0.0,100,16.697350141612535,4.810180947209525
17,44,0.16617725689110469,0.25100913536559877,0.27642582748535405,0.5491067923900016,0.12315807551394459,0.05069380268872566,0.11014593141800426,0.19392392698410144,0.0,1.0,0.0,102,16.753493053109636,4.0533781271319285
17,45,0.15204276778380962,0.2726344255754817,0.3273684670319078,0.5731480041421587,0.13777171402299307,0.052590937952570284,0.10606314766623134,0.14719529650464652,0.0,1.0,0.0,110,15.982998954027687,3.484252561997086
17,46,0.15213506252322506,0.28686375632409544,0.3500073334712494,0.5830095291938264,0.1334318097189766,0.05215463822359758,0.1081159427630296,0.14225379519473816,0.0,1.0,0.0,112,16.123566200313274,3.3293794952505853
17,47,0.15228073206661719,0.2869120145154874,0.3501132804853102,0.5884745294796807,0.10902642155027827,0.0528345697203802,0.10831693014466696,0.14190001516345357,0.0,1.0,0.0,114,16.317967707712405,3.4055077171923887
17,48,0.15353172861253406,0.24930141531774247,0.301970290243624,0.6233954806915462,0.13939977331412087,0.054215178197318206,0.11169455847375946,0.1417734531476642,0.0,1.0,0.0,116,16.461016327695354,3.490401224158731
17,49,0.14273726983028748,0.250643239185569,0.3294360630398042,0.6079031882607319,0.24354187797226834,0.04906763762384025,0.11330727569481165,0.14412477931332385,0.0,1.0,0.0,118,16.86483740930655,4.500556827920369
17,50,0.1434281885481902,0.27358514520831023,0.3560515057945282,0.651054057903044,0.11654855095319813,0.04615106260592825,0.11154027819524259,0.15402610241605913,0.0,1.0,0.0,123,16.98527069952967,4.693024655971101
17,51,0.144259607787941,0.30845537802305667,0.4042954402658657,0.6653904696684655,0.14427664477745578,0.054069257483046765,0.11294138267031076,0.19150831344243419,0.0,1.0,0.0,125,17.027030862384102,3.5478231894800145
17,52,0.14284653990243168,0.27066814112460236,0.35448118022823255,0.678153812233865,0.11483441578296191,0.050874115711473544,0.11218668727132486,0.1927529433571704,0.0,1.0,0.0,128,16.698078589883767,3.848185734074109
17,53,0.14147740413980495,0.29988359789717045,0.3990520157157011,0.7046079303270573,0.1281227406681991,0.051035312790699824,0.11317725379455319,0.19466915799159742,0.0,1.0,0.0,132,16.581952391382966,3.5273479642152137
17,54,0.1614648324273012,0.29166784659357714,0.3905247701173558,0.7350048463770753,0.15498387169310548,0.051338541107461534,0.13856674737212044,0.1581600343617856,0.0,1.0,0.0,138,17.938920205906136,3.177169198199955
17,55,0.15977490333754749,0.26714844236801694,0.36260625814496994,0.7692428626650876,0.1580619290266827,0.05010354334833163,0.13948184429551297,0.18448245479124528,0.0,1.0,0.0,142,17.347443378307016,3.625888596032047
17,56,0.15985798718790623,0.284621289103158,0.3865498776729528,0.7370008514578335,0.14203310356679347,0.050143056257480764,0.1396483302082095,0.1846772224750573,0.0,1.0,0.0,143,17.352969799339782,3.631387192315034
17,57,0.15588344514054656,0.27409420106885496,0.3797013971764019,0.7478077266694714,0.1845828239475355,0.05995013816145409,0.13885545051152698,0.15390332102275125,0.0,1.0,0.0,145,17.72401652883175,3.200701174160604
17,58,0.15627047985237777,0.27331809968194726,0.379573239798012,0.7790330369733135,0.14496531421271322,0.05234847779328304,0.13979420319053826,0.18131030324252548,0.0,1.0,0.0,148,17.655829328397584,4.246226701975542
17,59,0.15295653360413447,0.3015514466448903,0.4225491057148205,0.8002718734085118,0.15074615810549455,0.050280593622878136,0.13818051513616128,0.18583229375041968,0.0,1.0,0.0,152,17.322747906975216,3.613622518332194
17,60,0.1397593004955146,0.2871525537149113,0.42487372619618835,0.7237674533384464,0.14516848117751077,0.045096836547653056,0.13360586038226346,0.1840816834929325,0.0,1.0,0.0,169,17.00262163921043,4.7094920512858325
18,0,1.0,0.9046961814487088,0.42027757249422515,0.01571871112004485,0.0,0.0,0.0,0.0,0.0,1.0,0.0,1,6.005169229180574,25.9671514580859
18,1,0.7022981700277853,0.7065017011990223,0.2970157758178105,0.008023506276770974,0.9324321599394851,0.07400186300659092,9.382744657846e-05,0.0001297760244269,0.0,1.0,0.0,3,6.9452596646765645,20.862670982173963
18,2,0.5789342235086827,0.6045441793067716,0.23361096551749663,0.008621810277473461,0.47984200217900913,0.0960643235679456,0.00015511750343084998,0.00021577847402650999,0.0,1.0,0.0,5,7.598660340132378,8.697870219792124
18,3,0.5646537402197243,0.609290634786407,0.24960129888164592,0.01183972569304392,0.06080773562815907,0.0982751547505004,0.00022591619395903,0.00031426402895975,0.0,1.0,0.0,7,8.590223749349786,7.198751102528305
18,4,0.5442577985361551,0.5730256128119501,0.2141514057791893,0.018688636794208437,0.06018952056850694,0.09131326951453066,0.00054730571588383,0.0008529164311608199,0.0,1.0,0.0,10,8.565730598440593,8.349549457698068
18,5,0.5363704082549162,0.584328335706775,0.24335945091834393,0.0503737130935289,0.31235360089782677,0.08203979618451147,0.02480199983545743,0.016183057795803597,0.0,1.0,0.0,11,7.511923227437405,9.273230870294192
18,6,0.5014613945176067,0.5496280406961856,0.21677620842768286,0.04860347703487472,0.11226492337700175,0.09849521932196292,0.01158132378429463,0.007574057940241891,0.0,1.0,0.0,13,7.845474587991984,11.117028135847557
18,7,0.5008912679176691,0.5666158254401542,0.24038435604612338,0.055079394423541705,0.014707734019053686,0.09853061795523269,0.01165796797882392,0.007624182397597561,0.0,1.0,0.0,15,7.848639964313055,11.2135885706709
18,8,0.494911103746494,0.560543713480924,0.23783352539620511,0.06872234198087906,0.102539431303245,0.10146266225402505,0.014903944300280561,0.00882451785828897,0.0,1.0,0.0,16,8.053410708624098,11.85276784200582
18,9,0.4887196784735129,0.5717533961528419,0.2581823342474104,0.07615409139480209,0.05025731703586094,0.1032162774717718,0.01586817776617639,0.01116680696767396,0.0,1.0,0.0,18,7.916778143463718,11.413403261372215
18,10,0.45882799367632887,0.5577871244138984,0.2631166169301385,0.07336407952163934,0.32918466000830904,0.10199100059376372,0.01748751797290634,0.00534300332332879,0.0,1.0,0.0,19,10.060805887411352,14.749167195713952
18,11,0.4429571053607428,0.5213855851884982,0.232477577673014,0.10500424250413903,0.13144417935366093,0.10428859321068965,0.03076422925338801,0.01793855533962893,0.0,1.0,0.0,22,10.68637576297959,10.490215401232796
18,12,0.4294843446789949,0.5231905666410637,0.24758290652993908,0.11447340611247936,0.0678034431188214,0.09297915220185,0.033335536116661055,0.01961738738539771,0.0,1.0,0.0,27,11.52709783263166,12.314874858395235
18,13,0.4231805810666738,0.5158082204760044,0.2431051802954327,0.13517865188712944,0.05774141580585896,0.09094111105553204,0.03363948741018748,0.03476504669351246,0.0,1.0,0.0,30,17.96207962200051,10.96294477589574
18,14,0.4034896924640755,0.4719520695687701,0.2076842490806559,0.13035090770249522,0.4151663598905876,0.11466203701493656,0.04653402030101248,0.10375583274519547,0.0,1.0,0.0,31,19.705733282979303,6.95842234174278
18,15,0.40684632823271566,0.5274917084074997,0.28331331728461373,0.16134927534711915,0.0599314609276881,0.08429032936947875,0.05194606327939986,0.0350406749928813,0.0,1.0,0.0,34,9.463967258879762,13.107900525260693
18,16,0.39974555380147153,0.4760212462366671,0.2350888420182804,0.19411854830493402,0.27692752881709953,0.07072955834538472,0.07792457348226818,0.20937990356650613,0.0,1.0,0.0,36,11.667386199371316,7.631752313042193
18,17,0.35127845721638995,0.43128250843835203,0.21616646971309264,0.18317000155376442,0.22833534941898626,0.1009855885074977,0.06707161997246014,0.04050060422041264,0.0,1.0,0.0,39,18.890581986039106,17.258528082442947
18,18,0.33992594684755845,0.4501015867095857,0.253899111133532,0.19626608641542004,0.10542900966424784,0.10327912531805954,0.06708142860004003,0.040774597209983186,0.0,1.0,0.0,43,19.439337077984863,13.195514161856575
18,19,0.3291137614517013,0.43067094227616654,0.24550464586689164,0.22157475078334016,0.17262136071087886,0.11134303623467715,0.07685474890922121,0.09640960879841279,0.0,1.0,0.0,46,18.580669755409662,15.031257172806816
18,20,0.3024669043068187,0.38147513617172907,0.2186528013578813,0.23402402519920457,0.35856457329755625,0.14307092316536701,0.08678603921387985,0.16632373786703003,0.0,1.0,0.0,48,23.69186558200423,9.89169108087409
18,21,0.2760275968263839,0.33385266839213756,0.16809383702472486,0.2067337340675914,0.15118227496768433,0.09510248575579368,0.06582231761873805,0.09064961960510975,0.0,1.0,0.0,49,15.68514026386958,16.123162575877668
18,22,0.30689897113629194,0.38108939966221755,0.2228288472648544,0.25378902451710134,0.11244333324245012,0.1009351676497768,0.09847180354464682,0.12854392826935576,0.0,1.0,0.0,51,19.557586783419005,10.620466109069746
18,23,0.30315237042052284,0.391548958464377,0.24277985555611936,0.26632159159740054,0.17716657527599772,0.11837448438841977,0.09961836503912716,0.1521528354096829,0.0,1.0,0.0,52,24.276774740300944,9.502342322328197
18,24,0.2526633569873371,0.32180808150266016,0.16822001573820475,0.21494370515848166,0.0709463565003007,0.10291235600070785,0.05155485114631316,0.09306204716844592,0.0,1.0,0.0,54,14.6884052899314,13.413800023533138
18,25,0.3499781482987721,0.4340813374304011,0.2892290810271042,0.32161221315078997,0.21125560192152354,0.10040857711269346,0.15251569710389257,0.2857573853987637,0.0,1.0,0.0,55,25.40829235525017,18.603219214622865
18,26,0.31815215254046686,0.37719564817739654,0.25378505296648224,0.3212828750180647,0.6859064795978798,0.10311652266812232,0.15236916997319133,0.28843436674159084,0.0,1.0,0.0,56,26.25510060209924,12.91536732075907
18,27,0.30619139502793746,0.35641676455443133,0.24008298354366436,0.32115863206447587,0.32643122302040495,0.10327931440659024,0.1503170286419576,0.2873878235358611,0.0,1.0,0.0,57,26.074045115889096,13.38220664823906
18,28,0.3224697741387296,0.40737854706289356,0.30505379397501986,0.3676071196897954,0.17996883294338376,0.10015292446585031,0.16949050774128943,0.327389374703701,0.0,1.0,0.0,62,26.15143430457292,27.94810064065496
18,29,0.3452569470752437,0.42601447300270606,0.3260295489446849,0.3950894866214004,0.2314900130398026,0.1036347672209681,0.1943181286428607,0.2932033015513068,0.0,1.0,0.0,63,24.123240965983555,11.959968147885752
18,30,0.28829403947991966,0.33034582587400724,0.23996119873175104,0.35017467770949573,0.556007084417408,0.09881588977169749,0.15848341933355342,0.3772505408876621,0.0,1.0,0.0,64,26.7178082076691,10.777369606436023
18,31,0.21487848457802394,0.28399907952736037,0.21221155451703422,0.28089617606518846,0.2379860196215637,0.0827296728146613,0.09248980431043088,0.1499223386124636,0.0,1.0,0.0,65,14.5078657152838,10.394140703011905
18,32,0.2053805454952576,0.2642420494071238,0.1997405301448855,0.29425510514224884,0.27332211493243785,0.10140809872020876,0.0920130928100798,0.22807320606520637,0.0,1.0,0.0,66,16.018600538597617,10.05275166709254
18,33,0.2135710228490761,0.28800691598095046,0.2312699315599015,0.32262432091865234,0.11917826367870596,0.09143805662924258,0.10189541188244884,0.21553725954520045,0.0,1.0,0.0,68,16.69697378183213,10.87064137831262
18,34,0.2680033733120646,0.30909966971173497,0.25682653645665277,0.39184992712034383,0.4389813073265696,0.10259608619795786,0.16922974139263453,0.33073380022346777,0.0,1.0,0.0,69,26.544106244435994,18.999078477489
18,35,0.2677946632561208,0.3261835489271778,0.2804659028214318,0.40770727178731087,0.17147836286727475,0.10268882573132714,0.1692315305439423,0.3307136382551133,0.0,1.0,0.0,71,26.58117595422056,19.38815352711043
18,36,0.26365017744001495,0.3154505678526244,0.2741534953622403,0.40488743992379744,0.28017058880097584,0.11611165687877398,0.17019626571248608,0.2500165230250555,0.0,1.0,0.0,72,25.81801342598561,15.45554238212665
18,37,0.2593406317103976,0.28923991154493617,0.24445064598783903,0.3933229443560269,0.24096310363291784,0.1059278398307669,0.16917386822772204,0.3309896307440085,0.0,1.0,0.0,73,26.06579777036153,19.83146433594555
18,38,0.19216899212608138,0.22169155039862268,0.17715212135272562,0.33306106966948,0.10850842800286553,0.09572351850227187,0.10228652973463075,0.24997580388682655,0.0,1.0,0.0,74,24.120026080097453,10.099273319992754
18,39,0.26368075809180613,0.30010919532611735,0.2865045014702982,0.4444601991066884,0.4199530462245741,0.10268154864869146,0.19370544794126937,0.3477191013673152,0.0,1.0,0.0,76,27.11536626689291,17.206648864620252
18,40,0.18216689459699778,0.2527216261994278,0.25249209632418773,0.4022129067169745,0.11426781994870888,0.1031520170493955,0.1128522337722229,0.31556551460287724,0.0,1.0,0.0,87,24.66139916167656,25.01222339926012
18,41,0.4960801263541126,0.5991286293750406,0.5957731941757726,0.7440032331974733,0.4423197663277776,0.16282628887161676,0.41655803097671396,0.2594063255104978,0.0,1.0,0.0,92,33.79633878000378,23.46983504634817
18,42,0.48358073446530536,0.5858089651629601,0.6004898866439097,0.7488300742858323,0.4165465601834794,0.16282628756773684,0.4165365241539395,0.2595668214747978,0.0,1.0,0.0,94,33.80032186278509,23.4695113126306
18,43,0.467198559684093,0.4851323828107079,0.48300798344864476,0.6609337888984377,0.4455398051779348,0.17400899850877286,0.4091075431495626,0.5353865069633689,0.0,1.0,0.0,98,38.10614153236036,20.809914982275515
18,44,0.21967154078576387,0.33587961665475285,0.3763216616635978,0.5237784482542802,0.18651208954294807,0.09542841433011312,0.1659180186679911,0.31899368304869286,0.0,1.0,0.0,103,24.082071364989822,25.16755879428908
18,45,0.20847998097454426,0.3056838405811245,0.35750123959101243,0.5320491301067034,0.26018016836711555,0.09070696184216416,0.16582382626209263,0.32019497646986156,0.0,1.0,0.0,106,24.62926412895237,29.117961784180103
18,46,0.154765415973741,0.21048816056480987,0.2533015967293055,0.4372645980800344,0.14679251185029268,0.09615484761099388,0.11566074990870626,0.300592152579444,0.0,1.0,0.0,109,24.97254203767624,25.04779623280143
18,47,0.2286259565314832,0.47068656977388557,0.5876103263038412,0.7068071055489751,0.196785330983255,0.10688064825795904,0.19324649320565118,0.35125229463682806,0.0,1.0,0.0,137,25.81741728506432,15.306442512551916
18,48,0.15093744224999062,0.40218976755256447,0.5303333453849731,0.6294234568201863,0.2485842366630755,0.10098504641409418,0.12000999511369863,0.34752828331648156,0.0,1.0,0.0,138,26.65128008500725,23.531924221484235
18,49,0.15081563176595558,0.419395648644584,0.5540479926896228,0.64783089747055,0.12178296774967276,0.10098504641409418,0.12000999511369863,0.34752828331648156,0.0,1.0,0.0,140,26.61405984253954,23.415521250316303
18,50,0.18601293377065634,0.4269901875093093,0.5610200328748521,0.6792410946681295,0.22785177599757328,0.09732456207912613,0.16038664890794394,0.3704629136855956,0.0,1.0,0.0,142,27.20757740263444,17.202431295375387
18,51,0.18749689190365595,0.43709601067232656,0.5825677494178695,0.6995007678601085,0.2244984407722516,0.10129758328602308,0.16634091755575042,0.3648768639243336,0.0,1.0,0.0,144,26.776771076997903,17.891380685527018
18,52,0.18903366880672398,0.4526593695024399,0.6064958851079926,0.7175592459702749,0.18937756951664161,0.10677760324253045,0.16960984451701636,0.3500997533839357,0.0,1.0,0.0,147,26.1522836846164,18.076663505544488
18,53,0.17332254877677894,0.4458921415108843,0.6109264880260599,0.7192517077881364,0.1921453279363968,0.10270981643001416,0.15804504433010405,0.31488847718568425,0.0,1.0,0.0,150,27.43307474312067,11.002236084648764
19,0,0.8647988618088236,0.8215281707651679,0.36853857956162356,0.011105157604491463,0.0,0.0,0.0,0.0,0.0,1.0,0.0,1,11.593590540990052,25.675421081293084
19,1,0.6733827932943529,0.6838959482406438,0.2829524268941054,0.006768739694601818,0.647667568564574,0.09188667706711172,9.306642838590999e-05,0.00019948378666025,0.0,1.0,0.0,3,8.137925900429778,20.84952640690917
19,2,0.6097416470124837,0.6314292588708733,0.2503358250629675,0.010111877863571242,0.24713562922376225,0.0880551324245775,0.00015396477340033,0.00030410884571632996,0.0,1.0,0.0,5,6.332119882014734,8.683308572320676
19,3,0.6078032322549469,0.647325797797882,0.2732309750961822,0.01576488207112849,0.007900521705343508,0.08667423162124868,0.00014094510384568,0.00027620175796329,0.0,1.0,0.0,7,6.428863610670115,8.797010216376531
19,4,0.6068723449975143,0.6289719721852469,0.2488169638603185,0.01804720790894362,0.0040966346936428585,0.0855265532107353,0.00018000113198287,0.00034302211656092997,0.0,1.0,0.0,9,6.160138485989174,8.6789347841464
19,5,0.579934233321539,0.6054980380349098,0.23441997768949163,0.02065895007642698,0.2266152166113833,0.07960437260638394,0.00072554558026755,0.0017108692950157701,0.0,1.0,0.0,10,7.081764320039762,7.568660540487992
19,6,0.620290017245697,0.6594859218179965,0.2846441916638232,0.04678327856988243,0.12647111066293534,0.07213395738192487,0.010324699812988499,0.017142796433033538,0.0,1.0,0.0,12,6.592292520275312,6.807202701435903
19,7,0.5755284034409138,0.638475515794749,0.2880646516890988,0.0641687218635867,0.08061481505432319,0.0739842226574812,0.01953377367450321,0.01269886068781818,0.0,1.0,0.0,16,5.943582585069999,6.488445186871908
19,8,0.5147482504849691,0.562843185810433,0.2255031145880409,0.046510148911539505,0.21721346507297878,0.06313921733735092,0.01291949681636618,0.02111939863115311,0.0,1.0,0.0,17,6.35660472978252,5.393421673598042
19,9,0.5083938555925411,0.5741221739051403,0.24725299464728362,0.05865642274775486,0.06843896863280785,0.06389982627192217,0.01747679286456662,0.028565420995046508,0.0,1.0,0.0,19,6.160781059124353,5.271797163218841
19,10,0.5053412223653057,0.5710607624759684,0.24529522978048474,0.06246903643627654,0.044803332336067314,0.06661438734477428,0.01733599226641299,0.02821705141302184,0.0,1.0,0.0,20,6.47074818670985,9.440309603139614
19,11,0.5052028407132826,0.5884818041640707,0.26914369829235457,0.06909558977678772,0.01798929263269617,0.06661438734477428,0.01733599226641299,0.02821705141302184,0.0,1.0,0.0,22,6.429148479706873,9.577417249492362
19,12,0.4977828455640763,0.5803013110427429,0.2720709502187443,0.09898749468081314,0.1276053602131425,0.05574297582522304,0.03854890167277999,0.03699765539270946,0.0,1.0,0.0,25,6.823489830022256,4.808702949756452
19,13,0.4667949858013849,0.5315285164435769,0.21866063019478185,0.06714573800754105,0.038177057178213264,0.06814064742424149,0.01193362928097419,0.02542411323060268,0.0,1.0,0.0,27,6.510345851781034,5.837836605936749
19,14,0.46382712535493725,0.5459323715604293,0.24075444101633367,0.08435282440537151,0.023172731451584078,0.0583112153736461,0.012257460732840491,0.02178970242979496,0.0,1.0,0.0,30,6.721568156229201,4.735784726137455
19,15,0.4448507214180697,0.5253909664397405,0.2284652212432497,0.09710274015688036,0.21887325148322598,0.054848799213486565,0.013553114465943188,0.02368534987041365,0.0,1.0,0.0,31,7.044147610456503,5.989407398141522
19,16,0.4327009377113281,0.5294960315506533,0.24415006818855564,0.10962775991632125,0.07863277191093107,0.053529787674014825,0.0138712994966008,0.02199655459002827,0.0,1.0,0.0,33,6.6401156654190405,6.312866959573136
19,17,0.4221489291585872,0.5418388723739205,0.2994798515608106,0.2081530865197646,0.12897698105761846,0.052524248081335344,0.07110768003588815,0.07192108864109088,0.0,1.0,0.0,48,7.469609710337599,6.170950021000414
19,18,0.4206208081750471,0.5573978811712693,0.32230050591346376,0.2585923558398179,0.07413553805731936,0.05176793056125003,0.07145325380905705,0.07158831367198036,0.0,1.0,0.0,65,7.856377854137155,7.559438703061019
19,19,0.41880597965562405,0.5549714003834096,0.3210037656311526,0.258989513336318,0.09545232078657381,0.053633544035194755,0.07201624596080078,0.07229549224643429,0.0,1.0,0.0,66,7.733330426103696,7.38633273639839
19,20,0.41437385151925177,0.5980038973089944,0.3923018409676501,0.3089687862753831,0.14951142105493914,0.06802930518792484,0.08655697847303712,0.13038273211846838,0.0,1.0,0.0,69,12.128496414873007,11.342311196102594
19,21,0.3704955797536226,0.5435925553491596,0.353466212569415,0.2895405773691409,0.402925873259019,0.06593721828420365,0.07336242193351307,0.10456370519085476,0.0,1.0,0.0,70,11.663923366219196,10.43716958546318
19,22,0.3748004733689614,0.5292438694491169,0.3341928947377456,0.32309152751757,0.08855731175465742,0.04301018768139659,0.08041189942476523,0.09419547751149646,0.0,1.0,0.0,82,7.453200332879213,7.006511537556623
19,23,0.3589314460552215,0.5111480648441159,0.31913964798003525,0.3259067720970261,0.16956319546454574,0.0738279180770831,0.07036733465925389,0.08028153107044629,0.0,1.0,0.0,83,7.027921794816035,6.4547625473704615
19,24,0.3560498668848462,0.5495404095813397,0.390541415475528,0.36216089483126923,0.17956025712908635,0.0658535787574996,0.09282118263755176,0.137747319197077,0.0,1.0,0.0,85,11.8784901234126,10.485170069921542
19,25,0.3486028228171216,0.5508588001445159,0.40825235687503547,0.37800767550414094,0.23836633779212252,0.06383906126722512,0.1030878960734521,0.14891814740126744,0.0,1.0,0.0,87,13.3552765019731,10.13013974638596
19,26,0.3372459857212955,0.5312736705924777,0.39734465494354565,0.386305955927593,0.2678194088924567,0.07636788386488363,0.10646519835596471,0.15301402530709912,0.0,1.0,0.0,89,12.982676672456552,12.191362864563615
19,27,0.31584399733743385,0.49944007196759554,0.37579320606851496,0.3894590799749581,0.2879546805565737,0.07118546416646783,0.10184043894636483,0.14974079735898768,0.0,1.0,0.0,90,12.262173198432894,9.669331672593714
19,28,0.29798109275586787,0.46414344700632315,0.35651495283038886,0.38696162085255453,0.5721943902907288,0.07792070510385676,0.10893179114323677,0.13042556055831617,0.0,1.0,0.0,91,14.095608380846391,8.877929304340562
20,0,0.823905287243564,0.7943016471173304,0.3516009112951107,0.009594867273571235,0.0,0.0,0.0,0.0,0.0,1.0,0.0,1,13.261423559587271,26.054341339723248
20,1,0.6326695167951892,0.6507749864710247,0.2623354147153814,0.004900407762804594,0.6751976525068343,0.09253101225939424,6.021386067371e-05,0.00012282785553929001,0.0,1.0,0.0,3,10.258785560586457,11.27236439757718
20,2,0.5666426467673922,0.593531864034114,0.22679251234041342,0.006787582542922024,0.27024474676635585,0.1047366829166128,0.00024085544269487002,0.00049131142215718,0.0,1.0,0.0,5,8.632080571545897,5.454614250102383
20,3,0.5578104821845391,0.585511160085247,0.22183515709506946,0.010863174127952537,0.03843987777099504,0.08838009115636664,0.00032632025261646,0.00057731930297103,0.0,1.0,0.0,7,12.413791570577697,4.385939140335171
20,4,0.5398550692234211,0.5688885758312615,0.2114238805213783,0.016178101137581512,0.15471036539735114,0.09930935464484339,0.00014007632856889,0.00024716733883895,0.0,1.0,0.0,8,10.40246244133876,9.911077761395012
20,5,0.5064621417061971,0.5369660591324271,0.19182361319464694,0.01695680032366624,0.15429864918045433,0.10215019429002918,0.00082497380128851,0.0028785356357749698,0.0,1.0,0.0,10,8.412428847900445,8.683254989578192
20,6,0.48535952728908266,0.5160401498555777,0.17879085516555437,0.02529814808937437,0.06649161954104826,0.0848625492517495,0.00078625499328022,0.00293437261649989,0.0,1.0,0.0,13,11.598233694697086,9.109269658573242
20,7,0.4822672542957541,0.5128489742088742,0.17679080122299004,0.025079653122826458,0.029811722826185806,0.08449109492928274,0.00074692753054628,0.0028264173351211,0.0,1.0,0.0,14,10.242436629471811,8.954104041382084
20,8,0.4716882856828129,0.5019901122046055,0.170110214620317,0.02871064890696411,0.10457186869277871,0.10460042970647054,0.0009445871162903,0.00331331117681124,0.0,1.0,0.0,15,10.228066800921878,4.451841873367657
20,9,0.48782878054107887,0.5346752107069495,0.2176217988941776,0.08424451865566149,0.08039264748827635,0.11656269270290147,0.03843449235458097,0.01972390169036243,0.0,1.0,0.0,20,8.949734762056348,4.321428089592171
20,10,0.44466923443381634,0.48739610724826693,0.18762864665623744,0.08484144637094504,0.46748187247666784,0.13666974772361962,0.03689724548265289,0.01709883609471817,0.0,1.0,0.0,21,10.479522531941331,5.337124458424698
20,11,0.42606014781802237,0.5041202292290117,0.21644060309618257,0.10362734464444143,0.01800282375097001,0.08793596050155542,0.0167495935326092,0.024588873338162502,0.0,1.0,0.0,25,11.302405695892867,7.906083224217229
20,12,0.4045469972314423,0.46210156146145104,0.17654023804481336,0.09813418685155109,0.20472425113616552,0.10167734189310954,0.01476580160961365,0.02830344747062034,0.0,1.0,0.0,26,9.342404693071652,5.897757144152701
20,13,0.40173178421966377,0.4763519907993887,0.19841622863330868,0.12181665439586255,0.019938225230736115,0.10167731783682676,0.01476579365976453,0.028303463696964248,0.0,1.0,0.0,32,9.253485940217445,6.098946238451453
20,14,0.40439254720646034,0.514993067631565,0.24759171839487057,0.13329847113675344,0.01400217459840235,0.09012542185507932,0.012424269830007679,0.020202411021508,0.0,1.0,0.0,33,9.70763380930868,3.930455375531979
20,15,0.39240053292471383,0.5183705792654223,0.2628212004792301,0.12190556450188876,0.03926391161073945,0.08871599150818195,0.01273487214534795,0.01847403604377198,0.0,1.0,0.0,36,11.109326081145491,6.794730256072606
20,16,0.38923554438671326,0.49713006539627347,0.23641282487403864,0.12404535953137498,0.042283483726176505,0.09179067092092827,0.01224864755493099,0.0105191668840005,0.0,1.0,0.0,37,10.839504376202363,5.09828495002642
20,17,0.3835980488213702,0.4902505343616021,0.23233532288805783,0.12957124417823893,0.08251691542988215,0.08743427069803321,0.012783716787777368,0.01606492473484259,0.0,1.0,0.0,38,11.559427161933082,5.280515540860789
20,18,0.371376864581698,0.42083823725248026,0.1529587816471998,0.1526289161209594,0.04563012981073308,0.11293836402348971,0.020292806481138632,0.02740108430519324,0.0,1.0,0.0,47,10.800777824577867,6.104170746327099
20,19,0.3555484181118145,0.41964024191379035,0.16349321578386986,0.1510970944392349,0.08249033620433835,0.10561707088654562,0.01571172560552737,0.02356905170210974,0.0,1.0,0.0,49,11.639687671128788,5.019744946685431
20,20,0.3515918957327033,0.4796503469713327,0.2592327236329194,0.2057474761277066,0.09611172551071066,0.06335982000526398,0.032551451337350365,0.08140985284770941,0.0,1.0,0.0,53,9.882918053662072,58.56925103425479
20,21,0.3413223477908427,0.46780077102699774,0.2497809777908417,0.24074607342170706,0.03301508304249633,0.0694607660061359,0.02704710338286397,0.06805998761230564,0.0,1.0,0.0,63,9.369315202731936,52.95535176608087
20,22,0.33963633763778517,0.4831050357799923,0.27230822071753796,0.2502953443577855,0.037584844714362464,0.06796347928586494,0.02703557775961955,0.06817325185195797,0.0,1.0,0.0,65,9.51045209665975,58.13602376659529
20,23,0.3377714393732235,0.46310397320007063,0.24678395983620488,0.2402982763132696,0.04805451774904386,0.06156391397806499,0.02684831418165277,0.0631390002836464,0.0,1.0,0.0,66,9.317841560646269,52.34683793145224
20,24,0.33489610431782646,0.47664210261777984,0.26836426934374397,0.2501280725327399,0.06871187095059775,0.0630582117214319,0.027238335940823734,0.06722210319702346,0.0,1.0,0.0,67,9.762066284871349,58.39016425256423
20,25,0.32699767613687863,0.4489488117753249,0.23746905358398865,0.25866794808950316,0.051825183889288445,0.07269072516714077,0.0255015049536352,0.06539096041462851,0.0,1.0,0.0,70,9.88231076257698,51.99715450393105
20,26,0.32429337934610625,0.46286758179629006,0.2590619844491846,0.26829205555884256,0.04146143800111619,0.07139196251860476,0.02529818379580962,0.06546055598303926,0.0,1.0,0.0,72,9.97905188165969,56.95433996254303
20,27,0.3218575647299273,0.4948376412811979,0.304766028689472,0.3295818449519373,0.026796621765265254,0.073737497506592,0.02475219867736271,0.06485756451330922,0.0,1.0,0.0,84,9.484544789572404,53.176368426169375
20,28,0.32154063071511574,0.49432099509982275,0.30452140726150384,0.3297451889638259,0.03172522596043468,0.07128188840615812,0.02495552325772624,0.0635519551924038,0.0,1.0,0.0,85,9.477488835551084,53.17960412091181
20,29,0.3150306934678644,0.5028694880523853,0.32279367140108095,0.33938592390430694,0.10812873318707572,0.07099186766186158,0.02480568690686254,0.06386768610097422,0.0,1.0,0.0,86,9.596864368347584,52.7998678023906
20,30,0.31418134415471516,0.4841287326480332,0.2981164243613317,0.3342108596870004,0.035721822879065626,0.07063615920796774,0.02478524309149415,0.06427419823227606,0.0,1.0,0.0,87,9.322165657516717,52.73434836370254
20,31,0.313879267460721,0.4836195045909165,0.29787876042085365,0.33859516731955525,0.03175030215744645,0.06818308570069864,0.02499437812042889,0.06301809921621288,0.0,1.0,0.0,88,9.314591929819,52.737203486622114
20,32,0.30979314424681537,0.4954936481247916,0.3181989109617989,0.34435596067777824,0.07629182711727558,0.0692525191299064,0.0247892503815393,0.06439131898423653,0.0,1.0,0.0,89,9.473640565338703,57.6743482552226
20,33,0.30962910330050536,0.512751361804069,0.34200811232331135,0.35496818917689094,0.026050828102934756,0.06989503097685398,0.02495415615876921,0.06458107944637963,0.0,1.0,0.0,93,9.51025370955436,57.55423204924245
20,34,0.30987929424259264,0.5128534662386135,0.3422996582820149,0.36506472472426293,0.027912694048541777,0.06947415727892896,0.025557587461647192,0.06465376936128402,0.0,1.0,0.0,95,9.601973187721589,57.84506015890677
20,35,0.30892496093168753,0.5117107608396798,0.3413990429303579,0.3803962472892155,0.027067098461551586,0.06838131180460952,0.025055540823902878,0.06509507965699793,0.0,1.0,0.0,98,9.547034418842328,57.72055235763069
20,36,0.3071147722722545,0.5442795384367404,0.3876610613948505,0.4114422090067806,0.028904842328976048,0.06873175952217077,0.02500029160064584,0.06498484030644221,0.0,1.0,0.0,104,9.437345459295283,57.69833465488583
20,37,0.30705057421930515,0.5441827335287718,0.38760520854132,0.41144785717273935,0.026025711543616246,0.06881310825959601,0.025012004801536192,0.06507392637227409,0.0,1.0,0.0,105,9.443467265066046,57.67850066785338
20,38,0.3030384335480747,0.5383232219565615,0.38406094384211903,0.4178663028800273,0.08294371692679826,0.06448272228635755,0.025279077325769228,0.06484321028928412,0.0,1.0,0.0,106,9.814203463668816,58.043340117308986
20,39,0.3027617125910451,0.5379805473847322,0.3838003867042128,0.41772902401021794,0.027202783981320897,0.06493828771023076,0.02515370691760574,0.06498711458526732,0.0,1.0,0.0,107,9.747678151796585,58.16843414389432
20,40,0.3387868275105681,0.5221894306467789,0.3478060190458121,0.4761913868098434,0.07515750882770791,0.051747925762300105,0.05918901479466766,0.08256956195221378,0.0,1.0,0.0,110,13.043472407149476,13.576422544137994
20,41,0.3008895118283951,0.46285240307194514,0.2868531289539948,0.3915958101094106,0.038736397340804814,0.06871329954243086,0.03000555240143693,0.09879916736517183,0.0,1.0,0.0,115,12.711547956825708,20.27547928394662
20,42,0.29947662202000613,0.45790538703409966,0.28608433369684416,0.40014583717089336,0.08810220247661085,0.07017336456632497,0.03611505795360413,0.10696004332000938,0.0,1.0,0.0,117,14.220504680925483,22.307284262300023
20,43,0.2928532005181777,0.4680336118798888,0.3035243103193865,0.41338126917299156,0.0389331671838825,0.06606142478138838,0.031162213073426932,0.06544877836827384,0.0,1.0,0.0,120,14.575973872139366,25.37184456344888
20,44,0.29259194461448673,0.4844751089749542,0.3273324923871577,0.4380080272330808,0.05741795929787956,0.06510017318114875,0.03266813509218136,0.06553115853193688,0.0,1.0,0.0,121,15.195007387609436,26.21541956961784
20,45,0.29050720301885946,0.48135005538576514,0.3253883706612028,0.43783143380680506,0.04732803431385665,0.06510017318114875,0.03266813509218135,0.06553115853193686,0.0,1.0,0.0,123,14.907420405140536,25.1131184189958
20,46,0.2784132472109262,0.46371029571850425,0.3139032655254616,0.4449812345570906,0.1844698440090966,0.06354901840872605,0.03131493397003874,0.06494744766120324,0.0,1.0,0.0,124,15.560126300072236,25.171741776991755
20,47,0.2815873491978617,0.42992610153282684,0.26935545920984216,0.48909783979785526,0.042028454746527964,0.07322769134479193,0.03790671082047613,0.12965828996383813,0.0,1.0,0.0,136,13.14136031580551,19.229780006854604
20,48,0.2815963085096951,0.46303933269810205,0.3173701411098854,0.5139217427773037,0.09528968829556639,0.07870542486111091,0.04159358210647663,0.1378599863579049,0.0,1.0,0.0,137,13.60202407012486,15.9649763953949
20,49,0.2792151826506809,0.45930095063492743,0.3150444921916295,0.5137105056405236,0.053253949821673384,0.07870542644934289,0.04159358190700543,0.1378597757373618,0.0,1.0,0.0,140,14.048028891731994,16.89924810431909
20,50,0.2631397148977227,0.5818930488839359,0.4905178685027095,0.597498512351191,0.03180047838952907,0.07081847278559121,0.02868487846173859,0.06026580048959744,0.0,1.0,0.0,152,10.129439392391635,65.21958581797959
20,51,0.25227176313547267,0.565570684412101,0.47972674208981825,0.6281033602498618,0.09398506149301741,0.07817941550236834,0.02699932933441781,0.058549041650611,0.0,1.0,0.0,154,9.845531314299144,64.92551806586022
20,52,0.2670388783600849,0.633637118376808,0.5662995068126428,0.6660395452196064,0.05209959777689894,0.07519472852182453,0.040748832544931626,0.08326182808623347,0.0,1.0,0.0,159,10.259900839177435,56.214678401331405
20,53,0.26977634552929014,0.6549338212453627,0.5929685792191516,0.6917056002714003,0.045684287264003726,0.06775815469411006,0.04183276489525742,0.08747186412620753,0.0,1.0,0.0,165,10.149386166830832,56.74812824655675
20,54,0.25053845440145595,0.6483170794056141,0.5976242082802857,0.7426018075595039,0.03085200629229831,0.06575294059936541,0.03061512318583829,0.060522092014357654,0.0,1.0,0.0,185,9.984462192440814,63.28468164884591
20,55,0.24519700035004494,0.6947142024172787,0.6640640294033603,0.7871842835478859,0.03031592656001845,0.0608185317350768,0.026761395201172627,0.06137105070593739,0.0,1.0,0.0,191,10.165019197760705,63.436705835610745
20,56,0.23718638815834536,0.6626652495091202,0.63182208234314,0.7896654795682574,0.06739771752843679,0.057417916487965105,0.02863118393310002,0.05934698575659551,0.0,1.0,0.0,195,9.911943585624046,61.27946806769224
20,57,0.2312261895196848,0.6879437066977437,0.6734539112092793,0.8122915340610625,0.07292782393666429,0.052839077975259253,0.02832535818795175,0.060191239311457,0.0,1.0,0.0,197,10.137226454312534,63.3058561197239
21,0,0.8907443274134657,0.8382705053674933,0.3789540206718261,0.012033891230171102,0.0,0.0,0.0,0.0,0.0,1.0,0.0,1,10.53040715670314,25.616016413902702
21,1,0.6616664636300127,0.6745246205926938,0.27712202649600387,0.006247707062528231,0.7704438727931144,0.08186678209014724,9.180857499576e-05,0.00013603250738114,0.0,1.0,0.0,3,8.643776318596347,20.64191577694535
21,2,0.6064367553703358,0.6286531708365087,0.24876790259215206,0.006350595994572413,0.4364940804000488,0.08816230550997814,0.00057500778818395,0.00102491640932208,0.0,1.0,0.0,4,9.984855701227586,19.468264348915568
21,3,0.5682342921099128,0.5949599762743706,0.2276471061630517,0.008086074275081687,0.31300870928600627,0.09390330315278066,0.00015105388866486002,0.00021916906470642,0.0,1.0,0.0,5,8.0565976416344,8.627604025992595
21,4,0.5643990866947114,0.6090558513429315,0.24943860173533425,0.01368074043381755,0.016615735582193467,0.09444478462725577,0.00018191026531652,0.0002624685725912,0.0,1.0,0.0,7,8.096938307540565,7.165393150067246
21,5,0.5599358440685391,0.5874705758538475,0.2231084767312181,0.017523696888564092,0.020780922810405323,0.10014114777420262,0.00047013427892539,0.00078756376393145,0.0,1.0,0.0,9,9.421386738912018,8.522867334682168
21,6,0.5003044378265817,0.530899668215657,0.18811446203777507,0.016781630951466814,0.5381391073519437,0.09416552176561392,0.0009963645492989,0.00180606441143424,0.0,1.0,0.0,10,8.890068462736417,8.502392678423327
21,7,0.486112856314418,0.5342515910632682,0.2035292018986366,0.028041325062556997,0.048958887415573873,0.09293847409221809,0.0018397774336074,0.00559789800324285,0.0,1.0,0.0,13,8.89549838779758,9.5560184822928
21,8,0.48301621189781935,0.5486662701213582,0.22550926570384683,0.03389292337941417,0.016612968874009433,0.09243722648335424,0.0018443234190218,0.00545601736783623,0.0,1.0,0.0,15,8.508189308451254,10.283968714423468
21,9,0.485364341561779,0.5509682879779965,0.22963086203675184,0.04972255931378443,0.018099240023111394,0.0791403542831294,0.00896132995762376,0.00707219736894537,0.0,1.0,0.0,20,7.276392978567688,8.554487470856628
21,10,0.4769834420049435,0.5593949526288423,0.25212354535666276,0.07697506108042526,0.11573077645865798,0.07830556230529472,0.02018025933049169,0.02464950453781688,0.0,1.0,0.0,22,8.8235509609339,5.978554907534866
21,11,0.4753081778903803,0.5566688978948922,0.2558241204452935,0.10830250946765922,0.19426469919004025,0.09448650223432395,0.034460465957449324,0.030894009040201408,0.0,1.0,0.0,23,7.704543773285522,8.343397635175855
21,12,0.46988429090930534,0.5507946939644139,0.2521833582036377,0.11279864987873184,0.09007311272807574,0.08904158576930171,0.0344963457975926,0.03074755467244713,0.0,1.0,0.0,24,7.596767989673241,14.389149489974304
21,13,0.45003952103344946,0.5132009171190072,0.21058825916948526,0.0836495848527579,0.036386387716695875,0.09344324077264746,0.020743595549572492,0.01807693260081211,0.0,1.0,0.0,28,10.77181247082652,11.626507535389694
21,14,0.4338773135137116,0.5455039030719268,0.2752564605518653,0.14049622420668312,0.08973549936108625,0.08454927055047431,0.03540341262366362,0.0395779842963486,0.0,1.0,0.0,34,7.413618205801169,7.950368748244458
21,15,0.43189285047432474,0.5606759994124475,0.2979385323311157,0.1545240092526363,0.043081288019843324,0.08486359393233603,0.03601907740401026,0.04005338266891454,0.0,1.0,0.0,38,7.299477854076661,8.086861804000124
21,16,0.42480790153675413,0.5524406010423902,0.29277973522338097,0.1594109438802443,0.11248150208929204,0.07763971957260933,0.03592494871190334,0.04017123616998741,0.0,1.0,0.0,39,7.092085634083988,15.09169690490588
21,17,0.4202154071759628,0.5472298452363471,0.28914916885214287,0.1688496481386677,0.04473455267216753,0.06757599952744128,0.034895757367224486,0.04590675019662881,0.0,1.0,0.0,43,8.469080721873343,5.470351407474194
21,18,0.4104200869316246,0.5180244982151808,0.25797501150470387,0.1621817602357275,0.1445074761252975,0.06807100174872226,0.034909915953630986,0.04574839070439278,0.0,1.0,0.0,44,8.455793280315099,7.978258106863553
21,19,0.4041322003357144,0.5451473099681937,0.3016207277314635,0.1804509662783289,0.1307949226534512,0.06824040674196102,0.036897254235436376,0.04530720480615707,0.0,1.0,0.0,45,8.052577808549508,7.026716669512428
21,20,0.39685728993759184,0.5362666689253113,0.2960706280124493,0.18056054088001366,0.11971267898663969,0.06085281639268515,0.036829891307586335,0.04554980811571691,0.0,1.0,0.0,46,7.817329190490216,13.758192962641289
21,21,0.39536817679646,0.5166444643481382,0.27121876932621897,0.18069559256477144,0.06629104085054487,0.06462811196615588,0.03779826103503941,0.04621620771507558,0.0,1.0,0.0,47,8.139112313896424,8.869840704860911
21,22,0.3917774398056844,0.5299523289430424,0.29223634480816163,0.18248571518653586,0.07048555572020358,0.06272116338322906,0.03707808347883116,0.04640273008211117,0.0,1.0,0.0,48,8.118136873845422,9.047690425486111
21,23,0.3873882608610273,0.5420216490131363,0.3127497489245701,0.19668667534704354,0.05416117903433555,0.06310448836372179,0.03706304130315215,0.04643942152291603,0.0,1.0,0.0,51,8.031757887769315,9.01279654124011
21,24,0.380064220542883,0.53112767646287,0.30825376995204057,0.21006125619957922,0.0961617522965679,0.07282545623280459,0.04309950141056615,0.05824543837955938,0.0,1.0,0.0,54,8.074352660910524,9.274199941187554
21,25,0.37352652196150127,0.5413942700169025,0.3261813707161935,0.2181036944672768,0.055138597241699935,0.07067274749309724,0.039209438758542395,0.04670274402145415,0.0,1.0,0.0,56,8.269105335862509,9.290395938151924
21,26,0.3764184259553029,0.5926118402771244,0.40358637688294446,0.26604689121779773,0.1151749319198765,0.06586062289370365,0.056435921972771405,0.11524113932455611,0.0,1.0,0.0,59,9.75356687702092,7.221005034626421
21,27,0.3608869803187633,0.538061572380066,0.3421559296039008,0.2580861979909891,0.0818163125240711,0.08392985025857706,0.052537888101847854,0.06680978128218293,0.0,1.0,0.0,64,12.423891529519954,7.593986277324453
21,28,0.36018506141704176,0.5339752340634155,0.34278916056894204,0.27726346839956095,0.07762165454310671,0.0734838409828225,0.06094077835809571,0.12609668143079328,0.0,1.0,0.0,71,10.38870824515979,9.3968157772885
21,29,0.3630014820654135,0.5349089606710187,0.3464087007553798,0.2878877818357825,0.13715666070619237,0.06258043062077355,0.06898177123108977,0.17912769794057443,0.0,1.0,0.0,72,12.397662330868156,12.47194563765314
21,30,0.3535031254774949,0.5389991555641833,0.36196402326175814,0.30279594855117486,0.1316864906899085,0.06258043062077355,0.06898177123108977,0.17912769794057443,0.0,1.0,0.0,74,12.802153335645372,11.739101190117031
21,31,0.3467230858179552,0.5470906258680498,0.3798247913113044,0.31766580190839633,0.11072237871949582,0.06451644858780281,0.06849548790803997,0.17401961808143604,0.0,1.0,0.0,76,12.768213576563058,11.687687887064133
21,32,0.34482994724534294,0.5444992152894907,0.37809883779025366,0.31723748715187206,0.08971901501330273,0.06620674036999312,0.06819421134532605,0.1707577889222663,0.0,1.0,0.0,77,12.75807688553055,11.67926744832953
21,33,0.3482607218109431,0.5644762295284119,0.40570303430786653,0.34501033701704437,0.08941157879079589,0.0824662193186477,0.0739245395397297,0.2155229375096274,0.0,1.0,0.0,79,10.14958087571696,9.526936639683504
21,34,0.3374865007994091,0.535407976761051,0.3711523714308297,0.28310545264618137,0.07590851672459759,0.08897566505497431,0.0647786038831826,0.1745891130319945,0.0,1.0,0.0,81,8.948839968039053,9.21814332774142
21,35,0.3285819444225261,0.5599793278545729,0.41044494052287245,0.34638799112601304,0.08389630634495578,0.08218356040416032,0.05944611541845102,0.14833604923233074,0.0,1.0,0.0,83,10.21009991135166,7.981445348763255
21,36,0.3218270025970228,0.5428676890381917,0.40522458938572736,0.39036680831881754,0.37124895886638287,0.07478360264585689,0.07380151281978717,0.0891686359236504,0.0,1.0,0.0,84,9.792648803415217,7.651193891126639
21,37,0.2954904116049457,0.5187895742444585,0.40324794876329045,0.39532231701062914,0.4639128528450155,0.06681441150303763,0.07377931727357649,0.11832652917061388,0.0,1.0,0.0,85,11.39308320855975,10.46892060653816
21,38,0.29121516817389986,0.5304061035945383,0.4228719902886976,0.4263607487505874,0.08027874722115086,0.06560895295249182,0.07215610145097043,0.1140052091359837,0.0,1.0,0.0,90,11.563471741801926,10.51208814264059
21,39,0.27583589320379215,0.4742288029978343,0.3593871863721625,0.41319551598913284,0.2009357179813075,0.07557073340586531,0.06550030298068552,0.08963717881052038,0.0,1.0,0.0,91,11.34354786294261,7.793566655238714
21,40,0.2757110232926412,0.4915804466854571,0.38319250437231683,0.41455640964231205,0.06648011360347825,0.07557073340586386,0.06550030298068561,0.08963717881052169,0.0,1.0,0.0,93,11.212464572716751,7.897480227187054
21,41,0.2754866015918962,0.5088710487231259,0.4069005020969947,0.4347836465972299,0.06587257053979395,0.07554760534186795,0.06534333668141992,0.08964030648824647,0.0,1.0,0.0,95,11.25031017385108,7.857083420168086
21,42,0.2596524486791638,0.5415278654864975,0.46258988199216217,0.4537167533946652,0.10429199058934782,0.06518753237963278,0.055660674503199836,0.14435959511832835,0.0,1.0,0.0,97,10.303405654705587,9.157491965347928
21,43,0.2551094351426993,0.5341185978069639,0.45780712835777326,0.4528721013783841,0.08774374914883364,0.06512888603756993,0.05520165676364595,0.1504496613070696,0.0,1.0,0.0,99,10.381308899886848,9.143433044263505
21,44,0.26018275880175945,0.5741504873349422,0.510735924199633,0.4846561887246901,0.0614876358311619,0.06459811763425391,0.060502392537808744,0.12824005995116805,0.0,1.0,0.0,103,10.380701606924806,9.20193709286214
21,45,0.2641408975563502,0.5889967838765122,0.5379297451880904,0.5145947544826361,0.14788624474675582,0.06466290648358096,0.07359364312129027,0.1450125202903497,0.0,1.0,0.0,105,10.558453366398275,9.284497534185489
21,46,0.25700856642046477,0.5963148983306404,0.5543457709796765,0.5333088129038196,0.10443282676401586,0.0681380984541726,0.07055725436864135,0.13841693343534034,0.0,1.0,0.0,107,10.672935019365926,9.273882207658362
21,47,0.24597190269474703,0.561311490058575,0.5184664443827941,0.5241847874308954,0.20450763099082325,0.06697356532441025,0.06766529231875229,0.13823735163028344,0.0,1.0,0.0,108,10.50299236564624,9.88119067858756
21,48,0.24146047563544049,0.5554240384594832,0.5137415225467846,0.518343592267593,0.07209328682257177,0.060485679960653925,0.06485439609229837,0.10776769066555023,0.0,1.0,0.0,112,10.808525025083746,8.834684217064005
21,49,0.23212150138951154,0.5414954565445919,0.5036467432708387,0.5453563329030553,0.07696656362466786,0.05827277334922006,0.061070515707056815,0.11512016802478664,0.0,1.0,0.0,118,10.88380953636606,10.888752847400452
21,50,0.22355286279565337,0.5496002740160878,0.5188590520288959,0.5391738690305616,0.05659580450690776,0.059847907020302314,0.0535540844218215,0.10171450038949503,0.0,1.0,0.0,124,9.482786460486222,10.202744936265717
21,51,0.2347812663254265,0.507026982491246,0.4580847198693153,0.45974738081369326,0.08909631464614637,0.06440646411161406,0.06610558068378951,0.12380322105280397,0.0,1.0,0.0,125,10.662212775029662,10.9505420543208
21,52,0.21837605757578243,0.5501275491619043,0.5353441147004533,0.581095707454252,0.16962380180929237,0.04860763092142792,0.061879658432404575,0.11500321106220801,0.0,1.0,0.0,127,10.48596070878434,9.544819823325732
21,53,0.2111508977529638,0.5006774551866824,0.4787080802659858,0.48662761847263675,0.0795790016587841,0.049026828513112033,0.06227286966690937,0.11489162652661469,0.0,1.0,0.0,135,10.605453384373194,9.927104940563838
22,0,0.7832208142627255,0.7661252550845424,0.3340723541225943,0.008031868317060155,0.0,0.0,0.0,0.0,0.0,1.0,0.0,1,15.78501297366877,28.84524172408849
22,1,0.6125786387992289,0.6338438972661453,0.2518119833543615,0.003984881286235553,0.6224657787962344,0.07304611435176686,8.528012446389e-05,0.00015288848137871,0.0,1.0,0.0,3,11.357703423114652,23.671406641160345
22,2,0.5684023009962289,0.5951105901172323,0.22773784543509829,0.006519361008671429,0.18253859838781286,0.08843802505077748,0.00014331167637745,0.00028928476912364997,0.0,1.0,0.0,5,8.549779130092798,10.0868426700078
22,3,0.5683997941003864,0.6126685521846604,0.2516716864150845,0.01264331064258695,0.00015359860287940372,0.0884380250507775,0.00014331167637745,0.00028928476912364997,0.0,1.0,0.0,7,8.572517949270729,10.113694023479091
22,4,0.5518846409554882,0.5976352911607488,0.24240062174872617,0.017005639557092552,0.14375625274996082,0.07480720847170767,0.00035858659580704003,0.00046178090545885,0.0,1.0,0.0,8,10.339329816634905,11.485817268062918
22,5,0.5514588120978865,0.6148151962507173,0.2661598284169272,0.031824531579800315,0.003059091211473471,0.0752657140802818,0.0005188330274775,0.00063526567960754,0.0,1.0,0.0,10,10.090217789752709,11.022226518565658
22,6,0.5288558256602124,0.5585332224877056,0.20508349930222125,0.027288435016060437,0.1983980200035182,0.08074284254741268,0.00040931570717192003,0.00084422505697225,0.0,1.0,0.0,11,11.010933568778515,12.428116487660857
22,7,0.525902887440539,0.5733423972869075,0.22781173008199188,0.033900472524554734,0.020958682297510436,0.10132038049920644,0.0017445605753115202,0.0021691421601551302,0.0,1.0,0.0,13,7.707837588281867,9.049929365587396
22,8,0.5202761481098924,0.6034017872013855,0.2724150587348357,0.038606613907380655,0.04935770422427493,0.07782209057185452,0.00143093757693837,0.00261962526618012,0.0,1.0,0.0,14,8.976345366301953,8.838469246437464
22,9,0.4580681622917581,0.522307759602643,0.21264786044702375,0.037384152524914616,0.6971407001253969,0.08414057550546863,0.011201935958234401,0.02530558045308664,0.0,1.0,0.0,15,9.634861675786071,10.949872661120535
22,10,0.4580681634534378,0.5398678652376534,0.23658284846592886,0.04351217057553504,0.011202277152710903,0.08414057550546863,0.01120193595823441,0.02530558045308663,0.0,1.0,0.0,17,9.634860028239668,10.949870298110126
22,11,0.45806140234399895,0.5749805740211359,0.2844482909689645,0.06483567065390236,0.011215505820390239,0.08414057550546863,0.01120193595823441,0.02530558045308663,0.0,1.0,0.0,22,9.6460422614889,10.965903541187052
22,12,0.456996745418419,0.5738406516156827,0.2837512245744345,0.06737370232216856,0.02226290704199425,0.08303294081229823,0.01123427707440593,0.02349599021871852,0.0,1.0,0.0,23,9.646584039854734,10.915788829008829
22,13,0.44483743957629435,0.540729253202922,0.2585268278589581,0.0815983558179417,0.3876972944166481,0.07653577299739658,0.0334231710442634,0.04465736487778891,0.0,1.0,0.0,24,10.27024374995533,10.251469978848377
22,14,0.4353296719052739,0.5132956650478862,0.22590423055812456,0.09874440138464599,0.03271654768863011,0.061603914776389976,0.02668760351892151,0.06207433970170082,0.0,1.0,0.0,29,9.468625755790644,10.729002886413522
22,15,0.4160663657650969,0.4739466284759255,0.18769432217287346,0.09801389066470462,0.21254253556876718,0.0856325998094281,0.02478240547630202,0.04990550906890554,0.0,1.0,0.0,30,10.907394901127438,14.88836732968279
22,16,0.419735919896777,0.4769257164363884,0.19252885090214575,0.10805285991788985,0.07912937048638591,0.07380085640672811,0.03267133498424973,0.07502254337879291,0.0,1.0,0.0,31,11.251615129102984,12.423146859648853
22,17,0.4082987876237456,0.4823034804627044,0.20590399188378494,0.1052186535653174,0.06407337426241555,0.08614032845813399,0.024782559243099432,0.04990362844504563,0.0,1.0,0.0,32,9.57806174245427,13.564084410094278
22,18,0.409668060594172,0.4824443311772745,0.2089727462244662,0.12306109404811162,0.10553510478413794,0.07380085640672814,0.03267133498424972,0.07502254337879288,0.0,1.0,0.0,33,10.114889876334372,11.273323085122351
22,19,0.40599560524495315,0.49623859506012263,0.22935758150413316,0.11944468826986387,0.03483272458890623,0.0876940116872847,0.02947621810090162,0.05935149595718368,0.0,1.0,0.0,34,9.791467115634823,13.796920907403894
22,20,0.41042452507733046,0.499675070215048,0.23503446160818692,0.13097941987674597,0.09459703313340738,0.07551148272818517,0.03884126529684575,0.08929607562176087,0.0,1.0,0.0,35,10.134573899120111,11.304408356521291
22,21,0.41435976693534304,0.5208860947715436,0.2632467045105723,0.14694026510988717,0.04934053031633073,0.07356819018684876,0.044149161959525104,0.10865802720795188,0.0,1.0,0.0,38,9.835918549174696,10.862851008320018
22,22,0.39448209202532925,0.4992846393215143,0.24529776265512065,0.13703975359446813,0.12313543258185944,0.058857869559397355,0.03221305273853224,0.07819749308903287,0.0,1.0,0.0,39,9.734943076406289,10.88825558484304
22,23,0.3780161501735874,0.4636705391476377,0.20648926554426317,0.12487048926660443,0.062204121188146805,0.07007816468120723,0.02257577631195471,0.051496947386457936,0.0,1.0,0.0,41,10.168361196324964,11.757138684551762
22,24,0.3743265173731285,0.4940057400077419,0.25167441869027046,0.14368156143242664,0.033796466143028614,0.0686753353202961,0.02334796485940626,0.05112003098013725,0.0,1.0,0.0,46,10.62317841330303,10.021898055594113
22,25,0.3726517356255635,0.49186757917160684,0.2504031174561746,0.14634757930547576,0.045060412225477395,0.06852900626041229,0.02350368928238617,0.050964303918895545,0.0,1.0,0.0,47,10.852725045885794,10.690984947083557
22,26,0.3716063768610368,0.507846208329882,0.2737448979153793,0.15320522172159295,0.04911986426650043,0.06883407433687326,0.02453736525617728,0.05372420592629863,0.0,1.0,0.0,48,11.70599210925718,10.795790576294053
22,27,0.36942884689104555,0.5032571489354876,0.2734482971898788,0.15864919178249337,0.13810695273877227,0.061041225182003875,0.031307070480913815,0.06281407174350133,0.0,1.0,0.0,49,11.060704667310834,10.870705504736756
22,28,0.4181474052805468,0.5523384704103105,0.3222207948695472,0.23012008372030757,0.091843231524556,0.07122422694392186,0.07957115681494725,0.08979953558762184,0.0,1.0,0.0,53,15.113435940792106,16.220121638432087
22,29,0.4053362205187192,0.5530905946857847,0.33569948534437233,0.23814230810791234,0.1723415697840737,0.07122422694392186,0.07957115681494725,0.08979953558762185,0.0,1.0,0.0,55,17.333247623889598,19.24920337365945
22,30,0.3545591765257224,0.5500747135962853,0.3593367686934593,0.23972422662061274,0.05171176608815056,0.06582090458620977,0.04379674003933479,0.0500307825031389,0.0,1.0,0.0,67,10.202444796140052,12.17624533355692
22,31,0.35395164879275165,0.5488144102518263,0.35902980872269824,0.2525192762972719,0.04751205618706908,0.06317819413300527,0.04505914779341124,0.04699255778283346,0.0,1.0,0.0,71,10.594558745130488,12.678708741334638
22,32,0.35127435362682363,0.5456434024206887,0.3565731715567779,0.23654281674722333,0.0909283666891488,0.06243218995495733,0.04377849862400153,0.06435248986020739,0.0,1.0,0.0,72,10.30615507704408,11.847592144895328
22,33,0.32890106425450766,0.48399324861226,0.2879946056433263,0.2741746366545192,0.05220958786558329,0.07149043330305657,0.032653036570554475,0.05240006147820131,0.0,1.0,0.0,79,8.697007701912302,10.332358315925198
22,34,0.3276881161222153,0.49895322175212176,0.31122632494421093,0.28648098425723895,0.05880852430729244,0.07173492222153588,0.03507233551554021,0.056282438946449354,0.0,1.0,0.0,81,9.843910635118132,11.79307855809964
22,35,0.32847238267524786,0.569525505900011,0.40823932489593073,0.30335430477498576,0.08651916765531159,0.0631288404705452,0.03789448676223952,0.04678053540902054,0.0,1.0,0.0,82,13.052850319991938,11.948207558201936
22,36,0.31226363519385947,0.563606044021217,0.4175676462153966,0.32136231486298683,0.15396431614140577,0.0631288404705452,0.03789448676223952,0.04678053540902055,0.0,1.0,0.0,84,14.810193730025002,13.666316018762872
22,37,0.30355022349414684,0.63782507156947,0.5294711633687488,0.4266522237709175,0.04338352436512832,0.07315030795785782,0.03968745667424734,0.05083555615838052,0.0,1.0,0.0,112,12.61060230356931,10.914704617720652
22,38,0.29808006261683545,0.6471038211005814,0.5483597636069675,0.437446777614072,0.07722005283669209,0.07279143648447192,0.03996616976470938,0.05772577986122936,0.0,1.0,0.0,114,13.478768896436184,11.158791930154798
22,39,0.2967914998116891,0.6627277493167897,0.5710902515190889,0.45486727529396487,0.04659223042942781,0.07279143648447192,0.03996616976470938,0.05772577986122936,0.0,1.0,0.0,116,12.920955556120642,10.525363671124635
22,40,0.29396892266260116,0.7994596020029973,0.759866616075604,0.5923836093709769,0.04014795761827125,0.06376314339238133,0.03898291544402279,0.048507912931841,0.0,1.0,0.0,146,12.0412746807455,9.55305197147318
22,41,0.3304599269930758,0.5573242903981824,0.4383909010987008,0.6184303400302913,0.14077489365219006,0.06570350736634874,0.10333864801384911,0.02282411016915453,0.0,1.0,0.0,157,10.897385977168954,24.59745749556083
23,0,0.8403590681591525,0.8053838915183319,0.3584951614074932,0.010209652925802462,0.0,0.0,0.0,0.0,0.0,1.0,0.0,1,12.633800938126711,25.417817891757466
23,1,0.5783419337784576,0.6040098536174554,0.23325412725482542,0.002334949235362577,0.9473630810728105,0.06621365729965034,9.050106060783e-05,0.00014185002645909,0.0,1.0,0.0,3,12.073301854739766,20.67382789356356
23,2,0.5540271082074179,0.5820587508596642,0.2197581120940877,0.003707711614583476,0.21091646038660258,0.03904362819328674,0.00051342083599902,4.62722930841e-05,0.0,1.0,0.0,4,12.252553859840322,139.00873113593556
23,3,0.4656409553135511,0.495750986185682,0.16592958516523987,0.001016600519350977,0.8083872539657557,0.07248152328748769,0.0001528022161375,0.0001897037769987,0.0,1.0,0.0,5,12.246945979045584,8.93670375810159
23,4,0.4600980665667848,0.507528227599701,0.1862844327422298,0.006169206125935591,0.027606018088777298,0.07369935826424374,0.00019883414358384,0.00024685236240432003,0.0,1.0,0.0,7,12.622529563377835,7.732891665908952
23,5,0.45979863569709406,0.5072157791657675,0.18608154360902365,0.01311795577057535,0.00290360856731075,0.07344139014764847,0.00017630322516980999,0.00020775498991924,0.0,1.0,0.0,8,12.385775059832731,7.608968010718988
23,6,0.4294280620442234,0.4745750912321496,0.16607359417458384,0.015339307775610076,0.1581448453360113,0.06577149446909511,0.00096455173905967,0.0078462085822841,0.0,1.0,0.0,10,12.545630129364003,9.738449954452395
23,7,0.4091318792769901,0.43439200028647607,0.12795288137904304,0.01659376408934373,0.21062818507838407,0.0705146524261823,0.00066843047476679,0.00152509870240952,0.0,1.0,0.0,11,13.74595858878346,9.13050327430819
23,8,0.4107462310428366,0.47042251039655897,0.17891390511883246,0.022305396500628523,0.06161100258336698,0.07606036037004525,0.00734894530069833,0.00967870324435759,0.0,1.0,0.0,12,12.415476254265094,8.337679806156865
23,9,0.38509896810351496,0.4581154136078585,0.1840849601822061,0.034215558883720576,0.1450173015486593,0.07026898837704601,0.0068636237289269805,0.01212854574457356,0.0,1.0,0.0,14,12.711520397879584,9.26708311160907
23,10,0.375158492673187,0.4636614100965147,0.20065234098629153,0.04157897569613964,0.06496163807311767,0.06873752751493588,0.0071450182352117905,0.01167186505873678,0.0,1.0,0.0,16,12.542700922286093,10.18250734933517
23,11,0.372507248408927,0.4604520555346308,0.19862750142176258,0.04953053614769323,0.021805237400921586,0.0666440918068226,0.0070703633166382795,0.01081612173112304,0.0,1.0,0.0,18,12.47868642257482,10.677001663038084
23,12,0.34925999120090534,0.4325338575507696,0.17982767442572994,0.05556814420164046,0.11673219673434199,0.0647487088711352,0.0032812338240480097,0.00254605056742503,0.0,1.0,0.0,20,12.160404307920873,9.641788807842785
23,13,0.3244619811741134,0.4004897252330398,0.15994166069550295,0.059531092518583656,0.07904797324619808,0.06857259030697098,0.00341017529648905,0.00331267013269027,0.0,1.0,0.0,24,13.202481312029173,10.990176313023156
23,14,0.32446198939463644,0.41804983062043183,0.18387670308769083,0.06884938008189569,0.003410355869882062,0.06857259080682979,0.00341017504887071,0.0033126697658900904,0.0,1.0,0.0,26,13.20248104998969,10.990176696813265
23,15,0.32365661084211017,0.4169820942822003,0.18321664990532427,0.0688004049838771,0.013563963989596691,0.06921294677623174,0.0034209211505334797,0.00307172240168344,0.0,1.0,0.0,27,13.294886232009986,10.8575313066699
23,16,0.31990373888681206,0.37639820604650226,0.13249245677045818,0.06777547248318577,0.037330158849179694,0.0707526498184774,0.00486274715155389,0.00468374109666337,0.0,1.0,0.0,29,14.415220467186378,10.980931241469822
23,17,0.3052403768132256,0.37399708631083656,0.1441065755205947,0.08714828348555059,0.10018699473547159,0.06622354853598453,0.00511965121806264,0.00529119569121121,0.0,1.0,0.0,31,15.093051083459708,10.44043136591205
23,18,0.29281746099976247,0.3391749528060031,0.10940666504059154,0.08379875406801585,0.16672816629699758,0.06796915969423792,0.00505037508881652,0.00564078889234041,0.0,1.0,0.0,32,14.553591971778658,7.271965179289987
23,19,0.273412152699858,0.3113093749315784,0.09205503819770279,0.08748840913918209,0.13582563237584552,0.054849866287789074,0.00500696470418839,0.00574662185043685,0.0,1.0,0.0,34,15.031975314670593,6.5053268953354975
23,20,0.27283164124187165,0.31045469818221016,0.09152550567873996,0.08225412815354301,0.013098200794152134,0.05483253444780484,0.00501266239320547,0.0057637600111618194,0.0,1.0,0.0,35,15.053868842518062,6.509120815061411
23,21,0.26649279711001544,0.3534398756419035,0.15759901213214228,0.1283791719579037,0.018202781965515353,0.08018138738166099,0.00580599912854444,0.01021399677768194,0.0,1.0,0.0,43,16.710285509030363,7.916038547362887
23,22,0.25857063887598736,0.358839122765492,0.17411729823671743,0.14497538175758176,0.06496799764805246,0.08632596061507818,0.00619921210938852,0.01099160315878278,0.0,1.0,0.0,45,16.7362772935467,8.323196822968505
23,23,0.25688932331787195,0.3562023961099331,0.1725350538298451,0.14789085038507407,0.032573287934350964,0.0845767868077716,0.00635287455421666,0.010815454460679549,0.0,1.0,0.0,46,16.98323450901482,8.932606386350658
23,24,0.25688140756308514,0.3737504441772921,0.19646255878532634,0.1653800425986521,0.006409576231568999,0.08457678680777161,0.00635287455421666,0.010815454460679549,0.0,1.0,0.0,48,16.982481442161525,8.93072151887526
23,25,0.2714388464756243,0.34591007445087435,0.16366875353927934,0.19767281270232945,0.2282489661642419,0.05703581308497394,0.034263482294616496,0.0158178357054563,0.0,1.0,0.0,49,14.39262835956372,6.884097756545049
23,26,0.2252385047292463,0.2726444920965182,0.11646274236778326,0.16946653959316182,0.13805640143068135,0.07914006634293376,0.029957272903871103,0.05344882190159368,0.0,1.0,0.0,55,12.44805097883943,20.299259528074945
23,27,0.223203439541501,0.3046906737088884,0.16221577395990774,0.1863080144063064,0.037530257751012853,0.0764824643681233,0.02941586834482453,0.07149363772559672,0.0,1.0,0.0,58,12.835287984178573,11.902964012323713
23,28,0.2141808682283518,0.2890618977456987,0.15241609196485176,0.18821787464786577,0.174785244074465,0.07778670166304691,0.02921220470457616,0.06451598457220276,0.0,1.0,0.0,59,12.759858287651856,15.964331702009934
23,29,0.1815077526421521,0.2279521335701101,0.11468195889170067,0.18850460723841853,0.6127235958540534,0.07734808722968411,0.02995937025426836,0.08086715157296107,0.0,1.0,0.0,60,12.524437192387913,13.055851671109451
23,30,0.1728536274760963,0.21073901793750094,0.10397364051083886,0.18753221033296139,0.10979784287114164,0.07734808722968416,0.02995937025426836,0.08086715157296114,0.0,1.0,0.0,62,12.608011298859044,14.700839270941042
23,31,0.19597992655505253,0.2831054056499299,0.19811156910190691,0.31610822821085205,0.05810343835292901,0.09484936679468764,0.05664928019120606,0.08620843323474159,0.0,1.0,0.0,108,14.021475817119368,37.49122232607988
23,32,0.19382342073422332,0.2592417012853977,0.17099713721846757,0.3072888013353876,0.07425122991678768,0.08507259104289397,0.058612885735100595,0.08191392721771193,0.0,1.0,0.0,113,14.706707107555342,34.65716423431088
23,33,0.18739873123955125,0.2459207684905285,0.1627101633747784,0.30653624217355535,0.08956441275620813,0.085072591042894,0.058612885735100574,0.08191392721771198,0.0,1.0,0.0,117,14.518783258300806,36.896611937512574
23,34,0.16366239559639567,0.2625367935862153,0.22592675235728876,0.42212316599460037,0.0958059687871021,0.08337449405024758,0.06082601229870249,0.09743716506990371,0.0,1.0,0.0,132,13.051765388013171,30.556769602416253
23,35,0.1633267717598907,0.26178332959692824,0.2254579958016376,0.4252161027521833,0.06436932297009022,0.083374493255985,0.060826012314628544,0.09743716479988565,0.0,1.0,0.0,134,13.064874769909284,30.442025594051685
23,36,0.15533406421465845,0.2247382049910024,0.18979511994503567,0.4200355227642515,0.12529383942426844,0.08312245806602984,0.06186860035060689,0.11119545385118212,0.0,1.0,0.0,137,13.316336754187873,30.507153104717887
23,37,0.1413673871296273,0.23606254149244688,0.22035885326357657,0.4224380523075159,0.22000183718825317,0.08110769325980295,0.05524511343057453,0.14617421041329617,0.0,1.0,0.0,138,13.460225350059266,30.903557600746407
23,38,0.20275530485658927,0.3110950926582431,0.3219369681927623,0.5366834397843889,0.21744703619934125,0.12571829098802484,0.13166374898433933,0.06972206872662792,0.0,1.0,0.0,142,18.501242999472204,21.34522409095257
24,0,0.9410556814928559,0.8696410810440032,0.3984697408402112,0.013774777660686209,0.0,0.0,0.0,0.0,0.0,1.0,0.0,1,8.991725545049544,28.29323794106628
24,1,0.7296832476047023,0.7272584136245441,0.3099253839704649,0.009166837753529356,0.6699598639444361,0.0787798821317939,8.526480950766e-05,0.00021623627868086,0.0,1.0,0.0,3,6.089582319055673,22.69783264981249
24,2,0.6457035140310208,0.6615620495997464,0.2690772536052826,0.011772903635721501,0.309314114774968,0.09419868630302676,0.00014283637479177,0.00037223490742041,0.0,1.0,0.0,5,5.018986048921378,9.587792359716104
24,3,0.6433157504233531,0.6771652633895717,0.2918044976005241,0.017445806300927954,0.009486988974287439,0.09493075310335455,0.00016794070548200002,0.00044025878594054,0.0,1.0,0.0,7,5.075846311546083,8.167794383855595
24,4,0.6361823834853437,0.6537115174590536,0.2641936593429402,0.026240423791769416,0.027752256304544917,0.09382438483210592,0.00014338845058215,0.00027814082256399,0.0,1.0,0.0,9,5.481820900254348,11.10134834017872
24,5,0.6342298912561101,0.6520859469487121,0.26317903079143484,0.02613998038746265,0.015313006657865723,0.09389733633175952,0.00013460378926493998,0.00034694442215066,0.0,1.0,0.0,10,5.0503257287397645,10.6195032074498
24,6,0.6144832288441339,0.6557993562264601,0.28604454579632016,0.04828262406237925,0.33809630535284857,0.10244518494905756,0.02009920274702099,0.01944334894046616,0.0,1.0,0.0,11,4.816963002153167,7.797188963363147
24,7,0.5781533843869103,0.6216767003671041,0.25811812102239146,0.03125728584878536,0.15678259858605828,0.09035626905891288,0.00237323121732802,0.00141920133921132,0.0,1.0,0.0,12,5.382221456933008,11.081626843740183
24,8,0.5703736473686133,0.6322490273709557,0.27776799515756245,0.04310026561585297,0.036058410187683826,0.08608263304132414,0.00253666198699965,0.00174484163234121,0.0,1.0,0.0,14,5.432893954244095,7.085961091225436
24,9,0.5555753672601574,0.6371227215960688,0.2978527776224329,0.060425803836829356,0.2331313121067291,0.08673676415806651,0.01323282165780324,0.03415057334887965,0.0,1.0,0.0,15,5.472255771596812,14.18780059460205
24,10,0.5486839560105999,0.6130311112736865,0.269389536034314,0.07139348362916538,0.02446157683965007,0.08933483470375803,0.012002359601703561,0.04452732324515402,0.0,1.0,0.0,19,5.531901057342858,13.727818259107927
24,11,0.5355568157629779,0.6175676849093632,0.2809564248974927,0.05079450985121421,0.016973034095839376,0.09572675937840082,0.0007132417224782401,0.00156530366249309,0.0,1.0,0.0,20,6.321932366914042,11.004900831869412
24,12,0.5341067498643075,0.598641270079626,0.256178862446878,0.04186509471688419,0.013765189615942816,0.09466550677551486,0.00073274896977171,0.00150035600425589,0.0,1.0,0.0,21,6.201976668187356,11.395775076613164
24,13,0.5235018429913321,0.5710841333486986,0.22680357513187607,0.05960833651788172,0.05949292558968572,0.09691227515111037,0.0027943573086393397,0.00328312001357587,0.0,1.0,0.0,23,5.429946560570401,6.722401365187508
24,14,0.516965812127107,0.5647504750634538,0.22249973286184602,0.06297329746636784,0.05235238430711657,0.09864578610697974,0.0018316755470423897,0.00229233195802188,0.0,1.0,0.0,24,5.211366437166749,7.310032144574691
24,15,0.5092419468257608,0.557253330929674,0.21814638953359078,0.07301510581434109,0.02872748828890396,0.09850025749758562,0.00265371720055208,0.0042898842957363,0.0,1.0,0.0,27,6.420845023733032,6.227795811235026
24,16,0.5283379305979099,0.6642331192750534,0.3664642765319978,0.16776282242184276,0.08052355013559673,0.0959504385296014,0.04687547359820021,0.2309362520711744,0.0,1.0,0.0,34,5.7503845405800975,7848.92721520939
24,17,0.5730539177343521,0.7251881455351513,0.44683678226206774,0.2879145416475065,0.17879006644470885,0.07761847332313808,0.12478397586748975,0.07827378218051165,0.0,1.0,0.0,40,7.875354655785564,12.908573558436808
24,18,0.5644937969909183,0.7156241182068457,0.442635808120104,0.30647188853356677,0.1627742434365771,0.0632035088785292,0.1294117056644029,0.11654171687516626,0.0,1.0,0.0,44,10.585906360865932,134.8222083451062
24,19,0.5490929518745518,0.716928070922805,0.4540110726621792,0.3078984072202268,0.21466724794643108,0.07857674065067029,0.12293718751573268,0.0783508340109356,0.0,1.0,0.0,45,8.760681830588712,9.694672076722185
24,20,0.5494136745736165,0.7171098243806675,0.4548895778887232,0.3182756182235491,0.1339260665594174,0.07827766594067809,0.12496267704040595,0.0781277827903483,0.0,1.0,0.0,47,8.061587585025114,13.635422287947092
24,21,0.5159304490733706,0.6755676922459524,0.43610256955617477,0.33739258523898635,0.7101085446872447,0.08599561329700417,0.14363550186285381,0.09363188024811075,0.0,1.0,0.0,48,9.76751583931549,9.149467869181272
24,22,0.48233817461228284,0.6893975162997155,0.47972161239012484,0.35956725309394244,0.39823305270455556,0.06462639488761161,0.1330056121257599,0.10388281406267641,0.0,1.0,0.0,49,11.154157358319798,39.637397344971376
24,23,0.4827684311105116,0.6353205243188111,0.4102462281640854,0.357948558763852,0.1608539861535565,0.06500609615309615,0.14146988382081732,0.12413411554117618,0.0,1.0,0.0,54,12.994054922402103,13.520371470545662
24,24,0.47813055057155474,0.6468097786145207,0.430404781715236,0.37318426081325823,0.16871267188425423,0.06500609615309613,0.14146988382081738,0.12413411554117619,0.0,1.0,0.0,56,10.550513479493048,10.618359718437851
24,25,0.4388439924407059,0.6703230888249154,0.49110845542653603,0.3842882738007259,0.4153218287177559,0.07556763318246387,0.12567900678629623,0.10659261459271083,0.0,1.0,0.0,57,11.433805295561095,23.095758427130992
24,26,0.4334597791095866,0.6806142901954022,0.5105507865361687,0.3937702249943916,0.16029497890436023,0.08313661061890532,0.12575664451854912,0.10796805136623075,0.0,1.0,0.0,59,10.68600621621022,77.04719028191232
24,27,0.42862561383284725,0.6548870660064836,0.48311259262493517,0.4081892902196127,0.1685426301036951,0.06438366315306435,0.12993111632030158,0.0866553368355564,0.0,1.0,0.0,62,11.26950495596574,16.816439029593308
24,28,0.4252121797997107,0.6325552172552075,0.45625786235292876,0.38972123085124655,0.17615473901734352,0.06434506995499692,0.13006064048119073,0.08668005723563103,0.0,1.0,0.0,63,11.267090368251818,16.773951896464418
24,29,0.4242963439990588,0.648405583722382,0.47954991957939186,0.4120573131154114,0.157706890109448,0.06431716151962749,0.1311734439274778,0.08661907277444483,0.0,1.0,0.0,64,11.269769802580717,16.794607337880006
24,30,0.41500914153834834,0.6182046912414412,0.44737552786759355,0.4104206403657967,0.23953334014888747,0.07032358894904268,0.13018026743240707,0.0854847033114138,0.0,1.0,0.0,65,9.922447366145086,8.491258953716502
24,31,0.40407189942873395,0.5665759811315717,0.38992423796322084,0.3949351402523894,0.30437493317396364,0.06267934895479542,0.13200248677344129,0.09978309433504881,0.0,1.0,0.0,66,10.609078684221258,10.114834002716025
24,32,0.39624109405276386,0.555824624896967,0.38265773086681687,0.39891787046555005,0.21732023808442003,0.07372970700481754,0.13047275827831598,0.0981020530457654,0.0,1.0,0.0,67,11.030279597155983,10.447522274672584
24,33,0.3790995134106818,0.5124607126008575,0.3427195470684685,0.39158724041481213,0.2525219374402948,0.07667681111113409,0.13060397579665917,0.10383918367023044,0.0,1.0,0.0,69,11.243220192346763,8.59898924576947
24,34,0.3748951748532723,0.5580347665012788,0.411024407649083,0.4804818067349732,0.14266435856882112,0.0653215340239346,0.13304007183104496,0.11589317891749855,0.0,1.0,0.0,79,13.225605814130017,11.690100075158114
24,35,0.39801461172016894,0.6414330455877145,0.5047156582317806,0.4690465382036887,0.16692087450381002,0.05854115864149674,0.14038698460750368,0.09018550341505004,0.0,1.0,0.0,80,8.916501113493378,20.41358277884724
24,36,0.37761601175303217,0.6097727424039872,0.4852779721729422,0.47435796876943775,0.29937974504317044,0.06653090978446738,0.1410704367826952,0.0856635322117627,0.0,1.0,0.0,82,8.710372938776937,15.227455306780184
24,37,0.4481223487902494,0.6949969001392757,0.5803894568427199,0.5709970432823976,0.24215155355579004,0.0709140372555228,0.21802926586620203,0.14133714633107702,0.0,1.0,0.0,85,12.155123253820545,14.169398217074532
24,38,0.41440118595370135,0.6063390907210033,0.4974882060087409,0.5961373343044722,0.2721830434759034,0.08986485683342775,0.21346334475948442,0.1793629680275371,0.0,1.0,0.0,88,12.641551379992295,23.57208626420214
24,39,0.39016918994124516,0.5992847875654823,0.5189204987116591,0.6030333823950134,0.6388838357361298,0.09432962346776833,0.21293191775720266,0.16654601441948502,0.0,1.0,0.0,89,9.613019855556372,12.95334112397385
24,40,0.38995970181490947,0.6162543125253905,0.5425862538267,0.6115180817746129,0.21718992825840275,0.09438188689546097,0.21319179752041667,0.16641998476782582,0.0,1.0,0.0,91,9.60681052529675,12.933557271074308
24,41,0.3752144499618283,0.6172345532577335,0.5514828052300089,0.6091277532839185,0.21986892661314938,0.085111565348514,0.2006903378892111,0.17369677270363404,0.0,1.0,0.0,93,8.749666672350596,7.6259809761934685
24,42,0.38086590863533343,0.5958377216206877,0.5316109975506417,0.6161830222722614,0.5394110206277217,0.08942737748778498,0.21775875473451936,0.20975358027151653,0.0,1.0,0.0,95,10.32052386973302,117.23507434138124
24,43,0.37405700747123904,0.6002821536310577,0.5473867825872917,0.6429148892430758,0.28970991608165425,0.08942737748945637,0.21775876730873342,0.20975357953888726,0.0,1.0,0.0,96,11.63823537916324,114.5054984255616
24,44,0.3188300513319351,0.43782328655419506,0.4058356941551985,0.6187012697053998,0.5201177644340882,0.08572842624603046,0.2139153270590477,0.1960068231497465,0.0,1.0,0.0,98,10.02683921651275,133.42643574083075
24,45,0.3269626322338512,0.4930931557132683,0.48401334216344105,0.6643000611108516,0.24600251888450686,0.08417050704830836,0.2265153399228917,0.20606675411406164,0.0,1.0,0.0,102,10.379089830260328,133.520822405464
24,46,0.3263150017279341,0.493810787429025,0.4838032534947932,0.6693890193774004,0.22755018726855247,0.0841720750816304,0.22477805086490626,0.20602016865689934,0.0,1.0,0.0,103,10.3787544134612,133.36552129739445
24,47,0.32756718305188914,0.4949666050940137,0.4850246105296194,0.6673635266730961,0.22774008955371958,0.08417052741868498,0.22610722955812138,0.2060211637552817,0.0,1.0,0.0,104,10.37994357647904,133.36073691550368
24,48,0.32755567423566556,0.4773948527083994,0.46107791598065323,0.6862788780375508,0.22615095263105606,0.08417052476101317,0.2260958507534659,0.2060211654361992,0.0,1.0,0.0,106,10.379945613767834,133.36072869219717
24,49,0.3274175163171565,0.5090996007150916,0.507754858254205,0.6941697210487491,0.25818794261405037,0.08408381083924671,0.22856099720649983,0.2060034745856305,0.0,1.0,0.0,107,10.319090991919325,140.94286316201382
24,50,0.33180868707638955,0.5143789939011174,0.5124333900804974,0.7080751766860371,0.24309756357457268,0.08417189750444273,0.23225039913828144,0.20600527798323318,0.0,1.0,0.0,108,10.12762421034468,134.23881222703378
24,51,0.32245958897562715,0.4829846363552541,0.4776872702239831,0.6937508817798818,0.27129747140128974,0.08416805099561253,0.22641594144494065,0.20588566607598802,0.0,1.0,0.0,109,10.380423082778863,133.19309782952948
24,52,0.3224355788700806,0.518002323718532,0.5255073708781688,0.7071602005801916,0.2583680543545178,0.0800178884988732,0.2264527494310536,0.2057832742797463,0.0,1.0,0.0,110,10.379130345135644,133.36072554063688
24,53,0.30884616637627965,0.4493202283765029,0.4572268891100938,0.714639133968756,0.2839408643635488,0.08999903438908557,0.2276922209511844,0.2060095233475701,0.0,1.0,0.0,116,10.569217798571168,89.84045320168173
24,54,0.29776549178642747,0.4243184042405726,0.4411227014909618,0.7186286641353818,0.33749354534914094,0.08770780267489489,0.22623561108627013,0.2043178497302816,0.0,1.0,0.0,118,10.573271523240226,89.81323293268439
24,55,0.29689671105496146,0.49238645487129895,0.5355160902801797,0.8134468813608888,0.22796102144803454,0.08713366954778354,0.22624807043531409,0.20671302851081466,0.0,1.0,0.0,137,10.856075116546418,29802.22113031582
24,56,0.29558882357818167,0.45386774846693145,0.48556164643781935,0.7861342044969541,0.2566119216070823,1.0,0.22632724575746166,1.0,0.0,1.0,0.0,138,10.895149110503612,1121.296611784972
24,57,1.0593522091787861,1.2197925776828895,1.2674252417384522,1.646026328881482,1.0192112412979366,0.08269426783125303,1.0,0.7010878319294445,0.0,1.0,0.0,151,184062.6913090881,22087.10597349148
24,58,0.2925021387665954,0.6311462189575501,0.7409267471952514,1.0075404647763517,0.2433103411215883,0.09007659486149325,0.23151501976010147,0.24371011833535539,0.0,1.0,0.0,178,10.123605318073825,20.33207255861759
24,59,0.2967885392219779,0.6551536877944616,0.769975053116531,1.055019706953972,0.24779668781168282,0.08271890174799726,0.2344321950997396,0.22707762862701092,0.0,1.0,0.0,181,11.202530613835012,20.299287850182807
25,0,0.8958172161141185,0.8414976463627946,0.3809616665055348,0.012212909034615308,0.0,0.0,0.0,0.0,0.0,1.0,0.0,1,10.405655725249916,27.007749449536902
25,1,0.6490070088348744,0.6642571497175768,0.2707352822044717,0.005679872235606372,0.833907029244567,0.08277467474094666,9.363409525608e-05,0.00016276310045297999,0.0,1.0,0.0,3,9.249425490868106,22.14322632301278
25,2,0.5683194086762303,0.595036712344794,0.22769504728448497,0.008090934644474102,0.32589581081160424,0.08653653859002662,0.00015169330991322,0.00025092586333867,0.0,1.0,0.0,5,8.093982656557852,9.332702926639383
25,3,0.5593190379643811,0.6044338637052353,0.24655382266970435,0.018492049361948853,0.019358368841193754,0.08519115009901908,0.00015653536212707,0.00025546352241678,0.0,1.0,0.0,9,8.348053328001551,9.695983682965805
25,4,0.5419677131767622,0.5890083128610811,0.23798477304620294,0.02225382814746438,0.17732979939137225,0.08223618543431975,0.00287467642729146,0.00535167579321344,0.0,1.0,0.0,10,9.135474350854784,8.701292073652153
25,5,0.5234174188253605,0.5715667459611009,0.2360744236644943,0.05129035454065953,0.4092024347766248,0.07834158173778333,0.026532534622485098,0.02049618271693327,0.0,1.0,0.0,11,6.766988512055927,9.99964709814488
25,6,0.5161538724829938,0.5818147969315459,0.258374438162585,0.05960414128705212,0.1755004475910916,0.09529461110971668,0.03424286952131833,0.03582331536333917,0.0,1.0,0.0,12,8.837343173684236,10.283776269774371
25,7,0.48717813104299534,0.5349392992967823,0.2105237413507568,0.04662929723018495,0.15360270153608002,0.07593063187204249,0.01921676697178288,0.02420813325565949,0.0,1.0,0.0,13,7.283114994922302,8.668784271058259
25,8,0.490933228541451,0.5557740291993517,0.24209962371465824,0.0624591157384279,0.1426839007356142,0.07253898621519876,0.03404495256252327,0.031221123428707483,0.0,1.0,0.0,14,10.831877942064626,6.367745288608602
25,9,0.48946169729606026,0.5542081792592108,0.24123863371920135,0.06265488129632829,0.03653717885250198,0.08336280377177512,0.03434427436501704,0.03216932835319553,0.0,1.0,0.0,22,10.466675802998108,9.03494158695619
25,10,0.6073097300289008,0.7420970448380908,0.45601721202429396,0.21324606590299044,0.17296879409160232,0.05060231743652941,0.15567107937525143,0.0019084274294980299,0.0,1.0,0.0,24,9.07068215896802,9.461751916723466
25,11,0.6265256924899529,0.7437173259307028,0.45149191917536974,0.2257366207265775,0.17830649627424447,0.04980102790279902,0.1754580957286927,0.00182285413689061,0.0,1.0,0.0,26,8.97701890483859,9.103352802954232
25,12,0.6163676697540148,0.7511007850619917,0.46537047046895313,0.2252274775313671,0.167096022773154,0.05019013904337375,0.16559976901095752,0.00186445620990267,0.0,1.0,0.0,28,8.960892717572728,9.1186239496471
25,13,0.7201102784836698,0.8365243419439308,0.5487782333005237,0.354098482483816,0.3886173522512629,0.05305522976529151,0.28011850458069026,0.00031248074403319,0.0,1.0,0.0,29,7.97515357136106,8.613968744319378
25,14,0.7231172585199254,0.8389259509553438,0.5540992760499655,0.36879476275048806,0.3265804483687758,0.05381740257085323,0.29024553115906826,0.00034641633934702,0.0,1.0,0.0,31,7.81919831245632,8.5710874691317
25,15,0.7677207912852211,0.8829246866083625,0.6006833109063003,0.4217519294084438,0.40538644003135144,0.04682634675109777,0.3410854627513126,0.0039001228957638704,0.0,1.0,0.0,32,8.014438120131059,8.925671271524676
25,16,0.7489647479983097,0.8617181935303503,0.588121242866255,0.4271488916191071,0.4503136704162648,0.04580510179323124,0.3427540511288679,0.00212040340498823,0.0,1.0,0.0,34,7.947534302162384,10.450079753692004
25,17,0.7481472610919394,0.8783905650074147,0.611386574496218,0.4670948085687016,0.34515724899398137,0.04666073695656741,0.3424434725424833,0.00213111847866236,0.0,1.0,0.0,36,7.90860776247774,9.835035533678298
25,18,0.7472768821021419,0.9125778057665591,0.6585154649242922,0.4831999655975127,0.3467904386153471,0.04522916035998447,0.3420182596026874,0.00210526405621804,0.0,1.0,0.0,37,8.081252168826419,10.669760467041046
25,19,0.7023284560169404,0.8377154541591255,0.605160032135561,0.49007248078740473,1.0523231888703064,0.05491370108350219,0.35849734187048055,0.00982372314451329,0.0,1.0,0.0,38,7.672358440696338,10.940333112994947
25,20,0.6831692573836652,0.8171427045593016,0.5870826137579619,0.4843415054210712,0.3652279929822946,0.05557666015135454,0.3445278522082359,0.00770177535905123,0.0,1.0,0.0,41,7.649635286285194,10.496211839770954
25,21,0.6844484069026102,0.8359819929384034,0.6122967845209588,0.46847874596476513,0.3458082018359222,0.05557659244305023,0.3458070349523273,0.007701921008488879,0.0,1.0,0.0,42,7.649636328278111,10.4962061188317
25,22,0.6404565187743565,0.7704240186579128,0.5470180967063474,0.42888635685955995,0.4810040317919463,0.04762080975250244,0.31541750221246206,0.00781385709565289,0.0,1.0,0.0,43,7.20721083905981,10.232358186761216
25,23,0.6235620933994432,0.7513201049171558,0.531362808099169,0.4212174725850676,0.3912549393517179,0.04813885075542991,0.30543929156187205,0.008372342438484729,0.0,1.0,0.0,44,6.901651451319703,7.649863091063511
25,24,0.7802350606966564,0.9216836267245094,0.7138354020611539,0.5965656952408641,0.5447620640618228,0.04116510558801954,0.4734167547040681,0.00970658683163115,0.0,1.0,0.0,46,6.872776315924876,7.75297065491643
25,25,1.3043333285446939,1.4624471074699046,1.262251167658309,1.143039039145178,1.0159162503978023,0.04818154930766312,1.0,0.01495198042059255,0.0,1.0,0.0,48,10.393787059362484,10.657713070124124
25,26,1.3038368005970686,1.444208562695065,1.2378939600753986,1.1344203119150955,1.0031793195757648,0.04818154930766314,1.0,0.01495198042059254,0.0,1.0,0.0,50,10.141919081378584,9.949840357987595
25,27,0.6889279364354546,0.8040367453772834,0.6016899586562047,0.517959162583808,0.4905344994949837,0.053207272555231847,0.40475735920929595,0.05226876181754194,0.0,1.0,0.0,53,12.002448711595516,12.808778497933822
25,28,0.6282230134484961,0.7363820816204942,0.5426023305532761,0.48289151380607914,0.5729648690402401,0.04935561495679761,0.3597730662039558,0.044769901385902124,0.0,1.0,0.0,54,12.45018234405723,17.26071475789275
25,29,0.6034022613898182,0.7082493833478908,0.518348336978812,0.49311224382159224,0.43842198092320817,0.05152334066653661,0.34190403746182485,0.04495067330598927,0.0,1.0,0.0,55,12.113760466469852,13.199979669513768
25,30,0.6028286640472789,0.7073949037203574,0.5178167663711938,0.4671646222857183,0.34591809114843625,0.05152334066653662,0.3419040374618257,0.04495067330598927,0.0,1.0,0.0,57,12.165048381498432,13.43064208286582
25,31,0.7947375236421355,0.8956031370483372,0.7102157496145081,0.6658473305242751,0.5933532686107281,0.04508713987642876,0.541201749731397,0.04742113914304461,0.0,1.0,0.0,59,12.241070778497129,13.91299337389733
25,32,1.2471616598220276,1.3622524715334228,1.1869088994380055,1.1765361133879038,1.0182620056169558,0.04222954354885228,1.0,0.037207497352013306,0.0,1.0,0.0,64,11.10837336669453,7.097549821210172
25,33,0.5771079273774787,0.7158488679721857,0.5652126760558056,0.5097621577675309,0.4988826477886873,0.04908697516586818,0.3501181900903732,0.06459251930205308,0.0,1.0,0.0,66,11.957565409404651,11.655325230042957
25,34,0.5435074363861624,0.6753005929230047,0.5314896639013061,0.5040616475710215,0.36159803113296185,0.05515844731679328,0.32763107959858834,0.05769605056529631,0.0,1.0,0.0,71,10.007916259068468,13.597097666992449
25,35,1.2126414071936282,1.342331494152348,1.2005377973903224,1.2209365996412183,1.0071868753729611,0.053691757859131606,1.0,0.251571888278835,0.0,1.0,0.0,78,10.31291523876929,10.911023250892129
25,36,1.1934055504918983,1.3799071620880066,1.2759570810809038,1.277647094995551,1.0767665326386646,0.0438854001293241,1.0,0.08905964955002621,0.0,1.0,0.0,82,11.01469367862315,8.99198022452381
25,37,1.1846325420790713,1.3293730922248526,1.2184979689217996,1.260582229776773,1.0161095149135853,0.0442892193235636,1.0,0.04676292095353906,0.0,1.0,0.0,91,9.760165116373482,8.21117626677004
25,38,1.1688722652734298,1.3359249065404541,1.248595560085449,1.2910765181493558,1.1343186388428625,0.04784678908560431,1.0,0.09460846853895913,0.0,1.0,0.0,93,10.96109606799262,5.655609377745689
25,39,1.1657527319492074,1.3476898772164496,1.2689254594027422,1.2976787385895534,1.0272489949297627,0.04994662724747317,1.0,0.06386990905647422,0.0,1.0,0.0,95,10.768221676661769,5.951210265131359
25,40,1.1601418313580174,1.3371445964948387,1.262365216099401,1.3035150155954738,1.0991654105521602,0.04876615115031545,1.0,0.09673115404547288,0.0,1.0,0.0,96,10.211576837796466,8.274720660888569
25,41,1.1568321680163904,1.4010904328291671,1.3541893957890563,1.366166935426424,1.0053818891753263,0.062474846616372925,1.0,0.12778131730518258,0.0,1.0,0.0,107,11.326413521039251,7.5609733586092736
25,42,1.1542680142361479,1.4137331944301548,1.3750653402527089,1.356637067803109,1.046231821590971,0.052187090438837756,1.0,0.10350705872582529,0.0,1.0,0.0,108,10.427142221636949,8.237139198848011
25,43,1.1537069351948854,1.4126560517199995,1.3743951417985896,1.393023025156417,1.0033878896020192,0.0484558213984527,1.0,0.09678346653431849,0.0,1.0,0.0,111,10.133962797104642,8.442182127557116
25,46,1.1280932410941849,1.361475160338856,1.3425555262423388,1.3968095356777865,1.2015930444110898,0.07698144917657843,1.0,0.09791405111356112,0.0,1.0,0.0,115,10.107445841120857,9.638748829806977
25,47,1.1279818473837733,1.3788032247830713,1.3663462058410498,1.4076386199884965,1.00108705602249,0.07667717694959002,1.0,0.09769819763074046,0.0,1.0,0.0,117,10.113674884703816,9.68634104856499
25,49,1.11038993645321,1.3413459889563402,1.3430440555800438,1.4510639246227839,1.0032497513370193,0.04031430143962881,1.0,0.04637472846580351,0.0,1.0,0.0,140,10.671727456296612,5.190745964042629
25,50,1.11030754720038,1.3411659292794187,1.3429320281122852,1.45105391142998,1.0016966283784368,0.0399585076333409,1.0,0.04608629868219245,0.0,1.0,0.0,141,10.65604724136541,5.165184002521106
25,51,1.1079793302608993,1.3360540564872934,1.3397518353988227,1.4575822313032591,1.048179381567379,0.04032861233168168,1.0,0.04647706090192178,0.0,1.0,0.0,142,10.688917534345489,5.232577530387913
25,52,1.103982821768124,1.3447523857907195,1.3581739905101644,1.4716124895360765,1.041618668790981,0.04020374159886334,1.0,0.046673736076378966,0.0,1.0,0.0,144,10.354452909760536,7.771807871544411
25,53,1.1039828121102322,1.3447521178447723,1.358173826647462,1.4716124746559176,1.000000203688418,0.04020374220750976,1.0,0.046673773526682824,0.0,1.0,0.0,146,10.354453493749018,7.771808612630753
25,54,1.0993276026571785,1.3342866850156054,1.3516632337430448,1.4675968206141157,1.0328030143401847,0.04493188616134924,1.0,0.049069940841026435,0.0,1.0,0.0,149,10.329182587803928,7.637225719209335
26,0,0.8069159091664139,0.7826733288747129,0.3443668645581906,0.008949783547183733,0.0,0.0,0.0,0.0,0.0,1.0,0.0,1,14.367566625005528,24.311349594413628
26,1,0.5411378875255712,0.5700846708955419,0.2121490480499048,0.0004524105447455564,1.0000899547896325,0.06535208560451111,8.995478963238999e-05,0.00010025905766928001,0.0,1.0,0.0,3,13.837224075233369,19.79075723021932
26,2,0.4247250797222935,0.4519144842731919,0.13865925147953123,0.00015386503938846,0.5560826229452538,0.08199250895365819,0.00015386503938846,0.00016335067402906998,0.0,1.0,0.0,5,14.055812865876367,8.417196842837312
26,3,0.41617491958747693,0.4599528325045407,0.15668606552035788,0.005421471704260764,0.04515513360282049,0.0828575175815076,0.00019456262080758,0.00020352695566570002,0.0,1.0,0.0,7,14.40983676229975,6.59456617461918
26,4,0.41617491939364115,0.4775129381395512,0.18062121740196624,0.01051323587762633,0.0001950740687544577,0.0828575175815076,0.00019456262080758,0.00020352695566570002,0.0,1.0,0.0,9,14.40983637552968,6.59456658573244
26,5,0.39541725334731204,0.43592454981740647,0.14261006030285436,0.015411532835322803,0.25016518222425366,0.08020295919698198,0.0025021512510242103,0.00783958491548852,0.0,1.0,0.0,10,14.361092594933078,6.972917657310766
26,6,0.3562784461541344,0.38898327654037246,0.11319630787761414,0.02301035103880478,0.22003844663922761,0.07757061357588542,0.00194205359219502,0.007952950932516061,0.0,1.0,0.0,12,14.561455553374774,9.407351187382664
26,7,0.3409873590770254,0.4030836292199851,0.15031168476104795,0.02849603849305707,0.13579500102196496,0.06339563676599277,0.008086287243786459,0.013914789167688851,0.0,1.0,0.0,14,16.74474159760116,8.061015537525304
26,8,0.3409855639366174,0.4206403517563914,0.17424583714157582,0.04508071390545666,0.008120615932940582,0.06338842411134817,0.00808960279387783,0.013921058863602209,0.0,1.0,0.0,16,16.74449909949051,8.06492155552017
26,9,0.3293076704289063,0.3875523021132517,0.14098116324396961,0.03695835613619713,0.16324733394466026,0.06897609568416456,0.00896370203436808,0.01263206965843518,0.0,1.0,0.0,17,16.275404402500513,8.075855448115822
26,10,0.310923015193047,0.3113196364741978,0.05328790142511947,0.05591795312599565,0.02952765291835477,0.07873146784299122,0.005692450035263421,0.00810597183060037,0.0,1.0,0.0,25,16.640845380106473,6.112937374163369
26,11,0.2927100084153198,0.31409932536942925,0.08721209725405277,0.0817676343819778,0.2508995643112503,0.07188855305583162,0.022028060321584438,0.03241292292256388,0.0,1.0,0.0,27,19.35739552642625,7.163662499575434
26,12,0.29261196911057363,0.3139562422333041,0.08712306518557562,0.08925511846959892,0.022476140450237048,0.07188855305583164,0.022028060321584438,0.03241292292256387,0.0,1.0,0.0,30,19.23986591016242,7.229920360264918
26,13,0.2653647112533062,0.3307421818633582,0.1330147738482798,0.10125407088472707,0.13673674084205562,0.06791736193370851,0.012545918959081002,0.02435529062413235,0.0,1.0,0.0,32,18.698813199564675,11.219096065222349
26,14,0.2666849720713431,0.34874945979139255,0.1584010628757262,0.15149378101858585,0.018832372985646408,0.07871649473450244,0.0156497753245398,0.026753535131591538,0.0,1.0,0.0,40,18.463221152905977,10.029752702972308
26,15,0.2506675363264967,0.32494922027059336,0.14290565722565016,0.1287347988037805,0.2200181413400885,0.06709032567285897,0.01382592655038862,0.02218743100179113,0.0,1.0,0.0,41,18.7516038257112,11.80167266419756
26,16,0.2858587102731499,0.3328598305383256,0.15432214616052348,0.1844648231123569,0.18891830773025217,0.07110242846713541,0.06544334393133541,0.037301558628282674,0.0,1.0,0.0,43,20.68851091135248,6.095960054790549
26,17,0.2654062180575167,0.33686972039755664,0.1811488860239437,0.21282142510880686,0.10121825530953056,0.0677887096584272,0.06097274454270153,0.0435911693316907,0.0,1.0,0.0,49,19.38137100870178,8.35272934227195
26,18,0.20270299036962242,0.2636506324669414,0.11740594902350757,0.15468081457038754,0.256602975737869,0.0680846985201275,0.01282964608288233,0.03825684022842455,0.0,1.0,0.0,50,17.16295738569226,11.937784327315487
26,19,0.20253310540708702,0.2984728870026978,0.1650905955042326,0.17512080580675388,0.013530059983921058,0.06808469764907224,0.012829645242571231,0.038252703166810106,0.0,1.0,0.0,54,17.10285017852248,12.064252413594591
26,20,0.20251411347289405,0.3159994993942333,0.18900488220169437,0.1841394963091506,0.012986930552056648,0.06808469764907223,0.012829645242571231,0.038252703166810106,0.0,1.0,0.0,56,17.084355501916,12.104262317981714
26,21,0.311563605554685,0.44413710128969824,0.27527079945210586,0.2682462348440471,0.17316891393746364,0.07683297132593077,0.0645954174744906,0.07495101242628789,0.0,1.0,0.0,59,19.94718005803548,6.564476103426608
26,22,0.3077059776371647,0.47328667300489524,0.319426499607393,0.29284020754941975,0.07543117572954375,0.07683297132593077,0.0645954174744906,0.0749510124262879,0.0,1.0,0.0,63,19.44529248469936,6.696176282256473
26,23,0.293295152934286,0.398137002214227,0.23353590638908792,0.2882812730765242,0.1448305828854999,0.07553698375398735,0.06431145217478504,0.07448514982999199,0.0,1.0,0.0,65,20.808801527630784,5.55037378695667
26,24,0.2916500207491496,0.5094585828773811,0.4216235748011273,0.4225451873559471,0.10561191937068934,0.07345968969083119,0.10333666104042916,0.11626525027032239,0.0,1.0,0.0,79,18.39348372646499,5.973294938441924
26,25,0.2913914384151778,0.5792429592330539,0.5170802998486661,0.48722982439664175,0.10426285654806917,0.07345758040546488,0.1033374626970589,0.11628046973475974,0.0,1.0,0.0,90,18.51869212460511,5.867594663623179
26,26,0.26286844870133513,0.4048604797844858,0.31724318035912097,0.4029196381522101,0.21552842736385242,0.07550437909962947,0.10260324953103002,0.13299076170294924,0.0,1.0,0.0,92,21.90416568750712,3.672675263611427
26,27,0.4205324431638575,0.8250907150864312,0.713338865258184,0.5761121776841035,0.11590733616470789,0.07377662126601604,0.114672762279215,0.11116180781508292,0.0,1.0,0.0,108,24.91595109763928,9.043316586715989
26,28,0.46283672249794183,0.8458596989511011,0.70002567537223,0.6029237273806818,0.15538449325217335,0.08320820915623803,0.1141116410233306,0.10303499396227973,0.0,1.0,0.0,112,20.693762951509687,11.877872291311862
26,29,0.4384830846519082,0.8485302045152192,0.7285712847236083,0.6249592848991247,0.4597082516012847,0.06637176040668893,0.11639442880098241,0.11344016700657802,0.0,1.0,0.0,113,20.770665410858072,9.657316627517918
26,30,0.41659345745820897,0.8193038780370508,0.710118459516643,0.6080621743704349,0.12593877557072264,0.07503584731089614,0.11567728322276938,0.12909172137699124,0.0,1.0,0.0,116,21.87702372416433,9.3241498571881
26,31,0.3872985904618981,0.7774235267815718,0.6845189445548385,0.6214764796521866,0.32885178948614313,0.06840020618201706,0.11687942502213136,0.11418432497664384,0.0,1.0,0.0,117,18.91145493013221,4.252532819249183
26,32,0.38490810431737577,0.7389290869319879,0.6344984973535482,0.5999431444210772,0.13645989553001053,0.07105529894320953,0.11674359116767677,0.11419507127112741,0.0,1.0,0.0,119,18.71780280387767,10.15888775882168
26,33,0.3790227092086659,0.7476055405288289,0.6529456512405994,0.6124665143097389,0.12031513132324603,0.06808306432694763,0.116846042380871,0.11507812548795422,0.0,1.0,0.0,120,19.40359924641632,4.01491979145348
26,34,0.38880956094485475,0.8958312507021328,0.8545100568240949,0.7424845731807969,0.13194160344334424,0.09182321236776864,0.13078126270611057,0.12958019026073,0.0,1.0,0.0,137,27.98715802259583,10.419860570032146
26,35,0.36756305065810135,0.8815209038760601,0.8581471292124865,0.7427042501918282,0.20124156125238227,0.10267065793046568,0.12953435261907204,0.13116972627474716,0.0,1.0,0.0,141,29.198756844610664,9.78274088373766
26,36,0.4075629286443997,0.9343546820579318,0.8968704714175496,0.769746100702797,0.31045821736148993,0.06945396431127518,0.14502879119124443,0.1686558816937928,0.0,1.0,0.0,143,26.56641641730685,10.261158661493916
26,37,0.3068940021639893,0.7836812844856638,0.7953100956933802,0.7619014506759008,0.13063730591637465,0.08723583064695108,0.12431909230196847,0.13801500326961041,0.0,1.0,0.0,149,23.861148234673458,11.175943333693628
26,38,0.39657562395462964,0.917966198768694,0.8865960523174726,0.8188151741141274,0.21470312374406503,0.08000790487034799,0.14481942012205676,0.14608027622946912,0.0,1.0,0.0,154,24.100949396096084,12.157323037825746
26,39,0.3670795594735196,0.8723128413454702,0.8578111348303012,0.8487745711381817,0.18521824318789146,0.06724593775497958,0.14380371403470416,0.13044772995464687,0.0,1.0,0.0,160,24.89515785669624,11.218277817390211
26,40,0.42916465371024204,0.956653480243463,0.9184118652185236,0.88716844924556,0.22779151459121372,0.06813189446458733,0.16532335368723222,0.18763375802447504,0.0,1.0,0.0,163,25.74097927477217,9.906629891463028
26,41,0.465594910062015,1.1662880634648836,1.1662880634648836,1.0481601127152342,0.1714282566323792,0.08635128393661108,0.16628806346488362,0.173556628595766,0.0,1.0,0.0,196,25.681246510964986,9.652200308122854
26,42,0.46018858678605823,1.141171346210022,1.1376521276094844,1.0457673770581273,0.18419369420532994,0.08635128393661112,0.16628806346488362,0.173556628595766,0.0,1.0,0.0,198,25.96364207466346,9.103056455011629
27,0,0.8421158815578431,0.806556422985904,0.35922462353909546,0.010274635859366393,0.0,0.0,0.0,0.0,0.0,1.0,0.0,1,12.562788243625167,26.70927008254393
27,1,0.6440124219563008,0.6601638041188973,0.2681870964140152,0.0054485535288147065,0.688837283861558,0.08499433723257098,8.91436600022e-05,0.00019979572824400997,0.0,1.0,0.0,3,9.344536713090832,20.89712161596492
27,2,0.585981241389956,0.6107847937355958,0.23749049426491076,0.007393055649827082,0.23260298445414224,0.09027403519766523,0.00014776832145774998,0.00038293255985577003,0.0,1.0,0.0,5,7.416917441260312,8.404359653980089
27,3,0.5859804861708416,0.6283440955327623,0.2614252091793117,0.01177172404617403,0.00015098751218973227,0.09027403519766523,0.00014776832145774998,0.00038293255985577003,0.0,1.0,0.0,7,7.408930751978066,8.419278026467177
27,4,0.5736507658577963,0.5998901638710518,0.23093962366874973,0.02306070618542154,0.05479001084159241,0.08544591701301754,0.00074748372563198,0.0006095889327122699,0.0,1.0,0.0,9,7.889774185459837,7.868028934648238
27,5,0.5634480416282932,0.5906894540992997,0.22514938690664166,0.02348720097377484,0.0856308076027001,0.12255567334267006,0.00057172936767374,0.00174822318093682,0.0,1.0,0.0,10,7.117035131300746,35.1433873275855
27,6,0.570084629918864,0.6155170702971349,0.25889321938169946,0.046707259339815496,0.07766614217382388,0.0863683704533707,0.01456387938243151,0.01705096614296553,0.0,1.0,0.0,11,7.1178686595892815,9.9806033972931
27,7,0.5661331494236151,0.6116227841511929,0.25523146310015693,0.04553468810128378,0.017083115587222995,0.08462929786329705,0.01128479713263801,0.01283737820922837,0.0,1.0,0.0,12,7.177056325165006,9.655880859025634
27,8,0.5448379852610059,0.5926293966426293,0.25041555756601475,0.06997082630578184,0.3825925559865479,0.08868878497762048,0.029808129451217007,0.00965300222184416,0.0,1.0,0.0,13,7.702218682232809,9.317134805601944
27,9,0.556650811108722,0.6048319169649834,0.2692327858358097,0.09285717008996433,0.14195532624297097,0.0691983633849213,0.059515290597386986,0.04798090570710995,0.0,1.0,0.0,15,8.268588261637158,54.84619865022126
27,10,0.5508569697519684,0.5990599239361043,0.2655761012236977,0.0945123997184475,0.11198004778737661,0.06912944009997421,0.05934068841804615,0.04661015445407291,0.0,1.0,0.0,16,8.724493623104449,80.61518056533484
27,11,0.5473167141741009,0.612965785872191,0.28992276171404463,0.11118081315078288,0.1673281072668738,0.06653076065560241,0.06644527836112993,0.13439538258186876,0.0,1.0,0.0,17,9.622725690216438,33.26147245958643
27,12,0.4645583397033004,0.5280051376737618,0.22255859300866454,0.08230176770632858,0.24697401206893368,0.06918617385639243,0.02804881286325292,0.01958949961087888,0.0,1.0,0.0,19,8.378303684236924,9.128253929105115
27,13,0.44926865882880346,0.5287510730082158,0.23611659210257852,0.09110056577934592,0.08166721169908658,0.06982579747006808,0.028268770302175374,0.01690174656128406,0.0,1.0,0.0,22,8.824264156804565,9.763168424878002
27,14,0.4486906270625622,0.5456675724766106,0.25965109967603944,0.1003824825295912,0.034314891786762704,0.06982579747006808,0.02826877030217536,0.01690174656128407,0.0,1.0,0.0,23,9.10704117186448,9.389573252459032
27,15,0.4438489901515762,0.5402442524350645,0.25632463648876413,0.10839979058508026,0.04578824762831517,0.2571343855902476,0.028394074947668442,0.019927059253729208,0.0,1.0,0.0,26,9.00510386529658,18.37595502777157
27,16,0.47065575959533923,0.5307099115983716,0.23805680662852255,0.1464960498202032,0.11459236136923692,0.10594159214192908,0.06460775345452938,0.14584863744944535,0.0,1.0,0.0,28,9.221938936960589,49.59394095912997
27,17,0.4683087419976111,0.5455436878482219,0.26042119046918843,0.15447039146327507,0.07931738005995011,0.11239061846902136,0.0649397591175562,0.1324260825544414,0.0,1.0,0.0,30,8.987576662346312,48.96197601148804
27,18,0.4520286242127237,0.4910959983400318,0.2015007118641469,0.14271275339559703,0.27348133860417123,0.07085305747274206,0.06751498649038998,0.058603785709924285,0.0,1.0,0.0,31,8.664493094880566,72.64146014014747
27,19,0.4475941690096834,0.5214362595026836,0.24544060299956139,0.15317513018386902,0.08614003731524948,0.1033947324781564,0.06498390672290441,0.12637916767518137,0.0,1.0,0.0,32,7.906698816612393,28.25137614184782
27,20,0.4441241195366583,0.5173568853625795,0.24282437531700307,0.15789428071180273,0.10119388046755072,0.10281086725788575,0.0647763515285085,0.12618092044248813,0.0,1.0,0.0,33,7.994437689881943,45.92641707355168
27,21,0.45431034481855515,0.5283543865826464,0.2518582790120644,0.1691231606858111,0.08654820209363868,0.08889533435726879,0.07057784492884094,0.1456840704977022,0.0,1.0,0.0,34,6.9154173081414765,43.99111242583211
27,22,0.4447409915274077,0.5353483541972195,0.26761966118440345,0.18325457631244918,0.09249350159715623,0.08235985440721386,0.0663427337630182,0.16130268288100585,0.0,1.0,0.0,36,7.50151689497537,53.06178610102022
27,23,0.4365694998238658,0.5257980770200255,0.2612073613095665,0.1841857537420259,0.06641379274643248,0.10128008349632331,0.06509636945408907,0.14534538798775157,0.0,1.0,0.0,38,8.799446361903795,47.49757117237292
27,24,0.42467104367387926,0.45406903489077566,0.1843842700857959,0.17809170039790992,0.4501433889610759,0.07051522833538734,0.08317611037865132,0.052530543047734635,0.0,1.0,0.0,39,8.861937649682687,82.56719472196602
27,25,0.3999871784098976,0.44195740203998035,0.18698962864380408,0.17809483098060008,0.179369627384171,0.10292780059695864,0.07557883085638775,0.12205527741798057,0.0,1.0,0.0,41,7.709041657040728,46.2595880842131
27,26,0.39998717658083516,0.4595175108662226,0.21092451061213954,0.19573545111253432,0.07558158924653798,0.10292776341936968,0.07557883404761959,0.12205537741531385,0.0,1.0,0.0,43,7.709042538152671,46.25959048801143
27,27,0.39449157490030223,0.45234631952317506,0.20637422313611603,0.19768697783488476,0.14058444881871912,0.10245832196357033,0.07534288767147534,0.12048584574885982,0.0,1.0,0.0,44,8.402703745588182,45.440909435744224
27,28,0.3926962876936234,0.4675396385338859,0.22882388977374538,0.20379193631597048,0.09728609104427538,0.09796566219148536,0.07530857052277282,0.12098532911199833,0.0,1.0,0.0,45,7.082717515582617,51.41635033243472
27,29,0.40045805039176813,0.49475258914894726,0.25949141206492504,0.23661247003706742,0.08265086508327818,0.08031640687349283,0.07723331847638122,0.14990347946124022,0.0,1.0,0.0,49,7.722861200555288,53.01017114610579
27,30,0.37481471365921154,0.4420095753856044,0.2142608235088277,0.22677371604999977,0.16252357459836328,0.11047923610984485,0.07879973298069276,0.14506022330377014,0.0,1.0,0.0,52,8.527694393293611,29.40988139393829
27,31,0.3738129961963407,0.4407473820862941,0.21335136985231618,0.22639313562077493,0.08724730757087383,0.08927150975632905,0.07847106336351711,0.15842317819082924,0.0,1.0,0.0,53,8.851152180428446,29.38911668995773
27,32,0.36998585184383886,0.4528145206790417,0.23402242187625666,0.23583342889522962,0.13433990852444652,0.09206262088793629,0.07887612252422439,0.14479972200118849,0.0,1.0,0.0,54,8.567602084408865,29.230085232432103
27,33,0.36998585175312215,0.4528145206853983,0.23402242188261319,0.2358334289014917,0.07887969921724583,0.09206262077449542,0.07887612253058093,0.14479972196031995,0.0,1.0,0.0,55,8.567602086370721,29.230085227796422
27,34,0.41309274741611357,0.6007014419414026,0.4209490547262381,0.36576904543514416,0.12454331579244635,0.05739081375437997,0.12349346015315252,0.02473391187829737,0.0,1.0,0.0,74,9.98218945992575,31.81903502884268
27,35,0.36462076916670505,0.5326504146258477,0.3491715896853053,0.33191040329319144,0.11310797780918076,0.06380282100577914,0.0800109326832608,0.03489393746257666,0.0,1.0,0.0,76,9.36585486903137,23.08421526849497
27,36,0.353540727882836,0.5344053635699509,0.3631902308481069,0.3408281644594007,0.22617604342547565,0.08034082949369967,0.07978897642449671,0.03423480465831702,0.0,1.0,0.0,77,9.43627163636211,21.929204970319056
27,37,0.4042887105394333,0.6019451717344182,0.4080093203375181,0.36776892904007386,0.10526029157300126,0.06694512384280776,0.0872049292540526,0.05542334698681021,0.0,1.0,0.0,80,10.68745103435054,21.442282590613228
27,38,0.40369571159418083,0.618717792669161,0.4314521372636773,0.384078917735775,0.09280470721728695,0.06711260388601265,0.08719877493756982,0.05546609118502841,0.0,1.0,0.0,81,10.610032551201076,21.45626104482667
27,39,0.2885275798612779,0.452965678139873,0.30032142192839967,0.32590201425817267,0.1814850388261447,0.07187526592468815,0.04749164960470103,0.06313955985714516,0.0,1.0,0.0,84,9.041318710015188,10.276731203640956
27,40,0.28154881124231845,0.4443441414399253,0.2934295503445279,0.3697790342282579,0.04735806448408981,0.07194189511049512,0.04344716558507024,0.05714391550739397,0.0,1.0,0.0,95,8.599966920677625,9.594616927404942
27,41,0.31734399861035156,0.547651469097782,0.4250669687482532,0.4256240973751143,0.15447274846457112,0.052163135551538606,0.08400423172768143,0.04673255144293867,0.0,1.0,0.0,96,8.362024998626794,20.223222356627577
27,42,0.2735216614526653,0.4795930052999941,0.35735567007991825,0.44588304021363484,0.07920739155391984,0.08089406827652904,0.051293733255544836,0.07378030738701111,0.0,1.0,0.0,102,8.364766305306716,9.949075454054489
27,43,0.27261482164218664,0.47812938547137795,0.35643709112822153,0.4489544905630765,0.06479507353465966,0.08082990593455314,0.05127246646393517,0.07332514421961735,0.0,1.0,0.0,103,8.296264701806368,9.844774178365196
27,44,0.24992165501396263,0.44698393677170944,0.3333981980163982,0.4431801250615224,0.10877793628599057,0.07576384652652048,0.04157877034512204,0.05705898087481478,0.0,1.0,0.0,106,8.540989021576138,9.984235152291228
27,45,0.2551084405324717,0.454750345838858,0.33873756569931923,0.47997839732238884,0.04392707573292609,0.05690154093414521,0.04292278298945618,0.05720058091682103,0.0,1.0,0.0,120,8.44843282347182,9.205480539562537
27,46,0.2584716696592822,0.4754260658927979,0.36601165307634487,0.4932787561098483,0.09100026785539556,0.05304651147166204,0.046629754115179875,0.06459987597097674,0.0,1.0,0.0,121,8.394390243252829,11.720326756626385
27,47,0.24168939706339376,0.46373042329191083,0.37215756276511625,0.5087370528100053,0.2176435355550823,0.055469764549789614,0.04771727679192764,0.0451056010740018,0.0,1.0,0.0,122,10.280159684902936,9.456871404174176
27,48,0.23671854385060154,0.4722139607272762,0.3906435523100309,0.5206032933909532,0.09314813919296708,0.053285628186783354,0.04823987217221149,0.055989328700606446,0.0,1.0,0.0,124,10.27442790463348,9.39012982740434
27,49,0.24213728025660353,0.45046940947606706,0.3707660100983824,0.5357227101662475,0.13308210919793026,0.053621721813989366,0.065865422869077,0.07688401238916798,0.0,1.0,0.0,127,11.731581451579894,8.828900982528628
27,50,0.23958574972382543,0.46087707141001977,0.36997055699189524,0.517179121487476,0.04942025855947805,0.04891189117162706,0.04662727719250686,0.043183118209952645,0.0,1.0,0.0,132,9.44894847525997,12.31520127414675
27,51,0.2281392347716758,0.4379910280769512,0.35700420487885703,0.5287177938984517,0.08113430865118287,0.05986663224806329,0.04999082658159819,0.0481916548989643,0.0,1.0,0.0,134,8.839763232764973,8.534584286915704
27,52,0.22720474669578442,0.4365555087267214,0.35599257987794075,0.533939053279088,0.05943876260905649,0.06025587034527095,0.04967692896885798,0.04893869300828524,0.0,1.0,0.0,135,8.891216920741638,8.482330031926658
27,53,0.22373781635094764,0.4825946040801889,0.4238224951799482,0.5688831025131184,0.11209139675651422,0.05866258658566137,0.050090724222864494,0.04910810140415428,0.0,1.0,0.0,136,8.879013734966684,8.512370681665892
27,54,0.2165018018675998,0.4187650289494833,0.34411086812577885,0.5439008997598367,0.08316236839142406,0.059240133728500025,0.04752243497548017,0.04999952210223368,0.0,1.0,0.0,138,9.00964697484925,8.971001116349733
27,55,0.21327058822844464,0.36135706882299823,0.28913006501685756,0.5636117851555031,0.14396444187845375,0.058655709772322685,0.0653963003968909,0.05482925190043244,0.0,1.0,0.0,144,7.897412463358651,9.733692215381902
27,56,0.21323006690238094,0.3788378624574599,0.3130157849831458,0.5795851053321016,0.06564766696067836,0.05865570977232269,0.0653963003968909,0.05482925190043244,0.0,1.0,0.0,149,7.906938668775247,9.712152735271378
27,57,0.21298155764503757,0.3783459202694004,0.31271177769146996,0.6019383791721625,0.07069640233508646,0.05880823575478916,0.06540166588794796,0.05483330535763052,0.0,1.0,0.0,150,7.927642787025704,9.746411359102582
27,58,0.21448595256743538,0.3795093095299493,0.3141380478555281,0.6069694069519362,0.07655696135178157,0.0643703316975426,0.06726064282898522,0.055230990545228155,0.0,1.0,0.0,151,8.122451102432006,9.10395540168128
27,59,0.20446317470090686,0.36044502588864197,0.30195063479956913,0.6018827514545834,0.21264891944685405,0.0589351872657092,0.06639417617845196,0.05380566115462656,0.0,1.0,0.0,152,7.9695938682047425,9.725461790766872
27,60,0.19911347724581457,0.3464160211545383,0.2943614629845021,0.6355275379126962,0.07579720521519193,0.05370832820189928,0.06940626577847044,0.04455348794901255,0.0,1.0,0.0,160,11.087296865106984,10.076724180158568
27,61,0.17774314815368297,0.31980787142940675,0.2903897971708269,0.6550044084768415,0.1348125432518123,0.04347041954736007,0.06826986168903526,0.04677999238495461,0.0,1.0,0.0,165,10.575051400860849,7.145799941909649
28,0,0.8253545780995062,0.7952852766917037,0.352212829247963,0.009650050084514658,0.0,0.0,0.0,0.0,0.0,1.0,0.0,1,13.512071535854547,27.701266651134222
28,1,0.5720519032294245,0.5983901887712295,0.22976214125586164,0.0020342542469872866,0.9263665194095775,0.08613419337950062,0.00010091646955223999,0.00018632251075869,0.0,1.0,0.0,3,12.433799579225832,22.195293497146054
28,2,0.4786198015581695,0.5091032959445703,0.17424029875082678,0.0017676913705432032,0.4202756940941591,0.09039704986350384,0.00016381528812393,0.00029781560749377,0.0,1.0,0.0,5,11.717397265304385,8.80011460004547
28,3,0.47556220570112645,0.5235399557290037,0.19624290800239322,0.007051353405212751,0.015011881022050222,0.09183893047709843,0.00019221762151640999,0.00034816097448696,0.0,1.0,0.0,7,11.736746606482797,7.463390879585578
28,4,0.474250789423809,0.5221215038946591,0.19639581916124865,0.012497182096317673,0.04204087472412745,0.08571089924734995,0.00293148305918192,0.00545247435685662,0.0,1.0,0.0,8,12.257316076081066,15.523790217341825
28,5,0.4595173469924441,0.5061879848074289,0.19039794485866313,0.027479765938230035,0.13707203150889227,0.07983227652816098,0.013289892153863439,0.01590913396079854,0.0,1.0,0.0,10,12.883873371769848,10.92684246875949
28,6,0.4291098889434545,0.4728160503812954,0.16985706635981618,0.033859633967187025,0.17344576008933807,0.09767060814201124,0.0138723361788738,0.0289596830318749,0.0,1.0,0.0,12,10.35005801956113,8.82833850834823
28,7,0.4276587791136427,0.4887360588698231,0.1927719544333972,0.04584677866502708,0.0215358780774484,0.09767060814201124,0.01387233617887379,0.0289596830318749,0.0,1.0,0.0,14,10.353368706900763,8.692542898149403
28,8,0.4268234430892018,0.4877920852957242,0.19218472512775453,0.04345764283159649,0.022713651351471152,0.09767060814201124,0.01387233617887379,0.028959683031874912,0.0,1.0,0.0,15,10.357373086729927,8.600484219642247
28,9,0.4183197864360746,0.4957879584891533,0.2099536379051293,0.05108835472617423,0.097833445872434,0.0949627732089089,0.01330036974545513,0.03520109109602183,0.0,1.0,0.0,16,10.19879661646805,9.57655202418684
28,10,0.41687577992162733,0.47662035354227344,0.18490661080460752,0.04902322248641253,0.025325934371164534,0.08571104409023834,0.01300392995617034,0.03883422583822056,0.0,1.0,0.0,17,10.738458945311478,10.624683019659662
28,11,0.405163354926467,0.46240983210011516,0.17762441409287516,0.06038065154229062,0.18953333963660152,0.09464411797629352,0.017127342046268472,0.00958452287317354,0.0,1.0,0.0,18,13.79685178616568,8.415174054611645
28,12,0.39483209102247463,0.4326219278545763,0.1460902477110489,0.0561420351441926,0.07474044667762877,0.09629686291252766,0.01714788860156645,0.00964380823854844,0.0,1.0,0.0,20,13.984736492127464,8.0542099834073
28,13,0.3912055588229264,0.44578507853893556,0.16746657360545725,0.07241946651246756,0.0406706577768402,0.09208971477533844,0.01761522438727356,0.01029509606148869,0.0,1.0,0.0,22,14.426655634742236,9.119447370560534
28,14,0.37179041869547275,0.42564193031125735,0.14887039890495557,0.05645297744844043,0.014284743116264667,0.08948389892856598,0.00156602229602864,0.0058692681259234,0.0,1.0,0.0,25,12.359840617969544,8.417907783228003
28,15,0.36658128845482374,0.4018114533604191,0.12093386743914858,0.058272175048900705,0.05773453447490297,0.08995196263811792,0.00129978377849975,0.00474553337609329,0.0,1.0,0.0,26,12.626039928447687,8.893009117682668
28,16,0.36142242835906063,0.4130005744565076,0.14099159658889368,0.060554292344810794,0.06358119582252057,0.08947195290003099,0.001527504096045,0.00495474989011166,0.0,1.0,0.0,27,12.794875461866903,9.361712956333172
28,17,0.3686414524943396,0.41674877087479034,0.15143034456571813,0.07615381555467937,0.18980914564271267,0.09302222080960636,0.02298022901520228,0.00986555964397355,0.0,1.0,0.0,28,14.397753384522025,8.631021840959928
28,18,0.3555326720855424,0.4006384156565293,0.14056984547805043,0.08772483834510779,0.06428425895995042,0.09754641667518224,0.02076206735251965,0.01637898959725444,0.0,1.0,0.0,31,16.815919544609265,8.312106155691025
28,19,0.3453895100040725,0.3873014463378195,0.13243007860825956,0.09502190932678088,0.08572748793538026,0.09154003183206791,0.02117822764248013,0.01038261607295423,0.0,1.0,0.0,33,14.85965455003075,9.30228147168461
28,20,0.3434511658110987,0.38490162713405707,0.13076074749703162,0.09444798300841997,0.03890138107756286,0.09143784135601524,0.020711102560198,0.01051447215214494,0.0,1.0,0.0,34,16.36618243382928,8.12789263115483
28,21,0.3393615858631972,0.46546880161646215,0.24800376814424857,0.1281019145870903,0.15501717425613004,0.09936243697058074,0.02618320982032375,0.03332951052799255,0.0,1.0,0.0,35,12.00791701349542,6.453915085083701
28,22,0.33877595520435655,0.48223163549712994,0.27145436229196707,0.13594966414290127,0.03246860990257954,0.10046843842572262,0.02621389104468256,0.03348789239345358,0.0,1.0,0.0,37,12.18756577607233,6.264077523372347
28,23,0.31068103709941963,0.4913110403590762,0.32034834107100246,0.17798131437151704,0.1310959446016028,0.1015476165510442,0.037362642461487,0.036915368099884924,0.0,1.0,0.0,42,13.855042312986996,5.579395210726672
28,24,0.3036421038654216,0.4974291786110698,0.33808129078397103,0.18827017107478572,0.12764060252787332,0.10280596756028992,0.03978660993116419,0.042938762714354164,0.0,1.0,0.0,44,13.460912131521772,5.782539384461215
28,25,0.28639967756889817,0.45525262468879585,0.2978556873712475,0.20457803797094704,0.13111863278187996,0.10146680235462299,0.037202017201742696,0.03689638792449046,0.0,1.0,0.0,46,13.332060964351651,5.5172493595049525
28,26,0.3331768701033804,0.5104677859436312,0.3692251944818789,0.2692616583149473,0.22136990220315933,0.10110962340844236,0.10073582835197192,0.10061179456336504,0.0,1.0,0.0,48,14.986678028206356,6.757012945003251
28,27,0.2617422789979355,0.5563974046279107,0.4653041076351331,0.2900394433916378,0.044119496125843816,0.09518323521744472,0.03836464234098061,0.03664666540227144,0.0,1.0,0.0,66,15.929306348927993,5.418970017248047
28,28,0.26078934991965047,0.4836643347131652,0.3685393775336131,0.34219639441265837,0.04917085218765303,0.06500711858037114,0.0397566753174795,0.042998822172110915,0.0,1.0,0.0,84,12.850927251303135,9.267809981222884
28,29,0.2598310484575086,0.4822171585253207,0.3675909376189634,0.33493153759309713,0.09038024446975734,0.06439740367381039,0.039629132922549236,0.04555201356112976,0.0,1.0,0.0,85,12.264232928867148,9.39116164082492
28,30,0.255690782030236,0.4754040966153047,0.36335246465513343,0.33454656459246673,0.07856536600205496,0.0643974020818928,0.03962913262723977,0.04555201295617775,0.0,1.0,0.0,87,12.019807103083108,9.710919345446811
28,31,0.2383372286022118,0.5327762189054626,0.46476835328418,0.39572025354232304,0.10832605583834556,0.08463880283878526,0.04140300664082552,0.033568987077629606,0.0,1.0,0.0,91,13.657471011223183,7.854378711427342
28,32,0.2381983147668213,0.42717611079334283,0.32100932486564926,0.29398594659295507,0.041677473679536864,0.08463880376833638,0.04140307601610202,0.0335689864939602,0.0,1.0,0.0,99,13.645476059150983,7.848041519632812
28,33,0.236986659443363,0.5106447131194666,0.43914221105449014,0.4175114925703674,0.09666038602624569,0.08374490063539636,0.04445332897500694,0.03074911099029417,0.0,1.0,0.0,100,13.545243208066085,8.82270121495467
28,34,0.2352172057466866,0.5252273710453781,0.46116868054982296,0.43448705087044237,0.051067266746801995,0.08375389227063275,0.04430458663683104,0.03076167282970798,0.0,1.0,0.0,104,13.457296228406886,8.856042310879197
28,35,0.23099080162978386,0.5190299873662297,0.4567031971972416,0.42930438661645526,0.08136603855141261,0.08915344254502192,0.04269015044885116,0.03914538901511036,0.0,1.0,0.0,105,13.412186019014875,7.698412606021876
28,36,0.23279265704999832,0.416826491836748,0.31506084175037063,0.33589515959899074,0.05518311044920486,0.0882875520906323,0.04269972768062741,0.0368724307373032,0.0,1.0,0.0,106,13.5226683319748,8.023796823562122
28,37,0.23101368462065255,0.5525393520819016,0.5043871231649374,0.4661208445266281,0.08142898399301621,0.08782371472024732,0.04484930338004547,0.03752211660926564,0.0,1.0,0.0,107,13.36899433929853,8.453565172685137
28,38,0.2116744835847002,0.38014372602989704,0.29164909418509355,0.3514273883269243,0.10461158594664449,0.08355109778309297,0.04113502957621492,0.03356245116241422,0.0,1.0,0.0,111,13.002739606156808,7.7924425171428915
28,39,0.23454984378688315,0.7479472777065919,0.7710424350202449,0.7607060800446621,0.05037034867257819,0.08577125219349416,0.0500683914185648,0.03444925039129672,0.0,1.0,0.0,187,13.789809965923956,6.882302599453803
28,40,0.23259475271003555,0.7446044903690665,0.768900894289749,0.7711454134683096,0.10969422049670195,0.08457252686005842,0.04990478275168469,0.033926056636955,0.0,1.0,0.0,189,13.768998272372352,6.481498711418554
28,41,0.2331847286181502,0.7459741777801401,0.7696017479113836,0.7844673245274326,0.07567021348426496,0.08451328778849063,0.049504151285644546,0.03444061034846751,0.0,1.0,0.0,191,13.744485609540224,6.798191943035917
28,42,0.22286647054334177,0.7289462989947523,0.7582666307298561,0.7747106093201712,0.04799893226205624,0.08451326217008678,0.04754099752340732,0.03443818296279904,0.0,1.0,0.0,197,14.016999386381164,6.83108708672594
28,43,0.22271116220572124,0.7637838272898443,0.8059609459503523,0.8019399093042414,0.050493072773186196,0.08451326217008626,0.04754099752340727,0.03443818296279917,0.0,1.0,0.0,200,13.97748266605378,6.808052444187135
29,0,0.9419801009717799,0.8702043034262785,0.39882007929862373,0.013805337998118736,0.0,0.0,0.0,0.0,0.0,1.0,0.0,1,8.395489397775258,26.073593069347808
29,1,0.7041563723355733,0.7079291782470296,0.2979025783266352,0.008099486580575802,0.7635238079901755,0.0708224331728978,9.047313333471e-05,0.00013312102034215,0.0,1.0,0.0,3,6.858183163051429,21.25782768490037
29,2,0.6567834656514383,0.6707554316851915,0.27511924712542535,0.009086052754251313,0.3591125325897441,0.055206033645066675,0.00099693672686226,0.00102430538549191,0.0,1.0,0.0,4,8.015720815214594,21.532319163775504
29,3,0.5952949535517422,0.6189498484835864,0.24257208857351767,0.00785129355801802,0.4793797878761134,0.08666029130580029,0.00015333306704816,0.00021332689425931,0.0,1.0,0.0,5,6.906331338536236,8.986519733873282
29,4,0.5862521986259507,0.6110202586054643,0.23762705547028187,0.012811334253519097,0.037254646221703144,0.07868033905049217,0.00012145000032636,0.0002074699856742,0.0,1.0,0.0,7,7.106784602378182,17.772370573507633
29,5,0.5738775950964247,0.6175930385729955,0.2547380207116821,0.01822571129242653,0.05196330548344472,0.0798191910025407,0.00015125786853334,0.000286768279481,0.0,1.0,0.0,9,7.378069977585445,16.86670580029277
29,6,0.5650791282234865,0.6101465976112078,0.2519819975290733,0.0289277528100252,0.06357474629051194,0.0990783467728979,0.0051166091007298995,0.00894809949697614,0.0,1.0,0.0,11,7.864529239773596,179.3987146977939
29,7,0.5218275973090137,0.5696056155098219,0.22728896190918316,0.030132943940352708,0.40067531151270663,0.09123776482208504,0.00651291907328797,0.0102576453305488,0.0,1.0,0.0,12,7.099884477569715,5.014963947570761
29,8,0.5095918686171783,0.5752307296944212,0.2438658772684869,0.03451319857296303,0.12057092454187454,0.09711186106172173,0.0066888165174823905,0.01032279112417544,0.0,1.0,0.0,13,7.400460231171502,5.203971528751785
29,9,0.49300623376315983,0.5762940822483142,0.2551024091062007,0.03595861248762427,0.09476501137123519,0.08692142146531265,0.00024325183023262,0.00103847049724492,0.0,1.0,0.0,14,10.195684667804752,8.782405393670565
29,10,0.48737595913389464,0.57056900588194,0.25421712211703135,0.04233045826272649,0.06754575788320387,0.08233000547121154,0.00732518793084747,0.01484779360764656,0.0,1.0,0.0,16,8.786551902368803,5.847452250034835
29,11,0.471076490393929,0.5363645428859065,0.21869974743365642,0.03756253187639559,0.1300459459389479,0.08425189872382503,0.00407598439223358,0.00454313414843674,0.0,1.0,0.0,17,7.574092132030145,18.724993844400373
29,12,0.4476195852651106,0.5287819775369177,0.22895041803183355,0.04909637820698532,0.15182026008644778,0.09613670639359624,0.00925461275316053,0.01003412725418519,0.0,1.0,0.0,19,8.871019739246773,6.41682350377009
29,13,0.4208727655872868,0.516753867700716,0.23457748167902628,0.05425876270012998,0.14986846255446673,0.09528450843245852,0.009516647650642,0.01295789862754736,0.0,1.0,0.0,21,9.1067575467245,7.253970736870801
29,14,0.4169293045275895,0.5298698214551567,0.25568629250546476,0.07087090933894225,0.019420005218648326,0.09481372030656102,0.00935400406996605,0.01309429955481255,0.0,1.0,0.0,25,9.246484144707631,8.06417674016785
29,15,0.4081199429203651,0.5016043294439099,0.2266090189947086,0.07149915406598792,0.15180508715280044,0.10169258302090742,0.013369568065852929,0.02522823020219065,0.0,1.0,0.0,26,8.594529380780493,7.039222526894733
29,16,0.3979766784561237,0.48980365810708,0.21913094919939216,0.07307323890497641,0.12057501274788728,0.10227277964485404,0.013007509240598219,0.02343696480102487,0.0,1.0,0.0,27,8.794912004819231,7.158816949408307
29,17,0.39739343212638334,0.4891749413676341,0.21861511726595917,0.0778682002123159,0.014081677067535166,0.10213065476336532,0.01267755223294922,0.02287322303993591,0.0,1.0,0.0,29,8.822638591194737,7.012941878434453
29,18,0.37821710658226126,0.4311159454745903,0.15638545043974555,0.07428850079116964,0.2259346752827753,0.08993022529902693,0.01244102392916354,0.01889475617022373,0.0,1.0,0.0,30,8.910549265046406,4.841878869975868
29,19,0.36058630955593124,0.42671469563627057,0.16687383698669916,0.07852413025723826,0.22489351883688644,0.08427400427274763,0.013011511152269358,0.020891599084068478,0.0,1.0,0.0,31,8.819257462454853,4.074035059008067
29,20,0.35931629757462086,0.425126916147178,0.16586982037703019,0.08089446346317812,0.027498958201820543,0.0848756941954703,0.012968440052243398,0.02084680693207796,0.0,1.0,0.0,32,8.713142642707504,4.13725729309322
29,21,0.354068937033303,0.4892514271168561,0.2576642117368099,0.09631926640615175,0.07063943202639458,0.07668452348128348,0.01259541398107368,0.02045423358680227,0.0,1.0,0.0,33,10.814586606547186,11.333785016494383
29,22,0.3537489442101753,0.41798798688227284,0.16154471039562626,0.08828376294793303,0.025249621437004544,0.08603183993402559,0.01327572867669583,0.022489127225774362,0.0,1.0,0.0,34,9.086582935606213,6.57244652809619
29,23,0.33608746541387075,0.4655719719259933,0.24293317324600733,0.09498174065612329,0.2192684182386742,0.07668452348128348,0.01259541398107368,0.02045423358680227,0.0,1.0,0.0,35,10.24710920409082,9.78668468239928
29,24,0.3324666363811512,0.46083178199412994,0.23994125353830614,0.09932217262422727,0.05598150357151797,0.06900597325383269,0.01248157878392289,0.0205483577777896,0.0,1.0,0.0,36,10.11275771167384,17.35057166288675
29,25,0.3210789030462445,0.5138638914092012,0.32705043539201434,0.12869585909118011,0.06065953253796666,0.07362194725673948,0.017970966897076928,0.028507776483092988,0.0,1.0,0.0,41,11.588286178696723,10.995189542717068
29,26,0.30952993120828654,0.46333929634180526,0.2690621505334871,0.1332502401742493,0.1480995344545929,0.07114693379190878,0.01655496925054045,0.02603210718684466,0.0,1.0,0.0,42,10.278413610811754,10.122385102147584
29,27,0.3061523674231897,0.45866188167206273,0.266110346891819,0.13541583840401505,0.059413450256894616,0.0702547212471322,0.016443889423202858,0.023275844920813322,0.0,1.0,0.0,43,10.924945722567896,10.078804051189108
29,28,0.2967161591275044,0.4449013554512609,0.25788952861804293,0.13015580896957335,0.15516791136198047,0.07233233533143232,0.0173426860065304,0.026001216402523918,0.0,1.0,0.0,44,12.31563977752018,10.713842749829594
29,29,0.24108924819948344,0.4013947908192278,0.25306528560209957,0.14359950776390829,0.09952772997377371,0.091547206458123,0.007338742957650519,0.01492212254063047,0.0,1.0,0.0,51,14.15514036020781,6.18809562523461
29,30,0.2381241672106238,0.41446091183617767,0.2740733299621949,0.15142667842176227,0.026498795979743174,0.09598372753276704,0.006991489827740301,0.0187382982128108,0.0,1.0,0.0,53,14.350050327560492,6.206090813359552
29,31,0.23463364608171738,0.40845809772147434,0.2706084149937314,0.16398233604512266,0.01672304865465904,0.08979618480608154,0.007704472948692221,0.02079063865438531,0.0,1.0,0.0,60,15.170679011804168,6.364712145909471
29,32,0.23201740046954103,0.40425525652509575,0.2679887764877082,0.1661826519306437,0.027389854957231105,0.08945747032885151,0.00769123459211196,0.02080054096455019,0.0,1.0,0.0,62,15.065407561944138,6.473173514530102
29,33,0.2284776646217821,0.41332442539407205,0.2882783860000513,0.1821856686040761,0.1326064014158996,0.07163368943610741,0.01202258321209144,0.03309493557141928,0.0,1.0,0.0,63,15.182143701164811,6.893643456252253
29,34,0.21477244308844576,0.426975413160394,0.3220248653074775,0.20075229147448231,0.05574081188127257,0.06082569627598714,0.009991498491532021,0.01942408254058911,0.0,1.0,0.0,67,20.652022974694937,9.84061343515514
29,35,0.1899985529869082,0.3925529094684453,0.3176631066001023,0.21342615524571873,0.3153303165985643,0.07870928310176134,0.020686537327964098,0.04164857876775812,0.0,1.0,0.0,69,20.225739935136698,8.320785188751904
29,36,0.1714964842831474,0.3593497166412269,0.29625899826053825,0.23192761981699692,0.07741543051003186,0.07350597730792384,0.018706549905965687,0.053311483798006834,0.0,1.0,0.0,74,19.96519392707336,12.935830384383207
29,37,0.17497972779536403,0.32756782433011705,0.251850207662066,0.257435950224326,0.02302464397260559,0.07302314356186804,0.022369887299558,0.035820654415562994,0.0,1.0,0.0,79,15.427859767175551,11.318572700553217
29,38,0.17229979866068276,0.339905127550613,0.2725360713905649,0.2762381790561274,0.04681582953680057,0.07302314356186806,0.022369887299558,0.035820654415562994,0.0,1.0,0.0,81,15.55609538452099,11.7476445149523
29,39,0.16696351745357527,0.4004804720505338,0.36195500209612425,0.3202820379156369,0.028495019891413523,0.0639388678578908,0.02155372418552674,0.03319938498876297,0.0,1.0,0.0,93,15.20332914618394,10.266067709930034
29,40,0.1523285558361074,0.38824683946514066,0.367469425306079,0.3387914692784923,0.06901652740609261,0.06351012738020605,0.02185567482200148,0.03314606660334369,0.0,1.0,0.0,99,15.90514081685508,10.227397345295302
29,41,0.1485139647086396,0.39805724060950987,0.38653360169235784,0.34849041744603504,0.05756266120311953,0.06573514664150551,0.02172420951920532,0.03434569361679801,0.0,1.0,0.0,101,15.641364931273293,10.146747802497543
29,42,0.14133443255951914,0.38225265729974567,0.37693606896695253,0.35803817021642587,0.06094606579485641,0.06545207470378968,0.02234444486362316,0.03549781008400982,0.0,1.0,0.0,105,15.625397382529574,9.185853568481336
29,43,0.13826258085902837,0.3955277894106206,0.3974542415250468,0.3799928316914492,0.023075872880057056,0.05759637343736975,0.020356839895924038,0.03110015642114917,0.0,1.0,0.0,113,13.717144253293185,12.535406120985824
29,44,0.13360171953517577,0.4045329137285977,0.4155819634205698,0.37519794152081287,0.041809517598500615,0.06158499487719617,0.01907283981838713,0.02947533626281381,0.0,1.0,0.0,116,15.488692687584102,10.939854274818234
29,45,0.1273310636838396,0.409222702838152,0.43125784443158083,0.40798358122031986,0.034797391168358796,0.06158188303188818,0.018404781755735792,0.03034618415337482,0.0,1.0,0.0,123,14.778801963657102,14.090608461973016
29,46,0.1243537528932035,0.42043458550880186,0.4511743084545311,0.41796295771821185,0.047207204745294315,0.06270465619487972,0.01822119121240618,0.029447673880921933,0.0,1.0,0.0,125,15.002706009101663,12.026621197219283
29,47,0.1237487029830756,0.41898830472684334,0.4503065863897412,0.4179630727966423,0.03270639365379028,0.06425461266982192,0.01830622152212322,0.02952818755114688,0.0,1.0,0.0,126,14.864489403412032,12.031150045159842
29,48,0.12324982364180986,0.4353654523921995,0.47352877624680073,0.4284673842705733,0.030061946348543228,0.0601879983285273,0.01836680069620852,0.03023103336333389,0.0,1.0,0.0,127,14.652681981637068,12.308404451028505
29,49,0.12120288575691082,0.43021635779221123,0.4705018440820846,0.44247562662818246,0.02637767694656934,0.058468461599106035,0.01883358521615667,0.030106090643461807,0.0,1.0,0.0,134,15.02382236399509,12.413265966348376
29,50,0.13272792725728558,0.452281329553871,0.5037058130150034,0.48605527010758964,0.050655673791660034,0.06693157869600924,0.03594530818678901,0.04603695914013379,0.0,1.0,0.0,142,14.369203036576849,7.591843815265148
29,51,0.13273068403597127,0.4819478755769409,0.5497603491677466,0.5445076870856981,0.05837876785520081,0.05916975343268405,0.04011894084428637,0.05227820119583226,0.0,1.0,0.0,147,11.18008621327454,11.354911576216558
29,52,0.1309742141360319,0.495410296594952,0.5711517532198396,0.5550745012359646,0.07880939183308817,0.059055847781740486,0.04013369063411898,0.05480272500572649,0.0,1.0,0.0,148,10.899592994918155,11.793537576915329
29,53,0.11478619633091623,0.46328946446130315,0.5494475791642488,0.5489983713222141,0.07272030352004773,0.06008846519027815,0.03557752993443111,0.056468501166684136,0.0,1.0,0.0,155,14.052925818342036,9.245248193243988
29,54,0.08345868243744996,0.5352677896545822,0.6956458312385814,0.6507541264109997,0.05069815982996702,0.06407473204648653,0.028521714526825382,0.05312640734547145,0.0,1.0,0.0,181,14.696012270526456,7.691269057644149
29,55,0.08366597652004504,0.5859165181764295,0.7667779930726292,0.7281328941848262,0.032903172363736126,0.0616537243969328,0.03008569281716733,0.053877179304486336,0.0,1.0,0.0,193,13.97256597773688,8.40402879290949
29,56,0.07982486990802602,0.5757940976200321,0.760446599064672,0.7311944983632126,0.12437602960809768,0.06172867663991809,0.02999490060044816,0.05372753707769039,0.0,1.0,0.0,194,13.873519864483708,7.93528613705953
29,57,0.08616726505789798,0.5902888991601859,0.7869314573590979,0.7569921080116286,0.07643495011317154,0.06546097369671319,0.04178853904083179,0.06721655457913253,0.0,1.0,0.0,198,15.603437260210605,6.585213913509636
29,58,0.0857568872905537,0.606667668150488,0.8101424168396135,0.7688019074754765,0.047522219777005464,0.06546960378372307,0.04181751424233536,0.06625124052022188,0.0,1.0,0.0,200,15.587083053600372,6.590975602859061
30,0,0.8122099608845028,0.7863173937647907,0.34663385042940204,0.009151923464718725,0.0,0.0,0.0,0.0,0.0,1.0,0.0,1,13.745013582213796,26.163974236682723
30,1,0.6142609514527932,0.6352742663088462,0.25269299464475065,0.004042276262755267,0.7105474376804463,0.07955821394788695,6.204240035067999e-05,0.00011337989637677001,0.0,1.0,0.0,3,11.010475830121203,11.39359301865822
30,2,0.5446299469842955,0.5733505228098948,0.21424051502834957,0.005675009975535222,0.29228476486948096,0.0900526561226061,0.00024816960140271996,0.00045351958550708004,0.0,1.0,0.0,5,9.53793768301852,5.463948622145232
30,3,0.5445406410435266,0.5908275652010874,0.23812394091679961,0.00854226117476153,0.0006388475874496127,0.0900526561226061,0.00024816960140271996,0.00045351958550708004,0.0,1.0,0.0,7,9.54277485968528,5.455928579464899
30,4,0.538031432190938,0.5671848729907708,0.21038865491680378,0.019937795172696185,0.028611366019747175,0.08882342790002166,0.00020535263545279998,0.0002814045060076,0.0,1.0,0.0,9,9.98507923911845,6.123164011601236
30,5,0.5336934752300972,0.5631291052716568,0.20795803331258964,0.017456746098475116,0.04100924679068337,0.08815936051234743,0.00045011737852587,0.00110226669856262,0.0,1.0,0.0,10,9.989319530336829,14.118930638896853
30,6,0.5231074638625005,0.5530607936363494,0.2016842272765981,0.018897757414818864,0.0948311266763766,0.08980651332145279,0.00042281219107015997,0.00106224137371156,0.0,1.0,0.0,11,9.519416700097825,14.629660975735309
30,7,0.521336097193223,0.5689186420464826,0.2246040404146284,0.03027390584988962,0.017556482333972608,0.09096285206815036,0.00053883616796255,0.00126536658534809,0.0,1.0,0.0,12,9.604303420604868,10.521206036955496
30,8,0.515391182763775,0.5631862285250443,0.22102575623714957,0.03216829174183314,0.05411123628520166,0.09169724201883532,0.0005067047400182,0.00115643718555191,0.0,1.0,0.0,13,9.192429636615708,10.779223759839102
30,9,0.5141487546824537,0.5795405720000749,0.2441350698395469,0.031913209636419054,0.009796389969659014,0.08997184319663523,0.00030627577618341,0.00045650019718818,0.0,1.0,0.0,14,9.600668760174504,5.67851187736924
30,10,0.5029279644722948,0.5686786825448354,0.23938599557452664,0.04885859161926768,0.08185414178813946,0.07272318541118719,0.00562028318961983,0.00950448390140457,0.0,1.0,0.0,16,8.651749911285753,7.7092099657801585
30,11,0.4846668860896686,0.5678685486807326,0.25131266721302387,0.060434040179576064,0.16198129316524906,0.0852443203835993,0.004085087590771129,0.00416914723781506,0.0,1.0,0.0,17,8.974393790180402,6.911985162948884
30,12,0.46915822662371626,0.551901059417814,0.24167757753710387,0.05779478687329382,0.1624541869370839,0.09053282228183618,0.00487466995730679,0.00948029802656291,0.0,1.0,0.0,18,9.042902003192706,11.044742296353308
30,13,0.46833190869729446,0.5685972945429445,0.2651057021019764,0.07240911882115168,0.0071752165557550825,0.09102773512601507,0.00495530891342133,0.009116416620044001,0.0,1.0,0.0,22,9.001554090172437,10.99712672835339
30,14,0.46748516331400164,0.5677163543283252,0.2645456438632707,0.07490163595470609,0.012912483995483788,0.09164657842757856,0.00492348940737977,0.00753164867436803,0.0,1.0,0.0,23,8.96558216335241,9.802966864479767
30,15,0.46496766753073426,0.5650825282597146,0.2629277367449889,0.07946063298905522,0.030254951059528728,0.0921688884198589,0.0049779650330444404,0.00820871562048095,0.0,1.0,0.0,24,8.893767713197795,10.151663265379536
30,16,0.4685355083687237,0.5504304828613232,0.24657215067991498,0.10949693270867866,0.1364946800723285,0.07087648532615592,0.020247443625461912,0.03187612751921702,0.0,1.0,0.0,25,9.665140364758672,9.338108625603178
30,17,0.4448255163577389,0.5260804604930694,0.2257812989575163,0.08936011084552081,0.09388438769142489,0.08314912851172801,0.0053157213223721704,0.004209172048732919,0.0,1.0,0.0,26,9.236497780064166,6.741269137876255
30,18,0.4360074951188133,0.5146300310676077,0.22506689779969508,0.11752885545356379,0.2894388081015989,0.0764755069420954,0.02227533279618034,0.01902521472018992,0.0,1.0,0.0,27,11.051890281658125,9.541828801214937
30,19,0.4246812176329642,0.5017872470791914,0.21705537867950056,0.1248637402212669,0.0823478528803322,0.0870355810680121,0.02221705381513795,0.039476846659461065,0.0,1.0,0.0,29,7.837978571150698,11.13891758524606
30,20,0.4121331420852688,0.4859878023818907,0.20995726979777596,0.1253507474769303,0.24594173544048564,0.09396733841251895,0.02944327619606833,0.04406472652627907,0.0,1.0,0.0,30,9.717577622252644,14.933179683781532
30,21,0.40057338569938455,0.4895763102825271,0.22548095071907606,0.14154166042523475,0.16853231501971902,0.09245066521251866,0.03018539429322754,0.0622297207968011,0.0,1.0,0.0,31,8.508679743976936,11.336605619031523
30,22,0.39500748369160926,0.500713349651834,0.24483973411120238,0.15349171400208178,0.051629084273169604,0.09244696410098358,0.02864966211539314,0.06663736348661661,0.0,1.0,0.0,33,8.822759347768741,10.645516744554328
30,23,0.37258450587207176,0.47556835486395804,0.2252065942291243,0.14212428865106932,0.08665063645026859,0.09197874568868628,0.01809003705005376,0.036627615794159255,0.0,1.0,0.0,35,8.382744248051758,9.02269122831835
30,24,0.374959059000337,0.46635572545012166,0.23552894441883065,0.18725633962630023,0.5467528630383504,0.08159921482589862,0.06057087961550141,0.03253394765645208,0.0,1.0,0.0,36,11.23052274564941,16.440004483733865
30,25,0.3400705192488556,0.4409059779888255,0.2278958548406151,0.17855408778025467,0.19019591850935347,0.0820379005946439,0.047838382728681836,0.08591369570741833,0.0,1.0,0.0,38,13.330099625181363,12.01995039346474
30,26,0.3352608371422292,0.45154864267589157,0.24768325588508902,0.18995574631001352,0.08271516706104683,0.08150904669733926,0.04825060318280211,0.08444525327773542,0.0,1.0,0.0,40,11.5971005893505,14.38309075391
30,27,0.3248034537358108,0.4358411524154534,0.23858778288339005,0.17930118912582682,0.21457371834230243,0.0808088271968005,0.05003998331369365,0.03028672417595658,0.0,1.0,0.0,41,13.805631534036593,13.792907420362749
30,28,0.3216214801627954,0.4257755542072054,0.23667219031530728,0.2240257707412654,0.129231965443326,0.07732853323055133,0.06154108649790717,0.12917911725082812,0.0,1.0,0.0,44,13.50501807041566,14.239569350459492
30,29,0.3068409593041911,0.42426323509191105,0.24638181847115487,0.22027020896192093,0.11523384067003109,0.07672539984338558,0.055294966322832984,0.11938787731870244,0.0,1.0,0.0,46,11.275301066610384,20.98668881488044
30,30,0.3049180750762144,0.4388803950575722,0.26848431709780163,0.24928127165650585,0.06902825791027388,0.07672539295959166,0.05529058386300456,0.1152894434160712,0.0,1.0,0.0,48,10.878809930943143,19.18314279201568
30,31,0.29271407045155007,0.4392315169976907,0.2805935461234754,0.25497292188115844,0.11931601532764577,0.08024112919829998,0.05232641059099559,0.11798409292364383,0.0,1.0,0.0,50,11.435357639598823,23.34289000717365
30,32,0.3019290051995528,0.44806759308278377,0.28983490629123965,0.26185942600050577,0.0730773444691957,0.0796336044912858,0.062235074305130936,0.11424787599135244,0.0,1.0,0.0,51,12.27033008308505,26.65667911022198
30,33,0.29197951872805744,0.45564610989758914,0.30381668410594986,0.26437724778915195,0.052447348456497775,0.07384412220917529,0.05232851035030983,0.11768544629147784,0.0,1.0,0.0,52,12.081003255578098,23.178234746823087
30,34,0.28419458015272026,0.4608407807991085,0.3201357960000873,0.2733686547349741,0.11153473938572,0.07624179883144445,0.0525316161902664,0.1174849371788054,0.0,1.0,0.0,54,11.788919386577629,20.16662029016612
30,35,0.269973223349949,0.4087672020646082,0.25807789067122905,0.25986322410239143,0.06017021735660244,0.0815499635746704,0.04289612050614849,0.07848824354447756,0.0,1.0,0.0,58,12.901541716328564,15.735979662821713
30,36,0.2923514578300889,0.4271766601097881,0.2804216111099722,0.29111716752438643,0.09136724112267541,0.07226557876782191,0.07171635040714346,0.07708733185322048,0.0,1.0,0.0,63,12.007090061901986,14.983884817679984
30,37,0.2993872415976392,0.4627009108748066,0.3350705941537944,0.35766068502902537,0.12450395762143865,0.07802585147245271,0.08898999882967132,0.08952170810630485,0.0,1.0,0.0,65,12.31191504156128,11.785551498597677
30,38,0.29618186588178863,0.4575064691670957,0.3317740024347612,0.3665059957236671,0.11353922957662252,0.07540789609552337,0.08881766802157287,0.08987056137960285,0.0,1.0,0.0,66,11.977846669203556,15.833869070629108
30,39,0.29618187992172706,0.47506658023946036,0.3557091597537234,0.3766739810793025,0.08883493729205248,0.07540789621447688,0.08881767345892702,0.08987056014552537,0.0,1.0,0.0,68,11.97784625243088,15.833868851729498
30,40,0.296496473109495,0.4753580628078101,0.3560267805690359,0.3801672017382609,0.09202220262633745,0.07526206882633879,0.08917855402775701,0.09038868081601265,0.0,1.0,0.0,69,11.933727157828248,15.704561670823256
30,41,0.2935151093375856,0.4869438133567686,0.3767569603842238,0.3976679379319329,0.26175094918594444,0.07525818508530357,0.09053278855997857,0.08483571417154737,0.0,1.0,0.0,70,11.97036034471518,15.96433330566012
30,42,0.27615613686348217,0.397981457778006,0.2635551556152755,0.3390146280889105,0.0939782879216594,0.07304231744538076,0.07514571078757451,0.09882189905238312,0.0,1.0,0.0,72,10.74169137199809,15.47016691993536
30,43,0.2652237056430813,0.3948477939441249,0.27547400995232785,0.3594167301764157,0.18502875624337012,0.07439549575156429,0.07741490904512942,0.07555220763185361,0.0,1.0,0.0,74,10.560764789190982,12.665037353247236
30,44,0.25418656090145036,0.4184664337996907,0.3122504646021847,0.41394795197247686,0.06867148999108987,0.0767068876881867,0.0669926239084121,0.08243165582980105,0.0,1.0,0.0,82,10.86213510836529,10.597686517840986
30,45,0.25448748229652085,0.41595802221371736,0.3121774602052763,0.43174489320829723,0.09940330249456836,0.07116451358395717,0.07092884825892058,0.1368612170734046,0.0,1.0,0.0,84,9.73404444710384,12.93871419784491
30,46,0.25595313876990966,0.41209966629879213,0.3128565621788271,0.41999294744133264,0.17250181436279927,0.07080819847087734,0.07907768615680191,0.10979322380833405,0.0,1.0,0.0,85,11.373383067538713,12.167070805226656
30,47,0.2451759297568229,0.41879282711060456,0.3260003840476207,0.4545765111874389,0.07658603156811875,0.07157700676936024,0.06841116490255816,0.08665041303767942,0.0,1.0,0.0,88,10.46664170918674,10.357304018592831
30,48,0.24245162341140608,0.43167123750233144,0.3468975321294737,0.47079896491102713,0.08912624217148667,0.07892475355109606,0.06807957212180497,0.07070588226111096,0.0,1.0,0.0,90,10.396359600418611,9.910341862283016
30,49,0.2401955781542312,0.42616093450638537,0.3440910233209774,0.48346480665349006,0.10379643581629674,0.06978265899043945,0.06972422976995814,0.08915500465732099,0.0,1.0,0.0,92,11.11803947159638,9.825017734766725
30,50,0.2330723505107331,0.4303473498144798,0.3597607601759479,0.48450230762795254,0.13325529748555173,0.07112696085307182,0.06986841250954413,0.0892449596673098,0.0,1.0,0.0,94,11.13740363984884,9.825925076563054
30,51,0.22864775293103068,0.4125408678601469,0.35253875430163906,0.510958565997502,0.12309367647118502,0.08497106506296528,0.08007085637062425,0.15697272369759935,0.0,1.0,0.0,100,11.716717378039135,11.16369498518728
30,52,0.21607714813530893,0.39614159128539017,0.33908661096054926,0.5081638489544712,0.10854340837268305,0.08134856994062803,0.07147041455252925,0.17569729428458472,0.0,1.0,0.0,102,12.08886277131833,11.374886293334102
30,53,0.22321027268027058,0.36122833598839177,0.2966620679659674,0.49232448257471983,0.12877165395683396,0.07947174199625584,0.08553928618902937,0.12387704968986926,0.0,1.0,0.0,105,10.714359772381131,11.4307751810341
30,54,0.22321027027716522,0.3436682295073829,0.2727270791010635,0.48613298206276834,0.0855394693123548,0.07947174210471705,0.0855392853430309,0.12387705172612959,0.0,1.0,0.0,107,10.714359714237975,11.43077515105949
30,55,0.22319479396510977,0.36119698546650075,0.2966425128374445,0.49796931211345086,0.08568471629934223,0.07947174210471704,0.08553928534303092,0.12387705172612959,0.0,1.0,0.0,109,10.708111441320328,11.401874611362102
30,56,0.20221278427413536,0.43343137574871093,0.416087044333037,0.6057873221738982,0.0947184360459,0.07019042129768065,0.07612491846572542,0.1675629478080002,0.0,1.0,0.0,121,12.311415968948134,13.088153394703994
30,57,0.20282229862828838,0.48384658276838044,0.48771617275744117,0.6891283735150777,0.08311233463441946,0.06470648943606937,0.07938806937536988,0.14072048660610356,0.0,1.0,0.0,135,12.148815032379035,12.646981274119076
30,58,0.2326903546448874,0.48937975809950496,0.5103055147545112,0.7420638685337095,0.1731953471169231,0.12027521983392468,0.13005566782958614,0.2645289198047859,0.0,1.0,0.0,145,17.852412326937277,21.55858594397595
30,59,0.22200086394538726,0.4920554273978086,0.5222013373712301,0.7436639840439999,0.19445486977795443,0.10734752835240216,0.12270024468010761,0.24878194751559649,0.0,1.0,0.0,146,16.24489629415489,21.11759873603195
30,60,0.23084908055545983,0.49770311194214495,0.530010837943992,0.7614690097836292,0.188894349529729,0.10698408764218828,0.13406884315591833,0.2871722093119777,0.0,1.0,0.0,147,17.57530817689321,21.927747440943605
30,61,0.22780327145907336,0.47409105328588824,0.5020328674419214,0.7543404457292311,0.18190472487348566,0.12685771788815653,0.13333293773902094,0.2686659689515166,0.0,1.0,0.0,148,11.317096162671431,18.94449925030655
30,62,0.4266769909171708,0.8608859481958742,0.9624389404283058,1.2969503935929565,0.33799096673304574,0.08070920262709089,0.336193925268275,0.5403405054563432,0.0,1.0,0.0,195,24.20316285373353,12.883281331127
30,63,0.4266769963949756,0.8960061650780665,1.0103088128364863,1.3361939308804465,0.33621535473638575,0.08070920368122454,0.33619393088044647,0.5403405195059904,0.0,1.0,0.0,200,24.20316303361718,12.883281056576374
