Run,Equation_Index,Hybrid_MSE_Train,Hybrid_AIC_Train,Hybrid_BIC_Train,Hybrid_MDL_Train,Hybrid_PSM_Train,Extrapolation_Divergence,Sensitivity_Interpolation,Sensitivity_Extrapolation,Lambda1,Lambda2,Lambda3,Complexity,MSE_Test_Interpolation,MSE_Test_Extrapolation
1,0,0.7624640039768348,0.7513024852522552,0.32485103514800334,0.007209569339365534,0.0,0.0,0.0,0.0,1.0,0.6,0.0,1,15.804156279526811,26.345879661711106
1,1,0.6331449359533721,0.6612770176429604,0.2994111864917611,0.08182187042975156,0.8844811029073427,0.0808454990492906,6.124744976187e-05,0.00011777218130344,1.0,0.6,0.0,3,13.64436234323536,11.856486240619812
1,2,0.562155044116395,0.5924396776166384,0.26065899594658337,0.09172132947118554,0.4659856481633419,0.09150974567773852,0.00024498979904751,0.00047108872521379005,1.0,0.6,0.0,5,12.620640035813576,5.515502279593548
1,3,0.56215504488475,0.6099995153057011,0.28459398396548885,0.09751140989235028,0.09165721007792851,0.09150974567773852,0.00024498979904751,0.00047108872521379005,1.0,0.6,0.0,7,12.620639464502784,5.51550185505151
1,4,0.6048216286238782,0.6701490901607676,0.3520375329966263,0.15011214989949792,0.1443023378696288,0.13619263393611014,0.0008095336821535299,0.0030939559340124297,1.0,0.6,0.0,10,13.70932199656824,9.998546163864027
1,5,0.5743784145821161,0.6396046924769446,0.3226184053973697,0.12904221569281868,0.13715795963148447,0.10697887216912476,0.00355461268392364,0.00185289176390474,1.0,0.6,0.0,11,11.473151987681272,10.885701990737124
1,6,0.5813363491107242,0.645498253367965,0.33629421031179024,0.1566275576607609,0.2324064318677235,0.13298549456067849,0.00435537969978854,0.00196057220656492,1.0,0.6,0.0,13,12.894886798280243,8.613873941617419
1,7,0.5574524601372942,0.6206396300039744,0.31641175299306556,0.15242104085262512,0.24773525870316024,0.11676369070160242,0.01190723995605692,0.011490847794558,1.0,0.6,0.0,14,13.315000223062134,9.506933549775267
1,8,0.5099087550605286,0.5722478985574101,0.2716269539615127,0.11538062207229308,0.17482176615677147,0.0781853961952,0.01145946264333041,0.00945078502160076,1.0,0.6,0.0,15,13.264760134996669,15.857317981430484
1,9,0.5303844246422926,0.6100574628448968,0.316694734215773,0.1406035309270025,0.12962898858852404,0.10584813929013477,0.0029999226535759203,0.0012119493255939701,1.0,0.6,0.0,16,10.520106793978796,9.190291459790664
1,10,0.5769969774801049,0.6361861518160308,0.3461363266581127,0.20640802774808203,0.41812631090341656,0.1723414695405047,0.00771902408269558,0.018489489660148038,1.0,0.6,0.0,17,13.471514711081475,8.456443209686654
1,11,0.5475554904880239,0.6050828121514056,0.3195732005086803,0.1933789916984124,0.21433999529851738,0.15391781341838937,0.006610265434174969,0.01760850173516779,1.0,0.6,0.0,19,13.5215919805235,4.2362108274334735
1,12,0.5450114859781224,0.5997273540105568,0.3210268435314079,0.21166271413778065,0.25526535888693974,0.16794391352337332,0.00433815703403406,0.021353720499481497,1.0,0.6,0.0,21,13.151468561387166,3.2203252500474338
1,13,0.44102432449497575,0.528236544925717,0.26795055423140135,0.13935269947713336,0.1071350827582279,0.06871926506237183,0.01701126396037258,0.00082655949308739,1.0,0.6,0.0,26,18.583720133935067,9.783476865072824
1,14,0.3891167905612958,0.4527724834886247,0.19736259130325362,0.11025883961049951,0.330745571242498,0.04262849273100181,0.013610201582237922,5.6429897901350004e-05,1.0,0.6,0.0,27,17.70549530441071,9.324965687342226
1,15,0.5429006942966007,0.624028184157261,0.3751626030687719,0.2772775714454221,0.21849620033165817,0.1920122231670451,0.021544211772571358,0.04377164194369501,1.0,0.6,0.0,31,14.698696785738491,4.368512600557541
1,16,0.42361288227822785,0.5009065436950334,0.258365001547262,0.17245478813699358,0.13432491294193538,0.09248672337471579,0.010108250939139269,0.0041894321184772,1.0,0.6,0.0,34,12.291321675586593,10.083715492206618
1,17,0.427018727413433,0.48594221650907493,0.23831971272990154,0.18078717473167988,0.13686181631251687,0.09288915151723508,0.019470636894917508,0.02298659243847579,1.0,0.6,0.0,35,12.882068331877177,10.068046586585558
1,18,0.41683198102571967,0.49114591064940166,0.25322872649474637,0.18713623841239996,0.14243396066431363,0.08950597046161689,0.01920360311161595,0.01324191384694128,1.0,0.6,0.0,37,12.708657013595143,9.956949081620287
1,19,0.397172191791098,0.4800881687177059,0.2613881587061445,0.20663870557791958,0.42801345062871443,0.10039533270438868,0.00999756102824257,0.0036858226824171003,1.0,0.6,0.0,38,12.978503568788122,9.071300028049736
1,20,0.3781190543457039,0.4412024393877333,0.21888976374366748,0.1787635828819248,0.15902846751821575,0.0805031731598391,0.019790616627607192,0.027202498912961857,1.0,0.6,0.0,39,13.763042388664257,8.862496367540578
1,21,0.36634658957561594,0.4202514308193652,0.20920491158769478,0.19111406907327785,0.3815838682979509,0.08694477987523087,0.023824154381343658,0.028051237922808718,1.0,0.6,0.0,40,12.553941363927157,4.772528465006719
1,22,0.3560982685613473,0.4039090653769745,0.19981540357022945,0.19472125824622305,0.276349938737259,0.09418112244216104,0.01519093511851626,0.02464035255266862,1.0,0.6,0.0,41,12.437128600935791,4.230617005889652
1,23,0.36895344991492696,0.4161605089588179,0.21273553255447902,0.21121413700366834,0.1339462751881991,0.10826795577050581,0.01508114393979756,0.02811707163318285,1.0,0.6,0.0,42,12.348659818130166,3.8201217472125175
1,24,0.3548753200305881,0.4196115017558887,0.22259472256776103,0.2028491860970273,0.10411220141592482,0.09418112244216101,0.01519093511851625,0.02464035255266864,1.0,0.6,0.0,43,12.389717763075875,4.364979721722699
1,25,0.38891369263709935,0.4861242438950505,0.3047554117197409,0.2637347961416312,0.1664075513583811,0.1315268831569168,0.01805035366245613,0.0059938039315365005,1.0,0.6,0.0,46,12.847555571667268,10.258527692904748
1,26,0.36952499194238475,0.4080980186962428,0.2139155236005444,0.24167555086610554,0.21220917092808772,0.12434011590543784,0.01561934364940889,0.0547404937694533,1.0,0.6,0.0,48,12.73326976945684,5.627972180440451
1,27,0.33514228181913536,0.3631686442775082,0.17956672471942178,0.22576275041641072,0.3801014405636404,0.1101021749335929,0.011131527686920729,0.01649229231982505,1.0,0.6,0.0,49,12.723351402187507,5.190498955978557
1,28,0.3329947342089655,0.37796454913377137,0.2013356331682671,0.22963423492259272,0.12303607768763643,0.10907766016692544,0.01086863912647133,0.016385463726823223,1.0,0.6,0.0,51,12.741072772204085,5.215459165236015
1,29,0.33408255317102875,0.3783277633497771,0.20239892465824003,0.23688843914962282,0.12652684155738275,0.11060681976991309,0.01201302728664829,0.0165057671947499,1.0,0.6,0.0,53,12.79732619968146,5.209280169323898
1,30,0.32628252576942113,0.38793429446875394,0.21852835667695142,0.23187598560249742,0.11393549810837583,0.10405075783574853,0.01033673460967225,0.01603927659733305,1.0,0.6,0.0,54,12.78152873175262,5.26501282095983
1,31,0.3285057187852435,0.38909869549127174,0.22070935061161315,0.24468767585168386,0.13940363870944844,0.10775687633890227,0.01058416766846297,0.016315993626912238,1.0,0.6,0.0,55,12.603738825380525,5.225284055850694
1,32,0.3393960089025376,0.3972523769556647,0.2314638685109572,0.25934172564247915,0.193866201212608,0.12289489044482056,0.01041437929123283,0.020520346012951628,1.0,0.6,0.0,56,13.303068581740394,5.5526334612434844
1,33,0.34093098680312883,0.39814974360114563,0.23296194297058176,0.2617403911363266,0.14658098800125863,0.12445994654670407,0.011950655801142181,0.019902088321287252,1.0,0.6,0.0,57,13.515740265782338,10.481319154047334
1,34,0.5782082502843984,0.6897958532900343,0.5644779899030625,0.5642062951146594,0.46264115837399367,0.12630479748660975,0.4412639775788799,0.00841951546066005,1.0,0.6,0.0,62,13.008014551755355,10.471057686191504
1,35,0.575177390343772,0.6834342016989932,0.5609893633630807,0.5678904380171044,0.4635911736306938,0.13146846867107867,0.434725823581238,0.00599106866515472,1.0,0.6,0.0,63,12.954635108519144,10.389092593651284
1,36,0.5739102027487417,0.6987218577507133,0.5835106532247315,0.5829821371647707,0.4029515013836098,0.13146846867107867,0.4347258235812381,0.00599106866515473,1.0,0.6,0.0,65,12.984014189150884,10.249483651368
1,37,0.5599311576631492,0.6775671042081386,0.568413414805788,0.5798863367048406,0.5379294174322268,0.1183309454952007,0.4480797702720397,0.01164659583596484,1.0,0.6,0.0,66,13.825131825258932,10.740977381780136
1,38,0.5621864434764301,0.6796915733685865,0.5706475473502082,0.5852037780320429,0.39233826835159735,0.1272416274418068,0.43725305806422166,0.007160591737633009,1.0,0.6,0.0,67,13.55232181389318,10.707079711320889
1,39,0.32743576436187827,0.45724844331805775,0.3589058017674998,0.3589304774072055,0.26866590441230187,0.11833097821807004,0.07118007139053699,0.01164658468154043,1.0,0.6,0.0,68,13.856342388079112,10.739249305179976
1,40,0.3412018500876418,0.488502645340766,0.3965936704501238,0.3925531743566786,0.17525371478789348,0.1126269571313413,0.1037692815974544,0.01164657955313316,1.0,0.6,0.0,72,13.86084532239012,10.737766672399362
1,41,0.3300023564097275,0.4772615453241743,0.3853866684694648,0.40023401807681147,0.1645870623801115,0.11627929715632872,0.07909693125892378,0.01164658010510896,1.0,0.6,0.0,73,13.858070700859566,10.738826386470835
1,42,0.3110391034777945,0.4339941613782153,0.3411821828494747,0.38455310970952666,0.2877401995299285,0.11987795042939,0.05423710716322484,0.00598662245991366,1.0,0.6,0.0,74,13.790384084819555,10.76007101291884
1,43,0.3124986473954539,0.44665440298089765,0.3652378050619425,0.4035359425561913,0.1764326029760527,0.1188746199728826,0.06988504450987662,0.01388015441118726,1.0,0.6,0.0,82,13.080889888185684,8.12697755413249
1,44,0.30301261642160965,0.4529694745483403,0.37929866313401245,0.4127175396473251,0.1702551687128055,0.12028914343822883,0.054831089113964095,0.01266553013388864,1.0,0.6,0.0,84,13.544305682531403,8.150547772466474
1,45,0.3260167005086104,0.48603594762231517,0.42449863697387236,0.4557622408019858,0.255597425945556,0.11473270826407919,0.11533346337460856,0.0126627345423692,1.0,0.6,0.0,86,13.817723188563388,8.255926019572719
1,46,0.34721776465350995,0.5220177753217752,0.46895214929059703,0.5139109979502807,0.21224038052966085,0.11901865181795084,0.14814080203730356,0.03158695056078551,1.0,0.6,0.0,98,14.3325444703731,10.443537330928685
1,47,0.7290016341896667,0.9048116502366265,0.8703162457101309,0.9566583164365359,0.6391271217839933,0.10320748266267823,0.8370009361076012,0.013684711915960879,1.0,0.6,0.0,107,15.039692418292622,10.989379720383806
1,48,0.7442810234225863,0.9158764993517009,0.903078999708095,0.9931684109615351,1.0211236681888274,0.10229627351111654,0.8952741777179813,0.0634899263023702,1.0,0.6,0.0,108,13.802437914029358,10.5495986029849
1,49,0.5286264908690155,0.715571578647493,0.7106516573552351,0.8060490093026307,0.437927306608849,0.10335276825811383,0.5370326189264508,0.016948897854025598,1.0,0.6,0.0,111,15.07785199968588,10.585634324267318
1,50,0.40489466805938973,0.5989814228943212,0.6074792588543185,0.6941079129737874,0.48533478954299203,0.11696804798487015,0.3218183510669167,0.0245603173912349,1.0,0.6,0.0,112,14.790086932998712,9.918750863594571
1,51,0.5324814842830488,0.7081490712234704,0.7108738723708563,0.8209547371323898,0.44234861144926907,0.10229642698132904,0.5601384272026217,0.06348993279238595,1.0,0.6,0.0,116,13.815274385816592,10.56125969419281
1,52,0.5277868589266248,0.7147136631314981,0.7279676097861014,0.8347096582079956,0.4725245453317563,0.10229643510072524,0.5601342547926305,0.06348993269000106,1.0,0.6,0.0,119,13.333860617753157,11.160288365240548
1,53,0.5274038435486634,0.731376417787327,0.7513445360604478,0.8556398623299444,0.4411875945466813,0.10229643510072528,0.5601342547926305,0.063489932690001,1.0,0.6,0.0,122,13.440506547672054,10.99102542537038
1,54,0.527403824507988,0.731376417787327,0.7513445360604478,0.8589199530137368,0.4383773443734876,0.10229643510072525,0.5601342547926305,0.06348993269000106,1.0,0.6,0.0,125,13.408040731038032,11.039555953000354
1,55,0.47050794970321086,0.6439852824861747,0.666008131370193,0.822886717073496,0.4607775363941056,0.11041311453220401,0.46739979970698364,0.00830607237932619,1.0,0.6,0.0,128,15.19435484687665,11.036738516227665
1,56,0.5701815526674321,0.7400652508971227,0.7643965915603335,0.9429277069619437,0.5074031919196285,0.11041330362685071,0.6377138180973871,0.00830562040700462,1.0,0.6,0.0,132,15.18260121548133,11.058703899427822
1,57,0.4800121765096025,0.6641974187241197,0.6969993588683572,0.8664684445930146,0.431495028500985,0.10083594891987264,0.5072051951551041,0.00551038673140025,1.0,0.6,0.0,134,16.026146993642847,10.940215460396503
1,58,0.475752726575362,0.6539193887874841,0.6905218610421386,0.8689611523781748,0.45196544086481394,0.10061984060160686,0.5071971311323532,0.00550439724921046,1.0,0.6,0.0,136,15.711147099438644,10.166772418539876
1,59,1.1702720914894047,1.3203847149636752,1.357178111255581,1.5803643147943571,1.1296823665262254,1.0,0.17723084346216827,1.0,1.0,0.6,0.0,143,21.86956220154073,9.331667549193172
1,60,1.2335452599306997,1.4010830138061767,1.4443349165436754,1.6469572445168073,1.1717765145661956,1.0,0.28283003772945803,1.0,1.0,0.6,0.0,144,21.86947719896829,9.386798522782138
1,61,1.169457756677802,1.3356198295145059,1.3797240902963028,1.5901147590206623,1.1276856100211092,1.0,0.17748401222430482,1.0,1.0,0.6,0.0,145,21.774072772040977,10.114107486969068
1,62,1.232731883113725,1.4163204360092627,1.466882484971051,1.663199779174288,1.1705361162766559,1.0,0.28308303338946983,1.0,1.0,0.6,0.0,148,21.77399564747642,10.1692386467539
1,63,1.1695659630355035,1.3530383028518331,1.4036723340275403,1.6033434682058196,1.1085505845201682,1.0,0.17793032740856346,1.0,1.0,0.6,0.0,149,21.90371089624268,10.114202575884198
1,64,1.2040411804901667,1.3861321048499375,1.4376203129474536,1.6540868476411295,1.1633652064104039,1.0,0.2368539840981366,1.0,1.0,0.6,0.0,150,28.11190432542405,10.152995479617232
1,65,1.1671778966333322,1.3620791519675468,1.4228673409860086,1.6172565286131142,1.1810769421907836,1.0,0.1803995908025375,1.0,1.0,0.6,0.0,151,21.83860825582324,10.017153060787823
1,66,1.6574801273164543,1.920268288918614,2.0079965545135705,2.282875338800679,1.6009420913885513,1.0,1.0,1.0,1.0,0.6,0.0,189,92.48603636669456,8.999655549581881
1,67,1.2811085062386642,1.518649779954965,1.604677622222035,1.8936303847688343,1.3446326315605148,1.0,0.38051886891923636,1.0,1.0,0.6,0.0,190,33.54204766512212,8.993700507707398
1,68,1.3554289460709221,1.606509083727316,1.7013374966803223,2.0069327787513327,1.315089864222651,1.0,0.5083823876906258,1.0,1.0,0.6,0.0,196,92.64217687938137,8.95893918845398
2,0,0.7938893569384404,0.7736239903796688,0.33873725216448974,0.008447790255597692,0.0,0.0,0.0,0.0,1.0,0.6,0.0,1,14.936634624199538,28.02617248610205
2,1,0.6728484045794465,0.6964277814542199,0.3198576162267852,0.08022002434564193,0.8027158630309317,0.07708477234366676,6.232732199128001e-05,9.98680594339e-05,1.0,0.6,0.0,3,12.115914789160048,12.373445082828963
2,2,0.6165456831330295,0.6465401116121271,0.2956340564551497,0.10067389726064664,0.4144708711678074,0.0951036732093555,7.266962819694e-05,0.00012803273902643,1.0,0.6,0.0,5,10.10842050789229,9.53493629870354
2,3,0.6095523068623151,0.6397057379431655,0.29027774713445437,0.10838567129677237,0.10142437427882803,0.08883351936877969,0.0056509815809446,0.00125620194201248,1.0,0.6,0.0,9,10.469942997838494,20.024262803885907
2,4,0.6053764370279013,0.653494914204042,0.3168173483273656,0.12257339628401961,0.2639558607118235,0.10522474135390476,0.00016564374429497,0.00041095374928557,1.0,0.6,0.0,10,10.075959419548957,6.453556843462611
2,5,0.5825280210248417,0.630624721976853,0.30101414217149863,0.12077104637223117,0.2770206096461382,0.09396851944875322,0.011977392342136151,0.00266255044454096,1.0,0.6,0.0,11,10.000542034655137,18.167546722462035
2,6,0.579824212107876,0.627815680440318,0.300332576474292,0.12675322778302095,0.1569107989425367,0.09739021085630188,0.01097496479754154,0.00278999863032956,1.0,0.6,0.0,12,9.980421044211813,18.17890640636692
2,7,0.5591497152124525,0.606857538241048,0.2830220013361794,0.11571643921981778,0.18342096885426448,0.08924344322437314,0.00571059513445489,0.00112620641960338,1.0,0.6,0.0,13,10.3731536468609,9.061195247935643
2,8,0.5175226327550518,0.5786529467639699,0.28249882576625895,0.12913118459392198,0.3684219799036865,0.08717566180843213,0.026851492777526707,0.00903667522145232,1.0,0.6,0.0,15,8.746860866174194,15.561464133675088
2,9,0.5150872020892615,0.5934655346502409,0.304724616554007,0.13513298473373705,0.11618127294256422,0.08717566180843218,0.02685149277752672,0.00903667522145233,1.0,0.6,0.0,17,8.48663866291664,14.702951785056138
2,10,0.4390154462603248,0.5116655804755235,0.23848473462600983,0.12987212983107693,0.09786230621111863,0.0597305682405974,0.00488548143005871,0.010759665943620971,1.0,0.6,0.0,28,11.334777476798765,4.06280917592245
2,11,0.43007491699401956,0.5191473803838835,0.25489942780036556,0.15136933653133786,0.07526720626685085,0.057471336601868074,0.00313555541563587,0.007103860615646671,1.0,0.6,0.0,32,10.621679962963276,6.736743230800309
2,12,0.38980022945868575,0.44669100932275474,0.20218803644199787,0.17513626610917835,0.1548237313169021,0.0540923075743875,0.03247149608882491,0.02022527096608409,1.0,0.6,0.0,40,14.516742225523236,6.449963251215014
2,13,0.38627010040716675,0.44282204606198294,0.19883246455775086,0.18283495086710067,0.07426284662870783,0.05157080880794681,0.03248986519051593,0.02012907016142042,1.0,0.6,0.0,44,14.57370692575439,6.828119532499087
2,14,0.37046479068493143,0.4587882969796341,0.2324554197012546,0.20748137404331776,0.18702483520070376,0.055003094843110834,0.01648722226192672,0.014746110002289689,1.0,0.6,0.0,45,12.531324140444235,6.707800512646463
2,15,0.3605293828553253,0.4421023945673749,0.22496885563649455,0.21420392531865487,0.3015260817120248,0.05276177007257671,0.032985748184816734,0.01931163203587728,1.0,0.6,0.0,46,13.817165003298111,7.313016952119269
2,16,0.3439555502742502,0.4012107483165966,0.1861750334954107,0.1903805876687561,0.2823916248365209,0.05174782456430181,0.03315749821916117,0.02067658113644618,1.0,0.6,0.0,47,14.291943717156494,6.959411562212908
2,17,0.3422675685123584,0.3987127337493454,0.1846527638691106,0.19658749984980123,0.09600089356476346,0.05189529866534952,0.033051562360328454,0.02025743076448314,1.0,0.6,0.0,48,14.128841679158532,6.751569044418274
2,18,0.3435286925980095,0.4058112013504995,0.2114864209564534,0.22838112346378667,0.2628822100415598,0.07298986535134779,0.03938188120790068,0.02801496407126742,1.0,0.6,0.0,50,13.177628069928485,6.851963599138662
2,19,0.31907284235897176,0.3563052474715626,0.16350762732099805,0.2152370446767777,0.28216965798508514,0.06227396932801719,0.03884946378407371,0.028843141685305988,1.0,0.6,0.0,51,12.802617152884732,3.799474731191288
2,20,0.29384115123499005,0.3682163377244467,0.20980262242844724,0.25831529218925836,0.21188046810831992,0.059310789614935376,0.0431375829548657,0.02875374455421239,1.0,0.6,0.0,54,12.976497660105016,5.119363087031116
2,21,0.26822013599420585,0.29359244624559216,0.1350309321503344,0.28067842472966525,0.09996380574918567,0.043026077722284436,0.060018883803436104,0.061843052657875416,1.0,0.6,0.0,69,10.27259123903306,13.910575564781498
2,22,0.26375262624585594,0.3031988443661116,0.15401797661884858,0.2904813617850019,0.11613002334557976,0.043026077722284436,0.060018883803436104,0.061843052657875416,1.0,0.6,0.0,71,11.343399517164343,15.544939926415962
2,23,0.2744081929041287,0.3347814703036692,0.18904150018218777,0.3245915243566803,0.09737743106466139,0.04764892976738599,0.06274499459343183,0.06956972017901872,1.0,0.6,0.0,74,10.295198266233804,8.097326471573465
2,24,0.2353233450744664,0.2523465920960804,0.12174418346040827,0.2813341334057622,0.29042314608532444,0.03888240508165876,0.06410912192495113,0.0638900269155363,1.0,0.6,0.0,76,10.510173791720014,13.639723196159377
2,25,0.23407142560963592,0.23238917406610546,0.09631771712135848,0.2646396292130053,0.09980919034941438,0.03888240508165926,0.06410912192495145,0.06389002691553458,1.0,0.6,0.0,77,10.68452726180606,13.87378283267786
2,26,0.2356431298020335,0.2648213775469936,0.1449359452316774,0.29539465221563654,0.17120134842690565,0.04479579083168742,0.06492804225732927,0.06249802914943718,1.0,0.6,0.0,78,8.787954400171147,11.807352854576129
2,27,0.23256398451762547,0.24368234680054127,0.11772929464780843,0.2925676700076227,0.08669032355396383,0.043559883770872596,0.06237837209223844,0.0670240175341026,1.0,0.6,0.0,79,10.331560675407305,13.328404982584088
2,28,0.22767398326785646,0.2665697248563876,0.15903441906908541,0.305032120295425,0.22480062412746157,0.04479579083168743,0.06492804225732929,0.06249802914943718,1.0,0.6,0.0,80,9.396103152817654,12.624237543795324
2,29,0.20815091460023288,0.20813104752300823,0.11005337268491781,0.3290668975420603,0.2161096806533412,0.0447845488668296,0.06664298660802939,0.06570124308230002,1.0,0.6,0.0,83,9.190343077364243,12.488890363551697
2,30,0.1938828050865545,0.17201079520796184,0.08929132604103746,0.3253777716266933,0.15299099469718885,0.048591197835532215,0.06783354700917542,0.0667665965788136,1.0,0.6,0.0,89,9.482330894693895,11.342935748231064
3,0,0.9810299381888721,0.8936040230544982,0.41337709559913915,0.015103411082714582,0.0,0.0,0.0,0.0,1.0,0.6,0.0,1,7.290168022,28.17628465
3,1,0.8015196799269078,0.7996005914660147,0.38283396308068623,0.08292492830270189,0.8635225036748544,0.0738631064,0.00010537590000000001,8.52373e-05,1.0,0.6,0.0,3,6.419471648,23.29063842
3,2,0.7723156717904249,0.7831542931579669,0.3826883005798774,0.10941197206488731,0.5062514776373213,0.1001368269,0.0007970287,0.0023654419,1.0,0.6,0.0,4,7.959424977,134.8901773
3,3,0.7076345710918023,0.74562023153969,0.36816124057611865,0.10095893533727203,0.5034161189954859,0.0892858566,0.00041214370000000004,0.0004181306,1.0,0.6,0.0,5,7.597723025,5.481619785
3,4,0.7033625769245309,0.7418463299820575,0.3654460835491022,0.1033219536390337,0.10173451919682046,0.0883549535,0.00034321769999999996,0.0003482033,1.0,0.6,0.0,7,7.341528131,5.410291378
3,5,0.6977510545550603,0.7192647353180122,0.33778222877179154,0.10324603767674995,0.10304317867816697,0.0868117763,0.0002470279,0.00021269700000000003,1.0,0.6,0.0,9,7.576051594,6.186399765
3,6,0.6962390584042049,0.7356992047562321,0.36146223633271957,0.11136509481615174,0.09896998067734501,0.0879556812,0.0003041243,0.00026648549999999996,1.0,0.6,0.0,11,7.799049127,5.818223373
3,7,0.6608495396956955,0.7060961241858937,0.34805652714093605,0.1278731001854433,0.505939892017754,0.10109269489999999,0.000506364,0.0010192942,1.0,0.6,0.0,12,9.164915891,13.54904614
3,8,0.6167072409104499,0.6818019796977082,0.3434703927542825,0.13301487113392074,0.2599807684569201,0.0939608092,0.0014396203999999999,0.0031811749,1.0,0.6,0.0,14,9.29015258,12.95615544
3,9,0.6156848147875204,0.6987745839199567,0.37172055127168185,0.14468140924647038,0.16821287085334857,0.1064719022,0.0012314208999999999,0.0015680333,1.0,0.6,0.0,16,9.644678054,12.27067006
3,10,0.6038596902321213,0.6870084837831488,0.3609617964019709,0.135433374118458,0.11064358249851797,0.0973351472,0.0012917233,0.0015776555,1.0,0.6,0.0,18,9.71667148,12.76411141
3,11,0.5790998400138884,0.6623613240800154,0.33918552552925907,0.1350449564487927,0.10487779678053781,0.070102527,0.018262610000000002,0.0042564889,1.0,0.6,0.0,21,6.845648118,5.660816759
3,12,0.5912690541224123,0.6745067395930391,0.3570036455586205,0.17422258861088677,0.24935909868523973,0.1006602923,0.012594366700000002,0.010244410399999999,1.0,0.6,0.0,22,8.342362851,12.88429075
3,13,0.590174782255067,0.6909567453961055,0.38024811614826964,0.18131746405077717,0.11343032550295419,0.1006602923,0.012594366700000002,0.010244410399999999,1.0,0.6,0.0,24,8.599442436,13.18709882
3,14,0.5446588722845557,0.6427030416265614,0.3523982733359925,0.18461588962213457,0.36782996516796446,0.10629758,0.0127643542,0.0102572077,1.0,0.6,0.0,26,7.601144085,12.16778527
3,15,0.53951326584417,0.6548325982150711,0.37211560619956846,0.1922139763468417,0.12179577115764802,0.10406239930000001,0.012788281600000001,0.0103040181,1.0,0.6,0.0,29,9.607926469,6.987821496
3,16,0.5401600635961245,0.6730101850092267,0.39679848526602046,0.19529626272818024,0.11595850689517835,0.10474339399999999,0.013256723100000001,0.0129443021,1.0,0.6,0.0,30,6.889386085,11.71204085
3,17,0.5132670082594769,0.5917485924150402,0.3026634043068615,0.18795435108378947,0.12010255751357125,0.09473768169999999,0.009868195100000001,0.0035883374,1.0,0.6,0.0,38,8.550537433,6.058724625
3,18,0.5021386065208728,0.5767441638436521,0.29884613735191673,0.20840606750359533,0.24995054725981858,0.10457422229999999,0.017805700299999998,0.0181214897,1.0,0.6,0.0,40,8.745184898,6.331328736
3,19,0.47209972938079725,0.5793466606033848,0.3201077969192314,0.19626118402164347,0.24553062400552966,0.0829626023,0.0256910859,0.0243326723,1.0,0.6,0.0,41,8.699950172,3.452619092
3,20,0.4516839614491759,0.5578579010226999,0.300987716048041,0.23022429080259504,0.08994182454163938,0.07635843340000001,0.0113297543,0.0029753549000000002,1.0,0.6,0.0,51,7.394827087,4.357861744
3,21,0.448967939940031,0.5718610883258303,0.3231470036190936,0.2338779883866581,0.09908563069483889,0.07817715680000001,0.0102265261,0.0012812484000000002,1.0,0.6,0.0,54,8.090756007,7.070482713
3,22,0.4631694618062937,0.6028222042709298,0.3621484259361107,0.26317652731783553,0.1436425109423174,0.0961357697,0.009975813,0.0016404327,1.0,0.6,0.0,55,10.94557325,8.433726501
3,23,0.44362986909911556,0.5622166761584513,0.32191027914945863,0.2417646655817325,0.2646217967760884,0.0907048325,0.010354086299999999,0.0012552722,1.0,0.6,0.0,56,8.221874866,8.435474061
3,24,0.4230409185265234,0.5336893974416655,0.30666815318300655,0.2545456690971123,0.26884878712272736,0.09729413890000001,0.0104190777,0.0015928793999999999,1.0,0.6,0.0,58,9.664668744,8.83235826
3,25,0.38753553493162446,0.47621997906661967,0.24936606770521522,0.25120676930977043,0.13520905079926257,0.0736226864,0.0122097361,0.002529808,1.0,0.6,0.0,61,8.589560219,5.378749546
3,26,0.38861696764874337,0.4770215995033164,0.25056803597398014,0.25852876018416077,0.09276878312340549,0.0754973333,0.0121871224,0.0025066463,1.0,0.6,0.0,62,8.66690691,5.271942304
3,27,0.37777173938866304,0.4799882566205763,0.26512472003565374,0.24743604278838424,0.14691103422271934,0.0758130015,0.010338629200000001,0.0020653074,1.0,0.6,0.0,64,8.979066093,6.609484757
3,28,0.37748256093356014,0.4971464439237968,0.2888096535702104,0.2692927468758183,0.08390218255400596,0.0758130015,0.010338629200000001,0.0020653074,1.0,0.6,0.0,66,9.044658941,6.64351472
3,29,0.3766537170862395,0.5135546496514097,0.3120280699901271,0.2845450834181344,0.0874272167432232,0.0758130015,0.010338629200000001,0.0020653074,1.0,0.6,0.0,68,9.419776003,6.842039725
3,30,0.38042113654858867,0.5508872487299806,0.36418526151967767,0.3053811188287503,0.10262666581408401,0.08329166169999999,0.0107114167,0.0027762206,1.0,0.6,0.0,72,8.411439813,9.133591663
3,31,0.36849840039248083,0.4999183340555957,0.3055330122262807,0.2875180739786385,0.15031734219584433,0.08102478269999999,0.0104208405,0.0013473082,1.0,0.6,0.0,74,7.408672346,9.185501139
3,32,0.37049855930033443,0.5193458116633628,0.33150309121290683,0.3094824826411045,0.0937663935932612,0.0833411421,0.0104120588,0.0013350915,1.0,0.6,0.0,75,7.421147251,9.329542097
3,33,0.36885426815756317,0.5166088654158743,0.33013422926223723,0.3130833369220196,0.12451314915712439,0.0841240812,0.0105797272,0.0018297168,1.0,0.6,0.0,76,8.31731847,8.795054886
3,34,0.35192507075136453,0.5345698810415491,0.3611316008088312,0.32542356729841126,0.07644834814141765,0.0677912712,0.0104653362,0.0011947953000000001,1.0,0.6,0.0,79,7.484048628,9.188446912
3,35,0.3497178438413379,0.4877413524360516,0.31281280706489234,0.3204001155000072,0.2322481158105012,0.0851894939,0.0116133042,0.0023014186999999998,1.0,0.6,0.0,81,8.044981371,6.23628814
3,36,0.3443951938243615,0.48114080084718713,0.3076535709068238,0.32027018041185595,0.12523875822682112,0.082435364,0.0115596201,0.0023304908,1.0,0.6,0.0,82,8.043740642,5.869488815
3,37,0.34284445487522947,0.49579725210738906,0.3301942618289107,0.3313719669679372,0.10923796489232152,0.08330425,0.0119282767,0.0033697117,1.0,0.6,0.0,84,8.035259552,5.791147304
3,38,0.33882511892339284,0.5264537028601499,0.3740926611217779,0.3617710395051587,0.09036231816790634,0.08019326140000001,0.0118444649,0.0035506037999999997,1.0,0.6,0.0,88,8.146404246,6.066945492
3,39,0.3393175234627638,0.5093748453629421,0.3506576854747615,0.3471184025432793,0.08793710453649622,0.0799772626,0.013089160499999999,0.008073500899999999,1.0,0.6,0.0,93,7.999863804,7.628685036
3,40,0.3349484548200866,0.4985119347424188,0.3467918603662535,0.3673931739142508,0.2695309541748041,0.08780497649999999,0.012797901,0.0066586334999999995,1.0,0.6,0.0,94,7.503113644,7.210844529
3,41,0.32035295357269483,0.5318933779908122,0.4041690331281351,0.3967432908134106,0.11938121855570936,0.0652636929,0.039684484,0.0442148995,1.0,0.6,0.0,98,7.718979627,5.8999382
3,42,0.31310511734228363,0.4301119189969458,0.27724953719180845,0.3695566292971505,0.26079158011751613,0.08626957830000001,0.0110843102,0.0028586397,1.0,0.6,0.0,99,7.543933088,7.353463836
3,43,0.3020868182598167,0.43569279437360187,0.29013723281416814,0.368069532551078,0.10650565700122286,0.0766917953,0.011191295,0.0034162057,1.0,0.6,0.0,100,8.035947571,7.20540161
3,44,0.30133604679429443,0.4338563002339051,0.28935319381742325,0.3717816750372862,0.11054270145123968,0.0776128118,0.0112371608,0.0034554935,1.0,0.6,0.0,101,8.029899852,6.767267849
3,45,0.2997632156374457,0.448816525991013,0.31167080233959443,0.38265146998733723,0.0965200913239084,0.0776128118,0.0112371608,0.0034554935,1.0,0.6,0.0,103,7.819098329,6.625283256
3,46,0.3016625095357565,0.43304349872638315,0.2896288636613929,0.39411211510767424,0.08707533154085885,0.0795400617,0.0114711072,0.0028465222,1.0,0.6,0.0,107,7.588239712,6.506389547
3,47,0.29969497545460577,0.5188221497284908,0.4073345307542897,0.4291220699425047,0.08498286170738491,0.0687048624,0.026391303999999997,0.0399517008,1.0,0.6,0.0,110,6.322342874,5.416415323
3,48,0.2930868644310909,0.5280743230920997,0.42458855109635796,0.4391861363874088,0.10080343483091513,0.06466096460000001,0.0264601717,0.040000904,1.0,0.6,0.0,112,6.559231283,5.697422439
3,49,0.2928382456268737,0.5057582808374507,0.40013177227100855,0.4398711293934911,0.19231669797597079,0.0696992786,0.028810467699999998,0.027560238999999997,1.0,0.6,0.0,113,6.634048514,6.096925759
3,50,0.2924281876136833,0.5226254787521879,0.42363569213996227,0.45735569306175045,0.09023575929472435,0.0696992786,0.028810467699999998,0.027560238999999997,1.0,0.6,0.0,115,6.087985983,5.703102889
3,51,0.28741615254483033,0.5128661406823997,0.4182278553470131,0.504908126815924,0.09595912170580354,0.0726988396,0.026737265599999997,0.0343778126,1.0,0.6,0.0,130,7.450098912,4.534428667
3,52,0.26619264745151117,0.48074283193603035,0.3957396833701545,0.5119606029704505,0.14206513000392906,0.0639161192,0.0303307251,0.030228251699999997,1.0,0.6,0.0,134,8.258752078,5.624098615
3,53,0.2621792344757064,0.47358338857756727,0.3912780575756682,0.5298170905603006,0.11566090922963261,0.0638425628,0.0304195006,0.028061679899999997,1.0,0.6,0.0,136,8.223793653,4.265023974
3,54,0.2567005145798224,0.5140063569369259,0.4565249972273274,0.5480216925944157,0.10264210683249943,0.068832279,0.0268099557,0.0158935269,1.0,0.6,0.0,144,8.528916503,4.880432751
3,55,0.2637335586517086,0.5186622000751865,0.463145374348274,0.5607236716126476,0.1436619221642992,0.078576105,0.026994016,0.0164433335,1.0,0.6,0.0,145,8.413025498,4.011731168
3,56,0.2607973647125853,0.5141165477288916,0.4599202021740083,0.5626146452426649,0.12658601559386207,0.0773229345,0.0273303509,0.016387533000000003,1.0,0.6,0.0,146,8.327615703,4.114219953
3,57,0.26382402454927173,0.49847586745084166,0.4388080905861294,0.5761978249635756,0.12049682595089042,0.0820697319,0.0266024214,0.0300252306,1.0,0.6,0.0,147,9.466983845,4.838203343
3,58,0.2357478490290126,0.4766626981594311,0.43239758191836364,0.5531173743221655,0.3072029481455152,0.0661654066,0.0273033796,0.015804132000000002,1.0,0.6,0.0,148,8.710601038,5.109047386
3,59,0.22484408166867204,0.4311343712441346,0.39353972552745903,0.5183822409192668,0.11615271466020086,0.0707619654,0.0305634401,0.0224280246,1.0,0.6,0.0,160,8.432473235,4.208959012
3,60,0.2233345332009677,0.48198587829567874,0.46375413394377657,0.6134135619921532,0.09086402899661343,0.0690959102,0.0313420835,0.0246313826,1.0,0.6,0.0,162,8.586285861,4.226192002
3,61,0.22404626499476715,0.4814656221071019,0.4641503673153416,0.6183578424374492,0.11261337459468139,0.0714969677,0.030515638299999998,0.0219394667,1.0,0.6,0.0,163,8.282366897,4.232764978
3,62,0.22278627805840862,0.4269374124625525,0.3909337160099069,0.5245826057264549,0.09273267308846563,0.0707547495,0.0305971467,0.0213097122,1.0,0.6,0.0,166,8.439721914,4.212895943
3,63,0.21760611696924956,0.4472636938850126,0.4310498808107341,0.6461728446374335,0.15134704656384557,0.0747451673,0.030339475999999997,0.0216299409,1.0,0.6,0.0,169,7.904250435,4.107685629
3,64,0.21806350931202653,0.4468373427786059,0.43126201807279385,0.6603171173973097,0.10215394263779584,0.0765466625,0.0294425115,0.022094470999999997,1.0,0.6,0.0,171,7.89922407,4.531962162
3,65,0.21752808800206644,0.46268555421149177,0.4543331140744464,0.6672161019445924,0.10529258696724622,0.0771188538,0.029374888300000002,0.0223354626,1.0,0.6,0.0,173,7.878320646,4.723153593
3,66,0.20942254926501364,0.4475444678789146,0.44421273331111977,0.6711156925017997,0.1553555356374675,0.0752843431,0.029340314,0.0221117756,1.0,0.6,0.0,175,7.838869878,4.755892085
3,67,0.20607974473240054,0.4411545504655799,0.43997137486392873,0.6733423180830937,0.14566336003548705,0.0740767824,0.0301798555,0.021200206,1.0,0.6,0.0,176,7.86791519,4.429341816
4,0,0.9810299378285589,0.8936040230476392,0.41337709559913915,0.015103411096162502,0.0,0.0,0.0,0.0,1.0,0.6,0.0,1,7.290168022264575,28.17628465213149
4,1,0.8015196799637712,0.7996005911460659,0.38283396310370843,0.08292492834042238,0.8635225037494787,0.07386310640078395,0.00010537593706376,8.523727249469e-05,1.0,0.6,0.0,3,6.419471648215774,23.29063842228762
4,2,0.7723156718803661,0.7831542928963814,0.3826883006338248,0.10941197215715931,0.5062514759296514,0.10013682692571446,0.000797028747055,0.00236544193604338,1.0,0.6,0.0,4,7.959424977390197,134.89017733382568
4,3,0.7076345711339564,0.7456202316976787,0.36816124059005895,0.10095893532171106,0.5034161202768792,0.08928585659543085,0.00041214373084901,0.00041813059249925,1.0,0.6,0.0,5,7.597723024852253,5.481619784719836
4,4,0.7033625769013658,0.7418463301199227,0.3654460835154818,0.10332195357614885,0.10173451895656326,0.08835495346535399,0.00034321770170938997,0.00034820333352238,1.0,0.6,0.0,7,7.341528131391908,5.4102913784707845
4,5,0.6977510545592813,0.7192647354983855,0.3377822288012576,0.10324603767780023,0.10304317950425104,0.0868117763401456,0.00024702788220083,0.00021269704626974002,1.0,0.6,0.0,9,7.576051594172841,6.186399765261805
4,6,0.6962390583762125,0.7356992045759068,0.3614622363238789,0.11136509479310155,0.09896998241798714,0.0879556811705174,0.00030412433440319997,0.00026648546235917,1.0,0.6,0.0,11,7.799049126586517,5.818223373400193
4,7,0.6608495397323367,0.7060961244615058,0.3480565271456011,0.12787310016815445,0.5059398935951528,0.10109269491491757,0.00050636398291249,0.00101929415791495,1.0,0.6,0.0,12,9.1649158905232,13.549046138694292
4,8,0.6167072409643802,0.6818019796847021,0.3434703927755732,0.133014871130875,0.2599807670841761,0.09396080921215104,0.00143962041523279,0.00318117491263022,1.0,0.6,0.0,14,9.290152580320958,12.956155441223704
4,9,0.6156848147727525,0.6987745837640588,0.37172055128383935,0.1446814092372188,0.16821286955446454,0.10647190220599381,0.00123142091027287,0.0015680332719911001,1.0,0.6,0.0,16,9.64467805390492,12.27067005885776
4,10,0.6038596902504768,0.6870084838738668,0.36096179637264925,0.13543337406282613,0.11064358509887888,0.09733514715670252,0.00129172332329308,0.00157765548237392,1.0,0.6,0.0,18,9.71667147982265,12.7641114148726
4,11,0.5790998400722172,0.662361324319463,0.3391855255835026,0.13504495649694254,0.10487779463690373,0.07010252704799928,0.01826261001040713,0.00425648892373719,1.0,0.6,0.0,21,6.845648118005546,5.66081675930622
4,12,0.5912690541371198,0.6745067397792951,0.35700364553223385,0.17422258857050507,0.24935909541758017,0.1006602922548809,0.01259436673122083,0.01024441036590814,1.0,0.6,0.0,22,8.342362851289526,12.88429075072666
4,13,0.5901747822028235,0.6909567453525703,0.38024811612188303,0.18131746403666996,0.11343032582382645,0.10066029225488096,0.01259436673122083,0.01024441036590814,1.0,0.6,0.0,24,8.599442436247708,13.187098822060277
4,14,0.544658872180182,0.6427030414104583,0.35239827327079676,0.18461588952409713,0.36782996612575164,0.10629757996221181,0.01276435415432069,0.01025720766909087,1.0,0.6,0.0,26,7.601144084810315,12.167785274466024
4,15,0.5395132657327157,0.6548325982736553,0.3721156061312534,0.1922139762792406,0.12179576907168009,0.10406239925568136,0.01278828156000591,0.01030401813757139,1.0,0.6,0.0,29,9.60792646903766,6.987821496398412
4,16,0.5401600635782845,0.6730101850613162,0.39679848523922656,0.19529626272210185,0.11595850472171977,0.10474339397117641,0.01325672310338272,0.01294430211776571,1.0,0.6,0.0,30,6.889386085011052,11.712040845097563
4,17,0.5132670083080004,0.5917485922203256,0.30266340436937494,0.18795435113915512,0.1201025543045349,0.09473768174050508,0.00986819513668056,0.00358833744079003,1.0,0.6,0.0,38,8.550537432666973,6.058724625298004
4,18,0.5021386064564604,0.5767441636913583,0.29884613731623233,0.20840606742086115,0.24995054463911415,0.10457422229422164,0.01780570025015654,0.01812148967707369,1.0,0.6,0.0,40,8.745184898006466,6.33132873560823
4,19,0.4720997293313492,0.5793466608407173,0.32010779691648433,0.19626118404810874,0.24553062312509097,0.08296260230598947,0.02569108588543917,0.024332672270209778,1.0,0.6,0.0,41,8.699950172398887,3.452619091845715
4,20,0.45168396153090945,0.5578579014360296,0.30098771611154024,0.23022429087354276,0.0899418218852406,0.07635843344040497,0.01132975433849042,0.00297535493691941,1.0,0.6,0.0,51,7.394827086797494,4.357861744321903
4,21,0.44896793999182577,0.5718610884136911,0.32314700365893817,0.2338779883977887,0.0990856332720177,0.0781771568292676,0.01022652611762833,0.00128124838555948,1.0,0.6,0.0,54,8.090756007037545,7.070482713042415
4,22,0.46316946177631285,0.6028222040434856,0.3621484258801512,0.26317652722419105,0.14364250847238066,0.09613576966174489,0.00997581297049273,0.00164043266650227,1.0,0.6,0.0,55,10.945573248486678,8.433726500875864
4,23,0.4436298691019569,0.5622166764049907,0.3219102791902155,0.24176466561756427,0.26462179396306335,0.09070483254924584,0.01035408628585162,0.00125527223551081,1.0,0.6,0.0,56,8.221874866187836,8.435474061468629
4,24,0.4230409185525076,0.5336893974548513,0.30666815316875445,0.2545456690613123,0.2688487900809118,0.09729413888313368,0.01041907770435707,0.0015928794216359399,1.0,0.6,0.0,58,9.664668744367695,8.83235826004687
4,25,0.3875355349000576,0.4762199787429589,0.2493660677073767,0.25120676929183994,0.13520904836162465,0.07362268639227895,0.0122097361164709,0.00252980801162402,1.0,0.6,0.0,61,8.589560219172279,5.378749546257498
4,26,0.3886169676272877,0.47702159916603615,0.2505680359968195,0.25852876022743765,0.0927687853085555,0.07549733332766478,0.012187122391957659,0.00250664629036403,1.0,0.6,0.0,62,8.666906910017985,5.27194230431973
4,27,0.377771739420457,0.4799882568950347,0.26512472002201654,0.24743604276590914,0.1469110341832877,0.0758130014566032,0.010338629249599279,0.0020653074142853102,1.0,0.6,0.0,64,8.979066093380926,6.609484756916687
4,28,0.3774825609223301,0.4971464436083454,0.2888096535565731,0.26929274684202503,0.08390218527144157,0.0758130014566032,0.010338629249599279,0.0020653074142853102,1.0,0.6,0.0,66,9.04465894104037,6.643514719680827
4,29,0.37665371705783296,0.5135546496137643,0.3120280699764899,0.2845450833682562,0.08742721869000167,0.07581300145660318,0.010338629249599279,0.0020653074142853102,1.0,0.6,0.0,68,9.41977600285393,6.84203972454282
4,30,0.3804211365229304,0.5508872490913551,0.3641852615380813,0.30538111883241326,0.10262666718370998,0.08329166170854993,0.01071141671642274,0.0027762205989431002,1.0,0.6,0.0,72,8.411439812765732,9.13359166321264
4,31,0.3684984003025945,0.49991833370311783,0.3055330121824764,0.2875180739579514,0.15031734073399225,0.08102478265587053,0.01042084050054188,0.00134730820325143,1.0,0.6,0.0,74,7.40867234604144,9.185501139240015
4,32,0.3704985593168251,0.5193458112818293,0.3315030912223596,0.30948248267897094,0.09376639593681174,0.08334114210015617,0.01041205881549428,0.0013350914807428401,1.0,0.6,0.0,75,7.421147250965715,9.329542097282154
4,33,0.36885426825318957,0.516608865834916,0.3301342293314487,0.3130833369874767,0.12451315202402537,0.08412408124513485,0.01057972724012774,0.00182971682783158,1.0,0.6,0.0,76,8.317318469628919,8.795054886251842
4,34,0.35192507070291407,0.5345698812631988,0.36113160077668205,0.3254235672865825,0.07644834975143404,0.06779127117254724,0.01046533619217269,0.0011947952776497199,1.0,0.6,0.0,79,7.484048628081903,9.188446912334332
4,35,0.3497178437889513,0.4877413520716129,0.31281280706057324,0.32040011548994296,0.23224811530749773,0.08518949390584647,0.011613304183057411,0.0023014186805312897,1.0,0.6,0.0,81,8.04498137134858,6.236288139842858
4,36,0.34439519387803463,0.48114080117752395,0.3076535709353465,0.3202701804801907,0.12523875769432433,0.08243536404661271,0.01155962006984994,0.00233049081609383,1.0,0.6,0.0,82,8.043740642168952,5.869488814859983
4,37,0.34284445486402215,0.49579725234532734,0.33019426178218303,0.33137196687265885,0.10923796609476008,0.0833042499782694,0.01192827665833822,0.0033697117450412995,1.0,0.6,0.0,84,8.03525955228135,5.791147304393268
4,38,0.338825118910666,0.5264537027336501,0.37409266112560713,0.36177103950198547,0.0903623198757678,0.08019326142539505,0.01184446486405691,0.0035506037832012697,1.0,0.6,0.0,88,8.146404245590283,6.066945491657012
4,39,0.3393175234372049,0.509374845592767,0.3506576854130611,0.34711840248658343,0.08793698878330095,0.07997726256039839,0.01308916046316862,0.00807350091478737,1.0,0.6,0.0,93,7.999863804374338,7.62868503589552
4,40,0.33494845476417445,0.4985119350133692,0.3467918603559672,0.36739317393344706,0.269530952091233,0.08780497647386412,0.012797901026416009,0.00665863354176984,1.0,0.6,0.0,94,7.503113644022877,7.210844528508576
4,41,0.32035295360233845,0.5318933783029787,0.4041690331213388,0.3967432908094767,0.1193812168524696,0.06526369286638745,0.0396844840446937,0.04421489948324109,1.0,0.6,0.0,98,7.718979626981678,5.899938199976059
4,42,0.31310511727347223,0.430111919341969,0.2772495371321261,0.36955662919943205,0.26079157793077046,0.08626957826022269,0.01108431016682487,0.00285863965971466,1.0,0.6,0.0,99,7.543933088216868,7.353463836267986
4,43,0.3020868182676125,0.43569279430808566,0.29013723281724607,0.3680695325856947,0.10650565801115022,0.07669179531703574,0.011191294976737,0.00341620569145537,1.0,0.6,0.0,100,8.03594757087367,7.20540160961442
4,44,0.3013360467375824,0.43385630006765336,0.28935319378150043,0.3717816750353432,0.11054270193981489,0.07761281179351874,0.01123716075093077,0.0034554934983174503,1.0,0.6,0.0,101,8.029899852424444,6.767267848668257
4,45,0.2997632156182408,0.4488165261711619,0.3116708023036716,0.3826514699368411,0.09652009049979074,0.07761281179351875,0.01123716075093077,0.00345549349831746,1.0,0.6,0.0,103,7.819098328962165,6.625283256282384
4,46,0.3016625095153769,0.43304349892507477,0.28962886368173985,0.39411211510603167,0.0870752215862483,0.07954006174177349,0.01147110716428914,0.00284652219522654,1.0,0.6,0.0,107,7.588239712449249,6.506389546668332
4,47,0.299694975446195,0.5188221498583754,0.4073345307538453,0.42912206997657365,0.08498317464274091,0.0687048624056498,0.02639130398984297,0.03995170077137009,1.0,0.6,0.0,110,6.3223428737186085,5.416415323448893
4,48,0.2930868644173305,0.5280743228183863,0.42458855109016125,0.4391861363365771,0.1008034367835113,0.06466096457755728,0.02646017172707677,0.04000090395077003,1.0,0.6,0.0,112,6.55923128263513,5.697422439313641
4,49,0.2928382455822324,0.5057582809996861,0.40013177223432095,0.4398711293968079,0.19231669566624626,0.06969927855867342,0.028810467707731567,0.027560239023290068,1.0,0.6,0.0,113,6.634048513972489,6.09692575929896
4,50,0.292428187561373,0.5226254784136861,0.4236356921032746,0.45735569305972307,0.09023575599766841,0.06969927855867339,0.02881046770773158,0.027560239023290068,1.0,0.6,0.0,115,6.087985982749263,5.703102889179153
4,51,0.2874161525071173,0.5128661410795305,0.4182278553428681,0.5049081267899511,0.09595912419888786,0.072698839593618,0.026737265603728237,0.03437781257979923,1.0,0.6,0.0,130,7.450098911881336,4.534428666792142
4,52,0.26619264750813654,0.48074283179241195,0.3957396833877327,0.5119606030226851,0.1420651327302079,0.0639161192464806,0.03033072505182934,0.030228251691307467,1.0,0.6,0.0,134,8.258752078259954,5.624098615304603
4,53,0.2621792344650878,0.4735833888786449,0.39127805761265827,0.5298170905692219,0.11566091148459437,0.06384256284300481,0.03041950058997544,0.02806167993558345,1.0,0.6,0.0,136,8.223793652620772,4.265023973783351
4,54,0.2567005146039448,0.5140063573354671,0.4565249972280225,0.548021692560857,0.10264210795135473,0.06883227899777658,0.026809955704864052,0.015893526892506272,1.0,0.6,0.0,144,8.528916502585506,4.88043275138618
4,55,0.26373355865013776,0.5186622001576159,0.4631453743243826,0.56072367161368,0.14366192438052844,0.07857610499070346,0.026994015975675228,0.01644333351769198,1.0,0.6,0.0,145,8.413025497870972,4.011731168076512
4,56,0.26079736468873116,0.5141165475301944,0.45992020218795265,0.5626146452105484,0.12658601384620022,0.07732293454190077,0.027330350853406,0.01638753301897184,1.0,0.6,0.0,146,8.327615703387211,4.114219952852667
4,57,0.2638240245199878,0.4984758678261964,0.43880809057735687,0.5761978249381287,0.12049682463499067,0.08206973190471135,0.026602421377526893,0.03002523055845685,1.0,0.6,0.0,147,9.466983844940229,4.838203342606742
4,58,0.23574784898452472,0.4766626982564847,0.4323975818988068,0.5531173743458013,0.30720294917070917,0.0661654066072384,0.027303379555341217,0.01580413198713013,1.0,0.6,0.0,148,8.710601037839957,5.109047386192381
4,59,0.22484408162603853,0.43113437149528744,0.3935397254665085,0.518382240869706,0.11615271380338801,0.07076196536008207,0.030563440064945702,0.02242802458824321,1.0,0.6,0.0,160,8.432473234625265,4.208959011921846
4,60,0.2233345332209514,0.4819858783676477,0.4637541339334324,0.6134135619423425,0.09086402755590924,0.06909591018807325,0.03134208350263766,0.02463138259607767,1.0,0.6,0.0,162,8.58628586144513,4.226192002405034
4,61,0.22404626497501182,0.4814656220066391,0.4641503672834729,0.6183578423901701,0.11261337676791994,0.07149696768614192,0.03051563826998243,0.02193946665272556,1.0,0.6,0.0,163,8.282366896608995,4.232764977792595
4,62,0.22278627799470058,0.4269374128271941,0.3909337159526942,0.5245826057083725,0.09273267131690775,0.070754749453295,0.03059714668248717,0.02130971217555806,1.0,0.6,0.0,166,8.439721914472393,4.212895943251746
4,63,0.21760611698107393,0.4472636936393181,0.4310498807742519,0.6461728446481474,0.15134704363785273,0.07474516726573593,0.030339475996303163,0.02162994094676777,1.0,0.6,0.0,169,7.904250434742698,4.107685628734889
4,64,0.2180635092943458,0.44683734298183503,0.4312620180256544,0.6603171173159563,0.10215394234801263,0.0765466624811755,0.0294425114528084,0.02209447101067851,1.0,0.6,0.0,171,7.899224070167382,4.5319621620660095
4,65,0.21752808804701435,0.4626855546728477,0.4543331141242372,0.6672161020228364,0.105292587291605,0.07711885382411211,0.02937488834279788,0.02233546257635381,1.0,0.6,0.0,173,7.878320646405849,4.723153593206553
4,66,0.20942254920874065,0.44754446743271836,0.4442127332764887,0.671115692503727,0.1553555351198482,0.07528434309407847,0.029340313952150688,0.02211177563755998,1.0,0.6,0.0,175,7.838869877690622,4.755892084716584
4,67,0.20607974471745216,0.4411545507155784,0.4399713748704181,0.6733423181145353,0.14566335715842377,0.07407678242251943,0.030179855473283262,0.02120020597844649,1.0,0.6,0.0,176,7.867915190167748,4.429341816205096
5,0,0.8955004936635367,0.8412964189559969,0.380836420779757,0.012201754992977296,0.0,0.0,0.0,0.0,1.0,0.6,0.0,1,10.385365434075805,25.28487405062385
5,1,0.7329438549593208,0.7490461244806627,0.35698366158683653,0.0941165429306098,0.9397716053483939,0.08869560533848408,8.151410916156e-05,0.00021776232520176,1.0,0.6,0.0,3,9.326044099338072,21.03760617172733
5,2,0.6224516286134915,0.6523485276078929,0.30060274246594587,0.10281574441214537,0.6003697639014989,0.09868960815350336,7.334513905325999e-05,0.00016480148899956999,1.0,0.6,0.0,5,9.84769308611056,8.861623661522492
5,3,0.6186137583614366,0.666310562751295,0.32313194661969363,0.11202242134383962,0.12820899583787967,0.10086248940786405,0.00012302860230299,0.00025005705177708,1.0,0.6,0.0,7,10.564209093999418,5.875313569196961
5,4,0.6102683367688783,0.6406381956776732,0.2920665675389177,0.11349579744888208,0.10828567864326559,0.09527904288775871,0.00023923674106460002,0.00053140657420147,1.0,0.6,0.0,9,10.36602139460644,7.657503803409435
5,5,0.606824096822652,0.6373875441992819,0.2944974573081448,0.11960362720543313,0.24730297298562506,0.10709986879540896,0.00017796622599008,0.00064882591786342,1.0,0.6,0.0,10,11.053135197783998,8.521935190068687
5,6,0.6182969545185609,0.6663726920506953,0.3371997249487787,0.15467278502208273,0.3207722736734604,0.13767276083590985,0.0006470441305970801,0.00358333910528121,1.0,0.6,0.0,11,13.200650642699587,6.450767609346482
5,7,0.5794408379124212,0.6098812722505592,0.27661738184944173,0.12314746512892656,0.1338243152342539,0.10498841911156528,0.00030840472691734996,0.00053489970129045,1.0,0.6,0.0,13,12.097474341866995,8.2831224155351
5,8,0.5704213197750243,0.6181944968982803,0.2936502046648723,0.13736268301594945,0.1600158642747323,0.10203223314667229,0.00016484030167863002,0.00033809428265653,1.0,0.6,0.0,14,11.172842683027977,10.032327670220592
5,9,0.565340750352693,0.6127970077616564,0.2914759327618806,0.144697003850561,0.14544659449415406,0.10512489371904603,0.00023001647062360003,0.00044993493545392,1.0,0.6,0.0,16,12.62274340481045,4.811375556798056
5,10,0.5517032231279213,0.5985617596960097,0.2816225311505357,0.14375176730219935,0.21180698636731374,0.10251032992518401,0.00018825741262573,0.00034790039090138,1.0,0.6,0.0,17,12.2115613953274,8.2443305639936
5,11,0.5444961690348121,0.5912285416598762,0.2748760944079323,0.1402137363997761,0.11113351804560472,0.09677735656386,0.0001086476571961,0.00030322112467251,1.0,0.6,0.0,18,10.82250740970083,9.440053912936268
5,12,0.5374177583508885,0.6010634508749216,0.29466075774706585,0.14571135963054085,0.1875821239098348,0.09847944282145646,0.00016244942980405,0.00028986828119304003,1.0,0.6,0.0,19,12.582454612075288,7.941630939358879
5,13,0.5341484265756179,0.5798743780745454,0.26889251714781964,0.140128166357922,0.12210795200753954,0.09930420551270536,0.0006600485524088,0.00031238913420568004,1.0,0.6,0.0,21,12.39155875749654,8.700382360358608
5,14,0.5297180780576588,0.5930016509330625,0.2884068944336941,0.14255719046812165,0.09560016206918676,0.09484191355631438,0.00076228979855254,0.00032821219635861,1.0,0.6,0.0,22,12.444828126334142,8.469249684089425
5,15,0.5119350553763939,0.5734207767449487,0.27608712642853306,0.1601040220547715,0.14012067530276198,0.0894333375583034,0.00916624591950535,0.01217473134992906,1.0,0.6,0.0,26,12.19907683965489,8.807900811936483
5,16,0.5212027250915449,0.6001452794867634,0.3094834358727841,0.18210927560181828,0.11206523234099394,0.09924399465090616,0.00939850847475655,0.012228920546486161,1.0,0.6,0.0,27,13.68774685958076,5.038344403386622
5,17,0.5094955348707855,0.5882282736582115,0.29830974920402886,0.172359649597077,0.10420066926040361,0.08943333755830343,0.00916624591950536,0.012174731349929049,1.0,0.6,0.0,29,12.188459005273009,10.209771480669088
5,18,0.5125906233859343,0.5906512192159656,0.3029643175730944,0.1878551531198744,0.1587835960460202,0.0905836184465908,0.0211294549412179,0.01259190585075288,1.0,0.6,0.0,30,16.626770116475377,12.52753615261576
5,19,0.5882832572728763,0.6838301422280113,0.40274383796015983,0.26292756659697614,0.18027356982603124,0.17765339786782727,0.00304038397353855,0.06875800585595397,1.0,0.6,0.0,37,43.716170155600906,5.215488263404805
5,20,0.5755202713864216,0.6882566826550846,0.41471419939161797,0.30239182054435626,0.19851962077867052,0.16837051374005846,0.00177696905576772,0.02533057585139135,1.0,0.6,0.0,38,23.42908666906484,9.113698624218138
5,21,0.5444963527227307,0.6558880553186799,0.3863073257779244,0.28820512240448215,0.24614110970449832,0.14632709115619044,0.00204104972423322,0.02806193042677904,1.0,0.6,0.0,39,26.042628314448443,7.985334724154336
5,22,0.5124233888046195,0.6334027112439494,0.3885616612297584,0.23679667798011345,0.6130988166006528,0.153902165340899,0.0036691041542472997,0.03183423316520933,1.0,0.6,0.0,40,25.569385489619684,6.96343472733392
5,23,0.5123340047974815,0.6332920495675081,0.3884928388946167,0.23679042434302433,0.15636360821659046,0.153902165340899,0.0036691041542472997,0.03183423316520936,1.0,0.6,0.0,44,25.47943432088341,6.876724065324978
5,24,0.5013569684517292,0.6383747801959845,0.4028274218042469,0.2636754542933254,0.22283515888266392,0.14922984137943876,0.0033492661038525898,0.02887676998147763,1.0,0.6,0.0,45,24.758159302762643,6.623896027510312
5,25,0.5007503017800169,0.6376143495961286,0.40235435018149845,0.2636324810048501,0.1536224491387847,0.14922984137943876,0.0033492661038525898,0.02887676998147763,1.0,0.6,0.0,48,24.598630681186748,6.505860295632854
5,26,0.5120120391363001,0.6793097408042575,0.46505912056065335,0.30422770956604034,0.24820028942819158,0.15418322264273784,0.0424804086517487,0.02860877342426333,1.0,0.6,0.0,51,23.87690531597575,6.609857277080644
5,27,0.4974701430392316,0.6471501666292863,0.426619726903331,0.2960716021521972,0.1676776241338969,0.15320559726500738,0.02019622554642535,0.02854317724260297,1.0,0.6,0.0,52,23.33027837621252,6.355709057255198
5,28,0.4973402751803047,0.6645417342631307,0.4504500066551991,0.30444658940689373,0.16611399897448895,0.15320559726500738,0.02019622554642535,0.02854317724260297,1.0,0.6,0.0,54,23.561376275184013,6.586840745613858
5,29,0.4879206680424625,0.6533795888246161,0.4421296376246587,0.3143395974371747,0.18524417710589472,0.15263532073700126,0.01507717555707413,0.028498917335649947,1.0,0.6,0.0,57,23.112839726682857,7.014678439509336
5,30,0.44536041395939996,0.6454572540159677,0.4477274720568788,0.2647526564982946,0.13026055509366596,0.11856201014207579,0.00352555779235722,0.02964729220725944,1.0,0.6,0.0,59,23.96462471837152,6.594290309434276
5,31,0.4307062694648255,0.5913002260308744,0.38752328904329664,0.27136712688801723,0.2861910393306162,0.1173152511318507,0.00343615173204983,0.028866516140698573,1.0,0.6,0.0,60,24.630207939412703,6.2978624970830746
5,32,0.43045653825820673,0.6433354494526029,0.45926057857673896,0.31053521348643687,0.12743276938578596,0.11812899426946684,0.00355158359768811,0.02999591544070061,1.0,0.6,0.0,62,25.26777396748971,6.448475826437991
5,33,0.9259961043320234,1.0863462123307657,0.9122712438567475,0.8152615373427874,0.9416520977335583,0.1105676525144779,0.9133729232296129,0.02854310174136715,1.0,0.6,0.0,64,23.9578084294153,6.564932587389067
5,34,0.5233727282720269,0.6933883663856163,0.5347109144199638,0.4358904353904667,0.3842106532321421,0.1306608990414336,0.2354806923354212,0.0285418050163061,1.0,0.6,0.0,66,23.80759031911457,6.567002500269149
5,35,0.522977836929824,0.692937336277844,0.5343218353893525,0.4355943228782274,0.2721757735744178,0.1305422502132063,0.23520002840293563,0.028541674191899756,1.0,0.6,0.0,69,23.788622164387093,6.562845413886777
5,36,0.5652616911435335,0.715592767768964,0.5528684124349995,0.47837783010210677,0.346068739716779,0.14268160813750957,0.29198759768233423,1.0,1.0,0.6,0.0,71,199.4623759443448,7.092125168964839
5,37,0.5295308065465325,0.678243964098453,0.5172690239043468,0.4423075536243317,0.2960437047450325,0.1439577870730317,0.23532813023917626,1.0,1.0,0.6,0.0,75,126.31167081145908,6.940965611076016
5,38,0.5516473636724407,0.6764597411961921,0.5157635175893951,0.4878619441267341,0.3461288070474118,0.14341649792034078,0.29186796376478996,1.0,1.0,0.6,0.0,81,197.7354279629687,21.669698059441064
5,39,0.5553045923774964,0.6967742784235298,0.5433771682170435,0.4987520305595222,0.3467434996145792,0.140703417129592,0.30505728199902454,1.0,1.0,0.6,0.0,82,232.7541266089729,31.96186240393315
5,40,0.535695732242917,0.6742619150128883,0.523801029933563,0.4896869948954703,0.3455267501559668,0.13383625010185823,0.2919313357747651,1.0,1.0,0.6,0.0,84,198.1457939585289,4274.2903535428
5,41,0.5586387409333842,0.7436621583805721,0.6184464326447309,0.5835381765244871,0.3609505906112741,0.14034488062731812,0.33594348369468846,1.0,1.0,0.6,0.0,92,200.8287716663655,7.418167406403156
5,42,0.5578242604548448,0.7423213568577817,0.6176123168669919,0.5834624063037273,0.3482084763548012,0.14034488062731812,0.3359434836946884,1.0,1.0,0.6,0.0,94,200.28398379251132,7.197613373743189
5,43,0.5536001938512856,0.7711489711211577,0.6611697674040036,0.6270816265329301,0.36549531477798347,0.13930265134816705,0.33592567583090843,1.0,1.0,0.6,0.0,96,200.3612324276397,7.520630793548531
5,44,0.5316463472588095,0.7490450872697678,0.6392088071480013,0.618631859278428,0.3198448636608793,0.1441260856276419,0.29167737840995606,0.9998635547913833,1.0,0.6,0.0,101,196.2737166281348,11.250614727354566
5,45,0.530153777962902,0.7821001309336548,0.6855573085329683,0.6745325513019398,0.32121121695582044,0.14349413999868862,0.29168634477088423,1.0,1.0,0.6,0.0,106,196.33333761953543,11.030704718554173
5,46,0.5897293073519424,0.7944340305184588,0.6962856205688117,0.7152361496236257,0.46477913982608376,0.14222502045843716,0.4220415005441828,1.0,1.0,0.6,0.0,110,199.0756001015971,6.836778572178241
5,47,0.532225826597845,0.7408950716997234,0.6609078470167078,0.6515943571837907,0.648852981405124,0.13768684029181105,0.36308865384873223,0.9969519133394709,1.0,0.6,0.0,111,194.3704958941469,105.18103490747993
5,48,0.4879149387780157,0.7055881504746087,0.6593660738049278,0.6903008670178816,0.44531677506916434,0.13412310937891897,0.34433438743852335,0.9976404866153723,1.0,0.6,0.0,116,195.6080720694488,98.10395413936068
5,49,0.501276786104457,0.7344710209679595,0.6962295844853713,0.7257182335791454,0.36993218310274806,0.14130153855183075,0.35832387155783374,0.999337193266436,1.0,0.6,0.0,119,196.32907516757848,195.73899424262305
5,50,0.3247589450842026,0.6724949081432026,0.6852253481719038,0.7399386712616801,0.19204468024462704,0.15043874272068405,0.06292787696632882,0.0822684196678268,1.0,0.6,0.0,159,30.59058789498108,9.198676043516253
5,51,0.3066962803249498,0.6566553436790713,0.6870616985850553,0.7568112999661688,0.25649964532775577,0.1512378711069736,0.05577139839401797,0.09080442380327189,1.0,0.6,0.0,163,31.34478401718934,14.457826752459647
6,0,0.9278696353828026,0.8615536685015606,0.39343850041593803,0.013325468672566227,0.0,0.0,0.0,0.0,1.0,0.6,0.0,1,8.984310757700282,25.805085276702027
6,1,0.7516691689416494,0.7625034404747203,0.3620315752466517,0.08655508910974542,0.9215880070717747,0.07989684113849183,8.634958137045e-05,0.00013270845059919,1.0,0.6,0.0,3,8.210642291380408,20.76405108417869
6,2,0.6594376143501045,0.6858214093318922,0.31733150274119476,0.09600824748041034,0.48585093505753646,0.08785321948432358,7.443960773013001e-05,0.00011103007865842999,1.0,0.6,0.0,5,7.912574060993526,9.192801061860912
6,3,0.6566111371105123,0.700993995738883,0.3403753287386971,0.10122312515949103,0.1080919645521901,0.08941489696555607,9.195378662016e-05,0.00013794716970997998,1.0,0.6,0.0,7,8.293062177750935,8.945033632516406
6,4,0.6415946525292346,0.6699362647412928,0.30899721722529183,0.10475277743184912,0.24263148441969967,0.09194884931546268,7.525760371481001e-05,9.953201393339999e-05,1.0,0.6,0.0,8,9.70558779756485,7.273935590327653
6,5,0.6314043451225151,0.660161310156569,0.3012283734686877,0.10913450268967283,0.1374398987862551,0.08736218213962207,0.00027568711859366,0.00034869124864337004,1.0,0.6,0.0,9,8.506874353761743,8.940839216069083
6,6,0.6263445991800836,0.6556181365098034,0.2995371712293583,0.10826221723412248,0.16148849346653613,0.0904695056716697,0.00010313443012294,0.00012668652418527,1.0,0.6,0.0,10,9.163404183640475,8.368526658538785
6,7,0.5956975515571251,0.6260984116745858,0.2797863140092702,0.11227226638311452,0.32995550533442747,0.08677742555249197,0.00014098200328564002,0.00021794342697644998,1.0,0.6,0.0,11,9.14151508012311,7.056047619241074
6,8,0.595331435780112,0.6257661841437222,0.2800005845207571,0.11544624187017818,0.10157489809640981,0.08790516131808045,0.00011788364299187,0.00018914413110423,1.0,0.6,0.0,12,9.006388191575862,7.334431377333959
6,9,1.1827134853582544,1.248632930579431,0.9208711151846527,0.7292099684327362,0.822176332477751,0.08962533806305409,1.0,1.0,1.0,0.6,0.0,13,11.231189298944503,9.157486543976644
6,10,0.565356339486125,0.61343226830054,0.2842495823116,0.11867099591663158,0.20657152320261704,0.08201031816894505,0.00514087097363147,0.00524173023415086,1.0,0.6,0.0,14,9.362543307286632,7.293445253926897
6,11,0.5282151594015986,0.5580324938393677,0.23084831196264388,0.10409547399317948,0.2777822980965739,0.06627550318658383,0.00522909815614388,0.00223593359920926,1.0,0.6,0.0,15,9.015776655622552,7.573127041060537
6,12,1.1242357251179746,1.206441707074414,0.9005597987139393,0.7249197379594012,0.6979983635459728,0.07090403601772075,1.0,0.09846917934272684,1.0,0.6,0.0,17,8.100304656121686,8.3708158697141
6,13,1.1241802661907405,1.206251268096544,0.901277488800838,0.7338876938178633,0.695711315373358,0.07311653629971973,1.0,0.19386582951619216,1.0,0.6,0.0,18,8.11768279408552,8.185231253327798
6,14,1.1038246674170282,1.1849470789932048,0.8859202693088526,0.7236944109175303,0.8168127815525938,0.06754934860256091,1.0,0.7286498038099581,1.0,0.6,0.0,19,10.608980098160718,9.170448850076806
6,15,1.091307751346101,1.1886511637755899,0.9012354237139464,0.729848571439379,0.7320621501354733,0.06754934860256091,1.0,0.7286498038099581,1.0,0.6,0.0,21,10.666038093681667,8.095230491895899
6,16,1.0837541776070523,1.180178309250916,0.8961661830218551,0.7409241964109572,0.7104469441618387,0.06808322916723088,1.0,0.3935866172520606,1.0,0.6,0.0,23,9.022177829723848,8.438165236901247
6,17,1.0830427663469033,1.1969016867211215,0.9197003954060288,0.7549764244622243,0.6738247008303889,0.06840000830770428,1.0,0.3960262600794634,1.0,0.6,0.0,25,9.040510695673923,8.084832958106578
6,18,1.0813848207244416,1.195026112945893,0.9185567122678643,0.7549281836596714,0.6775493609029783,0.06846087989722463,1.0,0.39834151801970813,1.0,0.6,0.0,27,9.079898345712746,7.934174122373389
6,19,1.0713792017257844,1.1671674380170858,0.88529727886798,0.7287925755663129,0.6849967334490173,0.060740486513158484,1.0,0.01194172627170253,1.0,0.6,0.0,28,10.29990195944404,9.221542936958723
6,20,0.48207901066635767,0.5932478329202091,0.3242846911903055,0.16363155006271982,0.24909235843300329,0.06737296200218787,0.0319554580293318,0.00498336605154579,1.0,0.6,0.0,29,8.159702899462834,7.920095030245023
6,21,1.0778030085959953,1.1692821343398463,0.8994742528316395,0.7710505948147686,0.7635965966238005,0.09477477975947088,1.0,1.0,1.0,0.6,0.0,31,12.47608129292968,9.518242542400367
6,22,1.031663574078832,1.1396260715292137,0.8787531701104612,0.7274719071829548,0.6861759789870202,0.05433282076610339,1.0,0.01203210681670897,1.0,0.6,0.0,33,10.984333961724856,8.356290989813578
6,23,0.43848549968264516,0.5608007985915405,0.3132835498022926,0.17278439667730805,0.13430676959370397,0.05612776950834962,0.03382022378723086,0.004857928811621949,1.0,0.6,0.0,36,9.750908711905762,9.986231326047266
6,24,1.0305644786624955,1.1140786333273736,0.8609328104548956,0.7712894645563745,0.8609127821465237,0.08366258829530555,1.0,1.0,1.0,0.6,0.0,37,12.38364136255156,10.231778038135996
6,25,1.020705368541839,1.1193123718598206,0.8769296866829472,0.7719918503818264,0.7193495360899361,0.08294792678659615,1.0,1.0,1.0,0.6,0.0,40,11.851896470220431,7.2973233855672675
6,27,1.0190594386977077,1.1133281538343638,0.8780892742343496,0.7894936458684616,0.8163661320010185,0.09586783127031376,1.0,1.0,1.0,0.6,0.0,42,12.340761964132932,7.114051589779606
6,28,1.0075955303677053,1.0804609088121433,0.8447036228837146,0.7838948968176961,0.8418252727138694,0.09605868550384647,1.0,1.0,1.0,0.6,0.0,43,11.491984973395072,7.386361291997158
6,29,0.9902306262374838,1.0777508517376448,0.8525524378560728,0.7902737465972058,0.7909528235320664,0.08686031730337494,1.0,1.0,1.0,0.6,0.0,44,12.737078441460833,8.258756156588719
6,30,0.9767829382269682,1.0416274928329738,0.8170505040447514,0.8032817635002627,0.7304121665368097,0.08681078929694447,1.0,1.0,1.0,0.6,0.0,48,14.91572727778286,13.071910749934686
6,31,0.9610261870899797,1.0199106348402398,0.8028857541256554,0.8088808842237023,0.7788928637426645,0.08507841187491395,1.0,1.0,1.0,0.6,0.0,50,15.363352065125502,12.958014093678289
6,32,0.9596742767614077,1.0173111612944887,0.8018115368187566,0.812908577209145,0.724467754152759,0.08651500814087192,1.0,1.0,1.0,0.6,0.0,51,15.057670140814912,13.094031561791972
6,33,0.9545957408492536,1.0086012082154872,0.7974358817499483,0.8150318937825463,0.7252261470877599,0.0892744813574426,1.0,1.0,1.0,0.6,0.0,54,15.328040398008543,10.201757699495854
6,34,0.9524748643670378,1.0043589289771517,0.7956588897859058,0.822583774743852,0.7529202294231268,0.09155615005613757,1.0,1.0,1.0,0.6,0.0,55,15.134797928801154,13.444626593633028
6,35,0.9514818457026725,1.0373959115245976,0.8427054206724709,0.8350310387179303,0.7242878574861544,0.09280616892419265,1.0,1.0,1.0,0.6,0.0,56,13.774560393208713,11.557819083155024
6,36,0.9492298232388546,1.0340037159597784,0.8405951423002861,0.8348393598939621,0.7086866148286876,0.0928061690585194,1.0,1.0,1.0,0.6,0.0,58,13.828788455986592,11.192188793609516
6,37,0.9448692840210027,1.0114267048921348,0.8123810021342108,0.8403401338580878,0.695858636881778,0.08974178574750373,1.0,1.0,1.0,0.6,0.0,61,13.779218008642422,8.070014955967657
6,38,0.9497257869200546,1.032741345824719,0.8413021931934002,0.8472528908930849,0.7120786669145311,0.0967550796622192,1.0,1.0,1.0,0.6,0.0,63,15.403354027602113,10.736811937178024
6,39,0.9297999139036729,1.022366704728395,0.8459398911000745,0.8615048092984077,0.7991472660249214,0.09167719406200239,1.0,1.0,1.0,0.6,0.0,65,13.633003529305885,8.25085366027487
6,40,0.9142355497407572,0.9938920624246514,0.8304320177469777,0.8684052941237874,0.762049798896859,0.09751544188755878,1.0,1.0,1.0,0.6,0.0,70,13.921203720374924,8.627145644729149
6,43,0.307125012981888,0.47983492950154527,0.36615062467913195,0.3674019800441421,0.11274929979591661,0.06475160823143113,0.07307859666476377,1.0,1.0,0.6,0.0,95,11.398718615522464,15.48213442583963
6,44,0.2962135184140775,0.4266681564876693,0.30659876564288646,0.35393320805105455,0.14071944714366733,0.06643817673874217,0.06826051031424377,1.0,1.0,0.6,0.0,99,12.156138455241337,16.917584828357644
6,45,0.2702984100461592,0.4187572953656752,0.30464201505282573,0.31364919983877076,0.11893181565769145,0.060093279040790606,0.03452775628406185,0.03161312975754945,1.0,0.6,0.0,100,14.481405109512728,28.91224747111016
6,46,0.25888069852923556,0.46854218689475413,0.3877165358466107,0.3705844150433117,0.17848451080439828,0.060285564104478793,0.03447120549645308,0.03160373614564537,1.0,0.6,0.0,102,14.70464726505224,28.52617921622129
6,47,0.2587577433588914,0.468320576647554,0.38757828687371776,0.3705710919654828,0.0817859299002058,0.06028450313486067,0.03447160246879484,0.03160378518083165,1.0,0.6,0.0,106,14.585618821852256,29.01224852932268
6,48,0.2687390517099683,0.44110731065042347,0.3493628523711438,0.39856799035027024,0.09685282272526294,0.06421888491564293,0.04880000681076997,1.0,1.0,0.6,0.0,109,12.877329555413926,20.18510346379548
6,49,0.2427375701734949,0.4062730117828693,0.3218183010899442,0.3888843373808099,0.13367972920954752,0.05983305469803803,0.03020294676077878,0.028641099143541238,1.0,0.6,0.0,113,13.308942995296356,17.04957694976042
6,50,0.25704080588816336,0.4486652764530523,0.38260351664366776,0.437197909127914,0.16033173005738283,0.06821638677881296,0.05323942156439208,1.0,1.0,0.6,0.0,115,13.348229505168728,16.742127330971822
6,51,0.24007649794035762,0.41846410371254483,0.3626857921142971,0.4327012859869761,0.22364876473473044,0.06564213555250267,0.05254842322840288,1.0,1.0,0.6,0.0,117,13.135308358638396,17.449400158450967
6,52,0.23540356517240282,0.500179372977686,0.4773450970804809,0.4930424957080363,0.0970243793381001,0.06428439677802372,0.04938507168395982,1.0,1.0,0.6,0.0,123,12.400108464472396,19.88496636867439
6,53,0.24855478984352947,0.436713781565985,0.3932095055729295,0.4838394990739476,0.27522674711418865,0.07482360036405933,0.06441282043788925,1.0,1.0,0.6,0.0,124,13.461094433471631,11.444975098813297
6,54,0.23283520287598947,0.41547491103832124,0.37604367318008414,0.5041853017536085,0.11216588415009797,0.07316258389767481,0.04974571343301305,1.0,1.0,0.6,0.0,132,11.9259311180566,21.460011755710525
6,55,0.2432458724367226,0.4235247316679512,0.3857882776862405,0.5331862661784693,0.12561670520656437,0.07923982884264964,0.060508584941140975,1.0,1.0,0.6,0.0,134,13.066245543879877,20.19785786734077
6,56,0.2294334828188585,0.4084630930742383,0.3716365921933637,0.5325458778907944,0.1553491055887401,0.0737444097945673,0.048577376266725966,1.0,1.0,0.6,0.0,135,11.512109229635811,17.500547126191478
6,57,0.24382501358140715,0.4077645835897522,0.362774745774329,0.4920406294364247,0.1167536863958613,0.06026763294824079,0.09125434228798908,1.0,1.0,0.6,0.0,152,14.093290545064992,25.18464807300529
6,58,0.2274956799108467,0.40805483712360646,0.3701150697180237,0.5445199513080744,0.13095935732481212,0.05805083443293907,0.06914324570153416,0.06165866302098231,1.0,0.6,0.0,154,15.00008131438926,22.90355975669678
6,59,0.22675766254635774,0.44330360431348176,0.43642764274977813,0.621569749302461,0.17044388082935774,0.056484817295676205,0.09535653591351109,1.0,1.0,0.6,0.0,158,14.290107161513822,22.302999802905585
6,60,0.20539598021815864,0.34528838689476093,0.3356729644529633,0.5319281737163555,0.2852066479377734,0.054894737285318164,0.09471397043948923,1.0,1.0,0.6,0.0,160,14.863199198521974,23.83737960021076
6,61,0.18980504649073482,0.44832674000034967,0.503995926752755,0.6930963917821396,0.12712428725297936,0.07332772773427787,0.06459119025973438,1.0,1.0,0.6,0.0,184,14.15031315248384,12.51706858185077
6,62,0.18932194465560473,0.4815128878616918,0.5508613838023587,0.7466842768088916,0.11440888559265011,0.07387381486044706,0.06455673245974568,1.0,1.0,0.6,0.0,192,14.231787338589196,12.604133821089524
6,63,0.18696024384697438,0.47506921944142744,0.5470206334819462,0.7569647615637479,0.12921830200391227,0.07437861473530775,0.06445564952477516,1.0,1.0,0.6,0.0,195,14.194600566814284,12.68595297986582
6,64,0.7477293262175921,1.0366841182298578,1.1080975092746654,1.3196438968501065,0.6773360519987554,0.0732430384719949,1.0,1.0,1.0,0.6,0.0,199,14.092526340778855,12.411595095377375
7,0,0.7437625141530163,0.7376744864012074,0.3163729973929441,0.006453586576903944,0.0,0.0,0.0,0.0,1.0,0.6,0.0,1,16.606243580967792,26.64263285843274
7,1,0.6256115198187029,0.6546440407749624,0.29717425054462726,0.0861762129813757,0.880098293616017,0.08584595390082342,6.031679009419e-05,9.2986869449e-05,1.0,0.6,0.0,3,14.120849001029068,11.722280200636645
7,2,0.5577170455650275,0.6051480185430411,0.28389841049951586,0.09834414810232053,0.4691454001406898,0.09764671020291223,0.00026017678848601003,0.00040109934608303997,1.0,0.6,0.0,5,12.978882361657035,5.391890478626579
7,3,0.548972513946965,0.577928527377374,0.2564842598498659,0.11200383489850596,0.15577564104909905,0.10440472635380689,0.00015508876908568002,0.00025524038168284,1.0,0.6,0.0,8,13.41837661271514,6.001152121634087
7,4,0.5465664220811639,0.5754202817805649,0.2545349816505895,0.11413920220558003,0.11736473227287904,0.1033784752854876,0.00015064718460673,0.00023887196004189,1.0,0.6,0.0,9,13.366376004359116,5.912167582675495
7,5,0.5180462702957161,0.5448258124172669,0.2331546149799224,0.108469953970192,0.32654127745781836,0.09700016767910095,0.00042795318623863,0.0010214443967883498,1.0,0.6,0.0,10,13.623022499214011,7.549106641675973
7,6,0.494713703787128,0.5180602919479989,0.2172852540957938,0.1244731400042067,0.37046578510983585,0.09675093555840955,0.00429024500984512,0.0157928851835425,1.0,0.6,0.0,11,13.495132884799528,5.674668497987781
7,7,0.49361289054528645,0.5343425633579514,0.24042545338561291,0.13063157832452846,0.10532848438195404,0.09675093555840955,0.004290245009845111,0.0157928851835425,1.0,0.6,0.0,13,13.379554570231845,5.672219022432617
7,8,0.4769674212255587,0.5160045016962105,0.22669490370695494,0.13055131417023288,0.20881381215580955,0.09060042542999136,0.00429912637869369,0.016025768647617362,1.0,0.6,0.0,14,12.420750184950482,5.922897751518898
7,9,0.4583369465785976,0.493209341709808,0.21307908473254883,0.13517279603477364,0.20840036817264287,0.0920875192834718,0.004312209988720559,0.01611828232725921,1.0,0.6,0.0,16,12.477018123841878,5.429461209669992
7,10,0.457950558636309,0.4751763114769313,0.18884974467865964,0.12840226056436627,0.09911902710780365,0.09208751928347177,0.004312209988720559,0.01611828232725921,1.0,0.6,0.0,17,12.432192140362792,5.370234522050473
7,11,0.45794582862066724,0.5102908958820479,0.23671638884151533,0.1515109164121938,0.09472800554693896,0.0920875192834718,0.004312209988720559,0.0161182823272592,1.0,0.6,0.0,18,12.41059581500243,5.341041190703349
7,12,0.4672594045872104,0.5017565672848903,0.2223998712647356,0.15462598951028136,0.12002768033290342,0.10265854108228896,0.0043515079277266795,0.016398359527283298,1.0,0.6,0.0,19,12.726126298080375,5.715513029769015
7,13,0.4560935115701333,0.5078257977964734,0.2355055084529367,0.1618629456593226,0.10101286754817813,0.09293722060868208,0.00431884181982743,0.015951440264031218,1.0,0.6,0.0,22,12.538340470849048,5.713897815230482
7,14,0.4440402568090638,0.5114232684733832,0.2492299475760737,0.16484884858307192,0.13818157388833435,0.0888838968943584,0.004352111392896161,0.01610688363483976,1.0,0.6,0.0,24,12.708490647943211,5.3578520214851855
7,15,0.4646737766578805,0.5319426016256131,0.2699666350731488,0.1950572470245605,0.11799419125407741,0.10992309201954042,0.00444402811127427,0.01219332181358878,1.0,0.6,0.0,25,14.999983407604052,6.70372489700016
7,16,0.44565068319832446,0.5123376582895292,0.2514597827422178,0.1790446025907745,0.1095532899803102,0.09325389381146329,0.0043937959944986196,0.0161052374105598,1.0,0.6,0.0,27,12.644349336954452,5.326360515807971
7,17,0.4378247000285696,0.5181034318774705,0.27077392136820827,0.19848116234176674,0.2847550047109388,0.08534219652896383,0.029560455840015747,0.047665897673225634,1.0,0.6,0.0,28,12.091427708672445,4.240783626889345
7,18,0.43782470661128453,0.5356632676318093,0.29470879821058793,0.21746142304022678,0.10308922512380621,0.08534219370797817,0.029560457317118538,0.04766589405825884,1.0,0.6,0.0,30,12.091427762866466,4.240783857681003
7,19,0.42932703760768465,0.5421081711272768,0.3117290528923091,0.2247938178599083,0.13754231632288985,0.08534219314378122,0.029560457612510038,0.047665893769237064,1.0,0.6,0.0,33,12.3137914167496,4.457595932962217
7,20,0.4277097910328711,0.5571239695177489,0.3345947796008347,0.2345409061975228,0.1412831738050064,0.08562863400511658,0.03134827171530053,0.05054872319697541,1.0,0.6,0.0,34,12.251400410584102,4.273734863176826
7,21,0.41713903884335324,0.5273476798374244,0.3013239080977168,0.23229804549454472,0.1643032078320653,0.08127781218398736,0.03094220548360337,0.047329875425155585,1.0,0.6,0.0,35,11.872389825718065,7.286050725043808
7,22,0.4239523270906326,0.497251991866681,0.26084920014815877,0.22273296834792375,0.11914422737337758,0.1049731759193292,0.010280728703051741,0.01459961352959514,1.0,0.6,0.0,43,15.239657885086672,6.923257670570037
7,23,0.41836725128180163,0.5027288293188392,0.2819092641116887,0.24494394142147358,0.23810137477143245,0.11361360436706999,0.01635246189701306,0.01326837240582251,1.0,0.6,0.0,45,17.464624148017528,8.240397241776117
7,24,0.4035241855720215,0.5191321111479105,0.3162438172216885,0.25061923914037604,0.14004576384104164,0.10919797525163577,0.01536962466575616,0.013707175730400409,1.0,0.6,0.0,51,17.456342167353966,10.603117896274394
7,25,0.3984423519055459,0.5090271150203343,0.3123302200464789,0.2940351343466445,0.1757313182563375,0.1110006035858699,0.02282995543635431,0.010328403548227021,1.0,0.6,0.0,54,15.57140156410244,10.024588600870164
7,26,0.3970483835333194,0.5072145311549734,0.3110240096764343,0.29970280146690287,0.13679804585830635,0.11112434492516945,0.0218360762368319,0.01042738571049802,1.0,0.6,0.0,55,15.609636787851718,9.938000971659925
7,27,0.3891314505346767,0.5161387211733689,0.3271916070126849,0.3201464890484668,0.12509014086523895,0.10492386872962936,0.02160729785883924,0.00973969466058061,1.0,0.6,0.0,58,15.754022480312075,3695914.613893116
7,28,0.40259948939056867,0.49352672013474796,0.293183532446337,0.31440421020354004,0.17001384821708446,0.11558694841479736,0.03065279772945187,0.01426604836296097,1.0,0.6,0.0,59,16.08281373079007,9.831832932272098
7,29,0.39299373571502283,0.5330727449510665,0.3557918417755337,0.33313328238030937,0.22690175548598587,0.11477920173537955,0.02747502541069393,0.01558992496524288,1.0,0.6,0.0,60,15.980218846551946,9.182483603150349
7,30,0.39278493046645335,0.5503223012325764,0.3795337995306364,0.34853714430515836,0.1327233219679073,0.1147792017353795,0.02747502541069392,0.01558992496524286,1.0,0.6,0.0,62,15.863947193051471,9.243375662206349
7,31,0.3918646212214737,0.5130980464141005,0.3309297318402271,0.3340532928498979,0.1670251968576324,0.11539566410330049,0.02898347658286669,0.01388428934347731,1.0,0.6,0.0,63,16.394069835357197,9.600456051749983
7,32,0.3766145804949052,0.5085692675177109,0.34035471646491705,0.3463450029822124,0.22497929985569637,0.11236379342158782,0.03064670409167914,0.013881015368212651,1.0,0.6,0.0,65,16.982379938258752,9.100405103512449
7,33,0.8393868619801035,0.9709540068006812,0.8031663087318511,0.792782731581966,0.5996280850112277,0.07427862704927442,0.8666459803770256,0.01660808725233496,1.0,0.6,0.0,67,15.057897161898168,6.06265719988756
7,34,0.3723507635602787,0.4681849144988138,0.28829679821524185,0.3481089245923895,0.14439858124937638,0.11030445076399598,0.03005248131472562,0.0217864012821697,1.0,0.6,0.0,68,17.18565374855815,8.5387399889745
7,35,0.37236571285421666,0.48462996156834287,0.3123229156505583,0.3509878655317143,0.16042585842163948,0.11232764937030984,0.030142119488632817,0.02165854218002865,1.0,0.6,0.0,69,17.1092864361486,8.621810734454064
7,36,0.3722452795459956,0.4839159183910923,0.31223863286527653,0.3577791253810792,0.14703808750271488,0.1132614735800623,0.030172933592573108,0.02162462191669624,1.0,0.6,0.0,70,17.187244117390218,8.580997519728559
7,37,0.3641016988691884,0.5257895566207986,0.3760300610742952,0.3741670137200594,0.1627020815156516,0.10741043435822499,0.03423190287694508,0.01320626281164829,1.0,0.6,0.0,72,16.55799457980034,9.077938718029555
7,38,0.3975933275175347,0.5409154867045427,0.38563409131791326,0.42269430806815705,0.17004977048269052,0.1007696530110331,0.10353855909396552,0.012719279827981201,1.0,0.6,0.0,75,16.131821503009924,9.249621990412804
7,39,0.361659515182299,0.5213555601997324,0.37365186021126,0.392644974554852,0.14379798969119556,0.11416953586203753,0.02464358396578064,0.01982853418076732,1.0,0.6,0.0,77,15.868610219733103,8.590844142185974
7,40,0.923793885691993,1.0400146697712174,0.8879049195923275,0.9737774343043399,0.9124297094648082,0.10481402112766672,1.0,0.019620849669072928,1.0,0.6,0.0,78,15.425263204082333,9.133559025768069
7,41,0.9084876931505154,1.057596631233816,0.9203956072997367,0.971415979035259,0.7467069991245519,0.09298891481923253,1.0,0.15664681448490733,1.0,0.6,0.0,79,16.445131596039005,8.975433208863798
7,42,0.9025326497709947,1.0417286403435633,0.9138094390615416,0.9849392834219479,0.8171690717760703,0.10168272512594756,1.0,0.014454237846667339,1.0,0.6,0.0,81,16.223915251804833,8.76244368806961
7,43,0.8933944487130119,1.0069903514549128,0.8800305557224655,0.9941832611780281,0.8889010755612259,0.10391267070929382,1.0,0.01942880865410469,1.0,0.6,0.0,82,17.694178684259903,8.061339246589556
7,44,0.8811230043679541,0.9649705922383751,0.8419603092290513,0.9803663511726686,0.9613374277737442,0.10677412569517757,1.0,0.01944912846900449,1.0,0.6,0.0,83,16.46422510486709,8.873883631894246
7,45,0.8663246052453957,0.9598396805492542,0.8497102818707267,0.9906016301435319,0.7822310748447143,0.10129890346313383,1.0,0.01953056654517274,1.0,0.6,0.0,85,16.062440395909565,7.931823259391209
7,46,0.8611995178507913,0.950064623267332,0.8436822260477989,0.9992238156639477,0.7480387152567334,0.1014391859795448,1.0,0.01976945015718025,1.0,0.6,0.0,87,16.95000282337165,7.630490731080178
7,47,0.8632507486087535,1.022469239058457,0.941550514240518,1.0134226378639255,0.7038280045922144,0.10350825841915931,1.0,0.02302117258723342,1.0,0.6,0.0,88,16.592617659027628,8.075735622287484
7,48,0.8602422749047824,0.9824854673666513,0.8902402573202686,1.0030368729355437,0.7365743097792126,0.10241121418559718,1.0,0.01869770805749147,1.0,0.6,0.0,89,15.71176682624512,8.48837314065649
7,49,0.8561817764491217,0.9912452298153938,0.9091152577598848,1.0182749497055417,0.7965809455994493,0.10350825841915927,1.0,0.023021172587233442,1.0,0.6,0.0,90,15.699312657813412,8.297162335941477
7,50,0.8556428926262056,0.9906962339018079,0.9085740474554531,1.0167170251017725,0.7031813440876552,0.10298043023544964,1.0,0.02585802168608629,1.0,0.6,0.0,91,15.716521830321316,8.3411492884357
7,51,0.8561095438512876,1.0086660035575483,0.9329635624090521,1.0351161666049808,0.7040640459352444,0.1035082584191593,1.0,0.023021172587233428,1.0,0.6,0.0,93,15.780416847935584,8.267063847722826
7,52,0.8397452164095551,0.8974533082515994,0.7953347144999896,1.0127406534691517,0.7171783125063882,0.09454025349630872,1.0,0.025584314104435207,1.0,0.6,0.0,99,18.49288436929625,9.039496601138666
7,53,0.8467657361924473,0.9092687129367307,0.8231298919451342,1.0511763777890968,0.773965081326422,0.1142121013168792,1.0,0.023612718706696338,1.0,0.6,0.0,103,17.38183870080902,13.467467099512977
7,54,0.8425022729393379,0.9343418153771551,0.8651962565164898,1.0784426075640108,0.7681976134060626,0.11539433921362623,1.0,0.02289462662776506,1.0,0.6,0.0,105,17.563744294603186,12.86042116687911
7,55,0.8165331302048457,0.8609277553145398,0.8064184793648201,1.0689955613132645,0.9765647165536211,0.11514050868422758,1.0,0.03116766517279827,1.0,0.6,0.0,107,18.60048511718002,12.102047607424122
7,56,0.811586809728734,0.854930781485682,0.8011572369359818,1.0740101857277478,0.7205853696818165,0.1110904301120835,1.0,0.03051753903420417,1.0,0.6,0.0,109,18.05724191395459,9.206516042204084
7,57,0.8106103806561195,0.8460600269326024,0.7975809829438554,1.0787121588546613,0.7817676483573939,0.11623003327756198,1.0,0.02909753832604737,1.0,0.6,0.0,111,17.7162643515624,11.920960306879795
7,58,0.7946857725187306,0.8427957444909563,0.8039575164307842,1.0804253331154379,0.7855570095652192,0.10404824174718941,1.0,0.01998081492857376,1.0,0.6,0.0,112,18.32155683208825,7.028559241348692
7,59,0.7666982347383864,0.7650990826525073,0.740688208742731,1.069206706279339,1.2208231738213282,0.09895876900569812,1.0,0.024069211960608718,1.0,0.6,0.0,113,20.77311450991899,7.544623375457784
7,60,0.7700612541879064,0.7670153915920238,0.7434160772176974,1.0676231674870569,0.7196645290315158,0.10302266471683044,1.0,0.02420681140038815,1.0,0.6,0.0,114,20.529100074071685,7.638391866133909
7,61,0.7616147097615169,0.7693629065198462,0.756351571391102,1.0808388492588588,0.8039877791573173,0.09895876900569815,1.0,0.024069211960608718,1.0,0.6,0.0,115,20.58573513031026,7.75478422902951
7,62,0.7593675318967412,0.7634855121548566,0.75269524828444,1.0866983281013312,0.7534643623997026,0.09895876900569814,1.0,0.02406921196060871,1.0,0.6,0.0,116,20.47908870062941,7.893997922515208
7,63,0.7565008606352132,0.7558988874652686,0.7480071623934033,1.0863576754836857,0.7712924430904281,0.09904236501782844,1.0,0.024055245357950568,1.0,0.6,0.0,117,20.39430995961049,7.8625577278293886
7,64,0.7348740631130406,0.7472194867241457,0.7654197045267165,1.1111078246880746,0.7319959994140213,0.09054865081853083,1.0,0.022750137529051858,1.0,0.6,0.0,125,18.480625822875066,7.278660836989743
7,65,0.7272418604694927,0.7087384282037286,0.72838440708146,1.1139252675274578,0.8849382451612519,0.09032330704928829,1.0,0.02276112520072863,1.0,0.6,0.0,126,18.656745781408294,7.517454255972672
7,66,0.7271516795445019,0.7260429096349481,0.7521605537509402,1.1482460767249327,0.6908043329560425,0.09032330327969844,1.0,0.022761124478812338,1.0,0.6,0.0,131,18.604799907642533,7.606814224364382
8,0,0.9614727321950739,0.8819821355077684,0.40614709080888617,0.014458765621361216,0.0,0.0,0.0,0.0,1.0,0.6,0.0,1,7.929008993338263,24.45948790809596
8,1,0.7968177122786528,0.7955021632946131,0.3794176813799517,0.08053130160217017,0.8150709501662954,0.07157953165868101,8.920717202655e-05,0.00011475456258784,1.0,0.6,0.0,3,6.0659241381799625,20.393550697207136
8,2,0.717051897578968,0.736130893193953,0.3495633402712035,0.10113136248544365,0.4576289779546281,0.090324341112374,7.594025691915e-05,9.588245432058e-05,1.0,0.6,0.0,5,5.606133481469816,8.831284416139324
8,3,0.7168155184264986,0.7535402915285282,0.37351611811201113,0.10715957874904534,0.09276139760349707,0.09061728044091825,7.963263718494e-05,0.00010054446754692,1.0,0.6,0.0,7,5.63392828979604,8.462613451154546
8,4,0.6714983602378544,0.7108451785675213,0.3363492351129536,0.08207317373960966,0.20016894656936413,0.05895689208898967,0.00606927332227475,0.012706422539026829,1.0,0.6,0.0,8,7.366194520542112,19.697216360671234
8,5,0.6713265655639988,0.7106899847452369,0.33623124634828444,0.08390689998206707,0.063470611687393,0.05892405198378227,0.00603013721837683,0.01284379048676339,1.0,0.6,0.0,9,7.387516265760794,19.723799777801613
8,6,0.6042136441109086,0.6513612515113303,0.30366902590682343,0.09493478215202916,0.740113930743459,0.07209791000346097,0.00324232450440366,0.0065897558743708605,1.0,0.6,0.0,10,6.649221458272118,8.772839491934684
8,7,0.6039875444734655,0.6687070003881008,0.3274707389275176,0.10272042639085219,0.07471527871401203,0.07209791000346095,0.00324232450440366,0.00658975587437087,1.0,0.6,0.0,13,6.639650345089632,8.85143638380986
8,8,0.6039208830950875,0.6862038707794306,0.3513663998977705,0.1214436508059079,0.07463751116032578,0.07209791000346095,0.00324232450440366,0.00658975587437087,1.0,0.6,0.0,14,6.62792856828965,8.974066791137005
8,9,0.6053129068895285,0.705200735163997,0.3770096510034122,0.12671545072267623,0.07756089600594189,0.07470729282045104,0.0024856694453445098,0.00444301480989295,1.0,0.6,0.0,19,6.990851766780521,8.416308999172799
8,10,0.5926523532316743,0.693437874663842,0.3754143952737322,0.14634427204852787,0.21786036634434278,0.05368829399685945,0.0627551073216954,0.00459204028743615,1.0,0.6,0.0,21,5.993106580219241,16.42548633215982
8,11,0.6078701431873446,0.691159505576553,0.3711985036484864,0.18216177920524398,0.2287484519895405,0.06884755916524958,0.08252955173796848,0.00629205639211395,1.0,0.6,0.0,22,5.866358409662515,10.25173106025244
8,12,0.5231957023078038,0.6415249041427377,0.3375425541736712,0.12575547365664522,0.0622331209326207,0.04144081855981724,0.00118941896978386,0.00025161348100818,1.0,0.6,0.0,26,5.8007217539085385,659.9544035315222
8,13,0.5121886350367855,0.6126787977767357,0.30683573445813644,0.12575307909104716,0.15515701794927622,0.042155405340808236,0.00109816343441454,0.00016409181858974,1.0,0.6,0.0,27,13.613024519008482,782.6502479110321
8,14,0.5099536242362973,0.6280026194062724,0.32861272030109284,0.12855208829511583,0.04277981859666343,0.03962629067179258,0.00193052508324045,0.00022094991305609,1.0,0.6,0.0,28,23.42671125177085,3686.016780947942
8,15,0.5117615889419119,0.6297970605438242,0.33049603396638444,0.1409128082225594,0.0449676297957483,0.042155405340808236,0.00109816343441454,0.00016409181858974,1.0,0.6,0.0,29,13.591408028396984,782.2504347743427
8,16,0.5588697865505309,0.6943506225028241,0.4026774470073341,0.18376667371184024,0.1035347990552606,0.062313384812783625,0.05134989678456324,0.00482156502336826,1.0,0.6,0.0,32,5.9508520719613225,12.172623348373383
8,17,0.5562281629757677,0.7092678665829704,0.42398168111447837,0.18642960596467625,0.0908045004019534,0.05189823024130315,0.0643573076684836,0.00601409079407337,1.0,0.6,0.0,33,5.724227365912787,16.834201742399088
8,18,0.49610379878007244,0.6656587070768112,0.3945159791238351,0.17086686798080475,0.2431723627217366,0.03499730351803695,0.02483899198381025,0.00010972038250584999,1.0,0.6,0.0,34,5.911149954186616,429.70998953517335
8,19,1.0545227613494328,1.2240856015533632,0.9529805001495392,0.7411002708675902,0.6095064419250696,0.047364186867020056,0.9351051370173945,0.00010474901200121999,1.0,0.6,0.0,35,8.89485129851483,9.31851041003133
8,20,0.489983909688724,0.6412971296078153,0.3674190379355559,0.2018460055039858,0.14224794541906624,0.03846118809037604,0.02378181321946449,0.00012665017041137,1.0,0.6,0.0,36,5.913767840633946,19.00343121657389
8,21,1.0617751833151265,1.2285429315629064,0.9696580585278913,0.7873341260624775,0.8596563652721438,0.0452219237431717,1.0,0.00237178951964422,1.0,0.6,0.0,37,4.986577647905519,7.835701063110167
8,22,1.0544693614049432,1.220182762083987,0.9648307081228179,0.7964086531728414,0.690166442632553,0.0462103883829883,1.0,0.00237573373224047,1.0,0.6,0.0,39,4.989507210787686,7.837055083290772
8,23,1.0540498468980097,1.219691199058171,0.9645676208733998,0.8022243142310692,0.6491658509206645,0.04632331141540874,1.0,0.00237761230554784,1.0,0.6,0.0,41,4.990309598948365,8.002904346271823
8,24,0.989990058709173,1.1687297688670206,0.9320935063908364,0.7727121185353588,0.7605645506607366,0.049359621178474575,0.9341573076308108,0.00237295383873953,1.0,0.6,0.0,43,9.113167303720708,8.632218362362542
8,25,0.9838510118409693,1.1976894317018694,0.9738530948358236,0.7933233461537921,0.6041354128066375,0.04894540388358556,0.9248006978940264,0.00237292604063953,1.0,0.6,0.0,47,9.497553091875451,8.50153442254288
8,26,0.9643390735477768,1.1773484354340709,0.9554544342829178,0.8019275097280385,0.6047493154155736,0.0494029604825397,0.898703121643847,0.0023722735061109503,1.0,0.6,0.0,50,4.852284777619284,8.366051574054081
8,27,0.9770221901530058,1.1890440562546885,0.9693578243407193,0.8101057119285138,0.6610222582828391,0.04331799578018928,0.9380741400152605,0.0160594703949273,1.0,0.6,0.0,51,8.473924474201363,8.736002592110413
8,28,1.015250437841688,1.2100280381194612,0.9832677781382793,0.8408804277085892,0.6735502614471183,0.04285666846551872,1.0,0.00287085714201059,1.0,0.6,0.0,52,5.140907309696692,9.109971083095552
8,29,0.9732190385626245,1.184353613709387,0.9665841986042607,0.8102062703184874,0.624941978993214,0.043596189293255774,0.9382472211476449,0.01605895466960865,1.0,0.6,0.0,53,9.766994974493862,8.929948168836619
8,30,1.008690243038478,1.2369879849795806,1.0264424353350177,0.8814553667085933,0.6510133046885432,0.04386524644337986,1.0,0.0030199936377303003,1.0,0.6,0.0,59,5.71499155040159,6.289430420386058
8,31,0.4534400112397124,0.6777457705569756,0.4750454568454249,0.3974608821227848,0.11614643927404585,0.048774992550820365,0.0943470392658973,0.10140968822171734,1.0,0.6,0.0,75,15.489807913748724,16739.767209354046
8,32,0.4667530809271395,0.7253681636299492,0.5368863816389676,0.440392548663481,0.13999881277518822,0.06561476980054629,0.09359486023275591,0.10122339815898744,1.0,0.6,0.0,77,13.964390780110003,16466.883775981893
8,33,0.6151408314370258,0.8515981433635648,0.6646230976304686,0.6229236086823643,0.35193040582206403,0.2578257850976748,0.047653938159992894,1.0,1.0,0.6,0.0,80,10.440320520346038,292.72318506643285
8,34,0.6108304029939511,0.876146066369708,0.7118759174254372,0.6605973117506581,0.3522225921658781,0.2684886367485842,0.05616810788507627,1.0,1.0,0.6,0.0,85,8.527860999741689,273.62376306684274
8,35,0.5961792110705351,0.8733079828906121,0.723121104641306,0.6700816591604277,0.3966844509553114,0.2684886367485842,0.05616810788507627,1.0,1.0,0.6,0.0,87,8.672338268332544,277.68775830508224
8,36,0.836193508502069,1.1092234528364526,0.9644046186106953,0.923482334450607,0.6191025593862198,0.5111339913521468,0.06862644424997397,1.0,1.0,0.6,0.0,89,10.89098179864935,543.6863070240095
8,37,0.6207011832420515,0.8927347232087475,0.7491814311194723,0.7134363152054015,0.37066141375289335,0.29309177441688944,0.07679735043181093,1.0,1.0,0.6,0.0,90,8.123447941298355,263.3068490880488
8,38,0.6875141520100353,0.9592984586752172,0.8160597098010199,0.7840666410928728,0.4143911647379173,0.3604945564957459,0.07678600626761083,1.0,1.0,0.6,0.0,91,8.70504775411138,262.72096519589326
8,39,0.8396581259522151,1.1111788086151826,0.9682844335789469,0.9400917615226441,0.5680634488793395,0.5176677876379224,0.06948334454470444,1.0,1.0,0.6,0.0,92,11.216053787643592,549.9358567818246
8,40,1.1483461873973801,1.378088467329329,1.2305144014796925,1.2747013281496553,0.916191281944344,0.862136895311172,0.034342988552399936,1.0,1.0,0.6,0.0,98,12.063927761138295,3257.520619520956
8,41,0.5998309531656071,0.856817218713969,0.7309283394022179,0.7532723454305603,0.5723382095743219,0.3244378010531014,0.042597642689457524,1.0,1.0,0.6,0.0,99,14.206193391356114,250.62085506301256
8,42,1.062844370073096,1.275539827329756,1.1466335640733314,1.2219843616428416,1.0717795873284868,0.7894843552846872,0.06684790664437645,1.0,1.0,0.6,0.0,100,20.345630964612884,3264.3536533698466
8,43,0.5960855600722847,0.8297502743151525,0.7277117995631041,0.7988239575297846,0.7406311445249928,0.325861105883668,0.10030277443134208,1.0,1.0,0.6,0.0,101,8.429810194343426,266.3708543525891
8,44,0.36426556172061786,0.6303375063105424,0.543400014733637,0.5494025524108553,0.18538105923059423,0.09824625044677712,0.09914162963838198,0.04216116587851189,1.0,0.6,0.0,103,19.285185313064503,104.47962607912146
8,45,0.5908592996678524,0.8490874521540517,0.7693096156353756,0.8324283784682469,0.484482011120667,0.3366392568685749,0.09798017871286714,1.0,1.0,0.6,0.0,105,18.950672066634365,276.21435358936145
8,46,0.5944731171138128,0.869324772292538,0.7967595262572823,0.8450158060124243,0.4107428988234032,0.3326517617689507,0.11278210951836772,1.0,1.0,0.6,0.0,107,17.750516395886102,271.0108860877151
8,47,0.580024824095161,0.8332392961901726,0.7579040185211315,0.8508757678205688,0.4810385242680406,0.3339235316359959,0.0956858950169838,1.0,1.0,0.6,0.0,108,10.732385388189105,277.6048112461012
8,48,0.5826204226155952,0.8322068346716073,0.7600260134443194,0.8477881805452185,0.4771508544559223,0.33098678836493073,0.1127718981241638,1.0,1.0,0.6,0.0,109,19.591135041210872,269.79606891394644
8,49,0.5802705510510155,0.8288976707029826,0.7575473263689662,0.863123922265811,0.4016889709936692,0.33629943689899583,0.10206503172610537,1.0,1.0,0.6,0.0,114,10.050213232629904,278.2851202990965
8,50,0.5743894158397077,0.8170087233245673,0.7507587594398731,0.8573566480038767,0.5260606538438216,0.34312479342222246,0.09336903411774525,1.0,1.0,0.6,0.0,115,9.79514717565661,270.46505963569297
8,51,0.5944334335631036,0.8535449848363451,0.7946216359982231,0.9151663309527064,0.42893218863248067,0.34574110420140286,0.12483281588600736,1.0,1.0,0.6,0.0,118,11.734771618323496,284.6831493467438
8,52,0.5817432248418012,0.8387739124061028,0.7815421311810241,0.9079306209138527,0.45161560988020494,0.3361943613478356,0.12358610826478991,1.0,1.0,0.6,0.0,119,12.445008172818264,283.3370262045617
8,53,0.5787346037032366,0.8461108457579417,0.8011405761619714,0.9375649319984221,0.46441358235620184,0.34152075757241984,0.12363233678734968,1.0,1.0,0.6,0.0,122,11.429892451670003,289.0733373314074
8,54,0.5718547096043305,0.8390948103145512,0.7942314484758367,0.9375045522875541,0.40983191013047077,0.33250357215548026,0.12743917161139262,1.0,1.0,0.6,0.0,125,14.974481983247143,285.9368597126802
8,55,0.5698402347674427,0.8808000760989387,0.8621888568706308,0.9675491635132518,0.5941733985615153,0.3474561134376376,0.11566059647286235,1.0,1.0,0.6,0.0,126,21.50360676011212,285.14084812168124
8,56,0.5540456123906788,0.8177832416818174,0.8150707847830427,0.9987864404587803,0.4807225467113579,0.357931109677046,0.1206758447292871,1.0,1.0,0.6,0.0,137,13.297981061410884,301.78671435480777
8,57,0.5530877351696443,0.8342911681956997,0.8380216258899829,1.0133565782200538,0.43115788861244764,0.3578928319512803,0.11928610853188557,1.0,1.0,0.6,0.0,138,13.103151542430766,301.16923221726654
8,58,0.5463387917163932,0.8075634942360636,0.8066590234281203,0.9421670502767673,0.4683079033938319,0.35140780534536403,0.12248917761235725,1.0,1.0,0.6,0.0,139,13.730092919009367,304.8883651391249
8,59,0.535399623945396,0.7964279833788118,0.8143711062196873,0.9904069170534329,0.7382665577082169,0.35931548190513307,0.1164929922756129,1.0,1.0,0.6,0.0,140,13.190403860787768,302.9303882799918
8,60,0.5226217297040097,0.7651287498607583,0.7955884008895139,0.9972617733613564,0.5868224460593348,0.35612009202696776,0.1248554770415228,1.0,1.0,0.6,0.0,142,12.749499709267456,301.06555071056346
8,61,0.5208674311566446,0.761174624024085,0.7930909240454039,0.9900784078809615,0.4381815305424214,0.3562331859917005,0.12450122804759427,1.0,1.0,0.6,0.0,147,12.67666722151337,300.96429155944656
8,62,0.5205334011875327,0.7602990061954237,0.7925729326135035,0.9900966765618301,0.4354551957732779,0.3561362083792609,0.12478080283327327,1.0,1.0,0.6,0.0,149,12.661502446775618,300.9026909734369
8,63,0.517466214954544,0.8073572379880227,0.8604386568124701,1.069842723539109,0.43579621226191845,0.3585794531078346,0.1187597960324928,1.0,1.0,0.6,0.0,156,13.200392914925184,307.58012581151
8,64,0.5327817724604829,0.8206598779873716,0.8750614104321747,1.0899627824251337,0.4575808866554764,0.36419860545396576,0.1373880742335463,1.0,1.0,0.6,0.0,159,13.76396347595915,303.17688129719147
8,65,0.5236330197556363,0.8058972330173872,0.8639555959321601,1.105444074969479,0.46429902953894386,0.3603778864846878,0.13527919749710787,1.0,1.0,0.6,0.0,163,13.793425004758904,307.40553112729003
8,66,0.5196167070087973,0.8000422711861485,0.8592904027228744,1.1166323976510375,0.46846688834235656,0.3618528548936429,0.12830992190786522,1.0,1.0,0.6,0.0,164,13.588236713545916,308.64464987861777
8,67,0.5256483194738121,0.8056521190534495,0.8651727462974628,1.0912669748772872,0.45189227805480375,0.3650207486899224,0.13358158293545014,1.0,1.0,0.6,0.0,165,13.528801269257904,299.55746259636726
8,68,0.49938101590667433,0.7603733532626059,0.8144546041162829,1.1258483591820492,0.42325207473408827,0.3594610155914978,0.10077685201246649,1.0,1.0,0.6,0.0,172,12.76728674421102,293.67879677008943
8,69,0.4972838649087944,0.7579449246221981,0.8122396890577652,1.1239527343554354,0.42064961679297086,0.3589162609627069,0.09857833217979553,1.0,1.0,0.6,0.0,174,12.694675536222949,289.9547619983743
9,0,0.9982727641178265,0.9036935277120417,0.41965380180587625,0.015663182222745042,0.0,0.0,0.0,0.0,1.0,0.6,0.0,1,6.276936950669986,27.370255423415863
9,1,0.8561550491661862,0.8418489628785225,0.4123774059565772,0.09341810361319307,0.7615117524002094,0.08250068006367275,9.006953919413e-05,0.00018024292698398,1.0,0.6,0.0,3,4.2619491730941865,22.65747124084533
9,2,0.7827199885210145,0.7903062409224936,0.38524297082154607,0.1090779373853135,0.39929556240815556,0.095557369347382,7.345497453567e-05,0.00015370992328053002,1.0,0.6,0.0,5,3.387486270700744,9.727156019251256
9,3,0.780510508199804,0.8063288346447419,0.4085599004319442,0.11559639322494934,0.10793761054738484,0.09644488640206268,8.710194874749e-05,0.00018424418834927,1.0,0.6,0.0,7,3.494190884781524,8.1704006318771
9,4,0.7805105149425893,0.8238889402797523,0.4324950523135523,0.12068815716607083,0.09649750581768356,0.09644488640206268,8.710194874749e-05,0.00018424418834927,1.0,0.6,0.0,9,3.494192733970034,8.170403164922881
9,5,0.7126006671125488,0.7489024708844131,0.3680516118752351,0.10757273647557479,0.5048430107886172,0.08106188717606697,0.00462973580868178,0.006579558979038699,1.0,0.6,0.0,10,4.243997824227288,10.470468807303211
9,6,0.7159394875342853,0.7525035044108557,0.37216359340122074,0.11481111220357113,0.09514865121103691,0.0816766930727351,0.0118602072793019,0.01113284852713114,1.0,0.6,0.0,12,4.432849976646548,12.22082493971817
9,7,0.7049419139709887,0.7426141322663431,0.3645016312758725,0.11420603529029912,0.14023138828378395,0.07865459305872802,0.01023854532796171,0.01687877501333463,1.0,0.6,0.0,13,4.285248758352401,9.16115421544006
9,8,0.6991900942306337,0.7384979100846489,0.3639152149124739,0.1241978094522622,0.17785601313765936,0.08493626819083668,0.00847637603879458,0.00959359111223085,1.0,0.6,0.0,14,3.4965425517842283,9.959287121857397
9,9,0.6848801572932923,0.7093029682365519,0.3349548110166509,0.12784793671468395,0.26035600294055594,0.09159631810951084,0.00713473881367154,0.01042060194933368,1.0,0.6,0.0,15,2.6978692717228983,8.427147759024512
9,10,0.6798630173596093,0.7224210548252531,0.3558344295081042,0.14444240075463816,0.13024778371291704,0.06243149239130606,0.054454389705536024,0.00424141557366357,1.0,0.6,0.0,16,8.06750953471637,13.574275667619764
9,11,0.6467221964951293,0.6745250588239308,0.3112654665065352,0.12874872833396592,0.331229141055161,0.08950027826019354,0.0015695574474328799,0.00397847631853174,1.0,0.6,0.0,17,3.518983160874209,11.70939361772738
9,12,0.6250228965962423,0.6719612059607201,0.32289709518248744,0.14347134990508667,0.18831976578086798,0.09011855967925674,0.0014909462924066299,0.00420473650529669,1.0,0.6,0.0,19,3.5963501862106875,12.184859106339042
9,13,0.6250958538041699,0.6726353816074168,0.3279729322452827,0.1531973324026804,0.15810217010625283,0.07044484172037449,0.054816339643223924,0.00449497672322749,1.0,0.6,0.0,21,6.552229615804999,12.867722559872476
9,14,0.6212280969809023,0.6865943840100827,0.35097542804712206,0.16305760389812884,0.1400005502172574,0.07383605654557397,0.05493200197109177,0.00466597198969349,1.0,0.6,0.0,23,6.310788441606965,11.955158868249155
9,15,0.620258393324827,0.7032011945982166,0.3741438069165937,0.17146650797109741,0.10866112874045813,0.07339530120968549,0.05490125633235003,0.004474363397578051,1.0,0.6,0.0,25,6.292335880398654,11.586673413132845
9,16,0.6108302031248982,0.6588930373995366,0.32079576995907805,0.16754366361622078,0.1992799085084444,0.07390576268736183,0.05509980986743461,0.00560623592398931,1.0,0.6,0.0,26,6.667271367209215,13.960143494605854
9,17,0.589963716166568,0.6556306312221839,0.3249796290452412,0.15395537323839822,0.11563333744363834,0.08783765754060271,0.00190013239438526,0.0047570447991501395,1.0,0.6,0.0,27,3.466631918109223,11.193222626959054
9,18,0.580905069257116,0.64657152921233,0.3232546068023654,0.16822763300858062,0.28192884067154034,0.06532004113323307,0.05667697796539446,0.010057069889067061,1.0,0.6,0.0,28,7.235608166656857,14.189076678470144
9,19,0.5708990803629328,0.6540256243659228,0.33922471875384846,0.17592248469157168,0.10821472124444663,0.060732662254482386,0.05692256698124296,0.00932639500740698,1.0,0.6,0.0,32,7.049395197083905,12.265067380792182
9,20,0.568308711355109,0.6513153317040989,0.3381806335031646,0.1799454648322616,0.13796504739517135,0.06274669346697838,0.05639711147578737,0.00902250868522441,1.0,0.6,0.0,33,6.867134030865861,12.628521336473586
9,21,0.5575320638755252,0.6224146772781842,0.30842666532761936,0.172382307322492,0.23722586257439626,0.06591187360949212,0.05657316405254594,0.01113716723055935,1.0,0.6,0.0,34,7.417526395522875,13.416812783508275
9,22,0.5174526715413295,0.6320296078184323,0.35303134776081635,0.22014139857739812,0.1554917496848065,0.08702468955238393,0.01958000519504548,0.00405195734550442,1.0,0.6,0.0,41,9.943042804052688,13.27795361543936
9,23,0.5048065261140786,0.6351066990829657,0.3679565089334398,0.2333024633945172,0.16579853266537561,0.08702468955238392,0.01958000519504548,0.00405195734550442,1.0,0.6,0.0,43,7.765238023598876,10.71870606468557
9,24,0.5293566829942379,0.6590834324741193,0.3936418043347008,0.26230281840545455,0.16968279714728648,0.11160471009528501,0.02611005981408974,0.00624563747023735,1.0,0.6,0.0,44,8.83858302908418,10.980263502488476
9,25,0.5499095326360728,0.6986220544266698,0.4381288571721045,0.2852742253597798,0.4628373724158179,0.08183582691473527,0.10606435478990006,0.040757903076421034,1.0,0.6,0.0,48,9.62499461037714,13.318728127864397
9,26,0.48530436727162246,0.6376575174566962,0.41253733303122614,0.2908753316293321,0.4229845248346002,0.07544787477504722,0.11372892453892329,0.04032234122291409,1.0,0.6,0.0,50,14.599480449011317,11.493555331655196
9,27,0.4790830913938412,0.6648105281722556,0.45548205217950893,0.31147570184788415,0.17353368566699864,0.07649118719377829,0.11212656337011376,0.03722809454522511,1.0,0.6,0.0,54,14.920330557111887,12.24676740282044
9,28,0.4898008942655394,0.6937200581034805,0.4896798617916656,0.3442883575158962,0.16093906059805396,0.07995907370496036,0.12047024640210136,0.04030063669185932,1.0,0.6,0.0,57,16.713349230135915,11.859334146267155
9,29,0.4663292691055095,0.6469208544619519,0.4460912778306582,0.3240013347804363,0.46856917197245085,0.08132751915131096,0.11173329247135341,0.038963735635166856,1.0,0.6,0.0,58,14.847634506351016,12.089106017518963
9,30,0.490650666466229,0.6592917113174738,0.442833441395601,0.3709490997884014,0.16009948632592375,0.08198459972652304,0.11971046204784123,0.06980165931228437,1.0,0.6,0.0,65,7.619488347950373,11.834505179011916
9,31,0.48267233524926106,0.6678927662604801,0.4594532340287329,0.3672264838861163,0.15490696229480877,0.0823425951397682,0.1114322226433089,0.06628896511015143,1.0,0.6,0.0,67,7.181118108764407,11.631100128503144
9,32,0.47009865011771756,0.6318014904867024,0.42637419041079694,0.3796261482024863,0.24656001354538476,0.08369782092018321,0.11968945099238475,0.0696281688364389,1.0,0.6,0.0,68,6.844831518841015,14.265805598232316
9,33,0.4736303199070006,0.654083875505737,0.4532470728267452,0.3957626439658705,0.20822410045327377,0.0836978209201833,0.11968945099238495,0.0696281688364392,1.0,0.6,0.0,70,7.367259642782777,15.467995844987884
9,34,0.4315818851003834,0.6234433319919401,0.43793845698913203,0.35247126803942974,0.41237626683460593,0.050796029652657795,0.13369507218429236,0.1404810522371635,1.0,0.6,0.0,71,17.9215138399503,13.546376381658252
9,35,0.43174611975881455,0.6412036054898109,0.4620244980195562,0.3684982261048345,0.1317356254844048,0.05086607385302835,0.13369535531397042,0.14047881029183157,1.0,0.6,0.0,74,17.92997094068712,13.523628762343494
9,36,0.4527112575323806,0.6214184451683058,0.4370265549466885,0.4321070954228181,0.1953656880344009,0.09554536423964935,0.11802921729126396,0.06770687422697563,1.0,0.6,0.0,77,7.684880367605051,13.153931994616832
9,37,0.434921418044142,0.6180158735802258,0.44401882870410964,0.4271206212270881,0.16593278608092282,0.08468313620756399,0.11892467209559121,0.070427494913372,1.0,0.6,0.0,80,7.094250355236218,14.31761314815482
9,38,0.4411724093686513,0.6264183873374691,0.44973007224998685,0.4482975085375239,0.20852090782470306,0.08657999394770152,0.11789787321314767,0.06851456057745367,1.0,0.6,0.0,82,7.577783286563999,13.324245161697023
9,39,0.4483340100982937,0.6705318619910422,0.5042241724348381,0.4558286158192259,0.18428402985653064,0.08514111718200244,0.12483577465086515,0.07202714374078348,1.0,0.6,0.0,84,8.769649658013169,11.995313245906488
9,40,0.45324148748294113,0.6773439511735627,0.5085052814276386,0.46367791989187124,0.21111118480273933,0.09149831568564876,0.11443085102040125,0.05898294145925691,1.0,0.6,0.0,85,10.179825590417302,12.972667898492652
9,41,0.397318517251469,0.6232908931080713,0.48007747168208015,0.4505867825462661,0.23053468193487225,0.07054631262550742,0.11489693630632405,0.050605670598163566,1.0,0.6,0.0,87,10.661014494485936,12.863994224848469
9,42,0.43493070205856427,0.6654227824618764,0.5169833636379759,0.4863202570035137,0.18314182201818707,0.09619600972464279,0.11931854630103107,0.07885759868139328,1.0,0.6,0.0,91,7.222444646546362,14.605251202287125
9,43,0.4290917065672524,0.6761040302855306,0.5353375233069206,0.4780074229629656,0.26204771417304684,0.09211823088302752,0.12037474652620728,0.07560845466691744,1.0,0.6,0.0,92,7.910389237353385,11.21918007352079
9,44,0.3834234288822605,0.6566249139445914,0.5388345607802666,0.4780974968180499,0.16089449889322227,0.05706656297316261,0.13289686877787749,0.1419261816916207,1.0,0.6,0.0,100,18.60965500338263,11.957110950869016
9,45,0.41132645888082375,0.6140291658862292,0.47097449858086937,0.4421886243620291,0.30890870871684434,0.09020929424341032,0.12477217792123466,0.08121052836977036,1.0,0.6,0.0,101,8.227350831887552,12.26767512683221
9,46,0.387799154041811,0.6473813171445902,0.5435158486582136,0.5146870216174575,0.6170758026012343,0.08925966970504547,0.12525024719020011,0.08651544262526616,1.0,0.6,0.0,102,8.135318799422889,11.251577897026138
10,0,0.8014453641146555,0.7788867167404055,0.34201122896480834,0.008739771195261778,0.0,0.0,0.0,0.0,1.0,0.6,0.0,1,14.19253195084043,26.261949683811554
10,1,0.6907130973761239,0.7118335496893824,0.32948434209436206,0.08118138815500543,0.7556718666992411,0.07718506455087315,8.354232737195e-05,0.00011997459404365,1.0,0.6,0.0,3,10.5989626524054,21.42141471209215
10,2,0.6322139827069522,0.6605270256162414,0.2994695325784512,0.08928804343570464,0.34718999195404443,0.08222913178679164,7.022701153859e-05,9.677682409792e-05,1.0,0.6,0.0,5,8.76667220656738,8.868644024837366
10,3,0.6096668112991701,0.6392897842832863,0.2854684535595264,0.09379052934522483,0.14020568101833394,0.08015462234795413,4.648921062253e-05,4.841029827748e-05,1.0,0.6,0.0,8,10.86927246402758,9.64419124699149
10,4,0.5840498908870155,0.614443922033734,0.26794783431823455,0.10016093595172035,0.16588909489655684,0.07465138099849725,0.00011592378984992999,0.0001291098558202,1.0,0.6,0.0,10,9.521319853990889,3.7802740414900367
10,5,0.5654483053337467,0.6302831941515395,0.31665665451924696,0.1326022101418887,0.35899268557150904,0.0892732591703408,0.03234599462946608,0.02507946709947915,1.0,0.6,0.0,12,7.411465816604806,8.064149170015698
10,6,0.5330022091242229,0.6148613812194602,0.311219307929545,0.11461294459419719,0.13016054712999692,0.08326717911076562,0.00330582569555631,0.00400121045862601,1.0,0.6,0.0,14,9.225471633571136,9.76796445623812
10,7,0.5356512828331295,0.6348066205122453,0.33907507869391484,0.12945506142536928,0.11081081369000366,0.08969742227312082,0.0033367569284760597,0.0047888587783105905,1.0,0.6,0.0,16,9.581358931372137,10.749055150141777
10,8,0.5254494977742689,0.6067437238869643,0.3062431172673944,0.12944323757904685,0.10542100130317601,0.08351865678699792,0.0032118591552465795,0.002280622791322,1.0,0.6,0.0,18,9.880296496791113,7.16254132868095
10,9,0.5159991828885553,0.6311720646754874,0.34905775277032963,0.1446389302486136,0.1364256004576494,0.08816616437594893,0.00250580749812147,0.0023181963863634298,1.0,0.6,0.0,21,9.155261795607275,8.395268871670682
10,10,0.5060458186292788,0.621007622475543,0.33973761505958194,0.14090220022901742,0.102745600888113,0.0803769996104231,0.00227056729534904,0.0030467922859869,1.0,0.6,0.0,22,11.171240643309122,10.217182234465271
10,11,0.49505419313962207,0.6078508021714535,0.3341400299521394,0.16448143431520634,0.13563024014398295,0.08564155549438573,0.00490655505043059,0.00767931833734261,1.0,0.6,0.0,26,12.03597525709482,12.990783299091662
10,12,0.4857035263319006,0.613877111517996,0.3527981600047815,0.17938712946687904,0.17142753531179342,0.08764941435003752,0.00993243639755797,0.015532157352439499,1.0,0.6,0.0,28,13.323444916479568,16.5450561736305
10,13,0.46993025135380134,0.5948457274580075,0.3417375247431464,0.18792347858183514,0.16178499990038148,0.08966778440543584,0.010003574646672,0.01576377484295517,1.0,0.6,0.0,31,13.1157199231393,17.021867354053757
10,14,0.469404453174795,0.6117740165481055,0.36527946075913076,0.19892713293271774,0.09863978274288417,0.08966778440543584,0.010003574646672,0.01576377484295517,1.0,0.6,0.0,33,13.114786551643911,16.813033224584274
10,15,0.46131150056318726,0.6026432237480664,0.3584386535548867,0.19785962635752474,0.1210965696007463,0.08662253987571363,0.0099607701218793,0.01569538309588314,1.0,0.6,0.0,35,12.446144313085671,15.479571669218124
10,16,0.4199584883737707,0.5665221784996028,0.3510365069066458,0.2251874162952589,0.28344488237332255,0.0852076873696135,0.0213954335080822,0.02727856405921216,1.0,0.6,0.0,38,11.63650829665015,11.847434993821963
10,17,0.4175591762141578,0.5983721827690799,0.39696482030712016,0.25086670514954856,0.1037680066006028,0.08451954152736973,0.02295063639289226,0.03244986088239304,1.0,0.6,0.0,44,12.409723282617012,11.929825982769165
10,18,0.41975935173264567,0.6517027100034121,0.4717748508555114,0.29262879951641946,0.11493667868664789,0.08317326415522194,0.03666325425544788,0.04805618405889855,1.0,0.6,0.0,50,12.820104413218198,13.707965567477526
10,19,0.41207983965203077,0.608859410384361,0.41630048446073836,0.3007432061512319,0.09889970332346466,0.07677636558732549,0.034977218858087626,0.04794591791194764,1.0,0.6,0.0,53,11.690674531329725,12.925485042623116
10,20,0.37600408961014886,0.582352300848506,0.40740925652720417,0.27818198224738466,0.36315916151376293,0.06697863195221214,0.02743856186674623,0.01308154919260065,1.0,0.6,0.0,54,12.354768768990596,13.584215091611831
10,21,0.360874545421137,0.5590520289385758,0.394479283470707,0.29020262810149156,0.21646483159309005,0.07016081269581748,0.02903772776063478,0.01284115813431962,1.0,0.6,0.0,56,12.933892495847754,13.39500499338398
10,22,0.36471524403102107,0.5593251788647838,0.3990143823225531,0.3137835269684215,0.20502625357088847,0.07830679332393385,0.03471319807219287,0.06022638227255962,1.0,0.6,0.0,57,13.316083134534376,15.710331009073212
10,23,0.3351186855709776,0.5386570892877908,0.39450376109870816,0.29676354714287384,0.16814340451835683,0.06787417925844441,0.03153188600939988,0.01932296382793771,1.0,0.6,0.0,60,14.18094420550114,15.994248414809014
10,24,0.3167465256380425,0.5264922484891366,0.4005930424995398,0.3059013204070093,0.23620802098523014,0.0697867046236811,0.031193790941287658,0.020090099313086248,1.0,0.6,0.0,62,13.171048855850504,15.675065888394574
10,25,0.30626004525675793,0.525424736793813,0.41409366071410614,0.3298273830373747,0.16049272052901242,0.07197142743413354,0.032641747893596966,0.020153165629494922,1.0,0.6,0.0,65,13.55780456184934,15.046514652815649
10,26,0.27960498725174787,0.5210603175763374,0.43420101877626,0.33550865880835845,0.12430851671370821,0.0606574802502442,0.03738899337591264,0.020767768391332993,1.0,0.6,0.0,72,12.670480557098374,17.43131435333018
10,27,0.2787297865885112,0.5375911117484353,0.45724495065728155,0.3443238075289112,0.08414529680182949,0.06059573217674428,0.036385518181555845,0.02021038669845556,1.0,0.6,0.0,74,12.744701550024988,16.77420407589038
10,28,0.28557660208814334,0.438508827513497,0.32042903269266326,0.2675668917759934,0.096523887540226,0.07068663262933751,0.032307020969088614,0.019105965788036892,1.0,0.6,0.0,76,12.632584230940664,23.22153961426848
10,29,0.2841071200305054,0.4535143366153567,0.3427749895955778,0.2736140395512484,0.11400906525574617,0.07068663271896748,0.0323070210416601,0.0191059657710506,1.0,0.6,0.0,77,12.677221662766248,22.81296311097728
10,30,0.2683753823991867,0.44155148839256614,0.3491607957404777,0.29837169619216086,0.19177564962897814,0.07282131609874397,0.03235286601107587,0.01912332468163519,1.0,0.6,0.0,80,12.954310850066918,20.23846649660226
10,31,0.26619353320305966,0.6292586102285938,0.6096970441734902,0.5325712802941596,0.09683233247249445,0.07860401155148058,0.02555571324373699,0.0113847898944864,1.0,0.6,0.0,103,15.436257338149025,12.431476681193663
10,32,0.26692690629806975,0.6078724282607929,0.5856925960845668,0.5615869086318299,0.13119900225405834,0.08080933237995619,0.03207137574725026,0.03893063059221174,1.0,0.6,0.0,106,11.93204989300769,16.39183327796425
10,33,0.2604526891520621,0.6158885943178977,0.602579561102031,0.5430844965560248,0.12816459157207402,0.07650728036801657,0.03434166942967818,0.031757731479360764,1.0,0.6,0.0,108,11.628201900135572,17.94861443242866
10,34,0.24324841150948046,0.5813921949106604,0.581674898049579,0.592106636691414,0.18313978756393262,0.07923086694498627,0.03225367347436024,0.05733696159717429,1.0,0.6,0.0,112,13.09075120275386,20.18358715812921
10,35,0.24786091926729825,0.6679294980546396,0.7045524165129952,0.6510079789738431,0.11721395704675856,0.07928001548990359,0.0497608579209109,0.06136262314137205,1.0,0.6,0.0,125,11.805546981363396,21.666548798847067
10,36,0.23300044353305896,0.6276932078413301,0.6637496016485926,0.6868614829714439,0.14009512018759618,0.07427754507081077,0.04592163999497122,0.08079598434603136,1.0,0.6,0.0,129,13.455231837485067,20.66920720356332
10,37,0.22248382330007302,0.6360780542014504,0.6966151115094047,0.6918331144858249,0.20282197115352577,0.07969239038449735,0.04407563934966306,0.056147213148141736,1.0,0.6,0.0,132,11.883186033263474,16.366660082293695
10,38,0.21125298225351408,0.6046891426495805,0.6607240103683488,0.7290843011266263,0.11065936479536442,0.0755573637565594,0.03617877437572499,0.04802268895283297,1.0,0.6,0.0,136,12.564448986895396,17.2983979059954
10,39,0.21138350447657608,0.5995397415866632,0.6592133499249838,0.7141156119486692,0.19651279103426525,0.0740488624121696,0.04615878414507108,0.08207763426481789,1.0,0.6,0.0,137,12.126525437949356,19.324518497206466
10,40,0.21329185349834348,0.5966415720124767,0.6596265415294535,0.7322269013818945,0.17263183056485087,0.0792297964888937,0.04729800527838389,0.07624239572651559,1.0,0.6,0.0,138,12.185894152542492,21.612300954179915
10,41,0.21616989413595528,0.6135497970296104,0.6853240622553809,0.7528838889883118,0.14491100877943758,0.07722217577123089,0.060205744076926304,0.05392541125881985,1.0,0.6,0.0,140,12.654638386295517,21.04737579338959
10,42,0.19807377047707883,0.5664561682958413,0.6396333247401356,0.733696845524775,0.2944153911431531,0.07497986097449236,0.04902328372080817,0.08244135824905552,1.0,0.6,0.0,141,12.508654020326116,20.23461022000159
10,43,0.19796922912753542,0.5825431100281012,0.6629550946603663,0.7892804201878353,0.10917655729877263,0.07591001830527117,0.04881052322269933,0.067771057117607,1.0,0.6,0.0,147,12.650271659123511,19.19640477468872
10,44,0.20341983554105295,0.7566231200726354,0.8872834448338714,0.9527995209586002,0.10531729648512703,0.06825600233639524,0.056871155259202874,0.10152392704594818,1.0,0.6,0.0,193,11.36236684143679,18.791274875223383
10,45,0.18685328490589026,0.7202955918813881,0.8641275108034748,0.9540059905421998,0.12202094883504179,0.06744759820976262,0.055764189787677054,0.08399114291147747,1.0,0.6,0.0,196,11.567078724726343,18.46068378699152
10,46,0.18903900001820012,0.7027664161898997,0.841630625157233,0.9682599276665854,0.12703656583307946,0.07078762104982597,0.056455109687731306,0.08257702897483113,1.0,0.6,0.0,198,11.71688255017232,18.04237364858109
11,0,0.7914037424651627,0.7718842173406044,0.3376549390130331,0.008351281748561892,0.0,0.0,0.0,0.0,1.0,0.6,0.0,1,14.866863322784152,24.629910480083563
11,1,0.6779103608393696,0.7009537895788233,0.3230434484575159,0.08139624049023682,0.77883923678438,0.07806719021973905,5.742346107939e-05,0.00010863640280899,1.0,0.6,0.0,3,11.791003310173934,10.770352465843596
11,2,0.6026889528045543,0.6324081551717688,0.27927796603856925,0.08098327724028703,0.3834551587951165,0.07508707630158873,7.090259159229e-05,9.793851651212e-05,1.0,0.6,0.0,5,9.85946144774655,8.335092283846832
11,3,0.6007134379149442,0.6309579754583735,0.2822122348606025,0.09505441532783823,0.13997975345939553,0.0852367884843025,7.49619075447e-05,0.00010065910042831,1.0,0.6,0.0,7,14.692554723626106,7.263164857198342
11,4,0.5944266148662865,0.6249749571244775,0.2814975736821411,0.10572574450380318,0.15866627664263797,0.09316054373778504,0.0001323853686241,0.00020929550323731,1.0,0.6,0.0,9,13.812514735222145,3.440619364340269
11,5,0.5733823609970852,0.603977196040183,0.265879547931518,0.1015705784654873,0.22032998743321872,0.08642028830414988,9.648962853379e-05,9.826598766088e-05,1.0,0.6,0.0,10,13.933022645263014,5.980227806130003
11,6,0.5436074162537554,0.5904240590917291,0.2735919073247705,0.11315805491154426,0.46534873318538483,0.08286657383363,0.01983615484962949,0.025828889136659428,1.0,0.6,0.0,11,11.150912487209071,7.320642919301317
11,7,0.5412901827709671,0.5865490707034808,0.2775844420364289,0.13471913175133587,0.2095905847468798,0.09988246039346285,0.01971747675282012,0.01883220798071676,1.0,0.6,0.0,13,15.079960158130293,6.281796848873202
11,8,0.538872721967359,0.5841654920832474,0.27549528973685483,0.13522286054643604,0.11849983987731763,0.09829799074657168,0.01968427315758637,0.01878293960186135,1.0,0.6,0.0,14,13.925040891852271,6.548071784247105
11,9,0.508786278809886,0.5494177129249089,0.2571097357233982,0.14302946517677434,0.5302608295991547,0.10885383056482142,0.016341444191392822,0.014023917431314032,1.0,0.6,0.0,15,15.287573001627408,6.84911278997615
11,10,0.49290436236807583,0.532084977891024,0.24298010102872747,0.13593975471264083,0.18748065131417496,0.10001061948929395,0.01631924111529736,0.013991928989670629,1.0,0.6,0.0,16,13.442651710000977,7.280156513423797
11,11,0.47156248832109005,0.5183209493910709,0.25536303888483847,0.157924650364635,0.6193199892615296,0.10753527313568297,0.03877248388484967,0.03310418590256321,1.0,0.6,0.0,17,15.025334375181185,8.689757219201134
11,12,0.4726695615827453,0.5368257409762487,0.2805276284540375,0.17078936679913892,0.13486046279375202,0.1072898596828471,0.04201264938503619,0.03585817666111727,1.0,0.6,0.0,20,15.126140541737168,8.817768925366158
11,13,0.4682799896970322,0.5492710342361704,0.3006087222677658,0.17213025200442852,0.16210162627503208,0.10745208619031484,0.03877880272736115,0.03313450140980202,1.0,0.6,0.0,21,14.972083764005394,7.850020018380798
11,14,0.438944728447581,0.5015295724502321,0.24794201436784422,0.14711167704472342,0.14048803386817652,0.0927060862917698,0.01944639928789408,0.015356402882634072,1.0,0.6,0.0,22,14.609330033809377,8.978174543688107
11,15,0.4606082407858572,0.5224459481730865,0.27010563936883064,0.1735644320433445,0.1440909545774596,0.11741244966278516,0.01863068351595672,0.012107573341182851,1.0,0.6,0.0,24,16.127327518277173,11.322065015095644
11,16,0.39307920425580317,0.4682118778629802,0.259165253737965,0.18972663257901146,0.31007930652808224,0.09140459609055472,0.04776268218258613,0.09889446740295238,1.0,0.6,0.0,28,14.577246929004223,9.035945834197948
11,17,0.38478667037281133,0.45380234183780865,0.2519688591186567,0.18334929437649386,0.2144891077145085,0.09459199279332238,0.0502467901984693,0.09442138324670621,1.0,0.6,0.0,30,14.525301601476963,6.697160146600339
11,18,0.35933691022469083,0.44121870607270774,0.25103470272903367,0.189574811222063,0.13480508012202594,0.07736858930396513,0.05197551429194923,0.1049160537804921,1.0,0.6,0.0,35,16.108941914205438,9.083989475094148
11,19,0.34515529379857834,0.4169698853832029,0.23747622504435778,0.19468585856574047,0.24562092077511608,0.0801544254461808,0.05406641503376798,0.10061791237798907,1.0,0.6,0.0,37,15.656795026719342,6.955459269299706
11,20,0.3499037950461399,0.4340259375121417,0.26628824797304956,0.2102820947350672,0.19398526446321224,0.08175974153986007,0.07428321820739472,0.16095972124301222,1.0,0.6,0.0,39,15.324188316494974,6.278472773379974
11,21,0.3426206538707772,0.43956545203695563,0.28274519769068696,0.2256411522254858,0.18217278305520296,0.08175974153986011,0.07428321820739472,0.16095972124301222,1.0,0.6,0.0,41,15.63540919645917,6.026555378210952
11,22,0.34452745785134514,0.4154017287831831,0.26022302611418435,0.2388615428774136,0.24067410408210008,0.0974129305228794,0.07254400834994898,0.0836987535751432,1.0,0.6,0.0,43,13.719377140783422,6.002511677907115
11,23,0.28409679501276397,0.3631270769369074,0.22279923918833433,0.2675838453025907,0.11271921505369574,0.07292183859480685,0.03435326475864085,0.027763849597575267,1.0,0.6,0.0,54,13.826418051051352,14.006099229573694
11,24,0.2836903129353086,0.3272930576619474,0.17448524984705632,0.20970283600616196,0.10022485051446638,0.07292183859480651,0.03435326475864089,0.027763849597575257,1.0,0.6,0.0,55,13.86256702077603,13.910714996898715
11,25,0.27174683727842625,0.36041225616789113,0.23332734494695612,0.27368293125036064,0.2556109567674344,0.07070461175581816,0.03454704848594404,0.02318933147868784,1.0,0.6,0.0,56,14.1235739879013,13.499947780008648
11,26,0.27177167269429764,0.32513287810314884,0.18545489352627964,0.21539090131033664,0.09558976431197211,0.07108876001773633,0.03433327051344798,0.022886680017896573,1.0,0.6,0.0,57,14.017196782765035,13.861882387367809
11,27,0.281630519535076,0.36478571762186085,0.24235545565369396,0.28689110139533847,0.22006406990004965,0.09094515735272464,0.02863148019156033,0.024985666178132172,1.0,0.6,0.0,58,15.587124268071369,7.805501251489236
11,28,0.2667001791541426,0.35521419829045864,0.24911053661436133,0.29372435693145327,0.2310705098659781,0.08998080806863377,0.028908900303971342,0.01779282848130842,1.0,0.6,0.0,60,15.272726784178028,8.51044421584781
11,29,0.2647465627140844,0.36840186375700035,0.27059790536639894,0.3032981054702045,0.13199968351120273,0.08991090102869895,0.03022743253587315,0.01859775855468031,1.0,0.6,0.0,62,15.430165897718323,8.577598096748464
11,30,0.26416404914058605,0.38472335196846186,0.2938136938493809,0.31880294353280375,0.11464657118391214,0.09005348988144113,0.030216359929076692,0.01861394670180949,1.0,0.6,0.0,64,15.632229923788096,8.404868525708057
11,31,0.25958035458063256,0.3349306986392575,0.23914920201824497,0.31452134524584613,0.311062635894064,0.09210715482585226,0.03708406597429202,0.02520403980427227,1.0,0.6,0.0,65,15.50623811362822,11.322821295151256
11,32,0.2552936845948237,0.34793004523090343,0.25871557868231654,0.3166826610069504,0.11458138869354054,0.08911588156997058,0.03531541210011372,0.02520725169785069,1.0,0.6,0.0,66,15.887031531158266,9.726503976504468
11,33,0.2548365941777269,0.34300391004646724,0.25718240169423373,0.32332758053298,0.19870855188290049,0.09210715482585226,0.03708406597429202,0.02520403980427227,1.0,0.6,0.0,67,15.90796303136364,10.44474041135028
11,34,0.24764867457062464,0.30731113252900627,0.2232644351833077,0.31927719545468314,0.32051493280084137,0.09545819050774525,0.03722104929141634,0.02534236486813829,1.0,0.6,0.0,68,15.195872052508744,10.278298403949703
11,35,0.23702400994260495,0.31171275717665214,0.23589393960667684,0.3201333559338886,0.13261830627696938,0.08675884466053002,0.03796150879906353,0.025579790996474998,1.0,0.6,0.0,70,16.215432688797005,14.09618070150164
11,36,0.22828056619562764,0.31508505662096015,0.24958281288407444,0.34088728020121695,0.13028315459379802,0.08406061120910338,0.03619655399352413,0.025719706239229267,1.0,0.6,0.0,74,14.87036184114569,11.263905707042577
11,37,0.22942268920099682,0.3101649023010209,0.24899045910934559,0.3499196320966806,0.22004077117515733,0.08953160229250487,0.03796510791281057,0.02572730771125849,1.0,0.6,0.0,75,15.13364691340306,11.635676768572305
11,38,0.22544094139064763,0.3215248068013912,0.26829369465594827,0.36048493881212634,0.12975802838890418,0.08746622569161164,0.03799075833235196,0.025716241393887042,1.0,0.6,0.0,77,14.822791038424509,13.89840788617227
11,39,0.20932634850720175,0.36302915755610854,0.3440733466698359,0.4413271413468586,0.1193171536021646,0.07129414624548144,0.05575422353030973,0.03871852914506256,1.0,0.6,0.0,92,18.148240396816544,15.304268090093426
11,40,0.2169280399212781,0.36831495862866254,0.35094327686483817,0.45706483904586004,0.13393601463677063,0.08087989835755666,0.055575222206482075,0.03848549643313544,1.0,0.6,0.0,94,19.11966659963237,15.567779346145947
11,41,0.1936540836003193,0.3140223346346436,0.29933988224061464,0.4377175444450041,0.3271341865277015,0.06848582251529489,0.05498690045065446,0.041067830473758546,1.0,0.6,0.0,95,18.20855047417622,15.687469324090683
11,42,0.19127050906205492,0.3242198491030228,0.3192052927922935,0.44292356991541315,0.14379213964777535,0.06982307679081907,0.0550107215709729,0.03824255936657728,1.0,0.6,0.0,97,17.989332199957353,15.144605426250486
11,43,0.19909886166351437,0.34414613573686653,0.3490835192983714,0.5006044473960855,0.12454496741043285,0.08067465520211775,0.05664371022691288,0.04095442630449101,1.0,0.6,0.0,106,19.428992795101664,15.579644920886066
11,44,0.2016862717298463,0.3624045919484605,0.37494623064662236,0.5154135729266706,0.13389909356678725,0.08423400507592671,0.05729726431860099,0.03426462747659311,1.0,0.6,0.0,108,18.97758050613932,15.015183229055294
11,45,0.1949512667899086,0.35502987347688036,0.367986876856816,0.5123572937317098,0.1226877593317187,0.07823484017754408,0.05683697873630903,0.03749380913435431,1.0,0.6,0.0,109,19.47685444915775,16.06847885791115
11,46,0.18795204606371324,0.36078754749446823,0.3832237391748167,0.5160516314625937,0.1860057366709597,0.07398348601539087,0.05794254784702624,0.04301132226160501,1.0,0.6,0.0,110,18.9335142819322,15.54679250009688
11,47,0.1723291716973348,0.3379232289741203,0.36499224853566686,0.5124254448340345,0.12713947066782053,0.05485139735949242,0.07215482956566721,0.07998887567578339,1.0,0.6,0.0,114,16.641751752643135,12.978386961253165
11,48,0.18508152554102444,0.34869464238858466,0.37702208728071784,0.5373011716841126,0.1429684038000592,0.0667826924700986,0.07577174713752488,0.09081312562487698,1.0,0.6,0.0,115,17.067362084728153,14.418013167083602
11,49,0.17275744938419776,0.31382597246473126,0.3389637587868133,0.5226039754420132,0.1437161540730631,0.06022665130651663,0.07189883472865596,0.07801765978009265,1.0,0.6,0.0,117,18.91796774727498,9.158356660885476
11,50,0.15212250520882978,0.27695068008303075,0.32915436069065024,0.5309992578962363,0.617082953084025,0.06054599987756872,0.07189572176782266,0.07863195516223179,1.0,0.6,0.0,118,19.67833693466671,11.318240823153804
11,51,0.14690176341562516,0.29667049152712355,0.367680941927052,0.5529478289604471,0.1419869483884904,0.060960242638827856,0.07225085538841594,0.07932860905167323,1.0,0.6,0.0,122,19.715209794787675,12.415565876382235
11,52,0.14127314188234058,0.28650065466423397,0.36018818596752367,0.5869359725325652,0.11233575236267168,0.05704055300075517,0.07364098153685446,0.08169255095134705,1.0,0.6,0.0,128,19.74573983939687,13.385671972279937
11,53,0.14024643947168683,0.2848819501187881,0.35891801343128577,0.5895955200044316,0.10920829288381642,0.056835934211980924,0.07282128852961349,0.08164985692979346,1.0,0.6,0.0,129,19.108912746261232,12.925456228070509
11,54,0.13640910252769473,0.2912497068950357,0.37596137814047115,0.6005874881208247,0.1542247101349272,0.056800901035651795,0.07319320946039516,0.08212712310586637,1.0,0.6,0.0,131,18.861397225035773,13.694369087622231
11,55,0.14289998489083963,0.24968934007339083,0.32912284790177204,0.6319636378797998,0.12114012856544926,0.06094481551812447,0.08850553197390501,0.08707832936863927,1.0,0.6,0.0,157,16.802387057139534,14.835139488025684
11,56,0.1415479672715922,0.2255341964649292,0.3178871772701257,0.6668603297425302,0.2049429157290769,0.06830947582657826,0.09295212439850839,0.0844911211604355,1.0,0.6,0.0,161,16.60744923577275,12.838378494921432
11,57,0.13517965035594343,0.23431702828508488,0.3343917183786209,0.6939312751674294,0.12916460227469692,0.06655160197870716,0.08719348611625813,0.08364957293268718,1.0,0.6,0.0,164,16.997998670589407,15.005994249280333
11,58,0.13399428997989837,0.23260244852370432,0.33297255114944974,0.6895794221144054,0.12713369843026362,0.06500667343765207,0.08821384454184888,0.08421359216900845,1.0,0.6,0.0,165,17.195167255362797,14.480249683095662
11,59,0.12214938101017228,0.18908122625000376,0.3068652311802576,0.696334532926399,0.3347383302908803,0.06648335207430153,0.09001869004246763,0.08335215631289597,1.0,0.6,0.0,167,16.918154646139357,14.204787594201171
11,60,0.10150880365076437,0.35776855688326464,0.5477504760116598,0.9390175618846153,0.1032834229260574,0.05612233678169044,0.07564411144845654,0.0884039812786755,1.0,0.6,0.0,200,16.29439687874467,12.418170209719484
12,0,0.8950648144449053,0.8410201666838153,0.38066452880460505,0.012186422562901564,0.0,0.0,0.0,0.0,1.0,0.6,0.0,1,10.331793233532316,26.20437439256596
12,1,0.7426376336356137,0.754067392610512,0.3544790691318122,0.08032748818779924,0.8299406147690946,0.07379190525151932,9.799018681306e-05,0.00011056373090759,1.0,0.6,0.0,3,8.311136074233396,21.208732542598884
12,2,0.6671540101517939,0.6917522277785998,0.3178838843155156,0.08692672892526432,0.39961241251732577,0.07954908163137349,7.855859168597e-05,9.300431733202e-05,1.0,0.6,0.0,5,7.227574678357818,9.066342246118412
12,3,0.6661093857262288,0.7083919390829179,0.34124628143022123,0.09125342991557558,0.08392010502870147,0.0795490816313735,7.855859168597e-05,9.300431733202e-05,1.0,0.6,0.0,7,7.279936527484748,8.697840067231423
12,4,0.6566079064431756,0.6820870029466708,0.31075827342409135,0.09093367717213918,0.13119725462338278,0.0766054060861344,7.656364181481e-05,0.00010339739515697001,1.0,0.6,0.0,8,8.23738009080876,7.661752662304091
12,5,0.6536397994733888,0.6793837181786496,0.3088624941035189,0.09862790149872395,0.0961757377699848,0.0760467687112812,6.359954270856e-05,7.805627081418e-05,1.0,0.6,0.0,9,7.741692087288113,8.009207469452114
12,6,0.6635841154073113,0.6896535947728297,0.320066692630331,0.10689447869389912,0.11231317454343384,0.08874904791782326,0.00013015728935409,0.00014887890006553,1.0,0.6,0.0,10,7.538157922176819,10.636203048760793
12,7,0.6447702106434938,0.6719437670941727,0.306225949687479,0.10801023841906683,0.17742471819407185,0.08126772243068606,0.000146791322454,0.00010964553305459,1.0,0.6,0.0,11,7.401283820698711,9.118807764485338
12,8,0.6357423915762473,0.6808973410029889,0.32317440771229355,0.10933788731780011,0.09718195144755533,0.07690355338269364,0.00022096555686633998,0.00024703614845874997,1.0,0.6,0.0,13,7.30812620667133,9.329576391771472
12,9,0.6304077534249681,0.6772365902784158,0.3275003645092454,0.11975267685816936,0.2932573764127667,0.0942165969642906,0.00048881601101648,0.0038482167424306497,1.0,0.6,0.0,14,6.7536170254321535,7.971998627612654
12,10,0.6256575436316674,0.6551075979174431,0.30012326647672005,0.13898646449244237,0.102269291285454,0.09144122332030792,0.0024691317195793,0.00247216658737232,1.0,0.6,0.0,17,7.106506625823144,7.409052456753347
12,11,0.5654084500892204,0.6134877604450518,0.2757597715662464,0.10904602245249215,0.3333121166128458,0.0585786482911876,0.0065973105698008795,0.00078192819282876,1.0,0.6,0.0,18,7.80660215477088,9.347430406998894
12,12,0.5573968198287842,0.5879930068424613,0.24969489470277265,0.11990617107262118,0.2144237530041551,0.06933156464499203,0.00105360534643492,0.00042436250255971,1.0,0.6,0.0,19,6.999968991712885,8.326555001098273
12,13,0.5572925749632632,0.6054480776659341,0.2735647746077977,0.12918911062790625,0.07045762801357744,0.06933156464499203,0.00105360534643492,0.00042436250255971,1.0,0.6,0.0,21,7.079699340656451,8.030452794285598
12,14,0.5729337624184256,0.6386313750109897,0.314108522247968,0.16476703980329252,0.11274467858961348,0.08141915448758377,0.01129280497541708,0.014082794864758311,1.0,0.6,0.0,22,7.085191404183421,7.151135465565047
12,15,0.5693912858067887,0.6349437657203901,0.3154092361080816,0.16614426799436624,0.2228690161140605,0.09437322168777687,0.005557272688028031,0.0019536689891809602,1.0,0.6,0.0,23,7.7272444720445534,7.093497620102091
12,16,0.5532015864439368,0.6183890175977202,0.3017433625178407,0.1642112313888593,0.12421399622481401,0.08130798134270296,0.01248225620991705,0.016720437214121718,1.0,0.6,0.0,25,6.9337255577840535,7.650724626931478
12,17,0.5400438241751491,0.5871072241042461,0.26863063683537364,0.16434584415062004,0.20018040480939459,0.08002400902946619,0.01179374746689489,0.01658959816485888,1.0,0.6,0.0,26,7.934090179576512,6.793038623096959
12,18,0.5267987185179547,0.5912677462099212,0.28019235828266736,0.15351096761136387,0.10195798896115747,0.06974827497000971,0.0111133853186824,0.01816174568926146,1.0,0.6,0.0,27,7.289598133393905,11.782494313183442
12,19,0.5186782668628497,0.6000081404348796,0.2993938658056803,0.15993422842044475,0.12932113811011242,0.07040291878502909,0.01334439114933419,0.021747616385458142,1.0,0.6,0.0,29,7.266119519611236,12.039557608895484
12,20,0.5146532383073421,0.595637406134369,0.2966747827376679,0.1622579621020691,0.1193713659959933,0.0704029187850291,0.01334439114933419,0.021747616385458142,1.0,0.6,0.0,30,7.306006700770638,11.46611892258468
12,21,0.5144649867249464,0.6129930690112078,0.3204826132992637,0.16730374706807893,0.08033180906461558,0.0704029187850291,0.01334439114933419,0.021747616385458128,1.0,0.6,0.0,31,7.322382974227587,11.344416692576347
12,22,0.5218991737556181,0.6001018140052876,0.3119400842842498,0.1988596433653173,0.378319025818478,0.0829550355790671,0.047500753453905045,0.08534337781510856,1.0,0.6,0.0,32,8.651739244957849,13.194502635075793
12,23,0.4819855933189665,0.554300555959183,0.2819021129840492,0.21302672192337338,0.23814719462484019,0.08326717195526087,0.040166798276134494,0.06313012652593822,1.0,0.6,0.0,35,8.260323959401997,22.21054716933049
12,24,0.42607516022800906,0.5260431046753602,0.28127298224506747,0.21485204044412642,0.1290577441902552,0.0633309745239468,0.033383425868272934,0.04804024074562341,1.0,0.6,0.0,43,10.581104517760268,8.024446307793227
12,25,0.4174437066558124,0.5302893777477822,0.2998127583928459,0.221467976871158,0.3010789112311879,0.073594636924436,0.02901167576604128,0.0460946692078709,1.0,0.6,0.0,44,10.386500822417668,6.701535251679871
12,26,0.42270943540976064,0.5170301397755531,0.2817095487574831,0.25153743002453083,0.10877501371161398,0.08236986492090857,0.028307093004359428,0.033593440145237456,1.0,0.6,0.0,48,9.153809365975471,5.876793553865556
12,27,0.42360556667474636,0.5351053408232501,0.30675810995128494,0.28023326265965776,0.11052639244728084,0.08446696201874315,0.02830924453836134,0.03366685923591401,1.0,0.6,0.0,50,9.087235651997188,5.978188252673609
12,28,0.4251706948873981,0.5184976646860555,0.2848688103022874,0.2944275059347088,0.10989274460840591,0.08711144214946873,0.03031040090425684,0.03405007269540024,1.0,0.6,0.0,55,9.8529702572863,5.052194807267122
12,29,0.40436330211831484,0.5117279183391658,0.2896312324076675,0.2954261604163176,0.20962277376255323,0.07779508987607724,0.028033832898804352,0.03379480117780198,1.0,0.6,0.0,56,8.303263281888215,4.493551037794905
12,30,0.4073166460125616,0.5119662158550834,0.29377520553464825,0.30705883837559617,0.2193550607776766,0.0877502268609491,0.0290644522814399,0.03422317047512975,1.0,0.6,0.0,57,10.428720441187362,5.933456303561709
12,31,0.3960481504911506,0.49976042800721376,0.28287888082946233,0.30510273295396906,0.12339779252555802,0.07898207289733572,0.029110190802592018,0.03391528569557231,1.0,0.6,0.0,58,10.442446428826663,9.151225867474606
12,32,0.40299669091110407,0.5235594331785391,0.31399815712796736,0.3165660714567905,0.1401484896657314,0.0877502268609491,0.0290644522814399,0.03422317047512975,1.0,0.6,0.0,59,10.317604351500178,5.731258485539663
12,33,0.3921411450366894,0.5118930205235905,0.30343736861704845,0.32041588553467437,0.1223502938973344,0.07898207289733573,0.029110190802592018,0.03391528569557231,1.0,0.6,0.0,60,10.232956574674509,7.989662077113045
12,34,0.37375363016910523,0.5433720762729874,0.35778438575975846,0.30154395999569394,0.09317868924872738,0.07365894215561061,0.01915568310984979,0.025353275044335523,1.0,0.6,0.0,66,10.55073915427334,10.61692758466533
12,35,0.36784787793807744,0.5541476775556321,0.37607843752777226,0.3070018335485488,0.09659195239638332,0.06967243591868044,0.01953554223163064,0.02753468643768255,1.0,0.6,0.0,68,10.61621093140999,9.893310275463504
12,36,0.3627448808096304,0.5278058240877633,0.3480266500114829,0.30966075287266936,0.19988136297193795,0.07280132398835085,0.02025871199589362,0.03532848493060038,1.0,0.6,0.0,69,11.843004728279285,10.670290507227197
12,37,0.39007329331191065,0.5561953779881783,0.37508694128308767,0.34426130533527416,0.11358854340026076,0.08114888839853024,0.04779937047509149,0.0799969288357967,1.0,0.6,0.0,73,11.048960949907404,9.836549623238646
12,38,0.3659929449837474,0.5302596274339291,0.3514609263484159,0.337132217184032,0.19333197897822207,0.0678648776891668,0.03689999575905311,0.06840535093074224,1.0,0.6,0.0,74,9.699070329086393,5.365650186144769
12,39,0.34369340478713867,0.522725241560534,0.3536904856714139,0.31914743733285367,0.14159069149407583,0.057568773466568746,0.02718293507080839,0.04545695868329372,1.0,0.6,0.0,75,9.335380333381918,8.120663868101794
12,40,0.323770922375582,0.515901546613767,0.38367849605237264,0.3518159530504427,0.2449234932219215,0.07215454061979497,0.03908814514331786,0.07648461914905855,1.0,0.6,0.0,79,11.194349372022984,9.439356316949253
12,41,0.3180278744494433,0.505687832105518,0.37790832660530904,0.35571991295903904,0.1661818857108199,0.07201657944948701,0.041892789535496786,0.07660885469751129,1.0,0.6,0.0,80,11.074554664642893,10.861544420369585
12,42,0.3188053659664671,0.5072768004883191,0.37869758546692933,0.374649428819607,0.1005858780533998,0.07332162980971146,0.038838924413586016,0.07681993734013066,1.0,0.6,0.0,84,11.257776593500704,9.398135053776503
12,43,0.3079475825916117,0.45856103549514443,0.31990757020209304,0.376904951634905,0.15633985663158695,0.06300664185040367,0.04517210092486071,0.0700743354717483,1.0,0.6,0.0,85,10.90364142058841,10.688336661005906
12,44,0.31210117693016237,0.49230861121959374,0.37168138118432587,0.39914040958491037,0.16866024815359948,0.07862685439709015,0.04012134642760049,0.08669864713041787,1.0,0.6,0.0,87,11.137319422454004,8.266212794135596
12,45,0.2989403246684668,0.4609001645342887,0.3345431364136827,0.3930958029667895,0.10427035009524732,0.06336872769995061,0.04531657513797646,0.06999101860786426,1.0,0.6,0.0,89,11.636782260453508,10.85095407506774
12,46,0.30789753344873544,0.4644090451781793,0.3430945005177364,0.4078719031112427,0.2842912805445829,0.07884517246074091,0.04760970203395083,0.08295333449520773,1.0,0.6,0.0,90,10.135652178161296,8.04897993932106
12,47,0.275438196786678,0.4198497536355584,0.3092590255164069,0.4007398530012026,0.19148402776923226,0.06588721655772699,0.0422368417005819,0.0627818267152125,1.0,0.6,0.0,92,10.521583265423056,8.942895462233222
12,48,0.292210807045442,0.4404855133097278,0.32653176170035186,0.4237228640521595,0.14452451733359672,0.07596941253310482,0.04499396659144013,0.07627417970479684,1.0,0.6,0.0,94,9.716405033022063,8.177311954442832
12,49,0.27870923617894605,0.4477488976763763,0.35877954183665145,0.4294336453781301,0.13531106744176688,0.08091672209863827,0.04427891420128382,0.08206238079181484,1.0,0.6,0.0,95,10.178219190351577,9.520556471786517
12,50,0.2798363241822712,0.4527569686544579,0.3605483925541418,0.44202199134789577,0.11892282985252015,0.07731032138999548,0.04434993565238233,0.08015537666314522,1.0,0.6,0.0,98,9.95915500665242,8.204803565303463
12,51,0.2838539042166699,0.4542012387072597,0.3641460087472873,0.4551207186784948,0.11437356293623921,0.08356508765186035,0.04582978609037674,0.0931794180919942,1.0,0.6,0.0,100,10.356877799187917,8.406318316941142
12,52,0.2728605419118271,0.4392373015878601,0.3524653169779244,0.44672826568788104,0.27530237907578403,0.08060873321992648,0.04029739387361618,0.08748194478189822,1.0,0.6,0.0,101,10.588914051312326,8.383457163099054
12,53,0.25482996042063427,0.4012340728076382,0.33030624337858805,0.49785906781203454,0.1535116244784033,0.08277513908790314,0.04322651967316547,0.09334951106420396,1.0,0.6,0.0,108,10.97030385683334,8.15210336482057
12,54,0.2537457357837623,0.41618587546016156,0.35279796133452773,0.5192445436847288,0.1498776402122702,0.08358044829363719,0.042675029575192966,0.08426300439017002,1.0,0.6,0.0,110,10.536841110934152,8.021372202770577
12,55,0.2258312091180949,0.5061964381705769,0.4912266962324113,0.6244463740699577,0.08966744621219114,0.047560697351137896,0.06458953796528999,0.08688964366681415,1.0,0.6,0.0,150,12.467425675670247,10.00476492690364
12,56,0.2509931765234842,0.5408739694898025,0.538276284693022,0.6879264557657563,0.20443513932062307,0.0816644870555391,0.06272876892546068,0.07668199920243526,1.0,0.6,0.0,151,11.514284580295934,11.427842686378684
12,57,0.2248200801379095,0.4542047281926681,0.43819241503252016,0.6597998919075778,0.1403578344287028,0.0642356557175518,0.06031240689239613,0.07424673742548801,1.0,0.6,0.0,152,12.134866555035376,7.837253207281585
12,58,0.2236850770246821,0.48963962059488975,0.4853249890270382,0.6833389222874464,0.1078363769981081,0.059659519017363924,0.06382294613048389,0.08496674494120385,1.0,0.6,0.0,157,12.393239108735395,7.552752140013157
12,59,0.2191883861485436,0.48017152837454513,0.4794409618591271,0.7088718129891434,0.13162517021506207,0.06008555111171071,0.06313976355320353,0.083088801188861,1.0,0.6,0.0,160,12.293292734891846,7.272535983690912
12,60,0.23288617994223867,0.6505997428455957,0.7081797893287135,0.8440149685454104,0.11293986236723424,0.07487853213527303,0.06326017498261541,0.08445509021240574,1.0,0.6,0.0,197,12.208289322507405,7.267850629283651
13,0,0.892182192941935,0.8391868805089687,0.3795240443936833,0.01208476657044949,0.0,0.0,0.0,0.0,1.0,0.6,0.0,1,10.568754690478396,27.066519061878072
13,1,0.7137766654273779,0.73171273544418,0.34295539905141853,0.08504398470903445,0.9623867254639323,0.08010185776891422,9.215113453137999e-05,0.00015404685469989001,1.0,0.6,0.0,3,9.895183970953216,22.20655741666351
13,2,0.6368536225738843,0.6660178910606322,0.3092925649057897,0.10560681923139613,0.4977795039351346,0.09917905081994141,7.813674805458e-05,0.00012052416732277,1.0,0.6,0.0,5,9.549188306379596,9.728756625120669
13,3,0.6356790173297913,0.6825132375951248,0.332810282354484,0.11191761197841393,0.10792806363920135,0.09982230467449452,8.641256341043e-05,0.00013328942540574,1.0,0.6,0.0,7,9.628944307899229,9.253091020430029
13,4,0.6340217076865915,0.6634999321367088,0.3086851881131178,0.11416769566783005,0.11749140758145055,0.1017114600483298,8.730997592692e-05,0.00017685735601841,1.0,0.6,0.0,9,9.25448136726034,9.072612513669498
13,5,0.5855787317420764,0.6335930567466007,0.3056641175007755,0.12656346126496842,0.6189608150476851,0.09864224142233116,0.01655182417085213,0.01939555002828474,1.0,0.6,0.0,10,10.500339008255306,12.24223242909624
13,6,0.5855377091182239,0.6511113628137549,0.3295733244544531,0.13221853525710042,0.10877137468211692,0.09864224142233116,0.01655182417085213,0.01939555002828474,1.0,0.6,0.0,12,10.425715598070235,12.08726022155123
13,7,0.5861168672747262,0.6691462062912602,0.3556330908373317,0.14422574335856556,0.13394410366453818,0.1034569350476233,0.016595976475100298,0.019455456053547728,1.0,0.6,0.0,14,10.386274994059256,8.695953096304786
13,8,0.5693085042945788,0.6158226009720212,0.30074396789526603,0.15103917428243616,0.40312548709184104,0.11420001959474937,0.0176784615882469,0.01904782160300262,1.0,0.6,0.0,15,9.090001082370772,13.862882637383176
13,9,0.5692072625685172,0.6154004982722328,0.3020508460326253,0.15696441224619928,0.17199055879730185,0.11842832636305245,0.01755396739239086,0.01910220803353422,1.0,0.6,0.0,16,9.100972011407416,13.896910231241536
13,10,0.5196700825679879,0.5816279001771818,0.28339698975727357,0.13542534040820617,0.32093073714761977,0.09370372976512864,0.01176990297951489,0.01605685308083846,1.0,0.6,0.0,17,12.628504875915835,14.977201327357736
13,11,0.5168557751737891,0.5960580178107988,0.30553478607537143,0.14208039379955095,0.1180474098023535,0.09401336376195431,0.011915487167298521,0.016235717374555238,1.0,0.6,0.0,19,12.603843730619186,15.521174794670186
13,12,0.5176157310436257,0.5786523593395818,0.2828469785175689,0.14550434166530235,0.1283585340209846,0.09691883099919998,0.012149908159304581,0.015019731996838481,1.0,0.6,0.0,20,11.224483604718785,14.63965626494259
13,13,0.4676732548549259,0.5236548418745087,0.24241954958791537,0.12927219000707837,0.452141125474266,0.08008065598729934,0.012810247848620879,0.01603491702871596,1.0,0.6,0.0,21,12.134752395864265,14.239137832837928
13,14,0.4826425456314575,0.5540283892168189,0.28368272854416554,0.16256338363206776,0.14932856669454425,0.10493513996598347,0.01265335402056669,0.01602842781282027,1.0,0.6,0.0,24,10.041855674756448,15.041357187088977
13,15,0.4451543767562311,0.5258243616136139,0.2779182101893817,0.16149241611241846,0.5104873658581901,0.09838468120725245,0.0181479439819067,0.027945713638215693,1.0,0.6,0.0,25,11.491296808013123,14.07048720944252
13,16,0.42558600942637964,0.4982865179898387,0.2628766191549223,0.17767781182276096,0.17689257787436843,0.10263805917451607,0.02027593008987847,0.02331182930835786,1.0,0.6,0.0,30,12.725257815969334,15.72616261427932
13,17,0.42130429893139226,0.48975136095809224,0.260346328723689,0.1891456340622007,0.19667912672059837,0.11049966330206136,0.01943177230492862,0.02439870324708986,1.0,0.6,0.0,32,12.777644422258476,14.595799050333376
13,18,0.41793590456600865,0.4853708642281692,0.25736027228033337,0.1932761056368066,0.1562451559921697,0.1097772127147066,0.01948483481256687,0.024368995366037573,1.0,0.6,0.0,33,12.762764971124136,14.806769606856356
13,19,0.4029817417209464,0.5053020368235285,0.2902961462336923,0.2021719447876779,0.10809762457248541,0.0945334553205146,0.02069961935289224,0.022837277547539718,1.0,0.6,0.0,38,11.868580938611148,14.561778935152034
13,20,0.39645347085245086,0.5137591744240173,0.30856499079972965,0.21210912140273167,0.19266605200146736,0.09044039889814146,0.027507468933015138,0.03107979945953731,1.0,0.6,0.0,39,12.783067275029476,14.055784805699991
13,21,0.3901574312064657,0.5224778701896845,0.326951062232471,0.22815560511403263,0.12730147230873512,0.09031235969095608,0.02750651513709763,0.03106720625940801,1.0,0.6,0.0,43,13.040436189774388,13.710469362497893
13,22,0.3895710708289148,0.5392218042325941,0.3503624366400803,0.2451095221774024,0.11039662631073635,0.09027018589709372,0.02750667854535676,0.03106372006215354,1.0,0.6,0.0,45,12.947080415464546,13.182036552701671
13,23,0.37159118679440073,0.517202466987737,0.3333659863771936,0.23821126508732873,0.2230434324870618,0.0799504029381819,0.03016029921304596,0.03140982363820314,1.0,0.6,0.0,46,11.890992387955482,16.169907213534284
13,24,0.37012265569975006,0.5324894686425163,0.356003571053031,0.2502390497679435,0.11049410200020517,0.08035242742501583,0.030004070536442877,0.03148776509995327,1.0,0.6,0.0,48,11.886280142036972,16.176953620980388
13,25,0.3392391246607309,0.45378503474870835,0.2790331801631277,0.22573024049526055,0.45345628407930094,0.07596544927514232,0.02855453685522948,0.032917199169909775,1.0,0.6,0.0,49,12.479023028953517,14.240161169110216
13,26,0.3324196425074336,0.4609132834492792,0.2963922969701879,0.2422259043225417,0.11687193173597801,0.07576811897492916,0.02850352177170724,0.032959083866530334,1.0,0.6,0.0,53,12.749199221066366,13.8456339296073
13,27,0.32914660587622724,0.47311602113489337,0.3171461408597318,0.24522335058343814,0.14746502653737317,0.07371296366598709,0.03259721131122844,0.03353001012823361,1.0,0.6,0.0,54,13.44203466037421,17.143331826420937
13,28,0.3291884170735448,0.4899180537861764,0.3411509853279542,0.261248953425615,0.10500269922721178,0.0752413812077338,0.03243805046070366,0.03353097296693132,1.0,0.6,0.0,56,13.460878528304216,17.288450698209704
13,29,0.31981935301891257,0.4571291255100664,0.30792224480268987,0.2636494519984722,0.1444071254962346,0.07603171682666289,0.031915093001222514,0.034063794818263646,1.0,0.6,0.0,59,13.454666520591744,15.360571188197424
13,30,0.31863064353180454,0.45546278771149273,0.3067304228325471,0.2631692388419815,0.10658655303812155,0.07563641620698716,0.03188935555537525,0.03407563696469806,1.0,0.6,0.0,60,13.722672869779553,15.263852228732798
13,31,0.31867161326971516,0.47298721484137546,0.33070535231526554,0.27239061299752404,0.09678184575210033,0.0757817616134134,0.03192124174113028,0.03407221005095305,1.0,0.6,0.0,61,13.473879873801929,15.37146066360986
13,32,0.318064780564211,0.46976813840861964,0.33005535873381986,0.27819785776113476,0.13045339983088322,0.08010726195039608,0.030677488104195398,0.034306153264577324,1.0,0.6,0.0,63,13.91507358299653,15.091179312108729
13,33,0.31644509182498376,0.48420738913456185,0.3523268694189352,0.30027214960293364,0.10651216073259531,0.07714644206461185,0.03683833977652638,0.04001401536860954,1.0,0.6,0.0,68,11.84177580051799,17.554718353497183
13,34,0.3093296308310483,0.45158702464400785,0.32085176370943763,0.30288134825886226,0.29127951287680326,0.08297300528947063,0.03519376563776761,0.03148861713581147,1.0,0.6,0.0,69,13.446662334152142,14.669251295803903
13,35,0.3065722164313455,0.44630512095881625,0.3178950339507685,0.31800175787359936,0.11652840410757989,0.08428089324372832,0.03446551757089742,0.04053075952042489,1.0,0.6,0.0,74,14.147611335619564,13.29659583686569
13,36,0.285977891430686,0.41567502340492085,0.2962374148375512,0.31855245116956904,0.17248182186411007,0.07719357209692893,0.034799600769803415,0.04072878068293036,1.0,0.6,0.0,77,15.290368494776056,14.805446403425396
13,37,0.28661993789259393,0.44405220193104256,0.34371952615635093,0.3416070908645365,0.18725596239206393,0.08441173076967431,0.039559434278332514,0.04618445850689384,1.0,0.6,0.0,79,13.480443599519822,12.562046602914087
13,38,0.27738094832416854,0.4324047707723272,0.33411126818779424,0.3380714514692724,0.12732580012074163,0.07784404831245441,0.040085899027249086,0.04525375269818438,1.0,0.6,0.0,81,13.855277198787556,16.10300438508066
13,39,0.3124143392336077,0.5524992480822284,0.4883723339196679,0.45900511855768694,0.1436237195071858,0.10358941050485371,0.06110891805532631,0.07977537745254568,1.0,0.6,0.0,98,15.6463811273896,13.705232863435276
13,40,0.30219249899164263,0.5413386914937839,0.4779799908975989,0.4528525884228566,0.1404229081990191,0.09281416725664147,0.06385490566486915,0.08591135101051489,1.0,0.6,0.0,100,14.960454400143153,15.042331234929748
13,41,0.2652893490744378,0.4661742643213315,0.3926514547141949,0.41456513409135093,0.1194292679688631,0.0770441133244805,0.034802195162691715,0.04345357672915206,1.0,0.6,0.0,103,15.694926819049954,14.041790231635458
13,42,0.26348316363590224,0.48093724805050964,0.41459911094755164,0.41680333522924196,0.11742042134253262,0.07615600325878966,0.03519222824662864,0.044035885259744625,1.0,0.6,0.0,104,15.73214177979984,14.08627161865386
13,43,0.26517995413049167,0.47924126745270595,0.41565427513192943,0.42800571687898065,0.1370922561737114,0.08141552250720706,0.03573321417246221,0.04208278337463559,1.0,0.6,0.0,106,14.89539479949623,13.727865843727193
13,44,0.27541102668124506,0.6761115597715078,0.687848827420564,0.5553009492392975,0.1259429406242507,0.09971221350842116,0.03435499988526456,0.02753450109317822,1.0,0.6,0.0,129,10.068944038931658,13.26950241236674
13,45,0.2390273182342863,0.5680453046553506,0.5752490023937518,0.5465223817968271,0.19451584394171162,0.08292570874550607,0.034375189088002224,0.027811040500401764,1.0,0.6,0.0,133,9.569077626781525,10.145489809560472
13,46,0.23968532214799299,0.5951870052542819,0.6214768276693413,0.6039193680840996,0.12660694780378623,0.09092122336693352,0.03569678964967868,0.028163164523315097,1.0,0.6,0.0,144,9.154367091366828,8.919777302322759
13,47,0.23626472828558576,0.6062880551282684,0.6411571985005643,0.6132740771284296,0.13912780267515948,0.0903412105519346,0.03562080345555439,0.02803516346852817,1.0,0.6,0.0,146,9.47942193891834,9.894827489338835
13,48,0.23460656331325505,0.6018018968368061,0.6387099454533125,0.6173201281836296,0.16338809678393612,0.0912469768641076,0.03562652845765807,0.02804116681885056,1.0,0.6,0.0,147,9.65292619157336,9.785744563366912
13,49,0.22764666652880416,0.6254994069146517,0.6783486891074967,0.6161225034023906,0.13615070102955626,0.08945122846978121,0.033656361189255815,0.02287079776876218,1.0,0.6,0.0,150,8.825209364750965,10.00400364400108
13,50,0.21133073274768618,0.6096010517398991,0.6807837581599783,0.6145439751793479,0.40580509509178014,0.08830494612749237,0.03254431762189289,0.02424508316211104,1.0,0.6,0.0,151,9.540218187099295,10.316922915868206
13,51,0.208837451210571,0.5815575913728925,0.6517932793825412,0.619339973418249,0.17937161202073118,0.09210199495532881,0.032682382575190586,0.02512451031811853,1.0,0.6,0.0,153,9.712331562236908,10.851487982215508
14,0,0.919743843421163,0.8565232512775663,0.39030910514031836,0.013046472579511033,0.0,0.0,0.0,0.0,1.0,0.6,0.0,1,9.325001936973292,25.723573314798685
14,1,0.7531094045908138,0.7617560841441067,0.358150657413762,0.07797559513968036,0.8499072195259769,0.0708520593883385,9.518653633368e-05,0.00010429222761893,1.0,0.6,0.0,3,7.764597511576329,20.936021144334457
14,2,0.6908399714844277,0.7124107286664029,0.331055504249783,0.09043911995321831,0.3572876256122936,0.08039710140961012,7.615480709613e-05,8.347793112828e-05,1.0,0.6,0.0,5,6.279173390084424,8.80797048838351
14,3,0.6908606640744914,0.7300214814496574,0.3551084976642803,0.09641565062488736,0.0815086674565357,0.08062334815521559,8.046223697116001e-05,8.819741640720999e-05,1.0,0.6,0.0,7,6.303282982329803,8.743289768775915
14,4,0.697935467783512,0.7378357023927147,0.3646153270528314,0.11225142586608537,0.11402496271680719,0.09291140449441966,8.904401576422999e-05,0.00011057845407960001,1.0,0.6,0.0,9,6.561288855386249,7.753741690301387
14,5,0.740231907907273,0.7838939937626959,0.4208254283328184,0.19255657163896758,0.4186385973653221,0.1658061914332483,0.00013397954863313,0.0008035457332036099,1.0,0.6,0.0,10,6.5369007837201565,20.75978280272128
14,6,0.6631408951744407,0.72600916809331,0.3752737842567252,0.13050847063731294,0.25435495208861225,0.1049913121257934,0.00202891180762059,0.12142683443760427,1.0,0.6,0.0,11,5.846745951069818,9.880295986015746
14,7,0.7476959554398085,0.8109357278129933,0.4617632267644121,0.23505338216337457,0.23416394022054401,0.1739921555368476,0.03546468182915251,1.0,1.0,0.6,0.0,12,7.131279668044227,10.89445137656884
14,8,0.6054465442083063,0.6689203682679772,0.3201806477897733,0.08348954274443024,0.06635064791338044,0.04106339273603321,0.02222902222364473,5.677859255836e-05,1.0,0.6,0.0,13,6.233263745947911,9.839037736527796
14,9,1.132913929338096,1.2146769666261146,0.8763722655027897,0.6388379431226946,0.6935731269033704,0.361157237668444,0.3869735962329675,1.0,1.0,0.6,0.0,14,6.763234935788207,17.64757074655843
14,10,0.5518376584177758,0.6526692743203982,0.3363624651163996,0.08727397790063235,0.4435141357976848,0.04028351837436882,0.02471999211843767,5.582317273153e-05,1.0,0.6,0.0,15,6.345035089862842,8.409617538744367
14,11,0.5761226798747182,0.6594060644414472,0.33729649388519756,0.12000900801286042,0.09519471557571212,0.06411768336813187,0.02801436773071354,0.03134351816441646,1.0,0.6,0.0,16,7.590962644098228,8.756189408999605
14,12,0.5739730996325936,0.6748207268724243,0.3598968201904596,0.12633927763719988,0.09099681057040496,0.06411768336813184,0.02801436773071354,0.03134351816441646,1.0,0.6,0.0,18,7.600003327851757,8.33597604850744
14,13,0.5527590515004381,0.6704596621473526,0.3744619328763533,0.14408433935559445,0.24838407449143987,0.07297431847005793,0.032073871803162,0.0005360959389263599,1.0,0.6,0.0,20,6.54486942596692,19.87914784730697
14,14,0.5527180406275605,0.6879162940620407,0.3988180197624715,0.16178718756299634,0.10002918530939003,0.0742579880310799,0.032074786440346295,0.00054585109577486,1.0,0.6,0.0,22,6.588559855501603,19.49006121139806
14,15,0.47873618723576755,0.5921426092128242,0.3164655827664771,0.1242712696915825,0.5603278813186914,0.03932326078053805,0.04725221386174635,0.03124149276422562,1.0,0.6,0.0,23,7.547049118602645,8.477987116421971
14,16,0.47873618723576755,0.6097027148478347,0.3404007346480852,0.13129446518451737,0.06767510459113248,0.03932326078053805,0.04725221386174635,0.03124149276422562,1.0,0.6,0.0,25,7.547049118602645,8.477987116421973
14,17,0.47694314926122106,0.6076736609197503,0.33913199427686314,0.13907742019196992,0.07710260786439935,0.03930636136848301,0.04725196653841242,0.031242293709502413,1.0,0.6,0.0,27,7.598162287919839,8.040226443220355
14,18,0.47433336497988626,0.6497110830879109,0.42053430916080164,0.18453145962044193,0.6142753134127996,0.05197781346399176,0.09766180748045576,0.08026827930861674,1.0,0.6,0.0,28,7.8943653581992335,7.192007089202161
14,19,0.4679767290892343,0.6393136484777129,0.41802874281274616,0.20409875662574295,0.18656672042737077,0.06246413030492113,0.09766039395137141,0.08029293468983163,1.0,0.6,0.0,31,8.789925579835685,15.206222456840072
14,20,0.46006188305515255,0.6457210060214946,0.4364920581927168,0.21759344788018256,0.2661393943606013,0.0663357853692361,0.09767534760422852,0.08031135256109491,1.0,0.6,0.0,32,8.37482285188402,5.959536794439867
14,21,0.457662121041231,0.6432838217135582,0.4341182769688153,0.22893635841544682,0.12319879109567239,0.06407074185352354,0.09766844979930628,0.08029640980256939,1.0,0.6,0.0,35,8.335846890613489,10.70392046771971
14,22,0.4589174509534536,0.6248623834253711,0.41282852272325876,0.21660544909369814,0.17472422508830399,0.0675865129897191,0.10583911692402623,0.08155330321310002,1.0,0.6,0.0,37,8.586003979557134,6.005159935023413
14,23,0.392732855874972,0.5681714043889239,0.3746818845733659,0.18403263284438726,0.39186590446193215,0.04358030374854603,0.07576857094759906,0.027033855948681268,1.0,0.6,0.0,38,7.037360847002587,6.6988297321306485
14,24,0.39272065959157754,0.5681479212449192,0.37467409220658493,0.1976280483435142,0.08919061230543936,0.04359833112097179,0.07576905269997643,0.02703302729390709,1.0,0.6,0.0,41,7.039368628869175,6.693208639523007
14,25,0.39789639460643744,0.5993152098955025,0.43073393514731595,0.23633068387426115,0.2179608037811174,0.0579262012943871,0.09885497472206291,0.08076530278005392,1.0,0.6,0.0,44,8.281650386042006,6.443651130184377
14,26,0.3839696854921607,0.5845016197846908,0.44357198494167804,0.26523651677236343,0.6706270540663626,0.08159764081135183,0.09928376632973343,0.0810734296913548,1.0,0.6,0.0,45,9.435622994549732,6.699905577077266
14,27,0.3710828441906365,0.5662703385795252,0.4309371142946579,0.27626646051177967,0.16560495546595694,0.07792191505044443,0.09970679481413268,0.08061672718585203,1.0,0.6,0.0,50,9.76814222571841,7.2935202878732355
14,28,0.3575226454935374,0.5235343073684101,0.39335444965337935,0.2829635850344099,0.23877887191063804,0.0839208511303106,0.0985932219555201,0.08174904290969014,1.0,0.6,0.0,53,9.99597138964279,7.160327128447642
14,29,0.3381224895513748,0.49099741277486336,0.37296346192098634,0.3021584217908233,0.4446848726868691,0.07839382366793338,0.10714453062104859,0.08268094289072407,1.0,0.6,0.0,54,9.65720544276008,5.885170469291075
14,30,0.3381224895513748,0.49099741277486336,0.37296346192098634,0.3021584217908233,0.142680699862221,0.07839382366793338,0.10714453062104859,0.08268094289072407,1.0,0.6,0.0,58,9.65720544276008,5.885170469291075
14,31,0.3385580083579538,0.49129744445303936,0.37338479883091336,0.3088702543658609,0.14480879810555958,0.0790102676952667,0.10715217544822671,0.08273211362560595,1.0,0.6,0.0,60,9.610212340975025,5.785626510244587
14,32,0.3378952478858078,0.5078777786023108,0.39662384066941103,0.3235948161387737,0.15013921794657076,0.07878570680003681,0.10714524528351632,0.0826827787050122,1.0,0.6,0.0,61,9.619139265102415,5.481077245608125
14,33,0.31619984696001174,0.5282154518407496,0.44538841801430235,0.3896092297163352,0.14636837862149382,0.07043697528703322,0.10818104233841505,0.09060147739907552,1.0,0.6,0.0,82,11.392404238986922,4.044511315675906
14,34,0.330082714660173,0.5730914129488207,0.5065105905723553,0.44374976661167004,0.17813111985359725,0.07089206422833015,0.1391019865523051,0.09415500330621818,1.0,0.6,0.0,90,12.944310169189745,5.186380216132609
14,35,0.3195636459851616,0.5740484059029481,0.5188962243476831,0.44960778285546327,0.2145723073216635,0.0713631463656489,0.1329340788563645,0.09360737220724427,1.0,0.6,0.0,92,12.659559875537834,5.437798420785413
14,36,0.3050112964515559,0.5423685736430157,0.5008797046405887,0.45841075228502914,0.26503992734389825,0.06893166579757226,0.1444469765436309,0.08823763113471315,1.0,0.6,0.0,96,11.70065155728087,5.166646163392393
14,37,0.29396613457326104,0.5371655171859345,0.5109832104992318,0.45165072061764033,0.311645303596332,0.06991824691441474,0.14425614471120105,0.08838595247162753,1.0,0.6,0.0,97,12.358670906616506,4.634384114651358
14,38,0.29396613457326104,0.5371655171859345,0.5109832104992318,0.45165072061764033,0.15647240344519614,0.06991824691441474,0.14425614471120105,0.08838595247162753,1.0,0.6,0.0,99,12.358670906616506,4.634384114651358
14,39,0.2785705086596063,0.5294395314817739,0.5169719558282115,0.514284209015127,0.15448922897946166,0.07731824679437407,0.12215076911950866,0.07843039038540076,1.0,0.6,0.0,114,12.969837547061882,4.7450146188142535
14,40,0.2761814939943254,0.5419756505955373,0.5377816997599663,0.5245233603521654,0.173539248224509,0.07731824679437407,0.12215076911950866,0.07843039038540076,1.0,0.6,0.0,116,12.983921379018469,4.629104226609944
14,41,0.2813212736399283,0.5624862000443355,0.5662484659431599,0.534770354390654,0.18833105120765536,0.07618095980153769,0.1359378402418656,0.0963763670516396,1.0,0.6,0.0,117,12.582623564873618,3.88405280032404
14,42,0.2755884933270177,0.6293625741814872,0.6757564926151961,0.7007272880059071,0.17594565775711143,0.062073568539875404,0.172019525042155,0.12916454008665051,1.0,0.6,0.0,139,13.750971255739344,8.653524718997122
14,43,0.2505297984561673,0.5233819670999186,0.5516266964208191,0.6534657878121432,0.19544618459576624,0.05849310157912339,0.150838329388586,0.13193385645751604,1.0,0.6,0.0,144,13.250262869512506,6.13362386430699
14,44,0.2705538710152728,0.6249395608171453,0.6892970210511917,0.6748236980502131,0.18359805693077047,0.08797484511939858,0.14332154889044316,0.1003677103141816,1.0,0.6,0.0,152,11.045972110167783,6.365718007914697
14,45,0.250567108227562,0.5153050618766004,0.5490263536893264,0.6846949628751828,0.23513328960922217,0.06031770470914692,0.15848935635418787,0.10437675241084396,1.0,0.6,0.0,155,13.468878054860088,6.147310966731665
14,46,0.25440524940804693,0.6279645604731947,0.7156257023494546,0.7179737857364563,0.17769809077046017,0.08426822189577188,0.14255391180516358,0.10517110776085029,1.0,0.6,0.0,163,15.348337353873552,7.851740115051737
14,47,0.23019069527510494,0.5651379791358987,0.6423193341875485,0.7892086619608331,0.1518855560057995,0.061452634754209055,0.1444139606919388,0.1114265019125972,1.0,0.6,0.0,168,15.184203489181936,6.496797158735206
14,48,0.2223561305981581,0.5473931532390983,0.6309437069194948,0.7889585291368362,0.21223188740529628,0.06067778011931126,0.1442212352696106,0.10947033805409576,1.0,0.6,0.0,169,14.536590836657904,6.08790338919631
14,49,0.22470962015542917,0.5542331879586708,0.6349135268356252,0.7940308297939819,0.17172691116947925,0.05982159631622626,0.1443896064134827,0.11134652409872985,1.0,0.6,0.0,170,15.32084582317456,6.504026649134511
14,50,0.2184953330633011,0.5036913379967793,0.5948200644207489,0.8011549846464564,0.5214105358192447,0.06080229536049984,0.1619828931100588,0.11057329585015116,1.0,0.6,0.0,171,12.92309890289468,6.687848057204181
14,51,0.21386258317856566,0.5753994968532407,0.7054011387391896,0.8210085038356039,0.1752632837718579,0.0762387368986642,0.14029956874253044,0.10665393187193035,1.0,0.6,0.0,187,15.176505010717912,9.036631958432718
15,0,0.9032865581541236,0.8462228731522449,0.3839011995296048,0.012475036292622074,0.0,0.0,0.0,0.0,1.0,0.6,0.0,1,10.05054762303414,25.35879272068937
15,1,0.7717632902085915,0.7786064128775396,0.3725429146034863,0.08868236248933656,0.7812392420513772,0.08119971276634437,9.233232397674e-05,0.0001676843414621,1.0,0.6,0.0,3,7.493050727020117,20.4027471286912
15,2,0.7048816925718593,0.7261326530807797,0.3440687774188651,0.1023897211066886,0.390901117090302,0.09224274656830041,7.769741882083e-05,0.00014178724421557999,1.0,0.6,0.0,5,6.222905089104261,8.625555021241682
15,3,0.7047615049662781,0.7436410951545845,0.36810313364795544,0.10847326398840497,0.09451609619574668,0.09258742292355739,8.342314824568e-05,0.00015230943221582001,1.0,0.6,0.0,7,6.154177478053288,8.032167949788338
15,4,0.641462643528447,0.6871566506436533,0.3316539064829809,0.10918508164638195,0.25537452836349794,0.08765634612287868,0.00252346514343157,0.00514183263588436,1.0,0.6,0.0,10,6.374459758552513,8.58053926675518
15,5,0.6278963931317836,0.6741404318960454,0.3212176890103034,0.10497583848778748,0.11506408593331784,0.08161858556436272,0.00227102616826539,0.00387083816961006,1.0,0.6,0.0,12,6.590995349604657,10.638095076319196
15,6,0.6364142931140085,0.6829393059455268,0.3314771125947598,0.12316661381978969,0.11381335866559524,0.09416558512019216,0.00246557090946002,0.00539851240046006,1.0,0.6,0.0,14,6.176102762246484,5.046307291185776
15,7,0.6204973964116896,0.6680272350690473,0.32327668606567644,0.12705542468047812,0.2655170550058031,0.09692784290824949,0.0026096850517528,0.005458682600679899,1.0,0.6,0.0,15,5.827287192631647,4.784992909922988
15,8,0.6108297094131442,0.6584783599393419,0.31481872535576977,0.12225878878906951,0.11897999580671963,0.09030135800108584,0.00255045075017503,0.00528904501163637,1.0,0.6,0.0,16,5.941121325967723,7.82033993024568
15,9,0.6140918158138878,0.6794944027339826,0.34431274722472494,0.1350617917373912,0.1531808167509103,0.09918167383684931,0.00278476860637879,0.0055754483694701,1.0,0.6,0.0,17,5.898945572621705,4.694019051095099
15,10,0.5858240844955102,0.6164832489743811,0.2775151035086569,0.1443096622902989,0.20846511596946762,0.09032248546068962,0.0105970304025732,0.00222020321443437,1.0,0.6,0.0,19,9.288797365055231,11.782561740192277
15,11,0.5544799447300016,0.6015738551077283,0.2828840273614703,0.15502632593359494,0.4464606480206333,0.0926535057315234,0.013914701115912531,0.00406210772398277,1.0,0.6,0.0,20,8.963937452093194,10.466025013132738
15,12,0.5543740653648856,0.6014621216474958,0.28281433109191384,0.1550200113324276,0.1015288598794618,0.0926535057315234,0.013914701115912531,0.0040621077239827805,1.0,0.6,0.0,22,8.913046948438053,10.568016480150998
15,13,0.5558232929162337,0.6203176693886251,0.3090775807982012,0.17106110297036867,0.11787838993687949,0.09668140111757184,0.01391480027546795,0.004039693783818609,1.0,0.6,0.0,24,8.849045044521059,10.340429873712887
15,14,0.5558232944388993,0.6203176693886251,0.3090775807982012,0.17106110297036867,0.10503062045753492,0.09668140111757184,0.01391480027546795,0.004039693783818609,1.0,0.6,0.0,26,8.849045485283018,10.340428979427257
15,15,0.5120328514180195,0.574103697960973,0.27452808660530914,0.15983204256917313,0.3799504300453823,0.08582036958425296,0.00643796260932301,0.00495740854796,1.0,0.6,0.0,27,8.989017489165597,11.150758950903263
15,16,0.5116279012505645,0.5736838357513984,0.2741655515063242,0.15955541538742063,0.0898909183393062,0.08580429928782227,0.00601773843150759,0.00487132957707012,1.0,0.6,0.0,30,8.872663770455203,10.887548430075723
15,17,0.4915733422457565,0.5687954770898722,0.2837055659604401,0.1645959126102489,0.18848415743785943,0.0857077636093324,0.00428343890844354,0.00395179486069128,1.0,0.6,0.0,32,9.617964209448784,9.197682398628476
15,18,0.4914971370770796,0.5687054542214426,0.28365644568410414,0.16460806137866676,0.08931029848562436,0.08570694200467117,0.0043151870736813395,0.00397021457053181,1.0,0.6,0.0,33,9.63192162880814,9.213509873543847
15,19,0.47650464529194425,0.5697832501536824,0.2953487259795241,0.16619855217486382,0.18853681597007504,0.08002449573029449,0.00501357608365612,0.00366914670925192,1.0,0.6,0.0,34,8.683887388031698,14.746918606734342
15,20,0.47219168505546855,0.5649303233478072,0.29193373897488145,0.16494024515655437,0.09987956645852498,0.07986012418526403,0.00354115132342507,0.00400295199947492,1.0,0.6,0.0,36,8.672537635292949,14.162333476533346
15,21,0.46862108985379874,0.5604994275888491,0.28982151967746356,0.1609112388237245,0.11280756078247463,0.08065380077332449,0.0050596878428409405,0.00662701744493255,1.0,0.6,0.0,38,7.473766908512532,15.349011363987804
15,22,0.46864578340254426,0.5605084497011111,0.2898490428145667,0.16096576022610434,0.08411725028108742,0.08075903142657961,0.00498106378859906,0.0065577168195858695,1.0,0.6,0.0,39,7.453044664732367,15.19736965486311
15,23,0.46107143147062996,0.551482778499436,0.28421222625889975,0.1604017750271981,0.16756469171634686,0.08065380077332449,0.0050596878428409405,0.00662701744493255,1.0,0.6,0.0,40,7.690892708425207,13.635472600454854
15,24,0.47077693983162117,0.5204059022031264,0.25227692749493774,0.20273601737788416,0.41554591383661144,0.10503135990237591,0.02361437461347041,0.01805304254482514,1.0,0.6,0.0,41,7.974801723705129,11.700268995544612
15,25,0.46617330506813165,0.5146966568582304,0.2485666710137085,0.20201654784108983,0.13522301073516485,0.10497214630708125,0.02301396986657563,0.01767160279348311,1.0,0.6,0.0,44,8.123900400434623,11.298769543166452
15,26,0.43443135673092204,0.49211111059410917,0.24642912881087375,0.22598233513058805,0.23266833011824864,0.10521733926280816,0.017763341033413118,0.013999802593384111,1.0,0.6,0.0,47,8.396327194443469,11.032859368740672
15,27,0.4274932681878799,0.49711804861779196,0.266520497293276,0.24093788500191266,0.3475531346120537,0.11155435213507228,0.024691991394099038,0.01983189242361886,1.0,0.6,0.0,48,7.849039732227337,11.67716594008406
15,28,0.41011382898094956,0.4740629761031275,0.25062887629600733,0.23846209237809649,0.29589290168370624,0.11156096144360583,0.017849361727181788,0.01376755307939379,1.0,0.6,0.0,49,8.217948515451145,10.550961171368174
15,29,0.3817075168391793,0.47788287880878094,0.2709049600446432,0.26439391903355264,0.10690903844975691,0.0904006511189566,0.01729540720651415,0.02175129887423021,1.0,0.6,0.0,64,10.792696031341814,9.408488306536936
15,30,0.3717707547619829,0.4666859707108691,0.2612846036265151,0.25713746683795125,0.13257086829875114,0.08193128143623381,0.01970270719327156,0.024469990832685688,1.0,0.6,0.0,65,10.453777840567792,8.94995469067927
15,31,0.34965244852782346,0.43111944520914935,0.24140236477557228,0.29456354839356597,0.23005799038400213,0.08501327258691634,0.02446188523318808,0.00664717804828574,1.0,0.6,0.0,68,8.019028337308942,9.474087701976696
15,32,0.34269725991661476,0.439780086376032,0.25854981661693,0.29212745249580313,0.1138634263397722,0.07826875133613556,0.030184560926377578,0.015601531604245161,1.0,0.6,0.0,71,7.708622310773895,10.967235781051516
15,33,0.3293194326199024,0.41996937399013334,0.24557730743477707,0.29228387845525733,0.2653804305243299,0.07806156462069712,0.02767112087346907,0.008964000704701821,1.0,0.6,0.0,72,8.921032010097807,9.921371479984607
15,34,0.3182153607258117,0.4042104108246856,0.2345157747711596,0.28538926895385175,0.20766112669168008,0.07451757390177667,0.02803041414647407,0.01111409975611587,1.0,0.6,0.0,73,9.994047143537085,17.10533077645544
15,35,0.3182153657722038,0.4042104108246856,0.23451577477115954,0.28538926906997375,0.09133692102926658,0.07451757390177664,0.02803041414647407,0.01111409975611587,1.0,0.6,0.0,75,9.994046563801462,17.105331962072
15,36,0.302931717982735,0.3804080082510374,0.21904045408989772,0.2852672121543754,0.29677205730970946,0.0725827418449962,0.028309581467053792,0.01166913391507172,1.0,0.6,0.0,76,10.49845362388336,15.428457102725268
15,37,0.2991942418459014,0.41103504037978067,0.263136667109756,0.3167692320640748,0.0929448330542446,0.069999074728187,0.02829954144822323,0.01083921786469191,1.0,0.6,0.0,79,8.741070551639172,18.924558726603205
15,38,0.28781624930392385,0.35047012837232167,0.2027189030399236,0.29796638088597704,0.2561347947745632,0.07892591722258699,0.02789409501393627,0.009107161324230801,1.0,0.6,0.0,81,11.569996271594604,15.187320568752655
15,39,0.287807103273963,0.36781465454319695,0.226621310274771,0.31095985539806353,0.09820781952146981,0.07922691059672242,0.02784010416294246,0.00900416572720252,1.0,0.6,0.0,83,11.60160328032362,15.01781564293506
15,40,0.2847917154362076,0.3822697466841643,0.247530383819449,0.3208942673722561,0.0940196149326778,0.07633455119560045,0.027834903560039682,0.009300130011165541,1.0,0.6,0.0,85,11.335122207434091,13.956367732435544
15,41,0.2860081604311601,0.383302981370831,0.2487260942759082,0.32233336254644274,0.09651995853031142,0.07778381093919004,0.027857390722373438,0.00913072661646867,1.0,0.6,0.0,87,11.54716738747376,14.771218791637567
15,42,0.29198461754432864,0.367059297217151,0.23021776061365268,0.34151826193156143,0.15812593866228902,0.09147871384839727,0.02535491801755682,0.01017598727552127,1.0,0.6,0.0,89,8.7961964462262,18.535198923553907
15,43,0.2665643155446575,0.3477810161802948,0.22706742439823874,0.3422409719166126,0.1445520027520602,0.07974298764168898,0.02653185330567382,0.00823310968676416,1.0,0.6,0.0,94,8.914211916309313,17.69562826580365
15,44,0.26904580663748684,0.3286534854616985,0.20478256373035805,0.3617861724515609,0.12204298427419356,0.08923863733970656,0.02228381273181438,0.0059158784784758296,1.0,0.6,0.0,98,9.32634467275292,18.35945465091073
15,45,0.26269739407458215,0.3364554637030983,0.2217260126033373,0.36957887476876794,0.1345899391990925,0.08703573321886807,0.021892692676926558,0.00633048901164993,1.0,0.6,0.0,100,9.549923054508442,18.405559440483533
15,46,0.2643307783523934,0.3371855192441829,0.22318488058792166,0.37806381995087923,0.12099811912109522,0.08905461096490183,0.0229595604656964,0.007490133635058049,1.0,0.6,0.0,101,9.133987429738314,13.208042441418035
15,47,0.2602569240147085,0.3471829709670183,0.24234859326566974,0.39117946257448083,0.172167935877857,0.08850758020765906,0.02357718520256004,0.00750522265614909,1.0,0.6,0.0,102,8.76767330585789,14.76671923865502
15,48,0.2828800446531884,0.34342652375173904,0.2188162328653581,0.40908195701926986,0.12344707762588981,0.09877460524952726,0.027751361180790118,0.02281417375359218,1.0,0.6,0.0,108,10.92916350925596,16.857396594757436
15,49,0.24156762185881053,0.367048641018022,0.29231366413275833,0.4392498302069244,0.13636045393865656,0.07575655230483518,0.03853957629445054,0.02461245122735192,1.0,0.6,0.0,114,8.796692257981187,17.671669625565276
15,50,0.23111065235671813,0.3145033214489437,0.23226717661042914,0.4241333921586125,0.16508469925532454,0.0691678346842218,0.04362811532387796,0.03495681639609194,1.0,0.6,0.0,116,11.081058068607232,17.25022248875172
15,51,0.23083904586941767,0.3139521566343194,0.23192426659454002,0.4241022450884694,0.09839767847782005,0.06916783468422177,0.04362811532387795,0.03495681639609194,1.0,0.6,0.0,118,10.848973704151074,17.669198729762623
15,52,0.2310346958157661,0.3601233161071366,0.3021730699691085,0.4712214918389163,0.13976308767119996,0.0798754359492482,0.0367769177363665,0.0209616266674006,1.0,0.6,0.0,121,9.396742023875584,17.776008752359665
15,53,0.2216056277435095,0.28563309031389017,0.21749553143791514,0.46269893365470527,0.21518438689903893,0.07616127088845018,0.04603531964808575,0.04077742844445647,1.0,0.6,0.0,123,10.768766645521128,17.15543365816522
15,54,0.20578306039149108,0.2924135400305181,0.24579107017618443,0.47802125800420237,0.3167592422820776,0.07504464164809238,0.03932088750193641,0.030487836395626983,1.0,0.6,0.0,124,9.402578614211272,19.931756796480897
15,55,0.20645954242886744,0.2891577707015838,0.2452258970968017,0.4780546695823727,0.12076522081303948,0.07564976808720857,0.04475249409674789,0.03401195187182702,1.0,0.6,0.0,128,10.06081171274904,19.494245568970168
15,56,0.21290775650540314,0.2928755574627745,0.25080962155888453,0.5047648647713138,0.12061564251289866,0.08609051830315663,0.04177706821557891,0.031913027995353685,1.0,0.6,0.0,133,10.311326737434973,15.598010387253778
15,57,0.18863035727785454,0.2464907595801063,0.21915341734244512,0.5013006936653418,0.4729731543949782,0.07768452756530266,0.04343853216240913,0.03108479028769524,1.0,0.6,0.0,134,10.71939400182988,19.28254402522188
15,58,0.18863035714587323,0.2464907595801063,0.2191534173424451,0.5013006936653418,0.1037502528513815,0.07768452756530263,0.04343853216240914,0.03108479028769525,1.0,0.6,0.0,135,10.719394014902552,19.28254399039444
15,59,0.1827200766182695,0.23115682923049252,0.20991879715397496,0.5073192561777227,0.24675735409635569,0.08084328059274107,0.039516933476862096,0.03243014820595858,1.0,0.6,0.0,136,9.625068781963034,17.209769210120065
15,60,0.1771612536821156,0.24443240894850743,0.2462838812876118,0.5606805911441055,0.12481269061349294,0.08498302705889305,0.04181135763598645,0.036524241286549554,1.0,0.6,0.0,155,10.12780423358596,17.958387949396478
15,61,0.16313622624117557,0.2411983416180039,0.25361346867468193,0.5814286959370732,0.14082191938802446,0.07376483248005086,0.044325373605839866,0.03508424437510762,1.0,0.6,0.0,157,10.600308368857489,15.969976372930518
15,62,0.15976198443103956,0.23026022182027453,0.24733120282487428,0.5789171105643254,0.2176001837260216,0.07427694077176221,0.04577569783307962,0.03672773082876521,1.0,0.6,0.0,158,11.154615493241138,17.013820604157505
15,63,0.15536220043702204,0.1840692348270158,0.19246836563549216,0.5749400387289946,0.10996487777204297,0.07315808733288955,0.04717413928537606,0.03390042733114261,1.0,0.6,0.0,170,10.269459217325524,16.15061169580628
15,64,0.13821387096622859,0.1714761449808121,0.21078438799007262,0.657639293207995,0.13190376062169998,0.07478811724665707,0.045024744609341624,0.03271093581326916,1.0,0.6,0.0,185,10.581376084997142,17.151182474270566
15,65,0.09892373309331905,0.1120660363837181,0.19537147609327402,0.6461699825227373,0.21942231067457488,0.06371226947523734,0.04374570396191651,0.0304267372780335,1.0,0.6,0.0,191,10.065259421876553,15.097313918809562
15,66,0.09567458114625282,0.09351900368830979,0.18517833749902982,0.684208193817862,0.12814990041069055,0.06853355973905137,0.04164240658209738,0.03186060806492213,1.0,0.6,0.0,197,10.547617418030704,16.023680958622755
15,67,0.09567459103721598,0.09351900247311876,0.18517833628383878,0.6842081928589974,0.0935196045550585,0.06853356069490925,0.041642402963682504,0.03186060691642953,1.0,0.6,0.0,199,10.547616927774754,16.02368017521113
16,0,0.8835740211035932,0.8336830027952122,0.3761001332203773,0.01177941068226946,0.0,0.0,0.0,0.0,1.0,0.6,0.0,1,10.811351193860578,26.32079071006747
16,1,0.7222058788329249,0.7376290776500458,0.34439930232242066,0.0797816944692426,0.874943181357687,0.07418066765092637,9.608415042257e-05,0.00012881158174017,1.0,0.6,0.0,3,9.1688272965684,21.17001158981928
16,2,0.6501966878183675,0.6765056960353377,0.30778502899540716,0.08611319296256777,0.38292279807755697,0.077923829239237,7.948649689061e-05,0.00011297615973571,1.0,0.6,0.0,5,7.852050345290134,8.81053289937263
16,3,0.6501966720507415,0.6940658016703483,0.33172018087701527,0.09066950651074865,0.07797193052950954,0.07792382923923702,7.94864968906e-05,0.00011297615973571,1.0,0.6,0.0,7,7.852055101295886,8.810487998054102
16,4,0.649813478824205,0.711281606840256,0.3554388792940418,0.09693818913674793,0.07955841436049158,0.07791527432949982,8.438336797969e-05,0.00012054007162794001,1.0,0.6,0.0,9,7.794550425072804,8.30183290388127
16,5,0.630370436342766,0.6766566534808026,0.3239491234955455,0.10907183346253016,0.32272721759227857,0.07167851919896524,0.02398137447013938,0.026313770465565923,1.0,0.6,0.0,10,7.430311302574593,10.583222818132567
16,6,0.6232633439775612,0.6871998798443082,0.34132632008154495,0.10962319422978992,0.08407227745828927,0.08002139920872395,0.0004056607270823,0.0007051892247158999,1.0,0.6,0.0,13,8.227444550450736,8.90850356098559
16,7,0.5751036923361462,0.6228636820626295,0.28035068345698305,0.09360101724754652,0.3015146535868513,0.058370091160789825,0.00146801896771123,0.0018735784168320499,1.0,0.6,0.0,14,8.171221435988773,8.56745014147537
16,8,0.5626893873821026,0.5932515981933576,0.2503211785886958,0.09437398071407468,0.11238165507595102,0.06234656601488155,0.00102915670495395,0.00128494002420682,1.0,0.6,0.0,17,7.618870495253138,7.650926310315175
16,9,0.5601432518639949,0.6082955044431392,0.27660818467793197,0.1191528284863566,0.11371051190246512,0.07265829032538301,0.0011197926759389401,0.00181257839717551,1.0,0.6,0.0,20,8.203483304365871,6.541988261196738
16,10,0.7027987567540669,0.760745172098928,0.3950503692088665,0.1571957501560923,0.17658652238481523,0.07820764681362362,0.03858536327717862,0.04039873975177013,1.0,0.6,0.0,22,7.66531846622898,9.717888890833642
16,11,0.6292041293322401,0.692672442708752,0.3445246973692191,0.13570113066133443,0.21280128101931808,0.05304928959488323,0.04445000487824914,0.0394920959245531,1.0,0.6,0.0,24,7.210635667349085,9.866961419346218
16,12,0.5092667294600619,0.57117130189521,0.2722259713477406,0.14655826877364803,0.16764790510294397,0.06551271446293266,0.038176220333762265,0.042275433484637984,1.0,0.6,0.0,27,7.995737996794334,7.432522660416419
16,13,0.5959024631555926,0.6613062085041964,0.3261108841031591,0.15577314754093635,0.09978513948543585,0.0593301897196716,0.03882996391377625,0.04265671922012508,1.0,0.6,0.0,31,7.598449358364666,8.236166166492785
16,14,0.5727613160951548,0.6736123978835837,0.3593803562163382,0.15832929124474696,0.09078593140068524,0.06403470147115513,0.029190247013134503,0.04544495420652467,1.0,0.6,0.0,33,9.75251936232128,8.98655998007145
16,15,0.5712529982398156,0.6896596806973168,0.38237438997533213,0.16308490804074835,0.0958594749308389,0.06403470147115513,0.029190247013134503,0.04544495420652468,1.0,0.6,0.0,35,9.825770106199377,8.342820505840718
16,16,0.5712419187050695,0.6896484269675087,0.38236734387911525,0.16792537905353974,0.08159325449440735,0.06403470147115511,0.029190247013134503,0.04544495420652467,1.0,0.6,0.0,36,9.825135605607782,8.346387868236
16,17,0.5801419293417007,0.6809745969531378,0.3647895093138704,0.17595215361370137,0.14066710809255445,0.06948925861083743,0.02375608116098167,0.03703410227295527,1.0,0.6,0.0,38,9.402982787234006,7.941219202352221
16,18,0.551332887625389,0.6519343401707369,0.34462865081081745,0.17410204999612727,0.1572606871579295,0.0639893579615757,0.0236833476965227,0.03641703333155187,1.0,0.6,0.0,40,10.172101221630689,7.171837445532868
16,19,0.5475222785998127,0.665637890002225,0.365338399508289,0.18545228273214287,0.08021408756284444,0.06186992027712655,0.02357255580562073,0.03681791464990469,1.0,0.6,0.0,41,10.231002087442498,6.895961772066476
16,20,0.4447801862862107,0.5353233531314456,0.2677456424276759,0.16514133509807127,0.139959617308928,0.0350196246852981,0.052829359033526424,0.00421904834003849,1.0,0.6,0.0,42,9.018854290188369,8.19493447360842
16,21,0.44831820789208604,0.5549163838081222,0.2971329147189547,0.19186843211882504,0.12037922828396996,0.04607533809153996,0.052872269521234624,0.00445380374891757,1.0,0.6,0.0,44,8.608256343655272,12.882010612653543
16,22,0.46741084179833925,0.556656115789354,0.29203323016227467,0.21160451938966487,0.11859877213523154,0.05724158815680597,0.06437935542535225,0.04461835096138891,1.0,0.6,0.0,45,9.395373106056365,8.166291716046064
16,23,0.4435784186646224,0.5452038650034076,0.29763093547936526,0.2179220988918563,0.21529029027306976,0.057514344258555325,0.06265117046550485,0.03767741473838213,1.0,0.6,0.0,47,10.690651846218918,9.139023137537144
16,24,0.4184023514537603,0.49982389194414173,0.25041587205986027,0.19390069116175535,0.1831646361490447,0.04753777067115135,0.05293505493000951,0.00452836635916352,1.0,0.6,0.0,48,8.97879629840781,4.303933576393806
16,25,0.4325755086554818,0.5486611715678684,0.3127925505320115,0.22579600062173463,0.12433946234552143,0.057514344258555325,0.06265117046550486,0.03767741473838213,1.0,0.6,0.0,49,10.822574814563511,7.97285093775968
16,26,0.4092394524241948,0.5057446923361268,0.2669031817208236,0.20109309762436217,0.1538286146518818,0.04696592486273471,0.0529762198741117,0.00473705784291701,1.0,0.6,0.0,50,9.232222368953645,4.1369714094883845
16,27,0.5997774184890171,0.7135561839972921,0.4815602854522608,0.4057724889242684,0.2916875248592167,0.23265006385273984,0.06266353963340353,0.03884848608575585,1.0,0.6,0.0,51,11.433343115814418,7.133674111377965
16,28,0.4066360552181175,0.5021120713492134,0.2649483162266975,0.20165269947955106,0.09986348217513782,0.0477962698483956,0.05293637744848795,0.00499024042333006,1.0,0.6,0.0,52,9.26709167331338,4.175803996318463
16,29,0.40347633197710725,0.49804142489911074,0.26233363964878564,0.21502057118685194,0.091417798740276,0.047576558297190104,0.052939923832594646,0.00484365672963232,1.0,0.6,0.0,55,9.207275749447897,4.168352519816593
16,30,0.3999881467052703,0.5114338349649321,0.2831714771536057,0.21940625731287927,0.10464378572091437,0.04625084095084829,0.05292450106141564,0.00467612240216063,1.0,0.6,0.0,56,9.152626912855114,4.203992449917314
16,31,0.40888437815674666,0.48412686616698314,0.24479632436793897,0.23040175008968336,0.1111654636111048,0.07008525001251223,0.03363974715710917,0.01064831084766293,1.0,0.6,0.0,58,6.7100919152182215,5.550069605918222
16,32,0.4083282331319537,0.48338653151321215,0.2443357609314975,0.2303599150295801,0.0937392581654904,0.07008525001251223,0.03363974715710917,0.01064831084766293,1.0,0.6,0.0,60,6.782455558256183,5.5000075899647065
16,33,0.4037054137777616,0.5285034889449834,0.3129651498727816,0.25731073745309235,0.1489938095919184,0.0595737102518971,0.057904437319471216,0.011224004850220789,1.0,0.6,0.0,62,7.610831723616951,9.304456750051909
16,34,0.435025783712158,0.6017791340220615,0.38843503213220565,0.3225802183652858,0.10938866075850759,0.060840816199642454,0.07283116162775458,0.04600469470510647,1.0,0.6,0.0,75,8.900769506987787,8.211257878540275
16,35,0.4028067731356598,0.543087514611757,0.33690102693855944,0.328244737257425,0.10105184678032678,0.06431864569628165,0.05816542974062873,0.045192770289116155,1.0,0.6,0.0,81,9.34305946368162,38.16460696927223
16,36,0.4391767226304463,0.6833901546163824,0.5174683901043873,0.434235388265166,0.14240219648782063,0.1114812751163192,0.04668504487677836,0.04787229097757088,1.0,0.6,0.0,93,6.149612626870282,7.168909386625104
16,37,0.43327059122360123,0.6913403048455539,0.5367777958634107,0.46931687366830843,0.16721344298820165,0.11370942314862069,0.04893805119053615,0.04912217447447096,1.0,0.6,0.0,98,6.155819607351989,8.20399275840016
16,38,0.4211804448452743,0.6759174957471136,0.5256573230250334,0.4615105064705488,0.17687330370657817,0.10926819287819992,0.04961001210394924,0.04951462793445663,1.0,0.6,0.0,101,6.730824354313626,6.8323910070328
16,39,0.38252343650516824,0.6265921512192347,0.4892186024369782,0.43697564429959274,0.6442775313278626,0.08030988259612035,0.07249986316860108,0.05210181223711918,1.0,0.6,0.0,102,9.306729241080305,10.138618602825863
16,40,0.3746280509509081,0.6499256643680895,0.5295843573481023,0.457550200522197,0.129987704146262,0.08105369833260452,0.07050318326626126,0.04747731847232931,1.0,0.6,0.0,108,9.530074465410523,10.55242408671624
16,41,0.37002641066133957,0.6423669377220868,0.5252543045682629,0.5077892040716199,0.14906092665935608,0.08236405139524752,0.06996092457109396,0.044037603220820024,1.0,0.6,0.0,115,8.377402561214604,13.513300727017697
16,42,0.3653314859633229,0.6005030991437951,0.4728347469466848,0.48466318108649403,0.15600530363983406,0.08126125445109399,0.07023596195911015,0.04551860790093813,1.0,0.6,0.0,117,8.466381117203873,10.932719236531018
16,43,0.3653314858984757,0.6180632047788055,0.4967697349655902,0.49085468075027117,0.12340407694092681,0.08126125445109397,0.07023596195911015,0.04551860790093816,1.0,0.6,0.0,119,8.466381116150028,10.932719133396011
16,44,0.35852095497220204,0.6256039935863742,0.514058104230514,0.4974106504887503,0.15597563317920365,0.0792661046216129,0.07173647643479206,0.048255349385730936,1.0,0.6,0.0,121,8.685260305498243,10.930680348893793
16,45,0.34840895138969336,0.5909046075473189,0.4801207224279027,0.5054432650279218,0.16394405240917942,0.08070494984711195,0.07224988393667099,0.04857454155321552,1.0,0.6,0.0,123,9.516574787309615,10.279096404512504
16,46,0.3160200630693946,0.6766367798522033,0.6151768566912881,0.6449982723218222,0.10231330405683281,0.07790249743467595,0.03566620493922708,0.03254633480900433,1.0,0.6,0.0,152,9.062692322332706,11.057296652592724
16,47,0.31068198593915075,0.6867460433092261,0.6336996501475828,0.6545252374194123,0.15820187157192284,0.07634418001484226,0.03483625662072823,0.03587537065899381,1.0,0.6,0.0,153,9.14553750545027,9.848673657687677
16,48,0.8836383454072042,1.3579761210512347,1.3498061758260242,1.3422051156111354,0.6840342689694857,0.08065163636488148,1.0,0.04038882854165302,1.0,0.6,0.0,185,7.732936102726688,9.336790032392484
16,49,0.8862911054095397,1.3774682310596433,1.3763369174044278,1.3651259138702536,0.6882678538129187,0.08434002642610734,1.0,0.04081832449135276,1.0,0.6,0.0,187,7.388334160459594,9.134008970302052
16,50,0.8836038852311494,1.3412591755589856,1.3259055440411467,1.340363233733694,0.7008242975006853,0.07935444427661757,1.0,0.04333790807389351,1.0,0.6,0.0,189,7.183822604217785,9.37317426359538
16,51,0.8830901461116036,1.357145585793611,1.3492350918833789,1.3643236366108495,0.6822218278029486,0.08050757862552085,1.0,0.04253047044752774,1.0,0.6,0.0,191,7.066848509330477,9.5326193338871
17,0,0.7846186714399526,0.7671126359021848,0.3346865661532848,0.008086588297982152,0.0,0.0,0.0,0.0,1.0,0.6,0.0,1,15.215029891686653,24.46480112079465
17,1,0.65387696302653,0.6813725220358687,0.3168854253055657,0.09536558079025219,0.9393618607210151,0.09398971358614719,8.620262535665001e-05,0.00016261796939809,1.0,0.6,0.0,3,13.212656116728573,19.46055755364153
17,2,0.5510987970528534,0.5807429865033735,0.2548899407538707,0.09592730686413027,0.57634333837947,0.0956023462506196,7.254320572176001e-05,0.00011889421148334001,1.0,0.6,0.0,5,13.096838972240985,8.026419783803886
17,3,0.5503603380090423,0.5975104242569927,0.2784252291644632,0.10344231891867524,0.10078300282833587,0.09584782709962306,7.545902741601e-05,0.00012367307833538,1.0,0.6,0.0,7,13.088348864980317,7.891139201027273
17,4,0.5489118459226923,0.5959167856371419,0.27783467326912265,0.1053961038617991,0.12191411970225037,0.09689976118065365,8.995879078892999e-05,0.00014743737046675001,1.0,0.6,0.0,8,13.367788637391492,7.117225779365056
17,5,0.5020052290390324,0.545358393024526,0.2435564378298101,0.10160731259801065,0.2920501862541839,0.08111322461516206,0.013938341010838781,0.01553430727633554,1.0,0.6,0.0,10,13.270338969902076,8.162142683495649
17,6,0.46675787943393676,0.519252949885228,0.24537190372237613,0.11733700184436044,0.3709113537494525,0.09419402826743284,0.01438633104743552,0.01226371799036834,1.0,0.6,0.0,12,13.70161333224198,8.212488987566763
17,7,0.4615187187138472,0.5283380803255404,0.26721229122778456,0.1405533133141859,0.19060874719674042,0.09007564432227576,0.035265029069473305,0.029955322416012807,1.0,0.6,0.0,14,13.54122608256003,9.41768507829656
17,8,0.4462114242174393,0.49031133221244805,0.23190901890745316,0.15493455776214485,0.19035902422817275,0.10597287678634945,0.01478570939847195,0.01354961646466997,1.0,0.6,0.0,17,13.023098743969168,33.200556349949274
17,9,0.44660844061889066,0.4906979498310062,0.2323128390895671,0.15294364633340243,0.11570373555195589,0.10643006757918569,0.01474400545988506,0.01350697624389292,1.0,0.6,0.0,18,13.043756497925337,33.24501485834155
17,10,0.4427572851443149,0.503367534410891,0.2530421185725725,0.16147040500737872,0.15663499357846924,0.10597287678634945,0.01478570939847195,0.01354961646466997,1.0,0.6,0.0,19,13.71659753836266,31.849129732918072
17,11,0.4134909315655361,0.4863475690824755,0.2506000020410699,0.15512606454634986,0.15300256567794893,0.09302867078228097,0.01490399633814427,0.01245252899791833,1.0,0.6,0.0,23,14.24075921355707,8.775328867926293
17,12,0.3722723487464924,0.4416952158525421,0.21087651888257114,0.14257179632528807,0.13168728910235986,0.06137911581020818,0.01497067407679813,0.01593390600028852,1.0,0.6,0.0,25,14.317448378369946,8.399756553083172
17,13,0.41055405268820416,0.44374541574183884,0.20172107297985054,0.16837359788259995,0.13083750124853455,0.10259486850760455,0.01503873101991286,0.012624359746166611,1.0,0.6,0.0,27,14.679133753873794,10.154636849155658
17,14,0.4041246950863845,0.5200845471952542,0.3166435205490901,0.21436984909219592,0.20137618692554443,0.08033308160172709,0.06262731261277724,0.09163464071534531,1.0,0.6,0.0,29,13.30648230408577,8.511243934482671
17,15,0.3131981398138133,0.4215060858379224,0.25334717244911364,0.19855873629720464,0.7976189280205656,0.04951647832763289,0.04791540117167409,0.05202421953306833,1.0,0.6,0.0,30,14.314435379084696,12.5979393150275
17,16,0.297084427885363,0.3903027615949064,0.2371687520085112,0.19388755050833822,0.2748673629266197,0.05594147576206824,0.05146679748305447,0.01656345792461529,1.0,0.6,0.0,32,13.520283903865671,8.495555672408766
17,17,0.2876810510890323,0.39176681825368476,0.2510904726105865,0.20409738425517254,0.1365517472659883,0.05594147576206824,0.05146679748305447,0.016563457924615298,1.0,0.6,0.0,35,15.231030490204532,7.971536050073368
17,18,0.2827285900164491,0.386761797263298,0.2461318654657259,0.21328436549781837,0.08250294033425029,0.05103889062883876,0.051500603127946284,0.01663753885511864,1.0,0.6,0.0,37,14.198760837546596,9.370334991135971
17,19,0.28109844979981025,0.3899606877435661,0.26699045447127123,0.23581380454427162,0.37825455001571257,0.06729351162014216,0.05024427620186487,0.01621787217785409,1.0,0.6,0.0,38,14.768650378061164,7.55739051493535
17,20,0.2683492331185394,0.32154945422308334,0.18200857489699046,0.20086377064820515,0.10965500534628816,0.05856513433489635,0.04983827154027379,0.04718041243743168,1.0,0.6,0.0,41,15.50392110192012,8.371662881280132
17,21,0.27339297611191093,0.3786459739705383,0.25880841491365764,0.25241823370196315,0.10970737531457364,0.06261250533738776,0.0530047298497078,0.02492892906701469,1.0,0.6,0.0,42,14.405935355009207,7.949136034886095
17,22,0.27223980000894454,0.3945138776683118,0.28146366166335174,0.24915640601489603,0.10318132930368253,0.06257713112041688,0.05206225672491238,0.01726475878520221,1.0,0.6,0.0,43,14.936644973886516,7.639098290687824
17,23,0.25410544154709064,0.34915843244241435,0.23777237784846686,0.22622759646182264,0.2873584797066912,0.06631681373600654,0.03495894077023929,0.01943096824342039,1.0,0.6,0.0,44,16.759743678671505,6.840133004522841
17,24,0.24275984800010506,0.38727026169010387,0.29762705710905013,0.25116898705104973,0.10136371506305297,0.05798515532947485,0.03611090939607698,0.016685467202666927,1.0,0.6,0.0,47,15.565402792145496,6.971682298879801
17,25,0.22148134947997458,0.329865365458656,0.24841112203442248,0.2569176674804709,0.25965785178190454,0.05837379418570195,0.033287642824794,0.01836533222664289,1.0,0.6,0.0,49,14.596613273986424,7.107229975984589
17,26,0.21716541940760242,0.3398858914870638,0.26724402445924805,0.2646064201793969,0.107499120689751,0.05827822686215125,0.03163050053552407,0.01745105995901951,1.0,0.6,0.0,51,15.56347525985699,6.925486439004024
17,27,0.21633584346935839,0.35567228302935383,0.29011576850823784,0.27378375749815403,0.08618964395761564,0.05828094295785498,0.031803411414336305,0.01752998808803518,1.0,0.6,0.0,53,15.529094715048,6.844270849929052
17,28,0.21601018978682976,0.3375644171774972,0.2657998572214591,0.2644752426559621,0.0813986289953252,0.05827823782170236,0.03163049790655756,0.017451070663964598,1.0,0.6,0.0,54,14.994191382774556,7.052896420407516
17,29,0.2629335001973799,0.28572401647844037,0.190209724027864,0.33808823458489534,0.23581044690542874,0.11288269784829157,0.03639080822782616,0.03853652928764609,1.0,0.6,0.0,56,15.63011222724341,5.107628654569098
17,30,0.249645523075292,0.3094065639993069,0.24432362115138143,0.4024864971275468,0.16393345403883805,0.11020474377209652,0.04239052999649935,0.03853318894200447,1.0,0.6,0.0,66,16.58316567223212,5.068623588855245
17,31,0.24653012798057383,0.28513440518128846,0.2161442116760543,0.36832950152759825,0.19527671016464188,0.11223265432910993,0.03870699500960073,0.04597741195109165,1.0,0.6,0.0,67,16.088744292169814,5.882116679975343
17,32,0.23732078184043578,0.28499821230515393,0.22824837786071642,0.38132506939662103,0.2792450853285647,0.11037626403995526,0.03817598950328599,0.04429932902699099,1.0,0.6,0.0,68,15.615249460974953,6.163252925153299
17,33,0.23341153507764562,0.27623863344674693,0.2227938708824729,0.38392191085709254,0.21551224717541895,0.1103145276843485,0.038256291468843254,0.04458311074042958,1.0,0.6,0.0,69,15.350810374374356,13.962206426526445
17,34,0.20866471964287292,0.26713694426007545,0.22136405270864074,0.43122960537665544,0.11297569063839341,0.08624483020340169,0.03965632864323177,0.04071660638948652,1.0,0.6,0.0,80,15.981006337871596,5.338097510321726
17,35,0.19502238082882528,0.23493354599019065,0.20147708546624782,0.44117168518207295,0.4169594522368955,0.08707557716810703,0.038919208763217486,0.03668466236415713,1.0,0.6,0.0,81,16.35502976343416,5.320204591533996
17,36,0.19335815442128193,0.230272091835561,0.19876701195171853,0.4445244383944411,0.15955869905626044,0.08791583900438753,0.0383561059550315,0.03634386835468908,1.0,0.6,0.0,82,16.50161541222449,5.1742862408648005
17,37,0.19309041004016958,0.24650047362619892,0.2220566845084387,0.46532088325304216,0.11989930337327642,0.0884242375934926,0.03831657786612737,0.03975751138715047,1.0,0.6,0.0,84,15.6797281911157,5.364431013086018
17,38,0.19169734147195397,0.22626737169974462,0.19627564341958428,0.4599757174362107,0.12120319688566128,0.08791583900438757,0.0383561059550315,0.03634386835468907,1.0,0.6,0.0,86,16.138363504809206,5.235948906354927
17,39,0.19361408467427293,0.20601180461504798,0.1726134302906282,0.460736565443828,0.15302699830252475,0.09123611926796373,0.041420815622601956,0.04228665668143785,1.0,0.6,0.0,88,16.44951386453432,5.197174943183235
17,40,0.187933675580262,0.3179693021887511,0.33256884861606306,0.5173240048678527,0.13505440316950215,0.08165156708565514,0.054001144802332014,0.052190626415245,1.0,0.6,0.0,92,17.329379341981635,4.486849353374887
17,41,0.15077420747238574,0.2919501218967823,0.31698120862809864,0.5103869625753203,0.09802166463941672,0.054753694984531455,0.04408998593708126,0.0722821344137369,1.0,0.6,0.0,98,16.501057050789758,4.691737340604065
17,42,0.14524256262144597,0.27541165891314145,0.3073071963369672,0.5176327557336714,0.25367159399067524,0.05638719719581935,0.044078143344191176,0.07359455277433041,1.0,0.6,0.0,99,16.42631259649945,4.905113681157854
17,43,0.1354990631781493,0.222045457434955,0.24641613719410524,0.5011286907528391,0.20840439692974005,0.05209568404257042,0.04386447967336287,0.07284041878023363,1.0,0.6,0.0,100,16.697350141612535,4.810180947209525
17,44,0.13317132891308597,0.21800320738758,0.24341989950733528,0.5161008644119829,0.09015214753592583,0.05069380268872566,0.04407700125209975,0.07434267562670104,1.0,0.6,0.0,102,16.753493053109636,4.0533781271319285
17,45,0.12367077864200364,0.2442624364336757,0.2989964778901018,0.5447760150003528,0.10939972488118709,0.052590937952570284,0.041833700953091815,0.06040914435554205,1.0,0.6,0.0,110,15.982998954027687,3.484252561997086
17,46,0.12163371170872064,0.25636240550959105,0.31950598265674496,0.5525081783793221,0.10293045890447218,0.05215463822359758,0.04243325620821266,0.0583199107348791,1.0,0.6,0.0,112,16.123566200313274,3.3293794952505853
17,47,0.12248399054138995,0.25711527299026016,0.32031653896008294,0.5586777879544536,0.07922968002505101,0.0528345697203802,0.04280936483176585,0.058298106501221914,1.0,0.6,0.0,114,16.317967707712405,3.4055077171923887
17,48,0.12334934149929383,0.21911902820450221,0.27178790313038376,0.593213093578306,0.10921738620088065,0.054215178197318206,0.04549498860533505,0.05714175377330148,1.0,0.6,0.0,116,16.461016327695354,3.490401224158731
17,49,0.1069064728639511,0.21481244221923262,0.2936052660734679,0.5720723912943955,0.20771108100593197,0.04906763762384025,0.04734806850772503,0.05783633643315629,1.0,0.6,0.0,118,16.86483740930655,4.500556827920369
17,50,0.10590270944341754,0.23605966610353754,0.3185260266897556,0.6135285787982714,0.07902307184842548,0.04615106260592825,0.04643956080756949,0.060535420581390886,1.0,0.6,0.0,123,16.98527069952967,4.693024655971101
17,51,0.11243315744094781,0.27662892767606345,0.3724689899188725,0.6335640193214724,0.11245019443046259,0.054069257483046765,0.0450761247337847,0.07330649304928982,1.0,0.6,0.0,125,17.027030862384102,3.5478231894800145
17,52,0.10854826399154763,0.2363698652137183,0.3201829043173485,0.6438555363229809,0.08053613987207786,0.050874115711473544,0.04502382608161211,0.07381095452017665,1.0,0.6,0.0,128,16.698078589883767,3.848185734074109
17,53,0.10657903609681675,0.26498522985418227,0.3641536476727129,0.6697095622840691,0.0932243726252109,0.051035312790699824,0.0454059549347753,0.07449226099468287,1.0,0.6,0.0,132,16.581952391382966,3.5273479642152137
17,54,0.10832118284174036,0.23852419700801628,0.337381120531795,0.6818611967915145,0.10184022210754465,0.051338541107461534,0.05680759446516344,0.07016838233505343,1.0,0.6,0.0,138,17.938920205906136,3.177169198199955
17,55,0.10461338328616385,0.21198692231663327,0.3074447380935863,0.7140813426137039,0.10290040897529903,0.05010354334833163,0.05702796815966282,0.07848769314354634,1.0,0.6,0.0,142,17.347443378307016,3.625888596032047
17,56,0.10460307001819752,0.22936637193344925,0.3312949605032441,0.6817459342881248,0.08677818639708477,0.050143056257480764,0.05708392796836671,0.07864530969150316,1.0,0.6,0.0,143,17.352969799339782,3.631387192315034
17,57,0.1111544075142778,0.22936516344258623,0.33497235955013316,0.7030786890432026,0.13985378632126674,0.05995013816145409,0.05696045787300689,0.06760987962378227,1.0,0.6,0.0,145,17.72401652883175,3.200701174160604
17,58,0.10346019421558664,0.22050781404515615,0.32676295416122086,0.7262227513365224,0.09215502857592209,0.05234847779328304,0.05772573293410682,0.07780197664864114,1.0,0.6,0.0,148,17.655829328397584,4.246226701975542
17,59,0.09919592438802609,0.24779083742878194,0.36878849649871215,0.7465112641924034,0.09698554888938615,0.050280593622878136,0.056898853828624585,0.07956994300802374,1.0,0.6,0.0,152,17.322747906975216,3.613622518332194
17,60,0.08447452789891108,0.23186778111830775,0.3695889535995848,0.6684826807418429,0.08988370858090725,0.045096836547653056,0.05537375206334479,0.08027803715417951,1.0,0.6,0.0,169,17.00262163921043,4.7094920512858325
18,0,1.0,0.9046961814487088,0.42027757249422515,0.01571871112004485,0.0,0.0,0.0,0.0,1.0,0.6,0.0,1,6.005169229180574,25.9671514580859
18,1,0.7762625020557448,0.7804660332269818,0.37098010784577,0.08198783830473053,1.0063964919674446,0.07400186300659092,9.382744657846e-05,0.0001297760244269,1.0,0.6,0.0,3,6.9452596646765645,20.862670982173963
18,2,0.6748899648242267,0.7004999206223156,0.3295667068330406,0.10457755159301746,0.5757977434945531,0.0960643235679456,7.755875171542e-05,0.00010788923701325,1.0,0.6,0.0,5,7.598660340132378,8.697870219792124
18,3,0.6627707536344533,0.707407648201136,0.347718312296375,0.109956739107773,0.15892474904288814,0.0982751547505004,0.00011295809697950999,0.00015713201447986998,1.0,0.6,0.0,7,8.590223749349786,7.198751102528305
18,4,0.6351887764229678,0.6639565906987628,0.30508238366600204,0.10961961468102112,0.15112049845531964,0.09131326951453066,0.00027502348027643,0.00042967179217724997,1.0,0.6,0.0,10,8.565730598440593,8.349549457698068
18,5,0.6119489865055735,0.6599069139574323,0.3189380291690011,0.1259522913441861,0.38793217914848394,0.08203979618451147,0.030567969836005272,0.02168212369662199,1.0,0.6,0.0,11,7.511923227437405,9.273230870294192
18,6,0.5930236216939587,0.6411902678725376,0.30833843560403484,0.14016570421122673,0.20382715055335376,0.09849521932196292,0.0077472193978062095,0.00865179923624276,1.0,0.6,0.0,13,7.845474587991984,11.117028135847557
18,7,0.5924430117876633,0.6581675693101484,0.3319360999161176,0.1466311382935359,0.1062594778890479,0.09853061795523269,0.00779848982264242,0.00870905609185285,1.0,0.6,0.0,15,7.848639964313055,11.2135885706709
18,8,0.5875781934666064,0.6532108032010365,0.33050061511631756,0.16138943170099151,0.19520652102335745,0.10146266225402505,0.010180619610613301,0.013173428998528849,1.0,0.6,0.0,16,8.053410708624098,11.85276784200582
18,9,0.5840515930906189,0.6670853107699479,0.35351424886451643,0.17148600601190817,0.14558923165296703,0.1032162774717718,0.01330635818585113,0.00805825527858057,1.0,0.6,0.0,18,7.916778143463718,11.413403261372215
18,10,0.5485993886616342,0.6475585193992037,0.3528880119154438,0.16313547450694466,0.4189560549936143,0.10199100059376372,0.00877985394074653,0.0028778985597857397,1.0,0.6,0.0,19,10.060805887411352,14.749167195713952
18,11,0.5289360096018457,0.6073644894296012,0.318456481914117,0.19098314674524203,0.21742308359476392,0.10428859321068965,0.02075756713966895,0.02088225846290795,1.0,0.6,0.0,22,10.68637576297959,10.490215401232796
18,12,0.5026553738377965,0.5963615957998653,0.32075393568874067,0.18764443527128097,0.140974472277623,0.09297915220185,0.02254568845602109,0.02272766043012586,1.0,0.6,0.0,27,11.52709783263166,12.314874858395235
18,13,0.4987500332519708,0.5913776726613014,0.31867463248072975,0.21074810407242642,0.13331086799115596,0.09094111105553204,0.030446380899920723,0.0535565801589026,1.0,0.6,0.0,30,17.96207962200051,10.96294477589574
18,14,0.4943972524060287,0.5628596295107234,0.2985918090226092,0.22125846764444845,0.5060739198325408,0.11466203701493656,0.03796590538004862,0.31791741167568893,1.0,0.6,0.0,31,19.705733282979303,6.95842234174278
18,15,0.4723252422756119,0.592970622450396,0.34879223132751,0.22682818939001542,0.12541037497058438,0.08429032936947875,0.055224413254695646,0.02612817530783617,1.0,0.6,0.0,34,9.463967258879762,13.107900525260693
18,16,0.4379965211740084,0.5142722136092038,0.2733398093908172,0.2323695156774708,0.3151784961896364,0.07072955834538472,0.0757433041823671,0.054062903560940276,1.0,0.6,0.0,36,11.667386199371316,7.631752313042193
18,17,0.41716104228973494,0.497165093511697,0.2820490547864376,0.24905258662710936,0.29421793449233125,0.1009855885074977,0.05328102756384564,0.027098604682420917,1.0,0.6,0.0,39,18.890581986039106,17.258528082442947
18,18,0.40810607934616816,0.5182817192081954,0.32207924363214163,0.2644462189140297,0.17360914216285753,0.10327912531805954,0.05330405963431697,0.02732407058110837,1.0,0.6,0.0,43,19.439337077984863,13.195514161856575
18,19,0.4008122530008464,0.5023694338253117,0.3172031374160368,0.29327324233248525,0.244319852260024,0.11134303623467715,0.06201700703948202,0.08842197146721466,1.0,0.6,0.0,46,18.580669755409662,15.031257172806816
18,20,0.39063375369879466,0.469641985563705,0.30681965074985723,0.3221908745911805,0.4467314226895322,0.14307092316536701,0.05313660906748126,0.1939551982249852,1.0,0.6,0.0,48,23.69186558200423,9.89169108087409
18,21,0.3349858658432162,0.3928109374089699,0.22705210604155718,0.2656920030844237,0.21014054398451662,0.09510248575579368,0.04946350146629448,0.10508439149404691,1.0,0.6,0.0,49,15.68514026386958,16.123162575877668
18,22,0.35764173307506075,0.43183216160098636,0.2735716092036232,0.30453178645587015,0.1631860951812189,0.1009351676497768,0.08046566305606472,0.13046923120502252,1.0,0.6,0.0,51,19.557586783419005,10.620466109069746
18,23,0.36835673631779176,0.45675332436164595,0.3079842214533883,0.3315259574946694,0.24237094117326663,0.11837448438841977,0.0774137442466272,0.12820327200607448,1.0,0.6,0.0,52,24.276774740300944,9.502342322328197
18,24,0.32442566720661997,0.3935703917219431,0.23998232595748764,0.2867060153777645,0.1427086667195836,0.10291235600070785,0.03400800894148036,0.11113561740055906,1.0,0.6,0.0,54,14.6884052899314,13.413800023533138
18,25,0.3297534615903024,0.4138566507219314,0.26900439431863454,0.30138752644232025,0.19103091521305382,0.10040857711269346,0.05313738880454899,0.4526744352358354,1.0,0.6,0.0,55,25.40829235525017,18.603219214622865
18,26,0.30079127227670704,0.3598347679136367,0.2364241727027224,0.30392199475430487,0.6685455993341198,0.10311652266812232,0.05315294506884864,0.45598099390623875,1.0,0.6,0.0,56,26.25510060209924,12.91536732075907
18,27,0.2899397262128817,0.34016509573937553,0.22383131472860857,0.30490696324942007,0.31017955420534915,0.10327931440659024,0.05131007570051924,0.48543706278491305,1.0,0.6,0.0,57,26.074045115889096,13.38220664823906
18,28,0.29306782728920183,0.3779766002133657,0.27565184712549207,0.33820517284026763,0.15056688609385593,0.10015292446585031,0.06655939404318548,0.4105187672662858,1.0,0.6,0.0,62,26.15143430457292,27.94810064065496
18,29,0.3104886210274313,0.3912461469548937,0.2912612228968725,0.36032116057358804,0.19672168699199025,0.1036347672209681,0.09319172562346706,0.46247735007101004,1.0,0.6,0.0,63,24.123240965983555,11.959968147885752
18,30,0.2670042656935149,0.30905605208760245,0.21867142494534628,0.328884903923091,0.5347173106310033,0.09881588977169749,0.06396292629241865,0.34273000480932625,1.0,0.6,0.0,64,26.7178082076691,10.777369606436023
18,31,0.25661336313839433,0.32573395808773076,0.2539464330774046,0.32263105462555886,0.27972089818193413,0.0827296728146613,0.08582501676023331,0.051057392810793314,1.0,0.6,0.0,65,14.5078657152838,10.394140703011905
18,32,0.2614736210153593,0.32033512492722555,0.2558336056649872,0.3503481806623506,0.3294151904525396,0.10140809872020876,0.07783011601662126,0.06303593210597494,1.0,0.6,0.0,66,16.018600538597617,10.05275166709254
18,33,0.2579216873499294,0.3323575804818038,0.27562059606075484,0.3669749854195057,0.16352892817955927,0.09143805662924258,0.09134669959009928,0.06981593331330331,1.0,0.6,0.0,68,16.69697378183213,10.87064137831262
18,34,0.24129215410319554,0.282388450502866,0.23011531724778372,0.3651387079114748,0.41227008811770055,0.10259608619795786,0.06653739330967942,0.41387569054781326,1.0,0.6,0.0,69,26.544106244435994,18.999078477489
18,35,0.24117390197444905,0.29956278764550603,0.25384514153976,0.38108651050563913,0.144857601585603,0.10268882573132714,0.06653657255157239,0.41385588334183865,1.0,0.6,0.0,71,26.58117595422056,19.38815352711043
18,36,0.25062076738364464,0.30242115779625406,0.26112408530587,0.3918580298674272,0.2671411787446055,0.11611165687877398,0.06842533129556967,0.43346767460014235,1.0,0.6,0.0,72,25.81801342598561,15.45554238212665
18,37,0.2360235317820123,0.26592281161655085,0.22113354605945368,0.37000584442764156,0.21764600370453252,0.1059278398307669,0.06654821411428302,0.41526586651267416,1.0,0.6,0.0,73,26.06579777036153,19.83146433594555
18,38,0.24282647540621172,0.272349033678753,0.227809604632856,0.3837185529496103,0.1591659112829959,0.09572351850227187,0.09536749085414872,0.07284473759565732,1.0,0.6,0.0,74,24.120026080097453,10.099273319992754
18,39,0.22711287341386802,0.26354131064817926,0.24993661679236012,0.40789231442875024,0.38338516154663593,0.10268154864869146,0.090760024357733,0.41791846420221035,1.0,0.6,0.0,76,27.11536626689291,17.206648864620252
18,40,0.21453834110298767,0.28509307270541767,0.2848635428301776,0.4345843532229644,0.14663926645469877,0.1031520170493955,0.0701194387146955,0.3319775611858343,1.0,0.6,0.0,87,24.66139916167656,25.01222339926012
18,41,0.32955810977025624,0.4326066127911843,0.4292511775919162,0.577481216613617,0.2757977497439212,0.16282628887161676,0.14534954253540136,0.3981555569753204,1.0,0.6,0.0,92,33.79633878000378,23.46983504634817
18,42,0.31444902417250636,0.41667725487016105,0.43135817635111073,0.5796983639930333,0.24741484989068047,0.16282628756773684,0.14096421048900615,0.39848631288146813,1.0,0.6,0.0,94,33.80032186278509,23.4695113126306
18,43,0.3309874286538518,0.3489212517804667,0.3467968524184035,0.5247226578681965,0.3093286741476936,0.17400899850877286,0.16481235601758087,0.3547812650503929,1.0,0.6,0.0,98,38.10614153236036,20.809914982275515
18,44,0.21998478559077586,0.33619286145976485,0.3766349064686098,0.5240916930592922,0.18682533434796006,0.09542841433011312,0.11800474857148331,0.26062460564909934,1.0,0.6,0.0,103,24.082071364989822,25.16755879428908
18,45,0.20421364940680647,0.3014175090133867,0.3532349080232746,0.5277827985389656,0.25591383679937774,0.09070696184216416,0.11808422142031778,0.2617759007092711,1.0,0.6,0.0,106,24.62926412895237,29.117961784180103
18,46,0.19666894373799604,0.2523916883290649,0.2952051244935605,0.47916812584428947,0.18869603961454773,0.09615484761099388,0.10234905010327904,0.18990357129680624,1.0,0.6,0.0,109,24.97254203767624,25.04779623280143
18,47,0.21678963033250767,0.45885024357491,0.5757740001048657,0.6949707793499996,0.18494900478427945,0.10688064825795904,0.12421586458119435,0.3948746038042955,1.0,0.6,0.0,137,25.81741728506432,15.306442512551916
18,48,0.19280455154519865,0.4440568768477725,0.5722004546801811,0.6712905661153944,0.29045134595828354,0.10098504641409418,0.10148676332468749,0.347758352159004,1.0,0.6,0.0,138,26.65128008500725,23.531924221484235
18,49,0.19268274106116362,0.46126275793979205,0.5959151019848309,0.6896980067657581,0.16365007704488083,0.10098504641409418,0.10148676332468749,0.347758352159004,1.0,0.6,0.0,140,26.61405984253954,23.415521250316303
18,50,0.19081998476299195,0.431797238501645,0.5658270838671877,0.6840481456604651,0.2326588269899089,0.09732456207912613,0.11311522970192237,0.3523950961504176,1.0,0.6,0.0,142,27.20757740263444,17.202431295375387
18,51,0.19097992718185405,0.44057904595052466,0.5860507846960676,0.7029838031383067,0.22798147605044972,0.10129758328602308,0.1142106159132091,0.42457492819405945,1.0,0.6,0.0,144,26.776771076997903,17.891380685527018
18,52,0.19188959994596516,0.4555153006416811,0.6093518162472338,0.7204151771095161,0.1922335006558828,0.10677760324253045,0.1094802873562118,0.331350571760264,1.0,0.6,0.0,147,26.1522836846164,18.076663505544488
18,53,0.185016617569168,0.4575862103032734,0.622620556818449,0.7309457765805255,0.20383939672878587,0.10270981643001416,0.11171549448746496,0.3960339668286992,1.0,0.6,0.0,150,27.43307474312067,11.002236084648764
19,0,0.8647988618088236,0.8215281707651679,0.36853857956162356,0.011105157604491463,0.0,0.0,0.0,0.0,1.0,0.6,0.0,1,11.593590540990052,25.675421081293084
19,1,0.7652322437901102,0.7757453987364011,0.37480187738986276,0.09861819019035917,0.7395170190603313,0.09188667706711172,9.306642838590999e-05,0.00019948378666025,1.0,0.6,0.0,3,8.137925900429778,20.84952640690917
19,2,0.6976890040956809,0.7193766159540705,0.33828318214616476,0.09805923494676852,0.33508298630695954,0.0880551324245775,7.698238670016e-05,0.00015205442285816,1.0,0.6,0.0,5,6.332119882014734,8.683308572320676
19,3,0.6943788023035036,0.7339013678464387,0.3598065451447389,0.1023404521196852,0.09447609175390022,0.08667423162124868,7.047255192284e-05,0.00013810087898165,1.0,0.6,0.0,7,6.428863610670115,8.797010216376531
19,4,0.692272901238774,0.7143725284265067,0.33421752010157824,0.10344776415020339,0.08949719093490263,0.0855265532107353,9.000693751226e-05,0.00017152169676498,1.0,0.6,0.0,9,6.160138485989174,8.6789347841464
19,5,0.6590338884477422,0.684597693161113,0.3135196328156948,0.09975860520263014,0.3057148717375865,0.07960437260638394,0.00036804683347795,0.00087823456510217,1.0,0.6,0.0,10,7.081764320039762,7.568660540487992
19,6,0.6956701307784863,0.7348660353507858,0.36002430519661244,0.12216339210267169,0.2018512241957246,0.07213395738192487,0.02261809327308812,0.02565700262656322,1.0,0.6,0.0,12,6.592292520275312,6.807202701435903
19,7,0.6418464899283681,0.7047936022822033,0.3543827381765532,0.13048680835104107,0.14693290154177757,0.0739842226574812,0.01977939584079398,0.015358835123133649,1.0,0.6,0.0,16,5.943582585069999,6.488445186871908
19,8,0.5701155870296974,0.6182105223551614,0.28087045113276926,0.10187748545626787,0.2725808016177072,0.06313921733735092,0.0085793600395727,0.02255187972634952,1.0,0.6,0.0,17,6.35660472978252,5.393421673598042
19,9,0.5617892411722362,0.6275175594848353,0.30064838022697865,0.11205180832744993,0.12183435421250291,0.06389982627192217,0.01162058695389919,0.030559780632650767,1.0,0.6,0.0,19,6.160781059124353,5.271797163218841
19,10,0.5615628262447399,0.6272823663554026,0.30151683365991894,0.11869064031571071,0.10102493621550147,0.06661438734477428,0.011572014668454809,0.03044909960188985,1.0,0.6,0.0,20,6.47074818670985,9.440309603139614
19,11,0.5614244445927168,0.6447034080435049,0.3253653021717888,0.12531719365622188,0.07421089651213034,0.06661438734477428,0.011572014668454809,0.03044909960188984,1.0,0.6,0.0,22,6.429148479706873,9.577417249492362
19,12,0.5339815567667391,0.6165000222454056,0.3082696614214071,0.13518620588347594,0.1638040714158053,0.05574297582522304,0.03167439508369957,0.04944140058957154,1.0,0.6,0.0,25,6.823489830022256,4.808702949756452
19,13,0.5285145786465318,0.5932481092887238,0.28038022303992877,0.12886533085268798,0.09989665002336018,0.06814064742424149,0.0091876245031327,0.019476813538200518,1.0,0.6,0.0,27,6.510345851781034,5.837836605936749
19,14,0.5152462924984814,0.5973515387039735,0.29217360815987786,0.1357719915489157,0.07459189859512828,0.0583112153736461,0.00894235417123099,0.021841937695913,1.0,0.6,0.0,30,6.721568156229201,4.735784726137455
19,15,0.49139050821392405,0.5719307532355948,0.27500500803910405,0.1436425269527347,0.26541303827908036,0.054848799213486565,0.00874017008051828,0.02317702513872709,1.0,0.6,0.0,31,7.044147610456503,5.989407398141522
19,16,0.4776340507164932,0.5744291445558183,0.28908318119372073,0.15456087292148626,0.12356588491609612,0.053529787674014825,0.00879104137958504,0.02376687131771921,1.0,0.6,0.0,33,6.6401156654190405,6.312866959573136
19,17,0.43734150901924074,0.5570314522345741,0.31467243142146417,0.2233456663804182,0.14416956091827202,0.052524248081335344,0.05629335302534395,0.0845629774667834,1.0,0.6,0.0,48,7.469609710337599,6.170950021000414
19,18,0.4347798386646571,0.5715569116608793,0.33645953640307374,0.27275138632942786,0.08829456854692935,0.05176793056125003,0.056407256229028355,0.08464450965946202,1.0,0.6,0.0,65,7.856377854137155,7.559438703061019
19,19,0.43442927470165055,0.5705946954294361,0.33662706067717907,0.2746128083823444,0.11107561583260027,0.053633544035194755,0.05667666161938747,0.08491143661888866,1.0,0.6,0.0,66,7.733330426103696,7.38633273639839
19,20,0.42807907200553996,0.6117091177952826,0.4060070614539383,0.3226740067616713,0.16321664154122734,0.06802930518792484,0.053721489619000785,0.0986703098617646,1.0,0.6,0.0,69,12.128496414873007,11.342311196102594
19,21,0.39025015117911566,0.5633471267746527,0.3732207839949081,0.30929514879463404,0.42268044468451216,0.06593721828420365,0.04529962512467085,0.07677299444494619,1.0,0.6,0.0,70,11.663923366219196,10.43716958546318
19,22,0.3779057212597028,0.5323491173398583,0.337298142628487,0.3261967754083114,0.09166255964539882,0.04301018768139659,0.06751159939018339,0.08828387385437243,1.0,0.6,0.0,82,7.453200332879213,7.006511537556623
19,23,0.4011937926168597,0.5534104114057541,0.36140199454167343,0.36816911865866436,0.21182554202618392,0.0738279180770831,0.06466960523968171,0.11246812746138264,1.0,0.6,0.0,83,7.027921794816035,6.4547625473704615
19,24,0.3626886756337868,0.5561792183302803,0.39718022422446864,0.36879970358020986,0.18619906587802698,0.0658535787574996,0.05601068771498804,0.09961588513091371,1.0,0.6,0.0,85,11.8784901234126,10.485170069921542
19,25,0.34817334435837105,0.5504293216857653,0.4078228784162849,0.37757819704539036,0.23793685933337191,0.06383906126722512,0.06469892724579399,0.10436212796025127,1.0,0.6,0.0,87,13.3552765019731,10.13013974638596
19,26,0.3479966844557757,0.542024369326958,0.4080953536780259,0.39705665466207324,0.2785701076269369,0.07636788386488363,0.06808002204260219,0.10160543072429365,1.0,0.6,0.0,89,12.982676672456552,12.191362864563615
19,27,0.32384948384946705,0.5074455584796287,0.3837986925805481,0.39746456648699124,0.2959601670686069,0.07118546416646783,0.064434102153217,0.09567003320137168,1.0,0.6,0.0,90,12.262173198432894,9.669331672593714
19,28,0.3090728192148937,0.47523517346534905,0.3676066792894147,0.3980533473115804,0.5832861167497546,0.07792070510385676,0.07017135416400973,0.09563544083431004,1.0,0.6,0.0,91,14.095608380846391,8.877929304340562
20,0,0.823905287243564,0.7943016471173304,0.3516009112951107,0.009594867273571235,0.0,0.0,0.0,0.0,1.0,0.6,0.0,1,13.261423559587271,26.054341339723248
20,1,0.725176443510314,0.7432819131861494,0.35484234143050614,0.09740733447792935,0.767704579221959,0.09253101225939424,6.021386067371e-05,0.00012282785553929001,1.0,0.6,0.0,3,10.258785560586457,11.27236439757718
20,2,0.6712829875069269,0.6981722047736487,0.3314328530799483,0.11142792328245686,0.3748850875058907,0.1047366829166128,0.00024085544269487002,0.00049131142215718,1.0,0.6,0.0,5,8.632080571545897,5.454614250102383
20,3,0.6459621491640741,0.673662827064782,0.30998682407460454,0.09901484110748765,0.12659154475053017,0.08838009115636664,0.00016316012630823,0.00028865965148551,1.0,0.6,0.0,7,12.413791570577697,4.385939140335171
20,4,0.6390523881758005,0.6680858947836409,0.31062119947375777,0.11537542008996096,0.2539076843497306,0.09930935464484339,4.673439350826e-05,8.245144777406e-05,1.0,0.6,0.0,8,10.40246244133876,9.911077761395012
20,5,0.6080477487255218,0.6385516661517519,0.29340922021397176,0.11854240734299103,0.2558842561997791,0.10215019429002918,0.00043397755097354,0.00534907976032352,1.0,0.6,0.0,10,8.412428847900445,8.683254989578192
20,6,0.569602656766613,0.6002832793331081,0.2630339846430848,0.1095412775669048,0.1507347490185787,0.0848625492517495,0.00027805869843522,0.00401214141907939,1.0,0.6,0.0,13,11.598233694697086,9.109269658573242
20,7,0.5661704270715201,0.5967521469846402,0.26069397399875605,0.10898282589859246,0.1137148956019518,0.08449109492928274,0.0002650089617159,0.004008085616659661,1.0,0.6,0.0,14,10.242436629471811,8.954104041382084
20,8,0.5755426653723135,0.605844491894106,0.2739645943098175,0.1325650285964646,0.20842624838227922,0.10460042970647054,0.00033089516553375,0.004137104260210149,1.0,0.6,0.0,15,10.228066800921878,4.451841873367657
20,9,0.5819960754732971,0.6288425056391677,0.3117890938263959,0.17841181358787978,0.17455994242049463,0.11656269270290147,0.02673182430649631,0.03227325057402443,1.0,0.6,0.0,20,8.949734762056348,4.321428089592171
20,10,0.5563476822484295,0.59907455506288,0.2993070944708504,0.19651989418555804,0.579160320291281,0.13666974772361962,0.01984324262274379,0.02302296502925344,1.0,0.6,0.0,21,10.479522531941331,5.337124458424698
20,11,0.5052015343435751,0.5832616157545644,0.29558198962173526,0.18276873116999415,0.09714421027652272,0.08793596050155542,0.01325836592767748,0.01481799812714126,1.0,0.6,0.0,25,11.302405695892867,7.906083224217229
20,12,0.49824314753020604,0.5557977117602148,0.2702363883435771,0.19183033715031486,0.29842040143492926,0.10167734189310954,0.01130768335877982,0.02078173034543682,1.0,0.6,0.0,26,9.342404693071652,5.897757144152701
20,13,0.4954279069804342,0.570048113560159,0.29211235139407915,0.215512777156633,0.11363434799150655,0.10167731783682676,0.01130766430618035,0.02078175486615034,1.0,0.6,0.0,32,9.253485940217445,6.098946238451453
20,14,0.488322936120226,0.5989234565453306,0.3315221073086362,0.21722886005051906,0.09793256351216796,0.09012542185507932,0.010382061481156609,0.01632743239817415,1.0,0.6,0.0,33,9.70763380930868,3.930455375531979
20,15,0.47185558064611577,0.5978256269868243,0.342276248200632,0.20136061222329069,0.1187189593321414,0.08871599150818195,0.0057898805976132495,0.00753482405257353,1.0,0.6,0.0,36,11.109326081145491,6.794730256072606
20,16,0.4725629375972577,0.580457458606818,0.31974021808458314,0.20737275274191946,0.125610876936721,0.09179067092092827,0.006308949740912009,0.0042226013190665,1.0,0.6,0.0,37,10.839504376202363,5.09828495002642
20,17,0.4621416034206459,0.5687940889608778,0.3108788774873335,0.2081147987775146,0.1610604700291578,0.08743427069803321,0.006488334481699711,0.00618564998524304,1.0,0.6,0.0,38,11.559427161933082,5.280515540860789
20,18,0.4718894057015432,0.5213507783723255,0.253471322767045,0.2531414572408046,0.14614267093057826,0.11293836402348971,0.01311163929582351,0.014941915528564961,1.0,0.6,0.0,47,10.800777824577867,6.104170746327099
20,19,0.45068530631320214,0.514777130115178,0.25863010398525754,0.2462339826406226,0.17762722440572604,0.10561707088654562,0.00871923820061569,0.013709330291666998,1.0,0.6,0.0,49,11.639687671128788,5.019744946685431
20,20,0.39178558922724477,0.5198440404658742,0.2994264171274609,0.24594116962224816,0.13630541900525217,0.06335982000526398,0.01564220804437982,0.052301722726162236,1.0,0.6,0.0,53,9.882918053662072,58.56925103425479
20,21,0.3917599563400871,0.5182383795762421,0.3002185863400861,0.29118368197095146,0.08345269159174072,0.0694607660061359,0.013373243209954089,0.03445140970441538,1.0,0.6,0.0,63,9.369315202731936,52.95535176608087
20,22,0.38858730348678217,0.5320560016289894,0.32125918656653496,0.29924631020678255,0.08653581056335947,0.06796347928586494,0.013371773871252721,0.03448504786462389,1.0,0.6,0.0,65,9.51045209665975,58.13602376659529
20,23,0.38010695877547007,0.5054394926023171,0.28911947923845144,0.2826337957155162,0.09039003715129043,0.06156391397806499,0.01269986600972392,0.031405640056631975,1.0,0.6,0.0,66,9.317841560646269,52.34683793145224
20,24,0.3786286441018557,0.5203746424018092,0.31209680912777327,0.2938606123167692,0.11244441073462703,0.0630582117214319,0.013187773339035199,0.032291763415185123,1.0,0.6,0.0,67,9.762066284871349,58.39016425256423
20,25,0.38207130631573205,0.5040224419541783,0.2925426837628421,0.3137415782683566,0.10689881406814189,0.07269072516714077,0.013140683275579778,0.0326984853449033,1.0,0.6,0.0,70,9.88231076257698,51.99715450393105
20,26,0.3781589861567991,0.516733188606983,0.31292759125987746,0.3221576623695354,0.09532704481180906,0.07139196251860476,0.0129530468131629,0.03264813651754367,1.0,0.6,0.0,72,9.97905188165969,56.95433996254303
20,27,0.37796050719217167,0.5509405837434422,0.36086897115171634,0.38568478741418166,0.0828995642275096,0.073737497506592,0.01186273938835843,0.03300394925809503,1.0,0.6,0.0,84,9.484544789572404,53.176368426169375
20,28,0.37503442836363104,0.5478147927483381,0.35801520491001915,0.3832389866123412,0.08521902360894999,0.07128188840615812,0.01194572083347239,0.031391648850424905,1.0,0.6,0.0,85,9.477488835551084,53.17960412091181
20,29,0.36821404236642563,0.5560528369509465,0.3759770202996422,0.39256927280286824,0.16131208208563694,0.07099186766186158,0.011661946905937,0.03216205630864644,1.0,0.6,0.0,86,9.596864368347584,52.7998678023906
20,30,0.36712924060128854,0.5370766290946066,0.35106432080790506,0.38715875613357376,0.08866971932563907,0.07063615920796774,0.01182830055016639,0.03321317055522554,1.0,0.6,0.0,87,9.322165657516717,52.73434836370254
20,31,0.3642162593335838,0.5339564964637794,0.3482157522937165,0.3889321591924181,0.08208729403030925,0.06818308570069864,0.01191380715432174,0.031597929289788065,1.0,0.6,0.0,88,9.314591929819,52.737203486622114
20,32,0.36135130141509775,0.547051805293074,0.36975706813008125,0.39591411784606056,0.1278499842855579,0.0692525191299064,0.011824814033192039,0.03326573724603737,1.0,0.6,0.0,89,9.473640565338703,57.6743482552226
20,33,0.3616951063551125,0.5648173648586762,0.3940741153779185,0.40703419223149806,0.07811683115754188,0.06989503097685398,0.011875213727537259,0.03368893433876677,1.0,0.6,0.0,93,9.51025370955436,57.55423204924245
20,34,0.36131718081099296,0.5642913528070138,0.39373754485041523,0.41650261129266325,0.07935058061694207,0.06947415727892896,0.01253552791853089,0.03301934559681869,1.0,0.6,0.0,95,9.601973187721589,57.84506015890677
20,35,0.35940228805789626,0.5621880879658885,0.39187637005656656,0.43087357441542423,0.07754442558776029,0.06838131180460952,0.01191926024250342,0.0333598494076177,1.0,0.6,0.0,98,9.547034418842328,57.72055235763069
20,36,0.357958260983276,0.5951230271477619,0.438504550105872,0.4622856977178021,0.07974833103999757,0.06873175952217077,0.011853367982494329,0.033647488640769156,1.0,0.6,0.0,104,9.437345459295283,57.69833465488583
20,37,0.35796390537594547,0.595096064685412,0.43851853969796034,0.46236118832937967,0.07693904270025655,0.06881310825959601,0.011853712830967481,0.03375991940104557,1.0,0.6,0.0,105,9.443467265066046,57.67850066785338
20,38,0.34919491828697785,0.5844797066954646,0.4302174285810222,0.46402278761893045,0.12910020166570144,0.06448272228635755,0.011588066297191401,0.03211161816559917,1.0,0.6,0.0,106,9.814203463668816,58.043340117308986
20,39,0.34951248704995785,0.584731321843645,0.4305511611631255,0.4644797984691307,0.07395355844023364,0.06493828771023076,0.011610322777146211,0.0320839999623313,1.0,0.6,0.0,107,9.747678151796585,58.16843414389432
20,40,0.35425684345527175,0.5376594465914826,0.36327603499051575,0.49166140275454706,0.09062752477241157,0.051747925762300105,0.03818517496178533,0.0699752522933766,1.0,0.6,0.0,110,13.043472407149476,13.576422544137994
20,41,0.3470662145433679,0.5090291057869181,0.33302983166896766,0.4377725128243834,0.08491310005577768,0.06871329954243086,0.01244825928996488,0.0548321901202665,1.0,0.6,0.0,115,12.711547956825708,20.27547928394662
20,42,0.3424684376052674,0.500897202619361,0.3290761492821055,0.44313765275615463,0.1310940180618722,0.07017336456632497,0.014889181620900829,0.06235578218322217,1.0,0.6,0.0,117,14.220504680925483,22.307284262300023
20,43,0.3357233411693681,0.5109037525310792,0.34639445097057686,0.456251409824182,0.08180330783507289,0.06606142478138838,0.01328488157204826,0.0388690204522114,1.0,0.6,0.0,120,14.575973872139366,25.37184456344888
20,44,0.33328308055673667,0.5251662449172041,0.36802362832940766,0.47869916317533073,0.09810909524012947,0.06510017318114875,0.013765163088804211,0.0391768675853354,1.0,0.6,0.0,121,15.195007387609436,26.21541956961784
20,45,0.3311983389611094,0.5220411913280151,0.36607950660345273,0.478522569749055,0.08801917025610657,0.06510017318114875,0.013765163088804211,0.03917686758533539,1.0,0.6,0.0,123,14.907420405140536,25.1131184189958
20,46,0.31864790881426364,0.5039449573218416,0.35413792712879905,0.48521589616042804,0.22470450561243405,0.06354901840872605,0.01333429527441688,0.03871254148763016,1.0,0.6,0.0,124,15.560126300072236,25.171741776991755
20,47,0.32659021863146315,0.4749289709664282,0.31435832864344354,0.5341007092314566,0.08703132418012938,0.07322769134479193,0.01613648151547602,0.08153470911957741,1.0,0.6,0.0,136,13.14136031580551,19.229780006854604
20,48,0.3305274943375054,0.5119705185259124,0.3663013269376957,0.562852928605114,0.14422087412337664,0.07870542486111091,0.01969890512195998,0.07783546845935849,1.0,0.6,0.0,137,13.60202407012486,15.9649763953949
20,49,0.32814637314106126,0.5082321411253077,0.3639756826820098,0.5626416961309039,0.10218514031205367,0.07870542644934289,0.01969890991340471,0.07783546563321145,1.0,0.6,0.0,140,14.048028891731994,16.89924810431909
20,50,0.3163316412378801,0.6350849752240932,0.5437097948428669,0.6506904386913483,0.0849924047296865,0.07081847278559121,0.018430553360508008,0.03708929931675381,1.0,0.6,0.0,152,10.129439392391635,65.21958581797959
20,51,0.31434830817890635,0.6276472294555346,0.541803287133252,0.6901799052932955,0.15606160653645113,0.07817941550236834,0.018160764792471952,0.03690234446223615,1.0,0.6,0.0,154,9.845531314299144,64.92551806586022
20,52,0.3214549464168004,0.6880531864335234,0.6207155748693582,0.7204556132763218,0.10651566583361444,0.07519472852182453,0.033283620133037636,0.05167025236168319,1.0,0.6,0.0,159,10.259900839177435,56.214678401331405
20,53,0.3162175356162237,0.7013750113322962,0.6394097693060851,0.7381467903583337,0.09212547735093725,0.06775815469411006,0.0341930004801348,0.05818839454068507,1.0,0.6,0.0,165,10.149386166830832,56.74812824655675
20,54,0.29749152430857084,0.695270149312729,0.6445772781874006,0.7895548774666188,0.0778050761994132,0.06575294059936541,0.01969208748931294,0.03728550360403511,1.0,0.6,0.0,185,9.984462192440814,63.28468164884591
20,55,0.2908929622061637,0.7404101642733973,0.709759991259479,0.8328802454040046,0.07601188841613718,0.0608185317350768,0.01939804220369091,0.041433039303079025,1.0,0.6,0.0,191,10.165019197760705,63.436705835610745
20,56,0.2775999062454425,0.7030787675962173,0.6722356004302371,0.8300789976553545,0.10781123561553393,0.057417916487965105,0.01937797588705344,0.03589160533230889,1.0,0.6,0.0,195,9.911943585624046,61.27946806769224
20,57,0.26772569237941,0.7244432095574689,0.7099534140690045,0.8487910369207876,0.10942732679638949,0.052839077975259253,0.01997630512069616,0.03744759057777043,1.0,0.6,0.0,197,10.137226454312534,63.3058561197239
21,0,0.8907443274134657,0.8382705053674933,0.3789540206718261,0.012033891230171102,0.0,0.0,0.0,0.0,1.0,0.6,0.0,1,10.53040715670314,25.616016413902702
21,1,0.7434965222901615,0.7563546792528426,0.35895208515615284,0.08807776572267716,0.8522739314532632,0.08186678209014724,9.180857499576e-05,0.00013603250738114,1.0,0.6,0.0,3,8.643776318596347,20.64191577694535
21,2,0.6943690577650403,0.7165854732312132,0.33670020498685665,0.09428289838927698,0.5244263827947533,0.08816230550997814,0.00057500778818395,0.00102491640932208,1.0,0.6,0.0,4,9.984855701227586,19.468264348915568
21,3,0.662031857540628,0.6887575417050857,0.321444671593767,0.10188363970579695,0.40680627471672154,0.09390330315278066,7.552694433243001e-05,0.00010958453235321,1.0,0.6,0.0,5,8.0565976416344,8.627604025992595
21,4,0.6587165341362456,0.7033732987844658,0.3437560491768684,0.10799818787535176,0.11093318302372766,0.09444478462725577,9.095513265826e-05,0.00013123428629559,1.0,0.6,0.0,7,8.096938307540565,7.165393150067246
21,5,0.6597479394167144,0.6872826712020228,0.3229205720793934,0.11733579223673943,0.12059301815858064,0.10014114777420262,0.00023513642149683,0.00039392940008901,1.0,0.6,0.0,9,9.421386738912018,8.522867334682168
21,6,0.5937857917147741,0.6243810221038494,0.28159581592596744,0.11026298483965918,0.631620461240136,0.09416552176561392,0.00052032778646225,0.00065045376161507,1.0,0.6,0.0,10,8.890068462736417,8.502392678423327
21,7,0.5778355892776373,0.6259743240264877,0.29525193486185597,0.11976405802577637,0.14068162037879325,0.09293847409221809,0.00104006050768115,0.00297247405639134,1.0,0.6,0.0,13,8.89549838779758,9.5560184822928
21,8,0.5742425441110531,0.6398926023345919,0.3167355979170805,0.12511925559264786,0.10783930108724311,0.09243722648335424,0.00105571524816874,0.0028322510544249698,1.0,0.6,0.0,15,8.508189308451254,10.283968714423468
21,9,0.5623010699738571,0.6279050163900746,0.30656759044883003,0.12665928772586263,0.09503596843518959,0.0791403542831294,0.01126284014428759,0.00925937954591627,1.0,0.6,0.0,20,7.276392978567688,8.554487470856628
21,10,0.5450016493092924,0.6274131599331911,0.3201417526610115,0.14499326838477408,0.1837489837630068,0.07830556230529472,0.01648817388257629,0.02018668529414843,1.0,0.6,0.0,22,8.8235509609339,5.978554907534866
21,11,0.5552165675151476,0.6365772875196595,0.3357325100700608,0.18821089909242655,0.27417308881480756,0.09448650223432395,0.03313725557982117,0.03548789922139739,1.0,0.6,0.0,23,7.704543773285522,8.343397635175855
21,12,0.544319270002711,0.6252296730578194,0.32661833729704326,0.1872336289721374,0.1645080918214813,0.08904158576930171,0.03314956520282743,0.03544208820810343,1.0,0.6,0.0,24,7.596767989673241,14.389149489974304
21,13,0.5316873037942276,0.5948486998797853,0.29223604193026337,0.16529736761353603,0.118034170477474,0.09344324077264746,0.014913562562838581,0.02207789227276005,1.0,0.6,0.0,28,10.77181247082652,11.626507535389694
21,14,0.49593896462608716,0.6075655541843024,0.33731811166424086,0.2025578753190587,0.15179715047346182,0.08454927055047431,0.02152632197594146,0.02562318420650308,1.0,0.6,0.0,34,7.413618205801169,7.950368748244458
21,15,0.4936471926588129,0.6224303415969357,0.3596928745156039,0.21627835143712448,0.10483563020433152,0.08486359393233603,0.02151637609360406,0.02632818471082286,1.0,0.6,0.0,38,7.299477854076661,8.086861804000124
21,16,0.47941228296981353,0.6070449824754496,0.34738411665644037,0.21401532531330364,0.16708588352235143,0.07763971957260933,0.021482684287255648,0.026366062554078567,1.0,0.6,0.0,39,7.092085634083988,15.09169690490588
21,17,0.46706090542698325,0.5940753434873676,0.33599466710316334,0.21569514638968817,0.09158005092318801,0.06757599952744128,0.023608760151339482,0.02987865766069474,1.0,0.6,0.0,43,8.469080721873343,5.470351407474194
21,18,0.45779181933829965,0.5653962306218558,0.30534674391137895,0.20955349264240253,0.19187920853197254,0.06807100174872226,0.02368441101930628,0.029906642434839807,1.0,0.6,0.0,44,8.455793280315099,7.978258106863553
21,19,0.44935577615271066,0.5903708857851901,0.34684430354845974,0.22567454209532517,0.17601849847044745,0.06824040674196102,0.02313403885078606,0.029808146926346778,1.0,0.6,0.0,45,8.052577808549508,7.026716669512428
21,20,0.43474504083734444,0.574154419825064,0.3339583789122019,0.21844829177976635,0.15760042988639236,0.06085281639268515,0.02310804302442307,0.02985205050795604,1.0,0.6,0.0,46,7.817329190490216,13.758192962641289
21,21,0.4365901209623748,0.557866408514053,0.3124407134921338,0.22191753673068626,0.10751298501645967,0.06462811196615588,0.02398682205799722,0.0305318244914776,1.0,0.6,0.0,47,8.139112313896424,8.869840704860911
21,22,0.43125864581641,0.5694335349537679,0.33171755081888715,0.2219669211972614,0.10996676173092913,0.06272116338322906,0.0230635435105461,0.02701917858149911,1.0,0.6,0.0,48,8.118136873845422,9.047690425486111
21,23,0.4272634095783447,0.5818967977304537,0.3526248976418875,0.23656182406436094,0.09403632775165294,0.06310448836372179,0.023056169427912908,0.02701727186532738,1.0,0.6,0.0,51,8.031757887769315,9.01279654124011
21,24,0.42713297076606,0.5781964266860468,0.3553225201752174,0.25713000642275613,0.14323050251974478,0.07282545623280459,0.0289046590015641,0.03120960225594836,1.0,0.6,0.0,54,8.074352660910524,9.274199941187554
21,25,0.4205493528725363,0.5884171009279375,0.3732042016272286,0.26512652537831183,0.10216142815273499,0.07067274749309724,0.02593253696080034,0.026899157465488932,1.0,0.6,0.0,56,8.269105335862509,9.290395938151924
21,26,0.41229649957964176,0.6284899139014634,0.43946445050728333,0.3019249648421366,0.15105300554421536,0.06586062289370365,0.04408895450567771,0.04449203290841503,1.0,0.6,0.0,59,9.75356687702092,7.221005034626421
21,27,0.42141450733552605,0.5985890993968288,0.4026834566206635,0.3186137250077518,0.14234383954083382,0.08392985025857706,0.04855927476672252,0.04903695874884968,1.0,0.6,0.0,64,12.423891529519954,7.593986277324453
21,28,0.4003779407052001,0.5741681133515738,0.3829820398571004,0.31745634768771924,0.11781453383126504,0.0734838409828225,0.0460830277723859,0.08644096044465296,1.0,0.6,0.0,71,10.38870824515979,9.3968157772885
21,29,0.38421874172871867,0.5561262203343239,0.36762596041868495,0.3091050414990877,0.15837392036949755,0.06258043062077355,0.04603100045603567,0.09330534304087555,1.0,0.6,0.0,72,12.397662330868156,12.47194563765314
21,30,0.3747203851408001,0.5602164152274884,0.3831812829250633,0.32401320821448004,0.15290375035321369,0.06258043062077355,0.04603100045603567,0.0933053430408756,1.0,0.6,0.0,74,12.802153335645372,11.739101190117031
21,31,0.3706457592924991,0.5710132993425938,0.40374746478584833,0.34158847538294024,0.13464505219403977,0.06451644858780281,0.04650285465796853,0.09335106014243157,1.0,0.6,0.0,76,12.768213576563058,11.687687887064133
21,32,0.3708663617853037,0.5705356298294514,0.4041352523302144,0.3432739016918328,0.11575542955326348,0.06620674036999312,0.04670647585882282,0.09323246806321143,1.0,0.6,0.0,77,12.75807688553055,11.67926744832953
21,33,0.38685731459746386,0.6030728223149326,0.4442996270943873,0.38360692980356514,0.12800817157731667,0.0824662193186477,0.05009152167933796,0.13002940154491333,1.0,0.6,0.0,79,10.14958087571696,9.526936639683504
21,34,0.38993034138717175,0.5878518173488136,0.42359621201859243,0.335549293233944,0.12835235731236028,0.08897566505497431,0.04707796569328499,0.10848234765398815,1.0,0.6,0.0,81,8.948839968039053,9.21814332774142
21,35,0.3775016689580758,0.6088990523901227,0.45936466505842216,0.39530771566156275,0.13281603088050548,0.08218356040416032,0.04363713258306734,0.0903838290774882,1.0,0.6,0.0,83,10.21009991135166,7.981445348763255
21,36,0.3525995596904711,0.57364024613164,0.4359971464791756,0.4211393654122658,0.4020215159598311,0.07478360264585689,0.049650778778964275,0.0692752482870113,1.0,0.6,0.0,84,9.792648803415217,7.651193891126639
21,37,0.31755392954959166,0.5408530921891045,0.4253114667079364,0.4173858349552751,0.48597637078966144,0.06681441150303763,0.04838070619197473,0.05919454709035663,1.0,0.6,0.0,85,11.39308320855975,10.46892060653816
21,38,0.3138380976588174,0.553029033079456,0.4454949197736151,0.4489836782355049,0.10290167670606842,0.06560895295249182,0.04861679663899363,0.0578038572684811,1.0,0.6,0.0,90,11.563471741801926,10.51208814264059
21,39,0.3149969113756469,0.5133898211696891,0.3985482045440173,0.45235653416098753,0.24009673615316224,0.07557073340586531,0.04848431291112492,0.052782499823728866,1.0,0.6,0.0,91,11.34354786294261,7.793566655238714
21,40,0.3148720414644949,0.5307414648573108,0.42235352254417047,0.4537174278141657,0.10564113177533191,0.07557073340586386,0.0484843129111257,0.05278249982372611,1.0,0.6,0.0,93,11.212464572716751,7.897480227187054
21,41,0.31468408445174606,0.5480685315829759,0.4460979849568445,0.4739811294570797,0.1050700533996438,0.07554760534186795,0.04832202366566969,0.05280331966809957,1.0,0.6,0.0,95,11.25031017385108,7.857083420168086
21,42,0.2944255327778046,0.5763009495851382,0.49736296609080294,0.488489837493306,0.13906507468798865,0.06518753237963278,0.042077043703679776,0.06696821227771785,1.0,0.6,0.0,97,10.303405654705587,9.157491965347928
21,43,0.2915827978200593,0.5705919604843239,0.4942804910351333,0.4893454640557441,0.12421711182619369,0.06512888603756993,0.04424355567239343,0.06913291968376925,1.0,0.6,0.0,99,10.381308899886848,9.143433044263505
21,44,0.2898290494802062,0.6037967780133889,0.5403822148780797,0.5143024794031368,0.09113392650960862,0.06459811763425391,0.0425842759700026,0.07666160874134804,1.0,0.6,0.0,103,10.380701606924806,9.20193709286214
21,45,0.28409154487115307,0.6089474311913151,0.5578803925028932,0.5345454017974389,0.16783689206155872,0.06466290648358096,0.04813563992085365,0.08454935834034487,1.0,0.6,0.0,105,10.558453366398275,9.284497534185489
21,46,0.2819222230791887,0.6212285549893644,0.5792594276384004,0.5582224695625435,0.12934648342273974,0.0681380984541726,0.04555468762198773,0.08131420528345815,1.0,0.6,0.0,107,10.672935019365926,9.273882207658362
21,47,0.2753038574581666,0.5906434448219945,0.5477983991462136,0.5535167421943149,0.23383958575424277,0.06697356532441025,0.0500394695962693,0.06992010604510168,1.0,0.6,0.0,108,10.50299236564624,9.88119067858756
21,48,0.26418860495347163,0.5781521677775143,0.5364696518648158,0.5410717215856241,0.09482141614060287,0.060485679960653925,0.0451614090827926,0.05615959632782316,1.0,0.6,0.0,112,10.808525025083746,8.834684217064005
21,49,0.257805709397393,0.5671796645524733,0.5293309512787202,0.5710405409109367,0.10265077163254933,0.05827277334922006,0.04746991727619705,0.062493353500807515,1.0,0.6,0.0,118,10.88380953636606,10.888752847400452
21,50,0.25577269722240553,0.5818201084428399,0.5510788864556482,0.5713937034573138,0.08881563893365993,0.059847907020302314,0.04321001971378561,0.05301931684111545,1.0,0.6,0.0,124,9.482786460486222,10.202744936265717
21,51,0.2613188183643899,0.5335645345302094,0.48462227190827867,0.4862849328526566,0.11563386668510976,0.06440646411161406,0.04706111435189807,0.06703377559284436,1.0,0.6,0.0,125,10.662212775029662,10.9505420543208
21,52,0.23247229993819662,0.5642237915243185,0.5494403570628674,0.5951919498166661,0.18372004417170654,0.04860763092142792,0.04561378312231805,0.05941963807393562,1.0,0.6,0.0,127,10.48596070878434,9.544819823325732
21,53,0.2249665999313283,0.514493157365047,0.4925237824443503,0.5004433206510013,0.0933947038371486,0.049026828513112033,0.04510290555360308,0.05934092386645499,1.0,0.6,0.0,135,10.605453384373194,9.927104940563838
22,0,0.7832208142627255,0.7661252550845424,0.3340723541225943,0.008031868317060155,0.0,0.0,0.0,0.0,1.0,0.6,0.0,1,15.78501297366877,28.84524172408849
22,1,0.6855906411012103,0.7068558995681267,0.32482398565634274,0.07699688358821687,0.6954777810982158,0.07304611435176686,8.528012446389e-05,0.00015288848137871,1.0,0.6,0.0,3,11.357703423114652,23.671406641160345
22,2,0.6567400078735421,0.6834482969945456,0.3160755523124116,0.09485706788598469,0.2708763052651261,0.08843802505077748,7.165583818872e-05,0.00014464238456182,1.0,0.6,0.0,5,8.549779130092798,10.0868426700078
22,3,0.6567375009776997,0.7010062590619737,0.34000939329239777,0.10098101751990023,0.08849130548019268,0.0884380250507775,7.165583818872e-05,0.00014464238456182,1.0,0.6,0.0,7,8.572517949270729,10.113694023479091
22,4,0.6264408760261366,0.6721915262313972,0.31695685681937463,0.09156187462774101,0.2183124878206093,0.07480720847170767,0.00017935532457973,0.00023095568585365,1.0,0.6,0.0,8,10.339329816634905,11.485817268062918
22,5,0.6263614001173355,0.6897177842701664,0.3410624164363762,0.10672711959924931,0.07796167923092248,0.0752657140802818,0.00025951161107451,0.00031773285316409,1.0,0.6,0.0,10,10.090217789752709,11.022226518565658
22,6,0.6093123653960542,0.6389897622235474,0.28554003903806296,0.10774497475190217,0.2788545597393599,0.08074284254741268,0.0002050214926683,0.00042580212722973995,1.0,0.6,0.0,11,11.010933568778515,12.428116487660857
22,7,0.6259922833475792,0.6734317931939476,0.32790112598903204,0.13398986843159486,0.12104807820455055,0.10132038049920644,0.00085595997190866,0.0007107508118149,1.0,0.6,0.0,13,7.707837588281867,9.049929365587396
22,8,0.5970985684911811,0.6802242075826742,0.34923747911612435,0.11542903428866932,0.1261801246055636,0.07782209057185452,0.00071877897728754,0.00132617912862073,1.0,0.6,0.0,14,8.976345366301953,8.838469246437464
22,9,0.5403414438130308,0.6045810411239156,0.2949211419682965,0.11965743404618732,0.7794139816466695,0.08414057550546863,0.01555773662339747,0.03940855933984913,1.0,0.6,0.0,15,9.634861675786071,10.949872661120535
22,10,0.5403414449747105,0.6221411467589261,0.3188561299872016,0.12578545209680775,0.0934755586739836,0.08414057550546863,0.01555773662339747,0.03940855933984913,1.0,0.6,0.0,17,9.634860028239668,10.949870298110126
22,11,0.5403346838652716,0.6572538555424086,0.36672157249023724,0.14710895217517508,0.09348878734166294,0.08414057550546863,0.01555773662339747,0.03940855933984913,1.0,0.6,0.0,22,9.6460422614889,10.965903541187052
22,12,0.5385352187259373,0.6553791249232009,0.36528969788195287,0.14891217562968695,0.10380138034951263,0.08303294081229823,0.01623301594937679,0.038255809589357134,1.0,0.6,0.0,23,9.646584039854734,10.915788829008829
22,13,0.5037454795279087,0.5996372931545363,0.3174348678105724,0.14050639576955604,0.44660533436826244,0.07653577299739658,0.02632572999746858,0.04660822761465589,1.0,0.6,0.0,24,10.27024374995533,10.251469978848377
22,14,0.4881015739370624,0.5660675670796745,0.27867613258991303,0.1515163034164345,0.08548844972041861,0.061603914776389976,0.02975931795720004,0.06106574348461731,1.0,0.6,0.0,29,9.468625755790644,10.729002886413522
22,15,0.4979259495417608,0.5558062122525893,0.26955390594953726,0.17987347444136842,0.29440211934543103,0.0856325998094281,0.035015649072562896,0.060523063493505315,1.0,0.6,0.0,30,10.907394901127438,14.88836732968279
22,16,0.48569270117327445,0.5428824977128859,0.2584856321786432,0.17400964119438728,0.14508615176288336,0.07380085640672811,0.04137876642336513,0.08353906547238041,1.0,0.6,0.0,31,11.251615129102984,12.423146859648853
22,17,0.4906714382952153,0.5646761311341741,0.28827664255525465,0.1875913042367871,0.14644602493388525,0.08614032845813399,0.0350248024273919,0.06051872305558499,1.0,0.6,0.0,32,9.57806174245427,13.564084410094278
22,18,0.47562484187066945,0.548401112453772,0.2749295275009637,0.18901787532460915,0.17149188606063545,0.07380085640672814,0.041378766423365146,0.08353906547238044,1.0,0.6,0.0,33,10.114889876334372,11.273323085122351
22,19,0.489216720038592,0.5794597098537615,0.312578696297772,0.20266580306350276,0.11805383938254514,0.0876940116872847,0.041672202012093026,0.07197193408530275,1.0,0.6,0.0,34,9.791467115634823,13.796920907403894
22,20,0.4766325877742032,0.5658831329119207,0.30124252430505966,0.19718748257361873,0.16080509583028013,0.07551148272818517,0.04922974210922221,0.09943803269346208,1.0,0.6,0.0,35,10.134573899120111,11.304408356521291
22,21,0.4762334188270388,0.5827597466632393,0.32512035640226805,0.20881391700158286,0.11121418220802645,0.07356819018684876,0.05409103944062009,0.11521232549921831,1.0,0.6,0.0,38,9.835918549174696,10.862851008320018
22,22,0.4453681754367583,0.5501707227329433,0.2961838460665497,0.18792583700589716,0.17402151599328847,0.058857869559397355,0.04040211098427319,0.08264398046223968,1.0,0.6,0.0,39,9.734943076406289,10.88825558484304
22,23,0.43764308536047797,0.5232974743345282,0.2661162007311537,0.184497424453495,0.12183105637503738,0.07007816468120723,0.02020757802939675,0.03862444502354702,1.0,0.6,0.0,41,10.168361196324964,11.757138684551762
22,24,0.4320805243274154,0.5517597469620288,0.3094284256445573,0.20143556838671348,0.09155047309731547,0.0686753353202961,0.02071106082232835,0.03841522004275945,1.0,0.6,0.0,46,10.62317841330303,10.021898055594113
22,25,0.4299633413948958,0.5491791849409391,0.3077147232255069,0.20365918507480804,0.10237201799480965,0.06852900626041229,0.02047714798551024,0.03833655319878866,1.0,0.6,0.0,47,10.852725045885794,10.690984947083557
22,26,0.4289627646066757,0.5652025960755208,0.3311012856610182,0.21056160946723185,0.10647625201213931,0.06883407433687326,0.02176613110823816,0.040372181955116285,1.0,0.6,0.0,48,11.70599210925718,10.795790576294053
22,27,0.413901599585809,0.547729901630251,0.3179210498846422,0.20312194447725682,0.18257970543353566,0.061041225182003875,0.0245643299894556,0.040723562520234256,1.0,0.6,0.0,49,11.060704667310834,10.870705504736756
22,28,0.44303962316912426,0.577230688298888,0.3471130127581247,0.2550123016088851,0.11673544941313353,0.07122422694392186,0.05539857959933823,0.08123100422682823,1.0,0.6,0.0,53,15.113435940792106,16.220121638432087
22,29,0.43022843840729674,0.5779828125743622,0.36059170323294987,0.2630345259964899,0.19723378767265123,0.07122422694392186,0.05539857959933823,0.08123100422682825,1.0,0.6,0.0,55,17.333247623889598,19.24920337365945
22,30,0.3949436273718765,0.5904591644424395,0.3997212195396134,0.2801086774667669,0.0920962169343047,0.06582090458620977,0.03060047716546525,0.06675481363731525,1.0,0.6,0.0,67,10.202444796140052,12.17624533355692
22,31,0.39000537216024994,0.5848681336193245,0.3950835320901965,0.2885729996647702,0.08356577955456732,0.06317819413300527,0.02989112837984037,0.06605530013740908,1.0,0.6,0.0,71,10.594558745130488,12.678708741334638
22,32,0.38850069225245715,0.5828697410463223,0.39379951018241144,0.27376915537285684,0.12815470531478232,0.06243218995495733,0.030954412157796218,0.057897446536484806,1.0,0.6,0.0,72,10.30615507704408,11.847592144895328
22,33,0.3849780960871124,0.5400702804448647,0.34407163747593106,0.3302516684871239,0.10828661969818798,0.07149043330305657,0.02873272516683767,0.08393002360475751,1.0,0.6,0.0,79,8.697007701912302,10.332358315925198
22,34,0.38286764121738126,0.5541327468472877,0.36640585003937687,0.3416605093524049,0.11398804940245842,0.07173492222153588,0.030861563981950512,0.09014849021262956,1.0,0.6,0.0,81,9.843910635118132,11.79307855809964
22,35,0.37196604540011247,0.6130191686248757,0.4517329876207954,0.34684796749985036,0.1300128303801762,0.0631288404705452,0.03043218169426486,0.042345597577803026,1.0,0.6,0.0,82,13.052850319991938,11.948207558201936
22,36,0.3557572979187241,0.6070997067460816,0.4610613089402612,0.3648559775878515,0.19745797886627037,0.0631288404705452,0.03043218169426486,0.04234559757780302,1.0,0.6,0.0,84,14.810193730025002,13.666316018762872
22,37,0.3545971955520675,0.6888720436273906,0.5805181354266693,0.47769919582883813,0.09443049642304895,0.07315030795785782,0.02930686795718359,0.046739327853413185,1.0,0.6,0.0,112,12.61060230356931,10.914704617720652
22,38,0.3491223075455564,0.6981460660293024,0.5994020085356885,0.4884890225427929,0.12826229776541304,0.07279143648447192,0.030361630348264,0.04919510643674928,1.0,0.6,0.0,114,13.478768896436184,11.158791930154798
22,39,0.34783374474041007,0.7137699942455107,0.6221324964478099,0.5059095202226858,0.09763447535814875,0.07279143648447192,0.030361630348264,0.04919510643674927,1.0,0.6,0.0,116,12.920955556120642,10.525363671124635
22,40,0.3370178027762062,0.8425084821166023,0.8029154961892091,0.635432489484582,0.08319683773187628,0.06376314339238133,0.03044775360874417,0.045724150911635716,1.0,0.6,0.0,146,12.0412746807455,9.55305197147318
22,41,0.34064536553263974,0.5675097289377464,0.44857633963826476,0.6286157785698553,0.150960332191754,0.06570350736634874,0.07970096531177387,0.0471868961752217,1.0,0.6,0.0,157,10.897385977168954,24.59745749556083
23,0,0.8403590681591525,0.8053838915183319,0.3584951614074932,0.010209652925802462,0.0,0.0,0.0,0.0,1.0,0.6,0.0,1,12.633800938126711,25.417817891757466
23,1,0.6445193906538648,0.6701873104928626,0.29943158413023263,0.0685124061107698,1.0135405379482179,0.06621365729965034,9.050106060783e-05,0.00014185002645909,1.0,0.6,0.0,3,12.073301854739766,20.67382789356356
23,2,0.592865368066305,0.6208970107185513,0.25859637195297486,0.042545971473470605,0.24975472024548973,0.03904362819328674,0.00051342083599902,4.62722930841e-05,1.0,0.6,0.0,4,12.252553859840322,139.00873113593556
23,3,0.5380155170497426,0.5681255479218734,0.2383041469014313,0.07339116225554243,0.8807618157019472,0.07248152328748769,7.640110806875e-05,9.485188849935e-05,1.0,0.6,0.0,5,12.246945979045584,8.93670375810159
23,4,0.53365824093052,0.5810884019634361,0.25984460710596485,0.07972938048967064,0.10116619245251235,0.07369935826424374,9.941707179192e-05,0.00012342618120216001,1.0,0.6,0.0,7,12.622529563377835,7.732891665908952
23,5,0.5331166135871236,0.5805337570557971,0.25939952149905326,0.08643593366060495,0.07622158645734035,0.07344139014764847,8.81516125849e-05,0.00010387749495962,1.0,0.6,0.0,8,12.385775059832731,7.608968010718988
23,6,0.4944448041402041,0.5395918333281302,0.23109033627056447,0.08035604987159072,0.22316158743199194,0.06577149446909511,0.00034966560990867,0.00274248797056288,1.0,0.6,0.0,10,12.545630129364003,9.738449954452395
23,7,0.47911451313545084,0.5043746341449369,0.1979355152375038,0.08657639794780449,0.28061081893684486,0.0705146524261823,0.00022735317840874998,0.00047312774648713003,1.0,0.6,0.0,11,13.74595858878346,9.13050327430819
23,8,0.48173317115148134,0.5414094505052037,0.24990084522747721,0.09329233660927327,0.13259794269201172,0.07606036037004525,0.00379254173216304,0.00508446112745565,1.0,0.6,0.0,12,12.415476254265094,8.337679806156865
23,9,0.4506400745720142,0.5236565200763578,0.24962606665070533,0.0997566653522198,0.21055840801715853,0.07026898837704601,0.00355956970063367,0.00629164372177346,1.0,0.6,0.0,14,12.711520397879584,9.26708311160907
23,10,0.4389759259499928,0.5274788433733205,0.2644697742630973,0.10539640897294543,0.12877907134992345,0.06873752751493588,0.0037082066618028204,0.00607479580075124,1.0,0.6,0.0,16,12.542700922286093,10.18250734933517
23,11,0.43429031145208286,0.5222351185777867,0.2604105644649185,0.11131359919084913,0.08358830044407749,0.0666440918068226,0.00368222425495264,0.00569103652888673,1.0,0.6,0.0,18,12.47868642257482,10.677001663038084
23,12,0.41139667198454527,0.49467053833440955,0.24196435520936982,0.11770482498528037,0.1788688775179819,0.0647487088711352,0.0011153428942545398,0.0008575640232922199,1.0,0.6,0.0,20,12.160404307920873,9.641788807842785
23,13,0.39031923003967217,0.46634697409859854,0.22579890956106174,0.12538834138414243,0.14490522211175685,0.06857259030697098,0.00115805642512808,0.00111509725558302,1.0,0.6,0.0,24,13.202481312029173,10.990176313023156
23,14,0.3903192389576367,0.48390708018343204,0.2497339526506911,0.13470662964489594,0.06926760543288232,0.06857259080682979,0.00115805634173529,0.00111509712984902,1.0,0.6,0.0,26,13.20248104998969,10.990176696813265
23,15,0.39014586710209576,0.4834713505421859,0.24970590616530988,0.1352896612438627,0.08005322024958228,0.06921294677623174,0.00116205105714555,0.00103424509465325,1.0,0.6,0.0,27,13.294886232009986,10.8575313066699
23,16,0.3867349040302875,0.4432293711899777,0.1993236219139336,0.1346066376266612,0.10416132399265512,0.0707526498184774,0.0015687707942531998,0.00153675157715165,1.0,0.6,0.0,29,14.415220467186378,10.980931241469822
23,17,0.3673205869712414,0.43607729646885246,0.2061867856786106,0.14922849364356647,0.16226720489348748,0.06622354853598453,0.00162718806682332,0.00174947350054026,1.0,0.6,0.0,31,15.093051083459708,10.44043136591205
23,18,0.35670084138584535,0.40305833319208595,0.17329004542667437,0.14768213445409867,0.2306115466830804,0.06796915969423792,0.0016076596344357398,0.00186580117182677,1.0,0.6,0.0,32,14.553591971778658,7.271965179289987
23,19,0.3242107486071871,0.3621079708389075,0.14285363410503182,0.13828700504651112,0.18662422828317457,0.054849866287789074,0.00159282387288061,0.0019061595455778801,1.0,0.6,0.0,34,15.031975314670593,6.5053268953354975
23,20,0.323607922198048,0.36123097913838653,0.1423017866349163,0.13303040910971933,0.06387448175032848,0.05483253444780484,0.00159401483596163,0.0019121407797956,1.0,0.6,0.0,35,15.053868842518062,6.509120815061411
23,21,0.3420859518933949,0.42903303042528296,0.2331921669155218,0.20397232674128318,0.09379593674889486,0.08018138738166099,0.0020296108837716,0.0039876675663001095,1.0,0.6,0.0,43,16.710285509030363,7.916038547362887
23,22,0.3399942103958125,0.44026269428531717,0.25554086975654255,0.2263989532774069,0.1463915691678776,0.08632596061507818,0.0021613716902257997,0.00435122937430751,1.0,0.6,0.0,45,16.7362772935467,8.323196822968505
23,23,0.3363431950053466,0.43565626779740774,0.2519889255173198,0.22734472207254872,0.1120271596218256,0.0845767868077716,0.00204993238986619,0.00428585119193557,1.0,0.6,0.0,46,16.98323450901482,8.932606386350658
23,24,0.3363352792505598,0.4532043158647668,0.27591643047280107,0.24483391428612677,0.08586344791904366,0.08457678680777161,0.00204993238986619,0.00428585119193556,1.0,0.6,0.0,48,16.982481442161525,8.93072151887526
23,25,0.3085268354821871,0.3829980634574372,0.2007567425458422,0.23476080170889232,0.26533695517080474,0.05703581308497394,0.02385943036034237,0.01387281758704716,1.0,0.6,0.0,49,14.39262835956372,6.884097756545049
23,26,0.2864160294224964,0.33382201678976825,0.17764026706103334,0.23064406428641193,0.19923392612393143,0.07914006634293376,0.01999121875697903,0.029705305902269108,1.0,0.6,0.0,55,12.44805097883943,20.299259528074945
23,27,0.2836986643112086,0.36518589847859606,0.22271099872961533,0.24680323917601402,0.09802548252072046,0.0764824643681233,0.02238104791068142,0.03510945584853558,1.0,0.6,0.0,58,12.835287984178573,11.902964012323713
23,28,0.27563000504976354,0.3505110345671104,0.2138652287862635,0.2496670114692775,0.23623438089587673,0.07778670166304691,0.02145773310490165,0.03204996234554378,1.0,0.6,0.0,59,12.759858287651856,15.964331702009934
23,29,0.242227097628193,0.28867147855615094,0.17540130387774158,0.24922395222445942,0.6734429408400944,0.07734808722968411,0.02221771335104191,0.03830767287932104,1.0,0.6,0.0,60,12.524437192387913,13.055851671109451
23,30,0.23357297246213723,0.27145836292354186,0.1646929854968798,0.2482515553190023,0.1705171878571826,0.07734808722968416,0.02221771335104191,0.03830767287932107,1.0,0.6,0.0,62,12.608011298859044,14.700839270941042
23,31,0.2619077990355762,0.3490332781304536,0.2640394415824306,0.3820361006913757,0.1240313108334527,0.09484936679468764,0.046212976461736846,0.039576219838350704,1.0,0.6,0.0,108,14.021475817119368,37.49122232607988
23,32,0.24809404329339146,0.31351232384456584,0.22526775977763572,0.3615594238945558,0.12852185247595582,0.08507259104289397,0.0463515287522913,0.03727125140154,1.0,0.6,0.0,113,14.706707107555342,34.65716423431088
23,33,0.24166935379871946,0.3001913910496967,0.21698078593394657,0.3608068647327235,0.14383503531537634,0.085072591042894,0.04635152875229129,0.03727125140153998,1.0,0.6,0.0,117,14.518783258300806,36.896611937512574
23,34,0.2200580772529193,0.31893247524273893,0.2823224340138124,0.47851884765112396,0.1522016504436257,0.08337449405024758,0.05641199984163089,0.07695508994289908,1.0,0.6,0.0,132,13.051765388013171,30.556769602416253
23,35,0.21972245273847807,0.3181790105755156,0.281853676780225,0.4816117837307707,0.12076500394867759,0.083374493255985,0.056412000062051514,0.0769550894952343,1.0,0.6,0.0,134,13.064874769909284,30.442025594051685
23,36,0.21063949827364975,0.28004363904999374,0.245100554004027,0.47534095682324284,0.18059927348325974,0.08312245806602984,0.05675262723928058,0.08453282271504493,1.0,0.6,0.0,137,13.316336754187873,30.507153104717887
23,37,0.1973676880189939,0.29206284238181346,0.27635915415294315,0.4784383531968825,0.27600213807761975,0.08110769325980295,0.050229535100230316,0.09827275149004581,1.0,0.6,0.0,138,13.460225350059266,30.903557600746407
23,38,0.23967446696044792,0.3480142547621017,0.3588561302966209,0.5736026018882475,0.2543661983031999,0.12571829098802484,0.07144103350028855,0.13416675368769918,1.0,0.6,0.0,142,18.501242999472204,21.34522409095257
24,0,0.9410556814928559,0.8696410810440032,0.3984697408402112,0.013774777660686209,0.0,0.0,0.0,0.0,1.0,0.6,0.0,1,8.991725545049544,28.29323794106628
24,1,0.8084290238126931,0.806004189832535,0.3886711601784557,0.0879126139615202,0.7487056401524269,0.0787798821317939,8.526480950766e-05,0.00021623627868086,1.0,0.6,0.0,3,6.089582319055673,22.69783264981249
24,2,0.7398022148716933,0.7556607504404189,0.36317595444595513,0.10587160447639402,0.4034128156156405,0.09419868630302676,7.141818739588e-05,0.0001861174537102,1.0,0.6,0.0,5,5.018986048921378,9.587792359716104
24,3,0.7381289450328702,0.7719784579990888,0.38661769221004133,0.1122590009104451,0.1043001835838046,0.09493075310335455,8.397035274100001e-05,0.00022012939297027,1.0,0.6,0.0,7,5.075846311546083,8.167794383855595
24,4,0.7299064008804764,0.7474355348541865,0.35791767673807295,0.11996444118690215,0.12147627369967766,0.09382438483210592,7.170168934827e-05,0.00013913494653711,1.0,0.6,0.0,9,5.481820900254348,11.10134834017872
24,5,0.7280330115860005,0.7458890672786026,0.3569821511213252,0.11994310071735302,0.10911612698775609,0.09389733633175952,6.731297899298001e-05,0.00017349848681164,1.0,0.6,0.0,10,5.0503257287397645,10.6195032074498
24,6,0.7088887326943829,0.7502048600767092,0.38045004964656937,0.14268812791262842,0.4325018092030978,0.10244518494905756,0.02009920274702099,0.01944334894046616,1.0,0.6,0.0,11,4.816963002153167,7.797188963363147
24,7,0.6668419376644037,0.7103652536445975,0.3468066742998847,0.11994583912627862,0.24547115186355156,0.09035626905891288,0.00117585905984736,0.00073517390956806,1.0,0.6,0.0,12,5.382221456933008,11.081626843740183
24,8,0.654479859131686,0.7163552391340284,0.3618742069206352,0.1272064773789257,0.12016462195075657,0.08608263304132414,0.00093373451458042,0.00089256596058339,1.0,0.6,0.0,14,5.432893954244095,7.085961091225436
24,9,0.6335318074840239,0.7150791618199352,0.3758092178462994,0.13838224406069585,0.3110877523305956,0.08673676415806651,0.0074208295393387,0.01902496046275224,1.0,0.6,0.0,15,5.472255771596812,14.18780059460205
24,10,0.6289321754193402,0.6932793306824268,0.3496377554430543,0.1516417030379057,0.10470979624839037,0.08933483470375803,0.00485957384447638,0.01708978816640561,1.0,0.6,0.0,19,5.531901057342858,13.727818259107927
24,11,0.630688356667409,0.7126992258137943,0.37608796580192383,0.14592605075564535,0.11210457500027052,0.09572675937840082,0.00019670541418094,0.00052685674424282,1.0,0.6,0.0,20,6.321932366914042,11.004900831869412
24,12,0.6281670630101026,0.6927015832254211,0.35023917559267304,0.13592540786267926,0.1078255027617379,0.09466550677551486,0.00021259223341989,0.00050425754779172,1.0,0.6,0.0,21,6.201976668187356,11.395775076613164
24,13,0.618241522087643,0.6658238124450095,0.3215432542281871,0.15434801561419273,0.15423260468599673,0.09691227515111037,0.00103626875639994,0.00115302210008082,1.0,0.6,0.0,23,5.429946560570401,6.722401365187508
24,14,0.614164306153497,0.6619489690898438,0.3196982268882361,0.16017179149275795,0.14955087833350666,0.09864578610697974,0.0006406391107546,0.0008002249198101399,1.0,0.6,0.0,24,5.211366437166749,7.310032144574691
24,15,0.6056558062788935,0.6536671903828066,0.31456024898672347,0.16942896526747375,0.1251413477420366,0.09850025749758562,0.00094553192683187,0.0015046627410079101,1.0,0.6,0.0,27,6.420845023733032,6.227795811235026
24,16,0.6034890434797282,0.7393842321568717,0.44161538941381606,0.24291393530366107,0.155674663017415,0.0959504385296014,0.04346024658402848,0.21244575533746515,1.0,0.6,0.0,34,5.7503845405800975,7848.92721520939
24,17,0.5933327546715532,0.7454669824723525,0.46711561919926897,0.30819337858470774,0.19906890338191002,0.07761847332313808,0.1124072324692548,0.09545697045794035,1.0,0.6,0.0,40,7.875354655785564,12.908573558436808
24,18,0.5622718206157397,0.7134021418316672,0.44041383174492543,0.30424991215838815,0.16055226706139847,0.0632035088785292,0.10664370068449185,0.09025829362403144,1.0,0.6,0.0,44,10.585906360865932,134.8222083451062
24,19,0.5727408365034982,0.7405759555517514,0.4776589572911255,0.33154629184917317,0.23831513257537743,0.07857674065067029,0.11334721915668122,0.09497691285457126,1.0,0.6,0.0,45,8.760681830588712,9.694672076722185
24,20,0.5702204006180888,0.7379165504251398,0.4756963039331955,0.3390823442680214,0.15473279260388978,0.07827766594067809,0.11248622857366705,0.09541326490232588,1.0,0.6,0.0,47,8.061587585025114,13.635422287947092
24,21,0.5203031425383169,0.6799403857108988,0.4404752630211211,0.3417652787039327,0.714481238152191,0.08599561329700417,0.10335430338465997,0.09191362193716875,1.0,0.6,0.0,48,9.76751583931549,9.149467869181272
24,22,0.47099830774714757,0.6780576494345801,0.46838174552498957,0.34822738622880717,0.3868931858394203,0.06462639488761161,0.09506558395502168,0.09600479731432074,1.0,0.6,0.0,49,11.154157358319798,39.637397344971376
24,23,0.46611485242034084,0.6186669456286404,0.39359264947391465,0.3412949800736812,0.14420040746338578,0.06500609615309615,0.09968368162925072,0.11321024337879897,1.0,0.6,0.0,54,12.994054922402103,13.520371470545662
24,24,0.461476971881384,0.6301561999243499,0.41375120302506524,0.3565306821230874,0.15205909319408342,0.06500609615309613,0.09968368162925074,0.113210243378799,1.0,0.6,0.0,56,10.550513479493048,10.618359718437851
24,25,0.4454799145777992,0.6769590109620087,0.4977443775636294,0.3909241959378192,0.42195775085484927,0.07556763318246387,0.09457882623487612,0.10700652612022139,1.0,0.6,0.0,57,11.433805295561095,23.095758427130992
24,26,0.44747787591322213,0.6946323869990378,0.5245688833398042,0.40778832179802715,0.17431307570799576,0.08313661061890532,0.09439688450546559,0.10769026854052055,1.0,0.6,0.0,59,10.68600621621022,77.04719028191232
24,27,0.4219238321032473,0.6481852842768836,0.47641081089533516,0.40148750849001275,0.16184084837409515,0.06438366315306435,0.09807611906272878,0.10551309362375902,1.0,0.6,0.0,62,11.26950495596574,16.816439029593308
24,28,0.41749881441799064,0.6248418518734874,0.4485444969712087,0.3820078654695265,0.16844137363562342,0.06434506995499692,0.0966703419074562,0.10563878633627181,1.0,0.6,0.0,63,11.267090368251818,16.773951896464418
24,29,0.4158719681044065,0.6399812078277297,0.4711255436847396,0.403632937220759,0.14928251421479566,0.06431716151962749,0.09738651085532996,0.10559323812937768,1.0,0.6,0.0,64,11.269769802580717,16.794607337880006
24,30,0.41301129020691546,0.6162068399100084,0.44537767653616067,0.4084227890343638,0.23753548881745462,0.07032358894904268,0.09643137858655257,0.10546720676283443,1.0,0.6,0.0,65,9.922447366145086,8.491258953716502
24,31,0.3915260687935871,0.5540301504964249,0.377378407328074,0.38238930961724255,0.2918291025388168,0.06267934895479542,0.09462884530583168,0.10554446546083499,1.0,0.6,0.0,66,10.609078684221258,10.114834002716025
24,32,0.39798875940439965,0.5575722902486029,0.38440539621845266,0.40066553581718584,0.21906790343605584,0.07372970700481754,0.09748452770855708,0.11171691349619092,1.0,0.6,0.0,67,11.030279597155983,10.447522274672584
24,33,0.38235441110200935,0.5157156102921849,0.34597444475979605,0.3948421381061396,0.25577683513162225,0.07667681111113409,0.0953034372947543,0.10772708352474418,1.0,0.6,0.0,69,11.243220192346763,8.59898924576947
24,34,0.3676338608774149,0.5507734525254214,0.4037630936732256,0.4732204927591158,0.13540304459296373,0.0653215340239346,0.100762039718755,0.12090333518115164,1.0,0.6,0.0,79,13.225605814130017,11.690100075158114
24,35,0.3820857184241997,0.6255041522917454,0.48878676493581136,0.4531176449077195,0.1509919812078408,0.05854115864149674,0.10986155445006292,0.09619501801171376,1.0,0.6,0.0,80,8.916501113493378,20.41358277884724
24,36,0.3690660544855553,0.6012227851365103,0.4767280149054653,0.4658080115019609,0.29082978777569357,0.06653090978446738,0.10998261621791824,0.09272882060261446,1.0,0.6,0.0,82,8.710372938776937,15.227455306780184
24,37,0.4048516447175696,0.6517261960665959,0.5371187527700401,0.5277263392097179,0.19888084948311027,0.0709140372555228,0.17307420756333242,0.14951168726544067,1.0,0.6,0.0,85,12.155123253820545,14.169398217074532
24,38,0.38561615232656665,0.5775540570938688,0.4687031723816062,0.5673523006773377,0.2433980098487687,0.08986485683342775,0.15802242383153664,0.134607310624628,1.0,0.6,0.0,88,12.641551379992295,23.57208626420214
24,39,0.3872016186744149,0.5963172162986521,0.515952927444829,0.6000658111281832,0.6359162644692996,0.09432962346776833,0.19272453837100684,0.1818911923355077,1.0,0.6,0.0,89,9.613019855556372,12.95334112397385
24,40,0.38672180022208014,0.6130164109325612,0.5393483522338707,0.6082801801817835,0.21395202666557347,0.09438188689546097,0.19262001505354404,0.18104747268282367,1.0,0.6,0.0,91,9.60681052529675,12.933557271074308
24,41,0.37244793372789964,0.6144680370238049,0.5487162889960803,0.60636123704999,0.2171024103792208,0.085111565348514,0.1880204271779475,0.2001105282586108,1.0,0.6,0.0,93,8.749666672350596,7.6259809761934685
24,42,0.3679887423943131,0.5829605553796674,0.5187338313096214,0.6033058560312411,0.5265338543867014,0.08942737748778498,0.19242368500952345,0.20078820306674378,1.0,0.6,0.0,95,10.32052386973302,117.23507434138124
24,43,0.3611798279172391,0.5874049740770578,0.5345096030332918,0.6300377096890759,0.2768327365276544,0.08942737748945637,0.19242368377546196,0.2007882026120548,1.0,0.6,0.0,96,11.63823537916324,114.5054984255616
24,44,0.28824747142020696,0.4072407066424669,0.37525311424347035,0.5881186897936717,0.48953518452236006,0.08572842624603046,0.16267386816881518,0.14908435226631425,1.0,0.6,0.0,98,10.02683921651275,133.42643574083075
24,45,0.2870660745330431,0.45319659801246015,0.4441167844626329,0.6244035034100435,0.20610596118369878,0.08417050704830836,0.17074712528962538,0.1568269653831358,1.0,0.6,0.0,102,10.379089830260328,133.520822405464
24,46,0.2883256559445229,0.45582144164561383,0.445813907711382,0.6313996735939891,0.1895608414851413,0.0841720750816304,0.17102771666644118,0.15678150898373006,1.0,0.6,0.0,103,10.3787544134612,133.36552129739445
24,47,0.28882206368557206,0.45622148572769655,0.4462794911633023,0.6286184073067789,0.1889949701874025,0.08417052741868498,0.17198597128853216,0.15679945834566075,1.0,0.6,0.0,104,10.37994357647904,133.36073691550368
24,48,0.2888217212748084,0.4386608997475422,0.42234396301979604,0.6475449250766936,0.18741699967019887,0.08417052476101317,0.1719856217193259,0.15679948919401737,1.0,0.6,0.0,106,10.379945613767834,133.36072869219717
24,49,0.28433217994768883,0.466014264345624,0.4646695218847373,0.6510843846792815,0.21510260624458272,0.08408381083924671,0.1689864166629758,0.15678885297121112,1.0,0.6,0.0,107,10.319090991919325,140.94286316201382
24,50,0.28609079862969283,0.46866110545442075,0.4667155016338007,0.6623572882393404,0.1973796751278759,0.08417189750444273,0.1706010219785699,0.15678707090374464,1.0,0.6,0.0,108,10.12762421034468,134.23881222703378
24,51,0.28183417369881575,0.4423592210784427,0.4370618549471717,0.6531254665030702,0.23067205612447833,0.08416805099561253,0.1693707919541945,0.1567992836293941,1.0,0.6,0.0,109,10.380423082778863,133.19309782952948
24,52,0.2788697328071107,0.4744364776555621,0.4819415248151988,0.6635943545172217,0.2148022082915479,0.0800178884988732,0.1714483581153508,0.15726105216532904,1.0,0.6,0.0,110,10.379130345135644,133.36072554063688
24,53,0.2756085819414421,0.4160826439416653,0.4239893046752562,0.6814015495339184,0.2507032799287112,0.08999903438908557,0.17409267021210212,0.16241101083660336,1.0,0.6,0.0,116,10.569217798571168,89.84045320168173
24,54,0.26092545088859126,0.3874783633427364,0.40428266059312556,0.6817886232375456,0.30065350445130473,0.08770780267489489,0.16947961252256505,0.15633559245081047,1.0,0.6,0.0,118,10.573271523240226,89.81323293268439
24,55,0.25948186412225765,0.45497160793859515,0.49810124334747585,0.776032034428185,0.19054617451533074,0.08713366954778354,0.1694992565913779,0.15512560575818865,1.0,0.6,0.0,137,10.856075116546418,29802.22113031582
24,56,1.1709971789235716,1.3292761038123215,1.3609700017832094,1.6615425598423441,1.1320202769524723,1.0,0.16955933517141925,1.0,1.0,0.6,0.0,138,10.895149110503612,1121.296611784972
24,57,0.7420464770100392,0.9024868455141426,0.9501195095697051,1.3287205967127351,0.7019055091291895,0.08269426783125303,1.0,1.0,1.0,0.6,0.0,151,184062.6913090881,22087.10597349148
24,58,0.2706838690948585,0.6093279492858131,0.7191084775235145,0.9857221951046149,0.22149207144985134,0.09007659486149325,0.1993669253781188,0.19552887640176572,1.0,0.6,0.0,178,10.123605318073825,20.33207255861759
24,59,0.2659445915245877,0.6243097400970714,0.7391311054191408,1.0241757592565817,0.21695274011429266,0.08271890174799726,0.20144890942392024,0.2243494702850064,1.0,0.6,0.0,181,11.202530613835012,20.299287850182807
25,0,0.8958172161141185,0.8414976463627946,0.3809616665055348,0.012212909034615308,0.0,0.0,0.0,0.0,1.0,0.6,0.0,1,10.405655725249916,27.007749449536902
25,1,0.7317442299377186,0.746994370820421,0.3534725033073159,0.0884170933384506,0.9166442503474113,0.08277467474094666,9.363409525608e-05,0.00016276310045297999,1.0,0.6,0.0,3,9.249425490868106,22.14322632301278
25,2,0.6547497619493177,0.6814670656178814,0.3141254005575724,0.09452128791756147,0.41232616408469164,0.08653653859002662,7.584665495661e-05,0.00012546293166933,1.0,0.6,0.0,5,8.093982656557852,9.332702926639383
25,3,0.6443849603547448,0.689499786095599,0.3316197450600681,0.10355797175231253,0.10442429123155744,0.08519115009901908,5.2179422452800006e-05,8.515541500407e-05,1.0,0.6,0.0,9,8.348053328001551,9.695983682965805
25,4,0.6222018555919191,0.669242455276238,0.3182189154613599,0.1024879705626213,0.2575639418065292,0.08223618543431975,0.00145438901354772,0.0027166808559682997,1.0,0.6,0.0,10,9.135474350854784,8.701292073652153
25,5,0.5904838272666906,0.6386331544024311,0.3031408321058244,0.11835676298198959,0.4762688432179549,0.07834158173778333,0.025428935543386377,0.0295379051469514,1.0,0.6,0.0,11,6.766988512055927,9.99964709814488
25,6,0.5936470469591371,0.6593079714076893,0.3358676126387283,0.13709731576319537,0.25299362206723486,0.09529461110971668,0.02740238814624148,0.02990599241670458,1.0,0.6,0.0,12,8.837343173684236,10.283776269774371
25,7,0.5590759403059143,0.6068371085597013,0.2824215506136758,0.11852710649310391,0.225500510798999,0.07593063187204249,0.025306573937765597,0.02881025457909304,1.0,0.6,0.0,13,7.283114994922302,8.668784271058259
25,8,0.5463269080917088,0.6111677087496095,0.297493303264916,0.1178527952886857,0.198077580285872,0.07253898621519876,0.0281660764959705,0.027004101109561966,1.0,0.6,0.0,14,10.831877942064626,6.367745288608602
25,9,0.5554796684495478,0.6202261504126982,0.3072566048726889,0.12867285244981583,0.10255515000598953,0.08336280377177512,0.02833240291121576,0.027497996002802328,1.0,0.6,0.0,22,10.466675802998108,9.03494158695619
25,10,0.5716400633047284,0.7064273781139184,0.42034754530012164,0.17757639917881812,0.13729912736743,0.05060231743652941,0.11566515869091618,0.0006628276278387,1.0,0.6,0.0,24,9.07068215896802,9.461751916723466
25,11,0.5787631481200233,0.6959547815607732,0.4037293748054401,0.17797407635664786,0.13054395190431484,0.04980102790279902,0.12982420575994008,0.0006329103657138899,1.0,0.6,0.0,26,8.97701890483859,9.103352802954232
25,12,0.5746224434808993,0.7093555587888762,0.4236252441958376,0.18348225125825154,0.12535079650003847,0.05019013904337375,0.12277400615744705,0.0006474552132827,1.0,0.6,0.0,28,8.960892717572728,9.1186239496471
25,13,0.6012940100318396,0.7177080734921005,0.42996196484869337,0.23528221403198568,0.26980108379943263,0.05305522976529151,0.1804116772726141,0.00012276952966259,1.0,0.6,0.0,29,7.97515357136106,8.613968744319378
25,14,0.5784879358992181,0.6942966283346366,0.4094699534292583,0.2241654401297809,0.1819511257480686,0.05381740257085323,0.1529980099458464,0.00014749829866994,1.0,0.6,0.0,31,7.81919831245632,8.5710874691317
25,15,0.6873940103459102,0.8025979056690518,0.5203565299669896,0.34142514846913297,0.3250596590920406,0.04682634675109777,0.3565538917681733,0.0015797153667330799,1.0,0.6,0.0,32,8.014438120131059,8.925671271524676
25,16,0.6136589253763182,0.7264123709083588,0.4528154202442634,0.2918430689971155,0.31500784779427327,0.04580510179323124,0.2694052111894085,0.0008779452943261,1.0,0.6,0.0,34,7.947534302162384,10.450079753692004
25,17,0.5839819072495038,0.7142252111649791,0.44722122065378245,0.302929454726266,0.18099189515154576,0.04666073695656741,0.2193623029058005,0.00088211857548324,1.0,0.6,0.0,36,7.90860776247774,9.835035533678298
25,18,0.5817322232689219,0.7470331469333391,0.49297080609107224,0.31765530676429266,0.18124577978212705,0.04522916035998447,0.2187407340158048,0.00087279863097725,1.0,0.6,0.0,37,8.081252168826419,10.669760467041046
25,19,0.5543649589299587,0.6897519570721438,0.45719653504857943,0.3421089837004231,0.9043596917833248,0.05491370108350219,0.2593669061666612,0.00362065953346677,1.0,0.6,0.0,38,7.672358440696338,10.940333112994947
25,20,0.5461268477493239,0.6801002949249603,0.45004020412362056,0.3472990957867299,0.22818558334795325,0.05557666015135454,0.2531813040375668,0.00280529483315829,1.0,0.6,0.0,41,7.649635286285194,10.496211839770954
25,21,0.5922514663206153,0.7437850523564086,0.5200998439389639,0.37628180538277023,0.2536112612539273,0.05557659244305023,0.33005583654547027,0.00280535008790317,1.0,0.6,0.0,42,7.649636328278111,10.4962061188317
25,22,0.5191052224867404,0.6490727223702969,0.4256668004187314,0.3075350605719439,0.3596527355043303,0.04762080975250244,0.24407566028723937,0.00286932487416029,1.0,0.6,0.0,43,7.20721083905981,10.232358186761216
25,23,0.5110590288831611,0.6388170404008737,0.418859743582887,0.3087144080687855,0.27875187483543584,0.04813885075542991,0.2413289604836001,0.00310162442682458,1.0,0.6,0.0,44,6.901651451319703,7.649863091063511
25,24,0.5700880740232324,0.7115366400510854,0.5036884153877299,0.3864187085674402,0.33461507738839885,0.04116510558801954,0.3701744374043743,0.00362683402633922,1.0,0.6,0.0,46,6.872776315924876,7.75297065491643
25,25,0.6312188736155991,0.78933265254081,0.5891367127292144,0.4699245842160832,0.34280179546870765,0.04818154930766312,0.4645066596054036,0.02419930913238538,1.0,0.6,0.0,48,10.393787059362484,10.657713070124124
25,26,0.6307223456679729,0.7710941077659693,0.5647795051463032,0.4613058569859999,0.33006486464666906,0.04818154930766314,0.46450665960540205,0.02419930913238537,1.0,0.6,0.0,50,10.141919081378584,9.949840357987595
25,27,0.5729313222225183,0.6880401311643471,0.4856933444432685,0.40196254837087175,0.37453788528204746,0.053207272555231847,0.3925891207352132,0.027472077887127872,1.0,0.6,0.0,53,12.002448711595516,12.808778497933822
25,28,0.4687843942819627,0.5769434624539609,0.38316371138674277,0.32345289463954585,0.4135262498737069,0.04935561495679761,0.2516313868010416,0.02429751543386592,1.0,0.6,0.0,54,12.45018234405723,17.26071475789275
25,29,0.44469773321002987,0.5495448551681025,0.3596438087990237,0.33440771564180394,0.27971745274341986,0.05152334066653661,0.2194602810258332,0.02439078995205928,1.0,0.6,0.0,55,12.113760466469852,13.199979669513768
25,30,0.45797835079151894,0.5625445904645974,0.37296645311543375,0.3223143090299583,0.2010677778926762,0.05152334066653662,0.2425506392325484,0.02439078995205928,1.0,0.6,0.0,57,12.165048381498432,13.43064208286582
25,31,0.5348947993033429,0.6357604127095446,0.45037302527571543,0.40600460618548256,0.3335105442719356,0.04508713987642876,0.3937864758602928,0.025356560417658557,1.0,0.6,0.0,59,12.241070778497129,13.91299337389733
25,32,0.5159514685139773,0.6310422802253725,0.45569870812995505,0.44532592207985344,0.2870518143089053,0.04222954354885228,0.3776004419051623,0.022380108049190682,1.0,0.6,0.0,64,11.10837336669453,7.097549821210172
25,33,0.4323737309113751,0.5711146715060821,0.42047847958970186,0.3650279613014271,0.35414845132258366,0.04908697516586818,0.26049503076400227,0.04377058530275751,1.0,0.6,0.0,66,11.957565409404651,11.655325230042957
25,34,0.421260708793357,0.5530538653301994,0.4092429363085007,0.3818149199782161,0.2393513035401565,0.05515844731679328,0.25037650781498283,0.035962893596678494,1.0,0.6,0.0,71,10.007916259068468,13.597097666992449
25,35,0.8663331650527598,0.9960232520114796,0.8542295552494541,0.8746283575003497,0.6608786332320926,0.053691757859131606,1.0,0.09761832404452755,1.0,0.6,0.0,78,10.31291523876929,10.911023250892129
25,36,0.8372909506212224,1.0237925622173307,0.9198424812102279,0.9215324951248751,0.7206519327679888,0.0438854001293241,1.0,0.03963068913030647,1.0,0.6,0.0,82,11.01469367862315,8.99198022452381
25,37,0.4448365178380808,0.5895770679838619,0.47870194468080896,0.5207862055357826,0.2763134906725948,0.0442892193235636,0.35985792739240974,0.02230641723734027,1.0,0.6,0.0,91,9.760165116373482,8.21117626677004
25,38,0.4054041757973598,0.5724568170643843,0.485127470609379,0.5276084286732857,0.3708505493667926,0.04784678908560431,0.3144752023972096,0.041198626128336566,1.0,0.6,0.0,93,10.96109606799262,5.655609377745689
25,39,0.40215375960157573,0.584090904868818,0.5053264870551104,0.5340797662419217,0.263650022582131,0.04994662724747317,0.3107573340081585,0.03099923888239975,1.0,0.6,0.0,95,10.768221676661769,5.951210265131359
25,40,0.39760094629163845,0.5746037114284596,0.49982433103302204,0.5409741305290947,0.33662452548578103,0.04876615115031545,0.31448827297217585,0.04191226846270048,1.0,0.6,0.0,96,10.211576837796466,8.274720660888569
25,41,0.41361733012478163,0.6578755949375581,0.6109745578974474,0.6229520975348153,0.26216705128371753,0.062474846616372925,0.32385052582003027,0.06150615417126939,1.0,0.6,0.0,107,11.326413521039251,7.5609733586092736
25,42,0.3974327404399414,0.6568979206339483,0.6182300664565024,0.5998017940069026,0.28939654779476454,0.052187090438837756,0.31829605960825963,0.04615178838523319,1.0,0.6,0.0,108,10.427142221636949,8.237139198848011
25,43,0.3916459160614196,0.6505950325865337,0.6123341226651238,0.6309620060229513,0.2413268704685534,0.0484558213984527,0.3158052657801359,0.04263285434744135,1.0,0.6,0.0,111,10.133962797104642,8.442182127557116
25,46,0.40149128400266876,0.6348732032473399,0.6159535691508227,0.6702075785862703,0.47499108731957373,0.07698144917657843,0.3273609895531757,1.0,1.0,0.6,0.0,115,10.107445841120857,9.638748829806977
25,47,0.4008848303077651,0.6517062077070631,0.6392491887650417,0.6805416029124884,0.27399003894648194,0.07667717694959002,0.3270430099573363,1.0,1.0,0.6,0.0,117,10.113674884703816,9.68634104856499
25,49,0.4245573795423488,0.6555134320454792,0.6572114986691827,0.7652313677119229,0.3174171944261583,0.04031430143962881,0.4564219027491836,0.0213828758809219,1.0,0.6,0.0,140,10.671727456296612,5.190745964042629
25,50,0.4209539390419146,0.6518123211209532,0.6535784199538197,0.7617003032715148,0.3123430202199713,0.0399585076333409,0.4511464736803229,0.02090505991088584,1.0,0.6,0.0,141,10.65604724136541,5.165184002521106
25,51,0.417040848104759,0.645115574331153,0.6488133532426823,0.7666437491471189,0.35724089941123877,0.04032861233168168,0.44788817585363006,0.0214102088628184,1.0,0.6,0.0,142,10.688917534345489,5.232577530387913
25,52,0.41658652717234923,0.6573560911949449,0.6707776959143898,0.7842161949403019,0.3542223741952062,0.04020374159886334,0.45399993967560326,0.02186617022205595,1.0,0.6,0.0,144,10.354452909760536,7.771807871544411
25,53,0.4165865096657918,0.6573558154003319,0.6707775242030216,0.7842161722114773,0.31260390124397763,0.04020374220750976,0.4539999255800833,0.02186618081095945,1.0,0.6,0.0,146,10.354453493749018,7.771808612630753
25,54,0.3621604370728694,0.5971195194312963,0.6144960681587355,0.7304296550298065,0.29563584875587556,0.04493188616134924,0.36316824709056916,0.02294455992631618,1.0,0.6,0.0,149,10.329182587803928,7.637225719209335
26,0,0.8069159091664139,0.7826733288747129,0.3443668645581906,0.008949783547183733,0.0,0.0,0.0,0.0,1.0,0.6,0.0,1,14.367566625005528,24.311349594413628
26,1,0.6064539912142294,0.6354007745842001,0.27746515173856295,0.06576851423340371,1.0654060584782905,0.06535208560451111,8.995478963238999e-05,0.00010025905766928001,1.0,0.6,0.0,3,13.837224075233369,19.79075723021932
26,2,0.5066098831483797,0.5337992876992782,0.2205440549056175,0.08203866846547472,0.6379674263713401,0.08199250895365819,7.693251969423e-05,8.167533701452999e-05,1.0,0.6,0.0,5,14.055812865876367,8.417196842837312
26,3,0.49889624333441923,0.5426741562514831,0.23940738926730015,0.08814279545120304,0.12787645734976277,0.0828575175815076,9.728131040379e-05,0.00010176347783285001,1.0,0.6,0.0,7,14.40983676229975,6.59456617461918
26,4,0.49889624314058345,0.5602342618864935,0.26334254114890854,0.09323455962456861,0.08291639781569675,0.0828575175815076,9.728131040379e-05,0.00010176347783285001,1.0,0.6,0.0,9,14.40983637552968,6.59456658573244
26,5,0.4740337620886341,0.5145410585587286,0.2212265690441764,0.09402804157664484,0.32878169096557575,0.08020295919698198,0.00152616799227378,0.00460882275317806,1.0,0.6,0.0,10,14.361092594933078,6.972917657310766
26,6,0.4323194795527683,0.46502430993900634,0.18923734127624806,0.09905138443743869,0.2960794800378615,0.07757061357588542,0.00068745569157252,0.0049602287976897004,1.0,0.6,0.0,12,14.561455553374774,9.407351187382664
26,7,0.39887316556728664,0.46096943571024634,0.20819749125130915,0.08638184498331827,0.19368080751222616,0.06339563676599277,0.00429409494675816,0.0069920876599945695,1.0,0.6,0.0,14,16.74474159760116,8.061015537525304
26,8,0.39886164087036036,0.4785164286901344,0.2321219140753188,0.10295679083919966,0.06599669286668358,0.06338842411134817,0.00429542602712109,0.00699520877262551,1.0,0.6,0.0,16,16.74449909949051,8.06492155552017
26,9,0.39212251520180585,0.45036714688615126,0.20379600801686917,0.0997732009090967,0.22606217871755982,0.06897609568416456,0.004670751871838489,0.00643586470155217,1.0,0.6,0.0,17,16.275404402500513,8.075855448115822
26,10,0.385232760772265,0.3856293820534158,0.12759764700433746,0.1302276987052136,0.10383739849757276,0.07873146784299122,0.00211787961915031,0.00614365906679062,1.0,0.6,0.0,25,16.640845380106473,6.112937374163369
26,11,0.34744938620163973,0.3688387031557492,0.14195147504037267,0.1365070121682977,0.30563894209757025,0.07188855305583162,0.008131475086787859,0.02465458647323579,1.0,0.6,0.0,27,19.35739552642625,7.163662499575434
26,12,0.34735134689689356,0.368695620019624,0.1418624429718955,0.14399449625591884,0.07721551823655697,0.07188855305583164,0.008131475086787859,0.0246545864732358,1.0,0.6,0.0,30,19.23986591016242,7.229920360264918
26,13,0.32380265020029747,0.3891801208103495,0.1914527127952711,0.15969200983171838,0.1951746797890469,0.06791736193370851,0.00511082662060634,0.00901008522245259,1.0,0.6,0.0,32,18.698813199564675,11.219096065222349
26,14,0.33446928679612264,0.4165337745161721,0.22618537760050578,0.21927809574336543,0.08661668771042597,0.07871649473450244,0.0078626588580282,0.009804520001692501,1.0,0.6,0.0,40,18.463221152905977,10.029752702972308
26,15,0.30713272586642815,0.3814144098105249,0.19937084676558162,0.18519998834371196,0.27648333088002,0.06709032567285897,0.00533465069576852,0.016807676877835638,1.0,0.6,0.0,41,18.7516038257112,11.80167266419756
26,16,0.3169701574055473,0.36397127767072296,0.18543359329292083,0.21557627024475426,0.22002975486264953,0.07110242846713541,0.04242060432766227,0.05226191972310072,1.0,0.6,0.0,43,20.68851091135248,6.095960054790549
26,17,0.29820795438022285,0.3696714567202628,0.21395062234664985,0.245623161431513,0.1340199916322367,0.0677887096584272,0.04330961867830082,0.07276704141494522,1.0,0.6,0.0,49,19.38137100870178,8.35272934227195
26,18,0.2611672098524144,0.3221148519497334,0.17587016850629955,0.2131450340531795,0.315067195220661,0.0680846985201275,0.00534861174257798,0.014972028732574411,1.0,0.6,0.0,50,17.16295738569226,11.937784327315487
26,19,0.2609973244256874,0.3569371060212982,0.22355481452283305,0.23358502482535431,0.0719942790025215,0.06808469764907224,0.00534861102016573,0.014973075265496391,1.0,0.6,0.0,54,17.10285017852248,12.064252413594591
26,20,0.26097833249149444,0.37446371841283366,0.24746910122029478,0.24260371532775102,0.07145114957065708,0.06808469764907223,0.00534861102016573,0.014973075265496391,1.0,0.6,0.0,56,17.084355501916,12.104262317981714
26,21,0.35189315124790904,0.48446664698292224,0.31560034514532986,0.3085757805372711,0.21349845963068764,0.07683297132593077,0.04681998640297306,0.05732923455382692,1.0,0.6,0.0,59,19.94718005803548,6.564476103426608
26,22,0.3480355233303887,0.5136162186981192,0.359756045300617,0.33316975324264375,0.11576072142276775,0.07683297132593077,0.04681998640297305,0.05732923455382692,1.0,0.6,0.0,63,19.44529248469936,6.696176282256473
26,23,0.33261686983005456,0.4374587191099956,0.2728576232848565,0.3276029899722927,0.1841522997812685,0.07553698375398735,0.04682697552761048,0.05708320185035355,1.0,0.6,0.0,65,20.808801527630784,5.55037378695667
26,24,0.31619108245867034,0.5339996445869019,0.4461646365106481,0.4470862490654679,0.13015298108021012,0.07345968969083119,0.09069672176519791,0.11752268476014058,1.0,0.6,0.0,79,18.39348372646499,5.973294938441924
26,25,0.3159299380045067,0.6037814588223828,0.5416187994379948,0.5117683239859706,0.12880135613739804,0.07345758040546488,0.09069730313487148,0.11752651461006762,1.0,0.6,0.0,90,18.51869212460511,5.867594663623179
26,26,0.2969736399763413,0.438965671059492,0.35134837163412713,0.4370248294272163,0.24963361863885858,0.07550437909962947,0.10200676951067789,0.10707212166252703,1.0,0.6,0.0,92,21.90416568750712,3.672675263611427
26,27,0.4397364524833861,0.8442947244059598,0.7325428745777127,0.5953161870036321,0.13511134548423653,0.07377662126601604,0.10016691722121265,0.10672754051983331,1.0,0.6,0.0,108,24.91595109763928,9.043316586715989
26,28,0.4887325145996772,0.8717554910528366,0.7259214674739655,0.6288195194824171,0.18128028535390872,0.08320820915623803,0.09466537328137989,0.125735171913891,1.0,0.6,0.0,112,20.693762951509687,11.877872291311862
26,29,0.44530983531851376,0.8553569551818248,0.7353980353902139,0.6317860355657302,0.46653500226789024,0.06637176040668893,0.09474903176816504,0.11632730088038742,1.0,0.6,0.0,113,20.770665410858072,9.657316627517918
26,30,0.43315615410113834,0.8358665746799803,0.7266811561595724,0.6246248710133643,0.14250147221365203,0.07503584731089614,0.09534022092467104,0.10576443265296857,1.0,0.6,0.0,116,21.87702372416433,9.3241498571881
26,31,0.39591295572679264,0.7860378920464663,0.6931333098197331,0.6300908449170811,0.3374661547510377,0.06840020618201706,0.09515597350834806,0.11564367937830515,1.0,0.6,0.0,117,18.91145493013221,4.252532819249183
26,32,0.3961424414463302,0.7501634240609423,0.6457328344825026,0.6111774815500316,0.14769423265896497,0.07105529894320953,0.09487104892236946,0.11627716148527426,1.0,0.6,0.0,119,18.71780280387767,10.15888775882168
26,33,0.3874256140010538,0.7560084453212168,0.6613485560329874,0.6208694191021268,0.12871803611563395,0.06808306432694763,0.0952764714105188,0.11535468767245471,1.0,0.6,0.0,120,19.40359924641632,4.01491979145348
26,34,0.42389769038340636,0.9309193801406844,0.8895981862626464,0.7775727026193485,0.16702973288189582,0.09182321236776864,0.12341029962815589,0.14793965978339735,1.0,0.6,0.0,137,27.98715802259583,10.419860570032146
26,35,0.4153924294690089,0.9293502826869677,0.9059765080233941,0.7905336290027357,0.24907094006328986,0.10267065793046568,0.12448845583252326,0.14237798335945231,1.0,0.6,0.0,141,29.198756844610664,9.78274088373766
26,36,0.4049308403385481,0.9317225937520802,0.894238383111698,0.7671140123969454,0.30782612905563844,0.06945396431127518,0.12157123095686284,0.14361498655462324,1.0,0.6,0.0,143,26.56641641730685,10.261158661493916
26,37,0.34369555751937503,0.8204828398410494,0.8321116510487658,0.7987030060312864,0.16743886127176033,0.08723583064695108,0.12314136168400514,0.14819239810884746,1.0,0.6,0.0,149,23.861148234673458,11.175943333693628
26,38,0.40000691495967106,0.9213974897737355,0.8900273433225141,0.8222464651191689,0.21813441474910644,0.08000790487034799,0.11373801042791701,0.12848864742670188,1.0,0.6,0.0,154,24.100949396096084,12.157323037825746
26,39,0.3687460850272929,0.8739793668992434,0.8594776603840745,0.8504410966919549,0.18688476874166468,0.06724593775497958,0.130373836389163,0.16088114371144752,1.0,0.6,0.0,160,24.89515785669624,11.218277817390211
26,40,0.42044990887281275,0.9479387354060337,0.9096971203810944,0.8784537044081309,0.21907676975378443,0.06813189446458733,0.147461190642026,0.14873820891931594,1.0,0.6,0.0,163,25.74097927477217,9.906629891463028
26,41,0.46309060882079456,1.1637837622236633,1.1637837622236633,1.0456558114740138,0.1689239553911588,0.08635128393661108,0.12905413047842018,0.1650584922458281,1.0,0.6,0.0,196,25.681246510964986,9.652200308122854
26,42,0.45768428554483254,1.1386670449687963,1.1351478263682586,1.0432630758169015,0.1816893929641042,0.08635128393661112,0.1290541304784113,0.16505849224582814,1.0,0.6,0.0,198,25.96364207466346,9.103056455011629
27,0,0.8421158815578431,0.806556422985904,0.35922462353909546,0.010274635859366393,0.0,0.0,0.0,0.0,1.0,0.6,0.0,1,12.562788243625167,26.70927008254393
27,1,0.7289711017248709,0.7451224838874674,0.35314577618258536,0.0904072332973848,0.773795963630128,0.08499433723257098,8.91436600022e-05,0.00019979572824400997,1.0,0.6,0.0,3,9.344536713090832,20.89712161596492
27,2,0.6761518387626008,0.7009553911082406,0.3276610916375556,0.09756365302247189,0.32277358182678706,0.09027403519766523,7.388416072886999e-05,0.00019146627992788,1.0,0.6,0.0,5,7.416917441260312,8.404359653980089
27,3,0.6761510835434864,0.718514692905407,0.35159580655195655,0.10194232141881883,0.09032158488483454,0.09027403519766523,7.388416072886999e-05,0.00019146627992788,1.0,0.6,0.0,7,7.408930751978066,8.419278026467177
27,4,0.6584988984177907,0.6847382964310462,0.3157877562287441,0.10790883874541594,0.13963814340158684,0.08544591701301754,0.00024949878768140997,0.00020346823853955,1.0,0.6,0.0,9,7.889774185459837,7.868028934648238
27,5,0.6856034268897722,0.7128448393607787,0.34730477216812056,0.14564258623525375,0.20778619286417901,0.12255567334267006,0.00028573547747097,0.00087338350658,1.0,0.6,0.0,10,7.117035131300746,35.1433873275855
27,6,0.6468497637281138,0.6922822041063846,0.33565835319094917,0.12347239314906522,0.1544312759830736,0.0863683704533707,0.00826773789718423,0.010274485868078661,1.0,0.6,0.0,11,7.1178686595892815,9.9806033972931
27,7,0.6433354812419628,0.6888251159695405,0.33243379491850455,0.1227370199196314,0.09428544740557063,0.08462929786329705,0.00642971847948097,0.00786610841548664,1.0,0.6,0.0,12,7.177056325165006,9.655880859025634
27,8,0.6130720184071972,0.6608634297888205,0.31864959071220605,0.1382048594519731,0.4508265891327392,0.08868878497762048,0.015588962699646339,0.01154950788794183,1.0,0.6,0.0,13,7.702218682232809,9.317134805601944
27,9,0.6156524965172929,0.6638336023735543,0.32823447124438054,0.15185885549853517,0.2009570116515418,0.0691983633849213,0.08219768770172756,0.0770462514116043,1.0,0.6,0.0,15,8.268588261637158,54.84619865022126
27,10,0.6099128641463436,0.6581158183304795,0.3246319956180729,0.15356829411282272,0.1710359421817518,0.06912944009997421,0.08211190452074524,0.07635211063725424,1.0,0.6,0.0,16,8.724493623104449,80.61518056533484
27,11,0.5900589663530375,0.6557080380511275,0.3326650138929812,0.15392306532971947,0.21007035944581043,0.06653076065560241,0.07109461647410688,0.09132861169877894,1.0,0.6,0.0,17,9.622725690216438,33.26147245958643
27,12,0.5210271643954436,0.5844739623659051,0.2790274177008078,0.13877059239847184,0.3034428367610769,0.06918617385639243,0.02555243949833959,0.0154236903822777,1.0,0.6,0.0,19,8.378303684236924,9.128253929105115
27,13,0.5059883070177362,0.5854707211971487,0.29283624029151134,0.1478202139682787,0.13838685988801938,0.06982579747006808,0.025271035035066856,0.016052170724959368,1.0,0.6,0.0,22,8.824264156804565,9.763168424878002
27,14,0.5054102752514951,0.6023872206655435,0.31637074786497227,0.15710213071852402,0.09103453997569554,0.06982579747006808,0.025271035035066856,0.016052170724959368,1.0,0.6,0.0,23,9.10704117186448,9.389573252459032
27,15,0.6879212759213904,0.7843165382048787,0.5003969222585782,0.3524720763548944,0.28986053339812934,0.2571343855902476,0.025553291878724998,0.01725761876587295,1.0,0.6,0.0,26,9.00510386529658,18.37595502777157
27,16,0.5390779327260657,0.5991320847290981,0.30647897975924915,0.21491822295092977,0.18301453449996347,0.10594159214192908,0.045147224072211424,0.0800563962617993,1.0,0.6,0.0,28,9.221938936960589,49.59394095912997
27,17,0.5421007604766517,0.6193357063272625,0.33421320894822903,0.22826240994231567,0.15310939853899072,0.11239061846902136,0.04390193187929241,0.08189523359997831,1.0,0.6,0.0,30,8.987576662346312,48.96197601148804
27,18,0.49824927668700736,0.5373166508143155,0.24772136433843056,0.18893340586988067,0.31970199107845493,0.07085305747274206,0.07147096915321931,0.07569771962538693,1.0,0.6,0.0,31,8.664493094880566,72.64146014014747
27,19,0.5121410059988488,0.585983096491849,0.30998743998872674,0.2177219671730344,0.15068687430441485,0.1033947324781564,0.043560018723188945,0.0822469392130061,1.0,0.6,0.0,32,7.906698816612393,28.25137614184782
27,20,0.5081699648158958,0.581402730641817,0.30687022059624064,0.2219401259910403,0.16523972574678827,0.10281086725788575,0.04335221591643384,0.08349191356658017,1.0,0.6,0.0,33,7.994437689881943,45.92641707355168
27,21,0.5071971833969855,0.581241225161077,0.3047451175904949,0.22200999926424153,0.13943504067206913,0.08889533435726879,0.05761558191667099,0.09267729313246276,1.0,0.6,0.0,34,6.9154173081414765,43.99111242583211
27,22,0.4957866815155058,0.5863940441853177,0.31866535117250155,0.23430026630054732,0.14353919158525436,0.08235985440721386,0.05838094890650412,0.08921579183354128,1.0,0.6,0.0,36,7.50151689497537,53.06178610102022
27,23,0.4995929490894098,0.5888215262855695,0.32423081057511055,0.24720920300756993,0.1294372420119765,0.10128008349632331,0.04473289203884964,0.07180666289774226,1.0,0.6,0.0,38,8.799446361903795,47.49757117237292
27,24,0.45923360717307815,0.4886315983899745,0.21894683358499478,0.21265426389710881,0.4847059524602748,0.07051522833538734,0.07870574257077143,0.07655669941730218,1.0,0.6,0.0,39,8.861937649682687,82.56719472196602
27,25,0.4571812536915694,0.49915147732165216,0.24418370392547586,0.23528890626227186,0.23656370266584278,0.10292780059695864,0.04974184256850151,0.06610798123173751,1.0,0.6,0.0,41,7.709041657040728,46.2595880842131
27,26,0.4571812165490871,0.5167115508344746,0.26811855058039147,0.2529294910807862,0.1327756292147899,0.10292776341936968,0.04974185099416971,0.06610796464999459,1.0,0.6,0.0,43,7.709042538152671,46.25959048801143
27,27,0.45052622712661516,0.5083809717494879,0.2624088753624289,0.25372163006119763,0.196619101045032,0.10245832196357033,0.04819869655702985,0.07396393950354863,1.0,0.6,0.0,44,8.402703745588182,45.440909435744224
27,28,0.44512200911252403,0.5199653599527866,0.28124961119264597,0.2562176577348711,0.149711812463176,0.09796566219148536,0.049614382916980136,0.06694135221754753,1.0,0.6,0.0,45,7.082717515582617,51.41635033243472
27,29,0.44185293205815235,0.5361474708153314,0.30088629373130926,0.2780073517034516,0.12404574674966234,0.08031640687349283,0.06385298878212094,0.08020045712582394,1.0,0.6,0.0,49,7.722861200555288,53.01017114610579
27,30,0.436968875757724,0.5041637374841168,0.2764149856073401,0.28892787814851223,0.22467773669687574,0.11047923610984485,0.050791098282267265,0.07444575486636461,1.0,0.6,0.0,52,8.527694393293611,29.40988139393829
27,31,0.4156901210725098,0.4826245069624632,0.2552284947284853,0.268270260496944,0.12912443244704291,0.08927150975632905,0.051794464138928596,0.07281449078330623,1.0,0.6,0.0,53,8.851152180428446,29.38911668995773
27,32,0.414016638083955,0.4968453069191578,0.27805320811637274,0.27986421513534576,0.17837069476456263,0.09206262088793629,0.05140714646067368,0.07284893362148478,1.0,0.6,0.0,54,8.567602084408865,29.230085232432103
27,33,0.41401663787761417,0.4968453068098903,0.2780532080071052,0.2798642150259837,0.12291048534173783,0.09206262077449542,0.05140714646762919,0.0728489334963482,1.0,0.6,0.0,55,8.567602086370721,29.230085227796422
27,34,0.38407583506951587,0.5716845295948049,0.39193214237964047,0.33675213308854646,0.09552640344584867,0.05739081375437997,0.06180955675362478,0.02463880926770395,1.0,0.6,0.0,74,9.98218945992575,31.81903502884268
27,35,0.37431488780612254,0.5423445332652653,0.35886570832472287,0.34160452193260893,0.1228020964485983,0.06380282100577914,0.04317038386149867,0.02258324477035396,1.0,0.6,0.0,76,9.36585486903137,23.08421526849497
27,36,0.38013163902837466,0.5609962747154895,0.38978114199364555,0.36741907560493925,0.2527669545710143,0.08034082949369967,0.04339843012722612,0.02153822448781894,1.0,0.6,0.0,77,9.43627163636211,21.929204970319056
27,37,0.4202814791657018,0.6179379403606867,0.42400208896378655,0.3837616976663423,0.12125306019926976,0.06694512384280776,0.06042095672918889,0.04380510677073316,1.0,0.6,0.0,80,10.68745103435054,21.442282590613228
27,38,0.41985857846508134,0.6348806595400617,0.44761500413457783,0.40024178460667553,0.10896757408818752,0.06711260388601265,0.06041506320409622,0.043075643924195,1.0,0.6,0.0,81,10.610032551201076,21.45626104482667
27,39,0.3332348487632497,0.4976729470418447,0.34502869083037147,0.3706092831601444,0.22619230772811644,0.07187526592468815,0.03387275430330773,0.07161310399718976,1.0,0.6,0.0,84,9.041318710015188,10.276731203640956
27,40,0.33000374888067585,0.4927990790782827,0.3418844879828853,0.4182339718666154,0.0958130021224472,0.07194189511049512,0.03326701352155419,0.06318246818488069,1.0,0.6,0.0,95,8.599966920677625,9.594616927404942
27,41,0.3157365261299591,0.5460439966173896,0.42345949626786084,0.42401662489472186,0.1528652759841787,0.052163135551538606,0.05038937282625068,0.03062777778764601,1.0,0.6,0.0,96,8.362024998626794,20.223222356627577
27,42,0.32555527800922957,0.5316266218565583,0.40938928663648244,0.49791665677019903,0.13124100811048403,0.08089406827652904,0.03738880255929996,0.06460132195483845,1.0,0.6,0.0,102,8.364766305306716,9.949075454054489
27,43,0.3246068389156852,0.5301214027448765,0.4084291084017201,0.500946507836575,0.1167870908081582,0.08082990593455314,0.03739096300480097,0.06428771146930531,1.0,0.6,0.0,103,8.296264701806368,9.844774178365196
27,44,0.30647697785941386,0.5035392596171607,0.3899535208618494,0.4997354479069736,0.1653332591314418,0.07576384652652048,0.037283744440088,0.05764871218145845,1.0,0.6,0.0,106,8.540989021576138,9.984235152291228
27,45,0.29122235903781957,0.4908642643442058,0.3748514842046671,0.5160923158277366,0.08004099423827389,0.05690154093414521,0.03689193426776461,0.03370214695553689,1.0,0.6,0.0,120,8.44843282347182,9.205480539562537
27,46,0.2854180989914602,0.5023724952249758,0.39295808240852287,0.5202251854420262,0.11794669718757356,0.05304651147166204,0.034216119959493044,0.035572869676769356,1.0,0.6,0.0,121,8.394390243252829,11.720326756626385
27,47,0.2696401209460411,0.4916811471745582,0.40010828664776366,0.5366877766926527,0.2455942594377297,0.055469764549789614,0.03366372687464235,0.0350920691509571,1.0,0.6,0.0,122,10.280159684902936,9.456871404174176
27,48,0.26199738761549857,0.49749280449217326,0.4159223960749279,0.5458821371558503,0.11842698295786412,0.053285628186783354,0.033721812917208646,0.03338528864069467,1.0,0.6,0.0,124,10.27442790463348,9.39012982740434
27,49,0.25641707694161936,0.46474920616108295,0.3850458067833983,0.5500025068512633,0.14736190588294612,0.053621721813989366,0.04420582956683914,0.050220923546220674,1.0,0.6,0.0,127,11.731581451579894,8.828900982528628
27,50,0.26268257376417353,0.48397389545036784,0.39306738103224337,0.5402759455278241,0.07251708259982617,0.04891189117162706,0.03468701676871322,0.03633888277529027,1.0,0.6,0.0,132,9.44894847525997,12.31520127414675
27,51,0.25997696356746125,0.4698287568727366,0.3888419336746424,0.5605555226942371,0.1129720374469683,0.05986663224806329,0.03660320521553387,0.039833006105003586,1.0,0.6,0.0,134,8.839763232764973,8.534584286915704
27,52,0.2599429923200665,0.46929375435100346,0.3887308255022228,0.56667729890337,0.09217700823333858,0.06025587034527095,0.03693217374644852,0.0405728606462914,1.0,0.6,0.0,135,8.891216920741638,8.482330031926658
27,53,0.2542507885493059,0.5131075762785472,0.45433546737830643,0.5993960747114766,0.14260436895487247,0.05866258658566137,0.03656851639260229,0.04002169336015624,1.0,0.6,0.0,136,8.879013734966684,8.512370681665892
27,54,0.25127624993339465,0.45353947701527814,0.37888531619157373,0.5786753478256316,0.11793681645721893,0.059240133728500025,0.03842791552129169,0.04156857088031975,1.0,0.6,0.0,138,9.00964697484925,8.971001116349733
27,55,0.23331999448421406,0.3814064750787676,0.30917947127262696,0.5836611914112726,0.1640138481342232,0.058655709772322685,0.04464999480056274,0.04623244784937871,1.0,0.6,0.0,144,7.897412463358651,9.733692215381902
27,56,0.23327947315815037,0.3988872687132293,0.3330651912389152,0.5996345115878711,0.0856970732164478,0.05865570977232269,0.04464999480056274,0.04623244784937874,1.0,0.6,0.0,149,7.906938668775247,9.712152735271378
27,57,0.23317765173549324,0.3985420143598561,0.3329078717819256,0.6221344732626182,0.09089249642554213,0.05880823575478916,0.04464920703935746,0.046225237833400865,1.0,0.6,0.0,150,7.927642787025704,9.746411359102582
27,58,0.23869545758526933,0.40371881454778324,0.33834755287336205,0.6311789119697702,0.10076646636961553,0.0643703316975426,0.04516636024879433,0.04648014417958085,1.0,0.6,0.0,151,8.122451102432006,9.10395540168128
27,59,0.22392715908825855,0.37990901027599366,0.3214146191869208,0.621346735841935,0.23211290383420574,0.0589351872657092,0.04487162216682409,0.04665641203101356,1.0,0.6,0.0,152,7.9695938682047425,9.725461790766872
27,60,0.21341409132498546,0.3607166352337092,0.308662077063673,0.6498281519918672,0.09009781929436281,0.05370832820189928,0.049997586092903404,0.05547968467303368,1.0,0.6,0.0,160,11.087296865106984,10.076724180158568
27,61,0.18129874107079536,0.32336346434651914,0.2939453900879393,0.6585600013939539,0.13836813616892465,0.04347041954736007,0.04725839176464593,0.053127235145012844,1.0,0.6,0.0,165,10.575051400860849,7.145799941909649
28,0,0.8253545780995062,0.7952852766917037,0.352212829247963,0.009650050084514658,0.0,0.0,0.0,0.0,1.0,0.6,0.0,1,13.512071535854547,27.701266651134222
28,1,0.6581457300211041,0.6844840155629092,0.31585596804754135,0.08812808103866701,1.0124603462012574,0.08613419337950062,0.00010091646955223999,0.00018632251075869,1.0,0.6,0.0,3,12.433799579225832,22.195293497146054
28,2,0.5689021807199865,0.5993856751063873,0.2645226779126439,0.09205007053236029,0.5105580732559761,0.09039704986350384,8.190764406196e-05,0.00014890780374688,1.0,0.6,0.0,5,11.717397265304385,8.80011460004547
28,3,0.5672665838431634,0.6152443338710406,0.2879472861444301,0.09875573154724969,0.10671625916408715,0.09183893047709843,9.610881075819999e-05,0.00017408048724348,1.0,0.6,0.0,7,11.736746606482797,7.463390879585578
28,4,0.5580048128102987,0.6058755272811488,0.2801498425477383,0.09625120548280733,0.12579489811061711,0.08571089924734995,0.00162434533053604,0.0029871556113415,1.0,0.6,0.0,8,12.257316076081066,15.523790217341825
28,5,0.5322770195788242,0.5789476573938089,0.2631576174450432,0.10023943852461009,0.20983170409527235,0.07983227652816098,0.01036214702013754,0.02463317631767099,1.0,0.6,0.0,10,12.883873371769848,10.92684246875949
28,6,0.5172994812607331,0.561005642698574,0.25804665867709475,0.12204922628446563,0.2616353524066167,0.09767060814201124,0.0073188672569019396,0.015784969777159142,1.0,0.6,0.0,12,10.35005801956113,8.82833850834823
28,7,0.5158483714309213,0.5769256511871017,0.2809615467506758,0.1340363709823057,0.10972547039472702,0.09767060814201124,0.0073188672569019396,0.01578496977715915,1.0,0.6,0.0,14,10.353368706900763,8.692542898149403
28,8,0.5150130354064804,0.5759816776130028,0.2803743174450331,0.1316472351488751,0.11090324366874976,0.09767060814201124,0.0073188672569019396,0.015784969777159142,1.0,0.6,0.0,15,10.357373086729927,8.600484219642247
28,9,0.5042027152229022,0.5816708872759809,0.2958365666919569,0.1369712835130018,0.18371637465926158,0.0949627732089089,0.0070342088722896694,0.018706872223932268,1.0,0.6,0.0,16,10.19879661646805,9.57655202418684
28,10,0.4923341695563344,0.5520787431769806,0.2603650004393146,0.12448161212111962,0.10078432400587163,0.08571104409023834,0.00458545916773183,0.01348953291181981,1.0,0.6,0.0,17,10.738458945311478,10.624683019659662
28,11,0.48840643319261995,0.5456529103662681,0.2608674923590281,0.14362372980844357,0.2727764179027545,0.09464411797629352,0.009543837226879839,0.00412879431929466,1.0,0.6,0.0,18,13.79685178616568,8.415174054611645
28,12,0.4797109997363763,0.5175008365684781,0.23096915642495058,0.14102094385809433,0.1596193553915305,0.09629686291252766,0.009549890671567519,0.00414804810061441,1.0,0.6,0.0,20,13.984736492127464,8.0542099834073
28,13,0.4715052221460041,0.5260847418620133,0.24776623692853494,0.15271912983554525,0.12097032109991793,0.09208971477533844,0.00970862155835474,0.00437193924661479,1.0,0.6,0.0,22,14.426655634742236,9.119447370560534
28,14,0.4600687548235762,0.5139202664393607,0.237148735033059,0.14473131357654387,0.10256307924436811,0.08948389892856598,0.0006007658259435001,0.00372426390474206,1.0,0.6,0.0,25,12.359840617969544,8.417907783228003
28,15,0.4555661001150003,0.4907962650205957,0.20991867909932513,0.14725698670907725,0.1467193461350795,0.08995196263811792,0.00055438800093063,0.00317126310917581,1.0,0.6,0.0,26,12.626039928447687,8.893009117682668
28,16,0.4497041283634686,0.5012822744609157,0.2292732965933017,0.14883599234921882,0.15186289582692858,0.08947195290003099,0.00056208533403672,0.00264878121865338,1.0,0.6,0.0,27,12.794875461866903,9.361712956333172
28,17,0.4467978044658992,0.4949051228463499,0.22958669653727767,0.1543101675262389,0.26796549761427224,0.09302222080960636,0.013523933628592461,0.0042208410261933196,1.0,0.6,0.0,28,14.397753384522025,8.631021840959928
28,18,0.4388572016087266,0.48396294517971356,0.22389437500123466,0.17104936786829206,0.14760878848313466,0.09754641667518224,0.010900300334202761,0.006457648558793561,1.0,0.6,0.0,31,16.815919544609265,8.312106155691025
28,19,0.42301376129670193,0.46492569763044894,0.21005432990088896,0.1726461606194103,0.16335173922800966,0.09154003183206791,0.01210407850506941,0.00440014884529406,1.0,0.6,0.0,33,14.85965455003075,9.30228147168461
28,20,0.4218491156028906,0.463299576925849,0.20915869728882355,0.1728459328002119,0.1172993308693548,0.09143784135601524,0.01278535165995783,0.00444371807638831,1.0,0.6,0.0,34,16.36618243382928,8.12789263115483
28,21,0.432688454163817,0.558795669917082,0.3413306364448684,0.22142878288771012,0.24834404255674986,0.09936243697058074,0.0335794019172714,0.043576746855106166,1.0,0.6,0.0,35,12.00791701349542,6.453915085083701
28,22,0.43321214910435757,0.5766678293971309,0.36589055619196814,0.23038585804290226,0.12690480380258057,0.10046843842572262,0.03363607753160161,0.04366763070425515,1.0,0.6,0.0,37,12.18756577607233,6.264077523372347
28,23,0.39281968427009856,0.5734496875297551,0.4024869882416814,0.26011996154219597,0.2132345917722817,0.1015476165510442,0.029922788468536233,0.03464333262059209,1.0,0.6,0.0,42,13.855042312986996,5.579395210726672
28,24,0.38545656316867793,0.5792436379143261,0.41989575008722735,0.270084630378042,0.2094550618311296,0.10280596756028992,0.03132516945688428,0.03497462174159367,1.0,0.6,0.0,44,13.460912131521772,5.782539384461215
28,25,0.3687230359776762,0.5375759830975739,0.3801790457800256,0.2869013963797251,0.21344199119065801,0.10146680235462299,0.030097622093162902,0.03462046061675279,1.0,0.6,0.0,46,13.332060964351651,5.5172493595049525
28,26,0.3838412195586158,0.5611321353988665,0.4198895439371143,0.3199260077701827,0.27203425165839473,0.10110962340844236,0.08381759066460827,0.09625571925046428,1.0,0.6,0.0,48,14.986678028206356,6.757012945003251
28,27,0.33818430732246985,0.632839432952445,0.5417461359596674,0.36648147171617207,0.12056152445037813,0.09518323521744472,0.03270572574678366,0.03462563157593847,1.0,0.6,0.0,66,15.929306348927993,5.418970017248047
28,28,0.3065976432669419,0.5294726280604566,0.41434767088090446,0.38800468775994973,0.09497914553494441,0.06500711858037114,0.03426308347399956,0.03986643209527439,1.0,0.6,0.0,84,12.850927251303135,9.267809981222884
28,29,0.30424647014205763,0.5266325802098697,0.41200635930351237,0.37934695927764617,0.13479566615430633,0.06439740367381039,0.03274525155547975,0.038355758195510195,1.0,0.6,0.0,85,12.264232928867148,9.39116164082492
28,30,0.3001062023061167,0.5198195168911853,0.4077678849310141,0.3789619848683474,0.12298078627793561,0.0643974020818928,0.0327452513687127,0.03835575855657622,1.0,0.6,0.0,87,12.019807103083108,9.710919345446811
28,31,0.3022670085618043,0.5967059988650549,0.5286981332437724,0.4596500335019155,0.17225583579793805,0.08463880283878526,0.03448997293605454,0.03764190180439686,1.0,0.6,0.0,91,13.657471011223183,7.854378711427342
28,32,0.30212788651662714,0.4911056825431486,0.38493889661545505,0.35791551834276086,0.1056070454293427,0.08463880376833638,0.03448973999595245,0.03764185787959335,1.0,0.6,0.0,99,13.645476059150983,7.848041519632812
28,33,0.296160263662598,0.5698183173387015,0.49831581527372515,0.4766850967896024,0.1558339902454807,0.08374490063539636,0.033136720931409305,0.038437330382729826,1.0,0.6,0.0,100,13.545243208066085,8.82270121495467
28,34,0.29476393784204497,0.5847741031407365,0.5207154126451813,0.49403378296580075,0.11061399884216035,0.08375389227063275,0.033495710769261076,0.03824007119824461,1.0,0.6,0.0,104,13.457296228406886,8.856042310879197
28,35,0.2987958225084958,0.5868350082449416,0.5245082180759535,0.4971094074951672,0.14917105943012454,0.08915344254502192,0.03556954797090195,0.0373242156705589,1.0,0.6,0.0,105,13.412186019014875,7.698412606021876
28,36,0.2994639035181251,0.48349773830487475,0.38173208821849736,0.40256640606711747,0.12185435691733162,0.0882875520906323,0.035139036763536455,0.03827166630615665,1.0,0.6,0.0,106,13.5226683319748,8.023796823562122
28,37,0.2944665285859725,0.6159921960472217,0.5678399671302574,0.5295736884919482,0.1448818279583362,0.08782371472024732,0.03413072104186355,0.03432443761897818,1.0,0.6,0.0,107,13.36899433929853,8.453565172685137
28,38,0.27500231940329123,0.4434715618484881,0.3549769300036846,0.41475522414551536,0.16793942176523552,0.08355109778309297,0.034852946019521644,0.03590118114819537,1.0,0.6,0.0,111,13.002739606156808,7.7924425171428915
28,39,0.29339502141837065,0.8067924553380793,0.8298876126517324,0.8195512576761496,0.10921552630406568,0.08577125219349416,0.03857052809426357,0.042744654812656505,1.0,0.6,0.0,187,13.789809965923956,6.882302599453803
28,40,0.29060242442871786,0.8026121620877489,0.8269085660084313,0.8291530851869919,0.16770189221538426,0.08457252686005842,0.03889987935051429,0.04035703246098858,1.0,0.6,0.0,189,13.768998272372352,6.481498711418554
28,41,0.29117616706682875,0.8039656162288187,0.8275931863600622,0.8424587629761112,0.1336616519329435,0.08451328778849063,0.03830383657638744,0.0396227275620425,1.0,0.6,0.0,191,13.744485609540224,6.798191943035917
28,42,0.28279427577193283,0.7888741042233434,0.8181944359584472,0.8346384145487623,0.10792673749064734,0.08451326217008678,0.03825923430318605,0.039624550362141596,1.0,0.6,0.0,197,14.016999386381164,6.83108708672594
28,43,0.2826389674343118,0.8237116325184349,0.8658887511789429,0.8618677145328321,0.11042087800177679,0.08451326217008626,0.03825923430318602,0.03962455036214167,1.0,0.6,0.0,200,13.97748266605378,6.808052444187135
29,0,0.9419801009717799,0.8702043034262785,0.39882007929862373,0.013805337998118736,0.0,0.0,0.0,0.0,1.0,0.6,0.0,1,8.395489397775258,26.073593069347808
29,1,0.7749426162551373,0.7787154221665936,0.36868882224619914,0.07888573050013971,0.8343100519097395,0.0708224331728978,9.047313333471e-05,0.00013312102034215,1.0,0.6,0.0,3,6.858183163051429,21.25782768490037
29,2,0.7115907246057601,0.7255626906395133,0.3299265060797471,0.06389331170857308,0.4139197915440659,0.055206033645066675,0.00099693672686226,0.00102430538549191,1.0,0.6,0.0,4,8.015720815214594,21.532319163775504
29,3,0.6818479117106089,0.705502806642453,0.32912504673238424,0.0944042517168846,0.56593274603498,0.08666029130580029,7.666653352408e-05,0.00010666344712965,1.0,0.6,0.0,5,6.906331338536236,8.986519733873282
29,4,0.664847533628881,0.6896155936083946,0.31622239047321227,0.0914066692564495,0.11584998122463354,0.07868033905049217,6.074325460764e-05,0.00010376850635372001,1.0,0.6,0.0,7,7.106784602378182,17.772370573507633
29,5,0.6535909285757028,0.6973063720522735,0.33445135419096017,0.09793904477170459,0.13167663896272278,0.0798191910025407,7.566724211783001e-05,0.00014344770098656,1.0,0.6,0.0,9,7.378069977585445,16.86670580029277
29,6,0.6606156107837315,0.7056830801714529,0.3475184800893183,0.12446423537027017,0.1591112288507569,0.0990783467728979,0.00262457481346162,0.00460051107566724,1.0,0.6,0.0,11,7.864529239773596,179.3987146977939
29,7,0.6086024284043976,0.6563804466052058,0.31406379300456716,0.11690777503573668,0.48745014260809055,0.09123776482208504,0.0034166422443115,0.00561118988678675,1.0,0.6,0.0,12,7.099884477569715,5.014963947570761
29,8,0.6021148548763972,0.6677537159536401,0.3363888635277057,0.12703618483218185,0.21309391080109336,0.09711186106172173,0.0034999028582991,0.00564271876638066,1.0,0.6,0.0,13,7.400460231171502,5.203971528751785
29,9,0.5797575580300496,0.6630454065152039,0.34185373337309044,0.12270993675451398,0.18151633563812491,0.08692142146531265,0.00012192438634948,0.0005203734567237499,1.0,0.6,0.0,14,10.195684667804752,8.782405393670565
29,10,0.5647073428917674,0.6479003896398128,0.3315485058749041,0.11966184202059922,0.1448771416410766,0.08233000547121154,0.00387761036251444,0.00824311028561228,1.0,0.6,0.0,16,8.786551902368803,5.847452250034835
29,11,0.5525012770211609,0.6177893295131384,0.30012453406088835,0.1189873185036275,0.2114707325661798,0.08425189872382503,0.0020814538260674202,0.00234413167266103,1.0,0.6,0.0,17,7.574092132030145,18.724993844400373
29,12,0.5373370056592659,0.618499397931073,0.3186678384259889,0.13881379860114063,0.24153768048060306,0.09613670639359624,0.00472554458953266,0.0051816442332541,1.0,0.6,0.0,19,8.871019739246773,6.41682350377009
29,13,0.5095464988035108,0.6054276009169399,0.3232512148952502,0.14293249591635393,0.2385421957706907,0.09528450843245852,0.00484312072401238,0.00659063877702738,1.0,0.6,0.0,21,9.1067575467245,7.253970736870801
29,14,0.5052474577719787,0.6181879746995459,0.3440044457498539,0.1591890625833314,0.10773815846303747,0.09481372030656102,0.0047640616796569505,0.00665443892228768,1.0,0.6,0.0,25,9.246484144707631,8.06417674016785
29,15,0.49980584272586326,0.5932902292494081,0.31829491880020677,0.16318505387148605,0.24349098695829857,0.10169258302090742,0.005604808084072739,0.01191874557743651,1.0,0.6,0.0,26,8.594529380780493,7.039222526894733
29,16,0.4903491075257927,0.5821760871767488,0.31150337826906116,0.16544566797464538,0.21294744181755626,0.10227277964485404,0.00517859777568861,0.01022693556211581,1.0,0.6,0.0,27,8.794912004819231,7.158816949408307
29,17,0.4898013937818405,0.5815829030230913,0.31102307892141634,0.17027616186777306,0.10648963872299234,0.10213065476336532,0.00492476520840179,0.00957470378884711,1.0,0.6,0.0,29,8.822638591194737,7.012941878434453
29,18,0.45832887165171937,0.5112277105440484,0.23649721550920363,0.15440026586062774,0.3060464403522334,0.08993022529902693,0.0043709394993245,0.00658641638937932,1.0,0.6,0.0,30,8.910549265046406,4.841878869975868
29,19,0.43458063538094127,0.5007090214612806,0.2408681628117092,0.1525184560822483,0.29888784466189644,0.08427400427274763,0.00455305450755292,0.0072226820207207595,1.0,0.6,0.0,31,8.819257462454853,4.074035059008067
29,20,0.4339466632550786,0.49975728182763574,0.2405001860574879,0.15552482914363583,0.10212932388227826,0.0848756941954703,0.00453851922871803,0.0072055542128930394,1.0,0.6,0.0,32,8.713142642707504,4.13725729309322
29,21,0.42152332536269205,0.5567058154462452,0.32511860006619897,0.1637736547355408,0.13809382035578366,0.07668452348128348,0.00560879804863212,0.01025813591762335,1.0,0.6,0.0,33,10.814586606547186,11.333785016494383
29,22,0.4292891757913561,0.4935282184634537,0.23708494197680713,0.1638239945291139,0.10078985301818541,0.08603183993402559,0.00464020053975185,0.0077598176230894295,1.0,0.6,0.0,34,9.086582935606213,6.57244652809619
29,23,0.4035418537432598,0.5330263602553824,0.3103875615753964,0.16243612898551238,0.28672280656806326,0.07668452348128348,0.00560879804863212,0.01025813591762335,1.0,0.6,0.0,35,10.24710920409082,9.78668468239928
29,24,0.3923335325497877,0.5206986781627664,0.29980814970694264,0.15918906879286376,0.11584839974015444,0.06900597325383269,0.00557083616454446,0.01028891610126363,1.0,0.6,0.0,36,10.11275771167384,17.35057166288675
29,25,0.38147584130084156,0.5742608296637983,0.3874473736466114,0.18909279734577722,0.12105647079256378,0.07362194725673948,0.007909929824890919,0.016405732885430298,1.0,0.6,0.0,41,11.588286178696723,10.995189542717068
29,26,0.36862670458262886,0.5224360697161476,0.3281589239078294,0.1923470135485916,0.2071963078289352,0.07114693379190878,0.007508014721623291,0.011865421122470781,1.0,0.6,0.0,42,10.278413610811754,10.122385102147584
29,27,0.36499754350652686,0.5175070577553998,0.3249555229751561,0.19426101448735214,0.11825862634023174,0.0702547212471322,0.008390573765679631,0.010461065425116869,1.0,0.6,0.0,43,10.924945722567896,10.078804051189108
29,28,0.3562852863821634,0.50447048270592,0.31745865587270194,0.18972493622423237,0.21473703861663948,0.07233233533143232,0.00763246321626186,0.01448495587934969,1.0,0.6,0.0,44,12.31563977752018,10.713842749829594
29,29,0.3268979654952725,0.4872035081150169,0.3388740028978886,0.22940822505969732,0.18533644726956275,0.091547206458123,0.00266708965886094,0.00675418658523851,1.0,0.6,0.0,51,14.15514036020781,6.18809562523461
29,30,0.32867024542430184,0.5050069900498557,0.36461940817587296,0.24197275663544032,0.11704487419342123,0.09598372753276704,0.00258973418108552,0.007132075439724871,1.0,0.6,0.0,53,14.350050327560492,6.206090813359552
29,31,0.31843318261685005,0.492257634256607,0.35440795152886406,0.2477818725802553,0.10052258518979168,0.08979618480608154,0.0028463744629055503,0.00792935087237165,1.0,0.6,0.0,60,15.170679011804168,6.364712145909471
29,32,0.31548858479887065,0.4877264408544254,0.3514599608170378,0.24965383625997328,0.1108610392865607,0.08945747032885151,0.00284158098765008,0.007931381199948979,1.0,0.6,0.0,62,15.065407561944138,6.473173514530102
29,33,0.29078246176908884,0.4756292225413788,0.35058318314735804,0.2444904657513828,0.1949111985632063,0.07163368943610741,0.00448948487215121,0.01208928774145402,1.0,0.6,0.0,63,15.182143701164811,6.893643456252253
29,34,0.26776682308081073,0.479969793152759,0.3750192452998425,0.2537466714668473,0.10873519187363757,0.06082569627598714,0.00360030367984981,0.007453252140877451,1.0,0.6,0.0,67,20.652022974694937,9.84061343515514
29,35,0.25284021892338887,0.45539457540492595,0.38050477253658294,0.2762678211821994,0.37817198253504497,0.07870928310176134,0.00803153360447237,0.016163702593175393,1.0,0.6,0.0,69,20.225739935136698,8.320785188751904
29,36,0.23069675045433746,0.41854998281241695,0.3554592644317283,0.291127885988187,0.13661569668122192,0.07350597730792384,0.00733473128205322,0.020863826234334838,1.0,0.6,0.0,74,19.96519392707336,12.935830384383207
29,37,0.23159885455836532,0.38418695109311835,0.3084693344250673,0.3140550769873273,0.07964377073560688,0.07302314356186804,0.0099431175011521,0.02061629810482717,1.0,0.6,0.0,79,15.427859767175551,11.318572700553217
29,38,0.22891892542368408,0.39652425431361427,0.3291551981535662,0.3328573058191287,0.1034349562998019,0.07302314356186806,0.0099431175011521,0.02061629810482717,1.0,0.6,0.0,81,15.55609538452099,11.7476445149523
29,39,0.21516812391207016,0.44868507850902867,0.41015960855461914,0.36848664437413176,0.0766996263499084,0.0639388678578908,0.00969910464355137,0.01977510909010653,1.0,0.6,0.0,93,15.20332914618394,10.266067709930034
29,40,0.1998953975149561,0.4358136811439894,0.41503626698492774,0.386358310957341,0.11658336908494128,0.06351012738020605,0.00985398186774019,0.019753558758119592,1.0,0.6,0.0,99,15.90514081685508,10.227397345295302
29,41,0.19838727516604457,0.4479305510669148,0.4364069121497628,0.39836372790344,0.10743597166052449,0.06573514664150551,0.00977062222517462,0.020202654995513568,1.0,0.6,0.0,101,15.641364931273293,10.146747802497543
29,42,0.19041742714472043,0.43133565188494694,0.4260190635521538,0.40712116480162713,0.11002906038005769,0.06545207470378968,0.00995894124172461,0.02068108477479411,1.0,0.6,0.0,105,15.625397382529574,9.185853568481336
29,43,0.18195513638189625,0.4392203449334885,0.4411467970479147,0.4236853872143171,0.06676842840292495,0.05759637343736975,0.01075503663570362,0.02216150265022828,1.0,0.6,0.0,113,13.717144253293185,12.535406120985824
29,44,0.18197997306229174,0.4529111672557136,0.46396021694768574,0.4235761950479288,0.09018777112561659,0.06158499487719617,0.009776830780511569,0.020036802898415883,1.0,0.6,0.0,116,15.488692687584102,10.939854274818234
29,45,0.1762572786273708,0.4581489177816832,0.48018405937511205,0.4569097961638511,0.08372360611189002,0.06158188303188818,0.00958185611229806,0.020537714624475588,1.0,0.6,0.0,123,14.778801963657102,14.090608461973016
29,46,0.1745420788868091,0.4706229115024075,0.5013626344481367,0.4681512837118174,0.0973955307388999,0.06270465619487972,0.00950810168522007,0.01965763857844638,1.0,0.6,0.0,125,15.002706009101663,12.026621197219283
29,47,0.1754255387907287,0.4706651405344964,0.5019834221973942,0.46963990860429533,0.08438322946144336,0.06425461266982192,0.00954740776659064,0.01983447002384739,1.0,0.6,0.0,126,14.864489403412032,12.031150045159842
29,48,0.17081356906361012,0.48292919781399973,0.521092521668601,0.47603112969237354,0.07762569177034348,0.0601879983285273,0.009570912982469119,0.02031085385521578,1.0,0.6,0.0,127,14.652681981637068,12.308404451028505
29,49,0.1669284990989684,0.4759419711342688,0.5162274574241422,0.48820123997024,0.07210329028862691,0.058468461599106035,0.01015122826518034,0.02047784885136773,1.0,0.6,0.0,134,15.02382236399509,12.413265966348376
29,50,0.17399070101188144,0.4935441033084669,0.5449685867695993,0.5273180438621855,0.0919184475462559,0.06693157869600924,0.01712750540895939,0.0244090685431576,1.0,0.6,0.0,142,14.369203036576849,7.591843815265148
29,51,0.16462890425944823,0.5138460958004178,0.5816585693912236,0.5764059073091751,0.09027698807867778,0.05916975343268405,0.02141234605846547,0.03222247830913817,1.0,0.6,0.0,147,11.18008621327454,11.354911576216558
29,52,0.16278962329929333,0.5272257057582135,0.602967162383101,0.586889910399226,0.11062480099634961,0.059055847781740486,0.02148875335939987,0.03204475884494356,1.0,0.6,0.0,148,10.899592994918155,11.793537576915329
29,53,0.1523043298854028,0.5008075980157898,0.5869657127187353,0.5865165048767006,0.11023843707453429,0.06008846519027815,0.02167866383106589,0.033600895256681966,1.0,0.6,0.0,155,14.052925818342036,9.245248193243988
29,54,0.12896934530480714,0.5807784525219394,0.7411564941059385,0.6962647892783569,0.09620882269732421,0.06407473204648653,0.0165960755794934,0.027432942493546043,1.0,0.6,0.0,181,14.696012270526456,7.691269057644149
29,55,0.1255798670585347,0.6278304087149192,0.8086918836111189,0.7700467847233159,0.07481706290222578,0.0616537243969328,0.017243098264540298,0.0325440193773387,1.0,0.6,0.0,193,13.97256597773688,8.40402879290949
29,56,0.12157719092681825,0.6175464186388243,0.8021989200834643,0.7729468193820048,0.1661283506268899,0.06172867663991809,0.01669757496553716,0.032555847152485815,1.0,0.6,0.0,194,13.873519864483708,7.93528613705953
29,57,0.12523714442866413,0.6293587785309521,0.8260013367298641,0.7960619873823949,0.1155048294839377,0.06546097369671319,0.02566240785814125,0.0411620445444066,1.0,0.6,0.0,198,15.603437260210605,6.585213913509636
29,58,0.12470827521355357,0.6456190560734879,0.8490938047626134,0.8077532953984764,0.08647360770000534,0.06546960378372307,0.02549883063602027,0.04144258749744245,1.0,0.6,0.0,200,15.587083053600372,6.590975602859061
30,0,0.8122099608845028,0.7863173937647907,0.34663385042940204,0.009151923464718725,0.0,0.0,0.0,0.0,1.0,0.6,0.0,1,13.745013582213796,26.163974236682723
30,1,0.69379434844054,0.714807663296593,0.3322263916324973,0.08357567325050196,0.790080834668193,0.07955821394788695,6.204240035067999e-05,0.00011337989637677001,1.0,0.6,0.0,3,11.010475830121203,11.39359301865822
30,2,0.6345833352663404,0.6633039110919399,0.3041939033103946,0.09562839825758024,0.382238153151526,0.0900526561226061,0.00024816960140271996,0.00045351958550708004,1.0,0.6,0.0,5,9.53793768301852,5.463948622145232
30,3,0.6344940293255716,0.6807809534831324,0.32807732919884464,0.09849564945680654,0.09059223586949462,0.0900526561226061,0.00024816960140271996,0.00045351958550708004,1.0,0.6,0.0,7,9.54277485968528,5.455928579464899
30,4,0.6267727190367784,0.6559261598366113,0.2991299417626443,0.10867908201853674,0.11735265286558771,0.08882342790002166,0.00020535263545279998,0.0002814045060076,1.0,0.6,0.0,9,9.98507923911845,6.123164011601236
30,5,0.621516000689779,0.6509516307313385,0.29578055877227133,0.10527927155815682,0.12883177225036507,0.08815936051234743,0.00018880387643355,0.00060092437438186,1.0,0.6,0.0,10,9.989319530336829,14.118930638896853
30,6,0.6125960875791887,0.6425494173530377,0.2911728509932864,0.10838638113150717,0.18431975039306492,0.08980651332145279,0.00017487097717613,0.0005842564210639201,1.0,0.6,0.0,11,9.519416700097825,14.629660975735309
30,7,0.6118998133108149,0.6594823581640744,0.31516775653222023,0.12083762196748145,0.10812019845156444,0.09096285206815036,0.00023283369567336998,0.00068175969301793,1.0,0.6,0.0,12,9.604303420604868,10.521206036955496
30,8,0.6067116203926781,0.6545066661539474,0.31234619386605267,0.12348872937073622,0.14543167391410472,0.09169724201883532,0.0002165005834766,0.00063122093223194,1.0,0.6,0.0,13,9.192429636615708,10.779223759839102
30,9,0.60390629782103,0.6692981151386512,0.33389261297812317,0.12167075277499532,0.09955393310823529,0.08997184319663523,0.00015329286354077,0.00022823409128545002,1.0,0.6,0.0,14,9.600668760174504,5.67851187736924
30,10,0.5720030744517601,0.6377537925243008,0.3084611055539919,0.11793370159873297,0.15092925176760477,0.07272318541118719,0.00328701292982989,0.00533823324707605,1.0,0.6,0.0,16,8.651749911285753,7.7092099657801585
30,11,0.5675255824775857,0.6507272450686497,0.3341713636009409,0.1432927365674931,0.2448399895531661,0.0852443203835993,0.00283243932514814,0.0024716142944022,1.0,0.6,0.0,17,8.974393790180402,6.911985162948884
30,12,0.5566132236569495,0.6393560564510473,0.3291325745703372,0.1452497839065271,0.2499091839703172,0.09053282228183618,0.0029947411811731403,0.007599122040365031,1.0,0.6,0.0,18,9.042902003192706,11.044742296353308
30,13,0.5561895356462693,0.6564549214919193,0.3529633290509513,0.16026674577012656,0.09503284350472994,0.09102773512601507,0.00297533456063521,0.0075302240530993395,1.0,0.6,0.0,22,9.001554090172437,10.99712672835339
30,14,0.556012453231641,0.6562436442459646,0.35307293378091004,0.1634289258723454,0.1014397739131231,0.09164657842757856,0.0030070014957342,0.0062857234827926505,1.0,0.6,0.0,23,8.96558216335241,9.802966864479767
30,15,0.5539855775777281,0.6541004383067085,0.3519456467919828,0.16847854303604912,0.11927286110652263,0.0921688884198589,0.00304497776696573,0.00675928353328732,1.0,0.6,0.0,24,8.893767713197795,10.151663265379536
30,16,0.5255778870487461,0.6074728615413455,0.30361452935993727,0.16653931138870098,0.1935370587523508,0.07087648532615592,0.01068889496554716,0.0122687411489762,1.0,0.6,0.0,25,9.665140364758672,9.338108625603178
30,17,0.5246362359720944,0.605891180107425,0.3055920185718718,0.16917083045987627,0.17369510730578036,0.08314912851172801,0.00329552070833272,0.00207048491190551,1.0,0.6,0.0,26,9.236497780064166,6.741269137876255
30,18,0.49676732577755595,0.5753898617263503,0.28582672845843776,0.17828868611230642,0.3501986387603416,0.0764755069420954,0.01093276085471263,0.01134269246445456,1.0,0.6,0.0,27,11.051890281658125,9.541828801214937
30,19,0.4968467931177672,0.5739528225639944,0.28922095416430355,0.19702931570606982,0.15451342836513515,0.0870355810680121,0.01224508038654802,0.01965036560043347,1.0,0.6,0.0,29,7.837978571150698,11.13891758524606
30,20,0.4855386873834175,0.5593933476800395,0.28336281509592465,0.198756292775079,0.31934728073863433,0.09396733841251895,0.01480247180283012,0.03134537683585662,1.0,0.6,0.0,30,9.717577622252644,14.933179683781532
30,21,0.47376788294461525,0.5627708075277579,0.29867544796430673,0.21473615767046544,0.24172681226494971,0.09245066521251866,0.01821537720989929,0.03418037323416921,1.0,0.6,0.0,31,8.508679743976936,11.336605619031523
30,22,0.4698056460936001,0.5755115120538249,0.31963789651319324,0.22828987640407264,0.12642724667516045,0.09244696410098358,0.018334767360667352,0.03812988068707416,1.0,0.6,0.0,33,8.822759347768741,10.645516744554328
30,23,0.4521673039408324,0.5551511529327187,0.3047893922978849,0.22170708671982992,0.1662334345190292,0.09197874568868628,0.00949014905021346,0.01694426690675306,1.0,0.6,0.0,35,8.382744248051758,9.02269122831835
30,24,0.4154667121020384,0.5068633785518231,0.27603659752053206,0.22776399272800163,0.5872605161400517,0.08159921482589862,0.0324655298188403,0.02691634978186696,1.0,0.6,0.0,36,11.23052274564941,16.440004483733865
30,25,0.39309491377716294,0.49393037251713284,0.28092024936892246,0.23157848230856198,0.24322031303766078,0.0820379005946439,0.03137479443724215,0.06169416712819907,1.0,0.6,0.0,38,13.330099625181363,12.01995039346474
30,26,0.3854808642225706,0.5017686697562329,0.2979032829654304,0.2401757733903549,0.1329351941413882,0.08150904669733926,0.028269305943007063,0.06501333311566798,1.0,0.6,0.0,40,11.5971005893505,14.38309075391
30,27,0.3748686696600286,0.48590636833967116,0.2886529988076078,0.2293664050500446,0.2646389342665202,0.0808088271968005,0.032160620068518206,0.035357746023758255,1.0,0.6,0.0,41,13.805631534036593,13.792907420362749
30,28,0.3656146712033606,0.4697687452477706,0.2806653813558725,0.26801896178183066,0.1732251564838912,0.07732853323055133,0.047009573846535105,0.10594354362840477,1.0,0.6,0.0,44,13.50501807041566,14.239569350459492
30,29,0.35113202314858705,0.46855429893630696,0.2906728823155508,0.2645612728063169,0.15952490451442705,0.07672539984338558,0.03810105053973894,0.13118171780012639,1.0,0.6,0.0,46,11.275301066610384,20.98668881488044
30,30,0.3492129231853019,0.48317524316665966,0.31277916520688914,0.29357611976559334,0.11332310601936138,0.07672539295959166,0.03810006502083401,0.1307087573294131,1.0,0.6,0.0,48,10.878809930943143,19.18314279201568
30,31,0.34851478817850845,0.49503223472464913,0.33639426385043386,0.3107736396081168,0.1751167330546042,0.08024112919829998,0.046476665199423374,0.10233838596784499,1.0,0.6,0.0,50,11.435357639598823,23.34289000717365
30,32,0.3478562051377588,0.49399479302098975,0.3357621062294456,0.3077866259387117,0.11900454440740166,0.0796336044912858,0.04754778292008517,0.09369756662267135,1.0,0.6,0.0,51,12.27033008308505,26.65667911022198
30,33,0.3413885786423411,0.5050551698118728,0.35322574402023355,0.31378630770343563,0.10185640837078144,0.07384412220917529,0.04648908009236369,0.10216233699249296,1.0,0.6,0.0,52,12.081003255578098,23.178234746823087
30,34,0.3358608785381553,0.5125070791845435,0.3718020943855223,0.32503495312040914,0.16320103777115505,0.07624179883144445,0.04659352624042832,0.10204288602269881,1.0,0.6,0.0,54,11.788919386577629,20.16662029016612
30,35,0.3261445727885623,0.46493855150322144,0.3142492401098423,0.31603457354100467,0.11634156679521569,0.0815499635746704,0.02919584395015225,0.04088118824473472,1.0,0.6,0.0,58,12.901541716328564,15.735979662821713
30,36,0.3168230493925771,0.4516482516722763,0.30489320267246045,0.31558875908687467,0.1158388326851636,0.07226557876782191,0.03987060533634953,0.06373848746197419,1.0,0.6,0.0,63,12.007090061901986,14.983884817679984
30,37,0.3210554661418251,0.48436913541899257,0.35673881869798035,0.3793289095732113,0.1461721821656246,0.07802585147245271,0.054387286502340905,0.08586662876525085,1.0,0.6,0.0,65,12.31191504156128,11.785551498597677
30,38,0.3159412479653303,0.4772658512506373,0.35153338451830285,0.38626537780720877,0.13329861166016418,0.07540789609552337,0.055281923349318605,0.0865007947044565,1.0,0.6,0.0,66,11.977846669203556,15.833869070629108
30,39,0.31594125082077495,0.49482595113850825,0.3754685306527713,0.3964333519783504,0.10859430819110036,0.07540789621447688,0.05528191357249669,0.08650078502061531,1.0,0.6,0.0,68,11.97784625243088,15.833868851729498
30,40,0.31523734550164334,0.4940989351999585,0.3747676529611843,0.3989080741304093,0.11076307501848578,0.07526206882633879,0.05442892932261094,0.08632194033129241,1.0,0.6,0.0,69,11.933727157828248,15.704561670823256
30,41,0.3099387919213054,0.5033674959404885,0.3931806429679436,0.4140916205156527,0.2781746317696642,0.07525818508530357,0.052830476763991344,0.0863050382582603,1.0,0.6,0.0,70,11.97036034471518,15.96433330566012
30,42,0.29962506450760157,0.4214503854221253,0.2870240832593949,0.36248355573302987,0.11744721556577876,0.07304231744538076,0.04262053497718854,0.0771604080547981,1.0,0.6,0.0,72,10.74169137199809,15.47016691993536
30,43,0.28755644457315516,0.41718053287419876,0.2978067488824017,0.38174946910648955,0.20736149517344402,0.07439549575156429,0.04225358703939834,0.06903998960816789,1.0,0.6,0.0,74,10.560764789190982,12.665037353247236
30,44,0.2922862720553947,0.456566144953635,0.35035017575612903,0.4520476631264212,0.10677120114503419,0.0767068876881867,0.04730907895694952,0.10901518038441145,1.0,0.6,0.0,82,10.86213510836529,10.597686517840986
30,45,0.2841902648274534,0.4456608047446499,0.3418802427362089,0.4614476757392298,0.12910608502550092,0.07116451358395717,0.04911186200982657,0.10780064326640956,1.0,0.6,0.0,84,9.73404444710384,12.93871419784491
30,46,0.27467760289532567,0.43082413042420814,0.33158102630424313,0.4387174115667486,0.19122627848821527,0.07080819847087734,0.04498991968556765,0.07000203993703749,1.0,0.6,0.0,85,11.373383067538713,12.167070805226656
30,47,0.27570268254663,0.44931957990041166,0.3565271368374278,0.485103263977246,0.10711278435792584,0.07157700676936024,0.04560151820500838,0.1127501217132634,1.0,0.6,0.0,88,10.46664170918674,10.357304018592831
30,48,0.2802847513017095,0.46950436539263485,0.3847306600197771,0.5086320928013306,0.1269593700617901,0.07892475355109606,0.04497991076835388,0.1062624701492925,1.0,0.6,0.0,90,10.396359600418611,9.910341862283016
30,49,0.26942523941838725,0.4553905957705414,0.37332068458513346,0.5126944679176462,0.13302609708045282,0.06978265899043945,0.048618720072791236,0.10957194249612627,1.0,0.6,0.0,92,11.11803947159638,9.825017734766725
30,50,0.26353729895867906,0.46081229826242576,0.39022570862389383,0.5149672560758984,0.16372024593349768,0.07112696085307182,0.04867733350736374,0.10976827760279535,1.0,0.6,0.0,94,11.13740363984884,9.825925076563054
30,51,0.26341309212071634,0.4473062070498325,0.38730409349132466,0.5457239051871876,0.15785901566087068,0.08497106506296528,0.0497752174955744,0.10258090941200963,1.0,0.6,0.0,100,11.716717378039135,11.16369498518728
30,52,0.2551678751232157,0.43523231827329695,0.37817733794845604,0.5472545759423779,0.14763413536058984,0.08134856994062803,0.04868761933301334,0.10980613691772385,1.0,0.6,0.0,102,12.08886277131833,11.374886293334102
30,53,0.24943120227645563,0.3874492655845768,0.3228829975621524,0.5185454121709049,0.154992583553019,0.07947174199625584,0.053814122981597615,0.08943240396708381,1.0,0.6,0.0,105,10.714359772381131,11.4307751810341
30,54,0.2494312004585912,0.36988915968880887,0.29894800928248944,0.5123539122441944,0.11176039949378079,0.07947174210471705,0.053814122366233064,0.08943240368984362,1.0,0.6,0.0,107,10.714359714237975,11.43077515105949
30,55,0.24941572414653573,0.3874179156479267,0.3228634430188705,0.5241902422948768,0.11190564648076819,0.07947174210471704,0.053814122366233064,0.08943240368984362,1.0,0.6,0.0,109,10.708111441320328,11.401874611362102
30,56,0.22739858327191534,0.458617174746491,0.441272843330817,0.6309731211716781,0.11990423504367999,0.07019042129768065,0.05186716027637461,0.11142432732428328,1.0,0.6,0.0,121,12.311415968948134,13.088153394703994
30,57,0.21833272764491746,0.4993570117850095,0.5032266017740703,0.7046388025317067,0.09862276365104855,0.06470648943606937,0.05032001492654935,0.0950361243703904,1.0,0.6,0.0,135,12.148815032379035,12.646981274119076
30,58,0.29023363911463473,0.5469230425692523,0.5678487992242586,0.7996071530034569,0.23073863158667046,0.12027521983392468,0.11220622077568129,0.14077978922095974,1.0,0.6,0.0,145,17.852412326937277,21.55858594397595
30,59,0.26826216965220984,0.5383167331046312,0.5684626430780527,0.7899252897508224,0.240716175484777,0.10734752835240216,0.10269003672421335,0.136672285488541,1.0,0.6,0.0,146,16.24489629415489,21.11759873603195
30,60,0.27300086490567804,0.5398548962923632,0.5721626222942102,0.8036207941338475,0.2310461338799472,0.10698408764218828,0.11539423310658045,0.14926791139666137,1.0,0.6,0.0,147,17.57530817689321,21.927747440943605
30,61,0.2775054067985899,0.5237931886254048,0.551735002781438,0.8040425810687477,0.23160686021300222,0.12685771788815653,0.09362892531730163,0.27800800258872516,1.0,0.6,0.0,148,11.317096162671431,18.94449925030655
30,62,0.3288912100076006,0.7631001672863039,0.8646531595187357,1.1991646126833861,0.24020518582347547,0.08070920262709089,0.2628315695526898,0.744954833536241,1.0,0.6,0.0,195,24.20316285373353,12.883281331127
30,63,0.32889121178192016,0.7982203804650112,0.9125230282234309,1.238408146267391,0.23842957012333033,0.08070920368122454,0.2628315709769442,0.7449548574261171,1.0,0.6,0.0,200,24.20316303361718,12.883281056576374
