Run,Equation_Index,Hybrid_MSE_Train,Hybrid_AIC_Train,Hybrid_BIC_Train,Hybrid_MDL_Train,Hybrid_PSM_Train,Extrapolation_Divergence,Sensitivity_Interpolation,Sensitivity_Extrapolation,Lambda1,Lambda2,Lambda3,Complexity,MSE_Test_Interpolation,MSE_Test_Extrapolation
1,0,0.9011224600293058,0.95104242813218,0.9488933085083365,0.1253634902354698,0.0,0.0,0.0,0.0,0.7,1.0,0.0,1,189.2266572025001,190.42042633293488
1,1,0.8271629339693335,0.9375109944762141,0.9320384777491294,0.1789001947810643,0.13891228384018747,0.08871302041624438,8.823277827703e-05,0.00019260338016113002,0.7,1.0,0.0,3,161.81989235860914,165.25345930493094
1,2,0.1931583887641956,0.2509673782245763,0.22487178035423944,0.09602252545517279,0.8220780737457551,0.11370854481432072,0.011110694985409609,0.02425354218599075,0.7,1.0,0.0,5,37.47479060689915,57.42575105163843
1,3,0.182665930519508,0.22847187435510818,0.2014599775353858,0.09918975281707136,0.11023661879327042,0.11926567298827018,0.00559939541550421,0.01217915626710833,0.7,1.0,0.0,7,36.307693023084624,59.381469892354616
1,4,0.18710776559360162,0.2307422722404878,0.20356742873413367,0.10712440672607472,0.09757856991126558,0.11684108514068745,0.013280888901404688,0.04037992075492569,0.7,1.0,0.0,10,34.805535335881586,58.012419208291405
1,5,0.18659202934065222,0.2366547753864253,0.2205157407158309,0.12066872509477217,0.0950942213443778,0.11680423469361297,0.012996093899063471,0.0395140148873809,0.7,1.0,0.0,13,34.60235879177612,58.127577634849736
1,6,0.17764144300924753,0.2192206769100055,0.19189229661706703,0.12156911416234184,0.09313611689143408,0.11632437787026265,0.0056201843475863,0.01120098911467583,0.7,1.0,0.0,14,36.28817822819104,59.704490161717096
1,7,0.18121522580329502,0.22758536329287488,0.21117117010951933,0.12162469218388391,0.09857713442876599,0.12198362985610112,0.00657095028597655,0.0198971546461823,0.7,1.0,0.0,15,33.58149977656011,59.824484542465854
1,8,0.1782137737718956,0.2226999039732309,0.2061461973988779,0.1237324204352914,0.09669606816273638,0.12109474771086101,0.00548702456132793,0.01119667167577521,0.7,1.0,0.0,16,37.45499864522662,56.98881207181935
1,9,0.17441270734389688,0.21683538407558647,0.20012946940687296,0.1259837579117032,0.09136916657167615,0.11777273482277548,0.00541512141330632,0.011100946302011661,0.7,1.0,0.0,18,36.62083528681987,59.76476089601003
1,10,0.16391670515135723,0.19933589264024848,0.1715515044120721,0.12776288251756265,0.07803624014792349,0.09999113027736097,0.007558813719527641,0.01174672944399696,0.7,1.0,0.0,20,36.539316854139045,59.03239076091972
1,11,0.16242345905458985,0.19629788200851506,0.16839995008028782,0.132095036344383,0.07971653911566054,0.1018031547998953,0.00583643889900179,0.01107120565062024,0.7,1.0,0.0,22,35.877369167626775,60.02015537829247
1,12,0.16583980749842697,0.21676838262396633,0.22181633975764772,0.16332687433081983,0.08606959865671018,0.1096574030763676,0.005818505719713049,0.01136396459930601,0.7,1.0,0.0,25,36.93932678860424,58.19831248847802
1,13,0.16484993859817054,0.20861505131747884,0.20257311047357035,0.17107479388318497,0.08264048215036664,0.108364822978177,0.00602953160476671,0.01134742356994292,0.7,1.0,0.0,27,37.20150754510721,58.44702764932463
1,14,0.16986121817225747,0.22581654570224607,0.24179910255814535,0.21153552329011371,0.08875320436927023,0.1030789305706363,0.01555574018829814,0.04126439047633273,0.7,1.0,0.0,31,33.400225412629275,81.28677728809998
1,15,0.17017034415378143,0.22474312124551196,0.24062555318243642,0.22119138013387044,0.09354743447341027,0.10403904549882788,0.016093478409801208,0.03821277351437363,0.7,1.0,0.0,32,33.604797777609704,80.81532968141084
1,16,0.16370919719513546,0.20830856872526196,0.21289860828495205,0.2319273720532167,0.0953973857701737,0.1096792987036643,0.00777964168847735,0.02160072295486993,0.7,1.0,0.0,33,32.73388246533983,79.5080292085952
1,17,0.1637091973978701,0.20830856872526193,0.21289860828495202,0.23192737205321667,0.08455530507832519,0.1096792987036643,0.00777964168847734,0.02160072295486994,0.7,1.0,0.0,35,32.73388217938865,79.50802832349686
1,18,0.1638082158640324,0.2070921296026217,0.21158749896171536,0.2419237108736158,0.08985314851036541,0.1107098957176468,0.0079944102831206,0.02017191396171333,0.7,1.0,0.0,36,33.0187525289186,78.80422553824978
1,19,0.16339233872429829,0.2235583833345831,0.2609926109967811,0.2490693325676356,0.09254373439470204,0.11323052506941796,0.00787513561165617,0.01982292188313697,0.7,1.0,0.0,38,33.16277807845318,81.81353782486522
1,20,0.16269994531218615,0.22862940670957088,0.2770531980028868,0.25503285487477045,0.09018197956009898,0.11307668125552801,0.00788553865138108,0.01983276550586551,0.7,1.0,0.0,39,33.12084474575606,81.4066606572442
1,21,0.16363546887737968,0.22151628978845755,0.25878801461161366,0.25971687960279766,0.09097940704522012,0.11548033022598614,0.0079618100120552,0.01993810082580774,0.7,1.0,0.0,41,33.328318570470344,80.45168340042092
1,22,0.1640270233774677,0.22747903525802982,0.2757266787316166,0.26699555206464537,0.09177696269770333,0.1168093174517536,0.00813004408396387,0.01867430892733626,0.7,1.0,0.0,43,34.92019819489036,80.87205117390701
1,23,0.1675790532139614,0.22990906239417672,0.2780775748391059,0.27419080710808613,0.09596660714560888,0.12297618371966304,0.00805160979400919,0.0203538128891909,0.7,1.0,0.0,45,33.416963421354055,82.45442621614201
1,24,0.16630334458556076,0.20754942046002758,0.2224797006399116,0.2811045596053896,0.09402876988063624,0.12145257159005118,0.00840716808133177,0.01927786093322423,0.7,1.0,0.0,50,34.700209736663275,81.59356170051372
1,25,0.16753590629442322,0.24646550087142277,0.3275561168550998,0.4056721749016608,0.09660119544062752,0.10610715725858857,0.02196990715368696,0.05561358093813349,0.7,1.0,0.0,74,29.89157996000765,72.63762800027408
1,26,0.1684929666821173,0.24069299840841063,0.31072535157593595,0.39182856798275995,0.09724499156123517,0.10728289247058169,0.022110726211127647,0.0558937146318345,0.7,1.0,0.0,75,30.24248623469212,74.10393323462013
1,27,0.21865293757237433,0.2881563918747114,0.35799986844244536,0.4574253700339649,0.15769505799085198,0.1025601831991653,0.0771836270133879,0.1394676764622637,0.7,1.0,0.0,76,37.10278553981535,58.74603777932411
1,28,0.22510477332200346,0.31141555163748413,0.41419813790184645,0.5380916581053674,0.1600585125961166,0.10543095284817176,0.08359452577679384,0.12253428187241358,0.7,1.0,0.0,80,35.522587073115105,82.247431850979
1,29,0.2381967788178665,0.3110004934278204,0.40225679535565545,0.549863503635399,0.17980342246991382,0.10547755213967258,0.10054993838702937,0.1462555462324013,0.7,1.0,0.0,84,33.84531716064737,82.28979109032387
1,30,0.23572873611859252,0.3039163948744124,0.39485678857447304,0.5767518751214731,0.1817888505479327,0.10428453957152024,0.10149741929314045,0.14728964356894883,0.7,1.0,0.0,86,34.767844602085994,88.87954270642868
1,31,0.2354807092672559,0.31698321188610823,0.4300304259719545,0.6081004392463057,0.17441374729643525,0.10420664200249227,0.10137205849150721,0.1473547502814543,0.7,1.0,0.0,90,34.67149203055509,88.87174293013065
1,32,0.23827841498127741,0.3256265817778282,0.4496717034983182,0.6234036412943643,0.17814742458834018,0.10871966789349607,0.10149258563074418,0.14636898345872332,0.7,1.0,0.0,95,36.7878227192695,93.9260538996599
1,33,0.23762275046416453,0.3243638545693197,0.4483679909599257,0.6373914550544096,0.17918037674488868,0.10837253540350208,0.10141383030436579,0.14648541179495853,0.7,1.0,0.0,96,36.61124563382958,93.33770104231608
1,34,0.19855916389544667,0.27154453352684593,0.37341175819103867,0.6018737471157406,0.13860464228439967,0.10305228953936704,0.06625107809540257,0.22925992296310965,0.7,1.0,0.0,101,30.47348210545125,67.39207505607696
1,35,0.18541977828774855,0.24952339906727664,0.3401862832876252,0.5067107315427046,0.12756355006677395,0.10016162681062153,0.05631526118668725,0.18032772300616265,0.7,1.0,0.0,107,31.4455789985356,65.15478100716734
1,36,0.18330083420853593,0.2540292136303271,0.3557433396544361,0.5165799208076542,0.12449130345950388,0.0970141410738692,0.05644894464874658,0.18015264539023912,0.7,1.0,0.0,109,31.902091861604283,66.32760629786227
1,37,0.32826916996522565,0.428204011691525,0.5849097442361265,0.8191647719550212,0.28515107911479,0.10602554534240145,0.19746904458807832,0.25553931807591745,0.7,1.0,0.0,110,37.100984247437005,93.19526646648832
1,38,0.2040720500189212,0.335335515139789,0.5471773403446485,0.743103848228275,0.14948913995677576,0.10544818426335971,0.07487716930865031,0.1590119449841929,0.7,1.0,0.0,119,31.530300063075497,66.62621363923337
1,39,0.20452128187711832,0.3266852113026284,0.5273101495302476,0.7405621838989119,0.15774365891418002,0.10749958603440324,0.07513898909895282,0.1587759395425043,0.7,1.0,0.0,120,31.208269539632983,67.19507504197585
1,40,0.20452128183191692,0.3334043231856427,0.545086862733847,0.7478691371993164,0.15038928387795433,0.10749958603440324,0.07513898909895282,0.1587759395425043,0.7,1.0,0.0,122,31.20826930086237,67.19507439738013
1,41,0.19845126621766856,0.285712955023597,0.4309623717084809,0.7220166322784172,0.14904943625498124,0.10055242450685435,0.07461183960367374,0.2445912511194727,0.7,1.0,0.0,123,34.6562785854096,67.45206650739946
1,42,0.19853162676835465,0.2887743298220532,0.4448329020437753,0.7729799650680464,0.1508392204647122,0.10452347762331596,0.07383664425414432,0.23335585012731852,0.7,1.0,0.0,126,31.634127569912085,68.54146007326086
1,43,0.19593414391204464,0.29203315372178196,0.4590921412666985,0.7808339037385051,0.14517466175842048,0.10768873321217058,0.06946316144926437,0.25811372499633045,0.7,1.0,0.0,134,30.54429548244801,66.91951888967542
1,44,0.25500536336621615,0.34945985051219786,0.5164099647336585,0.8583073025981365,0.209821704660436,0.11060994850619787,0.1273257147958453,0.353742037238893,0.7,1.0,0.0,135,35.966915952193425,68.9216816971258
1,45,0.20682075446957343,0.3271839180752781,0.5383008497676836,0.8472120496443781,0.15740986241739385,0.11056398065078125,0.07965870891730228,0.19563058215148432,0.7,1.0,0.0,143,35.1521103351397,78.13893620807623
1,46,0.2004381114206564,0.3398247927625526,0.59465693991579,0.9955958219526487,0.16050780237801276,0.10091498514845754,0.08391680897439188,0.198015710860286,0.7,1.0,0.0,147,32.65903823026905,71.82611727411594
1,47,0.23066923371368575,0.3029257356555632,0.4471855757806489,0.8688211824272034,0.18478834806717015,0.10622890026063284,0.11039849756737767,0.196260108709042,0.7,1.0,0.0,160,35.060167654091906,82.25020753083304
1,48,0.21053382961139466,0.3280771013814758,0.5496267486558601,0.9522050162636844,0.1701667170875651,0.11148672734125924,0.08743031678586882,0.2219861247505605,0.7,1.0,0.0,161,36.13002969605221,80.20124021286644
1,49,0.1789744386253019,0.3485830508176742,0.6584834831866364,1.0564177776934807,0.13979091570061308,0.10285176603015941,0.06272844128682381,0.14731031486797788,0.7,1.0,0.0,162,32.72683285235669,70.2257954759289
1,50,0.1766101829019425,0.3569088774722368,0.6887461482752382,1.1123776408675128,0.13458683255297293,0.10206207125948755,0.062229045797895975,0.1671858804148678,0.7,1.0,0.0,171,31.66450697054756,70.55249212167027
1,51,0.20406796306983696,0.3654945303244743,0.6748662792429037,1.163681879291581,0.17177279634778642,0.09934090210928556,0.09414324781508124,0.20135284982376503,0.7,1.0,0.0,173,34.25190067568247,72.55053880873295
2,0,0.8745710425626292,0.9370936273218183,0.9343325289407725,0.12311107785467078,0.0,0.0,0.0,0.0,0.7,1.0,0.0,1,204.22857764,188.31849590086952
2,1,0.7953729879802942,0.9116516691299236,0.905786028486249,0.1605600090829318,0.11697257832976149,0.06457746858284627,8.493347096493e-05,0.00019018371544114,0.7,1.0,0.0,3,180.8630107645901,180.3499090779771
2,2,0.18479497407878162,0.26076169441515396,0.2361067096156988,0.07829612650233968,0.7566999788152037,0.08267149351998196,0.009805559304910321,0.02195668773923235,0.7,1.0,0.0,5,30.222646895386088,55.27088761243224
2,3,0.1741596005482852,0.2492761427353902,0.23506938418440682,0.0954829923823923,0.0703946613105413,0.0834448568785793,0.004946416792886011,0.01103483940048414,0.7,1.0,0.0,9,27.917524079060883,57.297824388931296
2,4,0.17998492358435347,0.2514172369860566,0.24745100828365799,0.13248268185726964,0.08117341392852533,0.10448634046594296,0.00425922373681632,0.03162423647051948,0.7,1.0,0.0,19,26.09370555963524,11781.163324096447
2,5,0.17418397415153747,0.24085280638188244,0.23651966476980074,0.13170346147090417,0.09210253498455553,0.10244986095127032,0.0034743124729021504,0.029596644525661697,0.7,1.0,0.0,20,25.94473986381688,11786.822344080216
2,6,0.16930299361393514,0.23394126094858286,0.22945311105766414,0.13053464353847113,0.0789649501514811,0.09749268612550847,0.0035654084215595004,0.03302104797967126,0.7,1.0,0.0,21,24.09720011480892,16324.840107823204
2,7,0.15639861290635917,0.21758941229540937,0.21283951093947392,0.13587985093039642,0.07350107431335293,0.08257398773190198,0.0036180970012984703,0.00509287136932029,0.7,1.0,0.0,22,24.86164267110589,5657.898340094697
2,8,0.3198258562660708,0.37835249568451523,0.37340140714141484,0.305680096408386,0.23605102124317004,0.3189249687937543,0.00351366781129377,0.12201313375556615,0.7,1.0,0.0,23,31.53667161435527,456.654639594773
2,9,0.3114094340401443,0.36679010357167224,0.3616036698750711,0.30720320876153717,0.2314215700876274,0.3113299795971255,0.0026306725607844,0.11921656258372534,0.7,1.0,0.0,24,29.595505189489,654.4553709491446
2,10,0.31706802433196485,0.3715871742841216,0.36633668492940147,0.3132308736656608,0.22980300851337424,0.3204645621433649,0.0024992401948391698,0.11938379980686295,0.7,1.0,0.0,25,29.799913461522312,696.522708938477
2,11,0.3137137277965709,0.3735710617873105,0.37927536864539624,0.3158632101401826,0.2291592209719559,0.3165473004798084,0.00284347557723486,0.11651958557094041,0.7,1.0,0.0,26,31.17738079859448,2224.734645034296
2,12,0.29779434531912274,0.3556024597903286,0.3611553205524713,0.3152030231364853,0.21690930287787138,0.29603549810782664,0.00268865506036012,0.1157258360188439,0.7,1.0,0.0,27,31.01193808720676,653.8222465107674
2,13,0.16060814680808838,0.21510655731265974,0.22041545306412763,0.17964072713569,0.07609568553310339,0.09663089483610816,0.0073287565437934205,0.03403343124483606,0.7,1.0,0.0,37,27.36182519854946,27065.716272100803
2,14,0.15395034264123947,0.20838784665714744,0.21369274088444443,0.1876986966464847,0.06842236673392521,0.08896473499131943,0.0060782681374776295,0.032835137320069555,0.7,1.0,0.0,40,26.765585939567888,13904.87694830236
2,15,0.1521662649144962,0.2025471402044322,0.20755511684853542,0.18458137679453834,0.08294947106624095,0.0896500854645794,0.00651035155305107,0.03231990216962083,0.7,1.0,0.0,41,26.114691645378635,14754.38923124872
2,16,0.16431172946848946,0.2206318439820081,0.23664114644884268,0.20584548592251709,0.08279560499259861,0.10782677715800888,0.0064440806996819795,0.0328574434330072,0.7,1.0,0.0,44,24.33900200526901,27489.34198538236
2,17,0.15289524557721423,0.19387596362877804,0.18763206133348517,0.20030718184079183,0.07810963119368085,0.09292712675329358,0.00669653579496185,0.031453876200896694,0.7,1.0,0.0,45,26.446076058911945,8002.904572045829
2,18,0.15379953085046724,0.19374638114242018,0.18742750639539385,0.2102079782415919,0.07449179714935017,0.09524348931416196,0.0066566502930878405,0.03194755564483765,0.7,1.0,0.0,48,25.28030882293725,7448.700747913709
2,19,0.14910983618831636,0.18425171123847467,0.17758752526829208,0.215895620026594,0.08761875780014128,0.09289470879530344,0.00667003849018188,0.03132978701143342,0.7,1.0,0.0,49,25.328021351706653,7965.548246946441
2,20,0.1721996209896796,0.20386238594949296,0.20753344232567142,0.2613938740866875,0.11216356872937432,0.09673794975226552,0.03333159837393157,0.069597468223453,0.7,1.0,0.0,52,22.73007013943144,7957.157812567838
2,21,0.16837489958986043,0.1979952472384424,0.20152306157271901,0.26708007079662505,0.10175357101194643,0.0915217123218708,0.03437859772336519,0.08672652547150916,0.7,1.0,0.0,54,24.83284077781049,16170.391805634932
2,22,0.1680943399424893,0.20727005093011952,0.2326424931881198,0.30430457217123363,0.10252582213138547,0.09386363272141912,0.03474028223831937,0.07681561971215775,0.7,1.0,0.0,60,23.921802421696945,7365.092325524786
2,23,0.1680943399424893,0.20727005093011952,0.2326424931881198,0.31967458912277724,0.1004448614373098,0.09386363272141912,0.03474028223831936,0.0768156197121578,0.7,1.0,0.0,64,23.921802421696945,7365.092325524786
2,24,0.1586212975229622,0.20971386098724146,0.25709602224559647,0.34702700399982606,0.09429197081278975,0.082670797763949,0.03398569138355267,0.06700419895488388,0.7,1.0,0.0,66,24.134328081765084,7409.185399303511
2,25,0.17489837282563428,0.2177702704415056,0.2539902018828705,0.3447974221878891,0.11145527523512519,0.08758353213545896,0.0477051965853506,0.06441243511626019,0.7,1.0,0.0,68,26.232789353409384,13464.405922339432
2,26,0.16235359696976742,0.19963396932244248,0.2354700736474598,0.3547147982995459,0.1055173502035439,0.09353847524190953,0.034148527035700635,0.07264945093837824,0.7,1.0,0.0,71,23.71035095244439,10393.92573246651
2,27,0.17210768930964246,0.20898032507655856,0.2553885872407725,0.38258814935145186,0.11704432673653109,0.09124917507029816,0.049434427072469825,0.07977723706849256,0.7,1.0,0.0,77,24.16576903029105,13460.298669492366
2,28,0.16233968994727693,0.20480489536915164,0.2621947913083228,0.37634357800130797,0.10766576213499061,0.09656196831664846,0.036556687109314326,0.06625341918504975,0.7,1.0,0.0,78,22.82016462083749,13492.306666728224
2,29,0.16834571558066613,0.20200778500498723,0.24819903686580447,0.3829508179098349,0.11776482744391559,0.0901565412137998,0.04816538456099379,0.06409677028086935,0.7,1.0,0.0,79,25.57112977229705,13478.197084535475
2,30,0.16693212815967462,0.206566310639489,0.2637650102380717,0.39337297169817903,0.11142374955104771,0.08876659899811276,0.04812419812646103,0.06353129307072262,0.7,1.0,0.0,81,25.66130941551551,13467.95068056346
2,31,0.17589125819182821,0.20765673580344926,0.2537206338401323,0.41020265881630896,0.12160752165440136,0.09536831874042796,0.05307125396796899,0.061498749160027774,0.7,1.0,0.0,83,23.497207872697697,13481.263882128844
2,32,0.16586100031552234,0.19828271248154516,0.2549987773348506,0.40730824611907124,0.13168920611162502,0.09037662278905953,0.04970800900282623,0.06257223095333346,0.7,1.0,0.0,84,24.16215019887621,14927.07244888962
2,33,0.15979054066642595,0.1907918383061833,0.24741355681080873,0.4113759899904121,0.10909182381068737,0.0946907283300142,0.041350911830976486,0.07194288178967526,0.7,1.0,0.0,87,23.6416554237372,13507.578646572922
2,34,0.15919395417275567,0.19574464068723532,0.2633462810222294,0.43830126809572384,0.10941960933680978,0.09469072833001416,0.04135091183097648,0.07194288178967517,0.7,1.0,0.0,89,23.320960288158773,13515.34482726655
2,35,0.1694176838964972,0.20042674856022322,0.26766258013391275,0.4578375716148077,0.12628786400451847,0.09231485887716769,0.056034733174309126,0.09647436706028728,0.7,1.0,0.0,92,26.562819924929453,13476.16186950832
2,36,0.1725483827114637,0.20274547631924097,0.26992778007497253,0.4677828055293775,0.12542267305614926,0.09719962342351826,0.056150488412321474,0.08366269675821955,0.7,1.0,0.0,94,24.545776562484463,13452.978046337998
2,37,0.16427454365752192,0.19173142804771615,0.25873389895460747,0.48332539275806885,0.11763188308675257,0.09115398864604408,0.053463253390783685,0.08936712454052072,0.7,1.0,0.0,117,25.5580637820271,13500.841727138732
2,38,0.16529096438780858,0.2190481066306964,0.330243197569163,0.5873233530776804,0.11891835153631383,0.09323829803099389,0.05330342660264801,0.08980289037856742,0.7,1.0,0.0,122,25.088101023676792,13523.646773795052
2,39,0.16528832813587968,0.21904010964084547,0.33023513143245287,0.62164469323599,0.11857559658235561,0.09323829803099394,0.05330342660264803,0.0898028903785674,0.7,1.0,0.0,125,25.096220899825173,13523.109127405958
2,40,0.16533293511034242,0.2119340105555485,0.31204287747451076,0.6258913445905113,0.11947788683453305,0.09381860986079375,0.053153261123934606,0.08961792857351114,0.7,1.0,0.0,127,24.890648487138268,13526.960675541544
2,41,0.29871542446826665,0.3897755739968809,0.5671200587516142,0.8692362055187901,0.2537608048813733,0.09561963858727912,0.18652862385301563,0.12351107092684363,0.7,1.0,0.0,153,26.63558404254375,5040.469039454237
2,42,0.21737182722843867,0.30798455852782175,0.48529992588723364,0.8129197053373569,0.17278552977300324,0.09821092837705583,0.10358827589283344,0.25186175166415603,0.7,1.0,0.0,156,27.142683630256904,9053.421934445643
2,43,0.27965850777263734,0.3820606955274555,0.5813840276454544,0.9402728151363154,0.23596528085902096,0.07772491176434672,0.1810087634762386,0.08001743969055299,0.7,1.0,0.0,165,21.607643689682146,14691.129786046493
2,44,0.2907219086527706,0.39234628776689984,0.5916190407525348,0.9628077894220523,0.24744149359353754,0.07750328786592356,0.1926014690851671,0.11817765193228882,0.7,1.0,0.0,169,23.97408277873071,3726.08358279568
2,45,0.29066060800860727,0.3910109343811454,0.5902013660054166,0.9668105149497712,0.25121302367754067,0.0782439437576076,0.19262961485350288,0.11865293735802576,0.7,1.0,0.0,170,23.87652816482521,3724.771557007366
2,46,0.29669365912183177,0.3901185841113954,0.5888624177004758,0.9862230639776717,0.261837594012306,0.08321885628127734,0.19843027772400473,0.1177226579418807,0.7,1.0,0.0,174,23.01405390422483,3920.467830127369
2,47,0.3018874325772177,0.3918759719537437,0.5903994975080031,1.007089295269945,0.2685373303533693,0.08000417940021366,0.2074543075809144,0.1185815517348062,0.7,1.0,0.0,176,23.98404261997537,4144.192201280697
2,48,0.28990854007385786,0.3809766893906519,0.5901985224180027,1.0072605133767465,0.2595576844054833,0.07981346724864492,0.19815566358504608,0.11676024576183323,0.7,1.0,0.0,179,23.02605856709581,4140.399159716558
2,49,0.3053539012618883,0.3894868781897157,0.5876372232686824,1.085615057558186,0.2696076438083489,0.08832030635384922,0.2077434948548229,0.13103572333226038,0.7,1.0,0.0,195,26.46951900561744,4160.620861725694
3,0,0.9472459089091898,0.9744391598239432,0.9733172197639994,0.12914162952371847,0.0,0.0,0.0,0.0,0.7,1.0,0.0,1,157.80751184000002,176.47769966608698
3,1,0.8766349251682092,0.9708067817958648,0.9663345053729012,0.19308696729986505,0.15003571474788235,0.103716687593856,9.290271255606e-05,0.00019477316839909,0.7,1.0,0.0,3,136.58848616296237,157.0170618562094
3,2,0.22220665525922814,0.29944811695668555,0.2748969112103156,0.11500751080159771,0.8228334464175661,0.13282907219990644,0.0110231799175154,0.02311040893528302,0.7,1.0,0.0,5,28.530965129933104,57.86997459813076
3,3,0.2201650746718087,0.301577385173786,0.28787661564060796,0.11923754601277785,0.10887735423721204,0.13284730421647983,0.01113059581121715,0.02333560939904866,0.7,1.0,0.0,7,29.00571188977951,56.052970117381385
3,4,0.19262285014029107,0.2590961016763595,0.24420882462544635,0.10612103420541355,0.11606737599348582,0.1182565857194792,0.00589551167237553,0.011796308189791641,0.7,1.0,0.0,9,31.1564511890934,59.28527990956368
3,5,0.19083578706793203,0.2547297302344939,0.23964259634440666,0.11388073998837377,0.09194827867614523,0.11839791622604248,0.00598972339711633,0.012840778589924278,0.7,1.0,0.0,12,30.70029573471424,59.38600703872344
3,6,0.19875776700207848,0.2615569727263469,0.24638497723557642,0.1287016226231811,0.10156686872153817,0.13125623444253678,0.0057495692221688705,0.013150969119204109,0.7,1.0,0.0,13,28.592853248672537,55.61972786595588
3,7,0.18435967294283837,0.24375569324241364,0.22832250608456575,0.11838704229595243,0.09782741973605019,0.11554294292762828,0.00489837950292479,0.01061772766108296,0.7,1.0,0.0,14,30.138036991016225,59.6201027746672
3,8,0.18618348226803497,0.2445356362339056,0.22902237499709668,0.1248442036117478,0.09206232371253893,0.11935593348482676,0.0048268013617947195,0.01061023793512662,0.7,1.0,0.0,15,29.193345086810705,58.397245441309074
3,9,0.1826187643268671,0.24531097865771645,0.2406745770488837,0.13464538310698168,0.09488594868747732,0.11648439008331343,0.00501197215895873,0.011304575932847009,0.7,1.0,0.0,16,30.31419089979289,58.96785222332359
3,10,0.19207738044332331,0.2575991147510036,0.26372688016918655,0.16062414769219208,0.11237343071863187,0.13240032033594842,0.00613168528949923,0.02034477878149178,0.7,1.0,0.0,17,26.96256963877964,58.30237534912896
3,11,0.19202569224048724,0.257502329925839,0.2636267382121499,0.1614452446500471,0.09884472112656136,0.13240756691480554,0.006107132094361,0.02006974889267312,0.7,1.0,0.0,20,27.034591229285137,58.05419327677277
3,12,0.1914979001718621,0.26314241345532713,0.2802830927318318,0.16030418795361692,0.10056880309066467,0.13225747100691895,0.0060766106277512,0.015639978587791408,0.7,1.0,0.0,21,27.106616653744545,57.98102808056585
3,13,0.19395398392470323,0.253774964040597,0.25947660211205686,0.16578823400659481,0.12228290524598184,0.13965403492904555,0.00693171841033968,0.028781148672972913,0.7,1.0,0.0,22,25.65249666893928,58.96107287417656
3,14,0.18558632669685426,0.2568118058111556,0.2844780287225742,0.18195171578715177,0.10120737194327793,0.1294780083534267,0.00708815963329668,0.03342554956673136,0.7,1.0,0.0,24,25.78462170082,61.58638517400801
3,15,0.1857725054239399,0.2550875245828724,0.2826134443915729,0.1880261213660989,0.1056946394196294,0.1319948058854808,0.00680891306282651,0.0322552972872105,0.7,1.0,0.0,25,26.176981931021523,59.12727619002891
3,16,0.2070378184688274,0.2717352930079805,0.29892286890655856,0.22106316281626395,0.13136547469863555,0.13217107863948044,0.0310382877560621,0.035181786138588175,0.7,1.0,0.0,27,37.06058194452292,55.55230865323101
3,17,0.20569264454584452,0.26732328971170993,0.29428792133961124,0.22132514791155578,0.1345111006030299,0.13517644177467802,0.029599388514407472,0.0677250854536123,0.7,1.0,0.0,28,37.45207969910079,49.48749295236914
3,18,0.2050913944977843,0.262441023696041,0.2890969137591333,0.22192525585404327,0.1406340038326849,0.1304318089909513,0.035073666006008405,0.08718654084894052,0.7,1.0,0.0,29,36.75204216498516,52.00142920619556
3,19,0.25729848057551896,0.32413152331122563,0.3726196615638089,0.2770475694456631,0.19410571894431608,0.1355822156962809,0.08616766633849224,0.07299712672572066,0.7,1.0,0.0,30,31.24442274632397,58.23913019036711
3,20,0.2785336418577241,0.34109170372897857,0.38927628663834074,0.2976364800204736,0.2119652944851001,0.13282852652275826,0.11197036478656386,0.047913620238506496,0.7,1.0,0.0,32,38.097891800302406,56.814423154092985
3,21,0.27757556893218926,0.329445392954685,0.37688155557881275,0.30701638468807657,0.22188427584306647,0.13988781737107497,0.11243889946449995,0.05989722746215729,0.7,1.0,0.0,35,36.464380955370245,58.69004382599903
3,22,0.19496612196394245,0.24751334341527506,0.3055899814670372,0.2349763976653968,0.14083820581006978,0.12925335317981995,0.04073187681689824,0.0365196192655054,0.7,1.0,0.0,37,35.28218744786001,63.174961654080015
3,23,0.2621304805479685,0.3116661551834826,0.3695363661271347,0.3525917559901339,0.20101380188622225,0.13513393574541757,0.10546887041340072,0.0847767952713437,0.7,1.0,0.0,47,37.39150724585367,60.91092873832415
3,24,0.2588861947800639,0.3042030530748654,0.3617860110404294,0.3631636197572097,0.2035683949949718,0.13318255836001308,0.10591860149925172,0.08611525044853975,0.7,1.0,0.0,50,37.03988723562486,61.41448793399862
3,25,0.2480387632621339,0.2917847691208692,0.34926132890076,0.3496439743087423,0.19162012449102242,0.12682920099849987,0.10037403643951678,0.09667089322493484,0.7,1.0,0.0,52,36.38113434056436,60.95809636891266
3,26,0.25726549967075585,0.3009294904049117,0.35840029276309626,0.36451848516711727,0.19867615903535601,0.13132217371641935,0.1064997831994352,0.08834602726968152,0.7,1.0,0.0,53,38.30721187063892,60.83922277946056
3,27,0.250069302832577,0.29866252514579983,0.3670699825155307,0.35881568777616457,0.19776975219581971,0.12991440393459006,0.1012560558929663,0.09630958784344808,0.7,1.0,0.0,54,34.107946866161704,63.04777541765593
3,28,0.6239644379659156,0.82293281759512,0.9555553856030106,0.7485170756146052,0.4885764848154596,0.11421665570983505,0.3995340253653088,0.3768013572908162,0.7,1.0,0.0,60,37.39594889378591,74.88925587133382
3,29,0.5627407434659425,0.7523783166215845,0.8946578476676663,0.7224523792868545,0.4342370372215937,0.11564595564591706,0.35317486379373225,0.3648935763326993,0.7,1.0,0.0,64,34.405639416538165,74.76795814077529
3,30,0.5772039673272158,0.7492842261538901,0.8901159660639435,0.7470118053378301,0.469077609623742,0.11671801943514967,0.38231196532931583,0.3477868738374554,0.7,1.0,0.0,65,38.07382006251292,68.48738869367466
3,31,0.6426832646839464,0.8386544917530092,0.960556021258991,0.7858755703805695,0.49529547873824237,0.11875156945543719,0.41113392418046574,0.3993905818993092,0.7,1.0,0.0,66,37.90998258068203,69.83113799520873
3,32,0.6348686373301532,0.8424320054397182,1.0597542560792337,1.0281846743445757,0.5310529090280922,0.1210013149308854,0.4462286453935663,0.4298575573849825,0.7,1.0,0.0,108,32.11176755124264,55.389362431809936
3,33,0.6525167749359986,0.8601236852766828,1.066919406933801,1.0341435652777418,0.5449629112391277,0.11471451575626804,0.46294075089121484,0.4896941743009825,0.7,1.0,0.0,110,32.74644358833482,67.62316130534596
3,34,0.654925399747204,0.9019548094352148,1.143493142441,1.0668341372200767,0.532713377495347,0.12475266839099211,0.44181914241207193,0.3775265540852609,0.7,1.0,0.0,113,41.90530616502498,62.9352821700691
3,35,0.6549706870739553,0.9087686548903101,1.1613691041962892,1.0786781803899128,0.5292814480534898,0.12475266839099211,0.44181914241207193,0.3775265540852609,0.7,1.0,0.0,115,41.87349401890226,63.10634483892663
3,36,0.6548873115089946,0.9086413001365503,1.161237443559264,1.086381646904526,0.5310687686253813,0.12478257484956741,0.44175492405625577,0.3774869651962263,0.7,1.0,0.0,116,41.98636950146889,63.18069530394789
3,37,0.5827205860018037,0.830602369707041,1.08271039111533,1.0215885387489108,0.46361676697796794,0.1265419752867866,0.37360802115241176,0.3246765670773814,0.7,1.0,0.0,118,40.53565476121412,61.85964517652847
3,38,0.45649226228273004,0.7014080594176089,0.9848458932971187,0.9505473361870236,0.35738999713871694,0.12273914883899273,0.2689109575370355,0.3059826604181961,0.7,1.0,0.0,122,37.733147007159616,62.70425363593348
3,39,0.4539315961464077,0.697686746323223,0.9810353395266035,0.9602840192764595,0.35679706017591867,0.1215697265962407,0.26804460171027544,0.305673171253913,0.7,1.0,0.0,125,37.80561502159456,63.810109333968185
3,40,0.5428599716515771,0.7854494681191437,1.05817094361975,1.0549977449712786,0.4380109409404556,0.12026948352575524,0.3536220434301337,0.2970223171373387,0.7,1.0,0.0,128,28.94567570627636,74.21208069718294
3,41,0.45576615309404284,0.7078369356916088,1.002366185513299,1.01458454633657,0.3556863108626195,0.12149460006697219,0.2687229647366086,0.3079902726778754,0.7,1.0,0.0,129,39.99246721234875,66.15918715133624
3,42,0.4516906944245696,0.6950276180542444,0.978344010928311,1.0140626009349007,0.3539948816685953,0.11860743031650545,0.26819316349522887,0.3076383688603991,0.7,1.0,0.0,130,38.960227247403125,63.66551595775032
3,43,0.5921840041738929,0.8615718189794448,1.1574715945943126,1.1062893146091126,0.4969204275214697,0.12649140200042014,0.3877343019151392,0.333555794096939,0.7,1.0,0.0,131,42.52700399583246,64.8465747240759
3,44,0.60028556236312,0.8734765873268555,1.169686266399591,1.1243583039664258,0.4871287640846099,0.12414013624699467,0.39422135869027486,0.36908866442088206,0.7,1.0,0.0,132,44.2891346998965,65.12845821668823
3,45,0.5588562031349128,0.7675316604633673,0.995478009317436,0.9329599808646316,0.45927766373714474,0.11472102337441444,0.37887900942643177,0.33115360047470793,0.7,1.0,0.0,135,41.61900047647676,62.30604781363427
3,46,0.5942720633773175,0.8624936017664225,1.1582987608800521,1.1372188498465035,0.48091769319150224,0.12812011305627774,0.38966656207987,0.32296576768914453,0.7,1.0,0.0,136,42.80693470456504,62.64937376832379
3,47,0.5255034044545388,0.772689351053671,1.06684226261813,1.1178469507698354,0.4295201565934811,0.10907059210972363,0.3508468042482127,0.3272008580208054,0.7,1.0,0.0,139,39.130158625758256,62.918421508524126
3,48,0.5347268911405463,0.7682478310307541,1.0719375013689687,1.181492255878485,0.45149235360735857,0.11194707826963321,0.372324204207792,0.297475678563381,0.7,1.0,0.0,148,40.00777367981696,65.51405941204447
3,49,0.5165906426366864,0.753269324870563,1.0571900247326014,1.1466286314059144,0.444094971190783,0.12598634700684372,0.342247783517701,0.3820530196220639,0.7,1.0,0.0,149,32.88722228896868,77.69958850988506
3,50,0.5422968073137066,0.7806213947956082,1.0952289483435413,1.213992206656895,0.45962266057568546,0.11692103613853669,0.3776786622869881,0.3160868296571684,0.7,1.0,0.0,153,41.12001162958344,66.42518878702427
3,51,0.7143307447580045,1.0294558394025957,1.3921442758965394,1.4147718357743808,0.5943847830793626,0.12428827758936642,0.5067548672421112,0.4635165681156231,0.7,1.0,0.0,169,51.29116577712706,69.10935474665762
3,52,0.548638524643714,0.8140089862658788,1.141184858586254,1.3147784879334075,0.45202250865801685,0.10381476963856148,0.37910391946267713,0.4291730389975464,0.7,1.0,0.0,174,37.36624399859323,67.17111777763998
3,53,0.5444663639821126,0.8073021617666235,1.1342856701522626,1.2837224751241134,0.45781617625698895,0.10393328760263207,0.3766893060411566,0.4205883018279918,0.7,1.0,0.0,175,38.45821347864111,68.33801052320459
3,54,0.5439541469976146,0.806001233372504,1.132925118874828,1.2936947499135707,0.4566308369126588,0.10683454200243536,0.3747182181479756,0.4049697925178818,0.7,1.0,0.0,177,39.784488454382576,65.51411180501543
3,55,0.5386042003614468,0.7932324007641329,1.109046282424881,1.2926225389915775,0.4468052100586172,0.10305386789671597,0.3725124672640542,0.41025526619847763,0.7,1.0,0.0,179,40.103101650315786,65.06599461838688
3,56,0.5389951056878494,0.800893106939347,1.1278056615006908,1.3007258495744143,0.44470374629500214,0.10305386789671597,0.3725124672640542,0.41025526619847774,0.7,1.0,0.0,181,39.964385515025775,65.2161757709553
4,0,0.9708711461999764,0.9860376658221982,0.9854248416669971,0.1310144560236209,0.0,0.0,0.0,0.0,0.7,1.0,0.0,1,143.6389108025,178.9112512372827
4,1,0.8827700435841934,0.9674684120496032,0.9635383989563225,0.1793907012020343,0.13358068460275982,0.08130397128521084,9.075072583517e-05,0.00013338053041691,0.7,1.0,0.0,3,123.429728462743,156.89565237991098
4,2,0.3448920019008365,0.518582678375231,0.5040517483745465,0.15508751785601543,1.0948433064260057,0.1033751854922443,0.02248067658143467,0.02810115157291295,0.7,1.0,0.0,4,75.57692174829786,86.30473086360044
4,3,0.28848543010251915,0.43440388441601135,0.4163054906037829,0.14728021575278213,0.17430150437231712,0.10313327892617138,0.01974934124767769,0.02439632520773388,0.7,1.0,0.0,6,64.45732513070816,77.16607343138276
4,4,0.17959331135561252,0.24854921700363142,0.22332883510048923,0.10313928053534156,0.3972432664019653,0.09419446757687816,0.00241486687702284,0.00190919295534049,0.7,1.0,0.0,7,46.856635779098944,65.3413249165171
4,5,0.16971977959054713,0.23141716747915175,0.22670563232051108,0.10574377930073775,0.11142628367811679,0.10008104399435436,0.0043178055504121205,0.00857998504242319,0.7,1.0,0.0,9,37.91238949307096,52.87489433894875
4,6,0.157017896385748,0.21245031042763918,0.20726796616110335,0.10682574314969089,0.07700007242514031,0.09225781564641952,0.00155219698775357,0.00220999913911815,0.7,1.0,0.0,11,41.497953684161736,56.20682289635453
4,7,0.16455688496028154,0.21802840107451443,0.212699716384585,0.11871354813178124,0.08185038077321369,0.10395067933007034,0.00228351369131109,0.004577559010457611,0.7,1.0,0.0,12,39.536162204770015,52.123464859434506
4,8,0.18440726175440011,0.2297118952680281,0.22378217380842166,0.14375708413307658,0.12812760911153767,0.13729621502455888,0.00431413406439781,0.020107263791416342,0.7,1.0,0.0,13,43.40021868279114,54.27880969211166
4,9,0.18061171208779142,0.22319266872695537,0.21706474701763742,0.14641919216326088,0.10299796924364736,0.1337283263637444,0.00481011369864458,0.02101321457082865,0.7,1.0,0.0,15,46.09804069823306,54.134229736982256
4,10,0.1807679257174013,0.22276086218262683,0.21659044824985876,0.1494976709494563,0.10092830245394274,0.13508223396673585,0.00440230862462979,0.020254051838094332,0.7,1.0,0.0,16,45.38133207009149,53.96502533502876
4,11,0.16621993873538937,0.214519741699325,0.2193768263443362,0.13710547783455057,0.08605993136798101,0.11515030296752922,0.00407519735020241,0.00836610142991996,0.7,1.0,0.0,17,46.44031834353574,53.77195188639755
4,12,0.17776098425957515,0.22378090614295218,0.2284733578116453,0.15896441544452183,0.10531013310352624,0.13311180265227324,0.00451882147915091,0.020289004041107388,0.7,1.0,0.0,18,45.96304870574038,54.59419004696639
4,13,0.16477274275465947,0.21717699921505637,0.23290298678220375,0.14610069315307653,0.08603529655274784,0.11548670241321927,0.00408270452303568,0.00875033151776984,0.7,1.0,0.0,19,46.48572292493228,54.782361141056
4,14,0.1623233807199522,0.20505981993885117,0.20951605420636568,0.1436529301420095,0.0941372447221019,0.11560920763146679,0.00342701483685679,0.00751880873187843,0.7,1.0,0.0,20,44.08672438745664,54.18694590701852
4,15,0.1622849791572652,0.2116796871273036,0.22718931043912174,0.15145400965854275,0.08445406059720464,0.11560920763146679,0.00342701483685679,0.00751880873187843,0.7,1.0,0.0,22,44.10152056341572,54.20965517334586
4,16,0.15545329815170722,0.19468338773219643,0.20947121591305193,0.15327952281560756,0.11712120754176339,0.11275290208268911,0.00486886469422163,0.01082901298664227,0.7,1.0,0.0,23,39.614005950574,63.7553716463572
4,17,0.1542096302388878,0.19806355709156231,0.22376243137217683,0.16680659543560047,0.09057386445718561,0.11228218236728756,0.00520585864746494,0.01144819941932596,0.7,1.0,0.0,24,39.61629042366856,68.49701235285174
4,18,0.15311862142724111,0.19601058706622884,0.22164179385179356,0.16604011843169605,0.08483905255614117,0.11112247658313534,0.00549866936527724,0.01205739908034452,0.7,1.0,0.0,26,40.92867715904152,68.8965455496242
4,19,0.15166114081223783,0.19332673696155017,0.21887239380118576,0.17401805886941493,0.08650749142733667,0.10984732915532065,0.0056590980857568005,0.01160827247118678,0.7,1.0,0.0,27,42.53506388348437,63.61857100608237
4,20,0.1514646257649485,0.19951538230985405,0.23609534964331708,0.17444260584932844,0.08308934625446177,0.10984732972725483,0.00565909814414172,0.01160827280041747,0.7,1.0,0.0,29,42.18939576003693,62.63284920197625
4,21,0.14449580878128987,0.1921824743783649,0.22873713384760055,0.15806417421263136,0.07698546851599264,0.10096542756200252,0.00512422622212484,0.01019211880708178,0.7,1.0,0.0,30,40.072649447760014,62.51759309805293
4,22,0.1506167836669501,0.20362236240203083,0.25113732815757633,0.18276729838944958,0.08722570033477565,0.10973903763944229,0.00592151221160067,0.01220021188638279,0.7,1.0,0.0,31,41.5239894816114,64.82467108759879
4,23,0.1602680227967826,0.1825823361458422,0.1961985442317468,0.21057229654544038,0.11514771531002103,0.1104137450045383,0.02110245600155904,0.05465388535381791,0.7,1.0,0.0,33,52.50806435379453,50.77053219073565
4,24,0.16151329781938764,0.18939651346929764,0.21399178824116108,0.22133432236942235,0.10208731750395635,0.11313935429797281,0.02107784489789302,0.0551625147795214,0.7,1.0,0.0,35,52.58657195143794,52.06845990688571
4,25,0.16142092639720104,0.1955197198700161,0.23113851854516634,0.2306333744641583,0.10125304863269882,0.11363124482117759,0.020919270544532832,0.05479987580276905,0.7,1.0,0.0,37,51.52414299880995,52.04360395800958
4,26,0.17350582116003163,0.2064993096018401,0.24204249952360166,0.2676425543226789,0.11431276071604128,0.1306505091259717,0.02169939675439894,0.06662463486845746,0.7,1.0,0.0,40,54.100857782847584,54.60497772942368
4,27,0.1562603841366536,0.19869784556905146,0.25608590671741677,0.25206439477311227,0.09986943436672394,0.11979247216253597,0.01422888471941298,0.020290367026926152,0.7,1.0,0.0,47,52.5642224082565,50.646970129608185
4,28,0.1465457678492588,0.19519939254301377,0.2636111061419731,0.2616644052359663,0.08916321524095948,0.10986911287488428,0.011731738919089579,0.0228004117226941,0.7,1.0,0.0,50,50.88937431578729,51.291292800515215
4,29,0.14864055700741524,0.18297440482263955,0.22921122209448766,0.25416401585467097,0.0925823846703173,0.10966365463103792,0.01444418298966993,0.02121896237970733,0.7,1.0,0.0,52,51.9980064695949,50.7838148817003
4,30,0.15059942604582652,0.1910681201220417,0.24832305862238926,0.26294608916770296,0.0952966359191339,0.11307554250154492,0.01432735806614575,0.02078133852350742,0.7,1.0,0.0,53,52.36852048926032,50.74286248747385
4,31,0.18397790350677543,0.2206284749633248,0.2776273502735022,0.3234973652221762,0.1328314252555204,0.1100219752814919,0.0518685489302849,0.02669230203142909,0.7,1.0,0.0,56,58.03753400747066,51.50423779556886
4,32,0.17788370117293095,0.2107733412114521,0.278133094629457,0.32673087326306893,0.144260260387952,0.11202774131999771,0.04975998585122035,0.026617696057092733,0.7,1.0,0.0,58,57.597087823853805,53.27673821108968
4,33,0.17617074603612654,0.2088686882193393,0.2762159870551624,0.3283185884821293,0.12714717985223895,0.10737764584805971,0.051398496375121575,0.02959017850021035,0.7,1.0,0.0,59,53.65546603287214,52.66375178677984
4,34,0.17533436394318702,0.20705963832946866,0.27434281070454614,0.33098485680576417,0.12917362584794811,0.10662716551470568,0.051575156096004396,0.028187662567219753,0.7,1.0,0.0,60,54.884816395413054,52.54216765225094
4,35,0.17646088536076726,0.20656593889281447,0.2737424543318383,0.3325272123422931,0.13306918596407422,0.10393623546246308,0.055393321896318425,0.03418320918922198,0.7,1.0,0.0,61,56.75089720570891,52.87807552116907
4,36,0.18627178691539986,0.2126592192338692,0.2795921740631728,0.356275412073623,0.1435421808774143,0.11646303583469693,0.05826857313749052,0.038230226613421944,0.7,1.0,0.0,64,57.70291795562564,51.504930551742085
4,37,0.21575784101082612,0.24985489109995143,0.33852995434526023,0.43516050589702204,0.17420204642442744,0.11522961465097972,0.09138837081856246,0.12200925670502438,0.7,1.0,0.0,72,57.32284434683155,51.34811312875905
4,38,0.23371378025314665,0.25842962105110123,0.3358742271864303,0.43944704980183846,0.19923109325474236,0.09919577234761276,0.12183344953703339,0.036528936537784204,0.7,1.0,0.0,73,48.184370405575095,56.78048747908563
4,39,0.2310118490830157,0.252690511867421,0.32993951169171487,0.4440576927680813,0.19451884668469663,0.09325455041405531,0.12471736150289714,0.029515058707295934,0.7,1.0,0.0,75,50.70246097541679,56.57454766329678
4,40,0.25129286718213295,0.2730163207490649,0.3608949768596854,0.4835948005778581,0.21993779451823597,0.11344465036424052,0.13394075452191925,0.11248512799732877,0.7,1.0,0.0,78,63.82001958487634,49.72303202907638
4,41,0.3338735842306389,0.34676085565406933,0.4234470026593177,0.58676026473663,0.29896924437242717,0.0966648373074949,0.22922603577696754,0.2551579279306133,0.7,1.0,0.0,81,78.73927926422115,55.33352982677686
4,42,0.32876592617000006,0.33732491192984093,0.4243695481552606,0.5906663119349728,0.31279636804229577,0.09681420049174992,0.2288898680912394,0.27085328917042745,0.7,1.0,0.0,83,75.00753543003438,56.078785717310666
4,43,0.3285445889374956,0.34330871084860726,0.4413785755650457,0.6020769114744214,0.2974036713483097,0.09681420049174992,0.2288898680912394,0.27085328917042745,0.7,1.0,0.0,85,74.80340575017007,56.10368850832431
4,44,0.3251432501770283,0.3453043073026406,0.45434898413157543,0.6070119147592022,0.29575916109139205,0.09429767425990591,0.2278223874151489,0.27187843487559693,0.7,1.0,0.0,87,73.99607539338524,55.5778104828608
4,45,0.3215556323313539,0.33853414466719023,0.4473795227991241,0.6178327751154715,0.2946540156624916,0.09397654382530199,0.22581253963556938,0.2692306420719096,0.7,1.0,0.0,90,74.45129474655005,55.04338838375084
4,46,0.32281174065840135,0.3391996511190719,0.4480084880981041,0.6063932311158713,0.29395537664148813,0.09518889393789567,0.22647031524912098,0.27285902257065164,0.7,1.0,0.0,92,73.8317713061703,55.84032348950512
4,47,0.323184633120864,0.34548552368049334,0.46530104759365104,0.6147102722865864,0.2961357789288257,0.09512468707846802,0.2272280508900823,0.2721052543922425,0.7,1.0,0.0,93,74.30704201941492,56.14646963415127
4,48,0.33961148953472137,0.3391855019702934,0.4256681458910133,0.6368032811342298,0.3150326730777505,0.1050389332871561,0.23779653097737982,0.15279054553076557,0.7,1.0,0.0,95,64.39153823247013,44.97888191601278
4,49,0.34216042110662026,0.3384485170381615,0.42472723046829597,0.629895773283665,0.3246277910396274,0.10325489192339961,0.24295380589922058,0.1851182570564098,0.7,1.0,0.0,96,59.1051167339707,46.08792812087141
4,50,0.3398314884932166,0.32972747243498063,0.4156113209660208,0.6421336538870482,0.3215857428562218,0.1141822406344046,0.2355804358317327,0.13271186825511636,0.7,1.0,0.0,99,59.29719498622192,45.29958144726649
4,51,0.3401666656444728,0.32986658792583384,0.41573843076106476,0.6458572233220533,0.31647937132437876,0.11467744066555316,0.23564788472104362,0.13188543511547327,0.7,1.0,0.0,100,59.04896625890132,44.78351949680519
4,52,0.3408198413660943,0.3366478158362143,0.4335407497341301,0.6757347770142523,0.3172336489678871,0.11563364516756236,0.23586967887822324,0.13269712907619569,0.7,1.0,0.0,104,59.77468180634378,45.04266616712886
4,53,0.23464788567423733,0.3025475417214913,0.5209617213967982,0.7866132706689459,0.21151046087084405,0.12843001916898772,0.12147571772625772,0.09934050235385115,0.7,1.0,0.0,143,61.79779692433509,48.129863654663644
4,54,0.23166984279166108,0.30544651226580394,0.5348661364331401,0.7969846776374931,0.20992697074538044,0.12788738632602287,0.11921282234492517,0.10339932658385236,0.7,1.0,0.0,145,62.49851504770633,47.90172533930808
4,55,0.23845568367870346,0.3213468940975013,0.5726173503084016,0.8670297227814461,0.2233351498819036,0.09844703283952476,0.1483125480967527,0.3221942795947631,0.7,1.0,0.0,147,59.75372566092906,49.87973853079598
4,56,0.23420317142843614,0.3219707017436174,0.5841865076711862,0.8707973268689809,0.2162868334416967,0.09903108805157249,0.14436990257600288,0.31797658854541344,0.7,1.0,0.0,149,60.581231258889645,49.36336705214219
4,57,0.2578465664972944,0.33886121984356055,0.5900173423115375,0.8693293157503338,0.2375376119467703,0.12554484226574802,0.149467271395078,0.118412038538945,0.7,1.0,0.0,159,62.429695743375895,51.054875962870376
4,58,0.23954934342542825,0.33222448499454116,0.6053874583263146,0.934302343778439,0.22054093731841218,0.10252153997841469,0.1479747730205982,0.32162779473378045,0.7,1.0,0.0,163,60.46365946237935,49.56338290246122
4,59,0.23931330183103644,0.33168266663547324,0.604827245716695,0.9517709071380924,0.21990833932956227,0.10249277499785373,0.14787693061002632,0.3216823293116738,0.7,1.0,0.0,166,60.41457181961989,49.593471409511
4,60,0.23288410138971244,0.34332052640596583,0.649510764721153,0.9594320839658728,0.2198664714623503,0.0983632227525742,0.14514264152718992,0.32565167510588383,0.7,1.0,0.0,167,58.295543619909495,51.94008880216905
4,61,0.23288268808606166,0.3489548457491207,0.6661369771826339,0.9674361078885684,0.21743797343832086,0.10005753630779472,0.144368496906944,0.319810812836841,0.7,1.0,0.0,168,58.43999305868197,52.40751135003241
4,62,0.23156855328426573,0.34013153318133305,0.6462080609973062,0.9796521974481232,0.21413276616782262,0.0990108491622494,0.14408805371115924,0.2889345601398515,0.7,1.0,0.0,171,58.35937748637777,52.55644049389743
4,63,0.23337709512335303,0.34734104059973525,0.6643952144582279,0.9917685116546014,0.2193895354812854,0.09969673203408956,0.14591672369776335,0.3204963861848259,0.7,1.0,0.0,172,59.14865313939642,52.590998498922495
5,0,0.9012427504561077,0.9511047636428134,0.9489585390052074,0.12537361425178098,0.0,0.0,0.0,0.0,0.7,1.0,0.0,1,186.34772561640003,183.19109987726964
5,1,0.8254246697059034,0.9355799404974545,0.9301199109033192,0.17672883397412123,0.1364672148645976,0.08554304650666888,8.949920771536e-05,0.00016520401931779,0.7,1.0,0.0,3,161.20601175816984,164.38919571059404
5,2,0.22155528604203584,0.3188321055227596,0.29596352426624645,0.10225952681728936,0.7424205722339907,0.10921003816084915,0.008602102761149779,0.015878374647139572,0.7,1.0,0.0,5,32.70614249713391,64.92990354747663
5,3,0.2063334606107632,0.2922684001702692,0.26842889535488956,0.10240544285212883,0.10303938830020902,0.10894471947591447,0.00434584492619706,0.00800400303616006,0.7,1.0,0.0,7,34.01577744116163,66.86628375183531
5,4,0.20296549453927876,0.28434531698705956,0.260134493336871,0.10271574087122831,0.09785526524821522,0.109455515550045,0.00452314903914813,0.00829168162217457,0.7,1.0,0.0,8,32.72102583393661,60.58434783712496
5,5,0.2023516344256274,0.28016053532631113,0.2661692419333002,0.10876829316203575,0.1279984976127463,0.1092866492181493,0.01282976256941958,0.02740609384314401,0.7,1.0,0.0,9,24.48650388242532,56.37233338702971
5,6,0.19444143339551584,0.265050245339858,0.2399625434319219,0.10468273860552357,0.08363081468685382,0.10911214505237743,0.0054453274901547,0.00999390436272734,0.7,1.0,0.0,10,28.62607441587346,58.80485931617656
5,7,0.1868360069200546,0.25277251095738035,0.23784348372762185,0.10736401168003785,0.12478512223102886,0.10977607929689433,0.00645971219045288,0.013767956021633559,0.7,1.0,0.0,11,25.4427658587063,58.26772109926477
5,8,0.1892517747264949,0.25962136809301467,0.2555727512719475,0.11628206826791636,0.09155984093129382,0.11583706440039201,0.00638360733720478,0.0135499430018827,0.7,1.0,0.0,13,25.44399792941384,55.10746626487576
5,9,0.18890144481621327,0.25885207963503404,0.2547715326372125,0.12007691392804669,0.08893097481941423,0.11583714492222992,0.00635142093738233,0.013520529417422081,0.7,1.0,0.0,14,25.63421504347442,55.71478719575807
5,10,0.18851337267617713,0.2650749989635013,0.2720434928295386,0.12915024684713255,0.08726016634686139,0.11542150638720713,0.0063364627056006805,0.01350882200133777,0.7,1.0,0.0,17,25.652542562223893,55.95558012457387
5,11,0.18069077519788967,0.24871278616978937,0.24448312090746543,0.14400224069914308,0.08176794559463343,0.10785244987155371,0.00518947204115122,0.01216538817579798,0.7,1.0,0.0,23,25.33553447857339,60.19474110442057
5,12,0.17799493172412914,0.24088462801821223,0.2362633343306861,0.1515019914563015,0.0908227622442245,0.1091148583932916,0.00540308880216047,0.01774615534117058,0.7,1.0,0.0,25,27.83998195862141,70.40590509585108
5,13,0.17577605909600866,0.24234161819144523,0.24854803134406064,0.16698252682875916,0.08442069835075142,0.10879612094803692,0.00560723793200776,0.01261349380270663,0.7,1.0,0.0,29,26.713348565969465,66.96389839248037
5,14,0.17464457707294995,0.23342611605765218,0.22849469841373582,0.17188315550226127,0.0850957450413103,0.10950713414559232,0.00473932284327365,0.0107710159592115,0.7,1.0,0.0,30,27.02923470023806,64.22707243757124
5,15,0.17439500469453467,0.24452118467736803,0.2615481648568377,0.17253979211117332,0.08987778172184675,0.10902342452778475,0.00631187950508527,0.01416299457853113,0.7,1.0,0.0,31,24.94606114938269,65.87006282320331
5,16,0.17448510332271144,0.2306019686674104,0.22547087643098407,0.1784404508125405,0.0850906137378066,0.1118943371500096,0.00479401047311529,0.00965890313524226,0.7,1.0,0.0,32,27.25333070938185,63.7770654212216
5,17,0.17482402970402405,0.23059885267617186,0.22544228007526476,0.18449085637853951,0.08428854354333737,0.11135299763649338,0.0057517669412643305,0.011502069540388491,0.7,1.0,0.0,34,24.85431319107727,62.87638012571841
5,18,0.17075295056208314,0.22372478950417674,0.21835963280820414,0.17881969505525253,0.09121218905310186,0.10839928045003547,0.00569879858763233,0.01718240440612276,0.7,1.0,0.0,35,26.729972006376777,77.86873433677387
5,19,0.17075295076609304,0.23044390138719106,0.23613599531020757,0.1964724909586621,0.08157836032993145,0.10839928045003547,0.00569879858763234,0.01718240440612276,0.7,1.0,0.0,37,26.729969494241708,77.8686942504996
5,20,0.16886260712396026,0.22742176372235998,0.2330301424902517,0.19799103626665485,0.08434025070262785,0.1068878403875736,0.0056457444898916605,0.01684857896391511,0.7,1.0,0.0,38,26.14042771609264,75.70682739548512
5,21,0.16957470537561242,0.24122466204329704,0.2689225962887147,0.21676112446244244,0.0817140762981706,0.10889941281765678,0.0051879440620612996,0.01272464781293962,0.7,1.0,0.0,42,26.156934477082142,73.46847512079525
5,22,0.17025326456866693,0.24156521250794147,0.2692380805362443,0.2319895571194628,0.08291173253991439,0.10939831796839342,0.0057507381190042,0.012697160138782148,0.7,1.0,0.0,44,26.919594746759024,52.81261344134381
5,23,0.19723482133157885,0.2657379493041969,0.2932035293788897,0.26012230273392967,0.11601201992303244,0.12210478937135631,0.02574901440447183,0.05333041224456041,0.7,1.0,0.0,46,30.248884384820023,77.64324124398034
5,24,0.18871165984207566,0.23713794344929856,0.25257819467833614,0.2727291714231067,0.133727006310482,0.12388710654218442,0.02467107014651965,0.052126399326877695,0.7,1.0,0.0,48,29.32194277500257,76.13537916597348
5,25,0.18783406504487563,0.23500179934674548,0.25035236890260876,0.2751729098794051,0.11268665667957012,0.123880319985786,0.02458752118836684,0.052369147015898586,0.7,1.0,0.0,51,29.696994325553327,79.42930413467715
5,26,0.18785756292449793,0.24171727618174196,0.268123035366177,0.28572357590431074,0.11138818160658112,0.1239389238338997,0.02458674436533867,0.05237105190779695,0.7,1.0,0.0,53,29.74472360059892,79.53311403919986
5,27,0.1881291927805957,0.2419840002900965,0.2683894852766517,0.29348563225846724,0.11163357948792683,0.12423871129584049,0.0246514091891642,0.05220285662759726,0.7,1.0,0.0,54,29.56308102627285,77.94095231683666
5,28,0.1738323724094048,0.22544581598644478,0.25169205926929095,0.27344205916697145,0.10608293552926157,0.1136506176226985,0.01916024002256759,0.04085729265402146,0.7,1.0,0.0,55,26.62875267049423,75.64856583811945
5,29,0.18175319086609218,0.24366622883202207,0.2918051714824063,0.3160994059941866,0.10941868011474826,0.11948288724465159,0.02492521575878107,0.08329100905267349,0.7,1.0,0.0,67,27.2883693905342,76.44201881678555
5,30,0.17714475132722884,0.2384734778102659,0.28657125692942303,0.3207194429677384,0.10494516142040225,0.11725462342331124,0.02223199824496651,0.0632773902899886,0.7,1.0,0.0,70,29.444987810563383,79.04893961407886
5,31,0.1721368978177254,0.2183346208904466,0.25478544760723937,0.3215654807774285,0.13152076856993639,0.11736019147829899,0.02216058535599668,0.06299263165445855,0.7,1.0,0.0,71,28.915490091902853,75.0439354154655
5,32,0.20354148322205717,0.2573488017735243,0.31551199056620105,0.41184618649623844,0.14031101019824765,0.09393028957069825,0.07331965856548849,0.23955901762391543,0.7,1.0,0.0,86,28.40950392235817,63.88742030415983
5,33,0.20320099219394028,0.26210265616177286,0.33121185616668464,0.4123948778866506,0.14222779314241413,0.10058894294584309,0.06923761678687017,0.20751466768156682,0.7,1.0,0.0,88,28.713511645538084,59.58735080192925
5,34,0.22082461531351363,0.31272063562609265,0.4370768243532779,0.5808317811250194,0.15765612999214862,0.09844602072217155,0.08869962617467012,0.2398630341687374,0.7,1.0,0.0,131,31.118141351988243,69.0245434123321
5,35,0.2307058783569479,0.3211953764705007,0.4454549471064783,0.5942209737345377,0.1727288810714489,0.10703461554434228,0.0933572167811254,0.2775639311564232,0.7,1.0,0.0,132,30.73116038154033,62.96055674229186
5,36,0.16971064042993028,0.33846259353522856,0.5952522880762141,0.7028337675301849,0.10906765085124485,0.10704811151087641,0.03366754022091685,0.1729777747856049,0.7,1.0,0.0,148,25.9863643559294,65.46523012858512
5,37,0.2200470652677913,0.29702465974557113,0.4097645740586383,0.7639333126730947,0.1618223605992343,0.09672485987229998,0.09365242603318805,0.30368223990286086,0.7,1.0,0.0,178,29.64808689822825,57.1335069004953
6,0,0.9163269932781283,0.958868815533025,0.9570632528905705,0.12662735084115112,0.0,0.0,0.0,0.0,0.7,1.0,0.0,1,176.62033636,179.88044940347817
6,1,0.8388426307789449,0.9441354053313947,0.9389866192895293,0.17933833037696525,0.13861420768488936,0.08763493329307899,8.997895661543999e-05,0.00015030013958029,0.7,1.0,0.0,3,152.7548466959108,159.35504243560266
6,2,0.26013140099693827,0.39804756258114926,0.3786042689907985,0.11614948334801228,0.6794706939925171,0.11174337263063092,0.0080095987246374,0.01337917054806656,0.7,1.0,0.0,5,46.257364245667546,54.54252245624422
6,3,0.21022778231764927,0.2873089615909117,0.2627450905102494,0.1065963983664091,0.20239721325011611,0.1125710176848664,0.01335009373464369,0.02229989129905608,0.7,1.0,0.0,7,33.47477527450502,56.257291593671255
6,4,0.20123028278767033,0.2789767127067666,0.2649801948403109,0.11729039192400846,0.09957524703152969,0.11209372880444606,0.00979745321986134,0.016365588598342938,0.7,1.0,0.0,9,34.248423983299865,55.7669373073157
6,5,0.20037629413004943,0.276749949627614,0.26264394089508236,0.12103321802503753,0.09361410033989247,0.11213503116575704,0.0100460666172849,0.01678087045690009,0.7,1.0,0.0,10,33.36744252990606,57.73099905510584
6,6,0.19001881350864813,0.25312176118601243,0.2274385691779945,0.10478456992401551,0.10741520163397074,0.1107517217350791,0.00592936878242973,0.00987530897167864,0.7,1.0,0.0,11,28.001457822000496,58.60152969168517
6,7,0.1891756211167266,0.25413803295106396,0.23913365167297507,0.1255714918760688,0.09222699110895609,0.11085479099123807,0.00879317973445358,0.01656421940463014,0.7,1.0,0.0,14,30.47891432728077,54.668219452920845
6,8,0.1832657839110359,0.24723091422421575,0.23214888030558886,0.13159937194506569,0.08244721338635917,0.1097756399440573,0.00440675098748464,0.00829089706442519,0.7,1.0,0.0,17,27.815975477368976,54.772821227150494
6,9,0.18313959645937414,0.2535818856286192,0.24953885943009427,0.1369806404650154,0.08217047430725546,0.10985492529565892,0.0044092067860956605,0.00829543217498513,0.7,1.0,0.0,18,28.778510699594825,54.61530762046308
6,10,0.18389818804454847,0.24429228566402122,0.2289357178009575,0.12220895126271873,0.09047411298968594,0.10949597605949075,0.00792327463857902,0.0170968880925941,0.7,1.0,0.0,20,27.4819051461424,54.74229551591229
6,11,0.18013418463993622,0.23848565286856957,0.22297261783137226,0.14456333847014752,0.08592842706081141,0.1096442068714231,0.005571745809492179,0.0098405199170016,0.7,1.0,0.0,22,27.520688936186275,55.51654495061982
6,12,0.19013027967587046,0.25185365505547147,0.2576959794820142,0.16185928127252167,0.11713037585464572,0.11237592093582456,0.02089973164737071,0.019628951769382088,0.7,1.0,0.0,24,30.039047754562624,57.66532926607629
6,13,0.18798873620882697,0.25331156782061487,0.26998105639262754,0.17702731585182271,0.10486726281129644,0.11237592093582456,0.02089973164737071,0.01962895176938197,0.7,1.0,0.0,26,29.97482395254504,56.00150490660925
6,14,0.18448491255438987,0.24940606993059544,0.26604562255896536,0.17904544521322285,0.0977058881693997,0.1111760976063196,0.01851118856205564,0.01657550072343801,0.7,1.0,0.0,27,29.91730339402165,55.79902174985175
6,15,0.1872363874776641,0.25868534632906254,0.2863686633042558,0.17651975673870055,0.09986931518734173,0.11233403229762322,0.020582933948876312,0.0191019202285975,0.7,1.0,0.0,28,30.04112325355328,56.15184121066952
6,16,0.19296667971556888,0.24946264078697802,0.2549184424608688,0.16573649413765387,0.11114495230466073,0.11190641600286493,0.02764554252527132,0.07531105290496733,0.7,1.0,0.0,29,32.368515640509806,59.16419435790573
6,17,0.8102773768646315,0.875229119238205,0.9024315980070675,0.8133451959871764,0.7439845232472929,1.0,0.02671045908259225,1.0,0.7,1.0,0.0,30,30.51126236778228,8188.119508931851
6,18,0.17704060227970284,0.22787816706308806,0.23291957673219074,0.1628808729629925,0.0957036523571582,0.10074087286222719,0.02332077886079294,0.05807188645988065,0.7,1.0,0.0,31,31.33202022594721,50.21544081115301
6,19,0.2010424462866548,0.257124062579726,0.2731161595387465,0.2279768614350189,0.12376038041002113,0.12014589692353764,0.03470743362751163,0.06729698249452179,0.7,1.0,0.0,32,39.77190670228894,65.59437007178816
6,20,0.19950861245325244,0.26162395606595223,0.2886234991069715,0.22083148575275205,0.12001999878499786,0.12069765400183341,0.03323509722249704,0.0650421510475846,0.7,1.0,0.0,33,37.31741432938869,63.0616164148333
6,21,0.1984135382362644,0.25904672297677234,0.2859391794868709,0.22905132893187244,0.12254451344506984,0.12044931848296529,0.03327631727866847,0.06516283623519051,0.7,1.0,0.0,34,37.19777939383063,62.817212650555874
6,22,0.20037816848262432,0.26718360613539627,0.3050941627254058,0.23724121550927843,0.1217340043377666,0.1204587991210837,0.03558783114440942,0.06169975750356114,0.7,1.0,0.0,35,36.891954501136645,60.563228905492174
6,23,0.17859826100629644,0.2355282908682173,0.26215400334055505,0.21965346881602987,0.11064039095851509,0.11869372389257749,0.01706389851707961,0.03342527074999086,0.7,1.0,0.0,36,34.24774016622528,66.13851761133334
6,24,0.17902875146291283,0.23206669312625738,0.25841414267210083,0.22150917911568765,0.11587739064074837,0.12024316942595129,0.01885786649644803,0.03388747051157653,0.7,1.0,0.0,37,31.73429630303167,63.80390543317953
6,25,0.1788186324339812,0.2382377036279456,0.2756188615724972,0.23661004057185145,0.10358305242322319,0.12024316942595133,0.01885786649644814,0.03388747051157655,0.7,1.0,0.0,39,31.989637040519632,63.18036682087435
6,26,0.17767574793270396,0.23534082674488344,0.27259696439783054,0.2390715020360431,0.10872757250643404,0.12021419808765099,0.01882143125343201,0.033845894721585,0.7,1.0,0.0,40,32.368654150170194,62.11435077905851
6,27,0.24564855162553081,0.2962891567500372,0.3224660165479249,0.3190724945856268,0.17163971678001033,0.095006509183431,0.10462986369429417,0.052845480532384345,0.7,1.0,0.0,42,34.41891660980978,73.87968535731589
6,28,0.24494958183478194,0.30116732055914647,0.3383212357066126,0.32847239062551054,0.17299616510968913,0.09500650918343102,0.10462986369429406,0.05284548053238437,0.7,1.0,0.0,44,34.48070927877265,72.34466430643927
6,29,0.1693355142988281,0.22373620282627296,0.26076149890315076,0.2538350603580778,0.10256928142252908,0.11272237017212079,0.01772433650378136,0.033673531655766,0.7,1.0,0.0,45,32.611422952474605,64.73901966403174
6,30,0.17197626289267276,0.23268002623783673,0.2807337525406189,0.2691612895066739,0.10086698114932505,0.11416038158526254,0.01960906091506969,0.03413814776689851,0.7,1.0,0.0,46,34.204081206463684,68.71305222814972
6,31,0.17043022264645907,0.22958766169727382,0.27753277342698035,0.27480189537356986,0.10392959045897723,0.11354811127273409,0.019424147396065163,0.035035792341359014,0.7,1.0,0.0,47,33.807456224340726,67.44349419910176
6,32,0.265847463744564,0.33278342313696796,0.4024473410537436,0.3984674649304595,0.20074246075777658,0.09538217094704235,0.1309223438190575,0.07994572764953056,0.7,1.0,0.0,53,32.51952806820124,68.09883573320562
6,33,0.26584746191471886,0.3395025350199823,0.4202244049589391,0.4252749420033652,0.19768993588281103,0.09538217094704238,0.13092234381905754,0.07994572764953066,0.7,1.0,0.0,55,32.51952803848699,68.09883448835379
6,34,0.2612557459342808,0.3293079173799971,0.40964203187061543,0.40906535374672937,0.21419683679751533,0.09173110067509403,0.1321146127772009,0.08058943826160368,0.7,1.0,0.0,56,31.920668809719093,67.23293525763108
6,35,0.27553518515059267,0.34773617463621465,0.43895088178218966,0.46149937905894367,0.21369502977651794,0.09532690751528991,0.14533389543082179,0.08939394304978249,0.7,1.0,0.0,61,34.5511339975439,66.83551012348853
6,36,0.26801920081005015,0.3394445882230607,0.4306061068504939,0.4814384498045201,0.20580085055163194,0.08870498005549692,0.1428890996764392,0.08159770068235199,0.7,1.0,0.0,64,32.70643082549446,72.69220623939938
6,37,0.27377173972192426,0.3585261523417337,0.47179546530025884,0.4981384227926293,0.21088238496624467,0.0937797614271892,0.1451504904680315,0.08950500501537337,0.7,1.0,0.0,68,34.30623879555858,67.40632624516306
6,38,0.27028517007358394,0.34390142849335703,0.4458116246299026,0.4994466684442241,0.22369895576178467,0.0987846149860092,0.1406160215690494,0.09303143141174564,0.7,1.0,0.0,69,35.275796822350706,75.5004663624023
6,39,0.2761866716567847,0.3546150977712652,0.4674535455153822,0.5308580752045448,0.2226970960906174,0.0973258946938653,0.14858359767857202,0.0961554608163176,0.7,1.0,0.0,70,34.43650186392266,76.4626326739459
6,40,0.27674030850320247,0.36080456267462674,0.4846266001749547,0.5605592971862241,0.21898229171019803,0.09845365561375352,0.14893629903590005,0.09357938730497503,0.7,1.0,0.0,73,35.25635540695394,75.61095787715887
6,41,0.2771522605235923,0.360134016172159,0.4838827646598953,0.5648215489626146,0.2205415077399674,0.09856298032543101,0.1498575203487897,0.09239060166470656,0.7,1.0,0.0,75,34.69593027565766,76.69304802312399
6,42,0.18038900645325,0.2756834816475646,0.42147177768058125,0.5562865186376531,0.12282969890986362,0.10082335559390568,0.05211836030053082,0.03883182689204803,0.7,1.0,0.0,101,32.042186211521454,66.0438005036701
6,43,0.2244444538902886,0.3319104648854354,0.49972857471176757,0.6188553083837681,0.16792178204601366,0.09753622637943844,0.09915363431753303,0.05747139961706773,0.7,1.0,0.0,109,36.850372330954045,70.98195904526608
6,44,0.22418909178228036,0.3445606760646815,0.5344580974726707,0.647607933010097,0.1678764254497232,0.09945669206508072,0.09784006448092984,0.06025766183754679,0.7,1.0,0.0,113,35.25541570676596,72.6910598051693
6,45,0.21645842990556324,0.33452391816714255,0.5242664655446907,0.6549879016521873,0.16452095966951938,0.10063119873605204,0.09050864464208916,0.04875212959098743,0.7,1.0,0.0,115,35.76841051793404,70.25997069859163
6,46,0.21871305114759662,0.32950043444931526,0.5081480802055046,0.6517575520447768,0.16436440247320305,0.09452004324560048,0.09733591410545316,0.06503438226882434,0.7,1.0,0.0,117,36.6533815077046,71.15881826532154
6,47,0.1719602337988254,0.2938353765749777,0.4944412265057095,0.6316171718401088,0.11870465026072137,0.10119812324836679,0.047139807712310786,0.053859477204430295,0.7,1.0,0.0,127,35.49372319871151,72.55043852799716
6,48,0.1719594050997011,0.29376026186849763,0.49436090847437436,0.6342849243256562,0.11824514826647411,0.10125224172145145,0.047139793187694554,0.053804982382278835,0.7,1.0,0.0,128,35.4859686624999,72.58097085616026
6,49,0.3357779100177831,0.4382030220342048,0.6162935821394646,0.6177009063015538,0.2879352753131933,0.10708393977461714,0.20993479196254494,0.16309081804492845,0.7,1.0,0.0,134,23.530147214979387,60.87185460790994
6,50,0.3347583146718639,0.4351578093091481,0.613114472171017,0.6172045537842294,0.2910460342272111,0.10708393977461714,0.20993479196254494,0.16309081804492845,0.7,1.0,0.0,135,22.548938218924505,62.50198772261458
6,51,0.3496355154575247,0.4819122271676003,0.7150437247825304,0.6806882395307927,0.3012141075042042,0.1012168305303213,0.22978119398654379,0.2301221406945492,0.7,1.0,0.0,144,25.91394764735128,76.53588533774914
6,52,0.35009172647751347,0.47528405930624007,0.6973341489288346,0.6699798949719009,0.3023800115504432,0.10129552477733476,0.23036453826354922,0.22964121777068458,0.7,1.0,0.0,145,25.87792850505673,76.49298378995746
6,53,0.38201199689639154,0.5156775535461031,0.7595175716349922,0.7330423926639044,0.3431599658960829,0.1094567848804944,0.2590244423285068,0.19144961329456509,0.7,1.0,0.0,147,26.73395896101381,71.2744444838107
6,54,0.365066734953341,0.4803981917308944,0.7018037515653771,0.7023900262561236,0.33579214866125084,0.10050196283642832,0.25071704751531665,0.2274068135017194,0.7,1.0,0.0,148,24.10246555206833,73.36474038186289
6,55,0.37751388331805846,0.5057475623591372,0.7492335419689791,0.7717451558705289,0.3339730023459214,0.10813953358169603,0.2580744170551802,0.22276088171358177,0.7,1.0,0.0,156,24.816037881254093,66.0840246363373
6,56,0.37274368832115307,0.4998922457520134,0.7539320100990907,0.7763815468550057,0.35593088274141493,0.10768488347537468,0.2572947442797388,0.21970501539333762,0.7,1.0,0.0,157,23.929432395008263,67.18834501730976
6,57,0.37336881779334935,0.4993611695510765,0.753326994792173,0.7772677702556099,0.3372599350818294,0.10851065780957211,0.25787606666875196,0.22268305887765522,0.7,1.0,0.0,158,23.548741220762547,66.84247131761902
6,58,0.372847506334847,0.49863311872384414,0.7525853526836124,0.7767929904852923,0.3337133513437909,0.10844215779557284,0.25749800600646067,0.22050426482432886,0.7,1.0,0.0,160,23.62027155651448,66.9374479003558
6,59,0.37207037376355934,0.49733388934608647,0.7512531117850787,0.7875140407905961,0.33325694551667956,0.10874067070670193,0.2567521972900413,0.2381207356529424,0.7,1.0,0.0,164,23.57889301501748,67.1429096974793
6,60,0.3809704484561096,0.5000185963917259,0.7535408682797652,0.793983314996062,0.34917185477893775,0.11069756229231682,0.26710470401248865,0.23243553415248347,0.7,1.0,0.0,168,26.30504879023376,68.95107591583246
7,0,0.9263140894606985,0.9639479293435189,0.9623655103216742,0.12744749781448822,0.0,0.0,0.0,0.0,0.7,1.0,0.0,1,171.11809789210002,171.58320315296962
7,1,0.844612611909194,0.9468084864309387,0.9418529137671307,0.17832225518489084,0.13757624947910482,0.08516631164146964,9.152048810522e-05,0.00016757078620902,0.7,1.0,0.0,3,148.82718497271293,151.49059727675436
7,2,0.38127629408802705,0.5673491740276421,0.5549285564564609,0.1656589339330986,0.9507816871126586,0.1042102812169348,0.0225896234668761,0.03318928371739867,0.7,1.0,0.0,4,57.54567482574957,84.945918893667
7,3,0.21945019160450926,0.3233115855157264,0.2905362553428728,0.10387651687305044,0.5013678808639443,0.09328530227199741,0.00472239417052827,0.006419402792457581,0.7,1.0,0.0,5,37.746012173927554,62.24037451593719
7,4,0.202947586361044,0.29632978165053453,0.27313259023586345,0.10435944053558292,0.10313933307818321,0.09328982487446533,0.00473526222058366,0.0064391890326527205,0.7,1.0,0.0,7,40.12011036832864,66.71954968980329
7,5,0.20130702014816956,0.2931469352583781,0.269817159845039,0.10822249318748905,0.07599545046403591,0.09324293342023729,0.00460441109167201,0.00623816078176811,0.7,1.0,0.0,8,41.10452426156574,67.10810544488413
7,6,0.20105694987500536,0.2884396830702789,0.2647310999630156,0.12413358278226504,0.09128830598706578,0.10197826710404685,0.00241384303741841,0.0032936255512786296,0.7,1.0,0.0,9,35.88215987299867,69.17362338533852
7,7,0.2038410335994243,0.29102856114641196,0.27779971461591957,0.12898504777660758,0.10952392002702425,0.10135032251875449,0.01188088440841999,0.01589674061320695,0.7,1.0,0.0,10,37.30810721880056,60.103171097375885
7,8,0.20374603200509003,0.2891079566891761,0.27572416128029437,0.13916170816719883,0.09185682152644033,0.10453663845947372,0.01126288789864799,0.01717848626686829,0.7,1.0,0.0,11,40.06831174060128,57.30931163010185
7,9,0.18490016081103178,0.2510669960123389,0.2151050764133725,0.11426297614529116,0.0914680523147963,0.09687888951226836,0.00256757960924259,0.0038328234350611203,0.7,1.0,0.0,12,34.74863626960591,56.65733571672065
7,10,0.18128230513694132,0.24921727920966402,0.2239161291812255,0.11565878233691004,0.08917514668318814,0.09747628418927026,0.00261901864047808,0.0035665700214832204,0.7,1.0,0.0,13,35.42452829564443,54.65254066494333
7,11,0.17979082730086643,0.24704536606848895,0.22169013412524063,0.11689958664444014,0.07239456801705035,0.09631604011030438,0.00248876228141487,0.00415741312371629,0.7,1.0,0.0,14,35.23610726075744,54.80013866047756
7,12,0.18041952800802918,0.25400481046712914,0.23967665890897205,0.12251247946457246,0.07227499290252898,0.09747628418927026,0.00261901864047808,0.0035665700214832204,0.7,1.0,0.0,15,34.10725041953526,53.97628724708815
7,13,0.1931016429872351,0.25143714798495365,0.21485001309437363,0.14087977900601786,0.08720537306169045,0.10626942152828849,0.01060433243198961,0.01755253821026102,0.7,1.0,0.0,18,36.46493104472309,55.007108561695134
7,14,0.18503515676633112,0.24133104379571454,0.20458328885516677,0.13303086486522006,0.0859606309515278,0.09890101618506816,0.00931463231432657,0.01279543489001643,0.7,1.0,0.0,19,34.03557801984381,56.74758355109719
7,15,0.18197148877116914,0.23570997284865255,0.1987621269799919,0.14247868337478642,0.08675373395184673,0.10323699693870378,0.00522281058544406,0.00845234979054549,0.7,1.0,0.0,20,37.22535276547656,55.11337934918468
7,16,0.1797373793921358,0.2317834043498188,0.19470424191718158,0.13778287150146673,0.08260415311969108,0.10264848174606059,0.0047017425890180705,0.00646716134543905,0.7,1.0,0.0,21,29.733730894910565,58.54367373604719
7,17,0.18067566888585107,0.23012536621161503,0.19284474272508564,0.1484562800595197,0.08881444251183992,0.10604463289469304,0.00525503041307083,0.00853490489466854,0.7,1.0,0.0,22,32.5810263762386,57.30858327542279
7,18,0.17996795483648648,0.22883151565244625,0.19150473573079269,0.15585451421785054,0.08144157679941101,0.10565139620637579,0.00528917748175063,0.00881750317966604,0.7,1.0,0.0,23,32.491531232855934,58.219490436907385
7,19,0.1764492993866099,0.2228081474794172,0.18529061035713656,0.15606505190428174,0.08627036131225375,0.10286264682046017,0.0055625549291953595,0.00993646826108742,0.7,1.0,0.0,24,33.883165287133394,56.09488720236111
7,20,0.17687176525266715,0.22825347682193464,0.20166396477645968,0.17107225135754492,0.08522867975427174,0.10565139620637579,0.00528917748175063,0.00881750317966604,0.7,1.0,0.0,25,30.545066813004205,59.138899164886574
7,21,0.17658487417443053,0.21912683537596284,0.18131850775414216,0.16314422734252937,0.08795951195623546,0.10704452225285883,0.00558097399727842,0.009980133867788111,0.7,1.0,0.0,26,29.72831458500213,57.91996874556801
7,22,0.15978818587818824,0.221421572487805,0.2378180209510006,0.16429750462730527,0.12391999847836754,0.08880443829664994,0.01172015445986067,0.12786273897384548,0.7,1.0,0.0,27,28.49078754815141,92.926024914376
7,23,0.15861787665652904,0.2252077581221354,0.252533378438849,0.17231578476369336,0.07683815289631134,0.08880442492277349,0.01172008233798855,0.12786382235837213,0.7,1.0,0.0,29,28.866410271825213,90.54683523498169
7,24,0.15800665667451588,0.23039513887215013,0.26871124306592886,0.1806734395302118,0.07543318426767792,0.08880442492277349,0.01172008233798855,0.12786382235837226,0.7,1.0,0.0,31,29.53338176816124,87.43071401387469
7,25,0.15354350165560346,0.2238002111277776,0.2619607089929221,0.1826858642515818,0.07441412943901382,0.09216781507652956,0.0063101671736305095,0.044220020928055895,0.7,1.0,0.0,33,27.98776012250992,81.36944640731458
7,26,0.1531546494691635,0.21665489995078177,0.2437551928102528,0.1730895229549271,0.0704738543498397,0.09207032808603888,0.006014134181582221,0.04728946508165894,0.7,1.0,0.0,45,27.74468352647408,79.51143189578737
7,27,0.15183266555912414,0.21490499762093754,0.24197411209466932,0.1719340447668888,0.07085671303613128,0.09077272077140827,0.0058810082523689,0.06449133533547967,0.7,1.0,0.0,46,27.464678627009448,87.86528551249263
7,28,0.19989074170037624,0.2686215851346396,0.3066715856376343,0.29725210851688033,0.12172683446291493,0.10236543784423129,0.04651717827068948,0.05837940001956503,0.7,1.0,0.0,47,33.924512280675394,56.42570305643198
7,29,0.20533287243160198,0.2677967890204513,0.31597473821510746,0.311753147992818,0.17472601765996493,0.09462894639475808,0.06556668887276206,0.02482356626326141,0.7,1.0,0.0,48,31.53703210253957,56.30625035461944
7,30,0.20068404718638772,0.24838742584613072,0.284943333458552,0.308632355991327,0.14066284834345277,0.09490298314579135,0.06554397658716177,0.02509524020717769,0.7,1.0,0.0,51,32.27498832733247,55.2278142245275
7,31,0.20017935300776463,0.246859796442863,0.2833445891329154,0.3176882456084413,0.13371560879327635,0.09538469113783704,0.06530192537614991,0.02538197548087273,0.7,1.0,0.0,53,32.413041838908974,55.19911598979395
7,32,0.19984583597050196,0.25271037402644025,0.3002152781327829,0.3278955435602493,0.13290954726779491,0.0953747453314734,0.06528803406537306,0.025366063309136027,0.7,1.0,0.0,55,32.39505130278758,55.11671071697916
7,33,0.19844232634405726,0.2569048973133492,0.31539003165447654,0.34362514988440596,0.13309588686713567,0.09428477538941332,0.06529970566541346,0.024681194361713628,0.7,1.0,0.0,57,32.5086258767933,54.01498896270153
7,34,0.20061727685574476,0.2656060845701598,0.3351350890010586,0.362870936825457,0.13379145417823313,0.09587329545374432,0.06647452281260299,0.027152427871431312,0.7,1.0,0.0,60,31.94933977851219,55.03430342631782
7,35,0.19710141972012554,0.24707375931842743,0.29437845183867767,0.3543180183854866,0.1360437340721176,0.09325822379286468,0.06570336665974355,0.021702821735872478,0.7,1.0,0.0,61,37.3617192857819,52.11683710734583
7,36,0.1964161412524061,0.23847125379999123,0.2746357054874645,0.3226508365152778,0.13479202502842536,0.09325822379286472,0.06570336665974333,0.02170282173587244,0.7,1.0,0.0,62,36.13198966641297,52.23631638408172
7,37,0.14625726806696798,0.2148417219972871,0.2952123296425384,0.3788723876358586,0.08113435019114512,0.08609282597938192,0.02075880656348398,0.011690635215398459,0.7,1.0,0.0,72,33.27560263827123,62.013870847208565
7,38,0.15290419670537583,0.2066891361384423,0.26485077003928365,0.3701639675257923,0.0927781012417796,0.08720560287347477,0.02740254239421605,0.01582689063045352,0.7,1.0,0.0,73,32.33679285594625,66.039048086206
7,39,0.14557102954551415,0.22592026629266007,0.32829093569001655,0.3968025983901664,0.0816206656804507,0.08320458365089603,0.02304719021024551,0.03680549404691722,0.7,1.0,0.0,76,32.25028409855719,69.25955668582789
7,40,0.14823732414671875,0.20821302532653807,0.2879940516450757,0.3903181140461745,0.10975284479015505,0.08705049038199712,0.026896123117736082,0.040483593997183195,0.7,1.0,0.0,77,32.47463616206575,69.40635566659655
7,41,0.14414034488798824,0.20657263481918506,0.29712238948684877,0.4056510185683061,0.09271045140151386,0.08480964386321728,0.02668448037664777,0.03920905464755235,0.7,1.0,0.0,79,32.37167848978542,68.51083500173472
7,42,0.14012705530634217,0.2083924204743754,0.30994009987995175,0.4087907762269241,0.08389497947363496,0.08275082007239035,0.02458909989342212,0.02874686329843007,0.7,1.0,0.0,81,33.576474654994364,67.0625708237024
7,43,0.16596746058775183,0.23138922694668695,0.33274538781552526,0.48372027362683756,0.11042571057125936,0.08974038177424606,0.047054853459578286,0.04412526029571479,0.7,1.0,0.0,97,33.54494337054072,57.26163204945656
7,44,0.158859406895906,0.25048957206123945,0.3960310846010593,0.5080059117177945,0.1038239963946132,0.08590992961472073,0.0429867580199966,0.04726472573806283,0.7,1.0,0.0,100,32.99846406841336,57.7792469946716
7,45,0.15782507723920985,0.24748106346908902,0.392890551808181,0.5039805464536365,0.1092008704343936,0.08590992961472073,0.0429867580199966,0.04726472573806283,0.7,1.0,0.0,101,34.50882858142563,56.290283958840696
7,46,0.15667070303556752,0.2507851361977608,0.40710083750617426,0.5203349022412302,0.10664449371971824,0.08326798505406358,0.044863681663458596,0.05693440988992341,0.7,1.0,0.0,103,32.234178782801564,61.26018486215026
7,47,0.14505387378101198,0.22112716293295087,0.3550219492700183,0.5178223727420266,0.10801620064652845,0.0852007664617913,0.03425882395175074,0.04536799003283633,0.7,1.0,0.0,104,34.36276254750851,68.00845550232137
7,48,0.1564776610237963,0.23668741990447673,0.3814692292163523,0.5351231015855924,0.11056671810634666,0.08605499007552364,0.046390805139475175,0.060233040841192076,0.7,1.0,0.0,106,33.331197770254555,61.79519017606256
7,49,0.16126082138111356,0.2368748912490338,0.381354425911642,0.5410862003536712,0.12068393517491835,0.09008243404925016,0.05064652447435262,0.07073498145362823,0.7,1.0,0.0,108,33.66703001527704,64.90155305233402
7,50,0.15331266618749873,0.21936635352538042,0.35260208880064936,0.5481527616137373,0.10886813767105755,0.08359754984886837,0.04863266663377057,0.07143888713028834,0.7,1.0,0.0,113,34.02987398214685,63.189966197203326
7,51,0.15500762245223731,0.21676509874474276,0.3497212481023827,0.5580492412301278,0.11738423461313026,0.08613716475325064,0.05062830758642116,0.07082689426881517,0.7,1.0,0.0,115,34.04911735725257,64.68191413796556
7,52,0.15457369933313408,0.22886105852193434,0.38387327093165385,0.6010235191289971,0.1116034258901332,0.08613716475325064,0.05062830758642116,0.07082689426881518,0.7,1.0,0.0,119,34.78997080805456,63.86042573327773
7,53,0.153862344467875,0.2341420530684995,0.40016502234958756,0.6131572957588962,0.11164831338130006,0.08575587409717533,0.05053074085947694,0.0725545020491201,0.7,1.0,0.0,121,33.84675656974359,64.48280483125596
7,54,0.15520261149647402,0.23545530711966592,0.4014766735106499,0.6145034230178276,0.11195271508530011,0.08630857592152537,0.051496883531831496,0.07230253157024608,0.7,1.0,0.0,123,36.29250873605274,67.30666135255629
7,55,0.1719199922911405,0.2790466004276282,0.4892982053017888,0.7719962710800269,0.12863161806793336,0.0976498818487485,0.06027650607707317,0.05752565641021847,0.7,1.0,0.0,153,32.449381324726424,56.68296171504188
7,56,0.17189184492146903,0.26543282154988135,0.4535595282827639,0.6586391194901856,0.12882032254258283,0.09803183748370076,0.06005114115503953,0.05715649327222645,0.7,1.0,0.0,156,32.055395441162354,56.87519056955353
7,57,0.1714360265757921,0.28812954291431636,0.5202462098045796,0.8050205964943001,0.14108707909878068,0.0964901240907456,0.06243326858392303,0.0698140660656215,0.7,1.0,0.0,157,31.984535140568745,58.769171855365485
7,58,0.1694405717444473,0.2651703790267819,0.46406233413070114,0.6796026945846502,0.1288384525998233,0.09771729982917932,0.05995638192851906,0.058571735244097166,0.7,1.0,0.0,162,33.02328584543936,56.61538646133477
8,0,0.9169108205388221,0.959166959718752,0.9573746759078878,0.12667543949366472,0.0,0.0,0.0,0.0,0.7,1.0,0.0,1,176.7574219776,182.5998338036869
8,1,0.8431696749206495,0.946268826894961,0.9412576288266867,0.17884938654613672,0.1347504922024674,0.08621336575493292,8.859899981571e-05,0.00014431502614638,0.7,1.0,0.0,3,149.6082624997194,153.78449061442527
8,2,0.3927693859334808,0.580594871845507,0.5685260747102037,0.17007148877240585,0.9372000724306851,0.11282311524121028,0.02178761220843545,0.03150879575002274,0.7,1.0,0.0,4,50.08335014948004,87.90621056928195
8,3,0.22606633836744594,0.33884315837844003,0.317379509885408,0.11149928498586979,0.506797039368951,0.09777577201447384,0.00461318853559227,0.00266138983602788,0.7,1.0,0.0,5,26.8462488158677,64.28150573903825
8,4,0.21269019844036144,0.31072419694970244,0.2879307451976756,0.11894713511103946,0.10594105019641586,0.10414264289865076,0.0023349362680412902,0.00140657460679569,0.7,1.0,0.0,7,28.97716591125985,68.64275090308529
8,5,0.22629478493041666,0.32243744728836565,0.29947909810855167,0.11994284702118929,0.09829963998211487,0.11173794109516164,0.01248637218072397,0.01869109667654437,0.7,1.0,0.0,8,25.876783314290083,58.896873815380864
8,6,0.21351631977675853,0.30808508458004596,0.2954717309913806,0.13560490222791707,0.10234445326192293,0.11607013340876593,0.00461215134695989,0.00625465882445342,0.7,1.0,0.0,10,30.838265684787963,63.517618485853816
8,7,0.20914069664008803,0.29046213304630447,0.2767541545529804,0.1431849301444414,0.143640227198527,0.1203034182934242,0.00896420566776739,0.01543539661046755,0.7,1.0,0.0,11,27.81899753874825,63.41246959668254
8,8,0.19884575589272896,0.26997197099707904,0.2449260786684367,0.11723356231663731,0.09874259261391022,0.11484769197189008,0.00540114366451339,0.00815819907593973,0.7,1.0,0.0,12,27.58901503452584,59.89115412417144
8,9,0.2074853793068431,0.28400604669635215,0.26991136724903236,0.1495060202559906,0.10042756600371261,0.12346869540202003,0.00909936672898866,0.01568713117753008,0.7,1.0,0.0,13,31.453033405469245,67.40960887234287
8,10,0.20654501025322528,0.28213414040895013,0.2679652688063599,0.15175122252853518,0.09878434396560623,0.12333984945771584,0.009012399297946,0.01544830026198977,0.7,1.0,0.0,14,30.530119323178923,66.00080393413825
8,11,0.19381831198553764,0.26629261975944085,0.25187609241597597,0.14872695551001708,0.09657409076791301,0.11393955113088275,0.00538855522013104,0.00878770688189929,0.7,1.0,0.0,15,27.290308471712205,57.70859950497698
8,12,0.1856556325090033,0.25258168262277325,0.24826851295743507,0.14923289794018307,0.13055231018053745,0.11147241665221067,0.0084381329343256,0.014482485343868808,0.7,1.0,0.0,16,26.54847735997073,53.58423812937621
8,13,0.18377630178245793,0.2401956090071797,0.22453528074987275,0.15453612418289495,0.10074792396460294,0.10955499044071319,0.0107000184727132,0.020703598177357098,0.7,1.0,0.0,17,27.01765932346313,54.9990490762324
8,14,0.17651002963547557,0.23310922586541122,0.22801338434152058,0.15245051905974066,0.1076328734558378,0.11508293790566526,0.0042642168304895,0.00732531441663682,0.7,1.0,0.0,18,30.434743926246465,57.52859590451193
8,15,0.16946589759449585,0.21201401396128985,0.19531734524400474,0.16514565382252586,0.10786471736727407,0.11042100013676903,0.005530198383891819,0.01053198823621376,0.7,1.0,0.0,19,29.58047979082537,54.36074853222224
8,16,0.17367878469175013,0.2196888832072698,0.21381016642957235,0.17047654964306974,0.1003562906648537,0.12112960123077658,0.0044502386411107596,0.0075996432559816,0.7,1.0,0.0,20,33.46269994295822,57.48179420047709
8,17,0.1759361962259434,0.22786233445937706,0.2435538133585932,0.2044553005668541,0.12150719119920297,0.11378135484219687,0.01674651332757917,0.01592491965940056,0.7,1.0,0.0,21,35.630269843757844,62.46697477637428
8,18,0.16667833942918833,0.20442637732148838,0.19794935733112315,0.18666003200061274,0.08842779400540336,0.11830707891341523,0.00479364989993489,0.00769364057082374,0.7,1.0,0.0,24,35.0077331656322,54.02691996838265
8,19,0.17844862108431905,0.2293809713071654,0.24500008143973787,0.22828603712811937,0.10051091597476232,0.11848401446626129,0.01662251380702509,0.01423605178341002,0.7,1.0,0.0,25,36.84354931190678,65.48139708206574
8,20,0.1613619243446243,0.20279372973393187,0.20715672584646802,0.1911429173216688,0.09331281152567714,0.11361596709731754,0.00468359735723004,0.00842407869936943,0.7,1.0,0.0,26,38.59860537249618,55.1840773599808
8,21,0.16943702555833262,0.2168597524463354,0.24280932144886788,0.23216692517219556,0.12129332073753975,0.11645606245607816,0.0153670013190999,0.01292278746308365,0.7,1.0,0.0,27,35.22066601346778,63.71115864611326
8,22,0.16943428294700769,0.22357168754358597,0.2605783192173539,0.24147658898140317,0.09689353985808163,0.11645606245607816,0.0153670013190999,0.01292278746308364,0.7,1.0,0.0,29,35.21964261144833,63.71799734626128
8,23,0.19580026050029703,0.24711200168922393,0.28391998641514554,0.2907649475388855,0.12678798556692128,0.11442427275818441,0.04485627461097293,0.053796523354866746,0.7,1.0,0.0,34,36.11845645647686,60.25613997076733
8,24,0.17290070373471791,0.24035265500631187,0.31005294323150207,0.3538499919568226,0.10551101413116805,0.11171256176628444,0.02623394649699501,0.02748330290111591,0.7,1.0,0.0,46,33.25477984115884,61.0726891387055
8,25,0.17877095036573232,0.249898182447443,0.3304447117128114,0.35934614302326257,0.11451626520279631,0.11644519450375992,0.03056416764144227,0.03411164732579161,0.7,1.0,0.0,50,33.59429818799545,60.50464838717967
8,26,0.16218867484453156,0.19846802104813285,0.2236394697678113,0.2661717281186553,0.09661901967179057,0.11375302902251112,0.016589132936252828,0.03929368212494231,0.7,1.0,0.0,60,30.43925265904629,55.65083940601453
8,27,0.16119990281110952,0.18596725115599072,0.19975138020322591,0.28237225073504796,0.10099876525699672,0.11773612721943527,0.015536886751261789,0.03533387844282935,0.7,1.0,0.0,65,36.46641350721617,66.23313739967425
8,28,0.1609489812692801,0.1832204300349175,0.196833695136316,0.2922967637974461,0.10698419917247806,0.11821086249938455,0.01634941427735541,0.03702185961441813,0.7,1.0,0.0,66,37.207535555217405,67.50551168492213
8,29,0.19453554419505908,0.23502712966169426,0.2816811476744406,0.3624053836727271,0.13578866214284663,0.12252362789465614,0.047989376325658764,0.04730037606022855,0.7,1.0,0.0,69,37.828827026843626,65.62528141894386
8,30,0.1935200156116785,0.23828516792997076,0.29583079304399273,0.37296119308203285,0.1379174135151457,0.12199582052235425,0.04868382993842607,0.038785907876782114,0.7,1.0,0.0,71,37.573968046922346,65.45899809650872
8,31,0.17834326923518273,0.18700504749121977,0.1996988615623832,0.3199229428949327,0.12957132489542367,0.11472506299168568,0.04352579469662239,0.11443470944352421,0.7,1.0,0.0,76,35.74034028769539,70.7960236581145
8,32,0.1866940850348468,0.21282303820624274,0.26912232786819346,0.4151835935991291,0.1402182577745666,0.11288792722912384,0.05799043546042276,0.05712889467214986,0.7,1.0,0.0,85,36.39870152627409,60.63124350647131
8,33,0.18606214377944652,0.21741386962831583,0.28467207178281617,0.4100701786712711,0.13940978358886924,0.11512841815209544,0.056540965501532384,0.05520928823642564,0.7,1.0,0.0,87,35.5114419677657,70.40581610715397
8,34,0.18560320100799882,0.21603059543511438,0.2832278826101674,0.40984471224443714,0.13992590475084285,0.11512841815209544,0.05654096550153241,0.05520928823642561,0.7,1.0,0.0,88,35.32995078292441,69.41254791068172
8,35,0.1855917101101781,0.2148881798128064,0.2820114147820724,0.42962188022534625,0.14110801835042103,0.11560950906747273,0.056753867270522354,0.055199301137423495,0.7,1.0,0.0,89,36.57001391548208,68.2880564282199
8,36,0.18567042229995928,0.2129163253437603,0.2799050878241959,0.43870866413985615,0.1418730503019682,0.116195170804686,0.057433871443251516,0.05605652733639484,0.7,1.0,0.0,91,37.223736900458725,67.92866464158774
8,37,0.18561017136003854,0.21271429074242637,0.279693869522425,0.4638032296826279,0.1392083767138272,0.11637637978398137,0.0573163981599074,0.05560792444766094,0.7,1.0,0.0,92,37.27886907907676,67.91297356213472
8,38,0.1856281903684827,0.21938626216032533,0.2974192836839853,0.4723036802938068,0.1390271254607462,0.11648205125606974,0.0572924818486731,0.055945981276852616,0.7,1.0,0.0,93,37.28766032024002,67.89099469807294
8,39,0.1856048965558016,0.21936033627764517,0.2973933960531626,0.4853629689081857,0.13881592627347894,0.11640779809572954,0.05732242914764528,0.05557121398009216,0.7,1.0,0.0,94,37.32218874332971,68.52706451459771
8,40,0.18409532567419098,0.2175010966874026,0.29551090223225357,0.47766267847287697,0.1385251067440655,0.11463650638529688,0.05722412840115191,0.055260087155605896,0.7,1.0,0.0,95,36.61446629634671,66.84662194922457
8,41,0.18464740336512417,0.22468203471723433,0.31374367441455353,0.4748352148909456,0.13833894125075757,0.11572039454429653,0.05706174630698382,0.05529696812085606,0.7,1.0,0.0,96,37.28389260619583,67.85018718323852
8,42,0.19333019433115478,0.23925887950501004,0.33932385636143964,0.5211609541648756,0.1484405992095682,0.11157435254788697,0.06906083193409285,0.09910061395436026,0.7,1.0,0.0,98,33.79615820665767,73.84857984503549
8,43,0.2053528988002517,0.23258468013280792,0.31019191931025275,0.48343753936805045,0.16963936615537728,0.11177858767969302,0.08348264775877288,0.12168311326281675,0.7,1.0,0.0,100,34.1032756877655,73.5481856970696
8,44,0.19847746905530267,0.2379068252364393,0.3375492523765411,0.5490203102358584,0.15633577387161518,0.11378053867010784,0.07578318576254596,0.06666041847606871,0.7,1.0,0.0,104,33.5490347187626,69.84182220673381
8,45,0.19873193456441632,0.2445622179348152,0.35524167805472756,0.5508871983197884,0.1563113071895055,0.11438539675384515,0.07576542770823859,0.06483510439368396,0.7,1.0,0.0,106,33.49094339063762,70.00087606351477
8,46,0.1986253344648108,0.24423085548355328,0.35489588628099533,0.550833186166275,0.15617076588030807,0.11438539675384515,0.07576542770823859,0.06483510439368402,0.7,1.0,0.0,108,33.42091451334382,69.45024294862216
8,47,0.1789387448611326,0.242827437540869,0.38654433169211583,0.5759122106110468,0.13815218737108384,0.11846813556892326,0.05410612854659528,0.05289009164380106,0.7,1.0,0.0,113,39.658784719409134,70.11599912170931
8,48,0.1867429068062764,0.25191925183737185,0.4063445094098249,0.6335156028258161,0.1635018954459952,0.11742547925848981,0.06516897609548147,0.062169630478717944,0.7,1.0,0.0,114,36.31151428329292,68.45778368619465
8,49,0.25214871937076955,0.3707962342224662,0.6136641115043037,0.8534591049076364,0.21293129264719624,0.11585672168044381,0.1318019109177998,0.14987879730543968,0.7,1.0,0.0,142,35.62851146102866,59.090054435192265
8,50,0.2379251296893183,0.3501688884597581,0.6032603317294803,0.8630884143419302,0.24307854975205523,0.1098335808706656,0.12767680579635593,0.13807041151624852,0.7,1.0,0.0,143,36.13264749513768,61.42797201367605
8,51,0.23625141254250337,0.35450250805271666,0.6186067520809553,0.8981130288863852,0.20354260852966244,0.10846115778043645,0.12727439406425728,0.133024950611986,0.7,1.0,0.0,149,36.20461264682904,61.58691097481561
8,52,0.23580198629720905,0.3530171184506489,0.6170563003246943,0.8978709134676439,0.20470017727270992,0.10846115778043645,0.12727439406425728,0.133024950611986,0.7,1.0,0.0,151,36.21950267433199,62.84517785074358
8,53,0.2110694836439408,0.34702126959717516,0.6441432442067957,1.0165986433924539,0.17926285323307667,0.1267048771218787,0.09039496471028184,0.09429051195818366,0.7,1.0,0.0,175,33.90722056656872,57.058643127046935
9,0,1.0,1.0,1.0,0.13326905694531777,0.0,0.0,0.0,0.0,0.7,1.0,0.0,1,126.19825942009996,174.08179202879575
9,1,0.9156482360128008,0.9882641157249045,0.9849867347761493,0.1877182447896461,0.13858820289747406,0.0897684570625543,9.224456070404e-05,0.00018754947779807998,0.7,1.0,0.0,3,107.28502631468498,154.77987475949308
9,2,0.22390875733877733,0.3180890454878845,0.29495702362612375,0.10828707778311082,0.8040192443263465,0.11480565054955612,0.00994395746286601,0.02021782113950782,0.7,1.0,0.0,5,27.02647651702055,62.2571742631762
9,3,0.19889334543106232,0.27752622815595274,0.2530894961019912,0.10115954408874399,0.10950792302857566,0.10636095964173622,0.00501744009359571,0.01017533378593479,0.7,1.0,0.0,7,24.399869895850035,60.135510377659024
9,4,0.1923337946013193,0.2617091048463269,0.23652296715964663,0.10388071015493705,0.09802456474753733,0.10672032710503276,0.00602130763643762,0.01221637373453945,0.7,1.0,0.0,9,25.24511986785153,59.0724330721233
9,5,0.19192529064749425,0.26759390857358306,0.2534314827379444,0.11146314972096469,0.08145057213928508,0.10661934297081119,0.00603216608405059,0.012232238921565799,0.7,1.0,0.0,11,25.326364494298343,59.4220394347372
9,6,0.19072502511573278,0.2569903821976219,0.23155713882159631,0.11224948780792929,0.09149280598345366,0.10796742413293976,0.00606482924986871,0.012957080493506721,0.7,1.0,0.0,12,24.119188390079668,58.31706884923688
9,7,0.19896332561732755,0.27435189916613995,0.2706936317320882,0.12493305303504561,0.10904614380950291,0.11459321520215363,0.013100177124636361,0.02187222589563838,0.7,1.0,0.0,13,28.1560228042014,54.02261569746743
9,8,0.19946011377045736,0.2742278488662906,0.27052047094158327,0.13243321671714112,0.09660105876089763,0.11450964188746635,0.01415195116296796,0.02168462471416,0.7,1.0,0.0,14,29.23248519161049,54.65191981852836
9,9,0.1807944549819118,0.2484220705270448,0.24416219107787632,0.11956450616096578,0.10657453287495304,0.10640541002319237,0.00660742240929693,0.011002541077776951,0.7,1.0,0.0,15,27.835140609242096,56.83125877426437
9,10,0.17949068869823903,0.2516955784309563,0.25832982921911396,0.12379563085623796,0.08513736914025818,0.10638231155663376,0.0069051997804161006,0.010947444660911609,0.7,1.0,0.0,17,27.480673802047484,57.10296646209716
9,11,0.1797231724205131,0.24308580791048606,0.2385008153845168,0.12749149415503275,0.09063162990601384,0.10889085734480719,0.006942710800288141,0.01105887027490612,0.7,1.0,0.0,18,26.808277144327747,57.25380427118567
9,12,0.17973700443171,0.24977895583625911,0.2562483628959882,0.13739640398335193,0.08327837350365423,0.10895886716936928,0.006937832058162929,0.01105558519921614,0.7,1.0,0.0,20,26.788622721679666,56.90851905754904
9,13,0.1828511753694316,0.24396850651098873,0.23921290713379523,0.14149848472074278,0.09564310238958111,0.11560885710355188,0.00699929913718578,0.01212418152032279,0.7,1.0,0.0,21,26.81017796364671,56.49472932972126
9,14,0.18214647037799095,0.24161322741948085,0.2367333303024655,0.14932643981100144,0.09032303855100499,0.11624050306107267,0.00703854371127825,0.01210170929491802,0.7,1.0,0.0,24,26.358308597292098,56.63306442174391
9,15,0.17605190850328536,0.24301630305269162,0.25980760448033313,0.15618549501672815,0.09333129755153495,0.11257087481614654,0.00769406894003428,0.011496890646681,0.7,1.0,0.0,27,27.067829972126127,60.07968881642245
9,16,0.17807573905717272,0.24460424168047556,0.26136288467849106,0.1661987449956019,0.08956873717087656,0.11595140163967824,0.007653822469899809,0.01150459657949936,0.7,1.0,0.0,29,29.05639272970977,60.50029280854665
9,17,0.1779451414342828,0.24389207777113825,0.26060737744661516,0.172122351183812,0.09108239320546505,0.1162337186266041,0.007726846217300069,0.01174152913056277,0.7,1.0,0.0,30,29.25552695773284,60.64388903072872
9,18,0.1778562390718817,0.25031740152422793,0.27807549730231074,0.1889855838024633,0.08949210640985003,0.11631946990379456,0.00771874821613158,0.01178163360444342,0.7,1.0,0.0,32,29.23540709979616,60.66891558097256
9,19,0.17720940451028364,0.24882766802441209,0.27652315398172705,0.20041269021547825,0.09051316145684249,0.11612283175074208,0.00778787005569072,0.01173691420072901,0.7,1.0,0.0,34,28.857946921439783,60.4586684605272
9,20,0.1821581015922949,0.2585571005298002,0.2866080228052439,0.2027576011273735,0.09834953207272175,0.11406171732084205,0.010862207708272679,0.033881524024973804,0.7,1.0,0.0,35,29.962575210727,61.45202952132553
9,21,0.19247574521348276,0.2879708212392675,0.3596755281511027,0.2499944388409862,0.1068993242488476,0.10120295848794725,0.03554028154696753,0.04069913227929229,0.7,1.0,0.0,40,28.43829418939833,59.146403377634535
9,22,0.19480877085100207,0.28969431058888584,0.36135441628858533,0.25289367083332753,0.11015975371286985,0.10424224756703401,0.03615639737478215,0.03889355044424558,0.7,1.0,0.0,42,28.16547245250145,58.96592602458193
9,24,0.19403652369701885,0.30078164855491163,0.39444125050768697,0.28406969518185987,0.10960232149161966,0.10439663405489721,0.03633193656162491,0.03948037680372636,0.7,1.0,0.0,46,28.19949377525605,59.00745724766072
9,25,0.19312289769918944,0.29952886740600787,0.39316399549037634,0.29319539534075517,0.10928452385531573,0.1038554685869563,0.03602022114211166,0.043453149821360795,0.7,1.0,0.0,48,26.844257707306195,59.49293836414384
9,26,0.19700895801168483,0.3028298505966995,0.39642234650813285,0.3071926981675377,0.11365318623753436,0.10856888074322173,0.03699621827910854,0.04021617835591732,0.7,1.0,0.0,51,28.63570622198641,62.22059895328766
9,27,0.20643359977102882,0.30118648522568214,0.3834049003886366,0.3183077493278126,0.13986985299532606,0.11118956889498388,0.04743969517529535,0.02170430060825331,0.7,1.0,0.0,52,20.06129023616286,69.66459086965033
9,28,0.20597364900037218,0.2932959168550072,0.364405290719513,0.321367137943785,0.1264582291959844,0.11118956889498388,0.047439695175295296,0.02170430060825335,0.7,1.0,0.0,54,20.466655187673098,70.62525546185755
9,29,0.20626615932164563,0.29434710127121105,0.37608582467339363,0.3433823598060563,0.13331481163168746,0.11150998720487407,0.051303597458759474,0.01597303761592506,0.7,1.0,0.0,59,20.214578954729795,69.85722981611941
9,30,0.20619795201685143,0.3008892541223943,0.39367771813586006,0.35366563120031813,0.129539945526035,0.11150998720487412,0.051303597458759474,0.01597303761592507,0.7,1.0,0.0,61,19.75201772471327,68.88515400598972
9,31,0.23649570521861757,0.30876390310577856,0.3682183467134899,0.3664680797644399,0.16852775925742913,0.12781590437539925,0.07160005540327845,0.09158317652977964,0.7,1.0,0.0,62,27.017776734137847,86.52127769348563
9,32,0.2364512390398003,0.3153667510594202,0.3858737171648464,0.37272116784123377,0.16118903543128493,0.12781590437539928,0.07160005540327839,0.09158317652977979,0.7,1.0,0.0,64,26.777341612743022,86.10356660210829
9,33,0.22271596157371945,0.3069254641313802,0.38838890584343255,0.3701072278701881,0.14977291776300686,0.12188250376661539,0.06289842565670081,0.0949094211528686,0.7,1.0,0.0,67,19.555392798574594,61.398169451368965
9,34,0.25079326115583156,0.3416272288184312,0.43414131998553496,0.4128601087865952,0.17666170819557614,0.12054337084018216,0.09197143957151924,0.08680576096029712,0.7,1.0,0.0,68,30.74320319899537,79.48680554109137
9,35,0.33154040225714304,0.420435011829287,0.5128119462734334,0.5450781344665179,0.26145384680051587,0.10932069279797021,0.1817619202436639,0.01743728052913747,0.7,1.0,0.0,70,26.081896584413546,58.502348153686405
9,36,0.32977602633686137,0.4174099304752124,0.5096981571914899,0.5571675189135034,0.2583154575641443,0.10781584424139404,0.18181695717886648,0.01738293912614681,0.7,1.0,0.0,74,25.592471487667737,57.56730803892139
9,37,0.3161432404459142,0.43019728243074506,0.5561019242065157,0.5473685921048811,0.24420940289540305,0.1089405272353073,0.1635447335342333,0.15332380138642354,0.7,1.0,0.0,79,23.481166301232044,67.7895762945567
9,38,0.31830373820904256,0.42868014863095966,0.5543235181906152,0.5578287987398873,0.25128034356103424,0.1090510200341172,0.16790411624486118,0.15399266664727213,0.7,1.0,0.0,81,24.01087893080635,62.836692082143145
9,39,0.3183037381721098,0.43539926051397415,0.5721002313942148,0.560561710914071,0.24423986689291444,0.10905102003411722,0.16790411624486137,0.15399266664727207,0.7,1.0,0.0,83,24.010878803070533,62.836691617642096
9,40,0.3240686560877689,0.44832363867187824,0.5961133892584429,0.5774127021129104,0.2502902462700628,0.1091576813289136,0.17332626833300385,0.15977704437281065,0.7,1.0,0.0,85,25.315314776627343,70.56203758465611
9,41,0.3630479249049721,0.4664924032940603,0.6128336092978142,0.7101075976551388,0.30242741585510474,0.10296545777270164,0.2288266049269116,0.03987268455927525,0.7,1.0,0.0,98,33.59073156782402,65.77589142659438
9,42,0.3954571965086345,0.5319950380069143,0.7335904148434081,0.7685369616797868,0.3351104052188358,0.11061653508109119,0.2561503533080194,0.04446873746285175,0.7,1.0,0.0,99,27.87652381717598,57.61925422168935
9,43,0.358150527003568,0.4509246877904143,0.5965427545234812,0.7226594898427122,0.3124319348559743,0.10330303437698478,0.22949925560763185,0.04248991983039715,0.7,1.0,0.0,102,35.376836317760905,61.97644770396326
9,44,0.35683697214159593,0.41360970078434134,0.5037786461681117,0.5904975348328811,0.3032478745175493,0.10329094157783784,0.2294603466747956,0.04241554467702276,0.7,1.0,0.0,107,34.4151463730041,59.18497558995672
9,45,0.3567259844948736,0.45352096467528735,0.6100161172359434,0.7449514028436688,0.3026889915215188,0.10330274216469344,0.22949220421705432,0.04248849147286475,0.7,1.0,0.0,108,34.34988202189688,58.69357927766679
10,0,0.9202537151389599,0.960871343812124,0.9591537851047917,0.12695064259645666,0.0,0.0,0.0,0.0,0.7,1.0,0.0,1,175.1353855664,184.09551782726948
10,1,0.8462387159402566,0.949702995113572,0.9446687478656518,0.1827184313193969,0.1409593920726844,0.09186387960878481,8.864721819816e-05,0.00018449010311938,0.7,1.0,0.0,3,151.2580927019563,164.1987665106601
10,2,0.2068951417411207,0.2752860915927359,0.25002147867187696,0.1044644453953496,0.8183948686622755,0.12028897587716336,0.01188890030569537,0.02474284571988149,0.7,1.0,0.0,5,33.799880019934946,57.73610758537001
10,3,0.19004812591296683,0.24448526792615627,0.21812935468174116,0.10266813299448527,0.1153400750710951,0.12022722375548353,0.00599086880572234,0.012427715478844619,0.7,1.0,0.0,7,33.4917210417556,59.64405476576631
10,4,0.1974298551707271,0.26157358333763203,0.25704704610082846,0.16500065351070103,0.10142441720790826,0.12734072743135247,0.01118069501480057,0.03830503273645755,0.7,1.0,0.0,19,29.734048472527565,60.59433986962174
10,5,0.19526506685581563,0.2631295104912061,0.2694338264743052,0.18033178524865623,0.10552576738420967,0.12734072743135244,0.01118069501480061,0.03830503273645757,0.7,1.0,0.0,21,31.96976744948712,63.80889477916528
10,6,0.19204928287681988,0.2391433667348346,0.21222859848137585,0.13967630039977186,0.09968281514924503,0.1243782051664073,0.01048043494917834,0.03487348017824943,0.7,1.0,0.0,22,31.04013335252451,62.531383055696125
10,7,0.19195648988021718,0.24564061341223875,0.2297737083509256,0.1474847159664906,0.0977699425712599,0.1243782051664073,0.01048043494917832,0.034873480178249414,0.7,1.0,0.0,24,31.60769894825373,63.3433310609313
10,8,0.19087478758209636,0.2366983353753363,0.20968766269966524,0.15487395388130448,0.10127354615769825,0.12344929675876684,0.010870663163547619,0.03587945495092499,0.7,1.0,0.0,25,28.69750562602968,61.57214825073334
10,9,0.19027605383003826,0.23573282754098215,0.20869470261108508,0.1625153728693978,0.09820941704831268,0.12334148633532811,0.01060705349726222,0.03487274437641174,0.7,1.0,0.0,26,29.03775553463392,62.16364727917805
10,10,0.19015297709289516,0.24132769877439886,0.22527197081265235,0.17362853622295282,0.10100006095754765,0.12352683442924439,0.01106504016310263,0.0366225469604128,0.7,1.0,0.0,27,30.09757823142873,63.74167049811336
10,11,0.1901519306979136,0.2480441449941296,0.24304587840348396,0.1710264135300223,0.0975364651017754,0.1235268344292445,0.01106504016310267,0.03662254696041287,0.7,1.0,0.0,29,30.046229339648743,63.66350228001325
10,12,0.18980984149871402,0.23952774680841654,0.2233630112748193,0.1958067903587088,0.09989703489973176,0.1202345345644323,0.014055531640018751,0.045548838437201936,0.7,1.0,0.0,32,31.530295995976505,65.87604320412761
10,13,0.2015981050837477,0.24912420356869114,0.2327959912507458,0.21191350522779037,0.1190890069470034,0.12381096545001251,0.02487323859175666,0.05448927988295197,0.7,1.0,0.0,33,31.037350344818588,64.90292774159786
10,14,0.18681738608973714,0.24622764207867953,0.251899179063101,0.18630881853816136,0.10316717398185096,0.1201246981096455,0.01374902993086501,0.0485965645445237,0.7,1.0,0.0,34,32.09787238408078,64.29539263371188
10,15,0.19619234373736602,0.26708276181007695,0.2947243920521929,0.21108807388826079,0.11524800877751669,0.13692840930284708,0.01270526466536794,0.07165479355435131,0.7,1.0,0.0,35,41.13779040703854,72.04713971389303
10,16,0.1887250602816358,0.24522695685081325,0.25068337772309146,0.20689005286707843,0.10496836701684573,0.1275674159799232,0.01243690605407435,0.03051381866579637,0.7,1.0,0.0,36,33.12845795606965,67.0830110436644
10,17,0.3702593708108467,0.4025703013086832,0.38512791768887955,0.3925834920847363,0.3357306343652069,0.1342064039711408,0.1964245650519883,0.3412340925509473,0.7,1.0,0.0,37,36.36045969428913,72.23618700639236
10,18,0.3696011137197792,0.4058884198474616,0.3993065240124889,0.4051905317605952,0.2949940601543757,0.13450246336058325,0.19730858792118627,0.34424709526859776,0.7,1.0,0.0,39,35.12253219601248,70.44499145561424
10,19,0.37020656151319464,0.4114588542533144,0.4158089376833566,0.4133050969814297,0.294956933591948,0.1349419768620799,0.19871271274737282,0.3490595137199679,0.7,1.0,0.0,41,34.98074128794131,69.87552822682562
10,20,0.3651866826414638,0.38870311739738883,0.3706320271057051,0.40836175367500704,0.30030452650292605,0.13526033636089196,0.19614203223998664,0.3411345870826342,0.7,1.0,0.0,42,34.71461646056123,66.43210773222509
10,21,0.364572989130572,0.402007435846237,0.4060858420662218,0.41461274711776386,0.2940206243766754,0.1343646794150755,0.1958585585652435,0.3391598392419259,0.7,1.0,0.0,43,34.5621033299809,67.57822663464414
10,22,0.36195407290049325,0.3827154145417363,0.3750363652961179,0.4237581055743418,0.30456215288430877,0.13892046235253713,0.1960403432891873,0.3376371421635792,0.7,1.0,0.0,46,34.12485082087716,72.41383894165843
10,23,0.3617548993252327,0.39271041587422917,0.406921101863053,0.44859487220613475,0.296638598904929,0.1396215688633583,0.19724205419059354,0.3410687838091841,0.7,1.0,0.0,50,34.281245255204695,70.2792651622648
10,24,0.37667979610229096,0.40343170494526165,0.4173521921209472,0.4680555917672107,0.32535763443529786,0.13213306305480027,0.21981778267928426,0.3636867005732304,0.7,1.0,0.0,51,38.506239151899095,70.95756198534086
10,25,0.37570234880306536,0.40922836448854183,0.4342101140147882,0.47456852606146593,0.3122951140074523,0.1319206037207558,0.21895916075034721,0.3610929780130031,0.7,1.0,0.0,53,39.43958761649036,72.41702676545526
10,26,0.37512300865679116,0.4143427470747893,0.45031187639551884,0.4936895503426494,0.3123509861323079,0.1319206037207558,0.21895916075034724,0.36109297801300294,0.7,1.0,0.0,55,37.42433540164202,70.26121882577384
10,27,0.37664447647397004,0.39404957282867603,0.40733186288339585,0.49600014153401084,0.3248400098510859,0.13874976892517898,0.22034412441072507,0.36564832936691,0.7,1.0,0.0,58,37.62611404169012,70.88100231800925
10,28,0.39084929308434657,0.4254817272303819,0.46113694991330556,0.5168427469147421,0.33084476100382476,0.12672887940576888,0.2408845275675299,0.3969291330016964,0.7,1.0,0.0,59,39.88552483569729,71.44989086754403
10,29,0.3907439211836392,0.4386240630153182,0.49638140885775495,0.5475643865851287,0.3296760411825247,0.1267288797168253,0.2408845279931855,0.39692913450946377,0.7,1.0,0.0,63,39.41778789894563,70.9566464790701
10,30,0.37246893226109334,0.3987342025742071,0.42321921022885434,0.520015571575433,0.31410901585833356,0.13019741877172916,0.220984713378256,0.35840421400742095,0.7,1.0,0.0,64,37.21320593848496,74.14171915107103
10,31,0.36986010964012783,0.3925282340704813,0.4167693689968234,0.5214787556298563,0.3221246727998288,0.12916969139828108,0.22105544682932282,0.3564925680030232,0.7,1.0,0.0,65,38.95678046579324,78.31058915577711
10,32,0.37098802433703687,0.38997666531018815,0.4139699790211053,0.5236658001553489,0.32006170030960046,0.13129359737792995,0.222668965197714,0.3628744602768725,0.7,1.0,0.0,66,37.96220682143751,71.2718282225872
10,33,0.370888505588642,0.3898261985627972,0.4138159232411419,0.5326056537560178,0.31481151495572374,0.1312725628209521,0.22261134707952115,0.3627002978242265,0.7,1.0,0.0,67,38.019908992680506,71.35158083313128
10,34,0.36998138985884726,0.3958175265656556,0.43087667250087913,0.53691479150878,0.31505386824532544,0.13097612580233756,0.22181917145746186,0.3603144718977668,0.7,1.0,0.0,68,38.89587459559292,72.52539666317337
10,35,0.36374166035792177,0.3862924054158937,0.4211312490173852,0.5346704492411758,0.3202401877708801,0.12791285009549058,0.21945717211257074,0.35973718264960686,0.7,1.0,0.0,69,39.1614615001206,72.51214773776017
10,36,0.3654571158560176,0.4004706610451302,0.4573599364347478,0.5624018924828935,0.31167695843639015,0.12964941977920935,0.22046658469719996,0.36185747676368496,0.7,1.0,0.0,72,37.587645884811,71.47031246468451
10,37,0.39711148857339007,0.4170759640813458,0.45174220089741235,0.5935056669052425,0.3445384648584864,0.13047859642678059,0.2523788172507684,0.3983462769143275,0.7,1.0,0.0,75,38.35204045547485,70.49025431450873
10,38,0.39705314102418265,0.4205690084759391,0.4660822125981342,0.6064379927524188,0.3473145482280737,0.13289125726542433,0.25226351644304934,0.3983514936494124,0.7,1.0,0.0,79,37.5966260908109,69.49576552255253
10,39,0.43867899721212733,0.48121279731817934,0.5598234402827738,0.6604065228529921,0.389837900520953,0.12774103527277977,0.29807591320621557,0.42600709856328056,0.7,1.0,0.0,82,40.06057943267058,74.61800641357202
10,40,0.37672161347411715,0.3923127844092682,0.42668843226396513,0.5923442495530796,0.32913554551540797,0.1320547675421074,0.2331330051905025,0.36981586072983863,0.7,1.0,0.0,83,38.11708674409842,75.23380329958817
10,41,0.3744142206876747,0.39200281197372716,0.4371243440489264,0.6007227739885787,0.33846798679448536,0.1320565944084495,0.23320335390012992,0.3774854013314074,0.7,1.0,0.0,84,38.60127237601305,76.02855011283347
10,42,0.3919645944768881,0.4217616526529072,0.47830353468036146,0.6382490253582647,0.3462117827866956,0.12361869988532585,0.2538903587545738,0.3766204687693952,0.7,1.0,0.0,87,40.227604719599626,74.690812003122
10,43,0.38832023515123043,0.3947417967888701,0.43913427677469163,0.6611018135782984,0.3465223582576634,0.12835505453005314,0.2551448049588512,0.3926204377814341,0.7,1.0,0.0,92,40.61861191340997,70.02738899536659
10,44,0.3886063703295268,0.3930054841500362,0.43726707497850975,0.6747058007533658,0.34718530171572676,0.1291373326171938,0.25584213446526716,0.3951990578559699,0.7,1.0,0.0,94,38.91968847750015,67.60739578033373
10,45,0.385403592981193,0.38872479793645165,0.43291679618362255,0.6749502637277992,0.3494889382808151,0.12747290726755106,0.2543126156502145,0.39018283103200807,0.7,1.0,0.0,95,39.23679245407909,67.98637357837161
10,46,0.3875157189169728,0.3969136440493686,0.45212183273769657,0.6835053132136595,0.3506308190676762,0.1306719917719554,0.25448950624375755,0.39477482799355385,0.7,1.0,0.0,96,39.99949632875423,68.96765490919387
10,47,0.38729654843090117,0.4029435794480446,0.46917925696774,0.6959813783891702,0.34655042482210985,0.1306719917719554,0.2544895062437576,0.394774827993554,0.7,1.0,0.0,98,39.62310182468868,68.63872672885584
10,48,0.4188250905017239,0.4214099719561667,0.4655544793749001,0.7295880450972876,0.3773999754118256,0.12814830256078075,0.287607272257837,0.4170951817853076,0.7,1.0,0.0,104,38.023256950175465,72.90235521073653
10,49,0.38553542575224226,0.39230061978483666,0.4473393594696772,0.7276294001706746,0.35235434588458353,0.13233059017966212,0.25257452332449204,0.38852837461849055,0.7,1.0,0.0,105,37.59834225751833,66.65899409019475
10,50,0.39481147182907694,0.3906330494646484,0.4343434194626152,0.70409811813156,0.36935578896226073,0.1347047803543155,0.2621332968075528,0.4037195432258066,0.7,1.0,0.0,106,40.49417057487727,72.45536505717799
10,51,0.3908205515805041,0.39238730195257543,0.44709303530054456,0.7147578677638295,0.3548793981135791,0.13277379049807403,0.2599378530767012,0.40833805057705674,0.7,1.0,0.0,108,41.185071786871184,72.67052122753412
10,52,0.3958142418545267,0.3937332154432559,0.44820651944139883,0.7073600369428215,0.3621495696287102,0.1362635549248203,0.26413534885206547,0.4013867100812011,0.7,1.0,0.0,111,39.697409342517126,71.1516084169706
10,53,0.3972546654881311,0.3935208433465632,0.4478892986809317,0.7590405059944809,0.36235957486797465,0.1327056850759458,0.2688047906660552,0.4056479224309322,0.7,1.0,0.0,121,40.890031970322966,73.56061783903502
10,54,0.30937188058889714,0.4484887949033325,0.7033032841495335,1.1270564641390046,0.2636533054077361,0.10915087075791108,0.18721677098723527,0.18192671359878407,0.7,1.0,0.0,178,29.212878103701847,79.11410842435922
10,55,0.3475105335265483,0.4853390863037729,0.7400694559938947,1.1770829027994432,0.3038027347489781,0.1103579710900086,0.22513521818879273,0.19387169260987086,0.7,1.0,0.0,181,30.27010297113621,75.63874330066795
10,56,0.33383026611646294,0.4374172437442576,0.6368176093044065,1.0324052158232295,0.2891506243459134,0.10896859940759529,0.21273969864700543,0.16676199081395326,0.7,1.0,0.0,184,29.33275666452217,76.35269915040338
10,57,0.34450981158257366,0.49617329426297224,0.7730445943069468,1.1971301667700092,0.29960015797479467,0.10735698098343989,0.2240431939729149,0.21079041558870482,0.7,1.0,0.0,185,29.940966412600574,75.2748181373229
10,58,0.3475499200044054,0.49859917926400943,0.7754308283714129,1.2080353529203076,0.3029341520863039,0.1100632961533288,0.22548611014702197,0.19281879137370844,0.7,1.0,0.0,186,29.79915400134736,74.73679283213868
10,59,0.22962511239632635,0.36336807060978743,0.6497167481913144,1.1171033617353598,0.1969115967751639,0.10869379703669002,0.11958615066170668,0.15558646273912222,0.7,1.0,0.0,188,35.31714749581964,89.83105070234174
10,60,0.22962510858042084,0.37008718225194315,0.6674938118556514,1.1249968384851972,0.1956718521443825,0.1086937965484737,0.11958615076259956,0.1555865091072712,0.7,1.0,0.0,190,35.31714874379215,89.83105424870251
10,61,0.2296187671523422,0.3767853789307317,0.6852484308586978,1.1398199489053547,0.19569283172435314,0.1086937965484737,0.11958615076259951,0.1555865091072712,0.7,1.0,0.0,192,35.28164843969986,89.75402061627311
10,62,0.22960587723181333,0.38346264947795516,0.7029816461370446,1.1414333451867182,0.19570060407594264,0.10869379788175355,0.11958613890196412,0.1555865090898984,0.7,1.0,0.0,195,35.177851649056244,89.52794054088156
10,63,0.2772697412485931,0.40612234467650077,0.6602715901432427,1.1238964657442467,0.23862006310085163,0.10895297488006206,0.16014129818334585,0.14981327110632653,0.7,1.0,0.0,197,30.569937328076804,74.94852431583597
10,64,0.3397104174629667,0.465742849123039,0.709086021986934,1.1859309104920457,0.299271552028228,0.10809504098974827,0.22134967702316946,0.1911338744429436,0.7,1.0,0.0,198,29.42419195968736,74.22309871309595
10,65,0.3398679684377838,0.47249087928237576,0.726883529961852,1.2011695147830028,0.2974180654086491,0.10780572438589058,0.22177078911737627,0.19063965926186438,0.7,1.0,0.0,200,29.251218331438405,73.96269689723063
11,0,0.9767330215625839,0.9888768022703249,0.9883882701538566,0.13147300423510724,0.0,0.0,0.0,0.0,0.7,1.0,0.0,1,141.6795171984,168.77559893753048
11,1,0.9032514211640094,0.9839802320371721,0.9802702356775631,0.19170195077961188,0.1428837238782758,0.09772284410060231,9.340164685692e-05,0.00018139995817511,0.7,1.0,0.0,3,127.92932813685964,139.2786190961576
11,2,0.371537052585649,0.5499836266641425,0.5361996597091624,0.17222463739785876,1.0849078881694307,0.1231764528624848,0.02300396351233782,0.03513327331836173,0.7,1.0,0.0,4,73.46653800862269,84.65100995789372
11,3,0.21316827189260287,0.31524461331340187,0.2927380809411345,0.1078824158198597,0.47909379548958064,0.09774947835106149,0.00479108062715365,0.00845712087512218,0.7,1.0,0.0,5,46.12968329544488,62.1043162002915
11,4,0.19817873918349535,0.2528319124741927,0.226492775142725,0.11492038367136116,0.2719001319658663,0.12317323841561349,0.01189718900743077,0.0196193470506551,0.7,1.0,0.0,6,43.77155078228194,57.10637665177255
11,5,0.18602364919715994,0.2357077516801449,0.20898909112867328,0.11492635574292946,0.09840523691826582,0.11873894003454324,0.00652506392541156,0.01065411908737485,0.7,1.0,0.0,8,41.05812780082108,60.24957941077456
11,6,0.18282782820033908,0.23563075197407016,0.21969741781448246,0.12396700080619405,0.10161939146492646,0.11865179897395636,0.00599253943778214,0.00986373288633125,0.7,1.0,0.0,9,39.8615306436455,59.13597403732347
11,7,0.1827514823403271,0.23528573694653976,0.21933198984316288,0.12400830652706321,0.09009819107687714,0.11886534963558579,0.0059587885931414505,0.0098172700150692,0.7,1.0,0.0,10,40.43155607669958,58.19137553804346
11,8,0.18189214493363884,0.23256375655666925,0.21647020104697803,0.13356725411811662,0.092880629530081,0.11906981631323085,0.006286941091730509,0.0111782761855705,0.7,1.0,0.0,12,38.43047114029714,59.15726168066688
11,9,0.18462118009491216,0.22667081379109705,0.2099366722727848,0.14115339038709016,0.1131451156330729,0.12348391186286829,0.01189802276642103,0.023296207334833268,0.7,1.0,0.0,14,40.067073859420894,53.5883847753189
11,10,0.18462118009491216,0.22667081379109705,0.2099366722727848,0.14115339038709016,0.098336993139831,0.12348391186286829,0.01189802276642103,0.023296207334833268,0.7,1.0,0.0,15,40.067073859420894,53.5883847753189
11,13,0.17542151779297596,0.2115337133148402,0.20493935182666173,0.1571539338841399,0.09808304425818248,0.12378325372965449,0.01074316925463318,0.02220561180320969,0.7,1.0,0.0,22,35.93424171880361,53.26203871811126
11,14,0.1726645545016525,0.2083634162685267,0.2017393181866386,0.15967697163404296,0.09557991166339609,0.1270410012411996,0.0059672718630489905,0.01228409910683722,0.7,1.0,0.0,24,35.5536627827781,53.70575199276525
11,15,0.17362359778948425,0.20625902639589497,0.19941624027255822,0.17491422885877364,0.1078760346396876,0.12200191290196909,0.012374213964247779,0.01304188763541438,0.7,1.0,0.0,25,36.10227784956647,53.52370870402306
11,16,0.17291219945473385,0.21097445600674858,0.21509736963056925,0.1798455569558321,0.09998733146649423,0.12207344926532342,0.01241423222154865,0.01309021095485006,0.7,1.0,0.0,27,35.565428413527094,53.96728357201941
11,17,0.1725193750508564,0.209599352802405,0.21365255000524508,0.17980189746910324,0.10129673484452544,0.1221439313714684,0.012577911706902988,0.01335852747203491,0.7,1.0,0.0,28,35.78581184333425,54.2009994393979
11,18,0.17030389402514545,0.20627853980082536,0.21025336631765817,0.18098399388917163,0.10015470803829724,0.12314104370503975,0.01034244880859632,0.01726650942732922,0.7,1.0,0.0,29,35.46685898492647,54.81162056485308
11,19,0.24324753489018808,0.29811421975822927,0.33517258271100914,0.2836764368897832,0.17128937106836117,0.222318190133657,0.01463417756973385,1.0,0.7,1.0,0.0,33,37.63802519320113,115.4513404808813
11,20,0.2065062650568745,0.2610246883569095,0.2980585717401929,0.26587253233425046,0.13410518548128395,0.1803160198073533,0.00750595468639626,1.0,0.7,1.0,0.0,36,37.55933934343447,122.6117348261134
11,21,0.21579978434588368,0.26961348703450017,0.3065973014293236,0.281363965563345,0.1445970074089394,0.1937401060026705,0.00783038982077991,1.0,0.7,1.0,0.0,38,37.05708040270817,1235.794553603616
11,22,0.23496946515585307,0.2940473910089147,0.34198657281666206,0.30370373111942267,0.16821840632160578,0.2228401122697833,0.00750681269432215,1.0,0.7,1.0,0.0,39,35.8820807558342,114.87386332485276
11,23,0.1867300843468837,0.23065112924501846,0.2563548407013914,0.25373332406276383,0.11906602475520714,0.11839671312592012,0.03340622263648801,0.04762032241547423,0.7,1.0,0.0,41,36.72614498386211,60.41942881949281
11,24,0.18603984899723439,0.23640671229813154,0.27314860722519596,0.26250830276387094,0.11619882348839414,0.11821745750148785,0.03300431626710159,0.04701618929329067,0.7,1.0,0.0,43,36.24127097425786,60.43841432281192
11,25,0.2526141703114936,0.3224053548824228,0.39226353497050837,0.35466471583039194,0.18602220717194012,0.1111448866349096,0.1050841432259875,0.1276613287068589,0.7,1.0,0.0,44,36.58560361930096,55.74985607397071
11,26,0.2629136647186022,0.3220052637783054,0.3805337723369727,0.3859802255802519,0.20733119201787165,0.12052121824668016,0.11103985962343166,0.10311230759271557,0.7,1.0,0.0,45,37.6589817529248,51.919696310072695
11,27,0.24939850142470818,0.3202426817552819,0.40076875007859325,0.36950933399178554,0.1886318357406911,0.1111448866349096,0.1050841432259875,0.1276613287068589,0.7,1.0,0.0,46,36.72636730081068,54.472525425170765
11,28,0.25291320056157063,0.29085421456797655,0.33733459815063394,0.3704422056875969,0.21349720079010204,0.11857941301046296,0.11053469132099017,0.10033334676761171,0.7,1.0,0.0,48,41.602616303791656,54.10771376171713
11,29,0.2514605992101966,0.2934222735652565,0.3507780424330933,0.37971674824058343,0.1977205460862711,0.11857941301046296,0.11053469132099017,0.10033334676761171,0.7,1.0,0.0,50,40.47318813972403,54.87868027108587
11,30,0.26058952449866235,0.3070342775905213,0.37529692257901426,0.4060986386578875,0.20741463231752966,0.11870841366192506,0.12077598864314705,0.11298841636916572,0.7,1.0,0.0,52,40.8777640877651,53.12408439755256
11,31,0.26002971631086746,0.31882427973341787,0.4091290319993317,0.4363685002348967,0.20455613332833034,0.11870428185111563,0.12079423822761096,0.13307125784153703,0.7,1.0,0.0,57,40.495709213403714,53.374637341092566
11,32,0.47372183451543487,0.5239152838709413,0.6030361834847489,0.6402659614520729,0.42249812725909486,0.13247886886256882,0.32583859907423024,0.3492311384046593,0.7,1.0,0.0,59,34.63920536562047,66.13728936498954
11,33,0.5775502152209362,0.623254952950621,0.7020759879514074,0.7788721828995397,0.5262420224666606,0.09267112867504608,0.4598739358220166,1.0,0.7,1.0,0.0,67,34.267373029861695,62.00684884457377
11,34,0.6217846571449773,0.6664195371171786,0.7451695377446321,0.8334555294557158,0.5706207217585901,0.09341691279314028,0.5041361691272683,1.0,0.7,1.0,0.0,70,33.808261621456296,61.66130673127246
11,35,0.6064271020565536,0.668439855336754,0.7801783617515508,0.8621985902676901,0.556804729601063,0.09856880921704314,0.4865912438728433,1.0,0.7,1.0,0.0,77,32.9407077050161,65.7595930802184
11,36,0.6116579203206789,0.6666827270175267,0.7673450100058083,0.8691231131907509,0.5612559803762317,0.09125000928318663,0.4970901803523641,1.0,0.7,1.0,0.0,80,33.13261485565048,66.79468254129344
11,37,0.579792093292391,0.633362898544384,0.7339295504447094,0.8580541512091373,0.5313222051064406,0.081143206331367,0.4730371093687566,1.0,0.7,1.0,0.0,83,34.7367724727089,59.34939285930212
11,38,0.5729343447167682,0.6123782883984297,0.7014009541022449,0.8564789038656329,0.5490839656037008,0.08341265036997556,0.4682617019367303,1.0,0.7,1.0,0.0,84,33.49380667329907,60.31217697156477
11,39,0.5717344692336557,0.6154116081642208,0.7153301200952724,0.8745193113179824,0.5303677288311427,0.08341265036997556,0.4682617019367303,1.0,0.7,1.0,0.0,86,34.219215215162095,59.83083437635117
11,40,0.5755083012249573,0.62492337287939,0.7358357258193782,0.8785308572354611,0.5323708071000306,0.08306858438901257,0.4727496278533326,1.0,0.7,1.0,0.0,88,35.06182467717342,59.6991626785702
11,41,0.5975648357418811,0.659636521574393,0.7926130724736427,0.9325852275727237,0.5541122509884712,0.08152244143781222,0.49626436586632394,1.0,0.7,1.0,0.0,91,34.006820087813246,61.86349798335284
11,42,0.6082636896775436,0.6602732642871711,0.7819754623128197,0.9310690362642737,0.5756265284826118,0.08025047237181002,0.5094474072096683,1.0,0.7,1.0,0.0,92,34.12278022385183,60.88804633686917
11,43,0.6082636896775436,0.6669923761701854,0.7997521755164191,0.9500176268163927,0.5656228626138213,0.08025047237181002,0.5094474072096683,1.0,0.7,1.0,0.0,94,34.12278022385184,60.88804633686916
11,44,0.5926194763309307,0.6508915815314336,0.7836216979833162,0.941551212072544,0.5515583596817948,0.08640305866641128,0.4897125745672886,1.0,0.7,1.0,0.0,95,34.358978343679055,62.06946111817628
11,45,0.6126357466880982,0.6639683939692118,0.7962520848861573,0.959624902359409,0.5837553556776486,0.07976024495489051,0.5176135782038213,1.0,0.7,1.0,0.0,97,33.491270200027,64.73047224401496
11,46,0.6126357468154975,0.6706875058522263,0.8140291487913529,0.9823364670861305,0.5734461527984207,0.07976024495489055,0.5176135782038214,1.0,0.7,1.0,0.0,99,33.49126999824667,64.73047239685907
11,47,0.6120545150967048,0.6673056125048189,0.8104676528400395,1.0074075731538064,0.5755226766776911,0.08028818886216102,0.5179428445065746,1.0,0.7,1.0,0.0,105,34.19796293629883,65.1408738655286
11,48,0.571347989458118,0.6237576979052368,0.7667388086000948,0.9832959663919792,0.5359173283382926,0.09003223579007463,0.4717001337185248,1.0,0.7,1.0,0.0,112,35.57895423613317,60.50574168269592
11,49,0.5684633093954918,0.6240151867834104,0.7778269147521476,1.0227739342732436,0.5360591456381977,0.08521802304869035,0.47378333227033753,1.0,0.7,1.0,0.0,116,36.07741990256172,59.979454273342455
11,50,0.5462821510986452,0.5935805582149128,0.736237437827059,1.0027017543074583,0.5128333944515326,0.08438443418797813,0.45286485356790473,1.0,0.7,1.0,0.0,121,36.45348936940265,59.859827047354536
11,51,0.554142039334848,0.60622014690459,0.75981206153491,1.0347478795179663,0.5234666574960076,0.0888454232323467,0.4584519470933344,1.0,0.7,1.0,0.0,123,35.94519850174714,60.47010146703976
11,52,0.5783322749462875,0.6418262601146361,0.8174062229119251,1.088577289396346,0.5468902665381191,0.08206991421657978,0.4882656001643012,1.0,0.7,1.0,0.0,128,35.80214346019037,61.84435133389477
11,53,0.687434515790922,0.7620268233505818,0.9595747110164328,1.2430592130249027,0.656503422313135,0.08832712252538058,0.5939978123615397,1.0,0.7,1.0,0.0,138,34.62304278473525,64.33487358888068
11,54,0.7306560595657898,0.8036218332756542,1.001068111933321,1.3036889053205,0.7006879339125408,0.09265178847426374,0.6348893993526856,1.0,0.7,1.0,0.0,143,37.08925033784351,67.28994053964529
11,55,0.7306500854426823,0.8103210552095519,1.0188241337427522,1.3283297837055337,0.6997664941154452,0.09265178847426374,0.6348893993526856,1.0,0.7,1.0,0.0,145,36.87761402389325,67.55147844821205
11,56,0.704070626230745,0.7825749798202871,0.9910046716885901,1.299896641862401,0.6770351929110555,0.09132494786508985,0.609736101431916,1.0,0.7,1.0,0.0,146,36.61046904100666,66.26031773731302
11,57,0.6991190016002903,0.7669851098930875,0.9641126715868689,1.2933632754571263,0.6816793137179784,0.087310617440331,0.6092496867132524,1.0,0.7,1.0,0.0,147,36.53657840560398,64.94262470896614
11,58,0.6244469688787311,0.7384577632696703,1.012933064200067,1.3181204587491355,0.5961879036651586,0.08401021015823382,0.5372599057903992,1.0,0.7,1.0,0.0,168,34.348878117654145,63.21035887931384
12,0,0.9396613319531855,0.9706617098999658,0.9693739310176974,0.1285315778765712,0.0,0.0,0.0,0.0,0.7,1.0,0.0,1,162.6974129044,173.28407877396515
12,1,0.8555540397899117,0.9525917451952262,0.9479496381721789,0.17811852652037746,0.13578643719769443,0.08322635773869028,9.205020046089e-05,0.00014558212374388,0.7,1.0,0.0,3,140.72857813671888,158.51648287061874
12,2,0.3669127468822692,0.5483814077532833,0.535110387382731,0.16082001022538323,1.004897286598197,0.10478268241933172,0.02259152617813515,0.02976207654933883,0.7,1.0,0.0,4,62.97976893993202,88.23203132959443
12,3,0.20674444444845108,0.30213573793842347,0.2791025928524518,0.10479287911930807,0.5232598879522098,0.09639676152251904,0.00462254129843628,0.00452501605538806,0.7,1.0,0.0,5,47.23768646733456,71.21352524489824
12,4,0.1885470675982815,0.2626172329045717,0.2378087467198464,0.1093289351814981,0.11380119763748239,0.10091073999483005,0.00239548661258501,0.00238827027321808,0.7,1.0,0.0,7,41.73141423709991,68.00517896651198
12,5,0.1875567194570399,0.26719039250653565,0.253345773135247,0.1156179391389327,0.07517049019547196,0.10093828489469944,0.00235786230403568,0.00234640533747566,0.7,1.0,0.0,9,41.89968984946399,67.67611421321187
12,6,0.18353493584162797,0.25124392099411746,0.22592503821069426,0.12269390676737468,0.09253472202168839,0.10098574071492492,0.00259565703324332,0.00328013960388678,0.7,1.0,0.0,10,42.47761601421787,68.69818794297942
12,7,0.18353494689044117,0.2512441256159728,0.22592503778152775,0.12269393981485746,0.0732857347691845,0.10098574085578145,0.00259565650547725,0.0032801390170259003,0.7,1.0,0.0,12,42.47767705175018,68.69825158641379
12,8,0.18169321179142042,0.24748335154986956,0.2325431178811161,0.1376754837030296,0.08610930648690122,0.10298006896855345,0.0061869445043618,0.007629741612866831,0.7,1.0,0.0,16,39.355565548702415,61.70550473541358
12,9,0.17610773731374943,0.22755113935415086,0.20096615203469662,0.1382698140909463,0.09200240280634658,0.10336508335343111,0.00608411834705278,0.00824920765861998,0.7,1.0,0.0,18,40.81140448690413,59.36365521572099
12,10,0.1769097318549303,0.22795948407750913,0.2013446663560457,0.14704996966698342,0.08021132858285646,0.10329715538367448,0.0072197567865760395,0.01009805837480297,0.7,1.0,0.0,20,39.21615350843376,63.09107971199
12,11,0.162963984074284,0.20191405783870472,0.1849534964481018,0.1410422568304671,0.1435300929562916,0.10462180723470804,0.00550074799741749,0.008638275245121679,0.7,1.0,0.0,21,38.57964345616752,58.05720780772537
12,12,0.16133440421596681,0.19253663344649516,0.17501402068189822,0.1531932909370561,0.09515664572317094,0.10444459683115674,0.00905301225140612,0.014220055799293498,0.7,1.0,0.0,23,35.79834969933255,68.69026726766225
12,13,0.15708155194392537,0.18779164364026685,0.18081208809165947,0.1623394486274313,0.09429053081488226,0.10382056228972385,0.00975116732192884,0.01645362755745679,0.7,1.0,0.0,25,36.35660482395338,131.59171326562478
12,14,0.15140828769383813,0.16816116344871,0.13902936205277114,0.14834305736009534,0.07792223876778594,0.10263232978100163,0.0052293323317515895,0.00697233132219912,0.7,1.0,0.0,27,36.95997960171292,62.08515809452815
12,15,0.15593707589278252,0.1972502142092604,0.21218515336356064,0.19417182189022933,0.08396181035847725,0.10461587421035468,0.00978538305683089,0.01660444717208042,0.7,1.0,0.0,35,36.49047052047526,132.0260237047728
12,16,0.15101612634783865,0.1849724051366702,0.18880468398908995,0.20343821952057398,0.07952865589321875,0.10424243633787747,0.00551498789526615,0.00671529025090988,0.7,1.0,0.0,37,44.19781247520943,60.47222760934108
12,17,0.149280611852139,0.18427952952769536,0.19877142427806452,0.21317116453323,0.08932498941110568,0.10359887211526905,0.007621261646049619,0.01139000724723276,0.7,1.0,0.0,39,41.28969684105079,66.50829769254169
12,18,0.1483393802906649,0.1819107257585837,0.19630310053564154,0.22529950785032032,0.08156993039036807,0.10392664724111855,0.00728985433506861,0.011234499349277189,0.7,1.0,0.0,42,41.76053271779039,65.3736131586577
12,19,0.14740515814324617,0.17176557278694535,0.174927045411657,0.2184710025862911,0.08859100489344293,0.10462435746056029,0.0073253139261636995,0.01173156904205723,0.7,1.0,0.0,43,42.7506549574784,64.251349340431
12,20,0.15203837431692696,0.17941740215892582,0.19338105730635158,0.23701522198196068,0.09908611148656311,0.10289820971247746,0.01528506768498833,0.01857317992923025,0.7,1.0,0.0,44,42.9054667737491,62.23273563220009
12,21,0.15153579535769754,0.18482543438160934,0.2097908546930427,0.24967026987240878,0.08855194352411792,0.1028921844391824,0.01524521597979297,0.01853619134566048,0.7,1.0,0.0,46,41.1552037500198,62.789373066932605
12,22,0.1533165164222682,0.19995070153612646,0.25762292132641046,0.2728794067980226,0.11436850826836271,0.10032872653281515,0.02262408467448092,0.08019877774806551,0.7,1.0,0.0,47,41.39967420711677,64.02984726562757
12,23,0.15194679465938665,0.19769359752569243,0.25530569973625794,0.2780469075721915,0.09336366493222956,0.10042712037046568,0.02167235692593257,0.07878734707507147,0.7,1.0,0.0,49,41.82534883488474,64.57988371935359
12,24,0.14752777252179616,0.198880093383542,0.27807866108538715,0.30703604682972785,0.09665057262198576,0.10255122854387025,0.019981526083434082,0.07470893521296666,0.7,1.0,0.0,54,43.484167368410894,63.03123317097533
12,25,0.14764783908909315,0.2100720389190185,0.31122712570049754,0.34210589897836646,0.09557192068775763,0.10029322545495205,0.02292720861142743,0.08049964798361706,0.7,1.0,0.0,57,44.38183403541565,68.26691382614193
12,26,0.2088542620092613,0.249926277043722,0.32844024417242906,0.38079887721845496,0.1665216682203024,0.10893868437871065,0.08215882290954762,0.08688035458435017,0.7,1.0,0.0,60,48.62627947407528,59.492732578186086
12,27,0.2079102340244255,0.2538199908970712,0.3432675569530126,0.39083136778134014,0.16127078689820773,0.10893868437871065,0.08215882290954762,0.08688035458435017,0.7,1.0,0.0,62,47.13907692301205,60.62541386800695
12,28,0.2071740004990185,0.25120592326559993,0.3405292436253096,0.4147131184356217,0.16149138543156122,0.1078094100422153,0.0831565443228514,0.08781518245079967,0.7,1.0,0.0,64,45.48894323718199,64.54501519683268
12,29,0.2056317044251277,0.2482270780882029,0.3374566232993521,0.409531180410858,0.1592404245157966,0.10777136747289899,0.0823522383975456,0.086085000132351,0.7,1.0,0.0,67,48.83876187239056,61.16535455040806
12,30,0.20650142689219822,0.2543050136532885,0.35449238265610905,0.4241972692842483,0.1616945366190055,0.1087254181875218,0.08329981307451562,0.08828822043427396,0.7,1.0,0.0,69,48.60053916158343,61.78768787479999
12,31,0.20345778153666083,0.24183947529975788,0.33079281121797244,0.4362263058442226,0.16583605807927712,0.10913919221263987,0.08128766603862217,0.08828630508386645,0.7,1.0,0.0,70,44.225508950986416,58.21998941763865
12,32,0.1938000112756642,0.2381964848673506,0.34878331462849343,0.4434742579204056,0.17382095714201026,0.10962122207997405,0.07484684748825673,0.08767634570726074,0.7,1.0,0.0,71,46.354184460446994,63.44332175615866
12,33,0.1980304947595358,0.23916067720877143,0.3495368618844329,0.4478343318055341,0.16220447549035943,0.1087618424639327,0.08120997926741907,0.08720261502032231,0.7,1.0,0.0,73,46.0258898121245,63.45930533452262
12,34,0.1987203212940019,0.23304720689026193,0.3323596992253043,0.44511104958023945,0.15839659042303225,0.10936468238960403,0.08152712109915905,0.08857413596167094,0.7,1.0,0.0,74,47.90386037863669,61.42790092178347
12,35,0.19794721425210882,0.23731021763390983,0.3475727837615733,0.4557704321078888,0.1605546661950365,0.10936468238960403,0.08152712109915905,0.08857413596167094,0.7,1.0,0.0,76,44.37380421924247,65.58432621860743
12,36,0.1981683699148747,0.22954483260561165,0.3286687453431004,0.45555643093607806,0.16262326769348046,0.10994929610880147,0.08192117856725716,0.09007203497469568,0.7,1.0,0.0,77,45.31311494991919,64.5408654485125
12,37,0.19723982087762984,0.24178217536879357,0.363004004690603,0.47354421892723764,0.15888825284173835,0.10936468238960409,0.08152712109915897,0.088574135961671,0.7,1.0,0.0,78,45.98916358872826,63.31988349464117
12,38,0.1972021606933988,0.24838153745506467,0.3806555174244022,0.495417308419412,0.15820356463602742,0.10936468238960409,0.08152712109915897,0.08857413596167103,0.7,1.0,0.0,80,45.64703496363572,63.73544853215481
12,39,1.097121350643795,1.17018220130419,1.346367568544423,1.484797860753187,1.0612554036471353,0.08610517614609828,1.0,0.08784003819650858,0.7,1.0,0.0,95,54.72264181729165,62.91674518974148
12,40,0.234014465890855,0.29070499819195234,0.4445888687277227,0.6305068590293148,0.1997089229807005,0.11135319944271246,0.12053257565091076,0.12676745629861794,0.7,1.0,0.0,102,46.0093643026008,60.348231367716615
12,41,0.2388210281413788,0.2939032252836714,0.44768488306037146,0.6428143644619425,0.20875164500665985,0.11268882926042689,0.1251240111719801,0.13607680602842082,0.7,1.0,0.0,103,44.56429580271515,59.81234355197344
12,42,0.22648639998377335,0.28787455626858677,0.4526880608035106,0.6429948352941292,0.19223731776076153,0.10719895305499835,0.11680887035643617,0.12003089321414588,0.7,1.0,0.0,106,46.42419600405778,60.21061225362859
12,43,0.20786888166260448,0.2656988206431612,0.4302877837183926,0.5687174690291874,0.17594419354932567,0.1019907981737016,0.10339794190766763,0.08696184618960232,0.7,1.0,0.0,115,44.33426989851778,65.39580061751215
12,44,0.20817006555583212,0.2653580777758143,0.42990636061404386,0.5802200283422461,0.17723922592607955,0.10336526175821903,0.10301636877219807,0.08753298836742436,0.7,1.0,0.0,116,44.99101670545902,65.64866366723656
12,45,0.31017722093744154,0.4838903251049053,0.8471982403847838,1.1464382304440517,0.2794522745376466,0.10793457202088205,0.20372944843406843,0.18159991156518146,0.7,1.0,0.0,192,43.92792311515619,73.18537681368082
12,46,0.3077218569829774,0.48690369406962236,0.8611910153348765,1.1396862441486417,0.2809741866008857,0.10502766717180204,0.2038418676469001,0.17384484138109202,0.7,1.0,0.0,193,45.28368759167432,73.16900973996006
13,0,0.9696121841513271,0.9854262036751295,0.984786564762135,0.1309158824022352,0.0,0.0,0.0,0.0,0.7,1.0,0.0,1,144.31831486890002,177.12340095585662
13,1,0.8813938866246808,0.9661201732356526,0.9621886646509843,0.17807240405584993,0.13168456143661628,0.07942802653679816,9.135211357036e-05,0.00013062206832329,0.7,1.0,0.0,3,123.47159588016524,157.14097845111652
13,2,0.3797132113393173,0.5664760263337002,0.5541934857314238,0.16003346060719661,0.9876482547132059,0.09820284387077012,0.02277578913847931,0.02633891395039148,0.7,1.0,0.0,4,56.78073342476186,84.81441796573615
13,3,0.22522995133377233,0.3408880115420348,0.31967553131873433,0.10877436495373004,0.48242356162997685,0.09237367988540372,0.00471612206848214,0.0055502073435271,0.7,1.0,0.0,5,34.956812477135635,62.17567746650193
13,4,0.2114513198785819,0.3142420093616745,0.2918526788688884,0.11476804341781971,0.09670636356604626,0.09591302840267524,0.00240381723315009,0.00283906077403933,0.7,1.0,0.0,7,35.70057650725916,64.37734813349115
13,5,0.20873183252276145,0.2966282699688347,0.27296236703277516,0.10765017162191425,0.13922239822774035,0.09877478645829628,0.01186595280982854,0.014687451474213182,0.7,1.0,0.0,8,27.70164659513482,57.09317277703988
13,6,0.20743264762488006,0.3148623918207594,0.3243163248264359,0.14058844613770147,0.08151852518378984,0.09879260541263922,0.01113596575297492,0.013855753154946249,0.7,1.0,0.0,10,27.191092685307467,56.51190456421261
13,7,0.18733019795427217,0.2803038429237194,0.288566055340395,0.13887986944492958,0.10040410465185393,0.09589118744931928,0.00576249604586097,0.00716036730104048,0.7,1.0,0.0,12,27.498189777737576,58.76552360940397
13,8,0.18623181358115684,0.263032848889795,0.2594856117661531,0.13965204293768782,0.08813106016429495,0.10333252714458183,0.007129998062977499,0.01205888385511416,0.7,1.0,0.0,16,25.80435598948024,59.68087874231608
13,9,0.19074754472261932,0.2628531185945715,0.258939233012716,0.15186959198834224,0.09610297946744958,0.11151671519945427,0.00957593496239787,0.01914663118597657,0.7,1.0,0.0,18,25.378593820133577,59.5854953514775
13,10,0.1931827593693525,0.25634846106217074,0.24120506712172962,0.16342196551730975,0.09442530581034007,0.11710333445527192,0.00980053642216894,0.01987708637319667,0.7,1.0,0.0,21,23.886053753676784,58.87337774923289
13,11,0.19124077650096813,0.2540195893277954,0.2388462594437119,0.1617007414990861,0.09148521990244839,0.1161272646283014,0.00883199204072427,0.01812567586317898,0.7,1.0,0.0,22,23.94189139974002,58.38021864925638
13,12,0.19072104918775581,0.2595295153351346,0.25536079760302677,0.16950119730327584,0.09134472748004731,0.1161272646283014,0.00883199204072427,0.01812567586317898,0.7,1.0,0.0,24,24.416405670444647,59.79601042243957
13,13,0.19290158629106624,0.2668689357293566,0.2736379543528163,0.1862785388193392,0.0962414129406493,0.11815573722522243,0.010764059446780461,0.01800633547523622,0.7,1.0,0.0,26,25.03434835088109,61.00400357657886
13,14,0.19243862028577996,0.2660489689309063,0.2727904404983794,0.1859803927741741,0.09390776877994456,0.11749298310445573,0.01103137563920115,0.01817409894609975,0.7,1.0,0.0,28,25.620472665028707,61.09298668224383
13,15,0.18075464562177102,0.2529616441367539,0.25959516262671833,0.17989037665509894,0.08768356070755211,0.09068411803036483,0.01917189391386756,0.01660053360335046,0.7,1.0,0.0,29,25.773692860588547,61.62796624576877
13,16,0.22921587640641516,0.2996578599555677,0.3167085508102494,0.24356046956379515,0.16676556449469493,0.10632226376007099,0.06280090333738356,0.08650533126363133,0.7,1.0,0.0,30,27.641039502810667,57.21382664632046
13,17,0.22905655588645163,0.29927256908556693,0.31630594537795237,0.24657167041948225,0.1376170988409529,0.10632226376007096,0.06280090333738353,0.08650533126363133,0.7,1.0,0.0,32,27.283668253523565,56.63481774142387
13,18,0.22894673058937867,0.30424149240273074,0.33221005506495277,0.25331027411072493,0.14015349772461888,0.10776232223301177,0.06283423845153885,0.08663460351438991,0.7,1.0,0.0,35,26.92116228181492,56.90647680792237
13,19,0.22509989787593804,0.3058059280697263,0.34473485641870616,0.26504103449733496,0.13982829295556368,0.10366677001285629,0.06276489579470497,0.08642119949242495,0.7,1.0,0.0,36,26.3280516161404,57.46216000725458
13,20,0.22463828058383817,0.3046941770601553,0.34357465641404705,0.2773953195417048,0.13643402623050938,0.10362553176209537,0.0627821102927336,0.08648863846800789,0.7,1.0,0.0,38,26.48815415816865,57.74661763754525
13,21,0.3463524242864571,0.42689945922627365,0.4763784872833786,0.43314520865681744,0.26482769311316495,0.1149101936203907,0.18083256586750984,0.07091684604274591,0.7,1.0,0.0,45,26.401145757628058,57.99297874864149
13,22,0.3466219185393181,0.414815800754488,0.4528269403637849,0.4480342310335792,0.28410700442470466,0.120423550337274,0.1809573557637606,0.07148357371395783,0.7,1.0,0.0,46,25.64760266153334,61.6970931355452
13,23,0.3592076062337092,0.4312425497347785,0.4801032549653561,0.44917430584751894,0.2892628044955484,0.1155792587257,0.1987939058993228,0.0653862727932872,0.7,1.0,0.0,47,24.49551899293113,60.49152520851777
13,24,0.3584650699470815,0.4360509961964688,0.49588552819206044,0.4708150139671935,0.2809607979502181,0.1155792587257,0.19879390589932275,0.0653862727932872,0.7,1.0,0.0,50,24.63014570807183,61.47288835544146
13,25,0.35827505838101814,0.42884304267743456,0.4775981934645712,0.47387135233339883,0.28016700985126824,0.1155792587257,0.1987939058993228,0.0653862727932872,0.7,1.0,0.0,52,24.761275272352258,62.1518021841571
13,26,0.3597029779082094,0.426146171911938,0.4746063489611694,0.47994821475664173,0.2905287680391094,0.12113921997373482,0.198926224653434,0.06649360434261692,0.7,1.0,0.0,54,23.963308364536744,64.75971746453797
13,27,0.35527741066978585,0.41219458713517315,0.4493977624691901,0.4692933810680845,0.28969425749923744,0.11738140549174633,0.1988663070814214,0.06726899557911345,0.7,1.0,0.0,55,24.72689181995796,63.926845558180176
13,28,0.35586889666704147,0.41234671875966933,0.4495188670596114,0.4915619872275223,0.28220720981284075,0.11932739585738392,0.1983669522916011,0.06641843368476621,0.7,1.0,0.0,59,25.15385417175744,58.55930621546948
13,29,0.35360001074377057,0.4159887000307585,0.4641612311031259,0.500372576703866,0.2826649285027935,0.11632004891440055,0.1986960132732151,0.06773774355672987,0.7,1.0,0.0,60,24.52660923395275,64.61099775256163
13,30,0.4310882647128589,0.5133087180625162,0.6052170711883477,0.6489105563440434,0.3647270899370442,0.09768782894378736,0.29345604798305847,0.21505516865271482,0.7,1.0,0.0,67,33.283317319277614,51.67206089596486
13,31,0.43912100003288784,0.5134714460769916,0.5942421791584025,0.6741628609899315,0.3724293828442326,0.10318863701808594,0.29831617229215646,0.20518619981585684,0.7,1.0,0.0,69,33.609745629044255,54.27947749770209
13,32,0.4336219385659982,0.5137634246242874,0.6055269271170238,0.6695947524384751,0.36860644497457057,0.0957260781383496,0.2985840712538152,0.20116533262063335,0.7,1.0,0.0,70,33.150649309132135,53.64580077806023
13,33,0.4671308729433197,0.5605593219085806,0.674427330747396,0.7141383786676729,0.3997058249298884,0.10131769303263014,0.328267318990592,0.2626452530690886,0.7,1.0,0.0,71,30.784115963419858,56.00107508587028
13,34,0.428658938730073,0.5058263173497863,0.5973834521348597,0.6865555558249734,0.3713544244949363,0.10179383625515019,0.29110053302381067,0.2188706908982676,0.7,1.0,0.0,72,33.04507783048073,54.75140844966118
13,35,0.4301751997026679,0.5124155540154375,0.6149166178737386,0.6892342674985875,0.3700807961322992,0.10240080571352701,0.2931374190503727,0.23184517433252982,0.7,1.0,0.0,73,33.4725988812945,54.7278575199171
13,36,0.46244158519260903,0.5494545169103283,0.6628788112980111,0.7179886277423639,0.40429952081758236,0.09900020634204838,0.3288929498474105,0.2988354129461996,0.7,1.0,0.0,74,34.46609138121422,59.47474777020057
13,37,0.46739094262344827,0.5466391108365678,0.6489341942848922,0.7337398276124816,0.4071722105806365,0.10333061747677112,0.3314016750164853,0.2708342758677829,0.7,1.0,0.0,75,31.31904905150625,58.03658566439354
13,38,0.4706702929824677,0.5610687215486452,0.6853220457676039,0.753229465990322,0.4118750827021935,0.09785103201065429,0.33980117069097304,0.33541614086558047,0.7,1.0,0.0,77,31.71802734300051,57.29815780031779
13,39,0.4560915785830635,0.5301165262803155,0.6320546242197655,0.7345165506987342,0.40455880628048496,0.10370660686097315,0.3227515022330426,0.28579941784247004,0.7,1.0,0.0,78,32.606381896472,56.30413538585196
13,40,0.45644730218488316,0.5396486950164807,0.6634126165270599,0.748311120770168,0.404722854968955,0.10127823971629916,0.3271331834335002,0.26262599210024323,0.7,1.0,0.0,80,34.457607838078786,56.24030472189095
13,41,0.45528208115996005,0.5437082302123777,0.6784289934786791,0.7822061375959402,0.39885045280672604,0.09768034870419888,0.3292915726135478,0.278305969363493,0.7,1.0,0.0,84,32.18922783524705,64.2403786980793
13,42,0.45348308609477905,0.5397865317769255,0.6743643329002941,0.7749970860472718,0.4002612216709184,0.09942805550906576,0.32740391994732904,0.3281163800684748,0.7,1.0,0.0,86,34.40427289897942,60.87791994022493
13,43,0.55242676629733,0.6344668076307973,0.7687587918670187,0.8715613969592637,0.5025941871000817,0.09336604147516012,0.4328383856697795,1.0,0.7,1.0,0.0,89,37.44609860034639,61.95919601705991
13,44,0.45457904208242184,0.568768838880239,0.7582523955306115,0.8280070528376935,0.40173555104685943,0.09699072780081032,0.3332061341321544,0.2842017633687972,0.7,1.0,0.0,96,33.33246609172535,61.26831610561443
13,45,0.45573544885406636,0.5599125593369716,0.7381191268778851,0.8515929051079578,0.41410380287474136,0.09864151361434428,0.33491071485521495,0.2893608319944204,0.7,1.0,0.0,97,34.87032375097518,58.32911725906036
13,46,0.4497448369204685,0.5495798974005032,0.7274996855111426,0.843838172234087,0.4133872268094546,0.09422086134883798,0.33420933102921724,0.27146429459290833,0.7,1.0,0.0,98,34.338350044985575,61.66492707288214
13,47,0.4486386603696687,0.548259393241743,0.7261647886260014,0.8419951330045246,0.3998419387848154,0.09168211311219741,0.33498788074036334,0.3182756695032048,0.7,1.0,0.0,99,34.60064794562675,61.48060742840954
13,48,0.4474391248753615,0.5443179964599496,0.7220433019007559,0.8451904602873128,0.4076420100209671,0.09372310253101668,0.33372783404676654,0.29385866590171406,0.7,1.0,0.0,100,34.1715790446792,62.71269616853367
13,49,0.447014754604149,0.5503505920523226,0.7391159369032158,0.8531123841143979,0.3998439534254834,0.09265078581089284,0.3341839970139328,0.2849839120477405,0.7,1.0,0.0,101,35.42547040938587,63.84233373952775
13,50,0.440796868013694,0.5365188229911381,0.7141681169333696,0.8508470357454903,0.3959679704292012,0.09418339564972707,0.3273358557128923,0.33331670841501293,0.7,1.0,0.0,102,34.68116245070953,61.23628707245312
13,51,0.5406575430935523,0.6324101473518411,0.8098000038687617,0.95169750561321,0.5070526898098058,0.08929108981155663,0.43256505552757396,1.0,0.7,1.0,0.0,103,37.52414432714489,62.30995084192892
13,52,0.5564280330735611,0.6571805344745735,0.856397000560175,1.091169653465975,0.5136395457604779,0.12203261314751823,0.42755208830867,0.5498407402587985,0.7,1.0,0.0,123,36.19061794495333,63.06942882614548
13,53,0.46197253754743883,0.5761502247984247,0.7868605486916289,1.0348640445394621,0.41611703755753326,0.1053674201093012,0.3415216869097898,0.3805161020317803,0.7,1.0,0.0,125,35.43702824584313,55.17466242049549
13,54,0.6177665771671603,0.7856217007829043,1.042349887995734,1.1807482981540653,0.5582466918647875,0.09832863489892898,0.4883227825861388,0.8171165904079796,0.7,1.0,0.0,134,37.35987345685216,58.24224843550546
13,55,0.5908273675438029,0.7415552057679945,0.9865233338301321,1.1651268998135667,0.5441258301457297,0.09338036899558647,0.47044485319682616,0.6649543216349786,0.7,1.0,0.0,135,41.26715465602801,64.69723172920439
13,56,0.6059731566034257,0.766042734778051,1.0222440562278852,1.194375230951585,0.5577014688545606,0.10154667664309829,0.47848892769810647,0.8042073127580045,0.7,1.0,0.0,137,40.041534287838566,56.76230831748752
13,57,0.586289736006306,0.757649041322233,1.035821878328969,1.2170704031864805,0.5314685478807547,0.10015925923209994,0.4609133250845451,0.5857135646405319,0.7,1.0,0.0,143,42.80722831774088,60.739552102414464
13,58,0.6093886549623722,0.7664865528756845,1.0118836707200127,1.2945710732270839,0.556848771938407,0.11373316071887991,0.4713636911840092,0.8540006971574041,0.7,1.0,0.0,145,32.221688951422706,59.19900830963706
13,59,0.6133984245235662,0.7533830568991575,0.9658135334383717,1.2747258445553002,0.557224900117937,0.10122903454001689,0.48246921440445056,0.8392124444996547,0.7,1.0,0.0,147,35.74467990202751,61.56611902136752
13,60,0.6127694018680906,0.777865859108674,1.0450119184336453,1.3262921226889262,0.5813698165410238,0.10376841216392607,0.48462526412548873,0.5635180016802097,0.7,1.0,0.0,148,35.96576873807236,63.22617712942222
13,61,0.5906650828088795,0.7270618783575492,0.9498548895940524,1.323826616353894,0.5371130527379729,0.1051767006745223,0.46249344605999887,0.7125053514960207,0.7,1.0,0.0,158,36.15471896613765,57.48260777057532
13,62,0.5826805631168687,0.7200112069577354,0.9428669679644919,1.3232341204660822,0.5284155471235462,0.10598784344739523,0.4534511004236525,0.6431059763187285,0.7,1.0,0.0,160,40.18522685543397,58.86568083009829
13,63,0.5827545202067149,0.7202258953775814,0.943091066284386,1.3125439598492914,0.5277809808784512,0.10598784344739523,0.45345110042365244,0.6431059763187285,0.7,1.0,0.0,161,40.49503540974186,59.004990007278536
13,64,0.5857196621325985,0.7211214783004718,0.9438480929894697,1.3344610540566095,0.5380119116177705,0.11167633279199549,0.45351822046990015,0.6306837877074133,0.7,1.0,0.0,162,38.86238850258857,57.30577875835706
13,65,0.5721390487060409,0.7207261419045645,0.9655510816241579,1.3277432127536328,0.5345596221521146,0.10120785346497836,0.4473972715538115,0.8484048944488747,0.7,1.0,0.0,163,34.19733055440019,62.23794694340051
13,66,0.5806635773402196,0.7293410508619467,0.9847834127842079,1.361196282263979,0.533218668339738,0.10388828374169763,0.45744888867704414,0.8567226842884146,0.7,1.0,0.0,168,35.373398905212106,64.90084454217575
13,67,0.5660047210724315,0.7186203574595817,0.974323566048413,1.3493456689668157,0.5152440758481215,0.09938746802405612,0.4439304411850372,0.8365677043800238,0.7,1.0,0.0,170,33.92327370023406,54.7025690014165
13,68,0.5662892016551788,0.7104772018194063,0.9550098805406678,1.3539463425939617,0.517407379818842,0.1020401486915629,0.4432341890906688,0.8396516918287734,0.7,1.0,0.0,171,34.154582796031804,54.8509501991764
13,69,0.5680145951093808,0.7213845833372976,0.9771378649599115,1.3627235836143785,0.5152252203030236,0.10132254116280519,0.44419675136795755,0.8414828561355889,0.7,1.0,0.0,172,34.91205021419044,56.18346847536484
13,70,0.5684958315535812,0.7259380067597045,0.9925732056845766,1.3786008520727198,0.5184476404523761,0.10140868705573472,0.4459768425956068,0.8226550369573689,0.7,1.0,0.0,174,35.05789032798698,56.24058227376451
14,0,0.8967649933029587,0.9487778446471944,0.9465295797507707,0.12499780811258666,0.0,0.0,0.0,0.0,0.7,1.0,0.0,1,188.23322829,177.21820807260866
14,1,0.8081113773871684,0.9207762850634724,0.915151530541803,0.1650723268027061,0.12686314547967278,0.06975670607131836,8.99460839246e-05,0.00015896393459579,0.7,1.0,0.0,3,163.56983561039866,156.20318444391415
14,2,0.3598936020560613,0.544038740917427,0.5312476979077058,0.14731710534396913,0.9221501538644264,0.08393885758983352,0.02190908695376381,0.02933981679401379,0.7,1.0,0.0,4,58.83161109323205,89.06521939006629
14,3,0.19292331454322048,0.2860402342463939,0.26282022555277845,0.09225008806371729,0.5417403485816517,0.07944314555287167,0.0046588098349390995,0.004175004132491731,0.7,1.0,0.0,5,38.98940541470768,65.66297287446626
14,4,0.1887803666143028,0.26437689526745495,0.23969227722768566,0.09486236622976466,0.13959491671938556,0.0851020457531605,0.01240096319051774,0.018115752566669318,0.7,1.0,0.0,6,37.35798589996455,57.80928537030591
14,5,0.16730290736889017,0.2261479352883974,0.20013261489227582,0.09192918379656279,0.0947709958016154,0.08258848762148138,0.00624459656140477,0.00912241883184416,0.7,1.0,0.0,8,37.37202964209708,59.84756815118287
14,6,0.16155412949563552,0.21392857724782335,0.1874146858903867,0.08923208241184978,0.07470089937733074,0.08257434531917895,0.0053916839249492495,0.0080089398695295,0.7,1.0,0.0,10,37.25894126833938,58.43444866852575
14,7,0.1763373391045285,0.2276681833509155,0.20107480840614098,0.11411354562346046,0.08242756398006335,0.09572693347659296,0.01173958996300592,0.025176538598189517,0.7,1.0,0.0,11,35.40823611854795,55.81520788927625
14,8,0.16011560693716906,0.19984033359550477,0.17237395688269977,0.11003252610424014,0.09096415139729078,0.0927082942095678,0.0059139166070152,0.01265282756435327,0.7,1.0,0.0,13,35.32747221645009,57.756863399223775
14,9,0.15956467215371975,0.20517358261911808,0.18870294866467455,0.11711003010330903,0.07226134091757808,0.09267177523071192,0.00596354785885036,0.012739360876885899,0.7,1.0,0.0,15,35.874559925525105,56.957880972460615
14,10,0.19911352186127224,0.24928619922993267,0.2437139539302827,0.1672917298149223,0.11553599217112528,0.15125667310213647,0.00597784736696373,0.014039894865343999,0.7,1.0,0.0,17,35.87157195450315,53.86599022565972
14,11,0.20232718282538711,0.25641052446117063,0.2616892597251525,0.18207599176855205,0.1265041328521957,0.15766921959808863,0.00659958396573634,0.01647722902370366,0.7,1.0,0.0,18,35.74779938553832,53.45726384122822
14,12,0.7903849005472567,0.8404907527565798,0.845478893358103,0.7828395809508961,0.7121387689568422,1.0,0.007666492760086201,1.0,0.7,1.0,0.0,21,39.381541747340464,67.32899183007271
14,13,0.2055452161389807,0.2619225373206937,0.27793600406554075,0.2149791971581223,0.1238657476227397,0.16623044475281337,0.006757473149922979,0.01702277267522794,0.7,1.0,0.0,23,34.93744946277651,54.90670922941344
14,14,0.20416880983861974,0.26051520461407524,0.27652606197274365,0.21926033034050219,0.12184405746011229,0.1623547926238326,0.00812256172991861,0.01751564151044532,0.7,1.0,0.0,25,37.56986796345558,52.98127453802234
14,15,0.20134086029989304,0.2514988350309453,0.2670629967021184,0.22170530969751798,0.14351252001274703,0.16585896223755817,0.006824419252543649,0.01719995958356496,0.7,1.0,0.0,26,34.717935507109,53.72594659534081
14,16,0.1978829155143567,0.24613162586321793,0.2615591312089259,0.23063677958458725,0.1238313405994552,0.16158540561120274,0.00756444999982767,0.02050275993255482,0.7,1.0,0.0,28,34.785930503326746,56.50406294398014
14,17,0.19700159687597446,0.25193113153673136,0.2784133432167869,0.2478363181482876,0.11988006407137838,0.16036292800629373,0.00756291362439653,0.020459869800786328,0.7,1.0,0.0,30,34.76481169814678,56.492490765579575
14,18,0.19776707101984042,0.2592696550299502,0.29679938118747634,0.2640515458726886,0.12091531720646796,0.16158540577337616,0.007564449982955181,0.02050275988860796,0.7,1.0,0.0,32,35.07652461483758,56.20633337069484
14,19,0.18137291929397537,0.22683525479537153,0.24206411319323307,0.24220974103338644,0.10761784372048411,0.08934076001444957,0.043366037207417954,0.01924878386310412,0.7,1.0,0.0,37,36.55600373543001,59.3494592675502
14,20,0.24572339641646987,0.28700066553658987,0.3019329033534963,0.3050308553134604,0.1884515193390166,0.09672636953509216,0.10511610699397575,0.025871235252104892,0.7,1.0,0.0,38,38.58983581706336,60.32842407296049
14,21,0.2559099324659792,0.30839577005774155,0.34528646509848127,0.3567455839614876,0.18574964710648934,0.09697680990527012,0.11647520466767655,0.027581927314398257,0.7,1.0,0.0,43,39.400173764893054,61.97470717975074
14,22,0.22983602373301049,0.278076313311062,0.31466964002515263,0.3468279786043405,0.17289477320217606,0.10614106109527972,0.08651319723667787,0.04117084218976318,0.7,1.0,0.0,44,36.18286643767065,55.33023209360817
14,23,0.23110208921021774,0.27821350529025207,0.31472839502202093,0.3525620903985348,0.16637415274485992,0.09867055569838831,0.09367229902644646,0.03778568842129617,0.7,1.0,0.0,45,37.21801997479903,56.74491302765945
14,29,0.1972134423061617,0.25593720456266134,0.3356334018312853,0.4269816533308619,0.16751912590074747,0.08175371646272359,0.08026290553924992,0.026716181379758407,0.7,1.0,0.0,63,38.9399011174598,55.728681981191656
14,30,0.19990881499544635,0.25485417006561684,0.3342947011881673,0.44729892079632727,0.14236325066325622,0.08562645032438776,0.08229445686896067,0.02473060247730018,0.7,1.0,0.0,71,39.069812712555226,55.49481609386835
14,31,0.20146340953637087,0.255501052721757,0.33488002281679297,0.4588867901324748,0.14568801309387358,0.08946504923949031,0.08164887228393027,0.026089052900314443,0.7,1.0,0.0,74,37.714223775802175,58.61007183245352
14,32,0.20412026309919462,0.26177756074026415,0.35200600046004327,0.48783357537860383,0.15086118834819662,0.09154012313299148,0.08450064784911701,0.0321999875637021,0.7,1.0,0.0,78,38.893482553180206,55.060135169470925
14,34,0.20033507974159176,0.26483897573225534,0.37674282627297395,0.5064027601300093,0.1518044152630564,0.0909390916875006,0.08456724998248802,0.028141430402511602,0.7,1.0,0.0,83,38.7216243163732,54.19288484666211
14,35,0.1976210390064967,0.2681631257695957,0.39107903336845795,0.5262482941908565,0.14677897923021094,0.0880255400327818,0.0842411304246554,0.02585680637257883,0.7,1.0,0.0,85,38.2911046687792,54.57414033702836
14,36,0.19951928386099718,0.26945855462296675,0.39233454683378877,0.5387847250701453,0.15001643041633794,0.0908485035654186,0.08447132144410781,0.027968237082925052,0.7,1.0,0.0,86,37.82140496405194,55.17669700255156
14,37,0.32948553554077453,0.3731453423481801,0.46244478118819177,0.6706132749239602,0.28464822017055935,0.08213717694328804,0.22361954918053056,0.08479844953725556,0.7,1.0,0.0,92,36.5847790358656,59.65421203394974
14,38,0.29933283307602593,0.3618953301202872,0.48428468440589356,0.6969401540366608,0.25232414545195425,0.08361455130461973,0.19305487125338602,0.038074227859282626,0.7,1.0,0.0,103,36.90921458753288,53.75043519674433
14,39,0.29911692079804797,0.36796094439675986,0.5013792830051209,0.7201191675626402,0.2518236365680857,0.08361455130461973,0.193054871253386,0.03807422785928266,0.7,1.0,0.0,105,37.83055885084577,52.86929527696179
14,40,0.22461484224214373,0.30103640231762313,0.4455686673984608,0.6981106225220105,0.17726671785166917,0.09500120645638169,0.11015755444147075,0.03161825460594763,0.7,1.0,0.0,116,38.45514392633101,65.95423103142942
14,41,0.22858730999992455,0.3044809223040492,0.4489786038690077,0.7387547357278326,0.18136324270727666,0.09988184859998503,0.1109758915654711,0.03858785259401651,0.7,1.0,0.0,119,38.00296348117202,67.63393437741769
14,42,0.19945207366304835,0.25322591104858116,0.36442249343311306,0.6734780401803558,0.15716190151783443,0.09124069047116494,0.08885474513877276,0.032500895357047074,0.7,1.0,0.0,124,37.39287573512932,54.69378893146092
14,43,0.1974770784003223,0.2698444841773934,0.41411130706301436,0.6931014389213955,0.15244909014778998,0.0903525674477052,0.0882658180367143,0.03194050358250365,0.7,1.0,0.0,131,37.70566810799456,54.63802686975447
14,44,0.19787401055071951,0.27654345201324015,0.431840906064668,0.703769835621,0.15301176798978605,0.0908712807709686,0.08850264895324762,0.03205695926554788,0.7,1.0,0.0,132,38.13023498359332,54.28205042284306
14,45,0.2964617989366446,0.44618679824721963,0.6698803390162351,0.9858720260217502,0.2348263631393871,0.0793810045449876,0.1791595884051585,0.02854106867779157,0.7,1.0,0.0,165,47.83399959183426,58.297296387814406
14,46,0.30392108306337456,0.45931189533245326,0.6833945698960665,1.0064760813603473,0.23900534597473763,0.07752235046241115,0.18473143517496443,0.025715061523102774,0.7,1.0,0.0,169,47.25179671579499,51.80118023017138
14,47,0.32747132860889067,0.47578777812682876,0.6676090665493659,1.03131404206149,0.25520502463055056,0.08424296757491057,0.19588670767001976,0.03595576068715487,0.7,1.0,0.0,174,46.14881843361007,56.15217596092205
14,48,0.3192598159257637,0.476374667064174,0.6899852208016708,1.0558386977033418,0.2506003581191154,0.07878039340269263,0.1942805863946384,0.03143442555838918,0.7,1.0,0.0,177,46.20926294475931,54.359682079291
15,0,0.8995003259324544,0.950200488636585,0.9480144503085647,0.12522759067069372,0.0,0.0,0.0,0.0,0.7,1.0,0.0,1,187.5164745204,183.6369772595304
15,1,0.8187423307265033,0.931209177924422,0.925597642833896,0.17525507412750524,0.13813639439791753,0.08423332748785375,9.064966552891e-05,0.00017356819944211,0.7,1.0,0.0,3,164.45281357051618,163.7217365363572
15,2,0.1742366472673753,0.2129458615319081,0.18540392571975056,0.08563808917545149,0.8472012390338582,0.10779214163294126,0.01018359003239261,0.019498664175602858,0.7,1.0,0.0,5,48.28883704042413,58.91030168876832
15,3,0.16341860808729197,0.18703078841145024,0.15838804034690898,0.0889109191231934,0.1102131466535804,0.11380693338001124,0.00513631275967749,0.00982117662941217,0.7,1.0,0.0,7,48.365602001197125,60.870634203304135
15,4,0.1727041056096593,0.18053444756311063,0.15077553263898416,0.10433996163994813,0.12949333083610454,0.1273912781194947,0.01456238357498715,0.045255105958332945,0.7,1.0,0.0,9,49.77516909021287,59.12880143356637
15,5,0.16432440322843872,0.16415537164091357,0.13384225464991636,0.10638637915325568,0.11277275336869307,0.13236443233450373,0.00732586080964132,0.02269987078288807,0.7,1.0,0.0,11,50.3768598901704,62.09303947357347
15,6,0.16303290643161686,0.16218756674279908,0.13182797582815656,0.10930170916194776,0.10122021966833651,0.1311157329326374,0.0072916441225794205,0.02263705787670002,0.7,1.0,0.0,12,50.108486558252174,61.02778163576553
15,7,0.16256454370524928,0.16514116367451695,0.14561323882700736,0.11210948629215517,0.11088827993978362,0.131942853820266,0.008095360554790761,0.02470303509971246,0.7,1.0,0.0,13,49.9779913754241,57.658681021539984
15,8,0.16673769161732319,0.15532272248844614,0.12424288125711182,0.12296707713418617,0.13144601077793164,0.1432724878312439,0.0083262794603882,0.02552029764651571,0.7,1.0,0.0,14,50.591301998194126,61.00902770778151
15,9,0.16611458507618762,0.16025604502242566,0.1401554401267587,0.13154628718698597,0.11042204282876149,0.1432724878312439,0.0083262794603882,0.02552029764651571,0.7,1.0,0.0,16,50.3492670949316,59.998775374341925
15,10,0.16599070141678196,0.16662021366356503,0.15756163717099814,0.1489599490829829,0.10897645116116407,0.14327248714000052,0.00832628002115492,0.025520299095285547,0.7,1.0,0.0,18,50.24515643370752,59.45039206669468
15,11,0.1418712458986594,0.1419053360367307,0.13280664765673542,0.15251009317961398,0.08497097069680812,0.11523304019430022,0.00415333776260882,0.00837164858117794,0.7,1.0,0.0,30,49.36733475144662,58.13801290038342
15,12,0.1379627402823222,0.14335076134676944,0.1452178750738652,0.15341566394424122,0.08375525836950413,0.11064744362907135,0.00418211446297133,0.00902288974415483,0.7,1.0,0.0,32,48.00894751871538,54.5058687393444
15,13,0.13489153914162433,0.1399870349426554,0.14183449487383487,0.15851558244712233,0.07962689701573271,0.10622587872800729,0.00436131492125812,0.01094319236750646,0.7,1.0,0.0,33,47.74963345596255,54.89807789207283
15,14,0.17620190211593845,0.15498825836535693,0.12325148646308837,0.21589733792210844,0.12596543569415786,0.16019083538262258,0.01111790169525257,0.04852312842070397,0.7,1.0,0.0,40,49.412867424188285,71.47507882766193
15,15,0.176035275439573,0.16121770840826388,0.1405168767396064,0.23949450760217394,0.12374742730120575,0.16019083538262258,0.01111790169525258,0.048523128420704,0.7,1.0,0.0,42,49.48470367700189,72.72410779450614
15,16,0.20054465481843403,0.18487569901843962,0.16411829770023395,0.2693353898858131,0.15082058734676826,0.19290576418793792,0.01316644337508949,0.07387210322969004,0.7,1.0,0.0,43,52.22503557289749,79.09959012133669
15,17,0.19840766475157845,0.18736474886740148,0.17752614026498983,0.2678607794378805,0.1492688401919135,0.1918323491951115,0.012850888898618271,0.07199702908146079,0.7,1.0,0.0,46,51.53456976666551,75.6718936708954
15,18,0.19386206416996468,0.1817927169490769,0.17188612435655615,0.2715716612136389,0.14625059152503733,0.18634319430678348,0.01267001576993394,0.06901294647593012,0.7,1.0,0.0,47,51.164793847712346,76.06761082742159
15,19,0.162655430758554,0.17015071021882178,0.193377648735231,0.23712247994637248,0.11401343931654641,0.10180016649440568,0.04094379005932906,0.04377552841968767,0.7,1.0,0.0,48,51.41792821052292,57.30246418464798
15,20,0.1716406356957957,0.1519638936538766,0.13094095885154505,0.2522791077445889,0.12223882148126536,0.15800861339569583,0.01073226386186627,0.04696109785711679,0.7,1.0,0.0,49,50.71011601316143,74.42651065533086
15,21,0.17165247101600503,0.16502159020259372,0.16608791201846632,0.27641017374601157,0.12214584876363263,0.15878143480830825,0.01040110354754769,0.051132336722998106,0.7,1.0,0.0,51,50.043420070694346,72.14690868390227
15,22,0.17453327825826934,0.1941732987741106,0.2394299920145408,0.26227373837951024,0.1265939619363381,0.11947758700519309,0.04110174014731071,0.04440465134451487,0.7,1.0,0.0,52,52.32794949284928,61.53437689138599
15,23,0.17247730340254633,0.17757046430724938,0.20063907533365402,0.2958338415114352,0.12659823394445535,0.16169865520998664,0.010045755592130539,0.058058359244466964,0.7,1.0,0.0,53,48.23292616414894,74.79146108362855
15,24,0.18648539325704291,0.1890383791435097,0.21193995438437152,0.3104929511194564,0.14236466104490175,0.15842040135181074,0.027614195094102578,0.06579386439524376,0.7,1.0,0.0,55,51.5087141797506,72.4272683932747
15,25,0.18857682565529127,0.17342466825879832,0.17393180683723475,0.29305102650190445,0.1491420395681753,0.1839196167285433,0.01395178536777579,0.07408660304333668,0.7,1.0,0.0,57,51.9426236899486,77.40972885388908
15,26,0.26539781712647076,0.2545182006953546,0.26592290686087244,0.3872543772144464,0.22443301623128858,0.15270107007236938,0.11382335534043271,0.14673893487611964,0.7,1.0,0.0,59,55.63537118873844,74.66934962165959
15,27,0.2569134728496449,0.24711429212837233,0.2798373205837127,0.4051737007327329,0.254765001170901,0.1455382670147346,0.11614937736464499,0.15245609609893085,0.7,1.0,0.0,60,58.06773405881643,65.62368489672028
15,28,0.23524362577507418,0.22909626367315894,0.2726800727404099,0.39801608355591744,0.2000618425584203,0.12782823779635286,0.10829167281628076,0.12196261879176129,0.7,1.0,0.0,64,56.45797209446025,66.22868644283484
15,29,0.24904245440809064,0.22834929909534388,0.26037949441805885,0.4180878872809971,0.237868183278279,0.1454216838701735,0.11324876968233352,0.14864563740326509,0.7,1.0,0.0,65,56.29918399742688,69.4814992894981
15,30,0.24748547337229793,0.23237418922535807,0.27539023059931134,0.43564360419368714,0.21509293836779572,0.14474798420261192,0.11266264990177599,0.14489511103065295,0.7,1.0,0.0,68,55.42486693041612,70.27655777752217
15,31,0.24734330788194425,0.23837890189309885,0.29241651357863974,0.4452008455411147,0.2157543784057852,0.14471113552618345,0.11279547915341573,0.14345415660111818,0.7,1.0,0.0,69,55.397274857283584,70.93509770518317
15,32,0.24520538868495154,0.22817600490703316,0.27107120737066337,0.4497247716565461,0.2164542485437362,0.14467711799959354,0.11126688189350423,0.14523981853419582,0.7,1.0,0.0,70,55.56278927885921,71.093954364315
15,33,0.24520538862939648,0.23489511679004751,0.2888479205742629,0.46095591400449587,0.2125409086401286,0.14467711799959354,0.11126688189350428,0.14523981853419582,0.7,1.0,0.0,72,55.5627896806966,71.0939574815817
15,34,0.2559220028550477,0.2349990190449191,0.27764963292301176,0.46441417009417485,0.23058022450820176,0.14352337151305608,0.12446875483482948,0.16396032611551642,0.7,1.0,0.0,74,53.01925686558654,72.20831226479493
15,35,0.2564063920820754,0.24628460340756803,0.3108854097303918,0.4912686490951216,0.2284462950811773,0.14798771199849314,0.1229502774746792,0.14738567687510523,0.7,1.0,0.0,78,51.894408805601856,72.89509043599604
15,36,0.25087477292219107,0.24060856876075465,0.30520041725159996,0.48744837257709606,0.22127894192562209,0.14378787434329235,0.12041959031037013,0.1362870609473982,0.7,1.0,0.0,80,53.90963178730583,69.55742994439768
15,37,0.26911673654336776,0.2489401218469154,0.3022753641407137,0.5043195621330965,0.2498435418035666,0.13885267610596763,0.14345857213812424,0.17523256461753395,0.7,1.0,0.0,81,53.91996074237775,72.48896063030811
15,38,0.2504588557366595,0.22938757193922385,0.2826670564372447,0.48902497015928115,0.22494051379355573,0.14569453758633236,0.12038475471311536,0.14920265855639522,0.7,1.0,0.0,82,54.05035086264876,71.46073770742544
15,39,0.2504588559298234,0.229387571939224,0.2826670564372449,0.4163039408303658,0.22237097645639625,0.14569453758633238,0.12038475471311547,0.14920265855639228,0.7,1.0,0.0,85,54.050348800378586,71.46071933051714
15,40,0.27388600493959303,0.27949847529655303,0.37699657769138945,0.5410160284940833,0.24615643124502318,0.14472125320616577,0.14457384261659068,0.1841432543148375,0.7,1.0,0.0,87,57.018103873400925,66.02750312682537
15,41,0.2667277097563495,0.24186306338343544,0.2949072027279556,0.5251657565567054,0.2505224818130829,0.13978103902162425,0.14236259957731573,0.17433555571759246,0.7,1.0,0.0,88,55.64292915369314,74.52565405568116
15,42,0.2674551589330776,0.2414175840249289,0.29438916632389717,0.5293016624286406,0.24476934417875262,0.14283963650428075,0.14142983847193238,0.17504844638013112,0.7,1.0,0.0,89,56.56861755560909,73.64053970451228
15,43,0.27155237980710756,0.2588502765249696,0.3445743794419573,0.5659594298074235,0.26768231457978897,0.13927997846397866,0.15077468412935563,0.15794996711496934,0.7,1.0,0.0,90,55.98400985751228,66.91690612719073
15,44,0.26800559449948386,0.25450833552174257,0.34018364828714054,0.5693535823574329,0.2461669978313587,0.1363718285028857,0.14958023473920484,0.15769670284452472,0.7,1.0,0.0,92,55.67062871365779,65.27170609694703
15,45,0.2714839868434088,0.2577871506226735,0.34345029626303314,0.4980209268280348,0.24873826007430075,0.13945782427680528,0.15097731208602388,0.15866360511443095,0.7,1.0,0.0,96,55.87389724767256,65.7881724426414
15,46,0.2663770659002894,0.2582818842512642,0.3655814284672011,0.6050416090924395,0.25208760607679614,0.1387363576350625,0.14944592255048222,0.16829897408343886,0.7,1.0,0.0,100,57.50128666079962,67.70157224777753
15,47,0.2662309203130703,0.264476065518418,0.3828099950761302,0.6118523478944226,0.24709303125611842,0.1387363576350625,0.14944592255048225,0.1682989740834388,0.7,1.0,0.0,102,57.30073621000727,66.72992731158891
15,48,0.2661701326185334,0.2569263902460388,0.3641562076322772,0.5360565426934538,0.2473371657334455,0.13886006010592608,0.14959503274497948,0.1775712629028182,0.7,1.0,0.0,106,57.78697376652137,66.71169593053632
15,49,0.30443710630715215,0.2945288532604265,0.40171830856048985,0.5744303273371973,0.2871837089196294,0.13546782040367555,0.1904919224348289,0.20456524803005288,0.7,1.0,0.0,107,58.76838389251964,66.85107793019618
15,50,0.253943245328497,0.2489225158817667,0.3670580132890667,0.6437321552648478,0.2372373054714271,0.12869473283801997,0.14544001458859734,0.164914173111774,0.7,1.0,0.0,110,55.300118712193225,64.49252634917423
15,51,0.2547488729795361,0.2563193713821883,0.3855049007019199,0.6515425233553616,0.2365591961005945,0.12960275621211595,0.14565869077392496,0.1696231760809054,0.7,1.0,0.0,112,55.98804242245853,64.34070745322056
15,52,0.2620457800467955,0.26601383333757833,0.40599543301139995,0.659511426238792,0.2513464191368511,0.13408157018668648,0.15145457799287745,0.1684507767103061,0.7,1.0,0.0,114,57.083879906502034,67.797775168917
15,53,0.26179603511065014,0.2723659859460917,0.42339837097912825,0.6719241802307143,0.24526925796241228,0.1339265873087288,0.1513572768360982,0.1684992774182928,0.7,1.0,0.0,116,57.06538107581999,67.81730535135732
15,54,0.2596559027434593,0.2700731397574692,0.42109630853930125,0.6816099124943314,0.24316479263223445,0.13063064247819942,0.1515815642751905,0.1600504012688348,0.7,1.0,0.0,119,56.58721003107512,67.88622008611044
15,55,0.25648005360848636,0.2663737114751452,0.4173654065247673,0.6820063916746965,0.2415018767855749,0.1285076515111893,0.1500879587563632,0.16775293073399397,0.7,1.0,0.0,120,56.735622780004334,66.02833509254371
15,56,0.25541467397604256,0.29092076797545996,0.48606660946064617,0.7849946364114975,0.23960310855827055,0.13032434574602117,0.14822304876199308,0.16777739940512912,0.7,1.0,0.0,143,55.7377195529951,64.13878493946044
15,57,0.25623004662315346,0.297900780074069,0.5040708281066996,0.8295252280876779,0.24064337276401507,0.13043978038184229,0.14916408907448891,0.1690013699504644,0.7,1.0,0.0,152,55.68428325618095,64.4862320467074
15,58,0.25800959924643135,0.3063615525464194,0.5235870717623595,0.8235153915376213,0.24231761310987954,0.13139340140315223,0.1502900928574286,0.16979271909660312,0.7,1.0,0.0,154,56.04416621355863,63.24502591230316
15,59,0.25613578555503586,0.31753740335739566,0.5568546350378161,0.8473732315213678,0.2408055295638683,0.13042432805072932,0.14923879380376198,0.166755103777746,0.7,1.0,0.0,158,55.55954579498308,63.157931919179816
15,60,0.25468346937415787,0.33608743210687986,0.6085684622499629,0.9326654692811838,0.2391598248417673,0.13028510712330346,0.14794157946302933,0.16404939770133237,0.7,1.0,0.0,183,55.51412244288942,64.55736488217204
15,61,0.6584484171489406,0.8291621457718721,1.086085111001005,1.2743918997944943,0.6096334661687807,0.14130486945921206,0.4973366127910799,0.28722850180059983,0.7,1.0,0.0,184,54.47195892184567,69.18426784491977
15,62,0.6566135454710953,0.8383550218763165,1.1172288041185034,1.309860725538172,0.5985460257202424,0.138975057684339,0.4984708761528294,0.27096560734507597,0.7,1.0,0.0,186,54.98481644498747,72.75443358215405
15,63,0.6574431462946848,0.8356955899475482,1.1143328496956748,1.3117250337651223,0.6010498170393209,0.14259364556314164,0.4986755806542368,0.2733688625513461,0.7,1.0,0.0,188,55.18198580735323,72.45983464768881
16,0,0.8851219406913998,0.9426808575643835,0.9401646964835502,0.12401330240992967,0.0,0.0,0.0,0.0,0.7,1.0,0.0,1,196.2839437025,183.99247457206525
16,1,0.7900507372355574,0.9062514739786104,0.9003898194116065,0.15507630037747322,0.11702967949860409,0.05671820500941972,9.025894283839e-05,0.00019274172003028,0.7,1.0,0.0,3,174.75571208051693,172.80002669763854
16,2,0.3347497966034363,0.5156333104269992,0.5022607387929428,0.13000900448789435,0.9228335267347954,0.06135784882741509,0.02255173738210986,0.03342778477443373,0.7,1.0,0.0,4,63.74226783083602,87.79131621969104
16,3,0.1495223006460763,0.23232891386910448,0.20823685269132167,0.05519912941983153,0.52136830363597,0.03090000962590786,0.00479261749845116,0.00978934169997299,0.7,1.0,0.0,5,44.96027538200247,64.19272278209793
16,4,0.1431504472873113,0.22292667540207348,0.1985838812505148,0.05283894123808278,0.03429407349199979,0.028609177764609823,0.00270340198589892,0.00591464283517589,0.7,1.0,0.0,6,47.88300002500877,60.64833969121026
16,5,0.1401939800824228,0.2016757069130068,0.18640244575879134,0.06677022360013014,0.13186098024653276,0.05227857018084671,0.0034607226936233795,0.01029609321786437,0.7,1.0,0.0,7,42.1416976704604,52.8769899596813
16,6,0.13329144449568983,0.1791890944378048,0.16273996266049903,0.0691300652954933,0.09864697562619502,0.06042658565104856,0.0020630810534126498,0.00814269194176495,0.7,1.0,0.0,8,41.72965774076378,53.342830227724846
16,7,0.13223128487054145,0.1779925121314281,0.16153313075716466,0.06812739421507683,0.04386435402634816,0.05920591581421238,0.0019516500323693699,0.00781876956765076,0.7,1.0,0.0,9,41.75060450004041,52.96081137746848
16,9,0.15604679711144037,0.19127726697804043,0.18461952107372065,0.1106079070222659,0.09090482898457979,0.09224630910943048,0.0140026574782352,0.03906343768540825,0.7,1.0,0.0,11,40.32332131749659,61.64526254692214
16,10,0.16056185323183592,0.2020346657105907,0.20640059943769723,0.12203337778238244,0.08495729306050442,0.09860506372039878,0.01436552411564034,0.0409048678574268,0.7,1.0,0.0,12,41.20789755061573,70.85253285987244
16,11,0.1567299491126702,0.1899268348221697,0.18312390468642634,0.11202901028431841,0.08566262507732982,0.09210195291061932,0.016060747643497058,0.04058638085996068,0.7,1.0,0.0,13,40.385179022918486,67.93796697943084
16,12,0.1302610997474891,0.15217618347859643,0.13399128099007113,0.09914369673352869,0.06189931586145691,0.0712090351544594,0.0070453146937700896,0.01442120472622913,0.7,1.0,0.0,16,43.159864533305765,59.46457383095392
16,13,0.12725516323675323,0.14639052570446073,0.12801020704089247,0.10489256760375434,0.06454503220040926,0.06866331653119044,0.00749454794577673,0.013908351145649589,0.7,1.0,0.0,17,44.76904153138789,55.719719523924766
16,14,0.12995821770762897,0.15518893612051438,0.1478224268997747,0.10955742035069184,0.06066012082252904,0.07445264804192334,0.006519912897569299,0.01443395962527184,0.7,1.0,0.0,18,42.32641637131057,61.47468814614483
16,15,0.12888007667332843,0.15351831568520513,0.14611028215407748,0.10928853151503902,0.059820812190572586,0.07292970908311405,0.00686083999504049,0.01457351104168363,0.7,1.0,0.0,19,41.85369387145312,64.31633574786338
16,16,0.12644428856232454,0.1490622144990639,0.14151266061703333,0.11562497314936357,0.0632135061669731,0.07067688776849007,0.007205525894198051,0.014091218962962029,0.7,1.0,0.0,20,43.29901863859178,60.96054221830086
16,17,0.13319144760884402,0.15507042957486106,0.14746938771669751,0.1306158320492823,0.06505476892969911,0.08422444017160056,0.00490642189795807,0.010194952829435321,0.7,1.0,0.0,22,42.53309158078092,63.53346864358375
16,18,0.13004823267673163,0.1486810711328247,0.15144779984757462,0.14741552187019627,0.09832210087215777,0.07585850753048445,0.013370445040143461,0.02468281959331775,0.7,1.0,0.0,23,45.16859698877168,56.55368046245975
16,19,0.12411643590671109,0.15005858934163618,0.1745217268129652,0.16647153202178708,0.06877930977068553,0.07373755483386046,0.01233132939543521,0.02488993068129347,0.7,1.0,0.0,27,44.10172486333828,62.65028100636881
16,20,0.11844567081628209,0.1443129714871046,0.16877100043533877,0.16984749382025763,0.058396581448897665,0.06254903259551811,0.014533735986093291,0.02311788154090813,0.7,1.0,0.0,30,46.08113143064151,51.6649166850936
16,21,0.11887246856378776,0.13645827017621148,0.16035742548620335,0.1817172919934319,0.08901971499298007,0.057524247840449315,0.02293558883639081,0.03161873356292078,0.7,1.0,0.0,31,51.15249958008757,56.449101323646
16,22,0.1188262255321358,0.14304348374197698,0.17799410354248874,0.1908202513311339,0.06333788604336077,0.05752424784044931,0.02293558883639081,0.03161873356292077,0.7,1.0,0.0,33,51.05192525656163,56.897121709718455
16,23,0.11809323166733751,0.1407042507006004,0.17554735053132114,0.19680899764043044,0.06579941375090438,0.05730688537326371,0.02320030458995192,0.03214082430137693,0.7,1.0,0.0,35,50.80743680891496,55.1290688281855
16,24,0.1213413850374506,0.13715395701592592,0.16093403740377357,0.20620131139075223,0.06685168382606413,0.06015874487474262,0.02449400629115241,0.03445620785065395,0.7,1.0,0.0,36,50.9950255338354,54.85618127420253
16,25,0.12592980095322542,0.15404031203916735,0.1998592499712813,0.21439304430005673,0.07355008394722792,0.06667685827278821,0.02511624032455262,0.03610274784056603,0.7,1.0,0.0,38,50.94279284080679,59.59731361471205
16,26,0.12612468521222195,0.14521456744812247,0.1798225422927123,0.2246260454752687,0.08026565860770193,0.0683948798944508,0.025303522505442228,0.03656059000896703,0.7,1.0,0.0,39,50.625757707461055,61.7823435195176
16,27,0.1260961116333729,0.14513049652917642,0.1797347616832139,0.22461234195882557,0.07335000009555671,0.0683948798944508,0.025303522505442228,0.03656059000896702,0.7,1.0,0.0,40,51.081138564906695,59.58530149362741
16,28,0.12367741989352732,0.1485328994709298,0.19413509725220637,0.2321116690287479,0.07398324306305303,0.0643867262855961,0.026153649773224492,0.0371493827098235,0.7,1.0,0.0,41,50.62553222025918,63.77086526051701
16,29,0.14539712020142648,0.16646425252411023,0.21181486755713613,0.2612439344464181,0.10071252171766909,0.07599535343663258,0.041690139880562097,0.038527670589782397,0.7,1.0,0.0,43,53.79841923756878,62.09930233614334
16,30,0.1439109225446339,0.16872452993763765,0.2249372094582261,0.27035700748057634,0.09938608605306351,0.07599535343663258,0.041690139880562097,0.03852767058978241,0.7,1.0,0.0,45,52.77340078122877,65.71252089276041
16,31,0.14187730021402914,0.16662927124296217,0.22283798583547054,0.27127825139483647,0.0929777062033563,0.07518531031363292,0.04025438938282744,0.0387522729130333,0.7,1.0,0.0,47,52.64355460328272,65.69643171517399
16,32,0.14186472598062871,0.17331065373796156,0.2405750697587128,0.28133453858956303,0.09292254145381793,0.07518531031363296,0.04025438938282751,0.0387522729130333,0.7,1.0,0.0,49,52.733765056868585,65.24170426877083
16,33,0.14015191740037364,0.16441520483667504,0.22059168654910172,0.2829912586268938,0.09281072521207742,0.07109234602634898,0.04163804527860373,0.056175626160001914,0.7,1.0,0.0,50,52.2451675917229,64.81410687534117
16,34,0.1285437814666286,0.13707983852420408,0.18160953463343066,0.2866293966932701,0.09780278022123305,0.06861121797742038,0.036177119351330875,0.04977784731785588,0.7,1.0,0.0,52,49.33651518690501,64.6264979181465
16,35,0.12556193377137934,0.13996716101328976,0.19549927403567982,0.30082504163812207,0.08290733948133908,0.06761177530824525,0.03430313289571549,0.05013235014232659,0.7,1.0,0.0,54,49.00623360835564,65.15586237346596
16,36,0.13719498702710428,0.13121911575762144,0.15356385773453804,0.3267274453181732,0.09344450968716833,0.06989674436370259,0.04444287204437946,0.07615112217383366,0.7,1.0,0.0,63,46.878376751640346,67.07623256163836
16,37,0.1357223529826932,0.12929554808587,0.15161101912756303,0.3285576419566992,0.09346369135977997,0.06902572367147045,0.04379543467810678,0.07443274431957428,0.7,1.0,0.0,64,46.94523314533809,67.74564772928575
16,38,0.14009706282990023,0.13977856541034206,0.17311208820252239,0.3441978338584129,0.09769390999968627,0.07656095756907962,0.04318690088724836,0.07085750020231504,0.7,1.0,0.0,66,43.09280274762796,78.22682374341858
16,39,0.13492620336479785,0.12770557016383136,0.1499696337784292,0.3311471193735116,0.09224673410590742,0.07226111054945063,0.041113577786295305,0.07103926283320026,0.7,1.0,0.0,67,43.21825173601402,69.57263901570121
16,40,0.1392370159892123,0.14370286130778392,0.18796881291365802,0.3549011020473795,0.10206768225400044,0.07482303772629376,0.044461298607192876,0.07118491656863904,0.7,1.0,0.0,68,43.78412098004714,76.95543496049116
16,41,0.13755981007008317,0.13256687965754368,0.1655983966284019,0.35900650860339667,0.10052854426507579,0.07746448039173973,0.04222262104270947,0.07352049918048373,0.7,1.0,0.0,70,44.57890925339972,71.64622613779487
16,42,0.1362064669040433,0.13633049863213345,0.18031666211990172,0.362784670393801,0.10059970458106078,0.07896252641726592,0.04056694526932686,0.06785704233426249,0.7,1.0,0.0,71,44.82004862221153,71.51970170766573
16,43,0.134976323490694,0.1324833858458015,0.1763014558719857,0.3720557087168042,0.10357423642652966,0.07718127462096891,0.04179275575655159,0.070053486791149,0.7,1.0,0.0,72,44.69676809440197,71.14922334706138
16,44,0.12675387561644616,0.1508931047230438,0.23892621501564942,0.4164049768810738,0.08777485530267493,0.06779222871898556,0.04025473790904875,0.06613610495689173,0.7,1.0,0.0,83,43.77412008583123,68.07775682207465
16,45,0.1600644639766352,0.1892580915298263,0.28824231870721806,0.48345533300399085,0.1259971696557637,0.06840284863292931,0.0739001627873246,0.13336369847809898,0.7,1.0,0.0,85,40.62929111013918,71.78705360747705
16,46,0.28607063684875655,0.3097935755985697,0.41906218609098844,0.6466888178682482,0.2611985847014888,0.056437718559161555,0.21370969971746484,0.1760622412494253,0.7,1.0,0.0,89,39.194454982728494,81.76618944898891
16,47,0.23271835933374801,0.24377648915266462,0.3416142641498473,0.5998477007685572,0.20798662906954962,0.061243946922353465,0.15954898571603965,0.15990393809222353,0.7,1.0,0.0,93,43.87615232184648,74.48058715574837
16,48,0.23362631097204023,0.23936231596801938,0.3368681659723527,0.6087592068343773,0.21120897643681613,0.06558538681268312,0.15965747113983877,0.16005633146490914,0.7,1.0,0.0,96,40.08660812467544,75.24789088126026
16,49,0.20313175712876655,0.19716810843466742,0.29395098026638844,0.608317931000504,0.18884750055473873,0.06087261356156855,0.13723272315897644,0.19422813487246354,0.7,1.0,0.0,99,37.61917760692059,74.30372350811594
16,50,0.313447071026435,0.30350085021259293,0.4213386033977346,0.7342345668691366,0.3211668755463005,0.06362685481759338,0.2523526422539369,0.2395828182191932,0.7,1.0,0.0,101,40.03725918741096,82.95051239053979
16,51,0.21826670733882558,0.22286456878600197,0.37353757942250815,0.7200556890734353,0.20510540884210843,0.06047939890269195,0.16145821926970197,0.18590779167060006,0.7,1.0,0.0,113,41.17570434294371,62.72480603882109
16,52,0.22002602703608165,0.230425160819735,0.3921006957681205,0.7310806711298387,0.20714414795091826,0.06290863907470642,0.161853323349464,0.1873821111219516,0.7,1.0,0.0,115,41.6941976253835,64.5423259625695
16,53,0.2500595535090004,0.27853649927381235,0.4732602222933037,0.8111832444801033,0.238861676366145,0.05864176229499424,0.195632251093315,0.16664908691450017,0.7,1.0,0.0,118,41.999391769167325,60.80352407618648
16,54,0.24974992722248662,0.27628743244975645,0.47089532053384753,0.8188024137482635,0.23975523129309795,0.05934942795611956,0.1955299007226286,0.1653513221550616,0.7,1.0,0.0,120,41.38618908677048,60.95724419382799
16,55,0.3187155916730401,0.35015542461384047,0.5770313594033925,1.1423236336808247,0.31206575487110605,0.06015688635028764,0.2692962923711311,0.24967797822296905,0.7,1.0,0.0,182,37.10227807947365,85.57645662408433
16,56,0.31470974297249055,0.359192213699122,0.6081599740529604,1.2031765279668942,0.30767328450918885,0.062103804288470524,0.2640630972801712,0.2320714794243965,0.7,1.0,0.0,193,38.26968110434295,83.7743455643542
16,57,0.31407228097150375,0.35125757193321,0.5891336689966656,1.2106141367426526,0.3085855765437137,0.06102579235476925,0.2643778837664109,0.2414607863467766,0.7,1.0,0.0,194,37.42301299550067,84.69819108969166
16,58,0.3175562885522671,0.3536797823757023,0.5914934803705008,1.229660304199793,0.3116800151897156,0.06051975747538142,0.2685781929199963,0.23548235095925638,0.7,1.0,0.0,198,37.15972016618088,84.08016173691604
16,59,0.32996270429784347,0.370804228844106,0.6195579121326427,1.257763454638635,0.3269738052442345,0.05950295593845191,0.28237592058949623,0.23290543186865764,0.7,1.0,0.0,200,36.64074334375333,86.34687158347101
17,0,0.9544093476570141,0.9779824414810016,0.9770160694978341,0.12971370559758327,0.0,0.0,0.0,0.0,0.7,1.0,0.0,1,153.5116465225,178.1519728268477
17,1,0.8734633704647234,0.9649967760861956,0.9606785722486215,0.18433580279205378,0.14075471322266295,0.09040687563424216,9.216259535501e-05,0.0002023266361325,0.7,1.0,0.0,3,132.88541083631804,156.35732954663246
17,2,0.1985714058307421,0.26050034579095405,0.23472542252152337,0.09942744469179546,0.8435417387271584,0.11590566419935092,0.01179684036049536,0.025897871234388796,0.7,1.0,0.0,5,35.12515507692967,55.816469522970536
17,3,0.19219101353120063,0.24639460495751153,0.22002090525875398,0.10492016077558891,0.10629178401012672,0.1236067420055034,0.00594320974855194,0.013021343027231399,0.7,1.0,0.0,7,31.909147221365902,58.25224040060302
17,4,0.18754367892287996,0.2465424590573518,0.2310788949588171,0.10572966145256905,0.0926556483236438,0.1190060455972772,0.00594953478038159,0.013073558054248379,0.7,1.0,0.0,9,31.68966020473713,55.79512347506645
17,5,0.18747961366128157,0.25311085843932807,0.24869849384737394,0.11807137710468259,0.08940622838253348,0.11900604559727723,0.0059495347803816,0.0130735580542484,0.7,1.0,0.0,11,31.74574202737302,55.28689154904735
17,6,0.18742300077824375,0.25297778002507965,0.24855961571423993,0.12197306190549013,0.08952377488433605,0.11900604559338179,0.00594953448202153,0.013073557399251739,0.7,1.0,0.0,12,31.710611489513497,55.47942301875703
17,7,0.19114717250335994,0.24305981871367816,0.2165108491439593,0.1380111492942343,0.09330847786036789,0.12441381055763152,0.00603909972942363,0.014238045913542418,0.7,1.0,0.0,16,30.557049023337424,57.73651295349796
17,8,0.1862875505002242,0.2354231403371083,0.20866284522598827,0.12731271695117743,0.09518376577215924,0.12166322366310825,0.00514181501829967,0.01103022033824338,0.7,1.0,0.0,18,29.118660603487967,56.7887157026832
17,9,0.18675420262787334,0.24173036377833787,0.22596106049994855,0.1477456192213321,0.09243491755337956,0.12161294335168478,0.00628147510087437,0.014983473937966122,0.7,1.0,0.0,21,29.913663543766585,58.17486786949027
17,10,0.18673091538435999,0.24167499987030575,0.22590319460445488,0.15033828283913211,0.09146673797552082,0.12161294338300348,0.006281474946810341,0.01498347358641507,0.7,1.0,0.0,23,29.90215130571454,58.33539167462745
17,11,0.18598766473461203,0.24489155300005983,0.23996955665836944,0.16647523704439296,0.10225958340079255,0.1197710089221253,0.00881028024678543,0.01780100533161872,0.7,1.0,0.0,24,29.43916555076502,56.85166936427681
17,12,0.21235413937962705,0.276090663632922,0.28208417135970626,0.2045855272512144,0.1236307170348489,0.11808464173320384,0.03769782901028984,0.04637445620254389,0.7,1.0,0.0,26,30.23318782734226,57.107835747586485
17,13,0.2017886082160694,0.2685930004610508,0.28537213125080224,0.20622119668946592,0.11862498490778062,0.11658634729449532,0.03073183326848287,0.02545115578800387,0.7,1.0,0.0,28,29.15614745032441,55.2388561475177
17,14,0.19973520043555804,0.26544751592773586,0.2821453358975193,0.2136557458869196,0.11293262065869905,0.11463932745026476,0.03080066830214706,0.0263709290062438,0.7,1.0,0.0,30,28.835639429215583,56.46501801211716
17,15,0.19732824244537983,0.2597684808416059,0.27622433739068325,0.23064660103986404,0.11460359301364395,0.11394828026068064,0.031113856898912003,0.026859192426508232,0.7,1.0,0.0,33,29.6743393863442,56.7134181450529
17,16,0.1828437047638167,0.23109291259188902,0.22537888819095653,0.20302959100382778,0.09724669771689931,0.12267841993342148,0.01101499557127927,0.0201461959659455,0.7,1.0,0.0,40,27.47348568468135,60.14695432186103
17,17,0.17972171593917413,0.23335380601766367,0.2385991294052366,0.20696119013100034,0.0969279423240416,0.11953787349303287,0.01098837030095878,0.02008050626665048,0.7,1.0,0.0,42,28.10199990674157,59.132301280045134
17,18,0.17964255022316677,0.23304025311671606,0.23826853779563925,0.2125408131308516,0.09553343795925232,0.11967750571280722,0.010967902093758631,0.01997017126765173,0.7,1.0,0.0,43,27.57850445357825,60.21901593433232
17,19,0.1769886015982697,0.23533135249613063,0.25148763003224617,0.2133723784084049,0.09626108126874386,0.1117761797869123,0.01502457770761011,0.02032803751440557,0.7,1.0,0.0,45,31.41215059192244,60.28733688441488
17,20,0.3204636597279924,0.37019390368121075,0.3751543686794409,0.40015833585128935,0.2444001002640228,0.1228183686226079,0.15202772764303368,0.09692404611402772,0.7,1.0,0.0,46,37.129505263232645,71.82875358479524
17,21,0.18055491981305927,0.23572654667355727,0.25165225113039447,0.22652114921395886,0.10316245055510831,0.11976675495688822,0.01507936634305127,0.02049385009432458,0.7,1.0,0.0,47,29.133634035899743,62.58690841259726
17,22,0.3193919865614486,0.3721834240442842,0.3879370758125459,0.40761345015812955,0.2472397070479711,0.12289327728505628,0.15326866372331222,0.09645917796906522,0.7,1.0,0.0,48,36.69887590072615,68.09612965862206
17,23,0.30901637785014396,0.3487679387085578,0.36359281009557465,0.40495232307275286,0.27992923629307376,0.1262565933949616,0.14866217307274646,0.1026691007934905,0.7,1.0,0.0,49,34.19841424471371,66.11811988468328
17,24,0.31185902423365075,0.3515286493087879,0.3663477746762776,0.4108303674669505,0.24019948006102707,0.1226390057592868,0.15408622262089217,0.09947714737231506,0.7,1.0,0.0,50,36.27544295309474,68.66040383781227
17,25,0.312675440943448,0.3517459808363207,0.36652264487536074,0.4133870378289199,0.24307960912795346,0.12271905796080425,0.1552073614405045,0.09893531729754056,0.7,1.0,0.0,51,36.41907773158325,69.29422796444689
17,26,0.31241166024883593,0.34415506303055976,0.34783176591687587,0.41179750098064327,0.2431878339840164,0.1221301916523552,0.15572113913425414,0.09824176000284927,0.7,1.0,0.0,52,36.24147324255111,70.45376745310645
17,27,0.3124000964630841,0.3508433944261019,0.3655762969499161,0.42509264917021183,0.24127339418553084,0.12213018973472518,0.15572111764239652,0.09824177267369996,0.7,1.0,0.0,53,36.10380984415658,68.85606773644979
17,28,0.3156370874736366,0.35342005217015365,0.3681064478884003,0.4347015624527838,0.245911784413412,0.1255277057297139,0.1569749117992659,0.10221184058943189,0.7,1.0,0.0,55,33.59118061749625,67.41445562478171
17,29,0.30350453441335995,0.34010030120543816,0.3547037620650227,0.4305965741591732,0.23723627468609682,0.12047422771493477,0.14908726688651724,0.09612379689259892,0.7,1.0,0.0,56,33.408675908435285,65.5970827199813
17,30,0.3034376599782138,0.3466399934443596,0.37229284991472045,0.4413855028018671,0.23360106958109209,0.12047422771493477,0.1490872668865173,0.09612379689259912,0.7,1.0,0.0,58,33.53064146094799,66.57013552016623
17,31,0.3021861892003776,0.3514359713586499,0.38809975149954284,0.4542948360318281,0.23364984079853013,0.11903116593452871,0.14924423239593737,0.09594807864521784,0.7,1.0,0.0,60,33.94655398666661,66.11104108306567
17,32,0.30018671389617024,0.35558474264421724,0.4032662030165652,0.46333373851910914,0.23182455645552577,0.11781228308619518,0.14843548581898836,0.09352788853184853,0.7,1.0,0.0,62,34.609170247844666,66.63494440844615
17,33,0.3096177048102312,0.35702562144239647,0.39356090131359645,0.48596596464888975,0.2421061857075573,0.12559501751820323,0.15316669980964273,0.1266099639166916,0.7,1.0,0.0,66,36.46205931366423,65.63062853771903
17,34,0.3337204201588264,0.38105894783263794,0.4281815414626101,0.5154563036867909,0.2908151268015441,0.1311412251216321,0.17730899901722008,0.1394631009976029,0.7,1.0,0.0,67,35.91582708529769,70.2532877413782
17,35,0.33333900177914166,0.37144633724861453,0.4073391271735303,0.5190536126985134,0.2781141041935175,0.13167276672094436,0.17797547959112237,0.14185575387595062,0.7,1.0,0.0,68,34.92145212846527,68.35407572476811
17,36,0.3331107154477192,0.35763967666815477,0.3714076010025613,0.4167246815760267,0.27010796673778203,0.1314765177732009,0.1779634115314159,0.14221292791153667,0.7,1.0,0.0,72,34.78801432029845,68.81262377813701
17,37,0.33309942847617413,0.35759208515528207,0.3713574402124526,0.41672444439832534,0.2701200351472624,0.1314890465598281,0.17796364394992661,0.1421959648335482,0.7,1.0,0.0,73,34.77683424354113,68.60139824662146
17,38,0.3333400780720829,0.3644240176940323,0.389237921106896,0.4360877032638213,0.27072398663273006,0.13165329421042432,0.17816121094549808,0.14176881283810247,0.7,1.0,0.0,74,34.58181231969595,67.39540084317662
17,39,0.3279622776886178,0.3573802395847585,0.3820802448818079,0.4408056205042057,0.2685041672051941,0.12839387534459443,0.1759966123867281,0.1370360244610165,0.7,1.0,0.0,76,35.12184952875702,68.4066103022173
17,40,0.5063404844932085,0.5654977503863596,0.6558269610731802,0.779568612242466,0.45829963700771215,0.1316849743114547,0.3578249207361167,0.1964867207033456,0.7,1.0,0.0,80,32.206860474184495,64.91976314711515
17,41,0.41661001786179086,0.481246116752708,0.5825492119492215,0.7001026221389621,0.364814732193652,0.11516671992108299,0.28031470049965984,0.17260338226505062,0.7,1.0,0.0,81,35.67892274056559,70.73835694222619
17,42,0.4720484662473811,0.5329411650602789,0.6339939585336498,0.7789506565295318,0.42065187040040836,0.11686278262973893,0.3365288697974143,0.20482738429400066,0.7,1.0,0.0,86,35.6817111752938,71.12160521831343
17,43,0.4716719748150417,0.5385573074969207,0.6506193183973255,0.7908851419513555,0.4194520084686064,0.11686278262973897,0.3365288697974143,0.20482738429400055,0.7,1.0,0.0,88,35.70325776179416,71.94184997604555
17,44,0.40145624285984083,0.46826298843682124,0.5803196674650641,0.724142374476213,0.34845173726485557,0.11783232664082252,0.2656764399303868,0.1251873921281464,0.7,1.0,0.0,89,34.01327235609142,65.97044527332838
17,45,0.5019821055258791,0.568694893983479,0.680745305446113,0.8212502998880122,0.4498833502624852,0.11675545294367506,0.3670077432905401,0.20244584405512794,0.7,1.0,0.0,91,36.32344148414821,72.79423662809097
17,46,0.47509281737277537,0.5776360211783323,0.7557344745436619,0.8925131072944046,0.42498346857546615,0.11751201211524073,0.3418926167935576,0.2101065019645389,0.7,1.0,0.0,105,38.54581756142794,71.27916514717613
17,47,0.4391367038834173,0.5196307966911149,0.6644313127032797,0.8498903970059544,0.39203992177181424,0.11878509820213887,0.30599536980596503,0.2114098929396846,0.7,1.0,0.0,107,37.39373035349027,70.18795388419521
17,48,0.5311750314872614,0.588559824709236,0.6999929678396858,0.7735978869969891,0.4839733990606434,0.13369574647632493,0.389076867619893,0.2204414878116166,0.7,1.0,0.0,114,37.01811629860042,62.488553290215854
17,49,0.5319186299230514,0.5886580418333909,0.7000488806881443,0.7745030204011631,0.4856198917361863,0.1338195253970309,0.39005299950619743,0.2206743000544269,0.7,1.0,0.0,115,36.8768109446964,63.15960690486403
17,50,0.5048658430122811,0.6060243231056784,0.7946470719627365,0.9514978195963977,0.4659784192268163,0.11883776119511047,0.374778339351344,0.250595846371657,0.7,1.0,0.0,116,41.26403188330384,72.32841618525251
17,51,0.5048460793490126,0.6126833550392998,0.8123613602822337,0.9715845419606401,0.4580211514068199,0.1188377611951105,0.3747783393513441,0.2505958463716566,0.7,1.0,0.0,118,41.138644591169616,71.41978673673005
17,52,0.5048349573867477,0.6193688385547349,0.8301026526246296,0.9954742101337023,0.4579776399745866,0.11883776119511047,0.3747783393513442,0.2505958463716568,0.7,1.0,0.0,120,41.24118452731053,72.18933103344297
17,53,0.5041914416571689,0.5636906775508788,0.6858797282991771,0.7848503348661211,0.459241307836989,0.1182863264759982,0.37514851283017353,0.25009732585664285,0.7,1.0,0.0,123,40.6792044432403,71.87627857684606
17,54,0.5059169096032272,0.6109335294497991,0.8104269720668511,0.9821820295351316,0.4650206595539923,0.12293246277757215,0.3743600271728296,0.2506182157246593,0.7,1.0,0.0,124,40.04551718690188,71.77052014880704
17,55,0.359092063486281,0.46899384262754307,0.6900475917725599,0.9674135805552,0.3184906672152694,0.13261134200935917,0.2248464511583322,0.20861207470010176,0.7,1.0,0.0,155,33.92699643590407,65.75236765195555
17,56,0.3984379826847408,0.524767893833664,0.7787554013103246,1.1125948297243462,0.3598561088736737,0.14364617712215919,0.25819477972505006,0.22358376226094845,0.7,1.0,0.0,172,38.54723980573126,80.36746554680767
17,57,0.38938942439303315,0.5329867116415603,0.8199614865087896,1.176022490129408,0.3510906946913082,0.12861121572319295,0.26099965963713695,0.2376388250391502,0.7,1.0,0.0,187,38.05193517696672,68.36542108782258
17,58,0.3885248235290033,0.5231336784257141,0.7989065513907913,1.176320310151774,0.35454840896186907,0.1286912997590634,0.2611075150631348,0.23800014382424944,0.7,1.0,0.0,189,37.79698554835392,66.0836222826088
17,59,0.39195464592681273,0.4858291486719006,0.6952294801547785,0.9184137033053763,0.3552377799766661,0.13007179429938698,0.263761952372162,0.24824063333838442,0.7,1.0,0.0,192,37.988351083159046,69.16957244857893
18,0,0.8838590693794021,0.9420148518455105,0.9394696059201234,0.12390576185852602,0.0,0.0,0.0,0.0,0.7,1.0,0.0,1,198.60815912769604,188.2701537016092
18,1,0.8020512710662576,0.9176726488485467,0.9118500813748521,0.1657489628207534,0.12598281910069306,0.07176925168520655,8.577970502284e-05,0.00018018003057257,0.7,1.0,0.0,3,170.01131260338653,165.76043554725453
18,2,0.4139900025310528,0.6128000550691218,0.6037335874373765,0.13254875232445165,0.394860309271709,0.08904693658521232,0.00223315012214685,0.00469072558799819,0.7,1.0,0.0,5,79.24871064535644,84.88307767305221
18,3,0.41083219813810823,0.6092088504499367,0.599983984856715,0.13802730729768856,0.07179072553142474,0.08905803469291161,0.00224266470956936,0.0047107109522777895,0.7,1.0,0.0,6,79.14512558868762,85.90217397671549
18,4,0.18638730358169708,0.2626771794061478,0.2485635670589271,0.08940101314492906,0.8107451827150334,0.0919272979072385,0.01028049493299805,0.02159415086395568,0.7,1.0,0.0,7,33.59577312213866,54.8994497836762
18,5,0.18012372563005502,0.24696154763982828,0.22157294372779643,0.09090228796350272,0.07563551494886113,0.09440852975309272,0.004510987893825679,0.00943341461317511,0.7,1.0,0.0,9,34.19026546199315,57.45352364077718
18,6,0.17240065375103703,0.22791656432420254,0.20164358189312798,0.09296951996701057,0.09209717397768392,0.09466884481403852,0.00542922672531516,0.0113621727114531,0.7,1.0,0.0,11,33.3307940693153,56.97524354397901
18,7,0.1819120190091771,0.24062419773865906,0.22513908160763368,0.10976589202219736,0.09005613373966016,0.08786649243750275,0.02232784980962024,0.04569931963071943,0.7,1.0,0.0,13,34.04042057888504,65.11882811792029
18,8,0.18202442715502787,0.2521991740107582,0.258677803022781,0.11478828892928505,0.09247536144162447,0.10392660478279447,0.01267312226918205,0.0390860125611602,0.7,1.0,0.0,14,34.97412922845417,53.01857508612692
18,9,0.1682290082237403,0.2286481552464526,0.23439447103376437,0.10926446430401861,0.11229135244657378,0.09959449376611657,0.0088342515355181,0.02754382449864029,0.7,1.0,0.0,15,33.50011630485392,55.29808388192904
18,10,0.16003245410850891,0.20869552278836795,0.20301192332639134,0.1281259475404803,0.07952961625830146,0.09276463129224136,0.00886418536283097,0.02169933446284873,0.7,1.0,0.0,18,33.051739674944145,54.570535826174535
18,11,0.16003245432896732,0.21541463485593232,0.22078863671454085,0.1375733965241395,0.07379949377332691,0.09276463130869596,0.00886418553586287,0.021699334863496962,0.7,1.0,0.0,20,33.05173824049183,54.57053758436799
18,12,0.16321910624614788,0.23077499418184874,0.2581714015236933,0.14903843026871683,0.0792673952783016,0.10356488146462044,0.0053420674807693495,0.012519156084041791,0.7,1.0,0.0,23,32.041711124161935,55.87833064493552
18,13,0.15415477722585505,0.20539362596545133,0.2104641798795551,0.14293104236920967,0.08040706698090781,0.09562574063931288,0.00375123470236648,0.00829675587294356,0.7,1.0,0.0,24,31.67477185323221,53.8582866139799
18,14,0.15115742082263642,0.20698827402988204,0.2229617220332938,0.1517450177839564,0.07265829309622107,0.09289160803141419,0.0040644655192973705,0.00913115087824308,0.7,1.0,0.0,26,31.63726764070912,54.79419347589043
18,15,0.15115742084894446,0.21370738600628073,0.24073878603187357,0.17061923259962128,0.06908864195693916,0.09289160804703309,0.0040644656017485405,0.009131151056930461,0.7,1.0,0.0,28,31.637266292864705,54.794195483881246
18,16,0.1524866919087085,0.2140580445356547,0.24101828568593126,0.19114179546829002,0.07214738343817946,0.09538852546006407,0.00428369914701181,0.01082011944161315,0.7,1.0,0.0,31,31.879436414147268,54.957286401137104
18,17,0.15219312874145635,0.22698233449306504,0.2760417289686682,0.20548557619206914,0.07164337868337106,0.0950672674260554,0.00435840647490886,0.010066344619926181,0.7,1.0,0.0,32,31.955079192183085,57.41230956169744
18,18,0.1883725639493253,0.2580085435500624,0.3066966842923946,0.224107682549354,0.13123029036079387,0.0956991120084174,0.04340313958661085,0.04769721508945635,0.7,1.0,0.0,33,32.15153039672952,55.445346552621615
18,19,0.16526662313337756,0.23129323011140948,0.27972402126852725,0.21206036922834118,0.09227892437610216,0.09031749385536952,0.0263233140485725,0.061482521644715106,0.7,1.0,0.0,36,33.635252932674774,53.62589598594612
18,20,0.153676698518772,0.21713600607367348,0.2653843224450058,0.20463542629354728,0.08795744766127249,0.09395077543959798,0.01377569124680724,0.03146264707000438,0.7,1.0,0.0,37,31.756269247884983,53.4427413002329
18,21,0.14712676442764974,0.20358772239059994,0.26193404746462945,0.2092035977353591,0.10329600908964846,0.09402062241055545,0.015325223563900519,0.02587797912727326,0.7,1.0,0.0,39,32.83977446804191,52.20754222598147
18,22,0.1415290893277503,0.20162288186126825,0.2708137685816561,0.22408858430746528,0.07894220270795553,0.09576642798540161,0.01026784371112945,0.01303566378393298,0.7,1.0,0.0,45,31.38663886075748,49.72871547060501
18,23,0.13756484382271117,0.19691509171145127,0.26605501770287915,0.23010653974406867,0.07611791597802166,0.09182730064789277,0.0094813122974226,0.0125406649614429,0.7,1.0,0.0,46,31.760050875976425,49.43329580945799
18,24,0.14113313913399333,0.2066788118232756,0.28684071252724447,0.24330340639389625,0.07928570974525657,0.09595367401927624,0.0104568430494582,0.01322289665148925,0.7,1.0,0.0,47,31.134658485248927,50.38148502835563
18,25,0.13782326933005717,0.20269386374935427,0.2828093438978825,0.2468094874002777,0.07683125697766445,0.09243230287591424,0.00999163723213491,0.013131998634895739,0.7,1.0,0.0,48,32.10838349207419,50.37202140167487
18,26,0.1356659212937104,0.1998907319359599,0.27996213811952453,0.24815490848770755,0.07494175089885591,0.0903639995687858,0.009644348557000849,0.01834891119088905,0.7,1.0,0.0,49,31.81898639513313,49.32370812220231
18,27,0.13648508407351623,0.19309417043757487,0.262046042422853,0.24287623324070223,0.07705394304101669,0.09139428466465313,0.01024373724129478,0.01280278349719847,0.7,1.0,0.0,50,32.35188529714042,51.04129570994128
18,28,0.13595866453217673,0.1988973997915541,0.2788807483406382,0.25544911270078974,0.07452491976192016,0.0908339223657936,0.01032664924400687,0.01316058241345602,0.7,1.0,0.0,52,32.27677064221542,50.072059126443314
18,29,0.6303667076758506,0.7090000025786191,0.8324561564696946,0.806796212536834,0.5860827987332815,0.10888249467093729,0.49817569283080554,1.0,0.7,1.0,0.0,55,41.98927399309756,62.12705465136689
18,30,0.6301182524228477,0.6997593103471893,0.8120050482218881,0.8139862398851021,0.5788704813972108,0.11078292862954031,0.4977940922046581,1.0,0.7,1.0,0.0,57,42.74567194317344,54.7028816916229
18,31,0.7033134935638087,0.7823865087282346,0.9164807931122365,0.9127103392103825,0.6519880205386499,0.11551375505052115,0.5697612986220354,1.0,0.7,1.0,0.0,66,40.82190651352944,59.65691238452956
18,32,0.7128629742178589,0.7924607313316355,0.9372019735063137,0.9910214177966163,0.6649029357746993,0.11149297993953478,0.5852771774946911,1.0,0.7,1.0,0.0,78,45.09295404172873,56.76902598854571
18,33,0.7204300487494317,0.7863101131275005,0.9195344540160213,0.9862359653157506,0.6956313892629388,0.12640653129109797,0.5858765005036752,1.0,0.7,1.0,0.0,79,45.76257872483311,49.78802659059078
18,34,0.6531105569273624,0.7392867112430311,0.9163137483256557,0.9458832517206464,0.616738184716858,0.1179182858925352,0.5276565009434198,1.0,0.7,1.0,0.0,82,49.24099324598137,56.33189547243855
18,35,0.696192446836303,0.7599890626182307,0.9037000171011069,0.9782396333706019,0.66107491875958,0.11924317568615661,0.5708609693183389,1.0,0.7,1.0,0.0,83,44.820944205430166,61.86302464991095
18,36,0.6470041968744096,0.7301152666513685,0.9175709412880848,0.9901101029117867,0.6160801433261578,0.09920661344338563,0.5392016927308808,1.0,0.7,1.0,0.0,86,48.9556180798909,60.46306090755687
18,37,0.25691025587152955,0.3271758540816889,0.5138169535327777,0.606891879106564,0.23680445896763902,0.09457997112418684,0.15806296848391974,0.5067104209151653,0.7,1.0,0.0,89,40.957077062439225,56.69230324872514
18,38,0.34494564831936414,0.43950803862726673,0.6702173684188925,0.7926109380416732,0.3137077265879876,0.11935048426687926,0.2298731354046303,0.55503066779398,0.7,1.0,0.0,115,35.308189232646896,71.6398454897795
18,39,0.37263143222681455,0.45249883154366083,0.661014090461161,0.8105606538841085,0.3434712343231901,0.12734701358688771,0.2525002133611288,0.48800100904462174,0.7,1.0,0.0,117,36.6658576990517,71.05771694424492
18,40,0.37785653796043095,0.46091600486679457,0.6802682560225005,0.8347392874121062,0.3534469917464389,0.12958272683160663,0.2576584609217005,0.48347648982439456,0.7,1.0,0.0,119,36.70392943254538,71.32125551775924
18,41,0.3847419261144488,0.46630808906699434,0.6855673225662435,0.8528708677171715,0.3601706209598759,0.13089655106135462,0.26425253108385344,0.4962490044551123,0.7,1.0,0.0,120,37.32735614995892,71.33354836223133
18,42,0.31514042607597803,0.430818504639491,0.7160380332009275,0.8489315428012032,0.2924005011639459,0.11079181836766501,0.2112969517736774,0.4235278087113043,0.7,1.0,0.0,125,36.99999631926108,56.08563242528344
18,43,0.31539928486585744,0.41348514460512986,0.6763333210850995,0.8641923190046459,0.29374851691646464,0.10947076005242048,0.21417051044790042,0.4019688672839976,0.7,1.0,0.0,129,35.45508956846199,56.01986107263525
18,44,0.30728126040391407,0.4110091967348104,0.6848479034343458,0.8651603835522148,0.28390464001882687,0.1004191907011116,0.2128254409345836,0.4067057526634234,0.7,1.0,0.0,133,34.65089762486287,57.09991706774362
18,45,0.3051836427037837,0.4019932834048519,0.6647623157982178,0.8656796786445385,0.28163050692556024,0.10124960987523872,0.2102235497921423,0.42280982576426834,0.7,1.0,0.0,134,34.10654528433996,58.21260866721708
18,46,0.30694504791210275,0.41610701864164346,0.700924755431047,0.8855156615951325,0.284840847614246,0.10158056371060611,0.21218887216005702,0.4131825107934085,0.7,1.0,0.0,136,34.219687799904946,57.52081320899762
18,47,0.3122691980601942,0.40017962331356827,0.6517571742462263,0.8371673313974508,0.2900884575283991,0.10356743726639864,0.21655911697190322,0.4289235544420844,0.7,1.0,0.0,139,34.40592170365767,56.83550055941694
18,48,0.46966226380678855,0.5826327488500531,0.8783292760547763,1.0732283296057339,0.4484538804127569,0.1322836003628721,0.35457260235689364,0.7969521137398445,0.7,1.0,0.0,143,45.19528962109152,46.19738453309229
18,49,0.2939242618927698,0.44860177587648126,0.821376701951827,1.0140180004116155,0.27488914985577473,0.10347931640485578,0.20108672022799362,0.4360906975070612,0.7,1.0,0.0,154,42.79509994865632,50.73948611766115
18,50,0.2945927513239915,0.44887736286111407,0.8216279802114499,1.0268374716560384,0.27470536631532594,0.10963123638748344,0.1976011938918078,0.3388338047782239,0.7,1.0,0.0,157,41.65172575729083,52.71688670355493
18,51,0.486466849726263,0.6076006113916392,0.9357394486767112,1.220958390778694,0.47058539267206995,0.13378402524888688,0.37497784852550564,0.8803942878047462,0.7,1.0,0.0,166,49.23141121056113,47.57771675184684
18,52,0.4808104549268146,0.6204130308917618,0.9922756652429823,1.2395106371777842,0.468232717461881,0.1254055524250311,0.3783243543048958,0.8150623879504542,0.7,1.0,0.0,177,44.895520007826576,47.70035257562573
18,53,0.475984595302093,0.6214028664560567,1.0042690047655518,1.2766227974165965,0.4628686040490615,0.12951020865569518,0.37095725103118016,0.7733438773645834,0.7,1.0,0.0,179,44.74207033039112,47.71980754259751
18,54,0.47039946837661306,0.6157826187309735,0.9986465886513354,1.2750981273792032,0.45614069710564203,0.1250371725183653,0.3685161105413339,0.846335057935554,0.7,1.0,0.0,180,45.348140313422086,47.64184214997335
18,55,0.4818214382061501,0.6268274385240153,1.0096689304648505,1.2825199286749918,0.46864530743691524,0.13081756861519955,0.3760301513354485,0.7733821392031589,0.7,1.0,0.0,181,45.18071180885015,47.53801443636624
18,56,0.46857662070854167,0.6125050389613373,0.9952821090949557,1.2856527988088309,0.45624495023829037,0.12467606998647225,0.3674784519964849,0.838246716912918,0.7,1.0,0.0,183,44.69655790616632,47.92381987508725
18,57,0.47137662410229686,0.6141934928936986,0.9969040533800062,1.3007788862021148,0.4610255836112648,0.12547901447834278,0.3701214021419221,0.8345950553639139,0.7,1.0,0.0,184,44.50482901413011,48.12853592201549
19,0,0.9748495954154472,0.9879667858354855,0.9874385702316772,0.13132597340507793,0.0,0.0,0.0,0.0,0.7,1.0,0.0,1,141.8895200244,182.84743580700868
19,1,0.8947121355314251,0.9766913737151884,0.9729116985241503,0.18573886897082476,0.13785425287945638,0.08957965064627305,9.146354975087e-05,0.00014263471065801,0.7,1.0,0.0,3,119.7276862216227,157.18008142907777
19,2,0.3964572590362473,0.5845192683807525,0.5724883907446103,0.17327926680220077,0.9955226123928529,0.11618154424286024,0.02249702343657441,0.02870414190300478,0.7,1.0,0.0,4,50.25577721442436,88.61225055211717
19,3,0.22582069517328662,0.33871555121863045,0.3172626624664593,0.11116248784002235,0.5075245883892446,0.09717325350056141,0.00465718208890036,0.0035622242352798305,0.7,1.0,0.0,5,26.482702534113848,64.83558179910361
19,4,0.20875994350903462,0.31641994994887734,0.30493292689778095,0.11817826418888175,0.09390524229179399,0.0931824512717328,0.0033095396472274897,0.00517779018835021,0.7,1.0,0.0,7,26.818871907894845,61.46191817864895
19,5,0.1840725392386006,0.2630128763976732,0.24911229232250054,0.1133547250750391,0.18120957152447997,0.09747018086846451,0.00188261616517388,0.00680696348388213,0.7,1.0,0.0,8,27.702837796729405,53.42688011185749
19,6,0.18262499713671915,0.26601712735224825,0.2629924403619257,0.11226990875111752,0.07264119837754536,0.09782333645011973,0.00206544768465566,0.00749936925815208,0.7,1.0,0.0,12,27.14231010342612,53.05766639278649
19,7,0.1818700126799252,0.262232024387785,0.258966230776934,0.11829997787032613,0.07782938329902488,0.09880668576415128,0.00309187870763989,0.01012519117828985,0.7,1.0,0.0,14,29.166719026889723,52.54399781605508
19,8,0.17464209597574035,0.25464318332499725,0.2513486807651006,0.1318295178289466,0.06663973359324434,0.0920992814356202,0.00084987282216949,0.0029300495775280598,0.7,1.0,0.0,15,27.320660176718416,52.80945494749414
19,9,0.17183388898343077,0.25205085014053324,0.2593026532051675,0.13073444617847862,0.07944552797574525,0.0940722915424276,0.00179888739276334,0.007775986302544979,0.7,1.0,0.0,17,25.525623568239983,55.44951103012513
19,10,0.173492493550909,0.25198369451794445,0.2591013049927167,0.13895690192498647,0.07373606306080717,0.0970099829334238,0.00273183832773366,0.009245013942291911,0.7,1.0,0.0,19,26.87100197937364,54.17567835002638
19,11,0.16498406434703436,0.2461932438499485,0.2640600053816463,0.16653788326635005,0.06991625920744401,0.08804318006873318,0.0035339282386247202,0.00810318010813062,0.7,1.0,0.0,22,28.10520723793264,53.99817487246888
19,12,0.1647174919381742,0.24576967024385474,0.2636243262391996,0.16201161358317012,0.06529404220873025,0.08782179707667098,0.0035400910962139704,0.0075351991600466,0.7,1.0,0.0,24,27.891352953956897,54.9971562499198
19,13,0.16731813410900057,0.24375567074485818,0.27180956855557714,0.19119559267125885,0.11547137996268425,0.08870327770634664,0.013746274377517128,0.03578143356175088,0.7,1.0,0.0,25,27.24898943975625,52.94495537099646
19,14,0.17712208898752405,0.25299626990946733,0.2810079382924382,0.18490547523605672,0.08701016537133026,0.0880502003242696,0.02440305133863474,0.06269062967687011,0.7,1.0,0.0,27,28.07722549319582,54.004750417764505
19,15,0.16966261415422293,0.2453915162792793,0.2733924460699789,0.18064316287363916,0.07917932488636288,0.08849227335260682,0.0167355229678607,0.04332981373394752,0.7,1.0,0.0,28,27.46666277635724,53.22114095189752
19,16,0.1690076668243852,0.2502288391533729,0.289196133699648,0.1857556991983036,0.08310294276550517,0.09117607272226665,0.01505818773085264,0.03540138610134319,0.7,1.0,0.0,29,27.50984956123684,53.58062212918059
19,17,0.16440782698547265,0.23896704575080172,0.2774419946041919,0.19987634541100327,0.08641814430729951,0.09178621378302732,0.01458722688750549,0.04086478412094246,0.7,1.0,0.0,32,28.382883917639056,53.08627131042373
19,18,0.163105261380588,0.23700034145287902,0.2754265939629787,0.1988354608856328,0.07909569942088132,0.09198377940240264,0.013589092071806799,0.0381626781062279,0.7,1.0,0.0,34,26.63493814063488,52.62681828046261
19,19,0.16340231452038612,0.23684353376743766,0.2752367039541346,0.20809514059672093,0.07908919545461146,0.08774522322312732,0.01715632208441947,0.02813462614943496,0.7,1.0,0.0,37,28.692600069516697,58.30273873831269
19,20,0.1646518629470243,0.23749783228468732,0.2758472124507116,0.20507272162854565,0.08047532759914947,0.09463133273238804,0.013982175737732399,0.03813952410229367,0.7,1.0,0.0,45,25.171846238355783,52.24633168920703
19,21,0.1926551880287269,0.2603809534508753,0.29835805223896433,0.2781915425170555,0.12878639020200577,0.09500643127517824,0.04508671395179064,0.0640655252576605,0.7,1.0,0.0,46,26.83677520364012,69.75916464602871
19,22,0.19248005755944292,0.25993496713256126,0.2978923201735187,0.2781188470141555,0.11189196546237867,0.09500643061719256,0.045086714066526166,0.06406552575898945,0.7,1.0,0.0,49,27.60005924713604,70.0237653400099
19,23,0.1923414839803386,0.2595820743240082,0.29752408349763676,0.2780613253304421,0.11230660882422211,0.09500643061719256,0.045086714066526166,0.06406552575898948,0.7,1.0,0.0,50,27.278545007530305,69.89197709872862
19,24,0.15762682806663506,0.22934373280845471,0.2781816744594465,0.2705894783725412,0.07938592809243104,0.1007813804333462,0.00777197276080899,0.01545239265050897,0.7,1.0,0.0,57,27.82808766158937,56.15809426492471
19,25,0.16780871309978104,0.24543639721011457,0.3052739852900172,0.2811041026411555,0.09169805838768474,0.09912523965064604,0.01962863322421782,0.02045295576666927,0.7,1.0,0.0,58,26.46596504910452,59.400330518330975
19,26,0.16717362346665915,0.2370467654461912,0.28575232244844767,0.2673476293749011,0.0907547078623314,0.09915035256211815,0.019633640592450142,0.020469761835308208,0.7,1.0,0.0,60,26.299066499045136,60.31125260934818
19,27,0.16710440862773682,0.23686816600618554,0.2855657491993339,0.2673185176317606,0.08921969623918342,0.09915035256211815,0.019633640592450142,0.020469761835308208,0.7,1.0,0.0,62,26.15483208640784,60.226377384274805
19,28,0.16805868562949847,0.2565418618861571,0.33830944558904946,0.30204367498369755,0.09568828706143317,0.10464725579153922,0.017652873476934318,0.02219223240148306,0.7,1.0,0.0,63,27.89446762769734,57.56260283884892
19,29,0.18772495813489304,0.2793800654381653,0.37195227829610694,0.37401111104127144,0.11859666603253624,0.08389036968237965,0.05405387668644877,0.021008511571643622,0.7,1.0,0.0,65,31.17211869054136,56.626357750035005
19,30,0.19173081306925283,0.2872945443047811,0.39072555613847615,0.3896473517543822,0.12770111531364237,0.08142182400573,0.06151254414433051,0.02169791466582931,0.7,1.0,0.0,66,30.22629111130567,56.15553817766734
19,31,0.19189912701362596,0.28722090496285047,0.39063493178725467,0.38989835413076174,0.11960881352226424,0.08188076085727403,0.06150642574369077,0.02169402108473888,0.7,1.0,0.0,67,30.31921958165453,56.15484254872316
19,32,0.19139390341917703,0.2864031875129269,0.38979514480408106,0.3895020614206054,0.11952641870599842,0.08142182400573,0.061512544144330515,0.02169791466582931,0.7,1.0,0.0,68,30.301932308422487,56.297821404768506
19,33,0.27593628594270875,0.36136007035550116,0.4640814365475339,0.4734380183091437,0.22422547544710658,0.10508108203261086,0.13518691315699977,0.058491632557994354,0.7,1.0,0.0,70,39.252092759111925,61.680442778207336
19,34,0.190374326328776,0.26383912419272065,0.3657386508838534,0.4161393387867916,0.14259196749682368,0.07699078877054055,0.07604807500864015,0.03862683207248026,0.7,1.0,0.0,73,33.26491282229671,63.19517877332538
19,35,0.19907378137965814,0.2790027025398474,0.39194218404670783,0.44326228374850596,0.13965522961812474,0.07965498206648833,0.08303360718879373,0.038752675799812966,0.7,1.0,0.0,74,32.749030032073634,63.061623239337216
19,36,0.18531787381411557,0.2595553771899974,0.3721103318330854,0.41626774332542527,0.1369560907574716,0.07591700891869779,0.07496428310274363,0.03172421199964144,0.7,1.0,0.0,76,30.99666369046837,63.30833541771203
19,37,0.21216031144613623,0.2953958811685875,0.42976755053031634,0.48472682816417045,0.1710702342425152,0.08623977255829096,0.09693437922254691,0.03849174442201733,0.7,1.0,0.0,77,33.53195321994524,65.05773579227537
19,38,0.21051641836852014,0.29304986773360964,0.42737471379471126,0.48689352934547814,0.15819516476771706,0.08948162827601677,0.09338922806804176,0.036512421183376206,0.7,1.0,0.0,78,33.09462395542463,64.92588469985341
19,39,0.21050394276673823,0.2862942567687109,0.4095597741171385,0.464867777683462,0.15606332082560004,0.08948162827601677,0.09338922806804176,0.0365124211833762,0.7,1.0,0.0,80,33.11968252910312,64.94725282525188
19,40,0.21083046348743356,0.29762274909869413,0.4428407343485495,0.5062293323412204,0.15949787299384166,0.08930124624528776,0.09511021581371631,0.034855628622639426,0.7,1.0,0.0,84,33.36505550290457,63.90566103657147
19,41,0.20620471712001118,0.32115269007641145,0.5106869715097216,0.5925909298908626,0.1525996308724888,0.08135661285092691,0.09538168410163575,0.08019816628054481,0.7,1.0,0.0,103,29.23930127103465,56.19777380479423
19,42,0.21105548869028506,0.31232769431421986,0.4797305130384052,0.5854410030796373,0.15820400600173193,0.08175837976688806,0.10007477011372552,0.0867574876989946,0.7,1.0,0.0,104,29.564147768626697,57.31213204275845
19,43,0.22990311928056678,0.33969540924185143,0.528886622689087,0.6149729417778236,0.19615973083255633,0.08860463704553904,0.11666117975199028,0.0961427280843994,0.7,1.0,0.0,105,31.13155867239799,56.22737690657681
19,44,0.22990427922331258,0.3396988951092227,0.5288901297050477,0.6223540287178153,0.1786858066669793,0.08860463704553906,0.11666117975199024,0.09614272808439944,0.7,1.0,0.0,107,31.14056776727488,56.233860482716665
19,45,0.23471775597105043,0.3437421474456069,0.5328824750118292,0.6273716145535394,0.1876327464336606,0.08653650329379423,0.12331394480423112,0.10017879499012769,0.7,1.0,0.0,108,31.26401806628826,57.29681812800143
19,46,0.2258437774657195,0.34102826363153693,0.5411894520155105,0.6334085035578568,0.1753030050972551,0.08726772869899535,0.11421226112523204,0.1009315057087153,0.7,1.0,0.0,109,30.234167546721,55.04692958070149
19,47,0.24199212415274682,0.3928948598937455,0.6484843962352206,0.7670815265775125,0.19048057875211968,0.08984311260095476,0.1274776322801613,0.09234013898963632,0.7,1.0,0.0,132,29.78039802816148,56.19043183744008
19,48,0.21809971992763155,0.35678451910079145,0.6009531302445704,0.7778407831794982,0.17289439677441218,0.08318178521273842,0.1110251917826485,0.10949306317236226,0.7,1.0,0.0,134,29.66444886236902,56.25551163139527
19,49,0.2507086340985647,0.4303767209662295,0.7409354086530273,0.8527689256015331,0.2080318542786252,0.08433700059464107,0.14249239734107574,0.08945895747518692,0.7,1.0,0.0,135,32.62927558049881,55.94090790596471
19,50,0.24370506882226742,0.39235907307976325,0.6584152030705818,0.8089616733481964,0.19921331331433717,0.08575664351462967,0.1365473221383703,0.09742821214562124,0.7,1.0,0.0,138,30.685937898635427,56.56012336453341
19,51,0.2097353546469484,0.38032553987934736,0.6902899970114281,0.9853599439405755,0.165015985766157,0.09102454484588264,0.10129617343278337,0.09682729763652734,0.7,1.0,0.0,185,30.564886930489347,62.33157852873687
19,52,0.28518043057341363,0.5239045299442339,0.9338882611582459,1.1542197308435593,0.24013784810663635,0.07640547292140923,0.18322193166599057,0.17630159509233292,0.7,1.0,0.0,186,31.048781688539272,61.544748446348926
19,53,0.23299387897954837,0.4558187717640711,0.8435259976427876,1.1026573596560678,0.1888187079347256,0.09000878405558983,0.12273130994245529,0.10826298539842465,0.7,1.0,0.0,189,28.682787106006096,55.65395085498164
19,54,0.2689852130140558,0.49059218507436425,0.8888395564107185,1.1431235314091923,0.24066693841477982,0.07783308145182244,0.1710916551102648,0.1449900329636881,0.7,1.0,0.0,190,29.73888293291932,59.47492409092013
20,0,0.8775326648151885,0.9386680090673561,0.9359759166199946,0.12336533324431802,0.0,0.0,0.0,0.0,0.7,1.0,0.0,1,199.9142654436,179.00969518273038
20,1,0.8101205360996364,0.9287741820510673,0.9227443111762619,0.18081335435387513,0.14320811827906785,0.09437956545792024,8.610921756276e-05,0.000197201341968,0.7,1.0,0.0,3,172.91702222605113,159.3850561598761
20,2,0.1957380423342299,0.2504170717547203,0.22407996286290124,0.10183189583439047,0.8197339913647887,0.12099025872466325,0.010965117795801579,0.0251115502541078,0.7,1.0,0.0,5,38.36743928772454,56.65429449957559
20,3,0.18689808138068312,0.23329080417025944,0.20632233122211308,0.1031903048915529,0.1075255668461157,0.12484468650009459,0.0055271304594654,0.012618712405600321,0.7,1.0,0.0,7,36.44860949183176,57.253192011904055
20,4,0.17768717415723453,0.20634107829608125,0.17806241763299782,0.1091861189672033,0.12602728799266033,0.1210564844677838,0.0110749373869443,0.02905229174111173,0.7,1.0,0.0,9,36.16407696154571,53.50528719014415
20,6,0.1730109414157095,0.19937597886994607,0.18150741234697798,0.11405078359642906,0.10963087846349796,0.12158406302691778,0.011776482514560881,0.02999550373773126,0.7,1.0,0.0,11,36.43306211931942,60.05097515691652
20,7,0.17287112502021493,0.19800927236957766,0.18005258092235452,0.1208543039824731,0.1016425186883183,0.11993672590069712,0.01356872109799509,0.0243644018359392,0.7,1.0,0.0,12,36.73805264588943,57.701904938995845
20,8,0.17162603099865043,0.19394544260975838,0.17578980316712906,0.11410253829384716,0.10712824490922468,0.12150909806501595,0.01293975437479998,0.029837052989077524,0.7,1.0,0.0,13,36.39459624933089,59.237021806002325
20,9,0.16500359338727963,0.1871225564659472,0.16895267279805667,0.12152803668541166,0.09215047983967842,0.12059172284513586,0.00708198624427257,0.01543499299436649,0.7,1.0,0.0,14,34.39345886299056,60.8452006255311
20,10,0.16531934070976412,0.18315291636007713,0.16468128814063557,0.12332651808430481,0.1083426439169757,0.12020029974253824,0.010262933377993281,0.02489672423701421,0.7,1.0,0.0,15,36.492130261289546,82.03252855516642
20,11,0.1728553567726027,0.19030922929413138,0.18240026846480203,0.1376781898077301,0.11753632849712381,0.12591730527018985,0.017972140790390632,0.04361520703120724,0.7,1.0,0.0,17,36.91267737939828,58.36932344868013
20,12,0.17311776534125753,0.19027992334014202,0.18235081116794802,0.1360698499294031,0.1074767695531878,0.12746707631170714,0.017318129600303638,0.05010205249658702,0.7,1.0,0.0,18,36.43537061295781,58.4735955298648
20,14,0.16664437671879065,0.18295241964429498,0.1749642952355393,0.13964150775426679,0.10306963765890735,0.13075705989275732,0.00903441250903852,0.02539561627723752,0.7,1.0,0.0,20,35.37579652325214,60.002975074873405
20,15,0.1659421284522945,0.18042496672405264,0.1723106658317233,0.1415983443314179,0.10672558715258718,0.1312977943660128,0.00899936481402661,0.02534096845984163,0.7,1.0,0.0,21,35.17389339578908,58.98870374291933
20,16,0.16576571125157485,0.1802468293401966,0.17213244252889418,0.14412032549669923,0.10074164514239814,0.13105449600142624,0.008994817101730269,0.02533688805152944,0.7,1.0,0.0,22,35.22752526175261,59.77126933744605
20,17,0.4453941547314333,0.46204601730796846,0.4646768260407684,0.4299471454563662,0.3973498740729766,0.4880699725185808,0.0412803553367603,1.0,0.7,1.0,0.0,23,39.78131878867379,66.9120643049117
20,18,0.16132213119008285,0.18424980042882633,0.19790802533328378,0.1585513502657557,0.09938437464286491,0.12698431917809633,0.010215595754434429,0.030108985321899727,0.7,1.0,0.0,28,35.25747184000235,59.00233618716275
20,19,1.1643615069671702,1.1824654462212185,1.1957951275949856,1.1806724759470508,1.1199738534980461,0.14972148195712254,1.0,1.0,0.7,1.0,0.0,29,37.08399403193869,60.089547233920406
20,20,1.1635210209503344,1.1763153500276968,1.189286226880438,1.1901900635027443,1.1151091035405696,0.1526112354345516,1.0,1.0,0.7,1.0,0.0,31,35.2625470462588,60.757234362961725
20,21,1.1635566439077287,1.176349279346145,1.189320016249401,1.1902262568446873,1.1068672655554597,0.15266351397988273,1.0,1.0,0.7,1.0,0.0,33,35.27180350960141,61.00651920208184
20,22,1.1624387643409815,1.180083336985369,1.2039861122229345,1.1981752120802358,1.112529867288912,0.15248230247897665,1.0,1.0,0.7,1.0,0.0,34,35.42539815983306,60.71236530854512
20,23,1.1620450516030658,1.179504708761461,1.2033953093158152,1.2034071420469945,1.1070153793866864,0.15205964124352306,1.0,1.0,0.7,1.0,0.0,35,35.49968705382351,60.434674267224224
20,24,1.1608662183800567,1.1742283586297473,1.1978446497835087,1.197792938044398,1.1200597620231747,0.15344025299725383,1.0,1.0,0.7,1.0,0.0,36,37.79264293430891,59.60858669149884
20,25,1.160048571195935,1.1690959377064305,1.1924257915798795,1.2071638386218684,1.1154291679763177,0.15544126682997722,1.0,1.0,0.7,1.0,0.0,38,35.82534116420489,60.36654862079124
20,26,1.158293587560931,1.1646088542610382,1.1877581629412672,1.208822992233431,1.1167761305920223,0.154910253347899,1.0,1.0,0.7,1.0,0.0,39,35.7460100285157,58.55666379483359
20,27,1.1578994476134536,1.1622148637989285,1.1852323687769513,1.2150960403481168,1.1120890367580871,0.15577993434994145,1.0,1.0,0.7,1.0,0.0,41,34.87791758227974,57.511019676548
20,28,1.1576501938051345,1.161465402314175,1.184449602814505,1.2149738781986201,1.109805065454011,0.1557799343499415,1.0,1.0,0.7,1.0,0.0,43,34.82808516982099,56.5289081220718
20,29,1.1568916540997733,1.160554652129741,1.1835289534035562,1.2142543414745992,1.1084787078231835,0.15480460085255618,1.0,1.0,0.7,1.0,0.0,47,34.956337255654,56.87007940361481
20,30,1.1564288102823679,1.1724472020379726,1.2174656096597878,1.2324144631691014,1.1092593843590952,0.15491181430780263,1.0,1.0,0.7,1.0,0.0,51,34.99247192792278,61.34017514146217
20,31,1.1529933403228605,1.1590423418298175,1.1927876690515051,1.2637726876457476,1.1168482530433295,0.15237261142805528,1.0,1.0,0.7,1.0,0.0,52,35.7280446248444,54.92201189171581
20,32,1.15068886533115,1.151056167854258,1.1844342441914588,1.265861594676612,1.1237652160326947,0.1529203165453239,1.0,1.0,0.7,1.0,0.0,53,35.20710235852896,58.33641327854889
20,33,1.1493499057971128,1.1477083516497109,1.1809562597255785,1.2649995049014442,1.1126685240366092,0.15237261142805528,1.0,1.0,0.7,1.0,0.0,54,35.231714513410985,57.44582014264197
20,34,1.1493733286245313,1.153165074630703,1.197387331017665,1.2753858082576053,1.109221690909366,0.1532779227091295,1.0,1.0,0.7,1.0,0.0,56,34.56339467431005,54.69407673725634
20,35,1.1490803575701762,1.152246035950903,1.196427951731434,1.2752360116942947,1.1082219364766195,0.1532779227091295,1.0,1.0,0.7,1.0,0.0,58,34.56363372059872,57.1299431364942
20,36,1.1489510919581978,1.1518408551317858,1.196005005606564,1.2751699689167835,1.1081144728516492,0.1532779227091295,1.0,1.0,0.7,1.0,0.0,59,34.5412392682476,56.9553822349646
20,37,1.1486020715223673,1.1507462927773082,1.194862384736382,1.2749915563731855,1.1084024958307268,0.1532779227091295,1.0,1.0,0.7,1.0,0.0,61,34.46807926922746,55.7791988636251
20,38,1.1489981675107133,1.1489197863294955,1.1928927840854793,1.3119526046524994,1.1109275708818473,0.1553235789090393,1.0,1.0,0.7,1.0,0.0,64,36.73882679397758,57.26883884433335
20,39,1.149215528505843,1.1480927599720552,1.1919986614331084,1.2983050877967177,1.1125205089802366,0.1563253202064507,1.0,1.0,0.7,1.0,0.0,65,35.78916113135902,56.99444270728347
20,40,1.1441167410522128,1.138861518654536,1.1825028713166408,1.3035388100863399,1.1184535010106003,0.15174938966639423,1.0,1.0,0.7,1.0,0.0,66,35.575405742764204,56.126623270337575
20,41,1.1397956948230412,1.1317209383416718,1.1751826306551891,1.2904225521471429,1.1073256197606538,0.14739661579033625,1.0,1.0,0.7,1.0,0.0,68,35.532209575330604,52.55970571138048
20,42,1.1421106014825921,1.1654506987652906,1.2640618740146956,1.3702186725432832,1.1067709698918173,0.15209535297644772,1.0,1.0,0.7,1.0,0.0,89,36.2726668093149,63.58221871096774
20,43,1.1437417263120768,1.1527045696867653,1.22914116709104,1.3639293495058749,1.1092018493960696,0.15502208475911589,1.0,1.0,0.7,1.0,0.0,93,35.552979659363096,59.33641387643103
20,44,1.1434378281682085,1.1587731120043123,1.2462455053162373,1.374650173975547,1.1088725767690337,0.1548077418716824,1.0,1.0,0.7,1.0,0.0,95,35.26393067373152,58.98804497067261
20,45,1.143791092754562,1.1588516046192,1.246306738723954,1.3750612129452031,1.1091083458955482,0.15548640085895168,1.0,1.0,0.7,1.0,0.0,98,34.922151701279844,58.67546756000256
20,46,1.1409985317811377,1.1665347738297958,1.2759174650158478,1.4122779569445103,1.1091534952703963,0.15336106122991464,1.0,1.0,0.7,1.0,0.0,103,35.08884226372379,55.653166072726506
20,47,1.141336075127583,1.164248683247385,1.2734659497584782,1.4236291507007985,1.1163127869729395,0.15547663514341944,1.0,1.0,0.7,1.0,0.0,104,35.1750072934796,60.10744352591433
20,48,1.141275126873072,1.164046707990892,1.2732555288008307,1.4235962296157454,1.108934936736928,0.15547663514341944,1.0,1.0,0.7,1.0,0.0,106,35.22917151646988,57.95009427068795
20,49,1.1397092578843389,1.167886243354527,1.2880699071719643,1.4230171575366621,1.1115478542216342,0.15405234501764065,1.0,1.0,0.7,1.0,0.0,107,34.36387668129686,55.83595793648089
20,50,1.140629384811653,1.1619314531614264,1.271047712759455,1.4381050094995351,1.1091712228135842,0.1554608905097862,1.0,1.0,0.7,1.0,0.0,109,35.786256378867414,58.13426919517627
20,51,1.1402738449459242,1.1614969638586994,1.2706081657824475,1.4412999033188738,1.1087422319096893,0.15500130302303572,1.0,1.0,0.7,1.0,0.0,110,36.2150066886777,58.11248379095844
20,52,1.1400640473680252,1.1386861769183783,1.214471282591443,1.4361385975404064,1.1162628461322568,0.15619808503194588,1.0,1.0,0.7,1.0,0.0,111,36.93027933006361,58.300071216359314
20,53,1.1359157238830568,1.1736342024383628,1.315688775989057,1.4677183993811753,1.1063342263900058,0.1510128585001465,1.0,1.0,0.7,1.0,0.0,117,37.21469358950192,58.99140163105444
20,54,1.1325892421302166,1.163041652704165,1.2940046874664615,1.4530058968150665,1.1042563234363556,0.14659221704402195,1.0,1.0,0.7,1.0,0.0,118,34.90913603735669,59.61555623337882
20,55,1.1360020998918525,1.1697414038100789,1.3115475470245257,1.471379766555359,1.1105120780251752,0.15353219251248174,1.0,1.0,0.7,1.0,0.0,121,35.03507502531371,59.35721611796281
20,56,1.124881874426306,1.1576339862621101,1.2993787849022422,1.5069342786630817,1.0969619231549648,0.13823542212244969,1.0,1.0,0.7,1.0,0.0,135,40.15808463008631,61.89465876501683
20,57,1.1355713810466581,1.1737240648592708,1.326444546203811,1.5393250119100357,1.1122149201993055,0.15428905950213376,1.0,1.0,0.7,1.0,0.0,136,37.15941906536368,58.99686296297532
20,58,1.1268839673400068,1.1601156125369958,1.312531230994681,1.5453494381030692,1.1147666335742636,0.14476761004300662,1.0,1.0,0.7,1.0,0.0,137,40.973339687719374,60.348357173315335
20,59,1.124684404401417,1.148948768854049,1.2901682737262894,1.5168336290691178,1.1062125191031655,0.1429277592520372,1.0,1.0,0.7,1.0,0.0,138,41.50894894681977,60.52600775447682
20,60,1.1298793592703997,1.1864618577689108,1.382891018511882,1.6110803608740136,1.1060402532027416,0.15108414550843677,1.0,1.0,0.7,1.0,0.0,155,38.385501237709846,60.993834003053855
20,61,1.1313396303546364,1.2412417412101635,1.5261050051587397,1.8497516177663562,1.1074376051703247,0.15341893051382424,1.0,1.0,0.7,1.0,0.0,198,37.21345901723645,64.60644811503643
20,62,1.128184357133461,1.2446319823521654,1.5405421301776447,1.8978854027697052,1.118486867586726,0.14901081590077586,1.0,1.0,0.7,1.0,0.0,199,37.9735479405506,64.54762033794482
21,0,0.9100587626772464,0.955656486225185,0.953710194930468,0.1261094961869295,0.0,0.0,0.0,0.0,0.7,1.0,0.0,1,180.9347722225,182.79634428771732
21,1,0.8409373309162745,0.9416592013547057,0.9368010042742099,0.1713231236613189,0.11962006429874611,0.07464364901976735,8.698657870404001e-05,0.00016673356401287,0.7,1.0,0.0,3,169.93574215176753,191.91982498260657
21,2,0.360363920708563,0.5425398718804196,0.5293916708615697,0.15264016487929682,0.9805279535579641,0.09361248837471356,0.02177551101522174,0.031100612018482982,0.7,1.0,0.0,4,62.588738846290696,89.09764817325856
21,3,0.21455804274248255,0.3197689238530852,0.2976128238240242,0.105649019600422,0.48561133729717,0.09280677629770055,0.004788135202237391,0.0025816006661319502,0.7,1.0,0.0,5,31.50843988114706,65.22378978961424
21,4,0.19981656466715864,0.28278556536725424,0.2587070458167644,0.10379891315088731,0.16533068839857312,0.093783358975147,0.01092006710305364,0.01732980368538569,0.7,1.0,0.0,6,28.86742279536569,56.92691437266394
21,5,0.1994460590910361,0.28909730502468645,0.27607315821021644,0.1136016133938242,0.07637151280767748,0.09377433721439958,0.01058872745741373,0.016860592764409592,0.7,1.0,0.0,7,28.787337341613032,56.749898846735306
21,6,0.18745764892515115,0.2581808647893877,0.2331025727814997,0.10844348070894443,0.12075541568274954,0.09890556858324809,0.00550586204822883,0.00873272362152484,0.7,1.0,0.0,8,27.77875835400321,58.95567027945163
21,7,0.1873646189887629,0.26468828652471144,0.2506581322380027,0.12186813454136428,0.07485460028432155,0.09890533582040424,0.00551107376459331,0.008741854746634251,0.7,1.0,0.0,12,27.717596597740737,59.07320770397983
21,8,0.1825935777208065,0.24864496107148068,0.2231943551348887,0.13010835084808292,0.07787673604068207,0.095157687487228,0.00707602576820657,0.00834492317410329,0.7,1.0,0.0,16,30.638753409910866,62.59726403822134
21,9,0.18206081429722198,0.24735366347211885,0.2218430148037574,0.13995880726103954,0.07654355667894114,0.0958710144539949,0.0066541148627597396,0.00982948224605777,0.7,1.0,0.0,17,30.556349936414826,61.533182320399966
21,10,0.17501722731670172,0.23294808215879406,0.20686136694133236,0.1340637962643475,0.09910424055235693,0.09489048186459602,0.0060614525748752205,0.00688081359324421,0.7,1.0,0.0,18,28.42037126516256,59.70002463219191
21,11,0.167370313529332,0.22163844347082048,0.19526952724846364,0.13314254499985997,0.07411815705005738,0.08780318883116335,0.00614454936072684,0.00788525270137109,0.7,1.0,0.0,20,29.06211348937875,57.87833794387537
21,12,0.17184180078123718,0.22420425588956205,0.19768939058681956,0.1409837409829343,0.08019277927408401,0.09614818108182951,0.00618679778807967,0.00819698477218023,0.7,1.0,0.0,21,27.28517536497116,59.12945547594792
21,13,0.16983063746846702,0.22124697262375628,0.19466005100410746,0.14690093856052067,0.0755123368816669,0.0949848812977471,0.0056891537702192995,0.006914977996350059,0.7,1.0,0.0,22,27.08020389892995,58.80858826655346
21,14,0.16442581156364863,0.2133281498892994,0.1865501485417205,0.1401352135395317,0.0774386952829696,0.08909311682600858,0.00624882461433783,0.00915826746527801,0.7,1.0,0.0,23,27.97840553327858,57.26109574113696
21,15,0.169375072824252,0.22101616024658094,0.20499511749834076,0.15525212610188444,0.09029414415053247,0.09561600192808088,0.0094942561153043,0.020680643324295568,0.7,1.0,0.0,24,25.520625494253338,113.54277523246286
21,16,0.16917006649418276,0.22724089411598564,0.2222559486541097,0.16637523665346737,0.07692560575905201,0.09561600192808088,0.0094942561153043,0.020680643324295568,0.7,1.0,0.0,26,25.566774797260955,112.83028298136745
21,17,0.16675834308758702,0.214609978556296,0.19830597160996616,0.17767265458697437,0.0885545525320899,0.1007840206322174,0.00592587760107729,0.01077168676466341,0.7,1.0,0.0,27,25.154530928831218,72.22918057807674
21,18,0.16327691361964533,0.21473242791599237,0.20925451756284344,0.1686732666630683,0.0858198702072359,0.09538595209393044,0.008375008652063561,0.018470676990091563,0.7,1.0,0.0,28,23.774149427845124,117.47694859044884
21,19,0.15811629498223406,0.19575017421177282,0.16812906911910058,0.1678882223077282,0.07090112743726346,0.0916406432259544,0.00609840058916861,0.01322921268153095,0.7,1.0,0.0,30,24.65670002133952,121.00133186462254
21,20,0.1630617991604608,0.20002533594609198,0.17235470621539825,0.17967587434639756,0.07793520558129602,0.09436016038045676,0.00959768093534888,0.9125619303910204,0.7,1.0,0.0,31,23.085831160465744,138.1724073425631
21,21,0.15945466640756276,0.19272543388809,0.1647832229438766,0.1840036943490355,0.087066985480217,0.09632054577706584,0.007109642866805139,0.03040480654096645,0.7,1.0,0.0,32,26.842228830514703,69.97780446820465
21,22,0.1586767048034293,0.19760823364197663,0.18064623012819106,0.19877256503608823,0.07565225627910488,0.0968818884407916,0.00664382966072576,0.01138537444700144,0.7,1.0,0.0,35,24.992452297143945,71.6328114431966
21,23,0.15438506488168643,0.19000877188595983,0.18337934763299937,0.20821728051422747,0.09340646867422421,0.09153033262292096,0.01259312612636945,0.03769286014657069,0.7,1.0,0.0,37,25.92016632042504,74.5001969109441
21,24,0.15513422867412952,0.18229884717816125,0.16448739936280898,0.22126180566457937,0.08042040731363786,0.09648336292151206,0.01096858711208714,0.04237661581962396,0.7,1.0,0.0,40,25.71324904101405,70.64658363602099
21,25,0.15274291974671894,0.17839801822830972,0.16047896671243106,0.21402407661241474,0.07954071017183609,0.08666282232458486,0.01639311144390515,0.05093206320133575,0.7,1.0,0.0,42,26.21143996210192,74.60955853136599
21,26,0.15595266663352503,0.1872853122311594,0.18034977694815785,0.23556539031969354,0.08262490990682902,0.0896165130120309,0.01818169009415471,0.04999574910490667,0.7,1.0,0.0,44,25.613817319665497,92.5530233262296
21,27,0.16069819956589776,0.19146518286027897,0.18448965164019937,0.23854882217966386,0.08693159892831911,0.09313332954203228,0.02081370155652728,0.06687114573920931,0.7,1.0,0.0,46,25.606901615085302,72.04404732858433
21,28,0.15998889777476302,0.19719043444759063,0.20125232350500885,0.24725635364588314,0.08640513134818084,0.09623591070566875,0.01810796388822252,0.060776164852540074,0.7,1.0,0.0,47,27.568240631644187,133.41734670642754
21,29,0.16367316559819856,0.1990747449447081,0.2030091882267761,0.2574515412236545,0.09320291708194609,0.09701222979005224,0.022352168444228042,0.08139142888267817,0.7,1.0,0.0,49,29.14642283934851,137.72524022016916
21,30,0.1652642640005793,0.1928663581057729,0.18566682275073726,0.2748221031106812,0.09603185443145,0.09305816595437798,0.02736875063422971,0.09000549827458833,0.7,1.0,0.0,50,28.42193636309176,119.89232985869498
21,31,0.17033760137937218,0.19065805251266982,0.1723611937666978,0.2940230117123845,0.09828985739042159,0.09543229193846561,0.03112112353742074,0.10355103614010297,0.7,1.0,0.0,55,27.73397728358784,123.0709017235066
21,32,0.2486782096416409,0.2829795677188829,0.3080148182134095,0.3877415325445199,0.22533233296889493,0.08062693042012428,0.12740059788480018,0.24275719008019858,0.7,1.0,0.0,56,30.2939131255942,66.74160031505275
21,33,0.22369669777335474,0.256218111572724,0.2811298429681231,0.37537267869852586,0.1627598916480173,0.08295860436517401,0.10181391341480699,0.4180027205805823,0.7,1.0,0.0,58,29.478985541666685,64.05507626190399
21,34,0.22175717063661476,0.2575033713774942,0.29323465925835246,0.3857656445786717,0.16535687225385132,0.08295860436517401,0.10181391341480699,0.4180027205805823,0.7,1.0,0.0,60,29.856246435723325,62.464652275200095
21,35,0.26034739250435546,0.2848198064984252,0.3091833115589444,0.4084283718549125,0.21529548538716337,0.08454090636190242,0.14180401126356207,0.2777644081449474,0.7,1.0,0.0,61,30.55900071951469,68.27449615204884
21,36,0.25893247999956026,0.2899580618467489,0.3253677320763949,0.4182081412202831,0.1999162973208025,0.0838097141911443,0.14099089292363415,0.2779941298213811,0.7,1.0,0.0,63,30.42506561800382,68.1567884566838
21,37,0.39366378756929854,0.42334062237029974,0.45865905033384646,0.577927099581178,0.33722886984362127,0.07971291317091765,0.2793218668797559,0.2772816251191033,0.7,1.0,0.0,65,26.570880520664662,65.60308351694012
21,38,0.39366378756929865,0.4300597342533142,0.476435763537446,0.6020766113797009,0.3351209822115433,0.07971291317091765,0.279321866879756,0.2772816251191034,0.7,1.0,0.0,67,26.57088052066468,65.60308351694012
21,39,0.2548463104672944,0.28570886774249515,0.3317121363997905,0.44377100202546077,0.20786609744571793,0.08429006218782797,0.1402585689727313,0.2836829676782183,0.7,1.0,0.0,69,30.63300031174167,71.83007690857194
21,40,0.26034758712323414,0.29703719674665463,0.3540383307414131,0.4611899918589575,0.20661363760644202,0.08466956611171808,0.1459644923361281,0.2981248420814081,0.7,1.0,0.0,71,31.769064356922648,72.64223977735932
21,41,0.260251167350197,0.30347641398488356,0.3715232602170755,0.47275467757798295,0.20551669040097076,0.08466956611171808,0.1459644923361281,0.29812484208140805,0.7,1.0,0.0,73,31.812429887654083,72.42208342971978
21,42,0.32941859900465853,0.3709789347034712,0.4389141737240456,0.5589983182312865,0.2778431352510635,0.0829558525599135,0.2172035037829422,0.20062981036158223,0.7,1.0,0.0,75,27.550745031585656,73.8723812779269
21,43,0.2778581172454223,0.31880051665931974,0.38669451159962975,0.5285679404025425,0.22595846912822976,0.09803022986641233,0.15541584622257226,0.23693170133565283,0.7,1.0,0.0,76,32.0508758949139,61.77830755533519
21,44,0.27469030989797577,0.32000582232784636,0.39880138836633,0.5140248030992814,0.2292829472921643,0.08038517088514638,0.16581183167662156,0.3293990151833099,0.7,1.0,0.0,77,30.430243490576128,72.77006988555775
21,45,0.27488500370206137,0.3184007588650507,0.39707646968492827,0.5242868758577479,0.22871750697485482,0.08115808810867639,0.16638900877815338,0.3293714886061924,0.7,1.0,0.0,78,30.986752065502948,71.91111381280635
21,46,0.27114442552834345,0.3208354446692603,0.41053275835149305,0.5686253892444385,0.22007262304247013,0.1061035666458339,0.14546561747390416,0.3842235504591181,0.7,1.0,0.0,83,32.63987967009935,65.21280610810513
21,47,0.2799611319852674,0.3224649299401189,0.40107389516666186,0.5361934582710695,0.2302172697935747,0.08267463601239086,0.1709198415862497,0.33586687174919627,0.7,1.0,0.0,84,30.179643069892883,66.66999958769667
21,48,0.24736070492353857,0.29067937170273117,0.3799561161100158,0.5520069039273136,0.217141287693832,0.08761772625439586,0.1378275660106178,0.033605183810808084,0.7,1.0,0.0,85,33.9084091803575,75.67639703256349
21,49,0.24496970772829574,0.293249700626996,0.39346887861612145,0.5517853276577587,0.20296253014162058,0.08533291672657428,0.1379054684639292,0.034664365362653424,0.7,1.0,0.0,86,27.04027252766055,73.14771474152136
21,50,0.23694168770969148,0.2738834267446989,0.3627432828608229,0.5535230504984889,0.2057978003300565,0.07788247690345365,0.1373479498473632,0.03327633207841717,0.7,1.0,0.0,87,34.5799772422269,70.70351132557693
21,51,0.23610089486210478,0.27547973609902965,0.37511894605674434,0.5518947390179726,0.20591317921325186,0.078908337584254,0.13784127595717666,0.034518789810551294,0.7,1.0,0.0,88,33.692859039116726,68.99211489462814
21,52,0.24255449839396356,0.2947864000977515,0.41650306569772916,0.5862629849551655,0.20015818277274833,0.08859424093627312,0.13779243854327722,0.030748389421735862,0.7,1.0,0.0,93,34.37018582191223,64.51728667750368
21,53,0.235490360144162,0.26292493168862074,0.35116972041246197,0.5681095210321634,0.20183256585528153,0.07757629781076247,0.1406196326506658,0.030308757570309756,0.7,1.0,0.0,95,36.09666131931143,60.90688107648882
21,54,0.4507422922769552,0.49014378703072387,0.600408908845207,0.8236823023793632,0.4152395208298658,0.09323676240172228,0.34559282020138055,0.36301959084722474,0.7,1.0,0.0,96,32.17963609446291,80.37854486746865
21,55,0.42014921564708424,0.4613618989996013,0.5823706617975049,0.8026862871882703,0.3897645050433407,0.0996653856579844,0.31274601415917724,0.3296838412129719,0.7,1.0,0.0,98,30.74654421600593,89.427429820947
21,56,0.44121835393449965,0.4823078973505205,0.6033087457397637,0.8346283370833234,0.40398724509176964,0.09888418879803455,0.33441785985411066,0.3615920563430923,0.7,1.0,0.0,99,32.089633023760584,79.0645067835859
21,57,0.44945914936882864,0.48792651046145996,0.6087600993849395,0.8506745427780584,0.41565288609398116,0.09523542486939893,0.34639820013927963,0.36304682845642816,0.7,1.0,0.0,102,31.496268810670404,80.89272869038568
21,58,0.45669925881668993,0.49059064344217307,0.6111341975011332,0.86249103401171,0.43567483415644925,0.09486773838405356,0.3559272777868784,0.3632760659544493,0.7,1.0,0.0,103,31.49615146490516,82.06256737285008
21,59,0.43896815764137864,0.4656194277096034,0.5750727505238005,0.8575793507105905,0.4055938277413563,0.10085420552302468,0.3342351336799071,0.38778038387956704,0.7,1.0,0.0,105,32.489233892134415,82.59177080524684
21,60,0.45102985576012244,0.47822743864622563,0.5983492078378199,0.8834958936345962,0.4375525226379314,0.10578069037682644,0.3455332873764555,0.3629457789032894,0.7,1.0,0.0,106,31.709591166961065,79.34475702868225
21,61,0.4600695186882897,0.49255486041375907,0.6236445972510336,0.8980708245886646,0.4333655293070124,0.105586905572754,0.3553205800562667,0.3704717884138845,0.7,1.0,0.0,107,32.19208038578845,83.51037206669307
21,62,0.4153139404160887,0.436260774348739,0.5559919102090263,0.780296296285407,0.3934533001575812,0.10893367439787931,0.3102603890194164,0.4194669091989344,0.7,1.0,0.0,109,29.78724075422953,77.72173787703927
21,63,0.3109238628958238,0.32465677291077727,0.4332997865149855,0.8361117945508922,0.2823847997434481,0.08007914992961106,0.2262757612909701,0.0729416835067475,0.7,1.0,0.0,135,38.087849570926906,69.63274047922752
21,64,0.31087470283726426,0.33122985971949537,0.45092407117451627,0.8500709144119747,0.2826272562345983,0.08008012464961482,0.2262664380972906,0.07294460249052004,0.7,1.0,0.0,136,38.08781838068213,69.37780586477484
21,65,0.31087948848856284,0.33122558239479716,0.4509193854035423,0.8500774691077959,0.2823313474389647,0.08007914992961106,0.2262757612909701,0.0729416835067475,0.7,1.0,0.0,137,38.08631379330784,69.37783696849256
21,66,0.28740730170648104,0.3125122904041485,0.4431418607292599,0.8517195949187437,0.2653054135855913,0.0885718985666295,0.19767584946195266,0.0770053790715832,0.7,1.0,0.0,138,37.12020824200446,64.82200324652888
21,67,0.33308658451419426,0.35435646899090145,0.4847483052748571,0.9017213054696143,0.3179139568555654,0.08671685254190215,0.2462351880584252,0.07439493119895611,0.7,1.0,0.0,139,39.77804080288503,71.8838682386311
21,68,0.34625096941468697,0.38025636334241253,0.5327195545021863,0.965539239669942,0.32066981530825495,0.07547472185676876,0.26757110013042223,0.07754175048642772,0.7,1.0,0.0,147,39.96596077837109,63.954083300203095
21,69,0.34447370491799645,0.37771688233338474,0.5301321671927421,0.9675630575223786,0.3211840354008503,0.07409145354088302,0.26708196118466093,0.07667387769691077,0.7,1.0,0.0,148,39.90186625554453,63.62631535301353
21,70,0.3117728117947106,0.33845764060528133,0.4904707366485075,0.9143654010740969,0.30732424153482407,0.07394039249424492,0.23710182975238808,0.07088929283754244,0.7,1.0,0.0,149,40.222347004944574,61.76520121325657
21,71,0.35937758707377343,0.36903159383729645,0.49870896275133153,0.980655719565964,0.34294280134999183,0.08391759774025362,0.279141205000497,0.09300251322373988,0.7,1.0,0.0,151,38.40387410543069,73.57685991549856
21,72,0.2682591421072318,0.291049406290779,0.442823809795045,0.7912338247139876,0.2470336565836295,0.08191571916397702,0.18954266833709882,0.08315827254279508,0.7,1.0,0.0,157,36.06875644906662,67.0898229782718
21,73,0.32156346506403366,0.39320038809024616,0.6331367765930138,1.0829908519321252,0.30308255256649536,0.09212807330411188,0.23760410717025585,0.3698414767396025,0.7,1.0,0.0,171,29.54994632110653,76.39555033676244
21,74,0.3327729418850532,0.4009551244695091,0.640681496831594,1.120804895248307,0.3165616104080656,0.09498691284543263,0.2481363699341211,0.39562967117227077,0.7,1.0,0.0,176,30.22410056805128,83.10963232671216
22,0,0.9425361394684483,0.9720966569506657,0.9708717775345471,0.1287632896019022,0.0,0.0,0.0,0.0,0.7,1.0,0.0,1,161.29642672640003,182.54245455248707
22,1,0.863188581429536,0.9574394872592341,0.9529626649616604,0.18671045175007508,0.1345088215450437,0.08477911076712677,8.853848598246e-05,0.00019467613020177,0.7,1.0,0.0,3,137.2127537264562,161.27681820695642
22,2,0.24888393621348856,0.37327762315877916,0.3529239108869667,0.1167974397212268,0.7039960136572495,0.1078127509981474,0.0067291345878443196,0.01479584687531112,0.7,1.0,0.0,5,29.0066155431045,63.863534028052605
22,3,0.21540138884186308,0.30678672722898037,0.2834179127206006,0.11212936708534078,0.2236105134048003,0.10554422852000829,0.01051870680465558,0.01974161306655771,0.7,1.0,0.0,6,23.79418432392352,57.41951085671425
22,4,0.20607348806034978,0.2885823780293595,0.2644658372820806,0.11809249705083613,0.10050241997316678,0.11132907610499705,0.0053055244129137395,0.00991627802516808,0.7,1.0,0.0,8,21.518698778898777,59.43265593747166
22,5,0.21112181510983186,0.2946744874918213,0.2811476054380234,0.12878384828859352,0.10405766614206846,0.11568011966853335,0.01228314157124283,0.03481269771196372,0.7,1.0,0.0,10,22.054314054239327,54.798539616293255
22,6,0.21035874675490596,0.29224303199567375,0.27858074746068534,0.13803422186744824,0.09704110090408656,0.11555576659899211,0.013028031918521851,0.03669532098516633,0.7,1.0,0.0,12,22.48684326731628,55.81691438071494
22,7,0.20280298439855293,0.2786012804107665,0.2644490927699064,0.14331525115084176,0.10274813210171811,0.12125322703840843,0.006560215449844151,0.018393227758779048,0.7,1.0,0.0,14,20.637657731905687,57.71360710617993
22,8,0.20280698508867293,0.28532058512864056,0.2822257514601643,0.1433210851916675,0.09145111504123661,0.12124129231313294,0.006575529276116899,0.01843185255873665,0.7,1.0,0.0,16,20.5988639775716,57.459233082273066
22,9,0.20280439435128989,0.28531484373615146,0.2822197895691528,0.1452082757465694,0.09145631166265834,0.12124129225144205,0.0065755293554223705,0.01843185275874683,0.7,1.0,0.0,17,20.61770465767481,57.549708300532686
22,10,0.20187901158881158,0.2743365630858183,0.2599189926501888,0.1467233000678556,0.10544818657833899,0.1237168946146437,0.0066174753529743,0.018523558042426898,0.7,1.0,0.0,18,20.936766371007923,56.961593434003966
22,11,0.1961981406187793,0.27329835413752424,0.26977401484186414,0.17337457496181896,0.09682115377832175,0.11856651196391363,0.00620821867846671,0.03051435785841321,0.7,1.0,0.0,19,23.173679829663683,60.20311745416188
22,12,0.19495225109356867,0.2784045066115869,0.2859098627882862,0.16866641310817426,0.0895123782497343,0.11794141562264068,0.00567791722305345,0.012269836690901691,0.7,1.0,0.0,20,22.060978661389186,58.32957741531453
22,13,0.19270098642753233,0.2724199083984296,0.2796331361694245,0.18001016499470288,0.10237941086692907,0.1177080752158874,0.0065066669832842,0.03778966560514897,0.7,1.0,0.0,21,23.703522534945098,61.98239412596752
22,14,0.19403989878648226,0.27956939726673985,0.2977698380330547,0.19084707458752237,0.09175579027530487,0.121021327105619,0.006226187860928109,0.01642882965741656,0.7,1.0,0.0,25,20.955370076888578,57.52996199142569
22,15,0.26498407655663725,0.35415406240380154,0.3831724494086138,0.25949072892817826,0.17541735513133067,0.11305973608374358,0.08512269787808463,0.080834668260195,0.7,1.0,0.0,26,23.84494859066197,68.77809603555816
22,16,0.2482861301263069,0.3402345730023778,0.3800102402702085,0.2621241362542196,0.15736614904673668,0.113967137176987,0.07069659470207194,0.06798673660654696,0.7,1.0,0.0,28,23.71585086292664,69.17785450889299
22,17,0.2471866020532581,0.3367664619353257,0.3763615315053553,0.27456782189209655,0.15943058967784668,0.11845560261345259,0.06819188433736229,0.06493747055132408,0.7,1.0,0.0,29,29.183501340840177,67.8161603437718
22,18,0.24844515409500212,0.3443474379247235,0.3949700500254789,0.28157565713437116,0.15405726865418393,0.12036401940448449,0.06840498266414398,0.06280010041767868,0.7,1.0,0.0,30,24.745903579095742,66.72688346384788
22,19,0.24424054570872764,0.326346092065777,0.36537934786360327,0.2807631726678179,0.17805556036866121,0.12165678370477209,0.06833796947577689,0.06552746938061235,0.7,1.0,0.0,31,26.323800476286937,70.06115447594513
22,20,0.268957319296095,0.3404531641430345,0.37870388233070296,0.32204944666332685,0.19746417842299574,0.1323813180012292,0.09275864680091256,0.12016226425093161,0.7,1.0,0.0,34,29.0357062017677,86.97627512031079
22,21,0.2769103278415558,0.34932675858253043,0.3982148212655731,0.34457204893954957,0.2068548874948376,0.1144669142850914,0.11702724921851142,0.08978193696299502,0.7,1.0,0.0,36,29.5297496572883,70.36912520656098
22,22,0.27025089447530737,0.34438885624115134,0.4039762865927181,0.3490444894670294,0.20193437242706885,0.11666471698704214,0.11199628963858,0.08389501750642835,0.7,1.0,0.0,38,30.171956122852464,71.44843396633651
22,23,0.28702985610806875,0.34983887848807393,0.3980414911546583,0.3736715042108649,0.22085477146855442,0.1109753434565783,0.13561020202593338,0.11039680477898499,0.7,1.0,0.0,40,32.5207200942995,72.30658800971119
22,24,0.31579714011701376,0.38490983097647347,0.4441402701180761,0.4123953997112426,0.24299804844013312,0.11099734374431676,0.16461756937329833,0.1322209563286196,0.7,1.0,0.0,42,34.43035843701497,76.4252917955294
22,25,0.3229319009752111,0.3932109715365323,0.46310889616817297,0.4312871028463192,0.2708216390879329,0.1204762432829378,0.16846153221009988,0.16581583305164224,0.7,1.0,0.0,43,35.551618680457715,74.52014824899938
22,26,0.285614794642407,0.34836234792164217,0.40714564063229275,0.3875268460358341,0.21857980390762066,0.11427088125228542,0.13596964584736804,0.11078632689833483,0.7,1.0,0.0,44,30.90610276424381,73.31052628360035
22,27,0.28164483348316205,0.3376698564684638,0.3959862090027614,0.41084577695789315,0.22309706519525802,0.11885171054924007,0.13271210676574016,0.11377248835424421,0.7,1.0,0.0,47,31.81079785100697,74.17599671394183
22,28,0.2821446242230614,0.336532673847299,0.3947359236785902,0.42127386456758836,0.21994997649416093,0.12039219418893107,0.13306915571655137,0.11424484344361156,0.7,1.0,0.0,49,30.334690804390924,75.3633608514568
22,29,0.24167398921818076,0.29570122405938265,0.35387933687093315,0.38091717153271154,0.17822554154460737,0.12185133076453718,0.09178245619695752,0.0851284264626885,0.7,1.0,0.0,50,28.027900910795147,71.08897599005464
22,30,0.21699725751818588,0.2853376265297255,0.376288371524371,0.3765278922241426,0.1741695476835223,0.11312917023636263,0.07649016545081758,0.09738604376955941,0.7,1.0,0.0,51,26.153090269939856,69.5533316100628
22,31,0.2243317353704141,0.2856363869577452,0.3761102871795867,0.4067539302312332,0.1741918510013007,0.12759277152821763,0.07753415964124363,0.11104120957788385,0.7,1.0,0.0,54,25.21397276384376,74.84531501994158
22,32,0.21545018843971006,0.2745125042855492,0.36483524235573905,0.4107335909450288,0.16090699395567748,0.11633577986551549,0.07772949192193487,0.10844595657810756,0.7,1.0,0.0,58,25.592120006745912,68.23851384904432
22,33,0.22633847353846925,0.27676705946081237,0.355903695940724,0.42101862694632164,0.17403227362421747,0.13349243183771675,0.0776210160382024,0.09728368511379958,0.7,1.0,0.0,60,24.9976136453986,76.89185694217765
22,34,0.22604689369082878,0.2791366203490028,0.36905961053430897,0.43620481564636376,0.18541070002056043,0.1370104346019675,0.07698561503870249,0.10953943882286288,0.7,1.0,0.0,61,25.81644961036012,75.97057574862441
22,35,0.22604568403536987,0.28585224689113187,0.386832817248433,0.4506566920931093,0.172895166215013,0.13701043263531568,0.07698561694184405,0.10953944682130293,0.7,1.0,0.0,64,25.81687814738939,75.9824991398251
22,36,0.20951210832499245,0.26882980669017503,0.3697781075713037,0.4376119837035106,0.15811850901300978,0.11355601881543087,0.07712334606277464,0.11524010208786424,0.7,1.0,0.0,65,27.020613127678963,67.23027239339326
22,37,0.21268115449795078,0.3108751266890535,0.4780729063977999,0.48240819891290426,0.16162687938178216,0.11238795247096381,0.08185051336255939,0.11935631951869845,0.7,1.0,0.0,69,27.30298608336501,66.0809180249119
22,38,0.2126384901318889,0.31606961870983724,0.4942272002620797,0.5004358405156909,0.16577851703177865,0.11326558259696602,0.08195152977449448,0.12225195265088658,0.7,1.0,0.0,70,27.29594647270505,64.83103206704354
22,39,0.21204940107551257,0.3050332397903178,0.47188630062461656,0.49022127089942735,0.168222514069935,0.11492992162274265,0.08208393249943516,0.11890658774026323,0.7,1.0,0.0,72,25.285795029922063,67.00444044133899
22,40,0.24238842896768342,0.29390732498291094,0.4155775317755901,0.5568673106095376,0.20626093542643903,0.11971543074682892,0.11617941704787771,0.16802066274460595,0.7,1.0,0.0,79,30.21128785548049,71.84184284734079
22,41,0.28156222282012167,0.3786533760120534,0.5776331682519316,0.6343031479424253,0.24020572319875155,0.1226741256486141,0.15397076347948063,0.24081056871889522,0.7,1.0,0.0,91,30.010742394421666,76.90576407951339
22,42,0.2690247712193236,0.3583985344330205,0.5462561733420239,0.7514114928953086,0.22794141890976238,0.12738989896848102,0.1385999022145496,0.21181230006056548,0.7,1.0,0.0,107,29.35659954886811,73.64812099516229
22,43,0.26427566750908105,0.35660428695605556,0.5552776020167964,0.7603084393374062,0.23049734728622945,0.12826258455184958,0.1349880495658134,0.21595173054872513,0.7,1.0,0.0,109,29.762147751928843,73.22774509342221
22,44,0.27641193872211084,0.4069746541854931,0.6718602128746141,0.7307526999879188,0.23853153671802843,0.1301427353316431,0.14676321527833974,0.18498518950379864,0.7,1.0,0.0,121,33.24407350317026,73.11140250862957
22,45,0.25609599393716354,0.36686209101879863,0.5985979429240793,0.9269621664759002,0.2180097910976948,0.11430207247809407,0.1373707009382254,0.1972756157304228,0.7,1.0,0.0,139,26.21128744949324,74.69603014069949
22,46,0.25844646269132343,0.370144535557416,0.6125693558383655,0.938094795488982,0.2252577385999358,0.1216834169112169,0.13717336418119513,0.22203877481433998,0.7,1.0,0.0,141,25.77444871229949,69.14254746986718
22,47,0.34133784101998765,0.47415632456177914,0.7498149540793817,1.0709889160307553,0.3052421246242918,0.11984812892024713,0.22091776207977154,0.3145374371377239,0.7,1.0,0.0,148,29.950726944507288,76.84442723486627
23,0,0.9868269709295593,0.9937311801609036,0.993455908217184,0.13225701280309587,0.0,0.0,0.0,0.0,0.7,1.0,0.0,1,133.9414749796,177.22059045786094
23,1,0.9067498056378382,0.9858302102867658,0.982208771959129,0.1918578905883458,0.1455825757279789,0.0974837441783773,9.509829751258e-05,0.00017678228064732,0.7,1.0,0.0,3,118.58439905296746,146.99811889454332
23,2,0.4581233986550542,0.6602157310980686,0.6511409943107453,0.1925805787556573,0.8822703823010867,0.1254566776932908,0.02435188462164447,0.03633795870398857,0.7,1.0,0.0,4,71.31811988527407,85.77616479153708
23,3,0.2049250712104713,0.2641543330369908,0.2381686784319526,0.10710403498046009,0.8744021175855519,0.125181532967436,0.01375570832845097,0.02557107281443461,0.7,1.0,0.0,5,39.74351517248069,56.41442433775087
23,4,0.183257814397655,0.2304450744668595,0.20353730574604995,0.09917415551073816,0.10997913377482205,0.11680806875052382,0.00692109332427984,0.012837878101766781,0.7,1.0,0.0,7,37.8818261566628,58.38409377465928
23,5,0.19501173275217062,0.24132327937477652,0.2143486405586479,0.11767319233480379,0.10423837078083432,0.1257339844389393,0.01307612169958508,0.031020804499836702,0.7,1.0,0.0,8,37.42226729558468,58.47740782443212
23,6,0.18254680304698798,0.2313352563608365,0.21510118129522707,0.10524889379087493,0.10619508325364399,0.12095740385654985,0.0069387962702798,0.012865602144596039,0.7,1.0,0.0,9,38.26145694944228,56.28401890309662
23,7,0.1736198992052556,0.2079874017043617,0.18012567043484165,0.10738177309811416,0.11427754145003852,0.1162613320277889,0.006581339529648509,0.015562864249684779,0.7,1.0,0.0,10,36.71691039539432,57.79469491557075
23,8,0.17307694870038928,0.20987953400949358,0.19276238511793056,0.11496583615336484,0.09749650339700318,0.11724164253673934,0.00819981713441717,0.02164578479626973,0.7,1.0,0.0,12,37.45469470699783,56.83732361181625
23,9,0.18795999737793537,0.22370118329045718,0.2065058036623723,0.13200308798646332,0.10709861490733685,0.13830007384657111,0.00906122757198854,0.02027208753395424,0.7,1.0,0.0,15,41.48222797344162,62.31136774582312
23,10,0.2117083894294727,0.23854068439701373,0.23128597000449178,0.1734217451647727,0.1910161469993128,0.18867269857914493,0.007370892107002119,0.023700343550899998,0.7,1.0,0.0,16,40.70326112169685,57.431327999555
23,11,0.20974923520472152,0.24000003006758835,0.2435720965681719,0.1824464792783703,0.14473531478662163,0.18867269442559864,0.007370892562763,0.02370034450964063,0.7,1.0,0.0,18,40.32889779956842,58.52297333470869
23,12,0.2085013808008059,0.22589375490900848,0.2179805707323717,0.18791958069156844,0.1516656066904215,0.1919578841083268,0.00742525035189259,0.02375558070427444,0.7,1.0,0.0,20,39.81786702949172,58.06205199836604
23,13,0.2054564918117707,0.2285374209292729,0.23161058857130265,0.20640714866281792,0.14099272175220717,0.1878023785840717,0.00788389275507058,0.02471855877837283,0.7,1.0,0.0,22,40.07096843601578,57.72298570019046
23,14,0.22033564192165553,0.2414205159298309,0.24435583247141487,0.22192449705272804,0.16173323167845363,0.1832336859616568,0.02710501888845681,0.02827381148224556,0.7,1.0,0.0,23,42.27035965656275,60.76364712298717
23,15,0.22122624107454983,0.24803310985468222,0.26195738475056557,0.22312997440126933,0.1578837542293826,0.18536302101696808,0.02707250568806598,0.02823036311091942,0.7,1.0,0.0,26,42.23107796925525,59.80534526470635
23,16,0.22115028757645966,0.24573802291648122,0.2595098259288414,0.22730058759478683,0.16503753965644613,0.18742104402990686,0.02680872654227261,0.02814319791500758,0.7,1.0,0.0,27,42.80419956007554,55.610719962801134
23,17,0.2297685533438819,0.2533404285271047,0.2670427252082888,0.24195914161473825,0.170404389103094,0.2020324545405961,0.0257685992961298,0.02417538485344492,0.7,1.0,0.0,28,38.73713504281405,56.57403443493772
23,18,0.2285907781556883,0.25808392785712986,0.28278907389688823,0.24937251292776766,0.16729818090930695,0.20102271869331179,0.0257428211305152,0.02389721617430236,0.7,1.0,0.0,31,38.66198865192127,55.49644464545997
23,19,0.2682400360548467,0.2905022753814984,0.30411507833726226,0.30387164834316327,0.20671782566681793,0.25687157269359023,0.02658373121258531,0.0401470944602334,0.7,1.0,0.0,36,45.12272631159506,60.58802073718163
23,20,0.2792534874806765,0.2923485756252345,0.29473657434455264,0.32122816212824473,0.22134372247921247,0.3030029789171203,0.00666393120296224,0.0350396515314924,0.7,1.0,0.0,39,43.64316359460761,54.6334408251451
23,21,0.2699055176581611,0.27242218556968145,0.2634911142529124,0.3158747248283407,0.22356723836515002,0.2889801760467425,0.00922996237663946,0.03551800138238288,0.7,1.0,0.0,40,44.20196829970055,55.41852166264332
23,22,0.2698495369221224,0.27898176775771977,0.2811012441983747,0.3342563467441158,0.21167773291516123,0.2889801760467425,0.00922996237663946,0.03551800138238303,0.7,1.0,0.0,42,44.18762752648446,55.14645860076234
23,23,0.24912381485833088,0.28361673761245204,0.3404708200342138,0.3589837600532354,0.22070191832199942,0.2436615419313803,0.02459628785529479,0.04518626346188408,0.7,1.0,0.0,43,48.22122059238667,62.13596911455744
23,24,0.2508598649395673,0.2843965866252545,0.34118693558504687,0.37103729805882624,0.19886524957181934,0.2484759954464537,0.02345942105020957,0.04347564721973833,0.7,1.0,0.0,45,47.49277558575168,61.85145632776109
23,25,0.25528450673419834,0.28794064826843,0.3446727526911668,0.38259525848932674,0.20498810583325527,0.25161955192887986,0.02614054097102228,0.05185002850363457,0.7,1.0,0.0,46,49.16695772949544,55.14286909315215
23,26,0.254862225387848,0.293417766112278,0.36115292209406596,0.39245525204916404,0.20353137476268954,0.25161955192888,0.02614054097102229,0.05185002850363459,0.7,1.0,0.0,48,49.20995479056303,55.595396856150735
23,27,1.1783821764315534,1.2040306226687896,1.2602982066978299,1.3163418929650261,1.135245449527695,0.18420016896290498,1.0,0.02506464435849562,0.7,1.0,0.0,51,43.95529745131425,62.44491336159079
23,28,0.24966839282320866,0.2883868782544192,0.3667457240044847,0.4360653983894524,0.20059734367776905,0.24976752021468496,0.025573498447161818,0.04895115731789787,0.7,1.0,0.0,57,48.58483110636468,55.35937416984045
23,29,0.16667450036517414,0.18360509433900776,0.2286833481932052,0.325110828899828,0.11988264814606459,0.10723989616242065,0.04316300529952191,0.027202325517476523,0.7,1.0,0.0,60,43.8136442077779,66.15194271444678
23,30,0.16461950387987992,0.19497819646849462,0.26217104516765305,0.3607148862726602,0.11621179507255003,0.10625577863474708,0.04180193970796599,0.02767918829260871,0.7,1.0,0.0,61,43.9859915137366,66.68817680934444
23,31,0.16678119549859444,0.19021585750455053,0.24633802135614388,0.339086051581899,0.11906581462915267,0.10745279992814627,0.04322755405030024,0.027336066853961623,0.7,1.0,0.0,62,43.859914371704185,66.22616083808698
23,32,0.16332640068922463,0.1788450099012722,0.22383062802676437,0.33490075253257356,0.11921210419704839,0.10347885744430037,0.04314808359126574,0.026868985673869812,0.7,1.0,0.0,63,43.43649214522351,64.83653700127975
23,33,0.2316872781712618,0.25954466592808506,0.3265735162968143,0.42841658161480634,0.1878137465724988,0.22265518322796227,0.02862813638622532,0.02819463834601852,0.7,1.0,0.0,64,43.31772048441,69.26762779790552
23,34,0.23050891403064938,0.2502082489364161,0.3060851613822916,0.4200070256005354,0.18836199970729822,0.22198776650860036,0.02862326677140966,0.0276539884532138,0.7,1.0,0.0,65,43.346373236766645,68.38010752552954
23,35,0.23638296076456858,0.2544367079343981,0.31020616199916795,0.44378918235880577,0.19565249542815222,0.22384938250831818,0.03399669871910422,0.0298564211514267,0.7,1.0,0.0,66,43.3926959163544,69.54529213517189
23,36,0.26236711062319223,0.2960009373456981,0.37402573771204867,0.49124127565030307,0.21693893499200728,0.22618382577702117,0.05730128099310562,0.03819219456949493,0.7,1.0,0.0,70,42.34210885986701,64.35821017913486
23,37,0.23675259238129798,0.2658692290335845,0.3435994429597174,0.47013842114205157,0.19284607406048276,0.2015092537703468,0.05115350313189286,0.03561714584593762,0.7,1.0,0.0,73,42.987434217005,65.41283415556192
23,38,0.22073076906045785,0.24256878310113933,0.3092047129485333,0.4532692928965469,0.17814764613546855,0.20417985237188785,0.03353300164873446,0.035410771010961975,0.7,1.0,0.0,74,41.94295552258094,69.08757080763387
23,39,0.2323108976298513,0.26480260100896386,0.35337379490573934,0.4873431348774017,0.19769228307947284,0.21818523355937575,0.036637127201899114,0.0274129774657297,0.7,1.0,0.0,75,43.16609524248312,68.8634494496341
23,40,0.23740865812308778,0.2689065691818063,0.3574130328669486,0.48977784378178146,0.19592539045239302,0.20528221499321875,0.051237887819914896,0.03625109085593945,0.7,1.0,0.0,78,42.97316229369867,66.61317666905047
23,41,0.23694108034431313,0.26828612297946614,0.3567827626171954,0.49624228451620583,0.1949965780207241,0.2045692135884792,0.05134168862285173,0.03664028980782547,0.7,1.0,0.0,79,42.991892147436126,67.06011786122993
23,42,0.22666769282499294,0.2757353993276047,0.3972476931087987,0.5054779440593611,0.18903842492115894,0.21010809010736137,0.03833599144665051,0.03112736968708263,0.7,1.0,0.0,81,43.8417478385609,57.575405752208354
23,43,0.22722691044997587,0.27412613090435245,0.39549864147314306,0.5136042532010728,0.1902027319091661,0.19925216811350344,0.04750477441038206,0.03269131788026851,0.7,1.0,0.0,83,44.011751394596544,58.2497234409484
23,44,0.21921688005274928,0.27009411560912655,0.4023486891307494,0.5592378128859513,0.1842955578673797,0.19636613877951328,0.04277974452822028,0.031540280353445374,0.7,1.0,0.0,85,43.45919708509864,59.0966124255116
23,45,0.22511043078844944,0.2740992284656561,0.4062332812277839,0.5796895979849555,0.18977971557847922,0.20609593542363397,0.04272537434465331,0.03225044357916076,0.7,1.0,0.0,87,44.41321242755797,63.388826175325
23,46,0.2251318185994639,0.28077249478328564,0.42395940768677787,0.5882156770455667,0.18724402777898083,0.20602655194108271,0.04282611160548427,0.03229865239240592,0.7,1.0,0.0,88,44.41128741650333,63.36754636186687
23,47,0.22013095521695042,0.28151931285744675,0.43570213346138115,0.5990494529786601,0.18344040076752346,0.202139613780343,0.04098768110051393,0.03224843334876605,0.7,1.0,0.0,91,43.23599838353192,59.72213412171586
23,48,0.31833876335229777,0.35796227858943014,0.48950132050037853,0.6678465043719484,0.3088084764580129,0.21899078546163603,0.13111467167802993,0.1600020469735092,0.7,1.0,0.0,92,47.80055609063952,57.4640028343251
23,49,0.31827627725328805,0.36431508328249007,0.5068922818144511,0.6798305027036037,0.2849221656648435,0.21883797368262914,0.13129250151190175,0.1600434072892381,0.7,1.0,0.0,94,47.7832718939339,57.45520702157695
23,50,0.3185200005862534,0.37242642684565364,0.5367683956755778,0.7473979002364597,0.288295554819498,0.2189814402110462,0.13385234214109704,0.1616118069428532,0.7,1.0,0.0,108,47.2236907322092,57.53057592214221
23,51,0.25065371087640015,0.31246261963089134,0.509214182366859,0.7379808914534187,0.24204723974458076,0.23075840061694883,0.06288344558236837,0.06714176421438348,0.7,1.0,0.0,110,51.37629215784686,51.67151936208512
24,0,0.8837653467878995,0.9419652294982299,0.9394177020839041,0.12389772065746867,0.0,0.0,0.0,0.0,0.7,1.0,0.0,1,200.3427371776,191.6471197862957
24,1,0.8071490183120604,0.9237663940366576,0.9178762624213086,0.17313465433994113,0.13512852790563065,0.08267330947802809,8.743781611794e-05,0.00017399468932153,0.7,1.0,0.0,3,173.56520895811568,169.8580157933572
24,2,0.1847786504848584,0.23833032719404196,0.21190666186021884,0.08965216115199824,0.814844350236118,0.10600939220823136,0.01133634032040754,0.02255846611529965,0.7,1.0,0.0,5,39.62936616826366,57.359616757257655
24,3,0.17199510953142927,0.2112180080665745,0.1837141528516525,0.09133868757511857,0.10798404814759269,0.11046690090830251,0.0057131685376999196,0.01133124431647921,0.7,1.0,0.0,7,40.65239188836912,60.32184413395371
24,4,0.17084872613671603,0.21511295222605498,0.19854286843862037,0.10396737854201589,0.08589395806025617,0.11046690090830251,0.0057131685376999395,0.01133124431647925,0.7,1.0,0.0,9,39.54186791829515,59.01424284923075
24,5,0.3045667051191968,0.3446409072898744,0.3383315283618693,0.23524431651672176,0.2423994397649515,0.3138137771743929,0.00433400570218563,1.0,0.7,1.0,0.0,11,41.55355778490391,475.07587964479416
24,6,0.7743420488006998,0.8012386010032515,0.804576478873459,0.7198343552607583,0.7385753287465358,1.0,0.006015162031049711,1.0,0.7,1.0,0.0,13,39.11160971533036,461.4880688245444
24,7,0.37340170240555554,0.39838369973299187,0.40158850142751895,0.3235059075711537,0.3123341049667865,0.42778106936259447,0.006744781462546021,1.0,0.7,1.0,0.0,14,39.35091221484173,402.6487453371088
24,8,0.2392389872920119,0.2627762337405294,0.26588099391566367,0.19646349330218046,0.17517802096649063,0.24289216045281817,0.00284094937570187,0.5918528047788805,0.7,1.0,0.0,16,40.12718039574666,2864.7752227703104
24,9,0.2701625722151003,0.2958463541913068,0.3096933290053328,0.23304243587374923,0.22095214156888715,0.29062825200828757,0.00295860589389956,1.0,0.7,1.0,0.0,17,40.179705704666944,472.4897797516411
24,10,0.36920298017838005,0.3932762660075413,0.40701293140717204,0.33684251255317754,0.311445787415017,0.43277557612933115,0.0034021870672288498,1.0,0.7,1.0,0.0,18,39.888882859480375,395.4513404821221
24,11,0.3588072938716754,0.3740496108275113,0.3765841926107955,0.32822627173371527,0.30379484109299204,0.41900483532933974,0.00382420597531673,1.0,0.7,1.0,0.0,19,40.42204592553644,397.7369081908609
24,12,0.7629722803365245,0.7810774021816119,0.7944071318848019,0.7379816577487639,0.7155313394078576,1.0,0.00341514787118309,1.0,0.7,1.0,0.0,20,41.90427303548693,319.1531830150488
24,13,0.3492834417179248,0.3667132263985498,0.3799972220344611,0.3272750602403479,0.2922084805266534,0.4085044980623203,0.00414112304351956,1.0,0.7,1.0,0.0,21,42.035029890220834,411.1523157469674
24,14,0.7489626264993052,0.7617809530956465,0.7747534657204139,0.7338601623984516,0.6994141756743854,0.9779091475638232,0.007721385699663149,1.0,0.7,1.0,0.0,23,40.59492159578848,317.52595585521254
24,15,0.748482223742726,0.7671147402752423,0.7910838855417878,0.7412103941436621,0.6936574940732774,0.9779091475638232,0.007721385699663149,1.0,0.7,1.0,0.0,25,39.97039256430283,317.0343944304596
24,16,0.24680252791156462,0.2631641151494214,0.286980925962538,0.2773001782648038,0.19266651788562428,0.11925141878447701,0.10830186431471892,0.09675089956685771,0.7,1.0,0.0,33,49.143095846908274,61.73569974615726
24,17,0.23546351419296865,0.24768404142175532,0.2712243861784779,0.26710109964817186,0.18897777490850987,0.12746436552834625,0.09337107505258296,0.08099110317612783,0.7,1.0,0.0,35,49.97998456828939,61.204370843003474
24,18,0.20403795965681687,0.19744028390354768,0.2091248293671384,0.21908628866476954,0.1941210627643167,0.11212078496971585,0.07877537154595286,0.07888157295347056,0.7,1.0,0.0,36,56.37219214506797,55.06847968757201
24,19,0.2565734837687429,0.25854556427718056,0.29202767676207864,0.32217780934347184,0.215824575245105,0.13141850179921227,0.12016699611660656,0.10683205590327724,0.7,1.0,0.0,40,55.35592603515302,63.73046725592452
24,20,0.21557843409635152,0.20509801893264468,0.22715081607513515,0.28561372624385556,0.18250611019801044,0.1285291954703407,0.08393009438852515,0.0800893104508753,0.7,1.0,0.0,42,54.79844923041232,62.07874989680531
24,21,0.28694372450670297,0.2683774586290871,0.31117585505375633,0.3927058890539418,0.2675815204744563,0.12135864151685809,0.16999331207680335,0.2186902290267713,0.7,1.0,0.0,47,63.48565888103635,56.64781567755018
24,22,0.3011769487840482,0.2831387876695729,0.33660718701924236,0.4241673761083225,0.2763044029517068,0.12054181179908334,0.18744316361798458,0.2235300329959033,0.7,1.0,0.0,51,60.2560404764896,62.35245139208749
24,23,0.29302805307967883,0.27983913046751424,0.3442487901037872,0.4326509948574817,0.2662377714069787,0.11626056124018765,0.18307196448321264,0.2792946027170464,0.7,1.0,0.0,54,60.54209399163383,53.45486611479014
24,24,0.3435469629078446,0.3266131262703955,0.4014325865573962,0.5016322572983756,0.3267475582176658,0.11404815634028245,0.2394351043836524,0.2773769174213956,0.7,1.0,0.0,58,63.93066622625224,58.727238525921294
24,25,0.3435469627836158,0.3333322380314759,0.41920929963906217,0.5150752282011333,0.3192689068237431,0.1140481562863486,0.23943510429947218,0.27737691689177296,0.7,1.0,0.0,60,63.93066625905296,58.72723841228345
24,26,0.32070436884812703,0.31039575650965456,0.3962669858475872,0.5160370875337843,0.29659713511548763,0.11485167573747868,0.21606780191786895,0.2507058437737673,0.7,1.0,0.0,62,62.28909648914369,58.34992476374318
24,27,0.3487485011472424,0.3441675301604875,0.4410354357619919,0.547761855103396,0.3277167887159378,0.1140578967862695,0.24506512457334578,0.2819123497722563,0.7,1.0,0.0,63,63.504149869309785,59.77802338326682
24,28,0.2371814744175394,0.22294039632107485,0.30857009315778217,0.453944004661309,0.2155534956852349,0.11275240191531824,0.1355846826263766,0.12887430278712725,0.7,1.0,0.0,71,57.88470726502853,60.96361620882251
24,29,0.22282153080732692,0.21335882930170907,0.3099273062484553,0.45397982355997524,0.20274818758815777,0.11968094572354045,0.11714192685240295,0.10144708930366819,0.7,1.0,0.0,74,57.60285936127925,62.15502938171843
24,30,0.2372787995762724,0.22503748946613952,0.3214361623313269,0.47239296380206425,0.2243008724493494,0.11490505894262848,0.13603097003500575,0.12888545540653282,0.7,1.0,0.0,75,58.5212440988826,62.93637600835293
24,31,0.3529885936297593,0.34731982988391397,0.4547671677174523,0.5809171303968741,0.3322704684222507,0.12137836056344442,0.24726752835497195,0.22841641189531617,0.7,1.0,0.0,86,57.39515308733783,53.80108720361184
24,32,0.2789494277537821,0.28936109761495477,0.42973338597520905,0.60674424773569,0.2712218784567778,0.11133398935881875,0.18183557190077737,0.19060703962443384,0.7,1.0,0.0,87,56.72774273393132,66.37431777077317
24,33,0.26603786010210023,0.2669991909694449,0.3961481791362741,0.6140323371503921,0.2517262121959111,0.11287802777566676,0.16888673450718145,0.1933866724383242,0.7,1.0,0.0,89,56.40070211970158,68.6714740191395
24,34,0.2644259535317641,0.25818624226184117,0.3762482204116155,0.6194810315847142,0.24714597347715764,0.11338119722959286,0.167105659528608,0.18876803461754052,0.7,1.0,0.0,91,56.41492592394629,69.06543216846508
24,35,0.2662020515907757,0.2648239243043241,0.3938312790204458,0.625039151555512,0.2515464619742248,0.11394882157358185,0.16918736475675705,0.1942621071438625,0.7,1.0,0.0,93,56.59365236506324,70.12409527507735
24,36,0.27047199858889065,0.28109986436482554,0.43213571962953956,0.6610079058714039,0.2545605101895556,0.11429084152761651,0.17375723265820978,0.20312916678541054,0.7,1.0,0.0,98,57.162398701750064,71.9342806466614
24,37,0.427783769959562,0.4445277370962127,0.6065846834236115,0.7959128792730227,0.41185874322751986,0.12858817440796583,0.3212868817715588,0.21419006650371003,0.7,1.0,0.0,101,63.19655524893066,71.03246193915406
24,38,0.5103693565045894,0.52741205083941,0.7001406623823607,0.9089742218204426,0.5007120611515444,0.1175126516168276,0.414001433370616,0.5661601404957959,0.7,1.0,0.0,105,66.23733046262468,61.24451931109557
24,39,0.5096783441878238,0.5317383161760787,0.7154224505289386,0.9315699486228457,0.4985453422508027,0.11789626933288314,0.4136630774492357,0.5665727442148092,0.7,1.0,0.0,107,67.32889681086527,58.86479416700418
24,40,0.3860713520611363,0.4282222355879922,0.6450754677249081,0.8824901222015009,0.37261594317146574,0.1278193233724647,0.28313415593604424,0.3448499740995886,0.7,1.0,0.0,131,68.49384430501964,66.05763597035082
24,41,0.3835011271137541,0.4223052928083817,0.6389587218054815,0.9005691591116914,0.3758669736300809,0.12617711052668099,0.2829242261594652,0.34389010182047175,0.7,1.0,0.0,133,69.26679624781143,65.23445123961939
24,42,0.36207454230021296,0.39614272533697703,0.6125140550268081,0.8829350071833718,0.3580208532691478,0.11360545528890591,0.27198688607222643,0.2189617438550952,0.7,1.0,0.0,135,62.40686960727875,58.19332477272044
24,43,0.38213618090069956,0.42076574281804924,0.6480663558054369,0.9093761774531758,0.37824376226229295,0.11434563611480464,0.2922905411326606,0.23110102372144709,0.7,1.0,0.0,136,63.26194390411962,58.46216222124635
24,44,0.3829822459773381,0.41810386597011207,0.6451967231571659,0.9143360527422502,0.383995086383623,0.11333505105963808,0.29506865140695726,0.25013913851660285,0.7,1.0,0.0,137,63.64468535906976,58.20355408272922
24,45,0.3641980593838995,0.39652377634529734,0.623451634406937,0.8995638100511965,0.3642066222646686,0.11304651868047919,0.27745199039182916,0.2666348283650903,0.7,1.0,0.0,138,59.41805356232474,59.0537182636406
24,46,0.3770324410853154,0.4151154949501918,0.6530440368318173,0.9516924257730093,0.37018630352374504,0.11063747517167799,0.2923031591093833,0.23060015341129972,0.7,1.0,0.0,144,61.09263283475512,57.31515795801747
24,47,0.37249344540002843,0.41178817821852026,0.66045088203666,0.9539154487687072,0.3820296436246794,0.10964641941822766,0.2903273850831272,0.23292258491685694,0.7,1.0,0.0,145,61.71599452901616,58.11008021728718
24,48,0.37390091769655975,0.4035863617312586,0.6410219232741112,0.9754141869831604,0.373361924357346,0.11076072253113971,0.29192188307130695,0.23241374596607112,0.7,1.0,0.0,147,63.014726575613054,55.818842569565525
24,49,0.37288301899360077,0.40806950499468,0.6564914666856212,0.9808731706180746,0.37213423706625226,0.11078664153606485,0.29129116008801936,0.23353568082567241,0.7,1.0,0.0,148,63.27674534458739,57.00595359130266
24,50,0.36421411857912245,0.3989112909124818,0.6473043386033555,0.9797127037376104,0.3609948516669198,0.10795915259050666,0.2847636353640356,0.261069059173717,0.7,1.0,0.0,150,58.70832914660375,57.126933332140375
24,51,0.343298462018355,0.3743162199601541,0.6224950677395087,0.9884202875813045,0.3422814792783166,0.1254913608676873,0.2527862804370783,0.2622170165028329,0.7,1.0,0.0,156,63.66553770559644,81.36789017699427
24,52,0.3432400281470198,0.3807982928619431,0.6400241856162769,1.013321630911697,0.34087045677812433,0.1254913608676873,0.2527862804370783,0.2622170165028329,0.7,1.0,0.0,158,63.82239515439566,81.82948285286639
24,53,0.3464519337409872,0.3834983909948332,0.642694294106167,1.0205092819137471,0.34469800345638457,0.12433164925722531,0.2569773056815613,0.25005932360580696,0.7,1.0,0.0,160,63.99801561515189,80.97591709325107
24,54,0.3671636870053197,0.40255650223952244,0.6616567742629001,1.0453230308974741,0.3697012340760514,0.1248550913389774,0.2778610028922849,0.28687669722449083,0.7,1.0,0.0,161,64.91493729073517,78.3245364891309
24,55,0.56741503002562,0.6426741705896777,0.9680934871722965,1.313934859559941,0.5657085189727364,0.11652225323508654,0.4840908143762702,0.4851146898556856,0.7,1.0,0.0,184,73.79297249890736,77.77349944195598
24,56,0.5762413806369373,0.6502713726815466,0.9756194669430793,1.3300076552522768,0.5781799373393733,0.11116187383249161,0.4970671568570797,0.4999274021240498,0.7,1.0,0.0,185,75.3006478805376,79.01630920079454
24,57,0.5998256744036703,0.68305444880346,1.030271903607504,1.3845431588020634,0.6017192465450556,0.11828173693815065,0.5170284585469649,0.5345190696857576,0.7,1.0,0.0,191,66.41881038978629,76.59856595895259
25,0,0.9981601896354643,0.9991293533613501,0.9990909814629658,0.1331284684168561,0.0,0.0,0.0,0.0,0.7,1.0,0.0,1,132.38451032810002,162.76824017592602
25,1,0.9128132020175863,0.9885179864510605,0.9850774834648752,0.1910862956594654,0.14543693997771112,0.09543085171801152,9.632313525303e-05,0.00015849386054931,0.7,1.0,0.0,3,116.00072726845492,144.27043850776587
25,2,0.19701910286941635,0.250535765366972,0.2241093775471656,0.1019089773318702,0.8837266531728301,0.12232631736355466,0.01218103608911411,0.020043154016765298,0.7,1.0,0.0,5,40.76592585634128,54.97015648709122
25,3,0.1861882843795936,0.23055780023748126,0.20343809028973525,0.10333749218926491,0.10963912247459778,0.12497277304698529,0.00614932311044822,0.010108597131182031,0.7,1.0,0.0,7,37.42509717947488,57.20573729309588
25,4,0.18538055543505805,0.23626606801979283,0.2201886309728029,0.10956688350204534,0.09314208716404887,0.1240938920854747,0.00610064201172246,0.01003184414890761,0.7,1.0,0.0,11,37.79750245677478,56.23609561897933
25,5,0.18376160418069923,0.2384419345717842,0.23320375010334887,0.11158404574852633,0.10349376305953409,0.12461462842372191,0.0061719301557723195,0.01012531423681979,0.7,1.0,0.0,12,38.85209512289384,54.65726450366552
25,6,0.18377409407051548,0.2247278202858293,0.1973526858391224,0.12840791504968618,0.0938159827849162,0.1255640751789889,0.00572170390033194,0.00989576806370188,0.7,1.0,0.0,17,34.06591278150249,56.93382926840616
25,7,0.17809598173743635,0.21713536246994303,0.18961814568615565,0.13525432179912913,0.09582263713365893,0.11961813399483567,0.00552998075198596,0.00875582915251934,0.7,1.0,0.0,18,34.340798626840794,56.14871989194035
25,8,0.17777712916246294,0.22307138450062475,0.20657744360961647,0.14250140111265241,0.09005549367800088,0.11961813399483563,0.00552998075198595,0.00875582915251938,0.7,1.0,0.0,20,35.848430505156315,55.2205074206083
25,9,0.17645205873104478,0.2208335881228707,0.20427211245927843,0.14355095651381086,0.0916806502408657,0.11866817956881814,0.00549544523814197,0.00870241165106849,0.7,1.0,0.0,21,36.11940985168708,54.264732669977214
25,10,0.1786052404100233,0.2229738180768919,0.20641142249850575,0.146743731760726,0.0907689371380635,0.12332719907818615,0.00439609694391812,0.0094022913960409,0.7,1.0,0.0,22,34.665448733604634,55.44782550494451
25,11,0.17736271900471118,0.22708415539635357,0.22147859587260016,0.1538134964291314,0.09274085202802182,0.12283414356100124,0.00442944278882785,0.01006982108026093,0.7,1.0,0.0,24,34.58683994643561,54.96983135768118
25,12,0.1781193695481322,0.22728196602589726,0.22163509161925427,0.1682738817669273,0.092498448307518,0.1240653973811379,0.00470286901603998,0.01019913367877738,0.7,1.0,0.0,26,33.6724181688535,55.29924848554363
25,13,0.17811916344024195,0.227281555923854,0.22163474091765828,0.16288551257949985,0.09154970666332432,0.1240653973811379,0.00470286901603997,0.01019913367877737,0.7,1.0,0.0,27,33.62053434495908,55.32720251450635
25,14,0.17340319215615807,0.2335837652956928,0.2498744022208342,0.18403600156169964,0.09666274460345381,0.12007573960095197,0.00440711718769533,0.00934538242181668,0.7,1.0,0.0,28,35.5282236683213,52.76071123506515
25,15,0.17821070735859704,0.23441291271483145,0.25041366612711796,0.18453157757323213,0.10929449001661509,0.11896758309505828,0.01262179384934387,0.01574977701735113,0.7,1.0,0.0,29,37.74396466394175,56.384503573840746
25,16,0.17803643524130003,0.23412503970657372,0.2501174320120654,0.19027839361702004,0.09599009494570837,0.11882221045616695,0.012623713475319102,0.01573602670362502,0.7,1.0,0.0,31,38.19703791820799,56.01215528479052
25,17,0.1914926832736613,0.23825927977406033,0.2535809353298561,0.21884539545021842,0.1214053079158553,0.12100182711974627,0.03051139371823325,0.0367699945722777,0.7,1.0,0.0,36,33.46328798551733,59.06102833009851
25,18,0.18329098806598687,0.22221994222897565,0.24757528637787968,0.2299671378588614,0.12760569433929575,0.11738786598342943,0.0336136273993145,0.048315380076803485,0.7,1.0,0.0,40,45.38838198031016,60.07785681499804
25,19,0.18215159110154905,0.21835586510906832,0.24352232695709256,0.24784573648829109,0.1191281973286836,0.11733356327085313,0.0340887124119175,0.04928966000964419,0.7,1.0,0.0,43,45.5454095162425,59.14415176068405
25,20,0.1904500942638764,0.2255618037610706,0.25065275450801205,0.2690868638234614,0.1263066134857864,0.1178704652408199,0.04263714724779962,0.08332969063605071,0.7,1.0,0.0,46,44.44208503656172,61.0286978059082
25,21,0.1890524700879081,0.23732291206345962,0.2845099177542367,0.28104131993441717,0.1243538242351571,0.11670469131938595,0.042215292817903,0.08146954383883923,0.7,1.0,0.0,48,44.701739016530965,60.875784728703046
25,22,0.18994749093275848,0.23758378752011305,0.28472704144207456,0.28852646086098876,0.1271830316567683,0.11876263847204557,0.04203133302965502,0.08212425814433606,0.7,1.0,0.0,49,45.08553487376567,59.96987773649458
25,23,0.18138610654667536,0.2282622183094295,0.275353203958797,0.28339957353005985,0.11945261261921693,0.11720858741739644,0.034989971249112115,0.06440027380708802,0.7,1.0,0.0,50,43.0201188203278,59.94490764269509
25,24,0.17919418308259116,0.21899735997478811,0.2550066902836182,0.2576279536868882,0.11560591634506245,0.11437627403217195,0.03498109707912258,0.06222340688858047,0.7,1.0,0.0,52,44.966198518092405,58.716445461141305
25,25,0.17243622921056265,0.22384535687862553,0.2818439069938955,0.2847163452489794,0.11512965500287477,0.11651310521422627,0.02776129157250083,0.04142986825565678,0.7,1.0,0.0,53,42.09055513586392,59.06766526686493
25,26,0.17701234254950857,0.22355861730425655,0.2812252212780866,0.31042046752116104,0.1204319961809267,0.11445058592077159,0.0364834679025954,0.055568432040174476,0.7,1.0,0.0,57,49.80963721353756,58.51950890221699
25,27,0.17166334853966678,0.2072692656703692,0.2641979503494458,0.30135585375665325,0.15117830257339793,0.11682894362861214,0.03533729813184683,0.050127860509785946,0.7,1.0,0.0,58,44.86519349902475,58.83389474622919
25,28,0.17109491907925203,0.21094176307982535,0.2787627163557449,0.32133869771230794,0.12165859534958666,0.11796905567337042,0.03526144300801873,0.05001800974955957,0.7,1.0,0.0,60,44.79542870824196,59.43818874094736
25,29,0.1615074008450345,0.20766181252709393,0.28651299826895543,0.335870643445817,0.10867635724684606,0.11392767803062911,0.02871593033465757,0.041076637249777684,0.7,1.0,0.0,66,43.27106034201425,58.141970799125936
25,30,0.1605348395990173,0.19694346660973314,0.2645358426952543,0.33523142866340916,0.11833308089895248,0.11410415188350491,0.02917482463485534,0.04190886658672243,0.7,1.0,0.0,67,41.44300006377,58.08451321818492
25,31,0.16169552830581346,0.20461223577416496,0.2832483973550977,0.34699169120854106,0.11063902699621778,0.11506555353243886,0.029770150049927828,0.04225825241390592,0.7,1.0,0.0,69,41.501705410529226,58.25654770487778
25,32,0.15999156804066217,0.20144225328858065,0.2799813671834406,0.3456759653411103,0.11383807343531763,0.11460623138365833,0.0291329632878022,0.04156462635232784,0.7,1.0,0.0,70,41.79229698132043,57.045324490071096
25,33,0.15861072365873274,0.20610195687194802,0.295653461423281,0.35503941828575075,0.11039107746267446,0.11342812497662884,0.02892020376582933,0.04179468714605318,0.7,1.0,0.0,71,42.079550439341446,58.315254552458
25,34,0.15961165234218663,0.21138036700632556,0.3118289944335277,0.38389069410556337,0.11203553734294894,0.11597801746289198,0.02936376026126485,0.04135402961437099,0.7,1.0,0.0,76,41.85389590031243,55.65393431031653
25,35,0.16031835392533864,0.218647170852281,0.330142525103634,0.3921503624410682,0.11157636600456901,0.11667355078823069,0.029663053234845787,0.0415884217620402,0.7,1.0,0.0,78,41.34896990556709,55.845619896059176
25,36,0.16027199075846507,0.21853959038026588,0.3300307152520693,0.39901612600231917,0.11150501998221433,0.1167918759759347,0.02956450798921344,0.041486244179273754,0.7,1.0,0.0,79,41.41035292491516,55.78211287072908
25,37,0.1575854926458382,0.22010336313698517,0.3424900657392331,0.40040808542241685,0.11734945216068052,0.11522209489412016,0.02920406028850283,0.041478202019939445,0.7,1.0,0.0,80,41.93306419401368,55.924162008251216
25,38,0.19437863755601123,0.24979434825503485,0.3717172896114592,0.43810984080370574,0.15724920482634464,0.11960063046469116,0.06639306884521465,0.07340134983087397,0.7,1.0,0.0,83,44.02364752409951,59.12088195516913
25,39,0.20087592343807065,0.27183544514621594,0.4266324454472538,0.5568919469822567,0.15946341305910172,0.11075059904763404,0.08128077630986415,0.11226647979193635,0.7,1.0,0.0,104,42.95016145938031,58.31206221868142
25,40,0.1750283181486196,0.21584643424652555,0.32620292853018074,0.4966136019596247,0.13642809848982623,0.1231804316418523,0.048259987659289176,0.05305549300498915,0.7,1.0,0.0,109,38.64197075704285,57.191103214038655
25,41,0.17183014904358546,0.20557644259651459,0.30485259882967725,0.507992184134168,0.13250435899272506,0.12059176809348957,0.047038516104199166,0.05841576413103233,0.7,1.0,0.0,110,38.18771748460885,61.60814158438102
25,42,0.16995304894131846,0.20312586088953152,0.3023648282659591,0.509691310439417,0.13068970581758987,0.1190701184648125,0.04649195286755811,0.05942806129000564,0.7,1.0,0.0,112,36.48137985181007,60.98381252782151
25,43,0.16847100034117085,0.2109543880889061,0.3320440304561442,0.5308542615015026,0.13229082009974533,0.1128328356972372,0.051272958310314656,0.05730101557750718,0.7,1.0,0.0,118,37.488076627778895,63.776453324709976
25,44,0.17290603767213278,0.20760604426273352,0.31757053827099996,0.5293978069375151,0.13831158280084263,0.12347782463662357,0.04874036932433113,0.05193940957238371,0.7,1.0,0.0,119,37.78541092839028,58.928928865749256
25,45,0.16744252799000933,0.21313300581138556,0.34505631583572605,0.5468057340231695,0.13442789823916618,0.11411543070084026,0.05093857263139225,0.058098010298147776,0.7,1.0,0.0,121,39.1792586792858,60.53255843829639
25,46,0.1619182081855556,0.20179541686565294,0.3333506805926977,0.5562962629611636,0.1312767506232228,0.11580935637951076,0.04680981949289992,0.06497297748330445,0.7,1.0,0.0,126,37.50609970617261,59.83770275463955
25,47,0.1720131679269624,0.2053314278472632,0.33647367055892197,0.5746149047530686,0.1598768300271066,0.12356868017540482,0.05431917398420322,0.05869123930756304,0.7,1.0,0.0,127,38.88934593246141,59.60107957647988
25,48,0.16742496108580912,0.2005074562100858,0.3316349897003038,0.5735214077340166,0.1370124050190732,0.11975844247683673,0.05249906251385318,0.058702329395537066,0.7,1.0,0.0,128,38.908207760401964,59.59632021739202
25,49,0.16573382365241313,0.19767867960325872,0.3287348662704063,0.5789502042729646,0.13676973407053974,0.11679314042940483,0.05336959133100274,0.060621913697407756,0.7,1.0,0.0,130,37.12231432132059,60.97438898265538
25,50,0.16742374551914882,0.29289497348904364,0.5787239747748991,0.8420950469863926,0.13707653439536155,0.10332873413283097,0.06471501025730025,0.12457869827964956,0.7,1.0,0.0,180,45.842944367007405,68.11787258530205
25,51,0.17998019431946077,0.31597935922397924,0.6237418589152699,0.8921944565843359,0.15504605188060133,0.10902522299059525,0.07451853138085193,0.0742053786156535,0.7,1.0,0.0,182,41.41674730474853,49.63715357255912
25,52,0.17932448496798586,0.31375250592186416,0.6214170588297241,0.9050060361999707,0.15233505187833823,0.10902522052858168,0.07451853389911701,0.0742053813203247,0.7,1.0,0.0,185,42.24851544239605,49.31025005456384
25,53,0.1556895636311803,0.28729923979801536,0.5947883063817135,0.885755240859167,0.13646241996419647,0.10118315958537498,0.057545208371161796,0.06887162246326119,0.7,1.0,0.0,186,41.99389741346323,52.12310347012987
25,54,0.1908286898815843,0.31777572416261124,0.6249765809261839,0.930247854491176,0.16875558706140864,0.12262258231802507,0.07958946793962066,0.07213239009020754,0.7,1.0,0.0,190,39.33042604042715,55.70894422433962
25,55,0.17316303315219478,0.29499741359520665,0.6018834166253471,0.9151656352289865,0.1570870317578883,0.10301065606891495,0.07771178038783083,0.07989215255653323,0.7,1.0,0.0,192,41.42456394577307,52.00953899751727
25,56,0.1752130218162191,0.2956348028386178,0.6024338775765687,0.9213469950784311,0.15643489167046792,0.10390632708460086,0.07969704631141512,0.08516160502409485,0.7,1.0,0.0,193,41.336284004338246,51.98093357984639
26,0,0.9440516066703217,0.9728512447109652,0.9716594533193385,0.12888514170996773,0.0,0.0,0.0,0.0,0.7,1.0,0.0,1,159.93525816890002,180.09817275585658
26,1,0.8716842122035696,0.9623250806081355,0.9580602206860888,0.18064806623504925,0.13044711003991075,0.08485299214349054,8.813198098904e-05,0.00017815165117391,0.7,1.0,0.0,3,135.44366449519208,145.4126734935644
26,2,0.21622800044181376,0.3090738669942044,0.2858302070258241,0.09965333168269765,0.7772479171789678,0.108245558875257,0.00806962734242419,0.016312097144277928,0.7,1.0,0.0,5,32.791180788670275,57.7118183820556
26,3,0.20153965717118913,0.27583624581245964,0.2510456437343823,0.09946255758009534,0.12156739357811297,0.10857607612073836,0.0098444036173071,0.01989966343163926,0.7,1.0,0.0,7,31.924970200333927,55.467760833444665
26,4,0.18786273863378428,0.25182154459886613,0.22620575158910616,0.10009958370081183,0.09967649850849779,0.10809307115871929,0.00496647345558716,0.0100104920039666,0.7,1.0,0.0,9,31.073337474138896,57.497615531063865
26,5,0.19270557760064833,0.24804128408615828,0.22175458182644897,0.11546091091355179,0.12307331550399403,0.11356271671835712,0.012637863197196411,0.03300388652783345,0.7,1.0,0.0,10,31.890116068719227,56.11594375901905
26,6,0.17987153187467333,0.22677690593845434,0.19984787483053534,0.11286628623457798,0.10033543436307063,0.11305783472104429,0.00636323933413766,0.01656271393338192,0.7,1.0,0.0,12,31.01545179986464,58.35993339061267
26,7,0.179499085489873,0.23260404587654945,0.21669347529654767,0.11940571942834644,0.08640672176353388,0.11305783472104429,0.00636323933413766,0.01656271393338192,0.7,1.0,0.0,14,31.000247596604368,57.556697678171325
26,8,0.17902381848671828,0.22286698628931437,0.19570774255012455,0.12242154913917522,0.09565970455149886,0.11421099811514639,0.00689069529422961,0.01877085416739642,0.7,1.0,0.0,15,31.49254748497024,57.304343284479785
26,9,0.17901030919257105,0.22955329000883734,0.21345008699730855,0.12947042614072504,0.0868715346239011,0.11421099811514637,0.0068906952942295804,0.018770854167396482,0.7,1.0,0.0,17,31.520348098211137,56.98325561431724
26,10,0.17924571167398293,0.22971714746764624,0.21360864513472402,0.14447731168728242,0.08724765659324055,0.11466762729039473,0.00685691768834748,0.01871977596975909,0.7,1.0,0.0,19,31.30151011580013,56.31347962120617
26,11,0.17866777100342734,0.23548364134352742,0.23040484993046476,0.14675699661869915,0.08810631398422486,0.1141125051477638,0.00693202921607092,0.01891638884576646,0.7,1.0,0.0,20,31.77545744233501,56.58008146375336
26,12,0.17733093373742836,0.23395838097550506,0.22886542873676194,0.14805014078716275,0.08625703313422847,0.11319896833412266,0.00636735451776786,0.01707266365335222,0.7,1.0,0.0,21,31.34006035875525,56.86609259092364
26,13,0.17083500902503096,0.224596875182623,0.21929014122504886,0.14517728796940474,0.09098363174777296,0.10861409868932097,0.00508419398937488,0.012336400370116669,0.7,1.0,0.0,22,32.11680077730089,55.85762195723307
26,14,0.17435870835549214,0.21932318144005017,0.2028047524279121,0.1526581375122854,0.08962730024654339,0.11279532014811541,0.0071138457552927595,0.01612854683514426,0.7,1.0,0.0,24,32.074359855850886,57.37176504361692
26,15,0.7870195932068539,0.8299489586750628,0.82384638308183,0.785003988176216,0.7194159021092603,1.0,0.00459942357699235,1.0,0.7,1.0,0.0,26,34.211828334135326,977.7261314750978
26,16,0.7859997644169522,0.8207025529616063,0.8034330023268403,0.762513562016066,0.709614659656379,1.0,0.004563909763712961,1.0,0.7,1.0,0.0,27,34.88576215512522,1186.8066158142017
26,17,0.7854944239364596,0.8193120480364648,0.8019785434412059,0.7815362942638632,0.7061107816134202,1.0,0.004632547909845431,1.0,0.7,1.0,0.0,29,34.66161251078223,1195.2358944164498
26,18,0.7853401563722103,0.8256626734875662,0.8193712212945417,0.7896599336968173,0.704973998605714,1.0,0.00461674923546387,1.0,0.7,1.0,0.0,31,34.57613637717116,1191.9600592231122
26,19,0.784691397456264,0.8241132219610823,0.8177567692025502,0.7946719524685893,0.7075515569758015,1.0,0.0045489963926553,1.0,0.7,1.0,0.0,32,34.22784328638012,1230.3314917416249
26,20,0.7658143433329985,0.8050356063496605,0.7986645918773462,0.7623556031944004,0.6864697403744776,0.9718184350003505,0.00552819832407561,1.0,0.7,1.0,0.0,33,34.133701340657844,3772.4333253072737
26,21,0.7524935165881298,0.7913423834668529,0.7849446190071285,0.7520384235945394,0.6739594300010775,0.9531653611299603,0.00550379434863155,1.0,0.7,1.0,0.0,34,34.2640382173635,4079.9328314051886
26,22,0.7832781963260688,0.8396360619178496,0.8662208045078038,0.8395766558213019,0.7081215263497103,1.0,0.00519230895101767,1.0,0.7,1.0,0.0,37,32.72183223736772,3769.519891055463
26,23,0.7827645808027238,0.8390617327876573,0.8656420580503079,0.8390849155512334,0.7048171671486473,0.9992718822725004,0.00522670187361411,1.0,0.7,1.0,0.0,39,32.791878957053335,3767.9245972248696
26,24,0.7669526194972746,0.8227983395620727,0.8493461788953507,0.8265755675439254,0.6906840530332846,0.977127748715211,0.0052011555105551995,1.0,0.7,1.0,0.0,40,32.66921165805323,4066.131992123415
26,25,0.758117585015348,0.8139251695668973,0.8404704646155348,0.8208913728082504,0.6805066447476459,0.9646105958678705,0.00515232801915163,1.0,0.7,1.0,0.0,41,32.52392584126946,4265.415239784144
26,26,0.18994127129054744,0.2574395106600407,0.30597517766176596,0.24708131199938582,0.11906989713944142,0.09932221355366713,0.04377662620009924,0.04143820658610869,0.7,1.0,0.0,42,32.93557501124784,54.84594092779135
26,27,0.18203714235589866,0.23586518374087187,0.27285031708150653,0.22940709363376036,0.12105524803569806,0.09301263357262812,0.04456773636067154,0.04537760016748449,0.7,1.0,0.0,44,32.29163073283617,57.79198738885764
26,28,0.1858132589372538,0.24562042507154047,0.2936111713591359,0.24253854875296899,0.11630622647345179,0.09901087822140042,0.04459213491950451,0.0472436668355994,0.7,1.0,0.0,45,30.279181434225528,57.203618147725365
26,29,0.1802697601128605,0.23635054146368245,0.2840799561347158,0.24770358847155338,0.11460495090006442,0.09427825033756129,0.04458854219787039,0.04523034654030137,0.7,1.0,0.0,48,31.03365309407553,58.1163828576512
26,30,0.17976336345674637,0.2354040315441344,0.2831026876778841,0.2534924575039204,0.11175638968491389,0.09394679624700308,0.04457450443225194,0.04510527100634035,0.7,1.0,0.0,49,30.875611481721364,58.10496245833947
26,31,0.18862755857929034,0.25170612429444544,0.3316989632926139,0.28495209028283375,0.14678665347421307,0.09317764472730591,0.06127700390866583,0.03990502541984045,0.7,1.0,0.0,51,31.66545343077341,59.47416261232004
26,32,0.18851680442979477,0.2575054300108889,0.3485004540215205,0.2945210390293488,0.1281163271956176,0.09414373891518987,0.0609399450845541,0.03788658374733458,0.7,1.0,0.0,53,31.416280257827147,59.56709527597753
26,33,0.188495917609871,0.26386919061442166,0.36589858856465035,0.304106544231414,0.12753192195581303,0.09457794464588067,0.06080065918492582,0.03801738985181944,0.7,1.0,0.0,55,31.56425877039744,59.643888447859815
26,34,0.1941951003270747,0.2556350356223095,0.3355158264118156,0.31091159991146516,0.13375861441962084,0.09731669610641344,0.06485695337033982,0.04219527839033316,0.7,1.0,0.0,57,31.87946022671021,60.396916528908406
26,35,0.18642595040012994,0.2520633668615599,0.3428300284792256,0.31020664321459096,0.1345176365204392,0.09884676367461288,0.05740380800677837,0.03926733411915374,0.7,1.0,0.0,58,32.883900058549344,59.91299881199899
26,36,0.17908643841413166,0.2267674915147581,0.30572050271800316,0.34297063978920045,0.132236805619817,0.09377737848705439,0.05960810204807704,0.04545873500877695,0.7,1.0,0.0,63,31.39458324052428,59.30566367653812
26,37,0.17900614140343615,0.23340300551648216,0.3234134837919168,0.3565698000370507,0.1251773997281539,0.09376860251994557,0.059535773619308875,0.04590896821324383,0.7,1.0,0.0,66,31.36435714234948,59.321706838335466
26,38,0.17858646778065185,0.23941048009379684,0.34045901329261696,0.3769851167966398,0.12580464567173216,0.09374922768543717,0.05928142910898472,0.04566974403670912,0.7,1.0,0.0,67,31.457533949373904,59.09978510812168
26,39,0.17565574638920492,0.243612259843368,0.3663568299485815,0.3413169179272086,0.14454707346091608,0.09283029254761957,0.060228648581242626,0.0547982896319464,0.7,1.0,0.0,68,31.54269894257369,62.37297911276155
26,40,0.1749465260873409,0.24605261088936692,0.3796194046108964,0.37591508872062684,0.12784437750971073,0.09617832963715704,0.05896773084909136,0.05098805474760704,0.7,1.0,0.0,75,32.65057357768432,62.33204067387387
26,41,0.17233645633327865,0.24996827144826728,0.3945800988083955,0.39090748745412657,0.12436619149429261,0.09653350984130696,0.05620539047590524,0.05814798561958353,0.7,1.0,0.0,76,32.80383326262792,61.6506037111809
26,42,0.17472231976620758,0.2521264510585764,0.3967236668495686,0.3967495080675214,0.12696869233597355,0.0961268197297517,0.05898925301359017,0.05117958585231278,0.7,1.0,0.0,77,32.99930398688686,62.9313543450888
26,43,0.17547557508907974,0.2453036166125004,0.3787868465305692,0.3942832941087654,0.13005627875886716,0.09756884017053737,0.05915871028346573,0.05198054505699088,0.7,1.0,0.0,78,32.99984391719097,63.80151780226711
26,44,0.2432256040147132,0.3177507354373461,0.4621589558276523,0.4622712208666152,0.198245223727244,0.08864501593675961,0.13415359068933583,0.11773311772141311,0.7,1.0,0.0,81,31.982772270113696,67.50081284203056
26,45,0.2290342467796787,0.30245493713711563,0.44679072365923983,0.45870132073255415,0.18366815259013325,0.09341219501899276,0.11716712168573855,0.11711774067263833,0.7,1.0,0.0,84,31.529659384718208,68.17559802960082
26,46,0.23748593310128446,0.31728317538679957,0.4726543057485051,0.47811961473006825,0.1916905293297064,0.09035969168748195,0.1279227572247119,0.11971620337342821,0.7,1.0,0.0,86,31.732329064220767,67.66967535430472
26,47,0.22785457767424325,0.30363545002696113,0.45874486147441745,0.490977479341992,0.18953218347346412,0.09412138483010106,0.11760473037958037,0.10964082476799804,0.7,1.0,0.0,88,32.68523036301509,67.24661832996956
26,48,0.224716981840896,0.3065444849542519,0.4726676865530314,0.49546770635611803,0.18269256346863894,0.095979931710433,0.11348898826754159,0.1198526699933627,0.7,1.0,0.0,89,32.79588673864584,66.28999122568086
26,49,0.22261110778510518,0.31016418352948494,0.4872804995400968,0.5190806300879006,0.18003643618653573,0.09655875312732501,0.11145318043723582,0.11350370389667923,0.7,1.0,0.0,92,32.84801767402308,67.8575176260342
26,50,0.3668098324484226,0.4383727956321132,0.5932074949337901,0.6513786015486116,0.3264399073804027,0.36442736704305057,0.06938604562162955,1.0,0.7,1.0,0.0,96,35.97314307115969,372.4264795470402
26,51,0.3656434912894966,0.4299835249764593,0.5843550879317885,0.667496707155891,0.3372809471128374,0.3672423167410488,0.06958151657660919,1.0,0.7,1.0,0.0,98,35.604318698395254,374.6730057587371
26,52,0.3588174125142414,0.4137714717216361,0.5675453607402499,0.6734284886430282,0.3332501628413722,0.3667960125853384,0.06729603377353427,1.0,0.7,1.0,0.0,101,37.1684461046753,377.9058210615217
26,53,0.35877574478691787,0.4203546347771837,0.5851803904990343,0.692089996690491,0.32414505028303575,0.3667960125853384,0.06729603377353423,1.0,0.7,1.0,0.0,104,37.17549665726264,378.0956745186712
26,54,0.3625465965686756,0.4052804487496293,0.5476494561853007,0.6880503042850058,0.3459521691165451,0.3773929102495098,0.06601593243532555,1.0,0.7,1.0,0.0,105,36.3756671320563,377.7452281362709
26,55,0.3657177005704607,0.4130021354608572,0.5662926151388199,0.7033525688239266,0.33744278797148486,0.3804395487357853,0.06798951258942144,1.0,0.7,1.0,0.0,107,36.4571912368016,378.0073819177388
26,56,0.3648155402544138,0.417506308353461,0.5817723690382044,0.7107799166845967,0.3377427059063009,0.3798852760975366,0.06803570553011534,1.0,0.7,1.0,0.0,108,36.07409076565936,375.6800706780383
26,57,0.36406232422771756,0.4112773884159421,0.5752013876106844,0.7183147432916025,0.34341156709147214,0.3792312313200852,0.07005532545986068,1.0,0.7,1.0,0.0,110,36.75839890974042,375.7337021516564
26,58,0.261456175725591,0.36226624556786524,0.6146412581295544,0.8055179726413424,0.23298852648334756,0.0986234653706776,0.16394084447910426,0.1012969247536885,0.7,1.0,0.0,150,33.18157529834095,64.68869121770047
26,59,0.2706803609337837,0.37629276110773646,0.6396064359720299,0.8318909069919205,0.24850035447674731,0.1019098544403237,0.17166285636713458,0.10839143119183944,0.7,1.0,0.0,151,33.6605146616311,63.85555859611045
26,60,0.25602143370475516,0.35933337129664494,0.6225044501671024,0.812149371858842,0.23587991510860995,0.09753327536869869,0.16101856595918831,0.09437820202958483,0.7,1.0,0.0,152,35.23854258550832,58.0789860662716
26,61,0.2818369898460601,0.3812680507566472,0.6548431883036279,0.9094760536267432,0.26097502147982454,0.08162775068498013,0.20224773326420564,0.11428709964089775,0.7,1.0,0.0,171,33.228173697637565,64.13735652523313
26,62,0.28154775568892765,0.386963752989755,0.6715516644455737,0.9234137338133812,0.2604215514320368,0.08162775068498013,0.20224773326420564,0.11428709964089778,0.7,1.0,0.0,173,33.33726307944524,63.79932805613004
26,63,0.2927523803047253,0.3752363667619505,0.6371309382906714,0.9444217842106206,0.27872902440961644,0.08163610045634659,0.2171315601858988,0.12895198433049365,0.7,1.0,0.0,179,34.106592628430846,64.15432673029058
26,64,0.2848658196189441,0.36905496184045594,0.6417034491434674,0.958875890904046,0.2752854749495087,0.08324591260040878,0.21001336906078838,0.13336210197965953,0.7,1.0,0.0,181,34.64567627980823,62.2505692290909
26,65,0.28362397938446765,0.36707083651470895,0.6396747820060322,0.965199727002102,0.26939245114383215,0.0814392837332414,0.21031442287765917,0.16328604690654433,0.7,1.0,0.0,182,34.57012276349222,62.14775552506805
26,66,0.2844752140825773,0.3743372812135737,0.6579802116206412,0.9767085975957801,0.2691230388174587,0.08324591260040874,0.21001336906078846,0.13336210197965942,0.7,1.0,0.0,183,34.970421563102626,61.46278991688888
27,0,0.8894441139604194,0.944952412784111,0.9425361406762303,0.12438009198403104,0.0,0.0,0.0,0.0,0.7,1.0,0.0,1,192.6586593024,177.77977565022613
27,1,0.8108962933112596,0.9257487798535778,0.919978066505112,0.1728340266510169,0.1346556347422498,0.08161174815881725,9.024908875307001e-05,0.00021046440046038002,0.7,1.0,0.0,3,166.94351734452954,158.2343370240911
27,2,0.20301203325841968,0.2812369436602562,0.25676678998347424,0.09523869587479938,0.7709048440343714,0.10452837367991381,0.01077293536825993,0.025122906112467057,0.7,1.0,0.0,5,27.1930120510834,56.15934864462229
27,3,0.1916123544178305,0.26300312867704734,0.2379786175364094,0.09575660921052744,0.09114126549527447,0.10415781973625138,0.00543088139588878,0.01262612605995125,0.7,1.0,0.0,7,24.42533619412551,58.15451801706983
27,4,0.19104711779139408,0.26192194081231435,0.23685595369071125,0.09662572838586116,0.08011670665597737,0.10401045511284504,0.00539649356995821,0.012567641282142841,0.7,1.0,0.0,8,24.90303614815925,57.154702384646505
27,5,0.1888813478086056,0.26406216111623293,0.249860609935427,0.09913860713917821,0.08692723968051128,0.10368136595295821,0.00544302800448394,0.0127108356703342,0.7,1.0,0.0,9,25.105462565373497,55.04309565247134
27,6,0.20419103810741202,0.29128705046209225,0.29907984756463246,0.14231248270204733,0.09642902102048566,0.11789918512643616,0.012035976610453181,0.03904216662530819,0.7,1.0,0.0,12,27.19535646983168,55.95377242756073
27,7,0.1950937524154902,0.26541065318646734,0.2508241878442026,0.1263594683641779,0.09423184683346453,0.11728777506778107,0.00603788610169257,0.01951691709352815,0.7,1.0,0.0,14,24.558590306455507,59.03661106059912
27,8,0.1947665293781285,0.27138789047253503,0.2678265519236615,0.13569817537102044,0.08889053555729563,0.11728777506778114,0.00603788610169254,0.01951691709352816,0.7,1.0,0.0,16,24.67616154684806,58.19717303281078
27,9,0.19597949926973757,0.2643883530075252,0.24965203305724237,0.13765805155882033,0.09594110001094529,0.12067728459032698,0.0060537479539306,0.01958234601359831,0.7,1.0,0.0,17,25.09717339374465,57.05387937869151
27,10,0.5042714228489621,0.5609134456363641,0.5347275143436967,0.4664161466008969,0.40723652337880717,0.5646087460476916,0.00748328328269709,0.4563660396292873,0.7,1.0,0.0,21,30.37952184851088,59.76770733630912
27,11,0.516715352594052,0.5718711457518426,0.545570357514402,0.4820605707539003,0.41892175649693,0.5851255327760281,0.006689327145093319,0.44876653683156204,0.7,1.0,0.0,23,29.73476362105329,61.24355701737636
27,12,0.5158734409301283,0.5685375330341852,0.542045797460126,0.48737747564243966,0.42171471251682613,0.5854538830998263,0.00748176805731008,0.4562940827971499,0.7,1.0,0.0,25,28.96087865434464,60.34219673044908
27,13,0.5134964950019213,0.5649682481948588,0.5383854908532228,0.4730406055288826,0.4172070773499472,0.583688353908613,0.00722326494163462,0.454333664303888,0.7,1.0,0.0,28,29.2501632718143,60.72153697822044
27,14,0.5046271261011722,0.5595225265824629,0.5437472624871128,0.4682561342193825,0.4208924271424756,0.5740003162170546,0.007541706543056299,0.460129231391938,0.7,1.0,0.0,29,28.477148467286888,61.05417113955388
27,15,0.19076173493396803,0.254046564322829,0.26000648932871917,0.18591908693462597,0.11661804659533427,0.12764830977694458,0.00972728319731833,0.05361612526934164,0.7,1.0,0.0,30,27.507711990713894,65.69252624097602
27,16,0.4444543744793465,0.5061663394491687,0.512008993428718,0.45167609675672027,0.35931406064885013,0.49688981312622127,0.00605617737516154,0.4548515085159154,0.7,1.0,0.0,31,30.36089297651553,72.33380617900075
27,17,0.4531036759489269,0.5115506548358689,0.5171507432995932,0.4672608723982358,0.3703915195605582,0.5131799621452483,0.00556351348660544,0.45170422096972845,0.7,1.0,0.0,33,31.67047184007433,71.14263909375984
27,18,0.4591681009272173,0.5174210796397746,0.5230067810782073,0.47948148918329936,0.3716341351023302,0.5229267125675056,0.00493560371145113,0.4448753865995593,0.7,1.0,0.0,34,32.26142322414184,70.23145397708619
27,19,0.4520576287005463,0.5156863288949667,0.5322305612293525,0.4877413070722409,0.3693623061969569,0.5131799621452483,0.00556351348660543,0.4517042209697289,0.7,1.0,0.0,35,30.54098148635685,72.81394972402477
27,20,0.8118949898366128,0.8815060331136163,0.9090531770575692,0.8273233726509206,0.7276794747837514,1.0,0.0251347390263655,1.0,0.7,1.0,0.0,36,29.349092213996244,66.6053203235147
27,21,0.8056959391561037,0.8711037345130959,0.8983429651869712,0.8257375569505618,0.7359424795989381,1.0,0.02174682578028084,1.0,0.7,1.0,0.0,37,30.19150069784345,67.19188608354094
27,22,0.7927794649372177,0.8471293355046499,0.862995405675993,0.8233189400413423,0.7262290722906224,1.0,0.01167468100024285,1.0,0.7,1.0,0.0,38,29.635861295848684,68.77384968510985
27,23,0.7924790907978886,0.8530292418693948,0.8799155862108704,0.8350675763182303,0.7125767847803324,1.0,0.011710333191943489,1.0,0.7,1.0,0.0,40,28.84549850674537,70.7613559689339
27,24,0.792144201522579,0.8449942611941097,0.8607523359907645,0.8352192083001407,0.7152780953471285,1.0,0.01200821594139968,1.0,0.7,1.0,0.0,41,27.95317053199901,72.86362980874706
27,25,0.7984991807513491,0.8781076385613646,0.9380877420860662,0.8787611290756097,0.7184953078054903,1.0,0.01843912404324011,1.0,0.7,1.0,0.0,48,30.21096381482871,78.67313746958212
27,26,1.2142198704350289,1.2925528462392615,1.3630180719122533,1.3231009300309633,1.1480055970823106,1.0,0.4392003132952519,1.0,0.7,1.0,0.0,51,32.96487717974944,67.6603610365406
27,27,1.214208349837344,1.2992418156220682,1.3807635726738015,1.3428931618715125,1.1392310642570982,1.0,0.43920031329525183,1.0,0.7,1.0,0.0,53,32.846251169356705,68.07555975674234
27,28,1.214035925289157,1.2880338481936706,1.3581927325916876,1.3409565971296302,1.1557659625162287,1.0,0.44166781366512914,1.0,0.7,1.0,0.0,54,32.945092729949195,68.90368440019377
27,29,1.2063088114996248,1.2840676234421022,1.365076127160759,1.3372567712006824,1.1453157523242536,1.0,0.43571833543051286,1.0,0.7,1.0,0.0,55,33.86233191475583,71.44201041924896
27,30,1.1014208913313286,1.1768924377126115,1.2577411073788514,1.239941630380046,1.034649751667137,1.0,0.33218772656286,1.0,0.7,1.0,0.0,58,31.901105579142456,72.53464281752302
27,31,1.105930667146934,1.193201229870191,1.2960504331805822,1.2518722344278486,1.0378641197513574,1.0,0.3376612126254003,1.0,0.7,1.0,0.0,84,29.93338794965896,69.05378623890175
27,32,0.8431860460069337,0.9415837676890432,1.0663878717414634,1.1181962397687528,0.7770859403902437,1.0,0.07626261165239248,1.0,0.7,1.0,0.0,93,31.55011470026892,96.22717497045087
27,33,0.9239904123514782,1.0146116093678976,1.1388802026062366,1.2341188078176728,0.8862222279055505,1.0,0.16149242448671924,1.0,0.7,1.0,0.0,94,31.782258223391786,70.04701810591702
27,34,0.922756463179188,1.010414679930312,1.1344811616902166,1.2479261500961607,0.8712424344082093,1.0,0.16190360666250606,1.0,0.7,1.0,0.0,95,31.9572583403794,72.07885114598017
27,35,0.9147378606492127,1.015236334711779,1.1613773234283513,1.2674104629505227,0.8551533986947188,1.0,0.15421427839861696,1.0,0.7,1.0,0.0,97,31.60108997573812,68.68705607776278
27,36,0.9146991435201326,1.0218966533201534,1.1790937958641927,1.2902140287297785,0.8542025263712076,1.0,0.1541866528792938,1.0,0.7,1.0,0.0,101,31.669349529093903,68.73461703598917
27,37,0.9090500795245694,0.986202659182922,1.0989543397329244,1.261883452569247,0.8552320886337312,1.0,0.15026798023643329,1.0,0.7,1.0,0.0,103,31.93474969405627,73.2287896733536
27,38,0.9124893339811733,0.9963014949823916,1.1201065474734286,1.2882920186806746,0.853833168867282,1.0,0.153739567010664,1.0,0.7,1.0,0.0,105,32.491916566076924,72.4598969512531
27,39,0.9136530804551295,0.9967747939124858,1.120533329851545,1.296726358277638,0.8574308340218735,1.0,0.1552766706419631,1.0,0.7,1.0,0.0,106,31.385677422716697,74.15401001635013
27,40,0.9149826242864003,0.9968838324413756,1.1205600681676602,1.2963284027970343,0.8610720156858602,1.0,0.15726418158175043,1.0,0.7,1.0,0.0,107,32.76766837035958,71.01468927954889
27,41,0.9150266452212261,1.0029485324480591,1.137635114943668,1.3127962708912913,0.8582266312943085,1.0,0.1576830067536284,1.0,0.7,1.0,0.0,111,31.796114023949247,69.95271516659632
27,42,0.9147487513686641,1.009157807373906,1.1548864211231598,1.3270554007010607,0.8582520945268486,1.0,0.1575293434213632,1.0,0.7,1.0,0.0,112,32.05698336461874,69.09548451954167
27,43,0.9004736041707503,1.0007872236057518,1.157518614716176,1.340112297418961,0.8443222452354988,1.0,0.14368943374819063,1.0,0.7,1.0,0.0,116,31.571003293379107,73.38282642209194
27,44,0.9474489703371254,1.037644241477321,1.1830897876750899,1.3448552347221172,0.8959762550399422,1.0,0.19246442711001116,1.0,0.7,1.0,0.0,119,33.59376451356623,77.05163617548129
27,45,0.9472037368466235,1.0503453696359433,1.2178734291502558,1.3747116110503848,0.8932376053852209,1.0,0.19247740814042416,1.0,0.7,1.0,0.0,121,33.84161599965724,76.98122401695406
27,46,0.9609390803666794,1.055305384410605,1.211638400281315,1.3876292845087819,0.9136284789464746,1.0,0.20728622854414622,1.0,0.7,1.0,0.0,122,32.583294104885205,76.07767399628621
27,47,0.9420729682321544,1.0350569651542232,1.1912979910131416,1.3837542958207127,0.8901993938623276,1.0,0.18913630144507584,1.0,0.7,1.0,0.0,126,33.799084652249455,76.34532970098087
27,48,0.9395637914769921,1.0257000276863864,1.170874552468575,1.3831045266524742,0.8868915895140126,1.0,0.18669368443302642,1.0,0.7,1.0,0.0,128,32.87500618595427,77.48624708160501
27,49,1.0045164262341972,1.1072319741942946,1.285341703145479,1.5032479583874165,0.9546983937082602,1.0,0.2534797968087569,1.0,0.7,1.0,0.0,137,30.043923292651453,74.09377801639438
27,50,0.9839623691443704,1.0751210672508424,1.2418541020220484,1.4875696093218302,0.9500984539435801,1.0,0.2353605463392269,1.0,0.7,1.0,0.0,138,31.77605337889678,74.05381083837482
27,51,0.9930192661589465,1.085981574323068,1.263450174570959,1.505096086779214,0.9542784031947401,1.0,0.2468413327524593,1.0,0.7,1.0,0.0,140,32.66561377537528,73.88785979933536
27,52,0.9980027527286194,1.0841768869464177,1.2505833017472563,1.5245582980322947,0.9519623895887522,1.0,0.25185848782075526,1.0,0.7,1.0,0.0,142,33.023724765610595,73.43300777946571
27,53,0.986229866775478,1.0682798557976991,1.2344174330195916,1.5286984792822145,0.9451813751424663,1.0,0.24208099936724792,1.0,0.7,1.0,0.0,146,39.368451830482485,68.03447122753965
27,54,1.0305395806117947,1.1221658066219542,1.310168591510524,1.5915586450037609,0.9940044308393705,1.0,0.2882287347300412,1.0,0.7,1.0,0.0,148,38.53183661363406,65.19803587242258
27,55,1.0305500042713136,1.1152727623940903,1.2922060666253328,1.59901102411285,0.9885098412346128,1.0,0.2883262899380812,1.0,0.7,1.0,0.0,151,38.89755403128332,64.71828439331469
27,56,1.0555631503559078,1.146646182711536,1.3346141424371134,1.6526000209440588,1.0138651949643003,1.0,0.3135086047537006,1.0,0.7,1.0,0.0,154,39.61621209624279,64.500199578654
27,57,1.05371526635192,1.1714349963281114,1.4036178124176786,1.698132491272297,1.011845171801918,1.0,0.3117736585957502,1.0,0.7,1.0,0.0,164,39.453303487271086,68.19788374246885
27,58,1.0545409601146498,1.1653380397791864,1.3864501539179213,1.7059074066144932,1.013302006171534,1.0,0.31269518842169747,1.0,0.7,1.0,0.0,165,39.65052113908894,68.26733024155331
27,59,1.0533060911040515,1.17051086552058,1.4026605992867451,1.708913961816851,1.0118383479805573,1.0,0.31160657616078014,1.0,0.7,1.0,0.0,169,40.391171815076646,66.81084695814145
28,0,0.9689581175718777,0.9851079644892641,0.9844540996490527,0.13086432212280985,0.0,0.0,0.0,0.0,0.7,1.0,0.0,1,145.00504536889997,173.46664899933486
28,1,0.8940456500012463,0.9790000861861373,0.9750555729677589,0.19119569230873282,0.14482611727673447,0.09824630212320176,8.882440047034001e-05,0.00020250781819109,0.7,1.0,0.0,3,124.38268825815324,152.06700581302357
28,2,0.19909211264757715,0.25224664647800793,0.22579255620522892,0.10414942658430894,0.8750762295212411,0.12603753402317724,0.0119260327876647,0.02718976842755837,0.7,1.0,0.0,5,39.85247785860902,55.93062000521705
28,3,0.1808001677752924,0.22486284978043627,0.19772015575458113,0.09808201802485038,0.1043591095639611,0.11773759957305041,0.00604310449693008,0.013737528866716189,0.7,1.0,0.0,7,37.03549590900134,57.97938595164217
28,4,0.19535051238363813,0.2429808018401283,0.22665989043354506,0.11740741371526411,0.11069030505312626,0.1417278657762291,0.00602171025614582,0.01416005182199768,0.7,1.0,0.0,9,38.691079694847424,55.17352515219576
28,5,0.1937414683053771,0.2457487855836837,0.24031200216567103,0.13288151685683225,0.10921991571089486,0.1417278657762291,0.00602171025614582,0.014160051821997671,0.7,1.0,0.0,11,37.64857438569887,55.64435790906681
28,6,0.19313357618593271,0.2350465397049647,0.21830306598509752,0.1322113295103982,0.110757726882604,0.14396310769414675,0.00614869394678159,0.01431497229567999,0.7,1.0,0.0,14,37.26294207891171,56.7661651238482
28,7,0.17571646438707358,0.24406083608049198,0.27151413811857844,0.1528638634706265,0.08995360799066164,0.11907151967640024,0.006471188642606129,0.02407409421571158,0.7,1.0,0.0,26,41.02388557258242,56.684805627002
28,8,0.16958495023242617,0.21868681954548616,0.23417472807097098,0.17054379505765727,0.10023513310746422,0.12189695008145474,0.006524439890373,0.01484710264640817,0.7,1.0,0.0,31,40.34131766714711,56.5258387866923
28,9,0.17277009112787453,0.225784361195364,0.2521298245987383,0.18311375920005182,0.10137606860366755,0.12855635737776788,0.00679464754036304,0.01482280012663528,0.7,1.0,0.0,33,40.46124205882664,65.57560771348687
28,10,0.17335117657372512,0.22636059763778277,0.25270578684327727,0.20982147567596066,0.0973698902175908,0.12982217753246655,0.006492601813322329,0.014843671336896281,0.7,1.0,0.0,42,39.82866731542526,4550.164743473521
28,11,0.1717118329288742,0.22400513477565565,0.2502993575510994,0.21381110501618206,0.09852772293878273,0.12811695733120404,0.00649220207967028,0.01479405692169071,0.7,1.0,0.0,43,37.83340324360107,144.156159462649
28,12,0.17413108082580958,0.2258080474807292,0.2520583899400514,0.21990318849093246,0.10103040283795521,0.13193401023922724,0.00662649239889534,0.01489673963968204,0.7,1.0,0.0,44,38.9881317173503,133.21371103636048
28,13,0.1726859851785629,0.22179183229366015,0.24785826957734644,0.22528685556460726,0.10346792156919421,0.13119762069780824,0.0073171978278529295,0.01399881584986921,0.7,1.0,0.0,46,36.17812522117609,120.00309378636368
28,14,0.1694973085411333,0.219962367076978,0.25671138066874033,0.23327117424585372,0.1077441353928982,0.13119762069780824,0.00731719782785292,0.01399881584986922,0.7,1.0,0.0,48,36.91733577666104,122.4411351542476
28,15,0.16953249602508388,0.21998905180801942,0.256737220001782,0.23631742759825877,0.0992231765203321,0.13123645075554605,0.007330234885917659,0.013991900555543491,0.7,1.0,0.0,49,36.98489632596401,49.06132973005599
28,16,0.1652905354280695,0.2129778897481192,0.2495326891668399,0.23601232506558703,0.10552919281745964,0.12717882356027968,0.00756759872980149,0.01415608839387506,0.7,1.0,0.0,50,40.81976028696478,157820.4652848976
28,17,0.16483506880662546,0.2184636197348832,0.2660219768112371,0.24537969678912566,0.09784098087543766,0.12717882356027968,0.0075675987298015005,0.01415608839387506,0.7,1.0,0.0,52,39.95942129209017,157744.51193738612
28,18,0.1633982763310403,0.22930426144222477,0.29889677313548135,0.2830989638990531,0.09657913590405119,0.1273003457303039,0.00672364366476161,0.013909828360088,0.7,1.0,0.0,57,38.3076183582894,326.5066439754642
28,19,0.9498416197445241,1.0156989608568692,1.0852877932221052,1.117184699460816,0.8823504594997496,1.0,0.1823181923871548,1.0,0.7,1.0,0.0,64,44.13612986831714,52.9637356993489
28,20,0.9492220942750413,1.0207192250241008,1.1012913591559346,1.1320929175343593,0.8857356602087527,1.0,0.18231819238715496,1.0,0.7,1.0,0.0,65,44.31831175989642,52.50680884572224
28,21,0.948847084471739,1.019690689098649,1.1002175108687435,1.1276373989297037,0.8843924722037856,1.0,0.18231819238715488,1.0,0.7,1.0,0.0,66,44.46704044761678,52.17968041477566
28,22,0.948070550779295,1.0242801410690354,1.1157711266548043,1.1447912341292275,0.8844717615539524,1.0,0.18231819238715502,1.0,0.7,1.0,0.0,68,45.30373341882501,50.80730643092908
28,23,1.7626855505586017,1.8133273936887346,1.8712735412830137,1.9478910760322101,1.7085900680348927,1.0,1.0,1.0,0.7,1.0,0.0,70,49.41591066033014,57.374673153227775
28,24,1.7625402932060334,1.8397990705037184,1.9419577986741374,1.9988671961966522,1.70020508663921,1.0,1.0,1.0,0.7,1.0,0.0,74,45.266368971268086,50.92164019326366
28,25,1.7580684264646333,1.8204637844011535,1.91101118843302,1.9854296005902483,1.7255700558448468,1.0,1.0,1.0,0.7,1.0,0.0,75,46.26563046621984,50.74290215201324
28,26,1.756954556021709,1.8307107991145897,1.9432333003790734,1.9906898577032424,1.7064639191545414,1.0,1.0,1.0,0.7,1.0,0.0,76,43.750268792829694,53.96774295593435
28,27,1.7543865407919543,1.823283851104251,1.9354803401945762,2.0252983903829618,1.7037629370106169,1.0,1.0,1.0,0.7,1.0,0.0,80,40.17211355998688,49.61837104839653
28,28,1.7536685200454323,1.8211886397632895,1.933293014339838,2.0347783610262953,1.7010614981587233,1.0,1.0,1.0,0.7,1.0,0.0,84,50.244305758658655,61.70925036513967
28,29,1.7532024995487279,1.8131077840443648,1.9140949075673337,2.029758596134522,1.7013825873228532,1.0,1.0,1.0,0.7,1.0,0.0,86,48.47264489977864,59.77470824967386
28,30,1.750077055845914,1.8038640839806965,1.9044453531512473,2.031665426863843,1.7187274560958357,1.0,1.0,1.0,0.7,1.0,0.0,87,47.34435078500367,53.58524326245288
28,31,1.7497487412851607,1.7961654433664456,1.8856463447950802,2.073996925469932,1.7000409247255535,1.0,1.0,1.0,0.7,1.0,0.0,101,37.36589616631587,61.826062381164725
28,32,1.748806339908211,1.8202179282259907,1.9538051999928459,2.1173840706379843,1.703567653913159,1.0,1.0,1.0,0.7,1.0,0.0,103,49.1503564794753,60.28996504205602
28,33,1.7467587728030176,1.8073128371166955,1.9295706675990654,2.1253078991647096,1.7022523210922613,1.0,1.0,1.0,0.7,1.0,0.0,108,53.37769098466897,69.77786036459372
28,34,1.743309806339921,1.7900102217934373,1.9007461527158158,2.133954536485998,1.7034848113307697,1.0,1.0,1.0,0.7,1.0,0.0,114,41.04648986002419,54.6868005346033
28,35,1.7418045821154395,1.8054815264408166,1.9491847064645174,2.0209556392836023,1.7018854677712991,1.0,1.0,1.0,0.7,1.0,0.0,120,88.70952157115924,58.29641590335293
28,36,1.7392208058961585,1.8107779943344402,1.9762392303923615,2.2609287590099894,1.7016497676668076,1.0,1.0,1.0,0.7,1.0,0.0,130,43.1585211996815,63.1206955843493
28,37,1.7391052332229133,1.8171296547863522,1.9936319253482553,2.2718292947806615,1.700248705145774,1.0,1.0,1.0,0.7,1.0,0.0,133,42.40760131254122,64.54613904189713
28,38,1.7385937954056239,1.8087830529431481,1.9741564136132546,2.286180150737644,1.7008246425088516,1.0,1.0,1.0,0.7,1.0,0.0,137,43.361659822241286,64.65920957567506
28,39,1.7385894550888878,1.808769109473665,1.974141684146219,2.2898316740076394,1.7000279363462363,1.0,1.0,1.0,0.7,1.0,0.0,138,44.623427749273695,64.76112110238378
28,40,1.7375471331642274,1.8054370303690814,1.970663425716317,2.2966002591062002,1.7067531277018935,1.0,1.0,1.0,0.7,1.0,0.0,139,43.71235803502465,63.13102888277571
28,41,1.7373310808309437,1.8114638900024298,1.987717693631996,2.2991262014062537,1.7014047733633582,1.0,1.0,1.0,0.7,1.0,0.0,140,45.59155122178644,64.8871784960053
28,42,1.735189802130252,1.8179826670371255,2.016047719264775,2.3152705811758905,1.7140258934699184,1.0,1.0,1.0,0.7,1.0,0.0,141,48.58989858988888,54.61232957674747
28,43,1.7343582859950168,1.80855011498236,1.9954387399712497,2.31706376825792,1.7054962190023795,1.0,1.0,1.0,0.7,1.0,0.0,142,48.45318728951418,54.875828722825325
28,44,1.7342931903824077,1.8150561788537032,2.0129931083629353,2.328310228046358,1.7004315625894693,1.0,1.0,1.0,0.7,1.0,0.0,143,48.72333375380539,54.89611706497049
28,45,1.7341271511841518,1.7876367562158655,1.9413191710676792,2.117238890359798,1.7002201932906276,1.0,1.0,1.0,0.7,1.0,0.0,148,48.77071215178985,55.03122892652801
28,46,1.7336836592570037,1.7861825343691144,1.9398009838582582,2.112699315493268,1.7007366250195872,1.0,1.0,1.0,0.7,1.0,0.0,152,49.91362130697189,55.26794404841392
28,47,1.731689154140848,1.7795942450380215,1.932923725559168,2.1196663942825795,1.713351923088128,1.0,1.0,1.0,0.7,1.0,0.0,153,49.62554950127353,55.569144090084926
28,48,1.7315211039067768,1.812631040418632,2.0212240748228867,2.1896454228869464,1.7001131085613932,1.0,1.0,1.0,0.7,1.0,0.0,163,70.19627745207838,57.57383174332822
28,49,1.7299759052741943,1.8007458730918724,1.998054623176396,2.1849536340840605,1.7104691964860368,1.0,1.0,1.0,0.7,1.0,0.0,164,70.20816991538234,58.84477751198538
28,50,1.728122955098828,1.7810460062725109,1.9559644697198986,2.190498732847902,1.7015863826749393,1.0,1.0,1.0,0.7,1.0,0.0,172,83.81706416116751,55.41988550412809
28,51,1.727593463002015,1.7859631297757663,1.9718603702637316,2.1908852290967618,1.7036542562114751,1.0,1.0,1.0,0.7,1.0,0.0,173,87.4116555087815,56.599684203382665
28,52,1.727317520794712,1.7850203051774356,1.9708763015851363,2.1907315495966877,1.700954392431051,1.0,1.0,1.0,0.7,1.0,0.0,175,86.6776468005717,57.31663513546926
28,53,1.7269778055319833,1.783858281036779,1.9696628740627062,2.190543914872756,1.7023556281051428,1.0,1.0,1.0,0.7,1.0,0.0,176,86.8425149023505,58.12512893580995
29,0,0.9041776008367666,0.952624601816547,0.9505451130258641,0.12561897409106385,0.0,0.0,0.0,0.0,0.7,1.0,0.0,1,186.18323160022496,187.8635796545728
29,1,0.8255929408793959,0.934229244216693,0.9288675967019433,0.17350001679300345,0.13214516127407105,0.08041514447289497,8.753678414102e-05,0.00017268644981726,0.7,1.0,0.0,3,157.73327663170645,159.63869033087707
29,2,0.1929168063811495,0.2574445353518714,0.23187375770161323,0.09421729908087965,0.8070374358668222,0.10329008903194259,0.01292096526166625,0.02548957722338338,0.7,1.0,0.0,5,38.38746516897399,57.09870022808506
29,3,0.1746435922194377,0.22111755138935169,0.1941560078335347,0.09087485690103302,0.11269369755822223,0.1067209146786329,0.00588037310553864,0.01155361365165532,0.7,1.0,0.0,7,35.66802480405782,58.266441946805024
29,4,0.17686797272620797,0.22852952464511356,0.21251053314087937,0.10310277132539285,0.08656428942192616,0.11052291415188191,0.0065373081304016395,0.012822043334918359,0.7,1.0,0.0,9,37.402250334436566,57.04293762301619
29,5,0.17306475948327682,0.22003380143368648,0.2036641077648403,0.10368732786007413,0.09148661521940797,0.11077968577367554,0.0058485820836276904,0.01146337272482984,0.7,1.0,0.0,11,36.73552311860251,56.238383253145074
29,6,0.1730923321897344,0.22676074134398186,0.22144721257362726,0.11934432882128009,0.08346923317487545,0.11083697296131896,0.00584973239611548,0.011464529464107389,0.7,1.0,0.0,13,36.747529605786255,56.249611173771655
29,7,0.16747519525901536,0.20220061975572204,0.1743651194469204,0.10990688450191069,0.10035611349003443,0.10755669339922684,0.006289260688307841,0.011874582836769,0.7,1.0,0.0,14,36.01987491168232,57.6419551599728
29,8,0.17806787256582737,0.23288297392445936,0.23821507425255886,0.148239601781091,0.09244560759406995,0.11148504294367716,0.01417741763991057,0.0245219914309571,0.7,1.0,0.0,15,40.04242303427517,61.908310531161554
29,9,0.1672108922523721,0.20376277120523512,0.18662741316033035,0.11840684107745983,0.10084933033829559,0.11167757491253509,0.0063933350373104,0.01186502272622233,0.7,1.0,0.0,16,37.06238378607941,55.00280450223745
29,10,0.16788559732077532,0.20401461909834903,0.18684848103641696,0.13089677191875762,0.0869456533629838,0.11196206212534829,0.00714731637608122,0.01393490259646181,0.7,1.0,0.0,17,37.16167615530585,55.36230766310869
29,11,0.16484007718140106,0.19673029911179496,0.17925763050252047,0.13268596864619342,0.0922921349964746,0.11213253343540774,0.00672667902058281,0.013670104199566399,0.7,1.0,0.0,19,37.54881993038244,55.459862070441325
29,12,0.20836479584095496,0.24334833602153444,0.23667311041152084,0.17518114980935612,0.13705938100112242,0.10710831355280033,0.05607263351618218,0.056210596461974204,0.7,1.0,0.0,21,38.239834722638776,55.90027400115987
29,13,0.20780821291482138,0.24862265840480147,0.25294145605038887,0.1825274682592462,0.13251053769222088,0.10710831355280034,0.05607263351618215,0.05621059646197417,0.7,1.0,0.0,23,38.620695375517904,56.52751263153072
29,14,0.20716696070377338,0.23913141632039053,0.2322408272500316,0.18257222392054095,0.13875337086725326,0.1076021514800101,0.05641525780998151,0.057958587400690556,0.7,1.0,0.0,24,39.580956489973616,56.8867292078822
29,15,0.2048633827033663,0.23547218358744137,0.22848524087734462,0.18575184120002353,0.13250092498858693,0.10657552055004609,0.05567014801863933,0.05614086653961605,0.7,1.0,0.0,26,38.60106571052727,54.73551582778568
29,16,0.20603995550266938,0.248257936314468,0.26325678143099107,0.2112800350951475,0.1337637868149106,0.10588701174228901,0.05844867694088942,0.054902272452551436,0.7,1.0,0.0,31,39.15782990895181,59.53919345167285
29,17,0.15588151630703198,0.20466940644235193,0.24130110505482727,0.2081370304160494,0.09766942821219296,0.10622421671184039,0.01217743479772589,0.02120710170905036,0.7,1.0,0.0,33,37.462020294137645,56.22629627379719
29,18,0.15361478692605063,0.19964546016927254,0.2360848542474588,0.21584543674914333,0.09031974485769728,0.10262097182774972,0.014051343698137311,0.0242460490093936,0.7,1.0,0.0,35,39.82609815680072,60.164712980514935
29,19,0.15558197951048147,0.21452468174386,0.27304224095814517,0.23681320711570258,0.08903524054187677,0.10430103586062549,0.01515741597519087,0.02229998990780684,0.7,1.0,0.0,37,39.30243926169796,59.4622803904391
29,20,0.1582655841977181,0.2206465529602553,0.2899919052648089,0.25012241010309244,0.09824579678759437,0.09912845267302732,0.02342352301477582,0.03521019285241675,0.7,1.0,0.0,39,43.78705408124279,62.164007248668135
29,21,0.14924741458789909,0.19407309811296003,0.2516227150047418,0.2505328851230717,0.101045185867497,0.1040294593029237,0.01695470970906661,0.022641948029551807,0.7,1.0,0.0,42,40.52391621156509,60.453036552754966
29,22,0.14892166281504793,0.1829960078997599,0.229215280364377,0.263930024140032,0.09792666738121147,0.10559977920988906,0.01770993825210081,0.02488065943130877,0.7,1.0,0.0,44,41.87376115210391,62.37657202679451
29,23,0.1406713821047709,0.17357641013831157,0.23032473472137763,0.27110682937611985,0.09973043719422989,0.09714572423031416,0.01952966309464064,0.05846905399984785,0.7,1.0,0.0,46,39.81086959359743,66.75528704875241
29,24,0.13527039505023308,0.16296114748424328,0.2193637369503756,0.26390655702616833,0.0927866688388766,0.09272927072800699,0.01988869432403305,0.05293534247991201,0.7,1.0,0.0,48,40.71237208962871,67.66095691895386
29,25,0.13474395012034743,0.16888030793667083,0.2363222810184124,0.28326530852404874,0.08482801698303918,0.09210434513085324,0.01993793326326948,0.052497387973767275,0.7,1.0,0.0,50,40.8591905822514,67.77288664510851
29,26,0.13430975885776575,0.1750408130737858,0.2535322582700195,0.29312286957055256,0.0842291311360045,0.09145512951239568,0.020020989033212568,0.05194211540935976,0.7,1.0,0.0,52,41.03187854537923,67.88077531442892
29,27,0.21396426468130625,0.277056384954689,0.3994809322081501,0.46071606224076256,0.16676171037561086,0.12473572668303919,0.07863899122560125,0.12485773683226568,0.7,1.0,0.0,69,47.69893055350989,58.930730513842086
29,28,0.18671930653498373,0.22818249657870357,0.3279570187221599,0.4346113601117939,0.15093558843440022,0.10150663218897896,0.07164741437601732,0.03296331917445103,0.7,1.0,0.0,72,41.55100202066251,64.24266158237874
29,29,0.17817281831266712,0.21850622119464672,0.3182072224248098,0.430949636829723,0.13659321973395333,0.10183084805592268,0.06341330320271873,0.0327909235433807,0.7,1.0,0.0,74,42.60468967617314,64.21203325486074
29,30,0.18961905153181552,0.22960302658927656,0.32928140418933877,0.4522294316733398,0.14693506327429323,0.10346200163813375,0.07388400440967942,0.03855563692568592,0.7,1.0,0.0,75,40.51047361770957,64.12363270290736
29,31,0.19138422821882348,0.2561607861226539,0.3999348605702022,0.5024500450128184,0.149951605055693,0.10193445955573244,0.07770810563474809,0.03504131670406488,0.7,1.0,0.0,82,41.856418037295626,66.78000671923834
29,35,0.20181838674039976,0.3018593701834408,0.5010290227148257,0.709498601388036,0.15954971630790626,0.09604185220903419,0.09148621086546233,0.04619295044445549,0.7,1.0,0.0,129,39.74366398533082,67.21411470277992
29,36,0.20129188577863133,0.30103834377868954,0.5001889023120997,0.7189394185118232,0.158533507377146,0.09583157848833748,0.09124954484372086,0.04661175630315076,0.7,1.0,0.0,134,40.11436575579841,66.63478582873634
29,37,0.18851198207656705,0.2848790951275312,0.4838120258149246,0.7075254491738129,0.15286588941606494,0.0931442266913127,0.08193367717853606,0.04404311979171177,0.7,1.0,0.0,135,39.45417581575125,62.880663633215896
29,38,0.20057712821622625,0.3043175366545393,0.5143498554374539,0.7473787038062759,0.15971517214683967,0.09617347612714766,0.09157166312919414,0.04535778109939862,0.7,1.0,0.0,140,39.62019491253097,67.84367632244503
30,0,0.9016008127877091,0.9512901297665391,0.9491521262862426,0.1254035475771835,0.0,0.0,0.0,0.0,0.7,1.0,0.0,1,185.4251145129,179.22426636072618
30,1,0.8249198703000326,0.9347975311540231,0.9293556061650582,0.17560215223909828,0.13504702274573446,0.08384157479783091,8.801801682936e-05,0.00017605092433614,0.7,1.0,0.0,3,159.37809049459233,157.22910379904775
30,2,0.20543370206632044,0.283653991515752,0.2591833317403883,0.09766298134050505,0.7809290430387268,0.10747179766855822,0.01113819857462105,0.02227828148301861,0.7,1.0,0.0,5,26.8350245590442,56.074446692310126
30,3,0.19497905066646448,0.264923133298718,0.2397826415721056,0.09989223398428984,0.09837251016270185,0.11041558767076835,0.00561273593057659,0.01120199069369633,0.7,1.0,0.0,7,24.49113790867451,58.05991936985919
30,4,0.19290241615520995,0.26663024863131635,0.252313336062923,0.10276352613473018,0.08861940747521263,0.11050984315027439,0.00586321639753402,0.01165575014736253,0.7,1.0,0.0,9,24.664291050908343,55.55859177029152
30,5,0.19281682315261578,0.26654314686982655,0.25222594870137394,0.10621293205614397,0.08314197582117505,0.1103934839054492,0.00586043682172733,0.01165294733027905,0.7,1.0,0.0,10,24.677080914518907,55.53429741409294
30,6,0.1870515455548406,0.24504938326630085,0.2189683278182405,0.10591264828332801,0.11707283266796009,0.10811984894817943,0.008771784273996549,0.02072491458785836,0.7,1.0,0.0,11,24.972064439963944,53.90251826350173
30,7,0.18828712138087517,0.242497511804623,0.21612454440405912,0.12226635443260132,0.09305448362052128,0.11992613344170748,0.00461064963105536,0.010918877684536709,0.7,1.0,0.0,14,24.744449183001468,54.53581703476375
30,8,0.18711403152708594,0.23910801596334824,0.21256520656052208,0.12211842577550953,0.09687016795354589,0.1190319017604277,0.00571314793207982,0.013339679872985821,0.7,1.0,0.0,15,22.79008270801668,53.74883264451937
30,9,0.1859827792227835,0.23655066248766213,0.2098990871600959,0.12163777393688693,0.09397400971619399,0.11919935766363914,0.005515181565693391,0.012906776007107278,0.7,1.0,0.0,16,22.8849955905422,53.70313519317028
30,10,0.1840920603129616,0.2338247160165998,0.20710965457526592,0.12944879388340913,0.0906069970422775,0.11841629694350848,0.00478401255766658,0.010938344092175669,0.7,1.0,0.0,17,23.1019457771877,53.62498136997733
30,11,0.18183319866033876,0.2318995889337895,0.21576051031024776,0.12750173955643557,0.10110925216690196,0.11952888743673191,0.00632729394456764,0.01334224658164975,0.7,1.0,0.0,19,23.365882761711,60.902359362246216
30,12,0.19271104360432698,0.2623006830923078,0.2792870904334915,0.18694363207869855,0.1015455795533501,0.10913420043334995,0.02493102800673212,0.01030189235798938,0.7,1.0,0.0,29,25.71268515639266,55.17550667433574
30,13,0.18939651571794672,0.25604161793799024,0.2728091012917019,0.1961339567466019,0.1101821433389008,0.10759947782556148,0.02474192672247911,0.009454580055426109,0.7,1.0,0.0,30,25.10075306438778,54.50986767711935
30,14,0.18461415810623216,0.2423284319305713,0.2478740609282098,0.19905447905767265,0.09931614617855264,0.1105438743798101,0.01941706319905899,0.01079899069598277,0.7,1.0,0.0,33,24.25741038190084,53.02409861822833
30,15,0.18834139391809263,0.2453282303209931,0.2508204348540672,0.19754995911248102,0.10349802320552964,0.10883840247697049,0.02483382126662824,0.01003346981503967,0.7,1.0,0.0,34,25.161720977579865,53.48323366171983
30,16,0.1874716689102007,0.24358918919930445,0.249017207871186,0.202564938992063,0.10370149902533392,0.10927951796170614,0.02424596258098663,0.008880594071476431,0.7,1.0,0.0,35,25.364886199595343,52.18596805139671
30,17,0.190218127400301,0.2463016541148735,0.2517272033500618,0.2169799201927399,0.10362513535141793,0.11146179862134079,0.025487630167855678,0.01617124815980403,0.7,1.0,0.0,36,25.49902051352489,56.655538003634575
30,18,0.195060352386625,0.24990222474054502,0.25523653170963456,0.23172838352669328,0.11341024633316812,0.11001027320549783,0.03218492130302997,0.03287236765470556,0.7,1.0,0.0,37,26.60657346639412,57.113855424532886
30,19,0.20223299395528607,0.25910709842616797,0.26459097440321633,0.2230329560761376,0.11590039746453948,0.10898415053377637,0.03870013287620114,0.02578501400833918,0.7,1.0,0.0,38,25.820552247215424,59.45199576037951
30,20,0.19989561108147386,0.2598138919471902,0.27608514357320674,0.23721962796828394,0.11977413901534792,0.11001027404550401,0.03812064860857124,0.03287240400849689,0.7,1.0,0.0,39,26.81564938971568,56.70690306836094
30,21,0.19969762230299146,0.2658044617868534,0.2930945937892416,0.24627449550661917,0.1161786938840447,0.11021347709772986,0.03813383938373025,0.03291933497466145,0.7,1.0,0.0,41,26.8278402608336,56.50056195053503
30,22,0.19235150520447422,0.25723556091021604,0.28443665158640746,0.24863339163370451,0.11287140942890161,0.11174449603833692,0.030527331385127372,0.02578658072222297,0.7,1.0,0.0,42,26.766623448501274,55.94465374229317
30,23,0.19390703601257928,0.22559950855551913,0.2081124854717218,0.23835598585826548,0.13554646906476694,0.11694649960687002,0.03255193821795616,0.07882404716632146,0.7,1.0,0.0,43,29.097980268512536,52.02778858211099
30,24,0.19331021452679237,0.23078524889736,0.22428859659082126,0.24777265016221697,0.1159659750168977,0.11694649960686995,0.03255193821795613,0.07882404716632149,0.7,1.0,0.0,45,29.035519162173934,53.1362335926246
30,25,0.19130099493983477,0.217417065648438,0.19953083332910626,0.24614975621085383,0.13065997516166786,0.1176844298390588,0.03295003273140955,0.07989814947284404,0.7,1.0,0.0,46,27.95128738728539,53.47751213039364
30,26,0.23429374602044434,0.2754370178627069,0.2903597595294386,0.3153147398340813,0.16707180820071066,0.1365303748413729,0.06590495917860774,0.08817070202523274,0.7,1.0,0.0,49,30.07428029073692,56.99791019655191
30,27,0.2525153607155478,0.2777643398419541,0.27039669524668075,0.32572249541996434,0.18537959853136593,0.1488121939631469,0.07706824059677099,0.14174753217075872,0.7,1.0,0.0,51,31.64630473296014,50.7253619090876
30,28,0.2506888535511145,0.27041757825807033,0.2626654125001129,0.3486272000087145,0.18618846657066898,0.14348098864473424,0.0822172034083837,0.14648118138600733,0.7,1.0,0.0,56,29.07385676498676,58.157357554956704
30,29,0.24881720543209246,0.27443595165576373,0.27768497581637464,0.34884433316944763,0.183736691824554,0.14881219396314696,0.07706824059677103,0.14174753217075892,0.7,1.0,0.0,57,30.64926980426593,52.329684958030185
30,30,0.2649867297456428,0.27536103153799685,0.2563695431204519,0.3586021623895308,0.2042375611131599,0.14928485414485215,0.09395458223953644,0.15633419605109528,0.7,1.0,0.0,58,33.20843698448185,55.59426813977857
30,31,0.2499145371853894,0.269872613527509,0.2727303640098353,0.3772256475618415,0.19172933959463145,0.14464392751589536,0.08433728215523847,0.15156791871961597,0.7,1.0,0.0,60,32.955395244490546,52.91908862122828
30,32,0.24929678609533473,0.26602030320283043,0.2686561427602323,0.42525391861132655,0.1878165446419467,0.1475547358834302,0.08350355406933549,0.19323953588589973,0.7,1.0,0.0,70,33.97531666816723,57.09791744051447
30,33,0.3814572790607206,0.3843159421798187,0.3754079651904188,0.4835078050694382,0.32737215523330226,0.12931334898930325,0.2323635168009051,0.5538175869756357,0.7,1.0,0.0,75,36.75970828626784,52.81614723380735
30,34,0.4288345237510887,0.4451192701135758,0.45832572116997344,0.5412465698163134,0.37028629271430286,0.12591070487968775,0.282129336539372,0.6723687036559872,0.7,1.0,0.0,77,38.677375096387344,52.82085417572118
30,35,1.160838623630883,1.2456689244238743,1.380147352419284,1.4769100602279697,1.1062529520891766,0.15020069633648675,1.0,0.24770566343531955,0.7,1.0,0.0,92,31.980130426675952,63.61436875811405
30,36,1.154492910043605,1.2145785055970328,1.3155778803069293,1.363387397947535,1.1059165416645411,0.14456535447486726,1.0,0.23456936555388755,0.7,1.0,0.0,95,32.47990938160739,61.75913028031459
30,37,1.151147308558043,1.193657758367517,1.2722668464402769,1.4389704429746275,1.112663114441615,0.1428212396032174,1.0,0.36938611269224947,0.7,1.0,0.0,96,31.99741886942921,60.63354070336625
30,38,1.1511472544186407,1.2205340008552943,1.3433733485598203,1.4779487501974555,1.0999752638549671,0.14282123961284865,1.0,0.3694076611353889,0.7,1.0,0.0,98,31.99741686954738,60.63360366739646
30,39,1.1511444489869687,1.2272445036316857,1.361141297259811,1.4933431534787651,1.0999833677372113,0.14282124395041051,1.0,0.3359081258793585,0.7,1.0,0.0,100,31.98411301291653,60.53756441228897
30,40,1.147225981264689,1.229134686043615,1.3740284939101166,1.50039445998629,1.0993043162418645,0.13788481862622337,1.0,0.4114676171508149,0.7,1.0,0.0,101,35.82383980085191,58.55436121489277
30,41,1.1482455747283025,1.2005047952789312,1.3009853260332083,1.3908368259507342,1.1010496854614034,0.14133809655651255,1.0,0.2468702294631258,0.7,1.0,0.0,105,30.63132184591944,59.402912475798
30,42,1.1537334684416207,1.232313981375103,1.3769884454056789,1.5558796616276356,1.1050396818920647,0.1495747477204409,1.0,0.30738830545349366,0.7,1.0,0.0,110,33.55190744516949,62.571790588441225
30,43,1.1461546732333945,1.2493430988333014,1.4380986676350498,1.5721832861626144,1.1017035821633423,0.1403609839457364,1.0,0.26366783656890214,0.7,1.0,0.0,112,31.71585775974288,63.433257411784936
30,44,1.1461696199158329,1.24924599923362,1.4379942402743269,1.580956073710837,1.0986608562488673,0.14046130113734212,1.0,0.34387683660840795,0.7,1.0,0.0,113,32.025193449617866,61.13928215131897
30,45,1.1469964439048057,1.2355208833437497,1.4020810314305596,1.6006572710665383,1.1005429016070607,0.1424282895190699,1.0,0.32528956757002836,0.7,1.0,0.0,117,33.219305001217585,62.341597972210245
30,46,1.1468395018539017,1.221166410538734,1.365561702799046,1.4510922182411217,1.100491036895826,0.14274131590311784,1.0,0.2968572682601449,0.7,1.0,0.0,121,36.02007185931006,61.06526136435389
30,47,1.1350369918679257,1.2133261781798608,1.3685988727628215,1.4979892071080618,1.0906494213667595,0.12780056039383264,1.0,0.44066288831131983,0.7,1.0,0.0,128,28.851045557733585,61.20907490699668
30,48,1.147673690164157,1.271477945378101,1.5040554093810923,1.6785035433876916,1.1029823912932564,0.14690298867664642,1.0,0.23749209695434098,0.7,1.0,0.0,138,31.92657519131115,58.08970113560448
