Run,Equation_Index,Hybrid_MSE_Train,Hybrid_AIC_Train,Hybrid_BIC_Train,Hybrid_MDL_Train,Hybrid_PSM_Train,Extrapolation_Divergence,Sensitivity_Interpolation,Sensitivity_Extrapolation,Lambda1,Lambda2,Lambda3,Complexity,MSE_Test_Interpolation,MSE_Test_Extrapolation
1,0,0.9011224600293058,0.95104242813218,0.9488933085083365,0.1253634902354698,0.0,0.0,0.0,0.0,0.5,0.3,0.6,1,189.2266572025001,190.42042633293488
1,1,0.8094741289693873,0.9198221894762679,0.9143496727491832,0.1612113897811182,0.12122347884024137,0.08871302041624438,8.823277827703e-05,0.00019260338016113002,0.5,0.3,0.6,3,161.81989235860914,165.25345930493094
1,2,0.17719131862313917,0.23500030808351988,0.208904710213183,0.08005545531411638,0.8061110036046988,0.11370854481432072,0.011110694985409609,0.02425354218599075,0.5,0.3,0.6,5,37.47479060689915,57.42575105163843
1,3,0.162200712891266,0.2080066567268662,0.1809947599071438,0.07872453518882938,0.08977140116502844,0.11926567298827018,0.00559939541550421,0.01217915626710833,0.5,0.3,0.6,7,36.307693023084624,59.381469892354616
1,4,0.17867087878743626,0.2223053854343224,0.1951305419279683,0.09868751991990937,0.08914168310510023,0.11684108514068745,0.013280888901404688,0.04037992075492569,0.5,0.3,0.6,10,34.805535335881586,58.012419208291405
1,5,0.17784232560501373,0.2279050716507868,0.21176603698019242,0.11191902135913369,0.08634451760873932,0.11680423469361297,0.012996093899063471,0.0395140148873809,0.5,0.3,0.6,13,34.60235879177612,58.127577634849736
1,6,0.15716303186069014,0.19874226576144804,0.1714138854685096,0.10109070301378441,0.07265770574287665,0.11632437787026265,0.0056201843475863,0.01120098911467583,0.5,0.3,0.6,14,36.28817822819104,59.704490161717096
1,7,0.16415712741960062,0.21052726490918047,0.19411307172582493,0.10456659380018947,0.08151903604507155,0.12198362985610112,0.00657095028597655,0.0198971546461823,0.5,0.3,0.6,15,33.58149977656011,59.824484542465854
1,8,0.15687191004225895,0.20135804024359424,0.1848043336692413,0.10239055670565478,0.07535420443309974,0.12109474771086101,0.00548702456132793,0.01119667167577521,0.5,0.3,0.6,16,37.45499864522662,56.98881207181935
1,9,0.1537281431712344,0.196150819902924,0.17944490523421047,0.10529919373904066,0.07068460239901365,0.11777273482277548,0.00541512141330632,0.011100946302011661,0.5,0.3,0.6,18,36.62083528681987,59.76476089601003
1,10,0.14567534715861385,0.1810945346475051,0.15331014641932875,0.10952152452481931,0.059794882155180126,0.09999113027736097,0.007558813719527641,0.01174672944399696,0.5,0.3,0.6,20,36.539316854139045,59.03239076091972
1,11,0.1446200442556817,0.17849446720960688,0.15059653528137965,0.11429162154547484,0.061913124316752374,0.1018031547998953,0.00583643889900179,0.01107120565062024,0.5,0.3,0.6,22,35.877369167626775,60.02015537829247
1,12,0.14665375163893793,0.1975823267644773,0.20263028389815868,0.1441408184713308,0.06688354279722114,0.1096574030763676,0.005818505719713049,0.01136396459930601,0.5,0.3,0.6,25,36.93932678860424,58.19831248847802
1,13,0.1457647560211642,0.1895298687404725,0.183487927896564,0.15198961130617863,0.06355529957336029,0.108364822978177,0.00602953160476671,0.01134742356994292,0.5,0.3,0.6,27,37.20150754510721,58.44702764932463
1,14,0.16311504821212117,0.21907037574210977,0.235052932598009,0.2047893533299774,0.0820070344091339,0.1030789305706363,0.01555574018829814,0.04126439047633273,0.5,0.3,0.6,31,33.400225412629275,81.28677728809998
1,15,0.16102476427577916,0.2155975413675097,0.23147997330443418,0.21204580025586817,0.08440185459540803,0.10403904549882788,0.016093478409801208,0.03821277351437363,0.5,0.3,0.6,32,33.604797777609704,80.81532968141084
1,16,0.1492880220453904,0.1938873935755169,0.19847743313520702,0.21750619690347164,0.08097621062042866,0.1096792987036643,0.00777964168847735,0.02160072295486993,0.5,0.3,0.6,33,32.73388246533983,79.5080292085952
1,17,0.14928802224812507,0.1938873935755169,0.19847743313520702,0.21750619690347164,0.07013412992858017,0.1096792987036643,0.00777964168847734,0.02160072295486994,0.5,0.3,0.6,35,32.73388217938865,79.50802832349686
1,18,0.14817329789934663,0.1914572116379359,0.19595258099702956,0.22628879290893,0.07421823054567962,0.1107098957176468,0.0079944102831206,0.02017191396171333,0.5,0.3,0.6,36,33.0187525289186,78.80422553824978
1,19,0.14712739191213753,0.20729343652242238,0.24472766418462039,0.23280438575547485,0.07627878758254131,0.11323052506941796,0.00787513561165617,0.01982292188313697,0.5,0.3,0.6,38,33.16277807845318,81.81353782486522
1,20,0.1464643913086331,0.21239385270601782,0.2608176439993337,0.23879730087121737,0.07394642555654593,0.11307668125552801,0.00788553865138108,0.01983276550586551,0.5,0.3,0.6,39,33.12084474575606,81.4066606572442
1,21,0.14692899631922846,0.20480981723030633,0.24208154205346247,0.24301040704464646,0.0742729344870689,0.11548033022598614,0.0079618100120552,0.01993810082580774,0.5,0.3,0.6,41,33.328318570470344,80.45168340042092
1,22,0.146178714384744,0.20963072626530616,0.2578783697388929,0.24914724307192168,0.07392865370497967,0.1168093174517536,0.00813004408396387,0.01867430892733626,0.5,0.3,0.6,43,34.92019819489036,80.87205117390701
1,23,0.14955997734773693,0.21188998652795224,0.26005849897288136,0.2561717312418616,0.07794753127938439,0.12297618371966304,0.00805160979400919,0.0203538128891909,0.5,0.3,0.6,45,33.416963421354055,82.45442621614201
1,24,0.14769452917055287,0.1889406050450197,0.20387088522490368,0.26249574419038163,0.07541995446562831,0.12145257159005118,0.00840716808133177,0.01927786093322423,0.5,0.3,0.6,50,34.700209736663275,81.59356170051372
1,25,0.16430368839800474,0.24323328297500427,0.3243238989586813,0.40243995700524227,0.09336897754420903,0.10610715725858857,0.02196990715368696,0.05561358093813349,0.5,0.3,0.6,74,29.89157996000765,72.63762800027408
1,26,0.16509510861931231,0.23729514034560564,0.307327493513131,0.38843070991995493,0.09384713349843019,0.10728289247058169,0.022110726211127647,0.0558937146318345,0.5,0.3,0.6,75,30.24248623469212,74.10393323462013
1,27,0.22779296790052794,0.29729642220286506,0.367139898770599,0.4665654003621185,0.16683508831900562,0.1025601831991653,0.0771836270133879,0.1394676764622637,0.5,0.3,0.6,76,37.10278553981535,58.74603777932411
1,28,0.21902298383206156,0.30533376214754226,0.4081163484119046,0.5320098686154254,0.15397672310617472,0.10543095284817176,0.08359452577679384,0.12253428187241358,0.5,0.3,0.6,80,35.522587073115105,82.247431850979
1,29,0.23446963925845218,0.3072733538684061,0.39852965579624117,0.5461363640759846,0.17607628291049954,0.10547755213967258,0.10054993838702937,0.1462555462324013,0.5,0.3,0.6,84,33.84531716064737,82.28979109032387
1,30,0.23219742084045947,0.30038507959627936,0.39132547329634,0.57322055984334,0.17825753526979962,0.10428453957152024,0.10149741929314045,0.14728964356894883,0.5,0.3,0.6,86,34.767844602085994,88.87954270642868
1,31,0.232091790091575,0.3135942927104273,0.42664150679627355,0.6047115200706248,0.17102482812075434,0.10420664200249227,0.10137205849150721,0.1473547502814543,0.5,0.3,0.6,90,34.67149203055509,88.87174293013065
1,32,0.23331106153629128,0.32065922833284205,0.4447043500533321,0.6184362878493781,0.17318007114335404,0.10871966789349607,0.10149258563074418,0.14636898345872332,0.5,0.3,0.6,95,36.7878227192695,93.9260538996599
1,33,0.23284980924738313,0.31959091335253836,0.44359504974314434,0.6326185138376283,0.17440743552810734,0.10837253540350208,0.10141383030436579,0.14648541179495853,0.5,0.3,0.6,96,36.61124563382958,93.33770104231608
1,34,0.2691289050986573,0.3421142747300565,0.4439814993942492,0.6724434883189512,0.20917438348761025,0.10305228953936704,0.06625107809540257,0.22925992296310965,0.5,0.3,0.6,101,30.47348210545125,67.39207505607696
1,35,0.23416340389864077,0.29826702467816885,0.3889299088985174,0.5554543571535968,0.17630717567766616,0.10016162681062153,0.05631526118668725,0.18032772300616265,0.5,0.3,0.6,107,31.4455789985356,65.15478100716734
1,36,0.23247533197378295,0.3032037113955741,0.4049178374196831,0.5657544185729012,0.1736658012247509,0.0970141410738692,0.05644894464874658,0.18015264539023912,0.5,0.3,0.6,109,31.902091861604283,66.32760629786227
1,37,0.322159320530641,0.4220941622569403,0.5787998948015418,0.8130549225204365,0.2790412296802053,0.10602554534240145,0.19746904458807832,0.25553931807591745,0.5,0.3,0.6,110,37.100984247437005,93.19526646648832
1,38,0.2259755616407098,0.3572390267615776,0.5690808519664371,0.7650073598500636,0.17139265157856434,0.10544818426335971,0.07487716930865031,0.1590119449841929,0.5,0.3,0.6,119,31.530300063075497,66.62621363923337
1,39,0.22568963602647327,0.3478535654519833,0.5484785036796026,0.761730538048267,0.17891201306353496,0.10749958603440324,0.07513898909895282,0.1587759395425043,0.5,0.3,0.6,120,31.208269539632983,67.19507504197585
1,40,0.22568963598127187,0.35457267733499764,0.5662552168832019,0.7690374913486714,0.17155763802730928,0.10749958603440324,0.07513898909895282,0.1587759395425043,0.5,0.3,0.6,122,31.20826930086237,67.19507439738013
1,41,0.27286724426540965,0.3601289330713381,0.505378349756222,0.7964326103261583,0.22346541430272238,0.10055242450685435,0.07461183960367374,0.2445912511194727,0.5,0.3,0.6,123,34.6562785854096,67.45206650739946
1,42,0.2659547903421815,0.3561974933958801,0.5122560656176022,0.8404031286418732,0.2182623840385391,0.10452347762331596,0.07383664425414432,0.23335585012731852,0.5,0.3,0.6,126,31.634127569912085,68.54146007326086
1,43,0.2806404192529237,0.376739429062661,0.5437984166075776,0.8655401790793842,0.22988093709929958,0.10768873321217058,0.06946316144926437,0.25811372499633045,0.5,0.3,0.6,134,30.54429548244801,66.91951888967542
1,44,0.35600059565122066,0.45045508279720237,0.617405197018663,0.959302534883141,0.31081693694544055,0.11060994850619787,0.1273257147958453,0.353742037238893,0.5,0.3,0.6,135,35.966915952193425,68.9216816971258
1,45,0.24632521138819616,0.36668837499390083,0.5778053066863063,0.8867165065630007,0.1969143193360166,0.11056398065078125,0.07965870891730228,0.19563058215148432,0.5,0.3,0.6,143,35.1521103351397,78.13893620807623
1,46,0.24032277462506216,0.3797094559669583,0.6345416031201957,1.0354804851570543,0.20039246558241852,0.10091498514845754,0.08391680897439188,0.198015710860286,0.5,0.3,0.6,147,32.65903823026905,71.82611727411594
1,47,0.24990057058982004,0.32215707253169745,0.46641691265678314,0.8880525193033377,0.2040196849433044,0.10622890026063284,0.11039849756737767,0.196260108709042,0.5,0.3,0.6,160,35.060167654091906,82.25020753083304
1,48,0.260226937243371,0.3777702090134521,0.5993198562878365,1.0018981238956606,0.21985982471954135,0.11148672734125924,0.08743031678586882,0.2219861247505605,0.5,0.3,0.6,161,36.13002969605221,80.20124021286644
1,49,0.2028803654392801,0.37248897763165234,0.6823894100006145,1.0803237045074587,0.16369684251459127,0.10285176603015941,0.06272844128682381,0.14731031486797788,0.5,0.3,0.6,162,32.72683285235669,70.2257954759289
1,50,0.21294896484043846,0.3932476594107328,0.7250849302137341,1.148716422806009,0.17092561449146892,0.10206207125948755,0.062229045797895975,0.1671858804148678,0.5,0.3,0.6,171,31.66450697054756,70.55249212167027
1,51,0.23911121907168204,0.4005377863263194,0.7099095352447488,1.198725135293426,0.20681605234963146,0.09934090210928556,0.09414324781508124,0.20135284982376503,0.5,0.3,0.6,173,34.25190067568247,72.55053880873295
2,0,0.8745710425626292,0.9370936273218183,0.9343325289407725,0.12311107785467078,0.0,0.0,0.0,0.0,0.5,0.3,0.6,1,204.22857764,188.31849590086952
2,1,0.7825121510633141,0.8987908322129434,0.8929251915692689,0.14769917216595177,0.10411174141278147,0.06457746858284627,8.493347096493e-05,0.00019018371544114,0.5,0.3,0.6,3,180.8630107645901,180.3499090779771
2,2,0.1745707965048874,0.2505375168412597,0.22588253204180458,0.06807194892844547,0.7464758012413095,0.08267149351998196,0.009805559304910321,0.02195668773923235,0.5,0.3,0.6,5,30.222646895386088,55.27088761243224
2,3,0.1606290410578396,0.2357455832449446,0.2215388246939612,0.0819524328919467,0.056864101820095714,0.0834448568785793,0.004946416792886011,0.01103483940048414,0.5,0.3,0.6,9,27.917524079060883,57.297824388931296
2,4,0.17508074075770516,0.2465130541594083,0.24254682545700967,0.12757849903062132,0.076269231101877,0.10448634046594296,0.00425922373681632,0.03162423647051948,0.5,0.3,0.6,19,26.09370555963524,11781.163324096447
2,5,0.16901996994564894,0.23568880217599392,0.2313556605639122,0.12653945726501564,0.08693853077866698,0.10244986095127032,0.0034743124729021504,0.029596644525661697,0.5,0.3,0.6,20,25.94473986381688,11786.822344080216
2,6,0.16712129928154457,0.2317595666161923,0.2272714167252736,0.12835294920608054,0.07678325581909051,0.09749268612550847,0.0035654084215595004,0.03302104797967126,0.5,0.3,0.6,21,24.09720011480892,16324.840107823204
2,7,0.140406870280662,0.2015976696697122,0.19684776831377676,0.11988810830469929,0.057509331687655776,0.08257398773190198,0.0036180970012984703,0.00509287136932029,0.5,0.3,0.6,22,24.86164267110589,5657.898340094697
2,8,0.326789175292754,0.38531581471119847,0.380364726168098,0.31264341543506924,0.24301434026985322,0.3189249687937543,0.00351366781129377,0.12201313375556615,0.5,0.3,0.6,23,31.53667161435527,456.654639594773
2,9,0.3188319048784053,0.3742125744099333,0.3690261407133322,0.31462567959979815,0.23884404092588846,0.3113299795971255,0.0026306725607844,0.11921656258372534,0.5,0.3,0.6,24,29.595505189489,654.4553709491446
2,10,0.3228559236510222,0.377375073603179,0.37212458424845885,0.31901877298471826,0.23559090783243164,0.3204645621433649,0.0024992401948391698,0.11938379980686295,0.5,0.3,0.6,25,29.799913461522312,696.522708938477
2,11,0.3183255861391091,0.37818292012984867,0.3838872269879343,0.3204750684827208,0.2337710793144941,0.3165473004798084,0.00284347557723486,0.11651958557094041,0.5,0.3,0.6,26,31.17738079859448,2224.734645034296
2,12,0.30614068876661166,0.3639488032378176,0.3695016639999602,0.3235493665839742,0.22525564632536033,0.29603549810782664,0.00268865506036012,0.1157258360188439,0.5,0.3,0.6,27,31.01193808720676,653.8222465107674
2,13,0.156571897007113,0.21107030751168435,0.21637920326315224,0.17560447733471463,0.072059435732128,0.09663089483610816,0.0073287565437934205,0.03403343124483606,0.5,0.3,0.6,37,27.36182519854946,27065.716272100803
2,14,0.15160369033878296,0.20604119435469093,0.21134608858198795,0.1853520443440282,0.06607571443146872,0.08896473499131943,0.0060782681374776295,0.032835137320069555,0.5,0.3,0.6,40,26.765585939567888,13904.87694830236
2,15,0.14907094303621707,0.19945181832615308,0.20445979497025626,0.1814860549162592,0.07985414918796183,0.0896500854645794,0.00651035155305107,0.03231990216962083,0.5,0.3,0.6,41,26.114691645378635,14754.38923124872
2,16,0.15794998360691462,0.21427009812043327,0.23027940058726787,0.19948374006094227,0.07643385913102375,0.10782677715800888,0.0064440806996819795,0.0328574434330072,0.5,0.3,0.6,44,24.33900200526901,27489.34198538236
2,17,0.14849457089062024,0.18947528894218404,0.1832313866468912,0.19590650715419783,0.07370895650708685,0.09292712675329358,0.00669653579496185,0.031453876200896694,0.5,0.3,0.6,45,26.446076058911945,8002.904572045829
2,18,0.14925971116937597,0.18920656146132886,0.18288768671430256,0.20566815856050064,0.06995197746825889,0.09524348931416196,0.0066566502930878405,0.03194755564483765,0.5,0.3,0.6,48,25.28030882293725,7448.700747913709
2,19,0.1446597396929884,0.17980161474314674,0.17313742877296415,0.21144552353126603,0.08316866130481332,0.09289470879530344,0.00667003849018188,0.03132978701143342,0.5,0.3,0.6,49,25.328021351706653,7965.548246946441
2,20,0.1712783931115462,0.20294115807135957,0.20661221444753802,0.2604726462085541,0.1112423408512409,0.09673794975226552,0.03333159837393157,0.069597468223453,0.5,0.3,0.6,52,22.73007013943144,7957.157812567838
2,21,0.1780414540020361,0.2076618016506181,0.21118961598489472,0.2767466252088007,0.11142012542412214,0.0915217123218708,0.03437859772336519,0.08672652547150916,0.5,0.3,0.6,54,24.83284077781049,16170.391805634932
2,22,0.17109278765867655,0.21026849864630678,0.23564094090430704,0.30730301988742087,0.10552426984757274,0.09386363272141912,0.03474028223831937,0.07681561971215775,0.5,0.3,0.6,60,23.921802421696945,7365.092325524786
2,23,0.17109278765867658,0.2102684986463068,0.2356409409043071,0.32267303683896453,0.10344330915349711,0.09386363272141912,0.03474028223831936,0.0768156197121578,0.5,0.3,0.6,64,23.921802421696945,7365.092325524786
2,24,0.15849967337461585,0.20959223683889514,0.25697439809725015,0.34690537985147973,0.0941703466644434,0.082670797763949,0.03398569138355267,0.06700419895488388,0.5,0.3,0.6,66,24.134328081765084,7409.185399303511
2,25,0.16263548985855317,0.2055073874744245,0.2417273189157894,0.332534539220808,0.09919239226804409,0.08758353213545896,0.0477051965853506,0.06441243511626019,0.5,0.3,0.6,68,26.232789353409384,13464.405922339432
2,26,0.163331603559422,0.20061197591209706,0.23644808023711433,0.3556928048892004,0.10649535679319849,0.09353847524190953,0.034148527035700635,0.07264945093837824,0.5,0.3,0.6,71,23.71035095244439,10393.92573246651
2,27,0.1671200975859495,0.20399273335286564,0.25040099551707956,0.3776005576277589,0.11205673501283811,0.09124917507029816,0.049434427072469825,0.07977723706849256,0.5,0.3,0.6,77,24.16576903029105,13460.298669492366
2,28,0.15718966681845706,0.19965487224033177,0.25704476817950295,0.37119355487248806,0.10251573900617075,0.09656196831664846,0.036556687109314326,0.06625341918504975,0.5,0.3,0.6,78,22.82016462083749,13492.306666728224
2,29,0.15505670031373212,0.18871876973805324,0.23491002159887045,0.3696618026429009,0.1044758121769816,0.0901565412137998,0.04816538456099379,0.06409677028086935,0.5,0.3,0.6,79,25.57112977229705,13478.197084535475
2,30,0.15361064551396292,0.19324482799377735,0.25044352759236,0.3800514890524674,0.09810226690533602,0.08876659899811276,0.04812419812646103,0.06353129307072262,0.5,0.3,0.6,81,25.66130941551551,13467.95068056346
2,31,0.156566966162181,0.188332443773802,0.2343963418104851,0.3908783667866617,0.10228322962475414,0.09536831874042796,0.05307125396796899,0.061498749160027774,0.5,0.3,0.6,83,23.497207872697697,13481.263882128844
2,32,0.15053340802773216,0.18295512019375496,0.23967118504706045,0.39198065383128106,0.11636161382383484,0.09037662278905953,0.04970800900282623,0.06257223095333346,0.5,0.3,0.6,84,24.16215019887621,14927.07244888962
2,33,0.15507248579254473,0.18607378343230205,0.24269550193692746,0.40665793511653087,0.10437376893680614,0.0946907283300142,0.041350911830976486,0.07194288178967526,0.5,0.3,0.6,87,23.6416554237372,13507.578646572922
2,34,0.1544758992988744,0.19102658581335408,0.25862822614834813,0.43358321322184257,0.10470155446292852,0.09469072833001416,0.04135091183097648,0.07194288178967517,0.5,0.3,0.6,89,23.320960288158773,13515.34482726655
2,35,0.16961501913521962,0.20062408379894564,0.2678599153726352,0.4580349068535302,0.1264851992432409,0.09231485887716769,0.056034733174309126,0.09647436706028728,0.5,0.3,0.6,92,26.562819924929453,13476.16186950832
2,36,0.16400073419306674,0.19419782780084402,0.26138013155657563,0.4592351570109806,0.11687502453775231,0.09719962342351826,0.056150488412321474,0.08366269675821955,0.5,0.3,0.6,94,24.545776562484463,13452.978046337998
2,37,0.16223974327907695,0.1896966276692712,0.25669909857616247,0.48129059237962385,0.1155970827083076,0.09115398864604408,0.053463253390783685,0.08936712454052072,0.5,0.3,0.6,117,25.5580637820271,13500.841727138732
2,38,0.16321264038689665,0.2169697826297845,0.32816487356825097,0.5852450290767686,0.1168400275354019,0.09323829803099389,0.05330342660264801,0.08980289037856742,0.5,0.3,0.6,122,25.088101023676792,13523.646773795052
2,39,0.1632100041349677,0.21696178563993349,0.3281568074315409,0.6195663692350781,0.11649727258144363,0.09323829803099394,0.05330342660264803,0.0898028903785674,0.5,0.3,0.6,125,25.096220899825173,13523.109127405958
2,40,0.16313268749553614,0.2097337629407422,0.3098426298597045,0.6236910969757051,0.11727763921972675,0.09381860986079375,0.053153261123934606,0.08961792857351114,0.5,0.3,0.6,127,24.890648487138268,13526.960675541544
2,41,0.22312810260980603,0.31418825213842033,0.4915327368931536,0.7936488836603297,0.1781734830229127,0.09561963858727912,0.18652862385301563,0.12351107092684363,0.5,0.3,0.6,153,26.63558404254375,5040.469039454237
2,42,0.2763348994265377,0.36694763072592085,0.5442629980853327,0.8718827775354558,0.23174860197110228,0.09821092837705583,0.10358827589283344,0.25186175166415603,0.5,0.3,0.6,156,27.142683630256904,9053.421934445643
2,43,0.18541785480073278,0.28782004255555094,0.48714337467354984,0.8460321621644109,0.1417246278871164,0.07772491176434672,0.1810087634762386,0.08001743969055299,0.5,0.3,0.6,165,21.607643689682146,14691.129786046493
2,44,0.21130681387934225,0.31293119299347144,0.5122039459791063,0.8833926946486239,0.16802639882010917,0.07750328786592356,0.1926014690851671,0.11817765193228882,0.5,0.3,0.6,169,23.97408277873071,3726.08358279568
2,45,0.2113628512744492,0.31171317764698736,0.5109036092712586,0.8875127582156133,0.1719152669433826,0.0782439437576076,0.19262961485350288,0.11865293735802576,0.5,0.3,0.6,170,23.87652816482521,3724.771557007366
2,46,0.21178228822390138,0.305207213213465,0.5039510468025453,0.9013116930797415,0.17692622311437567,0.08321885628127734,0.19843027772400473,0.1177226579418807,0.5,0.3,0.6,174,23.01405390422483,3920.467830127369
2,47,0.21181751243141858,0.30180605180794456,0.5003295773622041,0.917019375124146,0.1784674102075702,0.08000417940021366,0.2074543075809144,0.1185815517348062,0.5,0.3,0.6,176,23.98404261997537,4144.192201280697
2,48,0.20529302957169654,0.29636117888849056,0.5055830119158414,0.9226450028745853,0.174942173903322,0.07981346724864492,0.19815566358504608,0.11676024576183323,0.5,0.3,0.6,179,23.02605856709581,4140.399159716558
2,49,0.2208908275920987,0.30502380451992606,0.5031741495988927,1.0011519838883964,0.18514457013855923,0.08832030635384922,0.2077434948548229,0.13103572333226038,0.5,0.3,0.6,195,26.46951900561744,4160.620861725694
3,0,0.9472459089091898,0.9744391598239432,0.9733172197639994,0.12914162952371847,0.0,0.0,0.0,0.0,0.5,0.3,0.6,1,157.80751184000002,176.47769966608698
3,1,0.8559434196516883,0.9501152762793439,0.9456429998563803,0.17239546178334408,0.1293442092313614,0.103716687593856,9.290271255606e-05,0.00019477316839909,0.5,0.3,0.6,3,136.58848616296237,157.0170618562094
3,2,0.20179086023815593,0.27903232193561334,0.25448111618924335,0.09459171578052546,0.8024176513964937,0.13282907219990644,0.0110231799175154,0.02311040893528302,0.5,0.3,0.6,5,28.530965129933104,57.86997459813076
3,3,0.19980556240008993,0.2812178729020673,0.2675171033688892,0.09887803374105907,0.08851784196549325,0.13284730421647983,0.01113059581121715,0.02333560939904866,0.5,0.3,0.6,7,29.00571188977951,56.052970117381385
3,4,0.17192245973960735,0.23839571127567583,0.22350843422476263,0.08542064380472981,0.09536698559280209,0.1182565857194792,0.00589551167237553,0.011796308189791641,0.5,0.3,0.6,9,31.1564511890934,59.28527990956368
3,5,0.17066786459869668,0.23456180776525856,0.2194746738751713,0.0937128175191384,0.07178035620690987,0.11839791622604248,0.00598972339711633,0.012840778589924278,0.5,0.3,0.6,12,30.70029573471424,59.38600703872344
3,6,0.17637240312957536,0.2391716088538438,0.22399961336307328,0.106316258750678,0.07918150484903506,0.13125623444253678,0.0057495692221688705,0.013150969119204109,0.5,0.3,0.6,13,28.592853248672537,55.61972786595588
3,7,0.16419285530191513,0.2235888756014904,0.20815568844364252,0.0982202246550292,0.07766060209512696,0.11554294292762828,0.00489837950292479,0.01061772766108296,0.5,0.3,0.6,14,30.138036991016225,59.6201027746672
3,8,0.1652996773788893,0.22365183134475988,0.208138570107951,0.10396039872260213,0.07117851882339324,0.11935593348482676,0.0048268013617947195,0.01061023793512662,0.5,0.3,0.6,15,29.193345086810705,58.397245441309074
3,9,0.1625962513586415,0.22528846568949087,0.2206520640806581,0.11462287013875609,0.07486343571925175,0.11648439008331343,0.00501197215895873,0.011304575932847009,0.5,0.3,0.6,16,30.31419089979289,58.96785222332359
3,10,0.17351200394237923,0.23903373825005947,0.24516150366824246,0.142058771191248,0.09380805421768779,0.13240032033594842,0.00613168528949923,0.02034477878149178,0.5,0.3,0.6,17,26.96256963877964,58.30237534912896
3,11,0.17331103572707732,0.23878767341242907,0.24491208169873996,0.14273058813663714,0.08013006461315142,0.13240756691480554,0.006107132094361,0.02006974889267312,0.5,0.3,0.6,20,27.034591229285137,58.05419327677277
3,12,0.1701767656837273,0.24182127896719235,0.258961958243697,0.13898305346548215,0.07924766860252988,0.13225747100691895,0.0060766106277512,0.015639978587791408,0.5,0.3,0.6,21,27.106616653744545,57.98102808056585
3,13,0.17843966325544008,0.2382606433713339,0.24396228144279372,0.15027391333733164,0.1067685845767187,0.13965403492904555,0.00693171841033968,0.028781148672972913,0.5,0.3,0.6,22,25.65249666893928,58.96107287417656
3,14,0.17478434302290008,0.2460098221372014,0.27367604504862003,0.1711497321131976,0.09040538826932375,0.1294780083534267,0.00708815963329668,0.03342554956673136,0.5,0.3,0.6,24,25.78462170082,61.58638517400801
3,15,0.1739604834751915,0.24327550263412404,0.2708014224428245,0.17621409941735047,0.09388261747088097,0.1319948058854808,0.00680891306282651,0.0322552972872105,0.5,0.3,0.6,25,26.176981931021523,59.12727619002891
3,16,0.17998587299484073,0.24468334753399382,0.27187092343257185,0.1940112173422773,0.1043135292246489,0.13217107863948044,0.0310382877560621,0.035181786138588175,0.5,0.3,0.6,27,37.06058194452292,55.55230865323101
3,17,0.1985728355029911,0.26020348066885646,0.2871681122967578,0.2142053388687023,0.12739129156017645,0.13517644177467802,0.029599388514407472,0.0677250854536123,0.5,0.3,0.6,28,37.45207969910079,49.48749295236914
3,18,0.20676539100475247,0.26411502020300914,0.29077091026610147,0.2235992523610114,0.14230800033965307,0.1304318089909513,0.035073666006008405,0.08718654084894052,0.5,0.3,0.6,29,36.75204216498516,52.00142920619556
3,19,0.2136629470347506,0.2804959897704573,0.32898412802304056,0.23341203590489476,0.15047018540354773,0.1355822156962809,0.08616766633849224,0.07299712672572066,0.5,0.3,0.6,30,31.24442274632397,58.23913019036711
3,20,0.20233685334568166,0.2648949152169361,0.31307949812629826,0.22143969150843115,0.13576850597305765,0.13282852652275826,0.11197036478656386,0.047913620238506496,0.5,0.3,0.6,32,38.097891800302406,56.814423154092985
3,21,0.2068291123101187,0.2586989363326144,0.3061350989567422,0.236269928066006,0.1511378192209959,0.13988781737107497,0.11243889946449995,0.05989722746215729,0.5,0.3,0.6,35,36.464380955370245,58.69004382599903
3,22,0.1625149091154529,0.21506213056678555,0.2731387686185477,0.20252518481690726,0.10838699296158028,0.12925335317981995,0.04073187681689824,0.0365196192655054,0.5,0.3,0.6,37,35.28218744786001,63.174961654080015
3,23,0.21214156127231068,0.2616772359078248,0.31954744685147696,0.30260283671447613,0.15102488261056446,0.13513393574541757,0.10546887041340072,0.0847767952713437,0.5,0.3,0.6,47,37.39150724585367,60.91092873832415
3,24,0.20977581232770898,0.25509267062251045,0.31267562858807446,0.3140532373048546,0.15445801254261685,0.13318255836001308,0.10591860149925172,0.08611525044853975,0.5,0.3,0.6,50,37.03988723562486,61.41448793399862
3,25,0.21041363348973308,0.25415963934846836,0.31163619912835916,0.3120188445363415,0.1539949947186216,0.12682920099849987,0.10037403643951678,0.09667089322493484,0.5,0.3,0.6,52,36.38113434056436,60.95809636891266
3,26,0.20945883304967627,0.25312282378383205,0.31059362614201663,0.31671181854603764,0.15086949241427638,0.13132217371641935,0.1064997831994352,0.08834602726968152,0.5,0.3,0.6,53,38.30721187063892,60.83922277946056
3,27,0.21099293562665145,0.2595861579398743,0.3279936153096051,0.31973932057023896,0.15869338498989416,0.12991440393459006,0.1012560558929663,0.09630958784344808,0.5,0.3,0.6,54,34.107946866161704,63.04777541765593
3,28,0.5475281034427222,0.7464964830719265,0.879119051079817,0.6720807410914118,0.41214015029226614,0.11421665570983505,0.3995340253653088,0.3768013572908162,0.5,0.3,0.6,60,37.39594889378591,74.88925587133382
3,29,0.511325293480766,0.7009628666364082,0.8432423976824901,0.6710369293016781,0.38282158723641735,0.11564595564591706,0.35317486379373225,0.3648935763326993,0.5,0.3,0.6,64,34.405639416538165,74.76795814077529
3,30,0.494914112012138,0.6669943708388124,0.8078261107488656,0.6647219500227524,0.3867877543086642,0.11671801943514967,0.38231196532931583,0.3477868738374554,0.5,0.3,0.6,65,38.07382006251292,68.48738869367466
3,31,0.5707735530061184,0.7667447800751812,0.888646309581163,0.7139658587027415,0.4233857670604144,0.11875156945543719,0.41113392418046574,0.3993905818993092,0.5,0.3,0.6,66,37.90998258068203,69.83113799520873
3,32,0.5562228569994692,0.7637862251090342,0.9811084757485495,0.9495388940138918,0.4524071286974082,0.1210013149308854,0.4462286453935663,0.4298575573849825,0.5,0.3,0.6,108,32.11176755124264,55.389362431809936
3,33,0.599331850741484,0.8069387610821682,1.0137344827392867,0.9809586410832273,0.4917779870446131,0.11471451575626804,0.46294075089121484,0.4896941743009825,0.5,0.3,0.6,110,32.74644358833482,67.62316130534596
3,34,0.5472173988317117,0.7942468085197225,1.0357851415255077,0.9591261363045844,0.4250053765798547,0.12475266839099211,0.44181914241207193,0.3775265540852609,0.5,0.3,0.6,113,41.90530616502498,62.9352821700691
3,35,0.5472626861584632,0.8010606539748178,1.053661103280797,0.9709701794744205,0.42157344713799755,0.12475266839099211,0.44181914241207193,0.3775265540852609,0.5,0.3,0.6,115,41.87349401890226,63.10634483892663
3,36,0.5471945288174379,0.8009485174449935,1.0535446608677073,0.9786888642129693,0.42337598593382464,0.12478257484956741,0.44175492405625577,0.3774869651962263,0.5,0.3,0.6,116,41.98636950146889,63.18069530394789
3,37,0.4906925163841869,0.7385743000894243,0.9906823214977134,0.9295604691312941,0.37158869736035127,0.1265419752867866,0.37360802115241176,0.3246765670773814,0.5,0.3,0.6,118,40.53565476121412,61.85964517652847
3,38,0.42729635848992437,0.6722121556248032,0.955649989504313,0.9213514323942179,0.3281940933459112,0.12273914883899273,0.2689109575370355,0.3059826604181961,0.5,0.3,0.6,122,37.733147007159616,62.70425363593348
3,39,0.42539033238231455,0.6691454825591299,0.9524940757625104,0.9317427555123663,0.3282557964118255,0.1215697265962407,0.26804460171027544,0.305673171253913,0.5,0.3,0.6,125,37.80561502159456,63.810109333968185
3,40,0.4494840348277356,0.6920735312953025,0.9647950067959086,0.9616218081474373,0.3446350041166142,0.12026948352575524,0.3536220434301337,0.2970223171373387,0.5,0.3,0.6,128,28.94567570627636,74.21208069718294
3,41,0.42815532137174755,0.6802261039693136,0.9747553537910036,0.9869737146142745,0.32807547914032426,0.12149460006697219,0.2687229647366086,0.3079902726778754,0.5,0.3,0.6,129,39.99246721234875,66.15918715133624
3,42,0.42481701523084775,0.6681539388605225,0.9514703317345892,0.9871889217411789,0.3271212024748734,0.11860743031650545,0.26819316349522887,0.3076383688603991,0.5,0.3,0.6,130,38.960227247403125,63.66551595775032
3,43,0.49560518889137484,0.7649930036969268,1.0608927793117946,1.0097104993265946,0.4003416122389516,0.12649140200042014,0.3877343019151392,0.333555794096939,0.5,0.3,0.6,131,42.52700399583246,64.8465747240759
3,44,0.520955782683058,0.7941468076467934,1.090356486719529,1.0450285242863637,0.40779898440454787,0.12414013624699467,0.39422135869027486,0.36908866442088206,0.5,0.3,0.6,132,44.2891346998965,65.12845821668823
3,45,0.4693888521463524,0.678064309474807,0.9060106583288755,0.8434926298760711,0.36981031274858434,0.11472102337441444,0.37887900942643177,0.33115360047470793,0.5,0.3,0.6,135,41.61900047647676,62.30604781363427
3,46,0.48966090792363964,0.7578824463127447,1.0536876054263742,1.0326076943928255,0.3763065377378244,0.12812011305627774,0.38966656207987,0.32296576768914453,0.5,0.3,0.6,136,42.80693470456504,62.64937376832379
3,47,0.45441703787132837,0.7016029844704605,0.9957558960349197,1.046760584186625,0.35843379001027076,0.10907059210972363,0.3508468042482127,0.3272008580208054,0.5,0.3,0.6,139,39.130158625758256,62.918421508524126
3,48,0.4301959396791938,0.6637168795694017,0.9674065499076163,1.0769613044171327,0.3469614021460061,0.11194707826963321,0.372324204207792,0.297475678563381,0.5,0.3,0.6,148,40.00777367981696,65.51405941204447
3,49,0.48105173654616523,0.7177304187800418,1.0216511186420802,1.111089725315393,0.4085560651002619,0.12598634700684372,0.342247783517701,0.3820530196220639,0.5,0.3,0.6,149,32.88722228896868,77.69958850988506
3,50,0.44418963427940855,0.6825142217613103,0.9971217753092433,1.115885033622597,0.3615154875413875,0.11692103613853669,0.3776786622869881,0.3160868296571684,0.5,0.3,0.6,153,41.12001162958344,66.42518878702427
3,51,0.6128546230400271,0.9279797176846185,1.290668154178562,1.3132957140564037,0.4929086613613854,0.12428827758936642,0.5067548672421112,0.4635165681156231,0.5,0.3,0.6,169,51.29116577712706,69.10935474665762
3,52,0.5200066504906555,0.7853771121128204,1.1125529844331956,1.286146613780349,0.4233906345049584,0.10381476963856148,0.37910391946267713,0.4291730389975464,0.5,0.3,0.6,174,37.36624399859323,67.17111777763998
3,53,0.5123501733295716,0.7751859711140825,1.1021694794997217,1.2516062844715723,0.425699985604448,0.10393328760263207,0.3766893060411566,0.4205883018279918,0.5,0.3,0.6,175,38.45821347864111,68.33801052320459
3,54,0.5032663614042736,0.765313447779163,1.0922373332814872,1.2530069643202297,0.41594305131931786,0.10683454200243536,0.3747182181479756,0.4049697925178818,0.5,0.3,0.6,177,39.784488454382576,65.51411180501543
3,55,0.5033878594163523,0.7580160598190384,1.0738299414797865,1.2574061980464828,0.4115888691135226,0.10305386789671597,0.3725124672640542,0.41025526619847763,0.5,0.3,0.6,179,40.103101650315786,65.06599461838688
3,56,0.503778764742755,0.7656767659942525,1.0925893205555963,1.2655095086293198,0.4094874053499077,0.10305386789671597,0.3725124672640542,0.41025526619847774,0.5,0.3,0.6,181,39.964385515025775,65.2161757709553
4,0,0.9708711461999764,0.9860376658221982,0.9854248416669971,0.1310144560236209,0.0,0.0,0.0,0.0,0.5,0.3,0.6,1,143.6389108025,178.9112512372827
4,1,0.8665257521373168,0.9512241206027265,0.9472941075094459,0.16314640975515765,0.11733639315588315,0.08130397128521084,9.075072583517e-05,0.00013338053041691,0.5,0.3,0.6,3,123.429728462743,156.89565237991098
4,2,0.3253411821391312,0.4990318586135256,0.48450092861284105,0.13553669809431004,1.0752924866643006,0.1033751854922443,0.02248067658143467,0.02810115157291295,0.5,0.3,0.6,4,75.57692174829786,86.30473086360044
4,3,0.2686720305685508,0.41459048488204303,0.3964920910698146,0.1274668162188138,0.1544881048383488,0.10313327892617138,0.01974934124767769,0.02439632520773388,0.5,0.3,0.6,6,64.45732513070816,77.16607343138276
4,4,0.16020952679952521,0.22916543244754412,0.20394505054440193,0.08375549597925423,0.377859481845878,0.09419446757687816,0.00241486687702284,0.00190919295534049,0.5,0.3,0.6,7,46.856635779098944,65.3413249165171
4,5,0.15182909793184168,0.2135264858204463,0.20881495066180564,0.08785309764203231,0.09353560201941134,0.10008104399435436,0.0043178055504121205,0.00857998504242319,0.5,0.3,0.6,9,37.91238949307096,52.87489433894875
4,6,0.13880579484850747,0.19423820889039867,0.1890558646238628,0.08861364161245036,0.058787970887899804,0.09225781564641952,0.00155219698775357,0.00220999913911815,0.5,0.3,0.6,11,41.497953684161736,56.20682289635453
4,7,0.14491482491662427,0.1983863410308572,0.19305765634092778,0.09907148808812398,0.06220832072955642,0.10395067933007034,0.00228351369131109,0.004577559010457611,0.5,0.3,0.6,12,39.536162204770015,52.123464859434506
4,8,0.16599248317925966,0.21129711669288764,0.20536739523328124,0.12534230555793616,0.10971283053639722,0.13729621502455888,0.00431413406439781,0.020107263791416342,0.5,0.3,0.6,13,43.40021868279114,54.27880969211166
4,9,0.16310689596848854,0.20568785260765246,0.19955993089833451,0.12891437604395797,0.08549315312434447,0.1337283263637444,0.00481011369864458,0.02101321457082865,0.5,0.3,0.6,15,46.09804069823306,54.134229736982256
4,10,0.16282229398966988,0.2048152304548954,0.19864481652212737,0.13155203922172487,0.08298267072621134,0.13508223396673585,0.00440230862462979,0.020254051838094332,0.5,0.3,0.6,16,45.38133207009149,53.96502533502876
4,11,0.14535690085469383,0.19365670381862946,0.19851378846364065,0.11624243995385503,0.06519689348728547,0.11515030296752922,0.00407519735020241,0.00836610142991996,0.5,0.3,0.6,17,46.44031834353574,53.77195188639755
4,12,0.16014885111837932,0.20616877300175634,0.21086122467044946,0.141352282303326,0.08769799996233041,0.13311180265227324,0.00451882147915091,0.020289004041107388,0.5,0.3,0.6,18,45.96304870574038,54.59419004696639
4,13,0.14406770801655253,0.19647196447694942,0.2121979520440968,0.12539565841496958,0.06533026181464092,0.11548670241321927,0.00408270452303568,0.00875033151776984,0.5,0.3,0.6,19,46.48572292493228,54.782361141056
4,14,0.14131391404698615,0.18405035326588515,0.18850658753339966,0.12264346346904346,0.07312777804913587,0.11560920763146679,0.00342701483685679,0.00751880873187843,0.5,0.3,0.6,20,44.08672438745664,54.18694590701852
4,15,0.14127551248429915,0.1906702204543375,0.20617984376615572,0.1304445429855767,0.06344459392423861,0.11560920763146679,0.00342701483685679,0.00751880873187843,0.5,0.3,0.6,22,44.10152056341572,54.20965517334586
4,16,0.1359919202411996,0.1752220098216888,0.19000983800254434,0.13381814490509997,0.0976598296312558,0.11275290208268911,0.00486886469422163,0.01082901298664227,0.5,0.3,0.6,23,39.614005950574,63.7553716463572
4,17,0.13497801236380044,0.17883193921647492,0.20453081349708943,0.14757497756051308,0.07134224658209821,0.11228218236728756,0.00520585864746494,0.01144819941932596,0.5,0.3,0.6,24,39.61629042366856,68.49701235285174
4,18,0.1342794970031267,0.17717146264211442,0.20280266942767913,0.14720099400758163,0.06599992813202675,0.11112247658313534,0.00549866936527724,0.01205739908034452,0.5,0.3,0.6,26,40.92867715904152,68.8965455496242
4,19,0.13269526980385604,0.17436086595316835,0.19990652279280394,0.15505218786103311,0.06754162041895485,0.10984732915532065,0.0056590980857568005,0.01160827247118678,0.5,0.3,0.6,27,42.53506388348437,63.61857100608237
4,20,0.13249875479884882,0.18054951134375435,0.21712947867721738,0.15547673488322875,0.0641234752883621,0.10984732972725483,0.00565909814414172,0.01160827280041747,0.5,0.3,0.6,29,42.18939576003693,62.63284920197625
4,21,0.12683103619765107,0.1745177017947261,0.21107236126396178,0.14039940162899256,0.05932069593235381,0.10096542756200252,0.00512422622212484,0.01019211880708178,0.5,0.3,0.6,30,40.072649447760014,62.51759309805293
4,22,0.13184404472277084,0.18484962345785158,0.23236458921339706,0.1639945594452703,0.0684529613905964,0.10973903763944229,0.00592151221160067,0.01220021188638279,0.5,0.3,0.6,31,41.5239894816114,64.82467108759879
4,23,0.15620588580707434,0.17852019915613399,0.19213640724203854,0.20651015955573218,0.11108557832031281,0.1104137450045383,0.02110245600155904,0.05465388535381791,0.5,0.3,0.6,33,52.50806435379453,50.77053219073565
4,24,0.15722844439898082,0.18511166004889082,0.20970693482075425,0.21704946894901553,0.0978024640835495,0.11313935429797281,0.02107784489789302,0.0551625147795214,0.5,0.3,0.6,35,52.58657195143794,52.06845990688571
4,25,0.15693111353345396,0.19102990700626907,0.22664870568141932,0.22614356160041127,0.09676323576895174,0.11363124482117759,0.020919270544532832,0.05479987580276905,0.5,0.3,0.6,37,51.52414299880995,52.04360395800958
4,26,0.17216092252783252,0.20515441096964096,0.24069760089140252,0.2662976556904798,0.11296786208384216,0.1306505091259717,0.02169939675439894,0.06662463486845746,0.5,0.3,0.6,40,54.100857782847584,54.60497772942368
4,27,0.13451589061671304,0.17695335204911086,0.23434141319747617,0.23031990125317167,0.07812494084678334,0.11979247216253597,0.01422888471941298,0.020290367026926152,0.5,0.3,0.6,47,52.5642224082565,50.646970129608185
4,28,0.13003997506453568,0.17869359975829066,0.24710531335724994,0.24515861245124315,0.07265742245623638,0.10986911287488428,0.011731738919089579,0.0228004117226941,0.5,0.3,0.6,50,50.88937431578729,51.291292800515215
4,29,0.1293282754162631,0.16366212323148743,0.20989894050333552,0.23485173426351885,0.07327010307916518,0.10966365463103792,0.01444418298966993,0.02121896237970733,0.5,0.3,0.6,52,51.9980064695949,50.7838148817003
4,30,0.13042397001331998,0.1708926640895351,0.22814760258988268,0.2427706331351964,0.07512117988662734,0.11307554250154492,0.01432735806614575,0.02078133852350742,0.5,0.3,0.6,53,52.36852048926032,50.74286248747385
4,31,0.1416809054181351,0.17833147687468445,0.23533035218486184,0.2812003671335358,0.09053442716688008,0.1100219752814919,0.0518685489302849,0.02669230203142909,0.5,0.3,0.6,56,58.03753400747066,51.50423779556886
4,32,0.1366167804473328,0.16950642048585396,0.23686617390385886,0.2854639525374708,0.10299333966235386,0.11202774131999771,0.04975998585122035,0.026617696057092733,0.5,0.3,0.6,58,57.597087823853805,53.27673821108968
4,33,0.1364703765040557,0.16916831868726848,0.2365156175230916,0.2886182189500585,0.08744681032016813,0.10737764584805971,0.051398496375121575,0.02959017850021035,0.5,0.3,0.6,59,53.65546603287214,52.66375178677984
4,34,0.13481891911337468,0.16654419349965632,0.2338273658747338,0.2904694119759519,0.08865818101813576,0.10662716551470568,0.051575156096004396,0.028187662567219753,0.5,0.3,0.6,60,54.884816395413054,52.54216765225094
4,35,0.13740823845438493,0.16751329198643217,0.23468980742545598,0.29347456543591083,0.0940165390576919,0.10393623546246308,0.055393321896318425,0.03418320918922198,0.5,0.3,0.6,61,56.75089720570891,52.87807552116907
4,36,0.1451293145202703,0.17151674683873963,0.23844970166804327,0.31513293967849343,0.10239970848228472,0.11646303583469693,0.05826857313749052,0.038230226613421944,0.5,0.3,0.6,64,57.70291795562564,51.504930551742085
4,37,0.20194561253065108,0.23604266261977636,0.3247177258650852,0.421348277416847,0.1603898179442524,0.11522961465097972,0.09138837081856246,0.12200925670502438,0.5,0.3,0.6,72,57.32284434683155,51.34811312875905
4,38,0.1505085730303713,0.17522441382832582,0.2526690199636549,0.35624184257906305,0.11602588603196697,0.09919577234761276,0.12183344953703339,0.036528936537784204,0.5,0.3,0.6,73,48.184370405575095,56.78048747908563
4,39,0.14276782117255418,0.16444648395695943,0.24169548378125338,0.35581366485761984,0.10627481877423514,0.09325455041405531,0.12471736150289714,0.029515058707295934,0.5,0.3,0.6,75,50.70246097541679,56.57454766329678
4,40,0.20233648574233865,0.2240599393092706,0.31193859541989105,0.43463841913806384,0.17098141307844167,0.11344465036424052,0.13394075452191925,0.11248512799732877,0.5,0.3,0.6,78,63.82001958487634,49.72303202907638
4,41,0.3071771484836306,0.3200644199070611,0.39675056691230937,0.5600638289896217,0.27227280862541886,0.0966648373074949,0.22922603577696754,0.2551579279306133,0.5,0.3,0.6,81,78.73927926422115,55.33352982677686
4,42,0.31169215191003896,0.3202511376698799,0.4072957738952995,0.5735925376750116,0.2957225937823347,0.09681420049174992,0.2288898680912394,0.27085328917042745,0.5,0.3,0.6,83,75.00753543003438,56.078785717310666
4,43,0.31147081467753457,0.3262349365886462,0.42430480130508463,0.5850031372144603,0.2803298970883486,0.09681420049174992,0.2288898680912394,0.27085328917042745,0.5,0.3,0.6,85,74.80340575017007,56.10368850832431
4,44,0.30993510505980104,0.3300961621854134,0.4391408390143482,0.5918037696419749,0.28055101597416476,0.09429767425990591,0.2278223874151489,0.27187843487559693,0.5,0.3,0.6,87,73.99607539338524,55.5778104828608
4,45,0.3062299310645408,0.323208443400377,0.43205382153231087,0.6025070738486583,0.27932831439567846,0.09397654382530199,0.22581253963556938,0.2692306420719096,0.5,0.3,0.6,90,74.45129474655005,55.04338838375084
4,46,0.3089601547388285,0.3253480651994991,0.4341569021785313,0.5925416451962985,0.28010379072191527,0.09518889393789567,0.22647031524912098,0.27285902257065164,0.5,0.3,0.6,92,73.8317713061703,55.84032348950512
4,47,0.30836321271745826,0.3306641032770876,0.45047962719024537,0.5998888518831806,0.28131435852541997,0.09512468707846802,0.2272280508900823,0.2721052543922425,0.5,0.3,0.6,93,74.30704201941492,56.14646963415127
4,48,0.2438204585115836,0.24339447094715563,0.3298771148678755,0.541012250111092,0.21924164205461275,0.1050389332871561,0.23779653097737982,0.15279054553076557,0.5,0.3,0.6,95,64.39153823247013,44.97888191601278
4,49,0.2625127328263318,0.258800828757873,0.34507954218800757,0.5502480850033765,0.24498010275933896,0.10325489192339961,0.24295380589922058,0.1851182570564098,0.5,0.3,0.6,96,59.1051167339707,46.08792812087141
4,50,0.23171585623719262,0.22161184017895663,0.3074956887099969,0.5340180216310243,0.21347011060019785,0.1141822406344046,0.2355804358317327,0.13271186825511636,0.5,0.3,0.6,99,59.29719498622192,45.29958144726649
4,51,0.23140891927591561,0.22110884155727667,0.3069806843925076,0.5370994769534961,0.20772162495582153,0.11467744066555316,0.23564788472104362,0.13188543511547327,0.5,0.3,0.6,100,59.04896625890132,44.78351949680519
4,52,0.23220261456354296,0.22803058903366297,0.3249235229315788,0.567117550211701,0.2086164221653357,0.11563364516756236,0.23586967887822324,0.13269712907619569,0.5,0.3,0.6,104,59.77468180634378,45.04266616712886
4,53,0.1835331808443701,0.25143283689162405,0.46984701656693095,0.7354985658390787,0.16039575604097678,0.12843001916898772,0.12147571772625772,0.09934050235385115,0.5,0.3,0.6,143,61.79779692433509,48.129863654663644
4,54,0.18468298583532033,0.25845965530946313,0.4878792794767993,0.7499978206811524,0.16294011378903966,0.12788738632602287,0.11921282234492517,0.10339932658385236,0.5,0.3,0.6,145,62.49851504770633,47.90172533930808
4,55,0.30826406119992944,0.39115527161872726,0.6424257278296276,0.9368381003026722,0.2931435274031296,0.09844703283952476,0.1483125480967527,0.3221942795947631,0.5,0.3,0.6,147,59.75372566092906,49.87973853079598
4,56,0.3041239751421677,0.39189150545734897,0.6541073113849177,0.9407181305827126,0.28620763715542824,0.09903108805157249,0.14436990257600288,0.31797658854541344,0.5,0.3,0.6,149,60.581231258889645,49.36336705214219
4,57,0.1991577311909572,0.2801723845372234,0.5313285070052003,0.8106404804439965,0.17884877664043308,0.12554484226574802,0.149467271395078,0.118412038538945,0.5,0.3,0.6,159,62.429695743375895,51.054875962870376
4,58,0.30843937115559483,0.4011145127247078,0.6742774860564813,1.0031923715086057,0.2894309650485788,0.10252153997841469,0.1479747730205982,0.32162779473378045,0.5,0.3,0.6,163,60.46365946237935,49.56338290246122
4,59,0.3083102929914515,0.4006796577958884,0.6738242368771101,1.0207678982985076,0.28890533048997735,0.10249277499785373,0.14787693061002632,0.3216823293116738,0.5,0.3,0.6,166,60.41457181961989,49.593471409511
4,60,0.30700261283369495,0.41743903784994835,0.7236292761651355,1.0335505954098552,0.29398498290633285,0.0983632227525742,0.14514264152718992,0.32565167510588383,0.5,0.3,0.6,167,58.295543619909495,51.94008880216905
4,61,0.3036997206917465,0.41977187835480556,0.7369540097883188,1.0382531404942532,0.28825500604400567,0.10005753630779472,0.144368496906944,0.319810812836841,0.5,0.3,0.6,168,58.43999305868197,52.40751135003241
4,62,0.2842654819379153,0.3928284618349826,0.6989049896509558,1.0323491261017728,0.2668296948214722,0.0990108491622494,0.14408805371115924,0.2889345601398515,0.5,0.3,0.6,171,58.35937748637777,52.55644049389743
4,63,0.30359387383899633,0.4175578193153786,0.7346119931738712,1.0619852903702447,0.2896063141969287,0.09969673203408956,0.14591672369776335,0.3204963861848259,0.5,0.3,0.6,172,59.14865313939642,52.590998498922495
5,0,0.9012427504561077,0.9511047636428134,0.9489585390052074,0.12537361425178098,0.0,0.0,0.0,0.0,0.5,0.3,0.6,1,186.34772561640003,183.19109987726964
5,1,0.8083525333707596,0.9185078041623107,0.9130477745681754,0.15965669763897739,0.11939507852945372,0.08554304650666888,8.949920771536e-05,0.00016520401931779,0.5,0.3,0.6,3,161.20601175816984,164.38919571059404
5,2,0.20321883126534487,0.30049565074606865,0.27762706948955557,0.08392307204059843,0.7240841174572997,0.10921003816084915,0.008602102761149779,0.015878374647139572,0.5,0.3,0.6,5,32.70614249713391,64.92990354747663
5,3,0.1863048270889384,0.27223976664844446,0.24840026183306477,0.08237680933030403,0.08301075477838424,0.10894471947591447,0.00434584492619706,0.00800400303616006,0.5,0.3,0.6,7,34.01577744116163,66.86628375183531
5,4,0.1828831960751708,0.26426301852295153,0.24005219487276305,0.08263344240712038,0.07777296678410728,0.109455515550045,0.00452314903914813,0.00829168162217457,0.5,0.3,0.6,8,32.72102583393661,60.58434783712496
5,5,0.18795712708929022,0.26576602798997395,0.25177473459696303,0.09437378582569858,0.11360399027640912,0.1092866492181493,0.01282976256941958,0.02740609384314401,0.5,0.3,0.6,9,24.48650388242532,56.37233338702971
5,6,0.17480361775956846,0.2454124297039106,0.2203247277959745,0.0850449229695762,0.06399299905090645,0.10911214505237743,0.0054453274901547,0.00999390436272734,0.5,0.3,0.6,10,28.62607441587346,58.80485931617656
5,7,0.16861976614033886,0.2345562701776646,0.2196272429479061,0.0891477709003221,0.1065688814513131,0.10977607929689433,0.00645971219045288,0.013767956021633559,0.5,0.3,0.6,11,25.4427658587063,58.26772109926477
5,8,0.16974580251150279,0.24011539587802255,0.2360667790569554,0.09677609605292424,0.0720538687163017,0.11583706440039201,0.00638360733720478,0.0135499430018827,0.5,0.3,0.6,13,25.44399792941384,55.10746626487576
5,9,0.1694003388260529,0.23935097364487368,0.2352704266470522,0.10057580793788631,0.06942986882925387,0.11583714492222992,0.00635142093738233,0.013520529417422081,0.5,0.3,0.6,14,25.63421504347442,55.71478719575807
5,10,0.1690988407056179,0.24566046699294206,0.25262896085897935,0.10973571487657333,0.06784563437630216,0.11542150638720713,0.0063364627056006805,0.01350882200133777,0.5,0.3,0.6,17,25.652542562223893,55.95558012457387
5,11,0.16278688770025185,0.2308088986721516,0.22657923340982766,0.12609835320150528,0.06386405809699562,0.10785244987155371,0.00518947204115122,0.01216538817579798,0.5,0.3,0.6,23,25.33553447857339,60.19474110442057
5,12,0.16303749108866084,0.22592718738274392,0.2213058936952178,0.1365445508208332,0.07586532160875621,0.1091148583932916,0.00540308880216047,0.01774615534117058,0.5,0.3,0.6,25,27.83998195862141,70.40590509585108
5,13,0.15765986463561982,0.2242254237310564,0.2304318368836718,0.14886633236837035,0.06630450389036258,0.10879612094803692,0.00560723793200776,0.01261349380270663,0.5,0.3,0.6,29,26.713348565969465,66.96389839248037
5,14,0.15588823382906683,0.2146697728137691,0.20973835516985273,0.15312681225837815,0.0663394017974272,0.10950713414559232,0.00473932284327365,0.0107710159592115,0.5,0.3,0.6,30,27.02923470023806,64.22707243757124
5,15,0.1566698008825367,0.22679598086537006,0.24382296104483972,0.15481458829917535,0.0721525779098488,0.10902342452778475,0.00631187950508527,0.01416299457853113,0.5,0.3,0.6,31,24.94606114938269,65.87006282320331
5,16,0.15454577044267417,0.2106626357873731,0.20553154355094677,0.15850111793250324,0.06515128085776935,0.1118943371500096,0.00479401047311529,0.00965890313524226,0.5,0.3,0.6,32,27.25333070938185,63.7770654212216
5,17,0.15542843504207346,0.21120325801422124,0.20604668541331414,0.1650952617165889,0.06489294888138676,0.11135299763649338,0.0057517669412643305,0.011502069540388491,0.5,0.3,0.6,34,24.85431319107727,62.87638012571841
5,18,0.15539337810440706,0.20836521704650068,0.2030000603505281,0.16346012259757647,0.07585261659542579,0.10839928045003547,0.00569879858763233,0.01718240440612276,0.5,0.3,0.6,35,26.729972006376777,77.86873433677387
5,19,0.15539337830841696,0.21508432892951496,0.22077642285253152,0.181112918500986,0.06621878787225538,0.10839928045003547,0.00569879858763234,0.01718240440612276,0.5,0.3,0.6,37,26.729969494241708,77.8686942504996
5,20,0.1536421652818704,0.21220132188027013,0.21780970064816188,0.18277059442456503,0.06911980886053803,0.1068878403875736,0.0056457444898916605,0.01684857896391511,0.5,0.3,0.6,38,26.14042771609264,75.70682739548512
5,21,0.15179805065640192,0.22344800732408657,0.25114594156950426,0.19898446974323195,0.06393742157896011,0.10889941281765678,0.0051879440620612996,0.01272464781293962,0.5,0.3,0.6,42,26.156934477082142,73.46847512079525
5,22,0.15196638037495455,0.22327832831422914,0.25095119634253205,0.21370267292575043,0.06462484834620205,0.10939831796839342,0.0057507381190042,0.012697160138782148,0.5,0.3,0.6,44,26.919594746759024,52.81261344134381
5,23,0.18678780072091355,0.25529092869353165,0.28275650876822445,0.2496752821232644,0.10556499931236715,0.12210478937135631,0.02574901440447183,0.05333041224456041,0.5,0.3,0.6,46,30.248884384820023,77.64324124398034
5,24,0.17794032902720164,0.22636661263442454,0.24180686386346212,0.2619578406082327,0.12295567549560799,0.12388710654218442,0.02467107014651965,0.052126399326877695,0.5,0.3,0.6,48,29.32194277500257,76.13537916597348
5,25,0.17726822442540074,0.22443595872727062,0.2397865282831339,0.26460706925993027,0.10212081606009529,0.123880319985786,0.02458752118836684,0.052369147015898586,0.5,0.3,0.6,51,29.696994325553327,79.42930413467715
5,26,0.1772816882466591,0.23114140150390314,0.2575471606883381,0.2751477012264719,0.10081230692874227,0.1239389238338997,0.02458674436533867,0.05237105190779695,0.5,0.3,0.6,53,29.74472360059892,79.53311403919986
5,27,0.17734717806557104,0.23120198557507182,0.25760747056162697,0.2827036175434426,0.10085156477290216,0.12423871129584049,0.0246514091891642,0.05220285662759726,0.5,0.3,0.6,54,29.56308102627285,77.94095231683666
5,28,0.16220445646148066,0.21381790003852064,0.2400641433213668,0.2618141432190473,0.09445501958133742,0.1136506176226985,0.01916024002256759,0.04085729265402146,0.5,0.3,0.6,55,26.62875267049423,75.64856583811945
5,29,0.19038356781761923,0.2522966057835491,0.30043554843393333,0.32472978294571364,0.11804905706627529,0.11948288724465159,0.02492521575878107,0.08329100905267349,0.5,0.3,0.6,67,27.2883693905342,76.44201881678555
5,30,0.17609786204508315,0.2374265885281202,0.2855243676472774,0.3196725536855928,0.1038982721382566,0.11725462342331124,0.02223199824496651,0.0632773902899886,0.5,0.3,0.6,70,29.444987810563383,79.04893961407886
5,31,0.17094802876554308,0.2171457518382643,0.2535965785550571,0.3203766117252461,0.13033189951775404,0.11736019147829899,0.02216058535599668,0.06299263165445855,0.5,0.3,0.6,71,28.915490091902853,75.0439354154655
5,32,0.27716707488642484,0.3309743934378919,0.3891375822305687,0.4854717781606061,0.21393660186261534,0.09393028957069825,0.07331965856548849,0.23955901762391543,0.5,0.3,0.6,86,28.40950392235817,63.88742030415983
5,33,0.2591256724629026,0.31802733643073516,0.387136536435647,0.46831955815561294,0.19815247341137648,0.10058894294584309,0.06923761678687017,0.20751466768156682,0.5,0.3,0.6,88,28.713511645538084,59.58735080192925
5,34,0.2829634933480527,0.37485951366063164,0.499215702387817,0.6429706591595584,0.21979500802668767,0.09844602072217155,0.08869962617467012,0.2398630341687374,0.5,0.3,0.6,131,31.118141351988243,69.0245434123321
5,35,0.3104872621951456,0.40097676030869844,0.5252363309446759,0.6740023575727354,0.25251026490964656,0.10703461554434228,0.0933572167811254,0.2775639311564232,0.5,0.3,0.6,132,30.73116038154033,62.96055674229186
5,36,0.2285204048444761,0.39727235794977445,0.6540620524907599,0.7616435319447306,0.1678774152657907,0.10704811151087641,0.03366754022091685,0.1729777747856049,0.5,0.3,0.6,148,25.9863643559294,65.46523012858512
5,37,0.3173547390118162,0.39433233348959595,0.5070722478026632,0.8612409864171197,0.2591300343432592,0.09672485987229998,0.09365242603318805,0.30368223990286086,0.5,0.3,0.6,178,29.64808689822825,57.1335069004953
6,0,0.9163269932781283,0.958868815533025,0.9570632528905705,0.12662735084115112,0.0,0.0,0.0,0.0,0.5,0.3,0.6,1,176.62033636,179.88044940347817
6,1,0.8213428389344466,0.9266356134868964,0.921486827445031,0.16183853853246682,0.12111441584039093,0.08763493329307899,8.997895661543999e-05,0.00015030013958029,0.5,0.3,0.6,3,152.7548466959108,159.35504243560266
6,2,0.24020350969240586,0.37811967127661683,0.3586763776862661,0.09622159204347985,0.6595428026879848,0.11174337263063092,0.0080095987246374,0.01337917054806656,0.5,0.3,0.6,5,46.257364245667546,54.54252245624422
6,3,0.19174844794585907,0.2688296272191215,0.24426575613845916,0.0881170639946189,0.1839178788783259,0.1125710176848664,0.01335009373464369,0.02229989129905608,0.5,0.3,0.6,7,33.47477527450502,56.257291593671255
6,4,0.18177267293188396,0.25951910285098023,0.24552258498452448,0.09783278206822207,0.0801176371757433,0.11209372880444606,0.00979745321986134,0.016365588598342938,0.5,0.3,0.6,9,34.248423983299865,55.7669373073157
6,5,0.18098556353893863,0.2573592190365032,0.24325321030397162,0.10164248743392676,0.0742233697487817,0.11213503116575704,0.0100460666172849,0.01678087045690009,0.5,0.3,0.6,10,33.36744252990606,57.73099905510584
6,6,0.1696430963969387,0.23274604407430297,0.20706285206628502,0.08440885281230605,0.08703948452226128,0.1107517217350791,0.00592936878242973,0.00987530897167864,0.5,0.3,0.6,11,28.001457822000496,58.60152969168517
6,7,0.17078796874713956,0.23575038058147696,0.22074599930338806,0.10718383950648178,0.07383933873936906,0.11085479099123807,0.00879317973445358,0.01656421940463014,0.5,0.3,0.6,14,30.47891432728077,54.668219452920845
6,8,0.16320046846964031,0.2271655987828202,0.2120835648641933,0.11153405650367008,0.06238189794496357,0.1097756399440573,0.00440675098748464,0.00829089706442519,0.5,0.3,0.6,17,27.815975477368976,54.772821227150494
6,9,0.16305942595496647,0.23350171512421156,0.22945868892568663,0.11690046996060773,0.06209030380284781,0.10985492529565892,0.0044092067860956605,0.00829543217498513,0.5,0.3,0.6,18,28.778510699594825,54.61530762046308
6,10,0.16671083344120147,0.22710493106067423,0.2117483631976105,0.10502159665937173,0.07328675838633895,0.10949597605949075,0.00792327463857902,0.0170968880925941,0.5,0.3,0.6,20,27.4819051461424,54.74229551591229
6,11,0.16020943314920807,0.21856090137784143,0.20304786634064412,0.12463858697941933,0.06600367557008324,0.1096442068714231,0.005571745809492179,0.0098405199170016,0.5,0.3,0.6,22,27.520688936186275,55.51654495061982
6,12,0.16480265439717529,0.22652602977677633,0.23236835420331908,0.1365316559938265,0.09180275057595055,0.11237592093582456,0.02089973164737071,0.019628951769382088,0.5,0.3,0.6,24,30.039047754562624,57.66532926607629
6,13,0.16266111093013175,0.22798394254191967,0.2446534311139323,0.1516996905731275,0.07953963753260122,0.11237592093582456,0.02089973164737071,0.01962895176938197,0.5,0.3,0.6,26,29.97482395254504,56.00150490660925
6,14,0.15923716147374983,0.22415831884995538,0.24079787147832526,0.1537976941325828,0.07245813708875964,0.1111760976063196,0.01851118856205564,0.01657550072343801,0.5,0.3,0.6,27,29.91730339402165,55.79902174985175
6,15,0.16182267939108455,0.23327163824248298,0.26095495521767625,0.151106048652121,0.07445560710076217,0.11233403229762322,0.020582933948876312,0.0191019202285975,0.5,0.3,0.6,28,30.04112325355328,56.15184121066952
6,16,0.19642014849028636,0.2529161095616955,0.2583719112355863,0.16918996291237137,0.1145984210793782,0.11190641600286493,0.02764554252527132,0.07531105290496733,0.5,0.3,0.6,29,32.368515640509806,59.16419435790573
6,17,1.191580055506817,1.2565317978803905,1.2837342766492528,1.1946478746293616,1.1252872018894782,1.0,0.02671045908259225,1.0,0.5,0.3,0.6,30,30.51126236778228,8188.119508931851
6,18,0.17541101438063073,0.22624857916401594,0.2312899888331186,0.16125128506392036,0.09407406445808611,0.10074087286222719,0.02332077886079294,0.05807188645988065,0.5,0.3,0.6,31,31.33202022594721,50.21544081115301
6,19,0.19309625285940218,0.24917786915247336,0.26516996611149396,0.2200306680077663,0.11581418698276852,0.12014589692353764,0.03470743362751163,0.06729698249452179,0.5,0.3,0.6,32,39.77190670228894,65.59437007178816
6,20,0.1911298042256886,0.25324514783838836,0.2802446908794077,0.2124526775251882,0.111641190557434,0.12069765400183341,0.03323509722249704,0.0650421510475846,0.5,0.3,0.6,33,37.31741432938869,63.0616164148333
6,21,0.1901279541857177,0.25076113892622565,0.27765359543632423,0.22076574488132575,0.11425892939452315,0.12044931848296529,0.03327631727866847,0.06516283623519051,0.5,0.3,0.6,34,37.19777939383063,62.817212650555874
6,22,0.18839478135945767,0.25520021901222956,0.2931107756022391,0.22525782838611177,0.10975061721459994,0.1204587991210837,0.03558783114440942,0.06169975750356114,0.5,0.3,0.6,35,36.891954501136645,60.563228905492174
6,23,0.16296994971581968,0.2198999795777406,0.24652569205007835,0.2040251575255531,0.09501207966803839,0.11869372389257749,0.01706389851707961,0.03342527074999086,0.5,0.3,0.6,36,34.24774016622528,66.13851761133334
6,24,0.16211209333715487,0.21515003500049942,0.24149748454634287,0.20459252098992972,0.09896073251499041,0.12024316942595129,0.01885786649644803,0.03388747051157653,0.5,0.3,0.6,37,31.73429630303167,63.80390543317953
6,25,0.16190197430822317,0.22132104550218756,0.25870220344673917,0.2196933824460934,0.08666639429746516,0.12024316942595133,0.01885786649644814,0.03388747051157655,0.5,0.3,0.6,39,31.989637040519632,63.18036682087435
6,26,0.1607654432707224,0.21843052208290184,0.255686659735849,0.22216119737406154,0.09181726784445245,0.12021419808765099,0.01882143125343201,0.033845894721585,0.5,0.3,0.6,40,32.368654150170194,62.11435077905851
6,27,0.18511363352226928,0.23575423864677564,0.2619310984446634,0.2585375764823653,0.11110479867674884,0.095006509183431,0.10462986369429417,0.052845480532384345,0.5,0.3,0.6,42,34.41891660980978,73.87968535731589
6,28,0.1844146637315205,0.24063240245588505,0.27778631760335115,0.2679374725222491,0.11246124700642769,0.09500650918343102,0.10462986369429406,0.05284548053238437,0.5,0.3,0.6,44,34.48070927877265,72.34466430643927
6,29,0.15458812370521657,0.20898881223266144,0.2460141083095392,0.23908766976446624,0.08782189082891757,0.11272237017212079,0.01772433650378136,0.033673531655766,0.5,0.3,0.6,45,32.611422952474605,64.73901966403174
6,30,0.1559007325952106,0.21660449594037456,0.2646582222431567,0.2530857592092117,0.08479145085186285,0.11416038158526254,0.01960906091506969,0.03413814776689851,0.5,0.3,0.6,46,34.204081206463684,68.71305222814972
6,31,0.15514517261948207,0.21430261167029682,0.2622477234000033,0.2595168453465928,0.08864454043200021,0.11354811127273409,0.019424147396065163,0.035035792341359014,0.5,0.3,0.6,47,33.807456224340726,67.44349419910176
6,32,0.20309282547153368,0.27002878486393755,0.33969270278071323,0.33571282665742913,0.1379878224847462,0.09538217094704235,0.1309223438190575,0.07994572764953056,0.5,0.3,0.6,53,32.51952806820124,68.09883573320562
6,33,0.2030928236416885,0.27674789674695194,0.3574697666859087,0.36252030373033484,0.13493529760978065,0.09538217094704238,0.13092234381905754,0.07994572764953066,0.5,0.3,0.6,55,32.51952803848699,68.09883448835379
6,34,0.19878295981218352,0.2668351312578998,0.3471692457485181,0.34659256762463203,0.1517240506754181,0.09173110067509403,0.1321146127772009,0.08058943826160368,0.5,0.3,0.6,56,31.920668809719093,67.23293525763108
6,35,0.20837244267582894,0.28057343216145086,0.37178813930742594,0.39433663658417994,0.1465322873017542,0.09532690751528991,0.14533389543082179,0.08939394304978249,0.5,0.3,0.6,61,34.5511339975439,66.83551012348853
6,36,0.1992144554348545,0.270639842847865,0.3618013614752983,0.41263370442932445,0.13699610517643632,0.08870498005549692,0.1428890996764392,0.08159770068235199,0.5,0.3,0.6,64,32.70643082549446,72.69220623939938
6,37,0.20711344711808838,0.2918678597378978,0.405137172696423,0.43148013018879355,0.1442240923624088,0.0937797614271892,0.1451504904680315,0.08950500501537337,0.5,0.3,0.6,68,34.30623879555858,67.40632624516306
6,38,0.2079158908250949,0.281532149244868,0.3834423453814136,0.4370773891957351,0.16132967651329563,0.0987846149860092,0.1406160215690494,0.09303143141174564,0.5,0.3,0.6,69,35.275796822350706,75.5004663624023
6,39,0.2104062508328018,0.2888346769472824,0.4016731246913993,0.46507765438056187,0.1569166752666345,0.0973258946938653,0.14858359767857202,0.0961554608163176,0.5,0.3,0.6,70,34.43650186392266,76.4626326739459
6,40,0.2089418004383067,0.29300605460973106,0.41682809211005895,0.4927607891213283,0.1511837836453023,0.09845365561375352,0.14893629903590005,0.09357938730497503,0.5,0.3,0.6,73,35.25635540695394,75.61095787715887
6,41,0.2079737612131773,0.290955516861744,0.4147042653494802,0.4956430496521995,0.15136300842955233,0.09856298032543101,0.1498575203487897,0.09239060166470656,0.5,0.3,0.6,75,34.69593027565766,76.69304802312399
6,42,0.14704057925932612,0.2423350544536407,0.38812335048665736,0.5229380914437292,0.08948127171593974,0.10082335559390568,0.05211836030053082,0.03883182689204803,0.5,0.3,0.6,101,32.042186211521454,66.0438005036701
6,43,0.17001250436236845,0.2774785153575152,0.44529662518384744,0.564423358855848,0.1134898325180935,0.09753622637943844,0.09915363431753303,0.05747139961706773,0.5,0.3,0.6,109,36.850372330954045,70.98195904526608
6,44,0.1719643053351414,0.29233588961754253,0.4822333110255317,0.5953831465629581,0.11565163900258427,0.09945669206508072,0.09784006448092984,0.06025766183754679,0.5,0.3,0.6,113,35.25541570676596,72.6910598051693
6,45,0.1622274166634829,0.28029290492506226,0.4700354523026104,0.600756888410107,0.11028994642743903,0.10063119873605204,0.09050864464208916,0.04875212959098743,0.5,0.3,0.6,115,35.76841051793404,70.25997069859163
6,46,0.17069453198595394,0.2814819152876725,0.4601295610438618,0.603739032883134,0.11634588331156034,0.09452004324560048,0.09733591410545316,0.06503438226882434,0.5,0.3,0.6,117,36.6533815077046,71.15881826532154
6,47,0.15103843007319268,0.272913572849345,0.47351942278007675,0.6106953681144761,0.09778284653508865,0.10119812324836679,0.047139807712310786,0.053859477204430295,0.5,0.3,0.6,127,35.49372319871151,72.55043852799716
6,48,0.15099409095339192,0.27279494772218843,0.47339559432806516,0.6133196101793469,0.09727983412016494,0.10125224172145145,0.047139793187694554,0.053804982382278835,0.5,0.3,0.6,128,35.4859686624999,72.58097085616026
6,49,0.26526125851603527,0.367686370532457,0.5457769306377167,0.547184254799806,0.21741862381144544,0.10708393977461714,0.20993479196254494,0.16309081804492845,0.5,0.3,0.6,134,23.530147214979387,60.87185460790994
6,50,0.2642416631701161,0.3646411578074003,0.5425978206692692,0.5466879022824817,0.2205293827254633,0.10708393977461714,0.20993479196254494,0.16309081804492845,0.5,0.3,0.6,135,22.548938218924505,62.50198772261458
6,51,0.30661859797760926,0.43889530968768486,0.672026807302615,0.6376713220508773,0.25819719002428876,0.1012168305303213,0.22978119398654379,0.2301221406945492,0.5,0.3,0.6,144,25.91394764735128,76.53588533774914
6,52,0.3063621753999728,0.43155450822869945,0.6536045978512939,0.6262503438943602,0.2586504604729025,0.10129552477733476,0.23036453826354922,0.22964121777068458,0.5,0.3,0.6,145,25.87792850505673,76.49298378995746
6,53,0.29367329826707694,0.4273388549167885,0.6711788730056777,0.6447036940345898,0.2548212672667683,0.1094567848804944,0.2590244423285068,0.19144961329456509,0.5,0.3,0.6,147,26.73395896101381,71.2744444838107
6,54,0.3059084972263654,0.42123995400391867,0.6426455138384015,0.6432317885291479,0.2766339109342752,0.10050196283642832,0.25071704751531665,0.2274068135017194,0.5,0.3,0.6,148,24.10246555206833,73.36474038186289
6,55,0.3088904136912422,0.437124092732321,0.6806100723421629,0.7031216862437126,0.26534953271910516,0.10813953358169603,0.2580744170551802,0.22276088171358177,0.5,0.3,0.6,156,24.816037881254093,66.0840246363373
6,56,0.3029233998662635,0.4300719572971239,0.6841117216442012,0.7065612584001162,0.2861105942865254,0.10768488347537468,0.2572947442797388,0.21970501539333762,0.5,0.3,0.6,157,23.929432395008263,67.18834501730976
6,57,0.3047632748899017,0.4307556266476288,0.6847214518887254,0.7086622273521622,0.2686543921783817,0.10851065780957211,0.25787606666875196,0.22268305887765522,0.5,0.3,0.6,158,23.548741220762547,66.84247131761902
6,58,0.3032130294658072,0.42899864185480435,0.6829508758145727,0.7071585136162526,0.26407887447475115,0.10844215779557284,0.25749800600646067,0.22050426482432886,0.5,0.3,0.6,160,23.62027155651448,66.9374479003558
6,59,0.3134681429109555,0.4387316584934826,0.6926508809324748,0.7289118099379923,0.27465471466407576,0.10874067070670193,0.2567521972900413,0.2381207356529424,0.5,0.3,0.6,164,23.57889301501748,67.1429096974793
6,60,0.31131896368039425,0.43036711161601054,0.6838893835040498,0.7243318302203466,0.2795203700032224,0.11069756229231682,0.26710470401248865,0.23243553415248347,0.5,0.3,0.6,168,26.30504879023376,68.95107591583246
7,0,0.9263140894606985,0.9639479293435189,0.9623655103216742,0.12744749781448822,0.0,0.0,0.0,0.0,0.5,0.3,0.6,1,171.11809789210002,171.58320315296962
7,1,0.8276158277109518,0.9298117022326965,0.9248561295688884,0.16132547098664868,0.12057946528086266,0.08516631164146964,9.152048810522e-05,0.00016757078620902,0.5,0.3,0.6,3,148.82718497271293,151.49059727675436
7,2,0.36453507164826604,0.550607951587881,0.5381873340166998,0.14891771149333755,0.9340404646728976,0.1042102812169348,0.0225896234668761,0.03318928371739867,0.5,0.3,0.6,4,57.54567482574957,84.945918893667
7,3,0.20133909690621454,0.30520049081743167,0.272425160644578,0.08576542217475573,0.48325678616564965,0.09328530227199741,0.00472239417052827,0.006419402792457581,0.5,0.3,0.6,5,37.746012173927554,62.24037451593719
7,4,0.184838451251334,0.2782206465408245,0.25502345512615343,0.08625030542587292,0.0850301979684732,0.09328982487446533,0.00473526222058366,0.0064391890326527205,0.5,0.3,0.6,7,40.12011036832864,66.71954968980329
7,5,0.18317824216901257,0.2750181572792211,0.251688381865882,0.09009371520833206,0.05786667248487892,0.09324293342023729,0.00460441109167201,0.00623816078176811,0.5,0.3,0.6,8,41.10452426156574,67.10810544488413
7,6,0.1809477816587703,0.26833051485404374,0.24462193174678049,0.10402441456602994,0.07117913777083068,0.10197826710404685,0.00241384303741841,0.0032936255512786296,0.5,0.3,0.6,9,35.88215987299867,69.17362338533852
7,7,0.18479239437770356,0.2719799219246912,0.25875107539419884,0.10993640855488687,0.09047528080530354,0.10135032251875449,0.01188088440841999,0.01589674061320695,0.5,0.3,0.6,10,37.30810721880056,60.103171097375885
7,8,0.18526177454426268,0.2706236992283487,0.257239903819467,0.12067745070637147,0.07337256406561296,0.10453663845947372,0.01126288789864799,0.01717848626686829,0.5,0.3,0.6,11,40.06831174060128,57.30931163010185
7,9,0.166026771243145,0.2321936064444521,0.19623168684548573,0.09538958657740433,0.07259466274690947,0.09687888951226836,0.00256757960924259,0.0038328234350611203,0.5,0.3,0.6,12,34.74863626960591,56.65733571672065
7,10,0.16209367726364252,0.23002865133636527,0.20472750130792675,0.09647015446361128,0.06998651880988938,0.09747628418927026,0.00261901864047808,0.0035665700214832204,0.5,0.3,0.6,13,35.42452829564443,54.65254066494333
7,11,0.16127993355604495,0.22853447232366744,0.20317924038041912,0.09838869289961862,0.05388367427222884,0.09631604011030438,0.00248876228141487,0.00415741312371629,0.5,0.3,0.6,14,35.23610726075744,54.80013866047756
7,12,0.1612309001347304,0.23481618259383039,0.2204880310356733,0.10332385159127369,0.053086365029230205,0.09747628418927026,0.00261901864047808,0.0035665700214832204,0.5,0.3,0.6,15,34.10725041953526,53.97628724708815
7,13,0.17495624890534128,0.23329175390305984,0.19670461901247985,0.12273438492412406,0.06905997897979665,0.10626942152828849,0.01060433243198961,0.01755253821026102,0.5,0.3,0.6,18,36.46493104472309,55.007108561695134
7,14,0.16641197184329873,0.22270785887268216,0.18596010393213439,0.11440767994218769,0.06733744602849542,0.09890101618506816,0.00931463231432657,0.01279543489001643,0.5,0.3,0.6,19,34.03557801984381,56.74758355109719
7,15,0.16273953184794487,0.21647801592542826,0.17953017005676764,0.12324672645156212,0.06752177702862242,0.10323699693870378,0.00522281058544406,0.00845234979054549,0.5,0.3,0.6,20,37.22535276547656,55.11337934918468
7,16,0.15979676003787444,0.21184278499555745,0.17476362256292025,0.11784225214720538,0.06266353376542974,0.10264848174606059,0.0047017425890180705,0.00646716134543905,0.5,0.3,0.6,21,29.733730894910565,58.54367373604719
7,17,0.160909163954564,0.21035886128032794,0.17307823779379855,0.12868977512823263,0.06904793758055286,0.10604463289469304,0.00525503041307083,0.00853490489466854,0.5,0.3,0.6,22,32.5810263762386,57.30858327542279
7,18,0.16042575326578554,0.2092893140817453,0.17196253416009175,0.13631231264714957,0.06189937522871004,0.10565139620637579,0.00528917748175063,0.00881750317966604,0.5,0.3,0.6,23,32.491531232855934,58.219490436907385
7,19,0.15794486252873355,0.20430371062154087,0.16678617349926025,0.13756061504640543,0.06776592445437743,0.10286264682046017,0.0055625549291953595,0.00993646826108742,0.5,0.3,0.6,24,33.883165287133394,56.09488720236111
7,20,0.15732956368196618,0.2087112752512337,0.1821217632057587,0.15153004978684395,0.06568647818357076,0.10565139620637579,0.00528917748175063,0.00881750317966604,0.5,0.3,0.6,25,30.545066813004205,59.138899164886574
7,21,0.15725736824643674,0.19979932944796902,0.16199100182614834,0.14381672141453558,0.06863200602824168,0.10704452225285883,0.00558097399727842,0.009980133867788111,0.5,0.3,0.6,26,29.72831458500213,57.91996874556801
7,22,0.2105408334812631,0.2721742200908799,0.2885706685540754,0.21505015223038013,0.17467264608144237,0.08880443829664994,0.01172015445986067,0.12786273897384548,0.5,0.3,0.6,27,28.49078754815141,92.926024914376
7,23,0.20937122745040565,0.275961108916012,0.3032867292327256,0.22306913555756996,0.12759150369018793,0.08880442492277349,0.01172008233798855,0.12786382235837213,0.5,0.3,0.6,29,28.866410271825213,90.54683523498169
7,24,0.20876000746839257,0.2811484896660268,0.3194645938598055,0.23142679032408847,0.1261865350615546,0.08880442492277349,0.01172008233798855,0.12786382235837226,0.5,0.3,0.6,31,29.53338176816124,87.43071401387469
7,25,0.15722483417558977,0.22748154364776388,0.2656420415129083,0.18636719677156807,0.0780954619590001,0.09216781507652956,0.0063101671736305095,0.044220020928055895,0.5,0.3,0.6,33,27.98776012250992,81.36944640731458
7,26,0.15890436897384352,0.2224046194554618,0.24950491231493283,0.17883924245960714,0.07622357385451972,0.09207032808603888,0.006014134181582221,0.04728946508165894,0.5,0.3,0.6,45,27.74468352647408,79.51143189578737
7,27,0.16825621682947206,0.23132854889128546,0.25839766336501724,0.18835759603723673,0.0872802643064792,0.09077272077140827,0.0058810082523689,0.06449133533547967,0.5,0.3,0.6,46,27.464678627009448,87.86528551249263
7,28,0.1818832693537864,0.2506141127880497,0.28866411329104447,0.2792446361702905,0.10371936211632507,0.10236543784423129,0.04651717827068948,0.05837940001956503,0.5,0.3,0.6,47,33.924512280675394,56.42570305643198
7,29,0.15540454069967377,0.21786845728852305,0.26604640648317923,0.26182481626088977,0.12479768592803674,0.09462894639475808,0.06556668887276206,0.02482356626326141,0.5,0.3,0.6,48,31.53703210253957,56.30625035461944
7,30,0.15087981107052284,0.19858318973026579,0.23513909734268706,0.2588281198754621,0.09085861222758788,0.09490298314579135,0.06554397658716177,0.02509524020717769,0.5,0.3,0.6,51,32.27498832733247,55.2278142245275
7,31,0.15062025230541592,0.19730069574051426,0.23378548843056668,0.2681291449060926,0.08415650809092766,0.09538469113783704,0.06530192537614991,0.02538197548087273,0.5,0.3,0.6,53,32.413041838908974,55.19911598979395
7,32,0.15028890104392775,0.20315343909986608,0.2506583432062087,0.27833860863367504,0.08335261234122072,0.0953747453314734,0.06528803406537306,0.025366063309136027,0.5,0.3,0.6,55,32.39505130278758,55.11671071697916
7,33,0.14868429391741333,0.20714686488670528,0.26563199922783265,0.293867117457762,0.08333785444049177,0.09428477538941332,0.06529970566541346,0.024681194361713628,0.5,0.3,0.6,57,32.5086258767933,54.01498896270153
7,34,0.1512019085190326,0.21619071623344766,0.2857197206643464,0.3134555684887449,0.08437608584152095,0.09587329545374432,0.06647452281260299,0.027152427871431312,0.5,0.3,0.6,60,31.94933977851219,55.03430342631782
7,35,0.1454791113412556,0.1954514509395575,0.24275614345980775,0.3026957100066167,0.08442142569324765,0.09325822379286468,0.06570336665974355,0.021702821735872478,0.5,0.3,0.6,61,37.3617192857819,52.11683710734583
7,36,0.14479383287353628,0.18684894542112143,0.22301339710859472,0.271028528136408,0.08316971664955555,0.09325822379286472,0.06570336665974333,0.02170282173587244,0.5,0.3,0.6,62,36.13198966641297,52.23631638408172
7,37,0.1215219194058919,0.190106373336211,0.2704769809814623,0.3541370389747825,0.05639900153006902,0.08609282597938192,0.02075880656348398,0.011690635215398459,0.5,0.3,0.6,72,33.27560263827123,62.013870847208565
7,38,0.12577743083300177,0.17956237026606825,0.23772400416690959,0.3430372016534183,0.06565133536940553,0.08720560287347477,0.02740254239421605,0.01582689063045352,0.5,0.3,0.6,73,32.33679285594625,66.039048086206
7,39,0.13488037609631343,0.21522961284345934,0.3176002822408158,0.3861119449409657,0.07093001223124999,0.08320458365089603,0.02304719021024551,0.03680549404691722,0.5,0.3,0.6,76,32.25028409855719,69.25955668582789
7,40,0.13629009628621397,0.1962657974660333,0.2760468237845709,0.3783708861856697,0.09780561692965029,0.08705049038199712,0.026896123117736082,0.040483593997183195,0.5,0.3,0.6,77,32.47463616206575,69.40635566659655
7,41,0.13202471264022278,0.19445700257141957,0.28500675723908325,0.39353538632054064,0.08059481915374839,0.08480964386321728,0.02668448037664777,0.03920905464755235,0.5,0.3,0.6,79,32.37167848978542,68.51083500173472
7,42,0.12361263934552666,0.19187800451355988,0.29342568391913626,0.3922763602661086,0.06738056351281946,0.08275082007239035,0.02458909989342212,0.02874686329843007,0.5,0.3,0.6,81,33.576474654994364,67.0625708237024
7,43,0.14155614298862668,0.20697790934756186,0.30833407021640014,0.4593089560277124,0.08601439297213422,0.08974038177424606,0.047054853459578286,0.04412526029571479,0.5,0.3,0.6,97,33.54494337054072,57.26163204945656
7,44,0.13994552580180192,0.23157569096713537,0.37711720350695527,0.48909203062369044,0.08491011530050913,0.08590992961472073,0.0429867580199966,0.04726472573806283,0.5,0.3,0.6,100,32.99846406841336,57.7792469946716
7,45,0.13891119614510578,0.22856718237498497,0.373976670714077,0.48506666535953247,0.09028698934028953,0.08590992961472073,0.0429867580199966,0.04726472573806283,0.5,0.3,0.6,101,34.50882858142563,56.290283958840696
7,46,0.1427731747942878,0.23688760795648117,0.39320330926489455,0.5064373739999506,0.09274696547843855,0.08326798505406358,0.044863681663458596,0.05693440988992341,0.5,0.3,0.6,103,32.234178782801564,61.26018486215026
7,47,0.13125333774213002,0.2073266268940689,0.3412214132311363,0.5040218367031446,0.09421566460764647,0.0852007664617913,0.03425882395175074,0.04536799003283633,0.5,0.3,0.6,104,34.36276254750851,68.00845550232137
7,48,0.14293292391577417,0.2231426827964546,0.36792449210833017,0.5215783644775702,0.09702198099832457,0.08605499007552364,0.046390805139475175,0.060233040841192076,0.5,0.3,0.6,106,33.331197770254555,61.79519017606256
7,49,0.15023275631139366,0.2258468261793139,0.37032636084192205,0.5300581352839513,0.10965587010519845,0.09008243404925016,0.05064652447435262,0.07073498145362823,0.5,0.3,0.6,108,33.66703001527704,64.90155305233402
7,50,0.14541362185225865,0.21146730919014034,0.3447030444654093,0.5402537172784972,0.10096909333581747,0.08359754984886837,0.04863266663377057,0.07143888713028834,0.5,0.3,0.6,113,34.02987398214685,63.189966197203326
7,51,0.14483651075238146,0.2065939870448869,0.33955013640252685,0.547878129530272,0.10721312291327442,0.08613716475325064,0.05062830758642116,0.07082689426881517,0.5,0.3,0.6,115,34.04911735725257,64.68191413796556
7,52,0.1444025876332783,0.2186899468220785,0.37370215923179795,0.5908524074291414,0.10143231419027737,0.08613716475325064,0.05062830758642116,0.07082689426881518,0.5,0.3,0.6,119,34.78997080805456,63.86042573327773
7,53,0.14487235227627815,0.22515206087690265,0.3911750301579907,0.6041673035672993,0.1026583211897032,0.08575587409717533,0.05053074085947694,0.0725545020491201,0.5,0.3,0.6,121,33.84675656974359,64.48280483125596
7,54,0.14527459678203453,0.22552729240522645,0.3915486587962105,0.6045754083033881,0.10202470037086064,0.08630857592152537,0.051496883531831496,0.07230253157024608,0.5,0.3,0.6,123,36.29250873605274,67.30666135255629
7,55,0.14471185551357066,0.25183846365005835,0.4620900685242189,0.7447881343024572,0.10142348129036352,0.0976498818487485,0.06027650607707317,0.05752565641021847,0.5,0.3,0.6,153,32.449381324726424,56.68296171504188
7,56,0.14454357457953707,0.23808455120794944,0.426211257940832,0.6312908491482536,0.10147205220065086,0.09803183748370076,0.06005114115503953,0.05715649327222645,0.5,0.3,0.6,156,32.055395441162354,56.87519056955353
7,57,0.15032315338826974,0.26701666972679405,0.49913333661705717,0.7839077233067778,0.11997420591125833,0.0964901240907456,0.06243326858392303,0.0698140660656215,0.5,0.3,0.6,157,31.984535140568745,58.769171855365485
7,58,0.1430706855751064,0.23880049285744104,0.43769244796136025,0.6532328084153093,0.10246856643048241,0.09771729982917932,0.05995638192851906,0.058571735244097166,0.5,0.3,0.6,162,33.02328584543936,56.61538646133477
8,0,0.9169108205388221,0.959166959718752,0.9573746759078878,0.12667543949366472,0.0,0.0,0.0,0.0,0.5,0.3,0.6,1,176.7574219776,182.5998338036869
8,1,0.8259515714854797,0.9290507234597911,0.9240395253915169,0.161631283110967,0.11753238876729767,0.08621336575493292,8.859899981571e-05,0.00014431502614638,0.5,0.3,0.6,3,149.6082624997194,153.78449061442527
8,2,0.37385871178934754,0.5616841977013738,0.5496154005660705,0.1511608146282726,0.918289398286552,0.11282311524121028,0.02178761220843545,0.03150879575002274,0.5,0.3,0.6,4,50.08335014948004,87.90621056928195
8,3,0.20487878589125333,0.31765560590224745,0.29619195740921533,0.09031173250967717,0.4856094868927585,0.09777577201447384,0.00461318853559227,0.00266138983602788,0.5,0.3,0.6,5,26.8462488158677,64.28150573903825
8,4,0.19107115923707982,0.2891051577464208,0.266311705994394,0.09732809590775783,0.08432201099313422,0.10414264289865076,0.0023349362680412902,0.00140657460679569,0.5,0.3,0.6,7,28.97716591125985,68.64275090308529
8,5,0.20642139419080419,0.3025640565487532,0.2796057073689392,0.1000694562815768,0.07842624924250238,0.11173794109516164,0.01248637218072397,0.01869109667654437,0.5,0.3,0.6,8,25.876783314290083,58.896873815380864
8,6,0.19082658244680548,0.2853953472500929,0.27278199366142747,0.11291516489796402,0.07965471593196988,0.11607013340876593,0.00461215134695989,0.00625465882445342,0.5,0.3,0.6,10,30.838265684787963,63.517618485853816
8,7,0.18806630698024654,0.26938774338646304,0.25567976489313887,0.12211054048459992,0.12256583753868554,0.1203034182934242,0.00896420566776739,0.01543539661046755,0.5,0.3,0.6,11,27.81899753874825,63.41246959668254
8,8,0.17699033637875541,0.2481165514831055,0.22307065915446317,0.09537814280266377,0.07688717309993667,0.11484769197189008,0.00540114366451339,0.00815819907593973,0.5,0.3,0.6,12,27.58901503452584,59.89115412417144
8,9,0.18583436222266508,0.26235502961217416,0.24826035016485437,0.1278550031718126,0.07877654891953459,0.12346869540202003,0.00909936672898866,0.01568713117753008,0.5,0.3,0.6,13,31.453033405469245,67.40960887234287
8,10,0.18483734101031377,0.26042647116603856,0.24625759956344836,0.13004355328562367,0.07707667472269474,0.12333984945771584,0.009012399297946,0.01544830026198977,0.5,0.3,0.6,14,30.530119323178923,66.00080393413825
8,11,0.17253103723440893,0.24500534500831214,0.23058881766484726,0.1274396807588884,0.07528681601678432,0.11393955113088275,0.00538855522013104,0.00878770688189929,0.5,0.3,0.6,15,27.290308471712205,57.70859950497698
8,12,0.16614394733085452,0.23306999744462448,0.22875682777928635,0.12972121276203433,0.11104062500238869,0.11147241665221067,0.0084381329343256,0.014482485343868808,0.5,0.3,0.6,16,26.54847735997073,53.58423812937621
8,13,0.16679744966983032,0.2232167568945521,0.20755642863724513,0.13755727207026733,0.08376907185197532,0.10955499044071319,0.0107000184727132,0.020703598177357098,0.5,0.3,0.6,17,27.01765932346313,54.9990490762324
8,14,0.15490367892298199,0.21150287515291763,0.206407033629027,0.13084416834724708,0.0860265227433442,0.11508293790566526,0.0042642168304895,0.00732531441663682,0.5,0.3,0.6,18,30.434743926246465,57.52859590451193
8,15,0.14982975164014603,0.19237786800694004,0.1756811992896549,0.145509507868176,0.08822857141292426,0.11042100013676903,0.005530198383891819,0.01053198823621376,0.5,0.3,0.6,19,29.58047979082537,54.36074853222224
8,16,0.15089748335040626,0.1969075818659259,0.19102886508822847,0.14769524830172584,0.07757498932350983,0.12112960123077658,0.0044502386411107596,0.0075996432559816,0.5,0.3,0.6,20,33.46269994295822,57.48179420047709
8,17,0.15101231772383894,0.2029384559572726,0.2186299348564887,0.17953142206474965,0.09658331269709851,0.11378135484219687,0.01674651332757917,0.01592491965940056,0.5,0.3,0.6,21,35.630269843757844,62.46697477637428
8,18,0.1442775530590451,0.18202559095134516,0.17554857096097995,0.1642592456304695,0.06602700763526015,0.11830707891341523,0.00479364989993489,0.00769364057082374,0.5,0.3,0.6,24,35.0077331656322,54.02691996838265
8,19,0.15165768959619527,0.20259003981904158,0.21820914995161406,0.20149510563999556,0.0737199844866385,0.11848401446626129,0.01662251380702509,0.01423605178341002,0.5,0.3,0.6,25,36.84354931190678,65.48139708206574
8,20,0.1404146599947214,0.181846465384029,0.18620946149656514,0.17019565297176592,0.07236554717577426,0.11361596709731754,0.00468359735723004,0.00842407869936943,0.5,0.3,0.6,26,38.59860537249618,55.1840773599808
8,21,0.14314258462159726,0.19056531150960004,0.21651488051213252,0.2058724842354602,0.09499887980080439,0.11645606245607816,0.0153670013190999,0.01292278746308365,0.5,0.3,0.6,27,35.22066601346778,63.71115864611326
8,22,0.14313984201027236,0.19727724660685061,0.23428387828061856,0.21518214804466781,0.07059909892134626,0.11645606245607816,0.0153670013190999,0.01292278746308364,0.5,0.3,0.6,29,35.21964261144833,63.71799734626128
8,23,0.17379392773389918,0.22510566892282602,0.26191365364874764,0.26875861477248764,0.10478165280052337,0.11442427275818441,0.04485627461097293,0.053796523354866746,0.5,0.3,0.6,34,36.11845645647686,60.25613997076733
8,24,0.14868441057423407,0.21613636184582805,0.2858366500710183,0.32963369879633875,0.0812947209706842,0.11171256176628444,0.02623394649699501,0.02748330290111591,0.5,0.3,0.6,46,33.25477984115884,61.0726891387055
8,25,0.15455398251144573,0.22568121459315643,0.30622774385852486,0.33512917516897595,0.09029929734850971,0.11644519450375992,0.03056416764144227,0.03411164732579161,0.5,0.3,0.6,50,33.59429818799545,60.50464838717967
8,26,0.15140188525961773,0.18768123146321908,0.2128526801828975,0.2553849385337415,0.08583223008687677,0.11375302902251112,0.016589132936252828,0.03929368212494231,0.5,0.3,0.6,60,30.43925265904629,55.65083940601453
8,27,0.14797718370703683,0.172744532051918,0.1865286610991532,0.2691495316309752,0.08777604615292403,0.11773612721943527,0.015536886751261789,0.03533387844282935,0.5,0.3,0.6,65,36.46641350721617,66.23313739967425
8,28,0.14807533454390526,0.17034678330954267,0.18396004841094116,0.2794231170720713,0.09411055244710326,0.11821086249938455,0.01634941427735541,0.03702185961441813,0.5,0.3,0.6,66,37.207535555217405,67.50551168492213
8,29,0.16481848082430384,0.20531006629093904,0.2519640843036854,0.3326883203019719,0.10607159877209141,0.12252362789465614,0.047989376325658764,0.04730037606022855,0.5,0.3,0.6,69,37.828827026843626,65.62528141894386
8,30,0.15831371527637866,0.20307886759467092,0.26062449270869287,0.33775489274673304,0.10271111317984584,0.12199582052235425,0.04868382993842607,0.038785907876782114,0.5,0.3,0.6,71,37.573968046922346,65.45899809650872
8,31,0.1935910260153244,0.20225280427136144,0.21494661834252493,0.33517069967507446,0.1448190816755654,0.11472506299168568,0.04352579469662239,0.11443470944352421,0.5,0.3,0.6,76,35.74034028769539,70.7960236581145
8,32,0.157800531570016,0.18392948474141196,0.24022877440336268,0.38629004013429835,0.11132470430973582,0.11288792722912384,0.05799043546042276,0.05712889467214986,0.5,0.3,0.6,85,36.39870152627409,60.63124350647131
8,33,0.15658335723981015,0.18793508308867948,0.2551932852431798,0.3805913921316347,0.10993099704923287,0.11512841815209544,0.056540965501532384,0.05520928823642564,0.5,0.3,0.6,87,35.5114419677657,70.40581610715397
8,34,0.1561244144683624,0.18655180889547798,0.253749096070531,0.38036592570480066,0.11044711821120644,0.11512841815209544,0.05654096550153241,0.05520928823642561,0.5,0.3,0.6,88,35.32995078292441,69.41254791068172
8,35,0.15586168188977204,0.1851581515924003,0.2522813865616664,0.39989185200494015,0.11137799013001495,0.11560950906747273,0.056753867270522354,0.055199301137423495,0.5,0.3,0.6,89,36.57001391548208,68.2880564282199
8,36,0.15586159453058293,0.18310749757438394,0.2500962600548195,0.4088998363704798,0.11206422253259185,0.116195170804686,0.057433871443251516,0.05605652733639484,0.5,0.3,0.6,91,37.223736900458725,67.92866464158774
8,37,0.15557817135990365,0.18268229074229148,0.24966186952229005,0.43377122968249304,0.10917637671369229,0.11637637978398137,0.0573163981599074,0.05560792444766094,0.5,0.3,0.6,92,37.27886907907676,67.91297356213472
8,38,0.15579463158930912,0.18955270338115177,0.26758572490481175,0.4424701215146332,0.10919356668157265,0.11648205125606974,0.0572924818486731,0.055945981276852616,0.5,0.3,0.6,93,37.28766032024002,67.89099469807294
8,39,0.1555403649213593,0.18929580464320286,0.26732886441872034,0.45529843727374336,0.10875139463903664,0.11640779809572954,0.05732242914764528,0.05557121398009216,0.5,0.3,0.6,94,37.32218874332971,68.52706451459771
8,40,0.15426718680968882,0.18767295782290044,0.2656827633677514,0.44783453960837477,0.10869696787956333,0.11463650638529688,0.05722412840115191,0.055260087155605896,0.5,0.3,0.6,95,36.61446629634671,66.84662194922457
8,41,0.15473828291388983,0.194772914266,0.2838345539633192,0.44492609443971126,0.10842982079952324,0.11572039454429653,0.05706174630698382,0.05529696812085606,0.5,0.3,0.6,96,37.28389260619583,67.85018718323852
8,42,0.18213310984032852,0.2280617950141838,0.3281267718706134,0.5099638696740494,0.13724351471874197,0.11157435254788697,0.06906083193409285,0.09910061395436026,0.5,0.3,0.6,98,33.79615820665767,73.84857984503549
8,43,0.19756919579086213,0.22480097712341832,0.3024082163008632,0.4756538363586609,0.1618556631459877,0.11177858767969302,0.08348264775877288,0.12168311326281675,0.5,0.3,0.6,100,34.1032756877655,73.5481856970696
8,44,0.16266938237314016,0.20209873855427682,0.3017411656943786,0.5132122235536959,0.12052768718945267,0.11378053867010784,0.07578318576254596,0.06666041847606871,0.5,0.3,0.6,104,33.5490347187626,69.84182220673381
8,45,0.16172011845409068,0.20755040182448958,0.31822986194440195,0.5138753822094627,0.11929949107917985,0.11438539675384515,0.07576542770823859,0.06483510439368396,0.5,0.3,0.6,106,33.49094339063762,70.00087606351477
8,46,0.16161351835448517,0.20721903937322766,0.31788407017066966,0.5138213700559494,0.11915894976998245,0.11438539675384515,0.07576542770823859,0.06483510439368402,0.5,0.3,0.6,108,33.42091451334382,69.45024294862216
8,47,0.14910488275101189,0.21299357543074832,0.3567104695819951,0.5460783485009261,0.10831832526096313,0.11846813556892326,0.05410612854659528,0.05289009164380106,0.5,0.3,0.6,113,39.658784719409134,70.11599912170931
8,48,0.15494130597497216,0.22011765100606767,0.3745429085785207,0.6017140019945119,0.13170029461469096,0.11742547925848981,0.06516897609548147,0.062169630478717944,0.5,0.3,0.6,114,36.31151428329292,68.45778368619465
8,49,0.22664331577548474,0.3452908306271814,0.5881587079090189,0.8279537013123517,0.18742588905191143,0.11585672168044381,0.1318019109177998,0.14987879730543968,0.5,0.3,0.6,142,35.62851146102866,59.090054435192265
8,50,0.20942689636748513,0.3216706551379249,0.5747620984076471,0.834590181020097,0.21458031643022207,0.1098335808706656,0.12767680579635593,0.13807041151624852,0.5,0.3,0.6,143,36.13264749513768,61.42797201367605
8,51,0.2052820755086276,0.3235331710188409,0.5876374150470793,0.8671436918525095,0.17257327149578663,0.10846115778043645,0.12727439406425728,0.133024950611986,0.5,0.3,0.6,149,36.20461264682904,61.58691097481561
8,52,0.20483264926333325,0.32204778141677315,0.5860869632908186,0.8669015764337682,0.17373084023883412,0.10846115778043645,0.12727439406425728,0.133024950611986,0.5,0.3,0.6,151,36.21950267433199,62.84517785074358
8,53,0.179026340097278,0.3149781260505123,0.6121001006601329,0.9845554998457912,0.14721970968641385,0.1267048771218787,0.09039496471028184,0.09429051195818366,0.5,0.3,0.6,175,33.90722056656872,57.058643127046935
9,0,1.0,1.0,1.0,0.13326905694531777,0.0,0.0,0.0,0.0,0.5,0.3,0.6,1,126.19825942009996,174.08179202879575
9,1,0.897742503094476,0.9703583828065796,0.9670810018578245,0.1698125118713213,0.12068246997914922,0.0897684570625543,9.224456070404e-05,0.00018754947779807998,0.5,0.3,0.6,3,107.28502631468498,154.77987475949308
9,2,0.20611754968856458,0.30029783783767183,0.277165815975911,0.09049587013289807,0.7862280366761337,0.11480565054955612,0.00994395746286601,0.02021782113950782,0.5,0.3,0.6,5,27.02647651702055,62.2571742631762
9,3,0.18021414570875896,0.2588470284336493,0.23441029637968783,0.08248034436644062,0.09082872330627229,0.10636095964173622,0.00501744009359571,0.01017533378593479,0.5,0.3,0.6,7,24.399869895850035,60.135510377659024
9,4,0.17410463807553012,0.24347994832053776,0.21829381063385742,0.08565155362914784,0.07979540822174813,0.10672032710503276,0.00602130763643762,0.01221637373453945,0.5,0.3,0.6,9,25.24511986785153,59.0724330721233
9,5,0.1737182491474361,0.24938686707352492,0.23522444123788622,0.09325610822090652,0.06324353063922691,0.10661934297081119,0.00603216608405059,0.012232238921565799,0.5,0.3,0.6,11,25.326364494298343,59.4220394347372
9,6,0.17266040811034078,0.23892576519222986,0.21349252181620432,0.09418487080253728,0.07342818897806162,0.10796742413293976,0.00606482924986871,0.012957080493506721,0.5,0.3,0.6,12,24.119188390079668,58.31706884923688
9,7,0.17999789412703443,0.2553864676758469,0.2517282002417951,0.10596762154475246,0.09008071231920978,0.11459321520215363,0.013100177124636361,0.02187222589563838,0.5,0.3,0.6,13,28.1560228042014,54.02261569746743
9,8,0.1796625944073825,0.25443032950321576,0.2507229515785085,0.11263569735406626,0.0768035393978228,0.11450964188746635,0.01415195116296796,0.02168462471416,0.5,0.3,0.6,14,29.23248519161049,54.65191981852836
9,9,0.16148970193743165,0.22911731748256464,0.22485743803339617,0.10025975311648565,0.0872697798304729,0.10640541002319237,0.00660742240929693,0.011002541077776951,0.5,0.3,0.6,15,27.835140609242096,56.83125877426437
9,10,0.159949053337168,0.23215394306988524,0.23878819385804292,0.10425399549516692,0.06559573377918713,0.10638231155663376,0.0069051997804161006,0.010947444660911609,0.5,0.3,0.6,17,27.480673802047484,57.10296646209716
9,11,0.15972042555629365,0.2230830610462666,0.21849806852029735,0.10748874729081329,0.07062888304179438,0.10889085734480719,0.006942710800288141,0.01105887027490612,0.5,0.3,0.6,18,26.808277144327747,57.25380427118567
9,12,0.1597220996766518,0.2297640510812009,0.23623345814092994,0.1173814992282937,0.06326346874859601,0.10895886716936928,0.006937832058162929,0.01105558519921614,0.5,0.3,0.6,20,26.788622721679666,56.90851905754904
9,13,0.16210440346488486,0.22322173460644198,0.2184661352292485,0.12075171281619604,0.07489633048503436,0.11560885710355188,0.00699929913718578,0.01212418152032279,0.5,0.3,0.6,21,26.81017796364671,56.49472932972126
9,14,0.16123241474483246,0.22069917178632242,0.215819274669307,0.12841238417784295,0.06940898291784649,0.11624050306107267,0.00703854371127825,0.01210170929491802,0.5,0.3,0.6,24,26.358308597292098,56.63306442174391
9,15,0.15505001967004067,0.22201441421944693,0.23880571564708844,0.13518360618348346,0.07232940871829023,0.11257087481614654,0.00769406894003428,0.011496890646681,0.5,0.3,0.6,27,27.067829972126127,60.07968881642245
9,16,0.15643054094800685,0.2229590435713097,0.23971768656932518,0.144553546886436,0.06792353906171068,0.11595140163967824,0.007653822469899809,0.01150459657949936,0.5,0.3,0.6,29,29.05639272970977,60.50029280854665
9,17,0.1563345228351896,0.22228145917204503,0.23899675884752192,0.15051173258471878,0.06947177460637184,0.1162337186266041,0.007726846217300069,0.01174152913056277,0.5,0.3,0.6,30,29.25552695773284,60.64388903072872
9,18,0.15625820150249672,0.228719363954843,0.2564774597329258,0.16738754623307833,0.06789406884046507,0.11631946990379456,0.00771874821613158,0.01178163360444342,0.5,0.3,0.6,32,29.23540709979616,60.66891558097256
9,19,0.15557547764158913,0.22719374115571758,0.2548892271130326,0.17877876334678375,0.06887923458814799,0.11612283175074208,0.00778787005569072,0.01173691420072901,0.5,0.3,0.6,34,28.857946921439783,60.4586684605272
9,20,0.17207112714731987,0.24847012608482516,0.2765210483602689,0.19267062668239854,0.08826255762774675,0.11406171732084205,0.010862207708272679,0.033881524024973804,0.5,0.3,0.6,35,29.962575210727,61.45202952132553
9,21,0.1717764358005914,0.26727151182637615,0.3389762187382114,0.22929512942809488,0.08620001483595624,0.10120295848794725,0.03554028154696753,0.04069913227929229,0.5,0.3,0.6,40,28.43829418939833,59.146403377634535
9,22,0.1719869734417951,0.26687251317967886,0.33853261887937836,0.2300718734241206,0.0873379563036629,0.10424224756703401,0.03615639737478215,0.03889355044424558,0.5,0.3,0.6,42,28.16547245250145,58.96592602458193
9,24,0.17141306737513778,0.2781581922330305,0.3718177941858059,0.2614462388599788,0.0869788651697386,0.10439663405489721,0.03633193656162491,0.03948037680372636,0.5,0.3,0.6,46,28.19949377525605,59.00745724766072
9,25,0.17320953907513653,0.27961550878195496,0.37325063686632337,0.2732820367167022,0.08937116523126279,0.1038554685869563,0.03602022114211166,0.043453149821360795,0.5,0.3,0.6,48,26.844257707306195,59.49293836414384
9,26,0.1735275360812149,0.27934842866622955,0.37294092457766287,0.28371127623706777,0.09017176430706444,0.10856888074322173,0.03699621827910854,0.04021617835591732,0.5,0.3,0.6,51,28.63570622198641,62.22059895328766
9,27,0.1640104797342773,0.2587633651889306,0.3409817803518851,0.27588462929106106,0.09744673295857455,0.11118956889498388,0.04743969517529535,0.02170430060825331,0.5,0.3,0.6,52,20.06129023616286,69.66459086965033
9,28,0.1635505289636207,0.2508727968182558,0.3219821706827616,0.2789440179070336,0.08403510915923293,0.11118956889498388,0.047439695175295296,0.02170430060825335,0.5,0.3,0.6,54,20.466655187673098,70.62525546185755
9,29,0.15763546622909422,0.24571640817865964,0.3274551315808423,0.2947516667135049,0.08468411853913604,0.11150998720487407,0.051303597458759474,0.01597303761592506,0.5,0.3,0.6,59,20.214578954729795,69.85722981611941
9,30,0.1575672589243,0.2522585610298429,0.3450470250433087,0.3050349381077667,0.0809092524334836,0.11150998720487412,0.051303597458759474,0.01597303761592507,0.5,0.3,0.6,61,19.75201772471327,68.88515400598972
9,31,0.2157623914791106,0.28803058936627157,0.3474850329739829,0.3457347660249329,0.14779444551792217,0.12781590437539925,0.07160005540327845,0.09158317652977964,0.5,0.3,0.6,62,27.017776734137847,86.52127769348563
9,32,0.21571792530029343,0.2946334373199133,0.36514040342533954,0.3519878541017269,0.14045572169177806,0.12781590437539928,0.07160005540327839,0.09158317652977979,0.5,0.3,0.6,64,26.777341612743022,86.10356660210829
9,33,0.21125621555242696,0.29546571811008776,0.37692915982214,0.35864748184889567,0.1383131717417144,0.12188250376661539,0.06289842565670081,0.0949094211528686,0.5,0.3,0.6,67,19.555392798574594,61.398169451368965
9,34,0.21438803586390998,0.3052220035265096,0.3977360946936134,0.37645488349467354,0.14025648290365453,0.12054337084018216,0.09197143957151924,0.08680576096029712,0.5,0.3,0.6,68,30.74320319899537,79.48680554109137
9,35,0.19290528784446676,0.28179989741661077,0.3741768318607571,0.40644302005384153,0.12281873238783961,0.10932069279797021,0.1817619202436639,0.01743728052913747,0.5,0.3,0.6,70,26.081896584413546,58.502348153686405
9,36,0.1913707509390641,0.2790046550774152,0.3712928817936927,0.4187622435157061,0.11991018216634707,0.10781584424139404,0.18181695717886648,0.01738293912614681,0.5,0.3,0.6,74,25.592471487667737,57.56730803892139
9,37,0.2718681023567435,0.3859221443415744,0.5118267861173451,0.5030934540157104,0.19993426480623241,0.1089405272353073,0.1635447335342333,0.15332380138642354,0.5,0.3,0.6,79,23.481166301232044,67.7895762945567
9,38,0.27135625281917963,0.3817326632410967,0.5073760328007522,0.5108813133500243,0.20433285817117125,0.1090510200341172,0.16790411624486118,0.15399266664727213,0.5,0.3,0.6,81,24.01087893080635,62.836692082143145
9,39,0.27135625278224657,0.388451775124111,0.5251527460043517,0.5136142255242079,0.19729238150305128,0.10905102003411722,0.16790411624486137,0.15399266664727207,0.5,0.3,0.6,83,24.010878803070533,62.836691617642096
9,40,0.2767749586125699,0.40102994119667923,0.548819691783244,0.5301190046377114,0.20299654879486378,0.1091576813289136,0.17332626833300385,0.15977704437281065,0.5,0.3,0.6,85,25.315314776627343,70.56203758465611
9,41,0.20619982063715883,0.30964429902624696,0.4559855050300009,0.5532594933873255,0.14557931158729145,0.10296545777270164,0.2288266049269116,0.03987268455927525,0.5,0.3,0.6,98,33.59073156782402,65.77589142659438
9,42,0.22070988465451372,0.35724772615279354,0.5588431029892874,0.5937896498256661,0.16036309336471502,0.11061653508109119,0.2561503533080194,0.04446873746285175,0.5,0.3,0.6,99,27.87652381717598,57.61925422168935
9,43,0.202334393101067,0.2951085538879133,0.4407266206209801,0.5668433559402113,0.15661580095347336,0.10330303437698478,0.22949925560763185,0.04248991983039715,0.5,0.3,0.6,102,35.376836317760905,61.97644770396326
9,44,0.20100586795988512,0.2577785966026305,0.34794754198640093,0.4346664306511703,0.1474167703358385,0.10329094157783784,0.2294603466747956,0.04241554467702276,0.5,0.3,0.6,107,34.4151463730041,59.18497558995672
9,45,0.2009139879937157,0.2977089681741295,0.45420412073478567,0.5891394063425109,0.14687699502036092,0.10330274216469344,0.22949220421705432,0.04248849147286475,0.5,0.3,0.6,108,34.34988202189688,58.69357927766679
10,0,0.9202537151389599,0.960871343812124,0.9591537851047917,0.12695064259645666,0.0,0.0,0.0,0.0,0.5,0.3,0.6,1,175.1353855664,184.09551782726948
10,1,0.8279145810276325,0.931378860200948,0.9263446129530277,0.1643942964067729,0.12263525716006035,0.09186387960878481,8.864721819816e-05,0.00018449010311938,0.5,0.3,0.6,3,151.2580927019563,164.1987665106601
10,2,0.18936082378363017,0.2577517736352453,0.2324871607143864,0.08693012743785908,0.800860550704785,0.12028897587716336,0.01188890030569537,0.02474284571988149,0.5,0.3,0.6,5,33.799880019934946,57.73610758537001
10,3,0.1692657022851713,0.22370284429836074,0.19734693105394563,0.0818857093666897,0.09455765144329953,0.12022722375548353,0.00599086880572234,0.012427715478844619,0.5,0.3,0.6,7,33.4917210417556,59.64405476576631
10,4,0.18711824281597073,0.2512619709828757,0.24673543374607212,0.15468904115594467,0.0911128048531519,0.12734072743135247,0.01118069501480057,0.03830503273645755,0.5,0.3,0.6,19,29.734048472527565,60.59433986962174
10,5,0.18495345450105927,0.25281789813644967,0.2591222141195488,0.17002017289389987,0.09521415502945331,0.12734072743135244,0.01118069501480061,0.03830503273645757,0.5,0.3,0.6,21,31.96976744948712,63.80889477916528
10,6,0.18076142548606328,0.227855509344078,0.2009407410906192,0.12838844300901522,0.08839495775848838,0.1243782051664073,0.01048043494917834,0.03487348017824943,0.5,0.3,0.6,22,31.04013335252451,62.531383055696125
10,7,0.18066863248946052,0.2343527560214821,0.21848585096016893,0.13619685857573394,0.08648208518050328,0.1243782051664073,0.01048043494917832,0.034873480178249414,0.5,0.3,0.6,24,31.60769894825373,63.3433310609313
10,8,0.1801031369864147,0.22592668477965458,0.19891601210398355,0.14410230328562276,0.09050189556201656,0.12344929675876684,0.010870663163547619,0.03587945495092499,0.5,0.3,0.6,25,28.69750562602968,61.57214825073334
10,9,0.17910646574073613,0.22456323945168002,0.19752511452178298,0.15134578478009567,0.08703982895901054,0.12334148633532811,0.01060705349726222,0.03487274437641174,0.5,0.3,0.6,26,29.03775553463392,62.16364727917805
10,10,0.17967561026912215,0.23085033195062582,0.2147946039888793,0.16315116939917979,0.09052269413377462,0.12352683442924439,0.01106504016310263,0.0366225469604128,0.5,0.3,0.6,27,30.09757823142873,63.74167049811336
10,11,0.17967456387414057,0.23756677817035657,0.23256851157971092,0.16054904670624925,0.08705909827800234,0.1235268344292445,0.01106504016310267,0.03662254696041287,0.5,0.3,0.6,29,30.046229339648743,63.66350228001325
10,12,0.1832533655001356,0.2329712708098381,0.21680653527624089,0.18925031436013035,0.09334055890115332,0.1202345345644323,0.014055531640018751,0.045548838437201936,0.5,0.3,0.6,32,31.530295995976505,65.87604320412761
10,13,0.19211821290928674,0.23964431139423018,0.22331609907628483,0.2024336130533294,0.10960911477254241,0.12381096545001251,0.02487323859175666,0.05448927988295197,0.5,0.3,0.6,33,31.037350344818588,64.90292774159786
10,14,0.18232606424291675,0.24173632023185915,0.2474078572162806,0.18181749669134098,0.09867585213503058,0.1201246981096455,0.01374902993086501,0.0485965645445237,0.5,0.3,0.6,34,32.09787238408078,64.29539263371188
10,15,0.2029058527436498,0.27379627081636077,0.30143790105847673,0.2178015828945446,0.1219615177838005,0.13692840930284708,0.01270526466536794,0.07165479355435131,0.5,0.3,0.6,35,41.13779040703854,72.04713971389303
10,16,0.17281403404727694,0.2293159306164544,0.23477235148873266,0.1909790266327196,0.08905734078248687,0.1275674159799232,0.01243690605407435,0.03051381866579637,0.5,0.3,0.6,36,33.12845795606965,67.0830110436644
10,17,0.41066135001079507,0.44297228050863163,0.425529896888828,0.4329854712846847,0.3761326135651553,0.1342064039711408,0.1964245650519883,0.3412340925509473,0.5,0.3,0.6,37,36.36045969428913,72.23618700639236
10,18,0.41113286666399085,0.44742017279167323,0.4408382769567005,0.44672228470480685,0.3365258130985873,0.13450246336058325,0.19730858792118627,0.34424709526859776,0.5,0.3,0.6,39,35.12253219601248,70.44499145561424
10,19,0.4135549754495984,0.4548072681897182,0.45915735161976035,0.45665351091783346,0.33830534752835184,0.1349419768620799,0.19871271274737282,0.3490595137199679,0.5,0.3,0.6,41,34.98074128794131,69.87552822682562
10,20,0.4055159450508753,0.4290323798068003,0.41096128951511657,0.4486910160844185,0.34063378891233753,0.13526033636089196,0.19614203223998664,0.3411345870826342,0.5,0.3,0.6,42,34.71461646056123,66.43210773222509
10,21,0.40409496579704207,0.44152941251270694,0.44560781873269184,0.4541347237842339,0.33354260104314537,0.1343646794150755,0.1958585585652435,0.3391598392419259,0.5,0.3,0.6,43,34.5621033299809,67.57822663464414
10,22,0.3995240254257022,0.42028536706694525,0.4126063178213269,0.4613280580995508,0.3421321054095178,0.13892046235253713,0.1960403432891873,0.3376371421635792,0.5,0.3,0.6,46,34.12485082087716,72.41383894165843
10,23,0.400402417904656,0.43135793445365256,0.44556862044247636,0.4872423907855581,0.33528611748435233,0.1396215688633583,0.19724205419059354,0.3410687838091841,0.5,0.3,0.6,50,34.281245255204695,70.2792651622648
10,24,0.4145927559597702,0.44134466480274087,0.4552651519784264,0.5059685516246899,0.363270594292777,0.13213306305480027,0.21981778267928426,0.3636867005732304,0.5,0.3,0.6,51,38.506239151899095,70.95756198534086
10,25,0.41270260234147305,0.44622861802694946,0.4712103675531959,0.5115687795998736,0.34929536754586,0.1319206037207558,0.21895916075034721,0.3610929780130031,0.5,0.3,0.6,53,39.43958761649036,72.41702676545526
10,26,0.4121232621951987,0.4513430006131968,0.48731212993392636,0.5306898038810569,0.34935123967071546,0.1319206037207558,0.21895916075034724,0.36109297801300294,0.5,0.3,0.6,55,37.42433540164202,70.26121882577384
10,27,0.41404263322157264,0.43144772957627864,0.4447300196309985,0.5333982982816136,0.36223816659868857,0.13874976892517898,0.22034412441072507,0.36564832936691,0.5,0.3,0.6,58,37.62611404169012,70.88100231800925
10,28,0.43504182770693967,0.469674261852975,0.5053294845358988,0.5610352815373352,0.37503729562641785,0.12672887940576888,0.2408845275675299,0.3969291330016964,0.5,0.3,0.6,59,39.88552483569729,71.44989086754403
10,29,0.43493645635072253,0.4828165981824015,0.5405739440248383,0.5917569217522121,0.373868576349608,0.1267288797168253,0.2408845279931855,0.39692913450946377,0.5,0.3,0.6,63,39.41778789894563,70.9566464790701
10,30,0.40678267754642083,0.43304794785953465,0.4575329555141819,0.5543293168607605,0.3484227611436611,0.13019741877172916,0.220984713378256,0.35840421400742095,0.5,0.3,0.6,64,37.21320593848496,74.14171915107103
10,31,0.40318289938175955,0.42585102381211304,0.4500921587384551,0.5548015453714882,0.35544746254146053,0.12916969139828108,0.22105544682932282,0.3564925680030232,0.5,0.3,0.6,65,38.95678046579324,78.31058915577711
10,32,0.4065857053891746,0.42557434636232583,0.449567660073243,0.5592634812074866,0.35565938136173814,0.13129359737792995,0.222668965197714,0.3628744602768725,0.5,0.3,0.6,66,37.96220682143751,71.2718282225872
10,33,0.4064262287633227,0.42536392173747783,0.44935364641582265,0.5681433769306985,0.3503492381304044,0.1312725628209521,0.22261134707952115,0.3627002978242265,0.5,0.3,0.6,67,38.019908992680506,71.35158083313128
10,34,0.4047014278168165,0.4305375645236249,0.46559671045884843,0.5716348294667492,0.34977390620329474,0.13097612580233756,0.22181917145746186,0.3603144718977668,0.5,0.3,0.6,68,38.89587459559292,72.52539666317337
10,35,0.40038137944978824,0.4229321245077602,0.45777096810925166,0.5713101683330424,0.35687990686274657,0.12791285009549058,0.21945717211257074,0.35973718264960686,0.5,0.3,0.6,69,39.1614615001206,72.51214773776017
10,36,0.4023151086703467,0.4373286538594593,0.4942179292490769,0.5992598852972226,0.3485349512507193,0.12964941977920935,0.22046658469719996,0.36185747676368496,0.5,0.3,0.6,72,37.587645884811,71.47031246468451
10,37,0.4333583633610925,0.4533228388690483,0.4879890756851148,0.629752541692945,0.3807853396461889,0.13047859642678059,0.2523788172507684,0.3983462769143275,0.5,0.3,0.6,75,38.35204045547485,70.49025431450873
10,38,0.4329013242506107,0.45641719170236716,0.5019303958245622,0.6422861759788469,0.38316273145450175,0.13289125726542433,0.25226351644304934,0.3983514936494124,0.5,0.3,0.6,79,37.5966260908109,69.49576552255253
10,39,0.46008191005118876,0.5026157101572408,0.5812263531218352,0.6818094356920534,0.41124081336001445,0.12774103527277977,0.29807591320621557,0.42600709856328056,0.5,0.3,0.6,82,40.06057943267058,74.61800641357202
10,40,0.4090070727702471,0.42459824370539817,0.45897389156009505,0.6246297088492097,0.36142100481153794,0.1320547675421074,0.2331330051905025,0.36981586072983863,0.5,0.3,0.6,83,38.11708674409842,75.23380329958817
10,41,0.4112517948747383,0.42884038616079073,0.47396191823599,0.6375603481756422,0.375305560981549,0.1320565944084495,0.23320335390012992,0.3774854013314074,0.5,0.3,0.6,84,38.60127237601305,76.02855011283347
10,42,0.41548988463325837,0.4452869428092775,0.5018288248367317,0.661774315514635,0.3697370729430659,0.12361869988532585,0.2538903587545738,0.3766204687693952,0.5,0.3,0.6,87,40.227604719599626,74.690812003122
10,43,0.4196201234428844,0.4260416850805241,0.4704341650663456,0.6924017018699524,0.3778222465493174,0.12835505453005314,0.2551448049588512,0.3926204377814341,0.5,0.3,0.6,92,40.61861191340997,70.02738899536659
10,44,0.4208088443939829,0.42520795821449237,0.4694695490429659,0.706908274817822,0.3793877757801829,0.1291373326171938,0.25584213446526716,0.3951990578559699,0.5,0.3,0.6,94,38.91968847750015,67.60739578033373
10,45,0.4159998791917374,0.4193210841469961,0.463513082394167,0.7055465499383438,0.3800852244913596,0.12747290726755106,0.2543126156502145,0.39018283103200807,0.5,0.3,0.6,95,39.23679245407909,67.98637357837161
10,46,0.4201035629880837,0.4295014881204795,0.4847096768088075,0.7160931572847705,0.3832186631387871,0.1306719917719554,0.25448950624375755,0.39477482799355385,0.5,0.3,0.6,96,39.99949632875423,68.96765490919387
10,47,0.41988439250201215,0.4355314235191555,0.5017671010388509,0.7285692224602811,0.3791382688932208,0.1306719917719554,0.2544895062437576,0.394774827993554,0.5,0.3,0.6,98,39.62310182468868,68.63872672885584
10,48,0.4421274484802664,0.44471232993470916,0.48885683735344254,0.7528904030758301,0.40070233339036804,0.12814830256078075,0.287607272257837,0.4170951817853076,0.5,0.3,0.6,104,38.023256950175465,72.90235521073653
10,49,0.41538416616025975,0.4221493601928541,0.4771880998776946,0.757478140578692,0.38220308629260097,0.13233059017966212,0.25257452332449204,0.38852837461849055,0.5,0.3,0.6,105,37.59834225751833,66.65899409019475
10,50,0.4266089339284108,0.42243051156398226,0.466140881561949,0.735895580230894,0.4011532510615946,0.1347047803543155,0.2621332968075528,0.4037195432258066,0.5,0.3,0.6,106,40.49417057487727,72.45536505717799
10,51,0.4273121266734325,0.42887887704550387,0.48358461039347295,0.751249442856758,0.3913709732065075,0.13277379049807403,0.2599378530767012,0.40833805057705674,0.5,0.3,0.6,108,41.185071786871184,72.67052122753412
10,52,0.4244988127218374,0.4224177863105667,0.4768910903087096,0.7360446078101323,0.39083414049602094,0.1362635549248203,0.26413534885206547,0.4013867100812011,0.5,0.3,0.6,111,39.697409342517126,71.1516084169706
10,53,0.4259389284652626,0.4222051063236947,0.4765735616580632,0.7877247689716124,0.3910438378451061,0.1327056850759458,0.2688047906660552,0.4056479224309322,0.5,0.3,0.6,121,40.890031970322966,73.56061783903502
10,54,0.26564599490552065,0.40476290921995606,0.659577398466157,1.0833305784556282,0.2199274197243597,0.10915087075791108,0.18721677098723527,0.18192671359878407,0.5,0.3,0.6,178,29.212878103701847,79.11410842435922
10,55,0.28416730214231417,0.42199585491953884,0.6767262246096605,1.113739671415209,0.240459503364744,0.1103579710900086,0.22513521818879273,0.19387169260987086,0.5,0.3,0.6,181,30.27010297113621,75.63874330066795
10,56,0.263175951670412,0.36676292929820675,0.5661632948583555,0.9617509013771786,0.21849630989986246,0.10896859940759529,0.21273969864700543,0.16676199081395326,0.5,0.3,0.6,184,29.33275666452217,76.35269915040338
10,57,0.2926824289580681,0.4443459116384667,0.7212172116824411,1.1453027841455037,0.24777277535028913,0.10735698098343989,0.2240431939729149,0.21079041558870482,0.5,0.3,0.6,185,29.940966412600574,75.2748181373229
10,58,0.28338825849504934,0.43443751775465334,0.7112691668620567,1.1438736914109517,0.23877249057694783,0.1100632961533288,0.22548611014702197,0.19281879137370844,0.5,0.3,0.6,186,29.79915400134736,74.73679283213868
10,59,0.217527925169267,0.35127088338272805,0.6376195609642551,1.1050061745083004,0.18481440954810457,0.10869379703669002,0.11958615066170668,0.15558646273912222,0.5,0.3,0.6,188,35.31714749581964,89.83105070234174
10,60,0.2175279492012691,0.35799002287279147,0.6553966524764996,1.1128996791060457,0.1835746927652308,0.1086937965484737,0.11958615076259956,0.1555865091072712,0.5,0.3,0.6,190,35.31714874379215,89.83105424870251
10,61,0.21752160777319052,0.36468821955158004,0.6731512714795461,1.1277227895262032,0.18359567234520147,0.1086937965484737,0.11958615076259951,0.1555865091072712,0.5,0.3,0.6,192,35.28164843969986,89.75402061627311
10,62,0.21750872587802678,0.3713654981241685,0.690884494783258,1.1293361938329318,0.18360345272215606,0.10869379788175355,0.11958613890196412,0.1555865090898984,0.5,0.3,0.6,195,35.177851649056244,89.52794054088156
10,63,0.23326820020803452,0.3621208036359422,0.616270049102684,1.079894924703688,0.19461852206029304,0.10895297488006206,0.16014129818334585,0.14981327110632653,0.5,0.3,0.6,197,30.569937328076804,74.94852431583597
10,64,0.2778269600145646,0.4038593916746369,0.647202564538532,1.1240474530436437,0.2373880945798259,0.10809504098974827,0.22134967702316946,0.1911338744429436,0.5,0.3,0.6,198,29.42419195968736,74.22309871309595
10,65,0.2774510667355609,0.4100739775801529,0.6644666282596292,1.1387526130807797,0.23500116370642626,0.10780572438589058,0.22177078911737627,0.19063965926186438,0.5,0.3,0.6,200,29.251218331438405,73.96269689723063
11,0,0.9767330215625839,0.9888768022703249,0.9883882701538566,0.13147300423510724,0.0,0.0,0.0,0.0,0.5,0.3,0.6,1,141.6795171984,168.77559893753048
11,1,0.8837503111659941,0.9644791220391569,0.9607691256795479,0.17220084078159664,0.12338261388026057,0.09772284410060231,9.340164685692e-05,0.00018139995817511,0.5,0.3,0.6,3,127.92932813685964,139.2786190961576
11,2,0.3518789515455326,0.5303255256240261,0.516541558669046,0.15256653635774237,1.0652497871293145,0.1231764528624848,0.02300396351233782,0.03513327331836173,0.5,0.3,0.6,4,73.46653800862269,84.65100995789372
11,3,0.19533889230845633,0.29741523372925527,0.2749087013569879,0.09005303623571317,0.4612644159054341,0.09774947835106149,0.00479108062715365,0.00845712087512218,0.5,0.3,0.6,5,46.12968329544488,62.1043162002915
11,4,0.17698766742556418,0.23164084071626154,0.20530170338479384,0.09372931191343,0.2507090602079352,0.12317323841561349,0.01189718900743077,0.0196193470506551,0.5,0.3,0.6,6,43.77155078228194,57.10637665177255
11,5,0.1641007878948881,0.21378489037787307,0.18706622982640148,0.09300349444065761,0.07648237561599398,0.11873894003454324,0.00652506392541156,0.01065411908737485,0.5,0.3,0.6,8,41.05812780082108,60.24957941077456
11,6,0.16082093053089908,0.21362385430463016,0.19769052014504246,0.10196010313675405,0.07961249379548646,0.11865179897395636,0.00599253943778214,0.00986373288633125,0.5,0.3,0.6,9,39.8615306436455,59.13597403732347
11,7,0.16069762240705246,0.2132318770132651,0.19727812990988822,0.10195444659378856,0.06804433114360249,0.11886534963558579,0.0059587885931414505,0.0098172700150692,0.5,0.3,0.6,10,40.43155607669958,58.19137553804346
11,8,0.16038428861812365,0.21105590024115406,0.19496234473146284,0.11205939780260142,0.07137277321456577,0.11906981631323085,0.006286941091730509,0.0111782761855705,0.5,0.3,0.6,12,38.43047114029714,59.15726168066688
11,9,0.16557350618674374,0.20762313988292863,0.1908889983646164,0.12210571647892174,0.09409744172490449,0.12348391186286829,0.01189802276642103,0.023296207334833268,0.5,0.3,0.6,14,40.067073859420894,53.5883847753189
11,10,0.16557350618674374,0.20762313988292863,0.1908889983646164,0.12210571647892174,0.07928931923166259,0.12348391186286829,0.01189802276642103,0.023296207334833268,0.5,0.3,0.6,15,40.067073859420894,53.5883847753189
11,13,0.15646801565072763,0.19258021117259191,0.18598584968441342,0.1382004317418916,0.07912954211593419,0.12378325372965449,0.01074316925463318,0.02220561180320969,0.5,0.3,0.6,22,35.93424171880361,53.26203871811126
11,14,0.15044972341338061,0.18614858518025482,0.17952448709836671,0.13746214054577108,0.07336508057512421,0.1270410012411996,0.0059672718630489905,0.01228409910683722,0.5,0.3,0.6,24,35.5536627827781,53.70575199276525
11,15,0.14838639801536563,0.18102182662177632,0.17417904049843957,0.149677029084655,0.082638834865569,0.12200191290196909,0.012374213964247779,0.01304188763541438,0.5,0.3,0.6,25,36.10227784956647,53.52370870402306
11,16,0.14766167361949517,0.18572393017150993,0.1898468437953306,0.15459503112059345,0.07473680563125554,0.12207344926532342,0.01241423222154865,0.01309021095485006,0.5,0.3,0.6,27,35.565428413527094,53.96728357201941
11,17,0.1473011670649516,0.1843811448165002,0.18843434201934028,0.15458368948319845,0.0760785268586206,0.1221439313714684,0.012577911706902988,0.01335852747203491,0.5,0.3,0.6,28,35.78581184333425,54.2009994393979
11,18,0.1487958767745176,0.1847705225501975,0.18874534906703033,0.1594759766385438,0.07864669078766941,0.12314104370503975,0.01034244880859632,0.01726650942732922,0.5,0.3,0.6,29,35.46685898492647,54.81162056485308
11,19,0.7885399725646429,0.8434066574326842,0.880465020385464,0.8289688745642381,0.7165818087428161,0.222318190133657,0.01463417756973385,1.0,0.5,0.3,0.6,33,37.63802519320113,115.4513404808813
11,20,0.7651888928149264,0.8197073161149615,0.8567411994982448,0.8245551600923025,0.6927878132393359,0.1803160198073533,0.00750595468639626,1.0,0.5,0.3,0.6,36,37.55933934343447,122.6117348261134
11,21,0.7715704902708036,0.8253841929594201,0.8623680073542437,0.8371346714882649,0.7003677133338594,0.1937401060026705,0.00783038982077991,1.0,0.5,0.3,0.6,38,37.05708040270817,1235.794553603616
11,22,0.7851466738158709,0.8442245996689326,0.8921637814766799,0.8538809397794405,0.7183956149816236,0.2228401122697833,0.00750681269432215,1.0,0.5,0.3,0.6,39,35.8820807558342,114.87386332485276
11,23,0.16823857932544262,0.21215962422357737,0.23786333567995033,0.23524181904132274,0.10057451973376605,0.11839671312592012,0.03340622263648801,0.04762032241547423,0.5,0.3,0.6,41,36.72614498386211,60.41942881949281
11,24,0.1675030496859401,0.21786991298683728,0.2546118079139017,0.24397150345257662,0.09766202417709985,0.11821745750148785,0.03300431626710159,0.04701618929329067,0.5,0.3,0.6,43,36.24127097425786,60.43841432281192
11,25,0.2334230899504357,0.30321427452136496,0.3730724546094505,0.33547363546933406,0.16683112681088227,0.1111448866349096,0.1050841432259875,0.1276613287068589,0.5,0.3,0.6,44,36.58560361930096,55.74985607397071
11,26,0.22294890388849337,0.2820405029481966,0.34056901150686386,0.34601546475014305,0.1673664311877628,0.12052121824668016,0.11103985962343166,0.10311230759271557,0.5,0.3,0.6,45,37.6589817529248,51.919696310072695
11,27,0.23020742106365033,0.30105160139422404,0.38157766971753543,0.35031825363072777,0.16944075537963324,0.1111448866349096,0.1050841432259875,0.1276613287068589,0.5,0.3,0.6,46,36.72636730081068,54.472525425170765
11,28,0.21202304209535194,0.24996405610175787,0.29644443968441525,0.3295520472213782,0.17260704232388333,0.11857941301046296,0.11053469132099017,0.10033334676761171,0.5,0.3,0.6,48,41.602616303791656,54.10771376171713
11,29,0.21057044074397793,0.25253211509903783,0.30988788396687456,0.3388265897743648,0.15683038762005239,0.11857941301046296,0.11053469132099017,0.10033334676761171,0.5,0.3,0.6,50,40.47318813972403,54.87868027108587
11,30,0.22009769953757385,0.2665424526294328,0.33480509761792576,0.365606813696799,0.16692280735644116,0.11870841366192506,0.12077598864314705,0.11298841636916572,0.5,0.3,0.6,52,40.8777640877651,53.12408439755256
11,31,0.23157564788623894,0.29037021130878926,0.3806749635747032,0.4079144318102681,0.17610206490370175,0.11870428185111563,0.12079423822761096,0.13307125784153703,0.5,0.3,0.6,57,40.495709213403714,53.374637341092566
11,32,0.4286777244337555,0.4788711737892619,0.5579920734030696,0.5952218513703936,0.37745401717741545,0.13247886886256882,0.32583859907423024,0.3492311384046593,0.5,0.3,0.6,59,34.63920536562047,66.13728936498954
11,33,0.8371042344105153,0.8828089721402002,0.9616300071409865,1.038426202089119,0.7857960416562398,0.09267112867504608,0.4598739358220166,1.0,0.5,0.3,0.6,67,34.267373029861695,62.00684884457377
11,34,0.8502059561972615,0.8948408361694626,0.9735908367969163,1.0618768285079998,0.7990420208108742,0.09341691279314028,0.5041361691272683,1.0,0.5,0.3,0.6,70,33.808261621456296,61.66130673127246
11,35,0.8460994695021546,0.908112222782355,1.0198507291971517,1.1018709577132912,0.796477097046664,0.09856880921704314,0.4865912438728433,1.0,0.5,0.3,0.6,77,32.9407077050161,65.7595930802184
11,36,0.8454447922173868,0.9004695989142346,1.0011318819025163,1.1029099850874586,0.7950428522729395,0.09125000928318663,0.4970901803523641,1.0,0.5,0.3,0.6,80,33.13261485565048,66.79468254129344
11,37,0.832437475467988,0.886008280719981,0.9865749326203064,1.1106995333847343,0.7839675872820375,0.081143206331367,0.4730371093687566,1.0,0.5,0.3,0.6,83,34.7367724727089,59.34939285930212
11,38,0.8284686232870618,0.8679125669687233,0.9569352326725387,1.1120131824359265,0.8046182441739944,0.08341265036997556,0.4682617019367303,1.0,0.5,0.3,0.6,84,33.49380667329907,60.31217697156477
11,39,0.8272687478039493,0.8709458867345145,0.9708643986655661,1.1300535898882762,0.7859020074014363,0.08341265036997556,0.4682617019367303,1.0,0.5,0.3,0.6,86,34.219215215162095,59.83083437635117
11,40,0.8279698448498221,0.8773849165042547,0.9882972694442428,1.1309924008603258,0.7848323507248952,0.08306858438901257,0.4727496278533326,1.0,0.5,0.3,0.6,88,35.06182467717342,59.6991626785702
11,41,0.833875291347892,0.8959469771804038,1.0289235280796536,1.1688956831787345,0.790422706594482,0.08152244143781222,0.49626436586632394,1.0,0.5,0.3,0.6,91,34.006820087813246,61.86349798335284
11,42,0.8356004101564138,0.8876099847660412,1.0093121827916898,1.1584057567431438,0.802963248961482,0.08025047237181002,0.5094474072096683,1.0,0.5,0.3,0.6,92,34.12278022385183,60.88804633686917
11,43,0.8356004101564138,0.8943290966490556,1.0270888959952893,1.177354347295263,0.7929595830926915,0.08025047237181002,0.5094474072096683,1.0,0.5,0.3,0.6,94,34.12278022385184,60.88804633686916
11,44,0.8325400624005463,0.8908121676010492,1.0235422840529318,1.1814717981421596,0.7914789457514104,0.08640305866641128,0.4897125745672886,1.0,0.5,0.3,0.6,95,34.358978343679055,62.06946111817628
11,45,0.8343541929544451,0.8856868402355588,1.0179705311525042,1.1813433486257559,0.8054738019439955,0.07976024495489051,0.5176135782038213,1.0,0.5,0.3,0.6,97,33.491270200027,64.73047224401496
11,46,0.8343541930818444,0.8924059521185731,1.0357475950576998,1.2040549133524774,0.7951645990647676,0.07976024495489055,0.5176135782038214,1.0,0.5,0.3,0.6,99,33.49126999824667,64.73047239685907
11,47,0.8334368861696704,0.8886879835777844,1.031850023913005,1.2287899442267718,0.7969050477506566,0.08028818886216102,0.5179428445065746,1.0,0.5,0.3,0.6,105,34.19796293629883,65.1408738655286
11,48,0.8231514486971357,0.8755611571442545,1.0185422678391125,1.235099425630997,0.7877207875773102,0.09003223579007463,0.4717001337185248,1.0,0.5,0.3,0.6,112,35.57895423613317,60.50574168269592
11,49,0.8197713721965175,0.8753232495844361,1.029134977553173,1.2740819970742692,0.7873672084392233,0.08521802304869035,0.47378333227033753,1.0,0.5,0.3,0.6,116,36.07741990256172,59.979454273342455
11,50,0.8123998667635162,0.8596982738797838,1.00235515349193,1.2688194699723294,0.7789511101164036,0.08438443418797813,0.45286485356790473,1.0,0.5,0.3,0.6,121,36.45348936940265,59.859827047354536
11,51,0.8154565917230445,0.8675346992927866,1.0211266139231063,1.2960624319061629,0.7847812098842042,0.0888454232323467,0.4584519470933344,1.0,0.5,0.3,0.6,123,35.94519850174714,60.47010146703976
11,52,0.8201323719879606,0.8836263571563092,1.0592063199535984,1.3303773864380193,0.7886903635797923,0.08206991421657978,0.4882656001643012,1.0,0.5,0.3,0.6,128,35.80214346019037,61.84435133389477
11,53,0.853970622632768,0.9285629301924279,1.1261108178582788,1.4095953198667486,0.823039529154981,0.08832712252538058,0.5939978123615397,1.0,0.5,0.3,0.6,138,34.62304278473525,64.33487358888068
11,54,0.8677031223240572,0.9406688960339215,1.138115174691588,1.4407359680787672,0.8377349966708081,0.09265178847426374,0.6348893993526856,1.0,0.5,0.3,0.6,143,37.08925033784351,67.28994053964529
11,55,0.8676971482009495,0.9473681179678192,1.1558711965010193,1.4653768464638008,0.8368135568737125,0.09265178847426374,0.6348893993526856,1.0,0.5,0.3,0.6,145,36.87761402389325,67.55147844821205
11,56,0.8589903656553858,0.9374947192449279,1.145924411113231,1.4548163812870416,0.8319549323356963,0.09132494786508985,0.609736101431916,1.0,0.5,0.3,0.6,146,36.61046904100666,66.26031773731302
11,57,0.8551820974129474,0.9230482057057448,1.1201757673995258,1.4494263712697832,0.8377424095306355,0.087310617440331,0.6092496867132524,1.0,0.5,0.3,0.6,147,36.53657840560398,64.94262470896614
11,58,0.8315629927938049,0.945573787184744,1.220049088115141,1.5252364826642093,0.8033039275802325,0.08401021015823382,0.5372599057903992,1.0,0.5,0.3,0.6,168,34.348878117654145,63.21035887931384
12,0,0.9396613319531855,0.9706617098999658,0.9693739310176974,0.1285315778765712,0.0,0.0,0.0,0.0,0.5,0.3,0.6,1,162.6974129044,173.28407877396515
12,1,0.8389316823760974,0.9359693877814118,0.9313272807583646,0.16149616910656314,0.11916407978388009,0.08322635773869028,9.205020046089e-05,0.00014558212374388,0.5,0.3,0.6,3,140.72857813671888,158.51648287061874
12,2,0.3479993880033116,0.5294680488743254,0.5161970285037732,0.14190665134642558,0.9859839277192393,0.10478268241933172,0.02259152617813515,0.02976207654933883,0.5,0.3,0.6,4,62.97976893993202,88.23203132959443
12,3,0.18694432286827473,0.2823356163582471,0.25930247127227546,0.0849927575391317,0.5034597663720333,0.09639676152251904,0.00462254129843628,0.00452501605538806,0.5,0.3,0.6,5,47.23768646733456,71.21352524489824
12,4,0.16812104113443682,0.24219120644072703,0.21738272025600172,0.08890290871765344,0.09337517117363774,0.10091073999483005,0.00239548661258501,0.00238827027321808,0.5,0.3,0.6,7,41.73141423709991,68.00517896651198
12,5,0.16712640206776044,0.2467600751172562,0.23291545574596753,0.09518762174965324,0.05474017280619251,0.10093828489469944,0.00235786230403568,0.00234640533747566,0.5,0.3,0.6,9,41.89968984946399,67.67611421321187
12,6,0.16348891153770473,0.2311978966901942,0.205879013906771,0.10264788246345144,0.07248869771776514,0.10098574071492492,0.00259565703324332,0.00328013960388678,0.5,0.3,0.6,10,42.47761601421787,68.69818794297942
12,7,0.16348892257566633,0.23119810130119794,0.2058790134667529,0.10264791550008263,0.05323971045440967,0.10098574085578145,0.00259565650547725,0.0032801390170259003,0.5,0.3,0.6,12,42.47767705175018,68.69825158641379
12,8,0.16134418181237659,0.2271343215708257,0.21219408790207223,0.11732645372398574,0.06576027650785737,0.10298006896855345,0.0061869445043618,0.007629741612866831,0.5,0.3,0.6,16,39.355565548702415,61.70550473541358
12,9,0.15612536239529826,0.2075687644356997,0.18098377711624544,0.11828743917249514,0.07202002788789542,0.10336508335343111,0.00608411834705278,0.00824920765861998,0.5,0.3,0.6,18,40.81140448690413,59.36365521572099
12,10,0.15725530605247398,0.2083050582750528,0.18169024055358934,0.1273955438645271,0.06055690278040012,0.10329715538367448,0.0072197567865760395,0.01009805837480297,0.5,0.3,0.6,20,39.21615350843376,63.09107971199
12,11,0.14337206417622317,0.1823221379406439,0.16536157655004097,0.12145033693240624,0.12393817305823077,0.10462180723470804,0.00550074799741749,0.008638275245121679,0.5,0.3,0.6,21,38.57964345616752,58.05720780772537
12,12,0.14264040975332729,0.17384263898385563,0.15632002621925872,0.13449929647441658,0.0764626512605314,0.10444459683115674,0.00905301225140612,0.014220055799293498,0.5,0.3,0.6,23,35.79834969933255,68.69026726766225
12,13,0.1393637988951045,0.17007389059144598,0.1630943350428386,0.14462169557861043,0.07657277776606138,0.10382056228972385,0.00975116732192884,0.01645362755745679,0.5,0.3,0.6,25,36.35660482395338,131.59171326562478
12,14,0.13140468789873117,0.148157563653603,0.11902576225766415,0.12833945756498835,0.057918638972678974,0.10263232978100163,0.0052293323317515895,0.00697233132219912,0.5,0.3,0.6,27,36.95997960171292,62.08515809452815
12,15,0.13812680121417822,0.17943993953065607,0.19437487868495634,0.17636154721162506,0.06615153567987293,0.10461587421035468,0.00978538305683089,0.01660444717208042,0.5,0.3,0.6,35,36.49047052047526,132.0260237047728
12,16,0.1303363217041228,0.16429260049295435,0.1681248793453741,0.18275841487685812,0.05884885124950288,0.10424243633787747,0.00551498789526615,0.00671529025090988,0.5,0.3,0.6,37,44.19781247520943,60.47222760934108
12,17,0.1300599586251901,0.1650588763007465,0.17955077105111564,0.1939505113062811,0.07010433618415679,0.10359887211526905,0.007621261646049619,0.01139000724723276,0.5,0.3,0.6,39,41.28969684105079,66.50829769254169
12,18,0.12919185241745948,0.16276319788537827,0.1771555726624361,0.20615197997711487,0.06242240251716266,0.10392664724111855,0.00728985433506861,0.011234499349277189,0.5,0.3,0.6,42,41.76053271779039,65.3736131586577
12,19,0.12839150832805388,0.15275192297175305,0.1559133955964647,0.19945735277109883,0.06957735507825062,0.10462435746056029,0.0073253139261636995,0.01173156904205723,0.5,0.3,0.6,43,42.7506549574784,64.251349340431
12,20,0.1319030929524778,0.15928212079447665,0.1732457759419024,0.21687994061751154,0.07895083012211396,0.10289820971247746,0.01528506768498833,0.01857317992923025,0.5,0.3,0.6,44,42.9054667737491,62.23273563220009
12,21,0.13140742209140227,0.16469706111531407,0.18966248142674744,0.22954189660611352,0.06842357025782267,0.1028921844391824,0.01524521597979297,0.01853619134566048,0.5,0.3,0.6,46,41.1552037500198,62.789373066932605
12,22,0.16553317849240784,0.2121673636062661,0.26983958339655006,0.28509606886816224,0.12658517033850236,0.10032872653281515,0.02262408467448092,0.08019877774806551,0.5,0.3,0.6,47,41.39967420711677,64.02984726562757
12,23,0.16396312898218363,0.2097099318484894,0.2673220340590549,0.2900632418949885,0.10537999925502652,0.10042712037046568,0.02167235692593257,0.07878734707507147,0.5,0.3,0.6,49,41.82534883488474,64.57988371935359
12,24,0.15785581968239823,0.20920814054414408,0.28840670824598924,0.31736409399033,0.10697861978258785,0.10255122854387025,0.019981526083434082,0.07470893521296666,0.5,0.3,0.6,54,43.484167368410894,63.03123317097533
12,25,0.15983993676027378,0.22226413659019906,0.3234192233716781,0.35429799664954703,0.10776401835893826,0.10029322545495205,0.02292720861142743,0.08049964798361706,0.5,0.3,0.6,57,44.38183403541565,68.26691382614193
12,26,0.18168356184744594,0.22275557688190667,0.3012695440106137,0.3536281770566396,0.13935096805848704,0.10893868437871065,0.08215882290954762,0.08688035458435017,0.5,0.3,0.6,60,48.62627947407528,59.492732578186086
12,27,0.18073953386261013,0.22664929073525583,0.3160968567911972,0.3636606676195248,0.1341000867363924,0.10893868437871065,0.08215882290954762,0.08688035458435017,0.5,0.3,0.6,62,47.13907692301205,60.62541386800695
12,28,0.18009164693505927,0.22412356970164068,0.3134468900613503,0.3876307648716624,0.134409031867602,0.1078094100422153,0.0831565443228514,0.08781518245079967,0.5,0.3,0.6,64,45.48894323718199,64.54501519683268
12,29,0.1780818641316766,0.22067723779475176,0.309906783005901,0.38198134011740686,0.13169058422234547,0.10777136747289899,0.0823522383975456,0.086085000132351,0.5,0.3,0.6,67,48.83876187239056,61.16535455040806
12,30,0.1794194063630973,0.22722299312418762,0.32741036212700814,0.39711524875514737,0.1346125160899046,0.1087254181875218,0.08329981307451562,0.08828822043427396,0.5,0.3,0.6,69,48.60053916158343,61.78768787479999
12,31,0.1777003599174172,0.21608205368051425,0.3050353895987288,0.41046888422497896,0.1400786364600335,0.10913919221263987,0.08128766603862217,0.08828630508386645,0.5,0.3,0.6,70,44.225508950986416,58.21998941763865
12,32,0.17208878104224612,0.21648525463393248,0.32707208439507535,0.4217630276869875,0.1521097269085922,0.10962122207997405,0.07484684748825673,0.08767634570726074,0.5,0.3,0.6,71,46.354184460446994,63.44332175615866
12,33,0.17175270979174928,0.21288289224098494,0.3232590769166464,0.4215565468377476,0.13592669052257292,0.1087618424639327,0.08120997926741907,0.08720261502032231,0.5,0.3,0.6,73,46.0258898121245,63.45930533452262
12,34,0.17292288162367234,0.20724976721993232,0.30656225955497474,0.4193136099099099,0.13259915075270268,0.10936468238960403,0.08152712109915905,0.08857413596167094,0.5,0.3,0.6,74,47.90386037863669,61.42790092178347
12,35,0.1721497745817792,0.21151277796358026,0.32177534409124375,0.42997299243755926,0.13475722652470692,0.10936468238960403,0.08152712109915905,0.08857413596167094,0.5,0.3,0.6,76,44.37380421924247,65.58432621860743
12,36,0.1728769066808518,0.20425336937158875,0.30337728210907755,0.43026496770205513,0.13733180445945758,0.10994929610880147,0.08192117856725716,0.09007203497469568,0.5,0.3,0.6,77,45.31311494991919,64.5408654485125
12,37,0.17144238120730038,0.21598473569846408,0.3372065650202736,0.4477467792569081,0.1330908131714089,0.10936468238960409,0.08152712109915897,0.088574135961671,0.5,0.3,0.6,78,45.98916358872826,63.31988349464117
12,38,0.17140472102306933,0.2225840977847352,0.3548580777540727,0.4696198687490825,0.13240612496569798,0.10936468238960409,0.08152712109915897,0.08857413596167103,0.5,0.3,0.6,80,45.64703496363572,63.73544853215481
12,39,0.4326043383324803,0.5056651889928756,0.6818505562331083,0.8202808484418725,0.39673839133582084,0.08610517614609828,1.0,0.08784003819650858,0.5,0.3,0.6,95,54.72264181729165,62.91674518974148
12,40,0.20343149682584577,0.2601220291269431,0.4140058996627134,0.5999238899643056,0.16912595391569124,0.11135319944271246,0.12053257565091076,0.12676745629861794,0.5,0.3,0.6,102,46.0093643026008,60.348231367716615
12,41,0.21034253808595982,0.2654247352282524,0.4192063930049525,0.6143358744065236,0.18027315495124088,0.11268882926042689,0.1251240111719801,0.13607680602842082,0.5,0.3,0.6,103,44.56429580271515,59.81234355197344
12,42,0.19529893605175588,0.2566870923365693,0.4215005968714931,0.6118073713621117,0.1610498538287441,0.10719895305499835,0.11680887035643617,0.12003089321414588,0.5,0.3,0.6,106,46.42419600405778,60.21061225362859
12,43,0.16726927040625822,0.22509920938681494,0.3896881724620464,0.5281178577728411,0.13534458229297938,0.1019907981737016,0.10339794190766763,0.08696184618960232,0.5,0.3,0.6,115,44.33426989851778,65.39580061751215
12,44,0.16790534808410432,0.2250933603040865,0.38964164314231603,0.5399553108705182,0.13697450845435172,0.10336526175821903,0.10301636877219807,0.08753298836742436,0.5,0.3,0.6,116,44.99101670545902,65.64866366723656
12,45,0.2549396395685261,0.4286527437359899,0.7919606590158683,1.091200649075136,0.2242146931687312,0.10793457202088205,0.20372944843406843,0.18159991156518146,0.5,0.3,0.6,192,43.92792311515619,73.18537681368082
12,46,0.24833392102444216,0.4275157581110871,0.8018030793763413,1.0802983081901065,0.22158625064235044,0.10502766717180204,0.2038418676469001,0.17384484138109202,0.5,0.3,0.6,193,45.28368759167432,73.16900973996006
13,0,0.9696121841513271,0.9854262036751295,0.984786564762135,0.1309158824022352,0.0,0.0,0.0,0.0,0.5,0.3,0.6,1,144.31831486890002,177.12340095585662
13,1,0.8655227080788159,0.9502489946897877,0.9463174861051195,0.162201225509985,0.11581338289075135,0.07942802653679816,9.135211357036e-05,0.00013062206832329,0.5,0.3,0.6,3,123.47159588016524,157.14097845111652
13,2,0.35993293853846264,0.5466957535328456,0.5344132129305691,0.14025318780634197,0.9678679819123512,0.09820284387077012,0.02277578913847931,0.02633891395039148,0.5,0.3,0.6,4,56.78073342476186,84.81441796573615
13,3,0.20678405431487035,0.32244211452313276,0.3012296342998323,0.09032846793482807,0.4639776646110748,0.09237367988540372,0.00471612206848214,0.0055502073435271,0.5,0.3,0.6,5,34.956812477135635,62.17567746650193
13,4,0.1922894785992654,0.29508016808235804,0.2726908375895719,0.09560620213850321,0.07754452228672976,0.09591302840267524,0.00240381723315009,0.00283906077403933,0.5,0.3,0.6,7,35.70057650725916,64.37734813349115
13,5,0.18948317914875012,0.27737961659482335,0.2537137136587638,0.08840151824790293,0.11997374485372904,0.09877478645829628,0.01186595280982854,0.014687451474213182,0.5,0.3,0.6,8,27.70164659513482,57.09317277703988
13,6,0.18819240240823754,0.29562214660411684,0.3050760796097933,0.12134820092105893,0.062278279967147306,0.09879260541263922,0.01113596575297492,0.013855753154946249,0.5,0.3,0.6,10,27.191092685307467,56.51190456421261
13,7,0.16841443361292993,0.2613880785823771,0.2696502909990527,0.11996410510358733,0.08148834031051166,0.09589118744931928,0.00576249604586097,0.00716036730104048,0.5,0.3,0.6,12,27.498189777737576,58.76552360940397
13,8,0.16780963982122474,0.24461067512986293,0.24106343800622101,0.1212298691777557,0.06970888640436283,0.10333252714458183,0.007129998062977499,0.01205888385511416,0.5,0.3,0.6,16,25.80435598948024,59.68087874231608
13,9,0.1732290259206359,0.24533459979258807,0.24142071421073255,0.13435107318635886,0.07858446066546618,0.11151671519945427,0.00957593496239787,0.01914663118597657,0.5,0.3,0.6,18,25.378593820133577,59.5854953514775
13,10,0.17482796880669788,0.23799367049951609,0.22285027655907497,0.1450671749546551,0.07607051524768543,0.11710333445527192,0.00980053642216894,0.01987708637319667,0.5,0.3,0.6,21,23.886053753676784,58.87337774923289
13,11,0.17270833466470825,0.23548714749153554,0.22031381760745206,0.1431682996628262,0.07295277806618852,0.1161272646283014,0.00883199204072427,0.01812567586317898,0.5,0.3,0.6,22,23.94189139974002,58.38021864925638
13,12,0.17218860735149594,0.2409970734988747,0.2368283557667669,0.150968755467016,0.07281228564378744,0.1161272646283014,0.00883199204072427,0.01812567586317898,0.5,0.3,0.6,24,24.416405670444647,59.79601042243957
13,13,0.17253939851841715,0.24650674795670752,0.25327576658016726,0.1659163510466901,0.07587922516800023,0.11815573722522243,0.010764059446780461,0.01800633547523622,0.5,0.3,0.6,26,25.03434835088109,61.00400357657886
13,14,0.17212252008510787,0.2457328687302342,0.2524743402977073,0.16566429257350201,0.07359166857927246,0.11749298310445573,0.01103137563920115,0.01817409894609975,0.5,0.3,0.6,28,25.620472665028707,61.09298668224383
13,15,0.15915781643800106,0.23136481495298397,0.23799833344294843,0.15829354747132898,0.06608673152378212,0.09068411803036483,0.01917189391386756,0.01660053360335046,0.5,0.3,0.6,29,25.773692860588547,61.62796624576877
13,16,0.2158939900764113,0.2863359736255638,0.30338666448024554,0.23023858323379126,0.15344367816469104,0.10632226376007099,0.06280090333738356,0.08650533126363133,0.5,0.3,0.6,30,27.641039502810667,57.21382664632046
13,17,0.21573466955644777,0.28595068275556307,0.3029840590479485,0.23324978408947838,0.12429521251094904,0.10632226376007096,0.06280090333738353,0.08650533126363133,0.5,0.3,0.6,32,27.283668253523565,56.63481774142387
13,18,0.2153910613353331,0.29068582314868513,0.31865438581090716,0.23975460485667932,0.12659782847057327,0.10776232223301177,0.06283423845153885,0.08663460351438991,0.5,0.3,0.6,35,26.92116228181492,56.90647680792237
13,19,0.21228383651252827,0.29298986670631655,0.3319187950552964,0.2522249731339252,0.1270122315921539,0.10366677001285629,0.06276489579470497,0.08642119949242495,0.5,0.3,0.6,36,26.3280516161404,57.46216000725458
13,20,0.2118588801073103,0.2919147765836274,0.33079525593751913,0.264615919065177,0.1236546257539815,0.10362553176209537,0.0627821102927336,0.08648863846800789,0.5,0.3,0.6,38,26.48815415816865,57.74661763754525
13,21,0.2393376970807696,0.31988473202058615,0.3693637600776911,0.32613048145113,0.15781296590747748,0.1149101936203907,0.18083256586750984,0.07091684604274591,0.5,0.3,0.6,45,26.401145757628058,57.99297874864149
13,22,0.23875720366560557,0.30695108588077546,0.3449622254900724,0.3401695161598667,0.17624228955099214,0.120423550337274,0.1809573557637606,0.07148357371395783,0.5,0.3,0.6,46,25.64760266153334,61.6970931355452
13,23,0.23616778403501554,0.3082027275360848,0.3570634327666625,0.32613448364882536,0.16622298229685478,0.1155792587257,0.1987939058993228,0.0653862727932872,0.5,0.3,0.6,47,24.49551899293113,60.49152520851777
13,24,0.23542524774838788,0.3130111739977752,0.37284570599336675,0.3477751917684999,0.15792097575152447,0.1155792587257,0.19879390589932275,0.0653862727932872,0.5,0.3,0.6,50,24.63014570807183,61.47288835544146
13,25,0.23523523618232456,0.3058032204787409,0.3545583712658776,0.35083153013470525,0.1571271876525746,0.1155792587257,0.1987939058993228,0.0653862727932872,0.5,0.3,0.6,52,24.761275272352258,62.1518021841571
13,26,0.2361229392616288,0.3025661332653574,0.3510263103145888,0.3563681761100611,0.16694872939252875,0.12113921997373482,0.198926224653434,0.06649360434261692,0.5,0.3,0.6,54,23.963308364536744,64.75971746453797
13,27,0.23295611196190968,0.289873288427297,0.32707646376131394,0.3469720823602083,0.16737295879136127,0.11738140549174633,0.1988663070814214,0.06726899557911345,0.5,0.3,0.6,55,24.72689181995796,63.926845558180176
13,28,0.2329976111023036,0.28947543319493146,0.32664758149487366,0.36869070166278445,0.15933592424810292,0.11932739585738392,0.1983669522916011,0.06641843368476621,0.5,0.3,0.6,59,25.15385417175744,58.55930621546948
13,29,0.23189143780367777,0.29428012709066576,0.34245265816303316,0.3786640037637733,0.16095635556270077,0.11632004891440055,0.1986960132732151,0.06773774355672987,0.5,0.3,0.6,60,24.52660923395275,64.61099775256163
13,30,0.3351645665275894,0.41738501987724674,0.5092933730030782,0.5529868581587738,0.2688033917517747,0.09768782894378736,0.29345604798305847,0.21505516865271482,0.5,0.3,0.6,67,33.283317319277614,51.67206089596486
13,31,0.3327736719142752,0.4071241179583789,0.4878948510397898,0.5678155328713189,0.26608205472562,0.10318863701808594,0.29831617229215646,0.20518619981585684,0.5,0.3,0.6,69,33.609745629044255,54.27947749770209
13,32,0.3261670726330376,0.4063085586913268,0.4980720611840633,0.5621398865055146,0.26115157904161,0.0957260781383496,0.2985840712538152,0.20116533262063335,0.5,0.3,0.6,70,33.150649309132135,53.64580077806023
13,33,0.3746673628848324,0.4680958118500933,0.5819638206889087,0.6216748686091856,0.3072423148714011,0.10131769303263014,0.328267318990592,0.2626452530690886,0.5,0.3,0.6,71,30.784115963419858,56.00107508587028
13,34,0.33585221290133604,0.4130195915210495,0.5045767263061227,0.5937488299962365,0.27854769866619933,0.10179383625515019,0.29110053302381067,0.2188706908982676,0.5,0.3,0.6,72,33.04507783048073,54.75140844966118
13,35,0.3436059498242195,0.4258463041369891,0.5283473679952903,0.6026650176201391,0.28351154625385083,0.10240080571352701,0.2931374190503727,0.23184517433252982,0.5,0.3,0.6,73,33.4725988812945,54.7278575199171
13,36,0.39171772679873174,0.478730658516451,0.5921549529041339,0.6472647693484866,0.33357566242370507,0.09900020634204838,0.3288929498474105,0.2988354129461996,0.5,0.3,0.6,74,34.46609138121422,59.47474777020057
13,37,0.37724421213722403,0.4564923803503437,0.558787463798668,0.6435930971262573,0.31702548009441234,0.10333061747677112,0.3314016750164853,0.2708342758677829,0.5,0.3,0.6,75,31.31904905150625,58.03658566439354
13,38,0.414488951616004,0.5048873801821814,0.6291407044011401,0.6970481246238582,0.3556937413357298,0.09785103201065429,0.33980117069097304,0.33541614086558047,0.5,0.3,0.6,77,31.71802734300051,57.29815780031779
13,39,0.380903856353221,0.4549288040504731,0.5568669019899231,0.6593288284688917,0.3293710840506425,0.10370660686097315,0.3227515022330426,0.28579941784247004,0.5,0.3,0.6,78,32.606381896472,56.30413538585196
13,40,0.3647740210983192,0.4479754139299167,0.5717393354404958,0.656637839683604,0.31304957388239096,0.10127823971629916,0.3271331834335002,0.26262599210024323,0.5,0.3,0.6,80,34.457607838078786,56.24030472189095
13,41,0.3722254922077326,0.4606516412601502,0.5953724045264517,0.6991495486437127,0.3157938638544986,0.09768034870419888,0.3292915726135478,0.278305969363493,0.5,0.3,0.6,84,32.18922783524705,64.2403786980793
13,42,0.4012845590709205,0.4875880047530669,0.6221658058764354,0.7227985590234132,0.34806269464705974,0.09942805550906576,0.32740391994732904,0.3281163800684748,0.5,0.3,0.6,86,34.40427289897942,60.87791994022493
13,43,0.8307666880334523,0.9128067293669196,1.047098713603141,1.149901318695386,0.7809341088362041,0.09336604147516012,0.4328383856697795,1.0,0.5,0.3,0.6,89,37.44609860034639,61.95919601705991
13,44,0.37245766065103003,0.4866474574488472,0.6761310140992196,0.7458856714063018,0.3196141696154676,0.09699072780081032,0.3332061341321544,0.2842017633687972,0.5,0.3,0.6,96,33.33246609172535,61.26831610561443
13,45,0.37518614492919933,0.47936325541210445,0.657569822953018,0.7710436011830907,0.3335544989498743,0.09864151361434428,0.33491071485521495,0.2893608319944204,0.5,0.3,0.6,97,34.87032375097518,58.32911725906036
13,46,0.3598327096859939,0.45966777016602856,0.637587558276668,0.7539260449996124,0.32347509957498,0.09422086134883798,0.33420933102921724,0.27146429459290833,0.5,0.3,0.6,98,34.338350044985575,61.66492707288214
13,47,0.38677612293089775,0.4863968558029721,0.6643022511872305,0.7801325955657537,0.33797940134604443,0.09168211311219741,0.33498788074036334,0.3182756695032048,0.5,0.3,0.6,99,34.60064794562675,61.48060742840954
13,48,0.37140022007745,0.46827909166203807,0.6460043971028444,0.7691515554894013,0.33160310522305564,0.09372310253101668,0.33372783404676654,0.29385866590171406,0.5,0.3,0.6,100,34.1715790446792,62.71269616853367
13,49,0.3655461467608618,0.4688819842090354,0.6576473290599285,0.7716437762711106,0.31837534558219616,0.09265078581089284,0.3341839970139328,0.2849839120477405,0.5,0.3,0.6,101,35.42547040938587,63.84233373952775
13,50,0.3928151149337318,0.48853706991117585,0.6661863638534073,0.8028652826655279,0.34798621734923896,0.09418339564972707,0.3273358557128923,0.33331670841501293,0.5,0.3,0.6,102,34.68116245070953,61.23628707245312
13,51,0.8200037862619391,0.9117563905202279,1.0891462470371487,1.2310437487815968,0.7863989329781926,0.08929108981155663,0.43256505552757396,1.0,0.5,0.3,0.6,103,37.52414432714489,62.30995084192892
13,52,0.5626394927832676,0.6633919941842799,0.8626084602698815,1.0973811131756812,0.5198510054701844,0.12203261314751823,0.42755208830867,0.5498407402587985,0.5,0.3,0.6,123,36.19061794495333,63.06942882614548
13,53,0.4301435339077939,0.5443212211587798,0.755031545051984,1.0030350408998172,0.38428803391788835,0.1053674201093012,0.3415216869097898,0.3805161020317803,0.5,0.3,0.6,125,35.43702824584313,55.17466242049549
13,54,0.7465448566218651,0.914399980237609,1.1711281674504386,1.3095265776087701,0.6870249713194921,0.09832863489892898,0.4883227825861388,0.8171165904079796,0.5,0.3,0.6,134,37.35987345685216,58.24224843550546
13,55,0.6418124894878945,0.7925403277120859,1.0375084557742236,1.2161120217576582,0.5951109520898212,0.09338036899558647,0.47044485319682616,0.6649543216349786,0.5,0.3,0.6,135,41.26715465602801,64.69723172920439
13,56,0.7332459595409341,0.8933155377155594,1.1495168591653935,1.3216480338890932,0.6849742717920692,0.10154667664309829,0.47848892769810647,0.8042073127580045,0.5,0.3,0.6,137,40.041534287838566,56.76230831748752
13,57,0.5950466953850235,0.7664060007009506,1.0445788377076866,1.225827362565198,0.5402255072594724,0.10015925923209994,0.4609133250845451,0.5857135646405319,0.5,0.3,0.6,143,42.80722831774088,60.739552102414464
13,58,0.7690878572842321,0.9261857551975445,1.171582873041873,1.4542702755489438,0.7165479742602671,0.11373316071887991,0.4713636911840092,0.8540006971574041,0.5,0.3,0.6,145,32.221688951422706,59.19900830963706
13,59,0.7589516342322401,0.8989362666078315,1.1113667431470458,1.4202790542639743,0.7027781098266109,0.10122903454001689,0.48246921440445056,0.8392124444996547,0.5,0.3,0.6,147,35.74467990202751,61.56611902136752
13,60,0.590888835555589,0.7559852927961724,1.0231313521211438,1.3044115563764245,0.5594892502285223,0.10376841216392607,0.48462526412548873,0.5635180016802097,0.5,0.3,0.6,148,35.96576873807236,63.22617712942222
13,61,0.6733875413295882,0.8097843368782579,1.032577348114761,1.406549074874603,0.6198355112586816,0.1051767006745223,0.46249344605999887,0.7125053514960207,0.5,0.3,0.6,158,36.15471896613765,57.48260777057532
13,62,0.62993080992207,0.7672614537629368,0.990117214769693,1.3704843672712836,0.5756657939287475,0.10598784344739523,0.4534511004236525,0.6431059763187285,0.5,0.3,0.6,160,40.18522685543397,58.86568083009829
13,63,0.6300047670119163,0.7674761421827827,0.9903413130895873,1.359794206654493,0.5750312276836524,0.10598784344739523,0.45345110042365244,0.6431059763187285,0.5,0.3,0.6,161,40.49503540974186,59.004990007278536
13,64,0.6243319138697173,0.7597337300375906,0.9824603447265885,1.3730733057937283,0.5766241633548893,0.11167633279199549,0.45351822046990015,0.6306837877074133,0.5,0.3,0.6,162,38.86238850258857,57.30577875835706
13,65,0.747762324594702,0.8963494177932255,1.141174357512819,1.503366488642294,0.7101828980407756,0.10120785346497836,0.4473972715538115,0.8484048944488747,0.5,0.3,0.6,163,34.19733055440019,62.23794694340051
13,66,0.753705309090998,0.9023827826127251,1.157825144534986,1.5342380140147573,0.7062604000905163,0.10388828374169763,0.45744888867704414,0.8567226842884146,0.5,0.3,0.6,168,35.373398905212106,64.90084454217575
13,67,0.7373165412661085,0.8899321776532587,1.14563538624209,1.5206574891604927,0.6865558960417985,0.09938746802405612,0.4439304411850372,0.8365677043800238,0.5,0.3,0.6,170,33.92327370023406,54.7025690014165
13,68,0.7394082546506621,0.8835962548148896,1.128128933536151,1.527065395589445,0.6905264328143252,0.1020401486915629,0.4432341890906688,0.8396516918287734,0.5,0.3,0.6,171,34.154582796031804,54.8509501991764
13,69,0.7417020746006028,0.8950720628285196,1.1508253444511336,1.5364110631056005,0.6889126997942456,0.10132254116280519,0.44419675136795755,0.8414828561355889,0.5,0.3,0.6,172,34.91205021419044,56.18346847536484
13,70,0.7296233264999308,0.8870655017060542,1.1537007006309263,1.5397283470190695,0.6795751353987257,0.10140868705573472,0.4459768425956068,0.8226550369573689,0.5,0.3,0.6,174,35.05789032798698,56.24058227376451
14,0,0.8967649933029587,0.9487778446471944,0.9465295797507707,0.12499780811258666,0.0,0.0,0.0,0.0,0.5,0.3,0.6,1,188.23322829,177.21820807260866
14,1,0.794192452274915,0.906857359951219,0.9012326054295495,0.1511534016904527,0.11294422036741937,0.06975670607131836,8.99460839246e-05,0.00015896393459579,0.5,0.3,0.6,3,163.56983561039866,156.20318444391415
14,2,0.3453733597468682,0.5295184986082339,0.5167274555985126,0.13279686303477603,0.9076299115552333,0.08393885758983352,0.02190908695376381,0.02933981679401379,0.5,0.3,0.6,4,58.83161109323205,89.06521939006629
14,3,0.17627852102768382,0.26939544073085725,0.24617543203724176,0.07560529454818062,0.5250955550661149,0.07944314555287167,0.0046588098349390995,0.004175004132491731,0.5,0.3,0.6,5,38.98940541470768,65.66297287446626
14,4,0.1739487347703099,0.24954526342346203,0.22486064538369274,0.08003073438577171,0.12476328487539265,0.0851020457531605,0.01240096319051774,0.018115752566669318,0.5,0.3,0.6,6,37.35798589996455,57.80928537030591
14,5,0.15188744355071707,0.2107324714702243,0.18471715107410272,0.07651371997838967,0.07935553198344228,0.08258848762148138,0.00624459656140477,0.00912241883184416,0.5,0.3,0.6,8,37.37202964209708,59.84756815118287
14,6,0.14607044560605298,0.1984448933582408,0.17193100200080413,0.07374839852226721,0.05921721548774817,0.08257434531917895,0.0053916839249492495,0.0080089398695295,0.5,0.3,0.6,10,37.25894126833938,58.43444866852575
14,7,0.16408016259401947,0.21541100684040645,0.18881763189563197,0.10185636911295144,0.07017038746955431,0.09572693347659296,0.01173958996300592,0.025176538598189517,0.5,0.3,0.6,11,35.40823611854795,55.81520788927625
14,8,0.14502590300895682,0.18475062966729253,0.15728425295448753,0.09494282217602788,0.07587444746907852,0.0927082942095678,0.0059139166070152,0.01265282756435327,0.5,0.3,0.6,13,35.32747221645009,57.756863399223775
14,9,0.14449945013251364,0.19010836059791197,0.17363772664346847,0.10204480808210294,0.057196118896371974,0.09267177523071192,0.00596354785885036,0.012739360876885899,0.5,0.3,0.6,15,35.874559925525105,56.957880972460615
14,10,0.17310163100317674,0.22327430837183718,0.2177020630721872,0.1412798389568268,0.08952410131302979,0.15125667310213647,0.00597784736696373,0.014039894865343999,0.5,0.3,0.6,17,35.87157195450315,53.86599022565972
14,11,0.17605996754397615,0.23014330917975967,0.23542204444374154,0.1558087764871411,0.10023691757078473,0.15766921959808863,0.00659958396573634,0.01647722902370366,0.5,0.3,0.6,18,35.74779938553832,53.45726384122822
14,12,1.1850183556151963,1.2351242078245195,1.2401123484260426,1.177473036018836,1.106772224024782,1.0,0.007666492760086201,1.0,0.5,0.3,0.6,21,39.381541747340464,67.32899183007271
14,13,0.17778255958860867,0.23415988077032168,0.25017334751516873,0.18721654060775028,0.09610309107236772,0.16623044475281337,0.006757473149922979,0.01702277267522794,0.5,0.3,0.6,23,34.93744946277651,54.90670922941344
14,14,0.1765214430091774,0.23286783778463285,0.24887869514330133,0.19161296351105986,0.09419669063066993,0.1623547926238326,0.00812256172991861,0.01751564151044532,0.5,0.3,0.6,25,37.56986796345558,52.98127453802234
14,15,0.17371195012573984,0.2238699248567921,0.2394340865279652,0.19407639952336478,0.11588360983859383,0.16585896223755817,0.006824419252543649,0.01719995958356496,0.5,0.3,0.6,26,34.717935507109,53.72594659534081
14,16,0.17257237535176967,0.22082108570063094,0.2362485910463388,0.20532623942200026,0.0985208004368682,0.16158540561120274,0.00756444999982767,0.02050275993255482,0.5,0.3,0.6,28,34.785930503326746,56.50406294398014
14,17,0.17191089361810993,0.22684042827886683,0.25332263995892235,0.22274561489042308,0.09478936081351388,0.16036292800629373,0.00756291362439653,0.020459869800786328,0.5,0.3,0.6,30,34.76481169814678,56.492490765579575
14,18,0.17245653081026135,0.23395911482037113,0.27148884097789727,0.23874100566310952,0.0956047769968889,0.16158540577337616,0.007564449982955181,0.02050275988860796,0.5,0.3,0.6,32,35.07652461483758,56.20633337069484
14,19,0.14469781156375539,0.19016014706515155,0.20538900546301309,0.20553463330316646,0.0709427359902641,0.08934076001444957,0.043366037207417954,0.01924878386310412,0.5,0.3,0.6,37,36.55600373543001,59.3494592675502
14,20,0.16831958876493133,0.2095968578850514,0.22452909570195778,0.2276270476619219,0.11104771168747811,0.09672636953509216,0.10511610699397575,0.025871235252104892,0.5,0.3,0.6,38,38.58983581706336,60.32842407296049
14,21,0.17153108360619057,0.2240169211979529,0.2609076162386926,0.2723667351016989,0.10137079824670066,0.09697680990527012,0.11647520466767655,0.027581927314398257,0.5,0.3,0.6,43,39.400173764893054,61.97470717975074
14,22,0.1727510787621379,0.2209913683401894,0.25758469505428006,0.289743033633468,0.11580982823130348,0.10614106109527972,0.08651319723667787,0.04117084218976318,0.5,0.3,0.6,44,36.18286643767065,55.33023209360817
14,23,0.16846878180480523,0.21558019788483962,0.2520950876166085,0.2899287829931223,0.10374084533944744,0.09867055569838831,0.09367229902644646,0.03778568842129617,0.5,0.3,0.6,45,37.21801997479903,56.74491302765945
14,29,0.14070837396399707,0.19943213622049671,0.2791283334891207,0.3704765849886973,0.11101405755858285,0.08175371646272359,0.08026290553924992,0.026716181379758407,0.5,0.3,0.6,63,38.9399011174598,55.728681981191656
14,30,0.14001576660867646,0.19496112167884697,0.27440165280139744,0.3874058724095573,0.0824702022764863,0.08562645032438776,0.08229445686896067,0.02473060247730018,0.5,0.3,0.6,71,39.069812712555226,55.49481609386835
14,31,0.1420696208299103,0.19610726401529643,0.2754862341103324,0.3994930014260142,0.086294224387413,0.08946504923949031,0.08164887228393027,0.026089052900314443,0.5,0.3,0.6,74,37.714223775802175,58.61007183245352
14,32,0.14598177751643568,0.20363907515750523,0.29386751487728435,0.429695089795845,0.09272270276543768,0.09154012313299148,0.08450064784911701,0.0321999875637021,0.5,0.3,0.6,78,38.893482553180206,55.060135169470925
14,34,0.139835044657857,0.20433894064852057,0.31624279118923926,0.44590272504627454,0.09130438017932163,0.0909390916875006,0.08456724998248802,0.028141430402511602,0.5,0.3,0.6,83,38.7216243163732,54.19288484666211
14,35,0.13656122352622882,0.20710331028932785,0.3300192178881901,0.46518847871058866,0.0857191637499431,0.0880255400327818,0.0842411304246554,0.02585680637257883,0.5,0.3,0.6,85,38.2911046687792,54.57414033702836
14,36,0.13900060038679302,0.2089398711487626,0.33181586335958463,0.4782660415959411,0.08949774694213379,0.0908485035654186,0.08447132144410781,0.027968237082925052,0.5,0.3,0.6,86,37.82140496405194,55.17669700255156
14,37,0.20740348544809883,0.25106329225550444,0.3403627310955161,0.5485312248312845,0.16256617007788365,0.08213717694328804,0.22361954918053056,0.08479844953725556,0.5,0.3,0.6,92,36.5847790358656,59.65421203394974
14,38,0.17031604965330135,0.23287854669756256,0.35526790098316896,0.5679233706139362,0.12330736202922965,0.08361455130461973,0.19305487125338602,0.038074227859282626,0.5,0.3,0.6,103,36.90921458753288,53.75043519674433
14,39,0.17010013737532345,0.2389441609740353,0.37236249958239637,0.5911023841399158,0.12280685314536119,0.08361455130461973,0.193054871253386,0.03807422785928266,0.5,0.3,0.6,105,37.83055885084577,52.86929527696179
14,40,0.14747526560540647,0.2238968256808859,0.3684290907617235,0.6209710458852732,0.1001271412149319,0.09500120645638169,0.11015755444147075,0.03161825460594763,0.5,0.3,0.6,116,38.45514392633101,65.95423103142942
14,41,0.15408052774050768,0.22997414004463237,0.3744718216095908,0.6642479534684158,0.10685646044785979,0.09988184859998503,0.1109758915654711,0.03858785259401651,0.5,0.3,0.6,119,38.00296348117202,67.63393437741769
14,42,0.13850615118590268,0.19227998857143552,0.30347657095596736,0.6125321177032101,0.09621597904068876,0.09124069047116494,0.08885474513877276,0.032500895357047074,0.5,0.3,0.6,124,37.39287573512932,54.69378893146092
14,43,0.13678479443458347,0.2091522002116545,0.3534190230972755,0.6324091549556566,0.09175680618205112,0.0903525674477052,0.0882658180367143,0.03194050358250365,0.5,0.3,0.6,131,37.70566810799456,54.63802686975447
14,44,0.13698207568858117,0.21565151715110184,0.3709489712025297,0.6428779007588618,0.09211983312764772,0.0908712807709686,0.08850264895324762,0.03205695926554788,0.5,0.3,0.6,132,38.13023498359332,54.28205042284306
14,45,0.17229852735071108,0.32202352666128614,0.5457170674303016,0.8617087544358167,0.11066309155345358,0.0793810045449876,0.1791595884051585,0.02854106867779157,0.5,0.3,0.6,165,47.83399959183426,58.297296387814406
14,46,0.1745336452622789,0.3299244575313576,0.5540071320949709,0.8770886435592516,0.10961790817364195,0.07752235046241115,0.18473143517496443,0.025715061523102774,0.5,0.3,0.6,169,47.25179671579499,51.80118023017138
14,47,0.1950754961371876,0.34339194565512576,0.535213234077663,0.8989182095897867,0.12280919215884754,0.08424296757491057,0.19588670767001976,0.03595576068715487,0.5,0.3,0.6,174,46.14881843361007,56.15217596092205
14,48,0.18636798210401176,0.34348283324242207,0.5570933869799188,0.9229468638815899,0.11770852429736348,0.07878039340269263,0.1942805863946384,0.03143442555838918,0.5,0.3,0.6,177,46.20926294475931,54.359682079291
15,0,0.8995003259324544,0.950200488636585,0.9480144503085647,0.12522759067069372,0.0,0.0,0.0,0.0,0.5,0.3,0.6,1,187.5164745204,183.6369772595304
15,1,0.8019363513827275,0.9144031985806462,0.9087916634901202,0.1584490947837295,0.12133041505414181,0.08423332748785375,9.064966552891e-05,0.00017356819944211,0.5,0.3,0.6,3,164.45281357051618,163.7217365363572
15,2,0.15724890442347392,0.19595811868800672,0.16841618287584917,0.06865034633155014,0.8302134961899568,0.10779214163294126,0.01018359003239261,0.019498664175602858,0.5,0.3,0.6,5,48.28883704042413,58.91030168876832
15,3,0.14295450845716276,0.16656668878132103,0.13792394071677977,0.06844681949306422,0.08974904702345121,0.11380693338001124,0.00513631275967749,0.00982117662941217,0.5,0.3,0.6,7,48.365602001197125,60.870634203304135
15,4,0.16418524505826912,0.17201558701172046,0.142256672087594,0.09582110108855794,0.12097447028471435,0.1273912781194947,0.01456238357498715,0.045255105958332945,0.5,0.3,0.6,9,49.77516909021287,59.12880143356637
15,5,0.14634333666452187,0.14617430507699675,0.11586118808599954,0.08840531258933886,0.09479168680477625,0.13236443233450373,0.00732586080964132,0.02269987078288807,0.5,0.3,0.6,11,50.3768598901704,62.09303947357347
15,6,0.1452878436853038,0.14444250399648603,0.11408291308184348,0.0915566464156347,0.08347515692202345,0.1311157329326374,0.0072916441225794205,0.02263705787670002,0.5,0.3,0.6,12,50.108486558252174,61.02778163576553
15,7,0.14533104161267002,0.1479076615819377,0.1283797367344281,0.09487598419957591,0.09365477784720436,0.131942853820266,0.008095360554790761,0.02470303509971246,0.5,0.3,0.6,13,49.9779913754241,57.658681021539984
15,8,0.14756697701671212,0.13615200788783505,0.10507216665650072,0.10379636253357508,0.11227529617732056,0.1432724878312439,0.0083262794603882,0.02552029764651571,0.5,0.3,0.6,14,50.591301998194126,61.00902770778151
15,9,0.14694387047557655,0.1410853304218146,0.12098472552614761,0.11237557258637489,0.0912513282281504,0.1432724878312439,0.0083262794603882,0.02552029764651571,0.5,0.3,0.6,16,50.3492670949316,59.998775374341925
15,10,0.14681998743114474,0.1474494996779278,0.13839092318536092,0.1297892350973457,0.08980573717552685,0.14327248714000052,0.00832628002115492,0.025520299095285547,0.5,0.3,0.6,18,50.24515643370752,59.45039206669468
15,11,0.12094029057467998,0.12097438071275127,0.11187569233275596,0.13157913785563452,0.06404001537282868,0.11523304019430022,0.00415333776260882,0.00837164858117794,0.5,0.3,0.6,30,49.36733475144662,58.13801290038342
15,12,0.11831950527892088,0.12370752634336812,0.1255746400704639,0.13377242894083993,0.06411202336610283,0.11064744362907135,0.00418211446297133,0.00902288974415483,0.5,0.3,0.6,32,48.00894751871538,54.5058687393444
15,13,0.11715935837164608,0.12225485417267715,0.1241023141038566,0.14078340167714407,0.06189471624575445,0.10622587872800729,0.00436131492125812,0.01094319236750646,0.5,0.3,0.6,33,47.74963345596255,54.89807789207283
15,14,0.16549508090515955,0.14428143715457803,0.11254466525230944,0.20519051671132954,0.11525861448337894,0.16019083538262258,0.01111790169525257,0.04852312842070397,0.5,0.3,0.6,40,49.412867424188285,71.47507882766193
15,15,0.1653284542287941,0.15051088719748495,0.12981005552882746,0.22878768639139502,0.11304060609042683,0.16019083538262258,0.01111790169525258,0.048523128420704,0.5,0.3,0.6,42,49.48470367700189,72.72410779450614
15,16,0.19707025355609786,0.18140129775610345,0.16064389643789775,0.26586098862347696,0.14734618608443206,0.19290576418793792,0.01316644337508949,0.07387210322969004,0.5,0.3,0.6,43,52.22503557289749,79.09959012133669
15,17,0.19424379013239987,0.1832008742482229,0.17336226564581125,0.2636969048187019,0.1451049655727349,0.1918323491951115,0.012850888898618271,0.07199702908146079,0.5,0.3,0.6,46,51.53456976666551,75.6718936708954
15,18,0.18913218215521233,0.1770628349343245,0.16715624234180376,0.2668417791988865,0.14152070951028495,0.18634319430678348,0.01267001576993394,0.06901294647593012,0.5,0.3,0.6,47,51.164793847712346,76.06761082742159
15,19,0.1399000614699551,0.14739534093022288,0.1706222794466321,0.2143671106577736,0.09125807002794753,0.10180016649440568,0.04094379005932906,0.04377552841968767,0.5,0.3,0.6,48,51.41792821052292,57.30246418464798
15,20,0.16070298702762026,0.14102624498570113,0.12000331018336957,0.24134145907641344,0.11130117281308988,0.15800861339569583,0.01073226386186627,0.04696109785711679,0.5,0.3,0.6,49,50.71011601316143,74.42651065533086
15,21,0.16329481360485887,0.15666393279144752,0.15773025460732015,0.26805251633486543,0.11378819135248645,0.15878143480830825,0.01040110354754769,0.051132336722998106,0.5,0.3,0.6,51,50.043420070694346,72.14690868390227
15,22,0.14850933356082216,0.1681493540766634,0.2134060473170936,0.2362497936820631,0.10057001723889092,0.11947758700519309,0.04110174014731071,0.04440465134451487,0.5,0.3,0.6,52,52.32794949284928,61.53437689138599
15,23,0.1679405589927378,0.17303371989744085,0.1961023309238455,0.29129709710162666,0.12206148953464685,0.16169865520998664,0.010045755592130539,0.058058359244466964,0.5,0.3,0.6,53,48.23292616414894,74.79146108362855
15,24,0.17494769505795524,0.17750068094442203,0.20040225618528387,0.2989552529203687,0.13082696284581408,0.15842040135181074,0.027614195094102578,0.06579386439524376,0.5,0.3,0.6,55,51.5087141797506,72.4272683932747
15,25,0.1864786143781416,0.17132645698164864,0.17183359556008504,0.29095281522475475,0.14704382829102558,0.1839196167285433,0.01395178536777579,0.07408660304333668,0.5,0.3,0.6,57,51.9426236899486,77.40972885388908
15,26,0.2432246152993658,0.23234499886824955,0.24374970503376742,0.3650811753873414,0.20225981440418359,0.15270107007236938,0.11382335534043271,0.14673893487611964,0.5,0.3,0.6,59,55.63537118873844,74.66934962165959
15,27,0.23797491295080497,0.2281757322295324,0.2608987606848728,0.38623514083389293,0.23582644127206115,0.1455382670147346,0.11614937736464499,0.15245609609893085,0.5,0.3,0.6,60,58.06773405881643,65.62368489672028
15,28,0.20705137851946387,0.20090401641754863,0.24448782548479953,0.3698238363003071,0.17186959530280999,0.12782823779635286,0.10829167281628076,0.12196261879176129,0.5,0.3,0.6,64,56.45797209446025,66.22868644283484
15,29,0.22987136129838154,0.20917820598563475,0.24120840130834975,0.398916794171288,0.21869709016856986,0.1454216838701735,0.11324876968233352,0.14864563740326509,0.5,0.3,0.6,65,56.29918399742688,69.4814992894981
15,30,0.22660908821892412,0.21149780407198426,0.2545138454459375,0.41476721904031333,0.1942165532144219,0.14474798420261192,0.11266264990177599,0.14489511103065295,0.5,0.3,0.6,68,55.42486693041612,70.27655777752217
15,31,0.22551673932998745,0.21655233334114204,0.2705899450266829,0.423374276989158,0.19392780985382843,0.14471113552618345,0.11279547915341573,0.14345415660111818,0.5,0.3,0.6,69,55.397274857283584,70.93509770518317
15,32,0.22552703888009737,0.208497655102179,0.2513928575658092,0.43004642185169195,0.19677589873888204,0.14467711799959354,0.11126688189350423,0.14523981853419582,0.5,0.3,0.6,70,55.56278927885921,71.093954364315
15,33,0.22552703882454228,0.2152167669851933,0.2691695707694087,0.4412775641996416,0.19286255883527437,0.14467711799959354,0.11126688189350428,0.14523981853419582,0.5,0.3,0.6,72,55.5627896806966,71.0939574815817
15,34,0.23846539583736565,0.2175424120272371,0.2601930259053297,0.4469575630764928,0.21312361749051972,0.14352337151305608,0.12446875483482948,0.16396032611551642,0.5,0.3,0.6,74,53.01925686558654,72.20831226479493
15,35,0.22917506157516443,0.21905327290065707,0.28365407922348085,0.4640373185882106,0.20121496457426635,0.14798771199849314,0.1229502774746792,0.14738567687510523,0.5,0.3,0.6,78,51.894408805601856,72.89509043599604
15,36,0.21959572140471245,0.20932951724327598,0.27392136573412135,0.4561693210596174,0.18999989040814344,0.14378787434329235,0.12041959031037013,0.1362870609473982,0.5,0.3,0.6,80,53.90963178730583,69.55742994439768
15,37,0.24606473959600766,0.2258881248995553,0.27922336719335356,0.48126756518573643,0.22679154485620645,0.13885267610596763,0.14345857213812424,0.17523256461753395,0.5,0.3,0.6,81,53.91996074237775,72.48896063030811
15,38,0.2265722150540494,0.20550093125661378,0.2587804157546346,0.46513832947667105,0.20105387311094564,0.14569453758633236,0.12038475471311536,0.14920265855639522,0.5,0.3,0.6,82,54.05035086264876,71.46073770742544
15,39,0.22657221524721152,0.20550093125661203,0.25878041575463295,0.3924173001477538,0.19848433577378433,0.14569453758633238,0.12038475471311547,0.14920265855639228,0.5,0.3,0.6,85,54.050348800378586,71.46071933051714
15,40,0.25422601705564885,0.25983848741260884,0.35733658980744526,0.5213560406101392,0.22649644336107905,0.14472125320616577,0.14457384261659068,0.1841432543148375,0.5,0.3,0.6,87,57.018103873400925,66.02750312682537
15,41,0.24371901567845913,0.21885436930554508,0.27189850865006526,0.5021570624788151,0.2275137877351925,0.13978103902162425,0.14236259957731573,0.17433555571759246,0.5,0.3,0.6,88,55.64292915369314,74.52565405568116
15,42,0.24491541252994747,0.21887783762179874,0.27184941992076705,0.5067619160255105,0.22222959777562248,0.14283963650428075,0.14142983847193238,0.17504844638013112,0.5,0.3,0.6,89,56.56861755560909,73.64053970451228
15,43,0.23292408549274451,0.22022198221060652,0.3059460851275942,0.5273311354930604,0.22905402026542587,0.13927997846397866,0.15077468412935563,0.15794996711496934,0.5,0.3,0.6,90,55.98400985751228,66.91690612719073
15,44,0.2306430861881782,0.2171458272104369,0.3028211399758348,0.5319910740461272,0.20880448952005304,0.1363718285028857,0.14958023473920484,0.15769670284452472,0.5,0.3,0.6,92,55.67062871365779,65.27170609694703
15,45,0.2331064665964896,0.21940963037575428,0.30507277601611393,0.4596434065811156,0.21036073982738154,0.13945782427680528,0.15097731208602388,0.15866360511443095,0.5,0.3,0.6,96,55.87389724767256,65.7881724426414
15,46,0.23499703303800273,0.22690185138897745,0.33420139560491435,0.5736615762301528,0.2207075732145094,0.1387363576350625,0.14944592255048222,0.16829897408343886,0.5,0.3,0.6,100,57.50128666079962,67.70157224777753
15,47,0.23485088745078347,0.2330960326561312,0.3514299622138434,0.5804723150321358,0.21571299839383162,0.1387363576350625,0.14944592255048225,0.1682989740834388,0.5,0.3,0.6,102,57.30073621000727,66.72992731158891
15,48,0.24022435541755344,0.2309806130450589,0.3382104304312972,0.5101107654924738,0.22139138853246554,0.13886006010592608,0.14959503274497948,0.1775712629028182,0.5,0.3,0.6,106,57.78697376652137,66.71169593053632
15,49,0.26673834534006857,0.25683009229334286,0.3640195475934062,0.5367315663701138,0.2494849479525458,0.13546782040367555,0.1904919224348289,0.20456524803005288,0.5,0.3,0.6,107,58.76838389251964,66.85107793019618
15,50,0.22534479241593924,0.22032406296920898,0.33845956037650893,0.6151337023522901,0.20863885255886938,0.12869473283801997,0.14544001458859734,0.164914173111774,0.5,0.3,0.6,110,55.300118712193225,64.49252634917423
15,51,0.22864114384390868,0.2302116422465609,0.3593971715662925,0.6254347942197342,0.21045146696496708,0.12960275621211595,0.14565869077392496,0.1696231760809054,0.5,0.3,0.6,112,55.98804242245853,64.34070745322056
15,52,0.23028172744062764,0.23424978073141045,0.3742313804052321,0.6277473736326241,0.2195823665306832,0.13408157018668648,0.15145457799287745,0.1684507767103061,0.5,0.3,0.6,114,57.083879906502034,67.797775168917
15,53,0.23016019031461132,0.24073014115005287,0.39176252618308943,0.6402883354346753,0.21363341316637346,0.1339265873087288,0.1513572768360982,0.1684992774182928,0.5,0.3,0.6,116,57.06538107581999,67.81730535135732
15,54,0.22345292001648695,0.23387015703049688,0.3848933258123288,0.645406929767359,0.20696180990526208,0.13063064247819942,0.1515815642751905,0.1600504012688348,0.5,0.3,0.6,119,56.58721003107512,67.88622008611044
15,55,0.22636871061719066,0.23626236848384952,0.3872540635334715,0.6518950486834008,0.2113905337942792,0.1285076515111893,0.1500879587563632,0.16775293073399397,0.5,0.3,0.6,120,56.735622780004334,66.02833509254371
15,56,0.2262601103365206,0.26176620433593806,0.4569120458211243,0.7558400727719756,0.21044854491874865,0.13032434574602117,0.14822304876199308,0.16777739940512912,0.5,0.3,0.6,143,55.7377195529951,64.13878493946044
15,57,0.22712805016492138,0.2687987836158369,0.4749688316484675,0.8004232316294458,0.211541376305783,0.13043978038184229,0.14916408907448891,0.1690013699504644,0.5,0.3,0.6,152,55.68428325618095,64.4862320467074
15,58,0.22840348542356276,0.27675543872355074,0.493980957939491,0.7939092777147527,0.21271149928701094,0.13139340140315223,0.1502900928574286,0.16979271909660312,0.5,0.3,0.6,154,56.04416621355863,63.24502591230316
15,59,0.22563682654890418,0.28703844435126397,0.5263556760316844,0.816874272515236,0.21030657055773663,0.13042432805072932,0.14923879380376198,0.166755103777746,0.5,0.3,0.6,158,55.55954579498308,63.157931919179816
15,60,0.22349698094617604,0.3049009436788981,0.5773819738219811,0.9014789808532021,0.20797333641378546,0.13028510712330346,0.14794157946302933,0.16404939770133237,0.5,0.3,0.6,183,55.51412244288942,64.55736488217204
15,61,0.4543889153837023,0.6251026440066336,0.8820256092357666,1.0703323980292558,0.4055739644035422,0.14130486945921206,0.4973366127910799,0.28722850180059983,0.5,0.3,0.6,184,54.47195892184567,69.18426784491977
15,62,0.4424682850342925,0.6242097614395137,0.9030835436817005,1.0957154651013692,0.3844007652834396,0.138975057684339,0.4984708761528294,0.27096560734507597,0.5,0.3,0.6,186,54.98481644498747,72.75443358215405
15,63,0.44387282825489843,0.6221252719077619,0.9007625316558883,1.098154715725336,0.3874794989995345,0.14259364556314164,0.4986755806542368,0.2733688625513461,0.5,0.3,0.6,188,55.18198580735323,72.45983464768881
16,0,0.8851219406913998,0.9426808575643835,0.9401646964835502,0.12401330240992967,0.0,0.0,0.0,0.0,0.5,0.3,0.6,1,196.2839437025,183.99247457206525
16,1,0.7787595600057048,0.8949602967487578,0.8890986421817538,0.14378512314762054,0.10573850226875142,0.05671820500941972,9.025894283839e-05,0.00019274172003028,0.5,0.3,0.6,3,174.75571208051693,172.80002669763854
16,2,0.32674868153513664,0.5076321953586995,0.49425962372464305,0.12200788941959466,0.9148324116664958,0.06135784882741509,0.02255173738210986,0.03342778477443373,0.5,0.3,0.6,4,63.74226783083602,87.79131621969104
16,3,0.14586107149196273,0.22866768471499088,0.2045756235372081,0.051537900265717945,0.5177070744818564,0.03090000962590786,0.00479261749845116,0.00978934169997299,0.5,0.3,0.6,5,44.96027538200247,64.19272278209793
16,4,0.13908501604536563,0.2188612441601278,0.19451845000856913,0.04877350999613712,0.030228642250054113,0.028609177764609823,0.00270340198589892,0.00591464283517589,0.5,0.3,0.6,6,47.88300002500877,60.64833969121026
16,5,0.1334934160914357,0.1949751429220197,0.17970188176780424,0.06006965960914307,0.1251604162555457,0.05227857018084671,0.0034607226936233795,0.01029609321786437,0.5,0.3,0.6,7,42.1416976704604,52.8769899596813
16,6,0.12464758579315022,0.1705452357352652,0.15409610395795942,0.06048620659295371,0.09000311692365545,0.06042658565104856,0.0020630810534126498,0.00814269194176495,0.5,0.3,0.6,8,41.72965774076378,53.342830227724846
16,7,0.12371520842563087,0.16947643568651752,0.15301705431225407,0.05961131777016625,0.035348277581437576,0.05920591581421238,0.0019516500323693699,0.00781876956765076,0.5,0.3,0.6,9,41.75060450004041,52.96081137746848
16,9,0.15123373766603457,0.18646420753263462,0.17980646162831487,0.10579484757686011,0.086091769539174,0.09224630910943048,0.0140026574782352,0.03906343768540825,0.5,0.3,0.6,11,40.32332131749659,61.64526254692214
16,10,0.15532789432126398,0.19680070680001877,0.2011666405271253,0.11679941887181056,0.07972333414993252,0.09860506372039878,0.01436552411564034,0.0409048678574268,0.5,0.3,0.6,12,41.20789755061573,70.85253285987244
16,11,0.15141886369607482,0.18461574940557435,0.17781281926983095,0.10671792486772302,0.08035153966073441,0.09210195291061932,0.016060747643497058,0.04058638085996068,0.5,0.3,0.6,13,40.385179022918486,67.93796697943084
16,12,0.11974029526669563,0.14165537899780298,0.12347047650927767,0.08862289225273523,0.05137851138066346,0.0712090351544594,0.0070453146937700896,0.01442120472622913,0.5,0.3,0.6,16,43.159864533305765,59.46457383095392
16,13,0.11662132705586122,0.13575668952356867,0.11737637086000043,0.09425873142286233,0.05391119601951723,0.06866331653119044,0.00749454794577673,0.013908351145649589,0.5,0.3,0.6,17,44.76904153138789,55.719719523924766
16,14,0.1191641248461089,0.1443948432589943,0.13702833403825462,0.09876332748917177,0.049866027961008974,0.07445264804192334,0.006519912897569299,0.01443395962527184,0.5,0.3,0.6,18,42.32641637131057,61.47468814614483
16,15,0.11823565348518744,0.14287389249706414,0.1354658589659365,0.09864410832689804,0.04917638900243161,0.07292970908311405,0.00686083999504049,0.01457351104168363,0.5,0.3,0.6,19,41.85369387145312,64.31633574786338
16,16,0.1157197742604651,0.13833770019720448,0.1307881463151739,0.10490045884750414,0.05248899186511369,0.07067688776849007,0.007205525894198051,0.014091218962962029,0.5,0.3,0.6,20,43.29901863859178,60.96054221830086
16,17,0.11902903594361444,0.1409080179096315,0.13330697605146793,0.11645342038405274,0.05089235726446954,0.08422444017160056,0.00490642189795807,0.010194952829435321,0.5,0.3,0.6,22,42.53309158078092,63.53346864358375
16,18,0.12032691139852497,0.13895974985461804,0.14172647856936796,0.1376942005919896,0.0886007795939511,0.07585850753048445,0.013370445040143461,0.02468281959331775,0.5,0.3,0.6,23,45.16859698877168,56.55368046245975
16,19,0.11567095277191043,0.14161310620683554,0.16607624367816456,0.15802604888698646,0.060333826635884866,0.07373755483386046,0.01233132939543521,0.02488993068129347,0.5,0.3,0.6,27,44.10172486333828,62.65028100636881
16,20,0.10963297803145805,0.13550027870228054,0.15995830765051472,0.1610348010354336,0.04958388866407362,0.06254903259551811,0.014533735986093291,0.02311788154090813,0.5,0.3,0.6,30,46.08113143064151,51.6649166850936
16,21,0.1102839469479768,0.1278697485604005,0.1517689038703924,0.17312877037762092,0.08043119337716911,0.057524247840449315,0.02293558883639081,0.03161873356292078,0.5,0.3,0.6,31,51.15249958008757,56.449101323646
16,22,0.11023770391632483,0.134454962126166,0.16940558192667773,0.18223172971532292,0.054749364427549796,0.05752424784044931,0.02293558883639081,0.03161873356292077,0.5,0.3,0.6,33,51.05192525656163,56.897121709718455
16,23,0.1096761359605446,0.13228715499380747,0.16713025482452823,0.18839190193363753,0.05738231804411145,0.05730688537326371,0.02320030458995192,0.03214082430137693,0.5,0.3,0.6,35,50.80743680891496,55.1290688281855
16,24,0.11283755636908777,0.12865012834756306,0.15243020873541072,0.19769748272238938,0.05834785515770129,0.06015874487474262,0.02449400629115241,0.03445620785065395,0.5,0.3,0.6,36,50.9950255338354,54.85618127420253
16,25,0.11667470977582056,0.14478522086176246,0.19060415879387646,0.2051379531226519,0.06429499276982308,0.06667685827278821,0.02511624032455262,0.03610274784056603,0.5,0.3,0.6,38,50.94279284080679,59.59731361471205
16,26,0.11666959748490245,0.13575947972080296,0.17036745456539276,0.2151709577479492,0.07081057088038244,0.0683948798944508,0.025303522505442228,0.03656059000896703,0.5,0.3,0.6,39,50.625757707461055,61.7823435195176
16,27,0.1166410239060534,0.1356754088018569,0.17027967395589438,0.21515725423150606,0.06389491236823722,0.0683948798944508,0.025303522505442228,0.03656059000896702,0.5,0.3,0.6,40,51.081138564906695,59.58530149362741
16,28,0.11478214942104506,0.13963762899844753,0.18523982677972411,0.22321639855626565,0.06508797259057077,0.0643867262855961,0.026153649773224492,0.0371493827098235,0.5,0.3,0.6,41,50.62553222025918,63.77086526051701
16,29,0.12413155395157592,0.1451986862742597,0.1905493013072856,0.23997836819656757,0.07944695546781855,0.07599535343663258,0.041690139880562097,0.038527670589782397,0.5,0.3,0.6,43,53.79841923756878,62.09930233614334
16,30,0.12264535629478335,0.1474589636877871,0.20367164320837558,0.24909144123072582,0.07812051980321297,0.07599535343663258,0.041690139880562097,0.03852767058978241,0.5,0.3,0.6,45,52.77340078122877,65.71252089276041
16,31,0.12191352933114334,0.14666550036007636,0.2028742149525847,0.25131448051195066,0.07301393532047049,0.07518531031363292,0.04025438938282744,0.0387522729130333,0.5,0.3,0.6,47,52.64355460328272,65.69643171517399
16,32,0.12190095509774283,0.15334688285507572,0.22061129887582692,0.26137076770667717,0.07295877057093206,0.07518531031363296,0.04025438938282751,0.0387522729130333,0.5,0.3,0.6,49,52.733765056868585,65.24170426877083
16,33,0.13049219219608238,0.15475547963238379,0.21093196134481046,0.2733315334226025,0.08315100000778616,0.07109234602634898,0.04163804527860373,0.056175626160001914,0.5,0.3,0.6,50,52.2451675917229,64.81410687534117
16,34,0.11936426271592641,0.1279003197735019,0.17243001588272852,0.27744987794256787,0.08862326147053089,0.06861121797742038,0.036177119351330875,0.04977784731785588,0.5,0.3,0.6,52,49.33651518690501,64.6264979181465
16,35,0.11810679576812538,0.1325120230100358,0.18804413603242587,0.29336990363486815,0.07545220147808514,0.06761177530824525,0.03430313289571549,0.05013235014232659,0.5,0.3,0.6,54,49.00623360835564,65.15586237346596
16,36,0.13779630102759832,0.13182042975811548,0.15416517173503208,0.3273287593186673,0.09404582368766239,0.06989674436370259,0.04444287204437946,0.07615112217383366,0.5,0.3,0.6,63,46.878376751640346,67.07623256163836
16,37,0.13592005056546894,0.12949324566864573,0.15180871671033874,0.328755339539475,0.0936613889425557,0.06902572367147045,0.04379543467810678,0.07443274431957428,0.5,0.3,0.6,64,46.94523314533809,67.74564772928575
16,38,0.1370685408163995,0.13675004339684133,0.17008356618902162,0.34116931184491217,0.09466538798618551,0.07656095756907962,0.04318690088724836,0.07085750020231504,0.5,0.3,0.6,66,43.09280274762796,78.22682374341858
16,39,0.13431803450442117,0.12709740130345468,0.14936146491805252,0.3305389505131349,0.09163856524553073,0.07226111054945063,0.041113577786295305,0.07103926283320026,0.5,0.3,0.6,67,43.21825173601402,69.57263901570121
16,40,0.13586044936010194,0.14032629467867358,0.18459224628454768,0.35152453541826917,0.09869111562489011,0.07482303772629376,0.044461298607192876,0.07118491656863904,0.5,0.3,0.6,68,43.78412098004714,76.95543496049116
16,41,0.13662337877012884,0.13163044835758936,0.16466196532844757,0.3580700773034423,0.09959211296512147,0.07746448039173973,0.04222262104270947,0.07352049918048373,0.5,0.3,0.6,70,44.57890925339972,71.64622613779487
16,42,0.1327313253326188,0.13285535706070897,0.17684152054847724,0.35930952882237654,0.09712456300963629,0.07896252641726592,0.04056694526932686,0.06785704233426249,0.5,0.3,0.6,71,44.82004862221153,71.51970170766573
16,43,0.1323172316116035,0.129824293966711,0.17364236399289523,0.3693966168377137,0.10091514454743916,0.07718127462096891,0.04179275575655159,0.070053486791149,0.5,0.3,0.6,72,44.69676809440197,71.14922334706138
16,44,0.12469877631044995,0.14883800541704761,0.23687111570965322,0.41434987757507763,0.08571975599667872,0.06779222871898556,0.04025473790904875,0.06613610495689173,0.5,0.3,0.6,83,43.77412008583123,68.07775682207465
16,45,0.17467199938578154,0.20386562693897262,0.30284985411636434,0.4980628684131372,0.14060470506491002,0.06840284863292931,0.0739001627873246,0.13336369847809898,0.5,0.3,0.6,85,40.62929111013918,71.78705360747705
16,46,0.23082364808435407,0.2545465868341672,0.36381519732658596,0.5914418291038457,0.20595159593708628,0.056437718559161555,0.21370969971746484,0.1760622412494253,0.5,0.3,0.6,89,39.194454982728494,81.76618944898891
16,47,0.20472764280338368,0.21578577262230028,0.31362354761948297,0.5718569842381929,0.1799959125391853,0.061243946922353465,0.15954898571603965,0.15990393809222353,0.5,0.3,0.6,93,43.87615232184648,74.48058715574837
16,48,0.20478280269056193,0.2105188076865411,0.3080246576908744,0.579915698552899,0.18236546815533786,0.06558538681268312,0.15965747113983877,0.16005633146490914,0.5,0.3,0.6,96,40.08660812467544,75.24789088126026
16,49,0.21143120912864743,0.20546756043454834,0.30225043226626935,0.6166173830003849,0.19714695255461961,0.06087261356156855,0.13723272315897644,0.19422813487246354,0.5,0.3,0.6,99,37.61917760692059,74.30372350811594
16,50,0.2678245414166764,0.25787832060283433,0.375716073787976,0.688612037259378,0.275544345936542,0.06362685481759338,0.2523526422539369,0.2395828182191932,0.5,0.3,0.6,101,40.03725918741096,82.95051239053979
16,51,0.20469474907185586,0.20929261051903225,0.35996562115553843,0.7064837308064655,0.1915334505751387,0.06047939890269195,0.16145821926970197,0.18590779167060006,0.5,0.3,0.6,113,41.17570434294371,62.72480603882109
16,52,0.2065762395496865,0.21697537333333988,0.37865090828172543,0.7176308836434435,0.19369436046452315,0.06290863907470642,0.161853323349464,0.1873821111219516,0.5,0.3,0.6,115,41.6941976253835,64.5423259625695
16,53,0.20137807743338115,0.22985502319819306,0.4245787462176845,0.762501768404484,0.19018020029052574,0.05864176229499424,0.195632251093315,0.16664908691450017,0.5,0.3,0.6,118,41.999391769167325,60.80352407618648
16,54,0.20021990441845966,0.2267574096457295,0.4213652977298205,0.7692723909442365,0.19022520848907098,0.05934942795611956,0.1955299007226286,0.1653513221550616,0.5,0.3,0.6,120,41.38618908677048,60.95724419382799
16,55,0.26798359667697225,0.2994234296177726,0.5262993644073246,1.0915916386847566,0.26133375987503815,0.06015688635028764,0.2692962923711311,0.24967797822296905,0.5,0.3,0.6,182,37.10227807947365,85.57645662408433
16,56,0.2566877016733145,0.301170172399946,0.5501379327537844,1.1451544866677184,0.2496512432100128,0.062103804288470524,0.2640630972801712,0.2320714794243965,0.5,0.3,0.6,193,38.26968110434295,83.7743455643542
16,57,0.2616790756721282,0.2988643666338345,0.5367404636972901,1.1582209314432772,0.25619237124433814,0.06102579235476925,0.2643778837664109,0.2414607863467766,0.5,0.3,0.6,194,37.42301299550067,84.69819108969166
16,58,0.2587370125887472,0.2948605064121825,0.5326742044069809,1.1708410282362731,0.25286073922619573,0.06051975747538142,0.2685781929199963,0.23548235095925638,0.5,0.3,0.6,198,37.15972016618088,84.08016173691604
16,59,0.26014222781870033,0.3009837523649629,0.5497374356534995,1.1879429781594917,0.2571533287650914,0.05950295593845191,0.28237592058949623,0.23290543186865764,0.5,0.3,0.6,200,36.64074334375333,86.34687158347101
17,0,0.9544093476570141,0.9779824414810016,0.9770160694978341,0.12971370559758327,0.0,0.0,0.0,0.0,0.5,0.3,0.6,1,153.5116465225,178.1519728268477
17,1,0.855438877502806,0.9469722831242782,0.9426540792867041,0.16631130983013634,0.12273022026074551,0.09040687563424216,9.216259535501e-05,0.0002023266361325,0.5,0.3,0.6,3,132.88541083631804,156.35732954663246
17,2,0.18267120747915847,0.2446001474393704,0.21882522416993974,0.0835272463402118,0.8276415403755749,0.11590566419935092,0.01179684036049536,0.025897871234388796,0.5,0.3,0.6,5,35.12515507692967,55.816469522970536
17,3,0.17112222412245245,0.22532581554876333,0.1989521158500058,0.08385137136684072,0.08522299460137853,0.1236067420055034,0.00594320974855194,0.013021343027231399,0.5,0.3,0.6,7,31.909147221365902,58.25224040060302
17,4,0.16742193028970642,0.22642071042417827,0.21095714632564355,0.08560791281939555,0.07253389969047029,0.1190060455972772,0.00594953478038159,0.013073558054248379,0.5,0.3,0.6,9,31.68966020473713,55.79512347506645
17,5,0.16735786502810807,0.23298910980615456,0.22857674521420043,0.09794962847150906,0.06928447974935996,0.11900604559727723,0.0059495347803816,0.0130735580542484,0.5,0.3,0.6,11,31.74574202737302,55.28689154904735
17,6,0.16730125196170334,0.2328560312085393,0.22843786689769954,0.10185131308894976,0.06940202606779566,0.11900604559338179,0.00594953448202153,0.013073557399251739,0.5,0.3,0.6,12,31.710611489513497,55.47942301875703
17,7,0.17057986812936254,0.22249251433968076,0.1959435447699619,0.11744384492023692,0.0727411734863705,0.12441381055763152,0.00603909972942363,0.014238045913542418,0.5,0.3,0.6,16,30.557049023337424,57.73651295349796
17,8,0.1649737674577388,0.2141093572946229,0.1873490621835029,0.10599893390869207,0.07386998272967386,0.12166322366310825,0.00514181501829967,0.01103022033824338,0.5,0.3,0.6,18,29.118660603487967,56.7887157026832
17,9,0.167024665749704,0.22200082690016854,0.2062315236217792,0.12801608234316272,0.07270538067521021,0.12161294335168478,0.00628147510087437,0.014983473937966122,0.5,0.3,0.6,21,29.913663543766585,58.17486786949027
17,10,0.1670013783968411,0.22194546288278688,0.206173657616936,0.13060874585161322,0.07173720098800195,0.12161294338300348,0.006281474946810341,0.01498347358641507,0.5,0.3,0.6,23,29.90215130571454,58.33539167462745
17,11,0.16654686997640838,0.22545075824185618,0.22052876190016585,0.14703444228618934,0.08281878864258893,0.1197710089221253,0.00881028024678543,0.01780100533161872,0.5,0.3,0.6,24,29.43916555076502,56.85166936427681
17,12,0.19017340444730974,0.2539099287006047,0.25990343642738895,0.18240479231889709,0.10144998210253157,0.11808464173320384,0.03769782901028984,0.04637445620254389,0.5,0.3,0.6,26,30.23318782734226,57.107835747586485
17,13,0.17222974894203466,0.23903414118701602,0.25581327197676745,0.1766623374154312,0.08906612563374587,0.11658634729449532,0.03073183326848287,0.02545115578800387,0.5,0.3,0.6,28,29.15614745032441,55.2388561475177
17,14,0.17106942453774843,0.23678174002992625,0.25347955999970967,0.18498996998911,0.08426684476088944,0.11463932745026476,0.03080066830214706,0.0263709290062438,0.5,0.3,0.6,30,28.835639429215583,56.46501801211716
17,15,0.16887440201991027,0.23131464041613634,0.24777049696521367,0.20219276061439448,0.08614975258817437,0.11394828026068064,0.031113856898912003,0.026859192426508232,0.5,0.3,0.6,33,29.6743393863442,56.7134181450529
17,16,0.1626852414568042,0.21093444928487654,0.20522042488394404,0.18287112769681532,0.07708823440988682,0.12267841993342148,0.01101499557127927,0.0201461959659455,0.5,0.3,0.6,40,27.47348568468135,60.14695432186103
17,17,0.1601705857898867,0.21380267586837623,0.21904799925594914,0.18741005998171292,0.07737681217475417,0.11953787349303287,0.01098837030095878,0.02008050626665048,0.5,0.3,0.6,42,28.10199990674157,59.132301280045134
17,18,0.16001162037556532,0.2134093232691146,0.2186376079480378,0.19290988328325015,0.07590250811165088,0.11967750571280722,0.010967902093758631,0.01997017126765173,0.5,0.3,0.6,43,27.57850445357825,60.21901593433232
17,19,0.15631298375420352,0.21465573465206444,0.23081201218817995,0.1926967605643387,0.07558546342467767,0.1117761797869123,0.01502457770761011,0.02032803751440557,0.5,0.3,0.6,45,31.41215059192244,60.28733688441488
17,20,0.24763500432176389,0.29736524827498223,0.30232571327321234,0.3273296804450608,0.17157144485779427,0.1228183686226079,0.15202772764303368,0.09692404611402772,0.5,0.3,0.6,46,37.129505263232645,71.82875358479524
17,21,0.1583423224381405,0.21351394929863848,0.22943965375547565,0.20430855183904006,0.08094985318018955,0.11976675495688822,0.01507936634305127,0.02049385009432458,0.5,0.3,0.6,47,29.133634035899743,62.58690841259726
17,22,0.24540077327955792,0.29819221076239344,0.31394586253065526,0.33362223687623893,0.17324849376608042,0.12289327728505628,0.15326866372331222,0.09645917796906522,0.5,0.3,0.6,48,36.69887590072615,68.09612965862206
17,23,0.24130299849632345,0.2810545593547373,0.2958794307417541,0.3372389437189323,0.21221585693925318,0.1262565933949616,0.14866217307274646,0.1026691007934905,0.5,0.3,0.6,49,34.19841424471371,66.11811988468328
17,24,0.2391571556705579,0.27882678074569506,0.29364590611318475,0.3381284989038577,0.16749761149793424,0.1226390057592868,0.15408622262089217,0.09947714737231506,0.5,0.3,0.6,50,36.27544295309474,68.66040383781227
17,25,0.23884766672145835,0.277918206614331,0.2926948706533711,0.33955926360693023,0.1692518349059638,0.12271905796080425,0.1552073614405045,0.09893531729754056,0.5,0.3,0.6,51,36.41907773158325,69.29422796444689
17,26,0.23792588052609653,0.26966928330782036,0.27334598619413647,0.3373117212579039,0.168702054261277,0.1221301916523552,0.15572113913425414,0.09824176000284927,0.5,0.3,0.6,52,36.24147324255111,70.45376745310645
17,27,0.23791433977068152,0.2763576377336993,0.2910905402575135,0.35060689247780924,0.16678763749312825,0.12213018973472518,0.15572111764239652,0.09824177267369996,0.5,0.3,0.6,53,36.10380984415658,68.85606773644979
17,28,0.24197621242186682,0.2797591771183839,0.2944455728366306,0.36104068740101397,0.1722509093616422,0.1255277057297139,0.1569749117992659,0.10221184058943189,0.5,0.3,0.6,55,33.59118061749625,67.41445562478171
17,29,0.2327228801853703,0.26931864697744845,0.28392210783703303,0.35981491993118353,0.1664546204581071,0.12047422771493477,0.14908726688651724,0.09612379689259892,0.5,0.3,0.6,56,33.408675908435285,65.5970827199813
17,30,0.23265600575022422,0.27585833921637,0.30151119568673085,0.3706038485738775,0.16281941535310251,0.12047422771493477,0.1490872668865173,0.09612379689259912,0.5,0.3,0.6,58,33.53064146094799,66.57013552016623
17,31,0.2314778405234464,0.2807276226817187,0.3173914028226117,0.38358648735489687,0.16294149212159892,0.11903116593452871,0.14924423239593737,0.09594807864521784,0.5,0.3,0.6,60,33.94655398666661,66.11104108306567
17,32,0.22883615032474847,0.2842341790727955,0.33191563944514346,0.3919831749476873,0.16047399288410402,0.11781228308619518,0.14843548581898836,0.09352788853184853,0.5,0.3,0.6,62,34.609170247844666,66.63494440844615
17,33,0.2532479897898556,0.3006559064220209,0.3371911862932208,0.4295962496285141,0.1857364706871817,0.12559501751820323,0.15316669980964273,0.1266099639166916,0.5,0.3,0.6,66,36.46205931366423,65.63062853771903
17,34,0.26705373642100766,0.3143922640948192,0.3615148577247914,0.44878961994897215,0.22414844306372533,0.1311412251216321,0.17730899901722008,0.1394631009976029,0.5,0.3,0.6,67,35.91582708529769,70.2532877413782
17,35,0.2675350650467376,0.3056424005162104,0.3415351904411262,0.4532496759661092,0.21231016746111336,0.13167276672094436,0.17797547959112237,0.14185575387595062,0.5,0.3,0.6,68,34.92145212846527,68.35407572476811
17,36,0.26756878056800987,0.29209774178844544,0.30586566612285204,0.35118274669631744,0.2045660318580727,0.1314765177732009,0.1779634115314159,0.14221292791153667,0.5,0.3,0.6,72,34.78801432029845,68.81262377813701
17,37,0.2675446472993888,0.2920373039784967,0.3058026590356673,0.35116966322154003,0.2045652539704771,0.1314890465598281,0.17796364394992661,0.1421959648335482,0.5,0.3,0.6,73,34.77683424354113,68.60139824662146
17,38,0.26735785927101086,0.2984417988929603,0.32325570230582396,0.3701054844627492,0.20474176783165804,0.13165329421042432,0.17816121094549808,0.14176881283810247,0.5,0.3,0.6,74,34.58181231969595,67.39540084317662
17,39,0.26130748862559916,0.2907254505217399,0.3154254558187892,0.374150831441187,0.20184937814217546,0.12839387534459443,0.1759966123867281,0.1370360244610165,0.5,0.3,0.6,76,35.12184952875702,68.4066103022173
17,40,0.34741807753764326,0.4065753434307943,0.4969045541176149,0.6206462052869008,0.2993772300521469,0.1316849743114547,0.3578249207361167,0.1964867207033456,0.5,0.3,0.6,80,32.206860474184495,64.91976314711515
17,41,0.30091841288684273,0.3655545117777599,0.46685760697427336,0.5844110171640139,0.2491231272187039,0.11516671992108299,0.28031470049965984,0.17260338226505062,0.5,0.3,0.6,81,35.67892274056559,70.73835694222619
17,42,0.3360021314396437,0.3968948302525414,0.4979476237259124,0.6429043217217945,0.28460553559267093,0.11686278262973893,0.3365288697974143,0.20482738429400066,0.5,0.3,0.6,86,35.6817111752938,71.12160521831343
17,43,0.3356256400073042,0.4025109726891832,0.5145729835895879,0.654838807143618,0.2834056736608689,0.11686278262973897,0.3365288697974143,0.20482738429400055,0.5,0.3,0.6,88,35.70325776179416,71.94184997604555
17,44,0.2670287048572934,0.33383545043427376,0.44589212946251666,0.5897148364736655,0.2140241992623081,0.11783232664082252,0.2656764399303868,0.1251873921281464,0.5,0.3,0.6,89,34.01327235609142,65.97044527332838
17,45,0.34319310106684275,0.4099058895244428,0.5219563009870768,0.6624612954289759,0.2910943458034489,0.11675545294367506,0.3670077432905401,0.20244584405512794,0.5,0.3,0.6,91,36.32344148414821,72.79423662809097
17,46,0.3383294843729602,0.4408726881785172,0.6189711415438468,0.7557497742945896,0.288220135575651,0.11751201211524073,0.3418926167935576,0.2101065019645389,0.5,0.3,0.6,105,38.54581756142794,71.27916514717613
17,47,0.32802886114262475,0.40852295395032234,0.5533234699624872,0.7387825542651619,0.28093207903102174,0.11878509820213887,0.30599536980596503,0.2114098929396846,0.5,0.3,0.6,107,37.39373035349027,70.18795388419521
17,48,0.36434696754504126,0.4217317607670158,0.5331649038974656,0.6067698230547689,0.3171453351184233,0.13369574647632493,0.389076867619893,0.2204414878116166,0.5,0.3,0.6,114,37.01811629860042,62.488553290215854
17,49,0.3645222052219632,0.4212616171323026,0.532652455987056,0.607106595700075,0.3182234670350981,0.1338195253970309,0.39005299950619743,0.2206743000544269,0.5,0.3,0.6,115,36.8768109446964,63.15960690486403
17,50,0.3691109610503124,0.4702694411437097,0.6588921900007677,0.8157429376344291,0.33022353726484766,0.11883776119511047,0.374778339351344,0.250595846371657,0.5,0.3,0.6,116,41.26403188330384,72.32841618525251
17,51,0.36909119738704355,0.47692847307733083,0.6766064783202648,0.8358296599986712,0.32226626944485093,0.1188377611951105,0.3747783393513441,0.2505958463716566,0.5,0.3,0.6,118,41.138644591169616,71.41978673673005
17,52,0.3690800754247787,0.48361395659276596,0.6943477706626605,0.8597193281717334,0.3222227580126177,0.11883776119511047,0.3747783393513442,0.2505958463716568,0.5,0.3,0.6,120,41.24118452731053,72.18933103344297
17,53,0.3679886128948334,0.42748784878854335,0.5496768995368416,0.6486475061037857,0.3230384790746536,0.1182863264759982,0.37514851283017353,0.25009732585664285,0.5,0.3,0.6,123,40.6792044432403,71.87627857684606
17,54,0.3696493274615277,0.4746659473080995,0.6741593899251515,0.8459144473934318,0.3287530774122927,0.12293246277757215,0.3743600271728296,0.2506182157246593,0.5,0.3,0.6,124,40.04551718690188,71.77052014880704
17,55,0.30034452409363765,0.41024630323489975,0.6313000523799166,0.9086660411625566,0.2597431278226261,0.13261134200935917,0.2248464511583322,0.20861207470010176,0.5,0.3,0.6,155,33.92699643590407,65.75236765195555
17,56,0.323122658809343,0.4494525699582661,0.7034400774349269,1.0372795058489486,0.28454078499827584,0.14364617712215919,0.25819477972505006,0.22358376226094845,0.5,0.3,0.6,172,38.54723980573126,80.36746554680767
17,57,0.3235507145258888,0.46714800177441607,0.7541227766416454,1.1101837802622638,0.2852519848241639,0.12861121572319295,0.26099965963713695,0.2376388250391502,0.5,0.3,0.6,187,38.05193517696672,68.36542108782258
17,58,0.32281138932754594,0.4574202442242567,0.7331931171893339,1.110606875950317,0.2888349747604117,0.1286912997590634,0.2611075150631348,0.23800014382424944,0.5,0.3,0.6,189,37.79698554835392,66.0836222826088
17,59,0.3302513004094526,0.4241258031545404,0.6335261346374182,0.8567103577880163,0.29353443445930594,0.13007179429938698,0.263761952372162,0.24824063333838442,0.5,0.3,0.6,192,37.988351083159046,69.16957244857893
18,0,0.8838590693794021,0.9420148518455105,0.9394696059201234,0.12390576185852602,0.0,0.0,0.0,0.0,0.5,0.3,0.6,1,198.60815912769604,188.2701537016092
18,1,0.7877454829540438,0.9033668607363329,0.8975442932626383,0.15144317470853963,0.1116770309884793,0.07176925168520655,8.577970502284e-05,0.00018018003057257,0.5,0.3,0.6,3,170.01131260338653,165.76043554725453
18,2,0.39743184548130644,0.5962418980193754,0.5871754303876301,0.11599059527470533,0.3783021522219627,0.08904693658521232,0.00223315012214685,0.00469072558799819,0.5,0.3,0.6,5,79.24871064535644,84.88307767305221
18,3,0.39427715247419404,0.5926538047860224,0.5834289391928007,0.12147226163377438,0.05523567986751055,0.08905803469291161,0.00224266470956936,0.0047107109522777895,0.5,0.3,0.6,6,79.14512558868762,85.90217397671549
18,4,0.17376198806552415,0.25005186388997486,0.2359382515427542,0.07677569762875613,0.7981198671988605,0.0919272979072385,0.01028049493299805,0.02159415086395568,0.5,0.3,0.6,7,33.59577312213866,54.8994497836762
18,5,0.1637443769216636,0.23058219893143686,0.205193595019405,0.07452293925511126,0.05925616624046969,0.09440852975309272,0.004510987893825679,0.00943341461317511,0.5,0.3,0.6,9,34.19026546199315,57.45352364077718
18,6,0.15648372970738056,0.2119996402805461,0.18572665784947154,0.0770525959233541,0.07618024993402747,0.09466884481403852,0.00542922672531516,0.0113621727114531,0.5,0.3,0.6,11,33.3307940693153,56.97524354397901
18,7,0.17612881743337402,0.234840996162856,0.21935588003183062,0.10398269044639429,0.0842729321638571,0.08786649243750275,0.02232784980962024,0.04569931963071943,0.5,0.3,0.6,13,34.04042057888504,65.11882811792029
18,8,0.17581952814673768,0.245994275002468,0.25247290401449074,0.10858338992099485,0.08627046243333428,0.10392660478279447,0.01267312226918205,0.0390860125611602,0.5,0.3,0.6,14,34.97412922845417,53.01857508612692
18,9,0.1586524280948385,0.21907157511755082,0.2248178909048626,0.09968788417511679,0.10271477231767195,0.09959449376611657,0.0088342515355181,0.02754382449864029,0.5,0.3,0.6,15,33.50011630485392,55.29808388192904
18,10,0.14829419877378822,0.19695726745364725,0.19127366799167064,0.11638769220575958,0.06779136092358075,0.09276463129224136,0.00886418536283097,0.02169933446284873,0.5,0.3,0.6,18,33.051739674944145,54.570535826174535
18,11,0.1482941991102223,0.2036763796371873,0.2090503814957958,0.12583514130539447,0.0620612385545819,0.09276463130869596,0.00886418553586287,0.021699334863496962,0.5,0.3,0.6,20,33.05173824049183,54.57053758436799
18,12,0.14627817636711032,0.2138340643028112,0.24123047164465572,0.13209750038967927,0.06232646539926403,0.10356488146462044,0.0053420674807693495,0.012519156084041791,0.5,0.3,0.6,23,32.041711124161935,55.87833064493552
18,13,0.13738181833010207,0.18862066706969835,0.19369122098380212,0.12615808347345667,0.06363410808515485,0.09562574063931288,0.00375123470236648,0.00829675587294356,0.5,0.3,0.6,24,31.67477185323221,53.8582866139799
18,14,0.1352126638797913,0.19104351708703693,0.20701696509044865,0.13580026084111124,0.05671353615337592,0.09289160803141419,0.0040644655192973705,0.00913115087824308,0.5,0.3,0.6,26,31.63726764070912,54.79419347589043
18,15,0.13521266395247217,0.19776262910980846,0.2247940291354013,0.15467447570314902,0.05314388506046684,0.09289160804703309,0.0040644656017485405,0.009131151056930461,0.5,0.3,0.6,28,31.637266292864705,54.794195483881246
18,16,0.13690246907875533,0.19847382170570146,0.22543406285597808,0.17555757263833685,0.05656316060822627,0.09538852546006407,0.00428369914701181,0.01082011944161315,0.5,0.3,0.6,31,31.879436414147268,54.957286401137104
18,17,0.1361685974957648,0.21095780324737348,0.2600171977229766,0.18946104494637753,0.055618847437679496,0.0950672674260554,0.00435840647490886,0.010066344619926181,0.5,0.3,0.6,32,31.955079192183085,57.41230956169744
18,18,0.16746887289068807,0.23710485249142516,0.28579299323375734,0.20320399149071677,0.1103265993021566,0.0956991120084174,0.04340313958661085,0.04769721508945635,0.5,0.3,0.6,33,32.15153039672952,55.445346552621615
18,19,0.16566631751513194,0.23169292449316392,0.28012371565028166,0.21246006361009562,0.09267861875785657,0.09031749385536952,0.0263233140485725,0.061482521644715106,0.5,0.3,0.6,36,33.635252932674774,53.62589598594612
18,20,0.14412114780009,0.20758045535499142,0.2558287717263238,0.19507987557486522,0.07840189694259048,0.09395077543959798,0.01377569124680724,0.03146264707000438,0.5,0.3,0.6,37,31.756269247884983,53.4427413002329
18,21,0.13312177092717226,0.1895827288901225,0.24792905396415194,0.19519860423488167,0.08929101558917096,0.09402062241055545,0.015325223563900519,0.02587797912727326,0.5,0.3,0.6,39,32.83977446804191,52.20754222598147
18,22,0.12300971140323913,0.18310350393675712,0.25229439065714504,0.20556920638295417,0.060422824783444386,0.09576642798540161,0.01026784371112945,0.01303566378393298,0.5,0.3,0.6,45,31.38663886075748,49.72871547060501
18,23,0.12008686406180252,0.17943711195054263,0.2485770379419705,0.21262855998316005,0.05863993621711301,0.09182730064789277,0.0094813122974226,0.0125406649614429,0.5,0.3,0.6,46,31.760050875976425,49.43329580945799
18,24,0.1225563521864109,0.18810202487569316,0.268263925579662,0.2247266194463138,0.06070892279767414,0.09595367401927624,0.0104568430494582,0.01322289665148925,0.5,0.3,0.6,47,31.134658485248927,50.38148502835563
18,25,0.12022186187331735,0.1850924562926144,0.2652079364411426,0.2292080799435378,0.0592298495209246,0.09243230287591424,0.00999163723213491,0.013131998634895739,0.5,0.3,0.6,48,32.10838349207419,50.37202140167487
18,26,0.12185142410458608,0.18607623474683557,0.26614764093040016,0.2343404112985832,0.061127253709731585,0.0903639995687858,0.009644348557000849,0.01834891119088905,0.5,0.3,0.6,49,31.81898639513313,49.32370812220231
18,27,0.11871728116999834,0.17532636753405695,0.24427823951933514,0.2251084303371843,0.05928614013749882,0.09139428466465313,0.01024373724129478,0.01280278349719847,0.5,0.3,0.6,50,32.35188529714042,51.04129570994128
18,28,0.11845957503628682,0.1813983102956642,0.2613816588447483,0.23795002320489983,0.057025830266030246,0.0908339223657936,0.01032664924400687,0.01316058241345602,0.5,0.3,0.6,52,32.27677064221542,50.072059126443314
18,29,0.8598672237600993,0.9385005186628678,1.0619566725539433,1.0362967286210827,0.8155833148175301,0.10888249467093729,0.49817569283080554,1.0,0.5,0.3,0.6,55,41.98927399309756,62.12705465136689
18,30,0.859505802153679,0.9291468600780205,1.0413925979527194,1.0433737896159334,0.8082580311280421,0.11078292862954031,0.4977940922046581,1.0,0.5,0.3,0.6,57,42.74567194317344,54.7028816916229
18,31,0.8813778335182796,0.9604508486827055,1.0945451330667075,1.0907746791648534,0.8300523604931209,0.11551375505052115,0.5697612986220354,1.0,0.5,0.3,0.6,66,40.82190651352944,59.65691238452956
18,32,0.8808703539836681,0.9604681110974447,1.105209353272123,1.1590287975624256,0.8329103155405084,0.11149297993953478,0.5852771774946911,1.0,0.5,0.3,0.6,78,45.09295404172873,56.76902598854571
18,33,0.8850351921386395,0.9509152565167083,1.084139597405229,1.1508411087049581,0.8602365326521465,0.12640653129109797,0.5858765005036752,1.0,0.5,0.3,0.6,79,45.76257872483311,49.78802659059078
18,34,0.8601673490884616,0.9463435034041303,1.1233705404867549,1.1529400438817454,0.8237949768779571,0.1179182858925352,0.5276565009434198,1.0,0.5,0.3,0.6,82,49.24099324598137,56.33189547243855
18,35,0.8727411331762344,0.9365377489581622,1.0802487034410384,1.1547883197105335,0.8376236050995115,0.11924317568615661,0.5708609693183389,1.0,0.5,0.3,0.6,83,44.820944205430166,61.86302464991095
18,36,0.8497216892741158,0.9328327590510748,1.120288433687791,1.1928275953114928,0.8187976357258641,0.09920661344338563,0.5392016927308808,1.0,0.5,0.3,0.6,86,48.9556180798909,60.46306090755687
18,37,0.4313764362570475,0.5016420344672069,0.6882831339182955,0.7813580594920819,0.411270639353157,0.09457997112418684,0.15806296848391974,0.5067104209151653,0.5,0.3,0.6,89,40.957077062439225,56.69230324872514
18,38,0.4931827573591351,0.5877451476670377,0.8184544774586634,0.9408480470814441,0.46194483562775857,0.11935048426687926,0.2298731354046303,0.55503066779398,0.5,0.3,0.6,115,35.308189232646896,71.6398454897795
18,39,0.4632124855834199,0.5430798849002663,0.7515951438177664,0.9011417072407137,0.4340522876797954,0.12734701358688771,0.2525002133611288,0.48800100904462174,0.5,0.3,0.6,117,36.6658576990517,71.05771694424492
18,40,0.461664963843556,0.5447244307499196,0.7640766819056255,0.9185477132952313,0.43725541762956394,0.12958272683160663,0.2576584609217005,0.48347648982439456,0.5,0.3,0.6,119,36.70392943254538,71.32125551775924
18,41,0.47133524681654787,0.5529014097690934,0.7721606432683426,0.9394641884192706,0.4467639416619749,0.13089655106135462,0.26425253108385344,0.4962490044551123,0.5,0.3,0.6,120,37.32735614995892,71.33354836223133
18,42,0.39919088138765335,0.5148689599511664,0.800088488512603,0.9329819981128786,0.37645095647562127,0.11079181836766501,0.2112969517736774,0.4235278087113043,0.5,0.3,0.6,125,36.99999631926108,56.08563242528344
18,43,0.38476709591224156,0.4828529556515141,0.7457011321314836,0.93356013005103,0.36311632796284876,0.10947076005242048,0.21417051044790042,0.4019688672839976,0.5,0.3,0.6,129,35.45508956846199,56.01986107263525
18,44,0.38224306520753726,0.48597100153843353,0.759809708237969,0.9401221883558379,0.35886644482245006,0.1004191907011116,0.2128254409345836,0.4067057526634234,0.5,0.3,0.6,133,34.65089762486287,57.09991706774362
18,45,0.3914631313327973,0.4882727720338656,0.7510418044272313,0.9519591672735522,0.36790999555457393,0.10124960987523872,0.2102235497921423,0.42280982576426834,0.5,0.3,0.6,134,34.10654528433996,58.21260866721708
18,46,0.3860062311339867,0.49516820186352745,0.7799859386529311,0.9645768448170164,0.36390203083612993,0.10158056371060611,0.21218887216005702,0.4131825107934085,0.5,0.3,0.6,136,34.219687799904946,57.52081320899762
18,47,0.39731846139183286,0.4852288866452069,0.7368064375778649,0.9222165947290895,0.37513772086003777,0.10356743726639864,0.21655911697190322,0.4289235544420844,0.5,0.3,0.6,139,34.40592170365767,56.83550055941694
18,48,0.6731759903282952,0.7861464753715598,1.081843002576283,1.2767420561272407,0.6519676069342637,0.1322836003628721,0.35457260235689364,0.7969521137398445,0.5,0.3,0.6,143,45.19528962109152,46.19738453309229
18,49,0.39412211295643984,0.5487996269401514,0.9215745530154968,1.1142158514752856,0.3750870009194447,0.10347931640485578,0.20108672022799362,0.4360906975070612,0.5,0.3,0.6,154,42.79509994865632,50.73948611766115
18,50,0.3376459511891637,0.4919305627262863,0.8646811800766221,1.0698906715212104,0.31775856618049814,0.10963123638748344,0.1976011938918078,0.3388338047782239,0.5,0.3,0.6,157,41.65172575729083,52.71688670355493
18,51,0.7254621233914793,0.8465958850568556,1.1747347223419276,1.4599536644439102,0.7095806663372862,0.13378402524888688,0.37497784852550564,0.8803942878047462,0.5,0.3,0.6,166,49.23141121056113,47.57771675184684
18,52,0.6799397291986538,0.8195423051636009,1.1914049395148214,1.4386399114496233,0.6673619917337201,0.1254055524250311,0.3783243543048958,0.8150623879504542,0.5,0.3,0.6,177,44.895520007826576,47.70035257562573
18,53,0.654418804267878,0.7998370754218417,1.1827032137313367,1.4550570063823813,0.6413028130148464,0.12951020865569518,0.37095725103118016,0.7733438773645834,0.5,0.3,0.6,179,44.74207033039112,47.71980754259751
18,54,0.6952317912553386,0.8406149416096991,1.2234789115300608,1.4999304502579287,0.6809730199843675,0.1250371725183653,0.3685161105413339,0.846335057935554,0.5,0.3,0.6,180,45.348140313422086,47.64184214997335
18,55,0.6564661020701916,0.8014721023880569,1.184313594328892,1.457164592539033,0.6432899713009568,0.13081756861519955,0.3760301513354485,0.7733821392031589,0.5,0.3,0.6,181,45.18071180885015,47.53801443636624
18,56,0.6893545204614586,0.8332829387142542,1.2160600088478728,1.506430698561748,0.6770228499912073,0.12467606998647225,0.3674784519964849,0.838246716912918,0.5,0.3,0.6,183,44.69655790616632,47.92381987508725
18,57,0.6879528729256312,0.830769741717033,1.2134803022033407,1.5173551350254493,0.677601832434599,0.12547901447834278,0.3701214021419221,0.8345950553639139,0.5,0.3,0.6,184,44.50482901413011,48.12853592201549
19,0,0.9748495954154472,0.9879667858354855,0.9874385702316772,0.13132597340507793,0.0,0.0,0.0,0.0,0.5,0.3,0.6,1,141.8895200244,182.84743580700868
19,1,0.8768177617437397,0.9587969999275031,0.955017324736465,0.16784449518313935,0.11995987909177097,0.08957965064627305,9.146354975087e-05,0.00014263471065801,0.5,0.3,0.6,3,119.7276862216227,157.18008142907777
19,2,0.374695518923876,0.5627575282683812,0.550726650632239,0.15151752668982946,0.9737608722804816,0.11618154424286024,0.02249702343657441,0.02870414190300478,0.5,0.3,0.6,4,50.25577721442436,88.61225055211717
19,3,0.20526335155211198,0.3181582075974558,0.29670531884528467,0.09060514421884772,0.48696724476807,0.09717325350056141,0.00465718208890036,0.0035622242352798305,0.5,0.3,0.6,5,26.482702534113848,64.83558179910361
19,4,0.19091344961463896,0.2985734560544817,0.2870864330033853,0.10033177029448608,0.07605874839739832,0.0931824512717328,0.0033095396472274897,0.00517779018835021,0.5,0.3,0.6,7,26.818871907894845,61.46191817864895
19,5,0.16734484983961523,0.24628518699868784,0.2323846029235152,0.09662703567605375,0.1644818821254946,0.09747018086846451,0.00188261616517388,0.00680696348388213,0.5,0.3,0.6,8,27.702837796729405,53.42688011185749
19,6,0.1661141380223275,0.24950626823785654,0.24648158124753405,0.09575904963672587,0.056130339263153695,0.09782333645011973,0.00206544768465566,0.00749936925815208,0.5,0.3,0.6,12,27.14231010342612,53.05766639278649
19,7,0.16601947513872092,0.24638148684658068,0.24311569323572974,0.10244944032912189,0.061978845757820616,0.09880668576415128,0.00309187870763989,0.01012519117828985,0.5,0.3,0.6,14,29.166719026889723,52.54399781605508
19,8,0.15738535845961452,0.23738644580887142,0.23409194324897475,0.11457278031282073,0.049382996077118484,0.0920992814356202,0.00084987282216949,0.0029300495775280598,0.5,0.3,0.6,15,27.320660176718416,52.80945494749414
19,9,0.1564258012815379,0.23664276243864038,0.24389456550327457,0.11532635847658575,0.06403744027385239,0.0940722915424276,0.00179888739276334,0.007775986302544979,0.5,0.3,0.6,17,25.525623568239983,55.44951103012513
19,10,0.15772521850018587,0.2362164194672213,0.24333402994199357,0.1231896268742633,0.05796878801008398,0.0970099829334238,0.00273183832773366,0.009245013942291911,0.5,0.3,0.6,19,26.87100197937364,54.17567835002638
19,11,0.1497635866311288,0.23097276613404294,0.24883952766574075,0.15131740555044448,0.05469578149153844,0.08804318006873318,0.0035339282386247202,0.00810318010813062,0.5,0.3,0.6,22,28.10520723793264,53.99817487246888
19,12,0.14919618825151817,0.2302483665571987,0.24810302255254363,0.1464903098965141,0.04977273852207424,0.08782179707667098,0.0035400910962139704,0.0075351991600466,0.5,0.3,0.6,24,27.891352953956897,54.9971562499198
19,13,0.1614239466405198,0.2378614832763774,0.2659153810870964,0.18530140520277805,0.10957719249420347,0.08870327770634664,0.013746274377517128,0.03578143356175088,0.5,0.3,0.6,25,27.24898943975625,52.94495537099646
19,14,0.18004429079174786,0.2559184717136912,0.28393014009666206,0.18782767704028056,0.08993236717555411,0.0880502003242696,0.02440305133863474,0.06269062967687011,0.5,0.3,0.6,27,28.07722549319582,54.004750417764505
19,15,0.1662471816465676,0.24197608377162394,0.2699770135623236,0.17722773036598383,0.07576389237870754,0.08849227335260682,0.0167355229678607,0.04332981373394752,0.5,0.3,0.6,28,27.46666277635724,53.22114095189752
19,16,0.16147255252914097,0.24269372485812865,0.2816610194044037,0.17822058490305936,0.07556782847026092,0.09117607272226665,0.01505818773085264,0.03540138610134319,0.5,0.3,0.6,29,27.50984956123684,53.58062212918059
19,17,0.16035839588017883,0.2349176146455079,0.2733925634988981,0.19582691430570948,0.08236871320200569,0.09178621378302732,0.01458722688750549,0.04086478412094246,0.5,0.3,0.6,32,28.382883917639056,53.08627131042373
19,18,0.15809374791357944,0.23198882798587048,0.27041508049597013,0.19382394741862424,0.07408418595387277,0.09198377940240264,0.013589092071806799,0.0381626781062279,0.5,0.3,0.6,34,26.63493814063488,52.62681828046261
19,19,0.150724620106328,0.22416583935337955,0.26255900954007644,0.19541744618266282,0.06641150104055335,0.08774522322312732,0.01715632208441947,0.02813462614943496,0.5,0.3,0.6,37,28.692600069516697,58.30273873831269
19,20,0.1588217878455102,0.23166775718317323,0.2700171373491975,0.19924264652703155,0.07464525249763537,0.09463133273238804,0.013982175737732399,0.03813952410229367,0.5,0.3,0.6,45,25.171846238355783,52.24633168920703
19,21,0.18053251716203408,0.24825828258418256,0.28623538137227156,0.2660688716503627,0.11666371933531297,0.09500643127517824,0.04508671395179064,0.0640655252576605,0.5,0.3,0.6,46,26.83677520364012,69.75916464602871
19,22,0.18035738704482976,0.24781229661794812,0.2857696496589056,0.2659961764995424,0.09976929494776553,0.09500643061719256,0.045086714066526166,0.06406552575898945,0.5,0.3,0.6,49,27.60005924713604,70.0237653400099
19,23,0.1802188134657255,0.24745940380939507,0.28540141298302363,0.26593865481582896,0.10018393830960898,0.09500643061719256,0.045086714066526166,0.06406552575898948,0.5,0.3,0.6,50,27.278545007530305,69.89197709872862
19,24,0.1413016066377049,0.2130185113795246,0.2618564530305164,0.25426425694361104,0.06306070666350092,0.1007813804333462,0.00777197276080899,0.01545239265050897,0.5,0.3,0.6,57,27.82808766158937,56.15809426492471
19,25,0.14651539537270092,0.22414307948303447,0.2839806675629371,0.25981078491407533,0.07040474066060463,0.09912523965064604,0.01962863322421782,0.02045295576666927,0.5,0.3,0.6,58,26.46596504910452,59.400330518330975
19,26,0.14588186164070532,0.21575500362023736,0.26446056062249385,0.24605586754894732,0.0694629460363776,0.09915035256211815,0.019633640592450142,0.020469761835308208,0.5,0.3,0.6,60,26.299066499045136,60.31125260934818
19,27,0.14581264680178302,0.21557640418023172,0.2642739873733801,0.24602675580580685,0.06792793441322963,0.09915035256211815,0.019633640592450142,0.020469761835308208,0.5,0.3,0.6,62,26.15483208640784,60.226377384274805
19,28,0.14808756247822646,0.23657073873488504,0.31833832243777743,0.2820725518324255,0.07571716391016116,0.10464725579153922,0.017652873476934318,0.02219223240148306,0.5,0.3,0.6,63,27.89446762769734,57.56260283884892
19,29,0.14571427746088914,0.2373693847641614,0.329941597622103,0.3320004303672675,0.07658598535853234,0.08389036968237965,0.05405387668644877,0.021008511571643622,0.5,0.3,0.6,65,31.17211869054136,56.626357750035005
19,30,0.14540641616657304,0.24097014740210126,0.3444011592357964,0.3433229548517025,0.08137671841096263,0.08142182400573,0.06151254414433051,0.02169791466582931,0.5,0.3,0.6,66,30.22629111130567,56.15553817766734
19,31,0.14548488947243093,0.24080666742165543,0.34422069424605967,0.34348411658956673,0.07319457598106922,0.08188076085727403,0.06150642574369077,0.02169402108473888,0.5,0.3,0.6,67,30.31921958165453,56.15484254872316
19,32,0.14506950651649725,0.24007879061024714,0.3434707479014013,0.34317766451792564,0.07320202180331864,0.08142182400573,0.061512544144330515,0.02169791466582931,0.5,0.3,0.6,68,30.301932308422487,56.297821404768506
19,33,0.19538420986108335,0.28080799427387576,0.3835293604659085,0.3928859422275184,0.14367339936548118,0.10508108203261086,0.13518691315699977,0.058491632557994354,0.5,0.3,0.6,70,39.252092759111925,61.680442778207336
19,34,0.14491861531210795,0.21838341317605262,0.32028293986718537,0.37068362777012354,0.09713625648015561,0.07699078877054055,0.07604807500864015,0.03862683207248026,0.5,0.3,0.6,73,33.26491282229671,63.19517877332538
19,35,0.14827086541409265,0.22819978657428192,0.34113926808114237,0.3924593677829405,0.08885231365255924,0.07965498206648833,0.08303360718879373,0.038752675799812966,0.5,0.3,0.6,74,32.749030032073634,63.061623239337216
19,36,0.1366940010582403,0.21093150443412217,0.3234864590772102,0.36764387056955006,0.08833221800159637,0.07591700891869779,0.07496428310274363,0.03172421199964144,0.5,0.3,0.6,76,30.99666369046837,63.30833541771203
19,37,0.1501533381319056,0.2333889078543569,0.36776057721608574,0.4227198548499398,0.10906326092828454,0.08623977255829096,0.09693437922254691,0.03849174442201733,0.5,0.3,0.6,77,33.53195321994524,65.05773579227537
19,38,0.1491550857757133,0.2316885351408028,0.36601338120190435,0.42553219675267123,0.0968338321749102,0.08948162827601677,0.09338922806804176,0.036512421183376206,0.5,0.3,0.6,78,33.09462395542463,64.92588469985341
19,39,0.14914261017393138,0.22493292417590405,0.34819844152433166,0.40350644509065514,0.09470198823279319,0.08948162827601677,0.09338922806804176,0.0365124211833762,0.5,0.3,0.6,80,33.11968252910312,64.94725282525188
19,40,0.14730644034235824,0.2340987259536188,0.37931671120347416,0.442705309196145,0.09597384984876636,0.08930124624528776,0.09511021581371631,0.034855628622639426,0.5,0.3,0.6,84,33.36505550290457,63.90566103657147
19,41,0.17128511544700767,0.2862330884034079,0.47576736983671813,0.557671328217859,0.11768002919948528,0.08135661285092691,0.09538168410163575,0.08019816628054481,0.5,0.3,0.6,103,29.23930127103465,56.19777380479423
19,42,0.17670596627669635,0.2779781719006312,0.4453809906248165,0.5510914806660486,0.12385448358814322,0.08175837976688806,0.10007477011372552,0.0867574876989946,0.5,0.3,0.6,104,29.564147768626697,57.31213204275845
19,43,0.1882050028957054,0.29799729285699006,0.4871885063042256,0.5732748253929622,0.15446161444769496,0.08860463704553904,0.11666117975199028,0.0961427280843994,0.5,0.3,0.6,105,31.13155867239799,56.22737690657681
19,44,0.18820616283845126,0.29800077872436137,0.4871920133201863,0.580655912332954,0.136987690282118,0.08860463704553906,0.11666117975199024,0.09614272808439944,0.5,0.3,0.6,107,31.14056776727488,56.233860482716665
19,45,0.19119797094340643,0.30022236241796285,0.4893626899841851,0.5838518295258954,0.1441129614060166,0.08653650329379423,0.12331394480423112,0.10017879499012769,0.5,0.3,0.6,108,31.26401806628826,57.29681812800143
19,46,0.1890005523634872,0.3041850385293046,0.5043462269132781,0.5965652784556245,0.1384597799950228,0.08726772869899535,0.11421226112523204,0.1009315057087153,0.5,0.3,0.6,109,30.234167546721,55.04692958070149
19,47,0.19019324243022478,0.34109597817122345,0.5966855145126985,0.7152826448549904,0.13868169702959762,0.08984311260095476,0.1274776322801613,0.09234013898963632,0.5,0.3,0.6,132,29.78039802816148,56.19043183744008
19,48,0.18944156654064725,0.32812636571380716,0.5722949768575861,0.7491826297925139,0.1442362433874279,0.08318178521273842,0.1110251917826485,0.10949306317236226,0.5,0.3,0.6,134,29.66444886236902,56.25551163139527
19,49,0.18777193032599562,0.3674400171936604,0.6779987048804582,0.789832221828964,0.14509515050605612,0.08433700059464107,0.14249239734107574,0.08945895747518692,0.5,0.3,0.6,135,32.62927558049881,55.94090790596471
19,50,0.189427541909855,0.33808154616735087,0.6041376761581694,0.754684146435784,0.14493578640192478,0.08575664351462967,0.1365473221383703,0.09742821214562124,0.5,0.3,0.6,138,30.685937898635427,56.56012336453341
19,51,0.17871950285673993,0.34930968808913887,0.6592741452212195,0.9543440921503669,0.13400013397594854,0.09102454484588264,0.10129617343278337,0.09682729763652734,0.5,0.3,0.6,185,30.564886930489347,62.33157852873687
19,52,0.24742494087833813,0.48614904024915834,0.8961327714631704,1.116464241148484,0.20238235841156085,0.07640547292140923,0.18322193166599057,0.17630159509233292,0.5,0.3,0.6,186,31.048781688539272,61.544748446348926
19,53,0.1940379964477665,0.4168628892322892,0.8045701151110057,1.063701477124286,0.1498628254029437,0.09000878405558983,0.12273130994245529,0.10826298539842465,0.5,0.3,0.6,189,28.682787106006096,55.65395085498164
19,54,0.22064845792471882,0.44225542998502726,0.8405028013213816,1.0947867763198553,0.19233018332544283,0.07783308145182244,0.1710916551102648,0.1449900329636881,0.5,0.3,0.6,190,29.73888293291932,59.47492409092013
20,0,0.8775326648151885,0.9386680090673561,0.9359759166199946,0.12336533324431802,0.0,0.0,0.0,0.0,0.5,0.3,0.6,1,199.9142654436,179.00969518273038
20,1,0.7913026673609391,0.90995631331237,0.9039264424375647,0.16199548561517793,0.12439024954037069,0.09437956545792024,8.610921756276e-05,0.000197201341968,0.5,0.3,0.6,3,172.91702222605113,159.3850561598761
20,2,0.1789313382847008,0.2336103677051912,0.20727325881337216,0.0850251917848614,0.8029272873152595,0.12099025872466325,0.010965117795801579,0.0251115502541078,0.5,0.3,0.6,5,38.36743928772454,56.65429449957559
20,3,0.16563138020239865,0.21202410299197494,0.18505563004382858,0.0819236037132684,0.0862588656678312,0.12484468650009459,0.0055271304594654,0.012618712405600321,0.5,0.3,0.6,7,36.44860949183176,57.253192011904055
20,4,0.16315479613748382,0.19180870027633057,0.16353003961324708,0.09465374094745257,0.11149490997290962,0.1210564844677838,0.0110749373869443,0.02905229174111173,0.5,0.3,0.6,9,36.16407696154571,53.50528719014415
20,6,0.15844789329277212,0.1848129307470087,0.1669443642240406,0.09948773547349163,0.09506783034056054,0.12158406302691778,0.011776482514560881,0.02999550373773126,0.5,0.3,0.6,11,36.43306211931942,60.05097515691652
20,7,0.1540043161730425,0.1791424635224052,0.1611857720751821,0.10198749513530063,0.08277570984114584,0.11993672590069712,0.01356872109799509,0.0243644018359392,0.5,0.3,0.6,12,36.73805264588943,57.701904938995845
20,8,0.1561686151167338,0.17848802672784173,0.1603323872852124,0.09864512241193052,0.09167082902730803,0.12150909806501595,0.01293975437479998,0.029837052989077524,0.5,0.3,0.6,13,36.39459624933089,59.237021806002325
20,9,0.14518885424388156,0.16730781732254912,0.1491379336546586,0.10171329754201358,0.07233574069628033,0.12059172284513586,0.00708198624427257,0.01543499299436649,0.5,0.3,0.6,14,34.39345886299056,60.8452006255311
20,10,0.14903326193886973,0.16686683758918275,0.14839520936974115,0.1070404393134104,0.09205656514608129,0.12020029974253824,0.010262933377993281,0.02489672423701421,0.5,0.3,0.6,15,36.492130261289546,82.03252855516642
20,11,0.16126052138401561,0.1787143939055443,0.17080543307621496,0.12608335441914303,0.10594149310853675,0.12591730527018985,0.017972140790390632,0.04361520703120724,0.5,0.3,0.6,17,36.91267737939828,58.36932344868013
20,12,0.16556289085665574,0.18272504885554028,0.17479593668334628,0.12851497544480137,0.09992189506858605,0.12746707631170714,0.017318129600303638,0.05010205249658702,0.5,0.3,0.6,18,36.43537061295781,58.4735955298648
20,14,0.14940624575025474,0.16571428867575905,0.15772616426700337,0.12240337678573085,0.08583150669037143,0.13075705989275732,0.00903441250903852,0.02539561627723752,0.5,0.3,0.6,20,35.37579652325214,60.002975074873405
20,15,0.1485875952851783,0.1630704335569364,0.15495613266460712,0.1242438111643017,0.08937105398547097,0.1312977943660128,0.00899936481402661,0.02534096845984163,0.5,0.3,0.6,21,35.17389339578908,58.98870374291933
20,16,0.1484605729109961,0.16294169099961783,0.15482730418831542,0.12681518715612045,0.08343650680181937,0.13105449600142624,0.008994817101730269,0.02533688805152944,0.5,0.3,0.6,22,35.22752526175261,59.77126933744605
20,17,0.9188839114919849,0.9355357740685201,0.9381665828013199,0.9034369022169177,0.8708396308335282,0.4880699725185808,0.0412803553367603,1.0,0.5,0.3,0.6,23,39.78131878867379,66.9120643049117
20,18,0.1468397415194993,0.16976741075824275,0.18342563566270026,0.14406896059517216,0.0849019849722814,0.12698431917809633,0.010215595754434429,0.030108985321899727,0.5,0.3,0.6,28,35.25747184000235,59.00233618716275
20,19,1.0344172105757456,1.052521149829794,1.0658508312035613,1.0507281795556263,0.9900295571066215,0.14972148195712254,1.0,1.0,0.5,0.3,0.6,29,37.08399403193869,60.089547233920406
20,20,1.032998773863424,1.0457931029407865,1.0587639797935275,1.059667816415834,0.9845868564536592,0.1526112354345516,1.0,1.0,0.5,0.3,0.6,31,35.2625470462588,60.757234362961725
20,21,1.033023941111752,1.0458165765501684,1.0587873134534245,1.0596935540487107,0.976334562759483,0.15266351397988273,1.0,1.0,0.5,0.3,0.6,33,35.27180350960141,61.00651920208184
20,22,1.0319423038451863,1.0495868764895737,1.0734896517271393,1.0676787515844404,0.9820334067931165,0.15248230247897665,1.0,1.0,0.5,0.3,0.6,34,35.42539815983306,60.71236530854512
20,23,1.0316331233543612,1.0490927805127563,1.0729833810671106,1.0729952137982899,0.9766034511379817,0.15205964124352306,1.0,1.0,0.5,0.3,0.6,35,35.49968705382351,60.434674267224224
20,24,1.030178167780606,1.0435403080302965,1.067156599184058,1.067104887444947,0.9893717114237239,0.15344025299725383,1.0,1.0,0.5,0.3,0.6,36,37.79264293430891,59.60858669149884
20,25,1.0289603178299396,1.038007684340435,1.061337538213884,1.076075585255873,0.9843409146103222,0.15544126682997722,1.0,1.0,0.5,0.3,0.6,38,35.82534116420489,60.36654862079124
20,26,1.0273115368913512,1.0336268035914584,1.0567761122716874,1.0778409415638512,0.9857940799224425,0.154910253347899,1.0,1.0,0.5,0.3,0.6,39,35.7460100285157,58.55666379483359
20,27,1.0267434607434653,1.0310588769289402,1.054076381906963,1.0839400534781283,0.9809330498880988,0.15577993434994145,1.0,1.0,0.5,0.3,0.6,41,34.87791758227974,57.511019676548
20,28,1.0264942069351464,1.0303094154441867,1.0532936159445168,1.0838178913286318,0.9786490785840227,0.1557799343499415,1.0,1.0,0.5,0.3,0.6,43,34.82808516982099,56.5289081220718
20,29,1.025930733929262,1.0295937319592297,1.052568033233045,1.083293421304088,0.9775177876526722,0.15480460085255618,1.0,1.0,0.5,0.3,0.6,47,34.956337255654,56.87007940361481
20,30,1.0254464474208072,1.0414648391764123,1.086483246798227,1.101432100307541,0.9782770214975347,0.15491181430780263,1.0,1.0,0.5,0.3,0.6,51,34.99247192792278,61.34017514146217
20,31,1.0225188180372493,1.0285678195442065,1.062313146765894,1.1332981653601366,0.9863737307577184,0.15237261142805528,1.0,1.0,0.5,0.3,0.6,52,35.7280446248444,54.92201189171581
20,32,1.020104802022085,1.0204721045451932,1.0538501808823941,1.1352775313675472,0.99318115272363,0.1529203165453239,1.0,1.0,0.5,0.3,0.6,53,35.20710235852896,58.33641327854889
20,33,1.0188753835115016,1.0172338293641,1.0504817374399673,1.134524982615833,0.9821940017509982,0.15237261142805528,1.0,1.0,0.5,0.3,0.6,54,35.231714513410985,57.44582014264197
20,34,1.0187177440827053,1.022509490088877,1.066731746475839,1.1447302237157793,0.9785661063675402,0.1532779227091295,1.0,1.0,0.5,0.3,0.6,56,34.56339467431005,54.69407673725634
20,35,1.0184247730283504,1.021590451409077,1.065772367189608,1.1445804271524689,0.9775663519347936,0.1532779227091295,1.0,1.0,0.5,0.3,0.6,58,34.56363372059872,57.1299431364942
20,36,1.018295507416372,1.0211852705899598,1.065349421064738,1.1445143843749574,0.9774588883098233,0.1532779227091295,1.0,1.0,0.5,0.3,0.6,59,34.5412392682476,56.9553822349646
20,37,1.0179464869805415,1.0200907082354824,1.0642068001945562,1.1443359718313597,0.977746911288901,0.1532779227091295,1.0,1.0,0.5,0.3,0.6,61,34.46807926922746,55.7791988636251
20,38,1.0179334517289051,1.0178550705476876,1.0618280683036714,1.1808878888706915,0.9798628551000395,0.1553235789090393,1.0,1.0,0.5,0.3,0.6,64,36.73882679397758,57.26883884433335
20,39,1.017950464464553,1.0168276959307652,1.0607335973918184,1.1670400237554275,0.9812554449389465,0.1563253202064507,1.0,1.0,0.5,0.3,0.6,65,35.78916113135902,56.99444270728347
20,40,1.013766863118934,1.0085116407212573,1.0521529933833618,1.173188932153061,0.9881036230773214,0.15174938966639423,1.0,1.0,0.5,0.3,0.6,66,35.575405742764204,56.126623270337575
20,41,1.010316371664974,1.0022416151836047,1.0457033074971218,1.1609432289890753,0.9778462966025865,0.14739661579033625,1.0,1.0,0.5,0.3,0.6,68,35.532209575330604,52.55970571138048
20,42,1.0116915308873025,1.035031628170001,1.133642803419406,1.2397996019479938,0.9763518992965279,0.15209535297644772,1.0,1.0,0.5,0.3,0.6,89,36.2726668093149,63.58221871096774
20,43,1.0127373093602536,1.021700152734942,1.0981367501392167,1.2329249325540514,0.9781974324442464,0.15502208475911589,1.0,1.0,0.5,0.3,0.6,93,35.552979659363096,59.33641387643103
20,44,1.012476279793872,1.0278115636299758,1.1152839569419006,1.2436886256012105,0.9779110283946972,0.1548077418716824,1.0,1.0,0.5,0.3,0.6,95,35.26393067373152,58.98804497067261
20,45,1.0126938125827716,1.0277543244474097,1.1152094585521635,1.2439639327734127,0.978011065723758,0.15548640085895168,1.0,1.0,0.5,0.3,0.6,98,34.922151701279844,58.67546756000256
20,46,1.0103263195351548,1.0358625615838126,1.1452452527698649,1.2816057446985274,0.9784812830244134,0.15336106122991464,1.0,1.0,0.5,0.3,0.6,103,35.08884226372379,55.653166072726506
20,47,1.010240748098899,1.033153356218701,1.142370622729794,1.2925338236721147,0.9852174599442556,0.15547663514341944,1.0,1.0,0.5,0.3,0.6,104,35.1750072934796,60.10744352591433
20,48,1.0101797998443882,1.0329513809622082,1.1421602017721466,1.2925009025870615,0.9778396097082439,0.15547663514341944,1.0,1.0,0.5,0.3,0.6,106,35.22917151646988,57.95009427068795
20,49,1.0088987888808107,1.0370757743509986,1.157259438168436,1.2922066885331343,0.9807373852181059,0.15405234501764065,1.0,1.0,0.5,0.3,0.6,107,34.36387668129686,55.83595793648089
20,50,1.0095372067096957,1.0308392750594693,1.1399555346574979,1.3070128313975777,0.978079044711627,0.1554608905097862,1.0,1.0,0.5,0.3,0.6,109,35.786256378867414,58.13426919517627
20,51,1.009273584341317,1.0304967032540922,1.1396079051778405,1.3102996427142668,0.9777419713050821,0.15500130302303572,1.0,1.0,0.5,0.3,0.6,110,36.2150066886777,58.11248379095844
20,52,1.008824430361636,1.007446559911989,1.0832316655850538,1.3048989805340172,0.9850232291258676,0.15619808503194588,1.0,1.0,0.5,0.3,0.6,111,36.93027933006361,58.300071216359314
20,53,1.0057131521830276,1.0434316307383336,1.1854862042890275,1.337515827681146,0.9761316546899765,0.1510128585001465,1.0,1.0,0.5,0.3,0.6,117,37.21469358950192,58.99140163105444
20,54,1.0032707987214122,1.0337232092953605,1.164686244057657,1.3236874534062621,0.9749378800275512,0.14659221704402195,1.0,1.0,0.5,0.3,0.6,118,34.90913603735669,59.61555623337882
20,55,1.0052956613893562,1.0390349653075825,1.1808411085220292,1.3406733280528624,0.9798056395226789,0.15353219251248174,1.0,1.0,0.5,0.3,0.6,121,35.03507502531371,59.35721611796281
20,56,0.997234790001816,1.0299869018376202,1.171731700477752,1.3792871942385916,0.9693148387304747,0.13823542212244969,1.0,1.0,0.5,0.3,0.6,135,40.15808463008631,61.89465876501683
20,57,1.0047135691462312,1.0428662529588442,1.1955867343033844,1.4084672000096088,0.9813571082988787,0.15428905950213376,1.0,1.0,0.5,0.3,0.6,136,37.15941906536368,58.99686296297532
20,58,0.9979304453314055,1.0311620905283945,1.1835777089860797,1.416395916094468,0.9858131115656624,0.14476761004300662,1.0,1.0,0.5,0.3,0.6,137,40.973339687719374,60.348357173315335
20,59,0.9960988525510097,1.0203632170036416,1.1615827218758819,1.3882480772187105,0.9776269672527581,0.1429277592520372,1.0,1.0,0.5,0.3,0.6,138,41.50894894681977,60.52600775447682
20,60,0.9996625301687124,1.0562450286672234,1.2526741894101945,1.4808635317723264,0.9758234241010543,0.15108414550843677,1.0,1.0,0.5,0.3,0.6,155,38.385501237709846,60.993834003053855
20,61,1.0006558442518714,1.1105579551073987,1.395421219055975,1.7190678316635917,0.9767538190675599,0.15341893051382424,1.0,1.0,0.5,0.3,0.6,198,37.21345901723645,64.60644811503643
20,62,0.9983821939533059,1.11482981917201,1.4107399669974896,1.7680832395895503,0.988684704406571,0.14901081590077586,1.0,1.0,0.5,0.3,0.6,199,37.9735479405506,64.54762033794482
21,0,0.9100587626772464,0.955656486225185,0.953710194930468,0.1261094961869295,0.0,0.0,0.0,0.0,0.5,0.3,0.6,1,180.9347722225,182.79634428771732
21,1,0.826047750645636,0.9267696210840671,0.9219114240035713,0.15643354339068036,0.10473048402810754,0.07464364901976735,8.698657870404001e-05,0.00016673356401287,0.5,0.3,0.6,3,169.93574215176753,191.91982498260657
21,2,0.34505893253405484,0.5272348837059114,0.5140866826870615,0.13733517670478868,0.9652229653834559,0.09361248837471356,0.02177551101522174,0.031100612018482982,0.5,0.3,0.6,4,62.588738846290696,89.09764817325856
21,3,0.19419395324105546,0.2994048343516581,0.2772487343225971,0.08528493009899488,0.4652472477957429,0.09280677629770055,0.004788135202237391,0.0025816006661319502,0.5,0.3,0.6,5,31.50843988114706,65.22378978961424
21,4,0.18381372811122312,0.2667827288113187,0.2427042092608289,0.08779607659495178,0.1493278518426376,0.093783358975147,0.01092006710305364,0.01732980368538569,0.5,0.3,0.6,6,28.86742279536569,56.92691437266394
21,5,0.18339543808661232,0.27304668402026266,0.2600225372057927,0.09755099238940045,0.06032089180325373,0.09377433721439958,0.01058872745741373,0.016860592764409592,0.5,0.3,0.6,7,28.787337341613032,56.749898846735306
21,6,0.16906206594765627,0.23978528181189274,0.21470698980400482,0.09004789773144953,0.10235983270525464,0.09890556858324809,0.00550586204822883,0.00873272362152484,0.5,0.3,0.6,8,27.77875835400321,58.95567027945163
21,7,0.16897091303744727,0.24629458057339582,0.23226442628668711,0.10347442859004867,0.05646089433300594,0.09890533582040424,0.00551107376459331,0.008741854746634251,0.5,0.3,0.6,12,27.717596597740737,59.07320770397983
21,8,0.1636157760900783,0.2296671594407525,0.20421655350416051,0.1111305492173547,0.05889893440995385,0.095157687487228,0.00707602576820657,0.00834492317410329,0.5,0.3,0.6,16,30.638753409910866,62.59726403822134
21,9,0.16412642035012584,0.22941926952502273,0.20390862085666128,0.12202441331394343,0.05860916273184501,0.0958710144539949,0.0066541148627597396,0.00982948224605777,0.5,0.3,0.6,17,30.556349936414826,61.533182320399966
21,10,0.15592460229731636,0.21385545713940873,0.18776874192194704,0.11497117124496214,0.08001161553297159,0.09489048186459602,0.0060614525748752205,0.00688081359324421,0.5,0.3,0.6,18,28.42037126516256,59.70002463219191
21,11,0.15023964283141322,0.2045077727729017,0.17813885655054484,0.1160118743019412,0.056987486352138586,0.08780318883116335,0.00614454936072684,0.00788525270137109,0.5,0.3,0.6,20,29.06211348937875,57.87833794387537
21,12,0.1531995969765236,0.20556205208484848,0.17904718678210604,0.12234153717822079,0.06155057546937049,0.09614818108182951,0.00618679778807967,0.00819698477218023,0.5,0.3,0.6,21,27.28517536497116,59.12945547594792
21,13,0.15100024036757415,0.20241657552286335,0.1758296539032146,0.1280705414596278,0.05668193978077402,0.0949848812977471,0.0056891537702192995,0.006914977996350059,0.5,0.3,0.6,22,27.08020389892995,58.80858826655346
21,14,0.14772797144757727,0.196630309773228,0.16985230842564913,0.12343737342346031,0.06074085516689819,0.08909311682600858,0.00624882461433783,0.00915826746527801,0.5,0.3,0.6,23,27.97840553327858,57.26109574113696
21,15,0.15601427915250013,0.20765536657482908,0.19163432382658893,0.14189133243013258,0.07693335047878064,0.09561600192808088,0.0094942561153043,0.020680643324295568,0.5,0.3,0.6,24,25.520625494253338,113.54277523246286
21,16,0.1558092728224309,0.21388010044423378,0.20889515498235786,0.15301444298171554,0.06356481208730017,0.09561600192808088,0.0094942561153043,0.020680643324295568,0.5,0.3,0.6,26,25.566774797260955,112.83028298136745
21,17,0.1489164366991875,0.19676807216789646,0.18046406522156663,0.15983074819857485,0.07071264614369036,0.1007840206322174,0.00592587760107729,0.01077168676466341,0.5,0.3,0.6,27,25.154530928831218,72.22918057807674
21,18,0.1494196233384697,0.20087513763481674,0.1953972272816678,0.15481597638189268,0.07196257992606027,0.09538595209393044,0.008375008652063561,0.018470676990091563,0.5,0.3,0.6,28,23.774149427845124,117.47694859044884
21,19,0.14345681353354375,0.1810906927630825,0.15346958767041027,0.15322874085903787,0.05624164598857311,0.0916406432259544,0.00609840058916861,0.01322921268153095,0.5,0.3,0.6,30,24.65670002133952,121.00133186462254
21,20,0.6850085486642374,0.7219720854498687,0.6943014557191749,0.7016226238501743,0.5998819550850727,0.09436016038045676,0.00959768093534888,0.9125619303910204,0.5,0.3,0.6,31,23.085831160465744,138.1724073425631
21,21,0.15345669116996588,0.18672745865049312,0.15878524770627972,0.17800571911143862,0.08106901024262013,0.09632054577706584,0.007109642866805139,0.03040480654096645,0.5,0.3,0.6,32,26.842228830514703,69.97780446820465
21,22,0.1414808710209638,0.18041239985951113,0.16345039634572556,0.18157673125362273,0.05845642249663941,0.0968818884407916,0.00664382966072576,0.01138537444700144,0.5,0.3,0.6,35,24.992452297143945,71.6328114431966
21,23,0.14987952615658603,0.18550323316085943,0.17887380890789897,0.2037117417891271,0.08890092994912381,0.09153033262292096,0.01259312612636945,0.03769286014657069,0.5,0.3,0.6,37,25.92016632042504,74.5001969109441
21,24,0.1535855146031405,0.18075013310717222,0.16293868529181996,0.21971309159359034,0.07887169324264884,0.09648336292151206,0.01096858711208714,0.04237661581962396,0.5,0.3,0.6,40,25.71324904101405,70.64658363602099
21,25,0.15449441519186982,0.1801495136734606,0.16223046215758194,0.2157755720575656,0.08129220561698697,0.08666282232458486,0.01639311144390515,0.05093206320133575,0.5,0.3,0.6,42,26.21143996210192,74.60955853136599
21,26,0.15529963042815456,0.18663227602578894,0.17969674074278738,0.23491235411432304,0.08197187370145854,0.0896165130120309,0.01818169009415471,0.04999574910490667,0.5,0.3,0.6,44,25.613817319665497,92.5530233262296
21,27,0.1676246300114478,0.19839161330582902,0.19141608208574942,0.2454752526252139,0.09385802937386917,0.09313332954203228,0.02081370155652728,0.06687114573920931,0.5,0.3,0.6,46,25.606901615085302,72.04404732858433
21,28,0.16453183982339753,0.20173337649622516,0.2057952655536434,0.25179929569451764,0.09094807339681538,0.09623591070566875,0.01810796388822252,0.060776164852540074,0.5,0.3,0.6,47,27.568240631644187,133.41734670642754
21,29,0.17745905905883538,0.21286063840534492,0.21679508168741293,0.27123743468429135,0.10698881054258291,0.09701222979005224,0.022352168444228042,0.08139142888267817,0.5,0.3,0.6,49,29.14642283934851,137.72524022016916
21,30,0.18149780433049592,0.2090998984356895,0.20190036308065387,0.2910556434405978,0.11226539476136661,0.09305816595437798,0.02736875063422971,0.09000549827458833,0.5,0.3,0.6,50,28.42193636309176,119.89232985869498
21,31,0.19159697819954633,0.21191742933284394,0.19362057058687196,0.31528238853255863,0.11954923421059574,0.09543229193846561,0.03112112353742074,0.10355103614010297,0.5,0.3,0.6,55,27.73397728358784,123.0709017235066
21,32,0.28902671908637506,0.32332807716361706,0.3483633276581437,0.42809004198925404,0.2656808424136291,0.08062693042012428,0.12740059788480018,0.24275719008019858,0.5,0.3,0.6,56,30.2939131255942,66.74160031505275
21,33,0.38663686985830437,0.41915828365767366,0.44407001505307275,0.5383128507834756,0.32570006373296695,0.08295860436517401,0.10181391341480699,0.4180027205805823,0.5,0.3,0.6,58,29.478985541666685,64.05507626190399
21,34,0.3846973427215644,0.42044354346244384,0.45617483134330206,0.5487058166636214,0.32829704433880097,0.08295860436517401,0.10181391341480699,0.4180027205805823,0.5,0.3,0.6,60,29.856246435723325,62.464652275200095
21,35,0.31083504823444996,0.3353074622285197,0.3596709672890389,0.45891602758500705,0.26578314111725787,0.08454090636190242,0.14180401126356207,0.2777644081449474,0.5,0.3,0.6,61,30.55900071951469,68.27449615204884
21,36,0.3102733900076161,0.34129897185480484,0.37670864208445076,0.469549051228339,0.25125720732885837,0.0838097141911443,0.14099089292363415,0.2779941298213811,0.5,0.3,0.6,63,30.42506561800382,68.1567884566838
21,37,0.3485648731907478,0.37824170799174905,0.41356013595529584,0.5328281852026273,0.2921299554650706,0.07971291317091765,0.2793218668797559,0.2772816251191033,0.5,0.3,0.6,65,26.570880520664662,65.60308351694012
21,38,0.3485648731907479,0.3849608198747635,0.43133684915889536,0.5569776970011503,0.2900220678329926,0.07971291317091765,0.279321866879756,0.2772816251191034,0.5,0.3,0.6,67,26.57088052066468,65.60308351694012
21,39,0.3100170803557479,0.34087963763094864,0.38688290628824396,0.49894177191391426,0.2630368673341714,0.08429006218782797,0.1402585689727313,0.2836829676782183,0.5,0.3,0.6,69,30.63300031174167,71.83007690857194
21,40,0.3201134345144457,0.35680304413786623,0.41380417813262466,0.5209558392501691,0.2663794849976536,0.08466956611171808,0.1459644923361281,0.2981248420814081,0.5,0.3,0.6,71,31.769064356922648,72.64223977735932
21,41,0.32001701474140853,0.36324226137609517,0.431289107608287,0.5325205249691946,0.2652825377921823,0.08466956611171808,0.1459644923361281,0.29812484208140805,0.5,0.3,0.6,73,31.812429887654083,72.42208342971978
21,42,0.2811628620615656,0.3227231977603783,0.39065843678095274,0.5107425812881937,0.22958739830797065,0.0829558525599135,0.2172035037829422,0.20062981036158223,0.5,0.3,0.6,75,27.550745031585656,73.8723812779269
21,43,0.291619999717731,0.3325623991316284,0.4004563940719384,0.5423298228748512,0.23972035160053842,0.09803022986641233,0.15541584622257226,0.23693170133565283,0.5,0.3,0.6,76,32.0508758949139,61.77830755533519
21,44,0.3401844026572973,0.3854999150871679,0.46429548112565155,0.5795188958586031,0.29477704005148586,0.08038517088514638,0.16581183167662156,0.3293990151833099,0.5,0.3,0.6,77,30.430243490576128,72.77006988555775
21,45,0.3398039730993342,0.38331972826232347,0.46199543908220103,0.5892058452550208,0.29363647637212764,0.08115808810867639,0.16638900877815338,0.3293714886061924,0.5,0.3,0.6,78,30.986752065502948,71.91111381280635
21,46,0.3786319102429146,0.42832292938383143,0.5180202430660642,0.6761128739590097,0.32756010775704125,0.1061035666458339,0.14546561747390416,0.3842235504591181,0.5,0.3,0.6,83,32.63987967009935,65.21280610810513
21,47,0.3453024387219321,0.3878062366767837,0.46641520190332664,0.6015347650077342,0.2955585765302395,0.08267463601239086,0.1709198415862497,0.33586687174919627,0.5,0.3,0.6,84,30.179643069892883,66.66999958769667
21,48,0.15352097375171178,0.19683964053090441,0.286116384938189,0.45816717275548685,0.12330155652200522,0.08761772625439586,0.1378275660106178,0.033605183810808084,0.5,0.3,0.6,85,33.9084091803575,75.67639703256349
21,49,0.15216791567582247,0.20044790857452274,0.30066708656364827,0.4589835356052854,0.11016073808914734,0.08533291672657428,0.1379054684639292,0.034664365362653424,0.5,0.3,0.6,86,27.04027252766055,73.14771474152136
21,50,0.14518742668289683,0.18212916571790422,0.27098902183402823,0.46176878947169425,0.11404353930326185,0.07788247690345365,0.1373479498473632,0.03327633207841717,0.5,0.3,0.6,87,34.5799772422269,70.70351132557693
21,51,0.14454160806156108,0.183920449298486,0.28355965925620064,0.46033545221742883,0.11435389241270817,0.078908337584254,0.13784127595717666,0.034518789810551294,0.5,0.3,0.6,88,33.692859039116726,68.99211489462814
21,52,0.14682997687945643,0.19906187858324437,0.320778544183222,0.4905384634406583,0.10443366125824116,0.08859424093627312,0.13779243854327722,0.030748389421735862,0.5,0.3,0.6,93,34.37018582191223,64.51728667750368
21,53,0.13972661226872932,0.16716118381318804,0.2554059725370293,0.4723457731567306,0.10606881797984884,0.07757629781076247,0.1406196326506658,0.030308757570309756,0.5,0.3,0.6,95,36.09666131931143,60.90688107648882
21,54,0.4079917201639792,0.44739321491774786,0.557658336732231,0.7809317302663872,0.3724889487168898,0.09323676240172228,0.34559282020138055,0.36301959084722474,0.5,0.3,0.6,96,32.17963609446291,80.37854486746865
21,55,0.3791042333318464,0.42031691668436344,0.5413256794822671,0.7616413048730325,0.3487195227281029,0.0996653856579844,0.31274601415917724,0.3296838412129719,0.5,0.3,0.6,98,30.74654421600593,89.427429820947
21,56,0.4043042480828707,0.4453937914988916,0.5663946398881347,0.7977142312316944,0.3670731392401406,0.09888418879803455,0.33441785985411066,0.3615920563430923,0.5,0.3,0.6,99,32.089633023760584,79.0645067835859
21,57,0.40576142137131,0.4442287824639414,0.5650623713874209,0.8069768147805397,0.3719551580964625,0.09523542486939893,0.34639820013927963,0.36304682845642816,0.5,0.3,0.6,102,31.496268810670404,80.89272869038568
21,58,0.4065422562617339,0.44043364088721704,0.5609771949461771,0.812334031456754,0.3855178316014932,0.09486773838405356,0.3559272777868784,0.3632760659544493,0.5,0.3,0.6,103,31.49615146490516,82.06256737285008
21,59,0.41750095328857895,0.4441522233568037,0.5536055461710008,0.8361121463577909,0.38412662338855663,0.10085420552302468,0.3342351336799071,0.38778038387956704,0.5,0.3,0.6,105,32.489233892134415,82.59177080524684
21,60,0.40576788386321194,0.43296546674931513,0.5530872359409094,0.8382339217376857,0.39229055074102087,0.10578069037682644,0.3455332873764555,0.3629457789032894,0.5,0.3,0.6,106,31.709591166961065,79.34475702868225
21,61,0.41251080458268297,0.44499614630815226,0.5760858831454267,0.8505121104830579,0.3858068152014056,0.105586905572754,0.3553205800562667,0.3704717884138845,0.5,0.3,0.6,107,32.19208038578845,83.51037206669307
21,62,0.428025078742282,0.4489719126749323,0.5687030485352196,0.7930074346116003,0.4061644384837745,0.10893367439787931,0.3102603890194164,0.4194669091989344,0.5,0.3,0.6,109,29.78724075422953,77.72173787703927
21,63,0.180280010110271,0.19401292012522448,0.3026559337294327,0.7054679417653394,0.1517409469578953,0.08007914992961106,0.2262757612909701,0.0729416835067475,0.5,0.3,0.6,135,38.087849570926906,69.63274047922752
21,64,0.18023893273354988,0.20059408961578096,0.3202883010708019,0.7194351443082603,0.15199148613088392,0.08008012464961482,0.2262664380972906,0.07294460249052004,0.5,0.3,0.6,136,38.08781838068213,69.37780586477484
21,65,0.18023563570301004,0.2005817296092443,0.3202755326179895,0.7194336163222432,0.15168749465341191,0.08007914992961106,0.2262757612909701,0.0729416835067475,0.5,0.3,0.6,137,38.08631379330784,69.37783696849256
21,66,0.1775230548127382,0.2026280435104057,0.333257613835517,0.741835348025001,0.15542116669184844,0.0885718985666295,0.19767584946195266,0.0770053790715832,0.5,0.3,0.6,138,37.12020824200446,64.82200324652888
21,67,0.1880155410842899,0.2092854255609971,0.3396772618449527,0.75665026203971,0.172842913425661,0.08671685254190215,0.2462351880584252,0.07439493119895611,0.5,0.3,0.6,139,39.77804080288503,71.8838682386311
21,68,0.1903813052438943,0.22438669917161982,0.3768498903313937,0.8096695754991494,0.16480015113746224,0.07547472185676876,0.26757110013042223,0.07754175048642772,0.5,0.3,0.6,147,39.96596077837109,63.954083300203095
21,69,0.18870236799870366,0.22194554541409195,0.37436083027344935,0.8117917206030858,0.1654126984815575,0.07409145354088302,0.26708196118466093,0.07667387769691077,0.5,0.3,0.6,148,39.90186625554453,63.62631535301353
21,70,0.17354702817171544,0.20023185698228615,0.3522449530255123,0.7761396174511019,0.16909845791182887,0.07394039249424492,0.23710182975238808,0.07088929283754244,0.5,0.3,0.6,149,40.222347004944574,61.76520121325657
21,71,0.20299673195961876,0.21265073872314175,0.3423281076371768,0.8242748644518092,0.18656194623583716,0.08391759774025362,0.279141205000497,0.09300251322373988,0.5,0.3,0.6,151,38.40387410543069,73.57685991549856
21,72,0.16909109396414423,0.19188135814769144,0.34365576165195744,0.6920657765709002,0.14786560844054197,0.08191571916397702,0.18954266833709882,0.08315827254279508,0.5,0.3,0.6,157,36.06875644906662,67.0898229782718
21,73,0.35871986142779366,0.43035678445400616,0.6702931729567738,1.1201472482958852,0.3402389489302554,0.09212807330411188,0.23760410717025585,0.3698414767396025,0.5,0.3,0.6,171,29.54994632110653,76.39555033676244
21,74,0.3774579030654443,0.4456400856499002,0.6853664580119851,1.1654898564286982,0.36124657158845674,0.09498691284543263,0.2481363699341211,0.39562967117227077,0.5,0.3,0.6,176,30.22410056805128,83.10963232671216
22,0,0.9425361394684483,0.9720966569506657,0.9708717775345471,0.1287632896019022,0.0,0.0,0.0,0.0,0.5,0.3,0.6,1,161.29642672640003,182.54245455248707
22,1,0.846287588014044,0.9405384938437421,0.9360616715461684,0.16980945833458308,0.1176078281295517,0.08477911076712677,8.853848598246e-05,0.00019467613020177,0.5,0.3,0.6,3,137.2127537264562,161.27681820695642
22,2,0.23148849992755474,0.35588218687284534,0.33552847460103286,0.09940200343529298,0.6866005773713156,0.1078127509981474,0.0067291345878443196,0.01479584687531112,0.5,0.3,0.6,5,29.0066155431045,63.863534028052605
22,3,0.19877441621453715,0.2901597546016545,0.26679094009327464,0.09550239445801484,0.20698354077747436,0.10554422852000829,0.01051870680465558,0.01974161306655771,0.5,0.3,0.6,6,23.79418432392352,57.41951085671425
22,4,0.1860435725654116,0.26855246253442133,0.2444359217871424,0.09806258155589795,0.0804725044782286,0.11132907610499705,0.0053055244129137395,0.00991627802516808,0.5,0.3,0.6,8,21.518698778898777,59.43265593747166
22,5,0.20027521070343343,0.2838278830854229,0.270301001031625,0.1179372438821951,0.09321106173567005,0.11568011966853335,0.01228314157124283,0.03481269771196372,0.5,0.3,0.6,10,22.054314054239327,54.798539616293255
22,6,0.20014516368324203,0.28202944892400983,0.2683671643890214,0.12782063879578434,0.08682751783242264,0.11555576659899211,0.013028031918521851,0.03669532098516633,0.5,0.3,0.6,12,22.48684326731628,55.81691438071494
22,7,0.18499612483124778,0.2607944208434613,0.24664223320260126,0.1255083915835366,0.08494127253441296,0.12125322703840843,0.006560215449844151,0.018393227758779048,0.5,0.3,0.6,14,20.637657731905687,57.71360710617993
22,8,0.1850149676680065,0.2675285677079742,0.26443373403949794,0.1255290677710011,0.07365909762057017,0.12124129231313294,0.006575529276116899,0.01843185255873665,0.5,0.3,0.6,16,20.5988639775716,57.459233082273066
22,9,0.18501237700745388,0.2675228263923155,0.2644277722253168,0.1274162584027334,0.07366429431882238,0.12124129225144205,0.0065755293554223705,0.01843185275874683,0.5,0.3,0.6,17,20.61770465767481,57.549708300532686
22,10,0.18361753474425696,0.2560750862412636,0.24165751580563416,0.128461823223301,0.0871867097337844,0.1237168946146437,0.0066174753529743,0.018523558042426898,0.5,0.3,0.6,18,20.936766371007923,56.961593434003966
22,11,0.1864476998661178,0.2635479133848628,0.2600235740892027,0.1636241342091575,0.08707071302566026,0.11856651196391363,0.00620821867846671,0.03051435785841321,0.5,0.3,0.6,19,23.173679829663683,60.20311745416188
22,12,0.17475132792744416,0.2582035834454624,0.26570893962216163,0.14846548994204972,0.06931145508360978,0.11794141562264068,0.00567791722305345,0.012269836690901691,0.5,0.3,0.6,20,22.060978661389186,58.32957741531453
22,13,0.18727850385914532,0.26699742583004255,0.2742106536010374,0.17458768242631584,0.09695692829854205,0.1177080752158874,0.0065066669832842,0.03778966560514897,0.5,0.3,0.6,21,23.703522534945098,61.98239412596752
22,14,0.17533459965715875,0.2608640981374163,0.2790645389037312,0.17214177545819886,0.07305049114598133,0.121021327105619,0.006226187860928109,0.01642882965741656,0.5,0.3,0.6,25,20.955370076888578,57.52996199142569
22,15,0.23128704178134632,0.3204570276285106,0.34947541463332277,0.2257936941528873,0.1417203203560397,0.11305973608374358,0.08512269787808463,0.080834668260195,0.5,0.3,0.6,26,23.84494859066197,68.77809603555816
22,16,0.21679712836338733,0.30874557123945817,0.34852123850728894,0.23063513449130002,0.1258771472838171,0.113967137176987,0.07069659470207194,0.06798673660654696,0.5,0.3,0.6,28,23.71585086292664,69.17785450889299
22,17,0.21472364482520842,0.3043035047072761,0.34389857427730564,0.24210486466404688,0.12696763244979703,0.11845560261345259,0.06819188433736229,0.06493747055132408,0.5,0.3,0.6,29,29.183501340840177,67.8161603437718
22,18,0.21416892259981168,0.31007120642953306,0.36069381853028853,0.24729942563918073,0.11978103715899346,0.12036401940448449,0.06840498266414398,0.06280010041767868,0.5,0.3,0.6,30,24.745903579095742,66.72688346384788
22,19,0.21138909196309683,0.2934946383201463,0.33252789411797246,0.24791171892218714,0.14520410662303038,0.12165678370477209,0.06833796947577689,0.06552746938061235,0.5,0.3,0.6,31,26.323800476286937,70.06115447594513
22,20,0.24964736148576933,0.3211432063327088,0.35939392452037733,0.30273948885300117,0.17815422061267008,0.1323813180012292,0.09275864680091256,0.12016226425093161,0.5,0.3,0.6,34,29.0357062017677,86.97627512031079
22,21,0.22596703270937651,0.2983834634503511,0.34727152613339385,0.29362875380737025,0.15591159236265834,0.1144669142850914,0.11702724921851142,0.08978193696299502,0.5,0.3,0.6,36,29.5297496572883,70.36912520656098
22,22,0.21885755883474994,0.292995520600594,0.35258295095216075,0.29765115382647195,0.15054103678651143,0.11666471698704214,0.11199628963858,0.08389501750642835,0.5,0.3,0.6,38,30.171956122852464,71.44843396633651
22,23,0.23614572886599072,0.2989547512459959,0.34715736391258023,0.3227873769687869,0.16997064422647643,0.1109753434565783,0.13561020202593338,0.11039680477898499,0.5,0.3,0.6,40,32.5207200942995,72.30658800971119
22,24,0.25769794660401335,0.32681063746347305,0.3860410766050757,0.3542962061982422,0.1848988549271327,0.11099734374431676,0.16461756937329833,0.1322209563286196,0.5,0.3,0.6,42,34.43035843701497,76.4252917955294
22,25,0.28040307960253896,0.3506821501638602,0.42058007479550086,0.3887582814736471,0.22829281771526075,0.1204762432829378,0.16846153221009988,0.16581583305164224,0.5,0.3,0.6,43,35.551618680457715,74.52014824899938
22,26,0.23405366243779321,0.29680121571702833,0.3555845084276789,0.33596571383122026,0.16701867170300683,0.11427088125228542,0.13596964584736804,0.11078632689833483,0.5,0.3,0.6,44,30.90610276424381,73.31052628360035
22,27,0.2332395096498424,0.2892645326351442,0.34758088516944174,0.3624404531245735,0.1746917413619384,0.11885171054924007,0.13271210676574016,0.11377248835424421,0.5,0.3,0.6,47,31.81079785100697,74.17599671394183
22,28,0.2334646824498562,0.2878527320740938,0.34605598190538495,0.37259392279438314,0.1712700347209557,0.12039219418893107,0.13306915571655137,0.11424484344361156,0.5,0.3,0.6,49,30.334690804390924,75.3633608514568
22,29,0.20413305960501615,0.2581602944462181,0.31633840725776863,0.34337624191954697,0.14068461193144277,0.12185133076453718,0.09178245619695752,0.0851284264626885,0.5,0.3,0.6,50,28.027900910795147,71.08897599005464
22,30,0.1992599339170767,0.2676003029286163,0.3585510479232618,0.3587905686230335,0.1564322240824131,0.11312917023636263,0.07649016545081758,0.09738604376955941,0.5,0.3,0.6,51,26.153090269939856,69.5533316100628
22,31,0.21116399506263034,0.2724686466499614,0.36294254687180294,0.3935861899234494,0.16102411069351696,0.12759277152821763,0.07753415964124363,0.11104120957788385,0.5,0.3,0.6,54,25.21397276384376,74.84531501994158
22,32,0.20283996206811705,0.2619022779139562,0.352225015984146,0.3981233645734358,0.1482967675840845,0.11633577986551549,0.07772949192193487,0.10844595657810756,0.5,0.3,0.6,58,25.592120006745912,68.23851384904432
22,33,0.20367548701246396,0.254104072934807,0.3332407094147187,0.39835564042031635,0.15136928709821218,0.13349243183771675,0.0776210160382024,0.09728368511379958,0.5,0.3,0.6,60,24.9976136453986,76.89185694217765
22,34,0.21047853953706125,0.26356826619523527,0.3534912563805414,0.42063646149259626,0.1698423458667929,0.1370104346019675,0.07698561503870249,0.10953943882286288,0.5,0.3,0.6,61,25.81644961036012,75.97057574862441
22,35,0.2104773337417976,0.2702838965975596,0.37126446695486076,0.4350883417995371,0.15732681592144077,0.13701043263531568,0.07698561694184405,0.10953944682130293,0.5,0.3,0.6,64,25.81687814738939,75.9824991398251
22,36,0.20195862357068256,0.26127632193586514,0.3622246228169938,0.43005849894920073,0.1505650242586999,0.11355601881543087,0.07712334606277464,0.11524010208786424,0.5,0.3,0.6,65,27.020613127678963,67.23027239339326
22,37,0.2045219963611855,0.3027159685522882,0.4699137482610346,0.47424904077613894,0.1534677212450169,0.11238795247096381,0.08185051336255939,0.11935631951869845,0.5,0.3,0.6,69,27.30298608336501,66.0809180249119
22,38,0.2059704743608815,0.30940160293882984,0.4875591844910724,0.4937678247446835,0.15911050126077128,0.11326558259696602,0.08195152977449448,0.12225195265088658,0.5,0.3,0.6,70,27.29594647270505,64.83103206704354
22,39,0.2029486166455174,0.29593245536032264,0.4627855161946213,0.4811204864694322,0.1591217296399398,0.11492992162274265,0.08208393249943516,0.11890658774026323,0.5,0.3,0.6,72,25.285795029922063,67.00444044133899
22,40,0.2379321485315668,0.2894510445467944,0.41112125133947347,0.5524110301734211,0.20180465499032246,0.11971543074682892,0.11617941704787771,0.16802066274460595,0.5,0.3,0.6,79,30.21128785548049,71.84184284734079
22,41,0.29373420448609955,0.3908253576780313,0.5898051499179093,0.6464751296084033,0.25237770486472944,0.1226741256486141,0.15397076347948063,0.24081056871889522,0.5,0.3,0.6,91,30.010742394421666,76.90576407951339
22,42,0.273614239911782,0.36298800312547885,0.5508456420344824,0.756000961587767,0.23253088760222074,0.12738989896848102,0.1385999022145496,0.21181230006056548,0.5,0.3,0.6,107,29.35659954886811,73.64812099516229
22,43,0.27370255423187684,0.36603117367885135,0.5647044887395922,0.7697353260602021,0.23992423400902527,0.12826258455184958,0.1349880495658134,0.21595173054872513,0.5,0.3,0.6,109,29.762147751928843,73.22774509342221
22,44,0.2586402546632236,0.3892029701266059,0.6540885288157268,0.7129810159290316,0.22075985265914116,0.1301427353316431,0.14676321527833974,0.18498518950379864,0.5,0.3,0.6,121,33.24407350317026,73.11140250862957
22,45,0.2554414582230406,0.3662075553046757,0.5979434072099565,0.9263076307617772,0.21735525538357187,0.11430207247809407,0.1373707009382254,0.1972756157304228,0.5,0.3,0.6,139,26.21128744949324,74.69603014069949
22,46,0.2713116892708475,0.38300976213694,0.6254345824178895,0.9509600220685059,0.23812296517945983,0.1216834169112169,0.13717336418119513,0.22203877481433998,0.5,0.3,0.6,141,25.77444871229949,69.14254746986718
22,47,0.35144824406273245,0.48426672760452394,0.7599253571221266,1.0810993190735,0.3153525276670366,0.11984812892024713,0.22091776207977154,0.3145374371377239,0.5,0.3,0.6,148,29.950726944507288,76.84442723486627
23,0,0.9868269709295593,0.9937311801609036,0.993455908217184,0.13225701280309587,0.0,0.0,0.0,0.0,0.5,0.3,0.6,1,133.9414749796,177.22059045786094
23,1,0.8872925573622925,0.96637296201122,0.9627515236835833,0.17240064231279992,0.126125327452433,0.0974837441783773,9.509829751258e-05,0.00017678228064732,0.5,0.3,0.6,3,118.58439905296746,146.99811889454332
23,2,0.4377885191036381,0.6398808515466524,0.6308061147593291,0.17224569920424115,0.8619355027496705,0.1254566776932908,0.02435188462164447,0.03633795870398857,0.5,0.3,0.6,4,71.31811988527407,85.77616479153708
23,3,0.1856024124757292,0.24483167430224873,0.21884601969721051,0.08778137624571798,0.8550794588508097,0.125181532967436,0.01375570832845097,0.02557107281443461,0.5,0.3,0.6,5,39.74351517248069,56.41442433775087
23,4,0.16275416218161443,0.2099414222508189,0.18303365353000936,0.07867050329469757,0.08947548155878146,0.11680806875052382,0.00692109332427984,0.012837878101766781,0.5,0.3,0.6,7,37.8818261566628,58.38409377465928
23,5,0.1793241333745752,0.2256356799971811,0.1986610411810525,0.10198559295720841,0.08855077140323894,0.1257339844389393,0.01307612169958508,0.031020804499836702,0.5,0.3,0.6,8,37.42226729558468,58.47740782443212
23,6,0.1612175261732398,0.21000597948708832,0.19377190442147887,0.08391961691712674,0.0848658063798958,0.12095740385654985,0.0069387962702798,0.012865602144596039,0.5,0.3,0.6,9,38.26145694944228,56.28401890309662
23,7,0.15509841367875474,0.18946591617786082,0.16160418490834078,0.0888602875716133,0.09575605592353766,0.1162613320277889,0.006581339529648509,0.015562864249684779,0.5,0.3,0.6,10,36.71691039539432,57.79469491557075
23,8,0.15687621907671126,0.19367880438581556,0.17656165549425254,0.09876510652968679,0.08129577377332511,0.11724164253673934,0.00819981713441717,0.02164578479626973,0.5,0.3,0.6,12,37.45469470699783,56.83732361181625
23,9,0.16612037582860167,0.20186156174112352,0.18466618211303865,0.11016346643712965,0.08525899335800319,0.13830007384657111,0.00906122757198854,0.02027208753395424,0.5,0.3,0.6,15,41.48222797344162,62.31136774582312
23,10,0.18303443136928227,0.2098667263368233,0.20261201194430134,0.14474778710458228,0.16234218893912236,0.18867269857914493,0.007370892107002119,0.023700343550899998,0.5,0.3,0.6,16,40.70326112169685,57.431327999555
23,11,0.1810752782314521,0.21132607309431894,0.21489813959490248,0.1537725223051009,0.11606135781335222,0.18867269442559864,0.007370892562763,0.02370034450964063,0.5,0.3,0.6,18,40.32889779956842,58.52297333470869
23,12,0.1791654771553804,0.196557851263583,0.18864466708694622,0.15858367704614296,0.122329703044996,0.1919578841083268,0.00742525035189259,0.02375558070427444,0.5,0.3,0.6,20,39.81786702949172,58.06205199836604
23,13,0.17720842643343065,0.20028935555093286,0.2033625231929626,0.17815908328447788,0.11274465637386713,0.1878023785840717,0.00788389275507058,0.02471855877837283,0.5,0.3,0.6,22,40.07096843601578,57.72298570019046
23,14,0.18167967839675173,0.2027645524049271,0.20569986894651107,0.18326853352782424,0.12307726815354986,0.1832336859616568,0.02710501888845681,0.02827381148224556,0.5,0.3,0.6,23,42.27035965656275,60.76364712298717
23,15,0.18214110075606169,0.20894796953619407,0.22287224443207743,0.1840448340827812,0.11879861391089447,0.18536302101696808,0.02707250568806598,0.02823036311091942,0.5,0.3,0.6,26,42.23107796925525,59.80534526470635
23,16,0.18178588893989203,0.20637362427991354,0.2201454272922738,0.18793618895821915,0.12567314101987848,0.18742104402990686,0.02680872654227261,0.02814319791500758,0.5,0.3,0.6,27,42.80419956007554,55.610719962801134
23,17,0.18582927384053882,0.2094011490237616,0.22310344570494572,0.19801986211139516,0.1264651095997509,0.2020324545405961,0.0257685992961298,0.02417538485344492,0.5,0.3,0.6,28,38.73713504281405,56.57403443493772
23,18,0.18470458933024672,0.2141977390316883,0.2389028850714467,0.2054863241023261,0.12341199208386538,0.20102271869331179,0.0257428211305152,0.02389721617430236,0.5,0.3,0.6,31,38.66198865192127,55.49644464545997
23,19,0.22234536634345894,0.24460760567011072,0.2582204086258746,0.25797697863177554,0.1608231559554302,0.25687157269359023,0.02658373121258531,0.0401470944602334,0.5,0.3,0.6,36,45.12272631159506,60.58802073718163
23,20,0.2350119307740744,0.2481070189186323,0.25049501763795046,0.2769866054216426,0.1771021657726103,0.3030029789171203,0.00666393120296224,0.0350396515314924,0.5,0.3,0.6,39,43.64316359460761,54.6334408251451
23,21,0.22695930961459473,0.22947597752611504,0.22054490620934597,0.27292851678477437,0.18062103032158366,0.2889801760467425,0.00922996237663946,0.03551800138238288,0.5,0.3,0.6,40,44.20196829970055,55.41852166264332
23,22,0.22690332887855608,0.23603555971415344,0.23815503615480835,0.2913101387005495,0.16873152487159496,0.2889801760467425,0.00922996237663946,0.03551800138238303,0.5,0.3,0.6,42,44.18762752648446,55.14645860076234
23,23,0.2102858630504789,0.24477878580460008,0.30163286822636187,0.32014580824538347,0.18186396651414746,0.2436615419313803,0.02459628785529479,0.04518626346188408,0.5,0.3,0.6,43,48.22122059238667,62.13596911455744
23,24,0.21082845944697282,0.24436518113266004,0.30115553009245244,0.3310058925662318,0.1588338440792249,0.2484759954464537,0.02345942105020957,0.04347564721973833,0.5,0.3,0.6,45,47.49277558575168,61.85145632776109
23,25,0.21777223477088753,0.25042837630511916,0.307160480727856,0.34508298652601593,0.16747583386994447,0.25161955192887986,0.02614054097102228,0.05185002850363457,0.5,0.3,0.6,46,49.16695772949544,55.14286909315215
23,26,0.2173499534245371,0.2559054941489671,0.3236406501307551,0.3549429800858532,0.1660191027993787,0.25161955192888,0.02614054097102229,0.05185002850363459,0.5,0.3,0.6,48,49.20995479056303,55.595396856150735
23,27,0.4565809292540698,0.4822293754913059,0.5384969595203464,0.5945406457875425,0.4134442023502113,0.18420016896290498,1.0,0.02506464435849562,0.5,0.3,0.6,51,43.95529745131425,62.44491336159079
23,28,0.21118413425799715,0.2499026196892077,0.32826146543927315,0.3975811398242408,0.16211308511255754,0.24976752021468496,0.025573498447161818,0.04895115731789787,0.5,0.3,0.6,57,48.58483110636468,55.35937416984045
23,29,0.13133381273351058,0.1482644067073442,0.19334266056154162,0.28977014126816447,0.08454196051440103,0.10723989616242065,0.04316300529952191,0.027202325517476523,0.5,0.3,0.6,60,43.8136442077779,66.15194271444678
23,30,0.13071450333291953,0.16107319592153424,0.2282660446206927,0.3268098857256998,0.08230679452558964,0.10625577863474708,0.04180193970796599,0.02767918829260871,0.5,0.3,0.6,61,43.9859915137366,66.68817680934444
23,31,0.131432987790132,0.15486764979608805,0.21098981364768143,0.3037378438734366,0.08371760692069023,0.10745279992814627,0.04322755405030024,0.027336066853961623,0.5,0.3,0.6,62,43.859914371704185,66.22616083808698
23,32,0.12854836209080045,0.144066971302848,0.1890525894283402,0.3001227139341493,0.08443406559862418,0.10347885744430037,0.04314808359126574,0.026868985673869812,0.5,0.3,0.6,63,43.43649214522351,64.83653700127975
23,33,0.18403332906292275,0.21189071681974603,0.2789195671884752,0.38076263250646725,0.14015979746415974,0.22265518322796227,0.02862813638622532,0.02819463834601852,0.5,0.3,0.6,64,43.31772048441,69.26762779790552
23,34,0.1826674670608708,0.2023668019666375,0.25824371441251304,0.37216557863075683,0.14052055273751968,0.22198776650860036,0.02862326677140966,0.0276539884532138,0.5,0.3,0.6,65,43.346373236766645,68.38010752552954
23,35,0.185729247850388,0.20378299502021752,0.25955244908498737,0.3931354694446252,0.14499878251397164,0.22384938250831818,0.03399669871910422,0.0298564211514267,0.5,0.3,0.6,66,43.3926959163544,69.54529213517189
23,36,0.19993476551431102,0.23356859223681686,0.31159339260316743,0.4288089305414219,0.15450658988312604,0.22618382577702117,0.05730128099310562,0.03819219456949493,0.5,0.3,0.6,70,42.34210885986701,64.35821017913486
23,37,0.18201357694246617,0.21113021359475273,0.2888604275208856,0.41539940570321976,0.13810705862165096,0.2015092537703468,0.05115350313189286,0.03561714584593762,0.5,0.3,0.6,73,42.987434217005,65.41283415556192
23,38,0.17766816003854335,0.19950617407922483,0.2661421039266188,0.4102066838746324,0.13508503711355405,0.20417985237188785,0.03353300164873446,0.035410771010961975,0.5,0.3,0.6,74,41.94295552258094,69.08757080763387
23,39,0.17947564835608462,0.21196735173519718,0.30053854563197274,0.434507885603635,0.14485703380570614,0.21818523355937575,0.036637127201899114,0.0274129774657297,0.5,0.3,0.6,75,43.16609524248312,68.8634494496341
23,40,0.18223634816406728,0.21373425922278577,0.3022407229079281,0.43460553382276096,0.1407530804933725,0.20528221499321875,0.051237887819914896,0.03625109085593945,0.5,0.3,0.6,78,42.97316229369867,66.61317666905047
23,41,0.18207222947531634,0.2134172721104694,0.30191391174819865,0.4413734336472091,0.1401277271517273,0.2045692135884792,0.05134168862285173,0.03664028980782547,0.5,0.3,0.6,79,42.991892147436126,67.06011786122993
23,42,0.1764873026031149,0.2255550091057267,0.34706730288692067,0.45529755383748316,0.13885803469928093,0.21010809010736137,0.03833599144665051,0.03112736968708263,0.5,0.3,0.6,81,43.8417478385609,57.575405752208354
23,43,0.17373792546816885,0.22063714592254546,0.342009656491336,0.46011526821926574,0.13671374692735908,0.19925216811350344,0.04750477441038206,0.03269131788026851,0.5,0.3,0.6,83,44.011751394596544,58.2497234409484
23,44,0.16892199933915966,0.21979923489553688,0.3520538084171598,0.5089429321723616,0.13400067715379008,0.19636613877951328,0.04277974452822028,0.031540280353445374,0.5,0.3,0.6,85,43.45919708509864,59.0966124255116
23,45,0.1733337478099618,0.22232254548716845,0.3544565982492963,0.5279129150064679,0.13800303259999158,0.20609593542363397,0.04272537434465331,0.03225044357916076,0.5,0.3,0.6,87,44.41321242755797,63.388826175325
23,46,0.17332742152285194,0.2289680977066737,0.3721550106101658,0.5364112799689548,0.13543963070236886,0.20602655194108271,0.04282611160548427,0.03229865239240592,0.5,0.3,0.6,88,44.41128741650333,63.36754636186687
23,47,0.1703607156997817,0.23174907334027803,0.38593189394421246,0.5492792134614912,0.13367016125035475,0.202139613780343,0.04098768110051393,0.03224843334876605,0.5,0.3,0.6,91,43.23599838353192,59.72213412171586
23,48,0.27876156426945514,0.3183850795065875,0.44992412141753596,0.6282693052891057,0.2692312773751703,0.21899078546163603,0.13111467167802993,0.1600020469735092,0.5,0.3,0.6,92,47.80055609063952,57.4640028343251
23,49,0.27862997583197385,0.32466878186117587,0.4672459803931369,0.6401842012822896,0.24527586424352932,0.21883797368262914,0.13129250151190175,0.1600434072892381,0.5,0.3,0.6,94,47.7832718939339,57.45520702157695
23,50,0.2779941572109882,0.33190058347038837,0.4962425523003125,0.7068720568611944,0.24776971144423277,0.2189814402110462,0.13385234214109704,0.1616118069428532,0.5,0.3,0.6,108,47.2236907322092,57.53057592214221
23,51,0.20076867737398263,0.2625775861284738,0.45932914886444143,0.6880958579510011,0.19216220624216324,0.23075840061694883,0.06288344558236837,0.06714176421438348,0.5,0.3,0.6,110,51.37629215784686,51.67151936208512
24,0,0.8837653467878995,0.9419652294982299,0.9394177020839041,0.12389772065746867,0.0,0.0,0.0,0.0,0.5,0.3,0.6,1,200.3427371776,191.6471197862957
24,1,0.7906575467587651,0.9072749224833623,0.9013847908680133,0.15664318278664585,0.11863705635233539,0.08267330947802809,8.743781611794e-05,0.00017399468932153,0.5,0.3,0.6,3,173.56520895811568,169.8580157933572
24,2,0.16917641348810666,0.22272809019729023,0.19630442486346708,0.0740499241552465,0.7992421132393663,0.10600939220823136,0.01133634032040754,0.02255846611529965,0.5,0.3,0.6,5,39.62936616826366,57.359616757257655
24,3,0.15270125796326633,0.19192415649841157,0.16442030128348956,0.07204483600695566,0.08869019657942978,0.11046690090830251,0.0057131685376999196,0.01133124431647921,0.5,0.3,0.6,7,40.65239188836912,60.32184413395371
24,4,0.15155487456855313,0.1958191006578921,0.1792490168704575,0.08467352697385297,0.06660010649209326,0.11046690090830251,0.0057131685376999395,0.01133124431647925,0.5,0.3,0.6,9,39.54186791829515,59.01424284923075
24,5,0.8387701456927883,0.8788443478634659,0.8725349689354608,0.7694477570903133,0.776602880338543,0.3138137771743929,0.00433400570218563,1.0,0.5,0.3,0.6,11,41.55355778490391,475.07587964479416
24,6,1.170131435378965,1.1970279875815169,1.2003658654517242,1.1156237418390236,1.1343647153248009,1.0,0.006015162031049711,1.0,0.5,0.3,0.6,13,39.11160971533036,461.4880688245444
24,7,0.8831241415092544,0.9081061388366907,0.9113109405312179,0.8332283466748526,0.8220565440704853,0.42778106936259447,0.006744781462546021,1.0,0.5,0.3,0.6,14,39.35091221484173,402.6487453371088
24,8,0.5437835735057852,0.5673208199543027,0.570425580129437,0.5010080795159537,0.47972260718026394,0.24289216045281817,0.00284094937570187,0.5918528047788805,0.5,0.3,0.6,16,40.12718039574666,2864.7752227703104
24,9,0.8099658976877131,0.8356496796639196,0.8494966544779455,0.772845761346362,0.7607554670414999,0.29062825200828757,0.00295860589389956,1.0,0.5,0.3,0.6,17,40.179705704666944,472.4897797516411
24,10,0.8802663340054536,0.9043396198346149,0.9180762852342457,0.8479058663802511,0.8225091412420905,0.43277557612933115,0.0034021870672288498,1.0,0.5,0.3,0.6,18,39.888882859480375,395.4513404821221
24,11,0.8723293826230858,0.8875716995789216,0.8901062813622058,0.8417483604851256,0.8173169298444024,0.41900483532933974,0.00382420597531673,1.0,0.5,0.3,0.6,19,40.42204592553644,397.7369081908609
24,12,1.1605816768266963,1.1786867986717837,1.1920165283749737,1.1355910542389358,1.1131407358980294,1.0,0.00341514787118309,1.0,0.5,0.3,0.6,20,41.90427303548693,319.1531830150488
24,13,0.864683755974997,0.8821135406556221,0.8953975362915334,0.8426753744974201,0.8076087947837256,0.4085044980623203,0.00414112304351956,1.0,0.5,0.3,0.6,21,42.035029890220834,411.1523157469674
24,14,1.1479758269967764,1.1607941535931177,1.173766666217885,1.1328733628959227,1.0984273761718564,0.9779091475638232,0.007721385699663149,1.0,0.5,0.3,0.6,23,40.59492159578848,317.52595585521254
24,15,1.147495424240197,1.1661279407727134,1.1900970860392588,1.140223594641133,1.0926706945707485,0.9779091475638232,0.007721385699663149,1.0,0.5,0.3,0.6,25,39.97039256430283,317.0343944304596
24,16,0.2051914788744806,0.2215530661123374,0.245369876925454,0.2356891292277198,0.1510554688485403,0.11925141878447701,0.10830186431471892,0.09675089956685771,0.5,0.3,0.6,33,49.143095846908274,61.73569974615726
24,17,0.19320555045616805,0.20542607768495474,0.22896642244167725,0.22484313591137128,0.14671981117170924,0.12746436552834625,0.09337107505258296,0.08099110317612783,0.5,0.3,0.6,35,49.97998456828939,61.204370843003474
24,18,0.17379998635278904,0.16720231059951982,0.17888685606311053,0.18884831536074168,0.16388308946028887,0.11212078496971585,0.07877537154595286,0.07888157295347056,0.5,0.3,0.6,36,56.37219214506797,55.06847968757201
24,19,0.2102721196692422,0.21224420017767986,0.2457263126625779,0.27587644524397115,0.1695232111456043,0.13141850179921227,0.12016699611660656,0.10683205590327724,0.5,0.3,0.6,40,55.35592603515302,63.73046725592452
24,20,0.17917511520084095,0.1686947000371341,0.19074749717962458,0.24921040734834504,0.14610279130249987,0.1285291954703407,0.08393009438852515,0.0800893104508753,0.5,0.3,0.6,42,54.79844923041232,62.07874989680531
24,21,0.2748908151656318,0.2563245492880159,0.29912294571268516,0.3806529797128706,0.2555286111333851,0.12135864151685809,0.16999331207680335,0.2186902290267713,0.5,0.3,0.6,47,63.48565888103635,56.64781567755018
24,22,0.2799763916891843,0.261938230574709,0.3154066299243785,0.40296681901345865,0.25510384585684287,0.12054181179908334,0.18744316361798458,0.2235300329959033,0.5,0.3,0.6,51,60.2560404764896,62.35245139208749
24,23,0.3092023273236203,0.29601340471145576,0.36042306434772875,0.4488252691014232,0.28241204565092015,0.11626056124018765,0.18307196448321264,0.2792946027170464,0.5,0.3,0.6,54,60.54209399163383,53.45486611479014
24,24,0.3195589090240688,0.3026250723866197,0.37744453267362044,0.4776442034145998,0.30275950433389,0.11404815634028245,0.2394351043836524,0.2773769174213956,0.5,0.3,0.6,58,63.93066622625224,58.727238525921294
24,25,0.31955890865177927,0.30934418389963936,0.39522124550722565,0.4910871740692968,0.2952808526919066,0.1140481562863486,0.23943510429947218,0.27737691689177296,0.5,0.3,0.6,60,63.93066625905296,58.72723841228345
24,26,0.29691007862238344,0.2866014662839109,0.3724726956218436,0.4922427973080406,0.27280284488974404,0.11485167573747868,0.21606780191786895,0.2507058437737673,0.5,0.3,0.6,62,62.28909648914369,58.34992476374318
24,27,0.3235387444520002,0.31895777346524534,0.4158256790667497,0.5225520984081539,0.3025070320206956,0.1140578967862695,0.24506512457334578,0.2819123497722563,0.5,0.3,0.6,63,63.504149869309785,59.77802338326682
24,28,0.19704629786828848,0.18280521977182393,0.26843491660853125,0.41380882811205816,0.175418319135984,0.11275240191531824,0.1355846826263766,0.12887430278712725,0.5,0.3,0.6,71,57.88470726502853,60.96361620882251
24,29,0.17775424644813767,0.1682915449425198,0.26486002188926605,0.4089125392007861,0.1576809032289685,0.11968094572354045,0.11714192685240295,0.10144708930366819,0.5,0.3,0.6,74,57.60285936127925,62.15502938171843
24,30,0.19640738200716235,0.1841660718970295,0.2805647447622168,0.43152154623295425,0.18342945488023937,0.11490505894262848,0.13603097003500575,0.12888545540653282,0.5,0.3,0.6,75,58.5212440988826,62.93637600835293
24,31,0.29267549880577975,0.2870067350599344,0.39445407289347273,0.5206040355728946,0.27195737359827116,0.12137836056344442,0.24726752835497195,0.22841641189531617,0.5,0.3,0.6,86,57.39515308733783,53.80108720361184
24,32,0.2437619533261345,0.2541736231873072,0.39454591154756147,0.5715567733080424,0.23603440402913023,0.11133398935881875,0.18183557190077737,0.19060703962443384,0.5,0.3,0.6,87,56.72774273393132,66.37431777077317
24,33,0.24127354385493438,0.242234874722279,0.37138386288910824,0.5892680209032263,0.22696189594874527,0.11287802777566676,0.16888673450718145,0.1933866724383242,0.5,0.3,0.6,89,56.40070211970158,68.6714740191395
24,34,0.23803657318634425,0.2317968619164213,0.3498588400661956,0.5930916512392944,0.2207565931317378,0.11338119722959286,0.167105659528608,0.18876803461754052,0.5,0.3,0.6,91,56.41492592394629,69.06543216846508
24,35,0.24153839623264686,0.24016026894619533,0.36916762366231703,0.6003754961973833,0.22688280661609603,0.11394882157358185,0.16918736475675705,0.1942621071438625,0.5,0.3,0.6,93,56.59365236506324,70.12409527507735
24,36,0.24786126749386683,0.2584891332698017,0.4095249885345158,0.63839717477638,0.23194977909453174,0.11429084152761651,0.17375723265820978,0.20312916678541054,0.5,0.3,0.6,98,57.162398701750064,71.9342806466614
24,37,0.3056793577401037,0.3224233248767544,0.48448027120415327,0.6738084670535643,0.2897543310080616,0.12858817440796583,0.3212868817715588,0.21419006650371003,0.5,0.3,0.6,101,63.19655524893066,71.03246193915406
24,38,0.5367619071192701,0.5538046014540907,0.7265332129970414,0.9353667724351233,0.5271046117662253,0.1175126516168276,0.414001433370616,0.5661601404957959,0.5,0.3,0.6,105,66.23733046262468,61.24451931109557
24,39,0.5364785826356676,0.5585385546239225,0.7422226889767825,0.9583701870706895,0.5253455806986466,0.11789626933288314,0.4136630774492357,0.5665727442148092,0.5,0.3,0.6,107,67.32889681086527,58.86479416700418
24,40,0.3692235626911656,0.4113744462180215,0.6282276783549373,0.8656423328315301,0.35576815380149496,0.1278193233724647,0.28313415593604424,0.3448499740995886,0.5,0.3,0.6,131,68.49384430501964,66.05763597035082
24,41,0.36655280778907534,0.4053569734837029,0.6220104024808027,0.8836208397870126,0.35891865430540215,0.12617711052668099,0.2829242261594652,0.34389010182047175,0.5,0.3,0.6,133,69.26679624781143,65.23445123961939
24,42,0.28033967730493037,0.31440786034169443,0.5307791900315255,0.8012001421880892,0.27628598827386525,0.11360545528890591,0.27198688607222643,0.2189617438550952,0.5,0.3,0.6,135,62.40686960727875,58.19332477272044
24,43,0.29332428911774444,0.3319538510350941,0.5592544640224819,0.8205642856702207,0.2894318704793378,0.11434563611480464,0.2922905411326606,0.23110102372144709,0.5,0.3,0.6,136,63.26194390411962,58.46216222124635
24,44,0.3038506628905021,0.3389722828832761,0.5660651400703299,0.8352044696554141,0.304863503296787,0.11333505105963808,0.29506865140695726,0.25013913851660285,0.5,0.3,0.6,137,63.64468535906976,58.20355408272922
24,45,0.3073532593925774,0.33967897635397526,0.5666068344156149,0.8427190100598743,0.3073618222733465,0.11304651868047919,0.27745199039182916,0.2666348283650903,0.5,0.3,0.6,138,59.41805356232474,59.0537182636406
24,46,0.28865282672119136,0.32673588058606773,0.5646644224676932,0.863312811408885,0.281806689159621,0.11063747517167799,0.2923031591093833,0.23060015341129972,0.5,0.3,0.6,144,61.09263283475512,57.31515795801747
24,47,0.287088542908308,0.32638327572679987,0.5750459795449396,0.8685105462769867,0.29662474113295895,0.10964641941822766,0.2903273850831272,0.23292258491685694,0.5,0.3,0.6,145,61.71599452901616,58.11008021728718
24,48,0.28685170262005955,0.3165371466547585,0.5539727081976111,0.8883649719066603,0.28631270928084585,0.11076072253113971,0.29192188307130695,0.23241374596607112,0.5,0.3,0.6,147,63.014726575613054,55.818842569565525
24,49,0.2869432871201777,0.3221297731212569,0.5705517348121981,0.8949334387446515,0.2861945051928292,0.11078664153606485,0.29129116008801936,0.23353568082567241,0.5,0.3,0.6,148,63.27674534458739,57.00595359130266
24,50,0.29992917881042647,0.3346263511437857,0.5830193988346594,0.9154277639689143,0.2967099118982237,0.10795915259050666,0.2847636353640356,0.261069059173717,0.5,0.3,0.6,150,58.70832914660375,57.126933332140375
24,51,0.29858000344056246,0.3295977613823615,0.5777766091617161,0.9437018290035121,0.2975630207005241,0.1254913608676873,0.2527862804370783,0.2622170165028329,0.5,0.3,0.6,156,63.66553770559644,81.36789017699427
24,52,0.29852156956922726,0.33607983428415056,0.5953057270384844,0.9686031723339045,0.2961519982003318,0.1254913608676873,0.2527862804370783,0.2622170165028329,0.5,0.3,0.6,158,63.82239515439566,81.82948285286639
24,53,0.2917370840759334,0.3287835413297794,0.5879794444411132,0.9657944322486933,0.28998315379133077,0.12433164925722531,0.2569773056815613,0.25005932360580696,0.5,0.3,0.6,160,63.99801561515189,80.97591709325107
24,54,0.3198159850476193,0.355208800281822,0.6143090723051998,0.9979753289397737,0.32235353211835094,0.1248550913389774,0.2778610028922849,0.28687669722449083,0.5,0.3,0.6,161,64.91493729073517,78.3245364891309
24,55,0.49631582322862494,0.5715749637926826,0.8969942803753015,1.2428356527629458,0.49460931217574144,0.11652225323508654,0.4840908143762702,0.4851146898556856,0.5,0.3,0.6,184,73.79297249890736,77.77349944195598
24,56,0.506018437344913,0.5800484293895223,0.9053965236510552,1.2597847119602528,0.5079569940473492,0.11116187383249161,0.4970671568570797,0.4999274021240498,0.5,0.3,0.6,185,75.3006478805376,79.01630920079454
24,57,0.5349608478446193,0.618189622244409,0.9654070770484531,1.3196783322430123,0.5368544199860047,0.11828173693815065,0.5170284585469649,0.5345190696857576,0.5,0.3,0.6,191,66.41881038978629,76.59856595895259
25,0,0.9981601896354643,0.9991293533613501,0.9990909814629658,0.1331284684168561,0.0,0.0,0.0,0.0,0.5,0.3,0.6,1,132.38451032810002,162.76824017592602
25,1,0.8937547017956365,0.9694594862291107,0.9660189832429255,0.1720277954375155,0.1263784397557613,0.09543085171801152,9.632313525303e-05,0.00015849386054931,0.5,0.3,0.6,3,116.00072726845492,144.27043850776587
25,2,0.17605300654438472,0.22956966904194034,0.20314328122213396,0.08094288100683857,0.8627605568477984,0.12232631736355466,0.01218103608911411,0.020043154016765298,0.5,0.3,0.6,5,40.76592585634128,54.97015648709122
25,3,0.16295436187159199,0.2073238777294797,0.18020416778173365,0.08010356968126335,0.08640519996659622,0.12497277304698529,0.00614932311044822,0.010108597131182031,0.5,0.3,0.6,7,37.42509717947488,57.20573729309588
25,4,0.162310434099102,0.2131959466838368,0.19711850963684685,0.08649676216608926,0.07007196582809277,0.1240938920854747,0.00610064201172246,0.01003184414890761,0.5,0.3,0.6,11,37.79750245677478,56.23609561897933
25,5,0.1605935159290061,0.21527384632009106,0.21003566185165573,0.0884159574968332,0.08032567480784097,0.12461462842372191,0.0061719301557723195,0.01012531423681979,0.5,0.3,0.6,12,38.85209512289384,54.65726450366552
25,6,0.1605935471427065,0.20154727335802028,0.1741721389113134,0.10522736812187718,0.07063543585710717,0.1255640751789889,0.00572170390033194,0.00989576806370188,0.5,0.3,0.6,17,34.06591278150249,56.93382926840616
25,7,0.15555486590359063,0.1945942466360973,0.16707702985230996,0.11271320596528345,0.07328152129981323,0.11961813399483567,0.00552998075198596,0.00875582915251934,0.5,0.3,0.6,18,34.340798626840794,56.14871989194035
25,8,0.15523601332861728,0.2005302686667791,0.1840363277757708,0.11996028527880676,0.06751437784415522,0.11961813399483563,0.00552998075198595,0.00875582915251938,0.5,0.3,0.6,20,35.848430505156315,55.2205074206083
25,9,0.15409305814122287,0.1984745875330488,0.18191311186945655,0.12119195592398896,0.06932164965104379,0.11866817956881814,0.00549544523814197,0.00870241165106849,0.5,0.3,0.6,21,36.11940985168708,54.264732669977214
25,10,0.15650390757126792,0.20087248523813653,0.18431008965975035,0.12464239892197063,0.06866760429930813,0.12332719907818615,0.00439609694391812,0.0094022913960409,0.5,0.3,0.6,22,34.665448733604634,55.44782550494451
25,11,0.155737172988488,0.20545860938013039,0.199853049856377,0.1321879504129082,0.07111530601179863,0.12283414356100124,0.00442944278882785,0.01006982108026093,0.5,0.3,0.6,24,34.58683994643561,54.96983135768118
25,12,0.1561337619679431,0.20529635844570815,0.19964948403906516,0.1462882741867382,0.07051284072732887,0.1240653973811379,0.00470286901603998,0.01019913367877738,0.5,0.3,0.6,26,33.6724181688535,55.29924848554363
25,13,0.15613355586005281,0.20529594834366485,0.19964913333746914,0.1408999049993107,0.06956409908313518,0.1240653973811379,0.00470286901603997,0.01019913367877737,0.5,0.3,0.6,27,33.62053434495908,55.32720251450635
25,14,0.15191029165767098,0.2120908647972057,0.2283815017223471,0.16254310106321254,0.07516984410496669,0.12007573960095197,0.00440711718769533,0.00934538242181668,0.5,0.3,0.6,28,35.5282236683213,52.76071123506515
25,15,0.15503180125545535,0.21123400661168976,0.22723476002397627,0.16135267147009044,0.08611558391347342,0.11896758309505828,0.01262179384934387,0.01574977701735113,0.5,0.3,0.6,29,37.74396466394175,56.384503573840746
25,16,0.1548770097395183,0.21096561420479198,0.2269580065102837,0.1671189681152383,0.07283066944392663,0.11882221045616695,0.012623713475319102,0.01573602670362502,0.5,0.3,0.6,31,38.19703791820799,56.01215528479052
25,17,0.1679963389903154,0.21476293549071443,0.2300845910465102,0.19534905116687248,0.0979089636325094,0.12100182711974627,0.03051139371823325,0.0367699945722777,0.5,0.3,0.6,36,33.46328798551733,59.06102833009851
25,18,0.1652731037358629,0.20420205789885168,0.22955740204775574,0.21194925352873742,0.10958781000917182,0.11738786598342943,0.0336136273993145,0.048315380076803485,0.5,0.3,0.6,40,45.38838198031016,60.07785681499804
25,19,0.1643965757648227,0.200600849772342,0.22576731162036623,0.23009072115156476,0.10137318199195723,0.11733356327085313,0.0340887124119175,0.04928966000964419,0.5,0.3,0.6,43,45.5454095162425,59.14415176068405
25,20,0.18702781252388312,0.2221395220210773,0.24723047276801877,0.26566458208346816,0.12288433174579311,0.1178704652408199,0.04263714724779962,0.08332969063605071,0.5,0.3,0.6,46,44.44208503656172,61.0286978059082
25,21,0.18504255315480234,0.2333129951303539,0.2805000008211309,0.2770314030013114,0.12034390730205136,0.11670469131938595,0.042215292817903,0.08146954383883923,0.5,0.3,0.6,48,44.701739016530965,60.875784728703046
25,22,0.1860475850041925,0.23368388159154707,0.2808271355135086,0.2846265549324228,0.12328312572820231,0.11876263847204557,0.04203133302965502,0.08212425814433606,0.5,0.3,0.6,49,45.08553487376567,59.96987773649458
25,23,0.1720915734730704,0.21896768523582455,0.26605867088519203,0.2741050404564549,0.11015807954561196,0.11720858741739644,0.034989971249112115,0.06440027380708802,0.5,0.3,0.6,50,43.0201188203278,59.94490764269509
25,24,0.16916620445391925,0.20896938134611617,0.2449787116549463,0.24759997505821627,0.10557793771639053,0.11437627403217195,0.03498109707912258,0.06222340688858047,0.5,0.3,0.6,52,44.966198518092405,58.716445461141305
25,25,0.1545586250203609,0.2059677526884238,0.2639663028036937,0.2668387410587776,0.097252050812673,0.11651310521422627,0.02776129157250083,0.04142986825565678,0.5,0.3,0.6,53,42.09055513586392,59.06766526686493
25,26,0.16192485705764215,0.20847113181239013,0.26613773578622024,0.2953329820292947,0.1053445106890603,0.11445058592077159,0.0364834679025954,0.055568432040174476,0.5,0.3,0.6,57,49.80963721353756,58.51950890221699
25,27,0.15363816742752312,0.18924408455822556,0.2461727692373022,0.2833306726445096,0.1331531214612543,0.11682894362861214,0.03533729813184683,0.050127860509785946,0.5,0.3,0.6,58,44.86519349902475,58.83389474622919
25,28,0.15282890368870056,0.19267574768927387,0.2604967009651935,0.30307268232175655,0.10339257995903522,0.11796905567337042,0.03526144300801873,0.05001800974955957,0.5,0.3,0.6,60,44.79542870824196,59.43818874094736
25,29,0.143266696354515,0.18942110803657441,0.26827229377843587,0.3176299389552975,0.09043565275632656,0.11392767803062911,0.02871593033465757,0.041076637249777684,0.5,0.3,0.6,66,43.27106034201425,58.141970799125936
25,30,0.142436951929951,0.17884557894066686,0.24643795502618807,0.3171335409943429,0.1002351932298862,0.11410415188350491,0.02917482463485534,0.04190886658672243,0.5,0.3,0.6,67,41.44300006377,58.08451321818492
25,31,0.1431982640127198,0.18611497148107126,0.26475113306200404,0.3284944269154474,0.0921417627031241,0.11506555353243886,0.029770150049927828,0.04225825241390592,0.5,0.3,0.6,69,41.501705410529226,58.25654770487778
25,32,0.1416160232738657,0.18306670852178414,0.2616058224166441,0.3273004205743138,0.09546252866852112,0.11460623138365833,0.0291329632878022,0.04156462635232784,0.5,0.3,0.6,70,41.79229698132043,57.045324490071096
25,33,0.14075776831495837,0.18824900152817364,0.2778005060795066,0.33718646294197635,0.09253812211890008,0.11342812497662884,0.02892020376582933,0.04179468714605318,0.5,0.3,0.6,71,42.079550439341446,58.315254552458
25,34,0.14067383443534542,0.19244254909948433,0.2928911765266865,0.36495287619872213,0.09309771943610774,0.11597801746289198,0.02936376026126485,0.04135402961437099,0.5,0.3,0.6,76,41.85389590031243,55.65393431031653
25,35,0.1411725595605246,0.1995013764874669,0.31099673073881995,0.37300456807625415,0.09243057163975495,0.11667355078823069,0.029663053234845787,0.0415884217620402,0.5,0.3,0.6,78,41.34896990556709,55.845619896059176
25,36,0.14111020647839298,0.1993778061001938,0.3108689309719972,0.379854341722247,0.09234323570214224,0.1167918759759347,0.02956450798921344,0.041486244179273754,0.5,0.3,0.6,79,41.41035292491516,55.78211287072908
25,37,0.13898515267702585,0.2015030231681728,0.32388972577042074,0.3818077454536045,0.09874911219186816,0.11522209489412016,0.02920406028850283,0.041478202019939445,0.5,0.3,0.6,80,41.93306419401368,55.924162008251216
25,38,0.1680241731699471,0.22343988386897073,0.34536282522539513,0.41175537641764165,0.13089474044028052,0.11960063046469116,0.06639306884521465,0.07340134983087397,0.5,0.3,0.6,83,44.02364752409951,59.12088195516913
25,39,0.18918914808680073,0.26014866979494605,0.41494567009598393,0.5452051716309869,0.14777663770783184,0.11075059904763404,0.08128077630986415,0.11226647979193635,0.5,0.3,0.6,104,42.95016145938031,58.31206221868142
25,40,0.14844353626174023,0.18926165235964618,0.29961814664330133,0.47002882007274527,0.10984331660294684,0.1231804316418523,0.048259987659289176,0.05305549300498915,0.5,0.3,0.6,109,38.64197075704285,57.191103214038655
25,41,0.14983429263056755,0.18358058618349665,0.2828567424166593,0.4859963277211501,0.11050850257970712,0.12059176809348957,0.047038516104199166,0.05841576413103233,0.5,0.3,0.6,110,38.18771748460885,61.60814158438102
25,42,0.14925149501506868,0.18242430696328174,0.2816632743397094,0.48898975651316723,0.1099881518913401,0.1190701184648125,0.04649195286755811,0.05942806129000564,0.5,0.3,0.6,112,36.48137985181007,60.98381252782151
25,43,0.1443939717310075,0.1868773594787427,0.3079670018459808,0.5067772328913391,0.10821379148958193,0.1128328356972372,0.051272958310314656,0.05730101557750718,0.5,0.3,0.6,118,37.488076627778895,63.776453324709976
25,44,0.14525585996120652,0.17995586655180726,0.2899203605600737,0.501747629226589,0.11066140508991637,0.12347782463662357,0.04874036932433113,0.05193940957238371,0.5,0.3,0.6,119,37.78541092839028,58.928928865749256
25,45,0.14382124718675537,0.18951172500813157,0.3214350350324721,0.5231844532199156,0.11080661743591222,0.11411543070084026,0.05093857263139225,0.058098010298147776,0.5,0.3,0.6,121,39.1792586792858,60.53255843829639
25,46,0.14497324975460618,0.1848504584347035,0.3164057221617483,0.5393513045302142,0.11433179219227341,0.11580935637951076,0.04680981949289992,0.06497297748330445,0.5,0.3,0.6,126,37.50609970617261,59.83770275463955
25,47,0.14449075368747702,0.17780901360777782,0.3089512563194366,0.5470924905135831,0.13235441578762122,0.12356868017540482,0.05431917398420322,0.05869123930756304,0.5,0.3,0.6,127,38.88934593246141,59.60107957647988
25,48,0.1419453264680668,0.1750278215923435,0.3061553550825614,0.5480417731162743,0.11153277040133086,0.11975844247683673,0.05249906251385318,0.058702329395537066,0.5,0.3,0.6,128,38.908207760401964,59.59632021739202
25,49,0.14138962985327488,0.17333448580412045,0.3043906724712681,0.5546060104738264,0.1124255402714015,0.11679314042940483,0.05336959133100274,0.060621913697407756,0.5,0.3,0.6,130,37.12231432132059,60.97438898265538
25,50,0.17620471048026218,0.301675938450157,0.5875049397360124,0.850876011947506,0.1458574993564749,0.10332873413283097,0.06471501025730025,0.12457869827964956,0.5,0.3,0.6,180,45.842944367007405,68.11787258530205
25,51,0.1505354049241375,0.28653456982865594,0.5942970695199465,0.8627496671890126,0.12560126248527806,0.10902522299059525,0.07451853138085193,0.0742053786156535,0.5,0.3,0.6,182,41.41674730474853,49.63715357255912
25,52,0.1498796959250824,0.2843077168789607,0.5919722697868206,0.8755612471570673,0.1228902628354348,0.10902522052858168,0.07451853389911701,0.0742053813203247,0.5,0.3,0.6,185,42.24851544239605,49.31025005456384
25,53,0.13649425933224876,0.26810393549908385,0.575593002082782,0.8665599365602353,0.11726711566526493,0.10118315958537498,0.057545208371161796,0.06887162246326119,0.5,0.3,0.6,186,41.99389741346323,52.12310347012987
25,54,0.15387097991436938,0.28081801419539626,0.588018870958969,0.893290144523961,0.1317978770941937,0.12262258231802507,0.07958946793962066,0.07213239009020754,0.5,0.3,0.6,190,39.33042604042715,55.70894422433962
25,55,0.14609794720085018,0.26793232764386204,0.5748183306740025,0.888100549277642,0.13002194580654367,0.10301065606891495,0.07771178038783083,0.07989215255653323,0.5,0.3,0.6,192,41.42456394577307,52.00953899751727
25,56,0.14974078699576523,0.27016256801816396,0.5769616427561148,0.8958747602579772,0.13096265685001407,0.10390632708460086,0.07969704631141512,0.08516160502409485,0.5,0.3,0.6,193,41.336284004338246,51.98093357984639
26,0,0.9440516066703217,0.9728512447109652,0.9716594533193385,0.12888514170996773,0.0,0.0,0.0,0.0,0.5,0.3,0.6,1,159.93525816890002,180.09817275585658
26,1,0.8547588123788836,0.9453996807834495,0.9411348208614028,0.16372266641036318,0.11352171021522468,0.08485299214349054,8.813198098904e-05,0.00017815165117391,0.5,0.3,0.6,3,135.44366449519208,145.4126734935644
26,2,0.1987174078136322,0.29156327436602286,0.26831961439764257,0.08214273905451608,0.7597373245507861,0.108245558875257,0.00806962734242419,0.016312097144277928,0.5,0.3,0.6,5,32.791180788670275,57.7118183820556
26,3,0.18487315747391003,0.25916974611518057,0.2343791440371032,0.08279605788281624,0.10490089388083387,0.10857607612073836,0.0098444036173071,0.01989966343163926,0.5,0.3,0.6,7,31.924970200333927,55.467760833444665
26,4,0.1687738881855094,0.23273269415059125,0.20711690114083128,0.08101073325253691,0.08058764806022287,0.10809307115871929,0.00496647345558716,0.0100104920039666,0.5,0.3,0.6,9,31.073337474138896,57.497615531063865
26,5,0.18094886193563947,0.2362845684211494,0.2099978661614401,0.10370419524854295,0.11131659983898519,0.11356271671835712,0.012637863197196411,0.03300388652783345,0.5,0.3,0.6,10,31.890116068719227,56.11594375901905
26,6,0.16274332575659728,0.2096486998203783,0.1827196687124593,0.09573808011650192,0.08320722824499457,0.11305783472104429,0.00636323933413766,0.01656271393338192,0.5,0.3,0.6,12,31.01545179986464,58.35993339061267
26,7,0.16237087937179692,0.2154758397584734,0.19956526917847162,0.10227751331027038,0.06927851564545781,0.11305783472104429,0.00636323933413766,0.01656271393338192,0.5,0.3,0.6,14,31.000247596604368,57.556697678171325
26,8,0.16262064465816614,0.20646381246076223,0.1793045687215724,0.10601837531062305,0.0792565307229467,0.11421099811514639,0.00689069529422961,0.01877085416739642,0.5,0.3,0.6,15,31.49254748497024,57.304343284479785
26,9,0.16260713536401894,0.2131501161802852,0.19704691316875642,0.11306725231217296,0.070468360795349,0.11421099811514637,0.0068906952942295804,0.018770854167396482,0.5,0.3,0.6,17,31.520348098211137,56.98325561431724
26,10,0.16274420941591622,0.21321564520957953,0.19710714287665726,0.1279758094292157,0.07074615433517382,0.11466762729039473,0.00685691768834748,0.01871977596975909,0.5,0.3,0.6,19,31.30151011580013,56.31347962120617
26,11,0.1623426828300848,0.2191585531701849,0.21407976175712223,0.13043190844535663,0.07178122581088234,0.1141125051477638,0.00693202921607092,0.01891638884576646,0.5,0.3,0.6,20,31.77545744233501,56.58008146375336
26,12,0.16047759010017768,0.21710503733825434,0.21201208509951122,0.13119679714991206,0.06940368949697777,0.11319896833412266,0.00636735451776786,0.01707266365335222,0.5,0.3,0.6,21,31.34006035875525,56.86609259092364
26,13,0.15295509371667435,0.2067169598742664,0.20141022591669225,0.12729737266104815,0.07310371643941638,0.10861409868932097,0.00508419398937488,0.012336400370116669,0.5,0.3,0.6,22,32.11680077730089,55.85762195723307
26,14,0.1564970803982507,0.20146155348280875,0.18494312447067068,0.13479650955504396,0.07176567228930195,0.11279532014811541,0.0071138457552927595,0.01612854683514426,0.5,0.3,0.6,24,32.074359855850886,57.37176504361692
26,15,1.1837999967029593,1.2267293621711681,1.2206267865779354,1.1817843916723212,1.1161963056053656,1.0,0.00459942357699235,1.0,0.5,0.3,0.6,26,34.211828334135326,977.7261314750978
26,16,1.182805027582353,1.2175078161270072,1.2002382654922412,1.159318825181467,1.10641992282178,1.0,0.004563909763712961,1.0,0.5,0.3,0.6,27,34.88576215512522,1186.8066158142017
26,17,1.182251640399568,1.216069264499573,1.1987357599043142,1.1782935107269714,1.1028679980765284,1.0,0.004632547909845431,1.0,0.5,0.3,0.6,29,34.66161251078223,1195.2358944164498
26,18,1.1821084319073858,1.2224309490227414,1.216139496829717,1.1864282092319927,1.1017422741408893,1.0,0.00461674923546387,1.0,0.5,0.3,0.6,31,34.57613637717116,1191.9600592231122
26,19,1.1815070999814052,1.2209289244862236,1.2145724717276916,1.1914876549937308,1.1043672595009428,1.0,0.0045489963926553,1.0,0.5,0.3,0.6,32,34.22784328638012,1230.3314917416249
26,20,1.1675809175060756,1.2068021805227376,1.2004311660504232,1.1641221773674775,1.0882363145475547,0.9718184350003505,0.00552819832407561,1.0,0.5,0.3,0.6,33,34.133701340657844,3772.4333253072737
26,21,1.1580077883180957,1.1968566551968187,1.1904588907370943,1.1575526953245052,1.0794737017310432,0.9531653611299603,0.00550379434863155,1.0,0.5,0.3,0.6,34,34.2640382173635,4079.9328314051886
26,22,1.1796435800603564,1.2360014456521373,1.2625861882420915,1.2359420395555896,1.104486910083998,1.0,0.00519230895101767,1.0,0.5,0.3,0.6,37,32.72183223736772,3769.519891055463
26,23,1.1792515130366938,1.2355486650216274,1.262128990284278,1.2355718477852036,1.1013040993826175,0.9992718822725004,0.00522670187361411,1.0,0.5,0.3,0.6,39,32.791878957053335,3767.9245972248696
26,24,1.1678862608968437,1.2237319809616418,1.25027982029492,1.2275092089434945,1.0916176944328537,0.977127748715211,0.0052011555105551995,1.0,0.5,0.3,0.6,40,32.66921165805323,4066.131992123415
26,25,1.1615888362283675,1.217396420779917,1.2439417158285544,1.2243626240212702,1.0839778959606656,0.9646105958678705,0.00515232801915163,1.0,0.5,0.3,0.6,41,32.52392584126946,4265.415239784144
26,26,0.16429611419140977,0.23179435356090305,0.28033002056262823,0.2214361549002481,0.09342474004030375,0.09932221355366713,0.04377662620009924,0.04143820658610869,0.5,0.3,0.6,42,32.93557501124784,54.84594092779135
26,27,0.15946376028939363,0.21329180167436684,0.25027693501500153,0.2068337115672553,0.09848186596919305,0.09301263357262812,0.04456773636067154,0.04537760016748449,0.5,0.3,0.6,44,32.29163073283617,57.79198738885764
26,28,0.1631427889506802,0.22294995508496687,0.27094070137256226,0.2198680787663954,0.09363575648687816,0.09901087822140042,0.04459213491950451,0.0472436668355994,0.5,0.3,0.6,45,30.279181434225528,57.203618147725365
26,29,0.15734033843101977,0.2134211197818417,0.2611505344528751,0.22477416678971263,0.09167552921822372,0.09427825033756129,0.04458854219787039,0.04523034654030137,0.5,0.3,0.6,48,31.03365309407553,58.1163828576512
26,30,0.15683501370857358,0.2124756817959616,0.26017433792971134,0.23056410775574762,0.08882803993674113,0.09394679624700308,0.04457450443225194,0.04510527100634035,0.5,0.3,0.6,49,30.875611481721364,58.10496245833947
26,31,0.15104114214966735,0.21411970786482248,0.29411254686299093,0.2473656738532108,0.10920023704459007,0.09317764472730591,0.06127700390866583,0.03990502541984045,0.5,0.3,0.6,51,31.66545343077341,59.47416261232004
26,32,0.14976204533596965,0.21875067091706382,0.30974569492769544,0.2557662799355237,0.08936156810179251,0.09414373891518987,0.0609399450845541,0.03788658374733458,0.5,0.3,0.6,53,31.416280257827147,59.56709527597753
26,33,0.14983030116233845,0.22520357416688913,0.3272329721171178,0.26544092778388145,0.08886630550828051,0.09457794464588067,0.06080065918492582,0.03801738985181944,0.5,0.3,0.6,55,31.56425877039744,59.643888447859815
26,34,0.15464906078075405,0.21608899607598883,0.29596978686549497,0.2713655603651445,0.09421257487330016,0.09731669610641344,0.06485695337033982,0.04219527839033316,0.5,0.3,0.6,57,31.87946022671021,60.396916528908406
26,35,0.15003433253195478,0.21567174899338468,0.3064384106110505,0.2738150253464158,0.09812601865226397,0.09884676367461288,0.05740380800677837,0.03926733411915374,0.5,0.3,0.6,58,32.883900058549344,59.91299881199899
26,36,0.14588053228833303,0.19356158538895948,0.2725145965922045,0.30976473366340185,0.09903089949401837,0.09377737848705439,0.05960810204807704,0.04545873500877695,0.5,0.3,0.6,63,31.39458324052428,59.30566367653812
26,37,0.1461227602938771,0.20051962440692314,0.29053010268235774,0.3236864189274916,0.09229401861859489,0.09376860251994557,0.059535773619308875,0.04590896821324383,0.5,0.3,0.6,66,31.36435714234948,59.321706838335466
26,38,0.14574146828930057,0.20656548060244562,0.30761401380126574,0.34414011730528854,0.09295964618038088,0.09374922768543717,0.05928142910898472,0.04566974403670912,0.5,0.3,0.6,67,31.457533949373904,59.09978510812168
26,39,0.147808607651979,0.21576512110614213,0.33850969121135555,0.3134697791899827,0.1166999347236902,0.09283029254761957,0.060228648581242626,0.0547982896319464,0.5,0.3,0.6,68,31.54269894257369,62.37297911276155
26,40,0.14502628141410978,0.2161323662161358,0.34969915993766526,0.3459948440473957,0.09792413283647958,0.09617832963715704,0.05896773084909136,0.05098805474760704,0.5,0.3,0.6,75,32.65057357768432,62.33204067387387
26,41,0.1485747724036337,0.22620658751862233,0.37081841487875056,0.3671458035244816,0.10060450756464769,0.09653350984130696,0.05620539047590524,0.05814798561958353,0.5,0.3,0.6,76,32.80383326262792,61.6506037111809
26,42,0.1449122302221318,0.22231636151450065,0.3669135773054928,0.3669394185234456,0.09715860279189775,0.0961268197297517,0.05898925301359017,0.05117958585231278,0.5,0.3,0.6,77,32.99930398688686,62.9313543450888
26,43,0.14573903689074078,0.21556707841416145,0.3490503083322302,0.36454675591042646,0.1003197405605282,0.09756884017053737,0.05915871028346573,0.05198054505699088,0.5,0.3,0.6,78,32.99984391719097,63.80151780226711
26,44,0.20222895797767404,0.27675408940030705,0.42116230979061314,0.42127457482957614,0.1572485776902049,0.08864501593675961,0.13415359068933583,0.11773311772141311,0.5,0.3,0.6,81,31.982772270113696,67.50081284203056
26,45,0.19860546699944615,0.27202615735688307,0.4163619438790073,0.42827254095232165,0.1532393728099007,0.09341219501899276,0.11716712168573855,0.11711774067263833,0.5,0.3,0.6,84,31.529659384718208,68.17559802960082
26,46,0.2016977867305466,0.28149502901606177,0.43686615937776724,0.44233146835933046,0.15590238295896858,0.09035969168748195,0.1279227572247119,0.11971620337342821,0.5,0.3,0.6,86,31.732329064220767,67.66967535430472
26,47,0.1924914843033156,0.26827235665603344,0.4233817681034898,0.4556143859710643,0.1541690901025365,0.09412138483010106,0.11760473037958037,0.10964082476799804,0.5,0.3,0.6,88,32.68523036301509,67.24661832996956
26,48,0.19799030570754791,0.2798178088209038,0.44594101041968326,0.4687410302227699,0.15596588733529082,0.095979931710433,0.11348898826754159,0.1198526699933627,0.5,0.3,0.6,89,32.79588673864584,66.28999122568086
26,49,0.19338435319158262,0.2809374289359624,0.45805374494657414,0.489853875494378,0.1508096815930132,0.09655875312732501,0.11145318043723582,0.11350370389667923,0.5,0.3,0.6,92,32.84801767402308,67.8575176260342
26,50,0.8453541271046717,0.9169170902883623,1.0717517895900392,1.1299228962048606,0.8049842020366519,0.36442736704305057,0.06938604562162955,1.0,0.5,0.3,0.6,96,35.97314307115969,372.4264795470402
26,51,0.8434879663376603,0.907828000024623,1.0621995629799523,1.145341182204055,0.8151254221610011,0.3672423167410488,0.06958151657660919,1.0,0.5,0.3,0.6,98,35.604318698395254,374.6730057587371
26,52,0.8383509863556997,0.8933050455630944,1.0470789345817082,1.1529620624844865,0.8127837366828305,0.3667960125853384,0.06729603377353427,1.0,0.5,0.3,0.6,101,37.1684461046753,377.9058210615217
26,53,0.8383093186283762,0.8998882086186422,1.0647139643404926,1.1716235705319495,0.8036786241244942,0.3667960125853384,0.06729603377353423,1.0,0.5,0.3,0.6,104,37.17549665726264,378.0956745186712
26,54,0.8408568618140457,0.8835907139949994,1.025959721430671,1.166360569530376,0.8242624343619153,0.3773929102495098,0.06601593243532555,1.0,0.5,0.3,0.6,105,36.3756671320563,377.7452281362709
26,55,0.8420371320107086,0.8893215669011051,1.0426120465790678,1.1796720002641745,0.8137622194117328,0.3804395487357853,0.06798951258942144,1.0,0.5,0.3,0.6,107,36.4571912368016,378.0073819177388
26,56,0.8412134911638258,0.8939042592628729,1.0581703199476165,1.1871778675940088,0.8141406568157128,0.3798852760975366,0.06803570553011534,1.0,0.5,0.3,0.6,108,36.07409076565936,375.6800706780383
26,57,0.8391773501417981,0.8863924143300226,1.050316413524765,1.1934297692056828,0.8185265930055526,0.3792312313200852,0.07005532545986068,1.0,0.5,0.3,0.6,110,36.75839890974042,375.7337021516564
26,58,0.18775104636829554,0.28856111621056985,0.5409361287722589,0.7318128432840469,0.15928339712605216,0.0986234653706776,0.16394084447910426,0.1012969247536885,0.5,0.3,0.6,150,33.18157529834095,64.68869121770047
26,59,0.19516924930382845,0.3007816494777812,0.5640953243420747,0.756379795361965,0.172989242846792,0.1019098544403237,0.17166285636713458,0.10839143119183944,0.5,0.3,0.6,151,33.6605146616311,63.85555859611045
26,60,0.1804287036773345,0.28374064126922427,0.5469117201396818,0.7365566418314213,0.16028718508118928,0.09753327536869869,0.16101856595918831,0.09437820202958483,0.5,0.3,0.6,152,35.23854258550832,58.0789860662716
26,61,0.1925102862086588,0.2919413471192459,0.5655164846662265,0.8201493499893419,0.17164831784242324,0.08162775068498013,0.20224773326420564,0.11428709964089775,0.5,0.3,0.6,171,33.228173697637565,64.13735652523313
26,62,0.19222105205152631,0.2976370493523537,0.5822249608081723,0.8340870301759798,0.17109484779463552,0.08162775068498013,0.20224773326420564,0.11428709964089778,0.5,0.3,0.6,173,33.33726307944524,63.79932805613004
26,63,0.201804258681623,0.28428824513884815,0.5461828166675691,0.8534736625875184,0.18778090278651416,0.08163610045634659,0.2171315601858988,0.12895198433049365,0.5,0.3,0.6,179,34.106592628430846,64.15432673029058
26,64,0.2012245399441062,0.2854136821656181,0.5580621694686295,0.8752346112292081,0.19164419527467083,0.08324591260040878,0.21001336906078838,0.13336210197965953,0.5,0.3,0.6,181,34.64567627980823,62.2505692290909
26,65,0.21808765476738456,0.3015345118976258,0.5741384573889491,0.8996634023850189,0.20385612652674906,0.0814392837332414,0.21031442287765917,0.16328604690654433,0.5,0.3,0.6,182,34.57012276349222,62.14775552506805
26,66,0.20083393440773928,0.29069600153873565,0.5743389319458032,0.8930673179209421,0.18548175914262066,0.08324591260040874,0.21001336906078846,0.13336210197965942,0.5,0.3,0.6,183,34.970421563102626,61.46278991688888
27,0,0.8894441139604194,0.944952412784111,0.9425361406762303,0.12438009198403104,0.0,0.0,0.0,0.0,0.5,0.3,0.6,1,192.6586593024,177.77977565022613
27,1,0.7946370479576451,0.9094895344999634,0.9037188211514976,0.15657478129740254,0.11839638938863545,0.08161174815881725,9.024908875307001e-05,0.00021046440046038002,0.5,0.3,0.6,3,166.94351734452954,158.2343370240911
27,2,0.18963904743213522,0.2678639578339717,0.24339380415718978,0.08186571004851491,0.757531858208087,0.10452837367991381,0.01077293536825993,0.025122906112467057,0.5,0.3,0.6,5,27.1930120510834,56.15934864462229
27,3,0.1745548491294288,0.2459456233886457,0.2209211122480077,0.07869910392212577,0.07408376020687281,0.10415781973625138,0.00543088139588878,0.01262612605995125,0.5,0.3,0.6,7,24.42533619412551,58.15451801706983
27,4,0.17400806603914007,0.24488288906006037,0.21981690193845724,0.07958667663360712,0.06307765490372332,0.10401045511284504,0.00539649356995821,0.012567641282142841,0.5,0.3,0.6,8,24.90303614815925,57.154702384646505
27,5,0.17196145641707575,0.2471422697247031,0.23294071854389714,0.08221871574764833,0.07000734828898139,0.10368136595295821,0.00544302800448394,0.0127108356703342,0.5,0.3,0.6,9,25.105462565373497,55.04309565247134
27,6,0.1956113174299925,0.28270732978467267,0.2905001268872129,0.13373276202462778,0.08784930034306612,0.11789918512643616,0.012035976610453181,0.03904216662530819,0.5,0.3,0.6,12,27.19535646983168,55.95377242756073
27,7,0.1791198273868661,0.24943672815784318,0.23485026281557847,0.11038554333555381,0.07825792180484041,0.11728777506778107,0.00603788610169257,0.01951691709352815,0.5,0.3,0.6,14,24.558590306455507,59.03661106059912
27,8,0.17879260434950442,0.25541396544391093,0.2518526268950374,0.11972425034239632,0.07291661052867154,0.11728777506778114,0.00603788610169254,0.01951691709352816,0.5,0.3,0.6,16,24.67616154684806,58.19717303281078
27,9,0.17935582639207975,0.24776468012986738,0.23302836017958453,0.1210343786811625,0.07931742713328746,0.12067728459032698,0.0060537479539306,0.01958234601359831,0.5,0.3,0.6,17,25.09717339374465,57.05387937869151
27,10,0.6599309991191082,0.7165730219065103,0.6903870906138427,0.6220757228710431,0.5628960996489533,0.5646087460476916,0.00748328328269709,0.4563660396292873,0.5,0.3,0.6,21,30.37952184851088,59.76770733630912
27,11,0.6642676391362183,0.719423432294009,0.6931226440565683,0.6296128572960666,0.5664740430390963,0.5851255327760281,0.006689327145093319,0.44876653683156204,0.5,0.3,0.6,23,29.73476362105329,61.24355701737636
27,12,0.667321876348336,0.7199859684523928,0.6934942328783337,0.6388259110606472,0.5731631479350336,0.5854538830998263,0.00748176805731008,0.4562940827971499,0.5,0.3,0.6,25,28.96087865434464,60.34219673044908
27,13,0.6643027373433873,0.7157744905363248,0.6891917331946888,0.6238468478703486,0.5680133196914132,0.583688353908613,0.00722326494163462,0.454333664303888,0.5,0.3,0.6,28,29.2501632718143,60.72153697822044
27,14,0.6606254071127846,0.7155208075940753,0.6997455434987252,0.624254415230995,0.576890708154088,0.5740003162170546,0.007541706543056299,0.460129231391938,0.5,0.3,0.6,29,28.477148467286888,61.05417113955388
27,15,0.19059264990206126,0.25387747929092225,0.2598374042968124,0.1857500019027192,0.11644896156342752,0.12764830977694458,0.00972728319731833,0.05361612526934164,0.5,0.3,0.6,30,27.507711990713894,65.69252624097602
27,16,0.6137479928010384,0.6754599577708607,0.68130261175041,0.6209697150784121,0.5286076789705421,0.49688981312622127,0.00605617737516154,0.4548515085159154,0.5,0.3,0.6,31,30.36089297651553,72.33380617900075
27,17,0.6175957566610906,0.6760427355480325,0.6816428240117569,0.6317529531103994,0.5348836002727217,0.5131799621452483,0.00556351348660544,0.45170422096972845,0.5,0.3,0.6,33,31.67047184007433,71.14263909375984
27,18,0.6180530677754361,0.6763060464879933,0.6818917479264262,0.6383664560315181,0.5305191019505489,0.5229267125675056,0.00493560371145113,0.4448753865995593,0.5,0.3,0.6,34,32.26142322414184,70.23145397708619
27,19,0.6165497094127101,0.6801784096071306,0.6967226419415165,0.6522333877844048,0.5338543869091208,0.5131799621452483,0.00556351348660543,0.4517042209697289,0.5,0.3,0.6,35,30.54098148635685,72.81394972402477
27,20,1.1943006725181569,1.2639117157951605,1.2914588597391132,1.2097290553324647,1.1100851574652957,1.0,0.0251347390263655,1.0,0.5,0.3,0.6,36,29.349092213996244,66.6053203235147
27,21,1.190473161109907,1.2558809564668993,1.2831201871407747,1.2105147789043653,1.1207197015527415,1.0,0.02174682578028084,1.0,0.5,0.3,0.6,37,30.19150069784345,67.19188608354094
27,22,1.184607188237048,1.23895705880448,1.254823128975823,1.2151466633411725,1.1180567955904523,1.0,0.01167468100024285,1.0,0.5,0.3,0.6,38,29.635861295848684,68.77384968510985
27,23,1.184281857563528,1.2448320086350344,1.2717183529765101,1.2268703430838699,1.104379551545972,1.0,0.011710333191943489,1.0,0.5,0.3,0.6,40,28.84549850674537,70.7613559689339
27,24,1.1837384503635993,1.23658851003513,1.2523465848317847,1.2268134571411609,1.1068723441881487,1.0,0.01200821594139968,1.0,0.5,0.3,0.6,41,27.95317053199901,72.86362980874706
27,25,1.185591793921081,1.2652002517310965,1.3251803552557981,1.2658537422453415,1.1055879209752222,1.0,0.01843912404324011,1.0,0.5,0.3,0.6,48,30.21096381482871,78.67313746958212
27,26,1.3067796511283527,1.3851126269325853,1.455577852605577,1.415660710724287,1.2405653777756345,1.0,0.4392003132952519,1.0,0.5,0.3,0.6,51,32.96487717974944,67.6603610365406
27,27,1.3067681305306678,1.391801596315392,1.4733233533671253,1.4354529425648364,1.231790844950422,1.0,0.43920031329525183,1.0,0.5,0.3,0.6,53,32.846251169356705,68.07555975674234
27,28,1.3048684557235668,1.3788663786280804,1.4490252630260971,1.4317891275640398,1.2465984929506382,1.0,0.44166781366512914,1.0,0.5,0.3,0.6,54,32.945092729949195,68.90368440019377
27,29,1.3013059766982658,1.3790647886407434,1.4600732923594,1.4322539363993236,1.2403129175228946,1.0,0.43571833543051286,1.0,0.5,0.3,0.6,55,33.86233191475583,71.44201041924896
27,30,1.2688894827373267,1.3443610291186094,1.4252096987848493,1.4074102217860438,1.2021183430731348,1.0,0.33218772656286,1.0,0.5,0.3,0.6,58,31.901105579142456,72.53464281752302
27,31,1.269567818309154,1.3568383810324112,1.4596875843428019,1.4155093855900684,1.2015012709135773,1.0,0.3376612126254003,1.0,0.5,0.3,0.6,84,29.93338794965896,69.05378623890175
27,32,1.189802217850259,1.2881999395323684,1.4130040435847886,1.464812411612078,1.1237021122335689,1.0,0.07626261165239248,1.0,0.5,0.3,0.6,93,31.55011470026892,96.22717497045087
27,33,1.2109457152107748,1.301566912227194,1.4258355054655332,1.5210741106769694,1.173177530764847,1.0,0.16149242448671924,1.0,0.5,0.3,0.6,94,31.782258223391786,70.04701810591702
27,34,1.209423938515434,1.2970821552665577,1.4211486370264623,1.5345936254324064,1.157909909744455,1.0,0.16190360666250606,1.0,0.5,0.3,0.6,95,31.9572583403794,72.07885114598017
27,35,1.2067878657701807,1.3072863398327472,1.4534273285493196,1.559460468071491,1.147203403815687,1.0,0.15421427839861696,1.0,0.5,0.3,0.6,97,31.60108997573812,68.68705607776278
27,36,1.206768486504627,1.3139659963046477,1.471163138848687,1.5822833717142728,1.1462718693557021,1.0,0.1541866528792938,1.0,0.5,0.3,0.6,101,31.669349529093903,68.73461703598917
27,37,1.203862493359066,1.2810150730174188,1.3937667535674212,1.5566958664037438,1.150044502468228,1.0,0.15026798023643329,1.0,0.5,0.3,0.6,103,31.93474969405627,73.2287896733536
27,38,1.2048716370737087,1.2886837980749268,1.4124888505659638,1.5806743217732098,1.1462154719598172,1.0,0.153739567010664,1.0,0.5,0.3,0.6,105,32.491916566076924,72.4598969512531
27,39,1.2049594110057553,1.2880811244631118,1.4118396604021708,1.5880326888282639,1.1487371645724993,1.0,0.1552766706419631,1.0,0.5,0.3,0.6,106,31.385677422716697,74.15401001635013
27,40,1.2048976971791752,1.2867989053341502,1.4104751410604348,1.586243475689809,1.1509870885786349,1.0,0.15726418158175043,1.0,0.5,0.3,0.6,107,32.76766837035958,71.01468927954889
27,41,1.2046485404936862,1.2925704277205194,1.4272570102161284,1.6024181661637513,1.1478485265667686,1.0,0.1576830067536284,1.0,0.5,0.3,0.6,111,31.796114023949247,69.95271516659632
27,42,1.20447821097371,1.298887266978952,1.4446158807282055,1.6167848603061064,1.1479815541318943,1.0,0.1575293434213632,1.0,0.5,0.3,0.6,112,32.05698336461874,69.09548451954167
27,43,1.1998910005470167,1.3002046199820185,1.4569360110924425,1.6395296937952275,1.1437396416117653,1.0,0.14368943374819063,1.0,0.5,0.3,0.6,116,31.571003293379107,73.38282642209194
27,44,1.2127238713601176,1.3029191425003133,1.448364688698082,1.6101301357451097,1.1612511560629342,1.0,0.19246442711001116,1.0,0.5,0.3,0.6,119,33.59376451356623,77.05163617548129
27,45,1.2124695511483266,1.3156111839376465,1.483139243451959,1.6399774253520878,1.158503419686924,1.0,0.19247740814042416,1.0,0.5,0.3,0.6,121,33.84161599965724,76.98122401695406
27,46,1.215838720385777,1.3102050244297025,1.4665380403004127,1.6425289245278796,1.1685281189655723,1.0,0.20728622854414622,1.0,0.5,0.3,0.6,122,32.583294104885205,76.07767399628621
27,47,1.2096775572206013,1.30266155414267,1.4589025800015887,1.6513588848091598,1.1578039828507745,1.0,0.18913630144507584,1.0,0.5,0.3,0.6,126,33.799084652249455,76.34532970098087
27,48,1.2088782123738737,1.295014448583268,1.4401889733654567,1.6524189475493558,1.156206010410894,1.0,0.18669368443302642,1.0,0.5,0.3,0.6,128,32.87500618595427,77.48624708160501
27,49,1.2270805684680675,1.3297961164281649,1.5079058453793492,1.7258121006212868,1.1772625359421305,1.0,0.2534797968087569,1.0,0.5,0.3,0.6,137,30.043923292651453,74.09377801639438
27,50,1.2192099867069115,1.3103686848133835,1.4771017195845895,1.7228172268843713,1.1853460715061213,1.0,0.2353605463392269,1.0,0.5,0.3,0.6,138,31.77605337889678,74.05381083837482
27,51,1.2202303332322249,1.3131926413963466,1.4906612416442375,1.732307153852493,1.1814894702680185,1.0,0.2468413327524593,1.0,0.5,0.3,0.6,140,32.66561377537528,73.88785979933536
27,52,1.2217018112540907,1.307875945471889,1.4742823602727277,1.7482573565577662,1.1756614481142236,1.0,0.25185848782075526,1.0,0.5,0.3,0.6,142,33.023724765610595,73.43300777946571
27,53,1.2167731672184043,1.2988231562406256,1.464960733462518,1.7592417797251412,1.1757246755853927,1.0,0.24208099936724792,1.0,0.5,0.3,0.6,146,39.368451830482485,68.03447122753965
27,54,1.2287794663007658,1.3204056923109255,1.5084084771994952,1.7897985306927318,1.1922443165283418,1.0,0.2882287347300412,1.0,0.5,0.3,0.6,148,38.53183661363406,65.19803587242258
27,55,1.228721601314657,1.3134443594374337,1.490377663668676,1.797182621156193,1.186681438277956,1.0,0.2883262899380812,1.0,0.5,0.3,0.6,151,38.89755403128332,64.71828439331469
27,56,1.2361071270283173,1.3271901593839455,1.515158119109523,1.8331439976164683,1.1944091716367098,1.0,0.3135086047537006,1.0,0.5,0.3,0.6,154,39.61621209624279,64.500199578654
27,57,1.235473705334895,1.3531934353110864,1.5853762514006533,1.879890930255272,1.1936036107848929,1.0,0.3117736585957502,1.0,0.5,0.3,0.6,164,39.453303487271086,68.19788374246885
27,58,1.2356543282194616,1.3464514078839982,1.5675635220227329,1.8870207747193048,1.194415374276346,1.0,0.31269518842169747,1.0,0.5,0.3,0.6,165,39.65052113908894,68.26733024155331
27,59,1.2351814877915055,1.352386262208034,1.5845359959741991,1.8907893585043047,1.1937137446680113,1.0,0.31160657616078014,1.0,0.5,0.3,0.6,169,40.391171815076646,66.81084695814145
28,0,0.9689581175718777,0.9851079644892641,0.9844540996490527,0.13086432212280985,0.0,0.0,0.0,0.0,0.5,0.3,0.6,1,145.00504536889997,173.46664899933486
28,1,0.8744557171871914,0.9594101533720825,0.955465640153704,0.17160575949467785,0.12523618446267953,0.09824630212320176,8.882440047034001e-05,0.00020250781819109,0.5,0.3,0.6,3,124.38268825815324,152.06700581302357
28,2,0.18185024394811142,0.23500477777854223,0.20855068750576322,0.08690755788484322,0.8578343608217753,0.12603753402317724,0.0119260327876647,0.02718976842755837,0.5,0.3,0.6,5,39.85247785860902,55.93062000521705
28,3,0.161264992032861,0.20532767403800486,0.17818498001214972,0.07854684228241897,0.0848239338215297,0.11773759957305041,0.00604310449693008,0.013737528866716189,0.5,0.3,0.6,7,37.03549590900134,57.97938595164217
28,4,0.17128577314228882,0.21891606259877902,0.2025951511921958,0.09334267447391482,0.08662556581177697,0.1417278657762291,0.00602171025614582,0.01416005182199768,0.5,0.3,0.6,9,38.691079694847424,55.17352515219576
28,5,0.16967672906402784,0.2216840463423344,0.21624726292432175,0.10881677761548299,0.08515517646954557,0.1417278657762291,0.00602171025614582,0.014160051821997671,0.5,0.3,0.6,11,37.64857438569887,55.64435790906681
28,6,0.16862585226176424,0.21053881578079625,0.19379534206092908,0.10770360558622975,0.08625000295843553,0.14396310769414675,0.00614869394678159,0.01431497229567999,0.5,0.3,0.6,14,37.26294207891171,56.7661651238482
28,7,0.16181678493139617,0.23016115662481457,0.25761445866290106,0.13896418401494912,0.07605392853498424,0.11907151967640024,0.006471188642606129,0.02407409421571158,0.5,0.3,0.6,26,41.02388557258242,56.684805627002
28,8,0.14954671388071905,0.19864858319377904,0.21413649171926386,0.15050555870595014,0.08019689675575707,0.12189695008145474,0.006524439890373,0.01484710264640817,0.5,0.3,0.6,31,40.34131766714711,56.5258387866923
28,9,0.15119624645004798,0.20421051651753747,0.23055597992091176,0.16153991452222527,0.079802223925841,0.12855635737776788,0.00679464754036304,0.01482280012663528,0.5,0.3,0.6,33,40.46124205882664,65.57560771348687
28,10,0.15174812260004394,0.2047575436641016,0.2311027328695961,0.18821842170227948,0.07576683624390965,0.12982217753246655,0.006492601813322329,0.014843671336896281,0.5,0.3,0.6,42,39.82866731542526,4550.164743473521
28,11,0.15042033415987863,0.20271363600666006,0.22900785878210383,0.19251960624718648,0.07723622416978716,0.12811695733120404,0.00649220207967028,0.01479405692169071,0.5,0.3,0.6,43,37.83340324360107,144.156159462649
28,12,0.1520437778825466,0.20372074453746622,0.22997108699678845,0.1978158855476695,0.07894309989469225,0.13193401023922724,0.00662649239889534,0.01489673963968204,0.5,0.3,0.6,44,38.9881317173503,133.21371103636048
28,13,0.14972371206942572,0.198829559184523,0.22489599646820926,0.2023245824554701,0.08050564846005703,0.13119762069780824,0.0073171978278529295,0.01399881584986921,0.5,0.3,0.6,46,36.17812522117609,120.00309378636368
28,14,0.14653503543199614,0.19700009396784082,0.23374910755960318,0.21030890113671655,0.08478186228376104,0.13119762069780824,0.00731719782785292,0.01399881584986922,0.5,0.3,0.6,48,36.91733577666104,122.4411351542476
28,15,0.14654918178715842,0.19700573757009396,0.23375390576385652,0.2133341133603333,0.07623986228240663,0.13123645075554605,0.007330234885917659,0.013991900555543491,0.5,0.3,0.6,49,36.98489632596401,49.06132973005599
28,16,0.1430511046414776,0.1907384589615273,0.227293258380248,0.2137728942789951,0.08328976203086769,0.12717882356027968,0.00756759872980149,0.01415608839387506,0.5,0.3,0.6,50,40.81976028696478,157820.4652848976
28,17,0.14259563802003353,0.19622418894829124,0.24378254602464516,0.22314026600253373,0.07560155008884571,0.12717882356027968,0.0075675987298015005,0.01415608839387506,0.5,0.3,0.6,52,39.95942129209017,157744.51193738612
28,18,0.14157755363569918,0.20748353874688366,0.2770760504401402,0.261278241203712,0.07475841320871009,0.1273003457303039,0.00672364366476161,0.013909828360088,0.5,0.3,0.6,57,38.3076183582894,326.5066439754642
28,19,1.2222188850735158,1.288076226185861,1.357665058551097,1.3895619647898076,1.1547277248287413,1.0,0.1823181923871548,1.0,0.5,0.3,0.6,64,44.13612986831714,52.9637356993489
28,20,1.2215993596040329,1.2930964903530924,1.3736686244849259,1.404470182863351,1.1581129255377443,1.0,0.18231819238715496,1.0,0.5,0.3,0.6,65,44.31831175989642,52.50680884572224
28,21,1.2212243498007307,1.2920679544276408,1.372594776197735,1.4000146642586953,1.1567697375327772,1.0,0.18231819238715488,1.0,0.5,0.3,0.6,66,44.46704044761678,52.17968041477566
28,22,1.2204478161082866,1.296657406398027,1.3881483919837958,1.417168499458219,1.1568490268829439,1.0,0.18231819238715502,1.0,0.5,0.3,0.6,68,45.30373341882501,50.80730643092908
28,23,1.4626855505586018,1.5133273936887344,1.5712735412830137,1.6478910760322099,1.4085900680348926,1.0,1.0,1.0,0.5,0.3,0.6,70,49.41591066033014,57.374673153227775
28,24,1.4625402932060334,1.5397990705037183,1.6419577986741372,1.6988671961966522,1.4002050866392102,1.0,1.0,1.0,0.5,0.3,0.6,74,45.266368971268086,50.92164019326366
28,25,1.4580684264646333,1.5204637844011537,1.6110111884330203,1.6854296005902483,1.425570055844847,1.0,1.0,1.0,0.5,0.3,0.6,75,46.26563046621984,50.74290215201324
28,26,1.4569545560217088,1.5307107991145896,1.6432333003790736,1.6906898577032425,1.4064639191545414,1.0,1.0,1.0,0.5,0.3,0.6,76,43.750268792829694,53.96774295593435
28,27,1.4543865407919543,1.5232838511042508,1.6354803401945763,1.7252983903829615,1.403762937010617,1.0,1.0,1.0,0.5,0.3,0.6,80,40.17211355998688,49.61837104839653
28,28,1.4536685200454325,1.5211886397632894,1.6332930143398379,1.734778361026295,1.401061498158723,1.0,1.0,1.0,0.5,0.3,0.6,84,50.244305758658655,61.70925036513967
28,29,1.4532024995487278,1.5131077840443647,1.6140949075673339,1.729758596134522,1.4013825873228534,1.0,1.0,1.0,0.5,0.3,0.6,86,48.47264489977864,59.77470824967386
28,30,1.450077055845914,1.5038640839806963,1.604445353151247,1.731665426863843,1.4187274560958358,1.0,1.0,1.0,0.5,0.3,0.6,87,47.34435078500367,53.58524326245288
28,31,1.4497487412851608,1.4961654433664457,1.5856463447950802,1.7739969254699322,1.4000409247255532,1.0,1.0,1.0,0.5,0.3,0.6,101,37.36589616631587,61.826062381164725
28,32,1.4488063399082107,1.5202179282259909,1.653805199992846,1.8173840706379845,1.403567653913159,1.0,1.0,1.0,0.5,0.3,0.6,103,49.1503564794753,60.28996504205602
28,33,1.4467587728030176,1.5073128371166957,1.6295706675990655,1.8253078991647098,1.4022523210922615,1.0,1.0,1.0,0.5,0.3,0.6,108,53.37769098466897,69.77786036459372
28,34,1.4433098063399208,1.4900102217934372,1.6007461527158156,1.8339545364859982,1.4034848113307699,1.0,1.0,1.0,0.5,0.3,0.6,114,41.04648986002419,54.6868005346033
28,35,1.4418045821154397,1.5054815264408168,1.6491847064645175,1.720955639283602,1.401885467771299,1.0,1.0,1.0,0.5,0.3,0.6,120,88.70952157115924,58.29641590335293
28,36,1.4392208058961584,1.5107779943344402,1.6762392303923614,1.9609287590099895,1.4016497676668074,1.0,1.0,1.0,0.5,0.3,0.6,130,43.1585211996815,63.1206955843493
28,37,1.4391052332229135,1.517129654786352,1.6936319253482552,1.9718292947806617,1.4002487051457742,1.0,1.0,1.0,0.5,0.3,0.6,133,42.40760131254122,64.54613904189713
28,38,1.438593795405624,1.5087830529431483,1.6741564136132547,1.9861801507376438,1.4008246425088515,1.0,1.0,1.0,0.5,0.3,0.6,137,43.361659822241286,64.65920957567506
28,39,1.4385894550888878,1.5087691094736653,1.674141684146219,1.9898316740076392,1.4000279363462362,1.0,1.0,1.0,0.5,0.3,0.6,138,44.623427749273695,64.76112110238378
28,40,1.4375471331642276,1.5054370303690816,1.670663425716317,1.9966002591062,1.4067531277018936,1.0,1.0,1.0,0.5,0.3,0.6,139,43.71235803502465,63.13102888277571
28,41,1.4373310808309436,1.51146389000243,1.687717693631996,1.9991262014062534,1.4014047733633581,1.0,1.0,1.0,0.5,0.3,0.6,140,45.59155122178644,64.8871784960053
28,42,1.4351898021302518,1.5179826670371255,1.7160477192647754,2.01527058117589,1.4140258934699186,1.0,1.0,1.0,0.5,0.3,0.6,141,48.58989858988888,54.61232957674747
28,43,1.434358285995017,1.5085501149823601,1.6954387399712494,2.0170637682579198,1.4054962190023796,1.0,1.0,1.0,0.5,0.3,0.6,142,48.45318728951418,54.875828722825325
28,44,1.4342931903824079,1.5150561788537034,1.7129931083629355,2.0283102280463576,1.4004315625894694,1.0,1.0,1.0,0.5,0.3,0.6,143,48.72333375380539,54.89611706497049
28,45,1.4341271511841516,1.4876367562158652,1.6413191710676793,1.8172388903597976,1.4002201932906275,1.0,1.0,1.0,0.5,0.3,0.6,148,48.77071215178985,55.03122892652801
28,46,1.4336836592570035,1.4861825343691142,1.6398009838582581,1.8126993154932682,1.4007366250195874,1.0,1.0,1.0,0.5,0.3,0.6,152,49.91362130697189,55.26794404841392
28,47,1.431689154140848,1.4795942450380215,1.6329237255591678,1.8196663942825797,1.4133519230881282,1.0,1.0,1.0,0.5,0.3,0.6,153,49.62554950127353,55.569144090084926
28,48,1.431521103906777,1.5126310404186323,1.7212240748228869,1.8896454228869466,1.4001131085613934,1.0,1.0,1.0,0.5,0.3,0.6,163,70.19627745207838,57.57383174332822
28,49,1.4299759052741945,1.5007458730918724,1.6980546231763962,1.8849536340840607,1.4104691964860367,1.0,1.0,1.0,0.5,0.3,0.6,164,70.20816991538234,58.84477751198538
28,50,1.4281229550988277,1.4810460062725106,1.6559644697198985,1.890498732847902,1.4015863826749393,1.0,1.0,1.0,0.5,0.3,0.6,172,83.81706416116751,55.41988550412809
28,51,1.4275934630020153,1.4859631297757665,1.6718603702637314,1.890885229096762,1.403654256211475,1.0,1.0,1.0,0.5,0.3,0.6,173,87.4116555087815,56.599684203382665
28,52,1.4273175207947122,1.4850203051774358,1.6708763015851362,1.8907315495966879,1.4009543924310512,1.0,1.0,1.0,0.5,0.3,0.6,175,86.6776468005717,57.31663513546926
28,53,1.4269778055319833,1.4838582810367789,1.6696628740627064,1.8905439148727563,1.402355628105143,1.0,1.0,1.0,0.5,0.3,0.6,176,86.8425149023505,58.12512893580995
29,0,0.9041776008367666,0.952624601816547,0.9505451130258641,0.12561897409106385,0.0,0.0,0.0,0.0,0.5,0.3,0.6,1,186.18323160022496,187.8635796545728
29,1,0.8095522481058086,0.9181885514431056,0.912826903928356,0.1574593240194161,0.1161044685004837,0.08041514447289497,8.753678414102e-05,0.00017268644981726,0.5,0.3,0.6,3,157.73327663170645,159.63869033087707
29,2,0.17850785922562465,0.24303558819634652,0.21746481054608835,0.07980835192535479,0.7926284887112972,0.10329008903194259,0.01292096526166625,0.02548957722338338,0.5,0.3,0.6,5,38.38746516897399,57.09870022808506
29,3,0.15611531630082728,0.20258927547074124,0.17562773191492426,0.0723465809824226,0.09416542163961181,0.1067209146786329,0.00588037310553864,0.01155361365165532,0.5,0.3,0.6,7,35.66802480405782,58.266441946805024
29,4,0.15788050020550146,0.20954205212440705,0.19352306062017283,0.08411529880468632,0.06757681690121964,0.11052291415188191,0.0065373081304016395,0.012822043334918359,0.5,0.3,0.6,9,37.402250334436566,57.04293762301619
29,5,0.15369283850490023,0.2006618804553099,0.18429218678646372,0.08431540688169756,0.0721146942410314,0.11077968577367554,0.0058485820836276904,0.01146337272482984,0.5,0.3,0.6,11,36.73552311860251,56.238383253145074
29,6,0.15370884259865422,0.20737725175290167,0.20206372298254707,0.09996083923019987,0.06408574358379525,0.11083697296131896,0.00584973239611548,0.011464529464107389,0.5,0.3,0.6,13,36.747529605786255,56.249611173771655
29,7,0.1486861237994159,0.18341154829612258,0.15557604798732094,0.09111781304231123,0.08156704203043498,0.10755669339922684,0.006289260688307841,0.011874582836769,0.5,0.3,0.6,14,36.01987491168232,57.6419551599728
29,8,0.1605598664877288,0.21537496784636082,0.22070706817446029,0.13073159570299242,0.0749376015159714,0.11148504294367716,0.01417741763991057,0.0245219914309571,0.5,0.3,0.6,15,40.04242303427517,61.908310531161554
29,9,0.1475190563794812,0.1840709353323442,0.16693557728743944,0.09871500520456893,0.0811574944654047,0.11167757491253509,0.0063933350373104,0.01186502272622233,0.5,0.3,0.6,16,37.06238378607941,55.00280450223745
29,10,0.14885100499032594,0.18498002676789962,0.16781388870596758,0.11186217958830821,0.06791106103253437,0.11196206212534829,0.00714731637608122,0.01393490259646181,0.5,0.3,0.6,17,37.16167615530585,55.36230766310869
29,11,0.14590695769965142,0.1777971796300453,0.1603245110207708,0.11375284916444377,0.07335901551472493,0.11213253343540774,0.00672667902058281,0.013670104199566399,0.5,0.3,0.6,19,37.54881993038244,55.459862070441325
29,12,0.18141864754625192,0.2164021877268314,0.20972696211681774,0.14823500151465305,0.11011323270641935,0.10710831355280033,0.05607263351618218,0.056210596461974204,0.5,0.3,0.6,21,38.239834722638776,55.90027400115987
29,13,0.18086206462011833,0.2216765101100984,0.2259953077556858,0.15558131996454316,0.10556438939751778,0.10710831355280034,0.05607263351618215,0.05621059646197417,0.5,0.3,0.6,23,38.620695375517904,56.52751263153072
29,14,0.18093100238119864,0.21289545799781578,0.20600486892745684,0.1563362655979662,0.11251741254467854,0.1076021514800101,0.05641525780998151,0.057958587400690556,0.5,0.3,0.6,24,39.580956489973616,56.8867292078822
29,15,0.17826369490407917,0.20887249578815426,0.2018855530780575,0.1591521534007364,0.10590123718929981,0.10657552055004609,0.05567014801863933,0.05614086653961605,0.5,0.3,0.6,26,38.60106571052727,54.73551582778568
29,16,0.17688984276711983,0.21910782357891845,0.2341066686954415,0.1821299223595979,0.10461367407936108,0.10588701174228901,0.05844867694088942,0.054902272452551436,0.5,0.3,0.6,31,39.15782990895181,59.53919345167285
29,17,0.138836729631686,0.18762461976700595,0.2242563183794813,0.19109224374070338,0.080624641536847,0.10622421671184039,0.01217743479772589,0.02120710170905036,0.5,0.3,0.6,33,37.462020294137645,56.22629627379719
29,18,0.13780228137744072,0.18383295462066263,0.22027234869884887,0.20003293120053342,0.07450723930908738,0.10262097182774972,0.014051343698137311,0.0242460490093936,0.5,0.3,0.6,35,39.82609815680072,60.164712980514935
29,19,0.13749157510040688,0.1964342773337854,0.2549518365480706,0.218722802705628,0.07094483613180218,0.10430103586062549,0.01515741597519087,0.02229998990780684,0.5,0.3,0.6,37,39.30243926169796,59.4622803904391
29,20,0.1431695432642196,0.2055505120267568,0.2748958643313104,0.23502636916959393,0.08314975585409588,0.09912845267302732,0.02342352301477582,0.03521019285241675,0.5,0.3,0.6,39,43.78705408124279,62.164007248668135
29,21,0.13015839474869878,0.17498407827375978,0.23253369516554157,0.23144386528387145,0.08195616602829672,0.1040294593029237,0.01695470970906661,0.022641948029551807,0.5,0.3,0.6,42,40.52391621156509,60.453036552754966
29,22,0.1303331458553848,0.1644074909400968,0.21062676340471387,0.2453415071803689,0.07933815042154836,0.10559977920988906,0.01770993825210081,0.02488065943130877,0.5,0.3,0.6,44,41.87376115210391,62.37657202679451
29,23,0.14265290549236834,0.175557933525909,0.23230625810897507,0.2730883527637173,0.1017119605818273,0.09714572423031416,0.01952966309464064,0.05846905399984785,0.5,0.3,0.6,46,39.81086959359743,66.75528704875241
29,24,0.13456366036575576,0.16225441279976596,0.21865700226589824,0.263199822341691,0.09207993415439927,0.09272927072800699,0.01988869432403305,0.05293534247991201,0.5,0.3,0.6,48,40.71237208962871,67.66095691895386
29,25,0.1338649605941485,0.16800131841047192,0.2354432914922135,0.2823863189978498,0.08394902745684027,0.09210434513085324,0.01993793326326948,0.052497387973767275,0.5,0.3,0.6,50,40.8591905822514,67.77288664510851
29,26,0.13316930987765366,0.1739003640936737,0.25239180928990745,0.29198242059044044,0.08308868215589243,0.09145512951239568,0.020020989033212568,0.05194211540935976,0.5,0.3,0.6,52,41.03187854537923,67.88077531442892
29,27,0.20888446758613693,0.2719765878595197,0.3944011351129808,0.4556362651455933,0.16168191328044154,0.12473572668303919,0.07863899122560125,0.12485773683226568,0.5,0.3,0.6,69,47.69893055350989,58.930730513842086
29,28,0.13604278153864643,0.17750597158236628,0.2772804937258226,0.3839348351154566,0.10025906343806293,0.10150663218897896,0.07164741437601732,0.03296331917445103,0.5,0.3,0.6,72,41.55100202066251,64.24266158237874
29,29,0.13309189058560789,0.17342529346758748,0.27312629469775057,0.3858687091026638,0.09151229200689409,0.10183084805592268,0.06341330320271873,0.0327909235433807,0.5,0.3,0.6,74,42.60468967617314,64.21203325486074
29,30,0.1403412302728247,0.1803252053302858,0.280003582930348,0.402951610414349,0.09765724201530243,0.10346200163813375,0.07388400440967942,0.03855563692568592,0.5,0.3,0.6,75,40.51047361770957,64.12363270290736
29,31,0.13762645238579224,0.2024030102896227,0.346177084737171,0.4486922691797872,0.09619382922266177,0.10193445955573244,0.07770810563474809,0.03504131670406488,0.5,0.3,0.6,82,41.856418037295626,66.78000671923834
29,35,0.14628543895944257,0.2463264224024836,0.4454960749338686,0.6539656536070789,0.1040167685269491,0.09604185220903419,0.09148621086546233,0.04619295044445549,0.5,0.3,0.6,129,39.74366398533082,67.21411470277992
29,36,0.14621794247224967,0.24596440047230791,0.44511495900571796,0.6638654752054416,0.10345956407076437,0.09583157848833748,0.09124954484372086,0.04661175630315076,0.5,0.3,0.6,134,40.11436575579841,66.63478582873634
29,37,0.13895543458835635,0.23532254763932048,0.43425547832671385,0.6579689016856023,0.10330934192785421,0.0931442266913127,0.08193367717853606,0.04404311979171177,0.5,0.3,0.6,135,39.45417581575125,62.880663633215896
29,38,0.14445693746,0.24819734589831305,0.45822966468122767,0.6912585130500495,0.10359498139061339,0.09617347612714766,0.09157166312919414,0.04535778109939862,0.5,0.3,0.6,140,39.62019491253097,67.84367632244503
30,0,0.9016008127877091,0.9512901297665391,0.9491521262862426,0.1254035475771835,0.0,0.0,0.0,0.0,0.5,0.3,0.6,1,185.4251145129,179.22426636072618
30,1,0.8081955732832875,0.918073234137278,0.9126313091483131,0.15887785522235326,0.11832272572898941,0.08384157479783091,8.801801682936e-05,0.00017605092433614,0.5,0.3,0.6,3,159.37809049459233,157.22910379904775
30,2,0.18950957242018523,0.2677298618696167,0.24325920209425317,0.08173885169436984,0.7650049133925915,0.10747179766855822,0.01113819857462105,0.02227828148301861,0.5,0.3,0.6,5,26.8350245590442,56.074446692310126
30,3,0.175688212397125,0.24563229502937856,0.2204918033027661,0.08060139571495036,0.07908167189336236,0.11041558767076835,0.00561273593057659,0.01120199069369633,0.5,0.3,0.6,7,24.49113790867451,58.05991936985919
30,4,0.17368964613529878,0.24741747861140517,0.2331005660430118,0.08355075611481902,0.06940663745530146,0.11050984315027439,0.00586321639753402,0.01165575014736253,0.5,0.3,0.6,9,24.664291050908343,55.55859177029152
30,5,0.17362758899448424,0.247353912711695,0.23303671454324243,0.08702369789801243,0.0639527416630435,0.1103934839054492,0.00586043682172733,0.01165294733027905,0.5,0.3,0.6,10,24.677080914518907,55.53429741409294
30,6,0.17172227552612215,0.2297201132375824,0.20363905778952204,0.09058337825460955,0.10174356263924163,0.10811984894817943,0.008771784273996549,0.02072491458785836,0.5,0.3,0.6,11,24.972064439963944,53.90251826350173
30,7,0.16762576656151693,0.2218361569852648,0.19546318958470088,0.10160499961324311,0.07239312880116308,0.11992613344170748,0.00461064963105536,0.010918877684536709,0.5,0.3,0.6,14,24.744449183001468,54.53581703476375
30,8,0.16731225554633603,0.2193062399825983,0.19276343057977216,0.10231664979475961,0.07706839197279598,0.1190319017604277,0.00571314793207982,0.013339679872985821,0.5,0.3,0.6,15,22.79008270801668,53.74883264451937
30,9,0.16602634619833467,0.2165942294632133,0.18994265413564704,0.1016813409124381,0.07401757669174516,0.11919935766363914,0.005515181565693391,0.012906776007107278,0.5,0.3,0.6,16,22.8849955905422,53.70313519317028
30,10,0.1636229985891987,0.2133556542928369,0.18664059285150303,0.10897973215964622,0.0701379353185146,0.11841629694350848,0.00478401255766658,0.010938344092175669,0.5,0.3,0.6,17,23.1019457771877,53.62498136997733
30,11,0.1615036633607849,0.21157005363423564,0.19543097501069387,0.1071722042568817,0.08077971686734808,0.11952888743673191,0.00632729394456764,0.01334224658164975,0.5,0.3,0.6,19,23.365882761711,60.902359362246216
30,12,0.1596136193277381,0.2292032588157189,0.24618966615690258,0.15384620780210972,0.06844815527676126,0.10913420043334995,0.02493102800673212,0.01030189235798938,0.5,0.3,0.6,29,25.71268515639266,55.17550667433574
30,13,0.15623001948035473,0.22287512170039822,0.23964260505410986,0.16296746050900987,0.0770156471013088,0.10759947782556148,0.02474192672247911,0.009454580055426109,0.5,0.3,0.6,30,25.10075306438778,54.50986767711935
30,14,0.15539283340851848,0.2131071072328576,0.21865273623049614,0.169833154359959,0.07009482148083898,0.1105438743798101,0.01941706319905899,0.01079899069598277,0.5,0.3,0.6,33,24.25741038190084,53.02409861822833
30,15,0.15521012042508253,0.21219695682798306,0.2176891613610571,0.16441868561947098,0.07036674971251956,0.10883840247697049,0.02483382126662824,0.01003346981503967,0.5,0.3,0.6,34,25.161720977579865,53.48323366171983
30,16,0.15397194795405467,0.21008946824315844,0.21551748691504,0.16906521803591698,0.07020177806918791,0.10927951796170614,0.02424596258098663,0.008880594071476431,0.5,0.3,0.6,35,25.364886199595343,52.18596805139671
30,17,0.15978717545441623,0.21587070216898874,0.22129625140417708,0.18654896824685518,0.07319418340553323,0.11146179862134079,0.025487630167855678,0.01617124815980403,0.5,0.3,0.6,36,25.49902051352489,56.655538003634575
30,18,0.1702522734262278,0.22509414578014783,0.23042845274923737,0.2069203045662961,0.08860216737277093,0.11001027320549783,0.03218492130302997,0.03287236765470556,0.5,0.3,0.6,37,26.60657346639412,57.113855424532886
30,19,0.16881707924019354,0.2256911837110754,0.23117505968812382,0.18961704136104504,0.08248448274944692,0.10898415053377637,0.03870013287620114,0.02578501400833918,0.5,0.3,0.6,38,25.820552247215424,59.45199576037951
30,20,0.17093254465147134,0.23085082551718766,0.24712207714320422,0.20825656153828143,0.09081107258534539,0.11001027404550401,0.03812064860857124,0.03287240400849689,0.5,0.3,0.6,39,26.81564938971568,56.70690306836094
30,21,0.17071284029963119,0.2368196797834931,0.2641098117858813,0.21728971350325887,0.08719391188068443,0.11021347709772986,0.03813383938373025,0.03291933497466145,0.5,0.3,0.6,41,26.8278402608336,56.50056195053503
30,22,0.16410542246055146,0.2289894781662933,0.25619056884248476,0.22038730888978175,0.08462532668497887,0.11174449603833692,0.030527331385127372,0.02578658072222297,0.5,0.3,0.6,42,26.766623448501274,55.94465374229317
30,23,0.19502580763842883,0.2267182801813687,0.20923125709757137,0.23947475748411504,0.1366652406906165,0.11694649960687002,0.03255193821795616,0.07882404716632146,0.5,0.3,0.6,43,29.097980268512536,52.02778858211099
30,24,0.19442898615264198,0.2319040205232096,0.2254073682166709,0.2488914217880666,0.11708474664274732,0.11694649960686995,0.03255193821795613,0.07882404716632149,0.5,0.3,0.6,45,29.035519162173934,53.1362335926246
30,25,0.19263797574374275,0.21875404645234597,0.20086781413301424,0.24748673701476182,0.13199695596557584,0.1176844298390588,0.03295003273140955,0.07989814947284404,0.5,0.3,0.6,46,27.95128738728539,53.47751213039364
30,26,0.21375662084228397,0.25489989268454655,0.26982263435127823,0.29477761465592095,0.14653468302255032,0.1365303748413729,0.06590495917860774,0.08817070202523274,0.5,0.3,0.6,49,30.07428029073692,56.99791019655191
30,27,0.253853672807634,0.27910265193404027,0.27173500733876693,0.3270608075120505,0.1867179106234521,0.1488121939631469,0.07706824059677099,0.14174753217075872,0.5,0.3,0.6,51,31.64630473296014,50.7253619090876
30,28,0.2523293222679034,0.2720580469748593,0.2643058812169019,0.3502676687255034,0.18782893528745792,0.14348098864473424,0.0822172034083837,0.14648118138600733,0.5,0.3,0.6,56,29.07385676498676,58.157357554956704
30,29,0.2501555175241787,0.27577426374785,0.2790232879084609,0.35018264526153386,0.18507500391664022,0.14881219396314696,0.07706824059677103,0.14174753217075892,0.5,0.3,0.6,57,30.64926980426593,52.329684958030185
30,30,0.263162068979654,0.2735363707720081,0.25454488235446315,0.35677750162354205,0.20241290034717113,0.14928485414485215,0.09395458223953644,0.15633419605109528,0.5,0.3,0.6,58,33.20843698448185,55.59426813977857
30,31,0.252890405405313,0.2728484817474326,0.27570623222975893,0.38020151578176514,0.19470520781455503,0.14464392751589536,0.08433728215523847,0.15156791871961597,0.5,0.3,0.6,60,32.955395244490546,52.91908862122828
30,32,0.2772770726016537,0.2940005897091494,0.2966364292665513,0.45323420511764556,0.21579683114826564,0.1475547358834302,0.08350355406933549,0.19323953588589973,0.5,0.3,0.6,70,33.97531666816723,57.09791744051447
30,33,0.5252306996876077,0.5280893628067058,0.519181385817306,0.6272812256963254,0.47114557586018946,0.12931334898930325,0.2323635168009051,0.5538175869756357,0.5,0.3,0.6,75,36.75970828626784,52.81614723380735
30,34,0.6095830693911831,0.6258678157536702,0.6390742668100678,0.7219951154564078,0.5510348383543973,0.12591070487968775,0.282129336539372,0.6723687036559872,0.5,0.3,0.6,77,38.677375096387344,52.82085417572118
30,35,0.5794218824247772,0.6642521832177687,0.7987306112131785,0.8954933190218641,0.5248362108830711,0.15020069633648675,1.0,0.24770566343531955,0.5,0.3,0.6,92,31.980130426675952,63.61436875811405
30,36,0.566321458480964,0.6264070540343919,0.7274064287442883,0.7752159463848942,0.5177450901019002,0.14456535447486726,1.0,0.23456936555388755,0.5,0.3,0.6,95,32.47990938160739,61.75913028031459
30,37,0.6442147282527493,0.6867251780622232,0.765334266134983,0.9320378626693339,0.6057305341363212,0.1428212396032174,1.0,0.36938611269224947,0.5,0.3,0.6,96,31.99741886942921,60.63354070336625
30,38,0.6442276031773044,0.7136143496139579,0.8364536973184841,0.9710290989561192,0.5930556126136306,0.14282123961284865,1.0,0.3694076611353889,0.5,0.3,0.6,98,31.99741686954738,60.63360366739646
30,39,0.6241250757245016,0.7002251303692186,0.8341219239973439,0.9663237802162981,0.5729639944747442,0.14282124395041051,1.0,0.3359081258793585,0.5,0.3,0.6,100,31.98411301291653,60.53756441228897
30,40,0.6665295878299332,0.7484382926088592,0.8933321004753608,1.0196980665515343,0.6186079228071089,0.13788481862622337,1.0,0.4114676171508149,0.5,0.3,0.6,101,35.82383980085191,58.55436121489277
30,41,0.5681000930948753,0.6203593136455041,0.7208398443997813,0.8106913443173073,0.5209042038279764,0.14133809655651255,1.0,0.2468702294631258,0.5,0.3,0.6,105,30.63132184591944,59.402912475798
30,42,0.6082515021696288,0.6868320151031109,0.8315064791336869,1.0103976953556435,0.5595577156200728,0.1495747477204409,1.0,0.30738830545349366,0.5,0.3,0.6,110,33.55190744516949,62.571790588441225
30,43,0.5762831783855885,0.6794716039854954,0.8682271727872438,1.0023117913148085,0.5318320873155363,0.1403609839457364,1.0,0.26366783656890214,0.5,0.3,0.6,112,31.71585775974288,63.433257411784936
30,44,0.6244034616534092,0.7274798409711962,0.9162280820119032,1.0591899154484135,0.5768946979864435,0.14046130113734212,1.0,0.34387683660840795,0.5,0.3,0.6,113,32.025193449617866,61.13928215131897
30,45,0.6136845265430086,0.7022089659819526,0.8687691140687627,1.0673453537047415,0.5672309842452637,0.1424282895190699,1.0,0.32528956757002836,0.5,0.3,0.6,117,33.219305001217585,62.341597972210245
30,46,0.5964055996293651,0.6707325083141974,0.8151278005745093,0.9006583160165851,0.5500571346712895,0.14274131590311784,1.0,0.2968572682601449,0.5,0.3,0.6,121,36.02007185931006,61.06526136435389
30,47,0.6738746127759511,0.7521637990878862,0.907436493670847,1.0368268280160873,0.6294870422747847,0.12780056039383264,1.0,0.44066288831131983,0.5,0.3,0.6,128,28.851045557733585,61.20907490699668
30,48,0.5607883506014324,0.6845926058153763,0.9171700698183675,1.0916182038249669,0.5160970517305318,0.14690298867664642,1.0,0.23749209695434098,0.5,0.3,0.6,138,31.92657519131115,58.08970113560448
