Run,Equation_Index,Hybrid_MSE_Train,Hybrid_AIC_Train,Hybrid_BIC_Train,Hybrid_MDL_Train,Hybrid_PSM_Train,Extrapolation_Divergence,Sensitivity_Interpolation,Sensitivity_Extrapolation,Lambda1,Lambda2,Lambda3,Complexity,MSE_Test_Interpolation,MSE_Test_Extrapolation
1,0,0.8603879753964926,0.9161055335666265,0.9137221148853955,0.16194199856518554,0.0,0.0,0.0,0.0,0.0,0.4,0.8,1,8.711788044575725,26.088333794673648
1,1,0.398897439143838,0.5431171354746438,0.5301305715781489,0.09257867391208591,0.3850786565359227,0.10358015700511476,5.592981484257e-05,0.00022889895565524,0.0,0.4,0.8,3,4.88773993593735,10.226968490406206
1,2,0.0754146387022437,0.09490171028633429,0.07926296445353533,0.009742071127331126,0.470431008686838,0.11880119076339055,0.00037318317317321,0.00152729342744823,0.0,0.4,0.8,5,2.349400054856198,1.7400369906398965
1,3,0.07272540998940401,0.0837967859613912,0.05771316122502717,0.008637035750853308,0.008179975096890307,0.12035373575673972,0.0005033683335831501,0.0020600906008971702,0.0,0.4,0.8,7,2.41616400671402,2.9061873646539764
1,4,0.06829110180394346,0.07616866435940753,0.049899235407260246,0.009893458454131001,0.014249701449103352,0.10647118308292144,0.00031772778121681,0.0007925725225803,0.0,0.4,0.8,8,2.3583054640566017,1.7538727549960442
1,5,0.06813552679104129,0.08128348392215473,0.0652744166849726,0.01712930033367627,0.00115326618824494,0.10651510420824498,0.00033045058991582,0.00081817775850535,0.0,0.4,0.8,10,2.350939964250093,1.7571452114930026
1,6,0.0680357488325095,0.08653224683718885,0.08078848293595947,0.022884082409280304,0.0009891198392563852,0.10651510420824503,0.00033045058991582,0.00081817775850535,0.0,0.4,0.8,12,2.366168973333462,1.75342104054969
1,7,0.06740030575372401,0.07425676594263494,0.0479283047947294,0.031086739891380295,0.004078367035575664,0.12239903156799473,0.00025369348604584,0.00103309356713831,0.0,0.4,0.8,13,2.492715894674064,2.870399819035978
1,8,0.06380857353422834,0.06768923785866839,0.041189597007508495,0.03358978466963032,0.012807624662817183,0.10894553384837549,0.00016087807807375,0.00039936081247158,0.0,0.4,0.8,14,2.45221122874499,1.6713060945848983
1,9,0.06313006550239428,0.07178607572463118,0.055518884606053226,0.04248912813914075,0.001774393974035669,0.10907044498649401,0.00016164267587563,0.00039929167057614,0.0,0.4,0.8,16,2.415216005100678,1.7090526295290298
1,10,0.06293783610573578,0.07078842808392755,0.054475257609802256,0.03383791592908913,0.004343574141539765,0.12034917616905619,0.0002765672749183,0.00111822209312116,0.0,0.4,0.8,17,2.548963908403092,2.944273920974194
1,11,0.06110427489181817,0.06756809951015476,0.05117584059676212,0.049172759307505205,0.0062954100306693035,0.11302437285760317,0.00022420192321775,0.00059263558457767,0.0,0.4,0.8,18,2.5266034230293246,1.6890340128898742
1,12,0.060596874728176875,0.07039277435270683,0.06415152170262954,0.04450694005401954,0.010850333195902938,0.10726112069687485,0.00036225603913503,0.00251619632806983,0.0,0.4,0.8,19,2.665026188177567,1.7353326483093674
1,13,0.05693003099317298,0.07012206232577227,0.07403570538543025,0.0497298166311342,0.0033001765531357457,0.10582781231489653,0.00019077569603222,0.00053731860304471,0.0,0.4,0.8,22,2.634543605376214,1.633271979057144
1,14,0.056156613202931145,0.07393526127291575,0.088071491450914,0.05680233406585851,0.0023196011659491287,0.1067708619419299,0.00020487177477324998,0.00061075952373315,0.0,0.4,0.8,24,2.6514237331607635,1.6863414842099993
1,15,0.05595493679537575,0.06815255672503712,0.07201048803355901,0.0699289846505849,0.0007791606664996884,0.10861367251941616,0.00019670041747969002,0.0005285739260243001,0.0,0.4,0.8,26,2.620058775414753,2.0908986002823213
1,16,0.05312349098469344,0.058679616092852584,0.062168309893556734,0.07355709265809474,0.017428156540224993,0.12023450374162614,0.00033393082931213,0.0048641428227349905,0.0,0.4,0.8,28,2.889919643145594,2.775801906526267
1,17,0.050826807388380246,0.05462437031349423,0.05801646460947371,0.07753526051699984,0.010398154397287689,0.11121721501419768,0.00026692648987851,0.00408527334429218,0.0,0.4,0.8,29,2.9047230116749594,1.742024184663019
1,18,0.04928564581538697,0.058152459484386,0.07179453229495388,0.07893661532232649,0.00367952121566418,0.12058018442378486,0.00045968016379467,0.00249959153607981,0.0,0.4,0.8,30,2.923901070686623,2.7186230526999218
1,19,0.04730280599462835,0.054620706212637586,0.06817790443001312,0.08314763253331008,0.00779254693239049,0.10674853283664516,0.0003562905622235,0.0018675815239130402,0.0,0.4,0.8,31,2.89311312188668,1.8294529500705063
1,20,0.047161151342766085,0.054364958203876254,0.06791611062993828,0.08306841498649704,0.0020523513589488815,0.1066876074009517,0.00033013144475634,0.0018351453388155698,0.0,0.4,0.8,32,2.862559320509137,1.8644147440132588
1,21,0.04604057806596939,0.06338985785381589,0.09744136132213611,0.10774620780412328,0.002148766222022991,0.10657657253001844,0.00045596353943263,0.00122876568937422,0.0,0.4,0.8,35,2.869923710805192,1.960484165346409
1,22,0.04577535615123967,0.07931049136948194,0.14416559726702594,0.15221579035029206,0.0010954061022190919,0.10630114805898142,0.00048433215984314997,0.00105366026416979,0.0,0.4,0.8,45,2.871986220076705,2.089225346869737
1,23,0.04534750220285148,0.06762262072758511,0.11191643340857192,0.13098569905799035,0.002414964453337335,0.10629043415417261,0.00038244900134359,0.00099499450788643,0.0,0.4,0.8,46,3.141040274942114,1.7713441131889676
1,24,0.04511733663434613,0.07811959677559419,0.14294602009266807,0.13998823909401756,0.0010820027149543647,0.10618125618794724,0.00035458934145639,0.00090750067498792,0.0,0.4,0.8,49,3.0671619001798187,1.7601144667942186
1,25,0.044763039457750745,0.05484139206415301,0.0785229567187784,0.14801555064374222,0.0038185842598407347,0.11781355950280208,0.00041277509664681,0.0017429910205803902,0.0,0.4,0.8,51,2.892690510921439,1.9103107974339
1,26,0.04485168065349251,0.05997486633867762,0.0939055350102541,0.15505978160768247,0.003588411990512361,0.12287182097900555,0.0005494775406502501,0.00224066894058226,0.0,0.4,0.8,52,2.9358389838355405,1.7983372806601052
1,27,0.043823500152408316,0.0633027310166395,0.1074448131802722,0.16427491985117645,0.006255174042128338,0.1234487725144853,0.0005731813720432899,0.0021782802861243103,0.0,0.4,0.8,53,3.01383882229146,1.7136617977219928
1,28,0.043701814677545796,0.06303870545643613,0.10717305685441969,0.17027027625525756,0.0022578311747147865,0.1228693470302092,0.00056864627862587,0.00218907338667511,0.0,0.4,0.8,55,2.952638467303997,1.7378680155845945
1,29,0.045364939997363254,0.06440905055418676,0.108527487278303,0.2204243518232405,0.003983202160445064,0.11902778608230949,0.00045595923764064005,0.00465519516662056,0.0,0.4,0.8,70,3.035305217955066,1.671274662960419
1,30,0.04868288970296306,0.08838807829121487,0.18350735800648094,0.27441364875833246,0.021588461479466664,0.10821741751073596,0.0016456953971050602,0.01550317715668266,0.0,0.4,0.8,73,2.651443758717169,2.2818614635388186
1,31,0.03903667089054288,0.07854475404133036,0.1736538026484611,0.3241880717856663,0.0036228055838870782,0.10083661986079788,0.00155389736756069,0.00370249274960395,0.0,0.4,0.8,92,2.759408222162472,2.0884540530001097
1,32,0.038926259548487184,0.08376767981345565,0.1891413874430336,0.33565523731608987,0.00378623225580799,0.10091594878752479,0.00155471324326162,0.00368578159036653,0.0,0.4,0.8,94,2.7611624412309737,2.088781733839771
1,33,0.045316324278113634,0.07286980139193928,0.147380859014227,0.25128242720478444,0.012633436360906598,0.110375558050088,0.007805660499373571,0.00958704155145184,0.0,0.4,0.8,96,2.805107089068045,1.709518212380568
1,50,0.031450632168945225,0.09846503360656181,0.2649098420847484,0.5513694444736309,0.006117597945121234,0.10552386802207328,0.0043097066498170005,0.00415234751287386,0.0,0.4,0.8,169,2.775353515088813,1.9757682476001768
1,51,0.03144415521168314,0.09845121428341103,0.2648955969610162,0.551366340675903,0.005049060598047171,0.10548855521939515,0.00430026382054045,0.00415641109279309,0.0,0.4,0.8,176,2.77652526549764,1.975479597817639
1,52,0.03093600226981224,0.14008509360957638,0.3886207961899344,0.7270509969216229,0.01105875823843851,0.10570300130225048,0.00444826392602464,0.0049165876273123904,0.0,0.4,0.8,177,2.838781832613282,1.987139962450463
2,0,0.9148503338925427,0.9499636102609095,0.9485419711879386,0.16857250583180045,0.0,0.0,0.0,0.0,0.0,0.4,0.8,1,7.351710201459783,26.10890323318716
2,1,0.43244794084108984,0.5775035979383186,0.5654943434248652,0.09930513504924318,0.3845150809719819,0.0934211334710536,5.874426253179e-05,0.00021584383112435002,0.0,0.4,0.8,3,4.050919312240521,10.239994120491897
2,2,0.1393456460338232,0.20841421324218548,0.19597180875188944,0.03278663269141362,0.39089856687989966,0.10979142233270148,0.00071433604799519,0.00262468235474147,0.0,0.4,0.8,5,2.220406327010063,6.0278895348508845
2,3,0.09171250092452535,0.1254998547311855,0.1107234972345467,0.019364716633782336,0.08633552810139639,0.10815863730619155,0.00048447798828257,0.00178011571818992,0.0,0.4,0.8,7,1.8183390678741995,2.395046477156624
2,4,0.08975649942824636,0.11716374600294513,0.09205926873908311,0.017916723784658667,0.004939175408665818,0.10027065411579413,0.00033285479285754,0.00077748607076651,0.0,0.4,0.8,8,1.813066028628576,1.762282376672872
2,5,0.08910560667583677,0.12141406539548796,0.10654667370088343,0.023003366019973003,0.0019487841990101056,0.09973335782521404,0.00033392277794685,0.0007535204015798899,0.0,0.4,0.8,10,1.82763745343686,1.862305302173184
2,6,0.0875431751405664,0.11879694607735967,0.10386472065076499,0.03410360860960528,0.0015684686394578037,0.10096981533454563,0.00017047495928467,0.00040855901361733997,0.0,0.4,0.8,14,1.832236283623695,1.769231828983185
2,7,0.08549243673561031,0.1251124873526644,0.13056799386730197,0.04466242670780297,0.004954983564405972,0.10429385577265926,0.00057997863990759,0.00125189484105042,0.0,0.4,0.8,17,1.9218456321959785,1.8497889013949989
2,8,0.08319055358366775,0.11534433652084854,0.1104067848368082,0.05317116936936064,0.004172530779931878,0.1115398348173311,0.00036547456511593004,0.00133453603824671,0.0,0.4,0.8,20,1.9576148861000469,3.2142128706736286
2,9,0.08002481403509103,0.11533069272220776,0.12052616041995311,0.07144562035826904,0.0039371996830550576,0.10378948559941562,0.00024646681981626,0.00063132783762358,0.0,0.4,0.8,23,1.9371800070700247,2.0216653240811087
2,10,0.08411725250490612,0.12005418879101803,0.13523365742885057,0.07340228066289028,0.03083724943595294,0.12237473045242178,0.00789881757021923,0.00851838004355805,0.0,0.4,0.8,24,2.077192544624677,3.2470851434685444
2,11,0.08111004563290862,0.11965091072356243,0.1449345684504785,0.09026531811569713,0.01598146220827678,0.12237473045242178,0.00789881757021923,0.00851838004355805,0.0,0.4,0.8,26,2.012645149299563,3.153630106769724
2,12,0.08013450644715751,0.12904084402816252,0.1748352612939319,0.10042870918303598,0.010108840323775303,0.12208212890998478,0.00757970201020704,0.008151264646432139,0.0,0.4,0.8,30,1.9970382690937385,2.8291064696719728
2,13,0.08018577863367053,0.13446209597368358,0.1905228663502306,0.11160405541744772,0.009795263819958586,0.11471289970702833,0.01121109776373808,0.00650174450809751,0.0,0.4,0.8,33,2.091737022051914,2.889140686978625
2,14,0.07782678162333287,0.13702296420627483,0.20332352311373988,0.11549899551793659,0.008989764312571327,0.11489019563065266,0.00896167401883333,0.0053682499917446,0.0,0.4,0.8,35,2.044897561780979,2.7941916594294853
2,15,0.07603330183936793,0.135152075850147,0.2014481556816605,0.11671130251615063,0.006491540443598111,0.11471270202427952,0.00706820542787945,0.00417410804077302,0.0,0.4,0.8,36,2.003337618271929,2.686943169524155
2,16,0.07692301054219475,0.14070292459197442,0.2172241077780642,0.12358359718739732,0.011183933529396332,0.11470754100941165,0.0089647161342446,0.0053639589923808505,0.0,0.4,0.8,37,2.0096560178408422,2.809528937289493
2,17,0.07318328376866699,0.1420180393116153,0.22878706056114875,0.15925618456404672,0.0048195241409069445,0.11202315652334922,0.00380225647816596,0.00378043242883844,0.0,0.4,0.8,43,2.048996676922528,3.00726885083749
2,18,0.07722918739229627,0.13485754422677837,0.20106685720310732,0.18219719563763234,0.009113091919165853,0.11220991730939398,0.00128979397582115,0.01050776368248999,0.0,0.4,0.8,50,2.063987819515197,2.4053624921572307
2,19,0.09571079064694643,0.1585093250573091,0.23497326412161149,0.22612023999071057,0.028271875369712395,0.12241127454516756,0.0024043754704574797,0.03341160951605749,0.0,0.4,0.8,52,1.970334470809158,3.41736817973818
2,20,0.09880309191146358,0.1614053043609364,0.23785790341279248,0.2324781138191397,0.03181443977028724,0.12363388004164286,0.00259377334176974,0.0374378667344013,0.0,0.4,0.8,53,1.9778837510049108,3.648626606321904
2,21,0.09528051956640002,0.15132236136233052,0.21743985678301214,0.23322213123965796,0.033308223605807825,0.12085912666508354,0.0024689819824480997,0.03454277238066545,0.0,0.4,0.8,54,1.9762558142073507,3.366837421627139
2,22,0.07295347992250814,0.12320705687806774,0.18899258885221054,0.2234988461596302,0.01699872317164397,0.11172416155707224,0.00214188210651255,0.014157135699692642,0.0,0.4,0.8,59,2.049277000023361,2.7215838463532416
2,23,0.10814293136020206,0.16301381196355835,0.23902316522205017,0.2789372146213658,0.04933742422352159,0.12269261258665227,0.00415023091992552,0.058174092540389424,0.0,0.4,0.8,62,2.1410393480487584,3.967859137098041
2,24,0.07499122955603295,0.14017613315452168,0.23669425577016417,0.2684910363437519,0.015957380880339312,0.11112789585226748,0.0025783948960323403,0.018235227093099098,0.0,0.4,0.8,69,2.173489773630608,2.206727674869536
2,25,0.06747858557930773,0.12970446164620886,0.22605564040235057,0.2766986299048627,0.02311033316761394,0.11585374925109018,0.00381125481239022,0.01187569788442043,0.0,0.4,0.8,70,2.194238162877272,2.2102304179790138
2,26,0.06728514541440617,0.11029538443280723,0.17567315244385473,0.2660882551802741,0.025549817162231196,0.11250518274309444,0.00390021669678045,0.01508753357280351,0.0,0.4,0.8,71,2.017984220491862,2.903198431343035
2,27,0.0665745657494394,0.1143314810547739,0.18994095605374453,0.276709176858882,0.014939826686966267,0.11214075104935546,0.00387097402280581,0.01505375073452262,0.0,0.4,0.8,73,1.9891412479144517,2.6058650653076167
2,28,0.06657456796284668,0.11977631653720223,0.20565660549491133,0.2908700106153146,0.013759976428806624,0.11214075104935546,0.00387097402431811,0.01505375073452262,0.0,0.4,0.8,75,1.9891412864714173,2.605865132840403
2,29,0.06848670483359855,0.13033921219148956,0.22666935732981963,0.2985729792270946,0.014552160594544727,0.11175257700175042,0.0038219646269204003,0.01358660998740539,0.0,0.4,0.8,76,2.003121579832592,2.579585058443373
2,30,0.10325776688924126,0.19891078692232111,0.36689405245083423,0.45822007676400306,0.05143177275718924,0.12349260070594523,0.00451067991793134,0.061913129503599104,0.0,0.4,0.8,96,2.132254680628619,3.968553777380301
2,31,0.07761468341265586,0.18852766289871617,0.38726322526930484,0.5220162266408612,0.026970286549581463,0.11939782157237747,0.00452672078338228,0.031131164677307237,0.0,0.4,0.8,113,2.056567591753605,4.379221902389634
2,32,0.0767686058454711,0.18764816360023218,0.38638199987202027,0.5105304582441196,0.02604083426552073,0.12090553923677691,0.00448040721631914,0.03013678270988951,0.0,0.4,0.8,114,2.0595253958136586,4.052658764141431
2,33,0.07673052719384835,0.18752030759573346,0.3862492025350058,0.5389673149442228,0.026068824785945018,0.12076726822353678,0.00449761678882346,0.03018686251574949,0.0,0.4,0.8,117,2.055738224847755,4.10950000843821
2,34,0.07621696833236366,0.19201004582891557,0.40098497537535316,0.531597946067936,0.027626108034620487,0.12525197905579166,0.005459006464383969,0.029587579674655078,0.0,0.4,0.8,118,2.051661549142023,4.395846529242549
2,35,0.07731456602609071,0.1984005270950284,0.41763776792511065,0.5561576427350974,0.027698036436082867,0.12055714989028507,0.00486409066486966,0.03143618479543562,0.0,0.4,0.8,119,1.9936604246636649,4.134567226717777
2,36,0.07806671538537469,0.20993189197640366,0.44970448052597484,0.590443888198806,0.02797764480275166,0.12314371313972756,0.00495956209762846,0.03245954314358136,0.0,0.4,0.8,132,2.061629124627661,4.896275831212885
2,37,0.07916996450015498,0.2075888141727582,0.43720114921646236,0.6046247449337029,0.027807211789513418,0.12784233065335787,0.0047927831075403595,0.03154884805318116,0.0,0.4,0.8,137,2.047214763932796,4.720500228271341
2,38,0.07718771862930149,0.21350529410154206,0.46349359527345024,0.6114430487267868,0.028493001504143814,0.12271859869677729,0.00520493284300016,0.03240963251373002,0.0,0.4,0.8,139,2.0916033675031667,4.351744245521308
2,39,0.09197118187122119,0.1805541399053398,0.33817680500266534,0.3587128640571375,0.04243310717270971,0.13264896772401263,0.00669474952030204,0.048646607161193525,0.0,0.4,0.8,142,2.0696384480897536,5.9744266826523305
2,40,0.8503896281834104,1.0014699733870887,1.2821835148884206,1.5866765350966059,0.8028180180215414,0.2911059055296389,0.006709073357189931,1.0,0.0,0.4,0.8,169,2.0243615885502515,2.6490142010601173e+67
3,0,0.8400068925194291,0.9030294873200868,0.9002745563042005,0.15938126572893177,0.0,0.0,0.0,0.0,0.0,0.4,0.8,1,9.332221210005182,25.97189682896327
3,1,0.38342686882906457,0.5267121845730401,0.5132599477159234,0.0893514243031508,0.388474376378502,0.0933232897140998,5.724096316365e-05,0.00020540686426413,0.0,0.4,0.8,3,5.3190469897163535,10.17762816672791
3,2,0.34380694412100354,0.4826381728543874,0.467864840336448,0.08506775927093982,0.09851329323706778,0.10999108788649961,0.00040872764873397,0.00305729483091112,0.0,0.4,0.8,4,5.179771095303721,12.367664014670256
3,3,0.13041404593650968,0.18912543988633015,0.16606569340762908,0.026035839532390064,0.6023063528386711,0.1048137357219486,0.00022896385265463,0.0008216274570565301,0.0,0.4,0.8,5,2.9603623972634563,2.479348117492884
3,4,0.07755288350849633,0.09914475460467503,0.08363079870130959,0.013892340532333142,0.10014108099378398,0.10773488655353092,0.00037654714691842,0.00135122409584514,0.0,0.4,0.8,7,2.329737078397632,1.7218229924932449
3,5,0.0743294995005783,0.09821082708672126,0.09278093971951874,0.019449425664283773,0.008177046220319985,0.10844234053393831,0.00043174184272342004,0.00154928801305953,0.0,0.4,0.8,9,2.242317495839558,2.0290079018322578
3,6,0.07471018265721723,0.10922742632244667,0.12432411524825407,0.0669628601014869,0.002141097317882216,0.09518150202116463,0.00129996546962543,0.00192976574089384,0.0,0.4,0.8,23,2.319012133510716,2.720417650675047
3,7,0.07305851455041194,0.10932383358986918,0.13447479745578625,0.07525119865367266,0.012155141810164563,0.09591362452323228,0.00199846450240351,0.004396192286174759,0.0,0.4,0.8,25,2.2751006621262264,2.5264956589394885
3,8,0.06522034783697503,0.09507845979490671,0.11986062784733816,0.07759953431764438,0.009754157812907983,0.09636264555447452,0.00102490108738559,0.0033095698114049103,0.0,0.4,0.8,29,2.37890722857544,2.4820755050481758
3,9,0.06522034784609686,0.10052329527673043,0.13557599731124728,0.09880174701357208,0.003057681939206704,0.09636264555447448,0.00102490108738559,0.0033095698114049103,0.0,0.4,0.8,31,2.378907249962547,2.4820755095358025
3,10,0.07151966740856634,0.09312626627387002,0.10747812029433508,0.10681865574430216,0.01797730523478741,0.10585765718492506,0.00986604187528136,0.01028267408229832,0.0,0.4,0.8,33,2.560801303286018,4.273064929244539
3,11,0.0715196199395236,0.09857110325263943,0.12319349125519086,0.12412133031512812,0.012172954427433085,0.10585771313669017,0.009866055551929629,0.01028266911515671,0.0,0.4,0.8,34,2.560802433131519,4.273065392461531
3,12,0.07028606522754124,0.09608696352933431,0.12063870430398413,0.11456929946823864,0.013450543634425494,0.10585771313668738,0.00986605555192962,0.01028266911515699,0.0,0.4,0.8,38,2.628191647556635,4.034073348377406
3,13,0.06003296997874129,0.07891091614474226,0.09310911770963232,0.10899837976582488,0.005388327338933802,0.09500535830733864,0.0008162889437649101,0.0038082667446242397,0.0,0.4,0.8,41,2.331690067060456,2.6872149839683237
3,14,0.06018268011170424,0.08389305512740533,0.10832739040643843,0.14132824935533142,0.004371808351781726,0.0943331673172422,0.0008772212714209399,0.0047137997497067605,0.0,0.4,0.8,51,2.212625894603852,2.50584455480442
3,15,0.06114898937347771,0.10568107968957915,0.17114377931203317,0.1679863272772084,0.009918791069043947,0.09662030721134626,0.00266296183571265,0.0061944156501741,0.0,0.4,0.8,52,2.3202388627779964,2.585436941195733
3,16,0.060875312265036986,0.1105331297563577,0.18624871113999375,0.1964378222071949,0.006705973075557611,0.09639682864881384,0.0028356651330201,0.00615344953977391,0.0,0.4,0.8,54,2.3261728624596065,2.57887982256017
3,17,0.060183721086848274,0.09799904663727756,0.15312029396411722,0.186253889738436,0.008220380624205412,0.09561095499628117,0.00274064202593452,0.00648876231694501,0.0,0.4,0.8,56,2.3195208513452004,2.6459204702818147
3,18,0.05854624454227006,0.10072960838865326,0.1660611944249791,0.18215722246351598,0.01004535388723593,0.09671295541303618,0.00289103977108917,0.00566230062921762,0.0,0.4,0.8,57,2.318935020392599,2.649291300429119
3,19,0.058438649063045564,0.10595477613039579,0.18155090270722612,0.20482581310462813,0.005912777668817585,0.09671295541303618,0.00289103977108917,0.00566230062921762,0.0,0.4,0.8,59,2.3354566089549533,2.6426977926641
3,20,0.0616692024406471,0.10801166183024276,0.18354199370597246,0.21833035638618603,0.014859872493682015,0.09821077655837548,0.00508822550516339,0.01002522361520938,0.0,0.4,0.8,60,2.288261792212071,2.71232675952441
3,21,0.06023396251652364,0.09960629675309383,0.16478215812618202,0.19205140305981475,0.016132557579708322,0.09821077655837532,0.0050882255051634,0.0100252236152102,0.0,0.4,0.8,61,2.412195008405033,2.597775493835808
3,22,0.057144782808835205,0.0903400453688456,0.14520486079134862,0.19724218656367376,0.008631397958029335,0.09966977798254874,0.0032281425876807997,0.007955402832448059,0.0,0.4,0.8,64,2.285776327656234,3.656209380218889
3,23,0.05534478611905154,0.08693163904461099,0.14170776800795107,0.21748707457578212,0.008653987412927694,0.1003769018377777,0.00312493657167035,0.007643855608078511,0.0,0.4,0.8,69,2.2544634499577096,3.676556274435589
3,24,0.05384275451522807,0.08920923670585916,0.15416457169418887,0.2213553855478868,0.014022250096514154,0.09685634218083412,0.00342826919538256,0.0075528373436737906,0.0,0.4,0.8,70,2.4325113930431423,3.0279105842528398
3,25,0.051388833760490596,0.10277143055129535,0.19852127310701181,0.45495528345863523,0.005274878144987785,0.09376025951515564,0.00196522800316989,0.00558643343368508,0.0,0.4,0.8,135,2.4072131890257844,2.8814063887122625
3,26,0.051411975014668675,0.10870408510678597,0.21474985141089661,0.47844377638943325,0.005009114883133372,0.0937392077084327,0.00239131461480026,0.0048638471665349405,0.0,0.4,0.8,141,2.347770682498374,2.8671897943564324
3,27,0.05125434292707255,0.09639915466617326,0.18183490453502385,0.46570831676863134,0.00694245519472157,0.0937291126985306,0.00194961924718157,0.006342075345966159,0.0,0.4,0.8,143,2.4044422653223565,2.874292586927093
3,28,0.052579615358644076,0.110957681416319,0.21706318073646663,0.4989642307443609,0.005770523261828198,0.0937392248930798,0.00276612264355172,0.00487262959019061,0.0,0.4,0.8,147,2.353421162200331,2.867205869402348
3,29,0.05054086294124655,0.09582904948025482,0.18127268949819228,0.49175497264148194,0.0075500909749186915,0.09374162936610204,0.00305023382777438,0.00473517876542945,0.0,0.4,0.8,148,2.347432648322115,3.000975955395361
4,0,0.8994242173725336,0.9405288642081161,0.9388393803063974,0.16672481594422586,0.0,0.0,0.0,0.0,0.0,0.4,0.8,1,7.740069580307116,26.21297528935529
4,1,0.41110624726738726,0.5558145617266153,0.5431888488105459,0.09505797832727872,0.3971527652324193,0.10003249572861513,5.833461431026e-05,0.00021635523701147002,0.0,0.4,0.8,3,4.605146067171654,10.308782281141468
4,2,0.34290385986709343,0.487800965466956,0.4832224213214891,0.10180023720546566,0.1686351737632577,0.12993348400687776,0.00128531022666975,0.00558888298330008,0.0,0.4,0.8,4,7.08704705650888,30.64309837601581
4,3,0.1304192164779956,0.18910905229945404,0.16604788259507902,0.026062581025617638,0.5947146036699827,0.11170908232013439,0.00023333845724107,0.0008654209480459,0.0,0.4,0.8,5,2.9773782950868406,2.5346776230923007
4,4,0.120318024882181,0.17744013684279006,0.16415928321498033,0.03980717756745248,0.036973618224725106,0.1170489745054651,0.00027180986160112,0.0010178248397742199,0.0,0.4,0.8,6,3.195887371111694,2.158170848552618
4,5,0.08373555632911094,0.1110584947238523,0.09588277590823001,0.030833280518967436,0.13860447456939914,0.11930959918700572,0.00035847153906864,0.00135736079645271,0.0,0.4,0.8,7,3.109777192043182,2.310029394584888
4,6,0.05736312537365867,0.0533724002650198,0.026426677961706297,0.0026143477989765606,0.11033732453670676,0.11623157278487657,0.00052501152879241,0.0019471971331032698,0.0,0.4,0.8,8,2.8567662797147144,2.8906613164475248
4,7,0.054708688543251366,0.04901803794944178,0.02197721111192124,0.004577417859132491,0.007667219017494452,0.10430085171724679,0.00033081260395227,0.00078657910444481,0.0,0.4,0.8,9,2.7411790058366754,1.7928625255187016
4,8,0.054708688543251366,0.04901803794944178,0.02197721111192124,0.01506133630135434,0.0007616218887447281,0.10430085171724679,0.00033081260395227,0.00078657910444481,0.0,0.4,0.8,13,2.7411790058366754,1.7928625255187016
4,9,0.05445817318427434,0.053952420104844245,0.037167764341306385,0.032562002778232145,0.0018137644075174827,0.10430085171724679,0.00033081260395227,0.00078657910444481,0.0,0.4,0.8,14,2.7079870959138934,1.775986708635245
4,10,0.056222748729815274,0.0664049782670784,0.0701502974772985,0.04822587660368282,0.00353778528142206,0.14298003040292864,0.00046378222055423,0.0031688696071170896,0.0,0.4,0.8,15,2.8440266488775485,6.069570964663263
4,11,0.05363746175012961,0.06860791234116885,0.08258724070813582,0.05249509332632641,0.0016517036226016853,0.09518645980489124,0.00036383615739378,0.00077617180341317,0.0,0.4,0.8,18,2.774668328930327,3.596719527803203
4,12,0.053634781317134596,0.07404792111086365,0.09829779023967139,0.059860196760841866,0.0007712483118296894,0.0951748125030592,0.00036417305555777,0.0007755779719073799,0.0,0.4,0.8,20,2.7781321653853324,3.587692708228745
4,13,0.05275383601867136,0.06688491532584467,0.08081765859101314,0.060298430242017566,0.004066232190863193,0.09437647329747516,0.00034365944203605,0.00068670635543946,0.0,0.4,0.8,21,2.748334349956796,2.6613987682482723
4,14,0.05275588934187215,0.07777610862209576,0.11224996308717317,0.08144053498562004,0.0006900541239679993,0.0944163912284228,0.00034427190531365,0.0006897569674876801,0.0,0.4,0.8,26,2.740611159964228,2.632527471050938
4,15,0.05233046754949637,0.0660294127947567,0.07993816217730448,0.08742329564599778,0.0012559804391097124,0.09408936751598156,0.00020273810452366001,0.00074375594673057,0.0,0.4,0.8,29,2.792619894820396,3.892461081128373
4,16,0.05168103727152012,0.07005356322988526,0.09418967956858004,0.09838389059995206,0.0018079300247421885,0.09379296273111563,0.00021316123259923,0.00085071734563179,0.0,0.4,0.8,32,2.8749920310612453,5.251482527055569
4,17,0.05127523167659722,0.08042221754000248,0.12509329458782784,0.10297525836156766,0.0009079357231437687,0.09434825969553624,0.0002407814329056,0.00046042880765834,0.0,0.4,0.8,33,2.794960013926294,4.886644169463182
4,18,0.05083420152193949,0.07377781270322437,0.10813636589081764,0.10353167350756468,0.003802057686896852,0.09364896230011452,0.00021054791184271,0.00082568790760979,0.0,0.4,0.8,34,2.790799284255886,5.574252138163715
4,19,0.04908516005476246,0.06454844663210836,0.08852428187413676,0.10896799848620282,0.0049770894835862904,0.09357919576725185,0.00023029494784445998,0.0010201979611643998,0.0,0.4,0.8,36,2.8026096586949243,5.300235648295214
4,20,0.049088259771622615,0.0697533850983289,0.10398619416713265,0.1208035241623463,0.0014747300174498823,0.09557055486683123,0.00036098256108015004,0.0012494317051177498,0.0,0.4,0.8,39,2.8791255166360914,5.336940027310415
4,21,0.05096502886724144,0.08505876413406538,0.1499444469853445,0.1571023936195084,0.017247627498464337,0.09257826020611408,0.00061744833725806,0.006832129282154579,0.0,0.4,0.8,40,2.8146666050836777,6.245751214400971
4,22,0.04965227081278539,0.08854500064469013,0.1636662000156229,0.16529001246350067,0.006279947863385337,0.09203452978442009,0.00052798515562628,0.00598140719002807,0.0,0.4,0.8,42,2.8768654203163875,5.706838616725204
4,23,0.04634661968696883,0.07892535169791298,0.14372831185538273,0.16245200533695736,0.005912682785029794,0.09340410059592183,0.00033187575144911,0.00294068511522699,0.0,0.4,0.8,43,2.781323233972382,4.211653005315535
4,24,0.06136486040741746,0.08720980867673236,0.14167254159060022,0.18820320589669895,0.019692314597702983,0.07957567771378501,0.00198340636207218,0.022355954745059768,0.0,0.4,0.8,48,2.8861323182340657,12.882945286495948
4,25,0.05356372309698143,0.07480294691885184,0.12901721098943483,0.18596967976756398,0.03306769083418547,0.0912885484470064,0.00206394846921467,0.01773898290860202,0.0,0.4,0.8,49,2.925072173112436,11.898442607951592
4,26,0.04931960179701664,0.07561554756665417,0.14007920052229325,0.19154253451157321,0.011874130906028641,0.08982649402355106,0.0016560034708803701,0.01306905187019449,0.0,0.4,0.8,51,2.856908267455595,11.788654516157694
4,27,0.048648378622661595,0.07928367584570747,0.1539590631715499,0.2108446641637537,0.01356965971267813,0.08843134641755249,0.00158101645684064,0.013489438595436689,0.0,0.4,0.8,53,2.7534372393573427,11.778073048780216
4,28,0.04800727305527594,0.07784995448213856,0.15248300582097263,0.23273031897145924,0.011993854289193352,0.08807862657812573,0.0017054020325378099,0.013498614303586228,0.0,0.4,0.8,59,2.7877380242294967,11.780392338762743
4,29,0.05265971239443958,0.08087704796795805,0.15542328010187503,0.27869052202423394,0.018257026101585517,0.08669689123856575,0.0036336810344196396,0.020130540696837458,0.0,0.4,0.8,68,2.8607295841873333,14.324263073764424
4,30,0.04950553224198341,0.08150754894535854,0.166236247907959,0.2870380584829078,0.019044417030485112,0.08666104514985239,0.00332287875162184,0.01814585720554297,0.0,0.4,0.8,70,2.875987988382529,14.229844859739648
4,31,0.0438090057551369,0.09207350606109796,0.2076104321298339,0.29048422168353655,0.01026573443014089,0.09267228893859172,0.0023529194788545,0.01158776729988916,0.0,0.4,0.8,75,2.7995227802658453,9.12805664385087
4,32,0.048277084070100104,0.0950383847041113,0.2104957145070382,0.29570078928982435,0.021755029171123843,0.09237408471160012,0.00248714819022892,0.01872635577957118,0.0,0.4,0.8,76,2.8010847642525265,10.73165900303268
4,33,0.03399437856325876,0.10122548919617123,0.2576962294147921,0.3767923486270366,0.0031101134251916335,0.09187613938891061,0.00029715190015391,0.0033703896197908798,0.0,0.4,0.8,93,2.7474167107077205,8.38996922122705
4,34,0.03821466278637166,0.136249944188967,0.3542462275723187,0.5190079942836704,0.008819384130507302,0.10744132092949107,0.00186605746476629,0.009844043638158561,0.0,0.4,0.8,129,2.847667691745326,21.490024739282727
4,35,0.035873373348436,0.1333939482633811,0.35136323426356747,0.5427841284821698,0.007369110165279969,0.09639841503792304,0.00148065814607168,0.00765439980673239,0.0,0.4,0.8,132,2.7732773038327325,21.840060483071237
4,36,0.05386044988960137,0.16184550439347056,0.4003337635169558,0.5509848774060419,0.025874626992937955,0.10093900600716248,0.00215087400335746,0.030251595762108792,0.0,0.4,0.8,134,2.784896940010805,29.89712782051017
4,37,0.04621997550195872,0.15943707627694786,0.40818473432348823,0.579144080101402,0.01776054739779934,0.096380238106857,0.0022879351517647003,0.020856874810936,0.0,0.4,0.8,139,2.7729705699366813,28.66045095986751
4,38,0.05261293858344919,0.16571739964445173,0.41445925330907635,0.5780091121503276,0.024516577903755492,0.09644851966938237,0.002291141563714,0.02896509809815459,0.0,0.4,0.8,140,2.7862801318575205,34.10718496436163
4,39,0.052096572630355636,0.17608994318764984,0.4453729604019163,0.6140063489501902,0.02357371463611358,0.09636178925999947,0.0022420980751389897,0.02834507990279342,0.0,0.4,0.8,144,2.7996320536623784,33.80466571268542
4,40,0.04294081104257512,0.15721890520393572,0.41600878984369444,0.5969017532368878,0.03413253883307371,0.10093581451737861,0.00168966869710262,0.021628253636566692,0.0,0.4,0.8,145,2.802029122675358,68.6525104117105
4,41,0.04205958184934147,0.15013871355220076,0.39861887521309747,0.6077487091912822,0.018669120890689356,0.1009681945327365,0.00163182131123417,0.02133484819622509,0.0,0.4,0.8,148,2.895991190894197,65.59425505485673
4,42,0.04040777767410628,0.15932291904225587,0.4283414115839238,0.6300601157781109,0.0161505304187134,0.09865886521110447,0.0017172753903148899,0.01928075762903596,0.0,0.4,0.8,153,2.800641998635037,80.98533481856383
4,43,0.0402934845034633,0.16384810577889564,0.4430955067613575,0.6476473525929394,0.019683654341841102,0.10240723854571117,0.00167020497149956,0.01998834273282834,0.0,0.4,0.8,154,2.765820160855774,75.63360827531218
4,44,0.04641320991580958,0.16889002932813377,0.4480818870568931,0.7283423997480356,0.023873163600056903,0.09387291847400964,0.00199329703300196,0.028578861999549586,0.0,0.4,0.8,173,2.761505952359361,106.135420665596
4,45,0.04860126301454504,0.17638936225569463,0.46584472686685335,0.7441389186349472,0.026124070240235477,0.10588803447460271,0.00225977992275907,0.03131678248360718,0.0,0.4,0.8,176,2.786986867744893,12.638051151546785
5,0,0.8450844136828878,0.9063085517548495,0.9036465951031412,0.16002340841148288,0.0,0.0,0.0,0.0,0.0,0.4,0.8,1,9.219611320451072,26.394548327893297
5,1,0.3725407352458322,0.514948245253552,0.5011619795219875,0.08704211226527285,0.40397423674724664,0.09322165496750454,5.972556868119e-05,0.00019554394577157,0.0,0.4,0.8,3,5.616018894430424,10.363073171576572
5,2,0.05483679514455038,0.05409617372837753,0.037298366549240236,0.003462852183449832,0.4834798224453075,0.10753632552927472,0.00045263520592658,0.00148194610978855,0.0,0.4,0.8,5,2.7558925903463507,2.0437448655372195
5,3,0.054806922583047375,0.05948888435908508,0.05296034965403859,0.009748082402710974,0.0014027199453165212,0.10750658742929649,0.00044979008072565006,0.00147263105393744,0.0,0.4,0.8,7,2.759105120027144,2.023076028469458
5,4,0.05354014651832986,0.05713420251348733,0.05054514910048226,0.016899389811698234,0.0026020146078010614,0.10489911646692329,0.00041010754747652,0.00121479302434255,0.0,0.4,0.8,10,2.807671051730723,1.899985455234206
5,5,0.0542200346222101,0.05116302364970288,0.034236414167256854,0.027138158608253672,0.004588893852082091,0.12009412281330278,0.00123474408247211,0.00309186515093978,0.0,0.4,0.8,13,2.770507713459736,2.255225099046438
5,6,0.051143658394669396,0.043536407565223874,0.02635894008775353,0.024395411895598792,0.02238430736357159,0.11518937868105827,0.00127226897505518,0.00457805345651803,0.0,0.4,0.8,14,2.7547555136061384,2.1572447601042186
5,7,0.051259516055333985,0.049015496340037046,0.04210409288269715,0.05743474822013167,0.004417048225719883,0.11124968720893784,0.00069173826486148,0.00510783110661249,0.0,0.4,0.8,20,2.810344925667378,1.7593482729498005
5,8,0.05089066939262733,0.04862970837466141,0.041717357874925434,0.059632067690232105,0.004077393844123615,0.1107086964798936,0.00064140394394782,0.00469168099642724,0.0,0.4,0.8,21,2.82418622959142,1.78890227353354
5,9,0.048859567660208936,0.045532488025372325,0.038561791423528544,0.0685478629939109,0.007204569521827735,0.11529958675948222,0.00054108462566441,0.00343836735432155,0.0,0.4,0.8,22,2.841796644041269,1.8606829524237396
5,10,0.04955999195860975,0.05061225585402569,0.05385406837751308,0.08597953395637799,0.006762405715819322,0.1184079955155023,0.0007353819809354,0.00544504349395706,0.0,0.4,0.8,24,2.8582628496523608,1.7429759766270043
5,11,0.048638503043487935,0.04865943945195039,0.05184501154705482,0.0910866794466606,0.006034103243190148,0.11806886187679828,0.00074346376541756,0.00547165958301234,0.0,0.4,0.8,27,2.860675214926554,1.7356764269389822
5,12,0.04681373644804352,0.04075562498366263,0.03363603950309367,0.08123264267947906,0.005934450256859474,0.11943964155508864,0.0006902148268408,0.0039420456719345,0.0,0.4,0.8,28,2.6673838871944557,2.8474702438709367
5,13,0.05756173825597425,0.0678045103950673,0.09149478734668462,0.12572616680617668,0.014252202501614018,0.10967301704656955,0.00309053819395321,0.016215031436030487,0.0,0.4,0.8,31,2.758809203952735,2.546433483011433
5,14,0.05062767806048235,0.04928319690317773,0.05239463297256135,0.09654487774846206,0.010657768716367479,0.12030258406629135,0.0011250483428935,0.00932400920300494,0.0,0.4,0.8,32,2.7852336866088026,2.057695784173059
5,15,0.04927541590012121,0.05197077565240928,0.06527669736537581,0.11313673089954066,0.009671242430578524,0.1165115357111437,0.0012286989642817,0.00917297048332555,0.0,0.4,0.8,35,2.851782271534708,1.949996207918272
5,16,0.045129115769773305,0.04732150620494639,0.060600217634456215,0.10061306885160852,0.004532038431451497,0.10437170287399275,0.00154047345381412,0.004401456005048951,0.0,0.4,0.8,40,2.8075194019787006,2.0625399199877346
5,17,0.04872404234973996,0.06162950419364717,0.09543980966200946,0.14560530130231414,0.008237239960700131,0.12099655077470566,0.00110390909776496,0.00931179361670154,0.0,0.4,0.8,42,2.849957089573953,2.102460574070124
5,18,0.04788624845734003,0.06550867017545496,0.1095502750591504,0.17838136711992722,0.008181461574507571,0.1205863462915635,0.00128343533746821,0.00899200230070009,0.0,0.4,0.8,48,2.789195987396398,2.105396264716609
5,19,0.043750676519474695,0.05400307919166222,0.08767068287229719,0.141122057980473,0.007795159208116253,0.10340291008084727,0.00123680822808158,0.00599369687198813,0.0,0.4,0.8,51,2.8902122895451745,2.0603851308534824
5,20,0.04426938564057767,0.05851660130797656,0.10237721024406864,0.14005506838525755,0.012730796784292297,0.10242348810991844,0.0026835789088847603,0.00752331587217558,0.0,0.4,0.8,52,2.815923722181334,2.071146293981537
5,21,0.04372376949246962,0.06294311622658756,0.11704904698988727,0.14600526562072919,0.007880752534391215,0.10219693713553261,0.00266977452257024,0.00736915682108794,0.0,0.4,0.8,54,2.841102040561214,1.9982712643089544
5,22,0.04257066958054975,0.06030196170383103,0.1143287014396707,0.15796408669508466,0.012876469461484165,0.10689794874926048,0.00151963589789567,0.00813449475995329,0.0,0.4,0.8,55,2.921315867588713,1.8791119524372744
5,23,0.04086776486021206,0.06394454547466431,0.12823641793775173,0.15939342631285025,0.00559521088783853,0.11113003831621564,0.00143090291446001,0.006158675082005511,0.0,0.4,0.8,59,2.9246169411711667,1.9468907209407136
5,24,0.04434567613131154,0.06715438384225907,0.13143184454887277,0.20071305984600174,0.009297606736459282,0.10867191777856036,0.0022942421338212103,0.010366984890332009,0.0,0.4,0.8,71,3.0313215240830886,1.9163861957526835
5,25,0.04224039867655791,0.07017186927680932,0.14470300188204016,0.2055745517279905,0.008630983583096555,0.11084806326185773,0.00235770212782009,0.0080548251148326,0.0,0.4,0.8,72,3.0602038212413536,1.926017506561224
5,26,0.04125040941089043,0.06267289039709015,0.1268767868467301,0.20459492162247833,0.01142314773815582,0.10999010221267722,0.00203926655291362,0.008132372714132979,0.0,0.4,0.8,73,3.048480364823701,1.9252472138376868
5,27,0.04151256605069664,0.06798806962251111,0.14244193313850242,0.2055784799260983,0.009436722933979286,0.10861325779670279,0.0023369175937862597,0.00873578983824322,0.0,0.4,0.8,74,2.8813106833348434,1.9702543983137424
5,28,0.04130790270702015,0.08410965716078812,0.18937473094419738,0.2721980421702496,0.007728047401266654,0.10994951301183628,0.0017964283920755002,0.00875899457220943,0.0,0.4,0.8,86,3.0143485126699905,1.906727673536637
5,29,0.04070404541346698,0.07774259502178427,0.1727206006205101,0.28846954706659644,0.008620736501446211,0.10956175486074168,0.00172344952008209,0.00838461933987819,0.0,0.4,0.8,87,2.986065859370865,1.917185797705212
5,30,0.04096373092391418,0.07787322042319644,0.17284433096368612,0.2887936646018536,0.008016460993618595,0.10959240389749851,0.00172424393700393,0.00884825926105423,0.0,0.4,0.8,89,2.970209452963726,1.916703857052957
5,31,0.04049798312370244,0.11024119138366213,0.2668445822275457,0.3971535288148677,0.007224395407743041,0.09951638080512588,0.00327972984103634,0.00731079232995617,0.0,0.4,0.8,114,2.9534566004402,1.9449618466976848
5,32,0.03978945153240655,0.08166211343285876,0.18687795617102343,0.3698372779592362,0.007817185990799388,0.09779692359636873,0.0048355083816146996,0.0063443004958591105,0.0,0.4,0.8,116,2.871422169973947,2.5213776220827
5,33,0.04099532427398909,0.08823884054427056,0.20372185831814882,0.4171415153091921,0.008383782104534701,0.1042568001770144,0.0046711414289442995,0.008013535117091169,0.0,0.4,0.8,119,2.919258140899118,2.180592417212303
5,34,0.04073239453733246,0.08691958687142906,0.2023464558683223,0.40710476033887383,0.010965455138988132,0.10423425543264112,0.0053836013374451,0.00846309153246971,0.0,0.4,0.8,121,2.93836706145629,2.3375357076127683
5,35,0.038814270949576284,0.08885927124915341,0.21447333200559293,0.42839573813423043,0.010332109898889223,0.10390427952988376,0.005409401749443351,0.007746359297587881,0.0,0.4,0.8,123,2.952564450845113,2.21810779027181
5,36,0.03975458761970171,0.11760306692010805,0.29460071598109294,0.4762942462632358,0.008823545574529237,0.10273157404187869,0.00466470239355171,0.00867729484182217,0.0,0.4,0.8,136,2.9143334420715568,1.9723101478406224
5,37,0.03991883995772692,0.11622847071972477,0.29314521643692787,0.48775235898655134,0.016381083300815766,0.10567196643164545,0.0047178076498530005,0.0104917125399947,0.0,0.4,0.8,137,2.885892745290667,2.6171191334195028
5,38,0.04284807201986521,0.11887601505939231,0.2957778685355665,0.48514482816841276,0.014435802147350567,0.10237563984637583,0.00482872041460708,0.014396215479642848,0.0,0.4,0.8,138,2.903548795270147,2.537374640157592
6,0,0.9181916942494556,0.9519921305112177,0.9506280772233837,0.16896975644613596,0.0,0.0,0.0,0.0,0.0,0.4,0.8,1,7.263044984775711,26.152089603655455
6,1,0.411611846854222,0.5563358327361864,0.5437251873383334,0.09516021314622974,0.40843747114602996,0.09306550717018272,6.225230357269e-05,0.00021462544094227,0.0,0.4,0.8,3,4.57080989634,10.229560345844146
6,2,0.12662039192734076,0.18267129388370704,0.1594271677262544,0.024802152809261888,0.3867532109399474,0.10392885157882807,0.00024900921429078,0.0008585017637690901,0.0,0.4,0.8,5,3.0278304268936806,2.4967545979788044
6,3,0.07676000513562699,0.09713646563103692,0.08155023898916254,0.022660046002679693,0.19141916792451671,0.11168709582422398,0.00045891927678300994,0.00196861659300107,0.0,0.4,0.8,6,2.667819614278339,3.360770473974662
6,4,0.06404956071509213,0.06680169697588942,0.040237475538846976,0.0052464416944450094,0.05313138022224426,0.10813636300506899,0.0005602707321542501,0.0019316289684804503,0.0,0.4,0.8,7,2.629259264088238,2.905909485352272
6,5,0.05900796299830889,0.06239531842499977,0.04582897007047725,0.01036283754234556,0.011425237213852156,0.1074540715876203,0.00048175021841620003,0.00166091609655655,0.0,0.4,0.8,9,2.616312196391559,2.1199823683274026
6,6,0.05694229271149716,0.06434363716939727,0.05796733613976464,0.01860005714472081,0.0028100553483258873,0.10067455115135111,0.00037369163232651,0.0008879372453526799,0.0,0.4,0.8,12,2.6498437798305723,1.762641534304539
6,7,0.8555213948342173,0.8730314080501962,0.8871526366192185,0.910988888865585,0.8003834443974203,1.0,0.00049274003915134,1.0,0.0,0.4,0.8,29,2.774027949192547,80.86270977062922
6,8,0.8549583975508791,0.8718821236686924,0.8859706825140848,0.9135157812733029,0.8013957921915067,1.0,0.00050910699765244,1.0,0.0,0.4,0.8,31,2.767240322181112,81.63454277304774
6,9,0.14593670800083916,0.17343842031426285,0.2080503313279241,0.21375592162305213,0.09275372223851924,0.6539238545534302,0.0005170720001764801,0.11409738895706042,0.0,0.4,0.8,32,2.8441767789409247,90.82633834642434
6,10,0.8530903212732248,0.8735218429942911,0.8977727254419415,0.9307176138621993,0.8034932131734398,1.0,0.00050957476819509,1.0,0.0,0.4,0.8,34,2.8230013461305234,81.63185139456986
6,11,0.8520561202342822,0.8713618829372177,0.8955501244537557,0.9421549439330227,0.8017623225263109,1.0,0.00061839985473388,1.0,0.0,0.4,0.8,37,2.7808519935122007,82.33422339298515
6,12,0.8519902574220699,0.8766912689378754,0.9111474120525621,0.9530455885051083,0.8002691275282057,1.0,0.0005723744124231901,1.0,0.0,0.4,0.8,42,2.849696697547363,82.56441386448152
6,13,0.8519401697407425,0.8765871590083767,0.9110402986225177,0.9687051828881006,0.8004469740673021,1.0,0.0005754682483034401,1.0,0.0,0.4,0.8,43,2.8496192130370512,82.61507809937028
6,14,0.12289474420071926,0.15504904111778012,0.2098565371722898,0.24306989394906486,0.08795992831359646,0.2647693663460781,0.0015927683447657201,0.09218376893748628,0.0,0.4,0.8,44,2.90543950411934,92.38704991549956
6,15,0.05324529367704531,0.0897846773136376,0.1548038282696022,0.19293940289638062,0.00716963008460444,0.09904534225567156,0.00111123437753177,0.00661896659640449,0.0,0.4,0.8,47,3.0048584905079507,2.3635985635078858
6,16,0.04816032268295104,0.07281857993886519,0.11724261581459311,0.2040840884905953,0.005450477366500295,0.09472129667849913,0.00043627281870273,0.0017358017863489301,0.0,0.4,0.8,48,2.992902829638799,3.712680711192909
6,17,0.05182737422789585,0.09265068305642342,0.1678771804465952,0.2019887038374863,0.0060948714207358125,0.09821971859637299,0.00104237659618519,0.006220984534164481,0.0,0.4,0.8,49,2.9789683079094864,2.368999967749029
6,18,0.04778011247646937,0.06968530536196293,0.11395884955482805,0.2114853814143269,0.013933755331842653,0.09829624919656879,0.0008590737003386099,0.00422172628570776,0.0,0.4,0.8,50,3.1372007207006125,3.7116337361522014
6,19,0.045111975909498066,0.08208246500761211,0.15709904501752267,0.2169694038433006,0.0038792344746101056,0.09653131155093048,0.00054074813324018,0.0024931377549582802,0.0,0.4,0.8,53,2.912327895280765,2.416822485923535
6,20,0.04415412304362751,0.06201440190802947,0.10606910913598423,0.22257662104086548,0.014671951825867348,0.09284874982131783,0.00056380988526906,0.00442255580689123,0.0,0.4,0.8,54,3.1296915323062198,3.711355173214636
6,21,0.0436028652851133,0.06612725637651579,0.12041056917213881,0.23499183562028525,0.004926979081336523,0.0936768757287824,0.0005793206537804501,0.00459880507710684,0.0,0.4,0.8,57,3.140386490849737,3.711109214191936
6,22,0.04329329186490827,0.059726428013317096,0.10370418047339512,0.24129684285462286,0.00543710540380966,0.09665454274440131,0.0005955582155393,0.00492398115471516,0.0,0.4,0.8,59,3.1220191849759917,3.710213095709753
6,23,0.04186951235460609,0.06302245835902806,0.11723208397022171,0.2510137220461992,0.004811922214952708,0.09367675973291072,0.0005325529785918101,0.00398220445659089,0.0,0.4,0.8,61,3.0755232929370235,3.7114145592499903
6,24,0.04222013473555303,0.06331160737276255,0.11751783102481594,0.25459055774115047,0.0040432390363421096,0.09664767362491353,0.0006353462315109701,0.0044374291864796005,0.0,0.4,0.8,62,3.117945005937015,3.710498817331645
6,25,0.045717021455896185,0.06675354082430572,0.12095694536699766,0.25492188839063845,0.007564453492205678,0.09796263062576478,0.00099838022767744,0.008688143996727531,0.0,0.4,0.8,63,3.252038787527258,3.709600960534474
6,26,0.04214046370397885,0.07909956667757033,0.16409238507441998,0.2961462625964972,0.004316699559326256,0.10019819812453427,0.00136211281095979,0.00449210852719498,0.0,0.4,0.8,72,2.92307335498646,2.245713762325422
6,27,0.047192201415685434,0.10044265784686085,0.21624534508844503,0.3276254164595524,0.009395156049870953,0.1034801194731823,0.00106189996391087,0.01100472081071382,0.0,0.4,0.8,73,3.08540403649283,2.225546372504077
6,28,0.04807016869029819,0.1010293669083861,0.21681623061605929,0.3664079067532747,0.010590983964420696,0.10474461968673468,0.0012343962482712,0.01233832068319339,0.0,0.4,0.8,78,3.0443618801164307,2.244340022755159
6,29,0.046417806608175405,0.10292013451146592,0.22887591400650667,0.3657304991547047,0.01407667649145828,0.10527491398192493,0.00129479540812806,0.01233678005279394,0.0,0.4,0.8,80,3.072443785107064,2.2271932051199728
6,30,0.039040534470389514,0.08355969093963259,0.18891612446763853,0.3693678862692203,0.005378390042831844,0.09418547884652498,0.00129819357609546,0.00431009785615492,0.0,0.4,0.8,83,3.0961265512444847,3.711503790233923
6,31,0.03867826510954922,0.08246896922846526,0.187786605438536,0.3794018202421665,0.005642339116709076,0.09366829145850211,0.00086871805017237,0.00486419079216861,0.0,0.4,0.8,85,3.096479983165509,3.711129535733521
6,32,0.038535072050465025,0.08767574845116613,0.20325906378228062,0.3913929264402698,0.004720220967818879,0.0936603590864723,0.001275188847691,0.00458479752310504,0.0,0.4,0.8,87,3.082783442394015,3.711132137492945
6,33,0.03564250397066447,0.09910275340468588,0.24539127498377614,0.41617176591617006,0.004770366636798818,0.09641466272785852,0.0012269593328775,0.00317113804294607,0.0,0.4,0.8,91,2.848898829248845,2.414440131078253
6,34,0.035271263160650705,0.10914692379898899,0.2759515493765254,0.44569617645348697,0.0035205472269733977,0.0905522979418806,0.00107694098965828,0.00329197198707561,0.0,0.4,0.8,95,2.8724213904186766,2.5244486786172025
6,35,0.036790568843205876,0.10898534679542562,0.27570132003553943,0.4717931851879522,0.008186172104535906,0.08809777980868143,0.00171785799867341,0.00666939234891447,0.0,0.4,0.8,98,3.066868509842504,2.524554152484031
6,36,0.034884274573550526,0.11751104296818049,0.3047441244115878,0.5041411476257712,0.00479834979598607,0.09444486544587212,0.0015977571673955302,0.00483293381021627,0.0,0.4,0.8,104,2.918410733159456,2.337150966873742
6,37,0.03392706597415845,0.11064089445398073,0.28757882639267934,0.5096568654233795,0.0057370745672225346,0.0872710561070924,0.0013320801411829,0.00426626882201765,0.0,0.4,0.8,105,3.0003524393164,2.350969375169444
6,38,0.03359135460386036,0.12059966900981692,0.31804751122044683,0.5218424876058106,0.005206427847394002,0.09376183165424265,0.0012587365919356599,0.0045139050943054804,0.0,0.4,0.8,107,3.075270790045761,2.5029078945065977
6,39,0.03373416382183107,0.1152075423428636,0.30238011419230704,0.5257243125555952,0.004766363834473435,0.09501426983483464,0.0016472639631224001,0.00459343912153285,0.0,0.4,0.8,108,3.070097339227943,2.5009922304053327
6,40,0.033063927794757704,0.11411665167364973,0.3012668783817954,0.5289530178302149,0.00552206868612139,0.09296278298100252,0.0012385132779237,0.00440438646603944,0.0,0.4,0.8,109,3.137644270753626,2.5034802962527403
6,48,0.034527779145199965,0.14875746976919835,0.4075450407918957,0.5519440790913508,0.013065859144539005,0.11642064700174273,0.00265325347917223,0.01068016547491938,0.0,0.4,0.8,137,2.9251474575921814,2.2968654162426243
6,49,0.031407234860416015,0.14237852975574478,0.40099762899380287,0.5503332822489415,0.015271209722254852,0.11631278949576651,0.00255260535426182,0.01016893911636567,0.0,0.4,0.8,139,2.926103266085758,2.293162018450911
6,50,0.03111350803746364,0.1365437955401793,0.3848870871372515,0.5417243976850424,0.009120565091221307,0.11603613297385489,0.00221984804460775,0.01006603354377014,0.0,0.4,0.8,141,2.891419246985772,2.292632535750757
6,51,0.03184387313790483,0.13378183543892053,0.38194579572346204,0.5559752171126237,0.019001043545634692,0.11023678981506495,0.00372679652423836,0.01375036835872856,0.0,0.4,0.8,143,3.047100380812444,2.2889765564761326
6,52,0.03215561469455188,0.11747822159986135,0.3348160702619601,0.5249575997599618,0.013114851619909919,0.11047249086556463,0.00401537008216442,0.01427715598806896,0.0,0.4,0.8,155,3.0027017308068604,2.290560603695884
6,53,0.030435868031028428,0.12586347033942932,0.36370226434180136,0.5392864500629605,0.014846567150940258,0.1108070490489318,0.0048026708429023904,0.012517423224714849,0.0,0.4,0.8,156,2.9731810137213746,2.292815064432949
7,0,0.9677690119517043,0.9814528644872702,0.9809260306164543,0.1747390156043428,0.0,0.0,0.0,0.0,0.0,0.4,0.8,1,6.033121463326681,26.174010522472784
7,1,0.45022969032553567,0.5951049897120549,0.5835958586656272,0.10274271754038623,0.3988134181422666,0.08580639415339344,6.177791997167e-05,0.00019985916180826,0.0,0.4,0.8,3,3.611281883065452,10.267544179854768
7,2,0.15236572837237314,0.22527737421299798,0.20324533853062182,0.033107101498034766,0.38271087991615643,0.09582239729457588,0.0002471116798867,0.0007994366472330501,0.0,0.4,0.8,5,2.387515753068078,2.499609236066489
7,3,0.07414561573740924,0.08673162365825807,0.06073671206736594,0.00906056171796416,0.14549505255200523,0.09970172267325508,0.00055600127974508,0.0017987324562743702,0.0,0.4,0.8,7,2.37130597408321,2.8939674852642936
7,4,0.06969029261728622,0.07891300791904235,0.05272170148009688,0.01042873283259955,0.015022647183792655,0.09538655405688994,0.00033886489637474003,0.00077867104784927,0.0,0.4,0.8,8,2.312289517701276,1.7636755560258277
7,5,0.06857577788003784,0.08207483101128102,0.0660862713373774,0.017344754183840978,0.0033232677399591703,0.0960004820869802,0.00037885817279339,0.00088836903850802,0.0,0.4,0.8,10,2.3714034165723024,1.7917332648908937
7,6,0.8671247004331811,0.8799242597616869,0.8638950901995752,0.8304941623455535,0.8008721359263715,1.0,0.00034253778243183,1.0,0.0,0.4,0.8,14,2.526849644514803,6.423439311603505
7,7,0.8613317424453697,0.8684904498321896,0.852137753366422,0.8324482021246095,0.8235917212827933,1.0,0.00023755328483288,1.0,0.0,0.4,0.8,15,2.457946880972706,5.245970405631483
7,8,0.8610638088155058,0.8679556390483614,0.8515877834129787,0.8323432383907466,0.8011970081631058,1.0,0.00023689379848531,1.0,0.0,0.4,0.8,16,2.4576950579067263,5.39885840880864
7,9,0.8608621283929978,0.8729822918557968,0.866872599154663,0.8365263405932439,0.801004537473042,1.0,0.00027523653360346,1.0,0.0,0.4,0.8,17,2.4807187361675944,6.893052673500708
7,12,0.860218846562508,0.870598609958725,0.864390152293975,0.8467413714376383,0.8016347075625317,1.0,0.00300387429480293,1.0,0.0,0.4,0.8,20,2.338613029466168,44643659.52710917
7,13,0.8598384235727504,0.8752752993587172,0.8793154698948459,0.8564148132347636,0.8020009369252432,1.0,0.0030130791595814497,1.0,0.0,0.4,0.8,22,2.3642654422251184,44643870.03303898
7,14,0.8598096447453275,0.8752195519628421,0.8792585177862214,0.8640726343295674,0.8012401403063559,1.0,0.00300788744759088,1.0,0.0,0.4,0.8,25,2.3637238455954144,44643796.74855504
7,15,0.8586894490294701,0.8729623153252558,0.876936900559213,0.868788559301488,0.8058689739432623,1.0,0.0030147597962123197,1.0,0.0,0.4,0.8,26,2.296526344917603,44643543.94937423
7,16,0.8581841256914423,0.8719496305533023,0.875895663136968,0.8685829545726595,0.8022341173467037,1.0,0.00299585074028646,1.0,0.0,0.4,0.8,28,2.3263961070690757,44643301.02614968
7,17,0.8554408238438019,0.8774178463489876,0.9017548763460622,0.8804593675207398,0.8119739260439254,1.0,0.00266340261530475,1.0,0.0,0.4,0.8,29,2.612210126298191,7.162510775509264
7,18,0.8530725047904347,0.8734440246458448,0.8976916007198239,0.8957374469295944,0.8067443414688367,1.0,0.00060913774726336,1.0,0.0,0.4,0.8,30,2.4790543675822496,3.5152203739403105
7,19,0.8527781284338084,0.8675339658746154,0.8815014555165904,0.8985213175053095,0.8003434005607429,1.0,0.00028312660442807,1.0,0.0,0.4,0.8,33,2.569575407852604,5.383097890933725
7,20,0.8511129353468877,0.8635211947260149,0.877358372367534,0.901009232696033,0.8101412902600018,1.0,0.0017131357304904899,1.0,0.0,0.4,0.8,34,2.461579579596187,4.722830971452256
7,21,0.8515091023414986,0.8745972563983213,0.9089640185018777,0.9159436451334052,0.8017024754653205,1.0,0.0032010161341332498,1.0,0.0,0.4,0.8,36,2.4843385200112817,44643621.7681622
7,22,0.8491814853091034,0.8809260186342326,0.9357108643400772,0.9232290666774332,0.8055294592886592,1.0,0.00263715393365016,1.0,0.0,0.4,0.8,38,2.5113392829446965,10.436926493899737
7,23,0.8476879051592727,0.8887067550750024,0.9639439367158777,0.962599187066112,0.8023551234340373,1.0,0.0026699181718045,1.0,0.0,0.4,0.8,43,2.55247413582967,10.42533543860305
7,24,0.846976995470976,0.8872265686694623,0.9624216989684644,0.9623077327083787,0.8018302320102222,1.0,0.00266990644812303,1.0,0.0,0.4,0.8,47,2.5483624260307214,10.551688995376844
7,25,0.8467218228437328,0.8864292568718366,0.9615947756317266,0.968741655813401,0.803480565609702,1.0,0.0032903739672738297,1.0,0.0,0.4,0.8,48,2.5568291814161124,10.600140389168503
7,26,0.10773967046485125,0.14864813159358417,0.22387957709602577,0.2417504005288901,0.06259335964908559,0.11057425175009225,0.00625930545124898,0.07339643418808456,0.0,0.4,0.8,53,2.414615273700372,2.832355065100371
7,27,0.8449130308371909,0.8768371721961973,0.9416046731969026,0.993749669138865,0.8022412995020932,1.0,0.00412248095259286,1.0,0.0,0.4,0.8,57,2.59671276578322,6.826928765917884
7,28,0.8433842251436342,0.8790990486127027,0.9540476979158814,1.0250468981195509,0.8023453953549242,1.0,0.00405534247064603,1.0,0.0,0.4,0.8,66,2.5433237934361985,4.785741077811776
7,29,0.8432722341569225,0.8895328821120284,0.985003988523606,1.0614377343071986,0.8020231350348392,1.0,0.00456658012429296,1.0,0.0,0.4,0.8,73,2.5052055452456767,24.999816046166703
7,30,0.8413269878828267,0.8854368600843593,0.9807921915136517,1.0671089984862059,0.8060036790849928,1.0,0.00451731363239765,1.0,0.0,0.4,0.8,75,2.4755480571763417,10.445057750087711
7,31,0.8410507682333339,0.8848471864670001,0.9801857037170426,1.083228107963194,0.8020561999928264,1.0,0.0045269668952949,1.0,0.0,0.4,0.8,80,2.4729167308900557,10.437886200813267
7,32,0.8409326903823996,0.8897902584265251,0.9953784127507763,1.1060340497170502,0.8023881387544839,1.0,0.00508706014831094,1.0,0.0,0.4,0.8,85,2.431101234613999,10.330931770208478
7,33,0.04211495378177336,0.17081021809264443,0.43035939051868455,0.5828161821410139,0.0049758694669964475,0.18572579479612011,0.0062560186077838505,0.0029266945934638697,0.0,0.4,0.8,137,2.4547619085728702,32.46936503985134
7,34,0.04296928253140642,0.18758983949507776,0.4779290062908121,0.6077421304597223,0.006456602393026882,0.18075502804733568,0.00806961594622934,0.0035389976152207904,0.0,0.4,0.8,141,2.4702066972569328,57.657318764433526
7,35,1.236013516106798,1.4340799045558625,1.8270713792635405,2.0317147661516626,1.200127425030272,0.08212897609671907,1.0,1.0,0.0,0.4,0.8,172,1336.0594407712583,3.875809538417344e+21
7,36,1.2332347726397088,1.4389802232568651,1.8523426318432452,2.1575692822951167,1.2006479987304264,0.0824789778422522,1.0,1.0,0.0,0.4,0.8,191,1392.3891126304725,1.0083091034670148e+24
8,0,0.9459320503357589,0.9686190841749499,0.9677276512557063,0.17222578146971884,0.0,0.0,0.0,0.0,0.0,0.4,0.8,1,6.605796565916754,26.259793118991567
8,1,0.4362388437894958,0.5812911581162327,0.5693892397079395,0.1000474057583922,0.3998496424265626,0.09059434252436548,6.196664586637e-05,0.00021510892421384002,0.0,0.4,0.8,3,3.966317687018516,10.285690187511396
8,2,0.39111809457825447,0.5346853036314704,0.5213567319057264,0.09622471624850201,0.10738937358766078,0.12095947086323389,0.00040125715290158004,0.00456044549595196,0.0,0.4,0.8,4,4.027329600252473,12.272842447609042
8,3,0.11982862480220104,0.16812563101555683,0.14435666116899157,0.02783998403993268,0.7626574267456055,0.11311319922202986,0.00077445098770242,0.00551121682284663,0.0,0.4,0.8,5,3.0631905592723125,14.76904791075701
8,4,0.07457851005783438,0.09314535115718355,0.07745270380928104,0.02532783973906135,0.08116646537463779,0.10492686569027805,0.00043558425670164,0.00168446267026331,0.0,0.4,0.8,7,2.3654450226517847,2.07013969021572
8,5,0.0708235998362591,0.0858392420340493,0.06993860835810248,0.014956427472968603,0.009066863702873641,0.10461125432661104,0.00048064105410278006,0.00166848114232305,0.0,0.4,0.8,9,2.3196118692599748,2.127544303648814
8,6,0.0708808545894159,0.09662426309941415,0.10125562753354722,0.03650143359699985,0.0020962433352688624,0.1055945431322947,0.00050598694350469,0.00193957298929368,0.0,0.4,0.8,11,2.400027717895827,2.6805496645551505
8,7,0.070841987141103,0.09654816035738883,0.10117723407093479,0.03648644894936436,0.0019108848655824866,0.1055945431322947,0.00050598694350469,0.00193957298929368,0.0,0.4,0.8,12,2.397568622252252,2.6750224786021635
8,8,0.07077177223683796,0.09643668808410485,0.10106326612364777,0.03644291763494416,0.001901863958083021,0.10552809208416539,0.00049787185165898,0.00191001152464518,0.0,0.4,0.8,13,2.3844776962546863,2.572688520301493
8,9,0.0692467549527109,0.09969603790256423,0.11455520631869322,0.04885833080910191,0.0022855986244736874,0.10849453809318832,0.00025964974619287,0.00098569123485772,0.0,0.4,0.8,15,2.425211008107701,2.823521243045433
8,10,0.06804824882291709,0.09715839735652029,0.11193967971189075,0.05445312853428867,0.006716820773319332,0.11793278519238456,0.00026068446202123,0.00122632286605013,0.0,0.4,0.8,16,2.445930382842706,2.7822359279654694
8,11,0.07634329005709324,0.09999191410087582,0.1045015626838441,0.07120080197107403,0.00943252280387999,0.545411810029786,0.00027776368246468003,0.01160809515256165,0.0,0.4,0.8,18,2.423614438814116,4.28887554420344
8,12,0.06734570948212966,0.1013567118762179,0.1263771837960084,0.07000524620751915,0.0016829102489619688,0.18057485891338632,0.00025328656018538,0.00105497148533827,0.0,0.4,0.8,21,2.40412142218347,2.6535851255669267
8,13,0.06687383401506804,0.08833691889168373,0.09272075722365196,0.06874040181280511,0.005644811460910562,0.10414079764494075,0.00035688846474887,0.00254320054552213,0.0,0.4,0.8,23,2.407810535094438,2.577946147613776
8,15,0.06370462986800304,0.09224359478519249,0.11695054772805605,0.08626937298188217,0.009405454936446971,0.12968611158459226,0.00066622416889743,0.00325197453317314,0.0,0.4,0.8,25,2.351005294451632,5.35858588866223
8,17,0.25295557142379993,0.2879841003393607,0.3329837524340935,0.3189123362075033,0.19754315266053277,0.2637349844229146,0.03265496715432717,0.22926714656441,0.0,0.4,0.8,31,2.308158458231643,26.719993275986337
8,21,0.1369629951849619,0.18600265196780147,0.2616836645860601,0.27543868595827453,0.08287087717098379,0.1993638448801598,0.01405911742261958,0.09639943477583736,0.0,0.4,0.8,46,2.33499811035584,12.225709086605354
8,22,0.3882401582577506,0.429417342724328,0.49469294381261975,0.5186748519252491,0.3461212961839603,0.30430211905194116,0.05313985469203517,0.3938592687806969,0.0,0.4,0.8,47,2.362286139095678,59.50370625394737
8,23,0.1337752927207887,0.17390309537019547,0.23912038433388386,0.27799176294466665,0.08499070109637835,0.20322459394492567,0.014443808200092159,0.096375473033698,0.0,0.4,0.8,49,2.3884609805974453,11.487640381458114
8,29,0.5428550914033449,0.6321260446919235,0.80973269014126,1.020753798709006,0.5029781295166598,0.12689585937748765,1.0,0.12737246136789696,0.0,0.4,0.8,107,2.384578925130586,12.777764256672592
9,0,0.9627242757053422,0.9785074557424338,0.9778969632164433,0.17416222062819897,0.0,0.0,0.0,0.0,0.0,0.4,0.8,1,6.174923571623331,26.07748315525044
9,1,0.44910638619268356,0.5940053477273692,0.5824649519549943,0.1025311302112606,0.3969196554292995,0.10212849781063411,6.192554403813e-05,0.00020563358807214002,0.0,0.4,0.8,3,3.6431162582087233,10.22018751865216
9,2,0.09968063216983546,0.14054260058331647,0.12620845499896657,0.0184628942891285,0.47531052776125005,0.11716510773385555,0.00036013947609254,0.00119590023512323,0.0,0.4,0.8,5,2.0915842087948526,1.6809836635396265
9,3,0.08101086805913957,0.11089109027999705,0.10581700319275726,0.01791229747343065,0.038251554329190786,0.11918953635789824,0.00051387230682138,0.00170639447588104,0.0,0.4,0.8,7,2.106710224740259,2.4179920963751447
9,4,0.07979829535897186,0.10862712515977346,0.10349033334345158,0.021572796996845955,0.0037922793559449592,0.11900066445000272,0.00049598948769865,0.00164701173943246,0.0,0.4,0.8,9,2.0928015747681763,2.255084837276936
9,5,0.07979510543131568,0.11406597876667787,0.11919954332101348,0.027287531459261678,0.0015222369323231566,0.11900066445000271,0.00049598948769866,0.00164701173943246,0.0,0.4,0.8,11,2.0931531933580443,2.255548982003244
9,6,0.07800299754892118,0.11129415876555467,0.11636946121077761,0.036150771575369695,0.0022111537022484673,0.11887962169589165,0.00026188651925875,0.0008673403576115899,0.0,0.4,0.8,14,2.1142405055572104,2.47390532841151
9,7,0.07786000930712822,0.10557244690144013,0.10036895409888139,0.04346956029239782,0.0013962121304012076,0.12440953084728923,0.00026898434732441,0.0008720389730692199,0.0,0.4,0.8,15,2.243952178705827,2.5120002665905488
9,8,0.07610852430340485,0.11308602219080818,0.12832761715345747,0.03790815245527726,0.007806799972318728,0.15513117869593168,0.00026290959606704997,0.00089211815680456,0.0,0.4,0.8,16,2.186749169991037,2.5174445827351946
9,9,0.07515278395997264,0.10580949041280681,0.11072843766376421,0.03999431870461937,0.004560420180444337,0.14472524304928697,0.00026178561922222,0.0008788723960959499,0.0,0.4,0.8,17,2.161737397557308,2.4999961498692684
9,10,0.07512563465553355,0.10576055879482958,0.11067862009991303,0.04416440722730882,0.000896687569995039,0.12498479202636056,0.00026173868025857,0.00087401912446207,0.0,0.4,0.8,18,2.1606010616848272,2.4991402756821643
9,11,0.08677997965570233,0.12676110175637378,0.15212928563337796,0.07167690473382834,0.016319007503958694,0.12275784343063852,0.0027187342541333498,0.01628573641091607,0.0,0.4,0.8,21,2.1402554415955817,2.466556024898039
9,12,0.07257524690534797,0.111709751554535,0.13702810330852502,0.0700849343292015,0.004404090716187624,0.12437648331962481,0.00026674884902013,0.0008792640746855899,0.0,0.4,0.8,22,2.146309777385332,2.531279496777236
9,13,0.07243723526400013,0.11144051292441925,0.13675136153968032,0.07003322254208214,0.0013696279472144406,0.12451600964813347,0.00026472104656487,0.00088187178438397,0.0,0.4,0.8,23,2.138186817475587,2.5337579939403527
9,14,0.07243648647182185,0.1114389199057272,0.13674975029299688,0.07284693344222848,0.000814656340129459,0.12455187820654028,0.00026473364511946,0.0008819512516440199,0.0,0.4,0.8,24,2.138658569746936,2.534226898064597
9,15,0.07238946084000981,0.11678922012549015,0.15236794299691328,0.07763130227831393,0.0010168414707031402,0.12444041796178833,0.00026628337469363,0.0008853449595344501,0.0,0.4,0.8,25,2.141389435011238,2.534951083475316
9,16,0.07214401023051259,0.11632337155186957,0.15188921737171185,0.10063075513761081,0.001271191947766849,0.1213309044993887,0.00026276768840784,0.00087244709098545,0.0,0.4,0.8,27,2.1472581358357634,2.345207104792526
9,17,0.07263500862412964,0.11654542240871388,0.15209545147439896,0.12107413545200742,0.0019593215340882398,0.12570172499517474,0.00100550683036162,0.00147071078655327,0.0,0.4,0.8,30,2.2091538602591885,2.47682814357172
9,18,0.07000505529683906,0.11130626970390789,0.14670435418482752,0.10503545253582962,0.012735476214554299,0.1192749755043248,0.0024483917532780097,0.00089047296981133,0.0,0.4,0.8,31,2.24754345584086,2.500646077281901
9,19,0.14755707692841813,0.17808772595342415,0.20290830197919066,0.1957095776399413,0.09213633500316543,0.11812785842813797,0.0058476084407668005,0.10296950376026404,0.0,0.4,0.8,34,2.131498399738299,7.156657437829549
9,20,0.1616500984704582,0.19596756203505616,0.23096413563185156,0.21653100252833687,0.10391320902497055,0.11799273971712472,0.0070337383239095705,0.12208216212494054,0.0,0.4,0.8,36,2.0908210857478324,7.184559299713468
9,21,0.13649512291876809,0.176087064100364,0.22134449396762995,0.22131899222147125,0.07561229361967131,0.12401540426786568,0.00901446085697996,0.08986155037972957,0.0,0.4,0.8,42,2.1184890877423013,7.039760362968481
9,22,0.13677193635217977,0.17628462956799001,0.22153779887222885,0.24010109380852593,0.07593306570750147,0.12402078791151967,0.00899665012970942,0.09031576988857933,0.0,0.4,0.8,46,2.1163213933921403,7.032383273752224
9,23,0.08661437453589563,0.13779950197774724,0.2136006798485283,0.2143970648672801,0.03987553105579009,0.11732865257370313,0.00353197801188355,0.03611967717811196,0.0,0.4,0.8,48,2.193421410847876,5.107370612622668
9,24,0.09929609934398366,0.14961565361623402,0.22536844970869258,0.24406827934334283,0.044540387224408104,0.11499506068173238,0.00511872612228514,0.05223418213859954,0.0,0.4,0.8,53,2.2417604278488064,5.971557636305587
9,25,0.09928929200515042,0.1387002570420666,0.19391090127378705,0.22480598457151427,0.043925081598452216,0.11511099627467984,0.0051313923872478,0.05224263309476275,0.0,0.4,0.8,54,2.242541432991819,5.97629809906986
9,26,0.0986286957995629,0.15433597486358178,0.2403560532484288,0.2712612081616141,0.04323202995650456,0.10578379744664715,0.00437288721005084,0.05184228210700683,0.0,0.4,0.8,71,2.021986650699997,2.9844444225508964
9,27,0.05571742550050496,0.1201574815034731,0.22659789564394173,0.2716356190627242,0.006786391111817501,0.10705525893344503,0.0017875003123560302,0.00210909954974879,0.0,0.4,0.8,73,2.308528986145516,2.0993731150973955
9,28,0.05501111913940045,0.12430584961859115,0.2409843465304408,0.3095376897687358,0.0026593747997444655,0.10705422043007722,0.0016134655704717698,0.00202094478040956,0.0,0.4,0.8,79,2.3012240131587536,2.095658266824051
9,29,0.054834942043161174,0.12923348820551323,0.2561636873965099,0.3241314258616982,0.0030934036307841166,0.10682130826073441,0.0020131108475066597,0.00200606509620774,0.0,0.4,0.8,81,2.303935861535403,2.118877935728615
9,30,0.06025767313528665,0.15204992232524175,0.31982009147279133,0.4191125621401393,0.012921926117308039,0.12135608520376129,0.0052630243148610294,0.01235055084569573,0.0,0.4,0.8,98,2.2204801796217857,1.6713810693550166
9,31,0.059227149010078875,0.1559320203778132,0.3339433374839858,0.4476705966041278,0.01198774132893447,0.12093465368010756,0.00527592996027745,0.01167823327193827,0.0,0.4,0.8,102,2.224074514336838,1.7236278025118403
9,32,0.05844988201913638,0.15384714795270205,0.3317868112918848,0.4554415565895033,0.013620262822785632,0.12144591395443334,0.00473169918050503,0.01250032026217637,0.0,0.4,0.8,105,2.2192194299167114,1.6758197305577318
9,33,0.05781618158158362,0.152711600478194,0.3306237427139196,0.4624746989911212,0.013714575838471944,0.12064851698523545,0.00490239987623364,0.012204580498380909,0.0,0.4,0.8,106,2.203963913331907,1.657075087871184
9,34,0.05852309150278053,0.16428374526024486,0.36273593747281785,0.49645348951832635,0.01267527623072966,0.12300985181577269,0.00531308242404493,0.012910904022728851,0.0,0.4,0.8,110,2.206794006609862,1.714580241680806
9,35,0.05792597176708038,0.1688475433929623,0.3775548671858091,0.5041368182123851,0.0121586475153144,0.11880103152432656,0.005148490583227109,0.01257504168066414,0.0,0.4,0.8,112,2.242968134719104,1.713715831385752
9,36,0.058543843206438975,0.185617675608974,0.4251267619187846,0.5617926312089272,0.012919573535816714,0.11962170846542912,0.00590615528868455,0.01317920466451506,0.0,0.4,0.8,120,2.244942895680083,1.7217119249164317
9,37,0.05807517896254281,0.18973152799657866,0.439463909759175,0.5815634313152814,0.014089879784351458,0.11960415381685965,0.00584156240843625,0.01361899642756792,0.0,0.4,0.8,124,2.257266656006995,1.737233669923082
9,38,0.05807517898154042,0.19517636347840206,0.45517955919973685,0.6014431874531561,0.01323192518935302,0.11960415381685965,0.00584156240843625,0.01361899642756792,0.0,0.4,0.8,126,2.257266656143844,1.737233669043328
9,39,0.05673570374036481,0.24300652191057984,0.5954542965448056,0.8235675296727829,0.011749397515337576,0.12032416923920557,0.00514100043534175,0.01210357691856745,0.0,0.4,0.8,187,2.222480497218686,1.7807964421299791
10,0,0.865574073937037,0.9193968940776115,0.9171070326103361,0.16258653149131036,0.0,0.0,0.0,0.0,0.0,0.4,0.8,1,8.59259456742152,26.069322268479095
10,1,0.3839040624603785,0.5272232304891158,0.5137852483392763,0.08945787361566195,0.4048431693769055,0.09403024566853256,5.963308956764e-05,0.00021409051370122,0.0,0.4,0.8,3,5.259055510567106,10.229465316122042
10,2,0.05649931410943318,0.05756750282665113,0.0408708595325429,0.0023573304071292257,0.4923666547212198,0.10776013184044919,0.00039099897270414004,0.00140373694419988,0.0,0.4,0.8,5,2.879262080066503,1.720543196819063
10,3,0.05024314164272717,0.03984626282570101,0.012544083313561365,0.0027998854075054476,0.008885219767331545,0.10076016373253882,0.00033303157467452,0.0008146741264695599,0.0,0.4,0.8,8,2.808726127398064,1.7536084539173094
10,4,0.050153891278895336,0.039662320171942204,0.012354987082674226,0.006383209008334751,0.0011642142709923518,0.10076016373253882,0.00033303157467452,0.0008146741264695599,0.0,0.4,0.8,9,2.8060646708404504,1.7545966963981996
10,5,0.0493389491389035,0.04343282724847786,0.026348846407240042,0.007765608682471073,0.00421622882983169,0.10050552149932815,0.00033439757469831,0.00080497475395457,0.0,0.4,0.8,10,2.8105949093077105,1.807178841739204
10,6,0.04773415018959292,0.03507471646251588,0.007647618913561368,0.02086894052297898,0.002177011928120278,0.09860563852858596,0.00017004508634179,0.00043090526232469,0.0,0.4,0.8,13,3.075637633455796,2.102190266557728
10,7,0.045744938921777334,0.03093224114606768,0.003387659432662237,0.02212343633585687,0.008903223657674058,0.09927151228809253,0.0001693351730198,0.00042208757461057,0.0,0.4,0.8,14,2.9868863325120447,2.0152689521583773
10,8,0.044591316744197106,0.02836476538585697,0.0007431937599496861,0.028445868558218887,0.006132532272151581,0.1067073473741322,0.00020359148962523,0.00058326679690651,0.0,0.4,0.8,15,2.890641066732122,1.6999146902745854
10,9,0.04452095941735762,0.028195265666009165,0.000568308679013096,0.030646258206113608,0.0009593359652640889,0.10853605985226034,0.0002206765450255,0.0006000475762536199,0.0,0.4,0.8,16,2.943956826588879,1.6836167117828418
10,10,0.044224553386589024,0.033179396626847935,0.015814145688686408,0.028221169909110933,0.001071764917953282,0.10082278006435604,0.00018725571604218,0.00043426869703414,0.0,0.4,0.8,17,2.978017788365728,1.9964062816455628
10,11,0.040452646686451856,0.030577768413206592,0.02325172467396824,0.04573715942746664,0.0033175552511810077,0.09999192826284233,0.00049463345590678,0.00040061884164399,0.0,0.4,0.8,23,3.074619638991993,2.012245284363761
10,12,0.040452646686451856,0.030577768413206592,0.02325172467396824,0.05064751022872884,0.0005184880485370037,0.09999192826284233,0.00049463345590678,0.00040061884164399,0.0,0.4,0.8,25,3.0746196389919924,2.012245284363761
10,13,0.03988859627752937,0.029369234263309466,0.022008462375256267,0.05287626134582171,0.0030492123829540738,0.10249373929737052,0.00050134542585123,0.00041280408960517003,0.0,0.4,0.8,26,3.053895108088976,1.9043575275294788
10,14,0.038752288409419584,0.03682051609497514,0.04987754498687449,0.06595572221030896,0.010402028810900034,0.10312749471009093,0.00231594078909047,0.00063981015382185,0.0,0.4,0.8,27,3.027236972556512,1.918618501573432
10,15,0.03687338436156462,0.03896286937464956,0.062214545772046985,0.1038793486637522,0.0014248071777317609,0.10945913234948398,0.00035501090924639,0.0008370373999292699,0.0,0.4,0.8,36,3.1198066865958047,2.099459330361843
10,16,0.03685139142165628,0.04435818390413282,0.07787887547247316,0.11260543390246865,0.0008669325926493412,0.1095233352227768,0.00035996048520794,0.0008372573624884701,0.0,0.4,0.8,38,3.1188223790180607,2.0982208404510443
10,17,0.036725925409848176,0.04409286941335749,0.07760614898292487,0.11825443453065373,0.0013507591266515508,0.10915337664508536,0.00032721258368072003,0.0008497450963865999,0.0,0.4,0.8,39,3.102461420911709,2.166813921876117
10,18,0.037877822220252766,0.048393451005472335,0.0920554073275439,0.1267079149693542,0.012836104299354877,0.108596955971519,0.00143064080986128,0.00424143125672486,0.0,0.4,0.8,40,3.052098261011853,2.511771596285173
10,19,0.03769331325632812,0.05344015947879817,0.10736145092595648,0.13559687937857484,0.004375166143560554,0.108596955971519,0.00143064080986127,0.00424143125672487,0.0,0.4,0.8,42,3.019674782569052,2.662476031364838
10,20,0.03710047720039678,0.05216192939421796,0.10604698066117273,0.13842639019909375,0.006596879056529786,0.10831156749554831,0.00143051007435738,0.00424012188775885,0.0,0.4,0.8,43,3.0021776109462484,2.607601537953234
10,21,0.035948724368954986,0.04245931252536453,0.08590964593060756,0.1418636786427821,0.01737791836647688,0.10604018041474468,0.00245791132142192,0.00561484625571071,0.0,0.4,0.8,44,2.9488985926133204,2.58294796643744
10,22,0.03589287292292804,0.04233768106867767,0.08578449636707954,0.14486069690780917,0.0057243675998582795,0.10604018041474468,0.00245791132142192,0.00561484625571071,0.0,0.4,0.8,45,2.969223272749234,2.52771658357802
10,23,0.03443648307740629,0.040528760825740424,0.08395694259486491,0.15290879095091164,0.004989888644479436,0.10842813590002551,0.0020898378821096,0.0043529708333983,0.0,0.4,0.8,47,3.169850800778192,2.331742014429055
10,24,0.03336160169394961,0.03718973915455132,0.0804994679874755,0.1654616431795377,0.013774044771227428,0.1066748982325417,0.0024269483197492,0.0052325245442888,0.0,0.4,0.8,48,3.1301758664619888,2.3524546448815578
10,25,0.03291730788687855,0.036214513720328564,0.07949622740573178,0.16841065690478718,0.007172212066673874,0.10642784035007302,0.00242555286704848,0.00523486682851822,0.0,0.4,0.8,49,3.079234733418785,2.414041929403357
10,26,0.032881246214672144,0.03603049486707091,0.07930480099921339,0.16530579220670372,0.005808656223714678,0.10638958808140017,0.00231857687740089,0.00539834268879719,0.0,0.4,0.8,50,3.048380818319794,2.4477797449450005
10,27,0.03304153065194377,0.04155371050912009,0.09509426738681724,0.16864489393976503,0.005796455181637505,0.10699888220506729,0.0026773638232840302,0.00550510423129828,0.0,0.4,0.8,51,3.0217801712046257,2.542348002544851
10,28,0.032719783720673815,0.03535965488619868,0.07860728473629287,0.19050533868096653,0.006316439371544351,0.10588520073110581,0.00253064139333819,0.00562396473576712,0.0,0.4,0.8,53,3.0328071799687675,2.452133225251317
10,29,0.032565361021513445,0.040280509496064675,0.09377970491537181,0.19052522834339325,0.0061303947862812345,0.10593385734373024,0.0025415984916652397,0.00581052696886697,0.0,0.4,0.8,56,3.086927184147052,2.4273274396619327
10,30,0.03131499366866758,0.04938691520642625,0.12339935227908183,0.1930928731051805,0.005888816904859796,0.12094011004864628,0.00295813311881368,0.00460423963885624,0.0,0.4,0.8,58,2.986880645958269,2.755044960942951
10,31,0.03077780825906852,0.04818060115646239,0.12215807333938727,0.20564537571445074,0.005510862268415358,0.12120810688828457,0.0029020570022429302,0.0046520479829232995,0.0,0.4,0.8,62,2.954039602782744,3.0203991814255287
10,32,0.029826584093462,0.051520813645952256,0.13570922328189094,0.21531315420970482,0.007047552602712328,0.12120810688828457,0.00290205700224292,0.0046520479829232995,0.0,0.4,0.8,64,2.982461465828599,2.981738282988801
10,33,0.029098807029185554,0.052379616453739876,0.1466391446622958,0.21637411749233057,0.014561220407842168,0.11342771521157642,0.00690320057767372,0.0056940135324451,0.0,0.4,0.8,66,3.14804401862892,2.824078596754335
10,34,0.02799150478401897,0.06149736956924314,0.17626396393262272,0.300225017370725,0.006969700872292796,0.12272914534178525,0.00468255220626021,0.0060903094414672,0.0,0.4,0.8,77,3.030528233345284,2.851977746385338
10,35,0.028402696571936354,0.07187704626956433,0.20713771125424463,0.36001771064420934,0.008129969203290604,0.12142780198738416,0.00450284575861111,0.0076246946343295095,0.0,0.4,0.8,92,3.070191651460493,2.7910731466402154
10,36,0.03195566782311517,0.07423743380991114,0.2094368105114292,0.3686668794987585,0.016850770670896433,0.11581128263797665,0.007864013428788801,0.01158415419432946,0.0,0.4,0.8,93,2.994731865222516,3.721028555231948
10,37,0.03419314948693691,0.08128497860337376,0.2267223039235493,0.39898067291481715,0.015630071027181357,0.11845395885488556,0.00712960030314406,0.01538354314558173,0.0,0.4,0.8,98,3.0273526946826976,3.6283029261480113
10,38,0.032835437756508545,0.07875147381295919,0.22412876090973105,0.4063701497396222,0.019101252116019013,0.11984521656412357,0.00687608281320289,0.01498624647438473,0.0,0.4,0.8,99,3.021221904108467,3.6045806591665737
10,39,0.03274112305355817,0.08398168282010621,0.23962360837709237,0.41687161607959317,0.0149631228276137,0.11984524790726363,0.00687608550899505,0.0149877695164687,0.0,0.4,0.8,101,3.001270476625021,3.6182139964472095
10,44,0.027090021867593357,0.07871927925602484,0.24437517251506902,0.4825150645533329,0.013414050643755341,0.11526710097631232,0.00580831212537044,0.01343068105439699,0.0,0.4,0.8,128,3.111866954168741,2.6539867302520777
10,45,0.026190371825139905,0.07649653988536528,0.2420854407332829,0.482182178459492,0.015618739053295822,0.10528166456009987,0.00559253270863528,0.013697704083445039,0.0,0.4,0.8,130,3.126113558467863,2.6442844855307657
10,46,0.02647070160523217,0.08631013417070686,0.2723719673226484,0.48831003498092523,0.019479151772086693,0.12085681646637896,0.00511080390472816,0.01559749544840007,0.0,0.4,0.8,131,3.019797682942811,2.2967078910377787
10,47,0.026066587529932676,0.1162637430141075,0.3638335626953442,0.6603018947577035,0.0161601177247169,0.12298121333910184,0.00693294123127236,0.01639421254202974,0.0,0.4,0.8,162,3.0653378194389544,2.3158875614263925
11,0,0.9245945818180217,0.9558630682365765,0.9546090652408311,0.16972773379343387,0.0,0.0,0.0,0.0,0.0,0.4,0.8,1,7.1060813347577,26.177629591710303
11,1,0.4218785325278055,0.5668408853706884,0.5545284932578848,0.09722013272833262,0.40160240833516764,0.101732715057084,6.006979649277e-05,0.00021972489627826,0.0,0.4,0.8,3,4.315705517488787,10.23008168118552
11,2,0.37871311587316564,0.5213052161993923,0.5075841235289268,0.09395493487227999,0.10651285349827413,0.16535953694370606,0.00039070160882524003,0.00511203158255041,0.0,0.4,0.8,4,4.3449282124061614,12.245789691477242
11,3,0.054162778560931005,0.05243198038398357,0.035579056263167604,0.0016437022002137281,0.9746003635944084,0.11776884480066936,0.0004941590821767201,0.0018075482091788001,0.0,0.4,0.8,5,2.746584505220234,2.3801962128420007
11,4,0.05415235147492615,0.05785538081401391,0.051272391564550164,0.016487339473038938,0.001665637910403211,0.11776884480066936,0.0004941590821767201,0.0018075482091788001,0.0,0.4,0.8,7,2.7458135658924405,2.378709065619471
11,5,0.0541350522405799,0.06327023526534327,0.06695731059444177,0.04418515450095225,0.0016444114865772877,0.11792474150835217,0.00048940315570641,0.0018036054828331999,0.0,0.4,0.8,16,2.745903579587756,2.359802675201513
11,6,0.05412457516120315,0.06869911031485254,0.08265643498090272,0.051332425746497226,0.0016439679938997328,0.11789829247696226,0.00048800654415049,0.0017976463035940498,0.0,0.4,0.8,18,2.7441364231822205,2.345498488954566
11,7,0.05366786271842849,0.07317615976980547,0.09737563426508385,0.05759877322405352,0.0037280262719662552,0.11799700071732773,0.0004995384996497999,0.0018321104055376701,0.0,0.4,0.8,19,2.7904726487330302,2.4510817556408404
11,8,0.05505894795948543,0.07380106426108936,0.09795779753100974,0.05564795948189458,0.006876203630450115,0.12088123916822813,0.00136170487932263,0.00405357078189423,0.0,0.4,0.8,20,2.6822934943707017,1.952950226135233
11,9,0.0514220518248131,0.0748970773243692,0.10928515091111803,0.06654975270084237,0.0022583586936495365,0.11861551560635739,0.00025009041186818996,0.0009085091269315599,0.0,0.4,0.8,22,2.717320774472096,2.341117345430344
11,10,0.06096490347108659,0.08985029184997242,0.13450720744174813,0.0867712621103093,0.010472636670700756,0.11929619309456192,0.00026192759600102004,0.012872392159628099,0.0,0.4,0.8,24,2.695555198913334,2.362514121260837
11,11,0.052009952641562815,0.0727776551144736,0.10701656443559468,0.07732046548843893,0.014666683098865794,0.12141160946474008,0.0014070448660815,0.00425188527676991,0.0,0.4,0.8,25,2.72571141463699,2.345742513344275
11,12,0.04643503541716617,0.07002440267664152,0.11438991236035448,0.09883823601172136,0.0034367313710926307,0.11744899450644583,0.00027317887028157,0.00089724880592806,0.0,0.4,0.8,29,2.7333386160898243,2.3192507264866618
11,13,0.045388800750205335,0.07321225923716208,0.1277824238416595,0.09845108248413122,0.003293188695180074,0.1178508102067746,0.00036854597834704,0.00093474353573603,0.0,0.4,0.8,31,2.7645409234591622,2.526625835456645
11,14,0.0700703811398553,0.10840167245305096,0.18349227664225815,0.14492007339710322,0.026304240646836344,0.11752402426781602,0.00101918992081634,0.03189903545682391,0.0,0.4,0.8,35,2.713415113235468,2.4620301564247
11,15,0.04121367937730028,0.06899058259165736,0.13353389327683313,0.13266503503622243,0.00671075556801419,0.33687023836967755,0.00073886367259053,0.0017461879070200799,0.0,0.4,0.8,39,2.862978968818272,3.123229890988921
11,16,0.039551562692153715,0.06574174233414626,0.13019974351155297,0.15651432512088226,0.002326207277952687,0.11942688155397727,0.0007071413499413601,0.00144964036235962,0.0,0.4,0.8,46,2.8455118772547365,5.160749332184618
11,17,0.03972747233221588,0.06553864152626906,0.12997653804450499,0.1725839227347309,0.0034285048705003955,0.38845793840633774,0.0008388512976453299,0.00202345194468647,0.0,0.4,0.8,47,2.87539644539696,3.0759573668400075
11,18,0.039745449339225566,0.07100033244376383,0.1457089632290195,0.1886063778521522,0.0019757404702981595,0.3914832315325421,0.00084932280878991,0.00204198563557614,0.0,0.4,0.8,49,2.8770326246544315,3.078072626214769
11,19,0.038512635717166954,0.08466019686010844,0.1901032334143483,0.20753235148513155,0.004810626190395224,0.39027712310524976,0.0009376674139712699,0.0020465246612355803,0.0,0.4,0.8,51,2.834521638375985,3.1042471153528437
11,20,0.03733413808426635,0.07103517889715924,0.1558543222052237,0.21372861058987538,0.003703352481837086,0.4319550322756899,0.0009619855663748801,0.00226578716841495,0.0,0.4,0.8,55,2.8592894051179942,3.0735426686734195
11,21,0.03729822009373573,0.09234408528054207,0.21822255689611927,0.27085127180053753,0.0026691419741195176,0.4285464799800793,0.00134418363079671,0.0025031470345639,0.0,0.4,0.8,68,2.975345052510288,3.579022430160482
11,22,0.03879925248490582,0.07301502215769795,0.16784375434581839,0.2771516067808819,0.016549024903133203,0.16467240257334118,0.01738371945787717,0.00120306407880163,0.0,0.4,0.8,70,2.869668734928269,3.351135463601792
11,23,0.038554218907355754,0.08339683410564071,0.19875289415695332,0.2986615166608856,0.008146087423288878,0.1654785704293195,0.01737789166295422,0.00117972689804509,0.0,0.4,0.8,74,2.8549088138644096,3.1828120588146818
11,24,0.06348839766313391,0.1021894545765829,0.20723849905620692,0.32314844141207943,0.033864203861694926,0.10316001212673145,0.00629675246898456,0.03862827628830109,0.0,0.4,0.8,80,3.015697918846906,2.419327657718239
11,25,0.054070520350587986,0.09527853318177865,0.21044401304806973,0.3301917633573833,0.03765229156435168,0.36835104204234065,0.00454143645528833,0.03083093435335099,0.0,0.4,0.8,81,2.967231810899699,3.072688416882379
11,26,0.04852284589414542,0.09493849776787872,0.22036256118907455,0.33563675970495765,0.022031791105286826,0.383831456366734,0.00352255429509893,0.02465430208418888,0.0,0.4,0.8,82,2.9092363181462484,3.088886109742665
11,27,0.03785496817269687,0.0836618405664463,0.20905376732126948,0.3322065254613762,0.013277582963612358,0.36320482886441774,0.00539786546609011,0.011017634331286639,0.0,0.4,0.8,83,2.953454189185552,3.089451713731608
11,28,0.03722365152739338,0.08230388643566129,0.2076582977198075,0.34928998547644996,0.011634438150868376,0.35678264661049947,0.0054381911362271305,0.01096519172251418,0.0,0.4,0.8,87,2.9936432998012528,3.0776976540747043
11,29,0.05086363425182733,0.14429814090961718,0.3620542190496214,0.5205403901721426,0.02521107499749865,0.13553612279288627,0.00270766396324051,0.030054373169156202,0.0,0.4,0.8,116,2.8265637283886265,3.319360829880724
11,30,0.03596450538851021,0.11224401224761943,0.2991453784336404,0.47422555448315085,0.011525931702332159,0.4561275916074631,0.00558731249705632,0.010840172755501771,0.0,0.4,0.8,121,2.9071030601331027,3.1870403225481825
11,31,0.03519025664241086,0.10976325684677718,0.29657645562544327,0.4742467382962752,0.01795557487736683,0.5423360053109808,0.0057856672448493495,0.0115293083478507,0.0,0.4,0.8,122,2.919459326881062,3.185410343976059
11,32,0.03519025557424678,0.10976325613029167,0.29657645490895773,0.4815698466675238,0.011538078746572927,0.5423360053109849,0.00578566545042166,0.011529308349457649,0.0,0.4,0.8,123,2.9194593180872994,3.1854103439759798
11,33,0.035776839436000796,0.1100915348601314,0.296891289631188,0.4859376980576668,0.013305533801967754,0.5423354534708452,0.007832748804837749,0.01150370967294645,0.0,0.4,0.8,124,2.8859645009015686,3.185400912727232
11,34,0.027112289515227136,0.11766719650406138,0.3352742082981483,0.5385114893218805,0.0038534060317135534,0.12986874691949865,0.0015559454698966901,0.00390790585642233,0.0,0.4,0.8,131,2.978762291999092,3.8046050057897065
11,35,0.02718288260462912,0.11768401586315837,0.33528821999612013,0.542335177055233,0.004613061981940622,0.1298411743215398,0.00185942562840559,0.0038993199223019298,0.0,0.4,0.8,132,2.9884647752176927,3.7991627043231815
11,36,0.02647537167345542,0.10501540006452172,0.30202302499007816,0.5607630404516608,0.005575787270847678,0.13142643637985948,0.005172629384904421,0.0024522892460107698,0.0,0.4,0.8,134,2.990817275782192,3.231729623215814
11,37,0.025673479657092532,0.10877983358598318,0.31601246183513393,0.5715485712132581,0.004764760402824826,0.13226339642340693,0.00484998399290475,0.00250457535000708,0.0,0.4,0.8,138,3.0016188760079503,3.332769348204612
11,38,0.024151881996892277,0.1123125364754074,0.32979595605008655,0.5813902000172484,0.0031035283913811657,0.13162524824320726,0.00162340198910962,0.0026118964978696798,0.0,0.4,0.8,142,3.0528478576936298,3.5347069713322727
11,39,0.024461916639647023,0.1167295253940672,0.3444146716351913,0.5987117260215638,0.006623596952266136,0.1316115880928146,0.00507277708625824,0.0026255323233262103,0.0,0.4,0.8,144,3.0366951911465505,3.5331191192033726
11,40,0.024360611761847447,0.11647856368873707,0.34415615444139935,0.6151196032435211,0.004288078566407073,0.13347054453514448,0.00507038224198946,0.00265075430193291,0.0,0.4,0.8,148,3.012315010712042,3.4628948551178658
11,41,0.02254070145923238,0.11951968541511843,0.3574378889578753,0.6249365941363954,0.0038867294989474743,0.13193108762395409,0.0015993330194089901,0.00269827231307027,0.0,0.4,0.8,150,2.994886599609801,3.528572220778338
11,42,0.02156392823714473,0.12299835741688571,0.3711365818262564,0.6371509448494779,0.004439121533922628,0.13170474623932385,0.00183251961173078,0.00235139225820408,0.0,0.4,0.8,152,3.131096816572112,3.493231395928241
11,43,0.022962642006829542,0.11748912082935634,0.35528227691656145,0.6475184556839115,0.006267644793653295,0.13511466301278324,0.005100130972175021,0.00392358543346287,0.0,0.4,0.8,157,3.091316726170988,3.7327818977495766
11,44,0.041242361595802766,0.1518521843990609,0.4204441018369264,0.8154372096573083,0.02368342748033597,0.1341779328388334,0.018518617390122772,0.02031353955531087,0.0,0.4,0.8,194,3.0525366973954675,3.0286388568873845
12,0,0.9098869476911815,0.9469414341212792,0.9454339503720102,0.16798088830982366,0.0,0.0,0.0,0.0,0.0,0.4,0.8,1,7.475273642769775,26.196453617231192
12,1,0.41772910654419937,0.5626132833605708,0.5501812429357824,0.09637783639701553,0.39672502867724685,0.0882349587285593,6.105076012693001e-05,0.00019712019860818002,0.0,0.4,0.8,3,4.428968652524716,10.291699613324544
12,2,0.41771831409261595,0.562602316589886,0.5501700438696946,0.09877407923048988,0.00020536488773963103,0.0882349587285593,6.105076012693001e-05,0.00019712019860818002,0.0,0.4,0.8,4,4.432791161667044,10.297580591641092
12,3,0.1424423767589685,0.2091609155292265,0.1866711517192896,0.02994302130221282,0.73085977603306,0.0985344431959695,0.00024420304050774,0.0007884807944327201,0.0,0.4,0.8,5,2.643358225287629,2.5126603701182164
12,4,0.11549421558580378,0.16800333823518243,0.15442270339718497,0.03054215634302253,0.10088189775626488,0.1033922143173045,0.00068404825072655,0.00220864943795032,0.0,0.4,0.8,6,2.2681658457957163,4.919505713187558
12,5,0.078343864728267,0.1005177312169492,0.085038054988313,0.014288376049497977,0.139227357483851,0.10181146949141376,0.00046555248820045,0.00150317209393954,0.0,0.4,0.8,7,2.146518040536902,2.0617800470617897
12,6,0.07804740261718159,0.09991047330784102,0.08441241851883437,0.01763470767880661,0.0021000029831167483,0.10194347710315066,0.00047966826863768,0.00154874901120493,0.0,0.4,0.8,9,2.133205334407253,2.1726288194848804
12,7,0.07798852484642262,0.10524993922387652,0.10001983838275157,0.024986272419560807,0.0015234836848921297,0.10191882921440645,0.00047698712705819996,0.00154009216304212,0.0,0.4,0.8,11,2.132238553120643,2.1512328900894446
12,8,0.07481255363072503,0.09979234404734877,0.09442723806240415,0.035670039914746376,0.003984997081786021,0.10173882323538438,0.00024145449051302,0.00077619863160191,0.0,0.4,0.8,14,2.164828709879972,2.141953693899024
12,9,0.07311984092922248,0.09650889598228511,0.09105043306831799,0.041629894576949274,0.007519721173143574,0.1018058181132091,0.00025053105727761003,0.00078425105749451,0.0,0.4,0.8,15,2.1848263755988238,2.128597503651975
12,10,0.07307370791792746,0.10188661778595494,0.10669714736942681,0.0627630884191514,0.0007490602863814574,0.1016057249138604,0.00024590780078688,0.0007570890334915299,0.0,0.4,0.8,17,2.211703633721252,1.9671346860925425
12,11,0.07283982614690196,0.10688777259888246,0.12195669456632141,0.05275591006749197,0.0015859980161072504,0.10142243020992144,0.00023483644494215,0.0007493004738670301,0.0,0.4,0.8,18,2.182841758317959,1.9668755138977807
12,12,0.07161558310286134,0.09903091576557607,0.10375983600506233,0.0676941463826216,0.005779152546266228,0.12184223702456758,0.00024623036039255,0.00078867971503671,0.0,0.4,0.8,19,2.192732261189573,1.969579796183172
12,13,0.07107779781145034,0.10340902628559492,0.11837762568805213,0.06750186763453586,0.0018713450235316141,0.11872860097501296,0.00025381578562980997,0.0008106957123119001,0.0,0.4,0.8,21,2.1823491447121723,2.084973647331489
12,14,0.07122441840289219,0.10844614031689054,0.13365297064889864,0.07074407254563454,0.001949510792897732,0.10194287716602604,0.00062731009940377,0.0015364459634583,0.0,0.4,0.8,26,2.1304758803939845,2.2367851404519565
12,15,0.06801386823875501,0.10745802108879514,0.14274836889468762,0.08009901782014725,0.0084116199822996,0.10202315594177105,0.0023907210766776097,0.0008371711731099201,0.0,0.4,0.8,28,2.1490861277551496,2.3305539753606226
12,16,0.06634508943151737,0.10442762634803146,0.13963975087532812,0.08719736152095088,0.003254976207072555,0.10206331430615104,0.00066605600179925,0.00136313519445097,0.0,0.4,0.8,31,2.1465876082192046,2.3240350138791923
12,17,0.06602707799067652,0.10378308127106524,0.13897631496593696,0.09808517378135308,0.002734328359802263,0.10374767589100815,0.00066882699550526,0.00138148400861545,0.0,0.4,0.8,32,2.170575367738506,2.357320910431418
12,18,0.06565887618456362,0.10858046608507108,0.15402846468912165,0.10311090014819793,0.002454531574425355,0.10194626080732816,0.00061706959653973,0.00130382753217163,0.0,0.4,0.8,33,2.1498583633810857,2.323089955140464
12,19,0.06581020767985683,0.10281975703822507,0.13797029718898818,0.13596037583474913,0.002566148120215125,0.10186652747363245,0.00057436683722976,0.00210968021214752,0.0,0.4,0.8,36,2.326259490431733,2.6319775427917245
12,20,0.06330628453534672,0.09772182045021242,0.1327240799469805,0.13819753271857174,0.012797925494776548,0.11159565631479935,0.0004403407556268,0.0023257624035797,0.0,0.4,0.8,37,2.0754831201103,2.587280813471405
12,21,0.06247988369032277,0.09617378442172182,0.13113488296800266,0.13467189254288572,0.0034239078082665833,0.10893834733584502,0.00049213766286209,0.00217101281350066,0.0,0.4,0.8,39,2.113379596230714,2.3634520680528874
12,22,0.06145503476888674,0.09400667085788546,0.12890298568766742,0.1437588366445865,0.0029266980188696282,0.10275555986018717,0.0009224672361209,0.00209873185811114,0.0,0.4,0.8,44,2.2269297001721178,2.662262583421467
12,23,0.06230144270859606,0.09842130433516466,0.14348213556808226,0.14573069046530146,0.006630135239753743,0.11007073816274855,0.00186521608973181,0.00500588277042276,0.0,0.4,0.8,47,2.356420484354866,2.4936436228988343
12,24,0.06303117664355717,0.09904399036966838,0.14409873490977657,0.1618724029933081,0.008384555698477477,0.11174503937895011,0.00193427620748719,0.00601577906617548,0.0,0.4,0.8,48,2.2806002745643656,2.721750417559877
12,25,0.06248790260354808,0.11435593755995545,0.19019562810353702,0.20933251123011476,0.006006417279234564,0.1138299914575412,0.00399467464051286,0.00489440908492185,0.0,0.4,0.8,52,2.341370401930582,2.4539859966675186
12,26,0.05965016171004631,0.11140461395256807,0.18723814255713364,0.2165913186485193,0.0030185821958219525,0.10521083806396485,0.00114119093204192,0.00291301992872172,0.0,0.4,0.8,54,2.189403077685105,2.428116922461053
12,27,0.0575141608756699,0.09626352303109732,0.15143712783118285,0.19631301249565236,0.01133363897120326,0.10660395770265255,0.00087622459288059,0.00295436039366102,0.0,0.4,0.8,55,2.21538753854479,2.5196581267333835
12,28,0.05752923302497231,0.11253691630415431,0.19851801509115477,0.2661959064438285,0.0028307775196806566,0.10861389589036137,0.0008875994348051501,0.0030596305063809,0.0,0.4,0.8,66,2.244250964262021,2.902826328672978
12,29,0.057257067099106856,0.11670701843348019,0.2129025774488185,0.2695634010749548,0.004178356130627124,0.10768517521641155,0.00125072095627704,0.00375009941920623,0.0,0.4,0.8,72,2.3147401752774384,3.0298289210823244
12,30,0.05849531259897289,0.12326808911815791,0.22972752379826217,0.2779821238055333,0.005020729701599905,0.1104174981474163,0.00156382078729994,0.0052881449572027,0.0,0.4,0.8,75,2.403695444984235,3.099131566503156
12,31,0.05495010455916897,0.10783239488040394,0.19369473574680643,0.26823742813344437,0.006321339251929599,0.10466189682052482,0.00086893971796151,0.0024066636359772998,0.0,0.4,0.8,76,2.266134390595804,3.123024966438196
12,32,0.05138633219948389,0.11575104422782725,0.23215666406142665,0.29840205875319675,0.009801213822375593,0.10679896030084393,0.00138296227069906,0.0034394644642805603,0.0,0.4,0.8,79,2.3155741145017514,3.100131660312913
12,33,0.050737000021942306,0.1252960048774001,0.26220481286764147,0.3261789224336668,0.003706603915617303,0.10682661618838352,0.00138172487863,0.00344035136474864,0.0,0.4,0.8,86,2.3243330805630285,3.1000073800875616
12,34,0.0507012280002883,0.12522023379393393,0.2621267942993248,0.32963929380157037,0.003488545323132309,0.10680094773721267,0.00138380181012439,0.0034411814001317,0.0,0.4,0.8,87,2.3249338269479503,3.100289890642965
12,35,0.05062406034452588,0.12506828747002616,0.2619708561637744,0.3405353835480445,0.003313017758497878,0.1070097271470555,0.00137662329575619,0.00343533251995213,0.0,0.4,0.8,100,2.3263736841593547,3.0973349755935438
12,36,0.05051708585493013,0.1411855904412377,0.30889384055162744,0.42343206739423483,0.0033214255803481517,0.107077648230271,0.00140914364324829,0.0034138445188741802,0.0,0.4,0.8,120,2.322303966357401,3.096376586936353
12,37,1.2469004986834404,1.369892392716735,1.5992053814648288,1.7752215944353877,1.2000494758155333,0.114449018095759,1.0,1.0,0.0,0.4,0.8,147,2.311911457308676,3.0933954817422245
12,38,0.05798045595793436,0.1743845108264085,0.3933644475887587,0.6141581831027235,0.016682580519750335,0.11451308593305373,0.00282376817827057,0.01376242429090547,0.0,0.4,0.8,148,2.3193889571403243,3.0710922187934524
12,39,0.0569143866739054,0.1720532162360999,0.3909642089728749,0.6094330433114525,0.012795950219045246,0.11756223806243571,0.00292135885167423,0.013838220093571491,0.0,0.4,0.8,157,2.2984229221525725,3.484933690483966
13,0,0.9129245590691735,0.9487924920823239,0.9473377916068821,0.1683430930099705,0.0,0.0,0.0,0.0,0.0,0.4,0.8,1,7.395373234323186,26.173513824687458
13,1,0.41956164614128216,0.5644833999616427,0.5521042157226458,0.09675403265115343,0.3967311181233497,0.08805139844695874,6.008007194983e-05,0.00021312068312083002,0.0,0.4,0.8,3,4.37146851112441,10.259461252761623
13,2,0.0959473633207306,0.1329303024249894,0.11835161834526962,0.017772370993607976,0.45473787745649497,0.10301734483631453,0.00064552086691137,0.00228984160071886,0.0,0.4,0.8,5,2.5508190873097565,4.513756107589337
13,3,0.06982541462838644,0.08387908310099332,0.06792264886819568,0.011146816393131476,0.05152920946171225,0.10174960118701286,0.00047400787157956994,0.0016814374237109201,0.0,0.4,0.8,7,2.343121246398579,2.189134624246372
13,4,0.06982541462838644,0.08932391858281673,0.08363829830875755,0.017807933940838995,0.0015348499853177274,0.10174960118701286,0.00047400787157956994,0.0016814374237109201,0.0,0.4,0.8,9,2.343121246398578,2.1891346242463725
13,5,0.06971240631511465,0.08910242308729252,0.08341039735354835,0.02720453859370229,0.00199120910660178,0.10174960130011357,0.00047400788383197996,0.00168143746717363,0.0,0.4,0.8,10,2.340815315946833,2.190500599002538
13,6,0.069712043490891,0.09999159552169194,0.11484057628839249,0.04255607629760688,0.0015351623328789601,0.10174960118701289,0.00047400787157956994,0.0016814374237109201,0.0,0.4,0.8,13,2.3408575127479123,2.1904405788839845
13,7,0.06883940570677795,0.08266440641606822,0.06669456463164358,0.040032595006416004,0.0009549269962375127,0.097439972178575,0.00030624738653178997,0.00083041231867033,0.0,0.4,0.8,16,2.330250772640904,1.854122297703256
13,8,0.0658678629217,0.07721120345079492,0.061098001782658895,0.03681360273252242,0.005591605714019272,0.09787322168207324,0.00017461249952811,0.00039143491108248996,0.0,0.4,0.8,18,2.3338276351495746,1.7948567833869638
13,9,0.06536644526204101,0.07621946249003084,0.06007789723126964,0.03883744753453718,0.0024322443042086345,0.09770463162958534,0.0001761091594889,0.00039224942583855995,0.0,0.4,0.8,19,2.336126829619869,1.7301284804013282
13,10,0.06408335252792079,0.07353824796195603,0.05731673449291907,0.04315538913422108,0.006350379781341341,0.096874565118986,0.0001968986479571,0.00056047353967847,0.0,0.4,0.8,20,2.324794726692585,1.8475146543483347
13,11,0.06398593129161516,0.07882051382412178,0.07286582833778481,0.050255449240253,0.0006306605387214305,0.09524765882687698,0.00018976523161166,0.00052470667158113,0.0,0.4,0.8,22,2.323208077234374,1.828763559769501
13,12,0.06338161925004114,0.07210270305149033,0.05583924410716453,0.05462255622159,0.0019591536178216935,0.09655483093694309,0.00028769837189311,0.0005683772368291499,0.0,0.4,0.8,24,2.291939923316132,1.8309008335400063
13,13,0.06320308299138545,0.07174008851079042,0.055466125261431874,0.05924432627308121,0.0013422460151179829,0.09662809384383726,0.00030980701326926996,0.0005672346385082199,0.0,0.4,0.8,25,2.3066370505811595,1.8184609834683985
13,14,0.0667334731561912,0.08420716306349489,0.0784042854519895,0.07148215795052912,0.0024676402698349943,0.09659301417364677,0.00058945957519792,0.00038360332254889,0.0,0.4,0.8,28,2.446827474701899,1.8071631069879115
13,15,0.06169260461058511,0.07971333360867204,0.08390031600314375,0.104737316435529,0.0004909259191405221,0.09784804522870932,0.00040297598003929003,0.00040276239320208003,0.0,0.4,0.8,34,2.304766707954788,1.8428233895574335
13,16,0.060481283068990005,0.08269551489182454,0.09708206060512167,0.11307648295010544,0.005688310933782897,0.0977993967204857,0.00046720699889419,0.00042159745243512003,0.0,0.4,0.8,35,2.309789708698889,1.8308384699100837
13,17,0.05519372364341498,0.09896880620408503,0.16438842060359,0.13168722234930405,0.008595333134539033,0.1005965010934615,0.00088890702439396,0.0005953313815126699,0.0,0.4,0.8,38,2.5204376646207574,1.8518783583856244
13,18,0.05519372424635428,0.10441364169381541,0.18010379007540672,0.14997930368152468,0.0008318949741905118,0.10059650097184669,0.00088890702065848,0.00059533139326412,0.0,0.4,0.8,40,2.5204376709127407,1.8518783619170245
13,19,0.05502651585409891,0.10416820984225189,0.17985384269190943,0.15579344406851517,0.0010969483977183512,0.09924241979537349,0.0008639252925154601,0.00050292072139733,0.0,0.4,0.8,41,2.5022764448774755,1.7443389066240944
13,20,0.05178111345667203,0.10285320315591856,0.18861480032523992,0.16730590240964474,0.01486376797060732,0.10059650097184669,0.00088890702065848,0.00059533139326412,0.0,0.4,0.8,42,2.5017219253049943,1.8394087042456968
13,21,0.05305334060032661,0.10950903123174599,0.20553816099387986,0.24012214682121,0.0021729107254523255,0.09898854736775636,0.00144467799573405,0.00198177204115745,0.0,0.4,0.8,68,2.448383522266121,2.2954851233460296
13,22,0.052972003714355925,0.10932752910117285,0.20535109589078943,0.24365310096648074,0.002380325021052576,0.0989161720349705,0.00146070071451192,0.00199155831905825,0.0,0.4,0.8,70,2.464948406406845,2.210139918952234
13,23,0.052257607604245006,0.11876186311492692,0.23528560100113127,0.25692476415305565,0.00364786765908674,0.09888573039132884,0.00144464589725002,0.00198203895169015,0.0,0.4,0.8,72,2.450381906531495,2.260471599515654
13,24,0.05130356724544327,0.1162991460937793,0.23273961700364945,0.29110312519341597,0.004142193598140977,0.10783624865351855,0.0012525991864596,0.00266231819459407,0.0,0.4,0.8,76,2.403991926567698,2.265505364967445
13,25,0.050536759534618864,0.11470336667355271,0.23109828402845756,0.28701154316487704,0.0037447981485802155,0.10819294517475797,0.0012650275421565598,0.00266821569518924,0.0,0.4,0.8,79,2.422498382109924,2.354217703276528
13,26,0.05053463538407528,0.12014388369900206,0.24680917565255514,0.31180592779578764,0.002649663233038665,0.10819294490222779,0.0012650274977596,0.0026682179506664497,0.0,0.4,0.8,80,2.42263094547684,2.353069972095577
13,27,0.04796196807827854,0.12058506040774924,0.2573880260962272,0.314048172366041,0.007162567337156681,0.10312124737170117,0.00130684425552774,0.00225455811807217,0.0,0.4,0.8,82,2.47451743804771,2.279811300472837
13,28,0.04567449621671371,0.11577310687523767,0.25243847382618306,0.3417951095699307,0.003781086767615834,0.1025405572310378,0.00170043844453707,0.0020936517516840997,0.0,0.4,0.8,89,2.4329814400156247,2.112919945116691
13,29,0.045600107413018835,0.12648372414350004,0.28368443670266275,0.37081941446281635,0.0024793493701053843,0.10240336561294786,0.00177702084548397,0.00208161903623255,0.0,0.4,0.8,93,2.441860009636348,2.1150396533005025
13,30,0.04588238696440763,0.12665436226145885,0.28384892666408407,0.4472219454386405,0.002780098425931199,0.09612989493354004,0.00165811696873511,0.00262106054552736,0.0,0.4,0.8,115,2.4903733061030984,2.1277570974577915
13,31,0.044307678368173835,0.1288728126035845,0.29624852764292475,0.4676156442249865,0.004851113238451672,0.09513130127105934,0.00180103447219027,0.0024551034321634,0.0,0.4,0.8,118,2.5301603758164566,2.2096046588260605
13,32,0.04339709157138754,0.1270622431064003,0.29438945343996215,0.4902198416411447,0.003290800562838065,0.092858562409383,0.0017879266552038298,0.00233738116069772,0.0,0.4,0.8,123,2.5374249649123883,2.2030588960935624
13,33,0.043096659051338054,0.12116416245931094,0.27821232935593854,0.48804747591189157,0.0027235509387561483,0.09295975140845064,0.0016337894554895298,0.00221137528689751,0.0,0.4,0.8,125,2.586237866100612,2.064130552836879
13,34,0.042714036885734545,0.1309351790694537,0.30848530440222777,0.5219808333500157,0.003274870713898596,0.09328189740150288,0.00163102718401303,0.00255915199879605,0.0,0.4,0.8,130,2.6092562731982087,1.9831781453615664
13,35,0.04216629842872826,0.12442615013941379,0.29167764665086143,0.5430217495397276,0.0032873668356574477,0.09233586526224027,0.00199617429297705,0.0022697131365740702,0.0,0.4,0.8,133,2.470147354243539,2.152755472850654
13,36,0.04223050447709231,0.12436952580953128,0.29161435955814574,0.5573630690292429,0.0029061594477939575,0.09245969505326353,0.00195717576336153,0.00250547890354436,0.0,0.4,0.8,137,2.551036612494028,1.9816033190978344
13,37,0.04161911328326023,0.12298640293239083,0.290190034606053,0.560705501857208,0.005869317604233575,0.0927883590591129,0.00194430639332533,0.00260665102646954,0.0,0.4,0.8,138,2.5507430183510897,2.0186671020679063
13,38,0.04158642354532234,0.1228903810192697,0.29009046046435,0.5713647841716607,0.0029690682103081273,0.092881700587038,0.00193946716663515,0.00263859012138813,0.0,0.4,0.8,141,2.537251786764493,1.9933483010305169
13,39,0.041130442463810944,0.13312104982627682,0.32085121478018236,0.5867053753513847,0.003402417131215063,0.09280276184353023,0.0019999354596190798,0.0022639840885771,0.0,0.4,0.8,142,2.543908089737387,2.020535541519989
13,40,0.041092554168375046,0.13299372040534982,0.3207191739879008,0.5975940007562632,0.0028277451168897735,0.0925443952878568,0.00193073933821403,0.00235086303518815,0.0,0.4,0.8,144,2.516153373458063,2.0182934488367037
13,41,0.04056163585027649,0.13180660518653614,0.3194969207134404,0.597401885005639,0.005255843230332776,0.09292159791128346,0.00221355733613416,0.00227295474002063,0.0,0.4,0.8,145,2.566258238004508,2.016316249124533
14,0,0.8564526385339155,0.9135984633227986,0.911143809895405,0.16145101206991722,0.0,0.0,0.0,0.0,0.0,0.4,0.8,1,8.841827667271374,26.282151349214185
14,1,0.39867155399299303,0.542881922088645,0.5298894787869979,0.09250357599157068,0.3826623346593889,0.09184004399885544,5.783830973418e-05,0.00018275735602195999,0.0,0.4,0.8,3,4.90741469887514,10.300388840665592
14,2,0.09534081228252946,0.13263590402820458,0.11807746109462003,0.016905349339434682,0.43073821453094624,0.10515345627948199,0.00037188702448452996,0.00117508775145794,0.0,0.4,0.8,5,1.928435397498138,1.6972689328233532
14,3,0.09486256805527665,0.13144714086287693,0.11684421471138394,0.02040122910146199,0.0030655392763552706,0.10652222735175484,0.00049832157693977,0.00157459535502963,0.0,0.4,0.8,7,1.788148501352711,2.6201551383615564
14,4,0.08720377412838698,0.11243295426007634,0.08719510447699831,0.01696721463936386,0.027200631220825944,0.0994227946189444,0.00032855810112798,0.00074167521403639,0.0,0.4,0.8,8,1.881273690054757,1.7554907637725752
14,5,0.08597111914741445,0.12117966976234137,0.11642736525196609,0.025316597095860448,0.0025473047246871356,0.09585856968747256,0.00028580998515027,0.00052529223863255,0.0,0.4,0.8,10,1.9479863388046776,2.0559172852194747
14,6,0.08466763881101855,0.11874914480961243,0.11392827205875232,0.032902422425334754,0.0030042949124777624,0.09627471365702356,0.00028963441528932,0.00050025495501776,0.0,0.4,0.8,12,2.000614427973874,2.118395389291786
14,7,0.0842353600629795,0.12323998264546589,0.12865823566105686,0.04748338374763315,0.0018206923399554198,0.09883226323112948,0.00032545150970046,0.00068021986103569,0.0,0.4,0.8,14,1.9535304705909575,1.914295187330509
14,8,0.08324144502420348,0.1211367767647489,0.1264878665375389,0.04598401579309012,0.0033661890335174474,0.10045397396991192,0.00039330804168036,0.00096792712954012,0.0,0.4,0.8,16,2.0587623233860373,3.8954900371137096
14,9,0.08223431362371235,0.11908524675738719,0.12437343596167486,0.05040241170709872,0.0033853461776567626,0.09996702751845736,0.00038325551566543,0.00117972752116616,0.0,0.4,0.8,18,2.077965530684923,13.466561990470982
14,10,0.07751342720964786,0.11061973316801009,0.11568401670190356,0.05510783934149863,0.01675908872339991,0.1002675491765713,0.00020833322726474,0.00053461989596333,0.0,0.4,0.8,19,2.173035745088051,3.4312875549598143
14,11,0.07622556452350801,0.10808557795026463,0.11307578495512952,0.06456363383213773,0.0059475846538981116,0.09506434718862372,0.00024146427230811,0.00060383565442458,0.0,0.4,0.8,20,2.261596126850308,5.061815727001922
14,12,0.07582305497797631,0.10707506903384441,0.11202932050364073,0.059788594168331176,0.003448243601934472,0.09621909246713936,0.00021316058481978,0.00093797116627483,0.0,0.4,0.8,21,2.408875227599224,12.415768918307732
14,13,0.07510387736394987,0.10556879613324066,0.11047665834065777,0.06967996606444746,0.004338778119705684,0.09405728829634888,0.00025534281557626,0.00107867700509299,0.0,0.4,0.8,22,2.529028046016579,17.799023218356165
14,14,0.07449667489720954,0.10988318094669777,0.12503096817199708,0.08267016915841732,0.0020393462508791873,0.10135873433745066,0.00025274151466459004,0.0010236367843575501,0.0,0.4,0.8,24,2.4791768101218894,7.54229616486155
14,15,0.07447617009513793,0.12072008926249138,0.15640692014851984,0.10746439767753631,0.001004015814600322,0.10184682996525238,0.00025354664609871,0.0010411933208821099,0.0,0.4,0.8,26,2.474702485176807,7.66700811205977
14,16,0.07322505673701238,0.11848286558187189,0.15411175545990452,0.09233846642224004,0.002841634079735298,0.09689856574537928,0.00023908065842902001,0.0008025017141253599,0.0,0.4,0.8,28,2.456344392549316,14.898344663579568
14,17,0.07439182129316387,0.12472594249275505,0.17060374521680108,0.09663659961222626,0.003081930297672273,0.10120381434538576,0.0001954281295032,0.00277362174421569,0.0,0.4,0.8,30,2.5044210935741766,16.24778270101361
14,18,0.07037227852061194,0.11319797379571714,0.14868451944312175,0.0943547416358127,0.009220142782006543,0.0980018722580698,0.00020407077371712999,0.00047367478172833006,0.0,0.4,0.8,31,2.4064926686594625,4.613867211126288
14,19,0.07027141323874714,0.11842873774756389,0.16417957341207917,0.12577541310971643,0.0006384069918150877,0.098411577180628,0.00021264148963769,0.00049217018965678,0.0,0.4,0.8,34,2.3533846143106283,4.483008098891148
14,20,0.07023604736054835,0.12382178365185305,0.17984228113505868,0.1194669674629559,0.0005298045396104206,0.0980018722580698,0.00020407077371712999,0.00047367478172833006,0.0,0.4,0.8,35,2.395674606054991,4.6019576909599005
14,21,0.0703533801897756,0.12220809355299794,0.17812797704633243,0.1632040669507359,0.003849388986603138,0.1016055971722127,0.00040352231828571003,0.00278383923391227,0.0,0.4,0.8,40,2.1970113215637044,3.171715934816916
14,22,0.06849588413768734,0.123862685426209,0.18994130150299574,0.17191165804330003,0.006588690933654586,0.10141000562411315,0.00041251514630875,0.00295851487015541,0.0,0.4,0.8,42,2.3260637635849557,4.42422318734169
14,23,0.0678393406669593,0.12264507250213944,0.18869121024920313,0.1258146321387991,0.004801633469716023,0.10097063843383629,0.00041589531196212996,0.00285778866939585,0.0,0.4,0.8,43,2.216652982897666,2.861972723252265
14,24,0.06549088298108707,0.1194028689229364,0.1853978604662894,0.16354384514035555,0.004750805673155089,0.10247298008420877,0.0011425464476533399,0.0007029819693208899,0.0,0.4,0.8,44,2.496552254613313,3.3416977926802667
14,25,0.06472557525357839,0.11267386368935012,0.1683683409291387,0.17237526758482205,0.002946684133698674,0.10584382923230648,0.00058685389611053,0.00068622823382137,0.0,0.4,0.8,45,2.546320738700651,4.629291657739928
14,26,0.06249585238788184,0.10803665051160972,0.16359361548533893,0.16815754487065807,0.010976801633794898,0.10377384809926633,0.0006360305254041,0.0009188639466185999,0.0,0.4,0.8,46,2.5122203063426105,4.686246228790407
14,27,0.06394280272588593,0.12010424567090282,0.19618689676922482,0.19884396712585364,0.0030780384252843745,0.10202427815243864,0.00095979785547438,0.0029038003824599897,0.0,0.4,0.8,49,2.338835718962943,2.528555854234903
14,28,0.06228712546684888,0.12196520990509219,0.20820892076343603,0.2080269163609476,0.006952303437569028,0.10281534767907344,0.00132328472419681,0.00305991194224022,0.0,0.4,0.8,51,2.5236191817743903,3.441224607776235
14,29,0.059077459100578406,0.11544824640149244,0.20150576945632376,0.23607652325789083,0.006409742383315161,0.10386822459613994,0.00085980783396617,0.003351207550382,0.0,0.4,0.8,55,2.5688655804053653,4.957865090955043
14,30,0.8572319698060962,0.9350084000657373,1.0621274192212138,1.13120492858421,0.8015912426065858,0.2795381112846338,0.0038594945264260098,1.0,0.0,0.4,0.8,87,2.3501519009403453,4.207581716373781
14,31,0.06010788625927236,0.14200628116812472,0.27932170309268534,0.3774067248854426,0.006089082314632465,0.15814413344845513,0.0005708295438947,0.006845345939842739,0.0,0.4,0.8,101,2.6685729496140462,17.27108744449855
14,32,0.8538056638307538,0.9554535033316711,1.1337381438789074,1.2614273347538028,0.8019044819696106,1.0,0.0033918745703003504,1.0,0.0,0.4,0.8,116,2.46514195270002,3025.8908551212908
14,33,0.853781809619533,0.955415790898222,1.1336999121706794,1.276057493019198,0.8013597062282126,1.0,0.00336488957951647,1.0,0.0,0.4,0.8,120,2.463334687608325,3015.453689991627
14,34,0.8519598326887461,0.9467236558854831,1.1146578018479703,1.2740615988128743,0.806630975071631,1.0,0.00221054013709158,1.0,0.0,0.4,0.8,121,2.5702499356914017,3058.9984646732723
14,35,0.8516986750542836,0.9673009912471613,1.176265582651758,1.3102197964846445,0.8021454101094357,1.0,0.0037883045637721303,1.0,0.0,0.4,0.8,127,2.469042249795575,50371.59515691407
14,36,0.8517320035988912,0.9726773081159443,1.1919066155612028,1.3475934351316647,0.8017039661077802,1.0,0.004113420567851861,1.0,0.0,0.4,0.8,134,2.698702058618605,49978.980734959725
14,37,0.8515709040812263,0.9936332525204764,1.2539087924857737,1.4121841799198538,0.802441100302956,1.0,0.00527309238577129,1.0,0.0,0.4,0.8,142,2.4716229316687683,49156.61666616617
14,38,0.8520117304729437,0.9992263028525943,1.2697561774809756,1.4397403456079014,0.8029428718024239,0.5621879042143324,0.007063909396788399,1.0,0.0,0.4,0.8,152,2.7764909419218355,25.424818329949904
14,39,0.8517050956815803,0.9986206337763587,1.2691339538628799,1.4521357412381901,0.803397950371911,0.5571943686271272,0.00699992596607537,1.0,0.0,0.4,0.8,154,2.7466524196536395,22.889893431672807
14,40,0.8514479650488362,1.0035151312002148,1.2842830044627447,1.4559212123379182,0.803991156202332,0.5622638388579342,0.0070456069303796495,1.0,0.0,0.4,0.8,155,2.7602585357942675,23.907449842881988
14,41,1.2466411567415205,1.4346915512663299,1.787236581167023,2.0205783430494835,1.2002724422442577,0.5924154607207159,1.0,1.0,0.0,0.4,0.8,186,2.752372348900922,25.13094934001617
15,0,0.934300204829946,0.9616924053451376,0.9606042052941118,0.17086930277302484,0.0,0.0,0.0,0.0,0.0,0.4,0.8,1,6.9130820485883095,26.03249779163571
15,1,0.4233925839048466,0.5683779162795025,0.5561094586565694,0.0975148222564433,0.40601400543891514,0.09039197049594871,6.227182694110999e-05,0.00020909622377366,0.0,0.4,0.8,3,4.320063358135842,10.181529779736486
15,2,0.13400962442165382,0.1951537562485511,0.17226491343052347,0.02723238082501914,0.38626730882870514,0.10094323849127548,0.00024908730776445,0.00083638489509466,0.0,0.4,0.8,5,2.902350787575436,2.475098009494066
15,3,0.06195714456414781,0.0683363488761477,0.051939378591400465,0.00807584918920164,0.13865780179812742,0.10440931915846552,0.00048641501050721,0.0016332834104910098,0.0,0.4,0.8,7,2.579365452722836,2.1677566666898813
15,4,0.060719946276254044,0.06116154378729624,0.03446593323298632,0.0069504990617183,0.0027875262423812195,0.09850278492464679,0.00034713919373977,0.0007715208602597,0.0,0.4,0.8,8,2.578748543104607,1.7518069664918468
15,5,0.0603411692230861,0.06622687370125384,0.049801892714498475,0.034029697690287415,0.00037853557331765604,0.09850278492464676,0.00017357457260977,0.00038579054690422997,0.0,0.4,0.8,14,2.574926431086395,1.751825423935835
15,6,0.05942315333307556,0.06983036196111413,0.06362362572668258,0.040409131602263566,0.002278355537616012,0.0982694423014012,0.00017508187308762,0.00038554389706446,0.0,0.4,0.8,16,2.5992531884542496,1.858656034758496
15,7,0.05977049548744703,0.07014988090379365,0.06394152793850823,0.027550443375177078,0.0008677614076633578,0.09835085625954956,0.00034907007936846,0.00076732160501417,0.0,0.4,0.8,17,2.590240648488063,1.7850110571538758
15,8,0.059260399043190144,0.07494795013271555,0.0790026097827958,0.04731446848911974,0.0009400032145925915,0.0983032760885756,0.00017547535483638,0.00038588028717081,0.0,0.4,0.8,18,2.610883960032683,1.8239278729839947
15,9,0.05750578658081916,0.0659594293133353,0.05964241049141186,0.05457774789765343,0.007720173703377512,0.09913929337544468,0.00018510101747891,0.00039424913519947,0.0,0.4,0.8,19,2.6351299603255254,1.901774074383463
15,10,0.05725436928314206,0.0708898792375546,0.07482860685615311,0.06191522446721535,0.000933667114163932,0.09925952891536813,0.00018707856022599,0.00040163813022251003,0.0,0.4,0.8,21,2.6183960178243826,1.902466965572274
15,11,0.0553431655346406,0.06676679472890833,0.0705814473093025,0.08045023708274851,0.005146528115869402,0.0992218504816892,0.00074603933825832,0.00042884000888389004,0.0,0.4,0.8,23,2.7650965862219974,1.8716128991941652
15,12,0.05508162246354419,0.0664869160358333,0.0703003891341929,0.06378912912383222,0.00042247541303930156,0.09917446266775284,0.00019303490280587,0.00040056562614942004,0.0,0.4,0.8,26,2.696815907386968,1.8948959500587377
15,13,0.05505258305419254,0.07187163167178835,0.08595423820006393,0.08271661915794584,0.0004623723335241749,0.09918867456515049,0.00019361467383223,0.00040176870570044,0.0,0.4,0.8,28,2.6819306102244385,1.9020641442975288
15,14,0.05386577616596767,0.07489608395439759,0.09918023042369331,0.09615058847300421,0.005405883254298065,0.09896504044428564,0.00020561412227345,0.00040193742404744,0.0,0.4,0.8,29,2.728813694914692,1.9373181326358029
15,15,0.05593716436150163,0.05964094218470058,0.06302785607300751,0.09640336293275044,0.02148201232660783,0.10820268845904872,0.00635762799564427,0.00753724248377224,0.0,0.4,0.8,31,2.648086794749022,2.6860718367637437
15,16,0.05510366406649836,0.058454021379373944,0.061821525671918905,0.09299864225364377,0.009482432607231677,0.10696748568333528,0.00635849532915454,0.006905782690305911,0.0,0.4,0.8,32,2.6757103147496384,2.7243946755826958
15,17,0.8476407326442965,0.8591668409605125,0.8829270797020606,0.9299848821165709,0.804655854714979,0.3086820417999789,0.00778295885622291,1.0,0.0,0.4,0.8,39,2.655897671448103,18.17248249420984
15,18,0.8480701638324913,0.8594423870478879,0.8831940707646102,0.9456501209235176,0.8042914042008458,0.2988591146563238,0.0092091732400243,1.0,0.0,0.4,0.8,40,2.659473847910274,16.512833518055636
15,19,0.8467821496248756,0.8571352892613763,0.8808315208643523,0.9359236171665424,0.8073534775497281,0.38873046739376643,0.00831998009657043,1.0,0.0,0.4,0.8,41,2.6586042702062205,30.61596732086358
15,20,0.8468323775097752,0.861992024992348,0.8959244653327026,0.9610030824223421,0.8042743798374715,0.49405036444310657,0.00989965611216701,1.0,0.0,0.4,0.8,49,2.6469132192456497,71.25680419560858
15,21,0.8542205637200071,0.8742179288145003,0.9084145727263361,0.9971525471914833,0.8089336347292542,1.0,0.017235216806762748,1.0,0.0,0.4,0.8,51,2.66986268366601,4.037379791852655
15,22,0.8546144531963973,0.8801511628908683,0.9246235917701859,1.0073829254410291,0.8072669876424915,1.0,0.017999679922569508,1.0,0.0,0.4,0.8,53,2.671130670673385,4.069506863248271
15,23,0.8553627076564408,0.8890196520914277,0.943909884622226,1.0232309284233512,0.808679324611616,1.0,0.013593100332488488,1.0,0.0,0.4,0.8,55,2.7526459985516563,4.004819876541066
15,24,0.8492288311457994,0.8659313428712851,0.8999476809419715,1.0159412702968462,0.8107555151004656,1.0,0.012368228036179641,1.0,0.0,0.4,0.8,56,2.624350911807121,4.040794774913645
15,25,0.8487912001063647,0.8694670407034594,0.9136740818607785,1.0368591919080223,0.808421989414926,1.0,0.01463530295734879,1.0,0.0,0.4,0.8,59,2.613329391326938,5.461274656492853
15,26,1.2417095871740584,1.2664765759747965,1.3208808715023634,1.4202086308053716,1.20411412152665,1.0,1.0,1.0,0.0,0.4,0.8,60,2.655845505036928,4.2557082566966615
15,27,0.8452065938925425,0.8764583233580846,0.9511666627184509,1.1384752278919335,0.8076868883895545,1.0,0.01859364146102195,1.0,0.0,0.4,0.8,76,2.758274963910861,4.425465469127309
15,28,0.8428255637023454,0.8719477086196189,0.9465422814073936,1.1622189352261358,0.82133355412858,1.0,0.01733092939244759,1.0,0.0,0.4,0.8,77,2.971667745045264,4.405507624432366
15,29,0.859941393665856,0.902007037402466,0.9872752399998053,1.145198501501685,0.8347281600297058,1.0,0.04339464437536371,1.0,0.0,0.4,0.8,78,2.747454747866022,5.356000893658206
15,30,0.8390612110472444,0.8801983441008084,0.9853754918862622,1.1807767593015308,0.8072995318064333,1.0,0.0172851553545279,1.0,0.0,0.4,0.8,89,2.7066117156462397,3.9593473387625786
15,31,0.8390595631412257,0.8856335843100107,1.0010810496758977,1.213618319715329,0.8069491199608387,1.0,0.01729772307525771,1.0,0.0,0.4,0.8,90,2.707289131529436,3.962100461556029
15,32,0.8396785425523787,0.89224904257485,1.0179963823763083,1.2073497141746394,0.8077712496115669,1.0,0.017659551161277428,1.0,0.0,0.4,0.8,92,2.708266413638456,3.930856978947975
15,33,0.8392032199572278,0.885624255747771,1.001063616897159,1.2425613559984483,0.8074619092727566,1.0,0.0179855801322502,1.0,0.0,0.4,0.8,94,2.719822344876348,3.973580145846874
15,34,0.8394710754406935,0.8859579269438748,1.0014007015006399,1.314605653043991,0.8077424197110542,1.0,0.01851401784887191,1.0,0.0,0.4,0.8,107,2.7993465833413405,3.912402427940373
15,35,0.8368403624127709,0.8979819999453845,1.0441480496576154,1.3121981289200308,0.8064907327368419,1.0,0.01552724928105922,1.0,0.0,0.4,0.8,111,2.830167664090495,3.82144913528464
15,36,0.8392109436505784,0.9062711342042421,1.0627328548072321,1.3499671761438319,0.808209279719187,1.0,0.02044422667869909,1.0,0.0,0.4,0.8,116,2.768746053303019,4.164171999434966
15,37,0.8401557355610925,0.9136386663184953,1.0804224632316357,1.3664855781865057,0.8090943358634002,1.0,0.02071471311286878,1.0,0.0,0.4,0.8,117,2.7676647303941837,4.134620792404584
15,38,0.8359135251760212,0.9052636071469433,1.0718300679012955,1.3248032398519083,0.8142209203612987,1.0,0.0188845860623938,1.0,0.0,0.4,0.8,118,2.781095371135132,4.040642401358684
15,39,0.8365504467040603,0.8944603439271889,1.0404567606007367,1.3134726317642884,0.8103429237131046,1.0,0.02163334787914591,1.0,0.0,0.4,0.8,119,2.800819970942352,4.132059980506292
15,40,0.8362594373564444,0.8887146323815909,1.0244402622154178,1.3168477270084589,0.8086024246336984,1.0,0.02092602178160343,1.0,0.0,0.4,0.8,121,2.793176992112606,4.133134513293354
15,41,0.8363741776021579,0.8996596426327772,1.0559231251970616,1.3329520019088168,0.8087529318014639,1.0,0.02133770845161127,1.0,0.0,0.4,0.8,123,2.797552811572362,4.131204928449702
15,42,0.8357876993983767,0.9104620059956426,1.0872928137853204,1.3867491348826702,0.8077380986629894,1.0,0.0188234795415126,1.0,0.0,0.4,0.8,124,2.8275596122622915,4.014954236315634
15,43,0.8453351713650634,0.9728204826536428,1.2323052242518002,1.6277368134943218,0.8091479399977294,1.0,0.022822004450058157,1.0,0.0,0.4,0.8,175,2.977667120742389,4.414849808862724
15,44,0.8466997122515416,0.9871563711935973,1.2672936951751856,1.6494530041314281,0.8091045490991843,1.0,0.02164347443491374,1.0,0.0,0.4,0.8,179,3.015391049306521,4.360330399822092
16,0,0.9150102204299231,0.9500609818915353,0.9486422028294212,0.16859176176929522,0.0,0.0,0.0,0.0,0.0,0.4,0.8,1,7.346771701120233,26.11256677295729
16,1,0.41264319018807594,0.5573970100475993,0.5448155868442588,0.09538858864283732,0.4054040113739695,0.09570208574832748,6.096444628761e-05,0.00024732974165729,0.0,0.4,0.8,3,4.573569883695867,10.191798041060888
16,2,0.06706100059239484,0.07859252971294195,0.062490187572697004,0.006556807786403076,0.501981950221142,0.10940045107277234,0.00037903953487401,0.00153774463555381,0.0,0.4,0.8,5,2.788448218530101,1.6826460472423697
16,3,0.05926428106922082,0.05697866154790157,0.03012877245250221,0.003506495180082758,0.019313016095121142,0.11119990423411208,0.0005486800165885499,0.00222596767491563,0.0,0.4,0.8,7,2.7786760250162144,2.9183322926723982
16,4,0.05367580163262584,0.046872954605817405,0.01977007865672178,0.004187061651489546,0.019165805584533558,0.10181157638449478,0.00033976335971265,0.00082914916286486,0.0,0.4,0.8,8,2.736323846860467,1.7523054502663806
16,5,0.053195467486896096,0.05132140578026769,0.034460499714729816,0.009340383481714025,0.001857495862986561,0.10145419693639046,0.00034225750141607,0.00084650819241462,0.0,0.4,0.8,10,2.7276724526683225,1.8481718108571727
16,6,0.05134290123755654,0.04793395621658887,0.030987831927474674,0.02634540873276008,0.001970775919313727,0.10342663368375819,0.00017523892749083,0.00044351632472233,0.0,0.4,0.8,14,2.791104499457244,1.7765709825573006
16,7,0.05065516122738858,0.05193489533614562,0.04521750187639627,0.03440844078578069,0.0019727493545925244,0.10260230813951232,0.00018209191273064,0.00047630754878214996,0.0,0.4,0.8,16,2.766086199998723,1.828992331711671
16,8,0.0592735556591374,0.059346779508829745,0.052562759941842965,0.07707812123116853,0.011419633790600838,0.12505989819626676,0.00280090241050056,0.01136266852206948,0.0,0.4,0.8,20,2.8382930656227825,3.7111324653223696
16,9,0.05298176334189812,0.04915553351506253,0.04215752871005192,0.07541922128110513,0.023085311849984188,0.12519039204973853,0.0019387213750757099,0.00846909260932245,0.0,0.4,0.8,21,2.8846076845647595,3.5132724141856517
16,10,0.05300696846890702,0.04917957858517691,0.042181581727041666,0.07270919775157472,0.007579659382445216,0.12143124164028962,0.0014349838679053,0.008753302444443691,0.0,0.4,0.8,22,2.8225398960516856,4.184247409079656
16,11,0.052713680249762446,0.054041063691959865,0.057297882125699987,0.08041459021487521,0.008700886351309474,0.12519039204973853,0.0019387213750757099,0.00846909260932245,0.0,0.4,0.8,23,2.8637817771477234,3.5380432645440507
16,12,0.04605096795594407,0.057698342826052705,0.08146516697295648,0.07989570835562261,0.003666850492273498,0.10697973176420461,0.00045278431094642,0.0015384713142335298,0.0,0.4,0.8,24,2.8788964227853766,1.9564061693524015
16,13,0.04677915683774413,0.04743690268560162,0.05065719563832453,0.08614801209521096,0.002627829132210457,0.10489543606998411,0.0012585054813884998,0.00216058966274706,0.0,0.4,0.8,25,2.8690165230748117,1.8779077204021235
16,14,0.0459330989535574,0.05101762788990155,0.06445323762908042,0.0886180173999593,0.006341375798015585,0.10382087852507207,0.00115674399945916,0.00231936199427813,0.0,0.4,0.8,26,2.9623611202242186,2.088714210613339
16,15,0.04210844541985199,0.04320117521990473,0.05642059532770937,0.09237753859718245,0.017783551931915467,0.10516185052526236,0.00130355124471451,0.00197826549574747,0.0,0.4,0.8,27,2.9655769993706005,1.8101007275168397
16,16,0.04094786773120295,0.05818359665456464,0.10220450258107351,0.1384153321188677,0.0013027668951276414,0.10362084654979853,0.00044501365010854996,0.00117146895220892,0.0,0.4,0.8,31,3.0813051543918943,1.9297651354386596
16,17,0.04023719894945088,0.056599797178674534,0.10057371954478998,0.14420538393477203,0.004600000592022033,0.10342799051374181,0.00053593968217902,0.00121394981417908,0.0,0.4,0.8,32,2.9623571530309785,1.9665438165427855
16,18,0.0383527632334872,0.05804588554783163,0.11217727432092127,0.1585166590373642,0.005285318318155091,0.1029509831917216,0.00055740142633782,0.00118947311310649,0.0,0.4,0.8,34,3.071294004386514,1.947413510356173
16,19,0.03833345192864534,0.05800577821085369,0.11213606485938557,0.1585081655778224,0.0012544765827491391,0.10292050071035623,0.0005587439010670199,0.00118768584621601,0.0,0.4,0.8,35,3.0793357600613644,1.9452558348110576
16,20,0.036873954064672754,0.0436753319754333,0.07715860832704866,0.1489969655216623,0.009129828591850853,0.10702858538011135,0.0008321070296611501,0.00140135834970181,0.0,0.4,0.8,36,3.024554495737,1.8341528667037188
16,21,0.03456859932733039,0.04966121726466203,0.10354779879099595,0.166123465694149,0.004743941633445524,0.11321105757655461,0.00068183101312506,0.0014162902678247998,0.0,0.4,0.8,39,2.9738081839829333,2.061005760595123
16,22,0.03452575143481091,0.04957289035665362,0.10345714237217701,0.16308230781361013,0.0015771827470096303,0.1129816566255258,0.00068291195095718,0.0014112701989225,0.0,0.4,0.8,40,2.9773010438521,2.042232691354779
16,23,0.03399951660778997,0.04857415021672433,0.10243307181839593,0.1688332066079537,0.002190646879833884,0.11838210575853805,0.00066354112020943,0.0012723230677209,0.0,0.4,0.8,42,2.9789151767365736,1.9693177888626616
16,24,0.03574676438055176,0.07037512784865207,0.16522557909255653,0.24685642826898876,0.006164240724038388,0.11253400310206303,0.00159912277023859,0.00483922536523604,0.0,0.4,0.8,46,3.144045729186905,1.9444439669588296
16,25,0.03414627155268979,0.06708760308196898,0.16184959315938754,0.24608010500728425,0.010787758014866707,0.11285328528281158,0.00172347339712253,0.00457123288606483,0.0,0.4,0.8,47,3.1473743244419223,1.9645072704514044
16,26,0.033458261514549406,0.06602319175570197,0.16076534825957586,0.24882109021649876,0.004693891928131655,0.11176267370638734,0.00165401571973563,0.0041444810621008,0.0,0.4,0.8,49,3.1400501131023923,1.8924819544005165
16,27,0.034540721740452765,0.07223783699048171,0.17723406174029638,0.2573687011825413,0.006513981038883936,0.11279380098883326,0.0015936908559642201,0.00585826164329551,0.0,0.4,0.8,50,3.1528291286215397,2.005029317536473
16,28,0.03164907625512229,0.07385108615012896,0.18906865707252227,0.2621602394665734,0.004416317050043806,0.10807766146601057,0.00143385700900641,0.0033144251703168897,0.0,0.4,0.8,53,3.0855234749215223,1.6408005625074418
16,29,0.030997465928280232,0.06744051700427232,0.17237101763071008,0.2536086221914712,0.0032354570510535136,0.10810300560880974,0.00130657612297821,0.00289391612332501,0.0,0.4,0.8,56,3.100410081090991,1.6654344174383502
16,30,0.029462617346611732,0.0687520567350927,0.18381772864269813,0.28049923568485957,0.00839321198152726,0.11128773285617397,0.0014050070106186902,0.0036400163266830897,0.0,0.4,0.8,58,3.168937163133576,1.8062010420397467
16,31,0.029603131158685,0.0684774507995066,0.18352151979903045,0.2808354110725874,0.005525099973882802,0.11273477786377609,0.0016758129564281102,0.00411077087369602,0.0,0.4,0.8,59,3.1872775714177037,1.907176877756804
16,32,0.02828705800749713,0.06563886420140745,0.18060382653367288,0.2802328412553771,0.009636523854723687,0.11308486792795344,0.00168855695154972,0.0040318842012363205,0.0,0.4,0.8,60,3.2391957419220048,1.8797129652326283
16,33,0.02564190208408177,0.05861582244366543,0.1733550642010216,0.2991064065065495,0.005736538692955805,0.10949173336118397,0.00208894435344753,0.00498778556440816,0.0,0.4,0.8,78,3.198395911426973,1.959456203873009
16,34,0.02558322044748693,0.06790058069079301,0.2031020067034998,0.3244932329895007,0.00716293037217903,0.11150659090680348,0.00310031080589434,0.00596455766265463,0.0,0.4,0.8,83,3.180335452547821,2.014118376420577
16,35,0.02598923383482273,0.07363835280532414,0.21910449252445174,0.3535827491175898,0.006648909894894414,0.11503860127770738,0.00314191507565103,0.00656477911468938,0.0,0.4,0.8,86,3.152168978515742,2.073107618902306
16,36,0.024811396723259257,0.06120519213708905,0.1861112251244182,0.3625932499154544,0.0063027068778926144,0.11005597545644681,0.0025139854592492903,0.0057725127054875005,0.0,0.4,0.8,88,3.3146407180010504,2.1319285971212394
16,37,0.025322728462224522,0.0780036518716587,0.2337190619938996,0.40366862252061664,0.0062317055558746785,0.10737160264222771,0.00323830207062139,0.00609705586216018,0.0,0.4,0.8,91,3.360101157453929,2.1110603517335544
16,38,0.022743974207504295,0.07369865190065021,0.2293260472192196,0.3770751965889431,0.00817026965858292,0.1058681521137714,0.00211719531954581,0.00515460817975276,0.0,0.4,0.8,93,3.239303180648469,2.0404137529136106
16,39,0.022976500255434105,0.07855382448882023,0.2444097662455715,0.40668390416684774,0.0073713135801296275,0.10648467411977611,0.00242398832761272,0.00610709056407819,0.0,0.4,0.8,95,3.289089114171888,2.177779250383999
16,40,0.022513398816624026,0.0775213106055722,0.2433483171471877,0.4391106488401209,0.006546472662912149,0.10699211468272188,0.00247650983745508,0.00606465913922739,0.0,0.4,0.8,98,3.363172095176313,2.240792778126748
16,41,0.02142733972887135,0.080625750086179,0.2566596090179388,0.4612866699449875,0.0072857854209383704,0.10241611707738588,0.0031323208247927697,0.00561401628837545,0.0,0.4,0.8,101,3.357650143165021,2.043289570874076
16,42,0.021824074594723,0.08015977560889823,0.256149930011948,0.4547349460284565,0.008403906663403689,0.11424551322222491,0.0034323220205682904,0.006805301951516419,0.0,0.4,0.8,103,3.2889297477375563,1.9601506276934573
16,43,0.021390717078948407,0.07899422364731029,0.2549475047819179,0.45461821365170263,0.007852470252376047,0.11558062457802212,0.0036008934716086397,0.00689434489342782,0.0,0.4,0.8,106,3.307742474245613,1.9346631089896416
16,44,0.01987547217765763,0.09374779766686042,0.3005095496512432,0.4981478778971492,0.0055091004912789935,0.10811355003475469,0.00233841830524063,0.0056956405533427,0.0,0.4,0.8,120,3.2877835837000875,2.072303271409317
16,45,0.019826130783638252,0.09890658613891053,0.31592697191665886,0.5214351381344537,0.006497522733851377,0.10871098534686578,0.0028163267893603202,0.0056256571643319795,0.0,0.4,0.8,121,3.2581744710726506,2.058898552782962
16,46,0.020296771231297434,0.09901671414797802,0.3160189786685035,0.5257892871706933,0.00769904858743576,0.10761154206858262,0.00261590650183668,0.00666505701777515,0.0,0.4,0.8,122,3.3634443582797418,2.3036088719867878
16,47,0.020375516693416747,0.0989507275007565,0.31594568705621484,0.525930846045147,0.007102332594160138,0.10814079773107892,0.00266948959285079,0.0068777233481180505,0.0,0.4,0.8,123,3.3491287978631448,2.357503092104152
16,48,0.020073543846982386,0.09309839108126312,0.29981717865888124,0.5319694255281101,0.006735160181424184,0.10505223941110473,0.0026569842141648597,0.0066086822623772894,0.0,0.4,0.8,124,3.4089319161072384,2.4547610593859077
16,49,0.01970220458721183,0.10335519713549363,0.33060189098056836,0.530061626266052,0.007140853899121707,0.10641009645495117,0.00259214273509085,0.00643096992585329,0.0,0.4,0.8,125,3.324331338526352,2.242160463813839
16,50,0.01847897654950234,0.11282648013740748,0.36060472806399,0.6062954060018702,0.005199245429421652,0.11065272413984002,0.0026105423527558102,0.00508205568850129,0.0,0.4,0.8,133,3.375286553253694,1.966691994059369
16,51,0.01806804623637575,0.11236071508484748,0.36013638297722533,0.605907966453148,0.004942502626204495,0.10855725335910724,0.00260400492910854,0.004624832622907251,0.0,0.4,0.8,134,3.3843124126891357,1.9835578695743528
16,52,0.018790041831985238,0.11204129826665274,0.35976439461837373,0.6049014015989028,0.006879600100487274,0.108610184741782,0.0038228304001651898,0.005924986420175559,0.0,0.4,0.8,145,3.289416801190252,2.0480457879306115
16,53,0.018220694833785186,0.11609578838645848,0.3740482189795548,0.6109762208888081,0.006350737368905509,0.10860841148097786,0.00396356554776243,0.00593368165049972,0.0,0.4,0.8,150,3.31797519459336,2.115259845214913
16,54,0.016324329470138586,0.11938796848135376,0.38759811746868333,0.653608467146611,0.005570524619978607,0.11892511745517158,0.0025989483380807797,0.0044922029150434905,0.0,0.4,0.8,151,3.343714525178123,1.9298588300092343
16,55,0.014375545500578641,0.12098215274324267,0.39936754328590635,0.6807151883023105,0.006448346574379669,0.11758397576682349,0.00251355415606916,0.00391866051196942,0.0,0.4,0.8,154,3.1552870400948523,1.9528099684864093
16,56,0.013790972841319953,0.11815820180811173,0.39643150864124793,0.718738733571326,0.005993930555563116,0.10971686404093006,0.00284990769792077,0.00514416816083782,0.0,0.4,0.8,165,3.3293715156038663,1.8476619211980096
16,57,0.012795000243928031,0.12196921356516183,0.4104815732527843,0.7245172885202988,0.005894388422014037,0.12063893063456713,0.00272066512978407,0.00456518845923519,0.0,0.4,0.8,167,3.3371282891327505,2.083499565117437
16,58,0.012174618910912777,0.1315934012290816,0.44061466020403384,0.7608408109606435,0.0053826899759229245,0.11984406946861861,0.0025396711191270098,0.00448704928951762,0.0,0.4,0.8,170,3.2665528162057416,2.138571601638445
16,59,0.01248981353782418,0.12074130661283553,0.40920748665997814,0.7507110776907583,0.005463462348374788,0.11750927414508247,0.00322991287477412,0.00479643301740544,0.0,0.4,0.8,173,3.2747971046483704,2.163119245239233
16,60,0.012048848123156156,0.13059626312810427,0.4395741386754646,0.7808685729374667,0.005847667892119938,0.10975104814179229,0.0025627822384979198,0.0051353783260598,0.0,0.4,0.8,176,3.256584474952281,1.84670632224556
16,61,0.011230175763541923,0.12938187378896515,0.4383403460088756,0.7734701546508649,0.004967418212997225,0.1206244478950435,0.0024693899633737,0.0045287595010791905,0.0,0.4,0.8,180,3.272510087213776,2.079964487222968
17,0,0.9318545877061045,0.9602278429691369,0.9590979309053456,0.1705825592942677,0.0,0.0,0.0,0.0,0.0,0.4,0.8,1,6.958926868748076,26.050277213048897
17,1,0.4307468309950068,0.5757976557392074,0.5637403110952899,0.09895304525493777,0.3968137764867,0.09297681501173503,5.904910109129e-05,0.00018772049209666,0.0,0.4,0.8,3,4.108992774941029,10.205042233637466
17,2,0.06684056507990947,0.07837303858808252,0.06227060997636412,0.006334769975246461,0.5207836287097374,0.10664125893204941,0.00039412067130173,0.00125293230540188,0.0,0.4,0.8,5,2.571320666041901,1.7417858967504345
17,3,0.06537156015950693,0.07489998046991235,0.058682644370822164,0.006121421902631156,0.010101814460089882,0.10848974393200057,0.00059129303829164,0.0018797546121798298,0.0,0.4,0.8,6,2.907228207771288,3.756367126870461
17,4,0.05722974079439377,0.06431433561165152,0.05792028910988703,0.007543892087854671,0.03392346947691145,0.1077052520769625,0.00049360672427062,0.00156920419565811,0.0,0.4,0.8,7,2.688561288183271,2.4672418186508733
17,5,0.056503337711355496,0.058143097056462166,0.041478516572611326,0.014192643548747424,0.000726469766528081,0.10770525176493798,0.00024680334506281,0.00078460204355458,0.0,0.4,0.8,9,2.6885612278655886,2.467241457817076
17,6,0.057215672346557035,0.05884108622396289,0.042175690083489224,0.0027452823966931713,0.0014644283629589524,0.1077052520769625,0.00049360672427062,0.00156920419565811,0.0,0.4,0.8,14,2.6991539570607306,2.471538632687656
17,7,0.05648384565585669,0.06899338739380752,0.07286865893611229,0.04712908574934442,0.0007341737048571723,0.1077052520769625,0.00024680336213531,0.0007846020978290499,0.0,0.4,0.8,17,2.697026816872619,2.470645363582926
17,8,0.0561652523927467,0.07810395647831583,0.10243865251906617,0.11518180297371063,0.002420320594859887,0.12087868793859853,0.0007246872614872499,0.00192066983816866,0.0,0.4,0.8,27,2.95732714398906,6.760150730993547
17,9,0.05554977005531687,0.07628598964909113,0.10055346776306691,0.13596283726998445,0.0072539969679036136,0.11929199014588965,0.00104467740240714,0.0024450902362757,0.0,0.4,0.8,28,3.094459628006728,7.488605464244171
17,10,0.05374767066862234,0.07803372394221943,0.11246694562261454,0.15345502490764867,0.006208354103069833,0.11992335644104646,0.00103949179039344,0.00246122109868391,0.0,0.4,0.8,30,3.025565268035045,7.213294273000795
17,11,0.05553945049807275,0.08494175840700409,0.12962702402989643,0.13401212688683442,0.005162872067499195,0.1226412596063513,0.0018485745663266498,0.0046909468095905895,0.0,0.4,0.8,32,2.965394516622985,7.395166514863503
17,12,0.054217011033328794,0.084369148627011,0.1390666467391647,0.15314402557659043,0.026336312764658348,0.12532461525329536,0.0032682172211253697,0.0078352664505245,0.0,0.4,0.8,33,2.9241290491270537,7.655386006604094
17,13,0.05487656024619389,0.0824015533732836,0.1369555869022614,0.1456520143312745,0.02106634964501758,0.12649099498612573,0.00496641838933749,0.01083754983879939,0.0,0.4,0.8,34,2.7574179884021484,6.838041959006286
17,14,0.052712646528235756,0.0801104974414932,0.13465754710652006,0.14675129965904818,0.00911165508591211,0.12572477808888477,0.003928821150893691,0.00879702259297898,0.0,0.4,0.8,35,2.7655198858096384,6.775757277296878
17,15,0.04513174069264615,0.0700003571748878,0.12441013598325368,0.16621185916897122,0.00582147406645004,0.10419640196242844,0.0016347945446107098,0.00334535407917596,0.0,0.4,0.8,39,2.6922543320441705,2.07497357783516
17,16,0.04513174058097432,0.07000035643663033,0.1244101352449962,0.16935142281621338,0.003330339200025318,0.1041963946656969,0.0016347946883964602,0.00334535308446124,0.0,0.4,0.8,40,2.692254276335934,2.074973863190749
17,17,0.044911392118006405,0.07509775039735868,0.13977098373839172,0.17870441081452496,0.0034745989134162274,0.09970577422900678,0.0016193379119085398,0.00322140428512029,0.0,0.4,0.8,42,2.629571759404268,1.9635987048393773
17,18,0.04427238310396929,0.06797351647796772,0.1223202444483895,0.18431542072107532,0.005563919212045154,0.10810836196849882,0.0018859429754832,0.00346177741420584,0.0,0.4,0.8,44,2.6558261885675885,2.150721154364645
17,19,0.044241972298899326,0.06790937767658681,0.1222541701492792,0.1942138835273797,0.0035568950175133866,0.10810836213683102,0.00188594307358921,0.0034617776036600803,0.0,0.4,0.8,48,2.6485229848201883,2.149718484116825
17,20,0.840988342695311,0.8695351238527036,0.9341198642397512,1.0043955275041787,0.8018842855763751,1.0,0.0019444797546192502,1.0,0.0,0.4,0.8,50,2.7288201504806207,4.643044614497747
17,21,0.04399156555690081,0.07152978867403012,0.13606052051226863,0.2462598046528641,0.005473173049192073,0.1085650648073176,0.00279449653978439,0.00445795704182051,0.0,0.4,0.8,55,2.6475171497957923,2.395769396961388
17,22,0.043382628335739505,0.07031044074435225,0.1348082570040497,0.24597315103967973,0.005421152386349291,0.10545708575564809,0.0021857518698712502,0.00468542586869226,0.0,0.4,0.8,58,2.724247729808147,2.405182293927022
17,23,0.0420054578103236,0.07273118916074886,0.1474113584356686,0.26908068318384465,0.01107701429494204,0.10845317263362668,0.00283995084294846,0.00445625875219491,0.0,0.4,0.8,59,2.659068999152366,2.1850526492375515
17,24,0.04181574466436581,0.07191875713204632,0.14656568972730818,0.2659643260815241,0.0062689373571890505,0.1086465276964788,0.00305573670355843,0.004797554325205429,0.0,0.4,0.8,61,2.6488552954646623,2.181858015131035
17,25,0.04181937960192154,0.06644918018082395,0.1308237003144846,0.2711443829897103,0.005199028296608546,0.10947279041725395,0.00305658465219847,0.00483349960697463,0.0,0.4,0.8,62,2.70913998446338,2.333948196626374
17,26,0.8373638713971288,0.8721804437041761,0.9570588715541911,1.075990070705002,0.8039763846535065,1.0,0.0031279816703714903,1.0,0.0,0.4,0.8,63,2.7403847162297,5.027981264952432
17,27,0.04730657439251047,0.08954039367663551,0.18479496084661465,0.2971087373560742,0.010190510473026961,0.12504805744587694,0.006516390794382839,0.00856124304118494,0.0,0.4,0.8,67,2.985731021832056,5.099545970777197
17,28,0.03814121398083842,0.0805575575131738,0.1858023149042425,0.3340318154241028,0.006520199601814276,0.10936133177842744,0.00296836497787272,0.00463142918158408,0.0,0.4,0.8,73,2.5820934942420704,2.2001736916144115
17,29,0.045283268818611395,0.1047259726113114,0.2408193917195361,0.3578192838487789,0.012998731008825272,0.11668773451559951,0.00772173410129431,0.01043389354349054,0.0,0.4,0.8,76,2.9117574884391053,3.3972958742685604
17,30,0.03629189179264918,0.07625803423957923,0.18137331533760503,0.36050430686674373,0.005931611661193126,0.24395137230731812,0.00297294049429009,0.00494790370393962,0.0,0.4,0.8,82,2.590524353322876,2.3342444610639648
17,31,0.036106649912650224,0.08062488343466392,0.19596375819011863,0.4132306371849939,0.006068032894603774,0.12107417277251231,0.00323132253010854,0.00554037697840635,0.0,0.4,0.8,92,2.885308773327305,6.022473848902817
17,32,0.03540909916848559,0.0899933303775495,0.22583026756594718,0.4318353146180009,0.0065082401586232415,0.12107417281449687,0.00323132253171217,0.0055403769823270995,0.0,0.4,0.8,96,2.826820907439267,5.807635593404405
17,33,0.035351150986695626,0.09531204799649742,0.24141600783989378,0.4482592859531339,0.005811726552899622,0.12107417281449687,0.00323132253171217,0.0055403769823270995,0.0,0.4,0.8,99,2.8325440683848697,5.830938445941669
17,34,0.034790457371735126,0.09247399011882473,0.23845855217363016,0.43945512095145745,0.008813878889508627,0.11142945811323739,0.0033798767893736897,0.007165130299941059,0.0,0.4,0.8,104,2.850289841191893,16.039077420630846
17,35,0.032380157426656384,0.09000448038692471,0.2359861777623899,0.515319180161014,0.004835283798033099,0.10927400051263295,0.00299276661123585,0.00440680581779246,0.0,0.4,0.8,106,2.7043166621066432,2.199891339263836
17,36,0.032142308532766097,0.10028838073156841,0.26679219588632486,0.5400857351604242,0.005141996915620541,0.10963844013118444,0.0031020876413544703,0.00443987186128774,0.0,0.4,0.8,110,2.710637209511958,2.182672489770964
17,37,0.031911164324481295,0.10520077680174603,0.28195953681135216,0.5635608218286319,0.005194679217853226,0.10970947851565711,0.00310937419548914,0.00446233360717202,0.0,0.4,0.8,113,2.7243632855738986,2.2744290445139783
17,38,0.036765347941168466,0.0905431877465068,0.23632482984451048,0.5297190416795637,0.013800295769134135,0.11428178011108221,0.00461097688792366,0.013074410801381109,0.0,0.4,0.8,121,2.907940963527709,2.565964567881763
17,39,0.037175648697867464,0.10179626062207192,0.2681167458729017,0.570532387190388,0.012788268302875792,0.1132118084009451,0.00466877790732596,0.01360652253256309,0.0,0.4,0.8,126,2.8940613659072696,2.495109253484442
17,40,0.03678000180156439,0.10091071875488616,0.2672058415813945,0.5883171614735385,0.01368058560151684,0.11386297498262712,0.00470696151449794,0.01359670463855985,0.0,0.4,0.8,128,2.9305437762786624,2.670631637275683
17,41,0.03589855260706855,0.09913038158879234,0.2653788875260019,0.5950333559999712,0.01599233398118554,0.1136708303981951,0.00465803210629501,0.013440801372975968,0.0,0.4,0.8,129,2.9169361273199343,2.488958531693514
17,42,0.03155747471568763,0.09423617300773467,0.26045629245784485,0.5909475893915933,0.010802626525941286,0.11033961259975025,0.0046924689515331,0.008562431365003991,0.0,0.4,0.8,130,2.8622197531041023,2.1505889870478043
17,43,0.029843884674025475,0.08641633133003819,0.24233163501206215,0.6081233667377459,0.007907997133713717,0.11443843147500662,0.0035034305100278195,0.00768906187441087,0.0,0.4,0.8,137,2.9161645781651604,16.867834596176728
17,44,0.029784848536168473,0.09121204122605335,0.2573676092550674,0.6292441684596758,0.008539505331052692,0.11447668110648652,0.0037403337148446203,0.00809640157892553,0.0,0.4,0.8,141,2.9423285283767493,16.85644971159292
17,45,0.029996312952154533,0.09147400464127009,0.2576318612796003,0.6366139319532229,0.008240244979429587,0.1156265949574442,0.00373103101021184,0.008314477709619881,0.0,0.4,0.8,142,2.9511151583490287,16.82110555620958
17,46,0.029733143980109733,0.09076574080321263,0.2569010288958683,0.6368887636794223,0.009537856888913218,0.11424525007181194,0.00416962724755834,0.00821825266600407,0.0,0.4,0.8,143,2.9847967086427163,17.157805862060115
17,47,0.02911512660243265,0.13351173873000027,0.3818017824624399,0.8660141259408781,0.0078002388576695215,0.11836368666822883,0.0028413868107643103,0.00830643252598605,0.0,0.4,0.8,175,2.781907802691182,2.835633263575572
17,48,0.029048198755661066,0.13877899647195197,0.39733384271652644,0.949042549647608,0.007841598562638734,0.11820208578213671,0.0028438301990329597,0.0083343527812157,0.0,0.4,0.8,188,2.799383518243165,2.84247738299822
17,49,0.03098527608635971,0.154031188253036,0.44324325298034545,1.0121695290803292,0.01782518251748166,0.1046855012314977,0.00399361179662055,0.01321510545210132,0.0,0.4,0.8,190,2.891885799181756,2.915602117802544
17,50,0.027288285774841443,0.1444457451979065,0.4233644138612948,0.9936301779397443,0.009648745036085695,0.10366882557221072,0.0037838329322135897,0.00914142227482838,0.0,0.4,0.8,192,2.853894010545861,2.95199170959061
18,0,0.9089945192520448,0.9463964188508819,0.9448734371143318,0.16787388691936084,0.0,0.0,0.0,0.0,0.0,0.4,0.8,1,7.49447802456516,26.18294192742454
18,1,0.4243516466998892,0.5693499555478541,0.5571096885725998,0.10446721513006775,0.3891843135075998,0.08837539115062824,5.9593700315570004e-05,0.00017842961510756002,0.0,0.4,0.8,3,4.257562346850443,10.278638077410518
18,2,0.15130248185146203,0.2236111352461937,0.20153372595452293,0.04215079130199189,0.3577412310999275,0.09869126800457843,0.00023837480126229,0.00071371846043026,0.0,0.4,0.8,5,2.44756978131756,2.477820529920258
18,3,0.08467018894847415,0.11257524320724584,0.09743940560612384,0.026774657010365164,0.12217233025149779,0.10222914548852169,0.00048162125036983,0.0014420231312378602,0.0,0.4,0.8,7,1.9916789906400492,2.305493776010381
18,4,0.08241031008297846,0.10341746471239267,0.07792339942663089,0.026196809533442063,0.007093489930481749,0.097147484304199,0.00033761298951406,0.00073365026601354,0.0,0.4,0.8,8,2.0196435047946717,1.7523702584741336
18,5,0.07909884674320773,0.1025792210277405,0.08717764492727509,0.030957265918591357,0.007178081863812131,0.09672960768833976,0.00034449129198793,0.0007157338604197999,0.0,0.4,0.8,10,2.1312587030897308,2.0378919554447226
18,6,0.07890148387267522,0.10770902593730523,0.1025709020352651,0.03884520860111516,0.0008979603655633614,0.09593562077453108,0.00033094259681053,0.00063799123415684,0.0,0.4,0.8,12,2.138428168261092,2.15380410725396
18,7,0.07793817304964193,0.10422853728078996,0.09894093034624654,0.04941939479620614,0.005143014307233776,0.10994401224475911,0.00041490737658214996,0.0028273297704341,0.0,0.4,0.8,16,2.1368412792138884,2.2502761996290315
18,8,0.07582736398874892,0.10124215053748103,0.09590263927226053,0.05749941277987619,0.002515864210085952,0.10819063234457844,0.00021847005689922,0.00147003925415277,0.0,0.4,0.8,19,2.125139110942126,2.158642834306505
18,9,0.07457119096792203,0.09881986844534836,0.09341159310022343,0.06701288572761713,0.006252341609669681,0.11023751627719691,0.00022050967415029,0.00146575233627848,0.0,0.4,0.8,20,2.1490482299308318,2.1286629193021542
18,10,0.07380089007087057,0.1028471138072872,0.10767127645803404,0.06402247225778625,0.0039436066199597525,0.10550812273022463,0.00024841520917989,0.00135369837627545,0.0,0.4,0.8,21,2.08569963342818,2.36012727012815
18,11,0.07025822621416018,0.09469810082120404,0.09925376966121463,0.07148004677149086,0.012245711152040966,0.10889390913537485,0.0007043299239959399,0.00276219361487945,0.0,0.4,0.8,23,2.1839912565737087,2.3491069156662774
18,12,0.06994671992125905,0.10483532360341724,0.12990652037184997,0.09284742173893401,0.003101552567409808,0.10840256003857648,0.00064413667853547,0.00297540859803175,0.0,0.4,0.8,27,2.205146565200157,2.244633181558004
18,13,0.07545691807602123,0.10480776232007744,0.11960326737225582,0.09491780618722731,0.008374984927206697,0.11331775057282192,0.00089484231206259,0.0098584310782496,0.0,0.4,0.8,30,2.1897598815434502,2.39799014960388
18,14,0.07029257623991716,0.1028851852427367,0.12782391811133156,0.12004940543827211,0.006889794796767204,0.11111183533263369,0.0022203811374417797,0.00557903360788507,0.0,0.4,0.8,36,2.3748203333865177,3.808924167841384
18,15,0.07008143598054795,0.10800513929513327,0.14320807570936564,0.12864334847989414,0.00549353403007865,0.11104729555646468,0.00217934620696785,0.00548091160883465,0.0,0.4,0.8,38,2.368536794205121,3.75379119493504
18,16,0.0692331017465376,0.10054779827019161,0.12541320595697014,0.099579768937748,0.01046465101448404,0.11009266988011279,0.00232524762756136,0.00583653303133315,0.0,0.4,0.8,39,2.396084874228058,3.818545469499224
18,17,0.06665526620884363,0.11902739387845113,0.18493386979431534,0.20370350113038646,0.003950591095613778,0.13406142184029962,0.00143124750093474,0.00397355995860601,0.0,0.4,0.8,54,2.2068574273792314,2.221313301237646
18,18,0.07336073172067614,0.14894210189764115,0.24605775562749116,0.22967738367574422,0.003529603068605118,0.09646351628574716,0.0028273095556444,0.00278619858281713,0.0,0.4,0.8,61,2.4242309262428625,2.212793430983645
18,19,0.07053985589594569,0.15893840814371266,0.28666133908830616,0.276986541459714,0.00610317934500461,0.0991376087887771,0.0031344222788681,0.00368706613424515,0.0,0.4,0.8,68,2.4288831696431146,2.210242260946623
18,20,0.07554284285818974,0.18056735657596787,0.32916544348866816,0.3022654504929706,0.0031988206687439498,0.10078323279571906,0.00291326314227105,0.00253146242039478,0.0,0.4,0.8,74,2.428602443081364,2.2108211035204106
18,21,0.05767553359510306,0.11716067004006281,0.21335820100911232,0.28473454224353995,0.027170959059109177,0.11748560644749739,0.0011619843743159001,0.00427720439837646,0.0,0.4,0.8,75,2.314922529297484,2.939443162759138
18,22,0.057159144715100044,0.12155136620222198,0.22798950084737077,0.2798968946257013,0.004972197556802821,0.11748560804086254,0.00116198439728612,0.004277204351412,0.0,0.4,0.8,77,2.301646066745342,2.9342807121549725
18,23,0.057092714586120724,0.12686061251921482,0.24356544193849136,0.29550670406367147,0.004026014885033127,0.11748560804086254,0.00116198439728612,0.004277204351412,0.0,0.4,0.8,79,2.270956669979233,2.928042295444866
18,24,0.0560415053639204,0.13034968330522062,0.25727497528544246,0.3180469920794585,0.004434166436310582,0.11614840733075697,0.00118142903876612,0.0040381469208307,0.0,0.4,0.8,84,2.3047255114102367,2.7906473160437937
18,25,0.055950634821330524,0.14106306089825757,0.2885246753495566,0.3440406273899065,0.003762951121586383,0.11585061580176406,0.00118046712957474,0.0040272113763484396,0.0,0.4,0.8,89,2.3059241192095934,2.7957081809620146
18,26,0.05576744789816876,0.14607387209886707,0.30379218251156126,0.4049019432044685,0.0038228955207178688,0.12730174037228992,0.00113352902770151,0.0041214999589549205,0.0,0.4,0.8,103,2.3252334225784157,2.877842059191924
18,27,0.056346563740253375,0.14610828240195467,0.30379621170033433,0.4245979953145799,0.005398621708179572,0.1269281324267308,0.0015757630179456298,0.00527415530817862,0.0,0.4,0.8,107,2.349760777846347,2.992816629588167
18,28,0.05381249264166138,0.13673180571419,0.28407160639461354,0.43184386440203526,0.005047245346631744,0.12937351016831816,0.0009088957918059901,0.00409855203784441,0.0,0.4,0.8,111,2.350670896451291,3.022855278910746
18,29,0.053088900928212016,0.13390243433711038,0.28112639390303845,0.4774634721512964,0.005743565034326339,0.12360995435460095,0.0018177926888442199,0.0052166998239608,0.0,0.4,0.8,121,2.3027408468967607,2.9857145387920223
18,30,0.054270485412886885,0.17121582346584882,0.3902252829615962,0.5692890936315975,0.0088055912375015,0.10958157848921088,0.00314795537224632,0.00833633665843407,0.0,0.4,0.8,130,2.245350289535496,3.145168452991918
18,31,0.05409346585142022,0.17605673543880757,0.4053133749020136,0.5891660124683885,0.008570427079036604,0.10927809487790996,0.00311143586709899,0.00862741136864879,0.0,0.4,0.8,134,2.2402956166095853,3.21501316496363
18,32,0.05241725141693517,0.18983890237495593,0.44985977065645805,0.6117476726187548,0.007973547816211493,0.11201650256860658,0.0028184680073403802,0.007689173964958269,0.0,0.4,0.8,139,2.23852079135734,2.927637558722016
18,33,0.050861165731990336,0.15948062394631543,0.36806226741834136,0.6306232630134938,0.008210562196582031,0.11444207157365756,0.0028993329709567197,0.00751319716707867,0.0,0.4,0.8,145,2.4529050585473087,2.243387756932816
18,34,0.0506292436190467,0.15909509298657967,0.36766853198815536,0.6356358181222977,0.007380637437622866,0.11404321754975548,0.00277895200235288,0.007458486902470141,0.0,0.4,0.8,147,2.424812862628765,2.2714620944734447
18,35,0.04964834370068078,0.1575492786173621,0.3660918833620551,0.6482742557535864,0.007356061651823552,0.11925875995881026,0.0023429168532476197,0.0070947278600601,0.0,0.4,0.8,150,2.4526430654209626,2.23973271575953
18,36,0.048859580733668175,0.16141394609160545,0.38018408395563724,0.6479088487750214,0.008101113910934115,0.11728724525489971,0.00225568426143582,0.007051371121789091,0.0,0.4,0.8,152,2.4128032829152204,2.2588660828554743
18,37,0.05045117325706977,0.1684366102877566,0.3974767719730918,0.6851404671598498,0.008165196939343856,0.1194656040352915,0.00294095329511544,0.008713632024327091,0.0,0.4,0.8,155,2.4585319573034186,2.220040243892372
19,0,0.9301645036775756,0.9592139151703671,0.9580552978526012,0.1703839340079813,0.0,0.0,0.0,0.0,0.0,0.4,0.8,1,6.965665478690427,26.14814604727641
19,1,0.4374422441999046,0.5824890322664323,0.5706212203669525,0.10028025687783085,0.3889096170416136,0.10013735552193373,6.07126975896e-05,0.00021304036856788,0.0,0.4,0.8,3,3.926537859444197,10.253291627333862
19,2,0.16076929055943365,0.2386401498161891,0.21698647151121353,0.03575647179112674,0.3559913224715921,0.11182618218052051,0.00024285079035840998,0.00085216147427155,0.0,0.4,0.8,5,2.183966696084934,2.5071009014900443
19,3,0.10017219455866908,0.13545832757524437,0.11084547088034467,0.01867602173645328,0.10916731971102607,0.11635341337888101,0.0005464142783064201,0.001917363317111,0.0,0.4,0.8,7,1.738697870060479,2.890998525810892
19,4,0.09551623313140364,0.12779433542555768,0.10299210770389969,0.019993912456296652,0.014488902025490863,0.10446967774826285,0.00033707155127911,0.00076806664639309,0.0,0.4,0.8,8,1.6867961701592629,1.7754569094078436
19,5,0.09547049877952657,0.13315509233213077,0.11862096438228373,0.025312993808515094,0.0008355360407677282,0.1044696777482629,0.00033707155127911,0.00076806664639309,0.0,0.4,0.8,10,1.6803414553380622,1.771111441098365
19,6,0.0950141264622277,0.1371122101798567,0.1327843812236335,0.029502979295164287,0.0062051335513028175,0.11569124361960066,0.00047664565921556,0.00167254579267712,0.0,0.4,0.8,11,1.723861396581723,2.169289512812925
19,7,0.09355569814256903,0.12995406281794009,0.11533960081458058,0.04705188801431293,0.0005665263571302231,0.10410929471057453,0.00016912834766596,0.00038338082151251004,0.0,0.4,0.8,17,1.7318556352614989,1.7856234155804942
19,8,0.09355556253016323,0.1299537302122022,0.11533932055857495,0.04939465521466031,0.00037514396851052485,0.10410936978478505,0.00016912806993993,0.00038338061118363,0.0,0.4,0.8,18,1.7318498739756063,1.7856221967108832
19,9,0.09382592356904487,0.14099461419163892,0.14691414048006257,0.05210065777812759,0.0013302477379349147,0.1144175506276273,0.00024642810618764,0.00086150375940046,0.0,0.4,0.8,19,1.7741025446633931,2.2758976139716376
19,10,0.09270367883753472,0.14437204714562973,0.16050349008416875,0.06119422018517995,0.002206881952746522,0.11511397815830515,0.00024545217103931,0.00086074538984457,0.0,0.4,0.8,22,1.7789596728044113,2.2704668073929537
19,11,0.09228029632130084,0.1435645692236812,0.15967224824076126,0.07096827888274515,0.0013957277314838382,0.1189284055071093,0.00026687986839922,0.0008895892894555601,0.0,0.4,0.8,25,1.731133729874664,2.4348036532077786
19,12,0.08813575303201605,0.1357839210174801,0.1516676237864423,0.07208158161680527,0.017172195900619552,0.1206360929301438,0.00029470898750114,0.00100084932139338,0.0,0.4,0.8,26,1.7511031759869315,2.9706005977302383
19,13,0.08568948744095312,0.13673460046395347,0.16276366472072343,0.07883452991966958,0.005356281286699149,0.11994684038268637,0.00026338149625453,0.00089508101263668,0.0,0.4,0.8,28,1.743553349337319,2.368679332599408
19,14,0.08562649208113929,0.1366144100929495,0.16264006094234223,0.08146211304243849,0.0010751808818037392,0.12002973802070364,0.00026416479412938,0.00089732153676306,0.0,0.4,0.8,29,1.7215517742131174,2.380595794121832
19,15,0.08555419812737239,0.14192332408355796,0.17821572205681072,0.10277290291026563,0.0009636151622671581,0.12002973802070363,0.00026416479412938,0.00089732153676306,0.0,0.4,0.8,31,1.725990297602574,2.3780661057515857
19,16,0.08379717544057277,0.1385938245776836,0.17479090511643927,0.12782555724612168,0.0025786938714704296,0.10341157323149683,0.00085566947112388,0.00063323837892697,0.0,0.4,0.8,35,1.7146037089578574,1.8358263547770344
19,17,0.08311147049211304,0.13718002578854835,0.173333187731183,0.11352337094874317,0.004178239754915473,0.1038721495205028,0.0016677149616038899,0.00039535292835126,0.0,0.4,0.8,36,1.8241275622028577,1.897471897712358
19,18,0.08293782582257375,0.13685119449769673,0.17299514776503377,0.11634600253227832,0.0016615005086624435,0.10378924195198491,0.00166847588067086,0.00039518725593414,0.0,0.4,0.8,37,1.8105073502706135,1.8949970973571104
19,19,0.08211986630924462,0.1353253328513126,0.17142645608757753,0.13029410535149696,0.004051377071256881,0.10413509829410875,0.00163654883556103,0.00037897534442178,0.0,0.4,0.8,38,1.7782686629719278,1.826940778158835
19,20,0.08110881487548278,0.13341848878189644,0.1694657948632594,0.12991054674854055,0.004852935400109735,0.10414509661678215,0.00160400290564989,0.00037951871137618996,0.0,0.4,0.8,39,1.7856115552978664,1.829294308914579
19,21,0.07964048080881801,0.13058400695310188,0.1665496263330015,0.12667542984798583,0.006924083329124113,0.10375458796248808,0.00170941144999654,0.00038114526421666,0.0,0.4,0.8,40,1.811068709590891,1.9038146547117736
19,22,0.07890181995055881,0.12917487985261214,0.1651006930412473,0.11195863154742253,0.0024404684356089485,0.10442777007894699,0.00170435487387159,0.00038255599397546,0.0,0.4,0.8,42,1.8154268377972675,1.892879965720884
19,23,0.07890283116517004,0.13454289489464272,0.18073459449197854,0.14405587425849006,0.0014107939423857695,0.10724272117992972,0.0017338232691462298,0.00047596926900591,0.0,0.4,0.8,43,1.8217700309560143,1.844743906420884
19,24,0.0876188129692902,0.15272853599462516,0.21937690711325558,0.1689518357039882,0.012568110928799513,0.10092263123631388,0.005916562508033929,0.01121934818547579,0.0,0.4,0.8,48,1.8924547730166652,2.525042380346811
19,25,0.0876106805434541,0.15815791897864992,0.23507659856371843,0.17807193013964234,0.011358143707967332,0.10092263119915004,0.00591656241798967,0.01121934907934223,0.0,0.4,0.8,50,1.8929881962560584,2.526487754553027
19,26,0.08584339759468097,0.15479039231449765,0.23161432375533839,0.18057923075955482,0.018183705785121875,0.10139250118070434,0.00589236070198737,0.01118899905940604,0.0,0.4,0.8,51,1.898011762298229,2.536194942376016
19,27,0.08702520037987438,0.14125155013463392,0.19730937169460974,0.19991629432439015,0.016730171946668697,0.1083621672636356,0.0070623116181982495,0.01718840849216205,0.0,0.4,0.8,53,1.9664773109927796,2.7822076564058253
19,28,0.0778262844553876,0.1271336064353202,0.1729514050577034,0.2088645301165776,0.010268187492235317,0.12371514420256431,0.0016172895942053501,0.0077175889598045805,0.0,0.4,0.8,57,1.9806668321084864,2.8778057770843004
19,29,0.07849374633884014,0.1275153783621269,0.17331654041668976,0.20569614485490975,0.00819419694912051,0.12476389314613026,0.00195647551366108,0.00875965221808397,0.0,0.4,0.8,60,2.0046113275152484,2.4982232312828283
19,30,0.07131808139431645,0.11839892568465396,0.174043875785826,0.22743413258474485,0.03925373147624432,0.09222788466388292,0.00163499517297764,0.00950373877086315,0.0,0.4,0.8,61,2.165128935348701,2.9795939497890105
19,31,0.06746778555760109,0.11851330808878774,0.18434419310999303,0.22489192493219312,0.012038139800439353,0.094561903854103,0.00159867890113362,0.0065775628009819495,0.0,0.4,0.8,62,2.3031648105155607,2.733722953682373
19,32,0.0670275928124905,0.12318056793793639,0.19926280912942654,0.23467182843742393,0.006497370111781352,0.09448839342263772,0.0015712397940427902,0.0064646680539725,0.0,0.4,0.8,64,2.3178738428019496,2.7679532059452776
19,33,0.06735316841574239,0.14811305670286523,0.2753998395315056,0.3414455045883344,0.009122729687633425,0.09513367463226367,0.00139646036800576,0.010223476126719259,0.0,0.4,0.8,92,2.013499926657044,3.653521047739744
19,34,0.06734158356648755,0.15280397845994395,0.29031954446768116,0.34965912481700623,0.012490285256945257,0.09437232314217352,0.00156274024240905,0.011039447611080309,0.0,0.4,0.8,93,2.222512447099818,3.5122674691725466
19,35,0.06747420880825891,0.14761339154422717,0.2748651615789174,0.3737443719126247,0.00954955309672146,0.09441175150624574,0.0027162936128754,0.01047848003166724,0.0,0.4,0.8,100,2.0257071890391294,3.924257189056144
19,36,0.06825473394766352,0.14980438590501047,0.27713594804493064,0.3771101166823864,0.010146390595612193,0.09436191354079856,0.0034437614341143096,0.00934433015687316,0.0,0.4,0.8,101,2.06081666146541,3.4077531479176
19,37,0.06529446215047914,0.15529607845942894,0.3030311689554756,0.38247312962942925,0.010151373832035526,0.09597754189080744,0.00276838605222759,0.00899140089575419,0.0,0.4,0.8,102,2.067614272582219,2.8488237369319647
19,38,0.06486444532830832,0.14926515259738402,0.28672099914859367,0.3889997969783508,0.00834173619201632,0.09567543080775257,0.0025093540711591,0.00877463333286333,0.0,0.4,0.8,104,2.121142682366872,2.991051284075873
19,39,0.06283106132539676,0.16114514209900987,0.32927694325042467,0.3883893321259573,0.018208778357813718,0.09355108024265996,0.00276897162909719,0.0090519067653965,0.0,0.4,0.8,105,2.107668046729259,3.095032880162141
19,40,0.06213954801872655,0.15404765718615626,0.3118552142342886,0.40340390672157533,0.009885383309266228,0.0937752685062614,0.0027607812333883,0.00935219995150543,0.0,0.4,0.8,108,2.1179142396239485,3.352507444784902
19,41,0.06255476224062032,0.15951075155069816,0.3275668024240166,0.43184067947339044,0.009584074971850348,0.09334402898905596,0.00317775337141646,0.010140253792148191,0.0,0.4,0.8,116,2.07777785616642,3.1269502503947324
20,0,0.8837264118862467,0.9308033325689826,0.9288374943836681,0.16482043483675476,0.0,0.0,0.0,0.0,0.0,0.4,0.8,1,8.119528568268056,26.139860012059675
20,1,0.40456536882126354,0.5490391560145179,0.5362211891643588,0.09372715261843924,0.39410054065056366,0.0945517266809674,5.906828194448e-05,0.00020983804950952,0.0,0.4,0.8,3,4.753497930834576,10.28677521362048
20,2,0.1295870724516742,0.19314076734594346,0.18030959231316945,0.028517955248011536,0.3740718421325402,0.105827983794523,0.00024570542632242,0.00087286011571937,0.0,0.4,0.8,5,2.7746133725509226,2.3834105420712617
20,3,0.07696339104742654,0.0921142623668713,0.0662708090405862,0.010164578254795567,0.1012523639150055,0.1098632581503299,0.00053161453750032,0.00188854244558572,0.0,0.4,0.8,7,2.308189918779159,2.892100044036806
20,4,0.07012782560675142,0.07976510413150634,0.05359783896795811,0.010598008530738365,0.02424843148466222,0.10043959444329816,0.00033303143820169,0.0007853406523741901,0.0,0.4,0.8,8,2.30645559779665,1.7685736085320385
20,5,0.06933234554814079,0.08367162282849139,0.06773172724380427,0.015617980776658743,0.002311896791536687,0.0998148667994868,0.00033390622906543,0.00076249878661728,0.0,0.4,0.8,10,2.319605765678972,1.8250477607954625
20,6,0.06921327679067615,0.0888896533310341,0.08321423682312319,0.031207061874402482,0.0009639391001044243,0.09954688432711276,0.00033417444632795,0.00075406624095698,0.0,0.4,0.8,12,2.3341224999541423,1.878287457866507
20,7,0.06827158578599558,0.08090986272602334,0.0648713797891502,0.033961433319372486,0.008152410453882139,0.09123288174065117,0.00040918747433335003,0.00160910194418986,0.0,0.4,0.8,13,2.413306138486366,7.047548434709987
20,8,0.06706598741793839,0.08440107464635797,0.07859007692460364,0.03758203473279909,0.0025846996393683406,0.09105050938449796,0.00038204865557833,0.0010807180044476602,0.0,0.4,0.8,15,2.364777169572532,4.3163167361099095
20,9,0.2025967227839614,0.21195638300713004,0.19572937831042006,0.16599390434184091,0.14969667231375786,0.09178361438831416,0.00139950647534707,0.17322152883719172,0.0,0.4,0.8,16,2.548564381389413,68.13751872651855
20,10,0.19307669032073893,0.20713750711774875,0.2011383998772313,0.16563984818800637,0.13191598945063096,0.09159360046242172,0.00131690680049587,0.16230543322866048,0.0,0.4,0.8,18,2.5520256423527883,66.93427214376422
20,11,0.06264049813981647,0.07013201369608923,0.05379824451872911,0.05254189279080963,0.0034098916697734307,0.10088621405952251,0.00031409469719888,0.00118411438666115,0.0,0.4,0.8,20,2.5069366057091536,2.0756465108117603
20,12,0.060399227765632515,0.0710969204838503,0.06490650205036227,0.056550886846197364,0.005675604068017554,0.10088094016503787,0.00031642848043085,0.00117442804480603,0.0,0.4,0.8,22,2.478215859084394,2.065123388527991
20,13,0.060392950303336836,0.0710744059475881,0.06488318592842804,0.06166789604129285,0.0011414619156477877,0.10100189733287528,0.0003167591941584,0.00118641409172201,0.0,0.4,0.8,23,2.475457531944115,2.0710426163254616
20,14,0.060281725959943244,0.07626230098274894,0.08033338546747917,0.06670659463680331,0.0017103762607796895,0.1009001400856216,0.00031594644481246003,0.00122912689099147,0.0,0.4,0.8,24,2.4765596577948954,2.034890759845076
20,15,0.06243343940816144,0.078059974184599,0.08211093811640864,0.07685364648424378,0.00435815644084554,0.10205793782953314,0.00030784447689555,0.00436924245550209,0.0,0.4,0.8,26,2.47876636986297,2.8317342497323765
20,16,0.06435701471957933,0.07994227025460542,0.08399110051502444,0.09520562484966799,0.005726328256290369,0.10372160777142898,0.00017201498016749002,0.0068864019428468495,0.0,0.4,0.8,27,2.512764075676767,2.25252964551088
20,17,0.06250806892545024,0.07433896514065903,0.0781764730231346,0.08199660986269051,0.022749315114587103,0.10112678731139016,0.00065122937220093,0.00893866314170903,0.0,0.4,0.8,28,2.5520346354484134,3.584036101035724
20,18,0.059566636027769466,0.0763294574965815,0.09040875087143155,0.0929435766622557,0.007063503644394224,0.0976078859565999,0.00037767036274217,0.00602346955959231,0.0,0.4,0.8,29,2.475779983416193,2.5520810952320456
20,19,0.05605038985488366,0.07256448330810847,0.08662992276851782,0.11765959806510037,0.001791809094739434,0.10347003737589164,0.00068625179530845,0.00177174150311982,0.0,0.4,0.8,39,2.569831887267274,3.754630318330747
20,20,0.05638470925869244,0.06715571537944665,0.07093382724075219,0.11623421692118382,0.003524006366814511,0.11760451247581705,0.0005690979658843399,0.00260859794484088,0.0,0.4,0.8,40,2.437494869259116,3.3070238101290976
20,21,0.05456227439114554,0.0644393738032526,0.0681675965233295,0.12159096188619695,0.004975325242087949,0.10982418580974995,0.0002712675421664,0.00155668654736414,0.0,0.4,0.8,41,2.6220820663212376,2.5163717258345177
20,22,0.05386654581851212,0.07242634793365381,0.0965730209271145,0.13221922869307345,0.011673225320303042,0.10886134368682768,0.00091815134505146,0.0030014386788559397,0.0,0.4,0.8,42,2.577929865553062,3.958585391979348
20,23,0.05122358006723239,0.06737520725000885,0.0913887423538969,0.14826000756127752,0.005622009047811862,0.10556996919005276,0.00083460382096709,0.00258446207128882,0.0,0.4,0.8,45,2.6141899015306054,3.6729588576612016
20,24,0.05103720180247688,0.07789933493643127,0.12244452882129195,0.1674643069657374,0.002526353303993473,0.10584908593710216,0.00083416249139543,0.0025618549791522,0.0,0.4,0.8,50,2.613713656386073,3.66566092454369
20,25,0.059169458781638096,0.08596705106528474,0.13050852422412962,0.2099858094066543,0.010704087873079953,0.09823376957399382,0.00134158928485398,0.01254877244016179,0.0,0.4,0.8,52,2.7494675447819947,2.9305016202971546
20,26,0.05664529085976383,0.08139678642052256,0.12582604593966024,0.21167871505223915,0.018120128721580926,0.09768642241260785,0.0015819301587649398,0.01166058009296623,0.0,0.4,0.8,53,2.845077006305884,2.25856455986542
20,27,0.058302141710797284,0.07124672688470429,0.09508445556265753,0.1840936886371616,0.013683300079542484,0.10330069737731976,0.00208328600997527,0.01454334838837997,0.0,0.4,0.8,56,3.0771370054962066,4.022969479867021
20,28,0.05745716761655521,0.07402082407955042,0.10802965223175315,0.19479873473788462,0.016917796008479258,0.11830512091937735,0.00223363093050459,0.01551168415154813,0.0,0.4,0.8,58,3.008334425628852,3.4085670194928683
20,29,0.055443569753220776,0.07525207040910492,0.11941206654230266,0.2193191085247324,0.01762996943364678,0.11963942642784124,0.00217056169158856,0.01553197409977627,0.0,0.4,0.8,60,2.964739713106192,3.082258030192243
20,30,0.054785925246035955,0.0787899330977902,0.13315282859971375,0.22969692724139942,0.016217048359448337,0.1169412929881322,0.0020578097574699703,0.01617708587977901,0.0,0.4,0.8,62,3.000592553645173,3.30045498105284
20,31,0.049834091792041776,0.0900949964407046,0.17526557943472237,0.26330197323680843,0.00898447873121502,0.09824780124328372,0.00368297512722011,0.009262140460044841,0.0,0.4,0.8,65,2.601244167916061,3.2902203482617502
20,32,0.04813483235898222,0.08737421179655286,0.17248975936340968,0.27230630487623203,0.012100221042119311,0.09972704373782101,0.0034510094204175798,0.0084008403704008,0.0,0.4,0.8,66,2.676173090330124,3.36762192406942
20,33,0.04596160737690021,0.08329704478975972,0.16831030695191865,0.2908076371198456,0.009111983565155999,0.09760514228097508,0.00298477195713374,0.00804010744403643,0.0,0.4,0.8,71,2.624623976980164,3.404983438905316
20,34,0.044628401298507814,0.0863421197338974,0.18156880146356497,0.31166674229312064,0.007928644230715685,0.09760023967331775,0.00294632580329367,0.00757347124275949,0.0,0.4,0.8,77,2.590573619711594,3.3229517401261504
20,35,0.03850435917543372,0.07257958723430698,0.15741851410042482,0.2873952929700715,0.00445775798416255,0.09905015397315467,0.0006249034465047999,0.00348874321893976,0.0,0.4,0.8,83,2.7980765824687723,2.888562724981418
20,36,0.038854632674145254,0.07650052151809676,0.17151050228848685,0.3632185733858324,0.005685790130409118,0.10810163895352487,0.0011978333366036299,0.00568452545825918,0.0,0.4,0.8,94,2.5218926574178604,2.9069935713541883
20,37,0.041069709637906224,0.09194433640381892,0.2176019081837889,0.40720153735985753,0.012883641060337134,0.09562577761624737,0.00093777137419445,0.01191765942677791,0.0,0.4,0.8,98,3.0240925277146937,2.665476190029592
20,38,0.041549128649500715,0.08043521915542373,0.1854938981109267,0.3900104281822894,0.015520069095601784,0.09537414297775092,0.00109784993971303,0.013607063056587529,0.0,0.4,0.8,99,2.927187019212377,2.4604650371530825
20,39,0.03922775231366018,0.08867253823185675,0.2142549290239991,0.42011555681288404,0.009600559472933637,0.09676241432701807,0.00089211651908627,0.01115987911192835,0.0,0.4,0.8,103,3.0202979502682585,2.5552325833399463
20,40,0.03514300446001378,0.07970112019461258,0.20502835648416357,0.4429717564521333,0.011949265295470288,0.09571039845206561,0.0009104532535865,0.01117073162238083,0.0,0.4,0.8,110,2.9642844526525964,2.685506477522861
20,41,0.03514270960578856,0.08514469942941823,0.22074245147306448,0.458633240320575,0.009302735116561189,0.09570737225164891,0.00091069948801359,0.01117111523629791,0.0,0.4,0.8,112,2.964269446031188,2.68593271880757
20,42,0.035107147583455456,0.09592208300432088,0.2520570091202074,0.4864775192690132,0.009387641819273504,0.09601513615985512,0.0008973439460001301,0.01121315134711955,0.0,0.4,0.8,117,2.9679707905550314,2.6822982977098557
20,43,0.03524868250810843,0.11781137789277887,0.31502730346774266,0.6534569310616684,0.009500611508675549,0.09517265266624106,0.0009352019619352101,0.01140373682522214,0.0,0.4,0.8,150,2.996977949097171,2.6985555475962197
20,44,0.03310625855726197,0.126435465839238,0.3441860698124393,0.719360875126711,0.007495411727492613,0.10024703744905661,0.00205619912408958,0.00829269837943947,0.0,0.4,0.8,162,2.845605599910745,2.1141406685209527
20,45,0.03282229759500533,0.11992340406482635,0.3273627389060358,0.7185207276053871,0.009294701393815335,0.10089935941442063,0.00186700410804259,0.00884284060166044,0.0,0.4,0.8,164,2.92014907968062,2.0462752036153
20,46,0.03186851803607389,0.11844647548603914,0.3258585920969174,0.806772332480163,0.007462651753721994,0.098876638415338,0.00217085402790123,0.00803842975017305,0.0,0.4,0.8,176,2.788114903699736,2.0857410900483027
20,47,0.03581735973487648,0.0894260747485847,0.2351989021843726,0.7702960320724624,0.012066102620200444,0.09296295730805744,0.00408926483106412,0.01232437418829907,0.0,0.4,0.8,178,2.974565056310276,2.2376899758333315
20,48,0.03443095399129352,0.09780657554153899,0.2640625981769861,0.7958467317831988,0.012436079574217804,0.09403862189551979,0.00412569200835574,0.01172528778223622,0.0,0.4,0.8,181,2.965545987605671,2.78347640837999
20,49,0.04288446975918572,0.12230682380202473,0.31935974731364,0.853416936960587,0.01980268674311096,0.1097423560801198,0.00361513311330179,0.02284201206779812,0.0,0.4,0.8,194,2.865285889736825,9.53405166761492
20,50,0.04254482403337312,0.12176661624991028,0.3188093268813812,0.8726528021608441,0.019919301898925622,0.10992087435956852,0.00357325460601948,0.022643186731898877,0.0,0.4,0.8,196,2.851935255567753,9.564385602250416
20,51,0.030608904138846822,0.11476207590339177,0.3220488992038071,0.7924885184249589,0.010641672497099908,0.09384173445518494,0.0034950165059840902,0.00828725930968352,0.0,0.4,0.8,197,2.903767384516703,1.92745455500516
20,52,0.029138132296145206,0.11868658374772059,0.33624153860744643,0.8021856053471266,0.006702512820911425,0.09486923714542504,0.0033372295355425297,0.00657998044266965,0.0,0.4,0.8,199,2.8729872209404554,2.05101278196911
21,0,0.8531233809670596,0.9114712421363269,0.9089560723352154,0.1610344252061783,0.0,0.0,0.0,0.0,0.0,0.4,0.8,1,8.895104325703244,26.226302799655457
21,1,0.3892463140310175,0.5329267619968291,0.5196515792911638,0.09734060324749527,0.390745527427462,0.10326312609458528,5.876070326309e-05,0.00018895403560769,0.0,0.4,0.8,3,5.134531739021486,10.288539964260272
21,2,0.08666447605826692,0.11656875778823565,0.10155443341910443,0.02175870460434619,0.4369905928913092,0.11876794102500718,0.00035897500489564003,0.00115433907510637,0.0,0.4,0.8,5,2.29698708223529,1.683646364765621
21,3,0.08632668195548102,0.11588456533384768,0.10084669577915172,0.01715740629351782,0.002116284023596364,0.11947276153340629,0.00040438831472724,0.00130037252410309,0.0,0.4,0.8,7,2.106215326235932,1.805970323670438
21,4,0.07905481280618021,0.09703539066724629,0.07135982627582232,0.024951167049131702,0.027257088006052872,0.1067241535218137,0.00032886516148146,0.00074457300853382,0.0,0.4,0.8,8,2.11427874804906,1.7843683705622462
21,5,0.07864612998141239,0.10171534979108054,0.08628890553332687,0.030787590313444076,0.0014802735709476206,0.10651896083310393,0.0003296964711713,0.00072231445431502,0.0,0.4,0.8,10,2.087990225781953,1.7946586922492214
21,6,0.07848535695844876,0.10687726488128117,0.10171456635811373,0.03702917404787579,0.0009477608284341948,0.10615887470222676,0.00031907056849593,0.00069446417306901,0.0,0.4,0.8,12,2.10547207640588,1.8168655309510515
21,7,0.07688673219011673,0.10926099691883909,0.11428184234116645,0.05753618534212152,0.0019446479606128268,0.12161896588376568,0.00021839606136922,0.00074370650960395,0.0,0.4,0.8,17,2.163709451896914,1.982841136839708
21,8,0.07363568868790285,0.10296926902261698,0.10781042112980185,0.07161551046364921,0.013745421549774133,0.12072779179497779,0.00023016904447990997,0.00077276600867909,0.0,0.4,0.8,18,2.1725116747639506,1.924974126525257
21,9,0.07439134113638621,0.10283381329133884,0.10762273763248789,0.0704558332441131,0.003365543403533489,0.10230916862415369,0.0008539531918712901,0.0025931221867672603,0.0,0.4,0.8,22,2.3941682806703617,12.430722816479072
21,10,0.07417816177836586,0.10800299170058619,0.12305896370448005,0.09423790824729779,0.0023136421239781505,0.10237009155604844,0.00083533073232818,0.00241904037224722,0.0,0.4,0.8,28,2.356202909129633,9.817582146967048
21,11,0.07232189440524642,0.09423008252311588,0.0886845977850576,0.09579060892626148,0.005865966141040594,0.12210646885453218,0.00052350214002449,0.0016153941048922898,0.0,0.4,0.8,29,1.98544628011116,2.1280950365842037
21,12,0.07878406860227165,0.12180236744460432,0.1573004078194107,0.1311315044998108,0.009143586626224071,0.10038639046254023,0.00077347947268916,0.01045137322051465,0.0,0.4,0.8,35,2.505936221173832,9.805384186606194
21,13,0.07608699292861254,0.1179438238046562,0.1533742113381107,0.1320730629329728,0.01209833495962416,0.09950422923326271,0.0006265320340001201,0.00867619623419255,0.0,0.4,0.8,36,2.423218261319964,9.640330794943203
21,14,0.0704365405580151,0.10674057449662361,0.13189401347431112,0.13515737116107648,0.0018093069327390393,0.0963851741250935,0.00039387820506273,0.00187241380484477,0.0,0.4,0.8,39,2.4703757750488182,9.68231830480966
21,15,0.07077519734435025,0.11601552872435432,0.16159707512480845,0.14603776119487297,0.012237395019422947,0.09734695130858596,0.00029323946750768,0.00488320960383963,0.0,0.4,0.8,40,2.471963264812438,9.575449182691026
21,16,0.06937083624529743,0.11944425459873902,0.1752610284281993,0.16013264038451624,0.0045322053040782306,0.09792475463530788,0.0003152567740204,0.0039058974922919895,0.0,0.4,0.8,42,2.43704871399852,9.23687648003857
21,17,0.06606049472787277,0.1251092499411969,0.201357029994504,0.17686314371278694,0.00456912731990417,0.09590998550115488,0.00046613184191069,0.00214597263619821,0.0,0.4,0.8,45,2.421698143690097,8.290765945586447
21,18,0.06532507099373915,0.12364118969489873,0.19984683193485903,0.19567229491823812,0.0025224773023328566,0.09675309271624713,0.00039281629658759,0.00219487439020741,0.0,0.4,0.8,50,2.4498360380669952,8.29131327323851
21,19,0.06796672565789408,0.12603304552974412,0.20222459011162403,0.21468100375287172,0.005154644296894827,0.09863000199026196,0.0033533608268781303,0.00433459582501582,0.0,0.4,0.8,53,2.4388132376294296,8.959916478647983
21,20,0.06488812123333657,0.11670394738803867,0.1825786804276414,0.1987767361195795,0.004217878197783198,0.0888138098484435,0.00048828586996203,0.00293733429147006,0.0,0.4,0.8,55,2.484310361522084,8.137466994090138
21,21,0.058243369706882896,0.1097082604971035,0.18552542128523397,0.2089539350443593,0.013584829901297363,0.09358009033044792,0.0004379455092935,0.00186077958710323,0.0,0.4,0.8,57,2.277168086941046,8.744909519370045
21,22,0.057222174292399015,0.10207478049281378,0.16755550111853865,0.2019930357796567,0.004161490424592205,0.09525127260246992,0.00043685889040086,0.00200948714798929,0.0,0.4,0.8,59,2.3173684618666988,9.061443011840002
21,23,0.05714118907420037,0.1073554467407492,0.1831023246378321,0.22504583575837217,0.0019521298583433655,0.09525127260246992,0.00043685889040086,0.00200948714798929,0.0,0.4,0.8,61,2.2980528451122977,8.973098942300425
21,24,0.05579154076894455,0.10927482450156531,0.1951708072859757,0.24165351479352926,0.0113650958569894,0.09796266172338054,0.00046103798846298006,0.00294103023635615,0.0,0.4,0.8,62,2.3815412426536264,8.820603714923552
21,25,0.055131188782605756,0.10848487469459225,0.1943735889699173,0.24106798574667185,0.0022638560286754733,0.09687946433368828,0.00045043309313437996,0.0022766825303757498,0.0,0.4,0.8,64,2.32449737054952,8.931646461838026
21,26,0.05543611134561408,0.11406734699140132,0.21021750950097107,0.251604852741034,0.0028052376902544234,0.09797869226449743,0.00046900754700189,0.00284944899891354,0.0,0.4,0.8,66,2.373255623194153,8.900483226275426
21,27,0.05480199544691924,0.1401660109275117,0.28764159544095336,0.3063817612014241,0.002502994196804702,0.09787981676346218,0.00048613598368981,0.00263742985877863,0.0,0.4,0.8,76,2.338659740653969,8.965116545090913
21,28,0.05887209159837464,0.12744435809817417,0.2440827323861245,0.3141825454255435,0.007181449873427382,0.0977861688255385,0.00301347149737289,0.0070085228135512,0.0,0.4,0.8,81,2.3592256085944143,8.02873747459855
21,29,0.05805060264733695,0.12425250425820843,0.24075943029940486,0.32165584509183215,0.013008891671539704,0.09767221998228728,0.004454794108056119,0.00807553840084884,0.0,0.4,0.8,83,2.3438911837387204,8.076154903163216
21,30,0.05792239326220227,0.11854346928562129,0.22477220349104687,0.3451720822613976,0.00833313884215715,0.09767221998984069,0.00445479408458826,0.00807553839361431,0.0,0.4,0.8,89,2.3602923519490586,8.14708676561007
21,31,0.05792239327184892,0.13487797574626634,0.2719188718512545,0.38508850361372043,0.008242484200215573,0.09767221998228726,0.004454794108056119,0.00807553840084888,0.0,0.4,0.8,91,2.360292350222067,8.147086763822287
21,32,0.05789097387159397,0.11304352795092948,0.20900060548747895,0.2592790365727472,0.008242971868879975,0.09760393134630296,0.0044671684848741604,0.00805821058667339,0.0,0.4,0.8,101,2.365309532101591,8.126376419226608
21,33,0.05789097387159397,0.11304352795092948,0.20900060548747895,0.2592790365727472,0.008233486805071213,0.09760393134630296,0.0044671684848741604,0.00805821058667339,0.0,0.4,0.8,105,2.365309532101591,8.126376419226608
21,34,0.057793898046978334,0.1182789398638234,0.22450012091502836,0.29363816309244606,0.00869422938017778,0.09714184476366444,0.00446144575703531,0.00807263094059058,0.0,0.4,0.8,106,2.3417468557346326,8.016973789404437
21,35,0.05735131920951356,0.14413169892392402,0.30165514124658305,0.4509451963950253,0.00991429721729819,0.09766498487568548,0.004481507589333441,0.008602123086296699,0.0,0.4,0.8,109,2.374411763539117,8.199250986034055
21,36,0.05682689850552987,0.14849182108710293,0.3162548037515275,0.4734192433333975,0.009792030402139003,0.09766498487568548,0.004481507589333441,0.008602123086296699,0.0,0.4,0.8,111,2.326785330589269,8.00479007050033
21,37,0.05682667620069829,0.16482582021547998,0.3634006233390874,0.519388029819073,0.008674408627185947,0.09766498487542637,0.00448150627597245,0.00860211270858143,0.0,0.4,0.8,121,2.3268187529489066,8.004945752466973
21,38,0.05904070904483013,0.1494904791787023,0.31718670617291583,0.48618975623784194,0.014443650885223447,0.08901575947698723,0.0064468625098572496,0.0118038718466076,0.0,0.4,0.8,123,2.4057064294638595,8.874862189177275
21,39,0.05452702023043364,0.16100809198707577,0.35949959167836687,0.5299858295171185,0.007900272786893,0.09776625561081476,0.00507075529559085,0.00720213415701508,0.0,0.4,0.8,134,2.354419316737125,8.032327914837305
21,40,0.05493708396026242,0.16666534172728606,0.3754165864504952,0.5658800842218187,0.008461786008926383,0.0978487762171934,0.00480581783114719,0.008076593665837729,0.0,0.4,0.8,144,2.430190853162624,8.031754034437574
21,41,0.05485314648458352,0.17136472209163015,0.39035062939908827,0.5757363551315104,0.00978755897950422,0.09784804915524477,0.00514399520715721,0.0085683602781661,0.0,0.4,0.8,147,2.411711074970285,8.033866211757871
21,42,0.8471430503863302,0.9959037898406989,1.2764900957540846,1.5158842496560765,0.8016497631080857,0.09759433321837452,0.00397556650993202,1.0,0.0,0.4,0.8,175,2.3260744700786145,7.876088771588656
21,43,0.05075356212351651,0.19939116927965517,0.47997095803116735,0.8626891264305298,0.005359501267390195,0.09484938099620879,0.00121203930478774,0.00603696608736366,0.0,0.4,0.8,186,2.360683849383391,1.981873814175828
21,44,0.050749429409243006,0.19937329046279473,0.47995206144995134,0.8626924935143658,0.005369318630071999,0.09484794858301723,0.00120760356188738,0.0060498603721869,0.0,0.4,0.8,187,2.361525380041158,1.9794875620671164
21,45,0.051078578106109676,0.19958840954940285,0.48016113474524535,0.8605646467935651,0.005983764447327501,0.09415522802189076,0.00114480815294646,0.006624326202038169,0.0,0.4,0.8,189,2.3907774633741696,1.984092511783644
22,0,0.9029679066956304,0.9427065990050149,0.9410789135472413,0.16715130739168352,0.0,0.0,0.0,0.0,0.0,0.4,0.8,1,7.644495532384624,26.11867599364589
22,1,0.42475731661599203,0.5697604730727173,0.5575314573041948,0.09777520577936627,0.384981761977826,0.09600300603973735,5.756566760681e-05,0.00019534718489940998,0.0,0.4,0.8,3,4.249769173106403,10.216379575480032
22,2,0.0819410580402566,0.1074542504274646,0.0921740260642797,0.012144446430989289,0.48484937474600825,0.11053514811942948,0.00041797327497672995,0.00141837845410888,0.0,0.4,0.8,5,2.106435040453843,1.921109960050988
22,3,0.08025593544283922,0.09930757664229362,0.07369615376513454,0.025411018168854615,0.0022210104345651294,0.10207076434927287,0.00032926429141466,0.0007677243967022099,0.0,0.4,0.8,8,2.0500133117744133,1.757858985695772
22,4,0.07986114765893568,0.11428975777804028,0.11943272451285179,0.026283797241319472,0.003486573276659081,0.11091733016034544,0.00045218530357989,0.00153447583915051,0.0,0.4,0.8,10,2.115484453115417,2.1854447501798693
22,5,0.07964922272228396,0.10842226156950395,0.10328222484323894,0.033829833117886926,0.002340571381314522,0.11098396313187653,0.00045855233290391,0.00155608214211419,0.0,0.4,0.8,11,2.111543213527093,2.2403366266481024
22,6,0.0780112027122057,0.10080093346201557,0.08535792321416523,0.03900597845815214,0.0015467380695798083,0.10275636327865241,0.00016756324707232,0.00039314033261022,0.0,0.4,0.8,13,2.067815356997723,1.758375331260025
22,7,0.07632186537277263,0.09715908277418285,0.08160030432380139,0.04098850747027494,0.009237581116468793,0.11140310930310049,0.00027008658203785,0.0008905676017118899,0.0,0.4,0.8,14,2.152784528647139,2.879553809264533
22,8,0.07571626276910677,0.10144035713246646,0.09611909916591985,0.04757917734841898,0.0020164266199488873,0.11190073622788695,0.00026692986015113,0.0008897531540186099,0.0,0.4,0.8,16,2.121079949023718,2.857715926167651
22,9,0.07566498565995872,0.10134026421455274,0.09601626683036338,0.050016016942230714,0.0010304252345086696,0.1119101454045139,0.00026798315007028,0.0008912252036955001,0.0,0.4,0.8,17,2.121226120478484,2.8574903803449883
22,10,0.07548423346033412,0.10647330429745663,0.11141209190171279,0.049399401207846555,0.001343201171618741,0.11118333233922983,0.00025650628790187003,0.00084785393012867,0.0,0.4,0.8,18,2.1543920547706965,2.599089931277528
22,11,0.07540551983403204,0.11176643278480664,0.12697151437035403,0.0664285290204201,0.0009372135472864435,0.11118333233922983,0.00025650628790187003,0.00084785393012867,0.0,0.4,0.8,20,2.14998034539765,2.596559233012995
22,12,0.07389755267684847,0.09765827334776868,0.09222145213210654,0.0716236237839558,0.0035469931149691818,0.11695711648901783,0.00027580768642434,0.00124811890288269,0.0,0.4,0.8,23,2.1972307133235125,2.9253522783810086
22,13,0.07391359677271443,0.09764838329924715,0.09220996358072284,0.07411221020573601,0.0012643688466250655,0.11738505759942282,0.00028065394262217,0.00130062930697055,0.0,0.4,0.8,24,2.2024452739156333,2.9315596855693933
22,14,0.0716377914166023,0.09867807377545967,0.10338498353427378,0.07884967381827329,0.01024336780914435,0.11561736111917709,0.00029178514322801997,0.0012888040546907699,0.0,0.4,0.8,25,2.2157714233718115,2.901074721718179
22,15,0.07163079367787197,0.09866232806927368,0.10336887115699281,0.07884846120528705,0.001187696912369902,0.11566106355140908,0.00029155427299189,0.00129187709201282,0.0,0.4,0.8,26,2.2154851748429665,2.901316070385944
22,16,0.07056269085834768,0.10209893155801618,0.11702130108153228,0.0893837142788514,0.00505127132734189,0.11535562413493268,0.00026927864268664,0.0012045836505148301,0.0,0.4,0.8,27,2.1776890858156293,2.372917985968447
22,17,0.15678376745284864,0.1928847774732795,0.2180262321250149,0.198051697229272,0.0889560090375264,0.11170219102658543,0.20087689040500614,0.009828136657407501,0.0,0.4,0.8,32,2.1182570250902293,2.863450843336413
22,18,0.08081085966830695,0.1276267651146403,0.1732994892027488,0.12219130772125411,0.013160117757346799,0.10736091774894434,0.00834212306635531,0.01135747975289763,0.0,0.4,0.8,33,2.1471355112202404,2.863280622155293
22,19,0.09727399185307134,0.1380491655921065,0.1734169007462112,0.14790447553872735,0.032015407517191244,0.11170304359065852,0.01309988223453645,0.030333246030487322,0.0,0.4,0.8,34,2.1282763451436564,2.8633043702279606
22,20,0.1904634842778758,0.2401078351321824,0.2958997634778586,0.2542056128310857,0.13326488437644476,0.11138612633048246,0.03010882573408043,0.14092778840389997,0.0,0.4,0.8,35,2.155930273735334,2.9569883257599945
22,21,0.26681726190010446,0.31594166353832526,0.37170389831892964,0.3399633862857262,0.20275762783307105,0.1084547172496864,0.00854061120975453,0.24782040135991074,0.0,0.4,0.8,37,2.190434876818041,3.040303093086227
22,22,0.15583804772327123,0.20973364699649913,0.2757274955137994,0.23531955578331482,0.09278896996740818,0.11108059736636455,0.0040230626952854,0.11221711412353612,0.0,0.4,0.8,39,2.1045563372155733,2.6401920021590137
22,23,0.07253081418964435,0.12896631802554936,0.19510661639858007,0.19410603712843408,0.005729572513785293,0.10783663250653697,0.0019320514870562098,0.005862973184511721,0.0,0.4,0.8,51,2.4122935932293577,3.022411786626595
22,24,0.2374848847362547,0.30062836492549844,0.3870693301799334,0.37049703452836663,0.17651812831011582,0.11186893590863053,0.00455510505701998,0.21609735758288084,0.0,0.4,0.8,53,2.063741471838993,1.8737125875551133
22,25,0.3718744703337389,0.4447317311878226,0.5516469152620223,0.5313347698708728,0.31108828913013176,0.08928141830205147,0.028320446281517857,0.37368494142725206,0.0,0.4,0.8,59,2.080400587552369,3.675760691832112
22,26,0.17861348722852208,0.24871025636591185,0.3554686638907774,0.3460292074000239,0.1254613629760289,0.10319888628440084,0.00745880099204964,0.14598510842864248,0.0,0.4,0.8,61,2.059302380919622,51.68150795496116
22,27,0.1761036839357101,0.2563906443182505,0.38365088968604777,0.35508228192965163,0.11852783576304377,0.0971678908767172,0.00831691137985712,0.14328376268489756,0.0,0.4,0.8,66,2.059552819642527,5.378996932494217
22,28,0.2064585444764438,0.2864960176431105,0.41374209944358686,0.3886663207155121,0.1495726391304092,0.10266096684349482,0.04934802839238748,0.16101846331765074,0.0,0.4,0.8,67,2.100175570438094,1.8359062810623796
22,29,0.12771163563376917,0.20695080145062422,0.33415173282321237,0.31347729397370416,0.07386018311660186,0.10485576233933772,0.00972658731598227,0.08337770575423101,0.0,0.4,0.8,68,2.051643352374887,84.19711597098248
22,30,0.06087254661167226,0.13344512965761834,0.2503068426599348,0.31625924951368695,0.005242739836828993,0.11568449342623091,0.00194589090242042,0.005213893926077779,0.0,0.4,0.8,85,2.0584781721358896,2.774260971015984
22,31,0.05593429114697087,0.13609760185438935,0.27331635369650203,0.33696188564047513,0.01658960261014083,0.12321929073500645,0.0017868761778644202,0.00310982068864857,0.0,0.4,0.8,86,2.0468274020520054,2.739532074526516
22,32,0.056311574990644535,0.1363326801607036,0.27354339158428664,0.3624104153537125,0.0038121651469439476,0.1232615042904948,0.0017393019574080601,0.00377577527340688,0.0,0.4,0.8,92,2.0465007032804308,3.1353494220883324
22,33,0.056077557179012444,0.12939389263676915,0.2562640877261031,0.3812701158813925,0.005703651970851981,0.11583013475922996,0.0015483209127055701,0.00508428362241178,0.0,0.4,0.8,97,2.0844866522917425,2.564433807432734
22,34,0.05608931376472578,0.13279709440237664,0.26982435744008987,0.37436967709317776,0.014891093208325913,0.11389305867999247,0.00165825924476805,0.0074754611323157305,0.0,0.4,0.8,98,2.088347511258376,2.932756421872448
22,35,0.05427991700009078,0.1306381519757024,0.26764599134670286,0.3796203664333416,0.0065610808243502005,0.11097546286215014,0.0022404831775404603,0.0053335188207582,0.0,0.4,0.8,99,2.1271506916076706,3.018563521248048
22,36,0.054951680566650236,0.14072053317846156,0.29818800433556514,0.4254499945153455,0.009503170963553811,0.12331816885492142,0.00312781362822198,0.007462389002056399,0.0,0.4,0.8,106,2.140162392740032,2.547759643786036
22,37,0.05545303050320508,0.12885387103880822,0.26569924562626007,0.4386053055598724,0.01157298556692829,0.11567097514771485,0.0026345069527370603,0.01005491169822222,0.0,0.4,0.8,110,2.2038645115399067,2.5363924875633828
22,38,0.05473328408834811,0.13298829004907273,0.2800717294028832,0.4488686252312097,0.009714216330925972,0.11699685297307143,0.00235216089572314,0.00998000565448342,0.0,0.4,0.8,113,2.210970935054472,2.4936306422348293
22,39,0.054224748543741014,0.1353533901528265,0.2925674146781473,0.45809788024952874,0.018490484796341543,0.11412183670226368,0.00251534176049227,0.01221423124588195,0.0,0.4,0.8,114,2.1738406241149093,2.609487387059782
22,40,0.05359614499551013,0.1400639685062952,0.30754283877948785,0.45984275021340604,0.01046511021711929,0.11415799729488688,0.0025478241913316603,0.011532736672154289,0.0,0.4,0.8,116,2.1850978833787083,2.712583323879379
22,41,0.053062282590067365,0.1444485281242999,0.3221696505919443,0.47380344303986655,0.010879970508533255,0.11411693133421012,0.0032586018685944497,0.01110944296067998,0.0,0.4,0.8,119,2.202094829019537,2.8176521941513606
22,42,0.057857251431326175,0.18851579964357434,0.438194049929906,0.6316565868521625,0.013941741091903298,0.11068522202550994,0.00461919913828923,0.015101398253072041,0.0,0.4,0.8,152,2.3718695626948025,2.5541131425051438
22,43,0.055808829895594735,0.21681729112351705,0.5279933926394471,0.7317939142222855,0.014099614495337292,0.11535952845023549,0.00450540228281812,0.015234829369004398,0.0,0.4,0.8,170,2.273471385113986,2.09479024384084
22,44,0.055029789260881354,0.17685411698980164,0.40610306214334096,0.7845783166137044,0.009320085641143786,0.1206165599991282,0.0028060627845707302,0.01011122827294656,0.0,0.4,0.8,184,2.2812433786476447,2.7675733294724294
23,0,1.0,1.0,1.0,0.17837114993897257,0.0,0.0,0.0,0.0,0.0,0.4,0.8,1,5.243367503861255,26.089520221370076
23,1,0.4629772511200548,0.6074718410771829,0.5963144570353476,0.10515667415591791,0.40516626693034796,0.09223468551414564,6.220572150067999e-05,0.00018717005022116,0.0,0.4,0.8,3,3.3049695927756404,10.20934895666676
23,2,0.14644789678313638,0.2157295956810068,0.19342723327835762,0.03120522236255775,0.40524100504664456,0.10300104982709146,0.00024882288600271997,0.00074868020088465,0.0,0.4,0.8,5,2.5901134067328107,2.4752310014544943
23,3,0.05048743763876279,0.04506331567799566,0.028005824904823833,0.0034962494970876444,0.18389565427133617,0.10688832811896051,0.0005249973286085799,0.00157965817277063,0.0,0.4,0.8,7,2.906868940342064,2.5336043087948767
23,4,0.050381630571709905,0.044801910381679216,0.02773584402144933,0.006909746032325196,0.001825668038472103,0.10700851451383571,0.00053942968711713,0.0016230835233925398,0.0,0.4,0.8,9,2.955892869049432,2.692967450285125
23,5,0.047792412326568556,0.04021759504158261,0.023041990661319307,0.01880882554300012,0.0034435026023864777,0.10713316097880213,0.00028266852614968,0.00084603362209801,0.0,0.4,0.8,12,3.017159667683654,2.910297498504228
23,6,0.04715641229858781,0.03889051458151711,0.021676884792763248,0.022536072378844522,0.0035713172828100706,0.10830332770305304,0.00028454530633645,0.00085846948236832,0.0,0.4,0.8,13,3.2230527617507634,2.950504020148911
23,7,0.04483106075732974,0.03949279297215273,0.03241237213629294,0.023918471446077675,0.010742321741444107,0.1077612554131013,0.00028214361954902,0.00084525977409968,0.0,0.4,0.8,14,3.076855881189646,2.9017470560981957
23,8,0.041172743462584524,0.03721273733379731,0.04018274522736419,0.04745364809138718,0.004814235065513511,0.108130027069638,0.00028122518497474,0.00088024245993591,0.0,0.4,0.8,18,3.0536669276338584,2.8895362764191588
23,9,0.04023548504320612,0.024296696113292146,0.006666820248581298,0.0507532734114582,0.0017058872118038248,0.10873241740694768,0.0004525138224526,0.0008417342869209201,0.0,0.4,0.8,23,3.142997460487768,2.8452227620994366
23,10,0.03842057588635498,0.031320802394354565,0.03412214630945992,0.0654814205290443,0.004856345069351579,0.1057222520611634,0.00041979107482473997,0.0008673044120858101,0.0,0.4,0.8,25,3.3103822674733228,3.0525968691327368
23,11,0.03827401800922995,0.03100932244278449,0.033801829822085246,0.06815376911081719,0.0015003339999137106,0.10798893594251917,0.00041631968106085,0.00086768122327889,0.0,0.4,0.8,26,3.2463825662902472,2.9836891350725083
23,12,0.037950394719690785,0.03577819178707156,0.04882242149630984,0.07319552373654327,0.0022157488453319555,0.10565313576326332,0.00041310285470666,0.00085348629358522,0.0,0.4,0.8,27,3.2245173974540573,2.907521533139967
23,13,0.036877715877944556,0.04428694083929392,0.07780259993516314,0.08662256178408416,0.0019399058202074293,0.10717307133465064,0.00037649040624808,0.00096882836816784,0.0,0.4,0.8,32,3.160157954208902,2.948642502400354
23,14,0.03813030347182275,0.03893926795934592,0.062122739285991914,0.10578904049759959,0.007664183338969289,0.10790805592484369,0.0016566624882671,0.0031590710202500697,0.0,0.4,0.8,33,3.3888948098845906,3.632403438017697
23,15,0.0332048710554258,0.035884704094375504,0.06914933720922921,0.10546957626122823,0.008225907879914672,0.11130540241164025,0.00168854056267706,0.00084822821627387,0.0,0.4,0.8,35,3.539525731798262,2.9612546419692376
23,16,0.032296516289438255,0.03945351542582292,0.08293781418443216,0.11070587494076302,0.003119935415502632,0.11130968749972861,0.0014829971946082,0.00084834199100063,0.0,0.4,0.8,37,3.499916581523257,2.9321010841667103
23,17,0.03221697244010981,0.044725375024572044,0.09847539847420322,0.11939538672050523,0.0014500508817579662,0.11130968749972858,0.0014829971946082,0.00084834199100063,0.0,0.4,0.8,39,3.4565521266164,2.9110061878001816
23,18,0.035404053588695486,0.04202325022125222,0.08547922629073193,0.1261655624248745,0.006553616257017059,0.10926809447918824,0.0039055678223150502,0.0040985646727448605,0.0,0.4,0.8,40,3.5272082636769344,2.972331798664153
23,19,0.05646382348019659,0.07918326528322255,0.11352944924577735,0.15101286821004037,0.006746845895920086,0.10056090938601323,0.00796698428461271,0.00424597745277599,0.0,0.4,0.8,43,3.5763366202138807,3.1136123258788238
23,20,0.030170796462639777,0.039889834081660136,0.09349350326103029,0.14623276418804537,0.010017676939679797,0.11278070510745467,0.00228571744594206,0.0008449103520581499,0.0,0.4,0.8,44,3.3530198572360623,2.863055537584124
23,21,0.03525589766198748,0.03757194895514705,0.0907911649503118,0.16434380479465927,0.040729393692025426,0.11431505267635197,0.0054498990977392,0.013285445571184731,0.0,0.4,0.8,45,3.449063309738566,3.284013393025964
23,22,0.03525517160660582,0.03757028732322479,0.09078948509039844,0.16735156271264273,0.012811106845085563,0.11431505267635196,0.0054498990977392,0.013285445571184721,0.0,0.4,0.8,46,3.384345543654983,3.252683790291921
23,23,0.027284700015066377,0.042433937295192126,0.1162943753220781,0.1678415714830503,0.007420065087688768,0.107795610370085,0.0023910051473299302,0.0028674102901869803,0.0,0.4,0.8,52,3.3933775401279505,3.0365649302598494
23,24,0.031732784469387584,0.051967539131442746,0.12609296175324985,0.17312656789371483,0.005436041395590654,0.1081723637994437,0.00140596567179874,0.00363076188635597,0.0,0.4,0.8,53,3.3028265431379427,2.988916479422015
23,25,0.02848370784138995,0.045240466878348824,0.11918447242045316,0.17490087164040757,0.007659781327899311,0.10790989297899937,0.00242445341916094,0.00268747240168313,0.0,0.4,0.8,55,3.3490797001722714,3.13388185347366
23,26,0.028609248905356672,0.049435452081288994,0.1335787204033355,0.20151525678112822,0.004737356149608139,0.10763129277549617,0.0019241453966641,0.00451330544891796,0.0,0.4,0.8,62,3.2849376716126217,3.384302587796779
23,27,0.018409058575433762,0.03170797399490201,0.12545879636961874,0.2360735797831844,0.005266190923570826,0.10767754458937555,0.0022209856028893,0.00458356564659062,0.0,0.4,0.8,64,3.643773965257396,3.364262243122577
23,28,0.02428717746641998,0.0520647474286514,0.15654611140833627,0.2322501418035719,0.003329808505017816,0.10776595931031727,0.0017016493082452299,0.00323700208090424,0.0,0.4,0.8,65,3.3584722987108395,3.2291146282646928
23,29,0.025259320122718268,0.03778748605180266,0.12150451859915495,0.21816266332442155,0.012142159289586164,0.1079874918594487,0.009233660614527819,0.00505093735821716,0.0,0.4,0.8,67,3.43059928700742,3.321935313338132
23,30,0.024245909735584808,0.04009266490592101,0.13397246719537562,0.23106841603141587,0.008679743461266503,0.10682546348957858,0.009170906151974299,0.00591458058940582,0.0,0.4,0.8,69,3.4771257343156488,3.2729299511247003
23,31,0.02240104136785848,0.0366646104066071,0.13046382600788392,0.2539994296637491,0.007886884713842333,0.10695593970544981,0.00871000873648409,0.00538947507920609,0.0,0.4,0.8,73,3.519826362405808,3.711558389943664
23,32,0.018259539978558687,0.07783279215922345,0.26388117218956053,0.4529707609324139,0.0065200547399175916,0.10683565368610262,0.00213062065361432,0.0070795426679514896,0.0,0.4,0.8,117,3.6124487511604895,3.28998227849607
23,33,0.019881332619517543,0.08448686884935934,0.28078533887350277,0.47307657803532766,0.009964139719222807,0.12145323124237897,0.00382642520212866,0.008656258645191919,0.0,0.4,0.8,118,3.60647527222896,4.223737907253402
23,34,0.021048468202563272,0.09523990764441755,0.3120143384808755,0.46380400282886314,0.012996920587270876,0.11598708836026186,0.007509187897523061,0.00951995653566251,0.0,0.4,0.8,120,3.667294598344946,3.726530676105996
23,35,0.018627025676800787,0.08504146474949698,0.2914285597432324,0.4852622946775081,0.01842220065990941,0.12074352069499543,0.00513829192575234,0.009892852998215,0.0,0.4,0.8,121,3.582877316891949,3.974143017980245
23,36,0.01855457912474307,0.08486512378767205,0.29124708160947116,0.5037096900370872,0.010069774848049946,0.12072380191428009,0.00514406335107288,0.00989760006455989,0.0,0.4,0.8,125,3.583822230877875,3.9914508853355866
23,37,0.01853673781529456,0.09027660228277083,0.3069286271616103,0.5157808090458759,0.00999752517237444,0.12074352069499543,0.00513829192575234,0.00989285299821499,0.0,0.4,0.8,127,3.5601492918527216,3.977264598011325
24,0,0.9492825228034314,0.9706027403633657,0.9697675611435407,0.17261422493788,0.0,0.0,0.0,0.0,0.0,0.4,0.8,1,6.530938375312986,26.043997784635355
24,1,0.4431001354107246,0.5880970029630768,0.5763896109814693,0.10134877282105471,0.3947969865497768,0.09276797973921372,6.054246751761e-05,0.0001669688978776,0.0,0.4,0.8,3,3.802849213277518,10.203772691160484
24,2,0.15232008473059833,0.2252691819070412,0.20323974448686105,0.03301924116132157,0.37530224094204273,0.10359659438543782,0.00024216987007045,0.0006678755915104199,0.0,0.4,0.8,5,2.3922311877475617,2.486880390196
24,3,0.07459498467153176,0.09337824502655322,0.0776980171421499,0.01282330162574131,0.14363658298804563,0.10742050201027031,0.00050130580703845,0.0013825415701219101,0.0,0.4,0.8,7,2.235460799065248,2.4126309867028377
24,4,0.07451557923315749,0.09869667508644546,0.09328479494003589,0.017956888363071202,0.0013777228370865572,0.1073178950701291,0.0004901022218323601,0.0013516434196031,0.0,0.4,0.8,9,2.223304139533173,2.3042657289273665
24,5,0.07398957575934428,0.09269485229854592,0.07701010888220887,0.01936219603970017,0.0009176393780933093,0.10074980700936916,0.00038125038304284004,0.0007902166506266901,0.0,0.4,0.8,10,2.234021465388536,1.790422014659297
24,6,0.07132009721237405,0.08758237307823004,0.07175448384559262,0.03199757404685394,0.011107411763584716,0.10905541122349367,0.00027330847630016,0.00075366601065073,0.0,0.4,0.8,11,2.3230560653731254,2.902952789923776
24,7,0.0709510915356625,0.08686360089642356,0.07101550908490524,0.03588468564432967,0.0021946395908151403,0.10900837680682643,0.00027319841775521,0.0007535755704656301,0.0,0.4,0.8,12,2.335062661656368,2.90041905378765
24,8,0.07023602006899525,0.09095998192066496,0.08534549169330385,0.038036349581107846,0.003342886207571891,0.10877142532334798,0.00025444089184944,0.0007016314651404701,0.0,0.4,0.8,13,2.280768951107122,2.480489275428376
24,9,0.8685677054909032,0.8882259477763352,0.8825495088355862,0.8412393682294685,0.8046092662504034,0.17255450205455294,0.00027567902114301,1.0,0.0,0.4,0.8,14,2.313177805423657,2.871169588428705
24,10,0.06861337899725281,0.08223256063532082,0.06625077542643844,0.03145930075091223,0.003277623044234415,0.10740656190541828,0.00033761146850304,0.00079999873908454,0.0,0.4,0.8,15,2.308491571258213,2.871775661679297
24,11,0.06870600165425464,0.07681581626341975,0.05055980631113645,0.0315338577037087,0.001209583636966839,0.10727940061898511,0.00056647313551568,0.0008860141692152599,0.0,0.4,0.8,16,2.338395059356681,2.8607236929314297
24,12,0.06813848590811426,0.07581726924940829,0.049536312903710876,0.0401701728855282,0.0014181389607682085,0.10978486713338187,0.00031439233997003003,0.00086137868391644,0.0,0.4,0.8,19,2.2963676327513665,2.856655065380064
24,13,0.06763026945870312,0.0748243707193592,0.048515424378123055,0.04218866519324951,0.002844845721380178,0.10981363985908857,0.00031435589837147,0.00085403544419793,0.0,0.4,0.8,20,2.3145333070285563,2.83729311047262
24,14,0.06506087449149836,0.07453560986463542,0.05831518145928545,0.046463090961462554,0.014703257985783159,0.10922077063661018,0.0006158210623266401,0.00154745034520453,0.0,0.4,0.8,21,2.3151347722021365,2.896441194270796
24,15,0.06412367349913344,0.07301917439848295,0.05676561634717997,0.04822817095488106,0.0035421242900856085,0.10950515084447603,0.00053964711421515,0.0011489058140357901,0.0,0.4,0.8,22,2.324066651128849,2.9212961251452003
24,16,0.06344988707395231,0.07717952045513068,0.07116157239767865,0.05775261243622257,0.0019237960715631451,0.10920182113615755,0.00051791968919909,0.00108992104892983,0.0,0.4,0.8,25,2.2754044103041644,2.450974717488005
24,17,0.8696380281044407,0.8929410520038485,0.9073894485108231,0.8854338251515876,0.810407937265983,1.0,0.021480738507538368,1.0,0.0,0.4,0.8,28,2.420246040970755,172603463.69546422
24,18,0.08837392303764285,0.11074204226225232,0.12513727971030966,0.10992231197879293,0.0321211501067316,0.12139537811043777,0.00599367630096049,0.03233226963248772,0.0,0.4,0.8,29,2.4016472996865,2.8856189409366078
24,19,0.8613808250527849,0.8852328292308907,0.9096751093429849,0.8933544979018307,0.8133007993645816,0.21273201065183348,0.01295387817444887,1.0,0.0,0.4,0.8,31,2.386472094809473,16.632258591033413
24,20,0.8604960242730564,0.8832312110986635,0.907610552075001,0.9046765164112822,0.8076593289680015,0.20855718050977773,0.01346271215290771,1.0,0.0,0.4,0.8,33,2.522568732860421,17.50698780906067
24,21,0.8587087829602377,0.8798063953137738,0.9040944583485059,0.9038419694595539,0.8118252370357402,0.21124867066350972,0.012954187208361551,1.0,0.0,0.4,0.8,34,2.4820906079767338,16.837047810606457
24,22,0.8587126876624968,0.8852428237587779,0.9198006488661523,0.9208749934607969,0.8052231646728818,0.21795165391276566,0.012994234589445462,1.0,0.0,0.4,0.8,36,2.485747321683203,16.83704789323889
24,23,0.8581487668319646,0.8895538195468284,0.9343505404594928,0.9354667180311862,0.8063346835519927,0.21130134867975534,0.012954500247721629,1.0,0.0,0.4,0.8,38,2.467426849429298,16.792990626931807
24,24,0.07616836901349677,0.106669018827064,0.15141545891965805,0.1724975414495709,0.024473689937976974,0.1131271130144325,0.00938190751787934,0.025394004593224117,0.0,0.4,0.8,47,2.381923444151042,3.1950994195117643
24,25,0.8560651676469608,0.8953104931452214,0.9604790815637111,0.975314886887723,0.8103202138953074,1.0,0.01501022885519778,1.0,0.0,0.4,0.8,49,2.322943267217678,43.19573133354126
24,26,0.8559339831825655,0.894867282923915,0.960018631362573,0.9785540194824498,0.807419041698754,1.0,0.01541927324666471,1.0,0.0,0.4,0.8,50,2.328139709020159,43.24649420305846
24,27,0.8538496501845684,0.8913452147698752,0.9564172424738637,0.977275443077129,0.8111891459493521,1.0,0.01358880285392226,1.0,0.0,0.4,0.8,51,2.324027168195002,27.960028712169848
24,28,0.8495347054896267,0.8803768335737006,0.935112136247179,1.0627686749991696,0.8024510257758241,0.22522881188087668,0.0056255596694402,1.0,0.0,0.4,0.8,75,2.4083975842866856,4.453227865565202
24,29,0.8483728851721662,0.8817274351399319,0.9465729656910843,1.077706021557197,0.8096248821389554,0.2396954364104266,0.009501799385543,1.0,0.0,0.4,0.8,77,2.417067501007104,2.651004004683094
24,30,0.8483373039354217,0.8925470970341286,0.9779317418237332,1.1182809335365635,0.8038298554235841,0.2322785375513793,0.00949127827219028,1.0,0.0,0.4,0.8,81,2.3705897106638383,225.8994798765769
24,31,0.8478436407958196,0.8859803827867773,0.961060507678697,1.104872471676088,0.805122557889752,0.23969740092883302,0.00969745840093149,1.0,0.0,0.4,0.8,83,2.4126736079695377,2.622391008704272
24,32,0.8474757564285306,0.8907888876851685,0.9761247795798421,1.119486862784042,0.8042872652657873,0.23971314656595663,0.00939190423397394,1.0,0.0,0.4,0.8,85,2.409412000920424,2.6074016894920917
24,33,0.8474089516632288,0.8960144251498399,0.9916127877115963,1.1278060713675482,0.8041280337107798,0.23969543980297595,0.00957103856492457,1.0,0.0,0.4,0.8,87,2.4080693581461343,2.6450327181860507
24,34,0.051818852052666474,0.13801526244401108,0.3054795386808183,0.4846174946279184,0.008772361103737848,0.10735794960974825,0.0029981932665471,0.009395121414229721,0.0,0.4,0.8,124,2.3518185618002825,2.798372970409017
25,0,0.9067918932022914,0.9450498323413391,0.9434886725926148,0.16761016344776677,0.0,0.0,0.0,0.0,0.0,0.4,0.8,1,7.551348378543841,26.193184367576357
25,1,0.4082947596046932,0.5529099732549169,0.5402019861191234,0.09448615287083821,0.4048031985164235,0.0901186957147878,6.119256143438e-05,0.00021028693548688,0.0,0.4,0.8,3,4.6538966304639615,10.27009436076476
25,2,0.3782664395954266,0.5209226266114856,0.5072049108924146,0.09348655469771247,0.07716944431809929,0.12040062256110622,0.00037970519241999,0.00449057674885561,0.0,0.4,0.8,4,4.640230898015227,10.944736995320415
25,3,0.1177289268509648,0.17280781867955872,0.15939849974330783,0.024550053508008263,0.7238975905641805,0.10095690012902787,0.00025857258937764,0.00088857920221945,0.0,0.4,0.8,5,2.9644054948289784,2.3055184385070917
25,4,0.05875459535753909,0.06185635613013396,0.045273958726051534,0.006844230461429995,0.11672634062903978,0.10421623335675378,0.0004912681183391399,0.0016882324368578,0.0,0.4,0.8,7,2.6189506107466856,2.263448638549549
25,5,0.058538346938730015,0.07230951629723795,0.07625589498976686,0.025202447993069414,0.0017720976893964362,0.10421623309624839,0.0004912680895544201,0.0016882323379397198,0.0,0.4,0.8,11,2.6235384264683224,2.2667290274003924
25,6,0.07059450763329148,0.10452261180992739,0.1494603084115188,0.16108717366094835,0.015436382648054896,0.10042152725281353,0.00357320585779452,0.017202088823067348,0.0,0.4,0.8,38,2.5030558315197613,1.892615241862316
25,7,0.12321010312723947,0.15600391706076266,0.20087804143835883,0.23371329800244287,0.07120391705603642,0.12548390861309444,0.008408053451973551,0.08192659199444462,0.0,0.4,0.8,40,2.405084879397229,6.877442286335574
25,8,0.08785880399418372,0.12025604551112536,0.1651080068043657,0.20479539934518104,0.035545437514795775,0.11616041413455883,0.00695536482204071,0.03894305940256495,0.0,0.4,0.8,41,2.4221039131503246,4.833471402822799
25,9,0.1132687400903199,0.14919402677456933,0.20420995107442513,0.2281159775988989,0.06312548400401238,0.20075532968165755,0.00245244621140832,0.0752583843782402,0.0,0.4,0.8,45,2.446992187866071,53.06047547814416
25,10,0.11262716332297018,0.1482927597671012,0.20329415616278151,0.24359413621849096,0.0610556196313312,0.19038054280466662,0.0016454967479965,0.07516981104080266,0.0,0.4,0.8,49,2.4121519425466347,48.27002910419148
25,11,0.13864555100900808,0.17336541251416698,0.22831457880957115,0.27015189731197725,0.08961811440774371,0.20292238511674712,0.00108989525741771,0.10909664216349395,0.0,0.4,0.8,51,2.398329534021656,43.24149883148933
25,12,0.14634430678607369,0.18053434515872568,0.23545409808867948,0.28453973457999915,0.09804433946061272,0.2143064924729185,0.00107630509530729,0.11935527564561652,0.0,0.4,0.8,52,2.401246289125313,45.80917946800293
25,13,0.12933518214114753,0.15180055398488937,0.18613269730757734,0.2795278499015946,0.08136934813249258,0.19189738448011937,0.0020945391545455,0.09857110715389422,0.0,0.4,0.8,54,2.3998115644062783,39.97577404743219
25,14,0.14984720692344905,0.19402618838601216,0.2694373842218117,0.34758566064000895,0.10029096627256888,0.21605860956082773,0.00273677848590463,0.12396778515298854,0.0,0.4,0.8,66,2.434789532565208,48.10304751992824
25,15,0.1573447452548979,0.20147182872115343,0.2768801280901131,0.3649999075888424,0.10791895395104484,0.1954511205806891,0.00291675444135133,0.13331071621227858,0.0,0.4,0.8,68,2.4366069990043515,51.24155281092416
25,16,0.14993927739519458,0.1994863082111933,0.2851638253702715,0.3714776298229846,0.10053373054747651,0.21518126596113346,0.0028238674748445,0.12412986427095388,0.0,0.4,0.8,69,2.4350816277924245,48.13109014461789
25,17,0.11920366877611825,0.17938478678791414,0.2855891377661198,0.4135651522117449,0.06999523130431158,0.18740103446123996,0.00100819112560466,0.08691891607678162,0.0,0.4,0.8,87,2.3968046005844683,63.68522859142201
25,18,0.138777602637931,0.20953136276560888,0.33625978291458414,0.46949766046094377,0.08995194788046729,0.21680796988712844,0.00146004179636507,0.11153345758882101,0.0,0.4,0.8,96,2.4060716155072277,44.40619317580341
25,19,0.13552355864094978,0.21164174641825695,0.3486364149785459,0.48502293870433344,0.08679267580745187,0.2112329872272211,0.00134737342340417,0.10761655333168012,0.0,0.4,0.8,98,2.4001000983077883,44.11064157033742
25,20,0.20464065258355613,0.29689279669149893,0.4646879685949984,0.5899502514586425,0.15603802032275937,0.20542572672613205,0.00206190549533799,0.19389120212158648,0.0,0.4,0.8,106,2.4256512776014287,53.29553373967363
25,21,0.12480452544336576,0.21121795177809743,0.36872100268517916,0.516029523379891,0.07804499661824368,0.1841003251458319,0.0013040713355832,0.09493659183917692,0.0,0.4,0.8,107,2.401865795733389,39.30490592984664
25,22,0.12494499454163815,0.23307915263020682,0.43166163861524426,0.5973041910017429,0.0766800220998703,0.1995207106450971,0.00121520960188672,0.09522520818738076,0.0,0.4,0.8,124,2.393065516547568,48.25157963495723
26,0,0.9128509486089632,0.948747295694047,0.9472913154826192,0.168334243872558,0.0,0.0,0.0,0.0,0.0,0.4,0.8,1,7.402716434755074,26.10432857733243
26,1,0.4194506492531334,0.5643701361579541,0.5519877025635013,0.0967270893587577,0.39678981176727324,0.09146766854945623,6.0178716337620005e-05,0.00020566838401320998,0.0,0.4,0.8,3,4.374189972735584,10.236238924964727
26,2,0.41945047743591335,0.5643698038315696,0.5519874225868485,0.09672702402463645,0.00018890872118096293,0.09146766854945623,6.0178716337620005e-05,0.00020566838401320998,0.0,0.4,0.8,4,4.374036507091679,10.237078359078904
26,3,0.07102589605384825,0.08627898266483625,0.07039214143960248,0.00814055702117018,1.0014802561395415,0.10567351501599129,0.00047230641030082,0.0016141669692765,0.0,0.4,0.8,5,2.310215184852221,2.168131849396276
26,4,0.0697032489565434,0.07892691831746108,0.05273557775677474,0.021439281763134414,0.0015936154536505707,0.09921723014639808,0.00033901613526263,0.00079349097854583,0.0,0.4,0.8,8,2.315731266577365,1.7673892623167924
26,5,0.06968090330666604,0.08432788671654518,0.06840587097968223,0.034083050461067514,0.0008157690705384109,0.09921723014639808,0.00033901613526263,0.0007934909785458201,0.0,0.4,0.8,10,2.3131537433705343,1.7641658887989344
26,6,0.06968049913614487,0.0897720575455998,0.0841206804902871,0.04077799964611926,0.0007708291937340789,0.09921723014639808,0.00033901613526263,0.0007934909785458201,0.0,0.4,0.8,13,2.313570218267565,1.764693373333902
26,7,0.06964852717463794,0.1006014264465315,0.1154897532592039,0.06184983056329082,0.0008079251889805627,0.09920900599818185,0.00033905954834745003,0.0007905803862042701,0.0,0.4,0.8,16,2.312026182757186,1.7671481186813511
26,8,0.06748741776179613,0.08547442281352595,0.07970113851314102,0.04634116620370056,0.00950260196460371,0.09742138508076367,0.00040894918081393,0.00075313674057421,0.0,0.4,0.8,17,2.343660314127643,2.754358789004347
26,9,0.06674294212783827,0.08401374447641212,0.07819935602078572,0.04860755112746877,0.0037610709062588384,0.09745330640203545,0.00040895780189229,0.00074614835119943,0.0,0.4,0.8,18,2.355052480009622,2.640857614488148
26,10,0.06603999601172182,0.0830361511559194,0.07720556804977353,0.055232912524740455,0.0009155568202501253,0.10439796276344715,0.00019680516549422,0.00032707990604785,0.0,0.4,0.8,20,2.3605556968756574,1.8907823673605493
26,11,0.06555617432663555,0.08207519535172267,0.07621731876903914,0.05769906488410827,0.0023404190770778795,0.10227727920999297,0.00019783947117529003,0.00033399751718444,0.0,0.4,0.8,21,2.353564035138732,2.0621156053620973
26,12,0.0655935149521176,0.08077030886872552,0.07483506083157926,0.059000668018449574,0.007355159733903966,0.09957885976456624,0.00047818846643504006,0.00195555959642586,0.0,0.4,0.8,22,2.360592653468463,2.838622736952016
26,13,0.06531260517429002,0.08012886867715587,0.07417321310771309,0.06150054847526963,0.0033409142594418278,0.10151906004909458,0.00042345811385842,0.00209003719455501,0.0,0.4,0.8,23,2.3469307780194533,2.5145789032150745
26,14,0.06497578703885105,0.08483998852985321,0.08913210044612947,0.07163633187171209,0.002456034583950965,0.09619687183093012,0.00052406327508856,0.00212164627060031,0.0,0.4,0.8,26,2.384561323785775,2.260469389259377
26,15,0.06715669860955911,0.08307939721527559,0.08714731648178235,0.10314037226077143,0.013470177038910068,0.11745717206934367,0.00124719824262794,0.00942860244399089,0.0,0.4,0.8,29,2.335920582350932,3.3212369667389203
26,16,0.06529011246961638,0.09416319827993662,0.12885210051745677,0.14119001511388093,0.011812194894821847,0.14237067274885484,0.00144346485975921,0.011158744023206919,0.0,0.4,0.8,35,2.269081490718605,7.982034790330303
26,17,0.06528224158965286,0.09959208201180891,0.14455123125203884,0.16556380098910314,0.009512579891567405,0.1423706731913605,0.0014434648338222098,0.01115874393179985,0.0,0.4,0.8,39,2.271264770889284,7.971032907017877
26,18,0.1118306304248998,0.1435208573054247,0.18833362493340647,0.2345767946130203,0.06036216598941009,0.18441284145646036,0.00155181323290187,0.07246100907449732,0.0,0.4,0.8,45,2.677608214843414,60.39324552433103
26,19,0.11181925778847654,0.1489427622667256,0.2040254763585327,0.25061765726794455,0.058613240943580655,0.1844128414564604,0.00155181323290187,0.07246100907449732,0.0,0.4,0.8,47,2.6792798064178847,60.23185248170478
26,20,0.11180815878152872,0.14891999792278546,0.20400195833313997,0.24753126072749826,0.058636345460678585,0.18441284156535176,0.00155181323839237,0.07246100908849055,0.0,0.4,0.8,48,2.678723126311041,60.27688745731043
26,21,0.11107608148033929,0.15247250553543654,0.21776042116479355,0.2605751837942034,0.06053302833092008,0.18672413286737305,0.00150329152682875,0.07296104299033916,0.0,0.4,0.8,51,2.657874428283284,57.8421615505654
26,22,0.05825210439399795,0.0934327523423812,0.14840727428235204,0.22463599854896682,0.007505845823423434,0.11664110236127223,0.00077001388636072,0.00821894838298795,0.0,0.4,0.8,56,2.561333567047663,6.701299118964197
26,23,0.0868920863714468,0.11874434885722318,0.1735350695227071,0.2763822389570785,0.05200528600252605,0.17248980081380302,0.00167056322259422,0.047495124218530874,0.0,0.4,0.8,57,2.5849543370315216,15.731018349594954
26,24,0.08679516437370971,0.12109166864018886,0.18598829304531936,0.29677708773717926,0.04374344813144493,0.15982568000285535,0.00396388216857144,0.049712561734051766,0.0,0.4,0.8,62,2.599093349961937,15.23553399035073
26,25,0.0868010348491052,0.12653812865303157,0.20170558969040508,0.30782263127677134,0.04137378737440254,0.159838227270954,0.00396468786752365,0.0497243670438721,0.0,0.4,0.8,64,2.5991753242621347,15.236672446199936
26,26,0.059074322043542835,0.10058286571665902,0.18582109921778772,0.34178992714432155,0.017464404544590018,0.11777909819913379,0.0017293455222508701,0.020380909540892108,0.0,0.4,0.8,95,2.516731219622049,6.352911868741735
26,27,0.08302437225062306,0.11294954937573468,0.17760870562091938,0.36467525244920435,0.04211802906111568,0.12186994214391866,0.0036349889073568503,0.050149777849172884,0.0,0.4,0.8,100,2.539382202014426,8.45687512176738
26,28,0.07061739700985945,0.11670632121311056,0.21216831008934722,0.36224600693478265,0.02999204881837975,0.1120825798027488,0.00428958027838631,0.03450616750047522,0.0,0.4,0.8,101,2.5251343856697472,5.095171572044573
26,29,0.08178198402039051,0.12655572058692285,0.2219466887844085,0.3839917145856667,0.04681797598031826,0.12243441012975001,0.0036147890124063804,0.05027751873206178,0.0,0.4,0.8,102,2.547536390664245,9.000784427068911
26,30,0.09641381548127048,0.14080380803594078,0.23617402726074924,0.40394401188956397,0.056893453958421755,0.12232532279992381,0.00476049550427973,0.06842431057067079,0.0,0.4,0.8,108,2.568837416569388,8.976413280302694
26,31,0.0595345165239167,0.11436138974851921,0.2302485463449458,0.4077930316506699,0.02105368417675146,0.11805752713553937,0.00212811359320152,0.02414693484803753,0.0,0.4,0.8,110,2.629806633469661,14.750888070848625
26,32,0.06421363566678043,0.11337315927021374,0.21897788169583376,0.42443938833772477,0.025220493353747157,0.1168966046105621,0.00179743860074086,0.030409558213931022,0.0,0.4,0.8,115,2.5644095296088727,7.262286453339262
26,33,0.06037804307062099,0.11967197806895308,0.24577735885547047,0.45920024291031986,0.022864383632444505,0.12553095148806975,0.00194432911785637,0.02638193272941563,0.0,0.4,0.8,118,2.4748081781410725,15.361360475650793
26,34,0.0625512482293506,0.12164848613088249,0.24774307352171873,0.45452777272961276,0.024997635226673982,0.13098748144267075,0.00229694454275933,0.0291404785125688,0.0,0.4,0.8,119,2.442811663995345,13.56286784016836
26,35,0.06288038986973973,0.12101917387789163,0.24706263329300793,0.4831434939551711,0.029137031138412994,0.12542819636401098,0.0020074383957878203,0.030757787571687976,0.0,0.4,0.8,120,2.484148695281934,14.627872113941113
26,36,0.06287146742649563,0.12100529553676659,0.24704854088447126,0.4831373587107579,0.025424031732012454,0.12544177141759566,0.00200880138235658,0.03075138957545089,0.0,0.4,0.8,121,2.48434064237575,14.729378895078996
26,37,0.06286598588028279,0.1209868905375911,0.24702919781265922,0.4831383389938306,0.025460111559864117,0.1254567670431968,0.00200577125071564,0.03076022317487746,0.0,0.4,0.8,122,2.4938800299073507,14.71056576695948
26,38,0.07198385631813475,0.12990727615199352,0.25593906089403723,0.4923581178070191,0.03547232235132312,0.12585019455281934,0.0027435556231065203,0.04200706994482912,0.0,0.4,0.8,123,2.5104607430505697,16.055013098509576
26,39,0.088391596208024,0.15461189331461678,0.3010464527313341,0.5671063509291105,0.053710256553793065,0.12580324972625412,0.009348471496125579,0.06205860626317659,0.0,0.4,0.8,154,2.7680704083062646,9.58691438108511
26,40,0.09116180130259827,0.15723045320417764,0.30365703133185173,0.5880855721752039,0.056580003777135936,0.12690778133688127,0.00782152806894861,0.0664496208460705,0.0,0.4,0.8,156,2.7557167568113714,9.77434667757792
26,41,0.09179949856218848,0.17298943746974416,0.35016366253186687,0.6292249238737913,0.06031740260530185,0.13160496356109022,0.00812123479249406,0.06841427800229224,0.0,0.4,0.8,158,2.784544947248412,9.352171986758291
26,42,0.09369049575492575,0.17477101530778774,0.3519391924673248,0.6311708198997773,0.06017612506087571,0.1318789403363217,0.0083897451374311,0.07076226333138672,0.0,0.4,0.8,160,2.7881936481292966,9.378902360268349
26,43,0.09152362722179512,0.17244163253172573,0.3496014435031338,0.6254585074360619,0.05856393096395752,0.131607908317556,0.00817343251410761,0.06833775095516424,0.0,0.4,0.8,161,2.794781065841333,9.330527809437005
26,44,0.08947441519951979,0.17574341460937867,0.3631685382537046,0.6343359634176218,0.05633670400829785,0.13069496939134467,0.007488407793870699,0.06621995115780516,0.0,0.4,0.8,162,2.8152293174460343,10.029137629875173
26,45,0.0933276591896772,0.17356634207184263,0.3506901451584492,0.7125887495380352,0.06041051640431634,0.11821501455807071,0.00636536429393058,0.07223037639604975,0.0,0.4,0.8,190,2.5795455627005173,7.984065490397427
26,46,0.0915702424282587,0.17043790712457466,0.34748938923421163,0.7410741466110405,0.06238210799730716,0.11970192727396475,0.00728676398278625,0.07104655830180445,0.0,0.4,0.8,192,2.6439936212199706,9.067395407219976
26,47,0.09200347073178791,0.17623705304313428,0.3635547176548445,0.7415463166099874,0.06055518894255742,0.11952877138846821,0.00716071645926575,0.07173566502887921,0.0,0.4,0.8,193,2.646557674811084,9.263846015709026
27,0,0.963025928759114,0.9786839210525441,0.97807838808706,0.17419677061478764,0.0,0.0,0.0,0.0,0.0,0.4,0.8,1,6.155778357095502,26.10633934573632
27,1,0.45914376294745113,0.6037747800441199,0.5925122482524884,0.10443896291630723,0.3870127164859781,0.09282691840773585,5.886106022706e-05,0.00019848425598483003,0.0,0.4,0.8,3,3.3883056717930016,10.26133093397864
27,2,0.10220839508626196,0.1451312953452595,0.13092764404127752,0.01935345788609131,0.4806402159863408,0.1059034819402503,0.00035125803635057,0.0011844705096167398,0.0,0.4,0.8,5,1.9855718898641337,1.6860207524866009
27,3,0.07984185581026526,0.1032421282383126,0.08783535583642421,0.011523069403122319,0.08891060185346723,0.10760970924003024,0.00050067370580235,0.00168831223229736,0.0,0.4,0.8,6,2.1895557649036896,2.548929842357841
27,4,0.07803754180052822,0.09977659535611114,0.08427116502431337,0.017548184164109085,0.008696371858772065,0.10762395101448166,0.0005022721841521701,0.00169370243058377,0.0,0.4,0.8,7,2.1857367279946214,2.5728010447440486
27,5,0.07800108921216883,0.11060130336013017,0.1156354448548662,0.037389783133144006,0.0015754536904863342,0.10760915380317301,0.0005006115104109899,0.00168810250440709,0.0,0.4,0.8,12,2.181652924719316,2.5531651310447745
27,6,0.07679980193699851,0.10900751725377013,0.11401844588932515,0.0447782009905718,0.0024669267773066907,0.13932290548626286,0.00024642618271509,0.00084735861518295,0.0,0.4,0.8,13,2.11216470257421,2.4577891910960945
27,7,0.07748528024724438,0.1041092214900907,0.09884128196589974,0.037235127313276425,0.0022117292825013027,0.1070146465040209,0.00049576381753157,0.00176851561241879,0.0,0.4,0.8,14,2.2651245236543263,2.8392595799632367
27,8,0.07748017058867446,0.10954414965631232,0.11454646858306841,0.051194110328917165,0.0016233067138143374,0.10701450509652302,0.0004957365830797901,0.0017683996205667698,0.0,0.4,0.8,16,2.2650386021707645,2.8392998922935946
27,9,0.07735641080531673,0.11475128721882526,0.13001761385179803,0.06828321200079743,0.0018578024485478373,0.10701424937640278,0.00049570987837886,0.0017683072798264899,0.0,0.4,0.8,18,2.2658233816673445,2.8678985470574343
27,10,0.07734420662785228,0.12561722330628547,0.16142407362090647,0.08645773040348541,0.0016381571109870014,0.10701532107678129,0.00049600634587893,0.00176860752942844,0.0,0.4,0.8,20,2.266236516731545,2.8672549374914915
27,11,0.07605174427321504,0.11301738140969214,0.128258441203813,0.0699183836222457,0.001670869885864873,0.12541351330417488,0.00024176214849802,0.00084596946282804,0.0,0.4,0.8,22,2.222386345526874,2.758412421269702
27,12,0.07724089688877976,0.11448247824019317,0.13969031511128988,0.09315718958480419,0.018492132544147697,0.10947838813765695,0.0034120724828366903,0.00763859969826064,0.0,0.4,0.8,24,2.51815141628814,3.1985437784891144
27,13,0.0777630388389388,0.11482116128982724,0.14001826389472913,0.09926823944543796,0.008578387374543691,0.1094531083653558,0.00372633163362021,0.008375065768821351,0.0,0.4,0.8,26,2.538940260517714,3.2613520083631755
27,14,0.07542025895218439,0.11210246258407154,0.13727795761240932,0.11392560002645856,0.007831105946366055,0.11998535074752861,0.00155362774724443,0.00702575232459045,0.0,0.4,0.8,27,2.0371391677745274,3.403706107270384
27,15,0.08562854981136576,0.15071948987070632,0.2372723862309854,0.19598063243387337,0.021854515207742568,0.11218242327504553,0.00105987558343952,0.025546263723955957,0.0,0.4,0.8,45,2.367710885297824,3.210444590463825
27,16,0.08562857321254687,0.15616434766068613,0.2529877780030515,0.21155937710569844,0.02086107045637045,0.11218242778768024,0.00105987498289769,0.02554629190942232,0.0,0.4,0.8,48,2.367710890680185,3.210444395671827
27,17,0.08857097991875704,0.15842464324366523,0.2552090416384518,0.22441141305129636,0.0273427783149685,0.10386486634383034,0.00746288870682762,0.026893266829236366,0.0,0.4,0.8,49,2.4661691968606103,3.2941370348822443
27,18,0.06980060970323243,0.13925902860851602,0.23602073108465926,0.20629186183050077,0.00777822438599723,0.10576001902524532,0.0077802844369934095,0.00377494523136332,0.0,0.4,0.8,50,2.4258010544158624,3.112063892802745
27,19,0.0773841508590148,0.1388853977324085,0.22523272374692693,0.24156921293148922,0.028887246542316024,0.10836064001221943,0.0036970554882309998,0.01847122069420514,0.0,0.4,0.8,52,2.180547388087214,3.3299051590494515
27,20,0.07218967810979254,0.13441469560766967,0.2208032213628991,0.2391740879779569,0.011490432167708068,0.11629667992293949,0.00278940418921376,0.01151967418114541,0.0,0.4,0.8,54,2.2406193733765547,4.275687085745441
27,21,0.07217441761561867,0.13981742457495788,0.2364751657860636,0.2526343274569333,0.010364269682452054,0.11625354773203189,0.0027860388331941498,0.01153601980882492,0.0,0.4,0.8,58,2.24416103006853,4.296456394236179
27,22,0.07207106104439463,0.14508514852048163,0.25200916781912913,0.26281780157837814,0.010482533979677414,0.11571802986258747,0.00280046417563726,0.01149248197253519,0.0,0.4,0.8,60,2.2298398344995167,4.111869667995504
27,23,0.07295623470783222,0.16215004951929182,0.29987722255010774,0.30513021049117134,0.011471517488723095,0.12181542937600112,0.00290615428323857,0.012741036572163689,0.0,0.4,0.8,67,2.0827936224925065,4.19238383566038
27,24,0.07135777039577507,0.1764221632456139,0.3449345010157974,0.31023825866398147,0.011282873104587745,0.1145528809852198,0.0027078347358598298,0.01142430927232692,0.0,0.4,0.8,68,2.1903006015125066,3.7546560937484736
27,25,0.056550973083113826,0.13636742814583813,0.27356651958032224,0.26200080211790266,0.005042645467666754,0.10465688674480664,0.00170082148894283,0.004339432513523591,0.0,0.4,0.8,87,2.4988460709870663,3.939909405206445
27,26,0.054809147914776056,0.12768654212844324,0.25453223106310136,0.2551855609779099,0.005333103323958697,0.10443068741544519,0.00149200023154342,0.0040479313773363595,0.0,0.4,0.8,91,2.48088737175704,3.628482967870871
27,27,0.05339035188078947,0.12475406736365913,0.2515162546923394,0.25809644901218953,0.0069012413737467165,0.10442645078032527,0.00152710330193977,0.00404779354114512,0.0,0.4,0.8,93,2.530941233086977,3.5863236724627803
27,28,0.060548918424163004,0.13726413673618723,0.27429184380247323,0.3064707148859297,0.01115158820031755,0.10756116666276036,0.00224086283247782,0.012749268896602209,0.0,0.4,0.8,100,2.531042378388779,3.6523537224387335
27,29,0.055219848655174625,0.13046955764084478,0.2674165389747778,0.3055515745910129,0.01300730762436312,0.11281071021162523,0.00129795151637854,0.008279238918627339,0.0,0.4,0.8,101,2.534912014943812,3.6783016328645983
27,30,0.055219848359700396,0.13591439206059291,0.2831316273999602,0.3086603168353893,0.00714277534186035,0.11281071060234785,0.0012979511775068199,0.008279237760469089,0.0,0.4,0.8,102,2.5349119657320767,3.678301248918548
27,31,0.05399277722096907,0.1290653204200078,0.26600249200087434,0.30442310278635454,0.006251134490900879,0.11356989529353645,0.00126646617315734,0.00696838610005301,0.0,0.4,0.8,106,2.536675274003955,3.6817366558105378
27,32,0.10513782748275127,0.22901825410167778,0.4583799775167111,0.5763810655849052,0.05763300720604996,0.10849501769863179,0.01915941643100562,0.06218162088848609,0.0,0.4,0.8,124,2.589701540172596,4.677757772604963
27,33,0.10580469197737735,0.2287171290504751,0.4580256934065909,0.5848375692784167,0.06047990312097323,0.11004418676289458,0.018946708392858398,0.06424906929974993,0.0,0.4,0.8,126,2.6010682393675326,4.952271348140191
27,34,0.10452797696525457,0.2324071878327456,0.47196027243039634,0.5910770556821,0.058832356553868065,0.1109903351500358,0.01905293088902523,0.06315462121110277,0.0,0.4,0.8,128,2.543300424809441,4.716381426865118
27,35,0.10412894424246263,0.23741452107196065,0.4872360947860216,0.6084122282572317,0.057796093139062574,0.11141610457137738,0.019090017182462022,0.06268183624077225,0.0,0.4,0.8,130,2.518957624094425,4.620782968258466
28,0,0.9110265127072438,0.9476363285910359,0.9461487307650438,0.1681166807404145,0.0,0.0,0.0,0.0,0.0,0.4,0.8,1,7.486122115269566,26.28198223277838
28,1,0.4163484985104889,0.5612008004075988,0.5487282365660753,0.09611359406167859,0.3989295541810129,0.10214460361641693,6.152719881936e-05,0.0002158709722139,0.0,0.4,0.8,3,4.455099043534396,10.273470202446722
28,2,0.10159542230328832,0.14407539528548047,0.1298439609064102,0.019087404739094246,0.43765950125717434,0.1156825425031504,0.00031750667505743,0.00111398659364087,0.0,0.4,0.8,5,2.463378955314478,1.8059378371958623
28,3,0.07559060994698426,0.09521487202798841,0.07958412571222408,0.01325742208693737,0.052181667297366854,0.11748159604708311,0.00043629719921105996,0.00153076854424014,0.0,0.4,0.8,7,2.252134717244779,1.851686757148151
28,4,0.0725395233439847,0.08445893618416178,0.05842487999935151,0.011519790528397168,0.01041132496692959,0.10562635167377617,0.00033916091934283,0.0007862900370565701,0.0,0.4,0.8,8,2.240702313221291,1.7605738136992644
28,5,0.07200494148481752,0.08889237507868954,0.07310094009366792,0.016634145173275865,0.0017487867953366078,0.10589053454754697,0.00034510496299045,0.00074722597541984,0.0,0.4,0.8,10,2.251841377912796,1.852440612363028
28,6,0.07196232396440833,0.09423950127519022,0.08871573325867342,0.0243650295985563,0.0008681664171971877,0.10606480474827477,0.00035112572657541,0.0007637331083192201,0.0,0.4,0.8,12,2.2483889623856537,1.849584767440262
28,7,0.06984609261562336,0.08501179025495163,0.06911990066349633,0.03169648871702193,0.0074559703717573,0.1073815817258097,0.00017703504695541,0.00040213244805578,0.0,0.4,0.8,13,2.2602254587875272,1.7025430242812505
28,8,0.06969725079338188,0.08471744721069166,0.06881702760215647,0.031641089535075786,0.0010088464921917343,0.1080871508105838,0.00017954710115100002,0.00040515316614829,0.0,0.4,0.8,14,2.26586119976084,1.6906070371959805
28,9,0.06954695071842702,0.08987189746344354,0.08423416025516056,0.038150845926579066,0.0009846577718006834,0.1073815817258097,0.00017703504695541,0.00040213244805578,0.0,0.4,0.8,15,2.2599813647242657,1.694310133206669
28,10,0.06914101327107743,0.09453799668722898,0.09914915409696863,0.06174731783156412,0.0011634875967801042,0.10755635843701172,0.0001787712750327,0.0003814130306748,0.0,0.4,0.8,17,2.268443133352902,1.7794552994688395
28,11,0.0690232789049385,0.09974403584502652,0.11461881161638363,0.05375894299821164,0.0006406053485827289,0.10792144053897901,0.00018334864305972,0.00039010788709086,0.0,0.4,0.8,19,2.2668809346184653,1.775793275332128
28,12,0.068222942564091,0.09272693864003641,0.09728639200403234,0.06405288349887363,0.002015706065962409,0.11074991516569252,0.0001923848915046,0.00039095806833504,0.0,0.4,0.8,21,2.285657900338729,1.810662688678275
28,13,0.06791696648197765,0.09756532823926427,0.11237773183089339,0.07154251450461556,0.0010275786078583395,0.1104965119624138,0.00019467405015698998,0.00039756074778959,0.0,0.4,0.8,23,2.279940846525897,1.7897836208790945
28,14,0.06679014428873281,0.08989617036677439,0.09437459745953229,0.07385282544166051,0.005023483536498084,0.10972955414630663,0.00021416327045913,0.00040207033802360003,0.0,0.4,0.8,24,2.2987913960022595,1.7430868434108655
28,15,0.06566410749368994,0.09311320686844102,0.1077988051182191,0.08635434233376257,0.002714472548845754,0.10985437042307537,0.00020974104061519,0.00041148976459503005,0.0,0.4,0.8,26,2.294374103441152,1.709035580678818
28,16,0.06532401446633866,0.09240524255315884,0.10706984808662,0.08115124214524401,0.0019860587045970796,0.11211349899206473,0.00025647143864084,0.00043409845574775996,0.0,0.4,0.8,27,2.321622862413899,1.6670525538779593
28,17,0.06378931125022766,0.09394250523613487,0.11874170598073965,0.08907415522446303,0.0037966441717306332,0.10478087054321894,0.00040244647904331,0.0014595583759339499,0.0,0.4,0.8,31,2.2808365657357714,1.812738256601592
28,18,0.8603027282152765,0.8877233236735397,0.9123666155866926,0.9101530426848983,0.811871965061481,0.19506795618508688,0.001457563609605,1.0,0.0,0.4,0.8,32,2.208578055013464,9.053272119976272
28,19,0.859770707828898,0.8866627100420843,0.9112762378124426,0.9128965986851584,0.802751824768835,0.19357040904162476,0.00144179316714958,1.0,0.0,0.4,0.8,33,2.2075751173321025,8.900517360378227
28,20,0.8589294771926799,0.8958716748683391,0.9409787633221843,0.9268291496576775,0.801716407285949,0.16466338010783693,0.00141820129139576,1.0,0.0,0.4,0.8,36,2.220261545740734,7.577699918908181
28,21,0.8589248984639071,0.9013073225992533,0.9566851247578853,0.9329911426296007,0.8005766172119114,0.16382327737183644,0.00141807935304942,1.0,0.0,0.4,0.8,38,2.220580363011107,7.537366119108048
28,22,0.8581127760779639,0.9051077307390618,0.9707088124567294,0.9415496689560633,0.8022812742718914,0.12484884639101775,0.0014403204038458402,1.0,0.0,0.4,0.8,40,2.235250509000198,6.251431333102298
28,23,0.060209391778995,0.10416532367286799,0.16959602756142608,0.15694580729823168,0.017741079164390734,0.10569032392933198,0.00312445789422679,0.00548800626136756,0.0,0.4,0.8,41,2.276919513330302,1.6826324078120352
28,24,0.057941808695853955,0.09945291697247621,0.16474716070404077,0.16583064281219975,0.007865568096975733,0.10682840237384146,0.0023210188625201198,0.00599687782398469,0.0,0.4,0.8,46,2.306622133714449,1.6586981273392178
28,25,0.05704267679582739,0.10330296917725595,0.1788293092413431,0.1937765040627555,0.00818808767143261,0.10790881236665222,0.0023932944869117503,0.00566731807562279,0.0,0.4,0.8,47,2.28691417663911,1.6629089834198365
28,26,0.05703534434880439,0.10328439718362081,0.17881010649371099,0.19377543486018314,0.005500304079918049,0.1078626334918891,0.00240201176293042,0.00566695366829133,0.0,0.4,0.8,53,2.285375680442442,1.663389138573189
28,27,0.05713361225771712,0.10311088357358777,0.17862136364778147,0.19155196566052274,0.0062650260175485025,0.10692567094215247,0.00234863517118521,0.006140156496458471,0.0,0.4,0.8,56,2.299821966440068,1.673494120763595
28,28,0.056606192147716006,0.10216989564598696,0.17765780717450608,0.21071531902890053,0.007446762891924122,0.10693263980056018,0.00219184506120414,0.00605071951457724,0.0,0.4,0.8,57,2.3298227630212427,1.662775372562522
28,29,0.05643751958691027,0.10181391966201687,0.17729116305655207,0.21065291983615778,0.006096300137458185,0.10692264657175103,0.00218170153195333,0.0060671469658037,0.0,0.4,0.8,59,2.3282665081096363,1.6585623612671836
28,30,0.05588017615496811,0.106064589905181,0.1917773156976289,0.24028324175299512,0.007008407623621652,0.10684240161865663,0.00220233721104353,0.0061144251611074596,0.0,0.4,0.8,61,2.3208198442794816,1.6463052897806152
28,31,0.055988236137393746,0.11114873152416238,0.20710620073955233,0.25074560979764265,0.006770422163708873,0.1068098763837327,0.0024046393442202,0.0067018708564391405,0.0,0.4,0.8,65,2.337182173566353,1.641019714443004
28,32,0.09910862643655988,0.17001649926227128,0.2967531147677014,0.3558160542599651,0.05016653603752711,0.1370394099879925,0.00821561451533524,0.05839611741935594,0.0,0.4,0.8,77,2.389113935231227,4.482150756325992
28,33,0.09204936261228137,0.16253576143982604,0.2892493052415225,0.3592885239685588,0.045022326970730685,0.13205519570688512,0.00775465126955688,0.05029674958022264,0.0,0.4,0.8,78,2.389313617353868,6.281974410811864
28,34,0.14200414076417708,0.21636679816351023,0.3532648354315746,0.41790447617991744,0.10099201242883048,0.1508770706499805,0.011793573477216001,0.11254731458680808,0.0,0.4,0.8,79,2.4496798394899115,12.1994365283895
28,35,0.12700215925113073,0.19025124519090483,0.31656945594124186,0.3913191303705879,0.10739286593498762,0.14739030824163388,0.0095952153120547,0.10140211526331862,0.0,0.4,0.8,80,2.423701070531457,12.964953190260818
28,36,0.13998148390219878,0.1859200637311733,0.2813737639997275,0.34599671221377265,0.10009643443764037,0.1523973997073264,0.01150326581704399,0.11777396144593247,0.0,0.4,0.8,83,2.387294233673248,13.178168398582208
28,37,0.17175797921882474,0.25565649317704153,0.4229961821035896,0.4944775327640397,0.13080325117256061,0.16189491441073428,0.01084732049456466,0.1579963425833508,0.0,0.4,0.8,92,2.37406614500525,34.769381183861086
28,38,0.11273702729584385,0.2016078791813951,0.37919291260865473,0.44675464567784234,0.0730665756564511,0.1447795557301503,0.00931288206296858,0.08551876690760371,0.0,0.4,0.8,94,2.371671471561962,8.537257810974504
28,39,0.8462682980617123,0.950390605759508,1.1587291019513686,1.2178250860976505,0.8072461124613627,1.0,0.01660457803262572,1.0,0.0,0.4,0.8,101,2.3984172251835263,546.7045058558443
28,40,1.239573624667916,1.3436377775340718,1.551973040264226,1.6406807427121026,1.200078362431574,0.902137770189684,1.0,1.0,0.0,0.4,0.8,104,2.3662191667283063,26.932063673216305
28,41,1.239557238767596,1.3490477187455343,1.567652852693308,1.64862482090771,1.2000238021938792,1.0,1.0,1.0,0.0,0.4,0.8,107,2.364756958982529,17.800601363649008
28,42,1.2392026490638774,1.3482956641376629,1.5668792772033153,1.648477227577761,1.2007751907899706,1.0,1.0,1.0,0.0,0.4,0.8,109,2.381124680097221,12.308785464935935
28,43,1.238476930118152,1.314085321475928,1.4710012726618702,1.5447329802324687,1.2001767071493226,0.19101815956454435,1.0,1.0,0.0,0.4,0.8,127,2.3290640230303428,9.595929609039654
28,44,1.017495728625008,1.1311424104325416,1.359948572049281,1.529599959510366,0.9790955966922743,0.1059592124698131,1.0,0.7238576761614212,0.0,0.4,0.8,158,2.4909894287591245,8.11516901958606
28,45,0.839699625827698,0.9512825297018028,1.17997817876989,1.3945665587425902,0.8047180544907131,0.15502768756748808,0.0077845356074407596,1.0,0.0,0.4,0.8,163,2.4794505796662007,9072.79807302913
28,46,0.6213419230946993,0.7535974106125354,1.023316398331326,1.3274386124385105,0.5859400187419691,0.09874634915963407,0.01314555146345027,0.7255860464952912,0.0,0.4,0.8,183,2.523990195665939,209.5138144936072
28,47,0.07436145494402147,0.21206034622483105,0.4920500067469129,0.8132990826260673,0.03874889999972258,0.09873804017918864,0.01314661544585092,0.0418614629310251,0.0,0.4,0.8,189,2.5241512939994237,209.503741895266
29,0,0.9558725037952873,0.9744886327760219,0.9737639478768583,0.17337520158221184,0.0,0.0,0.0,0.0,0.0,0.4,0.8,1,6.328310445260312,26.171521885605003
29,1,0.44060700797182933,0.5856316892069173,0.5738530624791472,0.1008997516846555,0.40143192066957156,0.10100060683898411,6.247322589951999e-05,0.00021819912827219,0.0,0.4,0.8,3,3.851285664249058,10.227675772037031
29,2,0.44053468141797736,0.5855599067078894,0.5737794286196222,0.10328402007022039,0.00034712633155629285,0.10100060683898411,6.247322589951999e-05,0.00021819912827218,0.0,0.4,0.8,4,3.854699668797196,10.274351830281509
29,3,0.10283300944203395,0.14628036899791266,0.13211055545135872,0.01954584355596779,0.9200922969475646,0.11526280234592215,0.00032916867190802,0.00114968158328115,0.0,0.4,0.8,5,2.347070631107478,1.767545750272966
29,4,0.07506685658156907,0.09385347633256083,0.07817354898704199,0.01329312488062835,0.05658873735002647,0.1182311358295171,0.00055564402326769,0.00194068802692621,0.0,0.4,0.8,7,2.331214828760124,2.826382694778526
29,5,0.07154746110138711,0.08253055794727437,0.05644175098043814,0.011142246807550077,0.010805124025087166,0.10621262004467398,0.00034617824251191,0.00078271338613119,0.0,0.4,0.8,8,2.265930135711073,1.7630158583297746
29,6,0.07118323106529705,0.08727856572693335,0.07144086674122942,0.016330786284774364,0.0014562188386643064,0.10626743442931992,0.00034708690975385,0.00076571864066435,0.0,0.4,0.8,10,2.2733210232570946,1.768103699864979
29,7,0.07083383686783025,0.09200482157237473,0.08641629040159082,0.023959481721166073,0.0015735242501202303,0.10638980086760164,0.00036867455143315997,0.00080466128581578,0.0,0.4,0.8,12,2.291912676127884,1.7727518454178586
29,8,0.06979351209175594,0.08451755343795885,0.0685998414998599,0.027718522732312834,0.0050389666248922505,0.11615317748519989,0.0002519131811247,0.0008772224746316001,0.0,0.4,0.8,13,2.381380395487799,2.2504448571020483
29,9,0.06885015236879535,0.08267192317781147,0.0667020084814219,0.029349214198148038,0.0046039407965178985,0.11673009600898214,0.00025085840819762,0.0008758109196262199,0.0,0.4,0.8,14,2.3499729402383003,2.248450882415724
29,10,0.0647623830589317,0.08544937703237035,0.08978874570593899,0.03511648942969435,0.01770707427090279,0.11788228779676416,0.00027090650146052,0.0009366590549565601,0.0,0.4,0.8,15,2.3388524066779697,2.521164550461786
29,11,0.06472374861461151,0.09081722251023167,0.10542504384422861,0.04871330171978526,0.0009379625758365254,0.11803207733414474,0.0002712799132099,0.0009370249035828299,0.0,0.4,0.8,17,2.3383039729083435,2.521714627112409
29,12,0.06587593553964687,0.0799297648346622,0.07393033649302794,0.0648546375256943,0.004770196240044419,0.12546424894464064,0.00035330876278654,0.0037950015288381505,0.0,0.4,0.8,20,2.4460521908353643,2.8252995684987674
29,13,0.06362692350951521,0.07510754780875291,0.06896176286261572,0.07452034740830432,0.014156427482687283,0.12154847363327734,0.00030622534718523,0.004239773147303521,0.0,0.4,0.8,21,2.3559182862454957,2.9082111801522
29,14,0.06399018010946439,0.07506893801447277,0.0689001839527949,0.07512708936907236,0.0051054999895633725,0.12244739152704125,0.00031778800989499997,0.005188732141981419,0.0,0.4,0.8,23,2.3646290579333686,2.9790116961387803
29,15,0.06013992833587882,0.07293384664089052,0.07682533106170583,0.10376707852049381,0.006291738200786155,0.12020373592720413,0.0009154398308631699,0.0046769339951515405,0.0,0.4,0.8,30,2.4053152774192257,2.9666409034277152
29,16,0.05939321842438027,0.076814921342788,0.09093138385648272,0.0979612743528905,0.004984060173822134,0.12489753138317614,0.00045465374719251,0.00496610854349372,0.0,0.4,0.8,34,2.389652219756935,3.060608024106547
29,17,0.05916293446993234,0.07616816171922317,0.09026111316909369,0.1297079062643402,0.00602372465286111,0.12087591144452078,0.0013593241216238098,0.00473179694660279,0.0,0.4,0.8,35,2.449267505333062,3.0815690192627
29,18,0.05870698540008894,0.08068580658860228,0.10502288215565446,0.1445181093727981,0.005284817698822473,0.12087591144452084,0.0013593241216238098,0.0047317969466028,0.0,0.4,0.8,37,2.445289875494205,3.066243441765816
29,19,0.08452361205337272,0.13897217433685533,0.22492199250415906,0.15250214847129748,0.030500443872331362,0.14112996511652173,0.00141687848978303,0.0372148947511372,0.0,0.4,0.8,42,2.817497431005638,2.8089005401221927
29,20,0.08450243311857031,0.14437264906885044,0.24059177383198613,0.17342981280945013,0.030386862245912458,0.14112996541340023,0.00141687850141432,0.03721635470136271,0.0,0.4,0.8,44,2.817224992134052,2.8083766328797264
29,21,0.05493784484439857,0.10890690398323982,0.19482975444360617,0.2073703986868846,0.001523904539146325,0.11467212327108718,0.0005495514834918199,0.00124485964093087,0.0,0.4,0.8,50,2.2231384084779418,2.240298071813443
29,22,0.8536060113669178,0.885374932932178,0.9301918790972269,0.9307187190303774,0.80200978018205,0.116961116935376,0.0007309991865366401,1.0,0.0,0.4,0.8,51,2.3915610599358383,2.011889614293245
29,23,0.854307321813855,0.8952859889545467,0.9605508943438981,0.9726494108184045,0.8059855426299832,0.14346452110414015,0.006499985463409951,1.0,0.0,0.4,0.8,53,2.4297909359078806,1.9179455023872776
29,24,0.0803412786348938,0.16447078522063063,0.31187789707905655,0.21800488482186028,0.02957037480055663,0.14067977252155467,0.00102868732041536,0.03576402251509258,0.0,0.4,0.8,56,2.6745707361208058,2.877248451125032
29,25,0.07921126158356867,0.1606951680773166,0.307955718600794,0.22484041616332798,0.041011836366524376,0.1423639334425198,0.0035368562269222697,0.03622446313845084,0.0,0.4,0.8,57,2.826037588179091,2.651309940925868
29,26,0.426896197246866,0.5331228137383703,0.731600309245778,0.614272134791701,0.38110197936610113,0.14062575442130465,0.00896384857859606,0.4710121318838277,0.0,0.4,0.8,71,2.6720088105076023,2.864896498397407
29,27,0.5107016729186591,0.6163757063382312,0.8148229345447843,0.7015205434721904,0.4669084177133602,0.1406215684676092,0.01087892635722916,0.5754512605058333,0.0,0.4,0.8,72,2.673712199669424,2.8632022883164594
29,28,0.5797401880349511,0.6854127942059706,0.8838599336068091,0.7736996009353279,0.5337592450457569,0.140621574562879,0.010883657029110259,0.6617489936763912,0.0,0.4,0.8,73,2.673713013551872,2.863192951487058
29,29,0.05510548412047783,0.1117716954540251,0.21778318675188965,0.3299898443106831,0.009121678191022813,0.16620528684007957,0.007077299354884541,0.00786184477177343,0.0,0.4,0.8,86,2.406364939289179,3.260215892584533
29,30,0.057106228815638496,0.12706655080491902,0.2537513370029086,0.40974052082953033,0.009048931678033383,0.17156700759725477,0.00700735746572482,0.007600877528986601,0.0,0.4,0.8,92,2.361650640539322,3.099442577990454
29,31,0.05580928421290584,0.12288659509618487,0.24941314973166614,0.43939295445700494,0.010421747778840957,0.15511189615640045,0.00732601715674686,0.0091701172329096,0.0,0.4,0.8,95,2.4670701639142867,3.4400667561828904
29,32,0.05984727317675773,0.13563655163893118,0.27261302158451983,0.46101440524095627,0.01165769491287816,0.1359347049285779,0.00817089645672534,0.009995881663395061,0.0,0.4,0.8,98,2.352208881625821,3.3593364101111303
29,33,0.05471018385877631,0.12691566674138005,0.26369560185058966,0.46128714589675035,0.010748202265827813,0.15031140684207403,0.0065593785093709,0.00854517458904276,0.0,0.4,0.8,99,2.426890357641543,3.2032385544466955
29,34,0.0531728741561146,0.12430538097771357,0.26102689459437245,0.4568999046701967,0.012324532879050592,0.15054861786713158,0.006546229974745769,0.00786234409088174,0.0,0.4,0.8,100,2.300214337089093,3.007431706169154
29,35,0.0531423867977246,0.12352810150076077,0.2602087843820455,0.47100171439252103,0.01110348120414591,0.1528269281022186,0.00809077084685516,0.00790618255265664,0.0,0.4,0.8,102,2.4588977641180043,3.329064801916049
29,36,0.05384973940147472,0.1292357876618061,0.27616284214512304,0.5124592436767765,0.010885571176919958,0.1509891117500976,0.006815328799325169,0.00993487283554145,0.0,0.4,0.8,109,2.282539835362938,3.8391660027102494
29,37,0.05445457037299084,0.12980086447760203,0.2767259082169837,0.5235076713022204,0.011461126009043946,0.16167338566053058,0.006814802504818531,0.010736610430070929,0.0,0.4,0.8,110,2.2729025971376973,3.6990051324778346
29,38,0.053855753155174504,0.1289293110809418,0.275839567278759,0.5195810827853239,0.012062605146281345,0.16194019431102477,0.0068937777917034895,0.0102590407542049,0.0,0.4,0.8,111,2.3139060213671394,3.7111264278908793
29,39,0.05762733222798157,0.1403703234257777,0.2976722010370901,0.5668454256811003,0.013114288067190116,0.14370455503794172,0.00733847751250329,0.01220762788668418,0.0,0.4,0.8,116,2.3207570894137364,3.9599158587163257
29,40,0.05660438748919522,0.17433510765268154,0.40336131983810686,0.7449312214117932,0.014563281880717345,0.14716481356040512,0.011318816653001499,0.01250473311102998,0.0,0.4,0.8,168,2.580267258806522,3.052221186266991
30,0,0.952908885147994,0.9727439192579816,0.971969577512992,0.1730335324055818,0.0,0.0,0.0,0.0,0.0,0.4,0.8,1,6.409095161988184,26.20535523962234
30,1,0.42699330268444907,0.5720200042908371,0.5598544719405952,0.09824206041299216,0.41369043933906186,0.09907441519974876,6.340212721791001e-05,0.00023028624464503,0.0,0.4,0.8,3,4.194748330516441,10.282528286748065
30,2,0.12636705714661722,0.18220315738182,0.15894436661025826,0.024752244831646394,0.4035024758137437,0.11063916703021888,0.00025360850887164003,0.00092114497858012,0.0,0.4,0.8,5,3.0356680301580456,2.499080565629781
30,3,0.047989634006138954,0.0397033029309925,0.022488623878856025,0.0025864748929920606,0.15505737357473473,0.11447015491820445,0.0004984622196570301,0.00181049118853254,0.0,0.4,0.8,7,2.884332522300161,2.1754053140028726
30,4,0.04788577289683014,0.03944051796881865,0.022217131943851172,0.006002140368909904,0.002007346400624113,0.11459780228023268,0.0005116072429791399,0.00185823592817222,0.0,0.4,0.8,9,2.8929411690674023,2.2867654296226494
30,5,0.046921105508666607,0.038289407445773964,0.02105578470003767,0.016301757974685305,0.00114560859033874,0.11977287099644496,0.00026302836738311,0.00099227783108904,0.0,0.4,0.8,12,2.9451706821992247,2.384893477652191
30,6,0.04684044769791214,0.04361096500127449,0.03664560388926431,0.020678980106732428,0.0010273192106510151,0.11448466851237331,0.00025703806099234997,0.00094378134756042,0.0,0.4,0.8,13,2.913820577812512,2.3291929572593717
30,7,0.044752083662257656,0.03364884621434226,0.01628047380513579,0.019910985864159854,0.010618372360486164,0.11678693697060445,0.00032669238524976,0.00109010861228129,0.0,0.4,0.8,14,3.181275399233984,2.7388644592681826
30,8,0.04642477281143236,0.03881390480564476,0.0316100961923508,0.038236819424533004,0.007015381510715329,0.1774749165861864,0.00035279914758654,0.00538821165901238,0.0,0.4,0.8,17,3.008933022880073,3.7914537291110655
30,9,0.04253039447663222,0.03398915659016015,0.0267351195065281,0.03932480214346332,0.005052750952783598,0.12518965940621757,0.00029198204058043,0.0016018094791481901,0.0,0.4,0.8,18,2.977008106865704,1.8934261489158184
30,10,0.04285214662999424,0.03961960427263914,0.04262886926222733,0.04687263906716897,0.00210900250625687,0.12877208840738372,0.00035733011233506003,0.00212433810290907,0.0,0.4,0.8,20,3.0524842506396808,1.9799721254301024
30,11,0.038312862306614466,0.02558375996475096,0.01810451676826963,0.047518329529335,0.016727130678468597,0.11854094878485859,0.00028475029697818,0.00100366745589111,0.0,0.4,0.8,21,3.136334096262136,2.695468433766981
30,12,0.03763364708927127,0.029619325529495935,0.03237174739655883,0.05695865307441953,0.0022981467239232894,0.11841429399523587,0.00027399670476056,0.00096475344698093,0.0,0.4,0.8,23,3.1159346836850537,2.4847129603308766
30,13,0.036311144567160655,0.024703196126427452,0.02726438948215877,0.06053561156985543,0.009637507191687291,0.14065700966792366,0.00030911481785124,0.0032152904653784003,0.0,0.4,0.8,25,3.10879159842334,5.3249580090987125
30,14,0.03045545379329883,0.018779149922142684,0.03132039965486001,0.06480442812718687,0.022639209408328947,0.15367178171314919,0.0003433173448727,0.00176752902185841,0.0,0.4,0.8,26,3.153563280580812,4.4384098855632175
30,15,0.030388732553099172,0.024078094121219792,0.04688584162152337,0.07268410646162876,0.001701700566406964,0.15367178171314919,0.0003433173448727,0.00176752902185841,0.0,0.4,0.8,28,3.158249730871343,4.401021003985246
30,16,0.03189745766145645,0.02491986162407711,0.04769273748587849,0.0779897417932369,0.004467246689325853,0.1324364192390109,0.00033343637352032,0.00436085759794349,0.0,0.4,0.8,31,3.226048526357661,6.610342406352776
30,17,0.0410823630952243,0.02957401956621389,0.052111020813975575,0.09171647353988442,0.025139299104827206,0.12988507169609986,0.0009739993265427601,0.02023558030961849,0.0,0.4,0.8,33,3.2368421504438425,6.288338479857289
30,18,0.05865298712736639,0.046585759135845915,0.06909361955937719,0.15903169160129804,0.03514843041426981,0.1498209865128542,0.00445962527423901,0.041039390825589564,0.0,0.4,0.8,37,3.39998789158361,8.03416945750695
30,19,0.044025837134883665,0.03186470791292684,0.05436787636021555,0.15330958950991597,0.02038378842298096,0.1438817345403253,0.00326187155728356,0.0234429960137394,0.0,0.4,0.8,38,3.273692392633737,8.32739975427195
30,20,0.05162350657699874,0.042707353107002896,0.07536708153189309,0.16227816218767438,0.03777610254995452,0.14462874898736428,0.0051376234325781105,0.0342669796528422,0.0,0.4,0.8,39,3.237592027797456,8.751444203654012
30,21,0.08738262649672598,0.07481016402410733,0.10728257554614688,0.2243595530855566,0.06986059543568021,0.11962872939249077,0.011849108840847191,0.0792816526319166,0.0,0.4,0.8,47,3.436431043794302,4.495797718455702
30,22,0.0491929609310908,0.03291706665906084,0.06520072646010273,0.21554801017888958,0.03634361698635738,0.13467247701187438,0.00635515949835856,0.03796875357464677,0.0,0.4,0.8,51,3.316283937676282,4.5966112519343705
30,23,0.026390969979543738,0.05644012997392989,0.18102332827532835,0.2783030327172293,0.013466958005349377,0.11850016140246886,0.0066970629218338,0.0119365840986263,0.0,0.4,0.8,59,3.1818759940367247,2.2238278625899914
30,24,0.026203245615169346,0.05606919495946061,0.18064327805975883,0.28152632431323155,0.01280136724086741,0.11938830067359338,0.0058355809029326895,0.01229787851347089,0.0,0.4,0.8,60,3.130755498003951,2.2654102446400675
30,25,0.019822735072128905,0.04686947121439511,0.17130136946750338,0.28638105788870655,0.013143363915293608,0.11083697040794356,0.00646414857153807,0.00673832255203044,0.0,0.4,0.8,62,3.1974142477195584,1.909466948386747
30,26,0.020210847850800955,0.04709244638015099,0.17151612426905918,0.2901797955156967,0.00907940618826261,0.1102733402794676,0.00634412132630497,0.00743949859481609,0.0,0.4,0.8,63,3.1771617642472507,1.9557956452542613
30,27,0.02031151408154468,0.025210340162785644,0.10854080641677488,0.2728395291078599,0.008948723031716562,0.10627015881113841,0.00747948382949829,0.0072142269265108305,0.0,0.4,0.8,67,3.2210041821075324,1.957873470961774
30,28,0.017138756995983037,0.0413867502587051,0.1656785767737817,0.3049230284762019,0.01621680040020411,0.10671967767617754,0.00538869454404601,0.00658937984147598,0.0,0.4,0.8,68,3.1169216985996826,1.9726677065926213
30,29,0.01667293080551506,0.040685561797659676,0.16496567484943997,0.30789845178979386,0.008008304238181961,0.10491713832651509,0.0052560581339797,0.006297226221867749,0.0,0.4,0.8,69,3.126308522189916,1.9490720188711728
30,30,0.024675971271852122,0.05113082101461508,0.18553173004707216,0.3249707570299234,0.022866773729344533,0.11451183046677131,0.00496829455216858,0.01927710039633,0.0,0.4,0.8,71,3.353714865559541,2.607008302606649
30,31,0.02589244669170951,0.04683001404302349,0.1709566933751236,0.322829415772312,0.01872509589943246,0.11429094784785712,0.00533980859247313,0.02068089567847404,0.0,0.4,0.8,77,3.384531711645116,2.6831270495608783
30,32,0.025216670048043736,0.050694637567079245,0.1850470783497397,0.34737706583187794,0.020311079242771427,0.11429094784785712,0.00533980859247313,0.02068089567847404,0.0,0.4,0.8,79,3.384351395846537,2.647588772875297
30,33,0.01982053982213924,0.03172405545253891,0.14540233595143345,0.34306010187062697,0.02491383957357493,0.11016003891134876,0.00549779413284489,0.01635074685486285,0.0,0.4,0.8,80,3.302269069523759,1.99174384896004
30,34,0.021774072586591718,0.024278912272605917,0.12749162920466964,0.3352701712518481,0.034250146423684236,0.11055821486667443,0.00552277539740289,0.022406699717417992,0.0,0.4,0.8,81,3.2865970502143727,2.5717636132408104
30,35,0.023576672781233838,0.0293180266530361,0.14269323335055006,0.3595239825720238,0.031371953104943874,0.11034896254556474,0.00644341711856814,0.026196064264636287,0.0,0.4,0.8,82,3.342986831823498,2.7042805814704467
30,36,0.024407274758535064,0.04642489470343566,0.19060908685702027,0.39264446086725346,0.024441434926915355,0.11023339400366887,0.00668813039957525,0.027165028248381202,0.0,0.4,0.8,88,3.358053550864086,2.7501335847390456
