Run,Equation_Index,Hybrid_MSE_Train,Hybrid_AIC_Train,Hybrid_BIC_Train,Hybrid_MDL_Train,Hybrid_PSM_Train,Extrapolation_Divergence,Sensitivity_Interpolation,Sensitivity_Extrapolation,Lambda1,Lambda2,Lambda3,Complexity,MSE_Test_Interpolation,MSE_Test_Extrapolation
1,0,0.8603879753964926,0.9161055335666265,0.9137221148853955,0.16194199856518554,0.0,0.0,0.0,0.0,0.5,0.9,0.9,1,8.711788044575725,26.088333794673648
1,1,0.45073837244938225,0.594958068780188,0.5819715048836931,0.14441960721763009,0.43691958984146695,0.10358015700511476,5.592981484257e-05,0.00022889895565524,0.5,0.9,0.9,3,4.88773993593735,10.226968490406206
1,2,0.1351545550132704,0.15464162659736097,0.13900288076456202,0.06948198743835783,0.5301709249978647,0.11880119076339055,0.00037318317317321,0.00152729342744823,0.5,0.9,0.9,5,2.349400054856198,1.7400369906398965
1,3,0.13335997109465517,0.14443134706664237,0.11834772233027832,0.06927159685610446,0.06881453620214145,0.12035373575673972,0.0005033683335831501,0.0020600906008971702,0.5,0.9,0.9,7,2.41616400671402,2.9061873646539764
1,4,0.12176481448827062,0.12964237704373469,0.1033729480915874,0.06336717113845816,0.06772341413343051,0.10647118308292144,0.00031772778121681,0.0007925725225803,0.5,0.9,0.9,8,2.3583054640566017,1.7538727549960442
1,5,0.12164012196597222,0.13478807909708568,0.11877901185990353,0.0706338955086072,0.05465786136317587,0.10651510420824498,0.00033045058991582,0.00081817775850535,0.5,0.9,0.9,10,2.350939964250093,1.7571452114930026
1,6,0.12154034400744046,0.14003684201211983,0.13429307811089045,0.07638867758421126,0.054493715014187344,0.10651510420824503,0.00033045058991582,0.00081817775850535,0.5,0.9,0.9,12,2.366168973333462,1.75342104054969
1,7,0.1299880628889867,0.13684452307789763,0.11051606192999208,0.09367449702664297,0.06666612417083835,0.12239903156799473,0.00050737476815403,0.00206617367561742,0.5,0.9,0.9,13,2.492715894674064,2.870399819035978
1,8,0.11890585140898874,0.12278651573342879,0.09628687488226889,0.08868706254439071,0.06790490253757758,0.10894553384837549,0.00032173421578769,0.0007986555973005501,0.5,0.9,0.9,14,2.45221122874499,1.6713060945848983
1,9,0.1182907961263988,0.12694680634863573,0.11067961523005775,0.09764985876314526,0.056935124598040183,0.10907044498649401,0.00032326510629259,0.0007985110465614899,0.5,0.9,0.9,16,2.415216005100678,1.7090526295290298
1,10,0.12461753983890349,0.13246813181709524,0.11615496134296997,0.09551761966225684,0.06602327787470748,0.12034917616905619,0.00055305756172954,0.0022361871417192003,0.5,0.9,0.9,17,2.548963908403092,2.944273920974194
1,11,0.11850447812970585,0.12496830274804245,0.1085760438346498,0.10657296254539289,0.063695613268557,0.11302437285760317,0.00044573440119809,0.00116738342773007,0.5,0.9,0.9,18,2.5266034230293246,1.6890340128898742
1,12,0.11476481204345142,0.12456071166798137,0.11831945901790408,0.09867487736929409,0.06501827051117749,0.10726112069687485,0.00071623265615102,0.0022784745049012002,0.5,0.9,0.9,19,2.665026188177567,1.7353326483093674
1,13,0.11064873332614693,0.1238407646587462,0.1277544077184042,0.10344851896410813,0.057018878886109695,0.10582781231489653,0.00038144525335096,0.00107517845373164,0.5,0.9,0.9,22,2.634543605376214,1.633271979057144
1,14,0.11043904272556344,0.12821769079554807,0.14235392097354632,0.11108476358849081,0.05660203068858144,0.1067708619419299,0.0004096532575026,0.0012209632764564901,0.5,0.9,0.9,24,2.6514237331607635,1.6863414842099993
1,15,0.11106567361085364,0.123263293540515,0.1271212248490369,0.1250397214660628,0.055889897481977584,0.10861367251941616,0.0003932757482215,0.00105721298909087,0.5,0.9,0.9,26,2.620058775414753,2.0908986002823213
1,16,0.11371331022769746,0.1192694353358566,0.12275812913656076,0.13414691190109876,0.07801797578322901,0.12023450374162614,0.00066999450547968,0.00432717656352454,0.5,0.9,0.9,28,2.889919643145594,2.775801906526267
1,17,0.10652996717287568,0.11032753009798967,0.11371962439396914,0.13323842030149527,0.06610131418178312,0.11121721501419768,0.00053514862173227,0.00331989754358078,0.5,0.9,0.9,29,2.9047230116749594,1.742024184663019
1,18,0.11160503892673679,0.12047185259573581,0.13411392540630368,0.1412560084336763,0.065998914327014,0.12058018442378486,0.00091261630985591,0.0037683239055208697,0.5,0.9,0.9,30,2.923901070686623,2.7186230526999218
1,19,0.10194151739624413,0.10925941761425337,0.12281661583162891,0.13778634393492584,0.06243125833400626,0.10674853283664516,0.00070627450661286,0.00251708819040161,0.5,0.9,0.9,31,2.89311312188668,1.8294529500705063
1,20,0.10164044060605526,0.10884424746716542,0.12239539989322747,0.1375477042497862,0.056531640622238054,0.1066876074009517,0.00065492161212674,0.00238469440094916,0.5,0.9,0.9,32,2.862559320509137,1.8644147440132588
1,21,0.10077214032685655,0.11812142011470306,0.15217292358302328,0.16247777006501044,0.056880328482910164,0.10657657253001844,0.00084182255314243,0.00205670407258021,0.5,0.9,0.9,35,2.869923710805192,1.960484165346409
1,22,0.10038720998802095,0.13392234520626323,0.19877745110380723,0.20682764418707333,0.05570725993900036,0.10630114805898142,0.0009539385468400099,0.0018215513226751598,0.5,0.9,0.9,45,2.871986220076705,2.089225346869737
1,23,0.09949012515803943,0.12176524368277306,0.16605905636375987,0.18512832201317833,0.05655758740852529,0.10629043415417261,0.00072517272438543,0.00143747292555705,0.5,0.9,0.9,46,3.141040274942114,1.7713441131889676
1,24,0.09924009315845474,0.1322423532997028,0.1970687766167767,0.19411099561812617,0.05520475923906297,0.10618125618794724,0.00067236992223615,0.0014387019741059401,0.5,0.9,0.9,49,3.0671619001798187,1.7601144667942186
1,25,0.10543742578873806,0.11551577839514032,0.13919734304976572,0.20868993697472957,0.06449297059082806,0.11781355950280208,0.0008224757101867699,0.00287431255060136,0.5,0.9,0.9,51,2.892690510921439,1.9103107974339
1,26,0.10858482656100629,0.1237080122461914,0.15763868091776792,0.2187929275151963,0.06732155789802616,0.12287182097900555,0.00106549282322,0.00372290893982104,0.5,0.9,0.9,52,2.9358389838355405,1.7983372806601052
1,27,0.10803062801198582,0.127509858876217,0.17165194103984974,0.22848204771075395,0.07046230190170584,0.1234487725144853,0.00108298927237505,0.0038666089276823004,0.5,0.9,0.9,53,3.01383882229146,1.7136617977219928
1,28,0.10753906795523382,0.12687595873412416,0.1710103101321077,0.23410752953294559,0.06609508445240281,0.1228693470302092,0.0010911182991239,0.0037769894601803896,0.5,0.9,0.9,55,2.952638467303997,1.7378680155845945
1,29,0.10512263206327296,0.12416674262009647,0.16828517934421272,0.28018204388915025,0.06374089422635477,0.11902778608230949,0.0008756922929223501,0.00373579532164173,0.5,0.9,0.9,70,3.035305217955066,1.671274662960419
1,30,0.10680176150056356,0.14650695008881534,0.2416262298040814,0.332532520555933,0.07970733327706715,0.10821741751073596,0.0032066900759639403,0.01576106873117012,0.5,0.9,0.9,73,2.651443758717169,2.2818614635388186
1,31,0.09210294783514347,0.131611030985931,0.2267200795930617,0.37725434873026686,0.05668908252848767,0.10083661986079788,0.00142575253050033,0.00549815875939866,0.5,0.9,0.9,92,2.759408222162472,2.0884540530001097
1,32,0.09199973503817925,0.13684115530314772,0.24221486293272568,0.3887287128057819,0.056859707745500074,0.10091594878752479,0.00142088110701613,0.00545246518801449,0.5,0.9,0.9,94,2.7611624412309737,2.088781733839771
1,33,0.10300367937305231,0.13055715648687796,0.2050682141091657,0.3089697822997231,0.07032079145584527,0.110375558050088,0.00455845619642776,0.01020984770446732,0.5,0.9,0.9,96,2.805107089068045,1.709518212380568
1,50,0.08851172570400431,0.15552612714162092,0.32197093561980744,0.6084305380086901,0.06317869148018032,0.10552386802207328,0.00488276135356041,0.00550048330671552,0.5,0.9,0.9,169,2.775353515088813,1.9757682476001768
1,51,0.08851862336896356,0.15552568244069148,0.3219700651182967,0.6084408088331834,0.0621235287553276,0.10548855521939515,0.00489763346161336,0.00551950537175721,0.5,0.9,0.9,176,2.77652526549764,1.975479597817639
1,52,0.08785212589688354,0.19700121723664768,0.4455369198170057,0.7839671205486941,0.06797488186550982,0.10570300130225048,0.0048016796986100905,0.00606187435495195,0.5,0.9,0.9,177,2.838781832613282,1.987139962450463
2,0,0.9148503338925427,0.9499636102609095,0.9485419711879386,0.16857250583180045,0.0,0.0,0.0,0.0,0.5,0.9,0.9,1,7.351710201459783,26.10890323318716
2,1,0.479209464090995,0.6242651211882236,0.6122558666747702,0.1460666582991483,0.43127660422188707,0.0934211334710536,5.874426253179e-05,0.00021584383112435002,0.5,0.9,0.9,3,4.050919312240521,10.239994120491897
2,2,0.1948609934596457,0.263929560668008,0.25148715617771195,0.0883019801172361,0.4464139143057221,0.10979142233270148,0.00071433604799519,0.00262468235474147,0.5,0.9,0.9,5,2.220406327010063,6.0278895348508845
2,3,0.14621207014358142,0.17999942395024157,0.16522306645360277,0.07386428585283838,0.14083509732045243,0.10815863730619155,0.00048447798828257,0.00178011571818992,0.5,0.9,0.9,7,1.8183390678741995,2.395046477156624
2,4,0.14013600248964883,0.16754324906434762,0.1424387718004856,0.06829622684606114,0.0553186784700683,0.10027065411579413,0.00033285479285754,0.00077748607076651,0.5,0.9,0.9,8,1.813066028628576,1.762282376672872
2,5,0.13921459901757519,0.1715230577372264,0.15665566604262185,0.07311235836171144,0.052057776540748536,0.09973335782521404,0.00033392277794685,0.0007535204015798899,0.5,0.9,0.9,10,1.82763745343686,1.862305302173184
2,6,0.13867522013581232,0.1699289910726056,0.15499676564601092,0.08523565360485119,0.05270051363470372,0.10096981533454563,0.00034093846243712,0.0008170332293193701,0.5,0.9,0.9,14,1.832236283623695,1.769231828983185
2,7,0.1380545434259988,0.17767459404305289,0.18313010055769044,0.09722453339819144,0.057517090254794435,0.10429385577265926,0.00057997863990759,0.00125189484105042,0.5,0.9,0.9,17,1.9218456321959785,1.8497889013949989
2,8,0.14080303767930372,0.1729568206164845,0.16801926893244415,0.11078365346499662,0.061785014875567854,0.1115398348173311,0.00073066933756314,0.00266531437756371,0.5,0.9,0.9,20,1.9576148861000469,3.2142128706736286
2,9,0.13289308019170876,0.1681989588788255,0.17339442657657084,0.1243138865148868,0.05680546583967281,0.10378948559941562,0.0004926892788494,0.0012597244488565,0.5,0.9,0.9,23,1.9371800070700247,2.0216653240811087
2,10,0.15487452567843576,0.1908114619645477,0.20599093060238025,0.14415955383641996,0.1015945226094826,0.12237473045242178,0.006367035556114819,0.01534867445527729,0.5,0.9,0.9,24,2.077192544624677,3.2470851434685444
2,11,0.15186731880643828,0.1904081838970921,0.21569184162400815,0.16102259128922677,0.08673873538180643,0.12237473045242178,0.006367035556114819,0.01534867445527729,0.5,0.9,0.9,26,2.012645149299563,3.153630106769724
2,12,0.15031456512722582,0.19922090270823084,0.24501531997400022,0.1706087678631043,0.0802888990038436,0.12208212890998478,0.00609296623212688,0.0146757968193225,0.5,0.9,0.9,30,1.9970382690937385,2.8291064696719728
2,13,0.1452748532232841,0.19955117056329713,0.2556119409398442,0.17669313000706127,0.07488433840957213,0.11471289970702833,0.00869487475282059,0.01065896907837122,0.5,0.9,0.9,33,2.091737022051914,2.889140686978625
2,14,0.14173218322762757,0.20092836581056953,0.26722892471803456,0.1794043971222313,0.07289516591686601,0.11489019563065266,0.0070523664941390205,0.008880492827969171,0.5,0.9,0.9,35,2.044897561780979,2.7941916594294853
2,15,0.13869467080889641,0.19781344481967547,0.26410952465118903,0.17937267148567912,0.06915290941312659,0.11471270202427952,0.00569307601928074,0.007053131270895829,0.5,0.9,0.9,36,2.003337618271929,2.686943169524155
2,16,0.14073442433832217,0.20451433838810185,0.28103552157419154,0.18739501098352473,0.07499534732552372,0.11470754100941165,0.00705758764452714,0.00886985339883297,0.5,0.9,0.9,37,2.0096560178408422,2.809528937289493
2,17,0.13372879869394955,0.20256355423689787,0.2893325754864313,0.2198016994893293,0.06536503906618953,0.11202315652334922,0.00468713951029229,0.00540084404298005,0.5,0.9,0.9,43,2.048996676922528,3.00726885083749
2,18,0.14043973036566798,0.1980680872001501,0.264277400176479,0.24540773861100404,0.07232363489253757,0.11220991730939398,0.00230197577324259,0.015506594065640941,0.5,0.9,0.9,50,2.063987819515197,2.4053624921572307
2,19,0.17001543010696835,0.23281396451733102,0.30927790358163343,0.3004248794507325,0.10257651482973429,0.12241127454516756,0.00365797372709487,0.04166429292675747,0.5,0.9,0.9,52,1.970334470809158,3.41736817973818
2,20,0.1750478674975788,0.23765007994705162,0.3141026789989077,0.3087228894052549,0.10805921535640245,0.12363388004164286,0.0039071019257163,0.04655471839597562,0.5,0.9,0.9,53,1.9778837510049108,3.648626606321904
2,21,0.17500377374730294,0.23104561554323344,0.29716311096391507,0.3129453854205609,0.11303147778671074,0.12085912666508354,0.00365980615826441,0.04957964000381643,0.5,0.9,0.9,54,1.9762558142073507,3.366837421627139
2,22,0.1379455684437418,0.18819914539930144,0.2539846773734442,0.28849093468086384,0.08199081169287764,0.11172416155707224,0.00395146170879131,0.019729059563493908,0.5,0.9,0.9,59,2.049277000023361,2.7215838463532416
2,23,0.19994883965231908,0.25481972025567534,0.3308290735141672,0.37074312291348277,0.1411433325156386,0.12269261258665227,0.007151931571153181,0.08024692220559418,0.5,0.9,0.9,62,2.1410393480487584,3.967859137098041
2,24,0.14205064524069813,0.20723554883918685,0.30375367145482934,0.33555045202841705,0.08301679656500449,0.11112789585226748,0.00460005585497088,0.02552773013549985,0.5,0.9,0.9,69,2.173489773630608,2.206727674869536
2,25,0.134481527541346,0.19670740360824718,0.29305858236438886,0.34370157186690103,0.09011327512965223,0.11585374925109018,0.00523030471383707,0.01710428147392474,0.5,0.9,0.9,70,2.194238162877272,2.2102304179790138
2,26,0.13490454867754847,0.17791478769594954,0.24329255570699704,0.3337076584434164,0.0931692204253735,0.11250518274309444,0.0053116798705093,0.022462681716768552,0.5,0.9,0.9,71,2.017984220491862,2.903198431343035
2,27,0.13393579225473068,0.18169270756006517,0.2573021825590358,0.34407040336417327,0.08230105319225753,0.11214075104935546,0.0052527803928546,0.022394154248649788,0.5,0.9,0.9,73,1.9891412479144517,2.6058650653076167
2,28,0.13393579446733522,0.18713754304169078,0.2730178319993999,0.35823123711980315,0.08112120293329515,0.11214075104935546,0.00525278039263481,0.022394154248649788,0.5,0.9,0.9,75,1.9891412864714173,2.605865132840403
2,29,0.13452054336066177,0.19637305071855277,0.29270319585688287,0.3646068177541578,0.08058599912160795,0.11175257700175042,0.0044587384481696805,0.02060306584836418,0.5,0.9,0.9,76,2.003121579832592,2.579585058443373
2,30,0.1909808511874877,0.28663387122056755,0.45461713674908066,0.5459431610622495,0.13915485705543568,0.12349260070594523,0.00712204229699426,0.078779690497812,0.5,0.9,0.9,96,2.132254680628619,3.968553777380301
2,31,0.1479289246535131,0.2588419041395734,0.4575774665101621,0.5923304678817185,0.09728452779043871,0.11939782157237747,0.0056256841610484295,0.03585314973880404,0.5,0.9,0.9,113,2.056567591753605,4.379221902389634
2,32,0.14915063076537405,0.26003018852013515,0.45876402479192324,0.5829124831640224,0.0984228591854237,0.12090553923677691,0.00526581736203747,0.03676845414457783,0.5,0.9,0.9,114,2.0595253958136586,4.052658764141431
2,33,0.1489291230996937,0.25971890350157883,0.45844779844085115,0.6111659108500681,0.09826742069179037,0.12076726822353678,0.0053700292007305,0.036589413601720536,0.5,0.9,0.9,117,2.055738224847755,4.10950000843821
2,34,0.15077576740109724,0.26656884489764915,0.47554377444408674,0.6061567451366697,0.10218490710335407,0.12525197905579166,0.00461911242767572,0.03736586075711918,0.5,0.9,0.9,118,2.051661549142023,4.395846529242549
2,35,0.14803650906671909,0.2691224701356567,0.4883597109657391,0.6268795857757258,0.09841997947671124,0.12055714989028507,0.00453895023386661,0.03716988554144694,0.5,0.9,0.9,119,1.9936604246636649,4.134567226717777
2,36,0.14665005666511954,0.2785152332561485,0.5182878218057196,0.6590272294785509,0.09656098608249651,0.12314371313972756,0.00463876070106475,0.03420895492537696,0.5,0.9,0.9,132,2.061629124627661,4.896275831212885
2,37,0.15267279605099518,0.2810916457235984,0.5107039807673026,0.678127576484543,0.10131004334035362,0.12784233065335787,0.00460737247985781,0.0362124696420559,0.5,0.9,0.9,137,2.047214763932796,4.720500228271341
2,38,0.14567540176955426,0.28199297724179484,0.5319812784137029,0.6799307318670396,0.09698068464439658,0.12271859869677729,0.00422684354432019,0.03481544861128892,0.5,0.9,0.9,139,2.0916033675031667,4.351744245521308
2,39,0.17363192159009672,0.2622148796242153,0.41983754472154083,0.44037360377601303,0.12409384689158523,0.13264896772401263,0.00641381913830681,0.05684333796607636,0.5,0.9,0.9,142,2.0696384480897536,5.9744266826523305
2,40,1.1052216595184556,1.256302004722134,1.537015546223466,1.841508566431651,1.0576500493565866,0.2911059055296389,0.01329189768122423,1.0,0.5,0.9,0.9,169,2.0243615885502515,2.6490142010601173e+67
3,0,0.8400068925194291,0.9030294873200868,0.9002745563042005,0.15938126572893177,0.0,0.0,0.0,0.0,0.5,0.9,0.9,1,9.332221210005182,25.97189682896327
3,1,0.43013767485412263,0.5734229905980983,0.5599707537409816,0.13606223032820894,0.4351851824035601,0.0933232897140998,5.724096316365e-05,0.00020540686426413,0.5,0.9,0.9,3,5.3190469897163535,10.17762816672791
3,2,0.39931258137171144,0.5381438101050954,0.5233704775871559,0.14057339652164771,0.15401893048777568,0.10999108788649961,0.00040872764873397,0.00305729483091112,0.5,0.9,0.9,4,5.179771095303721,12.367664014670256
3,3,0.18301755846951695,0.24172895241933745,0.21866920594063638,0.07863935206539734,0.6549098653716784,0.1048137357219486,0.00022896385265463,0.0008216274570565301,0.5,0.9,0.9,5,2.9603623972634563,2.479348117492884
3,4,0.1317437227683055,0.1533355938644842,0.13782163796111876,0.06808317979214233,0.15433192025359316,0.10773488655353092,0.00037654714691842,0.00135122409584514,0.5,0.9,0.9,7,2.329737078397632,1.7218229924932449
3,5,0.1289214694902151,0.15280279707635808,0.14737290970915556,0.07404139565392058,0.0627690162099568,0.10844234053393831,0.00043174184272342004,0.00154928801305953,0.5,0.9,0.9,9,2.242317495839558,2.0290079018322578
3,6,0.12314389297670164,0.15766113664193107,0.17275782556773847,0.11539657042097132,0.050574807637366624,0.09518150202116463,0.00129996546962543,0.00192976574089384,0.5,0.9,0.9,23,2.319012133510716,2.720417650675047
3,7,0.12245417829184732,0.15871949733130455,0.18387046119722164,0.12464686239510803,0.06155080555159993,0.09591362452323228,0.00199846450240351,0.004396192286174759,0.5,0.9,0.9,25,2.2751006621262264,2.5264956589394885
3,8,0.11547017257940491,0.1453282845373366,0.17011045258976804,0.12784935906007427,0.06000398255533787,0.09636264555447452,0.00181301741740991,0.0038826695262243,0.5,0.9,0.9,29,2.37890722857544,2.4820755050481758
3,9,0.11547017258852671,0.1507731200191603,0.18582582205367715,0.14905157175600195,0.05330750668163657,0.09636264555447448,0.00181301741740991,0.0038826695262243,0.5,0.9,0.9,31,2.378907249962547,2.4820755095358025
3,10,0.1361221849311467,0.1577287837964504,0.17208063781691546,0.17142117326688253,0.08257982275736778,0.10585765718492506,0.01204259369226976,0.01445323402558472,0.5,0.9,0.9,33,2.560801303286018,4.273064929244539
3,11,0.13612218108158092,0.16317366439469674,0.18779605239724817,0.18872389145718543,0.0767755155694904,0.10585771313669017,0.01204260178257043,0.014453244980328961,0.5,0.9,0.9,34,2.560802433131519,4.273065392461531
3,12,0.13488862636959717,0.16068952467139025,0.18524126544604005,0.17917186061029458,0.07805310477648143,0.10585771313668738,0.01204260178257038,0.01445324498032927,0.5,0.9,0.9,38,2.628191647556635,4.034073348377406
3,13,0.10931449688499606,0.12819244305099703,0.1423906446158871,0.15827990667207967,0.054669854245188575,0.09500535830733864,0.00132162003634873,0.00440279854786328,0.5,0.9,0.9,41,2.331690067060456,2.6872149839683237
3,14,0.10946184455986131,0.13317221957556238,0.1576065548545955,0.19060741380348847,0.053650972799938794,0.0943331673172422,0.0013783444166078,0.0055488879143585895,0.5,0.9,0.9,51,2.212625894603852,2.50584455480442
3,15,0.11017108098563447,0.15470317130173591,0.22016587092418996,0.2170084188893652,0.05894088268120071,0.09662030721134626,0.00193687345250998,0.00554385461516554,0.5,0.9,0.9,52,2.3202388627779964,2.585436941195733
3,16,0.10997396635634765,0.15963178384766838,0.23534736523130442,0.24553647629850558,0.05580462716686827,0.09639682864881384,0.00225233549404555,0.00547795945254435,0.5,0.9,0.9,54,2.3261728624596065,2.57887982256017
3,17,0.10905875557295641,0.14687408112338568,0.2019953284502254,0.23512892422454418,0.05709541511031356,0.09561095499628117,0.00216089896567356,0.00601334953643464,0.5,0.9,0.9,56,2.3195208513452004,2.6459204702818147
3,18,0.10786627461337851,0.15004963845976171,0.21538122449608754,0.23147725253462442,0.0593653839583444,0.09671295541303618,0.00210981162840244,0.00527886478981994,0.5,0.9,0.9,57,2.318935020392599,2.649291300429119
3,19,0.10775867913415402,0.15527480620150425,0.2308709327783346,0.2541458431757366,0.05523280773992605,0.09671295541303618,0.00210981162840244,0.00527886478981994,0.5,0.9,0.9,59,2.3354566089549533,2.6426977926641
3,20,0.11241797148987907,0.15876043087947472,0.23429076275520444,0.269079125435418,0.065608641542914,0.09821077655837548,0.0036952223667894102,0.00930349970462959,0.5,0.9,0.9,60,2.288261792212071,2.71232675952441
3,21,0.1109827315657558,0.150355065802326,0.2155309271754142,0.2428001721090469,0.06688132662894049,0.09821077655837532,0.0036952223667899,0.00930349970463013,0.5,0.9,0.9,61,2.412195008405033,2.597775493835808
3,22,0.11290983567470574,0.14610509823471612,0.2009699136572191,0.2530072394295443,0.06439645082389986,0.09966977798254874,0.0032251482694809997,0.011870121925660029,0.5,0.9,0.9,64,2.285776327656234,3.656209380218889
3,23,0.1099982657795606,0.14158511870512003,0.19636124766846014,0.27214055423629113,0.06330746707343675,0.1003769018377777,0.00458885264367853,0.00855568941937831,0.5,0.9,0.9,69,2.2544634499577096,3.676556274435589
3,24,0.10656101408564028,0.14192749627627138,0.20688283126460108,0.274073645118299,0.06674050966692636,0.09685634218083412,0.00476281689445962,0.00824125647563728,0.5,0.9,0.9,70,2.4325113930431423,3.0279105842528398
3,25,0.10242863529624623,0.153811232087051,0.24956107464276744,0.5059950849943909,0.056314679680743426,0.09376025951515564,0.00289205561921728,0.007568955187886981,0.5,0.9,0.9,135,2.4072131890257844,2.8814063887122625
3,26,0.10215322533401257,0.15944533542612987,0.26549110173024054,0.5291850267087771,0.05575036520247726,0.0937392077084327,0.00414041758389395,0.00554763802085671,0.5,0.9,0.9,141,2.347770682498374,2.8671897943564324
3,27,0.1011984743723851,0.14634328611148584,0.23177903598033645,0.515652448213944,0.05688658664003414,0.0937291126985306,0.00322420557737689,0.00670144228005958,0.5,0.9,0.9,143,2.4044422653223565,2.874292586927093
3,28,0.10341789916291415,0.16179596522058906,0.26790146454073677,0.5498025145486309,0.05660880706609827,0.0937392248930798,0.00443894030153452,0.00553130868435809,0.5,0.9,0.9,147,2.353421162200331,2.867205869402348
3,29,0.10028076185344866,0.1455689483924569,0.23101258841039438,0.541494871553684,0.05728998988712079,0.09374162936610204,0.00335620116414989,0.00539637747207721,0.5,0.9,0.9,148,2.347432648322115,3.000975955395361
4,0,0.8994242173725336,0.9405288642081161,0.9388393803063974,0.16672481594422586,0.0,0.0,0.0,0.0,0.5,0.9,0.9,1,7.740069580307116,26.21297528935529
4,1,0.46117329796255113,0.6058816124217792,0.5932558995057098,0.14512502902244256,0.4472198159275832,0.10003249572861513,5.833461431026e-05,0.00021635523701147002,0.5,0.9,0.9,3,4.605146067171654,10.308782281141468
4,2,0.40907214528219715,0.5539692508820598,0.549390706736593,0.1679685226205694,0.23480345917836148,0.12993348400687776,0.00128531022666975,0.00558888298330008,0.5,0.9,0.9,4,7.08704705650888,30.64309837601581
4,3,0.1864769689614879,0.24516680478294636,0.22210563507857134,0.08212033350910995,0.6507723561534751,0.11170908232013439,0.00023333845724107,0.0008654209480459,0.5,0.9,0.9,5,2.9773782950868406,2.5346776230923007
4,4,0.1790801995496915,0.23620231151030055,0.22292145788249082,0.09856935223496302,0.09573579289223563,0.1170489745054651,0.00027180986160112,0.0010178248397742199,0.5,0.9,0.9,6,3.195887371111694,2.158170848552618
4,5,0.1437053277717934,0.17102826616653477,0.15585254735091247,0.09080305196164988,0.19857424601208162,0.11930959918700572,0.00035847153906864,0.00135736079645271,0.5,0.9,0.9,7,3.109777192043182,2.310029394584888
4,6,0.11593613724380349,0.11194541213516461,0.08499968983185112,0.06118735966912138,0.1689103364068516,0.11623157278487657,0.00052501152879241,0.0019471971331032698,0.5,0.9,0.9,8,2.8567662797147144,2.8906613164475248
4,7,0.10710317861429537,0.1014125280204858,0.07437170118296525,0.05697190793017651,0.060061709088538466,0.10430085171724679,0.00033081260395227,0.00078657910444481,0.5,0.9,0.9,9,2.7411790058366754,1.7928625255187016
4,8,0.10710317861429537,0.1014125280204858,0.07437170118296525,0.06745582637239834,0.05315611195978874,0.10430085171724679,0.00033081260395227,0.00078657910444481,0.5,0.9,0.9,13,2.7411790058366754,1.7928625255187016
4,9,0.10685266325531835,0.10634691017588825,0.0895622544123504,0.08495649284927616,0.0542082544785615,0.10430085171724679,0.00033081260395227,0.00078657910444481,0.5,0.9,0.9,14,2.7079870959138934,1.775986708635245
4,10,0.1282615420022684,0.13844377153953152,0.14218909074975164,0.12026466987613597,0.0755765785538752,0.14298003040292864,0.00046378222055423,0.0031688696071170896,0.5,0.9,0.9,15,2.8440266488775485,6.069570964663263
4,11,0.10149022691161344,0.11646067750265268,0.13044000586961965,0.10034785848781023,0.049504468784085515,0.09518645980489124,0.00036383615739378,0.00077617180341317,0.5,0.9,0.9,18,2.774668328930327,3.596719527803203
4,12,0.10148183189363381,0.12189497168736288,0.14614484081617063,0.10770724733734109,0.048618298888328915,0.0951748125030592,0.00036417305555777,0.0007755779719073799,0.5,0.9,0.9,20,2.7781321653853324,3.587692708228745
4,13,0.1001825730239709,0.11431365233114421,0.1282463955963127,0.1077271672473171,0.05149496919616274,0.09437647329747516,0.00034365944203605,0.00068670635543946,0.5,0.9,0.9,21,2.748334349956796,2.6613987682482723
4,14,0.10020519660548914,0.12522541588571273,0.15969927035079015,0.12888984224923702,0.04813936138758499,0.0944163912284228,0.00034427190531365,0.0006897569674876801,0.5,0.9,0.9,26,2.740611159964228,2.632527471050938
4,15,0.10040188152211606,0.11410082676737639,0.12800957614992414,0.13549470961861745,0.04932739441172939,0.09408936751598156,0.00040541291193134,0.00148662065898291,0.5,0.9,0.9,29,2.792619894820396,3.892461081128373
4,16,0.09970636604378208,0.11807889200214722,0.142215008340842,0.14640921937221402,0.04983325879700415,0.09379296273111563,0.00042598107374126,0.00167922534431348,0.5,0.9,0.9,32,2.8749920310612453,5.251482527055569
4,17,0.09924556663592546,0.1283925524993307,0.17306362954715607,0.1509455933208959,0.04887827068247201,0.09434825969553624,0.00048138390534690004,0.0009195724622631299,0.5,0.9,0.9,33,2.794960013926294,4.886644169463182
4,18,0.09875864357266993,0.12170225475395481,0.15606080794154809,0.1514561155582951,0.05172649973762729,0.09364896230011452,0.00042077295976417,0.0016289274752337099,0.5,0.9,0.9,34,2.790799284255886,5.574252138163715
4,19,0.0972027212408463,0.1126660078181922,0.1366418430602206,0.15708555967228666,0.05309465066967013,0.09357919576725185,0.00046018434385018003,0.00202452637895784,0.5,0.9,0.9,36,2.8026096586949243,5.300235648295214
4,20,0.09828529330841702,0.1189504186351233,0.15318322770392703,0.1700005576991407,0.0506717635542443,0.09557055486683123,0.0006204858834823999,0.0022191746630787702,0.5,0.9,0.9,39,2.8791255166360914,5.336940027310415
4,21,0.1028551773833645,0.13694891265018844,0.20183459550146757,0.20899254213563145,0.0691377760145874,0.09257826020611408,0.0011897187257215501,0.011381060356159451,0.5,0.9,0.9,40,2.8146666050836777,6.245751214400971
4,22,0.10070519399135984,0.13959792382326455,0.21471912319419736,0.2163429356420751,0.057332871041959776,0.09203452978442009,0.00098764749420204,0.01015899483983948,0.5,0.9,0.9,42,2.8768654203163875,5.706838616725204
4,23,0.09257055663646459,0.12514928864740874,0.1899522488048785,0.20867594228645314,0.05213661973452556,0.09340410059592183,0.0006544281049094701,0.0015757774998639601,0.5,0.9,0.9,43,2.781323233972382,4.211653005315535
4,24,0.11340185181715018,0.13924680008646512,0.19370953300033295,0.24024019730643167,0.07172930600743571,0.07957567771378501,0.00257713357714155,0.03178650963809947,0.5,0.9,0.9,48,2.8861323182340657,12.882945286495948
4,25,0.10725167819148196,0.12849090201335236,0.18270516608393536,0.23965763486206448,0.08675564592868598,0.0912885484470064,0.0025505278641141,0.02307219056429122,0.5,0.9,0.9,49,2.925072173112436,11.898442607951592
4,26,0.10110198221498033,0.12739792798461785,0.191861580940257,0.24332491492953692,0.06365651132399233,0.08982649402355106,0.00220509046593769,0.01778021652372443,0.5,0.9,0.9,51,2.856908267455595,11.788654516157694
4,27,0.09934592232422573,0.12998121954727163,0.20465660687311404,0.26154220786531784,0.06426720341424227,0.08843134641755249,0.00278901287664296,0.01710635151432761,0.5,0.9,0.9,53,2.7534372393573427,11.778073048780216
4,28,0.10020848396577732,0.13005116539263994,0.20468421673147402,0.28493152988196063,0.06419506519969473,0.08807862657812573,0.00246803466212892,0.01935746520156288,0.5,0.9,0.9,59,2.7877380242294967,11.780392338762743
4,29,0.11053201441673882,0.13874934999025731,0.2132955821241743,0.33656282404653315,0.07612932812388476,0.08669689123856575,0.00443399233201625,0.03121240919493285,0.5,0.9,0.9,68,2.8607295841873333,14.324263073764424
4,30,0.10616525287448898,0.13816726957786413,0.22289596854046456,0.3436977791154134,0.0757041376629907,0.08666104514985239,0.0038812493549060197,0.028535456559163418,0.5,0.9,0.9,70,2.875987988382529,14.229844859739648
4,31,0.10008982065871319,0.14835432096467427,0.2638912470334102,0.34676503658711283,0.06654654933371718,0.09267228893859172,0.0025298620444630998,0.01986575136190752,0.5,0.9,0.9,75,2.7995227802658453,9.12805664385087
4,32,0.09778841499752428,0.14454971563153549,0.26000704543446235,0.3452121202172485,0.071266360098548,0.09237408471160012,0.0028156271229291202,0.01862907562304045,0.5,0.9,0.9,76,2.8010847642525265,10.73165900303268
4,33,0.08288328432388412,0.1501143949567966,0.3065851351754174,0.4256812543876619,0.05199901918581699,0.09187613938891061,0.000441439669228,0.005965236466399021,0.5,0.9,0.9,93,2.7474167107077205,8.38996922122705
4,34,0.10504135879846158,0.2030766402010569,0.4210729235844087,0.5858346902957603,0.07564608014259722,0.10744132092949107,0.00296284478929656,0.02117903681490094,0.5,0.9,0.9,129,2.847667691745326,21.490024739282727
4,35,0.09198963219070697,0.18951020710565206,0.4074794931058385,0.5989003873244408,0.06348536900755093,0.09639841503792304,0.00157703539731978,0.014681669521706912,0.5,0.9,0.9,132,2.7732773038327325,21.840060483071237
4,36,0.09526268182982948,0.20324773633369866,0.44173599545718395,0.5923871093462699,0.06727685893316607,0.10093900600716248,0.00220010093066803,0.015571404788972959,0.5,0.9,0.9,134,2.784896940010805,29.89712782051017
4,37,0.11488726406207887,0.22810436483706803,0.4768520228836084,0.6478113686615221,0.08642783595791949,0.096380238106857,0.00208716849282389,0.04022154641400536,0.5,0.9,0.9,139,2.7729705699366813,28.66045095986751
4,38,0.09024600832050685,0.20335046938150936,0.452092323046134,0.6156421818873852,0.062149647640813134,0.09644851966938237,0.00208658631857563,0.01291046368850852,0.5,0.9,0.9,140,2.7862801318575205,34.10718496436163
4,39,0.08991298899876701,0.21390635955606122,0.4831893767703277,0.6518227653186016,0.061390131004524964,0.09636178925999947,0.00204192147817617,0.01263410617815936,0.5,0.9,0.9,144,2.7996320536623784,33.80466571268542
4,40,0.09085437595066786,0.20513247011202845,0.46392235475178717,0.6448153181449805,0.08204610374116646,0.10093581451737861,0.0028313964538244,0.014306523587839851,0.5,0.9,0.9,145,2.802029122675358,68.6525104117105
4,41,0.09006020653234098,0.19813933823520025,0.446619499896097,0.6557493338742817,0.06666974557368888,0.1009681945327365,0.00272572888910528,0.01420442055323361,0.5,0.9,0.9,148,2.895991190894197,65.59425505485673
4,42,0.0869609897387222,0.2058761311068718,0.4748946236485398,0.6766133278427268,0.06270374248332934,0.09865886521110447,0.0026488637936151,0.012168131449072039,0.5,0.9,0.9,153,2.800641998635037,80.98533481856383
4,43,0.08947378895549482,0.21302841023092714,0.49227581121338904,0.6968276570449708,0.06886395879387261,0.10240723854571117,0.00277578319073012,0.01348581831375702,0.5,0.9,0.9,154,2.765820160855774,75.63360827531218
4,44,0.09176105477570162,0.2142378741880258,0.4934297319167852,0.7736902446079277,0.06922100845994894,0.09387291847400964,0.0038062035015718303,0.02071801209368115,0.5,0.9,0.9,173,2.761505952359361,106.135420665596
4,45,0.1192617469107857,0.24704984615193526,0.536505210763094,0.8147994025311878,0.09678455413647613,0.10588803447460271,0.00282262430920542,0.04570382526293756,0.5,0.9,0.9,176,2.786986867744893,12.638051151546785
5,0,0.8450844136828878,0.9063085517548495,0.9036465951031412,0.16002340841148288,0.0,0.0,0.0,0.0,0.5,0.9,0.9,1,9.219611320451072,26.394548327893297
5,1,0.4192009799085023,0.561608489916222,0.5478222241846575,0.13370235692794288,0.45063448140991674,0.09322165496750454,5.972556868119e-05,0.00019554394577157,0.5,0.9,0.9,3,5.616018894430424,10.363073171576572
5,2,0.10897947012312988,0.10823884870695703,0.09144104152781975,0.057605527162029345,0.537622497423887,0.10753632552927472,0.00045263520592658,0.00148194610978855,0.5,0.9,0.9,5,2.7558925903463507,2.0437448655372195
5,3,0.10893237444345218,0.1136143362194899,0.1070858015144434,0.06387353426311579,0.05552817180572133,0.10750658742929649,0.00044979008072565006,0.00147263105393744,0.5,0.9,0.9,7,2.759105120027144,2.023076028469458
5,4,0.10631623782796402,0.1099102938231215,0.10332124041011642,0.0696754811213324,0.05537810591743522,0.10489911646692329,0.00041010754747652,0.00121479302434255,0.5,0.9,0.9,10,2.807671051730723,1.899985455234206
5,5,0.11519365458519153,0.1121366436126843,0.09521003413023828,0.08811177857123509,0.06556251381506352,0.12009412281330278,0.00123474408247211,0.00309186515093978,0.5,0.9,0.9,13,2.770507713459736,2.255225099046438
5,6,0.10983228756837793,0.1022250367389324,0.08504756926146205,0.08308404106930732,0.08107293653728011,0.11518937868105827,0.00127226897505518,0.00457805345651803,0.5,0.9,0.9,14,2.7547555136061384,2.1572447601042186
5,7,0.10799302064923132,0.10574900093393438,0.09883759747659449,0.11416825281402901,0.061150552819617204,0.11124968720893784,0.0012107077717538601,0.00486887131787168,0.5,0.9,0.9,20,2.810344925667378,1.7593482729498005
5,8,0.1072817014656195,0.10502074044765357,0.0981083899479176,0.11602309976322427,0.06046842591711578,0.1107086964798936,0.0011247675266440002,0.00448255492642964,0.5,0.9,0.9,21,2.82418622959142,1.78890227353354
5,9,0.10933292758001185,0.10600584794517524,0.09903515134333145,0.1290212229137138,0.06767792944163065,0.11529958675948222,0.00101678383092916,0.00541732091772062,0.5,0.9,0.9,22,2.841796644041269,1.8606829524237396
5,10,0.10987573520926697,0.1109279991046829,0.11416981162817029,0.14629527720703517,0.06707814896647653,0.1184079955155023,0.00128821484981502,0.00511393301734705,0.5,0.9,0.9,24,2.8582628496523608,1.7429759766270043
5,11,0.10879491038842465,0.1088158467968871,0.11200141889199153,0.1512430867915973,0.06619051058812686,0.11806886187679828,0.00130443066798067,0.0051363355310354,0.5,0.9,0.9,27,2.860675214926554,1.7356764269389822
5,12,0.10982884388685236,0.10377073242247148,0.09665114694190252,0.14424775011828792,0.06894955769566832,0.11943964155508864,0.00131733862255591,0.00615489374360904,0.5,0.9,0.9,28,2.6673838871944557,2.8474702438709367
5,13,0.11556501901983868,0.12580779115893173,0.14949806811054903,0.18372944757004112,0.07225548326547845,0.10967301704656955,0.00309053819395321,0.016215031436030487,0.5,0.9,0.9,31,2.758809203952735,2.546433483011433
5,14,0.11204166608223141,0.1106971849249268,0.11380862099431041,0.1579588657702111,0.07207175673811655,0.12030258406629135,0.00198194703023767,0.00820907817883426,0.5,0.9,0.9,32,2.7852336866088026,2.057695784173059
5,15,0.10929503333351102,0.1119903930857991,0.1252963147987656,0.17315634833293048,0.06969085986396834,0.1165115357111437,0.00199686743398187,0.00866280539956377,0.5,0.9,0.9,35,2.851782271534708,1.949996207918272
5,16,0.09956393053439176,0.10175632096956486,0.11503503239907469,0.15504788361622698,0.058966853196069965,0.10437170287399275,0.00201021225017862,0.005085696097806821,0.5,0.9,0.9,40,2.8075194019787006,2.0625399199877346
5,17,0.11167017532706543,0.12457563717097264,0.15838594263933495,0.20855143427963962,0.0711833729380256,0.12099655077470566,0.0020890223040558103,0.00939859560976626,0.5,0.9,0.9,42,2.849957089573953,2.102460574070124
5,18,0.11135826090873394,0.12898068262684886,0.1730222875105443,0.24185337957132114,0.07165347402590147,0.1205863462915635,0.00222525022457783,0.009870100087821609,0.5,0.9,0.9,48,2.789195987396398,2.105396264716609
5,19,0.09994232750796385,0.11019473018015138,0.14386233386078634,0.19731370896896216,0.06398681019660542,0.10340291008084727,0.0023514982058353,0.00851503150181876,0.5,0.9,0.9,51,2.8902122895451745,2.0603851308534824
5,20,0.10061054807385433,0.11485776374125323,0.1587183726773453,0.1963962308185342,0.06907195921756895,0.10242348810991844,0.00291567680704578,0.010663770570300669,0.5,0.9,0.9,52,2.815923722181334,2.071146293981537
5,21,0.09981152618629224,0.11903087292041017,0.1731368036837099,0.2020930223145518,0.06396850922821384,0.10219693713553261,0.0028601490060915,0.0104204325405249,0.5,0.9,0.9,54,2.841102040561214,1.9982712643089544
5,22,0.09925133292404362,0.1169826250473249,0.17100936478316453,0.21464475003857847,0.06955713280497802,0.10689794874926048,0.00273117607428129,0.00876564518792374,0.5,0.9,0.9,55,2.921315867588713,1.8791119524372744
5,23,0.10235114889117852,0.12542792950563078,0.18971980196871818,0.22087681034381673,0.06707859491880498,0.11113003831621564,0.00262428149254892,0.01006201417883669,0.5,0.9,0.9,59,2.9246169411711667,1.9468907209407136
5,24,0.10294008685587362,0.12574879456682114,0.19002625527343486,0.2593074705705638,0.06789201746102136,0.10867191777856036,0.0045301175044295,0.01043625649676604,0.5,0.9,0.9,71,3.0313215240830886,1.9163861957526835
5,25,0.10114052205389232,0.12907199265414374,0.20360312525937455,0.2644746751053249,0.06753110696043096,0.11084806326185773,0.00360063526551411,0.00846940105604107,0.5,0.9,0.9,72,3.0602038212413536,1.926017506561224
5,26,0.09994251492579079,0.1213649959119905,0.18556889236163046,0.2632870271373787,0.07011525325305618,0.10999010221267722,0.0036321563300006,0.008610798337814491,0.5,0.9,0.9,73,3.048480364823701,1.9252472138376868
5,27,0.09942568392230756,0.12590118749412205,0.2003550510101134,0.26349159779770925,0.06734984080559021,0.10861325779670279,0.0033318753567521896,0.00947911117810182,0.5,0.9,0.9,74,2.8813106833348434,1.9702543983137424
5,28,0.09997678756344792,0.14277854201721588,0.24804361580062514,0.3308669270266774,0.06639693225769443,0.10994951301183628,0.0031181312543544703,0.00957064137354261,0.5,0.9,0.9,86,3.0143485126699905,1.906727673536637
5,29,0.09896071821255772,0.135999267820875,0.23097727341960086,0.3467262198656872,0.06687740930053697,0.10956175486074168,0.00304627891879513,0.00903468846859964,0.5,0.9,0.9,87,2.986065859370865,1.917185797705212
5,30,0.09931723352241385,0.13622672302169614,0.2311978335621858,0.3471471672003532,0.06636996359211826,0.10959240389749851,0.00306485990189138,0.00951914635743681,0.5,0.9,0.9,89,2.970209452963726,1.916703857052957
5,31,0.09359187081838061,0.1633350790783403,0.3199384699222239,0.4502474165095459,0.06031828310242121,0.09951638080512588,0.00406588079137651,0.00759658931139538,0.5,0.9,0.9,114,2.9534566004402,1.9449618466976848
5,32,0.091600482826343,0.13347314472679522,0.2386889874649599,0.42164830925317265,0.05962821728473584,0.09779692359636873,0.00392863537355628,0.00709604600987178,0.5,0.9,0.9,116,2.871422169973947,2.5213776220827
5,33,0.09809720181618875,0.1453407180864702,0.26082373586034846,0.4742433928513918,0.06548565964673436,0.1042568001770144,0.00424054010891,0.010484751134360131,0.5,0.9,0.9,119,2.919258140899118,2.180592417212303
5,34,0.09629130382204909,0.14247849615614575,0.25790536515303897,0.46266366962359046,0.06652436442370478,0.10423425543264112,0.0042501572167212304,0.00948950426033421,0.5,0.9,0.9,121,2.93836706145629,2.3375357076127683
5,35,0.0957794380276836,0.14582443832726075,0.27143849908370027,0.48536090521233777,0.06729727697699656,0.10390427952988376,0.0041641141639220305,0.01069574744831474,0.5,0.9,0.9,123,2.952564450845113,2.21810779027181
5,36,0.09681166457621682,0.17466014387662315,0.351657792937608,0.5333513232197509,0.06588062253104433,0.10273157404187869,0.0067126410435332795,0.00939736647474914,0.5,0.9,0.9,136,2.9143334420715568,1.9723101478406224
5,37,0.09650606972555718,0.172815700487555,0.34973244620475813,0.5443395887543817,0.07296831306864603,0.10567196643164545,0.00703321815680317,0.00855760366980182,0.5,0.9,0.9,137,2.885892745290667,2.6171191334195028
5,38,0.0953886606874018,0.1714166037269289,0.3483184572031031,0.5376854168359494,0.06697639081488717,0.10237563984637583,0.00611948913497633,0.01032632119158566,0.5,0.9,0.9,138,2.903548795270147,2.537374640157592
6,0,0.9181916942494556,0.9519921305112177,0.9506280772233837,0.16896975644613596,0.0,0.0,0.0,0.0,0.5,0.9,0.9,1,7.263044984775711,26.152089603655455
6,1,0.4581971891351939,0.6029211750171583,0.5903105296193053,0.14174555542720169,0.4550228134270019,0.09306550717018272,6.225230357269e-05,0.00021462544094227,0.5,0.9,0.9,3,4.57080989634,10.229560345844146
6,2,0.1787951725002771,0.23484607445664338,0.21160194829919074,0.07697693338219823,0.4389279915128837,0.10392885157882807,0.00024900921429078,0.0008585017637690901,0.5,0.9,0.9,5,3.0278304268936806,2.4967545979788044
6,3,0.13302987434543057,0.1534063348408405,0.13782010819896612,0.0789299152124833,0.2476890371343203,0.11168709582422398,0.00045891927678300994,0.00196861659300107,0.5,0.9,0.9,6,2.667819614278339,3.360770473974662
6,4,0.11859104048055179,0.12134317674134908,0.09477895530430663,0.059787921459904664,0.10767285998770391,0.10813636300506899,0.0005602707321542501,0.0019316289684804503,0.5,0.9,0.9,7,2.629259264088238,2.905909485352272
6,5,0.11314196551098281,0.11652932093767368,0.09996297258315116,0.06449684005501947,0.06555923972652607,0.1074540715876203,0.00048175021841620003,0.00166091609655655,0.5,0.9,0.9,9,2.616312196391559,2.1199823683274026
6,6,0.10755520782787123,0.11495655228577134,0.10858025125613871,0.06921297226109488,0.053422970464699966,0.10067455115135111,0.00037369163232651,0.0008879372453526799,0.5,0.9,0.9,12,2.6498437798305723,1.762641534304539
6,7,1.4562102951892304,1.4737203084052093,1.4878415369742317,1.5116777892205981,1.4010723447524334,1.0,0.0009844404118595899,1.0,0.5,0.9,0.9,29,2.774027949192547,80.86270977062922
6,8,1.4556701547051998,1.472593880823013,1.4866824396684055,1.5142275384276238,1.4021075493458275,1.0,0.0010171110593130601,1.0,0.5,0.9,0.9,31,2.767240322181112,81.63454277304774
6,9,0.587525704605641,0.6150274169190647,0.6496393279327259,0.6553449182278539,0.5343427188433211,0.6539238545534302,0.00103296706277654,0.22798015437478533,0.5,0.9,0.9,32,2.8441767789409247,90.82633834642434
6,10,1.4538027277202183,1.4742342494412846,1.498485131888935,1.5314300203091928,1.4042056196204333,1.0,0.00101804039363503,1.0,0.5,0.9,0.9,34,2.8230013461305234,81.63185139456986
6,11,1.4527750921642433,1.4720808548671789,1.4962690963837166,1.5428739158629838,1.4024812944562717,1.0,0.00107370207983838,1.0,0.5,0.9,0.9,37,2.7808519935122007,82.33422339298515
6,12,1.4527915321705271,1.4774925436863326,1.5119486868010192,1.5538468632535656,1.401070402276663,1.0,0.00114469390380711,1.0,0.5,0.9,0.9,42,2.849696697547363,82.56441386448152
6,13,1.4527457707339668,1.4773927600016008,1.511845899615742,1.569510783881325,1.4012525750605265,1.0,0.0011508758806062802,1.0,0.5,0.9,0.9,43,2.8496192130370512,82.61507809937028
6,14,0.329776998071055,0.3619312949881158,0.41673879104262546,0.44995214781940057,0.2948421821839322,0.2647693663460781,0.00298847321323289,0.1624356303258693,0.5,0.9,0.9,44,2.90543950411934,92.38704991549956
6,15,0.10398547865328742,0.1405248622898797,0.20554401324584431,0.24367958787262273,0.05790981506084656,0.09904534225567156,0.00111123437753177,0.00661896659640449,0.5,0.9,0.9,47,3.0048584905079507,2.3635985635078858
6,16,0.09741085588965555,0.12206911314556969,0.1664931490212976,0.25333462169729976,0.0547010105732048,0.09472129667849913,0.0008595733389199099,0.00297713268776362,0.5,0.9,0.9,48,2.992902829638799,3.712680711192909
6,17,0.10208052027759139,0.14290382910611896,0.21813032649629074,0.2522418498871818,0.05634801747043135,0.09821971859637299,0.00104237659618519,0.006220984534164481,0.5,0.9,0.9,49,2.9789683079094864,2.368999967749029
6,18,0.10111709127179444,0.12302228415728801,0.16729582835015314,0.26482236020965194,0.06727073412716772,0.09829624919656879,0.00169137529888942,0.007097363263046499,0.5,0.9,0.9,50,3.1372007207006125,3.7116337361522014
6,19,0.09626397664197045,0.1332344657400845,0.20825104574999503,0.26812140457577294,0.055031235207082495,0.09653131155093048,0.00103415507038917,0.0046293498343551,0.5,0.9,0.9,53,2.912327895280765,2.416822485923535
6,20,0.09461202697175648,0.11247230583615844,0.15652701306411324,0.27303452496899444,0.06512985575399632,0.09284874982131783,0.00110532230922537,0.00755811948754205,0.5,0.9,0.9,54,3.1296915323062198,3.711355173214636
6,21,0.0945963659851188,0.11712075707652128,0.1714040698721443,0.2859853363202907,0.055920479781342014,0.0936768757287824,0.00113824302464228,0.00782379604070432,0.5,0.9,0.9,57,3.140386490849737,3.711109214191936
6,22,0.0959833640840248,0.11241650023243363,0.15639425269251167,0.2939869150737394,0.0581271776229262,0.09665454274440131,0.00117548750032365,0.00831363367401383,0.5,0.9,0.9,59,3.1220191849759917,3.710213095709753
6,23,0.09234782540594415,0.1135007714103661,0.16771039702155977,0.30149203509753725,0.05529023526629075,0.09367675973291072,0.0010474697183922301,0.0067733279944879096,0.5,0.9,0.9,61,3.0755232929370235,3.7114145592499903
6,24,0.09458386285720617,0.1156753354944157,0.16988155914646907,0.30695428586280366,0.05640696715799527,0.09664767362491353,0.00125460509956772,0.00746092062374835,0.5,0.9,0.9,62,3.117945005937015,3.710498817331645
6,25,0.10226388824677074,0.12330040761518028,0.17750381215787223,0.311468755181513,0.06411132028308024,0.09796263062576478,0.00196449777175796,0.01460818974651445,0.5,0.9,0.9,63,3.252038787527258,3.709600960534474
6,26,0.09860521285261238,0.13556431582620385,0.2205571342230535,0.3526110117451307,0.06078144870795978,0.10019819812453427,0.00226661521699489,0.00940469815245654,0.5,0.9,0.9,72,2.92307335498646,2.245713762325422
6,27,0.11049699316006921,0.1637474495912446,0.2795501368328288,0.3909302082039361,0.07269994779425472,0.1034801194731823,0.00208840680264451,0.02101522502171996,0.5,0.9,0.9,73,3.08540403649283,2.225546372504077
6,28,0.11342696802175728,0.1663861662398452,0.28217302994751836,0.4317647060847338,0.0759477832958798,0.10474461968673468,0.00242570720943371,0.02351752005051623,0.5,0.9,0.9,78,3.0443618801164307,2.244340022755159
6,29,0.11211805675950065,0.16862038466279117,0.29457616415783194,0.4314307493060299,0.07977692664278353,0.10527491398192493,0.00254827819766637,0.023507427764388262,0.5,0.9,0.9,80,3.072443785107064,2.2271932051199728
6,30,0.08984558324761525,0.1343647397168583,0.23972117324486422,0.420172935046446,0.05618343882005757,0.09418547884652498,0.00127499488553273,0.00725796630260656,0.5,0.9,0.9,83,3.0961265512444847,3.711503790233923
6,31,0.08905912414581356,0.1328498282647296,0.23816746447480033,0.42978267927843083,0.05602319815297342,0.09366829145850211,0.00140283255787747,0.00724778206525267,0.5,0.9,0.9,85,3.096479983165509,3.711129535733521
6,32,0.08959135873100323,0.13873203513170435,0.25431535046281883,0.442449213120808,0.05577650764835708,0.0936603590864723,0.00150088861491877,0.00783691215715066,0.5,0.9,0.9,87,3.082783442394015,3.711132137492945
6,33,0.0893791855016654,0.15283943493568683,0.2991279565147771,0.46990844744717103,0.05850704816779976,0.09641466272785852,0.00222271568377431,0.0072851113546474,0.5,0.9,0.9,91,2.848898829248845,2.414440131078253
6,34,0.0861223634528579,0.15999802409119618,0.32680264966873257,0.49654727674569415,0.05437164751918058,0.0905522979418806,0.00212594385123136,0.007473284267424959,0.5,0.9,0.9,95,2.8724213904186766,2.5244486786172025
6,35,0.08636998810877398,0.15856476606099373,0.3252807393011075,0.5213726044535203,0.057765591370104015,0.08809777980868143,0.00185457529377696,0.01098229852825452,0.5,0.9,0.9,98,3.066868509842504,2.524554152484031
6,36,0.08919732079903316,0.17182408919366313,0.35905717063707043,0.5584541938512538,0.0591113960214687,0.09444486544587212,0.00246608211342007,0.01041843279511082,0.5,0.9,0.9,104,2.918410733159456,2.337150966873742
6,37,0.08388896978665811,0.1606027982664804,0.33754073020517905,0.5596187692358792,0.055698978379722194,0.0872710561070924,0.0023124375223047898,0.00910114344774047,0.5,0.9,0.9,105,3.0003524393164,2.350969375169444
6,38,0.0877963289601613,0.17480464336611787,0.37225248557674784,0.5760474619621115,0.05941140220369495,0.09376183165424265,0.0023800215899336197,0.01032961978939779,0.5,0.9,0.9,107,3.075270790045761,2.5029078945065977
6,39,0.08837869165632797,0.1698520701773605,0.35702464202680395,0.5803688403900921,0.059410891668970345,0.09501426983483464,0.00238889208420701,0.01035671880418724,0.5,0.9,0.9,108,3.070097339227943,2.5009922304053327
6,40,0.08644840960337305,0.16750113348226506,0.3546513601904107,0.5823374996388303,0.05890655049473673,0.09296278298100252,0.00232457233697546,0.00981098855426355,0.5,0.9,0.9,109,3.137644270753626,2.5034802962527403
6,48,0.10527421189178324,0.2195039025157816,0.47829147353847895,0.6226905118379341,0.08381229189112227,0.11642064700174273,0.00398072022394616,0.020620994239738618,0.5,0.9,0.9,137,2.9251474575921814,2.2968654162426243
6,49,0.10209665090101536,0.2130679457963441,0.4716870450344022,0.6210226982895409,0.08596062576285418,0.11631278949576651,0.00432721359102174,0.01977191388399309,0.5,0.9,0.9,139,2.926103266085758,2.293162018450911
6,50,0.101863059691143,0.20729334719385867,0.45563663879093086,0.6124739493387218,0.07987011674490067,0.11603613297385489,0.00405180758554743,0.020028471547353828,0.5,0.9,0.9,141,2.891419246985772,2.292632535750757
6,51,0.10111480233559964,0.2030527646366153,0.45121672492115683,0.6252461463103185,0.0882719727433295,0.11023678981506495,0.00631950514281481,0.02328443662034132,0.5,0.9,0.9,143,3.047100380812444,2.2889765564761326
6,52,0.10103922819652064,0.18636183510183013,0.40369968376392884,0.5938412132619305,0.08199846512187867,0.11047249086556463,0.00620578011642009,0.02343337643081033,0.5,0.9,0.9,155,3.0027017308068604,2.290560603695884
6,53,0.10008455863611429,0.19551216094451523,0.43335095494688725,0.6089351406680462,0.08449525775602612,0.1108070490489318,0.00650855281809877,0.02258052829029324,0.5,0.9,0.9,156,2.9731810137213746,2.292815064432949
7,0,0.9677690119517043,0.9814528644872702,0.9809260306164543,0.1747390156043428,0.0,0.0,0.0,0.0,0.5,0.9,0.9,1,6.033121463326681,26.174010522472784
7,1,0.49318376227839905,0.6380590616649183,0.6265499306184906,0.14569678949324963,0.44176749009513,0.08580639415339344,6.177791997167e-05,0.00019985916180826,0.5,0.9,0.9,3,3.611281883065452,10.267544179854768
7,2,0.20048042652432774,0.27339207236495255,0.2513600366825764,0.08122179964998937,0.430825578068111,0.09582239729457588,0.0002471116798867,0.0007994366472330501,0.5,0.9,0.9,5,2.387515753068078,2.499609236066489
7,3,0.12445435095953675,0.1370403588803856,0.11104544728949345,0.05936929694009168,0.1958037877741328,0.09970172267325508,0.00055600127974508,0.0017987324562743702,0.5,0.9,0.9,7,2.37130597408321,2.8939674852642936
7,4,0.1176308691987035,0.1268535845004596,0.10066227806151415,0.058369309414016815,0.06296322376520992,0.09538655405688994,0.00033886489637474003,0.00077867104784927,0.5,0.9,0.9,8,2.312289517701276,1.7636755560258277
7,5,0.11685428491377545,0.13035333804501864,0.11436477837111501,0.06562326121757858,0.05160177477369676,0.0960004820869802,0.00037885817279339,0.00088836903850802,0.5,0.9,0.9,10,2.3714034165723024,1.7917332648908937
7,6,1.46760706141866,1.480406620747166,1.4643774511850542,1.4309765233310325,1.4013544969118505,1.0,0.0006881956649463699,1.0,0.5,0.9,0.9,14,2.526849644514803,6.423439311603505
7,7,1.4616674508337089,1.4688261582205286,1.4524734617547612,1.4327839105129487,1.4239274296711326,1.0,0.00047858855808049,1.0,0.5,0.9,0.9,15,2.457946880972706,5.245970405631483
7,8,1.4613985687891737,1.4682903990220293,1.4519225433866467,1.4326779983644147,1.4015317681367736,1.0,0.00047724165895783003,1.0,0.5,0.9,0.9,16,2.4576950579067263,5.39885840880864
7,9,1.4612535540058196,1.4733737174686188,1.4672640247674849,1.436917766206066,1.401395963085864,1.0,0.00055724469584806,1.0,0.5,0.9,0.9,17,2.4807187361675944,6.893052673500708
7,12,1.4695728862264166,1.4799526496226334,1.4737441919578833,1.4560954111015465,1.41098874722644,1.0,0.01172843264647733,1.0,0.5,0.9,0.9,20,2.338613029466168,44643659.52710917
7,13,1.4692070581609906,1.4846439339469573,1.4886841044830859,1.4657834478230036,1.4113695715134833,1.0,0.011748740280080699,1.0,0.5,0.9,0.9,22,2.3642654422251184,44643870.03303898
7,14,1.4691696783585013,1.484579585576016,1.4886185513993953,1.4734326679427414,1.41060017391953,1.0,0.01173687621356702,1.0,0.5,0.9,0.9,25,2.3637238455954144,44643796.74855504
7,15,1.468059799498672,1.4823326657944578,1.486307251028415,1.47815890977069,1.4152393244124641,1.0,0.01175139376409649,1.0,0.5,0.9,0.9,26,2.296526344917603,44643543.94937423
7,16,1.4675226816307883,1.4812881864926482,1.485234219076314,1.4779215105120054,1.4115726732860496,1.0,0.01170766248384504,1.0,0.5,0.9,0.9,28,2.3263961070690757,44643301.02614968
7,17,1.4571576614886816,1.4791346839938675,1.5034717139909421,1.4821762051656195,1.4136907636888052,1.0,0.00309133187889076,1.0,0.5,0.9,0.9,29,2.612210126298191,7.162510775509264
7,18,1.4545058049447843,1.474877324800194,1.4991249008741732,1.4971707470839437,1.408177641623186,1.0,0.00186328361472754,1.0,0.5,0.9,0.9,30,2.4790543675822496,3.5152203739403105
7,19,1.453178751030876,1.467934588471683,1.481902078113658,1.498921940102377,1.4007440231578105,1.0,0.0005709702653765799,1.0,0.5,0.9,0.9,33,2.569575407852604,5.383097890933725
7,20,1.4528696888012447,1.465277948180372,1.4791151258218909,1.50276598615039,1.4118980437143587,1.0,0.00271334194061476,1.0,0.5,0.9,0.9,34,2.461579579596187,4.722830971452256
7,21,1.4609684590535248,1.4840566131103476,1.5184233752139038,1.5254030018454316,1.4111618321773467,1.0,0.01193307018408845,1.0,0.5,0.9,0.9,36,2.4843385200112817,44643621.7681622
7,22,1.4522004254188245,1.4839449587439537,1.5387298044497983,1.5262480067871542,1.4085483993983803,1.0,0.00452644631464589,1.0,0.5,0.9,0.9,38,2.5113392829446965,10.436926493899737
7,23,1.4502391240088814,1.4912579739246112,1.5664951555654865,1.5651504059157206,1.4049063422836459,1.0,0.00402131790925604,1.0,0.5,0.9,0.9,43,2.55247413582967,10.42533543860305
7,24,1.4495281316782211,1.4897777048767074,1.5649728351757095,1.5648588689156238,1.4043813682174673,1.0,0.00402122087388268,1.0,0.5,0.9,0.9,47,2.5483624260307214,10.551688995376844
7,25,1.4491573943769125,1.488864828405016,1.5640303471649062,1.5711772273465805,1.4059161371428817,1.0,0.00416857902232123,1.0,0.5,0.9,0.9,48,2.5568291814161124,10.600140389168503
7,26,0.19404042923546702,0.23494889036419997,0.31018033586664157,0.3280511592995059,0.14889411841970135,0.11057425175009225,0.00674597400765647,0.0957368064662734,0.5,0.9,0.9,53,2.414615273700372,2.832355065100371
7,27,1.4469581157236715,1.4788822570826778,1.543649758083383,1.5957947540253454,1.4042863843885738,1.0,0.00410453029724204,1.0,0.5,0.9,0.9,57,2.59671276578322,6.826928765917884
7,28,1.4453619256035013,1.4810767490725698,1.5560253983757486,1.627024598579418,1.4043230958147914,1.0,0.00399981938680612,1.0,0.5,0.9,0.9,66,2.5433237934361985,4.785741077811776
7,29,1.4459688727773445,1.4922295207324505,1.5877006271440282,1.6641343729276206,1.4047197736552612,1.0,0.005025856300154679,1.0,0.5,0.9,0.9,73,2.5052055452456767,24.999816046166703
7,30,1.4439849420668742,1.4880948142684072,1.5834501456976993,1.6697669526702537,1.4086616332690407,1.0,0.004960977374452,1.0,0.5,0.9,0.9,75,2.4755480571763417,10.445057750087711
7,31,1.4440228672724458,1.487819285506112,1.5831578027561544,1.6862002070023059,1.4050282990319383,1.0,0.0053143175524776,1.0,0.5,0.9,0.9,80,2.4729167308900557,10.437886200813267
7,32,1.4441084642867954,1.492966032330921,1.5985541866551722,1.7092098236214461,1.4055639126588797,1.0,0.00578955329302246,1.0,0.5,0.9,0.9,85,2.431101234613999,10.330931770208478
7,33,0.37929933034274377,0.507994594653615,0.767543767079655,0.9200005587019844,0.3421602460279669,0.18572579479612011,0.01038408418328444,0.26646618501759894,0.5,0.9,0.9,137,2.4547619085728702,32.46936503985134
7,34,0.16124338962212725,0.30586394658579863,0.596203113381533,0.7260162375504432,0.12473070948374772,0.18075502804733568,0.01965683848233915,0.01807164767068458,0.5,0.9,0.9,141,2.4702066972569328,57.657318764433526
7,35,1.8770780041551576,2.075144392604222,2.4681358673119,2.672779254200022,1.8411919130786316,0.08212897609671907,1.0,1.0,0.5,0.9,0.9,172,1336.0594407712583,3.875809538417344e+21
7,36,1.874474261560835,2.0802197121779913,2.4935821207643714,2.7988087712162426,1.8418874876515525,0.0824789778422522,1.0,1.0,0.5,0.9,0.9,191,1392.3891126304725,1.0083091034670148e+24
8,0,0.9459320503357589,0.9686190841749499,0.9677276512557063,0.17222578146971884,0.0,0.0,0.0,0.0,0.5,0.9,0.9,1,6.605796565916754,26.259793118991567
8,1,0.4815885092670331,0.6266408235937698,0.6147389051854767,0.14539707123592951,0.44519930790409995,0.09059434252436548,6.196664586637e-05,0.00021510892421384002,0.5,0.9,0.9,3,3.966317687018516,10.285690187511396
8,2,0.45225450313591736,0.5958217121891334,0.5824931404633893,0.15736112480616493,0.1685257821453237,0.12095947086323389,0.00040125715290158004,0.00456044549595196,0.5,0.9,0.9,4,4.027329600252473,12.272842447609042
8,3,0.17732357158935186,0.22562057780270764,0.20185160795614235,0.08533493082708347,0.8201523735327563,0.11311319922202986,0.00077445098770242,0.00551121682284663,0.5,0.9,0.9,5,3.0631905592723125,14.76904791075701
8,4,0.12742818129835057,0.14599502239769974,0.13030237504979722,0.07817751097957752,0.13401613661515396,0.10492686569027805,0.00043558425670164,0.00168446267026331,0.5,0.9,0.9,7,2.3654450226517847,2.07013969021572
8,5,0.12353639564084833,0.13855203783863854,0.1226514041626917,0.06766922327755781,0.061779659507462864,0.10461125432661104,0.00048064105410278006,0.00166848114232305,0.5,0.9,0.9,9,2.3196118692599748,2.127544303648814
8,6,0.12412507692624498,0.1498684854362432,0.1544998498703763,0.08974565593382892,0.055340465672097924,0.1055945431322947,0.00050598694350469,0.00193957298929368,0.5,0.9,0.9,11,2.400027717895827,2.6805496645551505
8,7,0.12408620947793207,0.1497923826942179,0.15442145640776386,0.08973067128619343,0.05515510720241155,0.1055945431322947,0.00050598694350469,0.00193957298929368,0.5,0.9,0.9,12,2.397568622252252,2.6750224786021635
8,8,0.12397575535721467,0.14964067120448155,0.15426724924402446,0.08964690075532088,0.055105847078459724,0.10552809208416539,0.00049787185165898,0.00191001152464518,0.5,0.9,0.9,13,2.3844776962546863,2.572688520301493
8,9,0.12484322556332819,0.15529250851318155,0.17015167692931052,0.1044548014197192,0.057882069235090976,0.10849453809318832,0.00051930006409655,0.0019713826585550697,0.5,0.9,0.9,15,2.425211008107701,2.823521243045433
8,10,0.12859390351911537,0.15770405205271856,0.17248533440808902,0.11499878323048696,0.06726247546951762,0.11793278519238456,0.00052136689770382,0.00243929329969019,0.5,0.9,0.9,16,2.445930382842706,2.7822359279654694
8,11,0.36109072342363435,0.38473934746741695,0.3892489960503852,0.35594823533761516,0.2941799561704211,0.545411810029786,0.00055551070819335,0.02326572256589918,0.5,0.9,0.9,18,2.423614438814116,4.28887554420344
8,12,0.15904264382713448,0.19305364622122273,0.21807411814101324,0.16170218055252397,0.0933798445939668,0.18057485891338632,0.00050657239667053,0.00210986838183663,0.5,0.9,0.9,21,2.40412142218347,2.6535851255669267
8,13,0.11965664083409014,0.14111972571070583,0.14550356404267403,0.1215232086318272,0.05842761827993264,0.10414079764494075,0.00053232059213939,0.00267848365104834,0.5,0.9,0.9,23,2.407810535094438,2.577946147613776
8,15,0.13222887587049564,0.1607678407876851,0.18547479373054865,0.15479361898437477,0.0779297009389396,0.12968611158459226,0.0009068316334045401,0.00637012337136655,0.5,0.9,0.9,25,2.351005294451632,5.35858588866223
8,17,0.45753502544357494,0.4925635543591357,0.5375632064538685,0.5234917902272782,0.40212260668030775,0.2637349844229146,0.01350708440274218,0.2855903221767873,0.5,0.9,0.9,31,2.308158458231643,26.719993275986337
8,21,0.2817183926890259,0.3307580494718654,0.406439062090124,0.42019408346233844,0.22762627467504773,0.1993638448801598,0.008907229058095021,0.1331112930015736,0.5,0.9,0.9,46,2.33499811035584,12.225709086605354
8,22,0.6684089471784282,0.7095861316450056,0.7748617327332974,0.7988436408459267,0.626290085104638,0.30430211905194116,0.0219344866281085,0.49402227592309,0.5,0.9,0.9,47,2.362286139095678,59.50370625394737
8,23,0.28011788914851826,0.32024569179792506,0.38546298076161345,0.42433435937239616,0.23133329752410792,0.20322459394492567,0.00891622816036938,0.13287066201992173,0.5,0.9,0.9,49,2.3884609805974453,11.487640381458114
8,29,0.24132524096006558,0.33059619424864417,0.5082028396979806,0.7192239482657268,0.20144827907338048,0.12689585937748765,0.0138939736275418,0.13823956966389644,0.5,0.9,0.9,107,2.384578925130586,12.777764256672592
9,0,0.9627242757053422,0.9785074557424338,0.9778969632164433,0.17416222062819897,0.0,0.0,0.0,0.0,0.5,0.9,0.9,1,6.174923571623331,26.07748315525044
9,1,0.5002221612288269,0.6451211227635126,0.6335807269911377,0.15364690524740393,0.44803543046544286,0.10212849781063411,6.192554403813e-05,0.00020563358807214002,0.5,0.9,0.9,3,3.6431162582087233,10.22018751865216
9,2,0.15856284579832183,0.19942481421180283,0.18509066862745296,0.07734510791761487,0.5341927413897364,0.11716510773385555,0.00036013947609254,0.00119590023512323,0.5,0.9,0.9,5,2.0915842087948526,1.6809836635396265
9,3,0.14103321183908749,0.17091343405994497,0.16583934697270517,0.07793464125337857,0.09827389810913871,0.11918953635789824,0.00051387230682138,0.00170639447588104,0.5,0.9,0.9,7,2.106710224740259,2.4179920963751447
9,4,0.1397113235017658,0.16854015330256739,0.1634033614862455,0.08148582513963988,0.0637053074987389,0.11900066445000272,0.00049598948769865,0.00164701173943246,0.5,0.9,0.9,9,2.0928015747681763,2.255084837276936
9,5,0.1397081335741096,0.1739790069094718,0.1791125714638074,0.08720055960205561,0.06143526507511708,0.11900066445000271,0.00049598948769866,0.00164701173943246,0.5,0.9,0.9,11,2.0931531933580443,2.255548982003244
9,6,0.13867678943631045,0.17196795065294396,0.1770432530981669,0.096824563462759,0.06288494558963777,0.11887962169589165,0.00052377273089704,0.0017346805282543402,0.5,0.9,0.9,14,2.1142405055572104,2.47390532841151
9,7,0.14131338401652116,0.16902582161083307,0.16382232880827435,0.10692293500179077,0.06484958683979415,0.12440953084728923,0.0005379658857609601,0.0017440721177206801,0.5,0.9,0.9,15,2.243952178705827,2.5120002665905488
9,8,0.15493428331350367,0.19191178120090702,0.2071533761635563,0.11673391146537611,0.08663255898241758,0.15513117869593168,0.00052581752645618,0.00178421361354768,0.5,0.9,0.9,16,2.186749169991037,2.5174445827351946
9,9,0.1487607670522695,0.17941747350510368,0.18433642075606108,0.11360230179691624,0.07816840327274122,0.14472524304928697,0.0005235703283237301,0.00175773381858632,0.5,0.9,0.9,17,2.161737397557308,2.4999961498692684
9,10,0.1388584647537125,0.16949338889300852,0.17441145019809198,0.10789723732548773,0.06462951766817394,0.12498479202636056,0.0005234765367544199,0.0017480177484363799,0.5,0.9,0.9,18,2.1606010616848272,2.4991402756821643
9,11,0.15189897387796994,0.19188009597864142,0.21724827985564557,0.13679589895609595,0.08143800172622631,0.12275784343063852,0.0042326616949003495,0.01560751090213804,0.5,0.9,0.9,21,2.1402554415955817,2.466556024898039
9,12,0.1360161904175491,0.1751506950667361,0.20046904682072617,0.13352587784140263,0.06784503422838875,0.12437648331962481,0.0005334917738741599,0.00175852228362057,0.5,0.9,0.9,22,2.146309777385332,2.531279496777236
9,13,0.13594766250627835,0.1749509401666975,0.20026178878195858,0.13354364978436037,0.06488005518949269,0.12451600964813347,0.00052940388122842,0.00176371641248785,0.5,0.9,0.9,23,2.138186817475587,2.5337579939403527
9,14,0.13596494431445302,0.17496737774835835,0.20027820813562805,0.13637539128485965,0.06434311418276063,0.12455187820654028,0.00052942856906071,0.0017638749850771,0.5,0.9,0.9,24,2.138658569746936,2.534226898064597
9,15,0.13586765174925902,0.18026741103473937,0.21584613390616247,0.14110949318756313,0.06449503237995234,0.12444041796178833,0.00053244960231663,0.00177062955975009,0.5,0.9,0.9,25,2.141389435011238,2.534951083475316
9,16,0.13404934349943798,0.17822870482079495,0.21379455064063727,0.1625360884065362,0.06317652521669224,0.1213309044993887,0.00052533958392257,0.0017446001576135802,0.5,0.9,0.9,27,2.1472581358357634,2.345207104792526
9,17,0.13783414686973813,0.1817445606543224,0.21729458972000748,0.18627327369761593,0.06715845977969677,0.12570172499517474,0.0019497120844330098,0.00241367359268747,0.5,0.9,0.9,30,2.2091538602591885,2.47682814357172
9,18,0.13236206712819762,0.17366328153526644,0.2090613660161861,0.1673924643671882,0.07509248804591284,0.1192749755043248,0.00313705668666754,0.0017643423759507002,0.5,0.9,0.9,31,2.24754345584086,2.500646077281901
9,19,0.1853893844576614,0.21592003348266742,0.24074060950843396,0.23354188516918456,0.1299686425324087,0.11812785842813797,0.005386910159909599,0.06514978395085955,0.5,0.9,0.9,34,2.131498399738299,7.156657437829549
9,20,0.19590452257214622,0.23022198613674416,0.2652185597335396,0.2507854266300249,0.13816763312665858,0.11799273971712472,0.00613598115782395,0.07801655136733374,0.5,0.9,0.9,36,2.0908210857478324,7.184559299713468
9,21,0.19173704185023926,0.2313289830318352,0.27658641289910113,0.27656091115294246,0.1308542125511425,0.12401540426786568,0.00930336803040066,0.06706245579639265,0.5,0.9,0.9,42,2.1184890877423013,7.039760362968481
9,22,0.19203187604027977,0.23154456925608996,0.2767977385603288,0.2953610334966259,0.13119300539560144,0.12402078791151967,0.00930946511863268,0.06746922565368661,0.5,0.9,0.9,46,2.1163213933921403,7.032383273752224
9,23,0.14727692622882899,0.1984620536706806,0.27426323154146165,0.27505961656021344,0.10053808274872345,0.11732865257370313,0.00555078775498183,0.03034561041537904,0.5,0.9,0.9,48,2.193421410847876,5.107370612622668
9,24,0.16232615661215655,0.21264571088440687,0.2883985069768654,0.30709833661151575,0.10757044449258099,0.11499506068173238,0.007624279996716001,0.04722834565561776,0.5,0.9,0.9,53,2.2417604278488064,5.971557636305587
9,25,0.16238334045847236,0.20179430549538852,0.25700494972710897,0.2879000330248362,0.10701913005177413,0.11511099627467984,0.007657467289953699,0.047214992428592215,0.5,0.9,0.9,54,2.242541432991819,5.97629809906986
9,26,0.15027688883528567,0.20598416789930457,0.2920042462841516,0.32290940119733685,0.09488022299222736,0.10578379744664715,0.0045197130654393595,0.04212392569236622,0.5,0.9,0.9,71,2.021986650699997,2.9844444225508964
9,27,0.11183909824112898,0.17627915424409715,0.28271956838456574,0.3277572918033482,0.06290806385244153,0.10705525893344503,0.00210354791850799,0.0034479221244286297,0.5,0.9,0.9,73,2.308528986145516,2.0993731150973955
9,28,0.11116415550274604,0.18045888598193677,0.29713738289378633,0.36569072613208137,0.05881241116309006,0.10705422043007722,0.00207139702944648,0.0033597898603572296,0.5,0.9,0.9,79,2.3012240131587536,2.095658266824051
9,29,0.11095689438493907,0.18535544054729108,0.3122856397382879,0.38025337820347616,0.05921535597256202,0.10682130826073441,0.0023784361338594798,0.0033120023410066904,0.5,0.9,0.9,81,2.303935861535403,2.118877935728615
9,30,0.12625664466875486,0.21804889385870996,0.3858190630062595,0.4851115336736075,0.07892089765077624,0.12135608520376129,0.005815319237004251,0.013414213356427479,0.5,0.9,0.9,98,2.2204801796217857,1.6713810693550166
9,31,0.12618084881652253,0.22288572018425687,0.4008970372904295,0.5146242964105715,0.07894144113537811,0.12093465368010756,0.0066789172586656205,0.01325367337250267,0.5,0.9,0.9,102,2.224074514336838,1.7236278025118403
9,32,0.12463829818586958,0.22003556411943523,0.397975227458618,0.5216299727562365,0.07980867898951884,0.12144591395443334,0.00578149236174337,0.0135056132732118,0.5,0.9,0.9,105,2.2192194299167114,1.6758197305577318
9,33,0.12392419922537487,0.21881961812198522,0.39673176035771085,0.5285827166349125,0.0798225934822632,0.12064851698523545,0.00600111839649007,0.01345264104836739,0.5,0.9,0.9,106,2.203963913331907,1.657075087871184
9,34,0.12511614877635896,0.23087680253382328,0.4293289947463963,0.5630465467919048,0.07926833350430808,0.12300985181577269,0.00676728085073212,0.012723927542038018,0.5,0.9,0.9,110,2.206794006609862,1.714580241680806
9,35,0.1231376475450226,0.2340592191709045,0.4427665429637513,0.5693484939903275,0.07737032329325662,0.11880103152432656,0.00674388181691974,0.0131789955093037,0.5,0.9,0.9,112,2.242968134719104,1.713715831385752
9,36,0.12530773253236713,0.25238156493490216,0.4918906512447128,0.6285565205348553,0.07968346286174487,0.11962170846542912,0.007445449934239801,0.01461995111053738,0.5,0.9,0.9,120,2.244942895680083,1.7217119249164317
9,37,0.1249060575431101,0.25656240657714596,0.5062947883397423,0.6483943098958488,0.08092075836491874,0.11960415381685965,0.00768167913514377,0.01483012506215212,0.5,0.9,0.9,124,2.257266656006995,1.737233669923082
9,38,0.12490605756210771,0.26200724205896936,0.5220104377803042,0.6682740660337234,0.08006280376992031,0.11960415381685965,0.00768167913514377,0.01483012506215212,0.5,0.9,0.9,126,2.257266656143844,1.737233669043328
9,39,0.12344598420214767,0.3097168023723627,0.6621645770065886,0.8902778101345659,0.07845967797712043,0.12032416923920557,0.00654149323119615,0.013777904047882431,0.5,0.9,0.9,187,2.222480497218686,1.7807964421299791
10,0,0.865574073937037,0.9193968940776115,0.9171070326103361,0.16258653149131036,0.0,0.0,0.0,0.0,0.5,0.9,0.9,1,8.59259456742152,26.069322268479095
10,1,0.43097041089079874,0.5742895789195359,0.5608515967696964,0.13652422204608217,0.45190951780732574,0.09403024566853256,5.963308956764e-05,0.00021409051370122,0.5,0.9,0.9,3,5.259055510567106,10.229465316122042
10,2,0.11071525321042984,0.11178344192764779,0.09508679863353957,0.05657326950812588,0.5465825938222166,0.10776013184044919,0.00039099897270414004,0.00140373694419988,0.5,0.9,0.9,5,2.879262080066503,1.720543196819063
10,3,0.1008712067089808,0.09047432789195464,0.06317214837981498,0.053427950473759075,0.05951328483358517,0.10076016373253882,0.00033303157467452,0.0008146741264695599,0.5,0.9,0.9,8,2.808726127398064,1.7536084539173094
10,4,0.10078195634514897,0.09029038523819582,0.06298305214892785,0.05701127407458838,0.05179227933724598,0.10076016373253882,0.00033303157467452,0.0008146741264695599,0.5,0.9,0.9,9,2.8060646708404504,1.7545966963981996
10,5,0.09983940615131218,0.09393328426088654,0.07684930341964873,0.05826606569487976,0.054716685842240376,0.10050552149932815,0.00033439757469831,0.00080497475395457,0.5,0.9,0.9,10,2.8105949093077105,1.807178841739204
10,6,0.09770579657581492,0.08504636284873789,0.05761926529978337,0.07084058690920098,0.05214865831434228,0.09860563852858596,0.00034007184030377996,0.0008616719000578701,0.5,0.9,0.9,13,3.075637633455796,2.102190266557728
10,7,0.09603975235895232,0.08122705458324267,0.05368247286983722,0.07241824977303185,0.05919803709484903,0.09927151228809253,0.00033865616579082,0.00084407874757039,0.5,0.9,0.9,14,2.9868863325120447,2.0152689521583773
10,8,0.09881278463131579,0.08258623327297566,0.05496466164706836,0.08266733644533758,0.060354000159270255,0.1067073473741322,0.00040709616679331995,0.00116606409257099,0.5,0.9,0.9,15,2.890641066732122,1.6999146902745854
10,9,0.09969756413122494,0.08337187037987649,0.05574491339288043,0.08582286291998092,0.05613594067913142,0.10853605985226034,0.00044126649048275006,0.00119971513923976,0.5,0.9,0.9,16,2.943956826588879,1.6836167117828418
10,10,0.09533229998177023,0.08428714322202914,0.06692189228386762,0.07932891650429215,0.052179511513134484,0.10082278006435604,0.00037446492117104,0.00086850597554826,0.5,0.9,0.9,17,2.978017788365728,1.9964062816455628
10,11,0.09137899585995186,0.0815041175867066,0.07417807384746825,0.09666350860096665,0.05424390442468102,0.09999192826284233,0.00080891807652061,0.00080078580987578,0.5,0.9,0.9,23,3.074619638991993,2.012245284363761
10,12,0.09137899585995186,0.0815041175867066,0.07417807384746825,0.10157385940222885,0.051444837222037014,0.09999192826284233,0.00080891807652061,0.00080078580987578,0.5,0.9,0.9,25,3.0746196389919924,2.012245284363761
10,13,0.09209075221379871,0.0815713901995788,0.0742106183115256,0.10507841728209104,0.05525136831922341,0.10249373929737052,0.00082539230912573,0.0008257940571061601,0.5,0.9,0.9,26,3.053895108088976,1.9043575275294788
10,14,0.09180015518898857,0.08986838287454413,0.10292541176644346,0.11900358898987795,0.06344989559046903,0.10312749471009093,0.0020915453596376298,0.00115550337727036,0.5,0.9,0.9,27,3.027236972556512,1.918618501573432
10,15,0.09296753232592454,0.09505701733900948,0.1183086937364069,0.1599734966281121,0.057518955142091696,0.10945913234948398,0.0007119393608668999,0.00170607849831078,0.5,0.9,0.9,36,3.1198066865958047,2.099459330361843
10,16,0.0929853098674772,0.10049210234995375,0.1340127939182941,0.16873935234828957,0.05700085103847028,0.1095233352227768,0.00072080305353722,0.00170813130035888,0.5,0.9,0.9,38,3.1188223790180607,2.0982208404510443
10,17,0.09264129366895515,0.10000823767246446,0.13352151724203185,0.1741698027897607,0.05726612738575852,0.10915337664508536,0.00066047674333393,0.00172770219793925,0.5,0.9,0.9,39,3.102461420911709,2.166813921876117
10,18,0.09520476059388838,0.10572038937910797,0.1493823457011795,0.1840348533429898,0.0701630426729905,0.108596955971519,0.00228736167402794,0.00548359578952819,0.5,0.9,0.9,40,3.052098261011853,2.511771596285173
10,19,0.09502025162996372,0.11076709785243377,0.1646883892995921,0.19292381775221046,0.06170210451719616,0.108596955971519,0.0022873616740279297,0.00548359578952819,0.5,0.9,0.9,42,3.019674782569052,2.662476031364838
10,20,0.0942808948104906,0.10934234700431178,0.16322739827126653,0.19560680780918757,0.0637772966666236,0.10831156749554831,0.00228545319764181,0.00548003058265785,0.5,0.9,0.9,43,3.0021776109462484,2.607601537953234
10,21,0.09261989907212485,0.09913048722853439,0.14258082063377742,0.19853485334595194,0.07404909306964673,0.10604018041474468,0.00298460916830017,0.00715553086384967,0.5,0.9,0.9,44,2.9488985926133204,2.58294796643744
10,22,0.09256404762609789,0.09900885577184752,0.14245567107024937,0.20153187161097902,0.06239554230302814,0.10604018041474468,0.00298460916830017,0.00715553086384967,0.5,0.9,0.9,45,2.969223272749234,2.52771658357802
10,23,0.09219869156640491,0.09829096931473903,0.14171915108386351,0.21067099943991024,0.06275209713347804,0.10842813590002551,0.00255423643687481,0.00618626618373445,0.5,0.9,0.9,47,3.169850800778192,2.331742014429055
10,24,0.09022355507838302,0.09405169253898474,0.1373614213719089,0.22232359656397113,0.07063599815566084,0.1066748982325417,0.0029553213915769197,0.00669057108786005,0.5,0.9,0.9,48,3.1301758664619888,2.3524546448815578
10,25,0.08965039786153647,0.09294760369498649,0.1362293173803897,0.22514374687944513,0.06390530204133181,0.10642784035007302,0.00295545149296972,0.00668597562842516,0.5,0.9,0.9,49,3.079234733418785,2.414041929403357
10,26,0.0896163599496977,0.09276560860209647,0.13603991473423896,0.2220409059417293,0.06254376995874023,0.10638958808140017,0.00283045268777167,0.00693224130814341,0.5,0.9,0.9,50,3.048380818319794,2.4477797449450005
10,27,0.08967605609110123,0.09818823594827755,0.15172879282597465,0.22527941937892246,0.062430980620794954,0.10699888220506729,0.0031649113463676796,0.00640188115471681,0.5,0.9,0.9,51,3.0217801712046257,2.542348002544851
10,28,0.08943402191312139,0.09207389307864625,0.13532152292874045,0.2472195768734141,0.06303067756399193,0.10588520073110581,0.00306877719360908,0.00724574077621718,0.5,0.9,0.9,53,3.0328071799687675,2.452133225251317
10,29,0.08942692455150526,0.09714207302605649,0.1506412684453636,0.24738679187338503,0.06299195831627304,0.10593385734373024,0.00310804399141191,0.0075138402640173695,0.5,0.9,0.9,56,3.086927184147052,2.4273274396619327
10,30,0.09617493755166469,0.11424685908942335,0.18825929616207893,0.2579528169881776,0.07074876078785691,0.12094011004864628,0.0031262137924692795,0.0071588237822912005,0.5,0.9,0.9,58,2.986880645958269,2.755044960942951
10,31,0.0960761512381856,0.11347894413557945,0.18745641631850438,0.2709437186935678,0.07080920524753243,0.12120810688828457,0.0034323053399302797,0.00720852879585928,0.5,0.9,0.9,62,2.954039602782744,3.0203991814255287
10,32,0.09512492707257907,0.11681915662506932,0.20100756626100805,0.2806114971888219,0.0723458955818294,0.12120810688828457,0.0034323053399302797,0.00720852879585928,0.5,0.9,0.9,64,2.982461465828599,2.981738282988801
10,33,0.09331891499944674,0.11659972442400106,0.21085925263255698,0.2805942254625918,0.07878132837810335,0.11342771521157642,0.0076836123181839395,0.00878610037236999,0.5,0.9,0.9,66,3.14804401862892,2.824078596754335
10,34,0.09377154995119855,0.1272774147364227,0.24204400909980234,0.36600506253790455,0.07274974603947236,0.12272914534178525,0.00554142744589964,0.0068593958118390195,0.5,0.9,0.9,77,3.030528233345284,2.851977746385338
10,35,0.09526138094404446,0.13873573064167244,0.27399639562635275,0.4268763950163174,0.0749886535753987,0.12142780198738416,0.00601293624460077,0.00959337196575932,0.5,0.9,0.9,92,3.070191651460493,2.7910731466402154
10,36,0.09901480051655351,0.14129656650334946,0.2764959432048676,0.43572601219219687,0.08390990336433478,0.11581128263797665,0.0098077279402517,0.01415496106133619,0.5,0.9,0.9,93,2.994731865222516,3.721028555231948
10,37,0.10318822381719792,0.1502800529336348,0.2957173782538103,0.4679757472450782,0.08462514535744237,0.11845395885488556,0.009600835103271251,0.01809557549733013,0.5,0.9,0.9,98,3.0273526946826976,3.6283029261480113
10,38,0.10157165152172407,0.14748768757817474,0.29286497467494654,0.4751063635048377,0.08783746588123456,0.11984521656412357,0.00802301556316525,0.01814702420121552,0.5,0.9,0.9,99,3.021221904108467,3.6045806591665737
10,39,0.10147628230965337,0.15271684207620143,0.3083587676331876,0.4856067753356883,0.0836982820837089,0.11984524790726363,0.00802305139958446,0.018147154288455942,0.5,0.9,0.9,101,3.001270476625021,3.6182139964472095
10,44,0.08905295877164363,0.14068221616007512,0.3063381094191193,0.5444780014573831,0.07537698754780561,0.11526710097631232,0.00498984216606212,0.014340442400115519,0.5,0.9,0.9,128,3.111866954168741,2.6539867302520777
10,45,0.08308671866743292,0.1333928867276583,0.2989817875755759,0.539078525301785,0.07251508589558885,0.10528166456009987,0.00449459760405927,0.01489505896533321,0.5,0.9,0.9,130,3.126113558467863,2.6442844855307657
10,46,0.09080427352289619,0.1506437060883709,0.3367055392403124,0.5526436068985893,0.0838127236897507,0.12085681646637896,0.00491679900669755,0.01555818055450898,0.5,0.9,0.9,131,3.019797682942811,2.2967078910377787
10,47,0.0921654718666271,0.18236262735080194,0.42993244703203864,0.7264007790943979,0.08225900206141133,0.12298121333910184,0.00571163670014213,0.01706261240349815,0.5,0.9,0.9,162,3.0653378194389544,2.3158875614263925
11,0,0.9245945818180217,0.9558630682365765,0.9546090652408311,0.16972773379343387,0.0,0.0,0.0,0.0,0.5,0.9,0.9,1,7.1060813347577,26.177629591710303
11,1,0.4727968974442217,0.6177592502871047,0.605446858174301,0.14813849764474885,0.45252077325158385,0.101732715057084,6.006979649277e-05,0.00021972489627826,0.5,0.9,0.9,3,4.315705517488787,10.23008168118552
11,2,0.46209943830768635,0.6046915386339129,0.5909704459634474,0.1773412573068007,0.18989917593279484,0.16535953694370606,0.00039070160882524003,0.00511203158255041,0.5,0.9,0.9,4,4.3449282124061614,12.245789691477242
11,3,0.11347503532327194,0.1117442371463245,0.09489131302550854,0.060955958962554645,1.0339126203567495,0.11776884480066936,0.0004941590821767201,0.0018075482091788001,0.5,0.9,0.9,5,2.746584505220234,2.3801962128420007
11,4,0.11346460823726709,0.11716763757635484,0.1105846483268911,0.07579959623537987,0.06097789467274413,0.11776884480066936,0.0004941590821767201,0.0018075482091788001,0.5,0.9,0.9,7,2.7458135658924405,2.378709065619471
11,5,0.1135224851208925,0.12265766814565587,0.12634474347475438,0.10357258738126485,0.061031844366889895,0.11792474150835217,0.00048940315570641,0.0018036054828331999,0.5,0.9,0.9,16,2.745903579587756,2.359802675201513
11,6,0.11349748930211893,0.12807202445576835,0.14202934912181853,0.110705339887413,0.061016882134815514,0.11789829247696226,0.00048800654415049,0.0017976463035940498,0.5,0.9,0.9,18,2.7441364231822205,2.345498488954566
11,7,0.11309934336747102,0.132607640418848,0.15680711491412638,0.11703025387309604,0.06315950692100879,0.11799700071732773,0.0004995384996497999,0.0018321104055376701,0.5,0.9,0.9,19,2.7904726487330302,2.4510817556408404
11,8,0.11658577706145024,0.13532789336305417,0.15948462663297452,0.11717478858385938,0.06840303273241491,0.12088123916822813,0.00136170487932263,0.00405357078189423,0.5,0.9,0.9,20,2.6822934943707017,1.952950226135233
11,9,0.11198844459319696,0.13546347009275309,0.1698515436795019,0.12711614546922625,0.0628247514620334,0.11861551560635739,0.00050018046724827,0.00181701778997138,0.5,0.9,0.9,22,2.717320774472096,2.341117345430344
11,10,0.11625627202813377,0.1451416604070196,0.1897985759987953,0.14206263066735647,0.06576400522774795,0.11929619309456192,0.00052354942708776,0.00619418032387792,0.5,0.9,0.9,24,2.695555198913334,2.362514121260837
11,11,0.11384446833465059,0.13461217080756135,0.16885108012868247,0.13915498118152672,0.07650119879195356,0.12141160946474008,0.0014070448660815,0.00425188527676991,0.5,0.9,0.9,25,2.72571141463699,2.345742513344275
11,12,0.10645354910865594,0.13004291636813128,0.17440842605184423,0.15885674970321112,0.06345524506258239,0.11744899450644583,0.00056220072618789,0.00179456264172536,0.5,0.9,0.9,29,2.7333386160898243,2.3192507264866618
11,13,0.10588720655735492,0.13371066504431167,0.18828082964880907,0.1589494882912808,0.06379159450232966,0.1178508102067746,0.00087292065812738,0.00186953925708365,0.5,0.9,0.9,31,2.7645409234591622,2.526625835456645
11,14,0.12576053874289905,0.16409183005609473,0.2391824342453019,0.20061023100014697,0.08199439824988008,0.11752402426781602,0.00173811941230685,0.02365638036871693,0.5,0.9,0.9,35,2.713415113235468,2.4620301564247
11,15,0.21199841641297829,0.23977531962733536,0.3043186303125111,0.30344977207190044,0.1774954926036922,0.33687023836967755,0.00099987666695098,0.00349136071692846,0.5,0.9,0.9,39,2.862978968818272,3.123229890988921
11,16,0.1011826832135159,0.12737286285550845,0.1918308640329152,0.21814544564224445,0.06395732779931486,0.11942688155397727,0.0008300718485391099,0.0029035376783917597,0.5,0.9,0.9,46,2.8455118772547365,5.160749332184618
11,17,0.2362199513811646,0.2620311205752178,0.3264690170934537,0.3690764017836797,0.19992098391944912,0.38845793840633774,0.00064217767613799,0.00404428001340332,0.5,0.9,0.9,47,2.87539644539696,3.0759573668400075
11,18,0.2377666939192436,0.2690215770237819,0.34373020780903757,0.38662762243217025,0.19999698505031618,0.3914832315325421,0.00064419656889967,0.00408129948190461,0.5,0.9,0.9,49,2.8770326246544315,3.078072626214769
11,19,0.23640166010635616,0.28254922124929766,0.3879922578035375,0.40542137587432076,0.20269965057958444,0.39027712310524976,0.0012003459401758701,0.0040915979833145,0.5,0.9,0.9,51,2.834521638375985,3.1042471153528437
11,20,0.2562500093791062,0.2899510501919991,0.3747701935000636,0.43264448188471527,0.22261922377667692,0.4319550322756899,0.00113387504351519,0.00457254619901461,0.5,0.9,0.9,55,2.8592894051179942,3.0735426686734195
11,21,0.25502115837567235,0.31006702356247867,0.4359454951780559,0.4885742100824741,0.22039208025605617,0.4285464799800793,0.0016939222265630002,0.0049615104088445595,0.5,0.9,0.9,68,2.975345052510288,3.579022430160482
11,22,0.12633116215010967,0.1605469318229018,0.2553756640110223,0.3646835164460858,0.10408093456833706,0.16467240257334118,0.011929363324265679,0.00263913381431814,0.5,0.9,0.9,70,2.869668734928269,3.351135463601792
11,23,0.12645513914401055,0.17129775434229547,0.2866538143936081,0.38656243689754033,0.09604700765994367,0.1654785704293195,0.0119157810640078,0.0025915224977842,0.5,0.9,0.9,74,2.8549088138644096,3.1828120588146818
11,24,0.13893735889019862,0.17763841580364761,0.28268746028327163,0.39859740263914417,0.10931316508875966,0.10316001212673145,0.014080424836787082,0.04957543869869479,0.5,0.9,0.9,80,3.015697918846906,2.419327657718239
11,25,0.25783154226658533,0.299039555097776,0.4142050349640671,0.5339527852733807,0.24141331348034906,0.36835104204234065,0.01050824161197646,0.04067711723204925,0.5,0.9,0.9,81,2.967231810899699,3.072688416882379
11,26,0.25631550961654326,0.3027311614902765,0.42815522491147234,0.5434294234273555,0.22982445482768465,0.383831456366734,0.008189658564864321,0.03293189579560402,0.5,0.9,0.9,82,2.9092363181462484,3.088886109742665
11,27,0.2322873944434319,0.27809426683718136,0.40348619359200455,0.5266389517321113,0.2077100092343474,0.36320482886441774,0.01287304712205096,0.013575025644606309,0.5,0.9,0.9,83,2.953454189185552,3.089451713731608
11,28,0.2280955800410292,0.2731758149492971,0.39853022623344336,0.5401619139900858,0.20250636666450422,0.35678264661049947,0.012557464383493819,0.013473685661937629,0.5,0.9,0.9,87,2.9936432998012528,3.0776976540747043
11,29,0.1385727790184035,0.23200728567619333,0.4497633638161976,0.6082495349387187,0.11292021976407483,0.13553612279288627,0.00234297767614784,0.047732186202467955,0.5,0.9,0.9,116,2.8265637283886265,3.319360829880724
11,30,0.3520503269800309,0.42832983383914014,0.6152312000251611,0.7903113760746715,0.3276117532938529,0.4561275916074631,0.0923027300816444,0.01761847990837018,0.5,0.9,0.9,121,2.9071030601331027,3.1870403225481825
11,31,0.3955643101783636,0.4701373103827299,0.656950509161396,0.8346207918322278,0.3783296284133195,0.5423360053109808,0.0929438893493541,0.01899362671362656,0.5,0.9,0.9,122,2.919459326881062,3.185410343976059
11,32,0.39556431724306557,0.47013731779911044,0.6569505165777765,0.8419439083363425,0.3719121404153917,0.5423360053109849,0.0929438975873103,0.018993626716090912,0.5,0.9,0.9,123,2.9194593180872994,3.1854103439759798
11,33,0.3198607303531449,0.3941754257772755,0.5809751805483321,0.7700215889748109,0.2973894247191119,0.5423354534708452,0.00910145429146929,0.01895658064410151,0.5,0.9,0.9,124,2.8859645009015686,3.185400912727232
11,34,0.09649180029283357,0.18704670728166783,0.40465371907575476,0.6078910000994869,0.07323291680931997,0.12986874691949865,0.0030452038473000502,0.00605906303153732,0.5,0.9,0.9,131,2.978762291999092,3.8046050057897065
11,35,0.09669243563771356,0.18719356889624278,0.40479777302920456,0.6118447300883174,0.07412261501502505,0.1298411743215398,0.00338978838625023,0.006001536126547901,0.5,0.9,0.9,132,2.9884647752176927,3.7991627043231815
11,36,0.096869081721044,0.1754091101121103,0.37241673503766676,0.6311567504992495,0.07596949731843626,0.13142643637985948,0.00601139725401934,0.00366790831090203,0.5,0.9,0.9,134,2.990817275782192,3.231729623215814
11,37,0.09567117994820795,0.17877753387709863,0.38601016212624933,0.6415462715043736,0.07476246069394024,0.13226339642340693,0.00511822492677659,0.00355917058053399,0.5,0.9,0.9,138,3.0016188760079503,3.332769348204612
11,38,0.09335540697316215,0.18151606145167729,0.39899948102635635,0.6505937249935183,0.07230705336765104,0.13162524824320726,0.00325253286674786,0.00355833252059196,0.5,0.9,0.9,142,3.0528478576936298,3.5347069713322727
11,39,0.09414644730319202,0.1864140560576122,0.41409920229873626,0.6683962566851087,0.07630812761581113,0.1316115880928146,0.00533952591916087,0.0035585555367302,0.5,0.9,0.9,144,3.0366951911465505,3.5331191192033726
11,40,0.09506709732104812,0.18718504924793775,0.4148626400006,0.6858260888027219,0.07499456412560776,0.13347054453514448,0.00535921582279562,0.00366297265494944,0.5,0.9,0.9,148,3.012315010712042,3.4628948551178658
11,41,0.09117517142925402,0.18815415538514005,0.42607235892789697,0.693571064106417,0.07252119946896912,0.13193108762395409,0.00242863020682757,0.00364612225568844,0.5,0.9,0.9,150,2.994886599609801,3.528572220778338
11,42,0.08994947710679739,0.19138390628653837,0.439522130695909,0.7055364937191305,0.07282467040357529,0.13170474623932385,0.00243528490383106,0.0032839344308870496,0.5,0.9,0.9,152,3.131096816572112,3.493231395928241
11,43,0.0957650825243317,0.19029156134685848,0.4280847174340636,0.7203208962014137,0.07907008531115546,0.13511466301278324,0.0055082860093493,0.0060739692648182995,0.5,0.9,0.9,157,3.091316726170988,3.7327818977495766
11,44,1.0133613862547772,1.1239712090580354,1.3925631264959009,1.787556234316283,0.9958024521393105,0.1341779328388334,1.0,0.03187592982206183,0.5,0.9,0.9,194,3.0525366973954675,3.0286388568873845
12,0,0.9098869476911815,0.9469414341212792,0.9454339503720102,0.16798088830982366,0.0,0.0,0.0,0.0,0.5,0.9,0.9,1,7.475273642769775,26.196453617231192
12,1,0.4618968233084033,0.6067810001247748,0.5943489596999864,0.14054555316121947,0.44089274544145074,0.0882349587285593,6.105076012693001e-05,0.00019712019860818002,0.5,0.9,0.9,3,4.428968652524716,10.291699613324544
12,2,0.4618860308568199,0.60677003335409,0.5943377606338985,0.14294179599469384,0.04437308165194356,0.0882349587285593,6.105076012693001e-05,0.00019712019860818002,0.5,0.9,0.9,4,4.432791161667044,10.297580591641092
12,3,0.19191054795665038,0.25862908672690843,0.23613932291697148,0.07941119249989471,0.7803279472307418,0.0985344431959695,0.00024420304050774,0.0007884807944327201,0.5,0.9,0.9,5,2.643358225287629,2.5126603701182164
12,4,0.16775321181361436,0.22026233446299298,0.20668169962499552,0.08280115257083309,0.15314089398407546,0.1033922143173045,0.00068404825072655,0.00220864943795032,0.5,0.9,0.9,6,2.2681658457957163,4.919505713187558
12,5,0.12963269292746807,0.15180655941615026,0.13632688318751407,0.06557720424869905,0.19051618568305206,0.10181146949141376,0.00046555248820045,0.00150317209393954,0.5,0.9,0.9,7,2.146518040536902,2.0617800470617897
12,6,0.12941385020419624,0.15127692089485564,0.13577886610584902,0.06900115526582128,0.053466450570131406,0.10194347710315066,0.00047966826863768,0.00154874901120493,0.5,0.9,0.9,9,2.133205334407253,2.1726288194848804
12,7,0.12934044223345917,0.15660185661091305,0.15137175576978812,0.07633818980659735,0.05287540107192867,0.10191882921440645,0.00047698712705819996,0.00154009216304212,0.5,0.9,0.9,11,2.132238553120643,2.1512328900894446
12,8,0.12679619999884897,0.1517759904154727,0.14641088443052808,0.08765368628287035,0.05596864344990999,0.10173882323538438,0.00048290894372078,0.00155239711396645,0.5,0.9,0.9,14,2.164828709879972,2.141953693899024
12,9,0.12515766539881812,0.14854672045188075,0.14308825753791363,0.09366771904654492,0.0595575456427392,0.1018058181132091,0.00050105960970979,0.00156841670350991,0.5,0.9,0.9,15,2.1848263755988238,2.128597503651975
12,10,0.12497781195139003,0.1537907218194175,0.15860125140288936,0.11466719245261396,0.05265316431984403,0.1016057249138604,0.00049181185408689,0.00151405028329127,0.5,0.9,0.9,17,2.211703633721252,1.9671346860925425
12,11,0.12462911044447655,0.15867705689645706,0.173745978863896,0.10454519436506657,0.053375282313681834,0.10142243020992144,0.00046967237867517,0.00149859889875189,0.5,0.9,0.9,18,2.182841758317959,1.9668755138977807
12,12,0.13366995857008415,0.16108529123279888,0.16581421147228514,0.12974852184984442,0.06783352801348903,0.12184223702456758,0.00049245601354094,0.0015772027321539698,0.5,0.9,0.9,19,2.192732261189573,1.969579796183172
12,13,0.13160799300013992,0.16393922147428452,0.17890782087674173,0.12803206282322546,0.062401540212221204,0.11872860097501296,0.00050762691974339,0.00162123706390612,0.5,0.9,0.9,21,2.1823491447121723,2.084973647331489
12,14,0.12396107530975287,0.1611827972237512,0.1863896275557593,0.12348072945249522,0.0546861676997584,0.10194287716602604,0.00194182151964935,0.00166406640743487,0.5,0.9,0.9,26,2.1304758803939845,2.2367851404519565
12,15,0.4081072893222257,0.44755144217226583,0.4828417899781583,0.4201924389036179,0.3485050410657703,0.10202315594177105,0.3212487708902333,0.00175997186726017,0.5,0.9,0.9,28,2.1490861277551496,2.3305539753606226
12,16,0.13170698947912496,0.16978952639563902,0.20500165092293568,0.15255926156855845,0.06861687625468012,0.10206331430615104,0.007183846209999819,0.010246346513125209,0.5,0.9,0.9,31,2.1465876082192046,2.3240350138791923
12,17,0.12706307546929305,0.16481907874968177,0.20001231244455348,0.1591211712599696,0.0637703258384188,0.10374767589100815,0.00306038415501861,0.00864503533187796,0.5,0.9,0.9,32,2.170575367738506,2.357320910431418
12,18,0.13061085573835207,0.1735324456388595,0.21898044424291005,0.16806287970198636,0.06740651112821379,0.10194626080732816,0.00746070689341625,0.00950455867822547,0.5,0.9,0.9,33,2.1498583633810857,2.323089955140464
12,19,0.11952948490951082,0.15653903426787905,0.19168957441864218,0.18967965306440313,0.056285425349869106,0.10186652747363245,0.00114747503119136,0.00407864096597273,0.5,0.9,0.9,36,2.326259490431733,2.6319775427917245
12,20,0.12171595792883519,0.1561314938437009,0.19113375334046895,0.1966072061120602,0.07120759888826503,0.11159565631479935,0.0008140811393631501,0.00435102048419605,0.5,0.9,0.9,37,2.0754831201103,2.587280813471405
12,21,0.1190457860454063,0.15273968677680536,0.18770078532308618,0.19123779489796924,0.0599898101633501,0.10893834733584502,0.00096137868994045,0.00351683686906663,0.5,0.9,0.9,39,2.113379596230714,2.3634520680528874
12,22,0.1146302913691558,0.14718192745815453,0.18207824228793648,0.19693409324485558,0.05610195461913867,0.10275555986018717,0.00116426071613957,0.00310846045176347,0.5,0.9,0.9,44,2.2269297001721178,2.662262583421467
12,23,0.12112442311448561,0.1572442847410542,0.2023051159739718,0.20455367087119097,0.06545311564564328,0.11007073816274855,0.0032009162890129102,0.00628619924070508,0.5,0.9,0.9,47,2.356420484354866,2.4936436228988343
12,24,0.12334776251007937,0.15936057623619054,0.20441532077629876,0.2221889888598303,0.06870114156499967,0.11174503937895011,0.0029058946816932,0.008238994110509459,0.5,0.9,0.9,48,2.2806002745643656,2.721750417559877
12,25,0.12433111807863924,0.17619915303504657,0.25203884357862816,0.2711757267052059,0.0678496327543257,0.1138299914575412,0.00431151587702949,0.0072902806457073605,0.5,0.9,0.9,52,2.341370401930582,2.4539859966675186
12,26,0.11482623901299754,0.16658069125551928,0.24241421986008488,0.27176739595147054,0.058194659498773185,0.10521083806396485,0.00161974829654707,0.0043330856887451,0.5,0.9,0.9,54,2.189403077685105,2.428116922461053
12,27,0.11283210839419457,0.151581470549622,0.2067550753497075,0.25163096001417706,0.06665158648972792,0.10660395770265255,0.00145231869299609,0.0038031777728699603,0.5,0.9,0.9,55,2.21538753854479,2.5196581267333835
12,28,0.11381461984826537,0.1688223031274474,0.2548034019144479,0.32248129326712166,0.05911616434297373,0.10861389589036137,0.00147464774685472,0.0038377778721888,0.5,0.9,0.9,66,2.244250964262021,2.902826328672978
12,29,0.11339369158107274,0.17284364291544607,0.26903920193078434,0.3257000255569207,0.060314980612592994,0.10768517521641155,0.0018883119840988401,0.004549915562163271,0.5,0.9,0.9,72,2.3147401752774384,3.0298289210823244
12,30,0.11756961512685665,0.18234239164604168,0.288801826326146,0.33705642633341704,0.06409503222948369,0.1104174981474163,0.00252730283054701,0.00716336131929495,0.5,0.9,0.9,75,2.403695444984235,3.099131566503156
12,31,0.10911037981857762,0.1619926701398126,0.2478550110062151,0.322397703392853,0.06048161451133824,0.10466189682052482,0.00122848432107873,0.0033295530623798004,0.5,0.9,0.9,76,2.266134390595804,3.123024966438196
12,32,0.10735632560642167,0.17172103763476504,0.2881266574683644,0.3543720521601345,0.06577120722931337,0.10679896030084393,0.0020563159018077,0.00447176158288106,0.5,0.9,0.9,79,2.3155741145017514,3.100131660312913
12,33,0.10674540317875912,0.18130440803421694,0.31821321602445823,0.3821873255904836,0.059715007072434115,0.10682661618838352,0.00207804521047913,0.00447758379604972,0.5,0.9,0.9,86,2.3243330805630285,3.1000073800875616
12,34,0.10668022749683362,0.18119923329047927,0.3181057937958702,0.38561829329811576,0.05946754481967763,0.10680094773721267,0.00206635733652431,0.00447252207691358,0.5,0.9,0.9,87,2.3249338269479503,3.100289890642965
12,35,0.10675411377750771,0.18119834090300801,0.31810090959675624,0.39666543698102635,0.0594430711914797,0.1070097271470555,0.00207839933083726,0.00450393977329413,0.5,0.9,0.9,100,2.3263736841593547,3.0973349755935438
12,36,0.10662776165074964,0.19729626623705723,0.36500451634744696,0.47954274319005435,0.05943210137616766,0.107077648230271,0.00202673689247175,0.00449169061095344,0.5,0.9,0.9,120,2.322303966357401,3.096376586936353
12,37,1.90412500773132,2.0271169017646145,2.2564298905127083,2.432446103483267,1.8572739848634128,0.114449018095759,1.0,1.0,0.5,0.9,0.9,147,2.311911457308676,3.0933954817422245
12,38,0.11235693912485793,0.22876099399333205,0.44774093075568233,0.6685346662696471,0.0710590636866739,0.11451308593305373,0.0019077038479896901,0.00838050382359843,0.5,0.9,0.9,148,2.3193889571403243,3.0710922187934524
12,39,0.11302214448375351,0.228160974045948,0.44707196678272304,0.6655408011213008,0.06890370802889337,0.11756223806243571,0.0020280915197616297,0.00860052891819076,0.5,0.9,0.9,157,2.2984229221525725,3.484933690483966
13,0,0.9129245590691735,0.9487924920823239,0.9473377916068821,0.1683430930099705,0.0,0.0,0.0,0.0,0.5,0.9,0.9,1,7.395373234323186,26.173513824687458
13,1,0.4636386974690485,0.6085604512894088,0.596181267050412,0.1408310839789198,0.44080816945111606,0.08805139844695874,6.008007194983e-05,0.00021312068312083002,0.5,0.9,0.9,3,4.37146851112441,10.259461252761623
13,2,0.14800778033241543,0.18499071943667425,0.17041203535695446,0.06983278800529281,0.5067982944681797,0.10301734483631453,0.00064552086691137,0.00228984160071886,0.5,0.9,0.9,5,2.5508190873097565,4.513756107589337
13,3,0.12110536290005375,0.1351590313726606,0.119202597139863,0.06242676466479878,0.10280915773337956,0.10174960118701286,0.00047400787157956994,0.0016814374237109201,0.5,0.9,0.9,7,2.343121246398579,2.189134624246372
13,4,0.12110536290005375,0.140603866854484,0.13491824658042484,0.06908788221250631,0.052814798256985034,0.10174960118701286,0.00047400787157956994,0.0016814374237109201,0.5,0.9,0.9,9,2.343121246398578,2.1891346242463725
13,5,0.12099235465380478,0.14038237142598267,0.1346903456922385,0.07848448693239242,0.05327115744529192,0.10174960130011357,0.00047400788383197996,0.00168143746717363,0.5,0.9,0.9,10,2.340815315946833,2.190500599002538
13,6,0.12099199176255832,0.15127154379335925,0.1661205245600598,0.09383602456927422,0.05281511060454628,0.10174960118701289,0.00047400787157956994,0.0016814374237109201,0.5,0.9,0.9,13,2.3408575127479123,2.1904405788839845
13,7,0.11779555672119837,0.13162055743048862,0.11565071564606401,0.08898874602083644,0.04991107801065794,0.097439972178575,0.00030624738653178997,0.00083041231867033,0.5,0.9,0.9,16,2.330250772640904,1.854122297703256
13,8,0.11544020344785273,0.12678354397694766,0.11067034230881163,0.08638594325867517,0.05516394624017201,0.09787322168207324,0.00034918409015693996,0.00078272992516901,0.5,0.9,0.9,18,2.3338276351495746,1.7948567833869638
13,9,0.11485743889551063,0.12571045612350046,0.10956889086473927,0.08832844116800681,0.05192323793767826,0.09770463162958534,0.00035216208360444,0.00078441683099929,0.5,0.9,0.9,19,2.336126829619869,1.7301284804013282
13,10,0.11320889590452218,0.12266379133855743,0.10644227786952046,0.09228093251082246,0.05547592315794272,0.096874565118986,0.00037732518544163,0.0009731182679294801,0.5,0.9,0.9,20,2.324794726692585,1.8475146543483347
13,11,0.11227049985448607,0.12710508238699272,0.12115039690065572,0.09854001780312392,0.04891522910159235,0.09524765882687698,0.00036110974335309,0.00092379090036024,0.5,0.9,0.9,22,2.323208077234374,1.828763559769501
13,12,0.11234316191471448,0.12106424571616367,0.10480078677183786,0.10358409888626334,0.05092069628249504,0.09655483093694309,0.00052696470786316,0.0008662667748283601,0.5,0.9,0.9,24,2.291939923316132,1.8309008335400063
13,13,0.11222732406941681,0.12076432958882179,0.10449036633946324,0.10826856735111258,0.05036648709314934,0.09662809384383726,0.0005558354493047401,0.00087516974205861,0.5,0.9,0.9,25,2.3066370505811595,1.8184609834683985
13,14,0.11588352665395406,0.13335721656125774,0.12755433894975235,0.12063221144829198,0.051617693767597846,0.09659301417364677,0.00078418938132442,0.0007671582842953,0.5,0.9,0.9,28,2.446827474701899,1.8071631069879115
13,15,0.11120111977837897,0.12922184877646592,0.13340883117093763,0.15424583160332286,0.04999944108693438,0.09784804522870932,0.0003814396224305,0.00080510799981015,0.5,0.9,0.9,34,2.304766707954788,1.8428233895574335
13,16,0.10998421382038447,0.132198445643219,0.14658499135651615,0.16257941370149992,0.055191241685177354,0.0977993967204857,0.00040986874626874995,0.00084279031223945,0.5,0.9,0.9,35,2.309789708698889,1.8308384699100837
13,17,0.10729876285366398,0.15107384541433405,0.21649345981383902,0.18379226155955306,0.06070037234478805,0.1005965010934615,0.0018562544042983902,0.00107554179401937,0.5,0.9,0.9,38,2.5204376646207574,1.8518783583856244
13,18,0.10729876337243964,0.15651868081990078,0.23220882920149208,0.20208434280761003,0.052936934100275876,0.10059650097184669,0.0018562543724199398,0.00107554180873195,0.5,0.9,0.9,40,2.5204376709127407,1.8518783619170245
13,19,0.10659817083119034,0.15573986481934332,0.2314254976690009,0.20736509904560663,0.05266860337480979,0.09924241979537349,0.00189455278705789,0.00110361585019627,0.5,0.9,0.9,41,2.5022764448774755,1.7443389066240944
13,20,0.10388615258275741,0.15495824228200394,0.24071983945132527,0.2194109415357301,0.06696880709669269,0.10059650097184669,0.0018562543724199398,0.00107554180873196,0.5,0.9,0.9,42,2.5017219253049943,1.8394087042456968
13,21,0.10559710517394301,0.16205279580536242,0.25808192556749626,0.2926659113948264,0.05471667529906873,0.09898854736775636,0.0019353302949516303,0.00385664717277926,0.5,0.9,0.9,68,2.448383522266121,2.2954851233460296
13,22,0.1055969614667291,0.16195248685354605,0.25797605364316256,0.29627805871885393,0.05500528277342576,0.0989161720349705,0.00206574621212873,0.00387247453891493,0.5,0.9,0.9,70,2.464948406406845,2.210139918952234
13,23,0.10475076450601577,0.17125502001669768,0.2877787579029021,0.30941792105482646,0.05614102456085751,0.09888573039132884,0.0019358112833823102,0.0038572789681271097,0.5,0.9,0.9,72,2.450381906531495,2.260471599515654
13,24,0.10849495130703408,0.1734905301553701,0.2899310010652402,0.34829450925500677,0.06133357765973178,0.10783624865351855,0.00198595585901138,0.00457421521331154,0.5,0.9,0.9,76,2.403991926567698,2.265505364967445
13,25,0.1079794227407264,0.17214602987966024,0.2885409472345651,0.34445420637098456,0.061187461354687764,0.10819294517475797,0.00198647640679932,0.004665494917359099,0.5,0.9,0.9,79,2.422498382109924,2.354217703276528
13,26,0.10797729850145672,0.17758654681638347,0.30425183876993656,0.36924859091316903,0.0600923263504201,0.10819294490222779,0.0019864765025996997,0.00466549685951645,0.5,0.9,0.9,80,2.42263094547684,2.353069972095577
13,27,0.10259685762058199,0.17521994995005272,0.31202291563853063,0.36868306190834443,0.061797456879460144,0.10312124737170117,0.00198958242910902,0.00401113985213732,0.5,0.9,0.9,82,2.47451743804771,2.279811300472837
13,28,0.10093907137286003,0.171037682031384,0.30770304898232936,0.397059684726077,0.059045661923762156,0.1025405572310378,0.00275764980233525,0.00429723166409756,0.5,0.9,0.9,89,2.4329814400156247,2.112919945116691
13,29,0.1008400542604633,0.1817236709909445,0.3389243835501072,0.4260593613102608,0.057719296217549856,0.10240336561294786,0.00284066859483242,0.00428640652533444,0.5,0.9,0.9,93,2.441860009636348,2.1150396533005025
13,30,0.09903923752583779,0.179811212822889,0.3370057772255143,0.5003787960000707,0.05593694898736137,0.09612989493354004,0.00396020597184621,0.00476423660434943,0.5,0.9,0.9,115,2.4903733061030984,2.1277570974577915
13,31,0.09670056626675633,0.18126570050216698,0.3486414155415073,0.5200085321235689,0.057244001137034164,0.09513130127105934,0.0041008696272562695,0.00424550125903223,0.5,0.9,0.9,118,2.5301603758164566,2.2096046588260605
13,32,0.09470405310422274,0.17836920463923547,0.34569641497279735,0.5415268031739799,0.05459776209567326,0.092858562409383,0.00402885690508707,0.00426309411578338,0.5,0.9,0.9,123,2.5374249649123883,2.2030588960935624
13,33,0.09423176691256703,0.1722992703205399,0.3293474372171675,0.5391825837731206,0.05385865879998511,0.09295975140845064,0.00359060456622817,0.00427367117679123,0.5,0.9,0.9,125,2.586237866100612,2.064130552836879
13,34,0.09385878734346073,0.18207992952717994,0.35963005485995386,0.5731255838077418,0.0544196211716248,0.09328189740150288,0.00358710105261335,0.00441682586918311,0.5,0.9,0.9,130,2.6092562731982087,1.9831781453615664
13,35,0.09317156521788722,0.17543141692857275,0.34268291344002044,0.5940270163288865,0.05429263362481642,0.09233586526224027,0.0038566132083947,0.004422913885481871,0.5,0.9,0.9,133,2.470147354243539,2.152755472850654
13,36,0.09311985252247529,0.17525887385491426,0.3425037076035287,0.608252417074626,0.05379550749317693,0.09245969505326353,0.00375654328428709,0.00451762776785881,0.5,0.9,0.9,137,2.551036612494028,1.9816033190978344
13,37,0.09283070536248852,0.17419799501161914,0.34140162668528135,0.6119170939364363,0.057080909683461876,0.0927883590591129,0.00375199403354416,0.00478184588665319,0.5,0.9,0.9,138,2.5507430183510897,2.0186671020679063
13,38,0.09275156489428384,0.17405552236823124,0.3412556018133115,0.6225299255206223,0.05413420955926965,0.092881700587038,0.00378685233971223,0.00466975879274008,0.5,0.9,0.9,141,2.537251786764493,1.9933483010305169
13,39,0.09235714318738691,0.18434775054985275,0.37207791550375835,0.6379320760749607,0.05462911785479102,0.09280276184353023,0.0038487252421478,0.00441403170954126,0.5,0.9,0.9,142,2.543908089737387,2.020535541519989
13,40,0.09223667276239948,0.18413783899937425,0.37186329258192524,0.6487381193502877,0.05397186371091421,0.0925443952878568,0.00391094751577786,0.00445006038814678,0.5,0.9,0.9,144,2.516153373458063,2.0182934488367037
13,41,0.09216714225105117,0.18341211158731086,0.3711024271142151,0.6490073914064136,0.056861349631107456,0.09292159791128346,0.0041935286954824,0.00452702038407662,0.5,0.9,0.9,145,2.566258238004508,2.016316249124533
14,0,0.8564526385339155,0.9135984633227986,0.911143809895405,0.16145101206991722,0.0,0.0,0.0,0.0,0.5,0.9,0.9,1,8.841827667271374,26.282151349214185
14,1,0.44463877088289006,0.588849138978542,0.5758566956768948,0.13847079288146769,0.42862955154928595,0.09184004399885544,5.783830973418e-05,0.00018275735602195999,0.5,0.9,0.9,3,4.90741469887514,10.300388840665592
14,2,0.14822099270965852,0.18551608445533363,0.17095764152174908,0.06978552976656373,0.4836183949580753,0.10515345627948199,0.00037188702448452996,0.00117508775145794,0.5,0.9,0.9,5,1.928435397498138,1.6972689328233532
14,3,0.14853030205512693,0.18511487486272718,0.1705119487112342,0.07406896310131225,0.056733273276205545,0.10652222735175484,0.00049832157693977,0.00157459535502963,0.5,0.9,0.9,7,1.788148501352711,2.6201551383615564
14,4,0.1371536180098268,0.16238279814151615,0.13714494835843813,0.0669170585208037,0.07715047510226578,0.0994227946189444,0.00032855810112798,0.00074167521403639,0.5,0.9,0.9,8,1.881273690054757,1.7554907637725752
14,5,0.1340958382075891,0.16930438882251603,0.16455208431214075,0.07344131615603512,0.050672023784861804,0.09585856968747256,0.00028580998515027,0.00052529223863255,0.5,0.9,0.9,10,1.9479863388046776,2.0559172852194747
14,6,0.13299983834267676,0.16708134434127064,0.16226047159041054,0.08123462195699295,0.05133649444413598,0.09627471365702356,0.00028963441528932,0.00050025495501776,0.5,0.9,0.9,12,2.000614427973874,2.118395389291786
14,7,0.13388223941949803,0.17288686200198441,0.1783051150175754,0.0971302631041517,0.05146757169647396,0.09883226323112948,0.00032545150970046,0.00068021986103569,0.5,0.9,0.9,14,1.9535304705909575,1.914295187330509
14,8,0.13376187874295362,0.17165721048349905,0.17700830025628903,0.09650444951184027,0.0538866227522676,0.10045397396991192,0.00039330804168036,0.00096792712954012,0.5,0.9,0.9,16,2.0587623233860373,3.8954900371137096
14,9,0.13252742789289035,0.16937836102656517,0.17466655023085284,0.10069552597627675,0.053678460446834775,0.09996702751845736,0.00038325551566543,0.00117972752116616,0.5,0.9,0.9,18,2.077965530684923,13.466561990470982
14,10,0.12847340377560917,0.1615797097339714,0.1666439932678649,0.10606781590745995,0.06771906528936122,0.1002675491765713,0.00041670411657375,0.0010691083115954001,0.5,0.9,0.9,19,2.173035745088051,3.4312875549598143
14,11,0.12469981026455185,0.15655982369130847,0.16155003069617332,0.11303787957318157,0.054421830394941945,0.09506434718862372,0.00048309521655804006,0.0012077118714362701,0.5,0.9,0.9,20,2.261596126850308,5.061815727001922
14,12,0.12516663701355987,0.15641865106942798,0.1613729025392243,0.10913217620391473,0.052791825637518025,0.09621909246713936,0.00042627498160878,0.00187336609501527,0.5,0.9,0.9,21,2.408875227599224,12.415768918307732
14,13,0.12356670444198252,0.1540316232112733,0.15893948541869043,0.11814279314248011,0.05280160519773833,0.09405728829634888,0.0005108968903311799,0.00215494939873893,0.5,0.9,0.9,22,2.529028046016579,17.799023218356165
14,14,0.12655358048696286,0.1619400865364511,0.1770878737617504,0.13472707474817064,0.054096251840632506,0.10135873433745066,0.00050570667573044,0.00204712049580275,0.5,0.9,0.9,24,2.4791768101218894,7.54229616486155
14,15,0.12679575941172508,0.17303967857907854,0.20872650946510699,0.15978398699412347,0.05332360513118748,0.10184682996525238,0.00050729463008485,0.00208220275781086,0.5,0.9,0.9,26,2.474702485176807,7.66700811205977
14,16,0.12280988274074611,0.16806769158560558,0.20369658146363823,0.14192329242597373,0.05242646008346903,0.09689856574537928,0.00047874647539702,0.00160256104206519,0.5,0.9,0.9,28,2.456344392549316,14.898344663579568
14,17,0.1267981669490013,0.1771322881485925,0.2230100908726385,0.14904294526806372,0.055488275953509726,0.10120381434538576,0.00038529898383443,0.004171931160963789,0.5,0.9,0.9,30,2.5044210935741766,16.24778270101361
14,18,0.12013325991564415,0.16295895519074938,0.19844550083815396,0.14411572303084494,0.058981124177038755,0.0980018722580698,0.00040837427542633,0.00094786283664792,0.5,0.9,0.9,31,2.4064926686594625,4.613867211126288
14,19,0.12026774663110122,0.168425071139918,0.21417590680443327,0.17577174650207053,0.05063474038416919,0.098411577180628,0.00042551773015572,0.00098485732497828,0.5,0.9,0.9,34,2.3533846143106283,4.483008098891148
14,20,0.11999702875558056,0.17358276504688527,0.22960326253009092,0.16922794885798814,0.05029078593464263,0.0980018722580698,0.00040837427542633,0.00094786283664792,0.5,0.9,0.9,35,2.395674606054991,4.6019576909599005
14,21,0.12426358072727668,0.176118294090499,0.23203817758383347,0.21711426748823692,0.057759589524104205,0.1016055971722127,0.00079627715075724,0.00531025870017478,0.5,0.9,0.9,40,2.1970113215637044,3.171715934816916
14,22,0.12249619538340083,0.1778629966719225,0.24394161274870926,0.22591196928901355,0.06058900217936808,0.10141000562411315,0.00081442823465698,0.00566015664123718,0.5,0.9,0.9,42,2.3260637635849557,4.42422318734169
14,23,0.12152196173439199,0.17632769356957212,0.2423738313166358,0.17949725320623178,0.0584842545371487,0.10097063843383629,0.0008209012805847199,0.0054567552869886895,0.5,0.9,0.9,43,2.216652982897666,2.861972723252265
14,24,0.11938057769527313,0.17329256363712245,0.23928755518047545,0.2174335398545416,0.058640500387341137,0.10247298008420877,0.00249624439118105,0.00158443208281863,0.5,0.9,0.9,44,2.496552254613313,3.3416977926802667
14,25,0.11944674366311477,0.1673950320988865,0.22308950933867505,0.22709643599435841,0.05766785254323505,0.10584382923230648,0.0013441033663166,0.00152587212133279,0.5,0.9,0.9,45,2.546320738700651,4.629291657739928
14,26,0.11683279299440849,0.16237359111813637,0.21793055609186554,0.22249448547718467,0.06531374224032155,0.10377384809926633,0.00161841742344257,0.00220327138139076,0.5,0.9,0.9,46,2.5122203063426105,4.686246228790407
14,27,0.11916382701907373,0.17532526996409062,0.2514079210624126,0.25406499141904143,0.05829906271847218,0.10202427815243864,0.00203546248090798,0.00564880936923227,0.5,0.9,0.9,49,2.338835718962943,2.528555854234903
14,28,0.11869662988549902,0.17837471432374233,0.26461842518208617,0.2644364207795977,0.06336180785621916,0.10281534767907344,0.00284172790167118,0.00602390990120028,0.5,0.9,0.9,51,2.5236191817743903,3.441224607776235
14,29,0.11595917862974228,0.1723299659306563,0.25838748898548763,0.29295824278705473,0.06329146191247903,0.10386822459613994,0.00206192011471177,0.00679640922416154,0.5,0.9,0.9,55,2.5688655804053653,4.957865090955043
14,30,1.1007042572596297,1.1784806875192708,1.3055997066747471,1.3746772160377436,1.0450635300601192,0.2795381112846338,0.005830032913096609,1.0,0.5,0.9,0.9,87,2.3501519009403453,4.207581716373781
14,31,0.14641041282499792,0.22830880773385026,0.3656242296584109,0.46370925145116815,0.09239160888035804,0.15814413344845513,0.00092377851334112,0.01344851972102562,0.5,0.9,0.9,101,2.6685729496140462,17.27108744449855
14,32,1.459979139406712,1.5616269789076291,1.7399116194548654,1.8676008103297608,1.4080779575455686,1.0,0.00836691711564245,1.0,0.5,0.9,0.9,116,2.46514195270002,3025.8908551212908
14,33,1.4598311834048268,1.5614651646835158,1.7397492859559733,1.882106866804492,1.4074090800135064,1.0,0.00821703290788952,1.0,0.5,0.9,0.9,120,2.463334687608325,3015.453689991627
14,34,1.4574339592481742,1.5521977824449111,1.7201319284073984,1.8795357253723024,1.412105101631059,1.0,0.00706482512696077,1.0,0.5,0.9,0.9,121,2.5702499356914017,3058.9984646732723
14,35,1.4572173200567775,1.5728196362496552,1.781784227654252,1.9157384414871386,1.4076640551119297,1.0,0.007815518697780929,1.0,0.5,0.9,0.9,127,2.469042249795575,50371.59515691407
14,36,1.4773805484793519,1.598325852996405,1.8175551604416635,1.9732419800121255,1.427352510988241,1.0,0.03032657011955729,1.0,0.5,0.9,0.9,134,2.698702058618605,49978.980734959725
14,37,1.4699571058226315,1.6120194542618815,1.872294994227179,2.030570381661259,1.4208273020443611,1.0,0.02277270966190425,1.0,0.5,0.9,0.9,142,2.4716229316687683,49156.61666616617
14,38,1.305801230637413,1.4530158030170635,1.7235456776454448,1.8935298457723708,1.256732371966893,0.5621879042143324,0.08391234646224263,1.0,0.5,0.9,0.9,152,2.7764909419218355,25.424818329949904
14,39,1.3025674653324741,1.4494830034272526,1.7199963235137736,1.9029981108890839,1.2542603200228049,0.5571943686271272,0.08340572858195598,1.0,0.5,0.9,0.9,154,2.7466524196536395,22.889893431672807
14,40,1.3050707969952713,1.45713796314665,1.7379058364091795,1.909544044284353,1.257613988148767,0.5622638388579342,0.08367683921068861,1.0,0.5,0.9,0.9,155,2.7602585357942675,23.907449842881988
14,41,1.3213871624542897,1.5094375569790988,1.8619825868797921,2.0953243487622526,1.2750184479570266,0.5924154607207159,0.08726475039156792,1.0,0.5,0.9,0.9,186,2.752372348900922,25.13094934001617
15,0,0.934300204829946,0.9616924053451376,0.9606042052941118,0.17086930277302484,0.0,0.0,0.0,0.0,0.5,0.9,0.9,1,6.9130820485883095,26.03249779163571
15,1,0.4686406146886689,0.6136259470633249,0.6013574894403916,0.14276285304026556,0.4512620362227375,0.09039197049594871,6.227182694110999e-05,0.00020909622377366,0.5,0.9,0.9,3,4.320063358135842,10.181529779736486
15,2,0.1846894258106833,0.24583355763758055,0.22294471481955294,0.07791218221404857,0.43694711021773464,0.10094323849127548,0.00024908730776445,0.00083638489509466,0.5,0.9,0.9,5,2.902350787575436,2.475098009494066
15,3,0.11456833998968327,0.12094754430168317,0.10455057401693593,0.0606870446147371,0.1912689972236629,0.10440931915846552,0.00048641501050721,0.0016332834104910098,0.5,0.9,0.9,7,2.579365452722836,2.1677566666898813
15,4,0.1102220604214733,0.1106636579325155,0.08396804737820558,0.05645261320693755,0.052289640387600464,0.09850278492464679,0.00034713919373977,0.0007715208602597,0.5,0.9,0.9,8,2.578748543104607,1.7518069664918468
15,5,0.11022129346744172,0.11610699794560946,0.0996820169588541,0.08390982193464304,0.05025865981767326,0.09850278492464676,0.00034713919373977,0.0007715208602597,0.5,0.9,0.9,14,2.574926431086395,1.751825423935835
15,6,0.10918847424707519,0.11959568287511375,0.1133889466406822,0.0901744525162632,0.05204367645161564,0.0982694423014012,0.00035015456355488,0.00077103169220694,0.5,0.9,0.9,16,2.5992531884542496,1.858656034758496
15,7,0.10919719081740745,0.11957657623375408,0.11336822326846865,0.0769771387051375,0.05029445673762379,0.09835085625954956,0.00034907007936846,0.00076732160501417,0.5,0.9,0.9,17,2.590240648488063,1.7850110571538758
15,8,0.10904352296854308,0.12473107405806849,0.12878573370814875,0.09709759241447269,0.050723127139945534,0.0983032760885756,0.00035094133707343,0.00077170338818917,0.5,0.9,0.9,18,2.610883960032683,1.8239278729839947
15,9,0.10772882464886023,0.11618246738137637,0.10986544855945292,0.10480078596569449,0.057943211771418576,0.09913929337544468,0.00037018312070277997,0.00078851809648595,0.5,0.9,0.9,19,2.6351299603255254,1.901774074383463
15,10,0.10754767688649795,0.12118318684091049,0.125121914459509,0.11220853207057123,0.051226974717519816,0.09925952891536813,0.00037413712556531,0.00080329073436828,0.5,0.9,0.9,21,2.6183960178243826,1.902466965572274
15,11,0.10634480848522732,0.11776843767949505,0.12158309025988923,0.13145188003333524,0.056148171066456115,0.0992218504816892,0.0014002230251972,0.0008577830327500801,0.5,0.9,0.9,23,2.7650965862219974,1.8716128991941652
15,12,0.10533964670668429,0.11674494027897338,0.12055841337733297,0.1140471533669723,0.05068049965617939,0.09917446266775284,0.00038605141657886997,0.0008011256626495201,0.5,0.9,0.9,26,2.696815907386968,1.8948959500587377
15,13,0.10531972794020246,0.12213877655779827,0.13622138308607384,0.1329837640439558,0.05072951721953409,0.09918867456515049,0.00038721090340103,0.00080353180496332,0.5,0.9,0.9,28,2.6819306102244385,1.9020641442975288
15,14,0.10403806506811744,0.12506837285654737,0.1493525193258431,0.146322877375154,0.05557817215644784,0.09896504044428564,0.00041120224746311,0.00080386916159721,0.5,0.9,0.9,29,2.728813694914692,1.9373181326358029
15,15,0.11387655083817623,0.11758032866137517,0.12096724254968211,0.15434274940942502,0.07942139880328242,0.10820268845904872,0.0062363742147977606,0.007553500710119709,0.5,0.9,0.9,31,2.648086794749022,2.6860718367637437
15,16,0.11254328997201203,0.11589364728488762,0.11926115157743258,0.15043826815915742,0.06692205851274534,0.10696748568333528,0.00594588183161409,0.00741401522144432,0.5,0.9,0.9,32,2.6757103147496384,2.7243946755826958
15,17,1.105640941988563,1.1171670503047793,1.1409272890463271,1.1879850914608376,1.0626560640592455,0.3086820417999789,0.007524857763073679,1.0,0.5,0.9,0.9,39,2.655897671448103,18.17248249420984
15,18,1.1011993702825231,1.1125715934979197,1.1363232772146419,1.1987793273735492,1.0574206106508774,0.2988591146563238,0.008203687130977199,1.0,0.5,0.9,0.9,40,2.659473847910274,16.512833518055636
15,19,1.1437660720341458,1.1541192116706465,1.1778154432736225,1.2329075395758127,1.1043373999589983,0.38873046739376643,0.006607423056683499,1.0,0.5,0.9,0.9,41,2.6586042702062205,30.61596732086358
15,20,1.198331285738214,1.2134909332207866,1.2474233735611413,1.3125019906507807,1.1557732880659102,0.49405036444310657,0.00937065383528028,1.0,0.5,0.9,0.9,49,2.6469132192456497,71.25680419560858
15,21,1.4631702311680426,1.4831675962625357,1.5173642401743717,1.6061022146395187,1.4178833021772896,1.0,0.01760417130082291,1.0,0.5,0.9,0.9,51,2.66986268366601,4.037379791852655
15,22,1.4639158408368016,1.4894525505312726,1.5339249794105903,1.6166843130814335,1.4165683752828957,1.0,0.01833473289936896,1.0,0.5,0.9,0.9,53,2.671130670673385,4.069506863248271
15,23,1.4634087504175641,1.4970656948525511,1.5519559273833492,1.6312769711844743,1.4167253673727394,1.0,0.014981425437909628,1.0,0.5,0.9,0.9,55,2.7526459985516563,4.004819876541066
15,24,1.456437035100274,1.4731395468257595,1.507155884896446,1.6231494742513206,1.4179637190549403,1.0,0.013506105743273761,1.0,0.5,0.9,0.9,56,2.624350911807121,4.040794774913645
15,25,1.4566446573460075,1.4773204979431023,1.5215275391004215,1.6447126491476651,1.416275446654569,1.0,0.01523064269175826,1.0,0.5,0.9,0.9,59,2.613329391326938,5.461274656492853
15,26,1.465409446116618,1.490176434917356,1.544580730444923,1.6439084897479312,1.4278139804692096,1.0,0.02633317660284405,1.0,0.5,0.9,0.9,60,2.655845505036928,4.2557082566966615
15,27,1.455755828022395,1.487007557487937,1.5617158968483031,1.7490244620217856,1.418236122519407,1.0,0.01998521190473459,1.0,0.5,0.9,0.9,76,2.758274963910861,4.425465469127309
15,28,1.4542130714858144,1.4833352164030877,1.5579297891908626,1.773606443009605,1.432721061912049,1.0,0.02035542171160892,1.0,0.5,0.9,0.9,77,2.971667745045264,4.405507624432366
15,29,1.4758563391463795,1.5179219828829895,1.6031901854803288,1.7611134469822085,1.4506431055102293,1.0,0.03696978136741011,1.0,0.5,0.9,0.9,78,2.747454747866022,5.356000893658206
15,30,1.448809395893861,1.4899465289474252,1.595123676732879,1.7905249441481472,1.41704771665305,1.0,0.01851360776491983,1.0,0.5,0.9,0.9,89,2.7066117156462397,3.9593473387625786
15,31,1.4488145353836648,1.4953885565524498,1.6108360219183369,1.8233732919577679,1.4167040922032779,1.0,0.01852673496949134,1.0,0.5,0.9,0.9,90,2.707289131529436,3.962100461556029
15,32,1.4492544203961808,1.501824920418652,1.6275722602201104,1.8169255920184415,1.4173471274553688,1.0,0.01848855367590339,1.0,0.5,0.9,0.9,92,2.708266413638456,3.930856978947975
15,33,1.4502515905248983,1.4966726263154415,1.6121119874648295,1.8536097265661189,1.418510279840427,1.0,0.02026955846730059,1.0,0.5,0.9,0.9,94,2.719822344876348,3.973580145846874
15,34,1.4505049796437948,1.496991831146976,1.6124346057037413,1.9256395572470923,1.4187763239141553,1.0,0.02048834593627789,1.0,0.5,0.9,0.9,107,2.7993465833413405,3.912402427940373
15,35,1.4465855261982399,1.5077271637308536,1.6538932134430846,1.9219432927055,1.416235896522311,1.0,0.0177289594421031,1.0,0.5,0.9,0.9,111,2.830167664090495,3.82144913528464
15,36,1.447476795795004,1.514536986348668,1.670998706951658,1.9582330282882578,1.4164751318636128,1.0,0.01827060312878388,1.0,0.5,0.9,0.9,116,2.768746053303019,4.164171999434966
15,37,1.4485729288522564,1.5220558596096594,1.6888396565227997,1.9749027714776695,1.4175115291545641,1.0,0.01855897615145716,1.0,0.5,0.9,0.9,117,2.7676647303941837,4.134620792404584
15,38,1.4464435613908213,1.5157936433617434,1.6823601041160954,1.9353332760667081,1.4247509565760987,1.0,0.02009318959973059,1.0,0.5,0.9,0.9,118,2.781095371135132,4.040642401358684
15,39,1.4472218267678065,1.505131723990935,1.6511281406644827,1.9241440118280346,1.4210143037768508,1.0,0.02147191023933828,1.0,0.5,0.9,0.9,119,2.800819970942352,4.132059980506292
15,40,1.4473704853137697,1.4998256803389163,1.6355513101727432,1.9279587749657843,1.4197134725910237,1.0,0.02164606296662969,1.0,0.5,0.9,0.9,121,2.793176992112606,4.133134513293354
15,41,1.4472370296471793,1.5105224946777986,1.666785977242083,1.943814853953838,1.4196157838464853,1.0,0.02155326158407319,1.0,0.5,0.9,0.9,123,2.797552811572362,4.131204928449702
15,42,1.4457521324607243,1.5204264390579902,1.697257246847668,1.9967135679450179,1.417702531725337,1.0,0.01943758319883625,1.0,0.5,0.9,0.9,124,2.8275596122622915,4.014954236315634
15,43,1.4524827017755184,1.5799680130640978,1.8394527546622552,2.2348843439047763,1.4162954704081843,1.0,0.01808481354497585,1.0,0.5,0.9,0.9,175,2.977667120742389,4.414849808862724
15,44,1.4540331224396696,1.5944897813817254,1.8746271053633135,2.2567864143195564,1.4164379592873124,1.0,0.01776755551343727,1.0,0.5,0.9,0.9,179,3.015391049306521,4.360330399822092
16,0,0.9150102204299231,0.9500609818915353,0.9486422028294212,0.16859176176929522,0.0,0.0,0.0,0.0,0.5,0.9,0.9,1,7.346771701120233,26.11256677295729
16,1,0.4605494482595492,0.6053032681190726,0.5927218449157321,0.1432948467143106,0.4533102694454427,0.09570208574832748,6.096444628761e-05,0.00024732974165729,0.5,0.9,0.9,3,4.573569883695867,10.191798041060888
16,2,0.12210452035977339,0.13363604948032048,0.11753370734007555,0.061600327553781635,0.5570254699885205,0.10940045107277234,0.00037903953487401,0.00153774463555381,0.5,0.9,0.9,5,2.788448218530101,1.6826460472423697
16,3,0.11536116996206269,0.11307555044074345,0.0862256613453441,0.059603384072924634,0.07540990498796302,0.11119990423411208,0.0005486800165885499,0.00222596767491563,0.5,0.9,0.9,7,2.7786760250162144,2.9183322926723982
16,4,0.10483438642101604,0.09803153939420761,0.07092866344511198,0.05534564643987975,0.07032439037292376,0.10181157638449478,0.00033976335971265,0.00082914916286486,0.5,0.9,0.9,8,2.736323846860467,1.7523054502663806
16,5,0.10417834552504082,0.10230428381841242,0.08544337775287454,0.06032326151985875,0.052840373901131284,0.10145419693639046,0.00034225750141607,0.00084650819241462,0.5,0.9,0.9,10,2.7276724526683225,1.8481718108571727
16,6,0.10374524865880776,0.10033630363784009,0.08339017934872588,0.07874775615401129,0.05437312334056493,0.10342663368375819,0.00035047403659313003,0.00088723619690276,0.5,0.9,0.9,14,2.791104499457244,1.7765709825573006
16,7,0.1026876527650027,0.10396738687375974,0.0972499934140104,0.08644093232339482,0.05400524089220665,0.10260230813951232,0.00036416746471164003,0.00095274394859496,0.5,0.9,0.9,16,2.766086199998723,1.828992331711671
16,8,0.12434022281472801,0.12441344666442036,0.11762942709743358,0.14214478838675912,0.07648630094619145,0.12505989819626676,0.00280090241050056,0.01136266852206948,0.5,0.9,0.9,20,2.8382930656227825,3.7111324653223696
16,9,0.11739322931523749,0.11356699948840189,0.10656899468339129,0.1398306872544445,0.08749677782332356,0.12519039204973853,0.0019387213750757099,0.00846909260932245,0.5,0.9,0.9,21,2.8846076845647595,3.5132724141856517
16,10,0.11531541146744885,0.11148802158371873,0.10449002472558348,0.13501764075011657,0.06988810238098704,0.12143124164028962,0.0014349838679053,0.008753302444443691,0.5,0.9,0.9,22,2.8225398960516856,4.184247409079656
16,11,0.11712514622310181,0.11845252966529923,0.12170934809903936,0.1448260561882146,0.07311235232464884,0.12519039204973853,0.0019387213750757099,0.00846909260932245,0.5,0.9,0.9,23,2.8637817771477234,3.5380432645440507
16,12,0.09992107312494293,0.11156844799505157,0.13533527214195537,0.1337658135246215,0.057536955661272364,0.10697973176420461,0.00045278431094642,0.0015384713142335298,0.5,0.9,0.9,24,2.8788964227853766,1.9564061693524015
16,13,0.10007218657970515,0.10072993242756263,0.10395022538028553,0.13944104183717196,0.05592085887417146,0.10489543606998411,0.0012585054813884998,0.00216058966274706,0.5,0.9,0.9,25,2.8690165230748117,1.8779077204021235
16,14,0.09865384641525084,0.10373837535159498,0.11717398509077386,0.14133876486165273,0.05906212325970901,0.10382087852507207,0.00115674399945916,0.00231936199427813,0.5,0.9,0.9,26,2.9623611202242186,2.088714210613339
16,15,0.09553897285441516,0.09663170265446791,0.10985112276227255,0.14580806603174562,0.07121407936647864,0.10516185052526236,0.00130355124471451,0.00197826549574747,0.5,0.9,0.9,27,2.9655769993706005,1.8101007275168397
16,16,0.09309794472637738,0.11033367364973908,0.15435457957624793,0.1905654091140421,0.053452843890302075,0.10362084654979853,0.00044501365010854996,0.00117146895220892,0.5,0.9,0.9,31,3.0813051543918943,1.9297651354386596
16,17,0.0923405590288292,0.10870315725805285,0.1526770796241683,0.19630874401415033,0.05670336067140036,0.10342799051374181,0.00053593968217902,0.00121394981417908,0.5,0.9,0.9,32,2.9623571530309785,1.9665438165427855
16,18,0.09022590285382756,0.109919025168172,0.16405041394126163,0.21038979865770457,0.05715845793849545,0.1029509831917216,0.00055740142633782,0.00118947311310649,0.5,0.9,0.9,34,3.071294004386514,1.947413510356173
16,19,0.09019184281897857,0.10986416910118693,0.1639944557497188,0.21036655646815566,0.053112867473082366,0.10292050071035623,0.0005587439010670199,0.00118768584621601,0.5,0.9,0.9,35,3.0793357600613644,1.9452558348110576
16,20,0.09170376644676645,0.098505144357527,0.13198842070914235,0.203826777903756,0.06395964097394455,0.10702858538011135,0.00099140148194174,0.0020857642776848503,0.5,0.9,0.9,36,3.024554495737,1.8341528667037188
16,21,0.09313352484607684,0.10822614278340849,0.16211272430974238,0.2246883912128954,0.06330886715219197,0.11321105757655461,0.0012962387683835,0.0024428293982598397,0.5,0.9,0.9,39,2.9738081839829333,2.061005760595123
16,22,0.09297266935342996,0.10801980827527266,0.16190406029079604,0.2215292257322292,0.060024100665628674,0.1129816566255258,0.0012985836254240202,0.00243282809166156,0.5,0.9,0.9,40,2.9773010438521,2.042232691354779
16,23,0.09501988531800487,0.10959451892693922,0.1634534405286108,0.22985357531816855,0.06321101559004877,0.11838210575853805,0.00126467832659394,0.00219375582141312,0.5,0.9,0.9,42,2.9789151767365736,1.9693177888626616
16,24,0.09407699572764698,0.12870535919574727,0.22355581043965175,0.305186659616084,0.06449447207113361,0.11253400310206303,0.00302519661287475,0.00427953582751189,0.5,0.9,0.9,46,3.144045729186905,1.9444439669588296
16,25,0.09307970375217581,0.126021035281455,0.2207830253588736,0.30501353720677027,0.06972119021435273,0.11285328528281158,0.00327071269536281,0.00434391533328288,0.5,0.9,0.9,47,3.1473743244419223,1.9645072704514044
16,26,0.0918732939287798,0.12443822416993236,0.21918038067380624,0.30723612263072914,0.06310892434236204,0.11176267370638734,0.0031280458900081096,0.00410627266400478,0.5,0.9,0.9,49,3.1400501131023923,1.8924819544005165
16,27,0.09420919088569313,0.13190630613572205,0.2369025308855367,0.31703717032778167,0.06618245018412429,0.11279380098883326,0.0030005218582062803,0.00655020515051129,0.5,0.9,0.9,50,3.1528291286215397,2.005029317536473
16,28,0.08770701665962806,0.12990902655463468,0.245126597477028,0.3182181798710792,0.060474257454549575,0.10807766146601057,0.0027717543046469903,0.0030551263746380697,0.5,0.9,0.9,53,3.0855234749215223,1.6408005625074418
16,29,0.08741651036602237,0.12385956144201447,0.2287900620684522,0.31002766662921327,0.059654501488795655,0.10810300560880974,0.00252690431573444,0.00325676788558618,0.5,0.9,0.9,56,3.100410081090991,1.6654344174383502
16,30,0.08772843983629433,0.1270178792247753,0.24208355113238073,0.33876505817454217,0.06665903447120985,0.11128773285617397,0.00272306133646467,0.00405024080485707,0.5,0.9,0.9,58,3.168937163133576,1.8062010420397467
16,31,0.0888171033011194,0.127691422941941,0.24273549194146485,0.3400493832150218,0.0647390721163172,0.11273477786377609,0.0031712435815451196,0.00439045096520424,0.5,0.9,0.9,59,3.1872775714177037,1.907176877756804
16,32,0.08763947209773443,0.12499127829164475,0.2399562406239102,0.33958525534561446,0.068988937944961,0.11308486792795344,0.00318240899481139,0.00427415796948808,0.5,0.9,0.9,60,3.2391957419220048,1.8797129652326283
16,33,0.08236064144995864,0.1153345618095423,0.23007380356689844,0.3558251458724264,0.062455278058832664,0.10949173336118397,0.00251181886784278,0.005042268774591021,0.5,0.9,0.9,78,3.198395911426973,1.959456203873009
16,34,0.08171812102684527,0.12403548127015133,0.25923690728285814,0.38062813356885905,0.06329783095153736,0.11150659090680348,0.0021925916860705,0.00491115895663843,0.5,0.9,0.9,83,3.180335452547821,2.014118376420577
16,35,0.08453155311664262,0.13218067208714404,0.2776468118062716,0.41212506839940966,0.06519122917671431,0.11503860127770738,0.00240790267231883,0.00596055062210131,0.5,0.9,0.9,86,3.152168978515742,2.073107618902306
16,36,0.08180878688978802,0.11820258230361781,0.24310861529094693,0.41959064008198316,0.06330009704442138,0.11005597545644681,0.0028665189949173,0.00557015521218834,0.5,0.9,0.9,88,3.3146407180010504,2.1319285971212394
16,37,0.08027746304186771,0.1329583864513019,0.28867379657354275,0.4586233571002598,0.06118644013551787,0.10737160264222771,0.00217348345461464,0.0060952929637254,0.5,0.9,0.9,91,3.360101157453929,2.1110603517335544
16,38,0.07736784647353986,0.1283225241666858,0.2839499194852551,0.4316990688549787,0.06279414192461849,0.1058681521137714,0.00256892563701688,0.00483147534161691,0.5,0.9,0.9,93,3.239303180648469,2.0404137529136106
16,39,0.07810003485578146,0.1336773590891676,0.2995333008459188,0.4618074387671951,0.06249484818047698,0.10648467411977611,0.00284814983513647,0.00574792274571568,0.5,0.9,0.9,95,3.289089114171888,2.177779250383999
16,40,0.07757866129911495,0.13258657308806313,0.2984135796296786,0.4941759113226119,0.06161173514540307,0.10699211468272188,0.00288336408454447,0.00535167634600434,0.5,0.9,0.9,98,3.363172095176313,2.240792778126748
16,41,0.07439072305532156,0.1335891334126292,0.30962299234438895,0.5142500532714378,0.06024916874738858,0.10241611707738588,0.0025342106056258098,0.00579852955923501,0.5,0.9,0.9,101,3.357650143165021,2.043289570874076
16,42,0.0805052832548605,0.13884098426903574,0.3148311386720855,0.5134161546885939,0.0670851153235412,0.11424551322222491,0.00239203084690315,0.00691421628472519,0.5,0.9,0.9,103,3.2889297477375563,1.9601506276934573
16,43,0.08065912840460285,0.13826263497296473,0.3142159161075724,0.513886624977357,0.06712088157803049,0.11558062457802212,0.00243807969747903,0.006932956235886629,0.5,0.9,0.9,106,3.307742474245613,1.9346631089896416
16,44,0.07545025696884741,0.1493225824580502,0.356084334442433,0.5537226626883389,0.06108388528246877,0.10811355003475469,0.0029235318345011098,0.00486523431947983,0.5,0.9,0.9,120,3.2877835837000875,2.072303271409317
16,45,0.07594201301585751,0.1550224683711298,0.3720428541488781,0.577551020366673,0.06261340496607064,0.10871098534686578,0.00341677139438036,0.00479150194561529,0.5,0.9,0.9,121,3.2581744710726506,2.058898552782962
16,46,0.07550357704093295,0.15422351995761355,0.37122578447813903,0.5809960929803288,0.06290585439707128,0.10761154206858262,0.00317413135281305,0.00546969419196362,0.5,0.9,0.9,122,3.3634443582797418,2.3036088719867878
16,47,0.07580749435110698,0.15438270515844674,0.37137766471390504,0.5813628237028371,0.06253431025185036,0.10814079773107892,0.00323397139575094,0.0055788656128996405,0.5,0.9,0.9,123,3.3491287978631448,2.357503092104152
16,48,0.07501367249773463,0.14803851973201537,0.3547573073096335,0.5869095541788623,0.06167528883217644,0.10505223941110473,0.0032776221313796697,0.006459876136139959,0.5,0.9,0.9,124,3.4089319161072384,2.4547610593859077
16,49,0.07441969974784632,0.15807269229612808,0.38531938614120287,0.5847791214266865,0.0618583490597562,0.10641009645495117,0.00316960818528566,0.0053793695568008695,0.5,0.9,0.9,125,3.324331338526352,2.242160463813839
16,50,0.07547653710536578,0.16982404069327092,0.41760228861985343,0.6632929665577336,0.06219680598528509,0.11065272413984002,0.00248628823357812,0.0050482228529183095,0.5,0.9,0.9,133,3.375286553253694,1.966691994059369
16,51,0.07413277135554913,0.16842544020402084,0.41620110809639876,0.6619726915723214,0.061007227745377875,0.10855725335910724,0.00246427230995295,0.00478857936736814,0.5,0.9,0.9,134,3.3843124126891357,1.9835578695743528
16,52,0.07593533959721435,0.16918659603188183,0.41690969238360287,0.6620466993641319,0.06402489786571638,0.108610184741782,0.00502885110543417,0.00509262299517098,0.5,0.9,0.9,145,3.289416801190252,2.0480457879306115
16,53,0.07519690453874621,0.17307199809141952,0.4310244286845159,0.6679524305937691,0.06332694707386653,0.10860841148097786,0.0049937412562100995,0.00501112041487528,0.5,0.9,0.9,150,3.31797519459336,2.115259845214913
16,54,0.07799503570109871,0.18105867471231388,0.4492688236996435,0.7152791733775711,0.06724123085093872,0.11892511745517158,0.00341791003336032,0.0041837446006857204,0.5,0.9,0.9,151,3.343714525178123,1.9298588300092343
16,55,0.07487194085737367,0.18147854810003772,0.45986393864270136,0.7412115836591056,0.06694474193117471,0.11758397576682349,0.00299237296644842,0.0035018020839810197,0.5,0.9,0.9,154,3.1552870400948523,1.9528099684864093
16,56,0.07060400117209133,0.17497123013888308,0.45324453697201933,0.7755517619020974,0.06280695888633449,0.10971686404093006,0.0036296595509543402,0.00438133369142888,0.5,0.9,0.9,165,3.3293715156038663,1.8476619211980096
16,57,0.07612267162637866,0.18529688494761243,0.4738092446352348,0.7878449599027496,0.06922205980446466,0.12063893063456713,0.0038108387671675404,0.004798742215575609,0.5,0.9,0.9,167,3.3371282891327505,2.083499565117437
16,58,0.07422551393135095,0.19364429624951982,0.502665555224472,0.8228917059810817,0.0674335849963611,0.11984406946861861,0.0028745388830028,0.00460809241187915,0.5,0.9,0.9,170,3.2665528162057416,2.138571601638445
16,59,0.07381327894606497,0.1820647720210763,0.47053095206821893,0.812034543098999,0.06678692775661557,0.11750927414508247,0.00350325286251172,0.00505001369252556,0.5,0.9,0.9,173,3.2747971046483704,2.163119245239233
16,60,0.06849071616971036,0.18703813117465848,0.49601600672201873,0.8373104409840209,0.06228953593867414,0.10975104814179229,0.0030697437740362598,0.00437443348363603,0.5,0.9,0.9,176,3.256584474952281,1.84670632224556
16,61,0.07406336156728471,0.19221505959270793,0.5011735318126184,0.8363033404546077,0.06780060401674001,0.1206244478950435,0.00321945368515743,0.00470468569532464,0.5,0.9,0.9,180,3.272510087213776,2.079964487222968
17,0,0.9318545877061045,0.9602278429691369,0.9590979309053456,0.1705825592942677,0.0,0.0,0.0,0.0,0.5,0.9,0.9,1,6.958926868748076,26.050277213048897
17,1,0.4772835351006297,0.6223343598448301,0.6102770152009126,0.1454897493605606,0.4433504805923229,0.09297681501173503,5.904910109129e-05,0.00018772049209666,0.5,0.9,0.9,3,4.108992774941029,10.205042233637466
17,2,0.12048354811212522,0.13201602162029827,0.11591359300857987,0.05997775300746222,0.5744266117419531,0.10664125893204941,0.00039412067130173,0.00125293230540188,0.5,0.9,0.9,5,2.571320666041901,1.7417858967504345
17,3,0.12010005410587102,0.12962847441627645,0.11341113831718624,0.06084991584899525,0.06483030840645397,0.10848974393200057,0.00059129303829164,0.0018797546121798298,0.5,0.9,0.9,6,2.907228207771288,3.756367126870461
17,4,0.11148609061457612,0.11857068543183388,0.11217663893006939,0.06180024190803705,0.08817981929709381,0.1077052520769625,0.00049360672427062,0.00156920419565811,0.5,0.9,0.9,7,2.688561288183271,2.4672418186508733
17,5,0.111486090320467,0.11312584966557368,0.09646126918172283,0.06917539615785893,0.05570922237563959,0.10770525176493798,0.00049360669012562,0.00156920408710917,0.5,0.9,0.9,9,2.6885612278655886,2.467241457817076
17,6,0.1114720221667394,0.11309743604414525,0.09643203990367158,0.05700163221687554,0.05572077818314133,0.1077052520769625,0.00049360672427062,0.00156920419565811,0.5,0.9,0.9,14,2.6991539570607306,2.471538632687656
17,7,0.11146659849915642,0.12397614023710725,0.12785141177941203,0.10211183859264415,0.055716926548156916,0.1077052520769625,0.00049360672427062,0.00156920419565811,0.5,0.9,0.9,17,2.697026816872619,2.470645363582926
17,8,0.1193152741668756,0.1412539782524447,0.16558867429319504,0.1783318247478395,0.06557034236898877,0.12087868793859853,0.00120069455258499,0.00384051498070329,0.5,0.9,0.9,27,2.95732714398906,6.760150730993547
17,9,0.11817994270246976,0.13891616229624404,0.16318364041021982,0.19859300991713738,0.0698841696150565,0.11929199014588965,0.0016622437600825,0.00429122371124137,0.5,0.9,0.9,28,3.094459628006728,7.488605464244171
17,10,0.11669803710776526,0.1409840903813623,0.17541731206175742,0.21640539134679157,0.06915872054221274,0.11992335644104646,0.00164762229857544,0.00432289082778476,0.5,0.9,0.9,30,3.025565268035045,7.213294273000795
17,11,0.11960634727637519,0.1490086551853065,0.19369392080819886,0.19807902366513686,0.06922976884580163,0.1226412596063513,0.00206518471985516,0.00597754222384474,0.5,0.9,0.9,32,2.965394516622985,7.395166514863503
17,12,0.12005712769406093,0.15020926528774314,0.20490676339989686,0.2189841422373226,0.09217642942539049,0.12532461525329536,0.0034218220470079,0.008526299156274569,0.5,0.9,0.9,33,2.9241290491270537,7.655386006604094
17,13,0.12224608598046748,0.1497710791075572,0.204325112636535,0.2130215400655481,0.08843587537929117,0.12649099498612573,0.00487552783419447,0.0115474004635669,0.5,0.9,0.9,34,2.7574179884021484,6.838041959006286
17,14,0.1191379632002454,0.14653581411350286,0.2010828637785297,0.21317661633105783,0.07553697175792176,0.12572477808888477,0.00393159242153677,0.00959293442547203,0.5,0.9,0.9,35,2.7655198858096384,6.775757277296878
17,15,0.09890432306447344,0.12377293954671509,0.17818271835508095,0.21998444154079846,0.05959405643827732,0.10419640196242844,0.00170925744015937,0.00385138975072742,0.5,0.9,0.9,39,2.6922543320441705,2.07497357783516
17,16,0.09890432116399456,0.12377293701965056,0.1781827158280164,0.22312400339923358,0.05710291978304554,0.1041963946656969,0.00170925762784362,0.0038513908089334303,0.5,0.9,0.9,40,2.692254276335934,2.074973863190749
17,17,0.09619647945286171,0.12638283773221398,0.19105607107324704,0.22998949814938027,0.05475968624827153,0.09970577422900678,0.00167880523636685,0.00349570455609044,0.5,0.9,0.9,42,2.629571759404268,1.9635987048393773
17,18,0.09991106603879034,0.12361219941278877,0.17795892738321054,0.23995410365589637,0.0612026021468662,0.10810836196849882,0.0019493069173778799,0.0037265831627661104,0.5,0.9,0.9,44,2.6558261885675885,2.150721154364645
17,19,0.09988065535954296,0.12354806073723044,0.17789285320992285,0.24985256658802332,0.05919557807815702,0.10810836213683102,0.00194930700585678,0.0037265833325786403,0.5,0.9,0.9,48,2.6485229848201883,2.149718484116825
17,20,1.442047413245279,1.4705941944026717,1.5351789347897193,1.6054545980541466,1.4029433561263431,1.0,0.0020409582797953603,1.0,0.5,0.9,0.9,50,2.7288201504806207,4.643044614497747
17,21,0.10111040848615058,0.12864863160327988,0.19317936344151837,0.30337864758211386,0.06259201597844184,0.1085650648073176,0.00285944584527506,0.00549663723801508,0.5,0.9,0.9,55,2.6475171497957923,2.395769396961388
17,22,0.09843446257542321,0.12536227498403596,0.18986009124373343,0.30102498527936344,0.060472986626032996,0.10545708575564809,0.0023807659952599,0.00533693712114229,0.5,0.9,0.9,58,2.724247729808147,2.405182293927022
17,23,0.09882248371941868,0.12954821506984393,0.20422838434476367,0.3258977090929397,0.06789404020403711,0.10845317263362668,0.00293146258481779,0.005170122894312261,0.5,0.9,0.9,59,2.659068999152366,2.1850526492375515
17,24,0.09887367325850735,0.12897668572618787,0.20362361832144976,0.3230222546756656,0.0633268659513306,0.1086465276964788,0.0031422226729810204,0.00551889164645216,0.5,0.9,0.9,61,2.6488552954646623,2.181858015131035
17,25,0.09932680385322858,0.12395660443213098,0.18833112456579162,0.32865180724101734,0.0627064525479156,0.10947279041725395,0.0031485753179596896,0.00558527200330604,0.5,0.9,0.9,62,2.70913998446338,2.333948196626374
17,26,1.4390392541299506,1.4738558264369979,1.5587342542870128,1.677665453437824,1.4056517673863285,1.0,0.00325175044552262,1.0,0.5,0.9,0.9,63,2.7403847162297,5.027981264952432
17,27,0.1145521487579376,0.15678596804206263,0.2520405352120418,0.36435431172150134,0.07743608483845409,0.12504805744587694,0.00541549560227557,0.01033683372349082,0.5,0.9,0.9,67,2.985731021832056,5.099545970777197
17,28,0.09587344906320688,0.13828979259554225,0.24353454998661098,0.39176405050647123,0.06425243468418275,0.10936133177842744,0.00302274476841232,0.00580398693111113,0.5,0.9,0.9,73,2.5820934942420704,2.2001736916144115
17,29,0.11161121445382495,0.17105391824652494,0.30714733735474964,0.42414722948399247,0.07932667664403882,0.11668773451559951,0.00908613586067547,0.0124915161979067,0.5,0.9,0.9,76,2.9117574884391053,3.3972958742685604
17,30,0.1616407934224133,0.20160693586934336,0.3067222169673692,0.48585320849650787,0.13128051329095725,0.24395137230731812,0.0030411970118672397,0.006426263695880311,0.5,0.9,0.9,82,2.590524353322876,2.3342444610639648
17,31,0.10095243581646267,0.14547066933847635,0.2608095440939311,0.4780764230888064,0.07091381879841621,0.12107417277251231,0.00384861388729906,0.007299752904172919,0.5,0.9,0.9,92,2.885308773327305,6.022473848902817
17,32,0.10025488512997778,0.1548391163390417,0.29067605352743936,0.49668110057949305,0.07135402612011543,0.12107417281449687,0.00384861388738894,0.00729975294904473,0.5,0.9,0.9,96,2.826820907439267,5.807635593404405
17,33,0.10019693694818782,0.16015783395798963,0.30626179380138596,0.5131050719146261,0.07065751251439181,0.12107417281449687,0.00384861388738894,0.00729975294904473,0.5,0.9,0.9,99,2.8325440683848697,5.830938445941669
17,34,0.09413374608040005,0.15181727882748963,0.29780184088229505,0.49879840966012234,0.06815716759817354,0.11142945811323739,0.00411470881839936,0.00778819630132125,0.5,0.9,0.9,104,2.850289841191893,16.039077420630846
17,35,0.08991434958040664,0.147538672540675,0.29352036991614017,0.5728533723147642,0.062369475951783354,0.10927400051263295,0.0034786495553331903,0.0049877317737358,0.5,0.9,0.9,106,2.7043166621066432,2.199891339263836
17,36,0.09028675122388134,0.15843282342268364,0.3249366385774401,0.5982301778515395,0.06328643960673579,0.10963844013118444,0.00356899840176143,0.00545095178834413,0.5,0.9,0.9,110,2.710637209511958,2.182672489770964
17,37,0.09012057186335644,0.16341018434062118,0.3401689443502273,0.6217702293675071,0.06340408675672837,0.10970947851565711,0.00358466063619997,0.00549121141377765,0.5,0.9,0.9,113,2.7243632855738986,2.2744290445139783
17,38,0.09585985549627503,0.1496376953016134,0.29541933739961707,0.5888135492346702,0.07289480332424071,0.11428178011108221,0.00553941834984219,0.01030228931220205,0.5,0.9,0.9,121,2.907940963527709,2.565964567881763
17,39,0.09534387336433497,0.15996448528853946,0.3262849705393692,0.6287006118568554,0.07095649296934331,0.1132118084009451,0.00551435709861731,0.01039125362913361,0.5,0.9,0.9,126,2.8940613659072696,2.495109253484442
17,40,0.0952454707584211,0.1593761877117429,0.3256713105382512,0.6467826304303953,0.07214605455837356,0.11386297498262712,0.00555304761345325,0.01032931881120253,0.5,0.9,0.9,128,2.9305437762786624,2.670631637275683
17,41,0.09433833622952571,0.1575701652112495,0.32381867114845914,0.6534731396224283,0.07443211760364271,0.1136708303981951,0.0055362565029431895,0.01026399056845502,0.5,0.9,0.9,129,2.9169361273199343,2.488958531693514
17,42,0.08973806153050402,0.15241675982255107,0.31863687927266127,0.6491281762064096,0.06898321334075767,0.11033961259975025,0.00536612570658598,0.0076757778351448,0.5,0.9,0.9,130,2.8622197531041023,2.1505889870478043
17,43,0.09044282976522869,0.1470152764212414,0.30293058010326535,0.6687223118289491,0.06850694222491692,0.11443843147500662,0.004224861498949481,0.00792219523131687,0.5,0.9,0.9,137,2.9161645781651604,16.867834596176728
17,44,0.09053896067104292,0.15196615336092778,0.3181217213899419,0.6899982805945504,0.06929361746592715,0.11447668110648652,0.0044993502482579,0.0082662345636415,0.5,0.9,0.9,141,2.9423285283767493,16.85644971159292
17,45,0.09126570659457224,0.15274339828368777,0.318901254922018,0.6978833255956406,0.06950963862184728,0.1156265949574442,0.00455236672761981,0.0083366229784649,0.5,0.9,0.9,142,2.9511151583490287,16.82110555620958
17,46,0.09071366814695699,0.15174626497005989,0.3178815530627156,0.6978692878462694,0.07051838105576047,0.11424525007181194,0.00495708494230728,0.00848775079410148,0.5,0.9,0.9,143,2.9847967086427163,17.157805862060115
17,47,0.0915120931521276,0.19590870527969526,0.4441987490121348,0.9284110924905732,0.07019720540736447,0.11836368666822883,0.00276438461393829,0.009454308675700721,0.5,0.9,0.9,175,2.781907802691182,2.835633263575572
17,48,0.0913798478515978,0.2011106455678887,0.4596654918124632,1.0113741987435447,0.07017324765857547,0.11820208578213671,0.00276679112740618,0.00949500943865396,0.5,0.9,0.9,188,2.799383518243165,2.84247738299822
17,49,0.08655449235675025,0.20960040452342651,0.498812469250736,1.0677387453507197,0.0733943987878722,0.1046855012314977,0.00431066380202232,0.01279599701461209,0.5,0.9,0.9,190,2.891885799181756,2.915602117802544
17,50,0.08354927049000367,0.20070672991306876,0.47962539857645703,1.0498911626549066,0.06590972975124793,0.10366882557221072,0.00399135727426465,0.01073446819440758,0.5,0.9,0.9,192,2.853894010545861,2.95199170959061
18,0,0.9089945192520448,0.9463964188508819,0.9448734371143318,0.16787388691936084,0.0,0.0,0.0,0.0,0.5,0.9,0.9,1,7.49447802456516,26.18294192742454
18,1,0.4685869820868718,0.6135852909348367,0.6013450239595824,0.14870255051705042,0.4334196488945824,0.08837539115062824,5.9593700315570004e-05,0.00017842961510756002,0.5,0.9,0.9,3,4.257562346850443,10.278638077410518
18,2,0.2008386751004254,0.2731473284951571,0.2510699192034863,0.09168698455095528,0.40727742434889086,0.09869126800457843,0.00023837480126229,0.00071371846043026,0.5,0.9,0.9,5,2.44756978131756,2.477820529920258
18,3,0.1361697746310437,0.1640748288898154,0.1489389912886934,0.0782742426929347,0.17367191593406736,0.10222914548852169,0.00048162125036983,0.0014420231312378602,0.5,0.9,0.9,7,1.9916789906400492,2.305493776010381
18,4,0.13122622375643636,0.15223337838585058,0.1267393131000888,0.07501272320689994,0.05590940360393964,0.097147484304199,0.00033761298951406,0.00073365026601354,0.5,0.9,0.9,8,2.0196435047946717,1.7523702584741336
18,5,0.12770746961941354,0.15118784390394632,0.1357862678034809,0.07956588879479719,0.055786704740017956,0.09672960768833976,0.00034449129198793,0.0007157338604197999,0.5,0.9,0.9,10,2.1312587030897308,2.0378919554447226
18,6,0.12709856468176173,0.15590610674639174,0.1507679828443516,0.08704228941020165,0.04909504117464985,0.09593562077453108,0.00033094259681053,0.00063799123415684,0.5,0.9,0.9,12,2.138428168261092,2.15380410725396
18,7,0.13340036583735598,0.15969073006850398,0.1544031231339606,0.10488158758392019,0.060605207094947815,0.10994401224475911,0.00041490737658214996,0.0028273297704341,0.5,0.9,0.9,16,2.1368412792138884,2.2502761996290315
18,8,0.13168515465317024,0.15709994120190235,0.15176042993668185,0.11335720344429752,0.05837365487450728,0.10819063234457844,0.00043691899152488,0.00292518536204625,0.5,0.9,0.9,19,2.125139110942126,2.158642834306505
18,9,0.13146197435489118,0.15571065183231753,0.15030237648719258,0.12390366911458627,0.06314312499663882,0.11023751627719691,0.00044095669439355004,0.0029288555134437703,0.5,0.9,0.9,20,2.1490482299308318,2.1286629193021542
18,10,0.12816739219739898,0.1572136159338156,0.16203777858456245,0.11838897438431464,0.05831010874648816,0.10550812273022463,0.00049675769534099,0.0026085373558905798,0.5,0.9,0.9,21,2.08569963342818,2.36012727012815
18,11,0.12533356510533353,0.1497734397123774,0.15432910855238796,0.1265553856626642,0.06732105004321431,0.10889390913537485,0.0007043299239959399,0.00276219361487945,0.5,0.9,0.9,23,2.1839912565737087,2.3491069156662774
18,12,0.1247676091396182,0.1596562128217764,0.18472740959020909,0.14766831095729316,0.05792244178576896,0.10840256003857648,0.00064413667853547,0.00297540859803175,0.5,0.9,0.9,27,2.205146565200157,2.244633181558004
18,13,0.13354905762628844,0.16289990187034464,0.17769540692252303,0.15300994573749455,0.06646712447747391,0.11331775057282192,0.00089484231206259,0.0098584310782496,0.5,0.9,0.9,30,2.1897598815434502,2.39799014960388
18,14,0.13095250596104774,0.16354511496386728,0.1884838478324621,0.18070933515940268,0.06754972451789777,0.11111183533263369,0.00279294012007321,0.00882416143114733,0.5,0.9,0.9,36,2.3748203333865177,3.808924167841384
18,15,0.13062526052660098,0.16854896384118626,0.20375190025541867,0.18918717302594715,0.06603735857613166,0.11104729555646468,0.00274393012682365,0.008674563803926939,0.5,0.9,0.9,38,2.368536794205121,3.75379119493504
18,16,0.13003315658403955,0.16134785310769356,0.1862132607944721,0.16037982377524995,0.071264705851986,0.11009266988011279,0.00393520867232208,0.00867928618716306,0.5,0.9,0.9,39,2.396084874228058,3.818545469499224
18,17,0.13809053899720614,0.19046266666681363,0.2563691425826778,0.2751387739187489,0.07538586388397626,0.13406142184029962,0.00240162919795039,0.0066604917303511495,0.5,0.9,0.9,54,2.2068574273792314,2.221313301237646
18,18,0.12489634229441876,0.20047771247138377,0.2975933662012338,0.2812129942494868,0.055065213642347746,0.09646351628574716,0.00558665520008492,0.00181749493256009,0.5,0.9,0.9,61,2.4242309262428625,2.212793430983645
18,19,0.1236104415792674,0.21200899382703434,0.33973192477162784,0.3300571271430357,0.05917376502832631,0.0991376087887771,0.00649719467962669,0.00206414210690276,0.5,0.9,0.9,68,2.4288831696431146,2.210242260946623
18,20,0.1300882315056307,0.23511274522340883,0.3837108321361091,0.35681083914041156,0.05774420931618494,0.10078323279571906,0.00582736911634874,0.0023329058201020303,0.5,0.9,0.9,74,2.428602443081364,2.2108211035204106
18,21,0.11942049504210486,0.17890563148706462,0.27510316245611416,0.34647950369054176,0.08891592050611097,0.11748560644749739,0.00226364709102897,0.00539048123306061,0.5,0.9,0.9,75,2.314922529297484,2.939443162759138
18,22,0.11890410714269756,0.1832963286298195,0.28973446327496827,0.34164185705329875,0.06671715998440034,0.11748560804086254,0.00226364713210386,0.00539048136479647,0.5,0.9,0.9,77,2.301646066745342,2.9342807121549725
18,23,0.11883767701371825,0.18860557494681235,0.30531040436608886,0.35725166649126894,0.06577097731263065,0.11748560804086254,0.00226364713210386,0.00539048136479647,0.5,0.9,0.9,79,2.270956669979233,2.928042295444866
18,24,0.1172142620020156,0.19152243994331583,0.3184477319235377,0.37921974871755376,0.06560692307440578,0.11614840733075697,0.00229216125599529,0.00526521888276885,0.5,0.9,0.9,84,2.3047255114102367,2.7906473160437937
18,25,0.11699247025221475,0.2021048963291418,0.3495665107804409,0.40508246282079075,0.06480478655247061,0.11585061580176406,0.00229157484840787,0.00527562902149308,0.5,0.9,0.9,89,2.3059241192095934,2.7957081809620146
18,26,0.12206439161664524,0.21237081581734354,0.37008912623003776,0.471198886922945,0.07011983923919435,0.12730174037228992,0.00222698798328213,0.00488043991735794,0.5,0.9,0.9,103,2.3252334225784157,2.877842059191924
18,27,0.12278325707602412,0.2125449757377254,0.370232905036105,0.49103468865035066,0.07183531504395031,0.1269281324267308,0.00273900077815303,0.0059523954175430705,0.5,0.9,0.9,107,2.349760777846347,2.992816629588167
18,28,0.12048347979498358,0.2034027928675122,0.35074259354793574,0.4985148515553574,0.07171823249995395,0.12937351016831816,0.0018071729165590003,0.00444464043473105,0.5,0.9,0.9,111,2.350670896451291,3.022855278910746
18,29,0.11816713806106229,0.19898067146996068,0.3462046310358887,0.5425417092841467,0.07082180216717661,0.12360995435460095,0.00322154633909342,0.00586038353896894,0.5,0.9,0.9,121,2.3027408468967607,2.9857145387920223
18,30,0.11305094377455277,0.22999628182751466,0.4490057413232621,0.6280695519932634,0.06758604959916739,0.10958157848921088,0.00463036502317759,0.008611768968718219,0.5,0.9,0.9,130,2.245350289535496,3.145168452991918
18,31,0.1126729092378498,0.23463617882523713,0.46389281828844314,0.6477454558548181,0.06714987046546618,0.10927809487790996,0.00451432195148067,0.00891556625877847,0.5,0.9,0.9,134,2.2402956166095853,3.21501316496363
18,32,0.11189140617287917,0.24931305713089993,0.5093339254124021,0.6712218273746989,0.06744770257215549,0.11201650256860658,0.0041014454657138195,0.007837032141556701,0.5,0.9,0.9,139,2.23852079135734,2.927637558722016
18,33,0.113940825226167,0.22256028344049208,0.43114192691251807,0.6937029225076705,0.07129022169075871,0.11444207157365756,0.0043312036387424206,0.01014536817169482,0.5,0.9,0.9,145,2.4529050585473087,2.243387756932816
18,34,0.11325337501187879,0.2217192243794118,0.4302926633809875,0.6982599495151297,0.07000476883045498,0.11404321754975548,0.00419064502120262,0.00989923602421031,0.5,0.9,0.9,147,2.424812862628765,2.2714620944734447
18,35,0.11505114035751145,0.22295207527419275,0.43149468001888575,0.713677052410417,0.07275885830865421,0.11925875995881026,0.00384240250042212,0.00992022606265861,0.5,0.9,0.9,150,2.4526430654209626,2.23973271575953
18,36,0.11312474858127851,0.22567911393921575,0.44444925180324757,0.7121740166226318,0.07236628175854445,0.11728724525489971,0.0037030709629698602,0.00981350217277023,0.5,0.9,0.9,152,2.4128032829152204,2.2588660828554743
18,37,0.11505633746366185,0.2330417744943487,0.4620819361796839,0.7497456313664419,0.07277036114593595,0.1194656040352915,0.00439938825932429,0.01006688854784704,0.5,0.9,0.9,155,2.4585319573034186,2.220040243892372
19,0,0.9301645036775756,0.9592139151703671,0.9580552978526012,0.1703839340079813,0.0,0.0,0.0,0.0,0.5,0.9,0.9,1,6.965665478690427,26.14814604727641
19,1,0.487562582346523,0.6326093704130509,0.620741558513571,0.1504005950244493,0.439029955188232,0.10013735552193373,6.07126975896e-05,0.00021304036856788,0.5,0.9,0.9,3,3.926537859444197,10.253291627333862
19,2,0.21688902319230025,0.2947598824490557,0.27310620414408016,0.09187620442399336,0.4121110551044587,0.11182618218052051,0.00024285079035840998,0.00085216147427155,0.5,0.9,0.9,5,2.183966696084934,2.5071009014900443
19,3,0.1588138447189739,0.19409997773554918,0.1694871210406495,0.07731767189675809,0.1678089698713309,0.11635341337888101,0.0005464142783064201,0.001917363317111,0.5,0.9,0.9,7,1.738697870060479,2.890998525810892
19,4,0.14799641444581393,0.18027451673996797,0.15547228901830998,0.07247409377070693,0.06696908333990115,0.10446967774826285,0.00033707155127911,0.00076806664639309,0.5,0.9,0.9,8,1.6867961701592629,1.7754569094078436
19,5,0.1479506800939369,0.1856352736465411,0.17110114569669405,0.0777931751229254,0.053315717355178045,0.1044696777482629,0.00033707155127911,0.00076806664639309,0.5,0.9,0.9,10,1.6803414553380622,1.771111441098365
19,6,0.15326532568090354,0.19536340939853253,0.19103558044230934,0.08775417851384011,0.06445633276997864,0.11569124361960066,0.00047664565921556,0.00167254579267712,0.5,0.9,0.9,11,1.723861396581723,2.169289512812925
19,7,0.1462304433120405,0.18262880798741155,0.16801434598405204,0.0997266331837844,0.053241271526601686,0.10410929471057453,0.00033824694156882,0.0007667017367207201,0.5,0.9,0.9,17,1.7318556352614989,1.7856234155804942
19,8,0.14623034463656753,0.1826285123186065,0.16801410266497924,0.10206943732106462,0.05304992607491482,0.10410936978478505,0.0003382463859351,0.0007667013151034,0.5,0.9,0.9,18,1.7318498739756063,1.7856221967108832
19,9,0.1522412019909217,0.19940989261351574,0.2053294189019394,0.11051593620000442,0.05974552615981174,0.1144175506276273,0.0004928562123752901,0.00172300751880093,0.5,0.9,0.9,19,1.7741025446633931,2.2758976139716376
19,10,0.15146504602579514,0.20313341433389012,0.21926485727242914,0.11995558737344035,0.06096824914100691,0.11511397815830515,0.00049090415132203,0.0017214906146770799,0.5,0.9,0.9,22,1.7789596728044113,2.2704668073929537
19,11,0.15300660494915563,0.204290877851536,0.22039855686861606,0.13169458751059993,0.06212203635933863,0.1189284055071093,0.00053372509115608,0.00177797407909311,0.5,0.9,0.9,25,1.731133729874664,2.4348036532077786
19,12,0.14986273936305688,0.19751090734852095,0.21339461011748312,0.1338085679478461,0.07889918223166037,0.1206360929301438,0.00058928401763238,0.00199683033579437,0.5,0.9,0.9,26,1.7511031759869315,2.9706005977302383
19,13,0.14692292180368097,0.19796803482668132,0.22399709908345128,0.14006796428239743,0.06658971564942699,0.11994684038268637,0.0005266548633660699,0.00178604689218483,0.5,0.9,0.9,28,1.743553349337319,2.368679332599408
19,14,0.14690455132019878,0.197892469332009,0.22391812018140173,0.142740172281498,0.06235324012086325,0.12002973802070364,0.00052821335230219,0.0017903570652199,0.5,0.9,0.9,29,1.7215517742131174,2.380595794121832
19,15,0.14683225736643188,0.20320138332261745,0.23949378129587018,0.16405096214932513,0.062241674401326656,0.12002973802070363,0.00052821335230219,0.0017903570652199,0.5,0.9,0.9,31,1.725990297602574,2.3780661057515857
19,16,0.13687181679701915,0.19166846593412995,0.22786554647288565,0.18090019860256806,0.055653335227916795,0.10341157323149683,0.00141602074576637,0.00104810506788816,0.5,0.9,0.9,35,1.7146037089578574,1.8358263547770344
19,17,0.13712351075384782,0.19119206605028316,0.22734522799291784,0.16753541121047796,0.05819028001665029,0.1038721495205028,0.00260897116082345,0.0007902886489609699,0.5,0.9,0.9,36,1.8241275622028577,1.897471897712358
19,18,0.13690942959294608,0.19082279826806905,0.2269667515354061,0.17031760630265064,0.055633104279034756,0.10378924195198491,0.0026106262111308402,0.00078995484597529,0.5,0.9,0.9,37,1.8105073502706135,1.8949970973571104
19,19,0.13615304657446556,0.18935851311653357,0.22545963635279848,0.1843272856167179,0.058084557336477834,0.10413509829410875,0.00249038716969156,0.00075786941689556,0.5,0.9,0.9,38,1.7782686629719278,1.826940778158835
19,20,0.13521837596698486,0.18752804987339852,0.2235753559547615,0.1840201078400426,0.05896249649161179,0.10414509661678215,0.0025546311585774102,0.0007589565241691301,0.5,0.9,0.9,39,1.7856115552978664,1.829294308914579
19,21,0.13357512951710798,0.18451865566139186,0.22048427504129148,0.1806100785562758,0.06085873203741409,0.10375458796248808,0.00262258403102348,0.00076189987832972,0.5,0.9,0.9,40,1.811068709590891,1.9038146547117736
19,22,0.13316495823653213,0.18343801813858546,0.21936383132722062,0.16622176983339587,0.0567036067215823,0.10442777007894699,0.00260974638462219,0.00076474249452098,0.5,0.9,0.9,42,1.8154268377972675,1.892879965720884
19,23,0.1346753788701328,0.1903154425996055,0.23650714219694133,0.19982842196345285,0.05718334164734855,0.10724272117992972,0.00263233023764039,0.0009515495822053201,0.5,0.9,0.9,43,1.8217700309560143,1.844743906420884
19,24,0.14257289924457534,0.2076826222699103,0.27433099338854067,0.22390592197927334,0.06752219720408464,0.10092263123631388,0.0062734430016296305,0.01132086167472858,0.5,0.9,0.9,48,1.8924547730166652,2.525042380346811
19,25,0.14256476683694377,0.21311200527213958,0.2900306848572081,0.23302601643313203,0.066312230001457,0.10092263119915004,0.0062734428580229805,0.01132086261373735,0.5,0.9,0.9,50,1.8929881962560584,2.526487754553027
19,26,0.14095771871086338,0.20990471343068004,0.2867286448715208,0.23569355187573723,0.07329802690130427,0.10139250118070434,0.00620381761474092,0.011269753556536869,0.5,0.9,0.9,51,1.898011762298229,2.536194942376016
19,27,0.14880116980927208,0.20302751956403164,0.2590853411240075,0.2616922637537879,0.07850614137606639,0.1083621672636356,0.00788677924852764,0.018969373238793292,0.5,0.9,0.9,53,1.9664773109927796,2.7822076564058253
19,28,0.1422252146085091,0.1915325365884417,0.23735033521082488,0.27326346026969905,0.0746671176453568,0.12371514420256431,0.00265989537369474,0.00774271024559986,0.5,0.9,0.9,57,1.9806668321084864,2.8778057770843004
19,29,0.14710807878892013,0.1961297108122069,0.24193087286676979,0.27431047730498975,0.0768085293992005,0.12476389314613026,0.00331026448902784,0.01227051090757936,0.5,0.9,0.9,60,2.0046113275152484,2.4982232312828283
19,30,0.12387956044951995,0.1709604047398575,0.22660535484102953,0.27999561163994835,0.09181521053144784,0.09222788466388292,0.00247693461992841,0.01386142739023118,0.5,0.9,0.9,61,2.165128935348701,2.9795939497890105
19,31,0.11895437694904325,0.1699998994802299,0.23583078450143521,0.2763785163236353,0.06352473119188151,0.094561903854103,0.00248105318114365,0.00874912600288931,0.5,0.9,0.9,62,2.3031648105155607,2.733722953682373
19,32,0.11840524501706796,0.17455822014251385,0.25064046133400397,0.28604948064200136,0.057875022316358826,0.09448839342263772,0.00243846934277112,0.00859895938395524,0.5,0.9,0.9,64,2.3178738428019496,2.7679532059452776
19,33,0.11895042346070328,0.1997103117478261,0.3269970945764665,0.39304275963329527,0.06071998473259432,0.09513367463226367,0.0022386344349376,0.01194779087329214,0.5,0.9,0.9,92,2.013499926657044,3.653521047739744
19,34,0.11909725838950354,0.20455965328295997,0.3420752192906971,0.4014147996400222,0.06424596007996125,0.09437232314217352,0.00259292458783134,0.01299170589856544,0.5,0.9,0.9,93,2.222512447099818,3.5122674691725466
19,35,0.1194998948761832,0.19963907761215147,0.32689084764684173,0.42577005798054907,0.061575239164645745,0.09441175150624574,0.00375183861488848,0.01212495225765082,0.5,0.9,0.9,100,2.0257071890391294,3.924257189056144
19,36,0.12239730768597148,0.20394695964331847,0.33127852178323863,0.4312526904206944,0.06428896433392017,0.09436191354079856,0.0032010334661531498,0.014370728386127902,0.5,0.9,0.9,101,2.06081666146541,3.4077531479176
19,37,0.11940771639255997,0.20940933270150974,0.35714442319755646,0.4365863838715101,0.06426462807411636,0.09597754189080744,0.00428421440934826,0.01174351718417563,0.5,0.9,0.9,102,2.067614272582219,2.8488237369319647
19,38,0.11840623537480421,0.2028069426438799,0.3402627891950896,0.44254158702484675,0.06188352623851222,0.09567543080775257,0.0039189794169596,0.0113338238467892,0.5,0.9,0.9,104,2.121142682366872,2.991051284075873
19,39,0.11324064801978431,0.2115547287933974,0.3796865299448122,0.43879891882034483,0.06861836505220127,0.09355108024265996,0.00289309914099455,0.01042152378902062,0.5,0.9,0.9,105,2.107668046729259,3.095032880162141
19,40,0.1129690672413396,0.2048771764087693,0.3626847334569016,0.45423342594418836,0.060714902531879264,0.0937752685062614,0.00289880389847885,0.01102114879490115,0.5,0.9,0.9,108,2.1179142396239485,3.352507444784902
19,41,0.1126204104945711,0.20957639980464893,0.37763245067796736,0.4819063277273412,0.05964972322580113,0.09334402898905596,0.00328503419043599,0.01091156374479505,0.5,0.9,0.9,116,2.07777785616642,3.1269502503947324
20,0,0.8837264118862467,0.9308033325689826,0.9288374943836681,0.16482043483675476,0.0,0.0,0.0,0.0,0.5,0.9,0.9,1,8.119528568268056,26.139860012059675
20,1,0.4518917501076704,0.5963655373009248,0.5835475704507657,0.14105353390484612,0.4414269219369705,0.0945517266809674,5.906828194448e-05,0.00020983804950952,0.5,0.9,0.9,3,4.753497930834576,10.28677521362048
20,2,0.18271120307366887,0.24626489796793813,0.23343372293516412,0.08164208587000618,0.4271959727545348,0.105827983794523,0.00024570542632242,0.00087286011571937,0.5,0.9,0.9,5,2.7746133725509226,2.3834105420712617
20,3,0.1323496816359002,0.14750055295534495,0.12165709962905988,0.06555086884326924,0.15663865450347916,0.1098632581503299,0.00053161453750032,0.00188854244558572,0.5,0.9,0.9,7,2.308189918779159,2.892100044036806
20,4,0.12059267261273875,0.13022995113749367,0.10406268597394545,0.061062855536725705,0.07471327849064956,0.10043959444329816,0.00033303143820169,0.0007853406523741901,0.5,0.9,0.9,8,2.30645559779665,1.7685736085320385
20,5,0.11948298194107865,0.1338222592214292,0.11788236363674212,0.06576861716959659,0.05246253318447453,0.0998148667994868,0.00033390622906543,0.00076249878661728,0.5,0.9,0.9,10,2.319605765678972,1.8250477607954625
20,6,0.1192292128014922,0.13890558934185016,0.13323017283393923,0.08122299788521853,0.050979875110920475,0.09954688432711276,0.00033417444632795,0.00075406624095698,0.5,0.9,0.9,12,2.3341224999541423,1.878287457866507
20,7,0.11425353058790683,0.12689180752793458,0.11085332459106144,0.07994337812128373,0.05413435525579338,0.09123288174065117,0.00040918747433335003,0.00160910194418986,0.5,0.9,0.9,13,2.413306138486366,7.047548434709987
20,8,0.1128903382384213,0.1302254254668409,0.12441442774508656,0.083406385553282,0.04840905045985125,0.09105050938449796,0.00038204865557833,0.0010807180044476602,0.5,0.9,0.9,15,2.364777169572532,4.3163167361099095
20,9,0.2665104360995112,0.2758700963226799,0.2596430916259699,0.22990761765739073,0.21361038562930768,0.09178361438831416,0.00139950647534707,0.17322152883719172,0.5,0.9,0.9,16,2.548564381389413,68.13751872651855
20,10,0.2557624872750638,0.26982330407207356,0.2638241968315561,0.22832564514233117,0.1946017864049558,0.09159360046242172,0.00131690680049587,0.16230543322866048,0.5,0.9,0.9,18,2.5520256423527883,66.93427214376422
20,11,0.11460373432662477,0.12209524988289755,0.10576148070553741,0.10450512897761793,0.05537312785658172,0.10088621405952251,0.00060929653940139,0.00227187962199362,0.5,0.9,0.9,20,2.5069366057091536,2.0756465108117603
20,12,0.11235396486401836,0.12305165758223614,0.11686123914874812,0.1085056239445832,0.0576303411664034,0.10088094016503787,0.00061337111287255,0.00225371871366531,0.5,0.9,0.9,22,2.478215859084394,2.065123388527991
20,13,0.11242072537122198,0.12310218101547325,0.11691096099631319,0.11369567110917798,0.05316923698353294,0.10100189733287528,0.00061384027262682,0.0022780056745826003,0.5,0.9,0.9,23,2.475457531944115,2.0710426163254616
20,14,0.11224958903391166,0.1282301640567174,0.13230124854144762,0.11867445771077173,0.05367823933474813,0.1009001400856216,0.00061241322557522,0.00230700135428677,0.5,0.9,0.9,24,2.4765596577948954,2.034890759845076
20,15,0.11564154982024734,0.13126808459668488,0.13531904852849452,0.13006175689632968,0.05756626685293144,0.10205793782953314,0.00047347661554235,0.00596838255387901,0.5,0.9,0.9,26,2.47876636986297,2.8317342497323765
20,16,0.1201609061272726,0.1357461616622987,0.13979499192271772,0.15100951625736128,0.06153021966398363,0.10372160777142898,0.00033406053546843,0.010244845096001839,0.5,0.9,0.9,27,2.512764075676767,2.25252964551088
20,17,0.11769090943277889,0.12952180564798768,0.13335931353046326,0.13717945037001916,0.07793215562191576,0.10112678731139016,0.00088996367973106,0.0124776686690258,0.5,0.9,0.9,28,2.5520346354484134,3.584036101035724
20,18,0.1119986497572398,0.12876147122605183,0.1428407646009019,0.14537559039172604,0.05949551737386456,0.0976078859565999,0.00059050476821133,0.00896273361394545,0.5,0.9,0.9,29,2.475779983416193,2.5520810952320456
20,19,0.1104498348063923,0.12696392825961708,0.14102936772002644,0.172059043016609,0.056191254046248064,0.10347003737589164,0.00137570037267073,0.00346465538753154,0.5,0.9,0.9,39,2.569831887267274,3.754630318330747
20,20,0.11802616888876437,0.12879717500951857,0.13257528687082415,0.17787567655125577,0.06516546599688644,0.11760451247581705,0.00111066649526113,0.00461569009850537,0.5,0.9,0.9,40,2.437494869259116,3.3070238101290976
20,21,0.11131979604715954,0.1211968954592666,0.1249251181793435,0.17834848354221092,0.06173284689810194,0.10982418580974995,0.00054099037020387,0.00301377074745934,0.5,0.9,0.9,41,2.6220820663212376,2.5163717258345177
20,22,0.11184477246518745,0.13040457458032914,0.15455124757378982,0.1901974553397488,0.06965145196697838,0.10886134368682768,0.00176290783349234,0.00525483248247079,0.5,0.9,0.9,42,2.577929865553062,3.958585391979348
20,23,0.10616034267238005,0.12231196985515651,0.1463255049590446,0.2031967701664252,0.06055877165295952,0.10556996919005276,0.00148526583773079,0.00357383326842384,0.5,0.9,0.9,45,2.6141899015306054,3.6729588576612016
20,24,0.10611690327007597,0.13297903640403033,0.17752423028889103,0.22254400843333644,0.05760605477159255,0.10584908593710216,0.0014813551269947,0.0035612087384807797,0.5,0.9,0.9,50,2.613713656386073,3.66566092454369
20,25,0.11324292251377344,0.14004051479742008,0.18458198795626496,0.26405927313878963,0.06477755160521528,0.09823376957399382,0.00220510729546899,0.015052928939208171,0.5,0.9,0.9,52,2.7494675447819947,2.9305016202971546
20,26,0.11033897503009188,0.13509047059085058,0.17951973010998828,0.2653723992225672,0.07181381289190897,0.09768642241260785,0.00195075423875509,0.014506700318915,0.5,0.9,0.9,53,2.845077006305884,2.25856455986542
20,27,0.11977159010758327,0.13271617528149027,0.15655390395944352,0.2455631370339476,0.07515274847632848,0.10330069737731976,0.00354047411878141,0.02122296235101881,0.5,0.9,0.9,56,3.0771370054962066,4.022969479867021
20,28,0.12599465905182333,0.14255831551481854,0.17656714366702125,0.2633362261731527,0.08545528744374735,0.11830512091937735,0.004258790950383369,0.020949798681860803,0.5,0.9,0.9,58,3.008334425628852,3.4085670194928683
20,29,0.12490132807435195,0.14470982873023605,0.1888698248634338,0.28877686684586357,0.08708772775477795,0.11963942642784124,0.0041983215473241,0.02128151074563922,0.5,0.9,0.9,60,2.964739713106192,3.082258030192243
20,30,0.12246712280998552,0.14647113066173975,0.2008340261636633,0.297378124805349,0.08389824592339791,0.1169412929881322,0.00406081602102443,0.02146734361974742,0.5,0.9,0.9,62,3.000592553645173,3.30045498105284
20,31,0.10491932707655344,0.14518023172521627,0.23035081471923402,0.3183872085213201,0.06406971401572668,0.09824780124328372,0.00410486036222928,0.012388736395319299,0.5,0.9,0.9,65,2.601244167916061,3.2902203482617502
20,32,0.10196477156763856,0.1412041510052092,0.226319698572066,0.32613624408488845,0.06593016025077564,0.09972704373782101,0.00344642864692206,0.009961897357781819,0.5,0.9,0.9,66,2.676173090330124,3.36762192406942
20,33,0.09998359943299685,0.13731903684585636,0.22233229900801527,0.3448296291759423,0.06313397562125266,0.09760514228097508,0.00356635295428648,0.01070633110537102,0.5,0.9,0.9,71,2.624623976980164,3.404983438905316
20,34,0.09817931297195706,0.13989303140734666,0.23511971313701424,0.36521765396656986,0.06147955590416494,0.09760023967331775,0.0034814038457864002,0.00983870632345297,0.5,0.9,0.9,77,2.590573619711594,3.3229517401261504
20,35,0.09064726168488417,0.12472248974375742,0.20956141660987526,0.33953819547952196,0.056600660493612995,0.09905015397315467,0.00113349987097051,0.005154035103059311,0.5,0.9,0.9,83,2.7980765824687723,2.888562724981418
20,36,0.0968486415581819,0.1344945304021334,0.2295045111725235,0.4212125822698691,0.06367979901444576,0.10810163895352487,0.0014840632971353,0.00848254015677915,0.5,0.9,0.9,94,2.5218926574178604,2.9069935713541883
20,37,0.09219850560004425,0.14307313236595695,0.2687307041459269,0.4583303333219956,0.06401243702247517,0.09562577761624737,0.0015101275701961399,0.01318447603548659,0.5,0.9,0.9,98,3.0240925277146937,2.665476190029592
20,38,0.09308803175298945,0.13197412225891247,0.23703280121441547,0.44154933128577817,0.06705897219909053,0.09537414297775092,0.00182088761940627,0.015042025753669868,0.5,0.9,0.9,99,2.927187019212377,2.4604650371530825
20,39,0.09194373685313002,0.1413885227713266,0.2669709135634689,0.47283154135235383,0.06231654401240348,0.09676241432701807,0.00171778491213859,0.013415023169125859,0.5,0.9,0.9,103,3.0202979502682585,2.5552325833399463
20,40,0.08717617201235282,0.13173428774695162,0.2570615240365026,0.49500492400447244,0.06398243284780933,0.09571039845206561,0.0016789528810419,0.01329741925856422,0.5,0.9,0.9,110,2.9642844526525964,2.685506477522861
20,41,0.08717690000554669,0.13717888982917636,0.2727766418728226,0.5106674307203332,0.061336925516319314,0.09570737225164891,0.00167944873556914,0.01330019155129468,0.5,0.9,0.9,112,2.964269446031188,2.68593271880757
20,42,0.08741196535560966,0.14822690077647507,0.3043618268923616,0.5387823370411673,0.061692459591427704,0.09601513615985512,0.00169551453314177,0.013445272520549719,0.5,0.9,0.9,117,2.9679707905550314,2.6822982977098557
20,43,0.0867942390028359,0.16935693438750635,0.36657285996247013,0.7050024875563958,0.061046168003403005,0.09517265266624106,0.00159836604683549,0.01335307884934087,0.5,0.9,0.9,150,2.996977949097171,2.6985555475962197
20,44,0.08645275464578833,0.17978196192776438,0.3975325659009657,0.7727073712152374,0.060841907816018975,0.10024703744905661,0.0022533703884651,0.009612869297296529,0.5,0.9,0.9,162,2.845605599910745,2.1141406685209527
20,45,0.08699225884665876,0.17409336531647976,0.3815327001576892,0.7726906888570406,0.06346466264546875,0.10089935941442063,0.0020840165496833997,0.01073971197141493,0.5,0.9,0.9,164,2.92014907968062,2.0462752036153
20,46,0.08490562015102968,0.17148357760099492,0.37889569421187325,0.8598094345951189,0.06049975386867777,0.098876638415338,0.00250534824157819,0.00960339433462816,0.5,0.9,0.9,176,2.788114903699736,2.0857410900483027
20,47,0.08228372153679742,0.13589243655050565,0.2816652639862935,0.8167623938743834,0.05853246442212137,0.09296295730805744,0.0037453271817581603,0.00901032663041642,0.5,0.9,0.9,178,2.974565056310276,2.2376899758333315
20,48,0.083467653756289,0.1468432753065345,0.3130992979419816,0.8448834315481942,0.06147277933921329,0.09403862189551979,0.00392772519089861,0.01056993686062013,0.5,0.9,0.9,181,2.965545987605671,2.78347640837999
20,49,0.10583567899326846,0.18525803303610747,0.38231095654772274,0.9163681461946697,0.08275389597719371,0.1097423560801198,0.00430320811857128,0.026585340874297668,0.5,0.9,0.9,194,2.865285889736825,9.53405166761492
20,50,0.10560581181040864,0.1848276040269458,0.38187031465841675,0.9357137899378796,0.08298028967596116,0.10992087435956852,0.00428919540181568,0.02642680662616006,0.5,0.9,0.9,196,2.851935255567753,9.564385602250416
20,51,0.08234928888743787,0.1665024606519828,0.37378928395239813,0.84422890317355,0.06238205724569096,0.09384173445518494,0.00246415929307893,0.01181065356374221,0.5,0.9,0.9,197,2.903767384516703,1.92745455500516
20,52,0.08072203183153065,0.17027048328310604,0.3878254381428318,0.853769504882512,0.05828641235629687,0.09486923714542504,0.00245348556773917,0.00948891124451156,0.5,0.9,0.9,199,2.8729872209404554,2.05101278196911
21,0,0.8531233809670596,0.9114712421363269,0.9089560723352154,0.1610344252061783,0.0,0.0,0.0,0.0,0.5,0.9,0.9,1,8.895104325703244,26.226302799655457
21,1,0.44092615283350256,0.5846066007993139,0.5713314180936486,0.14902044204998022,0.44242536622994705,0.10326312609458528,5.876070326309e-05,0.00018895403560769,0.5,0.9,0.9,3,5.134531739021486,10.288539964260272
21,2,0.14634336798072897,0.1762476497106977,0.16123332534156645,0.08143759652680825,0.4966694848137713,0.11876794102500718,0.00035897500489564003,0.00115433907510637,0.5,0.9,0.9,5,2.29698708223529,1.683646364765621
21,3,0.1463952941319581,0.17595317751032474,0.16091530795562878,0.0772260184699949,0.06218489620007343,0.11947276153340629,0.00040438831472724,0.00130037252410309,0.5,0.9,0.9,7,2.106215326235932,1.805970323670438
21,4,0.13265577944868118,0.15063635730974725,0.1249607929183233,0.07855213369163266,0.08085805464855383,0.1067241535218137,0.00032886516148146,0.00074457300853382,0.5,0.9,0.9,8,2.11427874804906,1.7843683705622462
21,5,0.13214269007898152,0.1552119098886497,0.139785465630896,0.0842841504110132,0.05497683366851673,0.10651896083310393,0.0003296964711713,0.00072231445431502,0.5,0.9,0.9,10,2.087990225781953,1.7946586922492214
21,6,0.131793776011117,0.1601856839339494,0.15502298541078197,0.09033759310054405,0.05425617988110244,0.10615887470222676,0.00031907056849593,0.00069446417306901,0.5,0.9,0.9,12,2.10547207640588,1.8168655309510515
21,7,0.13874564066058018,0.17111990538930252,0.1761407508116299,0.11939509381258497,0.06380355643107627,0.12161896588376568,0.00043679161368601,0.0014873741205489398,0.5,0.9,0.9,17,2.163709451896914,1.982841136839708
21,8,0.1350944840807964,0.16442806441551056,0.16926921652269541,0.13307430585654278,0.0752042169426677,0.12072779179497779,0.00046032635442075,0.00154542911240137,0.5,0.9,0.9,18,2.1725116747639506,1.924974126525257
21,9,0.12623221426307543,0.15467468641802806,0.15946361075917712,0.12229670637080231,0.055206416530222714,0.10230916862415369,0.0008539531918712901,0.0025931221867672603,0.5,0.9,0.9,22,2.3941682806703617,12.430722816479072
21,10,0.1260227769597789,0.15984760688199923,0.17490357888589309,0.1460825234287108,0.05415825730539118,0.10237009155604844,0.00083533073232818,0.00241904037224722,0.5,0.9,0.9,28,2.356202909129633,9.817582146967048
21,11,0.13565236178205223,0.1575605498999217,0.15201506516186342,0.1591210763030673,0.06919643351784638,0.12210646885453218,0.00106439337116964,0.0031344389504562803,0.5,0.9,0.9,29,1.98544628011116,2.1280950365842037
21,12,0.1304091408919378,0.1734274397342705,0.20892548010907688,0.182756576789477,0.060768658915890235,0.10038639046254023,0.00077347947268916,0.01045137322051465,0.5,0.9,0.9,35,2.505936221173832,9.805384186606194
21,13,0.1270199931856632,0.16887682406170687,0.20430721159516138,0.1830060631900235,0.06303133521667482,0.09950422923326271,0.0006265320340001201,0.00867619623419255,0.5,0.9,0.9,36,2.423218261319964,9.640330794943203
21,14,0.12085728302744804,0.15716131696605654,0.18231475594374402,0.18557811363050938,0.05223004940217198,0.0963851741250935,0.0007810544777096999,0.0035340985587204,0.5,0.9,0.9,39,2.4703757750488182,9.68231830480966
21,15,0.12438025895241533,0.16962059033241939,0.21520213673287353,0.19964282280293805,0.06584245662748803,0.09734695130858596,0.0005809964912954801,0.00936950286853438,0.5,0.9,0.9,40,2.471963264812438,9.575449182691026
21,16,0.1222219888852722,0.1722954072387138,0.22811218106817407,0.21298379302449102,0.057383357944053026,0.09792475463530788,0.00062671261065195,0.00730617186241761,0.5,0.9,0.9,42,2.43704871399852,9.23687648003857
21,17,0.11670025156439785,0.17574900677772196,0.2519967868310291,0.22750290054931202,0.05520888415642926,0.09590998550115488,0.00088149902953015,0.00421627311677039,0.5,0.9,0.9,45,2.421698143690097,8.290765945586447
21,18,0.11636651204189691,0.17468263074305648,0.2508882729830168,0.24671373596639587,0.053563918350490625,0.09675309271624713,0.00078101929321565,0.0043055592854900895,0.5,0.9,0.9,50,2.4498360380669952,8.29131327323851
21,19,0.12154951346342464,0.17961583333527473,0.2558073779171546,0.2682637915584023,0.05873743210242541,0.09863000199026196,0.00441207082554396,0.005673271175748821,0.5,0.9,0.9,53,2.4388132376294296,8.959916478647983
21,20,0.11274478950939261,0.16456061566409474,0.23043534870369745,0.24663340439563555,0.05207454647383926,0.0888138098484435,0.0009507130187911999,0.00571033712898121,0.5,0.9,0.9,55,2.484310361522084,8.137466994090138
21,21,0.10740482911742794,0.15886971990764856,0.234686880695779,0.2581153944549044,0.06274628931184241,0.09358009033044792,0.0008679578195529799,0.00361561564569265,0.5,0.9,0.9,57,2.277168086941046,8.744909519370045
21,22,0.10728932117077435,0.15214192737118912,0.217622647996914,0.25206018265803204,0.054228637302967536,0.09525127260246992,0.00086356609969328,0.0038295937355202203,0.5,0.9,0.9,59,2.3173684618666988,9.061443011840002
21,23,0.10720833595257571,0.15742259361912456,0.23316947151620745,0.2751129826367475,0.052019276736718696,0.09525127260246992,0.00086356609969328,0.0038295937355202203,0.5,0.9,0.9,61,2.2980528451122977,8.973098942300425
21,24,0.10806567905186351,0.16154896278448427,0.24744494556889463,0.29392765307644825,0.06363923413990837,0.09796266172338054,0.0008945492293348199,0.00558328055477496,0.5,0.9,0.9,62,2.3815412426536264,8.820603714923552
21,25,0.10621534182433008,0.1595690277363166,0.24545774201164164,0.2921521387883962,0.05334800907039979,0.09687946433368828,0.00088182373378492,0.00428033197336456,0.5,0.9,0.9,64,2.32449737054952,8.931646461838026
21,26,0.10764549091992714,0.16627672656571435,0.2624268890752841,0.3038142323153471,0.055014617264567474,0.09797869226449743,0.00091177172004484,0.0054073345688395195,0.5,0.9,0.9,66,2.373255623194153,8.900483226275426
21,27,0.10677314396258283,0.19213715944317528,0.33961274395661695,0.35835290971708766,0.05447414271246828,0.09787981676346218,0.00094336932048218,0.0049851178066637305,0.5,0.9,0.9,76,2.338659740653969,8.965116545090913
21,28,0.11283297554296658,0.1814052420427661,0.2980436163307164,0.36814342937013544,0.06114233381801931,0.0977861688255385,0.0045535994697958595,0.00864640762088502,0.5,0.9,0.9,81,2.3592256085944143,8.02873747459855
21,29,0.11310329379007933,0.1793051954009508,0.29581212144214725,0.3767085362345745,0.0680615828142821,0.09767221998228728,0.00625264939393058,0.00981282784551416,0.5,0.9,0.9,83,2.3438911837387204,8.076154903163216
21,30,0.1129750843968846,0.17359616042030362,0.27982489462572924,0.40022477339608,0.06338582997683949,0.09767221998984069,0.0062526493661095,0.00981282784332244,0.5,0.9,0.9,89,2.3602923519490586,8.14708676561007
21,31,0.1129750844145913,0.1899306668890087,0.32697156299399693,0.44014119475646285,0.06329517534295795,0.09767221998228726,0.0062526493939306,0.00981282784551418,0.5,0.9,0.9,91,2.360292350222067,8.147086763822287
21,32,0.11311106574976773,0.16826361982910323,0.2642206973656527,0.31449912845092093,0.06346306374705374,0.09760393134630296,0.0062416977375169495,0.01003781567171711,0.5,0.9,0.9,101,2.365309532101591,8.126376419226608
21,33,0.11311106574976773,0.16826361982910323,0.2642206973656527,0.31449912845092093,0.06345357868324497,0.09760393134630296,0.0062416977375169495,0.01003781567171711,0.5,0.9,0.9,105,2.365309532101591,8.126376419226608
21,34,0.1125826464313836,0.17306768824822868,0.2792888692994336,0.3484269114768513,0.06348297776458306,0.09714184476366444,0.0062625121381055995,0.009804720148405121,0.5,0.9,0.9,106,2.3417468557346326,8.016973789404437
21,35,0.11251698169451818,0.19929736140892867,0.3568208037315877,0.5061108588800299,0.06507995970230283,0.09766498487568548,0.00648943030450054,0.01018553808653572,0.5,0.9,0.9,109,2.374411763539117,8.199250986034055
21,36,0.1119925609905345,0.20365748357210758,0.3714204662365322,0.5285849058184021,0.06495769288714365,0.09766498487568548,0.00648943030450054,0.01018553808653572,0.5,0.9,0.9,111,2.326785330589269,8.00479007050033
21,37,0.11199228423261286,0.2199914282473945,0.418566231371002,0.5745536378509876,0.06384001665910051,0.09766498487542637,0.00648936145327412,0.01018553662612089,0.5,0.9,0.9,121,2.3268187529489066,8.004945752466973
21,38,0.10847218752752195,0.19892195766139417,0.3666181846556077,0.5356212347205338,0.06387512936791528,0.08901575947698723,0.00881861188785675,0.010009656140395699,0.5,0.9,0.9,123,2.4057064294638595,8.874862189177275
21,39,0.11024298066050822,0.21672405241715031,0.41521555210844147,0.585701789947193,0.06361623321696758,0.09776625561081476,0.007008425463270381,0.00923917683508029,0.5,0.9,0.9,134,2.354419316737125,8.032327914837305
21,40,0.10988701130726396,0.2216152690742876,0.43036651379749674,0.6208300115688201,0.06341171335592792,0.0978487762171934,0.006240728094515971,0.00976942890941058,0.5,0.9,0.9,144,2.430190853162624,8.031754034437574
21,41,0.10946839795931082,0.22597997356635743,0.4449658808738156,0.6303516066062378,0.06440281045423152,0.09784804915524477,0.0059517737901043696,0.01027435199045194,0.5,0.9,0.9,147,2.411711074970285,8.033866211757871
21,42,0.10990179315743132,0.25866253261180006,0.5392488385251859,0.7786429924271778,0.06440850587918674,0.09759433321837452,0.00579335870462538,0.01148642214635987,0.5,0.9,0.9,175,2.3260744700786145,7.876088771588656
21,43,0.10345565372495603,0.25209326088109474,0.5326730496326069,0.9153912180319693,0.05806159286882972,0.09484938099620879,0.00197015863176663,0.009798496585056871,0.5,0.9,0.9,186,2.360683849383391,1.981873814175828
21,44,0.10342713102087835,0.25205099207443005,0.5326297630615866,0.915370195126001,0.05804702024170733,0.09484794858301723,0.00196566269050825,0.00978617846797085,0.5,0.9,0.9,187,2.361525380041158,1.9794875620671164
21,45,0.10341627420328263,0.2519261056465758,0.5324988308424182,0.912902342890738,0.058321460544500464,0.09415522802189076,0.00155207851436498,0.010689550717898021,0.5,0.9,0.9,189,2.3907774633741696,1.984092511783644
22,0,0.9029679066956304,0.9427065990050149,0.9410789135472413,0.16715130739168352,0.0,0.0,0.0,0.0,0.5,0.9,0.9,1,7.644495532384624,26.11867599364589
22,1,0.47280713718815404,0.6178102936448794,0.605581277876357,0.14582502635152828,0.433031582549988,0.09600300603973735,5.756566760681e-05,0.00019534718489940998,0.5,0.9,0.9,3,4.249769173106403,10.216379575480032
22,2,0.13755945658287058,0.1630726489700786,0.14779242460689368,0.06776284497360328,0.5404677732886223,0.11053514811942948,0.00041797327497672995,0.00141837845410888,0.5,0.9,0.9,5,2.106435040453843,1.921109960050988
22,3,0.13153272220285323,0.1505843634023076,0.12497294052514853,0.07668780492886859,0.053497797194579116,0.10207076434927287,0.00032926429141466,0.0007677243967022099,0.5,0.9,0.9,8,2.0500133117744133,1.757858985695772
22,4,0.1356993529748134,0.170127963093918,0.17527092982872952,0.08212200255719719,0.05932477859253679,0.11091733016034544,0.00045218530357989,0.00153447583915051,0.5,0.9,0.9,10,2.115484453115417,2.1854447501798693
22,5,0.1355260886688856,0.1642991275161056,0.15915909078984058,0.08970669906448855,0.05821743732791616,0.11098396313187653,0.00045855233290391,0.00155608214211419,0.5,0.9,0.9,11,2.111543213527093,2.2403366266481024
22,6,0.1300170433745878,0.1528067741243977,0.13736376387654733,0.09101181912053428,0.05355257873196193,0.10275636327865241,0.00033511547622607,0.0007862140659661799,0.5,0.9,0.9,13,2.067815356997723,1.758375331260025
22,7,0.13329210116848345,0.15412931856989368,0.1385705401195122,0.09795874326598575,0.0662078169121796,0.11140310930310049,0.00054016952780754,0.00178113031479827,0.5,0.9,0.9,14,2.152784528647139,2.879553809264533
22,8,0.13293007704209134,0.15865417140545104,0.15333291343890443,0.10479299162140356,0.05923024089293345,0.11190073622788695,0.00053385405430192,0.00177950219716079,0.5,0.9,0.9,16,2.121079949023718,2.857715926167651
22,9,0.1328864496360102,0.15856172819060424,0.15323773080641487,0.10723748091828221,0.058251889210560154,0.1119101454045139,0.0005359597448897901,0.0017824454737536,0.5,0.9,0.9,17,2.121226120478484,2.8574903803449883
22,10,0.13228285568682235,0.1632719265239449,0.16821071412820104,0.10619802343433483,0.058141823398107015,0.11118333233922983,0.0005130094116219,0.00169570360630815,0.5,0.9,0.9,18,2.1543920547706965,2.599089931277528
22,11,0.13220414206052028,0.16856505501129487,0.1837701365968423,0.12322715124690836,0.057735835773774724,0.11118333233922983,0.0005130094116219,0.00169570360630815,0.5,0.9,0.9,20,2.14998034539765,2.596559233012995
22,12,0.13394742994030714,0.15770815061122734,0.1522713293955652,0.13167350104741446,0.06359687037842784,0.11695711648901783,0.00055074791246498,0.00242718232734128,0.5,0.9,0.9,23,2.1972307133235125,2.9253522783810086
22,13,0.13423056042730583,0.15796534695383854,0.15252692723531425,0.1344291738603274,0.06158133250121646,0.11738505759942282,0.00056007507609171,0.00252570256558084,0.5,0.9,0.9,24,2.2024452739156333,2.9315596855693933
22,14,0.13107575014545542,0.15811603250431278,0.16282294226312688,0.1382876325471264,0.06968132653799745,0.11561736111917709,0.0005808239244069399,0.00250477104260238,0.5,0.9,0.9,25,2.2157714233718115,2.901074721718179
22,15,0.13109186537855383,0.15812339976995554,0.1628299428576747,0.13830953290596892,0.060648768613051796,0.11566106355140908,0.00058035010000177,0.00250927579753641,0.5,0.9,0.9,26,2.2154851748429665,2.901316070385944
22,16,0.12975444398005134,0.16129068467971983,0.17621305420323594,0.14857546740055505,0.06424302444904552,0.11535562413493268,0.00053575408314897,0.00233682306321083,0.5,0.9,0.9,27,2.1776890858156293,2.372917985968447
22,17,0.5048333243275956,0.5409343343480265,0.566075788999762,0.546101254104019,0.43700556591227346,0.11170219102658543,0.40875702737070274,0.01392266912861142,0.5,0.9,0.9,32,2.1182570250902293,2.863450843336413
22,18,0.1416585018409928,0.18847440728732617,0.23414713137543466,0.18303894989393996,0.07400775993003264,0.10736091774894434,0.00656943626931118,0.01519724853854872,0.5,0.9,0.9,33,2.1471355112202404,2.863280622155293
22,19,0.19992499630689986,0.24070017004593502,0.2760679052000397,0.25055547999255584,0.13466641197101975,0.11170304359065852,0.014238044775268622,0.07054643564329106,0.5,0.9,0.9,34,2.1282763451436564,2.8633043702279606
22,20,1.0604347556682159,1.1100791065225224,1.1658710348681987,1.1241768842214257,1.0032361557667848,0.11138612633048246,0.043404410268723256,1.0,0.5,0.9,0.9,35,2.155930273735334,2.9569883257599945
22,21,1.0254544688169376,1.0745788704551582,1.1303411052357626,1.098600593202559,0.9613948347499041,0.1084547172496864,0.00675823762646689,1.0,0.5,0.9,0.9,37,2.190434876818041,3.040303093086227
22,22,1.023025539314093,1.076921138587321,1.1429149871046211,1.1025070473741365,0.9599764615582299,0.11108059736636455,0.0033667880939805598,1.0,0.5,0.9,0.9,39,2.1045563372155733,2.6401920021590137
22,23,1.027895966402098,1.084331470238003,1.1504717686110337,1.1494711893408878,0.9610947247262389,0.10783663250653697,1.0,0.00767781677957439,0.5,0.9,0.9,51,2.4122935932293577,3.022411786626595
22,24,1.0220418099949136,1.0851852901841572,1.1716262554385923,1.1550539597870255,0.9610750535687748,0.11186893590863053,0.00369153932606257,1.0,0.5,0.9,0.9,53,2.063741471838993,1.8737125875551133
22,25,1.0071915991952776,1.0800488600493612,1.186964044123561,1.1666518987324115,0.9464054179916704,0.08928141830205147,0.03458458123832963,0.966473809167139,0.5,0.9,0.9,59,2.080400587552369,3.675760691832112
22,26,1.0168882883486643,1.086985057486054,1.1937434650109195,1.1843040085201662,0.9637361640961711,0.10319888628440084,0.00716329457519516,1.0,0.5,0.9,0.9,61,2.059302380919622,51.68150795496116
22,27,1.014075752990582,1.0943627133731224,1.2216229587409198,1.1930543509845237,0.9564999048179157,0.0971678908767172,0.00815766479597135,1.0,0.5,0.9,0.9,66,2.059552819642527,5.378996932494217
22,28,1.0178735872625273,1.097911060429194,1.2251571422296703,1.2000813635015957,0.9609876819164926,0.10266096684349482,0.00959837930601295,1.0,0.5,0.9,0.9,67,2.100175570438094,1.8359062810623796
22,29,0.17350877910941315,0.2527479449262682,0.3799488762988564,0.35927443744934817,0.11965732659224584,0.10485576233933772,0.00942897148232847,0.06163998611295246,0.5,0.9,0.9,68,2.051643352374887,84.19711597098248
22,30,0.12240612585614633,0.1949787089020924,0.3118404219044088,0.37779282875816095,0.06677631908130305,0.11568449342623091,0.00267505441108924,0.00692583895912075,0.5,0.9,0.9,85,2.0584781721358896,2.774260971015984
22,31,0.12003341922899995,0.20019672993641843,0.3374154817785311,0.4010610137225042,0.0806887306921699,0.12321929073500645,0.0019150597355095799,0.0044094844162576195,0.5,0.9,0.9,86,2.0468274020520054,2.739532074526516
22,32,0.12012114330545727,0.20014224847551632,0.33735295989909936,0.4262199836685252,0.06762173346175668,0.1232615042904948,0.00229917739185702,0.00425099724286971,0.5,0.9,0.9,92,2.0465007032804308,3.1353494220883324
22,33,0.11697882387533602,0.19029515933309274,0.3171653544224267,0.4421713825777161,0.06660491866717558,0.11583013475922996,0.00251864013540928,0.006006864953168789,0.5,0.9,0.9,97,2.0844866522917425,2.564433807432734
22,34,0.11408649060170706,0.190794271239358,0.32782153427707117,0.43236685393015906,0.07288827004530721,0.11389305867999247,0.00251104555357933,0.00603819900280385,0.5,0.9,0.9,98,2.088347511258376,2.932756421872448
22,35,0.11304812889563043,0.18940636387124204,0.3264142032422425,0.4383885783288813,0.06532929271988985,0.11097546286215014,0.00382171444733293,0.00555993976609743,0.5,0.9,0.9,99,2.1271506916076706,3.018563521248048
22,36,1.018626664105648,1.1043955167174595,1.261862987874563,1.3891249780543433,0.9731781545025515,0.12331816885492142,1.0,0.010263261960523299,0.5,0.9,0.9,106,2.140162392740032,2.547759643786036
22,37,1.013727228308054,1.087128068843657,1.223973443431109,1.3968795033647214,0.9698471833717772,0.11567097514771485,1.0,0.01059604707851565,0.5,0.9,0.9,110,2.2038645115399067,2.5363924875633828
22,38,1.0154398022761455,1.09369480823687,1.2407782475906806,1.409575143419007,0.9704207345187232,0.11699685297307143,1.0,0.01236995620348617,0.5,0.9,0.9,113,2.210970935054472,2.4936306422348293
22,39,1.0099849440973243,1.0911135857064098,1.2483276102317307,1.413858075803112,0.9742506803499249,0.11412183670226368,1.0,0.01052977655928217,0.5,0.9,0.9,114,2.1738406241149093,2.609487387059782
22,40,1.010036240623831,1.096504064134616,1.2639829344078086,1.416282845841727,0.96690520584544,0.11415799729488688,1.0,0.01067379555014822,0.5,0.9,0.9,116,2.1850978833787083,2.712583323879379
22,41,1.0097923195775416,1.1011785651117743,1.2788996875794185,1.4305334800273408,0.9676100074960076,0.11411693133421012,1.0,0.01095840715150104,0.5,0.9,0.9,119,2.202094829019537,2.8176521941513606
22,42,1.0163038235189437,1.1469623717311919,1.3966406220175234,1.59010315893978,0.9723883131795208,0.11068522202550994,1.0,0.01892528814737307,0.5,0.9,0.9,152,2.3718695626948025,2.5541131425051438
22,43,1.01312036716529,1.1741288283932123,1.4853049299091423,1.6891054514919808,0.9714111517650326,0.11535952845023549,1.0,0.01513533050323145,0.5,0.9,0.9,170,2.273471385113986,2.09479024384084
22,44,1.019277549414753,1.1411018771436732,1.3703508222972125,1.7488260767675758,0.9735678457950153,0.1206165599991282,1.0,0.01461209765165887,0.5,0.9,0.9,184,2.2812433786476447,2.7675733294724294
23,0,1.0,1.0,1.0,0.17837114993897257,0.0,0.0,0.0,0.0,0.5,0.9,0.9,1,5.243367503861255,26.089520221370076
23,1,0.5091444137429001,0.6536390037000281,0.6424816196581928,0.1513238367787632,0.4513334295531932,0.09223468551414564,6.220572150067999e-05,0.00018717005022116,0.5,0.9,0.9,3,3.3049695927756404,10.20934895666676
23,2,0.19814770115977193,0.2674294000576424,0.24512703765499316,0.08290502673919331,0.45694080942328014,0.10300104982709146,0.00024882288600271997,0.00074868020088465,0.5,0.9,0.9,5,2.5901134067328107,2.4752310014544943
23,3,0.10435206617982438,0.09892794421905726,0.08187045344588544,0.05736087803814926,0.23776028281239778,0.10688832811896051,0.0005249973286085799,0.00157965817277063,0.5,0.9,0.9,7,2.906868940342064,2.5336043087948767
23,4,0.10431791102452558,0.09873819083449488,0.08167212447426499,0.06084602648514087,0.05576194849128778,0.10700851451383571,0.00053942968711713,0.0016230835233925398,0.5,0.9,0.9,9,2.955892869049432,2.692967450285125
23,5,0.10260076218860363,0.09502594490361768,0.07785034052335438,0.07361717540503519,0.05825185246442154,0.10713316097880213,0.00056533698929248,0.0016920671004545002,0.5,0.9,0.9,12,3.017159667683654,2.910297498504228
23,6,0.10256473204600028,0.09429883432892959,0.07708520454017573,0.07794439212625699,0.05897963703022254,0.10830332770305304,0.00056900133979673,0.00171683155388681,0.5,0.9,0.9,13,3.2230527617507634,2.950504020148911
23,7,0.09995194859399158,0.09461368080881458,0.08753325997295477,0.07903935928273952,0.06586320957810594,0.1077612554131013,0.00056428692619089,0.00169051907070971,0.5,0.9,0.9,14,3.076855881189646,2.9017470560981957
23,8,0.0965065484924526,0.09254654236366539,0.09551655025723227,0.10278745312125526,0.060148040095381584,0.108130027069638,0.00056244758879371,0.00175474745230374,0.5,0.9,0.9,18,3.0536669276338584,2.8895362764191588
23,9,0.09597054823944805,0.08003175930953407,0.062401883444823225,0.10648833660770014,0.05744095040804575,0.10873241740694768,0.0007868079279193399,0.0016834670179538401,0.5,0.9,0.9,23,3.142997460487768,2.8452227620994366
23,10,0.09270084372062003,0.08560107022861961,0.08840241414372497,0.11976168836330936,0.05913661290361664,0.1057222520611634,0.00079577611294161,0.00173855917959384,0.5,0.9,0.9,25,3.3103822674733228,3.0525968691327368
23,11,0.09368485287681524,0.0864201573103698,0.08921266468967054,0.12356460397840249,0.056911168867499015,0.10798893594251917,0.00079278532678569,0.0017372588369622799,0.5,0.9,0.9,26,3.2463825662902472,2.9836891350725083
23,12,0.09217349427027208,0.09000129133765285,0.10304552104689113,0.1274186232871245,0.05643884839591324,0.10565313576326332,0.00078309760182679,0.0017108600045070501,0.5,0.9,0.9,27,3.2245173974540573,2.907521533139967
23,13,0.09195614759199582,0.09936537255334518,0.13288103164921444,0.14170099349813545,0.057018337534258695,0.10717307133465064,0.00075326709678487,0.00193290501850341,0.5,0.9,0.9,32,3.160157954208902,2.948642502400354
23,14,0.0978023429565855,0.09861130744410868,0.12179477877075466,0.1654610799823623,0.06733622282373204,0.10790805592484369,0.00497164377909727,0.00492605992517806,0.5,0.9,0.9,33,3.3888948098845906,3.632403438017697
23,15,0.09116306785484801,0.09384290089379771,0.1271075340086514,0.16342777306065043,0.06618410467933687,0.11130540241164025,0.0023695422913833997,0.00169656258827438,0.5,0.9,0.9,35,3.539525731798262,2.9612546419692376
23,16,0.09100746333904602,0.09816446247543067,0.1416487612340399,0.16941682199037078,0.06183088246511039,0.11130968749972861,0.00311206705268436,0.0016967949144125701,0.5,0.9,0.9,37,3.499916581523257,2.9321010841667103
23,17,0.09092791948971757,0.1034363220741798,0.15718634552381097,0.17810633377011298,0.060160997931365714,0.11130968749972858,0.00311206705268436,0.0016967949144125701,0.5,0.9,0.9,39,3.4565521266164,2.9110061878001816
23,18,0.09207014445301037,0.09868934108556711,0.14214531715504683,0.1828316532891894,0.06321970712133194,0.10926809447918824,0.00305980383886563,0.00457699892984845,0.5,0.9,0.9,40,3.5272082636769344,2.972331798664153
23,19,0.10945840953531652,0.13217785133834245,0.16652403530089727,0.20400745426516026,0.059741431951040015,0.10056090938601323,0.0036373569751061902,0.0066934286228706895,0.5,0.9,0.9,43,3.5763366202138807,3.1136123258788238
23,20,0.08961408424908156,0.09933312186810192,0.15293679104747204,0.20567605197448713,0.06946096472612158,0.11278070510745467,0.00346936054325519,0.0016896955597868,0.5,0.9,0.9,44,3.3530198572360623,2.863055537584124
23,21,0.0968804169838623,0.09919646827702186,0.1524156842721866,0.22596832411653406,0.10235391301390023,0.11431505267635197,0.006121743108627261,0.013073044757753042,0.5,0.9,0.9,45,3.449063309738566,3.284013393025964
23,22,0.09687969092848062,0.09919480664509958,0.15241400441227326,0.22897608203451753,0.07443562616696037,0.11431505267635196,0.006121743108627261,0.013073044757753042,0.5,0.9,0.9,46,3.384345543654983,3.252683790291921
23,23,0.08425490660353462,0.09940414388366037,0.1732645819105464,0.22481177807151856,0.06439027167615702,0.107795610370085,0.00268448075839232,0.00434077667994913,0.5,0.9,0.9,52,3.3933775401279505,3.0365649302598494
23,24,0.08711081218354519,0.10734556684560034,0.18147098946740745,0.22850459560787242,0.060814069109748264,0.1081723637994437,0.0018662588681983,0.00342134290095729,0.5,0.9,0.9,53,3.3028265431379427,2.988916479422015
23,25,0.0852774585786629,0.10203421761562179,0.17597822315772613,0.23169462237768057,0.06445353206517228,0.10790989297899937,0.0030346186675453,0.00358600748443709,0.5,0.9,0.9,55,3.3490797001722714,3.13388185347366
23,26,0.08351171494371877,0.1043379181196511,0.1884811864416976,0.2564177228194903,0.059639822187970225,0.10763129277549617,0.00298041687314432,0.00309416331398236,0.5,0.9,0.9,62,3.2849376716126217,3.384302587796779
23,27,0.07536046874466348,0.08865938416413173,0.18241020653884846,0.29302498995241416,0.062217601092800556,0.10767754458937555,0.00436134803605912,0.00415852377835218,0.5,0.9,0.9,64,3.643773965257396,3.364262243122577
23,28,0.08097741319087251,0.10875498315310393,0.21323634713278883,0.28894037752802443,0.06002004422947035,0.10776595931031727,0.0032902940969181498,0.00346250307787672,0.5,0.9,0.9,65,3.3584722987108395,3.2291146282646928
23,29,0.0860087579693874,0.0985369238984718,0.18225395644582407,0.27891210117109067,0.07289159713625529,0.1079874918594487,0.012149276320815281,0.00395061928955097,0.5,0.9,0.9,67,3.43059928700742,3.321935313338132
23,30,0.08235674962088131,0.09820350479121752,0.1920833070806721,0.2891792559167124,0.066790583346563,0.10682546348957858,0.01082940758716271,0.00372407582708349,0.5,0.9,0.9,69,3.4771257343156488,3.2729299511247003
23,31,0.08127311876125354,0.09553668780000216,0.18933590340127898,0.31287150705714417,0.06675896210723739,0.10695593970544981,0.01095238730248219,0.00370282502932745,0.5,0.9,0.9,73,3.519826362405808,3.711558389943664
23,32,0.0750343363022595,0.13460758848292426,0.3206559685132613,0.5097455572561147,0.06329485106361842,0.10683565368610262,0.00356343192380056,0.0074064034944843595,0.5,0.9,0.9,117,3.6124487511604895,3.28998227849607
23,33,0.08199766534739651,0.14660320157723833,0.34290167160138174,0.5351929107632066,0.07208047244710178,0.12145323124237897,0.00330811203099018,0.00763110363978148,0.5,0.9,0.9,118,3.60647527222896,4.223737907253402
23,34,0.09071653433756582,0.16490797377942007,0.381682404615878,0.5334720689638657,0.08266498672227343,0.11598708836026186,0.01451869910290567,0.010252592388661939,0.5,0.9,0.9,120,3.667294598344946,3.726530676105996
23,35,0.08554886871740272,0.1519633077900989,0.35835040278383423,0.55218413771811,0.08534404370051132,0.12074352069499543,0.00692369483788024,0.01143150723098325,0.5,0.9,0.9,121,3.582877316891949,3.974143017980245
23,36,0.08547572233435381,0.1517862669972828,0.3581682248190819,0.5706308332466979,0.07699091805766067,0.12072380191428009,0.00693015298081308,0.01144201106868442,0.5,0.9,0.9,125,3.583822230877875,3.9914508853355866
23,37,0.0854585808558965,0.15719844532337277,0.3738504702022122,0.5827026520864779,0.07691936821297637,0.12074352069499543,0.00692369483788024,0.011431507230983259,0.5,0.9,0.9,127,3.5601492918527216,3.977264598011325
24,0,0.9492825228034314,0.9706027403633657,0.9697675611435407,0.17261422493788,0.0,0.0,0.0,0.0,0.5,0.9,0.9,1,6.530938375312986,26.043997784635355
24,1,0.489531093403878,0.6345279609562302,0.6228205689746228,0.14777973081420814,0.4412279445429302,0.09276797973921372,6.054246751761e-05,0.0001669688978776,0.5,0.9,0.9,3,3.802849213277518,10.203772691160484
24,2,0.20430625441750347,0.2772553515939464,0.2552259141737662,0.08500541084822676,0.4272884106289479,0.10359659438543782,0.00024216987007045,0.0006678755915104199,0.5,0.9,0.9,5,2.3922311877475617,2.486880390196
24,3,0.12869414273719834,0.14747740309221982,0.1317971752078165,0.06692245969140788,0.19773574105371222,0.10742050201027031,0.00050130580703845,0.0013825415701219101,0.5,0.9,0.9,7,2.235460799065248,2.4126309867028377
24,4,0.12855474222109853,0.1527358380743865,0.14732395792797692,0.07199605135101224,0.055416885825027594,0.1073178950701291,0.0004901022218323601,0.0013516434196031,0.5,0.9,0.9,9,2.223304139533173,2.3042657289273665
24,5,0.12463412612061296,0.14333940265981457,0.12765465924347752,0.07000674640096884,0.05156218973936198,0.10074980700936916,0.00038125038304284004,0.0007902166506266901,0.5,0.9,0.9,10,2.234021465388536,1.790422014659297
24,6,0.12698409813234043,0.14324637399819642,0.127418484765559,0.08766157496682032,0.06677141268355109,0.10905541122349367,0.00054661617231622,0.00150732994686178,0.5,0.9,0.9,11,2.3230560653731254,2.902952789923776
24,7,0.1265913304963951,0.14250383985715614,0.12665574804563784,0.09152492460506227,0.05783487855154774,0.10900837680682643,0.0005463959887020201,0.00150714887884684,0.5,0.9,0.9,12,2.335062661656368,2.90041905378765
24,8,0.12567957887514752,0.14640354072681722,0.14078905049945611,0.09347990838726013,0.05878644501372416,0.10877142532334798,0.00050888100341479,0.00140326085584125,0.5,0.9,0.9,13,2.280768951107122,2.480489275428376
24,9,1.055230897668364,1.0748891399537959,1.069212701013047,1.0279025604069292,0.991272458427864,0.17255450205455294,0.0005513475096016499,1.0,0.5,0.9,0.9,14,2.313177805423657,2.871169588428705
24,10,0.12358812755005144,0.13720730918811944,0.12122552397923707,0.08643404930371086,0.05825237159703303,0.10740656190541828,0.0006751662455103901,0.0015987350642210798,0.5,0.9,0.9,15,2.308491571258213,2.871775661679297
24,11,0.12400964343752831,0.13211945804669345,0.1058634480944101,0.08683749948698236,0.056513225420240516,0.10727940061898511,0.00113294225401337,0.0017552155941639599,0.5,0.9,0.9,16,2.338395059356681,2.8607236929314297
24,12,0.12432742255903494,0.13200620590032897,0.10572524955463154,0.09635910953644887,0.05760707561168889,0.10978486713338187,0.0006266744369284899,0.00171928441568363,0.5,0.9,0.9,19,2.2963676327513665,2.856655065380064
24,13,0.12382646846637509,0.1310205697270312,0.10471162338579502,0.09838486420092148,0.059041044729052146,0.10981363985908857,0.00062801831991019,0.00170348144990605,0.5,0.9,0.9,20,2.3145333070285563,2.83729311047262
24,14,0.12160716271350441,0.13108189808664145,0.1148614696812915,0.1030093791834686,0.07124954620778921,0.10922077063661018,0.0010994642473589199,0.00270074864685801,0.5,0.9,0.9,21,2.3151347722021365,2.896441194270796
24,15,0.12056254634265692,0.12945804724200644,0.11320448919070344,0.10466704379840454,0.05998099713360909,0.10950515084447603,0.0009948206722815,0.00213993590349646,0.5,0.9,0.9,22,2.324066651128849,2.9212961251452003
24,16,0.11964715730071333,0.13337679068189173,0.1273588426244397,0.1139498826629836,0.058121066298324184,0.10920182113615755,0.00095203680053992,0.0020207013922442603,0.5,0.9,0.9,25,2.2754044103041644,2.450974717488005
24,17,1.476430016596682,1.4997330404960896,1.5141814370030642,1.492225813643829,1.4171999257582244,1.0,0.01709364877250735,1.0,0.5,0.9,0.9,28,2.420246040970755,172603463.69546422
24,18,0.14358299076468872,0.16595110998929818,0.1803463474373555,0.1651313797058388,0.08733021783377745,0.12139537811043777,0.00487175694343033,0.02043342627679339,0.5,0.9,0.9,29,2.4016472996865,2.8856189409366078
24,19,1.07363685466611,1.0974888588442158,1.12193113895631,1.1056105275151558,1.0255568289779067,0.21273201065183348,0.01230175061909762,1.0,0.5,0.9,0.9,31,2.386472094809473,16.632258591033413
24,20,1.070876541724147,1.0936117285497542,1.1179910695260915,1.1150570338623726,1.018039846419092,0.20855718050977773,0.01276334673040538,1.0,0.5,0.9,0.9,33,2.522568732860421,17.50698780906067
24,21,1.0702236508994163,1.0913212632529523,1.1156093262876845,1.1153568373987324,1.0233401049749187,0.21124867066350972,0.01230245276752041,1.0,0.5,0.9,0.9,34,2.4820906079767338,16.837047810606457
24,22,1.073661632830684,1.1001917689269651,1.1347495940343395,1.1358239386289841,1.020172109841069,0.21795165391276566,0.01241201338620293,1.0,0.5,0.9,0.9,36,2.485747321683203,16.83704789323889
24,23,1.0696904547265884,1.1010955074414521,1.1458922283541166,1.1470084059258099,1.0178763714466164,0.21130134867975534,0.01230312628203865,1.0,0.5,0.9,0.9,38,2.467426849429298,16.792990626931807
24,24,0.13358542738329618,0.1640860771968634,0.20883251728945745,0.22991459981937032,0.08189074830777637,0.1131271130144325,0.00842922466298807,0.01926129594180547,0.5,0.9,0.9,47,2.381923444151042,3.1950994195117643
24,25,1.4628867778413521,1.5021321033396127,1.5673006917581023,1.5821364970821143,1.4171418240896987,1.0,0.01425077970718946,1.0,0.5,0.9,0.9,49,2.322943267217678,43.19573133354126
24,26,1.4636934038302698,1.5026267035716194,1.5677780520102775,1.5863134401301542,1.4151784623464585,1.0,0.01547458882930039,1.0,0.5,0.9,0.9,50,2.328139709020159,43.24649420305846
24,27,1.4612301182998744,1.4987256828851812,1.5637977105891698,1.584655911192435,1.4185696140646582,1.0,0.01423998806319445,1.0,0.5,0.9,0.9,51,2.324027168195002,27.960028712169848
24,28,1.0664827092410858,1.0973248373251596,1.152060139998638,1.2797166787506287,1.0193990295272832,0.22522881188087668,0.0073153574208853905,1.0,0.5,0.9,0.9,75,2.4083975842866856,4.453227865565202
24,29,1.0760228655058042,1.1093774154735698,1.1742229460247222,1.305356001890835,1.0372748624725934,0.2396954364104266,0.0128922020918243,1.0,0.5,0.9,0.9,77,2.417067501007104,2.651004004683094
24,30,1.0717159496779791,1.115925742776686,1.2013103875662905,1.341659579279121,1.0272085011661414,0.2322785375513793,0.0122620980841598,1.0,0.5,0.9,0.9,81,2.3705897106638383,225.8994798765769
24,31,1.0750379138093522,1.11317465580031,1.1882547806922295,1.3320667446896206,1.0323168309032844,0.23969740092883302,0.012471728788320691,1.0,0.5,0.9,0.9,83,2.4126736079695377,2.622391008704272
24,32,1.0744719505273266,1.1177850817839645,1.2031209736786384,1.346483056882838,1.0312834593645834,0.23971314656595663,0.0121070916771193,1.0,0.5,0.9,0.9,85,2.409412000920424,2.6074016894920917
24,33,1.0745578714837554,1.1231633449703664,1.2187617075321229,1.3549549911880745,1.0312769535313064,0.23969543980297595,0.012366239272231561,1.0,0.5,0.9,0.9,87,2.4080693581461343,2.6450327181860507
24,34,0.10811541028948643,0.19431182068083103,0.36177609691763823,0.5409140528647384,0.06506891934055781,0.10735794960974825,0.00301999684277587,0.00957217856827796,0.5,0.9,0.9,124,2.3518185618002825,2.798372970409017
25,0,0.9067918932022914,0.9450498323413391,0.9434886725926148,0.16761016344776677,0.0,0.0,0.0,0.0,0.5,0.9,0.9,1,7.551348378543841,26.193184367576357
25,1,0.45340573243635296,0.5980209460865766,0.5853129589507832,0.139597125702498,0.44991417134808326,0.0901186957147878,6.119256143438e-05,0.00021028693548688,0.5,0.9,0.9,3,4.6538966304639615,10.27009436076476
25,2,0.4391056611470753,0.5817618481631343,0.5680441324440633,0.15432577624936114,0.13800866586974794,0.12040062256110622,0.00037970519241999,0.00449057674885561,0.5,0.9,0.9,4,4.640230898015227,10.944736995320415
25,3,0.1684255211303895,0.2235044129589834,0.21009509402273252,0.07524664778743295,0.7745941848436051,0.10095690012902787,0.00025857258937764,0.00088857920221945,0.5,0.9,0.9,5,2.9644054948289784,2.3055184385070917
25,4,0.11127716933877133,0.11437893011136621,0.09779653270728378,0.059366804442662235,0.16924891461027203,0.10421623335675378,0.0004912681183391399,0.0016882324368578,0.5,0.9,0.9,7,2.6189506107466856,2.263448638549549
25,5,0.11106092076542538,0.12483209012393333,0.1287784688164622,0.0777250218197648,0.05429467151609181,0.10421623309624839,0.0004912680895544201,0.0016882323379397198,0.5,0.9,0.9,11,2.6235384264683224,2.2667290274003924
25,6,0.13006732667850254,0.16399543085513846,0.20893312745672987,0.2205599927061594,0.07490920169326598,0.10042152725281353,0.00259702544148983,0.02457298435892795,0.5,0.9,0.9,38,2.5030558315197613,1.892615241862316
25,7,0.24003488412631588,0.2728286980598391,0.3177028224374352,0.35053807900151923,0.1880286980551128,0.12548390861309444,0.01415216907217628,0.12250041055990626,0.5,0.9,0.9,40,2.405084879397229,6.877442286335574
25,8,0.17443134911609814,0.20682859063303977,0.25168055192628014,0.29136794446709546,0.1221179826367102,0.11616041413455883,0.011810135997441771,0.05755534345311739,0.5,0.9,0.9,41,2.4221039131503246,4.833471402822799
25,9,0.18625069167778915,0.22217597836203856,0.2771919026618944,0.30109792918636813,0.13610743559148164,0.20075532968165755,0.00402780073785839,0.03351883563302603,0.5,0.9,0.9,45,2.446992187866071,53.06047547814416
25,10,0.2304961216345377,0.26616171807866873,0.32116311447434903,0.36146309453005854,0.17892457794289873,0.19038054280466662,0.0023143367377511997,0.09043314597455429,0.5,0.9,0.9,49,2.4121519425466347,48.27002910419148
25,11,0.2993395862288495,0.3340594477340084,0.38900861402941256,0.4308459325318187,0.25031214962758513,0.20292238511674712,0.00206226972907265,0.16121119082118304,0.5,0.9,0.9,51,2.398329534021656,43.24149883148933
25,12,0.3108252475903661,0.3450152859630181,0.39993503889297194,0.4490206753842917,0.2625252802649052,0.2143064924729185,0.00207348580892427,0.16819588877157501,0.5,0.9,0.9,52,2.401246289125313,45.80917946800293
25,13,0.25918848794189275,0.2816538597856346,0.3159860031083226,0.4093811557023399,0.2112226539332378,0.19189738448011937,0.00379292054903801,0.12242854050164993,0.5,0.9,0.9,54,2.3998115644062783,39.97577404743219
25,14,0.32047315719340796,0.36465213865597107,0.44006333449177054,0.5182116109099679,0.2709169165425278,0.21605860956082773,0.00449429293262564,0.17646746818548292,0.5,0.9,0.9,66,2.434789532565208,48.10304751992824
25,15,0.3093599397844034,0.35348702325065895,0.4288953226196186,0.5170151021183479,0.25993414848055035,0.1954511205806891,0.00483585030579122,0.17528071523368027,0.5,0.9,0.9,68,2.4366069990043515,51.24155281092416
25,16,0.3204698887944014,0.3700169196104002,0.4556944367694783,0.5420082412221915,0.2710643419466834,0.21518126596113346,0.00466328040257918,0.1768627382922442,0.5,0.9,0.9,69,2.4350816277924245,48.13109014461789
25,17,0.2211885474848505,0.28136966549664644,0.3875740164748521,0.5155500309204771,0.17198011001304386,0.18740103446123996,0.00197819833255632,0.08493599143386531,0.5,0.9,0.9,87,2.3968046005844683,63.68522859142201
25,18,0.2746299753166157,0.34538373544429357,0.4721121555932688,0.6053500331396285,0.22580432055915198,0.21680796988712844,0.00277617738327395,0.12751178986641862,0.5,0.9,0.9,96,2.4060716155072277,44.40619317580341
25,19,0.3007552093373088,0.376873397114616,0.513868065674905,0.6502545894006926,0.2520243265038109,0.2112329872272211,0.00257541207071812,0.15992164250423105,0.5,0.9,0.9,98,2.4001000983077883,44.11064157033742
25,20,0.31940699021749097,0.4116591343254338,0.5794543062289332,0.7047165890925774,0.2708043579566942,0.20542572672613205,0.00372776871579963,0.18292911813561502,0.5,0.9,0.9,106,2.4256512776014287,53.29553373967363
25,21,0.2750285033586497,0.3614419296933813,0.5189449806004631,0.6662535012951749,0.22826897453352757,0.1841003251458319,0.0025207954625818,0.14708444603513238,0.5,0.9,0.9,107,2.401865795733389,39.30490592984664
25,22,0.26236166707595837,0.370495825164527,0.5690783111495644,0.7347208635360631,0.2140966946341905,0.1995207106450971,0.00237759304560458,0.1246474820682076,0.5,0.9,0.9,124,2.393065516547568,48.25157963495723
26,0,0.9128509486089632,0.948747295694047,0.9472913154826192,0.168334243872558,0.0,0.0,0.0,0.0,0.5,0.9,0.9,1,7.402716434755074,26.10432857733243
26,1,0.46523513972443165,0.6101546266292524,0.5977721930347996,0.14251157983005597,0.44257430223857147,0.09146766854945623,6.0178716337620005e-05,0.00020566838401320998,0.5,0.9,0.9,3,4.374189972735584,10.236238924964727
26,2,0.4652349679072116,0.6101542943028679,0.5977719130581468,0.1425115144959347,0.04597339919247921,0.09146766854945623,6.0178716337620005e-05,0.00020566838401320998,0.5,0.9,0.9,4,4.374036507091679,10.237078359078904
26,3,0.12426022346392196,0.1395133100749099,0.1236264688496762,0.061374884431243885,1.0547145835496152,0.10567351501599129,0.00047230641030082,0.0016141669692765,0.5,0.9,0.9,5,2.310215184852221,2.168131849396276
26,4,0.11956072119522833,0.12878439055614602,0.10259304999545968,0.07129675400181935,0.0514510876923355,0.09921723014639808,0.00033901613526263,0.00079349097854583,0.5,0.9,0.9,8,2.315731266577365,1.7673892623167924
26,5,0.11953837554535099,0.13418535895523012,0.11826334321836718,0.08394052269975247,0.05067324130922334,0.09921723014639808,0.00033901613526263,0.0007934909785458201,0.5,0.9,0.9,10,2.3131537433705343,1.7641658887989344
26,6,0.11953797137482981,0.13962952978428475,0.13397815272897207,0.0906354718848042,0.05062830143241901,0.09921723014639808,0.00033901613526263,0.0007934909785458201,0.5,0.9,0.9,13,2.313570218267565,1.764693373333902
26,7,0.11950161798652302,0.15045451725841658,0.16534284407108898,0.11170292137517589,0.05066101600086564,0.09920900599818185,0.00033905954834745003,0.0007905803862042701,0.5,0.9,0.9,16,2.312026182757186,1.7671481186813511
26,8,0.11647789856664235,0.13446490361837216,0.12869161931798723,0.09533164700854678,0.05849308276944993,0.09742138508076367,0.00040894918081393,0.00075313674057421,0.5,0.9,0.9,17,2.343660314127643,2.754358789004347
26,9,0.11574868906492208,0.13301949141349595,0.12720510295786952,0.09761329806455259,0.052766817843342646,0.09745330640203545,0.00040895780189229,0.00074614835119943,0.5,0.9,0.9,18,2.355052480009622,2.640857614488148
26,10,0.11884163907078958,0.13583779421498715,0.13000721110884128,0.10803455558380823,0.053717199879317896,0.10439796276344715,0.00039359728357475003,0.00065423345906988,0.5,0.9,0.9,20,2.3605556968756574,1.8907823673605493
26,11,0.1173057500579684,0.1338247710830555,0.127966894500372,0.10944864061544111,0.05408999480841072,0.10227727920999297,0.00039566358023791,0.00066796967371101,0.5,0.9,0.9,21,2.353564035138732,2.0621156053620973
26,12,0.11581759502726083,0.13099438894386875,0.1250591409067225,0.10922474809359281,0.057579239809047195,0.09957885976456624,0.00047818846643504006,0.00195555959642586,0.5,0.9,0.9,22,2.360592653468463,2.838622736952016
26,13,0.11649286797522201,0.13130913147808787,0.1253534759086451,0.11268081127620164,0.054521177060373835,0.10151906004909458,0.00042345811385842,0.00209003719455501,0.5,0.9,0.9,23,2.3469307780194533,2.5145789032150745
26,14,0.11354841921892043,0.13341262070992257,0.13770473262619884,0.12020896405178147,0.05102866676402034,0.09619687183093012,0.00052406327508856,0.00212164627060031,0.5,0.9,0.9,26,2.384561323785775,2.260469389259377
26,15,0.12891854327510524,0.14484124188082173,0.14890916114732847,0.16490221692631754,0.07523202170445621,0.11745717206934367,0.00104929054070413,0.011256287107204981,0.5,0.9,0.9,29,2.335920582350932,3.3212369667389203
26,16,0.14770328461200227,0.17657637042232255,0.21126527265984268,0.22360318725626682,0.09422536703720774,0.14237067274885484,0.0027882145126590903,0.02024758207670501,0.5,0.9,0.9,35,2.269081490718605,7.982034790330303
26,17,0.14769541381399148,0.18200525423614755,0.22696440347637747,0.24797697321344178,0.09192575211590603,0.1423706731913605,0.0027882144624745,0.02024758187933344,0.5,0.9,0.9,39,2.271264770889284,7.971032907017877
26,18,0.26360143360680904,0.29529166048733396,0.3401044281153157,0.38634759779492955,0.21213296917131935,0.18441284145646036,0.00286302535655517,0.12841910242837556,0.5,0.9,0.9,45,2.677608214843414,60.39324552433103
26,19,0.2635900609703858,0.30071356544863487,0.35579627954044196,0.4023884604498538,0.21038404412548992,0.1844128414564604,0.00286302535655517,0.12841910242837556,0.5,0.9,0.9,47,2.6792798064178847,60.23185248170478
26,20,0.26357896203258124,0.300690801173838,0.3557727615841925,0.39930206397855084,0.21040714871173113,0.18441284156535176,0.00286302536670092,0.12841910244943916,0.5,0.9,0.9,48,2.678723126311041,60.27688745731043
26,21,0.264660470163405,0.30605689421850224,0.3713448098478592,0.4141595724772691,0.21411741701398576,0.18672413286737305,0.00280106668202733,0.12963501470950822,0.5,0.9,0.9,51,2.657874428283284,57.8421615505654
26,22,0.12482673582418594,0.16000738377256918,0.21498190571254,0.2912106299791548,0.0740804772536114,0.11664110236127223,0.0014641881794571,0.015354972387750129,0.5,0.9,0.9,56,2.561333567047663,6.701299118964197
26,23,0.20646517732646202,0.2383174398122384,0.29310816047772237,0.39595532991209376,0.1715783769575413,0.17248980081380302,0.0024777519261695202,0.07751393164269282,0.5,0.9,0.9,57,2.5849543370315216,15.731018349594954
26,24,0.20910379053990524,0.24340029480638437,0.3082969192115149,0.4190857139033748,0.16605207429764046,0.15982568000285535,0.00611375868184635,0.08694333956197346,0.5,0.9,0.9,62,2.599093349961937,15.23553399035073
26,25,0.20911424315954968,0.248851336963476,0.32401879800084954,0.43013583958721574,0.16368699568484701,0.159838227270954,0.00611524413221143,0.08695082637564924,0.5,0.9,0.9,64,2.5991753242621347,15.236672446199936
26,26,0.12820244527743774,0.1697109889505539,0.2549492224516826,0.4109180503782165,0.08659252777848492,0.11777909819913379,0.0018528183288071,0.028408337200017397,0.5,0.9,0.9,95,2.516731219622049,6.352911868741735
26,27,0.12606422636569742,0.155989403490809,0.2206485597359937,0.40771510656427873,0.08515788317619002,0.12186994214391866,0.00199181453907877,0.024317853111361278,0.5,0.9,0.9,100,2.539382202014426,8.45687512176738
26,28,0.12939776642283723,0.17548669062608835,0.270948679502325,0.4210263763477605,0.08877241823135754,0.1120825798027488,0.00191434500831839,0.033707705684279485,0.5,0.9,0.9,101,2.5251343856697472,5.095171572044573
26,29,0.12525802518847653,0.17003176175500886,0.26542272995249455,0.42746775575375273,0.09029401714840427,0.12243441012975001,0.00194778088260673,0.02463751544386325,0.5,0.9,0.9,102,2.547536390664245,9.000784427068911
26,30,0.13240298695316663,0.17679297950783696,0.2721631987326454,0.43993318336146015,0.09288262543031789,0.12232532279992381,0.00227127300830589,0.032695567803008294,0.5,0.9,0.9,108,2.568837416569388,8.976413280302694
26,31,0.12831390215380067,0.18314077537840318,0.2990279319748298,0.4765724172805539,0.08983306980663543,0.11805752713553937,0.0028046924916376,0.03043910237261232,0.5,0.9,0.9,110,2.629806633469661,14.750888070848625
26,32,0.13759119582893387,0.18675071943236715,0.2923554418579872,0.4978169484998781,0.09859805351590059,0.1168966046105621,0.00258064599196676,0.04183699830615939,0.5,0.9,0.9,115,2.5644095296088727,7.262286453339262
26,33,0.13505749630021346,0.19435143129854554,0.320456812085063,0.5338796961399124,0.09754383686203699,0.12553095148806975,0.00242166905113824,0.03513083685578694,0.5,0.9,0.9,118,2.4748081781410725,15.361360475650793
26,34,0.13842038908640647,0.19751762698793834,0.32361221437877463,0.5303969135866686,0.10086677608372985,0.13098748144267075,0.00272383758162058,0.0357278965993564,0.5,0.9,0.9,119,2.442811663995345,13.56286784016836
26,35,0.13399670012789544,0.19213548413604734,0.3181789435511636,0.5542598042133268,0.10025334139656869,0.12542819636401098,0.00296220659658057,0.03460603506099246,0.5,0.9,0.9,120,2.484148695281934,14.627872113941113
26,36,0.13397965505129017,0.19211348316156115,0.31815672850926585,0.5542455463355525,0.09653221935680699,0.12544177141759566,0.00296425323343223,0.034582340243567836,0.5,0.9,0.9,121,2.48434064237575,14.729378895078996
26,37,0.13399817037836298,0.1921190750356713,0.3181613823107394,0.5542705234919109,0.09659229605794432,0.1254567670431968,0.00295846709351933,0.03461296403611403,0.5,0.9,0.9,122,2.4938800299073507,14.71056576695948
26,38,0.1456993414220561,0.20362276125591483,0.3296545459979585,0.5660736029109404,0.10918780745524445,0.12585019455281934,0.00382528653886011,0.04672300905293717,0.5,0.9,0.9,123,2.5104607430505697,16.055013098509576
26,39,0.17405022811582804,0.24027052522242084,0.3867050846391382,0.6527649828369145,0.13936888846159712,0.12580324972625412,0.010695938887901931,0.07390770628284085,0.5,0.9,0.9,154,2.7680704083062646,9.58691438108511
26,40,0.18106714753917988,0.24713579944075925,0.3935623775684334,0.6779909184117855,0.14648535001371754,0.12690778133688127,0.011966094280525561,0.07996697624455981,0.5,0.9,0.9,156,2.7557167568113714,9.77434667757792
26,41,0.20457069211685885,0.2857606310244145,0.4629348560865372,0.7419961174284616,0.17308859615997224,0.13160496356109022,0.01297317027312303,0.10363641649682884,0.5,0.9,0.9,158,2.784544947248412,9.352171986758291
26,42,0.2081788979507302,0.28925941750359213,0.46642759466312916,0.7456592220955816,0.17466452725668014,0.1318789403363217,0.01336684056867592,0.10720498248435228,0.5,0.9,0.9,160,2.7881936481292966,9.378902360268349
26,43,0.20432908644592143,0.28524709175585206,0.46240690272726004,0.7382639666601882,0.17136939018808384,0.131607908317556,0.01299114078342393,0.103610057922268,0.5,0.9,0.9,161,2.794781065841333,9.330527809437005
26,44,0.19757788801684223,0.2838468874267011,0.471272011071027,0.7424394362349441,0.1644401768256203,0.13069496939134467,0.01120836711662765,0.09848864640053068,0.5,0.9,0.9,162,2.8152293174460343,10.029137629875173
26,45,0.18849286342562435,0.2687315463077898,0.4458553493943964,0.8077539537739823,0.15557572064026348,0.11821501455807071,0.00947030398317515,0.09762763356274021,0.5,0.9,0.9,190,2.5795455627005173,7.984065490397427
26,46,0.1898761017549565,0.26874376645127246,0.44579524856090946,0.8393800059377384,0.16068796732400498,0.11970192727396475,0.010467029389952361,0.09865169052590708,0.5,0.9,0.9,192,2.6439936212199706,9.067395407219976
26,47,0.189758130745444,0.2739917130567903,0.46130937766850055,0.8393009766236436,0.15830984895621347,0.11952877138846821,0.01029120981065297,0.0988677823296044,0.5,0.9,0.9,193,2.646557674811084,9.263846015709026
27,0,0.963025928759114,0.9786839210525441,0.97807838808706,0.17419677061478764,0.0,0.0,0.0,0.0,0.5,0.9,0.9,1,6.155778357095502,26.10633934573632
27,1,0.5056065011070311,0.6502375182036998,0.6389749864120683,0.15090170107588718,0.4334754546455581,0.09282691840773585,5.886106022706e-05,0.00019848425598483003,0.5,0.9,0.9,3,3.3883056717930016,10.26133093397864
27,2,0.15545421212552404,0.1983771123845216,0.1841734610805396,0.07259927492535342,0.5338860330256029,0.1059034819402503,0.00035125803635057,0.0011844705096167398,0.5,0.9,0.9,5,1.9855718898641337,1.6860207524866009
27,3,0.1340658785064113,0.15746615093445862,0.14205937853257025,0.06574709209926835,0.14313462454961326,0.10760970924003024,0.00050067370580235,0.00168831223229736,0.5,0.9,0.9,6,2.1895557649036896,2.548929842357841
27,4,0.1322700236429035,0.15400907719848642,0.13850364686668867,0.07178066600648436,0.06292885370114736,0.10762395101448166,0.0005022721841521701,0.00169370243058377,0.5,0.9,0.9,7,2.1857367279946214,2.5728010447440486
27,5,0.13222478211940153,0.16482499626736288,0.1698591377620989,0.09161347604037672,0.05579914659771904,0.10760915380317301,0.0005006115104109899,0.00168810250440709,0.5,0.9,0.9,12,2.181652924719316,2.5531651310447745
27,6,0.1476535952142805,0.17986131053105214,0.18487223916660717,0.11563199426785382,0.07332072005458871,0.13932290548626286,0.00049285199255086,0.0016947012289858,0.5,0.9,0.9,13,2.11216470257421,2.4577891910960945
27,7,0.13141733696926247,0.1580412782121088,0.15277333868791784,0.09116718403529454,0.056143786004519414,0.1070146465040209,0.00049576381753157,0.00176851561241879,0.5,0.9,0.9,14,2.2651245236543263,2.8392595799632367
27,8,0.13141213139053257,0.16347611045817043,0.1684784293849265,0.10512607113077525,0.05555526751567242,0.10701450509652302,0.0004957365830797901,0.0017683996205667698,0.5,0.9,0.9,16,2.2650386021707645,2.8392998922935946
27,9,0.1312882211606902,0.16868309757419872,0.1839494242071715,0.12221502235617089,0.05578961280392131,0.10701424937640278,0.00049570987837886,0.0017683072798264899,0.5,0.9,0.9,18,2.2658233816673445,2.8678985470574343
27,10,0.13127673109212523,0.17954974777055843,0.21535659808517943,0.14039025486775836,0.055570681575259954,0.10701532107678129,0.00049600634587893,0.00176860752942844,0.5,0.9,0.9,20,2.266236516731545,2.8672549374914915
27,11,0.13994265566329564,0.17690829279977277,0.1921493525938936,0.13380929501232633,0.06556178127594547,0.12541351330417488,0.00048351374902611,0.00169163643725701,0.5,0.9,0.9,22,2.222386345526874,2.758412421269702
27,12,0.13444998716885265,0.17169156852026607,0.19689940539136278,0.15036627986487708,0.0757012228242206,0.10947838813765695,0.0034120724828366903,0.00763859969826064,0.5,0.9,0.9,24,2.51815141628814,3.1985437784891144
27,13,0.13519026541530893,0.17224838786619734,0.19744549047109927,0.15669546602180806,0.06600561395091382,0.1094531083653558,0.00372633163362021,0.008375065768821351,0.5,0.9,0.9,26,2.538940260517714,3.2613520083631755
27,14,0.13897351721684675,0.1756557208487339,0.20083121587707167,0.17747885829112092,0.07138436421102842,0.11998535074752861,0.0020861559268419297,0.00880566168367828,0.5,0.9,0.9,27,2.0371391677745274,3.403706107270384
27,15,0.14801474247098692,0.2131056825303275,0.29965857889060654,0.25836682509349457,0.08424070786736373,0.11218242327504553,0.00446333623873402,0.02570993291086484,0.5,0.9,0.9,45,2.367710885297824,3.210444590463825
27,16,0.14801527123618397,0.2185510456843232,0.3153744760266886,0.2739460751293355,0.08324776848000755,0.11218242778768024,0.00446333288638665,0.02571052005860659,0.5,0.9,0.9,48,2.367710890680185,3.210444395671827
27,17,0.17170196885683509,0.2415556321817433,0.33834003057652984,0.30754240198937444,0.11047376725304658,0.10386486634383034,0.01006146110336955,0.05182556635472273,0.5,0.9,0.9,49,2.4661691968606103,3.2941370348822443
27,18,0.16113666936535062,0.23059508827063424,0.3273567907467775,0.29762792149261896,0.09911428404811543,0.10576001902524532,0.0142998273756086,0.035242528301484236,0.5,0.9,0.9,50,2.4258010544158624,3.112063892802745
27,19,0.13666622866186864,0.19816747553526234,0.2845148015497808,0.3008512907343431,0.0881693243451699,0.10836064001221943,0.00399656423399379,0.01973405415200695,0.5,0.9,0.9,52,2.180547388087214,3.3299051590494515
27,20,0.14119586905525044,0.2034208865531276,0.289809412308357,0.3081802789234148,0.08049662311316598,0.11629667992293949,0.00449523057031987,0.019048493879224578,0.5,0.9,0.9,54,2.2406193733765547,4.275687085745441
27,21,0.14115691034570155,0.2087999173050408,0.3054576585161465,0.3216168201870162,0.07934676241253494,0.11625354773203189,0.00449720430816183,0.01905718485228766,0.5,0.9,0.9,58,2.24416103006853,4.296456394236179
27,22,0.14075683931175018,0.21377092678783718,0.32069494608648463,0.3315035798457337,0.07916831224703297,0.11571802986258747,0.0044416872412988,0.01904824007463994,0.5,0.9,0.9,60,2.2298398344995167,4.111869667995504
27,23,0.14551648421898442,0.23471029903044402,0.37243747206125993,0.37769046000232354,0.08403176699987532,0.12181542937600112,0.00447812817157674,0.021086122710843293,0.5,0.9,0.9,67,2.0827936224925065,4.19238383566038
27,24,0.13935325008963892,0.24441764293947776,0.41292998070966125,0.3782337383578453,0.07927835279845159,0.1145528809852198,0.004339192312768849,0.01892927492440827,0.5,0.9,0.9,68,2.1903006015125066,3.7546560937484736
27,25,0.12543124912730724,0.20524770419003158,0.34244679562451563,0.33088107816209605,0.07392292151186017,0.10465688674480664,0.00326759509626149,0.01973652410172306,0.5,0.9,0.9,87,2.4988460709870663,3.939909405206445
27,26,0.12486255453617208,0.19773994874983927,0.32458563768449733,0.3252389675993059,0.07538650994535472,0.10443068741544519,0.003908514206535299,0.02017282813586457,0.5,0.9,0.9,91,2.48088737175704,3.628482967870871
27,27,0.12331550886318907,0.19467922434605872,0.321441411674739,0.3280216059945891,0.07682639835614632,0.10442645078032527,0.00381898197138459,0.02013769330186982,0.5,0.9,0.9,93,2.530941233086977,3.5863236724627803
27,28,0.13354626535666883,0.21026148366869307,0.3472891907349791,0.37946806181843556,0.0841489351328234,0.10756116666276036,0.00443700371290228,0.029243578344207228,0.5,0.9,0.9,100,2.531042378388779,3.6523537224387335
27,29,0.13030604141329388,0.20555575039896407,0.3425027317328971,0.3806377673491322,0.08809350038248238,0.11281071021162523,0.0026140074027505003,0.02607866970142721,0.5,0.9,0.9,101,2.534912014943812,3.6783016328645983
27,30,0.13030604273434082,0.2110005864352334,0.35821782177460054,0.3837465112100297,0.08222896971650079,0.11281071060234785,0.00261400745685137,0.026078670046309198,0.5,0.9,0.9,102,2.5349119657320767,3.678301248918548
27,31,0.12700984903720544,0.20208239223624416,0.33901956381711074,0.37744017460259094,0.07926820630713727,0.11356989529353645,0.00297891221278025,0.02181377614141253,0.5,0.9,0.9,106,2.536675274003955,3.6817366558105378
27,32,0.18527794948442472,0.30915837610335123,0.5385200995183845,0.6565211875865787,0.13777312920772342,0.10849501769863179,0.012108825716964509,0.08044859254475624,0.5,0.9,0.9,124,2.589701540172596,4.677757772604963
27,33,0.185253406995032,0.30816584406812975,0.5374744084242455,0.6642862842960713,0.1399286181386279,0.11004418676289458,0.01239927678858687,0.08027245702602498,0.5,0.9,0.9,126,2.6010682393675326,4.952271348140191
27,34,0.18561017160654586,0.3134893824740369,0.5530424670716876,0.6721592503233913,0.13991455119515933,0.1109903351500358,0.01231740361394114,0.08071803682024295,0.5,0.9,0.9,128,2.543300424809441,4.716381426865118
27,35,0.1859294342121786,0.31921501104167666,0.5690365847557376,0.6902127182269476,0.13959658310877854,0.11141610457137738,0.01228535461836933,0.08090788265899723,0.5,0.9,0.9,130,2.518957624094425,4.620782968258466
28,0,0.9110265127072438,0.9476363285910359,0.9461487307650438,0.1681166807404145,0.0,0.0,0.0,0.0,0.5,0.9,0.9,1,7.486122115269566,26.28198223277838
28,1,0.46747315101532844,0.6123254529124383,0.5998528890709148,0.1472382465665181,0.45005420668585244,0.10214460361641693,6.152719881936e-05,0.0002158709722139,0.5,0.9,0.9,3,4.455099043534396,10.273470202446722
28,2,0.15970684555175632,0.2021868185339485,0.18795538415487822,0.07719882798756225,0.4957709245056423,0.1156825425031504,0.00031750667505743,0.00111398659364087,0.5,0.9,0.9,5,2.463378955314478,1.8059378371958623
28,3,0.13470263342455538,0.15432689550555953,0.1386961491897952,0.07236944556450846,0.11129369077493795,0.11748159604708311,0.00043629719921105996,0.00153076854424014,0.5,0.9,0.9,7,2.252134717244779,1.851686757148151
28,4,0.12560090864424983,0.13752032148442692,0.11148626529961667,0.06458117582866232,0.06347271026719474,0.10562635167377617,0.00033916091934283,0.0007862900370565701,0.5,0.9,0.9,8,2.240702313221291,1.7605738136992644
28,5,0.12519748383762822,0.14208491743150023,0.12629348244647862,0.06982668752608656,0.054941329148147304,0.10589053454754697,0.00034510496299045,0.00074722597541984,0.5,0.9,0.9,10,2.251841377912796,1.852440612363028
28,6,0.12524666251266536,0.14752383982344724,0.14200007180693044,0.07764936814681332,0.0541525049654542,0.10606480474827477,0.00035112572657541,0.0007637331083192201,0.5,0.9,0.9,12,2.2483889623856537,1.849584767440262
28,7,0.12418680052699363,0.13935249816632192,0.1234606085748666,0.0860371966283922,0.061796678283127564,0.1073815817258097,0.00035405912325908,0.00080420423862115,0.5,0.9,0.9,13,2.2602254587875272,1.7025430242812505
28,8,0.12439727977057152,0.1394174761878813,0.12351705657934611,0.08634111851226545,0.05570887546938139,0.1080871508105838,0.00035908280305263,0.00081024491392158,0.5,0.9,0.9,14,2.26586119976084,1.6906070371959805
28,9,0.1238876586297973,0.1442126053748138,0.13857486816653083,0.09249155383794933,0.055325365683170945,0.1073815817258097,0.00035405912325908,0.00080420423862115,0.5,0.9,0.9,15,2.2599813647242657,1.694310133206669
28,10,0.12355082131362134,0.14894780472977293,0.15355896213951256,0.11615712587410804,0.05557329563932403,0.10755635843701172,0.00035753181298185004,0.0007627656965636901,0.5,0.9,0.9,17,2.268443133352902,1.7794552994688395
28,11,0.12363072952352577,0.15435148646361377,0.1692262622349709,0.10836639361679891,0.055248055967169994,0.10792144053897901,0.00036668618303466996,0.00078015394584793,0.5,0.9,0.9,19,2.2668809346184653,1.775793275332128
28,12,0.12425805747379651,0.1487620535497419,0.15332150691373783,0.12008799840857913,0.058050820975667924,0.11074991516569252,0.00038475360511753,0.00078177721502594,0.5,0.9,0.9,21,2.285657900338729,1.810662688678275
28,13,0.12383518908005767,0.15348355083734425,0.16829595442897338,0.12746073710269554,0.05694580120593836,0.1104965119624138,0.00038933202808947,0.0007949844554300701,0.5,0.9,0.9,23,2.279940846525897,1.7897836208790945
28,14,0.12237248668141466,0.14547851275945622,0.14995693985221412,0.12943516783434234,0.060605825929179936,0.10972955414630663,0.00041432792174929,0.00083554640950745,0.5,0.9,0.9,24,2.2987913960022595,1.7430868434108655
28,15,0.12130299574159063,0.14875209511634174,0.16343769336611982,0.1419932305816633,0.05835336079674647,0.10985437042307537,0.00041928220254659,0.00083048586888133,0.5,0.9,0.9,26,2.294374103441152,1.709035580678818
28,16,0.12219104136902602,0.14927226945584618,0.16393687498930734,0.13801826904793135,0.058853085607284424,0.11211349899206473,0.00048449695446621,0.00091566387521104,0.5,0.9,0.9,27,2.321622862413899,1.6670525538779593
28,17,0.11680626798672236,0.1469594619726296,0.17175866271723436,0.14209111196095778,0.05681360090822535,0.10478087054321894,0.0006019317973879801,0.0015704534884450501,0.5,0.9,0.9,31,2.2808365657357714,1.812738256601592
28,18,1.059731496984599,1.0871520924428622,1.111795384356015,1.1095818114542206,1.0113007338308033,0.19506795618508688,0.0027531290229122402,1.0,0.5,0.9,0.9,32,2.208578055013464,9.053272119976272
28,19,1.0584277708514636,1.08531977306465,1.1099333008350083,1.111553661707724,1.0014088877914007,0.19357040904162476,0.00272063974290351,1.0,0.5,0.9,0.9,33,2.2075751173321025,8.900517360378227
28,20,1.0432038809977175,1.0801460786733765,1.125253167127222,1.1111035534627152,0.9859908110909865,0.16466338010783693,0.00278888251964152,1.0,0.5,0.9,0.9,36,2.220261545740734,7.577699918908181
28,21,1.0427786359873168,1.085161060122663,1.1405388622812949,1.1168448801530104,0.984430354735321,0.16382327737183644,0.00278814508745691,1.0,0.5,0.9,0.9,38,2.220580363011107,7.537366119108048
28,22,1.0224322973726363,1.0694272520337342,1.1350283337514018,1.1058691902507356,0.9666007955665638,0.12484884639101775,0.00274580695633539,1.0,0.5,0.9,0.9,40,2.235250509000198,6.251431333102298
28,23,0.11721022318762186,0.16116615508149484,0.22659685897005294,0.21394663870685854,0.0747419105730176,0.10569032392933198,0.00488960583254342,0.0059946804016184,0.5,0.9,0.9,41,2.276919513330302,1.6826324078120352
28,24,0.11379047156298253,0.15530157983960477,0.2205958235711693,0.22167930567932828,0.0637142309641043,0.10682840237384146,0.00326850050492085,0.0057985789221943005,0.5,0.9,0.9,46,2.306622133714449,1.6586981273392178
28,25,0.11332651769995168,0.15958681008138026,0.2351131501454674,0.2500603449668798,0.06447192857555689,0.10790881236665222,0.0030346795560357,0.00565488375069887,0.5,0.9,0.9,47,2.28691417663911,1.6629089834198365
28,26,0.11330310784734998,0.1595521606821664,0.23507786999225658,0.2500431983587287,0.061768067578463634,0.1078626334918891,0.00304443605440625,0.00565646882604516,0.5,0.9,0.9,53,2.285375680442442,1.663389138573189
28,27,0.11252763482591067,0.15850490614178137,0.23401538621597506,0.24694598822871633,0.061659048585742074,0.10692567094215247,0.00299981341164454,0.00564770476919791,0.5,0.9,0.9,56,2.299821966440068,1.673494120763595
28,28,0.11241193000336444,0.1579756335016354,0.2334635450301545,0.266521056884549,0.06325250074757256,0.10693263980056018,0.00309876457205932,0.00585315941850934,0.5,0.9,0.9,57,2.3298227630212427,1.662775372562522
28,29,0.11224163196116753,0.15761803203627417,0.23309527543080932,0.26645703221041506,0.06190041251171546,0.10692264657175103,0.00312326912905767,0.0058424945085046,0.5,0.9,0.9,59,2.3282665081096363,1.6585623612671836
28,30,0.11170667521450234,0.16189108896471524,0.24760381475716317,0.2961097408125294,0.06283490668315589,0.10684240161865663,0.00324224733936957,0.00584416739786299,0.5,0.9,0.9,61,2.3208198442794816,1.6463052897806152
28,31,0.11189502410905286,0.1670555194958215,0.2630129887112114,0.3066523977693018,0.06267721013536799,0.1068098763837327,0.0035036604972839697,0.00630211972786288,0.5,0.9,0.9,65,2.337182173566353,1.641019714443004
28,32,0.16064678057950182,0.23155465340521325,0.35829126891064333,0.41735420840290705,0.11170469018046905,0.1370394099879925,0.009266273806102409,0.03853549162785821,0.5,0.9,0.9,77,2.389113935231227,4.482150756325992
28,33,0.15438313897146086,0.2248695377990055,0.35158308160070195,0.4216223003277383,0.10735610332991016,0.13205519570688512,0.00891587279744677,0.035134614622261875,0.5,0.9,0.9,78,2.389313617353868,6.281974410811864
28,34,0.19824326949945817,0.2726059268987913,0.40950396416685575,0.47414360491519847,0.15723114116411158,0.1508770706499805,0.013300285181889079,0.07065068645213726,0.5,0.9,0.9,79,2.4496798394899115,12.1994365283895
28,35,0.18199489803766836,0.24524398397744243,0.37156219472777946,0.4463118691571255,0.16238560472152522,0.14739030824163388,0.01133046301586141,0.06228882920769131,0.5,0.9,0.9,80,2.423701070531457,12.964953190260818
28,36,0.193165490692038,0.23910407052101254,0.3345577707895667,0.39918071900361185,0.15328044122747958,0.1523973997073264,0.01239060818232169,0.0718380389507223,0.5,0.9,0.9,83,2.387294233673248,13.178168398582208
28,37,0.22195100657957684,0.30584952053779363,0.47318920946434173,0.5446705601247919,0.18099627853331274,0.16189491441073428,0.01252380223198447,0.09856683379011716,0.5,0.9,0.9,92,2.37406614500525,34.769381183861086
28,38,0.16936727756812098,0.25823812945367225,0.43582316288093187,0.5033848959501195,0.12969682592872822,0.1447795557301503,0.01043510239297301,0.05221005178310741,0.5,0.9,0.9,94,2.371671471561962,8.537257810974504
28,39,1.474595812293393,1.5787181199911888,1.7870566161830492,1.8461526003293312,1.4355736266930434,1.0,0.03885482827192342,1.0,0.5,0.9,0.9,101,2.3984172251835263,546.7045058558443
28,40,2.290642509762758,2.3947066626289137,2.6030419253590678,2.691749627806945,2.251147247526416,0.902137770189684,1.0,1.0,0.5,0.9,0.9,104,2.3662191667283063,26.932063673216305
28,41,2.339557238767596,2.4490477187455344,2.667652852693308,2.7486248209077098,2.3000238021938793,1.0,1.0,1.0,0.5,0.9,0.9,107,2.364756958982529,17.800601363649008
28,42,2.261745784318794,2.3708387993925792,2.5894224124582315,2.671020362832677,2.223318326044887,1.0,0.913936816949907,1.0,0.5,0.9,0.9,109,2.381124680097221,12.308785464935935
28,43,1.933986009900424,2.0095944012582003,2.1665103524441425,2.240242060014741,1.8956857869315948,0.19101815956454435,1.0,1.0,0.5,0.9,0.9,127,2.3290640230303428,9.595929609039654
28,44,0.5434150772726456,0.6570617590801793,0.8858679206969186,1.0555193081580039,0.505014945339912,0.1059592124698131,0.046524932234692166,0.4557260492562724,0.5,0.9,0.9,158,2.4909894287591245,8.11516901958606
28,45,1.0269043180433504,1.138487221917455,1.3671828709855423,1.5817712509582427,0.9919227467063655,0.15502768756748808,0.01422740297209408,1.0,0.5,0.9,0.9,163,2.4794505796662007,9072.79807302913
28,46,0.1362410635264513,0.26849655104428743,0.5382155387630781,0.8423377528702627,0.10083915917372119,0.09874634915963407,0.0107581608437921,0.04618964319348358,0.5,0.9,0.9,183,2.523990195665939,209.5138144936072
28,47,0.13164696560170724,0.26934585688251683,0.5493355174045987,0.870584593283753,0.09603441065740835,0.09873804017918864,0.01074602974704667,0.04110320035434434,0.5,0.9,0.9,189,2.5241512939994237,209.503741895266
29,0,0.9558725037952873,0.9744886327760219,0.9737639478768583,0.17337520158221184,0.0,0.0,0.0,0.0,0.5,0.9,0.9,1,6.328310445260312,26.171521885605003
29,1,0.4911603679170984,0.6361850491521864,0.6244064224244164,0.1514531116299245,0.4519852806148406,0.10100060683898411,6.247322589951999e-05,0.00021819912827219,0.5,0.9,0.9,3,3.851285664249058,10.227675772037031
29,2,0.4910880413632464,0.6361132666531584,0.6243327885648912,0.1538373800154894,0.05090048627682533,0.10100060683898411,6.247322589951999e-05,0.00021819912827218,0.5,0.9,0.9,4,3.854699668797196,10.274351830281509
29,3,0.16074396310927713,0.20419132266515588,0.19002150911860194,0.077456797223211,0.9780032506148076,0.11526280234592215,0.00032916867190802,0.00114968158328115,0.5,0.9,0.9,5,2.347070631107478,1.767545750272966
29,4,0.13465431531065408,0.15344093506164583,0.13776100771612698,0.07288058360971338,0.11617619607911149,0.1182311358295171,0.00055564402326769,0.00194068802692621,0.5,0.9,0.9,7,2.331214828760124,2.826382694778526
29,5,0.12490513158359318,0.13588822842948042,0.10979942146264421,0.06449991728975614,0.06416279450729323,0.10621262004467398,0.00034617824251191,0.00078271338613119,0.5,0.9,0.9,8,2.265930135711073,1.7630158583297746
29,6,0.12456706359890037,0.14066239826053667,0.12482469927483274,0.06971461881837769,0.05484005137226762,0.10626743442931992,0.00034708690975385,0.00076571864066435,0.5,0.9,0.9,10,2.2733210232570946,1.768103699864979
29,7,0.12429354070592924,0.14546452541047375,0.13987599423968983,0.07741918555926505,0.0550332280882192,0.10638980086760164,0.00036867455143315997,0.00080466128581578,0.5,0.9,0.9,12,2.291912676127884,1.7727518454178586
29,8,0.12910000176256206,0.14382404310876495,0.12790633117066602,0.08702501240311898,0.06434545629569839,0.11615317748519989,0.00050382636224941,0.0017544449492632001,0.5,0.9,0.9,13,2.381380395487799,2.2504448571020483
29,9,0.12844221205075199,0.1422639828597681,0.12629406816337851,0.08894127388010464,0.0641960004784745,0.11673009600898214,0.00050171638010419,0.0017516211492797698,0.5,0.9,0.9,14,2.3499729402383003,2.248450882415724
29,10,0.12501944155420253,0.14570643552764118,0.15004580420120983,0.09537354792496519,0.07796413276617363,0.11788228779676416,0.0005418072659553,0.00187330878008716,0.5,0.9,0.9,15,2.3388524066779697,2.521164550461786
29,11,0.1250565916941591,0.15115006558977928,0.16575788692377622,0.10904614479933285,0.06127080565538412,0.11803207733414474,0.0005425546495672399,0.0018740412400165898,0.5,0.9,0.9,17,2.3383039729083435,2.521714627112409
29,12,0.12992620918260267,0.14398003847761798,0.13798061013598373,0.12890491116865008,0.06882046988300021,0.12546424894464064,0.00070576638910989,0.00428920460957967,0.5,0.9,0.9,20,2.4460521908353643,2.8252995684987674
29,13,0.12613722440041877,0.13761784869965646,0.1314720637535193,0.13703064829920789,0.07666672837359084,0.12154847363327734,0.0006120490728627099,0.0052216984060059705,0.5,0.9,0.9,21,2.3559182862454957,2.9082111801522
29,14,0.12715081396365593,0.1382295718686643,0.13206081780698645,0.1382877232232639,0.06826613384375492,0.12244739152704125,0.00063486894705555,0.00627072995096007,0.5,0.9,0.9,23,2.3646290579333686,2.9790116961387803
29,15,0.12186364374294673,0.13465756204795842,0.13854904646877375,0.16549079392756172,0.06801545360785408,0.12020373592720413,0.00149891100369567,0.004867278520673609,0.5,0.9,0.9,30,2.4053152774192257,2.9666409034277152
29,16,0.12453086610460837,0.1419525690230161,0.1560690315367108,0.1630989220331186,0.07012170785405022,0.12489753138317614,0.0008893886715192299,0.006714645019938551,0.5,0.9,0.9,34,2.389652219756935,3.060608024106547
29,17,0.12141280581867278,0.1384180330679636,0.1525109845178341,0.19195777761308067,0.06827359600160154,0.12087591144452078,0.0018265406478987299,0.004996884721447719,0.5,0.9,0.9,35,2.449267505333062,3.0815690192627
29,18,0.12095685674882939,0.14293567793734271,0.1672727535043949,0.20676798072153854,0.06753468904756293,0.12087591144452084,0.0018265406478987299,0.004996884721447719,0.5,0.9,0.9,37,2.445289875494205,3.066243441765816
29,19,0.13519176644134712,0.18964032872482972,0.27559014689213346,0.20317030285927187,0.08116859826030577,0.14112996511652173,0.0017706196601362401,0.00983142370268211,0.5,0.9,0.9,42,2.817497431005638,2.8089005401221927
29,20,0.13516944432689268,0.1950396602771728,0.2912587850403085,0.2240968240177725,0.08105387345423484,0.14112996541340023,0.00177061970271916,0.00983145103425658,0.5,0.9,0.9,44,2.817224992134052,2.8083766328797264
29,21,0.11434604709107428,0.16831510622991552,0.2542379566902819,0.26677860093356026,0.06093210678582204,0.11467212327108718,0.00105649056287781,0.00259667490075946,0.5,0.9,0.9,50,2.2231384084779418,2.240298071813443
29,22,1.0129983418863868,1.044767263451647,1.0895842096166959,1.0901110495498465,0.961402110701519,0.116961116935376,0.00133796858488412,1.0,0.5,0.9,0.9,51,2.3915610599358383,2.011889614293245
29,23,1.0349424969342484,1.0759211640749402,1.1411860694642915,1.1532845859387981,0.9866207177503767,0.14346452110414015,0.01278100972631937,1.0,0.5,0.9,0.9,53,2.4297909359078806,1.9179455023872776
29,24,0.13090752474755707,0.21503703133329388,0.3624441431917199,0.26857113093452356,0.08013662091321991,0.14067977252155467,0.0011962589573817901,0.009080466367202809,0.5,0.9,0.9,56,2.6745707361208058,2.877248451125032
29,25,0.16574327385614446,0.24722718034989238,0.3944877308733698,0.3113724284359038,0.12754384863910015,0.1423639334425198,0.03682426344378547,0.014002801614931702,0.5,0.9,0.9,57,2.826037588179091,2.651309940925868
29,26,1.0282572917096584,1.1344839082011628,1.3329614037085704,1.2156332292544934,0.9824630738288935,0.14062575442130465,0.01271495798960078,1.0,0.5,0.9,0.9,71,2.6720088105076023,2.864896498397407
29,27,1.030275420643542,1.1359494540631143,1.3343966822696673,1.2210942911970735,0.9864821654382433,0.1406215684676092,0.015528380487374219,1.0,0.5,0.9,0.9,72,2.673712199669424,2.8632022883164594
29,28,1.0301628819637498,1.1358354881347692,1.334282627535608,1.2241222948641266,0.9841819389745556,0.140621574562879,0.015405071555684829,1.0,0.5,0.9,0.9,73,2.673713013551872,2.863192951487058
29,29,0.15164731779131002,0.2083135291248573,0.31432502042272187,0.4265316779815153,0.10566351186185502,0.16620528684007957,0.01245579312082573,0.01261041333491314,0.5,0.9,0.9,86,2.406364939289179,3.260215892584533
29,30,0.1571365137596242,0.22709683574890474,0.3537816219468943,0.5097708057735161,0.10907921662201911,0.17156700759725477,0.013600559095166609,0.01209991441020844,0.5,0.9,0.9,92,2.361650640539322,3.099442577990454
29,31,0.14912651050460446,0.21620382138788347,0.34273037602336476,0.5327101807487036,0.10373897407053957,0.15511189615640045,0.012399005198799,0.01652074909289524,0.5,0.9,0.9,95,2.4670701639142867,3.4400667561828904
29,32,0.14460806931386624,0.2203973477760397,0.35737381772162835,0.5457752013780649,0.09641849104998669,0.1359347049285779,0.014695031995574908,0.01648108754467594,0.5,0.9,0.9,98,2.352208881625821,3.3593364101111303
29,33,0.14558179672865135,0.21778727961125505,0.3545672147204647,0.5521587587666255,0.10161981513570285,0.15031140684207403,0.013181000975137861,0.014792110717996129,0.5,0.9,0.9,99,2.426890357641543,3.2032385544466955
29,34,0.14225560099130777,0.21338810781290674,0.3501096214295656,0.54598263150539,0.10140725971424375,0.15054861786713158,0.01210444640673245,0.013136425997968739,0.5,0.9,0.9,100,2.300214337089093,3.007431706169154
29,35,0.14646779585811825,0.21685351056115443,0.35353419344243914,0.5643271234529148,0.10442889026453958,0.1528269281022186,0.0136421171579913,0.015772548831066192,0.5,0.9,0.9,102,2.4588977641180043,3.329064801916049
29,36,0.145330587022355,0.22071663528268634,0.36764368976600326,0.6039400912976569,0.10236641879780023,0.1509891117500976,0.014012796375149138,0.01560978310706719,0.5,0.9,0.9,109,2.282539835362938,3.8391660027102494
29,37,0.15071924576587142,0.22606553987048258,0.37299058360986426,0.6197723466951011,0.10772580140192455,0.16167338566053058,0.01399182684987724,0.015722830826344382,0.5,0.9,0.9,110,2.2729025971376973,3.6990051324778346
29,38,0.1486227856338962,0.2236963435596635,0.3706065997574808,0.6143481152640456,0.10682963762500304,0.16194019431102477,0.013555399307405569,0.0139575774073218,0.5,0.9,0.9,111,2.3139060213671394,3.7111264278908793
29,39,0.14437863479163837,0.2271216259894345,0.3844235036007469,0.653596728244757,0.09986559063084689,0.14370455503794172,0.014217582314830498,0.016449660306319037,0.5,0.9,0.9,116,2.3207570894137364,3.9599158587163257
29,40,0.15618097092534436,0.2739116910888306,0.502937903274256,0.8445078048479424,0.11413986531686647,0.14716481356040512,0.02130859706758344,0.02371972493905117,0.5,0.9,0.9,168,2.580267258806522,3.052221186266991
30,0,0.952908885147994,0.9727439192579816,0.971969577512992,0.1730335324055818,0.0,0.0,0.0,0.0,0.5,0.9,0.9,1,6.409095161988184,26.20535523962234
30,1,0.47658523997239693,0.621611941578785,0.6094464092285431,0.14783399770094,0.4632823766270097,0.09907441519974876,6.340212721791001e-05,0.00023028624464503,0.5,0.9,0.9,3,4.194748330516441,10.282528286748065
30,2,0.1819055594140205,0.23774165964922328,0.21448286887766155,0.08029074709904967,0.45904097808114697,0.11063916703021888,0.00025360850887164003,0.00092114497858012,0.5,0.9,0.9,5,3.0356680301580456,2.499080565629781
30,3,0.10565499169392295,0.09736866061877648,0.08015398156664003,0.06025183258077605,0.21272273126251875,0.11447015491820445,0.0004984622196570301,0.00181049118853254,0.5,0.9,0.9,7,2.884332522300161,2.1754053140028726
30,4,0.10562630125125326,0.09718104632324177,0.07995766029827431,0.06374266872333303,0.059747874755047246,0.11459780228023268,0.0005116072429791399,0.00185823592817222,0.5,0.9,0.9,9,2.8929411690674023,2.2867654296226494
30,5,0.10816733152943185,0.09953563346653922,0.08230201072080291,0.07754798399545056,0.062391834611103994,0.11977287099644496,0.00052592518064306,0.00198387941309833,0.5,0.9,0.9,12,2.9451706821992247,2.384893477652191
30,6,0.10538641707424233,0.10215693437760467,0.09519157326559449,0.07922494948306262,0.05957328858698121,0.11448466851237331,0.0005140762191833,0.0018875631392487099,0.5,0.9,0.9,13,2.913820577812512,2.3291929572593717
30,7,0.1046941040027274,0.09359086655481201,0.07622249414560554,0.07985300620462961,0.07056039270095592,0.11678693697060445,0.00065342644820807,0.00218136877300578,0.5,0.9,0.9,14,3.181275399233984,2.7388644592681826
30,8,0.14109286887690686,0.13348200087111925,0.12627819225782527,0.1329049154900075,0.10168347757618981,0.1774749165861864,0.00070630351223944,0.010829615108455901,0.5,0.9,0.9,17,3.008933022880073,3.7914537291110655
30,9,0.10712417959031165,0.09858294170383958,0.09132890462020753,0.10391858725714274,0.06964653606646302,0.12518965940621757,0.0005838098417305199,0.00319085216951544,0.5,0.9,0.9,18,2.977008106865704,1.8934261489158184
30,10,0.10984482416752224,0.10661228181016714,0.10962154679975532,0.11386531660469697,0.06910168004378486,0.12877208840738372,0.0007141137352796001,0.00422925944371754,0.5,0.9,0.9,20,3.0524842506396808,1.9799721254301024
30,11,0.09898617970221044,0.08625707736034692,0.07877783416386559,0.10819164692493097,0.07740044807406456,0.11854094878485859,0.00056959831605539,0.0020078206691344198,0.5,0.9,0.9,21,3.136334096262136,2.695468433766981
30,12,0.09818965130014523,0.0901753297403699,0.09292775160743279,0.11751465728529349,0.06285415093479725,0.11841429399523587,0.0005480861240068,0.00192997904570987,0.5,0.9,0.9,23,3.1159346836850537,2.4847129603308766
30,13,0.10972122051587237,0.09811327207513916,0.10067446543087048,0.13394568751856717,0.083047583140399,0.14065700966792366,0.00061731095327462,0.00580207728471772,0.5,0.9,0.9,25,3.10879159842334,5.3249580090987125
30,14,0.10953748700931033,0.09786118313815419,0.11040243287087151,0.14388646134319838,0.10172124262434044,0.15367178171314919,0.0006872138561376,0.0035322222714987404,0.5,0.9,0.9,26,3.153563280580812,4.4384098855632175
30,15,0.10947076576911068,0.10316012733723129,0.12596787483753485,0.15176613967764024,0.08078373378241846,0.15367178171314919,0.0006872138561376,0.0035322222714987404,0.5,0.9,0.9,28,3.158249730871343,4.401021003985246
30,16,0.10241003909088957,0.09543244305351023,0.11820531891531161,0.14850232322267,0.07497982811875897,0.1324364192390109,0.00066321766370609,0.00813281837817234,0.5,0.9,0.9,31,3.226048526357661,6.610342406352776
30,17,0.10893320174834316,0.09742485821933275,0.11996185946709444,0.1595673121930033,0.09299013775794607,0.12988507169609986,0.00165917263779343,0.019992346010407492,0.5,0.9,0.9,33,3.2368421504438425,6.288338479857289
30,18,0.15284301703835262,0.14077578904683216,0.16328364947036345,0.2532217215122843,0.12933846032525603,0.1498209865128542,0.0058013065713089906,0.05408191501172035,0.5,0.9,0.9,37,3.39998789158361,8.03416945750695
30,19,0.12408372900629039,0.11192259978433358,0.13442576823162228,0.23336748138132268,0.10044168029438769,0.1438817345403253,0.00413272788403673,0.027174127710573308,0.5,0.9,0.9,38,3.273692392633737,8.32739975427195
30,20,0.13936000949937508,0.13044385602937925,0.16310358445426942,0.2500146651100507,0.12551260547233087,0.14462874898736428,0.00649744563042331,0.043381178285131376,0.5,0.9,0.9,39,3.237592027797456,8.751444203654012
30,21,0.1523243041136237,0.13975184164100501,0.17222425316304457,0.2893012307024543,0.13480227305257791,0.11962872939249077,0.011435844880788899,0.07000002018868273,0.5,0.9,0.9,47,3.436431043794302,4.495797718455702
30,22,0.13713443604362294,0.120858541771593,0.1531422015726349,0.30348948529142167,0.12428509209888952,0.13467247701187438,0.00564484055433839,0.053824385296390276,0.5,0.9,0.9,51,3.316283937676282,4.5966112519343705
30,23,0.09028973890974318,0.12033889890412933,0.2449220972055278,0.3422018016474287,0.07736572693554881,0.11850016140246886,0.00805360538947996,0.010698373140075119,0.5,0.9,0.9,59,3.1818759940367247,2.2238278625899914
30,24,0.08962068414243082,0.11948663348672209,0.24406071658702025,0.34494376284049305,0.07621880576812888,0.11938830067359338,0.0069391152392316,0.010722910719006811,0.5,0.9,0.9,60,3.130755498003951,2.2654102446400675
30,25,0.08379055817010875,0.11083729431237495,0.23526919256548323,0.3503488809866864,0.07711118701327346,0.11083697040794356,0.007539249419295591,0.0108225898743129,0.5,0.9,0.9,62,3.1974142477195584,1.909466948386747
30,26,0.08425136089834492,0.11113295942769497,0.23555663731660317,0.3542203085632407,0.07311991923580659,0.1102733402794676,0.00720734629051792,0.01211830961413212,0.5,0.9,0.9,63,3.1771617642472507,1.9557956452542613
30,27,0.08487581204736987,0.08977463812861082,0.17310510438260004,0.3374038270736851,0.07351302099754174,0.10627015881113841,0.01042676254531528,0.01200923038053355,0.5,0.9,0.9,67,3.2210041821075324,1.957873470961774
30,28,0.07939290898958157,0.10364090225230363,0.22793272876738024,0.36717718046980047,0.07847095239380264,0.10671967767617754,0.007026708114807011,0.01110806393664738,0.5,0.9,0.9,68,3.1169216985996826,1.9726677065926213
30,29,0.077383233246064,0.10139586423820862,0.2256759772899889,0.3686087542303428,0.06871860667873089,0.10491713832651509,0.006900979849730921,0.01020117293735516,0.5,0.9,0.9,69,3.126308522189916,1.9490720188711728
30,30,0.08825530198322264,0.1147101517259856,0.24911106075844267,0.38855008774129396,0.08644610444071506,0.11451183046677131,0.00773840942026926,0.018630939041859952,0.5,0.9,0.9,71,3.353714865559541,2.607008302606649
30,31,0.08986132692385645,0.11079889427517042,0.2349255736072705,0.3867982960044589,0.08269397613157939,0.11429094784785712,0.00831054376917007,0.02002728543970422,0.5,0.9,0.9,77,3.384531711645116,2.6831270495608783
30,32,0.08918555028019068,0.11466351779922618,0.24901595858188663,0.41134594606402486,0.08427995947491837,0.11429094784785712,0.00831054376917007,0.02002728543970422,0.5,0.9,0.9,79,3.384351395846537,2.647588772875297
30,33,0.08156173158265284,0.0934652472130525,0.20714352771194705,0.40480129363114054,0.08665503133408853,0.11016003891134876,0.006931459215629721,0.01744730460866745,0.5,0.9,0.9,80,3.302269069523759,1.99174384896004
30,34,0.08660377875562142,0.08910861844163562,0.19232133537369936,0.40009987742087777,0.09907985259271396,0.11055821486667443,0.00885140382214411,0.02413200580962038,0.5,0.9,0.9,81,3.2865970502143727,2.5717636132408104
30,35,0.09005266139863141,0.09579401527043367,0.20916922196794763,0.4259999711894213,0.09784794172234144,0.11034896254556474,0.010302579625750211,0.028403782156195878,0.5,0.9,0.9,82,3.342986831823498,2.7042805814704467
30,36,0.09125701468671822,0.11327463463161881,0.25745882678520343,0.45949420079543657,0.09129117485509851,0.11023339400366887,0.01068531158945088,0.02947059694930888,0.5,0.9,0.9,88,3.358053550864086,2.7501335847390456
