Run,Equation_Index,Hybrid_MSE_Train,Hybrid_AIC_Train,Hybrid_BIC_Train,Hybrid_MDL_Train,Hybrid_PSM_Train,Extrapolation_Divergence,Sensitivity_Interpolation,Sensitivity_Extrapolation,Lambda1,Lambda2,Lambda3,Complexity,MSE_Test_Interpolation,MSE_Test_Extrapolation
1,0,0.8843180749772772,0.6402374819295722,0.6059911272897155,0.029206114861080896,0.0,0.0,0.0,0.0,1.0,0.0,0.8,1,420.82701177596925,1497.6573900288367
1,1,0.8801325716572775,0.681851125699848,0.646141432547858,0.0882544174381546,0.08279956002497384,0.05693670694983057,8.380540564878e-05,6.273464933589e-05,1.0,0.0,0.8,3,397.94026567985054,1467.2560046108936
1,2,0.37530076409639324,0.49935485241563604,0.45358933453621647,0.11336226595323123,0.8347922078622214,0.07685886324263867,0.01287575508739298,0.01182908591868374,1.0,0.0,0.8,4,139.73079537038365,369.1739290526366
1,3,0.3519906049413595,0.49301759672967427,0.4566256983057435,0.12331898119451132,0.1193068460773346,0.07676454665202379,0.015102777225908682,0.01368258719983137,1.0,0.0,0.8,6,130.7932906352467,326.13912511582845
1,4,0.2901130772674141,0.4368132000809202,0.3944625097479582,0.13195999910352232,0.304270068210492,0.08025340227364441,0.01344192816184745,0.017314412720713677,1.0,0.0,0.8,7,108.66111011479636,239.65454332199545
1,5,0.2757904266755496,0.41374080826985765,0.36621428135655376,0.16547745111062437,0.30981467449567895,0.08437516252387225,0.049953032584017856,0.05128769626709696,1.0,0.0,0.8,8,155.95249771648997,201.68265320546595
1,6,0.24535749584586325,0.3591752704449075,0.2887917520207084,0.12169243450916892,0.11527607977033558,0.07414691520596944,0.029203116542315,0.03052024213611766,1.0,0.0,0.8,9,103.00178920176724,129.31565950598747
1,7,0.23961890115252688,0.3556540670424904,0.30244612016793265,0.16619837427269318,0.30890920427247376,0.0829908622450165,0.04567708722259903,0.05501410643984579,1.0,0.0,0.8,10,141.38063585487785,392.1278091476148
1,8,0.256512748227705,0.34035156337848876,0.2719312174573648,0.19541047549070917,0.23663415266351523,0.07332990220878646,0.06299779388717895,0.1149761062151002,1.0,0.0,0.8,12,116.1839594149267,261.0999345845877
1,9,0.2561430555374602,0.3680110696137059,0.33217452171642947,0.21824138027343717,0.18551927140348892,0.07909233571002697,0.06923673077301944,0.11271152259340649,1.0,0.0,0.8,14,109.25534398950909,293.5593580661824
1,10,0.24465185651205043,0.34658623831486624,0.3091265772027893,0.22816447098824244,0.1933662425619821,0.07206934163949248,0.06697520956853764,0.1160229117479397,1.0,0.0,0.8,16,118.8428406667337,265.5002136418491
1,11,0.24873215574108512,0.33916472150240373,0.29047616147922595,0.21646900645157752,0.1699606841296799,0.07909036748389771,0.06940131274357494,0.1126754103456011,1.0,0.0,0.8,19,111.43090659377908,319.10264864585366
1,12,0.23684789429780428,0.303876438478484,0.25165107192770864,0.22795125451148357,0.2960682008360064,0.07835983250634862,0.06271809299607323,0.11592139366063255,1.0,0.0,0.8,20,113.60601444663428,280.48120912309133
1,13,0.23503490985152975,0.30948236663702533,0.26789967990780034,0.23539692094671247,0.18019967219791733,0.07835983250634862,0.06271809299607323,0.11592139366063244,1.0,0.0,0.8,22,114.93398858760683,307.6250371007462
1,14,0.23466901973866855,0.3195552852172761,0.2890442156097417,0.2551629177930213,0.17216697399439426,0.07931840741622272,0.0697570756018744,0.11467401947492699,1.0,0.0,0.8,25,116.24241875897674,364.0071896786964
1,15,0.23785929770924208,0.32917814115153776,0.30917632947297147,0.2714789504755245,0.1995928930603156,0.08575709999095013,0.06977881916726339,0.11339776647294823,1.0,0.0,0.8,26,108.77144404315332,356.7110743992884
1,16,0.23894505383926112,0.32999801801789563,0.30995858863602466,0.2697457753583895,0.17904881041466808,0.085694674168302,0.06979278116889875,0.11499391723783192,1.0,0.0,0.8,27,107.19785351440426,336.1217445622049
1,17,0.23890221668677172,0.3067414800101017,0.26422974459224013,0.25567862077626236,0.18307491795409664,0.08652373497141648,0.06944771348835825,0.11448887191782042,1.0,0.0,0.8,28,119.88494584988334,367.0037884888671
1,18,0.23967665532049592,0.3289435555989685,0.308655991244734,0.2797910176353346,0.18301141089124834,0.08541015160117647,0.07085587248916969,0.11729062500022444,1.0,0.0,0.8,29,109.6902086776347,305.1948792635925
1,19,0.2793784030070263,0.34477069204763167,0.3019173956707755,0.32005679660959263,0.2282173332932903,0.08548118170689831,0.06907315521490678,0.16781501858119327,1.0,0.0,0.8,30,132.29551529967338,323.6323852444588
1,20,0.2780945050821334,0.35163218420458986,0.31954085688338574,0.3345625508615676,0.226745390517608,0.08548118170689831,0.06907315521490678,0.16781501858119327,1.0,0.0,0.8,32,132.8544266660095,338.1135006599906
1,21,0.2786336359638748,0.33850094828596067,0.29489346173998476,0.3180110191566685,0.23377580656268226,0.08587341490216263,0.06910619289396965,0.16939088250335238,1.0,0.0,0.8,33,131.9837666635676,328.75697121781536
1,22,0.33471457316517184,0.43629315860309204,0.436984852308106,0.4172462223549789,0.28497108658616577,0.08131318747575612,0.06775475302244036,0.24660099283878684,1.0,0.0,0.8,35,117.3567589131874,348.97764165006805
1,23,0.2906797757012497,0.3892390579808721,0.38952513144969514,0.37721626758817783,0.2501245409731935,0.08031308688209805,0.0644773351024555,0.1943603267795094,1.0,0.0,0.8,36,104.20664771869728,418.2364977912181
1,24,0.2562787851221008,0.3014364361651416,0.26560183816550065,0.3259929677666068,0.3014239814648311,0.08557683606345003,0.08633179811793872,0.15410804339136924,1.0,0.0,0.8,37,132.1468929276397,925.3572382224947
1,25,0.2559440373478875,0.32225090361148434,0.3086137251165854,0.3475074459457368,0.20982180556056243,0.08556838719602174,0.08634095491072068,0.1541425771501434,1.0,0.0,0.8,42,132.38972140691092,926.0544395339856
1,26,0.25991872867821075,0.31407152092501656,0.2891346162858517,0.3797172717910946,0.21400316552564644,0.08502287963162679,0.08851703442142698,0.1602368943616855,1.0,0.0,0.8,48,143.8054491550892,976.8407662593422
1,27,0.29639852395827937,0.34184165925539567,0.31580803800964163,0.41166375767967545,0.2911807643454374,0.08483663277974336,0.08906010707495694,0.20958294562681717,1.0,0.0,0.8,49,131.33720761970412,844.2387641885921
1,28,0.2541221221911031,0.3411453739640807,0.35942314287087995,0.42920766385660114,0.2141790742983846,0.08391872139941997,0.15075970267775213,0.158967516066917,1.0,0.0,0.8,53,99.87746084651346,766.0723964442774
1,29,0.25408081939938376,0.3410038101605223,0.35926915886796434,0.43246158532370815,0.21151457737832272,0.08394402810706311,0.15073870927432276,0.1589219057227197,1.0,0.0,0.8,54,99.73620610666536,766.1226258903615
1,30,0.2727772634657493,0.37740667942015427,0.41744780267097065,0.46244612939207336,0.2506866285884653,0.08682452329885874,0.09893816699053123,0.1803694667837468,1.0,0.0,0.8,55,141.30942428270694,974.303748580258
1,31,0.26667373389421667,0.34906065005086395,0.3667652782843115,0.46878719822083337,0.22524083893653213,0.086450118878711,0.1443902032809,0.1732258801488863,1.0,0.0,0.8,56,107.57748912762784,732.4165783135358
1,32,0.928833374061836,1.0200286524290756,1.0486170803324772,1.1355421195663564,0.8978074174269558,0.08785890999748933,0.12569638451686152,1.0,1.0,0.0,0.8,57,120.10865369208462,728.2702932586525
1,33,0.9273920534960611,1.0158863611811515,1.044141214204667,1.137912207559844,0.8993469714058409,0.08722017568702194,0.48548147277967946,1.0,1.0,0.0,0.8,58,100.56512515823243,608.8583472218947
1,34,0.24375803431074455,0.298560266553317,0.2932732154665558,0.4326602331180951,0.20428763348094445,0.08279746505375961,0.14863139637080744,0.15108752200749592,1.0,0.0,0.8,60,109.53613095811195,817.2151862842379
1,35,0.9249457664874872,1.0066834044021227,1.0341208437237759,1.1430985196412315,0.9138195072041086,0.0866052597244061,0.48481177405938897,1.0,1.0,0.0,0.8,61,99.46458435594602,602.1166656284682
1,36,0.2601906399846241,0.3209151643764341,0.33599859719948,0.4730431969340272,0.24538081276499263,0.09012477777154976,0.15540467591906382,0.1678700222564801,1.0,0.0,0.8,63,122.62536514926175,841.6176674747163
1,37,0.2368130391288285,0.2817392206481072,0.2850998061509943,0.4591082741290833,0.20711471100766193,0.08602437680662588,0.16030747657741645,0.14521810444340638,1.0,0.0,0.8,67,118.7659139229346,870.3600298415416
1,38,0.23096212667598046,0.3152279365970613,0.36265491886349965,0.521412569666615,0.20803757642208864,0.08571241347191445,0.16300265884052384,0.1397932920592178,1.0,0.0,0.8,69,118.932113360875,779.6058835745563
1,39,0.2410341301866321,0.3227748491005736,0.36990599777442634,0.5214958005679496,0.2108104350896554,0.08725480301996397,0.16105225536753098,0.15118459037305665,1.0,0.0,0.8,73,120.97971904803292,781.1535093702399
1,40,0.5694877042342841,0.6129634145434609,0.6260184792207821,0.8342622699220474,0.5480065238857922,0.08881252429420701,0.17577955885089025,0.561204715864332,1.0,0.0,0.8,75,115.50140763943963,680.9666788823765
1,41,0.5894858891067818,0.6158799473353165,0.6170765318748217,0.8400054999393554,0.5651851533234463,0.08686586132413933,0.16448271302517875,0.5902582881473413,1.0,0.0,0.8,79,112.22831884056318,703.2225204113842
1,42,0.5242488769182112,0.5569606297142907,0.5687723463655648,0.8033712342857173,0.5045379547040143,0.08845505636214619,0.1638705219484514,0.5079749524010496,1.0,0.0,0.8,81,114.8854860838576,707.877326902218
1,43,0.5242281332566476,0.5679356814121174,0.59090113325827,0.8218445291544565,0.4950390464194496,0.08845505636214619,0.16387052194845134,0.5079749524010496,1.0,0.0,0.8,83,114.19435921325,705.0902904786731
1,44,0.3592411673084409,0.46843607405162724,0.5582677034147714,0.7075475848091914,0.33117948852016255,0.07977875309225341,0.1658056478675855,0.3128669696091467,1.0,0.0,0.8,87,103.46308269985118,2387.745008920229
1,45,0.36176119603881357,0.42577294360334506,0.4708522623100928,0.6831108055046308,0.33598320041705865,0.08284706652606277,0.15804313909074935,0.31238486017325806,1.0,0.0,0.8,88,106.35471755119538,1418.1112393106548
1,46,0.3626090928930026,0.4237673965195431,0.4685206600563897,0.6945950262652631,0.3399210262594853,0.08223589888936964,0.15942812355140004,0.31492492114588966,1.0,0.0,0.8,90,114.01071968328652,1501.836463490329
1,47,0.2646541884902637,0.341457703306372,0.4077967082364122,0.5960401157755473,0.26377040736806273,0.0808533378208931,0.6761892428108699,0.19580521799913247,1.0,0.0,0.8,91,116.28124682815437,732.7126180063738
1,48,0.2777765054773269,0.3871300418323263,0.4868809238814392,0.668608978695648,0.2513551775547026,0.08358587058076494,0.16647388433073768,0.20896919856462848,1.0,0.0,0.8,96,109.02184157753308,1295.506997898784
1,49,0.27700078278703344,0.3736899595093468,0.46209805781530255,0.6560110460892578,0.2565441828116489,0.08358258934387139,0.16660600602420647,0.20837403664849402,1.0,0.0,0.8,97,109.33496486720492,1284.0126287845787
1,50,0.275933936239827,0.38332221940275013,0.48285067404614546,0.6741607221295709,0.2508626212456959,0.08364035335726262,0.16828886071938615,0.2070608420085132,1.0,0.0,0.8,98,109.4959439994088,1279.711169909243
1,51,0.277106529280525,0.38255308075086314,0.4818622782420666,0.6754713473678579,0.25855648565325495,0.0848906978791795,0.16529194450908158,0.20741569186298187,1.0,0.0,0.8,99,107.80579681142432,1279.638394920181
1,52,0.37626305441502306,0.4344574049837523,0.4987065621179259,0.7372597843519437,0.37084193964117784,0.08134367113246914,0.6945396807404983,0.33888421420937676,1.0,0.0,0.8,102,122.32990046176758,764.2483571686429
1,53,0.3780051552831596,0.447009799144512,0.5223922128313603,0.7616615101625045,0.3548058106209328,0.08134226400393298,0.6962022618756347,0.34112434213566695,1.0,0.0,0.8,104,122.30851144940864,763.3134551167587
1,54,0.4085621324152473,0.5083397417495403,0.6169382549714206,0.8319431325005322,0.3868654168918586,0.08099998217227891,0.6858637046549972,0.3802758261349557,1.0,0.0,0.8,110,113.24652076792692,755.7365126961766
1,55,0.5019796815282516,0.5828406421031809,0.6794086858096459,0.9284100191784852,0.5104179575182863,0.08134953878004704,0.6891643786574111,0.49819682585594566,1.0,0.0,0.8,111,120.93612869466014,762.5420630249679
1,56,0.3873298923823694,0.4675973473019702,0.5640999709006754,0.8174499259872181,0.3676584600117018,0.08129070459376915,0.6903168447190976,0.3550753758913207,1.0,0.0,0.8,112,122.17664734484966,769.0188470080708
1,57,0.42053732780681935,0.5228674077108987,0.6416861132251306,0.9011026910732302,0.398635946707955,0.0798191109193522,0.6767037309104257,0.3984500948161518,1.0,0.0,0.8,121,121.63156086094826,750.6201231729175
1,58,0.41009496039321797,0.533645838955504,0.6746879794761083,0.9040337360687654,0.3920714627050339,0.08129155069953553,0.6894857068945821,0.3837478065902028,1.0,0.0,0.8,122,120.55350915847768,751.0090983376732
1,59,0.4291541486527099,0.5515468315490484,0.6924615854724976,0.9307093340135466,0.40802950639159696,0.08231224438739804,0.688326566778608,0.4065219833408961,1.0,0.0,0.8,131,128.91161284143203,786.520201270403
1,60,0.38659545544385754,0.5199451210108337,0.6720096130045671,0.9083187496698495,0.36526436419043407,0.08036326638508294,0.6924949154986136,0.35578709885481163,1.0,0.0,0.8,133,125.9912400507162,749.7388432697379
1,61,0.3912474216874248,0.5354225336923559,0.6986225744009641,0.9779083345405283,0.3698374752708576,0.07964378097192665,0.6873599178935861,0.3625541112049242,1.0,0.0,0.8,140,117.09886129482128,830.4978938528184
1,62,0.38792429098073444,0.527077457483561,0.6897264646596601,0.9489566889989669,0.3736106553314603,0.080638195382826,0.69817157513441,0.35811649116831534,1.0,0.0,0.8,143,125.3085942977378,738.028797256729
1,63,0.4012817155469962,0.5394710554130318,0.7020145386881869,0.9849438239627868,0.3812535932683771,0.08138393447357808,0.693369724953288,0.3740618376320265,1.0,0.0,0.8,149,132.611516831193,786.2874118532012
1,64,0.4026119080174523,0.562699251724923,0.7475409397472419,1.018398666621841,0.38315076644724333,0.08148692092177465,0.6945226428274817,0.375651154957655,1.0,0.0,0.8,150,132.67219594083463,784.4620984989698
1,65,0.607306233711687,0.777743750890618,0.9736691908191386,1.2990743638858273,0.5869575745059241,0.08343604113848974,0.7056568930757682,0.6292217535838216,1.0,0.0,0.8,170,137.30335150608383,835.8974408903829
1,66,0.6055973441329523,0.7980352490901534,1.016269867797491,1.3349382725128067,0.5853201047998579,0.08346407854263563,0.7005928796325692,0.6270865695803233,1.0,0.0,0.8,174,138.9065674203402,836.1983560038042
1,67,0.4170845385123807,0.5978098429387197,0.8048120060027281,1.1418973895636764,0.40034326651245744,0.08106161343960833,0.7041460434923679,0.3945626751864766,1.0,0.0,0.8,176,123.20746266359974,774.434574316463
1,68,0.619277181826455,0.8317814060665911,1.0721143865187819,1.367120428069694,0.5993627118677108,0.08336866833585564,0.7097778013931952,0.6446982392843426,1.0,0.0,0.8,180,134.10808593432893,849.2432542412863
1,69,0.6190807988946743,0.8315331093144671,1.0718603446594461,1.3745836071895785,0.5990383898957548,0.08336803119619254,0.7095773839308663,0.6444630630737974,1.0,0.0,0.8,182,134.14636705612264,849.1425191979107
1,70,0.618442525714251,0.8419385636088976,1.0934253222761903,1.3920172717295949,0.59851842377949,0.08339151343894677,0.7083606309141562,0.6436456219352886,1.0,0.0,0.8,183,133.60348227244512,847.9648513285238
1,71,0.6185720000024256,0.8414288947619062,1.0928459186851698,1.3921685374789763,0.6009836784252901,0.08337000301802905,0.6995298018234843,0.643951062786235,1.0,0.0,0.8,184,135.67251984565883,837.8846710322372
1,72,0.6200273329507564,0.8313394094527294,1.071542319893493,1.412935050044771,0.6004811949951588,0.08336822634291344,0.7035687683097664,0.6458539646425875,1.0,0.0,0.8,188,135.2325247936015,844.273446420174
1,73,0.6114854018629063,0.8650200707446823,1.1496483148870413,1.4321884110301162,0.5927465847391534,0.08136151211419707,0.7051749610295295,0.6380760884982211,1.0,0.0,0.8,197,135.62151719318788,851.7567800405518
2,0,0.6906293936108877,0.5872530198515419,0.5479630235273999,0.024063945968796897,0.0,0.0,0.0,0.0,1.0,0.0,0.8,1,847.1272873764214,1563.0385115318495
2,1,0.7054064853549842,0.6399756204882787,0.5989613795250748,0.09669125558743345,0.10124242087667608,0.07077768610872807,8.332869676523e-05,7.256872889916e-05,1.0,0.0,0.8,3,793.2731901597915,1445.919220383886
2,2,0.32146795597946876,0.4574223255232704,0.4056010343926174,0.12887016556296527,0.8829764431044066,0.0973314043682601,0.011606548771412489,0.013344061830316662,1.0,0.0,0.8,4,326.43797662814006,445.1979791930889
2,3,0.2774865068868756,0.4055712104413943,0.3474823062067406,0.136474514349473,0.2325337523479394,0.1002675564110251,0.021413400869587252,0.027162282684525217,1.0,0.0,0.8,6,209.42836190296765,210.64117616360977
2,4,0.2505073636790123,0.36504436460189577,0.2949034074204358,0.12137013877066341,0.11751731399971004,0.09523906873156487,0.00956036831355742,0.00830636616403442,1.0,0.0,0.8,8,199.8919532444283,425.5543827619842
2,5,0.2642320583319806,0.36807038794238905,0.2948397678102551,0.1599677119110932,0.19188559698863492,0.11325881131640007,0.01878246283997333,0.030135951679160528,1.0,0.0,0.8,10,125.54714672744552,112.20024457508175
2,6,0.2668482460850926,0.3647495842670164,0.2989349689374157,0.202530928921584,0.19537843174533634,0.10512466836945658,0.02507639678095297,0.07151309243543183,1.0,0.0,0.8,14,183.20096236621097,840.0515529501512
2,7,0.276335328025968,0.38096704764490424,0.32547405714352484,0.22824488948131538,0.1912031627389041,0.10913066345880787,0.027693653839157423,0.0839858509965207,1.0,0.0,0.8,16,179.65769347492713,1152.6705229352356
2,8,0.28048804676470607,0.38483491943371884,0.3292866914787056,0.23775470580842495,0.18276246604071422,0.1102986432112156,0.0287176875397069,0.08808543808022543,1.0,0.0,0.8,17,176.82291701511036,1259.081491530442
2,9,0.28210236289471335,0.3942362964015077,0.34923927578845637,0.24455006498139453,0.20712199575468715,0.11211469064479809,0.029696330214479188,0.09175958735662124,1.0,0.0,0.8,18,176.6539684456396,1331.0623120538874
2,10,0.286634656575068,0.3981014190511367,0.35298234317593147,0.2602770408743451,0.19282216727352486,0.11223598666485321,0.03177383729315791,0.09804205617899224,1.0,0.0,0.8,20,166.12550588480616,1453.4511475083236
2,11,0.28969811831676495,0.3886265520887735,0.3320807984177926,0.2724100005252684,0.20426348312696835,0.11273239177811793,0.034965079076585984,0.10288282134112581,1.0,0.0,0.8,21,146.63461892243413,1563.9087968713393
2,12,0.2873611169369287,0.38503467558210364,0.32826372300067913,0.27120927736587025,0.2017558951948597,0.11282977962790539,0.034160651975415714,0.10122854706309961,1.0,0.0,0.8,22,153.3817880158716,1519.8957346689197
2,13,0.2860744633600033,0.38237289994530466,0.3253576463385572,0.2706077219772931,0.20232903585354006,0.11314445709732812,0.03379497333486436,0.1007154683458666,1.0,0.0,0.8,23,158.16333064015504,1497.7901761938192
2,14,0.2579604817560978,0.3499403176453307,0.29217326709552,0.24832320683704376,0.19569805772459598,0.10782263051999219,0.02739490551080696,0.07669924486825275,1.0,0.0,0.8,24,163.51427581387858,915.7062176628028
2,15,0.25580820468362114,0.34590196964558645,0.287813466026999,0.25285891778770786,0.1741898169650829,0.10876206332463303,0.026133072977379317,0.07469835540768444,1.0,0.0,0.8,26,176.91826279611823,871.0715466530579
2,16,0.25277297788190817,0.3399384317517654,0.28134662121770343,0.2544627998060835,0.18615363315002192,0.1072469994765289,0.02843474145489962,0.07574704157854957,1.0,0.0,0.8,27,164.1162234877335,915.081862274082
2,17,0.24838283953432275,0.3327646161688085,0.27371109512704894,0.2599580095984865,0.18193825993756635,0.10567843877142118,0.02927475673222728,0.07480197699112681,1.0,0.0,0.8,28,164.55940247559005,906.6782469524892
2,18,0.24536653617779275,0.3201878678115779,0.2596236039256943,0.26167817725312414,0.22140808525835187,0.1082561078545893,0.0289378407840169,0.07569822098624578,1.0,0.0,0.8,29,155.14746949569863,953.6540657409136
2,19,0.24163230327048074,0.33757656330239977,0.2991765783584253,0.29150642212096395,0.16722338484444693,0.10566817135625088,0.02992609290822295,0.07511049453627974,1.0,0.0,0.8,33,159.09482097299104,934.1103960424226
2,20,0.7300425753937373,0.8183573213665098,0.7787896020817667,0.7566518130626791,0.7003765171432884,0.1385830828582402,1.0,0.650276473316359,1.0,0.0,0.8,34,152.9369014849653,690.119093049896
2,21,0.5849530617474578,0.6636526819380386,0.6226703223866964,0.6387032480840202,0.528978762145327,0.11316621649710976,0.2969424638519534,0.507243474016749,1.0,0.0,0.8,39,144.0126818264722,414.10145492879593
2,22,0.30464169494378407,0.3793204026958557,0.3473825969574179,0.3575468135107637,0.320278221164141,0.12848235265670768,0.3658124011643219,0.14665988811507163,1.0,0.0,0.8,40,159.96478354816912,454.85268768480427
2,23,0.3131142018528651,0.37767707238485165,0.3443501932890461,0.3807814389289851,0.2841288003219753,0.12118719433474237,0.3786762876621197,0.17196358164319847,1.0,0.0,0.8,42,179.7702200435903,930.4361546384566
2,24,0.9124912685520333,0.9592554845238298,0.9236259659476695,0.9870624886180938,0.9437425319066961,0.11102816799879649,1.0,0.9418722055220574,1.0,0.0,0.8,43,233.943310836022,1163.2060022394423
2,25,0.9414206152453823,0.9666559321921484,0.9283288732364221,1.0385933450721336,0.9954046656636225,0.1148169399220486,1.0,0.9818092830960132,1.0,0.0,0.8,44,228.9842504485551,1368.4080851540878
2,26,0.9381017556806777,0.9588675409531169,0.9199937371543475,1.0419641441153726,0.907864399121279,0.11609915064353835,1.0,0.9776516841228211,1.0,0.0,0.8,46,213.3319088094944,1283.2532723657548
2,27,0.9347359336728949,0.9517293446917597,0.9123972280100306,1.0451439807776317,0.903980137183091,0.11761147754946825,1.0,0.9728574906193727,1.0,0.0,0.8,48,229.0887261399833,1223.348700980321
2,28,0.9557135692130836,0.9724658729947268,0.933103352434701,1.0751408575237447,0.9181563771393538,0.11848821353810397,1.0,0.9980796216742943,1.0,0.0,0.8,49,194.41041846489517,1384.0170586982586
2,29,0.9573036854704797,0.9829312336856418,0.9544666167838854,1.0882637154085788,0.9237803698386632,0.1191305491789036,1.0,1.0,1.0,0.0,0.8,51,197.60965108509797,1458.8370233103926
2,30,0.49552044797520534,0.5188772151996441,0.49013903845036455,0.6167004407940017,0.4675966686141392,0.11145606727308385,0.5287715030571721,0.4331172288852188,1.0,0.0,0.8,52,195.47564105795868,1211.3326930988053
2,31,0.6262927576315993,0.6313960785351636,0.5906297865763185,0.7563707697066098,0.6220425206357505,0.10666052707378029,0.6688102822004955,0.6049615743781727,1.0,0.0,0.8,53,217.62473744957987,1339.7659832765376
2,32,0.6262927638894299,0.6424932135191508,0.6128922589568585,0.7607451345105845,0.5906298463200498,0.10666052796458436,0.6688102790901629,0.604961570891779,1.0,0.0,0.8,55,217.6247834835584,1339.765852839433
2,33,0.5945139067941084,0.6091954920045833,0.5794156176045211,0.7321906315471602,0.5653005283559355,0.10837851812833901,0.6138862342888022,0.5635409281338006,1.0,0.0,0.8,56,207.20880038198771,1311.116890208231
2,34,0.6241252023457284,0.642151171809535,0.6226267059790387,0.7699436697242813,0.6219643877785911,0.10666052796458436,0.6688102790901624,0.604961570891779,1.0,0.0,0.8,57,204.6769411698808,1375.940551166219
2,35,0.32384629236802076,0.3395318506106271,0.3197328901743052,0.4929714892283972,0.29412017857965156,0.11201052016213928,0.5242497690374589,0.22360385500612057,1.0,0.0,0.8,60,159.4260986348328,1390.8741858191668
2,36,0.3816259031418998,0.4164981236830367,0.41867838189155393,0.5788370564355663,0.3514252451953819,0.11142393385558727,0.7412477506070938,0.29741774516862696,1.0,0.0,0.8,66,212.34715937462929,1360.4739594992525
2,37,0.5430509601270889,0.5972866252383198,0.6214678562273028,0.7878870112831509,0.5130734769304343,0.1113218181311375,1.0,0.5001153408443467,1.0,0.0,0.8,73,226.871668942525,1311.4885457508874
2,38,0.566564655631918,0.6194683457813526,0.6434704363847304,0.8197256811777606,0.5380483614951339,0.11033282039932939,1.0,0.5314313337388763,1.0,0.0,0.8,77,218.572937585756,1229.1417039247576
2,39,0.6128014996883486,0.6335156947721803,0.6439520071087566,0.8564019117506987,0.6679389269589517,0.11125895985423442,1.0,0.5932249130850211,1.0,0.0,0.8,78,214.86594315719225,1317.3676993733272
2,40,0.6119699568689059,0.6432304970340434,0.6746924939833335,0.8889417802749264,0.5982660973928116,0.1116847571264253,1.0,0.5942295956021754,1.0,0.0,0.8,82,222.77847125503564,1266.879677656311
2,41,0.6541518484168839,0.6809314710612221,0.7118936645570011,0.9827115219001383,0.6335287958353341,0.10624542864497791,0.568652189905467,0.6547194864872663,1.0,0.0,0.8,87,265.947811489518,1248.9971216042989
2,42,0.6559197180096361,0.6804556510228771,0.7111680216573171,0.9948703154267597,0.6351008916995642,0.1081528258339377,0.5684046818239084,0.6550211867966046,1.0,0.0,0.8,90,270.6259218931179,1226.8365940555254
2,43,0.6484952447840422,0.6546185962928042,0.6832987368376666,0.984886675262483,0.6993595384771323,0.10872021889963793,0.5677545236991548,0.6487022884835106,1.0,0.0,0.8,91,268.83298662452546,1111.8392033389805
2,44,0.9274856161095688,1.0049529000459185,1.111097857778537,1.5877460440620288,0.908021184549176,0.10760833747196992,0.6855999632380498,1.0,1.0,0.0,0.8,150,199.85926072402623,1822.3342092063504
2,45,0.7175553003338119,0.7871195671720674,0.8924058541535099,1.3767870904282238,0.7139462970304408,0.11104043781440306,0.7482980301488,0.7346950019232812,1.0,0.0,0.8,152,228.52119351514665,1986.826847800731
2,46,0.9285087999178213,0.9940391795320476,1.0988890531969397,1.6104149997466908,0.9179887662648248,0.11030051125112475,0.7152484227356222,1.0,1.0,0.0,0.8,154,212.168910349918,1715.7370727596233
2,47,0.927906944118441,1.0113660146778318,1.1380863609394858,1.6514600619560014,0.9183867504813563,0.11026695169432217,0.6880246980524316,1.0,1.0,0.0,0.8,156,194.4483951484052,1818.0229632658704
2,48,0.6984184333186915,0.768887263351417,0.8942144360172439,1.4008126593763888,0.6987978570819648,0.11409818196615876,1.0,0.7104059338311077,1.0,0.0,0.8,159,218.3744247734812,2021.650910710428
2,49,0.7426085241228019,0.8072482400187424,0.9319541186485707,1.441404518722646,0.7492271664804531,0.1134951386364929,1.0,0.7672704315412657,1.0,0.0,0.8,160,198.1717946987365,1932.4486868711888
2,50,0.6941430109716843,0.7472403155225922,0.87072231626988,1.3966699346936642,0.7233340882416693,0.11411763946573802,1.0,0.7075550795146254,1.0,0.0,0.8,161,205.5287265375404,1921.2929177547855
2,51,0.7607973406964011,0.812293991717795,0.9356067704921922,1.4999580893462872,0.752961644510435,0.11511352662860559,0.9444988243149732,0.789847835344389,1.0,0.0,0.8,162,213.0964172730584,1954.112055436764
2,52,0.9257197163562448,0.9740119574258442,1.0969866759798506,1.6319170292885274,0.9242028194943521,0.11226115259069522,0.9514001305546149,1.0,1.0,0.0,0.8,163,196.4453979638264,2366.0386440679117
2,53,0.7541009704178577,0.7983293247212107,0.9208762551311895,1.493256955873267,0.7561448727842901,0.11502096046539081,0.9578706638409322,0.7825655558368589,1.0,0.0,0.8,164,215.12578562798768,1972.518263284888
2,54,0.9206234825507477,0.9973163693828369,1.1532722579263712,1.689928398041673,0.9092119946453612,0.11001518493305158,1.0,0.9970840089722246,1.0,0.0,0.8,166,194.9358470261686,1948.6516658797484
2,55,0.778571381750873,0.8340140809447804,0.9777399198652952,1.5365008382550722,0.7854422229488796,0.11251375797601534,0.9473860275226874,0.8176834031691083,1.0,0.0,0.8,168,247.5717638044871,2653.0398821778285
2,56,0.7954311356530674,0.8318387860171093,0.9635709469277963,1.552769415592401,0.7989009105243725,0.11096674695302625,0.9751401808514206,0.8416490838322309,1.0,0.0,0.8,170,237.25062316563267,2664.300795062372
2,57,0.8838594770331433,0.9397005120299633,1.093475883272316,1.6675599476303264,0.8779461144121601,0.11196477466806187,0.965050222114899,0.9512597529161168,1.0,0.0,0.8,172,221.76845886015892,2589.087727657277
2,58,0.9211745282686742,0.9587704693475578,1.1006380797801218,1.7088671771209163,0.9241174585430459,0.11093889949040665,1.0,1.0,1.0,0.0,0.8,174,228.73400808480335,2806.762816368866
2,59,0.9166821704594736,0.970651903087139,1.1442675222373262,1.7786871602766312,0.9155968861439464,0.10789029726904342,1.0,1.0,1.0,0.0,0.8,182,211.71465129300492,2234.1907130725867
2,60,0.9185445174607378,0.97166546870773,1.1451937442869522,1.7683532816199823,0.9113629754503518,0.10982178769548952,1.0,1.0,1.0,0.0,0.8,184,214.3513849365325,2261.6409927025466
2,61,0.9154356139077922,0.9493739521254175,1.1109061885655849,1.7724338913296898,0.9219977006427996,0.10735438209047281,1.0,1.0,1.0,0.0,0.8,186,212.47952296516215,2240.888480308347
2,62,0.9151101728185659,0.958939773911605,1.1315136913109929,1.817911094328617,0.9085785745826976,0.107122148180586,1.0,1.0,1.0,0.0,0.8,189,221.4523141381898,2210.491370367377
2,63,0.9156101025238368,0.977900773132804,1.1724229324190345,1.642883683929061,0.9213939146593255,0.10790718641485908,1.0,1.0,1.0,0.0,0.8,190,213.61523410115225,2142.957057687416
2,64,0.9166584573538291,0.9365489760105,1.0966440451209902,1.85640453872422,0.9143284121670365,0.10962809220520142,1.0,1.0,1.0,0.0,0.8,197,194.15924893603483,1974.4928091697773
3,0,0.899112214115199,0.6437977636059999,0.6098903022076284,0.029551443565286693,0.0,0.0,0.0,0.0,1.0,0.0,0.8,1,389.22982916961456,1380.0390881076507
3,1,0.8719154819462631,0.6668792452896212,0.6313939241770057,0.07114929767333099,0.0674823950288408,0.03963466954870354,8.667980986318e-05,2.764939673566e-05,1.0,0.0,0.8,3,358.35676193921074,1307.9555647686632
3,2,0.34629841732573574,0.4705195187673899,0.4247097080925202,0.08494331610951289,0.8159012235064805,0.053520880227477065,0.014002523430608371,0.00553924952072792,1.0,0.0,0.8,4,141.14204193759406,370.00608141406536
3,3,0.25666378561642544,0.39146777015920914,0.3369931795508322,0.08809272733029008,0.2227623664798871,0.05565265764797287,0.04075692273895533,0.01784077866271741,1.0,0.0,0.8,6,88.85974310412172,101.3090377551202
3,4,0.218147076074947,0.3499886926264225,0.30064991518623346,0.10646363698479488,0.2932972095664827,0.04783170603040749,0.16896650826474308,0.041073535306370465,1.0,0.0,0.8,7,127.05640673626944,937.2303946924832
3,5,0.19859280326461046,0.32804255614727,0.2780359324836129,0.09745215159929692,0.07753441432423636,0.04928444622504714,0.0845572988831432,0.020594203121987058,1.0,0.0,0.8,9,114.83215523543451,947.619702007159
3,6,0.22142748313805516,0.34961497008140147,0.2992712837726574,0.12997110681024832,0.09682036365597924,0.05667962965023012,0.12939621715476493,0.04274217583317101,1.0,0.0,0.8,11,40.89360196733397,2509.53779863901
3,7,0.20372256665225508,0.34272310209346823,0.30347046755637985,0.1144630361390766,0.07627151541892085,0.05013363247411767,0.12195313345344835,0.029411943965137483,1.0,0.0,0.8,12,75.92547176131721,2026.6068384497285
3,8,0.21587783103330735,0.3407046804501759,0.2895075898582467,0.13432252089984278,0.11842909534168064,0.05763517247570852,0.12638245803367337,0.04161661942010847,1.0,0.0,0.8,13,44.74932798338909,2391.4778895484205
3,9,0.21528263570316097,0.3501929764680227,0.30991527532856233,0.14771280146144236,0.09478707840029374,0.06426306498260341,0.12293701008595499,0.03454861551068875,1.0,0.0,0.8,16,66.00163670947725,2490.389794429921
3,10,0.2227592521545534,0.3446672278244742,0.292772776818851,0.17876940850422454,0.11017849439183133,0.0681255491292494,0.12310510617703367,0.04261343331591509,1.0,0.0,0.8,18,54.49620830158925,2949.060806781684
3,11,0.2187656418876735,0.32788115365256726,0.26442245492653577,0.16888602379268725,0.11501741229504744,0.06981175064054061,0.10629698310993477,0.03863318762038957,1.0,0.0,0.8,19,60.68222483670796,2315.8092316283223
3,12,0.2006498174643733,0.3278184585130627,0.28578652672847027,0.1596538100205139,0.1196063921325555,0.05950796752803271,0.11959069061575141,0.03555881709688488,1.0,0.0,0.8,20,54.53402387784551,2441.0614762965283
3,13,0.21990515448382678,0.36820875715861595,0.3482825136044875,0.21789523023957266,0.1101022255626182,0.07775056430432699,0.3546470184693292,0.038456426778942274,1.0,0.0,0.8,25,110.11398102221864,201.17861403351665
3,14,0.21717177909485696,0.36343094376055746,0.34307815613234555,0.2229965423897548,0.11574215158714268,0.07780404700780985,0.3541976337898053,0.03801908628487066,1.0,0.0,0.8,27,99.81139307691976,224.48777512149
3,15,0.26416438619369126,0.4319121731345136,0.43374078438588315,0.2888500490071743,0.15715335452661094,0.08787918626219701,0.17534589687937244,0.08524340013676941,1.0,0.0,0.8,32,69.36872028849781,409.21642135779456
3,16,0.20439118936405953,0.34659885522251327,0.33451519126517376,0.2559302408767956,0.130063854408724,0.0787825672233314,0.3667510399984883,0.03991421436032671,1.0,0.0,0.8,37,73.22722323509932,445.5557735985198
3,17,0.19338220865793254,0.35707580267014927,0.37646194246156195,0.2680520333693107,0.14491920573763856,0.07451879480044114,0.2999538526940168,0.0433326108701393,1.0,0.0,0.8,39,54.17946864814668,468.519036452688
3,18,0.19311313111393452,0.36485551746498035,0.39490779207594684,0.2756913964000781,0.11990936165266462,0.07131853838593243,0.3091762492263313,0.04973987189508722,1.0,0.0,0.8,41,55.71182516286781,496.1259134394774
3,19,0.18992663284271508,0.3251150776819973,0.32114659723723293,0.25533479721607333,0.1194356628567384,0.07051593597780065,0.3068375237933713,0.049575905035113374,1.0,0.0,0.8,43,54.220476704757495,491.8527850891116
3,20,0.18963709675147244,0.368931034505082,0.409578623525815,0.2969030337066424,0.1108718032271542,0.06999364076709799,0.30760812481762123,0.05010504721399718,1.0,0.0,0.8,45,51.4545981009505,495.7715463148465
3,21,0.18955932273513562,0.3464279598289677,0.36470808527436804,0.28403826625589784,0.11080500234841477,0.06999882679862704,0.37176710104363303,0.05019578211381058,1.0,0.0,0.8,47,51.75314972313313,495.7475608461006
3,22,0.18183236103189548,0.29704234169378035,0.2805205907778234,0.29877170448833573,0.13086569994711483,0.07440176225902939,0.39072650297908573,0.04172289816323011,1.0,0.0,0.8,49,53.69338063788765,468.9851817176516
3,23,0.18607148152612119,0.30742935226172924,0.30132677014585457,0.3250206903807914,0.14112475209308967,0.07216596044651888,0.45774722306836824,0.05342972034184823,1.0,0.0,0.8,50,49.31556846551828,488.5226704609752
3,24,0.18642864363386144,0.30746725633820315,0.30131622247143364,0.3302027547619457,0.11720756270113211,0.07311888044541873,0.45582378055082684,0.05292177549802755,1.0,0.0,0.8,51,50.609066496036704,478.0910136872985
3,25,0.18151094364964504,0.29581444729968076,0.28867160005397396,0.32632218901634613,0.14915907558089495,0.06960611137767644,0.4670780630783596,0.055771402912599556,1.0,0.0,0.8,52,48.07250343497542,518.5600929587127
3,26,0.1939180783716892,0.31905387618851494,0.323031421477094,0.34496778181798393,0.12749918512093175,0.06848572744020694,0.4657749004274668,0.07293678539311348,1.0,0.0,0.8,55,58.51569488730543,495.9498839772743
3,27,0.19235879309542062,0.3031968322232757,0.29555254485533855,0.34151672646172465,0.14258064902396161,0.06879936976350669,0.4663023916042655,0.07259010322991023,1.0,0.0,0.8,56,50.3406106398816,497.1434794863739
3,28,0.19203771741504766,0.3249225279566379,0.3395871298526551,0.360112896018375,0.12742423443713616,0.06803342080813182,0.46689302124712323,0.0732458638988886,1.0,0.0,0.8,57,53.97868725865988,498.9963930679498
3,29,0.185802651935761,0.30402931582433695,0.3070212749070763,0.34877928934266705,0.14000790828600815,0.06568909591147634,0.4658789393786993,0.07059379287260643,1.0,0.0,0.8,58,62.64884313750535,435.6796096074465
3,30,0.1922553440381654,0.3300670871435741,0.3550213982514967,0.36790979731257756,0.1342086709427725,0.07146976353450377,0.46727277723877714,0.07301012504939752,1.0,0.0,0.8,61,46.27833438113693,503.2708845101876
3,31,0.18796772690919356,0.3224695395374198,0.34696088104428996,0.3712629834545489,0.13530863475169624,0.07037293864300657,0.4692871013017929,0.07096329340228802,1.0,0.0,0.8,63,50.25881767344514,462.0159476694166
3,32,0.18722338172015446,0.3324740062695223,0.3680822463954524,0.3813936581334736,0.1274118564377944,0.06976930164469909,0.4692126501537433,0.0709876153621659,1.0,0.0,0.8,65,50.491697498143616,460.32863855036834
3,33,0.1837351997754215,0.338345013212379,0.38487742719288287,0.3993649924970428,0.12812733490756578,0.06782967438950416,0.4744504644799014,0.07004570107501581,1.0,0.0,0.8,67,50.90682917434263,433.5960496917571
3,34,0.18360823368722018,0.3490314460517696,0.4066901041843479,0.41024798415043373,0.1245513943268986,0.06782967438950413,0.4744504644799015,0.07004570107501581,1.0,0.0,0.8,69,50.64742995650605,433.2658618076878
3,35,0.18438774643610406,0.3703739963808271,0.45013863430873985,0.4731297503781392,0.12590163875594146,0.07430965473875,1.0,0.06383065194078734,1.0,0.0,0.8,84,47.37025509325696,578.9629815408285
3,36,0.18277174001632085,0.3667171772971367,0.4462022187054433,0.48239255451939267,0.12958684604479254,0.0734858252571975,1.0,0.06396170680806292,1.0,0.0,0.8,86,47.65189111557125,576.5694231256685
3,37,0.17626099085824684,0.36780159282313063,0.4579759003872944,0.4852861824972635,0.13643517675645103,0.07023527077509828,1.0,0.06176067826237963,1.0,0.0,0.8,87,44.50775645076207,555.7604739056579
3,38,0.1761312555544009,0.3883046731082036,0.5005988869284055,0.4985108818907472,0.12264538835111154,0.06999299733924404,1.0,0.0627175049760491,1.0,0.0,0.8,90,50.11041399252292,547.5872205253994
3,39,0.1760651772548333,0.3991760963276712,0.5226141003098808,0.510130183140278,0.12054553488910132,0.06999299733924402,1.0,0.06271750497604908,1.0,0.0,0.8,92,49.887661128210816,551.2205198106702
3,40,0.20052368838332912,0.432253288612392,0.5665238792589766,0.5650334772876147,0.14857355451936521,0.07061700803200312,1.0,0.0937800482746812,1.0,0.0,0.8,96,39.952958077481945,726.7036801746203
3,41,0.1924613131487667,0.43488648214585296,0.5802687807339103,0.5696106582327212,0.13868782612473896,0.06707081024710172,1.0,0.08833779819715962,1.0,0.0,0.8,98,49.94384548447945,588.7214064280708
3,42,0.19688131011651464,0.4582290462510896,0.6255065731708335,0.6089875435194065,0.14653301117223588,0.06907233337549591,1.0,0.09298754462063334,1.0,0.0,0.8,103,43.136884129466594,711.8166249270425
3,43,0.19737849844514768,0.4586691815016526,0.6259391415911717,0.6206958842207511,0.14407052463220216,0.06926471510023616,1.0,0.09339639899137396,1.0,0.0,0.8,106,51.37012751648763,616.4813998344374
3,44,0.19746985707010284,0.4697767429528772,0.648201407815767,0.6357375093468578,0.14429371357680998,0.0700372202650377,1.0,0.09258455179658845,1.0,0.0,0.8,108,51.69667709904167,615.0821234126639
3,45,0.1976481337216276,0.46964415173190355,0.6480276373858919,0.6359954658644994,0.1458563642175822,0.07046204311010007,1.0,0.09242825668032076,1.0,0.0,0.8,109,51.90977430088704,612.8905919226753
3,46,0.19740166616421023,0.4693939157215482,0.6477768776660845,0.6394824653629981,0.1441769645423746,0.07055898570449053,1.0,0.09200084486807544,1.0,0.0,0.8,110,52.29689682358365,607.6288719227583
3,47,0.17852639584719485,0.40012286898260907,0.5330553896529632,0.6233441156320212,0.15540546346789033,0.0680171383200388,1.0,0.07443872456024041,1.0,0.0,0.8,111,53.99592140746161,740.8957178830345
3,48,0.17586540072643458,0.3862760244377506,0.5080316423800766,0.6244363499347828,0.1250782966447277,0.06949138872337482,1.0,0.0693112776287231,1.0,0.0,0.8,114,54.25763499841712,714.7200202547996
3,49,0.1816431747165918,0.41010872126587594,0.5536577894955305,0.6640679049441822,0.13853639936702095,0.07163924389331125,1.0,0.07572856860785693,1.0,0.0,0.8,117,41.52301108528955,799.6503407071101
3,50,0.18114579355440702,0.4203172758063639,0.57498121540764,0.6764572816636726,0.1327545851979567,0.0712622651381938,1.0,0.07575229908555621,1.0,0.0,0.8,119,41.15708846683503,799.7613220040816
3,51,0.18089477069469356,0.4089566125506926,0.5524535377898344,0.6744018803090422,0.13168249215084432,0.07078522392597669,1.0,0.07604109938964665,1.0,0.0,0.8,120,39.91881967494929,806.2704563306276
3,52,0.18129040509800765,0.4295001581480124,0.595064275149636,0.6860904439062732,0.14202101680684004,0.06969168119846904,1.0,0.07880408585900532,1.0,0.0,0.8,121,42.28483991856971,846.7317118301371
3,53,0.1784390619998353,0.4820642641345152,0.7034458714433346,0.7956630007455165,0.12992782369583997,0.06948270547407873,1.0,0.07553165012909602,1.0,0.0,0.8,137,44.63792422522469,759.0803445796923
3,54,0.9058417925700201,1.1638209591539463,1.3403800103262897,1.4980509299477263,0.8634396410445835,0.057748067864368605,1.0,1.0,1.0,0.0,0.8,138,43.774959523813735,769.6581528477328
3,55,0.9055531608146038,1.1727673191156867,1.360253506148345,1.5291720425377182,0.8601974685465255,0.058098343949693085,1.0,1.0,1.0,0.0,0.8,142,46.730964487457534,763.5580086479903
3,56,0.9049526425868244,1.2050642414115904,1.425996097519619,1.569238770977995,0.8579858739017173,0.05763164966250017,1.0,1.0,1.0,0.0,0.8,147,46.27596555085201,763.0515413293834
3,57,1.011021354169991,1.3433681524690053,1.5976615671519674,1.7062948611448652,0.9688006146349313,0.16405718871992342,1.0,1.0,1.0,0.0,0.8,148,61.01197203328904,929.6127648877168
3,58,0.17127284289586708,0.4924240230025744,0.735539613172608,0.8720925548465324,0.1245631011830444,0.05989998653708232,1.0,0.08055232723924352,1.0,0.0,0.8,150,56.73226372558016,777.3565944780029
3,59,0.17149733051024674,0.5024731211535682,0.75659237650407,0.8980333781844225,0.12613224685581365,0.06086668826741189,1.0,0.08015652869492576,1.0,0.0,0.8,155,53.54681400589824,780.4745685258308
3,60,0.17254668465425688,0.48887248378520665,0.7313772807583941,0.9020431076907606,0.1430637690661435,0.06930328678534317,1.0,0.07238014281449046,1.0,0.0,0.8,156,41.82532340361856,754.374037109379
3,61,0.17234918564974605,0.4991559169865351,0.7527484247736171,0.915741082765615,0.12856767537051644,0.06930328678534318,1.0,0.07238014281449046,1.0,0.0,0.8,158,41.63642912233406,751.6912448681177
3,62,0.17232743849062504,0.5097647976480795,0.7744639346862978,0.925602118520526,0.12837071126075167,0.06936791922794201,1.0,0.0724594724698305,1.0,0.0,0.8,160,41.42973326797975,753.1430540947645
3,63,0.17160874376653595,0.5310270262784185,0.8180301718879982,0.9602291764724132,0.12692049647803802,0.06899915652752973,1.0,0.0721071474729336,1.0,0.0,0.8,164,41.47830285011468,743.2668932914203
3,64,0.17259047935796057,0.5313485420653835,0.818268814421093,0.9754557785349404,0.1293382168209114,0.06981466702828734,1.0,0.07257800709482928,1.0,0.0,0.8,166,39.72059456671834,753.5480122268958
3,65,0.17386399754542484,0.532263385487163,0.819138429615768,0.9966627916725387,0.13006044192161798,0.06937052575598344,1.0,0.07486790287267928,1.0,0.0,0.8,168,39.35216826775182,751.5971643370361
3,66,0.17410212240908737,0.5432301124860153,0.8412244423097117,1.0088861315560882,0.13016058427974775,0.06820649941121414,1.0,0.07676601035248011,1.0,0.0,0.8,171,40.23602211055196,737.642036184246
3,67,0.1741062141457978,0.5317453822538651,0.818525343227037,1.0027205661659113,0.13061282619602443,0.06827029541133703,1.0,0.07684606510317432,1.0,0.0,0.8,173,40.03895985473245,738.9072626583807
3,68,0.1717253254029249,0.5173451391490513,0.7928444282992454,0.994105263909754,0.12901215644217184,0.06695498941255758,1.0,0.07587616167729197,1.0,0.0,0.8,176,42.6549086576528,711.3875842883266
3,69,0.1726096657534997,0.5501135261453322,0.8589327132989769,1.029991656463652,0.1305342778793139,0.07111698099564673,1.0,0.0723285683453336,1.0,0.0,0.8,180,41.34677651468021,754.0245683851186
3,70,0.1718260674846654,0.5374263931943724,0.8349801056758426,1.0231584357477688,0.1302164194009886,0.07038837249420098,1.0,0.07257078989712541,1.0,0.0,0.8,182,41.84236757452179,752.9491109837496
3,71,0.17147543832539308,0.5581189854664578,0.8778603349240011,1.0674517760213291,0.12970073022627526,0.07038837263204419,1.0,0.07257078990233137,1.0,0.0,0.8,186,41.62815002307381,747.4763738741653
4,0,0.9760561513422557,0.6614249339093291,0.629195429203961,0.03126220884286288,0.0,0.0,0.0,0.0,1.0,0.0,0.8,1,221.45150948707135,1452.1488214481794
4,1,0.946450396525329,0.6830303810793834,0.6493632522519047,0.07005747315956967,0.062064577359363604,0.03668906349925027,8.6315423852e-05,2.3811373196549997e-05,1.0,0.0,0.8,3,203.33894164691625,1247.4970679721628
4,2,0.7206515076538039,1.0772034766958394,1.0772034766958394,0.14827883696744887,0.3263559422003349,0.05275396377747742,0.11467299176136454,0.030561891147952457,1.0,0.0,0.8,4,468.49403268769584,376.70210521569993
4,3,0.28538816186154287,0.4205108126190736,0.37011085664394366,0.06619599056167028,0.7910480552937593,0.04795470733924867,0.03719726328637976,0.010261409589100939,1.0,0.0,0.8,5,89.19295709878229,155.4946274500778
4,4,0.28582272890919624,0.43204047805871865,0.3928031050488343,0.0726567271391759,0.0566673093574511,0.047974019603191344,0.03920198425757596,0.010814441215081811,1.0,0.0,0.8,7,93.96545927802296,147.82194768748113
4,5,0.2857415657016672,0.43196309253717813,0.39272224883551193,0.07809796438364694,0.056708556430102586,0.04797236983135489,0.03902453766251982,0.01076548997428647,1.0,0.0,0.8,8,93.52986767950976,148.4519703330176
4,6,0.2818831689524827,0.4172777941075582,0.3665489588908413,0.07756012545866427,0.06770733944288145,0.04929217311916863,0.02827578366974634,0.00886700412765515,1.0,0.0,0.8,9,70.1055079225105,218.997797995184
4,7,0.27661998520486586,0.4258390937431093,0.385793033267742,0.08419153179572222,0.08364591059711639,0.048174296585560564,0.04643698501439851,0.01343132039176067,1.0,0.0,0.8,10,83.45769367622492,77.64109020058989
4,8,0.27300984450479454,0.4089881455297169,0.3572336332873778,0.08191145967203561,0.07045118490461293,0.04950562058407061,0.03697727906861788,0.01170623804982587,1.0,0.0,0.8,11,86.69506605005486,153.41053782115017
4,9,0.2652397264100841,0.42345001648680825,0.39304695451222127,0.10690462136453782,0.09608214722267133,0.050905409903185414,0.03773349513619464,0.01314994590163425,1.0,0.0,0.8,12,87.29372095466421,113.51487059108156
4,10,0.2232787948326706,0.3734610222698143,0.3376662116204714,0.09705312584054956,0.1630379666121164,0.051605316429725046,0.06045586774829722,0.020589337267971238,1.0,0.0,0.8,14,84.21280907157579,98.82821618516824
4,11,0.2022239557322228,0.34713176027380904,0.3095427148733497,0.0944053319314613,0.09223875594141281,0.05122406723533231,0.031380870154952875,0.01171456061048847,1.0,0.0,0.8,16,83.38912551483031,159.80239761762246
4,12,0.19847971908416054,0.34251394462570506,0.3046613233307994,0.09724657166183716,0.06339391874278404,0.04917900310115439,0.03156897944559312,0.011960100252151721,1.0,0.0,0.8,18,84.54910610967647,187.0269186071143
4,13,0.20135837985940608,0.3438910771328485,0.3055942073497407,0.11254591444875332,0.07268424803965698,0.053205888550515966,0.04133878450710374,0.014481032512067591,1.0,0.0,0.8,20,93.06850468569591,320.84958608629864
4,14,0.191729627319825,0.36241933632755835,0.3562511670090958,0.12213563655115814,0.08844002746021692,0.05339817847942242,0.0349254838163755,0.013741486456589699,1.0,0.0,0.8,22,88.48579842558343,208.60156376496963
4,15,0.1895317863779163,0.34610924212849337,0.3280352265870785,0.1296342003634026,0.09308053266534039,0.05522963383168089,0.036966786964506,0.014658231058824309,1.0,0.0,0.8,23,87.64960188064778,237.4671185510625
4,16,0.18720445811754235,0.318341616710306,0.27718330360969373,0.13741824979046974,0.07815979301332561,0.05535511148544303,0.04261934528566333,0.01743273805611742,1.0,0.0,0.8,26,138.68242466459165,443.93687624767387
4,17,0.18740204428015478,0.3511938565307938,0.3433877694455022,0.14350371451373578,0.07545317925931438,0.05726340746178528,0.041419697060656055,0.01638672454793934,1.0,0.0,0.8,27,93.51412193053712,289.5905989665821
4,18,0.18457517905365384,0.32350866088604835,0.29278600015313655,0.14640927398187517,0.09169439909759708,0.058064658713083105,0.04360627751225634,0.01621554166472475,1.0,0.0,0.8,28,107.65355856466428,391.0808540361427
4,19,0.18265295331891082,0.31906453039290344,0.2878058202571322,0.15273403480947956,0.08167826169798945,0.05892547558100127,0.04389934357308305,0.01662372824211223,1.0,0.0,0.8,30,108.37388857773658,425.5000213612907
4,20,0.24194169299409868,0.3755274264477791,0.3436871969607729,0.22608317735018985,0.155309210558217,0.06093975695815303,0.09614623289937328,0.0923209587434949,1.0,0.0,0.8,31,117.59778488357728,653.1292460752024
4,21,0.23008143586844546,0.36359494770114853,0.3407773485638407,0.23197135530454085,0.17210790450011473,0.05702397667319196,0.11848522719137049,0.09656529922023402,1.0,0.0,0.8,33,119.28172719586892,1039.7740966099948
4,22,0.22861348131241033,0.3675657060999577,0.3549067759112847,0.25184437433776,0.1554299395043055,0.05696634114112583,0.12956961720624277,0.10094634054092452,1.0,0.0,0.8,35,147.9959844436984,1229.6732261566412
4,23,0.22832686552460202,0.378030150483256,0.37647644569493366,0.251780628287685,0.13878307477844126,0.056966341141125844,0.12956961720624305,0.10094634054092441,1.0,0.0,0.8,37,142.56026626621485,1253.4762750074913
4,24,0.2276736421449717,0.36624576239187434,0.35352076752535433,0.25132760603605175,0.13730727815988614,0.056891232331899855,0.1287033299134048,0.10025894739771395,1.0,0.0,0.8,38,140.0021624031328,1213.7225283040032
4,25,0.23844431474617123,0.35175045484055156,0.31616475537673117,0.2492080993708906,0.16909487422695263,0.0611371272033871,0.1259960875461159,0.11153528505099888,1.0,0.0,0.8,39,115.4791347593075,1435.1265209736755
4,26,0.23690558978721354,0.35838429789051307,0.33346994372061245,0.2699738343116351,0.1597974281838221,0.06230557762216983,0.12245543800852324,0.11098116850269088,1.0,0.0,0.8,41,115.330372314817,1355.2637072246512
4,27,0.23320387957519476,0.3479863432353434,0.3219736699070198,0.27874155669564415,0.19095598257923188,0.06081082604016987,0.12629689972958774,0.11427739277722666,1.0,0.0,0.8,42,111.73361178919303,1404.1290420891974
4,28,0.9380468930330949,1.1034118097290528,1.1324461407488409,1.0725386191793174,0.8618068573109906,0.060360103436205126,1.0,1.0,1.0,0.0,0.8,61,200.76622139311567,3841.41304329521
4,29,0.9336918637911417,1.09347018440109,1.121639219421156,1.0772589948698241,0.874775865704615,0.059510522463601404,1.0,1.0,1.0,0.0,0.8,63,204.8639434592905,3970.998701854194
4,30,0.9336897012797257,1.104561648809491,1.1438953739326618,1.1014983172395332,0.8595200271235446,0.05951052246360141,1.0,1.0,1.0,0.0,0.8,65,204.58175000016143,3972.304328565291
4,31,0.9356552368985606,1.0707347889194903,1.0761888808704223,1.0836069772085615,0.8767354566343594,0.06300532359248698,1.0,1.0,1.0,0.0,0.8,66,185.53773547346088,3796.4959409139487
4,32,0.934275701312808,1.069310092214282,1.0747584240345918,1.0876030882408823,0.8617753768937034,0.061640738177830036,1.0,1.0,1.0,0.0,0.8,67,193.82316742697992,3633.0803321018193
4,33,0.7454531112934581,0.8853925787515405,0.9010839378622655,0.9120896539052239,0.7087304286861225,0.06046466040974391,1.0,0.7698141034951599,1.0,0.0,0.8,68,169.2781037438142,4120.448779458985
4,34,0.6470802493126795,0.7769728427360872,0.7912110200420001,0.8239025889824356,0.6087829997157377,0.06275238923957291,1.0,0.6505123556154387,1.0,0.0,0.8,70,154.03207909723855,4018.949432764096
4,35,0.650152885997502,0.791082023673132,0.816476848336064,0.8453998236540754,0.5863659355405876,0.06281335897133354,1.0,0.6543142246781655,1.0,0.0,0.8,73,154.2718083055488,4023.648082729031
4,36,0.7380429013819209,0.8746118640688108,0.8993908707881768,0.9337992142235096,0.6980395988304516,0.06411356965101278,1.0,0.7651867595510002,1.0,0.0,0.8,74,164.34025627148873,4293.95995666171
4,37,0.9132398490121767,1.0938616655535442,1.1632559332874615,1.1419907762058263,0.8523901451665123,0.05160918543366037,1.0,1.0,1.0,0.0,0.8,76,167.55361135352405,3173.315441945378
4,38,0.6138256995857811,0.7924865985718841,0.8616074061454774,0.8541877718070715,0.5579265675957082,0.05208320277930243,1.0,0.6262796592228916,1.0,0.0,0.8,78,144.01045858965963,3132.593073590393
4,39,0.6153959176469807,0.7924383382770308,0.8613345805868748,0.8666688373046147,0.5593770289299735,0.05258155578060707,1.0,0.6285438566047092,1.0,0.0,0.8,80,145.6683533770875,3030.0227483129297
4,40,0.9115915083472471,1.08788771774184,1.1566809529607922,1.158830898102465,0.8555931875389905,0.05194912438837074,1.0,1.0,1.0,0.0,0.8,81,166.89343973362753,3524.323034767341
4,41,0.9115753364906021,1.0989326170660112,1.1788860631975882,1.176956138667062,0.852036620167741,0.05194912438837074,1.0,1.0,1.0,0.0,0.8,83,165.12344235282706,3533.0816046682344
4,42,0.7052648973204798,0.9027409715077029,0.9937249272424562,0.9757730434891396,0.6484577715392926,0.051806097735345245,1.0,0.7428397125502079,1.0,0.0,0.8,85,147.17463053166884,2789.5576820607357
4,43,0.7020250827360757,0.8950249358702578,0.985396979298873,0.9845052781868435,0.6519791996055515,0.05200327895130317,1.0,0.7409823617888998,1.0,0.0,0.8,88,156.24254748972726,2798.461314779445
4,44,0.6999502071043839,0.8813497524612954,0.9701704514899543,0.9961937690852667,0.6747705433533129,0.05138374932314684,1.0,0.7450345955945206,1.0,0.0,0.8,90,153.3200352268572,3417.0634249072605
4,45,0.7014233248711296,0.8939003310619238,0.9938836710994619,1.0125889952502864,0.6489376473954975,0.05145620515715661,1.0,0.7467949051251983,1.0,0.0,0.8,92,151.77495985833608,3416.339218382849
4,46,0.698669257174753,0.9006908703764949,1.0116354113454407,1.0215933034099023,0.6503322261358558,0.05151034712092606,1.0,0.7440250712651002,1.0,0.0,0.8,94,150.9788183248138,3472.0780183118
4,47,0.7227340178122175,0.9357983234049104,1.0579010937826256,1.0819342088768789,0.6708376843736522,0.0521843328531725,1.0,0.7732891435995828,1.0,0.0,0.8,105,155.71401065545064,2969.8202972113136
4,48,0.701976688777415,0.9250000238678157,1.0581188966987747,1.0723312177678341,0.6557638181914016,0.05108336311471949,1.0,0.7492544395294851,1.0,0.0,0.8,106,157.52452509890185,3844.965237681177
4,49,0.7204132257236749,0.9312300182720024,1.0530386490961328,1.1007021162601314,0.6718858321133614,0.052424256370542245,1.0,0.7711413256938678,1.0,0.0,0.8,108,154.60351841564815,4152.832104980292
4,50,0.7196383744774889,0.9157616117907098,1.0259373895097363,1.073005680392261,0.6863727656409846,0.05292639352966966,1.0,0.7711884327937681,1.0,0.0,0.8,109,154.2425566699793,4186.005825075607
4,51,0.7179932257939499,0.935495973215325,1.0678969298233252,1.101493577695367,0.6722527553647971,0.05284162774884943,1.0,0.7696040700424975,1.0,0.0,0.8,110,150.65045769063772,3585.552617500298
4,52,0.718930473454596,0.9221057971735152,1.0429256763116483,1.094915722328183,0.6852602588436334,0.053173673413909696,1.0,0.7717834226053691,1.0,0.0,0.8,111,148.48297875451436,3445.1768380986105
4,53,0.7189051567483766,0.9331046399185756,1.065080350466053,1.1104581870854768,0.6709296917741677,0.053173674124877744,1.0,0.7717834223696366,1.0,0.0,0.8,112,149.1467306650859,3441.8635437724874
4,54,0.7181730555620938,0.932322824473115,1.064292182213491,1.1142576987901198,0.6699990884540457,0.05302728176383964,1.0,0.7710729606657223,1.0,0.0,0.8,114,149.22846140753217,3476.575887532401
4,55,0.7188840494325905,0.944119821730246,1.0872532536738029,1.1186681366364342,0.670647822456059,0.0531736734139097,1.0,0.7717834226053671,1.0,0.0,0.8,115,150.33446166442732,3436.0117264445616
4,56,0.8481306948647293,1.106581281792054,1.2832006354616143,1.3093374154257704,0.7999248435455119,0.05102452052008703,1.0,0.936061855259499,1.0,0.0,0.8,122,162.36048683206013,3337.3981058912545
4,57,0.6796912448102023,0.9182728473514172,1.0826123285664584,1.172821637618441,0.6423262096795984,0.05218629481379102,1.0,0.7277317680557948,1.0,0.0,0.8,127,157.04121300462876,3061.4341568208893
4,58,0.6374284161927097,0.8745503801565774,1.0387061830785478,1.1308389374492718,0.5958137462924891,0.052481373870269576,1.0,0.6751201074992278,1.0,0.0,0.8,129,163.84473854449772,3250.527916281284
4,59,0.650445895441082,0.8733800368901559,1.0259837336996063,1.165561073333992,0.6131621997963079,0.05271122233668907,1.0,0.6923230212418465,1.0,0.0,0.8,131,163.55204941189055,3333.4828818371666
4,60,0.6465834232647303,0.8804169641895734,1.0441614092648703,1.1556726842239498,0.6041172468646727,0.05215304779897841,1.0,0.6882693164302556,1.0,0.0,0.8,132,170.7394767828229,3327.210568667151
4,61,0.6258034986280883,0.8592499797941044,1.0229459922419333,1.1613226825537808,0.5829590944005966,0.05079645841712127,1.0,0.6641403486169253,1.0,0.0,0.8,134,169.8832061835785,3312.498118487402
4,62,0.6415730336746582,0.8598423415474165,1.0118661850478197,1.1799190059064226,0.6170680351223865,0.051492304856106993,1.0,0.6845387868236316,1.0,0.0,0.8,135,171.74628834793455,3324.4492933669285
4,63,0.6415730317716358,0.8709393937659252,1.034128416258696,1.2004159059642328,0.5991234009503439,0.05149230485610699,1.0,0.6845387868236316,1.0,0.0,0.8,137,171.74626796001402,3324.449396162898
4,64,0.6375150329692412,0.866760137933703,1.029934325827624,1.2076721062064333,0.595443347537319,0.05008094210376365,1.0,0.6812753404654437,1.0,0.0,0.8,138,173.9188314076895,3618.6214618798926
4,65,0.6399279327461713,0.8906191501104349,1.0760314737755408,1.2422958878445538,0.5982175981129435,0.051198729373934694,1.0,0.6831738489426146,1.0,0.0,0.8,145,172.11973401795058,3407.9889244467745
4,66,0.6290073264821695,0.8787425036657388,1.0640366558593308,1.2353401208284696,0.5913512632357332,0.051740688808373944,1.0,0.6692013147282876,1.0,0.0,0.8,146,170.31987279753116,3195.225091295664
5,0,1.0,0.6666322649468627,0.6348984723299319,0.03177141449054935,0.0,0.0,0.0,0.0,1.0,0.0,0.8,1,170.22651453064995,1441.326154694366
5,1,0.9757203876859816,0.6965742523103193,0.6633639478512248,0.07927319876545574,0.0715078733887638,0.04542736422842323,9.503061743006e-05,3.213335422196e-05,1.0,0.0,0.8,3,151.3834183832385,1383.107820897391
5,2,1.2764429220311289,1.298411463554309,1.2528794258087663,0.8035261017440418,1.2232281821032966,0.10043562545949498,0.7942836929242262,0.8453699239792234,1.0,0.0,0.8,4,508.09286725312415,542.5270815142844
5,3,0.25419174545331724,0.37497197580813724,0.3073971821078701,0.09165941922517196,0.8503615238364772,0.06570657046708853,0.05284592825068701,0.02393404482105217,1.0,0.0,0.8,5,63.51977766679544,85.30873242516303
5,4,0.2425687788333285,0.3616900944488444,0.2933190942494451,0.09226842939495718,0.09397908482376938,0.07032988187691389,0.02646483724001949,0.012008531864001951,1.0,0.0,0.8,7,67.3082252772837,100.99511766525512
5,5,0.2437040454535095,0.3623380834500351,0.2937412868903446,0.09731184897520821,0.09104569850848848,0.07286935640026262,0.02663096000863801,0.01260825423201058,1.0,0.0,0.8,8,81.65931067951274,120.85982761472263
5,6,0.24412303905532717,0.36228024401588793,0.2934950503013835,0.10253425649677525,0.09139289173976783,0.0751715405690915,0.026587181273938287,0.012132100657740109,1.0,0.0,0.8,9,72.83263089302133,120.34029555626574
5,7,0.25696665589562917,0.37193993606944376,0.30192300745395945,0.12711271844719166,0.1512746624356433,0.08655995285848468,0.03078428313927075,0.02614579402966864,1.0,0.0,0.8,10,85.94465119406632,355.3575103697145
5,8,0.2423623271773026,0.37371808249397387,0.3326093464035733,0.16194138437261807,0.2856137891550159,0.09370501021387968,0.09204963841493861,0.03806572897172823,1.0,0.0,0.8,11,121.38424852238616,1268.1890497580855
5,9,0.2342378530822861,0.36014815602862466,0.3178491517110001,0.1651842462697728,0.1440794324648367,0.0937622285460282,0.08911836243583471,0.03666073351819654,1.0,0.0,0.8,13,117.82000725555142,1163.244855705357
5,10,0.23185738786799182,0.3452057177662976,0.2914350634671697,0.1598509828622408,0.1332887484320251,0.09279978734767794,0.09025353642141573,0.03708154569566607,1.0,0.0,0.8,14,114.0778589788246,1187.645770088269
5,11,0.24084071849526165,0.34719492588058887,0.2920301611773236,0.1877518677081865,0.18827530627194913,0.09058068207684704,0.09498520230881184,0.0606481536541539,1.0,0.0,0.8,15,98.1792871188367,1125.1751347435973
5,12,0.24745265051648663,0.35249256545317353,0.29707728552488977,0.20370702519084843,0.15584496920946306,0.09324755484051928,0.09909317475763368,0.06722664702560988,1.0,0.0,0.8,16,93.44655501977437,1186.9204214731387
5,13,0.2522494626357559,0.3568343517120779,0.3013328186519568,0.2143914270107198,0.153797968574554,0.09715123335062611,0.09954662505440476,0.06890687155576186,1.0,0.0,0.8,18,103.73909208468096,1232.062399132602
5,14,0.24396465499611783,0.3594089716212553,0.3150277102347846,0.2056891235406336,0.14581171414465777,0.09439386094839786,0.0954099704207528,0.062290441625286075,1.0,0.0,0.8,19,107.33743194345952,1183.4850895684733
5,15,0.24797323159546708,0.3625657431742435,0.3180243827500533,0.21888945207513433,0.15470999138005836,0.09524754182741804,0.09767542022084096,0.06727171852072555,1.0,0.0,0.8,20,97.02306851255908,1203.8312226337312
5,16,0.23961997442067107,0.3631497381809003,0.32937292233939974,0.220241254192511,0.14559013302781215,0.10093695766886042,0.11921056124822833,0.052281963338401315,1.0,0.0,0.8,25,107.8885152049986,1217.877407585201
5,17,0.28075013424330064,0.41292501199041665,0.3898588490851247,0.2624931835724191,0.2025784492727332,0.10321237843436899,0.1814135324559532,0.1037555314874942,1.0,0.0,0.8,26,86.68964033111887,1161.769426092342
5,18,0.2777098377166166,0.40311756639808083,0.3788697904849084,0.27282813837513215,0.2301690046082377,0.10566658178737434,0.17817822670874123,0.10394395637121626,1.0,0.0,0.8,27,88.47054863364069,1131.9882215448963
5,19,0.35653459341857296,0.479211892689013,0.45449935617194803,0.3563235847808245,0.2862169798966816,0.10855054522320406,0.32432331660247204,0.20156222746105384,1.0,0.0,0.8,28,78.8890385088548,1251.7546353389928
5,20,0.28334387497147673,0.4267421180073842,0.4241131031896027,0.3662590451091126,0.19816788661617757,0.09251615879314912,0.1892712115857595,0.13151925469534767,1.0,0.0,0.8,48,104.09572531166468,1313.492952883311
5,21,0.44271639272558,0.6186753149825428,0.6587961414164454,0.568199984223487,0.3765856039534521,0.08121797564016624,0.8524308782368317,0.3551715875034163,1.0,0.0,0.8,54,173.77868110849914,975.9333632434378
5,22,0.4403161602576636,0.6080462149062187,0.6469027933729774,0.5762225396148711,0.39030454059714403,0.08195332908129711,0.8487842777450156,0.35756795475086883,1.0,0.0,0.8,56,173.1542861488977,901.8431015481874
5,23,0.4418617377874897,0.60754238512354,0.6460910600802126,0.5852987904708602,0.376171321635499,0.08274102490409727,0.8452327078706295,0.35999645535254327,1.0,0.0,0.8,58,173.26724381075283,831.1306074106102
5,24,0.44147024880427405,0.606459531860083,0.6449051888024706,0.5851896732519369,0.3716447256288117,0.08274102455905571,0.8452327002405822,0.3599964515392975,1.0,0.0,0.8,62,170.92077143351284,815.4235561479969
5,25,0.4396793690221632,0.6039353481308389,0.6422717332656878,0.5870300622192974,0.373213075445571,0.08218309436437246,0.8478874283068742,0.3589724158964295,1.0,0.0,0.8,63,170.78361372842218,846.037947176088
5,26,0.43813147306947864,0.6020571974702777,0.6403445641245566,0.5856171703079456,0.3685743808593758,0.08163543399193789,0.8505880652754103,0.3579533828149601,1.0,0.0,0.8,66,171.08358462786052,880.495208707157
5,27,0.4162059191404457,0.5743706693399209,0.6118122197146747,0.572181856865432,0.379024481012335,0.09000570186837051,0.4865857018809191,0.32398763124661684,1.0,0.0,0.8,67,127.1534560680988,790.3496328080436
5,28,0.4988533170240064,0.6538630701364994,0.6908492873808045,0.6664097397700499,0.44150492524533846,0.09192121789216696,0.5755033597731571,0.4269394931332391,1.0,0.0,0.8,69,133.05343525710313,713.6336021603147
5,29,0.4158228685627978,0.5705281370768815,0.6074706890224055,0.5829105610443313,0.3521371258374281,0.09023620995672936,0.4859131823221718,0.3254506839019366,1.0,0.0,0.8,70,126.0173448864018,753.6410271191316
5,30,0.43138909651374885,0.5856122996679505,0.6224857703129185,0.5953711930500543,0.36762460501206945,0.0918391762507989,0.4757979745551336,0.34320914011829967,1.0,0.0,0.8,72,128.09927685631064,753.4951260037824
5,31,0.43065828952968777,0.5848716401498173,0.6217437629376239,0.5979226682740062,0.36570527886192156,0.09176312635450769,0.4761805671969994,0.34239689829495185,1.0,0.0,0.8,74,128.0068161676734,753.4429966441606
5,32,0.4084434269423676,0.5727975841542579,0.6206983791254659,0.5866127122713451,0.34635460307426924,0.08797888704887197,0.49653104345200133,0.3199576553483157,1.0,0.0,0.8,76,138.67481768122877,748.9800141485126
5,33,0.476079483323418,0.6373347720677822,0.6847956331870583,0.6871393897440391,0.4286275924063274,0.08892239066096355,0.7755870077048739,0.405226371083298,1.0,0.0,0.8,77,161.18245477794918,955.7494667182864
5,34,0.4370043466124611,0.5954718857959056,0.6425410982099253,0.6559206231714714,0.3891601903765259,0.08284624896460709,0.6882309426075863,0.3656359480873519,1.0,0.0,0.8,78,151.15630346230304,896.9235804417
5,35,0.510463801897834,0.6680489502772973,0.7149949630464187,0.7366002547948236,0.45140172340371454,0.08926302743012784,0.8784307830127898,0.4499551830923374,1.0,0.0,0.8,80,163.90479057432572,998.9204814492464
5,36,0.4259954768331557,0.5818559598680326,0.6285618387673095,0.664864110775907,0.3697878874638905,0.0799670497395302,0.6949124737541846,0.35698531509899817,1.0,0.0,0.8,82,152.15683377688688,974.5102845850528
5,37,0.5162613411911714,0.6810548237393297,0.738625707455314,0.7533785748749617,0.46214326625887153,0.08833988245429557,0.8164750359375956,0.46058911978948186,1.0,0.0,0.8,84,179.35693559460884,991.3560798264458
5,38,0.5813623833747343,0.7550164501162446,0.823446462431048,0.8371367054780041,0.5336220115874786,0.09293218068805188,0.9592145290803634,0.5374520529943352,1.0,0.0,0.8,85,199.08283415950703,1034.1495819416066
5,39,0.4320182966725747,0.5817645459148135,0.6276298347056932,0.6882989274817333,0.3825522532658938,0.08114322998869633,0.7064939386111144,0.3664401338600804,1.0,0.0,0.8,86,153.65069965395563,911.5328413775125
5,40,0.4320179824699305,0.5817635299493399,0.6276286801328135,0.6882988247769772,0.3742964793770799,0.08114322998869632,0.7064939386111145,0.36644013386008095,1.0,0.0,0.8,89,153.6464793850599,911.4882506208614
5,41,0.432010105971457,0.5817373688383818,0.6275999373447922,0.6882961886347352,0.37438325893202085,0.08114322998869633,0.7064939386111148,0.366440133860081,1.0,0.0,0.8,90,153.49409839854786,909.8593321168936
5,42,0.4425420026426392,0.601201333636362,0.6579331157585249,0.7211721725111737,0.3963836248121738,0.07979222921025987,0.7075237852826148,0.38247581592039837,1.0,0.0,0.8,91,157.1780703592307,970.4690262651048
5,43,0.46887706029896037,0.6385442339769576,0.7064304805278767,0.7339155961975936,0.4124187787581653,0.0821172519776481,0.797967431900181,0.41251992941804183,1.0,0.0,0.8,92,154.739287216283,913.7713510845218
5,44,0.4450235568888845,0.5994325675766274,0.6555942058513683,0.7318137528385967,0.40965814707882475,0.08375886206176691,0.7079664472348199,0.38279560861209183,1.0,0.0,0.8,93,170.3989076409013,965.6823745044536
5,45,0.44405414649217534,0.5984318063811069,0.6545890624292076,0.7343614579496257,0.3891868015547465,0.08317448103982834,0.7112073930483177,0.3823302706880321,1.0,0.0,0.8,94,170.37048370271825,998.2442784450172
5,46,0.4728132277419854,0.6593953089587374,0.7489032676873939,0.8067652127536222,0.4192626649826036,0.09188884898360453,0.7467640769301845,0.40793564165752494,1.0,0.0,0.8,99,183.8785073598692,1047.5638761168077
5,47,0.47226970333604146,0.669632512360189,0.7702635190405902,0.8269056182377155,0.41856404888191934,0.09170353994295913,0.7447208826092512,0.40764648560960887,1.0,0.0,0.8,101,183.9325904440588,1054.0638639339793
5,48,0.47175130541770427,0.6682287931269161,0.7687418905272058,0.8213675126773097,0.42181695965281346,0.09084256135202937,0.7492516477153152,0.4085169838357451,1.0,0.0,0.8,102,185.31680315141108,1055.7751950410975
5,49,0.4625509246488886,0.6567386149887469,0.7569478551737929,0.7926558715912402,0.4147158110737347,0.09069932456117452,0.7906413573512469,0.3983230882322084,1.0,0.0,0.8,104,174.134974835389,940.249028399146
5,50,0.45580769949288513,0.6377900108027572,0.7266876481504116,0.7985840720336987,0.4047660296671547,0.08676848760331493,0.7982588230524554,0.3953451207894024,1.0,0.0,0.8,107,176.56121692347972,960.8637824385802
5,51,0.4392311329682586,0.6381320611182152,0.748668443867482,0.8209324775870146,0.4128802748159903,0.094478638509742,0.8696222087953067,0.36747700077819634,1.0,0.0,0.8,108,173.15293316087855,875.829246249793
5,52,0.4584337374324494,0.6462084729464965,0.745575649531981,0.8252091214458297,0.4077490889084683,0.08857011041241884,0.8118989751628154,0.39888081838072764,1.0,0.0,0.8,110,175.27755276608724,933.4840812797012
5,53,0.43325059908991237,0.6194576008661872,0.7186211708460042,0.7968732234696327,0.39021230216198177,0.08888114745642836,0.680558161831696,0.3677263736398616,1.0,0.0,0.8,111,179.0399309271969,941.5498545208007
5,54,0.4644348047495725,0.6505494352793744,0.7497009831352821,0.8417242117179486,0.4147033468755632,0.0887992527085399,0.8267406316414844,0.40685100973969257,1.0,0.0,0.8,112,178.10773103988964,962.3439663682324
5,55,0.4644089367397762,0.6504522412490183,0.7495944585953217,0.841714416989988,0.4146057267522256,0.0887992527085399,0.8267406316414846,0.4068510097396928,1.0,0.0,0.8,113,178.00514129956085,960.8033410707956
5,56,0.45381778423672703,0.6610639915763044,0.7824082332518341,0.8542886421585556,0.40860399258586966,0.08813420114908756,0.8258104131902982,0.3948936358120199,1.0,0.0,0.8,114,176.84347301552572,988.1681386535838
5,57,0.45319153016672864,0.6537319464399172,0.7742145874553592,0.8442493486755371,0.4361513589374364,0.08945769487067465,0.8318508512183366,0.39538889272899297,1.0,0.0,0.8,115,176.60409571245526,943.3851197785484
5,58,0.4518964763066161,0.674107066654708,0.8168535469079645,0.907797424782494,0.40484597733613864,0.08972167000458717,0.8194593681758642,0.39366125209576264,1.0,0.0,0.8,127,180.0799080314175,910.1800352069758
5,59,0.4473747097495787,0.6790898717225105,0.8327991390589418,0.9309234154580314,0.4042380621478066,0.0862200792936706,0.8291474305223605,0.3930559911313422,1.0,0.0,0.8,129,179.68325839995163,986.487674486663
5,60,0.4499933282657983,0.6805409605207002,0.8341020901763275,0.9375109508388418,0.4088956213366837,0.08734719682398435,0.8242332721632314,0.39540589412068,1.0,0.0,0.8,130,177.84434372162582,912.7855267562772
5,61,0.4538546378614112,0.6812794008334748,0.8344460406387408,0.9419915528195615,0.415510927228147,0.0930589054932348,0.90004189158199,0.3943692509767126,1.0,0.0,0.8,132,186.72338240977984,896.3478092503437
5,62,0.4489204963030423,0.6849507777995081,0.8489696819870893,0.9877244176477953,0.40625610183064426,0.08862686516859992,0.8339903865233997,0.394736999319147,1.0,0.0,0.8,138,176.78545324834778,958.9573510424508
5,63,0.4479931907827026,0.6840113816351878,0.8480287624880043,0.990564954999164,0.40354635170333764,0.08896226391041388,0.8347643810726252,0.3931634016770139,1.0,0.0,0.8,139,175.68646201641877,970.7799770975812
5,64,0.4488539568336787,0.6847110914135077,0.8487083404793109,0.9876905351539498,0.4045471281735891,0.08875971484603376,0.8338093760823819,0.3945562228915516,1.0,0.0,0.8,144,176.92338635821358,958.9469437196376
5,65,0.4570605562647049,0.7470001695376064,0.9666484529657675,1.1462859223993143,0.41322964524290895,0.08777780305873327,0.8309955978643441,0.4065934614142372,1.0,0.0,0.8,179,181.4924454934161,998.4391131850734
5,66,0.49196268052636427,0.8039592591097274,1.0459210236529248,1.2436296331142638,0.44806409440574213,0.08780705759130471,0.8208779428964983,0.4502379070285484,1.0,0.0,0.8,188,180.58501873881855,1009.4859318776485
5,67,0.4723979283883436,0.805995405181364,1.0702137213969718,1.2391273305576536,0.4299243611202414,0.08711775355264426,0.8409770144058335,0.42687424108318356,1.0,0.0,0.8,190,177.88884265330418,1010.58874522491
6,0,0.863151264366246,0.6350399718916216,0.60029883992163,0.028701521403671975,0.0,0.0,0.0,0.0,1.0,0.0,0.8,1,463.0486976547976,1403.743499896443
6,1,0.8574635951352425,0.675785991659648,0.6395085752097538,0.08756966958858872,0.08397748885837643,0.05684414376034188,7.919839901715e-05,5.103277378300999e-05,1.0,0.0,0.8,3,426.4491537681646,1300.743428493758
6,2,0.3763936640139184,0.49942141234508897,0.4539147187281918,0.11097515773679174,0.8030084690732996,0.07590262596477729,0.012446042174808521,0.00970875459799253,1.0,0.0,0.8,4,146.57368909236493,423.45240356994873
6,3,0.313243559201388,0.44897099108930594,0.3956726644070374,0.13442763057712734,0.2524687596067866,0.0777880529304465,0.05244218656142628,0.046604498964245136,1.0,0.0,0.8,6,122.83477006685916,122.57473474332632
6,4,0.2862020998003723,0.43154106618838606,0.3877695166157615,0.13598350675502305,0.1615551900099291,0.08216719021181111,0.025355183611270808,0.02698936972641085,1.0,0.0,0.8,7,107.96011965382704,173.8762051946637
6,5,0.2830427914783215,0.41644481818630924,0.3609145044525987,0.12307533598627395,0.12692388200821972,0.07747928795271283,0.04103546174652176,0.03564291966669543,1.0,0.0,0.8,8,106.39831612683231,99.6778869307716
6,6,0.2800555525476204,0.423798356150062,0.37887963691931925,0.132055894047322,0.12826565312431837,0.07789577689550184,0.041233569717816734,0.03771384191278735,1.0,0.0,0.8,9,100.83772325428583,100.69628598669463
6,7,0.25417178295252246,0.3748975823743021,0.3143883499270177,0.1432920930931707,0.27215399449795336,0.08279555139441555,0.04717054161730249,0.04244240547463659,1.0,0.0,0.8,10,140.7451062274284,102.98229004560044
6,8,0.23116246951851074,0.34809290377959345,0.2865421293623517,0.13302811983963445,0.11925277641146453,0.08385923823685507,0.02364038165837755,0.02128332557599313,1.0,0.0,0.8,12,142.76657889292125,120.63360505699735
6,9,0.2509876195339257,0.36410921579978783,0.3015965143224787,0.1656184804073173,0.1440006413168549,0.0816102628965877,0.03455397230417746,0.056747195490243686,1.0,0.0,0.8,14,133.80976115026607,152.83535499013826
6,10,0.24000733694543364,0.35576658612309997,0.3025029647992537,0.17156412429127393,0.19523283673173575,0.08915956220218069,0.05154195463286434,0.048174740507087935,1.0,0.0,0.8,15,157.68809385064378,9158.9963562284
6,11,0.2395564940425049,0.35433593840799266,0.3008645972666176,0.17985207790799462,0.13211444618809895,0.08831838570624137,0.05526526129793304,0.0501655571216305,1.0,0.0,0.8,17,165.64803256959732,10337.192188421044
6,12,0.23355816628370313,0.346113324803494,0.2921796415577354,0.17859586335803723,0.133237331797784,0.08821763208933664,0.0509709667652571,0.04608404916387279,1.0,0.0,0.8,19,164.10542662652605,9067.128282075431
6,13,0.23341843417837738,0.3457484545267363,0.29176864788912926,0.1837810534258427,0.1268316742728092,0.08810389476400031,0.05057252790709802,0.04637590238853218,1.0,0.0,0.8,20,157.4988257253266,8900.812594153593
6,14,0.22212261303517844,0.34968263382262427,0.3166600170236295,0.20021301191758206,0.13752132623375402,0.08290073747871927,0.056313083215863334,0.048090869647799975,1.0,0.0,0.8,23,134.0252785425202,1006.9273598409644
6,15,0.21733525201492923,0.3412754063477094,0.3075742021414793,0.20376651217978017,0.13205984586553296,0.08311710907122903,0.05490888350974005,0.046221176361960256,1.0,0.0,0.8,25,141.7509683432872,930.0911271245576
6,16,0.22062158856193698,0.3422375790571312,0.3081116265530266,0.21980702293742768,0.13300850772148995,0.08812208601494695,0.05531064905169737,0.04674510986246177,1.0,0.0,0.8,27,148.0597180983991,993.4649574479822
6,17,0.22055004755972663,0.3417794077855948,0.3075835908034401,0.22604620433780914,0.12825908762341684,0.08770364426569147,0.05613006905037382,0.0476132034378869,1.0,0.0,0.8,28,144.4037529423213,1020.6211672615927
6,18,0.2545679384672825,0.3713168307783678,0.33632577210220405,0.2688135153898778,0.17303601851951328,0.09531569303522468,0.06304902411790175,0.08546214135548892,1.0,0.0,0.8,31,151.4484854631406,750.6247523121269
6,19,0.2532229538850693,0.36690302702265143,0.3313803243937129,0.27513566539207623,0.17426760917585388,0.09380053074090648,0.0668137883629106,0.08882021561164401,1.0,0.0,0.8,33,146.85833944507772,923.7449699437852
6,20,0.260799466387045,0.3726960150078155,0.33687162784185476,0.28946856399689924,0.17911035424589922,0.09662020241644452,0.06810845335369903,0.09649912634769245,1.0,0.0,0.8,35,147.2742700399742,970.0244616619472
6,21,0.26235717316044604,0.37229924440638706,0.3361468519901478,0.298586512340066,0.18264412244032469,0.0990208879645236,0.06419122476603006,0.09730872981417751,1.0,0.0,0.8,37,146.2458935175825,862.1759818534834
6,22,0.2658971558578683,0.3626114615122898,0.3149400789762158,0.29319359217676655,0.19447165933099092,0.09675734289458529,0.07535230680862035,0.1065429216832559,1.0,0.0,0.8,38,136.2273261190141,1135.7728257130236
6,23,0.26613862077525163,0.37296321414889444,0.33629519840504035,0.31762706517955486,0.1840894845608194,0.09645631980589883,0.07749201564947421,0.10811496543761848,1.0,0.0,0.8,43,140.72627439361943,1189.704172541299
6,24,0.22500109205209623,0.342667892591487,0.3171234334854191,0.2835602844068744,0.1434673196221982,0.08371649161865502,0.12904746186020374,0.07284748148884794,1.0,0.0,0.8,44,127.7927125562602,10692.06626804705
6,25,0.1842327099025456,0.30014935037298973,0.27431985895174543,0.2633625645907233,0.11251967358556916,0.0761899182548765,1.0,0.03284965991674229,1.0,0.0,0.8,45,226.9733090242296,12702.183170476392
6,26,0.26591814425582555,0.37026435580493455,0.33319302633714837,0.3315153573443361,0.18718783593902505,0.0972011940224466,0.07756975714806111,0.10910644308971222,1.0,0.0,0.8,46,147.15992058753238,1223.6073821980665
6,27,0.262348561044276,0.3665970069446293,0.32950991221970816,0.3266051185959049,0.18154370410252166,0.09634941468168759,0.07580246438399638,0.10579461913404993,1.0,0.0,0.8,47,159.5667533166049,1157.9693911405498
6,28,0.267291064494128,0.37031787291493223,0.3330340330774869,0.33941989878128187,0.1937133950617858,0.09777161391482274,0.07954410477467153,0.11125125643289965,1.0,0.0,0.8,48,152.2547501443515,1207.1107293989546
6,29,0.29841403086424967,0.400393433233331,0.3723839857639068,0.3995430079786253,0.292312290838728,0.08422951998251005,1.0,0.17673411009558315,1.0,0.0,0.8,49,171.4487991062197,5674.737462900154
6,30,0.2971478999520053,0.40664460304545064,0.38926228114154027,0.40590700132357493,0.23591570861591266,0.08507140704073611,1.0,0.17668853320196187,1.0,0.0,0.8,51,164.96422459113987,7346.60640698499
6,31,0.948309558945568,1.0622486154211854,1.0550526358096952,1.0699848071871982,0.898473390229973,0.08121406624528153,1.0,1.0,1.0,0.0,0.8,53,159.2371017787375,14269.858677211609
6,32,0.9475365035686649,1.0610605409137537,1.0538043755656663,1.0755930256949926,0.8817209645963384,0.0806588535644292,1.0,1.0,1.0,0.0,0.8,55,172.2040478879158,14000.59077178427
6,33,0.944451193397212,1.0504694510118495,1.0421388625990131,1.0887828339688537,0.9192474081958765,0.08135395478679627,1.0,1.0,1.0,0.0,0.8,56,129.42519244403272,11339.75966786511
6,34,0.9469514711644896,1.0516224312254956,1.0431018595060784,1.0980799034641786,0.8878521516566541,0.0845023758553773,1.0,1.0,1.0,0.0,0.8,58,137.4041862193815,11447.490712481676
6,35,0.946441386939848,1.050470033971401,1.0418593342028915,1.1009551156261832,0.8874831591401348,0.08429829770757184,1.0,1.0,1.0,0.0,0.8,59,136.08924475739315,11414.33688208957
6,36,0.9422504253692746,1.0447223398378678,1.0358936160637167,1.1004445445113185,0.8846829422379567,0.0808402510975169,1.0,1.0,1.0,0.0,0.8,61,137.8130242543377,11957.831633344162
6,37,0.9435714331707048,1.056447358632849,1.0586872094108752,1.119148062447259,0.8833365768597004,0.08248401382051705,1.0,1.0,1.0,0.0,0.8,65,139.71897205934252,12016.411472853151
6,38,0.9413613967142672,1.061579456065886,1.0744641436469209,1.1289370097654838,0.8911699938656562,0.08198639257016035,1.0,1.0,1.0,0.0,0.8,67,148.50769985591998,12514.395437412588
6,39,0.9436385490377854,1.0728566755819142,1.0966188578193936,1.1493181638015801,0.8902627110422157,0.08519091975651628,1.0,1.0,1.0,0.0,0.8,69,155.49297796335895,12494.22207513578
6,40,0.9436271612031081,1.0728192541869515,1.0965778400986443,1.1493143928038738,0.8853162116307669,0.08519091975651627,1.0,1.0,1.0,0.0,0.8,70,155.45368524038253,12496.749964821696
6,41,0.9435785633953848,1.0837567151622358,1.1186654269696192,1.160216615520567,0.8857267509422804,0.08519091975651628,1.0,1.0,1.0,0.0,0.8,71,155.11854520479204,12520.367887681894
6,42,0.9432891884052029,1.0612097276348327,1.0737790466127657,1.1512272733282582,0.8852360355974718,0.08492938889501092,1.0,1.0,1.0,0.0,0.8,72,159.7988483688354,12488.928560413537
6,43,0.9417051603968067,1.0590836923033973,1.07157889703402,1.153083016193491,0.8848889199716133,0.0835819217718988,1.0,1.0,1.0,0.0,0.8,74,155.7789305865271,12727.905115226951
6,44,0.9419712889966632,1.0702551380093999,1.093889517827505,1.1745590840308582,0.8843935018291991,0.08393147257529696,1.0,1.0,1.0,0.0,0.8,76,155.9354454998624,12807.114080185527
6,45,0.9419328207950838,1.10341921431688,1.160537419646523,1.1772252052575456,0.8843580312970605,0.08393147257530362,1.0,1.0,1.0,0.0,0.8,77,155.52076279410196,12827.10841474968
6,46,0.9291443323139926,1.1053188296590966,1.1837535700908852,1.2309663939880888,0.9100675838939574,0.07429005878682675,1.0,1.0,1.0,0.0,0.8,78,181.6728987447977,925.717623859278
6,47,0.9269435871745368,1.0869550457257706,1.1535514726269458,1.232713110875049,0.8859628057131219,0.07409427744421278,1.0,1.0,1.0,0.0,0.8,80,192.34259764981036,1129.4536368641584
6,48,0.9260548476249366,1.0819326549198454,1.1479860821612118,1.2398591005116297,0.8843513087124356,0.07477585546508024,1.0,1.0,1.0,0.0,0.8,82,193.35933777368064,1157.1533261863665
6,49,0.9219130178837824,1.0887393907747507,1.1659380147522707,1.275814879228465,0.8708901350487835,0.07069677525630148,1.0,1.0,1.0,0.0,0.8,86,211.22362479660364,946.7081984346
6,50,0.697266838312444,0.8712551099819021,0.9591078466550671,1.0556200440562535,0.6504768849917576,0.07285535731893772,1.0,0.7182861930924036,1.0,0.0,0.8,92,176.12175583828147,1480.6848399868484
6,51,0.8471073219299867,1.0318748776561606,1.1308518223605768,1.1984344323298286,0.8057397007595636,0.07425329916618127,1.0,0.9039822092503661,1.0,0.0,0.8,93,211.45966079437625,1638.9710521591542
6,52,0.9241183269598109,1.0918642897772906,1.1789143456102344,1.3005616030591023,0.8965366694882513,0.07652532771301804,1.0,1.0,1.0,0.0,0.8,94,223.35783280393483,853.8945957122595
6,53,0.9239034974056353,1.1130273292980402,1.2223039535206848,1.33438504769076,0.8771132840051247,0.07658837294857336,1.0,1.0,1.0,0.0,0.8,101,198.30192619913427,1129.7834647423135
6,54,0.9260814900642064,1.1131112169640915,1.2221139699775625,1.3602911297650535,0.8847707205251354,0.07954964416487378,1.0,1.0,1.0,0.0,0.8,103,236.37162762210733,1069.0354467062327
6,55,0.9229216854744628,1.1418686350453955,1.2842007189824813,1.3720956753639832,0.8776163865128181,0.07676683742148435,1.0,1.0,1.0,0.0,0.8,109,206.205153865091,1128.5185063155805
6,56,0.9229202072212279,1.141820967913846,1.2841471640362978,1.3758014638467753,0.8768838142809887,0.07678055153732913,1.0,1.0,1.0,0.0,0.8,111,205.9345733342303,1127.1527338600863
6,57,0.9226178998324085,1.1516678405649299,1.3050395194968134,1.3880431228568826,0.8789039862056726,0.07678966117505939,1.0,1.0,1.0,0.0,0.8,113,209.98457186172428,1128.801973893573
6,58,0.9220052910007691,1.1473903233345237,1.3003003286289077,1.4193136703620226,0.8936794270262198,0.07736126248877483,1.0,1.0,1.0,0.0,0.8,114,199.77716688915967,995.806988979274
6,59,0.9215212539031117,1.156459593130505,1.3203418908219207,1.4315914720473693,0.8807478714636253,0.07736126248877484,1.0,1.0,1.0,0.0,0.8,116,201.23330294735248,1009.4774819433436
6,60,0.9262850072424595,1.1472425259024992,1.2995998985392052,1.4394637880560346,0.8893588662587134,0.0830193690861118,1.0,1.0,1.0,0.0,0.8,118,212.04584777763597,1127.6226818298435
6,61,0.9194383804674585,1.1246763871894838,1.2751054565623954,1.455393887036422,0.9487178978405317,0.08071022730615059,1.0,1.0,1.0,0.0,0.8,119,232.41600724641916,1128.2920671805905
6,62,0.8606495951334594,1.1422361441562952,1.3706613373612837,1.7346743471381472,0.8223713740291532,0.09843048664664647,0.9971740986693923,0.9048134791368213,1.0,0.0,0.8,182,194.98824052476195,4373.472595869561
6,63,0.8717285527663731,1.1629463692709014,1.4023600509756853,1.7882877257038623,0.8347936941843243,0.09937982069279641,1.0,0.9179658171049583,1.0,0.0,0.8,188,194.0138966178741,9949.184072535312
6,64,0.8891894891830956,1.1797665322333772,1.4191030141011156,1.829835843331116,0.8522872789883056,0.10467472888605664,0.9987781275698625,0.9333860227863726,1.0,0.0,0.8,191,195.9041183856872,9254.578388930033
7,0,0.7371474002849258,0.6012115388278719,0.5632501761331313,0.02541881639360249,0.0,0.0,0.0,0.0,1.0,0.0,0.8,1,757.167014850112,1592.3024164342405
7,1,0.7509745969029265,0.6558379054021536,0.6161911427681808,0.09958330481547606,0.10205627723306403,0.0722683944765472,8.200470196247e-05,8.006131610743e-05,1.0,0.0,0.8,3,720.2644808663052,1508.033863853221
7,2,0.35719492009067355,0.490051535289324,0.4417852002960755,0.1278496449545744,0.8043778031663368,0.09322200397693245,0.01050081115625817,0.012584557629738698,1.0,0.0,0.8,4,398.9738003347083,619.7961106827129
7,3,0.3565198933082745,0.49253028210637073,0.43906222748853047,0.1796448997583203,0.2511839172775864,0.09448811681028783,0.05457668042918819,0.0824073071445959,1.0,0.0,0.8,6,247.78533163029653,145.18052740042108
7,4,0.24626940765580135,0.3680744278879615,0.30787808000390815,0.12265032627524218,0.34265330429348223,0.0974182750406996,0.013002586934902392,0.01152674742293705,1.0,0.0,0.8,7,240.1177650055565,396.9568157291119
7,5,0.2382135495976839,0.3565741469336176,0.29540309673491466,0.12652042818570342,0.12255357704250379,0.09726883803244796,0.01146309669074894,0.0101372408693277,1.0,0.0,0.8,9,241.43457770537236,432.0646585232144
7,6,0.23472524608614684,0.3202252917456486,0.25209125020645795,0.1590640832452047,0.3879933193868298,0.08587747454909035,0.06540068983709575,0.07037388235658043,1.0,0.0,0.8,10,243.01545879293445,493.2634439400742
7,7,0.23180948405208338,0.326496693865142,0.26919828633320797,0.165909676728207,0.14650350204536022,0.0858619915268257,0.06383740868859332,0.06869172634402158,1.0,0.0,0.8,12,232.57180262340376,486.2477469230389
7,8,0.2200065894929659,0.2762698499230908,0.2033865766446353,0.169173935788929,0.30471350301338507,0.08578215102473655,0.0805266515542655,0.07791292847396633,1.0,0.0,0.8,13,208.73869477830775,1384.9254003429444
7,9,0.20938237976933682,0.2602630008663019,0.19615507988307118,0.18150804358143086,0.16700920588427742,0.08636260069902671,0.07227310857383869,0.07469214489845202,1.0,0.0,0.8,17,200.84064919543937,1104.8416809325838
7,10,0.20802023876957287,0.25696523621458395,0.1925843070900944,0.1859640472609046,0.15049959116187067,0.08671435783659427,0.07165737347884714,0.07371437836096695,1.0,0.0,0.8,19,201.18466511317865,1151.1279325175958
7,11,0.2094586222627408,0.2560233019214082,0.1913092465094324,0.1959303148526659,0.15412256489971832,0.08727497656101138,0.07388013645797116,0.07621277585790089,1.0,0.0,0.8,21,200.8906352522434,1246.1354567389697
7,12,0.20735698389352145,0.2529203551371397,0.1880667694701118,0.19677397234253807,0.15152605722087376,0.08710653871267418,0.07239971679691368,0.07437591745506392,1.0,0.0,0.8,22,200.9173129511562,1195.8783436088352
7,13,0.21515604085771123,0.2770504707336444,0.23371869896664282,0.2226158214159557,0.18561418612254524,0.08850024340707291,0.07727184887417386,0.08567339131399795,1.0,0.0,0.8,23,188.6952393208166,1346.0214744012271
7,14,0.20751925857421794,0.2691682779760588,0.22580364696105387,0.21227510979715603,0.15061232957069876,0.086927019784116,0.07655441938876177,0.07821917688168153,1.0,0.0,0.8,24,191.65832990947396,1239.405894240911
7,15,0.2133734147501396,0.27048801061987604,0.2265078559495361,0.23048723495082618,0.17901832181814775,0.09081690463912304,0.07726582395688567,0.0830881744750015,1.0,0.0,0.8,25,189.1799261347378,1298.432765238939
7,16,0.21309863174015248,0.27920680157287187,0.24610961832476064,0.23649722170068804,0.16284609251157584,0.08757725257684879,0.08058052154703343,0.0878743510785481,1.0,0.0,0.8,27,191.2285029198451,1480.9167258826117
7,17,0.21600292631678653,0.2707861204030174,0.22649299922901722,0.2423067782962404,0.1619522575765845,0.08932780277659616,0.08129714685531102,0.0894328276722171,1.0,0.0,0.8,28,195.5005933531824,1447.6076334364805
7,18,0.21942559759352664,0.28497635338475946,0.25180399754704047,0.25719757676341715,0.1652384697281577,0.09034310428935004,0.08230583330186071,0.09261499186134892,1.0,0.0,0.8,30,190.2334421716292,1555.4562091186408
7,19,0.21881000429476422,0.27172638566282914,0.22718376391253373,0.22799589486002234,0.17162634605977034,0.09034310428934994,0.08230583330186064,0.09261499186134901,1.0,0.0,0.8,31,194.68184787595013,1524.6938562328542
7,20,0.2190523526055156,0.2938622017693995,0.2716101510190244,0.27208905084781443,0.16621158308962597,0.09044015075863246,0.08257078666112277,0.09294700881348458,1.0,0.0,0.8,32,193.14789728696545,1547.8764709083152
7,21,0.20790886537657088,0.2710577941998889,0.2375654417111397,0.2259550154204929,0.15520296561626135,0.08818419592699964,0.0748371943820329,0.08211845633363093,1.0,0.0,0.8,34,192.1694104584764,1320.9386698934738
7,22,0.21410514234213615,0.2764337441462455,0.2428320461095614,0.27042714743969576,0.1642708883827444,0.08950756112799116,0.07967026757084414,0.08861818020014361,1.0,0.0,0.8,35,199.8445999241182,1487.5498403724796
7,23,0.2136917547946677,0.27496203349321235,0.24122032313559075,0.2492242082097437,0.16532526344558615,0.08950756112799103,0.07967026757084396,0.08861818020014361,1.0,0.0,0.8,36,196.6911397088749,1505.6294033127824
7,24,0.2174851269341582,0.30801638847995194,0.30723972779949815,0.31882377324067834,0.1671828314631163,0.08683837680148652,0.1182874945132261,0.09863008660992631,1.0,0.0,0.8,49,196.29492815283572,1540.5655646006137
7,25,0.9995120148042597,1.068936811771434,1.075246671002045,1.1262913802986105,0.9871848631590395,0.15841331439495307,0.272467791935643,1.0,1.0,0.0,0.8,54,269.44465282917963,677.4569131142424
7,26,0.9980718648679371,1.0550861145353432,1.0500695766265757,1.1307365458309317,0.9601930016504419,0.15735184453828518,0.2815330910567837,1.0,1.0,0.0,0.8,56,275.572158442008,626.658304165445
7,27,0.9968911747532846,1.0503320774919263,1.0547047358447765,1.1521350152098464,0.9915069050331045,0.16015870721695954,0.2628745424622495,1.0,1.0,0.0,0.8,58,384.6264244685348,590.5049168239489
7,28,0.9898952802712213,1.023161759142018,1.025153624295738,1.157236613095042,1.0000606976731627,0.15800001955513476,0.29076126725102797,1.0,1.0,0.0,0.8,60,402.6785976873135,597.0871724180669
7,29,0.9848288629773237,1.0144491845221055,1.0259068899682076,1.1606439438261262,0.9859156607896042,0.15604429264834777,0.29674165921280693,1.0,1.0,0.0,0.8,62,407.28448703574657,565.4760680136561
7,30,0.9850725220211273,1.0081546716596113,1.0188671425941933,1.171253686857126,0.9838577687810921,0.15757737044489756,0.2948808291863182,1.0,1.0,0.0,0.8,63,382.6720095505469,684.8742628399218
7,31,0.9816096088553568,0.9945006113550717,1.0040618881834806,1.1816349871245497,0.9763196024633367,0.15601719381654439,0.2988234065566363,1.0,1.0,0.0,0.8,65,378.6916739838731,643.6517036964083
7,32,0.977275452249074,0.9945522019364137,1.0145269584513181,1.1817796187284668,0.9661277233569873,0.15286942445613505,0.34455850205986027,1.0,1.0,0.0,0.8,67,380.4423469477271,717.1713350779046
7,33,0.9770301871512904,0.9999207351220673,1.0304501266504928,1.2228679622141012,0.9578657096937916,0.15355672739226325,0.3106916512349659,1.0,1.0,0.0,0.8,72,408.9085427332189,709.6250531063074
7,34,0.9673227103594864,1.0345316811756078,1.1296028627550685,1.2770881363091022,0.9646071824416468,0.1473235754644001,0.9835405046162065,1.0,1.0,0.0,0.8,77,186.365261790324,964.572610301534
7,35,0.9654895861405232,1.0263331533538957,1.1207117759951868,1.275460161722104,0.9525046444287748,0.14639995308381828,0.9831091281040074,1.0,1.0,0.0,0.8,81,184.83490680691003,968.1782463794098
7,36,0.965438719059454,1.0370156069951797,1.1425200169961118,1.2938130220247128,0.9470956606937289,0.1463999530838183,0.9831091281040074,1.0,1.0,0.0,0.8,83,185.59317506412063,965.45667010279
7,37,0.9633279230947749,1.022231812948593,1.1164000412314694,1.2843413125886838,0.9505454733346351,0.1445085069122765,0.9829781305865947,1.0,1.0,0.0,0.8,84,188.3672601449148,1001.3780621077376
7,38,0.9595269243472696,0.9787425113853356,1.0586768925800984,1.2876087193861585,1.0525744062613505,0.14435157210408872,1.0,1.0,1.0,0.0,0.8,85,242.71346246345905,731.7136914343658
7,39,0.9502719119207512,1.0247372557358068,1.1604723343585055,1.3581407550444116,0.9352220100761679,0.1351328261263399,1.0,1.0,1.0,0.0,0.8,98,249.3927910555654,937.5887044951636
7,40,0.9502407860063435,1.0174480627242852,1.1524140148418058,1.365722473508002,0.9493653217138847,0.1359243685044936,1.0,1.0,1.0,0.0,0.8,100,246.11025242556823,933.0505169791276
7,41,0.9502566154021167,1.0284877137383903,1.1746110854670306,1.3773298140121448,0.9360854579649024,0.13594841386559775,1.0,1.0,1.0,0.0,0.8,102,246.24772489304877,932.1389960551804
7,42,0.9506066537594493,1.011719542438086,1.146041300654534,1.3699053253447477,0.9594142229748072,0.1369624322672133,1.0,1.0,1.0,0.0,0.8,103,243.62235428715584,934.223552634111
7,43,0.9503133799782386,1.0205062032275143,1.165780597969841,1.3812343783490812,0.9406365294564278,0.1368864029070619,1.0,1.0,1.0,0.0,0.8,105,243.65598647927715,934.465138921856
7,44,0.9498718277811692,1.006900727288739,1.1407920050735028,1.3881564543720648,0.9443413512406933,0.13666491746900936,1.0,1.0,1.0,0.0,0.8,106,241.46613336698564,929.3596043341836
7,45,0.9473185658011212,1.0095932622968453,1.154034947172658,1.3858779443122358,0.9564164997047042,0.1347210940360298,1.0,1.0,1.0,0.0,0.8,107,241.51964095030385,890.5354346501937
7,46,0.9507775175154328,1.0268474234861946,1.2127636859713284,1.451261976165062,0.9523228637380587,0.14106370136968455,1.0,1.0,1.0,0.0,0.8,117,252.4705634540813,1186.4492436194553
7,47,0.9466842790036536,1.0207372852803247,1.2164663342954523,1.4828821170613102,0.9618148149912129,0.138063264152476,0.9968617424201452,1.0,1.0,0.0,0.8,119,246.51940576756587,1191.0228617544294
7,48,0.9495176796829173,0.9967341633253206,1.1796840123482784,1.5043696181382642,0.9516014380191417,0.14211247288576737,1.0,1.0,1.0,0.0,0.8,125,247.64277613037495,1172.5468452014486
7,49,0.9495070945053673,1.0076770427831334,1.2017775543846363,1.5121889890212818,0.9423702171332757,0.1421124728857673,1.0,1.0,1.0,0.0,0.8,127,247.53029098935045,1172.986649330687
7,50,0.9494576917790261,1.0180543681270273,1.2232516376871911,1.5205377248042962,0.9433180765620286,0.14211247288576737,1.0,1.0,1.0,0.0,0.8,129,246.6290093485264,1176.610627886267
7,51,0.952633922115842,1.0197902273438957,1.2248401963443658,1.5473448561377328,0.9479878886700804,0.14539454689043613,1.0,1.0,1.0,0.0,0.8,131,241.9675488857203,927.5823788888674
7,52,0.9511993463987845,1.0071448152387075,1.211051107119629,1.5252301294399258,0.9651255643518437,0.14476394248203317,1.0,1.0,1.0,0.0,0.8,133,226.1914466031845,1198.8783642546312
7,53,0.942871155918343,0.9768452925665824,1.1785248556640195,1.5269055591197183,1.0160307894903704,0.1378582101442667,1.0,1.0,1.0,0.0,0.8,134,243.60313328314064,1209.8471944858711
7,54,0.93183154220151,0.9864828208513431,1.2103397624803236,1.5252673895884317,0.9325261012721393,0.1269112619581528,1.0,1.0,1.0,0.0,0.8,135,229.988707959931,1238.4095280977997
7,55,0.9365600106271652,0.9563147253836395,1.1666108697989634,1.5281674030768198,1.017504545292417,0.13300449820952615,1.0,1.0,1.0,0.0,0.8,136,228.42204974222085,1211.5490925172105
7,56,0.937425714409819,0.9615191615054763,1.1823032788066263,1.5846864523944602,0.9376303454406427,0.1342280429486554,1.0,1.0,1.0,0.0,0.8,143,230.351330731782,1209.6220416751382
7,57,0.9319250033741782,0.9373648906624211,1.1663455215984722,1.5745883502861346,0.9825403216599429,0.1301645740198485,1.0,1.0,1.0,0.0,0.8,145,229.06566518905683,1196.18026509271
7,58,0.9314228763064374,0.9307285358747072,1.1590993944126606,1.5816794942608046,0.9406656667773259,0.12993278091711338,1.0,1.0,1.0,0.0,0.8,147,230.0625927028571,1228.9886970855391
7,59,0.93187616758405,0.9304190999228061,1.1587143147286598,1.5900334878221556,0.9330990181280188,0.13041909992280612,1.0,1.0,1.0,0.0,0.8,148,229.9623422619142,1212.913270584686
7,60,0.9318664321946866,0.9521763223455488,1.2027597647688661,1.6076639770012104,0.931167704908644,0.13042780343271665,1.0,1.0,1.0,0.0,0.8,150,229.6023882380769,1217.103016465038
7,61,0.9361016518713956,0.9714491503403511,1.2436531626086702,1.6346724557982137,0.9474803963196998,0.13496625348412916,1.0,1.0,1.0,0.0,0.8,152,212.14677650789744,1255.188122542586
7,62,0.9363159306521279,0.981128008773626,1.2643353721374027,1.655873707938173,0.936674716884377,0.13524819325602336,1.0,1.0,1.0,0.0,0.8,156,212.57129732183003,1260.01772659787
7,63,0.9356781736064378,0.9734681502384334,1.2559798342541146,1.6749378021352428,0.9472012663889149,0.1348952430743953,1.0,1.0,1.0,0.0,0.8,158,217.2815632071604,1305.017843698148
7,64,0.9315551749523089,0.9773784812586719,1.2707524443299183,1.672545593477047,0.9362394124554896,0.13089340430987,1.0,1.0,1.0,0.0,0.8,160,216.46126208312776,1317.142915378028
7,65,0.9353521594724542,0.9801668966005886,1.2734411457451134,1.689141223734219,0.9351206740147191,0.13472987270211725,1.0,1.0,1.0,0.0,0.8,169,220.5917207814789,1191.328063816475
7,66,0.9349450298907911,1.001805898121321,1.3173959301197724,1.7262732825992981,0.9344013233321167,0.13432851922758043,1.0,1.0,1.0,0.0,0.8,176,217.479824316319,1211.4071322083091
7,67,0.9351151795184396,1.0203898292212827,1.357936799296135,1.7776833656779933,0.941148887887107,0.13464479845657823,1.0,1.0,1.0,0.0,0.8,178,218.9264574818714,1275.638031732984
7,68,0.9325488530954609,1.0109449356764366,1.3478124573261472,1.7473596554563282,0.9444242031649005,0.1323374010224892,1.0,1.0,1.0,0.0,0.8,180,220.59917854214063,1310.4356475842314
7,69,0.9320099220609286,1.0209717033802985,1.3689521620180158,1.7700344895021216,0.9336546965248362,0.13181810844996628,1.0,1.0,1.0,0.0,0.8,181,223.28298620791324,1306.2403396725283
7,70,0.9336955847871035,1.0213834249744118,1.3692380435731828,1.7823223486637996,0.9357728552125502,0.13355066982420788,1.0,1.0,1.0,0.0,0.8,183,221.9639640417377,1313.0471628796074
7,71,0.9338668003346209,1.0214270484256702,1.369269286418642,1.7865350178892792,0.9341860022081339,0.13372653811467888,1.0,1.0,1.0,0.0,0.8,184,221.4718852978937,1289.5175660423945
7,72,0.9335431374309906,1.03109254134289,1.3899906435004672,1.793202402550231,0.9372856321933324,0.13344335845428842,1.0,1.0,1.0,0.0,0.8,185,222.12281909012464,1323.398971860296
7,73,0.9326409181651442,1.0285820993471084,1.387321489244333,1.8152305369100519,0.9335277009526162,0.1325995231549893,1.0,1.0,1.0,0.0,0.8,191,216.40277115438272,1313.376844525521
7,74,0.9380286266096609,1.055015865659987,1.435972696911725,1.8371662355211942,0.939298071297449,0.1380286266096608,1.0,1.0,1.0,0.0,0.8,194,236.77153241109343,1176.4448371222509
8,0,0.7679638240674153,0.609986263300152,0.5728602331192026,0.026270155411242068,0.0,0.0,0.0,0.0,1.0,0.0,0.8,1,681.6545642964309,1560.1726493689025
8,1,0.7865079725030873,0.6678677473147698,0.6292158447292642,0.10217466894519552,0.10081907782235251,0.07384516241704989,7.689356905324e-05,8.193442213313e-05,1.0,0.0,0.8,3,632.0708234326014,1463.1629841305587
8,2,0.7481716405836293,0.6370118157530251,0.5980507765108827,0.07667397551752442,0.0572082281672572,0.0462164286378095,0.00065352301289956,0.00010798921990128,1.0,0.0,0.8,4,618.7935121225155,1466.2176129469335
8,3,0.5591901076497396,0.6090815006375598,0.5728339983206059,0.12224356241690348,0.3941522136277248,0.09331707396574043,0.0032187071961244105,0.0034297135297181895,1.0,0.0,0.8,5,378.6834730091701,925.531205509626
8,4,0.39110761123457455,0.5163408462962413,0.4702622144323697,0.12779563360866453,0.27997018010806524,0.09562189213035488,0.01287482878449761,0.01371885411887285,1.0,0.0,0.8,7,189.7966772145124,504.4422663694777
8,5,0.3728585473690422,0.5140172371351441,0.47757588733500544,0.13020033501337488,0.16313279855721866,0.09584549501034903,0.015700824860346678,0.01673011186482151,1.0,0.0,0.8,8,163.90340729551298,438.5347978013287
8,6,0.35410221506804873,0.4997680925518766,0.46104178583871447,0.14326673940230483,0.19970295766220728,0.09634467939477673,0.026558474024687268,0.02829954765715178,1.0,0.0,0.8,9,109.49840481315236,269.7460568317827
8,7,0.349906272061054,0.5070836520489393,0.479128056324571,0.1580144396617047,0.12623771693948188,0.0963574443453144,0.026969297193505208,0.02873730284722098,1.0,0.0,0.8,11,90.6069210955374,238.82569182326665
8,8,1.1986736797233597,1.3401566848792446,1.2941913258647806,1.0612659775582758,1.276830123678836,0.23542012684327518,0.16978977872237938,1.0,1.0,0.0,0.8,12,85.48855627190409,2267.449310033036
8,9,1.1908562050210076,1.3288201095499423,1.281443070224612,1.0698273197164454,1.0638086746390079,0.23891343021192868,0.08499004249885084,1.0,1.0,0.0,0.8,14,80.49638073146657,2284.4430339808423
8,10,1.1864345629448723,1.3212367187763747,1.2727920639358223,1.0771035765053827,1.0613732139952514,0.24254562096218218,0.08510159307425971,1.0,1.0,0.0,0.8,16,78.9177405990836,2292.4820630226723
8,11,1.1814731897014443,1.3146181073018428,1.265656699774342,1.0777665585681415,1.0596838474576769,0.24135582099853922,0.08535604891979415,1.0,1.0,0.0,0.8,17,72.15805892277288,2420.402991738129
8,12,1.1853328878184568,1.317924639430904,1.268804963462082,1.084928209884624,1.0518067669773339,0.2463251499535549,0.08528751069994106,1.0,1.0,0.0,0.8,18,81.11172212307102,2291.267158618264
8,13,1.0523954952490326,1.1890206931616976,1.1577896495463351,0.9982470416108764,1.0990657673433493,0.21582186378920354,0.08025703386142671,0.9075862970832279,1.0,0.0,0.8,19,81.16748737783739,2958.1966227887247
8,14,1.0481059987773853,1.1919558174163918,1.1711129344495899,1.0131099905757162,0.9553404374729569,0.21582186378920354,0.08025703386142671,0.9075862970832279,1.0,0.0,0.8,21,95.56192650330374,2851.565776327696
8,15,0.9607734486408352,1.1137889824944103,1.1037279286021815,0.935546373706955,0.8634209961618105,0.2084107210254785,0.08029107929518584,0.810307227109629,1.0,0.0,0.8,23,84.47894865552323,2867.0601656291205
8,16,1.2691433898037556,1.3973968481504333,1.3736425952474098,1.2743726312691372,1.222502278347152,0.3779190967360189,0.24710291677220178,1.0,1.0,0.0,0.8,25,295.10142047211787,17162.736395831245
8,17,1.2099297401649107,1.3470103033392342,1.3340110951817175,1.2253951524021107,1.1283188520906986,0.3207431933165233,0.12444359326651708,1.0,1.0,0.0,0.8,27,121.18718823079398,8616.387364550117
8,18,0.7873887237298263,0.8806112726090135,0.841792251704195,0.7971998677542574,0.7743856108092765,0.19268628040732888,0.08056679384893689,0.6506333328764081,1.0,0.0,0.8,29,84.13242290432326,2569.0649542412957
8,19,0.8200302305271153,0.9446665495995262,0.9390577492884904,0.8533039720323055,0.7519947733009671,0.19509361575433315,0.08730327468663049,0.6898320365813672,1.0,0.0,0.8,31,77.94283354413477,2905.877579187256
8,20,0.8966203611676657,0.9899239660066952,0.9606244278227398,0.9284577289803997,0.8526849970804113,0.19564449017555796,0.09485603059801896,0.7913173535177582,1.0,0.0,0.8,33,83.04366757033927,3180.0226898959486
8,21,0.7795561027179116,0.8831744094282933,0.864926068440809,0.8236343594382945,0.7140604430030397,0.19056843757173336,0.08138073728019464,0.6518523898614973,1.0,0.0,0.8,35,86.34728506704487,2548.1702133009485
8,22,0.7815039271166939,0.8954179951442722,0.8882184390037751,0.8378220097839744,0.7152447229942296,0.1904154156228321,0.0822509322695989,0.6550079788027299,1.0,0.0,0.8,40,81.22215133545738,2644.577674919746
8,23,0.7846283771513962,0.8975237604883678,0.8901765384829101,0.8475530808896308,0.7206823968397242,0.19037606926491493,0.08461755156750374,0.6596285925289467,1.0,0.0,0.8,42,81.66431707344739,2704.6679323756293
8,24,0.8917357745461046,1.0104088106044662,1.0134642622347265,0.978265115334875,0.8547739152605519,0.2042255349302907,0.0946891413601884,0.7795654733531145,1.0,0.0,0.8,43,80.53468588880652,3190.085147272457
8,25,1.0930664995080466,1.244311435095855,1.2807608047363963,1.2186788973605698,1.0301627720789306,0.2295619023341433,0.14094485889087122,1.0,1.0,0.0,0.8,49,84.54372196657243,4640.273217380724
8,26,0.8469034751413241,0.9603435060100076,0.9723030334664156,0.970906248600315,0.8666617396592531,0.19400846609853134,0.12486748121529975,0.7455758776763186,1.0,0.0,0.8,50,80.0824711577585,3339.4558593003208
8,27,1.0933199822546893,1.228775339649511,1.263040699450301,1.2338558739154615,1.037201733583771,0.23696791590512797,0.1386568372930774,1.0,1.0,0.0,0.8,54,91.79020762742886,4378.361110207537
8,28,1.09247178105774,1.2369491205438572,1.2821016646659371,1.2536524978307209,1.0418249809322375,0.23696791590512806,0.1386568372930774,1.0,1.0,0.0,0.8,56,89.05496754471174,4411.651443190735
8,29,0.9335517731164977,1.0626261752781172,1.096038286476547,1.1195155047466643,0.9000569225813002,0.20054637145753595,0.10190701999874588,0.8490446693393802,1.0,0.0,0.8,57,76.36285900570725,3171.9359121564435
8,30,0.9285511993330853,1.0544908985208485,1.0874882515245066,1.122069895396839,0.8833195754322332,0.20396893282051107,0.09944947403629652,0.8400430524600238,1.0,0.0,0.8,59,82.31947141587136,3042.236112456585
8,31,1.0834255522981675,1.2071462723043762,1.2398521951155248,1.2842416855958958,1.0419989799424956,0.2317212918299628,0.30544893270005413,1.0,1.0,0.0,0.8,60,86.35443391123563,3243.3663678726134
8,32,0.9384360396863314,1.0594984814674915,1.0918571480560337,1.1500197531550087,0.8999723534034272,0.2052277534000453,0.10574031598603122,0.8531177053429235,1.0,0.0,0.8,61,79.83369705623156,3310.7374406044128
8,33,0.9350469862523367,1.0534930428351124,1.0855119135206965,1.153988105718354,0.8912742459323719,0.21001579739352896,0.10331439898006742,0.8440864696406079,1.0,0.0,0.8,63,85.88083717560167,3178.475537919239
8,34,0.9507385356621146,1.0687312018039246,1.1006915227482783,1.1697829892702694,0.9021741275793077,0.2052401810163682,0.1038102859854477,0.8698740234778681,1.0,0.0,0.8,65,81.44557880024927,3246.5846447630406
8,35,0.9341142371380909,1.0510057055655988,1.0828237786937915,1.1635363685396753,0.8899242648643381,0.20656575306842823,0.10503414132784279,0.8479278713114521,1.0,0.0,0.8,66,81.92444020418638,3289.763512754889
8,36,0.9307359911948675,1.0473111176292211,1.0790882730665623,1.1737356953948725,0.8821216312191558,0.2083462428009552,0.10398628794607981,0.8416197343534387,1.0,0.0,0.8,69,90.08000717007312,3115.6275451688903
8,37,0.9202324406377154,1.0347262288703782,1.0662358058120054,1.1636935119327574,0.8813184069715112,0.20555848975462365,0.1014111344342901,0.8328891902316297,1.0,0.0,0.8,70,82.30967444233389,3111.2536352842653
8,38,0.693576581998706,0.8201818427881944,0.8727416108594597,0.9441617752724163,0.6636304184072908,0.18862719854456853,0.4194521331651777,0.5749417739482396,1.0,0.0,0.8,73,127.34029520810846,1686.424389501581
8,39,0.6941139886115575,0.830124061291384,0.8936368120703679,0.9519530251290218,0.6534003826756408,0.1922633118661128,0.36243773501205256,0.5717413862298987,1.0,0.0,0.8,75,119.04704846812749,1671.1650149064556
8,40,0.7001030952873278,0.8460015287181317,0.9205284393667108,0.9692403238423126,0.6586925624113498,0.1956653246342104,0.3350857824913329,0.5754503901224799,1.0,0.0,0.8,77,118.65883262600012,1646.2316236287277
8,41,0.846922179376197,0.9795144474769617,1.0426004377340434,1.1192585426128616,0.8054741065759059,0.20305395384223962,0.37939572252250775,0.750595386038253,1.0,0.0,0.8,82,106.41218465761185,2443.6092779151195
8,42,0.8456378212092044,0.9759874845095663,1.0387948819723711,1.1253064264586263,0.8078422437709896,0.20245990484771936,0.38760343003616526,0.7505871425978904,1.0,0.0,0.8,84,106.0121176915916,2443.451998915596
8,43,1.0166718958760843,1.1497983934414715,1.2227469165663378,1.3125810123437862,0.9884671793693773,0.1764039046308495,0.3871051370674286,1.0,1.0,0.0,0.8,87,94.8633953125566,2197.998835454062
8,44,0.9785207476890854,1.1328281306190755,1.2378079031005491,1.3563569848992052,0.9458286805129711,0.20921200246982216,1.0,0.9153956472679308,1.0,0.0,0.8,99,93.86137292716508,3371.9837764800213
8,45,0.9754978676406304,1.1396512957244012,1.2556466039294436,1.3763587633794114,0.9401479711591751,0.2061411805221463,1.0,0.9158583439818644,1.0,0.0,0.8,103,92.38958992379386,3294.9152752772948
8,46,1.0565026458523028,1.1528786836085645,1.2017389132171932,1.3951590142339307,1.0227050435587266,0.22014313307169026,0.3035778824454177,1.0,1.0,0.0,0.8,105,93.30806099477915,3992.676843478535
8,47,1.0572297813277958,1.205239992574589,1.309468673450081,1.4623717927131052,1.0298705274928355,0.22183053943917125,0.3217652909533551,1.0,1.0,0.0,0.8,107,98.29438843731457,3881.3483987389295
8,48,1.0547313658023356,1.2001454497976902,1.3040646130145168,1.4638610550741686,1.0237144108499463,0.2199874248345719,0.3028148424558744,1.0,1.0,0.0,0.8,110,95.26404993843572,3923.871800717729
8,49,1.0555989933831214,1.1972486363517119,1.3007254554171304,1.4687663615615616,1.0370770733296102,0.22173780679473637,0.3037976004632668,1.0,1.0,0.0,0.8,111,99.4071262944853,3939.627407811901
8,50,1.0555651980982186,1.196537342582324,1.2999345494612133,1.4724372440628555,1.0246744959267633,0.22186375323980193,0.304315290827881,1.0,1.0,0.0,0.8,112,99.36918278218924,3939.926029361488
8,51,1.0555993189264863,1.2073899900888483,1.3219197311099113,1.4810585635522537,1.0231181613575757,0.22196333750459205,0.30452624548202173,1.0,1.0,0.0,0.8,113,99.42097808605384,3939.635010259854
8,52,1.0564041930562593,1.2040663007302783,1.3181121442123795,1.485988972159896,1.04079420571531,0.22372370870603056,0.30266839487611563,1.0,1.0,0.0,0.8,114,101.23963105628064,3820.155221694169
8,53,1.0563457365401043,1.214848064996656,1.3400289758310504,1.4981560899364843,1.0242524331813905,0.2237237087060306,0.3026683948761153,1.0,1.0,0.0,0.8,116,101.77168400557808,3810.641989368967
8,54,1.0506255959361686,1.2189995157632474,1.3552027787441223,1.527145415588394,1.0195432510364624,0.21828139750063288,0.30766587448619476,1.0,1.0,0.0,0.8,120,103.38544330332802,3808.74976823717
8,55,1.0348565401107381,1.1791213332250796,1.292770795493428,1.5234087055981287,1.0045161282003352,0.20294182905856287,0.41753315268977664,1.0,1.0,0.0,0.8,125,101.71085270264916,3025.9107799449607
8,56,1.0339087090525863,1.2119087820110779,1.368987653440231,1.5991262336797496,1.0097139047107762,0.20428269117106482,0.42372589283282436,1.0,1.0,0.0,0.8,133,95.353561716298,3764.103565566666
8,57,1.0214817928290483,1.1858369717028487,1.3314581947282544,1.6017192973782697,0.9944422677704235,0.1923792813733585,0.9130672952779472,1.0,1.0,0.0,0.8,138,99.05705425321275,3469.6219995366923
9,0,0.8156146068402257,0.6228905487695174,0.5869928736115807,0.027523683801186024,0.0,0.0,0.0,0.0,1.0,0.0,0.8,1,562.840400730878,1438.6552926364104
9,1,0.8127243715665757,0.6648423459039327,0.6273395862803665,0.08824914217740486,0.08711924340537369,0.05877337387648285,7.482665131507e-05,5.0079470653110004e-05,1.0,0.0,0.8,3,529.5246240548068,1273.672822774594
9,2,1.4859722410734184,1.4567839255017299,1.413906584934672,0.9366052676803058,1.0971378242045033,0.10721577432606748,0.8839267820352374,1.0,1.0,0.0,0.8,4,359.4932613822052,549.958604975272
9,3,0.28821353741870964,0.4240172543654093,0.3708772350446684,0.09859347933996702,0.8438638484477277,0.07730296155552106,0.020827909656799058,0.01393956126716705,1.0,0.0,0.8,5,187.79102118104964,295.4432540610815
9,4,0.2799992135163227,0.4151334910345906,0.3610083832706575,0.10291452267094486,0.10729221232733384,0.07739093445596448,0.0233995204265442,0.01566067137715187,1.0,0.0,0.8,7,189.05451047143828,268.6554552589293
9,5,0.26969335250439924,0.40461326867321995,0.35026493530266495,0.10510514645936737,0.08962011530456748,0.07584872054068434,0.01070944613309165,0.0073692212123363104,1.0,0.0,0.8,8,182.3133377495533,260.1960767036084
9,6,0.3270051320030703,0.4550234712266355,0.39690492306773506,0.1950141706962824,0.30479702860466934,0.0831463876872473,0.03636356897991644,0.11076852300253984,1.0,0.0,0.8,9,177.95267197687917,194.5554701347033
9,7,0.23452161861808218,0.39542159680596267,0.37064272882902216,0.11666473155256171,0.08603088110501958,0.06452190861794388,0.0475344521901435,0.01998487159214183,1.0,0.0,0.8,10,112.31461415999412,97.75481060334302
9,8,0.23329004386065777,0.38051975017585127,0.3436724836185402,0.12075558104765566,0.09413805414939239,0.0629900201340525,0.06893333937363995,0.029002596179012456,1.0,0.0,0.8,14,94.08566334341091,156.59989503481094
9,9,0.23396351873913968,0.37005572937599124,0.3220295908868473,0.10623479552280216,0.08744578487119822,0.06339583779547256,0.0700700183432941,0.029464407333517,1.0,0.0,0.8,15,92.6983866644321,163.66889842377333
9,10,0.2170245785528117,0.35185822178706383,0.31156200710918647,0.13171685119211668,0.21492252209927662,0.07993019685501371,0.039596900033515944,0.01728881907592034,1.0,0.0,0.8,16,87.23778591040943,346.1902628297842
9,11,0.21556672452430997,0.3609508060083727,0.33168917317531854,0.13808554707475856,0.09543873305585841,0.07990201825886813,0.037874328351488615,0.01653670893268521,1.0,0.0,0.8,18,89.68174955321233,319.95710841875456
9,12,0.202061824422854,0.34636970750830576,0.31685374667662847,0.1291163540778277,0.08570897207042139,0.06792412180273874,0.03879819574146579,0.01662205789546751,1.0,0.0,0.8,20,85.1594606224761,224.75330369640565
9,13,0.1980338236405875,0.32924451212226413,0.2969295333049195,0.1454386891131315,0.19221732869530717,0.07977600882451837,0.038885691295929684,0.017155584165710037,1.0,0.0,0.8,21,88.37381108799599,322.5242477883928
9,14,0.19798438515550243,0.3290829274991471,0.2967458347175825,0.1541226222756672,0.09383119291241858,0.0797660605592218,0.039085293104342986,0.01725643551644994,1.0,0.0,0.8,24,90.26325770911106,324.1130564386
9,15,1.8967342885739575,2.0312285774155105,2.0085926109037135,1.8614722420392391,1.851637929296632,1.0,0.04026116846050233,1.0,1.0,0.0,0.8,25,91.917060086798,429.1786190678359
9,16,1.8948288750353486,2.0272366797401666,2.0042209118427703,1.8693719443291372,1.8067012608792623,1.0,0.03987366072852328,1.0,1.0,0.0,0.8,27,86.63339638907556,390.2646216188234
9,17,1.894813613815486,2.0272045075001532,2.0041856669864226,1.874685026940232,1.8001084337725757,1.0,0.03981137680747237,1.0,1.0,0.0,0.8,28,86.74364937908334,389.2797099281084
9,18,1.894550312600086,2.0377439640009567,2.0258371899105887,1.8774735233963,1.8018718904452697,1.0,0.04000990049982236,1.0,1.0,0.0,0.8,29,87.03094419850437,391.11952182472646
9,19,1.8945355442936078,2.0377126383988386,2.025802978093134,1.8828388292866167,1.800105039541021,1.0,0.03994002778239724,1.0,1.0,0.0,0.8,30,87.15595200208436,390.017199145695
9,20,0.23436834494586184,0.35249708668871454,0.32702845156571897,0.2374263504471658,0.23545718358913453,0.0801267495668427,0.053142106109644024,0.08862698712684013,1.0,0.0,0.8,31,103.706674581651,983.0687083528276
9,21,0.2325338392964884,0.3489516809411067,0.3232035134921632,0.24221483352791617,0.15534379404205786,0.07990955106355475,0.05223663369165963,0.08813499841138603,1.0,0.0,0.8,33,105.40848738356416,946.6965311192604
9,22,0.3443913128806889,0.4579302668575237,0.4317172473175209,0.3701764823745598,0.26975614634052253,0.07357935008698721,0.08486207021531993,0.23837481793225992,1.0,0.0,0.8,36,84.3431893347155,1072.4003652406134
9,23,0.34378578620600125,0.4677957734850676,0.452648044206458,0.3848419754375244,0.26586749298923407,0.07355856494166113,0.08496317835727098,0.23817577270733695,1.0,0.0,0.8,38,84.1334475940069,1072.5053010018046
9,24,0.26764928200515187,0.3811881055294604,0.3644127927189553,0.3136577803844206,0.22330352953127908,0.07735726623258543,0.094591544574187,0.14654054983226966,1.0,0.0,0.8,40,91.95405366135944,1052.2893202683183
9,25,0.2665959035719296,0.3894184418351983,0.3835356187341803,0.3286423325686978,0.19937029467856338,0.07735726623258542,0.09459154457418706,0.14654054983226966,1.0,0.0,0.8,42,92.88964459429472,1029.19040679125
9,26,0.32413757206846133,0.44564671307896797,0.4395667727367821,0.3867669865210879,0.2563649286924172,0.07572213622695542,0.07743329200438501,0.2214581850987797,1.0,0.0,0.8,44,83.72350301332303,773.4596970183793
9,27,0.25134644353559643,0.3909841450580577,0.40662634708080625,0.3213788220110499,0.193315290214935,0.07875021973398705,0.3501668822042111,0.12959196195853392,1.0,0.0,0.8,46,111.07625255286904,837.6708871344098
9,28,0.9756982188018282,1.1308535053162498,1.1678606074782416,1.0633100318632709,0.9439817440751694,0.11024379903610174,0.3751908804673013,1.0,1.0,0.0,0.8,47,113.59813988367836,570.4045311477229
9,29,0.9731781221891818,1.1213500576023734,1.1573660838193385,1.0698641934903572,0.9286272334647103,0.11115086487160637,0.373447084125991,1.0,1.0,0.0,0.8,49,116.49416355583942,532.296329264237
9,30,0.9657240545835386,1.109928474457765,1.1453797530293202,1.0671684119635858,0.9264994977296543,0.10566277408714937,0.4134473198214247,1.0,1.0,0.0,0.8,50,96.25206815394743,701.6058189876403
9,31,0.9633581907657895,1.096843617900277,1.1308441987068913,1.0744728853295757,0.932973893011561,0.10781790762399782,0.40428728311097234,1.0,1.0,0.0,0.8,52,116.7641719988691,549.018778684609
9,32,0.9601104120511015,1.101897413183117,1.1466892676111673,1.088259517293445,0.9122927759758034,0.10570347384048892,0.41237021986130723,1.0,1.0,0.0,0.8,54,105.83381336748918,636.9339459925599
9,33,0.36564109761853536,0.5068111953318282,0.5515214055525419,0.5006922272649988,0.31289104119117495,0.07061300837875095,0.38903713421549785,0.3010775764071913,1.0,0.0,0.8,56,104.38316839873252,962.4914680843832
9,34,0.3675847049547196,0.5192131507575094,0.5750037739766722,0.5125815177178837,0.31517136225209763,0.0709098584581212,0.3900599748713879,0.30345340573293467,1.0,0.0,0.8,58,104.24132954557932,1009.8601281565964
9,35,0.3666657935900107,0.4949923285286111,0.528305409963965,0.5024363866944773,0.31837646487460136,0.07014280877404519,0.3874714736011101,0.3038096841476658,1.0,0.0,0.8,59,108.30893532746192,927.1040921129356
9,36,0.3830341498966656,0.5097602174400695,0.5428614262524751,0.5257007265988254,0.3376494290162466,0.07927732209541023,0.3734879006612573,0.3136314449935437,1.0,0.0,0.8,60,110.57048476237688,514.00067133954
9,37,0.3809273969670377,0.5298274520374096,0.5852565743882361,0.5364589406547684,0.3281776388570511,0.0768759909008362,0.37749130314494017,0.3140094455003367,1.0,0.0,0.8,61,104.93726263786598,554.9816228809577
9,38,0.385852391755976,0.5180551460953698,0.5615846999132932,0.5466048369604823,0.34807144441374616,0.07638160831354454,0.37578053093187536,0.3234256097374678,1.0,0.0,0.8,63,111.43517150188404,559.2094841995867
9,39,0.9339135991951444,1.0642567550278563,1.1075446891847198,1.0916786997639416,0.888134368192579,0.0838630260747453,0.644209174680024,1.0,1.0,0.0,0.8,65,101.26707560584802,411.0581818932458
9,40,0.9338077792684645,1.0749547021426202,1.1293698841768876,1.1085380231160873,0.8845304423191336,0.0838630260747453,0.644209174680024,1.0,1.0,0.0,0.8,67,102.56360234894645,404.9586607164956
9,41,0.3936235940425185,0.5447561345480434,0.610192718273727,0.5790068295628357,0.34914188333344,0.06969192963016943,0.40659636258101167,0.3429835124225168,1.0,0.0,0.8,68,114.41545674272729,851.9024987923303
9,42,0.9332128711065727,1.0661173520743619,1.1194739111212053,1.11667393521894,0.9022826885925127,0.08614609543090014,0.6468980655148476,1.0,1.0,0.0,0.8,70,103.68073038376778,398.7218922573361
9,43,0.930285745307237,1.0692881839946295,1.1331756301454157,1.1179487134296218,0.9073725978744782,0.08488418532385111,0.6730692174158027,1.0,1.0,0.0,0.8,71,100.6837143564928,433.5524779723671
9,44,0.9309468579973208,1.0529496234274638,1.1049334936707105,1.1303931634766295,0.9133231376545209,0.08739847274073476,0.6690636270329514,1.0,1.0,0.0,0.8,72,107.85154490899012,384.4792295302819
9,45,0.9306381627883237,1.06322054954461,1.1263053107551584,1.1405325223090208,0.8883861176647158,0.08724923363649581,0.6692865398997333,1.0,1.0,0.0,0.8,74,106.68909571730669,387.8544806359683
9,46,0.32770309300842065,0.4597210603788049,0.5227356607730631,0.5481442538066754,0.285720263882121,0.07214424219369134,0.673974295260316,0.2654289723437377,1.0,0.0,0.8,76,114.21245288789936,996.1329938226964
9,47,0.4532974862156837,0.618554156186746,0.7150579543977582,0.7056430258700307,0.4102255993990486,0.0707158815951463,0.5968805793088111,0.42422841575721026,1.0,0.0,0.8,78,131.13950186378534,820.5765022709252
9,48,0.3247982923731261,0.4789392943594126,0.5642756849062114,0.5842415028667651,0.2816327220892848,0.0706585451105908,0.6592969388909744,0.2636822450187283,1.0,0.0,0.8,80,119.17199000052412,985.864766810999
9,49,0.4546282706533614,0.6415498824446273,0.760318775560143,0.7286494641512831,0.4138491511527159,0.07214289213795247,0.5987223699388255,0.424309192210404,1.0,0.0,0.8,81,123.77638367634162,882.878531203707
9,50,0.45305322482432986,0.6397008848837489,0.7584356828813504,0.7452548164937616,0.4112933280623084,0.0707158815951463,0.5968805793088107,0.42422841575720993,1.0,0.0,0.8,82,129.20154916789983,829.4464735484212
9,51,0.9332884417109053,1.0735545337582522,1.1473810393736161,1.1861231282620561,0.8952769256341018,0.0909353324341105,0.694594209018901,1.0,1.0,0.0,0.8,84,100.66037542853174,382.71433874103496
9,52,0.9236408907094559,1.1000450287402948,1.227343836943002,1.2301300309397698,0.9281903339847009,0.08667331448905083,0.8705845705271569,1.0,1.0,0.0,0.8,86,116.12354731881204,387.1840776213514
9,53,0.9287318937719038,1.0930137384959357,1.209024535416653,1.2354210969898536,0.8963748209371144,0.09202859064121038,0.9159816137282268,1.0,1.0,0.0,0.8,87,113.31121237955774,334.1302503002987
9,54,0.9271495638020593,1.1002634593147087,1.2271688961029947,1.2525694816935302,0.8958051041296858,0.0910230840001299,0.8497768299289143,1.0,1.0,0.0,0.8,89,114.48143619616523,375.9960915890911
9,55,0.9279709053772269,1.0886002545213955,1.2041750792212331,1.238808614205177,0.8980347728176608,0.09219380906710009,0.84751349111055,1.0,1.0,0.0,0.8,90,115.10739972186124,364.2348113286769
9,56,0.9264981773597094,1.0746054005413024,1.178845402303639,1.2409770185254925,0.8940695205890893,0.09107674079025636,0.8501331137495691,1.0,1.0,0.0,0.8,92,112.82784693139097,387.6426243689948
9,57,0.9295767351583909,1.0665406267254527,1.159610098363642,1.1824057155865133,0.894324004037541,0.09416498195778082,0.8444750376206412,1.0,1.0,0.0,0.8,93,121.21568274586868,344.413057816576
9,58,0.9261521568709747,1.0839439858517117,1.199181988251077,1.259321392578,0.8967991869916719,0.09107674079025636,0.8501331137495691,1.0,1.0,0.0,0.8,94,115.19808043976523,381.8389113369531
9,59,0.9186921680096994,1.0915347679247847,1.2282608571348892,1.2710234033530927,0.8952239935373196,0.08532323967988624,0.7748428447705731,1.0,1.0,0.0,0.8,97,114.3240464423033,412.12228876071146
9,60,0.9256731598943795,1.085741573345743,1.2111056927073733,1.3007484200745534,0.8936888426611235,0.09269314777473894,0.8762112574043389,1.0,1.0,0.0,0.8,104,123.8859846178319,417.7236184560962
9,61,0.9234298135988115,1.1035540595593996,1.2509987666113855,1.3326969544337843,0.892404271208662,0.09093780030194348,0.918725240857157,1.0,1.0,0.0,0.8,110,122.19424417277656,392.9317575382288
9,62,0.5272163576808078,0.7356438414597928,0.916003887344697,0.937766343967838,0.49992860127514915,0.06701742400500159,0.6979930536905553,0.5360235728104312,1.0,0.0,0.8,115,125.6025199177996,741.0705578632236
9,63,0.6405220739851799,0.8167942485670603,0.9736744664468784,1.0624563223017587,0.6315481966474479,0.06414789043317183,0.742414567766221,0.6838838254721132,1.0,0.0,0.8,117,114.75532601040317,893.8818746319715
9,64,0.6401263134418071,0.8255355308424844,0.993356774173122,1.0665602185466332,0.6151852728574796,0.06414789043317183,0.742414567766221,0.6838838254721133,1.0,0.0,0.8,119,115.489561790813,883.0372974291932
9,65,0.6034561044066751,0.7931505831536834,0.971360368134911,1.0455112771555817,0.5814122782780179,0.061580924172223085,0.7542007272331741,0.642938210179455,1.0,0.0,0.8,124,95.24549388660444,852.2897476254248
9,66,0.6304175855290238,0.8157482159422565,0.9934635308549828,1.0916240022144152,0.6124379348762484,0.06180842857062289,0.7405033932638323,0.6773937366846081,1.0,0.0,0.8,126,108.72241825189217,853.5086701061235
9,67,0.6287170389446919,0.8217985395712268,1.0103014887593798,1.1022559459801746,0.6093044225160743,0.060210340605038035,0.7342392516734361,0.6780424348643599,1.0,0.0,0.8,128,102.76169183177764,859.2021869171364
9,68,0.667215661934376,0.8703336232262211,1.0698825031428538,1.1842988892555444,0.6417197626684411,0.06455632178257675,0.7644064869371866,0.7209757885589586,1.0,0.0,0.8,139,123.42695447006184,889.0913865646559
9,69,0.7082608318369624,0.9069369351244942,1.105987031009708,1.2363758758712544,0.7008014379651031,0.06988206946747234,0.7688714680152545,0.766625086155247,1.0,0.0,0.8,140,129.74384028925152,993.9236151757297
9,70,0.5362109427745467,0.8631962209465791,1.1956871877296489,1.3432587381497378,0.5123266425501131,0.07330553090022554,0.6847435347184434,0.5483417161435593,1.0,0.0,0.8,195,121.97925515698392,889.1823385179893
9,71,0.5372149275358129,0.8862045728440523,1.2410049744473155,1.371379752461318,0.5132643199502206,0.07373695294110383,0.6849899956551244,0.5490981568070941,1.0,0.0,0.8,198,123.29305359897268,907.1196107217968
9,72,0.5237595368438679,0.8710496055212863,1.2256604020966377,1.3729927929432382,0.5031941464396508,0.07393875256121893,0.6800181133741552,0.5323898319237375,1.0,0.0,0.8,200,128.17216227583964,912.8609331084596
10,0,0.8127335170569123,0.6221316225603598,0.5861617634387118,0.027448851356801435,0.0,0.0,0.0,0.0,1.0,0.0,0.8,1,571.7305654593252,1390.7924841784595
10,1,0.8021683016643298,0.6546500328154652,0.6171338922874351,0.0781875574672043,0.07603437465425615,0.04873801941864187,8.445015662487001e-05,2.955854560063e-05,1.0,0.0,0.8,3,544.7790391868091,1219.057004430493
10,2,0.3712481660375371,0.49284568530231926,0.4482699986544695,0.0956636877764846,0.7163235402260647,0.06400680428817586,0.01196348096628499,0.004134903301515331,1.0,0.0,0.8,4,249.0449330239322,581.2331515260024
10,3,0.28214216156523053,0.4188913973361079,0.3662075229934736,0.09858715808027124,0.21977870469102043,0.06532176933880837,0.05054095003860045,0.01651919046262467,1.0,0.0,0.8,6,117.4327965904295,103.17495360960096
10,4,0.25368726485368165,0.3868881904125835,0.3312301650733131,0.10064516591344028,0.1288628268640408,0.06531881058867266,0.04786811935298172,0.015573863027390469,1.0,0.0,0.8,8,105.8722347358345,101.52329255252216
10,5,0.24895580027979058,0.3806721349945889,0.32417943945838584,0.10623498253633619,0.10977025588036837,0.07146778057494343,0.02285013965261987,0.01107815546187931,1.0,0.0,0.8,9,116.41046087303928,194.241388306366
10,6,0.22224673920005567,0.3345944769563384,0.2637368107516655,0.10443805271916634,0.19182129174555418,0.06995699839534922,0.04924160858238117,0.011257398050217509,1.0,0.0,0.8,10,147.39181010790102,111.10544484820949
10,7,0.21703952618620692,0.33888412742751334,0.27870273567629694,0.10416894854811598,0.09453409676063908,0.06824911733967458,0.0374991512988968,0.01130389898199748,1.0,0.0,0.8,11,124.57607906969636,101.28434717116882
10,8,0.21699578437534175,0.3497137758889051,0.3006313386713668,0.11119340468556499,0.078894045431293,0.06822501559896506,0.03950792272033587,0.01187202015290348,1.0,0.0,0.8,13,119.57258845634358,98.615363726285
10,9,0.204295355330004,0.3118933066956673,0.23964905594686708,0.10862426963552915,0.10015061270477355,0.06478403899161808,0.03149733035749651,0.007555352369771199,1.0,0.0,0.8,14,105.54538042219652,141.8544029275789
10,10,0.20525892975624455,0.3219679753202748,0.26035906426066074,0.11499445900041808,0.09406181241432134,0.06979903755637223,0.027589755175074587,0.0069665065527661305,1.0,0.0,0.8,15,108.07065277201092,124.83796693827388
10,11,0.202082303380886,0.3061344518313941,0.23296055766746954,0.11641456004347404,0.08893101199403917,0.06868907375016556,0.031326016425547595,0.00768316215053177,1.0,0.0,0.8,16,98.40977346169038,161.51710704816784
10,12,0.1888742029034505,0.2982906986742179,0.23486611828954507,0.120864951782623,0.09628428659857328,0.06443326113119163,0.03271367717345997,0.00791866606184697,1.0,0.0,0.8,18,109.10163139914194,146.66673409777056
10,13,0.18248452329200696,0.29776476721378875,0.2443992442615888,0.12729650102164455,0.08973275649276725,0.06443326113119163,0.03271367717345997,0.00791866606184697,1.0,0.0,0.8,20,114.07481746595896,141.66563019160324
10,14,0.18514498446128724,0.28827084910931705,0.22350576865215901,0.12870666007213646,0.08342558727569557,0.06846667829466063,0.032090707235248914,0.00795516610659848,1.0,0.0,0.8,21,100.97088445531983,165.31286748110546
10,15,0.18311611130462305,0.29550561665620334,0.2415379748499282,0.1414510008501138,0.08747296562197916,0.0683967558080486,0.03254236324151106,0.00804647584260754,1.0,0.0,0.8,22,102.29431440881224,161.19955496301247
10,16,0.16922168769061263,0.27364731137875503,0.2181157233455373,0.1344283707273375,0.09698740981434097,0.06030731367981074,0.061139573420422776,0.011373138965160231,1.0,0.0,0.8,24,114.6097084175179,359.24187365082406
10,17,0.16946457176756943,0.2737131771045484,0.218148132373479,0.14015950866266144,0.07100144310175206,0.06051102208706728,0.060874214322902354,0.01163960570246103,1.0,0.0,0.8,25,100.37354166032976,393.3763662670485
10,18,0.17281393517208332,0.28426078110295927,0.23913773677332364,0.1546330283079863,0.0896301976280536,0.06359800812819338,0.06178507735608679,0.016590588485669012,1.0,0.0,0.8,27,67.1615887193723,544.0491771616852
10,19,0.18860019804052655,0.2858642126430409,0.22902026220023894,0.17272863192153123,0.11499504897909721,0.07279839285586116,0.06393988062267329,0.02826267263261991,1.0,0.0,0.8,28,282.057392035679,16384180.32368899
10,20,0.19085365711985813,0.2862464065351554,0.22907160354694506,0.18177385637435015,0.10510189900016143,0.07620696982904294,0.0641461776451242,0.028824639458881817,1.0,0.0,0.8,30,302.843162390379,16389332.410252027
10,21,0.18530786056145956,0.34619528337576677,0.35582194313386917,0.23936673887357574,0.09547112645267343,0.06722036568137293,0.043543552973619046,0.03426473914329837,1.0,0.0,0.8,38,143.380913930152,154.47540262795764
10,22,0.18338655720726513,0.34326608052482305,0.35271768511236923,0.24432468237834268,0.09663031380119608,0.06673436977469267,0.04224260052487291,0.0335095640076091,1.0,0.0,0.8,40,155.6161505876814,143.52185012039425
10,23,0.183250130598863,0.3540590204114159,0.37464709549873676,0.26012220251507495,0.09405139889875289,0.06673436977469269,0.04224260052487288,0.0335095640076091,1.0,0.0,0.8,42,157.38021722184357,145.33892015168013
10,24,0.18358365842098973,0.34171412081124647,0.35086482403926456,0.24562803036437503,0.10474795874364401,0.06689116552292404,0.04413389643835477,0.03532509039620269,1.0,0.0,0.8,43,140.21837630878252,169.4114060768043
10,25,0.16151425938150066,0.31928168568545345,0.3283650733423032,0.2331901735702329,0.07603801167990241,0.06201001507152334,1.0,0.01427008617515888,1.0,0.0,0.8,44,108.78051860623756,254.89091224624488
10,26,0.1614233021481757,0.3264446826325444,0.34605119186206373,0.24181782061585944,0.09865050541680462,0.06503144014893349,1.0,0.014009519131051579,1.0,0.0,0.8,45,98.07563081118494,279.65799176024734
10,27,0.16008133682437717,0.31132781656451586,0.31932652066207917,0.23550637828943075,0.09247273734969294,0.06584425649751262,1.0,0.01377836061952779,1.0,0.0,0.8,46,98.44904907469495,288.4312845192607
10,28,0.16009296447215332,0.2989440066955553,0.29556547140014877,0.24492752222465786,0.08154790374687718,0.06571243566182813,1.0,0.015119281638015899,1.0,0.0,0.8,48,88.92693615398295,335.00441320969327
10,29,0.16009296440693085,0.3100410589140641,0.31782770261102444,0.2611334384718532,0.07780788320010924,0.06571243566182813,1.0,0.015119281638015899,1.0,0.0,0.8,50,88.9269362809686,335.00441257035965
10,30,0.15908466163361454,0.3185838496907097,0.33728520494861064,0.2710840462034875,0.08672786929904909,0.06442005619106476,1.0,0.01683217569393025,1.0,0.0,0.8,51,82.22826956278867,336.888402616134
10,31,0.15757475479407326,0.3385852577249438,0.3795074970323278,0.27387272456128975,0.08071362905998414,0.06604444843029894,1.0,0.01350285088621877,1.0,0.0,0.8,52,96.42810324368637,292.70850446907883
10,32,0.9568484966652853,1.1366373885083694,1.177363882328542,1.0937317116525165,0.8838595795360018,0.07695483538713296,1.0,1.0,1.0,0.0,0.8,53,96.1340122332826,406.89920218824767
10,33,0.9525069885092576,1.1530471995896643,1.2158748157360222,1.0933555731113538,0.8816782424970531,0.07358193608420247,1.0,1.0,1.0,0.0,0.8,54,96.93151484411234,411.8562192907321
10,34,0.9547758835644249,1.1306097194122027,1.170711015608957,1.1036214744057542,0.8914517108466329,0.0774953830810657,1.0,1.0,1.0,0.0,0.8,55,100.33952532893916,369.7089267737785
10,35,0.9543876689128243,1.1300563935934873,1.170131801972623,1.10685554007646,0.8781234718672116,0.07721332004393681,1.0,1.0,1.0,0.0,0.8,56,98.64459824374237,384.0008116456178
10,36,0.9560401989972592,1.131456072841599,1.1714920137976044,1.115383557960371,0.8804223067591651,0.07902819051580007,1.0,1.0,1.0,0.0,0.8,57,99.61688417148513,396.1494456199892
10,37,0.9525103898211115,1.1266614507629578,1.166500391238414,1.1124573034455147,0.8832495919270856,0.07630275145275603,1.0,1.0,1.0,0.0,0.8,58,95.60031190989211,408.65867965586375
10,38,0.9421723905197501,1.1362412573978702,1.1980590355161367,1.1377814312017016,0.8704892975844196,0.0673841973902927,1.0,1.0,1.0,0.0,0.8,62,107.92793728423152,306.9748113981594
10,39,0.9412068023638404,1.1329654717683848,1.1944305257716459,1.137807805706339,0.874029054904337,0.06781431515519039,1.0,1.0,1.0,0.0,0.8,64,103.80094324214342,315.7738936661085
10,40,0.9422111695705455,1.1447540270608139,1.217336825677631,1.1424978990604746,0.8698434539078422,0.06900516525963407,1.0,1.0,1.0,0.0,0.8,66,104.13792076876447,327.9846956204362
10,41,0.9379924909710115,1.1626237475611194,1.2575211395788872,1.163036036909025,0.8654155760245388,0.06484926226404476,1.0,1.0,1.0,0.0,0.8,67,103.78773693609509,266.3641263879218
10,42,0.9420952301917803,1.155032929541293,1.2386745092582245,1.167399868620074,0.8724929582755758,0.0693052548534379,1.0,1.0,1.0,0.0,0.8,68,103.1497961023706,354.9532502722225
10,43,0.938802620895907,1.1600928017483658,1.2544863761146094,1.1581239826170098,0.8724793372261103,0.06761081926107076,1.0,1.0,1.0,0.0,0.8,71,103.20281321089308,336.46615441414
10,44,0.9403315970278985,1.1918802821516539,1.3193193561760577,1.2405350548603606,0.8748043211580318,0.07083967951480022,1.0,1.0,1.0,0.0,0.8,75,96.24089284081738,396.47534760984695
10,45,0.9403315965743705,1.1807832298719985,1.2970568818360602,1.229375767046596,0.870842504816566,0.0708396794536536,1.0,1.0,1.0,0.0,0.8,77,96.24089103712606,396.4753370387408
10,46,0.9405036235497983,1.168934109854302,1.2739059387862806,1.2187767991099951,0.8739280055967887,0.0715213082660094,1.0,1.0,1.0,0.0,0.8,79,103.4568447392836,393.0803708206647
10,47,0.9392557152752659,1.1893557109350428,1.3165812790644913,1.2546869311715387,0.8732610348420269,0.07055768275470059,1.0,1.0,1.0,0.0,0.8,80,96.89379564182654,411.6211334654275
10,48,0.940091174509881,1.1788580606053758,1.2948835557502862,1.2443092822977422,0.8727408849641918,0.07152130826600941,1.0,1.0,1.0,0.0,0.8,81,100.30889867709791,387.0897417375591
10,49,0.947659627211367,1.2072824054333546,1.3454423710417172,1.2343455228523563,0.8832831302076531,0.07981175731088005,1.0,1.0,1.0,0.0,0.8,83,112.9591930432102,1493.3497937578948
10,50,0.9343447794671086,1.1679639163488393,1.283240916588242,1.2371725802845797,0.8782321578111906,0.06849056745147947,1.0,1.0,1.0,0.0,0.8,85,141.2143276041083,413.3231767742629
10,51,0.9282211881051443,1.1676410157172157,1.2933247078903665,1.255233932660486,0.8785210431833476,0.0650398477802395,1.0,1.0,1.0,0.0,0.8,87,150.7582030854545,305.65995130027494
10,52,0.9273426086379817,1.1599924341555898,1.2847321303806518,1.2528219676619883,0.8838477687882542,0.06730785121999965,1.0,1.0,1.0,0.0,0.8,89,153.566784709472,396.4443451526046
10,53,0.9273218292833199,1.1710534113870765,1.306956404787851,1.2827278207630082,0.8673186567706654,0.06729395814582914,1.0,1.0,1.0,0.0,0.8,92,153.69313190794637,396.6435543306847
10,54,0.9265091268707901,1.169840440497886,1.3056879690738143,1.2897160223697837,0.8686152010236612,0.06666254282677528,1.0,1.0,1.0,0.0,0.8,93,153.36234657787313,382.01092670858816
10,55,0.9292095961998754,1.1613352884437462,1.2860025822072705,1.2509331349054182,0.869942508465954,0.06941208696720982,1.0,1.0,1.0,0.0,0.8,94,155.02636012041705,402.9921466440249
10,56,0.9291677339939697,1.1612005883546375,1.285854979179567,1.2509195600005134,0.8695250953051257,0.06941208696720981,1.0,1.0,1.0,0.0,0.8,98,153.7911657623204,401.6794073137336
10,57,0.9435553898076862,1.18561273142571,1.321284538414207,1.3405355498563678,0.8851504535605411,0.08428101234863009,1.0,1.0,1.0,0.0,0.8,104,91.15505589933012,472.3943679206147
10,58,0.9404454886948023,1.2039437268335633,1.3618427017116173,1.3764589705532795,0.8851543119957407,0.08150617166981304,1.0,1.0,1.0,0.0,0.8,105,124.12653638419984,451.4184587995936
10,59,0.9419800674543264,1.205326483415941,1.363204575426317,1.3818368667477063,0.8838418896559045,0.08310795347565009,1.0,1.0,1.0,0.0,0.8,106,123.52026198138552,461.39259927425496
10,60,0.942764273289106,1.205886911495344,1.3637341148381774,1.38268906261124,0.8845316991902158,0.08399103525687168,1.0,1.0,1.0,0.0,0.8,108,124.5292174263412,453.4736183715152
10,61,0.9403118914678201,1.2354959083681187,1.4266706140881773,1.4238321907847116,0.8854607745955966,0.08207851800243458,1.0,1.0,1.0,0.0,0.8,109,123.03770565604016,431.4600110429012
10,62,0.9456523754404098,1.2404397332374701,1.431560235949397,1.437008958242023,0.8885225182880344,0.08759179152002292,1.0,1.0,1.0,0.0,0.8,111,122.79017251606388,470.6683346980266
10,63,0.9453477729822348,1.2063755181464626,1.363936318093515,1.4131778849139252,0.8899149979940169,0.0874904555905052,1.0,1.0,1.0,0.0,0.8,113,96.88193435870306,486.099203775129
10,64,0.9446052621610695,1.2050128557004318,1.362489046711047,1.389133393126206,0.8900029573276476,0.08701557764126465,1.0,1.0,1.0,0.0,0.8,114,83.67759873412277,480.9178040524291
10,65,0.9458344190237744,1.193744642983546,1.339865169159197,1.3667615353268805,0.895551854047253,0.08884324454940304,1.0,1.0,1.0,0.0,0.8,115,84.41155402522342,500.563347555556
10,66,0.9477361515444593,1.205653415171212,1.3627916647720635,1.3876361909187542,0.8938058839625503,0.0912055818234154,1.0,1.0,1.0,0.0,0.8,117,82.10748884627364,525.8266445337231
10,67,0.931335833966541,1.1997860444812478,1.368013121955277,1.4223182032119106,0.8753868515561668,0.07504495693253975,1.0,1.0,1.0,0.0,0.8,125,116.34169629723324,479.6130275510459
10,68,0.9308006571954002,1.1979555286882762,1.3660082972990448,1.42213376739028,0.8811698642403846,0.07504495693253974,1.0,1.0,1.0,0.0,0.8,126,120.035967527133,488.4103755266452
10,69,0.9305748922201382,1.1818966232408679,1.3381509697664056,1.3618402796372977,0.8878993954257199,0.07673412167987932,1.0,1.0,1.0,0.0,0.8,128,112.5247583189006,587.2731175758786
10,70,0.9305631363843199,1.204049242420973,1.3826302823117835,1.4170315713344492,0.876802751331337,0.07673412167982627,1.0,1.0,1.0,0.0,0.8,130,112.21182248967963,586.4598403958655
10,71,0.929913583437482,1.213726930903622,1.4033711382212042,1.4474554234572112,0.877589371215051,0.07638804080357059,1.0,1.0,1.0,0.0,0.8,133,111.22396582956848,607.5412873457643
10,72,0.9260146047461074,1.231821354769408,1.4437696157285829,1.442734187751875,0.8736101772421104,0.0725678354015079,1.0,1.0,1.0,0.0,0.8,134,124.07724081985752,343.6523578870619
10,73,0.9293374349263753,1.2679566337499804,1.5133373993278805,1.5774410789948585,0.8771423040724532,0.07607800775862038,1.0,1.0,1.0,0.0,0.8,136,117.374776407369,613.2630679397311
10,74,0.9302117034881898,1.213036744064185,1.4025501698832339,1.4827410280818225,0.8785113846665361,0.07707287856954739,1.0,1.0,1.0,0.0,0.8,137,110.5274869873738,581.3182744090246
10,75,0.9286868373586554,1.2720081407915456,1.5277143999648972,1.594463044424701,0.906044124202334,0.07785527608639782,1.0,1.0,1.0,0.0,0.8,138,122.66623745243557,646.2437653680772
10,76,0.9277944118391301,1.270990411396502,1.5266803686298647,1.584800510933849,0.877073580460032,0.07700907552889937,1.0,1.0,1.0,0.0,0.8,147,116.20386981901422,635.4887846606442
10,77,0.9238817489672496,1.3639639025176407,1.710043334594174,1.7635042625429647,0.8700812328062157,0.06999767913646533,1.0,1.0,1.0,0.0,0.8,180,124.71722669017262,311.57678476790244
10,78,0.9242819903149865,1.3643802922948032,1.7104618642793765,1.763899317088942,0.8710005630224553,0.07039129435424986,1.0,1.0,1.0,0.0,0.8,181,123.2059125911095,320.1843661651262
10,79,0.9262098791992662,1.353534976834923,1.6882288727810326,1.7599605633426747,0.8730760854965943,0.07297797376374422,1.0,1.0,1.0,0.0,0.8,189,121.44217382852553,332.05004521273685
10,80,0.9245637942038977,1.352370961637127,1.687128750256214,1.7540924846042676,0.8799252757518894,0.07114342135303772,1.0,1.0,1.0,0.0,0.8,190,124.28735247721949,345.3048887561147
11,0,0.9329752499738785,0.6517329619415099,0.6185809545789813,0.030321529974005397,0.0,0.0,0.0,0.0,1.0,0.0,0.8,1,318.3319854925929,1372.3785594057006
11,1,0.9250513706872996,0.6937626579827869,0.6591212030693193,0.09002888783896479,0.08393921529964837,0.05763525076393826,8.563352672914e-05,4.9333675857849995e-05,1.0,0.0,0.8,3,301.7917709569805,1219.9284397668469
11,2,1.4358691708085596,1.461800334552763,1.4184202626732914,0.9466529878547135,1.2873500285646748,0.11751367989424406,0.6032640404231406,1.0,1.0,0.0,0.8,4,404.4277120508912,559.8259714939343
11,3,1.3859087248077042,1.4435054730428811,1.408493557320718,0.9502097323290024,0.9537621549179464,0.11750518095280744,0.596085263241928,1.0,1.0,0.0,0.8,6,362.1894620608736,528.8490045611028
11,4,0.7320463927391225,0.8447785647697956,0.7879630336702073,0.4599942432159264,0.7819376058472938,0.09002730978439809,0.29932671567300156,0.4395073881766911,1.0,0.0,0.8,7,133.84664087377683,416.1346766199196
11,5,0.27742658279893795,0.409896795665966,0.3607412957200394,0.15830854826570376,0.6555398026345015,0.08191298166607676,0.08369990895686744,0.07094986636600184,1.0,0.0,0.8,8,117.10452004156416,207.74190610601008
11,6,0.2787823133129862,0.40419056351085736,0.3531355821276829,0.1706292070206862,0.18644157452455815,0.11799017096449524,0.0367517711564279,0.04366381189525359,1.0,0.0,0.8,10,97.71698604362156,417.4057095918293
11,7,0.26644954446648694,0.379245091519589,0.325345466521547,0.18644717787061937,0.20823735883491457,0.11166131477078219,0.05206402762473963,0.05774755271752524,1.0,0.0,0.8,12,106.1638209663633,705.8625128693102
11,8,0.2623817821772303,0.3824851747440941,0.33900278758918406,0.1925658245264143,0.1708152816601068,0.1116613147707822,0.05206402762473965,0.05774755271752524,1.0,0.0,0.8,14,110.301219180919,664.1486178119578
11,9,0.28594217408796185,0.3959432749421362,0.3505583726538504,0.22923531894314547,0.25840597467485704,0.12730203235735887,0.05276507216197538,0.08000208364961303,1.0,0.0,0.8,15,143.8781402597079,786.7740969683076
11,10,0.28343678600525485,0.3918188525909771,0.346143880940745,0.23819222892548397,0.19534288747949197,0.12778412341691836,0.0514026578227495,0.07805338909516715,1.0,0.0,0.8,17,142.7053098070856,729.3244686881316
11,11,0.29609334044374636,0.409937165240598,0.37444304204358286,0.2571442949882529,0.2191824403121343,0.1177024358294843,0.09280361659320636,0.11236044643583054,1.0,0.0,0.8,20,196.98232993892603,1604.553497112521
11,12,0.3594599651651438,0.47279809011595564,0.43721868746561166,0.3392976548407009,0.27430469598898916,0.12008156177057142,0.13150631536062568,0.1890823737199237,1.0,0.0,0.8,21,207.08266418748607,3036.58771853375
11,13,0.29747228806449444,0.4056076673968174,0.36915413122642715,0.2670806189662207,0.24422712221339807,0.1223513925434094,0.0928753227546808,0.11373556177709461,1.0,0.0,0.8,22,195.95586801378795,1660.1919419298365
11,14,0.29637755125823095,0.41408725389886947,0.38854992257736354,0.274792866440115,0.21770542865480372,0.1223513925434094,0.0928753227546808,0.11373556177709454,1.0,0.0,0.8,24,191.53476911341872,1689.6475800922851
11,15,0.30083664096035784,0.40529219810140055,0.3682384733605332,0.30511172088843086,0.22345861328305283,0.12264127548998105,0.08722684418786093,0.12086043529946493,1.0,0.0,0.8,27,131.72308927571837,1373.187655819819
11,16,0.3267629210199553,0.41900112831649716,0.3706008937726653,0.3399271026765639,0.25245235020269274,0.12987109449106468,0.0860127899253743,0.14520905709689555,1.0,0.0,0.8,28,173.75399084046862,1371.897782531271
11,17,0.376526007393371,0.4729473581745672,0.4346212191364747,0.39923813949487197,0.3399013574711611,0.12780208294266057,0.09671198689125608,0.21568677493465255,1.0,0.0,0.8,29,147.62842398023113,1517.0633510042674
11,18,0.29472533444686916,0.4000072286045956,0.37250032127321897,0.32160809456723183,0.22552449515324235,0.12362635672470128,0.08266159112434221,0.12040259109760051,1.0,0.0,0.8,31,120.14819639232356,1381.7725408810509
11,19,0.2993368508879532,0.4018325404091984,0.37390056521826387,0.33330036779073824,0.23374150650931183,0.12872316715332083,0.08269375903892856,0.12189785303305958,1.0,0.0,0.8,33,119.41427423673544,1436.7346738829608
11,20,0.29852630211532444,0.3996329751577575,0.37149164005391017,0.33307876619887244,0.2335841973555557,0.12872316715332083,0.08269375903892853,0.12189785303305949,1.0,0.0,0.8,34,120.9668354518478,1401.3744532403068
11,21,0.2984744438285572,0.41058931615810257,0.39359976616875686,0.34806637764227544,0.22671372529764008,0.12872316715332083,0.08269375903892856,0.12189785303305958,1.0,0.0,0.8,35,120.52229768734142,1408.6306853805634
11,22,0.31673533261157955,0.4152610644709966,0.38673251410878995,0.3669637663795951,0.2591247406561043,0.129723446669329,0.08546333350222189,0.14526667583960676,1.0,0.0,0.8,36,291.67878364782075,1363.796500266946
11,23,0.9975112374939534,1.104431234540023,1.0866669556457107,1.0676481174771264,0.9352904859945144,0.12822175939202002,0.09042912888785608,1.0,1.0,0.0,0.8,38,101.3256611127626,1419.2380080654414
11,24,0.9987094037856097,1.1033210520773367,1.0852176634937203,1.0697542983047954,0.9366541387920815,0.1306738905367097,0.08841697281663398,1.0,1.0,0.0,0.8,40,98.0745518548488,1420.0039183776514
11,25,0.9984221081529814,1.1025849619108832,1.0844160364588884,1.054236094985742,0.9329385726998765,0.13062662496170047,0.08780393882690565,1.0,1.0,0.0,0.8,41,97.57234706200902,1397.617044544647
11,26,1.0085731842775434,1.1204129179473548,1.1129131418876148,1.0932832752916926,0.96007279200206,0.14257019363593593,0.08946664318234872,1.0,1.0,0.0,0.8,42,300.725747154989,1349.24540536377
11,27,0.9920514191324176,1.0917305880700017,1.0729125183839623,1.0679940750990553,0.9319878110059558,0.12659234268470726,0.07803518808269046,1.0,1.0,0.0,0.8,43,311.3353504701293,1368.795969158689
11,28,1.011670380032112,1.1184361521821202,1.1102113300648508,1.0981839331478584,0.968386224114939,0.14820986703871047,0.08934012332652395,1.0,1.0,0.0,0.8,44,304.7824217407671,1402.567823894252
11,29,1.0115013000041433,1.129016416629467,1.131907577496382,1.1172042965679476,0.9490763399986222,0.14820986703871047,0.08934012332652395,1.0,1.0,0.0,0.8,46,302.1788633567116,1415.2888106598448
11,30,0.9969040060934785,1.1032393659255604,1.0949536199644307,1.0901843260609079,0.9340658195112257,0.13365280037567978,0.07761783164499791,1.0,1.0,0.0,0.8,47,111.64578370744866,1440.984460418109
11,31,0.3053456519517356,0.4472872996425541,0.4824379970896163,0.46393057005894645,0.26057954608310285,0.11379658708435267,0.1392653454266868,0.1654785027608602,1.0,0.0,0.8,50,124.39386669392206,1076.6771469555654
11,32,0.3052761615124534,0.4692555210891619,0.5267153809149738,0.48766283229405005,0.24636876178206482,0.1137965870843527,0.1392653454266868,0.1654785027608602,1.0,0.0,0.8,54,124.50845819569264,1088.2025966357396
11,33,0.3286408119252731,0.46950921141155266,0.5045125959988713,0.5141817880813938,0.2721712847193032,0.12470500786148866,0.17659690936486488,0.18155630987754603,1.0,0.0,0.8,56,346.9974542503235,1318.47130503988
11,34,1.4082686970457612,1.5570653508399008,1.602801335723429,1.6057606051058086,1.355672921052733,0.5509546571683075,0.15632865568429039,1.0,1.0,0.0,0.8,59,76.83138089551497,533.2752749435656
11,35,1.4098146661515256,1.5568070114266808,1.602298219369025,1.6112493876586225,1.3619232920781226,0.5532677263700513,0.13925105736845828,1.0,1.0,0.0,0.8,60,78.68853000097297,530.9391968774769
11,36,0.39615151802794846,0.5766792163987168,0.655699044510714,0.6393030131660585,0.34044667269080237,0.12049054334399042,0.1432509873163217,0.2737675912977712,1.0,0.0,0.8,62,146.33568475809565,1132.7927459132618
11,37,0.40098365088586796,0.577186817594425,0.6556250007211832,0.6446169140761827,0.35629730308402596,0.12554239718707122,0.14419876451377217,0.2757247959401522,1.0,0.0,0.8,64,143.94920892300317,1161.4320334791553
11,38,0.36070662240414325,0.5349130413558781,0.6130852294153291,0.6125046384610897,0.3142388858125892,0.1303410207627525,0.13980505611425376,0.22037731246802986,1.0,0.0,0.8,65,112.4695308503792,1430.9653600396489
11,39,0.3592926096953214,0.5245987482247467,0.6015994909070321,0.6138508321398057,0.3499665240480127,0.1342190485172939,0.14239285278367714,0.21801873446865022,1.0,0.0,0.8,66,129.54104475294648,1662.9346122459267
11,40,0.3215746034038534,0.5088236595964559,0.6081212202485382,0.6013693359428806,0.2716736826857368,0.1296059706717667,0.1313638704820473,0.17676818116858234,1.0,0.0,0.8,68,140.31913307470987,1435.748602643903
11,41,0.34768885362424107,0.53321247957313,0.6322873970450277,0.6385082079935377,0.3054802777603794,0.13097992702583733,0.1366964688947503,0.20846178879463179,1.0,0.0,0.8,69,131.13382508861417,1425.2498622138326
11,42,0.335276467333952,0.5088553971941163,0.5966547208600208,0.6220712018819529,0.2895716731887391,0.12863592109152192,0.13212034980911858,0.19626323935565432,1.0,0.0,0.8,70,128.15518217083002,1134.6157133147854
11,43,0.3448925406603871,0.5282621222650135,0.6270584681160696,0.6432941133965704,0.29866528437883344,0.1277732297197373,0.1394027237701247,0.209937784563631,1.0,0.0,0.8,72,138.44823631224511,1324.0789016026097
11,44,0.3453990865572216,0.539863437485163,0.6498248373679338,0.6479536506546295,0.2962429812085885,0.12871159767595639,0.1380732027682664,0.20939917490040988,1.0,0.0,0.8,73,136.18447240135862,1353.725083438313
11,45,0.3448102239369234,0.539044394514128,0.6489761504726526,0.6545911050339693,0.29676714988447794,0.1277732297197373,0.1394027237701247,0.2099377845636309,1.0,0.0,0.8,74,138.88826223801075,1331.2632443859802
11,46,0.40258825772859796,0.5858182637252195,0.6845966067739088,0.7388166183479044,0.35347984004612865,0.12970508280538048,0.2577755838730738,0.2797043570045645,1.0,0.0,0.8,94,74.66856888085461,1518.805761001976
11,47,0.9654956723684885,1.1975338937758107,1.3512808457325653,1.4328106042131674,0.9207110781538372,0.11871300637230091,0.6232126427255331,1.0,1.0,0.0,0.8,109,113.14171119013092,1205.5564759101485
11,48,0.9653168351750301,1.1922582328812978,1.3453640355565015,1.4320658240886623,0.931303178757162,0.12017251926079905,0.6172837829526454,1.0,1.0,0.0,0.8,111,103.88238017435285,1083.0014726619186
11,49,0.9626892518567148,1.2001320622325873,1.3643282960061547,1.4421730359032148,0.9203729363545321,0.11773573833432785,0.6104897496602866,1.0,1.0,0.0,0.8,112,103.46360364778424,912.9384677277196
11,50,0.9561148601255979,1.2373096267802204,1.4460873057152452,1.6228013191656396,0.9114475950400471,0.11136462014469588,0.6411216494634473,1.0,1.0,0.0,0.8,146,107.84560968294348,1308.153493189472
11,51,0.9527241521396483,1.2406752862332782,1.4600755575997195,1.6518428159921066,0.9188985053214169,0.1093322010424566,0.6360741124014024,1.0,1.0,0.0,0.8,148,116.91818936895852,1297.323795527914
11,52,0.9527349971163498,1.2512050518504347,1.4816988207815487,1.6749309181822611,0.9101546458557452,0.10952045409868161,0.6351988861360814,1.0,1.0,0.0,0.8,152,116.6707906882896,1298.9425489997152
11,53,0.9521177564078918,1.2813828750933518,1.5450628872874497,1.7597722478652658,0.9112201148099833,0.10965998814279357,0.6686900331526779,1.0,1.0,0.0,0.8,159,112.50969586001423,1298.6675472894556
11,54,0.9518732858966364,1.2803302806519314,1.5439103385746926,1.7675028842804383,0.9114201001908984,0.10965739401886232,0.6689353759284538,1.0,1.0,0.0,0.8,161,109.97079458189498,1298.6088675465187
11,55,0.9514271631770579,1.28862222854048,1.5630767214767531,1.8078055965362414,0.9124739841676568,0.10990865249017297,0.664242373389242,1.0,1.0,0.0,0.8,165,110.13265968648564,1296.0141829555353
11,56,0.9506315910129841,1.319632614292261,1.6274004625972207,1.8694691677945654,0.9099749362821383,0.10954568574638276,0.6361604043719178,1.0,1.0,0.0,0.8,180,109.73097456758964,1295.1427679755282
12,0,0.7701473893286189,0.6105946572915628,0.5735264824381566,0.026329188194996765,0.0,0.0,0.0,0.0,1.0,0.0,0.8,1,665.4005912124446,1370.3674146686938
12,1,0.7572663942038548,0.6407504603580896,0.6020114955164483,0.07588408111732106,0.07717454611428101,0.047674796233562536,8.327828413746999e-05,4.209125190701e-05,1.0,0.0,0.8,3,631.0199123723792,1242.152432757561
12,2,0.7370372243483676,0.6285679178754928,0.5894941450074151,0.06930189511903379,0.0508551718260369,0.03896581240831986,0.00065853119546221,9.673351941072e-05,1.0,0.0,0.8,4,609.7904264849024,1347.101819409375
12,3,0.42744049452278027,0.5259966278037255,0.4849024235160415,0.08345418785262325,0.5307201317526312,0.06109875838930327,0.0069062448863361605,0.00349061578601257,1.0,0.0,0.8,5,343.40231052328625,793.0278288827582
12,4,0.34808439347295983,0.47537183915325276,0.42918216155242145,0.08410229042628538,0.24888327137544355,0.061660944806587945,0.012697209009938759,0.00641753643808395,1.0,0.0,0.8,6,272.37484701088874,591.9077462290362
12,5,0.29629820053332984,0.43533056327790814,0.3847054732593452,0.08811591912536906,0.23729372341844113,0.06217861345026495,0.027624979545344742,0.01396246314405036,1.0,0.0,0.8,7,190.73467491050965,318.1616218615943
12,6,0.25958162637017895,0.40540513091051816,0.36204041764721573,0.09652182158807518,0.13639009123145832,0.062178613450264965,0.027624979545344708,0.01396246314405043,1.0,0.0,0.8,9,182.1160570665864,221.96229004625184
12,7,0.2676179402864485,0.4045138824928864,0.3497396974119274,0.11224817859669381,0.1040906172398221,0.06356677703179546,0.05447923569854907,0.02818988448903989,1.0,0.0,0.8,10,128.6697676752034,112.27751222236888
12,8,0.22730617845296625,0.35341499629678863,0.29460255431596005,0.10098626830529474,0.2105208525459244,0.061739165468955234,0.031503834300070296,0.01962889745899024,1.0,0.0,0.8,11,145.16798593694006,203.42643457830945
12,9,0.22088493909892676,0.34466509586902744,0.2850788727149365,0.10667044613990853,0.10410149885294931,0.05541846837698402,0.05962386413096241,0.02675289466821429,1.0,0.0,0.8,12,152.54903317990545,320.11822858586856
12,10,0.2137006978120786,0.33711854999845314,0.2774154171895636,0.10205702095668924,0.07466627273869195,0.06167043682212906,0.02489727026001854,0.01104034125578245,1.0,0.0,0.8,13,168.51417762393666,426.74312723382127
12,11,0.20713766174804205,0.32753339767029405,0.2669294125526536,0.10844708250062278,0.10211071951510713,0.05963016884317933,0.02991711451746414,0.013437402192083569,1.0,0.0,0.8,14,163.95760608575492,336.4290045275904
12,12,0.20556600328778138,0.3356106153868994,0.28576641912000833,0.11639011793331161,0.07877606315805571,0.0596804289173011,0.03323318483589354,0.014926829607951251,1.0,0.0,0.8,16,150.14843463193176,315.31838054328983
12,13,0.9986562715117576,1.132401502929409,1.1005936567745458,0.9354987808237012,1.0427901626479525,0.13906288282637716,0.1952023598183508,0.9403344231274436,1.0,0.0,0.8,17,190.11160102124109,562.3025627414271
12,14,1.0440212043538182,1.1740863245776996,1.1415462246903239,0.9924200031384979,0.9536245096350607,0.14070711758108403,0.19132490087284532,1.0,1.0,0.0,0.8,19,186.21894877291007,809.0361242610015
12,15,1.020354976418284,1.1501117014736226,1.1266214655607167,0.9821744061835878,0.9651711669200824,0.12785900969426497,1.0,1.0,1.0,0.0,0.8,21,199.72694588037135,770.7808413004276
12,16,1.034777477853003,1.1631159777689222,1.1393765942849376,1.0060631779942593,0.952251558217928,0.14348142901633726,0.1920256521658827,1.0,1.0,0.0,0.8,22,202.8049263030842,711.71665822649
12,17,1.0308481430699037,1.1577999081393957,1.1338187336167638,1.0115664990034263,0.9449682718493019,0.14070493441691936,0.19358085331128966,1.0,1.0,0.0,0.8,24,188.4381201368488,765.0312010187416
12,18,1.0218294911171188,1.1472631741994097,1.1323416782767457,1.0042361341138106,1.0155814499908011,0.14119040990551618,0.16373562669772357,1.0,1.0,0.0,0.8,25,204.6784218412656,600.0518973693286
12,19,1.0165646035615081,1.138294329817259,1.1227842994194002,1.0093737525139725,0.9487644429826744,0.1384040540884625,0.1652006933093379,1.0,1.0,0.0,0.8,27,189.14657704723308,648.9844984551603
12,20,1.0151231188941556,1.1457011519198075,1.141004952926636,1.019587404932695,0.9445812831416434,0.13840651981572183,0.16535819913731184,1.0,1.0,0.0,0.8,29,185.87869680593712,649.1436654139762
12,21,0.825222395393573,0.9668224494327371,0.9732806151811215,0.8931627893919839,0.7485722567448901,0.1370467660854188,0.183083136596067,0.7643737155635962,1.0,0.0,0.8,42,155.22275413704028,684.2210135097171
12,22,0.7003586203191632,0.7963997942415091,0.7580144841155421,0.7642879722820197,0.6308712520245733,0.1278558837491937,0.35926745389538317,0.6207120709383813,1.0,0.0,0.8,43,140.94324800947624,682.8233296932208
12,23,0.834175961064578,0.9734574824629723,0.9795562503808625,0.9189747269216497,0.765179239813888,0.1409634050521144,0.18176535932469245,0.7724891744944558,1.0,0.0,0.8,44,167.9606692026328,729.6567103995903
12,24,0.8633961792597978,0.9986689437919449,1.0041555098888346,0.9497896660265319,0.8121954628496961,0.1384418230617332,0.19246078682312745,0.8151953637548859,1.0,0.0,0.8,45,155.12305848761562,865.3223799854213
12,25,0.8631774896901688,1.0091750427596828,1.0257707549177613,0.9657911876132552,0.791588615120791,0.1384418230617332,0.19246078682312756,0.8151953637548871,1.0,0.0,0.8,47,154.7603070292233,854.1168091733252
12,26,0.8342686922883431,0.9904903053945846,1.0181196209456094,0.9471359264928938,0.7645222683468307,0.13920044213638416,0.1773505277260989,0.7787491108327836,1.0,0.0,0.8,49,164.85389896120628,770.0056315672715
12,27,0.9877255449389102,1.0802586227004254,1.050846794709566,1.0724174907641824,0.9630551868291736,0.1202134969006172,0.615930941178487,1.0,1.0,0.0,0.8,50,157.87914935095642,551.0181199452969
12,28,0.9867745370843196,1.0766447592706396,1.046846730670144,1.0885803173183997,0.9274646153071426,0.12065562163483354,0.6116678366137762,1.0,1.0,0.0,0.8,52,170.60807443584014,598.9390331259514
12,29,0.9843457098827626,1.0739394010537848,1.0441015827451154,1.084722161592047,0.919072835411788,0.11836926451225824,0.6136549015677581,1.0,1.0,0.0,0.8,54,157.2467171165044,647.6381964354608
12,30,0.9833586972045041,1.0685071193823543,1.038033270779333,1.0853232077171944,0.9420476842414856,0.11961644785034183,0.7049531259158749,1.0,1.0,0.0,0.8,55,146.00607213529275,585.989630914641
12,31,0.8779616510466961,0.9708161603923318,0.95102930420309,0.9915617733008524,0.8327267240772731,0.12420182082019308,1.0,0.864566487085687,1.0,0.0,0.8,56,155.55657546924775,641.6111667556696
12,32,0.9794622262371022,1.0567077616241836,1.0251268410062035,1.095688431148205,0.9305344945509118,0.11944811683111259,0.6152827041587242,1.0,1.0,0.0,0.8,58,150.80408205621822,669.8961133017854
12,33,0.988493718195844,1.1512973781285838,1.208595760339343,1.187426815399701,0.9455472889828189,0.12991680804495723,0.7520618030041913,1.0,1.0,0.0,0.8,59,155.8436274001454,647.2866419870198
12,34,0.9782686505494772,1.1194971234362638,1.1642150001744027,1.1488452784269931,0.9740131722823058,0.12408115965543295,0.6806804598869578,1.0,1.0,0.0,0.8,60,115.76230646866584,561.0177560451016
12,35,0.9731250258464517,1.111464960320701,1.1655175319240776,1.1675706600511262,0.9564615052177333,0.12418323944451556,0.6788132815868322,1.0,1.0,0.0,0.8,62,107.26358400214544,594.976712934125
12,36,0.975929325616341,1.0772529235919572,1.097330345298672,1.1668452743316111,0.936806446061581,0.1282948596834956,0.5992632682067722,1.0,1.0,0.0,0.8,64,169.28432187183455,400.0066265823117
12,37,0.9687611233158139,1.0864360756843685,1.1281034455333132,1.170530451379587,0.9490818398335393,0.12306637219812547,0.682072215216828,1.0,1.0,0.0,0.8,65,109.53167387247755,730.2745287087282
12,38,0.9681683486470742,1.0956185623799586,1.1482846723498517,1.1779870543023734,0.9258279394082739,0.12290062191130231,0.6819762725711657,1.0,1.0,0.0,0.8,67,108.08800049918293,727.8823513236551
12,39,0.9676051673065431,1.0522945748315087,1.0702760041830415,1.194056193171126,0.9360581052306816,0.12535705459157187,0.5545936194869202,1.0,1.0,0.0,0.8,71,162.77091424050622,440.2294130224912
12,40,0.9713323533180783,1.020652099598187,1.0146990677045455,1.178789231281688,0.98844823686711,0.13275593126964053,0.5978059348918281,1.0,1.0,0.0,0.8,72,111.77277545282784,595.0357336212224
12,41,0.9746336603452294,1.019355601709314,1.012848502587036,1.1859207924331272,0.9568245010871689,0.137280492228451,0.5975673566653743,1.0,1.0,0.0,0.8,73,121.1507401668227,638.9645697071702
12,42,0.9746336038046876,1.0193510413513545,1.0128433557026222,1.1890923174258294,0.9373006758834053,0.1372816043443888,0.5975669925437034,1.0,1.0,0.0,0.8,74,121.14932844512455,639.0149869739341
12,43,0.9725397180074994,1.023420005340762,1.027487315913785,1.2087656532341955,0.9572764184721559,0.1364551386968137,0.5965254602266118,1.0,1.0,0.0,0.8,75,123.04789348950057,544.0483604458844
12,44,0.9720319545272037,1.0173046711818492,1.020706256316017,1.2005472096531178,0.9608154873080452,0.13733388018922976,0.5963343752642364,1.0,1.0,0.0,0.8,76,115.3316146552801,647.8566865407093
12,45,0.9695369608399462,1.0069358844391614,1.009411296849987,1.2053055567280575,0.9530281066283833,0.13669465613690338,0.5966149963469236,1.0,1.0,0.0,0.8,78,117.38227554309783,663.0846573675373
12,46,0.9710944481875117,1.0081009526059082,1.0105304232525145,1.2100772562388709,0.9399610858637225,0.1383419692486927,0.5961970576909489,1.0,1.0,0.0,0.8,79,120.49319232502842,643.0822862141773
12,47,0.972590213871787,1.0290208389378641,1.0534574644678023,1.239812768827453,0.9423659152077868,0.14046488569767523,0.6012051545528808,1.0,1.0,0.0,0.8,85,134.95462552333825,592.2457688961657
12,48,0.9686663206346866,1.023300101935321,1.0475276338437651,1.23930236541531,0.9406299099845667,0.1369414280242561,0.6019696892262525,1.0,1.0,0.0,0.8,87,120.98392801892224,651.6541283501602
12,49,0.9664427929608163,1.0292667834302953,1.0643223196987697,1.2614642270352525,0.9472546161346238,0.13535525285714264,0.5891171427959628,1.0,1.0,0.0,0.8,88,121.74294487795356,590.2241590551808
12,50,0.9644406682192059,1.0292930755419478,1.0744689713654247,1.2802796288149074,0.9398696312972402,0.13526242301695607,0.6013083936019574,1.0,1.0,0.0,0.8,96,124.98964518455004,677.7945116673405
12,51,0.9702303001971502,1.0237423538797266,1.0577249146278132,1.299406406584318,0.9415933549991641,0.14110169028494432,0.5970255608663878,1.0,1.0,0.0,0.8,98,112.98991272645,673.8227261832653
12,52,0.9687298774878881,1.028800581708707,1.0734295845349968,1.3107376860431512,0.9496604516391527,0.14051242003473444,0.7940076996590553,1.0,1.0,0.0,0.8,100,112.5059181838398,684.5662865076316
12,53,0.9640577229028071,1.0213663452657862,1.065681094498249,1.3096627646244694,0.9474722391858457,0.13638151066708198,0.800107696120353,1.0,1.0,0.0,0.8,101,126.61862832519064,661.8609636250955
12,54,0.955503524189309,1.0653142943205856,1.1651170469187675,1.3426716745398029,0.9403420683862387,0.12840092442660592,0.8968422154674816,1.0,1.0,0.0,0.8,102,137.36087482301048,666.9646317530465
12,55,0.9566428278469937,1.0775278980901117,1.1884932678003766,1.358318221480544,0.9295901654028839,0.129544568390266,0.8956650198667526,1.0,1.0,0.0,0.8,104,135.9399037708692,662.1519104824612
12,56,0.9584348707073014,1.088584455481586,1.210507589578314,1.3759439570484135,0.9341222798200738,0.13168340416897978,0.9006456553441142,1.0,1.0,0.0,0.8,107,137.87972827036782,671.1307168955651
12,57,0.9477501772038199,1.0878997315988812,1.2208643220069781,1.3810942436147982,0.9220794122176369,0.12120434979693953,1.0,1.0,1.0,0.0,0.8,112,135.62987271737182,540.3291301237216
12,58,0.9463608218422233,1.0970377739465504,1.2411033939293552,1.401935442764493,0.9204883691685828,0.11992121095774937,0.8968730038152435,1.0,1.0,0.0,0.8,116,139.97759046078062,653.8506872140891
12,59,0.9553989348108312,1.1165145129806313,1.2716710051574704,1.4355754450017464,0.9303923717496501,0.12908158257638275,0.888160072576668,1.0,1.0,0.0,0.8,118,130.6355755605812,606.5795751946129
12,60,0.9519988506122982,1.1234150621045824,1.2896471507809362,1.4510581692624647,0.9274122350969818,0.1258286574159021,0.8898905481092279,1.0,1.0,0.0,0.8,120,131.6508223224313,628.5099998547892
12,61,0.9519950210552663,1.1344875619341506,1.3118825230906124,1.474866508798037,0.9258451885926717,0.12582865752591874,0.8898905480707565,1.0,1.0,0.0,0.8,125,131.66611497391958,629.0309961808329
12,62,0.9516028176708058,1.0857336489030263,1.2180202773505484,1.4482317126629136,0.9340488414852105,0.1261599310832034,0.8996802021274574,1.0,1.0,0.0,0.8,127,134.42152370665735,688.1457048925323
12,63,0.9469288203292909,1.0976187768518144,1.2516049857810032,1.4880284566061746,0.9252607350099854,0.12247970599457234,0.9235426328317956,1.0,1.0,0.0,0.8,135,128.8777438463818,586.4787522003609
12,64,0.9486768015947135,1.104683668917426,1.2691913634239174,1.5180659038878577,0.9327805362053984,0.12521116665796106,0.918008306727242,1.0,1.0,0.0,0.8,138,133.29172282064647,619.9672650757301
12,65,0.9479953804237031,1.1142766951017364,1.2898583282655876,1.537957280192133,0.9254721504139026,0.12466680467784597,0.9195644511343148,1.0,1.0,0.0,0.8,142,132.00962496493207,613.0854896403943
12,66,0.9477093531569062,1.058390891975241,1.1781332342793351,1.378495734038118,0.9244449014081411,0.12439986210373939,0.9228671846815123,1.0,1.0,0.0,0.8,152,132.83144285293562,609.7603338807855
12,67,0.9488806490033262,1.1646011450651137,1.3854060322654718,1.677125547121106,0.9249436808157017,0.1246991857333651,0.9073345715129421,1.0,1.0,0.0,0.8,160,132.38570299678557,664.243794492829
12,68,0.9480163601236216,1.0792294196473926,1.2211181425515976,1.3899843783442,0.9272540150696799,0.12498156217041576,0.7990306931747828,1.0,1.0,0.0,0.8,162,119.34030011693804,676.0872091218858
12,69,0.9479613638165336,1.0788391195777565,1.2206904644499197,1.3899450458245548,0.9256366461401943,0.12498156217041576,0.7990306931747823,1.0,1.0,0.0,0.8,164,119.5010093940792,672.4043806707599
12,70,0.9473076596429129,1.0879103547202948,1.2407751281781678,1.407856552740763,0.9263432305408136,0.12455250416458334,0.8049763927746852,1.0,1.0,0.0,0.8,167,124.33348050271232,678.0398244183483
12,71,0.9510446736193713,1.212381432480241,1.4879170602608638,1.750363182875124,0.9302423196266518,0.12850577818789274,0.8088677491351144,1.0,1.0,0.0,0.8,170,135.8447880023357,637.5991780526862
12,72,0.9624716004848165,1.1683069358882554,1.388014284384324,1.7806836711602738,0.9399367057123054,0.13993457607561643,1.0,1.0,1.0,0.0,0.8,192,119.89095682180157,605.4361903902142
12,73,0.9514233937260944,1.1680802267864556,1.3989224746539424,1.813496551392694,0.9291057784701091,0.12893067455207236,0.8935120841778359,1.0,1.0,0.0,0.8,198,110.7378266300362,582.5333784201897
12,74,0.9509418638450089,1.1654146589396732,1.3960157302917793,1.813116532981722,0.9372844516601762,0.12879824728739575,0.8992027634509915,1.0,1.0,0.0,0.8,199,112.93580613515796,588.6350675522698
13,0,0.8676466448183736,0.6361543166891377,0.6015192842231504,0.028809665538624074,0.0,0.0,0.0,0.0,1.0,0.0,0.8,1,454.9624891811176,1389.4386951693032
13,1,0.8549188695191089,0.6722952454767867,0.6360507490418896,0.08376688176424839,0.08143173931185686,0.05301363996532753,8.772697742929e-05,4.373280300522e-05,1.0,0.0,0.8,3,423.93036685060935,1298.4540833704948
13,2,0.35547875252153244,0.48231945246672747,0.43578414781528024,0.10362738834372273,0.8341374939931956,0.07109975743236215,0.013988849535924669,0.00784193973433351,1.0,0.0,0.8,4,162.90787651511664,351.8225040174828
13,3,0.3487099895887409,0.47081067910984464,0.4107016210358815,0.12608614257413472,0.14494200569768811,0.0745841675401118,0.05723955554214981,0.03459983918298743,1.0,0.0,0.8,6,72.2749590697135,154.9800679971497
13,4,0.3101437498763901,0.4350756963681141,0.3721361717346426,0.12087278008405539,0.19596641942840815,0.07959316976088693,0.02779560045926499,0.02083768489320397,1.0,0.0,0.8,7,72.56019327857359,161.60185515178978
13,5,0.2804377702259519,0.4157247388941563,0.36174701158033773,0.11355558807447536,0.1664832326594379,0.07313554270080311,0.03366553353125754,0.019784403305282562,1.0,0.0,0.8,8,87.62248635851223,114.04792637177952
13,6,0.2635545605593781,0.41617943916754035,0.38139961625366087,0.14176088461358033,0.2105362931356447,0.08033095679217843,0.03725187210336879,0.02475189921415173,1.0,0.0,0.8,9,65.12516834022843,119.16023428293518
13,7,0.258263085863697,0.41054445796338707,0.3756111182401107,0.1446971452846601,0.09881745846685086,0.0862070285797942,0.01866250250251764,0.0123789278026471,1.0,0.0,0.8,11,58.14108371837251,136.87148031353524
13,8,0.252452582035965,0.40458735751573544,0.3695898745248248,0.1470964529756671,0.0930922327535602,0.08115695815885159,0.01868097812040388,0.012088391612769329,1.0,0.0,0.8,12,65.32248622279594,119.9466875995526
13,9,0.2524820596947733,0.40457905784858733,0.3695648830422729,0.1446643274158223,0.09158019617830179,0.08117677215780308,0.018790998593430662,0.01227104712865643,1.0,0.0,0.8,13,62.88893536307379,118.94864597142104
13,10,0.27888573107796205,0.4285682507550019,0.3925836104298951,0.18537041563621262,0.15942074189218877,0.10577091186144416,0.02102234948421718,0.02425866888847504,1.0,0.0,0.8,14,41.62978031064465,286.9789996952325
13,11,0.28280312562038923,0.45462482150913747,0.44095173268882026,0.1970894533509551,0.12990472586112017,0.08068252447211238,0.03986757732399422,0.06069953411427337,1.0,0.0,0.8,15,69.21858546687639,118.00487100444582
13,12,0.3301683989589349,0.49764912064403527,0.48250666416618376,0.2595807047086156,0.23954099752139246,0.08864814959557657,0.05129725177551493,0.1238150026844816,1.0,0.0,0.8,16,114.01642813095644,188.5245453809604
13,13,0.32615607474823627,0.49354367815091393,0.4783727200815515,0.26403127893561096,0.1843928342118017,0.08454111825750245,0.0510404739294949,0.12419077937135428,1.0,0.0,0.8,18,122.34114902560482,169.12877765742624
13,14,0.40487169427000314,0.5828886660972725,0.5787408133050638,0.34563946021286707,0.26864222917810776,0.0887105167039114,0.09025226433069328,0.21865875076445915,1.0,0.0,0.8,19,136.14218999663163,181.99871821376897
13,15,0.3204546744212866,0.48638385270768547,0.47077321205439887,0.2638026127051998,0.18660038380878913,0.08779207415450728,0.021736737599629512,0.11695179645951623,1.0,0.0,0.8,21,95.40574262068382,177.5024761908982
13,16,0.530228941794145,0.6819434558857183,0.654279918341138,0.4723114320874801,0.4287670790939819,0.11475942280096299,0.16939598597091504,0.3532199404367071,1.0,0.0,0.8,22,28.230074734657823,1250.7206412547328
13,17,0.5280586578876243,0.678535185668703,0.6505472610464178,0.47196811441798414,0.4086533390720013,0.11475942280421081,0.169396062066243,0.3532198845494654,1.0,0.0,0.8,23,23.98290233507644,1220.0356570964277
13,18,0.7045729801789299,0.851768890868255,0.8229454650779515,0.6551448423852058,0.6088233071904618,0.1440055414290406,0.16673255484829336,0.5441755249313773,1.0,0.0,0.8,24,23.734521162861448,8583.897987654771
13,19,0.6910272805309255,0.8377521218158099,0.8088131710980662,0.6422240441847668,0.5706181025852186,0.14394886122768577,0.17080056254365736,0.52824237731604,1.0,0.0,0.8,25,24.28346091938899,8589.958512574425
13,20,0.7037931130446476,0.8504899596639338,0.8215447858731094,0.6630117391397543,0.5795515820738972,0.1440055414290406,0.16673255484829336,0.5441755249313773,1.0,0.0,0.8,26,21.05347087329524,8525.867561499434
13,21,0.5289741180489029,0.6724890232594142,0.6427622959406781,0.48244643253093444,0.4377795665848412,0.1458850149128479,0.16830290793294944,0.3295875338162883,1.0,0.0,0.8,27,53.6173221708565,2383.2950528728416
13,22,0.2280965379626576,0.3577925313969793,0.3163113456800414,0.18821927539063965,0.12220237183657279,0.090430464953727,0.05523830455810945,0.02714172883876124,1.0,0.0,0.8,29,121.2183908952326,215.16845470483025
13,23,0.5090687255085198,0.6485863737659023,0.61799040316645,0.47550560902993033,0.4046667022826982,0.1374276824676539,0.16710225914803156,0.3216954712669528,1.0,0.0,0.8,30,41.367796329489735,2097.714097284188
13,24,0.22323528029402787,0.34508148406143463,0.3019462343185033,0.19672334856773,0.16526758754194745,0.09478800202944676,0.05531415622912056,0.02752649352318553,1.0,0.0,0.8,31,114.06074387317264,251.0581081934293
13,25,0.22198159022626596,0.3379882467500157,0.2937133921291829,0.2031543536610693,0.1417857230150893,0.09930477679636136,0.05547340281230597,0.02797893819938564,1.0,0.0,0.8,33,108.48026220544337,290.6065543329467
13,26,0.21785969087073087,0.329283308446182,0.2841563216089203,0.2082144321508577,0.1369598164104612,0.10049647043519752,0.05298580855237034,0.02679710303306886,1.0,0.0,0.8,35,107.5197308701361,277.243515781102
13,27,0.22216802940084102,0.3324757735378859,0.2871462124904507,0.21332991641899682,0.1308287399684922,0.10540128346077411,0.05322845004773038,0.027317227701044798,1.0,0.0,0.8,37,103.1632870608199,315.6978546187308
13,28,0.2142840923009715,0.3237614302770979,0.2782821262736648,0.20603940828111092,0.1254061093030733,0.09852127203292069,0.06709069540573252,0.026991476059115987,1.0,0.0,0.8,38,103.21900664193522,229.0520309224752
13,29,0.22195736809563765,0.33881777440110833,0.3038462937556848,0.22738067781956167,0.1541618590565918,0.1082432634316518,0.05558928233438974,0.028421903287221217,1.0,0.0,0.8,39,108.20953015996145,348.415751370367
13,30,1.006886542816996,1.1231259356101402,1.0880438981170195,1.0421894319529694,0.9168501741981867,0.11645036513494358,0.953024212876957,1.0,1.0,0.0,0.8,49,77.1215820123459,625.1386246139292
13,31,1.006238902922247,1.117565223841525,1.0816445777438621,1.0562394396374617,0.9344419008028475,0.119698412681991,0.9907398957460742,1.0,1.0,0.0,0.8,51,76.8973840578761,1125.8096198845271
13,32,0.38952347667747467,0.5316527319064989,0.5288126651868128,0.4856200707090478,0.30778879756884453,0.10656800250886064,0.2163248591604896,0.24786482155259631,1.0,0.0,0.8,56,66.54762400210278,1028.377080554435
13,33,0.37963628829030366,0.507324921750695,0.4927703747919878,0.47448442650430656,0.31676272628768165,0.10357198487515736,0.26424004328469597,0.2422813644876834,1.0,0.0,0.8,57,66.06666242621029,1032.6847953415397
13,34,0.37798282995516885,0.5045888073131518,0.4898586814744359,0.4765266175943057,0.30269741576593656,0.10402354675974537,0.2623368563107124,0.24060216407334628,1.0,0.0,0.8,58,66.47034628625018,1011.5130546132846
13,35,0.3804641376648362,0.5252604688230371,0.5322204481989521,0.4974910128819482,0.3243017730440459,0.10761081279687681,0.2642209158520376,0.24262531705835572,1.0,0.0,0.8,59,62.69384411646492,1099.7228317746622
13,36,0.37889065049917203,0.5110288107662623,0.506577475428072,0.49035013883953593,0.3098460146642563,0.10812060214741981,0.26310926845922344,0.2413022865557936,1.0,0.0,0.8,60,62.43149359041944,1078.6778079975572
13,37,0.27101226056731176,0.4074492552592638,0.4131118242584144,0.39833567573158923,0.23464591811231314,0.10364969628937928,0.39405273059044543,0.11734959010088415,1.0,0.0,0.8,61,62.67107672130364,1400.2033500354407
13,38,0.26615960913940595,0.40119754256180296,0.4066484840559883,0.39150174258890247,0.19721850883579567,0.10129803513653923,0.39241954745202984,0.11525403787968495,1.0,0.0,0.8,63,59.08503869904796,1236.3028858811174
13,39,0.2709324981060359,0.4042496561280082,0.40944136641083784,0.40346393643512046,0.2038450053077815,0.1058550327407248,0.39264965355256176,0.11677641717046676,1.0,0.0,0.8,65,58.63274049737058,1315.1342394873457
13,40,0.26454332231984173,0.3966047403356066,0.4016085512262706,0.3814687887544785,0.1969172374488276,0.10185171496301255,0.39155535165115646,0.11469215745681534,1.0,0.0,0.8,67,58.72446501739613,1171.0090512555862
13,41,0.3954946762616454,0.5137588806518076,0.5071961591565918,0.519984163726655,0.3331611991088161,0.10098907768492438,0.4026699907125389,0.2813545539602673,1.0,0.0,0.8,69,43.92475372474666,1410.0874713226824
13,42,0.44280370499598,0.5919956834519885,0.6185806179379594,0.6078230252692903,0.3808354094121583,0.10707897027424126,0.5941926144443881,0.3344954555594979,1.0,0.0,0.8,71,68.05020898816973,1291.131374212287
13,43,0.4477607065096035,0.5938508723177902,0.6199845950852076,0.6172352055819834,0.39716909776690623,0.11417997827754196,0.5672482454330046,0.3338621069895609,1.0,0.0,0.8,72,66.84653122872564,1377.1460620292326
13,44,0.45069015178512384,0.6142878403228478,0.6620802333778093,0.6464755231175652,0.3944706839353719,0.1046431395774314,0.5920886476417083,0.35241272322157685,1.0,0.0,0.8,75,61.94409161152888,1183.086544756388
13,45,0.4476997454850518,0.6084643556747251,0.6558555687637697,0.6478356747550347,0.39912294429864065,0.1113466986014574,0.6985894837010289,0.3420231812309503,1.0,0.0,0.8,76,66.7600372519535,1201.7088233576856
13,46,0.45381804261153247,0.6224944101956145,0.6806047300158029,0.6725811676041202,0.40043370481436824,0.10905226821723495,0.5915657612016298,0.35441588883400843,1.0,0.0,0.8,78,54.12299669080761,1219.4513766345196
13,47,0.45223975433135577,0.6148478082311317,0.6721194375063488,0.6728884653661589,0.408537416348911,0.11203266228616351,0.5924825536437621,0.352145421191034,1.0,0.0,0.8,80,52.98775893652028,1159.5928301038143
13,48,0.4513991823307699,0.6243495515076121,0.6926828119014337,0.6969951513156565,0.39385855408747267,0.11406881259263613,0.5909716942699921,0.3489678083549212,1.0,0.0,0.8,86,47.5315989994635,1131.6465655429552
13,49,0.4386382529874327,0.6093115135412572,0.6773346868233777,0.6883612922251863,0.3923739799766388,0.11503976797269137,0.7025249062461562,0.3330266725228114,1.0,0.0,0.8,87,49.35837400209199,1086.0585818990903
13,50,0.4493590608686323,0.6299475968708736,0.708975876727798,0.7104944466379453,0.39551534627013935,0.11418432598848852,0.5879941642669635,0.34812471735861433,1.0,0.0,0.8,89,47.053561579508525,1200.2102048435008
13,51,0.45221800375952204,0.6316681471558829,0.7105425640215701,0.7206924966908701,0.4014518479276403,0.11557821977782531,0.5928156652925123,0.35055353931483435,1.0,0.0,0.8,90,46.66868886462474,1185.21170063788
13,52,0.4495632507249192,0.628775236557102,0.7076178716405109,0.7180958486163899,0.39455456672945755,0.11482915448766669,0.5882138308378775,0.3482911251613354,1.0,0.0,0.8,91,46.80049407305878,1229.5637139209907
13,53,0.4517288013333465,0.6299912961408697,0.708706063937894,0.7205235530472814,0.40052868438828065,0.11557821977782531,0.5928156652925125,0.35055353931483413,1.0,0.0,0.8,92,50.32263035296841,1212.459602896848
13,54,0.4516433329501499,0.6296983594291692,0.7083852749781386,0.720494032041406,0.3961848907753006,0.11557821977782531,0.5928156652925125,0.35055353931483413,1.0,0.0,0.8,98,49.31871739340652,1205.6956807970014
13,55,0.43814889235774646,0.6161776412211057,0.6948609495208955,0.7175342852640227,0.38260018863367273,0.11070108268502463,0.587699560673348,0.33979552217524905,1.0,0.0,0.8,100,51.12765705596253,1168.7317518184136
13,56,0.4641696000090004,0.6531058244549461,0.7429288766219009,0.7584440335781057,0.40954119602157174,0.11642095377139058,0.7438923162877539,0.3652697598631744,1.0,0.0,0.8,101,58.0615475000591,1182.5213938547406
13,57,0.438405305206191,0.6257060886436623,0.715309622140375,0.7437813451987485,0.3861386450057915,0.11204322702276592,0.613693866288191,0.3393762146947337,1.0,0.0,0.8,104,53.73165111524902,1203.4460628349432
13,58,0.40452611905822156,0.6020917740714611,0.7027495446107979,0.7108007918347441,0.35194516280541926,0.11296624023888886,0.6927066750947105,0.2962903035036406,1.0,0.0,0.8,106,49.788195571844014,1218.2094439632854
13,59,0.4355983261011429,0.6402003058793921,0.751484609981115,0.7651313431473559,0.38899820943960906,0.10930879044252659,0.7946197948239399,0.3417022414440764,1.0,0.0,0.8,109,48.51706689484013,1094.0186699532694
13,60,0.44098279050308664,0.6454206885706035,0.7566832897569566,0.7741842774472145,0.3888846549243593,0.1140344518645747,0.7942083993553835,0.3426053250227542,1.0,0.0,0.8,110,50.60512722953324,1167.6622699094032
13,61,0.43421341365931515,0.6365575731182312,0.7475445202926037,0.7788166586636941,0.3853946979640875,0.11196005819095238,0.7863967829320149,0.337740281417138,1.0,0.0,0.8,113,51.9520830018349,1225.0144325381495
13,62,0.8846845022832995,1.0964256913939314,1.2183545489338259,1.2659769554131737,0.8337647927811399,0.12868861715856644,0.6671810711907199,0.8807261689476975,1.0,0.0,0.8,129,45.53532729917618,1198.0774487381916
13,63,0.533372085169254,0.7369988114330379,0.8481544043038883,0.9538089705722275,0.4819604039207487,0.11681121045556572,0.707666432408294,0.45501181428948456,1.0,0.0,0.8,131,47.61793369210677,1265.7442628472545
13,64,0.53858732071359,0.7411090073722306,0.8521191889967712,0.9629244311044195,0.49167126361905056,0.11466002258173758,0.6049747086929221,0.46474792416865984,1.0,0.0,0.8,132,44.743701400453446,1332.085086289533
13,65,0.7672172304198932,0.988187799571213,1.1210386432640502,1.1792171701675498,0.7170091910718213,0.11588661820649201,0.6587711886357199,0.7507543523644273,1.0,0.0,0.8,134,46.79706540125581,882.0695700045293
13,66,0.8766526977192508,1.0918912488712784,1.2240004352549545,1.2936188070339054,0.854144274659189,0.12575075671241925,0.6724350798960392,0.877793001542728,1.0,0.0,0.8,135,47.67671584176388,1185.7068644276762
13,67,0.8778354123935244,1.103435432121764,1.246615504343245,1.3145223567104143,0.8300918213515476,0.1260612925849951,0.6723976725768517,0.879204704986706,1.0,0.0,0.8,140,46.58491565221077,1191.10937253075
13,68,0.7586750869378859,0.9840862522941729,1.127242170330594,1.1843088129602468,0.7105440408767814,0.11280284005940897,0.665337881990957,0.7469095258780162,1.0,0.0,0.8,144,46.26396068660593,854.664737387779
13,69,0.8771352561066774,1.10046526031832,1.24335471147159,1.3438950783069643,0.8389057439390994,0.1289438490688247,0.67503966002577,0.8757057557478853,1.0,0.0,0.8,145,54.22459814969859,1277.496727068761
13,70,0.9194096403067198,1.1733415140958905,1.3493843362907378,1.4422025219968488,0.8737905421026417,0.1247665009024812,0.6827359457551674,0.9349071053247137,1.0,0.0,0.8,156,50.6745706186864,1260.5409779276774
13,71,0.9198635001577291,1.1737191786076586,1.3497521745802619,1.4482111486614204,0.8733422941513576,0.1250466444025755,0.6824341807302223,0.935156108103306,1.0,0.0,0.8,158,50.57983623324228,1262.480718863126
13,72,0.8005116074116694,1.0428279120378592,1.2076395069625594,1.3028226220189785,0.7546274116509932,0.11951835760226448,0.6665831195851126,0.7930610144414675,1.0,0.0,0.8,161,50.29080030751175,1191.3513919938612
13,73,0.7983158811852161,1.0404736356396695,1.2052650899039712,1.3095612262148086,0.752533738361284,0.12120037395497792,0.6676925310566468,0.7882797995261065,1.0,0.0,0.8,162,49.47317207704713,1130.2850699657688
13,74,0.5459562422201493,0.855349092882608,1.0872152952492942,1.1818209486519653,0.49986937747518934,0.11090537008424009,0.6839839728816618,0.48542694875445946,1.0,0.0,0.8,175,54.62896159419461,1215.7706002983743
14,0,0.8868286334019116,0.6408460452485621,0.6066576196766443,0.02926499633976966,0.0,0.0,0.0,0.0,1.0,0.0,0.8,1,413.3885387247742,1480.3952724765968
14,1,0.8702766618561216,0.6724768094188548,0.6367504763450692,0.07903323406115738,0.07490668404346566,0.04776329861074257,8.345782384686e-05,2.855068257107e-05,1.0,0.0,0.8,3,386.2147335493081,1416.4182170780357
14,2,0.9813699460942259,1.02117101221743,0.9810969912989068,0.4747960133402025,0.7454620394758673,0.08319333443655917,0.5035746199692046,0.44870072755646806,1.0,0.0,0.8,4,375.29183171747246,572.5159534933814
14,3,0.5802891350032497,0.65347836624342,0.6241916395685091,0.1022358445091164,0.10309793934427983,0.06261887153292275,0.017229759724767042,0.00589425146742844,1.0,0.0,0.8,5,316.90525891233904,837.9282029776099
14,4,0.5144878102184793,0.6497135298239962,0.5991825690791374,0.311018335674916,0.8636398437155296,0.08286229470338782,0.28601720112787926,0.2548502667739532,1.0,0.0,0.8,6,178.29476624858043,403.26277640133816
14,5,0.4007607812508326,0.536618592167298,0.48511231458452253,0.2132329250338464,0.20109055058732253,0.07943411335860913,0.1543437560568672,0.13057391282306322,1.0,0.0,0.8,8,190.85724535249037,351.4097463176029
14,6,0.2504160773832657,0.3866132871270709,0.3386225007991874,0.12021542325308829,0.2380608015935808,0.05976069639625294,0.2110063592109058,0.05424153536435618,1.0,0.0,0.8,10,189.69893882918015,1251.1680982422922
14,7,0.24672472011590568,0.3805253526837635,0.3317687958318738,0.1258708694154974,0.11861715204701252,0.06024718909570975,0.216209257005266,0.056080078013240206,1.0,0.0,0.8,12,178.6059126632809,1327.225927705059
14,8,0.2131655829218767,0.3539867683790887,0.31522003540495597,0.11159075037090088,0.12127893113812893,0.05968586080402864,0.07772784503136212,0.02517140155133212,1.0,0.0,0.8,13,128.39995014336318,243.65013240086932
14,9,0.21977539558859,0.3555955168772299,0.31553880379915983,0.12285201122286082,0.14047721086117326,0.06817185736766329,0.1297461184464641,0.03351331417703448,1.0,0.0,0.8,14,170.13777018478572,1849.6923236178168
14,10,0.2204374474959618,0.35610255954814846,0.3160058464641104,0.12632938251054668,0.09736488247891724,0.06913938949607765,0.12940545109322138,0.033462406190646124,1.0,0.0,0.8,15,158.61269294532866,1889.22406817992
14,11,0.2205575608421169,0.34824631571806,0.3063246164461127,0.13836797029795694,0.17160149451519954,0.07310807108639418,0.13351388481439178,0.042647028311420296,1.0,0.0,0.8,16,148.8610709099277,2310.657893344993
14,12,0.21810762758924276,0.3386229920325408,0.29521745853283676,0.15057353716590766,0.13940767796698084,0.07800308122700861,0.1368824622761849,0.043983635546328496,1.0,0.0,0.8,18,138.87700344551178,2473.3160570860405
14,13,0.21587872622855964,0.34534174104038734,0.31268480933862564,0.15735883824454686,0.12046405461011146,0.07800308122700857,0.13688246227618472,0.043983635546328906,1.0,0.0,0.8,20,125.52432155804908,2545.2953595648887
14,14,0.19452811404588444,0.32146087553989394,0.28831899888026624,0.195861504959066,0.09547281033394248,0.06791411990250339,0.23095934737816518,0.03311195391372831,1.0,0.0,0.8,36,167.97815165252229,380.1682774661024
14,15,0.1812993515889492,0.31424231931465807,0.29132149391528006,0.19227758826047645,0.11937622677955784,0.06217631918219496,0.7631304771401249,0.029788071254588072,1.0,0.0,0.8,37,241.2891422288741,394.6299278915133
14,16,0.1746887862392414,0.30621297582760676,0.28303790437003457,0.1896337756627739,0.0895409644428828,0.05872653979804151,0.6392842190099025,0.02740063938945861,1.0,0.0,0.8,38,182.74679766605908,433.74863056242674
14,17,0.18382840102978948,0.3137214483823364,0.2902533216602815,0.20292163655463205,0.1016708511839806,0.06623475830325164,0.7611840424937119,0.03125019614137951,1.0,0.0,0.8,39,227.90844930960847,417.4513644288036
14,18,0.18917060545698342,0.31842793651492846,0.29484999787581606,0.21164514964594303,0.10087819331087362,0.06511987242853139,0.34418848899851845,0.039971489559015236,1.0,0.0,0.8,40,137.3022403993219,661.5356685800912
14,19,0.18465642646226585,0.3235274890431491,0.31085454635332693,0.21404107676177608,0.10301483634610258,0.0662588851011722,0.770733199777108,0.03446787964993271,1.0,0.0,0.8,41,239.94048023745245,498.66063596339546
14,20,0.18057799697856464,0.3080490766669412,0.2841579803498019,0.20100533339188945,0.09186505671785074,0.06420362789098244,0.5751143676568995,0.03225301242320247,1.0,0.0,0.8,42,199.23573769219928,444.18171889219866
14,21,0.1809656436059978,0.30780434615582014,0.28380345499504195,0.21399196087403727,0.09479472332106659,0.067220928707437,0.3771455251170267,0.0296187792153857,1.0,0.0,0.8,43,153.04012193120602,449.27120927378064
14,22,0.18401903322882016,0.3094721647267221,0.28523235644258266,0.2118410188734126,0.1035229536302607,0.06807688097233694,0.5734931057239193,0.03377209877498266,1.0,0.0,0.8,44,189.57231427569985,472.3811329627083
14,23,0.17756655478353014,0.30196443410286694,0.27754402696536756,0.2234472351457419,0.09266996240163637,0.06485683732420326,1.0,0.030783922799474762,1.0,0.0,0.8,46,147.90408600113196,540.1315124041598
14,24,0.17862252558641956,0.32296231862193486,0.32049123903703686,0.25163924350360034,0.1057748807153857,0.06787374162124798,0.45983281685028254,0.03052347574491849,1.0,0.0,0.8,47,174.70022512027077,445.2499023666307
14,25,0.18088152252193235,0.2909281754502151,0.2547932361800864,0.24038071433384514,0.09727436276168182,0.06632462646298833,1.0,0.03623599328578645,1.0,0.0,0.8,50,125.30414099992367,607.4796777070873
14,26,0.18088152264957214,0.302025227668724,0.27705564969194346,0.25920245840095424,0.0953134353875135,0.06632462646298833,1.0,0.03623599328578654,1.0,0.0,0.8,52,125.30414215884002,607.479664250587
14,27,0.2711003304772439,0.3951612628773621,0.3800224182393172,0.35483426601449947,0.23844506678053395,0.06118753317886368,0.2370064002268098,0.16273022310010088,1.0,0.0,0.8,53,134.8849688102748,1577.7311978904618
14,28,0.2720176842852493,0.39300947270211795,0.3773848910553277,0.3633932100771452,0.2028895090963135,0.06529983653717486,0.2380490231004376,0.16127825276580865,1.0,0.0,0.8,55,131.75078120503184,1585.0191502009432
14,29,0.40354928462111206,0.534399460874075,0.5297465120308177,0.5055648270827081,0.33006667257137867,0.06521342499252661,0.3490430886178764,0.3267974306510665,1.0,0.0,0.8,57,136.55980777535444,1552.8459886732437
14,30,0.43896347478211484,0.5776618556731357,0.5836710083279919,0.5620823157253021,0.368537754451959,0.06418051397522209,0.26449824246957465,0.3749017748032391,1.0,0.0,0.8,61,130.47921361332152,1446.9167584029474
14,31,0.2516826311241664,0.3897599751226484,0.3956737605838821,0.39728106341232905,0.17776143935998986,0.060261702194673264,0.22179495987136016,0.14617448130923133,1.0,0.0,0.8,67,184.89118006877789,1580.036400710085
14,32,0.31048462944317956,0.44578400308734034,0.4512746414258768,0.46366085420155434,0.25259440298402386,0.06199168053241981,0.2902462996195473,0.2195983161889074,1.0,0.0,0.8,68,189.0735932638293,1597.1660720987154
14,33,0.23412363579038786,0.35675779689851006,0.35084657599319796,0.38965954776310036,0.16639821167364616,0.06640195670906164,0.2992002242190329,0.11978097792070563,1.0,0.0,0.8,70,182.4539842793041,1589.1464905120374
14,34,0.33509976230822774,0.4561986265588461,0.45005727758355396,0.48817051105203746,0.27220105858711396,0.0626908030837835,0.3085697706361735,0.2517428193347693,1.0,0.0,0.8,71,184.6987045296968,1531.6833003408728
14,35,1.0201469951601858,1.1554276918061668,1.1800274932729173,1.1892032148116192,1.0561248930553704,0.15896172770784678,0.3993151034914944,1.0,1.0,0.0,0.8,72,144.85602868003988,1506.9276319130197
14,36,1.0163062931484235,1.1844301432118356,1.2424635923033993,1.2412946277755077,0.9556041576391168,0.15532891283531458,0.4774101644015468,1.0,1.0,0.0,0.8,80,145.42753256007282,1581.7644797305686
14,37,0.9927491942804805,1.1372063816171547,1.1727042485730248,1.2026408392331827,0.9360677160867528,0.13245039324149288,0.3806349178236101,1.0,1.0,0.0,0.8,82,127.86321835918966,1746.949379541453
14,38,0.9948786419011729,1.1368790978263275,1.1720377772524815,1.2153649322892828,0.9416635296986693,0.13568643902351576,0.31857758986410184,1.0,1.0,0.0,0.8,84,125.93196706319492,1515.9544186727126
14,39,0.9947521497979663,1.147564684027823,1.1938495427390408,1.2266404081580353,0.9363758887282598,0.13568643902351576,0.3185775898641019,1.0,1.0,0.0,0.8,86,126.44667610860516,1510.6274172812302
14,40,0.9718473545588395,1.111464176731933,1.1462960867777192,1.2094423621070876,0.9238502850782514,0.11370488858507524,1.0,1.0,1.0,0.0,0.8,87,132.64022086260698,1711.259093705531
14,41,0.3270663292064867,0.4626180588526435,0.4968976953959933,0.6641973752721901,0.27144026610656186,0.0748807602189752,1.0,0.2447250249773182,1.0,0.0,0.8,112,157.91391128987695,3230.873814932017
14,42,0.3521299946994331,0.49717516185161453,0.5424040010992588,0.7123792350843825,0.30401432027443465,0.07294981321570326,1.0,0.2793023374097451,1.0,0.0,0.8,113,214.17601693739863,2913.081334345912
14,43,0.5393696134129371,0.6815164739710874,0.7263568648138221,0.8941380985134684,0.4916684841413135,0.07057852478226366,1.0,0.5177942930782699,1.0,0.0,0.8,115,156.39081905176187,3567.6715134315
14,44,0.5290340905717771,0.6694851852957743,0.7140998535186133,0.8938912686730117,0.4831037884690059,0.0718744509596851,1.0,0.504099142123584,1.0,0.0,0.8,116,168.38646514148775,2630.6968807965486
14,45,0.5737902466340628,0.7011274852115952,0.7343093317826471,0.9328472398237804,0.5254154155668724,0.07028541180426087,1.0,0.5630201094380254,1.0,0.0,0.8,118,59.27136874365834,2826.155556670428
14,46,0.5590841622173401,0.6838888319361434,0.7167368940028677,0.9254325829181884,0.5128564819703124,0.07044614477720577,1.0,0.5456542384996154,1.0,0.0,0.8,120,166.22935836693122,2814.561816717291
14,47,0.5300791941600937,0.6655859805846037,0.7095476289827909,0.9164466979705572,0.4787244508220289,0.07089543881564513,1.0,0.5090238616756045,1.0,0.0,0.8,123,164.840978313129,2824.8357671700724
14,48,0.38010918233580737,0.5753028444735132,0.6659738029844333,0.9423527862804704,0.3222106913048241,0.08115978854578854,0.4055636106650106,0.3009590972682304,1.0,0.0,0.8,157,225.4881420235891,2152.301596955897
14,49,0.48994889135682984,0.6865873381261045,0.7774562448492781,1.0730551650852311,0.4321002156826682,0.08573722376828549,0.47212962589220125,0.43174395362739926,1.0,0.0,0.8,161,217.18485837603885,2223.605036046651
14,50,0.3835417943429271,0.587640379691966,0.6891779639915505,0.9783720579447477,0.3302321108412356,0.08037592173391978,0.44478486302034737,0.3074121137306799,1.0,0.0,0.8,163,220.3378960150849,2226.4798498249697
14,51,0.48631064950057357,0.691396497557039,0.7930683927639243,1.0844015642839453,0.4337878740111658,0.08003222920388223,0.4742985677314871,0.43577290667015045,1.0,0.0,0.8,164,216.37005826851964,1917.470937656446
14,52,0.48634495765899943,0.7026075919000162,0.8154556216808464,1.1062871696204808,0.4291016906186097,0.08003222920388223,0.4742985677314871,0.4357729066701504,1.0,0.0,0.8,167,213.72181898107317,1938.145485020247
14,53,0.44870791985677627,0.6874428570828519,0.8226594886717337,1.1339971582054433,0.3912565501230807,0.07524371450265009,1.0,0.39456196623717754,1.0,0.0,0.8,183,224.5685124878856,1914.4617705897988
14,54,0.36251742485970384,0.5968322658674422,0.7314498901387887,1.0563204551116085,0.31767181369108916,0.07330957438074565,0.45863625070834485,0.29158166841567124,1.0,0.0,0.8,184,222.1614180567352,1866.1762842269263
15,0,0.9056455169869495,0.6453520214538041,0.6115925072352222,0.02970375991872615,0.0,0.0,0.0,0.0,1.0,0.0,0.8,1,373.2045070739885,1479.2427035440749
15,1,0.888408550704642,0.6798257999073801,0.6444572327687385,0.0829886394057422,0.07975212419062656,0.05134088239399197,8.629685077862e-05,4.502704379165e-05,1.0,0.0,0.8,3,350.6316244564863,1285.629032987417
15,2,0.2884163921347052,0.4243698756753941,0.37168067819779205,0.0917581366187484,0.5864221246622332,0.06714950631073296,0.040538260618433616,0.02115161816027636,1.0,0.0,0.8,5,149.30718746142998,144.5716091443563
15,3,0.2839473784332173,0.4198183095055454,0.36684572458151915,0.09473614937915352,0.08749555701078549,0.06710116480927128,0.03688379592780714,0.01924483083055073,1.0,0.0,0.8,7,145.40469370799923,158.47587101147437
15,4,0.25771404297238193,0.39189677924890665,0.3368354110213372,0.09410292403873405,0.1505895403216614,0.06231327378578101,0.03793474630933667,0.01775567469788782,1.0,0.0,0.8,8,116.54614879363837,119.39829511716988
15,5,0.21878294254262265,0.3439979648005728,0.2846503733549973,0.09058695626797142,0.2277188268382193,0.05391738750313248,0.1565808647857976,0.024661501756289,1.0,0.0,0.8,9,164.48175571696456,4889.935906129444
15,6,0.2049629983139009,0.31900694800407364,0.2567196618850267,0.0939314214586986,0.17998889873925042,0.05108931844636583,0.09969344462127006,0.035560695227147596,1.0,0.0,0.8,10,127.19638608502108,278.02010309317615
15,7,0.19955496040311976,0.30884300367156514,0.24543242758800776,0.10061688125972908,0.10095260673855985,0.06443068695583513,0.052882373133192453,0.02092939124238738,1.0,0.0,0.8,12,106.94618229873284,442.9226537020511
15,8,0.19451208951202248,0.30653155281004474,0.2524883471620912,0.11077292999520019,0.11836283199977439,0.0634939802246875,0.07800189477783243,0.02895026010557622,1.0,0.0,0.8,14,95.60421866914268,942.6647456255396
15,9,0.19440341700237232,0.3174245652958371,0.2745271989041168,0.12712204023085522,0.08699647775126229,0.06349398022468751,0.07800189477783244,0.02895026010557622,1.0,0.0,0.8,16,96.55655508829322,947.3267449711832
15,10,0.2036830155616831,0.3255500461158276,0.28241902019535153,0.1421084077782799,0.10547430021632112,0.04861118829019122,0.13236307999886948,0.060778181802065366,1.0,0.0,0.8,17,157.33220066216683,388.3490751757429
15,11,0.1755310377685651,0.27962623467248554,0.23319850537408385,0.12023763870582661,0.2022670536606302,0.06301577641641101,0.07721751782331582,0.028657971191796888,1.0,0.0,0.8,18,96.72722774442286,841.9393811139045
15,12,0.1725557383052722,0.27422506960932214,0.2273829392213817,0.1334053579069372,0.09945891551708903,0.05955002706751741,0.06463816953226223,0.03168004330069579,1.0,0.0,0.8,19,115.7652278240359,480.44547207624174
15,13,0.16687440175884838,0.27837230648618844,0.24248083727029696,0.13609374913961503,0.08398819118124495,0.05594843805133507,0.06802097033270366,0.030314487903464037,1.0,0.0,0.8,21,145.71726230506474,431.1354446912816
15,14,0.17308065891724045,0.2780689914099334,0.24108349105173252,0.15188972138814277,0.11113729043103904,0.06540009769965241,0.06656782748489828,0.03248694462056402,1.0,0.0,0.8,23,136.70371984806388,555.1848932058871
15,15,0.1639856307874286,0.2750371283808426,0.24842938956925806,0.15371678334281577,0.11239220590012006,0.058069290645766006,0.12893242731599747,0.03432866301272156,1.0,0.0,0.8,24,98.77706448816872,1222.132384779835
15,16,0.1689541722596497,0.2786457211440676,0.25182411795563847,0.1645770088283916,0.09894122423329123,0.06540009769965241,0.06656782748489828,0.03248694462056402,1.0,0.0,0.8,25,123.8657923391834,531.5522748145249
15,17,0.15899164140557692,0.26448748012000145,0.23701420701408918,0.15706412031695835,0.10705829288239216,0.05766856049034667,0.1259791131318631,0.03300947576040741,1.0,0.0,0.8,26,93.94412441984667,1143.4172553560572
15,18,0.15883768402737847,0.2641797361816836,0.2366829343373717,0.1623491344652166,0.08485118736460281,0.05766932453085921,0.12575645142460087,0.03293434523489324,1.0,0.0,0.8,27,93.725423178782,1138.1866404317143
15,19,0.16044099305543777,0.2626997233696945,0.2347322656101264,0.16564685466720647,0.10407009634617098,0.061166546226175234,0.12524086155032393,0.03289050716175151,1.0,0.0,0.8,28,83.84538707664757,1180.9481662283476
15,20,0.16390726274891187,0.26586999179719806,0.23785777829972155,0.17475802258074552,0.09269910634064912,0.06445231873027604,0.09521931071843523,0.03333454040309171,1.0,0.0,0.8,29,75.91350798294084,587.0825017589298
15,21,0.16390726333385955,0.27696704316652443,0.26012019096239614,0.18323197302872518,0.09112001648893493,0.06445231862562123,0.09521930884916711,0.033334539472432215,1.0,0.0,0.8,31,75.9134943656734,587.08244142448
15,22,0.16220179005891866,0.25651778881723253,0.22736586188126906,0.16515016148344008,0.1339660060036184,0.06853518838806447,0.20565096402863828,0.03150544772054252,1.0,0.0,0.8,32,99.93123881544597,593.8986968015622
15,23,0.16149682139128715,0.26558790535611065,0.24740863951915734,0.1815065512562926,0.10051255089695368,0.06853518850162188,0.2056509641210912,0.03150544770984774,1.0,0.0,0.8,33,96.06156877992998,579.636470860478
15,24,0.16216902687540632,0.26574053967946487,0.24748488722978082,0.1853759890062818,0.09741562957893621,0.06741990775113792,0.2112214649686897,0.034091702522561815,1.0,0.0,0.8,34,104.8576230220698,677.2862781350307
15,25,0.16310166666750164,0.2543842532685442,0.22479042805021227,0.17844281987735655,0.10231107995851033,0.07098941024355333,0.20397456480344056,0.03157445373615516,1.0,0.0,0.8,35,94.63670619156473,609.4727407032271
15,26,0.16181055838041036,0.2628614764612689,0.24424071451741214,0.1919306382653595,0.10245265419727356,0.07037306557256565,0.08568628515851529,0.03159720657976304,1.0,0.0,0.8,36,77.20343961699962,547.7574288219655
15,27,0.1794354365720242,0.2561685609953252,0.21491196220618225,0.20137761890623773,0.12510493711734932,0.07037635096628861,0.09560392899351447,0.05497640571969663,1.0,0.0,0.8,37,89.11877297915507,622.8265099823925
15,28,0.17686951217334454,0.2573853121474058,0.2262584464430928,0.20736459452356756,0.15194438334378907,0.0697895610153619,0.14970467848031196,0.05695874384492154,1.0,0.0,0.8,38,98.88594324260757,746.8211348330796
15,29,0.1757303350309718,0.25557278537426403,0.22435187233667653,0.20928523636322938,0.1178420515313493,0.06906474672718775,0.1490836683124762,0.05683307797080406,1.0,0.0,0.8,39,98.66442446658512,727.819570546223
15,30,0.1951571120248244,0.29796280552473553,0.29882023276408726,0.24941397212143523,0.18846442400358615,0.07634300208293472,0.19893889970299047,0.07772428886306826,1.0,0.0,0.8,40,111.47957860270992,654.2629186046908
15,31,0.2014198267714484,0.31247057466438716,0.32410897611043044,0.26537480801205005,0.15274975111455039,0.07558936992606549,0.2690152808662708,0.0879770628518925,1.0,0.0,0.8,42,119.16577236673392,644.5637499097736
15,32,0.20028418922331076,0.33090874413926225,0.36452663462158075,0.2903274251929665,0.149014415310033,0.07201721554957369,0.30409821594298414,0.09235886790464136,1.0,0.0,0.8,46,130.3055200468005,808.6746118485029
15,33,0.21899332581486294,0.31070974512644833,0.31981388163419633,0.30053796297446,0.2477748940010146,0.07815824994759589,0.2247024205496873,0.11584308666639269,1.0,0.0,0.8,47,108.07370523499009,886.1487082309227
15,34,0.32520120071640035,0.4248914154874059,0.444761645859413,0.4198999461701781,0.2828168241358309,0.07480596945850379,0.4537897052207923,0.25413222678063035,1.0,0.0,0.8,50,104.96563491453205,852.2596769259104
15,35,0.4101550992318449,0.5000324806414662,0.5186649558404776,0.5099563274663268,0.3808234182685479,0.07055416900987535,0.5201281365555824,0.36962431152074837,1.0,0.0,0.8,53,115.95842283419476,888.0202609431998
15,36,0.42554630829569917,0.5239088100527219,0.5533817617047287,0.5353042107707731,0.38815183845067186,0.07196884475769105,0.4897379780832657,0.3880964833397389,1.0,0.0,0.8,55,114.7387326472065,883.6860658479221
15,37,0.42554630829569917,0.5350058622712307,0.5756442359835794,0.5514142567910923,0.3824460445753722,0.07196884475769105,0.4897379780832659,0.3880964833397389,1.0,0.0,0.8,57,114.7387326472065,883.6860658479221
15,38,0.44457697750125835,0.5647866037626705,0.6165472224524906,0.5868742214559736,0.4020785218596322,0.07284983150008517,0.4747762511657931,0.41091351068156545,1.0,0.0,0.8,60,113.34143623585172,898.6597251567404
15,39,0.42500038635625137,0.5548397297716877,0.617583994515565,0.570876829360564,0.38883179664709777,0.07196884934252415,0.4897379261711688,0.38809650284290786,1.0,0.0,0.8,61,111.72474359218438,870.6814270349674
15,40,0.15813594818660492,0.27638011076948554,0.3278970040370437,0.33359040742950846,0.11610389633987617,0.057347626107476214,0.36614878398435746,0.07298323076480798,1.0,0.0,0.8,67,134.0462615635398,734.2626335549076
15,41,0.16279208074449836,0.2887842114349462,0.35105335676984933,0.3492807584288607,0.12866402363935245,0.057619353362909596,0.37493351062309954,0.07970210873725074,1.0,0.0,0.8,69,134.57120120635736,729.923259911793
15,42,0.9231527049916218,1.0557035792132647,1.138405129203788,1.1569621152439833,0.8934822021247235,0.08604648872672323,1.0,1.0,1.0,0.0,0.8,78,372.0991088183631,938.1393897928888
15,43,0.9213114992080558,1.0500266272063894,1.1322696068959193,1.18727979885962,0.8874984579152448,0.08518766831700886,1.0,1.0,1.0,0.0,0.8,85,370.6034189453379,903.330285284841
15,44,0.9213151987363877,1.049826847846407,1.1320456235072769,1.1977098691060761,0.8856706937745441,0.0852427269634484,1.0,1.0,1.0,0.0,0.8,87,370.6905261990835,899.9782765298269
15,45,0.9223726083761704,1.0498012964774748,1.131891003802239,1.2023745164212105,0.8911218224908578,0.08657221954560576,1.0,1.0,1.0,0.0,0.8,88,372.9037259660105,975.8447040952108
15,46,0.3420609930245643,0.45746504899278173,0.5282790914945172,0.6280123910019365,0.31038999092705005,0.07675219052648083,0.5109273394889521,0.28717516877835747,1.0,0.0,0.8,89,156.90792853857113,941.2754608997934
15,47,0.3472719951362345,0.4717369256202162,0.5534747029308628,0.6172494941315192,0.3207203516073192,0.08226383540831819,0.489575569002779,0.28742691869906334,1.0,0.0,0.8,90,143537.20184783437,1017.4525528833092
15,48,0.34671393180465077,0.4822316341712228,0.5751295472774414,0.6236299719130706,0.3117501623385418,0.0823226347599934,0.4892304611032027,0.2866693850838045,1.0,0.0,0.8,92,143537.0459305597,1017.5752780942296
15,49,0.2618829186056313,0.42748929329586305,0.5535043465177215,0.5890274281343204,0.23027473451638605,0.07035613757447302,0.5062780785947605,0.1965580448396912,1.0,0.0,0.8,97,150.4175380873036,1039.5128925243516
15,50,0.28343036613408557,0.4327446290712604,0.5469837770209246,0.6076630549171761,0.2719112799794027,0.08123973457467823,0.5058420218991913,0.21141381104304663,1.0,0.0,0.8,98,247.8418539660657,1060.5952274652473
15,51,0.28530108250729136,0.43072315965898234,0.54450734593349,0.6204816628998733,0.26114872558174484,0.07877002553026667,0.5072828400219188,0.2179468234438548,1.0,0.0,0.8,100,167.42081134150575,1065.1203595210986
15,52,0.28499292810271426,0.44077962014182676,0.5656438602595415,0.6320234232857034,0.2544882576435845,0.07973991540750372,0.507268715599408,0.216554352511615,1.0,0.0,0.8,102,169.84306512774785,1064.441762451944
15,53,0.2756898969067112,0.47233631970453305,0.6414518359285908,0.7462431726328406,0.24499483782431541,0.07457076626108841,0.5263057290142472,0.21236059599929077,1.0,0.0,0.8,129,137.487545702405,990.0631861159758
15,54,0.5493989229015251,0.8726246131789674,1.174963108079269,1.2859792402228059,0.519998347210312,0.08304829473270671,0.7331017152877473,0.5456553154153845,1.0,0.0,0.8,192,205.441725200974,1207.0254124488806
16,0,0.8426823196727855,0.6298917361791653,0.5946606351779398,0.02820214929797375,0.0,0.0,0.0,0.0,1.0,0.0,0.8,1,514.5743753002414,1527.021523437176
16,1,0.8278443393634883,0.6603123015854346,0.6235343954683747,0.07684661938732681,0.07394831810034976,0.04664145401332693,8.440505058951e-05,3.452068488611e-05,1.0,0.0,0.8,3,491.48118715290747,1479.942668151649
16,2,1.230391866105113,1.1934360034478708,1.1519886143354736,0.6598537622387035,0.8166222598277576,0.06398916852701177,0.6103060114663318,0.7060714077847413,1.0,0.0,0.8,4,197.7084011586638,523.2286903429793
16,3,0.23062762565622622,0.34836580472131073,0.2792193743798802,0.0771092979202661,1.0307407091995662,0.06054399798027421,0.0392383368769429,0.01776698024224942,1.0,0.0,0.8,5,177.810155001098,125.7560570220201
16,4,0.21719698662219555,0.3277595191101762,0.25635175618130507,0.07790710926123767,0.11677933058093538,0.06064540328421234,0.04765304971371878,0.02157713247128166,1.0,0.0,0.8,7,127.28902036894767,84.56440438195803
16,5,0.21506954713187335,0.3356674557054642,0.27512134366213753,0.08683498682108678,0.08320995909921924,0.06064540328421233,0.04765304971371878,0.02157713247128166,1.0,0.0,0.8,9,132.7658364260375,85.55451953780532
16,6,0.2182591951123302,0.34530270843341865,0.2946622449004019,0.10420330539243221,0.13410768413702107,0.06640181735482678,0.0407941981749212,0.029096188373540683,1.0,0.0,0.8,10,137.5682509104393,208.3056440192755
16,7,0.21538696213121072,0.3423992063953969,0.2917465001906352,0.11449094351369282,0.08703442300302648,0.06489824209516758,0.05458341200335669,0.027507352760128067,1.0,0.0,0.8,14,122.07592267319583,113.11502011013584
16,8,0.16313520112080854,0.28286371772095315,0.23046959504584796,0.08712589658591252,0.06610786819547008,0.03763843368056856,0.09412634052726217,0.01002980700325111,1.0,0.0,0.8,17,168.23937964611727,1395.275045442099
16,9,0.16311472216606848,0.28174215226817784,0.22910211441917008,0.09368568748572653,0.05145708108448759,0.03790935619690603,0.057516551169889726,0.01151806231425529,1.0,0.0,0.8,19,174.64523151539842,430.8719848100792
16,10,0.16534959955187167,0.2949951291723915,0.2535024839612031,0.10250845391418342,0.05010209050798404,0.041063498417472935,0.08740828536392409,0.01050396245472234,1.0,0.0,0.8,20,165.9962088408876,1367.478540571592
16,11,0.39530848005376706,0.5165081965916866,0.4732433916733952,0.34451662411471673,0.3520914838680544,0.048393353729075,0.3554325774002701,0.30150345511427734,1.0,0.0,0.8,21,193.66506140872653,1147.9744784209734
16,12,0.39527879660840226,0.5153570610735495,0.4718697795792922,0.35100119097190263,0.29470851506568413,0.04902950507357851,0.35800001379235147,0.30219215220929707,1.0,0.0,0.8,23,183.83779707648588,1230.5404639476503
16,13,0.3952787966005,0.5264541132920582,0.4941321930911495,0.35884025082763726,0.29078327436131546,0.04902950507357851,0.3580000137923516,0.30219215220929696,1.0,0.0,0.8,25,183.8377867156184,1230.540495966062
16,14,1.0956748517229475,1.247414552222046,1.237104216251349,1.0737603238572628,1.0041509319618036,0.19290038479516897,0.07397626030808359,1.0,1.0,0.0,0.8,26,1257.0351919220882,1033.6247174634375
16,15,1.0666455623184508,1.2073137527836797,1.1858387355832638,1.0396279744474708,0.9640275246279516,0.16389172707552,0.06508095310481962,1.0,1.0,0.0,0.8,27,1042.4370663416155,844.1840653226151
16,16,1.0315760936409335,1.1793572242151313,1.1682912136607564,1.0188517928062992,0.9593458199660094,0.13278113369260777,0.0913352353489243,1.0,1.0,0.0,0.8,28,514.9546685236635,1626.614925387349
16,17,0.4199389300634908,0.561976363933564,0.5498608922471416,0.4263566245642413,0.36345062590012756,0.10869918511614066,0.04248585251641172,0.2721581436843548,1.0,0.0,0.8,29,320.2296402086039,343.1039599350641
16,18,1.0731232481822781,1.21911996936769,1.2169288761778132,1.0922267304413609,1.0073679952073076,0.1855096302257152,0.46895511073265456,1.0,1.0,0.0,0.8,31,1331.2295017880674,1170.276720459566
16,19,1.0581012822208706,1.1853685002042822,1.1707454864682856,1.0821731325319004,0.9984935791389941,0.17615978914697966,0.47768153389740975,1.0,1.0,0.0,0.8,33,1364.1841435058705,1141.872039181886
16,20,1.0621267742712603,1.2002856023545128,1.196794618848017,1.0950594454067581,0.9809181626495146,0.18033000851211017,0.4250710513960964,1.0,1.0,0.0,0.8,35,1383.5365831472022,1042.8391208740768
16,21,1.0600980055020326,1.19350057530826,1.189248447275678,1.1048324620723933,1.008386413717445,0.18154096840223471,0.8343379980737631,1.0,1.0,0.0,0.8,36,1359.6601377658444,1107.0650308697684
16,22,1.0531077460669658,1.197175786081624,1.2040207512661492,1.1165894996716714,0.9754355421437195,0.17483487463359798,0.8367763231147229,1.0,1.0,0.0,0.8,40,1352.592275128863,1183.6807383753712
16,23,0.9918211632539374,1.1552917890054588,1.1840301266518192,1.073910730533469,0.9179239128397972,0.1153514769770625,0.5076774414919676,1.0,1.0,0.0,0.8,46,337.0034909910489,845.6036790080624
16,24,0.9914433219871228,1.1654108051275607,1.2052212788316954,1.0830865112239738,0.9169896020042605,0.11535147697706252,0.5076774414919675,1.0,1.0,0.0,0.8,48,345.9495182296582,832.9067321398456
16,25,1.0438085173417626,1.1972101661656067,1.2244172864256555,1.1438566402427393,0.9987127262978993,0.17335377288537177,0.799745350141189,1.0,1.0,0.0,0.8,50,1338.6231069562632,920.8633640490796
16,26,0.9865023528730631,1.1359698197274242,1.1625959614191093,1.1016361764714993,0.9387119588072044,0.11821633105014775,0.6150116103007096,1.0,1.0,0.0,0.8,51,415.179251710847,946.6995248096304
16,27,0.9879579951259556,1.137012620337614,1.1635784076384736,1.0964991258124055,0.9220276781574082,0.11989419474544336,0.5562207139430599,1.0,1.0,0.0,0.8,52,421.3026760545974,936.7074770649727
16,28,0.9307962515822127,1.0777108900563293,1.103963472558923,1.046931341503971,0.8694529366527269,0.06388249932447441,0.6939535829250739,1.0,1.0,0.0,0.8,54,160.09103024435663,897.4939849518446
16,29,0.9296765133640016,1.0738869576735766,1.0997505441650128,1.0501617227845361,0.877761909944229,0.06414469541478905,0.620312838141269,1.0,1.0,0.0,0.8,55,149.13657008000047,971.4017651001012
16,30,0.9299488148870121,1.0737090049304348,1.0995080978723801,1.0509579157137168,0.8669265235350361,0.06464591559108743,0.6141903313378344,1.0,1.0,0.0,0.8,56,149.44431567509838,970.1022477704906
16,31,0.9842582917988911,1.138283110415608,1.1751277592340297,1.1251690159421277,0.9215027689629063,0.1193797181492218,0.5615504278794261,1.0,1.0,0.0,0.8,58,409.4419825711039,1154.9461234593475
16,32,1.025565037720396,1.178859016034767,1.215599712080601,1.1667249733228522,0.9646888941823475,0.1610482946357826,0.5609869136119757,1.0,1.0,0.0,0.8,59,985.9367532402324,957.370328869955
16,33,0.9794118261354511,1.1431989584085085,1.1910189053232765,1.1410622258203222,0.9182310272719167,0.11519539406297016,0.5591548167156469,1.0,1.0,0.0,0.8,60,369.3127270027943,1059.9479739864016
16,34,0.9917063273745463,1.1546844491383073,1.2023890486532478,1.164173409266636,0.9287118874746949,0.1278929316033782,0.7259277867178164,1.0,1.0,0.0,0.8,65,550.67867599802,1111.671235996592
16,35,0.982034021761069,1.1278857442866332,1.1635775391067187,1.1597730243340036,0.9509541530512289,0.1210927451353879,1.0,1.0,1.0,0.0,0.8,66,504.4828324427162,234.78276864778437
16,36,0.9779060440202892,1.1415157671281846,1.1989241544803761,1.174308432456192,0.9244068547620842,0.1189797903091303,1.0,1.0,1.0,0.0,0.8,70,513.9813197069586,1079.5631625388023
16,37,0.9067625066554981,1.0338612603053474,1.0573340198009764,1.109739626236145,0.8646938788946447,0.04923501918710816,1.0,1.0,1.0,0.0,0.8,71,227.83471098819737,1245.7010914452728
16,38,0.9770065076092387,1.1115938760536188,1.1457433906919332,1.1918791492157366,0.929619198889487,0.12100340961963656,1.0,1.0,1.0,0.0,0.8,73,602.1553999085177,1243.9614157085882
16,39,0.976998448159593,1.111566444985818,1.1457133717970445,1.1918763846925486,0.9210493989608165,0.12100340961963654,1.0,1.0,1.0,0.0,0.8,75,601.8172185517399,1244.2011484854545
16,40,0.9775387871511759,1.1119307289394018,1.1460538279506287,1.2025993731133062,0.9224631970233226,0.12161762107985057,1.0,1.0,1.0,0.0,0.8,76,610.9665637245308,1228.7002622672037
16,41,0.9777280189042028,1.0984085360959275,1.121015596743018,1.2091282686522182,0.9352417291872377,0.12287721790189077,1.0,1.0,1.0,0.0,0.8,77,609.3029747505154,1183.8763201007423
16,42,0.9735908258395651,1.117450669162902,1.1722186299291433,1.2593213557300107,0.9269358702159431,0.12265435965748672,1.0,1.0,1.0,0.0,0.8,88,567.7689925886358,384.8098057960024
16,43,0.9663544098744073,1.1231333191578146,1.1990347553564145,1.25861272334315,0.9609303604425211,0.1187169172418733,1.0,1.0,1.0,0.0,0.8,89,582.8311530983099,418.1395402000708
16,44,0.9667742939269439,1.1333968969111101,1.220303666382374,1.2663945661002167,0.9223832600081975,0.11956325702430559,1.0,1.0,1.0,0.0,0.8,91,585.2833682886973,420.8188159044457
16,45,0.9659844093965169,1.132482221781737,1.2193733304564343,1.2656321498695506,0.9190970156922966,0.1188157082154229,1.0,1.0,1.0,0.0,0.8,93,580.8230296201617,422.3201492693394
16,46,0.9630090600792747,1.1057141371945145,1.170071245785269,1.2784499937701619,0.9181698322603585,0.11637737215558004,1.0,1.0,1.0,0.0,0.8,97,545.4030626576978,1140.597336328672
16,47,0.9629010825311043,1.1163787267762122,1.191859859047228,1.3008359872849775,0.9171024505724759,0.11637737215558006,1.0,1.0,1.0,0.0,0.8,99,540.1834986546124,1145.3726316384707
16,48,0.961976390710406,1.1149920631535117,1.1904145999397138,1.2983938218220255,0.9176765363344919,0.11560638361018838,1.0,1.0,1.0,0.0,0.8,100,608.6505102709665,1277.5664158616676
16,49,0.9626165786679087,1.102622232818203,1.1666375203085693,1.2907606566002894,0.9254074002712802,0.11687563577339247,1.0,1.0,1.0,0.0,0.8,101,567.9453665506795,1140.5229694745035
16,50,0.9670559752899951,1.137529342429379,1.2346849095717223,1.3213646114758828,0.9264056120237749,0.12222619314806886,1.0,1.0,1.0,0.0,0.8,104,530.9223575616311,982.5730096006918
16,51,0.9702550371856453,1.2587745814837268,1.4782457585970976,1.5340739038972868,0.9271808570509705,0.12668806355722767,1.0,1.0,1.0,0.0,0.8,140,465.4224312196441,330.78638217273334
16,52,0.9701319011311764,1.2693484961468602,1.4999351393583402,1.5585155811876164,0.9275654660635951,0.12668806355722767,1.0,1.0,1.0,0.0,0.8,142,456.977308707642,323.9707201081109
16,53,0.9739014093165645,1.2610199234940977,1.480316763747396,1.458751634169271,0.931392368575861,0.13076468333467628,1.0,1.0,1.0,0.0,0.8,149,428.6067609075814,143.6609327170422
16,54,0.9706092179291615,1.2909253587025915,1.543706619867267,1.6483972953027393,0.9275690076797487,0.1275010470721152,1.0,1.0,1.0,0.0,0.8,155,482.0190215336289,332.0268589369956
16,55,1.0118075550696157,1.3028377558283775,1.5226223774112775,1.657273542426457,0.9677626976021731,0.16745688518829815,1.0,1.0,1.0,0.0,0.8,158,454.8420358318714,129.33879755802442
16,56,1.0136662106841747,1.3260718576600854,1.5680847525950807,1.6816793587928394,0.9701065048360419,0.16957270535627797,1.0,1.0,1.0,0.0,0.8,168,448.0665944029109,127.11841381034172
16,57,1.0135102590880831,1.3143471319247126,1.545135919174089,1.7006943178388734,0.9706335899781658,0.16956426279588196,1.0,1.0,1.0,0.0,0.8,170,448.0632954817965,127.11996105053812
16,58,0.970136613986244,1.2987841255956414,1.5623876344163896,1.5711399786682392,0.9287929519647782,0.12786385136962725,1.0,1.0,1.0,0.0,0.8,174,406.7196830315249,161.45690211800783
16,59,0.9697737549359,1.2872436130979574,1.5396719808200483,1.542502380341717,0.9278759441961589,0.12752503553428501,1.0,1.0,1.0,0.0,0.8,175,406.89340103826936,161.86293380313666
16,60,0.9742530468030756,1.2916363932007693,1.544054056609291,1.5516119863123445,0.9323884399235605,0.1320301644857751,1.0,1.0,1.0,0.0,0.8,176,411.47911111274686,145.2394254277955
16,61,0.9706907753485738,1.3085485250554292,1.5830846232788325,1.619360767154933,0.931473977734402,0.12897764347255508,1.0,1.0,1.0,0.0,0.8,179,416.2623316270084,154.80616807748487
17,0,0.9356368811876008,0.652344573156922,0.6192507283835701,0.030380985036422156,0.0,0.0,0.0,0.0,1.0,0.0,0.8,1,311.07434504509285,1382.6765663257484
17,1,0.9085022268902209,0.6750180161831191,0.6404451017873365,0.07063370586513043,0.06429344445351982,0.03817341663191454,8.061260589064001e-05,4.6694646718000005e-05,1.0,0.0,0.8,3,276.2975527813376,1332.0520165352707
17,2,0.40699120407457445,0.5123109596996658,0.4701632001915007,0.0920234765536514,0.7226337138051673,0.05367946565833748,0.01184075853666912,0.00949234475381873,1.0,0.0,0.8,4,65.08363437660304,476.7037981329684
17,3,0.29407758904427966,0.4297302666615474,0.3762485498244143,0.1169398407908612,0.29748840694277195,0.058914325126253664,0.04863045464729736,0.04855380301789495,1.0,0.0,0.8,6,114.22216006271496,109.68766827751368
17,4,0.27898497071761685,0.4256460102775471,0.38313965640377073,0.1181054351270768,0.09140251695865673,0.06260080496547037,0.02451265170326327,0.027464109342564207,1.0,0.0,0.8,7,83.50677707074672,189.54653527687597
17,5,0.2822162739909041,0.4169924473571867,0.36248918650307177,0.11980729040155838,0.12492549572732983,0.059267440454249955,0.04504991005308471,0.04560468885618381,1.0,0.0,0.8,8,99.87453490251808,102.3638922940898
17,6,0.27464500912628265,0.40774438155902787,0.35202326857106114,0.1259886114494287,0.14217400983266726,0.061460447145317766,0.043645483524694675,0.047295068126036524,1.0,0.0,0.8,9,100.961927751816,109.0523206901404
17,7,0.29094611806025217,0.42287586789952525,0.36643756997248506,0.15504882617000249,0.14769943990688836,0.06514838725302273,0.0750579111295926,0.07101707754304803,1.0,0.0,0.8,10,132.49128464883535,544.1258936741393
17,8,0.27087842671498397,0.4127334393171053,0.36686902122588877,0.1387613127399329,0.12799374435553135,0.06917186514786156,0.04018226941110253,0.04720564688235771,1.0,0.0,0.8,11,96.99932298190608,107.89697556764806
17,9,0.27245306921948464,0.41254678879816253,0.36597819454369207,0.15267260476879907,0.13843221367064534,0.06507948383031839,0.0648247060639557,0.0613347894707687,1.0,0.0,0.8,12,94.0921668012874,318.92669746325186
17,10,0.27431426103336704,0.40082914176570406,0.34212050097665436,0.1616381919444318,0.15857037422568332,0.08546667786379042,0.02679396197801843,0.04787283183365485,1.0,0.0,0.8,13,121.71759387403765,428.3688194688503
17,11,0.24403301366067115,0.3791856056833553,0.3308366683182821,0.1458018538066252,0.11355877734495948,0.0740020036145074,0.026676579117628357,0.031858373044112195,1.0,0.0,0.8,15,81.09729587775054,145.73357095231196
17,12,0.2848046357371615,0.4087555487046506,0.34904406793805065,0.1887108911455775,0.15168692860896982,0.08675241955331206,0.036370624740206844,0.06934353917249075,1.0,0.0,0.8,16,116.38114322608324,658.1386499329233
17,13,0.2559954645771033,0.3995867823615343,0.36160351545214103,0.16783519681558917,0.1356936398003737,0.08680562441139757,0.03180373313454919,0.03798294750011054,1.0,0.0,0.8,17,98.51611234735915,312.98903073114514
17,14,0.2782720018588405,0.4095915189622613,0.360068719770522,0.20026788805746537,0.15605662643162785,0.08675241955331206,0.036370624740206844,0.06934353917249075,1.0,0.0,0.8,18,108.48642592803606,630.3643790535593
17,15,0.263235570233316,0.4094066770836423,0.380333852454252,0.19010231991312154,0.2053075571240267,0.0975446014610937,0.03908476941294857,0.05257372803874881,1.0,0.0,0.8,19,95.4713449625557,503.1277401457873
17,16,0.9801707319615394,1.1185839994627607,1.087530538078049,0.9305125325617689,0.9457334233650578,0.06958770985333594,1.0,1.0,1.0,0.0,0.8,20,294.9967930001354,350.9839590678825
17,17,0.9835267348159975,1.108113752977819,1.065243152495043,0.9430251953654984,0.9028464397554258,0.07706144557206591,1.0,1.0,1.0,0.0,0.8,21,256.2522593726274,330.455822659331
17,18,0.9104844677104421,1.0403666064970594,1.0168989386174463,0.8828158066698024,0.9120507189728885,0.06952853444278376,1.0,0.9354339204640499,1.0,0.0,0.8,22,211.47608730594243,180.9566789788963
17,19,0.19029713738845488,0.3110079176852369,0.28590995281263604,0.21564978200738777,0.11165842217062155,0.0730475534988744,0.45258569663437076,0.04074487144437558,1.0,0.0,0.8,32,114.62756298001328,380.6408809589027
17,20,0.18558997221469226,0.3128880880344952,0.30768511143406685,0.22740931775160586,0.15255592750576755,0.07181809773051143,0.5037380482530058,0.0488741949242187,1.0,0.0,0.8,34,127.89161567087032,481.7478741094856
17,21,0.19643791559738033,0.3339508264035274,0.33977816823190915,0.25984604884634865,0.12348505629266666,0.08530947536624875,0.10290306242071032,0.046238035384753504,1.0,0.0,0.8,38,94.63638807685786,826.0970155804413
17,22,0.19078398922810488,0.3135169663229006,0.307616793862989,0.26851582861101025,0.1289037555232972,0.07487432001064487,0.5092981016290492,0.0549949221536283,1.0,0.0,0.8,40,99.97511036671187,453.6635669836281
17,23,0.1962843278152708,0.31773643819601877,0.32118831406025533,0.2851962381662959,0.19477430238896876,0.0835322504377988,0.09983478730434257,0.05938606036021621,1.0,0.0,0.8,41,93.06690439552412,745.3808628979864
17,24,0.5783986347546872,0.6883653484688873,0.6902015045209522,0.6648034023905789,0.5471269293224372,0.08436638219049601,0.4344789429199844,0.5428449033747779,1.0,0.0,0.8,43,129.0434387147347,611.622958604035
17,25,0.5444358958639007,0.6504577872220354,0.6614253954622809,0.6574365480613882,0.5627527814726982,0.06931170065643685,1.0,0.5271165857964932,1.0,0.0,0.8,44,172.67577016587228,358.5118062041513
17,26,0.8562846455816059,0.9580524584968283,0.968459319642923,0.9800281168553211,0.8143771761689165,0.07101099681671848,1.0,0.9168488028037463,1.0,0.0,0.8,46,192.8483763289,340.4455565665605
17,27,0.4843458651979285,0.5744530229762674,0.5736151373403451,0.6079954780881194,0.43613005156176593,0.06765377687515738,1.0,0.4564587132140918,1.0,0.0,0.8,47,163.44366225507866,424.3974978474485
17,28,0.5061368281636244,0.5885293944105585,0.586695852575273,0.6156334179984565,0.49196034995325777,0.07274791624587273,1.0,0.4807619789453139,1.0,0.0,0.8,48,148.97182687489544,523.8294697077155
17,29,0.3588397781839118,0.4446992292687967,0.4530573071173163,0.49578419003950364,0.3212452565874247,0.07388094931579745,0.788850879700284,0.29847301471814947,1.0,0.0,0.8,52,158.3881966115434,702.4070337015646
17,30,0.3629114313279727,0.4484073965621459,0.45671951557302737,0.48057160227367446,0.3184730421654996,0.07595223824578204,0.78704028865839,0.3011231888105011,1.0,0.0,0.8,53,153.48165640781374,710.8233303099705
17,31,0.39156154321967107,0.471257414894725,0.47883994174057815,0.5323953415151581,0.3730977390495183,0.07121144262563768,1.0,0.34519204901275763,1.0,0.0,0.8,54,170.10951374388475,640.9724102446758
17,32,0.5449178995183769,0.6222750666883148,0.629565732496029,0.6963906288313604,0.5065961045616626,0.07066989408360175,1.0,0.5384737791833567,1.0,0.0,0.8,56,166.78179404963026,729.6357083520479
17,33,0.178799064027906,0.255906408533561,0.26316587431208244,0.33913372532507774,0.1359551724699245,0.08268758093417992,0.4589749608217092,0.06589924488133521,1.0,0.0,0.8,58,103.90171238980074,739.7981137063452
17,34,0.18289142216159554,0.28588721147017837,0.32572746137319875,0.3695051990778587,0.17399444688744725,0.08297608505701433,0.5122488434940292,0.07341943830810072,1.0,0.0,0.8,59,108.48364715774726,835.569362281845
17,35,0.4405881211518409,0.49865375429199266,0.4937640492241078,0.6118444222543764,0.4009215782045408,0.08482498867960842,0.712577124787151,0.39345235946057056,1.0,0.0,0.8,61,159.27329833784887,815.3443282312605
17,36,0.2601493664884866,0.3018195677872507,0.30479606459172914,0.4362135531956778,0.34242254077908874,0.08376642156603986,0.5344137367727604,0.1781834518914805,1.0,0.0,0.8,62,142.4020898109066,845.7970408831779
17,37,0.4291832339550259,0.46236328789719544,0.46434634420075543,0.6158603203700983,0.43233537531269395,0.0829585948427361,0.7194936328811624,0.3929191520774131,1.0,0.0,0.8,63,158.71119304355335,771.1983846584939
17,38,0.4289645570944654,0.44969065743302283,0.4502352565933784,0.623286245029641,0.4251016535811022,0.08448432690716903,0.7203080970897785,0.3940606428237207,1.0,0.0,0.8,65,149.6902545629737,815.9781526052408
17,39,0.4385198857178847,0.4689711732773798,0.4805236047736814,0.6437824390794948,0.4123610426628814,0.08449919198904987,0.7427496985348497,0.40633782244611805,1.0,0.0,0.8,67,165.14603788836297,884.3263860161902
17,40,0.5011600965382806,0.5440607180903962,0.5768327231434204,0.7457550182598305,0.482029582122705,0.0681421810046931,0.9507493186103206,0.5074938149818397,1.0,0.0,0.8,72,176.6919679445093,1245.399804847507
17,41,0.4264400418399865,0.46495164081860185,0.49722620082398195,0.678127493482291,0.41808845923254273,0.06979900823199998,0.8383454539212218,0.41306940984567947,1.0,0.0,0.8,73,155.55588892772894,1120.2734415027337
17,42,0.49745363942637666,0.5326367448513476,0.5645364060105093,0.7493697951302563,0.48514510221514856,0.06839746034307954,0.9460254395770005,0.5043505007887565,1.0,0.0,0.8,74,162.4700843603059,1165.8696514352202
17,43,0.4251480773188382,0.46741163188657203,0.5100291987271561,0.6884115598267351,0.41539208347910983,0.06979900823199998,0.8383454539212218,0.41306940984567947,1.0,0.0,0.8,75,147.06271704820998,1093.6204003119235
17,44,0.4961092834549301,0.5345674179073083,0.5767597475607553,0.7596005903790266,0.4868775951881069,0.06839746034307954,0.9460254395770005,0.5043505007887565,1.0,0.0,0.8,76,151.79147678230703,1131.1679398780998
17,45,0.5313339297258406,0.569582399333043,0.6117513470555304,0.8206572705488995,0.5072447534798546,0.08189338363545211,0.9134038004491585,0.5315564413519028,1.0,0.0,0.8,84,154.79160409272106,687.1593999563788
17,46,0.2103981573589727,0.28981520678100947,0.37628679247286667,0.5444228283208158,0.1993873115805369,0.08850638667445052,0.931402369987893,0.1228052532322638,1.0,0.0,0.8,85,119.07874972766469,884.9667173580898
17,47,0.1630106612754037,0.22872077387565432,0.3037372470972438,0.5037787921998653,0.1500638301149144,0.07692163724900572,1.0,0.07859520732367316,1.0,0.0,0.8,86,107.45795162129818,779.7215199287399
17,48,0.1969275251997239,0.26667511143476563,0.35207606088867527,0.5416331227991152,0.1885987095053282,0.08910428978455907,1.0,0.10719160072872151,1.0,0.0,0.8,88,121.0019331320522,827.2166372711703
17,49,0.9063576464767601,0.9554461951104456,1.0286312986168515,1.2658305121620332,0.9229073545529094,0.08576171588799787,1.0,1.0,1.0,0.0,0.8,89,161.98715291487855,1293.1142797256737
17,50,0.9061717113325628,0.9539922638532096,1.0270388995468784,1.2656840833588796,0.8905833186388954,0.08576171588799787,1.0,1.0,1.0,0.0,0.8,90,160.5709563727412,1288.5025776291502
17,51,0.9077732831046795,0.9536726748594216,1.0265096672753402,1.2745239540686035,0.8950196058645477,0.08764499403344167,1.0,1.0,1.0,0.0,0.8,91,146.77221409394872,1351.6739862346494
17,52,0.9060868563434216,0.9738801085560375,1.0690150442010697,1.3074039288216543,0.8865747783872743,0.0860024815973936,1.0,1.0,1.0,0.0,0.8,93,152.05384778212772,1252.419799113586
17,53,0.9060671829608661,0.9848826566134876,1.0911747114313828,1.3229661295326742,0.8861377590365918,0.08599374185510746,1.0,1.0,1.0,0.0,0.8,95,152.5576855826678,1255.3018578768822
17,54,0.906887327712142,0.9720022765397889,1.0668452275626867,1.3046327915093618,0.8896963167003851,0.08719125670094649,1.0,1.0,1.0,0.0,0.8,99,169.4780189139827,1312.7069195968998
17,55,0.9089247954214466,0.9958251147494371,1.112954255218967,1.3303708032250863,0.8900742104311178,0.08928741925545569,1.0,1.0,1.0,0.0,0.8,101,152.13316300970186,1611.6857247801925
17,56,0.9070065133870818,0.9657320847444539,1.0598809903646154,1.3269227576958569,0.9111181349466804,0.08821180247537971,1.0,1.0,1.0,0.0,0.8,102,157.5240878613872,1456.6052449422623
17,57,0.907006513407726,0.9768291369629627,1.0821434646434658,1.3389803979303458,0.8882118277685794,0.08821180247537973,1.0,1.0,1.0,0.0,0.8,104,157.52408694144503,1456.6052415427575
17,58,0.9070065134502256,1.010120293660911,1.1489304621534842,1.3940851222155355,0.8882118193799365,0.08821180251780164,1.0,1.0,1.0,0.0,0.8,110,157.5240880080295,1456.6052455372974
17,59,0.9063148726513376,1.0092196372559517,1.148007263662036,1.39719671316824,0.8883436923817154,0.08754905136136233,1.0,1.0,1.0,0.0,0.8,111,159.89323498599322,1435.7893054345575
17,60,0.9044896908589699,1.00737431216295,1.1461597249205981,1.4029678533809558,0.8857898738303527,0.08572667015531746,1.0,1.0,1.0,0.0,0.8,112,147.41362941502638,1356.458973536967
17,61,0.9041527141073352,0.9373787670259941,1.0188096907860773,1.2930569909268024,0.9411676618266098,0.08726804795526386,1.0,1.0,1.0,0.0,0.8,113,157.88603045764316,2005.861652727956
17,62,0.9067553168735973,0.9347514341419949,1.015622162514192,1.3440215541859,0.8944795543481523,0.0905251024335007,1.0,1.0,1.0,0.0,0.8,118,138.97052574535005,1753.2566647535914
17,63,0.9065220255993938,0.941749907897657,1.0333731846754395,1.3598659221751985,0.8956165185091005,0.09076283394172044,1.0,1.0,1.0,0.0,0.8,121,145.2451541306154,1760.4019124473195
17,64,0.9067337863078296,0.9301158096715737,1.0104937729376635,1.3244958493328365,0.8920147607902367,0.09106548339849486,1.0,1.0,1.0,0.0,0.8,124,148.74551803095758,1816.0683508068355
18,0,0.6630370542315351,0.578527061722019,0.5384063807287933,0.023217756239324004,0.0,0.0,0.0,0.0,1.0,0.0,0.8,1,892.4116253422462,1500.3703602034475
18,1,0.6914012950272804,0.6419199535904528,0.6001110724831045,0.10617347843171676,0.11089889374843771,0.0810607768654382,7.523437449748e-05,8.351039875141e-05,1.0,0.0,0.8,3,833.9521085442653,1392.108758828805
18,2,0.3038307353318265,0.43718009043860295,0.3816159478783967,0.13184000913812272,0.566561570239901,0.1056882725702694,0.024094190347450008,0.02674462912661708,1.0,0.0,0.8,5,209.57510519131247,253.401895726324
18,3,0.2972048890080966,0.4296064787135371,0.3734783648620379,0.13308349569367758,0.13537913623483908,0.10166336294174941,0.0293167553588224,0.02971344653638202,1.0,0.0,0.8,7,162.99181330118483,156.4228633312794
18,4,0.29716753830746695,0.4265546524723166,0.3689821936629781,0.152565785459916,0.1885770628185566,0.10251876538434901,0.03478237814822891,0.043795581147913834,1.0,0.0,0.8,8,173.37170904342028,124.38019387874463
18,5,0.3238710589060528,0.45015834536618665,0.3914085233182273,0.18732901841980915,0.2149785444993813,0.09627275534102167,0.06526951516277389,0.09656774110268083,1.0,0.0,0.8,9,130.0846562850195,242.73479740460152
18,6,0.4987873457803407,0.6153342885757421,0.5536834042063393,0.38509406513450917,0.4714952113374291,0.1520009646464686,0.04197993773311355,0.27147293886970925,1.0,0.0,0.8,10,220.78902842776276,389.6922533732395
18,7,0.4999945455423198,0.6159954812267939,0.554203651828159,0.3918244375799247,0.3738074358458594,0.15425647945682325,0.04147543146177092,0.2713314215876658,1.0,0.0,0.8,12,239.2580149717049,423.9821648990836
18,8,0.49280435227519975,0.60628105051682,0.5438571381048278,0.3920616974817672,0.3905420065594654,0.14961493319453817,0.042507624692185206,0.2732901189730847,1.0,0.0,0.8,13,208.48705774882288,347.0623743782967
18,9,0.492494937014233,0.6168699506706965,0.5655630474883575,0.4081398188878165,0.36909909808981345,0.14961493319453817,0.042507624692185206,0.2732901189730847,1.0,0.0,0.8,15,205.91280869526517,340.947091409999
18,10,0.6388269420737502,0.7595164578157699,0.7161273607634446,0.5721673225607701,0.6491939730471632,0.09952849315183197,0.5456147030438971,0.5429790801629306,1.0,0.0,0.8,16,143.10899109390377,483.32831428789297
18,11,0.944315147226931,1.074051216188816,1.0414467565859875,0.886386810143163,0.8477028227053749,0.10414320412315017,0.9327371886984419,0.9215067975935067,1.0,0.0,0.8,18,117.9392731593428,508.5763233638152
18,12,0.9337511185884405,1.0602060394279982,1.0269738633416905,0.8813327438722314,0.8562167181024797,0.1043303798377349,0.9282871703622841,0.9122088002268912,1.0,0.0,0.8,19,157.5306832700074,531.1091445690003
18,13,0.8329037651380478,0.955811820014709,0.9219194273521598,0.7860526049420001,0.7599828135890414,0.10691108643366513,0.7950826536175869,0.7871597147610767,1.0,0.0,0.8,20,141.12359651856048,536.6343370754613
18,14,0.9360655716775107,1.0696453886360806,1.046842048494562,0.9028779623436785,0.8408330766746741,0.10483979937184766,0.9300727953329527,0.9191695601055011,1.0,0.0,0.8,24,146.0865494770257,561.2876326178451
18,15,0.35938593562612986,0.46462642445745056,0.41837927216562115,0.34306030680744243,0.3091141861490603,0.1399993407378102,0.1998798123261444,0.1613066852986889,1.0,0.0,0.8,25,118.38825618317942,476.0785804340389
18,16,0.35462985976459604,0.45722828735124704,0.4105444902716381,0.34805353025516705,0.2808204748408403,0.11268746615735444,0.2600104064326535,0.1919327122859936,1.0,0.0,0.8,26,133.17742959533652,299.2890094482636
18,17,0.3659538815327865,0.4756437981351055,0.4394493545686644,0.3646580329713278,0.304498764227635,0.11783845493647471,0.27749726677087333,0.20351968282720848,1.0,0.0,0.8,27,134.83139797766347,318.9577040182067
18,18,0.49574281777883106,0.6003860513161452,0.5633617799985099,0.4815563424040268,0.4434310277532779,0.08869717026435464,0.7041449877265025,0.40677054651292555,1.0,0.0,0.8,28,118.87277249286224,452.44282610319993
18,19,0.9638145030582446,1.0290917429079929,0.9862249659394734,0.9746344048583095,1.1102382040122878,0.10419529730553594,1.0,1.0,1.0,0.0,0.8,29,96.35324282404544,633.0019028545985
18,20,0.9410006720497486,0.9995188128756878,0.9557284919811286,0.9538171552435226,0.9168791196702214,0.08432356759410661,1.0,1.0,1.0,0.0,0.8,30,115.62138500295598,530.6158500378522
18,21,0.4243724506387434,0.4926483724976517,0.46953303319821404,0.46319489743277503,0.3872501294575984,0.08764996127616465,0.3800083933561198,0.35625372883265066,1.0,0.0,0.8,34,127.2294887874643,427.0704512857053
18,22,0.42430199260796875,0.49239057125859714,0.4692507705124661,0.46316891759061796,0.3735169508094971,0.08764996127616466,0.3800083933561198,0.35625372883265066,1.0,0.0,0.8,35,129.07878696032338,432.96346883338674
18,23,0.44115348977923796,0.4925520335954038,0.4672661670978869,0.48439753779930766,0.47103796087368893,0.1056581204870286,0.715190378706346,0.3621239009725848,1.0,0.0,0.8,36,101.65023539298215,596.2432769392859
18,24,0.4422235336812028,0.5003186396104687,0.4856448571785345,0.49852113195259634,0.40759950241975285,0.10941969587662366,0.7129701092616112,0.3605257786943078,1.0,0.0,0.8,38,122.35400640075471,607.3415468927216
18,25,0.4418728547849412,0.495008797653831,0.4797159969779843,0.5052453413626894,0.4099960397263178,0.10048877999646896,0.7567982295997856,0.3731794215726095,1.0,0.0,0.8,40,114.18779173292026,564.7783432169003
18,26,0.4345478267737362,0.4697402566462669,0.44243869142038245,0.49901557592020485,0.40854651815268594,0.1004595189529625,0.7117358089134413,0.3665769305152784,1.0,0.0,0.8,42,118.31048357572092,554.1554995304251
18,27,0.42466000962773787,0.4656964171995661,0.44891920259288526,0.4989507338528023,0.3966185239253026,0.09505706538059185,0.7125544671736259,0.36282158017115085,1.0,0.0,0.8,44,116.71554076698412,573.6013329600768
18,28,0.4588595077816322,0.502704475717812,0.4960921340094192,0.5590395212391455,0.43349602119326225,0.09202350450052797,1.0,0.4121392518747853,1.0,0.0,0.8,47,127.57068185677618,671.9749653807448
18,29,0.46966985979673875,0.5122754015112672,0.5055144264094307,0.5700222221155528,0.4354887260052723,0.09224686209828178,1.0,0.42577425999996,1.0,0.0,0.8,49,124.09559447484446,674.9588921153801
18,30,0.4658811026539268,0.5066817521160192,0.49970516193136033,0.5761533878144527,0.4333427486505641,0.0899590120122653,1.0,0.4244751787495985,1.0,0.0,0.8,51,112.29204101627792,620.597721923761
18,31,0.4959227832165819,0.583920460198178,0.631783323871681,0.6496629025071213,0.4704996450221334,0.0936833684933843,0.7756508357024038,0.4599733563995553,1.0,0.0,0.8,55,127.1596294027302,607.3819368945469
18,32,0.494633983082082,0.5880864266247525,0.6464547852972189,0.6589260855019772,0.47304455179947075,0.09368336849338428,0.7756508357024038,0.4599733563995555,1.0,0.0,0.8,57,131.26851431434756,631.2222652808543
18,33,0.8722994828288905,0.9526339817493459,0.9996007297226115,1.0234912123643019,0.8439397886078015,0.09351626018829412,0.8310042251995439,0.932840399696612,1.0,0.0,0.8,59,134.1185265743554,641.5891830301962
18,34,0.9067587974459191,0.948429727433067,0.961275189802853,1.0646675354961088,0.8809538230297194,0.07544454571282591,0.9429570606818689,1.0,1.0,0.0,0.8,63,186.8600795228521,577.8536058065114
18,35,0.9016905409884647,0.9806528545912462,1.0472361168530342,1.1993820944667881,0.8774808994558944,0.07412565740716351,0.7816606822612082,1.0,1.0,0.0,0.8,85,191.684598922037,876.8371354065885
18,36,0.9004558450548058,0.9744163038185736,1.0404333292470245,1.2109982659941494,0.8937087370310572,0.07383648385612193,0.7912917529324791,1.0,1.0,0.0,0.8,86,201.2062914943827,954.5957077516756
18,37,0.8963863969702538,0.9673645315053481,1.0330450309715664,1.2071423295049946,0.8763013575870849,0.0703204407203665,0.6416333795895243,1.0,1.0,0.0,0.8,88,198.3952482763032,927.2053338200658
18,38,0.8964689729442719,0.9671186029076312,1.0327622555479883,1.2155482013295464,0.8715629448691818,0.07046303425270593,0.6404549541280135,1.0,1.0,0.0,0.8,89,198.6060067718109,936.6299500673118
18,39,0.7842068141440027,0.8468814477240777,0.911630191863944,1.103796676055313,0.775365913653295,0.07299233915791786,0.7620872723369481,0.8582914597673497,1.0,0.0,0.8,91,192.4833199668597,738.1177635001117
18,40,0.8575041308176905,0.8972477269989059,0.9594594538191781,1.2544998580747764,0.8430489127284916,0.08024965300929778,0.637087616946472,0.9454918094210379,1.0,0.0,0.8,105,164.52157929959975,951.5101040787804
18,41,0.8476202335603765,0.9038482981403971,0.9877666321630414,1.2644841351093998,0.8349601913080331,0.08054433560299563,0.6184460946679493,0.9338291109787056,1.0,0.0,0.8,108,165.37437940413696,924.5810833896649
18,42,0.8534417812721345,0.9165573030858772,1.0111827736093648,1.2774490358121398,0.8420710499629134,0.08379959657191562,0.6203440491613436,0.9377900204316656,1.0,0.0,0.8,110,173.82688522407267,979.7930860522246
18,43,0.8525459278649165,0.8586824632033787,0.8973189709281464,1.2574043447503465,0.8390783702771563,0.08279518832196435,0.6192488077346077,0.9381900739872844,1.0,0.0,0.8,111,166.6009644767708,970.6233177098334
18,44,0.8462150435470516,0.9053495225651589,0.9995428186179617,1.286636204586169,0.836871246141714,0.0801021503036911,0.6175562742755021,0.934076904767355,1.0,0.0,0.8,112,162.07741714884895,938.0270610284964
18,45,0.846105644348841,0.9161014591113894,1.0214344491877574,1.2992719374017028,0.828188271585055,0.08007149432602403,0.6183090440739222,0.9340193104150201,1.0,0.0,0.8,113,162.3331810741636,938.8923089100666
18,46,0.8386710931023184,0.8849812368794108,0.9678220055805937,1.2768797134111685,0.8257632361913342,0.0784493336556649,0.6204639270808301,0.9270111444040976,1.0,0.0,0.8,114,169.0370768403756,957.5750919568786
18,47,0.8501632486309383,0.9295808629148143,1.045897719593075,1.3160739990703512,0.8322765784671498,0.08221462037011715,0.6185860457588308,0.9367014163562504,1.0,0.0,0.8,115,161.37447399132802,937.7199749412904
18,48,0.837563221477492,0.903309023324917,1.0081821881069544,1.3087856026727602,0.8291437740435917,0.07957012076369784,0.6226684059634873,0.9246946565702432,1.0,0.0,0.8,116,167.07274474661705,990.2250617738024
18,49,0.8364882309211689,0.9010110003699945,1.0057520829165774,1.307741114167733,0.8207447654949966,0.07872155347323824,0.6227021321515689,0.9246173863772279,1.0,0.0,0.8,118,170.73333279584267,995.9931587266664
18,50,0.3770591344128964,0.5276795358605505,0.7214541065121529,1.0026844153277639,0.3596820426684356,0.11468767996404403,0.2834469203388469,0.3058189773389319,1.0,0.0,0.8,148,186.9484874323286,605.062771277129
18,51,0.37845749397048045,0.5279275356544251,0.7215781467070791,0.9963940559914307,0.36307430899815557,0.11658068542464564,0.2831563922985878,0.30538953497093635,1.0,0.0,0.8,150,188.52390492619327,692.3447031524292
18,52,0.3780694927763195,0.4159680367728518,0.49790084312749255,0.9275796189864745,0.361724188597781,0.1169306070091313,0.28410088209545814,0.3045654074177071,1.0,0.0,0.8,152,192.257774827554,712.3374896895858
18,53,0.35219742038059154,0.411812889168484,0.5160250344000068,0.9101712842594728,0.336597344042036,0.11084426168221302,0.32813447554218966,0.27991101527832446,1.0,0.0,0.8,153,194.0526319062043,836.4181561357096
18,54,0.3557134128188578,0.4144103127874471,0.5185237047973545,0.9362989412073964,0.3389892186527381,0.11192287215423231,0.31909928396958004,0.283106898456491,1.0,0.0,0.8,159,193.89196045797263,834.8777135381089
18,55,0.379017265260006,0.5707941509897893,0.8088820939711517,1.0725701860290338,0.3620410968809279,0.1159039754517723,0.2873751948119325,0.3072740155828067,1.0,0.0,0.8,160,195.34285266877995,725.6211246403027
18,56,0.34057530074283165,0.5099998388943677,0.7257401148289647,1.0162733662064494,0.32389058660622866,0.1185022130356439,0.26884313821451583,0.25599936560452885,1.0,0.0,0.8,161,192.78240796192225,710.5286097195159
18,57,0.34276596693593203,0.5118087312341502,0.7275079556438582,1.0184721220033597,0.3269910656702535,0.11765145246280866,0.26974320261263174,0.2598628167655249,1.0,0.0,0.8,162,192.29825079813617,710.0343696959177
18,58,0.3489533359922128,0.5617563566935182,0.8220494594374431,1.0731944669267068,0.3342108027173749,0.11741682052592699,0.37984870409158245,0.2679915956349776,1.0,0.0,0.8,163,183.52934370393135,755.7928947602871
18,59,0.35394279665834016,0.43052940738337564,0.556511309609617,0.9774629352860926,0.34873179826472245,0.12093933758476785,0.37765479727164314,0.2703112547989573,1.0,0.0,0.8,164,189.0916817750611,830.4638955230686
18,60,0.30029883427590964,0.49528842798479655,0.7436962041181883,0.9676344146973563,0.29092260681564336,0.11319107197053327,0.30262718515680753,0.21351469692064784,1.0,0.0,0.8,166,201.22744654939348,818.6137932425563
18,61,0.29555475733753955,0.3993419239377764,0.5581678782479782,0.9349809439523324,0.2886968239093879,0.11139597050267784,0.306215558655229,0.21020050851740574,1.0,0.0,0.8,167,189.20372978027976,909.52369556797
18,62,0.2957019528811807,0.49934680297614786,0.7586589065919463,0.999687450741366,0.2797588574098013,0.11041709399627868,0.3051388373645103,0.2116102722456808,1.0,0.0,0.8,168,195.8300679975328,864.5875943563032
18,63,0.31186724278573597,0.41499325101517526,0.5737486874038538,0.94749950126991,0.29675987445129515,0.11477459098809498,0.3088596322509901,0.22646782527408388,1.0,0.0,0.8,171,181.3639938009656,820.7602696771722
18,64,0.30628927767616987,0.510447424474534,0.7797980980072158,1.0490738946370808,0.31020999119901893,0.1110070967849014,0.3068385108207775,0.22567180425747946,1.0,0.0,0.8,173,188.8486751824846,756.6076424982098
18,65,0.3109908847460201,0.37922942639057833,0.5143045178582563,0.9543288594228223,0.2999848293341042,0.11268339712024422,0.29366237179096244,0.22984382004863474,1.0,0.0,0.8,176,177.83785915399554,674.1144825367096
19,0,0.7402665932441533,0.602116086754985,0.5642408604314627,0.025506363055615728,0.0,0.0,0.0,0.0,1.0,0.0,0.8,1,726.7792874485012,1491.7669722474695
19,1,0.7380961684866181,0.6395371494199348,0.6000397405398974,0.08186665253519505,0.08307250988771513,0.0544232621656735,8.08682067577e-05,4.971836190008001e-05,1.0,0.0,0.8,3,673.7428079978322,1337.7178092702704
19,2,0.31271041297616486,0.44747149858747637,0.397387153610072,0.10244481892337304,0.8470173040317025,0.07217671232533206,0.01240325622499993,0.00954089163948767,1.0,0.0,0.8,4,266.3604196033484,404.0123682194776
19,3,0.2578470484113204,0.38979625301107795,0.3334242280096701,0.10441022277840031,0.19906949597719745,0.07308513107998395,0.02289456377607523,0.01887755534947871,1.0,0.0,0.8,6,175.0881165500608,201.3607942354893
19,4,0.2575673916953397,0.387817959326324,0.33062619841403273,0.11020850629229675,0.10927613468096978,0.07352783855724909,0.03110877160317723,0.02661482311669333,1.0,0.0,0.8,8,133.50663204433644,124.53268609059884
19,5,0.2618793893325572,0.3910371112621847,0.3332911117436695,0.13562585718467554,0.12432284170255209,0.0784662423279214,0.0288555926753437,0.03174239937199387,1.0,0.0,0.8,9,140.70617504851447,169.65338554135397
19,6,0.25212101878469806,0.40125885131343936,0.36502601114895855,0.14313609268184413,0.12900937536588775,0.07843989155168216,0.025213618364435992,0.027545885848237427,1.0,0.0,0.8,10,150.89781505577756,199.2883516459716
19,7,0.2501523811103665,0.40804525160925076,0.38220528547839994,0.15077456038609766,0.13112218428354472,0.0778748484683319,0.0297758015341432,0.03300723176063946,1.0,0.0,0.8,11,137.31784708644997,156.9904989738877
19,8,0.24789276746018646,0.3714443511626868,0.3117855630428557,0.1433080367374041,0.10715627433951462,0.08515587729549091,0.02659151600334157,0.02400809358807737,1.0,0.0,0.8,15,157.33544891576474,182.45688150006868
19,9,0.24695743269084677,0.3812127936787959,0.3325965154392628,0.15053985375819842,0.10649010880675824,0.08489249054220091,0.027467647665566242,0.02429025672972971,1.0,0.0,0.8,17,158.17784741467543,179.1703857366781
19,10,0.2568918420358459,0.4110101472812163,0.3840228858582435,0.187988635589701,0.1440948923351932,0.08154500797724709,0.03887236474119762,0.04719030335071605,1.0,0.0,0.8,18,97.91685149899408,127.24492758355284
19,11,0.23854529464644175,0.3660092479696565,0.3154771255858926,0.16107862744786994,0.15202209968753472,0.08514250239654818,0.02990967845362415,0.030130943168463147,1.0,0.0,0.8,19,154.68064528076732,182.6027888481192
19,12,0.2384760356567294,0.36591415441428204,0.315375285247985,0.16352717501936362,0.10946052244174659,0.08514844174036293,0.03002106176899551,0.030092914045039644,1.0,0.0,0.8,20,155.09787357042012,183.44286168882093
19,13,0.24834758050285904,0.405736935670093,0.38785853588186864,0.21014134565118048,0.15399293044290413,0.10503227508312238,0.01509088435936505,0.02437169368571753,1.0,0.0,0.8,21,112.78992894386116,238.9808905992228
19,14,0.24174379406485064,0.40588920432800646,0.39816251980480255,0.2230066825648466,0.1331749905673584,0.10478262870940531,0.014917834524736781,0.02431424816712819,1.0,0.0,0.8,25,123.5483259792602,254.34527393578705
19,15,0.2394871139575786,0.4033802216854637,0.3955951492518792,0.22105633972047983,0.12443661683574761,0.1028653901432979,0.01513361617020978,0.024340775366639412,1.0,0.0,0.8,26,131.23117846316163,252.9879393366161
19,16,0.23891015519007872,0.400973145407975,0.3927834783103167,0.22831731250659165,0.1384262848567586,0.10581721703967757,0.014054743570905932,0.02295522250993414,1.0,0.0,0.8,27,130.48938746081268,244.02472218232015
19,17,0.23878185533976076,0.40081100294443045,0.3926141131483785,0.23113954695844002,0.12434601786691331,0.10522648791080691,0.01445125769149295,0.02358599094531547,1.0,0.0,0.8,28,127.24413549097387,244.70541175394
19,18,0.23786182340543321,0.4101984505680214,0.41299597805661425,0.2428524992295183,0.13018824771562892,0.10581721703967759,0.014054743570905939,0.02295522250993414,1.0,0.0,0.8,29,135.9358424986612,241.87723456972392
19,19,0.2371426454437031,0.40874177643526294,0.41138047285287643,0.24588994400775874,0.12999657744461962,0.10499723957094857,0.014985586480158289,0.02424504413444879,1.0,0.0,0.8,30,128.0739389864761,246.73519635739964
19,20,0.23496205379877894,0.3913623182987702,0.3819780772110031,0.24753522281222584,0.15738549127908047,0.1062076081355732,0.01572401890460837,0.026139995014291262,1.0,0.0,0.8,31,120.5793987763452,263.0957275175213
19,21,0.964801564954592,1.0943295367424501,1.061681874783299,0.9903024524107789,0.8785779267036604,0.062080591335778354,0.41487139899677183,1.0,1.0,0.0,0.8,33,194.21449524880848,912.08063101948
19,22,0.9610878906572363,1.0863167645265501,1.0528403741287176,0.9935725379537701,0.8924155732992212,0.06277379659507716,0.41355898620117626,1.0,1.0,0.0,0.8,34,162.13786279433924,562.1805233397408
19,23,0.9511871929852795,1.0662101981182908,1.0309148322578272,0.9996669036601281,0.9256203437694199,0.06177567815139434,0.4155713734022915,1.0,1.0,0.0,0.8,35,180.1029634873743,883.8929923447903
19,24,0.9479867007418066,1.0606579888392533,1.0249642643611991,1.0008681912855246,0.8742819898912133,0.06040839998778149,0.4160151866665431,1.0,1.0,0.0,0.8,36,192.4472454931154,919.8434283615712
19,25,0.942104880277603,1.0437365666803187,1.0062266621411546,1.004167826796285,0.9267375043381147,0.06256528548435789,0.4160018828959172,1.0,1.0,0.0,0.8,37,168.83990191746173,856.6067185690619
19,26,0.9339955580397101,1.0304007682165166,1.0015563337417888,1.006965248381425,0.9084233876282752,0.06439277172159748,0.4171325259432869,1.0,1.0,0.0,0.8,39,151.93934705166097,811.3680550919909
19,27,0.9331122527549784,1.038989909662193,1.021072139905288,1.0162621097129252,0.8685778423851743,0.06439277172159746,0.4171325259432869,1.0,1.0,0.0,0.8,41,155.84114863418085,819.3491913195616
19,28,0.9322586139126443,1.036184185308504,1.0179806478525202,1.0161678557965685,0.8746709585625242,0.06458956399905165,0.42759839908849945,1.0,1.0,0.0,0.8,42,155.91018895346176,843.0771182140594
19,29,0.9310522200180358,1.0238389858531713,0.9944641501189561,1.0206835692661156,0.8635127596598531,0.06340542258709635,0.4154851615973493,1.0,1.0,0.0,0.8,44,163.141275236189,860.2221695710949
19,30,0.9305460512031722,1.032097441307279,1.0135491207451666,1.0340277209488935,0.8760705441353599,0.0641249062405956,0.4159557337361579,1.0,1.0,0.0,0.8,45,159.08763596032733,848.3105323274316
19,31,0.9307985774206543,1.0212299673130594,0.9915128837328439,1.0213188171350076,0.8645067242827618,0.0643893659461625,0.4161458269218146,1.0,1.0,0.0,0.8,46,157.82812725094084,843.9464894463987
19,32,0.9310644714195464,1.0201926014340914,0.9902877249722869,1.0312180925960106,0.8719569577382171,0.06532678295748924,0.4157354604370604,1.0,1.0,0.0,0.8,47,153.39009089573352,838.0965366292406
19,33,0.9304203953822784,1.0193770332632823,0.989446831613518,1.0275996862159014,0.8657100100703765,0.0647767204305801,0.4171611436638356,1.0,1.0,0.0,0.8,48,151.6702151937905,857.3947741290261
19,34,0.9218898165962474,1.015133674212957,0.9954013282934804,1.0407514169456822,0.8936951519016156,0.059599858437129935,0.4467582881134736,1.0,1.0,0.0,0.8,49,152.3088367912598,759.3270227430571
19,35,0.9320650160251992,1.0348209471028431,1.0260318573560403,1.0647985636169293,0.8783369915313182,0.07052188919916046,0.4224403261803813,1.0,1.0,0.0,0.8,50,156.17924583022594,804.1842931766793
19,36,0.9278993664859306,1.0286930591980288,1.0196304963175007,1.0650763838667476,0.8705838417029996,0.0672669823275412,0.4204782120762089,1.0,1.0,0.0,0.8,53,138.4210576244156,790.6000465768783
19,37,0.9271103370113933,1.0274332043815027,1.0183052603134213,1.0708894788803929,0.8677949644828582,0.06669392017151096,0.41950254519304525,1.0,1.0,0.0,0.8,55,132.39095986965734,749.0609779066073
19,38,0.9258826410439525,1.0225569156753012,1.0129256107481288,1.0804663602086553,0.884937733715372,0.06710615507698228,0.41871629635783103,1.0,1.0,0.0,0.8,56,140.9920498898292,797.4437451364411
19,39,0.927224685334838,1.0226164133167464,1.0128094386957507,1.0886454703353765,0.8752289337098278,0.06901115400214201,0.4176057001454486,1.0,1.0,0.0,0.8,57,138.848663145055,797.5070286100214
19,40,0.9257251390502835,1.0194392274847337,1.0094034924476978,1.0940904196700663,0.8762580639632175,0.06823757315428665,0.41774882684383,1.0,1.0,0.0,0.8,58,134.8297523444889,781.048196312969
19,41,0.9257251391061707,1.0194392278787128,1.0094034928416766,1.0940904200614854,0.868237641811854,0.06823757354826568,0.4177488271509005,1.0,1.0,0.0,0.8,61,134.82974920602302,781.0481887613638
19,42,0.926575353062403,1.0199164644631453,1.0098299124459702,1.0950485816990214,0.8710737593247554,0.06924759936007738,0.4182784569873757,1.0,1.0,0.0,0.8,62,137.90558825103207,789.1277111020075
19,43,0.9265192564987339,1.036479626811182,1.0479717273228446,1.131927312049039,0.8979782620139942,0.07151561950469695,0.4178240109897865,1.0,1.0,0.0,0.8,63,132.58989187600667,759.1601755838868
19,44,0.9229540300480727,1.0328389363603663,1.044321055642312,1.1642596342250942,0.868085380296239,0.06798101278213596,0.5556312011080704,1.0,1.0,0.0,0.8,78,136.86275660639808,845.3725315389416
19,45,0.9038286657410307,0.9686555406482981,0.9450899721822007,1.0648687216842736,0.866712484397403,0.053389601102476945,1.0,1.0,1.0,0.0,0.8,82,169.31086432520442,664.7155662809465
19,46,0.9061859140209357,1.014745974167958,1.0357563024071463,1.1309685309914375,0.8569974114628881,0.05598790729626402,1.0,1.0,1.0,0.0,0.8,85,178.9610203559111,786.3247527839757
19,47,0.9026562813993746,0.9778692727697544,0.9653766563091064,1.0700874513935787,0.8527051231356388,0.05247644336940692,1.0,1.0,1.0,0.0,0.8,86,173.93908969137337,671.9548256624538
19,48,0.9025197683524893,0.987147532450887,0.9856023031215455,1.0971323056190274,0.8606335094271453,0.05294704436414051,1.0,1.0,1.0,0.0,0.8,87,160.47454716516606,627.5586289494096
19,49,0.9057974988492512,0.989878898884312,0.9882630519462474,1.1068751229303353,0.857664898262181,0.05642006559366336,1.0,1.0,1.0,0.0,0.8,89,170.42051078426636,674.4217970835133
19,50,0.9044504268176323,0.9878423069417597,0.986137552127751,1.1025125252794619,0.8584570739276393,0.05531824655107866,1.0,1.0,1.0,0.0,0.8,90,159.25846471926224,626.7033107314579
19,51,0.9025560970412004,1.040355960039549,1.0943363579292564,1.1712279016331197,0.8590719292973269,0.05383104877778355,1.0,1.0,1.0,0.0,0.8,91,204.45285464680973,838.9150512981856
19,52,0.9037309397004345,0.9837971934279992,0.9816651803294402,1.1215453453394555,0.8655902044520055,0.05576149917434227,1.0,1.0,1.0,0.0,0.8,92,155.67347324580874,603.3828047324511
19,53,0.8997833980149964,1.0040902120215713,1.0343061667898912,1.15038545960974,0.8750670474440251,0.054821432005612146,1.0,1.0,1.0,0.0,0.8,94,154.9714243432531,562.1088121492295
19,54,0.8939791491536151,0.9833748256813541,1.001948208306255,1.1492263564872003,0.8670516765853492,0.0502189194295682,1.0,1.0,1.0,0.0,0.8,95,143.92936105906622,553.8815325072004
19,55,0.8978507721251645,1.0201752172816496,1.0721991913180813,1.1880705947184707,0.8557973769148222,0.05420294890590368,1.0,1.0,1.0,0.0,0.8,96,137.96693270276063,510.34042133625945
19,56,0.896458235883594,1.0046704593193299,1.0451542906501645,1.1853826970552657,0.8669753848941688,0.05373431063278276,1.0,1.0,1.0,0.0,0.8,97,126.51812234718054,491.3119156827584
19,57,0.8985750938999076,1.026352271077378,1.0888416540663586,1.2134265906154582,0.8623604012585159,0.056636508584706646,1.0,1.0,1.0,0.0,0.8,99,122.90127235971238,540.840452335585
19,58,0.8970090761240346,1.0237439397868893,1.0861047173822227,1.205283701996969,0.8599097706415614,0.05537797209035809,1.0,1.0,1.0,0.0,0.8,100,125.88395055720814,521.2974928624673
19,59,0.896998467390235,1.0235852215353656,1.0859278256240967,1.2019211504436114,0.8557325938520517,0.05541084799449305,1.0,1.0,1.0,0.0,0.8,102,120.57160565409264,544.9100771769704
19,60,0.8966772408498445,1.0228195198418117,1.0851074190597465,1.2050547819427193,0.8571572703348836,0.05522035208686258,1.0,1.0,1.0,0.0,0.8,103,130.57397034619697,549.8038921901043
19,61,0.8958441151390213,1.0163367574425748,1.077932965563623,1.245652427166538,0.8621019929273959,0.05600394408601541,1.0,1.0,1.0,0.0,0.8,107,122.07262238292614,503.18244669389856
19,62,0.8991603237138601,1.0303874620723708,1.1031047448413425,1.2855587526119239,0.8597341319337808,0.05942180805517977,1.0,1.0,1.0,0.0,0.8,112,134.1197137015192,731.789929151778
19,63,0.8996241966155114,1.050909411262,1.1456977006170668,1.3026371883828403,0.8696298317604338,0.060477181450609874,1.0,1.0,1.0,0.0,0.8,113,119.83568565616912,635.7431284439763
19,64,0.8992836053201023,1.0493837932366552,1.1440284479981937,1.2990097405458276,0.8655307691320014,0.060461034128418786,1.0,1.0,1.0,0.0,0.8,114,121.33386060277591,640.3667013598823
19,65,0.8915184988619318,0.9683954188706354,0.9952430489269768,1.263562553700254,0.8835390482546024,0.054512039007494385,1.0,1.0,1.0,0.0,0.8,115,136.90973919981826,565.1969615196053
19,66,0.8896967185661341,0.9591574988059522,0.9851257090774772,1.2626326408276514,0.8696876017551286,0.05451203900749437,1.0,1.0,1.0,0.0,0.8,117,125.30938319037118,556.6885743486454
19,67,0.8862770448288289,0.9501878492313778,0.9755004757479584,1.272891071936109,0.8601490087651004,0.052429873373257316,1.0,1.0,1.0,0.0,0.8,120,134.62187385039616,540.2013470055726
19,68,0.8868740796104281,0.9472824694779914,0.9721838084915826,1.270865367862566,0.8610936578349471,0.05384446347956208,1.0,1.0,1.0,0.0,0.8,122,107.24304266464472,507.7351846148864
19,69,0.8868740796104281,0.9472824694779914,0.9721838084915826,1.270865367862566,0.8538445455367324,0.05384446347956208,1.0,1.0,1.0,0.0,0.8,124,107.24304266464472,507.7351846148864
19,70,0.8875300796081235,0.9457316471572892,0.9703748283252329,1.2717648692807055,0.8572833701015569,0.055005591664408424,1.0,1.0,1.0,0.0,0.8,128,114.92583119363364,527.5765137863685
19,71,0.892286923405802,0.9940934947005808,1.0633066226155248,1.4409213442851394,0.8600898983367247,0.05993948703427464,1.0,1.0,1.0,0.0,0.8,148,123.58511289397728,589.2877110493486
19,72,0.8811361183191394,0.9812841138749682,1.050303915475562,1.4563440080503232,0.8494411177838062,0.04916085186382216,1.0,1.0,1.0,0.0,0.8,173,142.99111244477274,637.3391310517172
19,73,0.879164213064259,0.9989070980933769,1.0899550958491657,1.5231039153747672,0.8499126770128934,0.04776775631200836,1.0,1.0,1.0,0.0,0.8,178,139.78126883206272,666.6368971175649
19,74,0.8788282518124518,0.9971743695658997,1.0880605626482232,1.5228962234050893,0.8533762531052054,0.04773287541934247,1.0,1.0,1.0,0.0,0.8,179,133.86108817091116,656.8595572893626
19,75,0.8782684868974852,0.9951744426150047,1.0858938936642926,1.5327433212668313,0.8504226878750473,0.04748413429064956,1.0,1.0,1.0,0.0,0.8,181,137.72970132976357,666.5463800478356
20,0,0.7481438837288703,0.604383721693191,0.5667244074640829,0.0257268174241429,0.0,0.0,0.0,0.0,1.0,0.0,0.8,1,730.4523871914791,1582.3107316995613
20,1,0.7621573941153477,0.6472976007661226,0.6085011179053927,0.08299774395276209,0.07504597575798587,0.054815437314154114,8.587232338695e-05,5.52047541544e-05,1.0,0.0,0.8,3,625.4418668169521,1297.2338961373014
20,2,1.440863083130229,1.510482759032366,1.474681415873175,0.9236993437714348,1.061585107447066,0.11178683114782831,0.41683204282924996,0.9684914235595651,1.0,0.0,0.8,4,431.9560934837415,637.7867122395244
20,3,0.2682926706684077,0.4023716095710951,0.3473104707647465,0.09226016720113178,0.879178633740445,0.07152537355775909,0.03007035877173601,0.01933133631249168,1.0,0.0,0.8,5,192.7777906261303,235.28263599525872
20,4,0.2743520628014753,0.40722396937133964,0.3513644732344252,0.1081555285731417,0.11431395621455603,0.0768810306858074,0.03363087498893616,0.02918634336709619,1.0,0.0,0.8,7,168.81315741234476,162.59481406043182
20,5,0.2733189850202968,0.40609267919733005,0.3501715927996802,0.11284592190517136,0.10084462371223889,0.0769348881265024,0.032735362893890604,0.028513448038525367,1.0,0.0,0.8,9,158.857345337148,149.34132668275416
20,6,0.2903178655970936,0.4138370957535723,0.3623234983258214,0.1869837582438615,0.4057028238377572,0.11379743837695284,0.03811209074533306,0.06698481662136849,1.0,0.0,0.8,10,160.4533608389445,121.52328887906344
20,7,0.29031786550051863,0.42493414695118653,0.38458578928279685,0.19495795096859492,0.16738534165776425,0.113797438357595,0.038112090033032606,0.0669848153694477,1.0,0.0,0.8,12,160.45336704580345,121.52329250948758
20,8,0.26196203387719197,0.39445393220238323,0.3536055088890801,0.17330359097326997,0.1509770748494107,0.115314286556835,0.01909243667012175,0.03355479853922902,1.0,0.0,0.8,14,155.80497219426715,138.74934331405132
20,9,0.36311080774716187,0.4942385584436323,0.4530780467179941,0.2927431732268626,0.25622417332517133,0.09930680303303092,0.06792369028414169,0.182392239838828,1.0,0.0,0.8,15,196.6833560098057,239.09239646172588
20,10,0.3306129670785921,0.44839853000001884,0.4135893080971339,0.29101530098934936,0.32375763782972516,0.10109982180802042,0.07699624173334348,0.1721974321903026,1.0,0.0,0.8,17,199.9478456546009,204.66291566879045
20,11,0.32513280657714305,0.4392100628393688,0.4037570300874489,0.29622135290700125,0.24778551604306287,0.09798928448115564,0.07761869828238334,0.1730534876210595,1.0,0.0,0.8,19,190.18668890719215,193.19591207905623
20,12,0.31348436153589976,0.41772741516899015,0.3806376977967914,0.30387763970637593,0.28995348554602873,0.099143601982175,0.08381075933205155,0.16624876080469525,1.0,0.0,0.8,20,198.49565831665308,259.78494298686627
20,13,0.8969544510172022,1.0020623618759696,0.974521600444645,0.8810960987937474,0.8510567298584663,0.09807558488838299,0.1633171933174267,0.9053572089502966,1.0,0.0,0.8,22,232.9803489540137,398.9477936865237
20,14,0.8834068134172743,0.965161188455016,0.9342066296399776,0.8850894059112936,0.8813597186702856,0.09466715243133982,0.16525013734853855,0.9083176902279944,1.0,0.0,0.8,24,222.9370798292619,381.5272279860519
20,15,0.6750658011106827,0.7538623199577059,0.7321442613159314,0.6891133781351135,0.6531382314889598,0.09456838819974644,0.19009647235391508,0.6557765921464025,1.0,0.0,0.8,26,209.7807959764789,344.6375279673469
20,16,0.6749322829076942,0.7644946004893136,0.7538971119094373,0.7033066823627789,0.6199776821436649,0.09458239140672726,0.19008582759548664,0.6557631503145563,1.0,0.0,0.8,28,210.16268894552377,346.82541565007386
20,17,0.6412579006222375,0.7195175711690114,0.7073906773491462,0.6848528083856803,0.6092569652026752,0.0926268289444966,0.18038875869347368,0.622072059994792,1.0,0.0,0.8,31,208.7196082861801,337.3854336982741
20,18,0.8994515803737584,0.9741455497856737,0.9713118247669532,0.9427011846752902,0.9184417735809468,0.11212676942063968,0.17132992816072834,0.9266920770433152,1.0,0.0,0.8,32,223.94430103701265,374.522395293347
20,19,0.938805547773474,0.9924714295369369,0.9870286828125321,0.9918816704734997,0.945362257156751,0.12438253613533652,0.16813307352851337,0.9685400848908999,1.0,0.0,0.8,34,218.5276266889209,367.85978555567954
20,20,0.9308571232407871,0.9845401133901986,0.9790988879505508,0.9869885843096415,0.8912926272343107,0.12300336080425837,0.16862170818797098,0.9603305420294748,1.0,0.0,0.8,35,217.99888590574173,369.1334169180827
20,21,0.9353436140116637,0.9863999351998858,0.9904882692980014,1.0051297691303742,0.954653624949058,0.12438253613533652,0.16813307352851323,0.9685400848908999,1.0,0.0,0.8,36,223.02858762518048,382.33363330813086
20,22,0.9167354566647874,0.9558781217099006,0.9487037779140195,0.9866288820361659,0.8825285693967448,0.11521391987896452,0.16993048604420974,0.9569977976949187,1.0,0.0,0.8,38,222.33740803624832,383.6076955390516
20,23,0.917321143930779,0.9552399710280182,0.9479199496944086,0.9904840172310778,0.8868394532821384,0.11533827961733625,0.1724541047136205,0.9579568971853964,1.0,0.0,0.8,39,221.0600659245837,382.2130024818627
20,24,0.917129954338917,0.9549553661398015,0.9476242792873726,0.9934175029362908,0.8819277749753975,0.11514959843122327,0.172539665900795,0.9579828259351955,1.0,0.0,0.8,40,220.94039750845,381.2111445854703
20,25,0.9188225646127637,0.964454688513821,0.9678987488204427,1.0048609642388688,0.8978011919288776,0.11861927570989517,0.16833920973310687,0.9567726312317957,1.0,0.0,0.8,41,217.393101142918,407.9028095651244
20,26,0.9260958217021764,0.9561788544369324,0.9479324637289407,1.025112840681789,0.9108957276610542,0.12404944810313512,0.16748721614598833,0.9604071982430329,1.0,0.0,0.8,42,212.77677691651576,450.0752224394024
20,27,0.9312793238148604,0.9576050213550679,0.948917777060252,1.0338359926514253,0.9139837515121972,0.11533735926097563,0.18845656723029544,0.9788681637429134,1.0,0.0,0.8,43,216.05643920486213,367.8777644997585
20,28,0.9398214188129523,0.9611501886419365,0.9518800962621524,1.0460201833061396,0.9286509585823263,0.12218359755451254,0.18777852668395376,0.9823950082372341,1.0,0.0,0.8,44,216.71781905490883,408.6349302094297
20,29,0.9395633804191127,0.9604846244184412,0.9511671058598791,1.0489167150632124,0.9096027488253031,0.12200069090489285,0.1878654196384431,0.982413753463306,1.0,0.0,0.8,45,216.572275739078,407.58353486185865
20,30,0.9305734067459871,0.9464454369287271,0.9365430409877501,1.0310871947961382,0.9206683046816799,0.12178275948550421,0.16976743529419092,0.9728185173380668,1.0,0.0,0.8,46,215.27683273472024,427.68225069074856
20,31,0.9303936424016921,0.9461935347571917,0.9362827908585043,1.0340270949381871,0.9001673738145377,0.12160064922914893,0.16985655435143612,0.9728407053920318,1.0,0.0,0.8,47,215.1418003989592,426.6397062359415
20,32,0.6904852050161341,0.7247800391588046,0.7367736963705744,0.813609590521683,0.6637509168612296,0.10349526711568649,0.22302444333042465,0.6965605852627208,1.0,0.0,0.8,52,226.81368466299517,475.1095832202368
20,33,0.6866706687134931,0.7209415371798487,0.7329324290369177,0.8162495458160752,0.6569828963139634,0.1050607720071538,0.22724147268360445,0.6898417704447068,1.0,0.0,0.8,54,233.6107307943236,507.8052063119971
20,34,0.916634128394803,0.9704580518034749,1.0044763996584678,1.0594898627897062,0.8981362738907415,0.11881730583207059,0.17489300989092563,0.9607807480876875,1.0,0.0,0.8,55,215.58302379893084,419.0811839367889
20,35,0.6758790769588287,0.7084511451875833,0.7301464851487534,0.8226551506851371,0.6895423277577581,0.10239733127292217,0.22300149101625913,0.6828702050151627,1.0,0.0,0.8,56,227.5506915286973,474.3570257172709
20,36,0.682776559656071,0.7006091426846629,0.7107269619081944,0.832514383888836,0.6635424151608638,0.0988049638461248,0.2299732136605825,0.6968411858685528,1.0,0.0,0.8,58,223.83611395205784,458.6961777683054
20,37,0.6866240057383214,0.7024914459687783,0.7123876735310465,0.839667002156304,0.6682966209852896,0.10259407668307759,0.229373957481435,0.6973685208405589,1.0,0.0,0.8,59,223.9449551233769,492.287456944232
20,38,0.686574904597508,0.713272194269682,0.7343037151787999,0.8563515286681466,0.6610193774037886,0.1025940766830776,0.229373957481435,0.6973685208405591,1.0,0.0,0.8,61,224.43183715551783,493.579636471812
20,39,0.6887419275678134,0.7154071665829391,0.7364350522460643,0.8617470138879478,0.6627887463702042,0.10511956170110781,0.22871998204530622,0.6969277916817178,1.0,0.0,0.8,62,226.3047812639261,506.7805141970091
20,40,0.6964189700907448,0.7102450465963522,0.7199113884832633,0.8598680166912636,0.677585129935612,0.10442865178593941,0.22264797970204825,0.707786201820862,1.0,0.0,0.8,63,224.9746813546905,497.1750082508775
20,41,0.7276969179561108,0.734133894707846,0.7429721554495234,0.9003748393620306,0.7178523866875076,0.10459562364570223,0.22673335274431622,0.7483139283871527,1.0,0.0,0.8,65,224.5144952501352,497.7198178680112
20,42,0.6852773385844846,0.742743299541855,0.8069113791983678,0.8736374907470925,0.6703429652332903,0.10066658142735532,0.21748857425645002,0.7011519567130504,1.0,0.0,0.8,67,226.26223395208183,508.5170915743775
20,43,0.6940086224726758,0.7140153495990158,0.7442247984200271,0.8916386994178399,0.676453624777197,0.10542019591033444,0.2354397110574113,0.7069905846624489,1.0,0.0,0.8,70,227.13113255700296,513.5940911679048
20,44,0.6909396321947513,0.7083559810617202,0.738278679631759,0.8919786848196622,0.6784812362817684,0.10246194677301138,0.23633567593032287,0.7073793957914172,1.0,0.0,0.8,71,224.7350244717606,497.0416410903
20,45,0.6908974731934222,0.7191485822931549,0.7602074823481895,0.9026637575038658,0.6688747129554358,0.10246194677301138,0.23633567593032287,0.7073793957914172,1.0,0.0,0.8,73,224.53765607344224,496.59573709860143
20,46,0.6863063666021126,0.7351922320490542,0.7984095409781333,0.8751248981280453,0.6701119278214631,0.10033402928536536,0.23734425552620722,0.7046137582444648,1.0,0.0,0.8,74,224.4530022120476,497.7824723077185
20,47,0.7955681331272761,0.9319176032319887,1.0843124657052448,1.366775750727369,0.7735845045071843,0.11158685755525102,0.44656330811992273,0.8273866275401636,1.0,0.0,0.8,132,179.7194079923492,506.78643113787217
20,48,0.7909567765927024,0.8898150156869468,1.0281646508247473,1.3503030935990148,0.8169781268661794,0.1136144144230398,0.48641156116692486,0.8239114021787742,1.0,0.0,0.8,134,188.114935589786,525.2697239484861
20,49,0.7932044204802142,0.9003409317376105,1.0495516988248723,1.3665719099359181,0.7808097519192582,0.11378969622456374,0.4907972461696223,0.8269732406250399,1.0,0.0,0.8,136,190.2632165198885,523.2090264280345
20,50,0.7934853680846621,0.9117003838515347,1.0720745996953174,1.4067205191518706,0.7756615434834924,0.11381829759614606,0.4907585333368857,0.8272917345545793,1.0,0.0,0.8,143,190.28768033835496,523.2730659219986
20,51,0.752201215359398,0.8493705212956918,0.9875378833379114,1.3495723111411233,0.7358749480167659,0.11206047371897498,0.49447908841721455,0.7776939836534142,1.0,0.0,0.8,146,189.85493843971196,507.1019283353962
20,52,0.7879599971594096,0.8877141840721117,1.0361308804682645,1.4100870894014204,0.7806170624344034,0.11498014156227625,0.49441184844325703,0.8201303174735196,1.0,0.0,0.8,149,192.27820281883672,506.2345905829168
20,53,0.7674171052866307,0.8519167988293238,0.988722861921818,1.387812073071621,0.7542603832261273,0.1112276710510239,0.49669815178903776,0.7997918414870357,1.0,0.0,0.8,150,196.12507502985665,522.1000601422136
20,54,0.8041932752912637,0.897069192304793,1.0447498290182053,1.4379017276763917,0.7942145978652819,0.11458771445790361,0.5006009912016199,0.8419801473443822,1.0,0.0,0.8,152,192.9170682615396,533.613247626918
20,55,0.7854089586896731,0.8884523289945386,1.0471987489586232,1.4439589840809348,0.7698238423859497,0.11247368680572678,0.4856174242438224,0.8212866497707714,1.0,0.0,0.8,155,200.49099368217728,493.77559856824
20,56,0.8977005641270077,1.0487727636152364,1.2425960803059648,1.6594794646191122,0.8806876343656161,0.11837073172117744,0.5255258483592237,0.9519420624061328,1.0,0.0,0.8,168,190.22034772224237,516.0153132217488
20,57,0.9356061789288551,1.075434035644935,1.2580760523575845,1.7160648409014692,0.9234644006338634,0.11784949355962344,0.4506041113650928,1.0,1.0,0.0,0.8,170,193.7278851655041,521.7316133739619
20,58,0.8979144321178361,1.056656420226905,1.261276102202808,1.6892663088165059,0.8815614830736876,0.12127522531036994,0.4834050527996602,0.9491400095846856,1.0,0.0,0.8,172,183.0002604979368,487.2994134075597
20,59,0.9082494083312423,1.0477018871252186,1.2303035992936269,1.7007141809911763,0.8907045795540457,0.11771929894644376,0.44960846984285513,0.9660287170662605,1.0,0.0,0.8,173,193.75616252737612,521.5814153754225
20,60,0.9342924305906308,1.0862055408243325,1.2900925689422666,1.8027247596310143,0.9179069261082333,0.11783305401600921,0.4226936048483355,1.0,1.0,0.0,0.8,184,177.85458062231805,549.5642167302386
20,61,0.9346922029836067,1.0866516881519428,1.2905436843496196,1.8112247791703766,0.918920459655304,0.11822704844928189,0.4242222579773195,1.0,1.0,0.0,0.8,185,175.6695724711902,550.4058589626196
20,62,0.9005931573960491,1.070040546056792,1.2857831674238547,1.7949895040053412,0.8873561444623432,0.11794644269504376,0.45048854751931167,0.9567136368811913,1.0,0.0,0.8,187,184.6947887135281,531.9257502719814
20,63,0.9103832479455642,1.0897939669077115,1.316580236387791,1.8145844853993562,0.8941494338807426,0.11847298116325775,0.44948016976612576,0.9684750119107861,1.0,0.0,0.8,189,185.95611155720343,534.6569117512878
20,64,0.9308087963765705,1.0747791116601961,1.2778178544821444,1.8458435882217714,0.916662520390188,0.11531630340462995,0.4255636205311538,1.0,1.0,0.0,0.8,192,170.87081403326206,556.8189393319643
20,65,0.9181462509321456,1.043320935949645,1.234376278329722,1.826935459757468,0.9327468046134416,0.1167044629428309,0.4198007692090747,0.9835561728035046,1.0,0.0,0.8,193,187.92411937952448,544.3872256364724
21,0,0.671633373657123,0.5812835453808493,0.5414252849759319,0.023484614103202232,0.0,0.0,0.0,0.0,1.0,0.0,0.8,1,885.5235748525553,1555.5266782839435
21,1,0.6759446425522885,0.6228823089512172,0.5812559481074416,0.08540398289430619,0.09135235346029633,0.06011391093787723,8.319868525153001e-05,7.32051281616e-05,1.0,0.0,0.8,3,833.5798417588012,1446.9499741189322
21,2,1.465880649312831,1.5000066786940256,1.4563369485014575,0.9876178765835126,1.0979327689746132,0.15876300995803494,0.5512600255714901,1.0,1.0,0.0,0.8,4,403.0179671674062,519.854252076093
21,3,0.3687962453139407,0.4947044434926136,0.44881120990761764,0.10061532010987181,0.4915181047176361,0.07725867050927107,0.00817552270788044,0.00719350535178636,1.0,0.0,0.8,5,502.81209572462046,815.9845985685379
21,4,0.3085625792749653,0.42406986303938354,0.36213853820588626,0.1851514639007075,0.7434331013315512,0.106641923175904,0.030544351615171227,0.09277429529057668,1.0,0.0,0.8,6,184.6653050766776,85.39362248140748
21,5,0.3049236204224407,0.42917915340866586,0.37784322082534716,0.1900339775148448,0.19077187234695853,0.106641923175904,0.0305443516151712,0.09277429529057668,1.0,0.0,0.8,8,185.2361495939145,94.43444848828204
21,6,0.5775342960511465,0.7006986487665252,0.649100165860877,0.4662854736693382,0.4644025911681474,0.13964583802907116,0.057300890238499005,0.3943664920897175,1.0,0.0,0.8,9,146.17748085456526,190.9803434825476
21,7,0.2854850734917504,0.4074324906405719,0.35554728343075526,0.1793711282005928,0.174993318515525,0.11119179021936203,0.02026326413587837,0.0671161412543988,1.0,0.0,0.8,10,150.74257970591083,107.65671010758808
21,8,0.4156792055314573,0.5346076979733974,0.4820344478860891,0.31544201991350596,0.3235602376899317,0.1414225149220258,0.02869153559763881,0.19733206415848925,1.0,0.0,0.8,11,146.3202177471139,203.7713335682882
21,9,0.411725503593243,0.5278614361783328,0.47467838159609765,0.31684452280925035,0.3204527673295653,0.14079862832333154,0.02884201558653,0.19768680803425104,1.0,0.0,0.8,12,137.87782384651703,234.6047023041614
21,10,0.42362897591313003,0.5325905946823584,0.4779340182605124,0.34265064381838006,0.3451410959571747,0.1402028295899454,0.03234091049565986,0.2236910087380072,1.0,0.0,0.8,14,110.45739130776512,564.042431688811
21,11,0.4768604115327381,0.596112454612266,0.5524627586946451,0.3965753943327288,0.3788281940080295,0.138550176720633,0.04484602964238047,0.29336781211265606,1.0,0.0,0.8,15,103.5635084430426,530.5824777291822
21,12,0.43118946232783606,0.5503732528032342,0.5067100633205476,0.3577409966388956,0.3281237924325324,0.14036914952444096,0.03385667962317554,0.23409661784773225,1.0,0.0,0.8,16,102.972897560341,716.4293690976191
21,13,0.4745931332859805,0.5930106099985257,0.5491983050565097,0.4021149284208859,0.3771088688393992,0.1392251971893833,0.04404539268584433,0.29078216319043065,1.0,0.0,0.8,17,97.18868320180955,492.1390033203688
21,14,0.47281873356306847,0.601435961380861,0.5686156763974164,0.4106830594633113,0.3725296262945128,0.1423063184053806,0.042521032940689964,0.28586795658458475,1.0,0.0,0.8,21,106.2470358392098,440.3153669992093
21,15,0.3822301403986152,0.5174472410394946,0.49494428742143726,0.3359917825901029,0.2997786490289962,0.13933156450629258,0.031574148709549485,0.1818631065574408,1.0,0.0,0.8,23,110.706693291305,312.50581798194054
21,16,0.37958642967127354,0.5139154090645851,0.49124905914462236,0.3393633661756166,0.2858921372686568,0.13725739036678256,0.03182019415931535,0.18218831962461104,1.0,0.0,0.8,25,115.53041668758672,338.409482138285
21,17,1.2573485531121609,1.3900848089448223,1.367127913747052,1.2316723820323472,1.1656519415506066,0.36223042219639867,0.12308096996574776,1.0,1.0,0.0,0.8,28,153.62135045219406,18914.6680124877
21,18,1.633580665526432,1.7582620596153435,1.73388840269301,1.6215730566294266,1.5952883507917688,0.7452880111834228,0.696618551829452,1.0,1.0,0.0,0.8,29,184.1659874138448,1048.2973723072023
21,19,0.4547787957047019,0.5762812039846151,0.5513707445287489,0.4559204470819832,0.37839589637339127,0.13107222692449844,0.03671116323833794,0.29734234458080727,1.0,0.0,0.8,31,109.17628023783796,1268.04408871811
21,20,0.4547149162151847,0.5872287399508511,0.5734695125265652,0.46448732476741017,0.3691947443052732,0.13107222692449844,0.03671116323833794,0.29734234458080727,1.0,0.0,0.8,33,109.09051984149846,1269.055787282394
21,21,0.45432269046188356,0.568793126397446,0.5427301789218625,0.47960636487101926,0.41368844730440407,0.12933436013192373,0.04176138519171965,0.30528908010017275,1.0,0.0,0.8,34,113.7793928468731,1370.0286887484217
21,22,0.4547247414359524,0.5685792033890478,0.5424167522845363,0.4774292038683956,0.37617854926905925,0.1351886407355889,0.039387875022881116,0.29901293943037477,1.0,0.0,0.8,36,110.55901224969844,1282.7477478711974
21,23,0.45414592331225406,0.5442349839926024,0.4954912472827843,0.465657160212806,0.3837063158124393,0.1359773694617281,0.03961707677009535,0.2986292080242575,1.0,0.0,0.8,37,108.9974298622931,1292.3043892099197
21,24,0.45358118916786094,0.553604003138957,0.5158418435921912,0.4684266051125299,0.38153067534669427,0.13593696511360714,0.039684242001427075,0.2989321668012716,1.0,0.0,0.8,38,107.018660948248,1323.7287410089514
21,25,0.45334291137294663,0.5533106035727976,0.5155397976800736,0.47433007970926777,0.37518743527091514,0.13597736946172811,0.03961707677009524,0.2986292080242582,1.0,0.0,0.8,39,107.27110859426476,1321.3525059126407
21,26,0.37600974102870655,0.5201498112381213,0.527006006495676,0.43628927921798943,0.2989028952402082,0.12751982832767764,0.025076786640323312,0.21271381267480302,1.0,0.0,0.8,40,144.885022116538,1607.8823718771166
21,27,0.4581037254691098,0.5685087023344,0.5417991574816452,0.4971221234765146,0.38253304827585755,0.14118284020962424,0.03853243954274109,0.2986149396714547,1.0,0.0,0.8,41,115.166310999373,1260.058847366146
21,28,0.5273161795029836,0.6658771673366997,0.6718543866284691,0.6030679626352278,0.4818114569027512,0.10644236430370427,0.06383402068736005,0.4327624755706867,1.0,0.0,0.8,42,226.11428209240813,471.5531664712436
21,29,0.527079049226171,0.6763236629966227,0.6934043071391655,0.615686444259598,0.4537020605173916,0.10644236430370427,0.06383402068736006,0.4327624755706874,1.0,0.0,0.8,44,226.2152134137511,470.83038975660446
21,30,0.5243018824720311,0.668703921940823,0.6850592366609984,0.61491940318957,0.47770408151980454,0.10644236430370427,0.06383402068736006,0.4327624755706874,1.0,0.0,0.8,45,228.90364119748452,458.48656785786073
21,31,0.5241968607397679,0.6795127786198434,0.7070060264075648,0.6309991294433948,0.45361701131400095,0.10644236430370427,0.06383402068736002,0.4327624755706873,1.0,0.0,0.8,46,229.22176329986263,457.46238497299146
21,32,0.5289646012701916,0.6567023240087171,0.6610644557583525,0.6282208965544194,0.4887872446816508,0.10879867536477754,0.06525945801431315,0.43955755266450114,1.0,0.0,0.8,47,206.1051414176057,587.6113205927401
21,33,0.5303870046129231,0.658088238132742,0.6624465072651725,0.6264618953890082,0.46190105466250364,0.11114035281163055,0.06370921595163287,0.4384124826575655,1.0,0.0,0.8,48,224.0932392308743,542.8996276248494
21,34,0.5276561147425248,0.6640091476984918,0.6791756936294122,0.6408321341904109,0.4730264198629926,0.10879867536477757,0.06525945801431325,0.43955755266450086,1.0,0.0,0.8,49,208.3105420202108,573.9637268824971
21,35,0.5298708455919677,0.6542325158498421,0.6581040421981894,0.6367341888739491,0.46770970541047163,0.11070638766086938,0.06521770540066343,0.4405283548179451,1.0,0.0,0.8,50,203.5218821716201,592.8873642913483
21,36,0.5290588536226126,0.6532896755289377,0.6571421537060221,0.6423125193810424,0.46305285501362786,0.11092657879667404,0.06429376602084541,0.439323371208478,1.0,0.0,0.8,51,220.29799005176477,554.7596763934913
21,37,0.5240757224517569,0.6388186622660115,0.6413195857751853,0.6374912646153434,0.5097865758685982,0.10926979493673714,0.06576350241172517,0.44105481877659497,1.0,0.0,0.8,52,213.5623266833373,670.6386100499952
21,38,0.9597359739208947,1.0890150945143133,1.1127854273851114,1.1184182145987922,0.9075006942793789,0.10126238897708979,0.6135582524593908,1.0,1.0,0.0,0.8,58,201.32616882383047,714.2893487641895
21,39,0.9553144748006691,1.0719388142805593,1.09400589189055,1.1273414809431523,0.9321385112231614,0.10208081662151296,0.6192743034385626,1.0,1.0,0.0,0.8,60,170.5366504373572,1126.4497411901737
21,40,0.9524312276006708,1.0653600392086675,1.0869401657867894,1.1352177859902137,0.9092050518188209,0.10061683506522164,0.6188781384830867,1.0,1.0,0.0,0.8,62,158.85405624532447,1051.319820497869
21,41,0.9536261687410874,1.099620237654387,1.1546671216999826,1.1611772772729152,0.9022202069205596,0.10189210578206857,0.5951611232502472,1.0,1.0,0.0,0.8,65,163.47171940708773,970.0422744081242
21,42,0.9372172431118561,1.0559610933319374,1.0977635852624896,1.155088375350127,0.9278347083871418,0.0911708161215246,0.608373443384532,1.0,1.0,0.0,0.8,67,188.8750122769158,997.46924018121
21,43,0.9862717982679086,1.1704654589270778,1.2987005596902508,1.3362359660560763,0.9521265703850106,0.14725708229174378,1.0,1.0,1.0,0.0,0.8,88,190.6560310142389,1579.1301384748783
21,44,0.9790555728377031,1.1549101173058034,1.2821402573068128,1.3376796421995354,0.9600058689038191,0.14225897656706946,1.0,1.0,1.0,0.0,0.8,90,181.0623365297312,1490.0620693119552
21,45,0.9777618981407237,1.1483855023673009,1.274994666517339,1.3370227149750478,0.9637854665046593,0.14225897656706946,1.0,1.0,1.0,0.0,0.8,91,182.85669531799243,1466.3179748973205
21,46,0.9776837335194681,1.1701854122003652,1.319087561749816,1.3672772358100178,0.9426990443597483,0.14225897656706946,1.0,1.0,1.0,0.0,0.8,94,184.2703143136699,1452.8591504257402
21,47,0.9776549229942583,1.1811370966922872,1.3411907657381725,1.371039935502223,0.9425030736483051,0.14225897656706946,1.0,1.0,1.0,0.0,0.8,96,183.81231090497425,1456.9178629683238
21,48,0.9766691533802486,1.1798821178144752,1.339903658896242,1.3739255006148308,0.9424986831035536,0.14134163688181875,1.0,1.0,1.0,0.0,0.8,97,185.6345026559437,1453.6326840304707
21,49,0.9806921647733926,1.1938976053326407,1.364953632672048,1.389498550207302,0.9502250165963213,0.14563433481278393,1.0,1.0,1.0,0.0,0.8,98,185.0865034828741,1450.642268207971
21,50,0.9722243349103622,1.1437593224864577,1.2902064218820464,1.3903799245178476,0.9550227427636689,0.1416249483529386,1.0,1.0,1.0,0.0,0.8,104,3100.119787303912,1490.0730692305876
21,51,0.959153181125932,1.1546037936939082,1.3334695263586904,1.4261272906627298,0.9494813917214022,0.13049484832956812,1.0,1.0,1.0,0.0,0.8,106,205.40243853675324,894.5386473226937
21,52,0.9487180869780185,1.1207889993658944,1.2771886968613582,1.3838727901311194,0.9250630000631994,0.12029642543853172,1.0,1.0,1.0,0.0,0.8,107,210.247725482083,901.407473298209
21,53,0.9573521230068847,1.1125337452208557,1.2769497944935146,1.4200313520819325,0.9710525789298046,0.13402420890326489,1.0,1.0,1.0,0.0,0.8,110,214.9654559415036,897.5269510810954
21,54,0.9599773313010823,1.1345081447946752,1.320939472260524,1.4514712876594773,0.9426723155375827,0.13711782144249718,1.0,1.0,1.0,0.0,0.8,112,211.78406594215912,892.7929899102852
21,55,0.9510455702967224,1.1107468924830664,1.2856001625284228,1.4339295108646222,0.9433471367687389,0.12878840737225214,1.0,1.0,1.0,0.0,0.8,113,207.08219064094328,915.3157372846284
21,56,0.9554114367362796,1.1126242424159454,1.2872032281532695,1.4695961766574903,0.9349304552116332,0.13354813601896115,1.0,1.0,1.0,0.0,0.8,120,191.24727347119028,979.350474286852
21,57,0.951663735940216,1.1057440809860206,1.279978099266227,1.4902823403443324,0.9364035533339272,0.13029048415075314,1.0,1.0,1.0,0.0,0.8,122,200.4716902432112,1001.7568568104616
21,58,0.9512929133752943,1.1140266548498854,1.299158107022526,1.5030367532592601,0.934983353480994,0.13029048415075312,1.0,1.0,1.0,0.0,0.8,124,201.22583652922535,987.9534478089836
21,59,0.9519129380115612,1.102242097321295,1.2760647700548777,1.4943800570334655,0.9362260768831735,0.1311104176128771,1.0,1.0,1.0,0.0,0.8,125,208.4651056432889,959.5682593843871
21,60,0.9523996847993071,1.1116872286485255,1.2964414344924737,1.5192058897199594,0.9401087687111866,0.1319147625828307,1.0,1.0,1.0,0.0,0.8,126,213.71411120844067,932.745875690032
21,61,0.953704859884334,1.109006985870991,1.2933254058950578,1.5132117339186393,0.9389901631595308,0.13381237556783113,1.0,1.0,1.0,0.0,0.8,129,203.88247480328684,992.2244477120048
21,62,0.9572447789910425,1.109633998624865,1.2936356823918895,1.5223691543410105,0.9432936902452584,0.13776599793908822,1.0,1.0,1.0,0.0,0.8,131,200.2073762226389,960.044809393336
21,63,0.9478501537528629,1.1160722899276514,1.3217146603032806,1.5733971358740197,0.932727768369712,0.12925850581608148,1.0,1.0,1.0,0.0,0.8,138,197.13006819815303,975.7905141191682
21,64,0.9474196471756946,1.1261095034557362,1.342849077659066,1.601652701917657,0.929394721411064,0.1289141608107973,1.0,1.0,1.0,0.0,0.8,143,196.2230985621964,969.5875835693148
21,65,0.9466557718398554,1.1206708565222918,1.336905581351955,1.60100388029742,0.9465911700025744,0.12878029293661114,1.0,1.0,1.0,0.0,0.8,144,194.2945448094632,964.3215161566928
21,66,0.9468727121931954,1.1194814016449421,1.3355643358010378,1.6050502089155079,0.9345302493607572,0.12918336393992352,1.0,1.0,1.0,0.0,0.8,145,195.9490869631515,958.862437978408
21,67,0.9479224996852985,1.1146283040234883,1.3300766369795176,1.6062224013620503,0.9421993950363515,0.13099821705261067,1.0,1.0,1.0,0.0,0.8,147,202.53851999811536,925.1304455931948
21,68,0.9506217707111368,1.1135233133267142,1.328562719235629,1.6052160901247228,0.9371302647094446,0.13418754308730602,1.0,1.0,1.0,0.0,0.8,152,191.3547826444075,1025.12541450987
21,69,0.950412015832118,1.1166472512773635,1.3420241251120477,1.6186304443666204,0.9637971443500487,0.13491109327779954,1.0,1.0,1.0,0.0,0.8,153,198.69117186551517,998.8850034903415
21,70,0.9509074603232736,1.1277592979261293,1.3642504135857578,1.659658210984055,0.9357645552351801,0.13546361810764831,1.0,1.0,1.0,0.0,0.8,159,197.4153571258756,991.3928785495616
22,0,0.886111421355593,0.6406723151524899,0.6064673582193618,0.029248140570975703,0.0,0.0,0.0,0.0,1.0,0.0,0.8,1,432.0186761983696,1316.1172698020796
22,1,0.8686482908606613,0.6745490027116472,0.6386979487082066,0.08228829954474529,0.08019781125591896,0.05113571618470479,8.845751831578e-05,4.1514658105649995e-05,1.0,0.0,0.8,3,405.5760364742245,1227.381380221924
22,2,0.3381088608470323,0.4560883555144427,0.3976757417250953,0.08973430728484907,0.8655113916334545,0.06499192154605238,0.014102630869054689,0.0059111408641523,1.0,0.0,0.8,4,186.51777739643725,388.6442833767731
22,3,0.23617312363223852,0.3655733814084958,0.30801416079619814,0.09288701028685885,0.25826777282599983,0.06444389493415928,0.039106094377002285,0.01498923127185551,1.0,0.0,0.8,6,138.9333749879231,106.52355192296592
22,4,0.23266945380543377,0.3614328519729141,0.3036123879252329,0.09722472907360541,0.0796455076515813,0.06423604182763493,0.03565217500946486,0.013503750951960162,1.0,0.0,0.8,8,141.83286088905544,113.96408946366788
22,5,0.22146629792111405,0.34685833587955134,0.28779799244759646,0.0928960750080058,0.09537202307739338,0.06278459924524837,0.03957354317526138,0.013381602423693881,1.0,0.0,0.8,10,145.50282661686697,94.9750912251454
22,6,0.21938712313997014,0.34377988402551796,0.2843892028842219,0.09920384452968348,0.079700148239954,0.06847941107712803,0.0198293088132717,0.00675256041231666,1.0,0.0,0.8,12,142.7524357965766,111.0789131214439
22,7,0.21830127712484715,0.36442701170062913,0.3272196638225297,0.11408974774987052,0.07646855538047123,0.06847941107712797,0.01982930881327172,0.00675256041231669,1.0,0.0,0.8,14,132.43537120857485,112.5887292838524
22,8,0.19659861940559817,0.3238991721883334,0.27332476923314697,0.10233537568290385,0.14524139906711778,0.054531504367969094,0.06804575357306325,0.016312067117763878,1.0,0.0,0.8,15,131.8229756675689,131.90469843024306
22,9,0.21007220685759934,0.3445071365216639,0.30411534707573024,0.13775664550222255,0.1047413308805006,0.08029868586376393,0.03108543617975576,0.00889428025322803,1.0,0.0,0.8,17,115.56888623009186,220.55901493764247
22,10,0.2095177887438253,0.3538235105063895,0.3243062946813743,0.1467690119935643,0.09897012120885798,0.07597254488515512,0.0428809985525826,0.01589529222900595,1.0,0.0,0.8,18,101.5849258357874,298.6024121654562
22,11,0.179063267727299,0.3049436161043374,0.26263823303280653,0.10922125604152516,0.12517031214671184,0.0541373401729308,0.06979708570848865,0.017270409549770167,1.0,0.0,0.8,19,131.31476681525865,133.91899777006745
22,12,0.17905962845124515,0.30433966636200627,0.2619083722344932,0.11736386508568314,0.07311227545347442,0.0537669953290031,0.0805577711701459,0.01863209889534821,1.0,0.0,0.8,20,123.68460199478086,169.45549927773456
22,13,0.17255170375133938,0.29386189440868604,0.25061921232799994,0.1145984446316985,0.09533426008488673,0.059759992516756934,0.03494342801117071,0.00869772874080387,1.0,0.0,0.8,21,128.13665439806817,152.67871910280124
22,14,0.16977045933962862,0.2906528104725725,0.2473163712468264,0.12261265213056027,0.06807418239961864,0.057573681234786823,0.03788115302619461,0.0086504860820576,1.0,0.0,0.8,22,104.10504003288791,146.55969904443467
22,15,0.17371722396250389,0.2937839412993711,0.25028114104261856,0.13262747635506583,0.07540239764415763,0.0616227192541516,0.04039144693148452,0.00968785117962668,1.0,0.0,0.8,23,118.98664383796816,168.01157821124283
22,16,0.1699759811338385,0.2914228465442861,0.2572616804863271,0.1391350139486605,0.1391434181406103,0.06766659837611075,0.03648008532708298,0.00925852972014293,1.0,0.0,0.8,24,100.43130489695194,185.07897283959824
22,17,0.23875345643576512,0.35402689824426076,0.3187664905696263,0.2285770171677372,0.1883857076444714,0.09597627610763117,0.04504978607326858,0.06656082665408077,1.0,0.0,0.8,25,79.8924626502765,325.685280810602
22,18,0.31860958580154475,0.4221785993480161,0.3756544253902663,0.3003814020638145,0.23270651822856608,0.10881273719969264,0.051134251378213515,0.15086837302921344,1.0,0.0,0.8,26,101.40839556596664,520.202604161812
22,19,0.23807862933409413,0.36355851699475017,0.33931448488815547,0.24542339340256597,0.1510959068083504,0.09597627610763114,0.04504978607326858,0.06656082665408077,1.0,0.0,0.8,27,80.58076498408856,327.1079049112996
22,20,0.24023867545841054,0.3361322648099134,0.2883260865772925,0.23629276060051402,0.199972776481678,0.0965996725541966,0.04779808808695854,0.07541091025045457,1.0,0.0,0.8,28,81.23153340580758,369.9573825469474
22,21,0.2378721080662235,0.34280160276631566,0.30582461014666684,0.2557008074280583,0.1619596887061882,0.09531030842435775,0.050256812744443234,0.07590191925116577,1.0,0.0,0.8,30,86.18405870460194,374.3912575257256
22,22,0.20824002487639456,0.3102530642382563,0.2728062084275826,0.2359050957143243,0.13257347709925668,0.09156085223878199,0.05610239989273676,0.046073786621416465,1.0,0.0,0.8,34,95.06882087054204,486.8925576996549
22,23,0.20408172872472558,0.3039150500745642,0.2661225931600788,0.24112969770349973,0.13788193819690492,0.09017808518489265,0.05004899508849357,0.04441770685183933,1.0,0.0,0.8,35,92.66474881763556,464.2412227978289
22,24,0.19807455896297133,0.29759913099923796,0.25975846950184933,0.23065277112007304,0.1215901647618218,0.08681788881291694,0.05862610464811073,0.04135782023449413,1.0,0.0,0.8,36,92.7090936467264,453.5792263177741
22,25,0.21600762221093955,0.31275172070683704,0.2744756735150238,0.2783574768437167,0.14731052706803022,0.07995075118420489,0.07695991347697598,0.0745987668130497,1.0,0.0,0.8,38,115.79348180633856,508.0347379407138
22,26,0.9671748717729625,1.0604544248576646,1.0216442756200088,1.0382015188628364,0.902374079526719,0.09294330744380495,0.339243837148508,1.0,1.0,0.0,0.8,40,128.80212592004418,451.2466870653628
22,27,0.9702649172510406,1.1079100259296255,1.113756508793093,1.0685155965638127,0.8961896529652675,0.09605845001901364,0.3919441666392677,1.0,1.0,0.0,0.8,43,129.50607710628256,395.1757513125372
22,28,0.9577719148147881,1.081252826461845,1.075469126661078,1.0538058767425422,0.8936079297834598,0.08538255678650954,0.3744994246694744,1.0,1.0,0.0,0.8,45,114.83639193436458,347.98581320743955
22,29,0.9634166769730905,1.08170525641668,1.075146239134484,1.0709525328111937,0.9214108008654265,0.0939794739645204,0.38339110839345547,1.0,1.0,0.0,0.8,46,114.06839273733954,391.1710056784784
22,30,0.9719564934346739,1.0976068409766562,1.10166557435349,1.0846733834530007,0.9231923655491068,0.1045366568117481,0.35882945594582105,1.0,1.0,0.0,0.8,47,135.64710990698217,445.84519459317113
22,31,0.9719564934346739,1.0976068409766562,1.10166557435349,1.0846733834530007,0.9045366834401062,0.1045366568117481,0.35882945594582105,1.0,1.0,0.0,0.8,49,135.64710990698217,445.84519459317113
22,32,0.9686783065671392,1.104952125880967,1.1201073058548117,1.1076939072826142,0.9039510509982643,0.10150868023406148,0.3574034724152342,1.0,1.0,0.0,0.8,50,133.35006250955075,430.4891340196596
22,33,0.9646324367117184,1.089712979586174,1.093688839709138,1.0807368418099101,0.8975327150665248,0.09751347783257533,0.3589042392058893,1.0,1.0,0.0,0.8,51,136.021814301887,414.76586477484
22,34,0.967324490363297,1.0795032904765183,1.0720523881399173,1.1031335058948464,0.9106880348454718,0.10114758826446509,0.37649362998398045,1.0,1.0,0.0,0.8,52,121.21828754608887,424.93385829812905
22,35,0.9637595730333974,1.072134085317893,1.0641368054935239,1.1123834413862626,0.9061908434560941,0.0995173180776996,0.41624120738840764,1.0,1.0,0.0,0.8,55,101.3394676794469,408.7365500061776
22,36,0.9619221271374423,1.065512144257391,1.056839717670748,1.1152714612556422,0.9237385651952319,0.09998783199193616,0.4182914978241657,1.0,1.0,0.0,0.8,56,94.82058792352852,401.3928921123991
22,37,0.9581026452930101,1.0581805575892116,1.0490184904064035,1.1047929140179322,0.9034817876145408,0.09779940120884265,0.3548790317029956,1.0,1.0,0.0,0.8,59,60.921307431548406,351.039571625982
22,38,0.962294249424122,1.0694608291481351,1.070911687252037,1.1211201158563302,0.9135330664057544,0.103785561345986,0.3703699813455009,1.0,1.0,0.0,0.8,61,61.87697284574061,338.06403026334664
22,39,0.9593913160565959,1.0661233805224986,1.0675150224682943,1.1214537522470902,0.9030942680735706,0.10107149220250322,0.3502038634011021,1.0,1.0,0.0,0.8,62,61.02668441228966,316.5906450488736
22,40,0.9655594459586316,1.0681015152589466,1.0689232789753875,1.1319528328757102,0.9291447850380883,0.10903620349512466,0.37018441410900743,1.0,1.0,0.0,0.8,63,64.48764483200749,376.15555065469454
22,41,0.37970305399166704,0.4926323715699234,0.5045232485714043,0.6037733868801498,0.32461044261400857,0.08321183500638488,0.6310521976822069,0.3003351586578243,1.0,0.0,0.8,66,117.04092761930022,893.2462388555059
22,42,0.4031732813653174,0.5362980824789672,0.5702509516919575,0.6441959695517132,0.3572234561020394,0.0797836587582286,0.6854828942831726,0.33498761550741396,1.0,0.0,0.8,67,115.20704384193404,795.1721640255568
22,43,0.19852009278178975,0.29739276854238617,0.2977207866508344,0.40546348178595404,0.14578429456799924,0.07370909938804074,0.3748831066769815,0.08725448897374417,1.0,0.0,0.8,69,72.32069900827823,923.3437399514638
22,44,0.42287190168388017,0.5316182148093265,0.5429471825871419,0.6545456092967576,0.3713041659078244,0.08656545177918562,0.6764667794804411,0.35225293852914463,1.0,0.0,0.8,71,109.6475209867984,936.2302676880488
22,45,0.4220676492016582,0.5287711408957217,0.5398291066062806,0.660711238873325,0.37310977614972635,0.08656545177918562,0.6764667794804418,0.3522529385291448,1.0,0.0,0.8,73,103.51631324673087,905.8418024843436
22,46,0.4211848308967948,0.5156000340815962,0.5153349374605127,0.6457881732346971,0.3735204938784346,0.08592407539495331,0.6781386453205189,0.352535295310513,1.0,0.0,0.8,74,105.60803036752849,945.6647472666908
22,47,0.4063506652228943,0.5222029956877292,0.5441683683204058,0.686761856250046,0.3542958034684889,0.08210329284954387,0.6106747724141781,0.3391367502857946,1.0,0.0,0.8,78,111.7114703360825,856.9848205619134
22,48,0.3709576833331243,0.5084982454889426,0.5527274771562123,0.6825347526825316,0.32057244071995905,0.08575082901417297,0.5863805137882006,0.2905809844743021,1.0,0.0,0.8,79,107.11775752186432,843.3090864658478
22,49,0.35681339368731846,0.468746356308775,0.4901966231732638,0.6636755369816023,0.3211811373900999,0.08192644811759067,0.590911567726417,0.2793025962264354,1.0,0.0,0.8,80,108.53212258607844,776.1782408838285
22,50,0.35678908331115206,0.479754088229352,0.512361141058266,0.6725963918358726,0.30546834436813675,0.08192644811759067,0.590911567726417,0.2793025962264351,1.0,0.0,0.8,83,108.18137683947172,774.6168994747345
22,51,0.35645127984709746,0.4896598291372152,0.5333206150960804,0.698362089232095,0.3092842587916456,0.08088014893655063,0.5866304504150304,0.28058612045266923,1.0,0.0,0.8,84,108.33944799764258,756.5279100190706
22,52,0.3574771157310155,0.4654592929911537,0.4863948665129613,0.6823977633914682,0.31096583499765773,0.06716473900997835,0.5477756147105434,0.30040228552620707,1.0,0.0,0.8,88,147.99997604477227,1404.0254443159226
22,53,0.35685946396092116,0.48700377987582566,0.5302659518490747,0.7079332223294517,0.30691694156009236,0.06716353791584095,0.5463968424539452,0.2996461614382063,1.0,0.0,0.8,92,147.56499831352224,1395.8101247182406
22,54,0.3588915905150149,0.498108162725166,0.5522736905523217,0.723353762332429,0.3142566762234899,0.06885422170286251,0.5324432159578754,0.30098080146334605,1.0,0.0,0.8,94,148.07583442447986,1426.820402004092
22,55,0.5077615146056269,0.6679742843140388,0.7443161111570042,0.9802969169170326,0.45914196197022283,0.10598189150335527,0.6428456132477406,0.4411884042626026,1.0,0.0,0.8,120,89.15225905011728,1744.2344448418037
22,56,0.5077614173925793,0.6790711547720449,0.7665782452711669,1.0007217945758586,0.4589326477181416,0.1059818648201289,0.6428454753798434,0.44118831624574406,1.0,0.0,0.8,122,89.15227549560997,1744.234348729159
22,57,0.4066532664890224,0.6093027730886802,0.7300550942610227,0.945944266789501,0.3593927919400894,0.09192232260388457,0.714704299468657,0.3332308958664364,1.0,0.0,0.8,132,93.54458707237406,1674.4494056847295
22,58,0.3543388233948326,0.5458220249316534,0.6553929942323085,0.944511628956744,0.3075703991293249,0.07538899920733863,0.6105186590045454,0.28862726140853195,1.0,0.0,0.8,133,110.97894428276312,2336.4633350213967
22,59,0.35549082901898343,0.5378446675153777,0.6462642201120152,0.9619297960059175,0.32038170277784817,0.07560977688335614,0.6357424611193583,0.293501074498137,1.0,0.0,0.8,137,103.36603443609786,2397.614341692104
22,60,0.5567618133094838,0.7579419419319608,0.8882698634201341,1.2248214928895802,0.5139884332077586,0.10181963307308697,0.673208504556724,0.5136605492048403,1.0,0.0,0.8,149,93.83800799268174,1862.64862998287
22,61,0.5583336847881649,0.747753796077719,0.8668336584962782,1.2086167585719092,0.5174476414905739,0.10349878547001079,0.666239037170502,0.5137847188915765,1.0,0.0,0.8,150,85.13517752633415,1945.5033957833411
22,62,0.5571736853145713,0.7448585285378728,0.8637222193939759,1.2188665354334782,0.5215284797661893,0.10386551169140454,0.6716654599934143,0.5125460035522594,1.0,0.0,0.8,151,94.7857040435621,1925.734358077246
23,0,0.9312017229779675,0.651324543820919,0.6181335879713437,0.030281893487817166,0.0,0.0,0.0,0.0,1.0,0.0,0.8,1,316.9849648155138,1422.6965334480765
23,1,0.8986436541660441,0.6709620001059557,0.6362073445240773,0.06830158006660722,0.0636406871883035,0.03604932752486996,8.653476300436e-05,1.888147927248e-05,1.0,0.0,0.8,3,293.29966513750685,1315.2513734512688
23,2,0.35335122932915936,0.46170533651524476,0.40585212645115515,0.0710696619544513,0.7926130425257457,0.04614121339710113,0.01383729001728777,0.00288676778000122,1.0,0.0,0.8,4,106.58301936674732,376.4677300420392
23,3,0.28462778282924767,0.41938300623308994,0.36930258191652404,0.06202722713964083,0.2418622285717766,0.046988543422847716,0.02687234270035994,0.0058634190940622406,1.0,0.0,0.8,5,97.07220679317798,267.24715134830745
23,4,0.25427766845183103,0.39012262041061496,0.3370397340069168,0.07354606079490301,0.15991594353345293,0.046098014817231546,0.052652288767721246,0.00982775439043454,1.0,0.0,0.8,6,110.39559726557884,103.42360768170016
23,5,0.2545605554541319,0.40134474483793353,0.3589634580756518,0.09498897195931492,0.07562339168838886,0.0523781879023474,0.02516679424292147,0.008222898036531031,1.0,0.0,0.8,7,104.11651123006348,215.83402920340475
23,6,0.23904914534772945,0.37374783802480455,0.3191885954597677,0.07708742410508407,0.08845647356813922,0.04600605154336709,0.04812726646294323,0.00886054502224693,1.0,0.0,0.8,8,80.80345441991298,100.25481335157365
23,7,0.23181985994267668,0.35433180364160366,0.28777289351489616,0.07285754680743134,0.08295651903373338,0.04660578982008105,0.04734009259545074,0.00866975542767684,1.0,0.0,0.8,9,82.96545730488117,100.89885776922095
23,8,0.2187937728783951,0.33887480018491023,0.27093998593084856,0.07675002881260098,0.10114585890726024,0.04588833579209522,0.08612288535300328,0.008312994641936319,1.0,0.0,0.8,10,101.04551036802204,350.5634087924797
23,9,0.21475603970656562,0.3451482314249987,0.28801883097753495,0.08406405695343841,0.06412058355676457,0.04455635459226874,0.06619921734012976,0.00867289603276363,1.0,0.0,0.8,11,86.91968324309386,137.9499443560036
23,10,0.21532954589250072,0.331963082230299,0.26256605882343775,0.09020251634747985,0.09996253496756703,0.056565790236644674,0.03342554302256444,0.00552764162517971,1.0,0.0,0.8,12,67.60257012032056,2227.0652978138683
23,11,0.21348772616211747,0.3510309423210795,0.3035028572528213,0.10726128433270377,0.07080174302476079,0.058000866644927054,0.0389406245758145,0.00588770635139284,1.0,0.0,0.8,14,59.1695215234775,3180.7202386448826
23,12,0.20783324916469942,0.32216011095764413,0.2519476792495715,0.09931782211859312,0.07222112756809596,0.055334314438003164,0.03801567104860434,0.00552006676343045,1.0,0.0,0.8,15,57.47289246348934,2374.471584831142
23,13,0.1690078326854965,0.3228213074094831,0.29574941587663806,0.10862358614647358,0.058816438851297864,0.02722305781114781,0.14511046420848278,0.00596875009387293,1.0,0.0,0.8,17,75.84214792127362,492.8459365238061
23,14,0.19431671452949592,0.3145484548900623,0.2538977666774961,0.11822448570778427,0.0608062237666664,0.052192847620701886,0.0490640853438093,0.00711711103777765,1.0,0.0,0.8,18,47.83166429591678,1857.147408551172
23,15,0.1631761490330344,0.3356275417975595,0.32991278692269277,0.1336567539090833,0.043308722943487137,0.03041597610452213,0.0726123382845136,0.00302657356287292,1.0,0.0,0.8,21,69.87096217650645,505.999808199168
23,16,0.16186769223490344,0.29713001286246404,0.25692511908336674,0.12371037730724758,0.07341815745604384,0.03675293474351764,0.0630181871720215,0.00165171961904227,1.0,0.0,0.8,22,83.40637122325316,527.7802098186072
23,17,0.15900925817335565,0.30028331539711267,0.27007451226242807,0.1410272769948262,0.06289322112626693,0.040894931361187194,0.06282408918856973,0.0018983149695671099,1.0,0.0,0.8,24,64.20940573585536,577.8650531319169
23,18,0.1587296421296449,0.2874202660084108,0.2457178498354597,0.1367097888548311,0.05567330297100476,0.04228343896774807,0.06315469938937418,0.00226562918199549,1.0,0.0,0.8,25,62.995618998356825,604.4555225078029
23,19,0.16652933257255007,0.3173577482225604,0.3068682718662582,0.18124737529882515,0.14535282262654023,0.03985014298529951,0.12522625755430683,0.03109439231395822,1.0,0.0,0.8,26,94.89179751483624,6888.935448373609
23,20,0.20253969502933997,0.3590710866944325,0.35873707760976214,0.2426119775515714,0.12371098439126035,0.04582644411783627,0.10431564759275529,0.07515653302261092,1.0,0.0,0.8,28,42.8990268371233,1108.2056526833524
23,21,0.16465291671869003,0.3099488001110094,0.2984238403036204,0.198726635682558,0.06864402765862365,0.044235460685269914,0.12090393418946291,0.029947929666262352,1.0,0.0,0.8,30,99.7449722735422,6744.88495464129
23,22,0.14993289334460821,0.28273374817588975,0.25978870167443296,0.16995172090516864,0.06375594733404757,0.048763299429281357,0.11932971708433068,0.00748844948713954,1.0,0.0,0.8,31,79.6900472213401,17055.9018615998
23,23,0.15597510355701288,0.28632020970817146,0.2629341040954655,0.17175162083857307,0.07854176978678781,0.0381194931004053,0.12843058239300867,0.03106728751599458,1.0,0.0,0.8,32,89.5324786374147,6844.966867814168
23,24,0.1600115453648177,0.28982114225153155,0.2663405693833155,0.1940571792426751,0.07076554338258854,0.04486341738972409,0.1042923758349367,0.02825239073353507,1.0,0.0,0.8,33,50.69166140539125,1694.9783506351002
23,25,0.14953696982715203,0.2888421636573807,0.28553761697527924,0.20666117576430876,0.14292628084756126,0.04292485433116987,0.12223610162990668,0.03000430254058467,1.0,0.0,0.8,34,103.17618638537976,6740.0366779997785
23,26,0.14893972245561185,0.27586350356813244,0.26118483722963504,0.2033657051185178,0.07092258531640536,0.043442402596758536,0.11969464650087902,0.029746982533946042,1.0,0.0,0.8,36,92.26300086758448,6564.283717756025
23,27,0.14593670292333707,0.2725194286970733,0.25778534737732933,0.20652098636750782,0.065456690505919,0.04189111052152479,0.1189348605825555,0.0282326310126243,1.0,0.0,0.8,38,83.09993830737338,6422.199210319607
23,28,0.14548943410256662,0.27980287058626124,0.2756950503874595,0.2240075746625537,0.07266466023677132,0.04369362296421039,0.10560894163629171,0.02829269860477069,1.0,0.0,0.8,41,54.66604783500801,1694.142400297602
23,29,0.14538513202534478,0.31122089811489095,0.34032932630856955,0.2598133579844336,0.06903477156524254,0.04319006645208888,0.11751782833866271,0.03025196640888091,1.0,0.0,0.8,47,108.82769097014992,6791.788649383213
23,30,0.14477121897074818,0.29889180369739066,0.31673766460766606,0.2634509468028999,0.07062181533199122,0.047990441602785386,0.08307768701831743,0.02398902130546,1.0,0.0,0.8,48,48.441123420204455,1527.7163590903956
23,31,0.13654254947644262,0.2897685752652793,0.30747396706218394,0.26222127963183806,0.06451266242365392,0.044835550247962055,0.0857491593318512,0.01837321227277485,1.0,0.0,0.8,49,44.682176285092,2387.7377820210017
23,32,0.14326928903319042,0.2842010259663756,0.2905551693017936,0.2662277504291439,0.07027774859116477,0.0477924337789793,0.0846721359732859,0.02402984356005078,1.0,0.0,0.8,51,48.14948936137907,1538.3697821582343
23,33,0.15202927389000198,0.30370915161247525,0.32117437539269733,0.284994032775047,0.07792211822362388,0.049818917402084786,0.09962132356769379,0.03272366158279611,1.0,0.0,0.8,52,73.57684215814393,4171.190541247637
23,34,0.13157363366133307,0.2939724232852581,0.3225446771154247,0.29151947176055687,0.05646204737810115,0.04356823144118395,0.08353815367586294,0.01526205894418901,1.0,0.0,0.8,55,44.24704975440133,2396.523447016866
23,35,0.1356480438133641,0.2972692095631231,0.32572101273297815,0.30261352054266677,0.0624550841715414,0.04720937465473366,0.08360309099199927,0.01640911083260751,1.0,0.0,0.8,57,47.982929317964015,2487.3907797961688
23,36,0.1339286825857564,0.295153042735065,0.3235440312949968,0.3010772640539003,0.06101908036336588,0.04643376934541525,0.08355980978847008,0.01553623331820087,1.0,0.0,0.8,58,46.859978257268686,2459.8373600951622
23,37,0.13403100028611192,0.29382054338948377,0.32199131819213367,0.3084907198412466,0.0676080149248792,0.04683249810454978,0.0830513365423754,0.016263043280087118,1.0,0.0,0.8,59,45.176954101126526,2447.2470186190358
23,38,0.1340402778324739,0.2937608164629711,0.32192104058286863,0.3085309869198457,0.06026503117591975,0.04684923167233902,0.08263289500061279,0.01630589295805676,1.0,0.0,0.8,60,45.20116944476896,2447.514936263364
23,39,0.9147301085030348,1.1382788336200202,1.233012080305226,1.2609334565353203,0.8431528890884781,0.04222878038766264,0.9509597240165222,1.0,1.0,0.0,0.8,76,49.44492325367078,1842.9515878128
23,40,0.9142802952736957,1.1481513087870725,1.2539331839650887,1.2764323409320844,0.8442767944222205,0.04222878038766264,0.9509597240165224,1.0,1.0,0.0,0.8,78,52.63773403204827,1808.351597630759
23,41,0.9251912429850675,1.2024468105184527,1.3526915421875372,1.3177529279360607,0.8641722314035608,0.05422201969092766,1.0,1.0,1.0,0.0,0.8,79,38.969489720235565,814.9008894185409
23,42,0.8997337599243932,1.1483310850643622,1.2849121264661574,1.317737272421442,0.9226327034035272,0.03744725859973156,0.9851741232943596,1.0,1.0,0.0,0.8,80,44.11891081044064,5367.104642291893
23,43,0.9070804924470461,1.1670951235397924,1.3245169647348363,1.3284470084932454,0.9022847784040124,0.04967000337012627,1.0,1.0,1.0,0.0,0.8,81,34.562457523529915,697.2482377548746
23,44,0.9066341351364053,1.1655848061987435,1.3228627656322676,1.3245293758935044,0.8546824208675371,0.04967000337012628,1.0,1.0,1.0,0.0,0.8,82,35.3170581320953,691.9289567758534
23,45,0.906114494745375,1.1749236455005212,1.3431995338806868,1.347616491361329,0.8555492118213295,0.04967000337012627,1.0,1.0,1.0,0.0,0.8,83,37.728329823725815,677.943456769328
23,46,0.9051133347183096,1.1734310598905355,1.3416407258620207,1.354892372266605,0.8500465679436374,0.04887479339432529,1.0,1.0,1.0,0.0,0.8,85,39.74101719713635,652.8341165514233
23,47,0.8989602031240884,1.1771663561260994,1.3563783824411149,1.3532952999912404,0.8489783208237599,0.04322451591630267,1.0,1.0,1.0,0.0,0.8,86,29.570527016685315,935.3863205258968
23,48,0.8943227434587235,1.1445978765175726,1.300713312084694,1.3597539223226613,0.8462982212290211,0.040895486670454353,1.0,1.0,1.0,0.0,0.8,91,53.36657347935952,5894.675871841601
23,49,0.8905985073170395,1.1710428088035125,1.3602333681562615,1.410963194458049,0.8415979031605173,0.03846930475975829,1.0,1.0,1.0,0.0,0.8,96,47.73489650264043,5824.554907829831
23,50,0.8847915916781843,1.1589028086036675,1.3472757268833417,1.4201271234670945,0.8489316981119938,0.03491912331590586,1.0,1.0,1.0,0.0,0.8,98,33.35248908313318,4943.821194388272
23,51,0.8819025615323068,1.1380109925029784,1.3143308623105505,1.4264484708495075,0.8501072854068574,0.034450753158445466,1.0,1.0,1.0,0.0,0.8,100,33.33836562349352,5004.255967001014
23,52,0.881526164721564,1.145386514909465,1.3324463224222503,1.432065318918117,0.8501995814423421,0.03519760882912329,1.0,1.0,1.0,0.0,0.8,101,34.44561145507079,5185.582140700638
23,53,0.8809617763713474,1.1443172076791999,1.3313131163689818,1.4467933212801363,0.8355519671836233,0.03480010876861086,1.0,1.0,1.0,0.0,0.8,104,33.6710154215411,5127.600330180726
23,54,0.8820169218611473,1.178656113445415,1.3991468674219716,1.4904607828535585,0.8358658852467107,0.03585767887888317,1.0,1.0,1.0,0.0,0.8,108,32.34114063738187,5238.547563477191
23,55,0.8827022730262373,1.1793130397709433,1.3998000874844718,1.5091222358630252,0.8365771552273493,0.03655465117684936,1.0,1.0,1.0,0.0,0.8,115,31.8467375267204,4686.646887848726
23,56,0.8810874593349255,1.1982290949513486,1.440836708514413,1.5209797438353458,0.8391756179036323,0.03548260161968048,1.0,1.0,1.0,0.0,0.8,117,36.325259943026346,5001.364048858506
23,57,0.8810266522068039,1.2090891341149907,1.4628398325029812,1.5340704998930983,0.8358692692619167,0.03547883730491079,1.0,1.0,1.0,0.0,0.8,119,36.04500655826159,4871.376784228434
23,58,0.8824166592563598,1.2213303529918185,1.4862154488885624,1.6331824872825944,0.8369941671204187,0.03694862089768091,1.0,1.0,1.0,0.0,0.8,143,28.04924445006468,4458.312416717632
23,59,0.8798954264772463,1.2402431475046916,1.5273631638488632,1.7186863991505126,0.836350701188708,0.03467303212911244,1.0,1.0,1.0,0.0,0.8,145,35.90183650683594,4584.527972810181
23,60,0.8830986760129201,1.244340109258631,1.53157255811713,1.693021532634361,0.8444515038172069,0.037587664062560325,1.0,1.0,1.0,0.0,0.8,146,32.98128573361663,4800.667796289172
23,61,0.8765046604578463,1.27803972562202,1.60941925746966,1.7470831624611471,0.8341356744887383,0.03230104464152861,1.0,1.0,1.0,0.0,0.8,150,64.73758681047585,5072.583332976581
23,62,0.8783182004906875,1.290588108918047,1.633087508213864,1.7749837950863079,0.8348790368957048,0.03422996415566676,1.0,1.0,1.0,0.0,0.8,155,65.62132369521035,5019.582514673763
23,63,0.8774109518676504,1.2671014157410205,1.587222225175692,1.8227594542416252,0.833458142488362,0.03344078630807746,1.0,1.0,1.0,0.0,0.8,157,66.87111448393104,5075.004635731057
23,64,0.8788780085303551,1.3212313385368768,1.6968270189774515,1.8357790751562943,0.8373290187009833,0.03577907515629422,1.0,1.0,1.0,0.0,0.8,165,66.43422545952689,5009.253353903056
24,0,0.9112436868765943,0.6466741311907749,0.6130404631611646,0.029830583632392577,0.0,0.0,0.0,0.0,1.0,0.0,0.8,1,367.1148222417406,1358.9421840141774
24,1,0.8971485230269283,0.6831409073836383,0.6479491522715555,0.08462559018086291,0.08031015525656329,0.05280657188629438,8.309962886014e-05,3.426011803378e-05,1.0,0.0,0.8,3,337.8583633413777,1269.089204103889
24,2,0.8877886101922211,0.676064727270015,0.6407994942806776,0.08067506778309533,0.04914202340068911,0.04642493697134953,0.00053619106390526,0.00013188079850866998,1.0,0.0,0.8,4,306.62161963777385,1387.0956240020405
24,3,0.841557387823027,0.674205506371612,0.6374208316252319,0.09620851068233616,0.11420347300369126,0.060522744587418485,0.00033239851544056997,0.00013704047213510998,1.0,0.0,0.8,5,308.3772548984674,1193.246280366433
24,4,0.5999205771561222,0.6919444491557367,0.6389380594847527,0.27101230298872153,0.8210741094055822,0.1066802335281137,0.17569174898849182,0.1776287988186755,1.0,0.0,0.8,6,128.0689751201653,444.125938157345
24,5,0.3981917973345453,0.5263137645146003,0.4942998861233165,0.10178298476647205,0.13398563253010737,0.06924622572630632,0.01749069378406505,0.00721102177896939,1.0,0.0,0.8,7,133.89165915091957,528.0411807212429
24,6,0.4864789555253289,0.5917640458346437,0.5365379029105771,0.21109507022037177,0.17575899984559085,0.10235793159263726,0.08891746275623504,0.08695443319824794,1.0,0.0,0.8,12,112.92515724594118,368.31352742064126
24,7,0.4502271707870543,0.5670740035064123,0.5090330643661412,0.21310184796975248,0.27607103022311413,0.11244348471574706,0.08243062690020363,0.08044766776733485,1.0,0.0,0.8,13,67.39765956084851,300.0918812872646
24,8,0.4319259740875428,0.5512323514809713,0.49232891994253364,0.21194931115816518,0.18522977340487762,0.1071111139054802,0.08322500672520779,0.07863632971149706,1.0,0.0,0.8,15,73.56029040294361,282.5887353895066
24,9,0.4225213427211015,0.5557408977609428,0.5067649166620326,0.22185696941742533,0.19841551154235715,0.10703442387246462,0.1247407246921904,0.08675010248003741,1.0,0.0,0.8,17,73.73651321454528,298.7955260944276
24,10,0.40251614008029785,0.5366160083880722,0.4870353813749924,0.20800808699625545,0.18468380087685776,0.10721525059057031,0.08424586592396124,0.07055836252488167,1.0,0.0,0.8,18,65.15802737399645,232.12862352367245
24,11,0.38025763258577067,0.5144202593685391,0.46479636513212613,0.19829824868775692,0.14268412903133837,0.08969597178794284,0.12712375925124436,0.06528086878135433,1.0,0.0,0.8,20,115.23037665698726,252.58594121463832
24,12,0.36678642545273826,0.5136862355363988,0.47350211214711935,0.2209187914238245,0.20911683073106807,0.10095571574761479,0.10043078119809326,0.05907676039261127,1.0,0.0,0.8,21,79.6814534488173,474.00143780940607
24,13,0.3570655363557091,0.5041237733406783,0.46349991957388353,0.22069309694836617,0.15103342478605405,0.09709559211432181,0.10056515549378486,0.057723119293556835,1.0,0.0,0.8,23,86.52212751324178,442.6379791654467
24,14,0.34464086317666126,0.49173864587580507,0.45071213182855147,0.21760599841426337,0.14927257431639052,0.09466329023109143,0.09725128257893492,0.05056955263080689,1.0,0.0,0.8,24,101.49402927552282,412.09533827853335
24,15,0.3454722092918515,0.49255565146428426,0.45122335879157405,0.21583578535122938,0.1499326124918578,0.09663726257626223,0.09586834365753,0.05313852440240143,1.0,0.0,0.8,25,93.6171991160926,395.3974675395223
24,16,0.42269622266499174,0.5585043751414795,0.5053745343748469,0.29098490169208774,0.245132268786052,0.11075334245542665,0.10612641202805724,0.14010214064389595,1.0,0.0,0.8,26,96.617951511099,229.26008572818327
24,17,0.41572955535668,0.5620449689506716,0.519179988123845,0.31337962203528436,0.24062002438724692,0.1172619157478852,0.10870511627276362,0.1343462658163307,1.0,0.0,0.8,28,94.6908116096352,275.8868358536589
24,18,0.39767143533456417,0.554642523321722,0.5224894067308667,0.30763549790492456,0.21899506509555666,0.11112352966921066,0.10833308995334093,0.1248471638267731,1.0,0.0,0.8,30,96.06945255795358,354.4184774340422
24,19,0.5589738746074493,0.715399200852443,0.6827848025495109,0.47276739890908065,0.3928740165533376,0.12536804070961843,0.12664346003034974,0.3140448544195518,1.0,0.0,0.8,31,78.94049550788404,452.24407415621096
24,20,0.3108924385568568,0.47681766923856844,0.4543168427378912,0.23593978781162275,0.17507299927313222,0.09433640087457455,0.09608472514287768,0.054548013383883355,1.0,0.0,0.8,32,121.25466156618911,441.7391317511599
24,21,0.45659880635168426,0.6087284999296023,0.5737285499722391,0.39425173316860745,0.3185154396117077,0.1113028438361002,0.1753569353343018,0.22961378813566044,1.0,0.0,0.8,34,94.69437950925747,1565.9430112922098
24,29,0.3543978272765607,0.5670908993674111,0.5968701059262191,0.37292449396596355,0.2249728172437508,0.13061681666501568,0.07994624819179703,0.09925452393372745,1.0,0.0,0.8,48,54.818010157265576,685.3909329672734
24,30,0.3433276931783209,0.5290144666355102,0.5350056316941523,0.34010210526595963,0.26148078877599906,0.13923689515783738,0.07358114521638341,0.08776370677021113,1.0,0.0,0.8,49,72.56064978424263,647.7769264302926
24,31,0.3408206945759564,0.5251939371810163,0.5308595250356261,0.3393476309401852,0.21995656337257957,0.13806452066636093,0.07399640178324658,0.08872924609611177,1.0,0.0,0.8,50,64.1103199807437,688.8232678778578
24,32,0.33756268296104597,0.5198154072502117,0.5249309502742319,0.33917608099202157,0.22878328551930954,0.13923689515783744,0.07358114521638341,0.08776370677021113,1.0,0.0,0.8,51,73.67993964580879,606.6519441885063
24,33,0.29940565274083275,0.465926433451665,0.458744457650681,0.31656405883434197,0.19852576334033703,0.117453782445022,0.07071230767792669,0.07636796384815325,1.0,0.0,0.8,53,84.9253434022337,506.45699700016
24,34,0.2989039912596494,0.45361151744036177,0.43509853419884154,0.3137184090510217,0.18199157516799008,0.1168846730428192,0.06960596471878475,0.07773605514239869,1.0,0.0,0.8,55,92.24240378976482,413.2925057467334
24,35,0.3001384722499898,0.45439543300905283,0.4357788643502204,0.31548158580765295,0.18458526816058785,0.1168775890052581,0.07741348158622964,0.08008365847183149,1.0,0.0,0.8,56,92.6713195190878,481.7779445705592
24,36,0.29821542002606527,0.4524348600937672,0.4338096662624119,0.31359984434919974,0.17937208507943364,0.1168846730428192,0.06960596471878477,0.07773605514239865,1.0,0.0,0.8,57,90.17638423068524,419.4989518687565
24,37,0.29423229095348064,0.45866653105017513,0.45100556092296185,0.33242160911997765,0.18341462180927243,0.11297606946596994,0.06982867485504687,0.07918116994956385,1.0,0.0,0.8,58,90.3106237554715,458.84858923363055
24,38,0.28666562422421826,0.4904172320861951,0.526294498434942,0.3688520890720953,0.18548959632342055,0.11640373102751231,0.08320484552203124,0.07384475378098462,1.0,0.0,0.8,62,108.7956788458321,422.9437766321209
24,39,0.2826703753142903,0.4828784296131658,0.5180380870005871,0.36809304911181295,0.18791713875014845,0.11640373102751231,0.08320484552203126,0.07384475378098461,1.0,0.0,0.8,64,97.31175663290765,437.6161874637999
24,40,0.28501035868020014,0.4851345850034636,0.5202772870074223,0.37051146988575845,0.17821417388741756,0.11881926251221694,0.08258179335497959,0.07386862274833209,1.0,0.0,0.8,66,96.65042619911708,400.7854385278465
24,41,0.30770745509931474,0.49266977851504345,0.5158414920764551,0.38388826312179136,0.21923548756957206,0.111189812772261,0.15901426980009453,0.11727765747713,1.0,0.0,0.8,68,63.34775507693151,435.8535030485448
24,42,0.26705557249910233,0.46305790523291485,0.5065004659444721,0.37115964674482416,0.24746375465421908,0.12218953745323849,0.06405405341854235,0.06581701201401022,1.0,0.0,0.8,69,98.12019965144034,447.9358079475951
24,43,0.2667640946181056,0.462263335658733,0.5056172240655922,0.37120572094582893,0.17576144573710004,0.12234567705729278,0.06381735713437406,0.06579275264696235,1.0,0.0,0.8,73,96.24825315295902,447.2701441184465
24,44,0.2632271248690733,0.4546325894960059,0.49727654160898904,0.3902110650965314,0.18315353711335006,0.12189092940736324,0.06816319777371337,0.06614487270931499,1.0,0.0,0.8,76,95.06983836706095,465.5034365758696
24,45,0.267899584498268,0.4920236981498448,0.5680658958827808,0.46612530607887015,0.18050912630103272,0.1248550042336293,0.2587084468072144,0.06884864554227582,1.0,0.0,0.8,82,82.89604751243246,908.2563306539464
24,46,0.6209430195952217,0.8333407917743838,0.898110684765479,0.8296817504920966,0.5372435353315723,0.11805182228372016,0.7960275817306588,0.5192740309135289,1.0,0.0,0.8,83,89.9846120033933,1013.6782812759492
24,47,0.4842710658111462,0.7136989944133006,0.7999358666996048,0.7113325478497884,0.41597021306740417,0.1199017161294839,0.9974962409023732,0.3510075009634137,1.0,0.0,0.8,85,81.9838416966428,520.1062036162675
24,48,0.3680315850061946,0.5922602853212013,0.6776561776236945,0.5909278289477069,0.3176956613802317,0.10826677258885715,0.7231209737649374,0.22479549208971758,1.0,0.0,0.8,86,78.52042088439595,370.4345235464704
24,49,0.43239846157637646,0.6452589935473299,0.719446439634122,0.6658325172885119,0.3531614394861339,0.11443267194153468,0.6813117106983869,0.29777591248227137,1.0,0.0,0.8,89,74.85797780364393,353.2554088024588
24,50,0.3674760076148531,0.5784329649336268,0.6523182806143573,0.591472624087334,0.2996560156220248,0.11518740114396184,0.66295187253017,0.21726752204796881,1.0,0.0,0.8,90,83.14696918616022,430.99365199584736
24,51,0.4699499878824173,0.680778307334335,0.7641018787274676,0.7292436499833621,0.42885383783221476,0.11307065945323698,1.0,0.3566510079090795,1.0,0.0,0.8,92,97.0189325773021,1186.8227203582687
24,52,0.47426037421503053,0.6937543080086868,0.7878804937068786,0.7504568660730713,0.410473238440129,0.11486548732902709,0.9895379908757403,0.36151934343191555,1.0,0.0,0.8,94,95.97012915740773,1209.7313907351047
24,53,0.42095211656613574,0.651107225018897,0.7563341439535574,0.7113609030288088,0.35158605267005605,0.10953773757333107,0.8784521961955678,0.30184803942493643,1.0,0.0,0.8,98,102.64808036387986,1029.9867765512963
24,54,0.448817874222095,0.6785563807764212,0.7837214363355505,0.7429024727563669,0.3798378346489465,0.11520861001184346,0.8834455912512059,0.3298809143798279,1.0,0.0,0.8,101,89.73423101199377,1144.4294201830596
24,55,0.44194078313949925,0.6682477805267975,0.7729085213451059,0.7408894640176131,0.39190085210978254,0.11038906321384163,0.9441146738153892,0.3296443274348968,1.0,0.0,0.8,102,97.66423744396438,1185.0777322115937
24,56,0.44182054792089503,0.6679019289466537,0.7725296999063647,0.7408546109338277,0.3746850157654738,0.11038906321384163,0.9441146738153889,0.3296443274348968,1.0,0.0,0.8,104,100.42443306636578,1175.9458754275329
24,57,0.41961592539546166,0.6453213828211911,0.7498941457484889,0.7187999642201238,0.35258879003976,0.10849164255692104,0.8954326358787339,0.3045123910642563,1.0,0.0,0.8,108,106.53742961969024,1074.4521312824677
24,58,0.4646312771724282,0.7005514909003947,0.8161613777560204,0.7757554327591052,0.399836017571441,0.11379311987326027,0.916452045889858,0.3547350862098744,1.0,0.0,0.8,110,94.52952842931673,1207.970327578478
24,59,0.36616151908611955,0.6166409463095378,0.7534875587563885,0.7829588143856435,0.30523671436622934,0.10647315831476452,0.7806377532353754,0.24561786208228117,1.0,0.0,0.8,127,122.60429754566375,882.7701218505844
24,60,0.37211759936105854,0.622382263108515,0.7591985522408413,0.8017272218061477,0.3091805457411527,0.10582606246724735,0.810074650064666,0.2540019326795121,1.0,0.0,0.8,134,119.09791818469571,376.4319224731202
24,61,1.036168225916991,1.3192134095328303,1.4894535330411283,1.5575747918590443,0.9737488997912274,0.17332500064059256,0.7402231726251541,1.0,1.0,0.0,0.8,140,115.81429707885692,926.785183555676
24,62,1.0361682259591385,1.3192134095328303,1.4894535330411283,1.5575747918590443,0.9733250479246136,0.17332500064059256,0.7402231726251539,1.0,1.0,0.0,0.8,142,115.81429644287408,926.7851845799012
24,63,0.587251591043715,0.7989209716570218,0.9014982256865989,1.049181518239274,0.5300490280530472,0.12451780241132496,1.0,0.5026812443574605,1.0,0.0,0.8,149,51.02207474626406,1235.2063167906476
24,64,0.6046126513044422,0.7884016494205973,0.8678652822017654,1.0667227684453153,0.5557468578081137,0.13008780562965055,1.0,0.5205956936185181,1.0,0.0,0.8,152,42.87314514867088,1537.9822282371508
24,65,0.5952861347411698,0.789170947073436,0.8796633667486153,1.0833305050165034,0.542526061015102,0.12847622132794037,1.0,0.5114934481908926,1.0,0.0,0.8,153,46.45320357055681,1376.1814629083694
24,66,0.6000912841264049,0.7906283061747581,0.8806670239414875,1.124184439260133,0.5492284674871459,0.12704518764102823,1.0,0.5210620475331365,1.0,0.0,0.8,156,60.38350007819473,3579.4366383626743
24,67,0.6002821859575798,0.8019119071429374,0.9031152392223669,1.1243765022434513,0.5440927976084707,0.12719701040112602,1.0,0.5211131805908951,1.0,0.0,0.8,160,60.57757875252752,3576.811336307493
24,68,0.5925681300007284,0.8047813125726764,0.9170808795746668,1.133610127660095,0.5390276262263566,0.12670684270761048,1.0,0.5123505149914157,1.0,0.0,0.8,161,60.24602769576181,3610.5407569526064
24,69,0.9317437442147972,1.1381941335956556,1.2497230439343265,1.5080275300170451,0.8849013359946191,0.11889373571546051,1.0,0.949002364451377,1.0,0.0,0.8,165,48.6025890526026,1492.4499497150234
24,70,0.931342217416401,1.1367638235356927,1.2481565923706641,1.5078834111080557,0.8804850954019863,0.1188937357154605,1.0,0.9490023644513771,1.0,0.0,0.8,167,45.91487808134869,1515.009924167448
24,71,0.9335941180960178,1.1591102337451582,1.2925563457223213,1.5676250494353097,0.8827906025153666,0.11921647624675864,1.0,0.9524289114840652,1.0,0.0,0.8,173,47.26130163299332,1503.764027149028
24,72,0.9318531188249719,1.157128258667971,1.2905426776266613,1.5698026910257412,0.8796490026195504,0.11935490653302401,1.0,0.9501948447943958,1.0,0.0,0.8,181,45.19661656030162,1533.2258493179197
25,0,0.8905343160280357,0.641740772176092,0.6076374266831028,0.02935182484607598,0.0,0.0,0.0,0.0,1.0,0.0,0.8,1,404.467432917605,1468.6822761763294
25,1,0.8902256387210777,0.6900530906750835,0.6544062339037814,0.09585566987202039,0.09174980149974278,0.06445904730626258,8.481896479638e-05,8.63701561811e-05,1.0,0.0,0.8,3,372.4896303316604,1367.4908052157464
25,2,1.385064344470779,1.4333610193289164,1.385424159159836,0.9582554369852151,1.3754748668922498,0.1369441178966167,0.2467198181649363,1.0,1.0,0.0,0.8,4,241.12001529580667,2484.572593151576
25,3,0.9637824484847592,1.0994366893125147,1.0460058304257354,0.7767723290765346,1.05818882831346,0.13660820722458417,0.15366177999628344,0.7879023280473609,1.0,0.0,0.8,6,131.6955568270041,1207.7260322109162
25,4,0.28696856243255325,0.4193134793948954,0.3631310498746621,0.12585749594897125,0.21292757085759056,0.09494060912979581,0.01408436796993196,0.025963297101212878,1.0,0.0,0.8,7,78.72234889228022,401.8061488946568
25,5,0.27706429447319836,0.4165833520624215,0.3697925407000274,0.1354666142926773,0.15171561384848878,0.09511871389150728,0.01722350909907181,0.031750028458451776,1.0,0.0,0.8,9,103.06540105221094,338.19436814874825
25,6,0.6068736012051061,0.739571791353264,0.6904800714197132,0.48738870922725513,0.5488868563569484,0.15064877014994432,0.07824657723241336,0.3962865504920471,1.0,0.0,0.8,10,81.93367370841096,1317.10242436281
25,7,0.5951300064578267,0.7234388802112741,0.6731267073433815,0.4875601875443698,0.4858678815655364,0.15329570664542655,0.07591614491624096,0.3888379613208177,1.0,0.0,0.8,12,75.3222019564319,1239.5181092870118
25,8,0.5986637313643263,0.725559689186512,0.6748815109863506,0.4955151156949571,0.4832304356945578,0.15482579978027028,0.07675969372798656,0.3943837777490988,1.0,0.0,0.8,13,74.80487390582951,1289.1056271097525
25,9,0.5858836625737944,0.7169440196532315,0.6757683182735188,0.5069247676322963,0.5267271198611775,0.15049395483124145,0.07918089778548182,0.3969903564652523,1.0,0.0,0.8,14,81.73474941608599,1310.674003234678
25,10,0.5852745026788124,0.7161157499451776,0.674890558269051,0.5109659887098525,0.46952347020520935,0.15058159614266775,0.07907365140051997,0.3964952622753827,1.0,0.0,0.8,15,81.52762256290478,1307.3708475107533
25,11,0.5746508896001014,0.6995293183525921,0.6570142551331137,0.5075675778629344,0.5102387628865843,0.15314634141933398,0.0768157758784919,0.3894949755558615,1.0,0.0,0.8,16,75.23192347432114,1224.9847521605172
25,12,0.5757178011167905,0.6987471145305023,0.6558512148065698,0.5130748665520181,0.48139114129715543,0.15245515850136387,0.07722849659602969,0.39438101951515875,1.0,0.0,0.8,17,72.00566860217147,1187.686529896401
25,13,0.5662987432396078,0.6872518037674782,0.6439378506345961,0.508220828555326,0.4756015547407796,0.1551879102529084,0.07453547293629843,0.3820859648026518,1.0,0.0,0.8,18,70.42450987490389,1146.7247997242623
25,14,0.5672577683289561,0.6861782203165445,0.6424637577346375,0.513621583364186,0.47811567226292007,0.1544514699554591,0.07507371189151722,0.3869238504650883,1.0,0.0,0.8,19,66.25257605649338,1110.7716285478866
25,15,0.5672124954331553,0.6971868835388064,0.6646294909595141,0.5212060788652735,0.4641391666791974,0.15445146995545914,0.07507371189151721,0.3869238504650888,1.0,0.0,0.8,21,66.36658380756283,1116.9041319720477
25,16,0.5668113576173213,0.6852728433965172,0.6414690550664386,0.5317579822302345,0.4668763963574183,0.15728314753292635,0.0743900669565751,0.38342533748739194,1.0,0.0,0.8,22,67.54133189437763,1124.2943861991514
25,17,0.5589673216270192,0.675936768718694,0.6318450748315048,0.5200808139342245,0.46787969681770614,0.1556923208573869,0.0728402127154842,0.377524862324004,1.0,0.0,0.8,23,64.96654754239387,1132.8388016218998
25,18,0.5701260222988026,0.6862363516295327,0.641980962378838,0.5426930655167973,0.4755002089626781,0.15848152094656467,0.07611103956588054,0.38906203114776317,1.0,0.0,0.8,24,64.68251879857533,1195.470543823659
25,19,0.5686521747602429,0.6844566446040523,0.6401433740790101,0.5362263490008786,0.47060222016391606,0.1567339600649929,0.07413282043467165,0.3897827642760886,1.0,0.0,0.8,25,64.34412830156542,1163.7280207546526
25,20,0.563579941964235,0.6788007324423795,0.6343773809855007,0.5368471832699637,0.46793486634705606,0.156542523246211,0.07445925207695672,0.3843971693249179,1.0,0.0,0.8,26,64.22528837897597,1147.4261503753958
25,21,0.5570228716698435,0.6717577928554036,0.6272430686061364,0.5417233329488584,0.4611981285507153,0.15608975939873818,0.07384293673589468,0.37735871222893247,1.0,0.0,0.8,27,64.0383092979092,1139.1655522091976
25,22,0.5664779576001634,0.6801527938123088,0.635440104277369,0.5439972729932958,0.4754407868736486,0.15427031434995103,0.07477437912426635,0.3927270063713395,1.0,0.0,0.8,28,62.723765448459446,1225.021673731443
25,23,0.5666547626052749,0.6799440828400302,0.6351599576986837,0.5582977036831356,0.4715063717600978,0.1573239204272628,0.07510604263729007,0.3895865498686887,1.0,0.0,0.8,29,63.62660901635432,1170.1325634645889
25,24,0.6018297661654038,0.722543731881126,0.6882539413060923,0.5963420136703368,0.5312598658801158,0.15861320813789753,0.14633914428708492,0.43616541678966153,1.0,0.0,0.8,30,64.41374009641063,1339.7944631980265
25,25,0.59786865876956,0.7102821907148968,0.6745450344592987,0.6034909710289283,0.5360012575125613,0.16090805877441905,0.14627547629637522,0.43697546616465194,1.0,0.0,0.8,32,66.4289452397231,1379.1949915703829
25,26,0.5973119065949257,0.7048543586157612,0.6683040575509872,0.6114581638431593,0.52793610637214,0.1632739686563731,0.14629123895375776,0.43791108582115046,1.0,0.0,0.8,34,70.36488529117202,1422.254312593658
25,27,0.5993856745419963,0.7061541404213403,0.6694769286752715,0.6199229258532627,0.5207070609563342,0.1637905292632431,0.1469829949041857,0.44055714233496684,1.0,0.0,0.8,35,69.57946225077562,1454.5919899274174
25,28,0.591894658063977,0.6975882576413337,0.6607354929620602,0.6127428115752935,0.5157042720071571,0.16540077372830306,0.14433997492783618,0.43014195494801316,1.0,0.0,0.8,36,67.07874850268573,1340.3827134558626
25,29,0.5917605232063448,0.7083618941839182,0.682643756434619,0.6217379639771523,0.510056757097881,0.16540077372830306,0.14433997492783618,0.43014195494801255,1.0,0.0,0.8,38,66.00462892651561,1350.3510453102626
25,30,0.5919317791040657,0.7071761494468447,0.6812378710073079,0.6313875100249144,0.5183950905039596,0.1641802990083091,0.1441455400413216,0.4330730376273377,1.0,0.0,0.8,39,68.15331314696138,1419.412693835168
25,31,0.5919161750016775,0.7182351029600742,0.7034585983614845,0.6406916694095017,0.5107025520562224,0.16418029900830905,0.14414554004132146,0.43307303762733723,1.0,0.0,0.8,41,68.45619980221726,1416.3854739565777
25,32,0.5919158621790305,0.7293314778682669,0.7257202826694172,0.6531096275866444,0.5106400404528579,0.16418029900830905,0.14414554004132157,0.43307303762733723,1.0,0.0,0.8,43,68.53732947003532,1415.5971958037208
25,33,0.5993332033881698,0.7142121859403577,0.6882152218755438,0.6572495437485856,0.5202433949076282,0.1695019204839265,0.14611755909176546,0.43599009509529213,1.0,0.0,0.8,44,68.54549438965465,1417.95841565578
25,34,1.2933437050291037,1.3846446868325657,1.3360947523529583,1.3482988674569805,1.2171716593222224,0.4132542745834086,0.15612566745351797,1.0,1.0,0.0,0.8,46,72.49179639844894,2035.7516504871576
25,35,1.2933116376537457,1.3956624937440942,1.3582703905978084,1.3639182089497677,1.2133872417452547,0.4132542745834086,0.1561256674535179,1.0,1.0,0.0,0.8,48,72.48263403616609,2032.585360287382
25,36,0.6391273821503608,0.7725273865546087,0.7682748474731766,0.7206981990243866,0.5626677622129486,0.1630684546514483,0.17777015070721067,0.49687987105221076,1.0,0.0,0.8,54,55.77254832969224,1774.83108596257
25,37,0.5686438200476014,0.6660969893507103,0.6279314771598066,0.6581417146988509,0.4991651405116414,0.16372035350720654,0.1140281607944249,0.4101159424051136,1.0,0.0,0.8,56,65.78118849370071,1637.8357269665423
25,38,0.5712074330328983,0.6677165132904244,0.6294040535450436,0.6485293917396254,0.49756744951742143,0.1661118512000236,0.11440771802931533,0.41108046297664247,1.0,0.0,0.8,58,72.35704433605908,1668.6345056209273
25,39,0.6564489703761666,0.7845799334942021,0.7795052611758129,0.7527547861893524,0.5903732097051284,0.16234256169381966,0.172985710803818,0.5236486123834901,1.0,0.0,0.8,59,56.36555149883657,1768.487021663096
25,40,0.534415595594605,0.6507846943978479,0.6344422784685277,0.6478152092356793,0.4632466990044489,0.1612153247335995,0.14798195590897228,0.3730281160070172,1.0,0.0,0.8,60,71.45347528688669,1648.4833270198324
25,41,0.48941418481118726,0.5913607909710279,0.5633457868453983,0.5803676174010808,0.43457310226826307,0.16332475086224466,0.13838873281212566,0.31664707952701354,1.0,0.0,0.8,61,70.91299442287507,1600.1733851230035
25,42,0.5170409434451155,0.6296922168261057,0.6127836057070144,0.6301441148888385,0.44653291738304707,0.1636695279763407,0.14922590298688518,0.35103078562147827,1.0,0.0,0.8,62,76.77871187378693,1688.8434319596538
25,43,0.509212098819642,0.6187984966258726,0.6014298458146403,0.6126534913414325,0.45465904185058903,0.16240566393662423,0.14684585683226464,0.3450346501212392,1.0,0.0,0.8,63,70.68163098835569,1625.1092343448609
25,44,0.9809138730131817,1.0853741179087188,1.0672485286470845,1.0963320973863886,0.939654469013576,0.1848933718569052,0.2694524309992371,0.9100828007559464,1.0,0.0,0.8,64,82.11146990034946,1635.3773939077366
25,45,0.9762970580296132,1.0775942268741727,1.0589956867817691,1.0960633169251115,0.9277502926657688,0.17855467569624253,0.26908161942471864,0.914492983570122,1.0,0.0,0.8,65,86.22982423015343,1670.8276555412183
25,46,0.9753891822472606,1.0858877223668844,1.0781876048688344,1.1202243267296654,0.9146542855533836,0.17855467569624248,0.2690816194247187,0.9144929835701223,1.0,0.0,0.8,67,86.19377326429563,1679.824132786183
25,47,0.9918951910157907,1.1062262379188006,1.1086693163504728,1.1406166960379787,0.9478937328516243,0.17506271799904258,0.2986102196326748,0.9438309812605408,1.0,0.0,0.8,69,77.38285754658253,1711.516860372901
25,48,0.9752928764271749,1.075863683538298,1.0667702804571708,1.1279245042624835,0.9278593004318161,0.18355517239698688,0.2713703291576837,0.9140095348579089,1.0,0.0,0.8,70,77.47147953493358,1624.5646639906663
25,49,0.9636244318296938,1.0733125368396152,1.0847682923880817,1.134217325930249,0.9296750478408007,0.17021168455812616,0.3599998000402913,0.9231495124592172,1.0,0.0,0.8,73,78.74081034293114,1960.1339851334808
25,50,0.9589592083628979,1.0306073691891444,1.0274068597606778,1.1276915831522318,0.975371859300755,0.17516013649350448,0.35745577399514883,0.9232948004201547,1.0,0.0,0.8,75,75.14470919337853,2046.638907186766
25,51,0.9518261866553944,1.0229446377229734,1.0196775679040204,1.121408543572667,0.9080046301590952,0.1769689479884541,0.33078562559241365,0.9123296311751699,1.0,0.0,0.8,77,74.77471341776415,1858.745093954784
25,52,0.9593316449531274,1.0252286456729953,1.0213080801135295,1.1383025453896571,0.9390943162831269,0.1774725114978141,0.3570992602839437,0.9231369200900919,1.0,0.0,0.8,78,71.3995268803737,1985.8044217175868
25,53,0.9527082114991727,1.0285530707131254,1.0356554363298656,1.1494315552555165,0.9146480060597248,0.17775066554514501,0.3489831974923951,0.9149411267545208,1.0,0.0,0.8,79,71.92275876793644,1917.8349744020952
25,54,0.9531120747391517,1.0375689960115189,1.0555289819157232,1.161673605745818,0.9162779720189074,0.17804161465787757,0.3562339811971712,0.9160177751948784,1.0,0.0,0.8,81,71.17399742822411,1895.7475449823407
25,55,1.0285562350366513,1.0880158580842996,1.0832993516437686,1.2391433011504933,0.9911994969603375,0.1871293858762469,0.43403242576115897,1.0,1.0,0.0,0.8,84,78.98856366531456,2168.254995186262
25,56,1.0279534780880608,1.0962455063273133,1.1024164696229184,1.262730866075919,0.9920756809149835,0.1871815280181762,0.43420306763804284,1.0,1.0,0.0,0.8,86,79.09125213833997,2132.4195452413624
25,57,1.038647654838086,1.1050703810843416,1.1110125901139316,1.2737249295227133,1.0064740601027629,0.19840873780251916,0.5018766641474535,1.0,1.0,0.0,0.8,87,80.73593673564302,2536.770971592541
25,58,1.024089496115729,1.1114733620403845,1.139595825566812,1.281557765556593,0.9848612846857543,0.1841980332803068,0.40197890558852134,1.0,1.0,0.0,0.8,95,76.09407311144645,2026.6675535283168
25,59,1.025077161713809,1.1102594537376496,1.1381139919131718,1.2860560873347011,0.9952469760105266,0.18579818001326864,0.4361168888037369,1.0,1.0,0.0,0.8,96,69.10236903749363,2044.128603600368
25,60,1.0250339615350565,1.109935510216388,1.1377559860441768,1.2892805628274888,0.9870346815413488,0.18583236432162936,0.4643516161844877,1.0,1.0,0.0,0.8,97,77.24391599067073,2280.695621441697
25,61,1.0120948797526361,1.1181063652436685,1.1681258685747535,1.2532468454067263,0.974357888738809,0.1731920979135199,0.4561112703412881,1.0,1.0,0.0,0.8,101,65.93623808758937,2053.284478816681
25,62,1.0420957486310447,1.1439083113604078,1.193420662232232,1.2938387721747555,1.0102743240165397,0.20432015836447381,0.46894947648437446,1.0,1.0,0.0,0.8,104,64.00223842387742,2008.85321048097
25,63,1.0420953372610346,1.1439063640932492,1.1934187176884339,1.2938385758802897,1.0043266226982912,0.2043201583644739,0.46894947648437446,1.0,1.0,0.0,0.8,105,64.00264315965163,2008.968672462939
25,64,1.0437558647253125,1.155410912181892,1.2159377691051518,1.3003190116795815,1.0116259598747044,0.2063107824346348,0.4686353904827952,1.0,1.0,0.0,0.8,106,63.49145904570249,1977.168182595224
25,65,1.019225694606397,1.1520853960128241,1.2348240270237976,1.3772283921101007,0.9824199275743071,0.1820391060859102,0.4413542155835158,1.0,1.0,0.0,0.8,117,66.02347470983533,1955.2911548889128
25,66,1.016784894599347,1.126100452481075,1.1863466804892338,1.2883842170250797,0.9856561822473598,0.17994806189314833,0.4493891549904352,1.0,1.0,0.0,0.8,118,68.95740673736397,1911.7540043608544
25,67,1.0207450916338126,1.1280458178464983,1.1880512353178956,1.3049143527730367,0.992918262648689,0.18442377393562398,0.44390808284698,1.0,1.0,0.0,0.8,119,66.05173932473984,2104.5053611585977
25,68,1.0207450916338126,1.1280458178464983,1.1880512353178956,1.3049143527730367,0.9844238498308236,0.18442377393562398,0.44390808284698,1.0,1.0,0.0,0.8,121,66.05173932473984,2104.5053611585977
25,69,1.0196231694611568,1.1256161090957089,1.1854656124316354,1.3087765621406935,0.9891333711423453,0.18363247883941042,0.43403219135295323,1.0,1.0,0.0,0.8,122,67.94273801220668,2100.925821071244
25,70,1.0161650735917587,1.1656307294889299,1.2700325250013382,1.4115365759767546,0.9816910724850971,0.180403968111704,0.42616352549699804,1.0,1.0,0.0,0.8,125,68.17586018078688,1941.7338480172723
25,71,1.0107416335586068,1.1600636005225011,1.2644481893834387,1.3462505842252672,0.9750628190166561,0.17501700368935025,0.4760464875193559,1.0,1.0,0.0,0.8,138,80.46563054867694,1958.2282483870656
25,72,1.0105544703035862,1.159122477892101,1.2634174596900383,1.3461557510717586,0.976593031946654,0.17501700374313084,0.47604649044910463,1.0,1.0,0.0,0.8,140,79.70767190515137,1975.037553722342
25,73,1.0095377988580791,1.1551287301951172,1.2590705741058388,1.3420439477902384,0.9871828615881449,0.1747317840180049,0.46890485414998934,1.0,1.0,0.0,0.8,141,78.60462641391962,1995.9282450704584
25,74,1.0132683928245845,1.1573383899552754,1.261100574544308,1.3667603642416488,0.9820025031980217,0.17883029292210625,0.6075334511504785,1.0,1.0,0.0,0.8,143,87.86071456242064,2017.680218839532
25,75,1.0178182814518288,1.2002227596421178,1.3479342128420757,1.613455675154311,0.9861998890352321,0.18480506025360216,0.8382818060933935,1.0,1.0,0.0,0.8,161,95.42474167557071,2497.1723116706867
25,76,1.0237211595845286,1.2487968215829772,1.4409686315373698,1.6750129441744306,0.9928724541148128,0.1911011582739354,0.7609030874817282,1.0,1.0,0.0,0.8,165,95.71026051029506,2281.7056222836363
25,77,1.0174513151330604,1.20426169199191,1.3623581430836316,1.6460578619157213,0.9927569114021308,0.18594459646787295,0.8477381954707424,1.0,1.0,0.0,0.8,168,100.71162553336832,2484.903917172853
25,78,1.0184378631370006,1.2702601983940704,1.4951661809249948,1.757158509882106,0.987676273263625,0.18727461452082922,0.8338098365350932,1.0,1.0,0.0,0.8,184,103.86336913175371,2307.9845853988213
25,79,1.0152107496334097,1.2780677042124517,1.5141318731319224,1.7678832093023642,0.9841909346232862,0.18406126553125957,1.0,1.0,1.0,0.0,0.8,186,100.56371249835176,2308.009921993909
25,80,1.019387167398436,1.2701216644417213,1.4949016710496528,1.769793634251684,0.9926454048530713,0.18845988358124074,0.8306078858184731,1.0,1.0,0.0,0.8,187,100.19094154067209,2325.2834803089627
25,81,1.016729489628281,1.2997751892037943,1.5579378946723705,1.7933957416066215,0.9900097930131717,0.18601304788723,1.0,1.0,1.0,0.0,0.8,188,97.2836453603708,2313.411676579665
25,82,1.0030295758558494,1.1938306634896725,1.362270777583431,1.4869101960821542,0.9754010730326815,0.1730485817340842,1.0,1.0,1.0,0.0,0.8,194,84.37077561867503,2222.0862951316158
26,0,0.8916880774477245,0.6420188080608392,0.6079419908555396,0.029379119712885707,0.0,0.0,0.0,0.0,1.0,0.0,0.8,1,400.9600217403364,1447.204988874205
26,1,0.8675886959750002,0.6660581889861228,0.6304566635557901,0.07143221380021643,0.06694565555562816,0.040031114780981494,8.173052802201999e-05,3.183728291284e-05,1.0,0.0,0.8,3,375.2859559958926,1260.7298273307913
26,2,0.3476626637430543,0.4719393075889597,0.4261154147725616,0.08649818262325482,0.8138658374900514,0.054324571549996356,0.01301964534101083,0.00649351513672292,1.0,0.0,0.8,4,142.27789165816148,376.55727132590056
26,3,0.2639965175578699,0.39828439208770394,0.34338346907969386,0.09894330909361523,0.2412931968333284,0.05720293630445378,0.05061513316807966,0.030021042536641063,1.0,0.0,0.8,6,143.00277679936875,109.5437222867322
26,4,0.2573433590442196,0.4020741342716613,0.35786040920185574,0.11071394027028023,0.09581667859773427,0.06297444489315616,0.025873233242696508,0.019952879163342978,1.0,0.0,0.8,7,117.73744313887865,189.83023753382724
26,5,0.25128629706045,0.38362034784201243,0.327455111999848,0.10218902140196152,0.10755239356703161,0.05734853520837789,0.04691886545622964,0.028111981041261752,1.0,0.0,0.8,8,131.8232943668051,102.28734146788014
26,6,0.24900741195211226,0.38039516423928066,0.3237260417785643,0.10764482111583938,0.09977618114620566,0.05868935637075615,0.04566040895892579,0.02902222019183632,1.0,0.0,0.8,9,118.22362880404428,108.8888506050106
26,7,0.25804253725308146,0.3991516244847332,0.3530008282711881,0.12381233268154687,0.11927361035547088,0.061509165112545214,0.06559561938984561,0.04356688393760172,1.0,0.0,0.8,10,136.21207909899573,170.20127560157744
26,8,0.23408428095561157,0.3662341206976275,0.31698394182174106,0.1344796496399062,0.20515129787998165,0.06304289692758187,0.06293005338153998,0.04120241632763576,1.0,0.0,0.8,11,112.76035055430889,147.63276543789354
26,9,0.21565029494657648,0.3445591464067952,0.294407046629818,0.12858401361298394,0.0997018645411836,0.06759022339360601,0.031007039375594368,0.02026815789596293,1.0,0.0,0.8,13,93.39532922267594,167.58688514722732
26,10,0.22921962482211727,0.36720061983690155,0.32768448724577937,0.13770880673734795,0.11957504656264742,0.056555665964590794,0.10715998262703821,0.05544150835856591,1.0,0.0,0.8,14,127.76135047044956,419.04162605489137
26,11,0.21748377666861696,0.3484940456460555,0.3073070233794984,0.1497145022597351,0.15868958968081115,0.06279798054655611,0.07098125148445851,0.0461968650816747,1.0,0.0,0.8,15,112.97964417611244,179.32168079042037
26,12,0.2256221269531473,0.3435325716871114,0.2907342913435869,0.1650578052165413,0.1263093607626833,0.07718726096367887,0.05075273775454846,0.04173677834295182,1.0,0.0,0.8,16,91.11989682504364,875.0440370222377
26,13,0.19964817651908937,0.33871030205915803,0.3080152600530633,0.15059093828532658,0.09397297069499898,0.06695393337538602,0.03634229737165026,0.023743638784135098,1.0,0.0,0.8,17,102.88223372777216,218.53042278099196
26,14,0.22625871796353064,0.3534063596275763,0.311370161000306,0.1755944094269576,0.11978172996386738,0.07849581097112962,0.053453440081325757,0.04386561392512709,1.0,0.0,0.8,18,90.49178961185744,987.0176075131992
26,15,0.20061473100417218,0.33684303375093144,0.3055459336577551,0.15995865030462053,0.10544566324974357,0.07131426899977343,0.036468564028221975,0.0238652501921812,1.0,0.0,0.8,19,93.39258677397387,243.76057174531763
26,16,0.19934113275699175,0.3238102368209577,0.2812098333811565,0.1567458990918122,0.0923529747704153,0.07177030812604544,0.03492219329830425,0.02268584387418379,1.0,0.0,0.8,21,88.3227752318547,220.0413119147294
26,17,0.1818386569402607,0.3412294567744052,0.3414248629706634,0.17767534965473386,0.1483963818154931,0.05901124370806634,0.07718063783129195,0.029421540718740757,1.0,0.0,0.8,22,137.05100808410344,443.52028464648487
26,18,0.22255688648025354,0.3660588080844208,0.3541903549844305,0.21957670896260859,0.1440708392070308,0.0604554463157424,0.3257274311480526,0.08432197927839068,1.0,0.0,0.8,24,134.53370420100964,280.42854159838726
26,19,0.16661536870677884,0.30390471745500675,0.3002593820680113,0.1883765318548834,0.13746836637016452,0.06096650362317328,0.07691012099436917,0.03075576108605272,1.0,0.0,0.8,26,119.12540446078974,469.64248828154246
26,20,0.20657626891332193,0.34017831788548014,0.3359548341518321,0.23316668881799463,0.1378390925861071,0.06017399076921539,0.326128256958923,0.08467978137790612,1.0,0.0,0.8,28,128.92411463128582,281.6527725954029
26,21,0.20797688243004991,0.33854832899675324,0.3338488887330205,0.2513082532617154,0.14808781453259467,0.05992282842402665,0.3387504705373034,0.08920655245897706,1.0,0.0,0.8,29,133.27633371304194,302.8779697796857
26,22,0.20190796629433566,0.325431392681631,0.31965187778311277,0.24538410721080217,0.1675878604181402,0.057090738623603976,0.3371996255755491,0.090533583993605,1.0,0.0,0.8,30,144.29011820094306,298.6423963334958
26,23,0.20035642975906318,0.33224310253035794,0.337220831002372,0.25394798568563426,0.13664094351541106,0.057090738623603976,0.3371996255755491,0.09053358399360496,1.0,0.0,0.8,32,146.43521591268612,311.71134693709683
26,24,0.2000145127275531,0.3317281575659774,0.3366800719607686,0.26924167818632916,0.13018353389927118,0.05713557573671842,0.33620269722298485,0.09017272321424552,1.0,0.0,0.8,33,143.69252355280307,307.8769911563709
26,25,0.19796499262344602,0.32890923680463946,0.3337465740036948,0.2581729661527342,0.13170092257135105,0.05433089274063359,0.3348715344338186,0.09165940154725198,1.0,0.0,0.8,34,158.73728408610168,311.360215714921
26,26,0.1980216305243186,0.32715192931143794,0.3317206706426958,0.2714129984473955,0.13819625099544489,0.05430201490873959,0.3359684190566129,0.09302638126050537,1.0,0.0,0.8,35,160.95281722367326,338.8469821823527
26,27,0.9099205998933994,1.0704066564364667,1.1080602808585773,1.0007488609965332,0.848733650159047,0.043006321591179245,1.0,1.0,1.0,0.0,0.8,39,135.31304971677358,288.6003963385333
26,28,0.8996587724478464,1.0468949294433223,1.0924192820485166,1.006687560609156,0.8969015480353039,0.043006321591179245,1.0,1.0,1.0,0.0,0.8,41,136.71498568205914,308.22513505024267
26,29,0.8416022073981672,0.9694171503123684,1.002657540474626,0.9542730109625934,0.8282485128005207,0.042589019333526414,0.8604710148736101,0.9322339341936694,1.0,0.0,0.8,42,132.3920147387118,268.9084901135756
26,30,0.8077094897808657,0.9407966222263366,0.9844415302674647,0.9414093110609144,0.7698638546110653,0.04258645503763369,0.8224416932076846,0.8925827137693828,1.0,0.0,0.8,44,132.9986550988982,274.9207559349829
26,31,0.8076258625602503,0.9404866680929453,0.984101964306656,0.947688188254138,0.757690759457831,0.04258645503763368,0.8224416932076849,0.8925827137693837,1.0,0.0,0.8,45,134.0619686336357,281.366770199952
26,32,0.8133202821535186,0.9433884364387756,0.986640561641945,0.9612341430116587,0.7761860152444909,0.044914453828968644,0.8246663632473871,0.8980690369755384,1.0,0.0,0.8,46,119.725041563375,311.82127413583174
26,33,0.8135675689697023,0.9422882456848704,0.9853659759843338,0.9685450447822901,0.767186667203015,0.044533092215507566,0.8247598016539588,0.8994620318427785,1.0,0.0,0.8,48,125.51247598860388,330.7940595012165
26,34,0.8132952738339585,0.9416314642152177,0.9846595396640566,0.971734896229186,0.7657126092205454,0.04477675721993135,0.8250880013979793,0.8989879616104535,1.0,0.0,0.8,49,123.6009414636316,326.7554864034121
26,35,0.8131450594400782,0.9517684735151279,1.0058575785327069,0.9886575103358906,0.7677649783763916,0.04453309221550758,0.8247598016539586,0.8994620318427782,1.0,0.0,0.8,50,126.18778539331704,337.1361839801129
26,36,0.7951269974717401,0.9321592898934445,0.9860437217630245,0.9572997893173716,0.750253513178898,0.045331970757050276,0.8045766079526506,0.8766398177961789,1.0,0.0,0.8,52,121.5591713909937,323.7744612612681
26,37,0.8799780132973882,1.0190059560031715,1.0828931406359075,1.0466320185514137,0.876135037678899,0.034605767202920926,1.0,1.0,1.0,0.0,0.8,53,231.21026596389729,354.9639500449036
26,38,0.8927395362731784,1.016735394695828,1.0689641934610665,1.0606846821216633,0.8572605340155126,0.048611650101081746,1.0,1.0,1.0,0.0,0.8,55,155.05624986400855,182.94405159511493
26,39,0.8929404023787667,1.0106979248521388,1.0621498766511581,1.0689548592616123,0.864524635816248,0.05073585422983893,1.0,1.0,1.0,0.0,0.8,57,139.3844602456679,215.55947767241676
26,40,0.8807819138208584,1.0261752678138225,1.1104325246341635,1.084389789814608,0.8480904409587459,0.04017569536595964,1.0,1.0,1.0,0.0,0.8,60,210.6519618773935,414.7643856684842
26,41,0.887907530971783,1.0098692054568108,1.071643958563625,1.089091766061458,0.8503711115012987,0.04765931122304974,1.0,1.0,1.0,0.0,0.8,62,151.54750883739456,182.31885362456495
26,42,0.8935977953929177,1.0551187453209163,1.160964381205139,1.1305038650988486,0.8653227954013063,0.05472285744117304,0.9902813439805067,1.0,1.0,0.0,0.8,64,161.8318002949712,261.6563862171732
26,43,0.8899808936160847,1.036654994199296,1.1407248310304061,1.1360436741990805,0.8860347696051605,0.05491426435509846,0.9898063791328848,1.0,1.0,0.0,0.8,66,151.01290681534906,260.709661707727
26,44,0.8845946931125929,1.0255470253996093,1.1289417673620543,1.167217726812529,0.8548582763588796,0.05089807321983423,0.9620174011795545,1.0,1.0,0.0,0.8,72,151.5557877827843,227.9684593832613
26,45,0.8838188220849155,1.018623711994916,1.1212986641177802,1.1742979654958843,0.8642311945960736,0.05153726814923276,0.9747878502392137,1.0,1.0,0.0,0.8,74,166.09907081966702,279.41113033236536
26,46,0.8837260683693606,1.0183368470833716,1.1209891724559575,1.1706373564048438,0.8522868449982675,0.05148822382241871,0.9738570648412267,1.0,1.0,0.0,0.8,75,165.2225869543622,276.7092531586985
26,47,0.8775608117932248,1.0063128806517796,1.1181735091443916,1.169772583720923,0.917948121133239,0.04892535120465523,1.0,1.0,1.0,0.0,0.8,76,166.04194337102754,234.7987265767036
26,48,0.8792634286267287,0.9875423619402606,1.087171575879274,1.172259684567424,0.8712512587634736,0.05245104146030157,1.0,1.0,1.0,0.0,0.8,78,158.12291981927163,295.3786595356353
26,49,0.8798169676294597,1.0077391752324734,1.1294107425852622,1.2059941753136996,0.8585643464466962,0.05348149675591355,1.0,1.0,1.0,0.0,0.8,80,154.71409309878746,292.3279836759152
26,50,0.8762649578139665,1.0121435349632781,1.1446255948130013,1.2175060731538798,0.856866598964158,0.050515958273759355,1.0,1.0,1.0,0.0,0.8,82,176.208215042022,273.7634041654925
26,51,0.8795693406625527,1.0334066561931805,1.1976735292395164,1.2666754221618992,0.8865535058033129,0.05646424661939923,1.0,1.0,1.0,0.0,0.8,84,163.43765351357803,319.58777957512706
26,52,0.8793783586083894,1.021180926349329,1.1741786259871436,1.2665284280234745,0.8576441933897369,0.05642680057703645,1.0,1.0,1.0,0.0,0.8,87,165.93348978521692,324.05601039364427
26,53,0.8789926026755626,1.0271050905021268,1.1907388419895863,1.2776732830195507,0.8661467913163864,0.05681369890458456,1.0,1.0,1.0,0.0,0.8,89,174.0444317777324,362.8799499480997
26,54,0.8728832093329056,1.0127879219821754,1.1755192029122883,1.2797642045280346,0.8625874933905847,0.051977012206259374,1.0,1.0,1.0,0.0,0.8,92,181.7881970550588,269.2011027207637
26,55,0.8721439691147357,0.9981023228054167,1.1493563185840565,1.2829647220627605,0.8553332561525571,0.05166495390200328,1.0,1.0,1.0,0.0,0.8,95,181.80075856455352,263.14619307054915
26,56,0.8759702521019191,1.1236667574051258,1.3977031858263131,1.6072630881872445,0.8555622981596371,0.055540007245851966,0.931114362735074,1.0,1.0,0.0,0.8,152,154.37260617567682,542.3709419390357
26,57,0.8681016640180806,1.1814157696959784,1.5223387614125388,1.760017015851663,0.8479470882008915,0.047814193256217906,0.9613829023659406,1.0,1.0,0.0,0.8,180,148.68849926586267,290.32731528903133
26,58,0.8678485727477414,1.1915755032916036,1.5435891036341403,1.7677873111348585,0.8489802946632108,0.04766179262587108,0.9555443029343319,1.0,1.0,0.0,0.8,182,149.2744227989421,284.2510560895722
26,59,0.8654886666890542,1.198622090372832,1.5616164799275585,1.7636869847216607,0.8520452025950391,0.04554843499255407,0.9381021871136742,1.0,1.0,0.0,0.8,183,147.63517025089587,275.8332997031928
26,60,0.8644909901286808,1.2070802949554738,1.5810612386263805,1.785004272126117,0.8468908796125545,0.04478810751831014,0.960442110795749,1.0,1.0,0.0,0.8,186,157.3647525764254,265.13243377808084
27,0,0.8963702001414188,0.6431424658752012,0.6091726440120023,0.029488017555735938,0.0,0.0,0.0,0.0,1.0,0.0,0.8,1,395.8872667067308,1374.7489345479923
27,1,0.8898195658424091,0.684946637107902,0.6494559238932915,0.08926808259593998,0.0846017032320887,0.05774443093541644,7.730129223565e-05,4.580501938296e-05,1.0,0.0,0.8,3,370.52987891821374,1240.9865258399752
27,2,0.8738294393740711,0.671652888579301,0.6360732695387546,0.07924463125880375,0.048570317366483456,0.04532734751815532,0.00043440540373119,0.00011791060648317,1.0,0.0,0.8,4,368.8805860674801,1190.3774567609007
27,3,0.2962376016329468,0.4321723127650974,0.3794050674059453,0.10030159714229461,1.0926936300489984,0.07627441012719723,0.0346366766828781,0.02052402490225154,1.0,0.0,0.8,5,146.58598523651546,172.06073821654897
27,4,0.2961205942064731,0.44314931173008254,0.40153610267741763,0.10838816643244069,0.0928951529880944,0.07627441012719723,0.0346366766828782,0.02052402490225154,1.0,0.0,0.8,7,144.17821143546308,169.14212630892794
27,5,0.29763828613027365,0.4335115965612657,0.38051504112981727,0.1161140028399208,0.09901680443025614,0.08415422810976789,0.02078716084437198,0.01535984816207964,1.0,0.0,0.8,10,120.23205842344872,237.7143694392008
27,6,0.2851038930498594,0.43072450154588743,0.38718169054251544,0.12213520936944841,0.16086600937991666,0.08594430535700356,0.025669515025904983,0.018242128783179,1.0,0.0,0.8,11,98.69826224347268,170.5411765796214
27,7,0.271193104653942,0.3925223255573104,0.3252360259906166,0.12005211869584738,0.14925951097140805,0.08689749266017886,0.027421047032154623,0.01559462468563311,1.0,0.0,0.8,12,83.0513616080659,258.8168250572615
27,8,0.27534628972953035,0.40613981640396196,0.3491666462269876,0.1327633896451161,0.14111865011141225,0.09115772414478232,0.0379061962533794,0.02460947335549922,1.0,0.0,0.8,13,86.9080843047094,174.82512158571237
27,9,0.26300524128366287,0.3925083135550434,0.3349889932615136,0.14417044267885187,0.12197978615025962,0.09191197943102995,0.01664477014552821,0.01379872197689167,1.0,0.0,0.8,14,67.17677659991074,242.2890418020311
27,10,0.26727317634758835,0.38326365028469667,0.3136174185397633,0.16507697978299488,0.1490273377163007,0.08663615984923934,0.04145936601946051,0.035338068460899354,1.0,0.0,0.8,15,120.58352872463992,307.92596852176604
27,11,0.26085557436264817,0.37337350390727675,0.3025466935999655,0.17391534227920885,0.1382962400414073,0.08909961880092403,0.04122998572056051,0.03539863663701702,1.0,0.0,0.8,17,110.53053844396992,339.4736223371645
27,12,0.2534078557908082,0.3620178304497744,0.2900537777704454,0.175903888570822,0.15776427808507404,0.08923148629108012,0.04172895217342289,0.03597157466760007,1.0,0.0,0.8,18,97.13202132406678,341.50312295334714
27,13,0.2506149165532332,0.3562423100157629,0.2834724738330578,0.18293715524645496,0.13490919996412204,0.09178483469944484,0.0416248323482678,0.03614198068692421,1.0,0.0,0.8,20,89.68228990595046,379.5527259019195
27,14,0.24573590581734348,0.3723756892472427,0.3216320950393385,0.17375229529171532,0.1285714099563515,0.09115707722075553,0.030204506063281712,0.033347748531078095,1.0,0.0,0.8,21,98.34766228048598,425.9923705761845
27,15,0.24934441754902026,0.3840357527700534,0.34370415588409464,0.1842287773431201,0.15290636869586466,0.09067182740836584,0.03451299579908656,0.04454892213631845,1.0,0.0,0.8,22,96.37166241290808,524.2588902908618
27,16,0.22587557452171814,0.3558570459530172,0.31441592510905786,0.16859521271572564,0.14950851557416633,0.090794870823213,0.02723095030709042,0.02374110256410095,1.0,0.0,0.8,23,56.69503197262422,685.8583820254325
27,17,0.24321352744507158,0.37142670481326867,0.32961962165726344,0.1989777981204398,0.1415110166585023,0.09359708298847716,0.03430578368896505,0.044506139284833254,1.0,0.0,0.8,24,90.03599029100795,560.3579298354748
27,18,0.21895252298358392,0.35350609863478527,0.3218555513427518,0.1787814447203644,0.14656739752426484,0.08966462643955873,0.03133159558024039,0.026396345140775167,1.0,0.0,0.8,25,55.88778691408254,370.03355252278953
27,19,0.2166116090753524,0.3504691015848121,0.3186832826803711,0.18576346163001414,0.11373515794469179,0.09520407088953423,0.04144768736366551,0.017452462888683278,1.0,0.0,0.8,26,47.94202192535851,336.93475289629305
27,20,0.21613507739248122,0.359200754444732,0.3382012649787799,0.18615528353590072,0.1241265770924148,0.08966462643955873,0.031331595580240415,0.026396345140775167,1.0,0.0,0.8,27,58.8773911410726,387.6755191046088
27,21,0.24190084742819232,0.3725013736547799,0.3400662480120921,0.2226998051593066,0.1475559468693036,0.10082793427948292,0.036001436076078905,0.04648925232067343,1.0,0.0,0.8,28,82.17895498673916,645.2241823669275
27,22,0.26597633407759846,0.39316682752878784,0.36007385258911123,0.27293515267555213,0.17023628355131235,0.09944709210459768,0.03649089566896114,0.08268600380380292,1.0,0.0,0.8,33,81.08188691706242,612.1594368597764
27,23,0.26423213636609466,0.38896940881249725,0.35541579263081463,0.27602359074585975,0.1743613616052737,0.098375858868543,0.03836909866905464,0.08482728805444421,1.0,0.0,0.8,35,82.64550001131241,586.7264641198944
27,24,0.26428504884278836,0.38888243943941414,0.3553028186794944,0.2849322735065868,0.16733920634864763,0.09839941981399195,0.03862536361751092,0.08503010856852618,1.0,0.0,0.8,36,82.53575309084366,585.3464585166665
27,25,0.22969713261489338,0.36345307176504166,0.3406812846579328,0.257638051538879,0.13997671026285985,0.09342782381496571,0.03928313327917814,0.05028245578631816,1.0,0.0,0.8,38,57.91987788597953,925.814315508573
27,26,0.22761419876102518,0.3611232846019391,0.3383067069367316,0.25784951824940233,0.13231776349389457,0.09383445126926389,0.039416356844356584,0.04744992753270607,1.0,0.0,0.8,41,56.99011460980491,609.7187633159766
27,27,0.2939590795446478,0.49151346162742404,0.5352286604016048,0.4136157027624521,0.20139529461383332,0.07891078263713559,0.31670408209367384,0.15190531600683968,1.0,0.0,0.8,58,96.58411492266887,184.1100118882143
27,28,0.32803855226722944,0.4948837963457645,0.5147950497552379,0.45952699555703236,0.2933458350442372,0.08080326047814598,0.3710024432650164,0.20084136687150225,1.0,0.0,0.8,59,96.8174019806186,191.3482469952756
27,29,0.29862728479452344,0.4651440401655418,0.4850006924914356,0.4335773723050854,0.21420793534017898,0.08257045895705996,0.3138447997422019,0.16217498750419548,1.0,0.0,0.8,60,97.92263668418371,192.09712120517807
27,30,0.2838536815967393,0.44258723495016805,0.46116560496098125,0.44834698146424545,0.22572072312638586,0.088049565690513,0.6762305337309082,0.14391638711408886,1.0,0.0,0.8,62,97.19960352646945,286.7508157618128
27,31,0.2838536815967393,0.4536842871686768,0.48342801847283823,0.4612518462972983,0.20318272065051285,0.088049565690513,0.6762305337309082,0.14391638711408888,1.0,0.0,0.8,64,97.19960352646945,286.7508157618128
27,32,0.28012645179694595,0.4468418025549822,0.47608886039224796,0.4591187168793749,0.2190558536980179,0.08580981154597951,0.7015454653169784,0.144681874160348,1.0,0.0,0.8,65,90.42135386646724,644.1131270838532
27,33,0.31218943578979624,0.472613301149578,0.5103843521125627,0.5361545038843506,0.2543283446285125,0.08861076473900033,0.3449140035748935,0.19420922524412887,1.0,0.0,0.8,74,109.23460753053068,1222.0977507190428
27,34,0.3230604301008263,0.494159586168277,0.543034243609664,0.5686425342575863,0.2558087051438442,0.09028569083107651,0.36433383695790256,0.20598734109487146,1.0,0.0,0.8,77,101.96436229673164,1229.164416464114
27,35,0.31506595899739975,0.48580369658342504,0.5346256443046242,0.5674451983644356,0.2491357667298539,0.0927352293129684,0.3442707547564248,0.19317395244751936,1.0,0.0,0.8,78,107.9115979704018,1253.683171729252
27,36,0.8693318870384477,1.0285216961704227,1.0661125531788724,1.1373321388766904,0.8020134287970703,0.07279181563038394,1.0,0.9112357107903607,1.0,0.0,0.8,88,113.36968139057076,1942.1145720262475
27,37,0.7405618524205525,0.9076989561503068,0.9559987720559643,1.0498751353681128,0.6786792653992821,0.07277197396943522,0.8739042397202252,0.7523540163978628,1.0,0.0,0.8,92,112.74668574311734,1927.016291341756
27,38,0.916437555470257,1.049246917241001,1.0639016246210993,1.2148199045003585,0.8521117710849535,0.06689839309424198,1.0,0.9802023164880757,1.0,0.0,0.8,97,113.22897797044,1498.9577759838196
27,39,0.890943176246602,1.0347162266297858,1.0605171522181378,1.2087945478614581,0.8263091306685701,0.06744616233537344,1.0,0.9477342720246107,1.0,0.0,0.8,98,114.4119649590444,1459.3814152694224
27,40,0.8813886887830283,1.0246819494733068,1.0504140272823403,1.2122825242642077,0.8187471728946534,0.06724091475999826,1.0,0.9363511360228169,1.0,0.0,0.8,99,114.66199978161607,1509.3662795688924
27,41,0.7453599691949935,0.8990691945085201,0.9358690787156477,1.106458351559363,0.6823550580064446,0.06852215883984422,0.8070987004628384,0.7651421209520539,1.0,0.0,0.8,101,107.39074824795838,1239.0442893663742
27,42,0.742109522354532,0.8827068587250668,0.9080546709814314,1.0839417518543475,0.6885185931536527,0.0741166602864834,0.8577334909247467,0.7553349283207197,1.0,0.0,0.8,102,109.53900141079896,1519.1369015327823
27,43,0.7857165274680247,0.9483927050485847,0.996054670986886,1.1636325285940332,0.7221411558256647,0.07378598625394275,1.0,0.8103272534367154,1.0,0.0,0.8,108,108.73344165784712,1885.662144069676
27,44,0.7049039505970824,0.8672795272475609,0.9148989271995935,1.0800668067435713,0.6428850540281755,0.07730653459728593,0.8322027212334131,0.7050947234049104,1.0,0.0,0.8,109,101.92498187189868,1500.466267607287
27,45,0.71784749216783,0.8801807707087735,0.927794068448361,1.096401596745507,0.6545586349502985,0.07689051932715622,0.8149364689310874,0.7218200341433315,1.0,0.0,0.8,110,101.96173523150338,1526.897785865502
27,46,0.7150737887226273,0.8773939860397619,0.9250054880031408,1.093632589559442,0.6516444848616515,0.07702365646469363,0.8130861824921704,0.7181944727246292,1.0,0.0,0.8,111,102.1985331457227,1526.558970057322
27,47,0.9380214311829955,1.0940128993831264,1.1311403497948693,1.3049528604502783,0.8734866947395395,0.07213975537213685,1.0,1.0,1.0,0.0,0.8,112,114.18062442963762,1944.0465586467017
27,48,0.931788524591471,1.103397265749241,1.1619184442767987,1.3614922090931092,0.8714233474564663,0.06917108220237884,1.0,1.0,1.0,0.0,0.8,118,110.29891895937736,1943.8739562906812
27,49,0.9313721694350259,1.102361262617638,1.1607954676528662,1.3581511713784953,0.872142296119911,0.0690493633336819,1.0,1.0,1.0,0.0,0.8,119,106.12484172837858,1641.4395403886235
27,50,0.9311938666279475,1.1129041903338106,1.182450940431623,1.3716227976913118,0.8701780300689549,0.06904936333368189,1.0,1.0,1.0,0.0,0.8,121,109.12652897626596,1623.3255825374245
27,51,0.9318619856821247,1.1022289437341082,1.1605757724281909,1.3689056703742055,0.8699758356459187,0.06983420728190225,1.0,1.0,1.0,0.0,0.8,124,107.86930880148977,1634.7577373386566
27,52,0.6454064762919108,0.8146428266644256,0.8728314586075742,1.1165364887123124,0.5839224631553283,0.07117372219213644,0.884475709234351,0.6409217735467574,1.0,0.0,0.8,134,113.43187429558424,1904.4471519163933
27,53,0.6579327067749972,0.8262274326064677,0.8842843735662331,1.1462571638997021,0.5978083904655761,0.07240127885814666,0.8988476989044804,0.6555957555964634,1.0,0.0,0.8,139,106.77858123111544,2893.006166864098
27,54,0.6411766799329941,0.8092828623436277,0.8673137277081199,1.128078695624854,0.580666168945161,0.07077781826878024,0.9247289109533661,0.6367879976602904,1.0,0.0,0.8,141,106.07802468995628,1408.189549360878
27,55,0.6568197809432164,0.8360209107257969,0.9052167734550272,1.155330009152549,0.5958543229813885,0.07221133669230898,0.9001390586994356,0.6545503080680877,1.0,0.0,0.8,142,111.69512547363333,3699.2101121137607
27,56,0.6206935105135643,0.7994671902309048,0.8686035985074233,1.1306919015714598,0.5618537106730657,0.07081848393319976,0.8759233540831524,0.611380352686316,1.0,0.0,0.8,143,112.16128119309386,2724.363542977859
27,57,0.6774692632263397,0.8228684037493337,0.8584971020473373,1.1018560378726625,0.6168817109449922,0.07318888617275163,0.8845221760189409,0.6794353132551725,1.0,0.0,0.8,147,106.04090252616284,1887.284304904256
27,58,0.7258049255423371,0.8811290343515498,0.9277605067652942,1.1643285852726337,0.6675218703925017,0.07258610155602932,0.9036394798371769,0.7412793344150188,1.0,0.0,0.8,150,105.6988870787051,1829.5335489442352
27,59,0.8954698733420068,1.1163694119770975,1.2298536168097107,1.488591893718397,0.8362216581382753,0.07230818010297035,1.0,0.9542780544778534,1.0,0.0,0.8,160,109.56594145546536,1971.2500985812596
27,60,0.9337528848018244,1.1539933655339525,1.2673865458060254,1.5341768376597211,0.8751119842695813,0.07430983877913683,1.0,1.0,1.0,0.0,0.8,164,107.90737673478328,1967.00694706445
27,61,0.7705115639908244,1.023704613064654,1.1705470348410878,1.4910561882453037,0.7112914947659027,0.07489432133109841,1.0,0.7954070529211139,1.0,0.0,0.8,187,106.52824870653448,1976.314984234184
27,62,0.782308720146742,1.0457836482839413,1.2036791040032695,1.486020034506228,0.7273384201496702,0.0761455580225689,1.0,0.8090432124262558,1.0,0.0,0.8,188,107.09225062594518,1933.5957674031376
27,63,0.8585020131574335,1.1217632790415057,1.2796294718386165,1.5974940012848533,0.8001853869359657,0.07747147491165737,0.9370924463095612,0.9027455750041163,1.0,0.0,0.8,190,107.52739301856516,1912.5710111071428
27,64,0.8670899592984221,1.1412398784062638,1.3102428271179951,1.6315291080577055,0.8084737286551125,0.07741747451616778,0.9716628723306362,0.9136629933377618,1.0,0.0,0.8,198,107.82043381688472,1960.438204196748
28,0,0.8039968469958055,0.6198143746415016,0.5836238907137218,0.027223921309706207,0.0,0.0,0.0,0.0,1.0,0.0,0.8,1,597.138429967614,1351.2827030377855
28,1,0.803609208461401,0.6615132658863783,0.623790223538503,0.08700961749172229,0.08482617761041505,0.05775309395052221,7.508225218212999e-05,5.704104367933e-05,1.0,0.0,0.8,3,549.092859822352,1261.7168753294206
28,2,0.618358519811353,0.7166307510055177,0.6642609276383882,0.28366341771701054,0.8050846770851507,0.08423870643204026,0.19707892268054467,0.22817951740330722,1.0,0.0,0.8,4,312.6886397459672,1761.8721913814516
28,3,0.4624804873127756,0.6206044051379522,0.5735310888859598,0.140399327351675,0.12368766772055606,0.09272956104184035,0.027960028267834593,0.027982983681892747,1.0,0.0,0.8,5,175.5661112551548,552.8654371841318
28,4,0.5274202558729676,0.6566453734049884,0.6094328449002292,0.27503052414923257,0.44113026574261727,0.08421974893622121,0.1884966191632979,0.2182428592962969,1.0,0.0,0.8,6,284.7757004593662,2098.9397714463844
28,5,0.2829442278234767,0.4147103094282268,0.3582425710513566,0.12394700868583862,0.43985201228777326,0.09269467623547362,0.02674243764129005,0.02676439340339079,1.0,0.0,0.8,7,81.6496033075627,330.4544906630974
28,6,0.26449671506160455,0.39405646435687536,0.3365639666392663,0.11850026868875264,0.12229181942236945,0.09345475184237956,0.013420088420225958,0.01345409023853277,1.0,0.0,0.8,9,81.74397046315872,354.9056322733979
28,7,0.3878764624159036,0.525112879222253,0.4774761587165102,0.2516840179437592,0.2841281417054771,0.08577528769891798,0.1628904502770129,0.1901984743541219,1.0,0.0,0.8,10,193.50128569853544,1446.4794874711763
28,8,0.3090387142643217,0.4277053383672041,0.3666119768948094,0.18921305735407531,0.2566203083099152,0.08709179949952825,0.09543759968174376,0.11075190634493075,1.0,0.0,0.8,11,198.65525311862385,1864.9804137829244
28,9,0.2596362997970074,0.35716196930027666,0.3003647267257688,0.18686222741113806,0.40837266505618636,0.08677872466613604,0.08461334993308299,0.0992971228336976,1.0,0.0,0.8,12,152.05742675631737,1656.4808065084424
28,10,0.2544844873673082,0.34868242348872813,0.2912986846098573,0.18890519983849488,0.17423944557932558,0.08657871361930126,0.08230469234684917,0.09664851101205987,1.0,0.0,0.8,14,150.1839707019234,1563.2513243452538
28,11,0.2522931823165373,0.35346740112057357,0.3065412592460444,0.20067114271544045,0.17749723448285934,0.08728179456876572,0.08098123272201609,0.09717120583102665,1.0,0.0,0.8,16,142.7984789669722,1500.714657594288
28,12,0.2553442628461706,0.3531750425004155,0.3056882661923374,0.20837690508884327,0.18050827067342395,0.08823250539711784,0.08423363775722234,0.10297952049660793,1.0,0.0,0.8,18,152.78441669333722,1662.2775934047274
28,13,0.2536581840304619,0.3493276592660871,0.30148471819804273,0.21860956427971823,0.176786419280717,0.0875974340364878,0.08748853759868527,0.10364074672748214,1.0,0.0,0.8,20,154.32319333295857,1736.4582210782055
28,14,0.25204802895861667,0.3458261562287892,0.29767483573479825,0.22295349876345616,0.18113524100082679,0.0872351120753458,0.08655679278456427,0.10376645109397109,1.0,0.0,0.8,21,148.74015228393523,1644.7793643319692
28,15,0.24678034884233013,0.3510627064877369,0.31398099499142545,0.21799676272173063,0.1687579311743045,0.08722768888451445,0.08788097859257697,0.09770693658831832,1.0,0.0,0.8,22,145.3001643103451,1548.015583578043
28,16,0.24024423473655832,0.30882213638479195,0.2472995847848502,0.21797397152987175,0.24196988752271342,0.0864455540301334,0.1244965228872535,0.10133803967751276,1.0,0.0,0.8,23,159.7472630105528,1428.8283474092414
28,17,0.24561698214714478,0.31397622392580377,0.2524200251269957,0.22621225391126557,0.17423826147507654,0.08462139902688277,0.13250732370322496,0.11050172954170837,1.0,0.0,0.8,24,162.03056856338043,1648.0005702050792
28,18,0.2348361538749275,0.2998366855485397,0.23777679473221103,0.22237335221805227,0.18192066864305248,0.0831101017152037,0.12443647525730397,0.10133099842458267,1.0,0.0,0.8,25,159.52121332410815,1380.7163019418203
28,19,0.2797773148573727,0.3608047834790362,0.32975006009486774,0.2831397752871826,0.2619238953754398,0.07564877006395261,0.481567751494821,0.177958614831747,1.0,0.0,0.8,27,235.22173076500607,1500.4845350245844
28,20,0.9251982961996652,0.9957206504633606,0.9729005998736205,0.9428204387572983,0.9242941775247837,0.0726238183707045,1.0,1.0,1.0,0.0,0.8,29,233.8136498605297,1461.0769136546576
28,21,0.9206435405225751,0.9788958446419789,0.9544817819288056,0.9472240259066123,0.9006653357043766,0.07254508679523305,1.0,1.0,1.0,0.0,0.8,31,202.07902055547237,1455.74102634707
28,22,0.9202526636006014,0.9884600589514293,0.9750653857056446,0.9709517348295252,0.8733987179704683,0.07254508679523304,1.0,1.0,1.0,0.0,0.8,37,199.6917878795129,1441.2500264823143
28,23,0.9505020886819725,0.9787839589692644,0.9310497856133436,1.0212695040620245,0.9100116795407214,0.10502054769585752,0.5690399104661019,1.0,1.0,0.0,0.8,43,194.37636637899053,1283.0266031129452
28,24,0.9468978947187229,0.9943775286697885,0.968598672418312,1.055555674223478,0.9039966674368312,0.10236246698163479,0.46062355290918805,1.0,1.0,0.0,0.8,51,219.8046787793989,1374.7945554467458
28,25,0.9066737275619643,0.9633380858347846,0.9779397760503195,1.0274301079089758,0.9096416982369413,0.07190441038918845,1.0,1.0,1.0,0.0,0.8,55,177.33214434107637,1724.9653730487964
28,26,0.9065800372877091,0.9961484368296899,1.0442002275174838,1.0632758825459656,0.8721728242187392,0.07190441038918846,1.0,1.0,1.0,0.0,0.8,61,176.2023736213782,1718.1684789130245
28,27,0.9058468687044869,0.9703899088873353,0.9957769698862611,1.0729885718371635,0.8777475862431968,0.07184997826931089,1.0,1.0,1.0,0.0,0.8,63,180.49097444957945,1657.510444476584
28,28,0.9056292954137366,0.9810998084871597,1.0176323284136413,1.0761195655813367,0.8720258220221149,0.07167262252102943,1.0,1.0,1.0,0.0,0.8,65,179.901502394097,1657.4993230009345
28,29,0.9049989290564923,0.9911492864178053,1.038797854195482,1.085738166675624,0.8720035003641575,0.0711409893664334,1.0,1.0,1.0,0.0,0.8,67,177.8207627292672,1685.7569868161331
28,30,0.9054457467882178,0.9901219623000426,1.0375971887429423,1.0894748220578658,0.8739773506436685,0.07193512201616495,1.0,1.0,1.0,0.0,0.8,70,179.6198143153776,1777.4814641728217
28,31,0.9053181316164038,1.0096513042808337,1.0791597250054923,1.1035940881031103,0.882878925206986,0.07239504603934295,1.0,1.0,1.0,0.0,0.8,71,179.12013670880708,1670.3050020795756
28,32,0.9072792867333409,1.009233835032706,1.0784640371417398,1.1089988096147392,0.8781632345814336,0.07489940883095639,1.0,1.0,1.0,0.0,0.8,74,190.4229065929462,1803.261419373268
28,33,0.2417035024143108,0.33652937758149837,0.40493142685491146,0.48280810569437194,0.21674741197615266,0.08019324846423864,0.6053520921883939,0.16337719240680454,1.0,0.0,0.8,79,203.8604927907896,1428.1791860636256
28,34,0.24175130414726287,0.3338703598449547,0.40195781959274224,0.4796049381889994,0.22297174784189555,0.0830058123947011,0.598602880727225,0.16066888493213266,1.0,0.0,0.8,80,209.7285612224867,1432.342181010411
28,35,0.23695178926003282,0.32778948818070214,0.39573136597794445,0.4855337471387848,0.21179777837673586,0.07667495425800161,0.6060984615812627,0.16289402885743395,1.0,0.0,0.8,81,205.70171002243876,1389.0666245935497
28,36,0.24354730716639367,0.32868926279234545,0.3959775711086795,0.503278719919287,0.22627635306284083,0.07929940855448403,0.6397958487195916,0.16932012427495338,1.0,0.0,0.8,83,205.4837753970792,1440.6599562146196
28,37,0.24875297623329454,0.3304700214022699,0.3973672607164251,0.5123187557952786,0.22754066695480835,0.07966303192952903,0.6852534625790752,0.17622608466305595,1.0,0.0,0.8,85,199.54652070557563,1383.7032056308633
28,38,0.24866758637878472,0.34104656030898006,0.419059618726461,0.5230858640077057,0.22151563335963426,0.07966303150509867,0.6852534629360557,0.17622608477622143,1.0,0.0,0.8,87,202.41727054073425,1401.3870066215356
28,39,0.24863199241621114,0.3519266192349775,0.4410843725259477,0.5447859905740003,0.22100803066402955,0.07966303150509867,0.6852534629360557,0.17622608477622137,1.0,0.0,0.8,89,201.54962654056487,1396.2125516411331
28,40,0.9741134321493266,1.1213559515092908,1.2551247153722005,1.3891430116884582,0.9463000548070677,0.14621163149709918,0.5522257924660768,1.0,1.0,0.0,0.8,110,218.3819943472932,1762.8930447009873
28,41,0.9803179533147958,1.1349689511451073,1.279484198744707,1.3993657729742148,0.97110719191455,0.15312916466718457,0.569768883549117,1.0,1.0,0.0,0.8,111,211.86405659872813,1657.613353953553
28,42,0.9763131146398462,1.1300151104312186,1.2744226894484654,1.3991647973224195,0.9526234645815171,0.14930499289671276,0.5752126760128844,1.0,1.0,0.0,0.8,112,211.30958324495728,1761.8815240613465
28,43,0.9772076009030606,1.1305294688038967,1.2748941076562228,1.403819776986442,0.9518243910989507,0.15027154056915798,0.5741514261048543,1.0,1.0,0.0,0.8,113,208.0033647848805,1778.484267620158
28,44,0.9771068977240155,1.1298165694211404,1.2741118606814916,1.4066471001225505,0.953172004277342,0.15028649578480952,0.5740457090057575,1.0,1.0,0.0,0.8,114,211.83584621954847,1742.352048189132
28,45,0.9791237232844525,1.1208142627516573,1.2539529906454272,1.4086581845405715,0.9524579701229611,0.15228861914811245,0.5383805760114732,1.0,1.0,0.0,0.8,115,210.56522549058383,1663.0377155220378
28,46,0.4163115715634237,0.5728504319609662,0.7274917098090325,0.8424324144955868,0.3961938306053458,0.06606179373371597,0.6725518821520832,0.4059600123686705,1.0,0.0,0.8,120,249.5666319627415,1284.5283384054712
28,47,0.48243372157459924,0.6425062307283048,0.8074665196307003,0.9287034532499232,0.46837717805411067,0.06847910462067366,0.5953134017127659,0.4872512575732636,1.0,0.0,0.8,123,234.89538328616248,1019.9557964103368
28,48,0.40748448701312723,0.5445943250503789,0.6871383483446905,0.8735896264884291,0.38390062303093436,0.07576231561139966,0.5426413337446667,0.3846249623868199,1.0,0.0,0.8,128,212.56987903068207,1383.4460982404044
28,49,0.412346406867109,0.5606090843953865,0.7143245575487377,0.8949221368483196,0.38833022549164026,0.07547435645127136,0.5442992250532609,0.39105055634770153,1.0,0.0,0.8,129,211.90703416324715,1375.3511272598437
28,50,0.6077618419479944,0.7862898045463405,0.9731640449432809,1.1214559758952216,0.5987587164503679,0.07313392961135248,0.6209486761300251,0.6388891613526724,1.0,0.0,0.8,130,229.96380996485,1227.0691934567026
28,51,0.4902986254652434,0.6651841859054735,0.8516547015296317,0.995170936370019,0.4732313504260821,0.0713332870241556,0.5968521797107352,0.4950597994441049,1.0,0.0,0.8,132,232.6013206225777,1174.035176147714
28,52,0.48285014330889553,0.6449584176915332,0.8200777374211654,1.006302685856991,0.4632466870899757,0.06719823940765753,0.6620107426627972,0.4912606876167171,1.0,0.0,0.8,134,246.01909572723903,1046.3603389153234
28,53,0.47611967360126817,0.6481288261140918,0.8342811777336262,1.0087940523425485,0.458815334927778,0.06806895059144706,0.6043617702303925,0.48199960157697463,1.0,0.0,0.8,135,233.19684235307375,1056.4861583001684
28,54,0.5838125702201694,0.7785475776516351,0.9870893770767011,1.1239256321291853,0.5615475015795595,0.07278713197265076,0.5850618222066639,0.6106109732847538,1.0,0.0,0.8,141,218.80083313830323,1287.4762281353624
28,55,0.5055216335347361,0.7065244738908025,0.9256988503737147,1.0625154334296372,0.4864097239360129,0.07189679916269362,0.5731067185443829,0.5148202040583014,1.0,0.0,0.8,146,219.97164911140345,1265.4973326363015
28,56,0.5146050482128145,0.7158511791500046,0.935052014280227,1.0752945160366134,0.4937029191069633,0.06918118527885349,0.6886304773258913,0.5295247114932747,1.0,0.0,0.8,147,264.1630105565916,1134.782271852586
28,57,0.5044651106716418,0.7044704515995197,0.9235347205304387,1.072600376912584,0.4856937667853982,0.07314186685394067,0.5729841771849011,0.5121388008938963,1.0,0.0,0.8,149,217.9717028192089,1297.54877751938
28,58,0.5041692779386723,0.7133467726192104,0.9433650566533418,1.0856881194726706,0.4869778270929914,0.07314186685394067,0.5729841771849011,0.5121388008938963,1.0,0.0,0.8,151,215.7818684712503,1281.2656270940972
28,59,0.444674716015519,0.6476131420026323,0.8769478835231876,1.0674937240148719,0.42847348151022213,0.0707741583926936,0.6792422276807313,0.4419061832066221,1.0,0.0,0.8,157,219.99867135005545,1178.830589271885
28,60,0.6025549060260318,0.8360149488699645,1.098543355726297,1.2892399542571926,0.5832868610588484,0.07415248610201997,0.6384967074938142,0.6355413655950564,1.0,0.0,0.8,166,239.69280408835863,1170.3541045568509
28,61,0.611061906131272,0.8552906511455344,1.1289485563979045,1.3267969167639917,0.5915080164661588,0.07521410253637736,0.6390514892370074,0.6449077533146841,1.0,0.0,0.8,173,239.39350650060337,1183.4908272593923
28,62,0.5138896831746723,0.7137339796869722,0.9427311048061677,1.1965362352667495,0.4948061045225375,0.07351948985300183,0.6214613754017272,0.5255600436216633,1.0,0.0,0.8,174,209.90213284827,1287.1108425007524
28,63,0.5091565666950038,0.7282198147715483,0.9792235239443837,1.1993742406183805,0.4955406124825282,0.07322445395867985,0.5760270768346005,0.520549233008415,1.0,0.0,0.8,176,213.368101756454,1293.8736958242762
28,64,0.5157269728154588,0.7222731146059893,0.9619568634369855,1.217577009642952,0.5000026470558476,0.07504236432180574,0.5613074433490767,0.5267433295173278,1.0,0.0,0.8,178,205.8472543395316,1269.2674297543265
28,65,0.530076022707708,0.7446152878560404,0.995127796227748,1.242817931290147,0.5199664155090061,0.07507259059316182,0.5478567994481354,0.5451823502475566,1.0,0.0,0.8,179,214.50435537945245,1299.1783677417498
28,66,0.5300186754893869,0.7653092112249054,1.03799601253842,1.248782160674825,0.5138632332971098,0.07336631082140219,0.5842690726902534,0.5474924355442344,1.0,0.0,0.8,182,210.50190335777228,1269.9924591792594
29,0,0.8485559812564137,0.6313816495469426,0.5962922289588513,0.02834649351486899,0.0,0.0,0.0,0.0,1.0,0.0,0.8,1,492.8588121237332,1449.2850531501651
29,1,0.8564996204608919,0.6844014777229479,0.647786821100354,0.09938404515414481,0.0959418310418651,0.06898952717255706,7.660966636006e-05,6.700059790129e-05,1.0,0.0,0.8,3,452.66796035712713,1338.9296616295967
29,2,0.3846122366448828,0.509294594993965,0.46336461154694814,0.12486126097172791,0.8203507253573084,0.08934682344912814,0.01219796691158323,0.0108035871538552,1.0,0.0,0.8,4,145.75958553128538,378.2911832401326
29,3,0.31661965493872535,0.45185518887677323,0.3978444548341593,0.1440693641355848,0.2679412165246343,0.09051979308737992,0.04859014972668521,0.04364957310524945,1.0,0.0,0.8,6,130.54270551377027,116.52272365618698
29,4,0.28779787228958376,0.4324348759007026,0.3881604434348557,0.1440123240575393,0.16034037622984582,0.09276031472470239,0.02397936485738858,0.02146857848843804,1.0,0.0,0.8,7,116.06862004989024,179.5294691495505
29,5,0.2930163899096887,0.4365979961513063,0.3916818128540433,0.1447973260267839,0.14347387528773314,0.09043192690446372,0.0422235136017811,0.03800976220628425,1.0,0.0,0.8,8,111.4076270048372,99.91541298151718
29,6,0.28257966630554043,0.41492577250149604,0.35873465771509827,0.140014486080072,0.11552067696734589,0.09231228827769697,0.02624614404705524,0.02387899564384557,1.0,0.0,0.8,9,111.9293518025372,170.38637906308034
29,7,0.27552962873055487,0.4164271901787697,0.37019885681972453,0.16076182914962736,0.1566773099367835,0.08513228437630424,0.02529776525487638,0.0366515823416615,1.0,0.0,0.8,10,91.57982029976904,397.6904031021122
29,8,0.2937337577032973,0.4213951186646933,0.3631460375519077,0.1684829665682551,0.16962544720487877,0.08890810422505974,0.06853719396209561,0.0632451667059277,1.0,0.0,0.8,11,85.46366651468301,197.62901359178676
29,9,0.27446935510641846,0.40143101859496494,0.3429223341421797,0.15566837968524655,0.1314304482124469,0.09081737883167759,0.04191891337082036,0.03931201252612264,1.0,0.0,0.8,12,86.69152159094543,124.39590121755197
29,10,0.2591905996920948,0.39500611537157027,0.3468884313357939,0.1522964609971541,0.14018934742227168,0.0904206066238736,0.03049966096075591,0.028074501241410737,1.0,0.0,0.8,13,76.13212180731523,218.07320561182064
29,11,0.2452677388382565,0.38960178419657876,0.35183831522224895,0.16351618790372227,0.119203288317851,0.08168385162183685,0.04315146666549999,0.029016880558614087,1.0,0.0,0.8,15,33.09011218310927,557.2433592557452
29,12,0.25499214731629644,0.38693337894075924,0.33762288664426243,0.17041915043561295,0.13080812878856513,0.08129666398663066,0.07045589923074516,0.045051945037016,1.0,0.0,0.8,16,41.43824532435615,1342.1231373208718
29,13,0.234256942035654,0.36079835454373077,0.31002965159568535,0.1605924547375166,0.1579387918955032,0.08139034844576087,0.05291650433406351,0.03141383326162114,1.0,0.0,0.8,17,38.762690489600686,1543.613653429896
29,14,0.23402699815013334,0.37010987130726264,0.3301168863479599,0.17261378215603695,0.1225812625762584,0.08175980223489422,0.050738454691070314,0.03383484789018899,1.0,0.0,0.8,18,45.75522287892101,1121.0505046390315
29,15,0.23192446845246428,0.37838118801856424,0.349377548476947,0.1792911752844166,0.11094657477716362,0.08173794457053446,0.04894897071930782,0.03264153369969647,1.0,0.0,0.8,20,42.191601459179545,1021.9084474511752
29,16,0.22342040016465894,0.36649625193863977,0.33669502937056506,0.18918209754508036,0.11840861621374577,0.08244357807087509,0.03999728541413195,0.02737580916766638,1.0,0.0,0.8,22,31.993660118061616,675.400732028955
29,17,0.22461084284560626,0.36730006675349447,0.3374105009891424,0.1965082195848257,0.10763522844182893,0.08286664692001364,0.041899299605044335,0.02901248217897851,1.0,0.0,0.8,24,37.08729242371997,729.8307998173487
29,18,0.23937893556888712,0.36794242065205673,0.32621110481214666,0.2146709136902028,0.1488087940270605,0.07941874109965139,0.08443629193509673,0.056878488598673525,1.0,0.0,0.8,25,26.665123510032792,894.7707495601885
29,19,0.23335416028793085,0.3698536037680614,0.33861180599552954,0.21474031532279333,0.14669104640962544,0.07987097541990254,0.07949899241946952,0.05370679935286736,1.0,0.0,0.8,26,26.263845414738352,782.8140570803001
29,20,0.23179852612920232,0.3783769813118011,0.35809013750080076,0.21398664124589029,0.1261603934903621,0.07996232031288872,0.07856198879932849,0.05313810434484824,1.0,0.0,0.8,28,25.87776555400349,741.1795428987435
29,21,0.23053392030021075,0.36431037668570865,0.332508844417741,0.21724653864639637,0.13549259564871097,0.07991731196651922,0.07984857828137708,0.05406929672444825,1.0,0.0,0.8,29,24.02687404680939,774.7140359884684
29,22,0.2233789150117096,0.3563436007353646,0.3243726477934586,0.21347565655472833,0.12313421867355133,0.07845541685108562,0.07554445098736659,0.04816294840962992,1.0,0.0,0.8,30,19.697286401127883,754.9441769841269
29,23,0.2299159156616066,0.36242866404714474,0.33037056213530536,0.22364141056015874,0.12694835343377486,0.07971331901464476,0.0811816978762611,0.0553411309601188,1.0,0.0,0.8,31,23.564897041262867,816.8282997538892
29,24,0.2285712864152326,0.36066875458475434,0.32852964893564957,0.22847324046226475,0.12447549909673196,0.0800492434221993,0.08019384193753396,0.05378513913786681,1.0,0.0,0.8,33,21.02079744110977,802.024651249234
29,25,0.22587640107833395,0.37986128518340245,0.3699917399825276,0.23188699599247858,0.12287089181470241,0.0793015537479439,0.07757912273747222,0.05176933835989968,1.0,0.0,0.8,34,21.224268732884227,724.8116046942515
29,26,0.2190039489394216,0.35505305910586304,0.3327045481821198,0.2515352783737132,0.1439683525794849,0.08681522290606132,0.06783027659507361,0.042486838425110016,1.0,0.0,0.8,36,22.343956481746662,1012.7442353251126
29,27,0.2152767984701754,0.3478273605058987,0.3248372851517373,0.2563677683078807,0.13163496646675016,0.08633556926055178,0.06733429628862685,0.04248002256396584,1.0,0.0,0.8,38,21.296853719592374,959.7375913869208
29,28,0.21526527699478806,0.3477398491028835,0.3247362159899978,0.2564106605736223,0.12086189451606591,0.08629099649720343,0.06742773498350897,0.04260689479551001,1.0,0.0,0.8,39,21.16905917622069,955.783158906465
29,29,0.21290316820985378,0.36750339598232745,0.36681790890260435,0.2730184425516873,0.11851337329943232,0.08576264355666736,0.07024111134471886,0.04039169350007017,1.0,0.0,0.8,40,24.61939534991161,1091.913564855718
29,30,0.21653104990748376,0.3649498869177864,0.3631653787692235,0.2836298224953103,0.14010343506204384,0.08463117307923976,1.0,0.05304487652849434,1.0,0.0,0.8,43,129.09235644360382,30059.259019896428
29,31,0.2136162101471697,0.36933885776592734,0.3780810627424517,0.29268855332720833,0.13815347367010294,0.08463117307923977,1.0,0.053044876528494565,1.0,0.0,0.8,45,117.64447629617128,29827.90144405353
29,32,0.2135851155881352,0.369267232200003,0.37800261255358214,0.28969722085911515,0.12730715666306516,0.0846311730792398,1.0,0.05304487652849478,1.0,0.0,0.8,46,116.6556107397236,29805.22839601658
29,33,0.2141450090818785,0.38006929337326334,0.3998265062638877,0.3162091566805386,0.13334125902266591,0.08585068992859324,1.0,0.053036357614710296,1.0,0.0,0.8,47,123.16778237425714,30055.05822028428
29,34,0.21975455918793013,0.3956017504457493,0.4263284671552601,0.32250641747808445,0.13650371791965366,0.08644605873210132,1.0,0.06041018187886682,1.0,0.0,0.8,51,144.30870459483816,35275.49927829455
29,35,0.21922778807046356,0.3833487947019645,0.4028057815233212,0.3286791609944402,0.1365511247162824,0.08635442176852076,1.0,0.06044949713152744,1.0,0.0,0.8,53,145.87961596083355,35407.417661034866
29,36,0.21534674755380429,0.3888647859355937,0.4192069530542464,0.3460920334903055,0.14195709198628673,0.08600226183103783,1.0,0.057592224135916935,1.0,0.0,0.8,54,130.34998003202344,30498.13391134712
29,37,0.2141147445880751,0.3987020061951753,0.44020481712208953,0.3550905141939124,0.13094529093425683,0.08705530998570056,1.0,0.054761235284480556,1.0,0.0,0.8,56,121.11271326720689,29072.634329321023
29,38,0.2151805516970417,0.39903909920626496,0.44042267211933417,0.35945864440657593,0.13455647435680387,0.08702780815499421,1.0,0.056782623964218584,1.0,0.0,0.8,58,125.5005921273268,30211.19892025125
29,39,0.22069832190828526,0.4027008868247407,0.4437829957486237,0.38237382005560533,0.14282677104221575,0.08889608498192893,1.0,0.06298317959160707,1.0,0.0,0.8,61,128.9621790544807,30480.53564943171
29,40,0.22015407179107274,0.3908044187186992,0.42067991134992777,0.37868670298114093,0.14037046867393693,0.08851302604463449,1.0,0.06300394667824438,1.0,0.0,0.8,62,126.22282411996812,30400.3687170995
29,41,0.22027628112790923,0.4128193761870661,0.46497705771366704,0.4029006311825889,0.13981896242658487,0.08933178507321173,1.0,0.06239471749513278,1.0,0.0,0.8,65,90.40252430127669,24812.06443203185
29,42,0.2089407456303749,0.3898875483904272,0.4307995442766921,0.3908468599387773,0.13108892232554017,0.08660245407984259,1.0,0.052067610921988486,1.0,0.0,0.8,66,126.30559100722368,30223.989009080036
29,43,0.21117591605230013,0.40187334397944857,0.45373514411987254,0.4164161192186006,0.13394398375263855,0.08275135190320021,1.0,0.06082315165816177,1.0,0.0,0.8,69,134.73405632337955,31015.343534545114
29,44,0.20710091477377435,0.3841559503483858,0.4244485517620774,0.4163058605559764,0.1361638533889937,0.0856889924140938,1.0,0.05417837905026758,1.0,0.0,0.8,71,153.32952700385044,31576.743751754697
29,45,0.23530261760688032,0.43344744694186044,0.4958976064617325,0.46707591578896723,0.15881544644808615,0.08535291824028242,1.0,0.09074216475457417,1.0,0.0,0.8,78,65.18949003427552,14402.751906428452
29,46,0.2377347319987184,0.4348282467826523,0.4971141961029516,0.48041412014061646,0.16394899086316728,0.08689077756127503,1.0,0.09270243878258841,1.0,0.0,0.8,80,74.85116380209443,15203.068343942095
29,47,0.23741423688733831,0.42284289429010546,0.4738752995749729,0.48290096223287077,0.1642083604119916,0.08587188172243121,1.0,0.09402578881434108,1.0,0.0,0.8,81,69.42753840009172,14734.953116158697
29,48,0.2376046693971013,0.4334894424582088,0.4955875961735589,0.5016558443380309,0.16344062545902543,0.08647546792033597,1.0,0.09401411495712793,1.0,0.0,0.8,83,74.06591232106737,15312.166687841403
29,49,0.19009721387992043,0.3943090975347,0.46714625009694455,0.4484906707560953,0.13092709080187576,0.0736475994275098,1.0,0.05280102054586126,1.0,0.0,0.8,84,54.61863885799649,1200.526199988782
29,50,0.18634659359346853,0.38173132353914613,0.45324365047222603,0.45541207729152516,0.14059167578877918,0.07699284050713945,1.0,0.050294178829641656,1.0,0.0,0.8,86,55.06448644898168,1265.4911573994416
29,51,0.18420541987200506,0.37741744343140815,0.44861089214939726,0.4610563807211872,0.12188761725926286,0.07454088824931132,1.0,0.05215402838689047,1.0,0.0,0.8,88,62.21098924525895,1330.6049333071096
29,52,0.17433122733419937,0.3576229250082905,0.4466935704822842,0.4736460836662454,0.27813438704611937,0.07525015593196216,1.0,0.05726180202509148,1.0,0.0,0.8,89,80.15132572485534,1304.465892320261
29,53,0.17433122733419937,0.3576229250082905,0.4466935704822842,0.48784372397043735,0.12105963586314805,0.07525015593196216,1.0,0.05726180202509148,1.0,0.0,0.8,93,80.15132572485534,1304.465892320261
29,54,0.17292804693011501,0.3535657102172016,0.4422861217660867,0.490657390222897,0.13303061486017087,0.07855797546454305,1.0,0.052653705358468715,1.0,0.0,0.8,94,72.26106619794648,1307.688459459319
29,55,0.1772167047052508,0.43297047409765244,0.5995120976888326,0.6131050766928887,0.12647534842113517,0.08087712437915355,1.0,0.056324299692757374,1.0,0.0,0.8,116,60.971246320470144,1335.675060406802
29,56,0.18934977614905252,0.46333220336928316,0.6516883519931409,0.6570981008897423,0.14316315336988006,0.08433589338365417,1.0,0.06898484842768858,1.0,0.0,0.8,121,61.61516934251957,1357.3068814294338
29,57,0.1882108872536573,0.45093879643328444,0.628109404856541,0.6748230694074225,0.13858546896692772,0.08276166080100912,1.0,0.06959994499345429,1.0,0.0,0.8,126,58.42492654260128,1357.8904848477605
29,58,0.18887420227328433,0.46259662227752224,0.6509193258002739,0.6879280362295357,0.13961033660158156,0.08336356830438105,1.0,0.06972282922305206,1.0,0.0,0.8,127,58.05228241867376,1357.552170328587
29,59,0.18895756923339924,0.4621197244594917,0.6503698800899219,0.6881382279437634,0.14198216637778496,0.08371945757930008,1.0,0.06963346635094496,1.0,0.0,0.8,128,58.602565713679816,1357.428177569189
29,60,0.18998641230442806,0.44997856554030535,0.6267960688465275,0.6834392137861647,0.15061847526327327,0.08410046971823429,1.0,0.07136275766315314,1.0,0.0,0.8,129,60.14576545916856,1311.0064689383937
29,61,0.19389260857217025,0.4742834434707913,0.6732008503067071,0.7470958364733201,0.14653681250181538,0.08251717715439477,1.0,0.07900802317736269,1.0,0.0,0.8,139,65.51094434200017,1372.04060010368
29,62,0.19385102830296463,0.4850490825531947,0.6950947047949978,0.7714423415326166,0.14643673483811984,0.08269772810623145,1.0,0.07885562566526941,1.0,0.0,0.8,141,66.85746564093571,1384.548518627142
29,63,0.19715617924938275,0.520392635170062,0.7637738653521778,0.8136692314516648,0.15140745737752276,0.08397717905586205,1.0,0.08192739537499344,1.0,0.0,0.8,144,72.36674562051718,1429.2398592457678
29,64,0.18837643128223885,0.5010761204969945,0.7333636844602105,0.8230147238778383,0.14206795299736996,0.07622449603307584,1.0,0.08040224808646519,1.0,0.0,0.8,145,55.18093900468254,1164.410486090999
29,65,0.19424365448242775,0.5167135811194845,0.75999692387126,0.8187578480743717,0.14882382989079068,0.08309622527747847,1.0,0.0797169771244964,1.0,0.0,0.8,146,70.41066191021821,1354.035009464995
29,66,0.26417782789460925,0.5640832907564148,0.784988876668139,0.8843994607338739,0.21902937029366226,0.07870556825794614,1.0,0.1727782174844989,1.0,0.0,0.8,147,68.58174207733575,1515.936063038431
29,67,0.21281222344434336,0.5103170388662399,0.7309175385161872,0.8313266373577088,0.17656259450748688,0.08001533795068615,1.0,0.10793905770646842,1.0,0.0,0.8,148,66.50843436750509,1209.9120237014463
29,68,0.21032267225444015,0.5146132224345403,0.7458347857044658,0.8544444470261744,0.17001903839885446,0.0811381976350617,1.0,0.10518256103647343,1.0,0.0,0.8,152,70.86440226487083,1365.3766299303504
29,69,0.20310811082208974,0.5292115732454842,0.7827156163023015,0.870634215116699,0.15914964062263245,0.07726406145352246,1.0,0.10115948535711965,1.0,0.0,0.8,154,61.94012552098197,1229.9466192179366
29,70,0.20896706582418306,0.512008494541495,0.743073004769879,0.8727709408076731,0.1678663753905839,0.080360393845257,1.0,0.10495856424670014,1.0,0.0,0.8,155,70.85461247460792,1403.753531210774
29,71,0.20889532378822168,0.5228073608933532,0.7650088564575792,0.8977849611400872,0.1648170931912974,0.080360393845257,1.0,0.10495856424670014,1.0,0.0,0.8,157,71.04078144081365,1408.82603222303
29,72,0.2815910872928379,0.6171922654438068,0.8816611057578181,1.0058325603233491,0.23757198094215426,0.08004100951601076,1.0,0.19642705823460868,1.0,0.0,0.8,164,74.6020974029862,1515.0963926678498
29,73,0.2992613173428922,0.6994394117585134,1.0306494191449984,1.090477117581454,0.2559739531701106,0.07973866298776848,1.0,0.21967903074242714,1.0,0.0,0.8,179,70.15640831685812,1217.9028316227498
30,0,0.8940303570154507,0.6425814836059153,0.6085582289386766,0.029433404608604347,0.0,0.0,0.0,0.0,1.0,0.0,0.8,1,411.933422149861,1326.4166866933265
30,1,0.8758406900456751,0.6719557483224864,0.6364324182544955,0.07658685601585045,0.07158895066212309,0.04511813800424499,7.80353708504e-05,1.909395491436e-05,1.0,0.0,0.8,3,373.4870934984164,1240.543241001262
30,2,0.8746370465479153,0.6727065238127672,0.6371187083953189,0.0803760801974408,0.048846338625039704,0.04648103682972175,0.00044012260489844,0.00010078934048186,1.0,0.0,0.8,4,332.80820202582106,1345.4070843431043
30,3,0.3561634107509135,0.48105495716326885,0.4350690049787321,0.08659482628905801,0.8308745714983443,0.05978166035485285,0.05392751279614237,0.013195163766792181,1.0,0.0,0.8,5,143.23038084954186,120.08162488941316
30,4,0.32568650651895814,0.45884449230702656,0.4098447960687191,0.09608045614897087,0.18608661108019514,0.07498289146889338,0.01177205242691355,0.00600557391249879,1.0,0.0,0.8,6,52.83546258817682,406.4008787412069
30,5,0.29789534315789457,0.4437992127514201,0.4048412027399049,0.08385457650218578,0.1050817880024704,0.059525468430712415,0.03026387758688116,0.00740506654713754,1.0,0.0,0.8,7,70.93194814301714,191.3919394072772
30,6,0.29242913553348293,0.43961321807174514,0.3994110748066802,0.09489704462846268,0.11913809709458587,0.06943877177081297,0.02037499906118769,0.00611915046236896,1.0,0.0,0.8,8,67.84212941007286,284.369566291356
30,7,0.2794853762650449,0.4266309272138936,0.38523834706737736,0.09542650283830956,0.11515645052492285,0.06998139046623339,0.013845853023163959,0.00484470063727857,1.0,0.0,0.8,9,55.13481176182229,364.0714738848321
30,8,0.25278703752445975,0.3987658027714618,0.3555462583598462,0.08711166902285035,0.12938149729430867,0.061057981747816494,0.03090500831368011,0.00515767571802414,1.0,0.0,0.8,10,50.45430800278007,133.923533968982
30,9,0.2445508189583987,0.38960381767539254,0.34561773663569584,0.08745875570710461,0.07759279160483945,0.059795100782524445,0.03664938802491582,0.0053498968082118,1.0,0.0,0.8,12,46.073102261343,113.27625082444268
30,10,0.23551052237830694,0.3672405634399777,0.3107545320725264,0.10413524122920356,0.09036230578478072,0.06248514105276204,0.025995001710503778,0.00542809344235805,1.0,0.0,0.8,14,51.47795255387199,100.27074310329388
30,11,0.23002521206503518,0.3600860889481011,0.3028103684428295,0.11191092535999636,0.09582361695887309,0.06140420265444148,0.02887788364264813,0.008206640902356229,1.0,0.0,0.8,15,44.70651897792671,102.8216265748066
30,12,0.2316305829843648,0.36041121471217924,0.30259767907466006,0.11981639551924728,0.0834281671490586,0.06715855717898223,0.028620644657877097,0.008482334953661661,1.0,0.0,0.8,17,36.013680404137816,120.83541760843508
30,13,0.22413291427210957,0.36390151734254783,0.3172097384665899,0.11674652435356381,0.06833642398626066,0.06194451172013191,0.0268474057981893,0.00606505196597242,1.0,0.0,0.8,18,66.7821199802469,106.36123203078972
30,14,0.2207889217100949,0.35907079737603914,0.311809793714199,0.12534331196258153,0.08802187510164668,0.06075614640702862,0.02995672741006656,0.00898665130600734,1.0,0.0,0.8,19,76.36585555735734,110.91914183306392
30,15,0.2044968892426383,0.3538163523151824,0.31769289594549005,0.10443363772494305,0.052929465552766786,0.045374419257413166,0.06668752866682767,0.00813701132239154,1.0,0.0,0.8,20,75.15161722482998,124.27638026108976
30,16,0.21642594666395876,0.3529953746717852,0.30512903273209596,0.13304377796682748,0.0885514558304073,0.062030782798423875,0.0291662861681751,0.00774879561185652,1.0,0.0,0.8,21,130.36303314723992,108.9540486560919
30,17,0.20082662007760407,0.34809446529934923,0.3112568706601133,0.1103149244084956,0.05850452151239811,0.05037724245215706,0.03338987761932569,0.004108908204122,1.0,0.0,0.8,22,74.29612130200984,143.5539380129711
30,18,0.2319265939554797,0.3784214819236156,0.34133287429671333,0.17823034890347472,0.08883046339629257,0.07640873638663429,0.05579121084374801,0.012774484551413121,1.0,0.0,0.8,26,71.46354171917815,46929.25731908533
30,19,0.19680348176191834,0.33017868312663784,0.2812905718487628,0.12794955927434312,0.07855353611343845,0.05249244542142699,1.0,0.00456710030619406,1.0,0.0,0.8,27,444.0763302618833,227.65986171710543
30,20,0.22521370218263098,0.370422915685081,0.34108255968021634,0.18593435263197522,0.20242523022309888,0.08146098980269614,0.059018761503821994,0.02746166480921534,1.0,0.0,0.8,28,34.419460797222925,358.6296224676258
30,21,0.21330183601088576,0.3659447489193168,0.3469606297466631,0.18337208591396076,0.1102051023772289,0.07385830757805352,0.05804835315912869,0.028121087783568782,1.0,0.0,0.8,30,45.97139428989213,377.46799303982885
30,22,0.20512924270390664,0.3487884909152965,0.3279075819196998,0.2014921582997113,0.13255454656569637,0.0783685330713776,0.053465541611998166,0.025945223647507648,1.0,0.0,0.8,32,33.79092918871957,405.7305675579489
30,23,0.20817802966966129,0.34701956109192594,0.32519728494554384,0.2146236391613718,0.12384394840329553,0.08416634355987032,0.05543297142723689,0.02884707654755463,1.0,0.0,0.8,34,35.10354182412958,464.65785005669824
30,24,0.21388457440753977,0.3512378599904231,0.32913352035798205,0.22748941148375418,0.11939871046126148,0.09033614132224047,0.055174665808344944,0.03011132043977972,1.0,0.0,0.8,36,39.849589453493344,514.2765078133428
30,25,0.25453842820419403,0.3889493767730235,0.36629796933914344,0.2853212698156935,0.16753066777712705,0.09763755728515716,0.0791059730433161,0.07530639904737076,1.0,0.0,0.8,38,44.40441101153826,645.8887767378096
30,26,0.25427959911534265,0.3995069513247817,0.38796960613822506,0.2945031632607598,0.15878641870945803,0.09763755728515716,0.07910597304331608,0.07530639904737077,1.0,0.0,0.8,40,45.94883844226285,647.8445136236551
30,27,0.21074625600684221,0.34384950399720826,0.3209596082355875,0.23331591381849964,0.12190017751018535,0.08944382642500133,0.06201345411743906,0.03230818679988924,1.0,0.0,0.8,41,58.00605612891023,562.910671227345
30,28,0.21117224869123946,0.35481573739348166,0.3429901923615829,0.24629671762703984,0.1179984325869744,0.09018382907858577,0.06225278476219716,0.03254443660145468,1.0,0.0,0.8,43,59.039622097378334,574.3083709874769
30,29,0.2297600928991207,0.3596658475738911,0.336199629961999,0.27502675225294115,0.15404972402018619,0.09635881613565747,0.0688206872262789,0.051003398595569474,1.0,0.0,0.8,44,60.86982016828201,724.7786323076631
30,30,0.24619470538622182,0.3725763457746287,0.34849638116018367,0.2849979144434234,0.17805000603314122,0.10386863687143426,0.07473477222654648,0.06581339155012145,1.0,0.0,0.8,45,62.99595927409772,843.0722768783427
30,31,0.23775772955137248,0.36356249530478657,0.33938312607526155,0.30428811935695776,0.14925100128470478,0.07958744981117852,0.15312994238271652,0.08620307792236546,1.0,0.0,0.8,50,30.222498382159795,440.3027339616767
30,32,0.19255924089651497,0.3509283684322819,0.3601199456575762,0.2831641734846277,0.10833784229474232,0.08425925347336415,0.06246213889074491,0.02459580989948674,1.0,0.0,0.8,51,22.522196860954043,435.0798367037908
30,33,0.23571878863772489,0.3523103845079668,0.32659064558349005,0.31660494626744023,0.20340743081531776,0.0857670106732727,0.15609507610279677,0.08464093761923865,1.0,0.0,0.8,52,24.00521134542616,503.1962432448222
30,34,0.23424871101408495,0.3684336055581646,0.36430532856394554,0.3377318849346068,0.16168850718605737,0.08705288219131073,0.15594773412062757,0.08514936920114881,1.0,0.0,0.8,56,24.298881285347125,511.7821193253967
30,35,0.23745779387024354,0.35996642782489885,0.3445808240684638,0.39826127501440967,0.1589313211615532,0.09425249774483464,0.1613882939924622,0.08064513348261612,1.0,0.0,0.8,76,30.796864253617844,506.04668982010406
30,36,0.23269594645737057,0.3521723044204602,0.3363081692802544,0.4011207324918491,0.16450903997318111,0.09201952989498362,0.16754158040942918,0.07997807047515201,1.0,0.0,0.8,78,27.30956453381365,510.922171438273
30,37,0.22178673634021384,0.3625950743870765,0.36892990803318176,0.4105196119754925,0.15011876888239165,0.07603873092759506,0.16238903107477118,0.08696810069973673,1.0,0.0,0.8,79,77.22315754058766,494.0353184781215
30,38,0.22831473357603027,0.34323387201300637,0.32666691949010107,0.4049518315284101,0.17474163730690306,0.09060260944130803,0.16912529235963022,0.07980495690834537,1.0,0.0,0.8,80,26.60797955783988,536.3817256587673
30,39,0.22302948501610187,0.3581729678748082,0.36363995594095827,0.42066948203701376,0.16061489776655066,0.0814389212656117,0.16357785301840072,0.08608597570477669,1.0,0.0,0.8,81,85.58920394143354,544.2853469342449
30,40,0.22300208112733283,0.3691958546137075,0.3858211847492286,0.4436931427308381,0.15043157071326063,0.08143892126561171,0.16357785301840072,0.08608597570477669,1.0,0.0,0.8,83,80.62353321692557,541.1611280538465
30,41,0.22188835096458576,0.35626201698332916,0.3616128007317615,0.43254298461376955,0.15154151116924025,0.08137592733952685,0.16291870258121943,0.0853020943039312,1.0,0.0,0.8,85,79.39223987861746,553.7192066065542
30,42,0.23561641806546768,0.3769817515176016,0.39288419735042074,0.4565171515734537,0.18733567804586057,0.08764103388457592,0.16156640815484619,0.09755842180014912,1.0,0.0,0.8,86,76.37391370193313,543.9900567192079
30,43,0.22992034614416978,0.3749336621297226,0.40091283226558416,0.4981419109414034,0.16946361466810173,0.08002376203960157,0.19098996640338292,0.10494311298932588,1.0,0.0,0.8,93,3125.433949640501,491.6450936412493
30,44,0.2257644236030076,0.3674945925179506,0.39300323714592866,0.5050043843038139,0.16563344032923394,0.07852698184229094,0.19153072403890942,0.10369380292013386,1.0,0.0,0.8,97,3127.059650540572,512.4706029217949
30,45,0.23592881553739153,0.3659374334312207,0.3801921161515396,0.5191741877386391,0.17506837656231986,0.07341695448012878,0.18669841977058016,0.12317064813251807,1.0,0.0,0.8,98,3120.5437774443803,529.2772661453092
30,46,0.22535899865869163,0.37736207252142173,0.41391893254335155,0.5394903507364959,0.16248124769785127,0.07852698184229094,0.19153072403890942,0.10369380292013386,1.0,0.0,0.8,99,3157.584298473626,513.7670933041207
30,47,0.23987742927261,0.39043788961810155,0.42678969138998635,0.5545204530441958,0.18399304641790837,0.0784818398669642,0.191918857744956,0.12278815690441969,1.0,0.0,0.8,100,3147.647472781065,509.3883786130896
30,48,0.23929651395762833,0.38863869942724816,0.4248191393182026,0.548642464572103,0.18270940976763556,0.0784818398669642,0.19191885774495607,0.12278815690441962,1.0,0.0,0.8,101,3097.8942500659223,504.56420898924415
30,49,0.23907266782137163,0.38794547231874943,0.4240598557318901,0.5643995410027379,0.17903599875396856,0.07848183986696422,0.19191885774495604,0.12278815690441962,1.0,0.0,0.8,102,3113.106536030718,505.84000726187656
30,50,0.23560398388461085,0.3823549495167402,0.4181721774269388,0.5683832545198106,0.1794879325760459,0.07698684110802437,0.19255998447767803,0.12157249335510081,1.0,0.0,0.8,104,3149.8231235397643,529.9037884060878
30,51,0.23548235544770535,0.3822274159434041,0.41804386067610866,0.5648859007716485,0.1741546305029661,0.07700067293657474,0.19155728526922283,0.12140658123590513,1.0,0.0,0.8,105,3157.927713563746,533.9111006688462
30,52,0.2355363355965006,0.39323924163221297,0.4402016102849403,0.5877354948984782,0.1749298330681166,0.07698684110802437,0.192559984477678,0.12157249335510056,1.0,0.0,0.8,106,3156.403162272346,530.2504763694359
30,53,0.23562979289159175,0.3917869925426349,0.43853418720821086,0.5883245739337517,0.17884861972680033,0.07755313834601088,0.1899594941219298,0.12187528190971456,1.0,0.0,0.8,108,3173.06857388633,587.6574701164665
30,54,0.4405557241199847,0.6924035680226709,0.8390611630232729,0.8379323414846159,0.3886477661782849,0.058771979869012184,0.16969134549458317,0.4038611959509362,1.0,0.0,0.8,111,2868.437722671696,735.3247578287397
30,55,0.45066435996821497,0.6972725842972702,0.843216620731406,0.860772739040138,0.40262172544568164,0.06133999103432506,0.10560755475123378,0.41610677060354523,1.0,0.0,0.8,114,2869.312229206836,833.4174464597877
30,56,0.4504843044154843,0.7077556547142606,0.8648067082249385,0.8726162914560982,0.3952497421112815,0.06133999103432507,0.10560755475123389,0.41610677060354523,1.0,0.0,0.8,116,2873.859432857956,831.2704497858053
30,57,0.3786649910064772,0.6549151565859155,0.8338647554892453,0.9123182545357331,0.32433749853780613,0.0611160455495273,0.18017296656454246,0.32826581732019766,1.0,0.0,0.8,141,2978.9907284787896,816.6076224014037
30,58,0.3780560750930055,0.6752663268061486,0.8763817867031376,0.9374481973232882,0.3255561624937412,0.062364531695858115,0.17660840509013992,0.32656628913430896,1.0,0.0,0.8,144,2990.867429651737,803.3306139496757
30,59,0.7742111646289863,1.0403898537519163,1.2180086982412321,1.223075494103327,0.764329031357379,0.05295555306626444,0.6247602551120109,0.8377846221958851,1.0,0.0,0.8,145,2717.8474091581493,610.2899558296593
30,60,0.5145355197824343,0.7878239056807748,0.9760903263809964,1.1330630101241816,0.4654038725302788,0.06811413909670418,1.0,0.49605603576359936,1.0,0.0,0.8,186,3078.294001641039,1320.3247001231357
30,61,0.49524300523848175,0.7643703252301555,0.9521013178741615,1.1234882219313902,0.4509054533396713,0.06640086864127431,1.0,0.4759133517749051,1.0,0.0,0.8,191,3078.291353077628,1291.8945576053814
30,62,0.49524196886838606,0.7643663460320487,0.9520968211166277,1.1234878207409351,0.4471351085562626,0.0664008686412743,1.0,0.4759133517749053,1.0,0.0,0.8,195,3067.7538676555114,1295.1830327216574
30,63,0.5058549088864608,0.7971242601628613,1.007179085230256,1.166733127171285,0.45781095356316753,0.06769637168394267,1.0,0.4875813881133217,1.0,0.0,0.8,200,3077.2026681485745,1303.1641633675108
