Run,Equation_Index,Hybrid_MSE_Train,Hybrid_AIC_Train,Hybrid_BIC_Train,Hybrid_MDL_Train,Hybrid_PSM_Train,Extrapolation_Divergence,Sensitivity_Interpolation,Sensitivity_Extrapolation,Lambda1,Lambda2,Lambda3,Complexity,MSE_Test_Interpolation,MSE_Test_Extrapolation
1,0,0.8843180749772772,0.6402374819295722,0.6059911272897155,0.029206114861080896,0.0,0.0,0.0,0.0,0.0,0.1,0.8,1,420.82701177596925,1497.6573900288367
1,1,0.8232042452480118,0.6249227992905823,0.5892131061385923,0.0313260910288889,0.025871233615708134,0.05693670694983057,8.380540564878e-05,6.273464933589e-05,0.0,0.1,0.8,3,397.94026567985054,1467.2560046108936
1,2,0.29972947636249386,0.42378356468173667,0.3780180468023171,0.037790978219331875,0.759220920128322,0.07685886324263867,0.01287575508739298,0.01182908591868374,0.0,0.1,0.8,4,139.73079537038365,369.1739290526366
1,3,0.2767363360119266,0.4177633278002414,0.3813714293763106,0.0480647122650784,0.04405257714790169,0.07676454665202379,0.015102777225908682,0.01368258719983137,0.0,0.1,0.8,6,130.7932906352467,326.13912511582845
1,4,0.21120386780995443,0.35790399062346057,0.31555330029049855,0.05305078964606265,0.22536085875303238,0.08025340227364441,0.01344192816184745,0.017314412720713677,0.0,0.1,0.8,7,108.66111011479636,239.65454332199545
1,5,0.19641056741007912,0.3343609490043872,0.2868344220910833,0.0860975918451539,0.23043481523020848,0.08437516252387225,0.049953032584017856,0.05128769626709696,0.0,0.1,0.8,8,155.95249771648997,201.68265320546595
1,6,0.17413089229412532,0.28794866689316956,0.2175651484689704,0.05046583095743097,0.04404947621859763,0.07414691520596944,0.029203116542315,0.03052024213611766,0.0,0.1,0.8,9,103.00178920176724,129.31565950598747
1,7,0.1611957476297703,0.27723091351973383,0.224022966645176,0.08777522074993659,0.23048605074971712,0.0829908622450165,0.04567708722259903,0.05501410643984579,0.0,0.1,0.8,10,141.38063585487785,392.1278091476148
1,8,0.18948262540763638,0.2733214405584202,0.20490109463729628,0.1283803526706406,0.16960402984344666,0.07332990220878646,0.06299779388717895,0.1149761062151002,0.0,0.1,0.8,12,116.1839594149267,261.0999345845877
1,9,0.18397439290473522,0.2958424069809808,0.26000585908370444,0.14607271764071214,0.11335060877076389,0.07909233571002697,0.06923673077301944,0.11271152259340649,0.0,0.1,0.8,14,109.25534398950909,293.5593580661824
1,10,0.1792800358294117,0.28121441763222754,0.24375475652015058,0.16279265030560375,0.12799442187934337,0.07206934163949248,0.06697520956853764,0.1160229117479397,0.0,0.1,0.8,16,118.8428406667337,265.5002136418491
1,11,0.1765819195315449,0.26701448529286353,0.21832592526968575,0.1443187702420373,0.09781044792013968,0.07909036748389771,0.06940131274357494,0.1126754103456011,0.0,0.1,0.8,19,111.43090659377908,319.10264864585366
1,12,0.164759871091063,0.2317884152717427,0.17956304872096734,0.15586323130474228,0.2239801776292651,0.07835983250634862,0.06271809299607323,0.11592139366063255,0.0,0.1,0.8,20,113.60601444663428,280.48120912309133
1,13,0.16294688664478846,0.237394343430284,0.19581165670105904,0.16330889773997118,0.10811164899117602,0.07835983250634862,0.06271809299607323,0.11592139366063244,0.0,0.1,0.8,22,114.93398858760683,307.6250371007462
1,14,0.1623263198826333,0.24721258536124086,0.2167015157537064,0.18282021793698605,0.09982427413835898,0.07931840741622272,0.0697570756018744,0.11467401947492699,0.0,0.1,0.8,25,116.24241875897674,364.0071896786964
1,15,0.1590800796350183,0.250398923077314,0.2303971113987477,0.19269973240130067,0.12081367498609182,0.08575709999095013,0.06977881916726339,0.11339776647294823,0.0,0.1,0.8,26,108.77144404315332,356.7110743992884
1,16,0.16022965778784903,0.2512826219664835,0.23124319258461257,0.19103037930697742,0.10033341436325596,0.085694674168302,0.06979278116889875,0.11499391723783192,0.0,0.1,0.8,27,107.19785351440426,336.1217445622049
1,17,0.1593232530641911,0.2271625163875211,0.18465078096965942,0.1760996571536817,0.103495954331516,0.08652373497141648,0.06944771348835825,0.11448887191782042,0.0,0.1,0.8,28,119.88494584988334,367.0037884888671
1,18,0.16135209096823644,0.25061899124670894,0.2303314268924745,0.2014664532830751,0.10468684653898884,0.08541015160117647,0.07085587248916969,0.11729062500022444,0.0,0.1,0.8,29,109.6902086776347,305.1948792635925
1,19,0.20080453682161875,0.26619682586222404,0.2233435294853679,0.24148293042418498,0.14964346710788268,0.08548118170689831,0.06907315521490678,0.16781501858119327,0.0,0.1,0.8,30,132.29551529967338,323.6323852444588
1,20,0.1995206388967258,0.27305831801918223,0.24096699069797814,0.25598868467616,0.14817152433220038,0.08548118170689831,0.06907315521490678,0.16781501858119327,0.0,0.1,0.8,32,132.8544266660095,338.1135006599906
1,21,0.19967084035110919,0.259538152673195,0.2159306661272191,0.23904822354390284,0.15481301094991662,0.08587341490216263,0.06910619289396965,0.16939088250335238,0.0,0.1,0.8,33,131.9837666635676,328.75697121781536
1,22,0.2601768609916597,0.36175544642957996,0.3624471401345939,0.34270851018146675,0.2104333744126537,0.08131318747575612,0.06775475302244036,0.24660099283878684,0.0,0.1,0.8,35,117.3567589131874,348.97764165006805
1,23,0.21681442232939724,0.3153737046090196,0.3156597780778426,0.3033509142163253,0.17625918760134096,0.08031308688209805,0.0644773351024555,0.1943603267795094,0.0,0.1,0.8,36,104.20664771869728,418.2364977912181
1,24,0.17933512887044464,0.22449277991348546,0.18865818191384448,0.24904931151495063,0.22448032521317499,0.08557683606345003,0.08633179811793872,0.15410804339136924,0.0,0.1,0.8,37,132.1468929276397,925.3572382224947
1,25,0.17900974564293787,0.2453166119065347,0.23167943341163572,0.27057315424078715,0.13288751385561276,0.08556838719602174,0.08634095491072068,0.1541425771501434,0.0,0.1,0.8,42,132.38972140691092,926.0544395339856
1,26,0.18374755248872665,0.2379003447355325,0.2129634400963676,0.3035460956016105,0.13783198933616234,0.08502287963162679,0.08851703442142698,0.1602368943616855,0.0,0.1,0.8,48,143.8054491550892,976.8407662593422
1,27,0.2204679018860317,0.26591103718314796,0.23987741593739395,0.3357331356074278,0.2152501422731897,0.08483663277974336,0.08906010707495694,0.20958294562681717,0.0,0.1,0.8,49,131.33720761970412,844.2387641885921
1,28,0.18527937105945835,0.2723026228324359,0.29058039173923517,0.36036491272495635,0.14533632316673983,0.08391872139941997,0.15075970267775213,0.158967516066917,0.0,0.1,0.8,53,99.87746084651346,766.0723964442774
1,29,0.18521066221975296,0.2721336529808915,0.29039900168833355,0.3635914281440774,0.1426444201986919,0.08394402810706311,0.15073870927432276,0.1589219057227197,0.0,0.1,0.8,54,99.73620610666536,766.1226258903615
1,30,0.1958465568659437,0.30047597282034866,0.340517096071165,0.38551542279226775,0.1737559219886597,0.08682452329885874,0.09893816699053123,0.1803694667837468,0.0,0.1,0.8,55,141.30942428270694,974.303748580258
1,31,0.19466263534359568,0.27704955150024296,0.29475417973369056,0.39677609967021243,0.15322974038591114,0.086450118878711,0.1443902032809,0.1732258801488863,0.0,0.1,0.8,56,107.57748912762784,732.4165783135358
1,32,0.8535441025160329,0.9447393808832725,0.9733278087866741,1.060252848020553,0.8225181458811526,0.08785890999748933,0.12569638451686152,1.0,0.0,0.1,0.8,57,120.10865369208462,728.2702932586525
1,33,0.8887200250870071,0.9772143327720976,1.005469185795613,1.0992401791507902,0.8606749429967868,0.08722017568702194,0.48548147277967946,1.0,0.0,0.1,0.8,58,100.56512515823243,608.8583472218947
1,34,0.17582370889406568,0.23062594113663815,0.22533889004987698,0.3647259077014162,0.1363533080642656,0.08279746505375961,0.14863139637080744,0.15108752200749592,0.0,0.1,0.8,60,109.53613095811195,817.2151862842379
1,35,0.88682168416902,0.9685593220836556,0.9959967614053088,1.1049744373227641,0.8756954248856414,0.0866052597244061,0.48481177405938897,1.0,0.0,0.1,0.8,61,99.46458435594602,602.1166656284682
1,36,0.18560632980498074,0.24633085419679074,0.2614142870198366,0.3984588867543838,0.17079650258534926,0.09012477777154976,0.15540467591906382,0.1678700222564801,0.0,0.1,0.8,63,122.62536514926175,841.6176674747163
1,37,0.16681940997994427,0.211745591499223,0.2151061770021101,0.38911464498019904,0.13712108185877772,0.08602437680662588,0.16030747657741645,0.14521810444340638,0.0,0.1,0.8,67,118.7659139229346,870.3600298415416
1,38,0.1615499790881184,0.24581578900919918,0.2932427712756376,0.4520004220787529,0.13862542883422657,0.08571241347191445,0.16300265884052384,0.1397932920592178,0.0,0.1,0.8,69,118.932113360875,779.6058835745563
1,39,0.16988455270342123,0.2516252716173627,0.2987564202912154,0.45034622308473876,0.13966085760644453,0.08725480301996397,0.16105225536753098,0.15118459037305665,0.0,0.1,0.8,73,120.97971904803292,781.1535093702399
1,40,0.49825313582516606,0.5417288461343429,0.5547839108116641,0.7630277015129295,0.47677195547667417,0.08881252429420701,0.17577955885089025,0.561204715864332,0.0,0.1,0.8,75,115.50140763943963,680.9666788823765
1,41,0.5190682990851604,0.5454623573136951,0.5466589418532003,0.769587909917734,0.49476756330182486,0.08686586132413933,0.16448271302517875,0.5902582881473413,0.0,0.1,0.8,79,112.22831884056318,703.2225204113842
1,42,0.4521808727509101,0.48489262554698964,0.49670434219826376,0.7313032301184162,0.4324699505367133,0.08845505636214619,0.1638705219484514,0.5079749524010496,0.0,0.1,0.8,81,114.8854860838576,707.877326902218
1,43,0.45216012908934655,0.4958676772448163,0.5188331290909689,0.7497765249871555,0.42297104225214854,0.08845505636214619,0.16387052194845134,0.5079749524010496,0.0,0.1,0.8,83,114.19435921325,705.0902904786731
1,44,0.29604297900294607,0.4052378857461324,0.49506951510927655,0.6443493965036966,0.2679813002146677,0.07977875309225341,0.1658056478675855,0.3128669696091467,0.0,0.1,0.8,87,103.46308269985118,2387.745008920229
1,45,0.29471844342182574,0.3587301909863573,0.403809509693105,0.616068052887643,0.2689404478000708,0.08284706652606277,0.15804313909074935,0.31238486017325806,0.0,0.1,0.8,88,106.35471755119538,1418.1112393106548
1,46,0.296316006358773,0.3574743099853135,0.4022275735221601,0.6283019397310334,0.2736279397252557,0.08223589888936964,0.15942812355140004,0.31492492114588966,0.0,0.1,0.8,90,114.01071968328652,1501.836463490329
1,47,0.2514197749504576,0.3282232897665659,0.3945622946966061,0.5828057022357411,0.25053599382825664,0.0808533378208931,0.6761892428108699,0.19580521799913247,0.0,0.1,0.8,91,116.28124682815437,732.7126180063738
1,48,0.21083802332963575,0.3201915596846351,0.41994244173374806,0.6016704965479568,0.18441669540701142,0.08358587058076494,0.16647388433073768,0.20896919856462848,0.0,0.1,0.8,96,109.02184157753308,1295.506997898784
1,49,0.2100787940455827,0.3067679707678961,0.3951760690738518,0.589089057347807,0.18962219407019817,0.08358258934387139,0.16660600602420647,0.20837403664849402,0.0,0.1,0.8,97,109.33496486720492,1284.0126287845787
1,50,0.209122468954503,0.3165107521174261,0.41603920676082146,0.6073492548442468,0.18405115396037192,0.08364035335726262,0.16828886071938615,0.2070608420085132,0.0,0.1,0.8,98,109.4959439994088,1279.711169909243
1,51,0.20874502585225363,0.31419157732259184,0.4135007748137953,0.6071098439395866,0.1901949822249836,0.0848906978791795,0.16529194450908158,0.20741569186298187,0.0,0.1,0.8,99,107.80579681142432,1279.638394920181
1,52,0.36437335135660376,0.422567701925333,0.4868168590595066,0.7253700812935244,0.35895223658275854,0.08134367113246914,0.6945396807404983,0.33888421420937676,0.0,0.1,0.8,102,122.32990046176758,764.2483571686429
1,53,0.36628311746679004,0.4352877613281425,0.5106701750149908,0.749939472346135,0.3430837728045633,0.08134226400393298,0.6962022618756347,0.34112434213566695,0.0,0.1,0.8,104,122.30851144940864,763.3134551167587
1,54,0.39614852070846807,0.49592613004276115,0.6045246432646414,0.819529520793753,0.3744518051850794,0.08099998217227891,0.6858637046549972,0.3802758261349557,0.0,0.1,0.8,110,113.24652076792692,755.7365126961766
1,55,0.4895465806139457,0.5704075411888749,0.66697558489534,0.9159769182641793,0.4979848566039804,0.08134953878004704,0.6891643786574111,0.49819682585594566,0.0,0.1,0.8,111,120.93612869466014,762.5420630249679
1,56,0.37507087226051006,0.45533832718011086,0.551840950778816,0.8051909058653586,0.35539943988984246,0.08129070459376915,0.6903168447190976,0.3550753758913207,0.0,0.1,0.8,112,122.17664734484966,769.0188470080708
1,57,0.4083885899785097,0.5107186698825891,0.6295373753968209,0.8889539532449204,0.3864872088796454,0.0798191109193522,0.6767037309104257,0.3984500948161518,0.0,0.1,0.8,121,121.63156086094826,750.6201231729175
1,58,0.39775198038314064,0.5213028589454267,0.6623449994660309,0.8916907560586881,0.37972848269495657,0.08129155069953553,0.6894857068945821,0.3837478065902028,0.0,0.1,0.8,122,120.55350915847768,751.0090983376732
1,59,0.4156745609431727,0.5380672438395111,0.6789819977629603,0.9172297463040093,0.39454991868205974,0.08231224438739804,0.688326566778608,0.4065219833408961,0.0,0.1,0.8,131,128.91161284143203,786.520201270403
1,60,0.37548168060863596,0.5088313461756122,0.6608958381693455,0.897204974834628,0.3541505893552125,0.08036326638508294,0.6924949154986136,0.35578709885481163,0.0,0.1,0.8,133,125.9912400507162,749.7388432697379
1,61,0.3803396325048568,0.524514744509788,0.687714785218396,0.9670005453579602,0.35892968608828957,0.07964378097192665,0.6873599178935861,0.3625541112049242,0.0,0.1,0.8,140,117.09886129482128,830.4978938528184
1,62,0.3771032531113494,0.5162564196141761,0.6789054267902752,0.938135651129582,0.3627896174620753,0.080638195382826,0.69817157513441,0.35811649116831534,0.0,0.1,0.8,143,125.3085942977378,738.028797256729
1,63,0.3892347535687469,0.5274240934347825,0.6899675767099376,0.9728968619845375,0.3692066312901278,0.08138393447357808,0.693369724953288,0.3740618376320265,0.0,0.1,0.8,149,132.611516831193,786.2874118532012
1,64,0.3905772513784258,0.5506645950858964,0.7355062831082155,1.0063640099828146,0.37111610980821685,0.08148692092177465,0.6945226428274817,0.375651154957655,0.0,0.1,0.8,150,132.67219594083463,784.4620984989698
1,65,0.5944358818807741,0.7648733990597052,0.9607988389882257,1.2862040120549145,0.5740872226750112,0.08343604113848974,0.7056568930757682,0.6292217535838216,0.0,0.1,0.8,170,137.30335150608383,835.8974408903829
1,66,0.5921925535535736,0.7846304585107748,1.0028650772181122,1.321533481933428,0.5719153142204791,0.08346407854263563,0.7005928796325692,0.6270865695803233,0.0,0.1,0.8,174,138.9065674203402,836.1983560038042
1,67,0.40643752942200917,0.5871628338483483,0.7941649969123565,1.1312503804733047,0.3896962574220859,0.08106161343960833,0.7041460434923679,0.3945626751864766,0.0,0.1,0.8,176,123.20746266359974,774.434574316463
1,68,0.6068862936299189,0.8193905178700549,1.0597234983222457,1.354729539873158,0.5869718236711747,0.08336866833585564,0.7097778013931952,0.6446982392843426,0.0,0.1,0.8,180,134.10808593432893,849.2432542412863
1,69,0.6066705060915683,0.8191228165113612,1.0594500518563401,1.3621733143864725,0.5866280970926488,0.08336803119619254,0.7095773839308663,0.6444630630737974,0.0,0.1,0.8,182,134.14636705612264,849.1425191979107
1,70,0.6058870753667198,0.8293831132613665,1.0808698719286591,1.3794618213820637,0.5859629734319589,0.08339151343894677,0.7083606309141562,0.6436456219352886,0.0,0.1,0.8,183,133.60348227244512,847.9648513285238
1,71,0.605154977166745,0.8280118719262256,1.0794288958494889,1.3787515146432954,0.5875666555896095,0.08337000301802905,0.6995298018234843,0.643951062786235,0.0,0.1,0.8,184,135.67251984565883,837.8846710322372
1,72,0.6070159834388196,0.8183280599407926,1.0585309703815564,1.3999237005328342,0.5874698454832221,0.08336822634291344,0.7035687683097664,0.6458539646425875,0.0,0.1,0.8,188,135.2325247936015,844.273446420174
1,73,0.6006413858516623,0.8541760547334383,1.1388042988757974,1.421344395018872,0.5819025687279094,0.08136151211419707,0.7051749610295295,0.6380760884982211,0.0,0.1,0.8,197,135.62151719318788,851.7567800405518
2,0,0.6906293936108877,0.5872530198515419,0.5479630235273999,0.024063945968796897,0.0,0.0,0.0,0.0,0.0,0.1,0.8,1,847.1272873764214,1563.0385115318495
2,1,0.6346371321159326,0.5692062672492272,0.5281920262860232,0.025921902348381896,0.030473067637624526,0.07077768610872807,8.332869676523e-05,7.256872889916e-05,0.0,0.1,0.8,3,793.2731901597915,1445.919220383886
2,2,0.2252972064883499,0.3612515760321515,0.30943028490149854,0.0326994160718464,0.7868056936132877,0.0973314043682601,0.011606548771412489,0.013344061830316662,0.0,0.1,0.8,4,326.43797662814006,445.1979791930889
2,3,0.1793602905628092,0.30744499411732795,0.2493560898826742,0.03834829802540663,0.13440753602387304,0.1002675564110251,0.021413400869587252,0.027162282684525217,0.0,0.1,0.8,6,209.42836190296765,210.64117616360977
2,4,0.15622433177880313,0.2707613327016867,0.20062037552022668,0.02708710687045429,0.02323428209950091,0.09523906873156487,0.00956036831355742,0.00830636616403442,0.0,0.1,0.8,8,199.8919532444283,425.5543827619842
2,5,0.1528514932995779,0.2566898229099863,0.1834592027778524,0.048587146878690465,0.08050503195623218,0.11325881131640007,0.01878246283997333,0.030135951679160528,0.0,0.1,0.8,10,125.54714672744552,112.20024457508175
2,6,0.16423121739373128,0.2621325555756552,0.19631794024605445,0.0999139002302227,0.09276140305397505,0.10512466836945658,0.02507639678095297,0.07151309243543183,0.0,0.1,0.8,14,183.20096236621097,840.0515529501512
2,7,0.16997402995107586,0.2746057495700121,0.2191127590686327,0.12188359140642327,0.08484186466401195,0.10913066345880787,0.027693653839157423,0.0839858509965207,0.0,0.1,0.8,16,179.65769347492713,1152.6705229352356
2,8,0.17306117230746115,0.277408044976474,0.22185981702146074,0.13032783135118003,0.0753355915834693,0.1102986432112156,0.0287176875397069,0.08808543808022543,0.0,0.1,0.8,17,176.82291701511036,1259.081491530442
2,9,0.17295730527136316,0.2850912387781575,0.24009421816510623,0.13540500735804434,0.097976938131337,0.11211469064479809,0.029696330214479188,0.09175958735662124,0.0,0.1,0.8,18,176.6539684456396,1331.0623120538874
2,10,0.17757605363953055,0.28904281611559923,0.24392374024039398,0.15121843793880774,0.08376356433798744,0.11223598666485321,0.03177383729315791,0.09804205617899224,0.0,0.1,0.8,20,166.12550588480616,1453.4511475083236
2,11,0.1804622344463056,0.27939066821831415,0.2228449145473332,0.16317411665480913,0.095027599256509,0.11273239177811793,0.034965079076585984,0.10288282134112581,0.0,0.1,0.8,21,146.63461892243413,1563.9087968713393
2,12,0.17794740250656488,0.27562096115173984,0.2188500085703153,0.16179556293550645,0.09234218076449591,0.11282977962790539,0.034160651975415714,0.10122854706309961,0.0,0.1,0.8,22,153.3817880158716,1519.8957346689197
2,13,0.1763095035961616,0.27260794018146295,0.2155926865747155,0.16084276221345145,0.09256407608969837,0.11314445709732812,0.03379497333486436,0.1007154683458666,0.0,0.1,0.8,23,158.16333064015504,1497.7901761938192
2,14,0.1528773417871863,0.24485717767641918,0.18709012712660852,0.14324006686813226,0.09061491775568448,0.10782263051999219,0.02739490551080696,0.07669924486825275,0.0,0.1,0.8,24,163.51427581387858,915.7062176628028
2,15,0.14965944865672604,0.2397532136186913,0.1816647100001039,0.14671016176081275,0.06804106093818779,0.10876206332463303,0.026133072977379317,0.07469835540768444,0.0,0.1,0.8,26,176.91826279611823,871.0715466530579
2,16,0.14836945255086922,0.23553490642072647,0.17694309588666446,0.15005927447504455,0.08175010781898301,0.1072469994765289,0.02843474145489962,0.07574704157854957,0.0,0.1,0.8,27,164.1162234877335,915.081862274082
2,17,0.1456318764361243,0.23001365307061006,0.1709601320288505,0.15720704650028805,0.07918729683936788,0.10567843877142118,0.02927475673222728,0.07480197699112681,0.0,0.1,0.8,28,164.55940247559005,906.6782469524892
2,18,0.1400042124016051,0.21482554403539025,0.15426128014950663,0.15631585347693652,0.11604576148216425,0.1082561078545893,0.0289378407840169,0.07569822098624578,0.0,0.1,0.8,29,155.14746949569863,953.6540657409136
2,19,0.13895674120505214,0.2349010012369712,0.19650101629299674,0.18883086005553537,0.06454782277901833,0.10566817135625088,0.02992609290822295,0.07511049453627974,0.0,0.1,0.8,33,159.09482097299104,934.1103960424226
2,20,0.6914594925354971,0.7797742385082697,0.7402065192235265,0.7180687302044391,0.6617934342850482,0.1385830828582402,1.0,0.650276473316359,0.0,0.1,0.8,34,152.9369014849653,690.119093049896
2,21,0.5014810916355433,0.5801807118261242,0.5391983522747821,0.5552312779721058,0.44550679203341265,0.11316621649710976,0.2969424638519534,0.507243474016749,0.0,0.1,0.8,39,144.0126818264722,414.10145492879593
2,22,0.21274058240350857,0.2874192901555802,0.25548148441714236,0.2656457009704882,0.2283771086238655,0.12848235265670768,0.3658124011643219,0.14665988811507163,0.0,0.1,0.8,40,159.96478354816912,454.85268768480427
2,23,0.22979463628433466,0.2943575068163212,0.26103062772051566,0.29746187336045465,0.20080923475344487,0.12118719433474237,0.3786762876621197,0.17196358164319847,0.0,0.1,0.8,42,179.7702200435903,930.4361546384566
2,24,0.9014631005532369,0.9482273165250332,0.9125977979488731,0.9760343206192972,0.9327143639078995,0.11102816799879649,1.0,0.9418722055220574,0.0,0.1,0.8,43,233.943310836022,1163.2060022394423
2,25,0.9266036753233338,0.9518389922700998,0.9135119333143735,1.0237764051500848,0.9805877257415738,0.1148169399220486,1.0,0.9818092830960132,0.0,0.1,0.8,44,228.9842504485551,1368.4080851540878
2,26,0.9220026050371393,0.9427683903095785,0.9038945865108091,1.0258649934718345,0.8917652484777407,0.11609915064353835,1.0,0.9776516841228211,0.0,0.1,0.8,46,213.3319088094944,1283.2532723657548
2,27,0.9171244561234266,0.9341178671422915,0.8947857504605624,1.0275325032281635,0.8863686596336228,0.11761147754946825,1.0,0.9728574906193727,0.0,0.1,0.8,48,229.0887261399833,1223.348700980321
2,28,0.9372253556749797,0.9539776594566228,0.9146151388965971,1.0566526439856405,0.8996681636012498,0.11848821353810397,1.0,0.9980796216742943,0.0,0.1,0.8,49,194.41041846489517,1384.0170586982586
2,29,0.9381731362915762,0.9638006845067382,0.9353360676049819,1.0691331662296752,0.9046498206597595,0.1191305491789036,1.0,1.0,0.0,0.1,0.8,51,197.60965108509797,1458.8370233103926
2,30,0.4369415310078387,0.4602982982322775,0.43156012148299794,0.558121523826635,0.40901775164677256,0.11145606727308385,0.5287715030571721,0.4331172288852188,0.0,0.1,0.8,52,195.47564105795868,1211.3326930988053
2,31,0.5865132587778685,0.5916165796814328,0.5508502877225877,0.716591270852879,0.5822630217820198,0.10666052707378029,0.6688102822004955,0.6049615743781727,0.0,0.1,0.8,53,217.62473744957987,1339.7659832765376
2,32,0.5865132638338618,0.6027137134635827,0.5731127589012904,0.7209656344550164,0.5508503462644817,0.10666052796458436,0.6688102790901629,0.604961570891779,0.0,0.1,0.8,55,217.6247834835584,1339.765852839433
2,33,0.5475240120946496,0.5622055973051245,0.5324257229050623,0.6852007368477014,0.5183106336564767,0.10837851812833901,0.6138862342888022,0.5635409281338006,0.0,0.1,0.8,56,207.20880038198771,1311.116890208231
2,34,0.5843457022901604,0.6023716717539669,0.5828472059234706,0.7301641696687131,0.582184887723023,0.10666052796458436,0.6688102790901624,0.604961570891779,0.0,0.1,0.8,57,204.6769411698808,1375.940551166219
2,35,0.2642607491096274,0.2799463073522337,0.2601473469159118,0.4333859459700038,0.2345346353212582,0.11201052016213928,0.5242497690374589,0.22360385500612057,0.0,0.1,0.8,60,159.4260986348328,1390.8741858191668
2,36,0.34432674434702193,0.3791989648881588,0.38137922309667605,0.5415378976406884,0.314126086400504,0.11142393385558727,0.7412477506070938,0.29741774516862696,0.0,0.1,0.8,66,212.34715937462929,1360.4739594992525
2,37,0.5317291419959513,0.5859648071071824,0.6101460380961654,0.7765651931520133,0.5017516587992967,0.1113218181311375,1.0,0.5001153408443467,0.0,0.1,0.8,73,226.871668942525,1311.4885457508874
2,38,0.5562318352325887,0.6091355253820232,0.6331376159854011,0.8093928607784311,0.5277155410958045,0.11033282039932939,1.0,0.5314313337388763,0.0,0.1,0.8,77,218.572937585756,1229.1417039247576
2,39,0.6015425398341142,0.6222567349179459,0.6326930472545221,0.8451429518964643,0.6566799671047173,0.11125895985423442,1.0,0.5932249130850211,0.0,0.1,0.8,78,214.86594315719225,1317.3676993733272
2,40,0.6002851997424806,0.6315457399076182,0.6630077368569083,0.8772570231485011,0.5865813402663862,0.1116847571264253,1.0,0.5942295956021754,0.0,0.1,0.8,82,222.77847125503564,1266.879677656311
2,41,0.6047716387624527,0.6315512614067909,0.6625134549025699,0.9333313122457072,0.5841485861809028,0.10624542864497791,0.568652189905467,0.6547194864872663,0.0,0.1,0.8,87,265.947811489518,1248.9971216042989
2,42,0.6046073603580892,0.6291432933713302,0.6598556640057701,0.9435579577752129,0.5837885340480173,0.1081528258339377,0.5684046818239084,0.6550211867966046,0.0,0.1,0.8,90,270.6259218931179,1226.8365940555254
2,43,0.5965504782543197,0.6026738297630817,0.6313539703079443,0.9329419087327605,0.6474147719474098,0.10872021889963793,0.5677545236991548,0.6487022884835106,0.0,0.1,0.8,91,268.83298662452546,1111.8392033389805
2,44,0.8884372749614039,0.9659045588977535,1.072049516630372,1.5486977029138638,0.8689728434010111,0.10760833747196992,0.6855999632380498,1.0,0.0,0.1,0.8,150,199.85926072402623,1822.3342092063504
2,45,0.6813446655342889,0.7509089323725444,0.8561952193539869,1.3405764556287008,0.6777356622309177,0.11104043781440306,0.7482980301488,0.7346950019232812,0.0,0.1,0.8,152,228.52119351514665,1986.826847800731
2,46,0.8897331309402587,0.955263510554485,1.0601133842193773,1.5716393307691283,0.8792130972872624,0.11030051125112475,0.7152484227356222,1.0,0.0,0.1,0.8,154,212.168910349918,1715.7370727596233
2,47,0.886442462229362,0.9699015327887528,1.0966218790504065,1.6099955800669226,0.8769222685922773,0.11026695169432217,0.6880246980524316,1.0,0.0,0.1,0.8,156,194.4483951484052,1818.0229632658704
2,48,0.6843202513525327,0.7547890813852582,0.8801162540510852,1.38671447741023,0.6846996751158061,0.11409818196615876,1.0,0.7104059338311077,0.0,0.1,0.8,159,218.3744247734812,2021.650910710428
2,49,0.729113385486309,0.7937531013822495,0.9184589800120777,1.427909380086153,0.7357320278439602,0.1134951386364929,1.0,0.7672704315412657,0.0,0.1,0.8,160,198.1717946987365,1932.4486868711888
2,50,0.6800253715059463,0.7331226760568542,0.856604676804142,1.382552295227926,0.7092164487759313,0.11411763946573802,1.0,0.7075550795146254,0.0,0.1,0.8,161,205.5287265375404,1921.2929177547855
2,51,0.7401336964992928,0.7916303475206867,0.914943126295084,1.479294445149179,0.7322980003133268,0.11511352662860559,0.9444988243149732,0.789847835344389,0.0,0.1,0.8,162,213.0964172730584,1954.112055436764
2,52,0.9085985768210111,0.9568908178906106,1.0798655364446168,1.6147958897532937,0.9070816799591184,0.11226115259069522,0.9514001305546149,1.0,0.0,0.1,0.8,163,196.4453979638264,2366.0386440679117
2,53,0.7348670763365601,0.7790954306399132,0.901642361049892,1.4740230617919692,0.7369109787029925,0.11502096046539081,0.9578706638409322,0.7825655558368589,0.0,0.1,0.8,164,215.12578562798768,1972.518263284888
2,54,0.910608297617696,0.9873011844497852,1.1432570729933196,1.6799132131086214,0.8991968097123095,0.11001518493305158,1.0,0.9970840089722246,0.0,0.1,0.8,166,194.9358470261686,1948.6516658797484
2,55,0.7607962265271265,0.8162389257210338,0.9599647646415486,1.5187256830313256,0.767667067725133,0.11251375797601534,0.9473860275226874,0.8176834031691083,0.0,0.1,0.8,168,247.5717638044871,2653.0398821778285
2,56,0.7819784067851833,0.8183860571492252,0.9501182180599121,1.5393166867245167,0.7854481816564884,0.11096674695302625,0.9751401808514206,0.8416490838322309,0.0,0.1,0.8,170,237.25062316563267,2664.300795062372
2,57,0.8683997245765713,0.9242407595733912,1.0780161308157439,1.6521001951737546,0.8624863619555881,0.11196477466806187,0.965050222114899,0.9512597529161168,0.0,0.1,0.8,172,221.76845886015892,2589.087727657277
2,58,0.9102356287782676,0.9478315698571512,1.0896991802897151,1.6979282776305098,0.9131785590526392,0.11093889949040665,1.0,1.0,0.0,0.1,0.8,174,228.73400808480335,2806.762816368866
2,59,0.9087918731904303,0.9627616058180957,1.1363772249682829,1.7707968630075877,0.907706588874903,0.10789029726904342,1.0,1.0,0.0,0.1,0.8,182,211.71465129300492,2234.1907130725867
2,60,0.9087227297652483,0.9618436810122405,1.1353719565914626,1.7585314939244927,0.9015411877548624,0.10982178769548952,1.0,1.0,0.0,0.1,0.8,184,214.3513849365325,2261.6409927025466
2,61,0.9080812318173194,0.9420195700349447,1.103551806475112,1.765079509239217,0.9146433185523268,0.10735438209047281,1.0,1.0,0.0,0.1,0.8,186,212.47952296516215,2240.888480308347
2,62,0.9079880246379799,0.9518176257310189,1.124391543130407,1.8107889461480309,0.9014564264021117,0.107122148180586,1.0,1.0,0.0,0.1,0.8,189,221.4523141381898,2210.491370367377
2,63,0.9077029161089778,0.9699935867179449,1.1645157460041753,1.6349764975142018,0.9134867282444664,0.10790718641485908,1.0,1.0,0.0,0.1,0.8,190,213.61523410115225,2142.957057687416
2,64,0.9070303651486277,0.9269208838052986,1.0870159529157888,1.8467764465190186,0.9047003199618351,0.10962809220520142,1.0,1.0,0.0,0.1,0.8,197,194.15924893603483,1974.4928091697773
3,0,0.899112214115199,0.6437977636059999,0.6098903022076284,0.029551443565286693,0.0,0.0,0.0,0.0,0.0,0.1,0.8,1,389.22982916961456,1380.0390881076507
3,1,0.8322894803785459,0.6272532437219039,0.5917679226092885,0.03152329610561377,0.027856393461123584,0.03963466954870354,8.667980986318e-05,2.764939673566e-05,0.0,0.1,0.8,3,358.35676193921074,1307.9555647686632
3,2,0.2941777894413195,0.41839889088297366,0.37258908020810394,0.03282268822509665,0.7637805956220644,0.053520880227477065,0.014002523430608371,0.00553924952072792,0.0,0.1,0.8,4,141.14204193759406,370.00608141406536
3,3,0.20508682024234812,0.3398908047851318,0.28541621417675483,0.03651576195621274,0.17118540110580976,0.05565265764797287,0.04075692273895533,0.01784077866271741,0.0,0.1,0.8,6,88.85974310412172,101.3090377551202
3,4,0.18721202087101382,0.3190536374224893,0.26971485998230027,0.07552858178086172,0.2623621543625495,0.04783170603040749,0.16896650826474308,0.041073535306370465,0.0,0.1,0.8,7,127.05640673626944,937.2303946924832
3,5,0.1577640869278776,0.2872138398105372,0.2372072161468801,0.056623435262564095,0.03670569798750353,0.04928444622504714,0.0845572988831432,0.020594203121987058,0.0,0.1,0.8,9,114.83215523543451,947.619702007159
3,6,0.17768747520330153,0.30587496214664783,0.25553127583790375,0.08623109887549468,0.0530803557212256,0.05667962965023012,0.12939621715476493,0.04274217583317101,0.0,0.1,0.8,11,40.89360196733397,2509.53779863901
3,7,0.16578424752348225,0.3047847829646954,0.265532148427607,0.07652471701030376,0.03833319629014802,0.05013363247411767,0.12195313345344835,0.029411943965137483,0.0,0.1,0.8,12,75.92547176131721,2026.6068384497285
3,8,0.17088090436096615,0.2957077537778347,0.24451066318590553,0.0893255942275016,0.07343216866933946,0.05763517247570852,0.12638245803367337,0.04161661942010847,0.0,0.1,0.8,13,44.74932798338909,2391.4778895484205
3,9,0.16331327172915305,0.2982236124940148,0.2579459113545544,0.09574343748743444,0.04281771442628583,0.06426306498260341,0.12293701008595499,0.03454861551068875,0.0,0.1,0.8,16,66.00163670947725,2490.389794429921
3,10,0.16694421364300735,0.28885218931292816,0.23695773830730496,0.12295436999267853,0.05436345588028531,0.0681255491292494,0.12310510617703367,0.04261343331591509,0.0,0.1,0.8,18,54.49620830158925,2949.060806781684
3,11,0.15958358955812635,0.2686991013230201,0.20524040259698864,0.10970397146314011,0.055835359965500306,0.06981175064054061,0.10629698310993477,0.03863318762038957,0.0,0.1,0.8,19,60.68222483670796,2315.8092316283223
3,12,0.1531009189979157,0.28026956004660514,0.23823762826201275,0.11210491155405633,0.07205749366609794,0.05950796752803271,0.11959069061575141,0.03555881709688488,0.0,0.1,0.8,20,54.53402387784551,2441.0614762965283
3,13,0.1776192920264327,0.3259228947012219,0.3059966511470934,0.1756093677821786,0.06781636310522413,0.07775056430432699,0.3546470184693292,0.038456426778942274,0.0,0.1,0.8,25,110.11398102221864,201.17861403351665
3,14,0.17478749546602765,0.3210466601317281,0.3006938725035162,0.1806122587609255,0.07335786795831337,0.07780404700780985,0.3541976337898053,0.03801908628487066,0.0,0.1,0.8,27,99.81139307691976,224.48777512149
3,15,0.19381978961943147,0.36156757656025384,0.3633961878116234,0.21850545243291458,0.08680875795235118,0.08787918626219701,0.17534589687937244,0.08524340013676941,0.0,0.1,0.8,32,69.36872028849781,409.21642135779456
3,16,0.16228372614057696,0.3044913919990307,0.2924077280416912,0.21382277765331303,0.08795639118524143,0.0787825672233314,0.3667510399984883,0.03991421436032671,0.0,0.1,0.8,37,73.22722323509932,445.5557735985198
3,17,0.1488587991268931,0.31255239313910976,0.33193853293052245,0.22352862383827127,0.10039579620659911,0.07451879480044114,0.2999538526940168,0.0433326108701393,0.0,0.1,0.8,39,54.17946864814668,468.519036452688
3,18,0.1527122176506352,0.324454604001681,0.3545068786126475,0.23529048293677884,0.07950844818936532,0.07131853838593243,0.3091762492263313,0.04973987189508722,0.0,0.1,0.8,41,55.71182516286781,496.1259134394774
3,19,0.15009444924425155,0.28528289408353374,0.28131441363876936,0.2155026136176098,0.07960347925827488,0.07051593597780065,0.3068375237933713,0.049575905035113374,0.0,0.1,0.8,43,54.220476704757495,491.8527850891116
3,20,0.1504042684661366,0.32969820621974616,0.37034579524047906,0.25767020542130653,0.07163897494181834,0.06999364076709799,0.30760812481762123,0.05010504721399718,0.0,0.1,0.8,45,51.4545981009505,495.7715463148465
3,21,0.15673720604087188,0.31360584313470397,0.3318859685801042,0.2512161495616341,0.07798288565415104,0.06999882679862704,0.37176710104363303,0.05019578211381058,0.0,0.1,0.8,47,51.75314972313313,495.7475608461006
3,22,0.14650324907077467,0.26171322973265954,0.24519147881670256,0.2634425925272149,0.09553658798599401,0.07440176225902939,0.39072650297908573,0.04172289816323011,0.0,0.1,0.8,49,53.69338063788765,468.9851817176516
3,23,0.1596802433864391,0.28103811412204716,0.2749355320061725,0.29862945224110937,0.1147335139534076,0.07216596044651888,0.45774722306836824,0.05342972034184823,0.0,0.1,0.8,50,49.31556846551828,488.5226704609752
3,24,0.1588921412435254,0.27993075394786715,0.2737797200810976,0.30266625237160966,0.08967106031079608,0.07311888044541873,0.45582378055082684,0.05292177549802755,0.0,0.1,0.8,51,50.609066496036704,478.0910136872985
3,25,0.15861263857980454,0.27291614222984034,0.2657732949841335,0.30342388394650566,0.12626077051105447,0.06960611137767644,0.4670780630783596,0.055771402912599556,0.0,0.1,0.8,52,48.07250343497542,518.5600929587127
3,26,0.17200984097422894,0.29714563879105466,0.30112318407963373,0.32305954442052365,0.1055909477234715,0.06848572744020694,0.4657749004274668,0.07293678539311348,0.0,0.1,0.8,55,58.51569488730543,495.9498839772743
3,27,0.1701896624923405,0.2810277016201956,0.27338341425225837,0.31934759585864453,0.12041151842088146,0.06879936976350669,0.4663023916042655,0.07259010322991023,0.0,0.1,0.8,56,50.3406106398816,497.1434794863739
3,28,0.17069359873162815,0.3035784092732184,0.3182430111692356,0.33876877733495553,0.10608011575371666,0.06803342080813182,0.46689302124712323,0.0732458638988886,0.0,0.1,0.8,57,53.97868725865988,498.9963930679498
3,29,0.16670144996215458,0.2849281138507306,0.2879200729334699,0.3296780873690606,0.12090670631240173,0.06568909591147634,0.4658789393786993,0.07059379287260643,0.0,0.1,0.8,58,62.64884313750535,435.6796096074465
3,30,0.16751285822753936,0.30532460133294803,0.3302789124408706,0.3431673115019515,0.10946618513214644,0.07146976353450377,0.46727277723877714,0.07301012504939752,0.0,0.1,0.8,61,46.27833438113693,503.2708845101876
3,31,0.16452349839636626,0.2990253110245925,0.32351665253146267,0.3478187549417216,0.11186440623886897,0.07037293864300657,0.4692871013017929,0.07096329340228802,0.0,0.1,0.8,63,50.25881767344514,462.0159476694166
3,32,0.1643753450908297,0.3096259696401975,0.3452342097661276,0.3585456215041488,0.10456381980846965,0.06976930164469909,0.4692126501537433,0.0709876153621659,0.0,0.1,0.8,65,50.491697498143616,460.32863855036834
3,33,0.16335057183390747,0.317960385270865,0.3644927992513689,0.37898036455552875,0.10774270696605177,0.06782967438950416,0.4744504644799014,0.07004570107501581,0.0,0.1,0.8,67,50.90682917434263,433.5960496917571
3,34,0.1632236057457062,0.32864681811025565,0.38630547624283396,0.38986335620891976,0.10416676638538463,0.06782967438950413,0.4744504644799015,0.07004570107501581,0.0,0.1,0.8,69,50.64742995650605,433.2658618076878
3,35,0.21007809169735409,0.39606434164207704,0.4758289795699898,0.4988200956393892,0.15159198401719148,0.07430965473875,1.0,0.06383065194078734,0.0,0.1,0.8,84,47.37025509325696,578.9629815408285
3,36,0.20928591475912336,0.3932313520399392,0.4727163934482458,0.5089067292621952,0.15610102078759502,0.0734858252571975,1.0,0.06396170680806292,0.0,0.1,0.8,86,47.65189111557125,576.5694231256685
3,37,0.20602572008314854,0.39756632204803244,0.4877406296121961,0.5150509117221652,0.16619990598135276,0.07023527077509828,1.0,0.06176067826237963,0.0,0.1,0.8,87,44.50775645076207,555.7604739056579
3,38,0.20613825821515686,0.41831167576895956,0.5306058895891614,0.5285178845515032,0.1526523910118675,0.06999299733924404,1.0,0.0627175049760491,0.0,0.1,0.8,90,50.11041399252292,547.5872205253994
3,39,0.2060721799155893,0.4291830989884272,0.5526211029706367,0.540137185801034,0.1505525375498573,0.06999299733924402,1.0,0.06271750497604908,0.0,0.1,0.8,92,49.887661128210816,551.2205198106702
3,40,0.229906680351326,0.46163628058038886,0.5959068712269735,0.5944164692556115,0.17795654648736212,0.07061700803200312,1.0,0.0937800482746812,0.0,0.1,0.8,96,39.952958077481945,726.7036801746203
3,41,0.22539050290166496,0.4678156718987513,0.6131979704868086,0.6025398479856194,0.17161701587763725,0.06707081024710172,1.0,0.08833779819715962,0.0,0.1,0.8,98,49.94384548447945,588.7214064280708
3,42,0.22780897674101871,0.4891567128755938,0.6564342397953375,0.6399152101439106,0.17746067779673996,0.06907233337549591,1.0,0.09298754462063334,0.0,0.1,0.8,103,43.136884129466594,711.8166249270425
3,43,0.22811378334491153,0.48940446640141644,0.6566744264909355,0.6514311691205149,0.174805809531966,0.06926471510023616,1.0,0.09339639899137396,0.0,0.1,0.8,106,51.37012751648763,616.4813998344374
3,44,0.22743263680506515,0.4997395226878395,0.6781641875507293,0.6657002890818201,0.1742564933117723,0.0700372202650377,1.0,0.09258455179658845,0.0,0.1,0.8,108,51.69667709904167,615.0821234126639
3,45,0.22718609061152756,0.4991821086218035,0.6775655942757918,0.6655334227543993,0.17539432110748213,0.07046204311010007,1.0,0.09242825668032076,0.0,0.1,0.8,109,51.90977430088704,612.8905919226753
3,46,0.22684268045971973,0.49883493001705764,0.677217891961594,0.6689234796585076,0.1736179788378841,0.07055898570449053,1.0,0.09200084486807544,0.0,0.1,0.8,110,52.29689682358365,607.6288719227583
3,47,0.21050925752715605,0.4321057306625703,0.5650382513329244,0.6553269773119823,0.18738832514785153,0.0680171383200388,1.0,0.07443872456024041,0.0,0.1,0.8,111,53.99592140746161,740.8957178830345
3,48,0.20637401200305977,0.4167846357143758,0.5385402536567018,0.654944961211408,0.15558690792135288,0.06949138872337482,1.0,0.0693112776287231,0.0,0.1,0.8,114,54.25763499841712,714.7200202547996
3,49,0.21000393082328056,0.4384694773725647,0.5820185456022192,0.692428661050871,0.1668971554737097,0.07163924389331125,1.0,0.07572856860785693,0.0,0.1,0.8,117,41.52301108528955,799.6503407071101
3,50,0.20988352841621324,0.4490550106681701,0.6037189502694462,0.7051950165254788,0.1614923200597629,0.0712622651381938,1.0,0.07575229908555621,0.0,0.1,0.8,119,41.15708846683503,799.7613220040816
3,51,0.21010954676871688,0.43817138862471594,0.5816683138638578,0.7036166563830655,0.16089726822486763,0.07078522392597669,1.0,0.07604109938964665,0.0,0.1,0.8,120,39.91881967494929,806.2704563306276
3,52,0.2115987238995386,0.45980847694954335,0.625372593951167,0.7163987627078041,0.172329335608371,0.06969168119846904,1.0,0.07880408585900532,0.0,0.1,0.8,121,42.28483991856971,846.7317118301371
3,53,0.2089563565257566,0.5125815586604364,0.7339631659692558,0.8261802952714378,0.16044511822176125,0.06948270547407873,1.0,0.07553165012909602,0.0,0.1,0.8,137,44.63792422522469,759.0803445796923
3,54,0.9480937247056516,1.2060728912895775,1.3826319424619213,1.5403028620833576,0.9056915731802149,0.057748067864368605,1.0,1.0,0.0,0.1,0.8,138,43.774959523813735,769.6581528477328
3,55,0.9474548168649107,1.2146689751659936,1.4021551621986519,1.5710736985880254,0.9020991245968324,0.058098343949693085,1.0,1.0,0.0,0.1,0.8,142,46.730964487457534,763.5580086479903
3,56,0.9473209929243241,1.2474325917490905,1.4683644478571187,1.6116071213154948,0.9003542242392172,0.05763164966250017,1.0,1.0,0.0,0.1,0.8,147,46.27596555085201,763.0515413293834
3,57,0.9469641654500677,1.2793109637490818,1.533604378432044,1.6422376724249417,0.9047434259150079,0.16405718871992342,1.0,1.0,0.0,0.1,0.8,148,61.01197203328904,929.6127648877168
3,58,0.21137285635878478,0.532524036465492,0.7756396266355257,0.9121925683094501,0.16466311464596206,0.05989998653708232,1.0,0.08055232723924352,0.0,0.1,0.8,150,56.73226372558016,777.3565944780029
3,59,0.21063064224283484,0.5416064328861564,0.795725688236658,0.9371666899170106,0.16526555858840175,0.06086668826741189,1.0,0.08015652869492576,0.0,0.1,0.8,155,53.54681400589824,780.4745685258308
3,60,0.2032433978689137,0.5195691969998635,0.762073993973051,0.9327398209054174,0.17376048228080032,0.06930328678534317,1.0,0.07238014281449046,0.0,0.1,0.8,156,41.82532340361856,754.374037109379
3,61,0.20304589886440289,0.5298526302011919,0.783445137988274,0.9464377959802719,0.15926438858517325,0.06930328678534318,1.0,0.07238014281449046,0.0,0.1,0.8,158,41.63642912233406,751.6912448681177
3,62,0.20295951926268305,0.5403968784201375,0.8050960154583557,0.9562341992925839,0.15900279203280965,0.06936791922794201,1.0,0.0724594724698305,0.0,0.1,0.8,160,41.42973326797975,753.1430540947645
3,63,0.20260958723900618,0.5620278697508887,0.8490310153604684,0.9912300199448835,0.15792133995050828,0.06899915652752973,1.0,0.0721071474729336,0.0,0.1,0.8,164,41.47830285011468,743.2668932914203
3,64,0.2027758123296732,0.5615338750370962,0.8484541473928057,1.005641111506653,0.15952354979262406,0.06981466702828734,1.0,0.07257800709482928,0.0,0.1,0.8,166,39.72059456671834,753.5480122268958
3,65,0.2044934717894414,0.5628928597311795,0.8497679038597845,1.0272922659165553,0.16068991616563452,0.06937052575598344,1.0,0.07486790287267928,0.0,0.1,0.8,168,39.35216826775182,751.5971643370361
3,66,0.20589562299787323,0.575023613074801,0.8730179428984974,1.0406796321448741,0.16195408486853363,0.06820649941121414,1.0,0.07676601035248011,0.0,0.1,0.8,171,40.23602211055196,737.642036184246
3,67,0.20583591873446078,0.5634750868425281,0.8502550478156999,1.0344502707545744,0.1623425307846874,0.06827029541133703,1.0,0.07684606510317432,0.0,0.1,0.8,173,40.03895985473245,738.9072626583807
3,68,0.2047703359903673,0.5503901497364937,0.8258894388866878,1.0271502744971963,0.16205716702961426,0.06695498941255758,1.0,0.07587616167729197,0.0,0.1,0.8,176,42.6549086576528,711.3875842883266
3,69,0.20149268475785298,0.5789965451496855,0.8878157323033302,1.0588746754680052,0.15941729688366718,0.07111698099564673,1.0,0.0723285683453336,0.0,0.1,0.8,180,41.34677651468021,754.0245683851186
3,70,0.2014376949904644,0.5670380207001715,0.8645917331816415,1.0527700632535677,0.15982804690678765,0.07038837249420098,1.0,0.07257078989712541,0.0,0.1,0.8,182,41.84236757452179,752.9491109837496
3,71,0.2010870656933489,0.5877306128344135,0.9074719622919568,1.097063403389285,0.15931235759423107,0.07038837263204419,1.0,0.07257078990233137,0.0,0.1,0.8,186,41.62815002307381,747.4763738741653
4,0,0.9760561513422557,0.6614249339093291,0.629195429203961,0.03126220884286288,0.0,0.0,0.0,0.0,0.0,0.1,0.8,1,221.45150948707135,1452.1488214481794
4,1,0.9097699645684639,0.6463499491225183,0.6126828202950396,0.033377041202704606,0.025384145402498542,0.03668906349925027,8.6315423852e-05,2.3811373196549997e-05,0.0,0.1,0.8,3,203.33894164691625,1247.4970679721628
4,2,0.6793648430524629,1.0359168120944984,1.0359168120944984,0.10699217236610789,0.285069277598994,0.05275396377747742,0.11467299176136454,0.030561891147952457,0.0,0.1,0.8,4,468.49403268769584,376.70210521569993
4,3,0.24115318085093218,0.3762758316084629,0.325875875633333,0.021961009551059583,0.7468130742831486,0.04795470733924867,0.03719726328637976,0.010261409589100939,0.0,0.1,0.8,5,89.19295709878229,155.4946274500778
4,4,0.24176890773176252,0.38798665688128486,0.34874928387140053,0.02860290596174215,0.01261348818001735,0.047974019603191344,0.03920198425757596,0.010814441215081811,0.0,0.1,0.8,7,93.96545927802296,147.82194768748113
4,5,0.24167164963656423,0.3878931764720752,0.348652332770409,0.03402804831854404,0.012638640364999676,0.04797236983135489,0.03902453766251982,0.01076548997428647,0.0,0.1,0.8,8,93.52986767950976,148.4519703330176
4,6,0.23541857420028872,0.3708131993553642,0.3200843641386473,0.031095530706470278,0.02124274469068745,0.04929217311916863,0.02827578366974634,0.00886700412765515,0.0,0.1,0.8,9,70.1055079225105,218.997797995184
4,7,0.23308938712074512,0.3823084956589886,0.3422624351836213,0.04066093371160151,0.04011531251299568,0.048174296585560564,0.04643698501439851,0.01343132039176067,0.0,0.1,0.8,10,83.45769367622492,77.64109020058989
4,8,0.2272019518275857,0.3631802528525081,0.311425740610169,0.036103566994826794,0.02464329222740411,0.04950562058407061,0.03697727906861788,0.01170623804982587,0.0,0.1,0.8,11,86.69506605005486,153.41053782115017
4,9,0.21810766602051812,0.3763179560972423,0.3459148941226553,0.059772560974971876,0.04895008683310538,0.050905409903185414,0.03773349513619464,0.01314994590163425,0.0,0.1,0.8,12,87.29372095466421,113.51487059108156
4,10,0.17771906517777528,0.327901292614919,0.2921064819655761,0.05149339618565423,0.11747823695722107,0.051605316429725046,0.06045586774829722,0.020589337267971238,0.0,0.1,0.8,14,84.21280907157579,98.82821618516824
4,11,0.15413797551238578,0.29904578005397203,0.2614567346535127,0.04631935171162429,0.044152775721575784,0.05122406723533231,0.031380870154952875,0.01171456061048847,0.0,0.1,0.8,16,83.38912551483031,159.80239761762246
4,12,0.15245761392756546,0.29649183946911,0.2586392181742043,0.05122446650524207,0.017371813586188962,0.04917900310115439,0.03156897944559312,0.011960100252151721,0.0,0.1,0.8,18,84.54910610967647,187.0269186071143
4,13,0.15228636975960047,0.29481906703304295,0.25652219724993514,0.06347390434894773,0.023612237939851392,0.053205888550515966,0.04133878450710374,0.014481032512067591,0.0,0.1,0.8,20,93.06850468569591,320.84958608629864
4,14,0.14182399722204012,0.3125137062297735,0.30634553691131094,0.07223000645337327,0.03853439736243205,0.05339817847942242,0.0349254838163755,0.013741486456589699,0.0,0.1,0.8,22,88.48579842558343,208.60156376496963
4,15,0.13799883124268597,0.29457628699326305,0.2765022714518482,0.0781012452281723,0.0415475775301101,0.05522963383168089,0.036966786964506,0.014658231058824309,0.0,0.1,0.8,23,87.64960188064778,237.4671185510625
4,16,0.13611128116066568,0.26724843975342927,0.22609012665281703,0.08632507283359306,0.027066616056448913,0.05535511148544303,0.04261934528566333,0.01743273805611742,0.0,0.1,0.8,26,138.68242466459165,443.93687624767387
4,17,0.1342806065244351,0.2980724187750742,0.29026633168978255,0.09038227675801612,0.022331741503594703,0.05726340746178528,0.041419697060656055,0.01638672454793934,0.0,0.1,0.8,27,93.51412193053712,289.5905989665821
4,18,0.13087114809179634,0.2698046299241909,0.2390819691912791,0.09270524302001769,0.03799036813573961,0.058064658713083105,0.04360627751225634,0.01621554166472475,0.0,0.1,0.8,28,107.65355856466428,391.0808540361427
4,19,0.12811741209521785,0.26452898916921047,0.23327027903343922,0.09819849358578661,0.027142720474296483,0.05892547558100127,0.04389934357308305,0.01662372824211223,0.0,0.1,0.8,30,108.37388857773658,425.5000213612907
4,20,0.190616559325883,0.3242022927795634,0.2923620632925572,0.17475804368197412,0.10398407689000128,0.06093975695815303,0.09614623289937328,0.0923209587434949,0.0,0.1,0.8,31,117.59778488357728,653.1292460752024
4,21,0.18490598191439053,0.31841949374709355,0.29560189460978575,0.18679590135048596,0.12693245054605984,0.05702397667319196,0.11848522719137049,0.09656529922023402,0.0,0.1,0.8,33,119.28172719586892,1039.7740966099948
4,22,0.1846041018919088,0.32355632667945616,0.3108973964907832,0.2078349949172585,0.11142056008380395,0.05696634114112583,0.12956961720624277,0.10094634054092452,0.0,0.1,0.8,35,147.9959844436984,1229.6732261566412
4,23,0.18431748610410048,0.33402077106275446,0.3324670662744321,0.20777124886718346,0.09477369535793971,0.056966341141125844,0.12956961720624305,0.10094634054092441,0.0,0.1,0.8,37,142.56026626621485,1253.4762750074913
4,24,0.1836527428044123,0.322224863051315,0.30949986818479497,0.2073067066954924,0.09328637881932675,0.056891232331899855,0.1287033299134048,0.10025894739771395,0.0,0.1,0.8,38,140.0021624031328,1213.7225283040032
4,25,0.1899067962973957,0.30321293639177604,0.26762723692795565,0.2006705809221151,0.12055735577817711,0.0611371272033871,0.1259960875461159,0.11153528505099888,0.0,0.1,0.8,39,115.4791347593075,1435.1265209736755
4,26,0.18684555596589605,0.30832426406919555,0.28340990989929493,0.21991380049031758,0.1097373943625046,0.06230557762216983,0.12245543800852324,0.11098116850269088,0.0,0.1,0.8,41,115.330372314817,1355.2637072246512
4,27,0.18502274350798367,0.2998052071681323,0.2737925338398087,0.23056042062843302,0.14277484651202077,0.06081082604016987,0.12629689972958774,0.11427739277722666,0.0,0.1,0.8,42,111.73361178919303,1404.1290420891974
4,28,0.9776867895968897,1.1430517062928478,1.1720860373126358,1.1121785157431123,0.9014467538747855,0.060360103436205126,1.0,1.0,0.0,0.1,0.8,61,200.76622139311567,3841.41304329521
4,29,0.9741813413275403,1.1339596619374883,1.1621286969575546,1.1177484724062228,0.9152653432410136,0.059510522463601404,1.0,1.0,0.0,0.1,0.8,63,204.8639434592905,3970.998701854194
4,30,0.9741791788161243,1.1450511263458898,1.1843848514690605,1.1419877947759318,0.9000095046599432,0.05951052246360141,1.0,1.0,0.0,0.1,0.8,65,204.58175000016143,3972.304328565291
4,31,0.9726499133060735,1.1077294653270033,1.1131835572779354,1.1206016536160746,0.9137301330418723,0.06300532359248698,1.0,1.0,0.0,0.1,0.8,66,185.53773547346088,3796.4959409139487
4,32,0.972634963134978,1.107669354036452,1.1131176858567615,1.1259623500630522,0.9001346387158733,0.061640738177830036,1.0,1.0,0.0,0.1,0.8,67,193.82316742697992,3633.0803321018193
4,33,0.7849884508837143,0.9249279183417967,0.9406192774525216,0.95162499349548,0.7482657682763785,0.06046466040974391,1.0,0.7698141034951599,0.0,0.1,0.8,68,169.2781037438142,4120.448779458985
4,34,0.6843278600731066,0.8142204534965143,0.8284586308024271,0.8611501997428628,0.6460306104761648,0.06275238923957291,1.0,0.6505123556154387,0.0,0.1,0.8,70,154.03207909723855,4018.949432764096
4,35,0.6873395270261684,0.8282686647017985,0.8536634893647305,0.8825864646827418,0.623552576569254,0.06281335897133354,1.0,0.6543142246781655,0.0,0.1,0.8,73,154.2718083055488,4023.648082729031
4,36,0.773929331730908,0.910498294417798,0.935277301137164,0.969685644572497,0.7339260291794389,0.06411356965101278,1.0,0.7651867595510002,0.0,0.1,0.8,74,164.34025627148873,4293.95995666171
4,37,0.9616306635785163,1.142252480119884,1.211646747853801,1.1903815907721658,0.900780959732852,0.05160918543366037,1.0,1.0,0.0,0.1,0.8,76,167.55361135352405,3173.315441945378
4,38,0.6617424968064787,0.8404033957925816,0.9095242033661749,0.902104569027769,0.6058433648164059,0.05208320277930243,1.0,0.6262796592228916,0.0,0.1,0.8,78,144.01045858965963,3132.593073590393
4,39,0.6628143618663735,0.8398567824964237,0.9087530248062677,0.9140872815240076,0.6067954731493665,0.05258155578060707,1.0,0.6285438566047092,0.0,0.1,0.8,80,145.6683533770875,3030.0227483129297
4,40,0.9596423839588764,1.1359385933534691,1.2047318285724216,1.2068817737140944,0.9036440631506197,0.05194912438837074,1.0,1.0,0.0,0.1,0.8,81,166.89343973362753,3524.323034767341
4,41,0.9596262121022314,1.1469834926776405,1.2269369388092175,1.2250070142786913,0.9000874957793702,0.05194912438837074,1.0,1.0,0.0,0.1,0.8,83,165.12344235282706,3533.0816046682344
4,42,0.7534587995851345,0.9509348737723577,1.041918829507111,1.0239669457537945,0.6966516738039474,0.051806097735345245,1.0,0.7428397125502079,0.0,0.1,0.8,85,147.17463053166884,2789.5576820607357
4,43,0.7500218037847726,0.9430216569189547,1.03339370034757,1.0325019992355404,0.6999759206542483,0.05200327895130317,1.0,0.7409823617888998,0.0,0.1,0.8,88,156.24254748972726,2798.461314779445
4,44,0.7485664577812372,0.9299660031381487,1.0187867021668076,1.04481001976212,0.7233867940301661,0.05138374932314684,1.0,0.7450345955945206,0.0,0.1,0.8,90,153.3200352268572,3417.0634249072605
4,45,0.749967119713973,0.9424441259047672,1.0424274659423052,1.0611327900931298,0.697481442238341,0.05145620515715661,1.0,0.7467949051251983,0.0,0.1,0.8,92,151.77495985833608,3416.339218382849
4,46,0.747158910053827,0.9491805232555689,1.0601250642245146,1.0700829562889762,0.6988218790149299,0.05151034712092606,1.0,0.7440250712651002,0.0,0.1,0.8,94,150.9788183248138,3472.0780183118
4,47,0.770549684959045,0.9836139905517379,1.1057167609294531,1.1297498760237064,0.7186533515204797,0.0521843328531725,1.0,0.7732891435995828,0.0,0.1,0.8,105,155.71401065545064,2969.8202972113136
4,48,0.7508933256626955,0.9739166607530961,1.1070355335840554,1.1212478546531148,0.7046804550766821,0.05108336311471949,1.0,0.7492544395294851,0.0,0.1,0.8,106,157.52452509890185,3844.965237681177
4,49,0.7679889693531328,0.9788057619014602,1.1006143927255905,1.148277859889589,0.7194615757428191,0.052424256370542245,1.0,0.7711413256938678,0.0,0.1,0.8,108,154.60351841564815,4152.832104980292
4,50,0.7667119809478193,0.9628352182610401,1.0730109959800669,1.1200792868625915,0.7334463721113149,0.05292639352966966,1.0,0.7711884327937681,0.0,0.1,0.8,109,154.2425566699793,4186.005825075607
4,51,0.7651515980451005,0.9826543454664755,1.1150553020744756,1.1486519499465175,0.7194111276159476,0.05284162774884943,1.0,0.7696040700424975,0.0,0.1,0.8,110,150.65045769063772,3585.552617500298
4,52,0.7657568000406862,0.9689321237596055,1.0897520028977388,1.1417420489142733,0.7320865854297237,0.053173673413909696,1.0,0.7717834226053691,0.0,0.1,0.8,111,148.48297875451436,3445.1768380986105
4,53,0.7657314826234989,0.9799309657936979,1.1119066763411753,1.157284512960599,0.7177560176492901,0.053173674124877744,1.0,0.7717834223696366,0.0,0.1,0.8,112,149.1467306650859,3441.8635437724874
4,54,0.7651457737982541,0.9792955427092754,1.111264900449651,1.1612304170262804,0.716971806690206,0.05302728176383964,1.0,0.7710729606657223,0.0,0.1,0.8,114,149.22846140753217,3476.575887532401
4,55,0.7657103760186809,0.9909461483163362,1.134079580259893,1.1654944632225246,0.7174741490421493,0.0531736734139097,1.0,0.7717834226053671,0.0,0.1,0.8,115,150.33446166442732,3436.0117264445616
4,56,0.8971061743446422,1.155556761271967,1.3321761149415272,1.3583128949056835,0.8489003230254248,0.05102452052008703,1.0,0.936061855259499,0.0,0.1,0.8,122,162.36048683206013,3337.3981058912545
4,57,0.7275049499964112,0.9660865525376262,1.1304260337526673,1.2206353428046501,0.6901399148658074,0.05218629481379102,1.0,0.7277317680557948,0.0,0.1,0.8,127,157.04121300462876,3061.4341568208893
4,58,0.6849470423224401,0.9220690062863078,1.0862248092082782,1.1783575635790022,0.6433323724222195,0.052481373870269576,1.0,0.6751201074992278,0.0,0.1,0.8,129,163.84473854449772,3250.527916281284
4,59,0.697734673104393,0.9206688145534667,1.0732725113629171,1.212849850997303,0.6604509774596188,0.05271122233668907,1.0,0.6923230212418465,0.0,0.1,0.8,131,163.55204941189055,3333.4828818371666
4,60,0.6944303754657519,0.928263916390595,1.0920083614658918,1.2035196364249714,0.6519641990656944,0.05215304779897841,1.0,0.6882693164302556,0.0,0.1,0.8,132,170.7394767828229,3327.210568667151
4,61,0.675007040210967,0.9084535213769831,1.072149533824812,1.2105262241366594,0.6321626359834753,0.05079645841712127,1.0,0.6641403486169253,0.0,0.1,0.8,134,169.8832061835785,3312.498118487402
4,62,0.6900807288185513,0.9083500366913094,1.0603738801917126,1.2284267010503156,0.6655757302662795,0.051492304856106993,1.0,0.6845387868236316,0.0,0.1,0.8,135,171.74628834793455,3324.4492933669285
4,63,0.6900807269155288,0.9194470889098182,1.0826361114025889,1.2489236011081257,0.647631096094237,0.05149230485610699,1.0,0.6845387868236316,0.0,0.1,0.8,137,171.74626796001402,3324.449396162898
4,64,0.6874340908654775,0.9166791958299394,1.0798533837238604,1.2575911641026696,0.6453624054335554,0.05008094210376365,1.0,0.6812753404654437,0.0,0.1,0.8,138,173.9188314076895,3618.6214618798926
4,65,0.6887292033722366,0.9394204207365002,1.1248327444016062,1.2910971584706192,0.6470188687390088,0.051198729373934694,1.0,0.6831738489426146,0.0,0.1,0.8,145,172.11973401795058,3407.9889244467745
4,66,0.6772666376737955,0.9270018148573648,1.112295967050957,1.2835994320200956,0.6396105744273592,0.051740688808373944,1.0,0.6692013147282876,0.0,0.1,0.8,146,170.31987279753116,3195.225091295664
5,0,1.0,0.6666322649468627,0.6348984723299319,0.03177141449054935,0.0,0.0,0.0,0.0,0.0,0.1,0.8,1,170.22651453064995,1441.326154694366
5,1,0.9303025265193013,0.6511563911436391,0.6179460866845445,0.03385533759877553,0.026090012222083583,0.04542736422842323,9.503061743006e-05,3.213335422196e-05,0.0,0.1,0.8,3,151.3834183832385,1383.107820897391
5,2,1.2554356658640564,1.2774042073872365,1.231872169641694,0.7825188455769695,1.2022209259362242,0.10043562545949498,0.7942836929242262,0.8453699239792234,0.0,0.1,0.8,4,508.09286725312415,542.5270815142844
5,3,0.1937697678112974,0.3145499981661174,0.24697520446585025,0.031237441583152135,0.7899395461944574,0.06570657046708853,0.05284592825068701,0.02393404482105217,0.0,0.1,0.8,5,63.51977766679544,85.30873242516303
5,4,0.17488538068041656,0.29400669629593246,0.22563569609653317,0.02458503124204524,0.026295686670857434,0.07032988187691389,0.02646483724001949,0.012008531864001951,0.0,0.1,0.8,7,67.3082252772837,100.99511766525512
5,5,0.17349778505411068,0.2921318230506363,0.2235350264909458,0.027105588575809397,0.02083943810908967,0.07286935640026262,0.02663096000863801,0.01260825423201058,0.0,0.1,0.8,8,81.65931067951274,120.85982761472263
5,6,0.1716102166136295,0.2897674215741902,0.22098222785968583,0.030021434055077584,0.01888006929807017,0.0751715405690915,0.026587181273938287,0.012132100657740109,0.0,0.1,0.8,9,72.83263089302133,120.34029555626574
5,7,0.17348513135107155,0.28845841152488616,0.21844148290940182,0.04363119390263405,0.0677931378910857,0.08655995285848468,0.03078428313927075,0.02614579402966864,0.0,0.1,0.8,10,85.94465119406632,355.3575103697145
5,8,0.15786228080491677,0.28921803612158803,0.24810930003118747,0.07744133800023226,0.20111374278263008,0.09370501021387968,0.09204963841493861,0.03806572897172823,0.0,0.1,0.8,11,121.38424852238616,1268.1890497580855
5,9,0.14938746077984136,0.2752977637261799,0.23299875940855538,0.08033385396732806,0.05922904016239197,0.0937622285460282,0.08911836243583471,0.03666073351819654,0.0,0.1,0.8,13,117.82000725555142,1163.244855705357
5,10,0.14808295416245545,0.26143128406076127,0.20766062976163333,0.07607654915670443,0.049514314726488734,0.09279978734767794,0.09025353642141573,0.03708154569566607,0.0,0.1,0.8,14,114.0778589788246,1187.645770088269
5,11,0.15975855664929578,0.26611276403462303,0.21094799933135772,0.10666970586222066,0.10719314442598328,0.09058068207684704,0.09498520230881184,0.0606481536541539,0.0,0.1,0.8,15,98.1792871188367,1125.1751347435973
5,12,0.16411441315173073,0.26915432808841766,0.21373904816013387,0.12036878782609252,0.07250673184470716,0.09324755484051928,0.09909317475763368,0.06722664702560988,0.0,0.1,0.8,16,93.44655501977437,1186.9204214731387
5,13,0.16505289179057028,0.2696377808668923,0.2141362478067712,0.1271948561655342,0.06660139772936835,0.09715123335062611,0.09954662505440476,0.06890687155576186,0.0,0.1,0.8,18,103.73909208468096,1232.062399132602
5,14,0.15911179108979528,0.27455610771493266,0.23017484632846205,0.12083625963431101,0.06095885023833519,0.09439386094839786,0.0954099704207528,0.062290441625286075,0.0,0.1,0.8,19,107.33743194345952,1183.4850895684733
5,15,0.1624932317901331,0.27708574336890957,0.23254438294471932,0.1334094522698004,0.06922999157472444,0.09524754182741804,0.09767542022084096,0.06727171852072555,0.0,0.1,0.8,20,97.02306851255908,1203.8312226337312
5,16,0.15060407287663347,0.2741338366368627,0.24035702079536214,0.1312253526484734,0.05657423148377457,0.10093695766886042,0.11921056124822833,0.052281963338401315,0.0,0.1,0.8,25,107.8885152049986,1217.877407585201
5,17,0.19567910905452696,0.32785398680164296,0.304787823896351,0.17742215838364545,0.11750742408395952,0.10321237843436899,0.1814135324559532,0.1037555314874942,0.0,0.1,0.8,26,86.68964033111887,1161.769426092342
5,18,0.1898610786001164,0.3152688072815806,0.2910210313684082,0.18497937925863192,0.1423202454917375,0.10566658178737434,0.17817822670874123,0.10394395637121626,0.0,0.1,0.8,27,88.47054863364069,1131.9882215448963
5,19,0.28041637985561607,0.4030936791260561,0.37838114260899114,0.2802053712178676,0.2100987663337247,0.10855054522320406,0.32432331660247204,0.20156222746105384,0.0,0.1,0.8,28,78.8890385088548,1251.7546353389928
5,20,0.2097548373369036,0.353153080372811,0.3505240655550295,0.2926700074745394,0.12457884898160441,0.09251615879314912,0.1892712115857595,0.13151925469534767,0.0,0.1,0.8,48,104.09572531166468,1313.492952883311
5,21,0.4467415049090969,0.6227004271660598,0.6628212535999624,0.5722250964070039,0.380610716136969,0.08121797564016624,0.8524308782368317,0.3551715875034163,0.0,0.1,0.8,54,173.77868110849914,975.9333632434378
5,22,0.4432412589508681,0.6109713135994231,0.649827892066182,0.5791476383080756,0.3932296392903485,0.08195332908129711,0.8487842777450156,0.35756795475086883,0.0,0.1,0.8,56,173.1542861488977,901.8431015481874
5,23,0.44364398367045543,0.6093246310065056,0.6478733059631783,0.5870810363538259,0.37795356751846465,0.08274102490409727,0.8452327078706295,0.35999645535254327,0.0,0.1,0.8,58,173.26724381075283,831.1306074106102
5,24,0.44325249426927654,0.6082417773250856,0.6466874342674731,0.5869719187169394,0.3734269710938142,0.08274102455905571,0.8452327002405822,0.3599964515392975,0.0,0.1,0.8,62,170.92077143351284,815.4235561479969
5,25,0.4422850174884782,0.606540996597154,0.6448773817320028,0.5896357106856124,0.3758187239118859,0.08218309436437246,0.8478874283068742,0.3589724158964295,0.0,0.1,0.8,63,170.78361372842218,846.037947176088
5,26,0.44155484560508174,0.605480570005881,0.6437679366601599,0.5890405428435488,0.371997753394979,0.08163543399193789,0.8505880652754103,0.3579533828149601,0.0,0.1,0.8,66,171.08358462786052,880.495208707157
5,27,0.3748587874601671,0.5330235376596422,0.570465088034396,0.5308347251851533,0.3376773493320564,0.09000570186837051,0.4865857018809191,0.32398763124661684,0.0,0.1,0.8,67,127.1534560680988,790.3496328080436
5,28,0.46448243510915516,0.6194921882216482,0.6564784054659534,0.6320388578551988,0.40713404333048725,0.09192121789216696,0.5755033597731571,0.4269394931332391,0.0,0.1,0.8,69,133.05343525710313,713.6336021603147
5,29,0.3741779768382857,0.5288832453523695,0.5658257972978934,0.541265669319819,0.31049223411291593,0.09023620995672936,0.4859131823221718,0.3254506839019366,0.0,0.1,0.8,70,126.0173448864018,753.6410271191316
5,30,0.3871297177184633,0.541352920872665,0.5782263915176329,0.5511118142547689,0.32336522621678393,0.0918391762507989,0.4757979745551336,0.34320914011829967,0.0,0.1,0.8,72,128.09927685631064,753.4951260037824
5,31,0.38651321989487997,0.5407265705150095,0.5775986933028161,0.5537775986391984,0.3215602092271138,0.09176312635450769,0.4761805671969994,0.34239689829495185,0.0,0.1,0.8,74,128.0068161676734,753.4429966441606
5,32,0.3701176442386958,0.534471801450586,0.5823725964217941,0.5482869295676733,0.3080288203705974,0.08797888704887197,0.49653104345200133,0.3199576553483157,0.0,0.1,0.8,76,138.67481768122877,748.9800141485126
5,33,0.46471579343294184,0.6259710821773061,0.6734319432965821,0.6757756998535629,0.4172639025158513,0.08892239066096355,0.7755870077048739,0.405226371083298,0.0,0.1,0.8,77,161.18245477794918,955.7494667182864
5,34,0.4229811919086127,0.5814487310920571,0.6285179435060768,0.6418974684676231,0.3751370356726774,0.08284624896460709,0.6882309426075863,0.3656359480873519,0.0,0.1,0.8,78,151.15630346230304,896.9235804417
5,35,0.5090438527689851,0.6666290011484484,0.7135750139175698,0.7351803056659748,0.4499817742748657,0.08926302743012784,0.8784307830127898,0.4499551830923374,0.0,0.1,0.8,80,163.90479057432572,998.9204814492464
5,36,0.4155196744690439,0.5713801575039209,0.6180860364031977,0.6543883084117952,0.3593120850997788,0.0799670497395302,0.6949124737541846,0.35698531509899817,0.0,0.1,0.8,82,152.15683377688688,974.5102845850528
5,37,0.5095689623306354,0.6743624448787937,0.731933328594778,0.7466861960144257,0.4554508873983355,0.08833988245429557,0.8164750359375956,0.46058911978948186,0.0,0.1,0.8,84,179.35693559460884,991.3560798264458
5,38,0.5843516555947188,0.7580057223362291,0.8264357346510325,0.8401259776979886,0.536611283807463,0.09293218068805188,0.9592145290803634,0.5374520529943352,0.0,0.1,0.8,85,199.08283415950703,1034.1495819416066
5,39,0.4215244605449898,0.5712707097872287,0.6171359985781084,0.6778050913541485,0.37205841713830895,0.08114322998869633,0.7064939386111144,0.3664401338600804,0.0,0.1,0.8,86,153.65069965395563,911.5328413775125
5,40,0.4215241463423457,0.571269693821755,0.6171348440052287,0.6778049886493924,0.3638026432494951,0.08114322998869632,0.7064939386111145,0.36644013386008095,0.0,0.1,0.8,89,153.6464793850599,911.4882506208614
5,41,0.42151626984387214,0.5712435327107969,0.6171061012172074,0.6778023525071503,0.363889422804436,0.08114322998869633,0.7064939386111148,0.366440133860081,0.0,0.1,0.8,90,153.49409839854786,909.8593321168936
5,42,0.4335021519606408,0.5921614829543635,0.6488932650765264,0.7121323218291753,0.3873437741301754,0.07979222921025987,0.7075237852826148,0.38247581592039837,0.0,0.1,0.8,91,157.1780703592307,970.4690262651048
5,43,0.4665565515113304,0.6362237251893277,0.7041099717402468,0.7315950874099636,0.41009826997053533,0.0821172519776481,0.797967431900181,0.41251992941804183,0.0,0.1,0.8,92,154.739287216283,913.7713510845218
5,44,0.4320613395505996,0.5864703502383425,0.6426319885130833,0.7188515355003118,0.3966959297405398,0.08375886206176691,0.7079664472348199,0.38279560861209183,0.0,0.1,0.8,93,170.3989076409013,965.6823745044536
5,45,0.4320004047571787,0.5863780646461103,0.642535320694211,0.7223077162146292,0.37713305981975,0.08317448103982834,0.7112073930483177,0.3823302706880321,0.0,0.1,0.8,94,170.37048370271825,998.2442784450172
5,46,0.45560078645139934,0.6421828676681514,0.7316908263968078,0.7895527714630362,0.4020502236920176,0.09188884898360453,0.7467640769301845,0.40793564165752494,0.0,0.1,0.8,99,183.8785073598692,1047.5638761168077
5,47,0.45503825165400746,0.652401060678155,0.7530320673585562,0.8096741665556815,0.40133259719988534,0.09170353994295913,0.7447208826092512,0.40764648560960887,0.0,0.1,0.8,101,183.9325904440588,1054.0638639339793
5,48,0.4558339088372064,0.6523113965464182,0.7528244939467079,0.8054501160968118,0.4058995630723156,0.09084256135202937,0.7492516477153152,0.4085169838357451,0.0,0.1,0.8,102,185.31680315141108,1055.7751950410975
5,49,0.4509157358228387,0.6451034261626971,0.7453126663477432,0.7810206827651904,0.4030806222476848,0.09069932456117452,0.7906413573512469,0.3983230882322084,0.0,0.1,0.8,104,174.134974835389,940.249028399146
5,50,0.4488650941948158,0.6308474055046879,0.7197450428523422,0.7916414667356293,0.39782342436908535,0.08676848760331493,0.7982588230524554,0.3953451207894024,0.0,0.1,0.8,107,176.56121692347972,960.8637824385802
5,51,0.4317147153380473,0.6306156434880038,0.7411520262372706,0.8134160599568033,0.405363857185779,0.094478638509742,0.8696222087953067,0.36747700077819634,0.0,0.1,0.8,108,173.15293316087855,875.829246249793
5,52,0.4510535245363121,0.6388282600503592,0.7381954366358436,0.8178289085496924,0.40036887601233095,0.08857011041241884,0.8118989751628154,0.39888081838072764,0.0,0.1,0.8,110,175.27755276608724,933.4840812797012
5,53,0.4124252678166536,0.5986322695929285,0.6977958395727455,0.7760478921963738,0.3693869708887231,0.08888114745642836,0.680558161831696,0.3677263736398616,0.0,0.1,0.8,111,179.0399309271969,941.5498545208007
5,54,0.458309615205181,0.6444242457349829,0.7435757935908907,0.8355990221735572,0.4085781573311717,0.0887992527085399,0.8267406316414844,0.40685100973969257,0.0,0.1,0.8,112,178.10773103988964,962.3439663682324
5,55,0.4582837471953848,0.6443270517046269,0.7434692690509302,0.8355892274455965,0.40848053720783417,0.0887992527085399,0.8267406316414846,0.4068510097396928,0.0,0.1,0.8,113,178.00514129956085,960.8033410707956
5,56,0.4482646244066693,0.6555108317462466,0.7768550734217763,0.848735482328498,0.4030508327558119,0.08813420114908756,0.8258104131902982,0.3948936358120199,0.0,0.1,0.8,114,176.84347301552572,988.1681386535838
5,57,0.44691892041788767,0.6474593366910761,0.7679419777065182,0.8379767389266961,0.4298787491885954,0.08945769487067465,0.8318508512183366,0.39538889272899297,0.0,0.1,0.8,115,176.60409571245526,943.3851197785484
5,58,0.44412074311961536,0.6663313334677072,0.8090778137209638,0.9000216915954933,0.3970702441491379,0.08972167000458717,0.8194593681758642,0.39366125209576264,0.0,0.1,0.8,127,180.0799080314175,910.1800352069758
5,59,0.4440693735081441,0.6757845354810759,0.8294938028175072,0.9276180792165969,0.4009327259063721,0.0862200792936706,0.8291474305223605,0.3930559911313422,0.0,0.1,0.8,129,179.68325839995163,986.487674486663
5,60,0.44506945865813713,0.675617090913039,0.8291782205686663,0.9325870812311806,0.4039717517290225,0.08734719682398435,0.8242332721632314,0.39540589412068,0.0,0.1,0.8,130,177.84434372162582,912.7855267562772
5,61,0.4507999215263754,0.678224684498439,0.831391324303705,0.9389368364845256,0.4124562108931112,0.0930589054932348,0.90004189158199,0.3943692509767126,0.0,0.1,0.8,132,186.72338240977984,896.3478092503437
5,62,0.4436926697867824,0.6797229512832481,0.8437418554708294,0.9824965911315353,0.4010282753143843,0.08862686516859992,0.8339903865233997,0.394736999319147,0.0,0.1,0.8,138,176.78545324834778,958.9573510424508
5,63,0.44250736497955123,0.6785255558320364,0.8425429366848529,0.9850791291960126,0.39806052590018626,0.08896226391041388,0.8347643810726252,0.3931634016770139,0.0,0.1,0.8,139,175.68646201641877,970.7799770975812
5,64,0.4434751795958831,0.6793323141757122,0.8433295632415153,0.9823117579161542,0.39916835093579356,0.08875971484603376,0.8338093760823819,0.3945562228915516,0.0,0.1,0.8,144,176.92338635821358,958.9469437196376
5,65,0.452382312992406,0.7423219262653076,0.9619702096934686,1.1416076791270153,0.4085514019706101,0.08777780305873327,0.8309955978643441,0.4065934614142372,0.0,0.1,0.8,179,181.4924454934161,998.4391131850734
5,66,0.48624341722470943,0.7982399958080726,1.04020176035127,1.2379103698126088,0.4423448311040873,0.08780705759130471,0.8208779428964983,0.4502379070285484,0.0,0.1,0.8,188,180.58501873881855,1009.4859318776485
5,67,0.46937787627628275,0.8029753530693031,1.0671936692849109,1.2361072784455924,0.4269043090081805,0.08711775355264426,0.8409770144058335,0.42687424108318356,0.0,0.1,0.8,190,177.88884265330418,1010.58874522491
6,0,0.863151264366246,0.6350399718916216,0.60029883992163,0.028701521403671975,0.0,0.0,0.0,0.0,0.0,0.1,0.8,1,463.0486976547976,1403.743499896443
6,1,0.8006273712148023,0.6189497677392078,0.5826723512893136,0.03073344566814857,0.027141264937936276,0.05684414376034188,7.919839901715e-05,5.103277378300999e-05,0.0,0.1,0.8,3,426.4491537681646,1300.743428493758
6,2,0.3017356422666219,0.42476339059779256,0.3792566969808953,0.0363171359894953,0.7283504473260032,0.07590262596477729,0.012446042174808521,0.00970875459799253,0.0,0.1,0.8,4,146.57368909236493,423.45240356994873
6,3,0.2406997249270842,0.37642715681500205,0.3231288301327335,0.061883796302823466,0.17992492533248278,0.0777880529304465,0.05244218656142628,0.046604498964245136,0.0,0.1,0.8,6,122.83477006685916,122.57473474332632
6,4,0.2065704279496883,0.351909394337702,0.30813784476507744,0.056351834904339024,0.08192351815924506,0.08216719021181111,0.025355183611270808,0.02698936972641085,0.0,0.1,0.8,7,107.96011965382704,173.8762051946637
6,5,0.20966704970026084,0.34306907640824863,0.2875387626745381,0.04969959420821329,0.05354814023015907,0.07747928795271283,0.04103546174652176,0.03564291966669543,0.0,0.1,0.8,8,106.39831612683231,99.6778869307716
6,6,0.2062831326239002,0.3500259362263419,0.3051072169955992,0.05828347412360183,0.05449323320059819,0.07789577689550184,0.041233569717816734,0.03771384191278735,0.0,0.1,0.8,9,100.83772325428583,100.69628598669463
6,7,0.17609328571983712,0.2968190851416168,0.23630985269433236,0.0652135958604854,0.19407549726526802,0.08279555139441555,0.04717054161730249,0.04244240547463659,0.0,0.1,0.8,10,140.7451062274284,102.98229004560044
6,8,0.14966726944749342,0.2665977037085761,0.20504692929133436,0.05153291976861714,0.03775757634044723,0.08385923823685507,0.02364038165837755,0.02128332557599313,0.0,0.1,0.8,12,142.76657889292125,120.63360505699735
6,9,0.17283275386775576,0.28595435013361786,0.22344164865630872,0.08746361474114736,0.06584577565068495,0.0816102628965877,0.03455397230417746,0.056747195490243686,0.0,0.1,0.8,14,133.80976115026607,152.83535499013826
6,10,0.1560019702065394,0.2717612193842057,0.21849759806035945,0.08755875755237967,0.11122746999284151,0.08915956220218069,0.05154195463286434,0.048174740507087935,0.0,0.1,0.8,15,157.68809385064378,9158.9963562284
6,11,0.15676463446605682,0.2715440788315446,0.2180727376901695,0.09706021833154654,0.049322586611650884,0.08831838570624137,0.05526526129793304,0.0501655571216305,0.0,0.1,0.8,17,165.64803256959732,10337.192188421044
6,12,0.1504376308708922,0.2629927893906831,0.20905910614492446,0.09547532794522631,0.05011679638497306,0.08821763208933664,0.0509709667652571,0.04608404916387279,0.0,0.1,0.8,19,164.10542662652605,9067.128282075431
6,13,0.15037179220508687,0.2627018125534458,0.20872200591583875,0.10073441145255219,0.04378503229951868,0.08810389476400031,0.05057252790709802,0.04637590238853218,0.0,0.1,0.8,20,157.4988257253266,8900.812594153593
6,14,0.14485318387804547,0.27241320466549135,0.23939058786649658,0.12294358276044914,0.06025189707662106,0.08290073747871927,0.056313083215863334,0.048090869647799975,0.0,0.1,0.8,23,134.0252785425202,1006.9273598409644
6,15,0.13970903129467419,0.2636491856274544,0.22994798142122422,0.12614029145952516,0.054433625145277935,0.08311710907122903,0.05490888350974005,0.046221176361960256,0.0,0.1,0.8,25,141.7509683432872,930.0911271245576
6,16,0.13803056745215975,0.25964655794735403,0.2255206054432494,0.13721600182765048,0.05041748661171274,0.08812208601494695,0.05531064905169737,0.04674510986246177,0.0,0.1,0.8,27,148.0597180983991,993.4649574479822
6,17,0.13845941019907254,0.25968877042494065,0.22549295344278605,0.14395556697715503,0.046168450262762756,0.08770364426569147,0.05613006905037382,0.0476132034378869,0.0,0.1,0.8,28,144.4037529423213,1020.6211672615927
6,18,0.16555714784384798,0.28230604015493327,0.2473149814787695,0.1798027247664433,0.0840252278960788,0.09531569303522468,0.06304902411790175,0.08546214135548892,0.0,0.1,0.8,31,151.4484854631406,750.6247523121269
6,19,0.16610380198045388,0.279783875118036,0.24426117248909746,0.1880165134874608,0.08714845727123843,0.09380053074090648,0.0668137883629106,0.08882021561164401,0.0,0.1,0.8,33,146.85833944507772,923.7449699437852
6,20,0.17099010930597036,0.2828866579267409,0.24706227076078013,0.19965920691582462,0.0893009971648246,0.09662020241644452,0.06810845335369903,0.09649912634769245,0.0,0.1,0.8,35,147.2742700399742,970.0244616619472
6,21,0.16975540767252545,0.2796974789184664,0.24354508650222723,0.2059847468521454,0.09004235695240409,0.0990208879645236,0.06419122476603006,0.09730872981417751,0.0,0.1,0.8,37,146.2458935175825,862.1759818534834
6,22,0.176675043644145,0.2733893492985665,0.22571796676249256,0.20397147996304327,0.10524954711726765,0.09675734289458529,0.07535230680862035,0.1065429216832559,0.0,0.1,0.8,38,136.2273261190141,1135.7728257130236
6,23,0.17743150253430023,0.2842560959079431,0.24758808016408895,0.22891994693860343,0.09538236631986798,0.09645631980589883,0.07749201564947421,0.10811496543761848,0.0,0.1,0.8,43,140.72627439361943,1189.704172541299
6,24,0.1541893466194616,0.27185614715885237,0.24631168805278442,0.21274853897423973,0.07265557418956356,0.08371649161865502,0.12904746186020374,0.07284748148884794,0.0,0.1,0.8,44,127.7927125562602,10692.06626804705
6,25,0.2080427916476691,0.32395943211811323,0.29812994069686893,0.2871726463358468,0.13632975533069266,0.0761899182548765,1.0,0.03284965991674229,0.0,0.1,0.8,45,226.9733090242296,12702.183170476392
6,26,0.17647392594818506,0.28082013749729406,0.24374880802950788,0.24207113903669564,0.09774361763138453,0.0972011940224466,0.07756975714806111,0.10910644308971222,0.0,0.1,0.8,46,147.15992058753238,1223.6073821980665
6,27,0.17357939280098805,0.2778278387013413,0.2407407439764202,0.23783595035261695,0.0927745358592337,0.09634941468168759,0.07580246438399638,0.10579461913404993,0.0,0.1,0.8,47,159.5667533166049,1157.9693911405498
6,28,0.1774738610567724,0.2805006694775767,0.24321682964013133,0.24960269534392626,0.10389619162443021,0.09777161391482274,0.07954410477467153,0.11125125643289965,0.0,0.1,0.8,48,152.2547501443515,1207.1107293989546
6,29,0.3141845108817396,0.4161639132508209,0.3881544657813968,0.4153134879961152,0.30808277085621794,0.08422951998251005,1.0,0.17673411009558315,0.0,0.1,0.8,49,171.4487991062197,5674.737462900154
6,30,0.3120764929112692,0.42157319600471455,0.4041908741008042,0.4208355942828388,0.25084430157517656,0.08507140704073611,1.0,0.17668853320196187,0.0,0.1,0.8,51,164.96422459113987,7346.60640698499
6,31,0.9670954927002865,1.0810345491759037,1.0738385695644137,1.0887707409419165,0.9172593239846915,0.08121406624528153,1.0,1.0,0.0,0.1,0.8,53,159.2371017787375,14269.858677211609
6,32,0.9668776500042358,1.0804016873493247,1.0731455220012371,1.0949341721305634,0.9010621110319093,0.0806588535644292,1.0,1.0,0.0,0.1,0.8,55,172.2040478879158,14000.59077178427
6,33,0.9630972386104157,1.0691154962250533,1.060784907812217,1.1074288791820575,0.9378934534090801,0.08135395478679627,1.0,1.0,0.0,0.1,0.8,56,129.42519244403272,11339.75966786511
6,34,0.9624490953091123,1.0671200553701183,1.0585994836507011,1.1135775276088014,0.9033497758012768,0.0845023758553773,1.0,1.0,0.0,0.1,0.8,58,137.4041862193815,11447.490712481676
6,35,0.9621430892322762,1.0661717362638292,1.0575610364953196,1.1166568179186114,0.9031848614325629,0.08429829770757184,1.0,1.0,0.0,0.1,0.8,59,136.08924475739315,11414.33688208957
6,36,0.9614101742717577,1.063882088740351,1.0550533649661997,1.1196042934138015,0.9038426911404398,0.0808402510975169,1.0,1.0,0.0,0.1,0.8,61,137.8130242543377,11957.831633344162
6,37,0.9610874193501878,1.073963344812332,1.0762031955903582,1.1366640486267419,0.9008525630391834,0.08248401382051705,1.0,1.0,0.0,0.1,0.8,65,139.71897205934252,12016.411472853151
6,38,0.9593750041441068,1.0795930634957256,1.0924777510767607,1.1469506171953234,0.9091836012954958,0.08198639257016035,1.0,1.0,0.0,0.1,0.8,67,148.50769985591998,12514.395437412588
6,39,0.9584476292812691,1.0876657558253977,1.111427938062877,1.1641272440450638,0.9050717912856994,0.08519091975651628,1.0,1.0,0.0,0.1,0.8,69,155.49297796335895,12494.22207513578
6,40,0.9584362414465919,1.0876283344304354,1.111386920342128,1.1641234730473575,0.9001252918742506,0.08519091975651627,1.0,1.0,0.0,0.1,0.8,70,155.45368524038253,12496.749964821696
6,41,0.9583876436388685,1.0985657954057193,1.133474507213103,1.1750256957640506,0.9005358311857641,0.08519091975651628,1.0,1.0,0.0,0.1,0.8,71,155.11854520479204,12520.367887681894
6,42,0.958359799510192,1.0762803387398219,1.0888496577177547,1.1662978844332474,0.9003066467024609,0.08492938889501092,1.0,1.0,0.0,0.1,0.8,72,159.7988483688354,12488.928560413537
6,43,0.958123238624908,1.0755017705314984,1.0879969752621215,1.1695010944215922,0.9013069981997145,0.0835819217718988,1.0,1.0,0.0,0.1,0.8,74,155.7789305865271,12727.905115226951
6,44,0.9580398164213663,1.086323665434103,1.109958045252208,1.1906276114555612,0.9004620292539022,0.08393147257529696,1.0,1.0,0.0,0.1,0.8,76,155.9354454998624,12807.114080185527
6,45,0.9580013482197802,1.1194877417415765,1.1766059470712196,1.193293732682242,0.9004265587217569,0.08393147257530362,1.0,1.0,0.0,0.1,0.8,77,155.52076279410196,12827.10841474968
6,46,0.9548542735271659,1.1310287708722697,1.2094635113040584,1.256676335201262,0.9357775251071305,0.07429005878682675,1.0,1.0,0.0,0.1,0.8,78,181.6728987447977,925.717623859278
6,47,0.9528493097303241,1.1128607682815579,1.179457195182733,1.2586188334308364,0.9118685282689092,0.07409427744421278,1.0,1.0,0.0,0.1,0.8,80,192.34259764981036,1129.4536368641584
6,48,0.9512789921598565,1.1071567994547653,1.1732102266961315,1.2650832450465495,0.9095754532473553,0.07477585546508024,1.0,1.0,0.0,0.1,0.8,82,193.35933777368064,1157.1533261863665
6,49,0.951216242627481,1.1180426155184493,1.1952412394959693,1.3051181039721635,0.900193359792482,0.07069677525630148,1.0,1.0,0.0,0.1,0.8,86,211.22362479660364,946.7081984346
6,50,0.7244114809935063,0.8983997526629643,0.9862524893361294,1.082764686737316,0.6776215276728199,0.07285535731893772,1.0,0.7182861930924036,0.0,0.1,0.8,92,176.12175583828147,1480.6848399868484
6,51,0.8728540227638054,1.0576215784899794,1.1565985231943956,1.2241811331636472,0.8314864015933824,0.07425329916618127,1.0,0.9039822092503661,0.0,0.1,0.8,93,211.45966079437625,1638.9710521591542
6,52,0.9475929992467929,1.1153389620642726,1.2023890178972165,1.3240362753460841,0.9200113417752332,0.07652532771301804,1.0,1.0,0.0,0.1,0.8,94,223.35783280393483,853.8945957122595
6,53,0.9473151244570619,1.1364389563494668,1.2457155805721114,1.3577966747421866,0.9005249110565513,0.07658837294857336,1.0,1.0,0.0,0.1,0.8,101,198.30192619913427,1129.7834647423135
6,54,0.9465318458993326,1.1335615727992177,1.2425643258126888,1.3807414856001798,0.9052210763602617,0.07954964416487378,1.0,1.0,0.0,0.1,0.8,103,236.37162762210733,1069.0354467062327
6,55,0.9461548480529786,1.165101797623911,1.3074338815609972,1.395328837942499,0.9008495490913339,0.07676683742148435,1.0,1.0,0.0,0.1,0.8,109,206.205153865091,1128.5185063155805
6,56,0.9461396556838988,1.1650404163765167,1.3073666124989687,1.3990209123094461,0.9001032627436596,0.07678055153732913,1.0,1.0,0.0,0.1,0.8,111,205.9345733342303,1127.1527338600863
6,57,0.9458282386573491,1.1748781793898704,1.3282498583217541,1.4112534616818233,0.9021143250306132,0.07678966117505939,1.0,1.0,0.0,0.1,0.8,113,209.98457186172428,1128.801973893573
6,58,0.9446440285119944,1.1700290608457489,1.3229390661401328,1.4419524078732477,0.9163181645374451,0.07736126248877483,1.0,1.0,0.0,0.1,0.8,114,199.77716688915967,995.806988979274
6,59,0.9441599914143368,1.1790983306417302,1.3429806283331458,1.4542302095585944,0.9033866089748505,0.07736126248877484,1.0,1.0,0.0,0.1,0.8,116,201.23330294735248,1009.4774819433436
6,60,0.9432656381563478,1.1642231568163874,1.3165805294530935,1.4564444189699228,0.9063394971726015,0.0830193690861118,1.0,1.0,0.0,0.1,0.8,118,212.04584777763597,1127.6226818298435
6,61,0.938728153161308,1.1439661598833333,1.2943952292562448,1.4746836597302715,0.9680076705343812,0.08071022730615059,1.0,1.0,0.0,0.1,0.8,119,232.41600724641916,1128.2920671805905
6,62,0.8619365183537522,1.143523067376588,1.3719482605815765,1.7359612703584397,0.823658297249446,0.09843048664664647,0.9971740986693923,0.9048134791368213,0.0,0.1,0.8,182,194.98824052476195,4373.472595869561
6,63,0.8723487320735767,1.163566548578105,1.402980230282889,1.7889079050110661,0.8354138734915278,0.09937982069279641,1.0,0.9179658171049583,0.0,0.1,0.8,188,194.0138966178741,9949.184072535312
6,64,0.8843925730540252,1.1749696161043066,1.4143060979720454,1.8250389272020455,0.8474903628592352,0.10467472888605664,0.9987781275698625,0.9333860227863726,0.0,0.1,0.8,191,195.9041183856872,9254.578388930033
7,0,0.7371474002849258,0.6012115388278719,0.5632501761331313,0.02541881639360249,0.0,0.0,0.0,0.0,0.0,0.1,0.8,1,757.167014850112,1592.3024164342405
7,1,0.6787144028965755,0.5835777113958026,0.5439309487618298,0.02732311080912511,0.029796083226713073,0.0722683944765472,8.200470196247e-05,8.006131610743e-05,0.0,0.1,0.8,3,720.2644808663052,1508.033863853221
7,2,0.26502299722936695,0.39787961242801734,0.3496132774347689,0.035677722093267764,0.7122058803050301,0.09322200397693245,0.01050081115625817,0.012584557629738698,0.0,0.1,0.8,4,398.9738003347083,619.7961106827129
7,3,0.2674894445409055,0.4034998333390017,0.3500317787211614,0.09061445099095128,0.16215346851021734,0.09448811681028783,0.05457668042918819,0.0824073071445959,0.0,0.1,0.8,6,247.78533163029653,145.18052740042108
7,4,0.15015139130859198,0.2719564115407522,0.2117600636566988,0.02653230992803282,0.24653528794627289,0.0974182750406996,0.013002586934902392,0.01152674742293705,0.0,0.1,0.8,7,240.1177650055565,396.9568157291119
7,5,0.14209102123431083,0.26045161857024457,0.19928056837154165,0.030397899822330345,0.026431048679130723,0.09726883803244796,0.01146309669074894,0.0101372408693277,0.0,0.1,0.8,9,241.43457770537236,432.0646585232144
7,6,0.15538784052076607,0.2408878861802678,0.17275384464107713,0.07972667767982393,0.3086559138214491,0.08587747454909035,0.06540068983709575,0.07037388235658043,0.0,0.1,0.8,10,243.01545879293445,493.2634439400742
7,7,0.15233123339411697,0.24701844320717564,0.1897200356752416,0.08643142607024062,0.06702525138739386,0.0858619915268257,0.06383740868859332,0.06869172634402158,0.0,0.1,0.8,12,232.57180262340376,486.2477469230389
7,8,0.14227710362365587,0.19854036405378078,0.1256570907753253,0.09144444991961902,0.22698401714407504,0.08578215102473655,0.0805266515542655,0.07791292847396633,0.0,0.1,0.8,13,208.73869477830775,1384.9254003429444
7,9,0.130247089927694,0.18112771102465908,0.11701979004142835,0.102372753739788,0.08787391604263459,0.08636260069902671,0.07227310857383869,0.07469214489845202,0.0,0.1,0.8,17,200.84064919543937,1104.8416809325838
7,10,0.1284716182808633,0.17741661572587442,0.1130356866013848,0.10641542677219505,0.07095097067316111,0.08671435783659427,0.07165737347884714,0.07371437836096695,0.0,0.1,0.8,19,201.18466511317865,1151.1279325175958
7,11,0.12957165934752654,0.17613633900619396,0.11142228359421813,0.11604335193745166,0.07423560198450405,0.08727497656101138,0.07388013645797116,0.07621277585790089,0.0,0.1,0.8,21,200.8906352522434,1246.1354567389697
7,12,0.12749041686053864,0.17305378810415686,0.108200202437129,0.11690740530955526,0.07165949018789095,0.08710653871267418,0.07239971679691368,0.07437591745506392,0.0,0.1,0.8,22,200.9173129511562,1195.8783436088352
7,13,0.1343829823380557,0.19627741221398892,0.15294564044698733,0.14184276289630016,0.10484112760288972,0.08850024340707291,0.07727184887417386,0.08567339131399795,0.0,0.1,0.8,23,188.6952393208166,1346.0214744012271
7,14,0.12824768072897813,0.189896700130819,0.14653206911581407,0.13300353195191622,0.07134075172545895,0.086927019784116,0.07655441938876177,0.07821917688168153,0.0,0.1,0.8,24,191.65832990947396,1239.405894240911
7,15,0.1302830925067051,0.18739768837644155,0.1434175337061016,0.1473969127073917,0.09592799957471329,0.09081690463912304,0.07726582395688567,0.0830881744750015,0.0,0.1,0.8,25,189.1799261347378,1298.432765238939
7,16,0.13357943131800704,0.19968760115072642,0.1665904179026152,0.1569780212785426,0.0833268920894304,0.08757725257684879,0.08058052154703343,0.0878743510785481,0.0,0.1,0.8,27,191.2285029198451,1480.9167258826117
7,17,0.13480483822572148,0.18958803231195237,0.14529491113795218,0.16110869020517532,0.08075416948551943,0.08932780277659616,0.08129714685531102,0.0894328276722171,0.0,0.1,0.8,28,195.5005933531824,1447.6076334364805
7,18,0.13731307663436268,0.20286383242559547,0.16969147658787648,0.1750850558042532,0.08312594876899375,0.09034310428935004,0.08230583330186071,0.09261499186134892,0.0,0.1,0.8,30,190.2334421716292,1555.4562091186408
7,19,0.13669748333560033,0.1896138647036653,0.14507124295336984,0.14588337390085848,0.08951382510060646,0.09034310428934994,0.08230583330186064,0.09261499186134901,0.0,0.1,0.8,31,194.68184787595013,1524.6938562328542
7,20,0.1368692805129954,0.21167912967687932,0.18942707892650423,0.18990597875529425,0.08402851099710577,0.09044015075863246,0.08257078666112277,0.09294700881348458,0.0,0.1,0.8,32,193.14789728696545,1547.8764709083152
7,21,0.12720838888777453,0.19035731771109257,0.15686496522234336,0.14525453893169657,0.07450248912746499,0.08818419592699964,0.0748371943820329,0.08211845633363093,0.0,0.1,0.8,34,192.1694104584764,1320.9386698934738
7,22,0.13256460797122943,0.19489320977533875,0.16129151173865464,0.188886613068789,0.08273035401183763,0.08950756112799116,0.07967026757084414,0.08861818020014361,0.0,0.1,0.8,35,199.8445999241182,1487.5498403724796
7,23,0.13215122042376104,0.19342149912230577,0.15967978876468408,0.1676836738388371,0.08378472907467951,0.08950756112799103,0.07967026757084396,0.08861818020014361,0.0,0.1,0.8,36,196.6911397088749,1505.6294033127824
7,24,0.14247549958399428,0.23300676112978805,0.23223010044933426,0.2438141458905144,0.0921732041129524,0.08683837680148652,0.1182874945132261,0.09863008660992631,0.0,0.1,0.8,49,196.29492815283572,1540.5655646006137
7,25,0.8683454796028709,0.9377702765700451,0.9440801358006563,0.9951248450972217,0.8560183279576508,0.15841331439495307,0.272467791935643,1.0,0.0,0.1,0.8,54,269.44465282917963,677.4569131142424
7,26,0.8688733294353302,0.9258875791027363,0.9208710411939689,1.001538010398325,0.830994466217835,0.15735184453828518,0.2815330910567837,1.0,0.0,0.1,0.8,56,275.572158442008,626.658304165445
7,27,0.86301992178255,0.9164608245211916,0.920833482874042,1.018263762239112,0.8576356520623699,0.16015870721695954,0.2628745424622495,1.0,0.0,0.1,0.8,58,384.6264244685348,590.5049168239489
7,28,0.8609713874411893,0.8942378663119859,0.8962297314657061,1.02831272026501,0.8711368048431308,0.15800001955513476,0.29076126725102797,1.0,0.0,0.1,0.8,60,402.6785976873135,597.0871724180669
7,29,0.8584587362502567,0.8880790577950386,0.8995367632411404,1.0342738170990593,0.8595455340625372,0.15604429264834777,0.29674165921280693,1.0,0.0,0.1,0.8,62,407.28448703574657,565.4760680136561
7,30,0.8569832344948616,0.8800653841333456,0.8907778550679276,1.0431643993308604,0.8557684812548264,0.15757737044489756,0.2948808291863182,1.0,0.0,0.1,0.8,63,382.6720095505469,684.8742628399218
7,31,0.855474755694476,0.868365758194191,0.8779270350225999,1.055500133963669,0.850184749302456,0.15601719381654439,0.2988234065566363,1.0,0.0,0.1,0.8,65,378.6916739838731,643.6517036964083
7,32,0.858861877998925,0.8761386276862647,0.8961133842011691,1.0633660444783177,0.8477141491068383,0.15286942445613505,0.34455850205986027,1.0,0.0,0.1,0.8,67,380.4423469477271,717.1713350779046
7,33,0.8545426248825237,0.8774331728533006,0.9079625643817262,1.1003803999453345,0.8353781474250249,0.15355672739226325,0.3106916512349659,1.0,0.0,0.1,0.8,72,408.9085427332189,709.6250531063074
7,34,0.9183531853567068,0.9855621561728284,1.080633337752289,1.2281186113063227,0.9156376574388674,0.1473235754644001,0.9835405046162065,1.0,0.0,0.1,0.8,77,186.365261790324,964.572610301534
7,35,0.9174005458671056,0.9782441130804782,1.0726227357217692,1.2273711214486864,0.9044156041553573,0.14639995308381828,0.9831091281040074,1.0,0.0,0.1,0.8,81,184.83490680691003,968.1782463794098
7,36,0.9173496787860365,0.9889265667217619,1.094430976722694,1.2457239817512953,0.8990066204203112,0.1463999530838183,0.9831091281040074,1.0,0.0,0.1,0.8,83,185.59317506412063,965.45667010279
7,37,0.9171172292411578,0.976021119094976,1.0701893473778523,1.238130618735067,0.9043347794810181,0.1445085069122765,0.9829781305865947,1.0,0.0,0.1,0.8,84,188.3672601449148,1001.3780621077376
7,38,0.9151753522431809,0.934390939281247,1.0143253204760097,1.24325714728207,1.0082228341572617,0.14435157210408872,1.0,1.0,0.0,0.1,0.8,85,242.71346246345905,731.7136914343658
7,39,0.9151390857944113,0.989604429609467,1.1253395082321656,1.3230079289180718,0.9000891839498281,0.1351328261263399,1.0,1.0,0.0,0.1,0.8,98,249.3927910555654,937.5887044951636
7,40,0.9143164175018499,0.9815236942197916,1.1164896463373122,1.3297981050035084,0.913440953209391,0.1359243685044936,1.0,1.0,0.0,0.1,0.8,100,246.11025242556823,933.0505169791276
7,41,0.9143082015365189,0.9925392998727927,1.1386626716014328,1.3413814001465472,0.9001370440993046,0.13594841386559775,1.0,1.0,0.0,0.1,0.8,102,246.24772489304877,932.1389960551804
7,42,0.9136442214922361,0.9747571101708727,1.1090788683873207,1.3329428930775342,0.9224517907075939,0.1369624322672133,1.0,1.0,0.0,0.1,0.8,103,243.62235428715584,934.223552634111
7,43,0.9134269770711767,0.9836198003204525,1.128894195062779,1.3443479754420193,0.9037501265493659,0.1368864029070619,1.0,1.0,0.0,0.1,0.8,105,243.65598647927715,934.465138921856
7,44,0.9132069103121598,0.9702358098197295,1.1041270876044935,1.3514915369030553,0.9076764337716839,0.13666491746900936,1.0,1.0,0.0,0.1,0.8,106,241.46613336698564,929.3596043341836
7,45,0.9125974717650913,0.9748721682608155,1.1193138531366285,1.3511568502762061,0.9216954056686745,0.1347210940360298,1.0,1.0,0.0,0.1,0.8,107,241.51964095030385,890.5354346501937
7,46,0.9097138161457483,0.9857837221165101,1.1716999846016438,1.4101982747953774,0.9112591623683742,0.14106370136968455,1.0,1.0,0.0,0.1,0.8,117,252.4705634540813,1186.4492436194553
7,47,0.9083071890931921,0.9823601953698633,1.1780892443849906,1.4445050271508488,0.9234377250807515,0.138063264152476,0.9968617424201452,1.0,0.0,0.1,0.8,119,246.51940576756587,1191.0228617544294
7,48,0.90740520679715,0.9546216904395532,1.137571539462511,1.4622571452524968,0.9094889651333743,0.14211247288576737,1.0,1.0,0.0,0.1,0.8,125,247.64277613037495,1172.5468452014486
7,49,0.9073946216196,0.9655645698973662,1.159665081498869,1.4700765161355145,0.9002577442475084,0.1421124728857673,1.0,1.0,0.0,0.1,0.8,127,247.53029098935045,1172.986649330687
7,50,0.9073452188932588,0.97594189524126,1.1811391648014238,1.4784252519185288,0.9012056036762612,0.14211247288576737,1.0,1.0,0.0,0.1,0.8,129,246.6290093485264,1176.610627886267
7,51,0.9072393752254059,0.9743956804534595,1.1794456494539296,1.5019503092472966,0.9025933417796443,0.14539454689043613,1.0,1.0,0.0,0.1,0.8,131,241.9675488857203,927.5823788888674
7,52,0.9064354039167513,0.9623808727566742,1.1662871646375959,1.4804661869578926,0.9203616218698105,0.14476394248203317,1.0,1.0,0.0,0.1,0.8,133,226.1914466031845,1198.8783642546312
7,53,0.9050129457740763,0.9389870824223157,1.1406666455197527,1.4890473489754517,0.9781725793461036,0.1378582101442667,1.0,1.0,0.0,0.1,0.8,134,243.60313328314064,1209.8471944858711
7,54,0.9049202802433572,0.9595715588931903,1.1834285005221707,1.4983561276302786,0.9056148393139865,0.1269112619581528,1.0,1.0,0.0,0.1,0.8,135,229.988707959931,1238.4095280977997
7,55,0.9035555124176391,0.9233102271741134,1.1336063715894373,1.4951629048672936,0.9845000470828909,0.13300449820952615,1.0,1.0,0.0,0.1,0.8,136,228.42204974222085,1211.5490925172105
7,56,0.9031976714611637,0.9272911185568209,1.1480752358579709,1.5504584094458047,0.9034023024919873,0.1342280429486554,1.0,1.0,0.0,0.1,0.8,143,230.351330731782,1209.6220416751382
7,57,0.9017604293543298,0.9072003166425726,1.1361809475786238,1.544423776266286,0.9523757476400944,0.1301645740198485,1.0,1.0,0.0,0.1,0.8,145,229.06566518905683,1196.18026509271
7,58,0.901490095389324,0.9007957549575938,1.1291666134955474,1.551746713343691,0.9107328858602125,0.12993278091711338,1.0,1.0,0.0,0.1,0.8,147,230.0625927028571,1228.9886970855391
7,59,0.9014570676612439,0.9,1.1282952148058536,1.5596143878993496,0.9026799182052128,0.13041909992280612,1.0,1.0,0.0,0.1,0.8,148,229.9623422619142,1212.913270584686
7,60,0.90143862876197,0.9217485189128322,1.1723319613361496,1.5772361735684939,0.9007399014759274,0.13042780343271665,1.0,1.0,0.0,0.1,0.8,150,229.6023882380769,1217.103016465038
7,61,0.9011353983872664,0.9364828968562219,1.208686909124541,1.5997062023140844,0.9125141428355708,0.13496625348412916,1.0,1.0,0.0,0.1,0.8,152,212.14677650789744,1255.188122542586
7,62,0.9010677373961046,0.9458798155176027,1.2290871788813793,1.6206255146821495,0.9014265236283536,0.13524819325602336,1.0,1.0,0.0,0.1,0.8,156,212.57129732183003,1260.01772659787
7,63,0.9007829305320425,0.9385729071640381,1.2210845911797192,1.6400425590608476,0.9123060233145195,0.1348952430743953,1.0,1.0,0.0,0.1,0.8,158,217.2815632071604,1305.017843698148
7,64,0.9006617706424388,0.9464850769488019,1.2398590400200482,1.641652189167177,0.9053460081456195,0.13089340430987,1.0,1.0,0.0,0.1,0.8,160,216.46126208312776,1317.142915378028
7,65,0.900622286770337,0.9454370238984714,1.238711273042996,1.6544113510321017,0.9003908013126019,0.13472987270211725,1.0,1.0,0.0,0.1,0.8,169,220.5917207814789,1191.328063816475
7,66,0.9006165106632107,0.9674773788937406,1.2830674108921918,1.6919447633717177,0.9000728041045363,0.13432851922758043,1.0,1.0,0.0,0.1,0.8,176,217.479824316319,1211.4071322083091
7,67,0.9004703810618614,0.9857450307647045,1.3232920008395568,1.743038567221415,0.9065040894305287,0.13464479845657823,1.0,1.0,0.0,0.1,0.8,178,218.9264574818714,1275.638031732984
7,68,0.9002114520729717,0.9786075346539473,1.315475056303658,1.715022254433839,0.9120868021424113,0.1323374010224892,1.0,1.0,0.0,0.1,0.8,180,220.59917854214063,1310.4356475842314
7,69,0.9001918136109623,0.9891535949303323,1.3371340535680496,1.7382163810521554,0.90183658807487,0.13181810844996628,1.0,1.0,0.0,0.1,0.8,181,223.28298620791324,1306.2403396725283
7,70,0.9001449149628955,0.987832755150204,1.335687373748975,1.7487716788395917,0.9022221853883423,0.13355066982420788,1.0,1.0,0.0,0.1,0.8,183,221.9639640417377,1313.0471628796074
7,71,0.900140262219942,0.9877005103109913,1.335542748303963,1.7528084797746002,0.9004594640934549,0.13372653811467888,1.0,1.0,0.0,0.1,0.8,184,221.4718852978937,1289.5175660423945
7,72,0.9000997789767021,0.9976491828886015,1.3565472850461788,1.7597590440959425,0.9038422737390439,0.13344335845428842,1.0,1.0,0.0,0.1,0.8,185,222.12281909012464,1323.398971860296
7,73,0.9000413950101549,0.9959825761921193,1.3547219660893437,1.7826310137550627,0.9009281777976269,0.1325995231549893,1.0,1.0,0.0,0.1,0.8,191,216.40277115438272,1313.376844525521
7,74,0.9,1.0169872390503263,1.397944070302064,1.7991376089115334,0.9012694446877882,0.1380286266096608,1.0,1.0,0.0,0.1,0.8,194,236.77153241109343,1176.4448371222509
8,0,0.7679638240674153,0.609986263300152,0.5728602331192026,0.026270155411242068,0.0,0.0,0.0,0.0,0.0,0.1,0.8,1,681.6545642964309,1560.1726493689025
8,1,0.7126704994429428,0.5940302742546253,0.5553783716691196,0.02833719588505096,0.026981604762207952,0.07384516241704989,7.689356905324e-05,8.193442213313e-05,0.0,0.1,0.8,3,632.0708234326014,1463.1629841305587
8,2,0.7020205642471098,0.5908607394165056,0.5518997001743632,0.03052289918100488,0.011057151830737662,0.0462164286378095,0.00065352301289956,0.00010798921990128,0.0,0.1,0.8,4,618.7935121225155,1466.2176129469335
8,3,0.4661949044036116,0.5160862973914319,0.4798387950744779,0.029248359170775486,0.30115701038159676,0.09331707396574043,0.0032187071961244105,0.0034297135297181895,0.0,0.1,0.8,5,378.6834730091701,925.531205509626
8,4,0.29677320198266943,0.42200643704433616,0.3759278051804646,0.03346122435675941,0.18563577085616015,0.09562189213035488,0.01287482878449761,0.01371885411887285,0.0,0.1,0.8,7,189.7966772145124,504.4422663694777
8,5,0.27858313484472785,0.4197418246108298,0.38330047481069107,0.03592492248906053,0.06885738603290428,0.09584549501034903,0.015700824860346678,0.01673011186482151,0.0,0.1,0.8,8,163.90340729551298,438.5347978013287
8,6,0.2604133830757407,0.40607926055956856,0.3673529538464064,0.049577907409996826,0.10601412566989926,0.09634467939477673,0.026558474024687268,0.02829954765715178,0.0,0.1,0.8,9,109.49840481315236,269.7460568317827
8,7,0.25624575743509015,0.4134231374229755,0.38546754169860714,0.06435392503574082,0.03257720231351799,0.0963574443453144,0.026969297193505208,0.02873730284722098,0.0,0.1,0.8,11,90.6069210955374,238.82569182326665
8,8,0.9802325307523225,1.1217155359082074,1.0757501768937434,0.8428248285872385,1.0583889747077988,0.23542012684327518,0.16978977872237938,1.0,0.0,0.1,0.8,12,85.48855627190409,2267.449310033036
8,9,0.9604417790589641,1.0984056835878988,1.0510286442625683,0.8394128937544019,0.8333942486769642,0.23891343021192868,0.08499004249885084,1.0,0.0,0.1,0.8,14,80.49638073146657,2284.4430339808423
8,10,0.9523991012901161,1.0872012571216185,1.038756602281066,0.8430681148506265,0.8273377523404952,0.24254562096218218,0.08510159307425971,1.0,0.0,0.1,0.8,16,78.9177405990836,2292.4820630226723
8,11,0.9486529735948845,1.0817978911952832,1.0328364836677821,0.8449463424615816,0.8268636313511171,0.24135582099853922,0.08535604891979415,1.0,0.0,0.1,0.8,17,72.15805892277288,2420.402991738129
8,12,0.947536488934896,1.0801282405473434,1.031008564578521,0.8471318110010632,0.8140103680937731,0.2463251499535549,0.08528751069994106,1.0,0.0,0.1,0.8,18,81.11172212307102,2291.267158618264
8,13,0.8445993348459718,0.9812245327586369,0.9499934891432742,0.7904508812078156,0.8912696069402883,0.21582186378920354,0.08025703386142671,0.9075862970832279,0.0,0.1,0.8,19,81.16748737783739,2958.1966227887247
8,14,0.8403098383743244,0.9841596570133309,0.9633167740465289,0.8053138301726555,0.7475442770698961,0.21582186378920354,0.08025703386142671,0.9075862970832279,0.0,0.1,0.8,21,95.56192650330374,2851.565776327696
8,15,0.7603918355448753,0.9134073693984505,0.9033463155062216,0.7351647606109951,0.6630393830658505,0.2084107210254785,0.08029107929518584,0.810307227109629,0.0,0.1,0.8,23,84.47894865552323,2867.0601656291205
8,16,0.9159345847449569,1.0441880430916346,1.0204337901886111,0.9211638262103384,0.8692934732883532,0.3779190967360189,0.24710291677220178,1.0,0.0,0.1,0.8,25,295.10142047211787,17162.736395831245
8,17,0.901630906175039,1.0387114693493626,1.0257122611918459,0.9170963184122393,0.8200200181008269,0.3207431933165233,0.12444359326651708,1.0,0.0,0.1,0.8,27,121.18718823079398,8616.387364550117
8,18,0.6027591227073911,0.6959816715865783,0.6571626506817598,0.6125702667318222,0.5897560097868413,0.19268628040732888,0.08056679384893689,0.6506333328764081,0.0,0.1,0.8,29,84.13242290432326,2569.0649542412957
8,19,0.6336669422414452,0.7583032613138561,0.7526944610028203,0.6669406837466354,0.565631485015297,0.19509361575433315,0.08730327468663049,0.6898320365813672,0.0,0.1,0.8,31,77.94283354413477,2905.877579187256
8,20,0.7104614740519096,0.8037650788909391,0.7744655407069837,0.7422988418646436,0.6665261099646553,0.19564449017555796,0.09485603059801896,0.7913173535177582,0.0,0.1,0.8,33,83.04366757033927,3180.0226898959486
8,21,0.5971257388741978,0.7007440455845795,0.6824957045970952,0.6412039955945806,0.5316300791593259,0.19056843757173336,0.08138073728019464,0.6518523898614973,0.0,0.1,0.8,35,86.34728506704487,2548.1702133009485
8,22,0.5993136047208216,0.7132276727484,0.7060281166079029,0.6556316873881022,0.5330544005983574,0.1904154156228321,0.0822509322695989,0.6550079788027299,0.0,0.1,0.8,40,81.22215133545738,2644.577674919746
8,23,0.6027140630432317,0.7156094463802032,0.7082622243747456,0.6656387667814662,0.5387680827315596,0.19037606926491493,0.08461755156750374,0.6596285925289467,0.0,0.1,0.8,42,81.66431707344739,2704.6679323756293
8,24,0.6969791537518327,0.8156521898101944,0.8187076414404547,0.7835084945406032,0.6600172944662801,0.2042255349302907,0.0946891413601884,0.7795654733531145,0.0,0.1,0.8,43,80.53468588880652,3190.085147272457
8,25,0.8775990830629905,1.0288440186507988,1.0652933882913402,1.0032114809155135,0.8146953556338744,0.2295619023341433,0.14094485889087122,1.0,0.0,0.1,0.8,49,84.54372196657243,4640.273217380724
8,26,0.6653817571643228,0.7788217880330063,0.7907813154894142,0.7893845306233136,0.6851400216822516,0.19400846609853134,0.12486748121529975,0.7455758776763186,0.0,0.1,0.8,50,80.0824711577585,3339.4558593003208
8,27,0.870217750078869,1.0056731074736909,1.039938467274481,1.0107536417396412,0.814099501407951,0.23696791590512797,0.1386568372930774,1.0,0.0,0.1,0.8,54,91.79020762742886,4378.361110207537
8,28,0.8693695488819199,1.0138468883680367,1.0589994324901169,1.0305502656549004,0.8187227487564173,0.23696791590512806,0.1386568372930774,1.0,0.0,0.1,0.8,56,89.05496754471174,4411.651443190735
8,29,0.7431961036588364,0.872270505820456,0.9056826170188857,0.9291598352890028,0.7097012531236389,0.20054637145753595,0.10190701999874588,0.8490446693393802,0.0,0.1,0.8,57,76.36285900570725,3171.9359121564435
8,30,0.7345272139162039,0.8604669131039672,0.8934642661076251,0.9280459099799578,0.6892955900153518,0.20396893282051107,0.09944947403629652,0.8400430524600238,0.0,0.1,0.8,59,82.31947141587136,3042.236112456585
8,31,0.8822491537382101,1.005969873744419,1.0386757965555675,1.0830652870359383,0.8408225813825383,0.2317212918299628,0.30544893270005413,1.0,0.0,0.1,0.8,60,86.35443391123563,3243.3663678726134
8,32,0.7437823178848891,0.8648447596660493,0.8972034262545916,0.9553660313535666,0.7053186316019849,0.2052277534000453,0.10574031598603122,0.8531177053429235,0.0,0.1,0.8,61,79.83369705623156,3310.7374406044128
8,33,0.7353626287568145,0.8538086853395901,0.8858275560251744,0.9543037482228318,0.6915898884368498,0.21001579739352896,0.10331439898006742,0.8440864696406079,0.0,0.1,0.8,63,85.88083717560167,3178.475537919239
8,34,0.7558793832442912,0.8738720493861012,0.9058323703304547,0.9749238368524458,0.7073149751614843,0.2052401810163682,0.1038102859854477,0.8698740234778681,0.0,0.1,0.8,65,81.44557880024927,3246.5846447630406
8,35,0.738051898202447,0.854943366629955,0.8867614397581475,0.9674740296040315,0.6938619259286941,0.20656575306842823,0.10503414132784279,0.8479278713114521,0.0,0.1,0.8,66,81.92444020418638,3289.763512754889
8,36,0.7327883771885202,0.8493635036228739,0.881140659060215,0.9757880813885254,0.6841740172128085,0.2083462428009552,0.10398628794607981,0.8416197343534387,0.0,0.1,0.8,69,90.08000717007312,3115.6275451688903
8,37,0.7248150643265207,0.8393088525591836,0.8708184295008106,0.9682761356215626,0.6859010306603165,0.20555848975462365,0.1014111344342901,0.8328891902316297,0.0,0.1,0.8,70,82.30967444233389,3111.2536352842653
8,38,0.5468945967706552,0.6734998575601436,0.7260596256314089,0.7974797900443655,0.51694843317924,0.18862719854456853,0.4194521331651777,0.5749417739482396,0.0,0.1,0.8,73,127.34029520810846,1686.424389501581
8,39,0.5380944502466499,0.6741045229264765,0.7376172737054603,0.7959334867641144,0.49738084431073326,0.1922633118661128,0.36243773501205256,0.5717413862298987,0.0,0.1,0.8,75,119.04704846812749,1671.1650149064556
8,40,0.5379463489022507,0.6838447823330545,0.7583716929816338,0.8070835774572354,0.49653581602627267,0.1956653246342104,0.3350857824913329,0.5754503901224799,0.0,0.1,0.8,77,118.65883262600012,1646.2316236287277
8,41,0.681807797786208,0.8144000658869729,0.8774860561440546,0.9541441610228728,0.6403597249859171,0.20305395384223962,0.37939572252250775,0.750595386038253,0.0,0.1,0.8,82,106.41218465761185,2443.6092779151195
8,42,0.6819382593651014,0.8122879226654635,0.8750953201282683,0.9616068646145235,0.6441426819268867,0.20245990484771936,0.38760343003616526,0.7505871425978904,0.0,0.1,0.8,84,106.0121176915916,2443.451998915596
8,43,0.8789785049519776,1.0121050025173648,1.0850535256422313,1.1748876214196797,0.8507737884452707,0.1764039046308495,0.3871051370674286,1.0,0.0,0.1,0.8,87,94.8633953125566,2197.998835454062
8,44,0.8693087452192632,1.0236161281492535,1.1285959006307271,1.2471449824293832,0.836616678043149,0.20921200246982216,1.0,0.9153956472679308,0.0,0.1,0.8,99,93.86137292716508,3371.9837764800213
8,45,0.8693566871184841,1.033510115202255,1.1495054234072972,1.2702175828572648,0.8340067906370289,0.2061411805221463,1.0,0.9158583439818644,0.0,0.1,0.8,103,92.38958992379386,3294.9152752772948
8,46,0.8667173010251543,0.963093338781416,1.0119535683900445,1.2053736694067823,0.8329196987315781,0.22014313307169026,0.3035778824454177,1.0,0.0,0.1,0.8,105,93.30806099477915,3992.676843478535
8,47,0.8675757709839601,1.0155859822307531,1.1198146631062453,1.2727177823692695,0.8402165171489998,0.22183053943917125,0.3217652909533551,1.0,0.0,0.1,0.8,107,98.29438843731457,3881.3483987389295
8,48,0.8650254252133511,1.0104395092087057,1.1143586724255323,1.2741551144851841,0.8340084702609618,0.2199874248345719,0.3028148424558744,1.0,0.0,0.1,0.8,110,95.26404993843572,3923.871800717729
8,49,0.8642409466347117,1.0058905896033021,1.1093674086687206,1.277408314813152,0.8457190265812005,0.22173780679473637,0.3037976004632668,1.0,0.0,0.1,0.8,111,99.4071262944853,3939.627407811901
8,50,0.8641329739412048,1.0051051184253104,1.1085023253041995,1.2810050199058416,0.8332422717697496,0.22186375323980193,0.304315290827881,1.0,0.0,0.1,0.8,112,99.36918278218924,3939.926029361488
8,51,0.8640886059700964,1.0158792771324585,1.1304090181535216,1.289547850595864,0.8316074484011858,0.22196333750459205,0.30452624548202173,1.0,0.0,0.1,0.8,113,99.42097808605384,3939.635010259854
8,52,0.8629473238378402,1.0106094315118592,1.1246552749939605,1.292532102941477,0.8473373364968909,0.22372370870603056,0.30266839487611563,1.0,0.0,0.1,0.8,114,101.23963105628064,3820.155221694169
8,53,0.8628888673216853,1.021391195778237,1.1465721066126315,1.3046992207180652,0.8307955639629715,0.2237237087060306,0.3026683948761153,1.0,0.0,0.1,0.8,116,101.77168400557808,3810.641989368967
8,54,0.8631107858841552,1.0314847057112337,1.1676879686921091,1.3396306055363805,0.8320284409844491,0.21828139750063288,0.30766587448619476,1.0,0.0,0.1,0.8,120,103.38544330332802,3808.74976823717
8,55,0.873668026321153,1.0179328194354944,1.1315822817038428,1.3622201918085435,0.84332761441075,0.20294182905856287,0.41753315268977664,1.0,0.0,0.1,0.8,125,101.71085270264916,3025.9107799449607
8,56,0.871998607164804,1.0499986801232954,1.2070775515524486,1.4372161317919674,0.8478038028229937,0.20428269117106482,0.42372589283282436,1.0,0.0,0.1,0.8,133,95.353561716298,3764.103565566666
8,57,0.9204092409834845,1.084764419857285,1.2303856428826907,1.500646745532706,0.8933697159248597,0.1923792813733585,0.9130672952779472,1.0,0.0,0.1,0.8,138,99.05705425321275,3469.6219995366923
9,0,0.8156146068402257,0.6228905487695174,0.5869928736115807,0.027523683801186024,0.0,0.0,0.0,0.0,0.0,0.1,0.8,1,562.840400730878,1438.6552926364104
9,1,0.7539584803552244,0.6060764546925813,0.5685736950690151,0.029483250966053514,0.02835335219402235,0.05877337387648285,7.482665131507e-05,5.0079470653110004e-05,0.0,0.1,0.8,3,529.5246240548068,1273.672822774594
9,2,1.4671491449508747,1.4379608293791861,1.3950834888121282,0.9177821715577621,1.0783147280819596,0.10721577432606748,0.8839267820352374,1.0,0.0,0.1,0.8,4,359.4932613822052,549.958604975272
9,3,0.21299336682886844,0.3487970837755682,0.29565706445482726,0.023373308750125874,0.7686436778578865,0.07730296155552106,0.020827909656799058,0.01393956126716705,0.0,0.1,0.8,5,187.79102118104964,295.4432540610815
9,4,0.20494823110301263,0.34008250862128053,0.28595740085734744,0.027863540257634795,0.03224122991402377,0.07739093445596448,0.0233995204265442,0.01566067137715187,0.0,0.1,0.8,7,189.05451047143828,268.6554552589293
9,5,0.19491557657702413,0.3298354927458447,0.2754871593752897,0.030327370531992193,0.014842339377192303,0.07584872054068434,0.01070944613309165,0.0073692212123363104,0.0,0.1,0.8,8,182.3133377495533,260.1960767036084
9,6,0.24749510121381463,0.37551344043737983,0.3173948922784794,0.11550413990702675,0.22528699781541367,0.0831463876872473,0.03636356897991644,0.11076852300253984,0.0,0.1,0.8,9,177.95267197687917,194.5554701347033
9,7,0.17475315521915266,0.3356531334070331,0.3108742654300926,0.05689626815363219,0.026262417706090047,0.06452190861794388,0.0475344521901435,0.01998487159214183,0.0,0.1,0.8,10,112.31461415999412,97.75481060334302
9,8,0.17719335766396926,0.32442306397916276,0.28757579742185174,0.06465889485096715,0.03804136795270388,0.0629900201340525,0.06893333937363995,0.029002596179012456,0.0,0.1,0.8,14,94.08566334341091,156.59989503481094
9,9,0.17757468277799654,0.31366689341484805,0.2656407549257041,0.049845959561659006,0.03105694891005508,0.06339583779547256,0.0700700183432941,0.029464407333517,0.0,0.1,0.8,15,92.6983866644321,163.66889842377333
9,10,0.14105407170114959,0.27588771493540176,0.2355915002575244,0.055746344340454564,0.1389520152476145,0.07993019685501371,0.039596900033515944,0.01728881907592034,0.0,0.1,0.8,16,87.23778591040943,346.1902628297842
9,11,0.1394521391005907,0.2848362205846534,0.25557458775159925,0.06197096165103929,0.019324147632139146,0.07990201825886813,0.037874328351488615,0.01653670893268521,0.0,0.1,0.8,18,89.68174955321233,319.95710841875456
9,12,0.13801752219426183,0.2823254052797136,0.25280944444803627,0.06507205184923553,0.02166466984182923,0.06792412180273874,0.03879819574146579,0.01662205789546751,0.0,0.1,0.8,20,85.1594606224761,224.75330369640565
9,13,0.1221463839456621,0.2533570724273387,0.22104209360999408,0.06955124941820609,0.11632988900038178,0.07977600882451837,0.038885691295929684,0.017155584165710037,0.0,0.1,0.8,21,88.37381108799599,322.5242477883928
9,14,0.12212685390671496,0.2532253962503596,0.22088830346879498,0.07826509102687972,0.017973661663631083,0.0797660605592218,0.039085293104342986,0.01725643551644994,0.0,0.1,0.8,24,90.26325770911106,324.1130564386
9,15,0.9007604054200078,1.035254694261561,1.0126187277497638,0.8654983588852894,0.8556640461426823,1.0,0.04026116846050233,1.0,0.0,0.1,0.8,25,91.917060086798,429.1786190678359
9,16,0.8988162411082008,1.031224045813019,1.0082082779156225,0.8733593104019896,0.8106886269521146,1.0,0.03987366072852328,1.0,0.0,0.1,0.8,27,86.63339638907556,390.2646216188234
9,17,0.8987947514962332,1.0311856451809007,1.00816680466717,0.8786661646209792,0.8040895714533228,1.0,0.03981137680747237,1.0,0.0,0.1,0.8,28,86.74364937908334,389.2797099281084
9,18,0.8985513026500682,1.041744954050939,1.029838179960571,0.8814745134462822,0.805872880495252,1.0,0.04000990049982236,1.0,0.0,0.1,0.8,29,87.03094419850437,391.11952182472646
9,19,0.8985295470718476,1.0417066411770781,1.0297969808713738,0.8868328320648564,0.8040990423192607,1.0,0.03994002778239724,1.0,0.0,0.1,0.8,30,87.15595200208436,390.017199145695
9,20,0.15955580598998356,0.2776845477328363,0.2522159126098407,0.16261381149128756,0.16064464463325626,0.0801267495668427,0.053142106109644024,0.08862698712684013,0.0,0.1,0.8,31,103.706674581651,983.0687083528276
9,21,0.15784795160209958,0.27426579324671785,0.24851762579777442,0.1675289458335274,0.08065790634766908,0.07990955106355475,0.05223663369165963,0.08813499841138603,0.0,0.1,0.8,33,105.40848738356416,946.6965311192604
9,22,0.2792981698152337,0.3928371237920685,0.3666241042520657,0.3050833393091046,0.2046630032750673,0.07357935008698721,0.08486207021531993,0.23837481793225992,0.0,0.1,0.8,36,84.3431893347155,1072.4003652406134
9,23,0.2787235391000672,0.4027335263791336,0.38758579710052393,0.3197797283315903,0.20080524588330007,0.07355856494166113,0.08496317835727098,0.23817577270733695,0.0,0.1,0.8,38,84.1334475940069,1072.5053010018046
9,24,0.19975117022998515,0.3132899937542937,0.29651468094378863,0.24575966860925386,0.15540541775611233,0.07735726623258543,0.094591544574187,0.14654054983226966,0.0,0.1,0.8,40,91.95405366135944,1052.2893202683183
9,25,0.19869779179676286,0.3215203300600316,0.3156375069590136,0.2607442207935311,0.13147218290339666,0.07735726623258542,0.09459154457418706,0.14654054983226966,0.0,0.1,0.8,42,92.88964459429472,1029.19040679125
9,26,0.2561587650419444,0.37766790605245104,0.37158796571026514,0.31878817949457094,0.1883861216659003,0.07572213622695542,0.07743329200438501,0.2214581850987797,0.0,0.1,0.8,44,83.72350301332303,773.4596970183793
9,27,0.20761291202203053,0.3472506135444917,0.3628928155672403,0.27764529049748393,0.14958175870136906,0.07875021973398705,0.3501668822042111,0.12959196195853392,0.0,0.1,0.8,46,111.07625255286904,837.6708871344098
9,28,0.9029735078124566,1.0581287943268785,1.09513589648887,0.9905853208738993,0.8712570330857978,0.11024379903610174,0.3751908804673013,1.0,0.0,0.1,0.8,47,113.59813988367836,570.4045311477229
9,29,0.8993719657301744,1.047543901143366,1.0835599273603311,0.99605803703135,0.854821077005703,0.11115086487160637,0.373447084125991,1.0,0.0,0.1,0.8,49,116.49416355583942,532.296329264237
9,30,0.9014060124785318,1.0456104323527582,1.0810617109243132,1.002850369858579,0.8621814556246474,0.10566277408714937,0.4134473198214247,1.0,0.0,0.1,0.8,50,96.25206815394743,701.6058189876403
9,31,0.8959690114528889,1.0294544385873763,1.0634550193939907,1.0070837060166753,0.8655847136986603,0.10781790762399782,0.40428728311097234,1.0,0.0,0.1,0.8,52,116.7641719988691,549.018778684609
9,32,0.8956439601967432,1.0374309613287587,1.082222815756809,1.0237930654390868,0.8478263241214451,0.10570347384048892,0.41237021986130723,1.0,0.0,0.1,0.8,54,105.83381336748918,636.9339459925599
9,33,0.3339318026613342,0.475101900374627,0.5198121105953408,0.4689829323077977,0.2811817462339738,0.07061300837875095,0.38903713421549785,0.3010775764071913,0.0,0.1,0.8,56,104.38316839873252,962.4914680843832
9,34,0.3356808439837372,0.487309289786527,0.5430999130056899,0.4806776567469013,0.2832675012811152,0.0709098584581212,0.3900599748713879,0.30345340573293467,0.0,0.1,0.8,58,104.24132954557932,1009.8601281565964
9,35,0.3352701321760766,0.46359666711467695,0.4969097485500309,0.4710407252805432,0.2869808034606672,0.07014280877404519,0.3874714736011101,0.3038096841476658,0.0,0.1,0.8,59,108.30893532746192,927.1040921129356
9,36,0.34110561786738114,0.467831685410785,0.5009328942231908,0.4837721945695408,0.29572089698696213,0.07927732209541023,0.3734879006612573,0.3136314449935437,0.0,0.1,0.8,60,110.57048476237688,514.00067133954
9,37,0.3418005363806955,0.49070059145106737,0.5461297138018939,0.49733208006842616,0.2890507782707089,0.0768759909008362,0.37749130314494017,0.3140094455003367,0.0,0.1,0.8,61,104.93726263786598,554.9816228809577
9,38,0.347048836535619,0.4792515908750129,0.5227811446929361,0.5078012817401254,0.3092678891933892,0.07638160831354454,0.37578053093187536,0.3234256097374678,0.0,0.1,0.8,63,111.43517150188404,559.2094841995867
9,39,0.9144714905884015,1.0448146464211134,1.088102580577977,1.0722365911571987,0.8686922595858361,0.0838630260747453,0.644209174680024,1.0,0.0,0.1,0.8,65,101.26707560584802,411.0581818932458
9,40,0.9143656706617216,1.0555125935358773,1.1099277755701447,1.0890959145093444,0.8650883337123907,0.0838630260747453,0.644209174680024,1.0,0.0,0.1,0.8,67,102.56360234894645,404.9586607164956
9,41,0.3645913006704502,0.5157238411759751,0.5811604249016586,0.5499745361907673,0.32010958996137173,0.06969192963016943,0.40659636258101167,0.3429835124225168,0.0,0.1,0.8,68,114.41545674272729,851.9024987923303
9,42,0.9117565822271573,1.0446610631949464,1.0980176222417901,1.0952176463395247,0.8808263997130973,0.08614609543090014,0.6468980655148476,1.0,0.0,0.1,0.8,70,103.68073038376778,398.7218922573361
9,43,0.9127084817249661,1.0517109204123587,1.1155983665631448,1.100371449847351,0.8897953342922075,0.08488418532385111,0.6730692174158027,1.0,0.0,0.1,0.8,71,100.6837143564928,433.5524779723671
9,44,0.9104547479598811,1.0324575133900242,1.084441383633271,1.1099010534391898,0.8928310276170812,0.08739847274073476,0.6690636270329514,1.0,0.0,0.1,0.8,72,107.85154490899012,384.4792295302819
9,45,0.9103175831418012,1.0428999698980876,1.1059847311086357,1.1202119426624986,0.8680655380181933,0.08724923363649581,0.6692865398997333,1.0,0.0,0.1,0.8,74,106.68909571730669,387.8544806359683
9,46,0.32295628034076096,0.45497424771114514,0.5179888481054035,0.5433974411390157,0.28097345121446127,0.07214424219369134,0.673974295260316,0.2654289723437377,0.0,0.1,0.8,76,114.21245288789936,996.1329938226964
9,47,0.44226966255141853,0.6075263325224808,0.704030130733493,0.6946152022057654,0.39919777573478343,0.0707158815951463,0.5968805793088111,0.42422841575721026,0.0,0.1,0.8,78,131.13950186378534,820.5765022709252
9,48,0.3200694411516327,0.47421044313791927,0.559546833684718,0.5795126516452718,0.27690387086779145,0.0706585451105908,0.6592969388909744,0.2636822450187283,0.0,0.1,0.8,80,119.17199000052412,985.864766810999
9,49,0.44235761550929154,0.6292792273005573,0.7480481204160732,0.7163788090072132,0.401578496008646,0.07214289213795247,0.5987223699388255,0.424309192210404,0.0,0.1,0.8,81,123.77638367634162,882.878531203707
9,50,0.4420254011600646,0.6286730612194835,0.7474078592170852,0.7342269928294963,0.40026550439804315,0.0707158815951463,0.5968805793088107,0.42422841575720993,0.0,0.1,0.8,82,129.20154916789983,829.4464735484212
9,51,0.911812530178685,1.0520786222260319,1.1259051278413958,1.1646472167298358,0.8738010141018813,0.0909353324341105,0.694594209018901,1.0,0.0,0.1,0.8,84,100.66037542853174,382.71433874103496
9,52,0.9240260332731207,1.1004301713039597,1.227728979506667,1.2305151735034348,0.9285754765483657,0.08667331448905083,0.8705845705271569,1.0,0.0,0.1,0.8,86,116.12354731881204,387.1840776213514
9,53,0.928301464503516,1.092583309227548,1.208594106148265,1.234990667721466,0.8959443916687266,0.09202859064121038,0.9159816137282268,1.0,0.0,0.1,0.8,87,113.31121237955774,334.1302503002987
9,54,0.9211041627948209,1.0942180583074703,1.2211234950957564,1.2465240806862918,0.8897597031224473,0.0910230840001299,0.8497768299289143,1.0,0.0,0.1,0.8,89,114.48143619616523,375.9960915890911
9,55,0.920528445421182,1.0811577945653503,1.196732619265188,1.2313661542491319,0.8905923128616157,0.09219380906710009,0.84751349111055,1.0,0.0,0.1,0.8,90,115.10739972186124,364.2348113286769
9,56,0.92043474794441,1.068541971126003,1.1727819728883397,1.234913589110193,0.8880060911737898,0.09107674079025636,0.8501331137495691,1.0,0.0,0.1,0.8,92,112.82784693139097,387.6426243689948
9,57,0.9198592569626742,1.0568231485297361,1.1498926201679252,1.1726882373907968,0.8846065258418243,0.09416498195778082,0.8444750376206412,1.0,0.0,0.1,0.8,93,121.21568274586868,344.413057816576
9,58,0.9200887274556753,1.0778805564364122,1.1931185588357776,1.2532579631627008,0.8907357575763726,0.09107674079025636,0.8501331137495691,1.0,0.0,0.1,0.8,94,115.19808043976523,381.8389113369531
9,59,0.9108532128068705,1.0836958127219558,1.2204219019320601,1.2631844481502637,0.8873850383344908,0.08532323967988624,0.7748428447705731,1.0,0.0,0.1,0.8,97,114.3240464423033,412.12228876071146
9,60,0.9206011378600745,1.080669551311438,1.2060336706730683,1.2956763980402481,0.8886168206268185,0.09269314777473894,0.8762112574043389,1.0,0.0,0.1,0.8,104,123.8859846178319,417.7236184560962
9,61,0.9243645373825837,1.104488783343172,1.2519334903951576,1.3336316782175563,0.8933389949924342,0.09093780030194348,0.918725240857157,1.0,0.0,0.1,0.8,110,122.19424417277656,392.9317575382288
9,62,0.5299982390448618,0.7384257228238467,0.9187857687087508,0.940548225331892,0.5027104826392031,0.06701742400500159,0.6979930536905553,0.5360235728104312,0.0,0.1,0.8,115,125.6025199177996,741.0705578632236
9,63,0.6506156403286302,0.8268878149105106,0.9837680327903287,1.072549888645209,0.6416417629908981,0.06414789043317183,0.742414567766221,0.6838838254721132,0.0,0.1,0.8,117,114.75532601040317,893.8818746319715
9,64,0.6502198797852574,0.8356290971859347,1.0034503405165722,1.0766537848900835,0.6252788392009299,0.06414789043317183,0.742414567766221,0.6838838254721133,0.0,0.1,0.8,119,115.489561790813,883.0372974291932
9,65,0.6172952529577694,0.8069897317047776,0.9851995166860052,1.059350425706676,0.5952514268291123,0.061580924172223085,0.7542007272331741,0.642938210179455,0.0,0.1,0.8,124,95.24549388660444,852.2897476254248
9,66,0.6426594962847841,0.8279901266980169,1.0057054416107432,1.1038659129701758,0.6246798456320087,0.06180842857062289,0.7405033932638323,0.6773937366846081,0.0,0.1,0.8,126,108.72241825189217,853.5086701061235
9,67,0.6419306235069975,0.8350121241335324,1.0235150733216853,1.1154695305424802,0.6225180070783799,0.060210340605038035,0.7342392516734361,0.6780424348643599,0.0,0.1,0.8,128,102.76169183177764,859.2021869171364
9,68,0.6790999888455179,0.882217950137363,1.0817668300539958,1.1961832161666863,0.6536040895795829,0.06455632178257675,0.7644064869371866,0.7209757885589586,0.0,0.1,0.8,139,123.42695447006184,889.0913865646559
9,69,0.7152659091710156,0.9139420124585473,1.112992108343761,1.2433809532053073,0.7078065152991562,0.06988206946747234,0.7688714680152545,0.766625086155247,0.0,0.1,0.8,140,129.74384028925152,993.9236151757297
9,70,0.5313797653461655,0.8583650435181979,1.1908560103012678,1.3384275607213567,0.5074954651217318,0.07330553090022554,0.6847435347184434,0.5483417161435593,0.0,0.1,0.8,195,121.97925515698392,889.1823385179893
9,71,0.5319769741602215,0.8809666194684609,1.235767021071724,1.3661417990857267,0.5080263665746293,0.07373695294110383,0.6849899956551244,0.5490981568070941,0.0,0.1,0.8,198,123.29305359897268,907.1196107217968
9,72,0.5178225956200645,0.8651126642974829,1.2197234608728342,1.3670558517194347,0.4972572052158473,0.07393875256121893,0.6800181133741552,0.5323898319237375,0.0,0.1,0.8,200,128.17216227583964,912.8609331084596
10,0,0.8127335170569123,0.6221316225603598,0.5861617634387118,0.027448851356801435,0.0,0.0,0.0,0.0,0.0,0.1,0.8,1,571.7305654593252,1390.7924841784595
10,1,0.7534387272613504,0.6059204584124858,0.5684043178844557,0.02945798306422492,0.027304800251276778,0.04873801941864187,8.445015662487001e-05,2.955854560063e-05,0.0,0.1,0.8,3,544.7790391868091,1219.057004430493
10,2,0.3084377098459897,0.4300352291107719,0.38545954246292213,0.03285323158493723,0.6535130840345174,0.06400680428817586,0.01196348096628499,0.004134903301515331,0.0,0.1,0.8,4,249.0449330239322,581.2331515260024
10,3,0.22187448723028225,0.35862372300115963,0.3059398486585253,0.038319483745322916,0.15951103035607211,0.06532176933880837,0.05054095003860045,0.01651919046262467,0.0,0.1,0.8,6,117.4327965904295,103.17495360960096
10,4,0.19315526620030715,0.326356191759209,0.2706981664199386,0.040113167260065793,0.06833082821066633,0.06531881058867266,0.04786811935298172,0.015573863027390469,0.0,0.1,0.8,8,105.8722347358345,101.52329255252216
10,5,0.17977303367010913,0.3114893683849075,0.25499667284870436,0.03705221592665474,0.04058748927068692,0.07146778057494343,0.02285013965261987,0.01107815546187931,0.0,0.1,0.8,9,116.41046087303928,194.241388306366
10,6,0.15721390166294458,0.2695616394192273,0.19870397321455438,0.03940521518205524,0.12678845420844306,0.06995699839534922,0.04924160858238117,0.011257398050217509,0.0,0.1,0.8,10,147.39181010790102,111.10544484820949
10,7,0.15254032397642203,0.27438492521772845,0.21420353346651205,0.039669746338331084,0.030034894550854174,0.06824911733967458,0.0374991512988968,0.01130389898199748,0.0,0.1,0.8,11,124.57607906969636,101.28434717116882
10,8,0.15272156104841028,0.2854395525619737,0.23635711534443535,0.04691918135863351,0.014619822104361522,0.06822501559896506,0.03950792272033587,0.01187202015290348,0.0,0.1,0.8,13,119.57258845634358,98.615363726285
10,9,0.14266104937413557,0.2502590007397988,0.17801474999099864,0.046989963679660726,0.03851630674890512,0.06478403899161808,0.03149733035749651,0.007555352369771199,0.0,0.1,0.8,14,105.54538042219652,141.8544029275789
10,10,0.13821886771737976,0.25492791328141007,0.19331900222179596,0.047954396961553306,0.027021750375456555,0.06979903755637223,0.027589755175074587,0.0069665065527661305,0.0,0.1,0.8,15,108.07065277201092,124.83796693827388
10,11,0.13652583127327522,0.24057797972378334,0.16740408555985875,0.05085808793586325,0.02337453988642838,0.06868907375016556,0.031326016425547595,0.00768316215053177,0.0,0.1,0.8,16,98.40977346169038,161.51710704816784
10,12,0.12771230948960488,0.23712880526037233,0.17370422487569942,0.05970305836877739,0.03512239318472765,0.06443326113119163,0.03271367717345997,0.00791866606184697,0.0,0.1,0.8,18,109.10163139914194,146.66673409777056
10,13,0.12132262987816131,0.23660287379994313,0.18323735084774315,0.0661346076077989,0.028570863078921625,0.06443326113119163,0.03271367717345997,0.00791866606184697,0.0,0.1,0.8,20,114.07481746595896,141.66563019160324
10,14,0.1198873768901515,0.2230132415381813,0.15824816108102327,0.06344905250100072,0.018167979704559828,0.06846667829466063,0.032090707235248914,0.00795516610659848,0.0,0.1,0.8,21,100.97088445531983,165.31286748110546
10,15,0.11797359182072557,0.23036309717230583,0.1763954553660307,0.07630848136621632,0.02233044613808166,0.0683967558080486,0.03254236324151106,0.00804647584260754,0.0,0.1,0.8,22,102.29431440881224,161.19955496301247
10,16,0.11502833135284417,0.2194539550409866,0.16392236700776885,0.08023501438956905,0.042794053476572495,0.06030731367981074,0.061139573420422776,0.011373138965160231,0.0,0.1,0.8,24,114.6097084175179,359.24187365082406
10,17,0.11504097111279238,0.21928957644977135,0.16372453171870197,0.0857359080078844,0.016577842446975015,0.06051102208706728,0.060874214322902354,0.01163960570246103,0.0,0.1,0.8,25,100.37354166032976,393.3763662670485
10,18,0.11539443477949862,0.22684128071037454,0.18171823638073895,0.09721352791540161,0.03221069723546889,0.06359800812819338,0.06178507735608679,0.016590588485669012,0.0,0.1,0.8,27,67.1615887193723,544.0491771616852
10,19,0.12219579324693271,0.21945980784944707,0.1626158574066451,0.1063242271279374,0.04859064418550338,0.07279839285586116,0.06393988062267329,0.02826267263261991,0.0,0.1,0.8,28,282.057392035679,16384180.32368899
10,20,0.12106130505532761,0.21645405447062485,0.1592792514824145,0.11198150430981962,0.035309546935630896,0.07620696982904294,0.0641461776451242,0.028824639458881817,0.0,0.1,0.8,30,302.843162390379,16389332.410252027
10,21,0.12244185017744853,0.2833292729917557,0.2929559327498581,0.17650072848956472,0.0326051160686624,0.06722036568137293,0.043543552973619046,0.03426473914329837,0.0,0.1,0.8,38,143.380913930152,154.47540262795764
10,22,0.12087644748505974,0.28075597080261766,0.29020757539016384,0.1818145726561373,0.03412020407899068,0.06673436977469267,0.04224260052487291,0.0335095640076091,0.0,0.1,0.8,40,155.6161505876814,143.52185012039425
10,23,0.12074002087665761,0.2915489106892105,0.3121369857765313,0.19761209279286956,0.031541289176547485,0.06673436977469269,0.04224260052487288,0.0335095640076091,0.0,0.1,0.8,42,157.38021722184357,145.33892015168013
10,24,0.12110588254190116,0.27923634493215793,0.28838704816017596,0.18315025448528646,0.042270182864555444,0.06689116552292404,0.04413389643835477,0.03532509039620269,0.0,0.1,0.8,43,140.21837630878252,169.4114060768043
10,25,0.19950424430997735,0.3572716706139301,0.3663550582707799,0.2711801584987095,0.11402799660837909,0.06201001507152334,1.0,0.01427008617515888,0.0,0.1,0.8,44,108.78051860623756,254.89091224624488
10,26,0.19639186199924225,0.36141324248361095,0.3810197517131303,0.27678638046692594,0.13361906526787112,0.06503144014893349,1.0,0.014009519131051579,0.0,0.1,0.8,45,98.07563081118494,279.65799176024734
10,27,0.19423708032686457,0.34548356006700326,0.3534822641645666,0.2696621217919181,0.12662848085218034,0.06584425649751262,1.0,0.01377836061952779,0.0,0.1,0.8,46,98.44904907469495,288.4312845192607
10,28,0.1943805288103252,0.3332315710337272,0.3298530357383207,0.2792150865628298,0.11583546808504905,0.06571243566182813,1.0,0.015119281638015899,0.0,0.1,0.8,48,88.92693615398295,335.00441320969327
10,29,0.19438052874510273,0.34432862325223595,0.3521152669491963,0.29542100281002515,0.11209544753828111,0.06571243566182813,1.0,0.015119281638015899,0.0,0.1,0.8,50,88.9269362809686,335.00441257035965
10,30,0.19466460544254977,0.35416379349964494,0.3728651487575459,0.3066639900124228,0.12230781310798433,0.06442005619106476,1.0,0.01683217569393025,0.0,0.1,0.8,51,82.22826956278867,336.888402616134
10,31,0.19153030636377436,0.37254080929464484,0.41346304860202887,0.30782827613099084,0.1146691806296852,0.06604444843029894,1.0,0.01350285088621877,0.0,0.1,0.8,52,96.42810324368637,292.70850446907883
10,32,0.9798936612781523,1.1596825531212365,1.2004090469414088,1.1167768762653836,0.9069047441488689,0.07695483538713296,1.0,1.0,0.0,0.1,0.8,53,96.1340122332826,406.89920218824767
10,33,0.9789250524250552,1.1794652635054619,1.2422928796518198,1.1197736370271514,0.9080963064128506,0.07358193608420247,1.0,1.0,0.0,0.1,0.8,54,96.93151484411234,411.8562192907321
10,34,0.9772805004833591,1.1531143363311371,1.1932156325278913,1.1261260913246884,0.9139563277655672,0.0774953830810657,1.0,1.0,0.0,0.1,0.8,55,100.33952532893916,369.7089267737785
10,35,0.9771743488688875,1.1528430735495505,1.192918481928686,1.1296422200325233,0.9009101518232747,0.07721332004393681,1.0,1.0,0.0,0.1,0.8,56,98.64459824374237,384.0008116456178
10,36,0.9770120084814591,1.152427882325799,1.1924638232818043,1.136355367444571,0.9013941162433651,0.07902819051580007,1.0,1.0,0.0,0.1,0.8,57,99.61688417148513,396.1494456199892
10,37,0.9762076383683554,1.1503586993102017,1.190197639785658,1.1361545519927587,0.9069468404743296,0.07630275145275603,1.0,1.0,0.0,0.1,0.8,58,95.60031190989211,408.65867965586375
10,38,0.9747881931294574,1.1688570600075774,1.2306748381258439,1.1703972338114088,0.9031051001941269,0.0673841973902927,1.0,1.0,0.0,0.1,0.8,62,107.92793728423152,306.9748113981594
10,39,0.9733924872086499,1.1651511566131942,1.2266162106164555,1.1699934905511484,0.9062147397491467,0.06781431515519039,1.0,1.0,0.0,0.1,0.8,64,103.80094324214342,315.7738936661085
10,40,0.9732060043109115,1.1757488618011798,1.248331660417997,1.1734927338008405,0.9008382886482083,0.06900516525963407,1.0,1.0,0.0,0.1,0.8,66,104.13792076876447,327.9846956204362
10,41,0.9731432287069667,1.1977744852970746,1.2926718773148425,1.1981867746449804,0.900566313760494,0.06484926226404476,1.0,1.0,0.0,0.1,0.8,67,103.78773693609509,266.3641263879218
10,42,0.9727899753383424,1.1857276746878551,1.2693692544047868,1.198094613766636,0.9031877034221378,0.0693052548534379,1.0,1.0,0.0,0.1,0.8,68,103.1497961023706,354.9532502722225
10,43,0.9711918016348362,1.192481982487295,1.2868755568535386,1.1905131633559392,0.9048685179650395,0.06761081926107076,1.0,1.0,0.0,0.1,0.8,71,103.20281321089308,336.46615441414
10,44,0.9694919175130983,1.2210406026368537,1.3484796766612575,1.2696953753455604,0.9039646416432315,0.07083967951480022,1.0,1.0,0.0,0.1,0.8,75,96.24089284081738,396.47534760984695
10,45,0.9694919171207168,1.209943550418345,1.3262172023824066,1.2585360875929423,0.9000028253629124,0.0708396794536536,1.0,1.0,0.0,0.1,0.8,77,96.24089103712606,396.4753370387408
10,46,0.968982315283789,1.1974128015882926,1.302384630520271,1.247255490843986,0.9024066973307793,0.0715213082660094,1.0,1.0,0.0,0.1,0.8,79,103.4568447392836,393.0803708206647
10,47,0.9686980325205652,1.2187980281803423,1.3460235963097908,1.2841292484168383,0.9027033520873263,0.07055768275470059,1.0,1.0,0.0,0.1,0.8,80,96.89379564182654,411.6211334654275
10,48,0.9685698662438716,1.2073367523393663,1.3233622474842768,1.2727879740317327,0.9012195766981824,0.07152130826600941,1.0,1.0,0.0,0.1,0.8,81,100.30889867709791,387.0897417375591
10,49,0.967847869900487,1.2274706481224746,1.3656306137308372,1.2545337655414763,0.903471372896773,0.07981175731088005,1.0,1.0,0.0,0.1,0.8,83,112.9591930432102,1493.3497937578948
10,50,0.965854212015629,1.19947334889736,1.3147503491367623,1.2686820128331002,0.9097415903597111,0.06849056745147947,1.0,1.0,0.0,0.1,0.8,85,141.2143276041083,413.3231767742629
10,51,0.9631813403249049,1.2026011679369764,1.328284860110127,1.2901940848802465,0.9134811954031081,0.0650398477802395,1.0,1.0,0.0,0.1,0.8,87,150.7582030854545,305.65995130027494
10,52,0.960034757417982,1.1926845829355903,1.3174242791606523,1.2855141164419885,0.9165399175682546,0.06730785121999965,1.0,1.0,0.0,0.1,0.8,89,153.566784709472,396.4443451526046
10,53,0.9600278711374908,1.2037594532412474,1.339662446642022,1.3154338626171789,0.9000246986248364,0.06729395814582914,1.0,1.0,0.0,0.1,0.8,92,153.69313190794637,396.6435543306847
10,54,0.9598465840440148,1.2031778976711107,1.339025426247039,1.3230534795430084,0.9019526581968859,0.06666254282677528,1.0,1.0,0.0,0.1,0.8,93,153.36234657787313,382.01092670858816
10,55,0.9597975092326656,1.1919232014765364,1.3165904952400607,1.2815210479382086,0.9005304214987442,0.06941208696720982,1.0,1.0,0.0,0.1,0.8,94,155.02636012041705,402.9921466440249
10,56,0.9597556470267599,1.1917885013874279,1.3164428922123572,1.2815074730333036,0.900113008337916,0.06941208696720981,1.0,1.0,0.0,0.1,0.8,98,153.7911657623204,401.6794073137336
10,57,0.9592743774590561,1.20133171907708,1.3370035260655766,1.3562545375077377,0.900869441211911,0.08428101234863009,1.0,1.0,0.0,0.1,0.8,104,91.15505589933012,472.3943679206147
10,58,0.9589393170249892,1.2224375551637503,1.3803365300418042,1.3949527988834665,0.9036481403259277,0.08150617166981304,1.0,1.0,0.0,0.1,0.8,105,124.12653638419984,451.4184587995936
10,59,0.9588721139786763,1.2222185299402908,1.3800966219506667,1.3987289132720564,0.9007339361802544,0.08310795347565009,1.0,1.0,0.0,0.1,0.8,106,123.52026198138552,461.39259927425496
10,60,0.9587732380322342,1.2218958762384724,1.3797430795813057,1.3986980273543683,0.9005406639333442,0.08399103525687168,1.0,1.0,0.0,0.1,0.8,108,124.5292174263412,453.4736183715152
10,61,0.9582333734653855,1.253417390365684,1.4445920960857426,1.4417536727822768,0.903382256593162,0.08207851800243458,1.0,1.0,0.0,0.1,0.8,109,123.03770565604016,431.4600110429012
10,62,0.9580605839203868,1.2528479417174472,1.443968444429374,1.449417166722,0.9009307267680116,0.08759179152002292,1.0,1.0,0.0,0.1,0.8,111,122.79017251606388,470.6683346980266
10,63,0.9578573173917297,1.2188850625559575,1.3764458625030096,1.4256874293234199,0.9024245424035117,0.0874904555905052,1.0,1.0,0.0,0.1,0.8,113,96.88193435870306,486.099203775129
10,64,0.957589684519805,1.2179972780591672,1.3754734690697825,1.4021178154849412,0.902987379686383,0.08701557764126465,1.0,1.0,0.0,0.1,0.8,114,83.67759873412277,480.9178040524291
10,65,0.9569911744743713,1.204901398434143,1.3510219246097939,1.3779182907774774,0.90670860949785,0.08884324454940304,1.0,1.0,0.0,0.1,0.8,115,84.41155402522342,500.563347555556
10,66,0.956530569721044,1.2144478333477968,1.3715860829486481,1.3964306090953387,0.902600302139135,0.0912055818234154,1.0,1.0,0.0,0.1,0.8,117,82.10748884627364,525.8266445337231
10,67,0.9562908770340013,1.2247410875487081,1.392968165022737,1.4472732462793707,0.900341894623627,0.07504495693253975,1.0,1.0,0.0,0.1,0.8,125,116.34169629723324,479.6130275510459
10,68,0.9557557002628605,1.2229105717557365,1.390963340366505,1.4470888104577404,0.9061249073078448,0.07504495693253974,1.0,1.0,0.0,0.1,0.8,126,120.035967527133,488.4103755266452
10,69,0.953840770540259,1.2051625015609886,1.3614168480865263,1.3851061579574184,0.9111652737458406,0.07673412167987932,1.0,1.0,0.0,0.1,0.8,128,112.5247583189006,587.2731175758786
10,70,0.9538290147044935,1.2273151207411468,1.4058961606319573,1.440297449654623,0.9000686296515107,0.07673412167982627,1.0,1.0,0.0,0.1,0.8,130,112.21182248967963,586.4598403958655
10,71,0.9535255426339114,1.2373388901000513,1.4269830974176336,1.4710673826536405,0.9012013304114804,0.07638804080357059,1.0,1.0,0.0,0.1,0.8,133,111.22396582956848,607.5412873457643
10,72,0.9534467693445995,1.2592535193679,1.4712017803270747,1.470166352350367,0.9010423418406026,0.0725678354015079,1.0,1.0,0.0,0.1,0.8,134,124.07724081985752,343.6523578870619
10,73,0.953259427167755,1.29187862599136,1.5372593915692603,1.6013630712362383,0.9010642963138329,0.07607800775862038,1.0,1.0,0.0,0.1,0.8,136,117.374776407369,613.2630679397311
10,74,0.9531388249186425,1.2359638654946377,1.4254772913136864,1.505668149512275,0.9014385060969887,0.07707287856954739,1.0,1.0,0.0,0.1,0.8,137,110.5274869873738,581.3182744090246
10,75,0.9508315612722577,1.2941528647051477,1.5498591238784996,1.6166077683383033,0.9281888481159363,0.07785527608639782,1.0,1.0,0.0,0.1,0.8,138,122.66623745243557,646.2437653680772
10,76,0.9507853363102308,1.2939813358676027,1.5496712931009653,1.6077914354049496,0.9000645049311327,0.07700907552889937,1.0,1.0,0.0,0.1,0.8,147,116.20386981901422,635.4887846606442
10,77,0.9538840698307843,1.3939662233811754,1.7400456554577086,1.7935065834064994,0.9000835536697503,0.06999767913646533,1.0,1.0,0.0,0.1,0.8,180,124.71722669017262,311.57678476790244
10,78,0.9538906959607367,1.393988997940553,1.7400705699251267,1.793508022734692,0.9006092686682055,0.07039129435424986,1.0,1.0,0.0,0.1,0.8,181,123.2059125911095,320.1843661651262
10,79,0.953231905435522,1.380557003071179,1.7152508990172883,1.7869825895789304,0.9000981117328501,0.07297797376374422,1.0,1.0,0.0,0.1,0.8,189,121.44217382852553,332.05004521273685
10,80,0.9534203728508599,1.3812275402840892,1.7159853289031763,1.78294906325123,0.9087818543988517,0.07114342135303772,1.0,1.0,0.0,0.1,0.8,190,124.28735247721949,345.3048887561147
11,0,0.9329752499738785,0.6517329619415099,0.6185809545789813,0.030321529974005397,0.0,0.0,0.0,0.0,0.0,0.1,0.8,1,318.3319854925929,1372.3785594057006
11,1,0.8674246832760343,0.6361359705715216,0.601494515658054,0.032402200427699444,0.026312527888383033,0.05763525076393826,8.563352672914e-05,4.9333675857849995e-05,0.0,0.1,0.8,3,301.7917709569805,1219.9284397668469
11,2,1.3786818949566295,1.404613058700833,1.3612329868213613,0.8894657120027836,1.2301627527127448,0.11751367989424406,0.6032640404231406,1.0,0.0,0.1,0.8,4,404.4277120508912,559.8259714939343
11,3,1.3280120701790896,1.3856088184142665,1.3505969026921032,0.8923130777003878,0.8958655002893317,0.11750518095280744,0.596085263241928,1.0,0.0,0.1,0.8,6,362.1894620608736,528.8490045611028
11,4,0.6719517545220246,0.7846839265526977,0.7278683954531093,0.3998996049988285,0.7218429676301958,0.09002730978439809,0.29932671567300156,0.4395073881766911,0.0,0.1,0.8,7,133.84664087377683,416.1346766199196
11,5,0.2038835920285479,0.336353804895576,0.2871983049496494,0.08476555749531375,0.5819968118641116,0.08191298166607676,0.08369990895686744,0.07094986636600184,0.0,0.1,0.8,8,117.10452004156416,207.74190610601008
11,6,0.1644673194641338,0.28987556966200495,0.23882058827883051,0.05631421317183375,0.07212658067570568,0.11799017096449524,0.0367517711564279,0.04366381189525359,0.0,0.1,0.8,10,97.71698604362156,417.4057095918293
11,7,0.15999463245817874,0.2727901795112808,0.2188905545132388,0.07999226586231117,0.10178244682660637,0.11166131477078219,0.05206402762473963,0.05774755271752524,0.0,0.1,0.8,12,106.1638209663633,705.8625128693102
11,8,0.1559268701689221,0.2760302627357859,0.2325478755808758,0.08611091251810604,0.06436036965179853,0.1116613147707822,0.05206402762473965,0.05774755271752524,0.0,0.1,0.8,14,110.301219180919,664.1486178119578
11,9,0.16391664894680047,0.2739177498009749,0.2285328475126891,0.10720979380198414,0.1363804495336957,0.12730203235735887,0.05276507216197538,0.08000208364961303,0.0,0.1,0.8,15,143.8781402597079,786.7740969683076
11,10,0.16079292837061146,0.26917499495633374,0.22350002330610158,0.11554837129084056,0.07269902984484855,0.12778412341691836,0.0514026578227495,0.07805338909516715,0.0,0.1,0.8,17,142.7053098070856,729.3244686881316
11,11,0.18767126627358272,0.3015150910704343,0.2660209678734192,0.14872222081808928,0.11076036614197064,0.1177024358294843,0.09280361659320636,0.11236044643583054,0.0,0.1,0.8,20,196.98232993892603,1604.553497112521
11,12,0.2525290349306349,0.36586715988144675,0.3302877572311028,0.23236672460619207,0.1673737657544803,0.12008156177057142,0.13150631536062568,0.1890823737199237,0.0,0.1,0.8,21,207.08266418748607,3036.58771853375
11,13,0.18440842779655311,0.2925438071288761,0.25609027095848585,0.15401675869827935,0.13116326194545674,0.1223513925434094,0.0928753227546808,0.11373556177709461,0.0,0.1,0.8,22,195.95586801378795,1660.1919419298365
11,14,0.18331369099028963,0.3010233936309281,0.27548606230942224,0.1617290061721737,0.1046415683868624,0.1223513925434094,0.0928753227546808,0.11373556177709454,0.0,0.1,0.8,24,191.53476911341872,1689.6475800922851
11,15,0.18691804988916288,0.2913736070302056,0.2543198822893383,0.19119312981723588,0.10954002221185787,0.12264127548998105,0.08722684418786093,0.12086043529946493,0.0,0.1,0.8,27,131.72308927571837,1373.187655819819
11,16,0.20549310552142805,0.29773131281796994,0.24933107827413803,0.21865728717803662,0.13118253470416552,0.12987109449106468,0.0860127899253743,0.14520905709689555,0.0,0.1,0.8,28,173.75399084046862,1371.897782531271
11,17,0.25839512313983604,0.3548164739210322,0.31649033488293976,0.28110725524133695,0.2217704732176262,0.12780208294266057,0.09671198689125608,0.21568677493465255,0.0,0.1,0.8,29,147.62842398023113,1517.0633510042674
11,18,0.1793651368346021,0.2846470309923285,0.2571401236609519,0.20624789695496476,0.1101642975409753,0.12362635672470128,0.08266159112434221,0.12040259109760051,0.0,0.1,0.8,31,120.14819639232356,1381.7725408810509
11,19,0.17888305963852522,0.28137874915977046,0.25344677396883586,0.21284657654131023,0.11328771525988388,0.12872316715332083,0.08269375903892856,0.12189785303305958,0.0,0.1,0.8,33,119.41427423673544,1436.7346738829608
11,20,0.17807251086589648,0.2791791839083295,0.25103784880448216,0.21262497494944443,0.11313040610612773,0.12872316715332083,0.08269375903892853,0.12189785303305949,0.0,0.1,0.8,34,120.9668354518478,1401.3744532403068
11,21,0.17802065257912925,0.29013552490867456,0.2731459749193289,0.22761258639284748,0.10625993404821212,0.12872316715332083,0.08269375903892856,0.12189785303305958,0.0,0.1,0.8,35,120.52229768734142,1408.6306853805634
11,22,0.19555821929247272,0.2940839511518898,0.2655554007896831,0.2457866530604883,0.1379476273369975,0.129723446669329,0.08546333350222189,0.14526667583960676,0.0,0.1,0.8,36,291.67878364782075,1363.796500266946
11,23,0.878332390990719,0.9852523880367885,0.9674881091424763,0.9484692709738921,0.8161116394912798,0.12822175939202002,0.09042912888785608,1.0,0.0,0.1,0.8,38,101.3256611127626,1419.2380080654414
11,24,0.8768772105305633,0.9814888588222903,0.963385470238674,0.947922105049749,0.8148219455370352,0.1306738905367097,0.08841697281663398,1.0,0.0,0.1,0.8,40,98.0745518548488,1420.0039183776514
11,25,0.8765758770739714,0.9807387308318732,0.9625698053798786,0.9323898639067318,0.8110923416208665,0.13062662496170047,0.08780393882690565,1.0,0.0,0.1,0.8,41,97.57234706200902,1397.617044544647
11,26,0.8749496549598424,0.9867893886296537,0.9792896125699139,0.9596597459739916,0.8264492626843589,0.14257019363593593,0.08946664318234872,1.0,0.0,0.1,0.8,42,300.725747154989,1349.24540536377
11,27,0.8732625952559794,0.9729417641935634,0.954123694507524,0.9492052512226171,0.8131989871295177,0.12659234268470726,0.07803518808269046,1.0,0.0,0.1,0.8,43,311.3353504701293,1368.795969158689
11,28,0.8723945253260541,0.9791602974760623,0.9709354753587928,0.9589080784418003,0.8291103694088809,0.14820986703871047,0.08934012332652395,1.0,0.0,0.1,0.8,44,304.7824217407671,1402.567823894252
11,29,0.8722254452980851,0.9897405619234088,0.9926317227903239,0.9779284418618897,0.8098004852925641,0.14820986703871047,0.08934012332652395,1.0,0.0,0.1,0.8,46,302.1788633567116,1415.2888106598448
11,30,0.8710129888822985,0.9773483487143805,0.9690626027532507,0.9642933088497279,0.8081748023000458,0.13365280037567978,0.07761783164499791,1.0,0.0,0.1,0.8,47,111.64578370744866,1440.984460418109
11,31,0.20547559941005156,0.3474172471008701,0.3825679445479324,0.36406051751726254,0.1607094935414189,0.11379658708435267,0.1392653454266868,0.1654785027608602,0.0,0.1,0.8,50,124.39386669392206,1076.6771469555654
11,32,0.20540610897076939,0.3693854685474779,0.4268453283732898,0.38779277975236603,0.1464987092403808,0.1137965870843527,0.1392653454266868,0.1654785027608602,0.0,0.1,0.8,54,124.50845819569264,1088.2025966357396
11,33,0.22159549500027093,0.3624638944865505,0.39746727907386914,0.4071364711563916,0.16512596779430097,0.12470500786148866,0.17659690936486488,0.18155630987754603,0.0,0.1,0.8,56,346.9974542503235,1318.47130503988
11,34,0.8729469054458827,1.0217435592400224,1.0674795441235505,1.0704388135059302,0.8203511294528545,0.5509546571683075,0.15632865568429039,1.0,0.0,0.1,0.8,59,76.83138089551497,533.2752749435656
11,35,0.8704720455183201,1.0174643907934753,1.0629555987358197,1.071906767025417,0.822580671444917,0.5532677263700513,0.13925105736845828,1.0,0.0,0.1,0.8,60,78.68853000097297,530.9391968774769
11,36,0.2899860734155902,0.4705137717863585,0.5495335998983557,0.5331375685537003,0.2342812280784441,0.12049054334399042,0.1432509873163217,0.2737675912977712,0.0,0.1,0.8,62,146.33568475809565,1132.7927459132618
11,37,0.289861130150174,0.4660642968587311,0.5445024799854892,0.5334943933404888,0.24517478234833195,0.12554239718707122,0.14419876451377217,0.2757247959401522,0.0,0.1,0.8,64,143.94920892300317,1161.4320334791553
11,38,0.24434610725281614,0.41855252620455097,0.4967247142640019,0.4961441233097626,0.19787837066126207,0.1303410207627525,0.13980505611425376,0.22037731246802986,0.0,0.1,0.8,65,112.4695308503792,1430.9653600396489
11,39,0.23931284645639522,0.4046189849858205,0.4816197276681059,0.4938710689008796,0.22998676080908653,0.1342190485172939,0.14239285278367714,0.21801873446865022,0.0,0.1,0.8,66,129.54104475294648,1662.9346122459267
11,40,0.20510501978029144,0.39235407597289396,0.49165163662497624,0.4848997523193186,0.15520409906217475,0.1296059706717667,0.1313638704820473,0.17676818116858234,0.0,0.1,0.8,68,140.31913307470987,1435.748602643903
11,41,0.2303785734878788,0.41590219943676765,0.5149771169086654,0.5211979278571753,0.1881699976240171,0.13097992702583733,0.1366964688947503,0.20846178879463179,0.0,0.1,0.8,69,131.13382508861417,1425.2498622138326
11,42,0.2198525812233419,0.39343151108350627,0.4812308347494107,0.5066473157713428,0.17414778707812908,0.12863592109152192,0.13212034980911858,0.19626323935565432,0.0,0.1,0.8,70,128.15518217083002,1134.6157133147854
11,43,0.2310595833176623,0.41442916492228854,0.5132255107733447,0.5294611560538456,0.1848323270361086,0.1277732297197373,0.1394027237701247,0.209937784563631,0.0,0.1,0.8,72,138.44823631224511,1324.0789016026097
11,44,0.2304948091580919,0.42495916008603324,0.5349205599688042,0.5330493732554998,0.1813387038094587,0.12871159767595639,0.1380732027682664,0.20939917490040988,0.0,0.1,0.8,73,136.18447240135862,1353.725083438313
11,45,0.2309772665941986,0.4252114371714032,0.5351431931299278,0.5407581476912444,0.1829341925417531,0.1277732297197373,0.1394027237701247,0.2099377845636309,0.0,0.1,0.8,74,138.88826223801075,1331.2632443859802
11,46,0.29866073331052484,0.48189073930714643,0.5806690823558357,0.6348890939298313,0.24955231562805558,0.12970508280538048,0.2577755838730738,0.2797043570045645,0.0,0.1,0.8,94,74.66856888085461,1518.805761001976
11,47,0.9091039302687409,1.141142151676063,1.2948891036328178,1.37641886211342,0.8643193360540896,0.11871300637230091,0.6232126427255331,1.0,0.0,0.1,0.8,109,113.14171119013092,1205.5564759101485
11,48,0.9068726942094957,1.1338140919157633,1.286919894590967,1.3736216831231278,0.8728590377916274,0.12017251926079905,0.6172837829526454,1.0,0.0,0.1,0.8,111,103.88238017435285,1083.0014726619186
11,49,0.9060024884884157,1.1434452988642883,1.3076415326378554,1.3854862725349157,0.8636861729862328,0.11773573833432785,0.6104897496602866,1.0,0.0,0.1,0.8,112,103.46360364778424,912.9384677277196
11,50,0.9088624049272467,1.190057171581869,1.3988348505168942,1.5755488639672885,0.8641951398416959,0.11136462014469588,0.6411216494634473,1.0,0.0,0.1,0.8,146,107.84560968294348,1308.153493189472
11,51,0.906999362337332,1.1949504964309619,1.4143507677974032,1.6061180261897903,0.8731737155191006,0.1093322010424566,0.6360741124014024,1.0,0.0,0.1,0.8,148,116.91818936895852,1297.323795527914
11,52,0.9067344316312763,1.205204486365361,1.4356982552964754,1.6289303526971877,0.8641540803706718,0.10952045409868161,0.6351988861360814,1.0,0.0,0.1,0.8,152,116.6707906882896,1298.9425489997152
11,53,0.909326771580366,1.238591890265826,1.502271902459924,1.7169812630377401,0.8684291299824576,0.10965998814279357,0.6686900331526779,1.0,0.0,0.1,0.8,159,112.50969586001423,1298.6675472894556
11,54,0.9091094294706195,1.2375664242259146,1.5011464821486755,1.7247390278544215,0.8686562437648814,0.10965739401886232,0.6689353759284538,1.0,0.0,0.1,0.8,161,109.97079458189498,1298.6088675465187
11,55,0.9079427480258091,1.2451378133892312,1.5195923063255043,1.7643211813849926,0.868989569016408,0.10990865249017297,0.664242373389242,1.0,0.0,0.1,0.8,165,110.13265968648564,1296.0141829555353
11,56,0.904701945703793,1.27370296898307,1.5814708172880296,1.8235395224853743,0.8640452909729474,0.10954568574638276,0.6361604043719178,1.0,0.0,0.1,0.8,180,109.73097456758964,1295.1427679755282
12,0,0.7701473893286189,0.6105946572915628,0.5735264824381566,0.026329188194996765,0.0,0.0,0.0,0.0,0.0,0.1,0.8,1,665.4005912124446,1370.3674146686938
12,1,0.709599925798706,0.5930839919529408,0.5543450271112995,0.028217612712172265,0.029508077709132215,0.047674796233562536,8.327828413746999e-05,4.209125190701e-05,0.0,0.1,0.8,3,631.0199123723792,1242.152432757561
12,2,0.698137265059594,0.5896679585867192,0.5505941857186415,0.030401935830260143,0.011955212537263265,0.03896581240831986,0.00065853119546221,9.673351941072e-05,0.0,0.1,0.8,4,609.7904264849024,1347.101819409375
12,3,0.3670323606221106,0.46558849390305573,0.42449428961537183,0.023046053951953603,0.47031199785196154,0.06109875838930327,0.0069062448863361605,0.00349061578601257,0.0,0.1,0.8,5,343.40231052328625,793.0278288827582
12,4,0.28769316956736574,0.41498061524765867,0.36879093764682735,0.023711066520691305,0.1884920474698495,0.061660944806587945,0.012697209009938759,0.00641753643808395,0.0,0.1,0.8,6,272.37484701088874,591.9077462290362
12,5,0.23688208503759942,0.3759144477821777,0.32528935776361473,0.028699803629638598,0.17787760792271065,0.06217861345026495,0.027624979545344742,0.01396246314405036,0.0,0.1,0.8,7,190.73467491050965,318.1616218615943
12,6,0.20016551087444848,0.34598901541478766,0.3026243021514852,0.03710570609234469,0.07697397573572781,0.062178613450264965,0.027624979545344708,0.01396246314405043,0.0,0.1,0.8,9,182.1160570665864,221.96229004625184
12,7,0.20949908682450788,0.3463950290309458,0.29162084394998683,0.05412932513475326,0.04597176377788155,0.06356677703179546,0.05447923569854907,0.02818988448903989,0.0,0.1,0.8,10,128.6697676752034,112.27751222236888
12,8,0.16871739641401803,0.2948262142578404,0.23601377227701187,0.04239748626634654,0.15193207050697619,0.061739165468955234,0.031503834300070296,0.01962889745899024,0.0,0.1,0.8,11,145.16798593694006,203.42643457830945
12,9,0.17142885713503897,0.2952090139051397,0.23562279075104875,0.05721436417602076,0.054645416889061535,0.05541846837698402,0.05962386413096241,0.02675289466821429,0.0,0.1,0.8,12,152.54903317990545,320.11822858586856
12,10,0.1545199880159514,0.2779378402023259,0.2182347073934364,0.04287631116056203,0.015485562942564746,0.06167043682212906,0.02489727026001854,0.01104034125578245,0.0,0.1,0.8,13,168.51417762393666,426.74312723382127
12,11,0.15049920435660916,0.27089494027886113,0.2102909551612207,0.05180862510918985,0.0454722621236742,0.05963016884317933,0.02991711451746414,0.013437402192083569,0.0,0.1,0.8,14,163.95760608575492,336.4290045275904
12,12,0.14920889285406963,0.2792535049531877,0.22940930868629658,0.060033007499599875,0.02241895272434397,0.0596804289173011,0.03323318483589354,0.014926829607951251,0.0,0.1,0.8,16,150.14843463193176,315.31838054328983
12,13,0.8791136246672155,1.0128588560848668,0.9810510099300038,0.815956133979159,0.9232475158034105,0.13906288282637716,0.1952023598183508,0.9403344231274436,0.0,0.1,0.8,17,190.11160102124109,562.3025627414271
12,14,0.9224465768600187,1.0525116970839001,1.0199715971965244,0.8708453756446983,0.8320498821412613,0.14070711758108403,0.19132490087284532,1.0,0.0,0.1,0.8,19,186.21894877291007,809.0361242610015
12,15,0.9924959667240191,1.1222526917793578,1.098762455866452,0.9543153964893227,0.9373121572258174,0.12785900969426497,1.0,1.0,0.0,0.1,0.8,21,199.72694588037135,770.7808413004276
12,16,0.910498614053254,1.0388371139691732,1.0150977304851887,0.8817843141945103,0.827972694418179,0.14348142901633726,0.1920256521658827,1.0,0.0,0.1,0.8,22,202.8049263030842,711.71665822649
12,17,0.9095012939841134,1.0364530590536054,1.0124718845309735,0.8902196499176359,0.8236214227635115,0.14070493441691936,0.19358085331128966,1.0,0.0,0.1,0.8,24,188.4381201368488,765.0312010187416
12,18,0.8970126438813749,1.0224463269636657,1.0075248310410019,0.8794192868780668,0.8907646027550573,0.14119040990551618,0.16373562669772357,1.0,0.0,0.1,0.8,25,204.6784218412656,600.0518973693286
12,19,0.8946806188039795,1.0164103450597302,1.0009003146618716,0.8874897677564437,0.8268804582251457,0.1384040540884625,0.1652006933093379,1.0,0.0,0.1,0.8,27,189.14657704723308,648.9844984551603
12,20,0.893252418992165,1.0238304520178168,1.0191342530246452,0.8977167050307042,0.8227105832396527,0.13840651981572183,0.16535819913731184,1.0,0.0,0.1,0.8,29,185.87869680593712,649.1436654139762
12,21,0.706483942967761,0.848083997006925,0.8545421627553095,0.7744243369661717,0.629833804319078,0.1370467660854188,0.183083136596067,0.7643737155635962,0.0,0.1,0.8,42,155.22275413704028,684.2210135097171
12,22,0.6084294819595077,0.7044706558818536,0.6660853457558866,0.6723588339223643,0.538942113664918,0.1278558837491937,0.35926745389538317,0.6207120709383813,0.0,0.1,0.8,43,140.94324800947624,682.8233296932208
12,23,0.7113890919449329,0.850670613343327,0.8567693812612173,0.7961878578020045,0.6423923706942428,0.1409634050521144,0.18176535932469245,0.7724891744944558,0.0,0.1,0.8,44,167.9606692026328,729.6567103995903
12,24,0.7442004348803775,0.8794731994125244,0.8849597655094141,0.8305939216471114,0.6929997184702756,0.1384418230617332,0.19246078682312745,0.8151953637548859,0.0,0.1,0.8,45,155.12305848761562,865.3223799854213
12,25,0.7439817453107485,0.8899792983802622,0.906575010538341,0.8465954432338348,0.6723928707413706,0.1384418230617332,0.19246078682312756,0.8151953637548871,0.0,0.1,0.8,47,154.7603070292233,854.1168091733252
12,26,0.7128033029245688,0.8690249160308103,0.8966542315818351,0.8256705371291195,0.6430568789830564,0.13920044213638416,0.1773505277260989,0.7787491108327836,0.0,0.1,0.8,49,164.85389896120628,770.0056315672715
12,27,0.9291051421561418,1.0216382199176568,0.9922263919267975,1.0137970879814138,0.9044347840464051,0.1202134969006172,0.615930941178487,1.0,0.0,0.1,0.8,50,157.87914935095642,551.0181199452969
12,28,0.9272856991108638,1.0171559212971837,0.9873578926966883,1.0290914793449437,0.8679757773336867,0.12065562163483354,0.6116678366137762,1.0,0.0,0.1,0.8,52,170.60807443584014,598.9390331259514
12,29,0.9273419355272802,1.0169356266983023,0.9870978083896329,1.0277183872365647,0.8620690610563055,0.11836926451225824,0.6136549015677581,1.0,0.0,0.1,0.8,54,157.2467171165044,647.6381964354608
12,30,0.9342375619457497,1.0193859841236,0.9889121355205786,1.03620207245844,0.8929265489827312,0.11961644785034183,0.7049531259158749,1.0,0.0,0.1,0.8,55,146.00607213529275,585.989630914641
12,31,0.853759830226503,0.9466143395721387,0.9268274833828968,0.9673599524806592,0.80852490325708,0.12420182082019308,1.0,0.864566487085687,0.0,0.1,0.8,56,155.55657546924775,641.6111667556696
12,32,0.921542379821862,0.9987879152089435,0.9672069945909635,1.0377685847329647,0.8726146481356716,0.11944811683111259,0.6152827041587242,1.0,0.0,0.1,0.8,58,150.80408205621822,669.8961133017854
12,33,0.9337830904513059,1.0965867503840458,1.1538851325948047,1.1327161876551628,0.8908366612382808,0.12991680804495723,0.7520618030041913,1.0,0.0,0.1,0.8,59,155.8436274001454,647.2866419870198
12,34,0.9222555368827401,1.0634840097695266,1.1082018865076655,1.0928321647602557,0.9180000586155685,0.12408115965543295,0.6806804598869578,1.0,0.0,0.1,0.8,60,115.76230646866584,561.0177560451016
12,35,0.9168231145606193,1.055163049034869,1.109215620638245,1.111268748765294,0.9001595939319009,0.12418323944451556,0.6788132815868322,1.0,0.0,0.1,0.8,62,107.26358400214544,594.976712934125
12,36,0.9075607927535226,1.0088843907291387,1.0289618124358535,1.0984767414687928,0.8684379131987627,0.1282948596834956,0.5992632682067722,1.0,0.0,0.1,0.8,64,169.28432187183455,400.0066265823117
12,37,0.9139019726393712,1.031576925007926,1.0732442948568708,1.1156713007031442,0.8942226891570967,0.12306637219812547,0.682072215216828,1.0,0.0,0.1,0.8,65,109.53167387247755,730.2745287087282
12,38,0.9134653539928885,1.040915567725773,1.093581677695666,1.1232840596481877,0.8711249447540882,0.12290062191130231,0.6819762725711657,1.0,0.0,0.1,0.8,67,108.08800049918293,727.8823513236551
12,39,0.8977074746636633,0.9823968821886289,1.0003783115401617,1.1241585005282462,0.8661604125878017,0.12535705459157187,0.5545936194869202,1.0,0.0,0.1,0.8,71,162.77091424050622,440.2294130224912
12,40,0.8983570155376206,0.9476767618177291,0.9417237299240877,1.1058138935012305,0.9154728990866523,0.13275593126964053,0.5978059348918281,1.0,0.0,0.1,0.8,72,111.77277545282784,595.0357336212224
12,41,0.8971099037833158,0.9418318451474003,0.9353247460251223,1.1083970358712136,0.8793007445252553,0.137280492228451,0.5975673566653743,1.0,0.0,0.1,0.8,73,121.1507401668227,638.9645697071702
12,42,0.8971086987146691,0.941826136261336,0.9353184506126038,1.1115674123358108,0.8597757707933867,0.1372816043443888,0.5975669925437034,1.0,0.0,0.1,0.8,74,121.14932844512455,639.0149869739341
12,43,0.8957371253333469,0.9466174126666096,0.9506847232396325,1.131963060560043,0.8804738257980034,0.1364551386968137,0.5965254602266118,1.0,0.0,0.1,0.8,75,123.04789348950057,544.0483604458844
12,44,0.8943315118643975,0.9396042285190431,0.9430058136532109,1.1228467669903117,0.8831150446452392,0.13733388018922976,0.5963343752642364,1.0,0.0,0.1,0.8,76,115.3316146552801,647.8566865407093
12,45,0.8925038043377352,0.9299027279369504,0.9323781403477762,1.1282724002258466,0.8759949501261723,0.13669465613690338,0.5966149963469236,1.0,0.0,0.1,0.8,78,117.38227554309783,663.0846573675373
12,46,0.8923721847079139,0.9293786891263103,0.9318081597729166,1.131354992759273,0.8612388223841247,0.1383419692486927,0.5961970576909489,1.0,0.0,0.1,0.8,79,120.49319232502842,643.0822862141773
12,47,0.8922458436293998,0.948676468695477,0.9731130942254153,1.1594683985850658,0.8620215449653996,0.14046488569767523,0.6012051545528808,1.0,0.0,0.1,0.8,85,134.95462552333825,592.2457688961657
12,48,0.8919218615330557,0.9465556428336902,0.9707831747421344,1.162557906313679,0.8638854508829359,0.1369414280242561,0.6019696892262525,1.0,0.0,0.1,0.8,87,120.98392801892224,651.6541283501602
12,49,0.8899992543832699,0.9528232448527489,0.9878787811212233,1.1850206884577061,0.8708110775570774,0.13535525285714264,0.5891171427959628,1.0,0.0,0.1,0.8,88,121.74294487795356,590.2241590551808
12,50,0.8893090845624456,0.9541614918851875,0.9993373877086644,1.2051480451581469,0.8647380476404799,0.13526242301695607,0.6013083936019574,1.0,0.0,0.1,0.8,96,124.98964518455004,677.7945116673405
12,51,0.8888311659988447,0.942343219681421,0.9763257804295076,1.2180072723860127,0.8601942208008585,0.14110169028494432,0.5970255608663878,1.0,0.0,0.1,0.8,98,112.98991272645,673.8227261832653
12,52,0.9076182274190592,0.967688931639878,1.0123179344661681,1.2496260359743223,0.8885488015703238,0.14051242003473444,0.7940076996590553,1.0,0.0,0.1,0.8,100,112.5059181838398,684.5662865076316
12,53,0.9076869818477604,0.9649956042107395,1.0093103534432024,1.253292023569423,0.891101498130799,0.13638151066708198,0.800107696120353,1.0,0.0,0.1,0.8,101,126.61862832519064,661.8609636250955
12,54,0.9167868213094512,1.026597591440728,1.1264003440389097,1.3039549716599452,0.9016253655063808,0.12840092442660592,0.8968422154674816,1.0,0.0,0.1,0.8,102,137.36087482301048,666.9646317530465
12,55,0.9166647614434029,1.037549831686521,1.1485152013967859,1.3183401550769533,0.8896120989992932,0.129544568390266,0.8956650198667526,1.0,0.0,0.1,0.8,104,135.9399037708692,662.1519104824612
12,56,0.916816032072733,1.0469656168470176,1.1688887509437458,1.3343251184138452,0.8925034411855055,0.13168340416897978,0.9006456553441142,1.0,0.0,0.1,0.8,107,137.87972827036782,671.1307168955651
12,57,0.9265458274068804,1.0666953818019418,1.1996599722100385,1.3598898938178585,0.9008750624206974,0.12120434979693953,1.0,1.0,0.0,0.1,0.8,112,135.62987271737182,540.3291301237216
12,58,0.9161269112659982,1.0668038633703254,1.2108694833531302,1.371701532188268,0.8902544585923577,0.11992121095774937,0.8968730038152435,1.0,0.0,0.1,0.8,116,139.97759046078062,653.8506872140891
12,59,0.9151333594921152,1.0762489376619153,1.2314054298387545,1.3953098696830306,0.8901267964309342,0.12908158257638275,0.888160072576668,1.0,0.0,0.1,0.8,118,130.6355755605812,606.5795751946129
12,60,0.9151592480073188,1.086575459499603,1.2528075481759569,1.4142185666574854,0.8905726324920024,0.1258286574159021,0.8898905481092279,1.0,0.0,0.1,0.8,120,131.6508223224313,628.5099998547892
12,61,0.9151554183364232,1.0976479592153074,1.2750429203717695,1.4380269060791941,0.8890055858738286,0.12582865752591874,0.8898905480707565,1.0,0.0,0.1,0.8,125,131.66611497391958,629.0309961808329
12,62,0.9154109068003481,1.0495417380325684,1.1818283664800908,1.412039801792456,0.8978569306147529,0.1261599310832034,0.8996802021274574,1.0,0.0,0.1,0.8,127,134.42152370665735,688.1457048925323
12,63,0.9168033776178982,1.0674933341404216,1.2214795430696106,1.4579030138947817,0.8951352922985927,0.12247970599457234,0.9235426328317956,1.0,0.0,0.1,0.8,135,128.8777438463818,586.4787522003609
12,64,0.9152664656094767,1.071273332932189,1.2357810274386807,1.4846555679026208,0.8993702002201615,0.12521116665796106,0.918008306727242,1.0,0.0,0.1,0.8,138,133.29172282064647,619.9672650757301
12,65,0.9152850208592886,1.081566335537322,1.257147968701173,1.5052469206277186,0.8927617908494881,0.12466680467784597,0.9195644511343148,1.0,0.0,0.1,0.8,142,132.00962496493207,613.0854896403943
12,66,0.915596209521318,1.0262777483396528,1.146020090643747,1.34638259040253,0.8923317577725529,0.12439986210373939,0.9228671846815123,1.0,0.0,0.1,0.8,152,132.83144285293562,609.7603338807855
12,67,0.9149149204212554,1.130635416483043,1.351440303683401,1.643159818539035,0.8909779522336309,0.1246991857333651,0.9073345715129421,1.0,0.0,0.1,0.8,160,132.38570299678557,664.243794492829
12,68,0.902937867270684,1.034150926794455,1.17603964969866,1.3449058854912623,0.8821755222167424,0.12498156217041576,0.7990306931747828,1.0,0.0,0.1,0.8,162,119.34030011693804,676.0872091218858
12,69,0.9028828709635962,1.033760626724819,1.175611971596982,1.3448665529716175,0.8805581532872567,0.12498156217041576,0.7990306931747823,1.0,0.0,0.1,0.8,164,119.5010093940792,672.4043806707599
12,70,0.9032527947557981,1.0438554898331802,1.196720263291053,1.3638016878536483,0.8822883656536988,0.12455250416458334,0.8049763927746852,1.0,0.0,0.1,0.8,167,124.33348050271232,678.0398244183483
12,71,0.90342567034499,1.1647624292058598,1.4402980569864825,1.7027441796007428,0.8826233163522705,0.12850577818789274,0.8088677491351144,1.0,0.0,0.1,0.8,170,135.8447880023357,637.5991780526862
12,72,0.9225370244092002,1.128372359812639,1.3480797083087075,1.7407490950846576,0.9000021296366889,0.13993457607561643,1.0,1.0,0.0,0.1,0.8,192,119.89095682180157,605.4361903902142
12,73,0.9118439275918057,1.1285007606521669,1.3593430085196536,1.7739170852584052,0.8895263123358204,0.12893067455207236,0.8935120841778359,1.0,0.0,0.1,0.8,198,110.7378266300362,582.5333784201897
12,74,0.9120638929027123,1.1265366879973766,1.3571377593494827,1.7742385620394254,0.8984064807178797,0.12879824728739575,0.8992027634509915,1.0,0.0,0.1,0.8,199,112.93580613515796,588.6350675522698
13,0,0.8676466448183736,0.6361543166891377,0.6015192842231504,0.028809665538624074,0.0,0.0,0.0,0.0,0.0,0.1,0.8,1,454.9624891811176,1389.4386951693032
13,1,0.8019140022515243,0.6192903782092021,0.583045881774305,0.03076201449666379,0.02842687204427227,0.05301363996532753,8.772697742929e-05,4.373280300522e-05,0.0,0.1,0.8,3,423.93036685060935,1298.4540833704948
13,2,0.2857778800427628,0.4126185799879578,0.3660832753365106,0.03392651586495306,0.7644366215144258,0.07109975743236215,0.013988849535924669,0.00784193973433351,0.0,0.1,0.8,4,162.90787651511664,351.8225040174828
13,3,0.2798497776028441,0.40195046712394783,0.34184140904998467,0.05722593058823791,0.0760817937117913,0.0745841675401118,0.05723955554214981,0.03459983918298743,0.0,0.1,0.8,6,72.2749590697135,154.9800679971497
13,4,0.23333014016142964,0.3582620866531537,0.29532256201968216,0.04405917036909496,0.11915280971344772,0.07959316976088693,0.02779560045926499,0.02083768489320397,0.0,0.1,0.8,7,72.56019327857359,161.60185515178978
13,5,0.21066878087827454,0.3459557495464789,0.29197802223266034,0.04378659872679799,0.09671424331176057,0.07313554270080311,0.03366553353125754,0.019784403305282562,0.0,0.1,0.8,8,87.62248635851223,114.04792637177952
13,6,0.18694879097753653,0.3395736695856988,0.3047938466718193,0.06515511503173878,0.13393052355380317,0.08033095679217843,0.03725187210336879,0.02475189921415173,0.0,0.1,0.8,9,65.12516834022843,119.16023428293518
13,7,0.1739223075341546,0.32620367963384467,0.2912703399105683,0.06035636695511763,0.014476680137308427,0.0862070285797942,0.01866250250251764,0.0123789278026471,0.0,0.1,0.8,11,58.14108371837251,136.87148031353524
13,8,0.1731637216891538,0.3252984971689242,0.29030101417801357,0.0678075926288559,0.013803372406749007,0.08115695815885159,0.01868097812040388,0.012088391612769329,0.0,0.1,0.8,12,65.32248622279594,119.9466875995526
13,9,0.17318438739631326,0.3252813855501273,0.29026721074381295,0.06536665511736228,0.012282523879841769,0.08117677215780308,0.018790998593430662,0.01227104712865643,0.0,0.1,0.8,13,62.88893536307379,118.94864597142104
13,10,0.1752170541649396,0.3248995738419794,0.28891493351687264,0.08170173872319017,0.055752064979166335,0.10577091186144416,0.02102234948421718,0.02425866888847504,0.0,0.1,0.8,14,41.62978031064465,286.9789996952325
13,11,0.20610735888067624,0.3779290547694245,0.3642559659491073,0.12039368661124214,0.05320895912140721,0.08068252447211238,0.03986757732399422,0.06069953411427337,0.0,0.1,0.8,15,69.21858546687639,118.00487100444582
13,12,0.2466499745409098,0.41413069622601023,0.3989882397481587,0.17606228029059054,0.1560225731033674,0.08864814959557657,0.05129725177551493,0.1238150026844816,0.0,0.1,0.8,16,114.01642813095644,188.5245453809604
13,13,0.2467190038836833,0.41410660728636095,0.39893564921699853,0.18459420807105797,0.10495576334724874,0.08454111825750245,0.0510404739294949,0.12419077937135428,0.0,0.1,0.8,18,122.34114902560482,169.12877765742624
13,14,0.325186403999161,0.5032033758264304,0.49905552303422174,0.2659541699420249,0.1889569389072657,0.0887105167039114,0.09025226433069328,0.21865875076445915,0.0,0.1,0.8,19,136.14218999663163,181.99871821376897
13,15,0.23483627402674223,0.40076545231314115,0.38515481165985455,0.17818421231065545,0.10098198341424482,0.08779207415450728,0.021736737599629512,0.11695179645951623,0.0,0.1,0.8,21,95.40574262068382,177.5024761908982
13,16,0.43240911759027356,0.5841236316818468,0.5564600941372664,0.37449160788360863,0.3309472548901104,0.11475942280096299,0.16939598597091504,0.3532199404367071,0.0,0.1,0.8,22,28.230074734657823,1250.7206412547328
13,17,0.43023884129003775,0.5807153690711165,0.5527274444488313,0.3741482978203976,0.3108335224744148,0.11475942280421081,0.169396062066243,0.3532198845494654,0.0,0.1,0.8,23,23.98290233507644,1220.0356570964277
13,18,0.5772406942347186,0.7244366049240438,0.6956131791337402,0.5278125564409945,0.48149102124625065,0.1440055414290406,0.16673255484829336,0.5441755249313773,0.0,0.1,0.8,24,23.734521162861448,8583.897987654771
13,19,0.5641584755576055,0.71088331684249,0.6819443661247462,0.5153552392114468,0.4437492976118986,0.14394886122768577,0.17080056254365736,0.52824237731604,0.0,0.1,0.8,25,24.28346091938899,8589.958512574425
13,20,0.5764608271004364,0.7231576737197225,0.6942124999288981,0.5356794531955431,0.452219296129686,0.1440055414290406,0.16673255484829336,0.5441755249313773,0.0,0.1,0.8,26,21.05347087329524,8525.867561499434
13,21,0.39991939392934994,0.5434342991398613,0.5137075718211251,0.35339170841138146,0.3087248424652882,0.1458850149128479,0.16830290793294944,0.3295875338162883,0.0,0.1,0.8,27,53.6173221708565,2383.2950528728416
13,22,0.14318990346474153,0.2728858968990633,0.23140471118212536,0.10331264089272361,0.03729573733865673,0.090430464953727,0.05523830455810945,0.02714172883876124,0.0,0.1,0.8,29,121.2183908952326,215.16845470483025
13,23,0.38835126895566896,0.5278689172130515,0.4972729466135992,0.3547881524770796,0.28394924572984737,0.1374276824676539,0.16710225914803156,0.3216954712669528,0.0,0.1,0.8,30,41.367796329489735,2097.714097284188
13,24,0.13397869388749317,0.25582489765489996,0.21268964791196862,0.1074667621611953,0.07601100113541276,0.09478800202944676,0.05531415622912056,0.02752649352318553,0.0,0.1,0.8,31,114.06074387317264,251.0581081934293
13,25,0.12822415371113519,0.24423081023488497,0.19995595561405216,0.10939691714593852,0.04802828649995851,0.09930477679636136,0.05547340281230597,0.02797893819938564,0.0,0.1,0.8,33,108.48026220544337,290.6065543329467
13,26,0.1226618012907704,0.23408541886622145,0.1889584320289598,0.11301654257089723,0.041761926830500715,0.10049647043519752,0.05298580855237034,0.02679710303306886,0.0,0.1,0.8,35,107.5197308701361,277.243515781102
13,27,0.12208959094483993,0.2323973350818848,0.18706777403444963,0.11325147796299576,0.03075030151249112,0.10540128346077411,0.05322845004773038,0.027317227701044798,0.0,0.1,0.8,37,103.1632870608199,315.6978546187308
13,28,0.12247188980862408,0.23194922778475047,0.18646992378131735,0.1142272057887635,0.033593906810725875,0.09852127203292069,0.06709069540573252,0.026991476059115987,0.0,0.1,0.8,38,103.21900664193522,229.0520309224752
13,29,0.11927303289742484,0.23613343920289548,0.20116195855747193,0.12469634262134886,0.05147752385837895,0.1082432634316518,0.05558928233438974,0.028421903287221217,0.0,0.1,0.8,39,108.20953015996145,348.415751370367
13,30,0.985738598969748,1.1019779917628925,1.0668959542697716,1.0210414881057215,0.8957022303509389,0.11645036513494358,0.953024212876957,1.0,0.0,0.1,0.8,49,77.1215820123459,625.1386246139292
13,31,0.9856144798148634,1.0969408007341415,1.0610201546364786,1.0356150165300781,0.9138174776954638,0.119698412681991,0.9907398957460742,1.0,0.0,0.1,0.8,51,76.8973840578761,1125.8096198845271
13,32,0.30458796008466305,0.44671721531368724,0.44387714859400107,0.40068455411623605,0.22285328097603282,0.10656800250886064,0.2163248591604896,0.24786482155259631,0.0,0.1,0.8,56,66.54762400210278,1028.377080554435
13,33,0.3024883077436159,0.4301769412040073,0.41562239424530006,0.3973364459576188,0.2396147457409939,0.10357198487515736,0.26424004328469597,0.2422813644876834,0.0,0.1,0.8,57,66.06666242621029,1032.6847953415397
13,34,0.3001929688264947,0.42679894618447767,0.41206882034576175,0.39873675646563156,0.22490755463726245,0.10402354675974537,0.2623368563107124,0.24060216407334628,0.0,0.1,0.8,58,66.47034628625018,1011.5130546132846
13,35,0.29927541645316313,0.4440717476113641,0.451031726987279,0.4163022916702751,0.24311305183237286,0.10761081279687681,0.2642209158520376,0.24262531705835572,0.0,0.1,0.8,59,62.69384411646492,1099.7228317746622
13,36,0.2970809751976746,0.42921913546476476,0.42476780012657456,0.4085404635380385,0.22803633936275886,0.10812060214741981,0.26310926845922344,0.2413022865557936,0.0,0.1,0.8,60,62.43149359041944,1078.6778079975572
13,37,0.20676783733697704,0.34320483202892904,0.34886740102807967,0.3340912525012545,0.1704014948819784,0.10364969628937928,0.39405273059044543,0.11734959010088415,0.0,0.1,0.8,61,62.67107672130364,1400.2033500354407
13,38,0.2041035287480697,0.3391414621704667,0.34459240366465205,0.3294456621975662,0.13516242844445941,0.10129803513653923,0.39241954745202984,0.11525403787968495,0.0,0.1,0.8,63,59.08503869904796,1236.3028858811174
13,39,0.2043424307205673,0.33765958874253954,0.34285129902536926,0.33687386904965183,0.1372549379223129,0.1058550327407248,0.39264965355256176,0.11677641717046676,0.0,0.1,0.8,65,58.63274049737058,1315.1342394873457
13,40,0.2018471425219448,0.3339085605377097,0.33891237142837366,0.31877260895658155,0.1342210576509307,0.10185171496301255,0.39155535165115646,0.11469215745681534,0.0,0.1,0.8,67,58.72446501739613,1171.0090512555862
13,41,0.33477259764797496,0.45303680203813723,0.4464740805429213,0.4592620851129846,0.2724391204951456,0.10098907768492438,0.4026699907125389,0.2813545539602673,0.0,0.1,0.8,69,43.92475372474666,1410.0874713226824
13,42,0.3951439961661775,0.5443359746221861,0.5709209091081571,0.5601633164394879,0.33317570058235585,0.10707897027424126,0.5941926144443881,0.3344954555594979,0.0,0.1,0.8,71,68.05020898816973,1291.131374212287
13,43,0.390305552775362,0.5363957185835486,0.5625294413509662,0.5597800518477419,0.3397139440326647,0.11417997827754196,0.5672482454330046,0.3338621069895609,0.0,0.1,0.8,72,66.84653122872564,1377.1460620292326
13,44,0.40525587697186327,0.5688535655095872,0.6166459585645487,0.6010412483043046,0.3490364091221113,0.1046431395774314,0.5920886476417083,0.35241272322157685,0.0,0.1,0.8,75,61.94409161152888,1183.086544756388
13,45,0.4062119952536973,0.5669766054433707,0.6143678185324153,0.6063479245236802,0.35763519406728617,0.1113466986014574,0.6985894837010289,0.3420231812309503,0.0,0.1,0.8,76,66.7600372519535,1201.7088233576856
13,46,0.40392235051446057,0.5725987180985426,0.630709037918731,0.6226854755070482,0.35053801271729623,0.10905226821723495,0.5915657612016298,0.35441588883400843,0.0,0.1,0.8,78,54.12299669080761,1219.4513766345196
13,47,0.39945534740956845,0.5620634013093444,0.6193350305845615,0.6201040584443716,0.35575300942712373,0.11203266228616351,0.5924825536437621,0.352145421191034,0.0,0.1,0.8,80,52.98775893652028,1159.5928301038143
13,48,0.396427539165133,0.5693779083419751,0.6377111687357968,0.6420235081500196,0.33888691092183576,0.11406881259263613,0.5909716942699921,0.3489678083549212,0.0,0.1,0.8,86,47.5315989994635,1131.6465655429552
13,49,0.39385097563935695,0.5645242361931815,0.632547409475302,0.6435740148771105,0.3475867026285631,0.11503976797269137,0.7025249062461562,0.3330266725228114,0.0,0.1,0.8,87,49.35837400209199,1086.0585818990903
13,50,0.3939741513068401,0.5745626873090814,0.6535909671660058,0.6551095370761532,0.34013043670834714,0.11418432598848852,0.5879941642669635,0.34812471735861433,0.0,0.1,0.8,89,47.053561579508525,1200.2102048435008
13,51,0.3959213505109479,0.5753714939073087,0.6542459107729961,0.6643958434422959,0.34515519467906625,0.11557821977782531,0.5928156652925123,0.35055353931483435,0.0,0.1,0.8,90,46.66868886462474,1185.21170063788
13,52,0.3935554793210403,0.5727674651532231,0.651610100236632,0.662088077212511,0.33854679532557863,0.11482915448766669,0.5882138308378775,0.3482911251613354,0.0,0.1,0.8,91,46.80049407305878,1229.5637139209907
13,53,0.3954321480847724,0.5736946428922955,0.6524094106893199,0.6642268997987073,0.3442320311397066,0.11557821977782531,0.5928156652925125,0.35055353931483413,0.0,0.1,0.8,92,50.32263035296841,1212.459602896848
13,54,0.3953466797015759,0.5734017061805952,0.6520886217295645,0.6641973787928319,0.3398882375267266,0.11557821977782531,0.5928156652925125,0.35055353931483413,0.0,0.1,0.8,98,49.31871739340652,1205.6956807970014
13,55,0.3862177657400566,0.5642465146034159,0.6429298229032057,0.6656031586463329,0.3306690620159829,0.11070108268502463,0.587699560673348,0.33979552217524905,0.0,0.1,0.8,100,51.12765705596253,1168.7317518184136
13,56,0.42213787786638524,0.611074102312331,0.7008971544792857,0.7164123114354906,0.36750947387895655,0.11642095377139058,0.7438923162877539,0.3652697598631744,0.0,0.1,0.8,101,58.0615475000591,1182.5213938547406
13,57,0.3877314648122442,0.5750322482497154,0.6646357817464281,0.6931075048048017,0.3354648046118447,0.11204322702276592,0.613693866288191,0.3393762146947337,0.0,0.1,0.8,104,53.73165111524902,1203.4460628349432
13,58,0.3608305463288038,0.5583962013420433,0.65905397188138,0.6671052191053263,0.30824959007600145,0.11296624023888886,0.6927066750947105,0.2962903035036406,0.0,0.1,0.8,106,49.788195571844014,1218.2094439632854
13,59,0.4057515151410103,0.6103534949192595,0.7216377990209824,0.7352845321872233,0.35915139847947647,0.10930879044252659,0.7946197948239399,0.3417022414440764,0.0,0.1,0.8,109,48.51706689484013,1094.0186699532694
13,60,0.4063691785740503,0.6108070766415672,0.7220696778279203,0.7395706655181782,0.3542710429953229,0.1140344518645747,0.7942083993553835,0.3426053250227542,0.0,0.1,0.8,110,50.60512722953324,1167.6622699094032
13,61,0.40089303376156427,0.6032371932204803,0.7142241403948528,0.7454962787659432,0.3520743180663366,0.11196005819095238,0.7863967829320149,0.337740281417138,0.0,0.1,0.8,113,51.9520830018349,1225.0144325381495
13,62,0.8227139922438051,1.034455181354437,1.1563840388943314,1.2040064453736792,0.7717942827416455,0.12868861715856644,0.6671810711907199,0.8807261689476975,0.0,0.1,0.8,129,45.53532729917618,1198.0774487381916
13,63,0.48732751795451773,0.6909542442183016,0.802109837089152,0.9077644033574911,0.43591583670601236,0.11681121045556572,0.707666432408294,0.45501181428948456,0.0,0.1,0.8,131,47.61793369210677,1265.7442628472545
13,64,0.4844247690011446,0.6869464556597853,0.7979566372843258,0.9087618793919742,0.43750871190660523,0.11466002258173758,0.6049747086929221,0.46474792416865984,0.0,0.1,0.8,132,44.743701400453446,1332.085086289533
13,65,0.7172077310769731,0.9381783002282931,1.0710291439211304,1.12920767082463,0.6669996917289013,0.11588661820649201,0.6587711886357199,0.7507543523644273,0.0,0.1,0.8,134,46.79706540125581,882.0695700045293
13,66,0.8181454489964355,1.033384000148463,1.1654931865321392,1.23511155831109,0.7956370259363736,0.12575075671241925,0.6724350798960392,0.877793001542728,0.0,0.1,0.8,135,47.67671584176388,1185.7068644276762
13,67,0.8190138870662145,1.0446139067944542,1.187793979015935,1.2557008313831044,0.7712702960242377,0.1260612925849951,0.6723976725768517,0.879204704986706,0.0,0.1,0.8,140,46.58491565221077,1191.10937253075
13,68,0.7124060350775726,0.9378172004338596,1.0809731184702804,1.1380397610999338,0.6642749890164682,0.11280284005940897,0.665337881990957,0.7469095258780162,0.0,0.1,0.8,144,46.26396068660593,854.664737387779
13,69,0.8156953730404298,1.0390253772520726,1.1819148284053422,1.2824551952407166,0.7774658608728517,0.1289438490688247,0.67503966002577,0.8757057557478853,0.0,0.1,0.8,145,54.22459814969859,1277.496727068761
13,70,0.8629167339797554,1.1168486077689261,1.2928914299637735,1.3857096156698843,0.8172976357756773,0.1247665009024812,0.6827359457551674,0.9349071053247137,0.0,0.1,0.8,156,50.6745706186864,1260.5409779276774
13,71,0.8630602738281757,1.1169159522781054,1.2929489482507086,1.3914079223318672,0.8165390678218043,0.1250466444025755,0.6824341807302223,0.935156108103306,0.0,0.1,0.8,158,50.57983623324228,1262.480718863126
13,72,0.7476515617679161,0.9899678663941059,1.1547794613188063,1.2499625763752253,0.7017673660072401,0.11951835760226448,0.6665831195851126,0.7930610144414675,0.0,0.1,0.8,161,50.29080030751175,1191.3513919938612
13,73,0.7438847603359029,0.9860425147903563,1.150833969054658,1.2551301053654953,0.6981026175119709,0.12120037395497792,0.6676925310566468,0.7882797995261065,0.0,0.1,0.8,162,49.47317207704713,1130.2850699657688
13,74,0.5034492694240753,0.812842120086534,1.0447083224532203,1.1393139758558914,0.45736240467911543,0.11090537008424009,0.6839839728816618,0.48542694875445946,0.0,0.1,0.8,175,54.62896159419461,1215.7706002983743
14,0,0.8868286334019116,0.6408460452485621,0.6066576196766443,0.02926499633976966,0.0,0.0,0.0,0.0,0.0,0.1,0.8,1,413.3885387247742,1480.3952724765968
14,1,0.8225217090277638,0.624721856590497,0.5889955235167114,0.031278281232799486,0.027151731215107774,0.04776329861074257,8.345782384686e-05,2.855068257107e-05,0.0,0.1,0.8,3,386.2147335493081,1416.4182170780357
14,2,0.9485340736545872,0.9883351397777913,0.9482611188592681,0.4419601409005638,0.7126261670362286,0.08319333443655917,0.5035746199692046,0.44870072755646806,0.0,0.1,0.8,4,375.29183171747246,572.5159534933814
14,3,0.5193932394428037,0.592582470682974,0.563295744008063,0.04133994894867034,0.04220204378383378,0.06261887153292275,0.017229759724767042,0.00589425146742844,0.0,0.1,0.8,5,316.90525891233904,837.9282029776099
14,4,0.4602272356278795,0.5954529552333963,0.5449219944885374,0.25675776108431614,0.8093792691249297,0.08286229470338782,0.28601720112787926,0.2548502667739532,0.0,0.1,0.8,6,178.29476624858043,403.26277640133816
14,5,0.33676104349791014,0.4726188544143757,0.4211125768316002,0.149233187280924,0.1370908128344001,0.07943411335860913,0.1543437560568672,0.13057391282306322,0.0,0.1,0.8,8,190.85724535249037,351.4097463176029
14,6,0.21175601690810336,0.34795322665190853,0.299962440324025,0.08155536277792594,0.19940074111841843,0.05976069639625294,0.2110063592109058,0.05424153536435618,0.0,0.1,0.8,10,189.69893882918015,1251.1680982422922
14,7,0.20809845672072252,0.3418990892885803,0.2931425324366907,0.08724460602031428,0.07999088865182938,0.06024718909570975,0.216209257005266,0.056080078013240206,0.0,0.1,0.8,12,178.6059126632809,1327.225927705059
14,8,0.16125250662098425,0.3020736920781963,0.2633069591040635,0.05967767407000846,0.0693658548372365,0.05968586080402864,0.07772784503136212,0.02517140155133212,0.0,0.1,0.8,13,128.39995014336318,243.65013240086932
14,9,0.16457815006557314,0.30039827135421304,0.26034155827614297,0.06765476569984394,0.08527996533815638,0.06817185736766329,0.1297461184464641,0.03351331417703448,0.0,0.1,0.8,14,170.13777018478572,1849.6923236178168
14,10,0.1642386031092063,0.29990371516139297,0.2598070020773549,0.07013053812379118,0.041166038092161725,0.06913938949607765,0.12940545109322138,0.033462406190646124,0.0,0.1,0.8,15,158.61269294532866,1889.22406817992
14,11,0.16080087823716188,0.288489633113105,0.24656793384115766,0.07861128769300194,0.11184481191024453,0.07310807108639418,0.13351388481439178,0.042647028311420296,0.0,0.1,0.8,16,148.8610709099277,2310.657893344993
14,12,0.15379279258985265,0.27430815703315076,0.23090262353344665,0.08625870216651753,0.07509284296759072,0.07800308122700861,0.1368824622761849,0.043983635546328496,0.0,0.1,0.8,18,138.87700344551178,2473.3160570860405
14,13,0.15156389122916952,0.2810269060409972,0.24836997433923555,0.09304400324515677,0.05614921961072137,0.07800308122700857,0.13688246227618472,0.043983635546328906,0.0,0.1,0.8,20,125.52432155804908,2545.2953595648887
14,14,0.14970992888119755,0.2766426903752071,0.24350081371557936,0.15104331979437913,0.050654625169255604,0.06791411990250339,0.23095934737816518,0.03311195391372831,0.0,0.1,0.8,36,167.97815165252229,380.1682774661024
14,15,0.19543608012076671,0.3283790478464756,0.30545822244709764,0.20641431679229397,0.13351295531137536,0.06217631918219496,0.7631304771401249,0.029788071254588072,0.0,0.1,0.8,37,241.2891422288741,394.6299278915133
14,16,0.17989066834219009,0.3114148579305555,0.2882397864729833,0.19483565776572265,0.09474284654583155,0.05872653979804151,0.6392842190099025,0.02740063938945861,0.0,0.1,0.8,38,182.74679766605908,433.74863056242674
14,17,0.19371204697590902,0.3236050943284559,0.3001369676064011,0.2128052825007516,0.11155449713010016,0.06623475830325164,0.7611840424937119,0.03125019614137951,0.0,0.1,0.8,39,227.90844930960847,417.4513644288036
14,18,0.15846958192830388,0.2877269129862489,0.2641489743471365,0.1809441261172635,0.07017716978219408,0.06511987242853139,0.34418848899851845,0.039971489559015236,0.0,0.1,0.8,40,137.3022403993219,661.5356685800912
14,19,0.19547086133880445,0.3343419239196877,0.32166898122986554,0.2248555116383147,0.11382927122264118,0.0662588851011722,0.770733199777108,0.03446787964993271,0.0,0.1,0.8,41,239.94048023745245,498.66063596339546
14,20,0.17388580585327212,0.30135688554164874,0.2774657892245094,0.19431314226659696,0.08517286559255825,0.06420362789098244,0.5751143676568995,0.03225301242320247,0.0,0.1,0.8,42,199.23573769219928,444.18171889219866
14,21,0.15145926741026347,0.2782979699600858,0.25429707879930763,0.18448558467830295,0.06528834712533227,0.067220928707437,0.3771455251170267,0.0296187792153857,0.0,0.1,0.8,43,153.04012193120602,449.27120927378064
14,22,0.17329146282887514,0.29874459432677714,0.2745047860426376,0.2011134484734676,0.0927953832303157,0.06807688097233694,0.5734931057239193,0.03377209877498266,0.0,0.1,0.8,44,189.57231427569985,472.3811329627083
14,23,0.21270971745932687,0.3371075967786637,0.3126871896411643,0.25859039782153864,0.12781312507743312,0.06485683732420326,1.0,0.030783922799474762,0.0,0.1,0.8,46,147.90408600113196,540.1315124041598
14,24,0.15673206565019984,0.3010718586857151,0.29860077910081717,0.22974878356738063,0.08388442077916598,0.06787374162124798,0.45983281685028254,0.03052347574491849,0.0,0.1,0.8,47,174.70022512027077,445.2499023666307
14,25,0.21455689605894404,0.32460354898722676,0.2884686097170981,0.2740560878708568,0.1309497362986935,0.06632462646298833,1.0,0.03623599328578645,0.0,0.1,0.8,50,125.30414099992367,607.4796777070873
14,26,0.2145568961865838,0.33570060120573564,0.3107310232289552,0.2928778319379659,0.1289888089245252,0.06632462646298833,1.0,0.03623599328578654,0.0,0.1,0.8,52,125.30414215884002,607.479664250587
14,27,0.23361343732106118,0.3576743697211794,0.3425355250831345,0.31734737285831677,0.20095817362435126,0.06118753317886368,0.2370064002268098,0.16273022310010088,0.0,0.1,0.8,53,134.8849688102748,1577.7311978904618
14,28,0.23052275005811823,0.3515145384749868,0.33588995682819656,0.32189827585001407,0.1613945748691824,0.06529983653717486,0.2380490231004376,0.16127825276580865,0.0,0.1,0.8,55,131.75078120503184,1585.0191502009432
14,29,0.3732401684903731,0.504090344743336,0.49943739590007874,0.47525571095196917,0.2997575564406397,0.06521342499252661,0.3490430886178764,0.3267974306510665,0.0,0.1,0.8,57,136.55980777535444,1552.8459886732437
14,30,0.4012327850538502,0.539931165944871,0.5459403185997272,0.5243516259970376,0.3308070647236944,0.06418051397522209,0.26449824246957465,0.3749017748032391,0.0,0.1,0.8,61,130.47921361332152,1446.9167584029474
14,31,0.21360042491662914,0.3516777689151112,0.3575915543763448,0.3591988572047918,0.13967923315245262,0.060261702194673264,0.22179495987136016,0.14617448130923133,0.0,0.1,0.8,67,184.89118006877789,1580.036400710085
14,32,0.27751757887271444,0.4128169525168752,0.41830759085541175,0.4306938036310893,0.2196273524135588,0.06199168053241981,0.2902462996195473,0.2195983161889074,0.0,0.1,0.8,68,189.0735932638293,1597.1660720987154
14,33,0.19764170150322952,0.3202758626113517,0.3143646417060396,0.353177613475942,0.1299162773864878,0.06640195670906164,0.2992002242190329,0.11978097792070563,0.0,0.1,0.8,70,182.4539842793041,1589.1464905120374
14,34,0.30326593628806164,0.4243648005386799,0.41822345156338786,0.4563366850318713,0.2403672325669478,0.0626908030837835,0.3085697706361735,0.2517428193347693,0.0,0.1,0.8,71,184.6987045296968,1531.6833003408728
14,35,0.9011167778014885,1.0363974744474695,1.06099727591422,1.070172997452922,0.937094675696673,0.15896172770784678,0.3993151034914944,1.0,0.0,0.1,0.8,72,144.85602868003988,1506.9276319130197
14,36,0.9087183967532636,1.0768422468166756,1.1348756959082396,1.133706731380348,0.8480162612439568,0.15532891283531458,0.4774101644015468,1.0,0.0,0.1,0.8,80,145.42753256007282,1581.7644797305686
14,37,0.8983622928213486,1.0428194801580226,1.078317347113893,1.1082539377740508,0.8416808146276209,0.13245039324149288,0.3806349178236101,1.0,0.0,0.1,0.8,82,127.86321835918966,1746.949379541453
14,38,0.8910499618640674,1.033050417789222,1.0682090972153757,1.1115362522521772,0.8378348496615636,0.13568643902351576,0.31857758986410184,1.0,0.0,0.1,0.8,84,125.93196706319492,1515.9544186727126
14,39,0.8909234697608608,1.0437360039907175,1.0900208627019352,1.1228117281209298,0.8325472086911543,0.13568643902351576,0.3185775898641019,1.0,0.0,0.1,0.8,86,126.44667610860516,1510.6274172812302
14,40,0.9581424659737643,1.0977592881468579,1.1325911981926438,1.195737473522012,0.9101453964931762,0.11370488858507524,1.0,1.0,0.0,0.1,0.8,87,132.64022086260698,1711.259093705531
14,41,0.3521855689875115,0.4877372986336683,0.5220169351770181,0.689316615053215,0.29655950588758667,0.0748807602189752,1.0,0.2447250249773182,0.0,0.1,0.8,112,157.91391128987695,3230.873814932017
14,42,0.3791801814837299,0.5242253486359112,0.5694541878835555,0.7394294218686792,0.33106450705873136,0.07294981321570326,1.0,0.2793023374097451,0.0,0.1,0.8,113,214.17601693739863,2913.081334345912
14,43,0.5687910886306734,0.7109379491888237,0.7557783400315585,0.9235595737312048,0.5210899593590499,0.07057852478226366,1.0,0.5177942930782699,0.0,0.1,0.8,115,156.39081905176187,3567.6715134315
14,44,0.557159639612092,0.6976107343360891,0.7422254025589281,0.9220168177133266,0.5112293375093209,0.0718744509596851,1.0,0.504099142123584,0.0,0.1,0.8,116,168.38646514148775,2630.6968807965486
14,45,0.603504834829802,0.7308420734073342,0.7640239199783863,0.9625618280195194,0.5551300037626116,0.07028541180426087,1.0,0.5630201094380254,0.0,0.1,0.8,118,59.27136874365834,2826.155556670428
14,46,0.5886380174401344,0.7134426871589377,0.7462907492256619,0.9549864381409827,0.5424103371931066,0.07044614477720577,1.0,0.5456542384996154,0.0,0.1,0.8,120,166.22935836693122,2814.561816717291
14,47,0.5591837553444488,0.6946905417689586,0.7386521901671457,0.9455512591549121,0.5078290120063838,0.07089543881564513,1.0,0.5090238616756045,0.0,0.1,0.8,123,164.840978313129,2824.8357671700724
14,48,0.3395057548565199,0.5346994169942257,0.6253703755051458,0.9017493588011829,0.28160726382553664,0.08115978854578854,0.4055636106650106,0.3009590972682304,0.0,0.1,0.8,157,225.4881420235891,2152.301596955897
14,49,0.45142463017776446,0.6480630769470392,0.7389319836702128,1.0345309039061656,0.39357595450360283,0.08573722376828549,0.47212962589220125,0.43174395362739926,0.0,0.1,0.8,161,217.18485837603885,2223.605036046651
14,50,0.3476443589110421,0.551742944260081,0.6532805285596655,0.9424746225128628,0.29433467540935054,0.08037592173391978,0.44478486302034737,0.3074121137306799,0.0,0.1,0.8,163,220.3378960150849,2226.4798498249697
14,51,0.45370827706984007,0.6587941251263054,0.7604660203331908,1.051799191853212,0.4011855015804323,0.08003222920388223,0.4742985677314871,0.43577290667015045,0.0,0.1,0.8,164,216.37005826851964,1917.470937656446
14,52,0.45374258522826594,0.6700052194692827,0.7828532492501129,1.0736847971897472,0.3964993181878762,0.08003222920388223,0.4742985677314871,0.4357729066701504,0.0,0.1,0.8,167,213.72181898107317,1938.145485020247
14,53,0.4734642053541262,0.7121991425802018,0.8474157741690836,1.158753443702793,0.4160128356204306,0.07524371450265009,1.0,0.39456196623717754,0.0,0.1,0.8,183,224.5685124878856,1914.4617705897988
14,54,0.33507147554979266,0.569386316557531,0.7040039408288775,1.0288745058016973,0.290225864381178,0.07330957438074565,0.45863625070834485,0.29158166841567124,0.0,0.1,0.8,184,222.1614180567352,1866.1762842269263
15,0,0.9056455169869495,0.6453520214538041,0.6115925072352222,0.02970375991872615,0.0,0.0,0.0,0.0,0.0,0.1,0.8,1,373.2045070739885,1479.2427035440749
15,1,0.8370762979957279,0.6284935471984661,0.5931249800598244,0.03165638669682811,0.02841987148171247,0.05134088239399197,8.629685077862e-05,4.502704379165e-05,0.0,0.1,0.8,3,350.6316244564863,1285.629032987417
15,2,0.2253207118858156,0.36127419542650446,0.30858499794890243,0.02866245636985879,0.5233264444133435,0.06714950631073296,0.040538260618433616,0.02115161816027636,0.0,0.1,0.8,5,149.30718746142998,144.5716091443563
15,3,0.22053459321672672,0.3564055242890548,0.3034329393650286,0.03132336416266295,0.024082771794294928,0.06710116480927128,0.03688379592780714,0.01924483083055073,0.0,0.1,0.8,7,145.40469370799923,158.47587101147437
15,4,0.1991942438175346,0.3333769800940593,0.27831561186648984,0.035583124883886694,0.09206974116681407,0.06231327378578101,0.03793474630933667,0.01775567469788782,0.0,0.1,0.8,8,116.54614879363837,119.39829511716988
15,5,0.18052364151806993,0.3057386637760201,0.2463910723304446,0.0523276552434187,0.1894595258136666,0.05391738750313248,0.1565808647857976,0.024661501756289,0.0,0.1,0.8,9,164.48175571696456,4889.935906129444
15,6,0.16384302432966208,0.27788697401983475,0.21559968790078785,0.05281144747445978,0.13886892475501159,0.05108931844636583,0.09969344462127006,0.035560695227147596,0.0,0.1,0.8,10,127.19638608502108,278.02010309317615
15,7,0.14041251076060385,0.24970055402904925,0.18628997794549187,0.0414744316172132,0.041810157096043965,0.06443068695583513,0.052882373133192453,0.02092939124238738,0.0,0.1,0.8,12,106.94618229873284,442.9226537020511
15,8,0.13881829876511823,0.2508377620631405,0.19679455641518695,0.05507913924829594,0.06266904125287014,0.0634939802246875,0.07800189477783243,0.02895026010557622,0.0,0.1,0.8,14,95.60421866914268,942.6647456255396
15,9,0.13870962625546804,0.2617307745489329,0.21883340815721256,0.07142824948395095,0.03130268700435802,0.06349398022468751,0.07800189477783244,0.02895026010557622,0.0,0.1,0.8,16,96.55655508829322,947.3267449711832
15,10,0.16830813527137883,0.29017516582552333,0.24704413990504726,0.10673352748797563,0.07009941992601684,0.04861118829019122,0.13236307999886948,0.060778181802065366,0.0,0.1,0.8,17,157.33220066216683,388.3490751757429
15,11,0.12023701313448565,0.22433221003840612,0.17790448074000442,0.06494361407174717,0.14697302902655077,0.06301577641641101,0.07721751782331582,0.028657971191796888,0.0,0.1,0.8,18,96.72722774442286,841.9393811139045
15,12,0.11946952819098103,0.22113885949503098,0.1742967291070905,0.08031914779264601,0.04637270540279785,0.05955002706751741,0.06463816953226223,0.03168004330069579,0.0,0.1,0.8,19,115.7652278240359,480.44547207624174
15,13,0.11772806074078367,0.22922596546812368,0.19333449625223226,0.08694740812155032,0.03484185016318024,0.05594843805133507,0.06802097033270366,0.030314487903464037,0.0,0.1,0.8,21,145.71726230506474,431.1354446912816
15,14,0.11433734396607786,0.21932567645877082,0.18234017610056993,0.09314640643698018,0.05239397547987647,0.06540009769965241,0.06656782748489828,0.03248694462056402,0.0,0.1,0.8,23,136.70371984806388,555.1848932058871
15,15,0.11880958287326235,0.22986108046667636,0.20325334165509182,0.10854073542864953,0.0672161579859538,0.058069290645766006,0.12893242731599747,0.03432866301272156,0.0,0.1,0.8,24,98.77706448816872,1222.132384779835
15,16,0.1102108573084871,0.21990240619290505,0.19308080300447591,0.10583369387722902,0.04019790928212866,0.06540009769965241,0.06656782748489828,0.03248694462056402,0.0,0.1,0.8,25,123.8657923391834,531.5522748145249
15,17,0.11392099222841656,0.2194168309428411,0.19194355783692882,0.11199347113979799,0.0619876437052318,0.05766856049034667,0.1259791131318631,0.03300947576040741,0.0,0.1,0.8,26,93.94412441984667,1143.4172553560572
15,18,0.11374400463897931,0.21908605679328447,0.1915892549489726,0.11725545507681746,0.0397575079762037,0.05766932453085921,0.12575645142460087,0.03293434523489324,0.0,0.1,0.8,27,93.725423178782,1138.1866404317143
15,19,0.11179853298429493,0.21405726329855165,0.18608980553898355,0.11700439459606361,0.05542763627502815,0.061166546226175234,0.12524086155032393,0.03289050716175151,0.0,0.1,0.8,28,83.84538707664757,1180.9481662283476
15,20,0.10897687509047935,0.21093960413876553,0.18292739064128902,0.11982763492231298,0.03776871868221661,0.06445231873027604,0.09521931071843523,0.03333454040309171,0.0,0.1,0.8,29,75.91350798294084,587.0825017589298
15,21,0.10897687559315503,0.2220366554258199,0.20518980322169159,0.12830158528802066,0.03618962874823041,0.06445231862562123,0.09521930884916711,0.033334539472432215,0.0,0.1,0.8,31,75.9134943656734,587.08244142448
15,22,0.11423169807371804,0.20854769683203192,0.17939576989606842,0.11718006949823943,0.08599591401841777,0.06853518838806447,0.20565096402863828,0.03150544772054252,0.0,0.1,0.8,32,99.93123881544597,593.8986968015622
15,23,0.1135267293017744,0.2176178132665979,0.1994385474296446,0.13353645916677984,0.052542458807440934,0.06853518850162188,0.2056509641210912,0.03150544770984774,0.0,0.1,0.8,33,96.06156877992998,579.636470860478
15,24,0.11587126562113739,0.2194427784251959,0.20118712597551186,0.13907822775201284,0.051117868324667255,0.06741990775113792,0.2112214649686897,0.034091702522561815,0.0,0.1,0.8,34,104.8576230220698,677.2862781350307
15,25,0.11250971290429237,0.2037922995053349,0.17419847428700297,0.12785086611414725,0.05171912619530104,0.07098941024355333,0.20397456480344056,0.03157445373615516,0.0,0.1,0.8,35,94.63670619156473,609.4727407032271
15,26,0.10000612132369624,0.20105703940455474,0.18243627746069802,0.13012620120864538,0.04064821714055946,0.07037306557256565,0.08568628515851529,0.03159720657976304,0.0,0.1,0.8,36,77.20343961699962,547.7574288219655
15,27,0.11861947850508706,0.19535260292838807,0.1540960041392451,0.14056166083930058,0.06428897905041217,0.07037635096628861,0.09560392899351447,0.05497640571969663,0.0,0.1,0.8,37,89.11877297915507,622.8265099823925
15,28,0.12205041900601382,0.20256621898007507,0.17143935327576207,0.15254550135623685,0.09712529017645838,0.0697895610153619,0.14970467848031196,0.05695874384492154,0.0,0.1,0.8,38,98.88594324260757,746.8211348330796
15,29,0.12157395513503166,0.2014164054783239,0.1701954924407364,0.15512885646728924,0.06368567163540916,0.06906474672718775,0.1490836683124762,0.05683307797080406,0.0,0.1,0.8,39,98.66442446658512,727.819570546223
15,30,0.13870799991218868,0.24151369341209983,0.2423711206514516,0.1929648600087996,0.13201531189095045,0.07634300208293472,0.19893889970299047,0.07772428886306826,0.0,0.1,0.8,40,111.47957860270992,654.2629186046908
15,31,0.15273198493201,0.26378273282494874,0.275421134270992,0.21668696617261163,0.10406190927511197,0.07558936992606549,0.2690152808662708,0.0879770628518925,0.0,0.1,0.8,42,119.16577236673392,644.5637499097736
15,32,0.15867679526803552,0.28930135018398695,0.32291924066630545,0.24872003123769126,0.10740702135475774,0.07201721554957369,0.30409821594298414,0.09235886790464136,0.0,0.1,0.8,46,130.3055200468005,808.6746118485029
15,33,0.1633053179222358,0.25502173723382116,0.2641258737415692,0.24484995508183283,0.19208688610838745,0.07815824994759589,0.2247024205496873,0.11584308666639269,0.0,0.1,0.8,47,108.07370523499009,886.1487082309227
15,34,0.2957742017799758,0.3954644165509813,0.41533464692298844,0.39047294723375353,0.25338982519940634,0.07480596945850379,0.4537897052207923,0.25413222678063035,0.0,0.1,0.8,50,104.96563491453205,852.2596769259104
15,35,0.3916137438775278,0.48149112528714916,0.5001236004861604,0.4914149721120097,0.36228206291423076,0.07055416900987535,0.5201281365555824,0.36962431152074837,0.0,0.1,0.8,53,115.95842283419476,888.0202609431998
15,36,0.4025512613463347,0.5009137631033574,0.5303867147553643,0.5123091638214086,0.3651567915013074,0.07196884475769105,0.4897379780832657,0.3880964833397389,0.0,0.1,0.8,55,114.7387326472065,883.6860658479221
15,37,0.4025512613463347,0.5120108153218662,0.5526491890342149,0.5284192098417279,0.3594509976260077,0.07196884475769105,0.4897379780832659,0.3880964833397389,0.0,0.1,0.8,57,114.7387326472065,883.6860658479221
15,38,0.4192047711177525,0.5394143973791646,0.5911750160689848,0.5615020150724677,0.3767063154761263,0.07284983150008517,0.4747762511657931,0.41091351068156545,0.0,0.1,0.8,60,113.34143623585172,898.6597251567404
15,39,0.4020053296308441,0.5318446730462805,0.5945889377901578,0.5478817726351568,0.3658367399216905,0.07196884934252415,0.4897379261711688,0.38809650284290786,0.0,0.1,0.8,61,111.72474359218438,870.6814270349674
15,40,0.1374032004775645,0.25564736306044505,0.30716425632800326,0.312857659720468,0.09537114863083569,0.057347626107476214,0.36614878398435746,0.07298323076480798,0.0,0.1,0.8,67,134.0462615635398,734.2626335549076
15,41,0.14266607844389873,0.26865820913434657,0.3309273544692497,0.32915475612826106,0.10853802133875282,0.057619353362909596,0.37493351062309954,0.07970210873725074,0.0,0.1,0.8,69,134.57120120635736,729.923259911793
15,42,0.9371062162648987,1.0696570904865417,1.1523586404770647,1.1709156265172602,0.9074357133980003,0.08604648872672323,1.0,1.0,0.0,0.1,0.8,78,372.0991088183631,938.1393897928888
15,43,0.9361238308910469,1.0648389588893803,1.1470819385789104,1.202092130542611,0.902310789598236,0.08518766831700886,1.0,1.0,0.0,0.1,0.8,85,370.6034189453379,903.330285284841
15,44,0.9360724717729393,1.0645841208829587,1.1468028965438286,1.2124671421426279,0.9004279668110957,0.0852427269634484,1.0,1.0,0.0,0.1,0.8,87,370.6905261990835,899.9782765298269
15,45,0.9358003888305646,1.063229076931869,1.1453187842566332,1.2158022968756046,0.9045496029452521,0.08657221954560576,1.0,1.0,0.0,0.1,0.8,88,372.9037259660105,975.8447040952108
15,46,0.31640153644697866,0.4318055924151961,0.5026196349169316,0.6023529344243509,0.28473053434946444,0.07675219052648083,0.5109273394889521,0.28717516877835747,0.0,0.1,0.8,89,156.90792853857113,941.2754608997934
15,47,0.31396571662819417,0.43843064711217583,0.5201684244228224,0.5839432156234788,0.2874140730992789,0.08226383540831819,0.489575569002779,0.28742691869906334,0.0,0.1,0.8,90,143537.20184783437,1017.4525528833092
15,48,0.31331434315497764,0.44883204552154965,0.5417299586277682,0.5902303832633975,0.2783505736888687,0.0823226347599934,0.4892304611032027,0.2866693850838045,0.0,0.1,0.8,92,143537.0459305597,1017.5752780942296
15,49,0.24215458889063435,0.40776096358086605,0.5337760168027246,0.5692990984193236,0.2105464048013891,0.07035613757447302,0.5062780785947605,0.1965580448396912,0.0,0.1,0.8,97,150.4175380873036,1039.5128925243516
15,50,0.25277483374932647,0.4020890966865013,0.5163282446361654,0.577007522532417,0.24125574759464358,0.08123973457467823,0.5058420218991913,0.21141381104304663,0.0,0.1,0.8,98,247.8418539660657,1060.5952274652473
15,51,0.25725934097921654,0.4026814181309076,0.5164656044054152,0.5924399213717985,0.23310698405367006,0.07877002553026667,0.5072828400219188,0.2179468234438548,0.0,0.1,0.8,100,167.42081134150575,1065.1203595210986
15,52,0.2559798842551514,0.41176657629426383,0.5366308164119786,0.6030103794381404,0.22547521379602165,0.07973991540750372,0.507268715599408,0.216554352511615,0.0,0.1,0.8,102,169.84306512774785,1064.441762451944
15,53,0.2537497035470475,0.45039612634486936,0.6195116425689271,0.7243029792731769,0.22305464446465173,0.07457076626108841,0.5263057290142472,0.21236059599929077,0.0,0.1,0.8,129,137.487545702405,990.0631861159758
15,54,0.5396607996975931,0.8628864899750355,1.165224984875337,1.2762411170188739,0.51026022400638,0.08304829473270671,0.7331017152877473,0.5456553154153845,0.0,0.1,0.8,192,205.441725200974,1207.0254124488806
16,0,0.8426823196727855,0.6298917361791653,0.5946606351779398,0.02820214929797375,0.0,0.0,0.0,0.0,0.0,0.1,0.8,1,514.5743753002414,1527.021523437176
16,1,0.7812113258552204,0.6136792880771667,0.5769013819601068,0.030213605879058834,0.02731530459208177,0.04664145401332693,8.440505058951e-05,3.452068488611e-05,0.0,0.1,0.8,3,491.48118715290747,1479.942668151649
16,2,1.2274332987247343,1.1904774360674923,1.1490300469550951,0.6568951948583249,0.813663692447379,0.06398916852701177,0.6103060114663318,0.7060714077847413,0.0,0.1,0.8,4,197.7084011586638,523.2286903429793
16,3,0.17400746136364628,0.2917456404287308,0.22259921008730027,0.02048913362768618,0.9741205449069864,0.06054399798027421,0.0392383368769429,0.01776698024224942,0.0,0.1,0.8,5,177.810155001098,125.7560570220201
16,4,0.1613168883093551,0.27187942079733574,0.20047165786846463,0.022027010948397208,0.06089923226809493,0.06064540328421234,0.04765304971371878,0.02157713247128166,0.0,0.1,0.8,7,127.28902036894767,84.56440438195803
16,5,0.15918944881903288,0.2797873573926238,0.2192412453492971,0.030954888508246334,0.027329860786378793,0.06064540328421233,0.04765304971371878,0.02157713247128166,0.0,0.1,0.8,9,132.7658364260375,85.55451953780532
16,6,0.15593679757499554,0.282980310896084,0.23233984736306718,0.04188090785509754,0.07178528659968642,0.06640181735482678,0.0407941981749212,0.029096188373540683,0.0,0.1,0.8,10,137.5682509104393,208.3056440192755
16,7,0.15594706123637883,0.282959305500565,0.23230659929580327,0.055051042618860915,0.02759452210819458,0.06489824209516758,0.05458341200335669,0.027507352760128067,0.0,0.1,0.8,14,122.07592267319583,113.11502011013584
16,8,0.13490940149296618,0.25463791809311076,0.2022437954180056,0.058900096958070185,0.03788206856762774,0.03763843368056856,0.09412634052726217,0.01002980700325111,0.0,0.1,0.8,17,168.23937964611727,1395.275045442099
16,9,0.13095702108615143,0.24958445118826075,0.19694441333925303,0.06152798640580948,0.019299380004570533,0.03790935619690603,0.057516551169889726,0.01151806231425529,0.0,0.1,0.8,19,174.64523151539842,430.8719848100792
16,10,0.13302692967079113,0.262672459291311,0.2211798140801226,0.07018578403310291,0.017779420626903512,0.041063498417472935,0.08740828536392409,0.01050396245472234,0.0,0.1,0.8,20,165.9962088408876,1367.478540571592
16,11,0.3824583840647191,0.5036581006026386,0.46039329568434717,0.33166652812566877,0.3392413878790064,0.048393353729075,0.3554325774002701,0.30150345511427734,0.0,0.1,0.8,21,193.66506140872653,1147.9744784209734
16,12,0.38204929291405887,0.5021275573792061,0.4586402758849488,0.33777168727755924,0.28147901137134074,0.04902950507357851,0.35800001379235147,0.30219215220929707,0.0,0.1,0.8,23,183.83779707648588,1230.5404639476503
16,13,0.3820492929061567,0.5132246095977148,0.48090268939680614,0.34561074713329387,0.2775537706669721,0.04902950507357851,0.3580000137923516,0.30219215220929696,0.0,0.1,0.8,25,183.8377867156184,1230.540495966062
16,14,0.9101720929585868,1.0619117934576852,1.0516014574869885,0.8882575650929023,0.818648173197443,0.19290038479516897,0.07397626030808359,1.0,0.0,0.1,0.8,26,1257.0351919220882,1033.6247174634375
16,15,0.9092619305534126,1.0499301210186416,1.0284551038182257,0.8822443426824328,0.8066438928629136,0.16389172707552,0.06508095310481962,1.0,0.0,0.1,0.8,27,1042.4370663416155,844.1840653226151
16,16,0.9079284834832181,1.0557096140574163,1.044643603503041,0.8952041826485838,0.8356982098082941,0.13278113369260777,0.0913352353489243,1.0,0.0,0.1,0.8,28,514.9546685236635,1626.614925387349
16,17,0.31548833019899136,0.4575257640690644,0.4454102923826422,0.3219060246997418,0.25900002603562805,0.10869918511614066,0.04248585251641172,0.2721581436843548,0.0,0.1,0.8,29,320.2296402086039,343.1039599350641
16,18,0.9345091290298284,1.0805058502152403,1.0783147570253635,0.9536126112889112,0.8687538760548579,0.1855096302257152,0.46895511073265456,1.0,0.0,0.1,0.8,31,1331.2295017880674,1170.276720459566
16,19,0.929709646463632,1.0569768644470434,1.0423538507110468,0.9537814967746617,0.8701019433817554,0.17615978914697966,0.47768153389740975,1.0,0.0,0.1,0.8,33,1364.1841435058705,1141.872039181886
16,20,0.9243038708987599,1.0624626989820123,1.0589717154755163,0.9572365420342577,0.843095259277014,0.18033000851211017,0.4250710513960964,1.0,0.0,0.1,0.8,35,1383.5365831472022,1042.8391208740768
16,21,0.9619908369071744,1.0953934067134017,1.0911412786808194,1.006725293477535,0.9102792451225865,0.18154096840223471,0.8343379980737631,1.0,0.0,0.1,0.8,36,1359.6601377658444,1107.0650308697684
16,22,0.9619505037448399,1.1060185437594983,1.1128635089440233,1.0254322573495458,0.8842782998215938,0.17483487463359798,0.8367763231147229,1.0,0.0,0.1,0.8,40,1352.592275128863,1183.6807383753712
16,23,0.9272374304260717,1.090708056177593,1.1194463938239534,1.0093269977056034,0.8533401800119316,0.1153514769770625,0.5076774414919676,1.0,0.0,0.1,0.8,46,337.0034909910489,845.6036790080624
16,24,0.926859589159257,1.1008270722996951,1.1406375460038296,1.018502778396108,0.8524058691763947,0.11535147697706252,0.5076774414919675,1.0,0.0,0.1,0.8,48,345.9495182296582,832.9067321398456
16,25,0.9504292794705098,1.103830928294354,1.1310380485544027,1.0504774023714865,0.9053334884266465,0.17335377288537177,0.799745350141189,1.0,0.0,0.1,0.8,50,1338.6231069562632,920.8633640490796
16,26,0.9297871828529863,1.0792546497073474,1.1058807913990323,1.0449210064514225,0.8819967887871275,0.11821633105014775,0.6150116103007096,1.0,0.0,0.1,0.8,51,415.179251710847,946.6995248096304
16,27,0.9236858717748182,1.0727404969864764,1.0993062842873362,1.0322270024612683,0.8577555548062707,0.11989419474544336,0.5562207139430599,1.0,0.0,0.1,0.8,52,421.3026760545974,936.7074770649727
16,28,0.9363091105502457,1.0832237490243624,1.1094763315269558,1.0524442004720038,0.8749657956207599,0.06388249932447441,0.6939535829250739,1.0,0.0,0.1,0.8,54,160.09103024435663,897.4939849518446
16,29,0.9275631017633394,1.0717735460729145,1.0976371325643506,1.0480483111838739,0.8756484983435668,0.06414469541478905,0.620312838141269,1.0,0.0,0.1,0.8,55,149.13657008000047,971.4017651001012
16,30,0.9267219324297082,1.0704821224731307,1.096281215415076,1.0477310332564127,0.8636996410777321,0.06464591559108743,0.6141903313378344,1.0,0.0,0.1,0.8,56,149.44431567509838,970.1022477704906
16,31,0.921033616437612,1.0750584350543289,1.1119030838727504,1.0619443405808484,0.8582780936016271,0.1193797181492218,0.5615504278794261,1.0,0.0,0.1,0.8,58,409.4419825711039,1154.9461234593475
16,32,0.9206154344458108,1.073909412760182,1.110650108806016,1.061775370048267,0.8597392909077625,0.1610482946357826,0.5609869136119757,1.0,0.0,0.1,0.8,59,985.9367532402324,957.370328869955
16,33,0.9201319137440456,1.0839190460171029,1.131738992931871,1.0817823134289166,0.8589511148805112,0.11519539406297016,0.5591548167156469,1.0,0.0,0.1,0.8,60,369.3127270027943,1059.9479739864016
16,34,0.9364061744429497,1.0993842962067109,1.1470888957216512,1.1088732563350394,0.8734117345430984,0.1278929316033782,0.7259277867178164,1.0,0.0,0.1,0.8,65,550.67867599802,1111.671235996592
16,35,0.9609412766256811,1.1067929991512455,1.1424847939713307,1.1386802791986157,0.929861407915841,0.1210927451353879,1.0,1.0,0.0,0.1,0.8,66,504.4828324427162,234.78276864778437
16,36,0.9589262537111589,1.1225359768190544,1.179944364171246,1.1553286421470619,0.9054270644529538,0.1189797903091303,1.0,1.0,0.0,0.1,0.8,70,513.9813197069586,1079.5631625388023
16,37,0.9575274874683899,1.0846262411182392,1.1080990006138682,1.1605046070490368,0.9154588597075365,0.04923501918710816,1.0,1.0,0.0,0.1,0.8,71,227.83471098819737,1245.7010914452728
16,38,0.9560030979896021,1.0905904664339823,1.1247399810722967,1.1708757395961,0.9086157892698504,0.12100340961963656,1.0,1.0,0.0,0.1,0.8,73,602.1553999085177,1243.9614157085882
16,39,0.9559950385399565,1.0905630353661815,1.1247099621774077,1.1708729750729123,0.90004598934118,0.12100340961963654,1.0,1.0,0.0,0.1,0.8,75,601.8172185517399,1244.2011484854545
16,40,0.9559211660713254,1.0903131078595512,1.124436206870778,1.1809817520334556,0.900845575943472,0.12161762107985057,1.0,1.0,0.0,0.1,0.8,76,610.9665637245308,1228.7002622672037
16,41,0.954850801002312,1.0755313181940367,1.0981383788411272,1.1862510507503274,0.9123645112853469,0.12287721790189077,1.0,1.0,0.0,0.1,0.8,77,609.3029747505154,1183.8763201007423
16,42,0.9509364661820784,1.0947963095054152,1.1495642702716564,1.2366669960725238,0.9042815105584565,0.12265435965748672,1.0,1.0,0.0,0.1,0.8,88,567.7689925886358,384.8098057960024
16,43,0.947637492632534,1.1044164019159413,1.1803178381145414,1.239895806101277,0.9422134432006478,0.1187169172418733,1.0,1.0,0.0,0.1,0.8,89,582.8311530983099,418.1395402000708
16,44,0.9472110369026383,1.1138336398868045,1.2007404093580685,1.246831309075911,0.9028200029838919,0.11956325702430559,1.0,1.0,0.0,0.1,0.8,91,585.2833682886973,420.8188159044457
16,45,0.947168701181094,1.113666513566314,1.2005576222410115,1.2468164416541276,0.9002813074768737,0.1188157082154229,1.0,1.0,0.0,0.1,0.8,93,580.8230296201617,422.3201492693394
16,46,0.9466316879236947,1.0893367650389343,1.1536938736296891,1.262072621614582,0.9017924601047785,0.11637737215558004,1.0,1.0,0.0,0.1,0.8,97,545.4030626576978,1140.597336328672
16,47,0.9465237103755243,1.1000013546206322,1.175482486891648,1.2844586151293975,0.9007250784168958,0.11637737215558006,1.0,1.0,0.0,0.1,0.8,99,540.1834986546124,1145.3726316384707
16,48,0.9463700071002177,1.0993856795433234,1.1748082163295255,1.282787438211837,0.9020701527243035,0.11560638361018838,1.0,1.0,0.0,0.1,0.8,100,608.6505102709665,1277.5664158616676
16,49,0.9457409428945163,1.0857465970448104,1.149761884535177,1.273885020826897,0.9085317644978876,0.11687563577339247,1.0,1.0,0.0,0.1,0.8,101,567.9453665506795,1140.5229694745035
16,50,0.9448297821419263,1.1153031492813104,1.2124587164236535,1.2991384183278138,0.904179418875706,0.12222619314806886,1.0,1.0,0.0,0.1,0.8,104,530.9223575616311,982.5730096006918
16,51,0.9435669736284176,1.232086517926499,1.4515576950398699,1.507385840340059,0.9004927934937428,0.12668806355722767,1.0,1.0,0.0,0.1,0.8,140,465.4224312196441,330.78638217273334
16,52,0.9434438375739488,1.2426604325896324,1.4732470758011125,1.5318275176303886,0.9008774025063675,0.12668806355722767,1.0,1.0,0.0,0.1,0.8,142,456.977308707642,323.9707201081109
16,53,0.9431367259818882,1.2302552401594216,1.4495520804127198,1.4279869508345948,0.9006276852411847,0.13076468333467628,1.0,1.0,0.0,0.1,0.8,149,428.6067609075814,143.6609327170422
16,54,0.9431081708570463,1.2634243116304762,1.5162055727951518,1.6208962482306242,0.9000679606076335,0.1275010470721152,1.0,1.0,0.0,0.1,0.8,155,482.0190215336289,332.0268589369956
16,55,0.9443506698813176,1.2353808706400793,1.4551654922229793,1.589816657238159,0.900305812413875,0.16745688518829815,1.0,1.0,0.0,0.1,0.8,158,454.8420358318714,129.33879755802442
16,56,0.9440935053278967,1.2564991523038076,1.4985120472388025,1.6121066534365611,0.900533799479764,0.16957270535627797,1.0,1.0,0.0,0.1,0.8,168,448.0665944029109,127.11841381034172
16,57,0.943945996292201,1.2447828691288307,1.4755716563782069,1.6311300550429915,0.9010693271822838,0.16956426279588196,1.0,1.0,0.0,0.1,0.8,170,448.0632954817965,127.11996105053812
16,58,0.9422727626166167,1.2709202742260142,1.5345237830467622,1.5432761272986117,0.900929100595151,0.12786385136962725,1.0,1.0,0.0,0.1,0.8,174,406.7196830315249,161.45690211800783
16,59,0.942248719401615,1.2597185775636723,1.5121469452857634,1.514977344807432,0.900350908661874,0.12752503553428501,1.0,1.0,0.0,0.1,0.8,175,406.89340103826936,161.86293380313666
16,60,0.9422228823173004,1.259606228714994,1.512023892123516,1.5195818218265693,0.9003582754377853,0.1320301644857751,1.0,1.0,0.0,0.1,0.8,176,411.47911111274686,145.2394254277955
16,61,0.9417131318760188,1.2795708815828741,1.5541069798062774,1.590383123682378,0.9024963342618469,0.12897764347255508,1.0,1.0,0.0,0.1,0.8,179,416.2623316270084,154.80616807748487
17,0,0.9356368811876008,0.652344573156922,0.6192507283835701,0.030380985036422156,0.0,0.0,0.0,0.0,0.0,0.1,0.8,1,311.07434504509285,1382.6765663257484
17,1,0.8703368715188954,0.6368526608117936,0.602279746416011,0.03246835049380495,0.026128089082194342,0.03817341663191454,8.061260589064001e-05,4.6694646718000005e-05,0.0,0.1,0.8,3,276.2975527813376,1332.0520165352707
17,2,0.3544958142699039,0.4598155698949953,0.41766781038683015,0.039528086748980826,0.6701383240004968,0.05367946565833748,0.01184075853666912,0.00949234475381873,0.0,0.1,0.8,4,65.08363437660304,476.7037981329684
17,3,0.2400263093827557,0.37567898700002345,0.32219727016289035,0.06288856112933727,0.24343712728124806,0.058914325126253664,0.04863045464729736,0.04855380301789495,0.0,0.1,0.8,6,114.22216006271496,109.68766827751368
17,4,0.2188354309224728,0.3654964704824031,0.3229901166086267,0.05795589533193277,0.03125297716351268,0.06260080496547037,0.02451265170326327,0.027464109342564207,0.0,0.1,0.8,7,83.50677707074672,189.54653527687597
17,5,0.2274538245419626,0.3622299979082452,0.3077267370541303,0.0650448409526169,0.07016304627838833,0.059267440454249955,0.04504991005308471,0.04560468885618381,0.0,0.1,0.8,8,99.87453490251808,102.3638922940898
17,6,0.21754911033343438,0.35064848276617955,0.2949273697782128,0.0688927126565804,0.08507811103981894,0.061460447145317766,0.043645483524694675,0.047295068126036524,0.0,0.1,0.8,9,100.961927751816,109.0523206901404
17,7,0.23330352192018872,0.36523327175946174,0.30879497383242155,0.097406230029939,0.09005684376682488,0.06514838725302273,0.0750579111295926,0.07101707754304803,0.0,0.1,0.8,10,132.49128464883535,544.1258936741393
17,8,0.20572478850823267,0.347579801110354,0.3017153830191375,0.07360767453318158,0.06284010614878005,0.06917186514786156,0.04018226941110253,0.04720564688235771,0.0,0.1,0.8,11,96.99932298190608,107.89697556764806
17,9,0.2138560559955618,0.35394977557423973,0.3073811813197692,0.09407559154487626,0.07983520044672252,0.06507948383031839,0.0648247060639557,0.0613347894707687,0.0,0.1,0.8,12,94.0921668012874,318.92669746325186
17,10,0.19152697936737845,0.31804186009971547,0.2593332193106658,0.07885091027844322,0.07578309255969475,0.08546667786379042,0.02679396197801843,0.04787283183365485,0.0,0.1,0.8,13,121.71759387403765,428.3688194688503
17,11,0.17269866795792657,0.3078512599806107,0.2595023226155376,0.07446750810388064,0.04222443164221491,0.0740020036145074,0.026676579117628357,0.031858373044112195,0.0,0.1,0.8,15,81.09729587775054,145.73357095231196
17,12,0.20168927865787015,0.3256401916253592,0.2659287108587593,0.1055955340662861,0.06857157152967845,0.08675241955331206,0.036370624740206844,0.06934353917249075,0.0,0.1,0.8,16,116.38114322608324,658.1386499329233
17,13,0.17237021347916068,0.31596153126359167,0.27797826435419837,0.08420994571764652,0.052068388702431044,0.08680562441139757,0.03180373313454919,0.03798294750011054,0.0,0.1,0.8,17,98.51611234735915,312.98903073114514
17,14,0.19515664477954914,0.3264761618829699,0.2769533626912306,0.11715253097817399,0.07294126935233647,0.08675241955331206,0.036370624740206844,0.06934353917249075,0.0,0.1,0.8,18,108.48642592803606,630.3643790535593
17,15,0.1695994457135172,0.3157705525638435,0.2866977279344532,0.09646619539332271,0.11167143260422789,0.0975446014610937,0.03908476941294857,0.05257372803874881,0.0,0.1,0.8,19,95.4713449625557,503.1277401457873
17,16,1.0105830221082035,1.1489962896094248,1.1179428282247128,0.960924822708433,0.976145713511722,0.06958770985333594,1.0,1.0,0.0,0.1,0.8,20,294.9967930001354,350.9839590678825
17,17,1.0064652892439314,1.1310523074057532,1.088181706922977,0.9659637497934326,0.9257849941833598,0.07706144557206591,1.0,1.0,0.0,0.1,0.8,21,256.2522593726274,330.455822659331
17,18,0.9409559332676584,1.0708380720542756,1.0473704041746625,0.9132872722270187,0.9425221845301047,0.06952853444278376,1.0,0.9354339204640499,0.0,0.1,0.8,22,211.47608730594243,180.9566789788963
17,19,0.16250815355301756,0.28321893384979957,0.2581209689771987,0.18786079817195045,0.08386943833518422,0.0730475534988744,0.45258569663437076,0.04074487144437558,0.0,0.1,0.8,32,114.62756298001328,380.6408809589027
17,20,0.16414567930948143,0.2914437951292843,0.286240818528856,0.205965024846395,0.1311116346005567,0.07181809773051143,0.5037380482530058,0.0488741949242187,0.0,0.1,0.8,34,127.89161567087032,481.7478741094856
17,21,0.12141874647320262,0.25893165727934964,0.2647589991077314,0.18482687972217096,0.048465887168488944,0.08530947536624875,0.10290306242071032,0.046238035384753504,0.0,0.1,0.8,38,94.63638807685786,826.0970155804413
17,22,0.16683947938036495,0.2895724564751606,0.283672284015249,0.24457131876327032,0.10495924567555726,0.07487432001064487,0.5092981016290492,0.0549949221536283,0.0,0.1,0.8,40,99.97511036671187,453.6635669836281
17,23,0.12273555610790626,0.2441876664886542,0.24763954235289076,0.2116474664589314,0.12122553068160422,0.0835322504377988,0.09983478730434257,0.05938606036021621,0.0,0.1,0.8,41,93.06690439552412,745.3808628979864
17,24,0.5374801468561897,0.6474468605703897,0.6492830166224547,0.6238849144920813,0.5062084414239396,0.08436638219049601,0.4344789429199844,0.5428449033747779,0.0,0.1,0.8,43,129.0434387147347,611.622958604035
17,25,0.5751241952074638,0.6811460865655986,0.6921136948058441,0.6881248474049513,0.5934410808162615,0.06931170065643685,1.0,0.5271165857964932,0.0,0.1,0.8,44,172.67577016587228,358.5118062041513
17,26,0.8852736487648875,0.9870414616801099,0.9974483228262045,1.0090171200386027,0.843366179352198,0.07101099681671848,1.0,0.9168488028037463,0.0,0.1,0.8,46,192.8483763289,340.4455565665605
17,27,0.5166920883227711,0.60679924610111,0.6059613604651878,0.640341701212962,0.4684762746866086,0.06765377687515738,1.0,0.4564587132140918,0.0,0.1,0.8,47,163.44366225507866,424.3974978474485
17,28,0.5333889119177517,0.6157814781646858,0.6139479363294003,0.6428855017525837,0.519212433707385,0.07274791624587273,1.0,0.4807619789453139,0.0,0.1,0.8,48,148.97182687489544,523.8294697077155
17,29,0.3638439168381427,0.4497033679230277,0.4580614457715473,0.5007883286937347,0.32624939524165564,0.07388094931579745,0.788850879700284,0.29847301471814947,0.0,0.1,0.8,52,158.3881966115434,702.4070337015646
17,30,0.3656632219480297,0.4511591871822028,0.4594713061930844,0.4833233928937314,0.3212248327855566,0.07595223824578204,0.78704028865839,0.3011231888105011,0.0,0.1,0.8,53,153.48165640781374,710.8233303099705
17,31,0.4203501005940334,0.5000459722690873,0.5076284991149405,0.5611838988895204,0.40188629642388063,0.07121144262563768,1.0,0.34519204901275763,0.0,0.1,0.8,54,170.10951374388475,640.9724102446758
17,32,0.5742480054347752,0.6516051726047131,0.6588958384124273,0.7257207347477587,0.5359262104780609,0.07066989408360175,1.0,0.5384737791833567,0.0,0.1,0.8,56,166.78179404963026,729.6357083520479
17,33,0.142008979175897,0.21911632368155196,0.2263757894600734,0.3023436404730687,0.09916508761791551,0.08268758093417992,0.4589749608217092,0.06589924488133521,0.0,0.1,0.8,58,103.90171238980074,739.7981137063452
17,34,0.15114022145398415,0.254136010762567,0.29397626066558735,0.3377539983702473,0.14224324617983586,0.08297608505701433,0.5122488434940292,0.07341943830810072,0.0,0.1,0.8,59,108.48364715774726,835.569362281845
17,35,0.4270208449509476,0.48508647809109934,0.4801967730232145,0.598277146053483,0.3873543020036474,0.08482498867960842,0.712577124787151,0.39345235946057056,0.0,0.1,0.8,61,159.27329833784887,815.3443282312605
17,36,0.22982431859972277,0.27149451989848694,0.2744710167029653,0.40588850530691395,0.3120974928903249,0.08376642156603986,0.5344137367727604,0.1781834518914805,0.0,0.1,0.8,62,142.4020898109066,845.7970408831779
17,37,0.41817400240040603,0.4513540563425756,0.4533371126461356,0.6048510888154786,0.4213261437580741,0.0829585948427361,0.7194936328811624,0.3929191520774131,0.0,0.1,0.8,63,158.71119304355335,771.1983846584939
17,38,0.41651103989627425,0.4372371402348316,0.43778173939518716,0.6108327278314499,0.412648136382911,0.08448432690716903,0.7203080970897785,0.3940606428237207,0.0,0.1,0.8,65,149.6902545629737,815.9781526052408
17,39,0.4282956635823198,0.45874695114181485,0.47029938263811644,0.6335582169439299,0.4021368205273166,0.08449919198904987,0.7427496985348497,0.40633782244611805,0.0,0.1,0.8,67,165.14603788836297,884.3263860161902
17,40,0.5280928473946196,0.5709934689467351,0.6037654739997593,0.7726877691161693,0.508962332979044,0.0681421810046931,0.9507493186103206,0.5074938149818397,0.0,0.1,0.8,72,176.6919679445093,1245.399804847507
17,41,0.4404755790001087,0.47898717797872403,0.5112617379841042,0.6921630306424132,0.43212399639266497,0.06979900823199998,0.8383454539212218,0.41306940984567947,0.0,0.1,0.8,73,155.55588892772894,1120.2734415027337
17,42,0.5236587230409971,0.5588418284659681,0.5907414896251297,0.7755748787448768,0.5113501858297691,0.06839746034307954,0.9460254395770005,0.5043505007887565,0.0,0.1,0.8,74,162.4700843603059,1165.8696514352202
17,43,0.43918361447896037,0.48144716904669427,0.5240647358872783,0.7024470969868573,0.42942762063923207,0.06979900823199998,0.8383454539212218,0.41306940984567947,0.0,0.1,0.8,75,147.06271704820998,1093.6204003119235
17,44,0.5223143670695506,0.5607725015219289,0.6029648311753759,0.7858056739936472,0.5130826788027274,0.06839746034307954,0.9460254395770005,0.5043505007887565,0.0,0.1,0.8,76,151.79147678230703,1131.1679398780998
17,45,0.5407809261353043,0.5790293957425068,0.6211983434649941,0.8301042669583631,0.5166917498893184,0.08189338363545211,0.9134038004491585,0.5315564413519028,0.0,0.1,0.8,84,154.79160409272106,687.1593999563788
17,46,0.2150320076833115,0.29444905710534824,0.3809206427972055,0.5490566786451546,0.20402116190487574,0.08850638667445052,0.931402369987893,0.1228052532322638,0.0,0.1,0.8,85,119.07874972766469,884.9667173580898
17,47,0.186089024026398,0.2517991366266486,0.3268156098482381,0.5268571549508596,0.17314219286590868,0.07692163724900572,1.0,0.07859520732367316,0.0,0.1,0.8,86,107.45795162129818,779.7215199287399
17,48,0.20782323541516481,0.2775708216502066,0.3629717711041162,0.5525288330145561,0.19949441972076912,0.08910428978455907,1.0,0.10719160072872151,0.0,0.1,0.8,88,121.0019331320522,827.2166372711703
17,49,0.9205959305887622,0.9696844792224477,1.0428695827288539,1.2800687962740356,0.9371456386649115,0.08576171588799787,1.0,1.0,0.0,0.1,0.8,89,161.98715291487855,1293.1142797256737
17,50,0.9204099954445649,0.9682305479652117,1.0412771836588806,1.2799223674708817,0.9048216027508976,0.08576171588799787,1.0,1.0,0.0,0.1,0.8,90,160.5709563727412,1288.5025776291502
17,51,0.9201282890712379,0.96602768082598,1.0388646732418985,1.2868789600351618,0.9073746118311059,0.08764499403344167,1.0,1.0,0.0,0.1,0.8,91,146.77221409394872,1351.6739862346494
17,52,0.920084374746028,0.9878776269586439,1.0830125626036762,1.3214014472242608,0.9005722967898807,0.0860024815973936,1.0,1.0,0.0,0.1,0.8,93,152.05384778212772,1252.419799113586
17,53,0.9200734411057586,0.9988889147583802,1.1051809695762755,1.3369723876775668,0.9001440171814843,0.08599374185510746,1.0,1.0,0.0,0.1,0.8,95,152.5576855826678,1255.3018578768822
17,54,0.9196960710111954,0.9848110198388423,1.0796539708617403,1.3174415348084154,0.9025050599994386,0.08719125670094649,1.0,1.0,0.0,0.1,0.8,99,169.4780189139827,1312.7069195968998
17,55,0.919637376165991,1.0065376954939815,1.1236668359635114,1.3410833839696306,0.9007867911756621,0.08928741925545569,1.0,1.0,0.0,0.1,0.8,101,152.13316300970186,1611.6857247801925
17,56,0.9187947109117022,0.9775202822690743,1.0716691878892355,1.3387109552204772,0.9229063324713006,0.08821180247537971,1.0,1.0,0.0,0.1,0.8,102,157.5240878613872,1456.6052449422623
17,57,0.9187947109323463,0.988617334487583,1.0939316621680861,1.3507685954549662,0.9000000252931997,0.08821180247537973,1.0,1.0,0.0,0.1,0.8,104,157.52408694144503,1456.6052415427575
17,58,0.9187947109324239,1.0219084911431093,1.1607186596356827,1.4058733196977338,0.9000000168621349,0.08821180251780164,1.0,1.0,0.0,0.1,0.8,110,157.5240880080295,1456.6052455372974
17,59,0.9187658212899752,1.0216705858945894,1.1604582123006737,1.4096476618068774,0.900794641020353,0.08754905136136233,1.0,1.0,0.0,0.1,0.8,111,159.89323498599322,1435.7893054345575
17,60,0.9187630207036525,1.0216476420076326,1.1604330547652806,1.4172411832256384,0.9000632036750352,0.08572667015531746,1.0,1.0,0.0,0.1,0.8,112,147.41362941502638,1356.458973536967
17,61,0.9168846661520714,0.9501107190707303,1.0315416428308133,1.3057889429715384,0.953899613871346,0.08726804795526386,1.0,1.0,0.0,0.1,0.8,113,157.88603045764316,2005.861652727956
17,62,0.9162302144400966,0.9442263317084941,1.0250970600806912,1.3534964517523993,0.9039544519146515,0.0905251024335007,1.0,1.0,0.0,0.1,0.8,118,138.97052574535005,1753.2566647535914
17,63,0.9157591916576733,0.9509870739559366,1.042610350733719,1.3691030882334783,0.90485368456738,0.09076283394172044,1.0,1.0,0.0,0.1,0.8,121,145.2451541306154,1760.4019124473195
17,64,0.9156683029093348,0.9390503262730788,1.0194282895391686,1.3334303659343416,0.9009492773917418,0.09106548339849486,1.0,1.0,0.0,0.1,0.8,124,148.74551803095758,1816.0683508068355
18,0,0.6630370542315351,0.578527061722019,0.5384063807287933,0.023217756239324004,0.0,0.0,0.0,0.0,0.0,0.1,0.8,1,892.4116253422462,1500.3703602034475
18,1,0.6103480415992919,0.5608667001624643,0.5190578190551159,0.025120225003728305,0.029845640320449264,0.0810607768654382,7.523437449748e-05,8.351039875141e-05,0.0,0.1,0.8,3,833.9521085442653,1392.108758828805
18,2,0.20055188179630212,0.33390123690307855,0.2783370943428723,0.028561155602598302,0.4632827167043765,0.1056882725702694,0.024094190347450008,0.02674462912661708,0.0,0.1,0.8,5,209.57510519131247,253.401895726324
18,3,0.1984732016022295,0.33087479130766995,0.2747466774561707,0.034351808287810426,0.03664744882897191,0.10166336294174941,0.0293167553588224,0.02971344653638202,0.0,0.1,0.8,7,162.99181330118483,156.4228633312794
18,4,0.19812701073794087,0.32751412490279047,0.269941666093452,0.05352525789038988,0.08953653524903049,0.10251876538434901,0.03478237814822891,0.043795581147913834,0.0,0.1,0.8,8,173.37170904342028,124.38019387874463
18,5,0.2341252550813085,0.3604125415414424,0.301662719493483,0.09758321459506487,0.12523274067463702,0.09627275534102167,0.06526951516277389,0.09656774110268083,0.0,0.1,0.8,9,130.0846562850195,242.73479740460152
18,6,0.35098437490718337,0.46753131770258494,0.405880433333182,0.2372910942613519,0.3236922404642719,0.1520009646464686,0.04197993773311355,0.27147293886970925,0.0,0.1,0.8,10,220.78902842776276,389.6922533732395
18,7,0.34988560923167367,0.4658865449161478,0.4040947155175129,0.24171550126927857,0.22369849953521326,0.15425647945682325,0.04147543146177092,0.2713314215876658,0.0,0.1,0.8,12,239.2580149717049,423.9821648990836
18,8,0.3474401815498801,0.46091687979150037,0.39849296737950823,0.24669752675644757,0.24517783583414576,0.14961493319453817,0.042507624692185206,0.2732901189730847,0.0,0.1,0.8,13,208.48705774882288,347.0623743782967
18,9,0.3471307662889134,0.4715057799453768,0.4201988767630378,0.2627756481624969,0.2237349273644938,0.14961493319453817,0.042507624692185206,0.2732901189730847,0.0,0.1,0.8,15,205.91280869526517,340.947091409999
18,10,0.593859919226308,0.7145494349683277,0.6711603379160024,0.5272002997133278,0.604226950199721,0.09952849315183197,0.5456147030438971,0.5429790801629306,0.0,0.1,0.8,16,143.10899109390377,483.32831428789297
18,11,0.9334456619736251,1.06318173093551,1.0305772713326815,0.875517324889857,0.8368333374520689,0.10414320412315017,0.9327371886984419,0.9215067975935067,0.0,0.1,0.8,18,117.9392731593428,508.5763233638152
18,12,0.9222494557869341,1.0487043766264919,1.015472200540184,0.8698310810707248,0.8447150553009732,0.1043303798377349,0.9282871703622841,0.9122088002268912,0.0,0.1,0.8,19,157.5306832700074,531.1091445690003
18,13,0.8055009440661414,0.9284089989428025,0.8945166062802534,0.7586497838700937,0.732579992517135,0.10691108643366513,0.7950826536175869,0.7871597147610767,0.0,0.1,0.8,20,141.12359651856048,536.6343370754613
18,14,0.9242330518389583,1.0578128687975283,1.0350095286560097,0.8910454425051261,0.8290005568361217,0.10483979937184766,0.9300727953329527,0.9191695601055011,0.0,0.1,0.8,24,146.0865494770257,561.2876326178451
18,15,0.23937457612093407,0.3446150649522548,0.2983679126604254,0.22304894730224667,0.18910282664386452,0.1399993407378102,0.1998798123261444,0.1613066852986889,0.0,0.1,0.8,25,118.38825618317942,476.0785804340389
18,16,0.26794343425050693,0.370541861837158,0.323858064757549,0.261367104741078,0.19413404932675118,0.11268746615735444,0.2600104064326535,0.1919327122859936,0.0,0.1,0.8,26,133.17742959533652,299.2890094482636
18,17,0.2758651532733991,0.3855550698757182,0.349360626309277,0.2745693047119404,0.21441003596824765,0.11783845493647471,0.27749726677087333,0.20351968282720848,0.0,0.1,0.8,27,134.83139797766347,318.9577040182067
18,18,0.4774601462871267,0.5821033798244408,0.5450791085068054,0.4632736709123224,0.42514835626157355,0.08869717026435464,0.7041449877265025,0.40677054651292555,0.0,0.1,0.8,28,118.87277249286224,452.44282610319993
18,19,0.9596192057527086,1.024896445602457,0.9820296686339374,0.9704391075527735,1.1060429067067519,0.10419529730553594,1.0,1.0,0.0,0.1,0.8,29,96.35324282404544,633.0019028545985
18,20,0.9566771044556419,1.0151952452815811,0.9714049243870221,0.969493587649416,0.9325555520761147,0.08432356759410661,1.0,1.0,0.0,0.1,0.8,30,115.62138500295598,530.6158500378522
18,21,0.3747233286981907,0.442999250557099,0.41988391125766145,0.4135457754922224,0.33760100751704575,0.08764996127616465,0.3800083933561198,0.35625372883265066,0.0,0.1,0.8,34,127.2294887874643,427.0704512857053
18,22,0.37465287066741604,0.4427414493180445,0.41960164857191345,0.4135197956500653,0.32386782886894444,0.08764996127616466,0.3800083933561198,0.35625372883265066,0.0,0.1,0.8,35,129.07878696032338,432.96346883338674
18,23,0.407014407162844,0.45841295097900975,0.43312708448149284,0.45025845518291363,0.43689887825729495,0.1056581204870286,0.715190378706346,0.3621239009725848,0.0,0.1,0.8,36,101.65023539298215,596.2432769392859
18,24,0.40410084873074026,0.4621959546600062,0.44752217222807195,0.4603984470021338,0.36947681746929034,0.10941969587662366,0.7129701092616112,0.3605257786943078,0.0,0.1,0.8,38,122.35400640075471,607.3415468927216
18,25,0.41706389774845076,0.4701998406173406,0.45490703994149384,0.48043638432619906,0.3851870826898274,0.10048877999646896,0.7567982295997856,0.3731794215726095,0.0,0.1,0.8,40,114.18779173292026,564.7783432169003
18,26,0.4052618887121179,0.4404543185846485,0.4131527533587641,0.46972963785858646,0.37926058009106756,0.1004595189529625,0.7117358089134413,0.3665769305152784,0.0,0.1,0.8,42,118.31048357572092,554.1554995304251
18,27,0.4008583909645086,0.4418947985363369,0.425117583929656,0.47514911518957303,0.3728169052620734,0.09505706538059185,0.7125544671736259,0.36282158017115085,0.0,0.1,0.8,44,116.71554076698412,573.6013329600768
18,28,0.4668360032811043,0.510680971217284,0.5040686295088912,0.5670160167386175,0.4414725166927343,0.09202350450052797,1.0,0.4121392518747853,0.0,0.1,0.8,47,127.57068185677618,671.9749653807448
18,29,0.477422997698457,0.5200285394129853,0.513267564311149,0.577775360017271,0.4432418639069905,0.09224686209828178,1.0,0.42577425999996,0.0,0.1,0.8,49,124.09559447484446,674.9588921153801
18,30,0.4759220906416615,0.5167227401037539,0.509746149919095,0.5861943758021874,0.4433837366382988,0.0899590120122653,1.0,0.4244751787495985,0.0,0.1,0.8,51,112.29204101627792,620.597721923761
18,31,0.47980449829343796,0.5678021752750342,0.6156650389485371,0.6335446175839774,0.45438136009898944,0.0936833684933843,0.7756508357024038,0.4599733563995553,0.0,0.1,0.8,55,127.1596294027302,607.3819368945469
18,32,0.47851569815893813,0.5719681417016086,0.630336500374075,0.6428078005788334,0.45692626687632687,0.09368336849338428,0.7756508357024038,0.4599733563995555,0.0,0.1,0.8,57,131.26851431434756,631.2222652808543
18,33,0.8618836451605507,0.942218144081006,0.9891848920542718,1.013075374695962,0.8335239509394617,0.09351626018829412,0.8310042251995439,0.932840399696612,0.0,0.1,0.8,59,134.1185265743554,641.5891830301962
18,34,0.9256099578012802,0.967280887788428,0.980126350158214,1.0835186958514698,0.8998049833850804,0.07544454571282591,0.9429570606818689,1.0,0.0,0.1,0.8,63,186.8600795228521,577.8536058065114
18,35,0.9057309518074219,0.9846932654102035,1.0512765276719915,1.2034225052857455,0.8815213102748517,0.07412565740716351,0.7816606822612082,1.0,0.0,0.1,0.8,85,191.684598922037,876.8371354065885
18,36,0.9057485364919318,0.9797089952556995,1.0457260206841505,1.2162909574312755,0.8990014284681832,0.07383648385612193,0.7912917529324791,1.0,0.0,0.1,0.8,86,201.2062914943827,954.5957077516756
18,37,0.8902292942088397,0.961207428743934,1.0268879282101524,1.2009852267435805,0.8701442548256708,0.0703204407203665,0.6416333795895243,1.0,0.0,0.1,0.8,88,198.3952482763032,927.2053338200658
18,38,0.8900514341043673,0.9607010640677266,1.0263447167080837,1.2091306624896418,0.8651454060292773,0.07046303425270593,0.6404549541280135,1.0,0.0,0.1,0.8,89,198.6060067718109,936.6299500673118
18,39,0.7874232022197797,0.8500978357998547,0.914846579939721,1.10701306413109,0.778582301729072,0.07299233915791786,0.7620872723369481,0.8582914597673497,0.0,0.1,0.8,91,192.4833199668597,738.1177635001117
18,40,0.84096323950304,0.8807068356842552,0.9429185625045275,1.2379589667601258,0.826508021413841,0.08024965300929778,0.637087616946472,0.9454918094210379,0.0,0.1,0.8,105,164.52157929959975,951.5101040787804
18,41,0.8289205074241759,0.8851485720041965,0.9690669060268408,1.245784408973199,0.8162604651718325,0.08054433560299563,0.6184460946679493,0.9338291109787056,0.0,0.1,0.8,108,165.37437940413696,924.5810833896649
18,42,0.8316765896163533,0.894792111430096,0.9894175819535835,1.2556838441563585,0.8203058583071322,0.08379959657191562,0.6203440491613436,0.9377900204316656,0.0,0.1,0.8,110,173.82688522407267,979.7930860522246
18,43,0.8316756203164128,0.8378121556548751,0.8764486633796427,1.2365340372018427,0.8182080627286528,0.08279518832196435,0.6192488077346077,0.9381900739872844,0.0,0.1,0.8,111,166.6009644767708,970.6233177098334
18,44,0.8278685206709107,0.8870029996890181,0.9811962957418208,1.2682896817100282,0.8185247232655731,0.0801021503036911,0.6175562742755021,0.934076904767355,0.0,0.1,0.8,112,162.07741714884895,938.0270610284964
18,45,0.8278650544302091,0.8978608691927575,1.0031938592691256,1.2810313474830708,0.8099476816664233,0.08007149432602403,0.6183090440739222,0.9340193104150201,0.0,0.1,0.8,113,162.3331810741636,938.8923089100666
18,46,0.8222681521547365,0.8685782959318289,0.9514190646330118,1.2604767724635866,0.8093602952437523,0.0784493336556649,0.6204639270808301,0.9270111444040976,0.0,0.1,0.8,114,169.0370768403756,957.5750919568786
18,47,0.8298072328367042,0.9092248471205802,1.0255417037988408,1.2957179832761172,0.8119205626729157,0.08221462037011715,0.6185860457588308,0.9367014163562504,0.0,0.1,0.8,115,161.37447399132802,937.7199749412904
18,48,0.8202599413101428,0.8860057431575679,0.9908789079396053,1.291482322505411,0.8118404938762427,0.07957012076369784,0.6226684059634873,0.9246946565702432,0.0,0.1,0.8,116,167.07274474661705,990.2250617738024
18,49,0.8200368906630875,0.8845596601119131,0.9893007426584961,1.2912897739096518,0.8042934252369153,0.07872155347323824,0.6227021321515689,0.9246173863772279,0.0,0.1,0.8,118,170.73333279584267,995.9931587266664
18,50,0.290716146482737,0.44133654793039123,0.6351111185819935,0.9163414273976046,0.2733390547382763,0.11468767996404403,0.2834469203388469,0.3058189773389319,0.0,0.1,0.8,148,186.9484874323286,605.062771277129
18,51,0.2901924477756936,0.43966248945963826,0.6333131005122923,0.9081290097966439,0.2748092628033687,0.11658068542464564,0.2831563922985878,0.30538953497093635,0.0,0.1,0.8,150,188.52390492619327,692.3447031524292
18,52,0.28954897397673407,0.3274475179732663,0.4093803243279071,0.839059100186889,0.27320366979819555,0.1169306070091313,0.28410088209545814,0.3045654074177071,0.0,0.1,0.8,152,192.257774827554,712.3374896895858
18,53,0.2741666062525975,0.33378207504048996,0.43799422027201274,0.8321404701314787,0.258566529914042,0.11084426168221302,0.32813447554218966,0.27991101527832446,0.0,0.1,0.8,153,194.0526319062043,836.4181561357096
18,54,0.27570046906158346,0.3343973690301728,0.43851076104008024,0.8562859974501221,0.2589762748954638,0.11192287215423231,0.31909928396958004,0.283106898456491,0.0,0.1,0.8,159,193.89196045797263,834.8777135381089
18,55,0.29185080928942697,0.48362769501921016,0.7217156380005727,0.9854037300584548,0.27487464091034886,0.1159039754517723,0.2873751948119325,0.3072740155828067,0.0,0.1,0.8,160,195.34285266877995,725.6211246403027
18,56,0.24895740152863932,0.41838193968017545,0.6341222156147724,0.9246554669922571,0.23227268739203633,0.1185022130356439,0.26884313821451583,0.25599936560452885,0.0,0.1,0.8,161,192.78240796192225,710.5286097195159
18,57,0.25208883473438654,0.42113159903260466,0.6368308234423128,0.9277949898018142,0.23631393346870797,0.11765145246280866,0.26974320261263174,0.2598628167655249,0.0,0.1,0.8,162,192.29825079813617,710.0343696959177
18,58,0.26952138587544405,0.48232440657674946,0.7426175093206744,0.9937625168099381,0.2547788526006062,0.11741682052592699,0.37984870409158245,0.2679915956349776,0.0,0.1,0.8,163,183.52934370393135,755.7928947602871
18,59,0.2707689388007366,0.3473555495257721,0.4733374517520136,0.8942890774284891,0.2655579404071189,0.12093933758476785,0.37765479727164314,0.2703112547989573,0.0,0.1,0.8,164,189.0916817750611,830.4638955230686
18,60,0.21737048082105712,0.41236007452994405,0.6607678506633359,0.884706061242504,0.20799425336079083,0.11319107197053327,0.30262718515680753,0.21351469692064784,0.0,0.1,0.8,166,201.22744654939348,818.6137932425563
18,61,0.2147803427003846,0.3185675093006215,0.47739346361082324,0.8542065293151775,0.20792240927223296,0.11139597050267784,0.306215558655229,0.21020050851740574,0.0,0.1,0.8,167,189.20372978027976,909.52369556797
18,62,0.215798742621353,0.41944359271632026,0.6787556963321186,0.9197842404815384,0.19985564714997364,0.11041709399627868,0.3051388373645103,0.2116102722456808,0.0,0.1,0.8,168,195.8300679975328,864.5875943563032
18,63,0.22797861502274,0.33110462325217926,0.4898600596408579,0.863610873506914,0.21287124668829915,0.11477459098809498,0.3088596322509901,0.22646782527408388,0.0,0.1,0.8,171,181.3639938009656,820.7602696771722
18,64,0.2259660319733462,0.43012417877171033,0.6994748523043921,0.968750648934257,0.22988674549619528,0.1110070967849014,0.3068385108207775,0.22567180425747946,0.0,0.1,0.8,173,188.8486751824846,756.6076424982098
18,65,0.22767372480487214,0.29591226644943036,0.4309873579171083,0.8710116994816743,0.21666766939295623,0.11268339712024422,0.29366237179096244,0.22984382004863474,0.0,0.1,0.8,176,177.83785915399554,674.1144825367096
19,0,0.7402665932441533,0.602116086754985,0.5642408604314627,0.025506363055615728,0.0,0.0,0.0,0.0,0.0,0.1,0.8,1,726.7792874485012,1491.7669722474695
19,1,0.6836809931416203,0.585121974074937,0.5456245651948997,0.027451477190197332,0.028657334542717395,0.0544232621656735,8.08682067577e-05,4.971836190008001e-05,0.0,0.1,0.8,3,673.7428079978322,1337.7178092702704
19,2,0.24177402627333278,0.3765351118846443,0.3264507669072399,0.03150843222054097,0.7760809173288704,0.07217671232533206,0.01240325622499993,0.00954089163948767,0.0,0.1,0.8,4,266.3604196033484,404.0123682194776
19,3,0.187051373708944,0.31900057830870154,0.2626285533072937,0.03361454807602388,0.12827382127482104,0.07308513107998395,0.02289456377607523,0.01887755534947871,0.0,0.1,0.8,6,175.0881165500608,201.3607942354893
19,4,0.18715043029840833,0.31740099792939264,0.26020923701710136,0.03979154489536539,0.038859173284038415,0.07352783855724909,0.03110877160317723,0.02661482311669333,0.0,0.1,0.8,8,133.50663204433644,124.53268609059884
19,5,0.18629870627217018,0.3154564282017977,0.2577104286832825,0.06004517412428851,0.04874215864216505,0.0784662423279214,0.0288555926753437,0.03174239937199387,0.0,0.1,0.8,9,140.70617504851447,169.65338554135397
19,6,0.17620248906945954,0.32534032159820075,0.28910748143371995,0.06721756296660558,0.0530908456506492,0.07843989155168216,0.025213618364435992,0.027545885848237427,0.0,0.1,0.8,10,150.89781505577756,199.2883516459716
19,7,0.17525511279544892,0.3331479832943332,0.3073080171634824,0.07587729207118007,0.05622491596862714,0.0778748484683319,0.0297758015341432,0.03300723176063946,0.0,0.1,0.8,11,137.31784708644997,156.9904989738877
19,8,0.1653960417650297,0.28894762546753006,0.22928883734769898,0.060811311042247344,0.024659548644357862,0.08515587729549091,0.02659151600334157,0.02400809358807737,0.0,0.1,0.8,15,157.33544891576474,182.45688150006868
19,9,0.1648117069152025,0.29906706790315163,0.2504507896636185,0.06839412798255415,0.024344383031113956,0.08489249054220091,0.027467647665566242,0.02429025672972971,0.0,0.1,0.8,17,158.17784741467543,179.1703857366781
19,10,0.17923407053271856,0.33335237577808896,0.30636511435511615,0.11033086408657367,0.06643712083206589,0.08154500797724709,0.03887236474119762,0.04719030335071605,0.0,0.1,0.8,18,97.91685149899408,127.24492758355284
19,11,0.156393760095256,0.2838577134184707,0.2333255910347068,0.07892709289668419,0.06987056513634896,0.08514250239654818,0.02990967845362415,0.030130943168463147,0.0,0.1,0.8,19,154.68064528076732,182.6027888481192
19,12,0.15632970009326602,0.28376781885081864,0.2332289496845217,0.08138083945590022,0.027314186878283214,0.08514844174036293,0.03002106176899551,0.030092914045039644,0.0,0.1,0.8,20,155.09787357042012,183.44286168882093
19,13,0.1448243938556732,0.30221374902290715,0.28433534923468273,0.1066181590039946,0.05046974379571825,0.10503227508312238,0.01509088435936505,0.02437169368571753,0.0,0.1,0.8,21,112.78992894386116,238.9808905992228
19,14,0.138452948807919,0.30259835907107485,0.29487167454787094,0.11971583730791496,0.02988414531042676,0.10478262870940531,0.014917834524736781,0.02431424816712819,0.0,0.1,0.8,25,123.5483259792602,254.34527393578705
19,15,0.13813508543130168,0.30202819315918683,0.2942431207256023,0.11970431119420288,0.023084588309470695,0.1028653901432979,0.01513361617020978,0.024340775366639412,0.0,0.1,0.8,26,131.23117846316163,252.9879393366161
19,16,0.13449841250749173,0.29656140272538806,0.2883717356277297,0.12390556982400468,0.034014542174171616,0.10581721703967757,0.014054743570905932,0.02295522250993414,0.0,0.1,0.8,27,130.48938746081268,244.02472218232015
19,17,0.13500049319810314,0.29702964080277283,0.2888327510067209,0.1273581848167824,0.02056465572525569,0.10522648791080691,0.01445125769149295,0.02358599094531547,0.0,0.1,0.8,28,127.24413549097387,244.70541175394
19,18,0.13345008072284623,0.3057867078854344,0.30858423537402724,0.1384407565469313,0.025776505033041935,0.10581721703967759,0.014054743570905939,0.02295522250993414,0.0,0.1,0.8,29,135.9358424986612,241.87723456972392
19,19,0.13364396452077032,0.3052430955123302,0.3078817919299437,0.142391263084826,0.026497896521686888,0.10499723957094857,0.014985586480158289,0.02424504413444879,0.0,0.1,0.8,30,128.0739389864761,246.73519635739964
19,20,0.13032684755366655,0.2867271120536578,0.27734287096589066,0.14290001656711349,0.05275028503396809,0.1062076081355732,0.01572401890460837,0.026139995014291262,0.0,0.1,0.8,31,120.5793987763452,263.0957275175213
19,21,0.9442081135184908,1.0737360853063491,1.041088423347198,0.9697090009746778,0.8579844752675592,0.062080591335778354,0.41487139899677183,1.0,0.0,0.1,0.8,33,194.21449524880848,912.08063101948
19,22,0.9396699926822767,1.0648988665515908,1.0314224761537583,0.9721546399788106,0.8709976753242616,0.06277379659507716,0.41355898620117626,1.0,0.0,0.1,0.8,34,162.13786279433924,562.1805233397408
19,23,0.9309686521741143,1.0459916573071255,1.010696291446662,0.979448362848963,0.9054018029582548,0.06177567815139434,0.4155713734022915,1.0,0.0,0.1,0.8,35,180.1029634873743,883.8929923447903
19,24,0.9291798194206794,1.0418511075181263,1.006157383040072,0.9820613099643974,0.8554751085700861,0.06040839998778149,0.4160151866665431,1.0,0.0,0.1,0.8,36,192.4472454931154,919.8434283615712
19,25,0.9211397830828368,1.0227714694855523,0.9852615649463886,0.9832027296015189,0.9057724071433486,0.06256528548435789,0.4160018828959172,1.0,0.0,0.1,0.8,37,168.83990191746173,856.6067185690619
19,26,0.9113160389124413,1.0077212490892478,0.9788768146145201,0.9842857292541562,0.8857438685010064,0.06439277172159748,0.4171325259432869,1.0,0.0,0.1,0.8,39,151.93934705166097,811.3680550919909
19,27,0.9104327336277097,1.0163103905349242,0.9983926207780192,0.9935825905856563,0.8458983232579056,0.06439277172159746,0.4171325259432869,1.0,0.0,0.1,0.8,41,155.84114863418085,819.3491913195616
19,28,0.9104288898224426,1.0143544612183024,0.9961509237623185,0.9943381317063669,0.8528412344723225,0.06458956399905165,0.42759839908849945,1.0,0.0,0.1,0.8,42,155.91018895346176,843.0771182140594
19,29,0.9091953135906743,1.0019820794258099,0.9726072436915947,0.9988266628387541,0.8416558532324917,0.06340542258709635,0.4154851615973493,1.0,0.0,0.1,0.8,44,163.141275236189,860.2221695710949
19,30,0.9080167183361925,1.0095681084402992,0.9910197878781868,1.0114983880819137,0.85354121126838,0.0641249062405956,0.4159557337361579,1.0,0.0,0.1,0.8,45,159.08763596032733,848.3105323274316
19,31,0.9080237941666732,0.9984551840590783,0.9687381004788628,0.9985440338810265,0.8417319410287807,0.0643893659461625,0.4161458269218146,1.0,0.0,0.1,0.8,46,157.82812725094084,843.9464894463987
19,32,0.9073112345057632,0.9964393645203081,0.9665344880585036,1.0074648556822274,0.848203720824434,0.06532678295748924,0.4157354604370604,1.0,0.0,0.1,0.8,47,153.39009089573352,838.0965366292406
19,33,0.9073597893180818,0.9963164271990858,0.9663862255493214,1.0045390801517047,0.8426494040061799,0.0647767204305801,0.4171611436638356,1.0,0.0,0.1,0.8,48,151.6702151937905,857.3947741290261
19,34,0.9069657869704648,1.0002096445871747,0.9804772986676977,1.0258273873198995,0.878771122275833,0.059599858437129935,0.4467582881134736,1.0,0.0,0.1,0.8,49,152.3088367912598,759.3270227430571
19,35,0.903787159444077,1.0065430905217208,0.997754000774918,1.036520707035807,0.8500591349501959,0.07052188919916046,0.4224403261803813,1.0,0.0,0.1,0.8,50,156.17924583022594,804.1842931766793
19,36,0.9026802053660103,1.0034738980781086,0.9944113351975805,1.0398572227468272,0.8453646805830793,0.0672669823275412,0.4204782120762089,1.0,0.0,0.1,0.8,53,138.4210576244156,790.6000465768783
19,37,0.9023666713591869,1.002689538729296,0.9935615946612149,1.0461458132281864,0.8430512988306518,0.06669392017151096,0.41950254519304525,1.0,0.0,0.1,0.8,55,132.39095986965734,749.0609779066073
19,38,0.9006481156027533,0.9973223902341021,0.9876910853069296,1.055231834767456,0.8597032082741728,0.06710615507698228,0.41871629635783103,1.0,0.0,0.1,0.8,56,140.9920498898292,797.4437451364411
19,39,0.8999741013472409,0.9953658293291492,0.9855588547081535,1.0613948863477796,0.8479783497222306,0.06901115400214201,0.4176057001454486,1.0,0.0,0.1,0.8,57,138.848663145055,797.5070286100214
19,40,0.89926244858038,0.99297653701483,0.9829408019777941,1.0676277292001626,0.8497953734933138,0.06823757315428665,0.41774882684383,1.0,0.0,0.1,0.8,58,134.8297523444889,781.048196312969
19,41,0.8992624482729951,0.992976537045537,0.9829408020085011,1.0676277292283096,0.8417749509786784,0.06823757354826568,0.4177488271509005,1.0,0.0,0.1,0.8,61,134.82974920602302,781.0481887613638
19,42,0.8991555994010632,0.9924967108018055,0.9824101587846303,1.0676288280376816,0.8436540056634156,0.06924759936007738,0.4182784569873757,1.0,0.0,0.1,0.8,62,137.90558825103207,789.1277111020075
19,43,0.8967860380930156,1.0067464084054636,1.0182385089171262,1.1021940936433205,0.8682450436082759,0.07151561950469695,0.4178240109897865,1.0,0.0,0.1,0.8,63,132.58989187600667,759.1601755838868
19,44,0.9105361373767438,1.0204210436890375,1.0319031629709832,1.1518417415537652,0.8556674876249102,0.06798101278213596,0.5556312011080704,1.0,0.0,0.1,0.8,78,136.86275660639808,845.3725315389416
19,45,0.9504390646385538,1.015265939545821,0.9917003710797238,1.1114791205817967,0.9133228832949261,0.053389601102476945,1.0,1.0,0.0,0.1,0.8,82,169.31086432520442,664.7155662809465
19,46,0.9501980067246717,1.058758066871694,1.0797683951108823,1.1749806236951734,0.9010095041666242,0.05598790729626402,1.0,1.0,0.0,0.1,0.8,85,178.9610203559111,786.3247527839757
19,47,0.9501798380299677,1.0253928294003476,1.0129002129396996,1.1176110080241717,0.900228679766232,0.05247644336940692,1.0,1.0,0.0,0.1,0.8,86,173.93908969137337,671.9548256624538
19,48,0.9495727239883487,1.0342004880867466,1.032655258757405,1.1441852612548868,0.9076864650630048,0.05294704436414051,1.0,1.0,0.0,0.1,0.8,87,160.47454716516606,627.5586289494096
19,49,0.9493774332555879,1.0334588332906487,1.031842986352584,1.1504550573366719,0.9012448326685175,0.05642006559366336,1.0,1.0,0.0,0.1,0.8,89,170.42051078426636,674.4217970835133
19,50,0.9491321802665537,1.0325240603906811,1.0308193055766723,1.1471942787283833,0.9031388273765606,0.05531824655107866,1.0,1.0,0.0,0.1,0.8,90,159.25846471926224,626.7033107314579
19,51,0.9487250482634169,1.0865249112617656,1.140505309151473,1.217396852855336,0.9052408805195433,0.05383104877778355,1.0,1.0,0.0,0.1,0.8,91,204.45285464680973,838.9150512981856
19,52,0.9479694405260921,1.028035694253657,1.025903681155098,1.165783846165113,0.9098287052776632,0.05576149917434227,1.0,1.0,0.0,0.1,0.8,92,155.67347324580874,603.3828047324511
19,53,0.9449619660093842,1.049268780015959,1.0794847347842789,1.195564027604128,0.9202456154384129,0.054821432005612146,1.0,1.0,0.0,0.1,0.8,94,154.9714243432531,562.1088121492295
19,54,0.9437602297240469,1.0331559062517859,1.051729288876687,1.1990074370576322,0.916832757155781,0.0502189194295682,1.0,1.0,0.0,0.1,0.8,95,143.92936105906622,553.8815325072004
19,55,0.9436478232192609,1.065972268375746,1.1179962424121774,1.233867645812567,0.9015944280089185,0.05420294890590368,1.0,1.0,0.0,0.1,0.8,96,137.96693270276063,510.34042133625945
19,56,0.9427239252508113,1.0509361486865472,1.0914199800173818,1.2316483864224828,0.9132410742613861,0.05373431063278276,1.0,1.0,0.0,0.1,0.8,97,126.51812234718054,491.3119156827584
19,57,0.9419385853152009,1.0697157624926712,1.132205145481652,1.2567900820307516,0.9057238926738093,0.056636508584706646,1.0,1.0,0.0,0.1,0.8,99,122.90127235971238,540.840452335585
19,58,0.9416311040336764,1.0683659676965311,1.1307267452918646,1.249905729906611,0.9045317985512032,0.05537797209035809,1.0,1.0,0.0,0.1,0.8,100,125.88395055720814,521.2974928624673
19,59,0.941587619395742,1.0681743735408724,1.1305169776296036,1.2465103024491184,0.9003217458575586,0.05541084799449305,1.0,1.0,0.0,0.1,0.8,102,120.57160565409264,544.9100771769704
19,60,0.941456888762982,1.067599167754949,1.1298870669728838,1.2498344298558566,0.901936918248021,0.05522035208686258,1.0,1.0,0.0,0.1,0.8,103,130.57397034619697,549.8038921901043
19,61,0.939840171053006,1.0603328133565595,1.1219290214776076,1.2896484830805224,0.9060980488413805,0.05600394408601541,1.0,1.0,0.0,0.1,0.8,107,122.07262238292614,503.18244669389856
19,62,0.9397385156586803,1.070965654017191,1.1436829367861625,1.326136944556744,0.900312323878601,0.05942180805517977,1.0,1.0,0.0,0.1,0.8,112,134.1197137015192,731.789929151778
19,63,0.9391470151649015,1.0904322298113902,1.1852205191664569,1.3421600069322301,0.909152650309824,0.060477181450609874,1.0,1.0,0.0,0.1,0.8,113,119.83568565616912,635.7431284439763
19,64,0.9388225711916836,1.0889227591082364,1.183567413869775,1.3385487064174089,0.9050697350035826,0.060461034128418786,1.0,1.0,0.0,0.1,0.8,114,121.33386060277591,640.3667013598823
19,65,0.9370064598544374,1.013883379863141,1.0407310099194824,1.3090505146927596,0.929027009247108,0.054512039007494385,1.0,1.0,0.0,0.1,0.8,115,136.90973919981826,565.1969615196053
19,66,0.9351846795586398,1.004645459798458,1.0306136700699828,1.308120601820157,0.9151755627476342,0.05451203900749437,1.0,1.0,0.0,0.1,0.8,117,125.30938319037118,556.6885743486454
19,67,0.9338471714555716,0.9977579758581204,1.0230706023747012,1.3204611985628518,0.907719135391843,0.052429873373257316,1.0,1.0,0.0,0.1,0.8,120,134.62187385039616,540.2013470055726
19,68,0.933029616130866,0.9934380059984294,1.0183393450120204,1.317020904383004,0.907249194355385,0.05384446347956208,1.0,1.0,0.0,0.1,0.8,122,107.24304266464472,507.7351846148864
19,69,0.933029616130866,0.9934380059984294,1.0183393450120204,1.317020904383004,0.9000000820571703,0.05384446347956208,1.0,1.0,0.0,0.1,0.8,124,107.24304266464472,507.7351846148864
19,70,0.932524487943715,0.9907260554928807,1.0153692366608245,1.316759277616297,0.9022777784371485,0.055005591664408424,1.0,1.0,0.0,0.1,0.8,128,114.92583119363364,527.5765137863685
19,71,0.9323474363715273,1.034154007666306,1.1033671355812502,1.4809818572508648,0.9001504113024501,0.05993948703427464,1.0,1.0,0.0,0.1,0.8,148,123.58511289397728,589.2877110493486
19,72,0.9319752664553173,1.032123262011146,1.1011430636117399,1.507183156186501,0.900280265919984,0.04916085186382216,1.0,1.0,0.0,0.1,0.8,173,142.99111244477274,637.3391310517172
19,73,0.9313964567522506,1.0511393417813686,1.1421873395371573,1.5753361590627588,0.9021449207008851,0.04776775631200836,1.0,1.0,0.0,0.1,0.8,178,139.78126883206272,666.6368971175649
19,74,0.9310953763931094,1.0494414941465573,1.1403276872288806,1.575163347985747,0.9056433776858629,0.04773287541934247,1.0,1.0,0.0,0.1,0.8,179,133.86108817091116,656.8595572893626
19,75,0.9307843526068356,1.0476903083243552,1.138409759373643,1.5852591869761818,0.9029385535843977,0.04748413429064956,1.0,1.0,0.0,0.1,0.8,181,137.72970132976357,666.5463800478356
20,0,0.7481438837288703,0.604383721693191,0.5667244074640829,0.0257268174241429,0.0,0.0,0.0,0.0,0.0,0.1,0.8,1,730.4523871914791,1582.3107316995613
20,1,0.7073505440335321,0.5924907506843072,0.5536942678235773,0.028190893870946674,0.020239125676170453,0.054815437314154114,8.587232338695e-05,5.52047541544e-05,0.0,0.1,0.8,3,625.4418668169521,1297.2338961373014
20,2,1.3707594562653256,1.4403791321674628,1.4045777890082718,0.8535957169065315,0.9914814805821626,0.11178683114782831,0.41683204282924996,0.9684914235595651,0.0,0.1,0.8,4,431.9560934837415,637.7867122395244
20,3,0.1997743329878222,0.33385327189050956,0.27879213308416106,0.023741829520546293,0.8106602960598595,0.07152537355775909,0.03007035877173601,0.01933133631249168,0.0,0.1,0.8,5,192.7777906261303,235.28263599525872
20,4,0.20083411961456143,0.33370602618442585,0.2778465300475115,0.03463758538622793,0.040796013027642256,0.0768810306858074,0.03363087498893616,0.02918634336709619,0.0,0.1,0.8,7,168.81315741234476,162.59481406043182
20,5,0.19965763318318341,0.3324313273602167,0.2765102409625668,0.03918457006805801,0.027183271875125543,0.0769348881265024,0.032735362893890604,0.028513448038525367,0.0,0.1,0.8,9,158.857345337148,149.34132668275416
20,6,0.18033163629467405,0.3038508664511528,0.25233726902340187,0.07699752894144196,0.2957165945353376,0.11379743837695284,0.03811209074533306,0.06698481662136849,0.0,0.1,0.8,10,160.4533608389445,121.52328887906344
20,7,0.18033163614622685,0.31494791759689483,0.2745995599285051,0.08497172161430319,0.05739911230347253,0.113797438357595,0.038112090033032606,0.0669848153694477,0.0,0.1,0.8,12,160.45336704580345,121.52329250948758
20,8,0.14855699098736916,0.2810488893125604,0.24020046599925732,0.05989854808344715,0.03757203195958788,0.115314286556835,0.01909243667012175,0.03355479853922902,0.0,0.1,0.8,14,155.80497219426715,138.74934331405132
20,9,0.2705963737425451,0.40172412443901556,0.3605636127133774,0.20022873922224582,0.16370973932055455,0.09930680303303092,0.06792369028414169,0.182392239838828,0.0,0.1,0.8,15,196.6833560098057,239.09239646172588
20,10,0.237212769443906,0.35499833236533274,0.32018911046244786,0.19761510335466326,0.2303574401950391,0.10109982180802042,0.07699624173334348,0.1721974321903026,0.0,0.1,0.8,17,199.9478456546009,204.66291566879045
20,11,0.23490539192422571,0.34898264818645147,0.3135296154345316,0.20599393825408396,0.15755810139014556,0.09798928448115564,0.07761869828238334,0.1730534876210595,0.0,0.1,0.8,19,190.18668890719215,193.19591207905623
20,12,0.22272183548692992,0.3269648891200203,0.28987517174782157,0.2131151136574061,0.19919095949705884,0.099143601982175,0.08381075933205155,0.16624876080469525,0.0,0.1,0.8,20,198.49565831665308,259.78494298686627
20,13,0.8152105854605618,0.9203184963193293,0.8927777348880046,0.799352233237107,0.7693128643018259,0.09807558488838299,0.1633171933174267,0.9053572089502966,0.0,0.1,0.8,22,232.9803489540137,398.9477936865237
20,14,0.8052646747207883,0.8870190497585301,0.8560644909434916,0.8069472672148076,0.8032175799737997,0.09466715243133982,0.16525013734853855,0.9083176902279944,0.0,0.1,0.8,24,222.9370798292619,381.5272279860519
20,15,0.5995070601463277,0.678303578993351,0.6565855203515765,0.6135546371707586,0.5775794905246049,0.09456838819974644,0.19009647235391508,0.6557765921464025,0.0,0.1,0.8,26,209.7807959764789,344.6375279673469
20,16,0.5993584742605156,0.688920791842135,0.6783233032622586,0.6277328737156003,0.5444038734964862,0.09458239140672726,0.19008582759548664,0.6557631503145563,0.0,0.1,0.8,28,210.16268894552377,346.82541565007386
20,17,0.5666699475470882,0.6449296180938621,0.6328027242739969,0.6102648553105311,0.534669012127526,0.0926268289444966,0.18038875869347368,0.622072059994792,0.0,0.1,0.8,31,208.7196082861801,337.3854336982741
20,18,0.8044578037691915,0.8791517731811068,0.8763180481623865,0.8477074080707234,0.8234479969763799,0.11212676942063968,0.17132992816072834,0.9266920770433152,0.0,0.1,0.8,32,223.94430103701265,374.522395293347
20,19,0.8312363189909888,0.8849022007544518,0.8794594540300469,0.8843124416910146,0.8377930283742658,0.12438253613533652,0.16813307352851337,0.9685400848908999,0.0,0.1,0.8,34,218.5276266889209,367.85978555567954
20,20,0.8247159332553258,0.8783989234047374,0.8729576979650895,0.8808473943241804,0.7851514372488494,0.12300336080425837,0.16862170818797098,0.9603305420294748,0.0,0.1,0.8,35,217.99888590574173,369.1334169180827
20,21,0.8277743852291785,0.8788307064174006,0.8829190405155162,0.8975605403478891,0.8470843961665728,0.12438253613533652,0.16813307352851323,0.9685400848908999,0.0,0.1,0.8,36,223.02858762518048,382.33363330813086
20,22,0.8185145853902438,0.857657250435357,0.850482906639476,0.8884080107616223,0.7843076981222012,0.11521391987896452,0.16993048604420974,0.9569977976949187,0.0,0.1,0.8,38,222.33740803624832,383.6076955390516
20,23,0.8192282747848048,0.8571471018820439,0.8498270805484345,0.8923911480851037,0.7887465841361642,0.11533827961733625,0.1724541047136205,0.9579568971853964,0.0,0.1,0.8,39,221.0600659245837,382.2130024818627
20,24,0.8192343224977732,0.8570597342986577,0.8497286474462288,0.8955218710951471,0.7840321431342537,0.11514959843122327,0.172539665900795,0.9579828259351955,0.0,0.1,0.8,40,220.94039750845,381.2111445854703
20,25,0.8170372098761791,0.8626693337772365,0.8661133940838582,0.9030756095022844,0.7960158371922932,0.11861927570989517,0.16833920973310687,0.9567726312317957,0.0,0.1,0.8,41,217.393101142918,407.9028095651244
20,26,0.8187950952136401,0.8488781279483961,0.8406317372404044,0.9178121141932528,0.8035950011725179,0.12404944810313512,0.16748721614598833,0.9604071982430329,0.0,0.1,0.8,42,212.77677691651576,450.0752224394024
20,27,0.8347876212769144,0.8611133188171218,0.8524260745223059,0.9373442901134793,0.8174920489742511,0.11533735926097563,0.18845656723029544,0.9788681637429134,0.0,0.1,0.8,43,216.05643920486213,367.8777644997585
20,28,0.8364156739268352,0.8577444437558194,0.8484743513760353,0.9426144384200223,0.8252452136962092,0.12218359755451254,0.18777852668395376,0.9823950082372341,0.0,0.1,0.8,44,216.71781905490883,408.6349302094297
20,29,0.8363492314780642,0.8572704754773927,0.8479529569188305,0.945702566122164,0.8063885998842546,0.12200069090489285,0.1878654196384431,0.982413753463306,0.0,0.1,0.8,45,216.572275739078,407.58353486185865
20,30,0.825767390789902,0.841639420972642,0.8317370250316649,0.926281178840053,0.8158622887255949,0.12178275948550421,0.16976743529419092,0.9728185173380668,0.0,0.1,0.8,46,215.27683273472024,427.68225069074856
20,31,0.8257786486076868,0.8415785409631864,0.8316677970644989,0.9294121011441818,0.7955523800205324,0.12160064922914893,0.16985655435143612,0.9728407053920318,0.0,0.1,0.8,47,215.1418003989592,426.6397062359415
20,32,0.6092923822334901,0.6435872163761606,0.6555808735879304,0.732416767739039,0.5825580940785855,0.10349526711568649,0.22302444333042465,0.6965605852627208,0.0,0.1,0.8,52,226.81368466299517,475.1095832202368
20,33,0.6043340439746998,0.6386049124410553,0.6505958042981244,0.7339129210772818,0.5746462715751701,0.1050607720071538,0.22724147268360445,0.6898417704447068,0.0,0.1,0.8,54,233.6107307943236,507.8052063119971
20,34,0.815306123551825,0.8691300469604969,0.9031483948154897,0.9581618579467283,0.7968082690477635,0.11881730583207059,0.17489300989092563,0.9607807480876875,0.0,0.1,0.8,55,215.58302379893084,419.0811839367889
20,35,0.5957818947875324,0.6283539630162871,0.6500493029774571,0.7425579685138408,0.6094451455864618,0.10239733127292217,0.22300149101625913,0.6828702050151627,0.0,0.1,0.8,56,227.5506915286973,474.3570257172709
20,36,0.6069689171760044,0.6248015002045963,0.634919319428128,0.7567067414087695,0.5877347726807971,0.0988049638461248,0.2299732136605825,0.6968411858685528,0.0,0.1,0.8,58,223.83611395205784,458.6961777683054
20,37,0.6069673248033873,0.6228347650338443,0.6327309925961124,0.7600103212213699,0.5886399400503556,0.10259407668307759,0.229373957481435,0.6973685208405589,0.0,0.1,0.8,59,223.9449551233769,492.287456944232
20,38,0.606918223662574,0.633615513334748,0.6546470342438657,0.7766948477332125,0.5813626964688545,0.1025940766830776,0.229373957481435,0.6973685208405591,0.0,0.1,0.8,61,224.43183715551783,493.579636471812
20,39,0.6064943640712362,0.633159603086362,0.6541874887494872,0.7794994503913706,0.5805411828736271,0.10511956170110781,0.22871998204530622,0.6969277916817178,0.0,0.1,0.8,62,226.3047812639261,506.7805141970091
20,40,0.6142551162750103,0.6280811927806177,0.6377475346675286,0.777704162875529,0.5954212761198774,0.10442865178593941,0.22264797970204825,0.707786201820862,0.0,0.1,0.8,63,224.9746813546905,497.1750082508775
20,41,0.6457746295848401,0.6522116063365753,0.6610498670782529,0.8184525509907599,0.635930098316237,0.10459562364570223,0.22673335274431622,0.7483139283871527,0.0,0.1,0.8,65,224.5144952501352,497.7198178680112
20,42,0.6063596145827742,0.6638255755401448,0.7279936551966575,0.7947197667453823,0.5914252412315799,0.10066658142735532,0.21748857425645002,0.7011519567130504,0.0,0.1,0.8,67,226.26223395208183,508.5170915743775
20,43,0.6121323976680826,0.6321391247944225,0.6623485736154338,0.8097624746132466,0.5945773999726037,0.10542019591033444,0.2354397110574113,0.7069905846624489,0.0,0.1,0.8,70,227.13113255700296,513.5940911679048
20,44,0.6121112530147722,0.6295276018817411,0.6594503004517799,0.8131503056396832,0.5996528571017893,0.10246194677301138,0.23633567593032287,0.7073793957914172,0.0,0.1,0.8,71,224.7350244717606,497.0416410903
20,45,0.6120690940134431,0.6403202031131758,0.6813791031682104,0.8238353783238868,0.5900463337754567,0.10246194677301138,0.23633567593032287,0.7073793957914172,0.0,0.1,0.8,73,224.53765607344224,496.59573709860143
20,46,0.609706762869368,0.6585926283163095,0.7218099372453888,0.7985252943953007,0.5935123240887185,0.10033402928536536,0.23734425552620722,0.7046137582444648,0.0,0.1,0.8,74,224.4530022120476,497.7824723077185
20,47,0.7286376063840174,0.86498707648873,1.017381938961986,1.2998452239841103,0.7066539777639255,0.11158685755525102,0.44656330811992273,0.8273866275401636,0.0,0.1,0.8,132,179.7194079923492,506.78643113787217
20,48,0.7259835182863551,0.8248417573805995,0.9631913925184001,1.2853298352926674,0.7520048685598322,0.1136144144230398,0.48641156116692486,0.8239114021787742,0.0,0.1,0.8,134,188.114935589786,525.2697239484861
20,49,0.7284944488726127,0.835630960130009,0.9848417272172707,1.3018619383283165,0.7160997803116567,0.11378969622456374,0.4907972461696223,0.8269732406250399,0.0,0.1,0.8,136,190.2632165198885,523.2090264280345
20,50,0.7287429238222046,0.8469579395890773,1.0073321554328598,1.341978074889413,0.7109190992210349,0.11381829759614606,0.4907585333368857,0.8272917345545793,0.0,0.1,0.8,143,190.28768033835496,523.2730659219986
20,51,0.6895886504821445,0.7867579564184383,0.9249253184606578,1.2869597462638698,0.6732623831395124,0.11206047371897498,0.49447908841721455,0.7776939836534142,0.0,0.1,0.8,146,189.85493843971196,507.1019283353962
20,52,0.722421040441459,0.8221752273541612,0.970591923750314,1.34454813268347,0.7150781057164529,0.11498014156227625,0.49441184844325703,0.8201303174735196,0.0,0.1,0.8,149,192.27820281883672,506.2345905829168
20,53,0.7058592494145106,0.7903589429572037,0.9271650060496979,1.3262542171995009,0.6927025273540072,0.1112276710510239,0.49669815178903776,0.7997918414870357,0.0,0.1,0.8,150,196.12507502985665,522.1000601422136
20,54,0.7396656599535221,0.8325415769670513,0.9802222136804637,1.37337411233865,0.7296869825275403,0.11458771445790361,0.5006009912016199,0.8419801473443822,0.0,0.1,0.8,152,192.9170682615396,533.613247626918
20,55,0.7214970143083286,0.824540384613194,0.9832868045772787,1.38004703969959,0.7059118980046052,0.11247368680572678,0.4856174242438224,0.8212866497707714,0.0,0.1,0.8,155,200.49099368217728,493.77559856824
20,56,0.8318824172417527,0.9829546167299813,1.1767779334207096,1.5936613177338572,0.814869487480361,0.11837073172117744,0.5255258483592237,0.9519420624061328,0.0,0.1,0.8,168,190.22034772224237,516.0153132217488
20,57,0.8628170965057409,1.0026449532218207,1.1852869699344704,1.643275758478355,0.8506753182107492,0.11784949355962344,0.4506041113650928,1.0,0.0,0.1,0.8,170,193.7278851655041,521.7316133739619
20,58,0.8249797120874321,0.9837217001965012,1.1883413821724043,1.6163315887861018,0.8086267630432837,0.12127522531036994,0.4834050527996602,0.9491400095846856,0.0,0.1,0.8,172,183.0002604979368,487.2994134075597
20,59,0.8354909563690841,0.9749434351630603,1.1575451473314686,1.627955729029018,0.8179461275918875,0.11771929894644376,0.44960846984285513,0.9660287170662605,0.0,0.1,0.8,173,193.75616252737612,521.5814153754225
20,60,0.8587287370594552,1.0106418472931569,1.2145288754110912,1.7271610660998387,0.8423432325770577,0.11783305401600921,0.4226936048483355,1.0,0.0,0.1,0.8,184,177.85458062231805,549.5642167302386
20,61,0.8588873803320568,1.0108468655003926,1.2147388616980697,1.7354199565188266,0.843115637003754,0.11822704844928189,0.4242222579773195,1.0,0.0,0.1,0.8,185,175.6695724711902,550.4058589626196
20,62,0.8276955694529364,0.9971429581136795,1.212885579480742,1.7220919160622286,0.8144585565192306,0.11794644269504376,0.45048854751931167,0.9567136368811913,0.0,0.1,0.8,187,184.6947887135281,531.9257502719814
20,63,0.836858283758919,1.0162690027210664,1.2430552722011459,1.7410595212127111,0.8206244696940975,0.11847298116325775,0.44948016976612576,0.9684750119107861,0.0,0.1,0.8,189,185.95611155720343,534.6569117512878
20,64,0.858048855025056,1.0020191703086816,1.2050579131306298,1.773083646870257,0.8439025790386734,0.11531630340462995,0.4255636205311538,1.0,0.0,0.1,0.8,192,170.87081403326206,556.8189393319643
20,65,0.8434218649102222,0.9685965499277215,1.1596518923077985,1.7522110737355445,0.8580224185915182,0.1167044629428309,0.4198007692090747,0.9835561728035046,0.0,0.1,0.8,193,187.92411937952448,544.3872256364724
21,0,0.671633373657123,0.5812835453808493,0.5414252849759319,0.023484614103202232,0.0,0.0,0.0,0.0,0.0,0.1,0.8,1,885.5235748525553,1555.5266782839435
21,1,0.6158390514829364,0.5627767178818651,0.5211503570380895,0.02529839182495412,0.031246762390944267,0.06011391093787723,8.319868525153001e-05,7.32051281616e-05,0.0,0.1,0.8,3,833.5798417588012,1446.9499741189322
21,2,1.3622436419119452,1.3963696712931397,1.3526999411005716,0.8839808691826267,0.9942957615737273,0.15876300995803494,0.5512600255714901,1.0,0.0,0.1,0.8,4,403.0179671674062,519.854252076093
21,3,0.2923551270754577,0.4182633252541306,0.37237009166913465,0.024174201871388787,0.4150769864791531,0.07725867050927107,0.00817552270788044,0.00719350535178636,0.0,0.1,0.8,5,502.81209572462046,815.9845985685379
21,4,0.2049750912605784,0.32048237502499666,0.2585510501914994,0.08156397588632062,0.6398456133171643,0.106641923175904,0.030544351615171227,0.09277429529057668,0.0,0.1,0.8,6,184.6653050766776,85.39362248140748
21,5,0.20133613240805381,0.325591665394279,0.2742557328109603,0.08644648950045794,0.08718438433257164,0.106641923175904,0.0305443516151712,0.09277429529057668,0.0,0.1,0.8,8,185.2361495939145,94.43444848828204
21,6,0.4436185470459252,0.5667828997613039,0.5151844168556559,0.33236972466411696,0.3304868421629262,0.13964583802907116,0.057300890238499005,0.3943664920897175,0.0,0.1,0.8,9,146.17748085456526,190.9803434825476
21,7,0.1763196096859762,0.2982670268347977,0.24638181962498107,0.07020566439481862,0.0658278547097508,0.11119179021936203,0.02026326413587837,0.0671161412543988,0.0,0.1,0.8,10,150.74257970591083,107.65671010758808
21,8,0.27712584416919545,0.3960543366111354,0.34348108652382725,0.17688865855124408,0.1850068763276698,0.1414225149220258,0.02869153559763881,0.19733206415848925,0.0,0.1,0.8,11,146.3202177471139,203.7713335682882
21,9,0.2738110768285644,0.38994700941365423,0.3367639548314191,0.1789300960445718,0.1825383405648868,0.14079862832333154,0.02884201558653,0.19768680803425104,0.0,0.1,0.8,12,137.87782384651703,234.6047023041614
21,10,0.28666023737275065,0.39562185614197887,0.340965279720133,0.20568190527800062,0.2081723574167953,0.1402028295899454,0.03234091049565986,0.2236910087380072,0.0,0.1,0.8,14,110.45739130776512,564.042431688811
21,11,0.3427948377763432,0.46204688085587114,0.4183971849382502,0.26250982057633393,0.24476262025163456,0.138550176720633,0.04484602964238047,0.29336781211265606,0.0,0.1,0.8,15,103.5635084430426,530.5824777291822
21,12,0.29420598076571264,0.41338977124111076,0.3697265817584241,0.22075751507677213,0.191140310870409,0.14036914952444096,0.03385667962317554,0.23409661784773225,0.0,0.1,0.8,16,102.972897560341,716.4293690976191
21,13,0.3397724753651816,0.4581899520777269,0.4143776471357109,0.26729427050008703,0.2422882109186003,0.1392251971893833,0.04404539268584433,0.29078216319043065,0.0,0.1,0.8,17,97.18868320180955,492.1390033203688
21,14,0.33476451845175687,0.4633817462695493,0.4305614612861048,0.27262884435199963,0.23447541118320117,0.1423063184053806,0.042521032940689964,0.28586795658458475,0.0,0.1,0.8,21,106.2470358392098,440.3153669992093
21,15,0.24605599076327755,0.38127309140415694,0.3587701377860996,0.1998176329547653,0.1636044993936586,0.13933156450629258,0.031574148709549485,0.1818631065574408,0.0,0.1,0.8,23,110.706693291305,312.50581798194054
21,16,0.2455110587204225,0.3798400381137341,0.3571736881937714,0.20528799522476554,0.15181676631780577,0.13725739036678256,0.03182019415931535,0.18218831962461104,0.0,0.1,0.8,25,115.53041668758672,338.409482138285
21,17,0.907426227912337,1.0401624837449983,1.0172055885472282,0.8817500568325234,0.8157296163507828,0.36223042219639867,0.12308096996574776,1.0,0.0,0.1,0.8,28,153.62135045219406,18914.6680124877
21,18,0.9579545095259545,1.0826359036148658,1.0582622466925322,0.945946900628949,0.9196621947912912,0.7452880111834228,0.696618551829452,1.0,0.0,0.1,0.8,29,184.1659874138448,1048.2973723072023
21,19,0.3273776851040373,0.44888009338395046,0.4239696339280843,0.32851933648131854,0.2509947857727266,0.13107222692449844,0.03671116323833794,0.29734234458080727,0.0,0.1,0.8,31,109.17628023783796,1268.04408871811
21,20,0.32731380561452,0.4598276293501865,0.4460684019259006,0.3370862141667455,0.24179363370460857,0.13107222692449844,0.03671116323833794,0.29734234458080727,0.0,0.1,0.8,33,109.09051984149846,1269.055787282394
21,21,0.32916446884913175,0.44363490478469414,0.4175719573091108,0.3544481432582675,0.2885302256916523,0.12933436013192373,0.04176138519171965,0.30528908010017275,0.0,0.1,0.8,34,113.7793928468731,1370.0286887484217
21,22,0.3234748882026516,0.43732935015574703,0.4111668990512355,0.3461793506350948,0.24492869603575848,0.1351886407355889,0.039387875022881116,0.29901293943037477,0.0,0.1,0.8,36,110.55901224969844,1282.7477478711974
21,23,0.32213026152753554,0.4122193222078838,0.3634755854980658,0.33364149842808744,0.25169065402772073,0.1359773694617281,0.03961707677009535,0.2986292080242575,0.0,0.1,0.8,37,108.9974298622931,1292.3043892099197
21,24,0.3216126482543965,0.42163546222549253,0.38387330267872677,0.3364580641990655,0.24956213443322986,0.13593696511360714,0.039684242001427075,0.2989321668012716,0.0,0.1,0.8,38,107.018660948248,1323.7287410089514
21,25,0.321327249588228,0.42129494178807897,0.38352413589535506,0.3423144179245492,0.2431717734861966,0.13597736946172811,0.03961707677009524,0.2986292080242582,0.0,0.1,0.8,39,107.27110859426476,1321.3525059126407
21,26,0.2509975913650612,0.39513766157447605,0.4019938568320307,0.3112771295543441,0.17389074557656292,0.12751982832767764,0.025076786640323312,0.21271381267480302,0.0,0.1,0.8,40,144.885022116538,1607.8823718771166
21,27,0.3207741292137597,0.4311791060790498,0.40446956122629507,0.3597925272211645,0.2452034520205074,0.14118284020962424,0.03853243954274109,0.2986149396714547,0.0,0.1,0.8,41,115.166310999373,1260.058847366146
21,28,0.4272572172680153,0.5658182051017314,0.5717954243935008,0.5030090004002595,0.3817524946677829,0.10644236430370427,0.06383402068736005,0.4327624755706867,0.0,0.1,0.8,42,226.11428209240813,471.5531664712436
21,29,0.42702008699120275,0.5762647007616545,0.5933453449041972,0.5156274820246297,0.35364309828242335,0.10644236430370427,0.06383402068736006,0.4327624755706874,0.0,0.1,0.8,44,226.2152134137511,470.83038975660446
21,30,0.42424292023706295,0.5686449597058547,0.5850002744260302,0.5148604409546016,0.3776451192848363,0.10644236430370427,0.06383402068736006,0.4327624755706874,0.0,0.1,0.8,45,228.90364119748452,458.48656785786073
21,31,0.42413789850479966,0.5794538163848751,0.6069470641725965,0.5309401672084265,0.3535580490790327,0.10644236430370427,0.06383402068736002,0.4327624755706873,0.0,0.1,0.8,46,229.22176329986263,457.46238497299146
21,32,0.4266918717068454,0.5544295944453709,0.5587917261950063,0.525948166991073,0.3865145151183046,0.10879867536477754,0.06525945801431315,0.43955755266450114,0.0,0.1,0.8,47,206.1051414176057,587.6113205927401
21,33,0.4256175733964558,0.5533188069162747,0.5576770760487053,0.5216924641725409,0.35713162344603633,0.11114035281163055,0.06370921595163287,0.4384124826575655,0.0,0.1,0.8,48,224.0932392308743,542.8996276248494
21,34,0.42538338517917856,0.5617364181351456,0.576902964066066,0.5385594046270645,0.37075369029964633,0.10879867536477757,0.06525945801431325,0.43955755266450086,0.0,0.1,0.8,49,208.3105420202108,573.9637268824971
21,35,0.4256862284711647,0.550047898729039,0.5539194250773862,0.532549571753146,0.3635250882896686,0.11070638766086938,0.06521770540066343,0.4405283548179451,0.0,0.1,0.8,50,203.5218821716201,592.8873642913483
21,36,0.42456165142802316,0.5487924733343481,0.5526449515114327,0.5378153171864528,0.35855565281903834,0.11092657879667404,0.06429376602084541,0.439323371208478,0.0,0.1,0.8,51,220.29799005176477,554.7596763934913
21,37,0.4213822777561923,0.5361252175704468,0.5386261410796207,0.5347978199197787,0.40709313117303353,0.10926979493673714,0.06576350241172517,0.44105481877659497,0.0,0.1,0.8,52,213.5623266833373,670.6386100499952
21,38,0.919829410189744,1.0491085307831625,1.0728788636539606,1.0785116508676416,0.8675941305482282,0.10126238897708979,0.6135582524593908,1.0,0.0,0.1,0.8,58,201.32616882383047,714.2893487641895
21,39,0.9151610885230124,1.0317854280029024,1.0538525056128931,1.0871880946654955,0.8919851249455047,0.10208081662151296,0.6192743034385626,1.0,0.0,0.1,0.8,60,170.5366504373572,1126.4497411901737
21,40,0.9137022063837578,1.0266310179917546,1.0482111445698765,1.0964887647733008,0.870476030601908,0.10061683506522164,0.6188781384830867,1.0,0.0,0.1,0.8,62,158.85405624532447,1051.319820497869
21,41,0.9112501752840435,1.0572442441973433,1.1122911282429389,1.1188012838158712,0.8598442134635158,0.10189210578206857,0.5951611232502472,1.0,0.0,0.1,0.8,65,163.47171940708773,970.0422744081242
21,42,0.9068837713287847,1.025627621548866,1.0674301134794182,1.1247549035670559,0.8975012366040703,0.0911708161215246,0.608373443384532,1.0,0.0,0.1,0.8,67,188.8750122769158,997.46924018121
21,43,0.9390147159761647,1.123208376635334,1.251443477398507,1.2889788837643326,0.9048694880932668,0.14725708229174378,1.0,1.0,0.0,0.1,0.8,88,190.6560310142389,1579.1301384748783
21,44,0.9367965962706336,1.1126511407387338,1.2398812807397435,1.295420665632466,0.9177468923367497,0.14225897656706946,1.0,1.0,0.0,0.1,0.8,90,181.0623365297312,1490.0620693119552
21,45,0.9355029215736543,1.1061265258002315,1.2327356899502695,1.2947637384079782,0.9215264899375899,0.14225897656706946,1.0,1.0,0.0,0.1,0.8,91,182.85669531799243,1466.3179748973205
21,46,0.9354247569523987,1.1279264356332956,1.2768285851827463,1.3250182592429482,0.9004400677926788,0.14225897656706946,1.0,1.0,0.0,0.1,0.8,94,184.2703143136699,1452.8591504257402
21,47,0.9353959464271888,1.1388781201252178,1.2989317891711032,1.3287809589351536,0.9002440970812357,0.14225897656706946,1.0,1.0,0.0,0.1,0.8,96,183.81231090497425,1456.9178629683238
21,48,0.9353275164984298,1.1385404809326563,1.2985620220144236,1.332583863733012,0.9011570462217349,0.14134163688181875,1.0,1.0,0.0,0.1,0.8,97,185.6345026559437,1453.6326840304707
21,49,0.9350578299606087,1.1482632705198568,1.319319297859264,1.3438642153945182,0.9045906817835374,0.14563433481278393,1.0,1.0,0.0,0.1,0.8,98,185.0865034828741,1450.642268207971
21,50,0.9305993865574236,1.102134374133519,1.2485814735291076,1.348754976164909,0.9133977944107304,0.1416249483529386,1.0,1.0,0.0,0.1,0.8,104,3100.119787303912,1490.0730692305876
21,51,0.9286583327963639,1.12410894536434,1.3029746780291223,1.3956324423331616,0.9189865433918342,0.13049484832956812,1.0,1.0,0.0,0.1,0.8,106,205.40243853675324,894.5386473226937
21,52,0.9284216615394867,1.1004925739273625,1.2568922714228263,1.3635763646925878,0.9047665746246677,0.12029642543853172,1.0,1.0,0.0,0.1,0.8,107,210.247725482083,901.407473298209
21,53,0.9233279141036197,1.0785095363175907,1.2429255855902497,1.3860071431786678,0.9370283700265397,0.13402420890326489,1.0,1.0,0.0,0.1,0.8,110,214.9654559415036,897.5269510810954
21,54,0.9228595098585851,1.097390323352178,1.2838216508180271,1.41435346621698,0.9055544940950855,0.13711782144249718,1.0,1.0,0.0,0.1,0.8,112,211.78406594215912,892.7929899102852
21,55,0.9222571629244702,1.0819584851108144,1.2568117551561708,1.4051411034923698,0.9145587293964869,0.12878840737225214,1.0,1.0,0.0,0.1,0.8,113,207.08219064094328,915.3157372846284
21,56,0.9218633007173185,1.0790761063969843,1.2536550921343084,1.4360480406385292,0.901382319192672,0.13354813601896115,1.0,1.0,0.0,0.1,0.8,120,191.24727347119028,979.350474286852
21,57,0.9213732517894628,1.0754535968352674,1.2496876151154739,1.4599918561935792,0.906113069183174,0.13029048415075314,1.0,1.0,0.0,0.1,0.8,122,200.4716902432112,1001.7568568104616
21,58,0.9210024292245412,1.0837361706991324,1.268867622871773,1.472746269108507,0.904692869330241,0.13029048415075312,1.0,1.0,0.0,0.1,0.8,124,201.22583652922535,987.9534478089836
21,59,0.920802520398684,1.0711316797084178,1.2449543524420008,1.4632696394205884,0.9051156592702965,0.1311104176128771,1.0,1.0,0.0,0.1,0.8,125,208.4651056432889,959.5682593843871
21,60,0.9204849222164764,1.0797724660656949,1.264526671909643,1.4872911271371287,0.908194006128356,0.1319147625828307,1.0,1.0,0.0,0.1,0.8,126,213.71411120844067,932.745875690032
21,61,0.9198924843165028,1.0751946103031598,1.2595130303272266,1.479399358350808,0.9051777875916995,0.13381237556783113,1.0,1.0,0.0,0.1,0.8,129,203.88247480328684,992.2244477120048
21,62,0.9194787810519544,1.0718680006857766,1.2558696844528012,1.4846031564019224,0.9055276923061701,0.13776599793908822,1.0,1.0,0.0,0.1,0.8,131,200.2073762226389,960.044809393336
21,63,0.9185916479367814,1.08681378411157,1.292456154487199,1.5441386300579383,0.9034692625536306,0.12925850581608148,1.0,1.0,0.0,0.1,0.8,138,197.13006819815303,975.7905141191682
21,64,0.9185054863648974,1.0971953426449392,1.313934916848269,1.5727385411068595,0.9004805606002668,0.1289141608107973,1.0,1.0,0.0,0.1,0.8,143,196.2230985621964,969.5875835693148
21,65,0.9178754789032442,1.0918905635856808,1.308125288415344,1.5722235873608088,0.9178108770659633,0.12878029293661114,1.0,1.0,0.0,0.1,0.8,144,194.2945448094632,964.3215161566928
21,66,0.9176893482532719,1.0902980377050187,1.3063809718611141,1.5758668449755844,0.9053468854208337,0.12918336393992352,1.0,1.0,0.0,0.1,0.8,145,195.9490869631515,958.862437978408
21,67,0.9169242826326879,1.0836300869708777,1.299078419926907,1.5752241843094397,0.9112011779837408,0.13099821705261067,1.0,1.0,0.0,0.1,0.8,147,202.53851999811536,925.1304455931948
21,68,0.9164342276238309,1.079335770239408,1.294375176148323,1.5710285470374168,0.9029427216221386,0.13418754308730602,1.0,1.0,0.0,0.1,0.8,152,191.3547826444075,1025.12541450987
21,69,0.9155009225543185,1.081736157999564,1.307113031834248,1.583719351088821,0.9288860510722492,0.13491109327779954,1.0,1.0,0.0,0.1,0.8,153,198.69117186551517,998.8850034903415
21,70,0.9154438422156252,1.0922956798184809,1.3287867954781094,1.6241945928764066,0.9003009371275318,0.13546361810764831,1.0,1.0,0.0,0.1,0.8,159,197.4153571258756,991.3928785495616
22,0,0.886111421355593,0.6406723151524899,0.6064673582193618,0.029248140570975703,0.0,0.0,0.0,0.0,0.0,0.1,0.8,1,432.0186761983696,1316.1172698020796
22,1,0.8175214204277881,0.623422132278774,0.5875710782753334,0.03116142911187207,0.02907094082304575,0.05113571618470479,8.845751831578e-05,4.1514658105649995e-05,0.0,0.1,0.8,3,405.5760364742245,1227.381380221924
22,2,0.27452720238788536,0.3925066970552958,0.33409408326594836,0.026152648825702167,0.8019297331743076,0.06499192154605238,0.014102630869054689,0.0059111408641523,0.0,0.1,0.8,4,186.51777739643725,388.6442833767731
22,3,0.17563983813577944,0.30504009591203674,0.24748087529973906,0.032353724790399795,0.1977344873295408,0.06444389493415928,0.039106094377002285,0.01498923127185551,0.0,0.1,0.8,6,138.9333749879231,106.52355192296592
22,4,0.17199862947874534,0.3007620276462256,0.2429415635985444,0.036553904746916964,0.018974683324892848,0.06423604182763493,0.03565217500946486,0.013503750951960162,0.0,0.1,0.8,8,141.83286088905544,113.96408946366788
22,5,0.16263905299339182,0.2880310909518291,0.22897074751987428,0.034068830080283566,0.03654477814967115,0.06278459924524837,0.03957354317526138,0.013381602423693881,0.0,0.1,0.8,10,145.50282661686697,94.9750912251454
22,6,0.1528906429441693,0.2772834038297171,0.2178927226884211,0.03270736433388262,0.013203668044153138,0.06847941107712803,0.0198293088132717,0.00675256041231666,0.0,0.1,0.8,12,142.7524357965766,111.0789131214439
22,7,0.15180479692904633,0.29793053150482834,0.2607231836267289,0.04759326755406972,0.009972075184670422,0.06847941107712797,0.01982930881327172,0.00675256041231669,0.0,0.1,0.8,14,132.43537120857485,112.5887292838524
22,8,0.1488716903949354,0.27617224317767064,0.22559784022248416,0.05460844667224109,0.09751447005645503,0.054531504367969094,0.06804575357306325,0.016312067117763878,0.0,0.1,0.8,15,131.8229756675689,131.90469843024306
22,9,0.13288206461181098,0.2673169942758756,0.22692520482994188,0.06056650325643419,0.027551188634712252,0.08029868586376393,0.03108543617975576,0.00889428025322803,0.0,0.1,0.8,17,115.56888623009186,220.55901493764247
22,10,0.13783334371392844,0.2821390654764926,0.25262184965147744,0.07508456696366742,0.027285676178961125,0.07597254488515512,0.0428809985525826,0.01589529222900595,0.0,0.1,0.8,18,101.5849258357874,298.6024121654562
22,11,0.13190563612521705,0.2577859845022555,0.21548060143072462,0.06206362443944323,0.07801268054462991,0.0541373401729308,0.06979708570848865,0.017270409549770167,0.0,0.1,0.8,19,131.31476681525865,133.91899777006745
22,12,0.13334841023925664,0.2586284481500178,0.21619715402250472,0.07165264687369463,0.027401057241485907,0.0537669953290031,0.0805577711701459,0.01863209889534821,0.0,0.1,0.8,20,123.68460199478086,169.45549927773456
22,13,0.11628605403569953,0.23759624469304616,0.19435356261236006,0.05833279491605864,0.03906861036924686,0.059759992516756934,0.03494342801117071,0.00869772874080387,0.0,0.1,0.8,21,128.13665439806817,152.67871910280124
22,14,0.11598489340746126,0.23686724454040517,0.19353080531465905,0.06882708619839291,0.014288616467451283,0.057573681234786823,0.03788115302619461,0.0086504860820576,0.0,0.1,0.8,22,104.10504003288791,146.55969904443467
22,15,0.11613364940150073,0.23620036673836795,0.19269756648161537,0.0750439017940627,0.01781882308315448,0.0616227192541516,0.04039144693148452,0.00968785117962668,0.0,0.1,0.8,23,118.98664383796816,168.01157821124283
22,16,0.10595739129043606,0.22740425670088366,0.19324309064292466,0.07511642410525808,0.07512482829720785,0.06766659837611075,0.03648008532708298,0.00925852972014293,0.0,0.1,0.8,24,100.43130489695194,185.07897283959824
22,17,0.14728215893546082,0.26255560074395645,0.227295193069322,0.1371057196674329,0.0969144101441671,0.09597627610763117,0.04504978607326858,0.06656082665408077,0.0,0.1,0.8,25,79.8924626502765,325.685280810602
22,18,0.21491027373967345,0.3184792872861448,0.27195511332839495,0.19668209000194317,0.1290072061666948,0.10881273719969264,0.051134251378213515,0.15086837302921344,0.0,0.1,0.8,26,101.40839556596664,520.202604161812
22,19,0.14660733183378982,0.2720872194944459,0.24784318738785116,0.15395209590226172,0.05962460930804612,0.09597627610763114,0.04504978607326858,0.06656082665408077,0.0,0.1,0.8,27,80.58076498408856,327.1079049112996
22,20,0.14841881171290977,0.24431240106441265,0.19650622283179173,0.14447289685501327,0.10815291273617722,0.0965996725541966,0.04779808808695854,0.07541091025045457,0.0,0.1,0.8,28,81.23153340580758,369.9573825469474
22,21,0.14758748091631005,0.2525169756164022,0.21553998299675342,0.16541618027814486,0.07167506155627477,0.09531030842435775,0.050256812744443234,0.07590191925116577,0.0,0.1,0.8,30,86.18405870460194,374.3912575257256
22,22,0.12228941262688625,0.22430245198874796,0.18685559617807423,0.149954483464816,0.046622864849748376,0.09156085223878199,0.05610239989273676,0.046073786621416465,0.0,0.1,0.8,34,95.06882087054204,486.8925576996549
22,23,0.11890854304868227,0.2187418643985209,0.18094940748403554,0.15595651202745645,0.052708752520861615,0.09017808518489265,0.05004899508849357,0.04441770685183933,0.0,0.1,0.8,35,92.66474881763556,464.2412227978289
22,24,0.11711928061486546,0.21664385265113212,0.17880319115374346,0.14969749277196717,0.04063488641371594,0.08681788881291694,0.05862610464811073,0.04135782023449413,0.0,0.1,0.8,36,92.7090936467264,453.5792263177741
22,25,0.14375286237443224,0.2404969608703298,0.20222091367851647,0.20610271700720945,0.07505576723152292,0.07995075118420489,0.07695991347697598,0.0745987668130497,0.0,0.1,0.8,38,115.79348180633856,508.0347379407138
22,26,0.9081559480440083,1.0014355011287104,0.9626253518910547,0.9791825951338822,0.8433551557977648,0.09294330744380495,0.339243837148508,1.0,0.0,0.1,0.8,40,128.80212592004418,451.2466870653628
22,27,0.9134008838959536,1.0510459925745388,1.056892475438006,1.0116515632087257,0.8393256196101806,0.09605845001901364,0.3919441666392677,1.0,0.0,0.1,0.8,43,129.50607710628256,395.1757513125372
22,28,0.909839300495226,1.0333202121422829,1.027536512341516,1.0058732624229803,0.8456753154638977,0.08538255678650954,0.3744994246694744,1.0,0.0,0.1,0.8,45,114.83639193436458,347.98581320743955
22,29,0.9077763138479157,1.026064893291505,1.0195058760093092,1.0153121696860188,0.8657704377402515,0.0939794739645204,0.38339110839345547,1.0,0.0,0.1,0.8,46,114.06839273733954,391.1710056784784
22,30,0.9033027822175079,1.0289531297594903,1.0330118631363239,1.0160196722358348,0.8545386543319408,0.1045366568117481,0.35882945594582105,1.0,0.0,0.1,0.8,47,135.64710990698217,445.84519459317113
22,31,0.9033027822175079,1.0289531297594903,1.0330118631363239,1.0160196722358348,0.8358829722229402,0.1045366568117481,0.35882945594582105,1.0,0.0,0.1,0.8,49,135.64710990698217,445.84519459317113
22,32,0.9029099735746011,1.0391837928884289,1.0543389728622734,1.0419255742900762,0.8381827180057263,0.10150868023406148,0.3574034724152342,1.0,0.0,0.1,0.8,50,133.35006250955075,430.4891340196596
22,33,0.903009382799732,1.0280899256741876,1.0320657857971516,1.0191137878979237,0.8359096611545385,0.09751347783257533,0.3589042392058893,1.0,0.0,0.1,0.8,51,136.021814301887,414.76586477484
22,34,0.90382626509723,1.016005065210451,1.0085541628738501,1.0396352806287794,0.8471898095794047,0.10114758826446509,0.37649362998398045,1.0,0.0,0.1,0.8,52,121.21828754608887,424.93385829812905
22,35,0.9058663756945385,1.0142408879790341,1.0062436081546648,1.0544902440474035,0.8482976461172352,0.0995173180776996,0.41624120738840764,1.0,0.0,0.1,0.8,55,101.3394676794469,408.7365500061776
22,36,0.9037634449279227,1.0073534620478715,0.9986810354612284,1.0571127790461228,0.8655798829857123,0.09998783199193616,0.4182914978241657,1.0,0.0,0.1,0.8,56,94.82058792352852,401.3928921123991
22,37,0.8957911472544671,0.9958690595506685,0.9867069923678604,1.0424814159793891,0.8411702895759977,0.09779940120884265,0.3548790317029956,1.0,0.0,0.1,0.8,59,60.921307431548406,351.039571625982
22,38,0.895545686212686,1.0027122659366992,1.004163124040601,1.0543715526448942,0.8467845031943184,0.103785561345986,0.3703699813455009,1.0,0.0,0.1,0.8,61,61.87697284574061,338.06403026334664
22,39,0.893340210194203,1.0000722746601054,1.0014639166059014,1.0554026463846973,0.8370431622111776,0.10107149220250322,0.3502038634011021,1.0,0.0,0.1,0.8,62,61.02668441228966,316.5906450488736
22,40,0.8935416838744078,0.9960837531747226,0.9969055168911638,1.0599350707914863,0.8571270229538643,0.10903620349512466,0.37018441410900743,1.0,0.0,0.1,0.8,63,64.48764483200749,376.15555065469454
22,41,0.35959643875350283,0.4725257563317592,0.4844166333332401,0.5836667716419857,0.30450382737584436,0.08321183500638488,0.6310521976822069,0.3003351586578243,0.0,0.1,0.8,66,117.04092761930022,893.2462388555059
22,42,0.39193791203540607,0.5250627131490558,0.5590155823620462,0.6329606002218019,0.34598808677212806,0.0797836587582286,0.6854828942831726,0.33498761550741396,0.0,0.1,0.8,67,115.20704384193404,795.1721640255568
22,43,0.16229930406144716,0.26117197982204354,0.26149999793049183,0.3692426930656114,0.10956350584765664,0.07370909938804074,0.3748831066769815,0.08725448897374417,0.0,0.1,0.8,69,72.32069900827823,923.3437399514638
22,44,0.4039531278527387,0.512699440978185,0.5240284087560003,0.6356268354656163,0.3523853920766829,0.08656545177918562,0.6764667794804411,0.35225293852914463,0.0,0.1,0.8,71,109.6475209867984,936.2302676880488
22,45,0.4031488753705167,0.5098523670645803,0.5209103327751392,0.6417924650421835,0.3541910023185849,0.08656545177918562,0.6764667794804418,0.3522529385291448,0.0,0.1,0.8,73,103.51631324673087,905.8418024843436
22,46,0.4030746200338934,0.4974898232186947,0.49722472659761136,0.6276779623717956,0.3554102830155332,0.08592407539495331,0.6781386453205189,0.352535295310513,0.0,0.1,0.8,74,105.60803036752849,945.6647472666908
22,47,0.38531484961476825,0.5011671800796031,0.5231325527122798,0.66572604064192,0.3332599878603628,0.08210329284954387,0.6106747724141781,0.3391367502857946,0.0,0.1,0.8,78,111.7114703360825,856.9848205619134
22,48,0.3438449056977714,0.4813854678535897,0.5256146995208595,0.6554219750471786,0.29345966308460614,0.08575082901417297,0.5863805137882006,0.2905809844743021,0.0,0.1,0.8,79,107.11775752186432,843.3090864658478
22,49,0.33397810234236947,0.44591106496382604,0.46736133182831485,0.6408402456366534,0.2983458460451509,0.08192644811759067,0.590911567726417,0.2793025962264354,0.0,0.1,0.8,80,108.53212258607844,776.1782408838285
22,50,0.3339537919662031,0.456918796884403,0.4895258497133171,0.6497611004909236,0.28263305302318775,0.08192644811759067,0.590911567726417,0.2793025962264351,0.0,0.1,0.8,83,108.18137683947172,774.6168994747345
22,51,0.33423417595204985,0.4674427252421676,0.5111035112010328,0.6761449853370474,0.28706715489659806,0.08088014893655063,0.5866304504150304,0.28058612045266923,0.0,0.1,0.8,84,108.33944799764258,756.5279100190706
22,52,0.34508993819209144,0.4530721154522297,0.47400768897403733,0.6700105858525442,0.2985786574587337,0.06716473900997835,0.5477756147105434,0.30040228552620707,0.0,0.1,0.8,88,147.99997604477227,1404.0254443159226
22,53,0.3443356102904747,0.47447992620537927,0.5177420981786283,0.6954093686590052,0.2943930878896459,0.06716353791584095,0.5463968424539452,0.2996461614382063,0.0,0.1,0.8,92,147.56499831352224,1395.8101247182406
22,54,0.34328169040793993,0.48249826261809103,0.5366637904452467,0.707743862225354,0.29864677611641494,0.06885422170286251,0.5324432159578754,0.30098080146334605,0.0,0.1,0.8,94,148.07583442447986,1426.820402004092
22,55,0.4660641844270456,0.6262769541354576,0.702618780978423,0.9385995867384513,0.41744463179164165,0.10598189150335527,0.6428456132477406,0.4411884042626026,0.0,0.1,0.8,120,89.15225905011728,1744.2344448418037
22,56,0.46606410011043464,0.6373738374899003,0.7248809279890225,0.959024477293714,0.41723533043599703,0.1059818648201289,0.6428454753798434,0.44118831624574406,0.0,0.1,0.8,122,89.15227549560997,1744.234348729159
22,57,0.38620137383200354,0.5888508804316614,0.7096032016040039,0.9254923741324821,0.3389408992830705,0.09192232260388457,0.714704299468657,0.3332308958664364,0.0,0.1,0.8,132,93.54458707237406,1674.4494056847295
22,58,0.34000169008794845,0.5314848916247693,0.6410558609254243,0.9301744956498599,0.2932332658224408,0.07538899920733863,0.6105186590045454,0.28862726140853195,0.0,0.1,0.8,133,110.97894428276312,2336.4633350213967
22,59,0.34345529824756316,0.5258091367439575,0.6342286893405951,0.9498942652344973,0.3083461720064279,0.07560977688335614,0.6357424611193583,0.293501074498137,0.0,0.1,0.8,137,103.36603443609786,2397.614341692104
22,60,0.5222630306920693,0.7234431593145463,0.8537710808027196,1.1903227102721656,0.479489650590344,0.10181963307308697,0.673208504556724,0.5136605492048403,0.0,0.1,0.8,149,93.83800799268174,1862.64862998287
22,61,0.5214588030352043,0.7108789143247585,0.8299587767433176,1.1717418768189485,0.48057275973761326,0.10349878547001079,0.666239037170502,0.5137847188915765,0.0,0.1,0.8,150,85.13517752633415,1945.5033957833411
22,62,0.5204747196225082,0.7081595628458097,0.8270232537019128,1.1821675697414151,0.4848295140741262,0.10386551169140454,0.6716654599934143,0.5125460035522594,0.0,0.1,0.8,151,94.7857040435621,1925.734358077246
23,0,0.9312017229779675,0.651324543820919,0.6181335879713437,0.030281893487817166,0.0,0.0,0.0,0.0,0.0,0.1,0.8,1,316.9849648155138,1422.6965334480765
23,1,0.8626029801174745,0.6349213260573862,0.6001666704755078,0.032260906018037695,0.02760001313973397,0.03604932752486996,8.653476300436e-05,1.888147927248e-05,0.0,0.1,0.8,3,293.29966513750685,1315.2513734512688
23,2,0.308593744933787,0.4169478521198724,0.3610946420557828,0.026312177559078942,0.7478555581303734,0.04614121339710113,0.01383729001728777,0.00288676778000122,0.0,0.1,0.8,4,106.58301936674732,376.4677300420392
23,3,0.240326473676436,0.3750816970802782,0.3250012727637123,0.017725917986829105,0.1975609194189649,0.046988543422847716,0.02687234270035994,0.0058634190940622406,0.0,0.1,0.8,5,97.07220679317798,267.24715134830745
23,4,0.2134448825113716,0.34928983447015555,0.29620694806645737,0.032713274854443586,0.11908315759299351,0.046098014817231546,0.052652288767721246,0.00982775439043454,0.0,0.1,0.8,6,110.39559726557884,103.42360768170016
23,5,0.20469904697607666,0.35148323635987827,0.3091019495975965,0.04512746348125968,0.025761883210333607,0.0523781879023474,0.02516679424292147,0.008222898036531031,0.0,0.1,0.8,7,104.11651123006348,215.83402920340475
23,6,0.19785582045065667,0.3325545131277318,0.27799527056269496,0.03589409920801131,0.04726314867106646,0.04600605154336709,0.04812726646294323,0.00886054502224693,0.0,0.1,0.8,8,80.80345441991298,100.25481335157365
23,7,0.1899480793821407,0.3124600230810677,0.24590111295436018,0.03098576624689536,0.04108473847319741,0.04660578982008105,0.04734009259545074,0.00866975542767684,0.0,0.1,0.8,9,82.96545730488117,100.89885776922095
23,8,0.1815177256216002,0.30159875292811533,0.23366393867405372,0.0394739815558061,0.06386981165046535,0.04588833579209522,0.08612288535300328,0.008312994641936319,0.0,0.1,0.8,10,101.04551036802204,350.5634087924797
23,9,0.17681960684830986,0.3072117985667429,0.2500823981192792,0.04612762409518265,0.02618415069850881,0.04455635459226874,0.06619921734012976,0.00867289603276363,0.0,0.1,0.8,11,86.91968324309386,137.9499443560036
23,10,0.16210630995811248,0.2787398462959108,0.20934282288904957,0.03697928041309162,0.04673929903317882,0.056565790236644674,0.03342554302256444,0.00552764162517971,0.0,0.1,0.8,12,67.60257012032056,2227.0652978138683
23,11,0.15938092197477186,0.2969241381337339,0.24939605306547566,0.05315448014535815,0.016694938837415192,0.058000866644927054,0.0389406245758145,0.00588770635139284,0.0,0.1,0.8,14,59.1695215234775,3180.7202386448826
23,12,0.1563005018315567,0.2706273636245014,0.20041493191642878,0.04778507478545039,0.02068838023495323,0.055334314438003164,0.03801567104860434,0.00552006676343045,0.0,0.1,0.8,15,57.47289246348934,2374.471584831142
23,13,0.15629582129519695,0.3101092960191836,0.2830374044863385,0.09591157475617404,0.04610442746099833,0.02722305781114781,0.14511046420848278,0.00596875009387293,0.0,0.1,0.8,17,75.84214792127362,492.8459365238061
23,14,0.14703027544317496,0.26726201580374137,0.2066113275911751,0.0709380466214633,0.01351978468034544,0.052192847620701886,0.0490640853438093,0.00711711103777765,0.0,0.1,0.8,18,47.83166429591678,1857.147408551172
23,15,0.14002140675696365,0.3124727995214887,0.306758044646622,0.11050201163301253,0.020153980667416367,0.03041597610452213,0.0726123382845136,0.00302657356287292,0.0,0.1,0.8,21,69.87096217650645,505.999808199168
23,16,0.13141657620858796,0.26667889683614854,0.22647400305705123,0.0932592612809321,0.042967041429728355,0.03675293474351764,0.0630181871720215,0.00165171961904227,0.0,0.1,0.8,22,83.40637122325316,527.7802098186072
23,17,0.12439673573102546,0.2656707929547824,0.23546198982009783,0.10641475455249598,0.0282806986839367,0.040894931361187194,0.06282408918856973,0.0018983149695671099,0.0,0.1,0.8,24,64.20940573585536,577.8650531319169
23,18,0.12276167310083425,0.25145229697960014,0.20974988080664903,0.10074181982602043,0.019705333942194106,0.04228343896774807,0.06315469938937418,0.00226562918199549,0.0,0.1,0.8,25,62.995618998356825,604.4555225078029
23,19,0.13920181534268125,0.2900302309926916,0.2795407546363894,0.1539198580689563,0.11802530539667141,0.03985014298529951,0.12522625755430683,0.03109439231395822,0.0,0.1,0.8,26,94.89179751483624,6888.935448373609
23,20,0.1671448156707792,0.32367620733587177,0.3233421982512014,0.20721709819301068,0.08831610503269963,0.04582644411783627,0.10431564759275529,0.07515653302261092,0.0,0.1,0.8,28,42.8990268371233,1108.2056526833524
23,21,0.13250784945236643,0.2778037328446858,0.2662787730372968,0.1665815684162344,0.03649896039230002,0.044235460685269914,0.12090393418946291,0.029947929666262352,0.0,0.1,0.8,30,99.7449722735422,6744.88495464129
23,22,0.11310256562375992,0.24590342045504146,0.2229583739535847,0.13312139318432034,0.026925619613199284,0.048763299429281357,0.11932971708433068,0.00748844948713954,0.0,0.1,0.8,31,79.6900472213401,17055.9018615998
23,23,0.13069866869590846,0.26104377484706703,0.23765766923436113,0.14647518597746864,0.05326533492568339,0.0381194931004053,0.12843058239300867,0.03106728751599458,0.0,0.1,0.8,32,89.5324786374147,6844.966867814168
23,24,0.12557736555858728,0.2553869624453012,0.23190638957708515,0.1596229994364447,0.03633136357635813,0.04486341738972409,0.1042923758349367,0.02825239073353507,0.0,0.1,0.8,33,50.69166140539125,1694.9783506351002
23,25,0.11883572565897282,0.2581409194892015,0.25483637280710003,0.17595993159612955,0.11222503667938205,0.04292485433116987,0.12223610162990668,0.03000430254058467,0.0,0.1,0.8,34,103.17618638537976,6740.0366779997785
23,26,0.11746678450894121,0.24439056562146183,0.22971189928296443,0.17189276717184718,0.03944964736973473,0.043442402596758536,0.11969464650087902,0.029746982533946042,0.0,0.1,0.8,36,92.26300086758448,6564.283717756025
23,27,0.11593907846006783,0.24252180423380404,0.22778772291406013,0.17652336190423856,0.035459066042649756,0.04189111052152479,0.1189348605825555,0.0282326310126243,0.0,0.1,0.8,38,83.09993830737338,6422.199210319607
23,28,0.11235670530198538,0.24667014178568006,0.24256232158687832,0.19087484586197248,0.039531931436190104,0.04369362296421039,0.10560894163629171,0.02829269860477069,0.0,0.1,0.8,41,54.66604783500801,1694.142400297602
23,29,0.11394684840712217,0.27978261449666836,0.30889104269034695,0.22837507436621096,0.03759648794701993,0.04319006645208888,0.11751782833866271,0.03025196640888091,0.0,0.1,0.8,47,108.82769097014992,6791.788649383213
23,30,0.10508854606979454,0.25920913079643704,0.27705499170671244,0.22376827390194623,0.030939142431037576,0.047990441602785386,0.08307768701831743,0.02398902130546,0.0,0.1,0.8,48,48.441123420204455,1527.7163590903956
23,31,0.10028191516166568,0.25350794095050244,0.271213332747407,0.22596064531706112,0.028252028108876982,0.044835550247962055,0.0857491593318512,0.01837321227277485,0.0,0.1,0.8,49,44.682176285092,2387.7377820210017
23,32,0.10394406885153969,0.2448758057847249,0.25122994912014285,0.22690253024749313,0.030952528409514058,0.0477924337789793,0.0846721359732859,0.02402984356005078,0.0,0.1,0.8,51,48.14948936137907,1538.3697821582343
23,33,0.11217248884468656,0.2638523665671598,0.28131759034738196,0.24513724772973158,0.03806533317830847,0.049818917402084786,0.09962132356769379,0.03272366158279611,0.0,0.1,0.8,52,73.57684215814393,4171.190541247637
23,34,0.09635921758773541,0.2587580072116604,0.2873302610418271,0.2563050556869592,0.021247631304503495,0.04356823144118395,0.08353815367586294,0.01526205894418901,0.0,0.1,0.8,55,44.24704975440133,2396.523447016866
23,35,0.09679897825783036,0.2584201440075894,0.28687194717744446,0.2637644549871331,0.023606018616007664,0.04720937465473366,0.08360309099199927,0.01640911083260751,0.0,0.1,0.8,57,47.982929317964015,2487.3907797961688
23,36,0.09585089421918816,0.25707525436849676,0.28546624292842854,0.262999475687332,0.02294129199679764,0.04643376934541525,0.08355980978847008,0.01553623331820087,0.0,0.1,0.8,58,46.859978257268686,2459.8373600951622
23,37,0.09550363583579968,0.25529317893917153,0.28346395374182143,0.26996335539093436,0.029080650474566948,0.04683249810454978,0.0830513365423754,0.016263043280087118,0.0,0.1,0.8,59,45.176954101126526,2447.2470186190358
23,38,0.09545433566019618,0.25517487429069335,0.2833350984105909,0.269945044747568,0.021679089003642002,0.04684923167233902,0.08263289500061279,0.01630589295805676,0.0,0.1,0.8,60,45.20116944476896,2447.514936263364
23,39,0.9675973005170244,1.1911460256340098,1.2858792723192156,1.31380064854931,0.8960200811024677,0.04222878038766264,0.9509597240165222,1.0,0.0,0.1,0.8,76,49.44492325367078,1842.9515878128
23,40,0.9671474872876853,1.201018500801062,1.3068003759790783,1.329299532946074,0.8971439864362101,0.04222878038766264,0.9509597240165224,1.0,0.0,0.1,0.8,78,52.63773403204827,1808.351597630759
23,41,0.9709692232941398,1.248224790827525,1.3984695224966095,1.363530908245133,0.9099502117126331,0.05422201969092766,1.0,1.0,0.0,0.1,0.8,79,38.969489720235565,814.9008894185409
23,42,0.9608039136540976,1.2094012387940665,1.3459822801958619,1.3788074261511465,0.9837028571332316,0.03744725859973156,0.9851741232943596,1.0,0.0,0.1,0.8,80,44.11891081044064,5367.104642291893
23,43,0.9574104890769198,1.2174251201696662,1.3748469613647099,1.3787770051231192,0.9526147750338861,0.04967000337012627,1.0,1.0,0.0,0.1,0.8,81,34.562457523529915,697.2482377548746
23,44,0.956964131766279,1.215914802828617,1.3731927622621414,1.3748593725233782,0.9050124174974109,0.04967000337012628,1.0,1.0,0.0,0.1,0.8,82,35.3170581320953,691.9289567758534
23,45,0.9564444913752487,1.225253642130395,1.3935295305105606,1.397946487991203,0.9058792084512033,0.04967000337012627,1.0,1.0,0.0,0.1,0.8,83,37.728329823725815,677.943456769328
23,46,0.9562385413239842,1.2245562664962102,1.3927659324676953,1.4060175788722797,0.9011717745493122,0.04887479339432529,1.0,1.0,0.0,0.1,0.8,85,39.74101719713635,652.8341165514233
23,47,0.9557356872077858,1.2339418402097968,1.4131538665248122,1.4100707840749376,0.9057538049074573,0.04322451591630267,1.0,1.0,0.0,0.1,0.8,86,29.570527016685315,935.3863205258968
23,48,0.9534272567882691,1.2037023898471184,1.3598178254142397,1.418858435652207,0.9054027345585667,0.040895486670454353,1.0,1.0,0.0,0.1,0.8,91,53.36657347935952,5894.675871841601
23,49,0.9521292025572813,1.2325735040437542,1.4217640633965032,1.4724938896982906,0.903128598400759,0.03846930475975829,1.0,1.0,0.0,0.1,0.8,96,47.73489650264043,5824.554907829831
23,50,0.9498724683622785,1.2239836852877617,1.412356603567436,1.4852080001511885,0.9140125747960879,0.03491912331590586,1.0,1.0,0.0,0.1,0.8,98,33.35248908313318,4943.821194388272
23,51,0.9474518083738614,1.203560239344533,1.3798801091521051,1.4919977176910622,0.915656532248412,0.034450753158445466,1.0,1.0,0.0,0.1,0.8,100,33.33836562349352,5004.255967001014
23,52,0.9463285558924407,1.2101889060803417,1.397248713593127,1.4968677100889936,0.9150019726132188,0.03519760882912329,1.0,1.0,0.0,0.1,0.8,101,34.44561145507079,5185.582140700638
23,53,0.9461616676027366,1.209517098910589,1.396513007600371,1.5119932125115256,0.9007518584150125,0.03480010876861086,1.0,1.0,0.0,0.1,0.8,104,33.6710154215411,5127.600330180726
23,54,0.9461592429822642,1.242798434566532,1.4632891885430883,1.5546031039746753,0.9000082063678274,0.03585767887888317,1.0,1.0,0.0,0.1,0.8,108,32.34114063738187,5238.547563477191
23,55,0.9461476218493879,1.242758388594094,1.4632454363076226,1.5725675846861757,0.9000225040505,0.03655465117684936,1.0,1.0,0.0,0.1,0.8,115,31.8467375267204,4686.646887848726
23,56,0.945604857715245,1.2627464933316683,1.5053541068947325,1.5854971422156652,0.9036930162839518,0.03548260161968048,1.0,1.0,0.0,0.1,0.8,117,36.325259943026346,5001.364048858506
23,57,0.9455478149018931,1.27361029681008,1.5273609951980704,1.5985916625881873,0.900390431957006,0.03547883730491079,1.0,1.0,0.0,0.1,0.8,119,36.04500655826159,4871.376784228434
23,58,0.9454680383586789,1.2843817320941375,1.5492668279908814,1.6962338663849135,0.9000455462227379,0.03694862089768091,1.0,1.0,0.0,0.1,0.8,143,28.04924445006468,4458.312416717632
23,59,0.9452223943481339,1.3055701153755792,1.5926901317197508,1.7840133670214002,0.9016776690595956,0.03467303212911244,1.0,1.0,0.0,0.1,0.8,145,35.90183650683594,4584.527972810181
23,60,0.9455110119503598,1.3067524451960706,1.5939848940545696,1.7554338685718005,0.9068638397546466,0.037587664062560325,1.0,1.0,0.0,0.1,0.8,146,32.98128573361663,4800.667796289172
23,61,0.9442036158163176,1.3457386809804912,1.6771182128281312,1.8147821178196184,0.9018346298472096,0.03230104464152861,1.0,1.0,0.0,0.1,0.8,150,64.73758681047585,5072.583332976581
23,62,0.9440882363350208,1.3563581447623805,1.6988575440581972,1.8407538309306413,0.9006490727400379,0.03422996415566676,1.0,1.0,0.0,0.1,0.8,155,65.62132369521035,5019.582514673763
23,63,0.9439701655595729,1.3336606294329432,1.6537814388676146,1.8893186679335479,0.9000173561802847,0.03344078630807746,1.0,1.0,0.0,0.1,0.8,157,66.87111448393104,5075.004635731057
23,64,0.9430989333740609,1.3854522633805826,1.7610479438211573,1.9000000000000001,0.9015499435446891,0.03577907515629422,1.0,1.0,0.0,0.1,0.8,165,66.43422545952689,5009.253353903056
24,0,0.9112436868765943,0.6466741311907749,0.6130404631611646,0.029830583632392577,0.0,0.0,0.0,0.0,0.0,0.1,0.8,1,367.1148222417406,1358.9421840141774
24,1,0.84435026110352,0.63034264546023,0.5951508903481472,0.03182732825745454,0.02751189333315493,0.05280657188629438,8.309962886014e-05,3.426011803378e-05,0.0,0.1,0.8,3,337.8583633413777,1269.089204103889
24,2,0.8414172923272621,0.629693409405056,0.5944281764157187,0.034303749918136325,0.0027707055357301005,0.04642493697134953,0.00053619106390526,0.00013188079850866998,0.0,0.1,0.8,4,306.62161963777385,1387.0956240020405
24,3,0.7810678830871526,0.6137160016357376,0.5769313268893574,0.035719005946461733,0.053713968267816825,0.060522744587418485,0.00033239851544056997,0.00013704047213510998,0.0,0.1,0.8,5,308.3772548984674,1193.246280366433
24,4,0.5108095185268577,0.6028333905264722,0.5498270008554882,0.181901244359457,0.7319630507763176,0.1066802335281137,0.17569174898849182,0.1776287988186755,0.0,0.1,0.8,6,128.0689751201653,444.125938157345
24,5,0.3306946409866455,0.45881660816670056,0.4268027297754167,0.03428582841857224,0.06648847618220757,0.06924622572630632,0.01749069378406505,0.00721102177896939,0.0,0.1,0.8,7,133.89165915091957,528.0411807212429
24,6,0.39301277020831515,0.49829786051763,0.4430717175935634,0.11762888490335802,0.08229281452857708,0.10235793159263726,0.08891746275623504,0.08695443319824794,0.0,0.1,0.8,12,112.92515724594118,368.31352742064126
24,7,0.3460267487613276,0.4628735814806856,0.4048326423404145,0.1089014259440258,0.17187060819738745,0.11244348471574706,0.08243062690020363,0.08044766776733485,0.0,0.1,0.8,13,67.39765956084851,300.0918812872646
24,8,0.33313736085458334,0.45244373824801176,0.3935403067095742,0.11316069792520575,0.08644116017191819,0.1071111139054802,0.08322500672520779,0.07863632971149706,0.0,0.1,0.8,15,73.56029040294361,282.5887353895066
24,9,0.3279609913178559,0.4611805463576973,0.41220456525878707,0.12729661801417974,0.10385516013911157,0.10703442387246462,0.1247407246921904,0.08675010248003741,0.0,0.1,0.8,17,73.73651321454528,298.7955260944276
24,10,0.3037254760821237,0.43782534438989806,0.38824471737681826,0.10921742299808129,0.08589313687868355,0.10721525059057031,0.08424586592396124,0.07055836252488167,0.0,0.1,0.8,18,65.15802737399645,232.12862352367245
24,11,0.3032740367229523,0.43743666350572075,0.38781276926930774,0.12131465282493853,0.06570053316851998,0.08969597178794284,0.12712375925124436,0.06528086878135433,0.0,0.1,0.8,20,115.23037665698726,252.58594121463832
24,12,0.2758737878249328,0.4227735979085933,0.38258947451931385,0.13000615379601904,0.1182041931032626,0.10095571574761479,0.10043078119809326,0.05907676039261127,0.0,0.1,0.8,21,79.6814534488173,474.00143780940607
24,13,0.2700264597907658,0.417084696775735,0.3764608430089402,0.13365402038342283,0.06399434822111073,0.09709559211432181,0.10056515549378486,0.057723119293556835,0.0,0.1,0.8,23,86.52212751324178,442.6379791654467
24,14,0.25970270120346334,0.40680048390260715,0.36577396985535354,0.13266783644106545,0.06433441234319259,0.09466329023109143,0.09725128257893492,0.05056955263080689,0.0,0.1,0.8,24,101.49402927552282,412.09533827853335
24,15,0.2584217810813423,0.405505223253775,0.3641729305810648,0.12878535714072015,0.06288218428134856,0.09663726257626223,0.09586834365753,0.05313852440240143,0.0,0.1,0.8,25,93.6171991160926,395.3974675395223
24,16,0.32255552141237076,0.4583636738888586,0.405233833122226,0.19084420043946682,0.14499156753343106,0.11075334245542665,0.10612641202805724,0.14010214064389595,0.0,0.1,0.8,26,96.617951511099,229.26008572818327
24,17,0.3093381512360711,0.4556535648300628,0.41278858400323626,0.20698821791467556,0.13422862026663807,0.1172619157478852,0.10870511627276362,0.1343462658163307,0.0,0.1,0.8,28,94.6908116096352,275.8868358536589
24,18,0.2973812146606876,0.45435230264784543,0.42219918605699014,0.207345277231048,0.1187048444216801,0.11112352966921066,0.10833308995334093,0.1248471638267731,0.0,0.1,0.8,30,96.06945255795358,354.4184774340422
24,19,0.4462701799008659,0.6026955061458596,0.5700811078429273,0.3600637042024972,0.2801703218467541,0.12536804070961843,0.12664346003034974,0.3140448544195518,0.0,0.1,0.8,31,78.94049550788404,452.24407415621096
24,20,0.22616451019657,0.39208974087828163,0.3695889143776044,0.15121185945133597,0.09034507091284544,0.09433640087457455,0.09608472514287768,0.054548013383883355,0.0,0.1,0.8,32,121.25466156618911,441.7391317511599
24,21,0.36283165604901424,0.5149613496269323,0.47996139966956913,0.30048458286593743,0.2247482893090377,0.1113028438361002,0.1753569353343018,0.22961378813566044,0.0,0.1,0.8,34,94.69437950925747,1565.9430112922098
24,29,0.2317756354307247,0.4444687075215751,0.47424791408038314,0.2503023021201276,0.10235062539791483,0.13061681666501568,0.07994624819179703,0.09925452393372745,0.0,0.1,0.8,48,54.818010157265576,685.3909329672734
24,30,0.21144891254212184,0.3971356859993111,0.40312685105795315,0.20822332462976062,0.1296020081398,0.13923689515783738,0.07358114521638341,0.08776370677021113,0.0,0.1,0.8,49,72.56064978424263,647.7769264302926
24,31,0.21015581408792006,0.39452905669298,0.40019464454758985,0.2086827504521489,0.08929168288454331,0.13806452066636093,0.07399640178324658,0.08872924609611177,0.0,0.1,0.8,50,64.1103199807437,688.8232678778578
24,32,0.2056839023248469,0.38793662661401257,0.39305216963803274,0.2072973003558225,0.09690450488311046,0.13923689515783744,0.07358114521638341,0.08776370677021113,0.0,0.1,0.8,51,73.67993964580879,606.6519441885063
24,33,0.18902310106360343,0.35554388177443563,0.3483619059734516,0.20618150715711264,0.08814321166310769,0.117453782445022,0.07071230767792669,0.07636796384815325,0.0,0.1,0.8,53,84.9253434022337,506.45699700016
24,34,0.18897991468870867,0.34368744086942105,0.3251744576279008,0.203794332480081,0.07206749859704936,0.1168846730428192,0.06960596471878475,0.07773605514239869,0.0,0.1,0.8,55,92.24240378976482,413.2925057467334
24,35,0.19100223140335462,0.34525919216241774,0.3266426235035853,0.2063453449610178,0.0754490273139527,0.1168775890052581,0.07741348158622964,0.08008365847183149,0.0,0.1,0.8,56,92.6713195190878,481.7779445705592
24,36,0.18829134345512458,0.3425107835228265,0.3238855896914712,0.20367576777825896,0.06944800850849292,0.1168846730428192,0.06960596471878477,0.07773605514239865,0.0,0.1,0.8,57,90.17638423068524,419.4989518687565
24,37,0.18823908897301536,0.3526733290697099,0.3450123589424966,0.22642840713951246,0.0774214198288072,0.11297606946596994,0.06982867485504687,0.07918116994956385,0.0,0.1,0.8,58,90.3106237554715,458.84858923363055
24,38,0.17858237774890906,0.3823339856108859,0.41821125195963293,0.2607688425967861,0.07740634984811134,0.11640373102751231,0.08320484552203124,0.07384475378098462,0.0,0.1,0.8,62,108.7956788458321,422.9437766321209
24,39,0.1745871288389811,0.3747951831378566,0.4099548405252779,0.26000980263650375,0.07983389227483928,0.11640373102751231,0.08320484552203126,0.07384475378098461,0.0,0.1,0.8,64,97.31175663290765,437.6161874637999
24,40,0.17444927550348116,0.37457350182674465,0.4097162038307033,0.25995038670903947,0.06765309071069858,0.11881926251221694,0.08258179335497959,0.07386862274833209,0.0,0.1,0.8,66,96.65042619911708,400.7854385278465
24,41,0.21241906930706317,0.3973813927227918,0.4205531062842035,0.28859987732953984,0.12394710177732052,0.111189812772261,0.15901426980009453,0.11727765747713,0.0,0.1,0.8,68,63.34775507693151,435.8535030485448
24,42,0.15127144038771806,0.34727377312153057,0.39071633383308785,0.2553755146334399,0.13167962254283483,0.12218953745323849,0.06405405341854235,0.06581701201401022,0.0,0.1,0.8,69,98.12019965144034,447.9358079475951
24,43,0.15080015327425017,0.34629939431487766,0.3896532827217368,0.2552417796019736,0.05979750439324466,0.12234567705729278,0.06381735713437406,0.06579275264696235,0.0,0.1,0.8,73,96.24825315295902,447.2701441184465
24,44,0.14815251523908138,0.339557979866014,0.38220193197899716,0.27513645546653953,0.06807892748335816,0.12189092940736324,0.06816319777371337,0.06614487270931499,0.0,0.1,0.8,76,95.06983836706095,465.5034365758696
24,45,0.16891542494536016,0.3930395385969369,0.4690817363298729,0.36714114652596225,0.08152496674812484,0.1248550042336293,0.2587084468072144,0.06884864554227582,0.0,0.1,0.8,82,82.89604751243246,908.2563306539464
24,46,0.5824939554845674,0.7948917276637295,0.8596616206548247,0.7912326863814423,0.498794471220918,0.11805182228372016,0.7960275817306588,0.5192740309135289,0.0,0.1,0.8,83,89.9846120033933,1013.6782812759492
24,47,0.4641189737718996,0.6935469023740541,0.7797837746603584,0.6911804558105419,0.3958181210281576,0.1199017161294839,0.9974962409023732,0.3510075009634137,0.0,0.1,0.8,85,81.9838416966428,520.1062036162675
24,48,0.33207690979383114,0.556305610108838,0.6417015024113311,0.5549731537353435,0.28174098616786825,0.10826677258885715,0.7231209737649374,0.22479549208971758,0.0,0.1,0.8,86,78.52042088439595,370.4345235464704
24,49,0.38609696070468047,0.5989574926756338,0.6731449387624261,0.619531016416816,0.3068599386144379,0.11443267194153468,0.6813117106983869,0.29777591248227137,0.0,0.1,0.8,89,74.85797780364393,353.2554088024588
24,50,0.31858379372390827,0.529540751042682,0.6034260667234124,0.5425804101963891,0.25076380173108,0.11518740114396184,0.66295187253017,0.21726752204796881,0.0,0.1,0.8,90,83.14696918616022,430.99365199584736
24,51,0.45687932842918033,0.6677076478810979,0.7510312192742308,0.7161729905301251,0.41578317837897777,0.11307065945323698,1.0,0.3566510079090795,0.0,0.1,0.8,92,97.0189325773021,1186.8227203582687
24,52,0.4583486859735775,0.6778426197672337,0.7719688054654257,0.7345451778316182,0.39456155019867595,0.11486548732902709,0.9895379908757403,0.36151934343191555,0.0,0.1,0.8,94,95.97012915740773,1209.7313907351047
24,53,0.3992595986123615,0.6294147070651226,0.734641625999783,0.6896683850750346,0.3298935347162818,0.10953773757333107,0.8784521961955678,0.30184803942493643,0.0,0.1,0.8,98,102.64808036387986,1029.9867765512963
24,54,0.4219538233353721,0.6516923298896984,0.7568573854488276,0.7160384218696441,0.35297378376222366,0.11520861001184346,0.8834455912512059,0.3298809143798279,0.0,0.1,0.8,101,89.73423101199377,1144.4294201830596
24,55,0.42596318730719657,0.6522701846944948,0.7569309255128032,0.7249118681853104,0.37592325627747986,0.11038906321384163,0.9441146738153892,0.3296443274348968,0.0,0.1,0.8,102,97.66423744396438,1185.0777322115937
24,56,0.4258429520885923,0.6519243331143509,0.7565521040740619,0.7248770151015249,0.35870741993317107,0.11038906321384163,0.9441146738153889,0.3296443274348968,0.0,0.1,0.8,104,100.42443306636578,1175.9458754275329
24,57,0.400667546426414,0.6263730038521435,0.7309457667794412,0.6998515852510762,0.33364041107071235,0.10849164255692104,0.8954326358787339,0.3045123910642563,0.0,0.1,0.8,108,106.53742961969024,1074.4521312824677
24,58,0.44248336188815374,0.6784035756161202,0.7940134624717459,0.7536075174748307,0.37768810228716654,0.11379311987326027,0.916452045889858,0.3547350862098744,0.0,0.1,0.8,110,94.52952842931673,1207.970327578478
24,59,0.3377521360948926,0.5882315633183108,0.7250781757651615,0.7545494313944165,0.2768273313750024,0.10647315831476452,0.7806377532353754,0.24561786208228117,0.0,0.1,0.8,127,122.60429754566375,882.7701218505844
24,60,0.3472990019002778,0.5975636656477341,0.7343799547800605,0.7769086243453671,0.284361948280372,0.10582606246724735,0.810074650064666,0.2540019326795121,0.0,0.1,0.8,134,119.09791818469571,376.4319224731202
24,61,0.9368655425389139,1.2199107261547533,1.3901508496630512,1.4582721084809673,0.8744462164131502,0.17332500064059256,0.7402231726251541,1.0,0.0,0.1,0.8,140,115.81429707885692,926.785183555676
24,62,0.9368655425810613,1.2199107261547533,1.3901508496630512,1.4582721084809673,0.8740223645465365,0.17332500064059256,0.7402231726251539,1.0,0.0,0.1,0.8,142,115.81429644287408,926.7851845799012
24,63,0.5627337886323901,0.7744031692456967,0.8769804232752738,1.0246637158279492,0.5055312256417221,0.12451780241132496,1.0,0.5026812443574605,0.0,0.1,0.8,149,51.02207474626406,1235.2063167906476
24,64,0.5745248456747917,0.7583138437909468,0.8377774765721149,1.0366349628156648,0.5256590521784631,0.13008780562965055,1.0,0.5205956936185181,0.0,0.1,0.8,152,42.87314514867088,1537.9822282371508
24,65,0.5668099134132294,0.7606947257454957,0.851187145420675,1.054854283688563,0.5140498396871617,0.12847622132794037,1.0,0.5114934481908926,0.0,0.1,0.8,153,46.45320357055681,1376.1814629083694
24,66,0.5730460964853766,0.7635831185337298,0.8536218363004593,1.0971392516191047,0.5221832798461177,0.12704518764102823,1.0,0.5210620475331365,0.0,0.1,0.8,156,60.38350007819473,3579.4366383626743
24,67,0.5730851755564538,0.7747148967418114,0.875918228821241,1.0971794918423254,0.5168957872073447,0.12719701040112602,1.0,0.5211131805908951,0.0,0.1,0.8,160,60.57757875252752,3576.811336307493
24,68,0.5658612872931179,0.7780744698650659,0.8903740368670563,1.1069032849524845,0.5123207835187461,0.12670684270761048,1.0,0.5123505149914157,0.0,0.1,0.8,161,60.24602769576181,3610.5407569526064
24,69,0.9128500084993367,1.119300397880195,1.230829308218866,1.4891337943015845,0.8660076002791586,0.11889373571546051,1.0,0.949002364451377,0.0,0.1,0.8,165,48.6025890526026,1492.4499497150234
24,70,0.9124484817009405,1.1178700878202321,1.2292628566552035,1.488989675392595,0.8615913596865258,0.1188937357154605,1.0,0.9490023644513771,0.0,0.1,0.8,167,45.91487808134869,1515.009924167448
24,71,0.9143776418492591,1.1398937574983996,1.2733398694755624,1.548408573188551,0.8635741262686079,0.11921647624675864,1.0,0.9524289114840652,0.0,0.1,0.8,173,47.26130163299332,1503.764027149028
24,72,0.9124982122919479,1.1377733521349471,1.2711877710936372,1.5504477844927171,0.8602940960865264,0.11935490653302401,1.0,0.9501948447943958,0.0,0.1,0.8,181,45.19661656030162,1533.2258493179197
25,0,0.8905343160280357,0.641740772176092,0.6076374266831028,0.02935182484607598,0.0,0.0,0.0,0.0,0.0,0.1,0.8,1,404.467432917605,1468.6822761763294
25,1,0.8257750733112947,0.6256025252653005,0.5899556684939984,0.03140510446223745,0.027299236089959846,0.06445904730626258,8.481896479638e-05,8.63701561811e-05,0.0,0.1,0.8,3,372.4896303316604,1367.4908052157464
25,2,1.272792208390656,1.3210888832487933,1.2731520230797129,0.845983300905092,1.2632027308121268,0.1369441178966167,0.2467198181649363,1.0,0.0,0.1,0.8,4,241.12001529580667,2484.572593151576
25,3,0.8425404192598034,0.978194660087559,0.9247638012007797,0.6555302998515788,0.9369467990885041,0.13660820722458417,0.15366177999628344,0.7879023280473609,0.0,0.1,0.8,6,131.6955568270041,1207.7260322109162
25,4,0.1934363900997506,0.3257813070620928,0.26959887754185946,0.03232532361616864,0.11939539852478792,0.09494060912979581,0.01408436796993196,0.025963297101212878,0.0,0.1,0.8,7,78.72234889228022,401.8061488946568
25,5,0.1836679314915983,0.3231869890808214,0.2763961777184272,0.042070251311077216,0.058319250866888675,0.09511871389150728,0.01722350909907181,0.031750028458451776,0.0,0.1,0.8,9,103.06540105221094,338.19436814874825
25,6,0.46404948877840313,0.5967476789265611,0.5476559589930103,0.3445645968005521,0.40606274393024544,0.15064877014994432,0.07824657723241336,0.3962865504920471,0.0,0.1,0.8,10,81.93367370841096,1317.10242436281
25,7,0.4494259143040242,0.5777347880574717,0.5274226151895791,0.3418560953905673,0.340163789411734,0.15329570664542655,0.07591614491624096,0.3888379613208177,0.0,0.1,0.8,12,75.3222019564319,1239.5181092870118
25,8,0.4515139009568546,0.5784098587790404,0.527731680578879,0.3483652852874855,0.33608060528708616,0.15482579978027028,0.07675969372798656,0.3943837777490988,0.0,0.1,0.8,13,74.80487390582951,1289.1056271097525
25,9,0.44330779752110105,0.5743681546005382,0.5331924532208254,0.3643489025796031,0.3841512548084842,0.15049395483124145,0.07918089778548182,0.3969903564652523,0.0,0.1,0.8,14,81.73474941608599,1310.674003234678
25,10,0.4426002716761967,0.5734415189425618,0.5322163272664352,0.36829175770723677,0.3268492392025936,0.15058159614266775,0.07907365140051997,0.3964952622753827,0.0,0.1,0.8,15,81.52762256290478,1307.3708475107533
25,11,0.4291861257686166,0.5540645545211074,0.5115494913016289,0.3621028140314496,0.36477399905509955,0.15314634141933398,0.0768157758784919,0.3894949755558615,0.0,0.1,0.8,16,75.23192347432114,1224.9847521605172
25,12,0.4309854922750297,0.5540148056887414,0.5111189059648089,0.3683425577102572,0.3366588324553946,0.15245515850136387,0.07722849659602969,0.39438101951515875,0.0,0.1,0.8,17,72.00566860217147,1187.686529896401
25,13,0.4185643802803292,0.5395174408081997,0.49620348767531763,0.36048646559604747,0.3278671917815011,0.1551879102529084,0.07453547293629843,0.3820859648026518,0.0,0.1,0.8,18,70.42450987490389,1146.7247997242623
25,14,0.4203136695626488,0.5392341215502372,0.49551965896833006,0.3666774845978785,0.3311715734966127,0.1544514699554591,0.07507371189151722,0.3869238504650883,0.0,0.1,0.8,19,66.25257605649338,1110.7716285478866
25,15,0.4202683966668479,0.5502427847724991,0.5176853921932068,0.3742619800989661,0.31719506791289,0.15445146995545914,0.07507371189151721,0.3869238504650888,0.0,0.1,0.8,21,66.36658380756283,1116.9041319720477
25,16,0.41696721678005244,0.5354287025592483,0.49162491422916976,0.3819138413929657,0.31703225552014946,0.15728314753292635,0.0743900669565751,0.38342533748739194,0.0,0.1,0.8,22,67.54133189437763,1124.2943861991514
25,17,0.4105590220411808,0.5275284691328554,0.4834367752456663,0.371672514348386,0.3194713972318676,0.1556923208573869,0.0728402127154842,0.377524862324004,0.0,0.1,0.8,23,64.96654754239387,1132.8388016218998
25,18,0.419255605308826,0.535365934639556,0.49111054538886123,0.3918226485268207,0.3246297919727015,0.15848152094656467,0.07611103956588054,0.38906203114776317,0.0,0.1,0.8,24,64.68251879857533,1195.470543823659
25,19,0.4193314967387171,0.5351359665825266,0.4908226960574844,0.38690567097935286,0.3212815421423903,0.1567339600649929,0.07413282043467165,0.3897827642760886,0.0,0.1,0.8,25,64.34412830156542,1163.7280207546526
25,20,0.4144833439257196,0.5297041344038641,0.4852807829469853,0.38775058523144834,0.3188382683085407,0.156542523246211,0.07445925207695672,0.3843971693249179,0.0,0.1,0.8,26,64.22528837897597,1147.4261503753958
25,21,0.4083174059446948,0.523052327130255,0.47853760288098773,0.39301786722370974,0.3124926628255666,0.15608975939873818,0.07384293673589468,0.37735871222893247,0.0,0.1,0.8,27,64.0383092979092,1139.1655522091976
25,22,0.41968508116263903,0.5333599173747843,0.4886472278398446,0.39720439655577144,0.32864791043612424,0.15427031434995103,0.07477437912426635,0.3927270063713395,0.0,0.1,0.8,28,62.723765448459446,1225.021673731443
25,23,0.4168414464417412,0.5301307666764964,0.48534664153514995,0.40848438751960175,0.321693055596564,0.1573239204272628,0.07510604263729007,0.3895865498686887,0.0,0.1,0.8,29,63.62660901635432,1170.1325634645889
25,24,0.4578504724562148,0.5785644381719369,0.5442746475969032,0.45236271996114774,0.38728057217092665,0.15861320813789753,0.14633914428708492,0.43616541678966153,0.0,0.1,0.8,30,64.41374009641063,1339.7944631980265
25,25,0.4515881476247784,0.5640016795701154,0.5282645233145172,0.4572104598841468,0.38972074636777987,0.16090805877441905,0.14627547629637522,0.43697546616465194,0.0,0.1,0.8,32,66.4289452397231,1379.1949915703829
25,26,0.44866706183392846,0.5562095138547638,0.5196592127899899,0.462813319082162,0.3792912616111426,0.1632739686563731,0.14629123895375776,0.43791108582115046,0.0,0.1,0.8,34,70.36488529117202,1422.254312593658
25,27,0.4502934447691718,0.5570619106485157,0.520384698902447,0.47083069608043815,0.3716148311835097,0.1637905292632431,0.1469829949041857,0.44055714233496684,0.0,0.1,0.8,35,69.57946225077562,1454.5919899274174
25,28,0.44092788182845755,0.5466214814058143,0.5097687167265408,0.4617760353397741,0.3647374957716376,0.16540077372830306,0.14433997492783618,0.43014195494801316,0.0,0.1,0.8,36,67.07874850268573,1340.3827134558626
25,29,0.44079374697082535,0.5573951179483987,0.5316769801990996,0.47077118774163285,0.3590899808623616,0.16540077372830306,0.14433997492783618,0.43014195494801255,0.0,0.1,0.8,38,66.00462892651561,1350.3510453102626
25,30,0.4421660340998888,0.5574104044426678,0.531472126003131,0.4816217650207374,0.3686293454997826,0.1641802990083091,0.1441455400413216,0.4330730376273377,0.0,0.1,0.8,39,68.15331314696138,1419.412693835168
25,31,0.4421504299975006,0.5684693579558973,0.5536928533573077,0.4909259244053249,0.3609368070520455,0.16418029900830905,0.14414554004132146,0.43307303762733723,0.0,0.1,0.8,41,68.45619980221726,1416.3854739565777
25,32,0.44215011717485353,0.57956573286409,0.5759545376652404,0.5033438825824675,0.36087429544868105,0.16418029900830905,0.14414554004132157,0.43307303762733723,0.0,0.1,0.8,43,68.53732947003532,1415.5971958037208
25,33,0.4444430388134198,0.5593220213656078,0.5333250573007938,0.5023593791738356,0.36535323033287814,0.1695019204839265,0.14611755909176546,0.43599009509529213,0.0,0.1,0.8,44,68.54549438965465,1417.95841565578
25,34,0.8957019971910467,0.9870029789945088,0.9384530445149016,0.9506571596189237,0.8195299514841656,0.4132542745834086,0.15612566745351797,1.0,0.0,0.1,0.8,46,72.49179639844894,2035.7516504871576
25,35,0.8956699298156889,0.9980207859060373,0.9606286827597516,0.9662765011117109,0.8157455339071978,0.4132542745834086,0.1561256674535179,1.0,0.0,0.1,0.8,48,72.48263403616609,2032.585360287382
25,36,0.49383594256963353,0.6272359469738815,0.6229834078924494,0.5754067594436594,0.4173763226322213,0.1630684546514483,0.17777015070721067,0.49687987105221076,0.0,0.1,0.8,54,55.77254832969224,1774.83108596257
25,37,0.41632628261983734,0.5137794519229462,0.47561393973204247,0.5058241772710868,0.34684760308387735,0.16372035350720654,0.1140281607944249,0.4101159424051136,0.0,0.1,0.8,56,65.78118849370071,1637.8357269665423
25,38,0.41653635363580627,0.5130454338933322,0.47473297414795157,0.4938583123425334,0.34289637012032936,0.1661118512000236,0.11440771802931533,0.41108046297664247,0.0,0.1,0.8,58,72.35704433605908,1668.6345056209273
25,39,0.5114049797627287,0.6395359428807642,0.6344612705623751,0.6077107955759147,0.4453292190916905,0.16234256169381966,0.172985710803818,0.5236486123834901,0.0,0.1,0.8,59,56.36555149883657,1768.487021663096
25,40,0.3879984664519028,0.5043675652551457,0.4880251493258254,0.501398080092977,0.3168295698617466,0.1612153247335995,0.14798195590897228,0.3730281160070172,0.0,0.1,0.8,60,71.45347528688669,1648.4833270198324
25,41,0.3399283072301552,0.44187491338999574,0.41385990926436617,0.4308817398200487,0.285087224687231,0.16332475086224466,0.13838873281212566,0.31664707952701354,0.0,0.1,0.8,61,70.91299442287507,1600.1733851230035
25,42,0.3682940057674633,0.4809452791484535,0.4640366680293622,0.48139717721118624,0.2977859797053949,0.1636695279763407,0.14922590298688518,0.35103078562147827,0.0,0.1,0.8,62,76.77871187378693,1688.8434319596538
25,43,0.36149102056624427,0.47107741837247485,0.45370876756124257,0.4649324130880348,0.3069379635971913,0.16240566393662423,0.14684585683226464,0.3450346501212392,0.0,0.1,0.8,63,70.68163098835569,1625.1092343448609
25,44,0.8229657442562002,0.9274259891517374,0.9093003998901031,0.9383839686294071,0.7817063402565945,0.1848933718569052,0.2694524309992371,0.9100828007559464,0.0,0.1,0.8,64,82.11146990034946,1635.3773939077366
25,45,0.8246505442758425,0.9259477131204019,0.9073491730279983,0.9444168031713409,0.7761037789119982,0.17855467569624253,0.26908161942471864,0.914492983570122,0.0,0.1,0.8,65,86.22982423015343,1670.8276555412183
25,46,0.82374266849349,0.9342412086131137,0.9265410911150637,0.9685778129758946,0.763007771799613,0.17855467569624248,0.2690816194247187,0.9144929835701223,0.0,0.1,0.8,67,86.19377326429563,1679.824132786183
25,47,0.8466934949800156,0.9610245418830253,0.9634676203146977,0.9954150000022035,0.8026920368158491,0.17506271799904258,0.2986102196326748,0.9438309812605408,0.0,0.1,0.8,69,77.38285754658253,1711.516860372901
25,48,0.8188747369459564,0.9194455440570796,0.9103521409759525,0.9715063647812652,0.7714411609505976,0.18355517239698688,0.2713703291576837,0.9140095348579089,0.0,0.1,0.8,70,77.47147953493358,1624.5646639906663
25,49,0.8294127272755968,0.9391008322855182,0.9505565878339846,1.0000056213761521,0.7954633432867037,0.17021168455812616,0.3599998000402913,0.9231495124592172,0.0,0.1,0.8,73,78.74081034293114,1960.1339851334808
25,50,0.8195446492689082,0.8911928100951549,0.8879923006666883,0.9882770240582421,0.8359573002067654,0.17516013649350448,0.35745577399514883,0.9232948004201547,0.0,0.1,0.8,75,75.14470919337853,2046.638907186766
25,51,0.8079358012261817,0.8790542522937608,0.8757871824748076,0.9775181581434542,0.7641142447298824,0.1769689479884541,0.33078562559241365,0.9123296311751699,0.0,0.1,0.8,77,74.77471341776415,1858.745093954784
25,52,0.8175690594837077,0.8834660602035755,0.8795454946441097,0.9965399599202375,0.7973317308137071,0.1774725114978141,0.3570992602839437,0.9231369200900919,0.0,0.1,0.8,78,71.3995268803737,1985.8044217175868
25,53,0.8098558657032672,0.88570072491722,0.8928030905339601,1.006579209459611,0.7717956602638193,0.17775066554514501,0.3489831974923951,0.9149411267545208,0.0,0.1,0.8,79,71.92275876793644,1917.8349744020952
25,54,0.8106938582009913,0.8951507794733584,0.9131107653775627,1.0192553892076575,0.7738597554807468,0.17804161465787757,0.3562339811971712,0.9160177751948784,0.0,0.1,0.8,81,71.17399742822411,1895.7475449823407
25,55,0.8848300917365202,0.9442897147841687,0.9395732083436376,1.0954171578503624,0.8474733536602066,0.1871293858762469,0.43403242576115897,1.0,0.0,0.1,0.8,84,78.98856366531456,2168.254995186262
25,56,0.8841922568336888,0.9524842850729414,0.9586552483685464,1.118969644821547,0.8483144596606116,0.1871815280181762,0.43420306763804284,1.0,0.0,0.1,0.8,86,79.09125213833997,2132.4195452413624
25,57,0.8904265834503122,0.9568493096965678,0.962791518726158,1.1255038581349397,0.8582529887149891,0.19840873780251916,0.5018766641474535,1.0,0.0,0.1,0.8,87,80.73593673564302,2536.770971592541
25,58,0.8800893533942742,0.9674732193189298,0.9955956828453573,1.1375576228351383,0.8408611419642996,0.1841980332803068,0.40197890558852134,1.0,0.0,0.1,0.8,95,76.09407311144645,2026.6675535283168
25,59,0.8828906705809141,0.9680729626047546,0.9959275007802767,1.1438695962018062,0.8530604848776316,0.18579818001326864,0.4361168888037369,1.0,0.0,0.1,0.8,96,69.10236903749363,2044.128603600368
25,60,0.8856367588318761,0.9705383075132075,0.9983587833409963,1.1498833601243081,0.8476374788381682,0.18583236432162936,0.4643516161844877,1.0,0.0,0.1,0.8,97,77.24391599067073,2280.695621441697
25,61,0.8845139088732451,0.9905253943642773,1.0405448976953624,1.1256658745273351,0.8467769178594179,0.1731920979135199,0.4561112703412881,1.0,0.0,0.1,0.8,101,65.93623808758937,2053.284478816681
25,62,0.8846705379150083,0.9864831006443715,1.0359954515161958,1.1364135614587192,0.8528491133005033,0.20432015836447381,0.46894947648437446,1.0,0.0,0.1,0.8,104,64.00223842387742,2008.85321048097
25,63,0.8846701265449982,0.9864811533772128,1.0359935069723973,1.1364133651642532,0.8469014119822549,0.2043201583644739,0.46894947648437446,1.0,0.0,0.1,0.8,105,64.00264315965163,2008.968672462939
25,64,0.8843086213389572,0.9959636687955369,1.0564905257187964,1.1408717682932261,0.8521787164883491,0.2063107824346348,0.4686353904827952,1.0,0.0,0.1,0.8,106,63.49145904570249,1977.168182595224
25,65,0.8813220100788384,1.0141817114852656,1.096920342496239,1.2393247075825422,0.8445162430467485,0.1820391060859102,0.4413542155835158,1.0,0.0,0.1,0.8,117,66.02347470983533,1955.2911548889128
25,66,0.8817757482052421,0.99109130608697,1.0513375340951292,1.1533750706309749,0.8506470358532551,0.17994806189314833,0.4493891549904352,1.0,0.0,0.1,0.8,118,68.95740673736397,1911.7540043608544
25,67,0.8807121259828865,0.9880128521955724,1.0480182696669695,1.1648813871221106,0.852885296997763,0.18442377393562398,0.44390808284698,1.0,0.0,0.1,0.8,119,66.05173932473984,2104.5053611585977
25,68,0.8807121259828865,0.9880128521955724,1.0480182696669695,1.1648813871221106,0.8443908841798977,0.18442377393562398,0.44390808284698,1.0,0.0,0.1,0.8,121,66.05173932473984,2104.5053611585977
25,69,0.8793939097570418,0.9853868493915938,1.0452363527275204,1.1685473024365785,0.8489041114382302,0.18363247883941042,0.43403219135295323,1.0,0.0,0.1,0.8,122,67.94273801220668,2100.925821071244
25,70,0.8783774580297545,1.0278431139269257,1.132244909439334,1.2737489604147503,0.843903456923093,0.180403968111704,0.42616352549699804,1.0,0.0,0.1,0.8,125,68.17586018078688,1941.7338480172723
25,71,0.8833292786211923,1.0326512455850865,1.137035834446024,1.2188382292878526,0.8476504640792415,0.17501700368935025,0.4760464875193559,1.0,0.0,0.1,0.8,138,80.46563054867694,1958.2282483870656
25,72,0.8831421156053658,1.0317101231938806,1.1360051049918178,1.2187433963735381,0.8491806772484337,0.17501700374313084,0.47604649044910463,1.0,0.0,0.1,0.8,140,79.70767190515137,1975.037553722342
25,73,0.8816965002550731,1.0272874315921112,1.1312292755028328,1.2142026491872324,0.859341562985139,0.1747317840180049,0.46890485414998934,1.0,0.0,0.1,0.8,141,78.60462641391962,1995.9282450704584
25,74,0.8951914450175261,1.039261442148217,1.1430236267372496,1.2486834164345904,0.8639255553909633,0.17883029292210625,0.6075334511504785,1.0,0.0,0.1,0.8,143,87.86071456242064,2017.680218839532
25,75,0.916841401807566,1.099245879997855,1.246957333197813,1.5124787955100483,0.8852230093909693,0.18480506025360216,0.8382818060933935,1.0,0.0,0.1,0.8,161,95.42474167557071,2497.1723116706867
25,76,0.9087103100587659,1.1337859720572148,1.325957782011607,1.560002094648668,0.8778616045890504,0.1911011582739354,0.7609030874817282,1.0,0.0,0.1,0.8,165,95.71026051029506,2281.7056222836363
25,77,0.9162805382122617,1.1030909150711112,1.261187366162833,1.5448870849949226,0.8915861344813321,0.18594459646787295,0.8477381954707424,1.0,0.0,0.1,0.8,168,100.71162553336832,2484.903917172853
25,78,0.9145442322696807,1.1663665675267507,1.3912725500576748,1.6532648790147861,0.883782642396305,0.18727461452082922,0.8338098365350932,1.0,0.0,0.1,0.8,184,103.86336913175371,2307.9845853988213
25,79,0.9311494841021501,1.1940064386811922,1.4300706076006628,1.6838219437711044,0.9001296690920266,0.18406126553125957,1.0,1.0,0.0,0.1,0.8,186,100.56371249835176,2308.009921993909
25,80,0.9139880723990427,1.1647225694423278,1.3895025760502593,1.6643945392522905,0.8872463098536779,0.18845988358124074,0.8306078858184731,1.0,0.0,0.1,0.8,187,100.19094154067209,2325.2834803089627
25,81,0.930716441741051,1.2137621413165642,1.4719248467851405,1.7073826937193914,0.9039967451259417,0.18601304788723,1.0,1.0,0.0,0.1,0.8,188,97.2836453603708,2313.411676579665
25,82,0.9299809941217652,1.1207820817555882,1.289222195849347,1.41386161434807,0.9023524912985973,0.1730485817340842,1.0,1.0,0.0,0.1,0.8,194,84.37077561867503,2222.0862951316158
26,0,0.8916880774477245,0.6420188080608392,0.6079419908555396,0.029379119712885707,0.0,0.0,0.0,0.0,0.0,0.1,0.8,1,400.9600217403364,1447.204988874205
26,1,0.8275657542468209,0.6260352472579435,0.5904337218276108,0.03140927207203714,0.026922713827448874,0.040031114780981494,8.173052802201999e-05,3.183728291284e-05,0.0,0.1,0.8,3,375.2859559958926,1260.7298273307913
26,2,0.29464005672715904,0.4189167005730644,0.3730928077566663,0.033475575607359545,0.760843230474156,0.054324571549996356,0.01301964534101083,0.00649351513672292,0.0,0.1,0.8,4,142.27789165816148,376.55727132590056
26,3,0.21185509457022406,0.34614296910005815,0.29124204609204807,0.04680188610596943,0.18915177384568257,0.05720293630445378,0.05061513316807966,0.030021042536641063,0.0,0.1,0.8,6,143.00277679936875,109.5437222867322
26,4,0.19695623747533308,0.34168701270277474,0.2974732876329692,0.0503268187013937,0.035429557028847744,0.06297444489315616,0.025873233242696508,0.019952879163342978,0.0,0.1,0.8,7,117.73744313887865,189.83023753382724
26,5,0.1986296483976951,0.3309636991792575,0.27479846333709307,0.0495323727392066,0.05489574490427669,0.05734853520837789,0.04691886545622964,0.028111981041261752,0.0,0.1,0.8,8,131.8232943668051,102.28734146788014
26,6,0.1948840964772487,0.32627184876441706,0.2696027263037007,0.05352150564097581,0.0456528656713421,0.05868935637075615,0.04566040895892579,0.02902222019183632,0.0,0.1,0.8,9,118.22362880404428,108.8888506050106
26,7,0.20309293407952075,0.3442020213111725,0.29805122509762744,0.06886272950798622,0.06432400718191023,0.061509165112545214,0.06559561938984561,0.04356688393760172,0.0,0.1,0.8,10,136.21207909899573,170.20127560157744
26,8,0.17733438936618368,0.30948422910819967,0.2602340502323132,0.07772975805047831,0.14840140629055382,0.06304289692758187,0.06293005338153998,0.04120241632763576,0.0,0.1,0.8,11,112.76035055430889,147.63276543789354
26,9,0.1511607754905299,0.28006962695074866,0.2299175271737714,0.06409449415693735,0.03521234508513703,0.06759022339360601,0.031007039375594368,0.02026815789596293,0.0,0.1,0.8,13,93.39532922267594,167.58688514722732
26,10,0.1833799571202303,0.3213609521350146,0.2818448195438924,0.09186913903546098,0.07373537886076045,0.056555665964590794,0.10715998262703821,0.05544150835856591,0.0,0.1,0.8,14,127.76135047044956,419.04162605489137
26,11,0.1617839212705067,0.2927941902479453,0.2516071679813881,0.09401464686162483,0.10298973428270089,0.06279798054655611,0.07098125148445851,0.0461968650816747,0.0,0.1,0.8,15,112.97964417611244,179.32168079042037
26,12,0.15351013976492328,0.2714205844988874,0.21862230415536293,0.09294581802831725,0.05419737357445926,0.07718726096367887,0.05075273775454846,0.04173677834295182,0.0,0.1,0.8,16,91.11989682504364,875.0440370222377
26,13,0.13632847288086838,0.27539059842093705,0.24469555641484228,0.08727123464710558,0.03065326705677799,0.06695393337538602,0.03634229737165026,0.023743638784135098,0.0,0.1,0.8,17,102.88223372777216,218.53042278099196
26,14,0.1531082510005336,0.2802558926645793,0.238219694037309,0.10244394246396052,0.04663126300087034,0.07849581097112962,0.053453440081325757,0.04386561392512709,0.0,0.1,0.8,18,90.49178961185744,987.0176075131992
26,15,0.13294731840722093,0.2691756211539802,0.23787852106080387,0.09229123770766931,0.03777825065279233,0.07131426899977343,0.036468564028221975,0.0238652501921812,0.0,0.1,0.8,19,93.39258677397387,243.76057174531763
26,16,0.13106304396077673,0.25553214802474267,0.2129317445849415,0.08846781029559717,0.024074885974200287,0.07177030812604544,0.03492219329830425,0.02268584387418379,0.0,0.1,0.8,21,88.3227752318547,220.0413119147294
26,17,0.13054547701532357,0.28993627684946804,0.29013168304572623,0.12638216972979674,0.09710320189055596,0.05901124370806634,0.07718063783129195,0.029421540718740757,0.0,0.1,0.8,22,137.05100808410344,443.52028464648487
26,18,0.1946741832793164,0.3381761048834836,0.3263076517834934,0.19169400576167145,0.11618813600609364,0.0604554463157424,0.3257274311480526,0.08432197927839068,0.0,0.1,0.8,24,134.53370420100964,280.42854159838726
26,19,0.11333987718304249,0.2506292259312704,0.24698389054427494,0.135101040331147,0.08419287484642816,0.06096650362317328,0.07691012099436917,0.03075576108605272,0.0,0.1,0.8,26,119.12540446078974,469.64248828154246
26,20,0.17901510383999886,0.312617152812157,0.30839366907850896,0.20560552374467156,0.11027792751278401,0.06017399076921539,0.326128256958923,0.08467978137790612,0.0,0.1,0.8,28,128.92411463128582,281.6527725954029
26,21,0.18192910105975363,0.31250054762645696,0.3078011073627242,0.22526047189141912,0.12204003316229839,0.05992282842402665,0.3387504705373034,0.08920655245897706,0.0,0.1,0.8,29,133.27633371304194,302.8779697796857
26,22,0.17853719022828662,0.3020606166155819,0.2962811017170637,0.2220133311447531,0.14421708435209113,0.057090738623603976,0.3371996255755491,0.090533583993605,0.0,0.1,0.8,30,144.29011820094306,298.6423963334958
26,23,0.1769856536930141,0.3088723264643089,0.3138500549363229,0.23057720961958522,0.11327016744936198,0.057090738623603976,0.3371996255755491,0.09053358399360496,0.0,0.1,0.8,32,146.43521591268612,311.71134693709683
26,24,0.17649920671313318,0.3082128515515575,0.3131647659463487,0.24572637217190918,0.10666822788485125,0.05713557573671842,0.33620269722298485,0.09017272321424552,0.0,0.1,0.8,33,143.69252355280307,307.8769911563709
26,25,0.17712125332619433,0.30806549750738765,0.3129028347064431,0.23732922685548255,0.11085718327409932,0.05433089274063359,0.3348715344338186,0.09165940154725198,0.0,0.1,0.8,34,158.73728408610168,311.360215714921
26,26,0.17731645752124026,0.3064467563083596,0.31101549763961744,0.2507078254443172,0.11749107799236658,0.05430201490873959,0.3359684190566129,0.09302638126050537,0.0,0.1,0.8,35,160.95281722367326,338.8469821823527
26,27,0.9669142783022202,1.1274003348452875,1.1650539592673983,1.057742539405354,0.9057273285678678,0.043006321591179245,1.0,1.0,0.0,0.1,0.8,39,135.31304971677358,288.6003963385333
26,28,0.9566524508566672,1.1038886078521433,1.1494129604573373,1.0636812390179768,0.9538952264441246,0.043006321591179245,1.0,1.0,0.0,0.1,0.8,41,136.71498568205914,308.22513505024267
26,29,0.8850602895520018,1.012875232466203,1.0461156226284607,0.997731093116428,0.8717065949543553,0.042589019333526414,0.8604710148736101,0.9322339341936694,0.0,0.1,0.8,42,132.3920147387118,268.9084901135756
26,30,0.8473672040640005,0.9804543365094713,1.0240992445505994,0.9810670253440492,0.8095215688942001,0.04258645503763369,0.8224416932076846,0.8925827137693828,0.0,0.1,0.8,44,132.9986550988982,274.9207559349829
26,31,0.8472835768433851,0.98014438237608,1.023759678589791,0.9873459025372728,0.7973484737409658,0.04258645503763368,0.8224416932076849,0.8925827137693837,0.0,0.1,0.8,45,134.0619686336357,281.366770199952
26,32,0.8508724646492887,0.9809406189345456,1.0241927441377152,0.9987863255074287,0.813738197740261,0.044914453828968644,0.8246663632473871,0.8980690369755384,0.0,0.1,0.8,46,119.725041563375,311.82127413583174
26,33,0.8515104569195906,0.9802311336347587,1.023308863934222,1.0064879327321785,0.8051295551529033,0.044533092215507566,0.8247598016539588,0.8994620318427785,0.0,0.1,0.8,48,125.51247598860388,330.7940595012165
26,34,0.851027316753825,0.9793635071350842,1.0223915825839232,1.0094669391490525,0.8034446521404119,0.04477675721993135,0.8250880013979793,0.8989879616104535,0.0,0.1,0.8,49,123.6009414636316,326.7554864034121
26,35,0.8510879473899665,0.9897113614650161,1.043800466482595,1.0266003982857788,0.8057078663262799,0.04453309221550758,0.8247598016539586,0.8994620318427782,0.0,0.1,0.8,50,126.18778539331704,337.1361839801129
26,36,0.830252687509955,0.9672849799316594,1.0211694118012393,0.9924254793555864,0.7853792032171127,0.045331970757050276,0.8045766079526506,0.8766398177961789,0.0,0.1,0.8,52,121.5591713909937,323.7744612612681
26,37,0.9453722460944674,1.0844001888002506,1.1482873734329866,1.1120262513484929,0.9415292704759781,0.034605767202920926,1.0,1.0,0.0,0.1,0.8,53,231.21026596389729,354.9639500449036
26,38,0.9441278861720965,1.0681237445947462,1.1203525433599846,1.1120730320205814,0.9086488839144309,0.048611650101081746,1.0,1.0,0.0,0.1,0.8,55,155.05624986400855,182.94405159511493
26,39,0.9422045481489278,1.0599620706223,1.1114140224213194,1.1182190050317733,0.9137887815864092,0.05073585422983893,1.0,1.0,0.0,0.1,0.8,57,139.3844602456679,215.55947767241676
26,40,0.9406062184548987,1.085999572447863,1.170256829268204,1.1442140944486483,0.9079147455927862,0.04017569536595964,1.0,1.0,0.0,0.1,0.8,60,210.6519618773935,414.7643856684842
26,41,0.9402482197487333,1.062209894233761,1.1239846473405752,1.1414324548384085,0.902711800278249,0.04765931122304974,1.0,1.0,0.0,0.1,0.8,62,151.54750883739456,182.31885362456495
26,42,0.9379030723497954,1.0994240222777938,1.2052696581620166,1.1748091420557263,0.909628072358184,0.05472285744117304,0.9902813439805067,1.0,0.0,0.1,0.8,64,161.8318002949712,261.6563862171732
26,43,0.9340472671742747,1.0807213677574858,1.184791204588596,1.1801100477572706,0.9301011431633505,0.05491426435509846,0.9898063791328848,1.0,0.0,0.1,0.8,66,151.01290681534906,260.709661707727
26,44,0.9298983600107141,1.0708506922977306,1.1742454342601754,1.21252139371065,0.9001619432570008,0.05089807321983423,0.9620174011795545,1.0,0.0,0.1,0.8,72,151.5557877827843,227.9684593832613
26,45,0.9297603389596041,1.0645652288696046,1.1672401809924688,1.2202394823705731,0.9101727114707622,0.05153726814923276,0.9747878502392137,1.0,0.0,0.1,0.8,74,166.09907081966702,279.41113033236536
26,46,0.9296235510310645,1.0642343297450756,1.1668866551176615,1.2165348390665478,0.8981843276599715,0.05148822382241871,0.9738570648412267,1.0,0.0,0.1,0.8,75,165.2225869543622,276.7092531586985
26,47,0.9286354605885696,1.0573875294471242,1.1692481579397365,1.2208472325162676,0.9690227699285838,0.04892535120465523,1.0,1.0,0.0,0.1,0.8,76,166.04194337102754,234.7987265767036
26,48,0.9268123871664271,1.035091320479959,1.1347205344189724,1.2198086431071227,0.9188002173031721,0.05245104146030157,1.0,1.0,0.0,0.1,0.8,78,158.12291981927163,295.3786595356353
26,49,0.9263354708735462,1.0542576784765598,1.1759292458293489,1.252512678557786,0.9050828496907827,0.05348149675591355,1.0,1.0,0.0,0.1,0.8,80,154.71409309878746,292.3279836759152
26,50,0.9257489995402072,1.061627576689519,1.1941096365392418,1.2669901148801204,0.9063506406903986,0.050515958273759355,1.0,1.0,0.0,0.1,0.8,82,176.208215042022,273.7634041654925
26,51,0.9231050940431534,1.0769424095737814,1.241209282620117,1.3102111755424999,0.9300892591839137,0.05646424661939923,1.0,1.0,0.0,0.1,0.8,84,163.43765351357803,319.58777957512706
26,52,0.922951558031353,1.0647541257722926,1.2177518254101072,1.310101627446438,0.9012173928127004,0.05642680057703645,1.0,1.0,0.0,0.1,0.8,87,165.93348978521692,324.05601039364427
26,53,0.922178903770978,1.0702913915975423,1.2339251430850018,1.3208595841149662,0.9093330924118018,0.05681369890458456,1.0,1.0,0.0,0.1,0.8,89,174.0444317777324,362.8799499480997
26,54,0.9209061971266462,1.060810909775916,1.2235421907060289,1.3277871923217752,0.9106104811843254,0.051977012206259374,1.0,1.0,0.0,0.1,0.8,92,181.7881970550588,269.2011027207637
26,55,0.9204790152127325,1.0464373689034134,1.1976913646820533,1.3312997681607572,0.9036683022505537,0.05166495390200328,1.0,1.0,0.0,0.1,0.8,95,181.80075856455352,263.14619307054915
26,56,0.9135416811295746,1.1612381864327812,1.4352746148539686,1.6448345172149,0.8931337271872926,0.055540007245851966,0.931114362735074,1.0,0.0,0.1,0.8,152,154.37260617567682,542.3709419390357
26,57,0.9164257609984569,1.2297398666763546,1.570662858392915,1.808341112832039,0.8962711851812677,0.047814193256217906,0.9613829023659406,1.0,0.0,0.1,0.8,180,148.68849926586267,290.32731528903133
26,58,0.9157412104153035,1.2394681409591657,1.5914817413017024,1.8156799488024207,0.8968729323307729,0.04766179262587108,0.9555443029343319,1.0,0.0,0.1,0.8,182,149.2744227989421,284.2510560895722
26,59,0.9137504504078675,1.2468838740916453,1.6098782636463718,1.811948768440474,0.9003069863138525,0.04554843499255407,0.9381021871136742,1.0,0.0,0.1,0.8,183,147.63517025089587,275.8332997031928
26,60,0.9157470936899456,1.2583363985167384,1.6323173421876453,1.8362603756873817,0.8981469831738192,0.04478810751831014,0.960442110795749,1.0,0.0,0.1,0.8,186,157.3647525764254,265.13243377808084
27,0,0.8963702001414188,0.6431424658752012,0.6091726440120023,0.029488017555735938,0.0,0.0,0.0,0.0,0.0,0.1,0.8,1,395.8872667067308,1374.7489345479923
27,1,0.8320828650362162,0.6272099363017092,0.5917192230870987,0.03153138178974712,0.02686500242589583,0.05774443093541644,7.730129223565e-05,4.580501938296e-05,0.0,0.1,0.8,3,370.52987891821374,1240.9865258399752
27,2,0.8285455323962888,0.6263689816015188,0.5907893625609724,0.03396072428102155,0.0032864103887012526,0.04532734751815532,0.00043440540373119,0.00011791060648317,0.0,0.1,0.8,4,368.8805860674801,1190.3774567609007
27,3,0.2234268591740374,0.359361570306188,0.3065943249470359,0.027490854683385194,1.019882887590089,0.07627441012719723,0.0346366766828781,0.02052402490225154,0.0,0.1,0.8,5,146.58598523651546,172.06073821654897
27,4,0.22330985174756368,0.37033856927117315,0.32872536021850823,0.03557742397353128,0.020084410529185005,0.07627441012719723,0.0346366766828782,0.02052402490225154,0.0,0.1,0.8,7,144.17821143546308,169.14212630892794
27,5,0.2155627741049429,0.351436084535935,0.29843952910448657,0.0340384908145901,0.016941292404925444,0.08415422810976789,0.02078716084437198,0.01535984816207964,0.0,0.1,0.8,10,120.23205842344872,237.7143694392008
27,6,0.2017265391954463,0.34734714769147434,0.3038043366881024,0.03875785551503534,0.07748865552550359,0.08594430535700356,0.025669515025904983,0.018242128783179,0.0,0.1,0.8,11,98.69826224347268,170.5411765796214
27,7,0.18703771669697858,0.308366937600347,0.24108063803365318,0.03589673073888398,0.06510412301444464,0.08689749266017886,0.027421047032154623,0.01559462468563311,0.0,0.1,0.8,12,83.0513616080659,258.8168250572615
27,8,0.187979185210086,0.31877271188451756,0.26179954170754327,0.04539628512567172,0.05375154559196789,0.09115772414478232,0.0379061962533794,0.02460947335549922,0.0,0.1,0.8,13,86.9080843047094,174.82512158571237
27,9,0.17275773886718573,0.30226081113856623,0.24474149084503646,0.05392294026237475,0.03173228373378249,0.09191197943102995,0.01664477014552821,0.01379872197689167,0.0,0.1,0.8,14,67.17677659991074,242.2890418020311
27,10,0.18478295310029505,0.3007734270374034,0.23112719529247,0.08258675653570159,0.06653711446900742,0.08663615984923934,0.04145936601946051,0.035338068460899354,0.0,0.1,0.8,15,120.58352872463992,307.92596852176604
27,11,0.1758789541337802,0.28839688367840877,0.21757007337109754,0.0889387220503409,0.05331961981253933,0.08909961880092403,0.04122998572056051,0.03539863663701702,0.0,0.1,0.8,17,110.53053844396992,339.4736223371645
27,12,0.16834926471707035,0.27695923937603656,0.20499518669670758,0.09084529749708418,0.0727056870113362,0.08923148629108012,0.04172895217342289,0.03597157466760007,0.0,0.1,0.8,18,97.13202132406678,341.50312295334714
27,13,0.16299256508861518,0.26861995855114484,0.19585012236843974,0.09531480378183686,0.04728684849950396,0.09178483469944484,0.0416248323482678,0.03614198068692421,0.0,0.1,0.8,20,89.68228990595046,379.5527259019195
27,14,0.1575992792029161,0.2842390626328153,0.2334954684249111,0.08561566867728797,0.040434783341924144,0.09115707722075553,0.030204506063281712,0.033347748531078095,0.0,0.1,0.8,21,98.34766228048598,425.9923705761845
27,15,0.16212388972056307,0.29681522494159623,0.25648362805563746,0.09700824951466289,0.06568584086740747,0.09067182740836584,0.03451299579908656,0.04454892213631845,0.0,0.1,0.8,22,96.37166241290808,524.2588902908618
27,16,0.1378037987292142,0.2677852701605133,0.22634414931655394,0.08052343692322171,0.061436739781662364,0.090794870823213,0.02723095030709042,0.02374110256410095,0.0,0.1,0.8,23,56.69503197262422,685.8583820254325
27,17,0.1530470228254909,0.2812602001936881,0.23945311703768285,0.10881129350085914,0.05134451203892164,0.09359708298847716,0.03430578368896505,0.044506139284833254,0.0,0.1,0.8,24,90.03599029100795,560.3579298354748
27,18,0.13242105610204924,0.26697463175325054,0.2353240844612171,0.09224997783882967,0.06003593064273016,0.08966462643955873,0.03133159558024039,0.026396345140775167,0.0,0.1,0.8,25,55.88778691408254,370.03355252278953
27,19,0.12555230692218475,0.2594097994316444,0.2276239805272034,0.09470415947684646,0.022675855791524115,0.09520407088953423,0.04144768736366551,0.017452462888683278,0.0,0.1,0.8,26,47.94202192535851,336.93475289629305
27,20,0.12960361051094652,0.2726692875631973,0.2516697980972452,0.09962381665436601,0.037595110210880106,0.08966462643955873,0.031331595580240415,0.026396345140775167,0.0,0.1,0.8,27,58.8773911410726,387.6755191046088
27,21,0.1446730567563173,0.27527358298290483,0.2428384573402171,0.12547201448743156,0.050328156197428565,0.10082793427948292,0.036001436076078905,0.04648925232067343,0.0,0.1,0.8,28,82.17895498673916,645.2241823669275
27,22,0.17017833153989687,0.2973688249910863,0.2642758500514097,0.17713715013785059,0.07443828101361077,0.09944709210459768,0.03649089566896114,0.08268600380380292,0.0,0.1,0.8,33,81.08188691706242,612.1594368597764
27,23,0.1696931873644571,0.29443045981085975,0.2608768436291771,0.1814846417442222,0.07982241260363616,0.098375858868543,0.03836909866905464,0.08482728805444421,0.0,0.1,0.8,35,82.64550001131241,586.7264641198944
27,24,0.16974816539054755,0.2943455559871733,0.26076593522725355,0.19039539005434597,0.07280232289640677,0.09839941981399195,0.03862536361751092,0.08503010856852618,0.0,0.1,0.8,36,82.53575309084366,585.3464585166665
27,25,0.14019762212784548,0.27395356127799375,0.2511817741708849,0.1681385410518311,0.050477199775811964,0.09342782381496571,0.03928313327917814,0.05028245578631816,0.0,0.1,0.8,38,57.91987788597953,925.814315508573
27,26,0.13772138317619695,0.27123046901711084,0.24841389135190334,0.16795670266457408,0.042424947909066354,0.09383445126926389,0.039416356844356584,0.04744992753270607,0.0,0.1,0.8,41,56.99011460980491,609.7187633159766
27,27,0.24671870511687957,0.44427308719965586,0.48798828597383664,0.3663753283346839,0.1541549201860651,0.07891078263713559,0.31670408209367384,0.15190531600683968,0.0,0.1,0.8,58,96.58411492266887,184.1100118882143
27,28,0.28433553611558515,0.45118078019412017,0.4710920336035936,0.415823979405388,0.24964281889259288,0.08080326047814598,0.3710024432650164,0.20084136687150225,0.0,0.1,0.8,59,96.8174019806186,191.3482469952756
27,29,0.2474413058116837,0.413958061182702,0.43381471350859585,0.38239139332224564,0.1630219563573392,0.08257045895705996,0.3138447997422019,0.16217498750419548,0.0,0.1,0.8,60,97.92263668418371,192.09712120517807
27,30,0.2634271692793171,0.42216072263274584,0.4407390926435591,0.42792046914682325,0.20529421080896368,0.088049565690513,0.6762305337309082,0.14391638711408886,0.0,0.1,0.8,62,97.19960352646945,286.7508157618128
27,31,0.2634271692793171,0.4332577748512546,0.4630015061554161,0.44082533397987617,0.18275620833309064,0.088049565690513,0.6762305337309082,0.14391638711408888,0.0,0.1,0.8,64,97.19960352646945,286.7508157618128
27,32,0.26447118678266424,0.4311865375407006,0.46043359537796635,0.4434634518650933,0.20340058868373623,0.08580981154597951,0.7015454653169784,0.144681874160348,0.0,0.1,0.8,65,90.42135386646724,644.1131270838532
27,33,0.2580700714082853,0.418493936768067,0.4562649877310518,0.48203513950283966,0.2002089802470015,0.08861076473900033,0.3449140035748935,0.19420922524412887,0.0,0.1,0.8,74,109.23460753053068,1222.0977507190428
27,34,0.26920812296554003,0.4403072790329907,0.4891819364743778,0.5147902271222999,0.2019563980085579,0.09028569083107651,0.36433383695790256,0.20598734109487146,0.0,0.1,0.8,77,101.96436229673164,1229.164416464114
27,35,0.25675780516007385,0.427495542746099,0.4763174904672983,0.5091370445271097,0.19082761289252798,0.0927352293129684,0.3442707547564248,0.19317395244751936,0.0,0.1,0.8,78,107.9115979704018,1253.683171729252
27,36,0.8965400714080638,1.0557298805400388,1.0933207375484886,1.1645403232463065,0.8292216131666863,0.07279181563038394,1.0,0.9112357107903607,0.0,0.1,0.8,88,113.36968139057076,1942.1145720262475
27,37,0.7551803024231398,0.922317406152894,0.9706172220585516,1.0644935853707,0.6932977154018695,0.07277197396943522,0.8739042397202252,0.7523540163978628,0.0,0.1,0.8,92,112.74668574311734,1927.016291341756
27,38,0.949539162376015,1.0823485241467592,1.0970032315268572,1.2479215114061164,0.8852133779907114,0.06689839309424198,1.0,0.9802023164880757,0.0,0.1,0.8,97,113.22897797044,1498.9577759838196
27,39,0.9234970139112286,1.0672700642944122,1.0930709898827642,1.2413483855260847,0.8588629683331968,0.06744616233537344,1.0,0.9477342720246107,0.0,0.1,0.8,98,114.4119649590444,1459.3814152694224
27,40,0.9141477740230302,1.0574410347133085,1.083173112522342,1.2450416095042094,0.8515062581346551,0.06724091475999826,1.0,0.9363511360228169,0.0,0.1,0.8,99,114.66199978161607,1509.3662795688924
27,41,0.7575476804014332,0.9112569057149598,0.9480567899220873,1.1186460627658024,0.6945427692128842,0.06852215883984422,0.8070987004628384,0.7651421209520539,0.0,0.1,0.8,101,107.39074824795838,1239.0442893663742
27,42,0.7537662111605232,0.8943635475310581,0.9197113597874228,1.0955984406603387,0.700175281959644,0.0741166602864834,0.8577334909247467,0.7553349283207197,0.0,0.1,0.8,102,109.53900141079896,1519.1369015327823
27,43,0.811930541214082,0.9746067187946421,1.0222686847329432,1.1898465423400904,0.748355169571722,0.07378598625394275,1.0,0.8103272534367154,0.0,0.1,0.8,108,108.73344165784712,1885.662144069676
27,44,0.7108176881231378,0.8731932647736163,0.9208126647256489,1.0859805442696266,0.6487987915542309,0.07730653459728593,0.8322027212334131,0.7050947234049104,0.0,0.1,0.8,109,101.92498187189868,1500.466267607287
27,45,0.7224506197337824,0.884783898274726,0.9323971960143135,1.1010047243114598,0.6591617625162511,0.07689051932715622,0.8149364689310874,0.7218200341433315,0.0,0.1,0.8,110,101.96173523150338,1526.897785865502
27,46,0.7193587505071507,0.8816789478242855,0.9292904497876642,1.0979175513439654,0.6559294466461749,0.07702365646469363,0.8130861824921704,0.7181944727246292,0.0,0.1,0.8,111,102.1985331457227,1526.558970057322
27,47,0.9658816758108587,1.1218731440109897,1.1590005944227324,1.3328131050781415,0.9013469393674027,0.07213975537213685,1.0,1.0,0.0,0.1,0.8,112,114.18062442963762,1944.0465586467017
27,48,0.9626174423890922,1.134226183546862,1.19274736207442,1.3923211268907303,0.9022522652540875,0.06917108220237884,1.0,1.0,0.0,0.1,0.8,118,110.29891895937736,1943.8739562906812
27,49,0.962322806101344,1.133311899283956,1.1917461043191844,1.3891018080448134,0.903092932786229,0.0690493633336819,1.0,1.0,0.0,0.1,0.8,119,106.12484172837858,1641.4395403886235
27,50,0.9621445032942655,1.1438548270001287,1.2134015770979412,1.40257343435763,0.901128666735273,0.06904936333368189,1.0,1.0,0.0,0.1,0.8,121,109.12652897626596,1623.3255825374245
27,51,0.9620277784002226,1.132394736452206,1.1907415651462885,1.3990714630923033,0.9001416283640166,0.06983420728190225,1.0,1.0,0.0,0.1,0.8,124,107.86930880148977,1634.7577373386566
27,52,0.6626803250232095,0.8319166753957242,0.8901053073388728,1.133810337443611,0.6011963118866269,0.07117372219213644,0.884475709234351,0.6409217735467574,0.0,0.1,0.8,134,113.43187429558424,1904.4471519163933
27,53,0.6754161978072984,0.8437109236387691,0.9017678645985345,1.1637406549320035,0.6152918814978775,0.07240127885814666,0.8988476989044804,0.6555957555964634,0.0,0.1,0.8,139,106.77858123111544,2893.006166864098
27,54,0.6628717527595505,0.830977935170184,0.8890088005346762,1.1497737684514107,0.6023612417717173,0.07077781826878024,0.9247289109533661,0.6367879976602904,0.0,0.1,0.8,141,106.07802468995628,1408.189549360878
27,55,0.674622350120851,0.8538234799034314,0.9230193426326617,1.1731325783301836,0.6136568921590231,0.07221133669230898,0.9001390586994356,0.6545503080680877,0.0,0.1,0.8,142,111.69512547363333,3699.2101121137607
27,56,0.6374673619886797,0.8162410417060203,0.8853774499825389,1.1474657530465753,0.5786275621481811,0.07081848393319976,0.8759233540831524,0.611380352686316,0.0,0.1,0.8,143,112.16128119309386,2724.363542977859
27,57,0.6927325946554822,0.8381317351784761,0.8737604334764797,1.1171193693018049,0.6321450423741347,0.07318888617275163,0.8845221760189409,0.6794353132551725,0.0,0.1,0.8,147,106.04090252616284,1887.284304904256
27,58,0.7435827719700255,0.8989068807792382,0.9455383531929825,1.1821064317003218,0.68529971682019,0.07258610155602932,0.9036394798371769,0.7412793344150188,0.0,0.1,0.8,150,105.6988870787051,1829.5335489442352
27,59,0.9231616932390365,1.1440612318741272,1.2575454367067405,1.5162837136154266,0.863913478035305,0.07230818010297035,1.0,0.9542780544778534,0.0,0.1,0.8,160,109.56594145546536,1971.2500985812596
27,60,0.9594430460226875,1.1796835267548156,1.2930767070268885,1.5598669988805844,0.9008021454904445,0.07430983877913683,1.0,1.0,0.0,0.1,0.8,164,107.90737673478328,1967.00694706445
27,61,0.795617242659726,1.0488102917335558,1.1956527135099897,1.5161618669142052,0.7363971734348043,0.07489432133109841,1.0,0.7954070529211139,0.0,0.1,0.8,187,106.52824870653448,1976.314984234184
27,62,0.8061631621241732,1.0696380902613725,1.2275335459807004,1.5098744764836591,0.7511928621271013,0.0761455580225689,1.0,0.8090432124262558,0.0,0.1,0.8,188,107.09225062594518,1933.5957674031376
27,63,0.8747397828767323,1.1380010487608045,1.2958672415579153,1.6137317710041519,0.8164231566552644,0.07747147491165737,0.9370924463095612,0.9027455750041163,0.0,0.1,0.8,190,107.52739301856516,1912.5710111071428
27,64,0.8868387720153179,1.1609886911231597,1.329991639834891,1.6512779207746013,0.8282225413720083,0.07741747451616778,0.9716628723306362,0.9136629933377618,0.0,0.1,0.8,198,107.82043381688472,1960.438204196748
28,0,0.8039968469958055,0.6198143746415016,0.5836238907137218,0.027223921309706207,0.0,0.0,0.0,0.0,0.0,0.1,0.8,1,597.138429967614,1351.2827030377855
28,1,0.7458636227360971,0.6037676801610743,0.566044637813199,0.029264031766418282,0.027080591885111065,0.05775309395052221,7.508225218212999e-05,5.704104367933e-05,0.0,0.1,0.8,3,549.092859822352,1261.7168753294206
28,2,0.5538277056473673,0.6520999368415319,0.5997301134744023,0.21913260355302477,0.740553862921165,0.08423870643204026,0.19707892268054467,0.22817951740330722,0.0,0.1,0.8,4,312.6886397459672,1761.8721913814516
28,3,0.3725469290977187,0.5306708469228953,0.4835975306709029,0.050465769136618134,0.03375410950549916,0.09272956104184035,0.027960028267834593,0.027982983681892747,0.0,0.1,0.8,5,175.5661112551548,552.8654371841318
28,4,0.4620501688530762,0.5912752863850971,0.5440627578803379,0.20966043712934118,0.3757601787227259,0.08421974893622121,0.1884966191632979,0.2182428592962969,0.0,0.1,0.8,6,284.7757004593662,2098.9397714463844
28,5,0.19292379535213214,0.3246898769568822,0.268222138580012,0.033926576214494006,0.34983157981642865,0.09269467623547362,0.02674243764129005,0.02676439340339079,0.0,0.1,0.8,7,81.6496033075627,330.4544906630974
28,6,0.17238397206124756,0.30194372135651837,0.24445122363890934,0.026387525688395672,0.03017907642201249,0.09345475184237956,0.013420088420225958,0.01345409023853277,0.0,0.1,0.8,9,81.74397046315872,354.9056322733979
28,7,0.31839021974468695,0.45562663655103625,0.40798991604529355,0.18219777527254252,0.21464189903426045,0.08577528769891798,0.1628904502770129,0.1901984743541219,0.0,0.1,0.8,10,193.50128569853544,1446.4794874711763
28,8,0.23149067473296786,0.3501572988358502,0.28906393736345554,0.11166501782272144,0.17907226877856136,0.08709179949952825,0.09543759968174376,0.11075190634493075,0.0,0.1,0.8,11,198.65525311862385,1864.9804137829244
28,9,0.18131891012417967,0.27884457962744896,0.2220473370529411,0.10854483773831033,0.3300552753833586,0.08677872466613604,0.08461334993308299,0.0992971228336976,0.0,0.1,0.8,12,152.05742675631737,1656.4808065084424
28,10,0.17613624298269187,0.2703341791041118,0.21295044022524096,0.11055695545387853,0.09589120119470924,0.08657871361930126,0.08230469234684917,0.09664851101205987,0.0,0.1,0.8,14,150.1839707019234,1563.2513243452538
28,11,0.17310951101997318,0.2742837298240094,0.2273575879494803,0.12148747141887634,0.09831356318629522,0.08728179456876572,0.08098123272201609,0.09717120583102665,0.0,0.1,0.8,16,142.7984789669722,1500.714657594288
28,12,0.17553512122477505,0.27336590087901985,0.22587912457094178,0.12856776346744764,0.10069912905202832,0.08823250539711784,0.08423363775722234,0.10297952049660793,0.0,0.1,0.8,18,152.78441669333722,1662.2775934047274
28,13,0.1748096037538427,0.2704790789894678,0.22263613792142345,0.13976098400309897,0.09793783900409773,0.0875974340364878,0.08748853759868527,0.10364074672748214,0.0,0.1,0.8,20,154.32319333295857,1736.4582210782055
28,14,0.17346859616172725,0.2672467234318998,0.21909540293790883,0.14437406596656677,0.10255580820393742,0.0872351120753458,0.08655679278456427,0.10376645109397109,0.0,0.1,0.8,21,148.74015228393523,1644.7793643319692
28,15,0.16834075781707342,0.27262311546248014,0.23554140396616868,0.1395571716964739,0.09031834014904773,0.08722768888451445,0.08788097859257697,0.09770693658831832,0.0,0.1,0.8,22,145.3001643103451,1548.015583578043
28,16,0.16624833299515024,0.23482623464338387,0.17330368304344215,0.14397806978846367,0.16797398578130535,0.0864455540301334,0.1244965228872535,0.10133803967751276,0.0,0.1,0.8,23,159.7472630105528,1428.8283474092414
28,17,0.1742463154905845,0.2426055572692435,0.18104935847043543,0.1548415872547053,0.10286759481851628,0.08462139902688277,0.13250732370322496,0.11050172954170837,0.0,0.1,0.8,24,162.03056856338043,1648.0005702050792
28,18,0.1641696996854542,0.2291702313590664,0.16711034054273777,0.15170689802857898,0.11125421445357918,0.0831101017152037,0.12443647525730397,0.10133099842458267,0.0,0.1,0.8,25,159.52121332410815,1380.7163019418203
28,19,0.25228531994290226,0.3333127885645657,0.3022580651803972,0.2556477803727121,0.2344319004609693,0.07564877006395261,0.481567751494821,0.177958614831747,0.0,0.1,0.8,27,235.22173076500607,1500.4845350245844
28,20,0.9525744778289608,1.0230968320926561,1.000276781502916,0.9701966203865937,0.9516703591540793,0.0726238183707045,1.0,1.0,0.0,0.1,0.8,29,233.8136498605297,1461.0769136546576
28,21,0.948098453727342,1.0063507578467459,0.9819366951335725,0.9746789391113793,0.9281202489091436,0.07254508679523305,1.0,1.0,0.0,0.1,0.8,31,202.07902055547237,1455.74102634707
28,22,0.9477075768053683,1.0159149721561962,1.0025202989104116,0.9984066480342921,0.9008536311752353,0.07254508679523304,1.0,1.0,0.0,0.1,0.8,37,199.6917878795129,1441.2500264823143
28,23,0.9023855320327252,0.9306674023200171,0.8829332289640963,0.9731529474127774,0.8618951228914741,0.10502054769585752,0.5690399104661019,1.0,0.0,0.1,0.8,43,194.37636637899053,1283.0266031129452
28,24,0.8905977830280069,0.9380774169790724,0.9122985607275961,0.9992555625327622,0.8476965557461152,0.10236246698163479,0.46062355290918805,1.0,0.0,0.1,0.8,51,219.8046787793989,1374.7945554467458
28,25,0.9347693171727759,0.9914336754455961,1.006035365661131,1.0555256975197873,0.9377372878477528,0.07190441038918845,1.0,1.0,0.0,0.1,0.8,55,177.33214434107637,1724.9653730487964
28,26,0.9346756268985207,1.0242440264405015,1.0722958171282952,1.091371472156777,0.9002684138295508,0.07190441038918846,1.0,1.0,0.0,0.1,0.8,61,176.2023736213782,1718.1684789130245
28,27,0.9339968904351761,0.9985399306180245,1.0239269916169502,1.1011385935678526,0.9058976079738859,0.07184997826931089,1.0,1.0,0.0,0.1,0.8,63,180.49097444957945,1657.510444476584
28,28,0.9339566728927071,1.0094271859661303,1.0459597058926118,1.1044469430603072,0.9003531995010855,0.07167262252102943,1.0,1.0,0.0,0.1,0.8,65,179.901502394097,1657.4993230009345
28,29,0.9338579396900588,1.020008297051372,1.0676568648290488,1.1145971773091907,0.9008625109977241,0.0711409893664334,1.0,1.0,0.0,0.1,0.8,67,177.8207627292672,1685.7569868161331
28,30,0.9335106247720528,1.0181868402838776,1.0656620667267773,1.117539700041701,0.9020422286275036,0.07193512201616495,1.0,1.0,0.0,0.1,0.8,70,179.6198143153776,1777.4814641728217
28,31,0.9329230855770609,1.0372562582414908,1.1067646789661494,1.1311990420637676,0.9104838791676431,0.07239504603934295,1.0,1.0,0.0,0.1,0.8,71,179.12013670880708,1670.3050020795756
28,32,0.9323798779023845,1.0343344262017495,1.1035646283107834,1.1340994007837828,0.9032638257504773,0.07489940883095639,1.0,1.0,0.0,0.1,0.8,74,190.4229065929462,1803.261419373268
28,33,0.22204546316891155,0.3168713383360991,0.3852733876095122,0.46315006644897266,0.1970893727307534,0.08019324846423864,0.6053520921883939,0.16337719240680454,0.0,0.1,0.8,79,203.8604927907896,1428.1791860636256
28,34,0.21860577982528429,0.31072483552297614,0.37881229527076365,0.4564594138670208,0.19982622351991697,0.0830058123947011,0.598602880727225,0.16066888493213266,0.0,0.1,0.8,80,209.7285612224867,1432.342181010411
28,35,0.22088668116015747,0.3117243800808268,0.3796662578780691,0.4694686390389094,0.19573267027686053,0.07667495425800161,0.6060984615812627,0.16289402885743395,0.0,0.1,0.8,81,205.70171002243876,1389.0666245935497
28,36,0.2282274834838688,0.3133694391098206,0.38065774742615455,0.48795889623676214,0.21095652938031595,0.07929940855448403,0.6397958487195916,0.16932012427495338,0.0,0.1,0.8,83,205.4837753970792,1440.6599562146196
28,37,0.23761529056167302,0.31933233573064834,0.38622957504480354,0.5011810701236572,0.21640298128318683,0.07966303192952903,0.6852534625790752,0.17622608466305595,0.0,0.1,0.8,85,199.54652070557563,1383.7032056308633
28,38,0.2375299011672916,0.32990887509748695,0.40792193351496797,0.5119481787962126,0.21037794814814115,0.07966303150509867,0.6852534629360557,0.17622608477622143,0.0,0.1,0.8,87,202.41727054073425,1401.3870066215356
28,39,0.23749430720471804,0.3407889340234844,0.4299466873144545,0.5336483053625073,0.20987034545253647,0.07966303150509867,0.6852534629360557,0.17622608477622137,0.0,0.1,0.8,89,201.54962654056487,1396.2125516411331
28,40,0.8831243798988351,1.0303668992587993,1.164135663121709,1.2981539594379667,0.8553110025565762,0.14621163149709918,0.5522257924660768,1.0,0.0,0.1,0.8,110,218.3819943472932,1762.8930447009873
28,41,0.8841656770025229,1.0388166748328345,1.1833319224324341,1.3032134966619422,0.8749549156022771,0.15312916466718457,0.569768883549117,1.0,0.0,0.1,0.8,111,211.86405659872813,1657.613353953553
28,42,0.8845293893444218,1.0382313851357943,1.182638964153041,1.307381072026995,0.8608397392860928,0.14930499289671276,0.5752126760128844,1.0,0.0,0.1,0.8,112,211.30958324495728,1761.8815240613465
28,43,0.8843512029443881,1.0376730708452242,1.1820377096975503,1.3109633790277695,0.8589679931402782,0.15027154056915798,0.5741514261048543,1.0,0.0,0.1,0.8,113,208.0033647848805,1778.484267620158
28,44,0.8842249728397817,1.0369346445369065,1.1812299357972578,1.3137651752383166,0.8602900793931083,0.15028649578480952,0.5740457090057575,1.0,0.0,0.1,0.8,114,211.83584621954847,1742.352048189132
28,45,0.8806731617374874,1.0223637012046922,1.155502429098462,1.3102076229936064,0.8540074085759959,0.15228861914811245,0.5383805760114732,1.0,0.0,0.1,0.8,115,210.56522549058383,1663.0377155220378
28,46,0.41750496604491605,0.5740438264424585,0.7286851042905249,0.8436258089770792,0.39738722508683816,0.06606179373371597,0.6725518821520832,0.4059600123686705,0.0,0.1,0.8,120,249.5666319627415,1284.5283384054712
28,47,0.4734859571252022,0.6335584662789078,0.7985187551813031,0.9197556888005262,0.45942941360471357,0.06847910462067366,0.5953134017127659,0.4872512575732636,0.0,0.1,0.8,123,234.89538328616248,1019.9557964103368
28,48,0.3859863047761942,0.523096142813446,0.6656401661077573,0.852091444251496,0.36240244079400136,0.07576231561139966,0.5426413337446667,0.3846249623868199,0.0,0.1,0.8,128,212.56987903068207,1383.4460982404044
28,49,0.39130197292116375,0.5395646504494411,0.6932801236027923,0.8738777029023743,0.36728579154569496,0.07547435645127136,0.5442992250532609,0.39105055634770153,0.0,0.1,0.8,129,211.90703416324715,1375.3511272598437
28,50,0.5967227799496445,0.7752507425479905,0.962124982944931,1.1104169138968718,0.587719654452018,0.07313392961135248,0.6209486761300251,0.6388891613526724,0.0,0.1,0.8,130,229.96380996485,1227.0691934567026
28,51,0.4786505564121613,0.6535361168523913,0.8400066324765496,0.9835228673169369,0.46158328137300003,0.0713332870241556,0.5968521797107352,0.4950597994441049,0.0,0.1,0.8,132,232.6013206225777,1174.035176147714
28,52,0.4818529781675177,0.6439612525501553,0.8190805722797877,1.0053055207156132,0.4622495219485979,0.06719823940765753,0.6620107426627972,0.4912606876167171,0.0,0.1,0.8,134,246.01909572723903,1046.3603389153234
28,53,0.4684869000328603,0.640496052545684,0.8266484041652185,1.0011612787741409,0.4511825613593702,0.06806895059144706,0.6043617702303925,0.48199960157697463,0.0,0.1,0.8,135,233.19684235307375,1056.4861583001684
28,54,0.5695316204681851,0.7642666278996507,0.9728084273247166,1.1096446823772008,0.5472665518275751,0.07278713197265076,0.5850618222066639,0.6106109732847538,0.0,0.1,0.8,141,218.80083313830323,1287.4762281353624
28,55,0.4909355062264808,0.6919383465825473,0.9111127230654594,1.0479293061213817,0.4718235966277576,0.07189679916269362,0.5731067185443829,0.5148202040583014,0.0,0.1,0.8,146,219.97164911140345,1265.4973326363015
28,56,0.5142869106665502,0.7155330416037402,0.9347338767339626,1.074976378490349,0.4933847815606989,0.06918118527885349,0.6886304773258913,0.5295247114932747,0.0,0.1,0.8,147,264.1630105565916,1134.782271852586
28,57,0.48862166153619124,0.688627002464069,0.9076912713949881,1.0567569277771334,0.4698503176499476,0.07314186685394067,0.5729841771849011,0.5121388008938963,0.0,0.1,0.8,149,217.9717028192089,1297.54877751938
28,58,0.48832582880322173,0.6975033234837598,0.9275216075178911,1.06984467033722,0.4711343779575409,0.07314186685394067,0.5729841771849011,0.5121388008938963,0.0,0.1,0.8,151,215.7818684712503,1281.2656270940972
28,59,0.4418247803908985,0.6447632063780119,0.8740979478985671,1.0646437883902513,0.4256235458856017,0.0707741583926936,0.6792422276807313,0.4419061832066221,0.0,0.1,0.8,157,219.99867135005545,1178.830589271885
28,60,0.5922520906733932,0.825712133517326,1.0882405403736584,1.278937138904554,0.5729840457062099,0.07415248610201997,0.6384967074938142,0.6355413655950564,0.0,0.1,0.8,166,239.69280408835863,1170.3541045568509
28,61,0.5997529525185953,0.8439816975328578,1.1176396027852278,1.3154879631513152,0.5801990628534822,0.07521410253637736,0.6390514892370074,0.6449077533146841,0.0,0.1,0.8,173,239.39350650060337,1183.4908272593923
28,62,0.5025163308618432,0.7023606273741431,0.9313577524933387,1.1851628829539205,0.4834327522097084,0.07351948985300183,0.6214613754017272,0.5255600436216633,0.0,0.1,0.8,174,209.90213284827,1287.1108425007524
28,63,0.4935348204197839,0.7125980684963285,0.963601777669164,1.1837524943431608,0.4799188662073084,0.07322445395867985,0.5760270768346005,0.520549233008415,0.0,0.1,0.8,176,213.368101756454,1293.8736958242762
28,64,0.4968153528285607,0.7033614946190911,0.9430452434500873,1.198665389656054,0.4810910270689495,0.07504236432180574,0.5613074433490767,0.5267433295173278,0.0,0.1,0.8,178,205.8472543395316,1269.2674297543265
28,65,0.5097891120593597,0.7243283772076922,0.9748408855793997,1.2225310206417987,0.4996795048606578,0.07507259059316182,0.5478567994481354,0.5451823502475566,0.0,0.1,0.8,179,214.50435537945245,1299.1783677417498
28,66,0.51507927193701,0.7503698076725285,1.0230566089860431,1.2338427571224482,0.4989238297447329,0.07336631082140219,0.5842690726902534,0.5474924355442344,0.0,0.1,0.8,182,210.50190335777228,1269.9924591792594
29,0,0.8485559812564137,0.6313816495469426,0.5962922289588513,0.02834649351486899,0.0,0.0,0.0,0.0,0.0,0.1,0.8,1,492.8588121237332,1449.2850531501651
29,1,0.7875177542549708,0.6154196115170268,0.578804954894433,0.030402178948223755,0.02695996483594404,0.06898952717255706,7.660966636006e-05,6.700059790129e-05,0.0,0.1,0.8,3,452.66796035712713,1338.9296616295967
29,2,0.296485209886913,0.42116756823599516,0.37523758478897834,0.036734234213758085,0.7322236985993386,0.08934682344912814,0.01219796691158323,0.0108035871538552,0.0,0.1,0.8,4,145.75958553128538,378.2911832401326
29,3,0.23095887682401395,0.36619441076206183,0.3121836767194479,0.058408586020873406,0.18228043840992295,0.09051979308737992,0.04859014972668521,0.04364957310524945,0.0,0.1,0.8,6,130.54270551377027,116.52272365618698
29,4,0.19743549405062022,0.3420724976617391,0.2977980651958922,0.05364994581857578,0.0699779979908823,0.09276031472470239,0.02397936485738858,0.02146857848843804,0.0,0.1,0.8,7,116.06862004989024,179.5294691495505
29,5,0.20680681436540313,0.3503884206070207,0.3054722373097577,0.0585877504824983,0.05726429974344753,0.09043192690446372,0.0422235136017811,0.03800976220628425,0.0,0.1,0.8,8,111.4076270048372,99.91541298151718
29,6,0.19289199243254895,0.3252380986285046,0.2690469838421068,0.05032681220708055,0.025833003094354445,0.09231228827769697,0.02624614404705524,0.02387899564384557,0.0,0.1,0.8,9,111.9293518025372,170.38637906308034
29,7,0.19292712087973826,0.33382468232795315,0.28759634896890796,0.07815932129881076,0.07407480208596691,0.08513228437630424,0.02529776525487638,0.0366515823416615,0.0,0.1,0.8,10,91.57982029976904,397.6904031021122
29,8,0.21167937287444713,0.3393407338358431,0.2810916527230576,0.08642858173940492,0.0875710623760286,0.08890810422505974,0.06853719396209561,0.0632451667059277,0.0,0.1,0.8,11,85.46366651468301,197.62901359178676
29,9,0.18784386761182287,0.31480553110036935,0.2562968466475841,0.069042892190651,0.04480496071785134,0.09081737883167759,0.04191891337082036,0.03931201252612264,0.0,0.1,0.8,12,86.69152159094543,124.39590121755197
29,10,0.17181995916429676,0.30763547484377224,0.25951779080799586,0.06492582046935608,0.05281870689447367,0.0904206066238736,0.03049966096075591,0.028074501241410737,0.0,0.1,0.8,13,76.13212180731523,218.07320561182064
29,11,0.16789903388296964,0.31223307924129196,0.27446961026696204,0.08614748294843542,0.041834583362564154,0.08168385162183685,0.04315146666549999,0.029016880558614087,0.0,0.1,0.8,15,33.09011218310927,557.2433592557452
29,12,0.1807410732527403,0.3126823048772031,0.26337181258070635,0.09616807637205685,0.05655705472500898,0.08129666398663066,0.07045589923074516,0.045051945037016,0.0,0.1,0.8,16,41.43824532435615,1342.1231373208718
29,13,0.15815824402329948,0.28469965653137624,0.23393095358333077,0.08449375672516209,0.08184009388314868,0.08139034844576087,0.05291650433406351,0.03141383326162114,0.0,0.1,0.8,17,38.762690489600686,1543.613653429896
29,14,0.15734104138434613,0.2934239145414755,0.25343092958217267,0.09592782539024976,0.0458953058104712,0.08175980223489422,0.050738454691070314,0.03383484789018899,0.0,0.1,0.8,18,45.75522287892101,1121.0505046390315
29,15,0.1550814209538606,0.3015381405199606,0.27253450097834336,0.10244812778581291,0.03410352727855994,0.08173794457053446,0.04894897071930782,0.03264153369969647,0.0,0.1,0.8,20,42.191601459179545,1021.9084474511752
29,16,0.14497655063519704,0.28805240240917784,0.2582511798411032,0.11073824801561846,0.03996476668428388,0.08244357807087509,0.03999728541413195,0.02737580916766638,0.0,0.1,0.8,22,31.993660118061616,675.400732028955
29,17,0.14593412588609705,0.2886233497939853,0.2587337840296332,0.1178315026253165,0.028958511482319732,0.08286664692001364,0.041899299605044335,0.02901248217897851,0.0,0.1,0.8,24,37.08729242371997,729.8307998173487
29,18,0.1684038236627454,0.296967308745915,0.2552359929060049,0.14369580178406108,0.07783368212091876,0.07941874109965139,0.08443629193509673,0.056878488598673525,0.0,0.1,0.8,25,26.665123510032792,894.7707495601885
29,19,0.16143308410997526,0.2979325275901058,0.2666907298175739,0.14281923914483774,0.07476997023166984,0.07987097541990254,0.07949899241946952,0.05370679935286736,0.0,0.1,0.8,26,26.263845414738352,782.8140570803001
29,20,0.15969240469624646,0.30627085987884517,0.28598401606784485,0.1418805198129344,0.05405427205740621,0.07996232031288872,0.07856198879932849,0.05313810434484824,0.0,0.1,0.8,28,25.87776555400349,741.1795428987435
29,21,0.15860146616182924,0.29237792254732714,0.26057639027935947,0.14531408450801486,0.06356014151032946,0.07991731196651922,0.07984857828137708,0.05406929672444825,0.0,0.1,0.8,29,24.02687404680939,774.7140359884684
29,22,0.15247794325936065,0.28544262898301564,0.25347167604110965,0.14257468480237936,0.05223324692120237,0.07845541685108562,0.07554445098736659,0.04816294840962992,0.0,0.1,0.8,30,19.697286401127883,754.9441769841269
29,23,0.15832076643458795,0.2908335148201261,0.2587754129082867,0.1520462613331401,0.055353204206756206,0.07971331901464476,0.0811816978762611,0.0553411309601188,0.0,0.1,0.8,31,23.564897041262867,816.8282997538892
29,24,0.15654142718678674,0.28863889535630843,0.2564997897072037,0.15644338123381885,0.05244563986828606,0.0800492434221993,0.08019384193753396,0.05378513913786681,0.0,0.1,0.8,33,21.02079744110977,802.024651249234
29,25,0.15433275960413728,0.3083176437092058,0.29844809850833093,0.16034335451828194,0.05132725034050574,0.0793015537479439,0.07757912273747222,0.05176933835989968,0.0,0.1,0.8,34,21.224268732884227,724.8116046942515
29,26,0.13897175369286763,0.27502086385930913,0.2526723529355659,0.17150308312715926,0.06393615733293094,0.08681522290606132,0.06783027659507361,0.042486838425110016,0.0,0.1,0.8,36,22.343956481746662,1012.7442353251126
29,27,0.13567465883848628,0.2682252208742096,0.24523514552004824,0.17676562867619164,0.05203282683506106,0.08633556926055178,0.06733429628862685,0.04248002256396584,0.0,0.1,0.8,38,21.296853719592374,959.7375913869208
29,28,0.13571705399593553,0.26819162610403097,0.24518799299114527,0.17686243757476974,0.04131367151721338,0.08629099649720343,0.06742773498350897,0.04260689479551001,0.0,0.1,0.8,39,21.16905917622069,955.783158906465
29,29,0.1341646357876583,0.288764863560132,0.2880793764804089,0.1942799101294918,0.03977484087723684,0.08576264355666736,0.07024111134471886,0.04039169350007017,0.0,0.1,0.8,40,24.61939534991161,1091.913564855718
29,30,0.231899876828244,0.38031871383854665,0.37853420568998375,0.29899864941607057,0.1554722619828041,0.08463117307923976,1.0,0.05304487652849434,0.0,0.1,0.8,43,129.09235644360382,30059.259019896428
29,31,0.22898503706792994,0.38470768468668753,0.39344988966321187,0.3080573802479686,0.15352230059086314,0.08463117307923977,1.0,0.053044876528494565,0.0,0.1,0.8,45,117.64447629617128,29827.90144405353
29,32,0.2289539425088954,0.3846360591207632,0.3933714394743424,0.30506604777987534,0.14267598358382538,0.0846311730792398,1.0,0.05304487652849478,0.0,0.1,0.8,46,116.6556107397236,29805.22839601658
29,33,0.22829431915328527,0.3942186034446701,0.41397581633529446,0.33035846675194547,0.14749056909407268,0.08585068992859324,1.0,0.053036357614710296,0.0,0.1,0.8,47,123.16778237425714,30055.05822028428
29,34,0.2333085004558288,0.409155691713648,0.4398824084231588,0.33606035874598317,0.15005765918755234,0.08644605873210132,1.0,0.06041018187886682,0.0,0.1,0.8,51,144.30870459483816,35275.49927829455
29,35,0.23287336630194283,0.3969943729334437,0.41645135975480047,0.3423247392259195,0.15019670294776166,0.08635442176852076,1.0,0.06044949713152744,0.0,0.1,0.8,53,145.87961596083355,35407.417661034866
29,36,0.22934448572276647,0.4028625241045559,0.4332046912232086,0.3600897716592677,0.1559548301552489,0.08600226183103783,1.0,0.057592224135916935,0.0,0.1,0.8,54,130.34998003202344,30498.13391134712
29,37,0.22705943460237454,0.41164669620947475,0.45314950713638896,0.36803520420821184,0.14388998094855626,0.08705530998570056,1.0,0.054761235284480556,0.0,0.1,0.8,56,121.11271326720689,29072.634329321023
29,38,0.2281527435420475,0.41201129105127077,0.4533948639643399,0.3724308362515817,0.14752866620180966,0.08702780815499421,1.0,0.056782623964218584,0.0,0.1,0.8,58,125.5005921273268,30211.19892025125
29,39,0.23180223692635632,0.41380480184281176,0.45488691076669474,0.3934777350736764,0.15393068606028684,0.08889608498192893,1.0,0.06298317959160707,0.0,0.1,0.8,61,128.9621790544807,30480.53564943171
29,40,0.23164104574643826,0.4022913926740648,0.43216688530529324,0.3901736769365065,0.15185744262930245,0.08851302604463449,1.0,0.06300394667824438,0.0,0.1,0.8,62,126.22282411996812,30400.3687170995
29,41,0.2309444960546975,0.4234875911138545,0.4756452726404553,0.41356884610937716,0.15048717735337316,0.08933178507321173,1.0,0.06239471749513278,0.0,0.1,0.8,65,90.40252430127669,24812.06443203185
29,42,0.2223382915505323,0.4032850943105847,0.4441970901968495,0.40424440585893473,0.1444864682456976,0.08660245407984259,1.0,0.052067610921988486,0.0,0.1,0.8,66,126.30559100722368,30223.989009080036
29,43,0.22842456414909995,0.4191219920762484,0.47098379221667236,0.43366476731540043,0.15119263184943835,0.08275135190320021,1.0,0.06082315165816177,0.0,0.1,0.8,69,134.73405632337955,31015.343534545114
29,44,0.22141192235968055,0.398466957934292,0.4387595593479836,0.4306168681418826,0.1504748609748999,0.0856889924140938,1.0,0.05417837905026758,0.0,0.1,0.8,71,153.32952700385044,31576.743751754697
29,45,0.24994969936659794,0.44809452870157807,0.51054468822145,0.48172299754868486,0.17346252820780372,0.08535291824028242,1.0,0.09074216475457417,0.0,0.1,0.8,78,65.18949003427552,14402.751906428452
29,46,0.25084395443744334,0.44793746922137734,0.5102234185416766,0.4935233425793414,0.17705821330189225,0.08689077756127503,1.0,0.09270243878258841,0.0,0.1,0.8,80,74.85116380209443,15203.068343942095
29,47,0.2515423551649071,0.4369710125676743,0.4880034178525417,0.49702908051043954,0.1783364786895604,0.08587188172243121,1.0,0.09402578881434108,0.0,0.1,0.8,81,69.42753840009172,14734.953116158697
29,48,0.2511292014767653,0.4470139745378729,0.5091121282532229,0.515180376417695,0.17696515753868947,0.08647546792033597,1.0,0.09401411495712793,0.0,0.1,0.8,83,74.06591232106737,15312.166687841403
29,49,0.21644961445241062,0.42066149810719017,0.4934986506694347,0.47484307132858544,0.15727949137436595,0.0736475994275098,1.0,0.05280102054586126,0.0,0.1,0.8,84,54.61863885799649,1200.526199988782
29,50,0.20935375308632911,0.40473848303200666,0.4762508099650866,0.4784192367843857,0.16359883528163974,0.07699284050713945,1.0,0.050294178829641656,0.0,0.1,0.8,86,55.06448644898168,1265.4911573994416
29,51,0.20966453162269374,0.4028765551820968,0.47407000390008597,0.4865154924718759,0.14734672900995155,0.07454088824931132,1.0,0.05215402838689047,0.0,0.1,0.8,88,62.21098924525895,1330.6049333071096
29,52,0.19908107140223721,0.38237276907632833,0.471443414550322,0.4983959277342832,0.3028842311141572,0.07525015593196216,1.0,0.05726180202509148,0.0,0.1,0.8,89,80.15132572485534,1304.465892320261
29,53,0.19908107140223721,0.38237276907632833,0.471443414550322,0.5125935680384752,0.1458094799311859,0.07525015593196216,1.0,0.05726180202509148,0.0,0.1,0.8,93,80.15132572485534,1304.465892320261
29,54,0.19437007146557198,0.3750077347526586,0.4637281463015437,0.512099414758354,0.15447263939562783,0.07855797546454305,1.0,0.052653705358468715,0.0,0.1,0.8,94,72.26106619794648,1307.688459459319
29,55,0.19633958032609727,0.4520933497184989,0.6186349733096791,0.6322279523137352,0.14559822404198164,0.08087712437915355,1.0,0.056324299692757374,0.0,0.1,0.8,116,60.971246320470144,1335.675060406802
29,56,0.20501388276539834,0.478996309985629,0.6673524586094868,0.6727622075060882,0.15882725998622588,0.08433589338365417,1.0,0.06898484842768858,0.0,0.1,0.8,121,61.61516934251957,1357.3068814294338
29,57,0.2054492264526482,0.4681771356322753,0.6453477440555319,0.6920614086064134,0.1558238081659186,0.08276166080100912,1.0,0.06959994499345429,0.0,0.1,0.8,126,58.42492654260128,1357.8904848477605
29,58,0.2055106339689033,0.47923305397314114,0.6675557574958928,0.7045644679251546,0.15624676829720052,0.08336356830438105,1.0,0.06972282922305206,0.0,0.1,0.8,127,58.05228241867376,1357.552170328587
29,59,0.20523811165409916,0.47840026688019166,0.6666504225106218,0.7044187703644633,0.1582627087984849,0.08371945757930008,1.0,0.06963346635094496,0.0,0.1,0.8,128,58.602565713679816,1357.428177569189
29,60,0.20588594258619378,0.46587809582207107,0.6426955991282932,0.6993387440679304,0.16651800554503898,0.08410046971823429,1.0,0.07136275766315314,0.0,0.1,0.8,129,60.14576545916856,1311.0064689383937
29,61,0.21137543141777548,0.4917662663163965,0.6906836731523123,0.7645786593189253,0.16401963534742062,0.08251717715439477,1.0,0.07900802317736269,0.0,0.1,0.8,139,65.51094434200017,1372.04060010368
29,62,0.21115330019673317,0.5023513544469632,0.7123969766887663,0.7887446134263851,0.1637390067318884,0.08269772810623145,1.0,0.07885562566526941,0.0,0.1,0.8,141,66.85746564093571,1384.548518627142
29,63,0.2131790001935207,0.5364154561141999,0.7797966862963158,0.8296920523958028,0.16743027832166074,0.08397717905586205,1.0,0.08192739537499344,0.0,0.1,0.8,144,72.36674562051718,1429.2398592457678
29,64,0.21215193524916304,0.5248516244639186,0.7571391884271347,0.8467902278447624,0.16584345696429414,0.07622449603307584,1.0,0.08040224808646519,0.0,0.1,0.8,145,55.18093900468254,1164.410486090999
29,65,0.21114742920494928,0.5336173558420061,0.7769006985937815,0.8356616227968932,0.1657276046133122,0.08309622527747847,1.0,0.0797169771244964,0.0,0.1,0.8,146,70.41066191021821,1354.035009464995
29,66,0.2854722596366631,0.5853777224984689,0.8062833084101928,0.9056938924759277,0.24032380203571613,0.07870556825794614,1.0,0.1727782174844989,0.0,0.1,0.8,147,68.58174207733575,1515.936063038431
29,67,0.23279688549365718,0.5303017009155537,0.750902200565501,0.8513112994070227,0.19654725655680072,0.08001533795068615,1.0,0.10793905770646842,0.0,0.1,0.8,148,66.50843436750509,1209.9120237014463
29,68,0.22918447461937846,0.5334750247994786,0.7646965880694041,0.8733062493911127,0.18888084076379275,0.0811381976350617,1.0,0.10518256103647343,0.0,0.1,0.8,152,70.86440226487083,1365.3766299303504
29,69,0.22584404936856728,0.5519475117919618,0.805451554848779,0.8933701536631765,0.18188557916911,0.07726406145352246,1.0,0.10115948535711965,0.0,0.1,0.8,154,61.94012552098197,1229.9466192179366
29,70,0.22860667197892603,0.531648100696238,0.762712610924622,0.8924105469624161,0.1875059815453269,0.080360393845257,1.0,0.10495856424670014,0.0,0.1,0.8,155,70.85461247460792,1403.753531210774
29,71,0.22853492994296465,0.5424469670480963,0.7846484626123221,0.9174245672948301,0.18445669934604036,0.080360393845257,1.0,0.10495856424670014,0.0,0.1,0.8,157,71.04078144081365,1408.82603222303
29,72,0.3015500777768271,0.6371512559277961,0.9016200962418073,1.0257915508073383,0.2575309714261435,0.08004100951601076,1.0,0.19642705823460868,0.0,0.1,0.8,164,74.6020974029862,1515.0963926678498
29,73,0.3195226543551237,0.719700748770745,1.05091075615723,1.1107384545936856,0.27623529018234216,0.07973866298776848,1.0,0.21967903074242714,0.0,0.1,0.8,179,70.15640831685812,1217.9028316227498
30,0,0.8940303570154507,0.6425814836059153,0.6085582289386766,0.029433404608604347,0.0,0.0,0.0,0.0,0.0,0.1,0.8,1,411.933422149861,1326.4166866933265
30,1,0.8307303555785152,0.6268454138553264,0.5913220837873355,0.0314765215486905,0.02647861619496314,0.04511813800424499,7.80353708504e-05,1.909395491436e-05,0.0,0.1,0.8,3,373.4870934984164,1240.543241001262
30,2,0.8282000219786835,0.6262694992435354,0.5906816838260871,0.03393905562820888,0.0024093140558077903,0.04648103682972175,0.00044012260489844,0.00010078934048186,0.0,0.1,0.8,4,332.80820202582106,1345.4070843431043
30,3,0.30177450167567493,0.42666604808803027,0.3806800959034935,0.0322059172138194,0.7764856624231057,0.05978166035485285,0.05392751279614237,0.013195163766792181,0.0,0.1,0.8,5,143.23038084954186,120.08162488941316
30,4,0.2518808202927561,0.3850388060808246,0.3360391098425171,0.022274769922768847,0.11228092485399313,0.07498289146889338,0.01177205242691355,0.00600557391249879,0.0,0.1,0.8,6,52.83546258817682,406.4008787412069
30,5,0.2413962624858702,0.3873001320793958,0.3483421220678806,0.02735549583016148,0.0485827073304461,0.059525468430712415,0.03026387758688116,0.00740506654713754,0.0,0.1,0.8,7,70.93194814301714,191.3919394072772
30,6,0.22502786366878877,0.37221194620705095,0.332009802941986,0.027495772763768495,0.051736825229891675,0.06943877177081297,0.02037499906118769,0.00611915046236896,0.0,0.1,0.8,8,67.84212941007286,284.369566291356
30,7,0.21088857110112785,0.35803412204997664,0.31664154190346033,0.026829697674392566,0.04655964536100586,0.06998139046623339,0.013845853023163959,0.00484470063727857,0.0,0.1,0.8,9,55.13481176182229,364.0714738848321
30,8,0.19481955660801129,0.3407983218550133,0.2975787774433977,0.029144188106401864,0.07141401637786018,0.061057981747816494,0.03090500831368011,0.00515767571802414,0.0,0.1,0.8,10,50.45430800278007,133.923533968982
30,9,0.18842065697836582,0.3334736556953597,0.289487574655663,0.03132859372707175,0.021462629624806592,0.059795100782524445,0.03664938802491582,0.0053498968082118,0.0,0.1,0.8,12,46.073102261343,113.27625082444268
30,10,0.17562488149659528,0.307354922558266,0.25086889119081474,0.0442496003474919,0.03047666490306905,0.06248514105276204,0.025995001710503778,0.00542809344235805,0.0,0.1,0.8,14,51.47795255387199,100.27074310329388
30,11,0.1715087977748585,0.30156967465792445,0.24429395415265281,0.05339451106981969,0.037307202668696436,0.06140420265444148,0.02887788364264813,0.008206640902356229,0.0,0.1,0.8,15,44.70651897792671,102.8216265748066
30,12,0.1673340902711703,0.2961147219989847,0.23830118636146555,0.055519902806052755,0.019131674435864082,0.06715855717898223,0.028620644657877097,0.008482334953661661,0.0,0.1,0.8,17,36.013680404137816,120.83541760843508
30,13,0.1648731431317966,0.30464174620223483,0.2579499673262769,0.05748675321325082,0.009076652845947674,0.06194451172013191,0.0268474057981893,0.00606505196597242,0.0,0.1,0.8,18,66.7821199802469,106.36123203078972
30,14,0.16302844804407293,0.30131032371001715,0.25404932004817704,0.06758283829655955,0.03026140143562472,0.06075614640702862,0.02995672741006656,0.00898665130600734,0.0,0.1,0.8,19,76.36585555735734,110.91914183306392
30,15,0.16579122285190792,0.315110685924452,0.2789872295547597,0.06572797133421265,0.014223799162036383,0.045374419257413166,0.06668752866682767,0.00813701132239154,0.0,0.1,0.8,20,75.15161722482998,124.27638026108976
30,16,0.15731179248235239,0.29388122049017884,0.24601487855048962,0.07392962378522111,0.02943730164880093,0.062030782798423875,0.0291662861681751,0.00774879561185652,0.0,0.1,0.8,21,130.36303314723992,108.9540486560919
30,17,0.15378836538737958,0.30105621060912474,0.2642186159698888,0.0632766697182711,0.011466266822173624,0.05037724245215706,0.03338987761932569,0.004108908204122,0.0,0.1,0.8,22,74.29612130200984,143.5539380129711
30,18,0.1610969786532202,0.30759186662135607,0.2705032589944538,0.10740073360121524,0.01800084809403308,0.07640873638663429,0.05579121084374801,0.012774484551413121,0.0,0.1,0.8,26,71.46354171917815,46929.25731908533
30,19,0.24431103634049137,0.3776862377052108,0.32879812642733586,0.17545711385291615,0.12606109069201146,0.05249244542142699,1.0,0.00456710030619406,0.0,0.1,0.8,27,444.0763302618833,227.65986171710543
30,20,0.14965458853031705,0.2948638020327671,0.2655234460279024,0.1103752389796613,0.12686611657078495,0.08146098980269614,0.059018761503821994,0.02746166480921534,0.0,0.1,0.8,28,34.419460797222925,358.6296224676258
30,21,0.14524836374874509,0.29789127665717613,0.27890715748452244,0.1153186136518201,0.04215163011508825,0.07385830757805352,0.05804835315912869,0.028121087783568782,0.0,0.1,0.8,30,45.97139428989213,377.46799303982885
30,22,0.13210726379372884,0.2757665120051187,0.254885603009522,0.1284701793895335,0.059532567655518565,0.0783685330713776,0.053465541611998166,0.025945223647507648,0.0,0.1,0.8,32,33.79092918871957,405.7305675579489
30,23,0.12955498325251463,0.26839651467477926,0.2465742385283972,0.13600059274422518,0.04522090198614889,0.08416634355987032,0.05543297142723689,0.02884707654755463,0.0,0.1,0.8,34,35.10354182412958,464.65785005669824
30,24,0.1290658996661338,0.26641918524901714,0.24431484561657607,0.1426707367423482,0.03458003571985552,0.09033614132224047,0.055174665808344944,0.03011132043977972,0.0,0.1,0.8,36,39.849589453493344,514.2765078133428
30,25,0.16481146822336845,0.29922241679219796,0.2765710093583179,0.19559430983486797,0.0778037077963015,0.09763755728515716,0.0791059730433161,0.07530639904737076,0.0,0.1,0.8,38,44.40441101153826,645.8887767378096
30,26,0.16455263913451706,0.3097799913439561,0.29824264615739954,0.20477620327993423,0.06905945872863248,0.09763755728515716,0.07910597304331608,0.07530639904737077,0.0,0.1,0.8,40,45.94883844226285,647.8445136236551
30,27,0.12750377499358478,0.2606070229839509,0.23771712722233013,0.1500734328052422,0.038657696496927935,0.08944382642500133,0.06201345411743906,0.03230818679988924,0.0,0.1,0.8,41,58.00605612891023,562.910671227345
30,28,0.1272136980888734,0.27085718679111553,0.25903164175921684,0.16233816702467377,0.03403988198460835,0.09018382907858577,0.06225278476219716,0.03254443660145468,0.0,0.1,0.8,43,59.039622097378334,574.3083709874769
30,29,0.1402833454860911,0.2701891001608615,0.2467228825489694,0.1855500048399116,0.0645729766071566,0.09635881613565747,0.0688206872262789,0.051003398595569474,0.0,0.1,0.8,44,60.86982016828201,724.7786323076631
30,30,0.1497995457374422,0.27618118612584913,0.252101221511404,0.18860275479464372,0.0816548463843616,0.10386863687143426,0.07473477222654648,0.06581339155012145,0.0,0.1,0.8,45,62.99595927409772,843.0722768783427
30,31,0.17348327397846558,0.29928803973187973,0.2751086705023547,0.24001366378405087,0.08497654571179791,0.07958744981117852,0.15312994238271652,0.08620307792236546,0.0,0.1,0.8,50,30.222498382159795,440.3027339616767
30,32,0.11454620131222532,0.27291532884799224,0.28210690607328653,0.20515113390033804,0.03032480271045266,0.08425925347336415,0.06246213889074491,0.02459580989948674,0.0,0.1,0.8,51,22.522196860954043,435.0798367037908
30,33,0.16556128557473188,0.2821528814449738,0.25643314252049704,0.24644744320444723,0.13324992775232472,0.0857670106732727,0.15609507610279677,0.08464093761923865,0.0,0.1,0.8,52,24.00521134542616,503.1962432448222
30,34,0.162790602234837,0.29697549677891666,0.2928472197846975,0.26627377615535885,0.09023039840680941,0.08705288219131073,0.15594773412062757,0.08514936920114881,0.0,0.1,0.8,56,24.298881285347125,511.7821193253967
30,35,0.1593441255246551,0.28185275947931043,0.2664671557228754,0.32014760666882125,0.08081765281596479,0.09425249774483464,0.1613882939924622,0.08064513348261612,0.0,0.1,0.8,76,30.796864253617844,506.04668982010406
30,36,0.15743057460332988,0.27690693256641946,0.2610427974262137,0.3258553606378084,0.0892436681191404,0.09201952989498362,0.16754158040942918,0.07997807047515201,0.0,0.1,0.8,78,27.30956453381365,510.922171438273
30,37,0.1619869085200959,0.30279524656695855,0.3091300802130639,0.3507197841553746,0.09031894106227371,0.07603873092759506,0.16238903107477118,0.08696810069973673,0.0,0.1,0.8,79,77.22315754058766,494.0353184781215
30,38,0.15462465337068523,0.26954379180766136,0.25297683928475606,0.33126175132306507,0.10105155710155807,0.09060260944130803,0.16912529235963022,0.07980495690834537,0.0,0.1,0.8,80,26.60797955783988,536.3817256587673
30,39,0.1579483490523303,0.2930918319110366,0.2985588199771867,0.35558834607324213,0.09553376180277905,0.0814389212656117,0.16357785301840072,0.08608597570477669,0.0,0.1,0.8,81,85.58920394143354,544.2853469342449
30,40,0.1579209451635612,0.3041147186499359,0.320740048785457,0.37861200676706647,0.08535043474948897,0.08143892126561171,0.16357785301840072,0.08608597570477669,0.0,0.1,0.8,83,80.62353321692557,541.1611280538465
30,41,0.15680429388318085,0.29117795990192424,0.2965287436503566,0.36745892753236464,0.08645745408783533,0.08137592733952685,0.16291870258121943,0.0853020943039312,0.0,0.1,0.8,85,79.39223987861746,553.7192066065542
30,42,0.1641320249963764,0.30549735844851034,0.32139980428132947,0.3850327585043624,0.11585128497676928,0.08764103388457592,0.16156640815484619,0.09755842180014912,0.0,0.1,0.8,86,76.37391370193313,543.9900567192079
30,43,0.1689955807449065,0.31400889673045934,0.3399880668663209,0.4372171455421402,0.10853884926883847,0.08002376203960157,0.19098996640338292,0.10494311298932588,0.0,0.1,0.8,93,3125.433949640501,491.6450936412493
30,44,0.16639051416460762,0.30812068307955054,0.3336293277075286,0.44563047486541385,0.10625953089083394,0.07852698184229094,0.19153072403890942,0.10369380292013386,0.0,0.1,0.8,97,3127.059650540572,512.4706029217949
30,45,0.18118170303432077,0.31119032092814997,0.32544500364846884,0.46442707523556837,0.12032126405924909,0.07341695448012878,0.18669841977058016,0.12317064813251807,0.0,0.1,0.8,98,3120.5437774443803,529.2772661453092
30,46,0.16598508922029165,0.3179881630830218,0.3545450231049515,0.48011644129809583,0.10310733825945126,0.07852698184229094,0.19153072403890942,0.10369380292013386,0.0,0.1,0.8,99,3157.584298473626,513.7670933041207
30,47,0.1805874751801414,0.33114793552563293,0.3674997372975177,0.4952304989517272,0.12470309232543976,0.0784818398669642,0.191918857744956,0.12278815690441969,0.0,0.1,0.8,100,3147.647472781065,509.3883786130896
30,48,0.18000655986515973,0.32934874533477954,0.36552918522573397,0.48935251047963435,0.12341945567516693,0.0784818398669642,0.19191885774495607,0.12278815690441962,0.0,0.1,0.8,101,3097.8942500659223,504.56420898924415
30,49,0.17978271372890303,0.3286555182262808,0.36476990163942147,0.5051095869102693,0.11974604466149995,0.07848183986696422,0.19191885774495604,0.12278815690441962,0.0,0.1,0.8,102,3113.106536030718,505.84000726187656
30,50,0.17787314122435433,0.32462410685648363,0.3604413347666822,0.5106524118595541,0.12175708991578933,0.07698684110802437,0.19255998447767803,0.12157249335510081,0.0,0.1,0.8,104,3149.8231235397643,529.9037884060878
30,51,0.17763741103805286,0.32438247153375166,0.3601989162664562,0.507040956361996,0.11630968609331363,0.07700067293657474,0.19155728526922283,0.12140658123590513,0.0,0.1,0.8,105,3157.927713563746,533.9111006688462
30,52,0.17780549293624404,0.3355083989719564,0.38247076762468374,0.5300046522382217,0.11719899040786003,0.07698684110802437,0.192559984477678,0.12157249335510056,0.0,0.1,0.8,106,3156.403162272346,530.2504763694359
30,53,0.17707260395777386,0.333229803608817,0.3799769982743929,0.5297673849999338,0.1202914307929824,0.07755313834601088,0.1899594941219298,0.12187528190971456,0.0,0.1,0.8,108,3173.06857388633,587.6574701164665
30,54,0.39875287880043087,0.650600722703117,0.797258317703719,0.796129496165062,0.34684492085873103,0.058771979869012184,0.16969134549458317,0.4038611959509362,0.0,0.1,0.8,111,2868.437722671696,735.3247578287397
30,55,0.3998851244090133,0.6464933487380686,0.7924373851722044,0.8099935034809362,0.3518424898864799,0.06133999103432506,0.10560755475123378,0.41610677060354523,0.0,0.1,0.8,114,2869.312229206836,833.4174464597877
30,56,0.39970506885628265,0.6569764191550589,0.8140274726657369,0.8218370558968966,0.34447050655207984,0.06133999103432507,0.10560755475123389,0.41610677060354523,0.0,0.1,0.8,116,2873.859432857956,831.2704497858053
30,57,0.33556624211340413,0.6118164076928424,0.7907660065961721,0.8692195056426599,0.28123874964473305,0.0611160455495273,0.18017296656454246,0.32826581732019766,0.0,0.1,0.8,141,2978.9907284787896,816.6076224014037
30,58,0.3333523839061614,0.6305626356193046,0.8316780955162935,0.8927445061364441,0.2808524713068971,0.062364531695858115,0.17660840509013992,0.32656628913430896,0.0,0.1,0.8,144,2990.867429651737,803.3306139496757
30,59,0.783731637073923,1.0499103261968528,1.2275291706861688,1.2325959665482635,0.7738495038023155,0.05295555306626444,0.6247602551120109,0.8377846221958851,0.0,0.1,0.8,145,2717.8474091581493,610.2899558296593
30,60,0.5464213806857301,0.8197097665840707,1.0079761872842923,1.1649488710274776,0.49728973343357463,0.06811413909670418,1.0,0.49605603576359936,0.0,0.1,0.8,186,3078.294001641039,1320.3247001231357
30,61,0.5288421365972074,0.7979694565888813,0.9857004492328874,1.1570873532901158,0.484504584698397,0.06640086864127431,1.0,0.4759133517749051,0.0,0.1,0.8,191,3078.291353077628,1291.8945576053814
30,62,0.5288411002271118,0.7979654773907744,0.9856959524753535,1.157086952099661,0.48073423991498826,0.0664008686412743,1.0,0.4759133517749053,0.0,0.1,0.8,195,3067.7538676555114,1295.1830327216574
30,63,0.5381585372025182,0.8294278884789187,1.0394827135463134,1.1990367554873425,0.49011458187922485,0.06769637168394267,1.0,0.4875813881133217,0.0,0.1,0.8,200,3077.2026681485745,1303.1641633675108
