Run,Equation_Index,Hybrid_MSE_Train,Hybrid_AIC_Train,Hybrid_BIC_Train,Hybrid_MDL_Train,Hybrid_PSM_Train,Extrapolation_Divergence,Sensitivity_Interpolation,Sensitivity_Extrapolation,Lambda1,Lambda2,Lambda3,Complexity,MSE_Test_Interpolation,MSE_Test_Extrapolation
1,0,0.9470431007647897,0.9824974132322908,0.9796100362719378,0.1444961494775779,0.0,0.0,0.0,0.0,0.3,0.8,0.1,1,0.9748054983296368,0.7560687826388228
1,1,0.6110354473564454,0.8603539927312573,0.8254825063765395,0.1351747553727353,0.3500574500167625,0.09850745813983726,0.00039273338167731,0.00030485370682359,0.3,0.8,0.1,3,0.6717528675966482,0.4675689842327974
1,2,0.4591657587966631,0.7629879756798309,0.7189834095498363,0.11165510874968393,0.4174738703704457,0.09844825857114856,0.00022419762357363,0.00019043941333161,0.3,0.8,0.1,4,0.5007801540848752,0.2229957408252089
1,3,0.3655439621396917,0.6882141843115686,0.6318678536601413,0.09364038702855837,0.18406388506295807,0.09895368165169033,9.545820798112e-05,9.189778497018e-05,0.3,0.8,0.1,6,0.4268037922650442,0.1637184201805436
1,4,0.3491285393203533,0.6768933256490164,0.62558659151412,0.1041182051488323,0.04521133664644543,0.09872899133534424,0.00013718910154322,0.00013243452816885,0.3,0.8,0.1,10,0.3652124064793118,0.1738739938781063
1,5,0.3362693035035468,0.6683650173191987,0.6224045448659283,0.10963814673008179,0.048714861124229056,0.10159254889088412,0.00018594827318705999,0.00018369614840303,0.3,0.8,0.1,13,0.3421534229711983,0.1539041264280387
1,6,0.3269378878268026,0.662862410030781,0.6228713940590539,0.11421510604085448,0.06943132635890817,0.10199144689139282,0.00022429837890675002,0.00019606848366274,0.3,0.8,0.1,14,0.339729064738947,0.1370541226946602
1,7,0.2973354752819678,0.6277884941737438,0.5746208339454949,0.11112955937375057,0.1045424271983548,0.11217349931482631,0.00011459153887599001,0.00012763635243141,0.3,0.8,0.1,16,0.3463056368834834,0.187860570916531
1,8,0.2608674482199659,0.5882298147944338,0.5353670339717324,0.10614249540578166,0.2144509576357001,0.11349513399111773,0.00015801545801266,0.00014294827042203,0.3,0.8,0.1,17,0.2439316237980375,0.1614165023767635
1,9,0.26031191696089856,0.5912184489430871,0.545739261079717,0.1103008613098963,0.037532373676895533,0.11373248926536532,0.00015742219896266,0.00014268661827934,0.3,0.8,0.1,18,0.2454827736795871,0.1606008805255391
1,10,0.25996329755966346,0.5944998103245585,0.5564715552324344,0.11448868852806783,0.035010905934764455,0.11358486820042558,0.00015697735813781,0.00014282423047566001,0.3,0.8,0.1,20,0.2451680727142188,0.1623408287259015
1,11,0.2267638670098112,0.5497877276176275,0.5045091197302009,0.10966971282658261,0.1241097141506983,0.11107840578358867,0.00014352510637459,0.00014695203862889,0.3,0.8,0.1,22,0.2165699402634683,0.1775917839928137
1,12,0.187806010276449,0.49252369406948854,0.4448788449706467,0.0982233062794232,0.15596687751597124,0.10748496406722934,0.00013979828728595,0.00014565765741975,0.3,0.8,0.1,24,0.2122133796409424,0.0892364685354947
1,13,0.1643468941390565,0.44848038572095794,0.393423494677384,0.09702480643980452,0.12628215891898512,0.11032912780545132,0.00017665898265318002,0.00018630576331491,0.3,0.8,0.1,26,0.2308057111472587,0.0935936290891576
1,14,0.14886743180295922,0.41924593843443514,0.36618796560415845,0.09587550372396886,0.10237620898654136,0.11196258708020795,0.00017459928730855,0.00018224254493729,0.3,0.8,0.1,28,0.2153106952039613,0.0703440547174799
1,15,0.13396771161261414,0.38792669965840854,0.3300620313661954,0.08666521490188352,0.151597199667003,0.10468625092152514,0.00017489227867866001,0.00018634194363492,0.3,0.8,0.1,29,0.2134666420162005,0.1065365198624444
1,16,0.12263339597528757,0.3661239900621917,0.31836213229576077,0.09675943153738947,0.0630529929360526,0.10678920186700812,0.00018018636110909,0.00019145201087099,0.3,0.8,0.1,33,0.1521668647486548,0.106305335344421
1,17,0.0859917960819847,0.25269933714384696,0.1861408740343532,0.07278614240686128,0.2695169752625743,0.10812268216551646,0.00032111517786473,0.00021885796742712,0.3,0.8,0.1,35,0.1679195886975635,0.0467078370317735
1,18,0.07496002473908742,0.21273043166367447,0.14651493438330407,0.0717701788081185,0.12017390774293774,0.10769685581023372,0.00022464896599674002,0.00018468886231213,0.3,0.8,0.1,37,0.1567919644817235,0.0300421998032358
1,19,0.0693621711607707,0.18762936005099304,0.11723569714485245,0.07020733839801542,0.08496885439260442,0.10841656191955609,0.00023710891646974,0.00018538602171085,0.3,0.8,0.1,39,0.1880973155787918,0.0313510552276409
1,20,0.06913102637530782,0.18948827685308375,0.12626595169184,0.08687206630098615,0.037248157770888704,0.10917185123699547,0.00023842074770532998,0.00018450984026173,0.3,0.8,0.1,41,0.1975699655615364,0.0302144743842657
1,21,0.06820773442150593,0.18399544501215354,0.11980908261208778,0.09423721293806948,0.04536343777209758,0.11032363067398475,0.00024422578946415,0.00019140936287084,0.3,0.8,0.1,43,0.1668860054304794,0.0373780993378884
1,22,0.06681999677126899,0.17865179776196802,0.11363461015242438,0.10238699845857899,0.03992859506449975,0.10933207413785222,0.00023312992491789,0.0001810644940074,0.3,0.8,0.1,46,0.1797179955914066,0.0306230416858707
1,23,0.06339250120433985,0.17357283936583578,0.1216914547871185,0.1125775959468993,0.05564535381796834,0.10591877048483006,0.00023004435064945,0.00018786071098515002,0.3,0.8,0.1,48,0.156896367280125,0.0321302821765548
1,24,0.06316330059105699,0.16686808724750796,0.10689827028691329,0.10654023636416404,0.04687313802672436,0.10753375353823941,0.00023080004251684998,0.00019361585331177,0.3,0.8,0.1,49,0.1454749845666412,0.0391241742836471
1,25,0.06280017831069633,0.16801903936679108,0.11510963899709761,0.12048333873943698,0.043950848612627116,0.10817194149253073,0.000231231726345,0.00019601485205722,0.3,0.8,0.1,50,0.1494809224809285,0.0410941556830789
1,26,0.062488087427922785,0.16718123063860715,0.11416319807786474,0.12352941902149683,0.03519331359355051,0.10757690166786688,0.00023061858007333,0.00019350717798674,0.3,0.8,0.1,51,0.1476857367735327,0.0361852494640212
1,27,0.06145360730440213,0.16489467683954723,0.11161811634088553,0.13144791395936178,0.034989259564606565,0.10519379621750946,0.00022604562682371999,0.00018510593841775,0.3,0.8,0.1,53,0.1697386454854174,0.0343744084305789
1,28,0.06145756878832645,0.17099094808065413,0.1324689791607965,0.15889357347078883,0.03317184583094312,0.10625731960846392,0.00024901292838749,0.00017715606462742002,0.3,0.8,0.1,60,0.2257230803558912,0.0312679229422932
1,29,0.06098754525684224,0.1659037222275936,0.12643216490877746,0.16390968473830209,0.04400670334961456,0.10846910991787703,0.00025545101651308,0.00017983251132794,0.3,0.8,0.1,62,0.2304974414335992,0.0304601165787142
1,30,0.061437109569290015,0.16279150242535065,0.12258867846647468,0.18490229455355775,0.043582916501014354,0.11205622525939551,0.00055831046056128,0.00020097335896556998,0.3,0.8,0.1,64,0.2018236565273143,0.038796878977699
1,31,0.06000727970225696,0.1595519682246597,0.1257383928661146,0.20224108645951092,0.047943439522689764,0.1117020514014418,0.0005297888534661901,0.00019105176651049,0.3,0.8,0.1,66,0.1991939021422934,0.0349265795941704
1,32,0.05880830629712899,0.16046429113466215,0.13383965897834277,0.21062903868119326,0.037201639687480435,0.10973879210778262,0.00023370770985014998,0.00019102194000708,0.3,0.8,0.1,68,0.2141234554477196,0.0338805061109202
1,33,0.059049467699257424,0.1642849780265418,0.14514803115775082,0.22161039640307859,0.033567687187631465,0.11024470218721945,0.00038400233870762,0.00018987622933217002,0.3,0.8,0.1,72,0.1844854312424169,0.0364501205315556
1,34,0.05750776671303609,0.15770151549517647,0.13077978517632655,0.2207129686935783,0.041024032854363054,0.1064990960605413,0.00024709277228422,0.00018468068621937,0.3,0.8,0.1,73,0.1321430679366163,0.0329732635880615
1,35,0.05726381485093536,0.16017022195761083,0.14056029232446057,0.23748671669295246,0.033307242163396256,0.10646827918099973,0.00024124245638712,0.0001847105741014,0.3,0.8,0.1,77,0.2207568242954982,0.0314709122212627
1,36,0.05488629701190987,0.15772156876309718,0.1516250273669267,0.2507640198581556,0.04995931251206896,0.10423837077672728,0.00022141429893288,0.00018785450501552,0.3,0.8,0.1,79,0.1482391377573907,0.0329119805462533
1,37,0.05513492173725017,0.1528067339069617,0.13890312700132332,0.25813422379695133,0.034896620942063604,0.10606953825027464,0.00024697281490307,0.00019171352434005,0.3,0.8,0.1,82,0.134999944671933,0.0377688710242809
1,38,0.05586048595135548,0.1592544333758899,0.16003415891455264,0.28357008381255283,0.03456755402749793,0.10842791350419081,0.00074251286254044,0.00035305960886019996,0.3,0.8,0.1,87,0.1235939586967617,0.0355000940788579
1,39,0.053513976821551706,0.15505305590315668,0.16223373553426884,0.3124006130128422,0.0418793611635152,0.10588874732885661,0.00026143343714466,0.00019229461141711,0.3,0.8,0.1,90,0.1481261705703797,0.0362361347746442
1,40,0.0535841327962757,0.15873510661849566,0.17341033478101545,0.32293445140301674,0.03250033377604579,0.10617092813176195,0.00026910211933779996,0.00019793522984187998,0.3,0.8,0.1,92,0.1510350803645004,0.037805502033126
1,41,0.053470974694989036,0.15834428899771427,0.17296391725851884,0.3340739610117631,0.03256885327756064,0.10601190828497253,0.00026214763484295,0.00019210445004324,0.3,0.8,0.1,94,0.2177743530360524,0.0362527840426133
1,42,0.053092960090500116,0.1745078731137348,0.2262968645930843,0.4080625049333258,0.03281588778783395,0.10607403524954714,0.00030140447060671003,0.00018994608606075,0.3,0.8,0.1,107,0.163100293721142,0.0384653074874127
1,43,0.05231989072428058,0.17226095970881283,0.22375529669985575,0.4219506910645608,0.03343242038249568,0.10417703114316629,0.00043746644752356006,0.00018380436093959,0.3,0.8,0.1,110,0.1296161067396938,0.0435998867064887
1,44,0.05126482408854473,0.16335794379231447,0.22006790686396038,0.438173644589065,0.0908242801415535,0.10905500872319895,0.00026027556305157,0.0001760054395757,0.3,0.8,0.1,111,0.1213855317038367,0.0332726272066041
2,0,0.910667562493982,0.9699205576908092,0.9649583727181744,0.13955712942358386,0.0,0.0,0.0,0.0,0.3,0.8,0.1,1,1.1361861070695731,0.7479916365581858
2,1,0.5977371782303231,0.8493736708919982,0.8130357466854494,0.13057490837549993,0.334625762105841,0.09143070426933643,0.00043479929989128995,0.00028662929512683003,0.3,0.8,0.1,3,0.7189144603134359,0.4675689842327974
2,2,0.4422511321062019,0.7506936632142757,0.7046383600164241,0.10832681922951248,0.44369005337456047,0.09886554563955607,0.00024293991551614,0.00015589925462139,0.3,0.8,0.1,4,0.5728235192000226,0.2227387124912495
2,3,0.42189581034428736,0.7381556673008574,0.6835507016680387,0.10417505413079133,0.0829717553598832,0.08974019235520649,0.00043311584232746004,0.00049183127189925,0.3,0.8,0.1,5,0.4752751814668667,0.3432827394233544
2,4,0.3572731390735774,0.683114627060394,0.6191553285287138,0.09282002361800032,0.2585379900435722,0.09621645049420906,0.00013723583542083,5.695755124713999e-05,0.3,0.8,0.1,6,0.4247940886708974,0.2771739611140004
2,5,0.30572426057146646,0.6335404146913467,0.5750462787765267,0.0868357932113897,0.10118535113718703,0.09887832724463645,0.00035337511133607996,0.00010818313104944001,0.3,0.8,0.1,9,0.2774779709687088,0.1282389049526312
2,6,0.304881815818601,0.6331953190170816,0.5746513768594783,0.09129661926797927,0.03343625437923783,0.09893915051060216,0.0002762527442735,0.00011227382837713,0.3,0.8,0.1,10,0.3027754163295568,0.1826519587150727
2,7,0.2748455078858352,0.602097482256757,0.5449083430815013,0.08457476499188844,0.18417474091670158,0.10655073892069156,0.000574920841014,0.00017600768897197,0.3,0.8,0.1,11,0.2304973839401959,0.0864054779106154
2,8,0.26885505181815844,0.5985058278262128,0.5475582419639997,0.08889028925608465,0.04881005601640701,0.10829052139801511,0.00043968994805216997,0.00016929505501956998,0.3,0.8,0.1,13,0.2894706911168686,0.1462154366770644
2,9,0.23892942048642993,0.5635242403585679,0.5137349578832653,0.08818771426138822,0.11211669952509754,0.1077347714790565,0.00044215885884042,0.00018392971990569,0.3,0.8,0.1,15,0.2197149291196275,0.0994056005818244
2,10,0.21707031172763808,0.5350139324184747,0.48011991253810393,0.0942545100686217,0.10751141731883057,0.11602725995995154,0.0003740210319836,0.00018377933834183,0.3,0.8,0.1,17,0.2383404396795046,0.1575652681922465
2,11,0.20867242596327015,0.5256180026962839,0.4694085043609617,0.08926823513925769,0.07825449594308324,0.11109202160347138,0.00044692213780228005,0.00018914286766277,0.3,0.8,0.1,18,0.198497592417301,0.1415447102488573
2,12,0.17135022838713204,0.4576833700392897,0.3971547249080915,0.07202122141072068,0.30088526487446166,0.11137861915501325,0.00044747233808555,0.00018980376329847,0.3,0.8,0.1,19,0.1488260261804766,0.0907650267187976
2,13,0.17170773928834862,0.4579218664032481,0.39735132590091293,0.07664714079418802,0.035346519455129725,0.11301363549962573,0.00044964548207966003,0.00019209967409979,0.3,0.8,0.1,20,0.1482540161225412,0.1011847898011993
2,14,0.15489142128932104,0.43672754643766953,0.3723685704726216,0.07641730435256373,0.19100500337814788,0.11879085240448146,0.00049506741282146,0.00019774480392645998,0.3,0.8,0.1,21,0.1996446876623032,0.119277113648474
2,15,0.15112909335711638,0.4146961678064507,0.3468035577683394,0.07116589192015975,0.06353027841446865,0.11754058942757065,0.00020922115218193998,0.00012264571884745,0.3,0.8,0.1,22,0.1695163159780514,0.0637573958036493
2,16,0.11712730677230815,0.3335090997100381,0.2590395808497482,0.053616783784747976,0.3882935031986162,0.1185881545134327,0.00045735918683475,0.00019506530635086998,0.3,0.8,0.1,23,0.1260231702956091,0.0762269830880634
2,17,0.11708232986216151,0.33339461671533077,0.25890734743546834,0.061008283876787466,0.03610297667450702,0.11855682977890361,0.00046054726414470996,0.00019520350286165,0.3,0.8,0.1,26,0.1262455568281993,0.0763975392251763
2,18,0.11748785742742703,0.3291947076616138,0.24695958377626237,0.06741358908693394,0.04294965543271927,0.12137584270121642,0.00056185379356631,0.00018801768357181,0.3,0.8,0.1,27,0.1295642703253429,0.0790131063079089
2,19,0.11571817195269136,0.3265666517069187,0.24411800295794542,0.07937740712400318,0.038098569940122506,0.1168985554490747,0.00057458253033924,0.00018010588696099002,0.3,0.8,0.1,29,0.1272644504355294,0.0786829438890819
2,20,0.10724887294238959,0.30255697157751316,0.22283371595759907,0.0677152206975815,0.15659897547705443,0.12129087285988437,0.00055870926650219,0.00022285476826309,0.3,0.8,0.1,30,0.1154972264479348,0.0741616224514793
2,21,0.10724886473502936,0.30255691757834463,0.22283365373541494,0.09576007982974237,0.0368565822321173,0.12129087756540426,0.00055871085050304,0.00022285426815753,0.3,0.8,0.1,33,0.1154971319479982,0.07416155988742
2,22,0.10410342431429435,0.2967220834080787,0.22296518156839085,0.11286822599752737,0.04637118640825476,0.1207409420893762,0.0005606387056688101,0.00023714238717304002,0.3,0.8,0.1,37,0.1327231311654876,0.0581580073841297
2,23,0.10426598981483177,0.29676823772809635,0.2229833647802424,0.10766752536852812,0.03708518925159563,0.1213821308010522,0.00058939553615517,0.00024093227713129,0.3,0.8,0.1,41,0.1330655178825118,0.0602828158463278
2,24,0.10238338229954193,0.3001702816174288,0.24090176050238796,0.17848678624268474,0.03675084490466669,0.11851585191894845,0.00052866945803159,0.00019122217812865002,0.3,0.8,0.1,58,0.145074850994782,0.0801077068653866
2,25,0.1026197358782288,0.30730792969991716,0.26294375679772747,0.19383744709571918,0.03724464015208907,0.12014358375874085,0.00050472658802212,0.0002016597158457,0.3,0.8,0.1,62,0.1592237913330594,0.0907600561412081
2,26,0.1026197358782288,0.30730792969991716,0.26294375679772747,0.2110700071915142,0.03646705401645925,0.12014358375874085,0.00050472658802212,0.0002016597158457,0.3,0.8,0.1,66,0.1592237913330594,0.0907600561412081
2,27,0.1003022029860593,0.31353588330412885,0.2977331260900898,0.22546706930159774,0.04939210421383923,0.12177270477886432,0.0004629592511155,0.00018834881629745999,0.3,0.8,0.1,69,0.161713172855679,0.082884142154504
2,28,0.09982211265816855,0.30072368738119426,0.26209484102243663,0.26333565591841046,0.03759885272781128,0.12186116850927482,0.00047162389540224005,0.00020549848606100002,0.3,0.8,0.1,80,0.1637973455503932,0.0856236397124248
2,29,0.09976897896435394,0.30786308667287887,0.28420898704317477,0.26978772987301836,0.03835563078655016,0.12201015109072251,0.00047315949328718997,0.00019880567378205002,0.3,0.8,0.1,81,0.1656296750776107,0.0855330220406261
2,30,0.09974856774971334,0.30402725969435224,0.2728341567727375,0.27328847288716823,0.03763925984013532,0.12206022485043136,0.00048389254287161,0.00020437011804997,0.3,0.8,0.1,82,0.1625507488755025,0.0857955996458602
2,31,0.09949107498832382,0.3103546553291046,0.2939934185464963,0.28524796819046777,0.03958883469308455,0.12238711726290027,0.00048583806597595,0.00020372709266837,0.3,0.8,0.1,84,0.1423558220812654,0.0879906930168039
2,32,0.09890963232155725,0.31553492644352604,0.31381268763791276,0.3111626125479741,0.046994919615650374,0.12280065937361447,0.00048236965643612997,0.00020350659401946,0.3,0.8,0.1,85,0.143975492096618,0.0879427945039789
2,33,0.09644045659303636,0.30529130407340155,0.2951055301800317,0.3060700838699887,0.04121329832927943,0.12021794310765935,0.00047906800254986,0.00018608621505953,0.3,0.8,0.1,90,0.1409301598189798,0.0783896613991571
3,0,0.8823259510512128,0.9597824442282009,0.9531478544150143,0.1381654874419559,0.0,0.0,0.0,0.0,0.3,0.8,0.1,1,1.2456617557445884,0.7539455818988462
3,1,0.8804387367678118,0.9600436889877285,0.9532063673884814,0.14361499516271703,0.004024696314067147,0.004966756629198212,1.9792757536445508e-07,6.026202725262165e-09,0.3,0.8,0.1,3,1.2454964698509703,0.7477545511809269
3,2,0.43559576031120373,0.7456252584814492,0.6987931143670701,0.10665621837773062,1.0295102166310814,0.09759471176328892,0.00024619586123779,0.00034846413104312,0.3,0.8,0.1,4,0.5993296046569404,0.2305981985923723
3,3,0.4226490151438459,0.7394081416681754,0.6984744225170243,0.1102953518638903,0.049579951372146415,0.09717420391123713,0.00024129028677632,0.00032656473092976,0.3,0.8,0.1,6,0.5766243167506897,0.2250903455693662
3,4,0.4140556065162959,0.7289913721554043,0.6794147921137796,0.10852354172879891,0.05772614439009847,0.09816994089595649,6.39733390232e-05,0.00010290880595891,0.3,0.8,0.1,7,0.6826606604902854,0.2361447704507461
3,5,0.3361259672935941,0.6644789707353409,0.6111909766482075,0.09391574995926648,0.3100225508283106,0.09732799399585551,0.00014932409772779,0.00019375602856178,0.3,0.8,0.1,8,0.5408224329696906,0.1802495092078508
3,6,0.29769981286522484,0.6257880725294425,0.5662795939881805,0.08677424865234153,0.10771199044081133,0.0937802778467082,0.00022267030531257,0.00041124645985034003,0.3,0.8,0.1,10,0.507258120467456,0.2475739995673119
3,7,0.30116040309113723,0.6282554091704248,0.5681907138284752,0.09751024563332436,0.04492038783813906,0.11313522930248766,0.00028928605066441996,0.00020428502182090997,0.3,0.8,0.1,11,0.4277817878431785,0.350892472588759
3,8,0.2514576776678428,0.5741267897137433,0.5129963836306294,0.08336401280759918,0.242886162315728,0.0937827670790687,0.00023407370404036,0.00040827216225613,0.3,0.8,0.1,12,0.4531068287093236,0.1777391253180362
3,9,0.25337163618802594,0.5762012647488681,0.514669195818179,0.0824857879243931,0.0466727021560409,0.10779706311463468,0.00054773751796732,0.0009491713540155799,0.3,0.8,0.1,13,0.4486659185151022,0.3176745917631739
3,10,0.20210336476854776,0.5059834902369993,0.4400412164106703,0.07338356601336078,0.32578047793623827,0.1027019503205581,0.00042782489226932,0.00074621365330157,0.3,0.8,0.1,14,0.3727250996210982,0.1832557733300876
3,11,0.1994548429264939,0.5053804301307306,0.44624097483468433,0.07888457753713402,0.04004771762560157,0.10270195009795689,0.00042782489618038,0.00074621364717327,0.3,0.8,0.1,16,0.3767779661907325,0.1589200902923902
3,12,0.1952317247252802,0.49849585703846794,0.43823327772480275,0.08221527982677247,0.04050920456200259,0.10244203486260678,0.00042878224233404004,0.00074765433157625,0.3,0.8,0.1,19,0.3583197435188298,0.1867961818623701
3,13,0.19323948813671588,0.4992424417427584,0.4460926632171168,0.08807560341669965,0.032294837314659965,0.10067632304246667,0.00042893503280062005,0.00074829141001818,0.3,0.8,0.1,25,0.3750375397381783,0.1843537820145439
3,14,0.19158351361275663,0.4920943218010977,0.4307046575228411,0.0850833316944832,0.04972944582477592,0.10387948784112008,0.00042827379128353003,0.0007465597249600401,0.3,0.8,0.1,26,0.3592712262160495,0.151944073560829
3,15,0.19236201863885144,0.5070607379585185,0.475453593223878,0.12893213776575133,0.034787960651239326,0.11038628425195178,0.00029645420559164996,0.00018367368716336,0.3,0.8,0.1,31,0.3559492002156777,0.2508973421479293
3,16,0.16218157348511872,0.44747015499399856,0.3991194311264216,0.11693348616261341,0.2639832234156251,0.10967760095445628,0.00055668164966448,0.0008817865847064101,0.3,0.8,0.1,32,0.3276528883982054,0.18604855530647
3,17,0.15972175407022376,0.4426354602438763,0.3935110079101229,0.11834937214619262,0.052638147182201,0.10925102043972496,0.00053378832313061,0.0008995972329000001,0.3,0.8,0.1,33,0.3269793245056525,0.196635531744118
3,18,0.14623978055974254,0.417293293718679,0.3708431035200182,0.11870203210486141,0.06383343615690158,0.1103734405871466,0.00050299614899165,0.0006426619297968501,0.3,0.8,0.1,37,0.3084942598560873,0.1633748750215923
3,19,0.13999141616272814,0.4177389785275538,0.398948350341287,0.161319149731724,0.03971351048406861,0.11045662073475364,0.00062031547303423,0.0008393451886761899,0.3,0.8,0.1,47,0.2871472404725023,0.1727776345110638
3,20,0.1386571803157141,0.4113402613059591,0.38464468890767706,0.18144708228732154,0.03827940432974338,0.10940552812816325,0.0006182162451552401,0.000806755539754,0.3,0.8,0.1,49,0.2914782477792784,0.1772009404020099
3,21,0.1386408895884448,0.4150261278889403,0.39584238513682735,0.1823675713687158,0.03341943790644547,0.10936569023391922,0.00062089215554067,0.00080865168943219,0.3,0.8,0.1,51,0.2907008587824213,0.1776686269367586
3,22,0.13813089990084065,0.4139780282693922,0.3946387600624823,0.1816460925680503,0.037199303256201514,0.10928814388164024,0.00053686411036852,0.00066108335122183,0.3,0.8,0.1,52,0.2912603737974639,0.1497100477979953
3,23,0.13297291915743747,0.4019021148782227,0.3806020131762506,0.18773344038274034,0.057598842467704546,0.10858264742957788,0.00056658634150831,0.00064116485438274,0.3,0.8,0.1,54,0.2858628354839759,0.1440537951797758
3,24,0.13165795067619174,0.39859618239945843,0.37674101477880706,0.19324631158737135,0.04701634829252381,0.10874802549930723,0.00057665540115302,0.00065153770430857,0.3,0.8,0.1,55,0.2821366053473605,0.14596739997762
3,25,0.13145139302785225,0.4015610968081777,0.38707053497016064,0.1992938257420466,0.03705816069994472,0.10922218625474085,0.00059873803269732,0.0006735026223304199,0.3,0.8,0.1,56,0.2759503986580843,0.15280604382644
3,26,0.13106298617890916,0.40045742907707965,0.3857686326747581,0.20230010765998624,0.03836724274997666,0.10976027030147892,0.00051625110674768,0.0006986501471748,0.3,0.8,0.1,57,0.2885749385939076,0.1503217521576549
3,27,0.12935448770024413,0.3934093902851346,0.3707565749131231,0.20417310984160367,0.03654715434734624,0.10767536963796184,0.00054376273020027,0.00061655582076802,0.3,0.8,0.1,60,0.2818306505470719,0.1387071066063077
3,28,0.1254165096729091,0.3832498185489849,0.35890157078187906,0.2111545447767857,0.05411095113699981,0.10807555876145179,0.00054094081352035,0.0006147650881022,0.3,0.8,0.1,62,0.2757220070008427,0.1345458373052747
3,29,0.12470120957404139,0.3853418175458827,0.36826450415613293,0.2300723721691578,0.035817960579917166,0.10768458280580305,0.00051754171896194,0.00054493085883137,0.3,0.8,0.1,64,0.2765336618995908,0.1311596723833058
3,30,0.12359431943812116,0.3815956281821579,0.36381100550057327,0.23270673734563196,0.0392109118431309,0.1093357512691786,0.00056300976467626,0.00064225503737039,0.3,0.8,0.1,67,0.2635389375587862,0.1399832790315195
3,31,0.12281686737216821,0.38406893065800024,0.37367594184962394,0.2516936322130414,0.03435653718589254,0.1077906135187582,0.00053038891829163,0.0006033935233069699,0.3,0.8,0.1,69,0.2708205799215805,0.1322043375423152
3,32,0.1221933666313974,0.39353472688427665,0.4054070475841359,0.2845456702465263,0.033833008336424254,0.10778862892828805,0.00055022641513995,0.00062589970115167,0.3,0.8,0.1,76,0.269257604347971,0.1369260001111487
3,33,0.12049374105424383,0.38866136995426376,0.39969433360894707,0.29727174765031367,0.04004826981459584,0.10854440039657065,0.00053678093634139,0.00061285098867855,0.3,0.8,0.1,79,0.261168442026607,0.1348051465702353
3,34,0.11976106137225312,0.3903714674794385,0.40858551949979216,0.3171433472382906,0.0372411129679854,0.10859869151797563,0.00054106363016054,0.00061266267278964,0.3,0.8,0.1,81,0.2583239776128,0.1335784041021037
3,35,0.1177589464419627,0.3807187509069851,0.3903904376898871,0.30235419692836163,0.04193042883780511,0.10955036999764659,0.0005468234460056099,0.00060562202156298,0.3,0.8,0.1,84,0.2666839370187615,0.1342502844614126
3,36,0.11639828127066641,0.38117182464648,0.39786678842934525,0.3150672336926647,0.039222589991054796,0.10868439933391862,0.00052299053067155,0.00058679345207918,0.3,0.8,0.1,86,0.2681517005247168,0.1378122478250779
3,37,0.11446922628211022,0.3718448928082322,0.3800780216312889,0.3275145204804299,0.04505380183911501,0.10880273332684665,0.0006113468474298401,0.00079580987316249,0.3,0.8,0.1,88,0.27858629138247,0.1356575420056744
3,38,0.11234417234202063,0.36561283789653104,0.3728009381213272,0.33288850176813095,0.05944409522453992,0.10920821554939321,0.00061052254893964,0.00061148764330317,0.3,0.8,0.1,89,0.2742587630470396,0.1383422244018434
3,39,0.11092361010646667,0.36525837098707115,0.37929357885649373,0.3493727365793867,0.03885324722377462,0.109140717312588,0.00061208155953986,0.0005984603187556,0.3,0.8,0.1,92,0.277534060531354,0.1364482867485161
3,40,0.11072307390666779,0.368394387773359,0.3898498619402766,0.3741649599879965,0.033679730252609064,0.10912570742959028,0.00061245631405939,0.0005973111308015401,0.3,0.8,0.1,98,0.2779384176931295,0.1361137456887226
3,41,0.10970548430143395,0.3691982455840702,0.3976943570438315,0.37686244030546356,0.04510057889722543,0.10894424476393648,0.00063742563621846,0.00059051600720831,0.3,0.8,0.1,99,0.2759814551448055,0.134917637607725
3,42,0.10863381886223579,0.36584601434770053,0.3937730310156369,0.39368390924622887,0.03619613729061431,0.10920842688904334,0.00065455968095269,0.00063495573411411,0.3,0.8,0.1,104,0.2787315495998191,0.1336515063219789
3,43,0.10813770902907972,0.37923582632511654,0.4369824497374769,0.48542502703992985,0.03399998230774101,0.10928875031058023,0.00061384918635462,0.0006107070744239701,0.3,0.8,0.1,113,0.2723417499319974,0.13449205551923
3,44,0.10757889559285128,0.37404034236777056,0.42404290596519956,0.4555163682224219,0.038987352722457,0.10887818191076791,0.00065639522969781,0.0005754162040413999,0.3,0.8,0.1,114,0.2673208669363152,0.1380957644835657
3,45,0.10748486808440533,0.37765362979095085,0.43516972375542073,0.4703107053467325,0.03316496086865089,0.10882380251351785,0.00056132925057143,0.00057670722485807,0.3,0.8,0.1,116,0.2672828691312829,0.1374832027409781
3,46,0.1072150746502392,0.3730747906573628,0.42292838702928914,0.4663213341782251,0.036885622065764505,0.10878130367298848,0.00061552269350306,0.00056840830904474,0.3,0.8,0.1,117,0.2704068905194139,0.1328291850824044
3,47,0.10715642273404792,0.3766375693778775,0.43398343718624105,0.4775084128704513,0.03372379992238755,0.10872315569537001,0.0006190936741078,0.00057553440983539,0.3,0.8,0.1,118,0.2681627202760085,0.1335361419727524
3,48,0.10687158712042501,0.3872390152679241,0.4670669733347212,0.545362907137963,0.03314890800941701,0.10819400088128626,0.00061084703355842,0.00062217217661849,0.3,0.8,0.1,129,0.2674344876559513,0.1379294286307411
3,49,0.10675118691536413,0.38684860608224286,0.4666098982842315,0.5759812664379274,0.03343907777389044,0.10826693093925793,0.0006009699868742,0.00062069734508353,0.3,0.8,0.1,133,0.2671886565771545,0.1382331109515813
3,50,0.10674385018639629,0.3905420603160078,0.4778152121742762,0.6263391772184108,0.03303036390692286,0.10833985564643177,0.0005726599578087,0.0006033979027437501,0.3,0.8,0.1,139,0.268154834954766,0.1377097622368969
3,51,0.10587025201118867,0.37926125077717865,0.4507704315655108,0.6102798810362778,0.03974449910573838,0.11011760525661764,0.00064102588499571,0.0006990407843715199,0.3,0.8,0.1,142,0.2755631954845844,0.1563855805039938
3,52,0.1053695276789067,0.3888668183259685,0.4826674354035201,0.6687635417223926,0.034246693215381915,0.11011788415024641,0.00063948765005629,0.00069973158966033,0.3,0.8,0.1,152,0.2772155191341393,0.1565116478448443
3,53,0.10530714241270252,0.3849655458956239,0.47122043182068035,0.6687102336005472,0.034398481475864155,0.11011753371951481,0.00063904588913255,0.0006993758466444,0.3,0.8,0.1,153,0.2774959733297886,0.1564922852486348
3,54,0.10529140571701698,0.39605570818937086,0.5048471857826975,0.7162798285546715,0.033638289967477975,0.110115893704135,0.00063673037561304,0.00069950586345945,0.3,0.8,0.1,160,0.2771885640399812,0.1565468976774086
3,55,0.10376974421120312,0.41150294074425164,0.5640910453382941,0.7080889333886653,0.041063760055783605,0.10959138053365598,0.00174820026377158,0.00338110630513243,0.3,0.8,0.1,165,0.2669126640720513,0.1347146864340251
3,56,0.102789717561538,0.41901831797543854,0.5935127334095252,0.7711777781443988,0.035920165075526735,0.1095986910927954,0.00204966725334712,0.00338418642195754,0.3,0.8,0.1,180,0.2671727650455527,0.134754603462495
3,57,0.1027151921651842,0.42595144630825044,0.6153749205987232,0.8151634009357075,0.035286371683584845,0.10961994285421638,0.00218605797894888,0.00338881165577837,0.3,0.8,0.1,188,0.2673721157150767,0.1347741999807019
3,58,0.1025891985380806,0.43687799284333695,0.6488253242471681,0.8293567459087381,0.03512810856943107,0.10957169450371548,0.0020897572149628798,0.0034157646546045,0.3,0.8,0.1,190,0.2677528436746637,0.1350218128657408
3,59,0.10197214824024137,0.4279116967973923,0.6246072974623078,0.8362829231294341,0.04025683356866592,0.1095492001280206,0.0018631801923109,0.0033627226381095997,0.3,0.8,0.1,191,0.2675113094994169,0.1348543174860289
3,60,0.10121008570219772,0.41796980870171807,0.5992151585468961,0.8451067102381846,0.036833150266081624,0.10958707728928727,0.00189405917495543,0.0033477247143012096,0.3,0.8,0.1,196,0.2583060459181506,0.134778288078936
3,61,0.10105720047621819,0.4251011719327305,0.6213423727262881,0.8698528967650866,0.03546576434408428,0.10959616930839827,0.0017594675067796502,0.0034905589699852197,0.3,0.8,0.1,197,0.2732566046395214,0.1348640475642651
3,62,0.10083966119171175,0.42041338561640074,0.6089586661948485,0.8736073899661271,0.03929045100823017,0.10959732173596234,0.00191395214551183,0.0034865046404312303,0.3,0.8,0.1,198,0.2728987909135625,0.1348112963644096
4,0,0.9518277061915327,0.9841169744512519,0.981496768910909,0.1449475196063653,0.0,0.0,0.0,0.0,0.3,0.8,0.1,1,0.9529658401543184,0.7529004685719708
4,1,0.6163444532957948,0.8601039396276675,0.8252507537014706,0.13481132058124276,0.34674986930632046,0.09723798516880626,0.00040644287909951,0.00039315651752062995,0.3,0.8,0.1,3,0.6478921699516307,0.4675689842327974
4,2,0.5488382668890956,0.8217613223290726,0.78742196427217,0.12816992994684065,0.18857443364321896,0.09908193389593145,0.00021503712344727,0.00021536273207752003,0.3,0.8,0.1,4,0.6834749333554737,0.3350727403319935
4,3,0.4202049435422264,0.7370017651015199,0.6817582229832011,0.10580900041837962,0.39275569203562527,0.0986997070149852,0.00042329030508952997,0.00086321413099359,0.3,0.8,0.1,5,0.4938249179937591,0.3432827394233544
4,4,0.35109288265599464,0.6782571700547099,0.6134954926605172,0.09147932983925335,0.26792402014159705,0.09625301766141461,0.00012513445149072,0.00010843140653789,0.3,0.8,0.1,6,0.450828922346586,0.2771739611140004
4,5,0.3446075774169743,0.6689365903338759,0.6093666176161601,0.09779062671745711,0.05921946032875496,0.0986997070149852,0.00042329030508952997,0.00086321413099359,0.3,0.8,0.1,7,0.4033575775894654,0.208612549720632
4,6,0.28742515750499226,0.6098410148522715,0.5406950231649987,0.08392929958879215,0.26842469300798216,0.0962530176614146,0.00012513445149072,0.00010843140653789,0.3,0.8,0.1,8,0.382099718461283,0.1584348162715215
4,7,0.2872003796785235,0.6095863020423803,0.5403982864677581,0.07939896520265823,0.030034313138133994,0.09625301766141461,0.00012513445149072,0.00010843140653789,0.3,0.8,0.1,9,0.3818878797925856,0.1589280528271595
4,8,0.28387116529388795,0.6092536753263886,0.5465218857584029,0.08336733127854458,0.058191883104419785,0.10393761770655785,0.00019905583397381,0.00017233980504619,0.3,0.8,0.1,10,0.3982768703883663,0.1791582668626593
4,9,0.25050957633676335,0.5717757280211571,0.5096284482362428,0.081976628975567,0.20506704055596248,0.10593305008045013,0.00042918615139014,0.00052606687902106,0.3,0.8,0.1,11,0.3069106074770922,0.123013883842393
4,10,0.20874663077917444,0.516638665709953,0.4524625083114376,0.09689083403505983,0.052933907411505526,0.10285034962223105,0.00035351732807818996,0.00038970417685051,0.3,0.8,0.1,22,0.3186443938735866,0.1141517129393373
4,11,0.2023031121359721,0.5100074685665418,0.451639613589076,0.10136057726742673,0.05215037723596979,0.10285034962223105,0.00035351732807818996,0.00038970417685051,0.3,0.8,0.1,24,0.3163377330708282,0.1231255675797138
4,12,0.19017289112712407,0.48701974444060697,0.41812606271164077,0.10073656819449618,0.055306049850730545,0.09780670707877849,0.0009614612422825001,0.00043452839625773,0.3,0.8,0.1,27,0.3352559118312202,0.1869353744111325
4,13,0.1813484386191836,0.467171077348491,0.3879267615506977,0.10212781924786812,0.06659170993863259,0.10129591162043967,0.0009699349498978,0.00044570978358618,0.3,0.8,0.1,29,0.2976032858382129,0.1748264215126106
4,14,0.18096965692552444,0.46847510969532713,0.3959897728674627,0.10816609801806959,0.039674511139869105,0.10879074024589672,0.00087846782536309,0.00041520843776432997,0.3,0.8,0.1,32,0.3018141435066962,0.1649774091509844
4,15,0.1752214899181657,0.4625705270852582,0.39002757487118767,0.12431059606098735,0.02854501696669258,0.09017118388903703,0.0009162287144461,0.00041878023853873,0.3,0.8,0.1,34,0.3243604595718892,0.1659138017716701
4,16,0.1693988669736277,0.45114507434238676,0.38279963105299675,0.11796173308754097,0.11575032428609978,0.1066247720112081,0.0009577061463033399,0.00042506096122877003,0.3,0.8,0.1,35,0.2911650481832388,0.1678815496537679
4,17,0.1633478178320573,0.4442866815225513,0.38192438432527004,0.13072073536103698,0.044264983953244186,0.1024627114082024,0.00091482051818489,0.0003827392489531,0.3,0.8,0.1,38,0.2909314506189088,0.1633204815196365
4,18,0.15245996794236222,0.41525566988146545,0.3343420347261597,0.12267220699956774,0.04913989369646448,0.10145756160489479,0.0009628817638436199,0.00044751311864909003,0.3,0.8,0.1,43,0.2799444365419332,0.195224967038066
4,19,0.14135019139109037,0.39451589089419525,0.3171019916011797,0.13945778737001585,0.08065946047001096,0.1010218748363456,0.00098055013878713,0.00046599150659026,0.3,0.8,0.1,45,0.2665403848996228,0.1885656714813461
4,20,0.13863568410872185,0.3856443031827696,0.3128854176761368,0.17083464639939278,0.05377489016239747,0.11712848592418515,0.0008971283098794501,0.00031861011880254,0.3,0.8,0.1,49,0.2140818234308469,0.1140608256721178
4,21,0.1342710028700162,0.3807677775861152,0.307865951046375,0.15003542470121392,0.03362485379521734,0.10360219578886931,0.0009483200238889799,0.00038734336757137997,0.3,0.8,0.1,51,0.2314837925177946,0.1477139887314256
4,22,0.13772212594382577,0.38378821709544103,0.31076385131072126,0.18556011702830424,0.03718184226654358,0.11629886042748114,0.0009005306015752101,0.00031195660501182,0.3,0.8,0.1,53,0.1757306100871735,0.0860779059387354
4,23,0.13577782151275702,0.3819996235120036,0.31549010046183623,0.20029232738189365,0.04868881847546955,0.11815395256751576,0.00090330569664959,0.000321048704581,0.3,0.8,0.1,55,0.2042805289507732,0.1074434507190025
4,24,0.12847014385856145,0.3701353524437325,0.3023606063952165,0.1895821695398438,0.047855943427438374,0.10346237569667194,0.00116556727576326,0.00034714566083633003,0.3,0.8,0.1,57,0.2337126061434651,0.1462467377538619
4,25,0.12658424239318272,0.368413084201976,0.307172912373995,0.1815535600189177,0.04079702875462823,0.1056317658173948,0.0009798691331096,0.0003878331874409,0.3,0.8,0.1,60,0.2181983194243699,0.1330366498720162
4,26,0.12728328025867514,0.37219009576424567,0.32481427128349216,0.1997179524198425,0.05031003088675352,0.11608782261654803,0.0013321597182372,0.00033933287207182,0.3,0.8,0.1,62,0.2279582947835841,0.1343831017423847
4,27,0.11212775337402908,0.3335311550085569,0.28005444919659067,0.1999090425774501,0.07236693306494407,0.11062646551860178,0.00128519967965353,0.00033025218583655,0.3,0.8,0.1,66,0.2053637548779385,0.1140488192816043
4,28,0.10640790406895655,0.31548722435157167,0.2589512990513721,0.19828563795865004,0.11123898882126333,0.11228213543172691,0.0012904727213925399,0.00032476722457931,0.3,0.8,0.1,67,0.187609630865189,0.0961924282615324
4,29,0.10579013705422645,0.3100348941805183,0.2457097480586402,0.2025767948290456,0.03696358034523081,0.11264419987112619,0.00105950680935765,0.00032832643057119,0.3,0.8,0.1,70,0.1878181325738915,0.1034275565012867
4,30,0.10542822298325656,0.3160825478470033,0.2665391814458954,0.21377304924813806,0.03634255201718652,0.11233724106278417,0.0013291589894664098,0.00032627513431988996,0.3,0.8,0.1,74,0.1843967478677403,0.0967499329218737
4,31,0.10255655514905533,0.3129643239316677,0.27659536715388466,0.270213585619884,0.038810396289578775,0.11542484217692044,0.00104981943384991,0.00030616530283668,0.3,0.8,0.1,88,0.1797630477133891,0.0978220783894234
4,32,0.09894717721393219,0.31412918261005957,0.2921555949417476,0.3018627340316888,0.03505977777454161,0.10703740265180432,0.00116759295509052,0.00035568124618272996,0.3,0.8,0.1,96,0.1932790586831824,0.1112973771086274
4,33,0.09950838949183834,0.3098613335481511,0.28010675187927364,0.3056687280818366,0.04080526652652329,0.11071660556111429,0.00111288876536096,0.00034633937708667,0.3,0.8,0.1,97,0.1932377181304319,0.0990091551930174
4,34,0.09904240526377774,0.3087254097938949,0.27881123974227107,0.31334872828800736,0.03796613688830555,0.11009637752482836,0.0011338478362175899,0.00035274455872358,0.3,0.8,0.1,98,0.202965866607932,0.1024740738898052
4,35,0.09729774124735804,0.3239584725654422,0.3312417915518068,0.3558176695787549,0.033960436717503546,0.1056485907981525,0.00148994517821762,0.00033461240260536,0.3,0.8,0.1,107,0.1779568430763026,0.0973747742010396
4,36,0.09582750366908865,0.3072015521543882,0.28432228999478215,0.36751214819603983,0.034263309272540024,0.10228536325079413,0.00115163123840874,0.00036036800719431,0.3,0.8,0.1,108,0.198545355349348,0.1225940418640781
4,37,0.09718787587615081,0.308410689043338,0.2854956173850414,0.41950753838718546,0.033158976010866356,0.10543916700392743,0.00175117429049691,0.0003663734325594,0.3,0.8,0.1,118,0.1879472955218253,0.115659873821632
4,38,0.09561758709457772,0.3007694429153603,0.27642421432767655,0.4472897298034859,0.0400570684613976,0.10733860230448317,0.00232480160712858,0.00035968947452643004,0.3,0.8,0.1,124,0.1913398662731847,0.1076259328964707
4,39,0.09554651459083403,0.3074703312333108,0.29800167786569487,0.4864788818161606,0.03484286932529145,0.10813743697988686,0.00227728776629597,0.00035964066169189,0.3,0.8,0.1,131,0.1937733587036589,0.1123747599943648
4,40,0.09305175400519737,0.3023513537075161,0.29226959084528176,0.4934577841766042,0.04825282522561339,0.10454947849834817,0.00186988209474301,0.00035795223491491004,0.3,0.8,0.1,132,0.1926288637479237,0.1144183741651267
4,41,0.09303657361291759,0.30161592120373387,0.2913666627320677,0.5163028597859751,0.037357170906739776,0.10550515907912579,0.0018617388909602701,0.00035711609209848,0.3,0.8,0.1,133,0.1944684878037853,0.1075582862031462
4,42,0.09330423615889426,0.300262262328221,0.2896361122656603,0.539922731940808,0.03545559178877382,0.10831060867783002,0.00197341197046483,0.00035609228462586,0.3,0.8,0.1,140,0.1963997709759004,0.1138799555254799
4,43,0.0928506254350971,0.30661966286089226,0.3108803691500534,0.5842321193379076,0.03449843935041694,0.10706828834483982,0.00218366357129347,0.00036158093026311,0.3,0.8,0.1,146,0.1977245621295183,0.0812883349296666
4,44,0.09089070490875907,0.3036320091766602,0.30765524588495996,0.5787270651932472,0.03333986456892531,0.10363327059294088,0.00153640832346806,0.0003628390799795,0.3,0.8,0.1,152,0.1962777929542506,0.1124018116247573
4,45,0.09267576680126284,0.3262092918536762,0.3749787131885303,0.7490245299476813,0.035056651950145984,0.10453111351747972,0.00414750483177991,0.00052414540749282,0.3,0.8,0.1,178,0.2018447078899905,0.1163175686681313
4,46,0.08914862857701646,0.32093331193741104,0.3692997133743683,0.7150318419006675,0.03525560000167087,0.10009997204740992,0.00228333478319453,0.00040102284345391,0.3,0.8,0.1,181,0.2122754786542889,0.1107620563196452
5,0,0.8548160501001834,0.9496383848240545,0.9413303538176012,0.13533834091187963,0.0,0.0,0.0,0.0,0.3,0.8,0.1,1,1.3632936819707475,0.7564443467443853
5,1,0.739435543568958,0.9179950616769003,0.9001814715932469,0.1495580755598085,0.14481150944996052,0.08655116542810176,1.2899790674529999e-05,1.2581135430019999e-05,0.3,0.8,0.1,3,1.081961084972029,0.5490035559848842
5,2,0.45976696196869,0.7634398540477626,0.7194971553612812,0.11183618673440465,0.6831207078673796,0.09862122452462165,0.00025393567323192003,0.00020251370490602,0.3,0.8,0.1,4,0.5009581871683518,0.2214556949902039
5,3,0.3622764273926391,0.6852790814925418,0.6284425908091597,0.0947011142910523,0.19100084342720905,0.09902638755741552,0.00011304165805013,9.53698434455e-05,0.3,0.8,0.1,6,0.47504288245299,0.1833287293641089
5,4,0.35523448389951556,0.682569245800578,0.6321852050683332,0.0947765888075617,0.043101315215903414,0.09908768405217123,0.00011144874398217,8.999068498569e-05,0.3,0.8,0.1,8,0.4658745359261158,0.1580278959961312
5,5,0.3523929533428508,0.6837454348738993,0.6402411003285189,0.1016984684610294,0.03907068142308494,0.10336190095385213,0.00014539418962719,0.00011787205986464,0.3,0.8,0.1,10,0.432750066216384,0.159732659736202
5,6,0.3416519621670953,0.6811278225089493,0.6509977925200017,0.1251584073843759,0.041592231369831235,0.10268248382397152,0.00035944133366811,0.00034369083324683997,0.3,0.8,0.1,14,0.4225868088236946,0.2932547141954585
5,7,0.30996382189468985,0.645561776818596,0.602474646169137,0.11151857396867014,0.16883201529355604,0.10690633681623775,0.00021346832970974,0.00020997197096968,0.3,0.8,0.1,15,0.3893511051192845,0.1799741541829635
5,8,0.2886950055056469,0.6300685010792956,0.5986164453317468,0.11587781019513248,0.11528754392166526,0.09900828948266387,0.00024530130658036,0.00022053350218795997,0.3,0.8,0.1,16,0.3995694551477195,0.1775190532838738
5,9,0.27988060381629926,0.6196557983736543,0.5864859304285099,0.11841187085924565,0.07155932849653113,0.09900828948266387,0.00024530130658036,0.00022053350218795997,0.3,0.8,0.1,17,0.3910661800505342,0.175760975283591
5,10,0.261987677124856,0.5941896566674298,0.5497574059876088,0.1060424277129885,0.12442930177272175,0.10241021642493704,0.00018077582388861,0.00017286992675664,0.3,0.8,0.1,18,0.3708048059994435,0.2530600622666865
5,11,0.24678059031748056,0.5742336907087464,0.5262623006953986,0.10582714244478462,0.12091151075828238,0.10742491423672526,0.00017317088973498,0.00016405731518496998,0.3,0.8,0.1,19,0.3517168502314244,0.2414285716181789
5,12,0.2382367547745911,0.5661460016043985,0.523608425743361,0.10586244197151155,0.08539001369105,0.10935153971704215,0.00043556590979418997,0.00041887449629338997,0.3,0.8,0.1,20,0.2820313232247644,0.2410810224184901
5,13,0.2210371534203633,0.5408520977737589,0.49391277443203785,0.10418108383456934,0.14452902121872283,0.11450175496519609,0.00026081527384118,0.00024849065652547003,0.3,0.8,0.1,21,0.3047540712324171,0.2116210275882658
5,14,0.21663574613872166,0.5383971383765531,0.4980252557649116,0.10944775777037424,0.04650959533838719,0.1129757705721809,0.00029706207237919,0.00028263906547927,0.3,0.8,0.1,23,0.2986108865475483,0.2188453660425017
5,15,0.2118458361776465,0.5358566377782304,0.5023679599453658,0.12865622489354148,0.039185591984903734,0.10439101235896994,0.00046513342175287,0.00044084958529781,0.3,0.8,0.1,25,0.2161499826752905,0.2716313285611588
5,16,0.1917725610965781,0.5068169397782083,0.47536038686385995,0.13080251528878084,0.1006278332646545,0.10600103979846494,0.00046329888730571,0.00043766554924518,0.3,0.8,0.1,27,0.1871650445356541,0.2767785487915202
5,17,0.1889275273075039,0.4967730637182226,0.45641158845618296,0.14605542653048414,0.05182159374893854,0.11306570519510845,0.00043621748387093,0.00042041465136382,0.3,0.8,0.1,29,0.2532561359897161,0.2573947130448043
5,18,0.17405519895885535,0.4678821223584115,0.4161959163383185,0.12217579957745589,0.12724492623406433,0.10625894954347304,0.00040274754128917,0.00028312739895158,0.3,0.8,0.1,30,0.25215188918485,0.2029088653536098
5,19,0.1597579179751604,0.4416620931538588,0.39221188039326255,0.1234291379248498,0.10027997503923491,0.1123964974687126,0.00066219990408117,0.00044725874596709004,0.3,0.8,0.1,32,0.2260107260757496,0.201661902485711
5,20,0.15890429600539388,0.4430854347267769,0.40069002487139793,0.1313674409612423,0.04053866610294083,0.11401058277887685,0.00067833433608462,0.00046142201630053,0.3,0.8,0.1,34,0.2250292252691517,0.197199593749141
5,21,0.14565261340833777,0.4238686928677935,0.3859721549580034,0.1352191598114033,0.06787490277083448,0.0987806799734253,0.00057878220891032,0.00046390760686121,0.3,0.8,0.1,36,0.1437847705768229,0.279958289065923
5,22,0.14340147110132725,0.41920902300759216,0.3805802238130293,0.14006420588762908,0.048350305380901744,0.09794026326755308,0.00061553733518258,0.00048228739489575,0.3,0.8,0.1,37,0.1413877439029062,0.2811128656417246
5,23,0.14236406031727145,0.41839591975028384,0.3862447116291542,0.14223369639544148,0.057492879524902236,0.10388559406679482,0.00058576926851172,0.0004931047360053999,0.3,0.8,0.1,38,0.1608063037597756,0.252477430796425
5,24,0.13702810825589054,0.4090791042189304,0.3757606644651044,0.14440699777031787,0.058559611171102546,0.09702670337756572,0.00037693934717519,0.00032754946439456,0.3,0.8,0.1,39,0.1766820513099451,0.1496143349216953
5,25,0.13303866365360634,0.39770400904942027,0.36226427154025137,0.1455073918673181,0.083978673351201,0.10165294195931496,0.00048421917265872004,0.00042714140421966,0.3,0.8,0.1,40,0.1399127931508463,0.1917914862045813
5,26,0.11655868707291263,0.35268186976865074,0.30952991564596705,0.14059686471674943,0.12906160358982316,0.10708452428592997,0.00060670292544206,0.0004259716497187,0.3,0.8,0.1,42,0.1258837618492546,0.4067969495515952
5,27,0.11655312523441314,0.35637769714471695,0.3207376436233057,0.1469867065650722,0.032685028954280444,0.10708452428593,0.00060670292544206,0.0004259716497187,0.3,0.8,0.1,44,0.1258778943097346,0.4069285095206422
5,28,0.11617071412709083,0.35172474810459037,0.30842555002738026,0.15047330272589607,0.03620708249551536,0.10695050999946065,0.00057729664645083,0.00041803890949875,0.3,0.8,0.1,45,0.1257001138645869,0.3916124364192497
5,29,0.11389689787434691,0.34342198182787487,0.2985762736509495,0.1637434712800102,0.052995308582544955,0.11041710247371647,0.00061336624388529,0.00044802135106042,0.3,0.8,0.1,47,0.118417523954355,0.4132809992061845
5,30,0.11338086786554485,0.3458828722755329,0.3083649284378065,0.17239217441453414,0.03587537699345866,0.11001983521046538,0.00061389244668658,0.00044989104222324997,0.3,0.8,0.1,49,0.1173682906986889,0.4325741927689834
5,31,0.10422278152442432,0.32160210368079456,0.2802934675464618,0.16799911969357345,0.12787554531445344,0.10600287804480978,0.00050754114951798,0.00032493928075588,0.3,0.8,0.1,50,0.1087850397569356,0.3086252431816179
5,32,0.10130697608093049,0.3145266602674625,0.27878167184598374,0.17162638382453987,0.08405535051329081,0.1089650882891434,0.0006761586891996699,0.00047537587704023004,0.3,0.8,0.1,51,0.1101314644218035,0.3248786583280422
5,33,0.09623525239212498,0.2976219964202822,0.2591071574708062,0.17011739687024002,0.09958203696573613,0.1086800987436439,0.00064749173849923,0.00041453880144128,0.3,0.8,0.1,52,0.0933462459509132,0.3959480361727564
5,34,0.08416405963850697,0.2417632812946429,0.18657922250531975,0.17799637281632116,0.08246213527552598,0.1197095739323093,0.0006859300190907799,0.00048074657036666004,0.3,0.8,0.1,57,0.0935232154705271,0.2885301289215045
5,35,0.07786556701861466,0.22664327962237246,0.176235311440906,0.1873488243826601,0.0568049091552119,0.11220165597174407,0.00070783906542162,0.00051032559870932,0.3,0.8,0.1,60,0.0702703012755516,0.2950169472028297
5,36,0.06458050951719278,0.1643620060677042,0.10358113497267367,0.1906470938615043,0.12134294721550089,0.1141732404589669,0.0007138597288643899,0.00051402498048928,0.3,0.8,0.1,63,0.0718000148501834,0.4405652886317992
5,37,0.06097083314280078,0.1513909073622078,0.09544332899151944,0.18872676918813294,0.06793919136570094,0.11282143857597224,0.00068610626717257,0.0004942521710840501,0.3,0.8,0.1,65,0.0688923297054486,0.4174813359884323
5,38,0.054617894557798814,0.11113435518130121,0.048368198156708814,0.205555891214126,0.059876503024420644,0.11633390625126086,0.0007104070152984001,0.00052225201344867,0.3,0.8,0.1,72,0.0430216491736678,0.3681945562536842
5,39,0.05111953267464751,0.09963901622680056,0.05564464476846239,0.2474883842789139,0.04754401930912116,0.11711731346292509,0.0007093778074386601,0.0005128364567984201,0.3,0.8,0.1,80,0.0566360084043326,0.3804431125725896
5,40,0.050988821352609494,0.10596602542565542,0.07681171420545957,0.2752012292748377,0.03698323894418113,0.11727587300379526,0.0007116025885359,0.00051305023445677,0.3,0.8,0.1,84,0.0564305937264453,0.3974405838081531
5,41,0.04993006048959072,0.10304626094842449,0.07352518837275653,0.28823751230854594,0.03987738393905725,0.11496512317151349,0.00070749533055933,0.00051267157399803,0.3,0.8,0.1,86,0.0561736204632358,0.3643889834634231
5,42,0.05010075168231788,0.09866666545985399,0.06826031149145705,0.2806450315621068,0.05783496121799603,0.11828187356883467,0.00069848567668461,0.00050179766936739,0.3,0.8,0.1,87,0.0529036490569208,0.392201194102895
5,43,0.050026733178255234,0.10040555501679013,0.07714388374769418,0.30884296863028177,0.045608025782834495,0.11914409441739474,0.00071016292747933,0.0005128114845459199,0.3,0.8,0.1,88,0.055808593737536,0.3910889820844473
5,44,0.050157387897605564,0.09601548337034996,0.06508171554717784,0.29095855521297975,0.04059446781560395,0.12010209238744318,0.00069879878644705,0.000497293670781,0.3,0.8,0.1,89,0.0561956466322229,0.3295454370972435
5,45,0.04716863165587758,0.08224827755829214,0.04922350070411779,0.3040502685849595,0.04864979412959435,0.11638142675610297,0.00072583070798124,0.00052287796114581,0.3,0.8,0.1,93,0.0558053247317289,0.3733742634396829
5,46,0.048669043602098595,0.09379218474522924,0.0831010040438426,0.36753529051029427,0.03786895528359621,0.12124895475845154,0.0009793073276516098,0.00071046767401681,0.3,0.8,0.1,101,0.0554624099647282,0.4634577598453461
5,47,0.048734443882333625,0.09227497103774665,0.08127820967622479,0.37103213282414854,0.04521039126279085,0.12236317700660646,0.0009877788996455398,0.00065148115060502,0.3,0.8,0.1,102,0.0627880985672723,0.4219324049724146
5,48,0.04681145159243308,0.09293964678163238,0.08924066850771663,0.3578996863702838,0.037633218661742775,0.11732742633763998,0.00072672101430277,0.00051538715613676,0.3,0.8,0.1,105,0.0545871031401617,0.3657685928719412
5,49,0.04422028663077404,0.05538668015056275,0.03819968130849239,0.35385110278499743,0.08798246409216363,0.12528937352323224,0.00070163509425124,0.0005156117612172999,0.3,0.8,0.1,108,0.0546492328870432,0.4660779406411592
5,50,0.04326778349386577,0.05144481372815674,0.040504318915347705,0.4038011632790143,0.04276144472541122,0.12536620222694606,0.00071367890319408,0.00051759757667097,0.3,0.8,0.1,115,0.0532177566956333,0.4609959001397377
5,51,0.043102046120676744,0.058699251701003485,0.06960078144963326,0.4029965278260168,0.05621926331514161,0.12661936202655447,0.00070875381480136,0.00051790844951448,0.3,0.8,0.1,116,0.0497116796035969,0.4563374320487988
5,52,0.042819489788284815,0.050371090314986225,0.04612667991560598,0.42145077529487646,0.038977827179996274,0.1259663792047792,0.00070845103736248,0.00051662687041817,0.3,0.8,0.1,121,0.0517436188384351,0.4622678995972953
5,53,0.04185393004732538,0.05366344973365016,0.06385157728178055,0.4188877815675161,0.05285486059994911,0.12409525747024072,0.00075734380295951,0.00058803220650335,0.3,0.8,0.1,122,0.0444193555098827,0.4670006864394329
5,54,0.04104373469484809,0.041337881036320884,0.042545658758364774,0.42461014354746246,0.07477410622718039,0.12502717293642548,0.0007482011256034801,0.0005821565210569,0.3,0.8,0.1,123,0.0443578970494318,0.4489416405902904
5,55,0.04087229928927785,0.03837355588963043,0.03905789638594379,0.42807303372899586,0.04492129807515076,0.12569297232652868,0.00075847623091467,0.00058883206940096,0.3,0.8,0.1,125,0.0428138998311704,0.4575185028217913
5,56,0.04124208639592447,0.041428515845880504,0.04943489950358245,0.5129009328046158,0.039207719893055,0.12740491226079803,0.00075243543645861,0.000601175841194,0.3,0.8,0.1,140,0.0432188472812557,0.4565636900885147
5,57,0.04086618117657413,0.05054573058176647,0.08078857752501267,0.5477023328785972,0.0412804053665868,0.1268817347203658,0.00075511960058416,0.0005884782794564199,0.3,0.8,0.1,143,0.0436965792445827,0.4573471917787536
5,58,0.040342719783718076,0.05362518957188102,0.0913625244333893,0.5586560208239469,0.03866280866862334,0.12507333384699454,0.0007858487713162099,0.00066112556762067,0.3,0.8,0.1,144,0.0428404072349306,0.4480866779986995
5,59,0.04043942210111978,0.04381159896291566,0.0660547419698124,0.5420511566490076,0.04253743166243162,0.1266405662051011,0.00074636226735221,0.0005684504725218,0.3,0.8,0.1,147,0.0460790292225789,0.4587068538992507
5,60,0.04017919034604118,0.045961261161367915,0.0754758437945307,0.5699235944280117,0.04007314080678857,0.12630321940912848,0.00076002628280302,0.00058529479127012,0.3,0.8,0.1,151,0.0436428000078718,0.4569031520824214
5,61,0.039357400793053415,0.05810394962222912,0.11732524763067402,0.5920889897102762,0.03896203449163719,0.12444387635337893,0.0007438914771939499,0.00055400161587004,0.3,0.8,0.1,160,0.0460086494768577,0.4450125577831667
5,62,0.03904365823199565,0.04749111077326257,0.09114737822585782,0.6629653466607863,0.04071423977851156,0.12456841625129093,0.00076263284322573,0.00062378519184322,0.3,0.8,0.1,165,0.0451569926174904,0.4624234299113368
5,63,0.03898440872976253,0.057210594849475355,0.12315786400102154,0.7418521219931692,0.03850877146743584,0.12488547493834667,0.0007862981389595199,0.00063899666276292,0.3,0.8,0.1,183,0.0417902335956746,0.4393934971605469
5,64,0.03838854515996074,0.04641434873413982,0.10364044120682891,0.732123466559123,0.053474926172260524,0.1257154095032062,0.00076388982528731,0.00062810448769035,0.3,0.8,0.1,185,0.0436947489325206,0.4563386236832153
6,0,0.8754318446897421,0.9572691796820496,0.9502199817200077,0.13746504115180636,0.0,0.0,0.0,0.0,0.3,0.8,0.1,1,1.2918299844936891,0.7654394277596868
6,1,0.6521269898202384,0.8813129307468506,0.849848834119821,0.14122855322246472,0.2543356301902312,0.0990945486300554,0.0005772861909398,0.00010868788655040999,0.3,0.8,0.1,3,0.8059788252358675,0.529341905996007
6,2,0.40676462429013993,0.7232004188392036,0.6726430509548763,0.10052117112039172,0.669251116223015,0.09809090385432175,0.00026890202031577,0.00024537617863527,0.3,0.8,0.1,4,0.7536835700088409,0.2544359460734506
6,3,0.34501463563593043,0.6693109456820782,0.6098414820113788,0.09024592118710315,0.14121084568739248,0.09901993998925682,0.00010473952085186999,0.00010356570845783,0.3,0.8,0.1,6,0.5028582363413017,0.1454939149295436
6,4,0.3235204585355712,0.6520099149944809,0.5966174267389392,0.09064671255317243,0.07259805864318773,0.09833193590406498,0.00014171085737278,0.00012103881868156,0.3,0.8,0.1,8,0.4606085530489451,0.1666429394212899
6,5,0.31464006198789396,0.6394739873633825,0.575115414036862,0.09034936069790825,0.06693635536119157,0.0983330645603096,0.00011083423061804001,0.00011083091627643,0.3,0.8,0.1,9,0.4604095284168389,0.1308579091808989
6,6,0.2874541663971459,0.613618602306111,0.551865058230417,0.08800448384792994,0.0909379847876926,0.09886129280385966,0.00015056653760408,0.00013990686148797,0.3,0.8,0.1,11,0.4230709983047879,0.1591257784313524
6,7,0.2652862273550823,0.5907790189469385,0.5317882028246731,0.08677922265955193,0.09157731550616655,0.10608811447337252,0.00024547912020417,0.00022643819096960003,0.3,0.8,0.1,13,0.3702188636651637,0.1453662749446186
6,8,0.26212975359160967,0.5906606425733991,0.5387484103762884,0.09670664962507236,0.03421304433289573,0.10234273571135187,0.00017363237194760998,0.00016448068254571,0.3,0.8,0.1,16,0.3918109505965487,0.1088555071706347
6,9,0.25687373865332785,0.5843249808558519,0.5315327853896832,0.1070682258939374,0.051855276693101554,0.0991056099212813,0.0001404495169472,0.00012489583575809002,0.3,0.8,0.1,17,0.4077091285883222,0.1212520623032152
6,10,0.23673517663745539,0.5602515222036272,0.5098161964140188,0.11080080963400175,0.09781397251949252,0.1102343161718885,0.00029728274335124,0.00027766026627834003,0.3,0.8,0.1,19,0.3206759778211395,0.0825775427081971
6,11,0.23187618392859471,0.5540912524307473,0.5029001033058123,0.11067695499362275,0.050661604657076385,0.10512758534711619,0.00024319916256723998,0.00024328518997960002,0.3,0.8,0.1,20,0.3289563891700029,0.0782997349418763
6,12,0.20951148862017538,0.520139313606412,0.4630799288777746,0.1013657368476382,0.18010108409000697,0.11022503906721162,0.00034717915343264997,0.00032017862003561997,0.3,0.8,0.1,21,0.2454994947218698,0.121340347702289
6,13,0.17963892633744424,0.4850490636121189,0.4498570819222506,0.13364492749016912,0.0587874042172821,0.10918242925391634,0.00038253664950311996,0.00029502850022711,0.3,0.8,0.1,29,0.2642851164028409,0.0853475492666221
6,14,0.17757671832492755,0.4849702091230136,0.4566896096584861,0.13247996929673259,0.04747732110437526,0.10894662707386493,0.00031426355452786,0.00020313838505690997,0.3,0.8,0.1,30,0.2444693932682299,0.107495222688897
6,15,0.1015671447252067,0.2988346785847312,0.23279754893519408,0.09660726082654586,0.4123563888997848,0.11181675386546942,0.0003486183989997,0.00027409739878275004,0.3,0.8,0.1,32,0.1808265664765835,0.0841599397458868
6,16,0.09532550144159778,0.28093238299215295,0.21878214870354545,0.10235570928106122,0.12389810755041808,0.11306700660198421,0.00035079786582354,0.00026260611176954997,0.3,0.8,0.1,33,0.1886615961253025,0.0778539651300707
6,17,0.09450416012584452,0.27874286536130455,0.21626467425502108,0.10471296895471585,0.042732534702269065,0.11240065888742543,0.00034901783690018,0.00026139342124208,0.3,0.8,0.1,34,0.1880222758750017,0.0768344861051215
6,18,0.0940808286463693,0.2808584612445436,0.2256310964670212,0.1097181232252871,0.04003888949669871,0.11242158642081984,0.00034398290662557,0.00026254815897396,0.3,0.8,0.1,35,0.1879476971560919,0.0748019709279837
6,19,0.0918767678547473,0.2737233678781016,0.21735265709799526,0.10831144315801164,0.062419233776350586,0.11174588634562108,0.00034216353731876,0.00026128779375753,0.3,0.8,0.1,36,0.1862377665511737,0.0722417704737509
6,20,0.07747031514018178,0.21383810746771395,0.1406091817213313,0.08435141908513753,0.09269319069408126,0.11330780919157009,0.00033840325117935,0.00025997605116229,0.3,0.8,0.1,40,0.179182000081124,0.0801368596567674
6,21,0.07515117493622345,0.20809331373467893,0.14082754556199756,0.09653475896005463,0.04735688223714972,0.11292927175809489,0.00041282114920391003,0.00027592072249695997,0.3,0.8,0.1,43,0.1819194830962744,0.0808985709293193
6,22,0.07314425716743327,0.19905115638162993,0.13028295783314223,0.10856048757324376,0.04663253796710096,0.11329241752054928,0.00035856912528336,0.00027220478557253,0.3,0.8,0.1,46,0.1781127807320817,0.0785233114159254
6,23,0.07280530270299333,0.20062130919404147,0.13898279436871636,0.0677663232426057,0.03690047283633048,0.11387478121489371,0.00037948679259637,0.00027136991137803,0.3,0.8,0.1,50,0.1734388547474688,0.0812111584475889
6,24,0.07219190592933997,0.20121870079247228,0.146559564149544,0.14169453909509433,0.04822786489531671,0.11434924891795108,0.00036439245413954,0.00026473877405254,0.3,0.8,0.1,51,0.1717258084791053,0.075928434753284
6,25,0.07052433462140267,0.19411269912321652,0.13830292932568466,0.14716379698639787,0.06306011872783737,0.11399828923763591,0.00033287856995713,0.00025815469898451997,0.3,0.8,0.1,52,0.1767571802244958,0.0814303523965134
6,26,0.06848220048595378,0.18895489141969676,0.13921948463682268,0.16505382264170515,0.04642493668835206,0.11353947574493758,0.00033426923334177,0.00022857313659138,0.3,0.8,0.1,55,0.1865003397076461,0.1042118261248492
6,27,0.06557276627385833,0.17558297287041655,0.12366625860986291,0.1680232907883605,0.06134931251257785,0.11301827322457653,0.00033824048664555996,0.00026707310368241004,0.3,0.8,0.1,57,0.1913235687528323,0.0903403806933205
6,28,0.06389577764064346,0.17099552326753173,0.1252225714851554,0.1683500638209123,0.06848452790053568,0.11307187712714199,0.00033260988226139,0.00025167959535799,0.3,0.8,0.1,58,0.1908252799087929,0.0761849681077515
6,29,0.06368068017139687,0.17363176920431492,0.1351959050825132,0.17755691730365863,0.03643014533225817,0.1130716995643357,0.00033285505744781003,0.00025180315086748,0.3,0.8,0.1,60,0.1912767347759839,0.0751302174199774
6,30,0.06368068018323488,0.1773429427660472,0.14642152329108254,0.18711730496182558,0.034213072296081885,0.11307169954360045,0.00033285505735954,0.0002518031507412,0.3,0.8,0.1,62,0.1912767347303678,0.0751302175732274
6,31,0.06276095179818213,0.16907287463111054,0.1298879519108102,0.18672161828945172,0.05292325214464553,0.11297005922468663,0.00034771282619526,0.00025524041386222,0.3,0.8,0.1,63,0.1911752027646562,0.0754938456036566
6,32,0.061936227612257866,0.1685513673556902,0.13618167066615072,0.20224765587844606,0.04294184673857254,0.11299123525287358,0.00034709548660326,0.00025449587587465,0.3,0.8,0.1,65,0.1914321853072374,0.0719043620301764
6,33,0.06156064887573524,0.16946236933498052,0.14411096150182715,0.25349060891570413,0.035535621280278325,0.11365880805699803,0.00035266217696777,0.00028094977327832,0.3,0.8,0.1,76,0.1804291733528223,0.1086527316910667
6,34,0.06137646977830221,0.16805430775021413,0.14245285642655287,0.27056961810065944,0.03659937196335396,0.11403180167323435,0.00034749709644354,0.0002794449819741,0.3,0.8,0.1,79,0.1788027084962075,0.1157077809630741
6,35,0.05810960678985401,0.14937601379215354,0.11388293116242496,0.27011332351911055,0.06368416350042354,0.11221156370360603,0.00033658863297304,0.00025554959514441,0.3,0.8,0.1,81,0.1749924586308812,0.1143636729153386
6,36,0.05809259287442481,0.15157087469671493,0.12328921785940805,0.2802750649440361,0.041866250113964,0.11317922338386711,0.00037203000543886,0.00027377577143356,0.3,0.8,0.1,82,0.1760870426603335,0.1148424620331063
6,37,0.056593426328667304,0.14460578359431878,0.11522314619338528,0.28210747251617413,0.061494015175499676,0.11228164238298838,0.00034266352862423997,0.00028976936926313,0.3,0.8,0.1,83,0.1754556773293786,0.116389845551142
6,38,0.05667467290840544,0.14784207177882197,0.12586179965604144,0.2842261825748446,0.03703159118792873,0.11288981992091057,0.00037144016549311,0.00028068216287562,0.3,0.8,0.1,84,0.1725854005477021,0.1121760523244177
6,39,0.05586638894179707,0.1406326544714064,0.11059830403539256,0.2917380946207498,0.04742227594022467,0.11214340098633342,0.00036626524101512003,0.00028922421040406996,0.3,0.8,0.1,85,0.1716544790957941,0.1159896411713245
6,40,0.054839266282656556,0.14174038581619125,0.12567680513362617,0.32552522824163865,0.037373325567753135,0.11252405562434625,0.00034439021611402,0.00031695593517092004,0.3,0.8,0.1,93,0.1746463917556863,0.0995865834565085
6,41,0.05486864126072249,0.1513753210185098,0.15755022427695864,0.36167431901574165,0.035365616217046744,0.11358913493458,0.00038471838335536,0.00029350708926645,0.3,0.8,0.1,101,0.1754927089919158,0.1015574138409957
6,42,0.053119792740994314,0.140621153977936,0.14500600507735625,0.3798670906110068,0.056883325011482855,0.11396386280514505,0.00036843948642029,0.0002665039371915,0.3,0.8,0.1,103,0.1660818975889492,0.0891555798941012
6,43,0.052760597307821414,0.14270369001166058,0.1543505786616406,0.4327674574147869,0.03494833331596029,0.11358895315629601,0.00038100220022439,0.00030439596812748004,0.3,0.8,0.1,115,0.177251176800986,0.0856217952552906
6,44,0.052801303179509776,0.1572773102793295,0.19892129660184033,0.4702318969981214,0.03485703722849902,0.11396356536409788,0.00036652469452856,0.00026589401757259,0.3,0.8,0.1,119,0.1659581015059591,0.0892311383900976
6,45,0.05274256885248718,0.14944784475604367,0.17599397424157215,0.4666215584489251,0.036243681016445546,0.11399830452220204,0.00036688247051631,0.00026649480424318,0.3,0.8,0.1,120,0.1678416121186698,0.1033475176834096
6,46,0.05267088063747558,0.14902637997030835,0.17550330734469086,0.48556831867361594,0.0353826996019961,0.11398934121561363,0.00036781687083633997,0.00026598184921929004,0.3,0.8,0.1,122,0.1701252369136958,0.1030563286898758
6,47,0.0520802996424589,0.14609542871230258,0.17210927043136104,0.4507762869633228,0.04604132953972416,0.11351835427190123,0.00038206853667105,0.00032677305534396003,0.3,0.8,0.1,123,0.1568451658233246,0.0799471988330425
6,48,0.05191956649937354,0.16001933650599218,0.21594113049461372,0.5310559261991754,0.034646986386448544,0.11335422327435171,0.0004055025295325,0.00050696287025164,0.3,0.8,0.1,137,0.169136408801282,0.1049143272314735
6,49,0.051919566451909996,0.17857520436249286,0.2720692215852998,0.5855472032655576,0.03438145742414107,0.1133542232661838,0.0004055025270394,0.00050696307790341,0.3,0.8,0.1,144,0.1691364093329167,0.1049143260627776
6,50,0.05183959221790753,0.15171245727198543,0.19244608275208827,0.5736921338222086,0.03581257401445197,0.11373384173339002,0.00038308248789918,0.000357506484583,0.3,0.8,0.1,147,0.1668047911000997,0.0836390745323601
6,51,0.051759140744441316,0.15122256818895052,0.19187542950201403,0.5774455356466559,0.03648109242026593,0.11373006624063056,0.00038398110450482,0.00035767878592573,0.3,0.8,0.1,148,0.1678511154724203,0.0823629512729641
6,52,0.05157838938279306,0.16158429170177419,0.22466425246763172,0.5970795045371295,0.03725903584292166,0.11351107741807123,0.00038547737285542997,0.00033007763650735,0.3,0.8,0.1,149,0.1594040636088432,0.0820756606441533
6,53,0.05149207584803789,0.17966189596360693,0.28023738177659646,0.6202591149368605,0.03622999332964137,0.1133542232661838,0.0004055025270394,0.00050696307790341,0.3,0.8,0.1,150,0.1690352185258104,0.1016731995339968
6,54,0.05129795262241689,0.14841366903655606,0.18860399470324393,0.6044326880184488,0.041301213854716905,0.11370388689805262,0.00038737809369481,0.00035799512927489,0.3,0.8,0.1,151,0.168767310057195,0.0881224739835309
6,55,0.05089668698242539,0.15313368009414388,0.20790071327555906,0.6196074742582338,0.03636921035317876,0.11384402904588696,0.00038455839804253997,0.00034698967684282,0.3,0.8,0.1,157,0.1677850089031556,0.0860874589343477
6,56,0.05045799382382001,0.15063951444440232,0.2050020555553811,0.6347267797094049,0.04466253398271181,0.1137050587248655,0.00038352544757138003,0.00034987180912629003,0.3,0.8,0.1,158,0.1666257699975269,0.0898864605372455
6,57,0.050390288374672756,0.15023521378314167,0.20453178705254063,0.6385703689161804,0.03608607989301208,0.11368728750795103,0.00038390670433546,0.00035591604758914997,0.3,0.8,0.1,159,0.1680253168309455,0.088421662509361
6,58,0.05037693412277718,0.15015109604952964,0.20443377718501077,0.6425069976684965,0.03479734238570251,0.11368752702405656,0.00038399121944586,0.00035540262009946,0.3,0.8,0.1,160,0.1680520288451341,0.0884279218918614
6,59,0.05033887226485668,0.15362628199168898,0.21538452448188047,0.6505606999644686,0.034773675108989925,0.11369001257732005,0.00038247032248138,0.00035624542672851,0.3,0.8,0.1,163,0.1681907868303122,0.0884365879611581
6,60,0.050184921572930016,0.15256381107330896,0.21414405115603363,0.6623552860795029,0.038886786420424396,0.11373171685464702,0.00038787421125708,0.00035281107188636,0.3,0.8,0.1,164,0.1715813369872777,0.0887105360205347
6,61,0.04953635466121482,0.17807343543935808,0.29907772844755265,0.8004428415880476,0.03516822970649097,0.1136116546282344,0.00045471467014503,0.00029923700146676,0.3,0.8,0.1,189,0.1626596063943424,0.0750190639646528
7,0,0.905318246665705,0.9680305410738846,0.9627565505404128,0.13903038197292747,0.0,0.0,0.0,0.0,0.3,0.8,0.1,1,1.1541445834047928,0.7488844800201104
7,1,0.5782068267098757,0.8390194862671378,0.8005951627453123,0.12933752606218277,0.35823340226253697,0.09897719381661708,0.00047654811735325003,0.0002443317820334,0.3,0.8,0.1,3,0.8107519517804462,0.4675689842327974
7,2,0.4621973321330851,0.7652071733831936,0.7215363032207347,0.11241520839206923,0.333706551896378,0.09904841808997954,0.00024369351603665,0.00019844391814372,0.3,0.8,0.1,4,0.4875145760901389,0.227002351418749
7,3,0.46244736856331237,0.7694217835251415,0.7331620335574249,0.11801967588146599,0.0323509152679365,0.10263661145331897,0.00030414562290385997,0.00024767113248195,0.3,0.8,0.1,6,0.4727070555300225,0.2086597881057623
7,4,0.3266447360075385,0.6551437777259953,0.60047446891058,0.09062071656810301,0.25852659566501374,0.0941599953438294,0.00013967880710329,0.00015486551661298998,0.3,0.8,0.1,8,0.4721131715272664,0.1636736079826306
7,5,0.3106423526530024,0.6424745732127898,0.5924067492086994,0.09127829703150213,0.0660684617585454,0.09828521384944937,0.00018281792782072,0.00020269497875319,0.3,0.8,0.1,10,0.4577319246937703,0.147956644754708
7,6,0.3092081133507007,0.6409460128003871,0.5905650858651891,0.09842078728881194,0.03785123386752146,0.09947067312254113,0.00019803366794387,0.00021956506451415,0.3,0.8,0.1,11,0.4575419170398873,0.1465910774698909
7,7,0.30790934265154996,0.6395502182143453,0.5888779749075725,0.09829880286844445,0.03767573328487072,0.1007386771284205,0.00018818252339679,0.00019529643097436,0.3,0.8,0.1,12,0.4586586551221023,0.1614763199960639
7,8,0.29366074640339374,0.6261103738291263,0.5736484407689336,0.1029199347150644,0.04512864354488219,0.09003066605749435,0.00090914961067096,0.00064053327775355,0.3,0.8,0.1,15,0.3620805680656263,0.2426554576944818
7,9,0.2709716944024878,0.6024974247242609,0.5532801891952763,0.10084116622963675,0.07641217973321221,0.0856915592740917,0.00073813273689163,0.0006053679629674801,0.3,0.8,0.1,17,0.3135236219989429,0.2160328662892008
7,10,0.26822084330084384,0.5979306996078863,0.5470516440286557,0.11678321890868157,0.040056919387705975,0.10467486449743744,0.00052712029862731,0.00041187589438195003,0.3,0.8,0.1,22,0.2659890436444586,0.1447452192766157
7,11,0.25978951157175273,0.5915747832273877,0.5467961318651446,0.11739427737523402,0.06573896512646552,0.09871456525571137,0.0008915086774147201,0.00042346031779497996,0.3,0.8,0.1,23,0.3753098396177309,0.1515903915560549
7,12,0.24563873898114158,0.5783588621126887,0.5389818405633329,0.11421535819242447,0.07906408101276784,0.0854780828527943,0.00068861912066286,0.0005589590443879101,0.3,0.8,0.1,24,0.2739259442015277,0.1762896145514444
7,13,0.24670361687848621,0.5792722127450209,0.5397870365324429,0.11840437188129649,0.030527147881727074,0.0908034439602742,0.0006584395144398,0.0005142104311155399,0.3,0.8,0.1,25,0.3182902760884384,0.1544341280557641
7,14,0.2452159990278489,0.5777311314921694,0.5382086378343475,0.11422378878757482,0.027433567660730036,0.08629872820344113,0.00069703656165295,0.00057049170047396,0.3,0.8,0.1,26,0.2756548067862169,0.1747394920632258
7,15,0.23212466830010864,0.562077564844459,0.5260925048718293,0.1339966315726912,0.06440765073145041,0.10245492551002756,0.00057750978724743,0.00048806206231055,0.3,0.8,0.1,29,0.3198525958229525,0.1547868916321929
7,16,0.231716961909017,0.5567652257046997,0.5125927659048006,0.1247958751997563,0.05051919686324562,0.11033898765775263,0.0007051277961542299,0.00059469990289954,0.3,0.8,0.1,30,0.3233996936661433,0.1217704438044309
7,17,0.22823865697984974,0.5561887982676632,0.5190843960968164,0.1392634198089172,0.04329450943181741,0.10478991419899952,0.00081450026416178,0.00055062728439379,0.3,0.8,0.1,31,0.3423596080386028,0.1057386598197276
7,18,0.2142687431324374,0.5390181574360885,0.505899628413521,0.1390131195892001,0.12087671178936113,0.1068531125885639,0.00067704149443142,0.0005373289294461801,0.3,0.8,0.1,32,0.2944398050714886,0.1014210434965552
7,19,0.21160535657042423,0.5311765919449166,0.48984877726643633,0.12932037611947744,0.041423477062699644,0.10683395648162579,0.0007865485642768001,0.00053105793510342,0.3,0.8,0.1,34,0.3231234661378795,0.1040855589811656
7,20,0.2081014240575149,0.5295536880583132,0.494896899070257,0.13627588399594845,0.03953868232225568,0.10632572416127652,0.0007038914529832699,0.0005048222464553201,0.3,0.8,0.1,37,0.2892470031151864,0.1005435108517978
7,21,0.2010604954103537,0.5190714897111094,0.48288580430368266,0.1338756115356221,0.06952840983318517,0.10231720429631601,0.00068066375993007,0.00057162868825817,0.3,0.8,0.1,38,0.2899318955693913,0.1068279252901123
7,22,0.19022012206907013,0.49587975513618543,0.4486139923229679,0.1367050748278488,0.07800321871849929,0.10913543322595473,0.00080601065873542,0.00044919435301005997,0.3,0.8,0.1,40,0.2342581902109277,0.103138450266306
7,23,0.1773078749536688,0.47630355363347476,0.4326270328387289,0.13583743130195838,0.13263584590727723,0.11044697325415312,0.0009378474566717201,0.0005192089078891601,0.3,0.8,0.1,41,0.2695520833804729,0.1003132775229754
7,24,0.17524378890994402,0.4734748293318186,0.42947783957228847,0.13741384171210186,0.04206274570277471,0.10797682024164752,0.0007665397904295499,0.00043969296426354,0.3,0.8,0.1,42,0.269027423749603,0.1247553859691394
7,25,0.1729180354211022,0.4675983557435522,0.4224148520791625,0.13371001939261912,0.06260421697745074,0.11189739476801946,0.0009258420606610199,0.00056120732609178,0.3,0.8,0.1,43,0.2318845815302561,0.1231750935962331
7,26,0.16160656642847515,0.4505678362038922,0.4097161416434478,0.13819831703202537,0.1124326487025839,0.1075722635041507,0.00075089047603114,0.00044186814453460005,0.3,0.8,0.1,44,0.2348095338021875,0.1083368324763413
7,27,0.15557332416474168,0.438899048461172,0.39622388581613,0.14112757383677224,0.07802198573495729,0.10570862383711838,0.00067697578762166,0.00047212984001667,0.3,0.8,0.1,45,0.2205266680195288,0.1110582746631441
7,28,0.1490363472118224,0.42453485321172807,0.3794285287278566,0.1422870277122315,0.0932735830412956,0.10671403361908904,0.00076472049138674,0.0004815851122911,0.3,0.8,0.1,46,0.2262100351329711,0.0904573067762682
7,29,0.14720391631486165,0.4255605714468709,0.38770896887744716,0.16819678323351567,0.03237350579993194,0.10308798858991988,0.00073008053080161,0.00052657346840547,0.3,0.8,0.1,54,0.2480584495884976,0.1031801655392846
7,30,0.14699370600817593,0.4286577994876479,0.3981979151405304,0.198449023474175,0.03220476199181529,0.10349421192371411,0.0007408040575799,0.00052329796500962,0.3,0.8,0.1,60,0.2508137931696476,0.1021533545837984
7,31,0.14433392836420808,0.42659493262105586,0.4027102430454444,0.19414091385501817,0.05509696343626339,0.10324335509539008,0.00073239542635497,0.00053653908159202,0.3,0.8,0.1,61,0.2442225409131774,0.0984374463916031
7,32,0.14343948278858493,0.42444812542061,0.40018939890902094,0.20335853024591852,0.032901886197894734,0.10356253381487328,0.00076329464269445,0.0005358954129835701,0.3,0.8,0.1,69,0.2485014730413144,0.0965392830382511
7,33,0.13856215042515066,0.4249756600092631,0.4215746033812611,0.23576757055271136,0.03837008999878299,0.10255302576794889,0.00066262272402294,0.00049207164187163,0.3,0.8,0.1,75,0.26730689077135,0.0883786111885815
7,34,0.13907066895950893,0.4287930288684483,0.43278957092989506,0.29832952501554466,0.03234228814263704,0.10490028430487147,0.00079613348331801,0.0005274780806013201,0.3,0.8,0.1,91,0.2074140681388199,0.0824233409076011
7,35,0.13654548013313475,0.4308058836492868,0.4489987599115242,0.33161275347616465,0.042205542277288136,0.10367116913534491,0.00079126122684602,0.00062774672431273,0.3,0.8,0.1,93,0.2529929039856699,0.0754626459380882
7,36,0.13371818577876562,0.4353543121421839,0.4750194820033381,0.3833323858371468,0.04062989873666309,0.10329696724639574,0.00080940821089911,0.0006745923807360301,0.3,0.8,0.1,96,0.228870511915814,0.0935660893149455
7,37,0.13212408138813747,0.43151678276056543,0.47054962417995005,0.382261047726799,0.03960786699034055,0.10327751254045789,0.00081268822018242,0.00066434142436584,0.3,0.8,0.1,98,0.2282959473031987,0.091518381951353
7,38,0.13204841451196003,0.431357406780435,0.47036669895033606,0.3822044417524391,0.0319763617932309,0.10322389198547882,0.00081159262500527,0.0006646857579097599,0.3,0.8,0.1,100,0.2282261631026794,0.0913672615988011
7,39,0.1318811196680975,0.4309220841097559,0.4698562614022302,0.38571449250138057,0.03326216115974221,0.10328897400718627,0.00081357227180275,0.0006583647107137401,0.3,0.8,0.1,101,0.2341366226149492,0.0912746300603943
7,40,0.1320121244112451,0.4454893285019125,0.5143668678569995,0.4767649293245235,0.03229967526770474,0.10468340977662209,0.0008204806264411399,0.0005779764588242,0.3,0.8,0.1,129,0.2237386802150805,0.0888044372696931
7,41,0.13055571439492922,0.4451725922598046,0.5208477296382192,0.4868567325675149,0.041933112495258586,0.10574109183730722,0.00082193697653497,0.00057136923643149,0.3,0.8,0.1,131,0.2115265455428966,0.0939386740145361
7,42,0.13029894227690458,0.45565374540409165,0.5537623977913785,0.5550993935882046,0.03284705858396021,0.1057816872524757,0.0008230020358211699,0.00057231119997438,0.3,0.8,0.1,138,0.2117322253157438,0.0949435898199938
7,43,0.1316635336745748,0.4625091513691028,0.5686271950721187,0.6288142627553451,0.03293515911747799,0.10624483431676204,0.00082848000905875,0.0005829625707377401,0.3,0.8,0.1,149,0.2053699059553133,0.0945096785597426
7,44,0.12923813486631386,0.4679462731580631,0.5957008656957886,0.6661800481381934,0.032990727220119434,0.10576857703919457,0.00075549656229296,0.00059589640468768,0.3,0.8,0.1,155,0.2302286448822742,0.0861759649087726
7,45,0.133371681808734,0.47074278445704326,0.5851637989554148,0.6854238811554061,0.03233789112906243,0.10538228776601022,0.0008283320432708,0.00059440886254363,0.3,0.8,0.1,159,0.2089925135613328,0.0904302650677549
7,46,0.1301585920065711,0.4587972687087977,0.5643022845544269,0.6277826907393513,0.03834339023046715,0.10632087947181937,0.00080399595053759,0.0005874953623978,0.3,0.8,0.1,160,0.2061472473667967,0.091075172292244
7,47,0.1326154218421961,0.4649084278187327,0.571431001062302,0.6294442811735567,0.036660804682892636,0.10606008443682657,0.00083017106564683,0.00059227081002729,0.3,0.8,0.1,161,0.2067181204571349,0.0919969477784116
7,48,0.1283187277214298,0.4581708842200189,0.570501896030942,0.6304393144869815,0.03244804101337956,0.1058733989801507,0.00076775845504078,0.00057655476887535,0.3,0.8,0.1,162,0.2193718491457772,0.0929843783050899
7,49,0.1278018547361642,0.456855190410301,0.5689675016106855,0.6304574528930467,0.037904357057488,0.10591678229812869,0.00076484907420535,0.0005693599937723101,0.3,0.8,0.1,163,0.222364551419958,0.0924509938752271
7,50,0.12762453618218675,0.4563207767757493,0.5683353393158175,0.6419190881822128,0.03372560806954294,0.10612633033965185,0.00075809546694263,0.00057673011480493,0.3,0.8,0.1,165,0.224818745767303,0.0923683916873142
7,51,0.12744090123972732,0.45970464619550444,0.5791943671625203,0.6413312089489225,0.03290707196376303,0.10579865577112753,0.0007704005744718801,0.0005720277539837399,0.3,0.8,0.1,167,0.2218497954974207,0.0954582126740379
7,52,0.12710862252523986,0.45877894485861337,0.578106829595014,0.6486137417501472,0.0365055243533556,0.10602737742731898,0.00075404988771458,0.00056847646798115,0.3,0.8,0.1,168,0.221872219984429,0.0932273154517127
8,0,0.9178053352024436,0.9724261208269683,0.9678772743540017,0.14025542983176129,0.0,0.0,0.0,0.0,0.3,0.8,0.1,1,1.1201489415408,0.7470091370828302
8,1,0.8056099794651892,0.94870684456372,0.9352624993828326,0.16116939579623685,0.14141870277941687,0.1006357974038261,1.3790800725030001e-05,1.619752170931e-05,0.3,0.8,0.1,3,0.8153967211162997,0.548089414870394
8,2,0.45985510647121464,0.7633867130329172,0.7195023740419271,0.11152844758832589,0.7904874151616088,0.09722668958767991,0.0002608486518695,0.00026128618290826,0.3,0.8,0.1,4,0.4957824132122275,0.2288750962075977
8,3,0.45229850413816575,0.7654703742165847,0.7356733690658246,0.13209452821541823,0.035656724869373754,0.09853670513809265,0.00023270236627058997,0.00024039601595864002,0.3,0.8,0.1,8,0.481654748132805,0.2006060962749546
8,4,0.3002835051690869,0.6327117315865664,0.5810465436122106,0.09672079764803992,0.3056046200338987,0.09805294307352984,0.0001704943709145,0.00019792174783114002,0.3,0.8,0.1,10,0.3290914111158545,0.2221924574054802
8,5,0.29916066562896265,0.6354293941754124,0.5911355622242948,0.10422421089464433,0.03167919976929081,0.0976329560989221,0.00017137795249428002,0.00019111607134252002,0.3,0.8,0.1,12,0.3267327565055062,0.2298437258146066
8,6,0.2326264684019967,0.5547844826876982,0.5035584074016134,0.08954865835721812,0.2101941607708132,0.10747723970187346,0.0004895411800174101,0.00027377630348634997,0.3,0.8,0.1,14,0.1901038730176102,0.2173158463202792
8,7,0.2221606093552822,0.5433047043205965,0.4970406350404237,0.10027578414542117,0.06487596607874457,0.10841622208209006,0.00049059880611592,0.00026413950824674,0.3,0.8,0.1,16,0.1722068169270003,0.1698982479038483
8,8,0.22213079049317505,0.5432620566745289,0.49699130293787674,0.09760937457616169,0.03310909659125001,0.10840863847707424,0.0004906038066322,0.00026413160293355,0.3,0.8,0.1,17,0.1721734177483063,0.1699278457106664
8,9,0.1881884762741581,0.4893549978001144,0.43426800844311014,0.0866577932500031,0.25283316116338317,0.10718986330283742,0.00036823922027,0.00024604655973044004,0.3,0.8,0.1,18,0.1819264353214574,0.1797943744246785
8,10,0.18650762450214695,0.48644590389903986,0.4308817439784751,0.08407189169434628,0.044390310548018445,0.10711017030662472,0.00037760554723528,0.00024371324431094002,0.3,0.8,0.1,19,0.1764029765210211,0.169959937312213
8,11,0.18456429351395778,0.48626568651480684,0.4374702366868765,0.09885327383217982,0.05173682551547544,0.10905658407202387,0.00043052254524744,0.00027337053561231003,0.3,0.8,0.1,20,0.160877499337654,0.1217473625492764
8,12,0.1837791705879259,0.4849943740521742,0.4360149770915283,0.09623884257098603,0.03523110733404514,0.10856163526880427,0.00042167397714259005,0.00026650322831676,0.3,0.8,0.1,22,0.1630856267412568,0.1308290615696939
8,13,0.18237614898282575,0.48575328612499297,0.4437058546770821,0.12020996611906537,0.03715819826017777,0.11042844273603983,0.00043603984106416004,0.00033780493714692997,0.3,0.8,0.1,26,0.1699641179633106,0.0927323262856285
8,14,0.18143111228649053,0.48055977343263906,0.43079923051510427,0.12936220360567327,0.03817488911969961,0.10964812402161937,0.00038999112399809,0.00026315862820668,0.3,0.8,0.1,27,0.2231549581004908,0.2054998703987159
8,15,0.17634103438989374,0.47840741169966244,0.4420412934252168,0.12314568564415912,0.07444582062322402,0.11060789272531704,0.00043854132776886996,0.00032756802706228,0.3,0.8,0.1,28,0.1644899548773631,0.0874162160555131
8,16,0.14578165356209682,0.41658096738144107,0.37005295795374393,0.1154066001148697,0.2874612324346951,0.10985601874335124,0.00044410417243647,0.00026246178216481,0.3,0.8,0.1,29,0.1766262885374827,0.1084776033846701
8,17,0.1443778322357426,0.41669399243772554,0.37702913136733074,0.12522683022040362,0.04180236502345808,0.11092269559581341,0.00047952669187577003,0.00027578636428938,0.3,0.8,0.1,31,0.1866453989878796,0.1189160170631938
8,18,0.13735184783393709,0.4051813093639469,0.3706429726717547,0.14121244774608344,0.047867813761959005,0.10861881581114853,0.00040605493319455,0.00028774871496449,0.3,0.8,0.1,35,0.1930874118406207,0.1092762754798767
8,19,0.13776439755593,0.40516374934736377,0.37050249455855194,0.13863111597459504,0.03673168141468533,0.11089414331006009,0.00046037831440110005,0.0003018437500392,0.3,0.8,0.1,36,0.1857245865632242,0.1086237458578716
8,20,0.1358772847298367,0.3978075311467011,0.3551264878551939,0.14085705688172376,0.04586184645743961,0.10909026366236056,0.00041208210105796,0.00028119803769417,0.3,0.8,0.1,37,0.170449866581314,0.1012007034044232
8,21,0.134478427499149,0.3988503643682652,0.36332784720756617,0.15660552089430865,0.04133603682116128,0.10740237189240426,0.00040666925650162996,0.00028089564077782997,0.3,0.8,0.1,38,0.1959490932082047,0.1047506571142897
8,22,0.1274988301470895,0.3801355417165823,0.34136107957885464,0.14707984787636036,0.11487636482698106,0.11050462788740294,0.00048671382801160996,0.00030964554051255,0.3,0.8,0.1,39,0.1579672116154478,0.1085419787188662
8,23,0.1252422787918041,0.37860520631048267,0.34653791269046197,0.1608609878874113,0.043315980379444195,0.1092776032860361,0.0005094640621495699,0.00032872658907479003,0.3,0.8,0.1,41,0.146915619186103,0.1189419874274142
8,24,0.12474986393353267,0.3809543905161183,0.3561677849462637,0.16671745987548445,0.03620088268038631,0.10945304103693901,0.0005122406399127499,0.00033005205579978,0.3,0.8,0.1,43,0.1444388422056628,0.1257324894046933
8,25,0.12253089114772388,0.38211570255062144,0.3712793693219375,0.2484261397034452,0.035353874163241664,0.11041296513373369,0.00050179894398937,0.00030616803083408,0.3,0.8,0.1,58,0.155983358921136,0.1120754902116484
8,26,0.12184223593326102,0.3876496090039054,0.3915245261745496,0.29176135274447973,0.034475778635749556,0.11050915751891754,0.00051132103098545,0.00031393001296655,0.3,0.8,0.1,67,0.1561181898373444,0.1065679435928109
8,27,0.12161348418336722,0.39826834770645075,0.4246110445609112,0.3330567323193518,0.034166100200082476,0.11033952537684975,0.00050420489374373,0.00031229248635932,0.3,0.8,0.1,70,0.1527691531075928,0.1081154206978793
8,28,0.12147110094097889,0.39382042039582144,0.41249182256659994,0.3232934013797798,0.03505753365161198,0.11104482549061138,0.0005060324856184,0.00032151136356238,0.3,0.8,0.1,73,0.1729632953261042,0.1137677346254315
8,29,0.1174635689371342,0.38665605266739805,0.41104836772283493,0.3189686229097838,0.07859020727865902,0.11107727978745664,0.0004898909664073101,0.00031544472605412,0.3,0.8,0.1,74,0.1686143101901253,0.1249616105417402
8,30,0.11612389038794094,0.3866620670360768,0.4179588136718408,0.3580778743901691,0.03543402762611624,0.11107725450977685,0.00047827854524008003,0.00033520464072044,0.3,0.8,0.1,83,0.1538909910646737,0.1380949193301592
8,31,0.1149734333379852,0.3834837650136606,0.414260539997167,0.35447483534319196,0.046714164091084955,0.11093652095939746,0.00049959899597538,0.00032297441544048,0.3,0.8,0.1,84,0.1541185210096117,0.1246758047436114
8,32,0.11354621889895071,0.3872158922789016,0.43244445764205613,0.37401377960575927,0.04073542736607829,0.11030469504213337,0.00049498078549819,0.00033572147229649996,0.3,0.8,0.1,86,0.1575595487054887,0.1373561392185861
8,33,0.1124187869495878,0.3872149423454206,0.4393028096481991,0.38680163721201344,0.0419708863888952,0.11116191608528261,0.00049939026778225,0.00032162356296173,0.3,0.8,0.1,88,0.1587204444318644,0.1263939348867171
8,34,0.11161876314972113,0.3812707929169801,0.42548280281682854,0.38614894868453165,0.03675050579568906,0.11105118267914788,0.00048800462090281,0.00032452922004965,0.3,0.8,0.1,91,0.1511096191272208,0.1408391912631955
8,35,0.11139937989889961,0.3806231039875498,0.4247272732247857,0.39279020547523513,0.036439373544872665,0.11106182731238107,0.00049127835591237,0.00032353961624423,0.3,0.8,0.1,92,0.1493214393341793,0.1365947630397808
8,36,0.11030160389646682,0.40373915865526216,0.5000016011634426,0.5436771690310395,0.03393554054355063,0.11047988867459212,0.00048967746778923,0.00030705187406139,0.3,0.8,0.1,122,0.1571443701792929,0.1290847399924178
8,37,0.10954897456815318,0.4576229352025415,0.6663441347591258,0.7593990843236091,0.033432421412196676,0.10967850136161814,0.00051094200362219,0.00034122031916698997,0.3,0.8,0.1,197,0.1694770565702984,0.1103655657353182
9,0,0.9372318109865078,0.97915160361477,0.9757122731860887,0.14356367256056307,0.0,0.0,0.0,0.0,0.3,0.8,0.1,1,1.0187458040086748,0.7583022998756026
9,1,0.8151919880303877,0.9484255053925668,0.9360962421295737,0.15600912125728308,0.13430113055199144,0.07716987182683971,1.315459910447e-05,1.22087484821e-05,0.3,0.8,0.1,3,0.7468895598785911,0.548297430113302
9,2,0.478877213766619,0.7767792908770639,0.7350630427029597,0.11544085730127636,0.7644222612089788,0.09810142982408704,0.00025046334948003,0.00022306365675268,0.3,0.8,0.1,4,0.4161587633704648,0.2269957409501434
9,3,0.4759166080272767,0.7787432695231445,0.7440973941361042,0.12140061192785347,0.036149492032650644,0.10108985752376168,0.00030446093863248,0.00027197738835096,0.3,0.8,0.1,6,0.4130055590061992,0.2127610986113971
9,4,0.4588925502566998,0.7708423726402384,0.7416217938968992,0.14701411922794488,0.0421672648574328,0.10502524753370795,0.00015810952155943,0.00015201078491322,0.3,0.8,0.1,11,0.4465239711443338,0.3314949096364284
9,5,0.42323735998536466,0.7480081797426662,0.7217903638569708,0.15199994093545238,0.08875469403939486,0.10739994966711632,0.000264804102563,0.00020737866830287003,0.3,0.8,0.1,13,0.3935362596187553,0.2468829055770681
9,6,0.38876830873987195,0.7171004463704165,0.6785452497681674,0.15625322638731579,0.07542762816908369,0.1144772061754658,0.000158149070372,0.00021840142741686,0.3,0.8,0.1,16,0.3086282216550186,0.1436967742766305
9,7,0.39201650996980053,0.7217226362050383,0.6831111432038637,0.1713841284602321,0.04550276020235268,0.1310791191319408,0.00014776790170844,0.00013001441626543,0.3,0.8,0.1,17,0.3577220937779243,0.196510849259314
9,8,0.3561102676541449,0.6912190878084677,0.6551297420854422,0.16375497559955798,0.15331763194956488,0.11740104991983616,0.00028892130615168997,0.00050788545515768,0.3,0.8,0.1,18,0.2502710558344146,0.1296517684456167
9,9,0.34085215475442776,0.6767704112152569,0.637197609816594,0.17802384328792648,0.1292625133261353,0.1397908407454652,0.00026000217264440003,0.00024103881824699003,0.3,0.8,0.1,19,0.3015907122327781,0.2054450589140745
9,10,0.3657948758271856,0.7044414038756293,0.667687401755863,0.21428969611847198,0.15337440768556324,0.31290093295459304,0.00026079718013598,0.00514104356684365,0.3,0.8,0.1,21,0.2162228240418898,0.2003575586994848
9,11,0.30095110322812035,0.6416693462491116,0.6097412610709771,0.16500996797946008,0.066762126019936,0.14657748848444818,0.00016867919197577,0.0029891699762242,0.3,0.8,0.1,24,0.1937084545947927,0.2090083838346951
9,12,0.2941225424986474,0.6304312934616731,0.5900848051255129,0.15625283677175905,0.06496125016167638,0.1404317756643377,0.00024875814783325,0.00031241669061801,0.3,0.8,0.1,25,0.2081548509621778,0.1663207567840384
9,13,0.2912687786192285,0.630799416025117,0.5973870655164022,0.166059267076671,0.04979023692920571,0.14086254921936445,0.00028525921980887,0.00047659894420125,0.3,0.8,0.1,27,0.2035971694951578,0.1834532969867871
9,14,0.2854843537515413,0.6273847024708286,0.600055975142271,0.1761372177368032,0.06196861293905497,0.14593249200878106,0.00029773982973217,0.00063895542956279,0.3,0.8,0.1,29,0.1720540313308805,0.200134149394413
9,15,0.28437287702931047,0.6297985900645464,0.6098007224865836,0.17564197837165804,0.0461918834459361,0.14510324618011647,0.00033706084194009997,0.0009655373929452401,0.3,0.8,0.1,31,0.1873641650032277,0.1933384909698269
9,16,0.2831471019110656,0.6244918828136404,0.5966230144080756,0.18379464089582442,0.05337927129942337,0.1472332189037904,0.00029958199694359,0.00053672518515532,0.3,0.8,0.1,32,0.1905969496250477,0.1972749558357782
9,17,0.27904776110482626,0.6270594675180695,0.6135229590525637,0.20178797414751196,0.049635482532452556,0.14438307708640064,0.00034464706069899,0.00239915469269501,0.3,0.8,0.1,35,0.1679629058938557,0.2086912948624919
9,18,0.2743526523425736,0.61768869243175,0.5958015390608321,0.19978454716470828,0.06414884441911493,0.1432181758517415,0.000284537852761,0.00046928419038311996,0.3,0.8,0.1,36,0.1874401915507483,0.176668092273309
9,19,0.2784542620970076,0.6209375337365403,0.5983502550152737,0.19175372293794068,0.06824708538574911,0.16528301667010714,0.00027103292176254,0.00930654956868847,0.3,0.8,0.1,37,0.1781435604075715,0.1793268836037582
9,20,0.27013515312394676,0.6122351046126866,0.5893465332326911,0.21551522359578304,0.051378073158631465,0.14526898500068994,0.00027803537772844004,0.0005308684149758299,0.3,0.8,0.1,38,0.1809583407299526,0.1640826930837272
9,21,0.27055640403937303,0.6161507674745195,0.6006079237186055,0.22579826462131444,0.04719411769533006,0.1491105458173973,0.00035378476467553004,0.0006755009337313,0.3,0.8,0.1,40,0.1808357406871683,0.1553034775655902
9,22,0.26497200700742957,0.613063136856284,0.604123293756722,0.23445429468112314,0.0552036411850117,0.14510227022888494,0.00028384068922101,0.00052152721262142,0.3,0.8,0.1,42,0.1816125729605245,0.1638294650030323
9,23,0.26282885823069224,0.6142457936209058,0.6125414827357416,0.23397846423835852,0.04646025603713321,0.1421447860397653,0.00030532783416184,0.00084490720020527,0.3,0.8,0.1,44,0.1696275260342601,0.1653862394726099
9,24,0.2558599142346467,0.6011247563992531,0.5902369377047743,0.26037792296991613,0.0645557495654207,0.1422999818057391,0.00040232321406036,0.0066774638591032805,0.3,0.8,0.1,46,0.1800861196728667,0.1584098704821289
9,25,0.2550571745549576,0.6037940390505662,0.6002664589591963,0.2695874636349094,0.04549617654917451,0.14257079463341768,0.00038863675628297,0.0049043268094586204,0.3,0.8,0.1,48,0.179015123839017,0.1604899359613965
9,26,0.2544526157014306,0.6066521028204191,0.6104806182929956,0.2854355464688206,0.04565273792325551,0.1422999795189983,0.00040232315443176,0.00667746286943178,0.3,0.8,0.1,50,0.1735881806214022,0.1644144136269593
9,27,0.24306412742456787,0.5959148250917935,0.6053864567700963,0.3062861599429432,0.04837247057522656,0.13456070962393155,0.00020441493593026,0.00042673403970673,0.3,0.8,0.1,56,0.1786583355390278,0.1704826853470152
9,28,0.2448141285492086,0.5971294258894991,0.6062898924690844,0.3976704086905352,0.04396325891948716,0.14299098416436326,0.0008478187926520501,0.00099521410068492,0.3,0.8,0.1,83,0.1889330837137078,0.1985991168868489
9,29,0.24175697766291918,0.6031472513761351,0.6336945601033898,0.4408913302731476,0.0744852945469075,0.13908958749766498,0.00418145098448404,0.0049794428069953305,0.3,0.8,0.1,84,0.1835153135703513,0.1697890232761705
9,30,0.2417569556173406,0.6068584029014117,0.6449201433052973,0.45233670364835116,0.04557001536152545,0.1390895875048091,0.0041814224863305095,0.00497945034319519,0.3,0.8,0.1,86,0.1835153138484428,0.1697890233844292
9,31,0.24108013953047355,0.6058218445404719,0.643687214798227,0.4588987556357099,0.048179223182300446,0.13922254602054535,0.0043237094969539504,0.00498160262125894,0.3,0.8,0.1,88,0.1889446559082525,0.1802530910162496
9,32,0.24017808020596304,0.6083823501202424,0.6536273850296651,0.46408788027212294,0.047073513477769266,0.13921862901975965,0.00389488238997074,0.0050830503092091,0.3,0.8,0.1,90,0.1820552427988545,0.178106519337268
9,33,0.2404819087700262,0.6084334937684167,0.6535422721012113,0.4923076560181241,0.049674896270728464,0.13922341646837377,0.00491966092837633,0.00564279091485994,0.3,0.8,0.1,91,0.1838588079132963,0.1756527378191354
9,34,0.23837143564952137,0.6285008962637401,0.7186483173205623,0.734598552960018,0.04438772156204287,0.1436684766471831,0.0013554994186147202,0.0017408560820176898,0.3,0.8,0.1,133,0.2428788802786944,0.1653849177505296
9,35,0.23589753367213132,0.6348372646743375,0.7463116348047288,0.8240744631821209,0.04845609799475567,0.13947612067287463,0.00453942778296112,0.014610595169586621,0.3,0.8,0.1,153,0.1815887861008211,0.169523370252433
10,0,0.8968925951616324,0.9650315214180742,0.9592628093727854,0.13962840514810407,0.0,0.0,0.0,0.0,0.3,0.8,0.1,1,1.1843360424372802,0.7519656060969548
10,1,0.6360159331029778,0.8718884883570275,0.8389009892960385,0.13845337367038044,0.2869957595053957,0.09863972067977718,0.00045200258051045,0.00057771789157261,0.3,0.8,0.1,3,0.5671113524401803,0.4675689842327974
10,2,0.43166804802056846,0.7424181978023345,0.6952176998667471,0.10505881897634763,0.5504945214391225,0.09441559702087854,0.00024324533654152997,0.00016723194079434,0.3,0.8,0.1,4,0.610123066929998,0.2269943639407137
10,3,0.33169336956938367,0.65641500873831,0.5950883047559086,0.08248514550831537,0.20476279925501384,0.09355449561722656,0.00010431263708914999,0.00012496782032896,0.3,0.8,0.1,6,0.5554207992435687,0.1415201878218511
10,4,0.3139406218505219,0.6422089887286055,0.585211485715614,0.0994670845473986,0.06937417086860344,0.09810636846754392,0.00013105321717274,0.00016633155951673002,0.3,0.8,0.1,8,0.6148230659834684,0.1491316451997026
10,5,0.3084122258866289,0.6401306856404885,0.589694173723588,0.10408791338450663,0.04146222158337685,0.09807408602757296,0.00013094956145776,0.00016209447393529,0.3,0.8,0.1,10,0.5900609279999967,0.1517284728074242
10,6,0.2637255791607168,0.5889149273117378,0.5298036979731462,0.09729120485206492,0.13935887529115706,0.10262706776201506,0.00013290427084194,0.00016861185618547,0.3,0.8,0.1,12,0.5102481858634245,0.1366465816760003
10,7,0.24720334226972804,0.5661860449279755,0.5024997249241884,0.10128416394599679,0.09312456765873622,0.11919006029997187,0.00017086666033763,0.00021884907111946998,0.3,0.8,0.1,14,0.3570237039147085,0.2008887685004773
10,8,0.2171311553300296,0.5215236790302124,0.4499830233411891,0.09241563022327005,0.2352230091903845,0.12908443325923422,0.00014971281111044,0.00019237763374159,0.3,0.8,0.1,15,0.3747954078780616,0.1697981325243628
10,9,0.2049474573130957,0.5054470909574311,0.43806443951312113,0.0942647340335843,0.0813921051620196,0.13090207943724438,0.00016413355589171,0.00020383486526891,0.3,0.8,0.1,17,0.3277869559455806,0.2413763378958001
10,10,0.19903639092936448,0.4993794863908516,0.4379220824249547,0.09857133077278322,0.059142881489875315,0.13033065464509155,0.0001923474879094,0.00023877925992320001,0.3,0.8,0.1,19,0.3267308201700304,0.2419183293626188
10,11,0.19712425679099957,0.48872180178125985,0.4117075840351304,0.10265351644512481,0.05242711715423277,0.1302583167520286,0.00017771479041172,0.00022110342233257,0.3,0.8,0.1,20,0.380435805754251,0.2351317303598644
10,12,0.19691930048347228,0.49213513794283825,0.4225985037329072,0.10997397290807802,0.039474309774227806,0.1300128468367388,0.00017675323368392,0.00021995731513116003,0.3,0.8,0.1,23,0.3813845813643004,0.2318269885060057
10,13,0.18379269183376246,0.4736993499636913,0.4082462471091847,0.11903925184937632,0.1236212456370916,0.12551692329848363,0.00017543548625488,0.00022353243810390003,0.3,0.8,0.1,24,0.297157351097514,0.2492739093172013
10,14,0.17457221869308936,0.46153351795794145,0.4012149146113897,0.13365100714149797,0.04631472205229852,0.12052728122550109,0.00023530618006829,0.00021010004873894998,0.3,0.8,0.1,30,0.3371420249777009,0.2080019061062187
10,15,0.16492382676000977,0.4454621918512691,0.38925714985690407,0.13123430812995554,0.12203631095155242,0.1232250713104578,0.00026312981125008,0.00022088306631176002,0.3,0.8,0.1,31,0.3052601824673658,0.2081086951583648
10,16,0.16165686471844676,0.4388233643040853,0.38152888582993755,0.13815267044587157,0.050791811027519944,0.12305622192642128,0.00028272614548769,0.00022339145669824,0.3,0.8,0.1,33,0.2892274740853223,0.1996553275303502
10,17,0.159209032809426,0.43268007731160113,0.3678715012524238,0.13279611916807968,0.03475991743991649,0.1150440328445004,0.00024269668381082002,0.00023754150582867001,0.3,0.8,0.1,37,0.2850938181931221,0.2228457087610543
10,18,0.15558620007444673,0.43124283348656667,0.37980877213726605,0.14875442440143924,0.07732186517137771,0.11869632633630615,0.00033467773153197,0.00023173731954186,0.3,0.8,0.1,38,0.2718859959699621,0.2598483969437213
10,19,0.1499440197955587,0.42963532536360755,0.39857516322695213,0.17488055502075867,0.04985020390560548,0.1200769696592839,0.00032707290106286,0.00024787928310621,0.3,0.8,0.1,42,0.2517631413803062,0.1568582963120814
10,20,0.14853621834154912,0.42079850403813795,0.3811176315021689,0.1707872569328126,0.06543623330001082,0.12557700061407578,0.00023284431613454997,0.00030233363071329,0.3,0.8,0.1,43,0.2282927002390006,0.1737888659637504
10,21,0.1390625913453544,0.40894974417566665,0.38145352517187303,0.17719648162603455,0.07142123441468766,0.11849489707311774,0.00035628618734501996,0.00026195781936332003,0.3,0.8,0.1,45,0.2335405412212515,0.1749901361327073
10,22,0.13266612654893992,0.39602273396923837,0.3666891973880255,0.18017343824911594,0.08000113097830405,0.11289980094065899,0.00022018449521130998,0.00024023806071662998,0.3,0.8,0.1,46,0.3175624380663154,0.1473439157909058
10,23,0.12567457611071522,0.3707398745208159,0.3364664335003591,0.18734540789306006,0.06343427655640457,0.1279792086067498,0.00038166437609019,0.00032401077335227,0.3,0.8,0.1,51,0.2104472215660771,0.1122403097881777
10,24,0.11441830447980877,0.344800569938295,0.3133228997090986,0.19706468468684055,0.1558169217145891,0.12392507181116862,0.00058414493944552,0.00039555994118540004,0.3,0.8,0.1,52,0.1659920010175253,0.1343784664918524
10,25,0.11039117910154504,0.326548396478105,0.28495535638408515,0.18731905453221942,0.10387730654162712,0.1281572770644692,0.000519310406778,0.00047105676672349,0.3,0.8,0.1,53,0.197220410115228,0.1267404824712114
10,26,0.1087115916310376,0.33130011982968066,0.304495464141867,0.20783894651901327,0.03917784975245134,0.12412820018992483,0.00052082340237158,0.00041769539173203,0.3,0.8,0.1,57,0.1958678635260453,0.1176841579763947
10,27,0.09907151355125114,0.290035066390002,0.2490820889317028,0.1993032544356294,0.12338427147939318,0.1333020210119277,0.00042063148181819,0.00028596876915387996,0.3,0.8,0.1,59,0.132283274127949,0.1169139129518628
10,28,0.09443929437792872,0.2847585823469569,0.25696289768744746,0.2352460895790917,0.05097003842001213,0.12786796953884574,0.00073767283937676,0.0005178494560426999,0.3,0.8,0.1,63,0.1413322420664513,0.1121313063566779
10,29,0.09141935196334643,0.28136904680635283,0.2668468304317405,0.25898210215102296,0.04497235479695148,0.1277045417048902,0.00058980784831227,0.00048037117617282,0.3,0.8,0.1,70,0.1450417059681086,0.1119194568735384
10,30,0.08997115709751427,0.2760163666189535,0.26060702270194974,0.2678584015773105,0.05023794552524375,0.12754761459900418,0.00067079323892061,0.0005508549157599,0.3,0.8,0.1,72,0.1460778161367098,0.1009335924608363
10,31,0.08586812952371625,0.27460920325632976,0.26649903160630684,0.2843420797630468,0.035946908585822966,0.11485543685225401,0.0006712574338440101,0.00049008969584756,0.3,0.8,0.1,77,0.1460318018800594,0.1011360651761581
10,32,0.08597042680548085,0.275177550913143,0.2738560434560813,0.35806251917767984,0.03790696109827236,0.11776520263898312,0.0010205883975546999,0.00153587091549803,0.3,0.8,0.1,88,0.216070581495004,0.0933498628846127
10,33,0.08259649230161493,0.2655398371878849,0.2695215593163073,0.3724938117621706,0.0547112635224422,0.11845731363475591,0.0008825491306084299,0.00111278195477862,0.3,0.8,0.1,91,0.1806860362860667,0.0897256890310519
10,34,0.08376089626394749,0.2660615348740821,0.27660568432703636,0.40186692301896154,0.04242219256845354,0.12817329762054303,0.00055238107037018,0.00041876026913264,0.3,0.8,0.1,98,0.1768285347335101,0.0750800014620939
10,35,0.0817936900436964,0.25989118844843606,0.2628131177821916,0.41214665899743846,0.03767885384401337,0.12189842673836343,0.00064113544535935,0.00047464181967509,0.3,0.8,0.1,103,0.1997664867299025,0.1011965175107136
10,36,0.08147444651119859,0.2560280630233649,0.26488358406789175,0.422577680282628,0.05898807276562447,0.1284117382367739,0.0007034433123122199,0.0005220122474982,0.3,0.8,0.1,105,0.1688583747145915,0.1086425750293314
10,37,0.0810182828042017,0.26169578375034785,0.28530143755418474,0.4969107703491707,0.039592798451029365,0.12724074105998293,0.00107416369420838,0.00042120091317748,0.3,0.8,0.1,118,0.1871393560270213,0.0910383418598838
10,38,0.07521714596880855,0.24810864145142061,0.2700359915526746,0.482911456657606,0.05673125973280331,0.1161004123454902,0.00096845318714513,0.00054910115090638,0.3,0.8,0.1,120,0.185560523557939,0.107643884638993
10,39,0.07514575223622352,0.24786324500599424,0.26975325892694596,0.48656435431895967,0.03658068227227393,0.11603134109090835,0.0009708861533843901,0.00054701632617726,0.3,0.8,0.1,121,0.1976309015343611,0.1075782621581359
10,40,0.07432273723506894,0.24793653951185837,0.27674113110166665,0.5008507002451837,0.050448789326989235,0.11602543813591527,0.00097059812954479,0.00054866225615893,0.3,0.8,0.1,122,0.1858804643825931,0.0970618555427353
10,41,0.07216686234289144,0.2597984561309109,0.32520425094201566,0.548261099517724,0.036598741556645394,0.11400184055340931,0.00066493219833899,0.00098768477904537,0.3,0.8,0.1,135,0.1545916809663017,0.0722255073320623
10,42,0.07378517262884882,0.2752448943617193,0.37049316604864674,0.6880812672575113,0.036975930988130915,0.12035014158974178,0.00066655214389776,0.00099973592873796,0.3,0.8,0.1,158,0.1550532653876545,0.0719839977079555
10,43,0.0754374728273596,0.28024103922021865,0.38292184398076023,0.7512183502262516,0.03882621671565417,0.12637251011877132,0.00064399458728234,0.00092766488355472,0.3,0.8,0.1,169,0.1512753378524324,0.0785070948636204
10,44,0.07497881885378593,0.2645345697787646,0.3370797107696616,0.758397118692401,0.038503285426270455,0.12521387274759047,0.0006498843851425399,0.00045978450240481,0.3,0.8,0.1,174,0.1757404781732729,0.0876440604802486
10,45,0.07368770174196018,0.25786447177148764,0.32927226828314926,0.7753748786385395,0.052578685462319794,0.12576020929900766,0.00072216078958012,0.00048505881473217004,0.3,0.8,0.1,176,0.1637838395842617,0.0917685342307568
10,46,0.07330981655913246,0.25972445349218254,0.3383365508155301,0.7823470930735031,0.042249313977490356,0.1258702985783553,0.00071950867677542,0.00046232514859357,0.3,0.8,0.1,178,0.1764078230183434,0.087277843678082
11,0,0.9431655719008564,0.9811791130512624,0.9780742557914645,0.14412873979155125,0.0,0.0,0.0,0.0,0.3,0.8,0.1,1,0.9958437412147616,0.7596908700388042
11,1,0.7821698468359651,0.9349694142664836,0.9203875549750709,0.15240282722832124,0.16684298745668655,0.0778194371698391,1.754155280119e-05,1.463755218458e-05,0.3,0.8,0.1,3,0.8797031512390117,0.5489347684964168
11,2,0.48826972495433757,0.7832041660718804,0.7425285592255199,0.1173156301837481,0.6821970497392701,0.09874301094874366,0.0001672101760943,0.00013118813950056,0.3,0.8,0.1,4,0.5425929145238167,0.2379840071894365
11,3,0.37745759381717003,0.6987233541668669,0.6440980730346382,0.0995927532255822,0.20424109518165498,0.09911325034119436,0.00012956939520618,0.00010734194410419,0.3,0.8,0.1,6,0.3767756012491388,0.2043743240121191
11,4,0.3661871506335557,0.6926647778361356,0.6436949393658036,0.10886120146001232,0.05458793900382001,0.10405863585082846,0.00014536670885403,0.00013535822939146999,0.3,0.8,0.1,8,0.406346339658506,0.1799193159216527
11,5,0.3000034160167153,0.6269314659793004,0.5665691337409239,0.09521226286342567,0.1770967725065224,0.11511721496083036,0.00015368404335891,0.0001442651008668,0.3,0.8,0.1,10,0.3427680507877554,0.2814135698350831
11,6,0.2998281502486093,0.626748340274642,0.5663721076793321,0.09736251388487482,0.0349215397897911,0.11479020364198919,0.00015290549167651,0.00014289528224147,0.3,0.8,0.1,11,0.342545993365047,0.2796971810939332
11,7,0.29991095967591147,0.6305256170941017,0.5776346779093022,0.10135409676560397,0.03554360738998829,0.11558287575158313,0.00015808153376576,0.00014846578729899002,0.3,0.8,0.1,12,0.3439396941549988,0.2890942927520772
11,8,0.29963137792258726,0.6302302684458215,0.5773118266946579,0.10356061370769867,0.035375680660390554,0.11515742717349513,0.00015710639654227,0.00014682116796265,0.3,0.8,0.1,13,0.3434039683236649,0.2856251842041635
11,9,0.2830489087202624,0.6116142656039779,0.5558476744490117,0.10136125225408764,0.06895563373629822,0.11051491990377649,0.00020365793254269,0.00018939333251245,0.3,0.8,0.1,15,0.3034348567775006,0.3607842531259567
11,10,0.26514328473552357,0.5828472635330276,0.5079822015829379,0.10343137125670157,0.14253371779901872,0.12132467279274882,0.00030331978341782,0.00020604328549159,0.3,0.8,0.1,16,0.3191570145653268,0.245043581860864
11,11,0.24580056592764768,0.5567261828156802,0.47755040528960596,0.10088404635527896,0.14082330458938752,0.12142239002396768,0.00028091069457235,0.00018623420556055,0.3,0.8,0.1,17,0.2186612163202777,0.2571033197996452
11,12,0.24578353833133385,0.5602923819263503,0.4886086912854105,0.10288675503750269,0.036703600394225246,0.12132467279274882,0.00030331978341782,0.00020604328549159,0.3,0.8,0.1,18,0.3158029459065085,0.2634369179950678
11,13,0.23662528475644015,0.5459719915685312,0.47114548576042997,0.10978124322009718,0.12131593371349005,0.13679157944735573,0.00040111777472894,0.00032926781570091,0.3,0.8,0.1,19,0.2633679521791519,0.2530088779448985
11,14,0.22890026105676436,0.5402221615116957,0.47207663182627824,0.10867650161659877,0.056769964508354614,0.12268822793490633,0.00019502244887343,0.00019731627990576998,0.3,0.8,0.1,20,0.2228606901080026,0.2992497412763654
11,15,0.21152309871449135,0.5173398414747726,0.44646117630752324,0.0925979548456415,0.09881800394840493,0.1015487137116559,0.00022872064327393002,0.00020135432420556,0.3,0.8,0.1,21,0.2797145155989288,0.2048239309383894
11,16,0.17445831668596581,0.45221792874114397,0.37004111303929177,0.08200651349274037,0.3164153887912966,0.11283859453986086,0.00020355007399685998,0.00017910416391758,0.3,0.8,0.1,22,0.1787001273984385,0.2042776786605868
11,17,0.11565221893013365,0.312505905023087,0.2067884100180681,0.047792006453618086,0.3313134154338029,0.12282881447662354,0.0001874803233488,0.00019176911955394,0.3,0.8,0.1,24,0.1066452260541806,0.0686126897735995
11,18,0.11565221864374725,0.3125059050908566,0.2067884100858377,0.050362155083224384,0.037017850764690975,0.12282881470351974,0.00018748032277447,0.00019176912115594,0.3,0.8,0.1,25,0.1066452269163835,0.0686126896588503
11,19,0.08767941003347246,0.22734124452858864,0.1213576241431251,0.037145340478190625,0.1646211540657199,0.12318340700946175,0.00021133648282007,0.00021249189096049,0.3,0.8,0.1,28,0.0597317042846465,0.0449144317960728
11,20,0.07956623627089579,0.20132637172735907,0.09138542774187758,0.06669069218143484,0.04501295528485765,0.11638779161007554,0.00022939623111636003,0.00018863122517712,0.3,0.8,0.1,38,0.0910874296126485,0.1452104711258139
11,21,0.07003938809734479,0.17064659491363554,0.06287035894265051,0.06409801599582543,0.10004955098733102,0.1098109506044166,0.00024286290548629,0.00019059554918804002,0.3,0.8,0.1,40,0.0783690264910278,0.1239262451302779
11,22,0.0736139836109625,0.20843998405102973,0.1751959626264853,0.23433625139751868,0.037999092931636835,0.12432142376803985,0.00027809504902641,0.00030672172098597,0.3,0.8,0.1,74,0.0662535098120972,0.2369629189302487
11,23,0.07207886525070042,0.20548893744559496,0.17867843118562068,0.24953789263020962,0.0441937177911496,0.12362896218610804,0.00040812556296656997,0.00024367125030990002,0.3,0.8,0.1,78,0.0726094738765619,0.1728826287426996
11,24,0.07206338362276946,0.212837672597017,0.20104386888029366,0.2842814724103071,0.03748838113910031,0.12362880136136586,0.00040843979947596,0.00024621441756875,0.3,0.8,0.1,84,0.0725221059055348,0.1726202190273318
11,25,0.07144729978947152,0.21075138885992314,0.19864872240142337,0.30221957022127904,0.03916280754511862,0.12312432398958259,0.0003283282958346,0.00025977225428606,0.3,0.8,0.1,88,0.0682088248116241,0.1890734778871662
11,26,0.07037604705099837,0.2166072513805013,0.22616684192691025,0.3402333121969193,0.040436239642297485,0.12320531271909724,0.0003798307496682,0.00023719975603911,0.3,0.8,0.1,95,0.086123581192264,0.1912140433810935
11,27,0.06915549733837541,0.2077485962807507,0.2089745690561208,0.3156599917346129,0.05758876809142551,0.12203522523986352,0.0004919479761702099,0.00103139940991027,0.3,0.8,0.1,96,0.0930460617965563,0.2447901682056822
11,28,0.06740335774036517,0.1998274979411063,0.19977301557284335,0.3491929261610898,0.04152171939555627,0.1217820656096001,0.00039189639468904005,0.00099862839503397,0.3,0.8,0.1,103,0.1017221908311879,0.2123815457549598
11,29,0.06739370748109644,0.20349092050909875,0.21094300006089856,0.36355606076999486,0.03704657662412605,0.12178058355477701,0.00039213305005617006,0.00100161175976714,0.3,0.8,0.1,105,0.1015307574071012,0.2124061912645205
11,30,0.06727817603339503,0.2028094080167721,0.21014441246897783,0.3863579391139834,0.03739447009646956,0.1218746365938942,0.00039258513784511,0.00099846637294167,0.3,0.8,0.1,112,0.1022805321632401,0.2119671007825933
11,31,0.06724658812069909,0.20267682425013914,0.20999093446637748,0.3975210098894178,0.037231627955999255,0.12184974027202658,0.00039406781053953,0.0010016586982108,0.3,0.8,0.1,114,0.105974675394471,0.211136650762262
11,32,0.06691634029824745,0.20470699684142737,0.2192563539256316,0.41179560568305396,0.04047158689890615,0.12188699666211526,0.00039400064254616003,0.00100284986204363,0.3,0.8,0.1,116,0.0973390920357151,0.2124355928997046
11,33,0.06687625361355796,0.20823722965150923,0.23027195322026955,0.4227592397113457,0.03734083372338989,0.12187635115830521,0.00039242965654091,0.00100134305814349,0.3,0.8,0.1,118,0.0957727972613609,0.2124361526539072
11,34,0.06669916716289936,0.20650767739279,0.22822190885373775,0.48685125301516685,0.03799276382763034,0.12276391041301703,0.0004191487582291,0.00025704601901165,0.3,0.8,0.1,128,0.0810901514093484,0.1848479349326815
11,35,0.0664601203956979,0.20159593790870525,0.21559764291998204,0.39226769242317766,0.03817830176089352,0.12276391022051034,0.00041926078680339996,0.00025704601340205,0.3,0.8,0.1,133,0.0792781598217767,0.1839488160513024
11,36,0.06631628920133481,0.21199856088504712,0.24842266560400952,0.5323732664305614,0.0374754215519489,0.12268389097305116,0.00045090063353913,0.00026607048068833,0.3,0.8,0.1,144,0.0986675648770482,0.1979217045096745
11,37,0.06500799237600652,0.20530402659776184,0.24062178070584397,0.5382025092051648,0.06477452075318398,0.12257912894635602,0.00050525161773195,0.00026532984332171,0.3,0.8,0.1,145,0.0849550492826218,0.1994659672645935
12,0,1.0,1.0,1.0,0.1493741180123649,0.0,0.0,0.0,0.0,0.3,0.8,0.1,1,0.7512946644302961,0.7553220928036443
12,1,0.8421329422961404,0.9635889946879651,0.9525446545432593,0.1655548159393718,0.16861043023736896,0.10173503179213075,1.806659977274e-05,2.5021892736409997e-05,0.3,0.8,0.1,3,0.6583691343030051,0.5493105570187297
12,2,0.47525787993716384,0.7743625753105852,0.7322062581008174,0.11494832223956923,0.8078019153285771,0.0989296526837541,0.00024396007576038,0.00029789190312578,0.3,0.8,0.1,4,0.4351324408996769,0.2219932747795621
12,3,0.46210839769085954,0.7687619641826475,0.7326329213639815,0.12394205330219063,0.048198945713140956,0.09792488881983688,0.00024732532841681,0.00031581615419911996,0.3,0.8,0.1,6,0.4054355711092729,0.2075045795576326
12,4,0.44324866896748594,0.7551814961611509,0.716746423030063,0.12531859283698982,0.04442107924072984,0.09906605939492218,0.00031658966937153003,0.000319763647365,0.3,0.8,0.1,10,0.4579854676228265,0.3271613490362172
12,5,0.417132026247987,0.7351677845124713,0.6934828857360112,0.12178498493568743,0.11094047014674889,0.09817220507714536,0.00025771065995494,0.00033051442954574003,0.3,0.8,0.1,11,0.4462635483970348,0.2444816863670439
12,6,0.41298467324533744,0.7355858886477037,0.7008853039771727,0.1257816318462184,0.042868734626461305,0.09771363077991754,0.00032244735321866,0.00039065007950468006,0.3,0.8,0.1,12,0.4157910848983403,0.2550448540566852
12,7,0.3946204492315853,0.721116124898204,0.6835941542519283,0.12474681747476465,0.10278450906030186,0.10615064778752742,0.00042960092030975,0.00055096402738376,0.3,0.8,0.1,13,0.4907502385186657,0.2306813849752216
12,8,0.3668446252928448,0.7008079569309051,0.6667746211728219,0.1286802767087632,0.13328621270067637,0.10811951195943581,0.00020255654177366,0.00030177635538586003,0.3,0.8,0.1,14,0.3689070865368058,0.1789270775921644
12,9,0.35410375705271213,0.6852696771585047,0.6421644960023509,0.12623367104544414,0.06918342635087223,0.09999518936064676,0.00026271717839433,0.0003269602364711,0.3,0.8,0.1,15,0.4043217742670946,0.2076430978415647
12,10,0.33993034701307584,0.6793917999037126,0.648775533952589,0.1281809679747496,0.09584416502271537,0.10698148028143967,0.00026208240006883,0.00033966222191957,0.3,0.8,0.1,16,0.2949558016230076,0.1477052151721901
12,11,0.310613824337068,0.6423069583142551,0.5917894797069629,0.12247680746462897,0.1540381002348233,0.1065495125690022,0.00026544955502104,0.00032992538828915003,0.3,0.8,0.1,17,0.360246794359317,0.1887613947309254
12,12,0.2993285823883422,0.6338930138618374,0.5889379356982312,0.12315182718584539,0.08074581686404679,0.10537392052272336,0.00033193969382398,0.00040236706239671,0.3,0.8,0.1,18,0.335854593767126,0.1761346907399466
12,13,0.28993252233449557,0.6233465189115804,0.5765508179458854,0.12169449305386293,0.07853331741889116,0.10759780388009324,0.00026735975188281,0.00035601800600134,0.3,0.8,0.1,19,0.3196132276713641,0.1393117229789903
12,14,0.2835896229832173,0.6197852071469939,0.5792931130151763,0.12577581017834435,0.0628939025400239,0.10736058010095907,0.00042113938035616,0.00051043389653011,0.3,0.8,0.1,20,0.332865652811826,0.1650454972101571
12,15,0.27092255679146854,0.6046589212252076,0.5615837775900161,0.12474224794019652,0.09769114180779487,0.10934672809874753,0.00034818209393213,0.00045094832158415997,0.3,0.8,0.1,21,0.3113311568564901,0.1209628221022485
12,16,0.2700253633418914,0.6034305204705861,0.5600500285386375,0.12313599055007243,0.04138283842968969,0.11117039433941511,0.000427705864573,0.00057031731670012,0.3,0.8,0.1,22,0.3267222590901561,0.1174720526986504
12,17,0.2675398360677986,0.6040866085826675,0.5677116828201692,0.12962074853601757,0.04650545259380428,0.11132051550376393,0.00041132260786867,0.00054827629777783,0.3,0.8,0.1,23,0.3190070317813796,0.1177087368126831
12,18,0.23301468797090785,0.5624500044624509,0.5261728539689355,0.1335616427090389,0.1261088230256646,0.11047249265749116,0.00027277007051851,0.00030242331367647,0.3,0.8,0.1,25,0.3087995637917051,0.1826658619809499
12,19,0.2069591201751471,0.5265433450926763,0.49104761326225893,0.123382603630672,0.11875858824791054,0.11406729373165513,0.00040167709727356,0.00044465703898013997,0.3,0.8,0.1,27,0.3073450291478672,0.188208412950187
12,20,0.20383583836563243,0.5214591410212369,0.48510564329190214,0.12802812467495933,0.05614999039350999,0.11446786692597405,0.00039432009109077997,0.00045814410245173997,0.3,0.8,0.1,28,0.3086148657445076,0.1866979398273872
12,21,0.19445261958362922,0.5071679009862097,0.46875636746548427,0.12572262308027632,0.058610853820392425,0.10873073056611182,0.00029331531594568004,0.00031642416457485997,0.3,0.8,0.1,30,0.2590867508798142,0.1420870740962342
12,22,0.18862114486937998,0.4968033664071808,0.4565531993737922,0.14250856806539028,0.08025373914049891,0.11123066006367384,0.00032281636860526997,0.00038827477187481,0.3,0.8,0.1,31,0.2792737076275083,0.1418677795306246
12,23,0.17751850171219044,0.4805125336964787,0.4444794904255169,0.12379486930659263,0.115496212341083,0.11103555103375166,0.00037568553788641,0.00040794076588380996,0.3,0.8,0.1,32,0.2570088592744207,0.1649734109191475
12,24,0.1733433650742156,0.4684116824350598,0.42336894291101224,0.13303570171212492,0.07170594387995703,0.11322811560315,0.00039357614771831,0.00042857921222845004,0.3,0.8,0.1,33,0.2551735828007686,0.1502027733127967
12,25,0.148119639475962,0.42508449122998193,0.38678718127016376,0.12364039523156585,0.24159862276308247,0.11174423823456166,0.00029464110739032,0.00029804668198586996,0.3,0.8,0.1,34,0.1919478394676736,0.2072757688012559
12,26,0.1442345735868925,0.4210302404628295,0.3819893230796922,0.15236387209189786,0.047573615806981266,0.11340553658684224,0.00024478160520878,0.00024670277173915,0.3,0.8,0.1,37,0.1754860760438103,0.1380220502053862
12,27,0.11899180311650397,0.3532109333884204,0.3030135712726813,0.13319499757187117,0.1624693679072585,0.11274380526736835,0.00025224082175099997,0.00025355439780548,0.3,0.8,0.1,39,0.1570995760492455,0.1307490414908342
12,28,0.1177292726299867,0.3574591195390296,0.32179457722541843,0.16096342243884618,0.036984305916496665,0.11219718911400303,0.00025080071829988,0.00023562101022567001,0.3,0.8,0.1,43,0.1509605100491795,0.1373159197967143
12,29,0.11652197739327118,0.36106781735524235,0.33975976196120533,0.17499189161006753,0.04255278322527381,0.11299429739050211,0.00027662560206161,0.00026006687586924,0.3,0.8,0.1,45,0.1583532299262022,0.14037243175958
12,30,0.11347510259155766,0.3489159543422662,0.31871639942964447,0.16840361014212693,0.04552844534163399,0.11267700847971096,0.00027765419758159,0.00027046794831576,0.3,0.8,0.1,48,0.1547152472253501,0.0786783176018343
12,31,0.11140243954407852,0.3501297504693477,0.33391545831715264,0.19427443378919276,0.060268061290959,0.11308903510502243,0.0002748010364153,0.00023284041670261,0.3,0.8,0.1,49,0.1558663702830812,0.1290515208496982
12,32,0.11075030295457602,0.3482175942196684,0.33168744392064464,0.20022942399497,0.0420694018852357,0.11309526624259046,0.00027547759645712,0.00023367005983999998,0.3,0.8,0.1,50,0.15575059010558,0.1292285589676645
12,33,0.10922979036873241,0.3492279013073226,0.33991535647483695,0.21769285838382035,0.034772735394496816,0.10948958808051137,0.00046997669242658004,0.00048044804943872,0.3,0.8,0.1,55,0.158695145357032,0.0957638621227739
12,34,0.10853598219510663,0.3496101680743065,0.3471512674987315,0.23029859352790563,0.04233732787987801,0.11189884396828938,0.00043359409100392004,0.00031035777888893,0.3,0.8,0.1,57,0.168932344283453,0.1043519245345086
12,35,0.10522176995933678,0.3419583768834153,0.3384229313832744,0.21432285320058672,0.06002818299190157,0.10847706206063369,0.00031180887127025,0.00029062214241685,0.3,0.8,0.1,58,0.1324936598187687,0.0884292743784396
12,36,0.1000134373515511,0.32233331969610646,0.32195293646185574,0.23277616753582214,0.05758301809089743,0.11877196935458052,0.00031202129279847004,0.00029539113411074003,0.3,0.8,0.1,63,0.1351832913698981,0.0839912659884418
12,37,0.08942043497467123,0.29300525360275925,0.2949263807297474,0.23418790746412188,0.0670559538611694,0.11391847465463491,0.00032163342248151997,0.00038251206700467,0.3,0.8,0.1,67,0.119026456025937,0.0873991367915582
12,38,0.08869918158327778,0.2937735240088356,0.3027036481642046,0.25121345685205976,0.04091048365751828,0.11431652382046631,0.00032338255561789,0.00038435192076794,0.3,0.8,0.1,69,0.1172733969836773,0.0880100054720884
12,39,0.0883434857115888,0.2924539650281517,0.30116531609186037,0.2650579283573372,0.0359662130866124,0.11427051952373118,0.000348982062867,0.00038284427656722997,0.3,0.8,0.1,73,0.1197105349052262,0.0878945057662139
12,40,0.08697430491168592,0.2877350758691379,0.2956886068480878,0.27430922247100303,0.053427288604277326,0.11386346473122284,0.00034480829618044,0.0003847279705965,0.3,0.8,0.1,74,0.1166847135960115,0.0838818612393419
12,41,0.08732742575777304,0.28729166949340185,0.2950657220772996,0.3137181479382574,0.03735958466075067,0.11587526202241867,0.00038758885903423,0.00045424242165778,0.3,0.8,0.1,76,0.1248477768086716,0.078170152988271
12,42,0.08516452666508847,0.2870487186244902,0.3086166280602237,0.31380951996165934,0.04265994264675436,0.11520196160627322,0.00040870627527614,0.0005177157671256,0.3,0.8,0.1,80,0.133376537666824,0.0749628727649092
12,43,0.08549121373856756,0.28725243743961876,0.30879253047846356,0.34362904417323625,0.03549056181891141,0.11635689445127081,0.00043405033466333996,0.00057331047445718,0.3,0.8,0.1,84,0.1190496279341908,0.0722983520149246
12,44,0.08467674506039147,0.2885808695507645,0.31728554704186573,0.360378732216193,0.03941582402070122,0.11559440076806322,0.00039893091683964,0.00052237320403223,0.3,0.8,0.1,86,0.1243581570978914,0.0739112313283626
12,45,0.0841816737603806,0.2940564576005427,0.33746657614901804,0.3779067260703458,0.03668191079636658,0.11560549822471611,0.00040981468771781,0.00054116202613826,0.3,0.8,0.1,91,0.1252354350284704,0.0744367661374599
12,46,0.08424548949771703,0.2898660898594053,0.3256398211502899,0.3748150682518262,0.03845451401995561,0.11636100357068055,0.00045044098164366,0.00054949022799326,0.3,0.8,0.1,92,0.1237202257555603,0.0651112238524789
12,47,0.08241390903247323,0.2892983644898765,0.33204455926224286,0.4838813582974824,0.035271148106483664,0.1129989633424413,0.00047600903298502,0.0004955276751249,0.3,0.8,0.1,111,0.1234274372316184,0.1091480058697928
12,48,0.08110292339594323,0.2992713651465358,0.37128813744908545,0.5963363304458486,0.035035256224189786,0.11262467793767206,0.00049019532462135,0.0005061202256083799,0.3,0.8,0.1,129,0.1235799376230357,0.1079385762903437
12,49,0.08138200231239116,0.3001595389515003,0.372310697308431,0.615583204322398,0.03506327588583497,0.11290139048445322,0.00047978485270418,0.00049478136291766,0.3,0.8,0.1,132,0.1221093481129198,0.1085033986559751
12,50,0.18098849766752384,0.39954407723216867,0.47164624918875997,0.7511723783954503,0.13450245101033872,0.11182554942968946,0.0005469070129557201,1.0,0.3,0.8,0.1,134,0.117806628625604,0.12182558971935
13,0,0.961468528721043,0.9873567764253498,0.9852710988692541,0.14585045254344722,0.0,0.0,0.0,0.0,0.3,0.8,0.1,1,0.912646890956233,0.7540259584169704
13,1,0.7808872257914211,0.9365546673052569,0.9216289959678895,0.15549070719507121,0.187550953021642,0.09004237758893824,1.97544396476e-05,2.145181911544e-05,0.3,0.8,0.1,3,0.9161840178664364,0.5545500628955955
13,2,0.46105491356964506,0.7643688740817058,0.7205742854782514,0.11211896694283519,0.7516586502351161,0.09881665141559753,0.00021637076483267,0.00022801463586082,0.3,0.8,0.1,4,0.496561582205981,0.2210816952255037
13,3,0.43689386823717774,0.7504125508876387,0.7112061667695335,0.11904901546011003,0.06649375435636043,0.09900000527180362,0.00023550207390759002,0.00023266062039474,0.3,0.8,0.1,6,0.5048276352728016,0.2189805459095669
13,4,0.34431353189825337,0.6723455827666914,0.6203149084363522,0.10312381008653981,0.1899057451553756,0.09824790378703421,0.00012338474504678998,9.20168739058e-05,0.3,0.8,0.1,8,0.3973564992033767,0.163423484337697
13,5,0.32451763766143615,0.6567059409133844,0.6086284392081095,0.10538856586647012,0.0763397126355747,0.1055068918803349,0.00019094994963674,0.0001391639475539,0.3,0.8,0.1,10,0.4018649240403027,0.1509388857762413
13,6,0.3040074826390943,0.6318185115379942,0.5733105739424275,0.10841353552353122,0.040470524578241816,0.09360082243519596,0.0002818192620037,0.00012994231672388,0.3,0.8,0.1,16,0.4125208461336996,0.1947975780779539
13,7,0.2946096263612972,0.6361254695315472,0.6053842966079799,0.11333415861688476,0.08895529933689197,0.10456947428975387,0.00033659778190685003,0.00028350521323536,0.3,0.8,0.1,17,0.3812287300010869,0.2397333524739484
13,8,0.2943525753463752,0.6321085840742056,0.5937723715442635,0.10537134137127814,0.03387100878363371,0.10524111412107617,0.00031613298176015,0.00025935149086091003,0.3,0.8,0.1,18,0.3854210955928105,0.2102517443694867
13,9,0.25332008120894944,0.5796460152554357,0.5259870783519813,0.11406070956206708,0.22567057708590554,0.10066661911737011,0.00025549006209936,0.0002702273131498,0.3,0.8,0.1,19,0.357282306127047,0.1152610923779503
13,10,0.24081725350489902,0.5633018695154092,0.5069983354295803,0.10587227736475052,0.06317148650696669,0.09961086413873599,0.00026150203624093,0.00025845084605907,0.3,0.8,0.1,21,0.3221661189364623,0.1337300594585775
13,11,0.22534842021676782,0.5384218855571781,0.4712421747056767,0.1020542908993189,0.11337962406722034,0.0967864010525719,0.00033088203060079003,0.00026687208269024997,0.3,0.8,0.1,22,0.2792104831981996,0.1612484182442855
13,12,0.2005811075697759,0.49976045043779027,0.4258834819852133,0.09532868567606598,0.19871742313070556,0.10336493429791721,0.00029943213583119,0.00014240211150606,0.3,0.8,0.1,23,0.3338141651894968,0.1289666941780299
13,13,0.19924878050048891,0.5012442229780074,0.43449669995122686,0.10408664444011456,0.04099503273962865,0.10372830533961783,0.00029440859981767,0.00015458869309741,0.3,0.8,0.1,24,0.271032790639198,0.1722444011799476
13,14,0.18009423145128128,0.4718407148625809,0.4070661819764202,0.10273890094575767,0.17040000980010617,0.10506410704382978,0.00038316872944769,0.0001997406845401,0.3,0.8,0.1,25,0.2687920508355637,0.1711134797567578
13,15,0.16000084973719716,0.4387593776466046,0.37561803949700207,0.09743065559775246,0.08018248000363093,0.10134943088800685,0.00034832585342769,0.00020529962436039,0.3,0.8,0.1,28,0.2089757280196575,0.124038680146881
13,16,0.1600628780658162,0.43234648040012646,0.36084105747705003,0.10754815189538161,0.04309136644041933,0.10952038807887109,0.00034771554528054,0.00018155421533916,0.3,0.8,0.1,30,0.2534796324244995,0.1791609361143963
13,17,0.14732743461774409,0.4194426003900827,0.3668960509303344,0.11385318007093706,0.07603172980964769,0.1018687740201874,0.0003275564360261,0.00020620375229203,0.3,0.8,0.1,32,0.1943418490145696,0.1196475456335997
13,18,0.14444170023828282,0.40381719765610835,0.33465746790233614,0.10024910520239948,0.07118871918413038,0.10681639191155463,0.00023205556327815,0.00013225112437025,0.3,0.8,0.1,33,0.1988080810337778,0.1355346494345332
13,19,0.1423655178384176,0.41201161748177656,0.36514137660588514,0.11376807422471004,0.03708436952653375,0.1018687740201874,0.0003275564360261,0.00020620375229203,0.3,0.8,0.1,34,0.1889170133464982,0.1241343614470926
13,20,0.11061978181834461,0.32046630063118947,0.24432522601989282,0.09049858776860123,0.38983913012439747,0.10904232294076978,0.00039600086863226006,0.00022107495319951,0.3,0.8,0.1,35,0.1784539783213166,0.1215238673669165
13,21,0.10778401695257415,0.3121778263123721,0.23466680625436825,0.08820583144770407,0.06770096753141606,0.10909868794473279,0.00039447363706846,0.00022217296780254,0.3,0.8,0.1,36,0.1696509756154677,0.1148845394904232
13,22,0.09798893057419275,0.28834777912190906,0.22067884068382948,0.10165070085831646,0.07612698873851365,0.10989000230844367,0.0003365982006721,0.00019636204634237002,0.3,0.8,0.1,39,0.159597104826763,0.0960182631401663
13,23,0.0892500681731235,0.2582180134186722,0.18556443984327714,0.10261018375569417,0.07488541549755151,0.11008334699880057,0.00036755523587058,0.00022762464560431,0.3,0.8,0.1,42,0.140080205889036,0.0816125760786235
13,24,0.0878102749103346,0.25642490581030597,0.1903587205384053,0.10982915799035511,0.045046822958387016,0.11047400954132124,0.00036526555626133,0.00022609459785303998,0.3,0.8,0.1,44,0.1412581925580102,0.0783352179622484
13,25,0.08733546703928895,0.2585005249821783,0.19968516815798099,0.11809793489358932,0.03671570988045774,0.11034837625311884,0.00036567822355404,0.00022641530690168,0.3,0.8,0.1,46,0.139626745619967,0.0782213498066953
13,26,0.0845547544547158,0.25154904267409384,0.1984662145365113,0.1329796586774888,0.04476360621581996,0.11047768941112251,0.00048791512277812003,0.00024955313021476,0.3,0.8,0.1,50,0.1698453475947065,0.1022919482782237
13,27,0.07659696135451023,0.21753663042455287,0.1520032997877033,0.13157345968433432,0.15680024443304624,0.10950227278696234,0.00038169087969497004,0.00022289823426737,0.3,0.8,0.1,51,0.1857848846405123,0.134158436452503
13,28,0.07040298918449957,0.19494925675578983,0.12589051123784786,0.1427013793621284,0.04949697754009825,0.10539769790800013,0.0003917259039998,0.00028455825121548,0.3,0.8,0.1,56,0.1163393961011166,0.0895672969665582
13,29,0.0693836794014889,0.19431830568938438,0.1387930074581446,0.1437071941404894,0.07042244627593491,0.10837815250645248,0.0005324763702353899,0.00033376827115116,0.3,0.8,0.1,57,0.1371835803181973,0.0729293336705381
13,30,0.06461594854160667,0.17140843468328756,0.10533457113739776,0.14452327514987592,0.10826826983572667,0.10609795828654806,0.00038682939577752,0.00027383170414752,0.3,0.8,0.1,58,0.1122142306989042,0.0818884138821343
13,31,0.0638242588408369,0.17134258850351877,0.12565594467823346,0.182108625159406,0.039994201132570996,0.11192250688071846,0.00053336163019116,0.00033313271778744,0.3,0.8,0.1,67,0.14063044342247,0.0865281818767973
13,32,0.06180647622253355,0.16476346380378293,0.12489007553211975,0.18194268380395748,0.0765958520495949,0.11196531552745219,0.0005438032311693,0.00033950480828866,0.3,0.8,0.1,68,0.1397335112543196,0.0850430831014504
13,33,0.06083386127839997,0.16738905352753766,0.14176254178571798,0.21190890302205398,0.03725962431620696,0.11181237824224408,0.0005315940588541299,0.0003320101220015,0.3,0.8,0.1,74,0.1388355279689261,0.084504136283546
13,34,0.05937874386962068,0.16370579151307355,0.13762478351273674,0.21717872316644787,0.044439023213438664,0.10877013914337595,0.0005132511415429401,0.00032266287925976,0.3,0.8,0.1,75,0.1660677280488953,0.1146205372694374
13,35,0.05966878910279985,0.16660327326271887,0.14781171751162434,0.2582676728114923,0.03409465205310612,0.10980491136556901,0.0008092456932888001,0.00035261208308848,0.3,0.8,0.1,87,0.1643246816972216,0.1032255773633798
13,36,0.059163110192407886,0.1679474324561662,0.1562917856681569,0.2611396064184573,0.038280413162700706,0.10957860061943359,0.00080408476148656,0.00034892584594167,0.3,0.8,0.1,89,0.1548645088284152,0.0981646990701444
13,37,0.05859018609245893,0.1766566233464648,0.1871683008887301,0.30593822148247524,0.03497431709868429,0.10919565720274373,0.00076856469764357,0.00033337634538926,0.3,0.8,0.1,95,0.1601111945721206,0.102521804026381
13,38,0.05592812825252613,0.15860757933857728,0.15247964572434405,0.34441601070055117,0.03757949761611962,0.10633396813289653,0.00073956959993467,0.00051947649572003,0.3,0.8,0.1,103,0.1385924836510247,0.1142266269195665
13,39,0.05457517000376267,0.14904273974239043,0.14126475370919367,0.3594343867553167,0.07423975158981624,0.10773393286660612,0.0007610347879488,0.0005206776828976,0.3,0.8,0.1,104,0.1431670223825401,0.121923707571372
13,40,0.054064569136907825,0.14402396881980722,0.1421194609278795,0.3594566376670541,0.04445661925780694,0.11173139200149895,0.00078255529614869,0.00052946183883917,0.3,0.8,0.1,108,0.13140216194048,0.1164411987285104
13,41,0.05109367702707143,0.12570558812326435,0.12076342087324618,0.36514068676014544,0.07226986065217844,0.11206057572560123,0.00077741877606261,0.0005342459753199401,0.3,0.8,0.1,110,0.1335990459406973,0.1208414235200011
13,42,0.0510613438998331,0.12381276841660724,0.11850459234341787,0.39023348805794805,0.03767003073638354,0.11314087911514112,0.00077961595795061,0.00053385114435233,0.3,0.8,0.1,113,0.141836712266746,0.1257975509336139
13,43,0.05140080074465896,0.15906619396106916,0.22846963648301177,0.44250822867873485,0.03582112073375229,0.11576057672528912,0.00077444171988383,0.00037079202684358,0.3,0.8,0.1,138,0.1225642053145807,0.1334570201107688
13,44,0.04896666880596703,0.15081904033836452,0.22587429290293012,0.48137448878108974,0.0579408993471364,0.11353621598574054,0.00077606128048058,0.00035682856155881996,0.3,0.8,0.1,140,0.1188212263291639,0.1503671894392157
13,45,0.04759611102276682,0.15107404893418216,0.24002883203954975,0.47123393577372163,0.048556872183276506,0.11246831566183595,0.00077079206868931,0.00038803729451229003,0.3,0.8,0.1,142,0.1211236932147107,0.1186853505791436
13,46,0.04758301126045645,0.1509948012166652,0.2399366883588461,0.47121119095681296,0.034558432004617785,0.1124626607048497,0.0007714913790048,0.00038783082978693,0.3,0.8,0.1,144,0.1211263805648014,0.1189363258760552
13,47,0.04761247011331523,0.154716943135197,0.25116997012333386,0.5015971401047377,0.034435909406245246,0.1125774503504806,0.00076730738324971,0.00038651425560347,0.3,0.8,0.1,147,0.119354576729166,0.1159741096846768
13,48,0.047122747210635606,0.153913072083187,0.2503054041268293,0.4977872559994142,0.03545703778816426,0.11115536322434265,0.00075560476319365,0.00038652504603732,0.3,0.8,0.1,148,0.1167575784626806,0.1209520221967053
13,49,0.046370605713600806,0.14570491945581168,0.23385604735248236,0.4765567071990675,0.0520811549360566,0.1109285837724507,0.00073092577512642,0.0003505338296244,0.3,0.8,0.1,149,0.1166995129512117,0.1241628516452504
13,50,0.04541859153127682,0.13940314362882095,0.22651845328808995,0.46760433303632604,0.042528651248162824,0.11101408037558907,0.00067171804579711,0.00033767452736824,0.3,0.8,0.1,152,0.1182362491841926,0.1201149182014951
14,0,0.9520472345350648,0.9841910438944128,0.981583020781091,0.1449681649485544,0.0,0.0,0.0,0.0,0.3,0.8,0.1,1,0.9564134076359152,0.7583122930723579
14,1,0.8008766707260643,0.9466856704010007,0.932926712053425,0.16052044223073264,0.16949491798049662,0.10024168350686971,1.786361783328e-05,2.539782200407e-05,0.3,0.8,0.1,3,0.8297803503327316,0.5491667238064087
14,2,0.47255484352812815,0.7724298530638997,0.72998557404532,0.11427460716825001,0.7469418497392027,0.09831076174234149,0.00024140806465527002,0.00030391014504769,0.3,0.8,0.1,4,0.4485780258191583,0.220753951669908
14,3,0.3467518200669905,0.6709348677233631,0.6117836945986642,0.09047720206816248,0.23835741378282374,0.09798320172561537,0.00010589082791949,0.00015062586477932,0.3,0.8,0.1,6,0.5010562820345462,0.1393857546553547
14,4,0.3266869935885278,0.6551882043360158,0.6003216556010087,0.09152549332620663,0.069993111757997,0.09830196839201556,0.00013238890607736,0.00018740441330638002,0.3,0.8,0.1,8,0.4780409185033034,0.1441981682928446
14,5,0.28845444311112006,0.6151274086110258,0.5543331423489942,0.08302476315165246,0.09959252693486338,0.08461016591319706,0.00010774031814281,0.00017378465556275001,0.3,0.8,0.1,10,0.4852700904015301,0.1741022640565198
14,6,0.27062975569338743,0.5985240210952706,0.5420075333581771,0.08282413722284655,0.06525533235623418,0.08228985229594882,0.00011160706650327999,0.00015499791627327002,0.3,0.8,0.1,12,0.4297433750244227,0.1866192312500118
14,7,0.2635948386250828,0.5852770994235112,0.5188254576588492,0.08927688431548636,0.09047432293196067,0.09933734324972555,0.00015095299296285,8.101724610212e-05,0.3,0.8,0.1,13,0.3461508859698599,0.1421750952546555
14,8,0.2240907143827163,0.5350860444551286,0.4667656382065897,0.08221509301855782,0.15037045797202817,0.10889741253203065,0.00027770297551717003,0.000149044612294,0.3,0.8,0.1,15,0.3402814009326758,0.0901651900687431
14,9,0.1816152909694584,0.4714583735643966,0.39375191268538695,0.0645754098264269,0.1433648645770189,0.08679674475882217,0.00015840118025451,8.853752977007e-05,0.3,0.8,0.1,17,0.2880988966970536,0.1661222701568711
14,10,0.13201621031117866,0.3725588132524599,0.2849802163127586,0.04744257738847861,0.24742162940865883,0.0957203589992347,0.00028145009449080996,0.00015457851359962,0.3,0.8,0.1,19,0.2297952501962922,0.1721356791301301
14,11,0.12484816623775388,0.35427124137689026,0.26364876077132066,0.04424912283780229,0.10303719022611553,0.09624823475611236,0.00028791591702693,0.00015881313887767,0.3,0.8,0.1,20,0.2358655693789173,0.169568832181991
14,12,0.1236561664190515,0.3549624146096885,0.27135613277595017,0.050545959786147024,0.035321059121352735,0.09624823475611236,0.00028791591702693,0.00015881313887767,0.3,0.8,0.1,22,0.2297823993719639,0.1723046580635015
14,13,0.12299119281861287,0.356034204509612,0.2794059945019754,0.07650819220430988,0.03420340036323176,0.09829279862017959,0.00028657780203399,0.00015722951679597,0.3,0.8,0.1,25,0.2231352792892048,0.1554090148465172
14,14,0.12184561633331252,0.35544195440934007,0.2854771485520446,0.0720722736153115,0.035908161872293766,0.10117152428542431,0.00028048856589074,0.00012421735250307,0.3,0.8,0.1,29,0.200194890942201,0.1119519648494738
14,15,0.11282476270072644,0.33749877210102874,0.27172179185778306,0.08168345336357119,0.04098100452838244,0.0960349009110569,0.00034184519909462,0.00014977069095927,0.3,0.8,0.1,36,0.2320912314575366,0.1272927877965017
14,16,0.10858596432832768,0.32395913039534285,0.25580329485828956,0.07556299404520367,0.049827934574151564,0.09903682507131961,0.00031681703839093,0.00014849748193105,0.3,0.8,0.1,39,0.2108811998528207,0.1046824170706358
14,17,0.08761541743844495,0.2663634840047833,0.20261449868547823,0.07501456377218857,0.11796999665916409,0.09690820000709056,0.00032693757394861,0.00015537675836135,0.3,0.8,0.1,42,0.1926158318209434,0.0818238579366565
14,18,0.08870951921235515,0.265766747360054,0.20163261514464886,0.10029710260280002,0.03263928764549609,0.1027423294736053,0.00031241260465986,0.00014714541498955,0.3,0.8,0.1,48,0.1900301977676767,0.0592880049928655
14,19,0.08790251782709894,0.26337613612103494,0.1988774903980264,0.09950047632354371,0.03546432636094656,0.102171546037285,0.00030085593414016,0.00014180487387837,0.3,0.8,0.1,50,0.186918109813933,0.0574470114547497
14,20,0.08027197863844529,0.24603559031021835,0.17932264343970647,0.08544433800311851,0.08233011488542553,0.08895801241211429,0.00035743000820502,0.00015101230153176,0.3,0.8,0.1,51,0.1636635997841843,0.1141236345497731
14,21,0.06938087102565955,0.20600506124169563,0.13283135883441569,0.08645481803115516,0.18769604969756135,0.08608985040622893,0.00034919603045772,0.0001484918365441,0.3,0.8,0.1,52,0.1541675378870065,0.0983005312850155
14,22,0.06508524532386696,0.19120405982636102,0.12247675712978055,0.08353022318145438,0.05188824009219125,0.0863872662728277,0.00034503049844922,0.00014625221949826,0.3,0.8,0.1,55,0.132929095688047,0.0844688656132282
14,23,0.06297533350685719,0.18206357351433702,0.11184326608447331,0.10598561414884304,0.03228662517896326,0.08607045497758598,0.00035053269770025003,0.00014999055280425,0.3,0.8,0.1,61,0.1307908178154051,0.0945816629331246
14,24,0.06275275836755684,0.18479622976987978,0.12193016128501553,0.11228162386486583,0.02811154561311716,0.08604719339972508,0.00035010205249617996,0.00014946869531481,0.3,0.8,0.1,63,0.1313953959295082,0.094367655892069
14,25,0.06162999157062383,0.1832158656656655,0.12698271118567897,0.13984448964370544,0.03351603212634817,0.08622003219649894,0.0003502308996759,0.00014987198812995,0.3,0.8,0.1,66,0.1295452641906928,0.0934674044675381
14,26,0.0631977990853699,0.18093922418037614,0.12389279908412888,0.1187102947410777,0.035716384904835155,0.09502352762158542,0.00036667750389981997,0.00014033187922773,0.3,0.8,0.1,69,0.1407285520683352,0.0903245325053108
14,27,0.06307878708356485,0.17950113303022341,0.12217291804281233,0.14603139323361544,0.030334043816765237,0.09592283709785085,0.00036692603025824,0.0001404949366844,0.3,0.8,0.1,75,0.1442288695164718,0.091202463762654
14,28,0.059258082368571614,0.17204858060254144,0.11396921019232105,0.19881442766798266,0.02807783266771636,0.08621732088430731,0.00038074427625476,0.00015442735148152,0.3,0.8,0.1,83,0.1291400334523344,0.0930152631697359
14,29,0.05905990265805829,0.18265618983518567,0.14705112109751498,0.2119168427161127,0.03064224734289308,0.08593898527287984,0.00035169566759088997,0.00014751862299537,0.3,0.8,0.1,84,0.1299654602366262,0.0935234667560276
14,30,0.85875707750006,0.9744021597484599,0.9236574956328895,0.997498827205988,0.8268464169634775,0.0862232311932936,1.0,0.0005030689921422,0.3,0.8,0.1,87,0.1297421690450852,0.0936849383569816
14,31,0.8566299667274502,0.9852964325269488,0.9844639285201242,1.0948654642534745,0.8295434537932297,0.09037987430208916,1.0,0.00019151191369354,0.3,0.8,0.1,115,0.1439418536384765,0.1084465036167064
14,32,0.05702460765401335,0.18936840931027046,0.19604337963806587,0.3407763612131377,0.027565497745955334,0.09037860508573799,0.00050440033387237,0.00019144345412527,0.3,0.8,0.1,121,0.1439254937570721,0.1084485317953879
14,33,0.05695948777423369,0.18515163459231349,0.18421973495036384,0.30383593466641196,0.02876846306301687,0.0905302588839766,0.00051597192441362,0.00018925790487505002,0.3,0.8,0.1,123,0.144235357731915,0.1123649920629267
14,34,0.8563519427034885,0.9950305887957269,1.016510656663492,1.281705169625152,0.827292258231049,0.09037719402438482,1.0,0.00019444371217123998,0.3,0.8,0.1,143,0.1433391366911529,0.1090768616248701
14,35,0.8563519427054227,0.99503058879585,1.016510656663615,1.2896251268486558,0.8271328979348206,0.09037719402479315,1.0,0.00019444371217815,0.3,0.8,0.1,145,0.1433391366974798,0.1090768616249911
14,36,0.8563423343674846,0.9949848357213507,1.016457463548299,1.3047617195957444,0.8273168086662427,0.09037513703043656,1.0,0.00019440922700603998,0.3,0.8,0.1,146,0.1433072392208655,0.1090761305636503
14,37,0.8562355000374472,0.9907779386633053,1.0046560738407908,1.2918008809934205,0.8273423260889041,0.09034050676000223,1.0,0.00019351971348788,0.3,0.8,0.1,155,0.1430881816561199,0.1090552668523355
14,38,0.8555039885103201,0.9944301704955812,1.0227137445749,1.3372471578926646,0.8309967016987692,0.09037165485660444,1.0,0.00019160994223397,0.3,0.8,0.1,159,0.146799215725758,0.1074745052699407
15,0,0.9654103614824487,0.9886723584616751,0.9868036367982167,0.14478325528611882,0.0,0.0,0.0,0.0,0.3,0.8,0.1,1,0.904028468796332,0.7482801043275974
15,1,0.6321503221939292,0.8679789568368519,0.8343297602306128,0.13741145346190048,0.34011449631962143,0.09903428933413135,0.0003980143841637,0.0008396587932615,0.3,0.8,0.1,3,0.5838052142882767,0.4675689842327974
15,2,0.6081515251030456,0.8529831067869713,0.8171626478263679,0.1342117136681762,0.07688765858040833,0.09318660338048619,0.00032014965246363,0.00066309821645994,0.3,0.8,0.1,4,0.5554961058404841,0.4166412250679515
15,3,0.4639509489855598,0.7641750936887651,0.713389703875276,0.113412663110812,0.40236897934778043,0.09909636375651541,0.00046687931077729996,0.00081590738501431,0.3,0.8,0.1,5,0.5029870190605904,0.2675256330830473
15,4,0.3889746707935931,0.7085652645499715,0.6555699995062237,0.10119306624197487,0.26734210932004404,0.09897858793016624,0.00012287198040307,0.00017662096637199,0.3,0.8,0.1,6,0.3533505330840572,0.2068222864333386
15,5,0.3733885159436698,0.699103609180061,0.6511453879604754,0.10399364621005497,0.06262566774000201,0.10495172009226984,0.00017865102248447998,0.00025679993218181,0.3,0.8,0.1,8,0.3701537855177191,0.2155064056381714
15,6,0.3569935226537819,0.6880512077729015,0.6451622372670056,0.10680667204126035,0.062282808440457575,0.10511085938742876,0.00019189417153067,0.00025585264464186,0.3,0.8,0.1,10,0.3510793918110158,0.1752358757391407
15,7,0.30029365936006647,0.631653717911237,0.5802566204684461,0.09357035636703338,0.1332518242408445,0.0891957502133191,0.00013979544755779,0.00018497987835171001,0.3,0.8,0.1,12,0.3508230485673628,0.2246008660650817
15,8,0.271276964200481,0.6022045666007285,0.5524934443223835,0.09348609459622564,0.10192516184607461,0.09616149162497238,0.00022630002366978998,0.00030031644554932,0.3,0.8,0.1,14,0.3659420327308825,0.2527480230527004
15,9,0.2710156821570165,0.6019186033098286,0.5521825208155301,0.10661911590642989,0.029236612096710635,0.09573437754428762,0.00021919399745033,0.00029084197948746,0.3,0.8,0.1,16,0.362049168252985,0.2482126313878812
15,10,0.2378767037918815,0.5626098210820769,0.5062380990278826,0.104612396594701,0.1193754646504008,0.09855644426523448,0.00029372158065366,0.00037504972672983,0.3,0.8,0.1,18,0.3140533050849227,0.2386895267269501
15,11,0.21268193124704532,0.5266191485603444,0.46432760247164623,0.09723712243984389,0.17835739832764236,0.09818092619626667,0.00029084684671886,0.00046450889710308006,0.3,0.8,0.1,19,0.3483635816621497,0.169952819166342
15,12,0.2078266831902145,0.5194530827091876,0.4628536017564382,0.09149598748245598,0.06169871404343712,0.09878824847055226,0.00028775740891465,0.00036309552155766,0.3,0.8,0.1,20,0.3273917726091824,0.2348147538021895
15,13,0.18946881943147456,0.49721941824960264,0.4507858325252057,0.10047839859168392,0.06012281592574182,0.098225010940148,0.0002732250487592,0.00039400921480063996,0.3,0.8,0.1,24,0.2650896647165081,0.1962580072715603
15,14,0.18811730085774112,0.4910336025493841,0.4366363849299527,0.10857110005290004,0.04120479795854343,0.09900097144533669,0.00028612103413608,0.00044555305821508,0.3,0.8,0.1,25,0.3607264467661035,0.1785786746693674
15,15,0.18480932533839953,0.4884044151564543,0.440333149162397,0.11517192615336563,0.06056447211115566,0.10190895296910542,0.00026432626173179,0.00053451729292586,0.3,0.8,0.1,26,0.260154189090252,0.1349394602194331
15,16,0.16394111148284307,0.45409903398353507,0.4073695044442542,0.09535024844059327,0.18456451671478713,0.09989827195021045,0.00027795118324093997,0.00046558432219794,0.3,0.8,0.1,27,0.2899619679500843,0.1165636257413007
15,17,0.1506101996200854,0.42320258328592775,0.36446276371926867,0.09460730555393988,0.06777615506475118,0.10022804976049135,0.00025087838293117,0.00036747901769332,0.3,0.8,0.1,30,0.2877839195405313,0.0807209467665976
15,18,0.12841485509571615,0.3761537646826275,0.3165477474042355,0.10300937467846812,0.13511824694630153,0.10006830520944665,0.0003377753624226,0.00056436593833553,0.3,0.8,0.1,32,0.2218306093309392,0.1229537004271953
15,19,0.12203296325474894,0.36109181653590555,0.2991124111611279,0.09832468403737188,0.05934351279136055,0.09760541895463133,0.00038731153216282996,0.00080610475478492,0.3,0.8,0.1,34,0.2241563593766308,0.0966405868772692
15,20,0.11615462094551036,0.34629089337005714,0.28848246585528026,0.10805437688550294,0.1150244983370433,0.10341127985213705,0.00039775150115051996,0.00085739824068791,0.3,0.8,0.1,35,0.2408484577172393,0.0950464149496787
15,21,0.11499843299268808,0.3475412611377726,0.2969085184564261,0.12169954666913471,0.03525877534091367,0.10199633772241783,0.00041080937218825996,0.00092188920976762,0.3,0.8,0.1,37,0.2477800334125429,0.1028330447105904
15,22,0.11499171584585245,0.35123644894169187,0.3081157950578815,0.13098945429356085,0.031038153568039652,0.10199287050399991,0.00041037851279634996,0.0009208478164905101,0.3,0.8,0.1,40,0.2476090728380515,0.1027643338214343
15,23,0.11275673267073139,0.3457899252114744,0.30184108256672865,0.12916322607528008,0.040943467725810305,0.10056317938830939,0.00041352984794451,0.0009221901470427001,0.3,0.8,0.1,42,0.2300320216745418,0.1194997026398471
15,24,0.10989163837608157,0.34214234497898316,0.304560519739271,0.1418896303571331,0.04453264263614231,0.09918010516535021,0.00042829612656979,0.00092080241470332,0.3,0.8,0.1,44,0.2139687810414165,0.1199035233775727
15,25,0.11003191402265193,0.33770942922588765,0.292394514340102,0.13944906253493333,0.03352516532222936,0.10108212417453473,0.00046836270225844,0.0009297283394222999,0.3,0.8,0.1,46,0.2294251735900687,0.1207866984612776
15,26,0.11040003877685432,0.340791912134894,0.3027390584092437,0.15474078324694235,0.038007593412905945,0.10412270983156532,0.00044981684374097,0.0009663572433038101,0.3,0.8,0.1,47,0.213463342576109,0.1147946456930671
15,27,0.10894440441621761,0.3382121844848518,0.2998757644439223,0.15597415030197895,0.03791835947722796,0.10134285140974313,0.00042183674930447,0.00092391259105372,0.3,0.8,0.1,48,0.253326310993863,0.1197798145881614
15,28,0.10868073844329089,0.3410779384847316,0.3101094124121508,0.1723766968818116,0.032095916780724806,0.10146966820307345,0.00042794868013159,0.0009221920405039399,0.3,0.8,0.1,51,0.221135323470583,0.1218004458440107
15,29,0.10858745814593805,0.3397893116433511,0.3085203462394712,0.18173846682808403,0.03291092927064984,0.10324670803640427,0.00042762181450433,0.00092012112313137,0.3,0.8,0.1,56,0.2218385822430581,0.1245726361586822
15,30,0.10827793990813013,0.3455399735682564,0.32895851501388435,0.19752577415979267,0.036074159157051325,0.10447778338381433,0.00045663812662571,0.0009712047253686301,0.3,0.8,0.1,58,0.2530371796394589,0.1161428927591161
15,31,0.10670568673011402,0.3418268518157687,0.32471114833455395,0.19943448638671019,0.04468772717067675,0.10305728055436482,0.0004050809040596,0.00089880719694192,0.3,0.8,0.1,59,0.2420483447920407,0.1012410839409389
15,32,0.10720216325404812,0.3458021191528049,0.33614298679756666,0.2065272047974752,0.03339552766019837,0.10497647147933892,0.00044403153107227004,0.0009795220236439501,0.3,0.8,0.1,60,0.2342213570012432,0.1153085717471401
15,33,0.1071776253422138,0.34528319120471174,0.3355011571988851,0.20666181487859478,0.03524230252822325,0.10585189657199627,0.00040834466094265997,0.0008985944127787601,0.3,0.8,0.1,61,0.2228894044419356,0.0954563706987245
15,34,0.10572203954243437,0.341812579106063,0.3315308855459447,0.21491489287976945,0.04422371355803104,0.10432543849207283,0.00042515524223268994,0.0009255645009353299,0.3,0.8,0.1,62,0.2203612008806802,0.1109198698537362
15,35,0.10534722698137074,0.33672174565343577,0.31867729867113653,0.20796273341563004,0.03806466387010671,0.10470719749546234,0.00043557214480985,0.00095307070819489,0.3,0.8,0.1,63,0.2207198425998482,0.1147647938237958
15,36,0.10295799261003565,0.3373621438884158,0.33326746857643214,0.25258682081752254,0.03498787358553614,0.10373787927770645,0.00050290793595219,0.0009155685828881801,0.3,0.8,0.1,71,0.2263559707414436,0.1147467804460799
15,37,0.10226046330830757,0.33818515584617276,0.34107056267380265,0.27570658297251227,0.0346397484588425,0.10476938627726376,0.00054839460694517,0.0009664793526291701,0.3,0.8,0.1,76,0.2277833389130354,0.1143660853703109
15,38,0.1012020018010564,0.3348749102117526,0.33721362595609644,0.29543065680225367,0.034697625311488595,0.10478056639989265,0.00055009093920022,0.0009569002854179799,0.3,0.8,0.1,81,0.2427485000043308,0.117639273142227
15,39,0.10061727632014869,0.33670060473503777,0.3462391127942594,0.3122885588362571,0.034612163514231103,0.10478730510745335,0.00057590712923514,0.00094909522909324,0.3,0.8,0.1,84,0.2306413231681697,0.1234088447150214
15,40,0.10022602374545506,0.3354807899134846,0.3448193080083724,0.3154609270786624,0.036989871746287546,0.1047846747595597,0.00056560262386434,0.0009641994762640399,0.3,0.8,0.1,85,0.2360391681684013,0.1186103888311762
15,41,0.09980909196216659,0.3377467543083958,0.3543519860893763,0.32200828583992835,0.03516934060273656,0.1049912294496341,0.0005580960308915999,0.00096996276341257,0.3,0.8,0.1,87,0.2296545922369461,0.1149818829519258
15,42,0.09973487161045924,0.3449206099657582,0.376512827530828,0.36101283809880774,0.032188596155659895,0.10499131001661006,0.00056441916786975,0.00097611118711799,0.3,0.8,0.1,94,0.2322410931204079,0.1158496013765431
15,43,0.10003794252764643,0.3449932588729235,0.37653003124755546,0.3648795155673086,0.0337965839373537,0.10639157364428885,0.00055260824671279,0.00095603685411511,0.3,0.8,0.1,95,0.2318671472461314,0.1008381142755514
15,44,0.09940694675962403,0.3437851904075112,0.3751832738063431,0.3787101216169629,0.03380826195501671,0.10509393685889534,0.00057601972788279,0.00098853204174784,0.3,0.8,0.1,97,0.2390123939359266,0.1202247764583619
15,45,0.09841840179977873,0.36073972346645367,0.42956278843397194,0.5759562359906593,0.03146889124578158,0.10287697606715196,0.00052578583131611,0.00095265445584984,0.3,0.8,0.1,139,0.1786173081015614,0.0915125425894583
15,46,0.09847925756667676,0.36433201011971006,0.44062638421454625,0.5980905157150905,0.032063239008885906,0.10326597465386103,0.00054315564765427,0.00107503628426036,0.3,0.8,0.1,141,0.1784006301189953,0.0926609888105163
15,47,0.09779600490181915,0.36980999435752626,0.4608311642345754,0.5958629479464422,0.03894619368352294,0.10285713811223976,0.00057547352409094,0.00090820204134591,0.3,0.8,0.1,142,0.2079726561050776,0.1331427345169414
15,48,0.09660260953006472,0.35851928123797955,0.43387342225695963,0.5927103477135456,0.04737327839055906,0.10294475568607094,0.00053732981412606,0.00095297522246467,0.3,0.8,0.1,143,0.177342205037126,0.0917541987435203
15,49,0.09639666221112037,0.3650430440738448,0.4552613612055153,0.6123396526396474,0.03562482131410142,0.1032764964009073,0.00054502771855333,0.00089427053319457,0.3,0.8,0.1,144,0.1715559161975012,0.0910797453853772
15,50,0.09623529848127887,0.3610925576162646,0.44377783796836845,0.6121813386689929,0.03184449021310665,0.10294369076795974,0.00051109701209836,0.00089407928876169,0.3,0.8,0.1,145,0.1715981339594267,0.0911422891009056
15,51,0.09347819467422237,0.39324322982851273,0.5505501586558201,0.8493580966643662,0.029916558597481192,0.0969247435041129,0.00053100754207651,0.0008735784078408,0.3,0.8,0.1,185,0.2045405741125063,0.1022102828042738
15,52,0.09311474387120017,0.39559034445401703,0.5601753382769425,0.8582387040263698,0.035558602808944975,0.0970291422676005,0.00057449577225951,0.0009021722376694799,0.3,0.8,0.1,186,0.1993540815777371,0.1017175739436625
15,53,0.09284619967042242,0.40598110969937984,0.5929974370603572,0.8934219720054781,0.029875228614939017,0.09698656761966581,0.0005217498607717,0.00081457412248176,0.3,0.8,0.1,196,0.1972249986464732,0.09761297343838
16,0,0.9081798514913791,0.9690429367197793,0.9639359746098705,0.1393125365677698,0.0,0.0,0.0,0.0,0.3,0.8,0.1,1,1.139047438471765,0.749986130699958
16,1,0.7910432440091799,0.9410790712440158,0.926825106631115,0.15707873985753734,0.14183696852249844,0.09157139707386011,1.318918898962e-05,1.597850472548e-05,0.3,0.8,0.1,3,0.8653270386196453,0.5481000077896104
16,2,0.42442729019941333,0.7371469459589538,0.6888847017132873,0.10442963973956146,0.8800151118912141,0.09818868144882073,0.0002662757631412,0.00031235313981541003,0.3,0.8,0.1,4,0.6642618251967508,0.2451086822443269
16,3,0.40857688353672356,0.7282287316974736,0.6855179483296701,0.10614852579298616,0.05351110458057965,0.09575868031053388,0.00026603997046618,0.00030167922254126,0.3,0.8,0.1,6,0.6291472055198388,0.2393717868055911
16,4,0.40857947199952055,0.7282317271301949,0.6855206291688577,0.10816553038791375,0.028983320904343527,0.0957747941303955,0.00026606791795636,0.00030175575507968,0.3,0.8,0.1,7,0.6292464439849245,0.2393171310682624
16,5,0.3324803932234861,0.6572190332156179,0.5957446241968944,0.09407312961663883,0.3111189537650029,0.09911600679192155,0.00013805358626369,0.00016477315222377,0.3,0.8,0.1,8,0.5510207450022133,0.2050854463856452
16,6,0.32933144094977645,0.6541104213470755,0.5921220527114862,0.09522422088569953,0.042718425009322845,0.09911756740404325,0.00014216373159423,0.00019386116663916,0.3,0.8,0.1,9,0.5529958805076957,0.1950688450907353
16,7,0.3154688677646538,0.6437155511639832,0.5866231070965262,0.09769934133754939,0.09710790358267639,0.1048415735292332,0.00019901103784444,0.00023778329162783997,0.3,0.8,0.1,10,0.5502294815169696,0.2013416891365724
16,8,0.2944097633623162,0.6322532225205867,0.5940630917881103,0.10095484037549983,0.053869902826402576,0.10307532199122563,0.00020324513894795997,0.00025355755664587,0.3,0.8,0.1,14,0.4884675668752294,0.1158166654884849
16,9,0.2899417526251468,0.6309418567224108,0.5994107989048493,0.10616289270936057,0.041966706183190386,0.10359166417342087,0.00021146712758485998,0.00026310421175071,0.3,0.8,0.1,16,0.48618883409344,0.1387138029014704
16,10,0.26936740211482074,0.6034995195595377,0.5608026104085589,0.11124664323120294,0.07532311182742331,0.09840804144028356,0.00016363331742873,0.00022239756136886,0.3,0.8,0.1,18,0.4080409788510625,0.2402066909967166
16,11,0.25907868121431893,0.5975476412049879,0.5672075964536617,0.11743445306456071,0.09930933433218767,0.10728698444688525,0.0003387651973334,0.0004165014569,0.3,0.8,0.1,19,0.385708086667635,0.2002772714962247
16,12,0.24402712481607144,0.5744084450125295,0.5334285840724707,0.1127688063236982,0.11025876467503826,0.10589714304769823,0.00026361545955004,0.00035828544127997,0.3,0.8,0.1,20,0.374821745828069,0.2408361867570413
16,13,0.23119625571577002,0.5567500640481716,0.5128292633475453,0.11070671643642717,0.10596272545088918,0.10630754496862013,0.00031702984442789,0.00038830671283094,0.3,0.8,0.1,21,0.3826759097655861,0.2571492787257028
16,14,0.21296594025840007,0.5295462093022073,0.4810397700232725,0.10162580983586145,0.0899574555271103,0.10771298388434641,0.0005061070751706199,0.00058962760726005,0.3,0.8,0.1,23,0.3620671276790528,0.2317269922415325
16,15,0.19529961077576924,0.5090183278817503,0.47101820477733664,0.10741557573339058,0.14527240242659192,0.10662492333503887,0.00028041527719932003,0.0003043194522685,0.3,0.8,0.1,24,0.3410288907141309,0.1617906766519534
16,16,0.1891868164709319,0.5023935356728013,0.4702007428948288,0.1180296623098791,0.053641077618872254,0.1066307799936454,0.00029232110860717,0.00031133076423691,0.3,0.8,0.1,26,0.3379013913971303,0.1811484141504177
16,17,0.18632293935610372,0.5041124482567604,0.48584065552647626,0.14597110791294157,0.03723466823269466,0.10979441925467101,0.00036246375697022,0.00038603478689797,0.3,0.8,0.1,33,0.3267847680026522,0.1730621643680898
16,18,0.15897858162020528,0.44874416316124777,0.41446430270547313,0.1404075224465543,0.06341047632734019,0.10813777575650423,0.00072288383835918,0.0007608502834588399,0.3,0.8,0.1,40,0.3750175289261369,0.2992785826414593
16,19,0.15540751211870932,0.4376411203512482,0.3946271301588682,0.14934141093876507,0.06359422119309777,0.10848770064702258,0.00061468656859347,0.00059093099596742,0.3,0.8,0.1,41,0.3242371561553143,0.2486967365565639
16,20,0.1535612096246929,0.43391304070065373,0.39030744281968,0.15681866200368755,0.04035056723260259,0.10780412016015645,0.00069735948988351,0.00056088169721138,0.3,0.8,0.1,43,0.3643332102113492,0.2733169402263473
16,21,0.15303350506115906,0.4325404685723068,0.3886711397092022,0.1621056640082215,0.039776397130529294,0.10842119199215926,0.00072779542433438,0.0007296605183415,0.3,0.8,0.1,44,0.3621855572869677,0.2767517000604344
16,22,0.1523552960002621,0.43132965132668416,0.3872945734382374,0.17121090348554058,0.0371189036292602,0.10781626810472351,0.0007071850526905201,0.00064666935623151,0.3,0.8,0.1,45,0.3619499685757888,0.279536138384612
16,23,0.15181669008084764,0.4338930830344317,0.39718348874525267,0.17652292426247215,0.037698572297064324,0.10780629928159839,0.00070806979368674,0.0006476435181674699,0.3,0.8,0.1,46,0.3695757370752052,0.2730830348373485
16,24,0.15158180194876866,0.4296731078086951,0.38536427331286977,0.1707512596889191,0.03509862712490281,0.107831442629028,0.00070920621554849,0.0006157966938147199,0.3,0.8,0.1,47,0.3838792538239397,0.2692070096783683
16,25,0.1494423908666483,0.43230541687398333,0.40221056315135534,0.18488907955809353,0.05350787777633924,0.10817287229915466,0.00075229483694624,0.00074445088309317,0.3,0.8,0.1,48,0.3212877545623793,0.2414265876282105
16,26,0.14788153698066026,0.425231291648368,0.38707398659959374,0.20610825692272344,0.046784450998464754,0.1078823773068219,0.00075914255196768,0.0011493478171489498,0.3,0.8,0.1,49,0.3998424338366146,0.2937068635331267
16,27,0.14068644357838545,0.4162977770891296,0.3904371369953894,0.18856874125732903,0.10202406154915328,0.10881783613798587,0.00072486982089165,0.00068047264356781,0.3,0.8,0.1,50,0.3330404083129418,0.2918134822291212
16,28,0.13297432737524348,0.39796575012276403,0.3690882163906883,0.19832010473815515,0.05825415943333906,0.10855612675282397,0.00075166386115337,0.0008071881611844301,0.3,0.8,0.1,53,0.3400736818268959,0.3009367848114668
16,29,0.13188625225955164,0.40703550424029256,0.4004288577580375,0.22526816944723865,0.03380987676394769,0.10712025916480136,0.0006875760662882,0.00150510475068153,0.3,0.8,0.1,60,0.2838904592856497,0.2703170259195518
16,30,0.1303884984726672,0.3999711425161168,0.3853344367414701,0.21759630878255384,0.039055357310776376,0.10640394203017238,0.0007505465818455601,0.00087339373400204,0.3,0.8,0.1,62,0.2665758204671784,0.267773024637969
16,31,0.128811315638509,0.3960324695085211,0.3807443077312189,0.23232757629753784,0.0489068621754814,0.10660127014066109,0.00070010026858092,0.00078836212831409,0.3,0.8,0.1,63,0.2786215412729901,0.2559892475829896
16,32,0.12542872393963922,0.38753905022413876,0.3708571455341607,0.2333030180232862,0.0500169906862849,0.10659434404515113,0.00065014217248746,0.00075964623503297,0.3,0.8,0.1,65,0.2919606981413912,0.2338088314440601
16,33,0.12558162027053227,0.40575130220682165,0.42650845653375985,0.3237955931896003,0.03318758618122548,0.1080411555062977,0.0006651235045603101,0.00093495982810232,0.3,0.8,0.1,87,0.2896132426982226,0.290689707024551
16,34,0.12111262034075586,0.39408617130641727,0.41292187805108177,0.32386423752577637,0.08108026770471737,0.10798052447851601,0.0006797995043789299,0.00082233527933321,0.3,0.8,0.1,88,0.2994153751061757,0.261660290806752
16,35,0.1173800188572942,0.3877120238254492,0.41239962103024175,0.32002497863591284,0.0537885713361239,0.10798477901175857,0.00064879185660596,0.00098445062233138,0.3,0.8,0.1,90,0.2955485485822627,0.2613887180907209
16,36,0.1169848566955815,0.41231489738019617,0.4893495807200868,0.45137104735878736,0.03343144267223914,0.10835785645755223,0.00070093880368038,0.00109263509657862,0.3,0.8,0.1,115,0.3243806895767229,0.2190597883272609
16,37,0.11276861744076017,0.40793529099520087,0.49805489518136065,0.5071054597180683,0.0366309056150938,0.10811366145844678,0.00080069712203149,0.00084485401949145,0.3,0.8,0.1,129,0.3317898461383556,0.2462444876810081
16,38,0.11030559171619045,0.40811904396139087,0.5120625527981126,0.5422897581468477,0.036991113291222275,0.10824300887996566,0.0008232739908255699,0.00093473120149003,0.3,0.8,0.1,137,0.3451745751186829,0.2115834481344085
16,39,0.11000850790236114,0.4262280849471261,0.5677062775513693,0.6191658643821359,0.03307813014824242,0.10778760400547535,0.00071206103370552,0.0009993934065053501,0.3,0.8,0.1,150,0.2804057940325947,0.1874182172070175
16,40,0.10928039543091753,0.42403987003657534,0.5651524999794301,0.6259306212132227,0.042173175407874366,0.10777555072003703,0.00076113252197145,0.00091937438333487,0.3,0.8,0.1,151,0.3169328996781382,0.1867818062183475
16,41,0.10917780554228913,0.4308850366430329,0.5869079841930344,0.6733930797061999,0.033444423010498575,0.10802852005079294,0.0008400150836715799,0.00094397880034945,0.3,0.8,0.1,162,0.2819884601225885,0.1852440816214149
16,42,0.10849513576887736,0.4325735167386739,0.5957769121922261,0.7027090746713357,0.03437010243750898,0.10802534794641334,0.0008436096243335901,0.00094515070198802,0.3,0.8,0.1,169,0.2816880096614536,0.180616934500062
16,43,0.10728780375345029,0.42513094820745606,0.5801935022428762,0.7278599924209596,0.035834118673371794,0.10829635996861985,0.00081513242358307,0.00101634056203051,0.3,0.8,0.1,174,0.3297912184388289,0.1916588164705616
16,44,0.10696807729655028,0.428082940439946,0.5905512088488415,0.7350455946744339,0.03643745369607192,0.10796881828416635,0.00080867927364991,0.00104758853384212,0.3,0.8,0.1,176,0.3350472253096393,0.1837573814586919
16,45,0.10655656153148944,0.43063331191207405,0.6004310266459814,0.745898398062018,0.03448752110458916,0.10784793545234224,0.0008048755214421501,0.00105178835015294,0.3,0.8,0.1,179,0.3322552182664088,0.1843834788650429
16,46,0.10672937080926911,0.4570825859552896,0.6795550066684183,0.8365489715718107,0.03315467353579026,0.10790337650298265,0.00081066585924009,0.0010861714808091,0.3,0.8,0.1,199,0.3315645420187087,0.1839999448853935
17,0,0.9153158360789092,0.9715543891694618,0.9668617504549001,0.14001247817628176,0.0,0.0,0.0,0.0,0.3,0.8,0.1,1,1.107219054147626,0.7513102585254268
17,1,0.7757716948306596,0.9314824489271786,0.9165515704768504,0.1504417474778293,0.14998501145786494,0.07325439682904121,1.5889771181429997e-05,9.5457073466903e-06,0.3,0.8,0.1,3,0.8996955265193353,0.547665883078252
17,2,0.4373193435914332,0.7470090892285955,0.7003467646975995,0.10729636111637367,0.8232517080367435,0.09881438240120564,0.00026015242888972,0.00012226664464716,0.3,0.8,0.1,4,0.5946889947201064,0.2320754278962863
17,3,0.4370742234949446,0.7505320632442165,0.7113558330610308,0.11299756162650852,0.030202940608133482,0.09876887215678444,0.00025712909005936,0.00012021508914652999,0.3,0.8,0.1,6,0.593964167903891,0.2297048819093443
17,4,0.43364055388067635,0.7520431941679894,0.7198037108798789,0.12290930729679042,0.036067748760996735,0.10293420412672341,0.00031753150933928003,0.00015480740022106999,0.3,0.8,0.1,9,0.5653729250280942,0.2113328125467964
17,5,0.3689134320970691,0.6985862504769735,0.6578325274214474,0.11254846822551606,0.24187590536795872,0.09731150548547544,0.00012851923348571,7.78203726816e-05,0.3,0.8,0.1,10,0.4146754372180805,0.1732574373860662
17,6,0.36375632669393926,0.6979077334496031,0.6635909233554301,0.11905007573146585,0.04491755477789918,0.10424568386533797,0.00020054760322193,0.00012143465845418999,0.3,0.8,0.1,12,0.3902592425609935,0.1643168353185063
17,7,0.35994245844760997,0.6943546405695623,0.6596256413317114,0.12622228583969364,0.04071601547519325,0.10058630742620579,0.00025916998563607,8.506873955553001e-05,0.3,0.8,0.1,13,0.4854700561878636,0.2496342564348846
17,8,0.3178000400231806,0.65359193301806,0.6121390540683584,0.11237466411659534,0.19848751952042631,0.10091395815569147,0.0001314193061349,8.171214934832e-05,0.3,0.8,0.1,14,0.3531890527683013,0.1758534729285499
17,9,0.3143770176299259,0.6536859254295501,0.6188504070489109,0.126228994378124,0.04342355982671726,0.10677663983802012,0.00020346743739297,0.0001253529542599,0.3,0.8,0.1,16,0.3373278001356256,0.1693208765351968
17,10,0.3129518630597187,0.6521912042692602,0.6171046641994314,0.12583181346073843,0.0385114527608594,0.10686455907066085,0.00020400032730578003,0.00012606807032058,0.3,0.8,0.1,17,0.3357319922457369,0.1722976774362744
17,11,0.3116627877134333,0.6545420902340571,0.6267346493936187,0.12983994520977454,0.03524413500203632,0.10708392785694736,0.00020476257063186,0.00012698230341906,0.3,0.8,0.1,19,0.3342412893133609,0.1779421033608941
17,12,0.23857933304929566,0.5665563607148998,0.5240827865490449,0.1223571370358989,0.3999186076617607,0.10877838909811788,0.00069969053521455,0.00024990145126051004,0.3,0.8,0.1,20,0.1995475814716659,0.2342168462507642
17,13,0.21245645099035398,0.5317593233479222,0.4903023230310243,0.11772598327963589,0.11536361370134791,0.11196153151932324,0.00061532692296235,0.00017594184824434,0.3,0.8,0.1,22,0.1852008826608828,0.332603450548477
17,14,0.19202006385978418,0.501241318942541,0.45540137131124114,0.12251623081703296,0.057541268863490536,0.09877410947060596,0.0006291546000596301,0.00013344595356059,0.3,0.8,0.1,26,0.2184071800162573,0.3093213505917807
17,15,0.18559438986451193,0.4908772463492102,0.44346276376396593,0.12183431979386294,0.06866312350164552,0.09629490702951657,0.00053527329347022,0.00012506508637276,0.3,0.8,0.1,27,0.2177310764328533,0.3342577806514228
17,16,0.1828065794411529,0.49113467231617824,0.45706725273855825,0.1471943723362281,0.04286937284884618,0.1060619600746556,0.00065265178473654,0.00018194854206444,0.3,0.8,0.1,31,0.203813516511756,0.3738417950952313
17,17,0.1817320738631051,0.48912577661083173,0.4547077999176324,0.14328121929645854,0.04124020329098089,0.10642173354354013,0.0006667272721693699,0.00015129595966155998,0.3,0.8,0.1,32,0.1949389746339854,0.3315742441894764
17,18,0.15501383437548477,0.443520210101712,0.40881703333309677,0.13647007171856104,0.12819133788666104,0.09921905072607518,0.0008140438816379301,0.00020834985112808,0.3,0.8,0.1,34,0.1514859436109531,0.3774229925764419
17,19,0.1546074971624613,0.44528191465421074,0.41761936695542357,0.15124904847989873,0.03703987022011101,0.10238026713239025,0.0007816094102161299,0.00021178155829766,0.3,0.8,0.1,36,0.152659004594574,0.3374608200852055
17,20,0.1249779872646595,0.3773883005542789,0.33183301990403563,0.1294248920026762,0.29785088879763705,0.09830418936394517,0.0007226262161153,0.0001924398793867,0.3,0.8,0.1,37,0.1093657148174008,0.2082503283287296
17,21,0.1034665891081949,0.3199778386680341,0.27184132112614756,0.13676324659301556,0.09157622566648066,0.09864414898119354,0.0006916597688300401,0.00017991940395760002,0.3,0.8,0.1,41,0.0922548453953485,0.2038537910886154
17,22,0.07029918756088241,0.2146148204719155,0.14982359143077412,0.1049305849441701,0.4406794193066856,0.08407323914315223,0.00064641320543624,0.0001901003265674,0.3,0.8,0.1,42,0.0668045111605822,0.1929706546408458
17,23,0.0691582827098235,0.2097135573129541,0.14410258241942253,0.11347629208522955,0.04632570624969222,0.08431038971953443,0.00064232436552352,0.00018924430144906,0.3,0.8,0.1,43,0.0646872328954638,0.1944985085288633
18,0,0.9346849255279341,0.9782774935806483,0.9746938958416578,0.14188620667789154,0.0,0.0,0.0,0.0,0.3,0.8,0.1,1,1.0256850249610574,0.7513407295514523
18,1,0.5904408975331242,0.8461981684676974,0.8089333667042562,0.13144926659872,0.36544194340405634,0.09936313813324019,0.00045248839041331005,0.000779673151101,0.3,0.8,0.1,3,0.7599000720285217,0.4675689842327974
18,2,0.47533655293211335,0.7744056520596713,0.7322625237896138,0.11493342636745667,0.3235948334783757,0.0988741845214612,0.00022558192611925,0.00024250151115021997,0.3,0.8,0.1,4,0.4328499043456951,0.2234714294399744
18,3,0.4752641081338093,0.7743636948389189,0.7322092548483956,0.11494089993121226,0.030175831331883955,0.09898085199363864,0.00021929750532924999,0.00023840123066738,0.3,0.8,0.1,5,0.4368902648913766,0.2211194448912116
18,4,0.3780696676321053,0.6992048778641147,0.6447195882489353,0.10147491326264889,0.33779197307295217,0.09786303585052537,0.0001324677930874,0.00016319465009564,0.3,0.8,0.1,6,0.3669453270250715,0.2099077578209914
18,5,0.35643799456818204,0.6836595661109595,0.6334877410040899,0.09947019571163217,0.06964616064768532,0.09832381162824398,0.00014216354798444,0.00017547282090032,0.3,0.8,0.1,8,0.3418094950706432,0.1812578168180504
18,6,0.3247748621614662,0.6532952012662692,0.5980791512664654,0.0933206174727358,0.15606085791556182,0.0989111143301256,0.00018225577556622998,0.00021893890666635003,0.3,0.8,0.1,9,0.311759563591017,0.2681906356715112
18,7,0.3247391472406441,0.6569700992014725,0.6092626753513914,0.10038048517559633,0.02991042075769868,0.09890619817218167,0.0001822376142702,0.00021877235248377998,0.3,0.8,0.1,11,0.3116773701857998,0.2679744419797151
18,8,0.29337560670617563,0.6237319374137081,0.5703917486724117,0.09727777171411857,0.17153009961797094,0.10209265573200813,0.00012688539432995002,0.00016431040227351,0.3,0.8,0.1,12,0.2735998505707935,0.1283757804703272
18,9,0.2317679935698569,0.5476934337516056,0.4821258024916918,0.08109932141338651,0.18168778465131685,0.09564682611077133,0.00014224497149593998,0.00019060812632789,0.3,0.8,0.1,14,0.1911316340942229,0.1603535434502009
18,10,0.2246587496243201,0.5366427862676263,0.46886663794019234,0.08447086674922993,0.05879578033843166,0.10340621378766794,0.0001518569662873,0.00020393000933236998,0.3,0.8,0.1,16,0.188749637549098,0.2266167534022626
18,11,0.21765743226120546,0.5266552375011295,0.4573336626458463,0.08838475222444946,0.06917669544675163,0.10137127106825704,0.00014190668973484,0.0001931636289848,0.3,0.8,0.1,17,0.1841144762829456,0.1082477290651033
18,12,0.16107827977002281,0.431243737478471,0.3464527663347087,0.06476237447753037,0.4157544252818538,0.09586171644593106,0.00015678534414533002,0.00020468333019810003,0.3,0.8,0.1,18,0.1645593104198857,0.0649160941119109
18,13,0.15798255324418753,0.4291686785546891,0.3509956822470438,0.07002564749581795,0.03604837499187048,0.09469325394976016,0.00015513696683357002,0.00020372403685353,0.3,0.8,0.1,21,0.1667509027547082,0.054117468345099
18,14,0.1552480149345177,0.4280182131536954,0.3566660416424822,0.07350010417953279,0.0451678163568808,0.09254223929117465,0.00014135813287333,0.00019436161020951,0.3,0.8,0.1,22,0.150612416967298,0.0530298067629817
18,15,0.141631972696073,0.39562630211385913,0.31205297225118017,0.06738429791732434,0.1453007559202861,0.09199052230327395,0.00015985524314175,0.00020506916026956,0.3,0.8,0.1,23,0.1515254458534352,0.0414438189971529
18,16,0.14023090817979023,0.39600831268108916,0.3193707371877149,0.07404276232862025,0.03515939033518026,0.09255460714388776,0.00016992648159937,0.00021798897680349,0.3,0.8,0.1,25,0.1488122730109269,0.0380452622962555
18,17,0.11947164603725037,0.3553860279934787,0.2860355848339575,0.08606857549334358,0.09145031932897076,0.08887373016917419,0.0001560011511312,0.00021338730695488,0.3,0.8,0.1,28,0.1180898729756027,0.0534434856647894
18,18,0.12152923554610814,0.3592775656428736,0.29693529678733804,0.08639402485232836,0.04274711006991937,0.09965100370529317,0.0001730902932976,0.00023634807343457,0.3,0.8,0.1,29,0.1145894496309408,0.0454694664751594
18,19,0.11656472121246612,0.35132651226912603,0.28819107796397336,0.09506817618810044,0.046539929220356435,0.08922354360280574,0.00015654259636354,0.00021945949632460002,0.3,0.8,0.1,30,0.1183301997053159,0.0538553649553715
18,20,0.10008739736807216,0.30582563423916886,0.24186590946139644,0.0823031216062231,0.1323969718023595,0.09354306500026931,0.00020131261450172998,0.00025661923905676996,0.3,0.8,0.1,32,0.0926761311222886,0.0628513845060325
18,21,0.10057432689704297,0.30571903680175416,0.24161396843172808,0.08587812860217514,0.032659231353799785,0.09614602843887833,0.00019357068229046,0.00025444280600916004,0.3,0.8,0.1,33,0.0950186470236882,0.0563345079184438
18,22,0.10043746081224422,0.30874408833708716,0.2520191082304072,0.10334059459337042,0.030831077659967177,0.09655310528283907,0.00020029860876611002,0.00026071076166875003,0.3,0.8,0.1,35,0.095161442101021,0.0605467683205779
18,23,0.08456372951274328,0.2780445533002999,0.2243871067247783,0.09797813914215706,0.049495447724010336,0.07168788793440715,0.00020449918511143998,0.00027634748008121,0.3,0.8,0.1,39,0.1078911491894554,0.0833906036610877
18,24,0.0629054244786165,0.18216724814732144,0.11871340406445316,0.09249297469349596,0.4598649251882214,0.08936644737260427,0.000244654429851,0.00037496892917822,0.3,0.8,0.1,40,0.0666058662426427,0.085880848335957
18,25,0.06292514273537672,0.2673645922093484,0.3767051072948878,0.5452512812354838,0.027123600033402914,0.08839469622518165,0.0007035842434910901,0.00031998552868231,0.3,0.8,0.1,132,0.1825710472981788,0.0565020129887215
18,26,0.38523506051375256,0.5793413783611386,0.6932519074547452,0.8764491558607199,0.3900362967969938,0.08819407380865925,0.4056812684104731,0.02224007953149361,0.3,0.8,0.1,134,0.2260545167249447,0.0835899240320101
18,27,0.058502339882274455,0.23937813987549458,0.3370525342142402,0.5626465363829084,0.05925988488065041,0.090841065748671,0.0008607787477143,0.00063477398877076,0.3,0.8,0.1,135,0.3082180295730224,0.1074190750591741
18,28,0.05752030262815564,0.2377354729339704,0.3420229033033492,0.5807428612374103,0.0392885188215714,0.0911041491093179,0.000896521474204,0.00066239775433776,0.3,0.8,0.1,137,0.3173431341796878,0.1060376315044678
18,29,0.0814103063361154,0.2600986472521894,0.37082260961233926,0.6101294718483042,0.05765927682286611,0.08758745305892357,0.02275763329313811,0.08818241785824513,0.3,0.8,0.1,143,0.2702005219266424,0.1353503666398132
18,30,0.06879630288611145,0.2501828204224926,0.3682143298850164,0.6047169571361564,0.046020621002946446,0.08825544882702731,0.00393599800020231,0.11302489730491558,0.3,0.8,0.1,144,0.2998766671429922,0.234070117112798
18,31,0.16081530462717725,0.33820757199353857,0.45542187490204644,0.7127417597846535,0.1441231120044236,0.08844977836476911,0.00921423709728293,1.0,0.3,0.8,0.1,146,0.3003316368418731,0.2330384491228939
18,32,0.08247663427254712,0.2668577516898395,0.3990124423842398,0.649081952815234,0.05677664742154777,0.08792577251654511,0.02532029384612086,0.09036682726410254,0.3,0.8,0.1,148,0.2827397877673751,0.1330764783591395
18,33,0.08245075879898844,0.26270928583629943,0.38726557625748886,0.6531563389370362,0.057841926352341214,0.08814142418659203,0.02532526341233405,0.0903974851060137,0.3,0.8,0.1,149,0.290065199829091,0.1449413837871182
18,34,0.1874336832810652,0.3905679667874252,0.5535797385945698,0.8576957464788774,0.15980310773001746,0.0898269066998714,0.08916700956932247,0.6140934115691042,0.3,0.8,0.1,164,0.2547272424396397,0.0933540064946932
18,35,0.18650097036455454,0.3882917808236359,0.5510285114542021,0.8598180883116123,0.16605744326150113,0.0896012703366383,0.0884916398474224,0.614084971429359,0.3,0.8,0.1,165,0.2545011610407676,0.0970192706038098
18,36,0.18502186547664662,0.3836289298638776,0.5524736019024163,0.8778791808339387,0.16653814006761872,0.09010722914471103,0.08849558621311522,0.6140547007972434,0.3,0.8,0.1,168,0.2364335202207727,0.0889251297481554
18,37,0.18582620444834577,0.3878846926001668,0.5641909696013918,0.9194658743145319,0.16095402957476015,0.09295832869055022,0.08850249227370292,0.6140937933058102,0.3,0.8,0.1,173,0.2400435640965635,0.0848652621769639
18,38,0.1963639016126715,0.39773376361237167,0.5739000274795374,0.927562500589781,0.17401290434178435,0.0933771295935279,0.09556843519385996,0.6632873979131123,0.3,0.8,0.1,175,0.253096513551737,0.0958253587005346
18,39,0.18528053195953476,0.389696566500087,0.5732421959383234,0.9349592740427006,0.16465969776455122,0.09218932095462516,0.08850171864194256,0.6140886940800497,0.3,0.8,0.1,177,0.2478254234921145,0.0850508791202005
18,40,0.18623241191975598,0.39421720930294457,0.5852484180910476,0.9477815723276174,0.1613698755832737,0.09203419750231139,0.08950477030616703,0.6163775468049433,0.3,0.8,0.1,179,0.2471660963895918,0.086016868811867
18,41,0.18460933609570146,0.4037784829063146,0.6241252405090659,1.0090632039651395,0.16164550518920806,0.09110767965460428,0.0891697748533334,0.6139932486414652,0.3,0.8,0.1,193,0.2545896755562198,0.093928017540481
18,42,0.18439356814688107,0.3989210858922448,0.6115651237011893,1.0130406836787686,0.17208458039793656,0.0910097576467854,0.08916558860121787,0.6142713634339398,0.3,0.8,0.1,194,0.2537893392641493,0.0827861999497618
18,43,0.18383492898801687,0.39992094347477675,0.6196442574682016,1.024475670862781,0.16422467139659122,0.09083278947539625,0.08917555069895217,0.6139836259938839,0.3,0.8,0.1,195,0.2668855741099175,0.095290114701416
18,44,0.18383492041934354,0.40363178917598863,0.6308694989019457,1.0331107983147982,0.16008647260225398,0.09083292973976276,0.0891755585577241,0.6139838276233928,0.3,0.8,0.1,197,0.2668621305650623,0.0952709868360752
18,45,0.18385566325960453,0.40372844910217387,0.6309815550935562,1.0294681514313726,0.1601789421163982,0.09083783612730481,0.08917617486908284,0.6140015115113587,0.3,0.8,0.1,199,0.2648644689229303,0.0936294589261188
19,0,0.9645560139672504,0.98838763280402,0.9864719237786818,0.14613775221613512,0.0,0.0,0.0,0.0,0.3,0.8,0.1,1,0.9014509688873046,0.7564107017320759
19,1,0.824022847497264,0.956314723464637,0.9440900793957606,0.16344094674405374,0.1592969947644992,0.10131651131607862,2.519379878628e-05,2.6952323617979998e-05,0.3,0.8,0.1,3,0.8084503641933264,0.5720883046860648
19,2,0.4615783911901937,0.7647521108226174,0.7210145023142283,0.11225194697194849,0.8178038188404364,0.09892021062198444,0.00023057365280929003,0.00018403754900163,0.3,0.8,0.1,4,0.4944076054385232,0.2339954638001631
19,3,0.37674711569882996,0.6980823733682068,0.6433813984426713,0.10129534540184167,0.16672509300866545,0.09852746887628999,0.00012174161299122999,0.00010493607664981,0.3,0.8,0.1,6,0.3580223700476932,0.1959215670861777
19,4,0.37066040522486676,0.6967829302076388,0.6483048247369303,0.10855711940858434,0.048632421592379044,0.10763708406239128,0.00021865927763293998,0.00018847496886324001,0.3,0.8,0.1,8,0.3760906532072573,0.2149164056971461
19,5,0.3608796793469361,0.687871945497259,0.6381018706390993,0.10622739642479194,0.06370816524524038,0.10417230095987673,0.00017357670708828,0.00014961571636931,0.3,0.8,0.1,9,0.3558094415955604,0.1938150130551524
19,6,0.359778628721879,0.6980081480245135,0.6706038238185389,0.12604051377766337,0.03222449720136146,0.10445163452374737,0.00016804022459772,0.00014601186047825,0.3,0.8,0.1,15,0.363439009520848,0.186690546865763
19,7,0.3308491652219281,0.6741474453271539,0.6483201592500764,0.15767439342748604,0.053400497882108953,0.13148465854643146,0.00049495906009884,0.00062349915903135,0.3,0.8,0.1,26,0.4324328385029891,0.2255667705171246
19,8,0.3306859595758598,0.6665582951371901,0.6256846532527972,0.12948014476731856,0.040271417804043176,0.1312396468311996,0.00050784681308492,0.00064464677541819,0.3,0.8,0.1,27,0.4343901057857586,0.2397665326292368
19,9,0.3197858419669659,0.6664664421371029,0.6464735546590243,0.16352024945813823,0.08026494638389985,0.1277196187525539,0.00040968011026811,0.00052003666347414,0.3,0.8,0.1,28,0.4121843276939084,0.2300528319525116
19,10,0.32263066837443904,0.6654887145725321,0.6375895535532,0.1712183232924049,0.048719411060031505,0.14479234432939178,0.00041057617304237997,0.00038007336949567,0.3,0.8,0.1,30,0.4759300468339177,0.1581207159382339
19,11,0.3205861793631095,0.659640582151551,0.6239649736915026,0.14381940762152423,0.04978831691182062,0.14303814734867687,0.00038518875001691003,0.00035693559455518,0.3,0.8,0.1,31,0.4663474638760375,0.1632026117853616
19,12,0.319965468346639,0.6589782608922163,0.623193397751049,0.1436332900665138,0.04461576557633074,0.14303814734867684,0.00038518875001691003,0.00035693559455518,0.3,0.8,0.1,33,0.4940867893634409,0.183227781156547
19,13,0.291335459456457,0.6390874195846318,0.6215120406925175,0.17401270556332543,0.14745630784759825,0.12707809755676666,0.00041564339110809,0.00045907956436149,0.3,0.8,0.1,34,0.3851544319866258,0.2301470657684623
19,14,0.2937447665060687,0.6456585022147936,0.6355515555851462,0.1940722504337638,0.04250722598647361,0.13756829766056006,0.00040054387047794,0.00049503064015533,0.3,0.8,0.1,38,0.3603001203966681,0.179453985396967
19,15,0.2873010660127722,0.6305812082276661,0.6047275544338034,0.14765738030949435,0.0533675184318027,0.12649515479584097,0.0004261506330721,0.00047423563957887,0.3,0.8,0.1,39,0.4140358504931037,0.2508715348589551
19,16,0.2882678637655627,0.6429623304119337,0.6393945852668079,0.20071618361165358,0.050033522010659984,0.13598812496966384,0.00037379854716883,0.00049230720302128,0.3,0.8,0.1,40,0.3560396694456246,0.2014861243514623
19,17,0.2864798178504523,0.6359780765076648,0.6238429041809106,0.21363792737049572,0.06818643304736526,0.14623115009753213,0.00041815635245141,0.00050753156687378,0.3,0.8,0.1,41,0.3336359134882345,0.1381987103411197
19,18,0.2824940575521886,0.6318527446752261,0.6195801396278645,0.22207061965717823,0.04210293253739363,0.13539953693023762,0.00038095286950002,0.00037666156284732,0.3,0.8,0.1,44,0.3353363813953656,0.153072926895918
19,19,0.28010935444083285,0.6292636079472349,0.6167896610561967,0.22335106003245397,0.044623404163776845,0.1307235576638123,0.00040912754126169,0.00049343698556091,0.3,0.8,0.1,45,0.3244834610720992,0.130970340989317
19,20,0.2784487938322051,0.6273893641330094,0.6147071308573542,0.23733539126715375,0.03972657349892191,0.12889015525099554,0.00034857949906279,0.00036137256548591,0.3,0.8,0.1,52,0.3272522975819584,0.1492322983651289
19,21,0.27823072034079277,0.6344019318309829,0.6365686201427145,0.25265890043883155,0.04190524571535005,0.1310171115017465,0.00038723037996065,0.00048402196748289995,0.3,0.8,0.1,54,0.318659347037457,0.1370189004489616
19,22,0.274973379239811,0.6336348171453955,0.6422136031647706,0.2691598210668073,0.06941562727231092,0.13754770131345034,0.00067659609712785,0.00061720038504474,0.3,0.8,0.1,55,0.3376236243012532,0.1433571551935055
19,23,0.2742410157785503,0.6288542147204151,0.6296279424917974,0.26890623159277877,0.04498511085554376,0.13989430336002087,0.00066413202177361,0.00059866107573289,0.3,0.8,0.1,58,0.3337200693599146,0.1735033849952835
19,24,0.2699487548817459,0.6270415927239865,0.6343254896798779,0.27752392110290114,0.05567369309463565,0.14175610294927687,0.00066747606236939,0.00062593520679782,0.3,0.8,0.1,60,0.3092353580563211,0.2087832717286982
19,25,0.26037053581251124,0.6149273453844815,0.6203330913466721,0.27300353809290945,0.08934135742725481,0.13958021790850506,0.00058123101759871,0.00054943562343213,0.3,0.8,0.1,61,0.3044786746921369,0.2027665990334916
19,26,0.25533214963293893,0.6131453326355836,0.6257499779961624,0.30049066791029644,0.04012832940725884,0.12796053910934913,0.0005015487792756,0.00023961242569422997,0.3,0.8,0.1,67,0.2700736434420789,0.1494910189129709
19,27,0.2578458579366139,0.6112807575326729,0.6159182407000908,0.3114531251766666,0.04906574530317707,0.14294376432541928,0.0006049239414020701,0.00037425371150507996,0.3,0.8,0.1,69,0.2701543648449799,0.1564808464062443
19,28,0.25717300375516705,0.6067887486763895,0.6038399677115613,0.32358034110944023,0.044850625806526004,0.14204457492739714,0.00050446259843423,0.00041845641247077,0.3,0.8,0.1,70,0.326651594628905,0.2024907381789729
19,29,0.2358780996310089,0.5805668995688704,0.5800594739940687,0.31667328074005624,0.17072122238632234,0.14491459145005114,0.00045531002652773997,0.00038983421553741,0.3,0.8,0.1,71,0.2912917233785967,0.1905941329959357
19,30,0.23233756070024342,0.5752844763591821,0.5738764883748206,0.31852568566742673,0.06657137900385666,0.145444772553683,0.00047612541852452,0.00039907435370026,0.3,0.8,0.1,72,0.2859850039506812,0.1949925235675122
19,31,0.23131003495031013,0.5705435697310154,0.5616195442102921,0.33668738582289426,0.04304532433766486,0.1419093605431075,0.00052318181359023,0.00042722996835144,0.3,0.8,0.1,76,0.2944319804434746,0.1516571134151384
19,32,0.22726829048307856,0.5645025661284907,0.5545816718704054,0.3382005467455801,0.06795575738167503,0.1419908572357926,0.0004978355623728,0.0004032283067249,0.3,0.8,0.1,77,0.2904032583710229,0.1619937484641353
19,33,0.2274797910440902,0.5645770862422863,0.5545887339980322,0.33857179261574594,0.04521255305840153,0.14348939093074353,0.0005397555222716301,0.00040771017873274,0.3,0.8,0.1,78,0.2832518305021696,0.1594522062232757
19,34,0.227039579747377,0.5783806932117558,0.598157678072543,0.367583675173487,0.046079802175400676,0.14598379946116236,0.00052169966749843,0.00038489210463367,0.3,0.8,0.1,82,0.2760192842360244,0.1566722125158233
19,35,0.22703958286767478,0.5746694629952457,0.5869319647223663,0.35799242786430857,0.04425101851293725,0.14598379934273042,0.0005216996903461,0.00038489207255515,0.3,0.8,0.1,84,0.2760192858661727,0.1566721968233528
19,36,0.22650009370012808,0.5775591526463109,0.5972003615103333,0.3849249716734803,0.04538273721101118,0.1459980989488259,0.00051726468918601,0.0003921003227031,0.3,0.8,0.1,87,0.2763121935934413,0.1603741481881966
19,37,0.22411402177461828,0.565253260419804,0.5686869422842054,0.38977379823828395,0.053882535589827384,0.1534977170225039,0.00052907059713091,0.00041063087631823997,0.3,0.8,0.1,91,0.2090758971859184,0.1145019071013303
19,38,0.22042974290107886,0.5596247737030013,0.5621719506851667,0.39130775968643516,0.06841915396853879,0.1527461464141681,0.000491958552967,0.00040999614659619003,0.3,0.8,0.1,92,0.2274059704091937,0.1099297645891119
19,39,0.21695609422284684,0.5576846513534494,0.5667822419313211,0.4076200690686008,0.054483615035072284,0.1533223471279104,0.00051211036631895,0.00044959656101337,0.3,0.8,0.1,95,0.2313889600029811,0.1194776434815014
19,40,0.21553735641094135,0.5512922381007268,0.552328513314448,0.4125892314013974,0.05392137141873426,0.1554866975318208,0.00049175436855183,0.00045392171926537,0.3,0.8,0.1,97,0.225572910038751,0.1099151268280618
19,41,0.21146607307256954,0.5485959639114589,0.5561573136532935,0.4602181685174155,0.0489185301634788,0.15342675129853944,0.00075133829095014,0.00045932376213943,0.3,0.8,0.1,108,0.2355961932515399,0.2029325822538644
19,42,0.20798733561446847,0.5501917796110838,0.5718136884900381,0.4956961601457606,0.05076505548829703,0.1542412752693746,0.0005048573139661299,0.00041665620456324,0.3,0.8,0.1,114,0.2045808901075888,0.1176458114254924
19,43,0.20053888877557396,0.5327589088209769,0.5443948606659245,0.5028884318109478,0.06342431000249202,0.1576494318275117,0.00079233271846552,0.00049416744976313,0.3,0.8,0.1,118,0.2241585690429416,0.147409623688282
20,0,0.9906311200948759,0.9969696084240741,0.9964696828513327,0.1485295483337864,0.0,0.0,0.0,0.0,0.3,0.8,0.1,1,0.7896933605758443,0.7531954226678935
20,1,0.8494201044701933,0.9634169500676714,0.9531614770292186,0.16193350340570953,0.14754365565237101,0.08521976943181529,1.946219054146e-05,1.9104794109669998e-05,0.3,0.8,0.1,3,0.6152765350020863,0.5524439350686344
20,2,0.4928936873852377,0.7863266517088243,0.7461552748826422,0.11823325463494062,0.7778289891166011,0.09886911345383641,0.00019370546463389,0.00019967121826088,0.3,0.8,0.1,4,0.409280805322007,0.2204503042365578
20,3,0.4787969282560309,0.7767438399566783,0.7350113659256713,0.11714080706530793,0.06874820680905078,0.09837709044821497,0.00022407176748961998,0.00023463501044881002,0.3,0.8,0.1,5,0.4205445678126793,0.2214267141038412
20,4,0.40026137451527694,0.7179240660898972,0.6664877968913673,0.10686268739656259,0.27234381489367304,0.09866231514885074,0.00013081877149586,0.00014678441401527,0.3,0.8,0.1,6,0.2637362930159513,0.2042001203788711
20,5,0.38241028476866235,0.7066982359567013,0.6602984986364264,0.10816687914459985,0.060779794221282046,0.09892455255305437,0.00013520870483442,0.0001612908589649,0.3,0.8,0.1,8,0.2082640948875273,0.1625489275212522
20,6,0.34198690631820444,0.6702222376330507,0.6174811677555905,0.10518078448731279,0.1110420017313143,0.10553013764166397,0.00011640326881055001,0.00012992324317492,0.3,0.8,0.1,10,0.2633680772311712,0.2081400113034563
20,7,0.3298120095114658,0.6606438277297452,0.6066559016595059,0.11107244178319016,0.07060132388129443,0.09863054322747004,0.00016899625772175,0.00020527469341938,0.3,0.8,0.1,11,0.2379178426095643,0.2091311728264041
20,8,0.2922949965290588,0.6226386338038419,0.569293060095279,0.10580585211100586,0.11075587815184415,0.09843272796118631,0.00016845112761948,0.00020470911413766,0.3,0.8,0.1,13,0.2077316455192688,0.163411207184235
20,9,0.2922596665900698,0.6225992207056462,0.5692471239488787,0.1109350735686379,0.029847230303760637,0.09843272796118631,0.00016845112761948,0.00020470911413766,0.3,0.8,0.1,14,0.2086146413652742,0.1621919549192432
20,10,0.23209407318818684,0.5503120699127844,0.4914446626296369,0.09348017104656309,0.35845535147552143,0.10798989259217505,0.00029538727565729,0.0003661749078704,0.3,0.8,0.1,15,0.2137906727722285,0.0892136431210467
20,11,0.22801520152512428,0.544386214877416,0.484495582594496,0.09045606818751156,0.04573975697920523,0.10887570278132074,0.00030233958035631,0.00042150511478011003,0.3,0.8,0.1,17,0.1935813128426922,0.1274106271259985
20,12,0.21829293747395961,0.530185934350514,0.4679448812527755,0.08912048748711411,0.09217054919075367,0.1089253629470561,0.00034506731873089,0.00040341601826454,0.3,0.8,0.1,18,0.152346495420551,0.1976519342201723
20,13,0.21300498393983938,0.525356615066809,0.4690955910327731,0.09423252933926489,0.07171160710504697,0.11148367075756195,0.00033267983430044,0.00043757568662065004,0.3,0.8,0.1,19,0.1592326415510898,0.1261520578321586
20,14,0.21288594244337275,0.5251729137872876,0.46888158263307317,0.09948677928097287,0.03451270208039265,0.11148367075756195,0.00033267983430044,0.00043757568662065004,0.3,0.8,0.1,20,0.1587854740183313,0.1275018574187486
20,15,0.21127119106814765,0.5264289121734816,0.4772576089827975,0.10060191029265546,0.04359604209477685,0.11125562341785114,0.00033568848090074,0.00045537705962719004,0.3,0.8,0.1,21,0.156755856398357,0.1144547342040159
20,16,0.19476616716780573,0.4998248382565132,0.4462890541662777,0.10879232223581664,0.08808433451151783,0.11076843240238911,0.00032988330288565,0.00048647167993481,0.3,0.8,0.1,23,0.1397614491083579,0.1065716896406102
20,17,0.19411450365244046,0.5024366617189012,0.4562336706335953,0.11329027874447209,0.035815034052336644,0.11075126280054659,0.00033752265250742996,0.00049213381984269,0.3,0.8,0.1,25,0.1366469523657038,0.1043259845107751
20,18,0.1870183065455007,0.4908142317275061,0.4427922317163175,0.10859332796347097,0.0789672165580266,0.10898602731501757,0.00027665733315156003,0.00031426792124944,0.3,0.8,0.1,26,0.1568151452459569,0.1077130191662417
20,19,0.18612688501956381,0.4887224834028359,0.44026583280823645,0.11424719780693843,0.043859161519836376,0.11073403782421276,0.00029069339389428,0.00039032929741463,0.3,0.8,0.1,27,0.1302619460430752,0.0778726269200637
20,20,0.16833045105773953,0.4558507210084364,0.4019708862254723,0.11094270505404516,0.10127412997181671,0.11068558183557288,0.00031167190954484,0.00038946095502386,0.3,0.8,0.1,29,0.1110668078068156,0.0686606024015623
20,21,0.1663743430494718,0.4557508837362645,0.4087578796543535,0.1237847313424978,0.04133333336968809,0.11061007978198042,0.00033003538733677,0.00040278369286943,0.3,0.8,0.1,31,0.1117230074983562,0.0739196570673783
20,22,0.1642918728010821,0.4516115295894034,0.4039311435279952,0.11460262455948506,0.050701047088736184,0.11069048475858849,0.00033357302877282,0.00040690248174367,0.3,0.8,0.1,32,0.1119058999117097,0.0704611129579389
20,23,0.15857915568925485,0.4438071196672366,0.40174630327393784,0.12965299344547843,0.05718230265357876,0.11062858171797538,0.00032753177379269,0.00034880537525751,0.3,0.8,0.1,34,0.1121073614892418,0.0876389785638483
20,24,0.1478364283393934,0.420846581551096,0.37498477663943885,0.12950549451472013,0.12858762739723295,0.11080239753760429,0.00035843822741528,0.00038109228934472,0.3,0.8,0.1,35,0.1159983213724072,0.0831145964301305
20,25,0.14473728855776297,0.4173175260970557,0.37773093923341944,0.15090731629764514,0.040033933484517475,0.11166223467281511,0.00036713925307183,0.00044731016972485003,0.3,0.8,0.1,40,0.1323167978293717,0.1093180751458576
20,26,0.1327713750730665,0.40412576454273524,0.38998131863363217,0.19161219426338155,0.04820558849619487,0.11134557040133086,0.00041755451237907997,0.0004193825433781,0.3,0.8,0.1,48,0.1175956004511588,0.1044698354457317
20,27,0.13259740694179734,0.40735422893775086,0.40063824189926045,0.186989977561816,0.034892417664436896,0.11152952450531499,0.00041051472599844003,0.00030793984033978,0.3,0.8,0.1,50,0.1015510293769205,0.1038361321718544
20,28,0.13230654787294452,0.41036412174304643,0.41104840273460974,0.2027178772278608,0.03523614679631159,0.11147630916472766,0.00041533683017924,0.00033727735164932,0.3,0.8,0.1,52,0.1101600628297879,0.1090276115056325
20,29,0.13095766703692063,0.4033121382842502,0.3959301111900311,0.2155762111738953,0.04071224201936127,0.11149156267486597,0.00041446497702298,0.00034169355233314,0.3,0.8,0.1,54,0.105744549102183,0.0989559413548458
20,30,0.12934554446987215,0.41414596819674393,0.4361621005303371,0.2664420092988019,0.035862553204789246,0.11142712731820023,0.00042195313269313,0.00035262448440676996,0.3,0.8,0.1,62,0.1154406229903225,0.1188000762292765
20,31,0.1223356580643163,0.395922353881278,0.41492057173675784,0.2695407603486379,0.05902437578255322,0.11153116958500386,0.00047900443626939,0.0002870105448677,0.3,0.8,0.1,65,0.1193128194616083,0.1170640587723014
20,32,0.12140366150361648,0.3895984898199651,0.4006381245371332,0.30017804167394424,0.037685351323480665,0.11190546857596598,0.00043267725048992,0.00032935056972493,0.3,0.8,0.1,68,0.1090779295412322,0.1185472481943258
20,33,0.11946992874635816,0.38819121931431666,0.40591095639557645,0.3087371536555971,0.044270731158775695,0.11159384822212261,0.00047797768450201,0.00029382928583595,0.3,0.8,0.1,70,0.1276218599752918,0.1227260445103599
20,34,0.11918195730444489,0.3911089902751627,0.4162113570370851,0.308520969738959,0.035008701027585735,0.11150298640635403,0.00048019106871057,0.0006060270148389401,0.3,0.8,0.1,73,0.135965175026473,0.1187231806721061
20,35,0.11609257605947362,0.3787914130505961,0.3949521311436095,0.3278529970829052,0.0695804019408946,0.11163709206867534,0.00048056226686018,0.00064930383714439,0.3,0.8,0.1,74,0.1422564675576127,0.1218207324494088
20,36,0.11595244359483776,0.38211863751409614,0.4057312202909804,0.33800154296424145,0.034737978466613646,0.11162129331307832,0.00047925203825229,0.00066205100899289,0.3,0.8,0.1,76,0.1432434215210191,0.1223659824017233
20,37,0.11592299295895335,0.37461081692473536,0.38318010183558293,0.26264808231743203,0.03426443588074655,0.11162443267813708,0.00047990978599912,0.00066385840433062,0.3,0.8,0.1,77,0.1439726499989915,0.1223936303208585
20,38,0.11578714830996323,0.39278247852430576,0.43886025175561477,0.4093457322024585,0.034037627117790195,0.11165202587049597,0.00048168866733593995,0.00058766538974032,0.3,0.8,0.1,93,0.1454712929791564,0.1185309223796627
21,0,0.9259412434993676,0.9752592203998572,0.9711777594515972,0.14247886458778977,0.0,0.0,0.0,0.0,0.3,0.8,0.1,1,1.0754391665716474,0.7636066909511281
21,1,0.7969227906217158,0.9422346220011334,0.9285334949571107,0.15581756444740738,0.1455504990546293,0.08426178029915693,1.019592825971e-05,1.1257136432859999e-05,0.3,0.8,0.1,3,0.8611697505601531,0.5535435109451394
21,2,0.4463817525499337,0.7537515751075816,0.7081985208634983,0.10918964963789242,0.8262819109327457,0.09886716029529208,0.0002474610344195,0.00024795319321649996,0.3,0.8,0.1,4,0.553901806021903,0.2251766625272244
21,3,0.3658742449252573,0.6885135046910851,0.632210782169728,0.0956023957457931,0.16419510836431878,0.09904074421796905,0.00010787286948272001,8.176714561851e-05,0.3,0.8,0.1,6,0.4153159721333068,0.1525308461453527
21,4,0.36586010279362724,0.6885008935739946,0.6321959987379272,0.09745240393586242,0.029860915910029883,0.09904211682636,0.00010787686102243,8.175065091634999e-05,0.3,0.8,0.1,7,0.4154260544345697,0.1526379229650945
21,5,0.3512033434606505,0.6788327096898822,0.6278415900633841,0.09822634988992184,0.08479252805933833,0.09885736776875892,0.00012762437172018999,8.645500615165e-05,0.3,0.8,0.1,8,0.4028797618876289,0.158612978201571
21,6,0.3400238195407744,0.6714554064011203,0.6123292407115261,0.10760512513712017,0.07385971695347021,0.09915817868412154,0.0001370339676578,6.373957618957e-05,0.3,0.8,0.1,9,0.4147860626624833,0.2626288029653139
21,7,0.3407883023840872,0.6727617910113104,0.6274226422427861,0.10222875083388999,0.033845297667501634,0.10378179897824817,0.00016200217925782,0.00011309157611276002,0.3,0.8,0.1,10,0.3943798093822391,0.1515377478149938
21,8,0.3205742882214628,0.6524062519253327,0.5970398321266569,0.11216330183545609,0.10665496497622026,0.09915817868412154,0.0001370339676578,6.373957618957e-05,0.3,0.8,0.1,11,0.5436066825903223,0.1743546503638127
21,9,0.3196109450254234,0.6492406420139204,0.593342484457723,0.110477525339255,0.03421593854240844,0.09908080078865876,0.00022486499649689002,0.00016979185594625,0.3,0.8,0.1,12,0.3514625673190221,0.1935824268387768
21,10,0.29821421934418385,0.6312041809609658,0.5788127160161457,0.10771616238510552,0.13722855643139248,0.10756059831155572,0.00023444251843392,0.00011274830630267001,0.3,0.8,0.1,13,0.420223421817756,0.2407110986465546
21,11,0.29486342494734163,0.6254662761117773,0.5725482610243285,0.10933777462399599,0.03358535403330314,0.09908080078865876,0.00022486499649689002,0.00016979185594625,0.3,0.8,0.1,14,0.3854986504963328,0.1798338165439625
21,12,0.2807277374011507,0.6056057399657303,0.5420835319408331,0.09909669249358266,0.1108845666688404,0.10758153918417941,0.00026168487574897,0.00017371890605335,0.3,0.8,0.1,15,0.2936396785398318,0.1158394955320021
21,13,0.27321288048038317,0.59860727286099,0.5339162392116418,0.10823175361360679,0.0697641657340664,0.10767344892015458,0.00033291805017725,0.00019585890396478,0.3,0.8,0.1,16,0.2880079571127836,0.1490299520055581
21,14,0.26132868813699855,0.5925448516183733,0.540668612708247,0.09948525129973167,0.09240162297731004,0.10756152193325275,0.00029902120318127,0.00016465813214459,0.3,0.8,0.1,17,0.2646855172564643,0.1314520274802396
21,15,0.24361353528120078,0.5624997783924145,0.4987542700347527,0.1039894517324417,0.1278548678115177,0.10767344892015458,0.00033291805017725,0.00019585890396478,0.3,0.8,0.1,18,0.2928509458092874,0.1118558745832707
21,16,0.22738811944760015,0.5362070872035216,0.4612127182094007,0.0911969083911187,0.12607066435008266,0.10794696973752956,0.00030327556242918,0.00017227894575834,0.3,0.8,0.1,19,0.2623169960709975,0.0762006856465808
21,17,0.2138315885932231,0.5159838204368923,0.4376206564396054,0.10509476096026767,0.11702145282588225,0.10824516436833553,0.00043388834103822,0.0002049930835231,0.3,0.8,0.1,20,0.2510283408537487,0.1229181914076369
21,18,0.21487397614589546,0.5161445544017693,0.4373633439366905,0.1096560127072349,0.046005433876343545,0.11721369659336159,0.00043736844164344,0.00022078122801628,0.3,0.8,0.1,21,0.2484313577024833,0.1032302943518566
21,19,0.19342556761675522,0.48329723671664354,0.3995632706091725,0.08603931106275536,0.15654958968663532,0.10796550075999581,0.00038044776680822,0.00017003741949018,0.3,0.8,0.1,22,0.2189213960862273,0.1029354901223977
21,20,0.1913089276125531,0.4833863803821,0.40656283839227986,0.0974806593993249,0.04783398367850975,0.10818442422404989,0.00034921028464362,0.0001576927106647,0.3,0.8,0.1,23,0.2204120145534222,0.0974324781502934
21,21,0.18997251731941173,0.4812212790295856,0.4040675801862958,0.0917615889904955,0.04086073615114987,0.10760890472295556,0.00035757591232941997,0.00018063502478261,0.3,0.8,0.1,24,0.2156158721463183,0.104959577902485
21,22,0.18786598971279878,0.4813032556061104,0.411064824061805,0.10337839920228903,0.047599365498529965,0.10771141250808686,0.00032522819791155,0.00016141520555261,0.3,0.8,0.1,25,0.2261765539523015,0.0831858044727519
21,23,0.18809125094896212,0.47220035025714696,0.3861836737753961,0.107636652151228,0.054443382073703486,0.11714485256690375,0.00035872704703704,0.000209985217431,0.3,0.8,0.1,26,0.248014307341021,0.10539771544017
21,24,0.18041736515902898,0.4644245091486862,0.3845008327872049,0.10500827923371565,0.0678690157527251,0.10768864412757116,0.00032303122273693,0.00015808489446792,0.3,0.8,0.1,27,0.2291664041521546,0.0972298744195433
21,25,0.18006381680198688,0.46372529872850105,0.38367395518719843,0.09964784017819948,0.03584619479589531,0.10799286322089015,0.00030215230395357,0.00015970552500271998,0.3,0.8,0.1,28,0.2272644542385757,0.100376583818408
21,26,0.17942827083363727,0.46615143014923816,0.3933757237824368,0.10462585607583766,0.038782718350515645,0.10849566596819402,0.00031633908687737,0.00016178523106718,0.3,0.8,0.1,29,0.2269349153362916,0.0977380651319732
21,27,0.1801270952585434,0.46182830648841877,0.3810455498187945,0.12491951704816098,0.03939531891802381,0.1164019156608292,0.00031359515616204,0.00020798705612041,0.3,0.8,0.1,32,0.2564377823705183,0.1135054469542526
21,28,0.17749379052018377,0.469944408120291,0.41157968550484547,0.14484691269733807,0.03350252624115646,0.108740326023419,0.00036360791156955,0.00021369566752788,0.3,0.8,0.1,37,0.2300953768691586,0.129868847610095
21,29,0.17616744711159077,0.4711991716688833,0.4199436741903727,0.15863130315461227,0.037976821787172724,0.108740326023419,0.00036360791156955,0.00021369566752788,0.3,0.8,0.1,39,0.2335365966511425,0.1235021805840046
21,30,0.17144060892885762,0.46192891395792096,0.409067309927079,0.18009239304149335,0.040101066747823294,0.11033965329800623,0.00035661281409333004,0.00012794425951625,0.3,0.8,0.1,45,0.1832142219007592,0.0725627631949684
21,31,0.16966794014614148,0.4622455736687828,0.4163381992380356,0.18811999613271288,0.040406369392991345,0.1103514329140727,0.00035472231687166,0.00012099550198097,0.3,0.8,0.1,47,0.1704824307867579,0.0865508494882743
21,32,0.16483883403379454,0.4527500407091023,0.4052662967462624,0.194552325811574,0.05314351237164677,0.1105078838240515,0.00037062660048265,0.00012347396512845,0.3,0.8,0.1,49,0.1742099521586866,0.0640367627484475
21,33,0.16461105065776574,0.4522994846076783,0.4047416213452186,0.19483177426514178,0.035311769277396335,0.11053397217938436,0.00035895249425692,0.00012619055701903,0.3,0.8,0.1,50,0.1752491534741078,0.0665036030733448
21,34,0.162603214119978,0.45199925386796225,0.4112925755051672,0.20610453523367664,0.03900100621814155,0.11055255383367593,0.00036531742303794,0.00011080720700894,0.3,0.8,0.1,53,0.1689905303012408,0.0602426334849553
21,35,0.16231470866443287,0.447739552299723,0.3994335231861187,0.21231840555242926,0.03554417188770566,0.11045040902716606,0.00035869846485383,0.00013098412120596001,0.3,0.8,0.1,54,0.1702945670131831,0.0621610488467842
21,36,0.1570591731393785,0.44444070988504536,0.40939647781221494,0.2251948858116398,0.04447421502502593,0.11043500587200265,0.00035170672211303,0.00013821825100367,0.3,0.8,0.1,58,0.1757335533073857,0.07151822369185
21,37,0.14563160560131586,0.42342280547429517,0.3917967678953682,0.2509075183200061,0.054009347807906685,0.11035657695528284,0.00042251744560081,0.0008210231788678199,0.3,0.8,0.1,63,0.1409013046248127,0.0594129951121645
21,38,0.14364619338928006,0.4226694312492289,0.39782193813988365,0.27937118699334523,0.038122785821937615,0.11042193367334673,0.00040148992443035994,0.00075698008290177,0.3,0.8,0.1,67,0.1436446937977115,0.0577445223530424
21,39,0.14174456499234953,0.41839017904612086,0.3928440400488877,0.2682899609517896,0.04221317567330505,0.11022918673512103,0.00042311492009790996,0.0007195259365498101,0.3,0.8,0.1,69,0.1353089079961317,0.0637638112242008
21,40,0.14155735951295184,0.4217221984916612,0.40363439576946775,0.28142148648735954,0.03484320011831417,0.11010381616224145,0.00042089738159383,0.0007226321580097,0.3,0.8,0.1,70,0.1378051932158097,0.0589348370572342
21,41,0.13876219713314616,0.41120501828391315,0.38443992400997257,0.3069506819435346,0.038530738400706685,0.11049559857953173,0.00057904461936074,0.00070976184121075,0.3,0.8,0.1,76,0.1466586251304545,0.044619476244044
21,42,0.1371364370750039,0.415112864275197,0.4028359459135235,0.30924394748693673,0.037948677190769324,0.11000345966375707,0.00045538691197833,0.00080870565905913,0.3,0.8,0.1,79,0.1382616545839885,0.0491708157528557
21,43,0.13407407276753003,0.40769855756054574,0.3941892976300808,0.32096931733416756,0.06431481115314316,0.1101442611380753,0.00048088710198394,0.00074092751397802,0.3,0.8,0.1,80,0.1304410268366179,0.0473315014437843
21,44,0.13350653586504968,0.41026339872659934,0.40410537413979203,0.33098933934611624,0.034713975829267676,0.10968939717558973,0.00045462614995566005,0.000744347736795,0.3,0.8,0.1,83,0.1399343037622276,0.0471361945091887
21,45,0.13229528090742587,0.41070415866023524,0.4114859200046381,0.3337122190126984,0.03834137464082391,0.1101957813381618,0.00052253257807896,0.0008125306914160901,0.3,0.8,0.1,86,0.1331239693107272,0.0346035203481219
21,46,0.13037772024948263,0.40235554740218743,0.39486897723993375,0.3357090332807525,0.05235609306186035,0.10998508063734673,0.00053421629909282,0.00067616022751218,0.3,0.8,0.1,87,0.1365592748801548,0.0401194041016199
21,47,0.12777342757366034,0.39559990739038814,0.3869770464807392,0.3516066540607818,0.06200890791541025,0.11023272847741943,0.0005921628136861901,0.0007915975305579999,0.3,0.8,0.1,88,0.1326082203083532,0.044996548380987
21,48,0.12486007839876584,0.3919469652693987,0.3896362975383976,0.36712884216916253,0.0485765200873426,0.11007220658076118,0.0005540454251733099,0.0008149351710429701,0.3,0.8,0.1,90,0.1366519775184379,0.0456316101933895
21,49,0.12366987711972571,0.38518976875110583,0.3748679235312262,0.37343200946498023,0.039726920091417324,0.11005334013812906,0.00052630942847129,0.0007434409191455201,0.3,0.8,0.1,92,0.1365951693448972,0.0488964448586001
21,50,0.12324672253066911,0.3914082633601955,0.39590758012891386,0.41273007854210036,0.03414268301638706,0.11014225081444583,0.000559640964021,0.00076446923361547,0.3,0.8,0.1,101,0.1276588656556546,0.0444708789860865
21,51,0.12070710274057601,0.3883510942369656,0.39924532262979223,0.4180952931960478,0.061616669886355016,0.11021989148534223,0.00056513943960238,0.0006660126986705701,0.3,0.8,0.1,102,0.1189538225643601,0.054462518457043
21,52,0.11994966672777699,0.38984295679718745,0.40786905173993,0.450426779848103,0.03463709506167443,0.11036820422738401,0.00062864343914585,0.00071165265747366,0.3,0.8,0.1,112,0.1139857111854309,0.0478542923660136
21,53,0.11822669777448981,0.38895007443706225,0.413739206106704,0.46369882334009827,0.0398986222126346,0.11029309746119881,0.00060041894868857,0.0006706700409153099,0.3,0.8,0.1,115,0.1131960378117793,0.0501617222740232
21,54,0.11804537037996085,0.38470365191356753,0.4018865001594356,0.4672117294798729,0.03480416393698461,0.11033191714631031,0.00061013383934867,0.00069166870600168,0.3,0.8,0.1,117,0.1123208580743527,0.0468663912963355
21,55,0.11800410344740879,0.38462010055515544,0.4017919681201225,0.5086865003485951,0.033674168813895046,0.11030517962626478,0.0006019684318799899,0.00066707011389271,0.3,0.8,0.1,125,0.1117106829958738,0.0480056168754964
21,56,0.11762209616026542,0.3912067326497595,0.42328898725095854,0.5925342079918989,0.03395113947607537,0.10989629586078943,0.00061283379190447,0.0006334780538130101,0.3,0.8,0.1,132,0.1244472594440722,0.0552482529750172
21,57,0.1172617480467953,0.39022622119792694,0.42214792413771063,0.5961456745890819,0.037527164373744835,0.10987973292927919,0.00060956156665471,0.000635754449444,0.3,0.8,0.1,133,0.1241081021196893,0.0559629521520019
21,58,0.11661125103883824,0.3880854520555911,0.41962314389118527,0.5607767779155746,0.03609738114266706,0.11038631928701542,0.0006440834244464801,0.00071077335244868,0.3,0.8,0.1,137,0.11476434782226,0.0489901706283915
21,59,0.11646665783167741,0.4287581581999977,0.5429521940531985,0.6501270190072046,0.03357524612611261,0.11000928100592507,0.00062475837049356,0.00064961834758083,0.3,0.8,0.1,150,0.1226634989289368,0.0547282885205734
21,60,0.11620931871157257,0.40209181087573936,0.4635745339586891,0.7532330950391026,0.033795289235126494,0.10995793880429702,0.0006193150653365399,0.00064853992238904,0.3,0.8,0.1,161,0.1283305527800272,0.0548056215713584
21,61,0.11616871199029788,0.4020356127046186,0.46351398446115016,0.7647214265566709,0.033577772341037086,0.1097989278753559,0.00064065431277294,0.00065308274582567,0.3,0.8,0.1,163,0.1251002861096697,0.0555111632027184
21,62,0.11601512585484816,0.40870865943717083,0.48506335455232436,0.8302645054085294,0.03392938013409761,0.11030552495043017,0.0006581966330032501,0.0007467374355939499,0.3,0.8,0.1,179,0.1232636147274615,0.0477296400785137
21,63,0.11432705187180879,0.40034229699237445,0.4684225754914342,0.82006867055897,0.043152930199982564,0.11019040687062563,0.00065351861374659,0.0006439506982637,0.3,0.8,0.1,181,0.1220962429799733,0.0557328571350203
22,0,0.903894387336806,0.9675255890672596,0.9621683516963887,0.13888965193522007,0.0,0.0,0.0,0.0,0.3,0.8,0.1,1,1.1581799413109262,0.7495063282056779
22,1,0.7720275015004201,0.9327027320006757,0.917167822848339,0.15430397499604842,0.15411049227322876,0.08952737300270038,1.498481356592e-05,1.636185429899e-05,0.3,0.8,0.1,3,0.9358406407450944,0.5477409723644128
22,2,0.4419473653355026,0.7504519629741013,0.7043670887423408,0.10821443532068781,0.7936507180304948,0.09864342196724914,0.00023761131600601003,0.00024017332952042,0.3,0.8,0.1,4,0.5779155439603226,0.2351652127899694
22,3,0.4405073665685354,0.75326169757467,0.714431818735813,0.11309678753300936,0.033722221269519605,0.10076513606629302,0.0002763708714423,0.00027899598298009997,0.3,0.8,0.1,6,0.5718890486631513,0.2269819400506282
22,4,0.3772193201910723,0.7058900285065872,0.6663124693881053,0.12484837118383835,0.09833784252721077,0.09775656552719507,0.00017995571457008,7.369197176293e-05,0.3,0.8,0.1,9,0.5516915212737201,0.3335288201647058
22,5,0.3362659119155537,0.6721217909221232,0.6333317437991925,0.12336176296806046,0.11687289991832063,0.10825048244304131,0.00035747451439545,0.00014638602549372001,0.3,0.8,0.1,11,0.4881767710313518,0.3488632770464404
22,6,0.28608548140864387,0.619406244186961,0.5721674095473266,0.11441356115638113,0.13744998417879375,0.10296435200740317,0.00046642907792750004,0.00012143795797582999,0.3,0.8,0.1,13,0.3319442180262128,0.2627501687109633
22,7,0.2668202113153095,0.5999018843498627,0.5562311051091328,0.11541588677092623,0.08076632160115982,0.10536679889779312,0.00044753199975354995,0.00013159006462276,0.3,0.8,0.1,15,0.2840331719694247,0.2483806111404946
22,8,0.23701995460412542,0.5681826736179764,0.5328859110914376,0.12849685435856364,0.06094905713044789,0.10927795306774182,0.00048016095057346996,0.00012533662435785,0.3,0.8,0.1,21,0.3058088353548486,0.2937839476232557
22,9,0.2329164222886024,0.5624346346394955,0.5262030733424604,0.13633858037758562,0.04082297980710629,0.1091415555170941,0.00042569348178753,0.00015526838043703,0.3,0.8,0.1,24,0.2865538397803387,0.2575706675339947
22,10,0.20532614044891148,0.5292162716114054,0.501498955487044,0.1421186205752681,0.08624181887122984,0.1050363384700118,0.00052593300673083,0.00016330777677097,0.3,0.8,0.1,27,0.2385143187605339,0.1664383870382142
22,11,0.18171332536906643,0.4827972349592362,0.439904123822355,0.13193059203794327,0.1314537289909048,0.11743337627522964,0.00054211490770198,0.00017300470902507,0.3,0.8,0.1,29,0.1997185978629425,0.1913751547794869
22,12,0.17696189982151253,0.4820732366261701,0.45297947556352663,0.1612350790374015,0.03884351070193733,0.11464241216663669,0.0007119546608841301,0.00025893289932813,0.3,0.8,0.1,37,0.2429080682457053,0.1391941918115607
22,13,0.16471006720389264,0.4625466666164686,0.43720525345209904,0.17258756305093048,0.12851522595763681,0.11339708396915125,0.00064240549859283,0.00022111908582411998,0.3,0.8,0.1,38,0.2305753953731562,0.1401681010988511
22,14,0.16325336573403337,0.4599876932759452,0.43428048720575135,0.17163515335009333,0.03881644406292923,0.11224587269657443,0.0006471048603971,0.00022182258013759,0.3,0.8,0.1,40,0.2252973316244147,0.1340073634310351
22,15,0.1507281405633292,0.4325914454775421,0.40219189366931035,0.16549360722158915,0.152530818096323,0.11593276918140671,0.00057325448276328,0.00022687922322746002,0.3,0.8,0.1,41,0.2204415019954131,0.1041473802984764
22,16,0.12331751117100297,0.3690286036139104,0.32839242861177126,0.14274623027910482,0.1617212523673469,0.11102645308654119,0.0005350403803473099,0.00014073119129446,0.3,0.8,0.1,43,0.1701455976938672,0.1237786656371662
22,17,0.12426937281745414,0.36820216928282207,0.32709419223835784,0.15037691914643322,0.039715776544044554,0.11773351352139397,0.00055432132856284,0.00020037150845338,0.3,0.8,0.1,46,0.1743821122313925,0.091253532643553
22,18,0.11807457807857062,0.35571577835370155,0.3195105449541347,0.17977983342985204,0.06810287475632977,0.11653238540600244,0.0005487454199712999,0.0001893575464096,0.3,0.8,0.1,48,0.1523101223327443,0.101392750174829
22,19,0.10429319156783955,0.3204181685333263,0.28542904608827036,0.18415217534881412,0.11329181925806382,0.11370294994857054,0.00056670216324106,0.0002333834122033,0.3,0.8,0.1,50,0.1437855312482754,0.0816034912018913
22,20,0.10050370774412856,0.3118116407404029,0.2822822723883107,0.19690482764400313,0.04760271918261747,0.1142121413984497,0.00055255260228373,0.00019247876034622998,0.3,0.8,0.1,54,0.154374069142448,0.0802366026020913
22,21,0.09754064130108289,0.3071444428183103,0.28383974272517976,0.21317140003992646,0.05041392726723026,0.11227817444934295,0.00057382923813528,0.0002234953345829,0.3,0.8,0.1,56,0.1434692506035253,0.0863743397321332
22,22,0.09479918855480289,0.2989164824369721,0.2743290883383644,0.21053392135725277,0.04955459931586585,0.1107035725668223,0.0005960179715004,0.00024370752574457002,0.3,0.8,0.1,58,0.1422096378367119,0.0832856760869222
22,23,0.09563277418707287,0.303281948131397,0.2861670872862466,0.21746769494031687,0.03497023017615752,0.1138449934464813,0.00056021662430561,0.00019024222566017,0.3,0.8,0.1,61,0.1474824689850693,0.0972298183218972
22,24,0.09561984305206304,0.30324042419846514,0.2861188691478017,0.2174554456282892,0.03478667372713534,0.11384152274412546,0.00056026957515902,0.00019016484139551,0.3,0.8,0.1,62,0.147394742500363,0.0972797663648663
22,25,0.0926349585391482,0.29689815144834875,0.28564876530070776,0.24592858311688137,0.04478743825426647,0.11356365692580378,0.00054470304906408,0.00016559793644262,0.3,0.8,0.1,66,0.1511996197017246,0.0904407851284288
22,26,0.09249203553217106,0.29636175701611656,0.2850214846890293,0.25623827421208106,0.03680892093277379,0.11361014766346184,0.0005451320018107499,0.00016624891389771,0.3,0.8,0.1,67,0.1517865899261055,0.0902025985362633
22,27,0.09094918071609133,0.29233260745794143,0.2804189045255479,0.2512389000981931,0.038779110037087006,0.1117800888695382,0.00054022652489593,0.00016414776122328998,0.3,0.8,0.1,70,0.1540712424008625,0.1020784122920696
22,28,0.09032867555630533,0.29498979807778414,0.29049180742303,0.2500375356157129,0.035941261869193275,0.11027815050844997,0.00053511930972315,0.00015614752222575,0.3,0.8,0.1,71,0.1434348086672872,0.0991823556108883
22,29,0.08845062498697405,0.2805516556698516,0.25984965034155333,0.23189725198141772,0.06301640870930378,0.11060967351529132,0.00054370683347974,0.00016787150015221,0.3,0.8,0.1,72,0.1393064200821215,0.1031788104654999
22,30,0.08776180198495873,0.28168448856377315,0.26806712183711745,0.25151650292052513,0.0390349262102146,0.11069449585375002,0.00054554506957449,0.00016785941436024,0.3,0.8,0.1,74,0.1417326576202942,0.1050814638564492
22,31,0.0869022154497913,0.28071469413475575,0.2737464320887909,0.25008246192491546,0.039635953175220034,0.11251056043741059,0.0005713054499452001,0.00016083930985779,0.3,0.8,0.1,78,0.1415521581371877,0.105417437309203
22,32,0.08528327707657303,0.28737728703618043,0.30230979708481037,0.31138157048609333,0.03465435546056187,0.11068248734642064,0.00053589298016157,0.00016881978009145,0.3,0.8,0.1,94,0.132063844925538,0.0979512246198746
22,33,0.085262525175008,0.29467497631023554,0.32461303935293434,0.3574005987359734,0.033740268005491736,0.11073816136922085,0.00053607585581641,0.0001695980225438,0.3,0.8,0.1,102,0.1315536375211168,0.0981312363983236
22,34,0.08468564087916952,0.28866503706324603,0.3107020642806869,0.3604699755334731,0.04337931363040927,0.11085508729782344,0.00054690850710774,0.00017901510909744,0.3,0.8,0.1,103,0.1303839009668274,0.0964516603879113
22,35,0.08497315767120449,0.30379459194627734,0.3558888368062866,0.41107245408403353,0.034006618395005635,0.11179916282871642,0.00055388511562807,0.00017426641609864002,0.3,0.8,0.1,105,0.1394562879412822,0.101892442283983
22,36,0.08471454766804976,0.28856982757268834,0.31057903763023137,0.3678507700554161,0.03412646610330712,0.11109658103194858,0.00054902273318729,0.00017190746875540998,0.3,0.8,0.1,107,0.129823161712365,0.0934226415222403
22,37,0.0845196176642916,0.299235947489812,0.3437274510921502,0.4144002621790828,0.0352137591587566,0.11075905716460907,0.00055364599593316,0.00017455056638379,0.3,0.8,0.1,108,0.1399463914587466,0.1026203013339186
22,38,0.08447578189034113,0.2987120016895569,0.34309593581871095,0.4143464398167227,0.03650456139023713,0.11119119803113432,0.00055267838148128,0.0001658526363737,0.3,0.8,0.1,109,0.1410481927635399,0.1035462437492985
22,39,0.08467551538408384,0.2986474499490725,0.3429722158153437,0.42590859961873034,0.03460366799518636,0.11217231917277273,0.00055134626395245,0.00017473033478427,0.3,0.8,0.1,112,0.139201771037036,0.1016154172342252
22,40,0.08433878037954409,0.30499303609732675,0.3641811417878137,0.46659011171288256,0.03817680095477934,0.11192930030416189,0.00055104265262729,0.00017493055931687,0.3,0.8,0.1,113,0.1427604696618563,0.1019498733426626
22,41,0.08439165503418924,0.2973502637622259,0.3414475774498678,0.42561260507196663,0.03499333439683505,0.11237203314642899,0.0005766321857139901,0.000189652888103,0.3,0.8,0.1,115,0.1432858535722837,0.1077131474190963
22,42,0.08430277283844109,0.3008019282523385,0.3523763381993182,0.45886213975457085,0.03433441852724889,0.11228910378545028,0.00056749489711759,0.00018015338616856,0.3,0.8,0.1,120,0.1415715317213671,0.1043451174339639
22,43,0.08420253047495015,0.3005092416916094,0.3520397939361006,0.45876805853953634,0.03528725522414844,0.11217244738938113,0.00057620551794723,0.00019098315788878,0.3,0.8,0.1,121,0.1456189800774525,0.1073707268987871
22,44,0.08385628910344214,0.29904076560437026,0.3503216382899807,0.5658754253696052,0.03450217777995142,0.11224263581386276,0.00058849758370333,0.00033200682116557004,0.3,0.8,0.1,140,0.1478309549826363,0.1102260584317251
22,45,0.08373965032225303,0.30605230564647934,0.37229648100941914,0.5930242018116738,0.03498011250689058,0.1122185484437676,0.00058489860505549,0.0003016921497277,0.3,0.8,0.1,142,0.1473356285993741,0.110181734875172
22,46,0.08369439957245921,0.2979177442209902,0.3489843865597439,0.5696031804869681,0.035283416540170275,0.11285234150951923,0.00058050816358104,0.00032295229078994,0.3,0.8,0.1,146,0.1438313640011801,0.107661379030193
22,47,0.08348466207024613,0.3013889420489748,0.3599633015977695,0.6006258611073229,0.034320982105982854,0.11218948955622865,0.00058079832825081,0.00031785898844401996,0.3,0.8,0.1,147,0.1507782199296578,0.1098480739559717
22,48,0.08283104536404196,0.3031971539787252,0.36900794323646224,0.6116094626557079,0.03741268049445491,0.11146286340331904,0.00058189505996032,0.000312976930472,0.3,0.8,0.1,149,0.145939099409588,0.1057588342401858
22,49,0.08232640275236416,0.301018842044755,0.3664579154585142,0.6110563270027145,0.03710805971263943,0.11170368246214767,0.00058417301037086,0.00032047284957457,0.3,0.8,0.1,152,0.1411685886072686,0.1041265396799389
23,0,0.9342289720590634,0.9781207472360999,0.9745113401916108,0.14184252203255304,0.0,0.0,0.0,0.0,0.3,0.8,0.1,1,1.0364720546363622,0.7480756790839171
23,1,0.5902842155850505,0.8446879555010842,0.8072926603869972,0.13049321836094596,0.3637511430766633,0.09716984001976092,0.00038874788603902,0.0006760303862791,0.3,0.8,0.1,3,0.7575322693364935,0.4675689842327974
23,2,0.4715866417531343,0.7718233483559446,0.7292421948487214,0.1142671521528665,0.3359169522051374,0.09911592851854852,0.00022267982250022,0.00026919282019201003,0.3,0.8,0.1,4,0.4499733358607512,0.2224978930930312
23,3,0.45278880889689116,0.7621039546637824,0.7248562780120856,0.1161386498321941,0.05699668999696351,0.09840376907961838,0.00022551993060879001,0.00028330579024385004,0.3,0.8,0.1,6,0.4428976292537004,0.2087887731072307
23,4,0.44969608858105425,0.7638464288991418,0.7336148158060668,0.11946650060285503,0.03701192946755815,0.10173207045034657,0.00028318217093115,0.00035719228292325,0.3,0.8,0.1,8,0.4271621096379742,0.2025759566014097
23,5,0.4439177777743547,0.7555993383078361,0.7172817063269118,0.12173029628433002,0.04400155014258069,0.09830847964068529,0.00023756051762057,0.00028614870985293,0.3,0.8,0.1,9,0.4289778306829104,0.2144011361651965
23,6,0.4439632886851426,0.7556470816716139,0.7173283445018137,0.13123513570684936,0.029791971114897894,0.09849170987421918,0.00023614602183240997,0.00029089611032505,0.3,0.8,0.1,10,0.4186069049472691,0.2239203066740095
23,7,0.4285845449009855,0.7515176330962586,0.7263077756469708,0.13802781869446695,0.053861685351023744,0.09876899565373269,0.00023763257186865,0.00031448264470051,0.3,0.8,0.1,12,0.4068538989105811,0.2582808829470876
23,8,0.4276305119369179,0.7507849580752733,0.7254545701684995,0.14009427502723812,0.03286052620084328,0.09876046023185224,0.00023812824505769,0.00031382092455063996,0.3,0.8,0.1,13,0.4053116596728115,0.2553131006035403
23,9,0.42690109328140363,0.7502236278377508,0.724800933799036,0.14220890140879522,0.03215428424273295,0.09875378882990465,0.00023853338655991998,0.00031327203076197,0.3,0.8,0.1,14,0.4040989512206978,0.2527624940184054
23,10,0.4137570242952069,0.7411175821844345,0.7132451344278639,0.14300463210256792,0.09684299213723133,0.11750347173298488,0.00035786731321117,0.0005464370296292601,0.3,0.8,0.1,15,0.3688176671141401,0.3174627066379011
23,11,0.4005467028862632,0.7341137858806408,0.7119105577976669,0.1403553830920494,0.059127383033739066,0.11864775578680438,0.00049402867682208,0.0007285148962508299,0.3,0.8,0.1,17,0.3307505297821521,0.2643314875943751
23,12,0.3961443026410794,0.7303407913356982,0.7076108876459198,0.14136515589124174,0.04865039468634593,0.11678351341175362,0.00046940859625737,0.00071399931530192,0.3,0.8,0.1,18,0.3302216196073073,0.2544804841490815
23,13,0.39030333384731475,0.7290785423492845,0.7131019874977199,0.14400769287411186,0.054228769695618136,0.11560961027672546,0.00047133549369704,0.0006220440911955,0.3,0.8,0.1,19,0.354336069665474,0.2497257109509648
23,14,0.37601564827697304,0.7159914771743487,0.6987695270274923,0.14773571733671637,0.060646629637491935,0.09719087944121627,0.00042333052807157006,0.0008858285828148901,0.3,0.8,0.1,20,0.4174854644087651,0.2131035390071733
23,15,0.3704177461657114,0.7151897037676378,0.7041690780355634,0.15442809885265155,0.04398529877663591,0.10897436758774358,0.00037017389752411,0.00042861739105153003,0.3,0.8,0.1,23,0.353176156711751,0.2410815243306555
23,16,0.36624484807228996,0.707731335439604,0.6885939908609431,0.1653710492887798,0.047763264774360985,0.10716532476051044,0.00088581130011402,0.00076621381610959,0.3,0.8,0.1,24,0.4232349982007707,0.2656405552894493
23,17,0.3630811222225664,0.7048120592538801,0.6852860382440021,0.16701755798833254,0.04211939209671094,0.10543471947401599,0.00083397765909979,0.0007411550014741,0.3,0.8,0.1,25,0.4184775075005583,0.2538874612372691
23,18,0.3617300934183396,0.7111847654910934,0.7061789591777379,0.1758720612514452,0.04735649684393465,0.11200003756875257,0.00087608507746021,0.0010436212375811301,0.3,0.8,0.1,26,0.3382820082476274,0.2252739652077203
23,19,0.35918081464536294,0.7087896577813396,0.7034896473793448,0.17769268052773976,0.0411353357882031,0.11011123064709802,0.00082597020977796,0.00099827474104146,0.3,0.8,0.1,27,0.3410595146539889,0.2249959483874635
23,20,0.36052217597289304,0.7101620900888259,0.7048078721866124,0.1793027597161979,0.03683450583842426,0.11706562898483323,0.00040253662928733003,0.00052733233523931,0.3,0.8,0.1,28,0.3058707534217076,0.1952254732271965
23,21,0.3572384256919024,0.7107019292080213,0.7126195267316773,0.18804754847413088,0.03984619131871366,0.110111230647098,0.00082597020977796,0.00099827474104146,0.3,0.8,0.1,29,0.3487064291712561,0.2421814195508877
23,22,0.33526937270486024,0.6895266204195589,0.689201663986074,0.18359104949420807,0.05423977297568562,0.08588202602953016,0.00045871962928590996,0.0008097521988323401,0.3,0.8,0.1,31,0.3458114461412043,0.1843275354726478
23,23,0.33467135451625485,0.7076543547423919,0.7438771515631792,0.25031098827804416,0.0338243175252631,0.1039597376583098,0.0009297849951784299,0.00062900403698448,0.3,0.8,0.1,45,0.3996541950973957,0.2883576728707949
23,24,0.3220819116517127,0.6987210002871215,0.7400780097434133,0.25222583764329215,0.0635341709821387,0.10839596012384563,0.00148283838198286,0.0007325815568856,0.3,0.8,0.1,47,0.2863359798979407,0.2777692546161899
23,25,0.31298129191627727,0.6929403757267539,0.7401773534804572,0.28044454102325683,0.04003298478562706,0.1093473839707318,0.00164194875456069,0.00076835042260965,0.3,0.8,0.1,54,0.2884614531312361,0.2808696462247306
23,26,0.30936246304188136,0.6928115642575141,0.7469441728554453,0.28854774713803766,0.04184137638145769,0.10917790288876682,0.0015943105135718502,0.00076731356685362,0.3,0.8,0.1,56,0.2821668021664555,0.2616101604061442
23,27,0.3093536686181983,0.7002019955942111,0.7693045599599072,0.30496708991498206,0.03479970732713586,0.110048518921346,0.0016688412496017502,0.00081442187177062,0.3,0.8,0.1,60,0.2789481875527873,0.2573341796260335
23,28,0.2984419282688335,0.6921856801078443,0.7671084147280772,0.3653047989454445,0.03995366120836189,0.1058707947771611,0.00130171033061081,0.0017114510399198102,0.3,0.8,0.1,66,0.4155454346526908,0.1809817916923952
23,29,0.2954116228772098,0.6925722708716745,0.7745126142971145,0.3670342660627708,0.038869866716366025,0.10479807289584439,0.00130803647514336,0.00175022279646991,0.3,0.8,0.1,68,0.4218555922935137,0.1834122685833516
23,30,0.2954030145857325,0.6962738743052349,0.7857271083986052,0.3841612857768389,0.032677321572653885,0.10479807289584439,0.00130803647514336,0.00175022279646991,0.3,0.8,0.1,70,0.4217455748099677,0.1819163871447613
23,31,0.2932417810030683,0.690128597283863,0.7716393538026275,0.39793738644644394,0.03494017895187849,0.10373484015716698,0.0018494866569813198,0.00221367505645922,0.3,0.8,0.1,75,0.3914144794360869,0.2442606329666444
23,32,0.2923119474937866,0.6964897353579398,0.7928325800371311,0.4006972461641528,0.03559057118511082,0.10453239519220095,0.00176560426540508,0.0018098023101166202,0.3,0.8,0.1,77,0.3428636955026128,0.1949730976220482
23,33,0.29201707746095645,0.6739233816885639,0.7251730977468275,0.585990626559612,0.03270097900133109,0.09661058419452544,0.00411930608111565,0.00414323146694124,0.3,0.8,0.1,118,0.5834672833443894,0.3402053219879684
23,34,0.2944452043885184,0.6762241292937573,0.7272886943542428,0.6045639104854,0.040759437851377506,0.10867262694588666,0.003937404548086771,0.0036428977523045997,0.3,0.8,0.1,119,0.5751492407172409,0.420617066663455
23,35,0.29336698410558665,0.674763303078985,0.7252980785562968,0.6092854833214323,0.044477599963165824,0.1127013319179934,0.00449581235669532,0.00459613788712811,0.3,0.8,0.1,121,0.5488525109179435,0.2625834184048163
23,36,0.28619990115978255,0.7191318391739137,0.874310124299172,0.6080132122922168,0.03649736947414179,0.10581454668581877,0.0021891441756358597,0.00169898345763131,0.3,0.8,0.1,126,0.6051532021686328,0.2912121151507831
23,37,0.27814321315792356,0.7287583127645896,0.9204897227173922,0.7591471407476442,0.03193007505152547,0.0954515681822979,0.00259276567420883,0.00204050566514539,0.3,0.8,0.1,151,0.610118046061507,0.2752124103696035
23,38,0.27767238932297533,0.7319100656302117,0.9310593377953448,0.7670174299604817,0.0321439933782047,0.09543364598058908,0.00262119312102844,0.00212798238628064,0.3,0.8,0.1,153,0.6189400028462488,0.2754970514649722
23,39,0.2784865392874011,0.7252246408583981,0.9092473832401086,0.6647755593375445,0.032496074074449224,0.09948352481802168,0.00272656533155366,0.00242505076391889,0.3,0.8,0.1,164,0.6211319761498392,0.2718127885401643
23,40,0.2748354016798675,0.739725615352044,0.9608991300063672,0.8059202526559075,0.041258850180010784,0.09524414241780176,0.00244749294308657,0.00237117473498113,0.3,0.8,0.1,165,0.6213593521588521,0.2625842131051066
24,0,0.8340557318244504,0.9417738295215885,0.9321683732053139,0.13171263789454402,0.0,0.0,0.0,0.0,0.3,0.8,0.1,1,1.471024461102571,0.7470497566820049
24,1,0.5609883266967489,0.8278647277653322,0.7876176439311715,0.12613502253123954,0.3244134548301552,0.09850607077547352,0.00048045518966635003,0.00056974265156843,0.3,0.8,0.1,3,0.8827661425332624,0.4675689842327974
24,2,0.43866330780574214,0.7479288248256254,0.7014763081898794,0.10730005186662392,0.3619679859060952,0.09753711612409069,0.00027220851488982004,0.00033632066812694,0.3,0.8,0.1,4,0.6083673518218935,0.2481989225561879
24,3,0.3548351335615428,0.6784489681041502,0.6205983485927308,0.08932686459578722,0.17164717913619776,0.0967558714741338,0.00010585338430481,0.00013526542139919999,0.3,0.8,0.1,6,0.463299004433934,0.1406593619891801
24,4,0.3515564587711489,0.6791177754934375,0.6282747659499666,0.09333149313438954,0.035462805674502676,0.09685679783219374,0.00010571911616914999,0.00013512689306571001,0.3,0.8,0.1,8,0.4982548214532319,0.1541599778371818
24,5,0.286839766707113,0.612319873671094,0.5498111220531464,0.08422405080843033,0.1789141567822767,0.10988958787340365,0.00011312944438495,0.00014475281053516,0.3,0.8,0.1,10,0.3895814681595304,0.1999628082308372
24,6,0.27159449864332613,0.5941194515763051,0.5284224076648971,0.08942073228543324,0.07407604216378737,0.11363736878764139,0.00011520033619528,0.00014750574127504,0.3,0.8,0.1,12,0.4497411939160107,0.2201304540786033
24,7,0.2676542482436294,0.5892537263466342,0.5227279585853553,0.08945907015557769,0.05506458646383313,0.11417490725712809,0.00011157425961142,0.00014249100418552,0.3,0.8,0.1,13,0.4305088886239895,0.2028819084005175
24,8,0.26730827614032227,0.5888024518002846,0.5221856886713295,0.09571584227148604,0.036730514252736275,0.11450854501747132,0.00011184084902227001,0.00014283445133102,0.3,0.8,0.1,14,0.4316763434441018,0.2057997981391377
24,9,0.26227550027321533,0.5860760544406829,0.5258131124871299,0.09559436903811007,0.06407031023298408,0.1164402660204964,0.00013122322328279,0.00016758461067226002,0.3,0.8,0.1,15,0.40273284897062,0.2150700898867041
24,10,0.24825452858265457,0.5683975634916665,0.5054691167257772,0.09604211184439063,0.10022583660798162,0.11142784594922496,0.00011259356628534,0.00014512050811195,0.3,0.8,0.1,16,0.4104645228228921,0.1527498339031393
24,11,0.21776383421166243,0.5248669154847722,0.45461381724363664,0.09013223943149638,0.21748104336508048,0.11430903050406616,0.00011829563455786,0.00015217840663859,0.3,0.8,0.1,17,0.3449014882170406,0.1855843229579679
24,12,0.21420642447455124,0.5152400121634076,0.43634818174387247,0.08728328152589504,0.042330155515934095,0.11728715957396335,0.00012677042383893,0.00014507725961713998,0.3,0.8,0.1,21,0.3407451240771996,0.174233541947684
24,13,0.21414533362260962,0.5188546314114681,0.4474606727200595,0.10091657018331564,0.03544355913020478,0.11730024404452107,0.0001266240649759,0.00014489993867156,0.3,0.8,0.1,24,0.3407028224492819,0.1741151736010246
24,14,0.21198576728645852,0.5190622562478178,0.4545607702571536,0.10071592882874024,0.05112603640071358,0.11822425965488143,0.00011520415819046999,0.00013165719830604,0.3,0.8,0.1,25,0.3415942798658487,0.1670954073992198
24,15,0.20926436077180965,0.5182661631780447,0.4604719248832065,0.1091825963613667,0.04604751803309811,0.1193932495391411,0.00015359734418423,0.00017601057738298,0.3,0.8,0.1,27,0.3109323046398697,0.1845977465620393
24,16,0.20796608530723057,0.5088634716314674,0.4357283469791646,0.11403367955330032,0.03983596401095657,0.1191957499693783,0.00012241766196470998,0.00012741011191785002,0.3,0.8,0.1,29,0.3309117147106501,0.1398353429458984
24,17,0.17858972476419374,0.4719373421837285,0.41390094701458324,0.1136010032684294,0.05950786510308964,0.10930233827246286,0.0001617921358983,0.00016904373160726,0.3,0.8,0.1,36,0.2186665901611804,0.1312416049476411
24,18,1.2556002982014798,1.6505276534341264,1.7897631975145392,2.0041061606324053,1.1035845858121067,1.0,1.0,0.03541945665487611,0.3,0.8,0.1,181,0.317847628769433,0.3361862360301452
24,19,1.24905377491149,1.642485600817622,1.7872964741969697,2.000830845484436,1.1043044125437587,0.9999952955021335,1.0,0.035446909710708005,0.3,0.8,0.1,183,0.3175087028962371,0.3358490477225869
25,0,0.9209394347919273,0.9735202873260161,0.9691519429698309,0.14056037408475408,0.0,0.0,0.0,0.0,0.3,0.8,0.1,1,1.0843448873405666,0.7505884173266943
25,1,0.5981137306374092,0.850547123696945,0.8140537809348014,0.13242811924792267,0.34614082074045444,0.09844173381879215,0.00044907782456916,0.00029504329595476,0.3,0.8,0.1,3,0.726232605116373,0.4675689842327974
25,2,0.45250342071312605,0.7582214439418794,0.7134090430270023,0.11042043937184064,0.4086560164077435,0.09884443688073434,0.00023696866667525002,0.00020292814781139,0.3,0.8,0.1,4,0.5281713977597815,0.2247839696782286
25,3,0.4385527632222882,0.7516000690382894,0.7126270795350348,0.11020814560829334,0.05062558171384726,0.09826277960139515,0.00023158424137379997,0.00020291861849434,0.3,0.8,0.1,6,0.5095125565944688,0.2064411789069503
25,4,0.4380388034907929,0.7548927683662733,0.7233871768917132,0.11497720060318824,0.03013827212541983,0.09782053926212067,0.00023040251435655002,0.00020330646892453,0.3,0.8,0.1,8,0.5075586793317899,0.2064507568661814
25,5,0.30613469806413945,0.633792119292631,0.574901588256342,0.0933653795372368,0.281024724287743,0.10832161943053079,0.00012524292166187,0.00014767671916761,0.3,0.8,0.1,10,0.4403310614534874,0.2352994760208147
25,6,0.30595022299654934,0.6372987545398068,0.5858754981869787,0.09694693553927522,0.03328173660705136,0.10858339812075954,0.00012814581554405,0.00015118390800877,0.3,0.8,0.1,12,0.441200228206572,0.2384579897960042
25,7,0.249788374896664,0.5741895874544767,0.5191559432200425,0.08491358094710047,0.17238949759657088,0.11055715664900514,0.00015523129279677,0.00017132578081797,0.3,0.8,0.1,14,0.3911816406849104,0.1395645558174955
25,8,0.20324850329821936,0.5069051520083641,0.4408754764374972,0.07210721055290023,0.17014620164329325,0.1084480968716477,0.00015876205788408,0.00017755969997957,0.3,0.8,0.1,16,0.2349305288336123,0.1249461317619234
25,9,0.20324850039517275,0.5106162974520241,0.45210106025478564,0.08011739557422455,0.032679320865347264,0.1084480974695289,0.00015876206911947,0.00017755971276665,0.3,0.8,0.1,18,0.2349305230567378,0.1249461329707179
25,10,0.16710093544884938,0.44674016641648095,0.37143606514140143,0.06869246140652646,0.2606238963321122,0.09512852288252036,0.00022085738791717,0.00017985124012181,0.3,0.8,0.1,19,0.2308968887537242,0.1573548869374746
25,11,0.16078778303356972,0.4378938762792824,0.3679763962192442,0.07980920352594888,0.05567432109165223,0.09632592427137741,0.00019803990922722002,0.00017944393730944002,0.3,0.8,0.1,21,0.2104416309747664,0.1172262503466342
25,12,0.1354041478139055,0.3773762609714688,0.29018049288790454,0.05956034649634123,0.27867802033700567,0.10416595993832926,0.00022103585347042,0.0002694064114127,0.3,0.8,0.1,22,0.2014517946010734,0.1589091199840684
25,13,0.12522890986576957,0.36582679812169633,0.31077752673354214,0.1239557450981785,0.04370794903115099,0.11338894609315457,0.00022596751059975,0.00040263059154929003,0.3,0.8,0.1,36,0.1367013508805442,0.267431107926089
25,14,0.11696995814398707,0.3435946600590959,0.2848777406981399,0.12395249892504663,0.08007858976834238,0.11338940870272123,0.00022710450746447,0.00039546621465931,0.3,0.8,0.1,38,0.1371078423613325,0.2305402806525266
25,15,0.11699256058309565,0.34725432699104897,0.29603274158586385,0.13260376284385933,0.03454080193207935,0.1136259338148972,0.00022055276524357998,0.00037986565427407996,0.3,0.8,0.1,40,0.137716002999808,0.2163699729502916
25,16,0.11578428379929452,0.3476597769601007,0.30341412912934806,0.15634169687917102,0.0376271196114401,0.11343246066864873,0.00023705060488244,0.00041541799076702003,0.3,0.8,0.1,44,0.1357726376034253,0.2501004049962604
25,17,0.10109959519649074,0.30403053295747384,0.23938483046967704,0.14727312590207345,0.057472875208845364,0.10116434319941063,0.00028663213323427,0.00033861857091545,0.3,0.8,0.1,49,0.1424369206107951,0.0504192680173143
25,18,0.10109959707138588,0.3077417069966031,0.2506104794194574,0.15357104905680563,0.03061262286551681,0.10116434477430335,0.00028663213099162,0.00033861857510973,0.3,0.8,0.1,51,0.1424369231770138,0.0504192650618426
25,19,0.10535397480126335,0.31566768126665234,0.27264744884940123,0.1859758808888972,0.04836695528448269,0.12144869221634218,0.00025901730592732,0.00038290512271499,0.3,0.8,0.1,53,0.1345149082707642,0.1909232995473999
25,20,0.086741627334881,0.25587510503700567,0.20327565896969108,0.17462946318801517,0.15452780796917473,0.11555924554895691,0.00030779454034552,0.00040487310531827004,0.3,0.8,0.1,55,0.136856368434647,0.164259461129362
25,21,0.08505517349340325,0.25256243962275404,0.19959583096830813,0.17621424251109083,0.0431669018506305,0.11195683891184288,0.00030047760659352,0.00039892567124852004,0.3,0.8,0.1,56,0.1332625510726523,0.1457007694294502
25,22,0.0803023967399894,0.24012549436709943,0.19213750634622737,0.17735178092812198,0.06476232701269381,0.109367186010067,0.00030081495707938997,0.00039946897013098004,0.3,0.8,0.1,58,0.1285473209963332,0.1368731120400225
25,23,0.07937313471982507,0.23640310845216284,0.18780104765800348,0.18296440001224668,0.048324167875138366,0.10936718601006702,0.00030081495707938997,0.00039946897013098004,0.3,0.8,0.1,59,0.1311148667078132,0.1347985273224114
25,24,0.0776090691957504,0.2352975537186462,0.1935379270190699,0.15891912265064584,0.034041001771696625,0.10688893911399448,0.0003025065085059,0.00038988912945132003,0.3,0.8,0.1,69,0.1171907132599343,0.1799519139008942
25,25,0.07764748561412867,0.23783753489947376,0.20332920230745127,0.2169598645275751,0.0359962983726282,0.10816939299652178,0.00036384334628034,0.00029759592409852,0.3,0.8,0.1,71,0.1201544881867939,0.0583609541169458
25,26,0.07390143763698657,0.23247881538537976,0.20432409534133358,0.250659050137404,0.04524865622511374,0.10154134591494128,0.00031163193298862,0.00026703493685216,0.3,0.8,0.1,73,0.1449680202720266,0.0509394600483289
25,27,0.07553237269523455,0.2280229103555251,0.19183569861991548,0.2583316073375195,0.03751818037230467,0.10951252348725561,0.00030244691522561003,0.00038131756705761,0.3,0.8,0.1,76,0.1150451193578292,0.1572273598320112
25,28,0.0762434809379595,0.22980354543278125,0.20727543691803857,0.264429738415841,0.0699308004962832,0.11836641728517353,0.00030913570317373,0.0003808227508936,0.3,0.8,0.1,77,0.1303519971329712,0.160571457901853
25,29,0.0750074495849656,0.22038427284852552,0.18938228080422947,0.27015101891261173,0.05992481753276502,0.11873506967594501,0.00030577736741779,0.00037955355741654004,0.3,0.8,0.1,78,0.1305252726957055,0.1589334883543473
25,30,0.0752807973526449,0.22052769522124624,0.18949743010623568,0.2841716608260317,0.03659355145983319,0.11979398234074047,0.00030195783208227997,0.00038314127671246,0.3,0.8,0.1,80,0.1309875308636889,0.1601767085528374
25,31,0.07413978527905957,0.2202518761842402,0.19613028953588507,0.27552812670927007,0.05088791144414744,0.11873506947685454,0.00030577698447303,0.00037955355788613,0.3,0.8,0.1,81,0.1366553239570861,0.1550349088887741
25,32,0.07089324938712882,0.21725670592699994,0.1999133925587982,0.29451571612134936,0.0359602563098435,0.11131246389503327,0.00029813113591517997,0.00026896537270831,0.3,0.8,0.1,89,0.1266550005063055,0.0582794954750127
25,33,0.07097749216700139,0.21634381968506244,0.19878888851250898,0.3048793730926788,0.036674189549205496,0.11257254947229306,0.00028906587989966997,0.00026002928803993,0.3,0.8,0.1,91,0.1295915581127373,0.0559654974290147
25,34,0.0709774919268507,0.22005499332364292,0.21001451544473054,0.3048793731615991,0.03402906464016599,0.11257254971476756,0.00028906587747317,0.00026002928547266,0.3,0.8,0.1,93,0.1295915558062667,0.0559654959497127
25,35,0.06722560229830836,0.21950295547248702,0.21686853563759992,0.3435344845214013,0.031775617814313775,0.10028357619232997,0.00039171454110868004,0.00024362861135781,0.3,0.8,0.1,95,0.140161404690067,0.0454807488478217
25,36,0.06685611778799483,0.21340227724973493,0.20282565331869792,0.3498118994617083,0.041321858086780974,0.10097320075224073,0.00038794326077795,0.00024041281502890002,0.3,0.8,0.1,96,0.1452468862630874,0.0456565774713432
25,37,0.06786367120473359,0.21420219837838833,0.2170468590757426,0.3434252563774344,0.04179039656830205,0.11130498155349618,0.00041412131291838005,0.00025970492866203,0.3,0.8,0.1,101,0.1307242292846924,0.057867832136836
25,38,0.06619271577015642,0.208425250301501,0.2036726549106557,0.3566602717407765,0.03321835837626572,0.10630518545025418,0.00033394484208959,0.0002617008548456,0.3,0.8,0.1,103,0.1344206211925181,0.0612262381175518
25,39,0.0659175015690374,0.21036299371350287,0.21281074886949927,0.35252643759539837,0.03624679249543512,0.10672474103768659,0.0003401868005975,0.00025855108949923,0.3,0.8,0.1,105,0.1359188405995382,0.0615757818754121
25,40,0.06504675849080771,0.21181747268204265,0.2214897613994866,0.4255102808055128,0.032419613235976405,0.10475802522110295,0.00044148496802655005,0.00035672097138797,0.3,0.8,0.1,117,0.1424157821120948,0.0646377120893287
25,41,0.0648985477585979,0.21222211131577393,0.2287493280963193,0.4360905656459035,0.040756534011984105,0.10720290208171446,0.00038806252271143,0.00036293267106523,0.3,0.8,0.1,119,0.1350343282629071,0.0657028331066594
25,42,0.06483606201287405,0.22690376377236826,0.2734678136163943,0.4965422956191666,0.0325296291651341,0.10708310134820846,0.00038795919492125004,0.00036262656690849,0.3,0.8,0.1,128,0.1349448453702564,0.0657565660530665
25,43,0.06484174198999744,0.22374658542559445,0.26965213087885875,0.49176224495997717,0.049797737517524344,0.10967723507889125,0.00046364383632952995,0.00031891974163481,0.3,0.8,0.1,129,0.1336805605477165,0.0629423323295362
25,44,0.06281988245904407,0.23532627198559578,0.31103170032739313,0.6741705877435252,0.03175345144478159,0.10437106013945464,0.00033637179268546,0.00023770723152096002,0.3,0.8,0.1,172,0.1379956142036808,0.0587544061846779
25,45,0.0631984563640173,0.24874993932690032,0.35414001520676397,0.7526612702680489,0.03288947425830497,0.10712117558600799,0.00035618888085263,0.00023889846973774,0.3,0.8,0.1,193,0.1312448685899497,0.0588998325748669
26,0,0.9711521322183304,0.9905794767390237,0.9890253250082337,0.1467486188215109,0.0,0.0,0.0,0.0,0.3,0.8,0.1,1,0.8716463409954356,0.7529700748085141
26,1,0.6454619964364815,0.8767889323788186,0.8445947333877324,0.13988496091294098,0.32983218003873715,0.09923908767176098,0.00039253685909729,0.00017014030462459,0.3,0.8,0.1,3,0.5277454046789624,0.4675689842327974
26,2,0.54951728448048,0.8221211766765831,0.7878605225421906,0.1281841098982912,0.24811156604170112,0.09903921485962554,9.52859402276e-05,0.00012916254767955,0.3,0.8,0.1,4,0.6099464717415102,0.3062667611695367
26,3,0.4432171430330546,0.7513838352285614,0.7054593923650194,0.11309441819039433,0.17558274786869066,0.09903010185793006,6.161608387306999e-05,8.208910347121e-05,0.3,0.8,0.1,6,0.493021795610268,0.2263228572058276
26,4,0.3550519491327651,0.6823901696145562,0.632000743915045,0.0991533654366753,0.17944130819675094,0.09864096872161036,9.334904537317e-05,0.00011034976970088,0.3,0.8,0.1,8,0.5025900914138106,0.1313909240776276
26,5,0.3253521286297231,0.6575640907807032,0.6100415526729601,0.09777561013365572,0.08741260695554012,0.09733595758000751,0.00012190484135042,0.00014425544534308,0.3,0.8,0.1,10,0.4570346066597034,0.1414567456184868
26,6,0.3021743764760488,0.6371074553274795,0.5929109752129889,0.09668400057285975,0.08289571499421591,0.10127614120096314,0.0001645062133486,0.00019537451233642998,0.3,0.8,0.1,12,0.4650384150081957,0.1307216614766498
26,7,0.2971612708766127,0.6315788584472635,0.5863645331292877,0.10184764187408901,0.043900096109726755,0.10334078608967563,0.00018842052898163,0.00022377615992629998,0.3,0.8,0.1,14,0.4787236619695059,0.1280738273844185
26,8,0.2736228445699685,0.6018418534203934,0.5446787775310246,0.10093751259648852,0.1475430542612891,0.1060290687173318,0.00023861319194658998,0.00029470323910155,0.3,0.8,0.1,15,0.3829472590334612,0.1338370462252364
26,9,0.2522140837096748,0.5777478079654538,0.5235107474085821,0.11194888201040513,0.08707959344123611,0.10605701762689272,0.00023896804831947,0.0002950807009675,0.3,0.8,0.1,17,0.3967252735310727,0.1081166391313801
26,10,0.23957309439517888,0.5648512290076874,0.5154830972275123,0.11420082525746877,0.06453961352812082,0.10414981115999367,0.0002391759160616,0.00030295286631688,0.3,0.8,0.1,19,0.3387645728468516,0.0928510074498759
26,11,0.2051678173401215,0.5176796585578242,0.4672330446043797,0.11683763020533734,0.08667220511204399,0.10810001762914316,0.00026718387367574996,0.00028342932504046,0.3,0.8,0.1,23,0.2476717359860412,0.1354320468010675
26,12,0.1912100697400683,0.5019611222099148,0.462637899110467,0.12142519378339887,0.05292671250389097,0.10975080152558273,0.00031544121893702,0.00027667777574272003,0.3,0.8,0.1,28,0.2153453220240866,0.1266902012895351
26,13,0.18447045007789975,0.49053885244925605,0.4494843404069574,0.13125155032670088,0.05308829513599259,0.10661014097279928,0.00033262661894111,0.00028491305585518,0.3,0.8,0.1,30,0.2348809586649269,0.1059160076376711
26,14,0.18432019138306213,0.49384737821964875,0.4602166514979194,0.13384611008787686,0.03350512301741902,0.10710305533075616,0.0003311171066418,0.00028610122526311,0.3,0.8,0.1,32,0.2420364961029164,0.1032229137526813
26,15,0.15759758661266365,0.4388019069214803,0.3891269501489099,0.13948880383686318,0.13926413396316178,0.10827322512792473,0.0003525528354105,0.00031680717838357,0.3,0.8,0.1,34,0.146317394178476,0.0815852811335449
26,16,0.1379118019809642,0.3994630337131571,0.3501476880004066,0.1252758641603955,0.12385719164158669,0.10928360561766287,0.00037664980048737,0.00029902477965463,0.3,0.8,0.1,36,0.1437161252429711,0.1074195677664585
26,17,0.12463224423814673,0.36955712003794344,0.32218793372761234,0.12742071803448513,0.10157125702500046,0.10966592704645993,0.00040057064348179,0.00032591601334893,0.3,0.8,0.1,38,0.129174725086532,0.1064117712868678
26,18,0.12444133779995585,0.3688471644719902,0.3213388131840506,0.14483448349414357,0.03454609750994269,0.11016348804332277,0.00038387249162135,0.00030313792037032,0.3,0.8,0.1,41,0.1303501460105004,0.0948801549605075
26,19,0.12303370721471152,0.3652680363055944,0.31717977765020083,0.15581125525826892,0.04782230779733693,0.10994858166270922,0.00038471059204161,0.00030227696839725,0.3,0.8,0.1,42,0.1280077666494151,0.0909508406292683
26,20,0.11785391827754389,0.3515978285428253,0.30127689294833415,0.15130418739633816,0.08900957846398422,0.10938110276369604,0.00042607516946269,0.00031012616879825996,0.3,0.8,0.1,43,0.1421038657685929,0.0901713450430305
26,21,0.11478444809117572,0.3468439854528338,0.3026454946152512,0.15136270431805096,0.050562169977139,0.10922398370083858,0.00044818885202610996,0.00033637822519215,0.3,0.8,0.1,45,0.143230334304193,0.1074020905507355
26,22,0.11366426077026624,0.34729421358418255,0.3100632518305679,0.1783690510771674,0.03663261086263849,0.10940044752645377,0.00044988418022762005,0.00033740721225686,0.3,0.8,0.1,49,0.1404802677510158,0.1112954661842836
26,23,0.11342329446346895,0.3468571653133118,0.3095762554067071,0.1814795618508854,0.03349549260157855,0.10893589435134333,0.00045669426197521003,0.00033343703803531,0.3,0.8,0.1,52,0.1435490643205943,0.1073112508233641
26,24,0.11314656016796586,0.34962641338901224,0.3196906588876066,0.1987673986441153,0.035279597096122134,0.10923705231793461,0.00044868314141490996,0.00033494401356412996,0.3,0.8,0.1,54,0.1444262417091059,0.109750254295856
26,25,0.1121265615608794,0.3469819649502018,0.31663404444814663,0.21069619645968737,0.03817035402966166,0.10875611836211638,0.00044643540215667,0.00033580661018674,0.3,0.8,0.1,56,0.1475680605057356,0.1104122735162113
26,26,0.11197825889876838,0.34614183350859246,0.3156188698641624,0.2164888075948175,0.037615221492776754,0.10946642796907612,0.00045603809371927006,0.00033713294549472,0.3,0.8,0.1,57,0.1564198436811849,0.108622856057964
26,27,0.11140046744717075,0.34446686128678594,0.3136669015944323,0.22757251534390152,0.03670586517890007,0.10942829637782299,0.00047479736485781,0.00034278709572569,0.3,0.8,0.1,59,0.1367651464912434,0.1072512825251751
26,28,0.11001300362643475,0.3516280943872046,0.34272182839122856,0.23248294015804202,0.04132987097599527,0.10934299352109215,0.00046121033755376005,0.00036476979465427004,0.3,0.8,0.1,61,0.1362184402090161,0.1063245033802127
26,29,0.10980172986665278,0.34367139444327444,0.31965534621571956,0.25340898622576574,0.033453436761258594,0.10925438148315159,0.00044539261918079997,0.0003184550657008,0.3,0.8,0.1,68,0.153357870776458,0.0877551262053522
26,30,0.10979447886178059,0.3436336190120317,0.31960991482631307,0.2596356464533019,0.033363900119286985,0.109250418155336,0.00045435534713627,0.0003441060729054,0.3,0.8,0.1,69,0.1653835778036523,0.0905190043476107
26,31,0.1095286139486468,0.346464444935951,0.32980145688116813,0.27430449918470445,0.03450623880043004,0.10941107207759496,0.00045895505511903004,0.00034142571195617,0.3,0.8,0.1,72,0.1379308850342966,0.1044788472919198
26,32,0.10951955665204445,0.35385957657649403,0.35222089344714774,0.2984907104693112,0.0332533793625689,0.10941127152437471,0.00045924231930484,0.00034158645403361,0.3,0.8,0.1,76,0.1380221972870053,0.1044219475860825
26,33,0.10922619442107355,0.3529995829683534,0.35121937706229095,0.30535332904110885,0.034992874541467614,0.10940674481744508,0.0004590647438273,0.00033777729707037,0.3,0.8,0.1,78,0.1376633764075341,0.1046109819900869
26,34,0.10922412928476624,0.3604008053564074,0.37364473686343347,0.33668185835299647,0.03326037093988604,0.10941573687231781,0.00046484770434002,0.0003415265627319,0.3,0.8,0.1,82,0.1372559446801024,0.105145633721242
26,35,0.10897193383754641,0.3560360787932375,0.36166539620821125,0.33519655188520836,0.03568655279008472,0.10931784860516632,0.00044090160683499,0.00036076237300435,0.3,0.8,0.1,83,0.1537040744130318,0.0914701398973682
26,36,0.10693801093933483,0.3498675460464293,0.35447052524827033,0.3564830500521425,0.03751428465597892,0.10932155581040545,0.00049890062915912,0.00041596353505152,0.3,0.8,0.1,89,0.143118714697484,0.1108823740202839
26,37,0.10626532777393662,0.3553611089076666,0.3746830432121687,0.38768762218252356,0.03512449519755021,0.10923362092158201,0.0004690273309498,0.00041753883872313,0.3,0.8,0.1,93,0.1480131063132757,0.1077984856668083
26,38,0.10489643278100359,0.35106629817576834,0.3696696279140009,0.39394811503910526,0.05118772950244578,0.10928110272503669,0.00052761347185036,0.00041883097075976,0.3,0.8,0.1,94,0.153689095319264,0.106223304279102
27,0,0.9248339519197499,0.9748750559484785,0.9707302008750933,0.14237179719662504,0.0,0.0,0.0,0.0,0.3,0.8,0.1,1,1.066614148848588,0.7533963709918704
27,1,0.8404367389471841,0.9580750440376423,0.947436750366068,0.1559387332559888,0.10374129714340624,0.07518977264127459,5.719356486191021e-06,5.571660892424572e-06,0.3,0.8,0.1,3,1.1145857796216252,0.7573672710689983
27,2,0.5764133735137857,0.8378498497521291,0.8061923950477925,0.13253095638421672,0.5552958676132096,0.09862837618789538,0.00018289482394646,0.00014847890785703001,0.3,0.8,0.1,4,0.521564662522279,0.3219153289296928
27,3,0.5705354839379649,0.8337373936081068,0.801687502863085,0.13179896183246687,0.03782837429761037,0.09296155024348388,0.00014374952075643999,0.00012642040028263,0.3,0.8,0.1,5,0.529990340401311,0.3064527691946013
27,4,0.3899717737973272,0.7093826097995553,0.6565439291134235,0.09947112803286602,0.5494635476212834,0.09860567497589429,0.00010766255507343001,9.793363205402e-05,0.3,0.8,0.1,6,0.3125217177025909,0.1475907857592585
27,5,0.3899449230527606,0.7093624499793605,0.6565179381641795,0.10132971642937984,0.029838643966755462,0.09865606568220607,0.00010776230407405999,9.829041072127e-05,0.3,0.8,0.1,7,0.3126284466551458,0.1488447459528588
27,6,0.36704645350668513,0.6932734838606552,0.6446548039718867,0.10014239287753074,0.1120543956573622,0.099022564047107,0.00013555175734684,0.000124947911841,0.3,0.8,0.1,8,0.2962230266253184,0.1564689369015869
27,7,0.3668665029764742,0.69311265616364,0.6444679869961246,0.10788759765084736,0.03047458852308917,0.09901200030252277,0.00013544725180478998,0.00012458958731361,0.3,0.8,0.1,9,0.2961478018859507,0.1554963976955748
27,8,0.342907679538987,0.670727371114667,0.6192855790972258,0.09286121457493791,0.09433247819333242,0.0805841814781471,0.00024082523081936,0.00026550808000625,0.3,0.8,0.1,10,0.5129515308351812,0.2215137336926635
27,9,0.2871527363879324,0.612887204069691,0.5506766064650565,0.10009379475201773,0.3012133772716,0.10330030256056148,0.0009263230520181,0.0010086655590343901,0.3,0.8,0.1,11,0.2986046771812024,0.3748514418564753
27,10,0.2834143577804831,0.6119540852625972,0.5561166517186736,0.1085991990223017,0.04840541287068795,0.11057294481910045,0.00104216112669876,0.00099902569017133,0.3,0.8,0.1,13,0.3351229665185526,0.350458523573174
27,11,0.28379318887661603,0.6123156312458314,0.556439495485259,0.10999257785787017,0.03574662240721417,0.1125829224709083,0.00103375478055279,0.00099846826331265,0.3,0.8,0.1,14,0.3333149661403113,0.3638824034903496
27,12,0.28175691869719344,0.6137011161425331,0.5650541180643666,0.11484339099317961,0.041050767800441625,0.11057294481910045,0.00104216112669876,0.00099902569017133,0.3,0.8,0.1,15,0.3193038359610964,0.3053641908111048
27,13,0.2747901119352995,0.6062980663959077,0.5571875626956991,0.11918409391720312,0.03527363481631625,0.09684420474311163,0.00047943418784776,0.00075311971093234,0.3,0.8,0.1,17,0.2741112721339158,0.206787544490968
27,14,0.24818221530463197,0.5734304642975431,0.5189357819441004,0.11151404815708994,0.16429194119697946,0.0960372192783793,0.00049317806263636,0.00076423283276326,0.3,0.8,0.1,18,0.2336242518850426,0.215495780694888
27,15,0.23697856871117415,0.5658928402386031,0.5239925023777174,0.12187993434092649,0.044196883927527804,0.09420585448739101,0.00089277272135696,0.00103956068242225,0.3,0.8,0.1,22,0.2583396632071529,0.2144535403070427
27,16,0.234363229426393,0.5623158060663305,0.5198274833870912,0.12380391491191979,0.04376793647419483,0.09410668926283623,0.0009210510370882901,0.00098216052758326,0.3,0.8,0.1,23,0.264000418162479,0.2077886332491723
27,17,0.22569766000187674,0.5505843502698222,0.5063229717928075,0.11982458561340956,0.07241588444177799,0.09107913206268634,0.0008331664173265301,0.0009321903645312501,0.3,0.8,0.1,24,0.2605880477455858,0.2232378486097791
27,18,0.18629611329096019,0.49233552616023674,0.4387400746622815,0.11906976153712025,0.10682780778024237,0.08564515066645678,0.0007513418150281,0.00120779284331076,0.3,0.8,0.1,27,0.2591431802105749,0.189398315339296
27,19,0.17014885908231667,0.47041099175729095,0.4272185629240177,0.14662154655423795,0.038585221398725354,0.08282717585875034,0.00028607725619613,0.00032335616517907,0.3,0.8,0.1,35,0.2248757700839882,0.1276053908859309
27,20,0.16597994526561974,0.46355904982105317,0.41940204196302516,0.147135228122509,0.048220454849036296,0.0794890107156701,0.00028189230155533003,0.00032175269461474,0.3,0.8,0.1,36,0.2121200521150976,0.1209553039921078
27,21,0.16544612863935976,0.4658699450498595,0.4289186547338902,0.16199510198709194,0.02845078615353018,0.0809862614051418,0.0003055393321281,0.00035359983081064,0.3,0.8,0.1,38,0.2091301896020918,0.1250643833383716
27,22,0.1472782469710378,0.42950746769820236,0.38649204644836066,0.1649314930336921,0.06287048748903068,0.08234016761075154,0.00030337227531315,0.00027415878297825,0.3,0.8,0.1,42,0.2121819897170961,0.2257518974910267
27,23,0.13817634463179648,0.4135371500215368,0.3747798833027767,0.17485183838281407,0.06574153271316574,0.08249692906033876,0.00031205393369008,0.00030919508252671,0.3,0.8,0.1,44,0.2210707531020527,0.1855636319863949
27,24,0.13648801996064033,0.413602716773909,0.38177516772001524,0.17622544462797135,0.028581669056168785,0.08219218097870702,0.00030086026369369,0.00030237688006941,0.3,0.8,0.1,48,0.2110920626674549,0.1752706322606777
27,25,0.13491333117943333,0.4175298906666591,0.4001612029306241,0.20345247149848988,0.027744235246354394,0.08194153245481824,0.00033964102591582,0.00034449333896358,0.3,0.8,0.1,53,0.1848087826362144,0.1787918522167076
27,26,0.1341248070369354,0.41573428383750666,0.39806878633740994,0.2063251508168025,0.03232102485875886,0.08202077349558203,0.00031535391293244003,0.00033826734365824,0.3,0.8,0.1,54,0.182762352658187,0.1605145850602519
27,27,0.13125063832999012,0.40817256189887596,0.3891431197124114,0.21820426200380305,0.04263885571762808,0.08431502254960958,0.00033461481760047,0.00036281378588628,0.3,0.8,0.1,56,0.1872243224343946,0.2005525979429975
27,28,0.13059826518106193,0.40934034786460216,0.39728211366743604,0.2315149605196412,0.030874603716082423,0.08681242950747445,0.00033525221209368004,0.00036222395199994,0.3,0.8,0.1,59,0.1777939778112467,0.1927312708511632
27,29,0.13064427131279646,0.40937156978717,0.39730919560287775,0.23437420850519203,0.026504659736801744,0.08699882226170297,0.00033579880810665,0.00036175425178347996,0.3,0.8,0.1,60,0.1777619592342313,0.1936338035062414
27,30,0.12025961641041036,0.3853831505510337,0.36951376547103365,0.2444529721941675,0.1209357375184352,0.08377806360990445,0.00039639911275555996,0.00042552070618053997,0.3,0.8,0.1,61,0.1803707092373153,0.1047902260247804
27,31,0.11897807700489443,0.3823001921167366,0.36594162520346335,0.24367306830666668,0.03757198523107292,0.08343747863494978,0.00037818116591484,0.00041754415396149996,0.3,0.8,0.1,62,0.1851595640932646,0.1149774433098613
27,32,0.11666996268990064,0.3800148553295474,0.3701814990906913,0.2620421367526999,0.037630251586214344,0.08343747863494981,0.00037818116591484,0.00041754415396149996,0.3,0.8,0.1,64,0.1809369495665399,0.1123974598813612
27,33,0.10604528444387969,0.36075269436860297,0.36173532866547264,0.2567808110763104,0.05938788404757529,0.07980534777179446,0.00031501140417786,0.0003487221094784,0.3,0.8,0.1,67,0.1540080828473442,0.1491697179978199
27,34,0.10635868833279805,0.35728931425176735,0.35074003628592876,0.25739286569217884,0.0250477110956594,0.08096925636903919,0.00031777428295888,0.00037148853336319997,0.3,0.8,0.1,68,0.1549891619986308,0.1001416970872013
27,35,0.10531950545177088,0.36172120701750377,0.36970527207475257,0.25867842346897707,0.03071135670271135,0.0812403783053854,0.00024249718721489,0.00029355987732829,0.3,0.8,0.1,70,0.1539140602974816,0.1489488803610526
27,36,0.10495822232241205,0.35600738121007636,0.35604828558950363,0.2699490972230325,0.03641564805900625,0.08299530095412096,0.00032242005733042,0.00035259703951016,0.3,0.8,0.1,71,0.149423505570987,0.1468913329736368
27,37,0.10448906271991294,0.351478488579033,0.3505042021755673,0.28362522306783416,0.03925059871635871,0.08823301640056866,0.00037513609331388004,0.00046645962092152,0.3,0.8,0.1,73,0.1608935355966969,0.0931775909546598
27,38,0.10433930660238598,0.35470373622236123,0.36115936288999834,0.30770843202346615,0.02737128056011467,0.08833009576045257,0.0003723655650116,0.00046182928604974,0.3,0.8,0.1,77,0.1625964369520458,0.0934618505279772
27,39,0.10137561265305858,0.3424510646048,0.33999936941763614,0.32615484492703256,0.035451070611653084,0.0879931483149942,0.00037650291282172,0.00045611276611323,0.3,0.8,0.1,81,0.1630832185382764,0.0846166412984822
27,40,0.10072786941758616,0.3443236529495303,0.3490913335489466,0.3327105039527419,0.030384558455999064,0.08782199054129415,0.00037679791757316004,0.00046874794339331,0.3,0.8,0.1,83,0.1601682435928388,0.1013878472620216
27,41,0.09830749099822039,0.3370216429594415,0.3405878899833053,0.3340432989867271,0.04169456366304055,0.08774062229816311,0.00038528210944133,0.00045190375643024,0.3,0.8,0.1,85,0.1622136660919922,0.1027351280632482
27,42,0.09035040691661271,0.32836064485004945,0.3516076990342181,0.3264275791506335,0.09580981926942231,0.07904663815532212,0.00057370312965676,0.00060270278613217,0.3,0.8,0.1,86,0.1391404478017456,0.0815330293996033
27,43,0.08528518628761628,0.32034297546400603,0.3495220088022179,0.3539480692336263,0.03001291903275225,0.07221070812918083,0.00048542246627665005,0.00045248462523523003,0.3,0.8,0.1,91,0.1653846475786477,0.0718042798691664
27,44,0.08472695967210524,0.31718602303701926,0.34575362979952035,0.37514530390807493,0.025699905409932913,0.07402248009440617,0.00049143335723395,0.0004620266396496,0.3,0.8,0.1,96,0.1666187591662882,0.0746358306566114
27,45,0.07741108461655945,0.2726396143288062,0.2793497968629988,0.373901657933795,0.1976746520574792,0.08845812000456217,0.0004173722632974,0.00043525738754288996,0.3,0.8,0.1,97,0.1873519295423114,0.0775351541520859
27,46,0.07745369294133889,0.28007539304862555,0.3018079314008126,0.3997421435679769,0.02700955093525803,0.08863280136457165,0.00041838934509903997,0.00043492115340962,0.3,0.8,0.1,101,0.1859409186989896,0.0786010237448438
27,47,0.07671705190613085,0.2773330880186856,0.2986175410903788,0.4051654712768042,0.03254030867674492,0.08856106738334608,0.00041312534623828996,0.00043109515503296996,0.3,0.8,0.1,103,0.187080333784018,0.0841879047500776
27,48,0.07590887696991996,0.2780144526899747,0.3063183537230782,0.45368152882686386,0.02845967093446265,0.0884576273107648,0.00041541575143497005,0.00042879044535389,0.3,0.8,0.1,111,0.1867556532813759,0.0823583121867973
27,49,0.07274806743784859,0.27035716641793206,0.30436043283653635,0.46570872239754363,0.04922745014271625,0.08711354907682359,0.00045268502332373995,0.0005048061938239,0.3,0.8,0.1,113,0.1960735001302475,0.0780021561988454
27,50,0.0724501304948026,0.27995362826641595,0.33622787526996345,0.496543448578267,0.027342313718896265,0.08721615208079234,0.0005704959330398,0.00039537628926035,0.3,0.8,0.1,123,0.1932289985796574,0.0788559473125072
27,51,0.07108355749844436,0.27306639032728885,0.3214290453694502,0.5027879978615594,0.035824522649588124,0.08461989530265265,0.00058129461122272,0.00040925780448146,0.3,0.8,0.1,124,0.210420187521576,0.0782570652411923
27,52,0.0720654887538225,0.2772317645034697,0.3329936166348044,0.4996739977085924,0.029919109595435926,0.08866306766609709,0.00050693878784484,0.00040434882026638,0.3,0.8,0.1,125,0.1904615809880296,0.0739905556891086
27,53,0.07108082144031957,0.2772703383027932,0.3399592014583573,0.5215499652218636,0.03427683960174656,0.08822043137090523,0.00053246694774603,0.00041043820097352,0.3,0.8,0.1,127,0.191149340788802,0.0769378276893703
27,54,0.07055768614618546,0.2790539058630412,0.34895108418315635,0.5248510040758507,0.029412718480546305,0.08786719473416031,0.00057423389375199,0.00041709443579015,0.3,0.8,0.1,130,0.1935672684035195,0.079061462107136
27,55,0.07029291105467768,0.278008358530547,0.3477355439910283,0.5323290344810867,0.02897058012675439,0.08789080116821198,0.00054670296100706,0.00041310083566986,0.3,0.8,0.1,132,0.1910412773240009,0.0783839618443716
27,56,0.07005694724379835,0.27678384488026725,0.3462961034966814,0.5592759176415878,0.027999160383988638,0.08817803297776451,0.00053716268679417,0.00041170627839387,0.3,0.8,0.1,137,0.1878144521071285,0.0779940722447074
27,57,0.0681268193085301,0.2729346050475783,0.3420303320098361,0.572795287461219,0.03605946544059642,0.08375925313523262,0.00053814364578937,0.00041653269868286997,0.3,0.8,0.1,138,0.2128839413438803,0.0800451241926593
27,58,0.06790555387057766,0.2753353943335531,0.3517096473732244,0.599810797423149,0.026899830458717737,0.08410437552512808,0.0005587961526116999,0.00041435717362662004,0.3,0.8,0.1,143,0.204704099459413,0.0794585046808512
27,59,0.06788366943086831,0.275217324961145,0.35157074208896705,0.6156508033094,0.02584114983391625,0.0841449543187517,0.00055368519219412,0.00041462848843073,0.3,0.8,0.1,147,0.2043307111567364,0.0791337570032032
27,60,0.06603800057429719,0.2835957191738866,0.39572692968529727,0.7589964190529288,0.027878636367599706,0.08582328668519743,0.00078362451332645,0.0005408597545594099,0.3,0.8,0.1,178,0.2185920689642735,0.0961235798239433
27,61,0.06559552824058952,0.2854043525792582,0.40473734622099067,0.7917995902456221,0.02798429975724357,0.08573930899228098,0.00080579296825027,0.00054230750999714,0.3,0.8,0.1,183,0.2206189741647811,0.0973787730751236
27,62,0.0654998735085629,0.2881876823208016,0.41485716643776777,0.8115605809744277,0.027460595156293663,0.0862333142370729,0.0008008416861149399,0.00060910055840935,0.3,0.8,0.1,188,0.2174166467312684,0.095538279484582
27,63,0.06493067734997517,0.28942429056909874,0.42320138497724424,0.8188292329393163,0.03164903553717126,0.08618852704659993,0.00080660567121227,0.00061248958111122,0.3,0.8,0.1,190,0.2179678049767175,0.0953704169792099
27,64,0.06474869273102529,0.2926381885097146,0.4338625277977508,0.8394978750646968,0.02689373124960435,0.08590366702611,0.00080056385904389,0.00061830765005017,0.3,0.8,0.1,194,0.2175505358865483,0.0945279998995625
27,65,0.06453376829546957,0.29124731465371223,0.4322210858743479,0.8512145326639752,0.02973386757729393,0.08630758161942606,0.0008098592394582,0.00061152050573207,0.3,0.8,0.1,196,0.2186273913027547,0.0963083736753815
27,66,0.0639419372842028,0.29311285192075226,0.44133427199868264,0.862547577463168,0.03304315871484766,0.0857222388840219,0.00075323882557426,0.0005359774365139,0.3,0.8,0.1,197,0.2312123093909604,0.0917529499474641
28,0,0.896890820166737,0.9650308418818985,0.9592620095434126,0.13962821676367992,0.0,0.0,0.0,0.0,0.3,0.8,0.1,1,1.1847415558598544,0.7546749780968389
28,1,0.7531007242453372,0.9277468973526883,0.9104463971124398,0.15706651705041583,0.17678418188752318,0.10867556879080406,1.724038079637e-05,2.1198598566390002e-05,0.3,0.8,0.1,3,1.0454851076513416,0.5507808697678912
28,2,0.4320319778180332,0.743029463187081,0.695700291558983,0.10623232657068737,0.780738252578578,0.09910220945083704,0.00021955814867944003,0.00020778989859036,0.3,0.8,0.1,4,0.6143701436978939,0.226297145186922
28,3,0.33708604350152793,0.661712621857304,0.6009887498828275,0.08813174595702272,0.197261397536694,0.09905462672341599,9.388415845494e-05,0.00014207566778177,0.3,0.8,0.1,6,0.5768952280968003,0.1314448870614834
28,4,0.3128276593654538,0.6410392056746189,0.5838014046209139,0.08989506227851621,0.08020086149948617,0.09909390054357436,0.00011934519956596,0.0001648605802799,0.3,0.8,0.1,8,0.5056274533523596,0.1472919093716432
28,5,0.30027932844329347,0.6312685170083261,0.5790723654257598,0.0907157746088629,0.06226112598943607,0.1039800152996523,0.00016380790286684002,0.00022484827778081998,0.3,0.8,0.1,10,0.4703472669621868,0.1325085524756798
28,6,0.2935973509584413,0.6276227608919696,0.5817149885760513,0.09469007296632531,0.062163255021434244,0.10405041346568872,0.00023006735049502003,0.00023571918078594,0.3,0.8,0.1,11,0.5219135597126785,0.1542118125327757
28,7,0.2711131081906556,0.5988746862626078,0.5415967331904963,0.0851357540281815,0.12902885579759674,0.09879816761526408,0.00012502683599591998,0.00018570765585408,0.3,0.8,0.1,12,0.4386140878995493,0.1528166253588992
28,8,0.2699873916503984,0.597735338931202,0.5402676785524291,0.0871053204333595,0.03539896417167614,0.09887014704136644,0.00011399637925398,0.00016568949263461,0.3,0.8,0.1,13,0.4381972662367206,0.1503998334941682
28,9,0.25607917507747036,0.5833459364583591,0.530407045520594,0.08591339303154413,0.10059279316767958,0.09882548667112886,0.00012612479831447,0.00018284906097257,0.3,0.8,0.1,14,0.4246739284236625,0.1316358746694914
28,10,0.23125829207896753,0.5500224129009734,0.49133584394515145,0.081709771290237,0.10379550986822698,0.10373111398296422,0.00018478585334762,0.00017039976056116,0.3,0.8,0.1,16,0.3976397963935182,0.1827133078490915
28,11,0.22549061953918328,0.5448139633018104,0.4920246483362159,0.08231501066664677,0.0713384407729262,0.10657562975655571,0.00020628727654096999,0.00029906438155056,0.3,0.8,0.1,17,0.3587985868229025,0.084473763609626
28,12,0.22349728907569621,0.5531181789612039,0.5224357560940989,0.10644685031066553,0.03379257283658987,0.10598780995519826,0.00019838426721235998,0.00028760701667143,0.3,0.8,0.1,23,0.3541819637862002,0.0911112200580702
28,13,0.1972944591330755,0.5161426249431124,0.4862462717390446,0.09798104772162626,0.20031553892304788,0.10630172463488813,0.00020315996270194001,0.00029799426028033,0.3,0.8,0.1,24,0.3385088250972767,0.088539238354703
28,14,0.17100980973714325,0.46549257104924874,0.4202460505853556,0.10490811482507609,0.13060072407875095,0.10724184083979893,0.0005234812857477799,0.00050903423524667,0.3,0.8,0.1,26,0.3430035439508887,0.2215898845888091
28,15,0.15673548225436817,0.44442789784907716,0.4094831503385248,0.1360088946112802,0.044629156001918496,0.10808488560493007,0.00042537750068624995,0.00044105832405623,0.3,0.8,0.1,36,0.2545476249988668,0.0709092345522399
28,16,0.15413966287255734,0.44258795764589637,0.4142225500649551,0.14233167528290486,0.04461810479489464,0.10843187301100009,0.00044414128630329,0.00042292449223196003,0.3,0.8,0.1,38,0.2731250301903655,0.0726579954622112
28,17,0.15345715732403814,0.44115304924298987,0.412550382064546,0.14813630445917048,0.03591729721405537,0.10869532959080534,0.000342422167498,0.00047932369466904,0.3,0.8,0.1,40,0.2332947003495968,0.0909719951435729
28,18,0.15099015595668747,0.43950791691363145,0.4175240660307584,0.15442212554303797,0.044179117105531095,0.10873378553664752,0.00042561419764371004,0.00042690340660283,0.3,0.8,0.1,42,0.2725354413758298,0.070508894805865
28,19,0.1475612119964629,0.4284515962625572,0.39775707232044866,0.15771197319583086,0.06282014656259005,0.10847236517157935,0.00040395730315800004,0.00044483844526795003,0.3,0.8,0.1,43,0.2608899466680254,0.0725795785690111
28,20,0.14598119088180947,0.43244989194487043,0.4162285152261913,0.1775032589228483,0.03632761200347865,0.10824148722641813,0.00042613266540368,0.00040699447973331003,0.3,0.8,0.1,47,0.2607759569420655,0.0688947755621395
28,21,0.13969948064641857,0.41405825620129866,0.3878465217841013,0.18262569796364614,0.06413435008217874,0.10872675959536217,0.00064767625958457,0.00045656664860215,0.3,0.8,0.1,49,0.2503118304567935,0.0663468307557506
28,22,0.13969948064641866,0.41776942976933473,0.39907214864577845,0.20361155679662238,0.03318187107983328,0.10872675959536217,0.00064767625958457,0.00045656664860215,0.3,0.8,0.1,53,0.2503118304567934,0.0663468307557506
28,23,0.13633803949902368,0.40620669535420906,0.3787054717608072,0.2207624398547427,0.06538817921772141,0.10859899566695479,0.00062696287268538,0.00065672021892572,0.3,0.8,0.1,54,0.285377617143109,0.0929311146105557
28,24,0.13508869335389673,0.403845074455188,0.37602774085351165,0.23181312370028972,0.03467830979057358,0.10702443105832865,0.000646049861707,0.00077386301949188,0.3,0.8,0.1,58,0.2218962738049836,0.0687028366762576
28,25,0.13382684479279122,0.4006325575688818,0.3722639207100308,0.2344584582873124,0.04661907640706456,0.10749590240910374,0.0006347251373184099,0.00074191876380012,0.3,0.8,0.1,59,0.2257667057177557,0.082658504162592
28,26,0.13179814152165464,0.4032089974250597,0.38907992404542957,0.2390882800420795,0.05251257950205301,0.1073990045372341,0.00061450474278129,0.00058370999457349,0.3,0.8,0.1,60,0.213772674514455,0.0661251124377491
28,27,0.12997514695579163,0.40220250360272664,0.39478526042287077,0.2831548225647205,0.03492283553643728,0.10806285073554298,0.0005174792984634199,0.0008422441358098499,0.3,0.8,0.1,70,0.2417478812286393,0.1176551001542191
28,28,0.12393006669223204,0.40142989889401887,0.42146949933449096,0.3197222486792176,0.05474226264612392,0.10862363394489549,0.00051867831952173,0.00064216347677029,0.3,0.8,0.1,73,0.2276826542206991,0.1087713951167681
28,29,0.1211374613656819,0.3902494153845122,0.4015313322608405,0.3069354524451771,0.064217796860363,0.1088793890547671,0.00050670790441626,0.0006375576680199299,0.3,0.8,0.1,74,0.2338656181768326,0.1013933287226079
28,30,0.12112387625490516,0.39390732448257393,0.4126932295625101,0.31340882502643436,0.03327399072383982,0.1089065852619384,0.00050912706171388,0.00063905427266954,0.3,0.8,0.1,76,0.2336711250673774,0.101846678015662
28,31,0.1202254867300212,0.39256083793340274,0.4112285529758352,0.3299780416679438,0.03546840804441382,0.10686383341489057,0.00049340453961305,0.00059308405237127,0.3,0.8,0.1,77,0.2598699798840952,0.1003232488298611
28,32,0.1159467927832422,0.3752561471779202,0.38398451980065906,0.338523487077708,0.09427235916092959,0.10679670311245325,0.0018929402536901501,0.00065348755727298,0.3,0.8,0.1,78,0.2026478478749287,0.081630480125963
28,33,0.11518884006910315,0.3806502614578446,0.40408206041647593,0.35864961185253547,0.03559254207976395,0.10673395322712055,0.0018519502562374698,0.00061681207519513,0.3,0.8,0.1,82,0.208202467349348,0.0921470107932317
28,34,0.11525742398649057,0.3731848054181473,0.38155909673125377,0.3697633759769702,0.03405121835711964,0.10714504703948273,0.00186091886921972,0.00061435936647825,0.3,0.8,0.1,84,0.2074945009468107,0.0928704591523774
28,35,0.11504487172251372,0.37633925067368146,0.3921398949197386,0.3769464415626425,0.034772151642865644,0.1070538498581218,0.0018666913304754898,0.0006150761570419699,0.3,0.8,0.1,86,0.2078530009044527,0.0934858577675295
28,36,0.1148251674970378,0.3793700938067962,0.40256738990966445,0.38734100458497167,0.03665077091371267,0.10717640961190768,0.00186360765699897,0.00060983772159338,0.3,0.8,0.1,87,0.2096332785767934,0.0936981922021657
28,37,0.11472950383446931,0.3825856269346043,0.4131949982878683,0.40983056589169753,0.034196436133626454,0.10757286037339646,0.00187332432089149,0.00059107928879725,0.3,0.8,0.1,94,0.2058564532826972,0.0900602492514578
28,38,0.11413706296341768,0.4261654666512756,0.5468560649014997,0.5700472108808,0.03358739455849146,0.10900138826060923,0.00084561146601202,0.00057281995414121,0.3,0.8,0.1,109,0.2699591448848018,0.1359421008862479
28,39,0.11358560189733646,0.3992545390032337,0.4672462992938275,0.47152171050201,0.03391431222757763,0.1087472542407718,0.00050728752743444,0.00063429631571135,0.3,0.8,0.1,112,0.3053556209914351,0.1776485090461538
28,40,0.11312747340148308,0.41683069903826225,0.5222623911712703,0.5538770875711154,0.036197877291002004,0.10801726938107728,0.00054919974590036,0.00071096824999359,0.3,0.8,0.1,113,0.2630610908780028,0.1189424562213572
28,41,0.11324635327610262,0.42022742707391775,0.5330632829927514,0.5810480736360513,0.0360256347881851,0.10820027358521897,0.00090386613527499,0.00086199178727293,0.3,0.8,0.1,114,0.2538749465575185,0.1317296323681772
28,42,0.11212658382617485,0.41727374103456755,0.5296445113265232,0.5959173345910335,0.04476667271554581,0.10816408235273393,0.00076932129578209,0.00070798370163202,0.3,0.8,0.1,115,0.2641802433668188,0.1241929358233611
28,43,0.1111495207755014,0.4181840545514418,0.5376087467001017,0.6028248795363419,0.04464118442550022,0.10785931500922018,0.00086326477807856,0.00077918230398902,0.3,0.8,0.1,116,0.2615723603744759,0.1278820611542737
28,44,0.10950630391696349,0.4062213977082673,0.5098896987891569,0.5782558413125897,0.036633306152343725,0.10833514341720615,0.00049572363400007,0.00098431474858139,0.3,0.8,0.1,121,0.2651893050592385,0.1520391935868499
28,45,0.10801773825536976,0.40437677882167855,0.5145465805121515,0.6276557807087167,0.058906587987975725,0.10929318727445707,0.0009132413707535701,0.0006150055807443,0.3,0.8,0.1,122,0.2613008745561106,0.1859449514521743
28,46,0.1065547486186168,0.403922867078834,0.520939300412125,0.6460615291452664,0.03763775532004354,0.10914112533171513,0.00080090337507157,0.00080071109774142,0.3,0.8,0.1,126,0.2583538099259541,0.1817596602643821
28,47,0.09665418841784576,0.39524119599551316,0.5257681575698028,0.6801895315898173,0.02972713715506598,0.08700063204784804,0.0004853814689489,0.0007470938942722601,0.3,0.8,0.1,138,0.2660179027043036,0.1136220545768215
28,48,0.09412402341440124,0.38654733777697026,0.5155849936570576,0.6819244166624933,0.045518247376565006,0.08801728331489898,0.0005195449986474499,0.00076262161377407,0.3,0.8,0.1,140,0.2525416756321406,0.1220123207266914
28,49,0.09079712082242127,0.37202171661314365,0.49176026769084985,0.722930896659239,0.04920824161921587,0.08784101866118524,0.00057869253364617,0.0008554938123382001,0.3,0.8,0.1,142,0.2397695705948856,0.1181108223340182
28,50,0.09545329458851011,0.39044791593262906,0.5399900444872209,0.7513698028027636,0.03504342284201287,0.10343914876676333,0.00114344368993974,0.00076676907469273,0.3,0.8,0.1,144,0.2772260914133316,0.1379430251227353
28,51,0.09097800879051912,0.38856303040767237,0.5453550131964165,0.792155440107937,0.029447624556260987,0.08923856993499042,0.00145851804883288,0.0009225331070556999,0.3,0.8,0.1,149,0.2513858832940826,0.1303059973701632
28,52,0.08992194153039643,0.3818238083594394,0.5306375249288885,0.7870575146708112,0.03360594551726454,0.0887520903322616,0.00138042729067932,0.00084542013260364,0.3,0.8,0.1,151,0.2508821208367379,0.1220547570903258
28,53,0.08910996309493216,0.3754282736262729,0.5162885900942481,0.7944257514885595,0.03327620642177941,0.08869873249595853,0.00137285049091121,0.0008339824524252901,0.3,0.8,0.1,153,0.2455257303067131,0.1203384225617877
28,54,0.08981259585397006,0.39466648856499914,0.5730942696050091,0.8895605563756458,0.028534199906797533,0.09088639176459228,0.00138360468926282,0.00129483822925706,0.3,0.8,0.1,166,0.2582378144950831,0.1190339434978375
28,55,0.08922307174762523,0.4013703855200153,0.5947968863203257,0.9227189319160252,0.028064525741970468,0.08905464251768445,0.00145229899123825,0.00088624717707282,0.3,0.8,0.1,171,0.2457249705480342,0.1300529662179133
28,56,0.0888458550055972,0.3931796475410969,0.5714856912065216,0.9053726558263433,0.029688246577637897,0.08866286600576168,0.00134006970869837,0.00082391542000518,0.3,0.8,0.1,172,0.2460160919174842,0.1189666547291826
28,57,0.08872271570318505,0.3964562785219129,0.5822039722866882,0.9179102311667297,0.02994010446109554,0.08860726381065522,0.0013668973200539,0.0008410065931799,0.3,0.8,0.1,173,0.2490773086300916,0.1256948854696877
28,58,0.1038903348051493,0.4641958172307156,0.7023224573067672,1.0073942546137042,0.02973469605687449,0.0918915943405567,0.00171660397000277,0.00087761873989594,0.3,0.8,0.1,177,0.2543929311238387,0.1170944175843282
28,59,0.089325761790189,0.42112698668743465,0.6590300099709993,0.9984934036418252,0.03943899649114808,0.09202260096720552,0.0018267102495865498,0.0008705412520687499,0.3,0.8,0.1,178,0.2493555257202887,0.1285029197010637
28,60,0.08970051956824775,0.4189887269523144,0.6496567351383673,1.0030437123629679,0.03240902692261314,0.09187094125192447,0.00173344630998351,0.0008616322219435601,0.3,0.8,0.1,179,0.2524380404087127,0.1118881302082999
28,61,0.10445593362012337,0.47318371135845194,0.7265886543531765,1.0290823288647535,0.02926603859425072,0.09187154142493481,0.0017928911175410698,0.00086553543240207,0.3,0.8,0.1,181,0.2497059053517209,0.1285894137503615
29,0,0.9196828416772652,0.9730819864926329,0.968641349191961,0.14043821944360893,0.0,0.0,0.0,0.0,0.3,0.8,0.1,1,1.0992973072308891,0.7478492194498216
29,1,0.8037060946971405,0.9478491700833559,0.9342843376790027,0.16083885466075468,0.1441518253972695,0.10020365273877889,1.6368685354230002e-05,1.9711245749359998e-05,0.3,0.8,0.1,3,0.816638754835042,0.5485630998904142
29,2,0.46265532915222907,0.7655218051683941,0.7219107339819038,0.11247113714670876,0.7811287305600417,0.09898624394305827,0.00020808995315962,0.00019078721609843,0.3,0.8,0.1,4,0.5057679962642556,0.2188832827424205
29,3,0.36274938355215414,0.6857073591355781,0.6289396012585308,0.09795804660149465,0.1942940572893749,0.09898976355633055,0.00013608582857029,0.00013754187517743,0.3,0.8,0.1,6,0.4523400236493513,0.218028269692474
29,4,0.3374938621539077,0.6658061147265015,0.6127372262966116,0.09643719451626795,0.07704191650947528,0.09737360293800557,0.00013830958925095002,0.00013495062575868,0.3,0.8,0.1,8,0.414486443432437,0.177515407863479
29,5,0.3115561253654018,0.6397127764378724,0.5822575876568361,0.08814069379677457,0.1395001918817864,0.09904249425407671,0.00013375334067962998,0.00011912608180379999,0.3,0.8,0.1,9,0.3803737863086938,0.201634035069789
29,6,0.288827536395848,0.6184690865213136,0.5640656217362898,0.08838377318640335,0.08773289443790766,0.10582027782463722,0.0002049314240467,0.00018313951633082,0.3,0.8,0.1,11,0.3342435320871865,0.1712638724599634
29,7,0.27690460211525475,0.6054638918863995,0.5489979269802912,0.09197354208290795,0.085969709436472,0.10395210699592976,0.00027329029282060997,0.00021103288486323002,0.3,0.8,0.1,12,0.3963814557608765,0.1543770751467185
29,8,0.2563381591218557,0.5831284917375704,0.5298023091399928,0.08178451614175364,0.13840846867048925,0.10555466181587177,0.00026429610343138,0.00019178201095258,0.3,0.8,0.1,13,0.3645942276098374,0.2408642165375674
29,9,0.23911553882694406,0.5608063577090067,0.5038458571890801,0.09152782956392817,0.12373447337458998,0.1044996521610686,0.00029402990210963,0.0001986982495496,0.3,0.8,0.1,14,0.3718758321576568,0.1727118213617469
29,10,0.21616753709809997,0.53147064177635,0.47650112757398827,0.08263390679306398,0.07814293129054767,0.10608576658495855,0.00024489217013809,0.00018506008076731002,0.3,0.8,0.1,17,0.326456846246957,0.1315431956358992
29,11,0.21543336885316777,0.5299005672339967,0.47457067645912127,0.08520234476362964,0.04107276484927963,0.10810513416033124,0.00025590407233731,0.00018492162503052002,0.3,0.8,0.1,18,0.3522771574547854,0.178112809483817
29,12,0.20599785457861217,0.5190886432332755,0.4689787107075236,0.08490876595965866,0.08839681802365065,0.10608576658495855,0.00024489217013809,0.00018506008076731002,0.3,0.8,0.1,19,0.3257739496990042,0.1471191954834409
29,13,0.2012288147411131,0.511047914294447,0.45948903425197485,0.08852135710942001,0.05099247985287023,0.10836643361323382,0.00031167980800269,0.00023265178561187,0.3,0.8,0.1,21,0.3430774994327853,0.2052466875900085
29,14,0.1851461707209292,0.4878981692138184,0.439502758401683,0.08781992980537554,0.1409024105209583,0.10683261303003608,0.00027708685645335,0.00024693202868896,0.3,0.8,0.1,22,0.2342447593007655,0.1380601090272995
29,15,0.18300417907147573,0.4950934276875008,0.4685554371093055,0.12174534948130711,0.03538527730963056,0.10747386819239722,0.00030692098558102,0.0002801415401257,0.3,0.8,0.1,28,0.2283125790030509,0.1518595574732647
29,16,0.18134811676733525,0.4958276665254396,0.4763130254283293,0.12896428434677645,0.03861747770904499,0.10747386819239724,0.00030692098558102,0.0002801415401257,0.3,0.8,0.1,30,0.2161872556310185,0.1331429285920366
29,17,0.18098175596681304,0.4951833000374217,0.4755652235202653,0.1317018923811917,0.03508206410360275,0.10742608551219568,0.00030293250754546,0.00027960432625938,0.3,0.8,0.1,31,0.2240213041614567,0.1430500064718673
29,18,0.17641930396946912,0.48676648053656846,0.4657376787324014,0.1399181521315964,0.05027540924221621,0.10780440483989773,0.00033082408479037,0.00027238015941567003,0.3,0.8,0.1,33,0.2314828910223815,0.1522959209936435
29,19,0.1760858500774537,0.4862551169976963,0.46516257816086304,0.14577444907708448,0.0340916426119334,0.10741204086790769,0.00032274344166249,0.00026053045023619,0.3,0.8,0.1,34,0.2318995980328651,0.1462433227212011
29,20,0.17055551095410468,0.4681903691484578,0.43018917721286876,0.1260911982073459,0.0430009148880354,0.11003305818738013,0.00028420498680012,0.00022810379560099,0.3,0.8,0.1,39,0.2360403529552377,0.1476431081012149
29,21,0.14820914806950966,0.4200072588622911,0.3672977731540307,0.113082942966446,0.12283710627848057,0.1071377377790361,0.00028481142751432,0.00026349988063442003,0.3,0.8,0.1,41,0.2187692703456987,0.0920443378419646
29,22,0.14367386698776596,0.4133258048883239,0.366338276640452,0.1126047256419316,0.05577835506987234,0.10872706798749998,0.00028305396953536997,0.00024084486744554,0.3,0.8,0.1,43,0.1906466299544889,0.0733348703509888
29,23,0.14189889984526952,0.41043158824408044,0.36313416607269633,0.11715110788479084,0.03539194878328598,0.10542738849439222,0.00025208733302751,0.00022811303524706002,0.3,0.8,0.1,45,0.2008678422128585,0.0831119567708432
29,24,0.1273387142402041,0.38395489553826595,0.346268643465154,0.12037602357054225,0.09700126322491477,0.10163047664905427,0.00034487142496685,0.00029638441265981,0.3,0.8,0.1,47,0.1848182434261717,0.1061454323147493
29,25,0.11729630697223391,0.35610996998914085,0.31365698609691267,0.11967156332233364,0.15103250020719713,0.10517832482333557,0.00032985288652747003,0.00027044257312618,0.3,0.8,0.1,48,0.1617466952774198,0.0937858928316024
29,26,0.1175781551073892,0.34978535519626924,0.2990656995732638,0.11274713233256631,0.0526002035657284,0.11154153075735487,0.00036937595470525996,0.00032795479287505,0.3,0.8,0.1,49,0.1413554420046728,0.0854908713942592
29,27,0.10779952129593301,0.3249986252047014,0.27705949254465,0.1231809507540441,0.15245564165874576,0.11231508362462404,0.00033357438019856,0.00027529701435228,0.3,0.8,0.1,50,0.1332322873798627,0.0759137672788423
29,28,0.10539860437662682,0.31837989845806164,0.27601113620046974,0.12995198285492407,0.059770446978624645,0.11706548795880344,0.00036697695486136,0.00030104189237019,0.3,0.8,0.1,52,0.1156319075069598,0.0718722013370121
29,29,0.10999681167596227,0.3177864678747126,0.2807793845882582,0.14354029052788045,0.09850980346990831,0.1461661248572895,0.00034237238009224996,0.0006438063784152,0.3,0.8,0.1,53,0.1152589111382651,0.0800252322626853
29,30,0.09426587957687356,0.27280935880784923,0.20901821286196673,0.12821951019743888,0.0887501746688684,0.11915278997408954,0.00033625167018973,0.0003608981390566,0.3,0.8,0.1,55,0.1604030020951055,0.0916964438008186
29,31,0.09127844778824873,0.2606271467397408,0.20140012840079483,0.13409840418732222,0.07491416025998397,0.12573745743756645,0.00034515089210116997,0.00044203478570044004,0.3,0.8,0.1,57,0.1479823603344027,0.0909024142544091
29,32,0.09170006676829524,0.26362186068547394,0.21165195783409707,0.14582277960352205,0.0453196689755661,0.1285286914110326,0.00034837341435294,0.00047713408957846,0.3,0.8,0.1,58,0.1454093646185928,0.0912409330324043
29,33,0.0884388228382866,0.25077754160888815,0.1899501985085668,0.14023330587333366,0.073026857054504,0.12528394087920755,0.0003408475207889,0.00034927945763724,0.3,0.8,0.1,59,0.1482835589695447,0.0844846013887845
29,34,0.08594544812658488,0.24805156643554882,0.20056814769743567,0.15788519792776287,0.058321694206278196,0.12549746066818385,0.00034083570796651,0.00036271012081945,0.3,0.8,0.1,61,0.1447129536667556,0.0726970457882848
29,35,0.08553551906928186,0.24260603316937165,0.1873169008011333,0.1459818864487827,0.04513448122602918,0.12559782454788787,0.00034078379732419,0.00037420233276935,0.3,0.8,0.1,62,0.1441839592235144,0.0674161492124759
29,36,0.08531540239484782,0.24468411388336042,0.20329380580967987,0.16616788015227701,0.06781434813222767,0.13059095605555465,0.00034550006493458,0.00041732276893327,0.3,0.8,0.1,63,0.1338726057404452,0.0721554270252704
29,37,0.0809711365361395,0.2466350295803466,0.2200219032105511,0.20585147670281853,0.0362122110472931,0.11749076576515415,0.00032968082504705,0.00038855171554507,0.3,0.8,0.1,73,0.1437426944127333,0.0778471974524076
29,38,0.07373494671271795,0.2444455108363384,0.23234640105035256,0.22217617147986543,0.04152791910095105,0.09590041903336781,0.00033227509607682,0.00022957665535934998,0.3,0.8,0.1,74,0.1207374572385028,0.0626570467718606
29,39,0.07154187244252054,0.2328891686483401,0.21204405535827314,0.21268309051761286,0.04408837604884445,0.09462906302824925,0.00033381772110822,0.00023388645300503002,0.3,0.8,0.1,76,0.1345149731957445,0.0672490471748311
29,40,0.07246780693960575,0.24081993085019154,0.2349131428124604,0.24524812879869815,0.03049066755169235,0.09815947547613274,0.00033196385969568997,0.00023185824870394003,0.3,0.8,0.1,79,0.1395332270313466,0.067828514179044
29,41,0.06834540085015642,0.22723720312314138,0.21928980977899395,0.24639473829673253,0.07954136022818412,0.09412684633005207,0.00032791330649913997,0.00023126763078943,0.3,0.8,0.1,80,0.1405632867564629,0.0656508916530053
29,42,0.0687642019220815,0.2301262371313344,0.22942687225913072,0.26397483634394187,0.03266471075526319,0.09677028150625494,0.00032836709867493,0.00022497181390586997,0.3,0.8,0.1,82,0.1406021102609622,0.0702989701003658
29,43,0.06771296440882625,0.22428167875656482,0.2158369693301447,0.25471227385355405,0.0304873406482685,0.09427400612525344,0.00034793654045777,0.00022127329639581002,0.3,0.8,0.1,85,0.1310514906343284,0.0648680944406863
29,44,0.06647616037872313,0.2216406848962866,0.22634609670540168,0.28204155847365886,0.04165130566403794,0.09864496320492623,0.0003650281360995,0.00022285958931933,0.3,0.8,0.1,89,0.1175123354588103,0.0648649617850365
29,45,0.06621127133900308,0.2146621012425351,0.21121761369490938,0.3086288738997739,0.033679647721810285,0.10037629415254357,0.0004364917231753,0.00030313159738752,0.3,0.8,0.1,94,0.136297118873131,0.0665288464095349
29,46,0.06489859838592174,0.22135896124898208,0.23979944643267806,0.31597490048810806,0.03827616635577345,0.09895883982775505,0.00040860486400945,0.00032284091292797,0.3,0.8,0.1,96,0.1346701985222191,0.0667515051031791
29,47,0.06284493809932837,0.21003101089146864,0.21978979105783544,0.3157619285801336,0.03923398955590492,0.09722699636902495,0.00038466886688007,0.00029653055470366,0.3,0.8,0.1,99,0.1286821233198771,0.0650043374757976
29,48,0.06247132682204702,0.21950758498818973,0.25154145512359116,0.34072044525232575,0.03282602557629141,0.09711323336434499,0.00038852088992728003,0.00029912113717105003,0.3,0.8,0.1,101,0.1287963614717434,0.0651954414356652
29,49,0.06238219050403231,0.21536957775973686,0.23981857217925756,0.3359773538676913,0.030348874050268936,0.09711323336434499,0.00038852088992728003,0.00029912113717105003,0.3,0.8,0.1,103,0.125264212805709,0.0582633778083092
29,50,0.06153153577078954,0.25278903211546117,0.3593646945656142,0.5462792433021312,0.029592663711917173,0.09667053945326046,0.00034038322687672003,0.00024071717414543,0.3,0.8,0.1,148,0.1425361890319565,0.0660378504964315
29,51,0.06072589656049638,0.24072389689884044,0.3247297311354784,0.531722247296261,0.028612076221716295,0.093969207370754,0.00039141889965734,0.00022568712959416,0.3,0.8,0.1,156,0.1194513683136728,0.0585876390843933
29,52,0.06071361170061799,0.23752439046180093,0.3208672282569001,0.5581443479211575,0.037640955141982436,0.09668699902610292,0.00039665021234353004,0.00022571498841525,0.3,0.8,0.1,158,0.1236645210388167,0.0597661945154311
29,53,0.060065000418959597,0.24416454117054212,0.3425085290061712,0.5656577742489818,0.028870148367183886,0.09464751670050266,0.0003930959180386,0.00023135152112815,0.3,0.8,0.1,163,0.1231774484656824,0.0592769665398503
29,54,0.05994138913668282,0.23965057066313314,0.3303391899984622,0.5383758763860154,0.029957296195842684,0.09480757020548418,0.00039762169334448,0.00023076712017307998,0.3,0.8,0.1,166,0.1235183904936942,0.0590155476332527
29,55,0.05981165450350099,0.24273335746958663,0.3408329550894512,0.5810437755418115,0.03136731672360349,0.09480265259424499,0.00039780660752643,0.00023002680654548,0.3,0.8,0.1,167,0.1237419017443983,0.0589720711821886
29,56,0.059829267159349636,0.2425168562747095,0.34056790390698344,0.5615018644457445,0.03007406146609636,0.0950556425099656,0.00040018605548221,0.00022996744827378997,0.3,0.8,0.1,168,0.1242352457442041,0.0590702837690769
29,57,0.05982669808957886,0.24251345210965136,0.34056433680763243,0.5654132249943188,0.02886170204410024,0.095048199927288,0.00040003264915804994,0.00022995697902892,0.3,0.8,0.1,169,0.1242473221125825,0.0590701920186532
29,58,0.059544404126889015,0.24123335182580397,0.3390775276848914,0.5767225577005884,0.03141002076123054,0.09494431082865452,0.00040501375043077,0.00023057028758191998,0.3,0.8,0.1,171,0.1203369908779585,0.0590721002526648
30,0,0.8951479069062388,0.9644071409285545,0.9585353969839061,0.13802054026783445,0.0,0.0,0.0,0.0,0.3,0.8,0.1,1,1.1924613425680095,0.7509258445422617
30,1,0.629304299506294,0.868299155810954,0.8347261320518664,0.13742327137791163,0.29284915225485414,0.09863663126403768,0.00033269597799981,0.0011397216793934699,0.3,0.8,0.1,3,0.5951861905558135,0.4675689842327974
30,2,0.3647731379853853,0.6874961451181582,0.6310742954756935,0.09212001575742394,0.27556473469270504,0.09806567162060612,0.00010156449985301,0.00010506059351636,0.3,0.8,0.1,6,0.4190155435363379,0.1531697494714377
30,3,0.3591108214633524,0.6861963842608093,0.6362669533832812,0.09769122472598138,0.04347298762549613,0.10193030486156171,0.000129306776997,0.00013375782637293,0.3,0.8,0.1,8,0.3956298250096139,0.1486056507405536
30,4,0.28286161021487816,0.6083127909304077,0.5457683112809162,0.0861348103556301,0.18698969131078821,0.09727797588567046,0.00010903541705081,0.00010866770616295,0.3,0.8,0.1,10,0.3805101099410399,0.1533729388105572
30,5,0.2527559289213527,0.5791726727215982,0.5255826434267478,0.09769644382339317,0.06751341811347034,0.0980447245262746,0.00013698751227857,0.00017532262655795,0.3,0.8,0.1,14,0.3751507813961834,0.1667484849972039
30,6,0.2429307237730065,0.5696747288968047,0.5212377812399016,0.09638604620612458,0.060170618490429,0.10158916690082531,0.00018179757837331,0.00023267251453891,0.3,0.8,0.1,16,0.3413113009559103,0.1605093188294802
30,7,0.24272992283058478,0.5690488427618388,0.5201836466836084,0.11003673095868517,0.038633049986655996,0.10835750781971422,0.00011999863128644,0.00012202818014853,0.3,0.8,0.1,18,0.3171665013453335,0.2038051003697248
30,8,0.2311505314124528,0.553142030938452,0.5018051876836308,0.11215939866519695,0.09233997846146809,0.10530212694698671,0.00011174594125659,0.00011247524299599001,0.3,0.8,0.1,19,0.3005247495084966,0.1570997562486717
30,9,0.2277056623761821,0.5518971415065362,0.5072516861412075,0.10518979743784522,0.052114671429847666,0.10541247339011224,0.00011197982663189,0.000112745978027,0.3,0.8,0.1,20,0.3077829408207927,0.1563412286289713
30,10,0.20849618653229776,0.5263529726140697,0.4842345534013564,0.10500946222908943,0.09504763004005569,0.1085903030278309,0.0001348476586813,0.00016428731036817,0.3,0.8,0.1,22,0.3128044666104512,0.1377511295798275
30,11,0.20309082908610754,0.5206850764316721,0.4843194023793893,0.12132628275366075,0.045013248955841356,0.11291903869304828,0.00013625993458689,0.00016576090834191,0.3,0.8,0.1,26,0.2744545958959851,0.1499861672015656
30,12,0.19794029557990997,0.5101603785829778,0.46556408212199285,0.12319897837615001,0.04952416933005609,0.104561030446615,0.00016810171275041,0.00026197720595868,0.3,0.8,0.1,27,0.2222347186277108,0.1571457340307677
30,13,0.1900945739298777,0.49741511592037624,0.4507286066184985,0.12475604964937116,0.0850398308485518,0.10429267435086743,0.00017292020019468,0.00028246944510801,0.3,0.8,0.1,28,0.2353569717632955,0.1416515661683751
30,14,0.1866478114763567,0.494178232807959,0.4537075491508569,0.12632323303936213,0.0634554330222014,0.10729137769790026,0.00019518859946844,0.00034483286847790997,0.3,0.8,0.1,29,0.2476173103926298,0.1427150215492991
30,15,0.17303638266014165,0.4700003365519286,0.4256248933388022,0.11921482673810473,0.12948297784054355,0.10562153710511332,0.00018588372970520001,0.00034643807521159,0.3,0.8,0.1,30,0.2481171394847838,0.124160176279305
30,16,0.1581404888264588,0.4435022293770641,0.4014848889526625,0.11380803008758078,0.16184078738410707,0.1091009999226657,0.00018911478594186,0.00035253397999048,0.3,0.8,0.1,31,0.2651122504326026,0.1762444737587857
30,17,0.14455952986932,0.41609526169724015,0.3761996327115035,0.10919862805169055,0.10190579272548002,0.11416419487273152,0.00024436136644439,0.00043468847101827,0.3,0.8,0.1,33,0.183812466106186,0.1425550345237965
30,18,0.1273202656014774,0.3718260481168292,0.31783039167170585,0.10473710281134954,0.19851165381144303,0.11217790786095624,0.00019697381496891,0.00039427046317177,0.3,0.8,0.1,34,0.2323828173409593,0.1654997461032341
30,19,0.11446702546142186,0.34182963525034415,0.2898644655648682,0.1032200306515919,0.10194294187872872,0.11062204001097742,0.00019944554073711,0.00038882083548504997,0.3,0.8,0.1,36,0.2037554931367571,0.125369855778319
30,20,0.11030931836269327,0.33189756160491457,0.2850383792963037,0.10632740108624686,0.06476141241074174,0.1136000443979103,0.00026276956756110997,0.00051069301257918,0.3,0.8,0.1,38,0.1693481567198412,0.1210753477275611
30,21,0.10716943116715424,0.3251139719025805,0.27736134288265923,0.11184746154373382,0.05470089368062731,0.10928162489117624,0.00019155712266272,0.000359070418993,0.3,0.8,0.1,39,0.1869478064327434,0.102712619071507
30,22,0.09518833262019644,0.2843903640717375,0.2363773383621339,0.10352789658132644,0.23010704506759985,0.11793133811443307,0.00029135373742574997,0.00055379343940809,0.3,0.8,0.1,40,0.1273817141104125,0.118115237368389
30,23,0.08350126762254786,0.2461974707484415,0.19884697106314886,0.1086843129110208,0.07811545054843222,0.11682943608696358,0.00025138115021859,0.00048584523149889,0.3,0.8,0.1,44,0.1202425591711481,0.091636567102108
30,24,0.08346483360745187,0.249687844815119,0.2098109223660899,0.12398609511814761,0.035666182348453,0.11691510239324253,0.00025270728570803,0.00048800099612689,0.3,0.8,0.1,47,0.1192638266493651,0.0923499539000408
30,25,0.08118213221671278,0.24045989933601555,0.19905068326375674,0.12478722463562213,0.07369822635395289,0.11711963692910299,0.00025227793006442,0.00048219533058941005,0.3,0.8,0.1,48,0.1165035115012877,0.0933124111716809
30,26,0.07757726558589136,0.22602380791959045,0.18225229879105578,0.1306720266315605,0.054965113048887716,0.11665776215703237,0.00027215320100443003,0.0005438718081083301,0.3,0.8,0.1,51,0.1113350926523972,0.0888973966442079
30,27,0.07694819733557727,0.22649457394472017,0.18967309017104783,0.15575571753173634,0.04249508182243843,0.11732379026211927,0.00025420324528844,0.00049825931999115,0.3,0.8,0.1,53,0.1148988700850896,0.0905467284250427
30,28,0.0758127626823055,0.22262877974099976,0.18521876190303443,0.15109348560791203,0.040056975405236984,0.11631679321261343,0.00025843049495204,0.00050214867260205,0.3,0.8,0.1,56,0.1156349531656494,0.0845537052670406
30,29,0.07265727464049347,0.20475649984112204,0.16420626734043917,0.15706124042617545,0.11483187346057028,0.12017502843928868,0.00026209982699755,0.00052951115978775,0.3,0.8,0.1,57,0.1105499158880592,0.097144180955598
30,30,0.07099350286192095,0.19919568411722977,0.15782110622125342,0.16106063179780103,0.05648238709542447,0.11828545730198926,0.00026254906232347,0.00055503357642295,0.3,0.8,0.1,58,0.0971148072334732,0.0900949329706206
30,31,0.06977180381370529,0.19731816497340163,0.16254116945065986,0.16628854701004722,0.04712190370126563,0.1181838891392545,0.00026206559566055996,0.00055424365653715,0.3,0.8,0.1,60,0.0965215799060122,0.0893393018522901
30,32,0.0695403650189502,0.19625401488892857,0.1613024130603492,0.1625789567322693,0.037897797858443966,0.11816013150652009,0.00026682063034798,0.00053060079062641,0.3,0.8,0.1,62,0.1000932758984384,0.0887017141950999
30,33,0.06901522434444911,0.190438355677914,0.14764153918420303,0.17555634521273994,0.04388488481297325,0.11781527666400653,0.00026788405354499003,0.00056179950949965,0.3,0.8,0.1,63,0.0994136610186947,0.0886918462749792
30,34,0.06599091605839465,0.18010921906596006,0.14253387733016232,0.1872430838142765,0.0928422260364253,0.11734954632369653,0.00026630623321304,0.00056253952927236,0.3,0.8,0.1,64,0.1011146102857624,0.0857295258189007
30,35,0.06599712065875146,0.17238126104851542,0.1197127169514994,0.1398617490160246,0.03587600349703313,0.11763371776513923,0.00026580449053826,0.00055705228127378,0.3,0.8,0.1,69,0.1022539185600446,0.0864563659724411
30,36,0.06585164800904292,0.1719112101081275,0.11917549019296124,0.1396855256066441,0.037176071305520524,0.11742268312044489,0.00026596622712198,0.0005599071720697099,0.3,0.8,0.1,70,0.1017125988457197,0.085732643496931
30,37,0.06560488223039136,0.1862260852311298,0.16348972516345203,0.2344895969911275,0.035560846342206485,0.11683418808040029,0.00026757371260983,0.00055444125266289,0.3,0.8,0.1,76,0.109080557575774,0.0833594357761237
30,38,0.06440348822452562,0.18068893737484995,0.1570577242074467,0.25417580681884205,0.04639474107980154,0.11644522454926699,0.00027093307370873,0.0005672367668113399,0.3,0.8,0.1,78,0.1024462728094354,0.0827382671401933
30,39,0.0641306206726757,0.17206352539791084,0.13321193623953742,0.1966332470928621,0.03596220584224999,0.11629688492333091,0.00027316664847516997,0.00057134908056823,0.3,0.8,0.1,84,0.1033459252085979,0.0821734170913577
30,40,0.06406578911587009,0.19052367507920298,0.18923796760607678,0.35187872954967625,0.03511248205117244,0.11617138668747837,0.00025512221386262996,0.0005203713158304999,0.3,0.8,0.1,116,0.1081065265198675,0.0793510304347448
30,41,0.06421152363681411,0.19407009152181545,0.20023492304828241,0.3536629428400228,0.03554402084751883,0.11690874917771983,0.00025393655101823003,0.00054468665590886,0.3,0.8,0.1,123,0.103595440357432,0.0810031083075959
30,42,0.06393063979311753,0.18896307374781474,0.18738416751289041,0.38194651530131735,0.03726445188161123,0.11688724763108498,0.00025464551147032,0.00054272490770464,0.3,0.8,0.1,126,0.1035373606114787,0.0827657756726338
30,43,0.06391617692973728,0.19998989007862028,0.22093538943998425,0.4378215644134754,0.03537270123478589,0.11691360660422906,0.0002549510315868,0.0005431425115423199,0.3,0.8,0.1,138,0.1032493293790739,0.0825227851795657
30,44,0.06391770322219155,0.20367528859312825,0.23212962239147045,0.5018312826638485,0.0353499167606112,0.11694129348976022,0.00025483709639234,0.0005432940291907301,0.3,0.8,0.1,153,0.1033504030483234,0.0820775921335813
30,45,0.06392194892203759,0.19624668895826752,0.2096700004826317,0.510436998654417,0.03539920274547853,0.11696419005067374,0.00025472674367965,0.00054377289410466,0.3,0.8,0.1,154,0.1034091045097935,0.082052183091948
30,46,0.06391256316467948,0.1999188245243121,0.22085044972380768,0.48747189821297526,0.03550087080670294,0.1169569894036033,0.00025479928115968,0.00054362917107229,0.3,0.8,0.1,155,0.1034568386356784,0.0820241333678312
30,47,0.06391031053748875,0.20362465830881474,0.23207011278586295,0.5139939859454314,0.03535772789281664,0.11695211752389915,0.00025482367410342,0.00054315888126211,0.3,0.8,0.1,156,0.1034645017285316,0.0820334943073547
30,48,0.06391280850932583,0.19991371634786,0.22084424152945872,0.525854754639314,0.0353588027542194,0.11696240218905424,0.00025479218972675004,0.00054318683894801,0.3,0.8,0.1,157,0.1034275422164697,0.0820324971066543
30,49,0.06390548822926322,0.20359051250361407,0.23202994977429173,0.5218604880269627,0.035380836967703944,0.11695985437072683,0.00025485562621332003,0.00054348536637893,0.3,0.8,0.1,161,0.1034394043612576,0.0820709078624853
30,50,0.06390222386334594,0.2072918126230768,0.24324430137703545,0.5451924601130804,0.035381342751206565,0.11695445164360793,0.00025480801362529,0.0005437337240206699,0.3,0.8,0.1,162,0.1034188471138752,0.0820679579968192
30,51,0.06398110774446501,0.20732589034563548,0.2432691985787609,0.5452666401516594,0.03566092477158747,0.11725782070000788,0.00025380456634788,0.00054021730291992,0.3,0.8,0.1,163,0.1043656831007287,0.0828051985883126
30,52,0.06360605739910608,0.19857738763247015,0.21929648778403577,0.5331231107516609,0.04017236706578207,0.11677482780509292,0.00025638557625406,0.00054649430022012,0.3,0.8,0.1,164,0.1037209346805893,0.0814243888383893
30,53,0.06368554269828873,0.2050985075279548,0.24064520989324326,0.5409074449752924,0.0406448600603558,0.11780720317770772,0.00026548504282174,0.0005650889401574699,0.3,0.8,0.1,165,0.0990048218310683,0.0845001367313221
