Run,Equation_Index,Hybrid_MSE_Train,Hybrid_AIC_Train,Hybrid_BIC_Train,Hybrid_MDL_Train,Hybrid_PSM_Train,Extrapolation_Divergence,Sensitivity_Interpolation,Sensitivity_Extrapolation,Lambda1,Lambda2,Lambda3,Complexity,MSE_Test_Interpolation,MSE_Test_Extrapolation
1,0,0.9470431007647897,0.9824974132322908,0.9796100362719378,0.1444961494775779,0.0,0.0,0.0,0.0,0.7,0.2,0.4,1,0.9748054983296368,0.7560687826388228
1,1,0.650294246695421,0.8996127920702329,0.8647413057155151,0.17443355471171088,0.38931624935573805,0.09850745813983726,0.00039273338167731,0.00030485370682359,0.7,0.2,0.4,3,0.6717528675966482,0.4675689842327974
1,2,0.49846767547497783,0.8022898923581456,0.758285326228151,0.15095702542799866,0.45677578704876043,0.09844825857114856,0.00022419762357363,0.00019043941333161,0.7,0.2,0.4,4,0.5007801540848752,0.2229957408252089
1,3,0.4050957292110703,0.727765951382947,0.6714196207315197,0.13319215409993687,0.22361565213433657,0.09895368165169033,9.545820798112e-05,9.189778497018e-05,0.7,0.2,0.4,6,0.4268037922650442,0.1637184201805436
1,4,0.3885775527520157,0.7163423390806789,0.6650356049457825,0.1435672185804947,0.08466035007810785,0.09872899133534424,0.00013718910154322,0.00013243452816885,0.7,0.2,0.4,10,0.3652124064793118,0.1738739938781063
1,5,0.37684986294050915,0.708945576756161,0.6629851043028906,0.15021870616704408,0.08929542056119137,0.10159254889088412,0.00018594827318705999,0.00018369614840303,0.7,0.2,0.4,13,0.3421534229711983,0.1539041264280387
1,6,0.36765870810111445,0.7035832303050927,0.6635922143333657,0.15493592631516637,0.11015214663322008,0.10199144689139282,0.00022429837890675002,0.00019606848366274,0.7,0.2,0.4,14,0.339729064738947,0.1370541226946602
1,7,0.34217441099030205,0.6726274298820781,0.6194597696538292,0.15596849508208493,0.14938136290668916,0.11217349931482631,0.00011459153887599001,0.00012763635243141,0.7,0.2,0.4,16,0.3463056368834834,0.187860570916531
1,8,0.306213577022732,0.6335759435972,0.5807131627744986,0.15148862420854775,0.25979708643846616,0.11349513399111773,0.00015801545801266,0.00014294827042203,0.7,0.2,0.4,17,0.2439316237980375,0.1614165023767635
1,9,0.3057532653331509,0.6366597973153393,0.5911806094519693,0.15574220968214864,0.08297372204914787,0.11373248926536532,0.00015742219896266,0.00014268661827934,0.7,0.2,0.4,18,0.2454827736795871,0.1606008805255391
1,10,0.3053459056940937,0.6398824184589887,0.6018541633668647,0.15987129666249808,0.0803935140691947,0.11358486820042558,0.00015697735813781,0.00014282423047566001,0.7,0.2,0.4,20,0.2451680727142188,0.1623408287259015
1,11,0.2711531998710106,0.5941770604788269,0.5488984525914002,0.15405904568778198,0.16849904701189766,0.11107840578358867,0.00014352510637459,0.00014695203862889,0.7,0.2,0.4,22,0.2165699402634683,0.1775917839928137
1,12,0.23075981422819514,0.5354774980212346,0.4878326489223928,0.1411771102311693,0.19892068146771738,0.10748496406722934,0.00013979828728595,0.00014565765741975,0.7,0.2,0.4,24,0.2122133796409424,0.0892364685354947
1,13,0.20842844160063959,0.49256193318254105,0.4375050421389671,0.1411063539013876,0.1703637063805682,0.11032912780545132,0.00017665898265318002,0.00018630576331491,0.7,0.2,0.4,26,0.2308057111472587,0.0935936290891576
1,14,0.19360237982613845,0.4639808864576144,0.41092291362733774,0.1406104517471481,0.14711115700972058,0.11196258708020795,0.00017459928730855,0.00018224254493729,0.7,0.2,0.4,28,0.2153106952039613,0.0703440547174799
1,15,0.1757931791971075,0.4297521672429019,0.37188749895068873,0.12849068248637688,0.19342266725149634,0.10468625092152514,0.00017489227867866001,0.00018634194363492,0.7,0.2,0.4,29,0.2134666420162005,0.1065365198624444
1,16,0.16529840050868666,0.40878899459559087,0.3610271368291599,0.13942443607078855,0.1057179974694517,0.10678920186700812,0.00018018636110909,0.00019145201087099,0.7,0.2,0.4,33,0.1521668647486548,0.106305335344421
1,17,0.12911385723170057,0.29582139829356285,0.22926293518406912,0.11590820355657717,0.3126390364122902,0.10812268216551646,0.00032111517786473,0.00021885796742712,0.7,0.2,0.4,35,0.1679195886975635,0.0467078370317735
1,18,0.1179593843422765,0.25572979126686357,0.18951429398649314,0.11476953841130759,0.1631732673461268,0.10769685581023372,0.00022464896599674002,0.00018468886231213,0.7,0.2,0.4,37,0.1567919644817235,0.0300421998032358
1,19,0.11264214638522455,0.23090933527544688,0.16051567236930628,0.11348731362246926,0.12824882961705825,0.10841656191955609,0.00023710891646974,0.00018538602171085,0.7,0.2,0.4,39,0.1880973155787918,0.0313510552276409
1,20,0.11271206737356133,0.23306931785133728,0.1698469926900935,0.13045310729923967,0.0808291987691422,0.10917185123699547,0.00023842074770532998,0.00018450984026173,0.7,0.2,0.4,41,0.1975699655615364,0.0302144743842657
1,21,0.11224807402628259,0.22803578461693022,0.16384942221686444,0.13827755254284615,0.08940377737687424,0.11032363067398475,0.00024422578946415,0.00019140936287084,0.7,0.2,0.4,43,0.1668860054304794,0.0373780993378884
1,22,0.11046726781966135,0.22229906881036043,0.15728188120081674,0.14603426950697138,0.08357586611289211,0.10933207413785222,0.00023312992491789,0.0001810644940074,0.7,0.2,0.4,46,0.1797179955914066,0.0306230416858707
1,23,0.10567834100117775,0.21585867916267368,0.1639772945839564,0.1548634357437372,0.09793119361480622,0.10591877048483006,0.00023004435064945,0.00018786071098515002,0.7,0.2,0.4,48,0.156896367280125,0.0321302821765548
1,24,0.10609640673683617,0.20980119339328715,0.14983137643269248,0.1494733425099432,0.08980624417250355,0.10753375353823941,0.00023080004251684998,0.00019361585331177,0.7,0.2,0.4,49,0.1454749845666412,0.0391241742836471
1,25,0.10598902032751878,0.21120788138361354,0.1582984810139201,0.16367218075625944,0.08713969062944955,0.10817194149253073,0.000231231726345,0.00019601485205722,0.7,0.2,0.4,50,0.1494809224809285,0.0410941556830789
1,26,0.10543852910042154,0.2101316723111059,0.15711363975036352,0.16647986069399562,0.07814375526604926,0.10757690166786688,0.00023061858007333,0.00019350717798674,0.7,0.2,0.4,51,0.1476857367735327,0.0361852494640212
1,27,0.103451030196837,0.20689209973198208,0.1536155392333204,0.17344533685179664,0.07698668245704145,0.10519379621750946,0.00022604562682371999,0.00018510593841775,0.7,0.2,0.4,53,0.1697386454854174,0.0343744084305789
1,28,0.10386423569406775,0.21339761498639542,0.17487564606653777,0.2013002403765301,0.07557851273668442,0.10625731960846392,0.00024901292838749,0.00017715606462742002,0.7,0.2,0.4,60,0.2257230803558912,0.0312679229422932
1,29,0.10427586836748358,0.20919204533823496,0.16972048801941883,0.20719800784894346,0.0872950264602559,0.10846910991787703,0.00025545101651308,0.00017983251132794,0.7,0.2,0.4,62,0.2304974414335992,0.0304601165787142
1,30,0.10598490540440113,0.20733929826046174,0.16713647430158576,0.22945009038866884,0.08813071233612546,0.11205622525939551,0.00055831046056128,0.00020097335896556998,0.7,0.2,0.4,64,0.2018236565273143,0.038796878977699
1,31,0.1044275424807071,0.20397223100310985,0.17015865564456475,0.24666134923796107,0.09236370230113991,0.1117020514014418,0.0005297888534661901,0.00019105176651049,0.7,0.2,0.4,66,0.1991939021422934,0.0349265795941704
1,32,0.10262090509633406,0.20427688993386728,0.1776522577775479,0.2544416374803984,0.0810142384866855,0.10973879210778262,0.00023370770985014998,0.00019102194000708,0.7,0.2,0.4,68,0.2141234554477196,0.0338805061109202
1,33,0.10297391003972028,0.20820942036700466,0.18907247349821368,0.2655348387435414,0.07749212952809433,0.11024470218721945,0.00038400233870762,0.00018987622933217002,0.7,0.2,0.4,72,0.1844854312424169,0.0364501205315556
1,34,0.10001455367974788,0.20020830246188825,0.17328657214303833,0.2632197556602901,0.08353081982107485,0.1064990960605413,0.00024709277228422,0.00018468068621937,0.7,0.2,0.4,73,0.1321430679366163,0.0329732635880615
1,35,0.0997617942217334,0.20266820132840885,0.18305827169525862,0.2799846960637505,0.0758052215341943,0.10646827918099973,0.00024124245638712,0.0001847105741014,0.7,0.2,0.4,77,0.2207568242954982,0.0314709122212627
1,36,0.09650515309474571,0.19934042484593303,0.19324388344976254,0.29238287594099144,0.0915781685949048,0.10423837077672728,0.00022141429893288,0.00018785450501552,0.7,0.2,0.4,79,0.1482391377573907,0.0329119805462533
1,37,0.09747206740572019,0.19514387957543172,0.18124027266979334,0.30047136946542136,0.07723376661053363,0.10606953825027464,0.00024697281490307,0.00019171352434005,0.7,0.2,0.4,82,0.134999944671933,0.0377688710242809
1,38,0.09889206151816561,0.20228600894270002,0.20306573448136275,0.3266016593793629,0.07759912959430805,0.10842791350419081,0.00074251286254044,0.00035305960886019996,0.7,0.2,0.4,87,0.1235939586967617,0.0355000940788579
1,39,0.09577030407423269,0.19730938315583768,0.2044900627869498,0.35465694026552325,0.08413568841619617,0.10588874732885661,0.00026143343714466,0.00019229461141711,0.7,0.2,0.4,90,0.1481261705703797,0.0362361347746442
1,40,0.09595042334633036,0.20110139716855027,0.2157766253310701,0.3653007419530714,0.07486662432610044,0.10617092813176195,0.00026910211933779996,0.00019793522984187998,0.7,0.2,0.4,92,0.1510350803645004,0.037805502033126
1,41,0.09577608076308525,0.20064939506581048,0.21526902332661504,0.3763790670798594,0.07487395934565685,0.10601190828497253,0.00026214763484295,0.00019210445004324,0.7,0.2,0.4,94,0.2177743530360524,0.0362527840426133
1,42,0.09539871533377318,0.21681362835700785,0.26860261983635736,0.4503682601765989,0.07512164303110701,0.10607403524954714,0.00030140447060671003,0.00018994608606075,0.7,0.2,0.4,107,0.163100293721142,0.0384653074874127
1,43,0.09378336462131483,0.2137244336058471,0.26521877059689003,0.46341416496159504,0.07489589427952992,0.10417703114316629,0.00043746644752356006,0.00018380436093959,0.7,0.2,0.4,110,0.1296161067396938,0.0435998867064887
1,44,0.09478346387186608,0.20687658357563582,0.2635865466472817,0.4816922843723863,0.13434291992487485,0.10905500872319895,0.00026027556305157,0.0001760054395757,0.7,0.2,0.4,111,0.1213855317038367,0.0332726272066041
2,0,0.910667562493982,0.9699205576908092,0.9649583727181744,0.13955712942358386,0.0,0.0,0.0,0.0,0.7,0.2,0.4,1,1.1361861070695731,0.7479916365581858
2,1,0.6341345691466611,0.8857710618083362,0.8494331376017874,0.16697229929183774,0.3710231530221788,0.09143070426933643,0.00043479929989128995,0.00028662929512683003,0.7,0.2,0.4,3,0.7189144603134359,0.4675689842327974
2,2,0.48169835618910106,0.7901408872971749,0.7440855840993233,0.14777404331241167,0.4831372774574596,0.09886554563955607,0.00024293991551614,0.00015589925462139,0.7,0.2,0.4,4,0.5728235192000226,0.2227387124912495
2,3,0.45767956716254327,0.7739394241191132,0.7193344584862945,0.13995881094904722,0.11875551217813911,0.08974019235520649,0.00043311584232746004,0.00049183127189925,0.7,0.2,0.4,5,0.4752751814668667,0.3432827394233544
2,4,0.3956944650353827,0.7215359530221992,0.6575766544905189,0.13124134957980557,0.2969593160053775,0.09621645049420906,0.00013723583542083,5.695755124713999e-05,0.7,0.2,0.4,6,0.4247940886708974,0.2771739611140004
2,5,0.3450960213418342,0.6729121754617146,0.6144180395468946,0.12620755398175748,0.1405571119075548,0.09887832724463645,0.00035337511133607996,0.00010818313104944001,0.7,0.2,0.4,9,0.2774779709687088,0.1282389049526312
2,6,0.3443254065247908,0.6726389097232714,0.6140949675656682,0.13074020997416916,0.07287984508542772,0.09893915051060216,0.0002762527442735,0.00011227382837713,0.7,0.2,0.4,10,0.3027754163295568,0.1826519587150727
2,7,0.3171736532561951,0.6444256276271167,0.587236488451861,0.12690291036224824,0.2265028862870614,0.10655073892069156,0.000574920841014,0.00017600768897197,0.7,0.2,0.4,11,0.2304973839401959,0.0864054779106154
2,8,0.31195823492503905,0.6416090109330934,0.5906614250708804,0.13199347236296527,0.09191323912328762,0.10829052139801511,0.00043968994805216997,0.00016929505501956998,0.7,0.2,0.4,13,0.2894706911168686,0.1462154366770644
2,9,0.28181321267871995,0.6064080325508578,0.5566187500755553,0.1310715064536783,0.1550004917173876,0.1077347714790565,0.00044215885884042,0.00018392971990569,0.7,0.2,0.4,15,0.2197149291196275,0.0994056005818244
2,10,0.26331193689393106,0.5812555575847678,0.526361537704397,0.14049613523491472,0.1537530424851236,0.11602725995995154,0.0003740210319836,0.00018377933834183,0.7,0.2,0.4,17,0.2383404396795046,0.1575652681922465
2,11,0.25289782418227613,0.56984340091529,0.5136339025799678,0.13349363335826372,0.12247989416208925,0.11109202160347138,0.00044692213780228005,0.00018914286766277,0.7,0.2,0.4,18,0.198497592417301,0.1415447102488573
2,12,0.21569013377527554,0.5020232754274332,0.44149463029623504,0.11636112679886418,0.34522517026260513,0.11137861915501325,0.00044747233808555,0.00018980376329847,0.7,0.2,0.4,19,0.1488260261804766,0.0907650267187976
2,13,0.21670103610118102,0.5029151632160805,0.4423446227137453,0.12164043760702045,0.08033981626796216,0.11301363549962573,0.00044964548207966003,0.00019209967409979,0.7,0.2,0.4,20,0.1482540161225412,0.1011847898011993
2,14,0.20217004524459872,0.4840061703929472,0.4196471944278993,0.12369592830784137,0.23828362733342556,0.11879085240448146,0.00049506741282146,0.00019774480392645998,0.7,0.2,0.4,21,0.1996446876623032,0.119277113648474
2,15,0.1980565901524897,0.461623664601824,0.3937310545637127,0.11809338871553308,0.11045777520984199,0.11754058942757065,0.00020922115218193998,0.00012264571884745,0.7,0.2,0.4,22,0.1695163159780514,0.0637573958036493
2,16,0.16434667265748565,0.38072846559521567,0.3062589467349257,0.10083614966992546,0.4355128690837938,0.1185881545134327,0.00045735918683475,0.00019506530635086998,0.7,0.2,0.4,23,0.1260231702956091,0.0762269830880634
2,17,0.1642872944660946,0.38059958131926386,0.3061123120394014,0.10821324848072059,0.08330794127844014,0.11855682977890361,0.00046054726414470996,0.00019520350286165,0.7,0.2,0.4,26,0.1262455568281993,0.0763975392251763
2,18,0.16575748753684535,0.37746433777103217,0.29522921388568074,0.11568321919635226,0.0912192855421376,0.12137584270121642,0.00056185379356631,0.00018801768357181,0.7,0.2,0.4,27,0.1295642703253429,0.0790131063079089
2,19,0.16218687638020599,0.37303535613443334,0.2905867073854601,0.12584611155151781,0.08456727436763713,0.1168985554490747,0.00057458253033924,0.00018010588696099002,0.7,0.2,0.4,29,0.1272644504355294,0.0786829438890819
2,20,0.15549685295692095,0.3508049515920445,0.27108169597213044,0.11596320071211284,0.2048469554915858,0.12129087285988437,0.00055870926650219,0.00022285476826309,0.7,0.2,0.4,30,0.1154972264479348,0.0741616224514793
2,21,0.15549684553133647,0.35080489837465173,0.27108163453172207,0.14400806062604948,0.08510456302842444,0.12129087756540426,0.00055871085050304,0.00022285426815753,0.7,0.2,0.4,33,0.1154971319479982,0.07416155988742
2,22,0.15213456064279546,0.3447532197365798,0.27099631789689194,0.16089936232602847,0.09440232273675586,0.1207409420893762,0.0005606387056688101,0.00023714238717304002,0.7,0.2,0.4,37,0.1327231311654876,0.0581580073841297
2,23,0.15253748449669896,0.3450397324099635,0.2712548594621096,0.15593902005039528,0.08535668393346278,0.1213821308010522,0.00058939553615517,0.00024093227713129,0.7,0.2,0.4,41,0.1330655178825118,0.0602828158463278
2,24,0.14952988804574097,0.34731678736362787,0.288048266248587,0.22563329198888377,0.08389735065086569,0.11851585191894845,0.00052866945803159,0.00019122217812865002,0.7,0.2,0.4,58,0.145074850994782,0.0801077068653866
2,25,0.1504348313436656,0.35512302516535393,0.31075885226316424,0.24165254256115595,0.08505973561752585,0.12014358375874085,0.00050472658802212,0.0002016597158457,0.7,0.2,0.4,62,0.1592237913330594,0.0907600561412081
2,26,0.1504348313436656,0.35512302516535393,0.31075885226316424,0.2588851026569509,0.08428214948189601,0.12014358375874085,0.00050472658802212,0.0002016597158457,0.7,0.2,0.4,66,0.1592237913330594,0.0907600561412081
2,27,0.14879001399182493,0.3620236943098945,0.34622093709585544,0.27395488030736337,0.0978799152196049,0.12177270477886432,0.0004629592511155,0.00018834881629745999,0.7,0.2,0.4,69,0.161713172855679,0.082884142154504
2,28,0.14834525527045542,0.3492468299934811,0.31061798363472354,0.3118587985306973,0.08612199534009816,0.12186116850927482,0.00047162389540224005,0.00020549848606100002,0.7,0.2,0.4,80,0.1637973455503932,0.0856236397124248
2,29,0.14834878540680527,0.3564428931153301,0.33278879348562607,0.3183675363154696,0.08693543722900145,0.12201015109072251,0.00047315949328718997,0.00019880567378205002,0.7,0.2,0.4,81,0.1656296750776107,0.0855330220406261
2,30,0.1483436331995779,0.35262232514421676,0.32142922222260206,0.32188353833703276,0.08623432528999989,0.12206022485043136,0.00048389254287161,0.00020437011804997,0.7,0.2,0.4,82,0.1625507488755025,0.0857955996458602
2,31,0.1482155371816989,0.3590791175224796,0.3427178807398713,0.3339724303838428,0.0883132968864596,0.12238711726290027,0.00048583806597595,0.00020372709266837,0.7,0.2,0.4,84,0.1423558220812654,0.0879906930168039
2,32,0.14780152625534718,0.364426820377316,0.3627045815717027,0.36005450648176407,0.09588681354944031,0.12280065937361447,0.00048236965643612997,0.00020350659401946,0.7,0.2,0.4,85,0.143975492096618,0.0879427945039789
2,33,0.14429601889908805,0.35314686637945325,0.3429610924860834,0.3539256461760404,0.08906886063533112,0.12021794310765935,0.00047906800254986,0.00018608621505953,0.7,0.2,0.4,90,0.1409301598189798,0.0783896613991571
3,0,0.8823259510512128,0.9597824442282009,0.9531478544150143,0.1381654874419559,0.0,0.0,0.0,0.0,0.7,0.2,0.4,1,1.2456617557445884,0.7539455818988462
3,1,0.8824253224708067,0.9620302746907234,0.9551929530914763,0.1456015808657119,0.0060112820170620295,0.004966756629198212,1.9792757536445508e-07,6.026202725262165e-09,0.7,0.2,0.4,3,1.2454964698509703,0.7477545511809269
3,2,0.47459046673908956,0.784619964909335,0.737787820794956,0.14565092480561645,1.068504923058967,0.09759471176328892,0.00024619586123779,0.00034846413104312,0.7,0.2,0.4,4,0.5993296046569404,0.2305981985923723
3,3,0.4614718919555539,0.7782310184798834,0.7372972993287323,0.14911822867559826,0.0884028281838544,0.09717420391123713,0.00024129028677632,0.00032656473092976,0.7,0.2,0.4,6,0.5766243167506897,0.2250903455693662
3,4,0.45331607151305225,0.7682518371521608,0.718675257110536,0.14778400672555522,0.09698660938685481,0.09816994089595649,6.39733390232e-05,0.00010290880595891,0.7,0.2,0.4,7,0.6826606604902854,0.2361447704507461
3,5,0.3750256972418682,0.703378700683615,0.6500907065964816,0.13281547990754053,0.3489222807765846,0.09732799399585551,0.00014932409772779,0.00019375602856178,0.7,0.2,0.4,8,0.5408224329696906,0.1802495092078508
3,6,0.3352016957586757,0.6632899554228934,0.6037814768816314,0.12427613154579235,0.14521387333426214,0.0937802778467082,0.00022267030531257,0.00041124645985034003,0.7,0.2,0.4,10,0.507258120467456,0.2475739995673119
3,7,0.34630220868827993,0.6733972147675675,0.613332519425618,0.14265205123046704,0.09006219343528173,0.11313522930248766,0.00028928605066441996,0.00020428502182090997,0.7,0.2,0.4,11,0.4277817878431785,0.350892472588759
3,8,0.28895282192572297,0.6116219339716235,0.5504915278885095,0.1208591570654793,0.2803813065736081,0.0937827670790687,0.00023407370404036,0.00040827216225613,0.7,0.2,0.4,12,0.4531068287093236,0.1777391253180362
3,9,0.29644657032930416,0.6192761988901463,0.5577441299594572,0.12556072206567123,0.08974763629731905,0.10779706311463468,0.00054773751796732,0.0009491713540155799,0.7,0.2,0.4,13,0.4486659185151022,0.3176745917631739
3,10,0.24315131405739987,0.5470314395258514,0.48108916569952237,0.1144315153022129,0.36682842722509035,0.1027019503205581,0.00042782489226932,0.00074621365330157,0.7,0.2,0.4,14,0.3727250996210982,0.1832557733300876
3,11,0.24050279212212036,0.5464283793263572,0.4872889240303108,0.11993252673276052,0.08109566682122807,0.10270195009795689,0.00042782489618038,0.00074621364717327,0.7,0.2,0.4,16,0.3767779661907325,0.1589200902923902
3,12,0.23617556562439537,0.5394396979375831,0.47917711862391793,0.12315912072588764,0.08145304546111776,0.10244203486260678,0.00042878224233404004,0.00074765433157625,0.7,0.2,0.4,19,0.3583197435188298,0.1867961818623701
3,13,0.23347714375702763,0.5394800973630702,0.48633031883742867,0.12831325903701138,0.0725324929349717,0.10067632304246667,0.00042893503280062005,0.00074829141001818,0.7,0.2,0.4,25,0.3750375397381783,0.1843537820145439
3,14,0.23310231239192256,0.5336131205802636,0.472223456302007,0.12660213047364913,0.09124824460394183,0.10387948784112008,0.00042827379128353003,0.0007465597249600401,0.7,0.2,0.4,26,0.3592712262160495,0.151944073560829
3,15,0.23639376192242614,0.5510924812420932,0.5194853365074527,0.17296388104932606,0.07881970393481406,0.11038628425195178,0.00029645420559164996,0.00018367368716336,0.7,0.2,0.4,31,0.3559492002156777,0.2508973421479293
3,16,0.20598314085251446,0.4912717223613943,0.4429209984938174,0.16073505353000914,0.3077847907830208,0.10967760095445628,0.00055668164966448,0.0008817865847064101,0.7,0.2,0.4,32,0.3276528883982054,0.18604855530647
3,17,0.20337176842210533,0.48628547459575794,0.43716102226200454,0.16199938649807422,0.09628816153408261,0.10925102043972496,0.00053378832313061,0.0008995972329000001,0.7,0.2,0.4,33,0.3269793245056525,0.196635531744118
3,18,0.19028015768414522,0.4613336708430817,0.4148834806444209,0.1627424092292641,0.10787381328130428,0.1103734405871466,0.00050299614899165,0.0006426619297968501,0.7,0.2,0.4,37,0.3084942598560873,0.1633748750215923
3,19,0.18405367872941192,0.4618012410942376,0.4430106129079708,0.20538141229840778,0.08377577305075239,0.11045662073475364,0.00062031547303423,0.0008393451886761899,0.7,0.2,0.4,47,0.2871472404725023,0.1727776345110638
3,20,0.1822904884818125,0.45497356947205736,0.42827799707377534,0.22508039045341993,0.08191271249584174,0.10940552812816325,0.0006182162451552401,0.000806755539754,0.7,0.2,0.4,49,0.2914782477792784,0.1772009404020099
3,21,0.18225722589551777,0.4586424641960132,0.43945872144390025,0.22598390767578874,0.07703577421351841,0.10936569023391922,0.00062089215554067,0.00080865168943219,0.7,0.2,0.4,51,0.2907008587824213,0.1776686269367586
3,22,0.1817223639926422,0.4575694923611937,0.4382302241542838,0.22523755665985185,0.08079076734800306,0.10928814388164024,0.00053686411036852,0.00066108335122183,0.7,0.2,0.4,52,0.2912603737974639,0.1497100477979953
3,23,0.17625837578067846,0.4451875715014637,0.4238874697994916,0.23101889700598133,0.10088429909094553,0.10858264742957788,0.00056658634150831,0.00064116485438274,0.7,0.2,0.4,54,0.2858628354839759,0.1440537951797758
3,24,0.17500662894651536,0.441944860669782,0.42008969304913063,0.236594989857695,0.09036502656284746,0.10874802549930723,0.00057665540115302,0.00065153770430857,0.7,0.2,0.4,55,0.2821366053473605,0.14596739997762
3,25,0.17498307549682934,0.44509277927715485,0.4306022174391378,0.2428255082110237,0.08058984316892179,0.10922218625474085,0.00059873803269732,0.0006735026223304199,0.7,0.2,0.4,56,0.2759503986580843,0.15280604382644
3,26,0.17486693867960457,0.44426138157777506,0.4295725851754535,0.24610406016068165,0.08217119525067205,0.10976027030147892,0.00051625110674768,0.0006986501471748,0.7,0.2,0.4,57,0.2885749385939076,0.1503217521576549
3,27,0.17228334466353912,0.43633824724842957,0.41368543187641804,0.24710196680489865,0.07947601131064122,0.10767536963796184,0.00054376273020027,0.00061655582076802,0.7,0.2,0.4,60,0.2818306505470719,0.1387071066063077
3,28,0.16850659821580827,0.4263399070918841,0.40199165932477826,0.2542446333196849,0.09720103967989899,0.10807555876145179,0.00054094081352035,0.0006147650881022,0.7,0.2,0.4,62,0.2757220070008427,0.1345458373052747
3,29,0.16762799692263483,0.4282686048944762,0.41119129150472644,0.2729991595177513,0.07874474792851062,0.10768458280580305,0.00051754171896194,0.00054493085883137,0.7,0.2,0.4,64,0.2765336618995908,0.1311596723833058
3,30,0.16718349059819795,0.4251847993422348,0.40740017666065015,0.2762959085057088,0.08280008300320771,0.1093357512691786,0.00056300976467626,0.00064225503737039,0.7,0.2,0.4,67,0.2635389375587862,0.1399832790315195
3,31,0.1657958974856886,0.42704796077152063,0.4166549719631443,0.29467266232656186,0.07733556729941292,0.1077906135187582,0.00053038891829163,0.0006033935233069699,0.7,0.2,0.4,69,0.2708205799215805,0.1322043375423152
3,32,0.16516645226397417,0.4365078125168534,0.44838013321671266,0.32751875587910306,0.07680609396900102,0.10778862892828805,0.00055022641513995,0.00062589970115167,0.7,0.2,0.4,76,0.269257604347971,0.1369260001111487
3,33,0.16377328794767082,0.4319409168476907,0.442973880502374,0.3405512945437406,0.08332781670802283,0.10854440039657065,0.00053678093634139,0.00061285098867855,0.7,0.2,0.4,79,0.261168442026607,0.1348051465702353
3,34,0.16305969860318395,0.4336701047103694,0.451884156730723,0.36044198446922143,0.08053975019891621,0.10859869151797563,0.00054106363016054,0.00061266267278964,0.7,0.2,0.4,81,0.2583239776128,0.1335784041021037
3,35,0.16143268697988686,0.42439249144490926,0.4340641782278113,0.3460279374662858,0.08560416937572927,0.10955036999764659,0.0005468234460056099,0.00060562202156298,0.7,0.2,0.4,84,0.2666839370187615,0.1342502844614126
3,36,0.15973428472145468,0.42450782809726834,0.4412027918801336,0.35840323714345307,0.08255859344184306,0.10868439933391862,0.00052299053067155,0.00058679345207918,0.7,0.2,0.4,86,0.2681517005247168,0.1378122478250779
3,37,0.15786225446633975,0.41523792099246165,0.42347104981551836,0.37090754866465936,0.0884468300233445,0.10880273332684665,0.0006113468474298401,0.00079580987316249,0.7,0.2,0.4,88,0.27858629138247,0.1356575420056744
3,38,0.15584459132540507,0.40911325687991545,0.4163013571047116,0.37638892075151537,0.10294451420792436,0.10920821554939321,0.00061052254893964,0.00061148764330317,0.7,0.2,0.4,89,0.2742587630470396,0.1383422244018434
3,39,0.15439218619140466,0.40872694707200913,0.4227621549414317,0.3928413126643247,0.08232182330871257,0.109140717312588,0.00061208155953986,0.0005984603187556,0.7,0.2,0.4,92,0.277534060531354,0.1364482867485161
3,40,0.15418507642930876,0.41185639029599996,0.4333118644629176,0.4176269625106374,0.07714173277524998,0.10912570742959028,0.00061245631405939,0.0005973111308015401,0.7,0.2,0.4,98,0.2779384176931295,0.1361137456887226
3,41,0.15307788162744,0.41257064291007617,0.44106675436983744,0.4202348376314695,0.08847297622323144,0.10894424476393648,0.00063742563621846,0.00059051600720831,0.7,0.2,0.4,99,0.2759814551448055,0.134917637607725
3,42,0.1521149405295157,0.4093271360149805,0.43725415268291684,0.43716503091350883,0.07967725895789426,0.10920842688904334,0.00065455968095269,0.00063495573411411,0.7,0.2,0.4,104,0.2787315495998191,0.1336515063219789
3,43,0.15166811176382622,0.42276622905986305,0.4805128524722234,0.5289554297746764,0.0775303850424875,0.10928875031058023,0.00061384918635462,0.0006107070744239701,0.7,0.2,0.4,113,0.2723417499319974,0.13449205551923
3,44,0.15090895608055216,0.41737040285547145,0.46737296645290044,0.4988464287101228,0.08231741321015788,0.10887818191076791,0.00065639522969781,0.0005754162040413999,0.7,0.2,0.4,114,0.2673208669363152,0.1380957644835657
3,45,0.15085060370692704,0.42101936541347257,0.47853545937794245,0.5136764409692542,0.07653069649117257,0.10882380251351785,0.00056132925057143,0.00057670722485807,0.7,0.2,0.4,116,0.2672828691312829,0.1374832027409781
3,46,0.1505288049960462,0.4163885210031698,0.46624211737509613,0.5096350645240321,0.08019935241157147,0.10878130367298848,0.00061552269350306,0.00056840830904474,0.7,0.2,0.4,117,0.2704068905194139,0.1328291850824044
3,47,0.15044688913068185,0.4199280357745115,0.477273903582875,0.5207988792670853,0.07701426631902149,0.10872315569537001,0.0006190936741078,0.00057553440983539,0.7,0.2,0.4,118,0.2681627202760085,0.1335361419727524
3,48,0.14996933090579004,0.43033675905328905,0.5101647171200862,0.588460650923328,0.076246651794782,0.10819400088128626,0.00061084703355842,0.00062217217661849,0.7,0.2,0.4,129,0.2674344876559513,0.1379294286307411
3,49,0.14988358650246783,0.4299810056693466,0.5097422978713352,0.6191136660250309,0.07657147736099414,0.10826693093925793,0.0006009699868742,0.00062069734508353,0.7,0.2,0.4,133,0.2671886565771545,0.1382331109515813
3,50,0.1499172158411069,0.4337154259707185,0.5209885778289868,0.6695125428731213,0.07620372956163347,0.10833985564643177,0.0005726599578087,0.0006033979027437501,0.7,0.2,0.4,139,0.268154834954766,0.1377097622368969
3,51,0.14974239081814977,0.4231333895841397,0.49464257037247183,0.654152019843239,0.08361663791269945,0.11011760525661764,0.00064102588499571,0.0006990407843715199,0.7,0.2,0.4,142,0.2755631954845844,0.1563855805039938
3,52,0.14924290822586958,0.43274019887293136,0.526540815950483,0.7126369222693556,0.0781200737623448,0.11011788415024641,0.00063948765005629,0.00069973158966033,0.7,0.2,0.4,152,0.2772155191341393,0.1565116478448443
3,53,0.14918054112102222,0.42883894460394356,0.515093830529,0.7125836323088669,0.07827188018418386,0.11011753371951481,0.00063904588913255,0.0006993758466444,0.7,0.2,0.4,153,0.2774959733297886,0.1564922852486348
3,54,0.149165576732341,0.43992987920469484,0.5487213567980217,0.7601539995699956,0.07751246098280198,0.110115893704135,0.00063673037561304,0.00069950586345945,0.7,0.2,0.4,160,0.2771885640399812,0.1565468976774086
3,55,0.14757170815794227,0.45530490469099083,0.6078930092850333,0.7518908973354045,0.08486572400252276,0.10959138053365598,0.00174820026377158,0.00338110630513243,0.7,0.2,0.4,165,0.2669126640720513,0.1347146864340251
3,56,0.14641464957323516,0.4626432499871357,0.6371376654212223,0.814802710156096,0.07954509708722389,0.1095986910927954,0.00204966725334712,0.00338418642195754,0.7,0.2,0.4,180,0.2671727650455527,0.134754603462495
3,57,0.14626817801623493,0.4695044321593012,0.6589279064497742,0.8587163867867584,0.07883935753463557,0.10961994285421638,0.00218605797894888,0.00338881165577837,0.7,0.2,0.4,188,0.2673721157150767,0.1347741999807019
3,58,0.14618875140697044,0.48047754571222673,0.692424877116058,0.872956298777628,0.07872766143832088,0.10957169450371548,0.0020897572149628798,0.0034157646546045,0.7,0.2,0.4,190,0.2677528436746637,0.1350218128657408
3,59,0.14568273696749592,0.4716222855246469,0.6683178861895623,0.8799935118566886,0.08396742229592048,0.1095492001280206,0.0018631801923109,0.0033627226381095997,0.7,0.2,0.4,191,0.2675113094994169,0.1348543174860289
3,60,0.1449127985272297,0.4616725215267501,0.6429178713719281,0.8888094230632166,0.08053586309111363,0.10958707728928727,0.00189405917495543,0.0033477247143012096,0.7,0.2,0.4,196,0.2583060459181506,0.134778288078936
3,61,0.14488715538650526,0.4689311268430176,0.6651723276365752,0.9136828516753737,0.07929571925437137,0.10959616930839827,0.0017594675067796502,0.0034905589699852197,0.7,0.2,0.4,197,0.2732566046395214,0.1348640475642651
3,62,0.14457616999091893,0.46414989441560794,0.6526951749940557,0.9173438987653343,0.08302695980743739,0.10959732173596234,0.00191395214551183,0.0034865046404312303,0.7,0.2,0.4,198,0.2728987909135625,0.1348112963644096
4,0,0.9518277061915327,0.9841169744512519,0.981496768910909,0.1449475196063653,0.0,0.0,0.0,0.0,0.7,0.2,0.4,1,0.9529658401543184,0.7529004685719708
4,1,0.6551137285911137,0.8988732149229864,0.8640200289967895,0.17358059587656174,0.38551914460163944,0.09723798516880626,0.00040644287909951,0.00039315651752062995,0.7,0.2,0.4,3,0.6478921699516307,0.4675689842327974
4,2,0.588406626993023,0.861329682433,0.8269903243760974,0.16773829005076812,0.22814279374714644,0.09908193389593145,0.00021503712344727,0.00021536273207752003,0.7,0.2,0.4,4,0.6834749333554737,0.3350727403319935
4,3,0.4596898164044649,0.7764866379637583,0.7212430958454394,0.14529387328061805,0.43224056489786383,0.0986997070149852,0.00042329030508952997,0.00086321413099359,0.7,0.2,0.4,5,0.4938249179937591,0.3432827394233544
4,4,0.38955153847162743,0.7167158258703425,0.6519541484761499,0.12993798565488612,0.30638267595722984,0.09625301766141461,0.00012513445149072,0.00010843140653789,0.7,0.2,0.4,6,0.450828922346586,0.2771739611140004
4,5,0.38409245027921285,0.7084214631961142,0.6488514904783984,0.13727549957969554,0.0987043331909934,0.0986997070149852,0.00042329030508952997,0.00086321413099359,0.7,0.2,0.4,7,0.4033575775894654,0.208612549720632
4,6,0.32588381332062505,0.6482996706679042,0.5791536789806314,0.12238795540442492,0.30688334882361495,0.0962530176614146,0.00012513445149072,0.00010843140653789,0.7,0.2,0.4,8,0.382099718461283,0.1584348162715215
4,7,0.3256590354941563,0.648044957858013,0.5788569422833908,0.11785762101829099,0.06849296895376678,0.09625301766141461,0.00012513445149072,0.00010843140653789,0.7,0.2,0.4,9,0.3818878797925856,0.1589280528271595
4,8,0.32537848081764065,0.6507609908501413,0.5880292012821555,0.1248746468022973,0.09969919862817249,0.10393761770655785,0.00019905583397381,0.00017233980504619,0.7,0.2,0.4,10,0.3982768703883663,0.1791582668626593
4,9,0.2927831047418157,0.6140492564262093,0.551901976641295,0.12425015738061927,0.24734056896101472,0.10593305008045013,0.00042918615139014,0.00052606687902106,0.7,0.2,0.4,11,0.3069106074770922,0.123013883842393
4,10,0.2497915714842751,0.5576836064150537,0.4935074490165383,0.13793577474016047,0.09397884811660619,0.10285034962223105,0.00035351732807818996,0.00038970417685051,0.7,0.2,0.4,22,0.3186443938735866,0.1141517129393373
4,11,0.24334805284107278,0.5510524092716425,0.49268455429417674,0.1424055179725274,0.09319531794107044,0.10285034962223105,0.00035351732807818996,0.00038970417685051,0.7,0.2,0.4,24,0.3163377330708282,0.1231255675797138
4,12,0.22884905573214323,0.5256959090456262,0.45680222731666004,0.13941273279951538,0.09398221445574978,0.09780670707877849,0.0009614612422825001,0.00043452839625773,0.7,0.2,0.4,27,0.3352559118312202,0.1869353744111325
4,13,0.22141855523249665,0.507241193961804,0.4279968781640108,0.14219793586118115,0.10666182655194562,0.10129591162043967,0.0009699349498978,0.00044570978358618,0.7,0.2,0.4,29,0.2976032858382129,0.1748264215126106
4,14,0.22408343485999455,0.5115888876297973,0.43910355080193275,0.15127987595253972,0.08278828907433923,0.10879074024589672,0.00087846782536309,0.00041520843776432997,0.7,0.2,0.4,32,0.3018141435066962,0.1649774091509844
4,15,0.21086586031667442,0.49821489748376696,0.42567194526969643,0.1599549664594961,0.06418938736520134,0.09017118388903703,0.0009162287144461,0.00041878023853873,0.7,0.2,0.4,34,0.3243604595718892,0.1659138017716701
4,16,0.21160167037869754,0.4933478777474566,0.42500243445806657,0.1601645364926108,0.15795312769116965,0.1066247720112081,0.0009577061463033399,0.00042506096122877003,0.7,0.2,0.4,35,0.2911650481832388,0.1678815496537679
4,17,0.20389883185911328,0.48483769554960726,0.422475398352326,0.17127174938809298,0.08481599798030015,0.1024627114082024,0.00091482051818489,0.0003827392489531,0.7,0.2,0.4,38,0.2909314506189088,0.1633204815196365
4,18,0.1925995174616087,0.4553952194007118,0.37448158424540606,0.16281175651881424,0.08927944321571095,0.10145756160489479,0.0009628817638436199,0.00044751311864909003,0.7,0.2,0.4,43,0.2799444365419332,0.195224967038066
4,19,0.18131040869433343,0.4344761081974383,0.35706220890442275,0.17941800467325889,0.12061967777325398,0.1010218748363456,0.00098055013878713,0.00046599150659026,0.7,0.2,0.4,45,0.2665403848996228,0.1885656714813461
4,20,0.18504438452810903,0.43205300360215676,0.359294118095524,0.21724334681877996,0.10018359058178462,0.11712848592418515,0.0008971283098794501,0.00031861011880254,0.7,0.2,0.4,49,0.2140818234308469,0.1140608256721178
4,21,0.17525909218150196,0.4217558668976009,0.3488540403578607,0.19102351401269965,0.07461294310670309,0.10360219578886931,0.0009483200238889799,0.00038734336757137997,0.7,0.2,0.4,51,0.2314837925177946,0.1477139887314256
4,22,0.1837949387353766,0.4298610298869919,0.35683666410227205,0.2316329298198551,0.08325465505809446,0.11629886042748114,0.0009005306015752101,0.00031195660501182,0.7,0.2,0.4,53,0.1757306100871735,0.0860779059387354
4,23,0.18259373373314786,0.4288155357323944,0.36230601268222706,0.24710823960228448,0.0955047306958604,0.11815395256751576,0.00090330569664959,0.000321048704581,0.7,0.2,0.4,55,0.2042805289507732,0.1074434507190025
4,24,0.16925989747002312,0.41092510605519417,0.34315036000667815,0.2303719231513055,0.0886456970389001,0.10346237569667194,0.00116556727576326,0.00034714566083633003,0.7,0.2,0.4,57,0.2337126061434651,0.1462467377538619
4,25,0.16836537719650715,0.4101942190053004,0.3489540471773194,0.22333469482224214,0.08257816355795267,0.1056317658173948,0.0009798691331096,0.0003878331874409,0.7,0.2,0.4,60,0.2181983194243699,0.1330366498720162
4,26,0.17302091333597355,0.41792772884154417,0.37055190436079066,0.24545558549714094,0.09604766396405195,0.11608782261654803,0.0013321597182372,0.00033933287207182,0.7,0.2,0.4,62,0.2279582947835841,0.1343831017423847
4,27,0.15570629542942865,0.3771096970639564,0.3236329912519902,0.24348758463284967,0.11594547512034363,0.11062646551860178,0.00128519967965353,0.00033025218583655,0.7,0.2,0.4,66,0.2053637548779385,0.1140488192816043
4,28,0.15064390477618556,0.35972322505880067,0.3031872997586011,0.24252163866587906,0.15547498952849237,0.11228213543172691,0.0012904727213925399,0.00032476722457931,0.7,0.2,0.4,67,0.187609630865189,0.0961924282615324
4,29,0.15031061084623368,0.35455536797252546,0.29023022185064745,0.24709726862105277,0.08148405413723804,0.11264419987112619,0.00105950680935765,0.00032832643057119,0.7,0.2,0.4,70,0.1878181325738915,0.1034275565012867
4,30,0.14966350655498636,0.3603178314187331,0.3107744650176252,0.25800833281986785,0.0805778355889163,0.11233724106278417,0.0013291589894664098,0.00032627513431988996,0.7,0.2,0.4,74,0.1843967478677403,0.0967499329218737
4,31,0.14818844995036454,0.3585962187329768,0.3222272619551938,0.3158454804211932,0.08444229109088801,0.11542484217692044,0.00104981943384991,0.00030616530283668,0.7,0.2,0.4,88,0.1797630477133891,0.0978220783894234
4,32,0.14116828687545444,0.3563502922715819,0.3343767046032699,0.3440838436932111,0.07728088743606384,0.10703740265180432,0.00116759295509052,0.00035568124618272996,0.7,0.2,0.4,96,0.1932790586831824,0.1112973771086274
4,33,0.14323120027019345,0.3535841443265062,0.3238295626576288,0.3493915388601917,0.08452807730487842,0.11071660556111429,0.00111288876536096,0.00034633937708667,0.7,0.2,0.4,97,0.1932377181304319,0.0990091551930174
4,34,0.1425064709395956,0.35218947546971274,0.32227530541808896,0.3568127939638252,0.08143020256412341,0.11009637752482836,0.0011338478362175899,0.00035274455872358,0.7,0.2,0.4,98,0.202965866607932,0.1024740738898052
4,35,0.13876359418047007,0.3654243254985542,0.3727076444849188,0.3972835225118669,0.07542628965061558,0.1056485907981525,0.00148994517821762,0.00033461240260536,0.7,0.2,0.4,107,0.1779568430763026,0.0973747742010396
4,36,0.13615878062851933,0.34753282911381883,0.32465356695421277,0.40784342515547045,0.07459458623197072,0.10228536325079413,0.00115163123840874,0.00036036800719431,0.7,0.2,0.4,108,0.198545355349348,0.1225940418640781
4,37,0.13842275013319144,0.3496455633003786,0.32673049164208207,0.46074241264422605,0.074393850267907,0.10543916700392743,0.00175117429049691,0.0003663734325594,0.7,0.2,0.4,118,0.1879472955218253,0.115659873821632
4,38,0.13726605389445176,0.34241790971523434,0.31807268112755055,0.4889381966033599,0.08170553526127164,0.10733860230448317,0.00232480160712858,0.00035968947452643004,0.7,0.2,0.4,124,0.1913398662731847,0.1076259328964707
4,39,0.13754300892151872,0.34946682556399555,0.3399981721963796,0.5284753761468453,0.07683936365597617,0.10813743697988686,0.00227728776629597,0.00035964066169189,0.7,0.2,0.4,131,0.1937733587036589,0.1123747599943648
4,40,0.1338570018181653,0.343156601520484,0.33307483865824966,0.5342630319895721,0.0890580730385813,0.10454947849834817,0.00186988209474301,0.00035795223491491004,0.7,0.2,0.4,132,0.1926288637479237,0.1144183741651267
4,41,0.1342287287376213,0.34280807632843757,0.3325588178567714,0.5574950149106788,0.07854932603144345,0.10550515907912579,0.0018617388909602701,0.00035711609209848,0.7,0.2,0.4,133,0.1944684878037853,0.1075582862031462
4,42,0.13555126013313512,0.3425092863024619,0.3318831362399012,0.5821697559150489,0.07770261576301467,0.10831060867783002,0.00197341197046483,0.00035609228462586,0.7,0.2,0.4,140,0.1963997709759004,0.1138799555254799
4,43,0.1344762169093359,0.3482452543351311,0.35250596062429224,0.6258577108121465,0.07612403082465571,0.10706828834483982,0.00218366357129347,0.00036158093026311,0.7,0.2,0.4,146,0.1977245621295183,0.0812883349296666
4,44,0.13153101987584842,0.34427232414374964,0.3482955608520494,0.6193673801603367,0.07398017953601467,0.10363327059294088,0.00153640832346806,0.0003628390799795,0.7,0.2,0.4,152,0.1962777929542506,0.1124018116247573
4,45,0.13215695293143462,0.36569047798384796,0.4144598993187021,0.7885057160778531,0.07453783808031778,0.10453111351747972,0.00414750483177991,0.00052414540749282,0.7,0.2,0.4,178,0.2018447078899905,0.1163175686681313
4,46,0.12793892337909984,0.35972360673949455,0.4080900081764518,0.753822136702751,0.07404589480375429,0.10009997204740992,0.00228333478319453,0.00040102284345391,0.7,0.2,0.4,181,0.2122754786542889,0.1107620563196452
5,0,0.8548160501001834,0.9496383848240545,0.9413303538176012,0.13533834091187963,0.0,0.0,0.0,0.0,0.7,0.2,0.4,1,1.3632936819707475,0.7564443467443853
5,1,0.774052044206423,0.9526115623143653,0.9347979722307119,0.18417457619727345,0.1794280100874255,0.08655116542810176,1.2899790674529999e-05,1.2581135430019999e-05,0.7,0.2,0.4,3,1.081961084972029,0.5490035559848842
5,2,0.4991238444860713,0.8027967365651439,0.7588540378786626,0.15119306925178597,0.7224775903847609,0.09862122452462165,0.00025393567323192003,0.00020251370490602,0.7,0.2,0.4,4,0.5009581871683518,0.2214556949902039
5,3,0.401847768373809,0.7248504224737116,0.6680139317903294,0.13427245527222206,0.23057218440837882,0.09902638755741552,0.00011304165805013,9.53698434455e-05,0.7,0.2,0.4,6,0.47504288245299,0.1833287293641089
5,4,0.3948296854794904,0.722164447380553,0.6717804066483082,0.1343717903875366,0.0826965167958783,0.09908768405217123,0.00011144874398217,8.999068498569e-05,0.7,0.2,0.4,8,0.4658745359261158,0.1580278959961312
5,5,0.3936858388285747,0.7250383203596231,0.6815339858142427,0.1429913539467533,0.08036356690880887,0.10336190095385213,0.00014539418962719,0.00011787205986464,0.7,0.2,0.4,10,0.432750066216384,0.159732659736202
5,6,0.3826123981464571,0.7220882584883112,0.6919582284993635,0.1661188433637377,0.08255266734919303,0.10268248382397152,0.00035944133366811,0.00034369083324683997,0.7,0.2,0.4,14,0.4225868088236946,0.2932547141954585
5,7,0.35266126721465,0.6882592221385561,0.6451720914890972,0.1542160192886303,0.21152946061351618,0.10690633681623775,0.00021346832970974,0.00020997197096968,0.7,0.2,0.4,15,0.3893511051192845,0.1799741541829635
5,8,0.3282173005654206,0.6695907961390694,0.6381387403915206,0.1554001052549062,0.154809838981439,0.09900828948266387,0.00024530130658036,0.00022053350218795997,0.7,0.2,0.4,16,0.3995694551477195,0.1775190532838738
5,9,0.3194028988760729,0.659178093433428,0.6260082254882837,0.15793416591901938,0.11108162355630484,0.09900828948266387,0.00024530130658036,0.00022053350218795997,0.7,0.2,0.4,17,0.3910661800505342,0.175760975283591
5,10,0.3028951591785247,0.6350971387210985,0.5906648880412775,0.14694990976665714,0.1653367838263904,0.10241021642493704,0.00018077582388861,0.00017286992675664,0.7,0.2,0.4,18,0.3708048059994435,0.2530600622666865
5,11,0.2896958706728851,0.6171489710641511,0.5691775810508033,0.1487424228001892,0.16382679111368698,0.10742491423672526,0.00017317088973498,0.00016405731518496998,0.7,0.2,0.4,19,0.3517168502314244,0.2414285716181789
5,12,0.2818416934644195,0.6097509402942269,0.5672133644331895,0.14946738066133994,0.12899495238087835,0.10935153971704215,0.00043556590979418997,0.00041887449629338997,0.7,0.2,0.4,20,0.2820313232247644,0.2410810224184901
5,13,0.26675591343909466,0.5865708577924902,0.5396315344507692,0.14989984385330068,0.19024778123745417,0.11450175496519609,0.00026081527384118,0.00024849065652547003,0.7,0.2,0.4,21,0.3047540712324171,0.2116210275882658
5,14,0.2617326088438103,0.5834940010816416,0.5431221184700002,0.1545446204754629,0.09160645804347582,0.1129757705721809,0.00029706207237919,0.00028263906547927,0.7,0.2,0.4,23,0.2986108865475483,0.2188453660425017
5,15,0.2534554159437721,0.5774662175443561,0.5439775397114913,0.17026580465966706,0.08079517175102931,0.10439101235896994,0.00046513342175287,0.00044084958529781,0.7,0.2,0.4,25,0.2161499826752905,0.2716313285611588
5,16,0.2340262973483542,0.5490706760299843,0.517614123115636,0.17305625154055695,0.1428815695164306,0.10600103979846494,0.00046329888730571,0.00043766554924518,0.7,0.2,0.4,27,0.1871650445356541,0.2767785487915202
5,17,0.23401820329063386,0.5418637397013526,0.5015022644393129,0.1911461025136141,0.0969122697320685,0.11306570519510845,0.00043621748387093,0.00042041465136382,0.7,0.2,0.4,29,0.2532561359897161,0.2573947130448043
5,18,0.21640206847115656,0.5102289918707126,0.4585427858506196,0.16452266908975705,0.16959179574636551,0.10625894954347304,0.00040274754128917,0.00028312739895158,0.7,0.2,0.4,30,0.25215188918485,0.2029088653536098
5,19,0.20445337464398688,0.4863575498226853,0.43690733706208906,0.1681245945936763,0.14497543170806138,0.1123964974687126,0.00066219990408117,0.00044725874596709004,0.7,0.2,0.4,32,0.2260107260757496,0.201661902485711
5,20,0.204239955120184,0.48842109384156707,0.4460256839861881,0.17670310007603243,0.08587432521773096,0.11401058277887685,0.00067833433608462,0.00046142201630053,0.7,0.2,0.4,34,0.2250292252691517,0.197199593749141
5,21,0.18495678835442003,0.46317286781387573,0.42527632990408565,0.1745233347574856,0.10717907771691676,0.0987806799734253,0.00057878220891032,0.00046390760686121,0.7,0.2,0.4,36,0.1437847705768229,0.279958289065923
5,22,0.18235294022570767,0.45816049213197263,0.4195316929374098,0.1790156750120095,0.08730177450528215,0.09794026326755308,0.00061553733518258,0.00048228739489575,0.7,0.2,0.4,37,0.1413877439029062,0.2811128656417246
5,23,0.18371476780368395,0.4597466272366964,0.42759541911556675,0.18358440388185399,0.09884358701131475,0.10388559406679482,0.00058576926851172,0.0004931047360053999,0.7,0.2,0.4,38,0.1608063037597756,0.252477430796425
5,24,0.17571089083793007,0.44776188680096995,0.414443447047144,0.1830897803523574,0.09724239375314209,0.09702670337756572,0.00037693934717519,0.00032754946439456,0.7,0.2,0.4,39,0.1766820513099451,0.1496143349216953
5,25,0.17353745135500295,0.43820279675081686,0.40276305924164796,0.18600617956871474,0.12447746105259765,0.10165294195931496,0.00048421917265872004,0.00042714140421966,0.7,0.2,0.4,40,0.1399127931508463,0.1917914862045813
5,26,0.159156266526935,0.39527944922267316,0.3521274950999895,0.18319444417077177,0.17165918304384553,0.10708452428592997,0.00060670292544206,0.0004259716497187,0.7,0.2,0.4,42,0.1258837618492546,0.4067969495515952
5,27,0.1591507046884355,0.3989752765987394,0.36333522307732813,0.18958428601909458,0.07528260840830282,0.10708452428593,0.00060670292544206,0.0004259716497187,0.7,0.2,0.4,44,0.1258778943097346,0.4069285095206422
5,28,0.1587299518118542,0.39428398578935375,0.35098478771214364,0.19303254041065945,0.07876632018027874,0.10695050999946065,0.00057729664645083,0.00041803890949875,0.7,0.2,0.4,45,0.1257001138645869,0.3916124364192497
5,29,0.15783012552282044,0.38735520947634844,0.3425095012994231,0.20767669892848373,0.09692853623101849,0.11041710247371647,0.00061336624388529,0.00044802135106042,0.7,0.2,0.4,47,0.118417523954355,0.4132809992061845
5,30,0.157155433794386,0.3896574382043741,0.35213949436664765,0.2161667403433753,0.07964994292229982,0.11001983521046538,0.00061389244668658,0.00044989104222324997,0.7,0.2,0.4,49,0.1173682906986889,0.4325741927689834
5,31,0.14641688983686424,0.36379621199323436,0.32248757585890164,0.21019322800601337,0.17006965362689336,0.10600287804480978,0.00050754114951798,0.00032493928075588,0.7,0.2,0.4,50,0.1087850397569356,0.3086252431816179
5,32,0.14462992894618013,0.35784961313271213,0.32210462471123336,0.21494933668978952,0.12737830337854045,0.1089650882891434,0.0006761586891996699,0.00047537587704023004,0.7,0.2,0.4,51,0.1101314644218035,0.3248786583280422
5,33,0.13944315848691538,0.3408299025150725,0.3023150635655965,0.21332530296503044,0.14278994306052653,0.1086800987436439,0.00064749173849923,0.00041453880144128,0.7,0.2,0.4,52,0.0933462459509132,0.3959480361727564
5,34,0.1317805551710862,0.2893797768272222,0.23419571803789896,0.22561286834890038,0.13007863080810522,0.1197095739323093,0.0006859300190907799,0.00048074657036666004,0.7,0.2,0.4,57,0.0935232154705271,0.2885301289215045
5,35,0.1224746236476721,0.2712523362514299,0.2208443680699635,0.23195788101171755,0.10141396578426934,0.11220165597174407,0.00070783906542162,0.00051032559870932,0.7,0.2,0.4,60,0.0702703012755516,0.2950169472028297
5,36,0.10997569735760769,0.20975719390811912,0.1489763228130886,0.2360422817019192,0.1667381350559158,0.1141732404589669,0.0007138597288643899,0.00051402498048928,0.7,0.2,0.4,63,0.0718000148501834,0.4405652886317992
5,37,0.10583602046421135,0.19625609468361838,0.14030851631293,0.2335919565095435,0.11280437868711152,0.11282143857597224,0.00068610626717257,0.0004942521710840501,0.7,0.2,0.4,65,0.0688923297054486,0.4174813359884323
5,38,0.10088188845315872,0.15739834907666111,0.09463219205206871,0.2518198851094859,0.10614049691978054,0.11633390625126086,0.0007104070152984001,0.00052225201344867,0.7,0.2,0.4,72,0.0430216491736678,0.3681945562536842
5,39,0.09769468231239387,0.1462141658645469,0.10221979440620874,0.2940635339166603,0.0941191689468675,0.11711731346292509,0.0007093778074386601,0.0005128364567984201,0.7,0.2,0.4,80,0.0566360084043326,0.3804431125725896
5,40,0.09762612407134308,0.152603328144389,0.12344901692419316,0.32183853199357126,0.08362054166291473,0.11727587300379526,0.0007116025885359,0.00051305023445677,0.7,0.2,0.4,84,0.0564305937264453,0.3974405838081531
5,41,0.09564541403205992,0.14876161449089367,0.11924054191522572,0.3339528658510152,0.08559273748152645,0.11496512317151349,0.00070749533055933,0.00051267157399803,0.7,0.2,0.4,86,0.0561736204632358,0.3643889834634231
5,42,0.0971449490046512,0.1457108627821873,0.11530450881379037,0.32768922888444013,0.10487915854032935,0.11828187356883467,0.00069848567668461,0.00050179766936739,0.7,0.2,0.4,87,0.0529036490569208,0.392201194102895
5,43,0.09741211663408932,0.14779093847262417,0.12452926720352825,0.35622835208611586,0.09299340923866857,0.11914409441739474,0.00071016292747933,0.0005128114845459199,0.7,0.2,0.4,88,0.055808593737536,0.3910889820844473
5,44,0.09792813368194891,0.1437862291546933,0.11285246133152117,0.3387293009973231,0.08836521359994728,0.12010209238744318,0.00069879878644705,0.000497293670781,0.7,0.2,0.4,89,0.0561956466322229,0.3295454370972435
5,45,0.09344256732187377,0.12852221322428833,0.09549743637011399,0.3503242042509556,0.09492372979559054,0.11638142675610297,0.00072583070798124,0.00052287796114581,0.7,0.2,0.4,93,0.0558053247317289,0.3733742634396829
5,46,0.09679418141109329,0.14191732255422396,0.13122614185283732,0.4156604283192889,0.08599409309259091,0.12124895475845154,0.0009793073276516098,0.00071046767401681,0.7,0.2,0.4,101,0.0554624099647282,0.4634577598453461
5,47,0.09728249169037038,0.1408230188457834,0.12982625748426155,0.41958018063218533,0.0937584390708276,0.12236317700660646,0.0009877788996455398,0.00065148115060502,0.7,0.2,0.4,102,0.0627880985672723,0.4219324049724146
5,48,0.09346100566574844,0.13958920085494778,0.135890222581032,0.4045492404435991,0.08428277273505815,0.11732742633763998,0.00072672101430277,0.00051538715613676,0.7,0.2,0.4,105,0.0545871031401617,0.3657685928719412
5,49,0.09406973851188138,0.1052361320316701,0.08804913318959974,0.40370055466610477,0.13783191597327096,0.12528937352323224,0.00070163509425124,0.0005156117612172999,0.7,0.2,0.4,108,0.0546492328870432,0.4660779406411592
5,50,0.09314133631572905,0.10131836655002002,0.09037787173721099,0.45367471610087756,0.0926349975472745,0.12536620222694606,0.00071367890319408,0.00051759757667097,0.7,0.2,0.4,115,0.0532177566956333,0.4609959001397377
5,51,0.09347991117727207,0.1090771167575988,0.11997864650622858,0.4533743928826121,0.10659712837173693,0.12661936202655447,0.00070875381480136,0.00051790844951448,0.7,0.2,0.4,116,0.0497116796035969,0.4563374320487988
5,52,0.09293595890890445,0.10048755943560586,0.09624314903622562,0.47156724441549613,0.08909429630061591,0.1259663792047792,0.00070845103736248,0.00051662687041817,0.7,0.2,0.4,121,0.0517436188384351,0.4622678995972953
5,53,0.09121403641559696,0.10302355610192175,0.11321168365005213,0.46824788793578775,0.10221496696822069,0.12409525747024072,0.00075734380295951,0.00058803220650335,0.7,0.2,0.4,122,0.0444193555098827,0.4670006864394329
5,54,0.09078033015037325,0.09107447649184604,0.09228225421388994,0.4743467390029876,0.12451070168270555,0.12502717293642548,0.0007482011256034801,0.0005821565210569,0.7,0.2,0.4,123,0.0443578970494318,0.4489416405902904
5,55,0.0908710521021608,0.08837230870251338,0.08905664919882675,0.4780717865418788,0.09492005088803371,0.12569297232652868,0.00075847623091467,0.00058883206940096,0.7,0.2,0.4,125,0.0428138998311704,0.4575185028217913
5,56,0.09193294279072672,0.09211937224068276,0.1001257558983847,0.563591789199418,0.08989857628785725,0.12740491226079803,0.00075243543645861,0.000601175841194,0.7,0.2,0.4,140,0.0432188472812557,0.4565636900885147
5,57,0.09134234678820688,0.10102189619339921,0.1312647431366454,0.5981784984902297,0.09175657097821954,0.1268817347203658,0.00075511960058416,0.0005884782794564199,0.7,0.2,0.4,143,0.0436965792445827,0.4573471917787536
5,58,0.09009888173001236,0.1033813515181753,0.1411186863796836,0.6084121827702412,0.08841897061491763,0.12507333384699454,0.0007858487713162099,0.00066112556762067,0.7,0.2,0.4,144,0.0428404072349306,0.4480866779986995
5,59,0.09081836636450545,0.09419054322630131,0.11643368623319807,0.5924301009123932,0.09291637592581728,0.1266405662051011,0.00074636226735221,0.0005684504725218,0.7,0.2,0.4,147,0.0460790292225789,0.4587068538992507
5,60,0.09042005077739179,0.09620212159271851,0.12571670422588133,0.6201644548593622,0.09031400123813917,0.12630321940912848,0.00076002628280302,0.00058529479127012,0.7,0.2,0.4,151,0.0436428000078718,0.4569031520824214
5,61,0.08885481693284962,0.10760136576202534,0.16682266377047025,0.6415864058500724,0.0884594506314334,0.12444387635337893,0.0007438914771939499,0.00055400161587004,0.7,0.2,0.4,160,0.0460086494768577,0.4450125577831667
5,62,0.08860058058412955,0.09704803312539646,0.14070430057799171,0.7125222690129202,0.09027116213064545,0.12456841625129093,0.00076263284322573,0.00062378519184322,0.7,0.2,0.4,165,0.0451569926174904,0.4624234299113368
5,63,0.08865851882055435,0.10688470494026718,0.17283197409181333,0.7915262320839611,0.08818288155822766,0.12488547493834667,0.0007862981389595199,0.00063899666276292,0.7,0.2,0.4,183,0.0417902335956746,0.4393934971605469
5,64,0.08840480641237794,0.09643060998655702,0.15365670245924612,0.7821397278115402,0.10349118742467772,0.1257154095032062,0.00076388982528731,0.00062810448769035,0.7,0.2,0.4,185,0.0436947489325206,0.4563386236832153
6,0,0.8754318446897421,0.9572691796820496,0.9502199817200077,0.13746504115180636,0.0,0.0,0.0,0.0,0.7,0.2,0.4,1,1.2918299844936891,0.7654394277596868
6,1,0.6914510439236617,0.9206369848502739,0.8891728882232444,0.18055260732588813,0.29365968429365463,0.0990945486300554,0.0005772861909398,0.00010868788655040999,0.7,0.2,0.4,3,0.8059788252358675,0.529341905996007
6,2,0.4459132574732698,0.7623490520223335,0.7117916841380062,0.13966980430352152,0.7083997494061449,0.09809090385432175,0.00026890202031577,0.00024537617863527,0.7,0.2,0.4,4,0.7536835700088409,0.2544359460734506
6,3,0.38459083763165935,0.7088871476778071,0.6494176840071078,0.1298221231828321,0.18078704768312145,0.09901993998925682,0.00010473952085186999,0.00010356570845783,0.7,0.2,0.4,6,0.5028582363413017,0.1454939149295436
6,4,0.362804518028378,0.6912939744872877,0.635901486231746,0.1299307720459792,0.11188211813599451,0.09833193590406498,0.00014171085737278,0.00012103881868156,0.7,0.2,0.4,8,0.4606085530489451,0.1666429394212899
6,5,0.35394003654852996,0.6787739619240184,0.6144153885974979,0.1296493352585442,0.1062363299218275,0.0983330645603096,0.00011083423061804001,0.00011083091627643,0.7,0.2,0.4,9,0.4604095284168389,0.1308579091808989
6,6,0.3269503156545737,0.6531147515635387,0.5913612074878447,0.12750063310535775,0.13043413404512041,0.09886129280385966,0.00015056653760408,0.00013990686148797,0.7,0.2,0.4,11,0.4230709983047879,0.1591257784313524
6,7,0.30764211712959966,0.633134908721456,0.5741440925991904,0.1291351124340693,0.13393320528068392,0.10608811447337252,0.00024547912020417,0.00022643819096960003,0.7,0.2,0.4,13,0.3702188636651637,0.1453662749446186
6,8,0.3030120126577455,0.631542901639535,0.5796306694424243,0.13758890869120824,0.07509530339903163,0.10234273571135187,0.00017363237194760998,0.00016448068254571,0.7,0.2,0.4,16,0.3918109505965487,0.1088555071706347
6,9,0.29646918166239944,0.6239204238649235,0.5711282283987548,0.146663668903009,0.09145071970217318,0.0991056099212813,0.0001404495169472,0.00012489583575809002,0.7,0.2,0.4,17,0.4077091285883222,0.1212520623032152
6,10,0.2807338315400836,0.6042501771062553,0.5538148513166469,0.15479946453662993,0.1418126274221207,0.1102343161718885,0.00029728274335124,0.00027766026627834003,0.7,0.2,0.4,19,0.3206759778211395,0.0825775427081971
6,11,0.2738542841268947,0.5960693526290475,0.5448782035041124,0.15265505519192277,0.0926397048553764,0.10512758534711619,0.00024319916256723998,0.00024328518997960002,0.7,0.2,0.4,20,0.3289563891700029,0.0782997349418763
6,12,0.2534892503410111,0.5641170753272478,0.5070576905986104,0.14534349856847395,0.2240788458108427,0.11022503906721162,0.00034717915343264997,0.00032017862003561997,0.7,0.2,0.4,21,0.2454994947218698,0.121340347702289
6,13,0.22317088459937703,0.5285810218740516,0.49338904018418334,0.17717688575210191,0.1023193624792149,0.10918242925391634,0.00038253664950311996,0.00029502850022711,0.7,0.2,0.4,29,0.2642851164028409,0.0853475492666221
6,14,0.22102775253727386,0.5284212433353599,0.5001406438708325,0.17593100350907886,0.09092835531672158,0.10894662707386493,0.00031426355452786,0.00020313838505690997,0.7,0.2,0.4,30,0.2444693932682299,0.107495222688897
6,15,0.14616690445162947,0.34343443831115394,0.2773973086616169,0.14120702055296863,0.4569561486262076,0.11181675386546942,0.0003486183989997,0.00027409739878275004,0.7,0.2,0.4,32,0.1808265664765835,0.0841599397458868
6,16,0.1404206071964282,0.32602748874698334,0.2638772544583759,0.14745081503589164,0.16899321330524852,0.11306700660198421,0.00035079786582354,0.00026260611176954997,0.7,0.2,0.4,33,0.1886615961253025,0.0778539651300707
6,17,0.1393334310050472,0.3235721362405072,0.26109394513422374,0.1495422398339185,0.08756180558147175,0.11240065888742543,0.00034901783690018,0.00026139342124208,0.7,0.2,0.4,34,0.1880222758750017,0.0768344861051215
6,18,0.1389218379184141,0.32569947051658843,0.270472105739066,0.15455913249733186,0.08487989876874348,0.11242158642081984,0.00034398290662557,0.00026254815897396,0.7,0.2,0.4,35,0.1879476971560919,0.0748019709279837
6,19,0.13644821060873172,0.3182948106320861,0.26192409985197973,0.15288288591199606,0.10699067653033499,0.11174588634562108,0.00034216353731876,0.00026128779375753,0.7,0.2,0.4,36,0.1862377665511737,0.0722417704737509
6,20,0.12266838968145088,0.2590361820089831,0.1858072562626004,0.12954949362640666,0.1378912652353504,0.11330780919157009,0.00033840325117935,0.00025997605116229,0.7,0.2,0.4,40,0.179182000081124,0.0801368596567674
6,21,0.12015796716668814,0.25310010596514365,0.18583433779246228,0.14154155119051934,0.0923636744676144,0.11292927175809489,0.00041282114920391003,0.00027592072249695997,0.7,0.2,0.4,43,0.1819194830962744,0.0808985709293193
6,22,0.11832774413615471,0.24423464335035136,0.17546644480186366,0.15374397454196517,0.09181602493582242,0.11329241752054928,0.00035856912528336,0.00027220478557253,0.7,0.2,0.4,46,0.1781127807320817,0.0785233114159254
6,23,0.11820893408680638,0.24602494057785454,0.18438642575252942,0.11316995462641877,0.08230410422014356,0.11387478121489371,0.00037948679259637,0.00027136991137803,0.7,0.2,0.4,50,0.1734388547474688,0.0812111584475889
6,24,0.11779239165625242,0.24681918651938475,0.19216004987645646,0.1872950248220068,0.09382835062222919,0.11434924891795108,0.00036439245413954,0.00026473877405254,0.7,0.2,0.4,51,0.1717258084791053,0.075928434753284
6,25,0.1160013695841781,0.23958973408599193,0.18377996428846008,0.1926408319491733,0.1085371536906128,0.11399828923763591,0.00033287856995713,0.00025815469898451997,0.7,0.2,0.4,52,0.1767571802244958,0.0814303523965134
6,26,0.11376600118490114,0.23423869211864415,0.18450328533577007,0.21033762334065254,0.09170873738729943,0.11353947574493758,0.00033426923334177,0.00022857313659138,0.7,0.2,0.4,55,0.1865003397076461,0.1042118261248492
6,27,0.11065725320280631,0.22066745979936456,0.1687507455388109,0.21310777771730852,0.10643379944152585,0.11301827322457653,0.00033824048664555996,0.00026707310368241004,0.7,0.2,0.4,57,0.1913235687528323,0.0903403806933205
6,28,0.1090004664407508,0.21610021206763907,0.17032726028526274,0.21345475262101965,0.11358921670064304,0.11307187712714199,0.00033260988226139,0.00025167959535799,0.7,0.2,0.4,58,0.1908252799087929,0.0761849681077515
6,29,0.1087851879079227,0.21873627694084077,0.18030041281903905,0.2226614250401845,0.081534653068784,0.1130716995643357,0.00033285505744781003,0.00025180315086748,0.7,0.2,0.4,60,0.1912767347759839,0.0751302174199774
6,30,0.10878518791148169,0.22244745049429399,0.19152603101932936,0.23222181269007236,0.07931758002432869,0.11307169954360045,0.00033285505735954,0.0002518031507412,0.7,0.2,0.4,62,0.1912767347303678,0.0751302175732274
6,31,0.10781691991649829,0.2141288427494267,0.17494392002912637,0.23177758640776788,0.0979792202629617,0.11297005922468663,0.00034771282619526,0.00025524041386222,0.7,0.2,0.4,63,0.1911752027646562,0.0754938456036566
6,32,0.10700081318420773,0.21361595292764005,0.18124625623810056,0.2473122414503959,0.08800643231052241,0.11299123525287358,0.00034709548660326,0.00025449587587465,0.7,0.2,0.4,65,0.1914321853072374,0.0719043620301764
6,33,0.1068968597243373,0.21479858018358258,0.1894471723504292,0.29882681976430625,0.08087183212888037,0.11365880805699803,0.00035266217696777,0.00028094977327832,0.7,0.2,0.4,76,0.1804291733528223,0.1086527316910667
6,34,0.10686452568432203,0.21354236365623397,0.1879409123325727,0.3160576740066793,0.08208742786937379,0.11403180167323435,0.00034749709644354,0.0002794449819741,0.7,0.2,0.4,79,0.1788027084962075,0.1157077809630741
6,35,0.1028689439700559,0.19413535097235546,0.15864226834262687,0.31487266069931247,0.10844350068062543,0.11221156370360603,0.00033658863297304,0.00025554959514441,0.7,0.2,0.4,81,0.1749924586308812,0.1143636729153386
6,36,0.10322319695613841,0.19670147877842853,0.16841982194112165,0.3254056690257497,0.0869968541956776,0.11317922338386711,0.00037203000543886,0.00027377577143356,0.7,0.2,0.4,82,0.1760870426603335,0.1148424620331063
6,37,0.10138741597546705,0.18939977324111854,0.16001713584018504,0.32690146216297383,0.10628800482229943,0.11228164238298838,0.00034266352862423997,0.00028976936926313,0.7,0.2,0.4,83,0.1754556773293786,0.116389845551142
6,38,0.10169194142633649,0.192859340296753,0.1708790681739725,0.32924345109277564,0.08204885970585978,0.11288981992091057,0.00037144016549311,0.00028068216287562,0.7,0.2,0.4,84,0.1725854005477021,0.1121760523244177
6,39,0.10059075745484258,0.1853570229844519,0.15532267254843807,0.33646246313379535,0.09214664445327019,0.11214340098633342,0.00036626524101512003,0.00028922421040406996,0.7,0.2,0.4,85,0.1716544790957941,0.1159896411713245
6,40,0.09973734118327791,0.18663846071681264,0.17057488003424753,0.3704233031422601,0.0822714004683745,0.11252405562434625,0.00034439021611402,0.00031695593517092004,0.7,0.2,0.4,93,0.1746463917556863,0.0995865834565085
6,41,0.1001615163313212,0.19666819608910854,0.20284309934755734,0.40696719408634036,0.08065849128764545,0.11358913493458,0.00038471838335536,0.00029350708926645,0.7,0.2,0.4,101,0.1754927089919158,0.1015574138409957
6,42,0.0985642253523576,0.1860655865892993,0.19045043768871955,0.42531152322237015,0.10232775762284615,0.11396386280514505,0.00036843948642029,0.0002665039371915,0.7,0.2,0.4,103,0.1660818975889492,0.0891555798941012
6,43,0.09805889604064343,0.18800198874448257,0.19964887739446258,0.4780657561476089,0.08024663204878231,0.11358895315629601,0.00038100220022439,0.00030439596812748004,0.7,0.2,0.4,115,0.177251176800986,0.0856217952552906
6,44,0.09824658271370358,0.20272258981352329,0.2443665761360341,0.5156771765323152,0.08030231676269282,0.11396356536409788,0.00036652469452856,0.00026589401757259,0.7,0.2,0.4,119,0.1659581015059591,0.0892311383900976
6,45,0.09820170962033117,0.19490698552388763,0.2214531150094161,0.5120806992167691,0.08170282178428953,0.11399830452220204,0.00036688247051631,0.00026649480424318,0.7,0.2,0.4,120,0.1678416121186698,0.1033475176834096
6,46,0.098125721555985,0.1944812208888178,0.2209581482632003,0.5310231595921254,0.08083754052050551,0.11398934121561363,0.00036781687083633997,0.00026598184921929004,0.7,0.2,0.4,122,0.1701252369136958,0.1030563286898758
6,47,0.09735643214581995,0.19137156121566365,0.2173854029347221,0.49605241946668377,0.0913174620430852,0.11351835427190123,0.00038206853667105,0.00032677305534396003,0.7,0.2,0.4,123,0.1568451658233246,0.0799471988330425
6,48,0.09717004315247021,0.20526981315908885,0.2611916071477104,0.5763064028522721,0.07989746303954522,0.11335422327435171,0.0004055025295325,0.00050696287025164,0.7,0.2,0.4,137,0.169136408801282,0.1049143272314735
6,49,0.09717004316553089,0.22382568107611372,0.3173196982989206,0.6307976799791786,0.07963193413776197,0.1133542232661838,0.0004055025270394,0.00050696307790341,0.7,0.2,0.4,144,0.1691364093329167,0.1049143260627776
6,50,0.09721053136389891,0.19708339641797684,0.2378170218980797,0.6190630729682,0.08118351316044335,0.11373384173339002,0.00038308248789918,0.000357506484583,0.7,0.2,0.4,147,0.1668047911000997,0.0836390745323601
6,51,0.09712808221376837,0.19659150965827757,0.23724437097134107,0.622814477115983,0.08185003388959299,0.11373006624063056,0.00038398110450482,0.00035767878592573,0.7,0.2,0.4,148,0.1678511154724203,0.0823629512729641
6,52,0.0968505572172605,0.20685645953624163,0.2699364203020992,0.6423516723715971,0.0825312036773891,0.11351107741807123,0.00038547737285542997,0.00033007763650735,0.7,0.2,0.4,149,0.1594040636088432,0.0820756606441533
6,53,0.0967425525616588,0.2249123726772278,0.32548785849021733,0.6655095916504814,0.08148047004326227,0.1133542232661838,0.0004055025270394,0.00050696307790341,0.7,0.2,0.4,150,0.1690352185258104,0.1016731995339968
6,54,0.0966544790642035,0.1937701954783427,0.23396052114503058,0.6497892144602353,0.08665774029650353,0.11370388689805262,0.00038737809369481,0.00035799512927489,0.7,0.2,0.4,151,0.168767310057195,0.0881224739835309
6,55,0.0963076604650075,0.198544653576726,0.25331168675814114,0.665018447740816,0.08178018383576088,0.11384402904588696,0.00038455839804253997,0.00034698967684282,0.7,0.2,0.4,157,0.1677850089031556,0.0860874589343477
6,56,0.09581486358796126,0.19599638420854357,0.25035892531952236,0.6800836494735462,0.09001940374685306,0.1137050587248655,0.00038352544757138003,0.00034987180912629003,0.7,0.2,0.4,158,0.1666257699975269,0.0898864605372455
6,57,0.09574163416952863,0.19558655957799756,0.24988313284739652,0.6839217147110362,0.08143742568786796,0.11368728750795103,0.00038390670433546,0.00035591604758914997,0.7,0.2,0.4,159,0.1680253168309455,0.088421662509361
6,58,0.09572817098676212,0.19550233291351463,0.24978501404899575,0.6878582345324814,0.08014857924968745,0.11368752702405656,0.00038399121944586,0.00035540262009946,0.7,0.2,0.4,160,0.1680520288451341,0.0884279218918614
6,59,0.09569226873031443,0.1989796784571467,0.2607379209473382,0.6959140964299265,0.08012707157444768,0.11369001257732005,0.00038247032248138,0.00035624542672851,0.7,0.2,0.4,163,0.1681907868303122,0.0884365879611581
6,60,0.09555072710960047,0.1979296166099794,0.25950985669270404,0.7077210916161735,0.08425259195709485,0.11373171685464702,0.00038787421125708,0.00035281107188636,0.7,0.2,0.4,164,0.1715813369872777,0.0887105360205347
6,61,0.09479795881086157,0.22333503958900486,0.34433933259719945,0.8457044457376944,0.08042983385613772,0.1136116546282344,0.00045471467014503,0.00029923700146676,0.7,0.2,0.4,189,0.1626596063943424,0.0750190639646528
7,0,0.905318246665705,0.9680305410738846,0.9627565505404128,0.13903038197292747,0.0,0.0,0.0,0.0,0.7,0.2,0.4,1,1.1541445834047928,0.7488844800201104
7,1,0.6175850749007206,0.8783977344579827,0.8399734109361572,0.16871577425302767,0.39761165045338187,0.09897719381661708,0.00047654811735325003,0.0002443317820334,0.7,0.2,0.4,3,0.8107519517804462,0.4675689842327974
7,2,0.501730016434898,0.8047398576850066,0.7610689875225477,0.15194789269388215,0.37323923619819094,0.09904841808997954,0.00024369351603665,0.00019844391814372,0.7,0.2,0.4,4,0.4875145760901389,0.227002351418749
7,3,0.5033938271106422,0.8103682420724713,0.7741084921047547,0.15896613442879587,0.07329737381526635,0.10263661145331897,0.00030414562290385997,0.00024767113248195,0.7,0.2,0.4,6,0.4727070555300225,0.2086597881057623
7,4,0.3642713865157922,0.6927704282342491,0.6381011194188337,0.1282473670763567,0.2961532461732675,0.0941599953438294,0.00013967880710329,0.00015486551661298998,0.7,0.2,0.4,8,0.4721131715272664,0.1636736079826306
7,5,0.3499075559297156,0.681739776489503,0.6316719524854126,0.1305435003082154,0.10533366503525866,0.09828521384944937,0.00018281792782072,0.00020269497875319,0.7,0.2,0.4,10,0.4577319246937703,0.147956644754708
7,6,0.34894343191830507,0.6806813313679916,0.6303004044327936,0.1381561058564163,0.07758655243512583,0.09947067312254113,0.00019803366794387,0.00021956506451415,0.7,0.2,0.4,11,0.4575419170398873,0.1465910774698909
7,7,0.3481504929181724,0.6797913684809677,0.6291191251741949,0.13853995313506687,0.07791688355149316,0.1007386771284205,0.00018818252339679,0.00019529643097436,0.7,0.2,0.4,12,0.4586586551221023,0.1614763199960639
7,8,0.32931968304331494,0.6617693104690475,0.6093073774088549,0.13857887135498562,0.08078758018480342,0.09003066605749435,0.00090914961067096,0.00064053327775355,0.7,0.2,0.4,15,0.3620805680656263,0.2426554576944818
7,9,0.3049870488588798,0.636512779180653,0.5872955436516684,0.1348565206860287,0.11042753418960415,0.0856915592740917,0.00073813273689163,0.0006053679629674801,0.7,0.2,0.4,17,0.3135236219989429,0.2160328662892008
7,10,0.30989807968895694,0.6396079359959994,0.5887288804167689,0.15846045529679478,0.08173415577581915,0.10467486449743744,0.00052712029862731,0.00041187589438195003,0.7,0.2,0.4,22,0.2659890436444586,0.1447452192766157
7,11,0.29886747056292695,0.6306527422185618,0.5858740908563188,0.15647223636640825,0.10481692411763972,0.09871456525571137,0.0008915086774147201,0.00042346031779497996,0.7,0.2,0.4,23,0.3753098396177309,0.1515903915560549
7,12,0.27958448836317795,0.6123046114947251,0.5729275899453693,0.14816110757446085,0.11300983039480422,0.0854780828527943,0.00068861912066286,0.0005589590443879101,0.7,0.2,0.4,24,0.2739259442015277,0.1762896145514444
7,13,0.28278419388326664,0.6153527897498016,0.5758676135372235,0.15448494888607692,0.06660772488650754,0.0908034439602742,0.0006584395144398,0.0005142104311155399,0.7,0.2,0.4,25,0.3182902760884384,0.1544341280557641
7,14,0.2794884158823758,0.6120035483466963,0.5724810546888744,0.1484962056421017,0.06170598451525691,0.08629872820344113,0.00069703656165295,0.00057049170047396,0.7,0.2,0.4,26,0.2756548067862169,0.1747394920632258
7,15,0.27290655125046437,0.6028594477948147,0.5668743878221849,0.17477851452304694,0.10518953368180614,0.10245492551002756,0.00057750978724743,0.00048806206231055,0.7,0.2,0.4,29,0.3198525958229525,0.1547868916321929
7,16,0.27560789026529536,0.6006561540609782,0.5564836942610791,0.16868680355603466,0.094410125219524,0.11033898765775263,0.0007051277961542299,0.00059469990289954,0.7,0.2,0.4,30,0.3233996936661433,0.1217704438044309
7,17,0.2698311106862706,0.5977812519740843,0.5606768498032374,0.18085587351533805,0.08488696313823828,0.10478991419899952,0.00081450026416178,0.00055062728439379,0.7,0.2,0.4,31,0.3423596080386028,0.1057386598197276
7,18,0.256764961950038,0.5815143762536891,0.5483958472311216,0.1815093384068006,0.16337293060696167,0.1068531125885639,0.00067704149443142,0.0005373289294461801,0.7,0.2,0.4,32,0.2944398050714886,0.1014210434965552
7,19,0.2540263274050395,0.5735975627795318,0.5322697481010514,0.1717413469540927,0.0838444478973149,0.10683395648162579,0.0007865485642768001,0.00053105793510342,0.7,0.2,0.4,34,0.3231234661378795,0.1040855589811656
7,20,0.2503608255241721,0.5718130895249705,0.5371563005369143,0.17853528546260566,0.08179808378891293,0.10632572416127652,0.0007038914529832699,0.0005048222464553201,0.7,0.2,0.4,37,0.2892470031151864,0.1005435108517978
7,21,0.24175046747939952,0.5597614617801551,0.5235757763727283,0.17456558360466792,0.11021838190223096,0.10231720429631601,0.00068066375993007,0.00057162868825817,0.7,0.2,0.4,38,0.2899318955693913,0.1068279252901123
7,22,0.2335254472701138,0.539185080337229,0.4919193175240116,0.18001040002889246,0.12130854391954292,0.10913543322595473,0.00080601065873542,0.00044919435301005997,0.7,0.2,0.4,40,0.2342581902109277,0.103138450266306
7,23,0.22107971845369373,0.5200753971334997,0.47639887633875383,0.17960927480198333,0.17640768940730217,0.11044697325415312,0.0009378474566717201,0.0005192089078891601,0.7,0.2,0.4,41,0.2695520833804729,0.1003132775229754
7,24,0.21810650102162438,0.516337541443499,0.4723405516839689,0.1802765538237822,0.08492545781445505,0.10797682024164752,0.0007665397904295499,0.00043969296426354,0.7,0.2,0.4,42,0.269027423749603,0.1247553859691394
7,25,0.2172898502897409,0.511970170612191,0.46678666694780124,0.17808183426125782,0.10697603184608943,0.11189739476801946,0.0009258420606610199,0.00056120732609178,0.7,0.2,0.4,43,0.2318845815302561,0.1231750935962331
7,26,0.20431749798787716,0.49327876776329416,0.45242707320284975,0.18090924859142735,0.15514358026198585,0.1075722635041507,0.00075089047603114,0.00044186814453460005,0.7,0.2,0.4,44,0.2348095338021875,0.1083368324763413
7,27,0.19759222717902103,0.4809179514754513,0.4382427888304093,0.1831464768510516,0.12004088874923666,0.10570862383711838,0.00067697578762166,0.00047212984001667,0.7,0.2,0.4,45,0.2205266680195288,0.1110582746631441
7,28,0.19140760389831332,0.466906109898219,0.4217997854143475,0.1846582843987224,0.1356448397277865,0.10671403361908904,0.00076472049138674,0.0004815851122911,0.7,0.2,0.4,46,0.2262100351329711,0.0904573067762682
7,29,0.1881590354728703,0.46651569060487963,0.4286640880354558,0.20915190239152429,0.07332862495794056,0.10308798858991988,0.00073008053080161,0.00052657346840547,0.7,0.2,0.4,54,0.2480584495884976,0.1031801655392846
7,30,0.1881038977326165,0.4697679912120885,0.43930810686497107,0.23955921519861556,0.07331495371625586,0.10349421192371411,0.0007408040575799,0.00052329796500962,0.7,0.2,0.4,60,0.2508137931696476,0.1021533545837984
7,31,0.1853527948710287,0.46761379912787654,0.4437291095522651,0.2351597803618388,0.09611582994308404,0.10324335509539008,0.00073239542635497,0.00053653908159202,0.7,0.2,0.4,61,0.2442225409131774,0.0984374463916031
7,32,0.18456728815281265,0.4655759307848377,0.4413172042732487,0.24448633561014624,0.07402969156212244,0.10356253381487328,0.00076329464269445,0.0005358954129835701,0.7,0.2,0.4,69,0.2485014730413144,0.0965392830382511
7,33,0.17933340859047797,0.4657469181745904,0.4623458615465884,0.2765388287180387,0.07914134816411025,0.10255302576794889,0.00066262272402294,0.00049207164187163,0.7,0.2,0.4,75,0.26730689077135,0.0883786111885815
7,34,0.1807113460156471,0.4704337059245865,0.4744302479860333,0.3399702020716829,0.07398296519877522,0.10490028430487147,0.00079613348331801,0.0005274780806013201,0.7,0.2,0.4,91,0.2074140681388199,0.0824233409076011
7,35,0.1777275150684589,0.4719879185846109,0.49018079484684834,0.3727947884114888,0.08338757721261231,0.10367116913534491,0.00079126122684602,0.00062774672431273,0.7,0.2,0.4,93,0.2529929039856699,0.0754626459380882
7,36,0.17475370546500524,0.4763898318284236,0.5160550016895777,0.4243679055233865,0.08166541842290273,0.10329696724639574,0.00080940821089911,0.0006745923807360301,0.7,0.2,0.4,96,0.228870511915814,0.0935660893149455
7,37,0.17314677589952093,0.47253947727194895,0.5115723186913337,0.4232837422381825,0.080630561501724,0.10327751254045789,0.00081268822018242,0.00066434142436584,0.7,0.2,0.4,98,0.2282959473031987,0.091518381951353
7,38,0.17305042145852134,0.47235941372699625,0.5113687058968974,0.42320644869900037,0.07297836873979219,0.10322389198547882,0.00081159262500527,0.0006646857579097599,0.7,0.2,0.4,100,0.2282261631026794,0.0913672615988011
7,39,0.17290607532110452,0.4719470397627629,0.5108812170552371,0.4267394481543876,0.07428711681274917,0.10328897400718627,0.00081357227180275,0.0006583647107137401,0.7,0.2,0.4,101,0.2341366226149492,0.0912746300603943
7,40,0.1735665928836765,0.48704379697434386,0.5559213363294309,0.5183193977969549,0.07385414374013613,0.10468340977662209,0.0008204806264411399,0.0005779764588242,0.7,0.2,0.4,129,0.2237386802150805,0.0888044372696931
7,41,0.17253039971486056,0.4871472775797359,0.5628224149581506,0.5288314178874463,0.08390779781518994,0.10574109183730722,0.00082193697653497,0.00057136923643149,0.7,0.2,0.4,131,0.2115265455428966,0.0939386740145361
7,42,0.17228950931639447,0.49764431244358154,0.5957529648308685,0.5970899606276946,0.07483762562345009,0.1057816872524757,0.0008230020358211699,0.00057231119997438,0.7,0.2,0.4,138,0.2117322253157438,0.0949435898199938
7,43,0.17383926816706569,0.5046848858615935,0.6108029295646095,0.6709899972478359,0.07511089360996888,0.10624483431676204,0.00082848000905875,0.0005829625707377401,0.7,0.2,0.4,149,0.2053699059553133,0.0945096785597426
7,44,0.1712710366660222,0.5099791749577715,0.6377337674954968,0.7082129499379016,0.07502362901982777,0.10576857703919457,0.00075549656229296,0.00059589640468768,0.7,0.2,0.4,155,0.2302286448822742,0.0861759649087726
7,45,0.17520592034793864,0.512577022996248,0.6269980374946197,0.727258119694611,0.07417212966826711,0.10538228776601022,0.0008283320432708,0.00059440886254363,0.7,0.2,0.4,159,0.2089925135613328,0.0904302650677549
7,46,0.17238079483369564,0.5010194715359222,0.6065244873815514,0.6700048935664759,0.08056559305759169,0.10632087947181937,0.00080399595053759,0.0005874953623978,0.7,0.2,0.4,160,0.2061472473667967,0.091075172292244
7,47,0.17471903422054683,0.5070120401970833,0.6135346134406529,0.6715478935519075,0.07876441706124335,0.10606008443682657,0.00083017106564683,0.00059227081002729,0.7,0.2,0.4,161,0.2067181204571349,0.0919969477784116
7,48,0.1703803986711282,0.5002325551697174,0.6125635669806404,0.6725009854366799,0.07450971196307798,0.1058733989801507,0.00076775845504078,0.00057655476887535,0.7,0.2,0.4,162,0.2193718491457772,0.0929843783050899
7,49,0.16988046620902414,0.49893380188316094,0.6110461130835454,0.6725360643659065,0.07998296853034796,0.10591678229812869,0.00076484907420535,0.0005693599937723101,0.7,0.2,0.4,163,0.222364551419958,0.0924509938752271
7,50,0.1697932300723234,0.4984894706658859,0.610504033205954,0.6840877820723493,0.07589430195967957,0.10612633033965185,0.00075809546694263,0.00057673011480493,0.7,0.2,0.4,165,0.224818745767303,0.0923683916873142
7,51,0.16946973152969036,0.5017334764854674,0.6212231974524832,0.6833600392388854,0.07493590225372602,0.10579865577112753,0.0007704005744718801,0.0005720277539837399,0.7,0.2,0.4,167,0.2218497954974207,0.0954582126740379
7,52,0.16923768650393303,0.5009080088373065,0.6202358935737072,0.6907428057288404,0.07863458833204877,0.10602737742731898,0.00075404988771458,0.00056847646798115,0.7,0.2,0.4,168,0.221872219984429,0.0932273154517127
8,0,0.9178053352024436,0.9724261208269683,0.9678772743540017,0.14025542983176129,0.0,0.0,0.0,0.0,0.7,0.2,0.4,1,1.1201489415408,0.7470091370828302
8,1,0.8458608832027974,0.9889577483013283,0.9755134031204409,0.20142029953384508,0.1816696065170251,0.1006357974038261,1.3790800725030001e-05,1.619752170931e-05,0.7,0.2,0.4,3,0.8153967211162997,0.548089414870394
8,2,0.49866765897003734,0.8021992655317399,0.7583149265407498,0.15034100008714862,0.8292999676604316,0.09722668958767991,0.0002608486518695,0.00026128618290826,0.7,0.2,0.4,4,0.4957824132122275,0.2288750962075977
8,3,0.491645683578428,0.804817553656847,0.7750205485060869,0.1714417076556805,0.07500390430963604,0.09853670513809265,0.00023270236627058997,0.00024039601595864002,0.7,0.2,0.4,8,0.481654748132805,0.2006060962749546
8,4,0.33946176230029945,0.6718899887177789,0.6202248007434232,0.13589905477925251,0.34478287716511125,0.09805294307352984,0.0001704943709145,0.00019792174783114002,0.7,0.2,0.4,10,0.3290914111158545,0.2221924574054802
8,5,0.33816835611843765,0.6744370846648875,0.6301432527137698,0.14323190138411937,0.07068689025876583,0.0976329560989221,0.00017137795249428002,0.00019111607134252002,0.7,0.2,0.4,12,0.3267327565055062,0.2298437258146066
8,6,0.2754057724657815,0.597563786751483,0.5463377114653983,0.13232796242100295,0.25297346483459804,0.10747723970187346,0.0004895411800174101,0.00027377630348634997,0.7,0.2,0.4,14,0.1901038730176102,0.2173158463202792
8,7,0.2653119807569227,0.586456075722237,0.5401920064420641,0.14342715554706165,0.1080273374803851,0.10841622208209006,0.00049059880611592,0.00026413950824674,0.7,0.2,0.4,16,0.1722068169270003,0.1698982479038483
8,8,0.26527912308090545,0.5864103892622592,0.5401396355256073,0.14075770716389216,0.07625742917898044,0.10840863847707424,0.0004906038066322,0.00026413160293355,0.7,0.2,0.4,17,0.1721734177483063,0.1699278457106664
8,9,0.2309172920310502,0.5320838135570064,0.47699682420000217,0.1293866090068952,0.29556197692027525,0.10718986330283742,0.00036823922027,0.00024604655973044004,0.7,0.2,0.4,18,0.1819264353214574,0.1797943744246785
8,10,0.22919824326974897,0.5291365226666418,0.47357236274607706,0.12676251046194828,0.08708092931562046,0.10711017030662472,0.00037760554723528,0.00024371324431094002,0.7,0.2,0.4,19,0.1764029765210211,0.169959937312213
8,11,0.2280106247763026,0.5297120177771516,0.4809165679492213,0.14229960509452463,0.0951831567778202,0.10905658407202387,0.00043052254524744,0.00027337053561231003,0.7,0.2,0.4,20,0.160877499337654,0.1217473625492764
8,12,0.22703077127765706,0.5282459747419053,0.47926657778125953,0.1394904432607172,0.07848270802377633,0.10856163526880427,0.00042167397714259005,0.00026650322831676,0.7,0.2,0.4,22,0.1630856267412568,0.1308290615696939
8,13,0.22638724365374724,0.5297643807959144,0.4877169493480036,0.16422106078998688,0.08116929293109929,0.11042844273603983,0.00043603984106416004,0.00033780493714692997,0.7,0.2,0.4,26,0.1699641179633106,0.0927323262856285
8,14,0.2251353148092014,0.5242639759553499,0.4745034330378151,0.17306640612838417,0.08187909164241051,0.10964812402161937,0.00038999112399809,0.00026315862820668,0.7,0.2,0.4,27,0.2231549581004908,0.2054998703987159
8,15,0.2204193370914779,0.5224857144012467,0.486119596126801,0.16722398834574329,0.11852412332480822,0.11060789272531704,0.00043854132776886996,0.00032756802706228,0.7,0.2,0.4,28,0.1644899548773631,0.0874162160555131
8,16,0.1895363370906249,0.46033565090996914,0.413807641482272,0.15916128364339777,0.3312159159632232,0.10985601874335124,0.00044410417243647,0.00026246178216481,0.7,0.2,0.4,29,0.1766262885374827,0.1084776033846701
8,17,0.1885419303682293,0.46085809057021226,0.42119322949981747,0.16939092835289032,0.08596646315594479,0.11092269559581341,0.00047952669187577003,0.00027578636428938,0.7,0.2,0.4,31,0.1866453989878796,0.1189160170631938
8,18,0.18064206581296913,0.44847152734297896,0.41393319065078676,0.18450266572511548,0.09115803174099103,0.10861881581114853,0.00040605493319455,0.00028774871496449,0.7,0.2,0.4,35,0.1930874118406207,0.1092762754798767
8,19,0.18193638101632514,0.44933573280775896,0.4146744780189471,0.18280309943499018,0.08090366487508045,0.11089414331006009,0.00046037831440110005,0.0003018437500392,0.7,0.2,0.4,36,0.1857245865632242,0.1086237458578716
8,20,0.17935050034545444,0.4412807467623188,0.39859970347081164,0.1843302724973415,0.0893350620730573,0.10909026366236056,0.00041208210105796,0.00028119803769417,0.7,0.2,0.4,37,0.170449866581314,0.1012007034044232
8,21,0.17727964339444308,0.4416515802635593,0.40612906310286023,0.19940673678960272,0.08413725271645534,0.10740237189240426,0.00040666925650162996,0.00028089564077782997,0.7,0.2,0.4,38,0.1959490932082047,0.1047506571142897
8,22,0.17150154666739748,0.4241382582368903,0.3853637960991626,0.19108256439666835,0.15887908134728904,0.11050462788740294,0.00048671382801160996,0.00030964554051255,0.7,0.2,0.4,39,0.1579672116154478,0.1085419787188662
8,23,0.16874625964565126,0.42210918716432977,0.39004189354430907,0.20436496874125845,0.08681996123329132,0.1092776032860361,0.0005094640621495699,0.00032872658907479003,0.7,0.2,0.4,41,0.146915619186103,0.1189419874274142
8,24,0.16832275158110058,0.4245272781636862,0.3997406725938316,0.2102903475230523,0.07977377032795419,0.10945304103693901,0.0005122406399127499,0.00033005205579978,0.7,0.2,0.4,43,0.1444388422056628,0.1257324894046933
8,25,0.16648684824407395,0.42607165964697147,0.4152353264182876,0.2923820967997952,0.07930983125959173,0.11041296513373369,0.00050179894398937,0.00030616803083408,0.7,0.2,0.4,58,0.155983358921136,0.1120754902116484
8,26,0.1658332853261267,0.43164065839677107,0.4355155755674153,0.3357524021373454,0.07846682802861527,0.11050915751891754,0.00051132103098545,0.00031393001296655,0.7,0.2,0.4,67,0.1561181898373444,0.1065679435928109
8,27,0.16554045914376866,0.44219532266685224,0.46853801952131274,0.3769837072797533,0.07809307516048393,0.11033952537684975,0.00050420489374373,0.00031229248635932,0.7,0.2,0.4,70,0.1527691531075928,0.1081154206978793
8,28,0.16568186505492113,0.4380311845097637,0.4567025866805422,0.36750416549372206,0.0792682977655542,0.11104482549061138,0.0005060324856184,0.00032151136356238,0.7,0.2,0.4,73,0.1729632953261042,0.1137677346254315
8,29,0.16169517969008873,0.43088766342035256,0.4552799784757894,0.36320023366273824,0.12282181803161352,0.11107727978745664,0.0004898909664073101,0.00031544472605412,0.7,0.2,0.4,74,0.1686143101901253,0.1249616105417402
8,30,0.16036838645692378,0.4309065631050596,0.4622033097408236,0.40232237045915187,0.07967852369509905,0.11107725450977685,0.00047827854524008003,0.00033520464072044,0.7,0.2,0.4,83,0.1538909910646737,0.1380949193301592
8,31,0.15914517464879108,0.42765550632446653,0.4584322813079729,0.3986465766539979,0.09088590540189086,0.11093652095939746,0.00049959899597538,0.00032297441544048,0.7,0.2,0.4,84,0.1541185210096117,0.1246758047436114
8,32,0.15747182488619407,0.4311414982661449,0.47637006362929946,0.4179393855930026,0.08466103335332169,0.11030469504213337,0.00049498078549819,0.00033572147229649996,0.7,0.2,0.4,86,0.1575595487054887,0.1373561392185861
8,33,0.15668040629192004,0.43147656168775284,0.4835644289905313,0.43106325655434563,0.0862325057312274,0.11116191608528261,0.00049939026778225,0.00032162356296173,0.7,0.2,0.4,88,0.1587204444318644,0.1263939348867171
8,34,0.1558437922148535,0.42549582198211233,0.4697078318819608,0.4303739777496639,0.08097553486082142,0.11105118267914788,0.00048800462090281,0.00032452922004965,0.7,0.2,0.4,91,0.1511096191272208,0.1408391912631955
8,35,0.15562640569517788,0.424850129783828,0.46895429902106395,0.4370172312715134,0.08066639934115093,0.11106182731238107,0.00049127835591237,0.00032353961624423,0.7,0.2,0.4,92,0.1493214393341793,0.1365947630397808
8,36,0.15429186844784853,0.4477294232066439,0.5439918657148244,0.5876674335824212,0.07792580509493234,0.11047988867459212,0.00048967746778923,0.00030705187406139,0.7,0.2,0.4,122,0.1571443701792929,0.1290847399924178
8,37,0.15321617600637719,0.5012901366407655,0.7100113361973498,0.8030662857618331,0.07709962285042073,0.10967850136161814,0.00051094200362219,0.00034122031916698997,0.7,0.2,0.4,197,0.1694770565702984,0.1103655657353182
9,0,0.9372318109865078,0.97915160361477,0.9757122731860887,0.14356367256056307,0.0,0.0,0.0,0.0,0.7,0.2,0.4,1,1.0187458040086748,0.7583022998756026
9,1,0.8460557066262056,0.9792892239883846,0.9669599607253915,0.1868728398531009,0.16516484914780924,0.07716987182683971,1.315459910447e-05,1.22087484821e-05,0.7,0.2,0.4,3,0.7468895598785911,0.548297430113302
9,2,0.5180344267835916,0.8159365038940365,0.7742202557199324,0.15459807031824896,0.8035794742259514,0.09810142982408704,0.00025046334948003,0.00022306365675268,0.7,0.2,0.4,4,0.4161587633704648,0.2269957409501434
9,3,0.5162514676901072,0.8190781291859749,0.7844322537989346,0.16173547159068394,0.07648435169548111,0.10108985752376168,0.00030446093863248,0.00027197738835096,0.7,0.2,0.4,6,0.4130055590061992,0.2127610986113971
9,4,0.5008533867927213,0.8128032091762599,0.7835826304329208,0.1889749557639664,0.08412810139345428,0.10502524753370795,0.00015810952155943,0.00015201078491322,0.7,0.2,0.4,11,0.4465239711443338,0.3314949096364284
9,5,0.46610067099116426,0.7908714907484659,0.7646536748627705,0.19486325194125195,0.13161800504519444,0.10739994966711632,0.000264804102563,0.00020737866830287003,0.7,0.2,0.4,13,0.3935362596187553,0.2468829055770681
9,6,0.4345298221960601,0.7628619598266047,0.7243067632243556,0.202014739843504,0.12118914162527185,0.1144772061754658,0.000158149070372,0.00021840142741686,0.7,0.2,0.4,16,0.3086282216550186,0.1436967742766305
9,7,0.4443985012064314,0.7741046274416693,0.7354931344404947,0.22376611969686297,0.09788475143898356,0.1310791191319408,0.00014776790170844,0.00013001441626543,0.7,0.2,0.4,17,0.3577220937779243,0.196510849259314
9,8,0.40304970047493566,0.7381585206292586,0.702069174906233,0.21069440842034873,0.20025706477035563,0.11740104991983616,0.00028892130615168997,0.00050788545515768,0.7,0.2,0.4,18,0.2502710558344146,0.1296517684456167
9,9,0.39668480139450124,0.7326030578553304,0.6930302564566675,0.233856489928,0.18509515996620884,0.1397908407454652,0.00026000217264440003,0.00024103881824699003,0.7,0.2,0.4,19,0.3015907122327781,0.2054450589140745
9,10,0.49234108377099434,0.830987611819438,0.7942336096996718,0.3408359040622807,0.279920615629372,0.31290093295459304,0.00026079718013598,0.00514104356684365,0.7,0.2,0.4,21,0.2162228240418898,0.2003575586994848
9,11,0.36037764209958145,0.7010958851205727,0.6691677999424382,0.22443650685092117,0.12618866489139707,0.14657748848444818,0.00016867919197577,0.0029891699762242,0.7,0.2,0.4,24,0.1937084545947927,0.2090083838346951
9,12,0.3502397228828679,0.6865484738458937,0.6462019855097334,0.2123700171559796,0.1210784305458969,0.1404317756643377,0.00024875814783325,0.00031241669061801,0.7,0.2,0.4,25,0.2081548509621778,0.1663207567840384
9,13,0.34758562245834934,0.6871162598642379,0.653703909355523,0.22237611091579185,0.10610708076832653,0.14086254921936445,0.00028525921980887,0.00047659894420125,0.7,0.2,0.4,27,0.2035971694951578,0.1834532969867871
9,14,0.34387039328608326,0.6857707420053705,0.658442014676813,0.23452325727134513,0.12035465247359692,0.14593249200878106,0.00029773982973217,0.00063895542956279,0.7,0.2,0.4,29,0.1720540313308805,0.200134149394413
9,15,0.3425016002140766,0.6879273132493126,0.6679294456713497,0.23377070155642413,0.1043206066307022,0.14510324618011647,0.00033706084194009997,0.0009655373929452401,0.7,0.2,0.4,31,0.1873641650032277,0.1933384909698269
9,16,0.34202165782996224,0.6833664387325372,0.6554975703269724,0.24266919681472102,0.11225382721831997,0.1472332189037904,0.00029958199694359,0.00053672518515532,0.7,0.2,0.4,32,0.1905969496250477,0.1972749558357782
9,17,0.3373139501107757,0.6853256565240188,0.671789148058513,0.26005416315346136,0.10790167153840192,0.14438307708640064,0.00034464706069899,0.00239915469269501,0.7,0.2,0.4,35,0.1679629058938557,0.2086912948624919
9,18,0.33160998522872853,0.6749460253179048,0.653058871946987,0.25704188005086326,0.12140617730526987,0.1432181758517415,0.000284537852761,0.00046928419038311996,0.7,0.2,0.4,36,0.1874401915507483,0.176668092273309
9,19,0.34719681388259943,0.689680085522132,0.6670928068008655,0.2604962747235326,0.13698963717134097,0.16528301667010714,0.00027103292176254,0.00930654956868847,0.7,0.2,0.4,37,0.1781435604075715,0.1793268836037582
9,20,0.3282351864220784,0.6703351379108181,0.6474465665308227,0.27361525689391475,0.10947810645676313,0.14526898500068994,0.00027803537772844004,0.0005308684149758299,0.7,0.2,0.4,38,0.1809583407299526,0.1640826930837272
9,21,0.330191001787646,0.6757853652227925,0.6602425214668786,0.2854328623695874,0.10682871544360305,0.1491105458173973,0.00035378476467553004,0.0006755009337313,0.7,0.2,0.4,40,0.1808357406871683,0.1553034775655902
9,22,0.32299906884923735,0.6710901986980917,0.6621503555985297,0.292481356522931,0.11323070302681951,0.14510227022888494,0.00028384068922101,0.00052152721262142,0.7,0.2,0.4,42,0.1816125729605245,0.1638294650030323
9,23,0.3197570481061628,0.6711739834963765,0.6694696726112123,0.2909066541138291,0.1033884459126038,0.1421447860397653,0.00030532783416184,0.00084490720020527,0.7,0.2,0.4,44,0.1696275260342601,0.1653862394726099
9,24,0.31454175218623714,0.6598065943508435,0.6489187756563647,0.31905976092150656,0.12323758751701111,0.1422999818057391,0.00040232321406036,0.0066774638591032805,0.7,0.2,0.4,46,0.1800861196728667,0.1584098704821289
9,25,0.31332360839739254,0.6620604728930011,0.6585328928016312,0.32785389747734434,0.10376261039160938,0.14257079463341768,0.00038863675628297,0.0049043268094586204,0.7,0.2,0.4,48,0.179015123839017,0.1604899359613965
9,26,0.3131344524772004,0.665333939596189,0.6691624550687655,0.3441173832445904,0.1043345746990253,0.1422999795189983,0.00040232315443176,0.00667746286943178,0.7,0.2,0.4,50,0.1735881806214022,0.1644144136269593
9,27,0.29689378252449433,0.64974448019172,0.6592161118700228,0.3601158150428697,0.10220212567515304,0.13456070962393155,0.00020441493593026,0.00042673403970673,0.7,0.2,0.4,56,0.1786583355390278,0.1704826853470152
9,28,0.30180039516956814,0.6541156925098587,0.6632761590894439,0.45465667531089476,0.10094952553984671,0.14299098416436326,0.0008478187926520501,0.00099521410068492,0.7,0.2,0.4,83,0.1889330837137078,0.1985991168868489
9,29,0.29637777491339334,0.6577680486266092,0.6883153573538638,0.4955121275236217,0.12910609179738167,0.13908958749766498,0.00418145098448404,0.0049794428069953305,0.7,0.2,0.4,84,0.1835153135703513,0.1697890232761705
9,30,0.29637777223042444,0.6614792195144955,0.6995409599183812,0.5069575202614351,0.10019083197460932,0.1390895875048091,0.0041814224863305095,0.00497945034319519,0.7,0.2,0.4,86,0.1835153138484428,0.1697890233844292
9,31,0.295669413026897,0.6604111180368955,0.6982764882946505,0.5134880291321334,0.1027684966787239,0.13922254602054535,0.0043237094969539504,0.00498160262125894,0.7,0.2,0.4,88,0.1889446559082525,0.1802530910162496
9,32,0.29505351747264713,0.6632577873869265,0.7085028222963493,0.5189633175388072,0.10194895074445338,0.13921862901975965,0.00389488238997074,0.0050830503092091,0.7,0.2,0.4,90,0.1820552427988545,0.178106519337268
9,33,0.29491231607480795,0.6628639010731984,0.707972679405993,0.5467380633229058,0.10410530357551014,0.13922341646837377,0.00491966092837633,0.00564279091485994,0.7,0.2,0.4,91,0.1838588079132963,0.1756527378191354
9,34,0.2955477834818311,0.6856772440960498,0.7758246651528721,0.7917749007923277,0.10156406939435257,0.1436684766471831,0.0013554994186147202,0.0017408560820176898,0.7,0.2,0.4,133,0.2428788802786944,0.1653849177505296
9,35,0.29334750382238045,0.6922872348245869,0.8037616049549782,0.8815244333323702,0.10590606814500483,0.13947612067287463,0.00453942778296112,0.014610595169586621,0.7,0.2,0.4,153,0.1815887861008211,0.169523370252433
10,0,0.8968925951616324,0.9650315214180742,0.9592628093727854,0.13962840514810407,0.0,0.0,0.0,0.0,0.7,0.2,0.4,1,1.1843360424372802,0.7519656060969548
10,1,0.6753739351940541,0.9112464904481038,0.8782589913871148,0.17781137576145684,0.32635376159647206,0.09863972067977718,0.00045200258051045,0.00057771789157261,0.7,0.2,0.4,3,0.5671113524401803,0.4675689842327974
10,2,0.4693385092092332,0.7800886589909993,0.7328881610554119,0.14272928016501243,0.5881649826277873,0.09441559702087854,0.00024324533654152997,0.00016723194079434,0.7,0.2,0.4,4,0.610123066929998,0.2269943639407137
10,3,0.3690900705801195,0.6938117097490458,0.6324850057666443,0.11988184651905119,0.2421595002657497,0.09355449561722656,0.00010431263708914999,0.00012496782032896,0.7,0.2,0.4,6,0.5554207992435687,0.1415201878218511
10,4,0.3531544367750908,0.6814228036531745,0.624425300640183,0.13868089947196754,0.10858798579317237,0.09810636846754392,0.00013105321717274,0.00016633155951673002,0.7,0.2,0.4,8,0.6148230659834684,0.1491316451997026
10,5,0.347611918902964,0.6793303786568234,0.628893866739923,0.14328760640084173,0.08066191459971196,0.09807408602757296,0.00013094956145776,0.00016209447393529,0.7,0.2,0.4,10,0.5900609279999967,0.1517284728074242
10,6,0.3047472472598733,0.6299365954108943,0.5708253660723027,0.13831287295122144,0.1803805433903136,0.10262706776201506,0.00013290427084194,0.00016861185618547,0.7,0.2,0.4,12,0.5102481858634245,0.1366465816760003
10,7,0.29484250111485005,0.6138252037730975,0.5501388837693103,0.1489233227911188,0.14076372650385824,0.11919006029997187,0.00017086666033763,0.00021884907111946998,0.7,0.2,0.4,14,0.3570237039147085,0.2008887685004773
10,8,0.26873281423717954,0.5731253379373622,0.501584682248339,0.14401728913041995,0.28682466809753443,0.12908443325923422,0.00014971281111044,0.00019237763374159,0.7,0.2,0.4,15,0.3747954078780616,0.1697981325243628
10,9,0.25727095941403905,0.5577705930583744,0.4903879416140645,0.14658823613452773,0.13371560726296303,0.13090207943724438,0.00016413355589171,0.00020383486526891,0.7,0.2,0.4,17,0.3277869559455806,0.2413763378958001
10,10,0.25112487807263245,0.5514679735341196,0.49001056956822264,0.15065981791605115,0.11123136863314324,0.13033065464509155,0.0001923474879094,0.00023877925992320001,0.7,0.2,0.4,19,0.3267308201700304,0.2419183293626188
10,11,0.24918728564426373,0.5407848306345241,0.46377061288839455,0.15471654529838894,0.10449014600749695,0.1302583167520286,0.00017771479041172,0.00022110342233257,0.7,0.2,0.4,20,0.380435805754251,0.2351317303598644
10,12,0.24888437447249678,0.5441002119318628,0.4745635777219317,0.16193904689710253,0.0914393837632523,0.1300128468367388,0.00017675323368392,0.00021995731513116003,0.7,0.2,0.4,23,0.3813845813643004,0.2318269885060057
10,13,0.23396125959283415,0.523867917722763,0.4584148148682564,0.169207819608448,0.17378981339616328,0.12551692329848363,0.00017543548625488,0.00022353243810390003,0.7,0.2,0.4,24,0.297157351097514,0.2492739093172013
10,14,0.2227049774898705,0.5096662767547225,0.44934767340817083,0.1817837659382791,0.09444748084907967,0.12052728122550109,0.00023530618006829,0.00021010004873894998,0.7,0.2,0.4,30,0.3371420249777009,0.2080019061062187
10,15,0.21412224231733637,0.49466060740859574,0.4384555654142307,0.18043272368728214,0.171234726508879,0.1232250713104578,0.00026312981125008,0.00022088306631176002,0.7,0.2,0.4,31,0.3052601824673658,0.2081086951583648
10,16,0.21077673523873214,0.48794323482437063,0.43064875635022287,0.18727254096615695,0.0999116815478053,0.12305622192642128,0.00028272614548769,0.00022339145669824,0.7,0.2,0.4,33,0.2892274740853223,0.1996553275303502
10,17,0.20515229038868824,0.47862333489086345,0.4138147588316861,0.17873937674734194,0.08070317501917876,0.1150440328445004,0.00024269668381082002,0.00023754150582867001,0.7,0.2,0.4,37,0.2850938181931221,0.2228457087610543
10,18,0.2029334451659126,0.47859007857803243,0.4271560172287318,0.1961016694929051,0.12466911026284357,0.11869632633630615,0.00033467773153197,0.00023173731954186,0.7,0.2,0.4,38,0.2718859959699621,0.2598483969437213
10,19,0.19785292770356636,0.47754423327161527,0.44648407113495986,0.22278946292876636,0.09775911181361319,0.1200769696592839,0.00032707290106286,0.00024787928310621,0.7,0.2,0.4,42,0.2517631413803062,0.1568582963120814
10,20,0.19871801208671266,0.4709802977833015,0.43129942524733245,0.22096905067797615,0.11561802704517438,0.12557700061407578,0.00023284431613454997,0.00030233363071329,0.7,0.2,0.4,43,0.2282927002390006,0.1737888659637504
10,21,0.18632536580800352,0.45621251863831563,0.428716299634522,0.22445925608868367,0.11868400887733672,0.11849489707311774,0.00035628618734501996,0.00026195781936332003,0.7,0.2,0.4,45,0.2335405412212515,0.1749901361327073
10,22,0.17776600764629172,0.4411226150665902,0.4117890784853773,0.22527331934646774,0.12510101207565585,0.11289980094065899,0.00022018449521130998,0.00024023806071662998,0.7,0.2,0.4,46,0.3175624380663154,0.1473439157909058
10,23,0.17673446415976674,0.4217997625698674,0.3875263215494106,0.23840529594211157,0.11449416460545606,0.1279792086067498,0.00038166437609019,0.00032401077335227,0.7,0.2,0.4,51,0.2104472215660771,0.1122403097881777
10,24,0.16375651422296456,0.3941387796814507,0.3626611094522544,0.24640289442999633,0.20515513145774486,0.12392507181116862,0.00058414493944552,0.00039555994118540004,0.7,0.2,0.4,52,0.1659920010175253,0.1343784664918524
10,25,0.16148382071328296,0.3776410380898429,0.336047997995823,0.23841169614395735,0.15496994815336504,0.1281572770644692,0.000519310406778,0.00047105676672349,0.7,0.2,0.4,53,0.197220410115228,0.1267404824712114
10,26,0.1581756862831042,0.38076421448174724,0.3539595587939336,0.2573030411710799,0.08864194440451793,0.12412820018992483,0.00052082340237158,0.00041769539173203,0.7,0.2,0.4,57,0.1958678635260453,0.1176841579763947
10,27,0.15222573369767747,0.3431892865364284,0.3022363090781291,0.25245747458205575,0.1765384916258195,0.1333020210119277,0.00042063148181819,0.00028596876915387996,0.7,0.2,0.4,59,0.132283274127949,0.1169139129518628
10,28,0.14529923332665376,0.335618521295682,0.30782283663617255,0.2861060285278168,0.10182997736873718,0.12786796953884574,0.00073767283937676,0.0005178494560426999,0.7,0.2,0.4,63,0.1413322420664513,0.1121313063566779
10,29,0.142291395289167,0.33224109013217334,0.317718873757561,0.3098541454768434,0.09584439812277204,0.1277045417048902,0.00058980784831227,0.00048037117617282,0.7,0.2,0.4,70,0.1450417059681086,0.1119194568735384
10,30,0.14075298346849158,0.32679819298993074,0.31138884907292697,0.31864022794828767,0.10101977189622102,0.12754761459900418,0.00067079323892061,0.0005508549157599,0.7,0.2,0.4,72,0.1460778161367098,0.1009335924608363
10,31,0.1315545767130657,0.32029565044567926,0.31218547879565633,0.3300285269523963,0.08163335577517243,0.11485543685225401,0.0006712574338440101,0.00049008969584756,0.7,0.2,0.4,77,0.1460318018800594,0.1011360651761581
10,32,0.1329249160971907,0.3221320402048529,0.3208105327477912,0.40501700846938976,0.08486145038998218,0.11776520263898312,0.0010205883975546999,0.00153587091549803,0.7,0.2,0.4,88,0.216070581495004,0.0933498628846127
10,33,0.12978372286358583,0.31272706774985576,0.31670878987827816,0.4196810423241415,0.1018984940844131,0.11845731363475591,0.0008825491306084299,0.00111278195477862,0.7,0.2,0.4,91,0.1806860362860667,0.0897256890310519
10,34,0.1348244147506824,0.317125053360817,0.32766920281377127,0.4529304415056965,0.09348571105518841,0.12817329762054303,0.00055238107037018,0.00041876026913264,0.7,0.2,0.4,98,0.1768285347335101,0.0750800014620939
10,35,0.13031077201772867,0.3084082704224684,0.3113301997562239,0.4606637409714708,0.08619593581804565,0.12189842673836343,0.00064113544535935,0.00047464181967509,0.7,0.2,0.4,103,0.1997664867299025,0.1011965175107136
10,36,0.13257367949277027,0.30712729600493655,0.3159828170494634,0.47367691326419964,0.11008730574719616,0.1284117382367739,0.0007034433123122199,0.0005220122474982,0.7,0.2,0.4,105,0.1688583747145915,0.1086425750293314
10,37,0.13139644128562306,0.3120739422317692,0.3356795960356061,0.547288928830592,0.08997095693245076,0.12724074105998293,0.00107416369420838,0.00042120091317748,0.7,0.2,0.4,118,0.1871393560270213,0.0910383418598838
10,38,0.12124096933998946,0.2941324648226015,0.31605981492385554,0.528935280028787,0.10275508310398422,0.1161004123454902,0.00096845318714513,0.00054910115090638,0.7,0.2,0.4,120,0.185560523557939,0.107643884638993
10,39,0.12113986187840942,0.29385735464818014,0.3157473685691318,0.5325584639611455,0.08257479191445982,0.11603134109090835,0.0009708861533843901,0.00054701632617726,0.7,0.2,0.4,121,0.1976309015343611,0.1075782621581359
10,40,0.12031515228855584,0.2939289545653453,0.3227335461551536,0.5468431152986708,0.09644120438047614,0.11602543813591527,0.00097059812954479,0.00054866225615893,0.7,0.2,0.4,122,0.1858804643825931,0.0970618555427353
10,41,0.11766494467896539,0.3052965384669848,0.37070233327808955,0.5937591818537978,0.08209682389271934,0.11400184055340931,0.00066493219833899,0.00098768477904537,0.7,0.2,0.4,135,0.1545916809663017,0.0722255073320623
10,42,0.12182521875702826,0.32328494048989875,0.4185332121768262,0.7361213133856906,0.08501597711631036,0.12035014158974178,0.00066655214389776,0.00099973592873796,0.7,0.2,0.4,158,0.1550532653876545,0.0719839977079555
10,43,0.12587837958756512,0.33068194598042416,0.43336275074096575,0.8016592569864571,0.0892671234758597,0.12637251011877132,0.00064399458728234,0.00092766488355472,0.7,0.2,0.4,169,0.1512753378524324,0.0785070948636204
10,44,0.12481237267245802,0.3143681235974367,0.3869132645883337,0.8082306725110732,0.08833683924494257,0.12521387274759047,0.0006498843851425399,0.00045978450240481,0.7,0.2,0.4,174,0.1757404781732729,0.0876440604802486
10,45,0.12370400663223484,0.3078807766617623,0.3792885731734239,0.8253911835288141,0.10259499035259444,0.12576020929900766,0.00072216078958012,0.00048505881473217004,0.7,0.2,0.4,176,0.1637838395842617,0.0917685342307568
10,46,0.1233649283289874,0.3097795652620374,0.388391662585385,0.8324022048433581,0.09230442574734528,0.1258702985783553,0.00071950867677542,0.00046232514859357,0.7,0.2,0.4,178,0.1764078230183434,0.087277843678082
11,0,0.9431655719008564,0.9811791130512624,0.9780742557914645,0.14412873979155125,0.0,0.0,0.0,0.0,0.7,0.2,0.4,1,0.9958437412147616,0.7596908700388042
11,1,0.8132914880378755,0.966091055468394,0.9515091961769813,0.18352446843023154,0.19796462865859685,0.0778194371698391,1.754155280119e-05,1.463755218458e-05,0.7,0.2,0.4,3,0.8797031512390117,0.5489347684964168
11,2,0.5277059596700285,0.8226404007875714,0.7819647939412109,0.15675186489943913,0.7216332844549611,0.09874301094874366,0.0001672101760943,0.00013118813950056,0.7,0.2,0.4,4,0.5425929145238167,0.2379840071894365
11,3,0.4170573548997553,0.7383231152494522,0.6836978341172234,0.1391925143081675,0.24384085626424026,0.09911325034119436,0.00012956939520618,0.00010734194410419,0.7,0.2,0.4,6,0.3767756012491388,0.2043743240121191
11,4,0.4077639924173921,0.7342416196199719,0.6852717811496399,0.15043804324384874,0.0961647807876564,0.10405863585082846,0.00014536670885403,0.00013535822939146999,0.7,0.2,0.4,8,0.406346339658506,0.1799193159216527
11,5,0.3460013711052921,0.6729294210678773,0.6125670888295008,0.14121021795200248,0.2230947275950992,0.11511721496083036,0.00015368404335891,0.0001442651008668,0.7,0.2,0.4,10,0.3427680507877554,0.2814135698350831
11,6,0.34569535699507153,0.6726155470211042,0.6122393144257943,0.14322972063133704,0.0807887465362533,0.11479020364198919,0.00015290549167651,0.00014289528224147,0.7,0.2,0.4,11,0.342545993365047,0.2796971810939332
11,7,0.3460938007924749,0.6767084582106653,0.6238175190258658,0.14753693788216746,0.08172644850655178,0.11558287575158313,0.00015808153376576,0.00014846578729899002,0.7,0.2,0.4,12,0.3439396941549988,0.2890942927520772
11,8,0.34564413130444877,0.676243021827683,0.6233245800765194,0.14957336708956012,0.08138843404225204,0.11515742717349513,0.00015710639654227,0.00014682116796265,0.7,0.2,0.4,13,0.3434039683236649,0.2856251842041635
11,9,0.327189499922001,0.6557548568057167,0.5999882656507505,0.1455018434558263,0.11309622493803693,0.11051491990377649,0.00020365793254269,0.00018939333251245,0.7,0.2,0.4,15,0.3034348567775006,0.3607842531259567
11,10,0.3135529749682198,0.631256953765724,0.5563918918156343,0.15184106148939788,0.19094340803171503,0.12132467279274882,0.00030331978341782,0.00020604328549159,0.7,0.2,0.4,16,0.3191570145653268,0.245043581860864
11,11,0.2942568457821595,0.605182462670192,0.5260066851441179,0.1493403262097908,0.18927958444389936,0.12142239002396768,0.00028091069457235,0.00018623420556055,0.7,0.2,0.4,17,0.2186612163202777,0.2571033197996452
11,12,0.29419322856403013,0.6087020721590467,0.5370183815181069,0.15129644527019898,0.08511329062692156,0.12132467279274882,0.00030331978341782,0.00020604328549159,0.7,0.2,0.4,18,0.3158029459065085,0.2634369179950678
11,13,0.2912000262152553,0.6005467330273464,0.5257202272192453,0.16435598467891235,0.17589067517230525,0.13679157944735573,0.00040111777472894,0.00032926781570091,0.7,0.2,0.4,19,0.2633679521791519,0.2530088779448985
11,14,0.27791773364537453,0.5892396341003059,0.5210941044148883,0.15769397420520898,0.10578743709696482,0.12268822793490633,0.00019502244887343,0.00019731627990576998,0.7,0.2,0.4,20,0.2228606901080026,0.2992497412763654
11,15,0.252065758110451,0.5578825008707323,0.48700383570348293,0.13314061424160117,0.1393606633443646,0.1015487137116559,0.00022872064327393002,0.00020135432420556,0.7,0.2,0.4,21,0.2797145155989288,0.2048239309383894
11,16,0.21952535570668733,0.49728496776186554,0.41510815206001334,0.1270735525134619,0.36148242781201817,0.11283859453986086,0.00020355007399685998,0.00017910416391758,0.7,0.2,0.4,22,0.1787001273984385,0.2042776786605868
11,17,0.16472878726263998,0.3615824733555933,0.2558649783505744,0.09686857478612437,0.38038998376630917,0.12282881447662354,0.0001874803233488,0.00019176911955394,0.7,0.2,0.4,24,0.1066452260541806,0.0686126897735995
11,18,0.16472878706783725,0.36158247351494655,0.2558649785099277,0.09943872350731436,0.08609441918878097,0.12282881470351974,0.00018748032277447,0.00019176912115594,0.7,0.2,0.4,25,0.1066452269163835,0.0686126896588503
11,19,0.13688971851485326,0.2765515530099694,0.17056793262450592,0.08635564895957142,0.2138314625471007,0.12318340700946175,0.00021133648282007,0.00021249189096049,0.7,0.2,0.4,28,0.0597317042846465,0.0449144317960728
11,20,0.1260403045438093,0.2478004400002726,0.13785949601479108,0.11316476045434835,0.09148702355777118,0.11638779161007554,0.00022939623111636003,0.00018863122517712,0.7,0.2,0.4,38,0.0910874296126485,0.1452104711258139
11,21,0.11387522926057608,0.21448243607686684,0.10670620010588179,0.1079338571590567,0.14388539215056229,0.1098109506044166,0.00024286290548629,0.00019059554918804002,0.7,0.2,0.4,40,0.0783690264910278,0.1239262451302779
11,22,0.1232677126050584,0.2580937130451256,0.22484969162058116,0.28398998039161455,0.08765282192573273,0.12432142376803985,0.00027809504902641,0.00030672172098597,0.7,0.2,0.4,74,0.0662535098120972,0.2369629189302487
11,23,0.12135867616245666,0.25476874835735125,0.22795824209737697,0.2988177035419659,0.09347352870290584,0.12362896218610804,0.00040812556296656997,0.00024367125030990002,0.7,0.2,0.4,78,0.0726094738765619,0.1728826287426996
11,24,0.12134370461290087,0.2621179935871484,0.25032418987042504,0.3335617934004385,0.0867687021292317,0.12362880136136586,0.00040843979947596,0.00024621441756875,0.7,0.2,0.4,84,0.0725221059055348,0.1726202190273318
11,25,0.12057796408408962,0.2598820531545412,0.2477793866960414,0.3513502345158971,0.08829347183973671,0.12312432398958259,0.0003283282958346,0.00025977225428606,0.7,0.2,0.4,88,0.0682088248116241,0.1890734778871662
11,26,0.11950143361564808,0.265732637945151,0.27529222849156,0.38935869876156903,0.08956162620694719,0.12320531271909724,0.0003798307496682,0.00023719975603911,0.7,0.2,0.4,95,0.086123581192264,0.1912140433810935
11,27,0.11798383847159177,0.2565769374139671,0.25780291018933715,0.3644883328678292,0.10641710922464187,0.12203522523986352,0.0004919479761702099,0.00103139940991027,0.7,0.2,0.4,96,0.0930460617965563,0.2447901682056822
11,28,0.11618063466590196,0.24860477486664312,0.24855029249838018,0.3979702030866267,0.09029899632109306,0.1217820656096001,0.00039189639468904005,0.00099862839503397,0.7,0.2,0.4,103,0.1017221908311879,0.2123815457549598
11,29,0.11617114460090366,0.252268357628906,0.2597204371807058,0.41233349788980217,0.08582401374393328,0.12178058355477701,0.00039213305005617006,0.00100161175976714,0.7,0.2,0.4,105,0.1015307574071012,0.2124061912645205
11,30,0.11609201950012814,0.2516232514835052,0.25895825593571087,0.4351717825807165,0.08620831356320266,0.1218746365938942,0.00039258513784511,0.00099846637294167,0.7,0.2,0.4,112,0.1022805321632401,0.2119671007825933
11,31,0.11605054115264925,0.2514807772820893,0.25879488749832763,0.4463249629213679,0.0860355809879494,0.12184974027202658,0.00039406781053953,0.0010016586982108,0.7,0.2,0.4,114,0.105974675394471,0.211136650762262
11,32,0.11573559353617895,0.25352625007935886,0.26807560716356305,0.46061485892098547,0.08929084013683765,0.12188699666211526,0.00039400064254616003,0.00100284986204363,0.7,0.2,0.4,116,0.0973390920357151,0.2124355928997046
11,33,0.11569173920039853,0.25705271523834977,0.2790874388071101,0.4715747252981862,0.08615631931023046,0.12187635115830521,0.00039242965654091,0.00100134305814349,0.7,0.2,0.4,118,0.0957727972613609,0.2124361526539072
11,34,0.11563035587887222,0.2554388661087629,0.2771530975697106,0.5357824417311396,0.08692395254360319,0.12276391041301703,0.0004191487582291,0.00025704601901165,0.7,0.2,0.4,128,0.0810901514093484,0.1848479349326815
11,35,0.11539124181584061,0.2505270593288479,0.26452876434012473,0.4411988138433204,0.08710942318103622,0.12276391022051034,0.00041926078680339996,0.00025704601340205,0.7,0.2,0.4,133,0.0792781598217767,0.1839488160513024
11,36,0.11519912635463828,0.2608813980383506,0.297305502757313,0.5812561035838649,0.08635825870525238,0.12268389097305116,0.00045090063353913,0.00026607048068833,0.7,0.2,0.4,144,0.0986675648770482,0.1979217045096745
11,37,0.11381609193690627,0.2541121261586616,0.2894298802667437,0.5870106087660644,0.11358262031408373,0.12257912894635602,0.00050525161773195,0.00026532984332171,0.7,0.2,0.4,145,0.0849550492826218,0.1994659672645935
12,0,1.0,1.0,1.0,0.1493741180123649,0.0,0.0,0.0,0.0,0.7,0.2,0.4,1,0.7512946644302961,0.7553220928036443
12,1,0.8828236216209501,1.0042796740127748,0.993235333868069,0.20624549526418137,0.20930110956217854,0.10173503179213075,1.806659977274e-05,2.5021892736409997e-05,0.7,0.2,0.4,3,0.6583691343030051,0.5493105570187297
12,2,0.5147727325361469,0.8138774279095682,0.7717211106998005,0.15446317483855238,0.8473167679275602,0.0989296526837541,0.00024396007576038,0.00029789190312578,0.7,0.2,0.4,4,0.4351324408996769,0.2219932747795621
12,3,0.5012247028680039,0.8078782693597918,0.7717492265411258,0.16305835847933503,0.08731525089028534,0.09792488881983688,0.00024732532841681,0.00031581615419911996,0.7,0.2,0.4,6,0.4054355711092729,0.2075045795576326
12,4,0.4827810680180414,0.7947138952117063,0.7562788220806184,0.1648509918875453,0.08395347829128529,0.09906605939492218,0.00031658966937153003,0.000319763647365,0.7,0.2,0.4,10,0.4579854676228265,0.3271613490362172
12,5,0.4563454362117359,0.7743811944762201,0.73269629569976,0.16099839489943632,0.1501538801104978,0.09817220507714536,0.00025771065995494,0.00033051442954574003,0.7,0.2,0.4,11,0.4462635483970348,0.2444816863670439
12,6,0.45199385216922466,0.774595067571591,0.7398944829010601,0.1647908107701056,0.08187791355034853,0.09771363077991754,0.00032244735321866,0.00039065007950468006,0.7,0.2,0.4,12,0.4157910848983403,0.2550448540566852
12,7,0.43698823700262557,0.7634839126692442,0.7259619420229685,0.1671146052458049,0.1451522968313421,0.10615064778752742,0.00042960092030975,0.00055096402738376,0.7,0.2,0.4,13,0.4907502385186657,0.2306813849752216
12,8,0.41006142905817067,0.744024760696231,0.7099914249381478,0.17189708047408908,0.17650301646600225,0.10811951195943581,0.00020255654177366,0.00030177635538586003,0.7,0.2,0.4,14,0.3689070865368058,0.1789270775921644
12,9,0.3940422905608756,0.7252082106666681,0.6821030295105143,0.16617220455360757,0.10912195985903565,0.09999518936064676,0.00026271717839433,0.0003269602364711,0.7,0.2,0.4,15,0.4043217742670946,0.2076430978415647
12,10,0.3826675883521862,0.722129041242823,0.6915127752916994,0.17091820931386006,0.13858140636182584,0.10698148028143967,0.00026208240006883,0.00033966222191957,0.7,0.2,0.4,16,0.2949558016230076,0.1477052151721901
12,11,0.35317333724814304,0.6848664712253301,0.6343489926180379,0.16503632037570393,0.1965976131458983,0.1065495125690022,0.00026544955502104,0.00032992538828915003,0.7,0.2,0.4,17,0.360246794359317,0.1887613947309254
12,12,0.3413996968998563,0.6759641283733514,0.6310090502097452,0.16522294169735932,0.12281693137556074,0.10537392052272336,0.00033193969382398,0.00040236706239671,0.7,0.2,0.4,18,0.335854593767126,0.1761346907399466
12,13,0.33291803343720355,0.6663320300142884,0.6195363290485933,0.1646800041565709,0.12151882852159919,0.10759780388009324,0.00026735975188281,0.00035601800600134,0.7,0.2,0.4,19,0.3196132276713641,0.1393117229789903
12,14,0.3264343015643463,0.6626298857281228,0.6221377915963051,0.16862048875947336,0.10573858112115288,0.10736058010095907,0.00042113938035616,0.00051043389653011,0.7,0.2,0.4,20,0.332865652811826,0.1650454972101571
12,15,0.3145876232710836,0.6483239877048226,0.6052488440696311,0.1684073144198115,0.14135620828740983,0.10934672809874753,0.00034818209393213,0.00045094832158415997,0.7,0.2,0.4,21,0.3113311568564901,0.1209628221022485
12,16,0.3144079927539237,0.6478131498826183,0.6044326579506697,0.1675186199621047,0.08576546784172195,0.11117039433941511,0.000427705864573,0.00057031731670012,0.7,0.2,0.4,22,0.3267222590901561,0.1174720526986504
12,17,0.3119857315939163,0.6485325041087853,0.6121575783462869,0.1740666440621353,0.09095134811992198,0.11132051550376393,0.00041132260786867,0.00054827629777783,0.7,0.2,0.4,23,0.3190070317813796,0.1177087368126831
12,18,0.27713074998569615,0.6065660664772392,0.5702889159837238,0.1776777047238272,0.17022488504045288,0.11047249265749116,0.00027277007051851,0.00030242331367647,0.7,0.2,0.4,25,0.3087995637917051,0.1826658619809499
12,19,0.25247842852113905,0.5720626534386682,0.5365669216082509,0.16890191197666396,0.1642778965939025,0.11406729373165513,0.00040167709727356,0.00044465703898013997,0.7,0.2,0.4,27,0.3073450291478672,0.188208412950187
12,20,0.24952383631210312,0.5671471389677075,0.5307936412383728,0.17371612262143005,0.10183798833998066,0.11446786692597405,0.00039432009109077997,0.00045814410245173997,0.7,0.2,0.4,28,0.3086148657445076,0.1866979398273872
12,21,0.237863849869879,0.5505791312724595,0.512167597751734,0.16913385336652612,0.10202208410664218,0.10873073056611182,0.00029331531594568004,0.00031642416457485997,0.7,0.2,0.4,30,0.2590867508798142,0.1420870740962342
12,22,0.2330362015052488,0.5412184230430497,0.500968256009661,0.1869236247012591,0.12466879577636773,0.11123066006367384,0.00032281636860526997,0.00038827477187481,0.7,0.2,0.4,31,0.2792737076275083,0.1418677795306246
12,23,0.2218296930327244,0.5248237250170127,0.4887906817460509,0.16810606062712657,0.15980740366161694,0.11103555103375166,0.00037568553788641,0.00040794076588380996,0.7,0.2,0.4,32,0.2570088592744207,0.1649734109191475
12,24,0.21852703939051316,0.5135953567513574,0.4685526172273098,0.17821937602842247,0.11688961819625461,0.11322811560315,0.00039357614771831,0.00042857921222845004,0.7,0.2,0.4,33,0.2551735828007686,0.1502027733127967
12,25,0.19272996410994825,0.4696948158639682,0.43139750590415005,0.1682507198655521,0.2862089473970687,0.11174423823456166,0.00029464110739032,0.00029804668198586996,0.7,0.2,0.4,34,0.1919478394676736,0.2072757688012559
12,26,0.18952393009002585,0.46631959696596287,0.42727867958282556,0.1976532285950312,0.09286297231011463,0.11340553658684224,0.00024478160520878,0.00024670277173915,0.7,0.2,0.4,37,0.1754860760438103,0.1380220502053862
12,27,0.16401404704974235,0.3982331773216588,0.3480358152059197,0.17821724150510956,0.2074916118404969,0.11274380526736835,0.00025224082175099997,0.00025355439780548,0.7,0.2,0.4,39,0.1570995760492455,0.1307490414908342
12,28,0.16252835414767566,0.4022582010567186,0.36659365874310745,0.20576250395653517,0.08178338743418563,0.11219718911400303,0.00025080071829988,0.00023562101022567001,0.7,0.2,0.4,43,0.1509605100491795,0.1373159197967143
12,29,0.16163174105099584,0.406177581012967,0.38486952561893,0.22010165526779218,0.08766254688299845,0.11299429739050211,0.00027662560206161,0.00026006687586924,0.7,0.2,0.4,45,0.1583532299262022,0.14037243175958
12,30,0.1584604538493878,0.3939013056000964,0.3637017506874747,0.2133889613999571,0.09051379659946415,0.11267700847971096,0.00027765419758159,0.00027046794831576,0.7,0.2,0.4,48,0.1547152472253501,0.0786783176018343
12,31,0.1565430250892491,0.39527033601451833,0.3790560438623233,0.23941501933436338,0.10540864683612956,0.11308903510502243,0.0002748010364153,0.00023284041670261,0.7,0.2,0.4,49,0.1558663702830812,0.1290515208496982
12,32,0.15589322391168994,0.3933605151767824,0.3768303648777586,0.2453723449520839,0.08721232284234962,0.11309526624259046,0.00027547759645712,0.00023367005983999998,0.7,0.2,0.4,50,0.15575059010558,0.1292285589676645
12,33,0.15288777400031262,0.3928858849389028,0.38357334010641714,0.2613508420154006,0.07843071902607704,0.10948958808051137,0.00046997669242658004,0.00048044804943872,0.7,0.2,0.4,55,0.158695145357032,0.0957638621227739
12,34,0.1531284706614867,0.3942026565406866,0.3917437559651115,0.2748910819942857,0.0869298163462581,0.11189884396828938,0.00043359409100392004,0.00031035777888893,0.7,0.2,0.4,57,0.168932344283453,0.1043519245345086
12,35,0.14851269610355317,0.3852493030276317,0.3817138575274908,0.2576137793448032,0.10331910913611796,0.10847706206063369,0.00031180887127025,0.00029062214241685,0.7,0.2,0.4,58,0.1324936598187687,0.0884292743784396
12,36,0.14742362965793745,0.3697435120024928,0.36936312876824207,0.2801863598422084,0.10499321039728376,0.11877196935458052,0.00031202129279847004,0.00029539113411074003,0.7,0.2,0.4,63,0.1351832913698981,0.0839912659884418
12,37,0.13490959840313765,0.3384944170312256,0.3404155441582138,0.2796770708925883,0.11254511728963584,0.11391847465463491,0.00032163342248151997,0.00038251206700467,0.7,0.2,0.4,67,0.119026456025937,0.0873991367915582
12,38,0.13434706715432396,0.33942140957988176,0.34835153373525074,0.2968613424231059,0.08655836922856446,0.11431652382046631,0.00032338255561789,0.00038435192076794,0.7,0.2,0.4,69,0.1172733969836773,0.0880100054720884
12,39,0.13395715756633125,0.3380676368828941,0.3467789879466028,0.3106716002120796,0.08157988494135485,0.11427051952373118,0.000348982062867,0.00038284427656722997,0.7,0.2,0.4,73,0.1197105349052262,0.0878945057662139
12,40,0.13242822421764575,0.3331889951750977,0.3411425261540476,0.31976314177696286,0.09888120791023713,0.11386346473122284,0.00034480829618044,0.0003847279705965,0.7,0.2,0.4,74,0.1166847135960115,0.0838818612393419
12,41,0.13358124997781728,0.3335454937134461,0.34131954629734385,0.3599719721583017,0.08361340888079494,0.11587526202241867,0.00038758885903423,0.00045424242165778,0.7,0.2,0.4,76,0.1248477768086716,0.078170152988271
12,42,0.13115540227256975,0.3330395942319715,0.354607503667705,0.3598003955691406,0.08865081825423564,0.11520196160627322,0.00040870627527614,0.0005177157671256,0.7,0.2,0.4,80,0.133376537666824,0.0749628727649092
12,43,0.13194553446061502,0.33370675816166623,0.355246851200511,0.3900833648952837,0.0819448825409589,0.11635689445127081,0.00043405033466333996,0.00057331047445718,0.7,0.2,0.4,84,0.1190496279341908,0.0722983520149246
12,44,0.13083185877872264,0.3347359832690957,0.36344066076019693,0.4065338459345242,0.08557093773903239,0.11559440076806322,0.00039893091683964,0.00052237320403223,0.7,0.2,0.4,86,0.1243581570978914,0.0739112313283626
12,45,0.13034033284547786,0.34021511668564003,0.38362523523411535,0.42406538515544306,0.08284056988146381,0.11560549822471611,0.00040981468771781,0.00054116202613826,0.7,0.2,0.4,91,0.1252354350284704,0.0744367661374599
12,46,0.13068447340540099,0.3363050737670893,0.37207880505797386,0.4212540521595102,0.08489349792763962,0.11636100357068055,0.00045044098164366,0.00054949022799326,0.7,0.2,0.4,92,0.1237202257555603,0.0651112238524789
12,47,0.1274765472521962,0.3343610027095995,0.37710719748196586,0.5289439965172054,0.08033378632620664,0.1129989633424413,0.00047600903298502,0.0004955276751249,0.7,0.2,0.4,111,0.1234274372316184,0.1091480058697928
12,48,0.12601051344392178,0.34417895519451436,0.416195727497064,0.6412439204938271,0.0799428462721683,0.11262467793767206,0.00049019532462135,0.0005061202256083799,0.7,0.2,0.4,129,0.1235799376230357,0.1079385762903437
12,49,0.12640312200342524,0.3451806586425344,0.4173318169994651,0.6606043240134322,0.08008439557686904,0.11290139048445322,0.00047978485270418,0.00049478136291766,0.7,0.2,0.4,132,0.1221093481129198,0.1085033986559751
12,50,0.5253905732316262,0.7439461527962711,0.8160483247528624,1.0955744539595527,0.4789045265744411,0.11182554942968946,0.0005469070129557201,1.0,0.7,0.2,0.4,134,0.117806628625604,0.12182558971935
13,0,0.961468528721043,0.9873567764253498,0.9852710988692541,0.14585045254344722,0.0,0.0,0.0,0.0,0.7,0.2,0.4,1,0.912646890956233,0.7540259584169704
13,1,0.8168987597089425,0.9725662012227784,0.9576405298854109,0.19150224111259256,0.22356248693916334,0.09004237758893824,1.97544396476e-05,2.145181911544e-05,0.7,0.2,0.4,3,0.9161840178664364,0.5545500628955955
13,2,0.5005201560677427,0.8038341165798034,0.760039527976349,0.15158420944093284,0.7911238927332137,0.09881665141559753,0.00021637076483267,0.00022801463586082,0.7,0.2,0.4,4,0.496561582205981,0.2210816952255037
13,3,0.47642236728767307,0.7899410499381341,0.7507346658200289,0.1585775145106053,0.10602225340685574,0.09900000527180362,0.00023550207390759002,0.00023266062039474,0.7,0.2,0.4,6,0.5048276352728016,0.2189805459095669
13,4,0.3835662676282107,0.7115983184966487,0.6595676441663094,0.14237654581649717,0.22915848088533292,0.09824790378703421,0.00012338474504678998,9.20168739058e-05,0.7,0.2,0.4,8,0.3973564992033767,0.163423484337697
13,5,0.36664757362805417,0.6988358768800026,0.6507583751747277,0.14751850183308823,0.11846964860219276,0.1055068918803349,0.00019094994963674,0.0001391639475539,0.7,0.2,0.4,10,0.4018649240403027,0.1509388857762413
13,6,0.3413177027509876,0.6691287316498876,0.6106207940543209,0.14572375563542453,0.07778074469013514,0.09360082243519596,0.0002818192620037,0.00012994231672388,0.7,0.2,0.4,16,0.4125208461336996,0.1947975780779539
13,7,0.3363205089720253,0.6778363521422752,0.647095179218708,0.15504504122761278,0.13066618194762,0.10456947428975387,0.00033659778190685003,0.00028350521323536,0.7,0.2,0.4,17,0.3812287300010869,0.2397333524739484
13,8,0.3363371466530079,0.6740931553808381,0.6357569428508961,0.14735591267791076,0.07585558009026637,0.10524111412107617,0.00031613298176015,0.00025935149086091003,0.7,0.2,0.4,18,0.3854210955928105,0.2102517443694867
13,9,0.2935145030125828,0.6198404370590691,0.5661815001556146,0.15425513136570046,0.2658649988895389,0.10066661911737011,0.00025549006209936,0.0002702273131498,0.7,0.2,0.4,19,0.357282306127047,0.1152610923779503
13,10,0.28058223319246656,0.6030668492029767,0.5467633151171478,0.1456372570523181,0.10293646619453425,0.09961086413873599,0.00026150203624093,0.00025845084605907,0.7,0.2,0.4,21,0.3221661189364623,0.1337300594585775
13,11,0.26394451304424316,0.5770179783846534,0.5098382675331521,0.14065038372679428,0.1519757168946957,0.0967864010525719,0.00033088203060079003,0.00026687208269024997,0.7,0.2,0.4,22,0.2792104831981996,0.1612484182442855
13,12,0.24179014264089588,0.5409694855089102,0.4670925170563333,0.13653772074718595,0.23992645820182554,0.10336493429791721,0.00029943213583119,0.00014240211150606,0.7,0.2,0.4,23,0.3338141651894968,0.1289666941780299
13,13,0.24060983408437467,0.5426052765618931,0.4758577535351126,0.1454476980240003,0.08235608632351439,0.10372830533961783,0.00029440859981767,0.00015458869309741,0.7,0.2,0.4,24,0.271032790639198,0.1722444011799476
13,14,0.22194989523650663,0.5136963786478062,0.44892184576164557,0.144594564730983,0.2122556735853315,0.10506410704382978,0.00038316872944769,0.0001997406845401,0.7,0.2,0.4,25,0.2687920508355637,0.1711134797567578
13,15,0.2003932164676514,0.4791517443770589,0.41601040622745633,0.1378230223282067,0.12057484673408517,0.10134943088800685,0.00034832585342769,0.00020529962436039,0.7,0.2,0.4,28,0.2089757280196575,0.124038680146881
13,16,0.20371687023479806,0.4760004725691083,0.40449504964603183,0.15120214406436347,0.08674535860940118,0.10952038807887109,0.00034771554528054,0.00018155421533916,0.7,0.2,0.4,30,0.2534796324244995,0.1791609361143963
13,17,0.18794027148989098,0.46005543726222964,0.4075088878024813,0.15446601694308396,0.11664456668179458,0.1018687740201874,0.0003275564360261,0.00020620375229203,0.7,0.2,0.4,32,0.1943418490145696,0.1196475456335997
13,18,0.18706869900224882,0.4464441964200744,0.37728446666630217,0.14287610396636552,0.11381571794809642,0.10681639191155463,0.00023205556327815,0.00013225112437025,0.7,0.2,0.4,33,0.1988080810337778,0.1355346494345332
13,19,0.18297835471056448,0.4526244543539235,0.4057542134780321,0.15438091109685695,0.07769720639868066,0.1018687740201874,0.0003275564360261,0.00020620375229203,0.7,0.2,0.4,34,0.1889170133464982,0.1241343614470926
13,20,0.15406543295943304,0.36391195177227786,0.2877708771609812,0.13394423890968965,0.43328478126548586,0.10904232294076978,0.00039600086863226006,0.00022107495319951,0.7,0.2,0.4,35,0.1784539783213166,0.1215238673669165
13,21,0.15125345983856694,0.3556472691983649,0.278136249140361,0.13167527433369683,0.11117041041740885,0.10909868794473279,0.00039447363706846,0.00022217296780254,0.7,0.2,0.4,36,0.1696509756154677,0.1148845394904232
13,22,0.14180188119106965,0.33216072973878596,0.2644917913007064,0.14546365147519336,0.11993993935539053,0.10989000230844367,0.0003365982006721,0.00019636204634237002,0.7,0.2,0.4,39,0.159597104826763,0.0960182631401663
13,23,0.1331311612248027,0.3020991064703513,0.2294455328949563,0.14649127680737337,0.11876650854923067,0.11008334699880057,0.00036755523587058,0.00022762464560431,0.7,0.2,0.4,42,0.140080205889036,0.0816125760786235
13,24,0.13184854777246222,0.30046317867243355,0.2343969934005329,0.15386743085248275,0.0890850958205146,0.11047400954132124,0.00036526555626133,0.00022609459785303998,0.7,0.2,0.4,44,0.1412581925580102,0.0783352179622484
13,25,0.13132333519847456,0.30248839314136383,0.24367303631716658,0.16208580305277492,0.08070357803964336,0.11034837625311884,0.00036567822355404,0.00022641530690168,0.7,0.2,0.4,46,0.139626745619967,0.0782213498066953
13,26,0.12852794708456236,0.29552223530394045,0.2424394071663579,0.17695285130733535,0.08873679884566653,0.11047768941112251,0.00048791512277812003,0.00024955313021476,0.7,0.2,0.4,50,0.1698453475947065,0.1022919482782237
13,27,0.1202357254117584,0.26117539448180105,0.19564206384495147,0.17521222374158252,0.20043900849029445,0.10950227278696234,0.00038169087969497004,0.00022289823426737,0.7,0.2,0.4,51,0.1857848846405123,0.134158436452503
13,28,0.11241240028066439,0.23695866785195469,0.1678999223340127,0.18471079045829325,0.09150638863626306,0.10539769790800013,0.0003917259039998,0.00028455825121548,0.7,0.2,0.4,56,0.1163393961011166,0.0895672969665582
13,29,0.11251558506327401,0.23745021135116948,0.18192491311992967,0.1868390998022745,0.11355435193772002,0.10837815250645248,0.0005324763702353899,0.00033376827115116,0.7,0.2,0.4,57,0.1371835803181973,0.0729293336705381
13,30,0.10690518373000361,0.2136976698716845,0.1476238063257947,0.18681251033827287,0.1505575050241236,0.10609795828654806,0.00038682939577752,0.00027383170414752,0.7,0.2,0.4,58,0.1122142306989042,0.0818884138821343
13,31,0.10837318443034581,0.2158915140930277,0.1702048702677424,0.22665755074891492,0.08454312672207992,0.11192250688071846,0.00053336163019116,0.00033313271778744,0.7,0.2,0.4,67,0.14063044342247,0.0865281818767973
13,32,0.10636817193729944,0.20932515951854883,0.16945177124688565,0.2265043795187234,0.1211575477643608,0.11196531552745219,0.0005438032311693,0.00033950480828866,0.7,0.2,0.4,68,0.1397335112543196,0.0850430831014504
13,33,0.10533945917658558,0.21189465142572328,0.1862681396839036,0.2564145009202396,0.08176522221439257,0.11181237824224408,0.0005315940588541299,0.0003320101220015,0.7,0.2,0.4,74,0.1388355279689261,0.084504136283546
13,34,0.10267564770582321,0.20700269534927607,0.1809216873489393,0.2604756270026504,0.0877359270496412,0.10877013914337595,0.0005132511415429401,0.00032266287925976,0.7,0.2,0.4,75,0.1660677280488953,0.1146205372694374
13,35,0.10321098985798072,0.21014547401789976,0.19135391826680523,0.3018098735666732,0.07763685280828697,0.10980491136556901,0.0008092456932888001,0.00035261208308848,0.7,0.2,0.4,87,0.1643246816972216,0.1032255773633798
13,36,0.10261677733707188,0.2114010996008302,0.19974545281282088,0.3045932735631213,0.0817340803073647,0.10957860061943359,0.00080408476148656,0.00034892584594167,0.7,0.2,0.4,89,0.1548645088284152,0.0981646990701444
13,37,0.10190732305858707,0.21997376031259291,0.23048543785485823,0.3492553584486033,0.07829145406481243,0.10919565720274373,0.00076856469764357,0.00033337634538926,0.7,0.2,0.4,95,0.1601111945721206,0.102521804026381
13,38,0.09817381669443995,0.2008532677804911,0.1947253341662579,0.38666169914246495,0.07982518605803343,0.10633396813289653,0.00073956959993467,0.00051947649572003,0.7,0.2,0.4,103,0.1385924836510247,0.1142266269195665
13,39,0.09736832558250512,0.1918358953211329,0.18405790928793617,0.40222754233405916,0.11703290716855871,0.10773393286660612,0.0007610347879488,0.0005206776828976,0.7,0.2,0.4,104,0.1431670223825401,0.121923707571372
13,40,0.09844643131146995,0.18840583099436936,0.18650132310244164,0.40383849984161624,0.08883848143236905,0.11173139200149895,0.00078255529614869,0.00052946183883917,0.7,0.2,0.4,108,0.13140216194048,0.1164411987285104
13,41,0.09561172984427031,0.17022364094046324,0.16528147369044507,0.4096587395773444,0.11678791346937734,0.11206057572560123,0.00077741877606261,0.0005342459753199401,0.7,0.2,0.4,110,0.1335990459406973,0.1208414235200011
13,42,0.09601008131442486,0.16876150583119906,0.16345332975800966,0.43518222547253976,0.0826187681509753,0.11314087911514112,0.00077961595795061,0.00053385114435233,0.7,0.2,0.4,113,0.141836712266746,0.1257975509336139
13,43,0.09735160401089739,0.20501699722730757,0.27442043974925023,0.48845903194497325,0.08177192399999073,0.11576057672528912,0.00077444171988383,0.00037079202684358,0.7,0.2,0.4,138,0.1225642053145807,0.1334570201107688
13,44,0.09402256700044254,0.19587493853284002,0.2709301910974056,0.5264303869755652,0.10299679754161191,0.11353621598574054,0.00077606128048058,0.00035682856155881996,0.7,0.2,0.4,140,0.1188212263291639,0.1503671894392157
13,45,0.0922373732346413,0.19571531114605664,0.2846700942514242,0.5158751979855961,0.093198134395151,0.11246831566183595,0.00077079206868931,0.00038803729451229003,0.7,0.2,0.4,142,0.1211236932147107,0.1186853505791436
13,46,0.09222152996392953,0.19563331992013827,0.28457520706231915,0.515849709660286,0.07919695070809087,0.1124626607048497,0.0007714913790048,0.00038783082978693,0.7,0.2,0.4,144,0.1211263805648014,0.1189363258760552
13,47,0.09229902010023867,0.19940349312212044,0.29585652011025737,0.5462836900916611,0.0791224593931687,0.1125774503504806,0.00076730738324971,0.00038651425560347,0.7,0.2,0.4,147,0.119354576729166,0.1159741096846768
13,48,0.09124748715626768,0.19803781202881907,0.2944301440724614,0.5419119959450461,0.07958177773379634,0.11115536322434265,0.00075560476319365,0.00038652504603732,0.7,0.2,0.4,148,0.1167575784626806,0.1209520221967053
13,49,0.09040864390639254,0.1897429576486034,0.2778940855452741,0.5205947453918593,0.09611919312884833,0.1109285837724507,0.00073092577512642,0.0003505338296244,0.7,0.2,0.4,149,0.1166995129512117,0.1241628516452504
13,50,0.08952249521224466,0.1835070473097888,0.27062235696905784,0.5117082367172938,0.08663255492913066,0.11101408037558907,0.00067171804579711,0.00033767452736824,0.7,0.2,0.4,152,0.1182362491841926,0.1201149182014951
14,0,0.9520472345350648,0.9841910438944128,0.981583020781091,0.1449681649485544,0.0,0.0,0.0,0.0,0.7,0.2,0.4,1,0.9564134076359152,0.7583122930723579
14,1,0.8409702453047133,0.9867792449796498,0.9730202866320741,0.20061401680938176,0.20958849255914572,0.10024168350686971,1.786361783328e-05,2.539782200407e-05,0.7,0.2,0.4,3,0.8297803503327316,0.5491667238064087
14,2,0.5118254764297859,0.8117004859655574,0.7692562069469778,0.15354524006990777,0.7862124826408605,0.09831076174234149,0.00024140806465527002,0.00030391014504769,0.7,0.2,0.4,4,0.4485780258191583,0.220753951669908
14,3,0.3859267540199187,0.7101098016762912,0.6509586285515924,0.1296521360210907,0.27753234773575197,0.09798320172561537,0.00010589082791949,0.00015062586477932,0.7,0.2,0.4,6,0.5010562820345462,0.1393857546553547
14,4,0.3659845689256795,0.6944857796731674,0.6396192309381603,0.13082306866335836,0.1092906870951487,0.09830196839201556,0.00013238890607736,0.00018740441330638002,0.7,0.2,0.4,8,0.4780409185033034,0.1441981682928446
14,5,0.32228600068218205,0.6489589661820877,0.5881646999200562,0.11685632072271442,0.13342408450592533,0.08461016591319706,0.00010774031814281,0.00017378465556275001,0.7,0.2,0.4,10,0.4852700904015301,0.1741022640565198
14,6,0.30352523174674695,0.6314194971486301,0.5749030094115365,0.1157196132762061,0.09815080840959371,0.08228985229594882,0.00011160706650327999,0.00015499791627327002,0.7,0.2,0.4,12,0.4297433750244227,0.1866192312500118
14,7,0.30326350930302604,0.6249457701014545,0.5584941283367924,0.1289455549934295,0.1301429936099038,0.09933734324972555,0.00015095299296285,8.101724610212e-05,0.7,0.2,0.4,13,0.3461508859698599,0.1421750952546555
14,8,0.26752777099390646,0.5785231010663188,0.5102026948177799,0.12565214962974797,0.19380751458321832,0.10889741253203065,0.00027770297551717003,0.000149044612294,0.7,0.2,0.4,15,0.3402814009326758,0.0901651900687431
14,9,0.21626550942376557,0.5061085920187038,0.4284021311396941,0.09922562828073407,0.1780150830313261,0.08679674475882217,0.00015840118025451,8.853752977007e-05,0.7,0.2,0.4,17,0.2880988966970536,0.1661222701568711
14,10,0.17018185740825797,0.4107244603495392,0.3231458634098379,0.08560822448555788,0.2855872765057382,0.0957203589992347,0.00028145009449080996,0.00015457851359962,0.7,0.2,0.4,19,0.2297952501962922,0.1721356791301301
14,11,0.16322235453164594,0.39264542967078236,0.30202294906521276,0.08262331113169437,0.1414113785200076,0.09624823475611236,0.00028791591702693,0.00015881313887767,0.7,0.2,0.4,20,0.2358655693789173,0.169568832181991
14,12,0.16203035471294355,0.39333660290358063,0.3097303210698423,0.0889201480800391,0.07369524741524482,0.09624823475611236,0.00028791591702693,0.00015881313887767,0.7,0.2,0.4,22,0.2297823993719639,0.1723046580635015
14,13,0.1621835344405031,0.39522654613150215,0.31859833612386557,0.1157005338262001,0.07339574198512197,0.09829279862017959,0.00028657780203399,0.00015722951679597,0.7,0.2,0.4,25,0.2231352792892048,0.1554090148465172
14,14,0.16218319811369875,0.39577953618972633,0.32581473033243086,0.1124098553956977,0.07624574365267996,0.10117152428542431,0.00028048856589074,0.00012421735250307,0.7,0.2,0.4,29,0.200194890942201,0.1119519648494738
14,15,0.1510785471529802,0.3757525565532825,0.3099755763100368,0.11993723781582494,0.0792347889806362,0.0960349009110569,0.00034184519909462,0.00014977069095927,0.7,0.2,0.4,36,0.2320912314575366,0.1272927877965017
14,16,0.14805515337840025,0.36342831944541554,0.2952724839083622,0.11503218309527626,0.08929712362422416,0.09903682507131961,0.00031681703839093,0.00014849748193105,0.7,0.2,0.4,39,0.2108811998528207,0.1046824170706358
14,17,0.1262291479244204,0.3049772144907588,0.24122822917145367,0.11362829425816405,0.15658372714513955,0.09690820000709056,0.00032693757394861,0.00015537675836135,0.7,0.2,0.4,42,0.1926158318209434,0.0818238579366565
14,18,0.1296631470634982,0.30672037521119716,0.24258624299579193,0.14125073045394307,0.07359291549663916,0.1027423294736053,0.00031241260465986,0.00014714541498955,0.7,0.2,0.4,48,0.1900301977676767,0.0592880049928655
14,19,0.12863316414369233,0.30410678243762834,0.23960813671461983,0.1402311226401371,0.07619497267754,0.102171546037285,0.00030085593414016,0.00014180487387837,0.7,0.2,0.4,50,0.186918109813933,0.0574470114547497
14,20,0.11568602928882753,0.28144964096060066,0.21473669409008872,0.12085838865350074,0.11774416553580776,0.08895801241211429,0.00035743000820502,0.00015101230153176,0.7,0.2,0.4,51,0.1636635997841843,0.1141236345497731
14,21,0.10365184112083972,0.24027603133687578,0.16710232892959587,0.12072578812633533,0.2219670197927415,0.08608985040622893,0.00034919603045772,0.0001484918365441,0.7,0.2,0.4,52,0.1541675378870065,0.0983005312850155
14,22,0.09947700919977799,0.22559582370227205,0.15686852100569157,0.11792198705736541,0.08628000396810227,0.0863872662728277,0.00034503049844922,0.00014625221949826,0.7,0.2,0.4,55,0.132929095688047,0.0844688656132282
14,23,0.09723819304511272,0.2163264330525925,0.14610612562272884,0.14024847368709856,0.06654948471721876,0.08607045497758598,0.00035053269770025003,0.00014999055280425,0.7,0.2,0.4,61,0.1307908178154051,0.0945816629331246
14,24,0.0970064151045436,0.21904988650686655,0.15618381802200235,0.1465352806018526,0.06236520235010393,0.08604719339972508,0.00035010205249617996,0.00014946869531481,0.7,0.2,0.4,63,0.1313953959295082,0.094367655892069
14,25,0.09595282750585685,0.21753870160089853,0.16130554712091197,0.17416732557893844,0.06783886806158118,0.08622003219649894,0.0003502308996759,0.00014987198812995,0.7,0.2,0.4,66,0.1295452641906928,0.0934674044675381
14,26,0.10102930319543252,0.21877072829043867,0.16172430319419145,0.15654179885114025,0.07354788901489775,0.09502352762158542,0.00036667750389981997,0.00014033187922773,0.7,0.2,0.4,69,0.1407285520683352,0.0903245325053108
14,27,0.10126991478555557,0.21769226073221415,0.16036404574480306,0.18422252093560618,0.06852517151875595,0.09592283709785085,0.00036692603025824,0.0001404949366844,0.7,0.2,0.4,75,0.1442288695164718,0.091202463762654
14,28,0.09356289236198613,0.206353390595956,0.14827402018573557,0.23311923766139722,0.062382642661130874,0.08621732088430731,0.00038074427625476,0.00015442735148152,0.7,0.2,0.4,83,0.1291400334523344,0.0930152631697359
14,29,0.09326873495355431,0.21686502213068168,0.18125995339301096,0.2461256750116087,0.06485107963838908,0.08593898527287984,0.00035169566759088997,0.00014751862299537,0.7,0.2,0.4,84,0.1299654602366262,0.0935234667560276
14,30,0.2933972906750201,0.40904237292341994,0.3582977088078495,0.43213904038094814,0.2614866301384375,0.0862232311932936,1.0,0.0005030689921422,0.7,0.2,0.4,87,0.1297421690450852,0.0936849383569816
14,31,0.29283937002239396,0.42150583582189255,0.420673331815068,0.5310748675484182,0.2657528570881735,0.09037987430208916,1.0,0.00019151191369354,0.7,0.2,0.4,115,0.1439418536384765,0.1084465036167064
14,32,0.0929308425242227,0.2252746441804798,0.2319496145082752,0.37668259608334714,0.06347173261616469,0.09037860508573799,0.00050440033387237,0.00019144345412527,0.7,0.2,0.4,121,0.1439254937570721,0.1084485317953879
14,33,0.09291878554463866,0.22111093236271845,0.22017903272076883,0.3397952324368169,0.06472776083342185,0.0905302588839766,0.00051597192441362,0.00018925790487505002,0.7,0.2,0.4,123,0.144235357731915,0.1123649920629267
14,34,0.2925611534268937,0.4312397995191321,0.4527198673868972,0.7179143803485574,0.26350146895445425,0.09037719402438482,1.0,0.00019444371217123998,0.7,0.2,0.4,143,0.1433391366911529,0.1090768616248701
14,35,0.29256115342899336,0.4312397995194207,0.4527198673871858,0.7258343375722265,0.26334210865839125,0.09037719402479315,1.0,0.00019444371217815,0.7,0.2,0.4,145,0.1433391366974798,0.1090768616249911
14,36,0.2925507119477611,0.431193213301627,0.45266584112857544,0.740970097176021,0.26352518624651916,0.09037513703043656,1.0,0.00019440922700603998,0.7,0.2,0.4,146,0.1433072392208655,0.1090761305636503
14,37,0.2924297586554944,0.4269721972813525,0.440850332458838,0.7279951396114679,0.2635365847069513,0.09034050676000223,1.0,0.00019351971348788,0.7,0.2,0.4,155,0.1430881816561199,0.1090552668523355
14,38,0.29171013343563196,0.43063631542089315,0.4589198895002117,0.7734533028179764,0.26720284662408117,0.09037165485660444,1.0,0.00019160994223397,0.7,0.2,0.4,159,0.146799215725758,0.1074745052699407
15,0,0.9654103614824487,0.9886723584616751,0.9868036367982167,0.14478325528611882,0.0,0.0,0.0,0.0,0.7,0.2,0.4,1,0.904028468796332,0.7482801043275974
15,1,0.6717771269350621,0.9076057615779848,0.8739565649717457,0.17703825820303323,0.37974130106075416,0.09903428933413135,0.0003980143841637,0.0008396587932615,0.7,0.2,0.4,3,0.5838052142882767,0.4675689842327974
15,2,0.6454330061286998,0.8902645878126255,0.8544441288520221,0.17149319469383048,0.11416913960606262,0.09318660338048619,0.00032014965246363,0.00066309821645994,0.7,0.2,0.4,4,0.5554961058404841,0.4166412250679515
15,3,0.5035541391172037,0.8037782838204091,0.7529928940069199,0.1530158532424561,0.44197216947942447,0.09909636375651541,0.00046687931077729996,0.00081590738501431,0.7,0.2,0.4,5,0.5029870190605904,0.2675256330830473
15,4,0.42854536906732943,0.7481359628237076,0.6951406977799599,0.1407637645157111,0.30691280759378037,0.09897858793016624,0.00012287198040307,0.00017662096637199,0.7,0.2,0.4,6,0.3533505330840572,0.2068222864333386
15,5,0.41533905334674154,0.7410541465831327,0.6930959253635471,0.14594418361312678,0.10457620514307381,0.10495172009226984,0.00017865102248447998,0.00025679993218181,0.7,0.2,0.4,8,0.3701537855177191,0.2155064056381714
15,6,0.3989994856992276,0.7300571708183472,0.6871682003124513,0.14881263508670603,0.10428877148590321,0.10511085938742876,0.00019189417153067,0.00025585264464186,0.7,0.2,0.4,10,0.3510793918110158,0.1752358757391407
15,7,0.3359435761403649,0.6673036346915356,0.6159065372487447,0.12922027314733187,0.16890174102114297,0.0891957502133191,0.00013979544755779,0.00018497987835171001,0.7,0.2,0.4,12,0.3508230485673628,0.2246008660650817
15,8,0.30969587576993285,0.6406234781701803,0.5909123558918352,0.13190500616567752,0.14034407341552646,0.09616149162497238,0.00022630002366978998,0.00030031644554932,0.7,0.2,0.4,14,0.3659420327308825,0.2527480230527004
15,9,0.30926516937010756,0.6401680905229197,0.5904320080286212,0.144868603119521,0.06748609930980172,0.09573437754428762,0.00021919399745033,0.00029084197948746,0.7,0.2,0.4,16,0.362049168252985,0.2482126313878812
15,10,0.277235563467602,0.6019686807577975,0.5455969587036033,0.14397125627042154,0.15873432432612136,0.09855644426523448,0.00029372158065366,0.00037504972672983,0.7,0.2,0.4,18,0.3140533050849227,0.2386895267269501
15,11,0.2519191462866516,0.5658563635999506,0.5035648175112525,0.13647433747945018,0.2175946133672486,0.09818092619626667,0.00029084684671886,0.00046450889710308006,0.7,0.2,0.4,19,0.3483635816621497,0.169952819166342
15,12,0.2472782567895539,0.5589046563085269,0.5023051753557776,0.1309475610817954,0.10115028764277655,0.09878824847055226,0.00028775740891465,0.00036309552155766,0.7,0.2,0.4,20,0.3273917726091824,0.2348147538021895
15,13,0.22871309154271843,0.5364636903608464,0.4900301046364495,0.13972267070292776,0.09936708803698568,0.098225010940148,0.0002732250487592,0.00039400921480063996,0.7,0.2,0.4,24,0.2650896647165081,0.1962580072715603
15,14,0.22767968273285868,0.5305959844245017,0.4761987668050703,0.1481334819280176,0.080767179833661,0.09900097144533669,0.00028612103413608,0.00044555305821508,0.7,0.2,0.4,25,0.3607264467661035,0.1785786746693674
15,15,0.2255746659568804,0.5291697557749351,0.4810984897808779,0.1559372667718465,0.10132981272963651,0.10190895296910542,0.00026432626173179,0.00053451729292586,0.7,0.2,0.4,26,0.260154189090252,0.1349394602194331
15,16,0.20387332484964207,0.4940312473503341,0.4473017178110532,0.13528246180739228,0.22449673008158613,0.09989827195021045,0.00027795118324093997,0.00046558432219794,0.7,0.2,0.4,27,0.2899619679500843,0.1165636257413007
15,17,0.19066113619983124,0.4632535198656736,0.4045137002990145,0.1346582421336857,0.10782709164449703,0.10022804976049135,0.00025087838293117,0.00036747901769332,0.7,0.2,0.4,30,0.2877839195405313,0.0807209467665976
15,18,0.16840882174354188,0.41614773133045335,0.35654171405206136,0.14300334132629386,0.1751122135941273,0.10006830520944665,0.0003377753624226,0.00056436593833553,0.7,0.2,0.4,32,0.2218306093309392,0.1229537004271953
15,19,0.16108457534373924,0.40014342862489594,0.3381640232501183,0.13737629612636218,0.09839512488035085,0.09760541895463133,0.00038731153216282996,0.00080610475478492,0.7,0.2,0.4,34,0.2241563593766308,0.0966405868772692
15,20,0.15753770145788126,0.38767397388242797,0.3298655463676511,0.14943745739787384,0.1564075788494142,0.10341127985213705,0.00039775150115051996,0.00085739824068791,0.7,0.2,0.4,35,0.2408484577172393,0.0950464149496787
15,21,0.15582704922127255,0.38836987736635703,0.3377371346850105,0.16252816289771915,0.07608739156949815,0.10199633772241783,0.00041080937218825996,0.00092188920976762,0.7,0.2,0.4,37,0.2477800334125429,0.1028330447105904
15,22,0.15581889128472176,0.39206362438056114,0.34894297049675077,0.17181662973243017,0.07186532900690897,0.10199287050399991,0.00041037851279634996,0.0009208478164905101,0.7,0.2,0.4,40,0.2476090728380515,0.1027643338214343
15,23,0.15301054356140123,0.3860437361021443,0.3420948934573986,0.16941703696594992,0.08119727861648016,0.10056317938830939,0.00041352984794451,0.0009221901470427001,0.7,0.2,0.4,42,0.2300320216745418,0.1194997026398471
15,24,0.14958294349069076,0.3818336500935924,0.34425182485388023,0.18158093547174228,0.08422394775075151,0.09918010516535021,0.00042829612656979,0.00092080241470332,0.7,0.2,0.4,44,0.2139687810414165,0.1199035233775727
15,25,0.15046266457293747,0.3781401797761732,0.33282526489038755,0.1798798130852189,0.07395591587251486,0.10108212417453473,0.00046836270225844,0.0009297283394222999,0.7,0.2,0.4,46,0.2294251735900687,0.1207866984612776
15,26,0.152069139776227,0.38246101313426667,0.34440815940861635,0.196409884246315,0.07967669441227865,0.10412270983156532,0.00044981684374097,0.0009663572433038101,0.7,0.2,0.4,47,0.213463342576109,0.1147946456930671
15,27,0.1495056167078483,0.37877339677648253,0.340436976735553,0.19653536259360965,0.07847957176885864,0.10134285140974313,0.00042183674930447,0.00092391259105372,0.7,0.2,0.4,48,0.253326310993863,0.1197798145881614
15,28,0.1492884941285925,0.3816856941700332,0.35071716809745235,0.21298445256711315,0.07270367246602641,0.10146966820307345,0.00042794868013159,0.0009221920405039399,0.7,0.2,0.4,51,0.221135323470583,0.1218004458440107
15,29,0.14990560460873661,0.3811074581061496,0.34983849270226974,0.22305661329088258,0.07422907573344835,0.10324670803640427,0.00042762181450433,0.00092012112313137,0.7,0.2,0.4,56,0.2218385822430581,0.1245726361586822
15,30,0.15008643180329104,0.38734846546341734,0.37076700690904524,0.23933426605495356,0.07788265105221222,0.10447778338381433,0.00045663812662571,0.0009712047253686301,0.7,0.2,0.4,58,0.2530371796394589,0.1161428927591161
15,31,0.14795519256850675,0.3830763576541614,0.36596065417294665,0.24068399222510295,0.0859372330090695,0.10305728055436482,0.0004050809040596,0.00089880719694192,0.7,0.2,0.4,59,0.2420483447920407,0.1012410839409389
15,32,0.1492201895342335,0.3878201454329903,0.378161013077752,0.24854523107766058,0.07541355394038375,0.10497647147933892,0.00044403153107227004,0.0009795220236439501,0.7,0.2,0.4,60,0.2342213570012432,0.1153085717471401
15,33,0.14954295549828034,0.3876485213607783,0.37786648735495165,0.2490271450346613,0.07760763268428979,0.10585189657199627,0.00040834466094265997,0.0008985944127787601,0.7,0.2,0.4,61,0.2228894044419356,0.0954563706987245
15,34,0.14747479114420445,0.38356533070783316,0.37328363714771484,0.25666764448153956,0.08597646515980115,0.10432543849207283,0.00042515524223268994,0.0009255645009353299,0.7,0.2,0.4,62,0.2203612008806802,0.1109198698537362
15,35,0.14725468390512825,0.37862920257719324,0.360584755594894,0.24987019033938757,0.0799721207938642,0.10470719749546234,0.00043557214480985,0.00095307070819489,0.7,0.2,0.4,63,0.2207198425998482,0.1147647938237958
15,36,0.14442607013441336,0.37883022141279354,0.3747355461008099,0.2940548983419003,0.07645595110991386,0.10373787927770645,0.00050290793595219,0.0009155685828881801,0.7,0.2,0.4,71,0.2263559707414436,0.1147467804460799
15,37,0.1441291248608347,0.38005381739869987,0.38293922422632976,0.3175752445250394,0.07650841001136965,0.10476938627726376,0.00054839460694517,0.0009664793526291701,0.7,0.2,0.4,76,0.2277833389130354,0.1143660853703109
15,38,0.1430712438831187,0.37674415229381497,0.3790828680381588,0.33729989888431605,0.07656686739355091,0.10478056639989265,0.00055009093920022,0.0009569002854179799,0.7,0.2,0.4,81,0.2427485000043308,0.117639273142227
15,39,0.1424713826543169,0.378554711069206,0.38809321912842765,0.35414266517042536,0.07646626984839934,0.10478730510745335,0.00057590712923514,0.00094909522909324,0.7,0.2,0.4,84,0.2306413231681697,0.1234088447150214
15,40,0.14208979191783952,0.37734455808586914,0.3866830761807569,0.35732469525104693,0.07885363991867204,0.1047846747595597,0.00056560262386434,0.0009641994762640399,0.7,0.2,0.4,85,0.2360391681684013,0.1186103888311762
15,41,0.14176171495250903,0.3796993772987382,0.3963046090797187,0.3639609088302708,0.077121963593079,0.1049912294496341,0.0005580960308915999,0.00096996276341257,0.7,0.2,0.4,87,0.2296545922369461,0.1149818829519258
15,42,0.1416855774725168,0.38687131582781575,0.41846353339288556,0.4029635439608653,0.07413930201771746,0.10499131001661006,0.00056441916786975,0.00097611118711799,0.7,0.2,0.4,94,0.2322410931204079,0.1158496013765431
15,43,0.14254981809356884,0.3875051344388459,0.41904190681347786,0.407391391133231,0.0763084595032761,0.10639157364428885,0.00055260824671279,0.00095603685411511,0.7,0.2,0.4,95,0.2318671472461314,0.1008381142755514
15,44,0.14139546927897684,0.385773712926864,0.4171717963256959,0.42069864413631575,0.07579678447436952,0.10509393685889534,0.00057601972788279,0.00098853204174784,0.7,0.2,0.4,97,0.2390123939359266,0.1202247764583619
15,45,0.1395395170646048,0.40186083873127976,0.47068390369879803,0.6170773512554855,0.07259000651060764,0.10287697606715196,0.00052578583131611,0.00095265445584984,0.7,0.2,0.4,139,0.1786173081015614,0.0915125425894583
15,46,0.13978226492490672,0.40563501747794006,0.4819293915727762,0.6393935230733204,0.07336624636711586,0.10326597465386103,0.00054315564765427,0.00107503628426036,0.7,0.2,0.4,141,0.1784006301189953,0.0926609888105163
15,47,0.13886603664466424,0.4108800261003714,0.5019011959774206,0.6369329796892873,0.08001622542636803,0.10285713811223976,0.00057547352409094,0.00090820204134591,0.7,0.2,0.4,142,0.2079726561050776,0.1331427345169414
15,48,0.13774400648275686,0.3996606781906717,0.4750148192096518,0.6338517446662377,0.08851467534325119,0.10294475568607094,0.00053732981412606,0.00095297522246467,0.7,0.2,0.4,143,0.177342205037126,0.0917541987435203
15,49,0.13764852530030963,0.4062949071630341,0.4965132242947046,0.6535915157288367,0.07687668440329071,0.1032764964009073,0.00054502771855333,0.00089427053319457,0.7,0.2,0.4,144,0.1715559161975012,0.0910797453853772
15,50,0.13737434036783225,0.402231599502818,0.4849168798549219,0.6533203805555464,0.07298353209966003,0.10294369076795974,0.00051109701209836,0.00089407928876169,0.7,0.2,0.4,145,0.1715981339594267,0.0911422891009056
15,51,0.13219156107297386,0.43195659622726423,0.5892635250545717,0.8880714630631178,0.06862992499623269,0.0969247435041129,0.00053100754207651,0.0008735784078408,0.7,0.2,0.4,185,0.2045405741125063,0.1022102828042738
15,52,0.1318523549861855,0.4343279555690024,0.598912949391928,0.8969763151413552,0.07429621392393031,0.0970291422676005,0.00057449577225951,0.0009021722376694799,0.7,0.2,0.4,186,0.1993540815777371,0.1017175739436625
15,53,0.13157214903857023,0.44470705906752767,0.6317233864285051,0.932147921373626,0.06860117798308686,0.09698656761966581,0.0005217498607717,0.00081457412248176,0.7,0.2,0.4,196,0.1972249986464732,0.09761297343838
16,0,0.9081798514913791,0.9690429367197793,0.9639359746098705,0.1393125365677698,0.0,0.0,0.0,0.0,0.7,0.2,0.4,1,1.139047438471765,0.749986130699958
16,1,0.8276686828767479,0.9777045101115838,0.9634505454986829,0.19370417872510526,0.17846240739006636,0.09157139707386011,1.318918898962e-05,1.597850472548e-05,0.7,0.2,0.4,3,0.8653270386196453,0.5481000077896104
16,2,0.4636367032630015,0.776356359022542,0.7280941147768755,0.14363905280314967,0.9192245249548022,0.09818868144882073,0.0002662757631412,0.00031235313981541003,0.7,0.2,0.4,4,0.6642618251967508,0.2451086822443269
16,3,0.4468112354454198,0.76646308360617,0.7237523002383665,0.14438287770168234,0.09174545648927587,0.09575868031053388,0.00026603997046618,0.00030167922254126,0.7,0.2,0.4,6,0.6291472055198388,0.2393717868055911
16,4,0.4468202756274289,0.7664725307581031,0.7237614327967659,0.14640633401582204,0.06722412453225181,0.0957747941303955,0.00026606791795636,0.00030175575507968,0.7,0.2,0.4,7,0.6292464439849245,0.2393171310682624
16,5,0.3720933957341636,0.6968320357262955,0.635357626707572,0.13368613212731636,0.35073195627568043,0.09911600679192155,0.00013805358626369,0.00016477315222377,0.7,0.2,0.4,8,0.5510207450022133,0.2050854463856452
16,6,0.36895132802242897,0.693730308419728,0.6317419397841387,0.13484410795835206,0.08233831208197535,0.09911756740404325,0.00014216373159423,0.00019386116663916,0.7,0.2,0.4,9,0.5529958805076957,0.1950688450907353
16,7,0.3573574255411288,0.6856041089404581,0.6285116648730011,0.13958789911402433,0.13899646135915134,0.1048415735292332,0.00019901103784444,0.00023778329162783997,0.7,0.2,0.4,10,0.5502294815169696,0.2013416891365724
16,8,0.33559401234243147,0.673437471500702,0.6352473407682256,0.14213908935561503,0.09505415180651781,0.10307532199122563,0.00020324513894795997,0.00025355755664587,0.7,0.2,0.4,14,0.4884675668752294,0.1158166654884849
16,9,0.3313304692814895,0.6723305733787533,0.6407995155611919,0.14755160936570322,0.08335542283953304,0.10359166417342087,0.00021146712758485998,0.00026310421175071,0.7,0.2,0.4,16,0.48618883409344,0.1387138029014704
16,10,0.3086991579688875,0.6428312754136045,0.6001343662626257,0.15057839908526977,0.11465486768149015,0.09840804144028356,0.00016363331742873,0.00022239756136886,0.7,0.2,0.4,18,0.4080409788510625,0.2402066909967166
16,11,0.301915166311743,0.6403841263024119,0.6100440815510857,0.1602709381619848,0.14214581942961174,0.10728698444688525,0.0003387651973334,0.0004165014569,0.7,0.2,0.4,19,0.385708086667635,0.2002772714962247
16,12,0.2863352983918047,0.6167166185882628,0.575736757648204,0.15507697989943145,0.1525669382507715,0.10589714304769823,0.00026361545955004,0.00035828544127997,0.7,0.2,0.4,20,0.374821745828069,0.2408361867570413
16,13,0.2736455478104106,0.5991993561428123,0.555278555442186,0.15315600853106776,0.1484120175455298,0.10630754496862013,0.00031702984442789,0.00038830671283094,0.7,0.2,0.4,21,0.3826759097655861,0.2571492787257028
16,14,0.25592435784921425,0.5725046268930214,0.5239981876140867,0.14458422742667568,0.13291587311792452,0.10771298388434641,0.0005061070751706199,0.00058962760726005,0.7,0.2,0.4,23,0.3620671276790528,0.2317269922415325
16,15,0.23787262677914575,0.5515913438851268,0.5135912207807132,0.1499885917367671,0.18784541842996844,0.10662492333503887,0.00028041527719932003,0.0003043194522685,0.7,0.2,0.4,24,0.3410288907141309,0.1617906766519534
16,16,0.2317571350324968,0.5449638542343662,0.5127710614563937,0.160599980871444,0.09621139618043717,0.1066307799936454,0.00029232110860717,0.00031133076423691,0.7,0.2,0.4,26,0.3379013913971303,0.1811484141504177
16,17,0.23013903923985934,0.5479285481405162,0.529656755410232,0.1897872077966972,0.08105076811645032,0.10979441925467101,0.00036246375697022,0.00038603478689797,0.7,0.2,0.4,33,0.3267847680026522,0.1730621643680898
16,18,0.20202821670482912,0.4917937982458716,0.45751393779009697,0.1834571575311781,0.10646011141196403,0.10813777575650423,0.00072288383835918,0.0007608502834588399,0.7,0.2,0.4,40,0.3750175289261369,0.2992785826414593
16,19,0.19861105973515253,0.48084466796769143,0.4378306777753114,0.19254495855520826,0.10679776880954095,0.10848770064702258,0.00061468656859347,0.00059093099596742,0.7,0.2,0.4,41,0.3242371561553143,0.2486967365565639
16,20,0.1964327065039888,0.4767845375799496,0.43317893969897586,0.19969015888298342,0.08322206411189847,0.10780412016015645,0.00069735948988351,0.00056088169721138,0.7,0.2,0.4,43,0.3643332102113492,0.2733169402263473
16,21,0.1961842027589246,0.4756911662700723,0.4318218374069677,0.20525636170598702,0.08292709482829481,0.10842119199215926,0.00072779542433438,0.0007296605183415,0.7,0.2,0.4,44,0.3621855572869677,0.2767517000604344
16,22,0.19525149301740663,0.47422584834382875,0.430190770455382,0.2141071005026851,0.08001510064640473,0.10781626810472351,0.0007071850526905201,0.00064666935623151,0.7,0.2,0.4,45,0.3619499685757888,0.279536138384612
16,23,0.19470866097272518,0.47678505392630927,0.44007545963713024,0.21941489515434973,0.08059054318894189,0.10780629928159839,0.00070806979368674,0.0006476435181674699,0.7,0.2,0.4,46,0.3695757370752052,0.2730830348373485
16,24,0.1944735942791952,0.4725649001391216,0.42825606564329627,0.21364305201934566,0.07799041945532934,0.107831442629028,0.00070920621554849,0.0006157966938147199,0.7,0.2,0.4,47,0.3838792538239397,0.2692070096783683
16,25,0.19248349814907037,0.4753465241564054,0.4452516704337774,0.2279301868405156,0.0965489850587613,0.10817287229915466,0.00075229483694624,0.00074445088309317,0.7,0.2,0.4,48,0.3212877545623793,0.2414265876282105
16,26,0.1909238067173531,0.4682735613850608,0.4301162563362866,0.24915052665941628,0.08982672073515759,0.1078823773068219,0.00075914255196768,0.0011493478171489498,0.7,0.2,0.4,49,0.3998424338366146,0.2937068635331267
16,27,0.18398279793411518,0.4595941314448593,0.4337334913511191,0.23186509561305876,0.145320415904883,0.10881783613798587,0.00072486982089165,0.00068047264356781,0.7,0.2,0.4,50,0.3330404083129418,0.2918134822291212
16,28,0.17618793620803638,0.44117935895555693,0.41230182522348124,0.24153371357094805,0.10146776826613195,0.10855612675282397,0.00075166386115337,0.0008071881611844301,0.7,0.2,0.4,53,0.3400736818268959,0.3009367848114668
16,29,0.17477334171090372,0.4499225936916447,0.44331594720938966,0.26815525889859076,0.07669696621529978,0.10712025916480136,0.0006875760662882,0.00150510475068153,0.7,0.2,0.4,60,0.2838904592856497,0.2703170259195518
16,30,0.17276176545582944,0.44234440949927906,0.42770770372463235,0.25996957576571605,0.0814286242939386,0.10640394203017238,0.0007505465818455601,0.00087339373400204,0.7,0.2,0.4,62,0.2665758204671784,0.267773024637969
16,31,0.17126827217211915,0.4384894260421312,0.423201264264829,0.2747845328311479,0.09136381870909151,0.10660127014066109,0.00070010026858092,0.00078836212831409,0.7,0.2,0.4,63,0.2786215412729901,0.2559892475829896
16,32,0.16790427012471706,0.43001459640921663,0.4133326917192386,0.2757785642083641,0.09249253687136276,0.10659434404515113,0.00065014217248746,0.00075964623503297,0.7,0.2,0.4,65,0.2919606981413912,0.2338088314440601
16,33,0.16867949631874588,0.4488491782550353,0.4696063325819735,0.3668934692378139,0.07628546222943906,0.1080411555062977,0.0006651235045603101,0.00093495982810232,0.7,0.2,0.4,87,0.2896132426982226,0.290689707024551
16,34,0.1641436510133349,0.43711720197899634,0.45595290872366084,0.3668952681983554,0.12411129837729638,0.10798052447851601,0.0006797995043789299,0.00082233527933321,0.7,0.2,0.4,88,0.2994153751061757,0.261660290806752
16,35,0.16047999053473347,0.43081199550288846,0.455499592707681,0.36312495031335207,0.09688854301356316,0.10798477901175857,0.00064879185660596,0.00098445062233138,0.7,0.2,0.4,90,0.2955485485822627,0.2613887180907209
16,36,0.16023522652536776,0.4555652672099824,0.5325999505498732,0.49462141718857366,0.0766818125020254,0.10835785645755223,0.00070093880368038,0.00109263509657862,0.7,0.2,0.4,115,0.3243806895767229,0.2190597883272609
16,37,0.1557871199567674,0.4509537935112081,0.5410733976973678,0.5501239622340756,0.07964940813110104,0.10811366145844678,0.00080069712203149,0.00084485401949145,0.7,0.2,0.4,129,0.3317898461383556,0.2462444876810081
16,38,0.15338925023412836,0.45120270247932875,0.5551462113160507,0.5853734166647856,0.08007477180916019,0.10824300887996566,0.0008232739908255699,0.00093473120149003,0.7,0.2,0.4,137,0.3451745751186829,0.2115834481344085
16,39,0.1529961309062796,0.46921570795104445,0.6106939005552876,0.6621534873860543,0.07606575315216085,0.10778760400547535,0.00071206103370552,0.0009993934065053501,0.7,0.2,0.4,150,0.2804057940325947,0.1874182172070175
16,40,0.15220974852074995,0.4669692231264077,0.6080818530692625,0.6688599743030552,0.08510252849770678,0.10777555072003703,0.00076113252197145,0.00091937438333487,0.7,0.2,0.4,151,0.3169328996781382,0.1867818062183475
16,41,0.1521683981525082,0.4738756292532519,0.6298985768032536,0.7163836723164191,0.07643501562071765,0.10802852005079294,0.0008400150836715799,0.00094397880034945,0.7,0.2,0.4,162,0.2819884601225885,0.1852440816214149
16,42,0.1514826543834389,0.4755610353532355,0.6387644308067877,0.7456965932858973,0.07735762105207057,0.10802534794641334,0.0008436096243335901,0.00094515070198802,0.7,0.2,0.4,169,0.2816880096614536,0.180616934500062
16,43,0.15042217045535752,0.4682653149093633,0.6233278689447836,0.770994359122867,0.07896848537527903,0.10829635996861985,0.00081513242358307,0.00101634056203051,0.7,0.2,0.4,174,0.3297912184388289,0.1916588164705616
16,44,0.1499846736061795,0.4710995367495752,0.6335678051584707,0.778062190984063,0.07945405000570113,0.10796881828416635,0.00080867927364991,0.00104758853384212,0.7,0.2,0.4,176,0.3350472253096393,0.1837573814586919
16,45,0.14952834690460695,0.47360509728519146,0.643402812019099,0.7888701834351355,0.07745930647770664,0.10784793545234224,0.0008048755214421501,0.00105178835015294,0.7,0.2,0.4,179,0.3322552182664088,0.1843834788650429
16,46,0.14973017333916083,0.5000833884851814,0.72255580919831,0.8795497741017024,0.076155476065682,0.10790337650298265,0.00081066585924009,0.0010861714808091,0.7,0.2,0.4,199,0.3315645420187087,0.1839999448853935
17,0,0.9153158360789092,0.9715543891694618,0.9668617504549001,0.14001247817628176,0.0,0.0,0.0,0.0,0.7,0.2,0.4,1,1.107219054147626,0.7513102585254268
17,1,0.8050667834117713,0.9607775375082903,0.9458466590579622,0.17973683605894092,0.17928010003897657,0.07325439682904121,1.5889771181429997e-05,9.5457073466903e-06,0.7,0.2,0.4,3,0.8996955265193353,0.547665883078252
17,2,0.4767256850879758,0.7864154307251381,0.739753106194142,0.14670270261291626,0.8626580495332861,0.09881438240120564,0.00026015242888972,0.00012226664464716,0.7,0.2,0.4,4,0.5946889947201064,0.2320754278962863
17,3,0.4764635594303667,0.7899213991796387,0.7507451689964529,0.15238689756193066,0.06959227654355561,0.09876887215678444,0.00025712909005936,0.00012021508914652999,0.7,0.2,0.4,6,0.593964167903891,0.2297048819093443
17,4,0.47467015884582847,0.7930727991331415,0.7608333158450311,0.16393891226194254,0.07709735372614884,0.10293420412672341,0.00031753150933928003,0.00015480740022106999,0.7,0.2,0.4,9,0.5653729250280942,0.2113328125467964
17,5,0.40778426886297237,0.7374570872428767,0.6967033641873506,0.1514193049914193,0.2807467421338619,0.09731150548547544,0.00012851923348571,7.78203726816e-05,0.7,0.2,0.4,10,0.4146754372180805,0.1732574373860662
17,6,0.40537070207567755,0.7395221088313413,0.7052052987371683,0.16066445111320415,0.08653193015963746,0.10424568386533797,0.00020054760322193,0.00012143465845418999,0.7,0.2,0.4,12,0.3902592425609935,0.1643168353185063
17,7,0.40004700004857735,0.7344591821705295,0.6997301829326786,0.16632682744066096,0.08082055707616058,0.10058630742620579,0.00025916998563607,8.506873955553001e-05,0.7,0.2,0.4,13,0.4854700561878636,0.2496342564348846
17,8,0.3581112853465807,0.6939031783414602,0.6524502993917587,0.15268590943999547,0.23879876484382648,0.10091395815569147,0.0001314193061349,8.171214934832e-05,0.7,0.2,0.4,14,0.3531890527683013,0.1758534729285499
17,9,0.35700319898897614,0.6963121067886002,0.6614765884079612,0.1688551757371742,0.0860497411857675,0.10677663983802012,0.00020346743739297,0.0001253529542599,0.7,0.2,0.4,16,0.3373278001356256,0.1693208765351968
17,10,0.3556131069126957,0.6948524481222373,0.6597659080524085,0.16849305731371547,0.08117269661383644,0.10686455907066085,0.00020400032730578003,0.00012606807032058,0.7,0.2,0.4,17,0.3357319922457369,0.1722976774362744
17,11,0.35441159600485883,0.6972908985254828,0.6694834576850444,0.17258875350120004,0.07799294329346186,0.10708392785694736,0.00020476257063186,0.00012698230341906,0.7,0.2,0.4,19,0.3342412893133609,0.1779421033608941
17,12,0.2817458448027923,0.6097228724683964,0.5672492983025416,0.1655236487893955,0.4430851194152573,0.10877838909811788,0.00069969053521455,0.00024990145126051004,0.7,0.2,0.4,20,0.1995475814716659,0.2342168462507642
17,13,0.2569246499987791,0.5762275223563474,0.5347705220394495,0.1621941822880611,0.15983181270977312,0.11196153151932324,0.00061532692296235,0.00017594184824434,0.7,0.2,0.4,22,0.1852008826608828,0.332603450548477
17,14,0.23119224867405894,0.5404135037568157,0.49457355612551596,0.16168841563130776,0.09671345367776531,0.09877410947060596,0.0006291546000596301,0.00013344595356059,0.7,0.2,0.4,26,0.2184071800162573,0.3093213505917807
17,15,0.22382870822614823,0.5291115647108465,0.48169708212560225,0.16006863815549924,0.10689744186328184,0.09629490702951657,0.00053527329347022,0.00012506508637276,0.7,0.2,0.4,27,0.2177310764328533,0.3342577806514228
17,16,0.2248943569627925,0.533222449837818,0.49915503026019786,0.1892821498578677,0.08495715037048582,0.1060619600746556,0.00065265178473654,0.00018194854206444,0.7,0.2,0.4,31,0.203813516511756,0.3738417950952313
17,17,0.22394611970511802,0.5313398224528446,0.4969218457596453,0.18549526513847145,0.08345424913299379,0.10642173354354013,0.0006667272721693699,0.00015129595966155998,0.7,0.2,0.4,32,0.1949389746339854,0.3315742441894764
17,18,0.1942755332922705,0.4827819090184977,0.4480787322498825,0.1757317706353468,0.16745303680344678,0.09921905072607518,0.0008140438816379301,0.00020834985112808,0.7,0.2,0.4,34,0.1514859436109531,0.3774229925764419
17,19,0.19515417283677705,0.4858285903285265,0.4581660426297393,0.19179572415421448,0.07758654589442673,0.10238026713239025,0.0007816094102161299,0.00021178155829766,0.7,0.2,0.4,36,0.152659004594574,0.3374608200852055
17,20,0.1639238192443844,0.4163341325340038,0.37077885188376053,0.16837072398240108,0.33679672077736195,0.09830418936394517,0.0007226262161153,0.0001924398793867,0.7,0.2,0.4,37,0.1093657148174008,0.2082503283287296
17,21,0.14256322866056156,0.3590744782204008,0.31093796067851426,0.17585988614538225,0.13067286521884733,0.09864414898119354,0.0006916597688300401,0.00017991940395760002,0.7,0.2,0.4,41,0.0922548453953485,0.2038537910886154
17,22,0.10359766539285178,0.24791329830388487,0.1831220692627435,0.13822906277613944,0.47397789713865496,0.08407323914315223,0.00064641320543624,0.0001901003265674,0.7,0.2,0.4,42,0.0668045111605822,0.1929706546408458
17,23,0.10255381726875787,0.2431090918718885,0.17749811697835693,0.14687182664416393,0.07972124080862658,0.08431038971953443,0.00064232436552352,0.00018924430144906,0.7,0.2,0.4,43,0.0646872328954638,0.1944985085288633
18,0,0.9346849255279341,0.9782774935806483,0.9746938958416578,0.14188620667789154,0.0,0.0,0.0,0.0,0.7,0.2,0.4,1,1.0256850249610574,0.7513407295514523
18,1,0.6301485616975026,0.8859058326320757,0.8486410308686345,0.1711569307630984,0.4051496075684347,0.09936313813324019,0.00045248839041331005,0.000779673151101,0.7,0.2,0.4,3,0.7599000720285217,0.4675689842327974
18,2,0.5148236280383713,0.8138927271659292,0.7717495988958717,0.15442050147371464,0.36308190858463374,0.0988741845214612,0.00022558192611925,0.00024250151115021997,0.7,0.2,0.4,4,0.4328499043456951,0.2234714294399744
18,3,0.5147963907972676,0.813895977502377,0.7717415375118537,0.15447318259467038,0.06970811399534207,0.09898085199363864,0.00021929750532924999,0.00023840123066738,0.7,0.2,0.4,5,0.4368902648913766,0.2211194448912116
18,4,0.4171843596914917,0.7383195699235011,0.6838342803083217,0.1405896053220353,0.37690666513233856,0.09786303585052537,0.0001324677930874,0.00016319465009564,0.7,0.2,0.4,6,0.3669453270250715,0.2099077578209914
18,5,0.3957348629369591,0.7229564344797365,0.6727846093728669,0.13876706408040917,0.10894302901646234,0.09832381162824398,0.00014216354798444,0.00017547282090032,0.7,0.2,0.4,8,0.3418094950706432,0.1812578168180504
18,6,0.3642956361001766,0.6928159752049796,0.6375999252051758,0.1328413914114462,0.1955816318542722,0.0989111143301256,0.00018225577556622998,0.00021893890666635003,0.7,0.2,0.4,9,0.311759563591017,0.2681906356715112
18,7,0.36425791564669974,0.6964888676075283,0.6487814437574472,0.139899253581652,0.06942918916375437,0.09890619817218167,0.0001822376142702,0.00021877235248377998,0.7,0.2,0.4,11,0.3116773701857998,0.2679744419797151
18,8,0.3341858308830629,0.6645421615905954,0.6112019728492991,0.1380879958910059,0.21234032379485826,0.10209265573200813,0.00012688539432995002,0.00016431040227351,0.7,0.2,0.4,12,0.2735998505707935,0.1283757804703272
18,9,0.2699985594691663,0.585923999650915,0.5203563683910012,0.11932988731269584,0.2199183505506262,0.09564682611077133,0.00014224497149593998,0.00019060812632789,0.7,0.2,0.4,14,0.1911316340942229,0.1603535434502009
18,10,0.26599129996241455,0.5779753366057208,0.5101991882782868,0.12580341708732445,0.10012833067652616,0.10340621378766794,0.0001518569662873,0.00020393000933236998,0.7,0.2,0.4,16,0.188749637549098,0.2266167534022626
18,11,0.2581787457633628,0.5671765510032869,0.4978549761480036,0.12890606572660682,0.10969800894890899,0.10137127106825704,0.00014190668973484,0.0001931636289848,0.7,0.2,0.4,17,0.1841144762829456,0.1082477290651033
18,12,0.19939030014096748,0.46955575784941567,0.38476478670565334,0.10307439484847501,0.45406644565279847,0.09586171644593106,0.00015678534414533002,0.00020468333019810003,0.7,0.2,0.4,18,0.1645593104198857,0.0649160941119109
18,13,0.19582788985504748,0.467014015165549,0.38884101885790373,0.10787098410667792,0.07389371160273046,0.09469325394976016,0.00015513696683357002,0.00020372403685353,0.7,0.2,0.4,21,0.1667509027547082,0.054117468345099
18,14,0.19223840425432642,0.46500860247350406,0.39365643096229086,0.1104904934993415,0.08215820567668952,0.09254223929117465,0.00014135813287333,0.00019436161020951,0.7,0.2,0.4,22,0.150612416967298,0.0530298067629817
18,15,0.1783937892195784,0.43238811863736454,0.3488147887746856,0.10414611444082973,0.1820625724437915,0.09199052230327395,0.00015985524314175,0.00020506916026956,0.7,0.2,0.4,23,0.1515254458534352,0.0414438189971529
18,16,0.17721619184142678,0.4329935963427257,0.3563560208493515,0.11102804599025679,0.07214467399681679,0.09255460714388776,0.00016992648159937,0.00021798897680349,0.7,0.2,0.4,25,0.1488122730109269,0.0380452622962555
18,17,0.15499155360632777,0.3909059355625561,0.32155549240303494,0.121588483062421,0.12697022689804816,0.08887373016917419,0.0001560011511312,0.00021338730695488,0.7,0.2,0.4,28,0.1180898729756027,0.0534434856647894
18,18,0.16135668727427724,0.39910501737104265,0.3367627485155071,0.12622147658049743,0.08257456179808845,0.09965100370529317,0.0001730902932976,0.00023634807343457,0.7,0.2,0.4,29,0.1145894496309408,0.0454694664751594
18,19,0.15222605094466768,0.38698784200132763,0.32385240769617496,0.130729505920302,0.08220125895255798,0.08922354360280574,0.00015654259636354,0.00021945949632460002,0.7,0.2,0.4,30,0.1183301997053159,0.0538553649553715
18,20,0.13746082157119588,0.34319905844229254,0.2792393336645201,0.11967654580934682,0.1697703960054832,0.09354306500026931,0.00020131261450172998,0.00025661923905676996,0.7,0.2,0.4,32,0.0926761311222886,0.0628513845060325
18,21,0.13899292870502275,0.34413763860973395,0.2800325702397079,0.12429673041015493,0.0710778331617796,0.09614602843887833,0.00019357068229046,0.00025444280600916004,0.7,0.2,0.4,33,0.0950186470236882,0.0563345079184438
18,22,0.1390167369886208,0.3473233645134638,0.29059838440678387,0.141919870769747,0.06941035383634377,0.09655310528283907,0.00020029860876611002,0.00026071076166875003,0.7,0.2,0.4,35,0.095161442101021,0.0605467683205779
18,23,0.11319908941946362,0.3066799132070203,0.25302246663149863,0.12661349904887742,0.07813080763073069,0.07168788793440715,0.00020449918511143998,0.00027634748008121,0.7,0.2,0.4,39,0.1078911491894554,0.0833906036610877
18,24,0.09861770144850107,0.21787952511720599,0.15442568103433774,0.12820525166338054,0.49557720215810597,0.08936644737260427,0.000244654429851,0.00037496892917822,0.7,0.2,0.4,40,0.0666058662426427,0.085880848335957
18,25,0.09795686633795943,0.30239631581193105,0.41173683089747043,0.5802830048380665,0.062155323635985596,0.08839469622518165,0.0007035842434910901,0.00031998552868231,0.7,0.2,0.4,132,0.1825710472981788,0.0565020129887215
18,26,0.18377595285038043,0.3778822706977666,0.49179279979137314,0.6749900481973479,0.18857718913362168,0.08819407380865925,0.4056812684104731,0.02224007953149361,0.7,0.2,0.4,134,0.2260545167249447,0.0835899240320101
18,27,0.0945127311297455,0.2753885311229657,0.37306292546171127,0.5986569276303796,0.09527027612812146,0.090841065748671,0.0008607787477143,0.00063477398877076,0.7,0.2,0.4,135,0.3082180295730224,0.1074190750591741
18,28,0.09362276871366172,0.27383793901947656,0.3781253693888554,0.6168453273229163,0.07539098490707749,0.0911041491093179,0.000896521474204,0.00066239775433776,0.7,0.2,0.4,137,0.3173431341796878,0.1060376315044678
18,29,0.1292454329412755,0.30793377385734944,0.4186577362174993,0.6579645984534644,0.10549440342802621,0.08758745305892357,0.02275763329313811,0.08818241785824513,0.7,0.2,0.4,143,0.2702005219266424,0.1353503666398132
18,30,0.13564435280827566,0.31703087034465677,0.4350623798071806,0.6715650070583206,0.11286867092511066,0.08825544882702731,0.00393599800020231,0.11302489730491558,0.7,0.2,0.4,144,0.2998766671429922,0.234070117112798
18,31,0.4906666737147152,0.6680589410810764,0.7852732439895842,1.0425931288721915,0.4739744810919615,0.08844977836476911,0.00921423709728293,1.0,0.7,0.2,0.4,146,0.3003316368418731,0.2330384491228939
18,32,0.12956481515072338,0.31394593256801584,0.4461006232624161,0.6961701336934104,0.10386482829972404,0.08792577251654511,0.02532029384612086,0.09036682726410254,0.7,0.2,0.4,148,0.2827397877673751,0.1330764783591395
18,33,0.12963141595802893,0.30988994299533995,0.4344462334165294,0.7003369960960767,0.1050225835113817,0.08814142418659203,0.02532526341233405,0.0903974851060137,0.7,0.2,0.4,149,0.290065199829091,0.1449413837871182
18,34,0.35409226369015157,0.5572265471965115,0.7202383190036561,1.0243543268879638,0.3264616881391038,0.0898269066998714,0.08916700956932247,0.6140934115691042,0.7,0.2,0.4,164,0.2547272424396397,0.0933540064946932
18,35,0.35347198601956414,0.5552627964786454,0.7179995271092117,1.026789103966622,0.33302845891651073,0.0896012703366383,0.0884916398474224,0.614084971429359,0.7,0.2,0.4,165,0.2545011610407676,0.0970192706038098
18,36,0.35218381564583495,0.5507908800330659,0.7196355520716047,1.0450411310031271,0.333700090236807,0.09010722914471103,0.08849558621311522,0.6140547007972434,0.7,0.2,0.4,168,0.2364335202207727,0.0889251297481554
18,37,0.3541361785520872,0.5561946667039082,0.7325009437051333,1.0877758484182731,0.32926400367850156,0.09295832869055022,0.08850249227370292,0.6140937933058102,0.7,0.2,0.4,173,0.2400435640965635,0.0848652621769639
18,38,0.3753599117077004,0.5767297737074005,0.7528960375745661,1.1065585106848097,0.35300891443681326,0.0933771295935279,0.09556843519385996,0.6632873979131123,0.7,0.2,0.4,175,0.253096513551737,0.0958253587005346
18,39,0.3532818373802342,0.5576978719207865,0.7412435013590228,1.1029605794634,0.33266100318525066,0.09218932095462516,0.08850171864194256,0.6140886940800497,0.7,0.2,0.4,177,0.2478254234921145,0.0850508791202005
18,40,0.3542564927784633,0.5622412901616519,0.7532724989497548,1.1158056531863247,0.329393956441981,0.09203419750231139,0.08950477030616703,0.6163775468049433,0.7,0.2,0.4,179,0.2471660963895918,0.086016868811867
18,41,0.3517485176379827,0.5709176644485958,0.7912644220513472,1.1762023855074206,0.3287846867314893,0.09110767965460428,0.0891697748533334,0.6139932486414652,0.7,0.2,0.4,193,0.2545896755562198,0.093928017540481
18,42,0.35157952707504647,0.5661070448204102,0.7787510826293547,1.180226642606934,0.33927053932610196,0.0910097576467854,0.08916558860121787,0.6142713634339398,0.7,0.2,0.4,194,0.2537893392641493,0.0827861999497618
18,43,0.35085780215696927,0.5669438166437291,0.786667130637154,1.1914985440317334,0.3312475445655436,0.09083278947539625,0.08917555069895217,0.6139836259938839,0.7,0.2,0.4,195,0.2668855741099175,0.095290114701416
18,44,0.350857905467632,0.5706547742242771,0.7978924839502342,1.2001337833630867,0.32710945765054245,0.09083292973976276,0.0891755585577241,0.6139838276233928,0.7,0.2,0.4,197,0.2668621305650623,0.0952709868360752
18,45,0.35088554624248436,0.5707583320850537,0.798011438076436,1.1964980344142526,0.32720882509927807,0.09083783612730481,0.08917617486908284,0.6140015115113587,0.7,0.2,0.4,199,0.2648644689229303,0.0936294589261188
19,0,0.9645560139672504,0.98838763280402,0.9864719237786818,0.14613775221613512,0.0,0.0,0.0,0.0,0.7,0.2,0.4,1,0.9014509688873046,0.7564107017320759
19,1,0.8645424214415088,0.9968342974088819,0.9846096533400055,0.2039605206882988,0.19981656870874429,0.10131651131607862,2.519379878628e-05,2.6952323617979998e-05,0.7,0.2,0.4,3,0.8084503641933264,0.5720883046860648
19,2,0.5010633425120025,0.8042370621444261,0.760499453636037,0.1517368982937572,0.8572887701622451,0.09892021062198444,0.00023057365280929003,0.00018403754900163,0.7,0.2,0.4,4,0.4944076054385232,0.2339954638001631
19,3,0.41611653910454616,0.7374517967739229,0.6827508218483874,0.14066476880755785,0.20609451641438162,0.09852746887628999,0.00012174161299122999,0.00010493607664981,0.7,0.2,0.4,6,0.3580223700476932,0.1959215670861777
19,4,0.41364058577390256,0.7397631107566747,0.6912850052859661,0.15153729995762005,0.09161260214141474,0.10763708406239128,0.00021865927763293998,0.00018847496886324001,0.7,0.2,0.4,8,0.3760906532072573,0.2149164056971461
19,5,0.4024893384215445,0.7294816045718675,0.6797115297137077,0.14783705549940046,0.1053178243198489,0.10417230095987673,0.00017357670708828,0.00014961571636931,0.7,0.2,0.4,9,0.3558094415955604,0.1938150130551524
19,6,0.40150226195476274,0.7397317812573974,0.7123274570514228,0.16776414701054718,0.07394813043424525,0.10445163452374737,0.00016804022459772,0.00014601186047825,0.7,0.2,0.4,15,0.363439009520848,0.186690546865763
19,7,0.3833331029521508,0.7266313830573766,0.7008040969802991,0.2101583311577087,0.10588443561233163,0.13148465854643146,0.00049495906009884,0.00062349915903135,0.7,0.2,0.4,26,0.4324328385029891,0.2255667705171246
19,8,0.38307050425311406,0.7189428398144443,0.6780691979300514,0.18186468944457293,0.09265596248129751,0.1312396468311996,0.00050784681308492,0.00064464677541819,0.7,0.2,0.4,27,0.4343901057857586,0.2397665326292368
19,9,0.3707838924008689,0.717464492571006,0.6974716050929274,0.21451829989204116,0.1312629968178028,0.1277196187525539,0.00040968011026811,0.00052003666347414,0.7,0.2,0.4,28,0.4121843276939084,0.2300528319525116
19,10,0.38041528241321904,0.723273328611312,0.6953741675919799,0.22900293733118487,0.1065040250988115,0.14479234432939178,0.00041057617304237997,0.00038007336949567,0.7,0.2,0.4,30,0.4759300468339177,0.1581207159382339
19,11,0.3776774057309366,0.716731808519378,0.6810562000593297,0.2009106339893514,0.10687954327964776,0.14303814734867687,0.00038518875001691003,0.00035693559455518,0.7,0.2,0.4,31,0.4663474638760375,0.1632026117853616
19,12,0.3770566947144661,0.7160694872600434,0.680284624118876,0.20072451643434094,0.10170699194415786,0.14303814734867684,0.00038518875001691003,0.00035693559455518,0.7,0.2,0.4,33,0.4940867893634409,0.183227781156547
19,13,0.34205503631380724,0.6898069964419821,0.6722316175498678,0.2247322824206757,0.19817588470494849,0.12707809755676666,0.00041564339110809,0.00045907956436149,0.7,0.2,0.4,34,0.3851544319866258,0.2301470657684623
19,14,0.34868026844005257,0.7005940041487774,0.69048705751913,0.2490077523677477,0.09744272792045745,0.13756829766056006,0.00040054387047794,0.00049503064015533,0.7,0.2,0.4,38,0.3603001203966681,0.179453985396967
19,15,0.337785708243139,0.6810658504580328,0.6552121966641702,0.19814202253986113,0.1038521606621695,0.12649515479584097,0.0004261506330721,0.00047423563957887,0.7,0.2,0.4,39,0.4140358504931037,0.2508715348589551
19,16,0.3425865267860333,0.6972809934324044,0.6937132482872785,0.2550348466321242,0.1043521850311306,0.13598812496966384,0.00037379854716883,0.00049230720302128,0.7,0.2,0.4,40,0.3560396694456246,0.2014861243514623
19,17,0.3448736435480564,0.694371902205269,0.6822367298785148,0.27203175306809985,0.1265802587449694,0.14623115009753213,0.00041815635245141,0.00050753156687378,0.7,0.2,0.4,41,0.3336359134882345,0.1381987103411197
19,18,0.3365382990714378,0.6858969861944753,0.6736243811471136,0.2761148611764275,0.09614717405664285,0.13539953693023762,0.00038095286950002,0.00037666156284732,0.7,0.2,0.4,44,0.3353363813953656,0.153072926895918
19,19,0.3323013320772691,0.681455585583671,0.6689816386926328,0.2755430376688902,0.09681538180021303,0.1307235576638123,0.00040912754126169,0.00049343698556091,0.7,0.2,0.4,45,0.3244834610720992,0.130970340989317
19,20,0.32990412000281144,0.6788446903036156,0.6661624570279604,0.28879071743776014,0.09118189966952821,0.12889015525099554,0.00034857949906279,0.00036137256548591,0.7,0.2,0.4,52,0.3272522975819584,0.1492322983651289
19,21,0.3305504333037598,0.6867216447939499,0.6888883331056815,0.30497861340179866,0.09422495867831712,0.1310171115017465,0.00038723037996065,0.00048402196748289995,0.7,0.2,0.4,54,0.318659347037457,0.1370189004489616
19,22,0.3297716622224279,0.6884331001280122,0.6970118861473873,0.32395810404942416,0.12421391025492776,0.13754770131345034,0.00067659609712785,0.00061720038504474,0.7,0.2,0.4,55,0.3376236243012532,0.1433571551935055
19,23,0.3299798562322144,0.6845930551740792,0.6853667829454615,0.32464507204644283,0.1007239513092078,0.13989430336002087,0.00066413202177361,0.00059866107573289,0.7,0.2,0.4,58,0.3337200693599146,0.1735033849952835
19,24,0.3264384909860743,0.6835313288283149,0.6908152257842063,0.33401365720722953,0.11216342919896412,0.14175610294927687,0.00066747606236939,0.00062593520679782,0.7,0.2,0.4,60,0.3092353580563211,0.2087832717286982
19,25,0.3160187150523837,0.6705755246243537,0.6759812705865443,0.3286517173327819,0.14498953666712724,0.13958021790850506,0.00058123101759871,0.00054943562343213,0.7,0.2,0.4,61,0.3044786746921369,0.2027665990334916
19,26,0.3062873197368215,0.6641005027394661,0.6767051481000449,0.351445838014179,0.0910834995111414,0.12796053910934913,0.0005015487792756,0.00023961242569422997,0.7,0.2,0.4,67,0.2700736434420789,0.1494910189129709
19,27,0.31477268541539183,0.6682075850114508,0.6728450681788688,0.3683799526554446,0.10599257278195505,0.14294376432541928,0.0006049239414020701,0.00037425371150507996,0.7,0.2,0.4,69,0.2701543648449799,0.1564808464062443
19,28,0.31381369309080664,0.663429438012029,0.6604806570472008,0.3802210304450798,0.10149131514216556,0.14204457492739714,0.00050446259843423,0.00041845641247077,0.7,0.2,0.4,70,0.326651594628905,0.2024907381789729
19,29,0.29368770045977394,0.6383765003976354,0.6378690748228336,0.37448288156882126,0.22853082321508736,0.14491459145005114,0.00045531002652773997,0.00038983421553741,0.7,0.2,0.4,71,0.2912917233785967,0.1905941329959357
19,30,0.290349516776712,0.6332964324356506,0.631888444451289,0.37653764174389526,0.12458333508032524,0.145444772553683,0.00047612541852452,0.00039907435370026,0.7,0.2,0.4,72,0.2859850039506812,0.1949925235675122
19,31,0.2878880390699044,0.6271215738506096,0.6181975483298864,0.39326538994248855,0.09962332845725913,0.1419093605431075,0.00052318181359023,0.00042722996835144,0.7,0.2,0.4,76,0.2944319804434746,0.1516571134151384
19,32,0.28388690053198934,0.6211211761774016,0.6112002819193163,0.39481915679449087,0.12457436743058589,0.1419908572357926,0.0004978355623728,0.0004032283067249,0.7,0.2,0.4,77,0.2904032583710229,0.1619937484641353
19,33,0.2846740071566444,0.6217713023548405,0.6117829501105864,0.3957660087283002,0.1024067691709558,0.14348939093074353,0.0005397555222716301,0.00040771017873274,0.7,0.2,0.4,78,0.2832518305021696,0.1594522062232757
19,34,0.285235547362733,0.6365766608271118,0.6563536456878991,0.425779642788843,0.10427576979075667,0.14598379946116236,0.00052169966749843,0.00038489210463367,0.7,0.2,0.4,82,0.2760192842360244,0.1566722125158233
19,35,0.28523555041232584,0.6328654305398969,0.6451279322670175,0.4161883954089597,0.1024469860575883,0.14598379934273042,0.0005216996903461,0.00038489207255515,0.7,0.2,0.4,84,0.2760192858661727,0.1566721968233528
19,36,0.28470660456295777,0.6357656635091404,0.6554068723731629,0.44313148253630996,0.10358924807384086,0.1459980989488259,0.00051726468918601,0.0003921003227031,0.7,0.2,0.4,87,0.2763121935934413,0.1603741481881966
19,37,0.28531885548823677,0.6264580941334226,0.629891775997824,0.45097863195190246,0.11508736930344587,0.1534977170225039,0.00052907059713091,0.00041063087631823997,0.7,0.2,0.4,91,0.2090758971859184,0.1145019071013303
19,38,0.2813560251789447,0.6205510559808672,0.6230982329630326,0.452234041964301,0.12934543624640468,0.1527461464141681,0.000491958552967,0.00040999614659619003,0.7,0.2,0.4,92,0.2274059704091937,0.1099297645891119
19,39,0.27811264582252365,0.6188412029531262,0.6279387935309979,0.4687766206682776,0.11564016663474908,0.1533223471279104,0.00051211036631895,0.00044959656101337,0.7,0.2,0.4,95,0.2313889600029811,0.1194776434815014
19,40,0.27757315931831816,0.6133280410081036,0.6143643162218247,0.4746250343087742,0.11595717432611108,0.1554866975318208,0.00049175436855183,0.00045392171926537,0.7,0.2,0.4,97,0.225572910038751,0.1099151268280618
19,41,0.2725237677460571,0.6096536585849464,0.6172150083267809,0.521275863190903,0.10997622483696631,0.15342675129853944,0.00075133829095014,0.00045932376213943,0.7,0.2,0.4,108,0.2355961932515399,0.2029325822538644
19,42,0.26950592819520763,0.6117103721918229,0.6333322810707772,0.5572147527264997,0.11228364806903617,0.1542412752693746,0.0005048573139661299,0.00041665620456324,0.7,0.2,0.4,114,0.2045808901075888,0.1176458114254924
19,43,0.26327151211042826,0.5954915321558312,0.6071274840007788,0.565621055145802,0.12615693333734632,0.1576494318275117,0.00079233271846552,0.00049416744976313,0.7,0.2,0.4,118,0.2241585690429416,0.147409623688282
20,0,0.9906311200948759,0.9969696084240741,0.9964696828513327,0.1485295483337864,0.0,0.0,0.0,0.0,0.7,0.2,0.4,1,0.7896933605758443,0.7531954226678935
20,1,0.8835020663668274,0.9974989119643054,0.9872434389258526,0.19601546530234368,0.18162561754900516,0.08521976943181529,1.946219054146e-05,1.9104794109669998e-05,0.7,0.2,0.4,3,0.6152765350020863,0.5524439350686344
20,2,0.5323850108534701,0.8258179751770568,0.7856465983508748,0.1577245781031731,0.8173203125848337,0.09886911345383641,0.00019370546463389,0.00019967121826088,0.7,0.2,0.4,4,0.409280805322007,0.2204503042365578
20,3,0.5180837118779577,0.816030623578605,0.774298149547598,0.15642759068723477,0.10803499043097764,0.09837709044821497,0.00022407176748961998,0.00023463501044881002,0.7,0.2,0.4,5,0.4205445678126793,0.2214267141038412
20,4,0.43969184463612426,0.7573545362107444,0.7059182670122145,0.14629315751740993,0.3117742850145204,0.09866231514885074,0.00013081877149586,0.00014678441401527,0.7,0.2,0.4,6,0.2637362930159513,0.2042001203788711
20,5,0.4219473678246729,0.7462353190127119,0.699835581692437,0.1477039622006104,0.10031687727729263,0.09892455255305437,0.00013520870483442,0.0001612908589649,0.7,0.2,0.4,8,0.2082640948875273,0.1625489275212522
20,6,0.38416809638653615,0.7124034277013823,0.6596623578239221,0.14736197455564454,0.15322319179964605,0.10553013764166397,0.00011640326881055001,0.00012992324317492,0.7,0.2,0.4,10,0.2633680772311712,0.2081400113034563
20,7,0.3692244114558465,0.7000562296741261,0.6460683036038868,0.15048484372757095,0.11001372582567523,0.09863054322747004,0.00016899625772175,0.00020527469341938,0.7,0.2,0.4,11,0.2379178426095643,0.2091311728264041
20,8,0.331628429771203,0.661972067045986,0.6086264933374231,0.14513928535315,0.15008931139398826,0.09843272796118631,0.00016845112761948,0.00020470911413766,0.7,0.2,0.4,13,0.2077316455192688,0.163411207184235
20,9,0.33159309983221397,0.6619326539477903,0.6085805571910228,0.15026850681078202,0.06918066354590476,0.09843272796118631,0.00016845112761948,0.00020470911413766,0.7,0.2,0.4,14,0.2086146413652742,0.1621919549192432
20,10,0.2752226503320236,0.593440647056621,0.5345732397734736,0.13660874819039984,0.40158392861935815,0.10798989259217505,0.00029538727565729,0.0003661749078704,0.7,0.2,0.4,15,0.2137906727722285,0.0892136431210467
20,11,0.27151053042387285,0.5878815437761646,0.5279909114932446,0.13395139708626008,0.08923508587795376,0.10887570278132074,0.00030233958035631,0.00042150511478011003,0.7,0.2,0.4,17,0.1935813128426922,0.1274106271259985
20,12,0.2617770670670228,0.5736700639435773,0.5114290108458388,0.1326046170801774,0.13565467878381698,0.1089253629470561,0.00034506731873089,0.00040341601826454,0.7,0.2,0.4,18,0.152346495420551,0.1976519342201723
20,13,0.2575301170482701,0.5698817481752397,0.513620724141204,0.1387576624476956,0.11623674021347767,0.11148367075756195,0.00033267983430044,0.00043757568662065004,0.7,0.2,0.4,19,0.1592326415510898,0.1261520578321586
20,14,0.2574110755518035,0.5696980468957183,0.513406715741504,0.1440119123894036,0.07903783518882336,0.11148367075756195,0.00033267983430044,0.00043757568662065004,0.7,0.2,0.4,20,0.1587854740183313,0.1275018574187486
20,15,0.2557086404646358,0.57086636156997,0.5216950583792856,0.1450393596891436,0.08803349149126503,0.11125562341785114,0.00033568848090074,0.00045537705962719004,0.7,0.2,0.4,21,0.156755856398357,0.1144547342040159
20,16,0.23902155165101038,0.544080222739718,0.4905444386494824,0.15304770671902132,0.13233971899472252,0.11076843240238911,0.00032988330288565,0.00048647167993481,0.7,0.2,0.4,23,0.1397614491083579,0.1065716896406102
20,17,0.23836013532710745,0.5466822933935682,0.5004793023082623,0.15753591041913909,0.08006066572700363,0.11075126280054659,0.00033752265250742996,0.00049213381984269,0.7,0.2,0.4,25,0.1366469523657038,0.1043259845107751
20,18,0.2305410034479916,0.534336928629997,0.4863149286188085,0.15211602486596187,0.1224899134605175,0.10898602731501757,0.00027665733315156003,0.00031426792124944,0.7,0.2,0.4,26,0.1568151452459569,0.1077130191662417
20,19,0.23036318290213673,0.532958781285409,0.4845021306908094,0.15848349568951137,0.08809545940240929,0.11073403782421276,0.00029069339389428,0.00039032929741463,0.7,0.2,0.4,27,0.1302619460430752,0.0778726269200637
20,20,0.21253451893274894,0.5000547888834458,0.44617495410048164,0.1551467729290546,0.14547819784682614,0.11068558183557288,0.00031167190954484,0.00038946095502386,0.7,0.2,0.4,29,0.1110668078068156,0.0686606024015623
20,21,0.21054118883772274,0.4999177295245154,0.4529247254426044,0.16795157713074874,0.08550017915793903,0.11061007978198042,0.00033003538733677,0.00040278369286943,0.7,0.2,0.4,31,0.1117230074983562,0.0739196570673783
20,22,0.20848999363177687,0.4958096504200982,0.44812926435869,0.15880074539017983,0.094899167919431,0.11069048475858849,0.00033357302877282,0.00040690248174367,0.7,0.2,0.4,32,0.1119058999117097,0.0704611129579389
20,23,0.20273871092474666,0.48796667490272844,0.44590585850942965,0.17381254868097024,0.10134185788907055,0.11062858171797538,0.00032753177379269,0.00034880537525751,0.7,0.2,0.4,34,0.1121073614892418,0.0876389785638483
20,24,0.19205665210478934,0.4650668053164919,0.41920500040483477,0.1737257182801161,0.1728078511626289,0.11080239753760429,0.00035843822741528,0.00038109228934472,0.7,0.2,0.4,35,0.1159983213724072,0.0831145964301305
20,25,0.18931609192596338,0.4618963294652561,0.42230974260161985,0.19548611966584556,0.08461273685271788,0.11166223467281511,0.00036713925307183,0.00044731016972485003,0.7,0.2,0.4,40,0.1323167978293717,0.1093180751458576
20,26,0.17718488528918483,0.4485392747588536,0.4343948288497505,0.2360257044794999,0.09261909871231318,0.11134557040133086,0.00041755451237907997,0.0004193825433781,0.7,0.2,0.4,48,0.1175956004511588,0.1044698354457317
20,27,0.1770552898604262,0.4518121118563797,0.4450961248178893,0.2314478604804449,0.07935030058306575,0.11152952450531499,0.00041051472599844003,0.00030793984033978,0.7,0.2,0.4,50,0.1015510293769205,0.1038361321718544
20,28,0.17674905264622284,0.45480662651632475,0.45549090750788807,0.24716038200113913,0.07967865156958989,0.11147630916472766,0.00041533683017924,0.00033727735164932,0.7,0.2,0.4,52,0.1101600628297879,0.1090276115056325
20,29,0.17540812118635318,0.44776259243368277,0.4403805653394636,0.26002666532332785,0.08516269616879381,0.11149156267486597,0.00041446497702298,0.00034169355233314,0.7,0.2,0.4,54,0.105744549102183,0.0989559413548458
20,30,0.1737690108628584,0.4585694345897302,0.4805855669233234,0.3108654756917882,0.0802860195977755,0.11142712731820023,0.00042195313269313,0.00035262448440676996,0.7,0.2,0.4,62,0.1154406229903225,0.1188000762292765
20,31,0.1667468264000165,0.4403335222169782,0.45933174007245803,0.31395192868433813,0.10343554411825343,0.11153116958500386,0.00047900443626939,0.0002870105448677,0.7,0.2,0.4,65,0.1193128194616083,0.1170640587723014
20,32,0.16600504775462638,0.434199876070975,0.4452395107881431,0.34477942792495414,0.08228673757449058,0.11190546857596598,0.00043267725048992,0.00032935056972493,0.7,0.2,0.4,68,0.1090779295412322,0.1185472481943258
20,33,0.16390883021025676,0.4326301207782153,0.45034985785947507,0.35317605511949574,0.08870963262267433,0.11159384822212261,0.00047797768450201,0.00029382928583595,0.7,0.2,0.4,70,0.1276218599752918,0.1227260445103599
20,34,0.16367684533021185,0.43560387830092967,0.46070624506285207,0.35301585776472594,0.0795035890533527,0.11150298640635403,0.00048019106871057,0.0006060270148389401,0.7,0.2,0.4,73,0.135965175026473,0.1187231806721061
20,35,0.160653866677971,0.4233527036690935,0.43951342176210695,0.3724142877014026,0.11414169255939192,0.11163709206867534,0.00048056226686018,0.00064930383714439,0.7,0.2,0.4,74,0.1422564675576127,0.1218207324494088
20,36,0.16051202499981557,0.4266782189190739,0.4502908016959582,0.38256112436921924,0.07929755987159147,0.11162129331307832,0.00047925203825229,0.00066205100899289,0.7,0.2,0.4,76,0.1432434215210191,0.1223659824017233
20,37,0.16048397767990788,0.4191718016456899,0.4277410865565375,0.3072090670383866,0.0788254206017011,0.11162443267813708,0.00047990978599912,0.00066385840433062,0.7,0.2,0.4,77,0.1439726499989915,0.1223936303208585
20,38,0.16033524507468214,0.4373305752890247,0.4834083485203337,0.4538938289671774,0.0785857238825091,0.11165202587049597,0.00048168866733593995,0.00058766538974032,0.7,0.2,0.4,93,0.1454712929791564,0.1185309223796627
21,0,0.9259412434993676,0.9752592203998572,0.9711777594515972,0.14247886458778977,0.0,0.0,0.0,0.0,0.7,0.2,0.4,1,1.0754391665716474,0.7636066909511281
21,1,0.8306247623253524,0.97593659370477,0.9622354666607473,0.1895195361510442,0.17925247075826614,0.08426178029915693,1.019592825971e-05,1.1257136432859999e-05,0.7,0.2,0.4,3,0.8611697505601531,0.5535435109451394
21,2,0.4858545260053637,0.7932243485630116,0.7476712943189283,0.14866242309332248,0.8657546843881757,0.09886716029529208,0.0002474610344195,0.00024795319321649996,0.7,0.2,0.4,4,0.553901806021903,0.2251766625272244
21,3,0.40545034903444094,0.7280896088002686,0.6717868862789116,0.13517849985497662,0.2037712124735023,0.09904074421796905,0.00010787286948272001,8.176714561851e-05,0.7,0.2,0.4,6,0.4153159721333068,0.1525308461453527
21,4,0.4054367486028327,0.7280775393832,0.6717726445471326,0.13702904974506785,0.06943756171923533,0.09904211682636,0.00010787686102243,8.175065091634999e-05,0.7,0.2,0.4,7,0.4154260544345697,0.1526379229650945
21,5,0.3906956524469674,0.7183250186761991,0.6673338990497011,0.1377186588762388,0.12428483704565528,0.09885736776875892,0.00012762437172018999,8.645500615165e-05,0.7,0.2,0.4,8,0.4028797618876289,0.158612978201571
21,6,0.37962399250668527,0.7110555793670311,0.6519294136774368,0.14720529810303098,0.11345988991938101,0.09915817868412154,0.0001370339676578,6.373957618957e-05,0.7,0.2,0.4,9,0.4147860626624833,0.2626288029653139
21,7,0.3822377481406656,0.7142112367678887,0.6688720879993644,0.1436781965904684,0.07529474342408003,0.10378179897824817,0.00016200217925782,0.00011309157611276002,0.7,0.2,0.4,10,0.3943798093822391,0.1515377478149938
21,8,0.3601744611873737,0.6920064248912435,0.6366400050925677,0.1517634748013669,0.14625513794213107,0.09915817868412154,0.0001370339676578,6.373957618957e-05,0.7,0.2,0.4,11,0.5436066825903223,0.1743546503638127
21,9,0.35915928389977264,0.6887889808882698,0.6328908233320724,0.15002586421360423,0.07376427741675769,0.09908080078865876,0.00022486499649689002,0.00016979185594625,0.7,0.2,0.4,12,0.3514625673190221,0.1935824268387768
21,10,0.34113161764963656,0.6741215792664186,0.6217301143215985,0.15063356069055822,0.18014595473684522,0.10756059831155572,0.00023444251843392,0.00011274830630267001,0.7,0.2,0.4,13,0.420223421817756,0.2407110986465546
21,11,0.33441176382169086,0.6650146149861266,0.6120965998986779,0.1488861134983452,0.07313369290765238,0.09908080078865876,0.00022486499649689002,0.00016979185594625,0.7,0.2,0.4,14,0.3854986504963328,0.1798338165439625
21,12,0.3236554578211891,0.6485334603857688,0.5850112523608716,0.14202441291362103,0.15381228708887876,0.10758153918417941,0.00026168487574897,0.00017371890605335,0.7,0.2,0.4,15,0.2936396785398318,0.1158394955320021
21,13,0.31614126688952815,0.6415356592701348,0.5768446256207865,0.15116014002275172,0.11269255214321129,0.10767344892015458,0.00033291805017725,0.00019585890396478,0.7,0.2,0.4,16,0.2880079571127836,0.1490299520055581
21,14,0.3042232816280342,0.6354394451094091,0.5835632061992827,0.1423798447907674,0.13529621646834575,0.10756152193325275,0.00029902120318127,0.00016465813214459,0.7,0.2,0.4,17,0.2646855172564643,0.1314520274802396
21,15,0.28654192169034576,0.6054281648015593,0.5416826564438976,0.14691783814158663,0.17078325422066262,0.10767344892015458,0.00033291805017725,0.00019585890396478,0.7,0.2,0.4,18,0.2928509458092874,0.1118558745832707
21,16,0.270436625688882,0.5792555934448035,0.5042612244506826,0.13424541463240053,0.1691191705913645,0.10794696973752956,0.00030327556242918,0.00017227894575834,0.7,0.2,0.4,19,0.2623169960709975,0.0762006856465808
21,17,0.25693081926099126,0.5590830511046605,0.4807198871073736,0.14819399162803587,0.16012068349365044,0.10824516436833553,0.00043388834103822,0.0002049930835231,0.7,0.2,0.4,20,0.2510283408537487,0.1229181914076369
21,18,0.26156326808665886,0.562833846342533,0.48405263587745395,0.15634530464799834,0.092694725817107,0.11721369659336159,0.00043736844164344,0.00022078122801628,0.7,0.2,0.4,21,0.2484313577024833,0.1032302943518566
21,19,0.23643451048651565,0.526306179586404,0.44257221347893294,0.1290482539325158,0.19955853255639577,0.10796550075999581,0.00038044776680822,0.00017003741949018,0.7,0.2,0.4,22,0.2189213960862273,0.1029354901223977
21,20,0.23442047894458626,0.5264979317141333,0.44967438972431306,0.14059221073135808,0.09094553501054295,0.10818442422404989,0.00034921028464362,0.0001576927106647,0.7,0.2,0.4,23,0.2204120145534222,0.0974324781502934
21,21,0.23285572416863107,0.524104485878805,0.4469507870355152,0.13464479583971486,0.08374394300036922,0.10760890472295556,0.00035757591232941997,0.00018063502478261,0.7,0.2,0.4,24,0.2156158721463183,0.104959577902485
21,22,0.2308038423589524,0.5242411082522641,0.45400267670795863,0.14631625184844266,0.09053721814468355,0.10771141250808686,0.00032522819791155,0.00016141520555261,0.7,0.2,0.4,25,0.2261765539523015,0.0831858044727519
21,23,0.2347969513127307,0.5189060506209154,0.4328893741391647,0.15434235251499656,0.10114908243747206,0.11714485256690375,0.00035872704703704,0.000209985217431,0.7,0.2,0.4,26,0.248014307341021,0.10539771544017
21,24,0.22334642954475567,0.5073535735344129,0.42742989717293167,0.14793734361944233,0.11079808013845177,0.10768864412757116,0.00032303122273693,0.00015808489446792,0.7,0.2,0.4,27,0.2291664041521546,0.0972298744195433
21,25,0.22312758236547162,0.5067890642919858,0.42673772075068317,0.1427116057416842,0.07890996035938003,0.10799286322089015,0.00030215230395357,0.00015970552500271998,0.7,0.2,0.4,28,0.2272644542385757,0.100376583818408
21,26,0.2226852693381086,0.5094084286537095,0.4366327222869081,0.14788285458030898,0.08203971685498698,0.10849566596819402,0.00031633908687737,0.00016178523106718,0.7,0.2,0.4,29,0.2269349153362916,0.0977380651319732
21,27,0.22656210054601397,0.5082633117758893,0.42748055510626504,0.17135452233563156,0.08583032420549438,0.1164019156608292,0.00031359515616204,0.00020798705612041,0.7,0.2,0.4,32,0.2564377823705183,0.1135054469542526
21,28,0.22083586488286805,0.5132864824829751,0.45492175986752975,0.18818898706002235,0.07684460060384068,0.108740326023419,0.00036360791156955,0.00021369566752788,0.7,0.2,0.4,37,0.2300953768691586,0.129868847610095
21,29,0.21950952147427502,0.5145412460315675,0.463285748553057,0.20197337751729652,0.08131889614985695,0.108740326023419,0.00036360791156955,0.00021369566752788,0.7,0.2,0.4,39,0.2335365966511425,0.1235021805840046
21,30,0.215400885837459,0.5058891908665223,0.45302758683568034,0.22405266995009473,0.08406134365642466,0.11033965329800623,0.00035661281409333004,0.00012794425951625,0.7,0.2,0.4,45,0.1832142219007592,0.0725627631949684
21,31,0.21363197857224184,0.5062096120948831,0.460302237664136,0.23208403455881324,0.08437040781909172,0.1103514329140727,0.00035472231687166,0.00012099550198097,0.7,0.2,0.4,47,0.1704824307867579,0.0865508494882743
21,32,0.2088566537926641,0.4967678604679719,0.449284116505132,0.23857014557044356,0.09716133213051632,0.1105078838240515,0.00037062660048265,0.00012347396512845,0.7,0.2,0.4,49,0.1742099521586866,0.0640367627484475
21,33,0.208647125200071,0.4963355591499837,0.448777695887524,0.23886784880744705,0.07934784381970164,0.11053397217938436,0.00035895249425692,0.00012619055701903,0.7,0.2,0.4,50,0.1752491534741078,0.0665036030733448
21,34,0.2066382873617283,0.49603432710971257,0.4553276487469175,0.25013960847542693,0.08303607945989185,0.11055255383367593,0.00036531742303794,0.00011080720700894,0.7,0.2,0.4,53,0.1689905303012408,0.0602426334849553
21,35,0.2063189484327488,0.49174379206803887,0.44343776295443454,0.2563226453207451,0.07954841165602157,0.11045040902716606,0.00035869846485383,0.00013098412120596001,0.7,0.2,0.4,54,0.1702945670131831,0.0621610488467842
21,36,0.20106361693021285,0.4884451536758797,0.4534009216030493,0.2691993296024741,0.08847865881586027,0.11043500587200265,0.00035170672211303,0.00013821825100367,0.7,0.2,0.4,58,0.1757335533073857,0.07151822369185
21,37,0.18976703286972887,0.4675582327427082,0.4359321951637812,0.29504294558841904,0.09814477507631968,0.11035657695528284,0.00042251744560081,0.0008210231788678199,0.7,0.2,0.4,63,0.1409013046248127,0.0594129951121645
21,38,0.18780116692883106,0.4668244047887799,0.44197691167943465,0.32352616053289623,0.08227775936148861,0.11042193367334673,0.00040148992443035994,0.00075698008290177,0.7,0.2,0.4,67,0.1436446937977115,0.0577445223530424
21,39,0.18579822851530414,0.46244384256907545,0.43689770357184227,0.3123436244747442,0.08626683919625965,0.11022918673512103,0.00042311492009790996,0.0007195259365498101,0.7,0.2,0.4,69,0.1353089079961317,0.0637638112242008
21,40,0.18556313719629505,0.46572797617500444,0.447640173452811,0.3254272641707027,0.07884897780165735,0.11010381616224145,0.00042089738159383,0.0007226321580097,0.7,0.2,0.4,70,0.1378051932158097,0.0589348370572342
21,41,0.18282593834570562,0.4552687594964726,0.428503665222532,0.35101442315609405,0.08259447961326616,0.11049559857953173,0.00057904461936074,0.00070976184121075,0.7,0.2,0.4,76,0.1466586251304545,0.044619476244044
21,42,0.18110720049103746,0.4590836276912306,0.44680670932955713,0.35321471090297035,0.08191944060680288,0.11000345966375707,0.00045538691197833,0.00080870565905913,0.7,0.2,0.4,79,0.1382616545839885,0.0491708157528557
21,43,0.17806552321576316,0.4516900080087789,0.438180748078314,0.3649607677824007,0.10830626160137631,0.1101442611380753,0.00048088710198394,0.00074092751397802,0.7,0.2,0.4,80,0.1304410268366179,0.0473315014437843
21,44,0.1773328233663507,0.4540896862279003,0.44793166164109305,0.37481562684741726,0.07854026333056865,0.10968939717558973,0.00045462614995566005,0.000744347736795,0.7,0.2,0.4,83,0.1399343037622276,0.0471361945091887
21,45,0.17630383310326805,0.45471271085607745,0.4554944722004803,0.3777207712085406,0.08234992683666607,0.1101957813381618,0.00052253257807896,0.0008125306914160901,0.7,0.2,0.4,86,0.1331239693107272,0.0346035203481219
21,46,0.17425407079321928,0.4462318979459241,0.4387453277836704,0.3795853838244892,0.096232443605597,0.10998508063734673,0.00053421629909282,0.00067616022751218,0.7,0.2,0.4,87,0.1365592748801548,0.0401194041016199
21,47,0.17174870053558378,0.43957518035231163,0.4309523194426627,0.3955819270227053,0.1059841808773337,0.11023272847741943,0.0005921628136861901,0.0007915975305579999,0.7,0.2,0.4,88,0.1326082203083532,0.044996548380987
21,48,0.16880101432727923,0.43588790119791204,0.43357723346691096,0.41106977809767586,0.09251745601585598,0.11007220658076118,0.0005540454251733099,0.0008149351710429701,0.7,0.2,0.4,90,0.1366519775184379,0.0456316101933895
21,49,0.16759845979363822,0.4291183514250183,0.4187965062051387,0.4173605921388927,0.08365550276532983,0.11005334013812906,0.00052630942847129,0.0007434409191455201,0.7,0.2,0.4,92,0.1365951693448972,0.0488964448586001
21,50,0.16719717904811948,0.43535871987764585,0.43985803664636425,0.45668053505955075,0.07809313953383742,0.11014225081444583,0.000559640964021,0.00076446923361547,0.7,0.2,0.4,101,0.1276588656556546,0.0444708789860865
21,51,0.16465577948055266,0.4322997709769423,0.4431939993697689,0.4620439699360245,0.10556534662633166,0.11021989148534223,0.00056513943960238,0.0006660126986705701,0.7,0.2,0.4,102,0.1189538225643601,0.054462518457043
21,52,0.16393325815248516,0.43382654822189565,0.4518526431646382,0.4944103712728112,0.07862068648638262,0.11036820422738401,0.00062864343914585,0.00071165265747366,0.7,0.2,0.4,112,0.1139857111854309,0.0478542923660136
21,53,0.16218488640203077,0.4329082630646033,0.457697394734245,0.5076570119676392,0.08385681084017556,0.11029309746119881,0.00060041894868857,0.0006706700409153099,0.7,0.2,0.4,115,0.1131960378117793,0.0501617222740232
21,54,0.1620195575466763,0.4286778390802829,0.44586068732615103,0.5111859166465883,0.07877835110370003,0.11033191714631031,0.00061013383934867,0.00069166870600168,0.7,0.2,0.4,117,0.1123208580743527,0.0468663912963355
21,55,0.1619651152729545,0.42858111238070123,0.4457529799456683,0.5526475121741409,0.07763518063944078,0.11030517962626478,0.0006019684318799899,0.00066707011389271,0.7,0.2,0.4,125,0.1117106829958738,0.0480056168754964
21,56,0.16140295764558243,0.4349875941350765,0.4670698487362755,0.6363150694772159,0.07773200096139235,0.10989629586078943,0.00061283379190447,0.0006334780538130101,0.7,0.2,0.4,132,0.1244472594440722,0.0552482529750172
21,57,0.16103863061334736,0.4340031037644789,0.4659248067042626,0.6399225571556338,0.08130404694029689,0.10987973292927919,0.00060956156665471,0.000635754449444,0.7,0.2,0.4,133,0.1241081021196893,0.0559629521520019
21,58,0.16059256070471115,0.4320667617214639,0.4636044535570581,0.6047580875814474,0.08007869080853994,0.11038631928701542,0.0006440834244464801,0.00071077335244868,0.7,0.2,0.4,137,0.11476434782226,0.0489901706283915
21,59,0.16029040071602552,0.4725819010843459,0.5867759369375466,0.6939507618915527,0.07739898901046073,0.11000928100592507,0.00062475837049356,0.00064961834758083,0.7,0.2,0.4,150,0.1226634989289368,0.0547282885205734
21,60,0.16001546717080614,0.445897959334973,0.5073806824179227,0.7970392434983363,0.07760143769436008,0.10995793880429702,0.0006193150653365399,0.00064853992238904,0.7,0.2,0.4,161,0.1283305527800272,0.0548056215713584
21,61,0.15989981537652417,0.4457667160908449,0.5072450878473764,0.8084525299428971,0.07730887572726339,0.1097989278753559,0.00064065431277294,0.00065308274582567,0.7,0.2,0.4,163,0.1251002861096697,0.0555111632027184
21,62,0.15996643908589644,0.4526599726682191,0.5290146677833727,0.8742158186395776,0.0778806933651459,0.11030552495043017,0.0006581966330032501,0.0007467374355939499,0.7,0.2,0.4,179,0.1232636147274615,0.0477296400785137
21,63,0.1582042886612902,0.4442195337818559,0.5122998122809156,0.8639459073484514,0.08703016698946398,0.11019040687062563,0.00065351861374659,0.0006439506982637,0.7,0.2,0.4,181,0.1220962429799733,0.0557328571350203
22,0,0.903894387336806,0.9675255890672596,0.9621683516963887,0.13888965193522007,0.0,0.0,0.0,0.0,0.7,0.2,0.4,1,1.1581799413109262,0.7495063282056779
22,1,0.8078343683696504,0.968509598869906,0.9529746897175693,0.1901108418652787,0.18991735914245905,0.08952737300270038,1.498481356592e-05,1.636185429899e-05,0.7,0.2,0.4,3,0.9358406407450944,0.5477409723644128
22,2,0.4813342193316547,0.7898388169702535,0.7437539427384929,0.14760128931683997,0.833037572026647,0.09864342196724914,0.00023761131600601003,0.00024017332952042,0.7,0.2,0.4,4,0.5779155439603226,0.2351652127899694
22,3,0.48073129726708125,0.7934856282732158,0.7546557494343588,0.15332071823155524,0.07394615196806546,0.10076513606629302,0.0002763708714423,0.00027899598298009997,0.7,0.2,0.4,6,0.5718890486631513,0.2269819400506282
22,4,0.41623608056473715,0.744906788880252,0.70532922976177,0.1638651315575032,0.13735460290087564,0.09775656552719507,0.00017995571457008,7.369197176293e-05,0.7,0.2,0.4,9,0.5516915212737201,0.3335288201647058
22,5,0.37939553599178105,0.7152514149983507,0.67646136787542,0.16649138704428781,0.16000252399454798,0.10825048244304131,0.00035747451439545,0.00014638602549372001,0.7,0.2,0.4,11,0.4881767710313518,0.3488632770464404
22,6,0.32702779615224137,0.6603485589305587,0.6131097242909243,0.1553558758999786,0.17839229892239125,0.10296435200740317,0.00046642907792750004,0.00012143795797582999,0.7,0.2,0.4,13,0.3319442180262128,0.2627501687109633
22,7,0.3087378886939614,0.6418195617285147,0.5981487824877848,0.15733356414957816,0.12268399897981178,0.10536679889779312,0.00044753199975354995,0.00013159006462276,0.7,0.2,0.4,15,0.2840331719694247,0.2483806111404946
22,8,0.2804806402481854,0.6116433592620363,0.5763465967354975,0.17195754000262364,0.10440974277450789,0.10927795306774182,0.00048016095057346996,0.00012533662435785,0.7,0.2,0.4,21,0.3058088353548486,0.2937839476232557
22,9,0.2763642089204986,0.6058824212713917,0.5696508599743566,0.17978636700948186,0.08427076643900251,0.1091415555170941,0.00042569348178753,0.00015526838043703,0.7,0.2,0.4,24,0.2865538397803387,0.2575706675339947
22,10,0.24707410836590898,0.5709642395284029,0.5432469234040416,0.18386658849226564,0.12798978678822737,0.1050363384700118,0.00052593300673083,0.00016330777677097,0.7,0.2,0.4,27,0.2385143187605339,0.1664383870382142
22,11,0.22841330834724463,0.5294972179374143,0.4866041068005332,0.17863057501612148,0.17815371196908297,0.11743337627522964,0.00054211490770198,0.00017300470902507,0.7,0.2,0.4,29,0.1997185978629425,0.1913751547794869
22,12,0.22246937176143514,0.5275807085660927,0.4984869475034493,0.20674255097732414,0.08435098264185997,0.11464241216663669,0.0007119546608841301,0.00025893289932813,0.7,0.2,0.4,37,0.2429080682457053,0.1391941918115607
22,13,0.20974979321814466,0.5075863926307206,0.4822449794663511,0.2176272890651825,0.17355495197188883,0.11339708396915125,0.00064240549859283,0.00022111908582411998,0.7,0.2,0.4,38,0.2305753953731562,0.1401681010988511
22,14,0.20782999867046614,0.504564326212378,0.4788571201421841,0.2162117862865261,0.08339307699936202,0.11224587269657443,0.0006471048603971,0.00022182258013759,0.7,0.2,0.4,40,0.2252973316244147,0.1340073634310351
22,15,0.19682535931320214,0.47868866422741496,0.44828911241918323,0.2115908259714621,0.19862803684619593,0.11593276918140671,0.00057325448276328,0.00022687922322746002,0.7,0.2,0.4,41,0.2204415019954131,0.1041473802984764
22,16,0.1674492875347994,0.41316037997770677,0.37252420497556765,0.18687800664290125,0.20585302873114333,0.11102645308654119,0.0005350403803473099,0.00014073119129446,0.7,0.2,0.4,43,0.1701455976938672,0.1237786656371662
22,17,0.17109029688141003,0.41502309334677795,0.3739151163023137,0.19719784321038916,0.08653670060800044,0.11773351352139397,0.00055432132856284,0.00020037150845338,0.7,0.2,0.4,46,0.1743821122313925,0.091253532643553
22,18,0.16441509225291168,0.4020562925280426,0.36585105912847576,0.22612034760419308,0.11444338893067085,0.11653238540600244,0.0005487454199712999,0.0001893575464096,0.7,0.2,0.4,48,0.1523101223327443,0.101392750174829
22,19,0.1495043652729841,0.3656293422384708,0.3306402197934149,0.22936334905395867,0.15850299296320836,0.11370294994857054,0.00056670216324106,0.0002333834122033,0.7,0.2,0.4,50,0.1437855312482754,0.0816034912018913
22,20,0.14591477637024206,0.3572227093665164,0.3276933410144242,0.2423158962701166,0.09301378780873097,0.1142121413984497,0.00055255260228373,0.00019247876034622998,0.7,0.2,0.4,54,0.154374069142448,0.0802366026020913
22,21,0.14217466213831378,0.3517784636555412,0.3284737635624106,0.25780542087715735,0.09504794810446114,0.11227817444934295,0.00057382923813528,0.0002234953345829,0.7,0.2,0.4,56,0.1434692506035253,0.0863743397321332
22,22,0.13879611905635494,0.3429134129385242,0.31832601883991646,0.2545308518588048,0.0935515298174179,0.1107035725668223,0.0005960179715004,0.00024370752574457002,0.7,0.2,0.4,58,0.1422096378367119,0.0832856760869222
22,23,0.14089171425878008,0.3485408882031042,0.33142602735795385,0.2627266350120241,0.08022917024786472,0.1138449934464813,0.00056021662430561,0.00019024222566017,0.7,0.2,0.4,61,0.1474824689850693,0.0972298183218972
22,24,0.1408773398570365,0.34849792100343857,0.33137636595277514,0.26271294243326265,0.08004417053210876,0.11384152274412546,0.00056026957515902,0.00019016484139551,0.7,0.2,0.4,62,0.147394742500363,0.0972797663648663
22,25,0.13778327886096403,0.34204647177016456,0.3307970856225236,0.2910769034386972,0.08993575857608231,0.11356365692580378,0.00054470304906408,0.00016559793644262,0.7,0.2,0.4,66,0.1511996197017246,0.0904407851284288
22,26,0.13765889007063864,0.3415286115545842,0.33018833922749696,0.3014051287505487,0.08197577547124138,0.11361014766346184,0.0005451320018107499,0.00016624891389771,0.7,0.2,0.4,67,0.1517865899261055,0.0902025985362633
22,27,0.13538632467733605,0.33676975141918614,0.3248560484867926,0.2956760440594378,0.08321625399833171,0.1117800888695382,0.00054022652489593,0.00016414776122328998,0.7,0.2,0.4,70,0.1540712424008625,0.1020784122920696
22,28,0.13416570843051914,0.338826830951998,0.3343288402972438,0.2938745684899267,0.07977829474340709,0.11027815050844997,0.00053511930972315,0.00015614752222575,0.7,0.2,0.4,71,0.1434348086672872,0.0991823556108883
22,29,0.13241863174304838,0.32451966242592595,0.3038176570976277,0.2758652587374921,0.10698441546537811,0.11060967351529132,0.00054370683347974,0.00016787150015221,0.7,0.2,0.4,72,0.1393064200821215,0.1031788104654999
22,30,0.13176263110902212,0.32568531768783654,0.3120679509611809,0.2955173320445886,0.08303575533427798,0.11069449585375002,0.00054554506957449,0.00016785941436024,0.7,0.2,0.4,74,0.1417326576202942,0.1050814638564492
22,31,0.13161190814774576,0.32542438683271013,0.31845612478674534,0.2947921546228699,0.08434564587317446,0.11251056043741059,0.0005713054499452001,0.00016083930985779,0.7,0.2,0.4,78,0.1415521581371877,0.105417437309203
22,32,0.12928538216107177,0.33137939212067913,0.34631190216930907,0.3553836755705921,0.07865646054506063,0.11068248734642064,0.00053589298016157,0.00016881978009145,0.7,0.2,0.4,94,0.132063844925538,0.0979512246198746
22,33,0.1292870236159696,0.3386994747511972,0.368637537793896,0.4014250971769351,0.07776476644645339,0.11073816136922085,0.00053607585581641,0.0001695980225438,0.7,0.2,0.4,102,0.1315536375211168,0.0981312363983236
22,34,0.1287532352267635,0.33273263141084,0.35476965862828086,0.40453756988106704,0.08744690797800322,0.11085508729782344,0.00054690850710774,0.00017901510909744,0.7,0.2,0.4,103,0.1303839009668274,0.0964516603879113
22,35,0.1294127716581438,0.34823420593321663,0.4003284507932259,0.45551206807097283,0.07844623238194495,0.11179916282871642,0.00055388511562807,0.00017426641609864002,0.7,0.2,0.4,105,0.1394562879412822,0.101892442283983
22,36,0.1288753386815434,0.33273061858618197,0.354739828643725,0.41201156106890974,0.0782872571168008,0.11109658103194858,0.00054902273318729,0.00017190746875540998,0.7,0.2,0.4,107,0.129823161712365,0.0934226415222403
22,37,0.12854341810249048,0.3432597479280109,0.38775125153034906,0.4584240626172817,0.07923755959695544,0.11075905716460907,0.00055364599593316,0.00017455056638379,0.7,0.2,0.4,108,0.1399463914587466,0.1026203013339186
22,38,0.1286704098648182,0.34290662966403407,0.38729056379318805,0.45854106779119985,0.0806991893647142,0.11119119803113432,0.00055267838148128,0.0001658526363737,0.7,0.2,0.4,109,0.1410481927635399,0.1035462437492985
22,39,0.1292660543952567,0.34323798896024543,0.38756275482651664,0.4704991386299033,0.07919420700635925,0.11217231917277273,0.00055134626395245,0.00017473033478427,0.7,0.2,0.4,112,0.139201771037036,0.1016154172342252
22,40,0.12883235407742755,0.3494866097952102,0.4086747154856971,0.511083685410766,0.08267037465266278,0.11192930030416189,0.00055104265262729,0.00017493055931687,0.7,0.2,0.4,113,0.1427604696618563,0.1019498733426626
22,41,0.12905138484776332,0.34200999357580003,0.38610730726344195,0.47027233488554077,0.07965306421040914,0.11237203314642899,0.0005766321857139901,0.000189652888103,0.7,0.2,0.4,115,0.1432858535722837,0.1077131474190963
22,42,0.1289319634302012,0.3454311188440986,0.3970055287910783,0.503491330346331,0.07896360911900902,0.11228910378545028,0.00056749489711759,0.00018015338616856,0.7,0.2,0.4,120,0.1415715317213671,0.1043451174339639
22,43,0.1287830810673009,0.3450897922839602,0.3966203445284513,0.5033486091318871,0.07986780581649917,0.11217244738938113,0.00057620551794723,0.00019098315788878,0.7,0.2,0.4,121,0.1456189800774525,0.1073707268987871
22,44,0.1284998469251149,0.3436843234260431,0.3949651961116535,0.610518983191278,0.07914573560162419,0.11224263581386276,0.00058849758370333,0.00033200682116557004,0.7,0.2,0.4,140,0.1478309549826363,0.1102260584317251
22,45,0.1283666381816451,0.35067929350587135,0.41692346886881115,0.6376511896710657,0.07960710036628262,0.1122185484437676,0.00058489860505549,0.0003016921497277,0.7,0.2,0.4,142,0.1473356285993741,0.110181734875172
22,46,0.12858391696535526,0.34280726161388625,0.39387390395263994,0.6144926978798642,0.08017293393306632,0.11285234150951923,0.00058050816358104,0.00032295229078994,0.7,0.2,0.4,146,0.1438313640011801,0.107661379030193
22,47,0.1281073365923203,0.346011616571049,0.4045859761198437,0.645248535629397,0.07894365662805704,0.11218948955622865,0.00058079832825081,0.00031785898844401996,0.7,0.2,0.4,147,0.1507782199296578,0.1098480739559717
22,48,0.12716094676853498,0.34752705538321826,0.4133378446409553,0.6559393640602008,0.08174258189894792,0.11146286340331904,0.00058189505996032,0.000312976930472,0.7,0.2,0.4,149,0.145939099409588,0.1057588342401858
22,49,0.12675351378587307,0.3454459530782638,0.410885026492023,0.6554834380362234,0.08153517074614837,0.11170368246214767,0.00058417301037086,0.00032047284957457,0.7,0.2,0.4,152,0.1411685886072686,0.1041265396799389
23,0,0.9342289720590634,0.9781207472360999,0.9745113401916108,0.14184252203255304,0.0,0.0,0.0,0.0,0.7,0.2,0.4,1,1.0364720546363622,0.7480756790839171
23,1,0.6291217119772151,0.8835254518932488,0.8461301567791618,0.16933071475311065,0.402588639468828,0.09716984001976092,0.00038874788603902,0.0006760303862791,0.7,0.2,0.4,3,0.7575322693364935,0.4675689842327974
23,2,0.5111801631131112,0.8114168697159214,0.7688357162086983,0.15386067351284338,0.37551047356511424,0.09911592851854852,0.00022267982250022,0.00026919282019201003,0.7,0.2,0.4,4,0.4499733358607512,0.2224978930930312
23,3,0.4920999963074464,0.8014151420743376,0.7641674654226408,0.15544983724274933,0.09630787740751874,0.09840376907961838,0.00022551993060879001,0.00028330579024385004,0.7,0.2,0.4,6,0.4428976292537004,0.2087887731072307
23,4,0.4903261651435112,0.8044765054615985,0.7742448923685236,0.16009657716531198,0.07764200603001506,0.10173207045034657,0.00028318217093115,0.00035719228292325,0.7,0.2,0.4,8,0.4271621096379742,0.2025759566014097
23,5,0.4831844779330124,0.7948660384664938,0.7565484064855695,0.16099699644298765,0.08326825030123834,0.09830847964068529,0.00023756051762057,0.00028614870985293,0.7,0.2,0.4,9,0.4289778306829104,0.2144011361651965
23,6,0.4833055538548284,0.7949893468412996,0.7566706096714995,0.17057740087653506,0.06913423628458362,0.09849170987421918,0.00023614602183240997,0.00029089611032505,0.7,0.2,0.4,10,0.4186069049472691,0.2239203066740095
23,7,0.46804390841276755,0.7909769966080406,0.7657671391587527,0.177487182206249,0.09332104886280577,0.09876899565373269,0.00023763257186865,0.00031448264470051,0.7,0.2,0.4,12,0.4068538989105811,0.2582808829470876
23,8,0.4670859653599894,0.7902404114983449,0.764910023591571,0.1795497284503096,0.07231597962391474,0.09876046023185224,0.00023812824505769,0.00031382092455063996,0.7,0.2,0.4,13,0.4053116596728115,0.2553131006035403
23,9,0.4663534703906581,0.7896760049470052,0.7642533109082904,0.18166127851804975,0.07160666135198743,0.09875378882990465,0.00023853338655991998,0.00031327203076197,0.7,0.2,0.4,14,0.4040989512206978,0.2527624940184054
23,10,0.46070762370936297,0.7880681815985905,0.7601957338420199,0.1899552315167239,0.14379359155138732,0.11750347173298488,0.00035786731321117,0.0005464370296292601,0.7,0.2,0.4,15,0.3688176671141401,0.3174627066379011
23,11,0.447927942463767,0.7814950254581445,0.7592917973751706,0.18773662266955315,0.1065086226112428,0.11864775578680438,0.00049402867682208,0.0007285148962508299,0.7,0.2,0.4,17,0.3307505297821521,0.2643314875943751
23,12,0.44279026264261695,0.7769867513372357,0.7542568476474574,0.18801111589277936,0.09529635468788351,0.11678351341175362,0.00046940859625737,0.00071399931530192,0.7,0.2,0.4,18,0.3302216196073073,0.2544804841490815
23,13,0.4364509898891453,0.7752261983911152,0.7592496435395506,0.19015534891594246,0.10037642573744876,0.11560961027672546,0.00047133549369704,0.0006220440911955,0.7,0.2,0.4,19,0.354336069665474,0.2497257109509648
23,14,0.41490375031146104,0.7548795792088367,0.7376576290619803,0.18662381937120442,0.09953473167197996,0.09719087944121627,0.00042333052807157006,0.0008858285828148901,0.7,0.2,0.4,20,0.4174854644087651,0.2131035390071733
23,15,0.4139139740796098,0.7586859316815362,0.7476653059494618,0.19792432676654997,0.08748152669053434,0.10897436758774358,0.00037017389752411,0.00042861739105153003,0.7,0.2,0.4,23,0.353176156711751,0.2410815243306555
23,16,0.40880935534125856,0.7502958427085726,0.7311584981299117,0.20793555655774842,0.09032777204332963,0.10716532476051044,0.00088581130011402,0.00076621381610959,0.7,0.2,0.4,24,0.4232349982007707,0.2656405552894493
23,17,0.40497696991715515,0.7467079069484689,0.7271818859385909,0.20891340568292124,0.08401523979129968,0.10543471947401599,0.00083397765909979,0.0007411550014741,0.7,0.2,0.4,25,0.4184775075005583,0.2538874612372691
23,18,0.40631754377063883,0.7557722158433928,0.7507664095300373,0.2204595116037444,0.09194394719623389,0.11200003756875257,0.00087608507746021,0.0010436212375811301,0.7,0.2,0.4,26,0.3382820082476274,0.2252739652077203
23,19,0.40302920720064783,0.7526380503366245,0.7473380399346297,0.22154107308302462,0.08498372834348795,0.11011123064709802,0.00082597020977796,0.00099827474104146,0.7,0.2,0.4,27,0.3410595146539889,0.2249959483874635
23,20,0.40726510528982574,0.7569050194057586,0.7515508015035451,0.22604568903313058,0.08357743515535694,0.11706562898483323,0.00040253662928733003,0.00052733233523931,0.7,0.2,0.4,28,0.3058707534217076,0.1952254732271965
23,21,0.4010868182471873,0.7545503217633062,0.7564679192869621,0.23189594102941574,0.08369458387399852,0.110111230647098,0.00082597020977796,0.00099827474104146,0.7,0.2,0.4,29,0.3487064291712561,0.2421814195508877
23,22,0.36958987699875046,0.7238471247134491,0.7235221682799642,0.21791155378809826,0.08856027726957584,0.08588202602953016,0.00045871962928590996,0.0008097521988323401,0.7,0.2,0.4,31,0.3458114461412043,0.1843275354726478
23,23,0.3758860797935671,0.7488690800197041,0.7850918768404914,0.2915257135553564,0.07503904280257531,0.1039597376583098,0.0009297849951784299,0.00062900403698448,0.7,0.2,0.4,45,0.3996541950973957,0.2883576728707949
23,24,0.3647703671391269,0.7414094557745357,0.7827664652308275,0.2949142931307064,0.10622262646955291,0.10839596012384563,0.00148283838198286,0.0007325815568856,0.7,0.2,0.4,47,0.2863359798979407,0.2777692546161899
23,25,0.3559655813786165,0.735924665189093,0.7831616429427963,0.32342883048559606,0.08301727424796626,0.1093473839707318,0.00164194875456069,0.00076835042260965,0.7,0.2,0.4,54,0.2884614531312361,0.2808696462247306
23,26,0.3523072319593011,0.7357563331749338,0.7898889417728651,0.3314925160554574,0.08478614529887739,0.10917790288876682,0.0015943105135718502,0.00076731356685362,0.7,0.2,0.4,56,0.2821668021664555,0.2616101604061442
23,27,0.3526160979985069,0.7434644249745197,0.8125669893402158,0.34822951929529067,0.07806213670744439,0.110048518921346,0.0016688412496017502,0.00081442187177062,0.7,0.2,0.4,60,0.2789481875527873,0.2573341796260335
23,28,0.34052265529330744,0.7342664071323182,0.8091891417525511,0.40738552596991845,0.0820343882328358,0.1058707947771611,0.00130171033061081,0.0017114510399198102,0.7,0.2,0.4,66,0.4155454346526908,0.1809817916923952
23,29,0.3370710969894025,0.7342317449838673,0.8161720884093072,0.4086937401749635,0.08052934082855873,0.10479807289584439,0.00130803647514336,0.00175022279646991,0.7,0.2,0.4,68,0.4218555922935137,0.1834122685833516
23,30,0.3370624886979252,0.7379333484174277,0.827386582510798,0.4258207598890316,0.07433679568484658,0.10479807289584439,0.00130803647514336,0.00175022279646991,0.7,0.2,0.4,70,0.4217455748099677,0.1819163871447613
23,31,0.3342901275886841,0.7311769438694787,0.8126877003882432,0.43898573303205973,0.07598852553749426,0.10373484015716698,0.0018494866569813198,0.00221367505645922,0.7,0.2,0.4,75,0.3914144794360869,0.2442606329666444
23,32,0.3336084837044589,0.7377862715686121,0.8341291162478034,0.4419937823748252,0.07688710739578314,0.10453239519220095,0.00176560426540508,0.0018098023101166202,0.7,0.2,0.4,77,0.3428636955026128,0.1949730976220482
23,33,0.32943269693017957,0.7113390011577871,0.7625887172160507,0.6234062460288352,0.07011659847055424,0.09661058419452544,0.00411930608111565,0.00414323146694124,0.7,0.2,0.4,118,0.5834672833443894,0.3402053219879684
23,34,0.3366446817637123,0.7184236066689511,0.7694881717294366,0.6467633878605938,0.08295891522657149,0.10867262694588666,0.003937404548086771,0.0036428977523045997,0.7,0.2,0.4,119,0.5751492407172409,0.420617066663455
23,35,0.33712887082490534,0.7185251897983036,0.7690599652756154,0.6530473700407509,0.08823948668248444,0.1127013319179934,0.00449581235669532,0.00459613788712811,0.7,0.2,0.4,121,0.5488525109179435,0.2625834184048163
23,36,0.3277219283660179,0.7606538663801492,0.9158321515054075,0.6495352394984524,0.07801939668037719,0.10581454668581877,0.0021891441756358597,0.00169898345763131,0.7,0.2,0.4,126,0.6051532021686328,0.2912121151507831
23,37,0.315380332725861,0.7659954323325271,0.9577268422853297,0.7963842603155817,0.06916719461946293,0.0954515681822979,0.00259276567420883,0.00204050566514539,0.7,0.2,0.4,151,0.610118046061507,0.2752124103696035
23,38,0.31491152655847804,0.7691492028657144,0.9682984750308475,0.8042565671959845,0.06938313061370745,0.09543364598058908,0.00262119312102844,0.00212798238628064,0.7,0.2,0.4,153,0.6189400028462488,0.2754970514649722
23,39,0.31737152524485324,0.7641096268158503,0.9481323691975607,0.7036605452949967,0.07138106003190135,0.09948352481802168,0.00272656533155366,0.00242505076391889,0.7,0.2,0.4,164,0.6211319761498392,0.2718127885401643
23,40,0.3121759153016305,0.777066128973807,0.9982396436281302,0.8432607662776705,0.07859936380177387,0.09524414241780176,0.00244749294308657,0.00237117473498113,0.7,0.2,0.4,165,0.6213593521588521,0.2625842131051066
24,0,0.8340557318244504,0.9417738295215885,0.9321683732053139,0.13171263789454402,0.0,0.0,0.0,0.0,0.7,0.2,0.4,1,1.471024461102571,0.7470497566820049
24,1,0.6002734046886091,0.8671498057571924,0.8269027219230317,0.16542010052309966,0.36369853282201536,0.09850607077547352,0.00048045518966635003,0.00056974265156843,0.7,0.2,0.4,3,0.8827661425332624,0.4675689842327974
24,2,0.4776157253468826,0.7868812423667658,0.7404287257310198,0.14625246940776437,0.4009204034472357,0.09753711612409069,0.00027220851488982004,0.00033632066812694,0.7,0.2,0.4,4,0.6083673518218935,0.2481989225561879
24,3,0.39351454974703315,0.7171283842896405,0.6592777647782211,0.12800628078127763,0.21032659532168815,0.0967558714741338,0.00010585338430481,0.00013526542139919999,0.7,0.2,0.4,6,0.463299004433934,0.1406593619891801
24,4,0.3902762845022446,0.7178376012245332,0.6669945916810622,0.13205131886548527,0.07418263140559839,0.09685679783219374,0.00010571911616914999,0.00013512689306571001,0.7,0.2,0.4,8,0.4982548214532319,0.1541599778371818
24,5,0.33077115003300395,0.656251256996985,0.5937425053790375,0.12815543413432137,0.22284554010816773,0.10988958787340365,0.00011312944438495,0.00014475281053516,0.7,0.2,0.4,10,0.3895814681595304,0.1999628082308372
24,6,0.317024577679048,0.6395495306120271,0.5738524867006192,0.13485081132115512,0.11950612119950926,0.11363736878764139,0.00011520033619528,0.00014750574127504,0.7,0.2,0.4,12,0.4497411939160107,0.2201304540786033
24,7,0.31330001389196943,0.6348994919949742,0.5683737242336954,0.1351048358039177,0.10071035211217316,0.11417490725712809,0.00011157425961142,0.00014249100418552,0.7,0.2,0.4,13,0.4305088886239895,0.2028819084005175
24,8,0.3130874399732967,0.6345816156332591,0.5679648525043041,0.1414950061044605,0.08250967808571073,0.11450854501747132,0.00011184084902227001,0.00014283445133102,0.7,0.2,0.4,14,0.4316763434441018,0.2057997981391377
24,9,0.30882314813064593,0.6326237022981134,0.5723607603445604,0.14214201689554062,0.11061795809041464,0.1164402660204964,0.00013122322328279,0.00016758461067226002,0.7,0.2,0.4,15,0.40273284897062,0.2150700898867041
24,10,0.29280164697500694,0.6129446818840188,0.5500162351181297,0.140589230236743,0.14477295500033396,0.11142784594922496,0.00011259356628534,0.00014512050811195,0.7,0.2,0.4,16,0.4104645228228921,0.1527498339031393
24,11,0.2634621225545457,0.5705652038276555,0.50031210558652,0.1358305277743797,0.26317933170796376,0.11430903050406616,0.00011829563455786,0.00015217840663859,0.7,0.2,0.4,17,0.3449014882170406,0.1855843229579679
24,12,0.26108874922771835,0.5621223369165748,0.48323050649703964,0.13416560627906213,0.08921248026910121,0.11728715957396335,0.00012677042383893,0.00014507725961713998,0.7,0.2,0.4,21,0.3407451240771996,0.174233541947684
24,13,0.26103292678303397,0.5657422245718926,0.49434826588048386,0.14780416334374,0.08233115229062912,0.11730024404452107,0.0001266240649759,0.00014489993867156,0.7,0.2,0.4,24,0.3407028224492819,0.1741151736010246
24,14,0.25924584581298865,0.5663223347743478,0.5018208487836836,0.14797600735527036,0.09838611492724367,0.11822425965488143,0.00011520415819046999,0.00013165719830604,0.7,0.2,0.4,25,0.3415942798658487,0.1670954073992198
24,15,0.2569823053541705,0.5659841077604054,0.5081898694655672,0.1569005409437275,0.0937654626154589,0.1193932495391411,0.00015359734418423,0.00017601057738298,0.7,0.2,0.4,27,0.3109323046398697,0.1845977465620393
24,16,0.2556091577313784,0.5565065440556152,0.4833714194033124,0.16167675197744819,0.08747903643510441,0.1191957499693783,0.00012241766196470998,0.00012741011191785002,0.7,0.2,0.4,29,0.3309117147106501,0.1398353429458984
24,17,0.22226429791112204,0.5156119153306569,0.45757552016151154,0.15727557641535772,0.10318243825001798,0.10930233827246286,0.0001617921358983,0.00016904373160726,0.7,0.2,0.4,36,0.2186665901611804,0.1312416049476411
24,18,1.0662261351979425,1.4611534904305892,1.6003890345110017,1.8147319976288678,0.9142104228085692,1.0,1.0,0.03541945665487611,0.7,0.2,0.4,181,0.317847628769433,0.3361862360301452
24,19,1.0596859660255555,1.4531177919316878,1.5979286653110354,1.8114630365985012,0.9149366036578241,0.9999952955021335,1.0,0.035446909710708005,0.7,0.2,0.4,183,0.3175087028962371,0.3358490477225869
25,0,0.9209394347919273,0.9735202873260161,0.9691519429698309,0.14056037408475408,0.0,0.0,0.0,0.0,0.7,0.2,0.4,1,1.0843448873405666,0.7505884173266943
25,1,0.637309490458971,0.8897428835185067,0.8532495407563632,0.17162387906948445,0.38533658056201625,0.09844173381879215,0.00044907782456916,0.00029504329595476,0.7,0.2,0.4,3,0.726232605116373,0.4675689842327974
25,2,0.49195989270975804,0.7976779159385115,0.7528655150236343,0.14987691136847262,0.4481124884043755,0.09884443688073434,0.00023696866667525002,0.00020292814781139,0.7,0.2,0.4,4,0.5281713977597815,0.2247839696782286
25,3,0.4777798001035703,0.7908271059195714,0.7518541164163168,0.1494351824895754,0.08985261859512934,0.09826277960139515,0.00023158424137379997,0.00020291861849434,0.7,0.2,0.4,6,0.5095125565944688,0.2064411789069503
25,4,0.4770897696277046,0.793943734503185,0.7624381430286249,0.15402816674009992,0.06918923826233152,0.09782053926212067,0.00023040251435655002,0.00020330646892453,0.7,0.2,0.4,8,0.5075586793317899,0.2064507568661814
25,5,0.34943250309910495,0.6770899243275965,0.6181993932913075,0.1366631845722023,0.32432252932270844,0.10832161943053079,0.00012524292166187,0.00014767671916761,0.7,0.2,0.4,10,0.4403310614534874,0.2352994760208147
25,6,0.3493520499279294,0.6807005814711867,0.6292773251183587,0.14034876247065525,0.07668356353843135,0.10858339812075954,0.00012814581554405,0.00015118390800877,0.7,0.2,0.4,12,0.441200228206572,0.2384579897960042
25,7,0.2939694965148334,0.6183707090726461,0.563337064838212,0.12909470256526984,0.21657061921474022,0.11055715664900514,0.00015523129279677,0.00017132578081797,0.7,0.2,0.4,14,0.3911816406849104,0.1395645558174955
25,8,0.24658575272214187,0.5502424014322864,0.48421272586141967,0.11544445997682275,0.21348345106721575,0.1084480968716477,0.00015876205788408,0.00017755969997957,0.7,0.2,0.4,16,0.2349305288336123,0.1249461317619234
25,9,0.24658575005534258,0.553953547112194,0.4954383099149555,0.12345464523439441,0.07601657052551712,0.1084480974695289,0.00015876206911947,0.00017755971276665,0.7,0.2,0.4,18,0.2349305230567378,0.1249461329707179
25,10,0.20507378554114375,0.48471301650877535,0.4094089152336958,0.10666531149882084,0.2985967464244066,0.09512852288252036,0.00022085738791717,0.00017985124012181,0.7,0.2,0.4,19,0.2308968887537242,0.1573548869374746
25,11,0.19925316197777718,0.4763592552234898,0.40644177516345165,0.11827458247015636,0.0941397000358597,0.09632592427137741,0.00019803990922722002,0.00017944393730944002,0.7,0.2,0.4,21,0.2104416309747664,0.1172262503466342
25,12,0.17701873220057873,0.418990845358142,0.33179507727457774,0.10117493088301449,0.3202926047236789,0.10416595993832926,0.00022103585347042,0.0002694064114127,0.7,0.2,0.4,22,0.2014517946010734,0.1589091199840684
25,13,0.17056969697413638,0.4111675852300631,0.3561183138419089,0.16929653220654528,0.08904873613951776,0.11338894609315457,0.00022596751059975,0.00040263059154929003,0.7,0.2,0.4,36,0.1367013508805442,0.267431107926089
25,14,0.16230809878499466,0.3889328007001035,0.33021588133914753,0.16929063956605422,0.12541673040934997,0.11338940870272123,0.00022710450746447,0.00039546621465931,0.7,0.2,0.4,38,0.1371078423613325,0.2305402806525266
25,15,0.1624245621461906,0.39268632855414387,0.34146474314895875,0.17803576440695426,0.0799728034951743,0.1136259338148972,0.00022055276524357998,0.00037986565427407996,0.7,0.2,0.4,40,0.137716002999808,0.2163699729502916
25,16,0.16113966310105463,0.39301515626186073,0.34876950843110816,0.20169707618093113,0.08298249891320023,0.11343246066864873,0.00023705060488244,0.00041541799076702003,0.7,0.2,0.4,44,0.1357726376034253,0.2501004049962604
25,17,0.14149493876758906,0.3444258765285722,0.2797801740407754,0.18766846947317178,0.0978682187799437,0.10116434319941063,0.00028663213323427,0.00033861857091545,0.7,0.2,0.4,49,0.1424369206107951,0.0504192680173143
25,18,0.1414949412750452,0.34813705120026234,0.2910058236231167,0.19396639326046494,0.07100796706917609,0.10116434477430335,0.00028663213099162,0.00033861857510973,0.7,0.2,0.4,51,0.1424369231770138,0.0504192650618426
25,19,0.15389291284105833,0.3642066193064473,0.32118638688919615,0.23451481892869216,0.09690589332427767,0.12144869221634218,0.00025901730592732,0.00038290512271499,0.7,0.2,0.4,53,0.1345149082707642,0.1909232995473999
25,20,0.13290211076185196,0.3020355884639766,0.24943614239666204,0.2207899466149861,0.20068829139614566,0.11555924554895691,0.00030779454034552,0.00040487310531827004,0.7,0.2,0.4,55,0.136856368434647,0.164259461129362
25,21,0.12977730019555883,0.29728456632490957,0.2443179576704637,0.22093636921324641,0.08788902855278609,0.11195683891184288,0.00030047760659352,0.00039892567124852004,0.7,0.2,0.4,56,0.1332625510726523,0.1457007694294502
25,22,0.12398862286080786,0.2838117204879179,0.23582373246704583,0.22103800704894042,0.10844855313351226,0.109367186010067,0.00030081495707938997,0.00039946897013098004,0.7,0.2,0.4,58,0.1285473209963332,0.1368731120400225
25,23,0.12305936084064353,0.2800893345729813,0.23148727377882194,0.22665062613306514,0.09201039399595684,0.10936718601006702,0.00030081495707938997,0.00039946897013098004,0.7,0.2,0.4,59,0.1311148667078132,0.1347985273224114
25,24,0.12030010767508006,0.2779885921979758,0.23622896549839956,0.20161016112997548,0.07673204025102627,0.10688893911399448,0.0003025065085059,0.00038988912945132003,0.7,0.2,0.4,69,0.1171907132599343,0.1799519139008942
25,25,0.12078621558219874,0.2809762648675438,0.24646793227552133,0.2600985944956451,0.07913502834069826,0.10816939299652178,0.00036384334628034,0.00029759592409852,0.7,0.2,0.4,71,0.1201544881867939,0.0583609541169458
25,26,0.11441110732422556,0.27298848507261875,0.24483376502857257,0.291168719824643,0.08575832591235273,0.10154134591494128,0.00031163193298862,0.00026703493685216,0.7,0.2,0.4,73,0.1449680202720266,0.0509394600483289
25,27,0.11927030921111871,0.27176084687140933,0.23557363513579968,0.3020695438534037,0.08125611688818883,0.10951252348725561,0.00030244691522561003,0.00038131756705761,0.7,0.2,0.4,76,0.1150451193578292,0.1572273598320112
25,28,0.12351881325539274,0.2770788777502145,0.2545507692354718,0.3117050707332743,0.11720613281371643,0.11836641728517353,0.00030913570317373,0.0003808227508936,0.7,0.2,0.4,77,0.1303519971329712,0.160571457901853
25,29,0.12243187710211789,0.2678087003656778,0.23680670832138173,0.31757544642976404,0.1073492450499173,0.11873506967594501,0.00030577736741779,0.00037955355741654004,0.7,0.2,0.4,78,0.1305252726957055,0.1589334883543473
25,30,0.12313215797270545,0.2683790558413068,0.23734879072629622,0.33202302144609225,0.08444491207989374,0.11979398234074047,0.00030195783208227997,0.00038314127671246,0.7,0.2,0.4,80,0.1309875308636889,0.1601767085528374
25,31,0.1215642129464834,0.267676303851664,0.2435547172033089,0.3229525543766939,0.09831233911157128,0.11873506947685454,0.00030577698447303,0.00037955355788613,0.7,0.2,0.4,81,0.1366553239570861,0.1550349088887741
25,32,0.11532004587540548,0.2616835024152766,0.24434018904707486,0.3389425126096261,0.08038705279812017,0.11131246389503327,0.00029813113591517997,0.00026896537270831,0.7,0.2,0.4,89,0.1266550005063055,0.0582794954750127
25,33,0.11591108121439078,0.26127740873245175,0.24372247755989837,0.3498129621400682,0.08160777859659488,0.11257254947229306,0.00028906587989966997,0.00026002928803993,0.7,0.2,0.4,91,0.1295915581127373,0.0559654974290147
25,34,0.11591108107191563,0.2649885824687078,0.25494810458979544,0.349812962306664,0.07896265378523092,0.11257254971476756,0.00028906587747317,0.00026002928547266,0.7,0.2,0.4,93,0.1295915558062667,0.0559654959497127
25,35,0.10717709263398248,0.2594544458081612,0.2568200259732741,0.38348597485707536,0.0717271081499879,0.10028357619232997,0.00039171454110868004,0.00024362861135781,0.7,0.2,0.4,95,0.140161404690067,0.0454807488478217
25,36,0.10708475597693302,0.2536309154386731,0.24305429150763616,0.39004053765064645,0.08155049627571917,0.10097320075224073,0.00038794326077795,0.00024041281502890002,0.7,0.2,0.4,96,0.1452468862630874,0.0456565774713432
25,37,0.11221510251697962,0.25855362969063433,0.2613982903879886,0.3877766876896805,0.08614182788054808,0.11130498155349618,0.00041412131291838005,0.00025970492866203,0.7,0.2,0.4,101,0.1307242292846924,0.057867832136836
25,38,0.10859293330145801,0.2508254678328026,0.2460728724419573,0.39906048927207816,0.0756185759075673,0.10630518545025418,0.00033394484208959,0.0002617008548456,0.7,0.2,0.4,103,0.1344206211925181,0.0612262381175518
25,39,0.1084808512306033,0.2529263433750688,0.2553740985310652,0.39508978725696425,0.07881014215700101,0.10672474103768659,0.0003401868005975,0.00025855108949923,0.7,0.2,0.4,105,0.1359188405995382,0.0615757818754121
25,40,0.10679209388984935,0.2535628080810843,0.2632350967985282,0.4672556162045544,0.07416494863501803,0.10475802522110295,0.00044148496802655005,0.00035672097138797,0.7,0.2,0.4,117,0.1424157821120948,0.0646377120893287
25,41,0.10765575087897639,0.2549793144361524,0.27150653121669777,0.478847768766282,0.0835137371323626,0.10720290208171446,0.00038806252271143,0.00036293267106523,0.7,0.2,0.4,119,0.1350343282629071,0.0657028331066594
25,42,0.10754531500527724,0.26961301676477145,0.3161770666087975,0.5392515486115699,0.07523888215753728,0.10708310134820846,0.00038795919492125004,0.00036262656690849,0.7,0.2,0.4,128,0.1349448453702564,0.0657565660530665
25,43,0.10853012564224666,0.26743496907784364,0.31334051453110795,0.5354506286122265,0.09348612116977356,0.10967723507889125,0.00046364383632952995,0.00031891974163481,0.7,0.2,0.4,129,0.1336805605477165,0.0629423323295362
25,44,0.10443779560867093,0.2769441851352226,0.35264961347702,0.715788500893152,0.07337136459440846,0.10437106013945464,0.00033637179268546,0.00023770723152096002,0.7,0.2,0.4,172,0.1379956142036808,0.0587544061846779
25,45,0.10590488281083026,0.2914563657737132,0.39684644165357685,0.7953676967148618,0.07559590070511792,0.10712117558600799,0.00035618888085263,0.00023889846973774,0.7,0.2,0.4,193,0.1312448685899497,0.0588998325748669
26,0,0.9711521322183304,0.9905794767390237,0.9890253250082337,0.1467486188215109,0.0,0.0,0.0,0.0,0.7,0.2,0.4,1,0.8716463409954356,0.7529700748085141
26,1,0.6849731514811148,0.9163000874234519,0.8841058884323657,0.17939611595757443,0.3693433350833706,0.09923908767176098,0.00039253685909729,0.00017014030462459,0.7,0.2,0.4,3,0.5277454046789624,0.4675689842327974
26,2,0.5891145476244976,0.8617184398206007,0.8274577856862081,0.16778137304230872,0.28770882918571866,0.09903921485962554,9.52859402276e-05,0.00012916254767955,0.7,0.2,0.4,4,0.6099464717415102,0.3062667611695367
26,3,0.48281684085694415,0.790983533052451,0.7450590901889088,0.15269411601428384,0.21518244569258022,0.09903010185793006,6.161608387306999e-05,8.208910347121e-05,0.7,0.2,0.4,6,0.493021795610268,0.2263228572058276
26,4,0.39448543212509557,0.7218236526068867,0.6714342269073754,0.13858684842900582,0.21887479118908149,0.09864096872161036,9.334904537317e-05,0.00011034976970088,0.7,0.2,0.4,8,0.5025900914138106,0.1313909240776276
26,5,0.3642566453905188,0.6964686075414989,0.6489460694337558,0.1366801268944514,0.1263171237163358,0.09733595758000751,0.00012190484135042,0.00014425544534308,0.7,0.2,0.4,10,0.4570346066597034,0.1414567456184868
26,6,0.3426447415821259,0.6775778204335565,0.6333813403190659,0.13715436567893677,0.12336608010029294,0.10127614120096314,0.0001645062133486,0.00019537451233642998,0.7,0.2,0.4,12,0.4650384150081957,0.1307216614766498
26,7,0.33845166584307185,0.6728692534137226,0.6276549280957469,0.14313803684054816,0.08519049107618593,0.10334078608967563,0.00018842052898163,0.00022377615992629998,0.7,0.2,0.4,14,0.4787236619695059,0.1280738273844185
26,8,0.31597971511346373,0.6441987239638887,0.5870356480745198,0.14329438313998372,0.1898999248047843,0.1060290687173318,0.00023861319194658998,0.00029470323910155,0.7,0.2,0.4,15,0.3829472590334612,0.1338370462252364
26,9,0.29458203414173045,0.6201157583975094,0.5658786978406377,0.1543168324424608,0.1294475438732918,0.10605701762689272,0.00023896804831947,0.0002950807009675,0.7,0.2,0.4,17,0.3967252735310727,0.1081166391313801
26,10,0.2811803991694345,0.6064585337819428,0.5570904020017677,0.15580813003172436,0.10614691830237638,0.10414981115999367,0.0002391759160616,0.00030295286631688,0.7,0.2,0.4,19,0.3387645728468516,0.0928510074498759
26,11,0.24833254286508546,0.5608443840827879,0.5103977701293435,0.16000235573030128,0.12983693063700794,0.10810001762914316,0.00026718387367574996,0.00028342932504046,0.7,0.2,0.4,23,0.2476717359860412,0.1354320468010675
26,12,0.235004128951662,0.5457551814215086,0.5064319583220607,0.16521925299499257,0.09672077171548467,0.10975080152558273,0.00031544121893702,0.00027667777574272003,0.7,0.2,0.4,28,0.2153453220240866,0.1266902012895351
26,13,0.22700040441241134,0.5330688067837677,0.492014294741469,0.17378150466121248,0.09561824947050417,0.10661014097279928,0.00033262661894111,0.00028491305585518,0.7,0.2,0.4,30,0.2348809586649269,0.1059160076376711
26,14,0.22704857361895847,0.536575760455545,0.5029450337338156,0.1765744923237732,0.07623350525331533,0.10710305533075616,0.0003311171066418,0.00028610122526311,0.7,0.2,0.4,32,0.2420364961029164,0.1032229137526813
26,15,0.2007903871161023,0.48199470742491896,0.43231975065234857,0.18268160434030184,0.18245693446660044,0.10827322512792473,0.0003525528354105,0.00031680717838357,0.7,0.2,0.4,34,0.146317394178476,0.0815852811335449
26,16,0.18148896178163332,0.4430401935138262,0.39372484780107564,0.1688530239610646,0.16743435144225582,0.10928360561766287,0.00037664980048737,0.00029902477965463,0.7,0.2,0.4,36,0.1437161252429711,0.1074195677664585
26,17,0.16835604747464628,0.41328092327444305,0.36591173696411194,0.17114452127098467,0.1452950602615,0.10966592704645993,0.00040057064348179,0.00032591601334893,0.7,0.2,0.4,38,0.129174725086532,0.1064117712868678
26,18,0.16836735089842322,0.41277317757045756,0.365264826282518,0.18876049659261096,0.07847211060841007,0.11016348804332277,0.00038387249162135,0.00030313792037032,0.7,0.2,0.4,41,0.1303501460105004,0.0948801549605075
26,19,0.16687299661508945,0.40910732570597225,0.3610190670505787,0.19965054465864684,0.09166159719771483,0.10994858166270922,0.00038471059204161,0.00030227696839725,0.7,0.2,0.4,42,0.1280077666494151,0.0909508406292683
26,20,0.16144375213198417,0.3951876623972655,0.3448667268027744,0.19489402125077845,0.1325994123184245,0.10938110276369604,0.00042607516946269,0.00031012616879825996,0.7,0.2,0.4,43,0.1421038657685929,0.0901713450430305
26,21,0.15830604172785312,0.3903655790895112,0.34616708825192866,0.19488429795472836,0.0940837636138164,0.10922398370083858,0.00044818885202610996,0.00033637822519215,0.7,0.2,0.4,45,0.143230334304193,0.1074020905507355
26,22,0.15725573143638827,0.3908856842503045,0.3536547224966898,0.22196052174328942,0.08022408152876048,0.10940044752645377,0.00044988418022762005,0.00033740721225686,0.7,0.2,0.4,49,0.1404802677510158,0.1112954661842836
26,23,0.15682366675823173,0.3902575376080746,0.35297662770146987,0.22487993414564822,0.07689586489634134,0.10893589435134333,0.00045669426197521003,0.00033343703803531,0.7,0.2,0.4,52,0.1435490643205943,0.1073112508233641
26,24,0.15667265441436,0.3931525076354064,0.36321675313400076,0.24229349289050944,0.07880569134251628,0.10923705231793461,0.00044868314141490996,0.00033494401356412996,0.7,0.2,0.4,54,0.1444262417091059,0.109750254295856
26,25,0.15546188964748794,0.39031729303681034,0.3599693725347552,0.25403152454629596,0.08150568211627023,0.10875611836211638,0.00044643540215667,0.00033580661018674,0.7,0.2,0.4,56,0.1475680605057356,0.1104122735162113
26,26,0.15559234711381567,0.38975592172363976,0.3592329580792097,0.26010289580986484,0.08122930970782406,0.10946642796907612,0.00045603809371927006,0.00033713294549472,0.7,0.2,0.4,57,0.1564198436811849,0.108622856057964
26,27,0.15498974370810292,0.38805613754771817,0.3572561778553645,0.2711617916048337,0.0802951414398323,0.10942829637782299,0.00047479736485781,0.00034278709572569,0.7,0.2,0.4,59,0.1367651464912434,0.1072512825251751
26,28,0.1535829057707356,0.3951979965315055,0.3862917305355295,0.2760528423023429,0.08489977312029616,0.10934299352109215,0.00046121033755376005,0.00036476979465427004,0.7,0.2,0.4,61,0.1362184402090161,0.1063245033802127
26,29,0.15333178340811515,0.38720144798473677,0.3631853997571819,0.2969390397672281,0.07698349030272099,0.10925438148315159,0.00044539261918079997,0.0003184550657008,0.7,0.2,0.4,68,0.153357870776458,0.0877551262053522
26,30,0.15332526473750485,0.38716440488775594,0.36314070070203736,0.3031664323290261,0.07689468599501123,0.109250418155336,0.00045435534713627,0.0003441060729054,0.7,0.2,0.4,69,0.1653835778036523,0.0905190043476107
26,31,0.15312009746020022,0.3900559284475045,0.3733929403927216,0.3178959826962579,0.07809772231198345,0.10941107207759496,0.00045895505511903004,0.00034142571195617,0.7,0.2,0.4,72,0.1379308850342966,0.1044788472919198
26,32,0.1531109958064215,0.3974510157308711,0.3958123326015248,0.34208214962368827,0.07684481851694597,0.10941127152437471,0.00045924231930484,0.00034158645403361,0.7,0.2,0.4,76,0.1380221972870053,0.1044219475860825
26,33,0.15281478669087628,0.3965881752381562,0.3948079693320937,0.3489419213109117,0.07858146681127037,0.10940674481744508,0.0004590647438273,0.00033777729707037,0.7,0.2,0.4,78,0.1376633764075341,0.1046109819900869
26,34,0.15281397337990896,0.40399064945155005,0.41723458095857613,0.3802717024481391,0.07685021503502873,0.10941573687231781,0.00046484770434002,0.0003415265627319,0.7,0.2,0.4,82,0.1372559446801024,0.105145633721242
26,35,0.15254276102741324,0.39960690598310433,0.4052362233980781,0.3787673790750752,0.07925737997995157,0.10931784860516632,0.00044090160683499,0.00036076237300435,0.7,0.2,0.4,83,0.1537040744130318,0.0914701398973682
26,36,0.15049208194651698,0.3934216170536114,0.39802459625545245,0.4000371210593246,0.08106835566316108,0.10932155581040545,0.00049890062915912,0.00041596353505152,0.7,0.2,0.4,89,0.143118714697484,0.1108823740202839
26,37,0.14980262139561645,0.3988984025293465,0.4182203368338486,0.43122491580420347,0.07866178881923007,0.10923362092158201,0.0004690273309498,0.00041753883872313,0.7,0.2,0.4,93,0.1480131063132757,0.1077984856668083
26,38,0.14841795507913597,0.3945878204739008,0.41319115021213326,0.43746963733723765,0.09470925180057815,0.10928110272503669,0.00052761347185036,0.00041883097075976,0.7,0.2,0.4,94,0.153689095319264,0.106223304279102
27,0,0.9248339519197499,0.9748750559484785,0.9707302008750933,0.14237179719662504,0.0,0.0,0.0,0.0,0.7,0.2,0.4,1,1.066614148848588,0.7533963709918704
27,1,0.8705108878880699,0.9881491929785281,0.9775108993069538,0.18601288219687467,0.1338154460842921,0.07518977264127459,5.719356486191021e-06,5.571660892424572e-06,0.7,0.2,0.4,3,1.1145857796216252,0.7573672710689983
27,2,0.6157995307669332,0.8772360070052765,0.8455785523009399,0.1719171136373641,0.594682024866357,0.09862837618789538,0.00018289482394646,0.00014847890785703001,0.7,0.2,0.4,4,0.521564662522279,0.3219153289296928
27,3,0.6076717804429894,0.8708736901131313,0.8388237993681095,0.16893525833749132,0.07496467080263483,0.09296155024348388,0.00014374952075643999,0.00012642040028263,0.7,0.2,0.4,5,0.529990340401311,0.3064527691946013
27,4,0.4293788263442571,0.748789662346485,0.6959509816603533,0.1388781805797959,0.5888706001682131,0.09860567497589429,0.00010766255507343001,9.793363205402e-05,0.7,0.2,0.4,6,0.3125217177025909,0.1475907857592585
27,5,0.42937217906641495,0.7487897059930149,0.6959451941778338,0.14075697244303423,0.06926589998040983,0.09865606568220607,0.00010776230407405999,9.829041072127e-05,0.7,0.2,0.4,7,0.3126284466551458,0.1488447459528588
27,6,0.40661163244467213,0.7328386627986422,0.6842199829098736,0.13970757181551774,0.1516195745953492,0.099022564047107,0.00013555175734684,0.000124947911841,0.7,0.2,0.4,8,0.2962230266253184,0.1564689369015869
27,7,0.4064274116225945,0.7326735648097605,0.684028895642245,0.14744850629696765,0.07003549716920948,0.09901200030252277,0.00013544725180478998,0.00012458958731361,0.7,0.2,0.4,9,0.2961478018859507,0.1554963976955748
27,8,0.3750765094157561,0.7028962009914361,0.6514544089739949,0.125030044451707,0.1265013080701015,0.0805841814781471,0.00024082523081936,0.00026550808000625,0.7,0.2,0.4,10,0.5129515308351812,0.2215137336926635
27,9,0.3282196632486565,0.653954130930415,0.5917435333257804,0.14116072161274176,0.34228030413232413,0.10330030256056148,0.0009263230520181,0.0010086655590343901,0.7,0.2,0.4,11,0.2986046771812024,0.3748514418564753
27,10,0.3273179467391554,0.6558576742212695,0.6000202406773458,0.152502787980974,0.09230900182936029,0.11057294481910045,0.00104216112669876,0.00099902569017133,0.7,0.2,0.4,13,0.3351229665185526,0.350458523573174
27,11,0.32850564547564154,0.657028087844857,0.6011519520842845,0.1547050344568956,0.08045907900623961,0.1125829224709083,0.00103375478055279,0.00099846826331265,0.7,0.2,0.4,14,0.3333149661403113,0.3638824034903496
27,12,0.32566050765586574,0.6576047051012054,0.6089577070230388,0.15874697995185194,0.08495435675911396,0.11057294481910045,0.00104216112669876,0.00099902569017133,0.7,0.2,0.4,15,0.3193038359610964,0.3053641908111048
27,13,0.3134660692331152,0.6449740236937233,0.5958635199935147,0.15786005121501884,0.07394959211413196,0.09684420474311163,0.00047943418784776,0.00075311971093234,0.7,0.2,0.4,17,0.2741112721339158,0.206787544490968
27,14,0.28653046602823085,0.6117787150211421,0.5572840326676994,0.1498622988806888,0.2026401919205783,0.0960372192783793,0.00049317806263636,0.00076423283276326,0.7,0.2,0.4,18,0.2336242518850426,0.215495780694888
27,15,0.274437115078043,0.603351386605472,0.5614510487445864,0.1593384807077954,0.0816554302943967,0.09420585448739101,0.00089277272135696,0.00103956068242225,0.7,0.2,0.4,22,0.2583396632071529,0.2144535403070427
27,16,0.2717479226675495,0.599700499307487,0.5572121766282477,0.16118860815307628,0.08115262971535132,0.09410668926283623,0.0009210510370882901,0.00098216052758326,0.7,0.2,0.4,23,0.264000418162479,0.2077886332491723
27,17,0.2619090700859147,0.5867957603538603,0.5425343818768456,0.15603599569744755,0.10862729452581597,0.09107913206268634,0.0008331664173265301,0.0009321903645312501,0.7,0.2,0.4,24,0.2605880477455858,0.2232378486097791
27,18,0.22046570632151927,0.5265051191907958,0.47290966769284054,0.15323935456767931,0.14099740081080142,0.08564515066645678,0.0007513418150281,0.00120779284331076,0.7,0.2,0.4,27,0.2591431802105749,0.189398315339296
27,19,0.20320508992165287,0.5034672225966272,0.4602747937633539,0.17967777739357416,0.07164145223806152,0.08282717585875034,0.00028607725619613,0.00032335616517907,0.7,0.2,0.4,35,0.2248757700839882,0.1276053908859309
27,20,0.19770293997933902,0.4952820445347724,0.4511250366767444,0.1788582228362283,0.07994344956275555,0.0794890107156701,0.00028189230155533003,0.00032175269461474,0.7,0.2,0.4,36,0.2121200521150976,0.1209553039921078
27,21,0.19776338955138278,0.49818720596188254,0.4612359156459132,0.19431236289911497,0.06076804706555323,0.0809862614051418,0.0003055393321281,0.00035359983081064,0.7,0.2,0.4,38,0.2091301896020918,0.1250643833383716
27,22,0.180114538285044,0.4623437590122086,0.4193283377623669,0.1977677843476983,0.09570677880303687,0.08234016761075154,0.00030337227531315,0.00027415878297825,0.7,0.2,0.4,42,0.2121819897170961,0.2257518974910267
27,23,0.17108064242047596,0.4464414478102162,0.4076841810914561,0.20775613617149352,0.0986458305018452,0.08249692906033876,0.00031205393369008,0.00030919508252671,0.7,0.2,0.4,44,0.2210707531020527,0.1855636319863949
27,24,0.1692750892579277,0.4463897860711964,0.41456223701730266,0.20901251392525874,0.0613687383534562,0.08219218097870702,0.00030086026369369,0.00030237688006941,0.7,0.2,0.4,48,0.2110920626674549,0.1752706322606777
27,25,0.1675895075475002,0.45020606703472593,0.432837379298691,0.2361286478665568,0.060420411614421264,0.08194153245481824,0.00033964102591582,0.00034449333896358,0.7,0.2,0.4,53,0.1848087826362144,0.1787918522167076
27,26,0.16684538429050624,0.4484548610910774,0.4307893635909807,0.23904572807037333,0.06504160211232966,0.08202077349558203,0.00031535391293244003,0.00033826734365824,0.7,0.2,0.4,54,0.182762352658187,0.1605145850602519
27,27,0.16488472259503953,0.4418066461639254,0.4227772039774608,0.2518383462688525,0.0762729399826775,0.08431502254960958,0.00033461481760047,0.00036281378588628,0.7,0.2,0.4,56,0.1872243224343946,0.2005525979429975
27,28,0.1652307528423955,0.4439728355259357,0.4319146013287696,0.2661474481809748,0.06550709137741596,0.08681242950747445,0.00033525221209368004,0.00036222395199994,0.7,0.2,0.4,59,0.1777939778112467,0.1927312708511632
27,29,0.1653508472081487,0.4440781456825222,0.43201577149822995,0.2690807844005442,0.061211235632153985,0.08699882226170297,0.00033579880810665,0.00036175425178347996,0.7,0.2,0.4,60,0.1777619592342313,0.1936338035062414
27,30,0.15366065859857295,0.41878419273919637,0.4029148076591963,0.27785401438233015,0.1543367797065978,0.08377806360990445,0.00039639911275555996,0.00042552070618053997,0.7,0.2,0.4,61,0.1803707092373153,0.1047902260247804
27,31,0.1522514230055139,0.4155735381173561,0.39921497120408284,0.27694641430728617,0.07084533123169237,0.08343747863494978,0.00037818116591484,0.00041754415396149996,0.7,0.2,0.4,62,0.1851595640932646,0.1149774433098613
27,32,0.1499433086905201,0.41328820133016686,0.4034548450913108,0.29531548275331937,0.0709035975868338,0.08343747863494981,0.00037818116591484,0.00041754415396149996,0.7,0.2,0.4,64,0.1809369495665399,0.1123974598813612
27,33,0.13788303334293428,0.3925904432676575,0.3935730775645272,0.28861855997536495,0.09122563294662987,0.07980534777179446,0.00031501140417786,0.0003487221094784,0.7,0.2,0.4,67,0.1540080828473442,0.1491697179978199
27,34,0.13866717287064734,0.38959779878961665,0.38304852082377805,0.28970135023002813,0.05735619563350871,0.08096925636903919,0.00031777428295888,0.00037148853336319997,0.7,0.2,0.4,68,0.1549891619986308,0.1001416970872013
27,35,0.13775822642479457,0.39415992799052746,0.40214399304777626,0.29111714444200076,0.06315007767573505,0.0812403783053854,0.00024249718721489,0.00029355987732829,0.7,0.2,0.4,70,0.1539140602974816,0.1489488803610526
27,36,0.13806866978151522,0.38911782866917954,0.3891587330486068,0.3030595446821357,0.06952609551810943,0.08299530095412096,0.00032242005733042,0.00035259703951016,0.7,0.2,0.4,71,0.149423505570987,0.1468913329736368
27,37,0.13969712551042854,0.3866865513695486,0.3857122649660829,0.31883328585834975,0.07445866150687429,0.08823301640056866,0.00037513609331388004,0.00046645962092152,0.7,0.2,0.4,73,0.1608935355966969,0.0931775909546598
27,38,0.13958647435337498,0.3899509039733502,0.3964065306409873,0.3429555997744551,0.06261844831110366,0.08833009576045257,0.0003723655650116,0.00046182928604974,0.7,0.2,0.4,77,0.1625964369520458,0.0934618505279772
27,39,0.1364838040611972,0.37755925601293855,0.3751075608257747,0.3612630363351711,0.07055926201979168,0.0879931483149942,0.00037650291282172,0.00045611276611323,0.7,0.2,0.4,81,0.1630832185382764,0.0846166412984822
27,40,0.1357712112665779,0.37936699479852204,0.38413467539793833,0.3677538458017336,0.06542790030499084,0.08782199054129415,0.00037679791757316004,0.00046874794339331,0.7,0.2,0.4,83,0.1601682435928388,0.1013878472620216
27,41,0.13330814177874992,0.372022293739971,0.3755885407638348,0.3690439497672566,0.07669521444357005,0.08774062229816311,0.00038528210944133,0.00045190375643024,0.7,0.2,0.4,85,0.1622136660919922,0.1027351280632482
27,42,0.12180565113678715,0.35981588907022394,0.38306294325439255,0.35788282337080796,0.12726506348959676,0.07904663815532212,0.00057370312965676,0.00060270278613217,0.7,0.2,0.4,86,0.1391404478017456,0.0815330293996033
27,43,0.1140139614470932,0.34907175062348295,0.3782507839616948,0.38267684439310323,0.05874169419222916,0.07221070812918083,0.00048542246627665005,0.00045248462523523003,0.7,0.2,0.4,91,0.1653846475786477,0.0718042798691664
27,44,0.11417969968742221,0.34663876305233626,0.37520636981483735,0.40459804392339194,0.055152645425249884,0.07402248009440617,0.00049143335723395,0.0004620266396496,0.7,0.2,0.4,96,0.1666187591662882,0.0746358306566114
27,45,0.11267448647666875,0.3079030161889155,0.3146131987231081,0.4091650597939043,0.2329380539175885,0.08845812000456217,0.0004173722632974,0.00043525738754288996,0.7,0.2,0.4,97,0.1873519295423114,0.0775351541520859
27,46,0.11278625622613099,0.3154079563334177,0.33714049468560475,0.435074706852769,0.06234211422005014,0.08863280136457165,0.00041838934509903997,0.00043492115340962,0.7,0.2,0.4,101,0.1859409186989896,0.0786010237448438
27,47,0.11202293219823618,0.31263896831079097,0.33392342138248415,0.44047135156890954,0.06784618896885027,0.08856106738334608,0.00041312534623828996,0.00043109515503296996,0.7,0.2,0.4,103,0.187080333784018,0.0841879047500776
27,48,0.11117131557697107,0.31327689129702585,0.34158079233012933,0.488943967433915,0.06372210954151374,0.0884576273107648,0.00041541575143497005,0.00042879044535389,0.7,0.2,0.4,111,0.1867556532813759,0.0823583121867973
27,49,0.10747331791273096,0.30508241689281446,0.3390856833114187,0.5004339728724261,0.0839527006175986,0.08711354907682359,0.00045268502332373995,0.0005048061938239,0.7,0.2,0.4,113,0.1960735001302475,0.0780021561988454
27,50,0.10711290665407378,0.3146164044256871,0.3708906514292346,0.5312062247375381,0.06200508987816743,0.08721615208079234,0.0005704959330398,0.00039537628926035,0.7,0.2,0.4,123,0.1932289985796574,0.0788559473125072
27,51,0.10470551619411621,0.30668834902296077,0.35505100406512213,0.5364099565572312,0.06944648134525996,0.08461989530265265,0.00058129461122272,0.00040925780448146,0.7,0.2,0.4,124,0.210420187521576,0.0782570652411923
27,52,0.10734785719363435,0.3125141329432815,0.36827598507461623,0.5349563661484041,0.06520147803524777,0.08866306766609709,0.00050693878784484,0.00040434882026638,0.7,0.2,0.4,125,0.1904615809880296,0.0739905556891086
27,53,0.1061726452803261,0.3123621621427997,0.3750510252983638,0.5566417890618699,0.06936866344175309,0.08822043137090523,0.00053246694774603,0.00041043820097352,0.7,0.2,0.4,127,0.191149340788802,0.0769378276893703
27,54,0.10548515203433542,0.3139813717511912,0.3838785500713064,0.5597784699640006,0.06434018436869628,0.08786719473416031,0.00057423389375199,0.00041709443579015,0.7,0.2,0.4,130,0.1935672684035195,0.079061462107136
27,55,0.10524513999605918,0.3129605874719285,0.3826877729324098,0.5672812634224681,0.0639228090681359,0.08789080116821198,0.00054670296100706,0.00041310083566986,0.7,0.2,0.4,132,0.1910412773240009,0.0783839618443716
27,56,0.10512937470634581,0.3118562723428147,0.3813685309592289,0.5943483451041353,0.0630715878465361,0.08817803297776451,0.00053716268679417,0.00041170627839387,0.7,0.2,0.4,137,0.1878144521071285,0.0779940722447074
27,57,0.10143259418475438,0.3062403799238026,0.3753361068860604,0.6061010623374433,0.06936524031682069,0.08375925313523262,0.00053814364578937,0.00041653269868286997,0.7,0.2,0.4,138,0.2128839413438803,0.0800451241926593
27,58,0.10133633354114985,0.30876617400412526,0.3851404270437966,0.6332415770937212,0.060330610129289926,0.08410437552512808,0.0005587961526116999,0.00041435717362662004,0.7,0.2,0.4,143,0.204704099459413,0.0794585046808512
27,59,0.10133382858958172,0.3086674841198584,0.38502090124768046,0.6491009624681133,0.059291308992629674,0.0841449543187517,0.00055368519219412,0.00041462848843073,0.7,0.2,0.4,147,0.2043307111567364,0.0791337570032032
27,60,0.1000593984667481,0.31761711706633755,0.4297483275777482,0.7930178169453796,0.06190003426005062,0.08582328668519743,0.00078362451332645,0.0005408597545594099,0.7,0.2,0.4,178,0.2185920689642735,0.0961235798239433
27,61,0.09957046830955088,0.3193792926482196,0.438712286289952,0.8257745303145836,0.06195923982620494,0.08573930899228098,0.00080579296825027,0.00054230750999714,0.7,0.2,0.4,183,0.2206189741647811,0.0973787730751236
27,62,0.09969542435924589,0.32238323317148465,0.4490527172884508,0.8457561318251107,0.06165614600697666,0.0862333142370729,0.0008008416861149399,0.00060910055840935,0.7,0.2,0.4,188,0.2174166467312684,0.095538279484582
27,63,0.09910587164022114,0.3235994848593447,0.4573765792674902,0.8530044272295624,0.06582422982741723,0.08618852704659993,0.00080660567121227,0.00061248958111122,0.7,0.2,0.4,190,0.2179678049767175,0.0953704169792099
27,64,0.098815313521058,0.3267048092997473,0.4679291485877835,0.8735644958547295,0.060960352039637074,0.08590366702611,0.00080056385904389,0.00061830765005017,0.7,0.2,0.4,194,0.2175505358865483,0.0945279998995625
27,65,0.0987543415512847,0.3254678879095273,0.46644165913016294,0.8854351059197902,0.06395444083310906,0.08630758161942606,0.0008098592394582,0.00061152050573207,0.7,0.2,0.4,196,0.2186273913027547,0.0963083736753815
27,66,0.09793968277342116,0.32711059740997067,0.47533201748790105,0.8965453229523863,0.06704090420406603,0.0857222388840219,0.00075323882557426,0.0005359774365139,0.7,0.2,0.4,197,0.2312123093909604,0.0917529499474641
28,0,0.896890820166737,0.9650308418818985,0.9592620095434126,0.13962821676367992,0.0,0.0,0.0,0.0,0.7,0.2,0.4,1,1.1847415558598544,0.7546749780968389
28,1,0.796566967112751,0.9712131402201021,0.9539126399798535,0.20053275991782954,0.2202504247549369,0.10867556879080406,1.724038079637e-05,2.1198598566390002e-05,0.7,0.2,0.4,3,1.0454851076513416,0.5507808697678912
28,2,0.4716034636787375,0.7826009490477852,0.7352717774196873,0.1458038124313916,0.8203097384392821,0.09910220945083704,0.00021955814867944003,0.00020778989859036,0.7,0.2,0.4,4,0.6143701436978939,0.226297145186922
28,3,0.37669418639615593,0.7013207647519318,0.6405968927774554,0.12773988885165066,0.236869540431322,0.09905462672341599,9.388415845494e-05,0.00014207566778177,0.7,0.2,0.4,6,0.5768952280968003,0.1314448870614834
28,4,0.3524430706372279,0.6806546169463931,0.623416815892688,0.12951047355029033,0.11981627277126031,0.09909390054357436,0.00011934519956596,0.0001648605802799,0.7,0.2,0.4,8,0.5056274533523596,0.1472919093716432
28,5,0.34184050430476853,0.6728296928698012,0.6206335412872348,0.13227695047033797,0.10382230185091113,0.1039800152996523,0.00016380790286684002,0.00022484827778081998,0.7,0.2,0.4,10,0.4703472669621868,0.1325085524756798
28,6,0.3351501916886556,0.6691756016221838,0.6232678293062656,0.13624291369653957,0.10371609575164847,0.10405041346568872,0.00023006735049502003,0.00023571918078594,0.7,0.2,0.4,11,0.5219135597126785,0.1542118125327757
28,7,0.3106130714319199,0.638374649503872,0.5810966964317605,0.12463571726944579,0.16852881903886108,0.09879816761526408,0.00012502683599591998,0.00018570765585408,0.7,0.2,0.4,12,0.4386140878995493,0.1528166253588992
28,8,0.30951675948718305,0.6372647067679866,0.5797970463892137,0.12663468827014407,0.07492833200846069,0.09887014704136644,0.00011399637925398,0.00016568949263461,0.7,0.2,0.4,13,0.4381972662367206,0.1503998334941682
28,9,0.295588549585225,0.6228553109661137,0.5699164200283486,0.12542276753929876,0.1401021676754342,0.09882548667112886,0.00012612479831447,0.00018284906097257,0.7,0.2,0.4,14,0.4246739284236625,0.1316358746694914
28,10,0.272690986088313,0.5914551069103191,0.532768537954497,0.12314246529958246,0.1452282038775724,0.10373111398296422,0.00018478585334762,0.00017039976056116,0.7,0.2,0.4,16,0.3976397963935182,0.1827133078490915
28,11,0.2680868183903461,0.5874101621529733,0.5346208471873788,0.12491120951780965,0.11393463962408906,0.10657562975655571,0.00020628727654096999,0.00029906438155056,0.7,0.2,0.4,17,0.3587985868229025,0.084473763609626
28,12,0.26585966460244953,0.5954805544879571,0.5647981316208521,0.14880922583741885,0.07615494836334318,0.10598780995519826,0.00019838426721235998,0.00028760701667143,0.7,0.2,0.4,23,0.3541819637862002,0.0911112200580702
28,13,0.23978265128749368,0.5586308170975306,0.5287344638934628,0.14046923987604445,0.24280373107746606,0.10630172463488813,0.00020315996270194001,0.00029799426028033,0.7,0.2,0.4,24,0.3385088250972767,0.088539238354703
28,14,0.21374516757218814,0.5082279288842938,0.4629814084204005,0.14764347266012098,0.17333608191379588,0.10724184083979893,0.0005234812857477799,0.00050903423524667,0.7,0.2,0.4,26,0.3430035439508887,0.2215898845888091
28,15,0.19984652749314533,0.4875389430878543,0.4525941955773019,0.1791199398500574,0.08774020124069563,0.10808488560493007,0.00042537750068624995,0.00044105832405623,0.7,0.2,0.4,36,0.2545476249988668,0.0709092345522399
28,16,0.197372804652845,0.485821099426184,0.45745569184524276,0.1855648170631925,0.08785124657518228,0.10843187301100009,0.00044414128630329,0.00042292449223196003,0.7,0.2,0.4,38,0.2731250301903655,0.0726579954622112
28,17,0.1968736329682622,0.4845695248872139,0.45596685770877,0.19155278010339455,0.07933377285827943,0.10869532959080534,0.000342422167498,0.00047932369466904,0.7,0.2,0.4,40,0.2332947003495968,0.0909719951435729
28,18,0.1943563726747411,0.4828741336316851,0.46089028274881205,0.1977883422610916,0.08754533382358473,0.10873378553664752,0.00042561419764371004,0.00042690340660283,0.7,0.2,0.4,42,0.2725354413758298,0.070508894805865
28,19,0.19084123521678023,0.4717316194828745,0.441037095540766,0.20099199641614818,0.10610016978290736,0.10847236517157935,0.00040395730315800004,0.00044483844526795003,0.7,0.2,0.4,43,0.2608899466680254,0.0725795785690111
28,20,0.18914420451705452,0.47561290558011543,0.4593915288614363,0.22066627255809335,0.07949062563872368,0.10824148722641813,0.00042613266540368,0.00040699447973331003,0.7,0.2,0.4,47,0.2607759569420655,0.0688947755621395
28,21,0.18293854872339335,0.4572973242782734,0.431085589861076,0.22586476604062092,0.1073734181591535,0.10872675959536217,0.00064767625958457,0.00045656664860215,0.7,0.2,0.4,49,0.2503118304567935,0.0663468307557506
28,22,0.1829385487233934,0.4610084978463095,0.44231121672275314,0.24685062487359713,0.07642093915680805,0.10872675959536217,0.00064767625958457,0.00045656664860215,0.7,0.2,0.4,53,0.2503118304567934,0.0663468307557506
28,23,0.17959847610787213,0.44946713196305754,0.42196590836965564,0.2640228764635911,0.10864861582656979,0.10859899566695479,0.00062696287268538,0.00065672021892572,0.7,0.2,0.4,54,0.285377617143109,0.0929311146105557
28,24,0.17774299476605152,0.44649937586734284,0.41868204226566647,0.2744674251124445,0.07733261120272839,0.10702443105832865,0.000646049861707,0.00077386301949188,0.7,0.2,0.4,58,0.2218962738049836,0.0687028366762576
28,25,0.1766669463031817,0.4434726590792722,0.41510402222042125,0.2772985597977029,0.08945917791745504,0.10749590240910374,0.0006347251373184099,0.00074191876380012,0.7,0.2,0.4,59,0.2257667057177557,0.082658504162592
28,26,0.17456415348925158,0.44597500939265666,0.4318459360130265,0.28185429200967643,0.0952785914696499,0.1073990045372341,0.00061450474278129,0.00058370999457349,0.7,0.2,0.4,60,0.213772674514455,0.0661251124377491
28,27,0.1731424729116737,0.4453698295586087,0.4379525863787528,0.3263221485206026,0.07809016149231938,0.10806285073554298,0.0005174792984634199,0.0008422441358098499,0.7,0.2,0.4,70,0.2417478812286393,0.1176551001542191
28,28,0.1672609623215083,0.44476079452329514,0.46480039496376724,0.3630531443084939,0.09807315827540015,0.10862363394489549,0.00051867831952173,0.00064216347677029,0.7,0.2,0.4,73,0.2276826542206991,0.1087713951167681
28,29,0.16457645954534497,0.43368841356417526,0.44497033044050355,0.3503744506248402,0.10765679504002605,0.1088793890547671,0.00050670790441626,0.0006375576680199299,0.7,0.2,0.4,74,0.2338656181768326,0.1013933287226079
28,30,0.16457275040445304,0.43735619863212183,0.456142103712058,0.35685769917598226,0.07672286487338771,0.1089065852619384,0.00050912706171388,0.00063905427266954,0.7,0.2,0.4,76,0.2336711250673774,0.101846678015662
28,31,0.16285290258792098,0.4351882537913025,0.45385596883373497,0.37260545752584356,0.0780958239023136,0.10686383341489057,0.00049340453961305,0.00059308405237127,0.7,0.2,0.4,77,0.2598699798840952,0.1003232488298611
28,32,0.15772575614319131,0.41703511053786935,0.4257634831606082,0.38030245043765715,0.1360513225208787,0.10679670311245325,0.0018929402536901501,0.00065348755727298,0.7,0.2,0.4,78,0.2026478478749287,0.081630480125963
28,33,0.15695629482876747,0.42241771621750884,0.4458495151761402,0.4004170666121997,0.07735999683942821,0.10673395322712055,0.0018519502562374698,0.00061681207519513,0.7,0.2,0.4,82,0.208202467349348,0.0921470107932317
28,34,0.15718319929069527,0.4151105807223521,0.42348487203545854,0.41168915128117495,0.07597699366132436,0.10714504703948273,0.00186091886921972,0.00061435936647825,0.7,0.2,0.4,84,0.2074945009468107,0.0928704591523774
28,35,0.15693091971458972,0.41822529866575753,0.4340259429118147,0.4188324895547186,0.07665819963494167,0.1070538498581218,0.0018666913304754898,0.0006150761570419699,0.7,0.2,0.4,86,0.2078530009044527,0.0934858577675295
28,36,0.1567605180640795,0.4213054443738379,0.4445027404767061,0.42927635515201334,0.07858612148075436,0.10717640961190768,0.00186360765699897,0.00060983772159338,0.7,0.2,0.4,87,0.2096332785767934,0.0936981922021657
28,37,0.1568119771779322,0.42466810027806723,0.45527747163133125,0.45191303923516046,0.07627890947708932,0.10757286037339646,0.00187332432089149,0.00059107928879725,0.7,0.2,0.4,94,0.2058564532826972,0.0900602492514578
28,38,0.1574020973742965,0.46943050106215445,0.5901210993123787,0.6133122452916789,0.0768524289693703,0.10900138826060923,0.00084561146601202,0.00057281995414121,0.7,0.2,0.4,109,0.2699591448848018,0.1359421008862479
28,39,0.15697041997189792,0.44263935707779517,0.510631117368389,0.5149065285765715,0.0772991303021391,0.1087472542407718,0.00050728752743444,0.00063429631571135,0.7,0.2,0.4,112,0.3053556209914351,0.1776485090461538
28,40,0.15621815178137186,0.45992137741815103,0.565353069551159,0.5969677659510042,0.07928855567089077,0.10801726938107728,0.00054919974590036,0.00071096824999359,0.7,0.2,0.4,113,0.2630610908780028,0.1189424562213572
28,41,0.1562427405652071,0.46322381436302223,0.5760596702818559,0.6240444609251556,0.07902202207728956,0.10820027358521897,0.00090386613527499,0.00086199178727293,0.7,0.2,0.4,114,0.2538749465575185,0.1317296323681772
28,42,0.15514301910028877,0.46029017630868146,0.572660946600637,0.6389337698651473,0.08778310798965974,0.10816408235273393,0.00076932129578209,0.00070798370163202,0.7,0.2,0.4,115,0.2641802433668188,0.1241929358233611
28,43,0.15400904260353906,0.4610435763794795,0.5804682685281393,0.6456844013643794,0.08750070625353784,0.10785931500922018,0.00086326477807856,0.00077918230398902,0.7,0.2,0.4,116,0.2615723603744759,0.1278820611542737
28,44,0.15283822152802032,0.4495533153193241,0.5532216164002138,0.6215877589236466,0.07996522376340057,0.10833514341720615,0.00049572363400007,0.00098431474858139,0.7,0.2,0.4,121,0.2651893050592385,0.1520391935868499
28,45,0.15137157001692372,0.44773061058323255,0.5579004122737056,0.6710096124702708,0.1022604197495297,0.10929318727445707,0.0009132413707535701,0.0006150055807443,0.7,0.2,0.4,122,0.2613008745561106,0.1859449514521743
28,46,0.14997087005558232,0.4473389885157995,0.5643554218490906,0.689477650582232,0.08105387675700908,0.10914112533171513,0.00080090337507157,0.00080071109774142,0.7,0.2,0.4,126,0.2583538099259541,0.1817596602643821
28,47,0.1313873405238973,0.42997434810156476,0.5605013096758543,0.7149226836958688,0.06446028926111753,0.08700063204784804,0.0004853814689489,0.0007470938942722601,0.7,0.2,0.4,138,0.2660179027043036,0.1136220545768215
28,48,0.12924799622530456,0.4216713105878736,0.5507089664679609,0.7170483894733966,0.08064222018746836,0.08801728331489898,0.0005195449986474499,0.00076262161377407,0.7,0.2,0.4,140,0.2525416756321406,0.1220123207266914
28,49,0.1258429609104091,0.40706755670113154,0.5268061077788376,0.7579767367472268,0.08425408170720373,0.08784101866118524,0.00057869253364617,0.0008554938123382001,0.7,0.2,0.4,142,0.2397695705948856,0.1181108223340182
28,50,0.1363729186036594,0.4313675399477783,0.5809096685023701,0.7922894268179128,0.0759630468571622,0.10343914876676333,0.00114344368993974,0.00076676907469273,0.7,0.2,0.4,144,0.2772260914133316,0.1379430251227353
28,51,0.1260750858673323,0.42366010748448557,0.5804520902732296,0.8272525171847501,0.06454470163307413,0.08923856993499042,0.00145851804883288,0.0009225331070556999,0.7,0.2,0.4,149,0.2513858832940826,0.1303059973701632
28,52,0.12484814732867455,0.4167500141577175,0.5655637307271665,0.8219837204690892,0.06853215131554266,0.0887520903322616,0.00138042729067932,0.00084542013260364,0.7,0.2,0.4,151,0.2508821208367379,0.1220547570903258
28,53,0.12401594053449642,0.41033425106583726,0.5511945675338124,0.8293317289281239,0.06818218386134368,0.08869873249595853,0.00137285049091121,0.0008339824524252901,0.7,0.2,0.4,153,0.2455257303067131,0.1203384225617877
28,54,0.12572544121502638,0.43057933392605546,0.6090071149660655,0.9254734017367022,0.06444704526785387,0.09088639176459228,0.00138360468926282,0.00129483822925706,0.7,0.2,0.4,166,0.2582378144950831,0.1190339434978375
28,55,0.12423942351307792,0.43638673728546795,0.6298132380857783,0.9577352836814778,0.06308087750742314,0.08905464251768445,0.00145229899123825,0.00088624717707282,0.7,0.2,0.4,171,0.2457249705480342,0.1300529662179133
28,56,0.1237541342086844,0.42808792674418417,0.6063939704096089,0.9402809350294306,0.0645965257807251,0.08866286600576168,0.00134006970869837,0.00082391542000518,0.7,0.2,0.4,172,0.2460160919174842,0.1189666547291826
28,57,0.12359778481336875,0.4313313476320967,0.6170790413968718,0.9527853002769132,0.06481517357127925,0.08860726381065522,0.0013668973200539,0.0008410065931799,0.7,0.2,0.4,173,0.2490773086300916,0.1256948854696877
28,58,0.1398802957813391,0.5001857782069055,0.738312418282957,1.0433842155898938,0.06572465703306428,0.0918915943405567,0.00171660397000277,0.00087761873989594,0.7,0.2,0.4,177,0.2543929311238387,0.1170944175843282
28,59,0.1252999384029399,0.4571011633001855,0.6950041865837503,1.034467580254576,0.07541317310389899,0.09202260096720552,0.0018267102495865498,0.0008705412520687499,0.7,0.2,0.4,178,0.2493555257202887,0.1285029197010637
28,60,0.12566731794961047,0.4549555253336772,0.6856235335197299,1.0390105107443304,0.06837582530397589,0.09187094125192447,0.00173344630998351,0.0008616322219435601,0.7,0.2,0.4,179,0.2524380404087127,0.1118881302082999
28,61,0.14038847614929328,0.5091162538876219,0.7625211968823465,1.0650148713939236,0.06519858112342061,0.09187154142493481,0.0017928911175410698,0.00086553543240207,0.7,0.2,0.4,181,0.2497059053517209,0.1285894137503615
29,0,0.9196828416772652,0.9730819864926329,0.968641349191961,0.14043821944360893,0.0,0.0,0.0,0.0,0.7,0.2,0.4,1,1.0992973072308891,0.7478492194498216
29,1,0.8437836479551644,0.9879267233413798,0.9743618909370265,0.20091640791877852,0.18422937865529335,0.10020365273877889,1.6368685354230002e-05,1.9711245749359998e-05,0.7,0.2,0.4,3,0.816638754835042,0.5485630998904142
29,2,0.5021822089223862,0.8050486849385511,0.7614376137520608,0.15199801691686582,0.8206556103301987,0.09898624394305827,0.00020808995315962,0.00019078721609843,0.7,0.2,0.4,4,0.5057679962642556,0.2188832827424205
29,3,0.4023049000400974,0.7252628756235215,0.6684951177464742,0.13751356308943793,0.23384957377731816,0.09898976355633055,0.00013608582857029,0.00013754187517743,0.7,0.2,0.4,6,0.4523400236493513,0.218028269692474
29,4,0.3764008027632869,0.7047130553358807,0.6516441669059908,0.13534413512564722,0.11594885711885454,0.09737360293800557,0.00013830958925095002,0.00013495062575868,0.7,0.2,0.4,8,0.414486443432437,0.177515407863479
29,5,0.3511286088871658,0.6792852599596364,0.6218300711786001,0.1277131773185386,0.17907267540355043,0.09904249425407671,0.00013375334067962998,0.00011912608180379999,0.7,0.2,0.4,9,0.3803737863086938,0.201634035069789
29,6,0.3310876305261742,0.6607291806516397,0.6063257158666159,0.13064386731672947,0.12999298856823377,0.10582027782463722,0.0002049314240467,0.00018313951633082,0.7,0.2,0.4,11,0.3342435320871865,0.1712638724599634
29,7,0.31838478060339326,0.6469440703745379,0.5904781054684296,0.13345372057104643,0.12744988792461048,0.10395210699592976,0.00027329029282060997,0.00021103288486323002,0.7,0.2,0.4,12,0.3963814557608765,0.1543770751467185
29,8,0.29845898078943134,0.6252493134051462,0.5719231308075686,0.12390533780932927,0.1805292903380649,0.10555466181587177,0.00026429610343138,0.00019178201095258,0.7,0.2,0.4,13,0.3645942276098374,0.2408642165375674
29,9,0.28079859122497053,0.6024894101070333,0.5455289095871068,0.1332108819619547,0.1654175257726165,0.1044996521610686,0.00029402990210963,0.0001986982495496,0.7,0.2,0.4,14,0.3718758321576568,0.1727118213617469
29,10,0.2585104264542307,0.5738135311324807,0.5188440169301191,0.12497679614919475,0.12048582064667841,0.10608576658495855,0.00024489217013809,0.00018506008076731002,0.7,0.2,0.4,17,0.326456846246957,0.1315431956358992
29,11,0.25857735656140707,0.5730445549422359,0.5177146641673604,0.1283463324718689,0.08421675255751888,0.10810513416033124,0.00025590407233731,0.00018492162503052002,0.7,0.2,0.4,18,0.3522771574547854,0.178112809483817
29,12,0.2483407439347429,0.5614315325894063,0.5113216000636543,0.1272516553157894,0.13073970737978138,0.10608576658495855,0.00024489217013809,0.00018506008076731002,0.7,0.2,0.4,19,0.3257739496990042,0.1471191954834409
29,13,0.24445817583728857,0.5542772753906223,0.5027183953481504,0.13175071820559547,0.0942218409490457,0.10836643361323382,0.00031167980800269,0.00023265178561187,0.7,0.2,0.4,21,0.3430774994327853,0.2052466875900085
29,14,0.2277870434276783,0.5305390419205676,0.4821436311084321,0.13046080251212464,0.1835432832277074,0.10683261303003608,0.00027708685645335,0.00024693202868896,0.7,0.2,0.4,22,0.2342447593007655,0.1380601090272995
29,15,0.22589361621912374,0.5379828648351488,0.5114448742569535,0.1646347866289551,0.07827471445727853,0.10747386819239722,0.00030692098558102,0.0002801415401257,0.7,0.2,0.4,28,0.2283125790030509,0.1518595574732647
29,16,0.2242375539149833,0.5387171036730876,0.5192024625759774,0.17185372149442446,0.08150691485669298,0.10747386819239724,0.00030692098558102,0.0002801415401257,0.7,0.2,0.4,30,0.2161872556310185,0.1331429285920366
29,17,0.22385431196504182,0.5380558560356505,0.5184377795184941,0.17457444837942052,0.07795462010183155,0.10742608551219568,0.00030293250754546,0.00027960432625938,0.7,0.2,0.4,31,0.2240213041614567,0.1430500064718673
29,18,0.21942428550237866,0.529771462069478,0.508742660265311,0.18292313366450594,0.09328039077512577,0.10780440483989773,0.00033082408479037,0.00027238015941567003,0.7,0.2,0.4,33,0.2314828910223815,0.1522959209936435
29,19,0.21893517949469013,0.5291044464149327,0.5080119075780994,0.1886237784943209,0.07694097202916984,0.10741204086790769,0.00032274344166249,0.00026053045023619,0.7,0.2,0.4,34,0.2318995980328651,0.1462433227212011
29,20,0.21446664237565696,0.51210150057001,0.47410030863442104,0.1700023296288982,0.0869120463095877,0.11003305818738013,0.00028420498680012,0.00022810379560099,0.7,0.2,0.4,39,0.2360403529552377,0.1476431081012149
29,21,0.19097240628880582,0.4627705170815873,0.4100610313733269,0.15584620118574216,0.16560036449777674,0.1071377377790361,0.00028481142751432,0.00026349988063442003,0.7,0.2,0.4,41,0.2187692703456987,0.0920443378419646
29,22,0.1870671152612784,0.45671905316183625,0.40973152491396436,0.155997973915444,0.09917160334338478,0.10872706798749998,0.00028305396953536997,0.00024084486744554,0.7,0.2,0.4,43,0.1906466299544889,0.0733348703509888
29,23,0.18398703675378397,0.4525197251525949,0.4052223029812108,0.15923924479330534,0.07748008569180048,0.10542738849439222,0.00025208733302751,0.00022811303524706002,0.7,0.2,0.4,45,0.2008678422128585,0.0831119567708432
29,24,0.1678728973686436,0.4244890786667055,0.38680282659359355,0.1609102066989818,0.1375354463533543,0.10163047664905427,0.00034487142496685,0.00029638441265981,0.7,0.2,0.4,47,0.1848182434261717,0.1061454323147493
29,25,0.15925085794158952,0.3980645209584965,0.3556115370662683,0.16162611429168927,0.19298705117655274,0.10517832482333557,0.00032985288652747003,0.00027044257312618,0.7,0.2,0.4,48,0.1617466952774198,0.0937858928316024
29,26,0.1620715282753705,0.3942787283642505,0.34355907274124503,0.1572405055005476,0.0970935767337097,0.11154153075735487,0.00036937595470525996,0.00032795479287505,0.7,0.2,0.4,49,0.1413554420046728,0.0854908713942592
29,27,0.15260799922196916,0.36980710313073756,0.3218679704706862,0.16798942868008027,0.1972641195847819,0.11231508362462404,0.00033357438019856,0.00027529701435228,0.7,0.2,0.4,50,0.1332322873798627,0.0759137672788423
29,28,0.15209492595494242,0.36507622003637724,0.32270745777878534,0.17664830443323967,0.10646676855694026,0.11706548795880344,0.00036697695486136,0.00030104189237019,0.7,0.2,0.4,52,0.1156319075069598,0.0718722013370121
29,29,0.16845098010434728,0.37624063630309756,0.33923355301664315,0.20199445895626544,0.15696397189829334,0.1461661248572895,0.00034237238009224996,0.0006438063784152,0.7,0.2,0.4,53,0.1152589111382651,0.0800252322626853
29,30,0.14183351400611255,0.3203769932370881,0.25658584729120565,0.17578714462667783,0.1363178090981074,0.11915278997408954,0.00033625167018973,0.0003608981390566,0.7,0.2,0.4,55,0.1604030020951055,0.0916964438008186
29,31,0.14149895066372475,0.3108476496152168,0.2516206312762708,0.18431890706279824,0.12513466313545998,0.12573745743756645,0.00034515089210116997,0.00044203478570044004,0.7,0.2,0.4,57,0.1479823603344027,0.0909024142544091
29,32,0.14304565951097006,0.31496745342814875,0.26299755057677193,0.19716837234619686,0.0966652617182409,0.1285286914110326,0.00034837341435294,0.00047713408957846,0.7,0.2,0.4,58,0.1454093646185928,0.0912409330324043
29,33,0.13845267451478743,0.300791393285389,0.2399640501850676,0.19024715754983448,0.12304070873100485,0.12528394087920755,0.0003408475207889,0.00034927945763724,0.7,0.2,0.4,59,0.1482835589695447,0.0844846013887845
29,34,0.13604874400532432,0.29815486231428834,0.25067144357617516,0.20798849380650233,0.10842499008501766,0.12549746066818385,0.00034083570796651,0.00036271012081945,0.7,0.2,0.4,61,0.1447129536667556,0.0726970457882848
29,35,0.1356824393098733,0.2927529534099631,0.23746382104172473,0.19612880668937413,0.09528140146662062,0.12559782454788787,0.00034078379732419,0.00037420233276935,0.7,0.2,0.4,62,0.1441839592235144,0.0674161492124759
29,36,0.13746968160878892,0.2968383930973016,0.255448085023621,0.21832215936621813,0.11996862734616875,0.13059095605555465,0.00034550006493458,0.00041732276893327,0.7,0.2,0.4,63,0.1338726057404452,0.0721554270252704
29,37,0.12788619986183644,0.29355009290604356,0.26693696653624804,0.25276654002851545,0.08312727437299006,0.11749076576515415,0.00032968082504705,0.00038855171554507,0.7,0.2,0.4,73,0.1437426944127333,0.0778471974524076
29,38,0.11196462226502678,0.28267518638864725,0.2705760766026614,0.2604058470321743,0.07975759465325988,0.09590041903336781,0.00033227509607682,0.00022957665535934998,0.7,0.2,0.4,74,0.1207374572385028,0.0626570467718606
29,39,0.1092633729570568,0.2706106691628764,0.2497655558728094,0.2504045910321491,0.08180987656338072,0.09462906302824925,0.00033381772110822,0.00023388645300503002,0.7,0.2,0.4,76,0.1345149731957445,0.0672490471748311
29,40,0.1116019762888526,0.2799541001994384,0.27404731216170725,0.284382298147945,0.06962483690093921,0.09815947547613274,0.00033196385969568997,0.00023185824870394003,0.7,0.2,0.4,79,0.1395332270313466,0.067828514179044
29,41,0.10586877168751459,0.2647605739604995,0.2568131806163521,0.28391810913409066,0.11706473106554227,0.09412684633005207,0.00032791330649913997,0.00023126763078943,0.7,0.2,0.4,80,0.1405632867564629,0.0656508916530053
29,42,0.10734278580955028,0.2687048210188032,0.26800545614659954,0.3025534202314107,0.07124329464273196,0.09677028150625494,0.00032836709867493,0.00022497181390586997,0.7,0.2,0.4,82,0.1406021102609622,0.0702989701003658
29,43,0.10528018692357169,0.2618489012713103,0.2534041918448901,0.2922794963682995,0.06805456316301393,0.09427400612525344,0.00034793654045777,0.00022127329639581002,0.7,0.2,0.4,85,0.1310514906343284,0.0648680944406863
29,44,0.10578198665582973,0.2609465111733932,0.2656519229825082,0.32134738475076546,0.08095713194114455,0.09864496320492623,0.0003650281360995,0.00022285958931933,0.7,0.2,0.4,89,0.1175123354588103,0.0648649617850365
29,45,0.10619083344533158,0.2546416633488636,0.2511971758012379,0.3486084360061024,0.07365920982813877,0.10037629415254357,0.0004364917231753,0.00030313159738752,0.7,0.2,0.4,94,0.136297118873131,0.0665288464095349
29,46,0.10433382367249647,0.26079418653555686,0.2792346717192528,0.35541012577468284,0.07771139164234818,0.09895883982775505,0.00040860486400945,0.00032284091292797,0.7,0.2,0.4,96,0.1346701985222191,0.0667515051031791
29,47,0.1015938944932214,0.24877996728536164,0.2585387474517285,0.3545108849740266,0.07798294594979796,0.09722699636902495,0.00038466886688007,0.00029653055470366,0.7,0.2,0.4,99,0.1286821233198771,0.0650043374757976
29,48,0.10117324397497997,0.25820950214112265,0.2902433722765241,0.3794223624052587,0.07152794272922436,0.09711323336434499,0.00038852088992728003,0.00029912113717105003,0.7,0.2,0.4,101,0.1287963614717434,0.0651954414356652
29,49,0.10108410765696525,0.2540714949126698,0.2785204893321905,0.3746792710206242,0.06905079120320189,0.09711323336434499,0.00038852088992728003,0.00029912113717105003,0.7,0.2,0.4,103,0.125264212805709,0.0582633778083092
29,50,0.10006773676821132,0.2913252331128829,0.397900895563036,0.5848154442995529,0.06812886470933895,0.09667053945326046,0.00034038322687672003,0.00024071717414543,0.7,0.2,0.4,148,0.1425361890319565,0.0660378504964315
29,51,0.09814643430788181,0.2781444346462259,0.3621502688828639,0.5691427850436465,0.06603261396910173,0.093969207370754,0.00039141889965734,0.00022568712959416,0.7,0.2,0.4,156,0.1194513683136728,0.0585876390843933
29,52,0.09921813568017762,0.2760289144413605,0.3593717522364597,0.5966488719007171,0.07614547912154207,0.09668699902610292,0.00039665021234353004,0.00022571498841525,0.7,0.2,0.4,158,0.1236645210388167,0.0597661945154311
29,53,0.09775755500467594,0.2818570957562585,0.38020108359188753,0.6033503288346981,0.06656270295290022,0.09464751670050266,0.0003930959180386,0.00023135152112815,0.7,0.2,0.4,163,0.1231774484656824,0.0592769665398503
29,54,0.09769507433892172,0.27740425586537204,0.3680928752007011,0.5761295615882543,0.06771098139808157,0.09480757020548418,0.00039762169334448,0.00023076712017307998,0.7,0.2,0.4,166,0.1235183904936942,0.0590155476332527
29,55,0.09756303961864676,0.2804847425847324,0.378584340204597,0.6187951606569574,0.06911870183874926,0.09480265259424499,0.00039780660752643,0.00023002680654548,0.7,0.2,0.4,167,0.1237419017443983,0.0589720711821886
29,56,0.09768040276452868,0.28036799187988853,0.3784190395121625,0.5993530000509235,0.0679251970712754,0.0950556425099656,0.00040018605548221,0.00022996744827378997,0.7,0.2,0.4,168,0.1242352457442041,0.0590702837690769
29,57,0.09767494556470792,0.28036169958478036,0.3784125842827614,0.603261472469448,0.0667099495192293,0.095048199927288,0.00040003264915804994,0.00022995697902892,0.7,0.2,0.4,169,0.1242473221125825,0.0590701920186532
29,58,0.09734829129436695,0.2790372389932819,0.37688141485236937,0.6145264448680664,0.06921390792870848,0.09494431082865452,0.00040501375043077,0.00023057028758191998,0.7,0.2,0.4,171,0.1203369908779585,0.0590721002526648
30,0,0.8951479069062388,0.9644071409285545,0.9585353969839061,0.13802054026783445,0.0,0.0,0.0,0.0,0.7,0.2,0.4,1,1.1924613425680095,0.7509258445422617
30,1,0.668901250928927,0.907896107233587,0.8743230834744996,0.17702022280054486,0.3324461036774874,0.09863663126403768,0.00033269597799981,0.0011397216793934699,0.7,0.2,0.4,3,0.5951861905558135,0.4675689842327974
30,2,0.4039699861117709,0.7266929932445438,0.6702711436020792,0.13131686388380948,0.31476158281909056,0.09806567162060612,0.00010156449985301,0.00010506059351636,0.7,0.2,0.4,6,0.4190155435363379,0.1531697494714377
30,3,0.3998454866896908,0.7269310494871478,0.6770016186096196,0.13842588995231972,0.0842076528518345,0.10193030486156171,0.000129306776997,0.00013375782637293,0.7,0.2,0.4,8,0.3956298250096139,0.1486056507405536
30,4,0.32173997963076467,0.6471911603462942,0.5846466806968027,0.12501317977151669,0.22586806072667479,0.09727797588567046,0.00010903541705081,0.00010866770616295,0.7,0.2,0.4,10,0.3805101099410399,0.1533729388105572
30,5,0.2919442230124628,0.6183609668127084,0.5647709375178579,0.13688473791450323,0.1067017122045804,0.0980447245262746,0.00013698751227857,0.00017532262655795,0.7,0.2,0.4,14,0.3751507813961834,0.1667484849972039
30,6,0.28352711374067435,0.6102711188644725,0.5618341712075695,0.13698243617379238,0.10076700845809679,0.10158916690082531,0.00018179757837331,0.00023267251453891,0.7,0.2,0.4,16,0.3413113009559103,0.1605093188294802
30,7,0.2860375352337432,0.6123564551649971,0.5634912590867668,0.15334434336184358,0.08194066238981437,0.10835750781971422,0.00011999863128644,0.00012202818014853,0.7,0.2,0.4,18,0.3171665013453335,0.2038051003697248
30,8,0.27323807719939236,0.5952295767253916,0.5438927334705703,0.15424694445213646,0.1344275242484076,0.10530212694698671,0.00011174594125659,0.00011247524299599001,0.7,0.2,0.4,19,0.3005247495084966,0.1570997562486717
30,9,0.269837287629656,0.59402876676001,0.5493833113946814,0.1473214226913191,0.09424629668332153,0.10541247339011224,0.00011197982663189,0.000112745978027,0.7,0.2,0.4,20,0.3077829408207927,0.1563412286289713
30,10,0.25190068534133175,0.5697574714231038,0.5276390522103905,0.14841396103812346,0.13845212884908972,0.1085903030278309,0.0001348476586813,0.00016428731036817,0.7,0.2,0.4,22,0.3128044666104512,0.1377511295798275
30,11,0.2482264168750773,0.5658206642206418,0.5294549901683591,0.1664618705426305,0.0901488367448111,0.11291903869304828,0.00013625993458689,0.00016576090834191,0.7,0.2,0.4,26,0.2744545958959851,0.1499861672015656
30,12,0.2397424398926933,0.5519625228957611,0.5073662264347761,0.16500112268893338,0.09132631364283944,0.104561030446615,0.00016810171275041,0.00026197720595868,0.7,0.2,0.4,27,0.2222347186277108,0.1571457340307677
30,13,0.23179263238364026,0.5391131743741389,0.492426665072261,0.16645410810313374,0.12673788930231436,0.10429267435086743,0.00017292020019468,0.00028246944510801,0.7,0.2,0.4,28,0.2353569717632955,0.1416515661683751
30,14,0.2295506992563791,0.5370811205879814,0.4966104369308793,0.16922612081938454,0.1063583208022238,0.10729137769790026,0.00019518859946844,0.00034483286847790997,0.7,0.2,0.4,29,0.2476173103926298,0.1427150215492991
30,15,0.21527739868692733,0.5122413525787143,0.4678659093655879,0.16145584276489042,0.17172399386732923,0.10562153710511332,0.00018588372970520001,0.00034643807521159,0.7,0.2,0.4,30,0.2481171394847838,0.124160176279305
30,16,0.20177318011795714,0.4871349206685624,0.44511758024416076,0.15744072137907908,0.2054734786756054,0.1091009999226657,0.00018911478594186,0.00035253397999048,0.7,0.2,0.4,31,0.2651122504326026,0.1762444737587857
30,17,0.19020899753985143,0.46174472936777156,0.4218491003820349,0.15484809572222197,0.14755526039601147,0.11416419487273152,0.00024436136644439,0.00043468847101827,0.7,0.2,0.4,33,0.183812466106186,0.1425550345237965
30,18,0.17219152559583006,0.41669730811118194,0.3627016516660586,0.14960836280570222,0.2433829138057957,0.11217790786095624,0.00019697381496891,0.00039427046317177,0.7,0.2,0.4,34,0.2323828173409593,0.1654997461032341
30,19,0.1587128203920161,0.3860754301809384,0.33411026049546244,0.1474658255821861,0.14618873680932296,0.11062204001097742,0.00019944554073711,0.00038882083548504997,0.7,0.2,0.4,36,0.2037554931367571,0.125369855778319
30,20,0.15574488228509445,0.3773331255273158,0.33047394321870494,0.15176296500864805,0.11019697633314295,0.1136000443979103,0.00026276956756110997,0.00051069301257918,0.7,0.2,0.4,38,0.1693481567198412,0.1210753477275611
30,21,0.150874867975725,0.36881940871115126,0.32106677969123,0.15555289835230454,0.09840633048919807,0.10928162489117624,0.00019155712266272,0.000359070418993,0.7,0.2,0.4,39,0.1869478064327434,0.102712619071507
30,22,0.14235219365533663,0.3315542251068777,0.2835411993972741,0.15069175761646664,0.2772709061027401,0.11793133811443307,0.00029135373742574997,0.00055379343940809,0.7,0.2,0.4,40,0.1273817141104125,0.118115237368389
30,23,0.1302279669366518,0.29292417006254545,0.2455736703772528,0.15541101222512477,0.12484214986253617,0.11682943608696358,0.00025138115021859,0.00048584523149889,0.7,0.2,0.4,44,0.1202425591711481,0.091636567102108
30,24,0.13022565049216211,0.2964486616998293,0.2565717392508002,0.17074691200285788,0.08242699923316325,0.11691510239324253,0.00025270728570803,0.00048800099612689,0.7,0.2,0.4,47,0.1192638266493651,0.0923499539000408
30,25,0.12802327882949213,0.28730104594879496,0.24589182987653613,0.17162837124840147,0.12053937296673224,0.11711963692910299,0.00025227793006442,0.00048219533058941005,0.7,0.2,0.4,48,0.1165035115012877,0.0933124111716809
30,26,0.12424024007053415,0.2726867824042332,0.22891527327569858,0.1773350011162033,0.1016280875335305,0.11665776215703237,0.00027215320100443003,0.0005438718081083301,0.7,0.2,0.4,51,0.1113350926523972,0.0888973966442079
30,27,0.12387466928924927,0.27342104589839217,0.2365995621247198,0.2026821894854083,0.08942155377611043,0.11732379026211927,0.00025420324528844,0.00049825931999115,0.7,0.2,0.4,53,0.1148988700850896,0.0905467284250427
30,28,0.12233506627216026,0.2691510833308545,0.2317410654928892,0.1976157891977668,0.08657927899509174,0.11631679321261343,0.00025843049495204,0.00050214867260205,0.7,0.2,0.4,56,0.1156349531656494,0.0845537052670406
30,29,0.12072887946794673,0.2528281046685753,0.21227787216789246,0.2051328452536287,0.16290347828802354,0.12017502843928868,0.00026209982699755,0.00052951115978775,0.7,0.2,0.4,57,0.1105499158880592,0.097144180955598
30,30,0.11831666641824946,0.24651884767355828,0.20514426977758193,0.20838379535412954,0.10380555065175298,0.11828545730198926,0.00026254906232347,0.00055503357642295,0.7,0.2,0.4,58,0.0971148072334732,0.0900949329706206
30,31,0.11705439320897189,0.2446007543686682,0.20982375884592644,0.2135711364053138,0.09440449309653223,0.1181838891392545,0.00026206559566055996,0.00055424365653715,0.7,0.2,0.4,60,0.0965215799060122,0.0893393018522901
30,32,0.11680350548053738,0.24351715535051574,0.20856555352193634,0.20984209719385644,0.08516093832003115,0.11816013150652009,0.00026682063034798,0.00053060079062641,0.7,0.2,0.4,62,0.1000932758984384,0.0887017141950999
30,33,0.11614914443077462,0.23757227576423953,0.19477545927052853,0.22269026529906547,0.09101880489929877,0.11781527666400653,0.00026788405354499003,0.00056179950949965,0.7,0.2,0.4,63,0.0994136610186947,0.0886918462749792
30,34,0.11293971270672713,0.22705801571429254,0.18948267397849478,0.234191880462609,0.1397910226847578,0.11734954632369653,0.00026630623321304,0.00056253952927236,0.7,0.2,0.4,64,0.1011146102857624,0.0857295258189007
30,35,0.11305824075486631,0.21944238114463027,0.16677383704761428,0.18692286911213946,0.08293712359314799,0.11763371776513923,0.00026580449053826,0.00055705228127378,0.7,0.2,0.4,69,0.1022539185600446,0.0864563659724411
30,36,0.11282911367256859,0.21888867577165316,0.16615295585648693,0.18666299127016978,0.08415353696904619,0.11742268312044489,0.00026596622712198,0.0005599071720697099,0.7,0.2,0.4,70,0.1017125988457197,0.085732643496931
30,37,0.11234434561078445,0.2329655486115229,0.21022918854384515,0.28122906037152057,0.08230030972259957,0.11683418808040029,0.00026757371260983,0.00055444125266289,0.7,0.2,0.4,76,0.109080557575774,0.0833594357761237
30,38,0.11098918923005056,0.2272746383803749,0.20364342521297166,0.30076150782436706,0.09298044208532648,0.11644522454926699,0.00027093307370873,0.0005672367668113399,0.7,0.2,0.4,78,0.1024462728094354,0.0827382671401933
30,39,0.11065687937709344,0.2185897841023286,0.17973819494395518,0.24315950579727985,0.08248846454666772,0.11629688492333091,0.00027316664847516997,0.00057134908056823,0.7,0.2,0.4,84,0.1033459252085979,0.0821734170913577
30,40,0.11053738185729299,0.2369952678206259,0.23570956034749968,0.39835032229109923,0.08158407479259536,0.11617138668747837,0.00025512221386262996,0.0005203713158304999,0.7,0.2,0.4,116,0.1081065265198675,0.0793510304347448
30,41,0.11098606737406376,0.24084463525906508,0.24700946678553204,0.40043748657727246,0.0823185645847685,0.11690874917771983,0.00025393655101823003,0.00054468665590886,0.7,0.2,0.4,123,0.103595440357432,0.0810031083075959
30,42,0.11069556901098071,0.23572800296567792,0.2341490967307536,0.4287114445191805,0.08402938109947442,0.11688724763108498,0.00025464551147032,0.00054272490770464,0.7,0.2,0.4,126,0.1035373606114787,0.0827657756726338
30,43,0.11069159170593951,0.2467653048548225,0.26771080421618654,0.4845969791896777,0.08214811601098813,0.11691360660422906,0.0002549510315868,0.0005431425115423199,0.7,0.2,0.4,138,0.1032493293790739,0.0825227851795657
30,44,0.11070430656901745,0.25046189193995416,0.2789162257382964,0.5486178860106744,0.0821365201074371,0.11694129348976022,0.00025483709639234,0.0005432940291907301,0.7,0.2,0.4,153,0.1033504030483234,0.0820775921335813
30,45,0.1107179207643307,0.2430426608005606,0.2564659723249248,0.5572329704967101,0.08219517458777162,0.11696419005067374,0.00025472674367965,0.00054377289410466,0.7,0.2,0.4,154,0.1034091045097935,0.082052183091948
30,46,0.1107055681087467,0.24671182946837927,0.26764345466787487,0.5342649031570424,0.08229387575077014,0.1169569894036033,0.00025479928115968,0.00054362917107229,0.7,0.2,0.4,155,0.1034568386356784,0.0820241333678312
30,47,0.11070121100696498,0.250415558778291,0.2788610132553392,0.5607848864149076,0.08214862836229286,0.11695211752389915,0.00025482367410342,0.00054315888126211,0.7,0.2,0.4,156,0.1034645017285316,0.0820334943073547
30,48,0.11070785012279587,0.24670875796133004,0.26763928314292873,0.572649796252784,0.08215384436768944,0.11696240218905424,0.00025479218972675004,0.00054318683894801,0.7,0.2,0.4,157,0.1034275422164697,0.0820324971066543
30,49,0.11069956221173963,0.25038458648609047,0.2788240237567681,0.5686545620094391,0.08217491095018035,0.11695985437072683,0.00025485562621332003,0.00054348536637893,0.7,0.2,0.4,161,0.1034394043612576,0.0820709078624853
30,50,0.11069423982982013,0.254083828589551,0.2900363173435096,0.5919844760795547,0.08217335871768075,0.11695445164360793,0.00025480801362529,0.0005437337240206699,0.7,0.2,0.4,162,0.1034188471138752,0.0820679579968192
30,51,0.11089401847553541,0.2542388010767059,0.2901821093098313,0.5921795508827298,0.08257383550265787,0.11725782070000788,0.00025380456634788,0.00054021730291992,0.7,0.2,0.4,163,0.1043656831007287,0.0828051985883126
30,52,0.11032610546545685,0.24529743569882093,0.26601653585038654,0.5798431588180115,0.08689241513213283,0.11677482780509292,0.00025638557625406,0.00054649430022012,0.7,0.2,0.4,164,0.1037209346805893,0.0814243888383893
30,53,0.11081865962572601,0.25223162445539216,0.2877783268206806,0.5880405619027297,0.08777797698779309,0.11780720317770772,0.00026548504282174,0.0005650889401574699,0.7,0.2,0.4,165,0.0990048218310683,0.0845001367313221
