Run,Equation_Index,Hybrid_MSE_Train,Hybrid_AIC_Train,Hybrid_BIC_Train,Hybrid_MDL_Train,Hybrid_PSM_Train,Extrapolation_Divergence,Sensitivity_Interpolation,Sensitivity_Extrapolation,Lambda1,Lambda2,Lambda3,Complexity,MSE_Test_Interpolation,MSE_Test_Extrapolation
1,0,0.9470431007647897,0.9824974132322908,0.9796100362719378,0.1444961494775779,0.0,0.0,0.0,0.0,0.5,0.8,0.8,1,0.9748054983296368,0.7560687826388228
1,1,0.6309503365791894,0.8802688819540013,0.8453973955992835,0.15508964459547925,0.36997233923950645,0.09850745813983726,0.00039273338167731,0.00030485370682359,0.5,0.8,0.8,3,0.6717528675966482,0.4675689842327974
1,2,0.4789887181002249,0.7828109349833928,0.7388063688533982,0.13147806805324577,0.4372968296740075,0.09844825857114856,0.00022419762357363,0.00019043941333161,0.5,0.8,0.8,4,0.5007801540848752,0.2229957408252089
1,3,0.38539902691950895,0.7080692490913857,0.6517229184399584,0.11349545180837556,0.20391894984277525,0.09895368165169033,9.545820798112e-05,9.189778497018e-05,0.5,0.8,0.8,6,0.4268037922650442,0.1637184201805436
1,4,0.3689670417571403,0.6967318280858035,0.6454250939509071,0.12395670758561933,0.06504983908323247,0.09872899133534424,0.00013718910154322,0.00013243452816885,0.5,0.8,0.8,10,0.3652124064793118,0.1738739938781063
1,5,0.3567164005856057,0.6888121144012578,0.6428516419479874,0.13008524381214076,0.06916195820628801,0.10159254889088412,0.00018594827318705999,0.00018369614840303,0.5,0.8,0.8,13,0.3421534229711983,0.1539041264280387
1,6,0.3474734251436451,0.6833979473476233,0.6434069313758962,0.134750643357697,0.08996686367575064,0.10199144689139282,0.00022429837890675002,0.00019606848366274,0.5,0.8,0.8,14,0.339729064738947,0.1370541226946602
1,7,0.319859520591635,0.650312539483411,0.597144879255162,0.13365360468341783,0.12706647250802205,0.11217349931482631,0.00011459153887599001,0.00012763635243141,0.5,0.8,0.8,16,0.3463056368834834,0.187860570916531
1,8,0.2836665388074849,0.6110289053819528,0.5581661245592513,0.12894158599330063,0.23725004822321905,0.11349513399111773,0.00015801545801266,0.00014294827042203,0.5,0.8,0.8,17,0.2439316237980375,0.1614165023767635
1,9,0.2831582954467671,0.6140648274289556,0.5685856395655856,0.13314723979576493,0.06037875216276414,0.11373248926536532,0.00015742219896266,0.00014268661827934,0.5,0.8,0.8,18,0.2454827736795871,0.1606008805255391
1,10,0.28278024816108155,0.6173167609259765,0.5792885058338525,0.1373056391294859,0.05782785653618253,0.11358486820042558,0.00015697735813781,0.00014282423047566001,0.5,0.8,0.8,20,0.2451680727142188,0.1623408287259015
1,11,0.24908241459356917,0.5721062752013856,0.5268276673139589,0.13198826041034056,0.14642826173445625,0.11107840578358867,0.00014352510637459,0.00014695203862889,0.5,0.8,0.8,22,0.2165699402634683,0.1775917839928137
1,12,0.20940496345008872,0.5141226472431283,0.4664777981442864,0.1198222594530629,0.17756583068961093,0.10748496406722934,0.00013979828728595,0.00014565765741975,0.5,0.8,0.8,24,0.2122133796409424,0.0892364685354947
1,13,0.1865431337344672,0.4706766253163686,0.4156197342727947,0.11922104603521523,0.1484783985143958,0.11032912780545132,0.00017665898265318002,0.00018630576331491,0.5,0.8,0.8,26,0.2308057111472587,0.0935936290891576
1,14,0.1713875190004569,0.4417660256319329,0.3887080528016562,0.11839559092146655,0.12489629618403905,0.11196258708020795,0.00017459928730855,0.00018224254493729,0.5,0.8,0.8,28,0.2153106952039613,0.0703440547174799
1,15,0.15503540115746361,0.40899438920325804,0.3511297209110449,0.10773290444673299,0.17266488921185247,0.10468625092152514,0.00017489227867866001,0.00018634194363492,0.5,0.8,0.8,29,0.2134666420162005,0.1065365198624444
1,16,0.1441252527562989,0.38761584684320305,0.33985398907677206,0.11825128831840077,0.0845448497170639,0.10678920186700812,0.00018018636110909,0.00019145201087099,0.5,0.8,0.8,33,0.1521668647486548,0.106305335344421
1,17,0.10776953309228698,0.27447707415414924,0.2079186110446555,0.09456387941716356,0.29129471227287657,0.10812268216551646,0.00032111517786473,0.00021885796742712,0.5,0.8,0.8,35,0.1679195886975635,0.0467078370317735
1,18,0.09662867810475265,0.23439908502933973,0.1681835877489693,0.09343883217378374,0.14184256110860297,0.10769685581023372,0.00022464896599674002,0.00018468886231213,0.5,0.8,0.8,37,0.1567919644817235,0.0300421998032358
1,19,0.09117525375987952,0.20944244265010184,0.13904877974396126,0.09202042099712424,0.10678193699171323,0.10841656191955609,0.00023710891646974,0.00018538602171085,0.5,0.8,0.8,39,0.1880973155787918,0.0313510552276409
1,20,0.09109455351089013,0.21145180398866606,0.1482294788274223,0.10883559343656846,0.059211684906471,0.10917185123699547,0.00023842074770532998,0.00018450984026173,0.5,0.8,0.8,41,0.1975699655615364,0.0302144743842657
1,21,0.09040644711031245,0.20619415770096008,0.1420077953008943,0.11643592562687602,0.06756215046090411,0.11032363067398475,0.00024422578946415,0.00019140936287084,0.5,0.8,0.8,43,0.1668860054304794,0.0373780993378884
1,22,0.0888131567446446,0.20064495773534366,0.13562777012579996,0.12438015843195459,0.06192175503787537,0.10933207413785222,0.00023312992491789,0.0001810644940074,0.5,0.8,0.8,46,0.1797179955914066,0.0306230416858707
1,23,0.08470775779899548,0.19488809596049142,0.14300671138177415,0.13389285254155495,0.07696061041262395,0.10591877048483006,0.00023004435064945,0.00018786071098515002,0.5,0.8,0.8,48,0.156896367280125,0.0321302821765548
1,24,0.08480558239602311,0.1885103690524741,0.1285405520918794,0.12818251816913015,0.06851541983169049,0.10753375353823941,0.00023080004251684998,0.00019361585331177,0.5,0.8,0.8,49,0.1454749845666412,0.0391241742836471
1,25,0.08457177700564254,0.18979063806173727,0.1368812376920438,0.14225493743438317,0.06572244730757332,0.10817194149253073,0.000231231726345,0.00019601485205722,0.5,0.8,0.8,50,0.1494809224809285,0.0410941556830789
1,26,0.08413892278608688,0.18883206599677121,0.13581403343602882,0.14518025437966092,0.05684414895171461,0.10757690166786688,0.00023061858007333,0.00019350717798674,0.5,0.8,0.8,51,0.1476857367735327,0.0361852494640212
1,27,0.08262194070479645,0.18606301023994154,0.13278644974127982,0.1526162473597561,0.056157592965000884,0.10519379621750946,0.00022604562682371999,0.00018510593841775,0.5,0.8,0.8,53,0.1697386454854174,0.0343744084305789
1,28,0.08283304195525842,0.1923664212475861,0.15384445232772848,0.1802690466377208,0.05454731899787509,0.10625731960846392,0.00024901292838749,0.00017715606462742002,0.5,0.8,0.8,60,0.2257230803558912,0.0312679229422932
1,29,0.08280724999834721,0.18772342696909855,0.14825186965028242,0.18572938947980705,0.06582640809111953,0.10846910991787703,0.00025545101651308,0.00017983251132794,0.5,0.8,0.8,62,0.2304974414335992,0.0304601165787142
1,30,0.08398903597244503,0.18534342882850566,0.14514060486962968,0.20745422095671276,0.06613484290416936,0.11205622525939551,0.00055831046056128,0.00020097335896556998,0.5,0.8,0.8,64,0.2018236565273143,0.038796878977699
1,31,0.08248142621910266,0.1820261147415054,0.1482125393829603,0.22471523297635662,0.07041758603953548,0.1117020514014418,0.0005297888534661901,0.00019105176651049,0.5,0.8,0.8,66,0.1991939021422934,0.0349265795941704
1,32,0.08088978007669047,0.1825457649142236,0.15592113275790423,0.23271051246075472,0.05928311346704191,0.10973879210778262,0.00023370770985014998,0.00019102194000708,0.5,0.8,0.8,68,0.2141234554477196,0.0338805061109202
1,33,0.08123132149723383,0.18646683182451818,0.16732988495572723,0.24379225020105497,0.05574954098560787,0.11024470218721945,0.00038400233870762,0.00018987622933217002,0.5,0.8,0.8,72,0.1844854312424169,0.0364501205315556
1,34,0.07893686240549791,0.17913061118763832,0.1522088808687884,0.24214206438604013,0.062453128546824874,0.1064990960605413,0.00024709277228422,0.00018468068621937,0.5,0.8,0.8,73,0.1321430679366163,0.0329732635880615
1,35,0.07868676808900629,0.18159317519568174,0.1619832455625315,0.2589096699310234,0.05473019540146718,0.10646827918099973,0.00024124245638712,0.0001847105741014,0.5,0.8,0.8,77,0.2207568242954982,0.0314709122212627
1,36,0.07586546932076617,0.1787007410719535,0.17260419967578303,0.271743192167012,0.07093848482092527,0.10423837077672728,0.00022141429893288,0.00018785450501552,0.5,0.8,0.8,79,0.1482391377573907,0.0329119805462533
1,37,0.07648302885434315,0.17415484102405465,0.16025123411841627,0.2794823309140443,0.05624472805915657,0.10606953825027464,0.00024697281490307,0.00019171352434005,0.5,0.8,0.8,82,0.134999944671933,0.0377688710242809
1,38,0.07779321037839579,0.18118715780293018,0.18196688334159292,0.30550280823959314,0.056500278454538234,0.10842791350419081,0.00074251286254044,0.00035305960886019996,0.5,0.8,0.8,87,0.1235939586967617,0.0355000940788579
1,39,0.07482633251531501,0.17636541159691999,0.18354609122803214,0.33371296870660555,0.0631917168572785,0.10588874732885661,0.00026143343714466,0.00019229461141711,0.5,0.8,0.8,90,0.1481261705703797,0.0362361347746442
1,40,0.0749568730835174,0.18010784690573733,0.19478307506825712,0.3443071916902585,0.05387307406328749,0.10617092813176195,0.00026910211933779996,0.00019793522984187998,0.5,0.8,0.8,92,0.1510350803645004,0.037805502033126
1,41,0.07480782946701381,0.17968114376973904,0.1943007720305436,0.3554108157837879,0.053905708049585416,0.10601190828497253,0.00026214763484295,0.00019210445004324,0.5,0.8,0.8,94,0.2177743530360524,0.0362527840426133
1,42,0.07444072940065208,0.19585564242388676,0.24764463390323627,0.42941027424347783,0.05416365709798591,0.10607403524954714,0.00030140447060671003,0.00018994608606075,0.5,0.8,0.8,107,0.163100293721142,0.0384653074874127
1,43,0.07328396000557157,0.1932250289901038,0.2447193659811467,0.44291476034585175,0.05439648966378665,0.10417703114316629,0.00043746644752356006,0.00018380436093959,0.5,0.8,0.8,110,0.1296161067396938,0.0435998867064887
1,44,0.07319902964088751,0.18529214934465724,0.24200211241630315,0.4601078501414078,0.11275848569389628,0.10905500872319895,0.00026027556305157,0.0001760054395757,0.5,0.8,0.8,111,0.1213855317038367,0.0332726272066041
2,0,0.910667562493982,0.9699205576908092,0.9649583727181744,0.13955712942358386,0.0,0.0,0.0,0.0,0.5,0.8,0.8,1,1.1361861070695731,0.7479916365581858
2,1,0.6162239595907794,0.8678604522524545,0.8315225280459057,0.14906168973595602,0.353112543466297,0.09143070426933643,0.00043479929989128995,0.00028662929512683003,0.5,0.8,0.8,3,0.7189144603134359,0.4675689842327974
2,2,0.4621333707123481,0.7705759018204218,0.7245205986225703,0.12820905783565867,0.46357229198070665,0.09886554563955607,0.00024293991551614,0.00015589925462139,0.5,0.8,0.8,4,0.5728235192000226,0.2227387124912495
2,3,0.44018813070565815,0.7564479876622281,0.7018430220294094,0.12246737449216209,0.10126407572125398,0.08974019235520649,0.00043311584232746004,0.00049183127189925,0.5,0.8,0.8,5,0.4752751814668667,0.3432827394233544
2,4,0.37655629945829217,0.7023977874451088,0.6384384889134286,0.11210318400271514,0.277821150428287,0.09621645049420906,0.00013723583542083,5.695755124713999e-05,0.5,0.8,0.8,6,0.4247940886708974,0.2771739611140004
2,5,0.32557565421212836,0.6533918083320086,0.5948976724171886,0.10668718685205161,0.12103674477784893,0.09887832724463645,0.00035337511133607996,0.00010818313104944001,0.5,0.8,0.8,9,0.2774779709687088,0.1282389049526312
2,6,0.32474823760058547,0.6530617407990659,0.5945177986414626,0.11116304104996372,0.053302676161222244,0.09893915051060216,0.0002762527442735,0.00011227382837713,0.5,0.8,0.8,10,0.3027754163295568,0.1826519587150727
2,7,0.29627886105225393,0.6235308354231756,0.5663416962479199,0.10600811815830713,0.20560809408312025,0.10655073892069156,0.000574920841014,0.00017600768897197,0.5,0.8,0.8,11,0.2304973839401959,0.0864054779106154
2,8,0.29063166263627516,0.6202824386443296,0.5693348527821166,0.11066690007420138,0.07058666683452375,0.10829052139801511,0.00043968994805216997,0.00016929505501956998,0.5,0.8,0.8,13,0.2894706911168686,0.1462154366770644
2,9,0.26060512558617516,0.585199945458313,0.5354106629830104,0.1098634193611335,0.13379240462484285,0.1077347714790565,0.00044215885884042,0.00018392971990569,0.5,0.8,0.8,15,0.2197149291196275,0.0994056005818244
2,10,0.24040440925646767,0.5583480299473043,0.5034540100669335,0.11758860759745131,0.13084551484766016,0.11602725995995154,0.0003740210319836,0.00018377933834183,0.5,0.8,0.8,17,0.2383404396795046,0.1575652681922465
2,11,0.23102323029132835,0.5479688070243421,0.49175930868902,0.11161903946731593,0.10060530027114147,0.11109202160347138,0.00044692213780228005,0.00018914286766277,0.5,0.8,0.8,18,0.198497592417301,0.1415447102488573
2,12,0.19375881485244362,0.48009195650460124,0.419563311373403,0.09442980787603227,0.3232938513397732,0.11137861915501325,0.00044747233808555,0.00018980376329847,0.5,0.8,0.8,19,0.1488260261804766,0.0907650267187976
2,13,0.1944449361601436,0.4806590632750431,0.4200885227727079,0.09938433766598304,0.058083716326924724,0.11301363549962573,0.00044964548207966003,0.00019209967409979,0.5,0.8,0.8,20,0.1482540161225412,0.1011847898011993
2,14,0.17878801313296586,0.46062413828131443,0.3962651623162665,0.10031389619620856,0.2149015952217927,0.11879085240448146,0.00049506741282146,0.00019774480392645998,0.5,0.8,0.8,21,0.1996446876623032,0.119277113648474
2,15,0.1747230632458237,0.438290137695158,0.3703975276570467,0.0947598618088671,0.087124248303176,0.11754058942757065,0.00020922115218193998,0.00012264571884745,0.5,0.8,0.8,22,0.1695163159780514,0.0637573958036493
2,16,0.1409814833894403,0.3573632763271703,0.28289375746688034,0.07747096040188012,0.4121476798157484,0.1185881545134327,0.00045735918683475,0.00019506530635086998,0.5,0.8,0.8,23,0.1260231702956091,0.0762269830880634
2,17,0.1409303382699454,0.3572426251231146,0.2827553558432522,0.08485629228457134,0.0599509850822909,0.11855682977890361,0.00046054726414470996,0.00019520350286165,0.5,0.8,0.8,26,0.1262455568281993,0.0763975392251763
2,18,0.14189463834617058,0.35360148858035734,0.2713663646950059,0.0918203700056775,0.06735643635146282,0.12137584270121642,0.00056185379356631,0.00018801768357181,0.5,0.8,0.8,27,0.1295642703253429,0.0790131063079089
2,19,0.139223957163379,0.35007243691760626,0.267623788168633,0.1028831923346908,0.06160435515081014,0.1168985554490747,0.00057458253033924,0.00018010588696099002,0.5,0.8,0.8,29,0.1272644504355294,0.0786829438890819
2,20,0.1316630458521506,0.3269711444872742,0.2472478888673601,0.09212939360734254,0.18101314838681545,0.12129087285988437,0.00055870926650219,0.00022285476826309,0.5,0.8,0.8,30,0.1154972264479348,0.0741616224514793
2,21,0.13166303823582048,0.32697109107913574,0.24724782723620606,0.12017425333053351,0.06127075573290843,0.12129087756540426,0.00055871085050304,0.00022285426815753,0.5,0.8,0.8,33,0.1154971319479982,0.07416155988742
2,22,0.12841761240319072,0.32103627149697506,0.2472793696572872,0.13718241408642373,0.07068537449715112,0.1207409420893762,0.0005606387056688101,0.00023714238717304002,0.5,0.8,0.8,37,0.1327231311654876,0.0581580073841297
2,23,0.1287110685690341,0.32121331648229867,0.24742844353444474,0.13211260412273046,0.06153026800579797,0.1213821308010522,0.00058939553615517,0.00024093227713129,0.5,0.8,0.8,41,0.1330655178825118,0.0602828158463278
2,24,0.1262204082080217,0.32400730752590856,0.2647387864108677,0.20232381215116452,0.06058787081314643,0.11851585191894845,0.00052866945803159,0.00019122217812865002,0.5,0.8,0.8,58,0.145074850994782,0.0801077068653866
2,25,0.12678961443106895,0.3314778082527573,0.28711363535056766,0.21800732564855932,0.06141451870492923,0.12014358375874085,0.00050472658802212,0.0002016597158457,0.5,0.8,0.8,62,0.1592237913330594,0.0907600561412081
2,26,0.12678961443106895,0.3314778082527573,0.28711363535056766,0.23523988574435434,0.060636932569299404,0.12014358375874085,0.00050472658802212,0.0002016597158457,0.5,0.8,0.8,66,0.1592237913330594,0.0907600561412081
2,27,0.12478858811324038,0.3380222684313099,0.3222195112172709,0.24995345442877884,0.07387848934102031,0.12177270477886432,0.0004629592511155,0.00018834881629745999,0.5,0.8,0.8,69,0.161713172855679,0.082884142154504
2,28,0.12433819530026623,0.3252397700232919,0.2866109236645343,0.28785173856050805,0.06211493536990895,0.12186116850927482,0.00047162389540224005,0.00020549848606100002,0.5,0.8,0.8,80,0.1637973455503932,0.0856236397124248
2,29,0.12431017315414587,0.3324042808626708,0.3087501812329667,0.29432892406281025,0.0628968249763421,0.12201015109072251,0.00047315949328718997,0.00019880567378205002,0.5,0.8,0.8,81,0.1656296750776107,0.0855330220406261
2,30,0.1243036718024346,0.3285823637470735,0.29738926082545875,0.2978435769398895,0.06219436389285657,0.12206022485043136,0.00048389254287161,0.00020437011804997,0.5,0.8,0.8,82,0.1625507488755025,0.0857955996458602
2,31,0.12411110740577175,0.33497468774655254,0.3186134509639442,0.3098680006079157,0.06420886711053247,0.12238711726290027,0.00048583806597595,0.00020372709266837,0.5,0.8,0.8,84,0.1423558220812654,0.0879906930168039
2,32,0.12361221881209376,0.3402375129340626,0.3385152741284493,0.3358651990385107,0.07169750610618691,0.12280065937361447,0.00048236965643612997,0.00020350659401946,0.5,0.8,0.8,85,0.143975492096618,0.0879427945039789
2,33,0.12061430556510991,0.32946515304547513,0.3192793791521053,0.33024393284206227,0.06538714730135298,0.12021794310765935,0.00047906800254986,0.00018608621505953,0.5,0.8,0.8,90,0.1409301598189798,0.0783896613991571
3,0,0.8823259510512128,0.9597824442282009,0.9531478544150143,0.1381654874419559,0.0,0.0,0.0,0.0,0.5,0.8,0.8,1,1.2456617557445884,0.7539455818988462
3,1,0.8814320923119934,0.9610370445319101,0.954199722932663,0.1446083507068986,0.005018051858248697,0.004966756629198212,1.9792757536445508e-07,6.026202725262165e-09,0.5,0.8,0.8,3,1.2454964698509703,0.7477545511809269
3,2,0.4553586275555917,0.7653881257258371,0.7185559816114581,0.1264190856221186,1.0492730838754691,0.09759471176328892,0.00024619586123779,0.00034846413104312,0.5,0.8,0.8,4,0.5993296046569404,0.2305981985923723
3,3,0.44231245123774415,0.7590715777620736,0.7181378586109225,0.12995878795778856,0.06924338746604468,0.09717420391123713,0.00024129028677632,0.00032656473092976,0.5,0.8,0.8,6,0.5766243167506897,0.2250903455693662
3,4,0.43376163085965846,0.7486973964987669,0.6991208164571422,0.12822956607216146,0.07743216873346101,0.09816994089595649,6.39733390232e-05,0.00010290880595891,0.5,0.8,0.8,7,0.6826606604902854,0.2361447704507461
3,5,0.3557271953127585,0.6840801987545053,0.630792204667372,0.11351697797843083,0.3296237788474749,0.09732799399585551,0.00014932409772779,0.00019375602856178,0.5,0.8,0.8,8,0.5408224329696906,0.1802495092078508
3,6,0.3167437409564617,0.6448320006206794,0.5853235220794174,0.10581817674357842,0.1267559185320482,0.0937802778467082,0.00022267030531257,0.00041124645985034003,0.5,0.8,0.8,10,0.507258120467456,0.2475739995673119
3,7,0.3239304484669094,0.651025454546197,0.5909607592042474,0.12028029100909654,0.06769043321391122,0.11313522930248766,0.00028928605066441996,0.00020428502182090997,0.5,0.8,0.8,11,0.4277817878431785,0.350892472588759
3,8,0.2705000215972359,0.5931691336431364,0.5320387275600225,0.10240635673699221,0.26192850624512104,0.0937827670790687,0.00023407370404036,0.00040827216225613,0.5,0.8,0.8,12,0.4531068287093236,0.1777391253180362
3,9,0.2755954687587638,0.5984250973196061,0.5368930283889171,0.10470962049513093,0.06889653472677874,0.10779706311463468,0.00054773751796732,0.0009491713540155799,0.5,0.8,0.8,13,0.4486659185151022,0.3176745917631739
3,10,0.22316610438997048,0.527046229858422,0.46110395603209303,0.09444630563478351,0.346843217557661,0.1027019503205581,0.00042782489226932,0.00074621365330157,0.5,0.8,0.8,14,0.3727250996210982,0.1832557733300876
3,11,0.22051758249910655,0.5264431697033433,0.46730371440729707,0.09994731710974669,0.06111045719821423,0.10270195009795689,0.00042782489618038,0.00074621364717327,0.5,0.8,0.8,16,0.3767779661907325,0.1589200902923902
3,12,0.21624348972990493,0.5195076220430928,0.45924504272942746,0.1032270448313972,0.06152096956662732,0.10244203486260678,0.00042878224233404004,0.00074765433157625,0.5,0.8,0.8,19,0.3583197435188298,0.1867961818623701
3,13,0.2138985567322219,0.5199015103382645,0.4667517318126229,0.1087346720122057,0.05295390591016603,0.10067632304246667,0.00042893503280062005,0.00074829141001818,0.5,0.8,0.8,25,0.3750375397381783,0.1843537820145439
3,14,0.21288200298845267,0.5133928111767937,0.45200314689853716,0.10638182107017924,0.07102793520047194,0.10387948784112008,0.00042827379128353003,0.0007465597249600401,0.5,0.8,0.8,26,0.3592712262160495,0.151944073560829
3,15,0.21456784707025617,0.5292665663899233,0.49765942165528265,0.15113796619715605,0.05699378908264404,0.11038628425195178,0.00029645420559164996,0.00018367368716336,0.5,0.8,0.8,31,0.3559492002156777,0.2508973421479293
3,16,0.18473434428530447,0.47002292579418425,0.42167220192660737,0.13948625696279912,0.2865359942158108,0.10967760095445628,0.00055668164966448,0.0008817865847064101,0.5,0.8,0.8,32,0.3276528883982054,0.18604855530647
3,17,0.18220167622119876,0.4651153823948513,0.4159909300610979,0.14082929429716762,0.07511806933317598,0.10925102043972496,0.00053378832313061,0.0008995972329000001,0.5,0.8,0.8,33,0.3269793245056525,0.196635531744118
3,18,0.16876433202802965,0.43981784518696615,0.39336765498830534,0.14122658357314855,0.08635798762518869,0.1103734405871466,0.00050299614899165,0.0006426619297968501,0.5,0.8,0.8,37,0.3084942598560873,0.1633748750215923
3,19,0.1626702819417522,0.4404178443065778,0.421627216120311,0.18399801551074807,0.06239237626309268,0.11045662073475364,0.00062031547303423,0.0008393451886761899,0.5,0.8,0.8,47,0.2871472404725023,0.1727776345110638
3,20,0.16110301481917455,0.43378609580941957,0.40709052341113755,0.20389291679078198,0.060725238833203826,0.10940552812816325,0.0006182162451552401,0.000806755539754,0.5,0.8,0.8,49,0.2914782477792784,0.1772009404020099
3,21,0.1610800838178312,0.4374653221183266,0.4182815793662137,0.2048067655981022,0.05585863213583185,0.10936569023391922,0.00062089215554067,0.00080865168943219,0.5,0.8,0.8,51,0.2907008587824213,0.1776686269367586
3,22,0.160451287023024,0.4362984153915755,0.4169591471846656,0.20396647969023365,0.059519690378384844,0.10928814388164024,0.00053686411036852,0.00066108335122183,0.5,0.8,0.8,52,0.2912603737974639,0.1497100477979953
3,23,0.15513826404142095,0.4240674597622062,0.4027673580602341,0.20989878526672381,0.07976418735168804,0.10858264742957788,0.00056658634150831,0.00064116485438274,0.5,0.8,0.8,54,0.2858628354839759,0.1440537951797758
3,24,0.15386363216906918,0.4208018638923358,0.3989466962716845,0.2154519930802488,0.06922202978540125,0.10874802549930723,0.00057665540115302,0.00065153770430857,0.5,0.8,0.8,55,0.2821366053473605,0.14596739997762
3,25,0.15376728211443172,0.4238769858947572,0.40938642405674014,0.22160971482862607,0.059374049786524184,0.10922218625474085,0.00059873803269732,0.0006735026223304199,0.5,0.8,0.8,56,0.2759503986580843,0.15280604382644
3,26,0.1535040953422273,0.4228985382403978,0.40820974183807623,0.2247412168233044,0.06080835191329481,0.10976027030147892,0.00051625110674768,0.0006986501471748,0.5,0.8,0.8,57,0.2885749385939076,0.1503217521576549
3,27,0.15132115070237412,0.4153760532872646,0.3927232379152531,0.22613977284373366,0.05851381734947623,0.10767536963796184,0.00054376273020027,0.00061655582076802,0.5,0.8,0.8,60,0.2818306505470719,0.1387071066063077
3,28,0.147461956986871,0.4052952658629468,0.380947018095841,0.2331999920907476,0.07615639845096171,0.10807555876145179,0.00054094081352035,0.0006147650881022,0.5,0.8,0.8,62,0.2757220070008427,0.1345458373052747
3,29,0.14661957773638395,0.4072601857082253,0.39018287231847554,0.2519907403315003,0.057736328742259736,0.10768458280580305,0.00051754171896194,0.00054493085883137,0.5,0.8,0.8,64,0.2765336618995908,0.1311596723833058
3,30,0.14591104821811618,0.40391235696215294,0.3861277342805683,0.255023466125627,0.0615276406231259,0.1093357512691786,0.00056300976467626,0.00064225503737039,0.5,0.8,0.8,67,0.2635389375587862,0.1399832790315195
3,31,0.1447973655422347,0.40604942882806677,0.39565644001969047,0.273674130383108,0.056337035355959054,0.1077906135187582,0.00053038891829163,0.0006033935233069699,0.5,0.8,0.8,69,0.2708205799215805,0.1322043375423152
3,32,0.1441892222078612,0.4155305824607404,0.42740290316059965,0.30654152582299005,0.05582886391288804,0.10778862892828805,0.00055022641513995,0.00062589970115167,0.5,0.8,0.8,76,0.269257604347971,0.1369260001111487
3,33,0.14263161682563297,0.41079924572565285,0.42183220938033616,0.31940962342170276,0.06218614558598496,0.10854440039657065,0.00053678093634139,0.00061285098867855,0.5,0.8,0.8,79,0.261168442026607,0.1348051465702353
3,34,0.14190966354680098,0.4125200696539864,0.43073412167434005,0.33929194941283847,0.05938971514253327,0.10859869151797563,0.00054106363016054,0.00061266267278964,0.5,0.8,0.8,81,0.2583239776128,0.1335784041021037
3,35,0.14009295585658613,0.4030527603216085,0.41272444710451056,0.32468820634298506,0.06426443825242852,0.10955036999764659,0.0005468234460056099,0.00060562202156298,0.5,0.8,0.8,84,0.2666839370187615,0.1342502844614126
3,36,0.13854591655390552,0.4033194599297191,0.4200144237125844,0.33721486897590386,0.06137022527429394,0.10868439933391862,0.00052299053067155,0.00058679345207918,0.5,0.8,0.8,86,0.2681517005247168,0.1378122478250779
3,37,0.1367868398586933,0.39416250638481526,0.40239563520787197,0.34983213405701297,0.06737141541569808,0.10880273332684665,0.0006113468474298401,0.00079580987316249,0.5,0.8,0.8,88,0.27858629138247,0.1356575420056744
3,38,0.1346138568022115,0.3878825223567219,0.39507062258151804,0.3551581862283218,0.08171377968473077,0.10920821554939321,0.00061052254893964,0.00061148764330317,0.5,0.8,0.8,89,0.2742587630470396,0.1383422244018434
3,39,0.1331706757921132,0.3875054366727177,0.4015406445421403,0.37161980226503327,0.06110031290942114,0.109140717312588,0.00061208155953986,0.0005984603187556,0.5,0.8,0.8,92,0.277534060531354,0.1364482867485161
3,40,0.1329663331841469,0.39063764705083814,0.41209312121775576,0.3964082192654756,0.055922989530088195,0.10912570742959028,0.00061245631405939,0.0005973111308015401,0.5,0.8,0.8,98,0.2779384176931295,0.1361137456887226
3,41,0.1319076944592671,0.39140045574190335,0.41989656720166463,0.3990646504632967,0.06730278905505854,0.10894424476393648,0.00063742563621846,0.00059051600720831,0.5,0.8,0.8,99,0.2759814551448055,0.134917637607725
3,42,0.13091997325392435,0.3881321687393891,0.41605918540732545,0.41597006363791744,0.058482291682302845,0.10920842688904334,0.00065455968095269,0.00063495573411411,0.5,0.8,0.8,104,0.2787315495998191,0.1336515063219789
3,43,0.13042295404329254,0.4015210713393294,0.4592676947516898,0.5077102720541425,0.05628522732195384,0.10928875031058023,0.00061384918635462,0.0006107070744239701,0.5,0.8,0.8,113,0.2723417499319974,0.13449205551923
3,44,0.12975732331783382,0.3962187700927531,0.4462213336901821,0.47769479594740444,0.06116578044743956,0.10887818191076791,0.00065639522969781,0.0005754162040413999,0.5,0.8,0.8,114,0.2673208669363152,0.1380957644835657
3,45,0.12965332364450954,0.3998220853510551,0.457338179315525,0.4924791609068368,0.05533341642875511,0.10882380251351785,0.00056132925057143,0.00057670722485807,0.5,0.8,0.8,116,0.2672828691312829,0.1374832027409781
3,46,0.1293692212011682,0.39522893720829183,0.44508253358021815,0.4884754807291541,0.05903976861669352,0.10878130367298848,0.00061552269350306,0.00056840830904474,0.5,0.8,0.8,117,0.2704068905194139,0.1328291850824044
3,47,0.12930392796000673,0.39878507460383633,0.45613094241219987,0.49965591809641013,0.055871305148346324,0.10872315569537001,0.0006190936741078,0.00057553440983539,0.5,0.8,0.8,118,0.2681627202760085,0.1335361419727524
3,48,0.1289459078203152,0.4093133359678143,0.4891412940346114,0.5674372278378532,0.0552232287093072,0.10819400088128626,0.00061084703355842,0.00062217217661849,0.5,0.8,0.8,129,0.2674344876559513,0.1379294286307411
3,49,0.12883906124477415,0.408936480411653,0.48869777261364156,0.5980691407673373,0.0555269521033005,0.10826693093925793,0.0006009699868742,0.00062069734508353,0.5,0.8,0.8,133,0.2671886565771545,0.1382331109515813
3,50,0.12883419984760328,0.4126324099772148,0.4999055618354832,0.6484295268796177,0.055120713568129844,0.10833985564643177,0.0005726599578087,0.0006033979027437501,0.5,0.8,0.8,139,0.268154834954766,0.1377097622368969
3,51,0.12838310161157226,0.4017741003775622,0.47328328116589435,0.6327927306366615,0.062257348706121964,0.11011760525661764,0.00064102588499571,0.0006990407843715199,0.5,0.8,0.8,142,0.2755631954845844,0.1563855805039938
3,52,0.12788291662171822,0.41138020726878,0.5051808243463316,0.6912769306652041,0.05676008215819343,0.11011788415024641,0.00063948765005629,0.00069973158966033,0.5,0.8,0.8,152,0.2772155191341393,0.1565116478448443
3,53,0.12782021224925658,0.4074786157321779,0.4937335016572344,0.6912233034371011,0.0569115513124182,0.11011753371951481,0.00063904588913255,0.0006993758466444,0.5,0.8,0.8,153,0.2774959733297886,0.1564922852486348
3,54,0.12780423856226564,0.41856854103461943,0.5273600186279461,0.7387926613999202,0.05615112281272659,0.110115893704135,0.00063673037561304,0.00069950586345945,0.5,0.8,0.8,160,0.2771885640399812,0.1565468976774086
3,55,0.128054794731527,0.43578799126457557,0.5883760958586179,0.7323739839089891,0.06534881057610752,0.10959138053365598,0.00174820026377158,0.00338110630513243,0.5,0.8,0.8,165,0.2669126640720513,0.1347146864340251
3,56,0.12707838627546736,0.4433069866893679,0.6178014021234545,0.7954664468583281,0.060208833789456094,0.1095986910927954,0.00204966725334712,0.00338418642195754,0.5,0.8,0.8,180,0.2671727650455527,0.134754603462495
3,57,0.12701134889507232,0.45024760303813854,0.6396710773286115,0.8394595576655958,0.05958252841347298,0.10961994285421638,0.00218605797894888,0.00338881165577837,0.5,0.8,0.8,188,0.2673721157150767,0.1347741999807019
3,58,0.12689457269704685,0.4611833670023032,0.6731306984061344,0.8536621200677044,0.05943348272839732,0.10957169450371548,0.0020897572149628798,0.0034157646546045,0.5,0.8,0.8,190,0.2677528436746637,0.1350218128657408
3,59,0.12623589411252223,0.4521754426696732,0.6488710433345886,0.8605466690017148,0.06452057944094676,0.1095492001280206,0.0018631801923109,0.0033627226381095997,0.5,0.8,0.8,191,0.2675113094994169,0.1348543174860289
3,60,0.12547090846006603,0.4422306314595864,0.6234759813047643,0.8693675329960528,0.06109397302394993,0.10958707728928727,0.00189405917495543,0.0033477247143012096,0.5,0.8,0.8,196,0.2583060459181506,0.134778288078936
3,61,0.1254198256168875,0.4494637970733999,0.6457049978669573,0.8942155219057558,0.05982838948475359,0.10959616930839827,0.0017594675067796502,0.0034905589699852197,0.5,0.8,0.8,197,0.2732566046395214,0.1348640475642651
3,62,0.1251996787872061,0.44477340321189507,0.6333186837903428,0.8979674075616214,0.0636504686037245,0.10959732173596234,0.00191395214551183,0.0034865046404312303,0.5,0.8,0.8,198,0.2728987909135625,0.1348112963644096
4,0,0.9518277061915327,0.9841169744512519,0.981496768910909,0.1449475196063653,0.0,0.0,0.0,0.0,0.5,0.8,0.8,1,0.9529658401543184,0.7529004685719708
4,1,0.6360672598918206,0.8798267462236933,0.8449735602974964,0.15453412717726847,0.3664726759023461,0.09723798516880626,0.00040644287909951,0.00039315651752062995,0.5,0.8,0.8,3,0.6478921699516307,0.4675689842327974
4,2,0.5688054075807362,0.8417284630207131,0.8073891049638106,0.1481370706384812,0.2085415743348595,0.09908193389593145,0.00021503712344727,0.00021536273207752003,0.5,0.8,0.8,4,0.6834749333554737,0.3350727403319935
4,3,0.440549134836919,0.7573459563962125,0.7021024142778937,0.12615319171307218,0.4130998833303179,0.0986997070149852,0.00042329030508952997,0.00086321413099359,0.5,0.8,0.8,5,0.4938249179937591,0.3432827394233544
4,4,0.3704193881728541,0.6975836755715693,0.6328219981773766,0.11080583535611278,0.2872505256584565,0.09625301766141461,0.00012513445149072,0.00010843140653789,0.5,0.8,0.8,6,0.450828922346586,0.2771739611140004
4,5,0.3649517687116669,0.6892807816285683,0.6297108089108526,0.11813481801214966,0.07956365162344753,0.0986997070149852,0.00042329030508952997,0.00086321413099359,0.5,0.8,0.8,7,0.4033575775894654,0.208612549720632
4,6,0.3067516630218517,0.6291675203691309,0.5600215286818582,0.10325580510565159,0.2877511985248416,0.0962530176614146,0.00012513445149072,0.00010843140653789,0.5,0.8,0.8,8,0.382099718461283,0.1584348162715215
4,7,0.30652688519538296,0.6289128075592397,0.5597247919846176,0.09872547071951766,0.049360818654993435,0.09625301766141461,0.00012513445149072,0.00010843140653789,0.5,0.8,0.8,9,0.3818878797925856,0.1589280528271595
4,8,0.30477932669873187,0.6301618367312325,0.5674300471632467,0.10427549268338848,0.07910004450926368,0.10393761770655785,0.00019905583397381,0.00017233980504619,0.5,0.8,0.8,10,0.3982768703883663,0.1791582668626593
4,9,0.27206443316816814,0.5933305848525618,0.5311833050676475,0.10353148580697175,0.22662189738736724,0.10593305008045013,0.00042918615139014,0.00052606687902106,0.5,0.8,0.8,11,0.3069106074770922,0.123013883842393
4,10,0.229589493627416,0.5374815285581945,0.4733053711596792,0.11773369688330139,0.07377677025974709,0.10285034962223105,0.00035351732807818996,0.00038970417685051,0.5,0.8,0.8,22,0.3186443938735866,0.1141517129393373
4,11,0.22314597498421368,0.5308503314147833,0.4724824764373176,0.12220344011566829,0.07299324008421135,0.10285034962223105,0.00035351732807818996,0.00038970417685051,0.5,0.8,0.8,24,0.3163377330708282,0.1231255675797138
4,12,0.21003840242026017,0.5068852557337431,0.4379915740047769,0.1206020794876323,0.07517156114386665,0.09780670707877849,0.0009614612422825001,0.00043452839625773,0.5,0.8,0.8,27,0.3352559118312202,0.1869353744111325
4,13,0.20191961779178186,0.48774225652108927,0.408497940723296,0.12269899842046639,0.08716288911123085,0.10129591162043967,0.0009699349498978,0.00044570978358618,0.5,0.8,0.8,29,0.2976032858382129,0.1748264215126106
4,14,0.20301845088113885,0.4905239036509415,0.41803856682307705,0.13021489197368397,0.06172330509548348,0.10879074024589672,0.00087846782536309,0.00041520843776432997,0.5,0.8,0.8,32,0.3018141435066962,0.1649774091509844
4,15,0.1935488728629502,0.48089791003004273,0.4083549578159722,0.14263797900577185,0.0468723999114771,0.09017118388903703,0.0009162287144461,0.00041878023853873,0.5,0.8,0.8,34,0.3243604595718892,0.1659138017716701
4,16,0.19102136404872944,0.47276757141748854,0.4044221281280985,0.13958423016264276,0.13737282136120155,0.1066247720112081,0.0009577061463033399,0.00042506096122877003,0.5,0.8,0.8,35,0.2911650481832388,0.1678815496537679
4,17,0.18410827758796497,0.465047141278459,0.4026848440811777,0.15148119511694466,0.06502544370915184,0.1024627114082024,0.00091482051818489,0.0003827392489531,0.5,0.8,0.8,38,0.2909314506189088,0.1633204815196365
4,18,0.17306473944639553,0.4358604413854988,0.35494680623019303,0.14327697850360105,0.06974466520049781,0.10145756160489479,0.0009628817638436199,0.00044751311864909003,0.5,0.8,0.8,43,0.2799444365419332,0.195224967038066
4,19,0.16188076041297267,0.4150464599160776,0.337632560623062,0.15998835639189815,0.10119002949189328,0.1010218748363456,0.00098055013878713,0.00046599150659026,0.5,0.8,0.8,45,0.2665403848996228,0.1885656714813461
4,20,0.1622844083767207,0.4092930274507684,0.3365341419441356,0.19448337066739163,0.07742361443039629,0.11712848592418515,0.0008971283098794501,0.00031861011880254,0.5,0.8,0.8,49,0.2140818234308469,0.1140608256721178
4,21,0.15526258238509003,0.401759357101189,0.3288575305614488,0.17102700421628775,0.054616433310291174,0.10360219578886931,0.0009483200238889799,0.00038734336757137997,0.5,0.8,0.8,51,0.2314837925177946,0.1477139887314256
4,22,0.16120026765283024,0.4072663588044455,0.33424199301972574,0.20903825873730875,0.06065998397554808,0.11629886042748114,0.0009005306015752101,0.00031195660501182,0.5,0.8,0.8,53,0.1757306100871735,0.0860779059387354
4,23,0.1596333461194669,0.4058551481187134,0.3393456250685461,0.2241478519886035,0.0725443430821794,0.11815395256751576,0.00090330569664959,0.000321048704581,0.5,0.8,0.8,55,0.2042805289507732,0.1074434507190025
4,24,0.14940562096048127,0.3910708295456523,0.3232960834971363,0.21051764664176362,0.06879142052935819,0.10346237569667194,0.00116556727576326,0.00034714566083633003,0.5,0.8,0.8,57,0.2337126061434651,0.1462467377538619
4,25,0.1479820787878703,0.38981092059666356,0.3285707487686826,0.2029513964136053,0.062194865149315826,0.1056317658173948,0.0009798691331096,0.0003878331874409,0.5,0.8,0.8,60,0.2181983194243699,0.1330366498720162
4,26,0.150738377792435,0.39564519329800557,0.34826936881725207,0.22317304995360238,0.07376512842051339,0.11608782261654803,0.0013321597182372,0.00033933287207182,0.5,0.8,0.8,62,0.2279582947835841,0.1343831017423847
4,27,0.13448422300783502,0.35588762464236284,0.3024109188303966,0.22226551221125604,0.09472340269875001,0.11062646551860178,0.00128519967965353,0.00033025218583655,0.5,0.8,0.8,66,0.2053637548779385,0.1140488192816043
4,28,0.12909166821250742,0.33817098849512256,0.281635063194923,0.22096940210220092,0.13392275296481423,0.11228213543172691,0.0012904727213925399,0.00032476722457931,0.5,0.8,0.8,67,0.187609630865189,0.0961924282615324
4,29,0.12854880552985154,0.3327935626561433,0.2684684165342653,0.22533546330467064,0.05972224882085588,0.11264419987112619,0.00105950680935765,0.00032832643057119,0.5,0.8,0.8,70,0.1878181325738915,0.1034275565012867
4,30,0.12812406378983732,0.3387783886535841,0.28923502225247616,0.23646889005471877,0.05903839282376728,0.11233724106278417,0.0013291589894664098,0.00032627513431988996,0.5,0.8,0.8,74,0.1843967478677403,0.0967499329218737
4,31,0.1258558392964251,0.3362636080790374,0.2998946513012544,0.29351286976725377,0.06210968043694854,0.11542484217692044,0.00104981943384991,0.00030616530283668,0.5,0.8,0.8,88,0.1797630477133891,0.0978220783894234
4,32,0.12060363461662096,0.33578564001274835,0.3138120523444364,0.3235191914343776,0.056716235177230394,0.10703740265180432,0.00116759295509052,0.00035568124618272996,0.5,0.8,0.8,96,0.1932790586831824,0.1112973771086274
4,33,0.12189414816802187,0.3322470922243346,0.3024925105554571,0.32805448675802007,0.06319102520270682,0.11071660556111429,0.00111288876536096,0.00034633937708667,0.5,0.8,0.8,97,0.1932377181304319,0.0990091551930174
4,34,0.12130860195984992,0.33099160648996706,0.3010774364383432,0.3356149249840795,0.06023233358437773,0.11009637752482836,0.0011338478362175899,0.00035274455872358,0.5,0.8,0.8,98,0.202965866607932,0.1024740738898052
4,35,0.11866168808881229,0.34532241940689645,0.35260573839326104,0.37718161642020914,0.055324383558957795,0.1056485907981525,0.00148994517821762,0.00033461240260536,0.5,0.8,0.8,107,0.1779568430763026,0.0973747742010396
4,36,0.1165368339242835,0.327910882409583,0.305031620249977,0.38822147845123467,0.05497263952773486,0.10228536325079413,0.00115163123840874,0.00036036800719431,0.5,0.8,0.8,108,0.198545355349348,0.1225940418640781
4,37,0.11853217067972788,0.32975498384691504,0.30683991218861845,0.4408518331907625,0.05450327081444343,0.10543916700392743,0.00175117429049691,0.0003663734325594,0.5,0.8,0.8,118,0.1879472955218253,0.115659873821632
4,38,0.11733709018764288,0.3224889460084254,0.29814371742074164,0.469009232896551,0.06177657155446274,0.10733860230448317,0.00232480160712858,0.00035968947452643004,0.5,0.8,0.8,124,0.1913398662731847,0.1076259328964707
4,39,0.11742575044999572,0.3293495670924725,0.31988091372485655,0.5083581176753222,0.05672210518445315,0.10813743697988686,0.00227728776629597,0.00035964066169189,0.5,0.8,0.8,131,0.1937733587036589,0.1123747599943648
4,40,0.11421221626930744,0.32351181597162615,0.3134300531093918,0.5146182464407142,0.06941328748972346,0.10454947849834817,0.00186988209474301,0.00035795223491491004,0.5,0.8,0.8,132,0.1926288637479237,0.1144183741651267
4,41,0.11438758669321168,0.322966934284028,0.3127176758123618,0.5376538728662691,0.05870818398703387,0.10550515907912579,0.0018617388909602701,0.00035711609209848,0.5,0.8,0.8,133,0.1944684878037853,0.1075582862031462
4,42,0.11521562249369836,0.32217364866302517,0.31154749860046443,0.5618341182756121,0.057366978123577925,0.10831060867783002,0.00197341197046483,0.00035609228462586,0.5,0.8,0.8,140,0.1963997709759004,0.1138799555254799
4,43,0.11451738975524924,0.3282864271810444,0.33254713347020554,0.6058988836580599,0.05616520367056908,0.10706828834483982,0.00218366357129347,0.00036158093026311,0.5,0.8,0.8,146,0.1977245621295183,0.0812883349296666
4,44,0.11187134638333289,0.3246126506512341,0.32863588735953386,0.599707706667821,0.05432050604349914,0.10363327059294088,0.00153640832346806,0.0003628390799795,0.5,0.8,0.8,152,0.1962777929542506,0.1124018116247573
4,45,0.11394889129000378,0.34748241634241706,0.3962518376772712,0.7702976544364222,0.056329776438886904,0.10453111351747972,0.00414750483177991,0.00052414540749282,0.5,0.8,0.8,178,0.2018447078899905,0.1163175686681313
4,46,0.10944933897691618,0.34123402233731076,0.389600423774268,0.7353325523005673,0.055556310401570594,0.10009997204740992,0.00228333478319453,0.00040102284345391,0.5,0.8,0.8,181,0.2122754786542889,0.1107620563196452
5,0,0.8548160501001834,0.9496383848240545,0.9413303538176012,0.13533834091187963,0.0,0.0,0.0,0.0,0.5,0.8,0.8,1,1.3632936819707475,0.7564443467443853
5,1,0.7567545834493793,0.9353141015573215,0.9175005114736682,0.16687711544022985,0.16213054933038187,0.08655116542810176,1.2899790674529999e-05,1.2581135430019999e-05,0.5,0.8,0.8,3,1.081961084972029,0.5490035559848842
5,2,0.4796329664670485,0.7833058585461211,0.7393631598596397,0.1317021912327632,0.7029867123657381,0.09862122452462165,0.00025393567323192003,0.00020251370490602,0.5,0.8,0.8,4,0.5009581871683518,0.2214556949902039
5,3,0.3821484637945341,0.7051511178944367,0.6483146272110546,0.11457315069294724,0.210872879829104,0.09902638755741552,0.00011304165805013,9.53698434455e-05,0.5,0.8,0.8,6,0.47504288245299,0.1833287293641089
5,4,0.3751150141894398,0.7024497760905022,0.6520657353582574,0.11465711909748594,0.06298184550582764,0.09908768405217123,0.00011144874398217,8.999068498569e-05,0.5,0.8,0.8,8,0.4658745359261158,0.1580278959961312
5,5,0.37314784397552647,0.7045003255065749,0.6609959909611945,0.12245335909370506,0.05982557205576061,0.10336190095385213,0.00014539418962719,0.00011787205986464,0.5,0.8,0.8,10,0.432750066216384,0.159732659736202
5,6,0.36242904251516245,0.7019049028570165,0.6717748728680688,0.14593548773244297,0.062369311717898335,0.10268248382397152,0.00035944133366811,0.00034369083324683997,0.5,0.8,0.8,14,0.4225868088236946,0.2932547141954585
5,7,0.3314920696376161,0.6670900245615223,0.6240028939120634,0.13304682171159649,0.19036026303648237,0.10690633681623775,0.00021346832970974,0.00020997197096968,0.5,0.8,0.8,15,0.3893511051192845,0.1799741541829635
5,8,0.30865103685371126,0.6500245324273599,0.6185724766798112,0.1358338415431968,0.1352435752697296,0.09900828948266387,0.00024530130658036,0.00022053350218795997,0.5,0.8,0.8,16,0.3995694551477195,0.1775190532838738
5,9,0.2998366351643636,0.6396118297217186,0.6064419617765743,0.13836790220731,0.09151535984459548,0.09900828948266387,0.00024530130658036,0.00022053350218795997,0.5,0.8,0.8,17,0.3910661800505342,0.175760975283591
5,10,0.28259072935857305,0.6147927089011469,0.5703604582213259,0.12664547994670555,0.14503235400643882,0.10241021642493704,0.00018077582388861,0.00017286992675664,0.5,0.8,0.8,18,0.3708048059994435,0.2530600622666865
5,11,0.2683804132854551,0.5958335136767209,0.5478621236633731,0.12742696541275916,0.1425113337262569,0.10742491423672526,0.00017317088973498,0.00016405731518496998,0.5,0.8,0.8,19,0.3517168502314244,0.2414285716181789
5,12,0.2604002748654049,0.5883095216952123,0.5457719458341748,0.12802596206232536,0.10755353378186382,0.10935153971704215,0.00043556590979418997,0.00041887449629338997,0.5,0.8,0.8,20,0.2820313232247644,0.2410810224184901
5,13,0.24411144787297034,0.5639263922263659,0.5169870688846449,0.1272553782871764,0.16760331567132986,0.11450175496519609,0.00026081527384118,0.00024849065652547003,0.5,0.8,0.8,21,0.3047540712324171,0.2116210275882658
5,14,0.23942874759899335,0.5611901398368248,0.5208182572251833,0.13224075923064593,0.06930259679865886,0.1129757705721809,0.00029706207237919,0.00028263906547927,0.5,0.8,0.8,23,0.2986108865475483,0.2188453660425017
5,15,0.23303263335914895,0.557043434959733,0.5235547571268682,0.14984302207504394,0.06037238916640619,0.10439101235896994,0.00046513342175287,0.00044084958529781,0.5,0.8,0.8,25,0.2161499826752905,0.2716313285611588
5,16,0.2132791349407427,0.5283235136223728,0.4968669607080246,0.15230908913294544,0.12213440710881912,0.10600103979846494,0.00046329888730571,0.00043766554924518,0.5,0.8,0.8,27,0.1871650445356541,0.2767785487915202
5,17,0.21183495860248025,0.519680495013199,0.4793190197511593,0.1689628578254605,0.0747290250439149,0.11306570519510845,0.00043621748387093,0.00042041465136382,0.5,0.8,0.8,29,0.2532561359897161,0.2573947130448043
5,18,0.19550517804681608,0.4893321014463721,0.43764589542627913,0.1436257786654166,0.14869490532202506,0.10625894954347304,0.00040274754128917,0.00028312739895158,0.5,0.8,0.8,30,0.25215188918485,0.2029088653536098
5,19,0.1825502985910799,0.46445447376977833,0.4150042610091821,0.14622151854076929,0.1230723556551544,0.1123964974687126,0.00066219990408117,0.00044725874596709004,0.5,0.8,0.8,32,0.2260107260757496,0.201661902485711
5,20,0.18202940797257963,0.46621054669396267,0.4238151368385837,0.15449255292842803,0.06366377807012658,0.11401058277887685,0.00067833433608462,0.00046142201630053,0.5,0.8,0.8,34,0.2250292252691517,0.197199593749141
5,21,0.16573348472782565,0.4439495641872814,0.4060530262774913,0.15530003113089122,0.08795577409032239,0.0987806799734253,0.00057878220891032,0.00046390760686121,0.5,0.8,0.8,36,0.1437847705768229,0.279958289065923
5,22,0.16332712493126492,0.4391346768375299,0.400505877642967,0.15998985971756674,0.06827595921083937,0.09794026326755308,0.00061553733518258,0.00048228739489575,0.5,0.8,0.8,37,0.1413877439029062,0.2811128656417246
5,23,0.1634863524458342,0.4395182118788466,0.4073670037577169,0.16335598852400424,0.07861517165346497,0.10388559406679482,0.00058576926851172,0.0004931047360053999,0.5,0.8,0.8,38,0.1608063037597756,0.252477430796425
5,24,0.1566627335564799,0.42871372951951975,0.39539528976569377,0.16404162307090722,0.07819423647169188,0.09702670337756572,0.00037693934717519,0.00032754946439456,0.5,0.8,0.8,39,0.1766820513099451,0.1496143349216953
5,25,0.15366825102842305,0.418333596424237,0.3828938589150681,0.16613697924213483,0.10460826072601777,0.10165294195931496,0.00048421917265872004,0.00042714140421966,0.5,0.8,0.8,40,0.1399127931508463,0.1917914862045813
5,26,0.1382737720849017,0.37439695478063983,0.33124500065795615,0.1623119497287385,0.15077668860181226,0.10708452428592997,0.00060670292544206,0.0004259716497187,0.5,0.8,0.8,42,0.1258837618492546,0.4067969495515952
5,27,0.13826821024640223,0.37809278215670605,0.3424527286352948,0.1687017915770613,0.05440011396626954,0.10708452428593,0.00060670292544206,0.0004259716497187,0.5,0.8,0.8,44,0.1258778943097346,0.4069285095206422
5,28,0.1378534433636321,0.3734074773411316,0.3301082792639215,0.17215603196243734,0.05788981173205661,0.10695050999946065,0.00057729664645083,0.00041803890949875,0.5,0.8,0.8,45,0.1257001138645869,0.3916124364192497
5,29,0.13629393331483247,0.36581901726836047,0.3209733090914351,0.18614050672049576,0.07539234402303055,0.11041710247371647,0.00061336624388529,0.00044802135106042,0.5,0.8,0.8,47,0.118417523954355,0.4132809992061845
5,30,0.1356997586371942,0.3682017630471823,0.33068381920945583,0.19471106518618347,0.05819426776510801,0.11001983521046538,0.00061389244668658,0.00044989104222324997,0.5,0.8,0.8,49,0.1173682906986889,0.4325741927689834
5,31,0.1256508146299154,0.34303013678628563,0.3017215006519529,0.18942715279906452,0.14930357841994452,0.10600287804480978,0.00050754114951798,0.00032493928075588,0.5,0.8,0.8,50,0.1087850397569356,0.3086252431816179
5,32,0.12343275685268733,0.3366524410392194,0.3009074526177406,0.19375216459629674,0.10618113128504765,0.1089650882891434,0.0006761586891996699,0.00047537587704023004,0.5,0.8,0.8,51,0.1101314644218035,0.3248786583280422
5,33,0.11826144930186266,0.31964819333001987,0.2811333543805438,0.1921435937799777,0.12160823387547381,0.1086800987436439,0.00064749173849923,0.00041453880144128,0.5,0.8,0.8,52,0.0933462459509132,0.3959480361727564
5,34,0.1084424970242255,0.26604171868036136,0.21085765989103827,0.2022748102020397,0.10674057266124451,0.1197095739323093,0.0006859300190907799,0.00048074657036666004,0.5,0.8,0.8,57,0.0935232154705271,0.2885301289215045
5,35,0.10066312613206001,0.2494408387358178,0.19903287055435134,0.21014638349610543,0.07960246826865723,0.11220165597174407,0.00070783906542162,0.00051032559870932,0.5,0.8,0.8,60,0.0702703012755516,0.2950169472028297
5,36,0.08777497509532865,0.18755647164584005,0.12677560055080955,0.21384155943964017,0.14453741279363674,0.1141732404589669,0.0007138597288643899,0.00051402498048928,0.5,0.8,0.8,63,0.0718000148501834,0.4405652886317992
5,37,0.08388109737775405,0.17430117159716113,0.11835359322647272,0.21163703342308626,0.09084945560065422,0.11282143857597224,0.00068610626717257,0.0004942521710840501,0.5,0.8,0.8,65,0.0688923297054486,0.4174813359884323
5,38,0.07825025221746507,0.13476671284096745,0.07200055581637506,0.22918824887379227,0.08350886068408689,0.11633390625126086,0.0007104070152984001,0.00052225201344867,0.5,0.8,0.8,72,0.0430216491736678,0.3681945562536842
5,39,0.0749019808869914,0.12342146443914448,0.0794270929808063,0.27127083249125783,0.07132646752146507,0.11711731346292509,0.0007093778074386601,0.0005128364567984201,0.5,0.8,0.8,80,0.0566360084043326,0.3804431125725896
5,40,0.07480313111748829,0.1297803351905342,0.10062602397033836,0.2990155390397165,0.06079754870905992,0.11727587300379526,0.0007116025885359,0.00051305023445677,0.5,0.8,0.8,84,0.0564305937264453,0.3974405838081531
5,41,0.07328195522569204,0.1263981556845258,0.09687708310885783,0.3115894070446473,0.06322927867515857,0.11496512317151349,0.00070749533055933,0.00051267157399803,0.5,0.8,0.8,86,0.0561736204632358,0.3643889834634231
5,42,0.074108384764642,0.12267429854217811,0.09226794457378117,0.3046526646444309,0.08184259430032013,0.11828187356883467,0.00069848567668461,0.00050179766936739,0.5,0.8,0.8,87,0.0529036490569208,0.392201194102895
5,43,0.07421452010091635,0.12459334193945122,0.10133167067035528,0.3330307555529428,0.0697958127054956,0.11914409441739474,0.00071016292747933,0.0005128114845459199,0.5,0.8,0.8,88,0.055808593737536,0.3910889820844473
5,44,0.07452591194464092,0.12038400741738531,0.0894502395942132,0.31532707926001513,0.06496299186263929,0.12010209238744318,0.00069879878644705,0.000497293670781,0.5,0.8,0.8,89,0.0561956466322229,0.3295454370972435
5,45,0.07081093157990023,0.10589057748231481,0.07286580062814045,0.32769256850898215,0.072292094053617,0.11638142675610297,0.00072583070798124,0.00052287796114581,0.5,0.8,0.8,93,0.0558053247317289,0.3733742634396829
5,46,0.07341616192560066,0.11853930306873132,0.10784812236734469,0.3922824088337964,0.06261607360709828,0.12124895475845154,0.0009793073276516098,0.00071046767401681,0.5,0.8,0.8,101,0.0554624099647282,0.4634577598453461
5,47,0.07366311608907844,0.11720364324449146,0.10620688188296959,0.3959608050308934,0.07013906346953566,0.12236317700660646,0.0009877788996455398,0.00065148115060502,0.5,0.8,0.8,102,0.0627880985672723,0.4219324049724146
5,48,0.07063770786925681,0.11676590305845613,0.11306692478454036,0.3817259426471075,0.06145947493856651,0.11732742633763998,0.00072672101430277,0.00051538715613676,0.5,0.8,0.8,105,0.0545871031401617,0.3657685928719412
5,49,0.0696390895682726,0.0808054830880613,0.06361848424599095,0.37926990572249597,0.1134012670296622,0.12528937352323224,0.00070163509425124,0.0005156117612172999,0.5,0.8,0.8,108,0.0546492328870432,0.4660779406411592
5,50,0.06870334224292467,0.07688037247721564,0.06593987766440661,0.42923672202807317,0.06819700347447012,0.12536620222694606,0.00071367890319408,0.00051759757667097,0.5,0.8,0.8,115,0.0532177566956333,0.4609959001397377
5,51,0.06878845444064778,0.08438566002097452,0.09528718976960429,0.4286829361459878,0.08190567163511264,0.12661936202655447,0.00070875381480136,0.00051790844951448,0.5,0.8,0.8,116,0.0497116796035969,0.4563374320487988
5,52,0.06837440443853338,0.07592600496523479,0.07168159456585455,0.4470056899451251,0.06453274183024484,0.1259663792047792,0.00070845103736248,0.00051662687041817,0.5,0.8,0.8,121,0.0517436188384351,0.4622678995972953
5,53,0.06708460408592586,0.07889412377225065,0.08908225132038103,0.4441184556061166,0.07808553463854959,0.12409525747024072,0.00075734380295951,0.00058803220650335,0.5,0.8,0.8,122,0.0444193555098827,0.4670006864394329
5,54,0.06645667884687301,0.0667508251883458,0.0679586029103897,0.4500230876994874,0.1001870503792053,0.12502717293642548,0.0007482011256034801,0.0005821565210569,0.5,0.8,0.8,123,0.0443578970494318,0.4489416405902904
5,55,0.06642307620316427,0.06392433280351685,0.06460867329983022,0.4536238106428822,0.07047207498903718,0.12569297232652868,0.00075847623091467,0.00058883206940096,0.5,0.8,0.8,125,0.0428138998311704,0.4575185028217913
5,56,0.0671438919369199,0.06733032138687593,0.07533670504457787,0.5388027383456112,0.06510952543405042,0.12740491226079803,0.00075243543645861,0.000601175841194,0.5,0.8,0.8,140,0.0432188472812557,0.4565636900885147
5,57,0.0666544629162668,0.07633401232145913,0.10657685926470531,0.5734906146182898,0.06706868710627946,0.1268817347203658,0.00075511960058416,0.0005884782794564199,0.5,0.8,0.8,143,0.0436965792445827,0.4573471917787536
5,58,0.06582017445045145,0.07910264423861439,0.11683997910012268,0.5841334754906803,0.06414026333535672,0.12507333384699454,0.0007858487713162099,0.00066112556762067,0.5,0.8,0.8,144,0.0428404072349306,0.4480866779986995
5,59,0.06616545067290526,0.06953762753470112,0.09178077054159788,0.567777185220793,0.06826346023421709,0.1266405662051011,0.00074636226735221,0.0005684504725218,0.5,0.8,0.8,147,0.0460790292225789,0.4587068538992507
5,60,0.06584954058175596,0.07163161139708268,0.10114619403024548,0.5955939446637265,0.06574349104250334,0.12630321940912848,0.00076002628280302,0.00058529479127012,0.5,0.8,0.8,151,0.0436428000078718,0.4569031520824214
5,61,0.06463397719483824,0.08338052602401394,0.14260182403245883,0.6173655661120611,0.064238610893422,0.12444387635337893,0.0007438914771939499,0.00055400161587004,0.5,0.8,0.8,160,0.0460086494768577,0.4450125577831667
5,62,0.06439399111654409,0.072841443657811,0.11649771111040626,0.6883156795453348,0.06606457266306,0.12456841625129093,0.00076263284322573,0.00062378519184322,0.5,0.8,0.8,165,0.0451569926174904,0.4624234299113368
5,63,0.06440880138136591,0.08263498750107874,0.1485822566526249,0.7672765146447726,0.06393316411903922,0.12488547493834667,0.0007862981389595199,0.00063899666276292,0.5,0.8,0.8,183,0.0417902335956746,0.4393934971605469
5,64,0.06397130020198523,0.0719971037761643,0.12922319624885342,0.7577062216011475,0.07905768121428501,0.1257154095032062,0.00076388982528731,0.00062810448769035,0.5,0.8,0.8,185,0.0436947489325206,0.4563386236832153
6,0,0.8754318446897421,0.9572691796820496,0.9502199817200077,0.13746504115180636,0.0,0.0,0.0,0.0,0.5,0.8,0.8,1,1.2918299844936891,0.7654394277596868
6,1,0.6720219810668348,0.9012079219934469,0.8697438253664174,0.1611235444690611,0.2742306214368276,0.0990945486300554,0.0005772861909398,0.00010868788655040999,0.5,0.8,0.8,3,0.8059788252358675,0.529341905996007
6,2,0.426554568386049,0.7429903629351128,0.6924329950507855,0.12031111521630077,0.6890410603189242,0.09809090385432175,0.00026890202031577,0.00024537617863527,0.5,0.8,0.8,4,0.7536835700088409,0.2544359460734506
6,3,0.3648911196297023,0.68918742967585,0.6297179660051506,0.110122405180875,0.16108732968116435,0.09901993998925682,0.00010473952085186999,0.00010356570845783,0.5,0.8,0.8,6,0.5028582363413017,0.1454939149295436
6,4,0.34327157288946125,0.6717610293483711,0.6163685410928295,0.1103978269070625,0.09234917299707782,0.09833193590406498,0.00014171085737278,0.00012103881868156,0.5,0.8,0.8,8,0.4606085530489451,0.1666429394212899
6,5,0.3343842565413494,0.6592181819168378,0.5948596085903173,0.11009355525136368,0.08668054991464699,0.0983330645603096,0.00011083423061804001,0.00011083091627643,0.5,0.8,0.8,9,0.4604095284168389,0.1308579091808989
6,6,0.3073243597609594,0.6334887956699244,0.5717352515942304,0.10787467721174346,0.11080817815150612,0.09886129280385966,0.00015056653760408,0.00013990686148797,0.5,0.8,0.8,11,0.4230709983047879,0.1591257784313524
6,7,0.28666235698343556,0.6121551485752917,0.5531643324530263,0.10815535228790515,0.11295344513451977,0.10608811447337252,0.00024547912020417,0.00022643819096960003,0.5,0.8,0.8,13,0.3702188636651637,0.1453662749446186
6,8,0.28271343721166203,0.6112443261934514,0.5593320939963407,0.11729033324512474,0.0547967279529481,0.10234273571135187,0.00017363237194760998,0.00016448068254571,0.5,0.8,0.8,16,0.3918109505965487,0.1088555071706347
6,9,0.27678228772261476,0.6042335299251388,0.55144133445897,0.12697677496322435,0.07176382576238848,0.0991056099212813,0.0001404495169472,0.00012489583575809002,0.5,0.8,0.8,17,0.4077091285883222,0.1212520623032152
6,10,0.258976402058228,0.5824927476243997,0.5320574218347913,0.1330420350547743,0.12005519794026505,0.1102343161718885,0.00029728274335124,0.00027766026627834003,0.5,0.8,0.8,19,0.3206759778211395,0.0825775427081971
6,11,0.25307200063100366,0.5752870691331564,0.5240959200082212,0.13187277169603173,0.07185742135948534,0.10512758534711619,0.00024319916256723998,0.00024328518997960002,0.5,0.8,0.8,20,0.3289563891700029,0.0782997349418763
6,12,0.23178062146764264,0.5424084464538792,0.48534906172524184,0.12363486969510547,0.20237021693747423,0.11022503906721162,0.00034717915343264997,0.00032017862003561997,0.5,0.8,0.8,21,0.2454994947218698,0.121340347702289
6,13,0.2016819321383865,0.5070920694130611,0.4719000877231928,0.15568793329111139,0.08083041001822434,0.10918242925391634,0.00038253664950311996,0.00029502850022711,0.5,0.8,0.8,29,0.2642851164028409,0.0853475492666221
6,14,0.19950824060924036,0.5069017314073263,0.47862113194279887,0.1544114915810454,0.0694088433886881,0.10894662707386493,0.00031426355452786,0.00020313838505690997,0.5,0.8,0.8,30,0.2444693932682299,0.107495222688897
6,15,0.1241223636774485,0.321389897536973,0.25535276788743594,0.11916247977878769,0.43491160785202665,0.11181675386546942,0.0003486183989997,0.00027409739878275004,0.5,0.8,0.8,32,0.1808265664765835,0.0841599397458868
6,16,0.1181227270402333,0.3037296085907885,0.24157937430218102,0.12515293487969675,0.14669533314905364,0.11306700660198421,0.00035079786582354,0.00026260611176954997,0.5,0.8,0.8,33,0.1886615961253025,0.0778539651300707
6,17,0.11716726729819905,0.3014059725336591,0.2389277814273756,0.1273760761270704,0.06539564187462361,0.11240065888742543,0.00034901783690018,0.00026139342124208,0.5,0.8,0.8,34,0.1880222758750017,0.0768344861051215
6,18,0.11674892964181505,0.3035265622399893,0.24829919746246693,0.13238622422073285,0.06270699049214445,0.11242158642081984,0.00034398290662557,0.00026254815897396,0.5,0.8,0.8,35,0.1879476971560919,0.0748019709279837
6,19,0.11440884657950179,0.2962554466028561,0.23988473582274975,0.13084352188276613,0.08495131250110508,0.11174588634562108,0.00034216353731876,0.00026128779375753,0.5,0.8,0.8,36,0.1862377665511737,0.0722417704737509
6,20,0.10031386021430941,0.23668165254184156,0.1634527267954589,0.10719496415926516,0.11553673576820889,0.11330780919157009,0.00033840325117935,0.00025997605116229,0.5,0.8,0.8,40,0.179182000081124,0.0801368596567674
6,21,0.0979301737935903,0.2308723125920458,0.1636065444193644,0.11931375781742148,0.07013588109451656,0.11292927175809489,0.00041282114920391003,0.00027592072249695997,0.5,0.8,0.8,43,0.1819194830962744,0.0808985709293193
6,22,0.09599328402144389,0.2219001832356406,0.1531319846871529,0.13140951442725438,0.06948156482111159,0.11329241752054928,0.00035856912528336,0.00027220478557253,0.5,0.8,0.8,46,0.1781127807320817,0.0785233114159254
6,23,0.09577021788393668,0.22358622437498485,0.16194770954965973,0.09073123842354906,0.05986538801727385,0.11387478121489371,0.00037948679259637,0.00027136991137803,0.5,0.8,0.8,50,0.1734388547474688,0.0812111584475889
6,24,0.09524707285476695,0.22427386771789928,0.169614731074971,0.16474970602052133,0.0712830318207437,0.11434924891795108,0.00036439245413954,0.00026473877405254,0.5,0.8,0.8,51,0.1717258084791053,0.075928434753284
6,25,0.09350470075821901,0.21709306526003283,0.161283295462501,0.1701441631232142,0.08604048486465372,0.11399828923763591,0.00033287856995713,0.00025815469898451997,0.5,0.8,0.8,52,0.1767571802244958,0.0814303523965134
6,26,0.09135009683055527,0.21182278776429822,0.16208738098142414,0.18792171898630664,0.06929283303295354,0.11353947574493758,0.00033426923334177,0.00022857313659138,0.5,0.8,0.8,55,0.1865003397076461,0.1042118261248492
6,27,0.08836337209135132,0.19837357868790956,0.1464568644273559,0.19081389660585352,0.08413991833007085,0.11301827322457653,0.00033824048664555996,0.00026707310368241004,0.5,0.8,0.8,57,0.1913235687528323,0.0903403806933205
6,28,0.08668632878282244,0.1937860744097107,0.14801312262733438,0.1911406149630913,0.09127507904271467,0.11307187712714199,0.00033260988226139,0.00025167959535799,0.5,0.8,0.8,58,0.1908252799087929,0.0761849681077515
6,29,0.08647128228987125,0.1964223713227893,0.15798650720098756,0.20034751942213302,0.059220747450732546,0.1130716995643357,0.00033285505744781003,0.00025180315086748,0.5,0.8,0.8,60,0.1912767347759839,0.0751302174199774
6,30,0.0864712822974738,0.20013354488028612,0.16921212540532146,0.2099079070760645,0.057003674410320816,0.11307169954360045,0.00033285505735954,0.0002518031507412,0.5,0.8,0.8,62,0.1912767347303678,0.0751302175732274
6,31,0.08553363193282301,0.1918455547657514,0.1526606320454511,0.2094942984240926,0.07569593227928641,0.11297005922468663,0.00034771282619526,0.00025524041386222,0.5,0.8,0.8,63,0.1911752027646562,0.0754938456036566
6,32,0.08471262177594485,0.1913277615193772,0.1589580648298377,0.22502405004213305,0.06571824090225951,0.11299123525287358,0.00034709548660326,0.00025449587587465,0.5,0.8,0.8,65,0.1914321853072374,0.0719043620301764
6,33,0.08448907532842967,0.19239079578767496,0.16703938795452158,0.27641903536839857,0.05846404773297276,0.11365880805699803,0.00035266217696777,0.00028094977327832,0.5,0.8,0.8,76,0.1804291733528223,0.1086527316910667
6,34,0.08437844160033095,0.19105627957224286,0.16545482824858163,0.29357158992268817,0.0596013437853827,0.11403180167323435,0.00034749709644354,0.0002794449819741,0.5,0.8,0.8,79,0.1788027084962075,0.1157077809630741
6,35,0.0807308042471763,0.1719972112494758,0.13650412861974726,0.2927345209764329,0.08630536095774582,0.11221156370360603,0.00033658863297304,0.00025554959514441,0.5,0.8,0.8,81,0.1749924586308812,0.1143636729153386
6,36,0.08092008059120172,0.17439836241349185,0.14611670557618497,0.303102552660813,0.06469373783074091,0.11317922338386711,0.00037203000543886,0.00027377577143356,0.5,0.8,0.8,82,0.1760870426603335,0.1148424620331063
6,37,0.07925259336374917,0.16726495062940067,0.13788231322846717,0.30476663955125605,0.08415318221058155,0.11228164238298838,0.00034266352862423997,0.00028976936926313,0.5,0.8,0.8,83,0.1754556773293786,0.116389845551142
6,38,0.07944911440660049,0.17061651327701702,0.14863624115423651,0.3070006240730397,0.05980603268612378,0.11288981992091057,0.00037144016549311,0.00028068216287562,0.5,0.8,0.8,84,0.1725854005477021,0.1121760523244177
6,39,0.0784975260863466,0.16326379161595594,0.13322944117994212,0.3143692317652993,0.07005341308477421,0.11214340098633342,0.00036626524101512003,0.00028922421040406996,0.5,0.8,0.8,85,0.1716544790957941,0.1159896411713245
6,40,0.07756594656214545,0.16446706609568015,0.14840348541311504,0.34825190852112764,0.06010000584724203,0.11252405562434625,0.00034439021611402,0.00031695593517092004,0.5,0.8,0.8,93,0.1746463917556863,0.0995865834565085
6,41,0.07779192321012501,0.17429860296791233,0.18047350622636113,0.38459760096514417,0.05828889816644926,0.11358913493458,0.00038471838335536,0.00029350708926645,0.5,0.8,0.8,101,0.1754927089919158,0.1015574138409957
6,42,0.07609911805805739,0.16360047929499907,0.1679853303944193,0.4028464159280699,0.07986265032854593,0.11396386280514505,0.00036843948642029,0.0002665039371915,0.5,0.8,0.8,103,0.1660818975889492,0.0891555798941012
6,43,0.07569146511676987,0.16563455782060904,0.17728144647058902,0.4556983252237353,0.057879201124908734,0.11358895315629601,0.00038100220022439,0.00030439596812748004,0.5,0.8,0.8,115,0.177251176800986,0.0856217952552906
6,44,0.07578014206463017,0.18025614916444987,0.22190013548696075,0.4932107358832418,0.05783587611361941,0.11396356536409788,0.00036652469452856,0.00026589401757259,0.5,0.8,0.8,119,0.1659581015059591,0.0892311383900976
6,45,0.07572877611989783,0.1724340520234543,0.19898018150898278,0.48960776571633574,0.05922988828385618,0.11399830452220204,0.00036688247051631,0.00026649480424318,0.5,0.8,0.8,120,0.1678416121186698,0.1033475176834096
6,46,0.07565493617505181,0.17201043550788458,0.1984873628822671,0.5085523742111921,0.05836675513957234,0.11398934121561363,0.00036781687083633997,0.00026598184921929004,0.5,0.8,0.8,122,0.1701252369136958,0.1030563286898758
6,47,0.07501271163557992,0.1690278407054236,0.19504168242448205,0.47370869895644385,0.06897374153284518,0.11351835427190123,0.00038206853667105,0.00032677305534396003,0.5,0.8,0.8,123,0.1568451658233246,0.0799471988330425
6,48,0.07494528516342004,0.18304505517003866,0.23896684915866018,0.554081644863222,0.057672705050495036,0.11335422327435171,0.0004055025295325,0.00050696287025164,0.5,0.8,0.8,137,0.169136408801282,0.1049143272314735
6,49,0.07494528525967915,0.201600923170262,0.2950949403930689,0.6085729220733268,0.05740717623191022,0.1133542232661838,0.0004055025270394,0.00050696307790341,0.5,0.8,0.8,144,0.1691364093329167,0.1049143260627776
6,50,0.07483661510379364,0.17470948015787152,0.2154431056379744,0.5966891567080947,0.058809596900338074,0.11373384173339002,0.00038308248789918,0.000357506484583,0.5,0.8,0.8,147,0.1668047911000997,0.0836390745323601
6,51,0.07475552914271544,0.17421895658722467,0.21487181790028811,0.6004419240449301,0.059477480818540054,0.11373006624063056,0.00038398110450482,0.00035767878592573,0.5,0.8,0.8,148,0.1678511154724203,0.0823629512729641
6,52,0.07451165921196246,0.1845175615309436,0.24759752229680113,0.620012774366299,0.06019230567209106,0.11351107741807123,0.00038547737285542997,0.00033007763650735,0.5,0.8,0.8,149,0.1594040636088432,0.0820756606441533
6,53,0.07451779465580703,0.20268761477137606,0.30326310058436556,0.6432848337446296,0.05925571213741052,0.1133542232661838,0.0004055025270394,0.00050696307790341,0.5,0.8,0.8,150,0.1690352185258104,0.1016731995339968
6,54,0.07428932659251984,0.171405043006659,0.21159536867334688,0.6274240619885518,0.06429258782481986,0.11370388689805262,0.00038737809369481,0.00035799512927489,0.5,0.8,0.8,151,0.168767310057195,0.0881224739835309
6,55,0.07390838556539275,0.17614537867711125,0.23091241185852643,0.6426191728412012,0.059380908936146136,0.11384402904588696,0.00038455839804253997,0.00034698967684282,0.5,0.8,0.8,157,0.1677850089031556,0.0860874589343477
6,56,0.0734439158351815,0.1736254364557638,0.2279879775667426,0.6577127017207665,0.0676484559940733,0.1137050587248655,0.00038352544757138003,0.00034987180912629003,0.5,0.8,0.8,158,0.1666257699975269,0.0898864605372455
6,57,0.07337688710957536,0.1732218125180443,0.22751838578744324,0.661556967651083,0.05907267862791469,0.11368728750795103,0.00038390670433546,0.00035591604758914997,0.5,0.8,0.8,159,0.1680253168309455,0.088421662509361
6,58,0.07336322136165811,0.17313738328841058,0.2274200644238917,0.6654932849073774,0.057783629624583444,0.11368752702405656,0.00038399121944586,0.00035540262009946,0.5,0.8,0.8,160,0.1680520288451341,0.0884279218918614
6,59,0.07332624657903064,0.17661365630586295,0.23837189879605444,0.6735480742786427,0.057761049423163895,0.11369001257732005,0.00038247032248138,0.00035624542672851,0.5,0.8,0.8,163,0.1681907868303122,0.0884365879611581
6,60,0.07317823269417986,0.1755571221945588,0.23713736227728346,0.6853485972007527,0.061880097541674256,0.11373171685464702,0.00038787421125708,0.00035281107188636,0.5,0.8,0.8,164,0.1715813369872777,0.0887105360205347
6,61,0.07246815148788843,0.20100523226603167,0.3220095252742263,0.8233746384147212,0.05810002653316459,0.1136116546282344,0.00045471467014503,0.00029923700146676,0.5,0.8,0.8,189,0.1626596063943424,0.0750190639646528
7,0,0.905318246665705,0.9680305410738846,0.9627565505404128,0.13903038197292747,0.0,0.0,0.0,0.0,0.5,0.8,0.8,1,1.1541445834047928,0.7488844800201104
7,1,0.5981732977206226,0.8589859572778847,0.8205616337560592,0.14930399707292957,0.37819987327328375,0.09897719381661708,0.00047654811735325003,0.0002443317820334,0.5,0.8,0.8,3,0.8107519517804462,0.4675689842327974
7,2,0.48214592649378163,0.7851557677438902,0.7414848975814313,0.13236380275276574,0.3536551462570745,0.09904841808997954,0.00024369351603665,0.00019844391814372,0.5,0.8,0.8,4,0.4875145760901389,0.227002351418749
7,3,0.48314806064671356,0.7901224756085427,0.7538627256408261,0.13872036796486714,0.05305160735133766,0.10263661145331897,0.00030414562290385997,0.00024767113248195,0.5,0.8,0.8,6,0.4727070555300225,0.2086597881057623
7,4,0.3455851409379335,0.6740841826563903,0.6194148738409749,0.10956112149849799,0.2774670005954088,0.0941599953438294,0.00013967880710329,0.00015486551661298998,0.5,0.8,0.8,8,0.4721131715272664,0.1636736079826306
7,5,0.33044128190801947,0.6622735024678068,0.6122056784637164,0.11107722628651923,0.0858673910135625,0.09828521384944937,0.00018281792782072,0.00020269497875319,0.5,0.8,0.8,10,0.4577319246937703,0.147956644754708
7,6,0.3292559435203688,0.6609938429700553,0.6106129160348572,0.11846861745848009,0.05789906403718959,0.09947067312254113,0.00019803366794387,0.00021956506451415,0.5,0.8,0.8,11,0.4575419170398873,0.1465910774698909
7,7,0.32819378557891604,0.6598346611417114,0.6091624178349386,0.11858324579581059,0.057960176212236876,0.1007386771284205,0.00018818252339679,0.00019529643097436,0.5,0.8,0.8,12,0.4586586551221023,0.1614763199960639
7,8,0.3121152529093201,0.6445648803350527,0.59210294727486,0.12137444122099075,0.06358315005080856,0.09003066605749435,0.00090914961067096,0.00064053327775355,0.5,0.8,0.8,15,0.3620805680656263,0.2426554576944818
7,9,0.2885337638313834,0.6200594941531565,0.5708422586241719,0.11840323565853232,0.09397424916210777,0.0856915592740917,0.00073813273689163,0.0006053679629674801,0.5,0.8,0.8,17,0.3135236219989429,0.2160328662892008
7,10,0.2894441293263987,0.619153985633441,0.5682749300542105,0.1380065049342364,0.061280205413260826,0.10467486449743744,0.00052712029862731,0.00041187589438195003,0.5,0.8,0.8,22,0.2659890436444586,0.1447452192766157
7,11,0.27982884684535153,0.6116141185009863,0.5668354671387433,0.13743361264883278,0.08577830040006429,0.09871456525571137,0.0008915086774147201,0.00042346031779497996,0.5,0.8,0.8,23,0.3753098396177309,0.1515903915560549
7,12,0.26312562688277197,0.5958457500143192,0.5564687284649633,0.1317022460940549,0.09655096891439824,0.0854780828527943,0.00068861912066286,0.0005589590443879101,0.5,0.8,0.8,24,0.2739259442015277,0.1762896145514444
7,13,0.26522425297232194,0.5977928488388567,0.5583076726262787,0.1369250079751322,0.049047783975562795,0.0908034439602742,0.0006584395144398,0.0005142104311155399,0.5,0.8,0.8,25,0.3182902760884384,0.1544341280557641
7,14,0.2628750888588689,0.5953902213231894,0.5558677276653675,0.13188287861859482,0.04509265749175004,0.08629872820344113,0.00069703656165295,0.00057049170047396,0.5,0.8,0.8,26,0.2756548067862169,0.1747394920632258
7,15,0.25295729684573154,0.582910193390082,0.5469251334174523,0.1548292601183141,0.08524027927707331,0.10245492551002756,0.00057750978724743,0.00048806206231055,0.5,0.8,0.8,29,0.3198525958229525,0.1547868916321929
7,16,0.2542010493725972,0.5792493131682798,0.5350768533683808,0.14727996266333648,0.07300328432682582,0.11033898765775263,0.0007051277961542299,0.00059469990289954,0.5,0.8,0.8,30,0.3233996936661433,0.1217704438044309
7,17,0.2495820789187253,0.5775322202065387,0.540427818035692,0.16060684174779277,0.06463793137069297,0.10478991419899952,0.00081450026416178,0.00055062728439379,0.5,0.8,0.8,31,0.3423596080386028,0.1057386598197276
7,18,0.2360154959007625,0.5607649102044137,0.5276463811818461,0.1607598723575252,0.14262346455768624,0.1068531125885639,0.00067704149443142,0.0005373289294461801,0.5,0.8,0.8,32,0.2944398050714886,0.1014210434965552
7,19,0.2333438884213218,0.5529151237958141,0.5115873091173337,0.15105890797037502,0.0631620089135972,0.10683395648162579,0.0007865485642768001,0.00053105793510342,0.5,0.8,0.8,34,0.3231234661378795,0.1040855589811656
7,20,0.2297199444622889,0.5511722084630872,0.5165154194750311,0.15789440440072247,0.061157202727029715,0.10632572416127652,0.0007038914529832699,0.0005048222464553201,0.5,0.8,0.8,37,0.2892470031151864,0.1005435108517978
7,21,0.22192407635139763,0.5399350706521533,0.5037493852447266,0.154739192476666,0.09039199077422908,0.10231720429631601,0.00068066375993007,0.00057162868825817,0.5,0.8,0.8,38,0.2899318955693913,0.1068279252901123
7,22,0.21236164476136812,0.5180212778284834,0.4707555150152659,0.1588465975201468,0.10014474141079727,0.10913543322595473,0.00080601065873542,0.00044919435301005997,0.5,0.8,0.8,40,0.2342581902109277,0.103138450266306
7,23,0.19976071584002184,0.4987563945198278,0.4550798737250819,0.1582902721883114,0.15508868679363025,0.11044697325415312,0.0009378474566717201,0.0005192089078891601,0.5,0.8,0.8,41,0.2695520833804729,0.1003132775229754
7,24,0.197146938033258,0.4953779784551326,0.45138098869560245,0.1593169908354158,0.0639658948260887,0.10797682024164752,0.0007665397904295499,0.00043969296426354,0.5,0.8,0.8,42,0.269027423749603,0.1247553859691394
7,25,0.19569035950297034,0.4903706798254203,0.4451871761610307,0.15648234347448722,0.08537654105931887,0.11189739476801946,0.0009258420606610199,0.00056120732609178,0.5,0.8,0.8,43,0.2318845815302561,0.1231750935962331
7,26,0.18343032683047955,0.4723915966058965,0.4315399020454521,0.16002207743402974,0.13425640910458825,0.1075722635041507,0.00075089047603114,0.00044186814453460005,0.5,0.8,0.8,44,0.2348095338021875,0.1083368324763413
7,27,0.177045539820177,0.4603712641166074,0.4176961014715654,0.16259978949220755,0.09949420139039264,0.10570862383711838,0.00067697578762166,0.00047212984001667,0.5,0.8,0.8,45,0.2205266680195288,0.1110582746631441
7,28,0.170716263514244,0.4462147695141496,0.40110844503027815,0.1639669440146531,0.1149534993437172,0.10671403361908904,0.00076472049138674,0.0004815851122911,0.5,0.8,0.8,46,0.2262100351329711,0.0904573067762682
7,29,0.16819011546072946,0.44654677059273873,0.4086951680233149,0.1891829823793835,0.053359704945799745,0.10308798858991988,0.00073008053080161,0.00052657346840547,0.5,0.8,0.8,54,0.2480584495884976,0.1031801655392846
7,30,0.16805885696842549,0.44972295044789745,0.41926306610077996,0.21951417443442456,0.053269912952064846,0.10349421192371411,0.0007408040575799,0.00052329796500962,0.5,0.8,0.8,60,0.2508137931696476,0.1021533545837984
7,31,0.1653581767404005,0.4476191809972483,0.4237344914216368,0.21516516223121057,0.07612121181245582,0.10324335509539008,0.00073239542635497,0.00053653908159202,0.5,0.8,0.8,61,0.2442225409131774,0.0984374463916031
7,32,0.16452711634064807,0.44553575897267317,0.4212770324610841,0.22444616379798168,0.05398951974995789,0.10356253381487328,0.00076329464269445,0.0005358954129835701,0.5,0.8,0.8,69,0.2485014730413144,0.0965392830382511
7,33,0.1594172057280506,0.44583071531216306,0.44242965868416106,0.2566226258556113,0.05922514530168291,0.10255302576794889,0.00066262272402294,0.00049207164187163,0.5,0.8,0.8,75,0.26730689077135,0.0883786111885815
7,34,0.16041996047690416,0.4501423203858435,0.45413886244729024,0.3196788165329399,0.05369157966003226,0.10490028430487147,0.00079613348331801,0.0005274780806013201,0.5,0.8,0.8,91,0.2074140681388199,0.0824233409076011
7,35,0.15771913666722262,0.45197954018337466,0.4701724164456121,0.3527864100102525,0.06337919881137605,0.10367116913534491,0.00079126122684602,0.00062774672431273,0.5,0.8,0.8,93,0.2529929039856699,0.0754626459380882
7,36,0.15484979389455997,0.45648592025797824,0.49615109011913244,0.40446399395294114,0.061761506852457466,0.10329696724639574,0.00080940821089911,0.0006745923807360301,0.5,0.8,0.8,96,0.228870511915814,0.0935660893149455
7,37,0.15324462289328514,0.4526373242657132,0.4916701656850978,0.4033815892319467,0.06072840849548822,0.10327751254045789,0.00081268822018242,0.00066434142436584,0.5,0.8,0.8,98,0.2282959473031987,0.091518381951353
7,38,0.15315847293959262,0.4524674652080676,0.4914767573779687,0.40331450018007176,0.053086420220863496,0.10322389198547882,0.00081159262500527,0.0006646857579097599,0.5,0.8,0.8,100,0.2282261631026794,0.0913672615988011
7,39,0.1529997697670344,0.4520407342086928,0.49097491150116707,0.40683314260031744,0.054380811258679086,0.10328897400718627,0.00081357227180275,0.0006583647107137401,0.5,0.8,0.8,101,0.2341366226149492,0.0912746300603943
7,40,0.15335338988774647,0.4668305939784138,0.5357081333335008,0.49810619480102486,0.0536409407442061,0.10468340977662209,0.0008204806264411399,0.0005779764588242,0.5,0.8,0.8,129,0.2237386802150805,0.0888044372696931
7,41,0.1521038912278927,0.46672076909276805,0.5423959064711826,0.5084049094004783,0.06348128932822208,0.10574109183730722,0.00082193697653497,0.00057136923643149,0.5,0.8,0.8,131,0.2115265455428966,0.0939386740145361
7,42,0.1518558975673818,0.4772107006945689,0.5753193530818557,0.5766563488786818,0.05440401387443742,0.1057816872524757,0.0008230020358211699,0.00057231119997438,0.5,0.8,0.8,138,0.2117322253157438,0.0949435898199938
7,43,0.15332057433744364,0.4841661920319716,0.5902842357349876,0.650471303418214,0.05459219978034682,0.10624483431676204,0.00082848000905875,0.0005829625707377401,0.5,0.8,0.8,149,0.2053699059553133,0.0945096785597426
7,44,0.15080897775743413,0.48951711604918335,0.6172717085869088,0.6877508910293136,0.05456157011123972,0.10576857703919457,0.00075549656229296,0.00059589640468768,0.5,0.8,0.8,155,0.2302286448822742,0.0861759649087726
7,45,0.15486422556571655,0.4922353282140258,0.6066563427123975,0.7069164249123888,0.05383043488604502,0.10538228776601022,0.0008283320432708,0.00059440886254363,0.5,0.8,0.8,159,0.2089925135613328,0.0904302650677549
7,46,0.15183401465461344,0.48047269135684,0.5859777072024693,0.6494581133873938,0.06001881287850949,0.10632087947181937,0.00080399595053759,0.0005874953623978,0.5,0.8,0.8,160,0.2061472473667967,0.091075172292244
7,47,0.1542420282965805,0.48653503427311706,0.5930576075166866,0.6510708876279411,0.058287411137277055,0.10606008443682657,0.00083017106564683,0.00059227081002729,0.5,0.8,0.8,161,0.2067181204571349,0.0919969477784116
7,48,0.14989699585567268,0.4797491523542618,0.5920801641651849,0.6520175826212244,0.054026309147622444,0.1058733989801507,0.00076775845504078,0.00057655476887535,0.5,0.8,0.8,162,0.2193718491457772,0.0929843783050899
7,49,0.14938376319143057,0.47843709886556735,0.5905494100659517,0.6520393613483129,0.05948626551275436,0.10591678229812869,0.00076484907420535,0.0005693599937723101,0.5,0.8,0.8,163,0.222364551419958,0.0924509938752271
7,50,0.14925351333048054,0.4779497539240431,0.5899643164641112,0.6635480653305065,0.05535458521783676,0.10612633033965185,0.00075809546694263,0.00057673011480493,0.5,0.8,0.8,165,0.224818745767303,0.0923683916873142
7,51,0.14900105182174145,0.4812647967775186,0.6007545177445344,0.6628913595309366,0.054467222545777155,0.10579865577112753,0.0007704005744718801,0.0005720277539837399,0.5,0.8,0.8,167,0.2218497954974207,0.0954582126740379
7,52,0.14871203153829046,0.4803823538716639,0.5997102386080646,0.6702171507631978,0.0581089333664062,0.10602737742731898,0.00075404988771458,0.00056847646798115,0.5,0.8,0.8,168,0.221872219984429,0.0932273154517127
8,0,0.9178053352024436,0.9724261208269683,0.9678772743540017,0.14025542983176129,0.0,0.0,0.0,0.0,0.5,0.8,0.8,1,1.1201489415408,0.7470091370828302
8,1,0.825748477211151,0.9688453423096818,0.9554009971287943,0.18130789354219862,0.16155720052537864,0.1006357974038261,1.3790800725030001e-05,1.619752170931e-05,0.5,0.8,0.8,3,0.8153967211162997,0.548089414870394
8,2,0.4794833447167864,0.7830149512784889,0.7391306122874988,0.13115668583389764,0.8101156534071805,0.09722668958767991,0.0002608486518695,0.00026128618290826,0.5,0.8,0.8,4,0.4957824132122275,0.2288750962075977
8,3,0.47217412237695533,0.7853459924553742,0.7555489873046141,0.1519701464542078,0.05553234310816333,0.09853670513809265,0.00023270236627058997,0.00024039601595864002,0.5,0.8,0.8,8,0.481654748132805,0.2006060962749546
8,4,0.32003263900727474,0.652460865424754,0.6007956774503983,0.1164699314862277,0.32535375387208654,0.09805294307352984,0.0001704943709145,0.00019792174783114002,0.5,0.8,0.8,10,0.3290914111158545,0.2221924574054802
8,5,0.31882103809868684,0.6550897666451366,0.6107959346940189,0.12388458336436851,0.051339572239014995,0.0976329560989221,0.00017137795249428002,0.00019111607134252002,0.5,0.8,0.8,12,0.3267327565055062,0.2298437258146066
8,6,0.2543135597548119,0.5764715740405133,0.5252454987544285,0.11123574971003326,0.23188125212362837,0.10747723970187346,0.0004895411800174101,0.00027377630348634997,0.5,0.8,0.8,14,0.1901038730176102,0.2173158463202792
8,7,0.24402875142747293,0.5651728463927872,0.5189087771126143,0.1221439262176119,0.08674410815093532,0.10841622208209006,0.00049059880611592,0.00026413950824674,0.5,0.8,0.8,16,0.1722068169270003,0.1698982479038483
8,8,0.2439974103106434,0.565128676491997,0.5188579227553451,0.11947599439363002,0.054975716408718345,0.10840863847707424,0.0004906038066322,0.00026413160293355,0.5,0.8,0.8,17,0.1721734177483063,0.1699278457106664
8,9,0.2097986815265369,0.5109652030524932,0.4558782136954889,0.1082679985023819,0.274443366415762,0.10718986330283742,0.00036823922027,0.00024604655973044004,0.5,0.8,0.8,18,0.1819264353214574,0.1797943744246785
8,10,0.20810025783448957,0.5080385372313824,0.45247437731081774,0.10566452502668888,0.06598294388036105,0.10711017030662472,0.00037760554723528,0.00024371324431094002,0.5,0.8,0.8,19,0.1764029765210211,0.169959937312213
8,11,0.20656696970329116,0.5082683627041402,0.45947291287620995,0.12085595002151321,0.07373950170480882,0.10905658407202387,0.00043052254524744,0.00027337053561231003,0.5,0.8,0.8,20,0.160877499337654,0.1217473625492764
8,12,0.20567804990150848,0.5068932533657569,0.4579138564051109,0.1181377218845686,0.05712998664762773,0.10856163526880427,0.00042167397714259005,0.00026650322831676,0.5,0.8,0.8,22,0.1630856267412568,0.1308290615696939
8,13,0.20469830098603653,0.5080754381282037,0.46602800668029287,0.14253211812227617,0.05948035026338859,0.11042844273603983,0.00043603984106416004,0.00033780493714692997,0.5,0.8,0.8,26,0.1699641179633106,0.0927323262856285
8,14,0.20354494813055907,0.5026736092767076,0.45291306635917283,0.15147603944974183,0.06028872496376816,0.10964812402161937,0.00038999112399809,0.00026315862820668,0.5,0.8,0.8,27,0.2231549581004908,0.2054998703987159
8,15,0.19869191055390076,0.5007582878636695,0.46439216958922386,0.14549656180816614,0.09679669678723103,0.11060789272531704,0.00043854132776886996,0.00032756802706228,0.5,0.8,0.8,28,0.1644899548773631,0.0874162160555131
8,16,0.16793658055828242,0.4387358943776267,0.3922078849499296,0.1375615271110553,0.3096161594308808,0.10985601874335124,0.00044410417243647,0.00026246178216481,0.5,0.8,0.8,29,0.1766262885374827,0.1084776033846701
8,17,0.16675542180990785,0.4390715820118907,0.39940672094149593,0.14760441979456887,0.06417995459762332,0.11092269559581341,0.00047952669187577003,0.00027578636428938,0.5,0.8,0.8,31,0.1866453989878796,0.1189160170631938
8,18,0.15927703509664196,0.42710649662665173,0.39256815993445954,0.1631376350087883,0.06979300102466386,0.10861881581114853,0.00040605493319455,0.00028774871496449,0.5,0.8,0.8,35,0.1930874118406207,0.1092762754798767
8,19,0.16015451684296944,0.42755386863440326,0.39289261384559143,0.16102123526163448,0.05912180070172479,0.11089414331006009,0.00046037831440110005,0.0003018437500392,0.5,0.8,0.8,36,0.1857245865632242,0.1086237458578716
8,20,0.15789217608869474,0.4198224225055591,0.37714137921405194,0.1628719482405818,0.06787673781629766,0.10909026366236056,0.00041208210105796,0.00028119803769417,0.5,0.8,0.8,37,0.170449866581314,0.1012007034044232
8,21,0.1561555288261743,0.4205274656952906,0.3850049485345915,0.17828262222133398,0.0630131381481866,0.10740237189240426,0.00040666925650162996,0.00028089564077782997,0.5,0.8,0.8,38,0.1959490932082047,0.1047506571142897
8,22,0.14981650760292886,0.40245321917242166,0.363678757034694,0.16939752533219976,0.13719404228282045,0.11050462788740294,0.00048671382801160996,0.00030964554051255,0.5,0.8,0.8,39,0.1579672116154478,0.1085419787188662
8,23,0.1473279080613637,0.4006908355800422,0.3686235419600215,0.1829466171569709,0.06540160964900377,0.1092776032860361,0.0005094640621495699,0.00032872658907479003,0.5,0.8,0.8,41,0.146915619186103,0.1189419874274142
8,24,0.14687150857998035,0.40307603516256596,0.3782894295927114,0.18883910452193212,0.05832252732683396,0.10945304103693901,0.0005122406399127499,0.00033005205579978,0.5,0.8,0.8,43,0.1444388422056628,0.1257324894046933
8,25,0.1448278017960545,0.404412613198952,0.3935762799702681,0.2707230503517758,0.05765078481157226,0.11041296513373369,0.00050179894398937,0.00030616803083408,0.5,0.8,0.8,58,0.155983358921136,0.1120754902116484
8,26,0.1441638184461211,0.4099711915167655,0.4138461086874097,0.3140829352573398,0.05679736114860965,0.11050915751891754,0.00051132103098545,0.00031393001296655,0.5,0.8,0.8,67,0.1561181898373444,0.1065679435928109
8,27,0.14389999399918868,0.42055485752227223,0.44689755437673273,0.35534324213517327,0.05645261001590395,0.11033952537684975,0.00050420489374373,0.00031229248635932,0.5,0.8,0.8,70,0.1527691531075928,0.1081154206978793
8,28,0.14390512399359484,0.4162544434484374,0.4349258456192159,0.34572742443239574,0.057491556704227925,0.11104482549061138,0.0005060324856184,0.00032151136356238,0.5,0.8,0.8,73,0.1729632953261042,0.1137677346254315
8,29,0.1398998362028634,0.4090923199331273,0.43348463498856415,0.341404890175513,0.10102647454438825,0.11107727978745664,0.0004898909664073101,0.00031544472605412,0.5,0.8,0.8,74,0.1686143101901253,0.1249616105417402
8,30,0.1385739845384006,0.40911216118653654,0.4404089078223004,0.3805279685406288,0.05788412177657592,0.11107725450977685,0.00047827854524008003,0.00033520464072044,0.5,0.8,0.8,83,0.1538909910646737,0.1380949193301592
8,31,0.13738681962067303,0.4058971512963484,0.4366739262798548,0.37688822162587976,0.06912755037377279,0.11093652095939746,0.00049959899597538,0.00032297441544048,0.5,0.8,0.8,84,0.1541185210096117,0.1246758047436114
8,32,0.13584216293798493,0.40951183631793575,0.4547404016810903,0.39630972364479344,0.06303137140511252,0.11030469504213337,0.00049498078549819,0.00033572147229649996,0.5,0.8,0.8,86,0.1575595487054887,0.1373561392185861
8,33,0.1348763066607175,0.40967246205655033,0.46176032935932887,0.4092591569231432,0.06442840610002493,0.11116191608528261,0.00049939026778225,0.00032162356296173,0.5,0.8,0.8,88,0.1587204444318644,0.1263939348867171
8,34,0.13405617013958546,0.4037081999068444,0.44792020980669284,0.408586355674396,0.05918791278555339,0.11105118267914788,0.00048800462090281,0.00032452922004965,0.5,0.8,0.8,91,0.1511096191272208,0.1408391912631955
8,35,0.13383822309274682,0.403061947181397,0.4471661164186329,0.4152290486690823,0.05887821673871984,0.11106182731238107,0.00049127835591237,0.00032353961624423,0.5,0.8,0.8,92,0.1493214393341793,0.1365947630397808
8,36,0.13261251794322823,0.42605007270202355,0.522312515210204,0.5659880830778009,0.05624645459031203,0.11047988867459212,0.00048967746778923,0.00030705187406139,0.5,0.8,0.8,122,0.1571443701792929,0.1290847399924178
8,37,0.13172352906389367,0.479797489698282,0.6885186892548664,0.7815736388193497,0.0556069759079372,0.10967850136161814,0.00051094200362219,0.00034122031916698997,0.5,0.8,0.8,197,0.1694770565702984,0.1103655657353182
9,0,0.9372318109865078,0.97915160361477,0.9757122731860887,0.14356367256056307,0.0,0.0,0.0,0.0,0.5,0.8,0.8,1,1.0187458040086748,0.7583022998756026
9,1,0.830634508519693,0.963868025881872,0.9515387626188789,0.1714516417465885,0.14974365104129686,0.07716987182683971,1.315459910447e-05,1.22087484821e-05,0.5,0.8,0.8,3,0.7468895598785911,0.548297430113302
9,2,0.4986536442911633,0.7965557214016081,0.754839473227504,0.13521728782582065,0.7841986917335231,0.09810142982408704,0.00025046334948003,0.00022306365675268,0.5,0.8,0.8,4,0.4161587633704648,0.2269957409501434
9,3,0.49632496370387474,0.7991516251997426,0.7645057498127023,0.14180896760445147,0.056557847709248654,0.10108985752376168,0.00030446093863248,0.00027197738835096,0.5,0.8,0.8,6,0.4130055590061992,0.2127610986113971
9,4,0.4800040073128807,0.7919538296964191,0.76273325095308,0.16812557628412572,0.06327872191361364,0.10502524753370795,0.00015810952155943,0.00015201078491322,0.5,0.8,0.8,11,0.4465239711443338,0.3314949096364284
9,5,0.44486251498659996,0.7696333347439014,0.743415518858206,0.17362509593668768,0.11037984904063013,0.10739994966711632,0.000264804102563,0.00020737866830287003,0.5,0.8,0.8,13,0.3935362596187553,0.2468829055770681
9,6,0.4118166309741569,0.7401487686047015,0.7015935720024524,0.17930154862160075,0.09847595040336864,0.1144772061754658,0.000158149070372,0.00021840142741686,0.5,0.8,0.8,16,0.3086282216550186,0.1436967742766305
9,7,0.41832334388757453,0.7480294701228122,0.7094179771216377,0.19769096237800604,0.07180959412012665,0.1310791191319408,0.00014776790170844,0.00013001441626543,0.5,0.8,0.8,17,0.3577220937779243,0.196510849259314
9,8,0.3799459974567225,0.7150548176110454,0.6789654718880198,0.1875907054021356,0.1771533617521425,0.11740104991983616,0.00028892130615168997,0.00050788545515768,0.5,0.8,0.8,18,0.2502710558344146,0.1296517684456167
9,9,0.3689790500762937,0.7048973065371228,0.6653245051384599,0.2061507386097924,0.15738940864800124,0.1397908407454652,0.00026000217264440003,0.00024103881824699003,0.5,0.8,0.8,19,0.3015907122327781,0.2054450589140745
9,10,0.43197379291489474,0.7706203209633384,0.7338663188435722,0.28046861320618116,0.21955332477327238,0.31290093295459304,0.00026079718013598,0.00514104356684365,0.5,0.8,0.8,21,0.2162228240418898,0.2003575586994848
9,11,0.3323590199083669,0.6730772629293583,0.6411491777512238,0.19641788465970667,0.09817004270018259,0.14657748848444818,0.00016867919197577,0.0029891699762242,0.5,0.8,0.8,24,0.1937084545947927,0.2090083838346951
9,12,0.3224275893149475,0.6587363402779733,0.6183898519418131,0.1845578835880592,0.09326629697797652,0.1404317756643377,0.00024875814783325,0.00031241669061801,0.5,0.8,0.8,25,0.2081548509621778,0.1663207567840384
9,13,0.31977490772404227,0.6593055451299308,0.625893194621216,0.19456539618148477,0.07829636603401947,0.14086254921936445,0.00028525921980887,0.00047659894420125,0.5,0.8,0.8,27,0.2035971694951578,0.1834532969867871
9,14,0.31511812095399144,0.6570184696732787,0.6296897423447212,0.20577098493925336,0.09160238014150514,0.14593249200878106,0.00029773982973217,0.00063895542956279,0.5,0.8,0.8,29,0.1720540313308805,0.200134149394413
9,15,0.3140694024403954,0.6594951154756314,0.6394972478976686,0.20533850378274304,0.07588840885702107,0.14510324618011647,0.00033706084194009997,0.0009655373929452401,0.5,0.8,0.8,31,0.1873641650032277,0.1933384909698269
9,16,0.31296945332143244,0.6543142342240073,0.6264453658184425,0.21361699230619122,0.08320162270979016,0.1472332189037904,0.00029958199694359,0.00053672518515532,0.5,0.8,0.8,32,0.1905969496250477,0.1972749558357782
9,17,0.3096037848069929,0.6576154912202361,0.6440789827547304,0.2323439978496786,0.08019150623461918,0.14438307708640064,0.00034464706069899,0.00239915469269501,0.5,0.8,0.8,35,0.1679629058938557,0.2086912948624919
9,18,0.3033247864461901,0.6466608265353664,0.6247736731644485,0.2287566812683248,0.09312097852273143,0.1432181758517415,0.000284537852761,0.00046928419038311996,0.5,0.8,0.8,36,0.1874401915507483,0.176668092273309
9,19,0.31802545012911093,0.6605087217686436,0.6379214430473771,0.23132491097004407,0.10781827341785248,0.16528301667010714,0.00027103292176254,0.00930654956868847,0.5,0.8,0.8,37,0.1781435604075715,0.1793268836037582
9,20,0.2995605580145678,0.6416605095033077,0.6187719381233122,0.24494062848640413,0.08080347804925253,0.14526898500068994,0.00027803537772844004,0.0005308684149758299,0.5,0.8,0.8,38,0.1809583407299526,0.1640826930837272
9,21,0.3008513638564644,0.6464457272916109,0.6309028835356969,0.2560932244384058,0.07748907751242143,0.1491105458173973,0.00035378476467553004,0.0006755009337313,0.5,0.8,0.8,40,0.1808357406871683,0.1553034775655902
9,22,0.2943575301020415,0.642448659950896,0.633508816851334,0.2638398177757352,0.08458916427962368,0.14510227022888494,0.00028384068922101,0.00052152721262142,0.5,0.8,0.8,42,0.1816125729605245,0.1638294650030323
9,23,0.29184925047878896,0.6432661858690025,0.6415618749838383,0.2629988564864553,0.07548064828522996,0.1421447860397653,0.00030532783416184,0.00084490720020527,0.5,0.8,0.8,44,0.1696275260342601,0.1653862394726099
9,24,0.28899413529716683,0.6342589774617733,0.6233711587672944,0.29351214403243625,0.09768997062794083,0.1422999818057391,0.00040232321406036,0.0066774638591032805,0.5,0.8,0.8,46,0.1800861196728667,0.1584098704821289
9,25,0.28700436224826215,0.6357412267438708,0.6322136466525009,0.30153465132821394,0.07744336424247908,0.14257079463341768,0.00038863675628297,0.0049043268094586204,0.5,0.8,0.8,48,0.179015123839017,0.1604899359613965
9,26,0.2875868356138325,0.639786322732821,0.6436148382053974,0.31856976638122253,0.07878695783565741,0.1422999795189983,0.00040232315443176,0.00667746286943178,0.5,0.8,0.8,50,0.1735881806214022,0.1644144136269593
9,27,0.2702749831771489,0.6231256808443745,0.6325973125226773,0.33349701569552426,0.07558332632780758,0.13456070962393155,0.00020441493593026,0.00042673403970673,0.5,0.8,0.8,56,0.1786583355390278,0.1704826853470152
9,28,0.2741089752525607,0.6264242725928513,0.6355847391724365,0.42696525539388736,0.07325810562283924,0.14299098416436326,0.0008478187926520501,0.00099521410068492,0.5,0.8,0.8,83,0.1889330837137078,0.1985991168868489
9,29,0.2730605051273489,0.6344507788405649,0.6649980875678195,0.4721948577375773,0.10578882201133723,0.13908958749766498,0.00418145098448404,0.0049794428069953305,0.5,0.8,0.8,84,0.1835153135703513,0.1697890232761705
9,30,0.273060488358539,0.63816193564261,0.6762236760464957,0.4836402363895496,0.0768735481027239,0.1390895875048091,0.0041814224863305095,0.00497945034319519,0.5,0.8,0.8,86,0.1835153138484428,0.1697890233844292
9,31,0.27241177056946386,0.6371534755794622,0.6750188458372173,0.49023038667470026,0.07951085422129078,0.13922254602054535,0.0043237094969539504,0.00498160262125894,0.5,0.8,0.8,88,0.1889446559082525,0.1802530910162496
9,32,0.27157994122636137,0.6397842111406407,0.6850292460500634,0.49548974129252127,0.07847537449816756,0.13921862901975965,0.00389488238997074,0.0050830503092091,0.5,0.8,0.8,90,0.1820552427988545,0.178106519337268
9,33,0.27227654570410287,0.6402281307024934,0.685336909035288,0.5241022929522009,0.08146953320480517,0.13922341646837377,0.00491966092837633,0.00564279091485994,0.5,0.8,0.8,91,0.1838588079132963,0.1756527378191354
9,34,0.2683237302363704,0.6584531908505892,0.7486006119074115,0.7645508475468671,0.07434001614889187,0.1436684766471831,0.0013554994186147202,0.0017408560820176898,0.5,0.8,0.8,133,0.2428788802786944,0.1653849177505296
9,35,0.27402017442541693,0.6729599054276232,0.7844342755580145,0.8621971039354064,0.08657873874804123,0.13947612067287463,0.00453942778296112,0.014610595169586621,0.5,0.8,0.8,153,0.1815887861008211,0.169523370252433
10,0,0.8968925951616324,0.9650315214180742,0.9592628093727854,0.13962840514810407,0.0,0.0,0.0,0.0,0.5,0.8,0.8,1,1.1843360424372802,0.7519656060969548
10,1,0.656148279763034,0.8920208350170837,0.8590333359560948,0.15858572033043672,0.30712810616545194,0.09863972067977718,0.00045200258051045,0.00057771789157261,0.5,0.8,0.8,3,0.5671113524401803,0.4675689842327974
10,2,0.45066822978330023,0.7614183795650662,0.7142178816294789,0.12405900073907938,0.5694947032018542,0.09441559702087854,0.00024324533654152997,0.00016723194079434,0.5,0.8,0.8,4,0.610123066929998,0.2269943639407137
10,3,0.3504917461670593,0.6752133853359856,0.6138866813535842,0.10128352210599095,0.22356117585268945,0.09355449561722656,0.00010431263708914999,0.00012496782032896,0.5,0.8,0.8,6,0.5554207992435687,0.1415201878218511
10,4,0.3336783276356924,0.661946694513776,0.6049491915007844,0.1192047903325691,0.08911187665377393,0.09810636846754392,0.00013105321717274,0.00016633155951673002,0.5,0.8,0.8,8,0.6148230659834684,0.1491316451997026
10,5,0.3281405092238982,0.6598589689777578,0.6094224570608573,0.1238161967217759,0.06119050492064615,0.09807408602757296,0.00013094956145776,0.00016209447393529,0.5,0.8,0.8,10,0.5900609279999967,0.1517284728074242
10,6,0.28436902101244965,0.6095583691634706,0.550447139824879,0.11793464670379776,0.1600023171428899,0.10262706776201506,0.00013290427084194,0.00016861185618547,0.5,0.8,0.8,12,0.5102481858634245,0.1366465816760003
10,7,0.2711945486795061,0.5901772513377535,0.5264909313339663,0.12527537035577482,0.11711577406851423,0.11919006029997187,0.00017086666033763,0.00021884907111946998,0.5,0.8,0.8,14,0.3570237039147085,0.2008887685004773
10,8,0.24308270632549556,0.5474752300256783,0.4759345743366551,0.118367181218736,0.2611745601858505,0.12908443325923422,0.00014971281111044,0.00019237763374159,0.5,0.8,0.8,15,0.3747954078780616,0.1697981325243628
10,9,0.23127055760623277,0.5317701912505681,0.4643875398062583,0.12058783432672142,0.10771520545515671,0.13090207943724438,0.00016413355589171,0.00020383486526891,0.5,0.8,0.8,17,0.3277869559455806,0.2413763378958001
10,10,0.22526966734032902,0.5256127628018161,0.46415535883591924,0.12480460718374778,0.08537615790083987,0.13033065464509155,0.0001923474879094,0.00023877925992320001,0.5,0.8,0.8,19,0.3267308201700304,0.2419183293626188
10,11,0.2233306925370381,0.5149282375272983,0.4379140197811689,0.1288599521911633,0.0786335529002713,0.1302583167520286,0.00017771479041172,0.00022110342233257,0.5,0.8,0.8,20,0.380435805754251,0.2351317303598644
10,12,0.22307583997141184,0.5182916774307779,0.4487550432208468,0.1361305123960176,0.06563084926216738,0.1300128468367388,0.00017675323368392,0.00021995731513116003,0.5,0.8,0.8,23,0.3813845813643004,0.2318269885060057
10,13,0.20905254920013192,0.49895920733006077,0.4335061044755542,0.14429910921574576,0.14888110300346105,0.12551692329848363,0.00017543548625488,0.00022353243810390003,0.5,0.8,0.8,24,0.297157351097514,0.2492739093172013
10,14,0.19882474497230684,0.4857860442371589,0.4254674408906071,0.15790353342071545,0.07056724833151601,0.12052728122550109,0.00023530618006829,0.00021010004873894998,0.5,0.8,0.8,30,0.3371420249777009,0.2080019061062187
10,15,0.18972345916851957,0.47026182425977886,0.4140567822654138,0.15603394053846534,0.1468359433600622,0.1232250713104578,0.00026312981125008,0.00022088306631176002,0.5,0.8,0.8,31,0.3052601824673658,0.2081086951583648
10,16,0.18642448312341978,0.46359098270905835,0.4062965042349106,0.16292028885084459,0.07555942943249297,0.12305622192642128,0.00028272614548769,0.00022339145669824,0.5,0.8,0.8,33,0.2892274740853223,0.1996553275303502
10,17,0.18238411843240612,0.4558551629345813,0.39104658687540395,0.15597120479105983,0.057935003062896645,0.1150440328445004,0.00024269668381082002,0.00023754150582867001,0.5,0.8,0.8,37,0.2850938181931221,0.2228457087610543
10,18,0.17948768146538727,0.4551443148775072,0.40371025352820655,0.1726559057923798,0.10122334656231825,0.11869632633630615,0.00033467773153197,0.00023173731954186,0.5,0.8,0.8,38,0.2718859959699621,0.2598483969437213
10,19,0.17413292922558982,0.4538242347936387,0.4227640726569833,0.1990694644507898,0.07403911333563662,0.1200769696592839,0.00032707290106286,0.00024787928310621,0.5,0.8,0.8,42,0.2517631413803062,0.1568582963120814
10,20,0.17386325200586356,0.44612553770245233,0.40644466516648337,0.19611429059712704,0.09076326696432528,0.12557700061407578,0.00023284431613454997,0.00030233363071329,0.5,0.8,0.8,43,0.2282927002390006,0.1737888659637504
10,21,0.16294494123353226,0.43283209406384454,0.4053358750600509,0.2010788315142124,0.09530358430286552,0.11849489707311774,0.00035628618734501996,0.00026195781936332003,0.5,0.8,0.8,45,0.2335405412212515,0.1749901361327073
10,22,0.15541425337957335,0.41877086079987186,0.389437324218659,0.20292156507974937,0.10274925780893748,0.11289980094065899,0.00022018449521130998,0.00024023806071662998,0.5,0.8,0.8,46,0.3175624380663154,0.1473439157909058
10,23,0.15149722537341173,0.39656252378351253,0.3622890827630557,0.21316805715575662,0.08925692581910112,0.1279792086067498,0.00038166437609019,0.00032401077335227,0.5,0.8,0.8,51,0.2104472215660771,0.1122403097881777
10,24,0.1394802108008723,0.36986247625935853,0.33838480603016213,0.22212659100790408,0.1808788280356526,0.12392507181116862,0.00058414493944552,0.00039555994118540004,0.5,0.8,0.8,52,0.1659920010175253,0.1343784664918524
10,25,0.13635237425114533,0.3525095916277053,0.3109165515336854,0.2132802496818197,0.1298385016912274,0.1281572770644692,0.000519310406778,0.00047105676672349,0.5,0.8,0.8,53,0.197220410115228,0.1267404824712114
10,26,0.13382961844323496,0.3564181466418781,0.32961349095406445,0.23295697333121065,0.06429587656464873,0.12412820018992483,0.00052082340237158,0.00041769539173203,0.5,0.8,0.8,57,0.1958678635260453,0.1176841579763947
10,27,0.12593209589204438,0.31689564873079523,0.275942671272496,0.22616383677642263,0.1502448538201864,0.1333020210119277,0.00042063148181819,0.00028596876915387996,0.5,0.8,0.8,59,0.132283274127949,0.1169139129518628
10,28,0.12037538290492775,0.3106946708739559,0.2828989862144465,0.26118217810609073,0.07690612694701117,0.12786796953884574,0.00073767283937676,0.0005178494560426999,0.5,0.8,0.8,63,0.1413322420664513,0.1121313063566779
10,29,0.11729652012764545,0.30724621497065185,0.29272399859603954,0.28485927031532193,0.07084952296125048,0.1277045417048902,0.00058980784831227,0.00048037117617282,0.5,0.8,0.8,70,0.1450417059681086,0.1119194568735384
10,30,0.11586627845834706,0.3019114879797863,0.2865021440627825,0.2937535229381432,0.0761330668860765,0.12754761459900418,0.00067079323892061,0.0005508549157599,0.5,0.8,0.8,72,0.1460778161367098,0.1009335924608363
10,31,0.10918227968126033,0.2979233534138738,0.2898131817638509,0.3076562299205909,0.05926105874336706,0.11485543685225401,0.0006712574338440101,0.00049008969584756,0.5,0.8,0.8,77,0.1460318018800594,0.1011360651761581
10,32,0.11059857697412608,0.29980570108178833,0.2984841936247266,0.3826906693463252,0.0625351112669176,0.11776520263898312,0.0010205883975546999,0.00153587091549803,0.5,0.8,0.8,88,0.216070581495004,0.0933498628846127
10,33,0.10706690239691115,0.2900102472831811,0.2939919694116035,0.3969642218574668,0.07918167361773841,0.11845731363475591,0.0008825491306084299,0.00111278195477862,0.5,0.8,0.8,91,0.1806860362860667,0.0897256890310519
10,34,0.10968868797644896,0.29198932658658355,0.30253347603953784,0.4277947147314631,0.06834998428095498,0.12817329762054303,0.00055238107037018,0.00041876026913264,0.5,0.8,0.8,98,0.1768285347335101,0.0750800014620939
10,35,0.10650562466514164,0.28460312306988134,0.2875250524036368,0.4368585936188837,0.062390788465458626,0.12189842673836343,0.00064113544535935,0.00047464181967509,0.5,0.8,0.8,103,0.1997664867299025,0.1011965175107136
10,36,0.1075222027318021,0.2820758192439684,0.29093134028849527,0.4486254365032315,0.08503582898622798,0.1284117382367739,0.0007034433123122199,0.0005220122474982,0.5,0.8,0.8,105,0.1688583747145915,0.1086425750293314
10,37,0.10676127165542253,0.28743877260156864,0.3110444264054055,0.5226537592003915,0.0653357873022502,0.12724074105998293,0.00107416369420838,0.00042120091317748,0.5,0.8,0.8,118,0.1871393560270213,0.0910383418598838
10,38,0.09882159924354106,0.27171309472615307,0.2936404448274071,0.5065159099323385,0.08033571300753582,0.1161004123454902,0.00096845318714513,0.00054910115090638,0.5,0.8,0.8,120,0.185560523557939,0.107643884638993
10,39,0.09873493188272928,0.2714524246525,0.29334243857345166,0.5101535339654654,0.06016986191877968,0.11603134109090835,0.0009708861533843901,0.00054701632617726,0.5,0.8,0.8,121,0.1976309015343611,0.1075782621581359
10,40,0.09791188844156323,0.2715256907183527,0.300330282308161,0.524439851451678,0.07403794053348355,0.11602543813591527,0.00097059812954479,0.00054866225615893,0.5,0.8,0.8,122,0.1858804643825931,0.0970618555427353
10,41,0.09565860979890504,0.2832902035869245,0.3486959983980293,0.5717528469737375,0.06009048901265902,0.11400184055340931,0.00066493219833899,0.00098768477904537,0.5,0.8,0.8,135,0.1545916809663017,0.0722255073320623
10,42,0.09855501609691375,0.3000147378297842,0.39526300951671167,0.7128511107255763,0.06174577445619584,0.12035014158974178,0.00066655214389776,0.00099973592873796,0.5,0.8,0.8,158,0.1550532653876545,0.0719839977079555
10,43,0.10136134026960217,0.3061649066624612,0.4088457114230028,0.7771422176684942,0.06475008415789674,0.12637251011877132,0.00064399458728234,0.00092766488355472,0.5,0.8,0.8,169,0.1512753378524324,0.0785070948636204
10,44,0.10034344255498738,0.28989919347996607,0.36244433447086305,0.7837617423936025,0.06386790912747192,0.12521387274759047,0.0006498843851425399,0.00045978450240481,0.5,0.8,0.8,174,0.1757404781732729,0.0876440604802486
10,45,0.09917928477207424,0.2833560548016017,0.3547638513132633,0.8008664616686536,0.07807026849243384,0.12576020929900766,0.00072216078958012,0.00048505881473217004,0.5,0.8,0.8,176,0.1637838395842617,0.0917685342307568
10,46,0.09880750387881904,0.28522214081186914,0.36383423813521665,0.8078447803931897,0.06774700129717691,0.1258702985783553,0.00071950867677542,0.00046232514859357,0.5,0.8,0.8,178,0.1764078230183434,0.087277843678082
11,0,0.9431655719008564,0.9811791130512624,0.9780742557914645,0.14412873979155125,0.0,0.0,0.0,0.0,0.5,0.8,0.8,1,0.9958437412147616,0.7596908700388042
11,1,0.7977439805564622,0.9505435479869807,0.935961688695568,0.16797696094881828,0.1824171211771836,0.0778194371698391,1.754155280119e-05,1.463755218458e-05,0.5,0.8,0.8,3,0.8797031512390117,0.5489347684964168
11,2,0.5081101588417366,0.8030445999592795,0.762368993112919,0.13715606407114722,0.7020374836266692,0.09874301094874366,0.0001672101760943,0.00013118813950056,0.5,0.8,0.8,4,0.5425929145238167,0.2379840071894365
11,3,0.3973553832462818,0.7186211435959787,0.66399586246375,0.119490542654694,0.2241388846107668,0.09911325034119436,0.00012956939520618,0.00010734194410419,0.5,0.8,0.8,6,0.3767756012491388,0.2043743240121191
11,4,0.3870936285642954,0.7135712557668752,0.6646014172965432,0.12976767939075204,0.07549441693455974,0.10405863585082846,0.00014536670885403,0.00013535822939146999,0.5,0.8,0.8,8,0.406346339658506,0.1799193159216527
11,5,0.3231278445794881,0.6500558945420732,0.5896935623036967,0.11833669142619849,0.20022120106929522,0.11511721496083036,0.00015368404335891,0.0001442651008668,0.5,0.8,0.8,10,0.3427680507877554,0.2814135698350831
11,6,0.3228862176745762,0.6498064077006088,0.5894301751052989,0.1204205813108417,0.057979607215757976,0.11479020364198919,0.00015290549167651,0.00014289528224147,0.5,0.8,0.8,11,0.342545993365047,0.2796971810939332
11,7,0.32313146087733735,0.6537461182955276,0.6008551791107282,0.1245745979670299,0.05876410859141421,0.11558287575158313,0.00015808153376576,0.00014846578729899002,0.5,0.8,0.8,12,0.3439396941549988,0.2890942927520772
11,8,0.3227656381748601,0.6533645286980945,0.6004460869469308,0.12669487395997156,0.058509940912663434,0.11515742717349513,0.00015710639654227,0.00014682116796265,0.5,0.8,0.8,13,0.3434039683236649,0.2856251842041635
11,9,0.30528446803377635,0.6338498249174919,0.5780832337625257,0.12359681156760165,0.09119119304981224,0.11051491990377649,0.00020365793254269,0.00018939333251245,0.5,0.8,0.8,15,0.3034348567775006,0.3607842531259567
11,10,0.28955244959391746,0.6072564283914215,0.5323913664413318,0.12784053611509547,0.1669428826574126,0.12132467279274882,0.00030331978341782,0.00020604328549159,0.5,0.8,0.8,16,0.3191570145653268,0.245043581860864
11,11,0.2702154078763336,0.5811410247643662,0.501965247238292,0.12529888830396488,0.16523814653807345,0.12142239002396768,0.00028091069457235,0.00018623420556055,0.5,0.8,0.8,17,0.2186612163202777,0.2571033197996452
11,12,0.27019270318972777,0.5847015467847442,0.5130178561438042,0.12729591989589656,0.06111276525261912,0.12132467279274882,0.00030331978341782,0.00020604328549159,0.5,0.8,0.8,18,0.3158029459065085,0.2634369179950678
11,13,0.2642140881169019,0.5735607949289929,0.4987342891208918,0.13737004658055899,0.14890473707395185,0.13679157944735573,0.00040111777472894,0.00032926781570091,0.5,0.8,0.8,19,0.2633679521791519,0.2530088779448985
11,14,0.25357602803967966,0.564897928494611,0.49675239880919353,0.1333522685995141,0.08144573149126991,0.12268822793490633,0.00019502244887343,0.00019731627990576998,0.5,0.8,0.8,20,0.2228606901080026,0.2992497412763654
11,15,0.23197378948376643,0.5377905322440478,0.46691186707679827,0.11304864561491655,0.11926869471768,0.1015487137116559,0.00022872064327393002,0.00020135432420556,0.5,0.8,0.8,21,0.2797145155989288,0.2048239309383894
11,16,0.1971514085086803,0.4749110205638585,0.3927342048620063,0.10469960531545484,0.3391084806140111,0.11283859453986086,0.00020355007399685998,0.00017910416391758,0.5,0.8,0.8,22,0.1787001273984385,0.2042776786605868
11,17,0.1403522202091461,0.33720590630209946,0.23148841129708056,0.07249200773263055,0.35601341671281533,0.12282881447662354,0.0001874803233488,0.00019176911955394,0.5,0.8,0.8,24,0.1066452260541806,0.0686126897735995
11,18,0.14035221996926037,0.33720590641636966,0.23148841141135082,0.0750621564087375,0.061717852090204084,0.12282881470351974,0.00018748032277447,0.00019176912115594,0.5,0.8,0.8,25,0.1066452269163835,0.0686126896588503
11,19,0.11246483575903715,0.25212667025415336,0.1461430498686898,0.061930766203755316,0.18940657979128458,0.12318340700946175,0.00021133648282007,0.00021249189096049,0.5,0.8,0.8,28,0.0597317042846465,0.0449144317960728
11,20,0.10297583645053489,0.22473597190699815,0.11479502792151668,0.09010029236107392,0.06842255546449674,0.11638779161007554,0.00022939623111636003,0.00018863122517712,0.5,0.8,0.8,38,0.0910874296126485,0.1452104711258139
11,21,0.09213499510265974,0.1927422019189505,0.08496596594796546,0.08619362300114038,0.12214515799264597,0.1098109506044166,0.00024286290548629,0.00019059554918804002,0.5,0.8,0.8,40,0.0783690264910278,0.1239262451302779
11,22,0.09869297356926064,0.2335189740093279,0.20027495258478345,0.25941524135581684,0.063078082889935,0.12432142376803985,0.00027809504902641,0.00030672172098597,0.5,0.8,0.8,74,0.0662535098120972,0.2369629189302487
11,23,0.09697522756313896,0.2303852997580335,0.20357479349805924,0.27443425494264817,0.06909008010358814,0.12362896218610804,0.00040812556296656997,0.00024367125030990002,0.5,0.8,0.8,78,0.0726094738765619,0.1728826287426996
11,24,0.09696149398734077,0.2377357829615883,0.22594197924486495,0.30917958277487845,0.06238649150367161,0.12362880136136586,0.00040843979947596,0.00024621441756875,0.5,0.8,0.8,84,0.0725221059055348,0.1726202190273318
11,25,0.09625400516538829,0.23555809423583993,0.22345542777734015,0.32702627559719577,0.06396951292103538,0.12312432398958259,0.0003283282958346,0.00025977225428606,0.5,0.8,0.8,88,0.0682088248116241,0.1890734778871662
11,26,0.0951831494240452,0.24141435375354814,0.25097394429995706,0.3650404145699661,0.06524334201534429,0.12320531271909724,0.0003798307496682,0.00023719975603911,0.5,0.8,0.8,95,0.086123581192264,0.1912140433810935
11,27,0.09428452197328531,0.2328776209156606,0.23410359369103068,0.3407890163695228,0.0827177927263354,0.12203522523986352,0.0004919479761702099,0.00103139940991027,0.5,0.8,0.8,96,0.0930460617965563,0.2447901682056822
11,28,0.09245881073880896,0.2248829509395501,0.22482846857128716,0.37424837915953363,0.06657717239400006,0.1217820656096001,0.00039189639468904005,0.00099862839503397,0.5,0.8,0.8,103,0.1017221908311879,0.2123815457549598
11,29,0.09245095242388883,0.22854816545189113,0.23600024500369093,0.3886133057127873,0.062103821566918446,0.12178058355477701,0.00039213305005617006,0.00100161175976714,0.5,0.8,0.8,105,0.1015307574071012,0.2124061912645205
11,30,0.09235202981323305,0.2278832617966101,0.2352182662488158,0.4114317928938214,0.06246832387630757,0.1218746365938942,0.00039258513784511,0.00099846637294167,0.5,0.8,0.8,112,0.1022805321632401,0.2119671007825933
11,31,0.09231769726385197,0.22774793339329197,0.23506204360953037,0.42259211903257066,0.06230273709915213,0.12184974027202658,0.00039406781053953,0.0010016586982108,0.5,0.8,0.8,114,0.105974675394471,0.211136650762262
11,32,0.09199573453410105,0.22978639107728097,0.24433574816148518,0.43687499991890755,0.06555098113475975,0.12188699666211526,0.00039400064254616003,0.00100284986204363,0.5,0.8,0.8,116,0.0973390920357151,0.2124355928997046
11,33,0.09195246398591946,0.2333134400238707,0.25534816359263107,0.4478354500837072,0.06241704409575137,0.12187635115830521,0.00039242965654091,0.00100134305814349,0.5,0.8,0.8,118,0.0957727972613609,0.2124361526539072
11,34,0.09143188145881093,0.23124039168870159,0.2529546231496493,0.5115839673110784,0.0627254781235419,0.12276391041301703,0.0004191487582291,0.00025704601901165,0.5,0.8,0.8,128,0.0810901514093484,0.1848479349326815
11,35,0.0911928346491814,0.22632865216218873,0.24033035717346551,0.4170004066766612,0.06291101601437701,0.12276391022051034,0.00041926078680339996,0.00025704601340205,0.5,0.8,0.8,133,0.0792781598217767,0.1839488160513024
11,36,0.09103931673242688,0.23672158841613916,0.2731456931351015,0.5570962939616535,0.062198449083040966,0.12268389097305116,0.00045090063353913,0.00026607048068833,0.5,0.8,0.8,144,0.0986675648770482,0.1979217045096745
11,37,0.08970954905560291,0.23000558327735826,0.2653233373854404,0.5629040658847612,0.08947607743278038,0.12257912894635602,0.00050525161773195,0.00026532984332171,0.5,0.8,0.8,145,0.0849550492826218,0.1994659672645935
12,0,1.0,1.0,1.0,0.1493741180123649,0.0,0.0,0.0,0.0,0.5,0.8,0.8,1,0.7512946644302961,0.7553220928036443
12,1,0.8624974639794821,0.9839535163713068,0.972909176226601,0.1859193376227134,0.18897495192071062,0.10173503179213075,1.806659977274e-05,2.5021892736409997e-05,0.5,0.8,0.8,3,0.6583691343030051,0.5493105570187297
12,2,0.4952523348061027,0.794357030179524,0.7522007129697562,0.13494277710850808,0.827796370197516,0.0989296526837541,0.00024396007576038,0.00029789190312578,0.5,0.8,0.8,4,0.4351324408996769,0.2219932747795621
12,3,0.4819144467627663,0.7885680132545543,0.7524389704358883,0.14374810237409738,0.06800499478504772,0.09792488881983688,0.00024732532841681,0.00031581615419911996,0.5,0.8,0.8,6,0.4054355711092729,0.2075045795576326
12,4,0.4632857153996259,0.7752185425932908,0.7367834694622029,0.14535563926912975,0.06445812567286976,0.09906605939492218,0.00031658966937153003,0.000319763647365,0.5,0.8,0.8,10,0.4579854676228265,0.3271613490362172
12,5,0.43699782736409815,0.7550335856285824,0.7133486868521223,0.14165078605179854,0.13080627126285999,0.09817220507714536,0.00025771065995494,0.00033051442954574003,0.5,0.8,0.8,11,0.4462635483970348,0.2444816863670439
12,6,0.43280085445697425,0.7554020698593404,0.7207014851888095,0.14559781305785516,0.0626849158380981,0.09771363077991754,0.00032244735321866,0.00039065007950468006,0.5,0.8,0.8,12,0.4157910848983403,0.2550448540566852
12,7,0.41623625360825944,0.7427319292748781,0.7052099586286024,0.14636262185143878,0.12440031343697598,0.10615064778752742,0.00042960092030975,0.00055096402738376,0.5,0.8,0.8,13,0.4907502385186657,0.2306813849752216
12,8,0.38867977113350205,0.7226431027715624,0.6886097670134792,0.15051542254942046,0.15512135854133363,0.10811951195943581,0.00020255654177366,0.00030177635538586003,0.5,0.8,0.8,14,0.3689070865368058,0.1789270775921644
12,9,0.3743316670903713,0.7054975871961638,0.66239240604001,0.14646158108310325,0.08941133638853134,0.09999518936064676,0.00026271717839433,0.0003269602364711,0.5,0.8,0.8,15,0.4043217742670946,0.2076430978415647
12,10,0.3615644066247074,0.7010258595153442,0.6704095935642207,0.1498150275863812,0.11747822463434701,0.10698148028143967,0.00026208240006883,0.00033966222191957,0.5,0.8,0.8,16,0.2949558016230076,0.1477052151721901
12,11,0.33215467462267084,0.6638478085998579,0.6133303299925658,0.14401765775023181,0.17557895052042619,0.1065495125690022,0.00026544955502104,0.00032992538828915003,0.5,0.8,0.8,17,0.360246794359317,0.1887613947309254
12,12,0.3206850234365646,0.6552494549100598,0.6102943767464536,0.14450826823406773,0.10210225791226916,0.10537392052272336,0.00033193969382398,0.00040236706239671,0.5,0.8,0.8,18,0.335854593767126,0.1761346907399466
12,13,0.3117012957147151,0.6451152922918001,0.598319591326105,0.14346326643408253,0.10030209079911076,0.10759780388009324,0.00026735975188281,0.00035601800600134,0.5,0.8,0.8,19,0.3196132276713641,0.1393117229789903
12,14,0.30541904273098025,0.6416146268947568,0.6011225327629391,0.14760522992610728,0.0847233222877868,0.10736058010095907,0.00042113938035616,0.00051043389653011,0.5,0.8,0.8,20,0.332865652811826,0.1650454972101571
12,15,0.29310756623632694,0.626843930670066,0.5837687870348746,0.14692725738505494,0.11987615125265329,0.10934672809874753,0.00034818209393213,0.00045094832158415997,0.5,0.8,0.8,21,0.3113311568564901,0.1209628221022485
12,16,0.2926586643314646,0.6260638214601592,0.5826833295282106,0.14576929153964552,0.06401613941926279,0.11117039433941511,0.000427705864573,0.00057031731670012,0.5,0.8,0.8,22,0.3267222590901561,0.1174720526986504
12,17,0.29018773257699587,0.6267345050918647,0.5903595793293663,0.15226864504521484,0.06915334910300154,0.11132051550376393,0.00041132260786867,0.00054827629777783,0.5,0.8,0.8,23,0.3190070317813796,0.1177087368126831
12,18,0.2553208828219796,0.5847561993135226,0.5484790488200073,0.1558678375601107,0.14841501787673636,0.11047249265749116,0.00027277007051851,0.00030242331367647,0.5,0.8,0.8,25,0.3087995637917051,0.1826658619809499
12,19,0.2300838388487642,0.5496680637662934,0.5141723319358761,0.14650732230428912,0.14188330692152767,0.11406729373165513,0.00040167709727356,0.00044465703898013997,0.5,0.8,0.8,27,0.3073450291478672,0.188208412950187
12,20,0.22705011262254346,0.5446734152781479,0.5083199175488132,0.15124239893187036,0.07936426465042104,0.11446786692597405,0.00039432009109077997,0.00045814410245173997,0.5,0.8,0.8,28,0.3086148657445076,0.1866979398273872
12,21,0.216420262612054,0.5291355440146345,0.490724010493909,0.1476902661087011,0.08057849684881718,0.10873073056611182,0.00029331531594568004,0.00031642416457485997,0.5,0.8,0.8,30,0.2590867508798142,0.1420870740962342
12,22,0.21113906922242712,0.5193212907602279,0.47907112372683935,0.16502649241843742,0.10277166349354605,0.11123066006367384,0.00032281636860526997,0.00038827477187481,0.5,0.8,0.8,31,0.2792737076275083,0.1418677795306246
12,23,0.20001117045505945,0.5030052024393478,0.46697215916838586,0.14628753804946162,0.137988881083952,0.11103555103375166,0.00037568553788641,0.00040794076588380996,0.5,0.8,0.8,32,0.2570088592744207,0.1649734109191475
12,24,0.1962889936434055,0.4913573110042498,0.4463145714802022,0.1559813302813148,0.09465157244914696,0.11322811560315,0.00039357614771831,0.00042857921222845004,0.5,0.8,0.8,33,0.2551735828007686,0.1502027733127967
12,25,0.17067711980026445,0.4476419715542844,0.40934466159446625,0.1461978755558683,0.2641561030873849,0.11174423823456166,0.00029464110739032,0.00029804668198586996,0.5,0.8,0.8,34,0.1919478394676736,0.2072757688012559
12,26,0.16708837284447836,0.44388403972041535,0.40484312233727804,0.1752176713494837,0.07042741506456711,0.11340553658684224,0.00024478160520878,0.00024670277173915,0.5,0.8,0.8,37,0.1754860760438103,0.1380220502053862
12,27,0.14171805224844147,0.37593718252035796,0.32573982040461885,0.15592124670380866,0.18519561703919596,0.11274380526736835,0.00025224082175099997,0.00025355439780548,0.5,0.8,0.8,39,0.1570995760492455,0.1307490414908342
12,28,0.14033364515994526,0.3800634920689882,0.34439894975537705,0.18356779496880476,0.059588678446455226,0.11219718911400303,0.00025080071829988,0.00023562101022567001,0.5,0.8,0.8,43,0.1509605100491795,0.1373159197967143
12,29,0.13930288368448007,0.3838487236464513,0.36254066825241427,0.19777279790127641,0.06533368951648269,0.11299429739050211,0.00027662560206161,0.00026006687586924,0.5,0.8,0.8,45,0.1583532299262022,0.14037243175958
12,30,0.13619983185132087,0.37164068360202945,0.34144112868940774,0.19112833940189017,0.06825317460139724,0.11267700847971096,0.00027765419758159,0.00027046794831576,0.5,0.8,0.8,48,0.1547152472253501,0.0786783176018343
12,31,0.13418323485677483,0.3729105457820441,0.356696253629849,0.21705522910188907,0.08304885660365531,0.11308903510502243,0.0002748010364153,0.00023284041670261,0.5,0.8,0.8,49,0.1558663702830812,0.1290515208496982
12,32,0.13353292524498214,0.37100021651007453,0.35447006621105076,0.22301204628537613,0.06485202417564179,0.11309526624259046,0.00027547759645712,0.00023367005983999998,0.5,0.8,0.8,50,0.15575059010558,0.1292285589676645
12,33,0.1314640216194418,0.371462132558032,0.36214958772554634,0.23992708963452977,0.05700696664520619,0.10948958808051137,0.00046997669242658004,0.00048044804943872,0.5,0.8,0.8,55,0.158695145357032,0.0957638621227739
12,34,0.13113300143398676,0.37220718731318664,0.3697482867376116,0.25289561276678574,0.06493434711875813,0.11189884396828938,0.00043359409100392004,0.00031035777888893,0.5,0.8,0.8,57,0.168932344283453,0.1043519245345086
12,35,0.1271206178711553,0.3638572247952338,0.3603217792950929,0.23622170111240529,0.08192703090372011,0.10847706206063369,0.00031180887127025,0.00029062214241685,0.5,0.8,0.8,58,0.1324936598187687,0.0884292743784396
12,36,0.12397460501634473,0.3462944873609001,0.3459141041266494,0.25673733520061576,0.08154418575569106,0.11877196935458052,0.00031202129279847004,0.00029539113411074003,0.5,0.8,0.8,63,0.1351832913698981,0.0839912659884418
12,37,0.11247188835250148,0.31605670698058946,0.31797783410757763,0.25723936084195215,0.09010740723899964,0.11391847465463491,0.00032163342248151997,0.00038251206700467,0.5,0.8,0.8,67,0.119026456025937,0.0873991367915582
12,38,0.1118315326919086,0.31690587511746643,0.3258359992728354,0.2743458079606906,0.0640428347661491,0.11431652382046631,0.00032338255561789,0.00038435192076794,0.5,0.8,0.8,69,0.1172733969836773,0.0880100054720884
12,39,0.1114655806099321,0.3155760599264949,0.3242874109902037,0.28818002325568043,0.0590883079849557,0.11427051952373118,0.000348982062867,0.00038284427656722997,0.5,0.8,0.8,73,0.1197105349052262,0.0878945057662139
12,40,0.11001630743734805,0.31077707839480007,0.31873060937375,0.29735122499666516,0.07646929112993946,0.11386346473122284,0.00034480829618044,0.0003847279705965,0.5,0.8,0.8,74,0.1166847135960115,0.0838818612393419
12,41,0.11082044785741722,0.310784691593046,0.31855874417694374,0.3372111700379016,0.060852606760394855,0.11587526202241867,0.00038758885903423,0.00045424242165778,0.5,0.8,0.8,76,0.1248477768086716,0.078170152988271
12,42,0.10856732002333105,0.3104515119827328,0.3320194214184663,0.33721231331990187,0.06606273600499693,0.11520196160627322,0.00040870627527614,0.0005177157671256,0.5,0.8,0.8,80,0.133376537666824,0.0749628727649092
12,43,0.10916390996094175,0.3109251336619929,0.3324652267008377,0.3673017403956104,0.0591632580412856,0.11635689445127081,0.00043405033466333996,0.00057331047445718,0.5,0.8,0.8,84,0.1190496279341908,0.0722983520149246
12,44,0.10816128645682668,0.31206541094719975,0.340770088438301,0.38386327361262823,0.06290036541713642,0.11559440076806322,0.00039893091683964,0.00052237320403223,0.5,0.8,0.8,86,0.1243581570978914,0.0739112313283626
12,45,0.10768158682362063,0.3175563706637828,0.3609664892122581,0.4014066391335859,0.06018182385960658,0.11560549822471611,0.00040981468771781,0.00054116202613826,0.5,0.8,0.8,91,0.1252354350284704,0.0744367661374599
12,46,0.1079023333714484,0.31352293373313667,0.34929666502402124,0.39847191212555755,0.062111357893687005,0.11636100357068055,0.00045044098164366,0.00054949022799326,0.5,0.8,0.8,92,0.1237202257555603,0.0651112238524789
12,47,0.10536057107354893,0.3122450265309522,0.35499122130331856,0.5068280203385581,0.058217810147559355,0.1129989633424413,0.00047600903298502,0.0004955276751249,0.5,0.8,0.8,111,0.1234274372316184,0.1091480058697928
12,48,0.10398214314140351,0.3221505848919961,0.39416735719454576,0.6192155501913088,0.05791447596965006,0.11262467793767206,0.00049019532462135,0.0005061202256083799,0.5,0.8,0.8,129,0.1235799376230357,0.1079385762903437
12,49,0.10430862736332418,0.3230861640024334,0.3952373223593641,0.6385098293733309,0.05798990093676798,0.11290139048445322,0.00047978485270418,0.00049478136291766,0.5,0.8,0.8,132,0.1221093481129198,0.1085033986559751
12,50,0.9033536075534618,1.1219091871181066,1.194011359074698,1.473537488281388,0.8568675608962767,0.11182554942968946,0.0005469070129557201,1.0,0.5,0.8,0.8,134,0.117806628625604,0.12182558971935
13,0,0.961468528721043,0.9873567764253498,0.9852710988692541,0.14585045254344722,0.0,0.0,0.0,0.0,0.5,0.8,0.8,1,0.912646890956233,0.7540259584169704
13,1,0.7989107175825897,0.9545781590964255,0.9396524877590581,0.17351419898623965,0.20557444481281043,0.09004237758893824,1.97544396476e-05,2.145181911544e-05,0.5,0.8,0.8,3,0.9161840178664364,0.5545500628955955
13,2,0.48097785409786714,0.7842918146099278,0.7404972260064734,0.13204190747105726,0.7715815907633381,0.09881665141559753,0.00021637076483267,0.00022801463586082,0.5,0.8,0.8,4,0.496561582205981,0.2210816952255037
13,3,0.4568567317258148,0.7703754143762758,0.7311690302581706,0.13901187894874706,0.08645661784499747,0.09900000527180362,0.00023550207390759002,0.00023266062039474,0.5,0.8,0.8,6,0.5048276352728016,0.2189805459095669
13,4,0.3640275244673943,0.6920595753358323,0.640028901005493,0.12283780265568073,0.2096197377245165,0.09824790378703421,0.00012338474504678998,9.20168739058e-05,0.5,0.8,0.8,8,0.3973564992033767,0.163423484337697
13,5,0.34571643080079084,0.6779047340527391,0.6298272323474642,0.12658735900582485,0.09753850577492941,0.1055068918803349,0.00019094994963674,0.0001391639475539,0.5,0.8,0.8,10,0.4018649240403027,0.1509388857762413
13,6,0.32281860674784013,0.6506296356467401,0.5921216980511735,0.1272246596322771,0.05928164868698774,0.09360082243519596,0.0002818192620037,0.00012994231672388,0.5,0.8,0.8,16,0.4125208461336996,0.1947975780779539
13,7,0.3157219748685127,0.6572378180387627,0.6264966451151954,0.13444650712410028,0.1100676478441075,0.10456947428975387,0.00033659778190685003,0.00028350521323536,0.5,0.8,0.8,17,0.3812287300010869,0.2397333524739484
13,8,0.31558234421419307,0.6533383529420234,0.6150021404120813,0.12660111023909604,0.055100777651451584,0.10524111412107617,0.00031613298176015,0.00025935149086091003,0.5,0.8,0.8,18,0.3854210955928105,0.2102517443694867
13,9,0.27364256415162835,0.5999684981981147,0.5463095612946602,0.13438319250474595,0.24599306002858443,0.10066661911737011,0.00025549006209936,0.0002702273131498,0.5,0.8,0.8,19,0.357282306127047,0.1152610923779503
13,10,0.2609203419248876,0.5834049579353977,0.5271014238495688,0.12597536578473906,0.08327457492695525,0.09961086413873599,0.00026150203624093,0.00025845084605907,0.5,0.8,0.8,21,0.3221661189364623,0.1337300594585775
13,11,0.24489251088516537,0.5579659762255755,0.4907862653740742,0.12159838156771646,0.1329237147356179,0.0967864010525719,0.00033088203060079003,0.00026687208269024997,0.5,0.8,0.8,22,0.2792104831981996,0.1612484182442855
13,12,0.2213537759074136,0.520533118775428,0.446656150322851,0.11610135401370367,0.21949009146834325,0.10336493429791721,0.00029943213583119,0.00014240211150606,0.5,0.8,0.8,23,0.3338141651894968,0.1289666941780299
13,13,0.22010265365358067,0.5220980961310993,0.4553505731043186,0.12494051759320632,0.06184890589272041,0.10372830533961783,0.00029440859981767,0.00015458869309741,0.5,0.8,0.8,24,0.271032790639198,0.1722444011799476
13,14,0.20124687133922534,0.4929933547505249,0.4282188218643642,0.1238915408337017,0.1915526496880502,0.10506410704382978,0.00038316872944769,0.0001997406845401,0.5,0.8,0.8,25,0.2687920508355637,0.1711134797567578
13,15,0.1804144456518508,0.45917297356125825,0.3960316354116557,0.1178442515124061,0.10059607591828458,0.10134943088800685,0.00034832585342769,0.00020529962436039,0.5,0.8,0.8,28,0.2089757280196575,0.124038680146881
13,16,0.18209404363232784,0.4543776459666381,0.38287222304356167,0.12957931746189325,0.06512253200693097,0.10952038807887109,0.00034771554528054,0.00018155421533916,0.5,0.8,0.8,30,0.2534796324244995,0.1791609361143963
13,17,0.167845532048386,0.4399606978207246,0.38741414836097626,0.13437127750157898,0.09654982724028957,0.1018687740201874,0.0003275564360261,0.00020620375229203,0.5,0.8,0.8,32,0.1943418490145696,0.1196475456335997
13,18,0.1658975544076529,0.4252730518254785,0.35611332207170626,0.12170495937176957,0.09264457335350049,0.10681639191155463,0.00023205556327815,0.00013225112437025,0.5,0.8,0.8,33,0.1988080810337778,0.1355346494345332
13,19,0.1628836152690595,0.4325297149124185,0.38565947403652706,0.13428617165535198,0.057602466957175656,0.1018687740201874,0.0003275564360261,0.00020620375229203,0.5,0.8,0.8,34,0.1889170133464982,0.1241343614470926
13,20,0.13258299887373826,0.3424295176865831,0.26628844307528643,0.11246180482399486,0.4118023471797911,0.10904232294076978,0.00039600086863226006,0.00022107495319951,0.5,0.8,0.8,35,0.1784539783213166,0.1215238673669165
13,21,0.1297592756189825,0.33415308497878043,0.25664206492077657,0.11018109011411241,0.0896762261978244,0.10909868794473279,0.00039447363706846,0.00022217296780254,0.5,0.8,0.8,36,0.1696509756154677,0.1148845394904232
13,22,0.12010438446832113,0.31046323301603745,0.24279429457795784,0.12376615475244483,0.09824244263264204,0.10989000230844367,0.0003365982006721,0.00019636204634237002,0.5,0.8,0.8,39,0.159597104826763,0.0960182631401663
13,23,0.11142607482480664,0.2803940200703553,0.20774044649496026,0.1247861904073773,0.09706142214923465,0.11008334699880057,0.00036755523587058,0.00022762464560431,0.5,0.8,0.8,42,0.140080205889036,0.0816125760786235
13,24,0.11006334303709596,0.27867797393706734,0.21261178866516667,0.1320822261171165,0.06729989108514838,0.11047400954132124,0.00036526555626133,0.00022609459785303998,0.5,0.8,0.8,44,0.1412581925580102,0.0783352179622484
13,25,0.10956363300474388,0.28072869094763325,0.22191333412343592,0.14032610085904426,0.05894387584591269,0.11034837625311884,0.00036567822355404,0.00022641530690168,0.5,0.8,0.8,46,0.139626745619967,0.0782213498066953
13,26,0.10682497952809064,0.2738192677474687,0.22073643960988618,0.15524988375086365,0.0670338312891948,0.11047768941112251,0.00048791512277812003,0.00024955313021476,0.5,0.8,0.8,50,0.1698453475947065,0.1022919482782237
13,27,0.09865344467588986,0.23959311374593253,0.17405978310908293,0.15362994300571398,0.1788567277544259,0.10950227278696234,0.00038169087969497004,0.00022289823426737,0.5,0.8,0.8,51,0.1857848846405123,0.134158436452503
13,28,0.09168171954195042,0.2162279871132407,0.14716924159529873,0.16398010971957927,0.0707757078975491,0.10539769790800013,0.0003917259039998,0.00028455825121548,0.5,0.8,0.8,56,0.1163393961011166,0.0895672969665582
13,29,0.09129294769258522,0.2162275739804807,0.1607022757492409,0.16561646243158573,0.09233171456703122,0.10837815250645248,0.0005324763702353899,0.00033376827115116,0.5,0.8,0.8,57,0.1371835803181973,0.0729293336705381
13,30,0.08602722239181954,0.19281970853350042,0.1267458449876106,0.16593454900008878,0.1296795436859395,0.10609795828654806,0.00038682939577752,0.00027383170414752,0.5,0.8,0.8,58,0.1122142306989042,0.0818884138821343
13,31,0.08644195311943179,0.1939602827821137,0.14827363895682838,0.20472631943800093,0.0626118954111659,0.11192250688071846,0.00053336163019116,0.00033313271778744,0.5,0.8,0.8,67,0.14063044342247,0.0865281818767973
13,32,0.08443719269382606,0.18739418027507546,0.14752079200341225,0.20457340027525,0.0992265685208874,0.11196531552745219,0.0005438032311693,0.00033950480828866,0.5,0.8,0.8,68,0.1397335112543196,0.0850430831014504
13,33,0.08342874401224984,0.18998393626138757,0.16435742451956786,0.2345037857559039,0.05985450705005683,0.11181237824224408,0.0005315940588541299,0.0003320101220015,0.5,0.8,0.8,74,0.1388355279689261,0.084504136283546
13,34,0.08135863571377769,0.18568568335723057,0.15960467535689377,0.2391586150106049,0.06641891505759567,0.10877013914337595,0.0005132511415429401,0.00032266287925976,0.5,0.8,0.8,75,0.1660677280488953,0.1146205372694374
13,35,0.0818765998340756,0.18881108399399463,0.17001952824290006,0.28047548354276813,0.056302462784381856,0.10980491136556901,0.0008092456932888001,0.00035261208308848,0.5,0.8,0.8,87,0.1643246816972216,0.1032255773633798
13,36,0.08132307840845376,0.1901074006722121,0.17845175388420279,0.28329957463450317,0.0604403813787466,0.10957860061943359,0.00080408476148656,0.00034892584594167,0.5,0.8,0.8,89,0.1548645088284152,0.0981646990701444
13,37,0.08066268097478017,0.19872911822878603,0.20924079577105134,0.3280107163647964,0.05704681198100552,0.10919565720274373,0.00076856469764357,0.00033337634538926,0.5,0.8,0.8,95,0.1601111945721206,0.102521804026381
13,38,0.07755855542610945,0.1802380065121606,0.1741100728979274,0.3660464378741345,0.059209924789702946,0.10633396813289653,0.00073956959993467,0.00051947649572003,0.5,0.8,0.8,103,0.1385924836510247,0.1142266269195665
13,39,0.07648643095511222,0.17095400069374,0.16317601466054324,0.3813456477066663,0.0961510125411658,0.10773393286660612,0.0007610347879488,0.0005206776828976,0.5,0.8,0.8,104,0.1431670223825401,0.121923707571372
13,40,0.07678147082439503,0.16674087050729444,0.16483636261536672,0.38217353935454135,0.06717352094529414,0.11173139200149895,0.00078255529614869,0.00052946183883917,0.5,0.8,0.8,108,0.13140216194048,0.1164411987285104
13,41,0.07387976435491564,0.14849167545110856,0.1435495082010904,0.38792677408798965,0.09505594798002265,0.11206057572560123,0.00077741877606261,0.0005342459753199401,0.5,0.8,0.8,110,0.1335990459406973,0.1208414235200011
13,42,0.07406321552390795,0.1468146400406821,0.1415064639674927,0.4132353596820229,0.06067190236045839,0.11314087911514112,0.00077961595795061,0.00053385114435233,0.5,0.8,0.8,113,0.141836712266746,0.1257975509336139
13,43,0.0748124705085073,0.18247786372491748,0.2518813062468601,0.4659198984425832,0.05923279049760062,0.11576057672528912,0.00077444171988383,0.00037079202684358,0.5,0.8,0.8,138,0.1225642053145807,0.1334570201107688
13,44,0.07192369199620631,0.17377606352860378,0.2488313160931694,0.5043315119713289,0.08089792253737568,0.11353621598574054,0.00077606128048058,0.00035682856155881996,0.5,0.8,0.8,140,0.1188212263291639,0.1503671894392157
13,45,0.07036140026129262,0.17383933817270797,0.2627941212780755,0.49399922501224736,0.0713221614218023,0.11246831566183595,0.00077079206868931,0.00038803729451229003,0.5,0.8,0.8,142,0.1211236932147107,0.1186853505791436
13,46,0.07034702498227723,0.173758814938486,0.2627007020806669,0.49397520467863376,0.057322445726438576,0.1124626607048497,0.0007714913790048,0.00038783082978693,0.5,0.8,0.8,144,0.1211263805648014,0.1189363258760552
13,47,0.07039852016233378,0.17750299318421556,0.2739560201723524,0.5243831901537562,0.0572219594552638,0.1125774503504806,0.00076730738324971,0.00038651425560347,0.5,0.8,0.8,147,0.119354576729166,0.1159741096846768
13,48,0.06962438738773026,0.17641471226028166,0.272807044303924,0.5202888961765089,0.057958677965258915,0.11115536322434265,0.00075560476319365,0.00038652504603732,0.5,0.8,0.8,148,0.1167575784626806,0.1209520221967053
13,49,0.06880169614882801,0.16813600989103888,0.25628713778770956,0.49898779763429474,0.07451224537128381,0.1109285837724507,0.00073092577512642,0.0003505338296244,0.5,0.8,0.8,149,0.1166995129512117,0.1241628516452504
13,50,0.06785777977555241,0.16184233187309655,0.24895764153236555,0.4900435212806017,0.06496783949243841,0.11101408037558907,0.00067171804579711,0.00033767452736824,0.5,0.8,0.8,152,0.1182362491841926,0.1201149182014951
14,0,0.9520472345350648,0.9841910438944128,0.981583020781091,0.1449681649485544,0.0,0.0,0.0,0.0,0.5,0.8,0.8,1,0.9564134076359152,0.7583122930723579
14,1,0.8209427859028411,0.9667517855777775,0.9529928272302018,0.18058655740750942,0.18956103315727343,0.10024168350686971,1.786361783328e-05,2.539782200407e-05,0.5,0.8,0.8,3,0.8297803503327316,0.5491667238064087
14,2,0.4924297329781299,0.7923047425139014,0.7498604634953218,0.13414949661825173,0.7668167391892045,0.09831076174234149,0.00024140806465527002,0.00030391014504769,0.5,0.8,0.8,4,0.4485780258191583,0.220753951669908
14,3,0.36645389851745913,0.6906369461738315,0.6314857730491328,0.11017928051863107,0.25805949223329233,0.09798320172561537,0.00010589082791949,0.00015062586477932,0.5,0.8,0.8,6,0.5010562820345462,0.1393857546553547
14,4,0.34647857035624535,0.6749797811037334,0.6201132323687263,0.11131707009392422,0.08978468852571457,0.09830196839201556,0.00013238890607736,0.00018740441330638002,0.5,0.8,0.8,8,0.4780409185033034,0.1441981682928446
14,5,0.3054981255526534,0.6321710910525591,0.5713768247905275,0.10006844559318578,0.11663620937639671,0.08461016591319706,0.00010774031814281,0.00017378465556275001,0.5,0.8,0.8,10,0.4852700904015301,0.1741022640565198
14,6,0.28719622469396844,0.6150904900958516,0.5585740023587581,0.09939060622342762,0.08182180135681523,0.08228985229594882,0.00011160706650327999,0.00015499791627327002,0.5,0.8,0.8,12,0.4297433750244227,0.1866192312500118
14,7,0.28351901934729945,0.6052012801457279,0.5387496383810659,0.10920106503770297,0.11039850365417728,0.09933734324972555,0.00015095299296285,8.101724610212e-05,0.5,0.8,0.8,13,0.3461508859698599,0.1421750952546555
14,8,0.24597452811772827,0.5569698581901404,0.4886494519416016,0.10409890675356975,0.1722542717070401,0.10889741253203065,0.00027770297551717003,0.000149044612294,0.5,0.8,0.8,15,0.3402814009326758,0.0901651900687431
14,9,0.19903661619206184,0.48887969878700016,0.4111732379079905,0.08199673504903038,0.16078618979962236,0.08679674475882217,0.00015840118025451,8.853752977007e-05,0.5,0.8,0.8,17,0.2880988966970536,0.1661222701568711
14,10,0.15126848707054535,0.39181109001182657,0.3042324930721253,0.06669485414784528,0.26667390616802555,0.0957203589992347,0.00028145009449080996,0.00015457851359962,0.5,0.8,0.8,19,0.2297952501962922,0.1721356791301301
14,11,0.14420898238619073,0.3736320575253271,0.2830095769197575,0.06360993898623912,0.12239800637455236,0.09624823475611236,0.00028791591702693,0.00015881313887767,0.5,0.8,0.8,20,0.2358655693789173,0.169568832181991
14,12,0.14301698256748835,0.37432323075812535,0.290716948924387,0.06990677593458386,0.05468187526978958,0.09624823475611236,0.00028791591702693,0.00015881313887767,0.5,0.8,0.8,22,0.2297823993719639,0.1723046580635015
14,13,0.14275981320440595,0.37580282489540506,0.29917461488776853,0.096276812590103,0.05397202074902486,0.09829279862017959,0.00028657780203399,0.00015722951679597,0.5,0.8,0.8,25,0.2231352792892048,0.1554090148465172
14,14,0.14216687333714953,0.3757632114131771,0.3057984055558816,0.09239353061914851,0.05622941887613078,0.10117152428542431,0.00028048856589074,0.00012421735250307,0.5,0.8,0.8,29,0.200194890942201,0.1119519648494738
14,15,0.13213658236660933,0.35681059176691166,0.29103361152366597,0.10099527302945405,0.060292824194265314,0.0960349009110569,0.00034184519909462,0.00014977069095927,0.5,0.8,0.8,36,0.2320912314575366,0.1272927877965017
14,16,0.12849727757994334,0.3438704436469585,0.2757146081099052,0.09547430729681933,0.06973924782576724,0.09903682507131961,0.00031681703839093,0.00014849748193105,0.5,0.8,0.8,39,0.2108811998528207,0.1046824170706358
14,17,0.10710582117071601,0.2858538877370544,0.2221049024177493,0.09450496750445964,0.13746040039143517,0.09690820000709056,0.00032693757394861,0.00015537675836135,0.5,0.8,0.8,42,0.1926158318209434,0.0818238579366565
14,18,0.1093609868975689,0.2864182150452678,0.22228408282986262,0.12094857028801377,0.05329075533070984,0.1027423294736053,0.00031241260465986,0.00014714541498955,0.5,0.8,0.8,48,0.1900301977676767,0.0592880049928655
14,19,0.1084360904462708,0.28390970874020677,0.2194110630171983,0.12003404894271556,0.05599789898011842,0.102171546037285,0.00030085593414016,0.00014180487387837,0.5,0.8,0.8,50,0.186918109813933,0.0574470114547497
14,20,0.09816928973194038,0.26393290140371345,0.19721995453320154,0.1033416490966136,0.10022742597892063,0.08895801241211429,0.00035743000820502,0.00015101230153176,0.5,0.8,0.8,51,0.1636635997841843,0.1141236345497731
14,21,0.08670278539248621,0.22332697560852224,0.15015327320124236,0.10377673239798182,0.20501796406438796,0.08608985040622893,0.00034919603045772,0.0001484918365441,0.5,0.8,0.8,52,0.1541675378870065,0.0983005312850155
14,22,0.08246507513208128,0.20858388963457536,0.13985658693799488,0.1009100529896687,0.06926806990040556,0.0863872662728277,0.00034503049844922,0.00014625221949826,0.5,0.8,0.8,55,0.132929095688047,0.0844688656132282
14,23,0.08029441788933736,0.19938265789681717,0.12916235046695348,0.12330469853132321,0.04960570956144343,0.08607045497758598,0.00035053269770025003,0.00014999055280425,0.5,0.8,0.8,61,0.1307908178154051,0.0945816629331246
14,24,0.08006682513422222,0.20211029653654514,0.13924422805168093,0.1295956906315312,0.04542561237978254,0.08604719339972508,0.00035010205249617996,0.00014946869531481,0.5,0.8,0.8,63,0.1313953959295082,0.094367655892069
14,25,0.07897890840161458,0.20056478249665627,0.14433162801666974,0.1571934064746962,0.050864948957338924,0.08622003219649894,0.0003502308996759,0.00014987198812995,0.5,0.8,0.8,66,0.1295452641906928,0.0934674044675381
14,26,0.08230073692514642,0.20004216202015265,0.1429957369239054,0.13781323258085423,0.054819322744611654,0.09502352762158542,0.00036667750389981997,0.00014033187922773,0.5,0.8,0.8,69,0.1407285520683352,0.0903245325053108
14,27,0.0823617009588141,0.19878404690547266,0.1414558319180616,0.16531430710886472,0.049616957692014484,0.09592283709785085,0.00036692603025824,0.0001404949366844,0.5,0.8,0.8,75,0.1442288695164718,0.091202463762654
14,28,0.07660964569147014,0.18940014392544,0.13132077351521956,0.2161659909908812,0.04542939599061488,0.08621732088430731,0.00038074427625476,0.00015442735148152,0.5,0.8,0.8,83,0.1291400334523344,0.0930152631697359
14,29,0.07635096274873103,0.1999472499258584,0.1643421811881877,0.22920790280678544,0.04793330743356581,0.08593898527287984,0.00035169566759088997,0.00014751862299537,0.5,0.8,0.8,84,0.1299654602366262,0.0935234667560276
14,30,0.8763538720332182,0.9919989542816181,0.9412542901660477,1.0150956217391465,0.8444432114966357,0.0862232311932936,1.0,0.0005030689921422,0.5,0.8,0.8,87,0.1297421690450852,0.0936849383569816
14,31,0.8748399999274536,1.0035064657269521,1.0026739617201277,1.1130754974534778,0.8477534869932332,0.09037987430208916,1.0,0.00019151191369354,0.5,0.8,0.8,115,0.1439418536384765,0.1084465036167064
14,32,0.07523433908904863,0.20757814074530573,0.21425311107310113,0.358986092648173,0.04577522918099062,0.09037860508573799,0.00050440033387237,0.00019144345412527,0.5,0.8,0.8,121,0.1439254937570721,0.1084485317953879
14,33,0.07519802008444154,0.20339016690252132,0.20245826726057167,0.3220744669766198,0.047006995373224725,0.0905302588839766,0.00051597192441362,0.00018925790487505002,0.5,0.8,0.8,123,0.144235357731915,0.1123649920629267
14,34,0.8745634921068853,1.0132421381991237,1.0347222060668888,1.2999167190285488,0.8455038076344458,0.09037719402438482,1.0,0.00019444371217123998,0.5,0.8,0.8,143,0.1433391366911529,0.1090768616248701
14,35,0.874563492108906,1.0132421381993333,1.0347222060670984,1.3078366762521392,0.8453444473383039,0.09037719402479315,1.0,0.00019444371217815,0.5,0.8,0.8,145,0.1433391366974798,0.1090768616249911
14,36,0.8745534482324763,1.013195949586342,1.0346685774132904,1.322972833460736,0.8455279225312343,0.09037513703043656,1.0,0.00019440922700603998,0.5,0.8,0.8,146,0.1433072392208655,0.1090761305636503
14,37,0.8744390651888891,1.0089815038147472,1.0228596389922326,1.3100044461448626,0.8455458912403461,0.09034050676000223,1.0,0.00019351971348788,0.5,0.8,0.8,155,0.1430881816561199,0.1090552668523355
14,38,0.8737124464412047,1.012638628426466,1.0409222025057843,1.3554556158235491,0.8492051596296539,0.09037165485660444,1.0,0.00019160994223397,0.5,0.8,0.8,159,0.146799215725758,0.1074745052699407
15,0,0.9654103614824487,0.9886723584616751,0.9868036367982167,0.14478325528611882,0.0,0.0,0.0,0.0,0.5,0.8,0.8,1,0.904028468796332,0.7482801043275974
15,1,0.6525449412160386,0.8883735758589613,0.8547243792527222,0.15780607248400977,0.3605091153417308,0.09903428933413135,0.0003980143841637,0.0008396587932615,0.5,0.8,0.8,3,0.5838052142882767,0.4675689842327974
15,2,0.6272530145306647,0.8720845962145904,0.8362641372539871,0.15331320309579538,0.09598914800802753,0.09318660338048619,0.00032014965246363,0.00066309821645994,0.5,0.8,0.8,4,0.5554961058404841,0.4166412250679515
15,3,0.48434135690637287,0.7845655016095783,0.7337801117960892,0.13380307103162506,0.4227593872685935,0.09909636375651541,0.00046687931077729996,0.00081590738501431,0.5,0.8,0.8,5,0.5029870190605904,0.2675256330830473
15,4,0.4088940230560868,0.7284846168124651,0.6754893517687174,0.12111241850446851,0.28726146158253774,0.09897858793016624,0.00012287198040307,0.00017662096637199,0.5,0.8,0.8,6,0.3533505330840572,0.2068222864333386
15,5,0.394558619914651,0.7202737131510422,0.6723154919314566,0.12516375018103623,0.08379577171098325,0.10495172009226984,0.00017865102248447998,0.00025679993218181,0.5,0.8,0.8,8,0.3701537855177191,0.2155064056381714
15,6,0.37819479138251705,0.7092524765016366,0.6663635059957407,0.12800794076999542,0.08348407716919262,0.10511085938742876,0.00019189417153067,0.00025585264464186,0.5,0.8,0.8,10,0.3510793918110158,0.1752358757391407
15,7,0.3182622953175765,0.6496223538687471,0.5982252564259561,0.11153899232454341,0.15122046019835453,0.0891957502133191,0.00013979544755779,0.00018497987835171001,0.5,0.8,0.8,12,0.3508230485673628,0.2246008660650817
15,8,0.2907194840373599,0.6216470864376076,0.5719359641592625,0.11292861443310465,0.12136768168295362,0.09616149162497238,0.00022630002366978998,0.00030031644554932,0.5,0.8,0.8,14,0.3659420327308825,0.2527480230527004
15,9,0.29036614705151526,0.6212690682043273,0.5715329857100288,0.12596958080092865,0.04858707699120938,0.09573437754428762,0.00021919399745033,0.00029084197948746,0.5,0.8,0.8,16,0.362049168252985,0.2482126313878812
15,10,0.2578505274536393,0.5825836447438346,0.5262119226896405,0.12458622025645878,0.1393492883121586,0.09855644426523448,0.00029372158065366,0.00037504972672983,0.5,0.8,0.8,18,0.3140533050849227,0.2386895267269501
15,11,0.23264327271427082,0.5465804900275698,0.4842889439388718,0.1171984639070694,0.19831873979486786,0.09818092619626667,0.00029084684671886,0.00046450889710308006,0.5,0.8,0.8,19,0.3483635816621497,0.169952819166342
15,12,0.22783849974941528,0.5394648992683884,0.48286541831563895,0.11150780404165679,0.08171053060263793,0.09878824847055226,0.00028775740891465,0.00036309552155766,0.5,0.8,0.8,20,0.3273917726091824,0.2348147538021895
15,13,0.20938962806986464,0.5171402268879927,0.47070664116359573,0.12039920723007398,0.08004362456413187,0.098225010940148,0.0002732250487592,0.00039400921480063996,0.5,0.8,0.8,24,0.2650896647165081,0.1962580072715603
15,14,0.20822938228755902,0.511145683979202,0.4567484663597707,0.12868318148271793,0.06131687938836133,0.09900097144533669,0.00028612103413608,0.00044555305821508,0.5,0.8,0.8,25,0.3607264467661035,0.1785786746693674
15,15,0.20556527803726873,0.5091603678553234,0.46108910186126617,0.13592787885223484,0.08132042481002484,0.10190895296910542,0.00026432626173179,0.00053451729292586,0.5,0.8,0.8,26,0.260154189090252,0.1349394602194331
15,16,0.18424667489842372,0.4744045973991158,0.4276750678598349,0.11565581185617392,0.20487008013036778,0.09989827195021045,0.00027795118324093997,0.00046558432219794,0.5,0.8,0.8,27,0.2899619679500843,0.1165636257413007
15,17,0.17091304488456902,0.44350542855041136,0.3847656089837523,0.11491015081842347,0.08807900032923477,0.10022804976049135,0.00025087838293117,0.00036747901769332,0.5,0.8,0.8,30,0.2877839195405313,0.0807209467665976
15,18,0.14882357229444035,0.39656248188135174,0.33695646460295975,0.12341809187719231,0.15552696414502573,0.10006830520944665,0.0003377753624226,0.00056436593833553,0.5,0.8,0.8,32,0.2218306093309392,0.1229537004271953
15,19,0.14211832037402464,0.3811771736551813,0.31919776828040364,0.11841004115664758,0.07942886991063627,0.09760541895463133,0.00038731153216282996,0.00080610475478492,0.5,0.8,0.8,34,0.2241563593766308,0.0966405868772692
15,20,0.1374370556844193,0.3675733281089661,0.3097649005941892,0.12933681162441188,0.13630693307595224,0.10341127985213705,0.00039775150115051996,0.00085739824068791,0.5,0.8,0.8,35,0.2408484577172393,0.0950464149496787
15,21,0.136043022984009,0.3685858511290935,0.31795310844774693,0.14274413666045563,0.056303365332234574,0.10199633772241783,0.00041080937218825996,0.00092188920976762,0.5,0.8,0.8,37,0.2477800334125429,0.1028330447105904
15,22,0.13603488341819578,0.37227961651403524,0.32915896263022476,0.1520326218659042,0.052081321140383,0.10199287050399991,0.00041037851279634996,0.0009208478164905101,0.5,0.8,0.8,40,0.2476090728380515,0.1027643338214343
15,23,0.13351490165132315,0.3665480941920662,0.32259925154732044,0.14992139505587185,0.06170163670640207,0.10056317938830939,0.00041352984794451,0.0009221901470427001,0.5,0.8,0.8,42,0.2300320216745418,0.1194997026398471
15,24,0.1303722210994439,0.36262292770234555,0.3250411024626334,0.16237021308049546,0.06501322535950466,0.09918010516535021,0.00042829612656979,0.00092080241470332,0.5,0.8,0.8,44,0.2139687810414165,0.1199035233775727
15,25,0.1308991486951545,0.35857666389839027,0.3132617490126046,0.16031629720743593,0.05439239999473191,0.10108212417453473,0.00046836270225844,0.0009297283394222999,0.5,0.8,0.8,46,0.2294251735900687,0.1207866984612776
15,26,0.13190103081348006,0.3622929041715197,0.3242400504458694,0.17624177528356808,0.05950858544953168,0.10412270983156532,0.00044981684374097,0.0009663572433038101,0.5,0.8,0.8,47,0.213463342576109,0.1147946456930671
15,27,0.12985971351190384,0.359127493580538,0.3207910735396085,0.1768894593976652,0.05883366857291419,0.10134285140974313,0.00042183674930447,0.00092391259105372,0.5,0.8,0.8,48,0.253326310993863,0.1197798145881614
15,28,0.12962020651225836,0.3620174065536991,0.33104888048111825,0.19331616495077905,0.05303538484969225,0.10146966820307345,0.00042794868013159,0.0009221920405039399,0.5,0.8,0.8,51,0.221135323470583,0.1218004458440107
15,29,0.12988088453941088,0.3610827380368239,0.32981377263294404,0.20303189322155685,0.054204355664122655,0.10324670803640427,0.00042762181450433,0.00092012112313137,0.5,0.8,0.8,56,0.2218385822430581,0.1245726361586822
15,30,0.12985333989265102,0.3671153735527773,0.35053391499840525,0.21910117414431357,0.057649559141572236,0.10447778338381433,0.00045663812662571,0.0009712047253686301,0.5,0.8,0.8,58,0.2530371796394589,0.1161428927591161
15,31,0.1279463078788463,0.36306747296450104,0.34595176948328626,0.2206751075354425,0.06592834831940905,0.10305728055436482,0.0004050809040596,0.00089880719694192,0.5,0.8,0.8,59,0.2420483447920407,0.1012410839409389
15,32,0.12888312296646665,0.36748307886522347,0.35782394650998517,0.22820816450989373,0.055076487372616924,0.10497647147933892,0.00044403153107227004,0.0009795220236439501,0.5,0.8,0.8,60,0.2342213570012432,0.1153085717471401
15,33,0.1289770207455582,0.3670825866080561,0.3573005526022295,0.2284612102819392,0.05704169793156764,0.10585189657199627,0.00040834466094265997,0.0008985944127787601,0.5,0.8,0.8,61,0.2228894044419356,0.0954563706987245
15,34,0.12723502239150364,0.3633255619551323,0.353043868395014,0.23642787572883872,0.06573669640710034,0.10432543849207283,0.00042515524223268994,0.0009255645009353299,0.5,0.8,0.8,62,0.2203612008806802,0.1109198698537362
15,35,0.12695581597619962,0.35833033464826464,0.3402858876659654,0.22957132241045897,0.0596732528649356,0.10470719749546234,0.00043557214480985,0.00095307070819489,0.5,0.8,0.8,63,0.2207198425998482,0.1147647938237958
15,36,0.12434646647359866,0.3587506177519788,0.3546559424399951,0.2739752946810855,0.05637634744909916,0.10373787927770645,0.00050290793595219,0.0009155685828881801,0.5,0.8,0.8,71,0.2263559707414436,0.1147467804460799
15,37,0.12389087611060075,0.35981556864846587,0.36270097547609575,0.2973369957748054,0.05627016126113567,0.10476938627726376,0.00054839460694517,0.0009664793526291701,0.5,0.8,0.8,76,0.2277833389130354,0.1143660853703109
15,38,0.12282794528082751,0.3565008536915237,0.35883956943586753,0.31705660028202476,0.056323568791259715,0.10478056639989265,0.00055009093920022,0.0009569002854179799,0.5,0.8,0.8,81,0.2427485000043308,0.117639273142227
15,39,0.12223910400200463,0.35832243241689377,0.3678609404761154,0.3339103865181131,0.056233991196087046,0.10478730510745335,0.00057590712923514,0.00094909522909324,0.5,0.8,0.8,84,0.2306413231681697,0.1234088447150214
15,40,0.12185789833075182,0.3571126644987814,0.36645118259366916,0.33709280166395916,0.058621746331584325,0.1047846747595597,0.00056560262386434,0.0009641994762640399,0.5,0.8,0.8,85,0.2360391681684013,0.1186103888311762
15,41,0.12148631178648221,0.35942397413271143,0.37602920591369193,0.343685505664244,0.05684656042705218,0.1049912294496341,0.0005580960308915999,0.00096996276341257,0.5,0.8,0.8,87,0.2296545922369461,0.1149818829519258
15,42,0.12141641144476385,0.36660214980006284,0.39819436736513264,0.3826943779331124,0.0538701359899645,0.10499131001661006,0.00056441916786975,0.00097611118711799,0.5,0.8,0.8,94,0.2322410931204079,0.1158496013765431
15,43,0.12198548305438478,0.36694079939966184,0.3984775717742938,0.38682705609404694,0.05574412446409205,0.10639157364428885,0.00055260824671279,0.00095603685411511,0.5,0.8,0.8,95,0.2318671472461314,0.1008381142755514
15,44,0.12111770656062659,0.3654959502085138,0.39689403360734565,0.40042088141796545,0.05551902175601927,0.10509393685889534,0.00057601972788279,0.00098853204174784,0.5,0.8,0.8,97,0.2390123939359266,0.1202247764583619
15,45,0.11966065513230402,0.38198197679897894,0.4508050417664972,0.5971984893231845,0.052711144578306855,0.10287697606715196,0.00052578583131611,0.00095265445584984,0.5,0.8,0.8,139,0.1786173081015614,0.0915125425894583
15,46,0.11988497789643121,0.3857377304494645,0.46203210454430066,0.619496236044845,0.05346895933864037,0.10326597465386103,0.00054315564765427,0.00107503628426036,0.5,0.8,0.8,141,0.1784006301189953,0.0926609888105163
15,47,0.11900317395320925,0.39101716340891635,0.48203833328596546,0.6170701169978323,0.060153362734913035,0.10285713811223976,0.00057547352409094,0.00090820204134591,0.5,0.8,0.8,142,0.2079726561050776,0.1331427345169414
15,48,0.11785864332300419,0.37977531503091905,0.45512945604989913,0.6139663815064851,0.06862931218349852,0.10294475568607094,0.00053732981412606,0.00095297522246467,0.5,0.8,0.8,143,0.177342205037126,0.0917541987435203
15,49,0.11767795086453803,0.38632433272726246,0.47654264985893297,0.633620941293065,0.05690610996751908,0.1032764964009073,0.00054502771855333,0.00089427053319457,0.5,0.8,0.8,144,0.1715559161975012,0.0910797453853772
15,50,0.11744989213700399,0.3823071512719897,0.4649924316240936,0.6333959323247181,0.053059083868831784,0.10294369076795974,0.00051109701209836,0.00089407928876169,0.5,0.8,0.8,145,0.1715981339594267,0.0911422891009056
15,51,0.11347464826053351,0.4132396834148238,0.5705466122421313,0.8693545502506774,0.04991301218379233,0.0969247435041129,0.00053100754207651,0.0008735784078408,0.5,0.8,0.8,185,0.2045405741125063,0.1022102828042738
15,52,0.1131520928910889,0.41562769347390577,0.5802126872968313,0.8782760530462586,0.05559595182883371,0.0970291422676005,0.00057449577225951,0.0009021722376694799,0.5,0.8,0.8,186,0.1993540815777371,0.1017175739436625
15,53,0.11281371508009282,0.42594862510905024,0.6129649524700276,0.9133894874151485,0.049842744024609406,0.09698656761966581,0.0005217498607717,0.00081457412248176,0.5,0.8,0.8,196,0.1972249986464732,0.09761297343838
16,0,0.9081798514913791,0.9690429367197793,0.9639359746098705,0.1393125365677698,0.0,0.0,0.0,0.0,0.5,0.8,0.8,1,1.139047438471765,0.749986130699958
16,1,0.8093687083772597,0.9594045356120956,0.9451505709991948,0.1754042042256172,0.1601624328905783,0.09157139707386011,1.318918898962e-05,1.597850472548e-05,0.5,0.8,0.8,3,0.8653270386196453,0.5481000077896104
16,2,0.4442836736870483,0.7570033294465887,0.7087410852009222,0.1242860232271964,0.8998714953788489,0.09818868144882073,0.0002662757631412,0.00031235313981541003,0.5,0.8,0.8,4,0.6642618251967508,0.2451086822443269
16,3,0.4279397950546092,0.7475916432153594,0.7048808598475559,0.1255114373108718,0.0728740160984653,0.09575868031053388,0.00026603997046618,0.00030167922254126,0.5,0.8,0.8,6,0.6291472055198388,0.2393717868055911
16,4,0.42794565985415545,0.7475979149848297,0.7048868170234925,0.1275317182425486,0.0483495087589784,0.0957747941303955,0.00026606791795636,0.00030175575507968,0.5,0.8,0.8,7,0.6292464439849245,0.2393171310682624
16,5,0.3524189357884271,0.6771575757805588,0.6156831667618353,0.11401167218157977,0.3310574963299439,0.09911600679192155,0.00013805358626369,0.00016477315222377,0.5,0.8,0.8,8,0.5510207450022133,0.2050854463856452
16,6,0.3492906572472325,0.6740696376445315,0.6120812690089422,0.1151834371831556,0.0626776413067789,0.09911756740404325,0.00014216373159423,0.00019386116663916,0.5,0.8,0.8,9,0.5529958805076957,0.1950688450907353
16,7,0.33660363077463995,0.6648503141739692,0.6077578701065123,0.11883410434753551,0.11824266659266253,0.1048415735292332,0.00019901103784444,0.00023778329162783997,0.5,0.8,0.8,10,0.5502294815169696,0.2013416891365724
16,8,0.3152023180502134,0.653045777208484,0.6148556464760077,0.12174739506339707,0.07466245751429981,0.10307532199122563,0.00020324513894795997,0.00025355755664587,0.5,0.8,0.8,14,0.4884675668752294,0.1158166654884849
16,9,0.3108442584080565,0.6518443625053204,0.6203133046877589,0.12706539849227028,0.06286921196610006,0.10359166417342087,0.00021146712758485998,0.00026310421175071,0.5,0.8,0.8,16,0.48618883409344,0.1387138029014704
16,10,0.2892046886958356,0.6233368061405525,0.5806398969895737,0.13108392981221786,0.09516039840843822,0.09840804144028356,0.00016363331742873,0.00022239756136886,0.5,0.8,0.8,18,0.4080409788510625,0.2402066909967166
16,11,0.280827629123526,0.619296589114195,0.5889565443628688,0.13918340097376775,0.12105828224139473,0.10728698444688525,0.0003387651973334,0.0004165014569,0.5,0.8,0.8,19,0.385708086667635,0.2002772714962247
16,12,0.2654573532345071,0.5958386734309652,0.5548588124909064,0.13419903474213382,0.13168899309347387,0.10589714304769823,0.00026361545955004,0.00035828544127997,0.5,0.8,0.8,20,0.374821745828069,0.2408361867570413
16,13,0.2527295794084757,0.5782833877408773,0.534362587040251,0.13224004012913287,0.1274960491435949,0.10630754496862013,0.00031702984442789,0.00038830671283094,0.5,0.8,0.8,21,0.3826759097655861,0.2571492787257028
16,14,0.2349212763603514,0.5515015454041585,0.5029951061252238,0.12358114593781278,0.11191279162906162,0.10771298388434641,0.0005061070751706199,0.00058962760726005,0.5,0.8,0.8,23,0.3620671276790528,0.2317269922415325
16,15,0.21683761905936497,0.530556336165346,0.49255621306093245,0.1289535840169863,0.16681041071018765,0.10662492333503887,0.00028041527719932003,0.0003043194522685,0.5,0.8,0.8,24,0.3410288907141309,0.1617906766519534
16,16,0.21073090400462682,0.5239376232064962,0.4917448304285237,0.13957374984357399,0.07518516515256718,0.1066307799936454,0.00029232110860717,0.00031133076423691,0.5,0.8,0.8,26,0.3379013913971303,0.1811484141504177
16,17,0.2085520475578665,0.5263415564585231,0.508069763728239,0.16820021611470434,0.059463776434457445,0.10979441925467101,0.00036246375697022,0.00038603478689797,0.5,0.8,0.8,33,0.3267847680026522,0.1730621643680898
16,18,0.18113873196992733,0.4709043135109698,0.43662445305519515,0.16256767279627632,0.08557062667706224,0.10813777575650423,0.00072288383835918,0.0007608502834588399,0.5,0.8,0.8,40,0.3750175289261369,0.2992785826414593
16,19,0.17751870394529104,0.45975231217782997,0.41673832198544997,0.1714526027653468,0.08570541301967947,0.10848770064702258,0.00061468656859347,0.00059093099596742,0.5,0.8,0.8,41,0.3242371561553143,0.2486967365565639
16,20,0.1755146508447722,0.455866481920733,0.41226088403975925,0.1787721032237668,0.06230400845268185,0.10780412016015645,0.00069735948988351,0.00056088169721138,0.5,0.8,0.8,43,0.3643332102113492,0.2733169402263473
16,21,0.17522850582242996,0.4547354693335777,0.4108661404704731,0.1843006647694924,0.061971397891800194,0.10842119199215926,0.00072779542433438,0.0007296605183415,0.5,0.8,0.8,44,0.3621855572869677,0.2767517000604344
16,22,0.17437121817056883,0.453345573496991,0.40931049560854427,0.1932268256558473,0.059134825799566956,0.10781626810472351,0.0007071850526905201,0.00064666935623151,0.5,0.8,0.8,45,0.3619499685757888,0.279536138384612
16,23,0.17383130039988456,0.4559076933534686,0.41919809906428956,0.19853753458150908,0.059713182616101236,0.10780629928159839,0.00070806979368674,0.0006476435181674699,0.5,0.8,0.8,46,0.3695757370752052,0.2730830348373485
16,24,0.17357914816024458,0.45167045402017103,0.4073616195243457,0.19274860590039503,0.05709597333637872,0.107831442629028,0.00070920621554849,0.0006157966938147199,0.5,0.8,0.8,47,0.3838792538239397,0.2692070096783683
16,25,0.17159808094464446,0.45446110695197944,0.42436625322935145,0.2070447696360897,0.0756635678543354,0.10817287229915466,0.00075229483694624,0.00074445088309317,0.5,0.8,0.8,48,0.3212877545623793,0.2414265876282105
16,26,0.1702625559140289,0.44761231058173667,0.40945500553296243,0.22848927585609208,0.0691654699318334,0.1078823773068219,0.00075914255196768,0.0011493478171489498,0.5,0.8,0.8,49,0.3998424338366146,0.2937068635331267
16,27,0.16292634165648007,0.43853767516722425,0.4126770350734841,0.21080863933542365,0.12426395962724793,0.10881783613798587,0.00072486982089165,0.00068047264356781,0.5,0.8,0.8,50,0.3330404083129418,0.2918134822291212
16,28,0.1552505844386374,0.42024200718615795,0.3913644734540822,0.22059636180154907,0.08053041649673295,0.10855612675282397,0.00075166386115337,0.0008071881611844301,0.5,0.8,0.8,53,0.3400736818268959,0.3009367848114668
16,29,0.154363877417989,0.42951312939872993,0.42290648291647487,0.247745794605676,0.05628750192238504,0.10712025916480136,0.0006875760662882,0.00150510475068153,0.5,0.8,0.8,60,0.2838904592856497,0.2703170259195518
16,30,0.15228066249250313,0.4218633065359527,0.407226600761306,0.23948847280238977,0.06094752133061228,0.10640394203017238,0.0007505465818455601,0.00087339373400204,0.5,0.8,0.8,62,0.2665758204671784,0.267773024637969
16,31,0.15068342315646108,0.41790457702647327,0.4026164152491711,0.25419968381548996,0.0707789696934335,0.10660127014066109,0.00070010026858092,0.00078836212831409,0.5,0.8,0.8,63,0.2786215412729901,0.2559892475829896
16,32,0.14727934511319252,0.40938967139769206,0.392707766707714,0.25515363919683953,0.0718676118598382,0.10659434404515113,0.00065014217248746,0.00075964623503297,0.5,0.8,0.8,65,0.2919606981413912,0.2338088314440601
16,33,0.14784432325146343,0.42801400518775284,0.44877115951469104,0.34605829617053147,0.05545028916215664,0.1080411555062977,0.0006651235045603101,0.00093495982810232,0.5,0.8,0.8,87,0.2896132426982226,0.290689707024551
16,34,0.14328435993199232,0.4162579108976538,0.4350936176423183,0.34603597711701284,0.10325200729595382,0.10798052447851601,0.0006797995043789299,0.00082233527933321,0.5,0.8,0.8,88,0.2994153751061757,0.261660290806752
16,35,0.13966609009527786,0.40999809506343293,0.43468569226822545,0.34231104987389643,0.07607464257410758,0.10798477901175857,0.00064879185660596,0.00098445062233138,0.5,0.8,0.8,90,0.2955485485822627,0.2613887180907209
16,36,0.139421272554697,0.43475131323931165,0.5117859965792022,0.4738074632179029,0.05586785853135462,0.10835785645755223,0.00070093880368038,0.00109263509657862,0.5,0.8,0.8,115,0.3243806895767229,0.2190597883272609
16,37,0.13498274754609355,0.4301494211005342,0.520269025286694,0.5293195898234018,0.05884503572042718,0.10811366145844678,0.00080069712203149,0.00084485401949145,0.5,0.8,0.8,129,0.3317898461383556,0.2462444876810081
16,38,0.1326085053332266,0.430421957578427,0.5343654664151488,0.5645926717638838,0.059294026908258426,0.10824300887996566,0.0008232739908255699,0.00093473120149003,0.5,0.8,0.8,137,0.3451745751186829,0.2115834481344085
16,39,0.13226560408800997,0.4484851811327749,0.589963373737018,0.6414229605677847,0.055335226333891235,0.10778760400547535,0.00071206103370552,0.0009993934065053501,0.5,0.8,0.8,150,0.2804057940325947,0.1874182172070175
16,40,0.13147906764325937,0.4462385422489171,0.5873511721917719,0.6481292934255646,0.06437184762021618,0.10777555072003703,0.00076113252197145,0.00091937438333487,0.5,0.8,0.8,151,0.3169328996781382,0.1867818062183475
16,41,0.13144429471269234,0.45315152581343604,0.6091744733634376,0.6956595688766031,0.05571091218090178,0.10802852005079294,0.0008400150836715799,0.00094397880034945,0.5,0.8,0.8,162,0.2819884601225885,0.1852440816214149
16,42,0.1307618108495516,0.4548401918193482,0.6180435872729004,0.7249757497520101,0.056636777518183266,0.10802534794641334,0.0008436096243335901,0.00094515070198802,0.5,0.8,0.8,169,0.2816880096614536,0.180616934500062
16,43,0.12965851414059562,0.4475016585946014,0.6025642126300216,0.7502307028081049,0.05820482906051712,0.10829635996861985,0.00081513242358307,0.00101634056203051,0.5,0.8,0.8,174,0.3297912184388289,0.1916588164705616
16,44,0.12929515292707305,0.45041001607046877,0.6128782844793641,0.7573726703049565,0.05876452932659467,0.10796881828416635,0.00080867927364991,0.00104758853384212,0.5,0.8,0.8,176,0.3350472253096393,0.1837573814586919
16,45,0.12886240046706496,0.4529391508476496,0.6227368655815569,0.7682042369975934,0.05679336004016466,0.10784793545234224,0.0008048755214421501,0.00105178835015294,0.5,0.8,0.8,179,0.3322552182664088,0.1843834788650429
16,46,0.129070366146432,0.4794235812924525,0.7018960020055812,0.8588899669089737,0.055495668872953166,0.10790337650298265,0.00081066585924009,0.0010861714808091,0.5,0.8,0.8,199,0.3315645420187087,0.1839999448853935
17,0,0.9153158360789092,0.9715543891694618,0.9668617504549001,0.14001247817628176,0.0,0.0,0.0,0.0,0.5,0.8,0.8,1,1.107219054147626,0.7513102585254268
17,1,0.7904292561916104,0.9461400102881294,0.9312091318378013,0.1650993088387802,0.16464257281881586,0.07325439682904121,1.5889771181429997e-05,9.5457073466903e-06,0.5,0.8,0.8,3,0.8996955265193353,0.547665883078252
17,2,0.4571678067229274,0.7668575523600896,0.7201952278290935,0.12714482424786783,0.8431001711682375,0.09881438240120564,0.00026015242888972,0.00012226664464716,0.5,0.8,0.8,4,0.5946889947201064,0.2320754278962863
17,3,0.4569121484887041,0.770369988237976,0.7311937580547903,0.132835486620268,0.05004086560189294,0.09876887215678444,0.00025712909005936,0.00012021508914652999,0.5,0.8,0.8,6,0.593964167903891,0.2297048819093443
17,4,0.45433575988617575,0.7727384001734888,0.7404989168853784,0.14360451330228988,0.05676295476649617,0.10293420412672341,0.00031753150933928003,0.00015480740022106999,0.5,0.8,0.8,9,0.5653729250280942,0.2113328125467964
17,5,0.3884302074550413,0.7181030258349457,0.6773493027794195,0.13206524358348828,0.2613926807259309,0.09731150548547544,0.00012851923348571,7.78203726816e-05,0.5,0.8,0.8,10,0.4146754372180805,0.1732574373860662
17,6,0.38469046772792476,0.7188418744835887,0.6845250643894157,0.1399842167654514,0.0658516958118847,0.10424568386533797,0.00020054760322193,0.00012143465845418999,0.5,0.8,0.8,12,0.3902592425609935,0.1643168353185063
17,7,0.38011926805054,0.7145314501724923,0.6798024509346414,0.14639909544262364,0.06089282507812328,0.10058630742620579,0.00025916998563607,8.506873955553001e-05,0.5,0.8,0.8,13,0.4854700561878636,0.2496342564348846
17,8,0.3380400301588627,0.6738319231537422,0.6323790442040407,0.13261465425227745,0.21872750965610846,0.10091395815569147,0.0001314193061349,8.171214934832e-05,0.5,0.8,0.8,14,0.3531890527683013,0.1758534729285499
17,9,0.3358200926655119,0.6751290004651359,0.6402934820844968,0.14767206941370994,0.06486663486230321,0.10677663983802012,0.00020346743739297,0.0001253529542599,0.5,0.8,0.8,16,0.3373278001356256,0.1693208765351968
17,10,0.33441302252307525,0.6736523637326169,0.6385658236627881,0.14729297292409502,0.059972612224215974,0.10686455907066085,0.00020400032730578003,0.00012606807032058,0.5,0.8,0.8,17,0.3357319922457369,0.1722976774362744
17,11,0.3331684608972161,0.6760477634178399,0.6482403225774015,0.15134561839355734,0.05674980818581914,0.10708392785694736,0.00020476257063186,0.00012698230341906,0.5,0.8,0.8,19,0.3342412893133609,0.1779421033608941
17,12,0.2605099418848016,0.5884869695504057,0.5460133953845508,0.14428774587140486,0.42184921649726664,0.10877838909811788,0.00069969053521455,0.00024990145126051004,0.5,0.8,0.8,20,0.1995475814716659,0.2342168462507642
17,13,0.23497191658798966,0.5542747889455578,0.5128177886286599,0.14024144887727155,0.13787907929898358,0.11196153151932324,0.00061532692296235,0.00017594184824434,0.5,0.8,0.8,22,0.1852008826608828,0.332603450548477
17,14,0.21186829792139775,0.5210895530041545,0.47524960537285477,0.14236446487864657,0.07738950292510413,0.09877410947060596,0.0006291546000596301,0.00013344595356059,0.5,0.8,0.8,26,0.2184071800162573,0.3093213505917807
17,15,0.20494091683087617,0.5102237733155744,0.46280929073033017,0.1411808467602272,0.08800965046800976,0.09629490702951657,0.00053527329347022,0.00012506508637276,0.5,0.8,0.8,27,0.2177310764328533,0.3342577806514228
17,16,0.2041463354355291,0.5124744283105543,0.47840700873293446,0.1685341283306043,0.06420912884322241,0.1060619600746556,0.00065265178473654,0.00018194854206444,0.5,0.8,0.8,31,0.203813516511756,0.3738417950952313
17,17,0.20312232774357622,0.5105160304913029,0.4760980537981035,0.16467147317692968,0.062630457171452,0.10642173354354013,0.0006667272721693699,0.00015129595966155998,0.5,0.8,0.8,32,0.1949389746339854,0.3315742441894764
17,18,0.17500348941648947,0.4635098651427167,0.42880668837410146,0.15645972675956576,0.14818099292766573,0.09921905072607518,0.0008140438816379301,0.00020834985112808,0.5,0.8,0.8,34,0.1514859436109531,0.3774229925764419
17,19,0.17523179767974773,0.4659062151714972,0.43824366747271004,0.17187334899718515,0.057664170737397415,0.10238026713239025,0.0007816094102161299,0.00021178155829766,0.5,0.8,0.8,36,0.152659004594574,0.3374608200852055
17,20,0.14477353305301924,0.39718384634263865,0.35162856569239537,0.14922043779103591,0.3176464345859968,0.09830418936394517,0.0007226262161153,0.0001924398793867,0.5,0.8,0.8,37,0.1093657148174008,0.2082503283287296
17,21,0.12332136248720393,0.3398326120470432,0.2916960945051566,0.1566180199720246,0.11143099904548968,0.09864414898119354,0.0006916597688300401,0.00017991940395760002,0.5,0.8,0.8,41,0.0922548453953485,0.2038537910886154
17,22,0.08724690561811003,0.2315625385291431,0.16677130948800173,0.12187830300139772,0.4576271373639132,0.08407323914315223,0.00064641320543624,0.0001901003265674,0.5,0.8,0.8,42,0.0668045111605822,0.1929706546408458
17,23,0.08615283166474473,0.22670810626787533,0.16109713137434378,0.13047084104015075,0.06332025520461344,0.08431038971953443,0.00064232436552352,0.00018924430144906,0.5,0.8,0.8,43,0.0646872328954638,0.1944985085288633
18,0,0.9346849255279341,0.9782774935806483,0.9746938958416578,0.14188620667789154,0.0,0.0,0.0,0.0,0.5,0.8,0.8,1,1.0256850249610574,0.7513407295514523
18,1,0.610859296365543,0.8666165673001162,0.829351765536675,0.15186766543113875,0.3858603422364751,0.09936313813324019,0.00045248839041331005,0.000779673151101,0.5,0.8,0.8,3,0.7599000720285217,0.4675689842327974
18,2,0.49528114089421077,0.7943502400217686,0.7522071117517111,0.13487801432955407,0.3435394214404731,0.0988741845214612,0.00022558192611925,0.00024250151115021997,0.5,0.8,0.8,4,0.4328499043456951,0.2234714294399744
18,3,0.4952271593940042,0.7943267460991137,0.7521723061085904,0.13490395119140716,0.050138882592078854,0.09898085199363864,0.00021929750532924999,0.00023840123066738,0.5,0.8,0.8,5,0.4368902648913766,0.2211194448912116
18,4,0.39775651105727733,0.7188917212892867,0.6644064316741073,0.1211617566878209,0.3574788164981242,0.09786303585052537,0.0001324677930874,0.00016319465009564,0.5,0.8,0.8,6,0.3669453270250715,0.2099077578209914
18,5,0.37622558786846105,0.7034471594112385,0.6532753343043689,0.11925778901191118,0.08943375394796434,0.09832381162824398,0.00014216354798444,0.00017547282090032,0.5,0.8,0.8,8,0.3418094950706432,0.1812578168180504
18,6,0.34471034226215774,0.6732306813669607,0.618014631367157,0.11325609757342736,0.1759963380162534,0.0989111143301256,0.00018225577556622998,0.00021893890666635003,0.5,0.8,0.8,9,0.311759563591017,0.2681906356715112
18,7,0.3446735275218191,0.6769044794826475,0.6291970556325664,0.12031486545677132,0.04984480103887366,0.09890619817218167,0.0001822376142702,0.00021877235248377998,0.5,0.8,0.8,11,0.3116773701857998,0.2679744419797151
18,8,0.3139091551341687,0.6442654858417012,0.5909252971004048,0.11781132014211167,0.192063648045964,0.10209265573200813,0.00012688539432995002,0.00016431040227351,0.5,0.8,0.8,12,0.2735998505707935,0.1283757804703272
18,9,0.2510307844804407,0.5669562246621894,0.5013885934022756,0.10036211232397028,0.20095057556190066,0.09564682611077133,0.00014224497149593998,0.00019060812632789,0.5,0.8,0.8,14,0.1911316340942229,0.1603535434502009
18,10,0.24548274338838635,0.5574667800316925,0.4896906317042586,0.10529486051329619,0.07961977410249789,0.10340621378766794,0.0001518569662873,0.00020393000933236998,0.5,0.8,0.8,16,0.188749637549098,0.2266167534022626
18,11,0.23806690101514624,0.5470647062550703,0.4777431313997871,0.10879422097839024,0.0895861642006924,0.10137127106825704,0.00014190668973484,0.0001931636289848,0.5,0.8,0.8,17,0.1841144762829456,0.1082477290651033
18,12,0.1803939013903477,0.4505593590987958,0.36576838795503347,0.08407799609785525,0.4350700469021786,0.09586171644593106,0.00015678534414533002,0.00020468333019810003,0.5,0.8,0.8,18,0.1645593104198857,0.0649160941119109
18,13,0.17706381085993705,0.44824993617043857,0.3700769398627933,0.08910690511156745,0.05512963260761999,0.09469325394976016,0.00015513696683357002,0.00020372403685353,0.5,0.8,0.8,21,0.1667509027547082,0.054117468345099
18,14,0.1738925159198993,0.446662714139077,0.3753105426278638,0.09214460516491438,0.0638123173422624,0.09254223929117465,0.00014135813287333,0.00019436161020951,0.5,0.8,0.8,22,0.150612416967298,0.0530298067629817
18,15,0.16017362556891648,0.41416795498670267,0.3305946251240237,0.08592595079016782,0.1638424087931296,0.09199052230327395,0.00015985524314175,0.00020506916026956,0.5,0.8,0.8,23,0.1515254458534352,0.0414438189971529
18,16,0.15889442189233025,0.41467182639362915,0.3380342509002549,0.09270627604116025,0.05382290404772025,0.09255460714388776,0.00016992648159937,0.00021798897680349,0.5,0.8,0.8,25,0.1488122730109269,0.0380452622962555
18,17,0.13739576318595365,0.3733101451421819,0.30395970198266076,0.10399269264204683,0.10937443647767402,0.08887373016917419,0.0001560011511312,0.00021338730695488,0.5,0.8,0.8,28,0.1180898729756027,0.0534434856647894
18,18,0.141624879938571,0.3793732100353364,0.3170309411798009,0.10648966924479121,0.0628427544623822,0.09965100370529317,0.0001730902932976,0.00023634807343457,0.5,0.8,0.8,29,0.1145894496309408,0.0454694664751594
18,19,0.13456305158045448,0.3693248426371144,0.30618940833196173,0.11306650655608881,0.06453825958834482,0.08922354360280574,0.00015654259636354,0.00021945949632460002,0.5,0.8,0.8,30,0.1183301997053159,0.0538553649553715
18,20,0.11897564383546577,0.3247138807065625,0.26075415592879003,0.10119136807361673,0.15128521826975308,0.09354306500026931,0.00020131261450172998,0.00025661923905676996,0.5,0.8,0.8,32,0.0926761311222886,0.0628513845060325
18,21,0.11998164254902505,0.3251263524537362,0.26102128408371017,0.10528544425415721,0.052066547005781866,0.09614602843887833,0.00019357068229046,0.00025444280600916004,0.5,0.8,0.8,33,0.0950186470236882,0.0563345079184438
18,22,0.11993057940198017,0.3282372069268231,0.27151222682014314,0.12283371318310636,0.05032419624970312,0.09655310528283907,0.00020029860876611002,0.00026071076166875003,0.5,0.8,0.8,35,0.095161442101021,0.0605467683205779
18,23,0.09909475033568156,0.2925755741232382,0.23891812754771657,0.11250915996509532,0.06402646854694861,0.07168788793440715,0.00020449918511143998,0.00027634748008121,0.5,0.8,0.8,39,0.1078911491894554,0.0833906036610877
18,24,0.08104119220356211,0.200303015872267,0.13684917178939876,0.11062874241844158,0.478000692913167,0.08936644737260427,0.000244654429851,0.00037496892917822,0.5,0.8,0.8,40,0.0666058662426427,0.085880848335957
18,25,0.08082807185049068,0.28526752132446237,0.3946080364100017,0.5631542103505977,0.04502652914851686,0.08839469622518165,0.0007035842434910901,0.00031998552868231,0.5,0.8,0.8,132,0.1825710472981788,0.0565020129887215
18,26,0.41844193094752985,0.6125482487949161,0.7264587778885225,0.9096560262944974,0.42324316723077116,0.08819407380865925,0.4056812684104731,0.02224007953149361,0.5,0.8,0.8,134,0.2260545167249447,0.0835899240320101
18,27,0.07711489482414818,0.25799069481736836,0.35566508915611394,0.5812590913247822,0.07787243982252415,0.090841065748671,0.0008607787477143,0.00063477398877076,0.5,0.8,0.8,135,0.3082180295730224,0.1074190750591741
18,28,0.07620481087805565,0.2564199811838704,0.3607074115532492,0.5994273694873103,0.05797302707147142,0.0911041491093179,0.000896521474204,0.00066239775433776,0.5,0.8,0.8,137,0.3173431341796878,0.1060376315044678
18,29,0.1606554894486717,0.3393438303647457,0.45006779272489555,0.6893746549608606,0.1369044599354224,0.08758745305892357,0.02275763329313811,0.08818241785824513,0.5,0.8,0.8,143,0.2702005219266424,0.1353503666398132
18,30,0.16556482076495782,0.34695133830133895,0.4649828477638628,0.7014854750150027,0.14278913888179282,0.08825544882702731,0.00393599800020231,0.11302489730491558,0.5,0.8,0.8,144,0.2998766671429922,0.234070117112798
18,31,0.8785052603001311,1.0558975276664924,1.1731118305750003,1.4304317154576074,0.8618130676773774,0.08844977836476911,0.00921423709728293,1.0,0.5,0.8,0.8,146,0.3003316368418731,0.2330384491228939
18,32,0.1633185678607279,0.34769968527802037,0.4798543759724206,0.7299238864034149,0.13761858100972857,0.08792577251654511,0.02532029384612086,0.09036682726410254,0.5,0.8,0.8,148,0.2827397877673751,0.1330764783591395
18,33,0.16335728321051646,0.3436158102478274,0.4681721006690168,0.7340628633485642,0.1387484507638692,0.08814142418659203,0.02532526341233405,0.0903974851060137,0.5,0.8,0.8,149,0.290065199829091,0.1449413837871182
18,34,0.6352644527194125,0.8383987362257725,1.001410508032917,1.3055265159172247,0.6076338771683647,0.0898269066998714,0.08916700956932247,0.6140934115691042,0.5,0.8,0.8,164,0.2547272424396397,0.0933540064946932
18,35,0.6342807044324336,0.836071514891515,0.998808245522081,1.3075978223794913,0.6138371773293801,0.0896012703366383,0.0884916398474224,0.614084971429359,0.5,0.8,0.8,165,0.2545011610407676,0.0970192706038098
18,36,0.6328816018636593,0.8314886662508902,1.000333338289429,1.3257389172209513,0.6143978764546314,0.09010722914471103,0.08849558621311522,0.6140547007972434,0.5,0.8,0.8,168,0.2364335202207727,0.0889251297481554
18,37,0.634283525500523,0.8363420136523441,1.0126482906535692,1.367923195366709,0.6094113506269373,0.09295832869055022,0.08850249227370292,0.6140937933058102,0.5,0.8,0.8,173,0.2400435640965635,0.0848652621769639
18,38,0.6793405060705557,0.8807103680702559,1.0568766319374214,1.4105391050476652,0.6569895087996686,0.0933771295935279,0.09556843519385996,0.6632873979131123,0.5,0.8,0.8,175,0.253096513551737,0.0958253587005346
18,39,0.6335804820064946,0.8379965165470469,1.0215421459852834,1.3832592240896606,0.6129596478115111,0.09218932095462516,0.08850171864194256,0.6140886940800497,0.5,0.8,0.8,177,0.2478254234921145,0.0850508791202005
18,40,0.6361035341836786,0.8440883315668671,1.03511954035497,1.39765269459154,0.6112409978471963,0.09203419750231139,0.08950477030616703,0.6163775468049433,0.5,0.8,0.8,179,0.2471660963895918,0.086016868811867
18,41,0.6326261460756479,0.8517952928862611,1.0721420504890125,1.457080013945086,0.6096623151691546,0.09110767965460428,0.0891697748533334,0.6139932486414652,0.5,0.8,0.8,193,0.2545896755562198,0.093928017540481
18,42,0.6325854740799961,0.8471129918253598,1.0597570296343042,1.4612325896118836,0.6202764863310516,0.0910097576467854,0.08916558860121787,0.6142713634339398,0.5,0.8,0.8,194,0.2537893392641493,0.0827861999497618
18,43,0.6317900250788149,0.8478760395655747,1.0675993535589996,1.472430766953579,0.6121797674873892,0.09083278947539625,0.08917555069895217,0.6139836259938839,0.5,0.8,0.8,195,0.2668855741099175,0.095290114701416
18,44,0.6317901857036711,0.8515870544603161,1.0788247641862732,1.4810660635991257,0.6080417378865814,0.09083292973976276,0.0891755585577241,0.6139838276233928,0.5,0.8,0.8,197,0.2668621305650623,0.0952709868360752
18,45,0.6318242885430166,0.851697074385586,1.0789501803769683,1.4774367767147847,0.6081475673998102,0.09083783612730481,0.08917617486908284,0.6140015115113587,0.5,0.8,0.8,199,0.2648644689229303,0.0936294589261188
19,0,0.9645560139672504,0.98838763280402,0.9864719237786818,0.14613775221613512,0.0,0.0,0.0,0.0,0.5,0.8,0.8,1,0.9014509688873046,0.7564107017320759
19,1,0.8443050163870122,0.9765968923543852,0.9643722482855088,0.18372311563380203,0.1795791636542475,0.10131651131607862,2.519379878628e-05,2.6952323617979998e-05,0.5,0.8,0.8,3,0.8084503641933264,0.5720883046860648
19,2,0.4814912595988918,0.7846649792313154,0.7409273707229262,0.13216481538064656,0.8377166872491344,0.09892021062198444,0.00023057365280929003,0.00018403754900163,0.5,0.8,0.8,4,0.4944076054385232,0.2339954638001631
19,3,0.3965260647277429,0.7178613223971195,0.663160347471584,0.12107429443075454,0.1865040420375783,0.09852746887628999,0.00012174161299122999,0.00010493607664981,0.5,0.8,0.8,6,0.3580223700476932,0.1959215670861777
19,4,0.39231975451554935,0.7184422794983214,0.6699641740276129,0.13021646869926684,0.07029177088306157,0.10763708406239128,0.00021865927763293998,0.00018847496886324001,0.5,0.8,0.8,8,0.3760906532072573,0.2149164056971461
19,5,0.38181887054036995,0.7088111366906928,0.6590410618325331,0.1271665876182258,0.08464735643867426,0.10417230095987673,0.00017357670708828,0.00014961571636931,0.5,0.8,0.8,9,0.3558094415955604,0.1938150130551524
19,6,0.38077116392896326,0.7190006832315977,0.6915963590256231,0.14703304898474764,0.05321703240844571,0.10445163452374737,0.00016804022459772,0.00014601186047825,0.5,0.8,0.8,15,0.363439009520848,0.186690546865763
19,7,0.3575825463425363,0.7008808264477622,0.6750535403706847,0.18440777454809423,0.08013387900271718,0.13148465854643146,0.00049495906009884,0.00062349915903135,0.5,0.8,0.8,26,0.4324328385029891,0.2255667705171246
19,8,0.35738514168489244,0.6932574772462227,0.6523838353618298,0.15617932687635122,0.06697059991307583,0.1312396468311996,0.00050784681308492,0.00064464677541819,0.5,0.8,0.8,27,0.4343901057857586,0.2397665326292368
19,9,0.34569379138190864,0.6923743915520456,0.672381504073967,0.18942819887308088,0.10617289579884251,0.1277196187525539,0.00040968011026811,0.00052003666347414,0.5,0.8,0.8,28,0.4121843276939084,0.2300528319525116
19,10,0.35185518859896436,0.6947132347970574,0.6668140737777253,0.20044284351693029,0.07794393128455683,0.14479234432939178,0.00041057617304237997,0.00038007336949567,0.5,0.8,0.8,30,0.4759300468339177,0.1581207159382339
19,11,0.34944366374903346,0.6884980665374749,0.6528224580774266,0.17267689200744823,0.07864580129774461,0.14303814734867687,0.00038518875001691003,0.00035693559455518,0.5,0.8,0.8,31,0.4663474638760375,0.1632026117853616
19,12,0.348822952732563,0.6878357452781403,0.6520508821369729,0.1724907744524378,0.07347324996225472,0.14303814734867684,0.00038518875001691003,0.00035693559455518,0.5,0.8,0.8,33,0.4940867893634409,0.183227781156547
19,13,0.3170724346628634,0.6648243947910383,0.647249015898924,0.19974968076973182,0.17319328305400467,0.12707809755676666,0.00041564339110809,0.00045907956436149,0.5,0.8,0.8,34,0.3851544319866258,0.2301470657684623
19,14,0.3216049474862894,0.6735186831950144,0.663411736565367,0.22193243141398455,0.07036740696669436,0.13756829766056006,0.00040054387047794,0.00049503064015533,0.5,0.8,0.8,38,0.3603001203966681,0.179453985396967
19,15,0.3129320619196456,0.6562122041345394,0.6303585503406768,0.17328837621636775,0.0789985143386761,0.12649515479584097,0.0004261506330721,0.00047423563957887,0.5,0.8,0.8,39,0.4140358504931037,0.2508715348589551
19,16,0.31581010380161034,0.6705045704479815,0.6669368253028556,0.22825842364770124,0.07757576204670764,0.13598812496966384,0.00037379854716883,0.00049230720302128,0.5,0.8,0.8,40,0.3560396694456246,0.2014861243514623
19,17,0.31608131996677036,0.6655795786239829,0.6534444062972287,0.24323942948681382,0.09778793516368332,0.14623115009753213,0.00041815635245141,0.00050753156687378,0.5,0.8,0.8,41,0.3336359134882345,0.1381987103411197
19,18,0.30983762803222925,0.6591963151552668,0.6469237101079052,0.24941419013721886,0.06944650301743428,0.13539953693023762,0.00038095286950002,0.00037666156284732,0.5,0.8,0.8,44,0.3353363813953656,0.153072926895918
19,19,0.3065994718634879,0.6557537253698901,0.6432797784788519,0.24984117745510906,0.07111352158643194,0.1307235576638123,0.00040912754126169,0.00049343698556091,0.5,0.8,0.8,45,0.3244834610720992,0.130970340989317
19,20,0.30447978567824435,0.6534203559790487,0.6407381227033935,0.26336638311319305,0.06575756534496116,0.12889015525099554,0.00034857949906279,0.00036137256548591,0.5,0.8,0.8,52,0.3272522975819584,0.1492322983651289
19,21,0.30477295801838006,0.6609441695085702,0.6631108578203018,0.27920113811641883,0.0684474833929374,0.1310171115017465,0.00038723037996065,0.00048402196748289995,0.5,0.8,0.8,54,0.318659347037457,0.1370189004489616
19,22,0.3029149597720324,0.6615763976776169,0.670155183696992,0.29710140159902865,0.09735720780453229,0.13754770131345034,0.00067659609712785,0.00061720038504474,0.5,0.8,0.8,55,0.3376236243012532,0.1433571551935055
19,23,0.3026389392035675,0.6572521381454324,0.6580258659168147,0.29730415501779595,0.07338303428056096,0.13989430336002087,0.00066413202177361,0.00059866107573289,0.5,0.8,0.8,58,0.3337200693599146,0.1735033849952835
19,24,0.2987381301163598,0.6558309679586003,0.6631148649144917,0.306313296337515,0.0844630683292495,0.14175610294927687,0.00066747606236939,0.00062593520679782,0.5,0.8,0.8,60,0.3092353580563211,0.2087832717286982
19,25,0.2886711843306148,0.6432279939025849,0.6486337398647756,0.301304186611013,0.11764200594535831,0.13958021790850506,0.00058123101759871,0.00054943562343213,0.5,0.8,0.8,61,0.3044786746921369,0.2027665990334916
19,26,0.28109198615279474,0.6389051691554393,0.6515098145160183,0.32625050443015224,0.06588816592711463,0.12796053910934913,0.0005015487792756,0.00023961242569422997,0.5,0.8,0.8,67,0.2700736434420789,0.1494910189129709
19,27,0.28669658839975126,0.6401314879958102,0.6447689711632282,0.340303855639804,0.07791647576631448,0.14294376432541928,0.0006049239414020701,0.00037425371150507996,0.5,0.8,0.8,69,0.2701543648449799,0.1564808464062443
19,28,0.2858748382293759,0.6354905831505985,0.6325418021857703,0.3522821755836491,0.07355246028073498,0.14204457492739714,0.00050446259843423,0.00041845641247077,0.5,0.8,0.8,70,0.326651594628905,0.2024907381789729
19,29,0.26513390187189534,0.6098227018097568,0.6093152762349551,0.34592908298094266,0.1999770246272088,0.14491459145005114,0.00045531002652773997,0.00038983421553741,0.5,0.8,0.8,71,0.2912917233785967,0.1905941329959357
19,30,0.2617058672585702,0.6046527829175088,0.6032447949331473,0.34789399222575346,0.09593968556218345,0.145444772553683,0.00047612541852452,0.00039907435370026,0.5,0.8,0.8,72,0.2859850039506812,0.1949925235675122
19,31,0.2599909680367776,0.5992245028174827,0.5903004772967595,0.3653683189093618,0.07172625742413236,0.1419093605431075,0.00052318181359023,0.00042722996835144,0.5,0.8,0.8,76,0.2944319804434746,0.1516571134151384
19,32,0.25594872174494454,0.5931829973903566,0.5832621031322713,0.36688097800744607,0.096636188643541,0.1419908572357926,0.0004978355623728,0.0004032283067249,0.5,0.8,0.8,77,0.2904032583710229,0.1619937484641353
19,33,0.2564630663553518,0.5935603615535479,0.5835720093092938,0.3675550679270076,0.07419582836966317,0.14348939093074353,0.0005397555222716301,0.00040771017873274,0.5,0.8,0.8,78,0.2832518305021696,0.1594522062232757
19,34,0.25650576411285303,0.6078468775772319,0.6276238624380192,0.39704985953896305,0.07554598654087671,0.14598379946116236,0.00052169966749843,0.00038489210463367,0.5,0.8,0.8,82,0.2760192842360244,0.1566722125158233
19,35,0.2565057671870094,0.6041356473145805,0.6163981490417011,0.38745861218364325,0.07371720283227196,0.14598379934273042,0.0005216996903461,0.00038489207255515,0.5,0.8,0.8,84,0.2760192858661727,0.1566721968233528
19,36,0.2559741837157854,0.6070332426619681,0.6266744515259906,0.4143990616891376,0.07485682722666852,0.1459980989488259,0.00051726468918601,0.0003921003227031,0.5,0.8,0.8,87,0.2763121935934413,0.1603741481881966
19,37,0.2551010067925419,0.5962402454377275,0.5996739273021289,0.4207607832562076,0.08486952060775095,0.1534977170225039,0.00052907059713091,0.00041063087631823997,0.5,0.8,0.8,91,0.2090758971859184,0.1145019071013303
19,38,0.25126596948652985,0.5904610002884523,0.5930081772706176,0.4221439862718861,0.09925538055398975,0.1527461464141681,0.000491958552967,0.00040999614659619003,0.5,0.8,0.8,92,0.2274059704091937,0.1099297645891119
19,39,0.24793528124113828,0.5886638383717409,0.5977614289496126,0.4385992560868922,0.08546280205336372,0.1533223471279104,0.00051211036631895,0.00044959656101337,0.5,0.8,0.8,95,0.2313889600029811,0.1194776434815014
19,40,0.24695244112079126,0.5827073228105767,0.5837435980242979,0.44400431611124724,0.08533645612858418,0.1554866975318208,0.00049175436855183,0.00045392171926537,0.5,0.8,0.8,97,0.225572910038751,0.1099151268280618
19,41,0.24247294996577504,0.5796028408046644,0.5871641905464989,0.49122504541062095,0.07992540705668429,0.15342675129853944,0.00075133829095014,0.00045932376213943,0.5,0.8,0.8,108,0.2355961932515399,0.2029325822538644
19,42,0.23912725001153767,0.5813316940081529,0.6029536028871073,0.5268360745428298,0.0819049698853662,0.1542412752693746,0.0005048573139661299,0.00041665620456324,0.5,0.8,0.8,114,0.2045808901075888,0.1176458114254924
19,43,0.23241469235591053,0.5646347124013135,0.576270664246261,0.5347642353912844,0.09530011358282856,0.1576494318275117,0.00079233271846552,0.00049416744976313,0.5,0.8,0.8,118,0.2241585690429416,0.147409623688282
20,0,0.9906311200948759,0.9969696084240741,0.9964696828513327,0.1485295483337864,0.0,0.0,0.0,0.0,0.5,0.8,0.8,1,0.7896933605758443,0.7531954226678935
20,1,0.8664774317124331,0.9804742773099111,0.9702188042714583,0.17899083064794935,0.1646009828946108,0.08521976943181529,1.946219054146e-05,1.9104794109669998e-05,0.5,0.8,0.8,3,0.6152765350020863,0.5524439350686344
20,2,0.5128072799287876,0.8062402442523743,0.7660688674261922,0.13814684717849052,0.7977425816601511,0.09886911345383641,0.00019370546463389,0.00019967121826088,0.5,0.8,0.8,4,0.409280805322007,0.2204503042365578
20,3,0.49863659085298806,0.7965835025536354,0.7548510285226284,0.1369804696622651,0.08858786940600794,0.09837709044821497,0.00022407176748961998,0.00023463501044881002,0.5,0.8,0.8,5,0.4205445678126793,0.2214267141038412
20,4,0.4200965866348577,0.7377592782094781,0.6863230090109481,0.12669789951614344,0.2921790270132539,0.09866231514885074,0.00013081877149586,0.00014678441401527,0.5,0.8,0.8,6,0.2637362930159513,0.2042001203788711
20,5,0.40230809888054864,0.7265960500685876,0.6801963127483127,0.12806469325648617,0.08067760833316835,0.09892455255305437,0.00013520870483442,0.0001612908589649,0.5,0.8,0.8,8,0.2082640948875273,0.1625489275212522
20,6,0.36318388011675967,0.6914192114316059,0.6386781415541457,0.12637775828586803,0.13223897552986955,0.10553013764166397,0.00011640326881055001,0.00012992324317492,0.5,0.8,0.8,10,0.2633680772311712,0.2081400113034563
20,7,0.34968181044235336,0.6805136286606328,0.6265257025903935,0.13094224271407776,0.09047112481218202,0.09863054322747004,0.00016899625772175,0.00020527469341938,0.5,0.8,0.8,11,0.2379178426095643,0.2091311728264041
20,8,0.31212483850119244,0.6424684757759755,0.5891229020674127,0.12563569408313946,0.13058572012397776,0.09843272796118631,0.00016845112761948,0.00020470911413766,0.5,0.8,0.8,13,0.2077316455192688,0.163411207184235
20,9,0.3120895085622034,0.6424290626777799,0.5890769659210123,0.1307649155407715,0.04967707227589427,0.09843272796118631,0.00016845112761948,0.00020470911413766,0.5,0.8,0.8,14,0.2086146413652742,0.1621919549192432
20,10,0.2539483741421311,0.5721663708667285,0.5132989635835811,0.11533447200050738,0.38030965242946574,0.10798989259217505,0.00029538727565729,0.0003661749078704,0.5,0.8,0.8,15,0.2137906727722285,0.0892136431210467
20,11,0.25008539566173454,0.5664564090140263,0.5065657767311063,0.11252626232412177,0.06780995111581545,0.10887570278132074,0.00030233958035631,0.00042150511478011003,0.5,0.8,0.8,17,0.1935813128426922,0.1274106271259985
20,12,0.240360401276156,0.5522533981527104,0.49001234505497193,0.11118795128931051,0.11423801299295008,0.1089253629470561,0.00034506731873089,0.00040341601826454,0.5,0.8,0.8,18,0.152346495420551,0.1976519342201723
20,13,0.23560802107198622,0.5479596521989558,0.49169862816492,0.11683556647141173,0.09431464423719382,0.11148367075756195,0.00033267983430044,0.00043757568662065004,0.5,0.8,0.8,19,0.1592326415510898,0.1261520578321586
20,14,0.23548897957551956,0.5477759509194345,0.49148461976522007,0.12208981641311972,0.05711573921253949,0.11148367075756195,0.00033267983430044,0.00043757568662065004,0.5,0.8,0.8,20,0.1587854740183313,0.1275018574187486
20,15,0.23384107969345694,0.5489988007987909,0.49982749760810674,0.12317179891796472,0.06616593072008611,0.11125562341785114,0.00033568848090074,0.00045537705962719004,0.5,0.8,0.8,21,0.156755856398357,0.1144547342040159
20,16,0.2172603838242379,0.5223190549129454,0.4687832708227099,0.13128653889224884,0.11057855116795003,0.11076843240238911,0.00032988330288565,0.00048647167993481,0.5,0.8,0.8,23,0.1397614491083579,0.1065716896406102
20,17,0.21660924988643968,0.5249314079529005,0.47872841686759454,0.1357850249784713,0.05830978028633585,0.11075126280054659,0.00033752265250742996,0.00049213381984269,0.5,0.8,0.8,25,0.1366469523657038,0.1043259845107751
20,18,0.2090354995533788,0.5128314247353842,0.4648094247241956,0.13061052097134906,0.10098440956590474,0.10898602731501757,0.00027665733315156003,0.00031426792124944,0.5,0.8,0.8,26,0.1568151452459569,0.1077130191662417
20,19,0.2085469230925966,0.5111425214758687,0.4626858708812693,0.13666723587997123,0.06627919959286915,0.11073403782421276,0.00029069339389428,0.00039032929741463,0.5,0.8,0.8,27,0.1302619460430752,0.0778726269200637
20,20,0.1907401900933708,0.4782604600440677,0.4243806252611036,0.13335244408967645,0.12368386900744799,0.11068558183557288,0.00031167190954484,0.00038946095502386,0.5,0.8,0.8,29,0.1110668078068156,0.0686606024015623
20,21,0.1887783075908765,0.47815484827766924,0.43116184419575826,0.1461886958839025,0.06373729791109278,0.11061007978198042,0.00033003538733677,0.00040278369286943,0.5,0.8,0.8,31,0.1117230074983562,0.0739196570673783
20,22,0.18671480149002034,0.4740344582783417,0.42635407221693344,0.13702555324842333,0.07312397577767446,0.11069048475858849,0.00033357302877282,0.00040690248174367,0.5,0.8,0.8,32,0.1119058999117097,0.0704611129579389
20,23,0.18094903579553015,0.466176999773512,0.42411618338021323,0.15202287355175373,0.07955218275985408,0.11062858171797538,0.00032753177379269,0.00034880537525751,0.5,0.8,0.8,34,0.1121073614892418,0.0876389785638483
20,24,0.1702636724494556,0.44327382566115814,0.397412020749501,0.15193273862478232,0.15101487150729512,0.11080239753760429,0.00035843822741528,0.00038109228934472,0.5,0.8,0.8,35,0.1159983213724072,0.0831145964301305
20,25,0.1673828526111334,0.4399630901504261,0.40037650328678986,0.17355288035101557,0.06267949753788789,0.11166223467281511,0.00036713925307183,0.00044731016972485003,0.5,0.8,0.8,40,0.1323167978293717,0.1093180751458576
20,26,0.15533405693369734,0.4266884464033661,0.41254400049426304,0.2141748761240124,0.0707682703568257,0.11134557040133086,0.00041755451237907997,0.0004193825433781,0.5,0.8,0.8,48,0.1175956004511588,0.1044698354457317
20,27,0.15511886973109817,0.4298756917270517,0.4231597046885613,0.20951144035111688,0.057413880453737735,0.11152952450531499,0.00041051472599844003,0.00030793984033978,0.5,0.8,0.8,50,0.1015510293769205,0.1038361321718544
20,28,0.15483790385204457,0.4328954777221465,0.4335797587137098,0.22524923320696086,0.05776750277541165,0.11147630916472766,0.00041533683017924,0.00033727735164932,0.5,0.8,0.8,52,0.1101600628297879,0.1090276115056325
20,29,0.15349516505852703,0.4258496363058566,0.41846760921163745,0.23811370919550173,0.06324974004096766,0.11149156267486597,0.00041446497702298,0.00034169355233314,0.5,0.8,0.8,54,0.105744549102183,0.0989559413548458
20,30,0.15187780707259696,0.4366782307994687,0.4586943631330619,0.2889742719015267,0.05839481580751404,0.11142712731820023,0.00042195313269313,0.00035262448440676996,0.5,0.8,0.8,62,0.1154406229903225,0.1188000762292765
20,31,0.14484279936272443,0.41842949517968614,0.437427713035166,0.292047901647046,0.08153151708096139,0.11153116958500386,0.00047900443626939,0.0002870105448677,0.5,0.8,0.8,65,0.1193128194616083,0.1170640587723014
20,32,0.14401530061761714,0.41221012893396575,0.42324976365113387,0.3227896807879449,0.06029699043748131,0.11190546857596598,0.00043267725048992,0.00032935056972493,0.5,0.8,0.8,68,0.1090779295412322,0.1185472481943258
20,33,0.14199437889086783,0.4107156694588263,0.4284354065400861,0.3312616038001068,0.06679518130328539,0.11159384822212261,0.00047797768450201,0.00029382928583595,0.5,0.8,0.8,70,0.1276218599752918,0.1227260445103599
20,34,0.14190677349610298,0.4138338064668208,0.4389361732287432,0.33124578593061704,0.05773351721924381,0.11150298640635403,0.00048019106871057,0.0006060270148389401,0.5,0.8,0.8,73,0.135965175026473,0.1187231806721061
20,35,0.13887450715920976,0.4015733441503323,0.4177340622433457,0.3506349281826414,0.09236233304063073,0.11163709206867534,0.00048056226686018,0.00064930383714439,0.5,0.8,0.8,74,0.1422564675576127,0.1218207324494088
20,36,0.13874013796374843,0.40490633188300684,0.4285189146598911,0.36078923733315216,0.05752567283552433,0.11162129331307832,0.00047925203825229,0.00066205100899289,0.5,0.8,0.8,76,0.1432434215210191,0.1223659824017233
20,37,0.1387125803776122,0.3974004043433942,0.40596968925424176,0.28543766973609086,0.057054023299405406,0.11162443267813708,0.00047990978599912,0.00066385840433062,0.5,0.8,0.8,77,0.1439726499989915,0.1223936303208585
20,38,0.1385289192568806,0.4155242494712232,0.4616020227025322,0.43208750314937594,0.056779398064707616,0.11165202587049597,0.00048168866733593995,0.00058766538974032,0.5,0.8,0.8,93,0.1454712929791564,0.1185309223796627
21,0,0.9259412434993676,0.9752592203998572,0.9711777594515972,0.14247886458778977,0.0,0.0,0.0,0.0,0.5,0.8,0.8,1,1.0754391665716474,0.7636066909511281
21,1,0.8137830266770502,0.9590948580564678,0.9453937310124451,0.17267780050274176,0.16241073510996368,0.08426178029915693,1.019592825971e-05,1.1257136432859999e-05,0.5,0.8,0.8,3,0.8611697505601531,0.5535435109451394
21,2,0.4663287518442436,0.7736985744018915,0.7281455201578083,0.12913664893220236,0.8462289102270556,0.09886716029529208,0.0002474610344195,0.00024795319321649996,0.5,0.8,0.8,4,0.553901806021903,0.2251766625272244
21,3,0.3857396307707841,0.7083788905366118,0.6520761680152548,0.11546778159131987,0.18406049420984552,0.09904074421796905,0.00010787286948272001,8.176714561851e-05,0.5,0.8,0.8,6,0.4153159721333068,0.1525308461453527
21,4,0.38572575161454065,0.708366542394908,0.6520616475588407,0.11731805275677586,0.04972656473094332,0.09904211682636,0.00010787686102243,8.175065091634999e-05,0.5,0.8,0.8,7,0.4154260544345697,0.1526379229650945
21,5,0.3710353355187084,0.6986647017479402,0.6476735821214421,0.11805834194797979,0.10462452011739627,0.09885736776875892,0.00012762437172018999,8.645500615165e-05,0.5,0.8,0.8,8,0.4028797618876289,0.158612978201571
21,6,0.35990007298093146,0.6913316598412774,0.6322054941516831,0.12748137857727718,0.09373597039362722,0.09915817868412154,0.0001370339676578,6.373957618957e-05,0.5,0.8,0.8,9,0.4147860626624833,0.2626288029653139
21,7,0.36162382628301576,0.6935973149102389,0.6482581661417146,0.12306427473281856,0.0546808215664302,0.10378179897824817,0.00016200217925782,0.00011309157611276002,0.5,0.8,0.8,10,0.3943798093822391,0.1515377478149938
21,8,0.34045054166161987,0.6722825053654898,0.616916085566814,0.1320395552756131,0.12653121841637727,0.09915817868412154,0.0001370339676578,6.373957618957e-05,0.5,0.8,0.8,11,0.5436066825903223,0.1743546503638127
21,9,0.3395459594823175,0.6691756564708146,0.6132774989146171,0.1304125397961491,0.05415095299930257,0.09908080078865876,0.00022486499649689002,0.00016979185594625,0.5,0.8,0.8,12,0.3514625673190221,0.1935824268387768
21,10,0.3198052628209068,0.6527952244376888,0.6004037594928687,0.12930720586182853,0.1588195999081155,0.10756059831155572,0.00023444251843392,0.00011274830630267001,0.5,0.8,0.8,13,0.420223421817756,0.2407110986465546
21,11,0.31479843940423574,0.6454012905686715,0.5924832754812227,0.1292727890808901,0.05352036849019728,0.09908080078865876,0.00022486499649689002,0.00016979185594625,0.5,0.8,0.8,14,0.3854986504963328,0.1798338165439625
21,12,0.3023656484722239,0.6272436510368036,0.5637214430119064,0.12073460356465587,0.13252247773991363,0.10758153918417941,0.00026168487574897,0.00017371890605335,0.5,0.8,0.8,15,0.2936396785398318,0.1158394955320021
21,13,0.29488467149718944,0.6202790638777962,0.5555880302284479,0.12990354463041304,0.09143595675087265,0.10767344892015458,0.00033291805017725,0.00019585890396478,0.5,0.8,0.8,16,0.2880079571127836,0.1490299520055581
21,14,0.2829562532161503,0.6141724166975252,0.5622961777873988,0.12111281637888344,0.1140291880564618,0.10756152193325275,0.00029902120318127,0.00016465813214459,0.5,0.8,0.8,17,0.2646855172564643,0.1314520274802396
21,15,0.2652853262980071,0.5841715694092207,0.520426061051559,0.12566124274924795,0.14952665882832397,0.10767344892015458,0.00033291805017725,0.00019585890396478,0.5,0.8,0.8,18,0.2928509458092874,0.1118558745832707
21,16,0.24909810865713689,0.5579170764130584,0.48292270741893745,0.11290689760065545,0.14778065355961942,0.10794696973752956,0.00030327556242918,0.00017227894575834,0.5,0.8,0.8,19,0.2623169960709975,0.0762006856465808
21,17,0.23562411662535634,0.5377763484690256,0.4594131844717387,0.12688728899240095,0.13881398085801552,0.10824516436833553,0.00043388834103822,0.0002049930835231,0.5,0.8,0.8,20,0.2510283408537487,0.1229181914076369
21,18,0.23847126232417917,0.539741840580053,0.4609606301149742,0.13325329888551865,0.06960272005462725,0.11721369659336159,0.00043736844164344,0.00022078122801628,0.5,0.8,0.8,21,0.2484313577024833,0.1032302943518566
21,19,0.21513769396239749,0.5050093630622858,0.4212753969548148,0.10775143740839764,0.1782617160322776,0.10796550075999581,0.00038044776680822,0.00017003741949018,0.5,0.8,0.8,22,0.2189213960862273,0.1029354901223977
21,20,0.21305619735482836,0.5051336501243754,0.4283101081345551,0.11922792914160017,0.06958125342078503,0.10818442422404989,0.00034921028464362,0.0001576927106647,0.5,0.8,0.8,23,0.2204120145534222,0.0974324781502934
21,21,0.21162074278135065,0.5028695044915247,0.42571580564823475,0.11340981445243443,0.06250896161308882,0.10760890472295556,0.00035757591232941997,0.00018063502478261,0.5,0.8,0.8,24,0.2156158721463183,0.104959577902485
21,22,0.20952126285830297,0.5029585287516147,0.43272009720730925,0.12503367234779322,0.06925463864403417,0.10771141250808686,0.00032522819791155,0.00016141520555261,0.5,0.8,0.8,25,0.2261765539523015,0.0831858044727519
21,23,0.21166721111454462,0.49577631042272946,0.4097596339409786,0.13121261231681047,0.07801934223928594,0.11714485256690375,0.00035872704703704,0.000209985217431,0.5,0.8,0.8,26,0.248014307341021,0.10539771544017
21,24,0.20206575341067076,0.48607289740032805,0.40614922103884676,0.12665666748535742,0.08951740400436686,0.10768864412757116,0.00032303122273693,0.00015808489446792,0.5,0.8,0.8,27,0.2291664041521546,0.0972298744195433
21,25,0.2017741833136668,0.48543566524018095,0.40538432169887834,0.12135820668987941,0.05755656130757525,0.10799286322089015,0.00030215230395357,0.00015970552500271998,0.5,0.8,0.8,28,0.2272644542385757,0.100376583818408
21,26,0.20124065368902308,0.487963813004624,0.41518810663782263,0.12643823893122344,0.060595101205901475,0.10849566596819402,0.00031633908687737,0.00016178523106718,0.5,0.8,0.8,29,0.2269349153362916,0.0977380651319732
21,27,0.2035530693299935,0.4852542805598689,0.40447152389024466,0.1483454911196111,0.06282129298947393,0.1164019156608292,0.00031359515616204,0.00020798705612041,0.5,0.8,0.8,32,0.2564377823705183,0.1135054469542526
21,28,0.1993914426921371,0.4918420602922443,0.4334773376767988,0.1667445648692914,0.05540017841310978,0.108740326023419,0.00036360791156955,0.00021369566752788,0.5,0.8,0.8,37,0.2300953768691586,0.129868847610095
21,29,0.19806509928354407,0.49309682384083664,0.44184132636232604,0.18052895532656557,0.05987447395912604,0.108740326023419,0.00036360791156955,0.00021369566752788,0.5,0.8,0.8,39,0.2335365966511425,0.1235021805840046
21,30,0.19359810057012025,0.48408640559918353,0.4312248015683416,0.20224988468275598,0.062258558389085915,0.11033965329800623,0.00035661281409333004,0.00012794425951625,0.5,0.8,0.8,45,0.1832142219007592,0.0725627631949684
21,31,0.19182292358034272,0.484400557102984,0.4384931826722368,0.21027497956691413,0.06256135282719257,0.1103514329140727,0.00035472231687166,0.00012099550198097,0.5,0.8,0.8,47,0.1704824307867579,0.0865508494882743
21,32,0.18702684257419477,0.47493804924950256,0.4274543052866627,0.2167403343519742,0.07533152091204698,0.1105078838240515,0.00037062660048265,0.00012347396512845,0.5,0.8,0.8,49,0.1742099521586866,0.0640367627484475
21,33,0.18680617848355593,0.4744946124334685,0.4269367491710088,0.21702690209093198,0.05750689710318654,0.11053397217938436,0.00035895249425692,0.00012619055701903,0.5,0.8,0.8,50,0.1752491534741078,0.0665036030733448
21,34,0.18479128993161945,0.4741873296796037,0.43348065131680863,0.2282926110453181,0.061189082029783,0.11055255383367593,0.00036531742303794,0.00011080720700894,0.5,0.8,0.8,53,0.1689905303012408,0.0602426334849553
21,35,0.18449647935471028,0.4699213229900004,0.42161529387639607,0.23450017624270666,0.05772594257798304,0.11045040902716606,0.00035869846485383,0.00013098412120596001,0.5,0.8,0.8,54,0.1702945670131831,0.0621610488467842
21,36,0.1792429270894816,0.46662446383514844,0.431580231762318,0.2473786397617429,0.06665796897512903,0.11043500587200265,0.00035170672211303,0.00013821825100367,0.5,0.8,0.8,58,0.1757335533073857,0.07151822369185
21,37,0.16827763721757993,0.4460688370905592,0.4144427995116322,0.27355354993627007,0.07665537942417072,0.11035657695528284,0.00042251744560081,0.0008210231788678199,0.5,0.8,0.8,63,0.1409013046248127,0.0594129951121645
21,38,0.16626046618198062,0.4452837040419295,0.42043621093258426,0.30198545978604585,0.06073705861463819,0.11042193367334673,0.00040148992443035994,0.00075698008290177,0.5,0.8,0.8,67,0.1436446937977115,0.0577445223530424
21,39,0.1642940704949586,0.4409396845487299,0.4153935455514967,0.2908394664543986,0.06476268117591412,0.11022918673512103,0.00042311492009790996,0.0007195259365498101,0.5,0.8,0.8,69,0.1353089079961317,0.0637638112242008
21,40,0.1640839652560069,0.4442488042347163,0.42616100151252284,0.30394809223041463,0.05736980586136925,0.11010381616224145,0.00042089738159383,0.0007226321580097,0.5,0.8,0.8,70,0.1378051932158097,0.0589348370572342
21,41,0.16135815013790006,0.433800971288667,0.40703587701472643,0.32954663494828845,0.06112669140546056,0.11049559857953173,0.00057904461936074,0.00070976184121075,0.5,0.8,0.8,76,0.1466586251304545,0.044619476244044
21,42,0.1597032229690967,0.4376796501692899,0.42540273180761634,0.3318107333810296,0.06051546308486212,0.11000345966375707,0.00045538691197833,0.00080870565905913,0.5,0.8,0.8,79,0.1382616545839885,0.0491708157528557
21,43,0.1566215742549297,0.43024605904794544,0.4167367991174805,0.34351681882156726,0.08686231264054282,0.1101442611380753,0.00048088710198394,0.00074092751397802,0.5,0.8,0.8,80,0.1304410268366179,0.0473315014437843
21,44,0.15596545871592415,0.43272232157747376,0.4265642969906665,0.3534482621969907,0.05717289868014212,0.10968939717558973,0.00045462614995566005,0.000744347736795,0.5,0.8,0.8,83,0.1399343037622276,0.0471361945091887
21,45,0.15490320865904947,0.4333120864118589,0.43409384775626175,0.35632014676432205,0.06094930239244753,0.1101957813381618,0.00052253257807896,0.0008125306914160901,0.5,0.8,0.8,86,0.1331239693107272,0.0346035203481219
21,46,0.1528480485362105,0.4248258756889153,0.4173393055266616,0.35817936156748037,0.07482642134858823,0.10998508063734673,0.00053421629909282,0.00067616022751218,0.5,0.8,0.8,87,0.1365592748801548,0.0401194041016199
21,47,0.1503740915405348,0.41820057135726263,0.4095777104476137,0.3742073180276563,0.08460957188228473,0.11023272847741943,0.0005921628136861901,0.0007915975305579999,0.5,0.8,0.8,88,0.1326082203083532,0.044996548380987
21,48,0.14744497433464815,0.41453186120528107,0.41222119347428,0.3897137381050449,0.07116141602322493,0.11007220658076118,0.0005540454251733099,0.0008149351710429701,0.5,0.8,0.8,90,0.1366519775184379,0.0456316101933895
21,49,0.1462009537907534,0.4077208454221335,0.3973990002022539,0.3959630861360079,0.062257996762445006,0.11005334013812906,0.00052630942847129,0.0007434409191455201,0.5,0.8,0.8,92,0.1365951693448972,0.0488964448586001
21,50,0.1458103011570891,0.4139718419866155,0.41847115875533386,0.43529365716852036,0.05670626164280705,0.11014225081444583,0.000559640964021,0.00076446923361547,0.5,0.8,0.8,101,0.1276588656556546,0.0444708789860865
21,51,0.14321728992671387,0.4108612814231035,0.42175550981593,0.4406054803821856,0.08412685707249286,0.11021989148534223,0.00056513943960238,0.0006660126986705701,0.5,0.8,0.8,102,0.1189538225643601,0.054462518457043
21,52,0.14252146443348535,0.41241475450289583,0.4304408494456384,0.47299857755381136,0.057208892767382793,0.11036820422738401,0.00062864343914585,0.00071165265747366,0.5,0.8,0.8,112,0.1139857111854309,0.0478542923660136
21,53,0.14075478629537028,0.41147816295794276,0.43626729462758446,0.4862269118609787,0.06242671073351508,0.11029309746119881,0.00060041894868857,0.0006706700409153099,0.5,0.8,0.8,115,0.1131960378117793,0.0501617222740232
21,54,0.1405959219034241,0.4072542034370308,0.42443705168289886,0.48976228100333613,0.05735471546044785,0.11033191714631031,0.00061013383934867,0.00069166870600168,0.5,0.8,0.8,117,0.1123208580743527,0.0468663912963355
21,55,0.14053208845238666,0.40714808556013327,0.42431995312510035,0.5312144853535731,0.0562021538188729,0.11030517962626478,0.0006019684318799899,0.00066707011389271,0.5,0.8,0.8,125,0.1117106829958738,0.0480056168754964
21,56,0.14004478997009245,0.4136294264595865,0.4457116810607855,0.6149569018017259,0.05637383328590236,0.10989629586078943,0.00061283379190447,0.0006334780538130101,0.5,0.8,0.8,132,0.1244472594440722,0.0552482529750172
21,57,0.13968272274726196,0.41264719589839355,0.44456889883817724,0.6185666492895484,0.059948139074211475,0.10987973292927919,0.00060956156665471,0.000635754449444,0.5,0.8,0.8,133,0.1241081021196893,0.0559629521520019
21,58,0.1391860562429554,0.41066025725970823,0.4421979490953024,0.5833515831196916,0.05867218634678421,0.11038631928701542,0.0006440834244464801,0.00071077335244868,0.5,0.8,0.8,137,0.11476434782226,0.0489901706283915
21,59,0.138923246876169,0.45121474724448934,0.56540878309769,0.6725836080516961,0.0560318351706042,0.11000928100592507,0.00062475837049356,0.00064961834758083,0.5,0.8,0.8,150,0.1226634989289368,0.0547282885205734
21,60,0.13865488441810428,0.42453737658227114,0.48602009966522086,0.7756786607456344,0.05624085494165822,0.10995793880429702,0.0006193150653365399,0.00064853992238904,0.5,0.8,0.8,161,0.1283305527800272,0.0548056215713584
21,61,0.13858565548744706,0.42445255620176775,0.48593092795829934,0.7871383700538199,0.055994715838186236,0.1097989278753559,0.00064065431277294,0.00065308274582567,0.5,0.8,0.8,163,0.1251002861096697,0.0555111632027184
21,62,0.13859894704984996,0.4312924806321726,0.5076471757473261,0.852848326603531,0.05651320132909941,0.11030552495043017,0.0006581966330032501,0.0007467374355939499,0.5,0.8,0.8,179,0.1232636147274615,0.0477296400785137
21,63,0.13681589873471847,0.4228311438552842,0.4909114223543439,0.8425575174218798,0.06564177706289229,0.11019040687062563,0.00065351861374659,0.0006439506982637,0.5,0.8,0.8,181,0.1220962429799733,0.0557328571350203
22,0,0.903894387336806,0.9675255890672596,0.9621683516963887,0.13888965193522007,0.0,0.0,0.0,0.0,0.5,0.8,0.8,1,1.1581799413109262,0.7495063282056779
22,1,0.7899444293989695,0.950619659899225,0.9350847507468883,0.1722209028945978,0.17202742017177813,0.08952737300270038,1.498481356592e-05,1.636185429899e-05,0.5,0.8,0.8,3,0.9358406407450944,0.5477409723644128
22,2,0.4618441710596167,0.7703487686982156,0.724263894466455,0.12811124104480195,0.813547523754609,0.09864342196724914,0.00023761131600601003,0.00024017332952042,0.5,0.8,0.8,4,0.5779155439603226,0.2351652127899694
22,3,0.4608556909698801,0.7736100219760147,0.7347801431371577,0.13344511193435404,0.05407054567086428,0.10076513606629302,0.0002763708714423,0.00027899598298009997,0.5,0.8,0.8,6,0.5718890486631513,0.2269819400506282
22,4,0.39682221767674536,0.7254929259922603,0.6859153668737784,0.14445126866951138,0.11794074001288384,0.09775656552719507,0.00017995571457008,7.369197176293e-05,0.5,0.8,0.8,9,0.5516915212737201,0.3335288201647058
22,5,0.3580184786220076,0.6938743576285771,0.6550843105056464,0.14511432967451435,0.1386254666247745,0.10825048244304131,0.00035747451439545,0.00014638602549372001,0.5,0.8,0.8,11,0.4881767710313518,0.3488632770464404
22,6,0.30676335838070756,0.6400841211590247,0.5928452865193903,0.13509143812844485,0.15812786115085747,0.10296435200740317,0.00046642907792750004,0.00012143795797582999,0.5,0.8,0.8,13,0.3319442180262128,0.2627501687109633
22,7,0.28798568414010406,0.6210673571746572,0.5773965779339273,0.1365813595957208,0.10193179442595438,0.10536679889779312,0.00044753199975354995,0.00013159006462276,0.5,0.8,0.8,15,0.2840331719694247,0.2483806111404946
22,8,0.2589632808547243,0.5901259998685752,0.5548292373420364,0.1504401806091625,0.08289238338104675,0.10927795306774182,0.00048016095057346996,0.00012533662435785,0.5,0.8,0.8,21,0.3058088353548486,0.2937839476232557
22,9,0.2548534212583272,0.5843716336092202,0.5481400723121852,0.15827557934731037,0.06275997877683102,0.1091415555170941,0.00042569348178753,0.00015526838043703,0.5,0.8,0.8,24,0.2865538397803387,0.2575706675339947
22,10,0.22644772358665352,0.5503378547491475,0.5226205386247861,0.16324020371301018,0.10736340200897186,0.1050363384700118,0.00052593300673083,0.00016330777677097,0.5,0.8,0.8,27,0.2385143187605339,0.1664383870382142
22,11,0.2053211039204299,0.5064050135105997,0.46351190237371853,0.15553837058930675,0.15506150754226825,0.11743337627522964,0.00054211490770198,0.00017300470902507,0.5,0.8,0.8,29,0.1997185978629425,0.1913751547794869
22,12,0.20007163528436953,0.5051829720890271,0.4760892110263837,0.18434481450025852,0.06195324616479436,0.11464241216663669,0.0007119546608841301,0.00025893289932813,0.5,0.8,0.8,37,0.2429080682457053,0.1391941918115607
22,13,0.18754426735779978,0.4853808667703757,0.4600394536060062,0.19542176320483762,0.15134942611154395,0.11339708396915125,0.00064240549859283,0.00022111908582411998,0.5,0.8,0.8,38,0.2305753953731562,0.1401681010988511
22,14,0.18585781607944457,0.48259214362135644,0.4568849375511626,0.19423960369550453,0.06142089440834043,0.11224587269657443,0.0006471048603971,0.00022182258013759,0.5,0.8,0.8,40,0.2252973316244147,0.1340073634310351
22,15,0.17407350985586978,0.45593681477008263,0.4255372629618509,0.18883897651412973,0.17587618738886357,0.11593276918140671,0.00057325448276328,0.00022687922322746002,0.5,0.8,0.8,41,0.2204415019954131,0.1041473802984764
22,16,0.1456213136222173,0.3913324060651247,0.3506962310629856,0.16505003273031918,0.18402505481856127,0.11102645308654119,0.0005350403803473099,0.00014073119129446,0.5,0.8,0.8,43,0.1701455976938672,0.1237786656371662
22,17,0.14795633557765026,0.3918891320430182,0.35078115499855395,0.1740638819066294,0.06340273930424072,0.11773351352139397,0.00055432132856284,0.00020037150845338,0.5,0.8,0.8,46,0.1743821122313925,0.091253532643553
22,18,0.14151360544225783,0.37915480571738874,0.3429495723178219,0.20321886079353924,0.09154190212001699,0.11653238540600244,0.0005487454199712999,0.0001893575464096,0.5,0.8,0.8,48,0.1523101223327443,0.101392750174829
22,19,0.127197149946096,0.3433221269115827,0.3083330044665268,0.20705613372707055,0.13619577763632024,0.11370294994857054,0.00056670216324106,0.0002333834122033,0.5,0.8,0.8,50,0.1437855312482754,0.0816034912018913
22,20,0.12348087115606086,0.3347888041523352,0.305259435800243,0.21988199105593542,0.07057988259454977,0.1142121413984497,0.00055255260228373,0.00019247876034622998,0.5,0.8,0.8,54,0.154374069142448,0.0802366026020913
22,21,0.1201527229251595,0.32975652444238696,0.30645182434925633,0.2357834816640031,0.07302600889130687,0.11227817444934295,0.00057382923813528,0.0002234953345829,0.5,0.8,0.8,56,0.1434692506035253,0.0863743397321332
22,22,0.11711049833618856,0.3212277922183578,0.29664039811975007,0.2328452311386384,0.07186590909725152,0.1107035725668223,0.0005960179715004,0.00024370752574457002,0.5,0.8,0.8,58,0.1422096378367119,0.0832856760869222
22,23,0.11853494243433127,0.3261841163786553,0.30906925553350495,0.24036986318757525,0.057872398423415905,0.1138449934464813,0.00056021662430561,0.00019024222566017,0.5,0.8,0.8,61,0.1474824689850693,0.0972298183218972
22,24,0.11852126298986501,0.32614184413626707,0.3090202890856037,0.24035686556609115,0.05768809366493729,0.11384152274412546,0.00056026957515902,0.00019016484139551,0.5,0.8,0.8,62,0.147394742500363,0.0972797663648663
22,25,0.1154636084798188,0.3197268013890193,0.3084774152413783,0.26875723305755195,0.06761608819493707,0.11356365692580378,0.00054470304906408,0.00016559793644262,0.5,0.8,0.8,66,0.1511996197017246,0.0904407851284288
22,26,0.11533043930459182,0.3192001607885374,0.30785988846145007,0.27907667798450186,0.05964732470519455,0.11361014766346184,0.0005451320018107499,0.00016624891389771,0.5,0.8,0.8,67,0.1517865899261055,0.0902025985362633
22,27,0.11342010192285527,0.31480352866470535,0.3028898257323119,0.273709821304957,0.06125003124385095,0.1117800888695382,0.00054022652489593,0.00016414776122328998,0.5,0.8,0.8,70,0.1540712424008625,0.1020784122920696
22,28,0.11249360892355335,0.3171547314450322,0.312656740790278,0.2722024689829609,0.058106195236441296,0.11027815050844997,0.00053511930972315,0.00015614752222575,0.5,0.8,0.8,71,0.1434348086672872,0.0991823556108883
22,29,0.11069006974013886,0.3027911004230163,0.28208909509471813,0.25413669673458256,0.0852558534624686,0.11060967351529132,0.00054370683347974,0.00016787150015221,0.5,0.8,0.8,72,0.1393064200821215,0.1031788104654999
22,30,0.1100182027457609,0.30394088932457536,0.29032352259791966,0.27377290368132734,0.061291326971016774,0.11069449585375002,0.00054554506957449,0.00016785941436024,0.5,0.8,0.8,74,0.1417326576202942,0.1050814638564492
22,31,0.1095169150541739,0.3033293937391383,0.29636113169317346,0.272697161529298,0.0622506527796026,0.11251056043741059,0.0005713054499452001,0.00016083930985779,0.5,0.8,0.8,78,0.1415521581371877,0.105417437309203
22,32,0.10753794839192118,0.3096319583515285,0.32456446840015846,0.33363624180144147,0.05690902677591002,0.11068248734642064,0.00053589298016157,0.00016881978009145,0.5,0.8,0.8,94,0.132063844925538,0.0979512246198746
22,33,0.10752887606463282,0.3169413271998604,0.3468793902425592,0.37966694962559827,0.056006618895116565,0.11073816136922085,0.00053607585581641,0.0001695980225438,0.5,0.8,0.8,102,0.1315536375211168,0.0981312363983236
22,34,0.10698196891510242,0.31096136509917893,0.3329983923166198,0.382766303569406,0.06567564166634215,0.11085508729782344,0.00054690850710774,0.00017901510909744,0.5,0.8,0.8,103,0.1303839009668274,0.0964516603879113
22,35,0.10745497672821683,0.32627641100328963,0.3783706558632989,0.43355427314104583,0.056488437452017974,0.11179916282871642,0.00055388511562807,0.00017426641609864002,0.5,0.8,0.8,105,0.1394562879412822,0.101892442283983
22,36,0.10705419910256825,0.3109094790072068,0.33291868906474986,0.39019042148993455,0.05646611753782563,0.11109658103194858,0.00054902273318729,0.00017190746875540998,0.5,0.8,0.8,107,0.129823161712365,0.0934226415222403
22,37,0.10679361449368208,0.32150994431920255,0.3660014479215407,0.43667425900847334,0.05748775598814707,0.11075905716460907,0.00055364599593316,0.00017455056638379,0.5,0.8,0.8,108,0.1399463914587466,0.1026203013339186
22,38,0.10683011834202959,0.32106633814124536,0.3654502722703994,0.43670077626841114,0.05885889784192559,0.11119119803113432,0.00055267838148128,0.0001658526363737,0.5,0.8,0.8,109,0.1410481927635399,0.1035462437492985
22,39,0.10723229045298738,0.321204225017976,0.36552899088424723,0.44846537468763387,0.0571604430640899,0.11217231917277273,0.00055134626395245,0.00017473033478427,0.5,0.8,0.8,112,0.139201771037036,0.1016154172342252
22,40,0.10684709183189828,0.327501347549681,0.3866894532401679,0.4890984231652368,0.06068511240713353,0.11192930030416189,0.00055104265262729,0.00017493055931687,0.5,0.8,0.8,113,0.1427604696618563,0.1019498733426626
22,41,0.10699881868514714,0.3199574274131838,0.3640547411008257,0.4482197687229245,0.05760049804779295,0.11237203314642899,0.0005766321857139901,0.000189652888103,0.5,0.8,0.8,115,0.1432858535722837,0.1077131474190963
22,42,0.10688670096584915,0.32338585637974654,0.37496026632672624,0.4814460678819789,0.056918346654656934,0.11228910378545028,0.00056749489711759,0.00018015338616856,0.5,0.8,0.8,120,0.1415715317213671,0.1043451174339639
22,43,0.10677070816334853,0.3230774193800078,0.37460797162449894,0.4813362362279347,0.057855432912546814,0.11217244738938113,0.00057620551794723,0.00019098315788878,0.5,0.8,0.8,121,0.1456189800774525,0.1073707268987871
22,44,0.1065372210410306,0.32172169754195873,0.3730025702275691,0.5885563573071937,0.05718310971753988,0.11224263581386276,0.00058849758370333,0.00033200682116557004,0.5,0.8,0.8,140,0.1478309549826363,0.1102260584317251
22,45,0.10639454451581595,0.3287071998400422,0.394951375202982,0.6156790960052367,0.05763500670045348,0.1122185484437676,0.00058489860505549,0.0003016921497277,0.5,0.8,0.8,142,0.1473356285993741,0.110181734875172
22,46,0.10649093447791601,0.32071427912644707,0.37178092146520064,0.592399715392425,0.05807995144562708,0.11285234150951923,0.00058050816358104,0.00032295229078994,0.5,0.8,0.8,146,0.1438313640011801,0.107661379030193
22,47,0.10614506127340266,0.32404934125213136,0.38262370080092606,0.6232862603104793,0.0569813813091394,0.11218948955622865,0.00058079832825081,0.00031785898844401996,0.5,0.8,0.8,147,0.1507782199296578,0.1098480739559717
22,48,0.10534270189603616,0.3257088105107194,0.39151959976845646,0.6341211191877021,0.059924337026449115,0.11146286340331904,0.00058189505996032,0.000312976930472,0.5,0.8,0.8,149,0.145939099409588,0.1057588342401858
22,49,0.10489147023949591,0.32358390953188665,0.38902298294564586,0.6336213944898462,0.05967312719977117,0.11170368246214767,0.00058417301037086,0.00032047284957457,0.5,0.8,0.8,152,0.1411685886072686,0.1041265396799389
23,0,0.9342289720590634,0.9781207472360999,0.9745113401916108,0.14184252203255304,0.0,0.0,0.0,0.0,0.5,0.8,0.8,1,1.0364720546363622,0.7480756790839171
23,1,0.6101914048593979,0.8645951447754316,0.8271998496613446,0.15040040763529353,0.3836583323510109,0.09716984001976092,0.00038874788603902,0.0006760303862791,0.5,0.8,0.8,3,0.7575322693364935,0.4675689842327974
23,2,0.4915982624309784,0.7918349690337887,0.7492538155265656,0.13427877283071057,0.3559285728829815,0.09911592851854852,0.00022267982250022,0.00026919282019201003,0.5,0.8,0.8,4,0.4499733358607512,0.2224978930930312
23,3,0.4726678767659855,0.7819830225328769,0.7447353458811801,0.13601771770128845,0.07687575786605788,0.09840376907961838,0.00022551993060879001,0.00028330579024385004,0.5,0.8,0.8,6,0.4428976292537004,0.2087887731072307
23,4,0.47029253726916986,0.7844428775872573,0.7542112644941823,0.14006294929097063,0.05760837815567374,0.10173207045034657,0.00028318217093115,0.00035719228292325,0.5,0.8,0.8,8,0.4271621096379742,0.2025759566014097
23,5,0.4637797777993889,0.7754613383328702,0.7371437063519459,0.14159229630936412,0.06386355016761479,0.09830847964068529,0.00023756051762057,0.00028614870985293,0.5,0.8,0.8,9,0.4289778306829104,0.2144011361651965
23,6,0.463865257937214,0.7755490509236851,0.7372303137538849,0.15113710495892071,0.049693940366969266,0.09849170987421918,0.00023614602183240997,0.00029089611032505,0.5,0.8,0.8,10,0.4186069049472691,0.2239203066740095
23,7,0.44855848188302244,0.7714915700782955,0.7462817126290077,0.15800175567650385,0.07383562233306064,0.09876899565373269,0.00023763257186865,0.00031448264470051,0.5,0.8,0.8,12,0.4068538989105811,0.2582808829470876
23,8,0.4476022786304738,0.7707567247688293,0.7454263368620554,0.16006604172079403,0.05283229289439918,0.09876046023185224,0.00023812824505769,0.00031382092455063996,0.5,0.8,0.8,13,0.4053116596728115,0.2553131006035403
23,9,0.44687114146891793,0.770193676025265,0.7447709819865502,0.16217894959630952,0.05212433243024726,0.09875378882990465,0.00023853338655991998,0.00031327203076197,0.5,0.8,0.8,14,0.4040989512206978,0.2527624940184054
23,10,0.43764022456254437,0.7650007824517719,0.7371283346952013,0.16688783236990537,0.12072619240456876,0.11750347173298488,0.00035786731321117,0.0005464370296292601,0.5,0.8,0.8,15,0.3688176671141401,0.3174627066379011
23,11,0.4247862144709997,0.7583532974653773,0.7361500693824033,0.16459489467678587,0.08336689461847552,0.11864775578680438,0.00049402867682208,0.0007285148962508299,0.5,0.8,0.8,17,0.3307505297821521,0.2643314875943751
23,12,0.4200008048441415,0.7541972935387602,0.7314673898489819,0.1652216580943038,0.07250689688940799,0.11678351341175362,0.00046940859625737,0.00071399931530192,0.5,0.8,0.8,18,0.3302216196073073,0.2544804841490815
23,13,0.4138606867664967,0.7526358952684665,0.736659340416902,0.16756504579329382,0.07778612261480009,0.11560961027672546,0.00047133549369704,0.0006220440911955,0.5,0.8,0.8,19,0.354336069665474,0.2497257109509648
23,14,0.3960739041731867,0.7360497330705624,0.718827782923706,0.16779397323293005,0.0807048855337056,0.09719087944121627,0.00042333052807157006,0.0008858285828148901,0.5,0.8,0.8,20,0.4174854644087651,0.2131035390071733
23,15,0.39251265185699613,0.7372846094589226,0.7262639837268482,0.17652300454393635,0.0660802044679207,0.10897436758774358,0.00037017389752411,0.00042861739105153003,0.5,0.8,0.8,23,0.353176156711751,0.2410815243306555
23,16,0.3882142626956687,0.7297007500629829,0.710563405484322,0.1873404639121586,0.06973267939773979,0.10716532476051044,0.00088581130011402,0.00076621381610959,0.5,0.8,0.8,24,0.4232349982007707,0.2656405552894493
23,17,0.38468687461840145,0.7264178116497151,0.7068917906398371,0.1886233103841676,0.063725144492546,0.10543471947401599,0.00083397765909979,0.0007411550014741,0.5,0.8,0.8,25,0.4184775075005583,0.2538874612372691
23,18,0.38486063579839686,0.7343153078711508,0.7293095015577953,0.19900260363150246,0.07048703922399197,0.11200003756875257,0.00087608507746021,0.0010436212375811301,0.5,0.8,0.8,26,0.3382820082476274,0.2252739652077203
23,19,0.3819018530935116,0.7315106962294882,0.7262106858274934,0.2004137189758884,0.06385637423635172,0.11011123064709802,0.00082597020977796,0.00099827474104146,0.5,0.8,0.8,27,0.3410595146539889,0.2249959483874635
23,20,0.38430443440452716,0.7339443485204601,0.7285901306182466,0.20308501814783209,0.060616764270058424,0.11706562898483323,0.00040253662928733003,0.00052733233523931,0.5,0.8,0.8,28,0.3058707534217076,0.1952254732271965
23,21,0.37995946414005105,0.7334229676561699,0.7353405651798258,0.21076858692227948,0.06256722976686228,0.110111230647098,0.00082597020977796,0.00099827474104146,0.5,0.8,0.8,29,0.3487064291712561,0.2421814195508877
23,22,0.3530126044499489,0.7072698521646476,0.7069448957311626,0.20133428123929673,0.07198300472077428,0.08588202602953016,0.00045871962928590996,0.0008097521988323401,0.5,0.8,0.8,31,0.3458114461412043,0.1843275354726478
23,23,0.35590360487380596,0.7288866050999431,0.7651094019207304,0.27154323863559526,0.055056567882814204,0.1039597376583098,0.0009297849951784299,0.00062900403698448,0.5,0.8,0.8,45,0.3996541950973957,0.2883576728707949
23,24,0.34427391076630176,0.7209129994017105,0.7622700088580023,0.2744178367578812,0.08572617009672776,0.10839596012384563,0.00148283838198286,0.0007325815568856,0.5,0.8,0.8,47,0.2863359798979407,0.2777692546161899
23,25,0.3353886140062504,0.715347697816727,0.7625846755704303,0.3028518631132299,0.06244030687560018,0.1093473839707318,0.00164194875456069,0.00076835042260965,0.5,0.8,0.8,54,0.2884614531312361,0.2808696462247306
23,26,0.3317351631164323,0.715184264332065,0.7693168729299962,0.3109204472125886,0.06421407645600859,0.10917790288876682,0.0015943105135718502,0.00076731356685362,0.5,0.8,0.8,56,0.2821668021664555,0.2616101604061442
23,27,0.331933467712707,0.7227817946887198,0.7918843590544159,0.32754688900949075,0.0573795064216445,0.110048518921346,0.0016688412496017502,0.00081442187177062,0.5,0.8,0.8,60,0.2789481875527873,0.2573341796260335
23,28,0.3208141029522096,0.7145578547912204,0.7894805894114533,0.3876769736288206,0.062325835891737985,0.1058707947771611,0.00130171033061081,0.0017114510399198102,0.5,0.8,0.8,66,0.4155454346526908,0.1809817916923952
23,29,0.3175963934139076,0.7147570414083725,0.7966973848338124,0.3892190365994686,0.06105463725306384,0.10479807289584439,0.00130803647514336,0.00175022279646991,0.5,0.8,0.8,68,0.4218555922935137,0.1834122685833516
23,30,0.3175877851224303,0.7184586448419329,0.8079118789353031,0.4063460563135367,0.0548620921093517,0.10479807289584439,0.00130803647514336,0.00175022279646991,0.5,0.8,0.8,70,0.4217455748099677,0.1819163871447613
23,31,0.3155383215740231,0.7124251378548179,0.7939358943735824,0.42023392701739876,0.05723671952283334,0.10373484015716698,0.0018494866569813198,0.00221367505645922,0.5,0.8,0.8,75,0.3914144794360869,0.2442606329666444
23,32,0.31448528814930843,0.7186630760134617,0.815005920692653,0.42287058681967465,0.05776391184063264,0.10453239519220095,0.00176560426540508,0.0018098023101166202,0.5,0.8,0.8,77,0.3428636955026128,0.1949730976220482
23,33,0.31423945632672035,0.696145760554328,0.7473954766125915,0.608213005425376,0.054923357867095055,0.09661058419452544,0.00411930608111565,0.00414323146694124,0.5,0.8,0.8,118,0.5834672833443894,0.3402053219879684
23,34,0.31872975820430893,0.7005086831095477,0.7515732481700332,0.6288484643011905,0.06504399166716807,0.10867262694588666,0.003937404548086771,0.0036428977523045997,0.5,0.8,0.8,119,0.5751492407172409,0.420617066663455
23,35,0.319124547010175,0.7005208659835734,0.7510556414608852,0.6350430462260207,0.07023516286775419,0.1127013319179934,0.00449581235669532,0.00459613788712811,0.5,0.8,0.8,121,0.5488525109179435,0.2625834184048163
23,36,0.3085520989172882,0.7414840369314193,0.8966623220566776,0.6303654100497225,0.058849567231647464,0.10581454668581877,0.0021891441756358597,0.00169898345763131,0.5,0.8,0.8,126,0.6051532021686328,0.2912121151507831
23,37,0.29866188075998495,0.7492769803666509,0.9410083903194535,0.7796658083497056,0.052448742653586816,0.0954515681822979,0.00259276567420883,0.00204050566514539,0.5,0.8,0.8,151,0.610118046061507,0.2752124103696035
23,38,0.29824870618948957,0.752486382496726,0.9516356546618591,0.787593746826996,0.05272031024471897,0.09543364598058908,0.00262119312102844,0.00212798238628064,0.5,0.8,0.8,153,0.6189400028462488,0.2754970514649722
23,39,0.30008077978574865,0.7468188813567456,0.930841623738456,0.686369799835892,0.05409031457279678,0.09948352481802168,0.00272656533155366,0.00242505076391889,0.5,0.8,0.8,164,0.6211319761498392,0.2718127885401643
23,40,0.29554405247791454,0.760434266150091,0.9816077808044142,0.8266289034539546,0.061967500978057935,0.09524414241780176,0.00244749294308657,0.00237117473498113,0.5,0.8,0.8,165,0.6213593521588521,0.2625842131051066
24,0,0.8340557318244504,0.9417738295215885,0.9321683732053139,0.13171263789454402,0.0,0.0,0.0,0.0,0.5,0.8,0.8,1,1.471024461102571,0.7470497566820049
24,1,0.5810883607079415,0.8479647617765247,0.807717677942364,0.14623505654243213,0.34451348884134786,0.09850607077547352,0.00048045518966635003,0.00056974265156843,0.5,0.8,0.8,3,0.8827661425332624,0.4675689842327974
24,2,0.45840615549824915,0.7676716725181324,0.7212191558823864,0.1270428995591309,0.3817108335986022,0.09753711612409069,0.00027220851488982004,0.00033632066812694,0.5,0.8,0.8,4,0.6083673518218935,0.2481989225561879
24,3,0.374280993651349,0.6978948281939564,0.640044208682537,0.10877272468559342,0.19109303922600393,0.0967558714741338,0.00010585338430481,0.00013526542139919999,0.5,0.8,0.8,6,0.463299004433934,0.1406593619891801
24,4,0.3710224071627336,0.6985837238850223,0.6477407143415513,0.11279744152597429,0.054928754066087424,0.09685679783219374,0.00010571911616914999,0.00013512689306571001,0.5,0.8,0.8,8,0.4982548214532319,0.1541599778371818
24,5,0.30891901124916826,0.6343991182131493,0.5718903665952018,0.10630329535048567,0.20099340132433205,0.10988958787340365,0.00011312944438495,0.00014475281053516,0.5,0.8,0.8,10,0.3895814681595304,0.1999628082308372
24,6,0.2944252264197469,0.6169501793527259,0.5512531354413179,0.11225146006185403,0.09690676994020817,0.11363736878764139,0.00011520033619528,0.00014750574127504,0.5,0.8,0.8,12,0.4497411939160107,0.2201304540786033
24,7,0.29058897339798484,0.6121884515009897,0.5456626837397107,0.11239379530993317,0.07799931161818863,0.11417490725712809,0.00011157425961142,0.00014249100418552,0.5,0.8,0.8,13,0.4305088886239895,0.2028819084005175
24,8,0.2903099692597482,0.6118041449197105,0.5451873817907555,0.11871753539091204,0.059732207372162255,0.11450854501747132,0.00011184084902227001,0.00014283445133102,0.5,0.8,0.8,14,0.4316763434441018,0.2057997981391377
24,9,0.28568086270478515,0.6094814168722529,0.5492184749186998,0.11899973146967995,0.08747567266455396,0.1164402660204964,0.00013122322328279,0.00016758461067226002,0.5,0.8,0.8,15,0.40273284897062,0.2150700898867041
24,10,0.2706416821281779,0.5907847170371899,0.5278562702713007,0.11842926538991397,0.12261299015350496,0.11142784594922496,0.00011259356628534,0.00014512050811195,0.5,0.8,0.8,16,0.4104645228228921,0.1527498339031393
24,11,0.24073216519712268,0.5478352464702324,0.47758214822909684,0.11310057041695663,0.24044937435054073,0.11430903050406616,0.00011829563455786,0.00015217840663859,0.5,0.8,0.8,17,0.3449014882170406,0.1855843229579679
24,12,0.2377654104710759,0.5387989981599324,0.45990716774039714,0.1108422675224197,0.06588914151245877,0.11728715957396335,0.00012677042383893,0.00014507725961713998,0.5,0.8,0.8,21,0.3407451240771996,0.174233541947684
24,13,0.2377068123885839,0.5424161101774425,0.4710221514860338,0.12447804894928995,0.05900503789617908,0.11730024404452107,0.0001266240649759,0.00014489993867156,0.5,0.8,0.8,24,0.3407028224492819,0.1741151736010246
24,14,0.23572277925624904,0.5427992682176084,0.4782977822269441,0.12445294079853075,0.07486304837050409,0.11822425965488143,0.00011520415819046999,0.00013165719830604,0.5,0.8,0.8,25,0.3415942798658487,0.1670954073992198
24,15,0.233266218083806,0.542268020490041,0.4844737821952028,0.133184453673363,0.07004937534509441,0.1193932495391411,0.00015359734418423,0.00017601057738298,0.5,0.8,0.8,27,0.3109323046398697,0.1845977465620393
24,16,0.2318944223794487,0.5327918087036856,0.45965668405138277,0.13796201662551846,0.06376430108317473,0.1191957499693783,0.00012241766196470998,0.00012741011191785002,0.5,0.8,0.8,29,0.3309117147106501,0.1398353429458984
24,17,0.20056852303081138,0.49391614045034615,0.4358797452812009,0.13557980153504706,0.0814866633697073,0.10930233827246286,0.0001617921358983,0.00016904373160726,0.5,0.8,0.8,36,0.2186665901611804,0.1312416049476411
24,18,1.4803939178598928,1.8753212730925395,2.0145568171729527,2.2288997802908184,1.3283782054705198,1.0,1.0,0.03541945665487611,0.5,0.8,0.8,181,0.317847628769433,0.3361862360301452
24,19,1.4738656708094122,1.8672974967155445,2.012108370094892,2.225642741382358,1.3291163084416808,0.9999952955021335,1.0,0.035446909710708005,0.5,0.8,0.8,183,0.3175087028962371,0.3358490477225869
25,0,0.9209394347919273,0.9735202873260161,0.9691519429698309,0.14056037408475408,0.0,0.0,0.0,0.0,0.5,0.8,0.8,1,1.0843448873405666,0.7505884173266943
25,1,0.618008607708336,0.8704420007678717,0.8339486580057281,0.15232299631884944,0.36603569781138123,0.09844173381879215,0.00044907782456916,0.00029504329595476,0.5,0.8,0.8,3,0.726232605116373,0.4675689842327974
25,2,0.4724143577927408,0.7781323810214943,0.7333199801066171,0.1303313764514555,0.4285669534873583,0.09884443688073434,0.00023696866667525002,0.00020292814781139,0.5,0.8,0.8,4,0.5281713977597815,0.2247839696782286
25,3,0.45834736217551325,0.7713946679915143,0.7324216784882598,0.13000274456151842,0.07042018066707234,0.09826277960139515,0.00023158424137379997,0.00020291861849434,0.5,0.8,0.8,6,0.5095125565944688,0.2064411789069503
25,4,0.4577452258714642,0.7745991907469446,0.7430935992723845,0.13468362298385952,0.04984469450609113,0.09782053926212067,0.00023040251435655002,0.00020330646892453,0.5,0.8,0.8,8,0.5075586793317899,0.2064507568661814
25,5,0.32790239565366297,0.6555598168821545,0.5966692858458654,0.11513307712676028,0.30279242187726646,0.10832161943053079,0.00012524292166187,0.00014767671916761,0.5,0.8,0.8,10,0.4403310614534874,0.2352994760208147
25,6,0.3277727313563074,0.6591212628995647,0.6076980065467367,0.11876944389903328,0.0551042449668094,0.10858339812075954,0.00012814581554405,0.00015118390800877,0.5,0.8,0.8,12,0.441200228206572,0.2384579897960042
25,7,0.27201973427303755,0.5964209468308502,0.5413873025964162,0.10714494032347407,0.19462085697294446,0.11055715664900514,0.00015523129279677,0.00017132578081797,0.5,0.8,0.8,14,0.3911816406849104,0.1395645558174955
25,8,0.2250624144625346,0.5287190631726792,0.4626893876018124,0.09392112171721548,0.1919601128076085,0.1084480968716477,0.00015876205788408,0.00017755969997957,0.5,0.8,0.8,16,0.2349305288336123,0.1249461317619234
25,9,0.22506241168801516,0.5324302087448666,0.473914971547628,0.10193130686706697,0.0544932321581897,0.1084480974695289,0.00015876206911947,0.00017755971276665,0.5,0.8,0.8,18,0.2349305230567378,0.1249461329707179
25,10,0.18625253589343868,0.4658917668610703,0.3905876655859908,0.08784406185111579,0.2797754967767015,0.09512852288252036,0.00022085738791717,0.00017985124012181,0.5,0.8,0.8,19,0.2308968887537242,0.1573548869374746
25,11,0.1801785786439618,0.4572846718896745,0.3873671918296363,0.09919999913634098,0.07506511670204431,0.09632592427137741,0.00019803990922722002,0.00017944393730944002,0.5,0.8,0.8,21,0.2104416309747664,0.1172262503466342
25,12,0.15642592428956023,0.3983980374471235,0.3112022693635592,0.08058212297199598,0.29969979681266035,0.10416595993832926,0.00022103585347042,0.0002694064114127,0.5,0.8,0.8,22,0.2014517946010734,0.1589091199840684
25,13,0.148188540498485,0.3887864287544117,0.33373715736625753,0.14691537573089392,0.0666675796638664,0.11338894609315457,0.00022596751059975,0.00040263059154929003,0.5,0.8,0.8,36,0.1367013508805442,0.267431107926089
25,14,0.13992466623479283,0.36654936814990163,0.30783244878894567,0.1469072070158524,0.10303329785914814,0.11338940870272123,0.00022710450746447,0.00039546621465931,0.5,0.8,0.8,38,0.1371078423613325,0.2305402806525266
25,15,0.13998365330406695,0.37024541971202024,0.3190238343068351,0.1555948555648306,0.05753189465305065,0.1136259338148972,0.00022055276524357998,0.00037986565427407996,0.5,0.8,0.8,40,0.137716002999808,0.2163699729502916
25,16,0.1387615685265612,0.3706370616873673,0.3263914138566147,0.1793189816064377,0.060604404338706765,0.11343246066864873,0.00023705060488244,0.00041541799076702003,0.5,0.8,0.8,44,0.1357726376034253,0.2501004049962604
25,17,0.12156949683601369,0.3245004345969968,0.2598547321092,0.16774302754159642,0.07794277684836831,0.10116434319941063,0.00028663213323427,0.00033861857091545,0.5,0.8,0.8,49,0.1424369206107951,0.0504192680173143
25,18,0.12156949902882337,0.32821160895404056,0.2710803813768949,0.1740409510142431,0.0510825248229543,0.10116434477430335,0.00028663213099162,0.00033861857510973,0.5,0.8,0.8,51,0.1424369231770138,0.0504192650618426
25,19,0.12991174683043227,0.34022545329582127,0.29720522087857015,0.2105336529180661,0.07292472731365161,0.12144869221634218,0.00025901730592732,0.00038290512271499,0.5,0.8,0.8,53,0.1345149082707642,0.1909232995473999
25,20,0.11013688761839517,0.27927036532051985,0.22667091925320526,0.19802472347152936,0.17792306825268892,0.11555924554895691,0.00030779454034552,0.00040487310531827004,0.5,0.8,0.8,55,0.136856368434647,0.164259461129362
25,21,0.10772578924564578,0.2752330553749966,0.22226644672055068,0.19888485826333338,0.06583751760287303,0.11195683891184288,0.00030047760659352,0.00039892567124852004,0.5,0.8,0.8,56,0.1332625510726523,0.1457007694294502
25,22,0.10245546222109449,0.26227855984820453,0.21429057182733247,0.19950484640922708,0.0869153924937989,0.109367186010067,0.00030081495707938997,0.00039946897013098004,0.5,0.8,0.8,58,0.1285473209963332,0.1368731120400225
25,23,0.10152620020093016,0.25855617393326796,0.20995411313910858,0.20511746549335177,0.07047723335624348,0.10936718601006702,0.00030081495707938997,0.00039946897013098004,0.5,0.8,0.8,59,0.1311148667078132,0.1347985273224114
25,24,0.09925977940916522,0.25694826393206105,0.21518863723248474,0.1805698328640607,0.05569171198511145,0.10688893911399448,0.0003025065085059,0.00038988912945132003,0.5,0.8,0.8,69,0.1171907132599343,0.1799519139008942
25,25,0.099489681360302,0.2596797306456471,0.22517139805362457,0.2388020602737484,0.05783849411880152,0.10816939299652178,0.00036384334628034,0.00029759592409852,0.5,0.8,0.8,71,0.1201544881867939,0.0583609541169458
25,26,0.09439663127577133,0.2529740090241645,0.22481928898011835,0.2711542437761888,0.0657438498638985,0.10154134591494128,0.00031163193298862,0.00026703493685216,0.5,0.8,0.8,73,0.1449680202720266,0.0509394600483289
25,27,0.097701799689626,0.2501923373499166,0.21400512561430693,0.2805010343319109,0.059687607366696115,0.10951252348725561,0.00030244691522561003,0.00038131756705761,0.5,0.8,0.8,76,0.1150451193578292,0.1572273598320112
25,28,0.10018334032061972,0.2537434048154415,0.23121529630069876,0.2883695977985013,0.09387065987894341,0.11836641728517353,0.00030913570317373,0.0003808227508936,0.5,0.8,0.8,77,0.1303519971329712,0.160571457901853
25,29,0.09902015101034618,0.24439697427390608,0.21339498222961004,0.29416372033799226,0.08393751895814561,0.11873506967594501,0.00030577736741779,0.00037955355741654004,0.5,0.8,0.8,78,0.1305252726957055,0.1589334883543473
25,30,0.0995077927144917,0.24475469058309304,0.21372442546808249,0.30839865618787854,0.060820546821680005,0.11979398234074047,0.00030195783208227997,0.00038314127671246,0.5,0.8,0.8,80,0.1309875308636889,0.1601767085528374
25,31,0.09815248666495077,0.2442645775701314,0.22014299092177628,0.2995408280951613,0.07490061283003865,0.11873506947685454,0.00030577698447303,0.00037955355788613,0.5,0.8,0.8,81,0.1366553239570861,0.1550349088887741
25,32,0.09334401792703129,0.2397074744669024,0.22236416109870064,0.3169664846612518,0.058411024849745974,0.11131246389503327,0.00029813113591517997,0.00026896537270831,0.5,0.8,0.8,89,0.1266550005063055,0.0582794954750127
25,33,0.09367402256308795,0.239040350081149,0.22148541890859552,0.3275759034887654,0.05937071994529205,0.11257254947229306,0.00028906587989966997,0.00026002928803993,0.5,0.8,0.8,91,0.1295915581127373,0.0559654974290147
25,34,0.09367402236963507,0.2427515237664273,0.23271104588751493,0.3275759036043835,0.056725595082950366,0.11257254971476756,0.00028906587747317,0.00026002928547266,0.5,0.8,0.8,93,0.1295915558062667,0.0559654959497127
25,35,0.08745285756472482,0.2397302107389035,0.2370957909040164,0.36376173978781773,0.05200287308073024,0.10028357619232997,0.00039171454110868004,0.00024362861135781,0.5,0.8,0.8,95,0.140161404690067,0.0454807488478217
25,36,0.0872190469089632,0.2337652063707033,0.22318858243966633,0.3701748285826767,0.06168478720774935,0.10097320075224073,0.00038794326077795,0.00024041281502890002,0.5,0.8,0.8,96,0.1452468862630874,0.0456565774713432
25,37,0.09030646096549623,0.23664498813915097,0.23948964883650523,0.3658680461381971,0.0642331863290647,0.11130498155349618,0.00041412131291838005,0.00025970492866203,0.5,0.8,0.8,101,0.1307242292846924,0.057867832136836
25,38,0.08763694345859918,0.22986947798994375,0.22511688259909846,0.3781044994292193,0.05466258606470848,0.10630518545025418,0.00033394484208959,0.0002617008548456,0.5,0.8,0.8,103,0.1344206211925181,0.0612262381175518
25,39,0.08744343553922419,0.23188892768368966,0.23433668283968606,0.37405237156558513,0.0577727264656219,0.10672474103768659,0.0003401868005975,0.00025855108949923,0.5,0.8,0.8,105,0.1359188405995382,0.0615757818754121
25,40,0.08624806821499989,0.23301878240623483,0.24269107112367877,0.44671159052970494,0.05362092296016857,0.10475802522110295,0.00044148496802655005,0.00035672097138797,0.5,0.8,0.8,117,0.1424157821120948,0.0646377120893287
25,41,0.08659318104468644,0.2339167446018625,0.2504439613824078,0.45778519893199204,0.06245116729807266,0.10720290208171446,0.00038806252271143,0.00036293267106523,0.5,0.8,0.8,119,0.1350343282629071,0.0657028331066594
25,42,0.08650652087935169,0.2485742226388459,0.29513827248287194,0.5182127544856443,0.054200088031611734,0.10708310134820846,0.00038795919492125004,0.00036262656690849,0.5,0.8,0.8,128,0.1349448453702564,0.0657565660530665
25,43,0.08700043282492008,0.24590527626051709,0.2918108217137813,0.5139209357948997,0.07195642835244698,0.10967723507889125,0.00046364383632952995,0.00031891974163481,0.5,0.8,0.8,129,0.1336805605477165,0.0629423323295362
25,44,0.08386048954899968,0.25636687907555133,0.3320723074173487,0.6952111948334809,0.05279405853473719,0.10437106013945464,0.00033637179268546,0.00023770723152096002,0.5,0.8,0.8,172,0.1379956142036808,0.0587544061846779
25,45,0.08478992041003533,0.2703414033729184,0.375731479252782,0.7742527343140668,0.05448093830432299,0.10712117558600799,0.00035618888085263,0.00023889846973774,0.5,0.8,0.8,193,0.1312448685899497,0.0588998325748669
26,0,0.9711521322183304,0.9905794767390237,0.9890253250082337,0.1467486188215109,0.0,0.0,0.0,0.0,0.5,0.8,0.8,1,0.8716463409954356,0.7529700748085141
26,1,0.665428912184071,0.8967558481264081,0.8645616491353219,0.15985187666053038,0.34979909578632656,0.09923908767176098,0.00039253685909729,0.00017014030462459,0.5,0.8,0.8,3,0.5277454046789624,0.4675689842327974
26,2,0.5694155412357808,0.8420194334318839,0.8077587792974914,0.148082366653592,0.268009822797002,0.09903921485962554,9.52859402276e-05,0.00012916254767955,0.5,0.8,0.8,4,0.6099464717415102,0.3062667611695367
26,3,0.46308062577707043,0.7712473179725773,0.7253228751090353,0.13295790093441018,0.19544623061270652,0.09903010185793006,6.161608387306999e-05,8.208910347121e-05,0.5,0.8,0.8,6,0.493021795610268,0.2263228572058276
26,4,0.3748573877158778,0.7021956081976689,0.6518061824981576,0.118958804019788,0.19924674677986365,0.09864096872161036,9.334904537317e-05,0.00011034976970088,0.5,0.8,0.8,8,0.5025900914138106,0.1313909240776276
26,5,0.34492029895746473,0.6771322611084448,0.6296097230007017,0.11734378046139739,0.1069807772832818,0.09733595758000751,0.00012190484135042,0.00014425544534308,0.5,0.8,0.8,10,0.4570346066597034,0.1414567456184868
26,6,0.32256636687487694,0.6574994457263076,0.613302965611817,0.11707599097168787,0.10328770539304404,0.10127614120096314,0.0001645062133486,0.00019537451233642998,0.5,0.8,0.8,12,0.4650384150081957,0.1307216614766498
26,7,0.31798607140649626,0.652403658977147,0.6071893336591713,0.12267244240397256,0.0647248966396103,0.10334078608967563,0.00018842052898163,0.00022377615992629998,0.5,0.8,0.8,14,0.4787236619695059,0.1280738273844185
26,8,0.2950349505808059,0.6232539594312307,0.5660908835418619,0.12234961860732597,0.16895516027212656,0.1060290687173318,0.00023861319194658998,0.00029470323910155,0.5,0.8,0.8,15,0.3829472590334612,0.1338370462252364
26,9,0.2736320437257306,0.5991657679815096,0.5449287074246378,0.13336684202646093,0.10849755345729192,0.10605701762689272,0.00023896804831947,0.0002950807009675,0.5,0.8,0.8,17,0.3967252735310727,0.1081166391313801
26,10,0.26061512363359945,0.5858932582461079,0.5365251264659329,0.13524285449588933,0.08558164276654137,0.10414981115999367,0.0002391759160616,0.00030295286631688,0.5,0.8,0.8,19,0.3387645728468516,0.0928510074498759
26,11,0.2269862213934785,0.539498062611181,0.48905144865773664,0.1386560342586943,0.10849060916540096,0.10810001762914316,0.00026718387367574996,0.00028342932504046,0.5,0.8,0.8,23,0.2476717359860412,0.1354320468010675
26,12,0.21335390448820477,0.5241049569580514,0.4847817338586034,0.14356902853153533,0.07507054725202743,0.10975080152558273,0.00031544121893702,0.00027667777574272003,0.5,0.8,0.8,28,0.2153453220240866,0.1266902012895351
26,13,0.2059919174115582,0.5120603197829146,0.4710058077406159,0.15277301766035933,0.07460976246965106,0.10661014097279928,0.00033262661894111,0.00028491305585518,0.5,0.8,0.8,30,0.2348809586649269,0.1059160076376711
26,14,0.20594107330689754,0.5154682601434841,0.48183753342175484,0.1554669920117123,0.055126004941254435,0.10710305533075616,0.0003311171066418,0.00028610122526311,0.5,0.8,0.8,32,0.2420364961029164,0.1032229137526813
26,15,0.1794739966631171,0.46067831697193373,0.41100336019936334,0.16136521388731664,0.16114054401361524,0.10827322512792473,0.0003525528354105,0.00031680717838357,0.5,0.8,0.8,34,0.146317394178476,0.0815852811335449
26,16,0.159977840450255,0.42152907218244795,0.3722137264696974,0.14734190262968633,0.14592323011087754,0.10928360561766287,0.00037664980048737,0.00029902477965463,0.5,0.8,0.8,36,0.1437161252429711,0.1074195677664585
26,17,0.14679357085678296,0.3917184466565797,0.3443492603462486,0.14958204465312136,0.1237325836436367,0.10966592704645993,0.00040057064348179,0.00032591601334893,0.5,0.8,0.8,38,0.129174725086532,0.1064117712868678
26,18,0.1466862319528796,0.3910920586249139,0.34358370733697435,0.16707937764706735,0.05679099166286647,0.11016348804332277,0.00038387249162135,0.00030313792037032,0.5,0.8,0.8,41,0.1303501460105004,0.0948801549605075
26,19,0.14523501742513145,0.38746934651601433,0.33938108786062077,0.17801256546868885,0.07002361800775686,0.10994858166270922,0.00038471059204161,0.00030227696839725,0.5,0.8,0.8,42,0.1280077666494151,0.0909508406292683
26,20,0.1399472271484419,0.3736911374137233,0.3233702018192322,0.17339749626723616,0.1111028873348822,0.10938110276369604,0.00042607516946269,0.00031012616879825996,0.5,0.8,0.8,43,0.1421038657685929,0.0901713450430305
26,21,0.13686470958897795,0.368924246950636,0.3247257561130535,0.1734429658158532,0.07264243147494123,0.10922398370083858,0.00044818885202610996,0.00033637822519215,0.5,0.8,0.8,45,0.143230334304193,0.1074020905507355
26,22,0.1357805353241368,0.3694104881380531,0.33217952638443843,0.200485325631038,0.05874888541650904,0.10940044752645377,0.00044988418022762005,0.00033740721225686,0.5,0.8,0.8,49,0.1404802677510158,0.1112954661842836
26,23,0.1354438792603623,0.3688777501102052,0.3315968402036005,0.20350014664777877,0.05551607739847193,0.10893589435134333,0.00045669426197521003,0.00033343703803531,0.5,0.8,0.8,52,0.1435490643205943,0.1073112508233641
26,24,0.13522843144104765,0.37170828466209405,0.3417725301606884,0.2208492699171971,0.057361468369203944,0.10923705231793461,0.00044868314141490996,0.00033494401356412996,0.5,0.8,0.8,54,0.1444262417091059,0.109750254295856
26,25,0.1341128498604334,0.3689682532497558,0.33862033274770065,0.23268248475924141,0.060156642329215644,0.10875611836211638,0.00044643540215667,0.00033580661018674,0.5,0.8,0.8,56,0.1475680605057356,0.1104122735162113
26,26,0.1341075375544299,0.368271112164254,0.33774814851982393,0.23861808625047906,0.05974450014843828,0.10946642796907612,0.00045603809371927006,0.00033713294549472,0.5,0.8,0.8,57,0.1564198436811849,0.108622856057964
26,27,0.13352607768974334,0.36659247152935853,0.33579251183700487,0.2496981255864741,0.058831475421472657,0.10942829637782299,0.00047479736485781,0.00034278709572569,0.5,0.8,0.8,59,0.1367651464912434,0.1072512825251751
26,28,0.13213694118691116,0.37375203194768103,0.364845765951705,0.2546068777185184,0.0634538085364717,0.10934299352109215,0.00046121033755376005,0.00036476979465427004,0.5,0.8,0.8,61,0.1362184402090161,0.1063245033802127
26,29,0.13187552470927366,0.3657451892858953,0.3417291410583404,0.2754827810683866,0.05552723160387947,0.10925438148315159,0.00044539261918079997,0.0003184550657008,0.5,0.8,0.8,68,0.153357870776458,0.0877551262053522
26,30,0.13188543674388156,0.3657245768941327,0.3417008727084141,0.2817266043354029,0.05545485800138796,0.109250418155336,0.00045435534713627,0.0003441060729054,0.5,0.8,0.8,69,0.1653835778036523,0.0905190043476107
26,31,0.13164982636253508,0.36858565734983934,0.35192266929505645,0.2964257115985928,0.05662745121431835,0.10941107207759496,0.00045895505511903004,0.00034142571195617,0.5,0.8,0.8,72,0.1379308850342966,0.1044788472919198
26,32,0.13164092147474293,0.3759809413991925,0.37434225826984624,0.3206120752920097,0.05537474418526737,0.10941127152437471,0.00045924231930484,0.00034158645403361,0.5,0.8,0.8,76,0.1380221972870053,0.1044219475860825
26,33,0.13134398749251183,0.3751173760397917,0.3733371701337292,0.32747112211254714,0.05711066761290589,0.10940674481744508,0.0004590647438273,0.00033777729707037,0.5,0.8,0.8,78,0.1376633764075341,0.1046109819900869
26,34,0.13134634525314215,0.3825230213247832,0.3957669528318094,0.3588040743213723,0.055382586908261935,0.10941573687231781,0.00046484770434002,0.0003415265627319,0.5,0.8,0.8,82,0.1372559446801024,0.105145633721242
26,35,0.1310880372196827,0.37815218217537383,0.3837814995903475,0.3573126552673447,0.05780265617222104,0.10931784860516632,0.00044090160683499,0.00036076237300435,0.5,0.8,0.8,83,0.1537040744130318,0.0914701398973682
26,36,0.129093496575952,0.37202303168304646,0.3766260108848875,0.37863853568875966,0.05966977029259607,0.10932155581040545,0.00049890062915912,0.00041596353505152,0.5,0.8,0.8,89,0.143118714697484,0.1108823740202839
26,37,0.12840432914535918,0.3775001102790892,0.3968220445835913,0.4098266235539462,0.0572634965689728,0.10923362092158201,0.0004690273309498,0.00041753883872313,0.5,0.8,0.8,93,0.1480131063132757,0.1077984856668083
26,38,0.12704583500554276,0.37321570040030755,0.39181903013854,0.4160975172636444,0.07333713172698494,0.10928110272503669,0.00052761347185036,0.00041883097075976,0.5,0.8,0.8,94,0.153689095319264,0.106223304279102
27,0,0.9248339519197499,0.9748750559484785,0.9707302008750933,0.14237179719662504,0.0,0.0,0.0,0.0,0.5,0.8,0.8,1,1.066614148848588,0.7533963709918704
27,1,0.8554785936380637,0.9731168987285219,0.9624786050569476,0.1709805879468684,0.11878315183428585,0.07518977264127459,5.719356486191021e-06,5.571660892424572e-06,0.5,0.8,0.8,3,1.1145857796216252,0.7573672710689983
27,2,0.5962429839868648,0.8576794602252081,0.8260220055208716,0.15236056685729574,0.5751254780862887,0.09862837618789538,0.00018289482394646,0.00014847890785703001,0.5,0.8,0.8,4,0.521564662522279,0.3219153289296928
27,3,0.5892162882668596,0.8524181979370015,0.8203683071919796,0.15047976616136147,0.05650917862650499,0.09296155024348388,0.00014374952075643999,0.00012642040028263,0.5,0.8,0.8,5,0.529990340401311,0.3064527691946013
27,4,0.40976146233494387,0.729172298337172,0.6763336176510403,0.1192608165704827,0.5692532361589001,0.09860567497589429,0.00010766255507343001,9.793363205402e-05,0.5,0.8,0.8,6,0.3125217177025909,0.1475907857592585
27,5,0.4097449394767067,0.7291624664033065,0.6763179545881255,0.12112973285332596,0.04963866039070157,0.09865606568220607,0.00010776230407405999,9.829041072127e-05,0.5,0.8,0.8,7,0.3126284466551458,0.1488447459528588
27,6,0.3869384298543952,0.7131654602083654,0.6645467803195968,0.12003436922524081,0.13194637200507228,0.099022564047107,0.00013555175734684,0.000124947911841,0.5,0.8,0.8,8,0.2962230266253184,0.1564689369015869
27,7,0.38675611574809826,0.7130022689352642,0.6643575997677488,0.12777721042247145,0.05036420129471325,0.09901200030252277,0.00013544725180478998,0.00012458958731361,0.5,0.8,0.8,9,0.2961478018859507,0.1554963976955748
27,8,0.35921037149062074,0.6870300630663008,0.6355882710488596,0.1091639065265717,0.1106351701449662,0.0805841814781471,0.00024082523081936,0.00026550808000625,0.5,0.8,0.8,10,0.5129515308351812,0.2215137336926635
27,9,0.30851886279136875,0.6342533304731273,0.5720427328684927,0.12145992115545409,0.3225795036750364,0.10330030256056148,0.0009263230520181,0.0010086655590343901,0.5,0.8,0.8,11,0.2986046771812024,0.3748514418564753
27,10,0.3062282647274231,0.6347679922095373,0.5789305586656136,0.13141310596924174,0.07121931981762797,0.11057294481910045,0.00104216112669876,0.00099902569017133,0.5,0.8,0.8,13,0.3351229665185526,0.350458523573174
27,11,0.30700870115511664,0.635531143524332,0.5796550077637596,0.13320809013637067,0.058962134685714686,0.1125829224709083,0.00103375478055279,0.00099846826331265,0.5,0.8,0.8,14,0.3333149661403113,0.3638824034903496
27,12,0.30457082564413346,0.6365150230894732,0.5878680250113065,0.13765729794011966,0.06386467474738165,0.11057294481910045,0.00104216112669876,0.00099902569017133,0.5,0.8,0.8,15,0.3193038359610964,0.3053641908111048
27,13,0.2946861366815745,0.6261940911421826,0.5770835874419741,0.1390801186634781,0.05516965956259122,0.09684420474311163,0.00047943418784776,0.00075311971093234,0.5,0.8,0.8,17,0.2741112721339158,0.206787544490968
27,14,0.26792462214324214,0.5931728711361532,0.5386781887827106,0.13125645499570007,0.18403434803558957,0.0960372192783793,0.00049317806263636,0.00076423283276326,0.5,0.8,0.8,18,0.2336242518850426,0.215495780694888
27,15,0.25654743208634795,0.5854617036137768,0.5435613657528912,0.14144879771610028,0.06376574730270157,0.09420585448739101,0.00089277272135696,0.00103956068242225,0.5,0.8,0.8,22,0.2583396632071529,0.2144535403070427
27,16,0.2538720796482685,0.581824656288206,0.5393363336089667,0.14331276513379534,0.06327678669607036,0.09410668926283623,0.0009210510370882901,0.00098216052758326,0.5,0.8,0.8,23,0.264000418162479,0.2077886332491723
27,17,0.24456601966958585,0.5694527099375314,0.5251913314605167,0.1386929452811187,0.09128424410948714,0.09107913206268634,0.0008331664173265301,0.0009321903645312501,0.5,0.8,0.8,24,0.2605880477455858,0.2232378486097791
27,18,0.2042705984145691,0.5103100112838456,0.4567145597858903,0.13704424666072915,0.12480229290385125,0.08564515066645678,0.0007513418150281,0.00120779284331076,0.5,0.8,0.8,27,0.2591431802105749,0.189398315339296
27,19,0.1869406435696921,0.4872027762446664,0.44401034741139317,0.16341333104161337,0.05537700588610077,0.08282717585875034,0.00028607725619613,0.00032335616517907,0.5,0.8,0.8,35,0.2248757700839882,0.1276053908859309
27,20,0.18210297429498407,0.47968207885041747,0.43552507099238946,0.16325825715187334,0.06434348387840064,0.0794890107156701,0.00028189230155533003,0.00032175269461474,0.5,0.8,0.8,36,0.2121200521150976,0.1209553039921078
27,21,0.18189090080195555,0.48231471721245534,0.445363426896486,0.17843987414968773,0.04489555831612599,0.0809862614051418,0.0003055393321281,0.00035359983081064,0.5,0.8,0.8,38,0.2091301896020918,0.1250643833383716
27,22,0.1639381916412729,0.4461674123684375,0.4031519911185958,0.18159143770392716,0.07953043215926575,0.08234016761075154,0.00030337227531315,0.00027415878297825,0.5,0.8,0.8,42,0.2121819897170961,0.2257518974910267
27,23,0.1548921670016329,0.4302529723913733,0.39149570567261316,0.19156766075265047,0.0824573550830022,0.08249692906033876,0.00031205393369008,0.00030919508252671,0.5,0.8,0.8,44,0.2210707531020527,0.1855636319863949
27,24,0.15313811997243032,0.430252816785699,0.39842526773180525,0.19287554463976134,0.045231769067958776,0.08219218097870702,0.00030086026369369,0.00030237688006941,0.5,0.8,0.8,48,0.2110920626674549,0.1752706322606777
27,25,0.1515427830076715,0.4341593424948973,0.41679065475886234,0.22008192332672805,0.04437368707459255,0.08194153245481824,0.00033964102591582,0.00034449333896358,0.5,0.8,0.8,53,0.1848087826362144,0.1787918522167076
27,26,0.15076574887661257,0.43237522567718384,0.4147097281770871,0.22296609265647965,0.048961966698436034,0.08202077349558203,0.00031535391293244003,0.00033826734365824,0.5,0.8,0.8,54,0.182762352658187,0.1605145850602519
27,27,0.14836761249003244,0.4252895360589182,0.40626009387245365,0.23532123616384537,0.05975582987767039,0.08431502254960958,0.00033461481760047,0.00036281378588628,0.5,0.8,0.8,56,0.1872243224343946,0.2005525979429975
27,28,0.14821430784895678,0.426956390532497,0.4148981563353309,0.2491310031875361,0.04849064638397727,0.08681242950747445,0.00033525221209368004,0.00036222395199994,0.5,0.8,0.8,59,0.1777939778112467,0.1927312708511632
27,29,0.1482972637413855,0.427024562215759,0.4149621880314668,0.25202720093378106,0.04415765216539077,0.08699882226170297,0.00033579880810665,0.00036175425178347996,0.5,0.8,0.8,60,0.1777619592342313,0.1936338035062414
27,30,0.13731309362671762,0.402436627767341,0.38656724268734094,0.2615064494104748,0.13798921473474246,0.08377806360990445,0.00039639911275555996,0.00042552070618053997,0.5,0.8,0.8,61,0.1803707092373153,0.1047902260247804
27,31,0.13595785363965746,0.3992799687514996,0.38292140183822637,0.2606528449414297,0.05455176186583593,0.08343747863494978,0.00037818116591484,0.00041754415396149996,0.5,0.8,0.8,62,0.1851595640932646,0.1149774433098613
27,32,0.13364973932466365,0.3969946319643104,0.38716127572545433,0.2790219133874629,0.05461002822097736,0.08343747863494981,0.00037818116591484,0.00041754415396149996,0.5,0.8,0.8,64,0.1809369495665399,0.1123974598813612
27,33,0.12225045947487347,0.37695786939959675,0.3779405036964664,0.2729859861073042,0.07559305907856907,0.07980534777179446,0.00031501140417786,0.0003487221094784,0.5,0.8,0.8,67,0.1540080828473442,0.1491697179978199
27,34,0.12281258157996013,0.3737432074989294,0.3671939295330908,0.2738467589393409,0.04150160434282148,0.08096925636903919,0.00031777428295888,0.00037148853336319997,0.5,0.8,0.8,68,0.1549891619986308,0.1001416970872013
27,35,0.12177307302697775,0.37817477459271065,0.38615883964995945,0.27513199104418395,0.047164924277918234,0.0812403783053854,0.00024249718721489,0.00029355987732829,0.5,0.8,0.8,70,0.1539140602974816,0.1489488803610526
27,36,0.12180410044089335,0.3728532593285577,0.37289416370798495,0.2867949753415138,0.053261526177487556,0.08299530095412096,0.00032242005733042,0.00035259703951016,0.5,0.8,0.8,71,0.149423505570987,0.1468913329736368
27,37,0.12246218773467174,0.36945161359379186,0.36847732719032616,0.301598348082593,0.057223723731117504,0.08823301640056866,0.00037513609331388004,0.00046645962092152,0.5,0.8,0.8,73,0.1608935355966969,0.0931775909546598
27,38,0.12232860625471133,0.3726930358746866,0.3791486625423237,0.3256977316757915,0.04536058021244,0.08833009576045257,0.0003723655650116,0.00046182928604974,0.5,0.8,0.8,77,0.1625964369520458,0.0934618505279772
27,39,0.1192935212523367,0.36036897320407807,0.3579172780169142,0.3440727535263106,0.053368979210931186,0.0879931483149942,0.00037650291282172,0.00045611276611323,0.5,0.8,0.8,81,0.1630832185382764,0.0846166412984822
27,40,0.1186203910862203,0.36221617461816447,0.36698385521758076,0.350603025621376,0.048277080124633207,0.08782199054129415,0.00037679791757316004,0.00046874794339331,0.5,0.8,0.8,83,0.1601682435928388,0.1013878472620216
27,41,0.11617194808735418,0.3548861000485753,0.3584523470724391,0.3519077560758609,0.05955902075217434,0.08774062229816311,0.00038528210944133,0.00045190375643024,0.5,0.8,0.8,85,0.1622136660919922,0.1027351280632482
27,42,0.10658162649796965,0.3445918644314064,0.36783891861557505,0.3426587987319904,0.11204103885077925,0.07904663815532212,0.00057370312965676,0.00060270278613217,0.5,0.8,0.8,86,0.1391404478017456,0.0815330293996033
27,43,0.10004406715111709,0.3351018563275069,0.36428088966571875,0.3687069500971272,0.04477179989625308,0.07221070812918083,0.00048542246627665005,0.00045248462523523003,0.5,0.8,0.8,91,0.1653846475786477,0.0718042798691664
27,44,0.09985487433874118,0.33231393770365525,0.36088154446615633,0.3902732185747109,0.04082782007656886,0.07402248009440617,0.00049143335723395,0.0004620266396496,0.5,0.8,0.8,96,0.1666187591662882,0.0746358306566114
27,45,0.0954073887887519,0.2906359185009987,0.2973461010351913,0.3918979621059875,0.21567095622967164,0.08845812000456217,0.0004173722632974,0.00043525738754288996,0.5,0.8,0.8,97,0.1873519295423114,0.0775351541520859
27,46,0.09548469802163993,0.29810639812892664,0.31983893648111367,0.41777314864827797,0.04504055601555909,0.08863280136457165,0.00041838934509903997,0.00043492115340962,0.5,0.8,0.8,101,0.1859409186989896,0.0786010237448438
27,47,0.09473103199132314,0.29534706810387795,0.31663152117557114,0.42317945136199653,0.05055428876193721,0.08856106738334608,0.00041312534623828996,0.00043109515503296996,0.5,0.8,0.8,103,0.187080333784018,0.0841879047500776
27,48,0.09390055574382065,0.29600613146387544,0.32431003249697893,0.4716732076007646,0.046451349708363336,0.0884576273107648,0.00041541575143497005,0.00042879044535389,0.5,0.8,0.8,111,0.1867556532813759,0.0823583121867973
27,49,0.09052414158889004,0.28813324056897355,0.3221365069875778,0.48348479654858506,0.0670035242937577,0.08711354907682359,0.00045268502332373995,0.0005048061938239,0.5,0.8,0.8,113,0.1960735001302475,0.0780021561988454
27,50,0.09017012431344333,0.29767362208505665,0.35394786908860415,0.5142634423969076,0.045062307537536976,0.08721615208079234,0.0005704959330398,0.00039537628926035,0.5,0.8,0.8,123,0.1932289985796574,0.0788559473125072
27,51,0.08829401702211191,0.2902768498509564,0.33863950489311784,0.5199984573852269,0.053034982173255675,0.08461989530265265,0.00058129461122272,0.00040925780448146,0.5,0.8,0.8,124,0.210420187521576,0.0782570652411923
27,52,0.09008114646122839,0.2952474222108756,0.3510092743422103,0.5176896554159982,0.04793476730284181,0.08866306766609709,0.00050693878784484,0.00040434882026638,0.5,0.8,0.8,125,0.1904615809880296,0.0739905556891086
27,53,0.08901221445518208,0.29520173131765565,0.35789059447321975,0.539481358236726,0.05220823261660907,0.08822043137090523,0.00053246694774603,0.00041043820097352,0.5,0.8,0.8,127,0.191149340788802,0.0769378276893703
27,54,0.08842309119807062,0.29691931091492635,0.3668164892350415,0.5427164091277359,0.047278123532431465,0.08786719473416031,0.00057423389375199,0.00041709443579015,0.5,0.8,0.8,130,0.1935672684035195,0.079061462107136
27,55,0.08816024187328897,0.2958756893491583,0.3656028748096396,0.5501963652996981,0.046837910945365685,0.08789080116821198,0.00054670296100706,0.00041310083566986,0.5,0.8,0.8,132,0.1910412773240009,0.0783839618443716
27,56,0.08798074823422695,0.29470764587069587,0.36421990448711,0.5771997186320165,0.04592296137441725,0.08817803297776451,0.00053716268679417,0.00041170627839387,0.5,0.8,0.8,137,0.1878144521071285,0.0779940722447074
27,57,0.08517024282465464,0.28997802856370286,0.35907375552596066,0.5898387109773435,0.053102888956720946,0.08375925313523262,0.00053814364578937,0.00041653269868286997,0.5,0.8,0.8,138,0.2128839413438803,0.0800451241926593
27,58,0.0850164789971419,0.29244631946011734,0.36882057249978867,0.6169217225497132,0.04401075558528198,0.08410437552512808,0.0005587961526116999,0.00041435717362662004,0.5,0.8,0.8,143,0.204704099459413,0.0794585046808512
27,59,0.08500290023652016,0.2923365557667968,0.36868997289461886,0.6327700341150518,0.042960380639568106,0.0841449543187517,0.00055368519219412,0.00041462848843073,0.5,0.8,0.8,147,0.2043307111567364,0.0791337570032032
27,60,0.08358125973952826,0.3011389783391177,0.41327018885052835,0.7765396782181598,0.045421895532830776,0.08582328668519743,0.00078362451332645,0.0005408597545594099,0.5,0.8,0.8,178,0.2185920689642735,0.0961235798239433
27,61,0.08312300529604372,0.3029318296347125,0.4222648232764449,0.8093270673010762,0.04551177681269777,0.08573930899228098,0.00080579296825027,0.00054230750999714,0.5,0.8,0.8,183,0.2206189741647811,0.0973787730751236
27,62,0.08317290674686402,0.30586071555910277,0.4325301996760689,0.8292336142127288,0.04513362839459479,0.0862333142370729,0.0008008416861149399,0.00060910055840935,0.5,0.8,0.8,188,0.2174166467312684,0.095538279484582
27,63,0.08259712546607301,0.30709073868519665,0.44086783309334215,0.836495681055414,0.0493154836532691,0.08618852704659993,0.00080660567121227,0.00061248958111122,0.5,0.8,0.8,190,0.2179678049767175,0.0953704169792099
27,64,0.0823622414912824,0.3102517372699717,0.45147607655800787,0.8571114238249539,0.04450728000986148,0.08590366702611,0.00080056385904389,0.00061830765005017,0.5,0.8,0.8,194,0.2175505358865483,0.0945279998995625
27,65,0.08222334897336724,0.3089368953316099,0.44991066655224554,0.8689041133418728,0.04742344825519158,0.08630758161942606,0.0008098592394582,0.00061152050573207,0.5,0.8,0.8,196,0.2186273913027547,0.0963083736753815
27,66,0.0814615692665669,0.3106324839031164,0.45885390398104675,0.8800672094455322,0.05056279069721177,0.0857222388840219,0.00075323882557426,0.0005359774365139,0.5,0.8,0.8,197,0.2312123093909604,0.0917529499474641
28,0,0.896890820166737,0.9650308418818985,0.9592620095434126,0.13962821676367992,0.0,0.0,0.0,0.0,0.5,0.8,0.8,1,1.1847415558598544,0.7546749780968389
28,1,0.7748506770224945,0.9494968501298456,0.9321963498895971,0.1788164698275731,0.19853413466468045,0.10867556879080406,1.724038079637e-05,2.1198598566390002e-05,0.5,0.8,0.8,3,1.0454851076513416,0.5507808697678912
28,2,0.45199787263721386,0.7629953580062616,0.7156661863781637,0.12619822138986805,0.8007041473977586,0.09910220945083704,0.00021955814867944003,0.00020778989859036,0.5,0.8,0.8,4,0.6143701436978939,0.226297145186922
28,3,0.35699642181365837,0.6816230001694344,0.620899128194958,0.10804212426915315,0.21717177584882447,0.09905462672341599,9.388415845494e-05,0.00014207566778177,0.5,0.8,0.8,6,0.5768952280968003,0.1314448870614834
28,4,0.33276184188036456,0.6609733881895298,0.6037355871358249,0.109829244793427,0.10013504401439698,0.09909390054357436,0.00011934519956596,0.0001648605802799,0.5,0.8,0.8,8,0.5056274533523596,0.1472919093716432
28,5,0.32123272529767055,0.6522219138627031,0.6000257622801368,0.11166917146323993,0.08321452284381309,0.1039800152996523,0.00016380790286684002,0.00022484827778081998,0.5,0.8,0.8,10,0.4703472669621868,0.1325085524756798
28,6,0.31457243707812915,0.6485978470116576,0.6026900746957393,0.11566515908601321,0.08313834114112215,0.10405041346568872,0.00023006735049502003,0.00023571918078594,0.5,0.8,0.8,11,0.5219135597126785,0.1542118125327757
28,7,0.2910027370728063,0.6187643151447584,0.5614863620726469,0.10502538291033219,0.14891848467974741,0.09879816761526408,0.00012502683599591998,0.00018570765585408,0.5,0.8,0.8,12,0.4386140878995493,0.1528166253588992
28,8,0.289877403703516,0.6176253509843195,0.5601576906055465,0.10699533248647702,0.05528897622479365,0.09887014704136644,0.00011399637925398,0.00016568949263461,0.5,0.8,0.8,13,0.4381972662367206,0.1503998334941682
28,9,0.27597226675437697,0.6032390281352658,0.5503001371975007,0.1058064847084507,0.12048588484458615,0.09882548667112886,0.00012612479831447,0.00018284906097257,0.5,0.8,0.8,14,0.4246739284236625,0.1316358746694914
28,10,0.25212379470795315,0.5708879155299592,0.5122013465741371,0.10257527391922265,0.12466101249721263,0.10373111398296422,0.00018478585334762,0.00017039976056116,0.5,0.8,0.8,16,0.3976397963935182,0.1827133078490915
28,11,0.24701509055757984,0.5663384343202069,0.5135491193546124,0.10383948168504331,0.09286291179132272,0.10657562975655571,0.00020628727654096999,0.00029906438155056,0.5,0.8,0.8,17,0.3587985868229025,0.084473763609626
28,12,0.24489617597840588,0.5745170658639135,0.5438346429968085,0.1278457372133752,0.055191459739299516,0.10598780995519826,0.00019838426721235998,0.00028760701667143,0.5,0.8,0.8,23,0.3541819637862002,0.0911112200580702
28,13,0.21876340004224934,0.5376115658522863,0.5077152126482185,0.11944998863080011,0.22178447983222171,0.10630172463488813,0.00020315996270194001,0.00029799426028033,0.5,0.8,0.8,24,0.3385088250972767,0.088539238354703
28,14,0.1928145018697757,0.4872972631818812,0.44205074271798805,0.12671280695770853,0.1524054162113834,0.10724184083979893,0.0005234812857477799,0.00050903423524667,0.5,0.8,0.8,26,0.3430035439508887,0.2215898845888091
28,15,0.17866120020219356,0.46635361579690254,0.4314088682863502,0.15793461255910557,0.06655487394974387,0.10808488560493007,0.00042537750068624995,0.00044105832405623,0.5,0.8,0.8,36,0.2545476249988668,0.0709092345522399
28,16,0.17612208461931975,0.4645703793926587,0.43620497181171747,0.16431409702966726,0.06660052654165703,0.10843187301100009,0.00044414128630329,0.00042292449223196003,0.5,0.8,0.8,38,0.2731250301903655,0.0726579954622112
28,17,0.17553174982846756,0.4632276417474192,0.4346249745689753,0.1702108969635999,0.05799188971848477,0.10869532959080534,0.000342422167498,0.00047932369466904,0.5,0.8,0.8,40,0.2332947003495968,0.0909719951435729
28,18,0.17303574544863895,0.4615535064055829,0.4395696555227099,0.17646771503498945,0.06622470659748257,0.10873378553664752,0.00042561419764371004,0.00042690340660283,0.5,0.8,0.8,42,0.2725354413758298,0.070508894805865
28,19,0.16956707194246634,0.4504574562085606,0.41976293226645206,0.1797178331418343,0.0848260065085935,0.10847236517157935,0.00040395730315800004,0.00044483844526795003,0.5,0.8,0.8,43,0.2608899466680254,0.0725795785690111
28,20,0.1679143844629064,0.45438308552596735,0.4381617088072882,0.19943645250394523,0.058260805584575595,0.10824148722641813,0.00042613266540368,0.00040699447973331003,0.5,0.8,0.8,47,0.2607759569420655,0.0688947755621395
28,21,0.16176442921951248,0.4361232047743926,0.40991147035719516,0.20469064653674005,0.08619929865527268,0.10872675959536217,0.00064767625958457,0.00045656664860215,0.5,0.8,0.8,49,0.2503118304567935,0.0663468307557506
28,22,0.16176442921951256,0.43983437834242867,0.4211370972188723,0.22567650536971628,0.05524681965292722,0.10872675959536217,0.00064767625958457,0.00045656664860215,0.5,0.8,0.8,53,0.2503118304567934,0.0663468307557506
28,23,0.15851754278566266,0.42838619864084804,0.4008849750474462,0.24294194314138165,0.08756768250436037,0.10859899566695479,0.00062696287268538,0.00065672021892572,0.5,0.8,0.8,54,0.285377617143109,0.0929311146105557
28,24,0.15703528367920674,0.425791664780498,0.39797433117882164,0.2537597140255997,0.056624900115883635,0.10702443105832865,0.000646049861707,0.00077386301949188,0.5,0.8,0.8,58,0.2218962738049836,0.0687028366762576
28,25,0.15584536840927204,0.4226510811853626,0.3942824443265116,0.25647698190379326,0.06863760002354538,0.10749590240910374,0.0006347251373184099,0.00074191876380012,0.5,0.8,0.8,59,0.2257667057177557,0.082658504162592
28,26,0.15368653942530291,0.425097395328708,0.41096832194907784,0.26097667794572776,0.07440097740570126,0.1073990045372341,0.00061450474278129,0.00058370999457349,0.5,0.8,0.8,60,0.213772674514455,0.0661251124377491
28,27,0.15217728799796712,0.42440464464490213,0.41698740146504626,0.305356963606896,0.05712497657861278,0.10806285073554298,0.0005174792984634199,0.0008422441358098499,0.5,0.8,0.8,70,0.2417478812286393,0.1176551001542191
28,28,0.14610430791495035,0.4236041401167372,0.4436437405572093,0.34189648990193594,0.07691650386884222,0.10862363394489549,0.00051867831952173,0.00064216347677029,0.5,0.8,0.8,73,0.2276826542206991,0.1087713951167681
28,29,0.14335962954424925,0.41247158356307956,0.42375350043940785,0.3291576206237445,0.08643996503893038,0.1088793890547671,0.00050670790441626,0.0006375576680199299,0.5,0.8,0.8,74,0.2338656181768326,0.1013933287226079
28,30,0.14335253129816153,0.41613597952583026,0.4349218846057664,0.3356374800696907,0.055502645767096175,0.1089065852619384,0.00050912706171388,0.00063905427266954,0.5,0.8,0.8,76,0.2336711250673774,0.101846678015662
28,31,0.1420134122496592,0.4143487634530408,0.43301647849547326,0.35176596718758185,0.05725633356405182,0.10686383341489057,0.00049340453961305,0.00059308405237127,0.5,0.8,0.8,77,0.2598699798840952,0.1003232488298611
28,32,0.13776357469582393,0.397072929090502,0.40580130171324086,0.3603402689902898,0.11608914107351133,0.10679670311245325,0.0018929402536901501,0.00065348755727298,0.5,0.8,0.8,78,0.2026478478749287,0.081630480125963
28,33,0.13696739916716386,0.4024288205559053,0.42586061951453663,0.38042817095059617,0.05737110117782465,0.10673395322712055,0.0018519502562374698,0.00061681207519513,0.5,0.8,0.8,82,0.208202467349348,0.0921470107932317
28,34,0.13711648495092188,0.39504386638257866,0.4034181576956851,0.39162243694140153,0.05591027932155096,0.10714504703948273,0.00186091886921972,0.00061435936647825,0.5,0.8,0.8,84,0.2074945009468107,0.0928704591523774
28,35,0.13688619500406748,0.39818057395523526,0.4139812182012924,0.3987877648441963,0.056613474924419385,0.1070538498581218,0.0018666913304754898,0.0006150761570419699,0.5,0.8,0.8,86,0.2078530009044527,0.0934858577675295
28,36,0.13668733582453468,0.4012322621342931,0.42442955823716133,0.40920317291246855,0.05851293924120957,0.10717640961190768,0.00186360765699897,0.00060983772159338,0.5,0.8,0.8,87,0.2096332785767934,0.0936981922021657
28,37,0.13665783141130666,0.4045139545114417,0.4351233258647057,0.4317588934685349,0.05612476371046382,0.10757286037339646,0.00187332432089149,0.00059107928879725,0.5,0.8,0.8,94,0.2058564532826972,0.0900602492514578
28,38,0.13633831458343837,0.44836671827129626,0.5690573165215205,0.5922484625008206,0.05578864617851216,0.10900138826060923,0.00084561146601202,0.00057281995414121,0.5,0.8,0.8,109,0.2699591448848018,0.1359421008862479
28,39,0.13577906016648877,0.421447997272386,0.4894397575629798,0.49371516877116234,0.05610777049672994,0.1087472542407718,0.00050728752743444,0.00063429631571135,0.5,0.8,0.8,112,0.3053556209914351,0.1776485090461538
28,40,0.13522860505269407,0.4389318306894732,0.5443635228224811,0.5759782192223263,0.058299008942212974,0.10801726938107728,0.00054919974590036,0.00071096824999359,0.5,0.8,0.8,113,0.2630610908780028,0.1189424562213572
28,41,0.13548980224423746,0.4424708760420526,0.5553067319608862,0.6032915226041861,0.05826908375631995,0.10820027358521897,0.00090386613527499,0.00086199178727293,0.5,0.8,0.8,114,0.2538749465575185,0.1317296323681772
28,42,0.13425498888786405,0.4394021460962567,0.5517729163882124,0.6180457396527226,0.06689507777723502,0.10816408235273393,0.00076932129578209,0.00070798370163202,0.5,0.8,0.8,115,0.2641802433668188,0.1241929358233611
28,43,0.13326681139013774,0.4403013451660782,0.559726037314738,0.6249421701509782,0.06675847504013656,0.10785931500922018,0.00086326477807856,0.00077918230398902,0.5,0.8,0.8,116,0.2615723603744759,0.1278820611542737
28,44,0.13186235292441167,0.4285774467157155,0.5322457477966052,0.6006118903200379,0.05898935515979194,0.10833514341720615,0.00049572363400007,0.00098431474858139,0.5,0.8,0.8,121,0.2651893050592385,0.1520391935868499
28,45,0.1303068796167822,0.426665920183091,0.536835721873564,0.6499449220701292,0.08119572934938814,0.10929318727445707,0.0009132413707535701,0.0006150055807443,0.5,0.8,0.8,122,0.2613008745561106,0.1859449514521743
28,46,0.1289434714533788,0.426311589913596,0.543328023246887,0.6684502519800284,0.060026478154805565,0.10914112533171513,0.00080090337507157,0.00080071109774142,0.5,0.8,0.8,126,0.2583538099259541,0.1817596602643821
28,47,0.11457728055340594,0.41316428813107337,0.5436912497053631,0.6981126237253775,0.04765022929062618,0.08700063204784804,0.0004853814689489,0.0007470938942722601,0.5,0.8,0.8,138,0.2660179027043036,0.1136220545768215
28,48,0.11226131520702287,0.4046846295695919,0.5337222854496791,0.7000617084551148,0.06365553916918665,0.08801728331489898,0.0005195449986474499,0.00076262161377407,0.5,0.8,0.8,140,0.2525416756321406,0.1220123207266914
28,49,0.10896417022329505,0.3901887660140174,0.5099273170917238,0.7410979460601129,0.06737529102008967,0.08784101866118524,0.00057869253364617,0.0008554938123382001,0.5,0.8,0.8,142,0.2397695705948856,0.1181108223340182
28,50,0.11667786269414766,0.4116724840382666,0.5612146125928585,0.7725943709084012,0.05626799094765045,0.10343914876676333,0.00114344368993974,0.00076676907469273,0.5,0.8,0.8,144,0.2772260914133316,0.1379430251227353
28,51,0.1094714959524562,0.4070565175696095,0.5638485003583537,0.8106489272698741,0.047941111718198065,0.08923856993499042,0.00145851804883288,0.0009225331070556999,0.5,0.8,0.8,149,0.2513858832940826,0.1303059973701632
28,52,0.10826415368967128,0.4001660205187143,0.5489797370881633,0.805399726830086,0.05194815767653941,0.0887520903322616,0.00138042729067932,0.00084542013260364,0.5,0.8,0.8,151,0.2508821208367379,0.1220547570903258
28,53,0.10743349731082157,0.3937518078421623,0.5346121243101376,0.812749285704449,0.05159974063766882,0.08869873249595853,0.00137285049091121,0.0008339824524252901,0.5,0.8,0.8,153,0.2455257303067131,0.1203384225617877
28,54,0.10889626096736846,0.4137501536783975,0.5921779347184075,0.9086442214890442,0.047617865020195924,0.09088639176459228,0.00138360468926282,0.00129483822925706,0.5,0.8,0.8,166,0.2582378144950831,0.1190339434978375
28,55,0.1076543732751131,0.4198016870475032,0.6132281878478134,0.9411502334435129,0.046495827269458334,0.08905464251768445,0.00145229899123825,0.00088624717707282,0.5,0.8,0.8,171,0.2457249705480342,0.1300529662179133
28,56,0.10715516900075317,0.41148896153625286,0.5897950052016775,0.9236819698214992,0.047997560572793856,0.08866286600576168,0.00134006970869837,0.00082391542000518,0.5,0.8,0.8,172,0.2460160919174842,0.1189666547291826
28,57,0.107032873080542,0.4147664358992699,0.6005141296640452,0.9362203885440866,0.04825026183845251,0.08860726381065522,0.0013668973200539,0.0008410065931799,0.5,0.8,0.8,173,0.2490773086300916,0.1256948854696877
28,58,0.12288298679118781,0.4831884692167542,0.7213151092928057,1.0263869065997426,0.04872734804291298,0.0918915943405567,0.00171660397000277,0.00087761873989594,0.5,0.8,0.8,177,0.2543929311238387,0.1170944175843282
28,59,0.10833966086007824,0.44014088575732385,0.6780439090408886,1.0175073027117143,0.058452895561037305,0.09202260096720552,0.0018267102495865498,0.0008705412520687499,0.5,0.8,0.8,178,0.2493555257202887,0.1285029197010637
28,60,0.10867785037399313,0.43796605775805975,0.6686340659441128,1.022021043168713,0.051386357728358534,0.09187094125192447,0.00173344630998351,0.0008616322219435601,0.5,0.8,0.8,179,0.2524380404087127,0.1118881302082999
28,61,0.1234361167077918,0.49216389444612035,0.745568837440845,1.048062511952422,0.04824622168191913,0.09187154142493481,0.0017928911175410698,0.00086553543240207,0.5,0.8,0.8,181,0.2497059053517209,0.1285894137503615
29,0,0.9196828416772652,0.9730819864926329,0.968641349191961,0.14043821944360893,0.0,0.0,0.0,0.0,0.5,0.8,0.8,1,1.0992973072308891,0.7478492194498216
29,1,0.8237606231169209,0.9679036985031363,0.954338866098783,0.18089338308053504,0.16420635381704987,0.10020365273877889,1.6368685354230002e-05,1.9711245749359998e-05,0.5,0.8,0.8,3,0.816638754835042,0.5485630998904142
29,2,0.4825861289921096,0.7854526050082746,0.7418415338217843,0.1324019369865893,0.8010595303999223,0.09898624394305827,0.00020808995315962,0.00019078721609843,0.5,0.8,0.8,4,0.5057679962642556,0.2188832827424205
29,3,0.38264361557604437,0.7056015911594685,0.6488338332824212,0.11785227862538496,0.2141882893132652,0.09898976355633055,0.00013608582857029,0.00013754187517743,0.5,0.8,0.8,6,0.4523400236493513,0.218028269692474
29,4,0.35706304817953993,0.6853753007521337,0.6323064123222437,0.11600638054190014,0.09661110253510748,0.09737360293800557,0.00013830958925095002,0.00013495062575868,0.5,0.8,0.8,8,0.414486443432437,0.177515407863479
29,5,0.33144801247347977,0.6596046635459504,0.6021494747649141,0.10803258090485257,0.15939207898986443,0.09904249425407671,0.00013375334067962998,0.00011912608180379999,0.5,0.8,0.8,9,0.3803737863086938,0.201634035069789
29,6,0.31011978962220704,0.6397613397476727,0.5853578749626489,0.10967602641276236,0.10902514766426667,0.10582027782463722,0.0002049314240467,0.00018313951633082,0.5,0.8,0.8,11,0.3342435320871865,0.1712638724599634
29,7,0.2978427465338449,0.6264020363049897,0.5699360713988814,0.11291168650149817,0.10690785385506221,0.10395210699592976,0.00027329029282060997,0.00021103288486323002,0.5,0.8,0.8,12,0.3963814557608765,0.1543770751467185
29,8,0.2775833388926969,0.6043736715084117,0.5510474889108341,0.10302969591259481,0.1596536484413304,0.10555466181587177,0.00026429610343138,0.00019178201095258,0.5,0.8,0.8,13,0.3645942276098374,0.2408642165375674
29,9,0.2601545580338424,0.5818453769159051,0.5248848763959786,0.11256684877082662,0.14477349258148842,0.1044996521610686,0.00029402990210963,0.0001986982495496,0.5,0.8,0.8,14,0.3718758321576568,0.1727118213617469
29,10,0.2375142324716288,0.5528173371498788,0.4978478229475171,0.10398060216659283,0.09948962666407649,0.10608576658495855,0.00024489217013809,0.00018506008076731002,0.5,0.8,0.8,17,0.326456846246957,0.1315431956358992
29,11,0.2371838408227554,0.5516510392035843,0.4963211484287089,0.10695281673321728,0.06282323681886726,0.10810513416033124,0.00025590407233731,0.00018492162503052002,0.5,0.8,0.8,18,0.3522771574547854,0.178112809483817
29,12,0.22734454995214098,0.5404353386068044,0.4903254060810524,0.1062554613331875,0.10974351339717948,0.10608576658495855,0.00024489217013809,0.00018506008076731002,0.5,0.8,0.8,19,0.3257739496990042,0.1471191954834409
29,13,0.22306495771368817,0.5328840572670219,0.48132517722455,0.11035750008199509,0.07282862282544532,0.10836643361323382,0.00031167980800269,0.00023265178561187,0.5,0.8,0.8,21,0.3430774994327853,0.2052466875900085
29,14,0.2066855457470187,0.5094375442399078,0.4610421334277725,0.10935930483146503,0.16244178554704777,0.10683261303003608,0.00027708685645335,0.00024693202868896,0.5,0.8,0.8,22,0.2342447593007655,0.1380601090272995
29,15,0.20469505178804318,0.5167843004040683,0.490246309825873,0.14343622219787452,0.05707615002619799,0.10747386819239722,0.00030692098558102,0.0002801415401257,0.5,0.8,0.8,28,0.2283125790030509,0.1518595574732647
29,16,0.2030389894839027,0.5175185392420071,0.4980038981448968,0.15065515706334387,0.060308350425612424,0.10747386819239724,0.00030692098558102,0.0002801415401257,0.5,0.8,0.8,30,0.2161872556310185,0.1331429285920366
29,17,0.20266269609763377,0.5168642401682425,0.497246163651086,0.15338283251201243,0.05676300423442345,0.10742608551219568,0.00030293250754546,0.00027960432625938,0.5,0.8,0.8,31,0.2240213041614567,0.1430500064718673
29,18,0.19817085104903961,0.5085180276161388,0.4874892258119719,0.1616696992111669,0.07202695632178673,0.10780440483989773,0.00033082408479037,0.00027238015941567003,0.5,0.8,0.8,33,0.2314828910223815,0.1522959209936435
29,19,0.19775062956620054,0.5079198964864432,0.48682735764960994,0.16743922856583132,0.05575642210068027,0.10741204086790769,0.00032274344166249,0.00026053045023619,0.5,0.8,0.8,34,0.2318995980328651,0.1462433227212011
29,20,0.19272179524850142,0.49035665344285456,0.4523554615072655,0.14825748250174264,0.06516719918243212,0.11003305818738013,0.00028420498680012,0.00022810379560099,0.5,0.8,0.8,39,0.2360403529552377,0.1476431081012149
29,21,0.16982114554176098,0.44161925633454246,0.38890977062628207,0.1346949404386973,0.14444910375073186,0.1071377377790361,0.00028481142751432,0.00026349988063442003,0.5,0.8,0.8,41,0.2187692703456987,0.0920443378419646
29,22,0.16558787199247785,0.43523980989303573,0.38825228164516384,0.13451873064664346,0.07769236007458422,0.10872706798749998,0.00028305396953536997,0.00024084486744554,0.5,0.8,0.8,43,0.1906466299544889,0.0733348703509888
29,23,0.1631440566688209,0.4316767450676318,0.3843793228962477,0.13839626470834224,0.05663710560683737,0.10542738849439222,0.00025208733302751,0.00022811303524706002,0.5,0.8,0.8,45,0.2008678422128585,0.0831119567708432
29,24,0.14787227865887678,0.40448845995693866,0.3668022078838267,0.14090958798921496,0.1175348276435875,0.10163047664905427,0.00034487142496685,0.00029638441265981,0.5,0.8,0.8,47,0.1848182434261717,0.1061454323147493
29,25,0.13852128173808936,0.3773349447549963,0.3348819608627681,0.14089653808818908,0.17225747497305258,0.10517832482333557,0.00032985288652747003,0.00027044257312618,0.5,0.8,0.8,48,0.1617466952774198,0.0937858928316024
29,26,0.1401160296138727,0.3723232297027527,0.32160357407974727,0.13528500683904982,0.0751380780722119,0.11154153075735487,0.00036937595470525996,0.00032795479287505,0.5,0.8,0.8,49,0.1413554420046728,0.0854908713942592
29,27,0.13045524593090443,0.3476543498396728,0.2997152171796214,0.1458366753890155,0.17511136629371715,0.11231508362462404,0.00033357438019856,0.00027529701435228,0.5,0.8,0.8,50,0.1332322873798627,0.0759137672788423
29,28,0.12902243129304664,0.3420037253744814,0.29963496311688953,0.15357580977134389,0.08339427389504447,0.11706548795880344,0.00036697695486136,0.00030104189237019,0.5,0.8,0.8,52,0.1156319075069598,0.0718722013370121
29,29,0.13968070111231082,0.34747035731106113,0.31046327402460666,0.17322417996422898,0.12819369290625685,0.1461661248572895,0.00034237238009224996,0.0006438063784152,0.5,0.8,0.8,53,0.1152589111382651,0.0800252322626853
29,30,0.11834906626903109,0.2968925455000067,0.23310139955412426,0.15230269688959644,0.11283336136102595,0.11915278997408954,0.00033625167018973,0.0003608981390566,0.5,0.8,0.8,55,0.1604030020951055,0.0916964438008186
29,31,0.11673536362575235,0.28608406257724445,0.22685704423829844,0.15955532002482584,0.10037107609748758,0.12573745743756645,0.00034515089210116997,0.00044203478570044004,0.5,0.8,0.8,57,0.1479823603344027,0.0909024142544091
29,32,0.1177397989132067,0.28966159283038534,0.23769168997900852,0.17186251174843348,0.07135940112047755,0.1285286914110326,0.00034837341435294,0.00047713408957846,0.5,0.8,0.8,58,0.1454093646185928,0.0912409330324043
29,33,0.11374010663447419,0.2760788254050757,0.21525148230475435,0.16553458966952123,0.0983281408506916,0.12528394087920755,0.0003408475207889,0.00034927945763724,0.5,0.8,0.8,59,0.1482835589695447,0.0844846013887845
29,34,0.11129883734479526,0.27340495565375916,0.22592153691564604,0.18323858714597324,0.08367508342448858,0.12549746066818385,0.00034083570796651,0.00036271012081945,0.5,0.8,0.8,61,0.1447129536667556,0.0726970457882848
29,35,0.11091702561179799,0.2679875397118878,0.21269840734364942,0.17136339299129882,0.07051598776854531,0.12559782454788787,0.00034078379732419,0.00037420233276935,0.5,0.8,0.8,62,0.1441839592235144,0.0674161492124759
29,36,0.11172571954421205,0.27109443103272474,0.2297041229590441,0.19257819730164125,0.09422466528159189,0.13059095605555465,0.00034550006493458,0.00041732276893327,0.5,0.8,0.8,63,0.1338726057404452,0.0721554270252704
29,37,0.10474127589005189,0.270405168934259,0.2437920425644635,0.22962161605673093,0.05998235040120548,0.11749076576515415,0.00032968082504705,0.00038855171554507,0.5,0.8,0.8,73,0.1437426944127333,0.0778471974524076
29,38,0.09307573417814305,0.2637862983017635,0.25168718851577765,0.24151695894529057,0.060868706566376156,0.09590041903336781,0.00033227509607682,0.00022957665535934998,0.5,0.8,0.8,74,0.1207374572385028,0.0626570467718606
29,39,0.09063140556527391,0.25197870177109344,0.23113358848102653,0.23177262364036624,0.06317790917159782,0.09462906302824925,0.00033381772110822,0.00023388645300503002,0.5,0.8,0.8,76,0.1345149731957445,0.0672490471748311
29,40,0.09226200280892508,0.2606141267195109,0.25470733868177975,0.26504232466801747,0.05028486342101166,0.09815947547613274,0.00033196385969568997,0.00023185824870394003,0.5,0.8,0.8,79,0.1395332270313466,0.067828514179044
29,41,0.08733265745771944,0.2462244597307044,0.23827706638655696,0.26538199490429554,0.09852861683574714,0.09412684633005207,0.00032791330649913997,0.00023126763078943,0.5,0.8,0.8,80,0.1405632867564629,0.0656508916530053
29,42,0.08827573849306661,0.24963777370231952,0.24893840883011584,0.28348637291492695,0.052176247326248294,0.09677028150625494,0.00032836709867493,0.00022497181390586997,0.5,0.8,0.8,82,0.1406021102609622,0.0702989701003658
29,43,0.08672265694135402,0.2432913712890926,0.23484666186267245,0.2737219663860818,0.04949703318079625,0.09427400612525344,0.00034793654045777,0.00022127329639581002,0.5,0.8,0.8,85,0.1310514906343284,0.0648680944406863
29,44,0.08636115473223191,0.24152567924979537,0.24623109105891045,0.3019265528271676,0.06153630001754673,0.09864496320492623,0.0003650281360995,0.00022285958931933,0.5,0.8,0.8,89,0.1175123354588103,0.0648649617850365
29,45,0.08649872228768307,0.23494955219121508,0.23150506464358936,0.3289163248484539,0.053967098670490266,0.10037629415254357,0.0004364917231753,0.00030313159738752,0.5,0.8,0.8,94,0.136297118873131,0.0665288464095349
29,46,0.08491635499052233,0.24137671785358267,0.2598172030372787,0.3359926570927087,0.05829392296037404,0.09895883982775505,0.00040860486400945,0.00032284091292797,0.5,0.8,0.8,96,0.1346701985222191,0.0667515051031791
29,47,0.08249790876142592,0.22968398155356617,0.23944276171993298,0.33541489924223117,0.05888696021800248,0.09722699636902495,0.00038466886688007,0.00029653055470366,0.5,0.8,0.8,99,0.1286821233198771,0.0650043374757976
29,48,0.08210335829093576,0.23913961645707843,0.2711734865924799,0.36035247672121445,0.05245805704518015,0.09711323336434499,0.00038852088992728003,0.00029912113717105003,0.5,0.8,0.8,101,0.1287963614717434,0.0651954414356652
29,49,0.08201422197292105,0.23500160922862562,0.25945060364814626,0.35560938533658,0.04998090551915767,0.09711323336434499,0.00038852088992728003,0.00029912113717105003,0.5,0.8,0.8,103,0.125264212805709,0.0582633778083092
29,50,0.08103414568334343,0.2722916420280151,0.37886730447816813,0.5657818532146851,0.04909527362447107,0.09667053945326046,0.00034038322687672003,0.00024071717414543,0.5,0.8,0.8,148,0.1425361890319565,0.0660378504964315
29,51,0.0796777190253631,0.25967571936370715,0.34368155360034514,0.5506740697611278,0.04756389868658301,0.093969207370754,0.00039141889965734,0.00022568712959416,0.5,0.8,0.8,156,0.1194513683136728,0.0585876390843933
29,52,0.08020901199772924,0.2570197907589122,0.34036262855401134,0.5776397482182688,0.057136355439093706,0.09668699902610292,0.00039665021234353004,0.00022571498841525,0.5,0.8,0.8,158,0.1236645210388167,0.0597661945154311
29,53,0.07915644982384983,0.26325599057543236,0.3615999784110614,0.584749223653872,0.04796159777207412,0.09464751670050266,0.0003930959180386,0.00023135152112815,0.5,0.8,0.8,163,0.1231774484656824,0.0592769665398503
29,54,0.07906444016190081,0.2587736216883511,0.3494622410236802,0.5574989274112334,0.04908034722106068,0.09480757020548418,0.00039762169334448,0.00023076712017307998,0.5,0.8,0.8,166,0.1235183904936942,0.0590155476332527
29,55,0.07893320378693182,0.2618549067530175,0.35995450437288207,0.6001653248252423,0.050488866007034325,0.09480265259424499,0.00039780660752643,0.00023002680654548,0.5,0.8,0.8,167,0.1237419017443983,0.0589720711821886
29,56,0.07900137287513441,0.26168896199049424,0.3597400096227682,0.5806739701615292,0.049246167181881136,0.0950556425099656,0.00040018605548221,0.00022996744827378997,0.5,0.8,0.8,168,0.1242352457442041,0.0590702837690769
29,57,0.0789973079603567,0.26168406198042926,0.3597349466784103,0.5845838348650967,0.048032311914878084,0.095048199927288,0.00040003264915804994,0.00022995697902892,0.5,0.8,0.8,169,0.1242473221125825,0.0590701920186532
29,58,0.07869466549392726,0.2603836131928422,0.35822778905192965,0.5958728190676268,0.05056028212826879,0.09494431082865452,0.00040501375043077,0.00023057028758191998,0.5,0.8,0.8,171,0.1203369908779585,0.0590721002526648
30,0,0.8951479069062388,0.9644071409285545,0.9585353969839061,0.13802054026783445,0.0,0.0,0.0,0.0,0.5,0.8,0.8,1,1.1924613425680095,0.7509258445422617
30,1,0.6498294309346768,0.8888242872393368,0.8552512634802493,0.1579484028062946,0.3133742836832371,0.09863663126403768,0.00033269597799981,0.0011397216793934699,0.5,0.8,0.8,3,0.5951861905558135,0.4675689842327974
30,2,0.38445981472496793,0.707182821857741,0.6507609722152763,0.11180669249700662,0.29525141143228767,0.09806567162060612,0.00010156449985301,0.00010506059351636,0.5,0.8,0.8,6,0.4190155435363379,0.1531697494714377
30,3,0.3795905129141258,0.7066760757115828,0.6567466448340546,0.11817091617675476,0.06395267907626953,0.10193030486156171,0.000129306776997,0.00013375782637293,0.5,0.8,0.8,8,0.3956298250096139,0.1486056507405536
30,4,0.30239327278632633,0.6278444535018558,0.5652999738523643,0.10566647292707827,0.20652135388223636,0.09727797588567046,0.00010903541705081,0.00010866770616295,0.5,0.8,0.8,10,0.3805101099410399,0.1533729388105572
30,5,0.2724875996651982,0.5989043434654437,0.5453143141705933,0.11742811456723866,0.08724508885731581,0.0980447245262746,0.00013698751227857,0.00017532262655795,0.5,0.8,0.8,14,0.3751507813961834,0.1667484849972039
30,6,0.2634114279133488,0.590155433037147,0.541718485380244,0.11686675034646687,0.0806513226307713,0.10158916690082531,0.00018179757837331,0.00023267251453891,0.5,0.8,0.8,16,0.3413113009559103,0.1605093188294802
30,7,0.2644868441206316,0.5908057640518857,0.5419405679736553,0.131793652248732,0.060389971276702814,0.10835750781971422,0.00011999863128644,0.00012202818014853,0.5,0.8,0.8,18,0.3171665013453335,0.2038051003697248
30,8,0.25228968947194735,0.5742811889979466,0.5229443457431253,0.13329855672469149,0.11347913652096263,0.10530212694698671,0.00011174594125659,0.00011247524299599001,0.5,0.8,0.8,19,0.3005247495084966,0.1570997562486717
30,9,0.24886707923882342,0.5730585583691776,0.5284131030038489,0.12635121430048654,0.07327608829248902,0.10541247339011224,0.00011197982663189,0.000112745978027,0.5,0.8,0.8,20,0.3077829408207927,0.1563412286289713
30,10,0.23032924825512166,0.5481860343368935,0.5060676151241803,0.12684252395191334,0.1168806917628796,0.1085903030278309,0.0001348476586813,0.00016428731036817,0.5,0.8,0.8,22,0.3128044666104512,0.1377511295798275
30,11,0.2257906694605565,0.5433849168061211,0.5070192427538384,0.14402612312810978,0.06771308933029034,0.11291903869304828,0.00013625993458689,0.00016576090834191,0.5,0.8,0.8,26,0.2744545958959851,0.1499861672015656
30,12,0.21903588571340404,0.5312559687164718,0.48665967225548695,0.1442945685096441,0.07061975946355017,0.104561030446615,0.00016810171275041,0.00026197720595868,0.5,0.8,0.8,27,0.2222347186277108,0.1571457340307677
30,13,0.21115083741162677,0.5184713794021254,0.47178487010024756,0.14581231313112025,0.10609609433030089,0.10429267435086743,0.00017292020019468,0.00028246944510801,0.5,0.8,0.8,28,0.2353569717632955,0.1416515661683751
30,14,0.20834747002387127,0.5158778913554736,0.47540720769837147,0.14802289158687673,0.08515509156971597,0.10729137769790026,0.00019518859946844,0.00034483286847790997,0.5,0.8,0.8,29,0.2476173103926298,0.1427150215492991
30,15,0.1944031967338124,0.4913671506255994,0.446991707412473,0.1405816408117755,0.15084979191421433,0.10562153710511332,0.00018588372970520001,0.00034643807521159,0.5,0.8,0.8,30,0.2481171394847838,0.124160176279305
30,16,0.1802074625969853,0.46556920314759065,0.423551862723189,0.13587500385810725,0.18390776115463356,0.1091009999226657,0.00018911478594186,0.00035253397999048,0.5,0.8,0.8,31,0.2651122504326026,0.1762444737587857
30,17,0.1676966507735791,0.4392323826014992,0.39933675361576254,0.13233574895594963,0.12504291362973913,0.11416419487273152,0.00024436136644439,0.00043468847101827,0.5,0.8,0.8,33,0.183812466106186,0.1425550345237965
30,18,0.15003183649788887,0.3945376190132407,0.34054196256811736,0.12744867370776103,0.2212232247078545,0.11217790786095624,0.00019697381496891,0.00039427046317177,0.5,0.8,0.8,34,0.2323828173409593,0.1654997461032341
30,19,0.13686360804845688,0.3642262178373792,0.31226104815190325,0.12561661323862694,0.12433952446576375,0.11062204001097742,0.00019944554073711,0.00038882083548504997,0.5,0.8,0.8,36,0.2037554931367571,0.125369855778319
30,20,0.13338681235108077,0.354975055593302,0.30811587328469114,0.12940489507463435,0.08783890639912922,0.1136000443979103,0.00026276956756110997,0.00051069301257918,0.5,0.8,0.8,38,0.1693481567198412,0.1210753477275611
30,21,0.12927710543868462,0.34722164617411083,0.29946901715418955,0.1339551358152642,0.07680856795215765,0.10928162489117624,0.00019155712266272,0.000359070418993,0.5,0.8,0.8,39,0.1869478064327434,0.102712619071507
30,22,0.11916225565066871,0.3083642871022098,0.26035126139260617,0.1275018196117987,0.2540809680980722,0.11793133811443307,0.00029135373742574997,0.00055379343940809,0.5,0.8,0.8,40,0.1273817141104125,0.118115237368389
30,23,0.1072072465019898,0.2699034496278835,0.22255294994259076,0.13239029179046272,0.10182142942787416,0.11682943608696358,0.00025138115021859,0.00048584523149889,0.5,0.8,0.8,44,0.1202425591711481,0.091636567102108
30,24,0.10718945478338919,0.2734124659910563,0.2335355435420272,0.14771071629408491,0.05939080352439033,0.11691510239324253,0.00025270728570803,0.00048800099612689,0.5,0.8,0.8,47,0.1192638266493651,0.0923499539000408
30,25,0.10494359633394595,0.2642213634532487,0.22281214738098992,0.1485486887528553,0.09745969047118608,0.11711963692910299,0.00025227793006442,0.00048219533058941005,0.5,0.8,0.8,48,0.1165035115012877,0.0933124111716809
30,26,0.10128952828297368,0.24973607061667277,0.2059645614881381,0.15438428932864282,0.07867737574597002,0.11665776215703237,0.00027215320100443003,0.0005438718081083301,0.5,0.8,0.8,51,0.1113350926523972,0.0888973966442079
30,27,0.10076173691199493,0.2503081135211378,0.2134866297474655,0.179569257108154,0.06630862139885609,0.11732379026211927,0.00025420324528844,0.00049825931999115,0.5,0.8,0.8,53,0.1148988700850896,0.0905467284250427
30,28,0.09942762539564962,0.2462436424543439,0.20883362461637858,0.17470834832125612,0.0636718381185811,0.11631679321261343,0.00025843049495204,0.00050214867260205,0.5,0.8,0.8,56,0.1156349531656494,0.0845537052670406
30,29,0.09706293814020261,0.2291621633408312,0.18861193084014832,0.18146690392588458,0.13923753696027943,0.12017502843928868,0.00026209982699755,0.00052951115978775,0.5,0.8,0.8,57,0.1105499158880592,0.097144180955598
30,30,0.09503911782581487,0.2232412990811237,0.18186672118514735,0.18510624676169496,0.08052800205931838,0.11828545730198926,0.00026254906232347,0.00055503357642295,0.5,0.8,0.8,58,0.0971148072334732,0.0900949329706206
30,31,0.0937965522011322,0.2213429133608285,0.18656591783808674,0.1903132953974741,0.07114665208869254,0.1181838891392545,0.00026206559566055996,0.00055424365653715,0.5,0.8,0.8,60,0.0965215799060122,0.0893393018522901
30,32,0.0935438118736927,0.2202574617436711,0.18530585991509171,0.1865824035870118,0.06190124471318647,0.11816013150652009,0.00026682063034798,0.00053060079062641,0.5,0.8,0.8,62,0.1000932758984384,0.0887017141950999
30,33,0.09297153933390018,0.21439467066736506,0.17159785417365406,0.199512660202191,0.06784119980242431,0.11781527666400653,0.00026788405354499003,0.00056179950949965,0.5,0.8,0.8,63,0.0994136610186947,0.0886918462749792
30,34,0.0898546029936246,0.20397290600119003,0.16639756426539226,0.21110677074950648,0.11670591297165527,0.11734954632369653,0.00026630623321304,0.00056253952927236,0.5,0.8,0.8,64,0.1011146102857624,0.0857295258189007
30,35,0.08991380080867094,0.19629794119843494,0.1436293971014189,0.1637784291659441,0.05979268364695262,0.11763371776513923,0.00026580449053826,0.00055705228127378,0.5,0.8,0.8,69,0.1022539185600446,0.0864563659724411
30,36,0.0897281196535807,0.19578768175266525,0.14305196183749902,0.1635619972511819,0.0610525429500583,0.11742268312044489,0.00026596622712198,0.0005599071720697099,0.5,0.8,0.8,70,0.1017125988457197,0.085732643496931
30,37,0.08935982872333544,0.2099810317240739,0.18724467165639613,0.2582445434840716,0.05931579283515056,0.11683418808040029,0.00026757371260983,0.00055444125266289,0.5,0.8,0.8,76,0.109080557575774,0.0833594357761237
30,38,0.08808959887114697,0.20437504802147127,0.18074383485406803,0.27786191746546346,0.07008085172642287,0.11644522454926699,0.00027093307370873,0.0005672367668113399,0.5,0.8,0.8,78,0.1024462728094354,0.0827382671401933
30,39,0.08778994201373966,0.1957228467389748,0.1568712575806014,0.22029256843392606,0.059621527183313934,0.11629688492333091,0.00027316664847516997,0.00057134908056823,0.5,0.8,0.8,84,0.1033459252085979,0.0821734170913577
30,40,0.0876643263744471,0.21412221233778003,0.2128365048646538,0.3754772668082533,0.058711019309749465,0.11617138668747837,0.00025512221386262996,0.0005203713158304999,0.5,0.8,0.8,116,0.1081065265198675,0.0793510304347448
30,41,0.08797455413149428,0.2178331220164956,0.22399795354296256,0.37742597333470296,0.059307051342199,0.11690874917771983,0.00025393655101823003,0.00054468665590886,0.5,0.8,0.8,123,0.103595440357432,0.0810031083075959
30,42,0.08768799675472776,0.21272043070942498,0.21114152447450066,0.4057038722629276,0.061021808843221476,0.11688724763108498,0.00025464551147032,0.00054272490770464,0.5,0.8,0.8,126,0.1035373606114787,0.0827657756726338
30,43,0.08767909800866272,0.22375281115754572,0.2446983105189097,0.46158448549240083,0.05913562231371133,0.11691360660422906,0.0002549510315868,0.0005431425115423199,0.5,0.8,0.8,138,0.1032493293790739,0.0825227851795657
30,44,0.08768626774057711,0.2274438531115138,0.255898186909856,0.5255998471822341,0.05911848127899676,0.11694129348976022,0.00025483709639234,0.0005432940291907301,0.5,0.8,0.8,153,0.1033504030483234,0.0820775921335813
30,45,0.0876954279580456,0.22002016799427554,0.2334434795186397,0.534210477690425,0.05917268178148653,0.11696419005067374,0.00025472674367965,0.00054377289410466,0.5,0.8,0.8,154,0.1034091045097935,0.082052183091948
30,46,0.08768450146515075,0.22369076282478337,0.24462238802427896,0.5112438365134465,0.05927280910717421,0.1169569894036033,0.00025479928115968,0.00054362917107229,0.5,0.8,0.8,155,0.1034568386356784,0.0820241333678312
30,47,0.08768094525915204,0.22739529303047806,0.2558407475075262,0.5377646206670947,0.05912836261447994,0.11695211752389915,0.00025482367410342,0.00054315888126211,0.5,0.8,0.8,156,0.1034645017285316,0.0820334943073547
30,48,0.0876855197344003,0.22368642757293447,0.24461695275453318,0.5496274658643884,0.05913151397929386,0.11696240218905424,0.00025479218972675004,0.00054318683894801,0.5,0.8,0.8,157,0.1034275422164697,0.0820324971066543
30,49,0.08767789885987383,0.22736292313422468,0.2558023604049023,0.5456328986575734,0.059153247598314564,0.11695985437072683,0.00025485562621332003,0.00054348536637893,0.5,0.8,0.8,161,0.1034394043612576,0.0820709078624853
30,50,0.08767372779888201,0.23106331655861284,0.26701580531257146,0.5689639640486164,0.05915284668674262,0.11695445164360793,0.00025480801362529,0.0005437337240206699,0.5,0.8,0.8,162,0.1034188471138752,0.0820679579968192
30,51,0.08781082399651052,0.23115560659768103,0.2670989148308065,0.5690963564037049,0.059490641023632995,0.11725782070000788,0.00025380456634788,0.00054021730291992,0.5,0.8,0.8,163,0.1043656831007287,0.0828051985883126
30,52,0.08734356897027874,0.2223148992036428,0.24303399935520842,0.5568606223228335,0.06390987863695473,0.11677482780509292,0.00025638557625406,0.00054649430022012,0.5,0.8,0.8,164,0.1037209346805893,0.0814243888383893
30,53,0.0876425455919405,0.2290555104216066,0.26460221278689505,0.5648644478689442,0.06460186295400758,0.11780720317770772,0.00026548504282174,0.0005650889401574699,0.5,0.8,0.8,165,0.0990048218310683,0.0845001367313221
