Run,Equation_Index,Hybrid_MSE_Train,Hybrid_AIC_Train,Hybrid_BIC_Train,Hybrid_MDL_Train,Hybrid_PSM_Train,Extrapolation_Divergence,Sensitivity_Interpolation,Sensitivity_Extrapolation,Lambda1,Lambda2,Lambda3,Complexity,MSE_Test_Interpolation,MSE_Test_Extrapolation
1,0,0.9470431007647897,0.9824974132322908,0.9796100362719378,0.1444961494775779,0.0,0.0,0.0,0.0,0.8,0.5,0.6,1,0.9748054983296368,0.7560687826388228
1,1,0.6606037455363465,0.9099222909111584,0.8750508045564406,0.18474305355263643,0.39962574819666363,0.09850745813983726,0.00039273338167731,0.0007714574919467062,0.8,0.5,0.6,3,0.6717528675966482,0.4675689842327974
1,2,0.5085927384554874,0.8124149553386552,0.7684103892086606,0.16108208840850813,0.4669008500292699,0.09844825857114856,0.00022419762357363,0.0004819226694252465,0.8,0.5,0.6,4,0.5007801540848752,0.2229957408252089
1,3,0.41502899748779104,0.7376992196596679,0.6813528890082406,0.14312542237665768,0.23354892041105738,0.09895368165169033,4.779567140835e-05,0.00011642171905313746,0.8,0.5,0.6,6,0.4268037922650442,0.1637184201805436
1,4,0.3985050498428708,0.726269836171534,0.6749631020366376,0.15349471567134976,0.09458784716896292,0.09872899133534424,6.868576669973e-05,0.00016777784257826934,0.8,0.5,0.6,10,0.3652124064793118,0.1738739938781063
1,5,0.38708473333481763,0.7191804471504696,0.6732199746971991,0.1604535765613526,0.09953029095549988,0.10159254889088412,9.311465318354e-05,0.00023287715437821197,0.8,0.5,0.6,13,0.3421534229711983,0.1539041264280387
1,6,0.377871237776518,0.7137957599804963,0.6738047440087692,0.16514845599056985,0.12036467630862356,0.10199144689139282,7.479141816325e-05,0.000165460577381697,0.8,0.5,0.6,14,0.339729064738947,0.1370541226946602
1,7,0.35340158377055164,0.6838546026623277,0.6306869424340787,0.1671956678623345,0.1606085356869387,0.11217349931482631,3.824448656426e-05,0.00010778909038757849,0.8,0.5,0.6,16,0.3463056368834834,0.187860570916531
1,8,0.31757312111612274,0.6449354876905908,0.5920727068678894,0.1628481683019385,0.27115663053185696,0.11349513399111773,5.273721979042e-05,0.00012074080692514264,0.8,0.5,0.6,17,0.2439316237980375,0.1614165023767635
1,9,0.3171365368705198,0.6480430688527081,0.6025638809893381,0.16712548121951754,0.09435699358651678,0.11373248926536532,5.253941784577e-05,0.00012051998168958267,0.8,0.5,0.6,18,0.2454827736795871,0.1606008805255391
1,10,0.31671444476747346,0.6512509575323685,0.6132227024402445,0.17123983573587784,0.09176205314257448,0.11358486820042558,5.239133729209e-05,0.00012063624751498658,0.8,0.5,0.6,20,0.2451680727142188,0.1623408287259015
1,11,0.2822719823062898,0.6052958429141061,0.5600172350266794,0.16517782812306117,0.17961782944717689,0.11107840578358867,4.790159781553e-05,0.00012412815789838378,0.8,0.5,0.6,22,0.2165699402634683,0.1775917839928137
1,12,0.24149497524711327,0.5462126590401527,0.498567809941311,0.15191227125008744,0.2096558424866355,0.10748496406722934,3.500992785085e-05,9.230394782478853e-05,0.8,0.5,0.6,24,0.2122133796409424,0.0892364685354947
1,13,0.21942586954332513,0.5035593611252265,0.4485024700816526,0.15210378184407314,0.1813611343232537,0.11032912780545132,3.539028598313e-05,9.445686834234611e-05,0.8,0.5,0.6,26,0.2308057111472587,0.0935936290891576
1,14,0.2047637408147825,0.47514224744625855,0.42208427461598186,0.15177181273579216,0.15827251799836467,0.11196258708020795,3.497168559337e-05,9.238885543870836e-05,0.8,0.5,0.6,28,0.2153106952039613,0.0703440547174799
1,15,0.18622650142177985,0.44018548946757424,0.3823208211753611,0.1389240047110492,0.2038559894761687,0.10468625092152514,3.504114925931e-05,9.448631846647101e-05,0.8,0.5,0.6,29,0.2134666420162005,0.1065365198624444
1,16,0.1759410076622811,0.41943160174918526,0.3716697439827542,0.15006704322438302,0.11636060462304611,0.10678920186700812,3.6103355554850004e-05,9.708894281065659e-05,0.8,0.5,0.6,33,0.1521668647486548,0.106305335344421
1,17,0.1398733350789215,0.3065808761407837,0.24002241303129002,0.12666768140379808,0.32339851425951105,0.10812268216551646,6.452703032887999e-05,0.00011118723008100602,0.8,0.5,0.6,35,0.1679195886975635,0.0467078370317735
1,18,0.1286890340004134,0.2664594409250005,0.20024394364463008,0.12549918806944452,0.17390291700426372,0.10769685581023372,4.5019663705589996e-05,9.376597230824953e-05,0.8,0.5,0.6,37,0.1567919644817235,0.0300421998032358
1,19,0.12342912598711787,0.2416963148773402,0.17130265197119962,0.12427429322436258,0.13903580921895156,0.10841656191955609,3.958982601096e-05,7.850781485088318e-05,0.8,0.5,0.6,39,0.1880973155787918,0.0313510552276409
1,20,0.12357454813465396,0.24393179861242986,0.1807094734511861,0.14131558806033226,0.09169167953023483,0.10917185123699547,3.98100445669e-05,7.813116792563932e-05,0.8,0.5,0.6,41,0.1975699655615364,0.0302144743842657
1,21,0.12321419567312138,0.239001906263769,0.17481554386370324,0.14924367418968493,0.10036989902371303,0.11032363067398475,3.4978430276330004e-05,6.946377890551166e-05,0.8,0.5,0.6,43,0.1668860054304794,0.0373780993378884
1,22,0.12133751319119693,0.233169314181896,0.1681521265723523,0.15690451487850693,0.09444611148442769,0.10933207413785222,3.3397143972409995e-05,6.565194725112277e-05,0.8,0.5,0.6,46,0.1797179955914066,0.0306230416858707
1,23,0.11621616798008554,0.22639650614158144,0.17451512156286417,0.16540126272264496,0.10846902059371401,0.10591877048483006,3.851102321601e-05,7.974595556784915e-05,0.8,0.5,0.6,48,0.156896367280125,0.0321302821765548
1,24,0.11678499205075211,0.2204897787072031,0.1605199617466084,0.16016192782385916,0.1004948294864195,0.10753375353823941,3.311979405327e-05,7.042735482240852e-05,0.8,0.5,0.6,49,0.1454749845666412,0.0391241742836471
1,25,0.11674093430471058,0.22195979536080535,0.1690503949911119,0.17442409473345125,0.09789160460664136,0.10817194149253073,3.3191799060950004e-05,7.129369083353835e-05,0.8,0.5,0.6,50,0.1494809224809285,0.0410941556830789
1,26,0.11613146003681446,0.2208246032474988,0.16780657068675642,0.17717279163038852,0.08883668620244219,0.10757690166786688,3.308825096914e-05,7.037205221831464e-05,0.8,0.5,0.6,51,0.1476857367735327,0.0361852494640212
1,27,0.11390076274477476,0.21734183227991988,0.16406527178125815,0.18389506939973443,0.0874364150049792,0.10519379621750946,2.838095974015e-05,5.902324508095017e-05,0.8,0.5,0.6,53,0.1697386454854174,0.0343744084305789
1,28,0.11442923359071702,0.2239626128830447,0.1854406439631871,0.21186523827317943,0.0861435106333337,0.10625731960846392,4.235895913189e-05,6.458577960900315e-05,0.8,0.5,0.6,60,0.2257230803558912,0.0312679229422932
1,29,0.11505294539911715,0.2199691223698685,0.18049756505105238,0.217975084880577,0.09807210349188947,0.10846910991787703,3.772557712077e-05,5.721076519876265e-05,0.8,0.5,0.6,62,0.2304974414335992,0.0304601165787142
1,30,0.11706156278498575,0.2184159556410464,0.17821313168217043,0.2405267477692535,0.09920736971671008,0.11205622525939551,4.9529699252989997e-05,6.386906786174714e-05,0.8,0.5,0.6,64,0.2018236565273143,0.038796878977699
1,31,0.11547530454160104,0.2150199930640038,0.1812064177054587,0.257709111298855,0.10341146436203386,0.1117020514014418,4.701243709131e-05,6.07152991692206e-05,0.8,0.5,0.6,66,0.1991939021422934,0.0349265795941704
1,32,0.11352388320714274,0.2151798680446759,0.18855523588835651,0.265344615591207,0.09191721659749418,0.10973879210778262,3.162503410328e-05,6.072783491937902e-05,0.8,0.5,0.6,68,0.2141234554477196,0.0338805061109202
1,33,0.11389780634227804,0.2191333166695624,0.19999636980077143,0.27645873504609925,0.08841602583065208,0.11024470218721945,3.191933952946e-05,6.03622892424644e-05,0.8,0.5,0.6,72,0.1844854312424169,0.0364501205315556
1,34,0.11060345271354179,0.21079720149568215,0.18387547117683223,0.273808654694084,0.09411971885486876,0.1064990960605413,4.349561877944e-05,6.755407882439331e-05,0.8,0.5,0.6,73,0.1321430679366163,0.0329732635880615
1,35,0.1103470275847187,0.21325343469139418,0.1936435050582439,0.2905699294267358,0.08639045489717961,0.10646827918099973,4.001046590875e-05,6.755488808156015e-05,0.8,0.5,0.6,77,0.2207568242954982,0.0314709122212627
1,36,0.10686909756630684,0.20970436931749417,0.2036078279213237,0.30274682041255263,0.10194211306646593,0.10423837077672728,3.741024457425e-05,6.804488899013846e-05,0.8,0.5,0.6,79,0.1482391377573907,0.0329119805462533
1,37,0.108012752498934,0.20568456466864551,0.19178095776300716,0.3110120545586352,0.08777445170374744,0.10606953825027464,4.631126601468e-05,6.109267982603877e-05,0.8,0.5,0.6,82,0.134999944671933,0.0377688710242809
1,38,0.10960849238754253,0.2130024398120769,0.21378216535073963,0.3373180902487398,0.08831556046368497,0.10842791350419081,0.00018552484726544,0.0001176725189621326,0.8,0.5,0.6,87,0.1235939586967617,0.0355000940788579
1,39,0.10629305361966768,0.20783213270127268,0.2150128123323848,0.36517968981095816,0.09465843796163116,0.10588874732885661,5.1224186857799995e-05,6.24454185269969e-05,0.8,0.5,0.6,90,0.1481261705703797,0.0362361347746442
1,40,0.1064994513079752,0.2116504251301951,0.2263256532927149,0.37584976991471625,0.08541565228774528,0.10617092813176195,5.2726756742910004e-05,6.427714316915236e-05,0.8,0.5,0.6,92,0.1510350803645004,0.037805502033126
1,41,0.10631133910890213,0.21118465341162737,0.22580428167243194,0.3869143254256762,0.08540921769147373,0.10601190828497253,5.1791425422480005e-05,6.240518599046647e-05,0.8,0.5,0.6,94,0.2177743530360524,0.0362527840426133
1,42,0.10593160023585824,0.2273465132590929,0.2791355047384424,0.46090114507868396,0.08565452793319206,0.10607403524954714,5.863688629644e-05,5.403710421291742e-05,0.8,0.5,0.6,107,0.163100293721142,0.0384653074874127
1,43,0.10412221620699431,0.22406328519152655,0.27555762218256946,0.47375301654727453,0.0852347458652094,0.10417703114316629,9.453763244445e-05,5.8157815035251785e-05,0.8,0.5,0.6,110,0.1296161067396938,0.0435998867064887
1,44,0.10562004417024552,0.21771316387401526,0.2744231269456612,0.4925288646707658,0.1451795002232543,0.10905500872319895,4.015508198929e-05,5.576528917582781e-05,0.8,0.5,0.6,111,0.1213855317038367,0.0332726272066041
2,0,0.910667562493982,0.9699205576908092,0.9649583727181744,0.13955712942358386,0.0,0.0,0.0,0.0,0.8,0.5,0.6,1,1.1361861070695731,0.7479916365581858
2,1,0.6437286311129862,0.8953651237746613,0.8590271995681125,0.17656636125816294,0.38061721498850404,0.09143070426933643,0.00043479929989128995,0.0007253391124581391,0.8,0.5,0.6,3,0.7189144603134359,0.4675689842327974
2,2,0.49183214259233615,0.8002746737004099,0.7542193705025584,0.1579078297156467,0.4932710638606947,0.09886554563955607,0.00024293991551614,0.00039451594412192936,0.8,0.5,0.6,4,0.5728235192000226,0.2227387124912495
2,3,0.4668551949915135,0.7831150519480834,0.7285100863152647,0.1491344387780174,0.1279311400071093,0.08974019235520649,0.00021853705233415002,0.0006261595741794382,0.8,0.5,0.6,5,0.4752751814668667,0.3432827394233544
2,4,0.4053435856307156,0.7311850736175323,0.667225775085852,0.14089047017513862,0.30660843660071047,0.09621645049420906,6.8820658e-05,7.21590074918768e-05,0.8,0.5,0.6,6,0.4247940886708974,0.2771739611140004
2,5,0.35504101244418457,0.6828571665640648,0.6243630306492448,0.13615254508410787,0.15050210300990519,0.09887832724463645,0.00017754271035556,0.00013722549565987308,0.8,0.5,0.6,9,0.2774779709687088,0.1282389049526312
2,6,0.3542740058752851,0.6825875090737658,0.6240435669161625,0.14068880932466346,0.08282844443592201,0.09893915051060216,0.00013873747808304,0.00014245940099682648,0.8,0.5,0.6,10,0.3027754163295568,0.1826519587150727
2,7,0.3279217205188538,0.6551736948897755,0.5979845557145198,0.13765097762490705,0.2372509535497202,0.10655073892069156,0.00028885170765874,0.0002232579342530919,0.8,0.5,0.6,11,0.2304973839401959,0.0864054779106154
2,8,0.32287075973919044,0.6525215357472448,0.6015739498850318,0.14290599717711663,0.102825763937439,0.10829052139801511,0.00022059250814719,0.00021472071982420776,0.8,0.5,0.6,13,0.2894706911168686,0.1462154366770644
2,9,0.29267568203541927,0.6172705019075572,0.5674812194322546,0.14193397581037764,0.16586296107408693,0.1077347714790565,0.00022195413116748,0.0002333646715671953,0.8,0.5,0.6,15,0.2197149291196275,0.0994056005818244
2,10,0.274922184430698,0.5928658051215346,0.5379717852411637,0.15210638277168162,0.16536329002189046,0.11602725995995154,0.0001251412873404,0.00015544473139159933,0.8,0.5,0.6,17,0.2383404396795046,0.1575652681922465
2,11,0.2640128071242198,0.5809583838572335,0.5247488855219113,0.14460861630020733,0.13359487710403287,0.11109202160347138,0.00014965564409477,0.00015999089029111448,0.8,0.5,0.6,18,0.198497592417301,0.1415447102488573
2,12,0.22683382830676563,0.5131669699589233,0.4526383248277251,0.12750482133035426,0.35636886479409524,0.11137861915501325,0.00014983906756222,0.00016054842524019995,0.8,0.5,0.6,19,0.1488260261804766,0.0907650267187976
2,13,0.22800840340829637,0.5142225305231959,0.45365199002086065,0.13294780491413577,0.09164718357507746,0.11301363549962573,0.00015056341207906,0.00016248502861506626,0.8,0.5,0.6,20,0.1482540161225412,0.1011847898011993
2,14,0.21400848572001135,0.49584461086835985,0.43148563490331193,0.13553436878325403,0.25012206780883817,0.11879085240448146,0.00012439746757167,0.0001254465088559066,0.8,0.5,0.6,21,0.1996446876623032,0.119277113648474
2,15,0.20979258362988704,0.47335965807922137,0.40546704804111006,0.12982938219293044,0.12219376868723936,0.11754058942757065,5.240969751276e-05,7.772033976548374e-05,0.8,0.5,0.6,22,0.1695163159780514,0.0637573958036493
2,16,0.17616768787251627,0.3925494808102462,0.3180799619499563,0.11265716488495607,0.4473338842988243,0.1185881545134327,0.00011489881312241,0.00012374719505570144,0.8,0.5,0.6,23,0.1260231702956091,0.0762269830880634
2,17,0.17610493880660544,0.39241722565977466,0.31792995637991217,0.12003089282123137,0.09512558561895093,0.11855682977890361,0.00011570234390115999,0.0001238350744057479,0.8,0.5,0.6,26,0.1262455568281993,0.0763975392251763
2,18,0.17784970863904348,0.38955655887323026,0.30732143498787884,0.12777544029855042,0.10331150664433575,0.12137584270121642,0.00014126983249549,0.0001192995799512275,0.8,0.5,0.6,27,0.1295642703253429,0.0790131063079089
2,19,0.1738309261088277,0.38467940586305494,0.3022307571140817,0.13749016128013952,0.09621132409625882,0.1168985554490747,0.00014521401425065,0.0001142433957352077,0.8,0.5,0.6,29,0.1272644504355294,0.0786829438890819
2,20,0.16758061675267918,0.36288871538780276,0.2831654597678887,0.1280469645078711,0.21693071928734406,0.12129087285988437,0.00014100180041094,0.00014176561695001822,0.8,0.5,0.6,30,0.1154972264479348,0.0741616224514793
2,21,0.16758060968338784,0.36288866252670304,0.2831653986837734,0.15609182477810085,0.09718832718047579,0.12129087756540426,0.00014100219272019,0.0001417652941907298,0.8,0.5,0.6,33,0.1154971319479982,0.07416155988742
2,22,0.1641308566614488,0.35674951575523317,0.2829926139155453,0.17289565834468182,0.10639861875540921,0.1207409420893762,0.00011335904975096,0.00012084496807202895,0.8,0.5,0.6,37,0.1327231311654876,0.0581580073841297
2,23,0.16459460116460564,0.3570968490778702,0.28331197613001624,0.16799613671830202,0.0974138006013695,0.1213821308010522,0.00011909740188185999,0.0001226781749068169,0.8,0.5,0.6,41,0.1330655178825118,0.0602828158463278
2,24,0.16125747036184837,0.35904436967973524,0.29977584856469436,0.2373608743049912,0.09562493296697311,0.11851585191894845,5.830108570796e-05,4.844890702728871e-05,0.8,0.5,0.6,58,0.145074850994782,0.0801077068653866
2,25,0.16233181961790044,0.36702001343958873,0.3226558405373991,0.2535495308353907,0.0969567238917607,0.12014358375874085,6.135920086952e-05,5.5932503114494604e-05,0.8,0.5,0.6,62,0.1592237913330594,0.0907600561412081
2,26,0.16233181961790044,0.36702001343958873,0.3226558405373991,0.2707820909311857,0.09617913775613086,0.12014358375874085,6.135920086952e-05,5.5932503114494604e-05,0.8,0.5,0.6,66,0.1592237913330594,0.0907600561412081
2,27,0.16087368103386115,0.37410736135193073,0.3583046041378916,0.2860385473493996,0.10996358226164109,0.12177270477886432,6.665501260534001e-05,6.833405764861098e-05,0.8,0.5,0.6,69,0.161713172855679,0.082884142154504
2,28,0.16041624990554484,0.3613178246285706,0.32268897826981296,0.32392979316578674,0.09819298997518759,0.12186116850927482,5.277361553192e-05,5.8358583168036355e-05,0.8,0.5,0.6,80,0.1637973455503932,0.0856236397124248
2,29,0.1604435423919882,0.3685376501005131,0.344883550470809,0.3304622933006525,0.0990301942141844,0.12201015109072251,5.9684693032080006e-05,6.342282960816812e-05,0.8,0.5,0.6,81,0.1656296750776107,0.0855330220406261
2,30,0.16043316827921522,0.3647118602238541,0.33351875730223934,0.3339730734166701,0.09832386036963718,0.12206022485043136,5.4443104901970005e-05,5.802932989581108e-05,0.8,0.5,0.6,82,0.1625507488755025,0.0857955996458602
2,31,0.16033542040021034,0.37119900074099116,0.35483776395838285,0.3460923136023543,0.10043318010497108,0.12238711726290027,5.456654086733e-05,5.4244453417200315e-05,0.8,0.5,0.6,84,0.1423558220812654,0.0879906930168039
2,32,0.1599633065324576,0.3765886006544264,0.37486636184881306,0.37221628675887447,0.10804859382655074,0.12280065937361447,5.423675430519e-05,5.412088581897206e-05,0.8,0.5,0.6,85,0.143975492096618,0.0879427945039789
2,33,0.15619867048104125,0.3650495179614064,0.35486374406803656,0.3658282977579935,0.10097151221728429,0.12021794310765935,5.029105864965e-05,4.326638066029128e-05,0.8,0.5,0.6,90,0.1409301598189798,0.0783896613991571
3,0,0.8823259510512128,0.9597824442282009,0.9531478544150143,0.1381654874419559,0.0,0.0,0.0,0.0,0.8,0.5,0.6,1,1.2456617557445884,0.7539455818988462
3,1,0.8829220642514004,0.9625270164713171,0.95568969487207,0.1460983226463056,0.0065080237976556975,0.004966756629198212,1.9792757536445508e-07,1.524980387751484e-08,0.8,0.5,0.6,3,1.2454964698509703,0.7477545511809269
3,2,0.48481350138547324,0.7948429995557188,0.7480108554413397,0.15587395945200017,1.0787279577053506,0.09759471176328892,0.00024619586123779,0.0008818172735012047,0.8,0.5,0.6,4,0.5993296046569404,0.2305981985923723
3,3,0.4716269129596581,0.7883860394839876,0.7474523203328364,0.15927324967970247,0.0985578491879586,0.09717420391123713,0.00024129028677632,0.0008263990321991021,0.8,0.5,0.6,6,0.5766243167506897,0.2250903455693662
3,4,0.4631733625666218,0.7781091282057303,0.7285325481641056,0.1576412977791248,0.10684390044042434,0.09816994089595649,3.2021554042249996e-05,0.00013040729523491998,0.8,0.5,0.6,7,0.6826606604902854,0.2361447704507461
3,5,0.38483573472268356,0.7131887381644304,0.659900744077297,0.14262551738835594,0.35873231825740004,0.09732799399585551,7.474209536246999e-05,0.0002453904408647809,0.8,0.5,0.6,8,0.5408224329696906,0.1802495092078508
3,6,0.34474430891948077,0.6728325685836984,0.6133240900424365,0.13381874470659746,0.15475648649506726,0.0937802778467082,0.00011166041753575999,0.0005296463539484304,0.8,0.5,0.6,10,0.507258120467456,0.2475739995673119
3,7,0.35770398332412134,0.684798989403409,0.6247342940614593,0.15405382586630845,0.10146396807112314,0.11313522930248766,0.00014495980897192,0.0002589050332798659,0.8,0.5,0.6,11,0.4277817878431785,0.350892472588759
3,8,0.2984959668111168,0.6211650788570174,0.5600346727739035,0.13040230195087313,0.2899244514590019,0.0937827670790687,0.00011749309564594,0.0005270753922908746,0.8,0.5,0.6,12,0.4531068287093236,0.1777391253180362
3,9,0.3076087564676729,0.6304383850285151,0.568906316097826,0.13672290820404004,0.10090982243568786,0.10779706311463468,0.00027486945580054,0.0012237685736745689,0.8,0.5,0.6,13,0.4486659185151022,0.3176745917631739
3,10,0.25372284456223415,0.5576029700306857,0.4916606962043567,0.1250030458070472,0.3773999577299247,0.1027019503205581,0.00021474633894991998,0.000963354571796639,0.8,0.5,0.6,14,0.3727250996210982,0.1832557733300876
3,11,0.25107432260278206,0.5569999098070189,0.49786045451097255,0.13050405721342223,0.09166719730188978,0.10270195009795689,0.00021474634095389,0.0009633545641574174,0.8,0.5,0.6,16,0.3767779661907325,0.1589200902923902
3,12,0.24649287643149592,0.5497570087446836,0.48949442943101845,0.1334764315329882,0.09177035626821832,0.10244203486260678,0.00014357820382751,0.0006435606667057303,0.8,0.5,0.6,19,0.3583197435188298,0.1867961818623701
3,13,0.24361794417578375,0.5496208977818263,0.49647111925618476,0.1384540594557675,0.08267329335372783,0.10067632304246667,0.00014363038167655,0.0006440941570642678,0.8,0.5,0.6,25,0.3750375397381783,0.1843537820145439
3,14,0.24356326907968823,0.5440740772680293,0.4826844129897726,0.1370630871614148,0.1017092012917075,0.10387948784112008,0.0001434077686822,0.0006426377792554491,0.8,0.5,0.6,26,0.3592712262160495,0.151944073560829
3,15,0.2474068229382782,0.5621055422579453,0.5304983975233047,0.18397694206517812,0.0898327649506661,0.11038628425195178,7.428635933696e-05,0.00011674954495339948,0.8,0.5,0.6,31,0.3559492002156777,0.2508973421479293
3,16,0.2170331800686559,0.5023217615775357,0.45397103770995884,0.17178509274615059,0.31883482999916224,0.10967760095445628,0.00018653476924477,0.0007551044998147971,0.8,0.5,0.6,32,0.3276528883982054,0.18604855530647
3,17,0.2143817238754987,0.4972954300491513,0.4481709777153979,0.17300934195146758,0.10729811698747595,0.10925102043972496,0.00017883699779407998,0.0007700524471831843,0.8,0.5,0.6,33,0.3269793245056525,0.196635531744118
3,18,0.20137453628948598,0.47242804944842254,0.4259778592497617,0.17383678783460488,0.11896819188664505,0.1103734405871466,0.00016858817215945,0.0005506741037723918,0.8,0.5,0.6,37,0.3084942598560873,0.1633748750215923
3,19,0.19504015283630577,0.47278771520113144,0.45399708701486463,0.21636788640530163,0.09476224715764626,0.11045662073475364,0.00015603190944814,0.0005376620812862712,0.8,0.5,0.6,47,0.2871472404725023,0.1727776345110638
3,20,0.19309509197021354,0.4657781729604585,0.43908260056217646,0.23588499394182097,0.09271731598424282,0.10940552812816325,0.00012441190150557,0.00041365031627432536,0.8,0.5,0.6,49,0.2914782477792784,0.1772009404020099
3,21,0.19305737685047566,0.4694426151509711,0.45025887239885815,0.23678405863074667,0.08783592516847631,0.10936569023391922,0.00012495311649286,0.0004145741336675866,0.8,0.5,0.6,51,0.2907008587824213,0.1776686269367586
3,22,0.19260202908950227,0.46844915745805377,0.44910988925114387,0.23611722175671193,0.09167043244486311,0.10928814388164024,0.00013514692545558,0.00042513901421781925,0.8,0.5,0.6,52,0.2912603737974639,0.1497100477979953
3,23,0.1870659675405183,0.4559951632613035,0.43469506155933135,0.2418264887658212,0.11169189085078537,0.10858264742957788,0.00014283749462945002,0.000412819132703477,0.8,0.5,0.6,54,0.2858628354839759,0.1440537951797758
3,24,0.18582977475120338,0.45276800647447,0.43091283885381865,0.24741813566238302,0.10118817236753547,0.10874802549930723,0.00014538953353233,0.0004193244165752408,0.8,0.5,0.6,55,0.2821366053473605,0.14596739997762
3,25,0.18585145491717137,0.4559611586974968,0.44147059685947976,0.2536938876313657,0.0914582225892638,0.10922218625474085,0.00015098715355725,0.0004330264559348688,0.8,0.5,0.6,56,0.2759503986580843,0.15280604382644
3,26,0.1857946016484817,0.4551890445466522,0.44050024814433064,0.2570317231295588,0.09309885821954922,0.10976027030147892,0.00012991851038848,0.00044897827292412964,0.8,0.5,0.6,57,0.2885749385939076,0.1503217521576549
3,27,0.183002402590234,0.4470573051751245,0.42440448980311296,0.2578210247315935,0.09019506923733615,0.10767536963796184,0.00013705379951602,0.00039728156247998434,0.8,0.5,0.6,60,0.2818306505470719,0.1387071066063077
3,28,0.17926592896149351,0.43709923783756927,0.41275099007046345,0.2650039640653701,0.10796037042558423,0.10807555876145179,0.00013633355698595002,0.0003961704816533763,0.8,0.5,0.6,62,0.2757220070008427,0.1345458373052747
3,29,0.17835120362907725,0.4389918116009186,0.42191449821116883,0.28372236622419367,0.08946795463495304,0.10768458280580305,0.00013043245143771,0.00035168814578029486,0.8,0.5,0.6,64,0.2765336618995908,0.1311596723833058
3,30,0.178066594567093,0.43606790331112977,0.4182832806295451,0.2871790124746038,0.0936831869721027,0.1093357512691786,0.00014193349211986,0.00041344343966768365,0.8,0.5,0.6,67,0.2635389375587862,0.1399832790315195
3,31,0.17652768766373245,0.4377797509495645,0.4273867621411882,0.30540445250460574,0.0880673574774568,0.1077906135187582,0.00013367029246515,0.0003888814548609786,0.8,0.5,0.6,69,0.2708205799215805,0.1322043375423152
3,32,0.1758339216591854,0.4471752819120646,0.4590476026119239,0.3381862252743143,0.08747356336421225,0.10778862892828805,0.00011090228855298999,0.00032260086932430117,0.8,0.5,0.6,76,0.269257604347971,0.1369260001111487
3,33,0.1745189234988058,0.4426865523988257,0.453719516053509,0.3512969300948756,0.09407345225915782,0.10854440039657065,0.00010823132281474999,0.0003159607213503751,0.8,0.5,0.6,79,0.261168442026607,0.1348051465702353
3,34,0.17381033318620548,0.4444207392933909,0.4626347913137445,0.37119261905224293,0.09129038478193777,0.10859869151797563,0.00010904961627365001,0.0003158640303918754,0.8,0.5,0.6,81,0.2583239776128,0.1335784041021037
3,35,0.17227863267614382,0.4352384371411663,0.4449101239240683,0.3568738831625428,0.09645011507198627,0.10955036999764659,0.00011023828789504,0.0003123384172851791,0.8,0.5,0.6,84,0.2666839370187615,0.1342502844614126
3,36,0.17049787714004244,0.435271420515856,0.45196638429872127,0.3691668295620407,0.09332218586043083,0.10868439933391862,0.00010555511525293999,0.0003028173575589781,0.8,0.5,0.6,86,0.2681517005247168,0.1378122478250779
3,37,0.16855789985694392,0.42593356638306595,0.43416669520612267,0.38160319405526366,0.09914247541394873,0.10880273332684665,0.00010280381728019999,0.00034093911338402283,0.8,0.5,0.6,88,0.27858629138247,0.1356575420056744
3,38,0.16660710676798632,0.41987577232249673,0.4270638725472929,0.38715143619409664,0.11370702965050562,0.10920821554939321,0.00010260261414431001,0.0002618202461316412,0.8,0.5,0.6,89,0.2742587630470396,0.1383422244018434
3,39,0.16514954681008134,0.41948430769068584,0.4335195155601084,0.4035986732830014,0.09307918392738927,0.109140717312588,0.00010317220304419999,0.00025583870884333335,0.8,0.5,0.6,92,0.277534060531354,0.1364482867485161
3,40,0.1649412107278351,0.4226125245945263,0.4440679987614439,0.42838309680916375,0.08789786707377635,0.10912570742959028,0.00010337983787891,0.00025548225293393233,0.8,0.5,0.6,98,0.2779384176931295,0.1361137456887226
3,41,0.16381514516089266,0.4233079064435289,0.45180401790329017,0.43097210116492224,0.09921023975668412,0.10894424476393648,0.00010883356511621,0.00025352300771323095,0.8,0.5,0.6,99,0.2759814551448055,0.134917637607725
3,42,0.16286960423010868,0.4200817997155735,0.44800881638350987,0.44791969461410186,0.09043192265848723,0.10920842688904334,0.00011018597126218,0.00027270375982287043,0.8,0.5,0.6,104,0.2787315495998191,0.1336515063219789
3,43,0.16236942610040306,0.4334675433964398,0.4912141668088002,0.5396567441112532,0.08823169937906433,0.10928875031058023,6.893799828738e-05,0.00017503828902600864,0.8,0.5,0.6,113,0.2723417499319974,0.13449205551923
3,44,0.16156961715346357,0.42803106392838286,0.47803362752581186,0.5095070897830342,0.0929780742830693,0.10887818191076791,7.028231892635e-05,0.00016524541654591623,0.8,0.5,0.6,114,0.2673208669363152,0.1380957644835657
3,45,0.1615207559050726,0.43168951761161806,0.48920561157608794,0.5243465931673998,0.08720084868931813,0.10882380251351785,6.322716308154001e-05,0.00016517850885082423,0.8,0.5,0.6,116,0.2672828691312829,0.1374832027409781
3,46,0.16117792600108274,0.42703764200820643,0.47689123838013275,0.5202841855290686,0.09084847341660804,0.10878130367298848,6.614490126709e-05,0.00014731008237111538,0.8,0.5,0.6,117,0.2704068905194139,0.1328291850824044
3,47,0.161087263949536,0.43056841059336565,0.4879142784017292,0.5314392540859393,0.0876546411378756,0.10872315569537001,6.532904988427e-05,0.00014904537188450186,0.8,0.5,0.6,118,0.2681627202760085,0.1335361419727524
3,48,0.160545965765162,0.44091339391266104,0.5207413519794581,0.5990372857826999,0.08682328665415397,0.10819400088128626,6.467551460496e-05,0.00015989215216656054,0.8,0.5,0.6,129,0.2674344876559513,0.1379294286307411
3,49,0.16045772490939844,0.44055514407627716,0.5203164362782658,0.6296878044319616,0.08714561576792475,0.10826693093925793,5.785082992742e-05,0.00014498805574889484,0.8,0.5,0.6,133,0.2671886565771545,0.1382331109515813
3,50,0.16050117805002684,0.4442993881796384,0.5315725400379068,0.6800965050820412,0.08678769177055341,0.10833985564643177,5.389912948827e-05,0.0001315303869864387,0.8,0.5,0.6,139,0.268154834954766,0.1377097622368969
3,51,0.16044023493998436,0.43383123370597426,0.5053404144943064,0.6648498639650736,0.09431448203453402,0.11011760525661764,4.3348443138250005e-05,0.00012038477558570829,0.8,0.5,0.6,142,0.2755631954845844,0.1563855805039938
3,52,0.1599409358959017,0.44343822654296344,0.5372388436205151,0.7233349499393877,0.0888181014323769,0.11011788415024641,4.332647839716e-05,0.0001206103028070989,0.8,0.5,0.6,152,0.2772155191341393,0.1565116478448443
3,53,0.1598787167592796,0.439537120242201,0.5257920061672574,0.7232818079471242,0.08897005582244125,0.11011753371951481,4.331092926376e-05,0.00012054386359712235,0.8,0.5,0.6,153,0.2774959733297886,0.1564922852486348
3,54,0.1598639259071091,0.4506282283794629,0.5594197059727897,0.7708523487447636,0.08821081015757008,0.110115893704135,4.315720683414e-05,0.00012054936907317511,0.8,0.5,0.6,160,0.2771885640399812,0.1565468976774086
3,55,0.6584012731095361,0.9661344696425846,1.118722574236627,1.262720462286998,0.5956952889541165,0.10959138053365598,1.0,0.002620849121725715,0.8,0.5,0.6,165,0.2669126640720513,0.1347146864340251
3,56,0.6570420518928297,0.9732706523067303,1.1477650677408169,1.3254301124756906,0.5901724994068184,0.1095986910927954,1.0,0.0023852353829456464,0.8,0.5,0.6,180,0.2671727650455527,0.134754603462495
3,57,0.6568797638946917,0.980116018037758,1.1695394923282307,1.369327972665215,0.5894509434130925,0.10961994285421638,1.0,0.0024038797518937953,0.8,0.5,0.6,188,0.2673721157150767,0.1347741999807019
3,58,0.6564357681786406,0.990724562483897,1.202671893887728,1.383203315549298,0.588974678209991,0.10957169450371548,1.0,0.0017901743768882895,0.8,0.5,0.6,190,0.2677528436746637,0.1350218128657408
3,59,0.6558960368236463,0.9818355853807973,1.1785311860457128,1.390206811712839,0.5941807221520709,0.1095492001280206,1.0,0.001626841561757342,0.8,0.5,0.6,191,0.2675113094994169,0.1348543174860289
3,60,0.6554015469200555,0.9721612699195759,1.153406619764754,1.3992981714560424,0.5910246114839394,0.10958707728928727,1.0,0.002079903974347571,0.8,0.5,0.6,196,0.2583060459181506,0.134778288078936
3,61,0.6556760409250223,0.9797200123815347,1.175961213175092,1.4244717372138906,0.5900846047928884,0.10959616930839827,1.0,0.002628976161712032,0.8,0.5,0.6,197,0.2732566046395214,0.1348640475642651
3,62,0.6553168623282895,0.9748905867529783,1.1634358673314262,1.4280845911027047,0.5937676521448079,0.10959732173596234,1.0,0.0025972540817484936,0.8,0.5,0.6,198,0.2728987909135625,0.1348112963644096
4,0,0.9518277061915327,0.9841169744512519,0.981496768910909,0.1449475196063653,0.0,0.0,0.0,0.0,0.8,0.5,0.6,1,0.9529658401543184,0.7529004685719708
4,1,0.6653991463946803,0.9091586327265531,0.8743054468003562,0.18386601368012834,0.39580456240520606,0.09723798516880626,0.00040644287909951,0.0009949150499405915,0.8,0.5,0.6,3,0.6478921699516307,0.4675689842327974
4,2,0.5986201823388162,0.8715432377787932,0.8372038797218906,0.17795184539656125,0.23835634909293957,0.09908193389593145,0.00021503712344727,0.0005449931866613526,0.8,0.5,0.6,4,0.6834749333554737,0.3350727403319935
4,3,0.4698933690242042,0.7866901905834977,0.7314466484651788,0.1554974259003574,0.44244411751760315,0.0986997070149852,0.00021324779681332,0.001094836222082499,0.8,0.5,0.6,5,0.4938249179937591,0.3432827394233544
4,4,0.3992222426703862,0.7263865300691013,0.6616248526749086,0.13960868985364486,0.31605338015598855,0.09625301766141461,6.27401455136e-05,0.0001373863546229579,0.8,0.5,0.6,6,0.450828922346586,0.2771739611140004
4,5,0.39429600289895217,0.7186250158158536,0.6590550430981378,0.14747905219943488,0.10890788581073275,0.0986997070149852,0.00021324779681332,0.001094836222082499,0.8,0.5,0.6,7,0.4033575775894654,0.208612549720632
4,6,0.33555451751938375,0.6579703748666629,0.5888243831793901,0.13205865960318366,0.31655405302237366,0.0962530176614146,6.27401455136e-05,0.0001373863546229579,0.8,0.5,0.6,8,0.382099718461283,0.1584348162715215
4,7,0.335329739692915,0.6577156620567717,0.5885276464821495,0.12752832521704974,0.07816367315252552,0.09625301766141461,6.27401455136e-05,0.0001373863546229579,0.8,0.5,0.6,9,0.3818878797925856,0.1589280528271595
4,8,0.33584444823069526,0.6612269582631959,0.5984951686952101,0.1353406142153519,0.11016516604122709,0.10393761770655785,9.985450579694001e-05,0.0002183757971893017,0.8,0.5,0.6,10,0.3982768703883663,0.1791582668626593
4,9,0.3035896406789588,0.6248557923633525,0.5627085125784382,0.13505669331776243,0.2581471048981579,0.10593305008045013,0.00021533168823511,0.0006697151114450623,0.8,0.5,0.6,11,0.3069106074770922,0.123013883842393
4,10,0.2601062421397477,0.5679982770705263,0.503822119672011,0.1482504453956331,0.1042935187720788,0.10285034962223105,0.00011796498841615999,0.0003287305589954683,0.8,0.5,0.6,22,0.3186443938735866,0.1141517129393373
4,11,0.2536627234965454,0.5613670799271152,0.5029992249496494,0.15272018862800002,0.10350998859654306,0.10285034962223105,0.00011796498841615999,0.0003287305589954683,0.8,0.5,0.6,24,0.3163377330708282,0.1231255675797138
4,12,0.23864788810408763,0.5354947414175706,0.4666010596886044,0.14921156517145978,0.10378104682769412,0.09780670707877849,0.00032353868103699,0.0003708265508459902,0.8,0.5,0.6,27,0.3352559118312202,0.1869353744111325
4,13,0.23146989162465428,0.5172925303539616,0.4380482145561683,0.15224927225333879,0.11671316294410324,0.10129591162043967,0.00024519491538657,0.0002856977930573029,0.8,0.5,0.6,29,0.2976032858382129,0.1748264215126106
4,14,0.23498132347778425,0.522486776247587,0.4500014394197224,0.1621777645703294,0.09368617769212892,0.10879074024589672,0.00029580364985983996,0.0003544828474140347,0.8,0.5,0.6,32,0.3018141435066962,0.1649774091509844
4,15,0.2199009810146555,0.5072500181817481,0.43470706596767755,0.1689900871574772,0.07322450806318243,0.09017118388903703,0.00030843570403655,0.0003575704922729995,0.8,0.5,0.6,34,0.3243604595718892,0.1659138017716701
4,16,0.22228151294490184,0.5040277203136609,0.43568227702427087,0.17084437905881514,0.16863297025737395,0.1066247720112081,0.00032228736768493,0.00036297882498864876,0.8,0.5,0.6,35,0.2911650481832388,0.1678815496537679
4,17,0.21415891407851442,0.4950977777690084,0.4327354805717271,0.18153183160749412,0.0950760801997013,0.1024627114082024,0.00030793266372244,0.00032650758322985896,0.8,0.5,0.6,38,0.2909314506189088,0.1633204815196365
4,18,0.20276425241090332,0.46555995435000647,0.3846463191947007,0.1729764914681088,0.09944417816500556,0.10145756160489479,0.0003261969218439,0.0003791032135192233,0.8,0.5,0.6,43,0.2799444365419332,0.195224967038066
4,19,0.19143287797458708,0.444598577477692,0.3671846781846764,0.18954047395351256,0.13074214705350767,0.1010218748363456,0.00033194931761633,0.00039468961367410853,0.8,0.5,0.6,45,0.2665403848996228,0.1885656714813461
4,20,0.19668511146573736,0.4436937305397851,0.3709348450331523,0.2288840737564083,0.11182431751941295,0.11712848592418515,0.00022678828019103,0.0002022565243519987,0.8,0.5,0.6,49,0.2140818234308469,0.1140608256721178
4,21,0.18554235542167932,0.4320391301377783,0.3591373035980381,0.20130677725287702,0.08489620634688046,0.10360219578886931,0.00023954164399935,0.00024645698516180363,0.8,0.5,0.6,51,0.2314837925177946,0.1477139887314256
4,22,0.19535259897116622,0.4414186901227815,0.36839432433806174,0.24319059005564472,0.09481231529388406,0.11629886042748114,0.00022763179637448,0.00019807842862336344,0.8,0.5,0.6,53,0.1757306100871735,0.0860779059387354
4,23,0.19428930684111023,0.44051110884035677,0.3740015857901894,0.25880381271024683,0.10720030380382276,0.11815395256751576,0.00018284192298105,0.00016306251813761396,0.8,0.5,0.6,55,0.2042805289507732,0.1074434507190025
4,24,0.179542337254999,0.42120754584017006,0.35343279979165404,0.2406543629362813,0.0989281368238759,0.10346237569667194,0.00033892669763596996,0.00023118430996300042,0.8,0.5,0.6,57,0.2337126061434651,0.1462467377538619
4,25,0.17884925578641703,0.42067809759521024,0.3594379257672293,0.233818573412152,0.09306204214786254,0.1056317658173948,0.00024749499746506,0.00024676935172689694,0.8,0.5,0.6,60,0.2181983194243699,0.1330366498720162
4,26,0.18453103373846083,0.4294378492440314,0.3820620247632779,0.2569657058996282,0.10755778436653922,0.11608782261654803,0.00033945814261513,0.00022295693666842618,0.8,0.5,0.6,62,0.2279582947835841,0.1343831017423847
4,27,0.1666713443645858,0.38807474599911357,0.33459804018714734,0.2544526335680068,0.1269105240555008,0.11062646551860178,0.00032267833721405,0.0002170067082588053,0.8,0.5,0.6,66,0.2053637548779385,0.1140488192816043
4,28,0.16177451920043606,0.3708538394830511,0.3143179141828516,0.25365225309012956,0.16660560395274285,0.11228213543172691,0.0003244325928712,0.00021364336458736972,0.8,0.5,0.6,67,0.187609630865189,0.0961924282615324
4,29,0.16149312577969596,0.36573788290598774,0.30141273678410974,0.2582797835545151,0.09266656907070031,0.11264419987112619,0.00026689115215834,0.00021313550728413317,0.8,0.5,0.6,70,0.1878181325738915,0.1034275565012867
4,30,0.16079689343211953,0.3714512182958663,0.32190785189475835,0.26914171969700107,0.0917112224660495,0.11233724106278417,0.00033383013858779003,0.00021514925530353822,0.8,0.5,0.6,74,0.1843967478677403,0.0967499329218737
4,31,0.15965001824563455,0.3700577870282468,0.33368883025046386,0.32730704871646316,0.09590385938615797,0.11542484217692044,0.0002639855461831,0.00019920218731838367,0.8,0.5,0.6,88,0.1797630477133891,0.0978220783894234
4,32,0.1517239563870522,0.36690596178317963,0.3449323741148676,0.35463951320480885,0.08783655694766161,0.10703740265180432,0.00023711543766429,0.00018193769512729274,0.8,0.5,0.6,96,0.1932790586831824,0.1112973771086274
4,33,0.15416070811042257,0.36451365216673526,0.3347590704978578,0.36032104670042076,0.09545758514510749,0.11071660556111429,0.00022382433432722998,0.0001784143681014612,0.8,0.5,0.6,97,0.1932377181304319,0.0990091551930174
4,34,0.15333551153723013,0.3630185160673473,0.3331043460157235,0.36764183456145977,0.09225924316175795,0.11009637752482836,0.0001925578719193,0.00015165216654166564,0.8,0.5,0.6,98,0.202965866607932,0.1024740738898052
4,35,0.14923009051137992,0.3758908218294641,0.3831741408158287,0.40775001884277673,0.08589278598152542,0.1056485907981525,0.00040633387373688003,0.00021717385151969135,0.8,0.5,0.6,107,0.1779568430763026,0.0973747742010396
4,36,0.14619988214939092,0.3575739306346904,0.33469466847508433,0.417884526676342,0.0846356877528423,0.10228536325079413,0.00018985359142492,0.00015351975106530215,0.8,0.5,0.6,108,0.198545355349348,0.1225940418640781
4,37,0.14862971151714835,0.3598525246843355,0.3369374530260389,0.47094937402818293,0.08460081165186388,0.10543916700392743,0.00019482923239572,0.00010402383081568183,0.8,0.5,0.6,118,0.1879472955218253,0.115659873821632
4,38,0.14755919418435004,0.35271105000513253,0.3283658214174488,0.49923133689325816,0.0919986755511699,0.10733860230448317,0.00022523487607554,9.249788774740231e-05,0.8,0.5,0.6,124,0.1913398662731847,0.1076259328964707
4,39,0.14790780672415127,0.35983162336662805,0.3503629699990121,0.5388401739494778,0.0872041614586087,0.10813743697988686,0.00019983462282878,8.408435194231362e-05,0.8,0.5,0.6,131,0.1937733587036589,0.1123747599943648
4,40,0.14393981708957132,0.35323941679189,0.3431576539296557,0.5443458472609781,0.09914088830998731,0.10454947849834817,0.00017925586335752,9.232800467828666e-05,0.8,0.5,0.6,132,0.1926288637479237,0.1144183741651267
4,41,0.1444085890361552,0.35298793662697153,0.34273867815530534,0.5676748752092127,0.08872918632997737,0.10550515907912579,0.00017776884886079,9.275696870396426e-05,0.8,0.5,0.6,133,0.1944684878037853,0.1075582862031462
4,42,0.14599840235779163,0.35295642852711845,0.3423302784645577,0.5926168981397054,0.08814975798767119,0.10831060867783002,0.00019429054835297,9.34256510672352e-05,0.8,0.5,0.6,140,0.1963997709759004,0.1138799555254799
4,43,0.14474770722845548,0.3585167446542507,0.36277745094341185,0.636129201131266,0.08639552114377534,0.10706828834483982,0.00019050998025955,8.461930144964412e-05,0.8,0.5,0.6,146,0.1977245621295183,0.0812883349296666
4,44,0.14157196354700308,0.3543132678149043,0.35833650452320404,0.6294083238314913,0.08402112320716934,0.10363327059294088,0.00015716558261919,8.575186206063185e-05,0.8,0.5,0.6,152,0.1962777929542506,0.1124018116247573
4,45,0.14190765613306652,0.37544118118547987,0.424210602520334,0.7982564192794849,0.08428854128194967,0.10453111351747972,0.00054636340639184,0.00010594879340183568,0.8,0.5,0.6,178,0.2018447078899905,0.1163175686681313
4,46,0.13747647456884368,0.3692611579292383,0.41762755936619556,0.7633596878924949,0.08358344599349811,0.10009997204740992,0.00018617618116513,8.590331406786582e-05,0.8,0.5,0.6,181,0.2122754786542889,0.1107620563196452
5,0,0.8548160501001834,0.9496383848240545,0.9413303538176012,0.13533834091187963,0.0,0.0,0.0,0.0,0.8,0.5,0.6,1,1.3632936819707475,0.7564443467443853
5,1,0.7827251007938544,0.9612846189017966,0.9434710288181433,0.19284763278470488,0.18810106667485696,0.08655116542810176,1.2899790674529999e-05,3.183760265149587e-05,0.8,0.5,0.6,3,1.081961084972029,0.5490035559848842
5,2,0.5092886287556355,0.8129615208347083,0.7690188221482269,0.1613578535213503,0.7326423746543252,0.09862122452462165,0.00025393567323192003,0.0005124776618249873,0.8,0.5,0.6,4,0.5009581871683518,0.2214556949902039
5,3,0.41179045370117395,0.7347931078010767,0.6779566171176945,0.14421514059958712,0.24051486973574387,0.09902638755741552,5.660912923728e-05,0.00012083045998843408,0.8,0.5,0.6,6,0.47504288245299,0.1833287293641089
5,4,0.4047764758326222,0.7321112377336847,0.6817271970014399,0.1443185807406684,0.09264330714901008,0.09908768405217123,5.581048613443e-05,0.00011400454606357386,0.8,0.5,0.6,8,0.4658745359261158,0.1580278959961312
5,5,0.4040718027034261,0.7354242842344744,0.691919949689094,0.15337731782160463,0.0907495307836602,0.10336190095385213,7.280966874107e-05,0.00014932767827809533,0.8,0.5,0.6,10,0.432750066216384,0.159732659736202
5,6,0.39302277217805826,0.7324986325199122,0.7023686025309646,0.17652921739533883,0.09296304138079418,0.10268248382397152,0.00018007067117258,0.0004357581894167695,0.8,0.5,0.6,14,0.4225868088236946,0.2932547141954585
5,7,0.36343843635314227,0.6990363912770483,0.6559492606275894,0.16499318842712254,0.22230662975200843,0.10690633681623775,0.00010693054596517999,0.0002662543970261511,0.8,0.5,0.6,15,0.3893511051192845,0.1799741541829635
5,8,0.3382102085405322,0.6795837041141809,0.6481316483666322,0.16539301323001776,0.16480274695655053,0.09900828948266387,0.00012326368450566,0.00027953474463931436,0.8,0.5,0.6,16,0.3995694551477195,0.1775190532838738
5,9,0.3293958068511845,0.6691710014085396,0.6360011334633953,0.16792707389413095,0.12107453153141641,0.09900828948266387,0.00012326368450566,0.00027953474463931436,0.8,0.5,0.6,17,0.3910661800505342,0.175760975283591
5,10,0.3131487868179729,0.6453507663605467,0.6009185156807256,0.15720353740610538,0.17559041146583865,0.10241021642493704,6.0356241624e-05,0.00014621835270487127,0.8,0.5,0.6,18,0.3708048059994435,0.2530600622666865
5,11,0.30045025815126714,0.627903358542533,0.5799319685291852,0.1594968102785712,0.17458117859206895,0.10742491423672526,5.7804825841060004e-05,0.00013875124301648787,0.8,0.5,0.6,19,0.3517168502314244,0.2414285716181789
5,12,0.29280750452094984,0.6207167513507573,0.5781791754897198,0.16043319171787032,0.1399607634374088,0.10935153971704215,0.00014544713171376998,0.0003543274990758273,0.8,0.5,0.6,20,0.2820313232247644,0.2410810224184901
5,13,0.2782241709676828,0.5980391153210785,0.5510997919793575,0.1613681013818889,0.20171603876604235,0.11450175496519609,8.707216414361e-05,0.0002101754456253093,0.8,0.5,0.6,21,0.3047540712324171,0.2116210275882658
5,14,0.27305074319490025,0.5948121354327317,0.5544402528210902,0.16586275482655286,0.1029245923945658,0.1129757705721809,9.917425178541e-05,0.0002390636810778875,0.8,0.5,0.6,23,0.2986108865475483,0.2188453660425017
5,15,0.26385122482908285,0.5878620264296668,0.5543733485968021,0.18066161354497784,0.09119098063634011,0.10439101235896994,0.00011664578616537,0.0002795854580012838,0.8,0.5,0.6,25,0.2161499826752905,0.2716313285611588
5,16,0.2445833114827956,0.5596276901644257,0.5281711372500775,0.18361326567499836,0.153438583650872,0.10600103979846494,0.00011616718474532001,0.0002775875989690821,0.8,0.5,0.6,27,0.1871650445356541,0.2767785487915202
5,17,0.2452840798275546,0.5531296162382733,0.5127681409762337,0.20241197905053485,0.10817814626898925,0.11306570519510845,0.00010942334521118001,0.0002666728368733339,0.8,0.5,0.6,29,0.2532561359897161,0.2573947130448043
5,18,0.227125410609906,0.520952334009462,0.46926612798936906,0.17524601122850653,0.180315137885115,0.10625894954347304,0.00018104814621149,0.000334539298558077,0.8,0.5,0.6,30,0.25215188918485,0.2029088653536098
5,19,0.21587062548912342,0.49777480066782187,0.4483245879072256,0.1795418454388128,0.1563926825531979,0.1123964974687126,0.00030891913896708003,0.0005574750133080116,0.8,0.5,0.6,32,0.2260107260757496,0.201661902485711
5,20,0.21582616330599366,0.5000073020273768,0.4576118921719977,0.18828930826184212,0.09746053340354062,0.11401058277887685,0.00031804670953135,0.0005772703781557356,0.8,0.5,0.6,34,0.2250292252691517,0.197199593749141
5,21,0.19478265971188796,0.4729987391713437,0.43510220126155363,0.18434920611495353,0.11700494907438472,0.0987806799734253,0.00014512727732919,0.00029426534331225486,0.8,0.5,0.6,36,0.1437847705768229,0.279958289065923
5,22,0.1920917035431848,0.4678992554494497,0.42927045625488686,0.18875443832948666,0.0970405378227593,0.09794026326755308,0.0001544339357839,0.00030590407970784874,0.8,0.5,0.6,37,0.1413877439029062,0.2811128656417246
5,23,0.1940500727873919,0.47008193222040434,0.4379307240992747,0.19391970886556192,0.10917889199502268,0.10388559406679482,0.00014695997027031998,0.00031276889999631266,0.8,0.5,0.6,38,0.1608063037597756,0.252477430796425
5,24,0.18537911342973462,0.45743010939277456,0.4241116696389486,0.19275800294416195,0.10691061634494665,0.09702670337756572,9.462348582592e-05,0.00020774694387981459,0.8,0.5,0.6,39,0.1766820513099451,0.1496143349216953
5,25,0.1836582960848446,0.44832364148065856,0.41288390397148966,0.19612702429855636,0.13459830578243928,0.10165294195931496,0.00012137088952689,0.00027094247561046804,0.8,0.5,0.6,40,0.1399127931508463,0.1917914862045813
5,26,0.16981113670513603,0.4059343194008742,0.3627823652781905,0.19384931434897282,0.18231405322204655,0.10708452428592997,0.00015298157744817001,0.0002694270097663791,0.8,0.5,0.6,42,0.1258837618492546,0.4067969495515952
5,27,0.16980557486663658,0.40963014677694043,0.3739900932555292,0.20023915619729563,0.08593747858650386,0.10708452428593,0.00015298157744817001,0.0002694270097663791,0.8,0.5,0.6,44,0.1258778943097346,0.4069285095206422
5,28,0.16937391744162647,0.40492795141912596,0.36162875334191585,0.20367650604043172,0.08941028581005098,0.10695050999946065,0.00014572800716076002,0.0002645425322257375,0.8,0.5,0.6,45,0.1257001138645869,0.3916124364192497
5,29,0.16881737031207747,0.39834245426560544,0.3534967460886801,0.21866394371774076,0.10791578102027552,0.11041710247371647,0.00015467648356429,0.0002834634821741054,0.8,0.5,0.6,47,0.118417523954355,0.4132809992061845
5,30,0.16810284970944755,0.4006048541194356,0.3630869102817092,0.2271141562584368,0.09059735883736132,0.11001983521046538,0.00015473493981941,0.00028466638388641646,0.8,0.5,0.6,49,0.1173682906986889,0.4325741927689834
5,31,0.15693558771771488,0.3743149098740851,0.33300627373975245,0.220711925886864,0.180588351507744,0.10600287804480978,0.00010255701731016,0.00016435918320092672,0.8,0.5,0.6,50,0.1087850397569356,0.3086252431816179
5,32,0.15541359784931247,0.3686332820358445,0.3328882936143657,0.22573300559292186,0.1381619722816728,0.1089650882891434,0.00013639002270963,0.0002405785858653398,0.8,0.5,0.6,51,0.1101314644218035,0.3248786583280422
5,33,0.1502070806404209,0.35159382466857814,0.3130789857191021,0.22408922511853596,0.15355386521403205,0.1086800987436439,0.00013083633020990999,0.0002096799705209063,0.8,0.5,0.6,52,0.0933462459509132,0.3959480361727564
5,34,0.14363726556650475,0.3012364872226407,0.2460524284333175,0.23746957874431893,0.14193534120352377,0.1197095739323093,0.00013848170351055,0.00024332797066186376,0.8,0.5,0.6,57,0.0935232154705271,0.2885301289215045
5,35,0.1335755402870395,0.2823532528907973,0.23194528470933085,0.24305879765108493,0.11251488242363676,0.11220165597174407,0.00014281505536741,0.0002584026117955613,0.8,0.5,0.6,60,0.0702703012755516,0.2950169472028297
5,36,0.12127270847297406,0.22105420502348547,0.16027333392845494,0.24733929281728553,0.17803514617128216,0.1141732404589669,0.00014369933290383,0.0002603655683105541,0.8,0.5,0.6,63,0.0718000148501834,0.4405652886317992
5,37,0.11700250876771433,0.20742258298712138,0.151475004616433,0.2447584448130465,0.1239708669906145,0.11282143857597224,0.00013811112702823,0.0002503516737663121,0.8,0.5,0.6,65,0.0688923297054486,0.4174813359884323
5,38,0.11239452762072179,0.16891098824422415,0.10614483121963178,0.263332524277049,0.11765313608734361,0.11633390625126086,0.00014307223596687,0.0002644910548211281,0.8,0.5,0.6,72,0.0430216491736678,0.3681945562536842
5,39,0.10924887853769119,0.1577683620898443,0.11377399063150606,0.30561773014195764,0.10567336517216483,0.11711731346292509,0.00011917668292025,0.00021647780291963418,0.8,0.5,0.6,80,0.0566360084043326,0.3804431125725896
5,40,0.10919588675194608,0.164173090824992,0.13501877960479616,0.33340829467417427,0.09519030434351773,0.11727587300379526,0.00011955380259495,0.00021656515069314218,0.8,0.5,0.6,84,0.0564305937264453,0.3974405838081531
5,41,0.10695764124506672,0.1600738417039005,0.13055276912823252,0.345265093064022,0.09690496469453325,0.11496512317151349,0.00010193800969793001,0.000185522644529258,0.8,0.5,0.6,86,0.0561736204632358,0.3643889834634231
5,42,0.10881841792813438,0.15738433170567048,0.12697797773727354,0.33936269780792333,0.11655262746381252,0.11828187356883467,0.00011728276288909,0.00021176064706505913,0.8,0.5,0.6,87,0.0529036490569208,0.392201194102895
5,43,0.10914187407006098,0.15952069590859586,0.13625902463949993,0.3679581095220875,0.10472316667464024,0.11914409441739474,0.00010233017459891,0.00018556681041161915,0.8,0.5,0.6,88,0.055808593737536,0.3910889820844473
5,44,0.10978425025385681,0.15564234572660118,0.12470857790342907,0.35058541756923095,0.10022133017185518,0.12010209238744318,0.00011733878442978,0.00020985861091747798,0.8,0.5,0.6,89,0.0561956466322229,0.3295454370972435
5,45,0.10487153734803434,0.13995118325044892,0.10692640639627456,0.36175317427711623,0.1063526998217511,0.11638142675610297,9.156853450555e-05,0.00016560068225345424,0.8,0.5,0.6,93,0.0558053247317289,0.3733742634396829
5,46,0.1087287871440307,0.15385192828716135,0.1431607475857747,0.4275950340522264,0.09792869882552832,0.12124895475845154,0.0002023982912805,0.0003142660776484073,0.8,0.5,0.6,101,0.0554624099647282,0.4634577598453461
5,47,0.10930718669288166,0.15284771384829468,0.1418509524867728,0.43160487563469657,0.10578313407333888,0.12236317700660646,0.00016712595817575002,0.0002716042715564227,0.8,0.5,0.6,102,0.0627880985672723,0.4219324049724146
5,48,0.10498607676396315,0.1511142719531625,0.14741529367924672,0.41607431154181385,0.09580784383327286,0.11732742633763998,9.183559823465e-05,0.00016318288441440412,0.8,0.5,0.6,105,0.0545871031401617,0.3657685928719412
5,49,0.10639435833203623,0.11756075185182494,0.10037375300975458,0.4160251744862596,0.15015653579342583,0.12528937352323224,8.847037581532e-05,0.00016336500543519635,0.8,0.5,0.6,108,0.0546492328870432,0.4660779406411592
5,50,0.10545566934504759,0.11363269957933857,0.10269220476652953,0.46598904913019606,0.10494933057659304,0.12536620222694606,8.004042691865001e-05,0.0001457790074530327,0.8,0.5,0.6,115,0.0532177566956333,0.4609959001397377
5,51,0.10593607581565333,0.12153328139598006,0.1324348111446098,0.4658305575209934,0.11905329301011819,0.12661936202655447,8.937813905448999e-05,0.00016408918160771538,0.8,0.5,0.6,116,0.0497116796035969,0.4563374320487988
5,52,0.10529859430787118,0.11285019483457259,0.10860578443519235,0.48392987981446284,0.10145693169958264,0.1259663792047792,7.152513145683999e-05,0.00013095978066691188,0.8,0.5,0.6,121,0.0517436188384351,0.4622678995972953
5,53,0.10349597744371063,0.1153054971300354,0.1254936246781658,0.4805298289639014,0.11449690799633436,0.12409525747024072,0.00012107813168017,0.00033092976407125233,0.8,0.5,0.6,122,0.0444193555098827,0.4670006864394329
5,54,0.10315504250687822,0.10344918884835101,0.10465696657039492,0.48672145135949263,0.1368854140392105,0.12502717293642548,0.00011893246617980998,0.00032505277219325963,0.8,0.5,0.6,123,0.0443578970494318,0.4489416405902904
5,55,0.10328089508307874,0.10078215168343131,0.10146649217974468,0.4904816295227967,0.10732989386895164,0.12569297232652868,0.00010504954580826001,0.00029208174884037894,0.8,0.5,0.6,125,0.0428138998311704,0.4575185028217913
5,56,0.10446971079070415,0.10465614024066018,0.11266252389836212,0.5761285571993954,0.10243534428783467,0.12740491226079803,7.984436908578001e-05,0.0002455200218734045,0.8,0.5,0.6,140,0.0432188472812557,0.4565636900885147
5,57,0.10381740180123228,0.11349695120642461,0.1437397981496708,0.6106535535032553,0.10423162599124494,0.1268817347203658,7.332479684203e-05,0.0002277239574453254,0.8,0.5,0.6,143,0.0436965792445827,0.4573471917787536
5,58,0.10241222820812383,0.11569469799628677,0.15343203285779505,0.6207255292483527,0.1007323170930291,0.12507333384699454,9.733752360148e-05,0.0002982738548712875,0.8,0.5,0.6,144,0.0428404072349306,0.4480866779986995
5,59,0.10330693506976166,0.10667911193155752,0.12892225493845427,0.6049186696176495,0.10540494463107349,0.1266405662051011,8.780995695984001e-05,0.0002620995812422341,0.8,0.5,0.6,147,0.0460790292225789,0.4587068538992507
5,60,0.10283963692593633,0.10862170774126305,0.13813629037442582,0.6325840410079068,0.1027335873866837,0.12630321940912848,7.496986213470001e-05,0.00022983741605496022,0.8,0.5,0.6,151,0.0436428000078718,0.4569031520824214
5,61,0.10108968418686133,0.11983623301603705,0.179057531024482,0.6538212731040842,0.10069431788544511,0.12444387635337893,8.708615084165999e-05,0.00019552580839964063,0.8,0.5,0.6,160,0.0460086494768577,0.4450125577831667
5,62,0.10083259179513439,0.1092800443364013,0.15293631178899655,0.7247542802239251,0.1025031733416503,0.12456841625129093,7.940563843991e-05,0.00022917902006369296,0.8,0.5,0.6,165,0.0451569926174904,0.4624234299113368
5,63,0.10092153828686172,0.11914772440657455,0.1850949935581207,0.8037892515502685,0.10044590102453503,0.12488547493834667,8.37604900032e-05,0.0002424167006135868,0.8,0.5,0.6,183,0.0417902335956746,0.4393934971605469
5,64,0.10073923361797629,0.10876503719215537,0.16599112966484447,0.7944741550171386,0.11582561463027607,0.1257154095032062,7.431234011139e-05,0.00021624974225940618,0.8,0.5,0.6,185,0.0436947489325206,0.4563386236832153
6,0,0.8754318446897421,0.9572691796820496,0.9502199817200077,0.13746504115180636,0.0,0.0,0.0,0.0,0.8,0.5,0.6,1,1.2918299844936891,0.7654394277596868
6,1,0.7016552356953153,0.9308411766219274,0.8993770799948979,0.19075679909754154,0.30386387606530807,0.0990945486300554,0.0005772861909398,0.0002750436766435249,0.8,0.5,0.6,3,0.8059788252358675,0.529341905996007
6,2,0.45607743480906376,0.7725132293581275,0.7219558614738002,0.14983398163931552,0.7185639267419389,0.09809090385432175,0.00026890202031577,0.0006209446928686132,0.8,0.5,0.6,4,0.7536835700088409,0.2544359460734506
6,3,0.3945354110972269,0.7188317211433746,0.6593622574726752,0.1397666966483996,0.19073162114868894,0.09901993998925682,5.244509847869e-05,0.0001312185082599519,0.8,0.5,0.6,6,0.5028582363413017,0.1454939149295436
6,4,0.3726884101878624,0.7011778666467723,0.6457853783912306,0.1398146642054636,0.12176601029547891,0.09833193590406498,7.095231396787001e-05,0.00015330018506858148,0.8,0.5,0.6,8,0.4606085530489451,0.1666429394212899
6,5,0.3638188105992041,0.6886527359746925,0.624294162648172,0.13952810930921833,0.11611510397250165,0.0983330645603096,5.549306177933e-05,0.00014036712731281675,0.8,0.5,0.6,9,0.4604095284168389,0.1308579091808989
6,6,0.3368943842653174,0.6630588201742824,0.6013052760985884,0.13744470171610149,0.14037820265586415,0.09886129280385966,7.538672868833e-05,0.0001772033635493137,0.8,0.5,0.6,11,0.4230709983047879,0.1591257784313524
6,7,0.3183447935928859,0.6438375851847422,0.5848467690624767,0.13983778889735554,0.14463588174397016,0.10608811447337252,0.00012290714857423002,0.0002868042368175709,0.8,0.5,0.6,13,0.3702188636651637,0.1453662749446186
6,8,0.313314230996937,0.6418451199787264,0.5899328877816157,0.14789112703039967,0.08539752173822306,0.10234273571135187,8.693717719777e-05,0.0002083248781086051,0.8,0.5,0.6,16,0.3918109505965487,0.1088555071706347
6,9,0.3064317942105337,0.6338830364130579,0.5810908409468891,0.15662628145114327,0.10141333225030741,0.0991056099212813,7.033479806657e-05,0.00015822065777580286,0.8,0.5,0.6,17,0.4077091285883222,0.1212520623032152
6,10,0.29187219814290877,0.6153885437090805,0.5649532179194721,0.16593783113945515,0.15295099402494589,0.1102343161718885,0.00014885407991958,0.00035171433476355134,0.8,0.5,0.6,19,0.3206759778211395,0.0825775427081971
6,11,0.2844671217795167,0.6066821902816696,0.5554910411567344,0.16326789284454482,0.10325254250799844,0.10512758534711619,0.00012181907786549,0.0003085391458049428,0.8,0.5,0.6,20,0.3289563891700029,0.0782997349418763
6,12,0.2644794216107516,0.5751072465969882,0.5180478618683508,0.15633366983821448,0.23506901708058323,0.11022503906721162,8.693317710926e-05,0.00020284675527581643,0.8,0.5,0.6,21,0.2454994947218698,0.121340347702289
6,13,0.23421502384517806,0.5396251611198527,0.5044331794299843,0.18822102499790294,0.11336350172501593,0.10918242925391634,0.00019174264185987,0.0003742395491181951,0.8,0.5,0.6,29,0.2642851164028409,0.0853475492666221
6,14,0.23201170276476216,0.5394051935628481,0.5111245940983207,0.1869149537365672,0.10191230554420988,0.10894662707386493,0.00015753374021974998,0.0002577145248670675,0.8,0.5,0.6,30,0.2444693932682299,0.107495222688897
6,15,0.15736655807671188,0.35463409193623635,0.2885969622866993,0.15240667417805104,0.46815580225129,0.11181675386546942,0.00011648808502871,0.00023182805889024026,0.8,0.5,0.6,32,0.1808265664765835,0.0841599397458868
6,16,0.15174404781053066,0.3373509293610858,0.2752006950724783,0.15877425564999412,0.18031665391935095,0.11306700660198421,0.00011727729046322,0.00022217221090822082,0.8,0.5,0.6,33,0.1886615961253025,0.0778539651300707
6,17,0.15059016748309292,0.33482887271855294,0.27235068161226944,0.16079897631196424,0.09881854205951746,0.11240065888742543,0.00011668415737180001,0.00022114907749021105,0.8,0.5,0.6,34,0.1880222758750017,0.0768344861051215
6,18,0.15018094283453318,0.33695857543270746,0.281731210655185,0.16581823741345095,0.09613900368486257,0.11242158642081984,0.00011497966018730001,0.0002221204814302017,0.8,0.5,0.6,35,0.1879476971560919,0.0748019709279837
6,19,0.1476396723808073,0.3294862724041616,0.27311556162405526,0.16407434768407164,0.11818213830241062,0.11174588634562108,0.00011437339749878,0.00022105710621808173,0.8,0.5,0.6,36,0.1862377665511737,0.0722417704737509
6,20,0.13396885871521227,0.27033665104274446,0.19710772529636175,0.14084996266016803,0.14919173426911175,0.11330780919157009,8.482135390173999e-05,0.00016491418059044993,0.8,0.5,0.6,40,0.179182000081124,0.0801368596567674
6,21,0.13141492030811142,0.264357059106567,0.19709129093388555,0.15279850433194261,0.10362062760903769,0.11292927175809489,0.00010370422967694,0.00017517728269148084,0.8,0.5,0.6,43,0.1819194830962744,0.0808985709293193
6,22,0.12962503495770575,0.25553193417190245,0.18676373562341472,0.16504126536351624,0.10311331575737344,0.11329241752054928,8.995317619961e-05,0.00017278036780327756,0.8,0.5,0.6,46,0.1781127807320817,0.0785233114159254
6,23,0.12953271499919874,0.2573487214902469,0.1957102066649218,0.12449373553881114,0.09362788513253593,0.11387478121489371,7.621996179608999e-05,0.00013773022179238253,0.8,0.5,0.6,50,0.1734388547474688,0.0812111584475889
6,24,0.1291950513265926,0.25822184618972494,0.20356270954679662,0.19869768449234698,0.10523101029256934,0.11434924891795108,9.140140254275e-05,0.00016801346287098455,0.8,0.5,0.6,51,0.1717258084791053,0.075928434753284
6,25,0.1273247064442702,0.25091307094608406,0.19510330114855215,0.20396416880926538,0.11986049055070494,0.11399828923763591,5.563397018806e-05,0.00010921424136618328,0.8,0.5,0.6,52,0.1767571802244958,0.0814303523965134
6,26,0.12506478389772568,0.24553747483146865,0.19580206804859457,0.22163640605347706,0.10300752010012396,0.11353947574493758,6.710902955657e-05,0.0001159395414289598,0.8,0.5,0.6,55,0.1865003397076461,0.1042118261248492
6,27,0.1218807097647339,0.23189091636129217,0.1799742021007385,0.22433123427923612,0.11765725600345345,0.11301827322457653,5.659826555948001e-05,0.00011301240915378877,0.8,0.5,0.6,57,0.1913235687528323,0.0903403806933205
6,28,0.12023226126979981,0.2273320068966881,0.18155905511431175,0.22468654745006866,0.12482101152969204,0.11307187712714199,5.5709496040530006e-05,0.0001065769715166812,0.8,0.5,0.6,58,0.1908252799087929,0.0761849681077515
6,29,0.12001692301579041,0.22996801204870845,0.1915321479269067,0.23389316014805217,0.09276638817665171,0.1130716995643357,5.5753713921550003e-05,0.0001066342771831775,0.8,0.5,0.6,60,0.1912767347759839,0.0751302174199774
6,30,0.12001692301730472,0.233679185600117,0.20275776612515237,0.24345354779589537,0.09054931513015173,0.11307169954360045,5.575371390684e-05,0.00010663427712990875,0.8,0.5,0.6,62,0.1912767347303678,0.0751302175732274
6,31,0.11903625821765425,0.22534818105058266,0.18616325833028236,0.24299692470892384,0.10919855856411766,0.11297005922468663,5.8240627217e-05,0.00010808465977122637,0.8,0.5,0.6,63,0.1911752027646562,0.0754938456036566
6,32,0.11822243552082123,0.2248375752642536,0.19246787857471412,0.25853386378700943,0.09922805464713591,0.11299123525287358,5.811282137326e-05,0.00010776641385003693,0.8,0.5,0.6,65,0.1914321853072374,0.0719043620301764
6,33,0.11816622645554421,0.2260679469147895,0.20071653908163614,0.3100961864955131,0.09214119886008729,0.11365880805699803,5.054713389861e-05,0.00010187450543781314,0.8,0.5,0.6,76,0.1804291733528223,0.1086527316910667
6,34,0.11816141429792724,0.22483925226983917,0.1992378009461779,0.3273545626202845,0.093384316482979,0.11403180167323435,4.3576932275859997e-05,8.866232037029786e-05,0.8,0.5,0.6,79,0.1788027084962075,0.1157077809630741
6,35,0.11399033315288709,0.2052567401551866,0.16976365752545805,0.3259940498821437,0.11956488986345662,0.11221156370360603,4.224269396412e-05,8.108171690147784e-05,0.8,0.5,0.6,81,0.1749924586308812,0.1143636729153386
6,36,0.11443267709566254,0.20791095891795267,0.17962930208064581,0.33661514916527385,0.09820633433520173,0.11317922338386711,4.669474606421e-05,8.687789627753422e-05,0.8,0.5,0.6,82,0.1760870426603335,0.1148424620331063
6,37,0.11250788632570648,0.20052024359135792,0.17113760619042442,0.33802193251321333,0.11740847517253886,0.11228164238298838,4.298984143699e-05,9.208607442032374e-05,0.8,0.5,0.6,83,0.1754556773293786,0.116389845551142
6,38,0.11286259108175202,0.20402998995216856,0.18204971782938806,0.34041410074819123,0.09321950936127531,0.11288981992091057,4.144213824903e-05,7.91791540813743e-05,0.8,0.5,0.6,84,0.1725854005477021,0.1121760523244177
6,39,0.11169473428297452,0.19646099981258386,0.16642664937657,0.3475664399619272,0.10325062128140212,0.11214340098633342,4.602323438697e-05,9.261307444960194e-05,0.8,0.5,0.6,85,0.1716544790957941,0.1159896411713245
6,40,0.1108776369255431,0.19777875645907783,0.18171517577651275,0.3815635988845252,0.09341169621063969,0.11252405562434625,4.31701615328e-05,0.00010327586059218801,0.8,0.5,0.6,93,0.1746463917556863,0.0995865834565085
6,41,0.111406352618433,0.20791303237622033,0.21408793563466913,0.41821203037345217,0.09190332757475725,0.11358913493458,4.862100794789e-05,9.326467009580403e-05,0.8,0.5,0.6,101,0.1754927089919158,0.1015574138409957
6,42,0.10983941051313467,0.1973407717500764,0.2017256228494966,0.43658670838314717,0.11360294278362322,0.11396386280514505,3.699580859577e-05,6.765074687555303e-05,0.8,0.5,0.6,103,0.1660818975889492,0.0891555798941012
6,43,0.10927958844768454,0.19922268115152367,0.21086956980150368,0.48928644855465003,0.09146732445582342,0.11358895315629601,3.5115182002350004e-05,7.03305461769878e-05,0.8,0.5,0.6,115,0.177251176800986,0.0856217952552906
6,44,0.1095221778651094,0.21399818496492912,0.25564217128743993,0.526952771683721,0.09157791191409866,0.11396356536409788,3.680206658557e-05,6.750021273001936e-05,0.8,0.5,0.6,119,0.1659581015059591,0.0892311383900976
6,45,0.10948057411764936,0.20618585002120582,0.2327319795067343,0.5233595637140873,0.09298168628160773,0.11399830452220204,3.683644041154e-05,6.765040115456773e-05,0.8,0.5,0.6,120,0.1678416121186698,0.1033475176834096
6,46,0.10939832126028265,0.20575382059311545,0.23223074796749796,0.542295759296423,0.09211014022480316,0.11398934121561363,3.357463119428e-05,6.139063499016695e-05,0.8,0.5,0.6,122,0.1701252369136958,0.1030563286898758
6,47,0.10858282014134632,0.20259794921119004,0.2286117909302485,0.5072788074622103,0.10254385003861158,0.11351835427190123,4.412930448628e-05,9.935140927482963e-05,0.8,0.5,0.6,123,0.1568451658233246,0.0799471988330425
6,48,0.10833150707371801,0.21643127708033663,0.2723530710689582,0.5874678667735199,0.09105892696079301,0.11335422327435171,4.71025386344e-05,0.0001439599641709367,0.8,0.5,0.6,137,0.169136408801282,0.1049143272314735
6,49,0.10833150708353237,0.2349871449941152,0.32848116221692214,0.6419591438971801,0.09079339805576343,0.1133542232661838,4.7102537696e-05,0.00014396009850719345,0.8,0.5,0.6,144,0.1691364093329167,0.1049143260627776
6,50,0.10842955455722557,0.20830241961130347,0.24903604509140634,0.6302820961615268,0.09240253635377,0.11373384173339002,3.34179860773e-05,8.091519727000854e-05,0.8,0.5,0.6,147,0.1668047911000997,0.0836390745323601
6,51,0.10834687763372207,0.2078103050782313,0.2484631663912948,0.6340332725359367,0.09306882930954669,0.11373006624063056,3.395669425737e-05,8.113030672203088e-05,0.8,0.5,0.6,148,0.1678511154724203,0.0823629512729641
6,52,0.10806060138392148,0.21806650370290262,0.2811464644687601,0.6535617165382581,0.09374124784405008,0.11351107741807123,3.65174249583e-05,8.300706924786553e-05,0.8,0.5,0.6,149,0.1594040636088432,0.0820756606441533
6,53,0.10790401647966025,0.23607383659522926,0.3366493224082188,0.676671055568483,0.09264193396126373,0.1133542232661838,4.7102537696e-05,0.00014396009850719345,0.8,0.5,0.6,150,0.1690352185258104,0.1016731995339968
6,54,0.10787407379603593,0.20498979021017513,0.245180115876863,0.6610088091920678,0.09787733502833595,0.11370388689805262,3.672006834766e-05,8.586613050372846e-05,0.8,0.5,0.6,151,0.168767310057195,0.0881224739835309
6,55,0.10755765423914584,0.2097946473508643,0.2645616805322795,0.6762684415149542,0.09303017760989923,0.11384402904588696,3.4264329463820005e-05,0.00010694375860561936,0.8,0.5,0.6,157,0.1677850089031556,0.0860874589343477
6,56,0.10705559362606804,0.2072371142466503,0.26159965535762914,0.6913243795116529,0.10126013378495984,0.1137050587248655,3.435637607209e-05,0.00011616631791489836,0.8,0.5,0.6,158,0.1666257699975269,0.0898864605372455
6,57,0.10697902104711049,0.20682394645557944,0.26112051972497835,0.6951591015886182,0.09267481256544982,0.11368728750795103,3.4962692163859995e-05,0.00011720756767928721,0.8,0.5,0.6,159,0.1680253168309455,0.088421662509361
6,58,0.10696529697424635,0.20673945890099885,0.26102214003648,0.6990953605199657,0.09138570523717168,0.11368752702405656,3.5023999275629996e-05,0.00011636762894951495,0.8,0.5,0.6,160,0.1680520288451341,0.0884279218918614
6,59,0.10691733745326551,0.21020474718009785,0.27196298967028926,0.7071391651528776,0.09135214029739876,0.11369001257732005,3.4719284300130005e-05,9.616676376114667e-05,0.8,0.5,0.6,163,0.1681907868303122,0.0884365879611581
6,60,0.10677148863624042,0.20915037813661932,0.270730618219344,0.7189418531428133,0.0954733534837348,0.11373171685464702,3.349279639741e-05,8.257118997080592e-05,0.8,0.5,0.6,164,0.1715813369872777,0.0887105360205347
6,61,0.106008028672307,0.2345451094504503,0.35554940245864486,0.8569145155991399,0.09163990371758315,0.1136116546282344,4.0808346568979996e-05,6.522993325533271e-05,0.8,0.5,0.6,189,0.1626596063943424,0.0750190639646528
7,0,0.905318246665705,0.9680305410738846,0.9627565505404128,0.13903038197292747,0.0,0.0,0.0,0.0,0.8,0.5,0.6,1,1.1541445834047928,0.7488844800201104
7,1,0.6278990070613629,0.8887116666186251,0.8502873430967995,0.1790297064136701,0.4079255826140243,0.09897719381661708,0.00047654811735325003,0.000618301760980163,0.8,0.5,0.6,3,0.8107519517804462,0.4675689842327974
7,2,0.5119298959695573,0.8149397372196658,0.771268867057207,0.1621477722285414,0.3834391157328502,0.09904841808997954,0.00024369351603665,0.0005021787301796565,0.8,0.5,0.6,4,0.4875145760901389,0.227002351418749
7,3,0.5140257148477637,0.8210001298095927,0.7847403798418762,0.16959802216591735,0.08392926155238785,0.10263661145331897,0.00030414562290385997,0.0006267522631853412,0.8,0.5,0.6,6,0.4727070555300225,0.2086597881057623
7,4,0.37375023637008503,0.7022492780885418,0.6475799692731264,0.1377262169306495,0.30563209602756025,0.0941599953438294,6.994282347717e-05,0.00019626812706183597,0.8,0.5,0.6,8,0.4721131715272664,0.1636736079826306
7,5,0.3598183386504142,0.6916505592102016,0.6415827352061112,0.14045428302891394,0.11524444775595719,0.09828521384944937,9.154432457725e-05,0.000256884584217305,0.8,0.5,0.6,10,0.4577319246937703,0.147956644754708
7,6,0.3589796070890906,0.6907175065387771,0.640336579603579,0.1481922810272018,0.0876227276059113,0.09947067312254113,9.916346056200001e-05,0.0002782648127413118,0.8,0.5,0.6,11,0.4575419170398873,0.1465910774698909
7,7,0.3583042243725999,0.6899450999353952,0.6392728566286224,0.14869368458949442,0.0880706150059207,0.1007386771284205,9.422428009886e-05,0.00024751113100861656,0.8,0.5,0.6,12,0.4586586551221023,0.1614763199960639
7,8,0.3386037242712468,0.6710533516969795,0.6185914186367869,0.14786291258291753,0.09007162141273532,0.09003066605749435,0.00045710485754358,0.0008174423777438104,0.8,0.5,0.6,15,0.3620805680656263,0.2426554576944818
7,9,0.31381474981076474,0.6453404801325379,0.5961232446035533,0.14368422163791364,0.11925523514148907,0.0856915592740917,0.00037041270289825997,0.0007718540093198878,0.8,0.5,0.6,17,0.3135236219989429,0.2160328662892008
7,10,0.32054170641689744,0.6502515627239398,0.5993725071447092,0.16910408202473523,0.09237778250375964,0.10467486449743744,0.00026460997363233,0.000523349514764674,0.8,0.5,0.6,22,0.2659890436444586,0.1447452192766157
7,11,0.308938135733752,0.6407234073893869,0.5959447560271439,0.16654290153723333,0.1148875892884648,0.09871456525571137,0.00045065128718761,0.0005359481071017856,0.8,0.5,0.6,23,0.3753098396177309,0.1515903915560549
7,12,0.2883712828370839,0.621091405968631,0.5817143844192751,0.1569479020483668,0.12179662486871018,0.0854780828527943,0.00034583739715509,0.0007122915532278443,0.8,0.5,0.6,24,0.2739259442015277,0.1762896145514444
7,13,0.2920869055083698,0.6246555013749047,0.5851703251623266,0.1637876605111801,0.07591043651161068,0.0908034439602742,0.00033085898815912,0.0006571830172172126,0.8,0.5,0.6,25,0.3182902760884384,0.1544341280557641
7,14,0.2883620163563305,0.620877148820651,0.5813546551628291,0.15736980611605644,0.07057958498921166,0.08629872820344113,0.00035005615535344,0.0007271726140901379,0.8,0.5,0.6,26,0.2756548067862169,0.1747394920632258
7,15,0.28335832745774886,0.6133112240020993,0.5773261640294696,0.18523029073033145,0.11564130988909066,0.10245492551002756,0.00029006330041874003,0.0006199646474101422,0.8,0.5,0.6,29,0.3198525958229525,0.1547868916321929
7,16,0.28689450930772586,0.6119427731034084,0.5677703133035095,0.17997342259846513,0.10569674426195447,0.11033898765775263,0.00035354451535915,0.0007580892322771584,0.8,0.5,0.6,30,0.3233996936661433,0.1217704438044309
7,17,0.28055309990628013,0.6085032411940937,0.5713988390232468,0.19157786273534755,0.09560895235824776,0.10478991419899952,0.00040934458187464,0.0007024607929367946,0.8,0.5,0.6,31,0.3423596080386028,0.1057386598197276
7,18,0.2676806429913453,0.5924300572949964,0.5593115282724289,0.19242501944810808,0.17428861164826912,0.1068531125885639,0.00033974132633977997,0.0006847316499098225,0.8,0.5,0.6,32,0.2944398050714886,0.1014210434965552
7,19,0.2649441626249454,0.5845153979994379,0.5431875833209575,0.1826591821739986,0.09476228311722079,0.10683395648162579,0.00039525570897167,0.000677574340256987,0.8,0.5,0.6,34,0.3231234661378795,0.1040855589811656
7,20,0.26121334214467273,0.5826656061454709,0.5480088171574149,0.1893878020831063,0.09265060040941353,0.10632572416127652,0.000353557407069,0.0006431211500287075,0.8,0.5,0.6,37,0.2892470031151864,0.1005435108517978
7,21,0.2520228898960439,0.5700338841967995,0.5338481987893727,0.18483800602131234,0.12049080431887536,0.10231720429631601,0.00022796025109976997,0.0004858434812536458,0.8,0.5,0.6,38,0.2899318955693913,0.1068279252901123
7,22,0.24446250628125354,0.5501221393483688,0.5028563765351513,0.1909474590400322,0.13224560293068266,0.10913543322595473,0.00027063070753280004,0.00038180034621492236,0.8,0.5,0.6,40,0.2342581902109277,0.103138450266306
7,23,0.23215126733796815,0.5311469460177741,0.48747042522302825,0.19068082368625774,0.18747923829157656,0.11044697325415312,0.00031413455519581,0.0004417288929186814,0.8,0.5,0.6,41,0.2695520833804729,0.1003132775229754
7,24,0.22892795609716132,0.527158996519036,0.48316200675950577,0.19109800889931913,0.09574691288999201,0.10797682024164752,0.00025721616768027,0.0003739168522056456,0.8,0.5,0.6,42,0.269027423749603,0.1247553859691394
7,25,0.22851133737408405,0.523191657696534,0.47800815403214436,0.18930332134560096,0.11819751893043258,0.11189739476801946,0.00031002515324799,0.00047731062247682643,0.8,0.5,0.6,43,0.2318845815302561,0.1231750935962331
7,26,0.2150986262156707,0.5040598959910876,0.46320820143064323,0.1916903768192209,0.16592470848977942,0.1075722635041507,0.00025128201434103,0.0003753103720466725,0.8,0.5,0.6,44,0.2348095338021875,0.1083368324763413
7,27,0.2081930165991079,0.49151874089553826,0.44884357825049626,0.19374726627113847,0.13064167816932357,0.10570862383711838,0.00022599689760292,0.0004019594685076297,0.8,0.5,0.6,45,0.2205266680195288,0.1110582746631441
7,28,0.20201395460028373,0.4775124606001893,0.4324061361163179,0.1952646351006928,0.1462511904297569,0.10671403361908904,0.00019221351521857998,0.00030736454274328426,0.8,0.5,0.6,46,0.2262100351329711,0.0904573067762682
7,29,0.19834590226097815,0.47670255739298745,0.4388509548235636,0.21933876917963216,0.08351549174604843,0.10308798858991988,0.00014701538297796,0.0002686762185823127,0.8,0.5,0.6,54,0.2480584495884976,0.1031801655392846
7,30,0.19829364542396938,0.47995773890344146,0.4494978545563239,0.24974896288996845,0.08350470140760875,0.10349421192371411,0.00012680783862054,0.00022400429531837268,0.8,0.5,0.6,60,0.2508137931696476,0.1021533545837984
7,31,0.19555404563489173,0.47781504989173956,0.45393036031612816,0.24536103112570182,0.10631708070694706,0.10324335509539008,0.00014750005098627998,0.00027376657789777076,0.8,0.5,0.6,61,0.2442225409131774,0.0984374463916031
7,32,0.19482254876593438,0.47583119139795954,0.4515724648863705,0.25474159622326803,0.08428495217524422,0.10356253381487328,0.00018959403952733,0.00028537884267179,0.8,0.5,0.6,69,0.2485014730413144,0.0965392830382511
7,33,0.18947735135354368,0.47589086093765615,0.47248980430965415,0.2866827714811044,0.08928529092717599,0.10255302576794889,0.000133999629046,0.0002516559555017733,0.8,0.5,0.6,75,0.26730689077135,0.0883786111885815
7,34,0.19101130291908108,0.48073366282802044,0.48473020488946716,0.3502701589751168,0.08428292210220918,0.10490028430487147,0.00011752105620488,0.00020230978958081188,0.8,0.5,0.6,91,0.2074140681388199,0.0824233409076011
7,35,0.1878583534164911,0.4821187569326431,0.5003116331948805,0.38292562675952097,0.0935184155606445,0.10367116913534491,0.00010439152059740001,0.00020146101548879184,0.8,0.5,0.6,93,0.2529929039856699,0.0754626459380882
7,36,0.18492241127565276,0.4865585376390711,0.5262237075002253,0.434536611334034,0.09183412423355022,0.10329696724639574,0.00013350445757316,0.0003399590861592853,0.8,0.5,0.6,96,0.228870511915814,0.0935660893149455
7,37,0.183315043494144,0.482707744866572,0.5217405862859567,0.4334520098328055,0.09079882909634704,0.10327751254045789,0.00013465327853902001,0.00033577319181760795,0.8,0.5,0.6,98,0.2282959473031987,0.091518381951353
7,38,0.18321341648467446,0.4825224087531494,0.5215317009230506,0.4333694437251535,0.08314136376594529,0.10322389198547882,0.0001344779916672,0.00033593276656097935,0.8,0.5,0.6,100,0.2282261631026794,0.0913672615988011
7,39,0.18301786686641033,0.4820588313080687,0.520993008600543,0.43685123969969336,0.08439890835805501,0.10328897400718627,0.00013322113192275998,0.00023723986211974924,0.8,0.5,0.6,101,0.2341366226149492,0.0912746300603943
7,40,0.18381973792011938,0.4972969420107867,0.5661744813658737,0.5285725428333977,0.084107288776579,0.10468340977662209,0.00012630955107246,0.00019489332010385842,0.8,0.5,0.6,129,0.2237386802150805,0.0888044372696931
7,41,0.18289343481390652,0.4975103126787818,0.5731854500571965,0.5391944529864922,0.09427083291423585,0.10574109183730722,0.00013720169809132,0.0001887669269151957,0.8,0.5,0.6,131,0.2115265455428966,0.0939386740145361
7,42,0.18265653009099417,0.5080113332181811,0.606119985605468,0.6074569814022941,0.0852046463980498,0.1057816872524757,0.00013782610502675999,0.00018910647332119203,0.8,0.5,0.6,138,0.2117322253157438,0.0949435898199938
7,43,0.18422503182665484,0.5150706495211828,0.6211886932241988,0.6813757609074251,0.08549665726955803,0.10624483431676204,0.00012602928340276,0.00016191102719731844,0.8,0.5,0.6,149,0.2053699059553133,0.0945096785597426
7,44,0.18158620200541734,0.5202943402971666,0.648048932834892,0.7185281152772968,0.08533879435922294,0.10576857703919457,7.533719636405001e-05,0.00015016151937887286,0.8,0.5,0.6,155,0.2302286448822742,0.0861759649087726
7,45,0.18547930643621616,0.5228504090845253,0.637271423582897,0.7375315057828883,0.08444551575654462,0.10538228776601022,9.856833459471e-05,0.00014883849675119065,0.8,0.5,0.6,159,0.2089925135613328,0.0904302650677549
7,46,0.18277548604279606,0.5114141627450226,0.6169191785906518,0.6803995847755763,0.0909602842666921,0.10632087947181937,0.00010048891608877,0.00018026023156786014,0.8,0.5,0.6,160,0.2061472473667967,0.091075172292244
7,47,0.18507237231252727,0.5173653782890638,0.6238879515326333,0.6819012316438879,0.08911775515322377,0.10606008443682657,0.00010664975802501999,0.0001615788440425508,0.8,0.5,0.6,161,0.2067181204571349,0.0919969477784116
7,48,0.18070453894053787,0.510556695439127,0.6228877072500499,0.6828251257060894,0.08483385223248766,0.1058733989801507,7.520521163468e-05,0.00013895227355925188,0.8,0.5,0.6,162,0.2193718491457772,0.0929843783050899
7,49,0.18021122224305813,0.5092645579171949,0.6213768691175794,0.6828668203999405,0.09031372456438191,0.10591678229812869,7.49600894972e-05,0.00013718595303744866,0.8,0.5,0.6,163,0.222364551419958,0.0924509938752271
7,50,0.18014527446395173,0.5088415150575143,0.6208560775975824,0.6944398264639777,0.08624634635130793,0.10612633033965185,7.449677400773e-05,0.00014079018328298475,0.8,0.5,0.6,165,0.224818745767303,0.0923683916873142
7,51,0.17978715118151495,0.512050896137292,0.6315406171043079,0.6936774588907101,0.08525332190555064,0.10579865577112753,7.548457168415e-05,0.0001378383422627195,0.8,0.5,0.6,167,0.2218497954974207,0.0954582126740379
7,52,0.1795711724456258,0.5112414947789994,0.6305693795153999,0.7010762916705331,0.0889680742737415,0.10602737742731898,6.778457611160001e-05,0.00012509412606732112,0.8,0.5,0.6,168,0.221872219984429,0.0932273154517127
8,0,0.9178053352024436,0.9724261208269683,0.9678772743540017,0.14025542983176129,0.0,0.0,0.0,0.0,0.8,0.5,0.6,1,1.1201489415408,0.7470091370828302
8,1,0.8559467146748627,0.9990435797733935,0.9855992345925061,0.21150613100591042,0.19175543798909045,0.1006357974038261,1.3790800725030001e-05,4.0989166914895076e-05,0.8,0.5,0.6,3,0.8153967211162997,0.548089414870394
8,2,0.5087607918150968,0.8122923983767995,0.7684080593858093,0.16043413293220798,0.839393100505491,0.09722668958767991,0.0002608486518695,0.0006612062731563832,0.8,0.5,0.6,4,0.4957824132122275,0.2288750962075977
8,3,0.5018380115835894,0.8150098816620084,0.7852128765112483,0.18163403566084196,0.08519623231479746,0.09853670513809265,0.00023270236627058997,0.0006083419797573608,0.8,0.5,0.6,8,0.481654748132805,0.2006060962749546
8,4,0.34934720316964823,0.6817754295871277,0.630110241612772,0.14578449564860127,0.35466831803446003,0.09805294307352984,8.535722982952999e-05,0.00025122586732727244,0.8,0.5,0.6,10,0.3290914111158545,0.2221924574054802
8,5,0.3480093702939279,0.6842780988403777,0.63998426688926,0.15307291555960964,0.08052790443425611,0.0976329560989221,8.579313637324001e-05,0.00024257336074549505,0.8,0.5,0.6,12,0.3267327565055062,0.2298437258146066
8,6,0.2862753896054254,0.608433403891127,0.5572073286050422,0.14319757956064683,0.26384308197424194,0.10747723970187346,0.0002458172194394,0.0003440055285580874,0.8,0.5,0.6,14,0.1901038730176102,0.2173158463202792
8,7,0.27627187215829074,0.5974159671236051,0.5511518978434322,0.15438704694842972,0.11898722888175317,0.10841622208209006,0.00024648200575796,0.00033133959133658494,0.8,0.5,0.6,16,0.1722068169270003,0.1698982479038483
8,8,0.27623825381417094,0.5973695199955246,0.5510987662588726,0.1517168378971576,0.08721655991224592,0.10840863847707424,0.00024648404736382,0.00033133044062664445,0.8,0.5,0.6,17,0.1721734177483063,0.1699278457106664
8,9,0.24174298903141297,0.5429095105573691,0.487822521200365,0.14021230600725795,0.30638767392063804,0.10718986330283742,0.00018459472925167,0.00031079962233223816,0.8,0.5,0.6,18,0.1819264353214574,0.1797943744246785
8,10,0.2400154503757011,0.5399537297725939,0.48438956985202936,0.13757971756790044,0.09789813642157262,0.10711017030662472,0.00018934539884105,0.00030753963840099663,0.8,0.5,0.6,19,0.1764029765210211,0.169959937312213
8,11,0.23903558029087738,0.5407369732917264,0.4919415234637961,0.1533245606090994,0.10620811229239502,0.10905658407202387,0.00021604386674876002,0.00034454649548739405,0.8,0.5,0.6,20,0.160877499337654,0.1217473625492764
8,12,0.23800332452196402,0.5392185279862123,0.49023913102556643,0.15046299650502412,0.08945526126808323,0.10856163526880427,0.00021158171090911003,0.0003358915812119104,0.8,0.5,0.6,22,0.1630856267412568,0.1308290615696939
8,13,0.23739096478805946,0.5407681019302266,0.49872067048231583,0.1752247819242991,0.09217301406541151,0.11042844273603983,0.00010949049612409001,0.0002141025928630029,0.8,0.5,0.6,26,0.1699641179633106,0.0927323262856285
8,14,0.23606572160861153,0.53519438275476,0.48543383983722527,0.18399681292779427,0.09280949844182061,0.10964812402161937,9.791038702136999e-05,0.00016650146636626136,0.8,0.5,0.6,27,0.2231549581004908,0.2054998703987159
8,15,0.2314409378294001,0.5335073151391688,0.4971411968647232,0.17824558908366547,0.1295457240627304,0.11060789272531704,0.00011012868054095001,0.00020747100249781538,0.8,0.5,0.6,28,0.1644899548773631,0.0874162160555131
8,16,0.20053488708208667,0.4713342009014309,0.4248061914737338,0.17015983363485954,0.34221446595468497,0.10985601874335124,0.00014863245601011,0.0002207290607913464,0.8,0.5,0.6,29,0.1766262885374827,0.1084776033846701
8,17,0.19964729246947754,0.47196345267146045,0.43229859160106565,0.18049629045413856,0.09707182525719303,0.11092269559581341,0.00016050188854707,0.00023176913580710108,0.8,0.5,0.6,31,0.1866453989878796,0.1189160170631938
8,18,0.19146779518767879,0.4592972567176886,0.4247589200254964,0.19532839509982514,0.10198376111570068,0.10861881581114853,0.00010193224103717,0.00018198690950150718,0.8,0.5,0.6,35,0.1930874118406207,0.1092762754798767
8,19,0.19298510806020833,0.4603844598516421,0.42572320506283035,0.19385182647887336,0.09195239191896365,0.11089414331006009,0.00011556658011592,0.0001905709761918549,0.8,0.5,0.6,36,0.1857245865632242,0.1086237458578716
8,20,0.1902231241483047,0.4521533705651691,0.4094723272736619,0.19520289630019177,0.10020768587590757,0.10909026366236056,0.00010344452529034999,0.0001779513487638018,0.8,0.5,0.6,37,0.170449866581314,0.1012007034044232
8,21,0.18795237108566643,0.4523243079547826,0.4168017907940836,0.21007946448082607,0.09480998040767868,0.10740237189240426,8.168742224484e-05,0.00014223149745323584,0.8,0.5,0.6,38,0.1959490932082047,0.1047506571142897
8,22,0.1825093304251796,0.43514604199467244,0.39637157985694477,0.2020903481544505,0.1698868651050712,0.11050462788740294,0.00012222329025954,0.00019568384286573957,0.8,0.5,0.6,39,0.1579672116154478,0.1085419787188662
8,23,0.17962958929776132,0.43299251681643985,0.40092522319641916,0.2152482983933685,0.09770329088540136,0.1092776032860361,0.00012800746527639,0.00020824839821342614,0.8,0.5,0.6,41,0.146915619186103,0.1189419874274142
8,24,0.1792233650767423,0.43542789165932794,0.41064128608947337,0.22119096101869404,0.0906743838235959,0.10945304103693901,0.00012871175646720002,0.00020903744002777206,0.8,0.5,0.6,43,0.1444388422056628,0.1257324894046933
8,25,0.17739497048094013,0.4369797818838377,0.4261434486551538,0.3032902190366615,0.09021795349645793,0.11041296513373369,6.308183392602e-05,9.68530127688337e-05,0.8,0.5,0.6,58,0.155983358921136,0.1120754902116484
8,26,0.17675511685549933,0.44256248992614367,0.4464374070967879,0.346674233666718,0.08938865955798787,0.11050915751891754,6.830434340422e-05,0.0001076663619374047,0.8,0.5,0.6,67,0.1561181898373444,0.1065679435928109
8,27,0.17644034974637202,0.4530952132694556,0.47943791012391607,0.38788359788235666,0.08899296576308728,0.11033952537684975,6.441979671442999e-05,9.914356642270954e-05,0.8,0.5,0.6,70,0.1527691531075928,0.1081154206978793
8,28,0.17666261758467885,0.44901193703952136,0.4676833392102998,0.3784849180234797,0.09024905029531194,0.11104482549061138,7.26622925094e-05,0.0001162497949841876,0.8,0.5,0.6,73,0.1729632953261042,0.1137677346254315
8,29,0.17269954855635708,0.44189203228662094,0.4662843473420578,0.37420460252900667,0.1338261868978819,0.11107727978745664,8.204805938496e-05,0.00013295490255553691,0.8,0.5,0.6,74,0.1686143101901253,0.1249616105417402
8,30,0.171353442508427,0.4418916191565629,0.4731883657923268,0.41330742651065516,0.09066357974660227,0.11107725450977685,6.864713331933e-05,0.00012124099867010675,0.8,0.5,0.6,83,0.1538909910646737,0.1380949193301592
8,31,0.17011563668312243,0.43862596835879786,0.46940274334230425,0.4096170386883292,0.10185636743622217,0.11093652095939746,7.172299104849e-05,0.00011676334706431711,0.8,0.5,0.6,84,0.1541185210096117,0.1246758047436114
8,32,0.16836391829754896,0.4420335916774998,0.48726215704065434,0.4288314790043575,0.09555312676467659,0.11030469504213337,6.218992269859e-05,0.00010635615301748153,0.8,0.5,0.6,86,0.1575595487054887,0.1373561392185861
8,33,0.16766053369966707,0.44245668909549984,0.4945445563982784,0.4420433839620927,0.09721263313897448,0.11116191608528261,6.2747887059e-05,0.00010181555738407402,0.8,0.5,0.6,88,0.1587204444318644,0.1263939348867171
8,34,0.1668137794275918,0.4364658091948507,0.4806778190946991,0.44134396496240225,0.0919455220735597,0.11105118267914788,6.130734830106e-05,0.00010271313812230545,0.8,0.5,0.6,91,0.1511096191272208,0.1408391912631955
8,35,0.16659721715210704,0.4358209412407571,0.479925110477993,0.4479880427284425,0.09163721079808006,0.11106182731238107,6.17244317639e-05,0.00010239671248204111,0.8,0.5,0.6,92,0.1493214393341793,0.1365947630397808
8,36,0.1651982202255565,0.4586357749843518,0.5548982174925322,0.5985737853601291,0.08883215687264029,0.11047988867459212,5.467808213225e-05,8.630018727500004e-05,0.8,0.5,0.6,122,0.1571443701792929,0.1290847399924178
8,37,0.1640229816926578,0.5120969423270462,0.7208181418836306,0.8138730914481139,0.08790642853670133,0.10967850136161814,5.446009761813e-05,8.400338283491758e-05,0.8,0.5,0.6,197,0.1694770565702984,0.1103655657353182
9,0,0.9372318109865078,0.97915160361477,0.9757122731860887,0.14356367256056307,0.0,0.0,0.0,0.0,0.8,0.5,0.6,1,1.0187458040086748,0.7583022998756026
9,1,0.853790293837256,0.987023811199435,0.974694547936442,0.1946074270641514,0.17289943635885976,0.07716987182683971,1.315459910447e-05,3.0895246713399e-05,0.8,0.5,0.6,3,0.7468895598785911,0.548297430113302
9,2,0.5281691719158219,0.8260712490262667,0.7843550008521626,0.16473281545047916,0.8137142193581817,0.09810142982408704,0.00025046334948003,0.0005644810127976025,0.8,0.5,0.6,4,0.4161587633704648,0.2269957409501434
9,3,0.5267559575198308,0.8295826190156986,0.7949367436286582,0.1722399614204075,0.08698884152520471,0.10108985752376168,0.00030446093863248,0.0006882612518300887,0.8,0.5,0.6,6,0.4130055590061992,0.2127610986113971
9,4,0.5114184779989972,0.8233683003825358,0.7941477216391967,0.19954004697024244,0.09469319259973033,0.10502524753370795,7.903863919071e-05,0.0001924555859784495,0.8,0.5,0.6,11,0.4465239711443338,0.3314949096364284
9,5,0.47692846602374683,0.8016992857810483,0.7754814698953529,0.20569104697383456,0.14244580007777702,0.10739994966711632,0.0001324641362551,0.00026246714262854266,0.8,0.5,0.6,13,0.3935362596187553,0.2468829055770681
9,6,0.4460661949284546,0.7743983325589993,0.7358431359567502,0.21355111257589848,0.13272551435766639,0.1144772061754658,7.947805041755e-05,0.0002798391244672209,0.8,0.5,0.6,16,0.3086282216550186,0.1436967742766305
9,7,0.457560971885613,0.7872670981208508,0.7486556051196761,0.23692859037604452,0.11104722211816513,0.1310791191319408,7.424473442294e-05,0.00016499290937310366,0.8,0.5,0.6,17,0.3577220937779243,0.196510849259314
9,8,0.41499264722630513,0.750101467380628,0.7140121216576024,0.22263735517171823,0.21220001152172513,0.11740104991983616,0.00014522864863835,0.0006519431306001905,0.8,0.5,0.6,18,0.2502710558344146,0.1296517684456167
9,9,0.41076436156674845,0.7466826180275777,0.7071098166289148,0.24793605010024716,0.19917472013845602,0.1397908407454652,0.00013075277341892,0.0003058594546981377,0.8,0.5,0.6,19,0.3015907122327781,0.2054450589140745
9,10,0.5252827719288445,0.8639292999772882,0.8271752978575221,0.3737775922201309,0.31286230378722213,0.31290093295459304,0.00013072822580922,0.006158012687084837,0.8,0.5,0.6,21,0.2162228240418898,0.2003575586994848
9,11,0.37642072210455413,0.7171389651255454,0.6852108799474109,0.24047958685589388,0.14223174489636978,0.14657748848444818,8.461591315225e-05,0.004287378381394317,0.8,0.5,0.6,24,0.1937084545947927,0.2090083838346951
9,12,0.3644137710656609,0.7007225220286866,0.6603760336925264,0.2265440653387726,0.13525247872868992,0.1404317756643377,0.00012509265544024,0.00040507099075494385,0.8,0.5,0.6,25,0.2081548509621778,0.1663207567840384
9,13,0.3618711451431326,0.7014017825490212,0.6679894320403064,0.2366616336005751,0.12039260345310983,0.14086254921936445,0.00014346918981869,0.0006253743159662777,0.8,0.5,0.6,27,0.2035971694951578,0.1834532969867871
9,14,0.3587144498614403,0.7006147985807276,0.6732860712521701,0.24936731384670216,0.13519870904895395,0.14593249200878106,0.000150263891699,0.0008180092773349507,0.8,0.5,0.6,29,0.1720540313308805,0.200134149394413
9,15,0.35739388122748106,0.702819594262717,0.6828217266847542,0.24866298256982863,0.11921288764410667,0.14510324618011647,0.00016744554221746999,0.0012531012497503373,0.8,0.5,0.6,31,0.1873641650032277,0.1933384909698269
9,16,0.35696917107762577,0.6983139519802007,0.670445083574636,0.25761671006238457,0.1272013404659835,0.1472332189037904,0.00015036038505674998,0.0007060293970116433,0.8,0.5,0.6,32,0.1905969496250477,0.1972749558357782
9,17,0.3520526651117209,0.700064371524964,0.6865278630594582,0.27479287815440656,0.12264038653934717,0.14438307708640064,0.00011492871093819,0.002119223710089805,0.8,0.5,0.6,35,0.1679629058938557,0.2086912948624919
9,18,0.3461257408418487,0.6894617809310251,0.6675746275601071,0.27155763566398344,0.13592193291839003,0.1432181758517415,0.00014247323119983998,0.000612204431752564,0.8,0.5,0.6,36,0.1874401915507483,0.176668092273309
9,19,0.369562144752559,0.7120454163920917,0.6894581376708252,0.28286160559349216,0.15935496804130056,0.16528301667010714,0.00013648459190331,0.01590935553137512,0.8,0.5,0.6,37,0.1781435604075715,0.1793268836037582
9,20,0.3429780189526315,0.6850779704413713,0.6621893990613759,0.28835808942446783,0.12422093898731623,0.14526898500068994,0.00013927590042625999,0.0006904175363449816,0.8,0.5,0.6,38,0.1809583407299526,0.1640826930837272
9,21,0.3453768205766762,0.6909711840118227,0.6754283402559087,0.3006186811586176,0.12201453423263323,0.1491105458173973,0.00017722094238454,0.0008785184375430041,0.8,0.5,0.6,40,0.1808357406871683,0.1553034775655902
9,22,0.33772226240008835,0.6858133922489428,0.6768735491493808,0.307204550073782,0.12795389657767053,0.14510227022888494,0.00014224084700687,0.0006787085455864155,0.8,0.5,0.6,42,0.1816125729605245,0.1638294650030323
9,23,0.3343005805419978,0.6857175159322114,0.6840132050470472,0.3054501865496641,0.1179319783484388,0.1421447860397653,0.00015127686176607,0.0010874064131498125,0.8,0.5,0.6,44,0.1696275260342601,0.1653862394726099
9,24,0.33607759114720337,0.6813424333118098,0.6704546146173309,0.3405955998824728,0.14477342647797733,0.1422999818057391,0.00013288670692143,0.016651412688974947,0.8,0.5,0.6,46,0.1800861196728667,0.1584098704821289
9,25,0.33359533142159603,0.6823321959172046,0.6788046158258347,0.34812562050154783,0.12403433341581291,0.14257079463341768,0.00012836616833138001,0.013316530919560197,0.8,0.5,0.6,48,0.179015123839017,0.1604899359613965
9,26,0.33467029012668886,0.6868697772456773,0.6906982927182538,0.36565322089407887,0.12587041234851376,0.1422999795189983,0.0001328866872262,0.016651410221057653,0.8,0.5,0.6,50,0.1735881806214022,0.1644144136269593
9,27,0.3103939081978915,0.663244605865117,0.6727162375434198,0.3736159407162668,0.11570225134855017,0.13456070962393155,6.793277246702e-05,0.0003694415463986493,0.8,0.5,0.6,56,0.1786583355390278,0.1704826853470152
9,28,0.3158330675656824,0.668148364905973,0.6773088314855582,0.46868934770700904,0.114982197935961,0.14299098416436326,0.00014325937878206,0.0003826561484855232,0.8,0.5,0.6,83,0.1889330837137078,0.1985991168868489
9,29,0.3082582428989833,0.6696485166121992,0.7001958253394538,0.5073925955092117,0.1409865597829716,0.13908958749766498,0.0010285990486928799,0.00047546171861987275,0.8,0.5,0.6,84,0.1835153135703513,0.1697890232761705
9,30,0.3082582429112804,0.6733596901953514,0.711421430599237,0.518837990942291,0.11207130265546524,0.1390895875048091,0.0010285990303388899,0.00047546174958286696,0.8,0.5,0.6,86,0.1835153138484428,0.1697890233844292
9,31,0.30738531586195944,0.6721270208719579,0.7099923911297129,0.5252039319671958,0.11448439951378633,0.13922254602054535,0.0006394160218625899,0.0005522052832849456,0.8,0.5,0.6,88,0.1889446559082525,0.1802530910162496
9,32,0.3070175802486549,0.6752218501629341,0.720466885072357,0.5309273803148148,0.11391301352046111,0.13921862901975965,0.00106104217846275,0.0005397923107968966,0.8,0.5,0.6,90,0.1820552427988545,0.178106519337268
9,33,0.30626418049398796,0.6742157654923785,0.7193245438251731,0.5580899277420859,0.11545716799469022,0.13922341646837377,0.00070788918260865,0.00052771122109601,0.8,0.5,0.6,91,0.1838588079132963,0.1756527378191354
9,34,0.3097998416752641,0.6999293022894828,0.7900767233463051,0.8060269589857607,0.11581612758778563,0.1436684766471831,0.00132336547304182,0.0003182835145397447,0.8,0.5,0.6,133,0.2428788802786944,0.1653849177505296
9,35,0.3211053208511711,0.7200450518533774,0.8315194219837687,0.9092822503611607,0.1336638851737954,0.13947612067287463,0.00390888550584013,0.031013143055016516,0.8,0.5,0.6,153,0.1815887861008211,0.169523370252433
10,0,0.8968925951616324,0.9650315214180742,0.9592628093727854,0.13962840514810407,0.0,0.0,0.0,0.0,0.8,0.5,0.6,1,1.1843360424372802,0.7519656060969548
10,1,0.6860195985927531,0.9218921538468028,0.8889046547858138,0.18845703916015585,0.33699942499517105,0.09863972067977718,0.00045200258051045,0.00146196285532867,0.8,0.5,0.6,3,0.5671113524401803,0.4675689842327974
10,2,0.4790400662816352,0.7897902160634014,0.7425897181278138,0.15243083723741438,0.5978665397001892,0.09441559702087854,0.00024324533654152997,0.0004231942427822841,0.8,0.5,0.6,4,0.610123066929998,0.2269943639407137
10,3,0.3784957948860074,0.7032174340549336,0.6418907300725322,0.12928757082493905,0.25156522457163755,0.09355449561722656,5.2231715215490004e-05,0.00015834757017811193,0.8,0.5,0.6,6,0.5554207992435687,0.1415201878218511
10,4,0.36303163899674884,0.6913000058748325,0.6343025028618409,0.14855810169362557,0.11846518801483041,0.09810636846754392,6.561420422155e-05,0.00021083590005680657,0.8,0.5,0.6,8,0.6148230659834684,0.1491316451997026
10,5,0.3574843589977151,0.6892028187515745,0.6387663068346741,0.1531600464955928,0.09053435469446305,0.09807408602757296,6.55656610953e-05,0.0002054606055196687,0.8,0.5,0.6,10,0.5900609279999967,0.1517284728074242
10,6,0.3150236016497602,0.6402129498007811,0.5811017204621897,0.1485892273411083,0.19065689778020042,0.10262706776201506,4.4364776546570005e-05,0.0001424847034244227,0.8,0.5,0.6,12,0.5102481858634245,0.1366465816760003
10,7,0.30674436955551443,0.6257270722137619,0.5620407522099747,0.16082519123178313,0.15266559494452253,0.11919006029997187,4.276618670082e-05,0.00013865379638671808,0.8,0.5,0.6,14,0.3570237039147085,0.2008887685004773
10,8,0.2816262482579962,0.586018771958179,0.5144781162691557,0.15691072315123658,0.2997181021183511,0.12908443325923422,3.747761602763e-05,0.00012190917099688011,0.8,0.5,0.6,15,0.3747954078780616,0.1697981325243628
10,9,0.2703448465100016,0.5708444801543371,0.5034618287100272,0.15966212323049028,0.14678949435892558,0.13090207943724438,4.108661762097e-05,0.00012916083452259774,0.8,0.5,0.6,17,0.3277869559455806,0.2413763378958001
10,10,0.2641388261352542,0.5644819215967414,0.5030245176308443,0.16367376597867292,0.124245316695765,0.13033065464509155,4.815176123424e-05,0.0001513131984110227,0.8,0.5,0.6,19,0.3267308201700304,0.2419183293626188
10,11,0.26219545305555303,0.5537929980458133,0.4767787802996838,0.16772471270967823,0.11749831341878621,0.1302583167520286,4.44888052168e-05,0.0001401261008222718,0.8,0.5,0.6,20,0.380435805754251,0.2351317303598644
10,12,0.26186808968175795,0.557083927141124,0.4875472929311929,0.17492276210636368,0.10442309897251349,0.1300128468367388,4.424820389178e-05,0.00013939999405106443,0.8,0.5,0.6,23,0.3813845813643004,0.2318269885060057
10,13,0.2464954497574463,0.5364021078873751,0.47094900503286863,0.18174200977306015,0.18632400356077544,0.12551692329848363,4.39126542878e-05,0.0001417359668540164,0.8,0.5,0.6,24,0.297157351097514,0.2492739093172013
10,14,0.2347360573288046,0.5216973565936567,0.4613787532471049,0.1938148457772132,0.1064785606880138,0.12052728122550109,5.8979873239919996e-05,0.00013327172545546728,0.8,0.5,0.6,30,0.3371420249777009,0.2080019061062187
10,15,0.226420816556607,0.5069591816478664,0.45075413965350125,0.19273129792655275,0.1835333007481496,0.1232250713104578,6.594071172262e-05,0.00014012656856375025,0.8,0.5,0.6,31,0.3052601824673658,0.2081086951583648
10,16,0.22305693505545834,0.5002234346410969,0.4429289561669491,0.19955274078288315,0.11219188136453151,0.12305622192642128,7.086791754449e-05,0.00014174246181441918,0.8,0.5,0.6,33,0.2892274740853223,0.1996553275303502
10,17,0.21663434920506833,0.49010539370724354,0.4252968176480662,0.190221435563722,0.09218523383555884,0.1150440328445004,6.073559991367999e-05,0.00015140611844468327,0.8,0.5,0.6,37,0.2850938181931221,0.2228457087610543
10,18,0.21477365402123094,0.4904302874333509,0.43899622608405026,0.20794187834822347,0.13650931911816191,0.11869632633630615,8.403073975295e-05,0.0001469855432240268,0.8,0.5,0.6,38,0.2718859959699621,0.2598483969437213
10,19,0.20983144690561806,0.48952275247366694,0.45846259033701153,0.23476798213081806,0.10973763101566489,0.1200769696592839,8.211734150634e-05,0.00015721643137529785,0.8,0.5,0.6,42,0.2517631413803062,0.1568582963120814
10,20,0.21122348848348868,0.4834857741800775,0.44380490164410846,0.23347452707475216,0.1281235034419504,0.12557700061407578,4.666392110724e-05,0.00015324448387836608,0.8,0.5,0.6,43,0.2282927002390006,0.1737888659637504
10,21,0.1981436204379086,0.4680307732682208,0.44053455426442717,0.23627751071858874,0.13050226350724184,0.11849489707311774,8.957005856971e-05,0.0001667004308713536,0.8,0.5,0.6,45,0.2335405412212515,0.1749901361327073
10,22,0.18901101180017513,0.4523676192204736,0.42303408263926073,0.23651832350035115,0.13634601622953926,0.11289980094065899,4.4141506009040004e-05,0.00012180905023650857,0.8,0.5,0.6,46,0.3175624380663154,0.1473439157909058
10,23,0.1894633851465505,0.4345286835566513,0.4002552425361945,0.2511342169288954,0.12722308559223985,0.1279792086067498,7.672988502312e-05,0.0001642872802603752,0.8,0.5,0.6,51,0.2104472215660771,0.1122403097881777
10,24,0.17605319094102587,0.4064354563995121,0.3749577861703157,0.25869957114805764,0.2174518081758062,0.12392507181116862,0.00011733012426306998,0.00020092906529365045,0.8,0.5,0.6,52,0.1659920010175253,0.1343784664918524
10,25,0.17420299273203235,0.3903602101085923,0.3487671700145724,0.25113086816270674,0.16768912017211443,0.1281572770644692,0.00010429635723607,0.0002393015362156974,0.8,0.5,0.6,53,0.197220410115228,0.1267404824712114
10,26,0.17049695155305408,0.3930854797516972,0.36628082406388357,0.2696243064410298,0.10096320967446785,0.12412820018992483,0.00010460847859447,0.00021230641471219324,0.8,0.5,0.6,57,0.1958678635260453,0.1176841579763947
10,27,0.16548654050143483,0.35645009334018574,0.3154971158818865,0.2657182813858131,0.18979929842957685,0.1333020210119277,8.445992588733e-05,0.0001448142394101949,0.8,0.5,0.6,59,0.132283274127949,0.1169139129518628
10,28,0.1579635421741362,0.34828283014316436,0.3204871454836549,0.2987703373752992,0.11449428621621963,0.12786796953884574,0.00014842311102806,0.0002632911472937675,0.8,0.5,0.6,63,0.1413322420664513,0.1121313063566779
10,29,0.1549577034307871,0.34490739827379346,0.33038518189918115,0.3225204536184636,0.10851070626439215,0.1277045417048902,0.0001186435812499,0.00024440370106284615,0.8,0.5,0.6,70,0.1450417059681086,0.1119194568735384
10,30,0.1533890088129838,0.339434218334423,0.32402487441741923,0.33127625329278,0.11365579724071327,0.12754761459900418,0.00013493753804331,0.00028049288276372857,0.8,0.5,0.6,72,0.1460778161367098,0.1009335924608363
10,31,0.14292724665019416,0.3316683203828077,0.32355814873278477,0.34140119688952475,0.09300602571230085,0.11485543685225401,0.00013505171346326,0.0002498129337987026,0.8,0.5,0.6,77,0.1460318018800594,0.1011360651761581
10,32,0.1455142851515688,0.334721409259231,0.3333999018021693,0.41760637752376784,0.09745081944436032,0.11776520263898312,0.00044245792538169005,0.002350143122498546,0.8,0.5,0.6,88,0.216070581495004,0.0933498628846127
10,33,0.1417962215584283,0.32473956644469826,0.32872128857312066,0.43169354101898394,0.11391099277925555,0.11845731363475591,0.00031240895060119,0.0010536424401656774,0.8,0.5,0.6,91,0.1806860362860667,0.0897256890310519
10,34,0.1474945238904917,0.32979516250062635,0.34033931195358064,0.4656005506455058,0.10615582019499775,0.12817329762054303,7.933995488393e-05,0.00015181620340023094,0.8,0.5,0.6,98,0.1768285347335101,0.0750800014620939
10,35,0.1423659617802418,0.3204634601849815,0.32338538951873697,0.47271893073398386,0.09825112558055876,0.12189842673836343,0.00011738305024315001,0.00020789896749515187,0.8,0.5,0.6,103,0.1997664867299025,0.1011965175107136
10,36,0.14523926388404895,0.31979288039621523,0.3286484014407421,0.4863424976554784,0.12275289013847483,0.1284117382367739,0.00010209267638452,0.00020476298478455608,0.8,0.5,0.6,105,0.1688583747145915,0.1086425750293314
10,37,0.14395811626124144,0.3246356172073876,0.3482412710112245,0.5598506038062104,0.10253263190806913,0.12724074105998293,0.00028077316300341,0.00013421232038505863,0.8,0.5,0.6,118,0.1871393560270213,0.0910383418598838
10,38,0.13263516927704316,0.3055266647596552,0.3274540148609092,0.5403294799658407,0.11414928304103791,0.1161004123454902,0.00018760410064624,0.0001728129166218722,0.8,0.5,0.6,120,0.185560523557939,0.107643884638993
10,39,0.1325284694680767,0.30524596223784745,0.3271359761587991,0.5439470715508128,0.09396339950412709,0.11603134109090835,0.00019012299800504,0.00017232623786952065,0.8,0.5,0.6,121,0.1976309015343611,0.1075782621581359
10,40,0.1317023555852995,0.30531615786208893,0.33412074945189724,0.5582303185954144,0.1078284076772198,0.11602543813591527,0.00018918266848005,0.00017275446214103972,0.8,0.5,0.6,122,0.1858804643825931,0.0970618555427353
10,41,0.1292383311250893,0.3168699249131088,0.38227571972421354,0.6053325682999218,0.09367021033884329,0.11400184055340931,0.00013975917440259001,0.0010523052581127594,0.8,0.5,0.6,135,0.1545916809663017,0.0722255073320623
10,42,0.13396282575275137,0.3354225474856219,0.4306708191725493,0.7482589203814138,0.09715358411203344,0.12035014158974178,0.00012413911396431,0.0009562134667358066,0.8,0.5,0.6,158,0.1550532653876545,0.0719839977079555
10,43,0.13857252008538432,0.34337608647824325,0.4460568912387849,0.8143533974842763,0.10196126397367884,0.12637251011877132,0.00010980529072060999,0.0008364195191000769,0.8,0.5,0.6,169,0.1512753378524324,0.0785070948636204
10,44,0.1371598217215472,0.3267155726465259,0.3992607136374228,0.8205781215601623,0.10068428829403174,0.12521387274759047,7.879409581159e-05,0.0001675923406912528,0.8,0.5,0.6,174,0.1757404781732729,0.0876440604802486
10,45,0.13607902899097815,0.32025579902050555,0.3916635955321672,0.8377662058875576,0.11497001271133774,0.12576020929900766,8.77047126219e-05,0.0001560079272340887,0.8,0.5,0.6,176,0.1637838395842617,0.0917685342307568
10,46,0.13575587882953494,0.322170515762585,0.40078261308593255,0.8447931553439056,0.10469537624789282,0.1258702985783553,8.741957492731e-05,0.0001484044167347463,0.8,0.5,0.6,178,0.1764078230183434,0.087277843678082
11,0,0.9431655719008564,0.9811791130512624,0.9780742557914645,0.14412873979155125,0.0,0.0,0.0,0.0,0.8,0.5,0.6,1,0.9958437412147616,0.7596908700388042
11,1,0.8210950641209153,0.9738946315514337,0.959312772260021,0.19132804451327132,0.20576820474163662,0.0778194371698391,1.754155280119e-05,3.704153514882341e-05,0.8,0.5,0.6,3,0.8797031512390117,0.5489347684964168
11,2,0.5377771380173458,0.8327115791348886,0.7920359722885281,0.16682304324675631,0.7317044628022783,0.09874301094874366,0.0001672101760943,0.00033198242569122395,0.8,0.5,0.6,4,0.5425929145238167,0.2379840071894365
11,3,0.42701386442176703,0.7482796247714639,0.6936543436392352,0.14914902383017925,0.253797365786252,0.09911325034119436,6.488313843089e-05,0.00013598929226628972,0.8,0.5,0.6,6,0.3767756012491388,0.2043743240121191
11,4,0.4182259407011149,0.7447035679036949,0.6957337294333629,0.1608999915275716,0.10662672907137927,0.10405863585082846,7.279204363423001e-05,0.0001715088505838091,0.8,0.5,0.6,8,0.406346339658506,0.1799193159216527
11,5,0.35752341340563387,0.6844514633682189,0.6240891311298424,0.15273226025234427,0.234616769895441,0.11511721496083036,5.130402114793e-05,0.00012185273783872935,0.8,0.5,0.6,10,0.3427680507877554,0.2814135698350831
11,6,0.3571845788391521,0.6841047688651847,0.6237285362698748,0.1547189424754176,0.09227796838033385,0.11479020364198919,5.1044532194489996e-05,0.00012069737502708507,0.8,0.5,0.6,11,0.342545993365047,0.2796971810939332
11,7,0.35766271205170413,0.6882773694698943,0.6353864302850948,0.15910584914139655,0.0932953597657809,0.11558287575158313,5.2771939481239996e-05,0.00012540056000487167,0.8,0.5,0.6,12,0.3439396941549988,0.2890942927520772
11,8,0.35717035577576295,0.6877692462989972,0.6348508045478335,0.1610995915608743,0.09291465851356623,0.11515742717349513,5.24469227909e-05,0.0001240133984378641,0.8,0.5,0.6,13,0.3434039683236649,0.2856251842041635
11,9,0.33822198375525314,0.6667873406389687,0.6110207494840025,0.15653432728907843,0.124128708771289,0.11051491990377649,5.098903648135e-05,0.00011997707357874182,0.8,0.5,0.6,15,0.3034348567775006,0.3607842531259567
11,10,0.3256588652437095,0.6433628440412136,0.5684977820911239,0.16394695176488752,0.20304929830720467,0.12132467279274882,7.601782942774e-05,0.00013082558730182221,0.8,0.5,0.6,16,0.3191570145653268,0.245043581860864
11,11,0.3063745990811762,0.6173002159692088,0.5381244384431346,0.16145807950880753,0.20139733774291607,0.12142239002396768,7.042129760227e-05,0.00011829911492916646,0.8,0.5,0.6,17,0.2186612163202777,0.2571033197996452
11,12,0.3062991188395198,0.6208079624345364,0.5491242717935965,0.16340233554568864,0.0972191809024112,0.12132467279274882,7.601782942774e-05,0.00013082558730182221,0.8,0.5,0.6,18,0.3158029459065085,0.2634369179950678
11,13,0.3048443046412154,0.6141910114533065,0.5393645056452052,0.1780002631048724,0.1895349535982653,0.13679157944735573,0.00010079846748076999,0.0002110865478503828,0.8,0.5,0.6,19,0.2633679521791519,0.2530088779448985
11,14,0.29016813994956486,0.6014900404044963,0.5333445107190788,0.1699443805093993,0.11803784340115513,0.12268822793490633,4.885662484213e-05,0.00012514366669267373,0.8,0.5,0.6,20,0.2228606901080026,0.2992497412763654
11,15,0.2621994846766334,0.5680162274369148,0.4971375622696653,0.14327434080778362,0.14949438991054703,0.1015487137116559,5.724891829833e-05,0.0001275276570077873,0.8,0.5,0.6,21,0.2797145155989288,0.2048239309383894
11,16,0.2307904162872367,0.5085500283424149,0.42637321264056266,0.13833861309401127,0.3727474883925675,0.11283859453986086,5.09597559911e-05,0.00011345488155690353,0.8,0.5,0.6,22,0.1787001273984385,0.2042776786605868
11,17,0.1769745301547977,0.3738282162477511,0.2681107212427322,0.10911431767828214,0.39263572665846697,0.12282881447662354,3.754912394523e-05,9.715099169017273e-05,0.8,0.5,0.6,24,0.1066452260541806,0.0686126897735995
11,18,0.17697452998259014,0.3738282164296995,0.26811072142468056,0.11168446642206727,0.09834016210353387,0.12282881470351974,3.754912383092e-05,9.715099250453952e-05,0.8,0.5,0.6,25,0.1066452269163835,0.0686126896588503
11,19,0.14916655989985111,0.2888283943949673,0.18284477400950377,0.09863249034456928,0.22610830393209858,0.12318340700946175,4.233303440507e-05,0.00010766369966225355,0.8,0.5,0.6,28,0.0597317042846465,0.0449144317960728
11,20,0.13762469949663503,0.25938483495309833,0.14944389096761682,0.12474915540717406,0.10307141851059688,0.11638779161007554,3.829869668167e-05,7.966363295237534e-05,0.8,0.5,0.6,38,0.0910874296126485,0.1452104711258139
11,21,0.12480009137289262,0.22540729818918337,0.11763106221819833,0.11885871927137324,0.15481025426287884,0.1098109506044166,4.05484563481e-05,8.050604078881732e-05,0.8,0.5,0.6,40,0.0783690264910278,0.1239262451302779
11,22,0.13560548603594705,0.2704314864760143,0.23718746505146987,0.29632775382250326,0.09999059535662139,0.12432142376803985,4.940904642704e-05,9.872371511804331e-05,0.8,0.5,0.6,74,0.0662535098120972,0.2369629189302487
11,23,0.1336385964129951,0.26704866860788967,0.24023816234791542,0.31109762379250433,0.1057534489534443,0.12362896218610804,0.0001223232782367,5.826000921095559e-05,0.8,0.5,0.6,78,0.0726094738765619,0.1728826287426996
11,24,0.13362854035436492,0.2744028293286125,0.26260902561188915,0.3458466291419026,0.09905353787069576,0.12362880136136586,0.00013435980966144,5.824904569904978e-05,0.8,0.5,0.6,84,0.0725221059055348,0.1726202190273318
11,25,0.13278497880890167,0.2720890678793533,0.2599864014208535,0.36355724924070915,0.10050048656454874,0.12312432398958259,5.987052331335e-05,5.703604179737068e-05,0.8,0.5,0.6,88,0.0682088248116241,0.1890734778871662
11,26,0.13172631251461023,0.27795751684411313,0.2875171073905221,0.40158357766053115,0.10178650510590932,0.12320531271909724,9.031694182448e-05,5.005868081575403e-05,0.8,0.5,0.6,95,0.086123581192264,0.1912140433810935
11,27,0.1305827400115729,0.2691758389539482,0.2704018117293183,0.3770872344078104,0.11901601076462302,0.12203522523986352,0.00014422247355449,0.001390361897359483,0.8,0.5,0.6,96,0.0930460617965563,0.2447901682056822
11,28,0.12843863852797616,0.2608627787287173,0.2608082963604544,0.4102282069487008,0.10255700018316727,0.1217820656096001,9.342511146882e-05,0.0008515256372186093,0.8,0.5,0.6,103,0.1017221908311879,0.2123815457549598
11,29,0.1284300301468595,0.2645272431748618,0.27197932272666164,0.424592383435758,0.09808289928988913,0.12178058355477701,9.333939776485001e-05,0.0008553813425229951,0.8,0.5,0.6,105,0.1015307574071012,0.2124061912645205
11,30,0.12836021454487695,0.2638914465282541,0.2712264509804598,0.4474399776254654,0.09847650860795149,0.1218746365938942,9.369140285204e-05,0.0008529821011317669,0.8,0.5,0.6,112,0.1022805321632401,0.2119671007825933
11,31,0.12832134093983782,0.2637515770692778,0.27106568728551617,0.45859576270855645,0.09830638077513795,0.12184974027202658,0.00010222388701085,0.0008569847631211792,0.8,0.5,0.6,114,0.105974675394471,0.211136650762262
11,32,0.1280172654568517,0.26580792200003156,0.2803572790842358,0.4728965308416582,0.10157251205751036,0.12188699666211526,0.00010513333049098001,0.0008672427709039603,0.8,0.5,0.6,116,0.0973390920357151,0.2124355928997046
11,33,0.1279704452911022,0.26933142132905347,0.2913661448978138,0.4838534313888899,0.0984350254009341,0.12187635115830521,0.00010265666656390001,0.0008646096602612407,0.8,0.5,0.6,118,0.0957727972613609,0.2124361526539072
11,34,0.12781643233872364,0.2676249425686143,0.28933917402956205,0.5479685181909911,0.0991100290034546,0.12276391041301703,0.00011772682600811,6.245027466023111e-05,0.8,0.5,0.6,128,0.0810901514093484,0.1848479349326815
11,35,0.12757729574098756,0.2627131132539949,0.27671481826527167,0.4533848677684673,0.09929547710618315,0.12276391022051034,0.00011772660213915,6.245027457968265e-05,0.8,0.5,0.6,133,0.0792781598217767,0.1839488160513024
11,36,0.12740140955712123,0.2730836812408336,0.309507785959796,0.5934583867863479,0.09856054190773536,0.12268389097305116,0.00011724304161123,0.0001198015055923133,0.8,0.5,0.6,144,0.0986675648770482,0.1979217045096745
11,37,0.12603347148967167,0.266329505711427,0.30164725981950913,0.5992279883188298,0.12579999986684914,0.12257912894635602,0.00018225914886723,0.00012586557428540733,0.8,0.5,0.6,145,0.0849550492826218,0.1994659672645935
12,0,1.0,1.0,1.0,0.1493741180123649,0.0,0.0,0.0,0.0,0.8,0.5,0.6,1,0.7512946644302961,0.7553220928036443
12,1,0.8930305280031182,1.014486580394943,1.0034422402502372,0.2164524016463496,0.2195080159443468,0.10173503179213075,1.806659977274e-05,6.331996686319001e-05,0.8,0.5,0.6,3,0.6583691343030051,0.5493105570187297
12,2,0.5250720331095058,0.8241767284829271,0.7820204112731594,0.16476247541191125,0.8576160685009191,0.0989296526837541,0.00024396007576038,0.0007538400725093703,0.8,0.5,0.6,4,0.4351324408996769,0.2219932747795621
12,3,0.5114445822092778,0.8180981487010656,0.7819691058823995,0.1732782378206089,0.09753513023155923,0.09792488881983688,0.00024732532841681,0.0007991988707412831,0.8,0.5,0.6,6,0.4054355711092729,0.2075045795576326
12,4,0.4928200823117961,0.804752909505461,0.766317836374373,0.17489000618129993,0.09399249258503994,0.09906605939492218,0.00015886575914609002,0.00040699811251615416,0.8,0.5,0.6,10,0.4579854676228265,0.3271613490362172
12,5,0.46629547242331737,0.7843312306878015,0.7426463319113414,0.17094843111101773,0.1601039163220792,0.09817220507714536,0.00012921154138388,0.000419929728307022,0.8,0.5,0.6,11,0.4462635483970348,0.2444816863670439
12,6,0.46192377827585085,0.7845249936782172,0.7498244090076862,0.1747207368767318,0.09180783965697474,0.09771363077991754,0.00016183516966439,0.0004973249104130915,0.8,0.5,0.6,12,0.4157910848983403,0.2550448540566852
12,7,0.4478247041425487,0.7743203798091673,0.7367984091628916,0.177951072385728,0.1559887639712652,0.10615064778752742,0.0002153942607685,0.0007000183763359421,0.8,0.5,0.6,13,0.4907502385186657,0.2306813849752216
12,8,0.4208987272026673,0.7548620588407277,0.7208287230826445,0.1827343786185857,0.18734031461049888,0.10811951195943581,6.754201831362e-05,0.0002546629831755454,0.8,0.5,0.6,14,0.3689070865368058,0.1789270775921644
12,9,0.40406859510855264,0.7352345152143452,0.6921293340581914,0.1761985091012847,0.11914826440671274,0.09999518936064676,8.777329784896e-05,0.000277044154925406,0.8,0.5,0.6,15,0.4043217742670946,0.2076430978415647
12,10,0.39339319186297483,0.7328546447536115,0.702238378802488,0.18164381282464856,0.14930700987261433,0.10698148028143967,8.739171369693001e-05,0.000286734990962806,0.8,0.5,0.6,16,0.2949558016230076,0.1477052151721901
12,11,0.3638023092433348,0.6954954432205219,0.6449779646132298,0.1756652923708958,0.20722658514109016,0.1065495125690022,6.651900820875e-05,0.00020970216751182682,0.8,0.5,0.6,17,0.360246794359317,0.1887613947309254
12,12,0.3519052728428556,0.6864697043163507,0.6415146261527445,0.17572851764035868,0.13332250731856007,0.10537392052272336,8.335568532837e-05,0.0002564013529771583,0.8,0.5,0.6,18,0.335854593767126,0.1761346907399466
12,13,0.34365117439509446,0.6770651709721793,0.6302694700064843,0.17541314511446188,0.1322519694794901,0.10759780388009324,6.699890547431999e-05,0.00022623378320251944,0.8,0.5,0.6,19,0.3196132276713641,0.1393117229789903
12,14,0.3371300051746535,0.67332558933843,0.6328334952066124,0.17931619236978055,0.11643428473146007,0.10736058010095907,0.00010575817205425999,0.00032527991477904124,0.8,0.5,0.6,20,0.332865652811826,0.1650454972101571
12,15,0.3254878878098123,0.6592242522435514,0.6161491086083599,0.17930757895854024,0.15225647282613858,0.10934672809874753,8.725095062215999e-05,0.0002866366682716767,0.8,0.5,0.6,21,0.3113311568564901,0.1209628221022485
12,16,0.32548242052909737,0.658887577657792,0.6155070857258435,0.17859304773727838,0.09683989561689561,0.11117039433941511,0.00010718555021531,0.0003624394428652272,0.8,0.5,0.6,22,0.3267222590901561,0.1174720526986504
12,17,0.3230768026050454,0.6596235751199142,0.6232486493574159,0.1851577150732644,0.10204241913105108,0.11132051550376393,0.00010307861932673,0.00034842531962364073,0.8,0.5,0.6,23,0.3190070317813796,0.1177087368126831
12,18,0.2881523380797563,0.6175876545712993,0.581310504077784,0.1886992928178873,0.18124647313451298,0.11047249265749116,6.846890636799e-05,0.00019271285783546566,0.8,0.5,0.6,25,0.3087995637917051,0.1826658619809499
12,19,0.2638474031016074,0.5834316280191366,0.5479358961887193,0.18027088655713233,0.1756468711743709,0.11406729373165513,0.00010083182011908,0.0002833792204835038,0.8,0.5,0.6,27,0.3073450291478672,0.188208412950187
12,20,0.2609332255790594,0.578556528234664,0.5422030305053291,0.18512551188838633,0.11324737760693697,0.11446786692597405,9.898632559576e-05,0.000292051784599774,0.8,0.5,0.6,28,0.3086148657445076,0.1866979398273872
12,21,0.24870951592553694,0.5614247973281173,0.5230132638073919,0.17997951942218401,0.1128677501623001,0.10873073056611182,7.362429597538e-05,0.00020168930013017892,0.8,0.5,0.6,30,0.2590867508798142,0.1420870740962342
12,22,0.24412825203284655,0.5523104735706476,0.5120603065372589,0.19801567522885688,0.1357608463039655,0.11123066006367384,8.100355393905e-05,0.00024725987788641753,0.8,0.5,0.6,31,0.2792737076275083,0.1418677795306246
12,23,0.23289807947345925,0.5358921114577475,0.49985906818678577,0.17917444706786143,0.1708757901023518,0.11103555103375166,9.430014677310001e-05,0.0002599911298399204,0.8,0.5,0.6,32,0.2570088592744207,0.1649734109191475
12,24,0.22981327980577726,0.5248815971666215,0.4798388576425739,0.18950561644368658,0.12817585861151873,0.11322811560315,9.882231352555e-05,0.00027360768770230367,0.8,0.5,0.6,33,0.2551735828007686,0.1502027733127967
12,25,0.20387688648434563,0.4808417382383656,0.44254442827854745,0.17939764223994947,0.29735586977146616,0.11174423823456166,7.391467367221e-05,0.0001894801806291724,0.8,0.5,0.6,34,0.1919478394676736,0.2072757688012559
12,26,0.2008416296125511,0.47763729648848813,0.4385963791053508,0.2089709281175564,0.10418067183263985,0.11340553658684224,6.14109249885e-05,0.00015679638514025734,0.8,0.5,0.6,37,0.1754860760438103,0.1380220502053862
12,27,0.1752648801132201,0.40948401038513665,0.35928664826939755,0.18946807456858733,0.21874244490397463,0.11274380526736835,6.327672309509e-05,0.00016114016444298393,0.8,0.5,0.6,39,0.1570995760492455,0.1307490414908342
12,28,0.17372487131396477,0.4134547182230077,0.37779017590939656,0.21695902112282425,0.09297990460047474,0.11219718911400303,6.292469639731e-05,0.00014957409073395583,0.8,0.5,0.6,43,0.1509605100491795,0.1373159197967143
12,29,0.17290559809066217,0.4174514380526333,0.3961433826585963,0.2313755123074585,0.09893640392266478,0.11299429739050211,6.940839072923e-05,0.00016512496001921197,0.8,0.5,0.6,45,0.1583532299262022,0.14037243175958
12,30,0.1698901170099882,0.40533096876069674,0.375131413848075,0.22481862456055754,0.10194345976006458,0.11267700847971096,7.113934480975999e-05,0.0004835177651117596,0.8,0.5,0.6,48,0.1547152472253501,0.0786783176018343
12,31,0.16783382329964877,0.40656113422491796,0.3903468420727229,0.250705817544763,0.11669944504652924,0.11308903510502243,7.969906295746e-05,0.0001502359039713309,0.8,0.5,0.6,49,0.1558663702830812,0.1290515208496982
12,32,0.16719070071668232,0.40465799198177477,0.388127841682751,0.25666982175707637,0.09850979964734202,0.11309526624259046,7.94713155875e-05,0.0001612967769450253,0.8,0.5,0.6,50,0.15575059010558,0.1292285589676645
12,33,0.16397125094208573,0.40396936188067584,0.39465681704819017,0.2724343189571736,0.08951419596785011,0.10948958808051137,0.00015169913086536999,0.0005747385442500824,0.8,0.5,0.6,55,0.158695145357032,0.0957638621227739
12,34,0.1643004160309037,0.4053746019101035,0.40291570133452853,0.28606302736370265,0.09810176171567508,0.11189884396828938,0.00014864345174542,0.00019766862745281675,0.8,0.5,0.6,57,0.168932344283453,0.1043519245345086
12,35,0.15933155982424818,0.3960681667483267,0.39253272124818583,0.2684326430654982,0.11413797285681297,0.10847706206063369,7.815286326092e-05,0.0001844861903699581,0.8,0.5,0.6,58,0.1324936598187687,0.0884292743784396
12,36,0.15927187348985136,0.38159175583440674,0.38121137260015603,0.2920346036741224,0.11684145422919766,0.11877196935458052,7.823308053879e-05,0.00018748511398405165,0.8,0.5,0.6,63,0.1351832913698981,0.0839912659884418
12,37,0.1462949355486537,0.34987975417674166,0.35180088130372983,0.2910624080381043,0.12393045443515188,0.11391847465463491,8.566352054487e-05,0.00027998238513045207,0.8,0.5,0.6,67,0.119026456025937,0.0873991367915582
12,38,0.1457720590249432,0.35084640145050106,0.35977652560587003,0.30828633429372515,0.09798336109918371,0.11431652382046631,8.610675981770999e-05,0.0002811723134908714,0.8,0.5,0.6,69,0.1172733969836773,0.0880100054720884
12,39,0.1453787322976599,0.34948921161422275,0.3582005626779315,0.3220931749434083,0.09300145967268354,0.11427051952373118,9.867241679015001e-05,0.00028020115626798347,0.8,0.5,0.6,73,0.1197105349052262,0.0878945057662139
12,40,0.14380807314227423,0.3445688440997262,0.3525223750786761,0.3311429907015913,0.11026105683486563,0.11386346473122284,9.501515716067e-05,0.0002814128673342516,0.8,0.5,0.6,74,0.1166847135960115,0.0838818612393419
12,41,0.14513858835929005,0.3451028320949189,0.3528768846788166,0.37152931053977445,0.09517074726226768,0.11587526202241867,0.00014227671513622,0.00026314760355452865,0.8,0.5,0.6,76,0.1248477768086716,0.078170152988271
12,42,0.14266154781166637,0.3445457397710681,0.3661136492068016,0.37130654110823724,0.10015696379333225,0.11520196160627322,0.00013906692222019,0.0003420724654410766,0.8,0.5,0.6,80,0.133376537666824,0.0749628727649092
12,43,0.1435048485292324,0.3452660722302835,0.36680616526912835,0.40164267896390105,0.09350419660957625,0.11635689445127081,0.00013615252275881,0.0002861376980440042,0.8,0.5,0.6,84,0.1190496279341908,0.0722983520149246
12,44,0.14236203832061042,0.3462661628109835,0.3749708403020847,0.41806402547641197,0.09710111728092016,0.11559440076806322,0.00014660120874089,0.0003102905428196969,0.8,0.5,0.6,86,0.1243581570978914,0.0739112313283626
12,45,0.14188095472250853,0.3517557385626707,0.395165857111146,0.4356060070324738,0.09438119175849449,0.11560549822471611,0.00015146515431791,0.0003379453756649536,0.8,0.5,0.6,91,0.1252354350284704,0.0744367661374599
12,46,0.14226755267376556,0.34788815303545384,0.3836618843263384,0.4328371314278747,0.09647657719600417,0.11636100357068055,0.00014520302684224,0.00030710280900234413,0.8,0.5,0.6,92,0.1237202257555603,0.0651112238524789
12,47,0.13872282889853477,0.34560728435593807,0.3883534791283044,0.540190278163544,0.09158006797254523,0.1129989633424413,0.00012132711273157,0.00029855772062603613,0.8,0.5,0.6,111,0.1234274372316184,0.1091480058697928
12,48,0.13717905731739435,0.3553474990679869,0.42736427137053656,0.6524124643672996,0.0911113901456409,0.11262467793767206,0.00012067102610297,0.00024371286970252063,0.8,0.5,0.6,129,0.1235799376230357,0.1079385762903437
12,49,0.13764332368591714,0.35642086032502635,0.42857201868195705,0.671844525695924,0.09132459725936096,0.11290139048445322,0.00012986540929769,0.0002983324085094065,0.8,0.5,0.6,132,0.1221093481129198,0.1085033986559751
12,50,0.13681273661133656,0.35536831617598147,0.42747048813257277,0.7069966173392631,0.09032668995415144,0.11182554942968946,0.00015995104313951,0.00044835719627133597,0.8,0.5,0.6,134,0.117806628625604,0.12182558971935
13,0,0.961468528721043,0.9873567764253498,0.9852710988692541,0.14585045254344722,0.0,0.0,0.0,0.0,0.8,0.5,0.6,1,0.912646890956233,0.7540259584169704
13,1,0.8259329144324493,0.9816003559462851,0.9666746846089177,0.2005363958360993,0.23259664166267008,0.09004237758893824,1.97544396476e-05,5.428560060799351e-05,0.8,0.5,0.6,3,0.9161840178664364,0.5545500628955955
13,2,0.5107217325090945,0.8140356930211552,0.7702411044177009,0.16178578588228468,0.8013254691745655,0.09881665141559753,0.00021637076483267,0.0005770098744776621,0.8,0.5,0.6,4,0.496561582205981,0.2210816952255037
13,3,0.4866532143421813,0.8001718969926422,0.7609655128745371,0.1688083615651136,0.116253100461364,0.09900000527180362,0.00023550207390759002,0.0005887669221891901,0.8,0.5,0.6,6,0.5048276352728016,0.2189805459095669
13,4,0.3934303980465278,0.7214624489149658,0.6694317745846267,0.15224067623481427,0.23902261130365005,0.09824790378703421,6.178012975165e-05,0.00011655612218252244,0.8,0.5,0.6,8,0.3973564992033767,0.163423484337697
13,5,0.3772579742404219,0.7094462774923703,0.6613687757870954,0.1581289024454559,0.12908004921456048,0.1055068918803349,9.561158255188e-05,0.00017626867001195484,0.8,0.5,0.6,10,0.4018649240403027,0.1509388857762413
13,6,0.3506547945656045,0.6784658234645045,0.6199578858689377,0.15506084745004145,0.08711783650475206,0.09360082243519596,7.135719016945e-05,8.278625850477506e-05,0.8,0.5,0.6,16,0.4125208461336996,0.1947975780779539
13,7,0.3468963417389689,0.6884121849092188,0.6576710119856516,0.16562087399455633,0.14124201471456355,0.10456947428975387,0.00016842883057206,0.00035898760726272563,0.8,0.5,0.6,17,0.3812287300010869,0.2397333524739484
13,8,0.3469704255533003,0.6847264342811307,0.6463902217511887,0.15798919157820324,0.08648885899055882,0.10524111412107617,0.00015819086948520001,0.000328398743564368,0.8,0.5,0.6,18,0.3854210955928105,0.2102517443694867
13,9,0.3035565420092154,0.6298824760557018,0.5762235391522474,0.164297170362333,0.2759070378861715,0.10066661911737011,6.389633470274e-05,0.00017102975870662826,0.8,0.5,0.6,19,0.357282306127047,0.1152610923779503
13,10,0.29051851216861974,0.6130031281791298,0.5566995940933009,0.15557353602847124,0.11287274517068742,0.09961086413873599,6.541144687189e-05,0.00016361264085903017,0.8,0.5,0.6,21,0.3221661189364623,0.1337300594585775
13,11,0.2735932111713191,0.5866666765117293,0.519486965660228,0.15029908185387014,0.16162441502177158,0.0967864010525719,8.31076949503e-05,0.00016904902256635105,0.8,0.5,0.6,22,0.2792104831981996,0.1612484182442855
13,12,0.25210207192612005,0.5512814147941343,0.4774044463415574,0.14684965003241005,0.2502383874870497,0.10336493429791721,7.576926078296e-05,9.066416134925771e-05,0.8,0.5,0.6,23,0.3338141651894968,0.1289666941780299
13,13,0.25095770666644124,0.5529531491439597,0.48620562611717916,0.15579557060606686,0.09270395890558093,0.10372830533961783,7.395896589002001e-05,9.796627060371635e-05,0.8,0.5,0.6,24,0.271032790639198,0.1722444011799476
13,14,0.23242385606485186,0.5241703394761513,0.45939580658999074,0.1550685255593282,0.22272963441367669,0.10506410704382978,9.626119577764e-05,0.00012658257629828397,0.8,0.5,0.6,25,0.2687920508355637,0.1711134797567578
13,15,0.2104981219037548,0.4892566498131623,0.42611531166355976,0.1479279277643101,0.13067975217018857,0.10134943088800685,8.739957206437999e-05,0.00013007930283368387,0.8,0.5,0.6,28,0.2089757280196575,0.124038680146881
13,16,0.21463945104257334,0.4869230533768836,0.41541763045380714,0.16212472487213875,0.09766793941717644,0.10952038807887109,8.733035663103e-05,0.00011506936127399904,0.8,0.5,0.6,30,0.2534796324244995,0.1791609361143963
13,17,0.19809863491994623,0.47021380069228486,0.41766725123253656,0.16462438037313923,0.12680293011184984,0.1018687740201874,8.216953201234e-05,0.00013065675025394162,0.8,0.5,0.6,32,0.1943418490145696,0.1196475456335997
13,18,0.19773041455615414,0.4571059119739797,0.3879461822202075,0.1535378195202708,0.1244774335020017,0.10681639191155463,5.8216052527189995e-05,8.379983148325162e-05,0.8,0.5,0.6,33,0.1988080810337778,0.1355346494345332
13,19,0.19313671814061975,0.46278281778397873,0.4159125769080873,0.1645392745269122,0.08785556982873592,0.1018687740201874,8.216953201234e-05,0.00013065675025394162,0.8,0.5,0.6,34,0.1889170133464982,0.1241343614470926
13,20,0.16493576900001086,0.3747822878128557,0.29864121320155906,0.14481457495026748,0.4441551173060637,0.10904232294076978,9.936090039625999e-05,0.0001400890855149279,0.8,0.5,0.6,35,0.1784539783213166,0.1215238673669165
13,21,0.16212952809296133,0.36652333745275933,0.2890123173947554,0.14255134258809124,0.12204647867180324,0.10909868794473279,9.897964635809e-05,0.00014078925212793148,0.8,0.5,0.6,36,0.1696509756154677,0.1148845394904232
13,22,0.1527618782528683,0.34312072680058464,0.275451788362505,0.15642364853699198,0.1308999364171892,0.10989000230844367,8.44276676594e-05,0.0001244124263265245,0.8,0.5,0.6,39,0.159597104826763,0.0960182631401663
13,23,0.14410758941418186,0.3130755346597305,0.2404219610843355,0.15746770499675253,0.1297429367386099,0.11008334699880057,9.22184803668e-05,0.0001442419245526291,0.8,0.5,0.6,42,0.140080205889036,0.0816125760786235
13,24,0.14286424183170748,0.31147887273167885,0.24541268745977818,0.16488312491172802,0.1001007898797599,0.11047400954132124,9.164280027581999e-05,0.00014327109228119738,0.8,0.5,0.6,44,0.1412581925580102,0.0783352179622484
13,25,0.14232642922738106,0.31349148717027037,0.2546761303460731,0.17308889708168143,0.09170667206854982,0.11034837625311884,9.174677298604e-05,0.0001434746409550767,0.8,0.5,0.6,46,0.139626745619967,0.0782213498066953
13,26,0.13953384447732728,0.30652813269670537,0.25344530455912284,0.18795874870010026,0.09974269623843145,0.11047768941112251,0.00015911119612856,0.00012662855038320062,0.8,0.5,0.6,50,0.1698453475947065,0.1022919482782237
13,27,0.13112654857721004,0.2720662176472527,0.20653288701040312,0.18610304690703414,0.21132983165574606,0.10950227278696234,7.662511318816e-05,0.00011296799967875933,0.8,0.5,0.6,51,0.1857848846405123,0.134158436452503
13,28,0.12288542184665642,0.24743168941794672,0.17837294390000474,0.19518381202428528,0.1019794102022551,0.10539769790800013,7.364542973285e-05,0.00014766256935292267,0.8,0.5,0.6,56,0.1163393961011166,0.0895672969665582
13,29,0.12326604750609986,0.24820067379399532,0.19267537556275552,0.19758956224510035,0.12430481438054587,0.10837815250645248,0.00013584502537988,0.00014121210333031304,0.8,0.5,0.6,57,0.1371835803181973,0.0729293336705381
13,30,0.11744094038462406,0.22423342652630499,0.15815956298041517,0.19734826699289335,0.16109326167874408,0.10609795828654806,7.136591813603999e-05,0.00012862737952022167,0.8,0.5,0.6,58,0.1122142306989042,0.0818884138821343
13,31,0.11947689758905011,0.226995227251732,0.18130858342644668,0.23776126390761923,0.09564683988078422,0.11192250688071846,0.00013319833411767,0.00014131452787803582,0.8,0.5,0.6,67,0.14063044342247,0.0865281818767973
13,32,0.11747401598847422,0.22043100356972362,0.18055761529806041,0.23761022356989817,0.1322633918155356,0.11196531552745219,0.00013494312362534,0.00014400584361034258,0.8,0.5,0.6,68,0.1397335112543196,0.0850430831014504
13,33,0.11643252984402487,0.22298772209316256,0.19736121035134288,0.2675075715876789,0.09285829288183185,0.11181237824224408,0.00013290466598178,0.0001408389513256897,0.8,0.5,0.6,74,0.1388355279689261,0.084504136283546
13,34,0.11346802214642945,0.21779506978988233,0.19171406178954556,0.27126800144325663,0.09852830149024744,0.10877013914337595,0.00012992333995357,0.00013685706050721571,0.8,0.5,0.6,75,0.1660677280488953,0.1146205372694374
13,35,0.11403244683645858,0.2209669309963776,0.20217537524528306,0.3126313305451511,0.08845830978676483,0.10980491136556901,0.00014558874752502,0.00011844240008598272,0.8,0.5,0.6,87,0.1643246816972216,0.1032255773633798
13,36,0.11342032368953331,0.22220464595329165,0.21054899916528233,0.3153968199155827,0.09253762665982614,0.10957860061943359,0.00015388454323915,0.00011521884928743283,0.8,0.5,0.6,89,0.1548645088284152,0.0981646990701444
13,37,0.11267577812211226,0.23074221537611814,0.24125389291838345,0.3600238135121285,0.08905990912833761,0.10919565720274373,0.00013766248588509,0.00011186929665445185,0.8,0.5,0.6,95,0.1601111945721206,0.102521804026381
13,38,0.10865796164591174,0.21133741273196285,0.20520947911772966,0.3971458440939367,0.09030933100950522,0.10633396813289653,0.00012288448305433,0.00024168402488316054,0.8,0.5,0.6,103,0.1385924836510247,0.1142266269195665
13,39,0.10797508760883277,0.20244265734746056,0.1946646713142638,0.41283430436038676,0.12763966919488637,0.10773393286660612,0.00011791055812497,0.00022481915225556898,0.8,0.5,0.6,104,0.1431670223825401,0.121923707571372
13,40,0.10948823463328344,0.19944763431618284,0.19754312642425512,0.4148803031634297,0.09988028475418255,0.11173139200149895,0.00014567295332913998,0.00027353906627406376,0.8,0.5,0.6,108,0.13140216194048,0.1164411987285104
13,41,0.10666510264345362,0.18127701373964655,0.17633484648962838,0.42071211237652767,0.12784128626856064,0.11206057572560123,0.0001285727432197,0.0002536850005896958,0.8,0.5,0.6,110,0.1335990459406973,0.1208414235200011
13,42,0.10715654376697109,0.17990796828374525,0.17459979221055585,0.44632868792508607,0.09376523060352153,0.11314087911514112,0.00012094193183960001,0.00023561204073893667,0.8,0.5,0.6,113,0.141836712266746,0.1257975509336139
13,43,0.10877364669160958,0.21643903990801977,0.2858424824299624,0.4998810746256855,0.09319396668070291,0.11576057672528912,0.00015610323194958,0.00011856424487113013,0.8,0.5,0.6,138,0.1225642053145807,0.1334570201107688
13,44,0.10518662739957299,0.2070389989319705,0.2820942514965361,0.5375944473746956,0.11416085794074236,0.11353621598574054,0.0001263742827816,7.532556647541612e-05,0.8,0.5,0.6,140,0.1188212263291639,0.1503671894392157
13,45,0.10333327106713558,0.20681120897855093,0.2957659920839185,0.5269710958180904,0.10429403222764527,0.11246831566183595,0.00015672854673601,0.00013345887414243008,0.8,0.5,0.6,142,0.1211236932147107,0.1186853505791436
13,46,0.10331656469938041,0.20672835465558917,0.2956702417977701,0.526944744395737,0.09029198544354175,0.1124626607048497,0.00015653248855676001,0.00013322171400545032,0.8,0.5,0.6,144,0.1211263805648014,0.1189363258760552
13,47,0.10339565526454272,0.2105001282864245,0.3069531552745614,0.5573803252559651,0.09021909455747275,0.1125774503504806,0.00014928661288221998,0.00012052333617698845,0.8,0.5,0.6,147,0.119354576729166,0.1159741096846768
13,48,0.10220337183235098,0.2089936967049024,0.30538602874854465,0.5528678806211296,0.09053766240987965,0.11115536322434265,0.00014770335684787,0.00012037941046459933,0.8,0.5,0.6,148,0.1167575784626806,0.1209520221967053
13,49,0.10136090776308697,0.20069522150529784,0.2888463494019685,0.5315470092485537,0.10707145698554275,0.1109285837724507,0.00014180206341349002,0.0001248385576960611,0.8,0.5,0.6,149,0.1166995129512117,0.1241628516452504
13,50,0.10049223094353207,0.1944767830410762,0.28159209270034524,0.5226779724485813,0.09760229066041808,0.11101408037558907,0.00013629087994295998,0.00011599278977291595,0.8,0.5,0.6,152,0.1182362491841926,0.1201149182014951
14,0,0.9520472345350648,0.9841910438944128,0.981583020781091,0.1449681649485544,0.0,0.0,0.0,0.0,0.8,0.5,0.6,1,0.9564134076359152,0.7583122930723579
14,1,0.8510281763841091,0.9968371760590454,0.9830782177114697,0.21067194788877755,0.21964642363854153,0.10024168350686971,1.786361783328e-05,6.427128693405328e-05,0.8,0.5,0.6,3,0.8297803503327316,0.5491667238064087
14,2,0.5220688528039474,0.821943862339719,0.7794995833211393,0.16378861644406917,0.796455859015022,0.09831076174234149,0.00024140806465527002,0.0007690697309162857,0.8,0.5,0.6,4,0.4485780258191583,0.220753951669908
14,3,0.3957847025210638,0.7199677501774363,0.6608165770527374,0.1395100845222358,0.28739029623689705,0.09798320172561537,5.302514353757e-05,0.00019090711385060395,0.8,0.5,0.6,6,0.5010562820345462,0.1393857546553547
14,4,0.37588891554559545,0.7043901262930834,0.6495235775580763,0.14072741528327437,0.11919503371506472,0.09830196839201556,6.628855301409e-05,0.000237408417909036,0.8,0.5,0.6,8,0.4780409185033034,0.1441981682928446
14,5,0.33076205637410777,0.6574350218740134,0.5966407556119818,0.1253323764146401,0.141900140197851,0.08461016591319706,3.59648010167e-05,0.00014686437658542194,0.8,0.5,0.6,10,0.4852700904015301,0.1741022640565198
14,6,0.3117671064912825,0.6396613718931656,0.5831448841560721,0.12396148802074164,0.10639268315412925,0.08228985229594882,3.725819367843e-05,0.0001309683298523279,0.8,0.5,0.6,12,0.4297433750244227,0.1866192312500118
14,7,0.31323388061267693,0.6349161414111054,0.5684644996464433,0.13891592630308033,0.14011336491955464,0.09933734324972555,7.559768711842e-05,0.0001023927302541859,0.8,0.5,0.6,13,0.3461508859698599,0.1421750952546555
14,8,0.2784849120346821,0.5894802421070944,0.5211598358585555,0.13660929067052366,0.204764655623994,0.10889741253203065,0.00013907443796207,0.00018836834768764857,0.8,0.5,0.6,15,0.3402814009326758,0.0901651900687431
14,9,0.22494933240683332,0.5147924150017715,0.4370859541227619,0.10790945126380184,0.18669890601439385,0.08679674475882217,5.289465294879e-05,7.466071445015489e-05,0.8,0.5,0.6,17,0.2880988966970536,0.1661222701568711
14,10,0.17976097532950847,0.4203035782707896,0.33272498133108835,0.09518734240680839,0.2951663944269886,0.0957203589992347,9.398779308961e-05,0.00013034924853371445,0.8,0.5,0.6,19,0.2297952501962922,0.1721356791301301
14,11,0.17285449555624266,0.40227757069537906,0.31165509008980946,0.09225545215629107,0.1510435195446043,0.09624823475611236,9.614545365905e-05,0.00013392210185398146,0.8,0.5,0.6,20,0.2358655693789173,0.169568832181991
14,12,0.17166249573754028,0.40296874392817733,0.31936246209443897,0.0985522891046358,0.08332738843984151,0.09624823475611236,9.614545365905e-05,0.00013392210185398146,0.8,0.5,0.6,22,0.2297823993719639,0.1723046580635015
14,13,0.17202000863672912,0.40506302032772823,0.32843481032009164,0.12553700802242615,0.083232216181348,0.09829279862017959,9.569944199806e-05,0.00013258663389034033,0.8,0.5,0.6,25,0.2231352792892048,0.1554090148465172
14,14,0.17230412563910597,0.4059004637151335,0.335935657857838,0.1225307829211049,0.08636667117808716,0.10117152428542431,9.360774992048999e-05,0.00010459312680648742,0.8,0.5,0.6,29,0.200194890942201,0.1119519648494738
14,15,0.16068666141698038,0.3853606708172827,0.319583690574037,0.12954535207982512,0.08884290324463637,0.0960349009110569,0.00011421517849241,0.00012632316641813683,0.8,0.5,0.6,36,0.2320912314575366,0.1272927877965017
14,16,0.1579640301919537,0.37333719625896894,0.30518136072191565,0.1249410599088297,0.09920600043777761,0.09903682507131961,0.00010579432898346,0.00012509923730056726,0.8,0.5,0.6,39,0.2108811998528207,0.1046824170706358
14,17,0.13589231220756232,0.3146403787739007,0.25089139345459566,0.12329145854130594,0.16624689142828145,0.09690820000709056,8.189835025714e-05,9.822220906420705e-05,0.8,0.5,0.6,42,0.1926158318209434,0.0818238579366565
14,18,0.13989197564581848,0.31694920379351743,0.2528150715781122,0.15147955903626337,0.08382174407895941,0.1027423294736053,6.25851408038e-05,7.440625247601001e-05,0.8,0.5,0.6,48,0.1900301977676767,0.0592880049928655
14,19,0.13880658407458651,0.3142802023685225,0.24978155664551402,0.1504045425710313,0.08636839260843415,0.102171546037285,6.0269948044189995e-05,7.170581587158404e-05,0.8,0.5,0.6,50,0.186918109813933,0.0574470114547497
14,20,0.12455218099239371,0.29031579266416685,0.22360284579365491,0.12972454035706693,0.12661031723937397,0.08895801241211429,8.959317469832e-05,9.574132876550907e-05,0.8,0.5,0.6,51,0.1636635997841843,0.1141236345497731
14,21,0.11223183404116936,0.2488560242572054,0.1756823218499255,0.12930578104666496,0.23054701271307113,0.08608985040622893,8.753483790712e-05,9.412733577057752e-05,0.8,0.5,0.6,52,0.1541675378870065,0.0983005312850155
14,22,0.1080870743859041,0.23420588888839813,0.16547858619181768,0.1265320522434915,0.09489006915422839,0.0863872662728277,8.650146860516e-05,9.265802004981618e-05,0.8,0.5,0.6,55,0.132929095688047,0.0844688656132282
14,23,0.10578247497277228,0.22487071498025207,0.15465040755038842,0.14879275561475813,0.07509376664487834,0.08607045497758598,5.859095276323e-05,6.340619030185162e-05,0.8,0.5,0.6,61,0.1307908178154051,0.0945816629331246
14,24,0.10556187648332717,0.22760534788565012,0.1647392794007859,0.15509074198063616,0.07092066372888749,0.08604719339972508,7.020616873072e-05,7.574473845142871e-05,0.8,0.5,0.6,63,0.1313953959295082,0.094367655892069
14,25,0.10452559727276256,0.22611147136780427,0.1698783168878177,0.1827400953458442,0.0764116378284869,0.08622003219649894,7.024711147844e-05,7.606327783957762e-05,0.8,0.5,0.6,66,0.1295452641906928,0.0934674044675381
14,26,0.11048167785756796,0.22822310295257417,0.17117667785632695,0.16599417351327575,0.08300026367703321,0.09502352762158542,7.355524215224e-05,7.118755228638186e-05,0.8,0.5,0.6,69,0.1407285520683352,0.0903245325053108
14,27,0.11079892327817782,0.22722126922483638,0.16989305423742532,0.1937515294282284,0.07805418001137819,0.09592283709785085,6.134099069408e-05,5.939578035920659e-05,0.8,0.5,0.6,75,0.1442288695164718,0.091202463762654
14,28,0.6020799478569318,0.7148704460909016,0.6567910756806812,0.7416362931563428,0.5708996981560764,0.08621732088430731,1.0,5.540533726400746e-05,0.8,0.5,0.6,83,0.1291400334523344,0.0930152631697359
14,29,0.10179589605073565,0.22539218322786303,0.18978711449019234,0.25465283610879,0.07337824073557044,0.08593898527287984,6.800935426192e-05,4.767412579786449e-05,0.8,0.5,0.6,84,0.1299654602366262,0.0935234667560276
14,30,0.6018528898419505,0.7174979720903505,0.66675330797478,0.7405946395478786,0.569942229305368,0.0862232311932936,1.0,5.750607409663554e-05,0.8,0.5,0.6,87,0.1297421690450852,0.0936849383569816
14,31,0.1019789076430708,0.23064537344256936,0.2298128694357448,0.340214405169095,0.07489239470885034,0.09037987430208916,9.680472567272e-05,0.0002162543218483701,0.8,0.5,0.6,115,0.1439418536384765,0.1084465036167064
14,32,0.10195263604189976,0.23429643769815683,0.24097140802595224,0.38570438960102416,0.07249352613384175,0.09037860508573799,8.736573215958001e-05,0.00019617931908005607,0.8,0.5,0.6,121,0.1439254937570721,0.1084485317953879
14,33,0.10196154519828897,0.23015369201636876,0.22922179237441911,0.34883799209046723,0.07377052048707217,0.0905302588839766,9.171218055669e-05,0.00020462536967838588,0.8,0.5,0.6,123,0.144235357731915,0.1123649920629267
14,34,0.6016248176703876,0.7403034637626259,0.761783531630391,1.0269780445920513,0.5725651331979481,0.09037719402438482,1.0,0.00017287054320640498,0.8,0.5,0.6,143,0.1433391366911529,0.1090768616248701
14,35,0.6016248176725385,0.7403034637629657,0.7617835316307309,1.0348980018157716,0.5724057729019364,0.09037719402479315,1.0,0.00017287054322829453,0.8,0.5,0.6,145,0.1433391366974798,0.1090768616249911
14,36,0.6016066439211891,0.740249145275055,0.7617217731020035,1.0500260291494492,0.5725811182199472,0.09037513703043656,1.0,0.00016030326864467385,0.8,0.5,0.6,146,0.1433072392208655,0.1090761305636503
14,37,0.6014813698394067,0.7360238084652648,0.7499019436427503,1.03704675079538,0.5725881958908635,0.09034050676000223,1.0,0.0001582806555120746,0.8,0.5,0.6,155,0.1430881816561199,0.1090552668523355
14,38,0.6007625429530437,0.7396887249383047,0.7679722990176233,1.082505712335388,0.5762552561414928,0.09037165485660444,1.0,0.00015314668107465989,0.8,0.5,0.6,159,0.146799215725758,0.1074745052699407
15,0,0.9654103614824487,0.9886723584616751,0.9868036367982167,0.14478325528611882,0.0,0.0,0.0,0.0,0.8,0.5,0.6,1,0.904028468796332,0.7482801043275974
15,1,0.6827389922354908,0.9185676268784135,0.8849184302721744,0.188000123503462,0.39070316636118296,0.09903428933413135,0.0003980143841637,0.0021248259484519085,0.8,0.5,0.6,3,0.5838052142882767,0.4675689842327974
15,2,0.6555892869688198,0.9004208686527455,0.8646004096921421,0.18164947553395044,0.12432542044618258,0.09318660338048619,0.00032014965246363,0.0016780248215270668,0.8,0.5,0.6,4,0.5554961058404841,0.4166412250679515
15,3,0.5138013852156309,0.8140255299188363,0.7632401401053471,0.16326309934088307,0.4522194155778515,0.09909636375651541,0.00023885482372196,0.001063201878459457,0.8,0.5,0.6,5,0.5029870190605904,0.2675256330830473
15,4,0.4385130895976097,0.7581036833539879,0.7051084183102402,0.15073148504599143,0.31688052812406065,0.09897858793016624,6.153322568617e-05,0.00022386317841667226,0.8,0.5,0.6,6,0.3533505330840572,0.2068222864333386
15,5,0.42593580157174826,0.7516508948081394,0.7036926735885539,0.15654093183813347,0.11517295336808049,0.10495172009226984,8.946688780909e-05,0.00032548824874127966,0.8,0.5,0.6,8,0.3701537855177191,0.2155064056381714
15,6,0.40961245159961923,0.7406701367187388,0.6977811662128429,0.15942560098709763,0.11490173738629483,0.10511085938742876,9.609241084848e-05,0.00032425608064558904,0.8,0.5,0.6,10,0.3510793918110158,0.1752358757391407
15,7,0.34487830456196067,0.6762383631131312,0.6248412656703403,0.1381550015689276,0.1778364694427387,0.0891957502133191,4.666740570894e-05,0.0001562845637692591,0.8,0.5,0.6,12,0.3508230485673628,0.2246008660650817
15,8,0.31933665543878015,0.6502642578390277,0.6005531355606827,0.14154578583452487,0.14998485308437384,0.09616149162497238,7.554781020471999e-05,0.0002537386403357024,0.8,0.5,0.6,14,0.3659420327308825,0.2527480230527004
15,9,0.3188624591221953,0.6497653802750073,0.6000292977807088,0.15446589287160864,0.07708338906188937,0.09573437754428762,7.317539338240001e-05,0.00024573315375454473,0.8,0.5,0.6,16,0.362049168252985,0.2482126313878812
15,10,0.2871215508304514,0.6118546681206468,0.5554829460664525,0.1538572436332709,0.1686203116889707,0.09855644426523448,9.807105643032999e-05,0.0003167860248890063,0.8,0.5,0.6,18,0.3140533050849227,0.2386895267269501
15,11,0.2617773013859799,0.5757145186992788,0.5134229726105808,0.14633249257877848,0.22745276846657692,0.09818092619626667,9.710327196925e-05,0.0003924729531700032,0.8,0.5,0.6,19,0.3483635816621497,0.169952819166342
15,12,0.2571863276478721,0.5688127271668452,0.5122132462140958,0.14085563194011355,0.1110583585010947,0.09878824847055226,9.607452398021e-05,0.00030666406613140456,0.8,0.5,0.6,20,0.3273917726091824,0.2348147538021895
15,13,0.238568701408126,0.5463193002262541,0.49988571450185715,0.14957828056833533,0.10922269790239324,0.098225010940148,9.12211044703e-05,0.0003329115247161569,0.8,0.5,0.6,24,0.2650896647165081,0.1962580072715603
15,14,0.23761793287613725,0.5405342345677804,0.48613701694834893,0.15807173207129616,0.09070542997693957,0.09900097144533669,9.551807002896e-05,0.0003763989897394676,0.8,0.5,0.6,25,0.3607264467661035,0.1785786746693674
15,15,0.23581583880678347,0.5394109286248383,0.49133966263078094,0.16617843962174955,0.1115709855795396,0.10190895296910542,8.844185969713e-05,0.0004545479877677709,0.8,0.5,0.6,26,0.260154189090252,0.1349394602194331
15,16,0.2139038497012121,0.5040617722019042,0.4573322426626233,0.1453129866589623,0.23452725493315615,0.09989827195021045,9.282983151921999e-05,0.0003935111771945695,0.8,0.5,0.6,27,0.2899619679500843,0.1165636257413007
15,17,0.2007147420482715,0.4733071257141139,0.4145673061474548,0.14471184798212597,0.11788069749293727,0.10022804976049135,8.368028202729e-05,0.0003102133584017127,0.8,0.5,0.6,30,0.2877839195405313,0.0807209467665976
15,18,0.17846552699762389,0.42620443658453533,0.36659841930614334,0.15306004658037586,0.18516891884820927,0.10006830520944665,0.00011293374558237,0.00047784884694144965,0.8,0.5,0.6,32,0.2218306093309392,0.1229537004271953
15,19,0.17092212969351916,0.4099809829746758,0.34800157759989814,0.1472138504761421,0.10823267923013076,0.09760541895463133,0.00012988052297425,0.0006866273352936223,0.8,0.5,0.6,34,0.2241563593766308,0.0966405868772692
15,20,0.16796108109625466,0.39809735352080144,0.34028892600602456,0.15986083703624723,0.1668309584877876,0.10341127985213705,0.00013343642192527,0.0007300717311705299,0.8,0.5,0.6,35,0.2408484577172393,0.0950464149496787
15,21,0.16611600645934238,0.3986588346044268,0.34802609192308026,0.17281712013578898,0.08637634880756793,0.10199633772241783,0.00013788552229637,0.0007854971050408587,0.8,0.5,0.6,37,0.2477800334125429,0.1028330447105904
15,22,0.16610739915360606,0.4023521322494455,0.35923147836563507,0.1821051376013145,0.08215383687579327,0.10199287050399991,0.00013774056650813,0.0007846089406428656,0.8,0.5,0.6,40,0.2476090728380515,0.1027643338214343
15,23,0.16315618706636076,0.3961893796071038,0.3522405369623581,0.17956268047090945,0.09134292212143967,0.10056317938830939,0.00013903143880731,0.0007856531252181569,0.8,0.5,0.6,42,0.2300320216745418,0.1194997026398471
15,24,0.15959016419749014,0.39184087080039176,0.3542590455606796,0.19158815617854166,0.09423116845755089,0.09918010516535021,0.00014511915099367,0.0007843846766046827,0.8,0.5,0.6,44,0.2139687810414165,0.1199035233775727
15,25,0.1606689925025604,0.38834650770579615,0.3430315928200105,0.19008614101484184,0.0841622438021378,0.10108212417453473,0.00017692511563298,0.0007920280509559753,0.8,0.5,0.6,46,0.2294251735900687,0.1207866984612776
15,26,0.1625755481252128,0.39296742148325253,0.35491456775760216,0.2069162925953008,0.09018310276126446,0.10412270983156532,0.0001535436593377,0.0008231196703835573,0.8,0.5,0.6,47,0.213463342576109,0.1147946456930671
15,27,0.1595971996228486,0.38886497969148287,0.35052855965055335,0.20662694550860997,0.08857115468385897,0.10134285140974313,0.00011373803957011001,0.0005906019008722343,0.8,0.5,0.6,48,0.253326310993863,0.1197798145881614
15,28,0.1594025744935136,0.3917997745349543,0.36083124846237347,0.22309853293203427,0.08281775283094751,0.10146966820307345,0.00013574612292904,0.0005895117256285362,0.8,0.5,0.6,51,0.221135323470583,0.1218004458440107
15,29,0.16018845842480123,0.39139031192221424,0.3601213465183344,0.2333394671069472,0.084511929549513,0.10324670803640427,0.00011765627352730999,0.0005882128130232848,0.8,0.5,0.6,56,0.2218385822430581,0.1245726361586822
15,30,0.16048375270431442,0.39774578636444063,0.3811643278100686,0.24973158695597697,0.08827997195323563,0.10447778338381433,0.00012290441187273,0.0006131664536303235,0.8,0.5,0.6,58,0.2530371796394589,0.1161428927591161
15,31,0.15821340614521343,0.3933345712308681,0.37621886774965335,0.2509422058018096,0.09619544658577617,0.10305728055436482,0.00010660140504447,0.0005662064638943949,0.8,0.5,0.6,59,0.2420483447920407,0.1012410839409389
15,32,0.15966779793998465,0.39826775383874147,0.3886086214835032,0.2589928394834118,0.08586116234613489,0.10497647147933892,0.00012420543692465998,0.0006141227583782246,0.8,0.5,0.6,60,0.2342213570012432,0.1153085717471401
15,33,0.16007652935426842,0.3981820952167664,0.3884000612109398,0.2595607188906494,0.08814120654027786,0.10585189657199627,0.00011001344611504999,0.0005574736217182335,0.8,0.5,0.6,61,0.2228894044419356,0.0954563706987245
15,34,0.15785032134798377,0.39394086091161246,0.38365916735149413,0.26704317468531885,0.09635199536358045,0.10432543849207283,0.00012384417599937,0.0005605351923216754,0.8,0.5,0.6,62,0.2203612008806802,0.1109198698537362
15,35,0.15758972081801706,0.388964239490082,0.3709197925077828,0.26020522725227635,0.09030715770675303,0.10470719749546234,0.0001007796854464,0.0004704500547655458,0.8,0.5,0.6,63,0.2207198425998482,0.1147647938237958
15,36,0.15462228914752074,0.3890264404259009,0.38493176511391725,0.30425111735500765,0.08665217012302126,0.10373787927770645,0.00012849986731247,0.00037498362004368324,0.8,0.5,0.6,71,0.2263559707414436,0.1147467804460799
15,37,0.154413177323475,0.39033786986134017,0.39322327668897006,0.3278592969876797,0.08679246247400994,0.10476938627726376,0.00012804383401657,0.00039893763391054746,0.8,0.5,0.6,76,0.2277833389130354,0.1143660853703109
15,38,0.15335842379088244,0.38703133220157865,0.3893700479459225,0.3475870787920797,0.08685404730131464,0.10478056639989265,0.00015312083512444,0.00037556858703244664,0.8,0.5,0.6,81,0.2427485000043308,0.117639273142227
15,39,0.15276745675681913,0.38885078517170824,0.39838929323092986,0.3644387392729276,0.08676234395090156,0.10478730510745335,0.00016470572991878,0.0003830170738030295,0.8,0.5,0.6,84,0.2306413231681697,0.1234088447150214
15,40,0.15236964927516342,0.38762441544319304,0.39696293353808076,0.36760455260837077,0.0891334972759959,0.1047846747595597,0.00016011061090403998,0.0003668914853239265,0.8,0.5,0.6,85,0.2360391681684013,0.1186103888311762
15,41,0.15207649470775672,0.3900141570539859,0.4066193888349664,0.37427568858551846,0.0874367433483267,0.1049912294496341,0.00017964301029566,0.00037573269446630406,0.8,0.5,0.6,87,0.2296545922369461,0.1149818829519258
15,42,0.1519954944059158,0.39718123276121475,0.42877345032628456,0.4132734608942643,0.08444921895111646,0.10499131001661006,0.0001733208462072,0.00037908969509256417,0.8,0.5,0.6,94,0.2322410931204079,0.1158496013765431
15,43,0.15299432131873703,0.39794963766401414,0.4294864100386461,0.41783589435839924,0.08675296272844431,0.10639157364428885,0.00015596783551305,0.00036716388995231984,0.8,0.5,0.6,95,0.2318671472461314,0.1008381142755514
15,44,0.15164451134658136,0.39602275499446854,0.4274208383933004,0.43094768620392027,0.08604582654197404,0.10509393685889534,0.00013339464959647,0.00030594636532071034,0.8,0.5,0.6,97,0.2390123939359266,0.1202247764583619
15,45,0.14961433454617168,0.4119356562128466,0.4807587211803649,0.6271521687370523,0.08266482399217452,0.10287697606715196,8.550091923176e-05,0.00038431393973156546,0.8,0.5,0.6,139,0.1786173081015614,0.0915125425894583
15,46,0.14986145541385826,0.41571420796689157,0.4920085820617277,0.649472713562272,0.08344543685606741,0.10326597465386103,8.865636784727e-05,0.00041151747146129933,0.8,0.5,0.6,141,0.1784006301189953,0.0926609888105163
15,47,0.14895673164825232,0.4209707211039595,0.5119918909810086,0.6470236746928755,0.09010692042995613,0.10285713811223976,8.955993106548e-05,0.0003976279136465077,0.8,0.5,0.6,142,0.2079726561050776,0.1331427345169414
15,48,0.14783741340121026,0.40975408510912514,0.4851082261281052,0.6439451515846911,0.09860808226170459,0.10294475568607094,0.00011395150312463,0.00038435275015842856,0.8,0.5,0.6,143,0.177342205037126,0.0917541987435203
15,49,0.147763172606695,0.4164095544694194,0.5066278716010899,0.6637061630352219,0.08699133170967606,0.1032764964009073,9.963371565985e-05,0.0003398242757552765,0.8,0.5,0.6,144,0.1715559161975012,0.0910797453853772
15,50,0.14746811532033113,0.4123253744553169,0.4950106548074208,0.6634141555080453,0.08307730705215892,0.10294369076795974,0.00011061842471701,0.0003399129687812413,0.8,0.5,0.6,145,0.1715981339594267,0.0911422891009056
15,51,0.14160616432038653,0.4413711994746769,0.5986781283019843,0.8974860663105304,0.07804452824364537,0.0969247435041129,5.331076402176e-05,0.00025184397757020856,0.8,0.5,0.6,185,0.2045405741125063,0.1022102828042738
15,52,0.14131678868934205,0.4437923892721589,0.6083773830950845,0.9064407488445118,0.08376064762708683,0.0970291422676005,6.666647295354001e-05,0.0003399238157323354,0.8,0.5,0.6,186,0.1993540815777371,0.1017175739436625
15,53,0.14100955125002337,0.4541444612789808,0.6411607886399583,0.9415853235850792,0.07803858019453998,0.09698656761966581,4.9824476444549994e-05,0.00024002138735217774,0.8,0.5,0.6,196,0.1972249986464732,0.09761297343838
16,0,0.9081798514913791,0.9690429367197793,0.9639359746098705,0.1393125365677698,0.0,0.0,0.0,0.0,0.8,0.5,0.6,1,1.139047438471765,0.749986130699958
16,1,0.8368476488947458,0.9868834761295817,0.9726295115166809,0.20288314474310334,0.18764137340806442,0.09157139707386011,1.318918898962e-05,4.043492634226199e-05,0.8,0.5,0.6,3,0.8653270386196453,0.5481000077896104
16,2,0.47388477413693847,0.7866044298964789,0.7383421856508124,0.15388712367708662,0.9294725958287392,0.09818868144882073,0.0002662757631412,0.0007904354267311427,0.8,0.5,0.6,4,0.6642618251967508,0.2451086822443269
16,3,0.45680429829691427,0.7764561464576645,0.7337453630898609,0.1543759405531769,0.1017385193407704,0.09575868031053388,0.00026603997046618,0.000763424197196291,0.8,0.5,0.6,6,0.6291472055198388,0.2393717868055911
16,4,0.4568150438352882,0.7764672989659624,0.7337562010046252,0.15640110222368134,0.07721889274011111,0.0957747941303955,0.00026606791795636,0.000763617869107835,0.8,0.5,0.6,7,0.6292464439849245,0.2393171310682624
16,5,0.3820712680343919,0.7068099080265237,0.6453354990078002,0.14366400442754465,0.3607098285759087,0.09911600679192155,6.912816651543999e-05,0.00020871252653440554,0.8,0.5,0.6,8,0.5510207450022133,0.2050854463856452
16,6,0.3789400427094219,0.703719023106721,0.6417306544711316,0.14483282264534494,0.09232702676896826,0.09911756740404325,7.11802282779e-05,0.0002455750757068785,0.8,0.5,0.6,9,0.5529958805076957,0.1950688450907353
16,7,0.3679372060726196,0.6961838894719489,0.6390914454044919,0.15016767964551503,0.14957624189064206,0.1048415735292332,9.965077265447001e-05,0.000301188860766955,0.8,0.5,0.6,10,0.5502294815169696,0.2013416891365724
16,8,0.3460030188442744,0.683846478002545,0.6456563472700687,0.15254809585745807,0.10546315830836081,0.10307532199122563,0.00010174567106336,0.000321122529394489,0.8,0.5,0.6,14,0.4884675668752294,0.1158166654884849
16,9,0.3417949701865644,0.6827950742838282,0.6512640164662666,0.15801611027077808,0.09381992374460794,0.10359166417342087,0.00010586814408865999,0.0003332258765095487,0.8,0.5,0.6,16,0.48618883409344,0.1387138029014704
16,10,0.31862816390228893,0.6527602813470059,0.6100633721960271,0.16050740501867117,0.12458387361489152,0.09840804144028356,8.193645122562e-05,0.00028153208632246987,0.8,0.5,0.6,18,0.4080409788510625,0.2402066909967166
16,11,0.31281081076353334,0.6512797707542024,0.6209397260028762,0.1711665826137751,0.15304146388140205,0.10728698444688525,0.00016953213344331,0.0005275559376780523,0.8,0.5,0.6,19,0.385708086667635,0.2002772714962247
16,12,0.2970671069571082,0.6274484271535663,0.5864685662135075,0.16580878846473487,0.16329874681607495,0.10589714304769823,0.00013200071711036,0.00045355195066739307,0.8,0.5,0.6,20,0.374821745828069,0.2408361867570413
16,13,0.2844319922431323,0.609985800575534,0.5660649998749077,0.1639424529637895,0.15919846197825152,0.10630754496862013,0.00015888151120751,0.0004916297237898423,0.8,0.5,0.6,21,0.3826759097655861,0.2571492787257028
16,14,0.2669344558460138,0.5835147248898208,0.5350082856108861,0.15559432542347518,0.14392597111472402,0.10771298388434641,0.00025410591451315,0.000748031848410701,0.8,0.5,0.6,23,0.3620671276790528,0.2317269922415325
16,15,0.24865853817331077,0.5623772552792918,0.5243771321748782,0.1607745031309321,0.19863132982413348,0.10662492333503887,0.00014032901684131,0.00038510898097959524,0.8,0.5,0.6,24,0.3410288907141309,0.1617906766519534
16,16,0.24254676323816204,0.5557534824400314,0.5235606896620589,0.17138960907710923,0.10700102438610241,0.1066307799936454,0.00014634749488153,0.00039395497712682614,0.8,0.5,0.6,26,0.3379013913971303,0.1811484141504177
16,17,0.24127539717737348,0.55906490607803,0.5407931133477459,0.2009235657342113,0.09218712605396442,0.10979441925467101,0.00018146367550161,0.0004884847340823583,0.8,0.5,0.6,33,0.3267847680026522,0.1730621643680898
16,18,0.21290426072481197,0.5026698422658544,0.4683899818100798,0.19433320155116096,0.11733615543194686,0.10813777575650423,0.00024375325463293,0.0006488444967855263,0.8,0.5,0.6,40,0.3750175289261369,0.2992785826414593
16,19,0.20940390150677726,0.4916375097393162,0.4486235195469362,0.20333780032683302,0.11759061058116571,0.10848770064702258,0.00015518640938651,0.00037631369055819957,0.8,0.5,0.6,41,0.3242371561553143,0.2486967365565639
16,20,0.20709084941369676,0.48744268048965755,0.4438370826086838,0.21034830179269137,0.09388020702160639,0.10780412016015645,0.00014123665473185,0.00028489523864600103,0.8,0.5,0.6,43,0.3643332102113492,0.2733169402263473
16,21,0.2068884448427498,0.4863954083538975,0.44252607949079287,0.21596060378981222,0.09363133691212,0.10842119199215926,0.00014771313786331,0.00037614934646845635,0.8,0.5,0.6,44,0.3621855572869677,0.2767517000604344
16,22,0.20590299860806593,0.48487735393448805,0.4408422760460413,0.22475860609334442,0.09066660623706403,0.10781626810472351,0.00014333122596464,0.0003305298670589006,0.8,0.5,0.6,45,0.3619499685757888,0.279536138384612
16,23,0.20535883218288284,0.4874352251364669,0.4507256308472879,0.23006506636450735,0.0912407143990995,0.10780629928159839,0.0001435210023126,0.00033075357807636253,0.8,0.5,0.6,46,0.3695757370752052,0.2730830348373485
16,24,0.20508521741033467,0.48317652327026106,0.4388676887744357,0.2242546751504851,0.0886020425864688,0.107831442629028,0.00011982735780545,0.0002612085166158754,0.8,0.5,0.6,47,0.3838792538239397,0.2692070096783683
16,25,0.20323349788247708,0.48609652388981217,0.4560016701671842,0.2386801865739223,0.10729898479216801,0.10817287229915466,0.00019053347325554,0.00047614181248328076,0.8,0.5,0.6,48,0.3212877545623793,0.2414265876282105
16,26,0.20149461409681904,0.47884436876452674,0.4406870637157525,0.25972133403888226,0.10039752811462352,0.1078823773068219,0.00013029403349597,0.000548317115481454,0.8,0.5,0.6,49,0.3998424338366146,0.2937068635331267
16,27,0.19468328390197334,0.4702946174127175,0.4444339773189773,0.24256558158091693,0.15602090187274117,0.10881783613798587,0.00012285941571256,0.0002907261130146125,0.8,0.5,0.6,50,0.3330404083129418,0.2918134822291212
16,28,0.1868033018096402,0.45179472455716074,0.422917190825085,0.25214907917255186,0.11208313386773575,0.10855612675282397,0.00010934176324276,0.0002971501356740816,0.8,0.5,0.6,53,0.3400736818268959,0.3009367848114668
16,29,0.18571455376508111,0.46086380574582203,0.45425715926356697,0.2790964709527681,0.08763817826947716,0.10712025916480136,0.00034936949632674,0.0013234308384401934,0.8,0.5,0.6,60,0.2838904592856497,0.2703170259195518
16,30,0.1832487075118621,0.4528313515553117,0.43819464578066497,0.2704565178217487,0.09191556634997124,0.10640394203017238,0.00015220660612691,0.0004498522665364186,0.8,0.5,0.6,62,0.2665758204671784,0.267773024637969
16,31,0.1817349321523408,0.44895608602235293,0.43366792424505074,0.2852511928113696,0.10183047868931318,0.10660127014066109,0.00011818968468453001,0.0003380050480918435,0.8,0.5,0.6,63,0.2786215412729901,0.2559892475829896
16,32,0.17838015982128344,0.44049048610578295,0.4238085814158049,0.28625445390493043,0.10296842656792911,0.10659434404515113,0.00010984102060662002,0.0003257028504309884,0.8,0.5,0.6,65,0.2919606981413912,0.2338088314440601
16,33,0.17954331343379848,0.45971299537008786,0.480470149697026,0.3777572863528665,0.08714927934449165,0.1080411555062977,0.00011860422682539,0.0008456801386051701,0.8,0.5,0.6,87,0.2896132426982226,0.290689707024551
16,34,0.17492015176680847,0.44789370273247,0.4667294094771345,0.37767176895182897,0.13488779913076998,0.10798052447851601,0.00011716150431417,0.00064126927678998,0.8,0.5,0.6,88,0.2994153751061757,0.261660290806752
16,35,0.17127586296180203,0.44160786792995704,0.46629546513474956,0.3739208227404206,0.10768441544063172,0.10798477901175857,0.00011271067729635,0.0007742963458304574,0.8,0.5,0.6,90,0.2955485485822627,0.2613887180907209
16,36,0.17083477008364742,0.46616481076826216,0.5431994941081527,0.5052209607468533,0.08728135606030507,0.10835785645755223,8.925419775318e-05,0.0004939543550256369,0.8,0.5,0.6,115,0.3243806895767229,0.2190597883272609
16,37,0.16647569668304987,0.4616423702374906,0.5517619744236503,0.5608125389603581,0.0903379848573835,0.10811366145844678,0.0001820188748361,0.00047380362537096277,0.8,0.5,0.6,129,0.3317898461383556,0.2462444876810081
16,38,0.1640603364176815,0.46187378866288187,0.5658172974996039,0.5960445028483388,0.09074585799271333,0.10824300887996566,0.00019619057910138,0.0004787288079449829,0.8,0.5,0.6,137,0.3451745751186829,0.2115834481344085
16,39,0.1635356967555833,0.4797552738003482,0.6212334664045915,0.6726930532353582,0.08660531900146456,0.10778760400547535,8.213856913975e-05,0.0004365095558825607,0.8,0.5,0.6,150,0.2804057940325947,0.1874182172070175
16,40,0.16280650482474585,0.47756597943040363,0.6186786093732585,0.6794567306070511,0.0956992848017027,0.10777555072003703,9.029115802527e-05,0.0004900531845130406,0.8,0.5,0.6,151,0.3169328996781382,0.1867818062183475
16,41,0.16274554003465125,0.48445277113539487,0.6404757186853965,0.7269608141985621,0.08701215750286068,0.10802852005079294,0.00010912711247873001,0.0004422014294974115,0.8,0.5,0.6,162,0.2819884601225885,0.1852440816214149
16,42,0.16205469903490388,0.48613308000470046,0.6493364754582527,0.7562686379373622,0.08792966570353553,0.10802534794641334,0.00010884715246157999,0.0004364474770912543,0.8,0.5,0.6,169,0.2816880096614536,0.180616934500062
16,43,0.16120518237559234,0.4790483268295981,0.6341108808650184,0.7817773710431017,0.08975149729551385,0.10829635996861985,0.00019654814280114,0.0007077742691684264,0.8,0.5,0.6,174,0.3297912184388289,0.1916588164705616
16,44,0.1607122562422129,0.4818271193856086,0.644295387794504,0.7887897736200964,0.0901816326417345,0.10796881828416635,0.00019024953199452,0.0006939121831438309,0.8,0.5,0.6,176,0.3350472253096393,0.1837573814586919
16,45,0.16024214168749637,0.484318892068081,0.6541166068019884,0.7995839782180248,0.08817310126059609,0.10784793545234224,0.00021337962259671,0.0006733364511774448,0.8,0.5,0.6,179,0.3322552182664088,0.1843834788650429
16,46,0.16031363487498165,0.5106668500210022,0.7331392707341309,0.8901332356375233,0.0867389376015028,0.10790337650298265,0.00019210716232999,0.0004894534475486627,0.8,0.5,0.6,199,0.3315645420187087,0.1839999448853935
17,0,0.9153158360789092,0.9715543891694618,0.9668617504549001,0.14001247817628176,0.0,0.0,0.0,0.0,0.8,0.5,0.6,1,1.107219054147626,0.7513102585254268
17,1,0.812407665463752,0.968118419560271,0.9531875411099429,0.18707771811092164,0.1866209820909573,0.07325439682904121,1.5889771181429997e-05,2.4156201101390386e-05,0.8,0.5,0.6,3,0.8996955265193353,0.547665883078252
17,2,0.4868219059064302,0.7965116515435924,0.7498493270125963,0.15679892343137056,0.8727542703517404,0.09881438240120564,0.00026015242888972,0.0003094058458761648,0.8,0.5,0.6,4,0.5946889947201064,0.2320754278962863
17,3,0.4865520278665145,0.8000098676157864,0.7608336374326007,0.16247536599807844,0.07968074497970337,0.09876887215678444,0.00025712909005936,0.000304214215183541,0.8,0.5,0.6,6,0.593964167903891,0.2297048819093443
17,4,0.4852319675010263,0.8036346077883393,0.7713951245002288,0.1745007209171404,0.08765916238134669,0.10293420412672341,0.00031753150933928003,0.0003917529163535668,0.8,0.5,0.6,9,0.5653729250280942,0.2113328125467964
17,5,0.4175498965574509,0.7472227149373553,0.7064689918818291,0.16118493268589784,0.29051236982834044,0.09731150548547544,6.434014996391e-05,9.856511119799955e-05,0.8,0.5,0.6,10,0.4146754372180805,0.1732574373860662
17,6,0.4158490702616255,0.7500004770172893,0.7156836669231164,0.1711428192991521,0.09701029834558539,0.10424568386533797,0.0001003994695287,0.00015380574779305452,0.8,0.5,0.6,12,0.3902592425609935,0.1643168353185063
17,7,0.4101491985410606,0.7445613806630128,0.7098323814251619,0.17642902593314425,0.09092275556864385,0.10058630742620579,0.0001297694382089,0.00010757420617942534,0.8,0.5,0.6,13,0.4854700561878636,0.2496342564348846
17,8,0.3682070420262645,0.703998935021144,0.6625460560714425,0.16278166611967926,0.24889452152351027,0.10091395815569147,4.386280658284e-05,6.899696964914325e-05,0.8,0.5,0.6,14,0.3531890527683013,0.1758534729285499
17,9,0.36768749275373636,0.7069964005533604,0.6721608821727213,0.1795394695019344,0.09673403495052764,0.10677663983802012,6.791044347418e-05,0.00010584871400598805,0.8,0.5,0.6,16,0.3373278001356256,0.1693208765351968
17,10,0.36630625072335343,0.705545591932895,0.6704590518630662,0.17918620112437314,0.09186584042449412,0.10686455907066085,6.808807344512e-05,0.00010645193409733277,0.8,0.5,0.6,17,0.3357319922457369,0.1722976774362744
17,11,0.3651267483309808,0.7080060508516046,0.6801986100111663,0.18330390582732203,0.08870809561958382,0.10708392785694736,6.834215433933e-05,0.00010722316458593772,0.8,0.5,0.6,19,0.3342412893133609,0.1779421033608941
17,12,0.29274990453417427,0.6207269321997784,0.5782533580339235,0.1765277085207775,0.4540891791466393,0.10877838909811788,0.00035239527411713,0.0003165364534312987,0.8,0.5,0.6,20,0.1995475814716659,0.2342168462507642
17,13,0.268215989768565,0.5875188621261331,0.5460618618092352,0.17348552205784692,0.17112315247955892,0.11196153151932324,0.00030994874736865,0.0002227572800989412,0.8,0.5,0.6,22,0.1852008826608828,0.332603450548477
17,14,0.24114970046216982,0.5503709555449267,0.5045310079136269,0.17164586741941865,0.10667090546587621,0.09877410947060596,0.00031572793313624,0.00016897695986389357,0.8,0.5,0.6,26,0.2184071800162573,0.3093213505917807
17,15,0.23353050884244503,0.5388133653271433,0.4913988827418991,0.16977043877179607,0.11659924247957866,0.09629490702951657,0.00026874293681674,0.0001583652302998459,0.8,0.5,0.6,27,0.2177310764328533,0.3342577806514228
17,16,0.23559947517786303,0.5439275680528884,0.5098601484752684,0.19998726807293823,0.09566226858555633,0.1060619600746556,0.00032794622053730003,0.0002304314518489536,0.8,0.5,0.6,31,0.203813516511756,0.3738417950952313
17,17,0.23467711579223952,0.542070818539966,0.5076528418467667,0.19622626122559295,0.09418524522011529,0.10642173354354013,0.00033563176406819996,0.00019145114838645122,0.8,0.5,0.6,32,0.1949389746339854,0.3315742441894764
17,18,0.20419324322419402,0.4926996189504212,0.45799644218180596,0.18564948056727032,0.1773707467353703,0.09921905072607518,0.00027276896882394,0.00017594848613802685,0.8,0.5,0.6,34,0.1514859436109531,0.3774229925764419
17,19,0.20538946560227364,0.4960638830940231,0.46840133539523593,0.20203101691971107,0.08782183865992332,0.10238026713239025,0.00026197334915268,0.0001788564717391943,0.8,0.5,0.6,36,0.152659004594574,0.3374608200852055
17,20,0.17369685430706633,0.4261071675966857,0.38055188694644243,0.178143759045083,0.34656975584004385,0.09830418936394517,0.00018198985095534001,0.00012187065964575979,0.8,0.5,0.6,37,0.1093657148174008,0.2082503283287296
17,21,0.15237283819992653,0.3688840877597657,0.3207475702178792,0.1856694956847472,0.1404824747582123,0.09864414898119354,0.0001742659470228,0.00011393563847206606,0.8,0.5,0.6,41,0.0922548453953485,0.2038537910886154
17,22,0.11192266072539071,0.2562382936364238,0.1914470645952824,0.14655405810867841,0.4823028924711939,0.08407323914315223,0.00013041014817759,9.631519308185782e-05,0.8,0.5,0.6,42,0.0668045111605822,0.1929706546408458
17,23,0.11090302077350891,0.2514582953766395,0.18584732048310798,0.15522103014891495,0.08807044431337763,0.08431038971953443,0.00012960246515749999,9.587648983862734e-05,0.8,0.5,0.6,43,0.0646872328954638,0.1944985085288633
18,0,0.9346849255279341,0.9782774935806483,0.9746938958416578,0.14188620667789154,0.0,0.0,0.0,0.0,0.8,0.5,0.6,1,1.0256850249610574,0.7513407295514523
18,1,0.6410925691625026,0.8968498400970757,0.8595850383336345,0.1821009382280983,0.4160936150334346,0.09936313813324019,0.00045248839041331005,0.001973027324987144,0.8,0.5,0.6,3,0.7599000720285217,0.4675689842327974
18,2,0.5250499225294698,0.8241190216570277,0.7819758933869702,0.16464679596481313,0.37330820307573215,0.0988741845214612,0.00022558192611925,0.0006136701092943983,0.8,0.5,0.6,4,0.4328499043456951,0.2234714294399744
18,3,0.5250268811624251,0.8241264678675345,0.7819720278770113,0.164703672959828,0.0799386043604997,0.09898085199363864,0.00021929750532924999,0.0006032940107698683,0.8,0.5,0.6,5,0.4368902648913766,0.2211194448912116
18,4,0.4270361429944886,0.748171353226498,0.6936860636113187,0.1504413886250322,0.38675844843533547,0.09786303585052537,6.632338306960999e-05,0.00020681574177552848,0.8,0.5,0.6,6,0.3669453270250715,0.2099077578209914
18,5,0.40563760496732293,0.7328591765101004,0.6826873514032308,0.14866980611077305,0.1188457710468262,0.09832381162824398,7.116991151131e-05,0.00022232958290134552,0.8,0.5,0.6,8,0.3418094950706432,0.1812578168180504
18,6,0.3742746942777912,0.7027950333825943,0.6475789833827905,0.14282044958906084,0.20556069003188684,0.0989111143301256,9.121062306485e-05,0.0002772802514157187,0.8,0.5,0.6,9,0.311759563591017,0.2681906356715112
18,7,0.3742364207234691,0.7064673726842976,0.6587599488342165,0.14987775865842135,0.07940769424052371,0.09890619817218167,9.120123151229001e-05,0.0002770685127376282,0.8,0.5,0.6,11,0.3116773701857998,0.2679744419797151
18,8,0.3444607029688725,0.674817033676405,0.6214768449351086,0.14836286797681542,0.22261519588066775,0.10209265573200813,6.349468594154e-05,0.0002082673490221823,0.8,0.5,0.6,12,0.2735998505707935,0.1283757804703272
18,9,0.27957892977491827,0.595504369956667,0.5299367386967532,0.1289102576184479,0.22949872085637826,0.09564682611077133,4.746768484612e-05,0.00016107682847032843,0.8,0.5,0.6,14,0.1911316340942229,0.1603535434502009
18,10,0.2763487469982442,0.5883327836415504,0.5205566353141164,0.13616086412315404,0.11048577771235572,0.10340621378766794,5.067298286396e-05,0.00017238760436865232,0.8,0.5,0.6,16,0.188749637549098,0.2266167534022626
18,11,0.2683318421616313,0.5773296474015555,0.5080080725462722,0.13905916212487535,0.11985110534717751,0.10137127106825704,4.73537417962e-05,0.00016323201680933176,0.8,0.5,0.6,17,0.1841144762829456,0.1082477290651033
18,12,0.20894121163143484,0.479106669339883,0.39431569819612067,0.1126253063389424,0.4636173571432658,0.09586171644593106,3.139550712319e-05,0.00010378748870162999,0.8,0.5,0.6,18,0.1645593104198857,0.0649160941119109
18,13,0.2052622658506238,0.4764483911611253,0.39827539485348,0.11730536010225423,0.08332808759830676,0.09469325394976016,3.10723180669e-05,0.0001033857494582314,0.8,0.5,0.6,21,0.1667509027547082,0.054117468345099
18,14,0.2014599059097802,0.4742301041289579,0.4028779326177447,0.11971199515479529,0.0913797073321433,0.09254223929117465,2.830936113864e-05,9.85655273757698e-05,0.8,0.5,0.6,22,0.150612416967298,0.0530298067629817
18,15,0.18755722940319017,0.4415515588209763,0.35797822895829734,0.1133095546244415,0.19122601262740327,0.09199052230327395,3.200621495804e-05,0.00010397259756917413,0.8,0.5,0.6,23,0.1515254458534352,0.0414438189971529
18,16,0.18643379687037157,0.44221120137167047,0.3655736258782962,0.12024565101920157,0.08136227902576158,0.09255460714388776,3.402267820712e-05,0.00011052310415622068,0.8,0.5,0.6,25,0.1488122730109269,0.0380452622962555
18,17,0.16384291181880853,0.3997572937750369,0.33040685061551567,0.13043984127490174,0.13582158511052891,0.08887373016917419,3.123908436296e-05,0.0001082013439833461,0.8,0.5,0.6,28,0.1180898729756027,0.0534434856647894
18,18,0.1712818745666399,0.4090302046634054,0.34668793580786983,0.1361466638728601,0.0924997490904511,0.09965100370529317,3.4663919762540005e-05,0.00011985374997567098,0.8,0.5,0.6,29,0.1145894496309408,0.0454694664751594
18,19,0.16111175617069903,0.395873547227359,0.33273811292220634,0.13961521114633335,0.09108696417858937,0.08922354360280574,3.1348892418139995e-05,0.00011128122890709842,0.8,0.5,0.6,30,0.1183301997053159,0.0538553649553715
18,20,0.14677044519297133,0.352508682064068,0.28854895728629554,0.12898616943112226,0.17908001962725864,0.09354306500026931,4.030963232462e-05,0.00013012087351542867,0.8,0.5,0.6,32,0.0926761311222886,0.0628513845060325
18,21,0.1485638320881187,0.3537085419928299,0.28960347362280386,0.13386763379325087,0.08064873654487552,0.09614602843887833,3.876099812578e-05,0.00012901883167824537,0.8,0.5,0.6,33,0.0950186470236882,0.0563345079184438
18,22,0.1486270719205292,0.3569336994453722,0.3002087193386922,0.1515302057016554,0.0790206887682522,0.09655310528283907,4.010680919722e-05,0.00013219170907771056,0.8,0.5,0.6,35,0.095161442101021,0.0605467683205779
18,23,0.12032113680955571,0.3138019605971124,0.2601445140215907,0.13373554643896948,0.08525285502082278,0.07168788793440715,4.097601721422e-05,0.00014034902849836465,0.8,0.5,0.6,39,0.1078911491894554,0.0833906036610877
18,24,0.10749420343971013,0.22675602710841503,0.16330218302554678,0.13708175365458958,0.504453704149315,0.08936644737260427,4.903337580604e-05,0.00019043170614515786,0.8,0.5,0.6,40,0.0666058662426427,0.085880848335957
18,25,0.10660615046203852,0.31104559993601016,0.42038611502154954,0.5889322889621457,0.0708046077600647,0.08839469622518165,7.595810772266e-05,6.757751311789893e-05,0.8,0.5,0.6,132,0.1825710472981788,0.0565020129887215
18,26,0.139575067663859,0.33368138551124504,0.4475919146048516,0.6307891630108263,0.14437630394710027,0.08819407380865925,0.06403448224782082,0.008324586338990463,0.8,0.5,0.6,134,0.2260545167249447,0.0835899240320101
18,27,0.10350864751160997,0.28438444750483016,0.38205884184357575,0.6076528440122441,0.10426619250998594,0.090841065748671,0.0001127357726643,0.0004691787761939872,0.8,0.5,0.6,135,0.3082180295730224,0.1074190750591741
18,28,0.10264035037410775,0.28285552067992253,0.38714295104930135,0.6258629089833623,0.08440856656752352,0.0911041491093179,0.00011725496551310999,0.0004880044388893039,0.8,0.5,0.6,137,0.3173431341796878,0.1060376315044678
18,29,0.11960150991420877,0.29828985083028275,0.4090138131904326,0.6483206754263977,0.09585048040095948,0.08758745305892357,0.00340860416671266,0.032862538976017104,0.8,0.5,0.6,143,0.2702005219266424,0.1353503666398132
18,30,0.12400626303455502,0.30539278057093616,0.42342429003346,0.6599269172846001,0.10123058115139001,0.08825544882702731,0.00049609883654007,0.04214245741218881,0.8,0.5,0.6,144,0.2998766671429922,0.234070117112798
18,31,0.44819882632321606,0.6255910936895773,0.7428053965980852,1.0001252814806922,0.4315066337004624,0.08844977836476911,0.0007471483970946399,0.5835940799882221,0.8,0.5,0.6,146,0.3003316368418731,0.2330384491228939
18,32,0.11924656556925683,0.30362768298654924,0.4357823736809496,0.6858518841119439,0.09354657871825749,0.08792577251654511,0.00378606561063205,0.03367821672738016,0.8,0.5,0.6,148,0.2827397877673751,0.1330764783591395
18,33,0.1176918890734577,0.2979504161107687,0.42250670653195815,0.6883974692115054,0.09308305662681046,0.08814142418659203,0.00350670256525571,0.03119504356502331,0.8,0.5,0.6,149,0.290065199829091,0.1449413837871182
18,34,0.22445693500882008,0.4275912185151801,0.5906029903223247,0.8947189982066323,0.19682635945777235,0.0898269066998714,0.01196420828874864,0.1981177384096888,0.8,0.5,0.6,164,0.2547272424396397,0.0933540064946932
18,35,0.2239134851576498,0.42570429561673123,0.5884410262472972,0.8972306031047076,0.2034699580545964,0.0896012703366383,0.011886953825927481,0.198117019554477,0.8,0.5,0.6,165,0.2545011610407676,0.0970192706038098
18,36,0.2225793196803784,0.42118638406760933,0.5900310561061481,0.9154366350376705,0.2040955942713505,0.09010722914471103,0.01187869939230709,0.1979440483090654,0.8,0.5,0.6,168,0.2364335202207727,0.0889251297481554
18,37,0.20973935922536724,0.4117978473771882,0.5881041243784133,0.9433790290915534,0.18486718435178162,0.09295832869055022,0.01045492625345861,0.174029834090934,0.8,0.5,0.6,173,0.2400435640965635,0.0848652621769639
18,38,0.21868283347842252,0.42005269547812263,0.5962189593452882,0.949881432455532,0.1963318362075354,0.0933771295935279,0.01129347085569592,0.18794519931256387,0.8,0.5,0.6,175,0.253096513551737,0.0958253587005346
18,39,0.20879751256981588,0.4132135471103681,0.5967591765486046,0.9584762546529818,0.18817667837483235,0.09218932095462516,0.0104424857356304,0.17401886931118726,0.8,0.5,0.6,177,0.2478254234921145,0.0850508791202005
18,40,0.20908277510755596,0.41706757249074455,0.6080987812788474,0.9706319355154174,0.18422023877107366,0.09203419750231139,0.01054916698435668,0.17466708644982315,0.8,0.5,0.6,179,0.2471660963895918,0.086016868811867
18,41,0.22227165981865304,0.4414408066292661,0.6617875642320175,1.0467255276880911,0.19930782891215962,0.09110767965460428,0.011964583815174661,0.19810222789145893,0.8,0.5,0.6,193,0.2545896755562198,0.093928017540481
18,42,0.22200616593672431,0.4365336836820881,0.6491777214910326,1.050653281468612,0.20969717818777978,0.0910097576467854,0.0119643732946668,0.19814189923914238,0.8,0.5,0.6,194,0.2537893392641493,0.0827861999497618
18,43,0.22135580472615785,0.4374418192129177,0.6571651332063426,1.061996546600922,0.2017455471347322,0.09083278947539625,0.01196501550301418,0.19810129401247645,0.8,0.5,0.6,195,0.2668855741099175,0.095290114701416
18,44,0.2213558568624568,0.44115272561910185,0.668390435345059,1.0706317347579117,0.19760740904536722,0.09083292973976276,0.01196501603795242,0.19810132193795704,0.8,0.5,0.6,197,0.2668621305650623,0.0952709868360752
18,45,0.22137828552117517,0.4412510713637444,0.6685041773551269,1.0669907736929434,0.19770156437796882,0.09083783612730481,0.01196505751642286,0.19810377747684824,0.8,0.5,0.6,199,0.2648644689229303,0.0936294589261188
19,0,0.9645560139672504,0.98838763280402,0.9864719237786818,0.14613775221613512,0.0,0.0,0.0,0.0,0.8,0.5,0.6,1,0.9014509688873046,0.7564107017320759
19,1,0.8747117728323256,1.0070036487996985,0.9947790047308221,0.2141298720791154,0.20998592009956088,0.10131651131607862,2.519379878628e-05,6.820508170003942e-05,0.8,0.5,0.6,3,0.8084503641933264,0.5720883046860648
19,2,0.5112303539841351,0.8144040736165588,0.7706664651081696,0.1619039097658898,0.8674557816343778,0.09892021062198444,0.00023057365280929003,0.0004657222228200577,0.8,0.5,0.6,4,0.4944076054385232,0.2339954638001631
19,3,0.4260131936750097,0.7473484513443864,0.692647476418851,0.1505614233780214,0.21599117098484516,0.09852746887628999,6.096352081355e-05,0.00013291445947653175,0.8,0.5,0.6,6,0.3580223700476932,0.1959215670861777
19,4,0.42448315646868245,0.7506056814514546,0.7021275759807459,0.16237987065239995,0.10245517283619467,0.10763708406239128,0.00010949616236818,0.00023872675071425948,0.8,0.5,0.6,8,0.3760906532072573,0.2149164056971461
19,5,0.41296917119557336,0.7399614373458963,0.6901913624877365,0.15831688827342924,0.11579765709387768,0.10417230095987673,8.692054372638e-05,0.00018950672357213083,0.8,0.5,0.6,9,0.3558094415955604,0.1938150130551524
19,6,0.41200846304262917,0.7502379823452637,0.7228336581392891,0.17827034809841358,0.08445433152211167,0.10445163452374737,8.41482427763e-05,0.00018496050535727742,0.8,0.5,0.6,15,0.363439009520848,0.186690546865763
19,7,0.3967346339817588,0.7400329140869845,0.714205628009907,0.22355986218731672,0.11928596664193965,0.13148465854643146,0.00024835230875763,0.0007954674936972612,0.8,0.5,0.6,26,0.4324328385029891,0.2255667705171246
19,8,0.396455192848146,0.7323275284094763,0.6914538865250834,0.19524937803960485,0.10604065107632944,0.1312396468311996,0.0002547739552553,0.000821275011780964,0.8,0.5,0.6,27,0.4343901057857586,0.2397665326292368
19,9,0.3837661803008131,0.7304467804709502,0.7104538929928716,0.22750058779198545,0.14424528471774709,0.1277196187525539,0.00020552619297281002,0.0006625226927429597,0.8,0.5,0.6,28,0.4121843276939084,0.2300528319525116
19,10,0.39505206363417206,0.7379101098322651,0.710010948812933,0.24363971855213798,0.12114080631976454,0.14479234432939178,0.00020522728362569,0.00048179621434628556,0.8,0.5,0.6,30,0.4759300468339177,0.1581207159382339
19,11,0.39212945801216365,0.7311838608006053,0.6955082523405569,0.21536268627057845,0.12133159556087482,0.14303814734867687,0.00019253319530645,0.0004529715608859864,0.8,0.5,0.6,31,0.4663474638760375,0.1632026117853616
19,12,0.39150874699569316,0.7305215395412705,0.6947366764001033,0.215176568715568,0.11615904422538494,0.14303814734867684,0.00019253319530645,0.0004529715608859864,0.8,0.5,0.6,33,0.4940867893634409,0.183227781156547
19,13,0.3549602376693139,0.7027121977974888,0.6851368189053746,0.23763748377618238,0.2110810860604552,0.12707809755676666,0.00021059821348393002,0.0005980883284237527,0.8,0.5,0.6,34,0.3851544319866258,0.2301470657684623
19,14,0.36263936923462237,0.7145531049433472,0.7044461583136998,0.2629668531623175,0.11140182871502723,0.13756829766056006,0.00020104283958417,0.0006331177314656356,0.8,0.5,0.6,38,0.3603001203966681,0.179453985396967
19,15,0.35063796696065186,0.6939181091755455,0.6680644553816829,0.210994281257374,0.11670441937968237,0.12649515479584097,0.00021570568583073,0.0006163579624322783,0.8,0.5,0.6,39,0.4140358504931037,0.2508715348589551
19,16,0.3563847255920155,0.7110791922383866,0.7075114470932607,0.2688330454381064,0.11815038383711278,0.13598812496966384,0.00018764165325908,0.0006287467883808808,0.8,0.5,0.6,40,0.3560396694456246,0.2014861243514623
19,17,0.3597007820464656,0.7091990407036781,0.6970638683769239,0.28685889156650907,0.14140739724337853,0.14623115009753213,0.00020929064128257,0.0006433701087573817,0.8,0.5,0.6,41,0.3336359134882345,0.1381987103411197
19,18,0.3501065742831504,0.6994652614061878,0.6871926563588262,0.2896831363881401,0.10971544926835546,0.13539953693023762,0.00012719553192985,0.00031929825293803806,0.8,0.5,0.6,44,0.3353363813953656,0.153072926895918
19,19,0.34557225379437756,0.6947265073007796,0.6822525604097414,0.2888139593859987,0.11008630351732153,0.1307235576638123,0.00020485760920325,0.0006255624143372449,0.8,0.5,0.6,45,0.3244834610720992,0.130970340989317
19,20,0.34282078728747545,0.6917613575882797,0.6790791243126245,0.3017073847224241,0.10409856695419221,0.12889015525099554,0.00011635413672806999,0.00030623269534555265,0.8,0.5,0.6,52,0.3272522975819584,0.1492322983651289
19,21,0.34384586041007736,0.7000170719002675,0.7021837602119991,0.3182740405081162,0.10752038578463469,0.1310171115017465,0.00019381147514966002,0.0006131084692555964,0.8,0.5,0.6,54,0.318659347037457,0.1370189004489616
19,22,0.3437820974036811,0.7024435353092654,0.7110223213286405,0.3379685392306773,0.13822434543618092,0.13754770131345034,0.00033907354413553997,0.0007805460854730484,0.8,0.5,0.6,55,0.3376236243012532,0.1433571551935055
19,23,0.3442168457886086,0.6988300447304735,0.6996037725018558,0.33888206160283707,0.11496094086560205,0.13989430336002087,0.00033211999303682,0.0007563167642026977,0.8,0.5,0.6,58,0.3337200693599146,0.1735033849952835
19,24,0.34087189478853286,0.6979647326307734,0.7052486295866648,0.3484470610096881,0.12659683300142266,0.14175610294927687,0.0003340155220877,0.0007910917361333202,0.8,0.5,0.6,60,0.3092353580563211,0.2087832717286982
19,25,0.3302024616054291,0.6847592711773993,0.69016501713959,0.3428354638858273,0.15917328322017266,0.13958021790850506,0.00029098875951029,0.0006937513922206222,0.8,0.5,0.6,61,0.3044786746921369,0.2027665990334916
19,26,0.31909460654201593,0.6769077895446605,0.6895124349052394,0.3642531248193734,0.10389078631633585,0.12796053910934913,0.00016838198844395,0.00020532771028391816,0.8,0.5,0.6,67,0.2700736434420789,0.1494910189129709
19,27,0.32923805154557884,0.682672951141638,0.6873104343090559,0.3828453187856316,0.12045793891214206,0.14294376432541928,0.00030860807995032,0.0004789532175872464,0.8,0.5,0.6,69,0.2701543648449799,0.1564808464062443
19,28,0.32819744891448405,0.6778131938357065,0.6748644128708783,0.3946047862687572,0.11587507096584304,0.14204457492739714,0.00025648238638187,0.0005322203707033256,0.8,0.5,0.6,70,0.326651594628905,0.2024907381789729
19,29,0.30834373054230313,0.6530325304801647,0.652525104905363,0.38913891165135045,0.24318685329761658,0.14491459145005114,0.00022884824851708,0.0004952375079767015,0.8,0.5,0.6,71,0.2912917233785967,0.1905941329959357
19,30,0.3050641010884464,0.6480110167473849,0.6466030287630234,0.39125222605562965,0.13929791939205963,0.145444772553683,0.00023933469307403,0.0005088242250234971,0.8,0.5,0.6,72,0.2859850039506812,0.1949925235675122
19,31,0.3021092759752556,0.6413428107559609,0.6324187852352376,0.40748662684783976,0.11384456536261035,0.1419093605431075,0.00017578940728884,0.000363224162424417,0.8,0.5,0.6,76,0.2944319804434746,0.1516571134151384
19,32,0.2981144284986535,0.6353487041440657,0.6254278098859805,0.40904668476115497,0.13880189539724996,0.1419908572357926,0.00016712019098231,0.0003429009712636529,0.8,0.5,0.6,77,0.2904032583710229,0.1619937484641353
19,33,0.29905106538053533,0.6361483605787315,0.6261600083344774,0.4101430669521911,0.11678382739484673,0.14348939093074353,0.00018131258220393,0.00034749669277004704,0.8,0.5,0.6,78,0.2832518305021696,0.1594522062232757
19,34,0.30000096885382516,0.651342082318204,0.6711190671789913,0.4405450642799352,0.11904119128184884,0.14598379946116236,0.00026246834454132,0.0004901735800973938,0.8,0.5,0.6,82,0.2760192842360244,0.1566722125158233
19,35,0.3000009718808469,0.6476308520084179,0.6598933537355385,0.43095381687748074,0.11721240752610937,0.14598379934273042,0.00026246835602149003,0.0004901735388809343,0.8,0.5,0.6,84,0.2760192858661727,0.1566721968233528
19,36,0.2994758937498827,0.6505349526960654,0.6701761615600879,0.4579007717232349,0.11835853726076581,0.1459980989488259,0.00026024102861056,0.0004994197410925503,0.8,0.5,0.6,87,0.2763121935934413,0.1603741481881966
19,37,0.30069504516769807,0.6418342838128838,0.6452679656772852,0.46635482163136377,0.13046355898290715,0.1534977170225039,0.00018037492854793,0.00034382830481734727,0.8,0.5,0.6,91,0.2090758971859184,0.1145019071013303
19,38,0.29666235127036417,0.6358573820722867,0.638404559054452,0.4675403680557204,0.14465176233782412,0.1527461464141681,0.0001649988643765,0.0003526703117437362,0.8,0.5,0.6,92,0.2274059704091937,0.1099297645891119
19,39,0.29349697438360633,0.6342255315142089,0.6433231220920808,0.48416094922936026,0.1310244951958318,0.1533223471279104,0.00017813495397859999,0.00040881178161917376,0.8,0.5,0.6,95,0.2313889600029811,0.1194776434815014
19,40,0.29321549005975067,0.6289703717495361,0.6300066469632573,0.4902673650502067,0.13159950506754356,0.1554866975318208,0.00016898424491708,0.00048181404534730643,0.8,0.5,0.6,97,0.225572910038751,0.1099151268280618
19,41,0.2879812152721945,0.6251111061110838,0.6326724558529183,0.5367333107170404,0.12543367236310374,0.15342675129853944,0.00025489204916937,0.0005355392245742819,0.8,0.5,0.6,108,0.2355961932515399,0.2029325822538644
19,42,0.28503610587087996,0.6272405498674953,0.6488624587464497,0.5727449304021721,0.12781382574470856,0.1542412752693746,0.00018258949160456,0.00047064891258527313,0.8,0.5,0.6,114,0.2045808901075888,0.1176458114254924
19,43,0.27962413958768123,0.6118441596330843,0.6234801114780318,0.581973682623055,0.14250956081459928,0.1576494318275117,0.00052202045340844,0.0011380126523265006,0.8,0.5,0.6,118,0.2241585690429416,0.147409623688282
20,0,0.9906311200948759,0.9969696084240741,0.9964696828513327,0.1485295483337864,0.0,0.0,0.0,0.0,0.8,0.5,0.6,1,0.7896933605758443,0.7531954226678935
20,1,0.8920512478054802,1.006048093402958,0.9957926203645054,0.20456464674099642,0.1901747989876579,0.08521976943181529,1.946219054146e-05,4.8346259921100404e-05,0.8,0.5,0.6,3,0.6152765350020863,0.5524439350686344
20,2,0.5425533360596546,0.8359863003832413,0.7958149235570592,0.16789290330935752,0.8274886377910181,0.09886911345383641,0.00019370546463389,0.0005052845145249262,0.8,0.5,0.6,4,0.409280805322007,0.2204503042365578
20,3,0.528251046416453,0.8261979581171004,0.7844654840860934,0.16659492522573,0.11820232496947286,0.09837709044821497,0.00022407176748961998,0.0005937632793439312,0.8,0.5,0.6,5,0.4205445678126793,0.2214267141038412
20,4,0.44961755860584623,0.7672802501804665,0.7158439809819366,0.15621887148713193,0.3216999989842424,0.09866231514885074,6.550854496856e-05,0.00018600950376311626,0.8,0.5,0.6,6,0.2637362930159513,0.2042001203788711
20,5,0.43190477174309705,0.756192722931136,0.7097929856108611,0.15766136611903458,0.11027428119571675,0.09892455255305437,6.770006435341999e-05,0.00020442785915805308,0.8,0.5,0.6,8,0.2082640948875273,0.1625489275212522
20,6,0.3947311469302852,0.7229664782451315,0.6702254083676713,0.15792502509939363,0.16378624234339514,0.10553013764166397,3.886319781246e-05,0.0001097585528476006,0.8,0.5,0.6,10,0.2633680772311712,0.2081400113034563
20,7,0.37916989159692316,0.7100017098152026,0.6560137837449633,0.16043032386864758,0.11995920596675184,0.09863054322747004,8.459863032222e-05,0.0002600593868009986,0.8,0.5,0.6,11,0.2379178426095643,0.2091311728264041
20,8,0.341553894045912,0.671897531320695,0.6185519576121321,0.15506474962785902,0.16001477566869732,0.09843272796118631,8.432555395097e-05,0.00025933762132312777,0.8,0.5,0.6,13,0.2077316455192688,0.163411207184235
20,9,0.341518564106923,0.6718581182224993,0.6185060214657317,0.16019397108549108,0.0791061278206138,0.09843272796118631,8.432555395097e-05,0.00025933762132312777,0.8,0.5,0.6,14,0.2086146413652742,0.1621919549192432
20,10,0.2861683809988938,0.6043863777234912,0.5455189704403438,0.1475544788572701,0.41252965928622837,0.10798989259217505,0.00014787128675469,0.00046392197092499807,0.8,0.5,0.6,15,0.2137906727722285,0.0892136431210467
20,11,0.28256636541943597,0.5989373787717277,0.5390467464888078,0.1450072320818232,0.1002909208735169,0.10887570278132074,0.00015128475099742,0.0005361538398593979,0.8,0.5,0.6,17,0.1935813128426922,0.1274106271259985
20,12,0.27283376554205746,0.5847267624186119,0.5224857093208735,0.143661315555212,0.14671137725885158,0.1089253629470561,0.00017283292628282,0.0005135426470659672,0.8,0.5,0.6,18,0.152346495420551,0.1976519342201723
20,13,0.2688533718468631,0.5812050029738325,0.5249439789397967,0.15008091724628847,0.12755999501207055,0.11148367075756195,0.000166793133434,0.0005550956627134144,0.8,0.5,0.6,19,0.1592326415510898,0.1261520578321586
20,14,0.2687343303503964,0.5810213016943111,0.5247299705400967,0.15533516718799645,0.09036108998741628,0.11148367075756195,0.000166793133434,0.0005550956627134144,0.8,0.5,0.6,20,0.1587854740183313,0.1275018574187486
20,15,0.2670160303970053,0.5821737515023393,0.5330024483116551,0.15634674962151301,0.09934088142363443,0.11125562341785114,0.00016845343846689,0.0005781489856364378,0.8,0.5,0.6,21,0.156755856398357,0.1144547342040159
20,16,0.25029115745770175,0.5553498285464094,0.5018140444561738,0.16431731252571266,0.14360932480141386,0.11076843240238911,0.00016563319713063998,0.0006175188340635836,0.8,0.5,0.6,23,0.1397614491083579,0.1065716896406102
20,17,0.2496308108202777,0.5579529688867384,0.5117499778014325,0.16880658591230932,0.09133134122017383,0.11075126280054659,0.00016951458402407,0.0006252499659034513,0.8,0.5,0.6,25,0.1366469523657038,0.1043259845107751
20,18,0.24146424851578088,0.5452601736977863,0.4972381736865976,0.16303926993375115,0.13341315852830676,0.10898602731501757,9.215597585747e-05,0.00026600497248139226,0.8,0.5,0.6,26,0.1568151452459569,0.1077130191662417
20,19,0.24146945844076861,0.5440650568240407,0.4956084062294413,0.16958977122814325,0.09920173494104119,0.11073403782421276,9.713694416502e-05,0.0003309561364546883,0.8,0.5,0.6,27,0.1302619460430752,0.0778726269200637
20,20,0.22363518017094278,0.5111554501216397,0.45727561533867556,0.16624743416724844,0.15657885908501998,0.11068558183557288,0.00010414855528514,0.0003302459015208752,0.8,0.5,0.6,29,0.1110668078068156,0.0686606024015623
20,21,0.22163528771268304,0.5110118283994758,0.46401882431756475,0.17904567600570906,0.09659427803289934,0.11061007978198042,0.00011030188349864,0.0003417675160467914,0.8,0.5,0.6,31,0.1117230074983562,0.0739196570673783
20,22,0.21959259934763575,0.5069122561359571,0.4592318700745489,0.16990335110603874,0.10600177363528988,0.11069048475858849,0.00011151468326111,0.00034545916136918554,0.8,0.5,0.6,32,0.1119058999117097,0.0704611129579389
20,23,0.21377075955561098,0.49899872353359276,0.456937907140294,0.18484459731183456,0.11237390651993487,0.11062858171797538,8.217421709008e-05,0.00022188642563881168,0.8,0.5,0.6,34,0.1121073614892418,0.0876389785638483
20,24,0.203103355801178,0.4761135090128806,0.43025170410122343,0.18477242197650476,0.18385455485901755,0.11080239753760429,8.999286235452999e-05,0.00024265345445317774,0.8,0.5,0.6,35,0.1159983213724072,0.0831145964301305
20,25,0.20040368766431355,0.47298392520360627,0.43339733833997,0.20657371540419572,0.09570033259106805,0.11166223467281511,7.380768077865e-05,0.00022803391530607368,0.8,0.5,0.6,40,0.1323167978293717,0.1093180751458576
20,26,0.18823747208506722,0.459591861554736,0.44544741564563295,0.24707829127538228,0.1036716855081956,0.11134557040133086,8.394589003023e-05,0.00021220121760207495,0.8,0.5,0.6,48,0.1175956004511588,0.1044698354457317
20,27,0.18813803513498176,0.4628948571309353,0.4561788700924449,0.2425306057550005,0.09043304585762132,0.11152952450531499,8.247593074710001e-05,0.00015638956664352152,0.8,0.5,0.6,50,0.1015510293769205,0.1038361321718544
20,28,0.18782301280266203,0.46588058667276394,0.46656486766432725,0.2582343421575783,0.09075261172602911,0.11147630916472766,8.346678494177e-05,0.00017095692365188208,0.8,0.5,0.6,52,0.1101600628297879,0.1090276115056325
20,29,0.18645932955513916,0.45881380080246875,0.4514317737082496,0.2710778736921139,0.0962139045375798,0.11149156267486597,6.94024250226e-05,0.00014486884187657836,0.8,0.5,0.6,54,0.105744549102183,0.0989559413548458
20,30,0.18479287758146729,0.46959330130833904,0.49160943364193227,0.3218893424103971,0.09130988631638436,0.11142712731820023,6.0619079438310005e-05,0.00012714144561837165,0.8,0.5,0.6,62,0.1154406229903225,0.1188000762292765
20,31,0.17782887588578164,0.4514155717027433,0.47041378955822316,0.32503397817010327,0.11451759360401856,0.11153116958500386,0.00010720980719084,0.00014322121478375018,0.8,0.5,0.6,65,0.1193128194616083,0.1170640587723014
20,32,0.1770812553105791,0.44527608362692783,0.45631571834409596,0.355855635480907,0.09336294513044335,0.11190546857596598,6.718437647676e-05,0.00011724031350955912,0.8,0.5,0.6,68,0.1090779295412322,0.1185472481943258
20,33,0.17495667077444763,0.44367796134240606,0.4613976984236659,0.36422389568368657,0.09975747318686519,0.11159384822212261,7.763004503585e-05,0.00010461328449240612,0.8,0.5,0.6,70,0.1276218599752918,0.1227260445103599
20,34,0.17469144267486297,0.44661847564558077,0.47172084240750317,0.36403045510937704,0.0905181863980038,0.11150298640635403,9.016758318029e-05,0.00026277322017207203,0.8,0.5,0.6,73,0.135965175026473,0.1187231806721061
20,35,0.17164575302315963,0.43434459001428216,0.4505053081072955,0.3834061740465913,0.12513357890458054,0.11163709206867534,7.805813779464e-05,0.00024163676275593363,0.8,0.5,0.6,74,0.1422564675576127,0.1218207324494088
20,36,0.17150005018702597,0.43766624410628435,0.4612788268831686,0.39354914955642967,0.09028558505880185,0.11162129331307832,7.784971439962e-05,0.00024606968325057923,0.8,0.5,0.6,76,0.1432434215210191,0.1223659824017233
20,37,0.17147185720850777,0.43015968117428977,0.43872896608513734,0.3181969465669864,0.08981330013030099,0.11162443267813708,7.794814221875e-05,0.0002466458476814422,0.8,0.5,0.6,77,0.1439726499989915,0.1223936303208585
20,38,0.17130225176187924,0.44829758197622177,0.4943753552075308,0.4648608356543745,0.08955273056970622,0.11165202587049597,6.213218097231e-05,0.00017023649837446357,0.8,0.5,0.6,93,0.1454712929791564,0.1185309223796627
21,0,0.9259412434993676,0.9752592203998572,0.9711777594515972,0.14247886458778977,0.0,0.0,0.0,0.0,0.8,0.5,0.6,1,1.0754391665716474,0.7636066909511281
21,1,0.8390665885474536,0.9843784199268713,0.9706772928828485,0.19796136237314538,0.1876942969803673,0.08426178029915693,1.019592825971e-05,2.848711380118293e-05,0.8,0.5,0.6,3,0.8611697505601531,0.5535435109451394
21,2,0.4960927786926389,0.8034626012502867,0.7579095470062035,0.15890067578059766,0.8759929370754508,0.09886716029529208,0.0002474610344195,0.0006274660411778079,0.8,0.5,0.6,4,0.553901806021903,0.2251766625272244
21,3,0.41538932439677423,0.7380285841626021,0.681725861641245,0.14511747521731005,0.21371018783583573,0.09904074421796905,5.402033883944e-05,0.00010362033876790124,0.8,0.5,0.6,6,0.4153159721333068,0.1525308461453527
21,4,0.4153758554559375,0.7380166462363049,0.6817117514002375,0.14696815659817272,0.07937666857234019,0.09904211682636,5.4022342693589996e-05,0.00010359938615515077,0.8,0.5,0.6,7,0.4154260544345697,0.1526379229650945
21,5,0.4006189432714105,0.7282483095006422,0.6772571898741442,0.14764194970068184,0.13420812787009834,0.09885736776875892,6.390774796647001e-05,0.00010951175064770201,0.8,0.5,0.6,8,0.4028797618876289,0.158612978201571
21,6,0.3895695549818131,0.7210011418421591,0.6618749761525649,0.15715086057815889,0.12340545239450891,0.09915817868412154,6.860896990858e-05,8.057124294805234e-05,0.8,0.5,0.6,9,0.4147860626624833,0.2626288029653139
21,7,0.3926648231379261,0.7246383117651493,0.679299162996625,0.1541052715877289,0.08572181842134055,0.10378179897824817,8.112652034932e-05,0.0001432815092628459,0.8,0.5,0.6,10,0.3943798093822391,0.1515377478149938
21,8,0.3701200236625015,0.7019519873663715,0.6465855675676957,0.1617090372764948,0.15620070041725898,0.09915817868412154,6.860896990858e-05,8.057124294805234e-05,0.8,0.5,0.6,11,0.5436066825903223,0.1743546503638127
21,9,0.36913987629514894,0.698769573283646,0.6428714157274485,0.16000645660898052,0.08374486981213396,0.09908080078865876,0.00011274265956124,0.00021505121401274073,0.8,0.5,0.6,12,0.3514625673190221,0.1935824268387768
21,10,0.35193991124512347,0.6849298728619053,0.6325384079170853,0.1614418542860451,0.1909542483323321,0.10756059831155572,0.00011737787250482999,0.00014255442381118084,0.8,0.5,0.6,13,0.420223421817756,0.2407110986465546
21,11,0.34439235621706715,0.6749952073815029,0.6220771922940541,0.1588667058937215,0.08311428530302865,0.09908080078865876,0.00011274265956124,0.00021505121401274073,0.8,0.5,0.6,14,0.3854986504963328,0.1798338165439625
21,12,0.3344891417521048,0.6593671443166844,0.5958449362917873,0.15285809684453677,0.1646459710197945,0.10758153918417941,0.00013101616312438002,0.0002197441141778687,0.8,0.5,0.6,15,0.2936396785398318,0.1158394955320021
21,13,0.3269957895146997,0.6523901818953064,0.5876991482459581,0.16201466264792327,0.12354707476838288,0.10767344892015458,0.00016687938146950002,0.00024777535673785566,0.8,0.5,0.6,16,0.2880079571127836,0.1490299520055581
21,14,0.31505303497314646,0.6462691984545214,0.594392959544395,0.15320959813587962,0.146125969813458,0.10756152193325275,0.00014968379709216,0.0002073779112249432,0.8,0.5,0.6,17,0.2646855172564643,0.1314520274802396
21,15,0.2973964443155173,0.6162826874267309,0.5525371790690692,0.15777236076675819,0.18163777684583418,0.10767344892015458,0.00016687938146950002,0.00024777535673785566,0.8,0.5,0.6,18,0.2928509458092874,0.1118558745832707
21,16,0.28130840569510174,0.5901273734510233,0.5151330044569024,0.1451171946386203,0.17999095059758427,0.10794696973752956,0.00015182207387844,0.00021789781052796012,0.8,0.5,0.6,19,0.2623169960709975,0.0762006856465808
21,17,0.26785107465702235,0.5700033065006916,0.4916401425034047,0.159114247024067,0.17104093888968158,0.10824516436833553,0.00021774238387178,0.0002594044481309047,0.8,0.5,0.6,20,0.2510283408537487,0.1229181914076369
21,18,0.27338585984371455,0.5746564380995886,0.4958752276345096,0.16816789640505406,0.10451731757416269,0.11721369659336159,0.0002190759012332,0.0002791172110635357,0.8,0.5,0.6,21,0.2484313577024833,0.1032302943518566
21,19,0.24731117935441546,0.5371828484543038,0.4534488823468328,0.1399249228004156,0.21043520142429556,0.10796550075999581,0.00019051302861861002,0.00021494466458100834,0.8,0.5,0.6,22,0.2189213960862273,0.1029354901223977
21,20,0.2453129960062183,0.5373904487757653,0.46056690678594514,0.15148472779299013,0.101838052072175,0.10818442422404989,0.00017480235241275002,0.00019932100702545584,0.8,0.5,0.6,23,0.2204120145534222,0.0974324781502934
21,21,0.2436995190497224,0.5349482807598963,0.4577945819166065,0.1454885907208062,0.09458773788146053,0.10760890472295556,0.00017903907991515,0.0002285901020285085,0.8,0.5,0.6,24,0.2156158721463183,0.104959577902485
21,22,0.24164927779855158,0.5350865436918634,0.46484811214755783,0.15716168728804183,0.10138265358428276,0.10771141250808686,0.00016277907497509001,0.00020419395517720009,0.8,0.5,0.6,25,0.2261765539523015,0.0831858044727519
21,23,0.24648090746070492,0.5305900067688898,0.4445733302871389,0.16602630866297077,0.1128330385854463,0.11714485256690375,9.004996653063e-05,0.000133642340663904,0.8,0.5,0.6,26,0.248014307341021,0.10539771544017
21,24,0.23412138672614805,0.5181285307158053,0.438204854354324,0.1587123008008347,0.12157303731984415,0.10768864412757116,0.00010779697676013001,0.00013339080431624107,0.8,0.5,0.6,27,0.2291664041521546,0.0972298744195433
21,25,0.23393384180174448,0.5175953237282586,0.43754398018695595,0.15351786517795707,0.08971621979565286,0.10799286322089015,0.00010083179665341,0.00013478314441483429,0.8,0.5,0.6,28,0.2272644542385757,0.100376583818408
21,26,0.23354159855573098,0.5202647578713318,0.44748905150453056,0.15873918379793134,0.09289604607260936,0.10849566596819402,0.00010559751165868,0.00013657629129328448,0.8,0.5,0.6,29,0.2269349153362916,0.0977380651319732
21,27,0.2381514795452825,0.5198526907751578,0.43906993410553363,0.1829439013349001,0.09741970320476291,0.1164019156608292,6.295715691424e-05,0.00010603784734842667,0.8,0.5,0.6,32,0.2564377823705183,0.1135054469542526
21,28,0.23172074679736107,0.5241713643974683,0.46580664178202286,0.19907386897451537,0.08772948251833376,0.108740326023419,0.00012144003448585001,0.0001805485737221571,0.8,0.5,0.6,37,0.2300953768691586,0.129868847610095
21,29,0.23039440338876804,0.5254261279460606,0.4741706304675501,0.21285825943178954,0.09220377806435003,0.108740326023419,0.00012144003448585001,0.0001805485737221571,0.8,0.5,0.6,39,0.2335365966511425,0.1235021805840046
21,30,0.2263745687969573,0.5168628738260206,0.4640012697951786,0.23502635290959303,0.09503502661592295,0.11033965329800623,5.9569484891540004e-05,5.405525646173497e-05,0.8,0.5,0.6,45,0.1832142219007592,0.0725627631949684
21,31,0.22460807458030482,0.5171857081029462,0.4712783336721989,0.24306013056687623,0.09534650382715468,0.1103514329140727,5.925176178949e-05,5.1115833212753805e-05,0.8,0.5,0.6,47,0.1704824307867579,0.0865508494882743
21,32,0.2198462031480886,0.5077574098233965,0.46027366586055646,0.24955969492586808,0.10815088148594079,0.1105078838240515,6.194598386709e-05,5.21714787228355e-05,0.8,0.5,0.6,49,0.1742099521586866,0.0640367627484475
21,33,0.21964023522915213,0.5073286691790648,0.4597708059166051,0.24986095883652817,0.09034095384878275,0.11053397217938436,5.9977941570870004e-05,5.331760336036649e-05,0.8,0.5,0.6,50,0.1752491534741078,0.0665036030733448
21,34,0.2176347822237143,0.5070308219716986,0.4663241436089035,0.26113610333741294,0.09403257432187787,0.11055255383367593,6.106340497147e-05,4.682357257305313e-05,0.8,0.5,0.6,53,0.1689905303012408,0.0602426334849553
21,35,0.21729402442097,0.5027188680562602,0.45441283894265583,0.2672977213089664,0.09052348764424278,0.11045040902716606,5.1384445040639996e-05,4.746034072906495e-05,0.8,0.5,0.6,54,0.1702945670131831,0.0621610488467842
21,36,0.21204596168264092,0.4994274984283078,0.4643832663554774,0.2801816743549022,0.09946100356828835,0.11043500587200265,5.8765657962599996e-05,5.848330178430803e-05,0.8,0.5,0.6,58,0.1757335533073857,0.07151822369185
21,37,0.20066095947801152,0.4784521593509908,0.4468261217720638,0.3059368721967017,0.10903870168460232,0.11035657695528284,7.744478515801999e-05,0.0003874321347376882,0.8,0.5,0.6,63,0.1409013046248127,0.0594129951121645
21,38,0.1986731624600127,0.4776964003199616,0.4528489072106163,0.3343981560640779,0.09314975489267027,0.11042193367334673,6.24075724638e-05,0.0003028139927697476,0.8,0.5,0.6,67,0.1436446937977115,0.0577445223530424
21,39,0.19669261518406117,0.4733382292378324,0.4477920902405993,0.32323801114350115,0.09716122586501667,0.11022918673512103,7.712233981384e-05,0.0003422336399624998,0.8,0.5,0.6,69,0.1353089079961317,0.0637638112242008
21,40,0.19644444884563161,0.47660928782434103,0.4585214851021476,0.3363085758200393,0.08973028945099394,0.11010381616224145,7.617056706531e-05,0.00034346181517071146,0.8,0.5,0.6,70,0.1378051932158097,0.0589348370572342
21,41,0.19366084495595612,0.46610366610672305,0.43933857183278247,0.3618493297663445,0.0934293862235166,0.11049559857953173,8.043419302937e-05,0.0002414055268983829,0.8,0.5,0.6,76,0.1466586251304545,0.044619476244044
21,42,0.19193183848787723,0.4699082656880704,0.45763134732639693,0.36403934889981016,0.09274407860364267,0.11000345966375707,7.143864271318e-05,0.00033855392521132526,0.8,0.5,0.6,79,0.1382616545839885,0.0491708157528557
21,43,0.18891578653946337,0.46254027133247905,0.4490310114020141,0.37581103110610087,0.1191565249250765,0.1101442611380753,7.445490697271999e-05,0.0003185969706571552,0.8,0.5,0.6,80,0.1304410268366179,0.0473315014437843
21,44,0.18813794944487433,0.464894812306424,0.4587367877196167,0.3856207529259409,0.0893453894090923,0.10968939717558973,7.131286631899e-05,0.00031532375419048486,0.8,0.5,0.6,83,0.1399343037622276,0.0471361945091887
21,45,0.18713763746440304,0.4655465152172124,0.46632827656161524,0.38855457556967554,0.09318373119780106,0.1101957813381618,8.162605403430999e-05,0.0003382199874731001,0.8,0.5,0.6,86,0.1331239693107272,0.0346035203481219
21,46,0.18508986512500195,0.4570676922777067,0.44958112211545304,0.3904211781562718,0.10706823793737964,0.10998508063734673,8.559430858412e-05,0.00028632744096555873,0.8,0.5,0.6,87,0.1365592748801548,0.0401194041016199
21,47,0.18256077181213318,0.45038725162886106,0.44176439071921214,0.4063939982992547,0.11679625215388312,0.11023272847741943,8.76211957139e-05,0.0003000990098515825,0.8,0.5,0.6,88,0.1326082203083532,0.044996548380987
21,48,0.1795943935213547,0.44668128039198757,0.4443706126609865,0.4218631572917514,0.10331083520993148,0.11007220658076118,7.933681794237e-05,0.00030545546746670927,0.8,0.5,0.6,90,0.1366519775184379,0.0456316101933895
21,49,0.17840881169776757,0.4399287033291477,0.4296068581092681,0.4281709440430221,0.09446585466945917,0.11005334013812906,7.486392033461e-05,0.0002837069725026218,0.8,0.5,0.6,92,0.1365951693448972,0.0488964448586001
21,50,0.1780077591830121,0.4461693000125385,0.45066861678125686,0.46749111519444336,0.08890371966873008,0.11014225081444583,8.075200393253e-05,0.0002894915628869683,0.8,0.5,0.6,101,0.1276588656556546,0.0444708789860865
21,51,0.17549539508563353,0.4431393865820231,0.4540336149748497,0.47288358554110527,0.11640496223141254,0.11021989148534223,8.252652055801e-05,0.0002596602727606015,0.8,0.5,0.6,102,0.1189538225643601,0.054462518457043
21,52,0.1747731798717547,0.44466646994116515,0.4626925648839077,0.5052502929920807,0.08946060820565216,0.11036820422738401,9.517447500687e-05,0.00027650634974388157,0.8,0.5,0.6,112,0.1139857111854309,0.0478542923660136
21,53,0.173027258081525,0.4437506347440974,0.4685397664137392,0.5184993836471334,0.09469918251966979,0.11029309746119881,9.038883344915e-05,0.0002603655379226348,0.8,0.5,0.6,115,0.1131960378117793,0.0501617222740232
21,54,0.17286062802649502,0.4395189095601017,0.4567017578059698,0.5220269871264069,0.08961942158351878,0.11033191714631031,9.212711836281e-05,0.00026751576046116405,0.8,0.5,0.6,117,0.1123208580743527,0.0468663912963355
21,55,0.17275971738836202,0.4393757144961087,0.4565475820610758,0.5634421142895484,0.08842978275484831,0.11030517962626478,6.686800753966e-05,0.00019645313490715543,0.8,0.5,0.6,125,0.1117106829958738,0.0480056168754964
21,56,0.1721323904974326,0.44571702698692667,0.4777992815881257,0.6470445023290661,0.08846143381324253,0.10989629586078943,6.058671417552e-05,0.00014244648098260665,0.8,0.5,0.6,132,0.1244472594440722,0.0552482529750172
21,57,0.17176372855215405,0.4447282017032856,0.4766499046430693,0.6506476550944406,0.09202914487910357,0.10987973292927919,5.4747331628739995e-05,0.0001432751219548955,0.8,0.5,0.6,133,0.1241081021196893,0.0559629521520019
21,58,0.1714158553578629,0.4428900563746157,0.4744277482102099,0.6155813822345991,0.09090198546169173,0.11038631928701542,8.953387909346e-05,0.0002550363512871416,0.8,0.5,0.6,137,0.11476434782226,0.0489901706283915
21,59,0.17103236135706018,0.4833238617253805,0.5975178975785812,0.7046927225325873,0.0881409496514954,0.11000928100592507,6.359299532457e-05,0.00015672509318483878,0.8,0.5,0.6,150,0.1226634989289368,0.0547282885205734
21,60,0.17074027877924802,0.45662277094341486,0.5181054940263645,0.8077640551067782,0.08832624930280195,0.10995793880429702,6.11075133465e-05,0.00013623825560302833,0.8,0.5,0.6,161,0.1283305527800272,0.0548056215713584
21,61,0.17061186610678059,0.4564787668211013,0.5179571385776329,0.8191645806731536,0.08802092645751979,0.1097989278753559,6.749450974198999e-05,0.00014629108122444264,0.8,0.5,0.6,163,0.1251002861096697,0.0555111632027184
21,62,0.17069176120654606,0.46338529478886875,0.5397399899040223,0.8849411407602272,0.08860601548579551,0.11030552495043017,6.477164249576e-05,0.00015453017532821866,0.8,0.5,0.6,179,0.1232636147274615,0.0477296400785137
21,63,0.16894976323461067,0.45496500835517634,0.523045286854236,0.8746913819217719,0.09777564156278444,0.11019040687062563,6.827476184155e-05,0.0001343008456532103,0.8,0.5,0.6,181,0.1220962429799733,0.0557328571350203
22,0,0.903894387336806,0.9675255890672596,0.9621683516963887,0.13888965193522007,0.0,0.0,0.0,0.0,0.8,0.5,0.6,1,1.1581799413109262,0.7495063282056779
22,1,0.8168098993867366,0.9774851298869922,0.9619502207346555,0.19908637288236505,0.1988928901595454,0.08952737300270038,1.498481356592e-05,4.1405024110139884e-05,0.8,0.5,0.6,3,0.9358406407450944,0.5477409723644128
22,2,0.4915384426633696,0.8000430403019685,0.7539581660702079,0.15780551264855489,0.843241795358362,0.09864342196724914,0.00023761131600601003,0.0006077784533272257,0.8,0.5,0.6,4,0.5779155439603226,0.2351652127899694
22,3,0.4912027371731979,0.8039570681793325,0.7651271893404755,0.1637921581376719,0.08441759187418213,0.10076513606629302,0.0002763708714423,0.0007060223854111876,0.8,0.5,0.6,6,0.5718890486631513,0.2269819400506282
22,4,0.4260471910557026,0.7547178993712175,0.7151403402527355,0.17367624204846868,0.1471657133918411,0.09775656552719507,9.013947628803e-05,9.308688620187059e-05,0.8,0.5,0.6,9,0.5516915212737201,0.3335288201647058
22,5,0.39029101200431776,0.7261468910108875,0.6873568438879568,0.1773868630568246,0.17089800000708477,0.10825048244304131,0.00017905830660008,0.00018491321334860195,0.8,0.5,0.6,11,0.4881767710313518,0.3488632770464404
22,6,0.3373223900452241,0.6706431528235413,0.6234043181839068,0.16565046979296133,0.18868689281537393,0.10296435200740317,0.00015651894192201,0.00010293370009528215,0.8,0.5,0.6,13,0.3319442180262128,0.2627501687109633
22,7,0.3192746103570841,0.6523562833916374,0.6086855041509075,0.16787028581270083,0.13322072064293444,0.10536679889779312,0.00015007845570088,0.00011190828548789576,0.8,0.5,0.6,15,0.2840331719694247,0.2483806111404946
22,8,0.29140613802014337,0.6225688570339941,0.5872720945074554,0.1828830377745816,0.11533524054646581,0.10927795306774182,0.00016088794777038,0.00010570888526062597,0.8,0.5,0.6,21,0.3058088353548486,0.2937839476232557
22,9,0.28728116329336395,0.6167993756442569,0.5805678143472219,0.1907033213823472,0.09518772081186785,0.1091415555170941,0.00014232496700191,0.00013147064364546227,0.8,0.5,0.6,24,0.2865538397803387,0.2575706675339947
22,10,0.2575782474782306,0.5814683786407245,0.5537510625163631,0.1943707276045872,0.13849392590054893,0.1050363384700118,0.00017635363486426,0.00013806359990473714,0.8,0.5,0.6,27,0.2385143187605339,0.1664383870382142
22,11,0.24011299722964288,0.5411969068198127,0.4983037956829314,0.19033026389851973,0.18985340085148125,0.11743337627522964,0.00013645969864534,0.00010957711783842706,0.8,0.5,0.6,29,0.1997185978629425,0.1913751547794869
22,12,0.23387553275090947,0.538986869555567,0.5098931084929236,0.21814871196679847,0.0957571436313343,0.11464241216663669,0.00017967618149215,0.00016340962328776178,0.8,0.5,0.6,37,0.2429080682457053,0.1391941918115607
22,13,0.22103725653929188,0.5188738559518679,0.49353244278749836,0.22891475238632972,0.18484241529303605,0.11339708396915125,0.00016194024291351,0.00013952256137258988,0.8,0.5,0.6,38,0.2305753953731562,0.1401681010988511
22,14,0.21900205225387506,0.5157363797957869,0.49002917372559307,0.22738383986993502,0.09456513058277091,0.11224587269657443,0.00016302172240646,0.00014017576113780521,0.8,0.5,0.6,40,0.2252973316244147,0.1340073634310351
22,15,0.20842353505092265,0.4902868399651355,0.4598872881569038,0.2231890017091826,0.21022621258391644,0.11593276918140671,0.00019221580157129,0.00019032250772965344,0.8,0.5,0.6,41,0.2204415019954131,0.1041473802984764
22,16,0.17850925519438468,0.42422034763729205,0.38358417263515293,0.19793797430248652,0.2169129963907286,0.11102645308654119,0.00013472531570105,8.876707611315057e-05,0.8,0.5,0.6,43,0.1701455976938672,0.1237786656371662
22,17,0.18281844577871675,0.42675124224408467,0.38564326519962044,0.20892599210769588,0.09826484950530719,0.11773351352139397,0.00013940776818146,0.00012684421695088204,0.8,0.5,0.6,46,0.1743821122313925,0.091253532643553
22,18,0.1759955077894709,0.4136367080646018,0.37743147466503496,0.2377007631407523,0.12602380446723005,0.11653238540600244,0.00011045646591505999,9.573477593250381e-05,0.8,0.5,0.6,48,0.1523101223327443,0.101392750174829
22,19,0.16079587684957353,0.3769208538150603,0.3419317313700044,0.24065486063054808,0.1697945045397978,0.11370294994857054,0.00011405828940512001,0.00011813539093219886,0.8,0.5,0.6,50,0.1437855312482754,0.0816034912018913
22,20,0.1572622981011488,0.36857023109742315,0.33904086274533096,0.2536634180010233,0.1043613095396377,0.1142121413984497,0.00011123625330898,9.698581500415461e-05,0.8,0.5,0.6,54,0.154374069142448,0.0802366026020913
22,21,0.15332348886354039,0.3629272903807678,0.33962259028763714,0.2689542476023839,0.10619677482968772,0.11227817444934295,0.00011556171058988999,0.00011232067742924866,0.8,0.5,0.6,56,0.1434692506035253,0.0863743397321332
22,22,0.14978332520872578,0.353900619090895,0.32931322499228727,0.2655180580111756,0.10453873596978873,0.1107035725668223,0.00012013197494399,0.00012244918802417255,0.8,0.5,0.6,58,0.1422096378367119,0.0832856760869222
22,23,0.15220214026432938,0.35985131420865346,0.3427364533635031,0.27403706101757336,0.09153959625341401,0.1138449934464813,0.00011284878887340001,9.607080264939737e-05,0.8,0.5,0.6,61,0.1474824689850693,0.0972298183218972
22,24,0.1521874205910081,0.3598080017374102,0.3426864466867468,0.27402302316723426,0.09135425126608038,0.11384152274412546,0.0001128599534733,9.603055735404894e-05,0.8,0.5,0.6,62,0.147394742500363,0.0972797663648663
22,25,0.14906945697538784,0.35333264988458835,0.3420832637369474,0.302363081553121,0.1012219366905061,0.11356365692580378,0.00010970380874875,8.356716976479916e-05,0.8,0.5,0.6,66,0.1511996197017246,0.0904407851284288
22,26,0.1489496071605039,0.3528193286444494,0.34147905631736214,0.3126958458404139,0.09326649256110663,0.11361014766346184,0.00010978952207267998,8.38892140065862e-05,0.8,0.5,0.6,67,0.1517865899261055,0.0902025985362633
22,27,0.1464948334670738,0.3478782602089238,0.33596455727653035,0.3067845528491755,0.09432476278806945,0.1117800888695382,0.00010878714209998999,8.301790200401066e-05,0.8,0.5,0.6,70,0.1540712424008625,0.1020784122920696
22,28,0.1451253049379774,0.34978642745945626,0.3452884368047021,0.304834164997385,0.09073789125086532,0.11027815050844997,0.00010774365359676,7.89875010829418e-05,0.8,0.5,0.6,71,0.1434348086672872,0.0991823556108883
22,29,0.14340939571825617,0.33551042640113365,0.31480842107283546,0.2868560227126999,0.11797517944058591,0.11060967351529132,0.00010946773245002999,8.492120701745068e-05,0.8,0.5,0.6,72,0.1393064200821215,0.1031788104654999
22,30,0.14276167185518399,0.3366843584339984,0.3230669917073427,0.3065163727907504,0.09403479608043985,0.11069449585375002,0.00010983481592055999,8.487755414261762e-05,0.8,0.5,0.6,74,0.1417326576202942,0.1050814638564492
22,31,0.14279063395632707,0.33660311264129156,0.3296348505953267,0.30597088043145126,0.0955243716817558,0.11251056043741059,0.00011512629276052,8.11723873202477e-05,0.8,0.5,0.6,78,0.1415521581371877,0.105417437309203
22,32,0.14028380148361105,0.34237781144321844,0.3573103214918484,0.3663820948931314,0.08965487986759993,0.11068248734642064,0.00010790210949595,8.487673536355163e-05,0.8,0.5,0.6,94,0.132063844925538,0.0979512246198746
22,33,0.14027340044494285,0.34968585158017046,0.37962391462286926,0.41241147400590833,0.08875114327542662,0.11073816136922085,8.995778663057e-05,7.106029819445745e-05,0.8,0.5,0.6,102,0.1315536375211168,0.0981312363983236
22,34,0.13973586773479585,0.34371526391887236,0.36575229113631325,0.4155202023890994,0.0984295404860356,0.11085508729782344,7.874078483725001e-05,6.456855148652032e-05,0.8,0.5,0.6,103,0.1303839009668274,0.0964516603879113
22,35,0.14048971562063534,0.3593111498957081,0.41140539475571736,0.4665890120334643,0.08952317634443649,0.11179916282871642,7.970886742175e-05,6.276139245679593e-05,0.8,0.5,0.6,105,0.1394562879412822,0.101892442283983
22,36,0.1398832073659383,0.3437384872705768,0.36574769732811985,0.4230194297533046,0.08929512580119565,0.11109658103194858,7.90363445614e-05,6.209990509818377e-05,0.8,0.5,0.6,107,0.129823161712365,0.0934226415222403
22,37,0.13950674159925866,0.3542230714247791,0.39871457502711727,0.4693873861140499,0.09020088309372364,0.11075905716460907,6.971951174526e-05,5.517908362462875e-05,0.8,0.5,0.6,108,0.1399463914587466,0.1026203013339186
22,38,0.13967886395703297,0.35391508375624875,0.3982990178854028,0.46954952188341453,0.09170764345692897,0.11119119803113432,6.959962216717e-05,5.235201477244499e-05,0.8,0.5,0.6,109,0.1410481927635399,0.1035462437492985
22,39,0.14038056841308774,0.35435250297807636,0.39867726884434757,0.4816136526477342,0.09030872102419024,0.11217231917277273,7.934240458411e-05,6.295380827640665e-05,0.8,0.5,0.6,112,0.139201771037036,0.1016154172342252
22,40,0.13991286184713497,0.36056711756491766,0.41975522325540454,0.5221641931804735,0.09375088242237023,0.11192930030416189,6.939343636217001e-05,5.510295893728567e-05,0.8,0.5,0.6,113,0.1427604696618563,0.1019498733426626
22,41,0.14017992583131283,0.35313853455934946,0.3972358482469914,0.48140087586909025,0.09078160519395861,0.11237203314642899,8.304850547003999e-05,6.833501425925032e-05,0.8,0.5,0.6,115,0.1432858535722837,0.1077131474190963
22,42,0.14004509500473364,0.3565442504186311,0.4081186603656108,0.5146044619208634,0.09007674069354143,0.11228910378545028,7.146528647327e-05,5.6748144402813044e-05,0.8,0.5,0.6,120,0.1415715317213671,0.1043451174339639
22,43,0.13988110101914458,0.35618781223580387,0.407718364480295,0.5144466290837308,0.09096582576834289,0.11217244738938113,7.261988927634e-05,6.0166058353949304e-05,0.8,0.5,0.6,121,0.1456189800774525,0.1073707268987871
22,44,0.13965278296590788,0.3548372594668361,0.40611813215244646,0.621671919232071,0.09029867164241717,0.11224263581386276,8.058425661401e-05,0.00023147096051095647,0.8,0.5,0.6,140,0.1478309549826363,0.1102260584317251
22,45,0.1394916174837962,0.3618042728080225,0.4280484481709623,0.6487761689732169,0.09073207966843376,0.1122185484437676,7.855305499311e-05,0.000169174185299999,0.8,0.5,0.6,142,0.1473356285993741,0.110181734875172
22,46,0.13983372847273723,0.3540570731212683,0.4051237154600219,0.6257425093872461,0.09142274544044829,0.11285234150951923,7.79508824936e-05,0.0002848074403590439,0.8,0.5,0.6,146,0.1438313640011801,0.107661379030193
22,47,0.1392542672083466,0.3571585471870753,0.41573290673587,0.6563954662454233,0.09009058724408334,0.11218948955622865,8.307135738803e-05,0.00021624873789530627,0.8,0.5,0.6,147,0.1507782199296578,0.1098480739559717
22,48,0.13827742017142386,0.3586435287861072,0.42445431804384426,0.6670558374630897,0.09285905530183686,0.11146286340331904,7.854062952725001e-05,0.00028747755329042385,0.8,0.5,0.6,149,0.145939099409588,0.1057588342401858
22,49,0.13790180729050522,0.35659424658289596,0.42203331999665517,0.6666317315408555,0.0926834642507805,0.11170368246214767,7.926368981289e-05,0.000305528592358193,0.8,0.5,0.6,152,0.1411685886072686,0.1041265396799389
23,0,0.9342289720590634,0.9781207472360999,0.9745113401916108,0.14184252203255304,0.0,0.0,0.0,0.0,0.8,0.5,0.6,1,1.0364720546363622,0.7480756790839171
23,1,0.6397113586379128,0.8941150985539466,0.8567198034398595,0.17992036141380838,0.4131782861295257,0.09716984001976092,0.00038874788603902,0.0017107507457025312,0.8,0.5,0.6,3,0.7575322693364935,0.4675689842327974
23,2,0.521459611586866,0.8216963181896763,0.7791151646824531,0.1641401219865982,0.38578992203886914,0.09911592851854852,0.00022267982250022,0.0006812146720445219,0.8,0.5,0.6,4,0.4499733358607512,0.2224978930930312
23,3,0.5023248641037528,0.8116400098706441,0.7743923332189473,0.1656747050390557,0.10653274520382516,0.09840376907961838,0.00022551993060879001,0.000716928708765787,0.8,0.5,0.6,6,0.4428976292537004,0.2087887731072307
23,4,0.500983792676425,0.8151341329945124,0.7849025199014374,0.17075420469822578,0.08829963356292889,0.10173207045034657,0.00028318217093115,0.0009039045829485241,0.8,0.5,0.6,8,0.4271621096379742,0.2025759566014097
23,5,0.49340660833945604,0.8050881688729375,0.7667705368920131,0.17121912684943136,0.09349038070768201,0.09830847964068529,0.00023756051762057,0.0007241229517168694,0.8,0.5,0.6,9,0.4289778306829104,0.2144011361651965
23,6,0.4932711027556624,0.8049548957421336,0.7666361585723335,0.18054294977736907,0.07909978518541765,0.09849170987421918,0.00011810746806263,0.00036818637979544266,0.8,0.5,0.6,10,0.4186069049472691,0.2239203066740095
23,7,0.47804574457444515,0.8009788327697182,0.7757689753204303,0.1874890183679265,0.10332288502448331,0.09876899565373269,0.00011886244407218,0.00039804157753680415,0.8,0.5,0.6,12,0.4068538989105811,0.2582808829470876
23,8,0.4770867325886942,0.8002411787270498,0.7749107908202759,0.1895504956790144,0.08231674685261958,0.09876046023185224,0.00011910848504673,0.0003972016363800513,0.8,0.5,0.6,13,0.4053116596728115,0.2553131006035403
23,9,0.47635339191530646,0.7996759264716535,0.7742532324329388,0.19166120004269802,0.08160658287663575,0.09875378882990465,0.0001193097471714,0.00039650542948152403,0.8,0.5,0.6,14,0.4040989512206978,0.2527624940184054
23,10,0.4726724501587993,0.8000330080480269,0.7721605602914563,0.20192005796616025,0.15575841800082366,0.11750347173298488,0.00017925185756057998,0.0006916693697524972,0.8,0.5,0.6,15,0.3688176671141401,0.3174627066379011
23,11,0.4600794029406672,0.7936464859350447,0.7714432578520707,0.19988808314645343,0.11866008308814305,0.11864775578680438,0.00024731230942356996,0.0009220673956212499,0.8,0.5,0.6,17,0.3307505297821521,0.2643314875943751
23,12,0.454748848978352,0.7889453376729708,0.7662154339831925,0.19996970222851432,0.10725494102361852,0.11678351341175362,0.00023501215157630998,0.0009036839402395358,0.8,0.5,0.6,18,0.3302216196073073,0.2544804841490815
23,13,0.44825930619699167,0.7870345146989615,0.7710579598473968,0.20196366522378878,0.11218474204529506,0.11560961027672546,0.00023590859207558998,0.0007874761989226239,0.8,0.5,0.6,19,0.354336069665474,0.2497257109509648
23,14,0.424965612624389,0.7649414415217647,0.7477194913749082,0.19668568168413236,0.1095965939849079,0.09719087944121627,0.00021317859132784998,0.0011253043531377531,0.8,0.5,0.6,20,0.4174854644087651,0.2131035390071733
23,15,0.424984240212224,0.7697561978141505,0.7587355720820761,0.20899459289916422,0.09855179282314855,0.10897436758774358,0.00018532266381647,0.0005427496297617662,0.8,0.5,0.6,23,0.353176156711751,0.2410815243306555
23,16,0.41962205449211376,0.7611085418594278,0.7419711972807669,0.21874825570860365,0.10114047119418483,0.10716532476051044,0.00039146018545645997,0.0006401406142375945,0.8,0.5,0.6,24,0.4232349982007707,0.2656405552894493
23,17,0.41561364766907966,0.7573445847003932,0.7378185636905152,0.21955008343484578,0.09465191754322419,0.10543471947401599,0.00036808285612444,0.0006207031814504417,0.8,0.5,0.6,25,0.4184775075005583,0.2538874612372691
23,18,0.41832616404849915,0.7677808361212531,0.7627750298078976,0.23246813188160476,0.10395256747409422,0.11200003756875257,0.00121528208092739,0.0013227349850764578,0.8,0.5,0.6,26,0.3382820082476274,0.2252739652077203
23,19,0.41479950611989014,0.7644083492558669,0.7591083388538721,0.23331137200226693,0.09675402726273025,0.11011123064709802,0.0011291888999114,0.0012651422382482368,0.8,0.5,0.6,27,0.3410595146539889,0.2249959483874635
23,20,0.4190139798464075,0.7686538939623403,0.7632996760601268,0.23779456358971232,0.09532630971193867,0.11706562898483323,0.00013414940088574,0.00044446202934786806,0.8,0.5,0.6,28,0.3058707534217076,0.1952254732271965
23,21,0.41285711716642953,0.7663206206825486,0.7682382182062045,0.24366623994865802,0.0954648827932408,0.110111230647098,0.0011291888999114,0.0012651422382482368,0.8,0.5,0.6,29,0.3487064291712561,0.2421814195508877
23,22,0.37812769201393015,0.7323849397286288,0.7320599832951439,0.22644936880327796,0.09709809228475554,0.08588202602953016,0.00011490509741027,0.0005130077815194455,0.8,0.5,0.6,31,0.3458114461412043,0.1843275354726478
23,23,0.3869483481022283,0.7599313483283653,0.7961541451491526,0.30258798186401753,0.08610131111123649,0.1039597376583098,0.00055930085349507,0.0013736712165202287,0.8,0.5,0.6,45,0.3996541950973957,0.2883576728707949
23,24,0.37663748364439104,0.7532765722797997,0.7946335817360916,0.30678140963597045,0.11808974297481706,0.10839596012384563,0.00104685932641856,0.0018228185480351565,0.8,0.5,0.6,47,0.2863359798979407,0.2777692546161899
23,25,0.3675381366453989,0.7474972204558754,0.7947341982095787,0.3350013857523784,0.09458982951474872,0.1093473839707318,0.0008851984734486401,0.0013849125882349,0.8,0.5,0.6,54,0.2884614531312361,0.2808696462247306
23,26,0.3638876042186117,0.7473367054342445,0.8014693140321757,0.343072888314768,0.09636651755818801,0.10917790288876682,0.0009146777934505599,0.0013850510052740982,0.8,0.5,0.6,56,0.2821668021664555,0.2616101604061442
23,27,0.3642136999613062,0.755062026937319,0.8241645913030151,0.35982712125808997,0.08965973867024371,0.110048518921346,0.00094011490393827,0.0013037160288736137,0.8,0.5,0.6,60,0.2789481875527873,0.2573341796260335
23,28,0.35191494286640507,0.7456586947054159,0.8205814293256488,0.4187778135430161,0.09342667580593343,0.1058707947771611,0.0007015581440943,0.0023322525090407483,0.8,0.5,0.6,66,0.4155454346526908,0.1809817916923952
23,29,0.34835102226581693,0.7455116702602818,0.8274520136857215,0.41997366545137793,0.09180926610497314,0.10479807289584439,0.0007413718639389299,0.0023185474474618447,0.8,0.5,0.6,68,0.4218555922935137,0.1834122685833516
23,30,0.3483424139743396,0.7492132736938422,0.8386665077872124,0.43710068516544603,0.085616720961261,0.10479807289584439,0.0007413718639389299,0.0023185474474618447,0.8,0.5,0.6,70,0.4217455748099677,0.1819163871447613
23,31,0.3449455314964176,0.7418323477772123,0.8233431042959768,0.44964113693979324,0.08664392944522782,0.10373484015716698,0.00072224474075671,0.0019602747926974087,0.8,0.5,0.6,75,0.3914144794360869,0.2442606329666444
23,32,0.34467535491522056,0.7488531427793739,0.8451959874585652,0.4530606535855868,0.0879539786065448,0.10453239519220095,0.0007756522621892101,0.0021714122292910555,0.8,0.5,0.6,77,0.3428636955026128,0.1949730976220482
23,33,0.34133358482694764,0.7232398890545552,0.7744896051128187,0.6353071339256032,0.08201748636732235,0.09661058419452544,0.0012938645572949,0.0067900850027795496,0.8,0.5,0.6,118,0.5834672833443894,0.3402053219879684
23,34,0.3471028276802448,0.7288817525854837,0.7799463176459692,0.6572215337771264,0.09341706114310398,0.10867262694588666,0.00152339219844757,0.001789711888765371,0.8,0.5,0.6,119,0.5751492407172409,0.420617066663455
23,35,0.3479463291717099,0.7293426481451083,0.7798774236224201,0.6638648283875556,0.09905694502928904,0.1127013319179934,0.0012703302043535,0.0027496294650313506,0.8,0.5,0.6,121,0.5488525109179435,0.2625834184048163
23,36,0.3388701402126949,0.771802078226826,0.9269803633520843,0.6606834513451292,0.08916760852705419,0.10581454668581877,0.00097610149763467,0.0019935477457624605,0.8,0.5,0.6,126,0.6051532021686328,0.2912121151507831
23,37,0.325222083632337,0.7758371832390031,0.9675685931918057,0.8062260112220577,0.07900894552593893,0.0954515681822979,0.00098011146927747,0.0019021562575122985,0.8,0.5,0.6,151,0.610118046061507,0.2752124103696035
23,38,0.32472782996578026,0.7789655062730166,0.9781147784381498,0.8140728706032867,0.07919943402100968,0.09543364598058908,0.00097711954030971,0.0019330176963440124,0.8,0.5,0.6,153,0.6189400028462488,0.2754970514649722
23,39,0.3275358758031667,0.7742739773741636,0.958296719755874,0.71382489585331,0.08154541059021478,0.09948352481802168,0.00117646714092563,0.0019051631298778885,0.8,0.5,0.6,164,0.6211319761498392,0.2718127885401643
23,40,0.3215900319351152,0.7864802456072917,1.007653760261615,0.8526748829111552,0.08801348043525851,0.09524414241780176,0.00074633470712055,0.0015908392012565936,0.8,0.5,0.6,165,0.6213593521588521,0.2625842131051066
24,0,0.8340557318244504,0.9417738295215885,0.9321683732053139,0.13171263789454402,0.0,0.0,0.0,0.0,0.8,0.5,0.6,1,1.471024461102571,0.7470497566820049
24,1,0.6109053197733821,0.8777817208419654,0.8375346370078047,0.1760520156078727,0.3743304479067884,0.09850607077547352,0.00048045518966635003,0.0014417808515885676,0.8,0.5,0.6,3,0.8827661425332624,0.4675689842327974
24,2,0.4878272235888916,0.7970927406087747,0.7506402239730287,0.15646396764977336,0.4111319016892447,0.09753711612409069,0.00027220851488982004,0.0008510872373062203,0.8,0.5,0.6,4,0.6083673518218935,0.2481989225561879
24,3,0.40324419088570906,0.7268580254283165,0.669007405916897,0.13773592191995354,0.22005623646036404,0.0967558714741338,5.300358652119001e-05,0.00017138173903760446,0.8,0.5,0.6,6,0.463299004433934,0.1406593619891801
24,4,0.4000159610580142,0.7275772777803029,0.6767342682368318,0.1417909954212549,0.08392230796136803,0.09685679783219374,5.293622191154e-05,0.0001712054034243201,0.8,0.5,0.6,8,0.4982548214532319,0.1541599778371818
24,5,0.34177182683834634,0.6672519338023274,0.6047431821843798,0.13915611093966368,0.23384621691351004,0.10988958787340365,3.776419064341e-05,0.00012227155961882616,0.8,0.5,0.6,10,0.3895814681595304,0.1999628082308372
24,6,0.3283767623615396,0.6509017152945187,0.5852046713831107,0.1462029960036467,0.1308583058820008,0.11363736878764139,2.884168383163e-05,9.344887593448073e-05,0.8,0.5,0.6,12,0.4497411939160107,0.2201304540786033
24,7,0.32470632718244735,0.6463058052854521,0.5797800375241732,0.14651114909439558,0.11211666540265106,0.11417490725712809,2.793541549635e-05,9.02768510223024e-05,0.8,0.5,0.6,13,0.4305088886239895,0.2028819084005175
24,8,0.324527090067847,0.6460212657278094,0.5794045025988542,0.15293465619901084,0.09394932818026103,0.11450854501747132,2.800207650642e-05,9.04941748113248e-05,0.8,0.5,0.6,14,0.4316763434441018,0.2057997981391377
24,9,0.3204540288773283,0.6442545830447959,0.5839916410912429,0.15377289764222302,0.12224883883709704,0.1164402660204964,3.285502657998e-05,0.0001061752004470054,0.8,0.5,0.6,15,0.40273284897062,0.2150700898867041
24,10,0.30391926696721205,0.624062301876224,0.5611338551103349,0.15170685022894811,0.1558905749925391,0.11142784594922496,2.255035526901e-05,7.354522691662345e-05,0.8,0.5,0.6,16,0.4104645228228921,0.1527498339031393
24,11,0.2748666171289134,0.5819696984020232,0.5117166001608876,0.14723502234874736,0.27458382628233147,0.11430903050406616,2.369284782408e-05,7.712598269332669e-05,0.8,0.5,0.6,17,0.3449014882170406,0.1855843229579679
24,12,0.2728050837503728,0.5738386714392293,0.4949468410196941,0.14588194080171665,0.10092881479175572,0.11728715957396335,3.174622712165e-05,9.188406718662083e-05,0.8,0.5,0.6,21,0.3407451240771996,0.174233541947684
24,13,0.27275058408979685,0.5774598818786554,0.5060659231872467,0.15952182065050285,0.094048809597392,0.11730024404452107,3.170946371253e-05,9.177159819714698e-05,0.8,0.5,0.6,24,0.3407028224492819,0.1741151736010246
24,14,0.2710570132446455,0.5781335022060048,0.5136320162153405,0.1597871747869272,0.11019728235890051,0.11822425965488143,2.884083904776e-05,8.337459600887006e-05,0.8,0.5,0.6,25,0.3415942798658487,0.1670954073992198
24,15,0.26890662725956105,0.577908429665796,0.5201141913709578,0.16882486284911807,0.10568978452084947,0.1193932495391411,3.8466506465939995e-05,0.00011147899672254644,0.8,0.5,0.6,27,0.3109323046398697,0.1845977465620393
24,16,0.26751699869749634,0.5684143850217331,0.4952792603694304,0.1735845929435661,0.09938687740122233,0.1191957499693783,3.064536538956e-05,8.065143940897946e-05,0.8,0.5,0.6,29,0.3309117147106501,0.1398353429458984
24,17,0.23320725040390308,0.526554867823438,0.4685184726542926,0.16821852890813876,0.114125390742799,0.10930233827246286,5.404864568564e-05,0.00014278377085742754,0.8,0.5,0.6,36,0.2186665901611804,0.1312416049476411
24,18,1.5546934412510038,1.9496207964836505,2.088856340564063,2.303199303681929,1.4026777288616308,1.0,0.00568111940759357,0.9996575483520248,0.8,0.5,0.6,181,0.317847628769433,0.3361862360301452
24,19,1.548185933332579,1.941617759238711,2.0864286326180586,2.2999630039055243,1.4034365709648475,0.9999952955021335,0.00535840328218597,1.0,0.8,0.5,0.6,183,0.3175087028962371,0.3358490477225869
25,0,0.9209394347919273,0.9735202873260161,0.9691519429698309,0.14056037408475408,0.0,0.0,0.0,0.0,0.8,0.5,0.6,1,1.0843448873405666,0.7505884173266943
25,1,0.6476183487318669,0.9000517417914026,0.863558399029259,0.18193273734238027,0.39564543883491204,0.09844173381879215,0.00044907782456916,0.0007466314367128958,0.8,0.5,0.6,3,0.726232605116373,0.4675689842327974
25,2,0.5021423716050123,0.8078603948337658,0.7630479939188887,0.16005939026372695,0.45829496729962976,0.09884443688073434,0.00023696866667525002,0.0005135264438380491,0.8,0.5,0.6,4,0.5281713977597815,0.2247839696782286
25,3,0.48790248728619257,0.8009497931021938,0.7619768035989393,0.15955786967219773,0.09997530577775164,0.09826277960139515,0.00023158424137379997,0.0005135023291139478,0.8,0.5,0.6,6,0.5095125565944688,0.2064411789069503
25,4,0.48716831201065675,0.804022276886137,0.7725166854115769,0.16410670912305209,0.07926778064528367,0.09782053926212067,0.00023040251435655002,0.0005144838166715125,0.8,0.5,0.6,8,0.5075586793317899,0.2064507568661814
25,5,0.3602763033167995,0.6879337245452909,0.6290431935090018,0.14750698478989685,0.335166329540403,0.10832161943053079,4.180899514309e-05,0.00012475508178223587,0.8,0.5,0.6,10,0.4403310614534874,0.2352994760208147
25,6,0.36022230695985286,0.6915708385031102,0.6401475821502821,0.1512190195025787,0.08755382057035482,0.10858339812075954,4.277815390384e-05,0.00012771811534648236,0.8,0.5,0.6,12,0.441200228206572,0.2384579897960042
25,7,0.3050383551997302,0.6294395677575428,0.5744059235231087,0.14016356125016666,0.22763947789963707,0.11055715664900514,5.1815620067579996e-05,0.00014468630141508266,0.8,0.5,0.6,14,0.3911816406849104,0.1395645558174955
25,8,0.257415148972026,0.5610717976821707,0.49504212211130383,0.12627385622670692,0.2243128473170999,0.1084480968716477,3.974943487596e-05,0.00011248022808342208,0.8,0.5,0.6,16,0.2349305288336123,0.1249461317619234
25,9,0.2574151463639201,0.5647829434207715,0.506267706223533,0.13428404154297194,0.08684596683409466,0.1084480974695289,3.974943768926e-05,0.00011248023618427256,0.8,0.5,0.6,18,0.2349305230567378,0.1249461329707179
25,10,0.21456665628702515,0.49420588725465675,0.4189017859795772,0.11615818224470226,0.30808961717028793,0.09512852288252036,5.531093773438e-05,0.00011412493732392053,0.8,0.5,0.6,19,0.2308968887537242,0.1573548869374746
25,11,0.20886744945113214,0.48597354269684484,0.41605606263680667,0.1278888699435113,0.10375398750921466,0.09632592427137741,4.960453164632e-05,0.00011379722860544991,0.8,0.5,0.6,21,0.2104416309747664,0.1172262503466342
25,12,0.18741394445965484,0.4293860576172181,0.3421902895336538,0.11157014314209059,0.33068781698275496,0.10416595993832926,5.5432207928859996e-05,0.00017144982756317945,0.8,0.5,0.6,22,0.2014517946010734,0.1589091199840684
25,13,0.18184723966374466,0.4224451279196714,0.36739585653151724,0.1805740748961536,0.10032627882912606,0.11338894609315457,4.518456447861e-05,0.00020383589465534747,0.8,0.5,0.6,36,0.1367013508805442,0.267431107926089
25,14,0.17358627315120953,0.4002109750663183,0.34149405570536234,0.18056881393226906,0.1366949047755648,0.11338940870272123,4.541220888399e-05,0.00020022463142886803,0.8,0.5,0.6,38,0.1371078423613325,0.2305402806525266
25,15,0.17372855065800763,0.40399031706596095,0.3527687316607758,0.18933975291877128,0.09127679200699133,0.1136259338148972,4.410400991081e-05,0.0001923332335504067,0.8,0.5,0.6,40,0.137716002999808,0.2163699729502916
25,16,0.17241923146698235,0.4042947246277885,0.36004907679703585,0.21297664454685883,0.09426206727912792,0.11343246066864873,4.740190930723e-05,0.00021033110282079646,0.8,0.5,0.6,44,0.1357726376034253,0.2501004049962604
25,17,0.15155042307831812,0.35448136083930126,0.28983565835150443,0.19772395378390084,0.10792370309067274,0.10116434319941063,5.748934540126e-05,0.00017179862183397808,0.8,0.5,0.6,49,0.1424369206107951,0.0504192680173143
25,18,0.15155042574309233,0.3581925356683095,0.3010613080911638,0.20402187772851207,0.08106345153722322,0.10116434477430335,5.748934495678e-05,0.00017179862396768942,0.8,0.5,0.6,51,0.1424369231770138,0.0504192650618426
25,19,0.16601126538039707,0.37632497184578606,0.3333047394285349,0.24663317146803088,0.1090242458636164,0.12144869221634218,6.494037000587e-05,0.00024329773828839218,0.8,0.5,0.6,53,0.1345149082707642,0.1909232995473999
25,20,0.14442749500472843,0.31356097270685307,0.2609615266395385,0.23231533085786263,0.2122136756390222,0.11555924554895691,7.722342150988e-05,0.00025726021237045026,0.8,0.5,0.6,55,0.136856368434647,0.164259461129362
25,21,0.14094311288850175,0.30845037901785255,0.25548377036340664,0.23210218190618934,0.09905484124572901,0.11195683891184288,7.53952442984e-05,0.00025349494904590203,0.8,0.5,0.6,56,0.1332625510726523,0.1457007694294502
25,22,0.1348954343671888,0.2947185319942988,0.24673054397342678,0.2319448185553214,0.11935536463989323,0.109367186010067,7.547958463762e-05,0.0002538394875394944,0.8,0.5,0.6,58,0.1285473209963332,0.1368731120400225
25,23,0.13396617234702446,0.29099614607936225,0.24239408528520293,0.23755743763944612,0.1029172055023378,0.10936718601006702,7.547958463762e-05,0.0002538394875394944,0.8,0.5,0.6,59,0.1311148667078132,0.1347985273224114
25,24,0.13092189298945883,0.28861037751235463,0.2468507508127783,0.21223194644435428,0.08735382556540504,0.10688893911399448,6.076400329443e-05,0.0001982772580230031,0.8,0.5,0.6,69,0.1171907132599343,0.1799519139008942
25,25,0.1315388560473526,0.2917289053326977,0.25722057274067517,0.27085123496079905,0.08988766880585215,0.10816939299652178,7.314223286661e-05,0.00015156181327312252,0.8,0.5,0.6,71,0.1201544881867939,0.0583609541169458
25,26,0.12450898350131638,0.28308636124970954,0.25493164120566336,0.30126659600173383,0.09585620208944355,0.10154134591494128,6.261565359957e-05,0.00013595686689247605,0.8,0.5,0.6,73,0.1449680202720266,0.0509394600483289
25,27,0.13010700314751583,0.2825975408078064,0.2464103290721968,0.31290623778980076,0.09209281082458595,0.10951252348725561,5.150583755554e-05,0.00012117513126992091,0.8,0.5,0.6,76,0.1150451193578292,0.1572273598320112
25,28,0.1352415073373615,0.28880157183218325,0.26627346331744056,0.32342776481524305,0.1289288268956852,0.11836641728517353,5.505498696289e-05,0.00012113516827024972,0.8,0.5,0.6,77,0.1303519971329712,0.160571457901853
25,29,0.1341810511111378,0.27955787437469776,0.24855588233040166,0.32932462043878397,0.11909841905893721,0.11873506967594501,4.8613652845429995e-05,0.00010722851908808935,0.8,0.5,0.6,78,0.1305252726957055,0.1589334883543473
25,30,0.1349781700974837,0.280225067966085,0.24919480285107448,0.34386903357087045,0.09629092420467199,0.11979398234074047,4.3349253569019997e-05,9.764556836853438e-05,0.8,0.5,0.6,80,0.1309875308636889,0.1601767085528374
25,31,0.13331338697914322,0.27942547788432387,0.25530389123596875,0.33470172840935375,0.11006151314423113,0.11873506947685454,4.861358696775e-05,0.00010722851923261094,0.8,0.5,0.6,81,0.1366553239570861,0.1550349088887741
25,32,0.12636434088941512,0.2727277974292862,0.2553844840610845,0.3499868076236357,0.0914313478121298,0.11131246389503327,4.284615137547e-05,9.806320847483155e-05,0.8,0.5,0.6,89,0.1266550005063055,0.0582794954750127
25,33,0.1270744413321401,0.27244076885020113,0.25488583767764766,0.3609763222578175,0.09277113871434418,0.11257254947229306,3.634973443496e-05,8.29253241640322e-05,0.8,0.5,0.6,91,0.1295915581127373,0.0559654974290147
25,34,0.12707444121478376,0.27615194261157594,0.26611146473266356,0.3609763224495321,0.09012601392809902,0.11257254971476756,3.63497341305e-05,8.29253233496654e-05,0.8,0.5,0.6,93,0.1295915558062667,0.0559654959497127
25,35,0.11710106207222043,0.2693784152463991,0.266743995411512,0.39340994429531334,0.08165107758822585,0.10028357619232997,6.010637595819e-05,6.892163965118735e-05,0.8,0.5,0.6,95,0.140161404690067,0.0454807488478217
25,36,0.11707199648236148,0.2636181559441016,0.2530415320130646,0.400027778156075,0.09153773678114764,0.10097320075224073,5.3892496982610005e-05,6.121326646705159e-05,0.8,0.5,0.6,96,0.1452468862630874,0.0456565774713432
25,37,0.12323401372776072,0.2695725409014154,0.2724172015987697,0.39879559890046157,0.09716073909132918,0.11130498155349618,6.188828718663e-05,7.362524314439524e-05,0.8,0.5,0.6,101,0.1307242292846924,0.057867832136836
25,38,0.11911631180496203,0.2613488463363066,0.2565962509454613,0.4095838677755822,0.08614195441107131,0.10630518545025418,3.957071339597e-05,7.423985356122703e-05,0.8,0.5,0.6,103,0.1344206211925181,0.0612262381175518
25,39,0.11904593058824975,0.2634914227327152,0.26593917788871163,0.4056548666146107,0.08937522151464745,0.10672474103768659,4.004716719885e-05,7.339911032922736e-05,0.8,0.5,0.6,105,0.1359188405995382,0.0615757818754121
25,40,0.11718411661586474,0.26395483080709964,0.2736271195245436,0.4776476389305698,0.08455697136103342,0.10475802522110295,0.0001102566979804,0.0001534620617923163,0.8,0.5,0.6,117,0.1424157821120948,0.0646377120893287
25,41,0.11843092725039518,0.2657544908075712,0.28228170758811655,0.48962294513770077,0.0942889135037814,0.10720290208171446,0.0001187416811166,0.0003638348260957047,0.8,0.5,0.6,119,0.1350343282629071,0.0657028331066594
25,42,0.11830860117287585,0.2803763029323701,0.32694035277639616,0.5500148347791685,0.0860021683251359,0.10708310134820846,0.00011872887376837,0.00036375676940201147,0.8,0.5,0.6,128,0.1349448453702564,0.0657565660530665
25,43,0.11936837297521408,0.2782732164108111,0.32417876186407535,0.5462888759451938,0.10432436850274097,0.10967723507889125,6.855760812005999e-05,9.423614156348084e-05,0.8,0.5,0.6,129,0.1336805605477165,0.0629423323295362
25,44,0.1147776554750448,0.2872840450015965,0.3629894733433939,0.7261283607595259,0.08371122446078232,0.10437106013945464,4.161798232918e-05,7.383685401546116e-05,0.8,0.5,0.6,172,0.1379956142036808,0.0587544061846779
25,45,0.11651665956645006,0.30206814252933306,0.40745821840919666,0.8059794734704816,0.08620767746073772,0.10712117558600799,6.286472989024999e-05,5.837332689915575e-05,0.8,0.5,0.6,193,0.1312448685899497,0.0588998325748669
26,0,0.9711521322183304,0.9905794767390237,0.9890253250082337,0.1467486188215109,0.0,0.0,0.0,0.0,0.8,0.5,0.6,1,0.8716463409954356,0.7529700748085141
26,1,0.6952050976428155,0.9265320335851526,0.8943378345940663,0.18962806211927505,0.3795752812450712,0.09923908767176098,0.00039253685909729,0.0004305540977419994,0.8,0.5,0.6,3,0.5277454046789624,0.4675689842327974
26,2,0.5991915037723976,0.8717953959685008,0.8375347418341083,0.17785832919020877,0.29778578533361866,0.09903921485962554,9.52859402276e-05,0.0003268564982349821,0.8,0.5,0.6,4,0.6099464717415102,0.3062667611695367
26,3,0.49275250506509316,0.8009191972605999,0.7549947543970579,0.16262978022243288,0.22511810990072922,0.09903010185793006,3.084187399146e-05,0.00010398657253892688,0.8,0.5,0.6,6,0.493021795610268,0.2263228572058276
26,4,0.4043939407984186,0.7317321612802098,0.6813427355806985,0.14849535710232878,0.22878329986240442,0.09864096872161036,4.673895141117e-05,0.00013975340401887532,0.8,0.5,0.6,8,0.5025900914138106,0.1313909240776276
26,5,0.3740483040065203,0.7062602661575003,0.6587377280497572,0.14647178551045287,0.13610878233233728,0.09733595758000751,6.103647924936e-05,0.00018271294130557095,0.8,0.5,0.6,10,0.4570346066597034,0.1414567456184868
26,6,0.3528509687297886,0.6877840475812192,0.6435875674667286,0.1473605928265995,0.13357230724795566,0.10127614120096314,8.23645641594e-05,0.000247469655151649,0.8,0.5,0.6,12,0.4650384150081957,0.1307216614766498
26,7,0.34887578547750114,0.683293373048152,0.6380790477301762,0.15356215647497745,0.09561461071061521,0.10334078608967563,9.433792458728e-05,0.0002834443882248667,0.8,0.5,0.6,14,0.4787236619695059,0.1280738273844185
26,8,0.32670076507632473,0.6549197739267496,0.5977566980373807,0.15401543310284477,0.20062097476764534,0.1060290687173318,0.00011944727859426,0.00037337230976772066,0.8,0.5,0.6,15,0.3829472590334612,0.1338370462252364
26,9,0.3053060328446766,0.6308397571004556,0.5766026965435839,0.16504083114540694,0.1401715425762379,0.10605701762689272,0.00011962475955040999,0.0003738507508875631,0.8,0.5,0.6,17,0.3967252735310727,0.1081166391313801
26,10,0.29171652225106703,0.6169946568635755,0.5676265250834003,0.16634425311335693,0.11668304138400898,0.10414981115999367,0.00011972414840493,0.00038382703528302834,0.8,0.5,0.6,19,0.3387645728468516,0.0928510074498759
26,11,0.25925638821435665,0.5717682294320592,0.5213216154786148,0.17092620107957246,0.1407607759862791,0.10810001762914316,0.00013391575081339,0.00035615702616912086,0.8,0.5,0.6,23,0.2476717359860412,0.1354320468010675
26,12,0.24609499814660202,0.5568460506164487,0.5175228275170006,0.17631012218993258,0.10781164091042468,0.10975080152558273,0.00015796080507851,0.0003509466565449461,0.8,0.5,0.6,28,0.2153453220240866,0.1266902012895351
26,13,0.23778101651911376,0.5438494188904701,0.5027949068481715,0.1845621167679149,0.10639886157720664,0.10661014097279928,0.00016664288412533002,0.000361278522483589,0.8,0.5,0.6,30,0.2348809586649269,0.1059160076376711
26,14,0.237878826155288,0.5474060129918745,0.5137752862701452,0.18740474486010275,0.0870637577896449,0.10710305533075616,0.00016586756430511,0.0003627952208916459,0.8,0.5,0.6,32,0.2420364961029164,0.1032229137526813
26,15,0.21158539864033912,0.4927897189491558,0.4431147621765854,0.19347661586453865,0.19325194599083725,0.10827322512792473,8.848868292886e-05,0.00020113018069234102,0.8,0.5,0.6,34,0.146317394178476,0.0815852811335449
26,16,0.1923836063877359,0.4539348381199288,0.40461949240717826,0.17974766856716723,0.17832899604835845,0.10928360561766287,9.46273383513e-05,0.00018985041186663976,0.8,0.5,0.6,36,0.1437161252429711,0.1074195677664585
26,17,0.17928669531672736,0.4242115711165241,0.376842384806193,0.18207516911306576,0.15622570810358108,0.10966592704645993,0.00010070015313855,0.00020697599150284684,0.8,0.5,0.6,38,0.129174725086532,0.1064117712868678
26,18,0.1793166181796789,0.4237224448517132,0.3762140935637736,0.19970976387386663,0.08942137788966574,0.11016348804332277,7.71622912316e-05,0.00015394499629998903,0.8,0.5,0.6,41,0.1303501460105004,0.0948801549605075
26,19,0.1778007805281089,0.42003510961899176,0.3719468509635982,0.2105783285716663,0.10258938111073429,0.10994858166270922,7.733616996453e-05,0.00015351761255581847,0.8,0.5,0.6,42,0.1280077666494151,0.0909508406292683
26,20,0.172295468638207,0.4060393789034883,0.35571844330899727,0.20574573775700125,0.1434511288246473,0.10938110276369604,8.800725318941e-05,0.00013144684111723818,0.8,0.5,0.6,43,0.1421038657685929,0.0901713450430305
26,21,0.16913558460694966,0.4011951219686078,0.3569966311310252,0.20571384083382488,0.10491330649291297,0.10922398370083858,9.155956862074e-05,0.00014258964197398264,0.8,0.5,0.6,45,0.143230334304193,0.1074020905507355
26,22,0.16810316438225517,0.40173311719617144,0.36450215544255676,0.23280795468915635,0.09107151447462739,0.10940044752645377,9.304379022435e-05,0.00014301003176271626,0.8,0.5,0.6,49,0.1404802677510158,0.1112954661842836
26,23,0.16762320507370332,0.40105707592354617,0.36377616601694146,0.23567947246111978,0.08769540321181296,0.10893589435134333,9.190356296364e-05,0.0001411846107743583,0.8,0.5,0.6,52,0.1435490643205943,0.1073112508233641
26,24,0.1674711077225568,0.4039509609436031,0.3740152064421975,0.25309194619870623,0.08960414465071306,0.10923705231793461,6.913053228136e-05,0.00010649507328545465,0.8,0.5,0.6,54,0.1444262417091059,0.109750254295856
26,25,0.16620139991144534,0.40105680330076776,0.3707088827987126,0.2647710348102533,0.09224519238022763,0.10875611836211638,6.112710062733e-05,9.490766989686995e-05,0.8,0.5,0.6,56,0.1475680605057356,0.1104122735162113
26,26,0.16640133307312815,0.4005649076829523,0.3700419440385222,0.27091188176917735,0.09203829566713655,0.10946642796907612,6.246687572653001e-05,9.52842024722468e-05,0.8,0.5,0.6,57,0.1564198436811849,0.108622856057964
26,27,0.1657884908289926,0.3988548846686078,0.36805492497625414,0.28196053872572335,0.09109388856072194,0.10942829637782299,5.954495031138e-05,9.703219868912341e-05,0.8,0.5,0.6,59,0.1367651464912434,0.1072512825251751
26,28,0.1644009873454246,0.40601607810619456,0.3971098121102185,0.28687092387703195,0.09571785469498514,0.10934299352109215,8.295920721322e-05,0.00013408767390937098,0.8,0.5,0.6,61,0.1362184402090161,0.1063245033802127
26,29,0.16411700056213785,0.3979866651387595,0.37397061691120465,0.3077242569212508,0.0877687074567437,0.10925438148315159,5.5344944126249996e-05,8.094513960148707e-05,0.8,0.5,0.6,68,0.153357870776458,0.0877551262053522
26,30,0.1641024690807253,0.3979416092309765,0.3739179050452579,0.3139436366722467,0.08767189033823171,0.109250418155336,5.632136716124e-05,8.752557115943092e-05,0.8,0.5,0.6,69,0.1653835778036523,0.0905190043476107
26,31,0.163922933466832,0.40085876445413626,0.3841957763993534,0.3286988187028897,0.08890055831861526,0.10941107207759496,6.433426266339e-05,9.65382722448262e-05,0.8,0.5,0.6,72,0.1379308850342966,0.1044788472919198
26,32,0.1639133728833807,0.40825339280783035,0.40661470967848407,0.3528845267006475,0.08764719559390516,0.10941127152437471,6.355714763401e-05,9.659066029851989e-05,0.8,0.5,0.6,76,0.1380221972870053,0.1044219475860825
26,33,0.16361791147897203,0.40739130002625185,0.40561109412018936,0.3597450460990073,0.08938459159936607,0.10940674481744508,6.427653582972e-05,9.539317671654541e-05,0.8,0.5,0.6,78,0.1376633764075341,0.1046109819900869
26,34,0.1636166391124473,0.41479331518408846,0.4280372466911146,0.39107436818067753,0.08765288076756714,0.10941573687231781,6.549240597708e-05,9.654334713141538e-05,0.8,0.5,0.6,82,0.1372559446801024,0.105145633721242
26,35,0.1633252327813077,0.41038937773699885,0.41601869515197254,0.3895498508289697,0.09003985173384604,0.10931784860516632,5.485181978825e-05,9.291042342073622e-05,0.8,0.5,0.6,83,0.1537040744130318,0.0914701398973682
26,36,0.16125691506949286,0.40418645017658733,0.4087894293784284,0.41080195418230053,0.09183318878613694,0.10932155581040545,6.54337249181e-05,0.00011021036554783147,0.8,0.5,0.6,89,0.143118714697484,0.1108823740202839
26,37,0.16056549485267854,0.40966127598640856,0.4289832102909107,0.44198778926126553,0.08942466227629214,0.10923362092158201,6.008278420111e-05,0.0001171516241375278,0.8,0.5,0.6,93,0.1480131063132757,0.1077984856668083
26,38,0.15921388682909002,0.4053837522238548,0.4239870819620873,0.4482655690871917,0.10550518355053219,0.10928110272503669,8.222314535373e-05,0.0001662749790791004,0.8,0.5,0.6,94,0.153689095319264,0.106223304279102
27,0,0.9248339519197499,0.9748750559484785,0.9707302008750933,0.14237179719662504,0.0,0.0,0.0,0.0,0.8,0.5,0.6,1,1.066614148848588,0.7533963709918704
27,1,0.8780378120237156,0.9956761171141739,0.9850378234425996,0.19353980633252033,0.14134237021993776,0.07518977264127459,5.719356486191021e-06,1.4099548215546904e-05,0.8,0.5,0.6,3,1.1145857796216252,0.7573672710689983
27,2,0.6258832881559059,0.8873197643942493,0.8556623096899126,0.18200087102633686,0.6047657822553297,0.09862837618789538,0.00018289482394646,0.0003757381435701368,0.8,0.5,0.6,4,0.521564662522279,0.3219153289296928
27,3,0.6171524425240671,0.880354352194209,0.8483044614491871,0.1784159204185691,0.08444533288371261,0.09296155024348388,0.00014374952075643999,0.00031991726769251,0.8,0.5,0.6,5,0.529990340401311,0.3064527691946013
27,4,0.43928009608901064,0.7586909320912386,0.7058522514051069,0.14877945032454942,0.5987718699129667,0.09860567497589429,5.391122019943e-05,0.000124087668167835,0.8,0.5,0.6,6,0.3125217177025909,0.1475907857592585
27,5,0.439278621851358,0.758696148777958,0.705851636962777,0.1506634152279773,0.07917234276535288,0.09865606568220607,5.396125457e-05,0.0001245403575679419,0.8,0.5,0.6,7,0.3126284466551458,0.1488447459528588
27,6,0.4165657356241079,0.7427927659780779,0.6941740860893094,0.1496616749949535,0.16157367777478496,0.099022564047107,6.787701852169e-05,0.00015832963611663392,0.8,0.5,0.6,8,0.2962230266253184,0.1564689369015869
27,7,0.41638032343293135,0.7426264766200973,0.6939818074525818,0.15740141810730449,0.0799884089795463,0.09901200030252277,6.782461019512e-05,0.00015787460045562398,0.8,0.5,0.6,9,0.2961478018859507,0.1554963976955748
27,8,0.38324247142002726,0.7110621629957072,0.659620370978266,0.13319600645597815,0.13466727007437265,0.0805841814781471,0.00012044957341102,0.0003361455798621643,0.8,0.5,0.6,10,0.5129515308351812,0.2215137336926635
27,9,0.3389617680469816,0.6646962357287403,0.6024856381241057,0.15190282641106695,0.35302240893064923,0.10330030256056148,0.00046493220467602996,0.0012805654565806212,0.8,0.5,0.6,11,0.2986046771812024,0.3748514418564753
27,10,0.33879028095251956,0.6673300084346337,0.6114925748907101,0.1639751221943382,0.10378133604272445,0.11057294481910045,0.0005233832706145,0.0012689843292586118,0.8,0.5,0.6,13,0.3351229665185526,0.350458523573174
27,11,0.34017837476640067,0.668700817135616,0.6128246813750436,0.16637776374765473,0.09213180829699873,0.1125829224709083,0.00051938478940026,0.0012681381840062935,0.8,0.5,0.6,14,0.3333149661403113,0.3638824034903496
27,12,0.3371328418692299,0.6690770393145696,0.620430041236403,0.17021931416521613,0.09642669097247814,0.11057294481910045,0.0005233832706145,0.0012689843292586118,0.8,0.5,0.6,15,0.3193038359610964,0.3053641908111048
27,13,0.32321689212101956,0.6547248465816276,0.605614342881419,0.16761087410292316,0.08370041500203629,0.09684420474311163,0.00016147798882015,0.000637996901875949,0.8,0.5,0.6,17,0.2741112721339158,0.206787544490968
27,14,0.2962013071248331,0.6214495561177441,0.5669548737643015,0.15953313997729107,0.21231103301718057,0.0960372192783793,0.00016607733694479999,0.0006473487432074636,0.8,0.5,0.6,18,0.2336242518850426,0.215495780694888
27,15,0.28394444061101326,0.6128587121384421,0.5709583742775565,0.16884580624076562,0.0911627558273669,0.09420585448739101,0.00030043661672123003,0.0008848343218512925,0.8,0.5,0.6,22,0.2583396632071529,0.2144535403070427
27,16,0.2812391338412747,0.6091917104812122,0.5667033878019729,0.1706798193268015,0.09064384088907654,0.09410668926283623,0.00030979677697090004,0.0008378637956784993,0.8,0.5,0.6,23,0.264000418162479,0.2077886332491723
27,17,0.27109405334085224,0.5959807436087978,0.5517193651317831,0.16522097895238508,0.11781227778075351,0.09107913206268634,0.00028019403719727,0.0007941374322467604,0.8,0.5,0.6,24,0.2605880477455858,0.2232378486097791
27,18,0.22895277025871402,0.5349921831279906,0.48139673163003527,0.16172641850487407,0.14948446474799618,0.08564515066645678,0.00019047222154428,0.0007678304335114048,0.8,0.5,0.6,27,0.2591431802105749,0.189398315339296
27,19,0.21146002036352826,0.5117221530385027,0.4685297242052293,0.18793270783544955,0.07989638267993694,0.08282717585875034,7.162075637017e-05,0.00020493399187687688,0.8,0.5,0.6,35,0.2248757700839882,0.1276053908859309
27,20,0.20562438087375898,0.5032034854291924,0.45904647757116435,0.18677966373064825,0.0878648904571755,0.0794890107156701,7.056481499666e-05,0.0002038949225192845,0.8,0.5,0.6,36,0.2121200521150976,0.1209553039921078
27,21,0.20583215786088627,0.5062559742713861,0.46930468395541675,0.20238113120861845,0.06883681537505673,0.0809862614051418,7.648469531764001e-05,0.00022407936680061212,0.8,0.5,0.6,38,0.2091301896020918,0.1250643833383716
27,22,0.18832046081600087,0.47054968154316545,0.42753426029332375,0.20597370687865513,0.10391270133399375,0.08234016761075154,7.60665890678e-05,0.00017368407266957553,0.8,0.5,0.6,42,0.2121819897170961,0.2257518974910267
27,23,0.1793009993699127,0.454661804759653,0.4159045380408929,0.21597649312093026,0.10686618745128193,0.08249692906033876,7.818477381824999e-05,0.00019610079373739213,0.8,0.5,0.6,44,0.2210707531020527,0.1855636319863949
27,24,0.17746594699050394,0.45458064380377267,0.42275309474987893,0.21720337165783493,0.06955959608603243,0.08219218097870702,7.538679198333999e-05,0.0001917817391338938,0.8,0.5,0.6,48,0.2110920626674549,0.1752706322606777
27,25,0.17575144147507973,0.45836800096230546,0.4409993132262705,0.2442905817941363,0.06858234554200078,0.08194153245481824,8.511965743208e-05,0.00021824399025042112,0.8,0.5,0.6,53,0.1848087826362144,0.1787918522167076
27,26,0.1750172138381935,0.45662669063876477,0.43896119313866805,0.2472175576180606,0.07321343166001694,0.08202077349558203,7.906186483575e-05,0.00021433164293497848,0.8,0.5,0.6,54,0.182762352658187,0.1605145850602519
27,27,0.1732840030240606,0.4502059265929464,0.4311764844064819,0.2602376266978735,0.08467222041169854,0.08431502254960958,8.379707918652e-05,0.00022988018723568587,0.8,0.5,0.6,56,0.1872243224343946,0.2005525979429975
27,28,0.17387974236998507,0.4526218250535252,0.4405635908563591,0.2747964377085643,0.07415608090500553,0.08681242950747445,8.396719405795e-05,0.00022950500505306243,0.8,0.5,0.6,59,0.1777939778112467,0.1927312708511632
27,29,0.17401844994381258,0.4527457484181861,0.44068337423389387,0.2777483871362082,0.06987883836781787,0.08699882226170297,8.411042342937e-05,0.0002292112668560373,0.8,0.5,0.6,60,0.1777619592342313,0.1936338035062414
27,30,0.16200074034019038,0.42712427448081375,0.4112548894008137,0.28619409612394753,0.16267686144821522,0.08377806360990445,9.937312489273001e-05,0.00027012820533988525,0.8,0.5,0.6,61,0.1803707092373153,0.1047902260247804
27,31,0.16055900153592625,0.4238811166477684,0.4075225497344952,0.2852539928376985,0.07915290976210475,0.08343747863494978,9.482936090635e-05,0.00026511646871964207,0.8,0.5,0.6,62,0.1851595640932646,0.1149774433098613
27,32,0.15825088722093247,0.4215957798605792,0.41176242362172316,0.3036230612837317,0.07921117611724618,0.08343747863494981,9.482936090635e-05,0.00026511646871964207,0.8,0.5,0.6,64,0.1809369495665399,0.1123974598813612
27,33,0.1458331001564475,0.40054051008117075,0.4015231443780404,0.2965686267888782,0.09917569976014307,0.07980534777179446,7.896597298616e-05,0.0002209002907793076,0.8,0.5,0.6,67,0.1540080828473442,0.1491697179978199
27,34,0.1467330542290037,0.397663680147973,0.3911144021821344,0.29776723158838453,0.06542207699186503,0.08096925636903919,7.959328795324e-05,0.00023551557902141203,0.8,0.5,0.6,68,0.1549891619986308,0.1001416970872013
27,35,0.14585832324883583,0.4022600248145687,0.4102440898718175,0.299217241266042,0.07125017449977628,0.0812403783053854,6.0774460527860006e-05,0.00018599191935507304,0.8,0.5,0.6,70,0.1539140602974816,0.1489488803610526
27,36,0.14633709305564113,0.3973862519433054,0.3974271563227327,0.3113279679562616,0.07779451879223533,0.08299530095412096,8.082549002098001e-05,0.00022333876828909696,0.8,0.5,0.6,71,0.149423505570987,0.1468913329736368
27,37,0.1484839016833993,0.39547332754251946,0.39449904113905376,0.3276200620313206,0.08324543767984509,0.08823301640056866,9.416681721504e-05,0.000296670318896326,0.8,0.5,0.6,73,0.1608935355966969,0.0931775909546598
27,38,0.14833869760914256,0.39870312722911777,0.4051587538967549,0.3517078230302227,0.07137067156687124,0.08833009576045257,7.480442602164e-05,0.0002350271568895298,0.8,0.5,0.6,77,0.1625964369520458,0.0934618505279772
27,39,0.14515192107653416,0.38622737302827553,0.38377567784111166,0.3699311533505081,0.07922737903512864,0.0879931483149942,5.407959806553e-05,0.00016584678969065047,0.8,0.5,0.6,81,0.1630832185382764,0.0846166412984822
27,40,0.14444140835487668,0.3880371918868208,0.3928048724862371,0.37642404289003234,0.07409809739328958,0.08782199054129415,6.309939861897e-05,0.00019884515955300876,0.8,0.5,0.6,83,0.1601682435928388,0.1013878472620216
27,41,0.14195064880008584,0.38066480076130693,0.38423104778517075,0.37768645678859253,0.08533772146490601,0.08774062229816311,5.53318862691e-05,0.00016432795474240932,0.8,0.5,0.6,85,0.1622136660919922,0.1027351280632482
27,42,0.12959812658167075,0.3676083645151075,0.39085541869927615,0.3656752988156915,0.13505753893448036,0.07904663815532212,0.00011678616258848,0.0003087338140689139,0.8,0.5,0.6,86,0.1391404478017456,0.0815330293996033
27,43,0.1211134638978252,0.35617125307421493,0.3853502864124268,0.3897763468438352,0.06584119664296116,0.07221070812918083,8.237696863353e-05,0.00019220249474430882,0.8,0.5,0.6,91,0.1653846475786477,0.0718042798691664
27,44,0.12143561059896356,0.3538946739638776,0.38246228072637867,0.41185395483493326,0.06240855633679124,0.07402248009440617,7.151846677937e-05,0.00016833499336279587,0.8,0.5,0.6,96,0.1666187591662882,0.0746358306566114
27,45,0.12135988999013513,0.31658841970238194,0.3232986022365746,0.41785046330737075,0.24162345743105484,0.08845812000456217,4.663218670981e-05,0.0001230880455531429,0.8,0.5,0.6,97,0.1873519295423114,0.0775351541520859
27,46,0.12148907287720855,0.32411077298449525,0.3458433113366823,0.4437775235038466,0.0710449308711277,0.08863280136457165,4.6752494409320005e-05,0.00012301099633229434,0.8,0.5,0.6,101,0.1859409186989896,0.0786010237448438
27,47,0.12071051923483624,0.3213265553473911,0.34261100841908426,0.44915893860550965,0.07653377600545032,0.08856106738334608,4.155306144259e-05,0.00010961149800828412,0.8,0.5,0.6,103,0.187080333784018,0.0841879047500776
27,48,0.11984877525214595,0.32195435097220076,0.3502582520053042,0.4976214271090899,0.07239956921668861,0.0884576273107648,4.181701274403e-05,0.00010897961025817174,0.8,0.5,0.6,111,0.1867556532813759,0.0823583121867973
27,49,0.11599200030077589,0.31360109928085944,0.3476043656994637,0.508952655260471,0.09247138300564355,0.08711354907682359,4.552577206014e-05,0.00012837346087803193,0.8,0.5,0.6,113,0.1960735001302475,0.0780021561988454
27,50,0.11566271981266078,0.32316621758427416,0.37944046458782166,0.5397560378961251,0.07055490303675443,0.08721615208079234,6.729482170659e-05,0.00011133373661096442,0.8,0.5,0.6,123,0.1932289985796574,0.0788559473125072
27,51,0.11298492918634223,0.3149677620151868,0.36333041705734814,0.5446893695494572,0.07772589433748599,0.08461989530265265,6.488547891979999e-05,0.00010823794422991888,0.8,0.5,0.6,124,0.210420187521576,0.0782570652411923
27,52,0.11604846019534384,0.321214735944991,0.3769765880763257,0.5436569691501137,0.07390208103695727,0.08866306766609709,5.79431989667e-05,0.00011408653548659733,0.8,0.5,0.6,125,0.1904615809880296,0.0739905556891086
27,53,0.11482414722475064,0.3210136640872242,0.3837025272427883,0.5652932910062946,0.07802016538617763,0.08822043137090523,6.134016852344e-05,0.00011576232168484473,0.8,0.5,0.6,127,0.191149340788802,0.0769378276893703
27,54,0.1140942334102947,0.3225904531271505,0.3924876314472657,0.5683875513399599,0.07294926574465554,0.08786719473416031,6.713112705476e-05,0.00011746815347051534,0.8,0.5,0.6,130,0.1935672684035195,0.079061462107136
27,55,0.11386117908101188,0.3215766265568812,0.3913038120173625,0.5758973025074209,0.07253884815308861,0.08789080116821198,6.327991194627e-05,0.00011649989771289101,0.8,0.5,0.6,132,0.1910412773240009,0.0783839618443716
27,56,0.11377568248105849,0.3205025801175274,0.39001483873394155,0.6029946528788479,0.07171789562124878,0.08817803297776451,6.196004077573e-05,0.00011606584210788907,0.8,0.5,0.6,137,0.1878144521071285,0.0779940722447074
27,57,0.1096310516205102,0.31443883735955847,0.38353456432181626,0.6142995197731992,0.07756369775257652,0.08375925313523262,5.948661738215001e-05,0.00011171770362083457,0.8,0.5,0.6,138,0.2128839413438803,0.0800451241926593
27,58,0.10955846824481089,0.3169883087077863,0.39336256174745765,0.6414637117973822,0.06855274483295097,0.08410437552512808,5.682604771899e-05,0.00010131037876954991,0.8,0.5,0.6,143,0.204704099459413,0.0794585046808512
27,59,0.10956054266833466,0.3168941981986113,0.3932476153264334,0.6573276765468663,0.0675180230713826,0.0841449543187517,5.62066007809e-05,0.00010117296716402756,0.8,0.5,0.6,147,0.2043307111567364,0.0791337570032032
27,60,0.108492790210434,0.3260505088100234,0.4381817193214341,0.8014512086890655,0.07033342600373652,0.08582328668519743,0.00012630833197187,0.00026829618944875004,0.8,0.5,0.6,178,0.2185920689642735,0.0961235798239433
27,61,0.10797335996597245,0.32778218430464123,0.44711517794637357,0.8341774219710051,0.07036213148262649,0.08573930899228098,0.00011788194295254,0.00024683563894347657,0.8,0.5,0.6,183,0.2206189741647811,0.0973787730751236
27,62,0.1082242828626162,0.33091209167485497,0.4575815757918211,0.854284990328481,0.07018500451034698,0.0862333142370729,0.00014515181521532,0.00039459955440349174,0.8,0.5,0.6,188,0.2174166467312684,0.095538279484582
27,63,0.1076284603901716,0.33212207360929524,0.46589916801744075,0.8615270159795128,0.07434681857736768,0.08618852704659993,0.00014572748972114998,0.00039531544519472275,0.8,0.5,0.6,190,0.2179678049767175,0.0953704169792099
27,64,0.10730826263503637,0.3351977584137257,0.47642209770176186,0.8820574449687079,0.06945330115361543,0.08590366702611,0.00014486075558237,0.0003959797756750293,0.8,0.5,0.6,194,0.2175505358865483,0.0945279998995625
27,65,0.10728806264260787,0.3340016090008505,0.47497538022148617,0.8939688270111135,0.07248816192443222,0.08630758161942606,0.00014586772842027,0.00039434852559150347,0.8,0.5,0.6,196,0.2186273913027547,0.0963083736753815
27,66,0.10635873035516737,0.3355296449917168,0.48375106506964716,0.9049643705341326,0.07545995178581223,0.0857222388840219,0.00011791582716618,0.00025484086580218417,0.8,0.5,0.6,197,0.2312123093909604,0.0917529499474641
28,0,0.896890820166737,0.9650308418818985,0.9592620095434126,0.13962821676367992,0.0,0.0,0.0,0.0,0.8,0.5,0.6,1,1.1847415558598544,0.7546749780968389
28,1,0.8074634035496964,0.9821095766570475,0.9648090764167989,0.21142919635477492,0.23114686119188227,0.10867556879080406,1.724038079637e-05,5.3644805087693266e-05,0.8,0.5,0.6,3,1.0454851076513416,0.5507808697678912
28,2,0.48181193381250437,0.792809419181552,0.7454802475534541,0.15601228256515853,0.830518208573049,0.09910220945083704,0.00021955814867944003,0.0005258295058591534,0.8,0.5,0.6,4,0.6143701436978939,0.226297145186922
28,3,0.3866555854195647,0.7112821637753406,0.6505582918008641,0.13770128787505942,0.24683093945473075,0.09905462672341599,4.70094807553e-05,0.0001800645158220016,0.8,0.5,0.6,6,0.5768952280968003,0.1314448870614834
28,4,0.36241786314027513,0.6906294094494404,0.6333916083957354,0.13948526605333755,0.1297910652743075,0.09909390054357436,5.9753032204860003e-05,0.00020889867435417933,0.8,0.5,0.6,8,0.5056274533523596,0.1472919093716432
28,5,0.3523277531018979,0.6833169416669305,0.6311207900843642,0.14276419926746736,0.1143095506480405,0.1039800152996523,8.201208023294e-05,0.0002849035312222669,0.8,0.5,0.6,10,0.4703472669621868,0.1325085524756798
28,6,0.3456517682451438,0.6796771781786722,0.633769405862754,0.14674449025302783,0.11421767230813673,0.10405041346568872,0.00011548080116331001,0.00029849325291847803,0.8,0.5,0.6,11,0.5219135597126785,0.1542118125327757
28,7,0.320566065882349,0.6483276439543011,0.5910496908821896,0.13458871171987485,0.1784818134892901,0.09879816761526408,6.25825339646e-05,0.00023529141910192544,0.8,0.5,0.6,12,0.4386140878995493,0.1528166253588992
28,8,0.3194691797367281,0.6472171270175318,0.5897494666387588,0.1365871085196892,0.08488075225800579,0.09887014704136644,5.706845369888e-05,0.00020991065243941302,0.8,0.5,0.6,13,0.4381972662367206,0.1503998334941682
28,9,0.3055433042149726,0.6328100655958613,0.5798711746580962,0.13537752216904636,0.1500569223051818,0.09882548667112886,6.313066559379999e-05,0.0002316753564828341,0.8,0.5,0.6,14,0.4246739284236625,0.1316358746694914
28,10,0.2831345691004324,0.6018986899224384,0.5432121209666163,0.13358604831170187,0.15567178688969185,0.10373111398296422,9.251304386538001e-05,0.00021555361130713022,0.8,0.5,0.6,16,0.3976397963935182,0.1827133078490915
28,11,0.27886248003954556,0.5981858238021729,0.5453965088365783,0.1356868711670091,0.12471030127328851,0.10657562975655571,0.00010325529353152,0.00037892372451085076,0.8,0.5,0.6,17,0.3587985868229025,0.084473763609626
28,12,0.27657201982902524,0.6061929097145328,0.5755104868474278,0.15952158106399456,0.08686730358991887,0.10598780995519826,9.929951127634999e-05,0.00036440689254788966,0.8,0.5,0.6,23,0.3541819637862002,0.0911112200580702
28,13,0.2505306694290075,0.5693788352390445,0.5394824820349767,0.15121725801755825,0.2535517492189798,0.10630172463488813,0.00010168268442437001,0.00037805672077556005,0.8,0.5,0.6,24,0.3385088250972767,0.088539238354703
28,14,0.2246811959612389,0.5191639572733445,0.47391743680945125,0.15857950104917173,0.18427211030284663,0.10724184083979893,0.00026605807936977,0.0006452086943903438,0.8,0.5,0.6,26,0.3430035439508887,0.2215898845888091
28,15,0.21067949927882845,0.49837191487353744,0.463427167362985,0.18995291163574046,0.09857317302637876,0.10808488560493007,0.00014363911327133,0.0003569374971903168,0.8,0.5,0.6,36,0.2545476249988668,0.0709092345522399
28,16,0.20823718404819444,0.4966854788215334,0.46832007124059216,0.19642919645854195,0.09871562597053171,0.10843187301100009,0.00015019703768614,0.0003401527159329594,0.8,0.5,0.6,38,0.2731250301903655,0.0726579954622112
28,17,0.20778672951394134,0.495482621432893,0.46687995425444917,0.20246587664907367,0.09024686940395855,0.10869532959080534,0.00011486248690405,0.0004105770908563156,0.8,0.5,0.6,40,0.2332947003495968,0.0909719951435729
28,18,0.2051882708445271,0.49370603180147105,0.471722180918598,0.20862024043087762,0.09837723199337074,0.10873378553664752,0.00010767368416182001,0.00026761162701703585,0.8,0.5,0.6,42,0.2725354413758298,0.070508894805865
28,19,0.2016076453889974,0.4824980296550917,0.45180350571298317,0.21175840658836537,0.11686657995512455,0.10847236517157935,8.143008217586e-05,0.00022864242118344634,0.8,0.5,0.6,43,0.2608899466680254,0.0725795785690111
28,20,0.19988648622788666,0.48635518729094757,0.47013381057226844,0.23140855426892548,0.0902329073495558,0.10824148722641813,8.60601922032e-05,0.00020521202843795273,0.8,0.5,0.6,47,0.2607759569420655,0.0688947755621395
28,21,0.19370098761790464,0.4680597631727847,0.44184802875558726,0.2366272049351322,0.11813585705366478,0.10872675959536217,0.00013266953860437998,0.000225983461717728,0.8,0.5,0.6,49,0.2503118304567935,0.0663468307557506
28,22,0.1937009876179047,0.47177093674082077,0.4530736556172644,0.2576130637681084,0.08718337805131933,0.10872675959536217,0.00013266953860437998,0.000225983461717728,0.8,0.5,0.6,53,0.2503118304567934,0.0663468307557506
28,23,0.19026595241466124,0.4601346082698466,0.43263338467644474,0.2746903527703802,0.11931609213335892,0.10859899566695479,9.124024727524e-05,0.00025006213093893017,0.8,0.5,0.6,54,0.285377617143109,0.0929311146105557
28,24,0.188229457282074,0.4569858383833653,0.42916850478168894,0.284953887628467,0.08781907371875085,0.10702443105832865,9.207458918976e-05,0.0002945621595547523,0.8,0.5,0.6,58,0.2218962738049836,0.0687028366762576
28,25,0.18720719168936475,0.4540129044654553,0.42564426760660434,0.287838805183886,0.09999942330363812,0.10749590240910374,9.053287669404e-05,0.0002818353998490269,0.8,0.5,0.6,59,0.2257667057177557,0.082658504162592
28,26,0.18515076104125583,0.4565616169446609,0.44243254356503076,0.2924408995616807,0.10586519902165417,0.1073990045372341,0.00010417272949351001,0.00025167613319958997,0.8,0.5,0.6,60,0.213772674514455,0.0661251124377491
28,27,0.18369566509899432,0.45592302174592936,0.4485057785660735,0.33687534070792324,0.08864335367964002,0.10806285073554298,6.560265962796e-05,0.000257498829948282,0.8,0.5,0.6,70,0.2417478812286393,0.1176551001542191
28,28,0.17793592464266544,0.45543575684445226,0.47547535728492435,0.373728106629651,0.10874812059655733,0.10862363394489549,7.47121411227e-05,0.0002264065178645307,0.8,0.5,0.6,73,0.2276826542206991,0.1087713951167681
28,29,0.17528032240505473,0.444392276423885,0.4556741933002133,0.36107831348455,0.11836065789973586,0.1088793890547671,7.288306044614e-05,0.00022641178683539383,0.8,0.5,0.6,74,0.2338656181768326,0.1013933287226079
28,30,0.1752786243819121,0.44806207260958086,0.466847977689517,0.3675635731534413,0.08742873885084677,0.1089065852619384,7.324646034889e-05,0.00022673223750224503,0.8,0.5,0.6,76,0.2336711250673774,0.101846678015662
28,31,0.17334736307115903,0.4456827142745406,0.46435042931697307,0.38309991800908166,0.08859028438555165,0.10686383341489057,6.234665165451e-05,0.00018803057465476155,0.8,0.5,0.6,77,0.2598699798840952,0.1003232488298611
28,32,0.1683763582053777,0.4276857126000558,0.4364140852227946,0.3909530524998436,0.14670192458306508,0.10679670311245325,0.0009974828689618,0.00018695565017897846,0.8,0.5,0.6,78,0.2026478478749287,0.081630480125963
28,33,0.16764742278627298,0.4331088441750144,0.45654064313364573,0.41110819456970527,0.08805112479693376,0.10673395322712055,0.00103482638839133,0.00019572386987227203,0.8,0.5,0.6,82,0.208202467349348,0.0921470107932317
28,34,0.167868958931003,0.4257963403626598,0.43417063167576625,0.42237491092148266,0.08666275330163209,0.10714504703948273,0.00097082426978843,0.0001729505365007718,0.8,0.5,0.6,84,0.2074945009468107,0.0928704591523774
28,35,0.16760593863112896,0.42890031758229674,0.4447009618283539,0.4295075084712578,0.08733321855148089,0.1070538498581218,0.00097008336616594,0.00017326829425994632,0.8,0.5,0.6,86,0.2078530009044527,0.0934858577675295
28,36,0.1674494927158746,0.431994419025633,0.45519171512850126,0.4399653298038085,0.08927509613254948,0.10717640961190768,0.00097006751219032,0.00017159425757720922,0.8,0.5,0.6,87,0.2096332785767934,0.0936981922021657
28,37,0.1675931853358934,0.43544930843602847,0.4660586797892925,0.4626942473931217,0.08706011763505055,0.10757286037339646,0.00104665201158494,0.00018615449087719144,0.8,0.5,0.6,94,0.2058564532826972,0.0900602492514578
28,38,0.16810967479890632,0.4801380784867642,0.6008286767369884,0.6240198227162885,0.08756000639398008,0.10900138826060923,0.00022000288367211,0.00015947905261944422,0.8,0.5,0.6,109,0.2699591448848018,0.1359421008862479
28,39,0.16763870975840028,0.45330764686429753,0.5212994071548914,0.525574818363074,0.08796742008864147,0.1087472542407718,6.107431375457e-05,0.00019700539553220856,0.8,0.5,0.6,112,0.3053556209914351,0.1776485090461538
28,40,0.16677399669767404,0.4704772223344532,0.5759089144674612,0.6075236108673063,0.08984440058719298,0.10801726938107728,6.108419717509999e-05,0.00019633854797404041,0.8,0.5,0.6,113,0.2630610908780028,0.1189424562213572
28,41,0.1667778971452055,0.4737589709430206,0.5865948268618543,0.6345796175051541,0.08955717865728799,0.10820027358521897,0.00022401470553393997,0.00021448635112286056,0.8,0.5,0.6,114,0.2538749465575185,0.1317296323681772
28,42,0.16575800254353448,0.47090515975192715,0.5832759300438828,0.649548753308393,0.09839809143290543,0.10816408235273393,0.00023487209380174,0.00019699483480109268,0.8,0.5,0.6,115,0.2641802433668188,0.1241929358233611
28,43,0.164561596913856,0.4715961306897965,0.5910208228384561,0.6562369556746963,0.09805326056385484,0.10785931500922018,0.00024478216482881,0.00021426267365313,0.8,0.5,0.6,116,0.2615723603744759,0.1278820611542737
28,44,0.16335789584865326,0.46007298963995696,0.5637412907208468,0.6321074332442795,0.0904848980840335,0.10833514341720615,5.009056821393e-05,0.00025664220172985424,0.8,0.5,0.6,121,0.2651893050592385,0.1520391935868499
28,45,0.16205193717691768,0.45841097774322653,0.5685807794336996,0.6816899796302648,0.11294078690952364,0.10929318727445707,0.00019001930028038,0.00014114881476078424,0.8,0.5,0.6,122,0.2613008745561106,0.1859449514521743
28,46,0.16059266693364863,0.4579607853938658,0.5749772187271568,0.7000994474602982,0.09167567363507537,0.10914112533171513,0.00017352825699638,0.00016897555084576527,0.8,0.5,0.6,126,0.2583538099259541,0.1817596602643821
28,47,0.13981927757882967,0.43840628515649704,0.5689332467307867,0.7233546207508013,0.0728922263160499,0.08700063204784804,4.488041992744e-05,0.00017557915280418736,0.8,0.5,0.6,138,0.2660179027043036,0.1136220545768215
28,48,0.13777192232463528,0.4301952366872043,0.5592328925672916,0.7255723155727274,0.08916614628679906,0.08801728331489898,4.801226440702e-05,0.00017858213479402427,0.8,0.5,0.6,140,0.2525416756321406,0.1220123207266914
28,49,0.13427854028581437,0.41550313607653677,0.535241687154243,0.7664123161226322,0.09268966108260897,0.08784101866118524,3.992306339316e-05,0.00014908668209107477,0.8,0.5,0.6,142,0.2397695705948856,0.1181108223340182
28,50,0.14644272511365286,0.44143734645777183,0.5909794750123637,0.8023592333279064,0.08603285336715563,0.10343914876676333,0.00031905668434746,0.00016959943168073615,0.8,0.5,0.6,144,0.2772260914133316,0.1379430251227353
28,51,0.1345811528865837,0.43216617450373696,0.5889581572924811,0.8357585842040016,0.07305076865232558,0.08923856993499042,0.00025008503796739,0.0001964739322625888,0.8,0.5,0.6,149,0.2513858832940826,0.1303059973701632
28,52,0.13336532325696085,0.4252671900860039,0.5740809066554529,0.8305008963973757,0.07704932724382896,0.0887520903322616,0.00031122475240148,0.00016768005006117902,0.8,0.5,0.6,151,0.2508821208367379,0.1220547570903258
28,53,0.13251687307229829,0.4188351836036391,0.5596955000716142,0.8378326614659257,0.07668311639914556,0.08869873249595853,0.00029267052599434,0.00015481184060202056,0.8,0.5,0.6,153,0.2455257303067131,0.1203384225617877
28,54,0.13425530707698238,0.43910919978801144,0.6175369808280216,0.9340032675986583,0.07297691112980985,0.09088639176459228,0.00023424353184882,0.00019793524854623212,0.8,0.5,0.6,166,0.2582378144950831,0.1190339434978375
28,55,0.13271282874914175,0.44486014252153183,0.638286643321842,0.9662086889175415,0.07155428274348698,0.08905464251768445,0.00021930139989418,0.0001720815890417742,0.8,0.5,0.6,171,0.2457249705480342,0.1300529662179133
28,56,0.13225417370988538,0.4365879662453851,0.6148940099108098,0.9487809745306315,0.07309656528192607,0.08866286600576168,0.00027842338472358,0.00015353553000791868,0.8,0.5,0.6,172,0.2460160919174842,0.1189666547291826
28,57,0.1320367541460182,0.43977031696474617,0.6255180107295214,0.9612242696095629,0.07325414290392872,0.08860726381065522,0.00020015204259039,0.00014658171928580592,0.8,0.5,0.6,173,0.2490773086300916,0.1256948854696877
28,58,0.14877808725758251,0.5090835696831489,0.7472102097592004,1.0522820070661374,0.0746224485093077,0.0918915943405567,0.00060969584488022,0.000163587349510932,0.8,0.5,0.6,177,0.2543929311238387,0.1170944175843282
28,59,0.13416803614562364,0.4659692610428693,0.703872284326434,1.04333567799726,0.08428127084658274,0.09202260096720552,0.0005505463551336699,0.0001735383652353054,0.8,0.5,0.6,178,0.2493555257202887,0.1285029197010637
28,60,0.134567070124904,0.4638552775089707,0.6945232856950235,1.047910262919624,0.07727557747926937,0.09187094125192447,0.00061520304876545,0.00016066446082074667,0.8,0.5,0.6,179,0.2524380404087127,0.1118881302082999
28,61,0.14927315997393145,0.51800093771226,0.7714058807069846,1.0738995552185615,0.0740832649480588,0.09187154142493481,0.00061084704941616,0.00016149758984272826,0.8,0.5,0.6,181,0.2497059053517209,0.1285894137503615
29,0,0.9196828416772652,0.9730819864926329,0.968641349191961,0.14043821944360893,0.0,0.0,0.0,0.0,0.8,0.5,0.6,1,1.0992973072308891,0.7478492194498216
29,1,0.8538309678978889,0.9979740432841043,0.984409210879751,0.21096372786150291,0.19427669859801774,0.10020365273877889,1.6368685354230002e-05,4.9880935900005095e-05,0.8,0.5,0.6,3,0.816638754835042,0.5485630998904142
29,2,0.5123566271040376,0.8152231031202026,0.7716120319337123,0.16217243509851734,0.8308300285118503,0.09898624394305827,0.00020808995315962,0.00048280281306193956,0.8,0.5,0.6,4,0.5057679962642556,0.2188832827424205
29,3,0.41226023504747916,0.7352182106309033,0.678450452753856,0.1474688980968197,0.24380490878469996,0.09898976355633055,6.81413183245e-05,0.00017420318061919804,0.8,0.5,0.6,6,0.4523400236493513,0.218028269692474
29,4,0.3861937014412494,0.7145059540138431,0.6614370655839532,0.14513703380360968,0.125741755796817,0.09737360293800557,6.924862583388e-05,0.00017092706566436796,0.8,0.5,0.6,8,0.414486443432437,0.177515407863479
29,5,0.3610823894844343,0.689239040556905,0.6317838517758687,0.1376669579158071,0.18902645600081894,0.09904249425407671,6.693913109316e-05,0.00015077117861945577,0.8,0.5,0.6,9,0.3803737863086938,0.201634035069789
29,6,0.34174577044286425,0.6713873205683298,0.6169838557833061,0.1413020072334195,0.1406511284849238,0.10582027782463722,0.00010255941195766,0.00023179086598195187,0.8,0.5,0.6,11,0.3342435320871865,0.1712638724599634
29,7,0.3288697810089765,0.6574290707801214,0.600963105874013,0.14393872097662977,0.13793488833019382,0.10395210699592976,0.00013688566893537002,0.00026736347338674377,0.8,0.5,0.6,12,0.3963814557608765,0.1543770751467185
29,8,0.3090966628425092,0.635886995458224,0.5825608128606464,0.13454301986240716,0.19116697239114275,0.10555466181587177,0.00013227140618644,0.00024275365577459637,0.8,0.5,0.6,13,0.3645942276098374,0.2408642165375674
29,9,0.29133494524173115,0.6130257641237938,0.5560652636038673,0.14374723597871536,0.17595387978937715,0.1044996521610686,0.00014729102702463998,0.0002517142789720154,0.8,0.5,0.6,14,0.3718758321576568,0.1727118213617469
29,10,0.2691978906094429,0.5845009952876928,0.5295314810853312,0.1356642603044069,0.13117328480189056,0.10608576658495855,0.00012262515061196,0.00023429564624139127,0.8,0.5,0.6,17,0.326456846246957,0.1315431956358992
29,11,0.26946723529207356,0.5839344336729025,0.5286045428980272,0.13923621120253543,0.0951066312881854,0.10810513416033124,0.00012812884172209,0.00023408393042000382,0.8,0.5,0.6,18,0.3522771574547854,0.178112809483817
29,12,0.2590282080899551,0.5721189967446184,0.5220090642188665,0.13793911947100157,0.14142717153499357,0.10608576658495855,0.00012262515061196,0.00023429564624139127,0.8,0.5,0.6,19,0.3257739496990042,0.1471191954834409
29,13,0.25539493244898304,0.5652140320023168,0.5136551519598449,0.14268747481728994,0.1051585975607402,0.10836643361323382,0.00015619517110911,0.0002956872344363876,0.8,0.5,0.6,21,0.3430774994327853,0.2052466875900085
29,14,0.23857277570697707,0.5413247741998661,0.4929293633877309,0.14124653479142338,0.19432901550700618,0.10683261303003608,0.00013870100015595,0.00031218443163901464,0.8,0.5,0.6,22,0.2342447593007655,0.1380601090272995
29,15,0.23675698441288315,0.5488462330289082,0.522308242450713,0.17549815482271452,0.08913808265103798,0.10747386819239722,0.00015364086973714,0.00035433625469605105,0.8,0.5,0.6,28,0.2283125790030509,0.1518595574732647
29,16,0.23510092210874267,0.5495804718668471,0.5300658307697368,0.18271708968818387,0.09237028305045243,0.10747386819239724,0.00015364086973714,0.00035433625469605105,0.8,0.5,0.6,30,0.2161872556310185,0.1331429285920366
29,17,0.23471253753275834,0.5489140816033671,0.5292960050862107,0.18543267394713697,0.08881284566954802,0.10742608551219568,0.00015164349294004,0.00035370583673284534,0.8,0.5,0.6,31,0.2240213041614567,0.1430500064718673
29,18,0.2303195864268295,0.5406667629939289,0.5196379611897618,0.19381843458895678,0.1041756916995766,0.10780440483989773,0.00016571917328739,0.0003451962242361507,0.8,0.5,0.6,33,0.2314828910223815,0.1522959209936435
29,19,0.22978645894414024,0.5399557258643829,0.5188631870275496,0.19947505794377102,0.08779225147861996,0.10741204086790769,0.00016165210349342,0.00033001696556602897,0.8,0.5,0.6,34,0.2318995980328651,0.1462433227212011
29,20,0.2254848681764332,0.5231197263707863,0.4851185344351973,0.1810205554296744,0.09793027211036395,0.11003305818738013,9.491367146111e-05,0.00019257610318019935,0.8,0.5,0.6,39,0.2360403529552377,0.1476431081012149
29,21,0.20170486272682897,0.4735029735196104,0.42079348781135,0.1665786576237653,0.17633282093579986,0.1071377377790361,9.510823262485999e-05,0.00022248463593951536,0.8,0.5,0.6,41,0.2187692703456987,0.0920443378419646
29,22,0.1979560024304959,0.4676079403310538,0.4206204120831819,0.16688686108466153,0.1100604905126023,0.10872706798749998,9.451345795633e-05,0.0002031206372910634,0.8,0.5,0.6,43,0.1906466299544889,0.0733348703509888
29,23,0.19454573621697574,0.4630784246157867,0.4157810024444026,0.1697979442564971,0.08803878515499225,0.10542738849439222,8.418223351425e-05,0.0001925536294995507,0.8,0.5,0.6,45,0.2008678422128585,0.0831119567708432
29,24,0.17805641618338644,0.4346725974814483,0.3969863454083364,0.17109372551372462,0.14771896516809715,0.10163047664905427,0.00011521232228638,0.00025065506458584597,0.8,0.5,0.6,47,0.1848182434261717,0.1061454323147493
29,25,0.1697869241082472,0.4086005871251541,0.36614760323292594,0.17216218045834694,0.2035231173432104,0.10517832482333557,0.00011020715667668,0.00022879618756958264,0.8,0.5,0.6,48,0.1617466952774198,0.0937858928316024
29,26,0.173248962104647,0.40545616219352704,0.3547365065705216,0.1684179393298241,0.10827101056298621,0.11154153075735487,0.00012342708437626,0.0002777071990732663,0.8,0.5,0.6,49,0.1413554420046728,0.0854908713942592
29,27,0.16380929003380992,0.38100839394257835,0.33306926128252695,0.179190719491921,0.20846541039662264,0.11231508362462404,8.360892206634e-05,0.00017468611687631317,0.8,0.5,0.6,50,0.1332322873798627,0.0759137672788423
29,28,0.16376827902147076,0.3767495731029055,0.3343808108453136,0.188321657499768,0.11814012162346858,0.11706548795880344,9.198622586187e-05,0.00019103884272895678,0.8,0.5,0.6,52,0.1156319075069598,0.0718722013370121
29,29,0.1830296640420883,0.3908193202408386,0.35381223695438413,0.21657314289400648,0.17154265583603437,0.1461661248572895,8.587718124601e-05,0.00040854981462264107,0.8,0.5,0.6,53,0.1152589111382651,0.0800252322626853
29,30,0.15371698326486613,0.33226046249584174,0.26846931654995926,0.18767061388543144,0.14820127835686098,0.11915278997408954,8.437782261918999e-05,0.00022935156615939094,0.8,0.5,0.6,55,0.1604030020951055,0.0916964438008186
29,31,0.15403860986846932,0.3233873088199614,0.2641602904810154,0.1968585662675428,0.13767432234020455,0.12573745743756645,8.660265230008e-05,0.00028076037923046324,0.8,0.5,0.6,57,0.1479823603344027,0.0909024142544091
29,32,0.15586350699960627,0.3277853009167849,0.2758153980654081,0.2099862198348331,0.10948310920687711,0.1285286914110326,8.740841206224e-05,0.00030300410033965363,0.8,0.5,0.6,58,0.1454093646185928,0.0912409330324043
29,33,0.15091390554185985,0.31325262431246137,0.25242528121214003,0.2027083885769069,0.13550193975807726,0.12528394087920755,6.84103385478e-05,0.00017752176181734655,0.8,0.5,0.6,59,0.1482835589695447,0.0844846013887845
29,34,0.1485300467466889,0.31063616505565284,0.2631527463175397,0.2204697965478669,0.12090629282638221,0.12549746066818385,6.84079121809e-05,0.0001843398472946584,0.8,0.5,0.6,61,0.1447129536667556,0.0726970457882848
29,35,0.148172689370183,0.3052432034702728,0.24995407110203444,0.20861905674968387,0.10777165152693031,0.12559782454788787,6.839752265698e-05,0.00019017756127498065,0.8,0.5,0.6,62,0.1441839592235144,0.0674161492124759
29,36,0.15045463258737143,0.309823344075884,0.2684330360022035,0.23130711034480064,0.13295357832475127,0.13059095605555465,6.934108191649e-05,0.00021202325438169394,0.8,0.5,0.6,63,0.1338726057404452,0.0721554270252704
29,37,0.13952224741067884,0.3051861404548859,0.2785730140850904,0.26440258757735785,0.09476332192183246,0.11749076576515415,4.727121483532e-05,0.00014115369356123143,0.8,0.5,0.6,73,0.1437426944127333,0.0778471974524076
29,38,0.12147015356404399,0.2921807176876644,0.2800816079016786,0.26991137833119144,0.08926312595227709,0.09590041903336781,4.7648218273230004e-05,8.325161317152418e-05,0.8,0.5,0.6,74,0.1207374572385028,0.0626570467718606
29,39,0.11863145525576711,0.2799787514615867,0.25913363817151974,0.25977267333085946,0.09117795886209103,0.09462906302824925,4.183953479856e-05,7.42905898495918e-05,0.8,0.5,0.6,76,0.1345149731957445,0.0672490471748311
29,40,0.12132375188873967,0.28967587579932547,0.2837690877615943,0.2941040737478321,0.07934661250082628,0.09815947547613274,4.152835229693e-05,7.366657924338342e-05,0.8,0.5,0.6,79,0.1395332270313466,0.067828514179044
29,41,0.1151808274651821,0.2740726297381671,0.26612523639401964,0.2932301649117582,0.12637678684320977,0.09412684633005207,3.6535304651439995e-05,6.532200992028127e-05,0.8,0.5,0.6,80,0.1405632867564629,0.0656508916530053
29,42,0.1169204567879911,0.278282491997244,0.2775831271250403,0.3121310912098514,0.08082096562117277,0.09677028150625494,3.6558758585339995e-05,6.337598969992073e-05,0.8,0.5,0.6,82,0.1406021102609622,0.0702989701003658
29,43,0.11461338226854044,0.27118209661627907,0.2627373871898589,0.3016126917132683,0.07738775850798268,0.09427400612525344,4.358551838774e-05,7.016433316563664e-05,0.8,0.5,0.6,85,0.1310514906343284,0.0648680944406863
29,44,0.11554966110589877,0.2707141856234622,0.27541959743257727,0.3311150592008345,0.0907248063912136,0.09864496320492623,4.578951691749e-05,7.072139010882097e-05,0.8,0.5,0.6,89,0.1175123354588103,0.0648649617850365
29,45,0.11609040864861818,0.26454123855215017,0.26109675100452445,0.358508011209389,0.08355878503142537,0.10037629415254357,4.641217943441e-05,7.88178031751393e-05,0.8,0.5,0.6,94,0.136297118873131,0.0665288464095349
29,46,0.11408980933459786,0.27055017219765826,0.2889906573813542,0.36516611143678424,0.08746737730444958,0.09895883982775505,4.2191325828889995e-05,8.310559064084819e-05,0.8,0.5,0.6,96,0.1346701985222191,0.0667515051031791
29,47,0.11118023334329893,0.2583663061354392,0.268125086301806,0.36409722382410414,0.0875692847998755,0.09722699636902495,3.544290590515e-05,6.910625913323052e-05,0.8,0.5,0.6,99,0.1286821233198771,0.0650043374757976
29,48,0.11074678627672987,0.26778304444287254,0.299816914578274,0.38899590470700857,0.08110148503097427,0.09711323336434499,3.585988780666e-05,6.94027571099192e-05,0.8,0.5,0.6,101,0.1287963614717434,0.0651954414356652
29,49,0.11065764995871517,0.2636450372144197,0.2880940316339404,0.3842528133223741,0.0786243335049518,0.09711323336434499,3.585988780666e-05,6.94027571099192e-05,0.8,0.5,0.6,103,0.125264212805709,0.0582633778083092
29,50,0.1096168709712181,0.30087436731588973,0.40745002976604283,0.5943645785025597,0.07767799891234574,0.09667053945326046,2.906091966058e-05,5.3188854806608756e-05,0.8,0.5,0.6,148,0.1425361890319565,0.0660378504964315
29,51,0.10743036155261987,0.28742836189096393,0.3714341961276019,0.5784267122883846,0.0753165412138398,0.093969207370754,4.030968807741e-05,5.901715898845141e-05,0.8,0.5,0.6,156,0.1194513683136728,0.0585876390843933
29,52,0.1087709689104134,0.2855817476715964,0.36892458546669554,0.6062017051309528,0.08569831235177784,0.09668699902610292,4.203359604789e-05,5.4554279060548696e-05,0.8,0.5,0.6,158,0.1236645210388167,0.0597661945154311
29,53,0.10710845176548198,0.29120799251706453,0.38955198035269356,0.6127012255955042,0.07591359971370626,0.09464751670050266,4.065508838551e-05,6.162889770330985e-05,0.8,0.5,0.6,163,0.1231774484656824,0.0592769665398503
29,54,0.1070677528561448,0.28677693438259505,0.3774655537179241,0.5855022401054775,0.07708365991530465,0.09480757020548418,4.526753585414e-05,6.853152580952134e-05,0.8,0.5,0.6,166,0.1235183904936942,0.0590155476332527
29,55,0.10692904410012513,0.2898507470662108,0.38795034468607537,0.6281611651384357,0.07848470632022762,0.09480265259424499,4.083432288346e-05,6.149017455934657e-05,0.8,0.5,0.6,167,0.1237419017443983,0.0589720711821886
29,56,0.10707139868184794,0.2897589877972078,0.3878100354294818,0.6087439959682427,0.07731619298859466,0.0950556425099656,4.111655255299e-05,6.149596742025532e-05,0.8,0.5,0.6,168,0.1242352457442041,0.0590702837690769
29,57,0.10706521500242641,0.28975196902249895,0.38780285372047996,0.6126517419071663,0.0761002189569478,0.095048199927288,4.10868226959e-05,6.149225847487592e-05,0.8,0.5,0.6,169,0.1242473221125825,0.0590701920186532
29,58,0.10672195882785471,0.28841090652676965,0.3862550823858571,0.6239001124015542,0.07858757546219623,0.09494431082865452,3.830171865419e-05,5.5527427356900206e-05,0.8,0.5,0.6,171,0.1203369908779585,0.0590721002526648
30,0,0.8951479069062388,0.9644071409285545,0.9585353969839061,0.13802054026783445,0.0,0.0,0.0,0.0,0.8,0.5,0.6,1,1.1924613425680095,0.7509258445422617
30,1,0.6801393301006677,0.9191341864053277,0.8855611626462402,0.18825830197228544,0.34368418284922797,0.09863663126403768,0.00033269597799981,0.0028841598728237506,0.8,0.5,0.6,3,0.5951861905558135,0.4675689842327974
30,2,0.41381949232377246,0.7365424994565455,0.6801206498140808,0.14116637009581115,0.3246110890310922,0.09806567162060612,5.0859408809980004e-05,0.00013307747152199167,0.8,0.5,0.6,6,0.4190155435363379,0.1531697494714377
30,3,0.41009318499938,0.737178747796837,0.6872493169193089,0.14867358826200897,0.09445535116152375,0.10193030486156171,6.475162328087001e-05,0.00016942749640201383,0.8,0.5,0.6,8,0.3956298250096139,0.1486056507405536
30,4,0.33147575941018204,0.6569269401257116,0.59438246047622,0.13474895955093402,0.23560384050609212,0.09727797588567046,3.639804062391e-05,9.17622273561011e-05,0.8,0.5,0.6,10,0.3805101099410399,0.1533729388105572
30,5,0.30176288425199205,0.6281796280522376,0.5745895987573871,0.14670339915403247,0.11652037344410965,0.0980447245262746,4.572532487478e-05,0.00014808779590545684,0.8,0.5,0.6,14,0.3751507813961834,0.1667484849972039
30,6,0.293704860520127,0.6204488656439252,0.5720119179870221,0.14716018295324507,0.11094475523754946,0.10158916690082531,6.068256291612e-05,0.00019652888233716485,0.8,0.5,0.6,16,0.3413113009559103,0.1605093188294802
30,7,0.29686186131159237,0.6231807812428463,0.5743155851646159,0.16416866943969272,0.09276498846766353,0.10835750781971422,3.0040177692909998e-05,7.72770089132825e-05,0.8,0.5,0.6,18,0.3171665013453335,0.2038051003697248
30,8,0.2837576791420736,0.6057491786680729,0.5544123354132516,0.1647665463948178,0.14494712619108893,0.10530212694698671,2.797700518545e-05,7.123338473269134e-05,0.8,0.5,0.6,19,0.3005247495084966,0.1570997562486717
30,9,0.28036790114883886,0.604559380279193,0.5599139249138643,0.15785203621050198,0.10477691020250443,0.10541247339011224,2.803547652927e-05,7.1404664073669e-05,0.8,0.5,0.6,20,0.3077829408207927,0.1563412286289713
30,10,0.2627463533481801,0.580603139429952,0.5384847202172387,0.1592596290449718,0.14929779685593805,0.1085903030278309,3.376128927611e-05,0.00010406919218444579,0.8,0.5,0.6,22,0.3128044666104512,0.1377511295798275
30,11,0.25948881206286273,0.5770830594084273,0.5407173853561447,0.17772426573041594,0.10141123193259655,0.11291903869304828,2.7292178199310003e-05,8.400263272515951e-05,0.8,0.5,0.6,26,0.2744545958959851,0.1499861672015656
30,12,0.25022087497125056,0.5624409579743185,0.5178446615133335,0.17547955776749066,0.10180474872139672,0.104561030446615,5.615850289598e-05,0.0002211066789689023,0.8,0.5,0.6,27,0.2222347186277108,0.1571457340307677
30,13,0.24224633970577159,0.5495668816962701,0.5028803723943924,0.17690781542526507,0.13719159662444572,0.10429267435086743,5.778264409284001e-05,0.0002385339718005305,0.8,0.5,0.6,28,0.2353569717632955,0.1416515661683751
30,14,0.2403101102378237,0.5478405315694259,0.5073698479123239,0.17998553180082916,0.11711773178366838,0.10729137769790026,6.520692141448e-05,0.00029106769705360407,0.8,0.5,0.6,29,0.2476173103926298,0.1427150215492991
30,15,0.22587044061175574,0.5228343945035425,0.47845895129041627,0.17204888468971882,0.18231703579215766,0.10562153710511332,6.210677536732e-05,0.0002926446710984687,0.8,0.5,0.6,30,0.2481171394847838,0.124160176279305
30,16,0.2127148399831507,0.4980765805337559,0.4560592401093543,0.16838238124427263,0.21641513854079894,0.1091009999226657,6.318004099183e-05,0.00029801066935936695,0.8,0.5,0.6,31,0.2651122504326026,0.1762444737587857
30,17,0.20166393933282697,0.47319967116074707,0.43330404217501045,0.1663030375151975,0.15901020218898698,0.11416419487273152,8.165468038712e-05,0.0003674043786749523,0.8,0.5,0.6,33,0.183812466106186,0.1425550345237965
30,18,0.18338684222278864,0.4278926247381405,0.37389696829301716,0.1608036794326608,0.2545782304327543,0.11217790786095624,4.9348767405769996e-05,0.0002499240090375845,0.8,0.5,0.6,34,0.2323828173409593,0.1654997461032341
30,19,0.16975244423801714,0.39711505402693936,0.34514988434146343,0.15850544942818715,0.157228360655324,0.11062204001097742,4.997904271414e-05,0.0002464129431461222,0.8,0.5,0.6,36,0.2037554931367571,0.125369855778319
30,20,0.1670751547353821,0.3886633979776034,0.34180421566899255,0.1630932374589357,0.12152724878343056,0.1136000443979103,6.583521254674e-05,0.0003236358712785245,0.8,0.5,0.6,38,0.1693481567198412,0.1210753477275611
30,21,0.16174944616288953,0.37969398689831585,0.3319413578783945,0.1664274765394691,0.10928090867636261,0.10928162489117624,3.839529211888e-05,0.00018192940686202622,0.8,0.5,0.6,39,0.1869478064327434,0.102712619071507
30,22,0.1541125665596813,0.3433145980112224,0.2953015723016188,0.1624521305208113,0.28903127900708475,0.11793133811443307,7.298753235735e-05,0.0003508890832851034,0.8,0.5,0.6,40,0.1273817141104125,0.118115237368389
30,23,0.1418392583145504,0.304535461440444,0.2571849617551514,0.16702230360302336,0.1364534412404348,0.11682943608696358,5.038711665422e-05,0.0002462808891973505,0.8,0.5,0.6,44,0.1202425591711481,0.091636567102108
30,24,0.14184517221127502,0.30806818341894215,0.268191260969913,0.18236643372197076,0.09404652095227617,0.11691510239324253,5.0653069160430005e-05,0.0002473780013346563,0.8,0.5,0.6,47,0.1192638266493651,0.0923499539000408
30,25,0.13966385813553103,0.2989416252548338,0.257532409182575,0.1832689505544404,0.13217995227277116,0.11711963692910299,5.056417767218e-05,0.0002444454042352178,0.8,0.5,0.6,48,0.1165035115012877,0.0933124111716809
30,26,0.13582683639826823,0.28427337873196734,0.24050186960343264,0.18892159744393736,0.11321468386126458,0.11665776215703237,5.457038876421001e-05,0.00027585713515490323,0.8,0.5,0.6,51,0.1113350926523972,0.0888973966442079
30,27,0.1355339407135391,0.28508031732268196,0.24825883354900966,0.21434146090969816,0.10108082520040026,0.11732379026211927,5.097057924996e-05,0.0002525858091784552,0.8,0.5,0.6,53,0.1148988700850896,0.0905467284250427
30,28,0.13386301521689828,0.28067903227559254,0.24326901443762722,0.20914373814250478,0.09810722793982975,0.11631679321261343,4.318057448536e-05,0.00021204150710868623,0.8,0.5,0.6,56,0.1156349531656494,0.0845537052670406
30,29,0.13266989512972427,0.2647691203303528,0.22421888782966998,0.21707386091540623,0.17484449394980106,0.12017502843928868,5.256870045061e-05,0.0002690881615632604,0.8,0.5,0.6,57,0.1105499158880592,0.097144180955598
30,30,0.1300659998137491,0.25826818106905797,0.21689360317308162,0.22013312874962923,0.11555488404725266,0.11828545730198926,5.259606403597e-05,0.00028168812719439184,0.8,0.5,0.6,58,0.0971148072334732,0.0900949329706206
30,31,0.12879368287109827,0.2563400440307945,0.2215630485080528,0.22531042606744017,0.10614378275865859,0.1181838891392545,5.2500194081479995e-05,0.0002812687215118622,0.8,0.5,0.6,60,0.0965215799060122,0.0893393018522901
30,32,0.12854203489725416,0.25525568476723254,0.22030408293865314,0.22158062661057323,0.09689946773674794,0.11816013150652009,5.3496100502430004e-05,0.00026895443022288587,0.8,0.5,0.6,62,0.1000932758984384,0.0887017141950999
30,33,0.12785047181461728,0.24927360314808217,0.20647678665437116,0.2343915926829081,0.10272013228314143,0.11781527666400653,5.3695908885400006e-05,0.00028541396251363757,0.8,0.5,0.6,63,0.0994136610186947,0.0886918462749792
30,34,0.12459429349160635,0.23871259649917173,0.201137254763374,0.24584646124748818,0.15144560346963698,0.11734954632369653,5.339135535684e-05,0.0002853458886377825,0.8,0.5,0.6,64,0.1011146102857624,0.0857295258189007
30,35,0.12474179521989176,0.23112593560965575,0.17845739151263973,0.1986064235771649,0.09462067805817342,0.11763371776513923,5.3292480280500006e-05,0.00028253043164734777,0.8,0.5,0.6,69,0.1022539185600446,0.0864563659724411
30,36,0.12449128518645936,0.23055084728554393,0.1778151273703777,0.19832516278406054,0.09581570848293695,0.11742268312044489,5.3324057752619994e-05,0.00028399547870370845,0.8,0.5,0.6,70,0.1017125988457197,0.085732643496931
30,37,0.1239503939694127,0.24457159697015116,0.2218352369024734,0.29283510873014884,0.09390635808122781,0.11683418808040029,5.561067139103e-05,0.00028352576413300965,0.8,0.5,0.6,76,0.109080557575774,0.0833594357761237
30,38,0.12255954412803204,0.23884499327835632,0.21521378011095307,0.31233186272234853,0.10455079698330794,0.11644522454926699,5.85338418838e-05,0.0002960780726318455,0.8,0.5,0.6,78,0.1024462728094354,0.0827382671401933
30,39,0.12221202490206474,0.2301449296272999,0.19129334046892646,0.25471465132225113,0.09404361007163903,0.11629688492333091,5.909030594965e-05,0.0002984747359761887,0.8,0.5,0.6,84,0.1033459252085979,0.0821734170913577
30,40,0.12204855996472576,0.24850644592805865,0.24722073845493245,0.409861500398532,0.09309525290002811,0.11617138668747837,4.263136108964e-05,0.0002198278787413604,0.8,0.5,0.6,116,0.1081065265198675,0.0793510304347448
30,41,0.12256787365994487,0.25242644154494626,0.2585912730714132,0.4120192928631536,0.0939003708706496,0.11690874917771983,4.2406195472820005e-05,0.00023065040489984588,0.8,0.5,0.6,123,0.103595440357432,0.0810031083075959
30,42,0.12225253009397812,0.2472849640486753,0.245706057813751,0.44026840560217795,0.09558634218247182,0.11688724763108498,3.643068211152e-05,0.0001967334070151071,0.8,0.5,0.6,126,0.1035373606114787,0.0827657756726338
30,43,0.1222339776741521,0.2583076908230351,0.2792531901843991,0.49613936515789026,0.09369050197920073,0.11691360660422906,3.1890591349919995e-05,0.0001722120384150155,0.8,0.5,0.6,138,0.1032493293790739,0.0825227851795657
30,44,0.12222563713078306,0.2619832225017198,0.29043755630006196,0.56013921657244,0.09365785066920272,0.11694129348976022,2.5514329374850002e-05,0.0001378817984282293,0.8,0.5,0.6,153,0.1033504030483234,0.0820775921335813
30,45,0.12222551866727285,0.2545502587035028,0.267973570227867,0.5687405683996523,0.09370277249071379,0.11696419005067374,2.125778205348e-05,0.00011500752204305468,0.8,0.5,0.6,154,0.1034091045097935,0.082052183091948
30,46,0.12221970757862442,0.258225968938257,0.2791575941377526,0.5457790426269202,0.09380801522064788,0.1169569894036033,2.3194892097949997e-05,0.00012542434688212555,0.8,0.5,0.6,155,0.1034568386356784,0.0820241333678312
30,47,0.12221497655992503,0.26192932433125105,0.2903747788082992,0.5722986519678676,0.09366239391525291,0.11695211752389915,2.319057619736e-05,0.0001253113329949239,0.8,0.5,0.6,156,0.1034645017285316,0.0820334943073547
30,48,0.12221541387109161,0.25821632170962583,0.27914684689122454,0.5841573600010797,0.09366140811598518,0.11696240218905424,2.126214019291e-05,0.00011487605469732824,0.8,0.5,0.6,157,0.1034275422164697,0.0820324971066543
30,49,0.1222140159626927,0.2618990402370435,0.2903384775077212,0.5801690157603921,0.09368936470113343,0.11695985437072683,2.319894311658e-05,0.00012539019019386526,0.8,0.5,0.6,161,0.1034394043612576,0.0820709078624853
30,50,0.12220809488056555,0.2655976836402964,0.3015501723942551,0.6034983311303,0.09368721376842618,0.11695445164360793,2.3194080522609998e-05,0.000125446564094375,0.8,0.5,0.6,162,0.1034188471138752,0.0820679579968192
30,51,0.12243929666110227,0.2657840792622727,0.3017273874953981,0.6037248290682966,0.09411911368822473,0.11725782070000788,2.310452722234e-05,0.0001246528106540452,0.8,0.5,0.6,163,0.1043656831007287,0.0828051985883126
30,52,0.1218137651523588,0.25678509538572286,0.27750419553728845,0.5913308185049135,0.09838007481903478,0.11677482780509292,2.140859266819e-05,0.00011557907566234698,0.8,0.5,0.6,164,0.1037209346805893,0.0814243888383893
30,53,0.12241056629382431,0.26382353112349044,0.2993702334887789,0.5996324685708281,0.09936988365589139,0.11780720317770772,2.41682234014e-05,0.00013039137209026674,0.8,0.5,0.6,165,0.0990048218310683,0.0845001367313221
