Run,Equation_Index,Hybrid_MSE_Train,Hybrid_AIC_Train,Hybrid_BIC_Train,Hybrid_MDL_Train,Hybrid_PSM_Train,Extrapolation_Divergence,Sensitivity_Interpolation,Sensitivity_Extrapolation,Lambda1,Lambda2,Lambda3,Complexity,MSE_Test_Interpolation,MSE_Test_Extrapolation
1,0,0.9470431007647897,0.9824974132322908,0.9796100362719378,0.1444961494775779,0.0,0.0,0.0,0.0,0.3,0.5,0.1,1,0.9748054983296368,0.7560687826388228
1,1,0.6109176273419422,0.8602361727167541,0.8253646863620363,0.13505693535823213,0.3499396300022593,0.09850745813983726,0.00039273338167731,0.00030485370682359,0.3,0.5,0.1,3,0.6717528675966482,0.4675689842327974
1,2,0.45909849950959103,0.7629207163927588,0.7189161502627642,0.11158784946261184,0.4174066110833736,0.09844825857114856,0.00022419762357363,0.00019043941333161,0.3,0.5,0.1,4,0.5007801540848752,0.2229957408252089
1,3,0.36551532467729736,0.6881855468491742,0.631839216197747,0.09361174956616404,0.18403524760056372,0.09895368165169033,9.545820798112e-05,9.189778497018e-05,0.3,0.5,0.1,6,0.4268037922650442,0.1637184201805436
1,4,0.34908738258989036,0.6768521689185534,0.625545434783657,0.10407704841836933,0.04517017991598246,0.09872899133534424,0.00013718910154322,0.00013243452816885,0.3,0.5,0.1,10,0.3652124064793118,0.1738739938781063
1,5,0.3362135190215907,0.6683092328372425,0.6223487603839721,0.10958236224812566,0.04865907664227294,0.10159254889088412,0.00018594827318705999,0.00018369614840303,0.3,0.5,0.1,13,0.3421534229711983,0.1539041264280387
1,6,0.32687059831313053,0.6627951205171089,0.6228041045453818,0.11414781652718246,0.06936403684523615,0.10199144689139282,0.00022429837890675002,0.00019606848366274,0.3,0.5,0.1,14,0.339729064738947,0.1370541226946602
1,7,0.29730109782030495,0.627754116712081,0.5745864564838321,0.11109518191208778,0.104508049736692,0.11217349931482631,0.00011459153887599001,0.00012763635243141,0.3,0.5,0.1,16,0.3463056368834834,0.187860570916531
1,8,0.26082004358256206,0.5881824101570301,0.5353196293343286,0.10609509076837786,0.2144035529982963,0.11349513399111773,0.00015801545801266,0.00014294827042203,0.3,0.5,0.1,17,0.2439316237980375,0.1614165023767635
1,9,0.26026469030120974,0.5911712222833982,0.5456920344200282,0.11025363465020752,0.03748514701720673,0.11373248926536532,0.00015742219896266,0.00014268661827934,0.3,0.5,0.1,18,0.2454827736795871,0.1606008805255391
1,10,0.2599162043522221,0.5944527171171171,0.5564244620249931,0.11444159532062648,0.034963812727323115,0.11358486820042558,0.00015697735813781,0.00014282423047566001,0.3,0.5,0.1,20,0.2451680727142188,0.1623408287259015
1,11,0.22672080947789883,0.5497446700857151,0.5044660621982885,0.10962665529467022,0.12406665661878591,0.11107840578358867,0.00014352510637459,0.00014695203862889,0.3,0.5,0.1,22,0.2165699402634683,0.1775917839928137
1,12,0.18776407079026322,0.49248175458330273,0.4448369054844609,0.09818136679323741,0.15592493802978546,0.10748496406722934,0.00013979828728595,0.00014565765741975,0.3,0.5,0.1,24,0.2122133796409424,0.0892364685354947
1,13,0.16429389644426057,0.448427388026162,0.3933704969825881,0.09697180874500856,0.12622916122418917,0.11032912780545132,0.00017665898265318002,0.00018630576331491,0.3,0.5,0.1,26,0.2308057111472587,0.0935936290891576
1,14,0.14881505201676667,0.4191935586482426,0.3661355858179659,0.0958231239377763,0.1023238292003488,0.11196258708020795,0.00017459928730855,0.00018224254493729,0.3,0.5,0.1,28,0.2153106952039613,0.0703440547174799
1,15,0.13391524392901055,0.3878742319748049,0.33000956368259177,0.08661274721827993,0.1515447319833994,0.10468625092152514,0.00017489227867866001,0.00018634194363492,0.3,0.5,0.1,29,0.2134666420162005,0.1065365198624444
1,16,0.12257934006695484,0.36606993415385897,0.31830807638742803,0.09670537562905675,0.06299893702771987,0.10678920186700812,0.00018018636110909,0.00019145201087099,0.3,0.5,0.1,33,0.1521668647486548,0.106305335344421
1,17,0.08589546152862529,0.2526030025904875,0.18604453948099378,0.07268980785350186,0.26942064070921484,0.10812268216551646,0.00032111517786473,0.00021885796742712,0.3,0.5,0.1,35,0.1679195886975635,0.0467078370317735
1,18,0.0748926300492884,0.21266303697387545,0.14644753969350505,0.07170278411831948,0.12010651305313871,0.10769685581023372,0.00022464896599674002,0.00018468886231213,0.3,0.5,0.1,37,0.1567919644817235,0.0300421998032358
1,19,0.06929103848582978,0.1875582273760521,0.11716456446991153,0.0701362057230745,0.0848977217176635,0.10841656191955609,0.00023710891646974,0.00018538602171085,0.3,0.5,0.1,39,0.1880973155787918,0.0313510552276409
1,20,0.06905950015099623,0.18941675062877214,0.12619442546752838,0.08680054007667455,0.037176631546577105,0.10917185123699547,0.00023842074770532998,0.00018450984026173,0.3,0.5,0.1,41,0.1975699655615364,0.0302144743842657
1,21,0.06813446668466669,0.1839221772753143,0.11973581487524854,0.09416394520123024,0.045290170035258336,0.11032363067398475,0.00024422578946415,0.00019140936287084,0.3,0.5,0.1,43,0.1668860054304794,0.0373780993378884
1,22,0.06675005779379362,0.17858185878449265,0.113564671174949,0.10231705948110362,0.03985865608702438,0.10933207413785222,0.00023312992491789,0.0001810644940074,0.3,0.5,0.1,46,0.1797179955914066,0.0306230416858707
1,23,0.06332348789914502,0.17350382606064094,0.12162244148192367,0.11250858264170446,0.055576340512773506,0.10591877048483006,0.00023004435064945,0.00018786071098515002,0.3,0.5,0.1,48,0.156896367280125,0.0321302821765548
1,24,0.06309406057830193,0.1667988472347529,0.10682903027415823,0.10647099635140898,0.04680389801396931,0.10753375353823941,0.00023080004251684998,0.00019361585331177,0.3,0.5,0.1,49,0.1454749845666412,0.0391241742836471
1,25,0.06273080879279283,0.16794966984888757,0.11504026947919412,0.12041396922153348,0.04388147909472361,0.10817194149253073,0.000231231726345,0.00019601485205722,0.3,0.5,0.1,50,0.1494809224809285,0.0410941556830789
1,26,0.06241890185390078,0.16711204506458516,0.11409401250384274,0.12346023344747484,0.03512412801952851,0.10757690166786688,0.00023061858007333,0.00019350717798674,0.3,0.5,0.1,51,0.1476857367735327,0.0361852494640212
1,27,0.06138579361635502,0.1648268631515001,0.11155030265283841,0.13138010027131466,0.03492144587655945,0.10519379621750946,0.00022604562682371999,0.00018510593841775,0.3,0.5,0.1,53,0.1697386454854174,0.0343744084305789
1,28,0.0613828649098102,0.17091624420213786,0.13239427528228023,0.15881886959227257,0.03309714195242687,0.10625731960846392,0.00024901292838749,0.00017715606462742002,0.3,0.5,0.1,60,0.2257230803558912,0.0312679229422932
1,29,0.06091090995188832,0.16582708692263967,0.12635552960382354,0.16383304943334817,0.04393006804466064,0.10846910991787703,0.00025545101651308,0.00017983251132794,0.3,0.5,0.1,62,0.2304974414335992,0.0304601165787142
1,30,0.06126961643112163,0.16262400928718226,0.1224211853283063,0.18473480141538937,0.04341542336284597,0.11205622525939551,0.00055831046056128,0.00020097335896556998,0.3,0.5,0.1,64,0.2018236565273143,0.038796878977699
1,31,0.0598483430462171,0.15939303156861986,0.12557945621007477,0.20208214980347108,0.047784502866649904,0.1117020514014418,0.0005297888534661901,0.00019105176651049,0.3,0.5,0.1,66,0.1991939021422934,0.0349265795941704
1,32,0.058738193984173945,0.16039417882170712,0.13376954666538773,0.21055892636823823,0.03713152737452539,0.10973879210778262,0.00023370770985014998,0.00019102194000708,0.3,0.5,0.1,68,0.2141234554477196,0.0338805061109202
1,33,0.05893426699764514,0.16416977732492952,0.14503283045613855,0.2214951957014663,0.03345248648601918,0.11024470218721945,0.00038400233870762,0.00018987622933217002,0.3,0.5,0.1,72,0.1844854312424169,0.0364501205315556
1,34,0.05743363888135082,0.15762738766349121,0.1307056573446413,0.22063884086189303,0.040949905022677785,0.1064990960605413,0.00024709277228422,0.00018468068621937,0.3,0.5,0.1,73,0.1321430679366163,0.0329732635880615
1,35,0.05719144211401923,0.1600978492206947,0.14048791958754445,0.23741434395603633,0.03323486942648012,0.10646827918099973,0.00024124245638712,0.0001847105741014,0.3,0.5,0.1,77,0.2207568242954982,0.0314709122212627
1,36,0.054819872722230004,0.1576551444734173,0.15155860307724683,0.2506975955684757,0.0498928882223891,0.10423837077672728,0.00022141429893288,0.00018785450501552,0.3,0.5,0.1,79,0.1482391377573907,0.0329119805462533
1,37,0.055060829892779245,0.15273264206249076,0.13882903515685238,0.2580601319524804,0.03482252909759268,0.10606953825027464,0.00024697281490307,0.00019171352434005,0.3,0.5,0.1,82,0.134999944671933,0.0377688710242809
1,38,0.05563773209259335,0.15903167951712777,0.1598114050557905,0.2833473299537907,0.0343448001687358,0.10842791350419081,0.00074251286254044,0.00035305960886019996,0.3,0.5,0.1,87,0.1235939586967617,0.0355000940788579
1,39,0.05343554679040831,0.1549746258720133,0.16215530550312546,0.31232218298169884,0.0418009311323718,0.10588874732885661,0.00026143343714466,0.00019229461141711,0.3,0.5,0.1,90,0.1481261705703797,0.0362361347746442
1,40,0.053503402160474355,0.1586543759826943,0.1733296041452141,0.3228537207672154,0.032419603140244446,0.10617092813176195,0.00026910211933779996,0.00019793522984187998,0.3,0.5,0.1,92,0.1510350803645004,0.037805502033126
1,41,0.05339233040453615,0.15826564470726137,0.17288527296806594,0.3339953167213103,0.032490208987107756,0.10601190828497253,0.00026214763484295,0.00019210445004324,0.3,0.5,0.1,94,0.2177743530360524,0.0362527840426133
1,42,0.0530025387493181,0.1744174517725528,0.22620644325190228,0.40797208359214376,0.03272546644665194,0.10607403524954714,0.00030140447060671003,0.00018994608606075,0.3,0.5,0.1,107,0.163100293721142,0.0384653074874127
1,43,0.05218865079002351,0.17212971977455577,0.22362405676559868,0.4218194511303037,0.033301180448238606,0.10417703114316629,0.00043746644752356006,0.00018380436093959,0.3,0.5,0.1,110,0.1296161067396938,0.0435998867064887
1,44,0.051186741419629256,0.163279861123399,0.21998982419504493,0.4380955619201495,0.09074619747263803,0.10905500872319895,0.00026027556305157,0.0001760054395757,0.3,0.5,0.1,111,0.1213855317038367,0.0332726272066041
2,0,0.910667562493982,0.9699205576908092,0.9649583727181744,0.13955712942358386,0.0,0.0,0.0,0.0,0.3,0.5,0.1,1,1.1361861070695731,0.7479916365581858
2,1,0.5976067384403557,0.8492432311020308,0.812905306895482,0.13044446858553252,0.33449532231587364,0.09143070426933643,0.00043479929989128995,0.00028662929512683003,0.3,0.5,0.1,3,0.7189144603134359,0.4675689842327974
2,2,0.4421782501315471,0.7506207812396208,0.7045654780417693,0.10825393725485764,0.44361717139990564,0.09886554563955607,0.00024293991551614,0.00015589925462139,0.3,0.5,0.1,4,0.5728235192000226,0.2227387124912495
2,3,0.4217658755915891,0.7380257325481591,0.6834207669153404,0.10404511937809309,0.08284182060718497,0.08974019235520649,0.00043311584232746004,0.00049183127189925,0.3,0.5,0.1,5,0.4752751814668667,0.3432827394233544
2,4,0.3572319683229511,0.6830734563097678,0.6191141577780875,0.09277885286737407,0.25849681929294593,0.09621645049420906,0.00013723583542083,5.695755124713999e-05,0.3,0.5,0.1,6,0.4247940886708974,0.2771739611140004
2,5,0.3056182480380656,0.6334344021579459,0.5749402662431259,0.08672978067798888,0.1010793386037862,0.09887832724463645,0.00035337511133607996,0.00010818313104944001,0.3,0.5,0.1,9,0.2774779709687088,0.1282389049526312
2,6,0.30479893999531893,0.6331124431937996,0.5745685010361963,0.09121374344469722,0.03335337855595578,0.09893915051060216,0.0002762527442735,0.00011227382837713,0.3,0.5,0.1,10,0.3027754163295568,0.1826519587150727
2,7,0.274673031633531,0.6019250060044528,0.5447358668291971,0.08440228873958423,0.1840022646643974,0.10655073892069156,0.000574920841014,0.00017600768897197,0.3,0.5,0.1,11,0.2304973839401959,0.0864054779106154
2,8,0.2687231448337428,0.5983739208417971,0.547426334979584,0.08875838227166899,0.048678149031991365,0.10829052139801511,0.00043968994805216997,0.00016929505501956998,0.3,0.5,0.1,13,0.2894706911168686,0.1462154366770644
2,9,0.2387967728287778,0.5633915927009157,0.5136023102256131,0.08805506660373609,0.11198405186744541,0.1077347714790565,0.00044215885884042,0.00018392971990569,0.3,0.5,0.1,15,0.2197149291196275,0.0994056005818244
2,10,0.216958105418043,0.5349017261088796,0.48000770622850886,0.09414230375902663,0.1073992110092355,0.11602725995995154,0.0003740210319836,0.00018377933834183,0.3,0.5,0.1,17,0.2383404396795046,0.1575652681922465
2,11,0.20853834932192947,0.5254839260549432,0.469274427719621,0.089134158497917,0.07812041930174256,0.11109202160347138,0.00044692213780228005,0.00018914286766277,0.3,0.5,0.1,18,0.198497592417301,0.1415447102488573
2,12,0.1712159866857064,0.45754912833786404,0.39702048320666583,0.07188697970929502,0.300751023173036,0.11137861915501325,0.00044747233808555,0.00018980376329847,0.3,0.5,0.1,19,0.1488260261804766,0.0907650267187976
2,13,0.17157284564372471,0.45778697275862423,0.39721643225628905,0.07651224714956412,0.03521162581050583,0.11301363549962573,0.00044964548207966003,0.00019209967409979,0.3,0.5,0.1,20,0.1482540161225412,0.1011847898011993
2,14,0.15474290106547461,0.4365790262138231,0.3722200502487752,0.07626878412871729,0.19085648315430145,0.11879085240448146,0.00049506741282146,0.00019774480392645998,0.3,0.5,0.1,21,0.1996446876623032,0.119277113648474
2,15,0.15106632701146178,0.4146334014607961,0.34674079142268477,0.07110312557450517,0.06346751206881407,0.11754058942757065,0.00020922115218193998,0.00012264571884745,0.3,0.5,0.1,22,0.1695163159780514,0.0637573958036493
2,16,0.11699009901625773,0.3333718919539877,0.2589023730936978,0.05347957602869755,0.3881562954425658,0.1185881545134327,0.00045735918683475,0.00019506530635086998,0.3,0.5,0.1,23,0.1260231702956091,0.0762269830880634
2,17,0.1169441656829181,0.3332564525360873,0.2587691832562249,0.06087011969754405,0.03596481249526361,0.11855682977890361,0.00046054726414470996,0.00019520350286165,0.3,0.5,0.1,26,0.1262455568281993,0.0763975392251763
2,18,0.11731930128935712,0.3290261515235439,0.2467910276381925,0.06724503294886404,0.042781099294649384,0.12137584270121642,0.00056185379356631,0.00018801768357181,0.3,0.5,0.1,27,0.1295642703253429,0.0790131063079089
2,19,0.1155457971935896,0.3263942769478169,0.24394562819884366,0.07920503236490141,0.03792619518102073,0.1168985554490747,0.00057458253033924,0.00018010588696099002,0.3,0.5,0.1,29,0.1272644504355294,0.0786829438890819
2,20,0.10708126016243893,0.30238935879756246,0.22266610317764843,0.06754760791763084,0.15643136269710378,0.12129087285988437,0.00055870926650219,0.00022285476826309,0.3,0.5,0.1,30,0.1154972264479348,0.0741616224514793
2,21,0.10708125147987844,0.3023893043231937,0.22266604048026403,0.09559246657459146,0.03668896897696639,0.12129087756540426,0.00055871085050304,0.00022285426815753,0.3,0.5,0.1,33,0.1154971319479982,0.07416155988742
2,22,0.10393523270259371,0.2965538917963781,0.2227969899566902,0.11270003438582672,0.04620299479655411,0.1207409420893762,0.0005606387056688101,0.00023714238717304002,0.3,0.5,0.1,37,0.1327231311654876,0.0581580073841297
2,23,0.10408917115398522,0.29659141906724984,0.22280654611939585,0.10749070670768157,0.03690837059074908,0.1213821308010522,0.00058939553615517,0.00024093227713129,0.3,0.5,0.1,41,0.1330655178825118,0.0602828158463278
2,24,0.10222478146213246,0.30001168078001933,0.24074315966497847,0.17832818540527526,0.03659224406725721,0.11851585191894845,0.00052866945803159,0.00019122217812865002,0.3,0.5,0.1,58,0.145074850994782,0.0801077068653866
2,25,0.10246831790182216,0.30715651172351055,0.26279233882132086,0.19368602911931254,0.037093222175682436,0.12014358375874085,0.00050472658802212,0.0002016597158457,0.3,0.5,0.1,62,0.1592237913330594,0.0907600561412081
2,26,0.10246831790182216,0.30715651172351055,0.26279233882132086,0.21091858921510756,0.03631563604005261,0.12014358375874085,0.00050472658802212,0.0002016597158457,0.3,0.5,0.1,66,0.1592237913330594,0.0907600561412081
2,27,0.10016331521072465,0.3133969955287942,0.2975942383147551,0.22532818152626308,0.04925321643850458,0.12177270477886432,0.0004629592511155,0.00018834881629745999,0.3,0.5,0.1,69,0.161713172855679,0.082884142154504
2,28,0.09968062548954787,0.3005822002125736,0.26195335385381596,0.2631941687497898,0.03745736555919061,0.12186116850927482,0.00047162389540224005,0.00020549848606100002,0.3,0.5,0.1,80,0.1637973455503932,0.0856236397124248
2,29,0.09962703111636778,0.3077211388248927,0.2840670391951886,0.2696457820250322,0.038213682938564,0.12201015109072251,0.00047315949328718997,0.00019880567378205002,0.3,0.5,0.1,81,0.1656296750776107,0.0855330220406261
2,30,0.09960339998685187,0.30388209193149074,0.272688989009876,0.27314330512430673,0.03749409207727383,0.12206022485043136,0.00048389254287161,0.00020437011804997,0.3,0.5,0.1,82,0.1625507488755025,0.0857955996458602
2,31,0.09934532356853104,0.31020890390931183,0.2938476671267035,0.285102216770675,0.03944308327329177,0.12238711726290027,0.00048583806597595,0.00020372709266837,0.3,0.5,0.1,84,0.1423558220812654,0.0879906930168039
2,32,0.09876492142462641,0.3153902155465952,0.3136679767409819,0.31101790165104326,0.04685020871871953,0.12280065937361447,0.00048236965643612997,0.00020350659401946,0.3,0.5,0.1,85,0.143975492096618,0.0879427945039789
2,33,0.0962967361922714,0.30514758367263656,0.2949618097792667,0.3059263634692237,0.04106957792851448,0.12021794310765935,0.00047906800254986,0.00018608621505953,0.3,0.5,0.1,90,0.1409301598189798,0.0783896613991571
3,0,0.8823259510512128,0.9597824442282009,0.9531478544150143,0.1381654874419559,0.0,0.0,0.0,0.0,0.3,0.5,0.1,1,1.2456617557445884,0.7539455818988462
3,1,0.8804386773895393,0.960043629609456,0.9532063080102089,0.14361493578444443,0.004024636935794537,0.004966756629198212,1.9792757536445508e-07,6.026202725262165e-09,0.3,0.5,0.1,3,1.2454964698509703,0.7477545511809269
3,2,0.4355219015528324,0.7455513997230779,0.6987192556086989,0.10658235961935927,1.02943635787271,0.09759471176328892,0.00024619586123779,0.00034846413104312,0.3,0.5,0.1,4,0.5993296046569404,0.2305981985923723
3,3,0.422576628057813,0.7393357545821425,0.6984020354309914,0.11022296477785741,0.04950756428611352,0.09717420391123713,0.00024129028677632,0.00032656473092976,0.3,0.5,0.1,6,0.5766243167506897,0.2250903455693662
3,4,0.41403641451458895,0.7289721801536975,0.6793956001120728,0.10850434972709194,0.057706952388391505,0.09816994089595649,6.39733390232e-05,0.00010290880595891,0.3,0.5,0.1,7,0.6826606604902854,0.2361447704507461
3,5,0.3360811700642758,0.6644341735060225,0.6111461794188892,0.09387095272994814,0.30997775359899227,0.09732799399585551,0.00014932409772779,0.00019375602856178,0.3,0.5,0.1,8,0.5408224329696906,0.1802495092078508
3,6,0.29763301177363105,0.6257212714378487,0.5662127928965868,0.08670744756074775,0.10764518934921755,0.0937802778467082,0.00022267030531257,0.00041124645985034003,0.3,0.5,0.1,10,0.507258120467456,0.2475739995673119
3,7,0.30107361727593795,0.6281686233552255,0.5681039280132759,0.09742345981812503,0.04483360202293973,0.11313522930248766,0.00028928605066441996,0.00020428502182090997,0.3,0.5,0.1,11,0.4277817878431785,0.350892472588759
3,8,0.2513874555566307,0.5740565676025312,0.5129261615194173,0.08329379069638708,0.24281594020451588,0.0937827670790687,0.00023407370404036,0.00040827216225613,0.3,0.5,0.1,12,0.4531068287093236,0.1777391253180362
3,9,0.25320731493263576,0.5760369434934779,0.5145048745627888,0.0823214666690029,0.0465083809006507,0.10779706311463468,0.00054773751796732,0.0009491713540155799,0.3,0.5,0.1,13,0.4486659185151022,0.3176745917631739
3,10,0.20197501730086698,0.5058551427693185,0.4399128689429895,0.07325521854567998,0.32565213046855745,0.1027019503205581,0.00042782489226932,0.00074621365330157,0.3,0.5,0.1,14,0.3727250996210982,0.1832557733300876
3,11,0.19932649545763978,0.5052520826618766,0.44611262736583024,0.07875623006827989,0.03991937015674745,0.10270195009795689,0.00042782489618038,0.00074621364717327,0.3,0.5,0.1,16,0.3767779661907325,0.1589200902923902
3,12,0.19510309005258,0.4983672223657677,0.4381046430521025,0.08208664515407225,0.04038056988930238,0.10244203486260678,0.00042878224233404004,0.00074765433157625,0.3,0.5,0.1,19,0.3583197435188298,0.1867961818623701
3,13,0.19311080762687569,0.49911376123291823,0.44596398270727666,0.08794692290685946,0.032166156804819775,0.10067632304246667,0.00042893503280062005,0.00074829141001818,0.3,0.5,0.1,25,0.3750375397381783,0.1843537820145439
3,14,0.19145503147537157,0.4919658396637126,0.430576175385456,0.08495484955709814,0.04960096368739086,0.10387948784112008,0.00042827379128353003,0.0007465597249600401,0.3,0.5,0.1,26,0.3592712262160495,0.151944073560829
3,15,0.19227308237717394,0.506971801696841,0.4753646569622005,0.12884320150407383,0.034699024389561836,0.11038628425195178,0.00029645420559164996,0.00018367368716336,0.3,0.5,0.1,31,0.3559492002156777,0.2508973421479293
3,16,0.16201456899021938,0.44730315049909924,0.3989524266315223,0.11676648166771407,0.26381621892072576,0.10967760095445628,0.00055668164966448,0.0008817865847064101,0.3,0.5,0.1,32,0.3276528883982054,0.18604855530647
3,17,0.15956161757328458,0.4424753237469371,0.3933508714131837,0.11818923564925345,0.05247801068526182,0.10925102043972496,0.00053378832313061,0.0008995972329000001,0.3,0.5,0.1,33,0.3269793245056525,0.196635531744118
3,18,0.14608888171504503,0.4171423948739815,0.3706922046753207,0.11855113326016392,0.0636825373122041,0.1103734405871466,0.00050299614899165,0.0006426619297968501,0.3,0.5,0.1,37,0.3084942598560873,0.1633748750215923
3,19,0.13980532152081787,0.41755288388564354,0.39876225569937673,0.16113305508981374,0.039527415842158346,0.11045662073475364,0.00062031547303423,0.0008393451886761899,0.3,0.5,0.1,47,0.2871472404725023,0.1727776345110638
3,20,0.13847171544216755,0.4111547964324125,0.38445922403413046,0.18126161741377497,0.03809393945619681,0.10940552812816325,0.0006182162451552401,0.000806755539754,0.3,0.5,0.1,49,0.2914782477792784,0.1772009404020099
3,21,0.13845462194178262,0.41483986024227804,0.3956561174901651,0.1821813037220536,0.03323317025978327,0.10936569023391922,0.00062089215554067,0.00080865168943219,0.3,0.5,0.1,51,0.2907008587824213,0.1776686269367586
3,22,0.1379698406677301,0.4138169690362816,0.3944777008293717,0.18148503333493976,0.03703824402309096,0.10928814388164024,0.00053686411036852,0.00066108335122183,0.3,0.5,0.1,52,0.2912603737974639,0.1497100477979953
3,23,0.13280294325498498,0.4017321389757702,0.3804320372737981,0.18756346448028785,0.057428866565252056,0.10858264742957788,0.00056658634150831,0.00064116485438274,0.3,0.5,0.1,54,0.2858628354839759,0.1440537951797758
3,24,0.13148495405584584,0.3984231857791125,0.37656801815846114,0.19307331496702546,0.04684335167217791,0.10874802549930723,0.00057665540115302,0.00065153770430857,0.3,0.5,0.1,55,0.2821366053473605,0.14596739997762
3,25,0.13127177161804307,0.4013814753983685,0.38689091356035143,0.19911420433223742,0.03687853929013552,0.10922218625474085,0.00059873803269732,0.0006735026223304199,0.3,0.5,0.1,56,0.2759503986580843,0.15280604382644
3,26,0.13090811084688486,0.40030255374505536,0.3856137573427338,0.20214523232796194,0.03821236741795235,0.10976027030147892,0.00051625110674768,0.0006986501471748,0.3,0.5,0.1,57,0.2885749385939076,0.1503217521576549
3,27,0.12919135888118405,0.39324626146607455,0.37059344609406303,0.20400998102254359,0.03638402552828616,0.10767536963796184,0.00054376273020027,0.00061655582076802,0.3,0.5,0.1,60,0.2818306505470719,0.1387071066063077
3,28,0.125254227428853,0.38308753630492876,0.35873928853782294,0.2109922625327296,0.05394866889294371,0.10807555876145179,0.00054094081352035,0.0006147650881022,0.3,0.5,0.1,62,0.2757220070008427,0.1345458373052747
3,29,0.1245459470583528,0.3851865550301941,0.36810924164044434,0.22991710965346923,0.03566269806422859,0.10768458280580305,0.00051754171896194,0.00054493085883137,0.3,0.5,0.1,64,0.2765336618995908,0.1311596723833058
3,30,0.12342541650871829,0.38142672525275506,0.3636421025711704,0.23253783441622908,0.03904200891372802,0.1093357512691786,0.00056300976467626,0.00064225503737039,0.3,0.5,0.1,67,0.2635389375587862,0.1399832790315195
3,31,0.12265775069668072,0.3839098139825127,0.3735168251741364,0.2515345155375539,0.03419742051040505,0.1077906135187582,0.00053038891829163,0.0006033935233069699,0.3,0.5,0.1,69,0.2708205799215805,0.1322043375423152
3,32,0.12202829870685541,0.39336965895973464,0.4052419796595939,0.2843806023219843,0.03366794041188227,0.10778862892828805,0.00055022641513995,0.00062589970115167,0.3,0.5,0.1,76,0.269257604347971,0.1369260001111487
3,33,0.12033270677334142,0.38850033567336134,0.39953329932804466,0.29711071336941125,0.03988723553369342,0.10854440039657065,0.00053678093634139,0.00061285098867855,0.3,0.5,0.1,79,0.261168442026607,0.1348051465702353
3,34,0.11959874228320495,0.39020914839039034,0.408423200410744,0.3169810281492424,0.03707879387893724,0.10859869151797563,0.00054106363016054,0.00061266267278964,0.3,0.5,0.1,81,0.2583239776128,0.1335784041021037
3,35,0.11759489940816104,0.3805547038731834,0.39022639065608544,0.30219014989455995,0.041766381804003425,0.10955036999764659,0.0005468234460056099,0.00060562202156298,0.3,0.5,0.1,84,0.2666839370187615,0.1342502844614126
3,36,0.11624138411146495,0.3810149274872785,0.3977098912701438,0.31491033653346323,0.03906569283185333,0.10868439933391862,0.00052299053067155,0.00058679345207918,0.3,0.5,0.1,86,0.2681517005247168,0.1378122478250779
3,37,0.11428582222788126,0.37166148875400323,0.37989461757705995,0.32733111642620094,0.04487039778488606,0.10880273332684665,0.0006113468474298401,0.00079580987316249,0.3,0.5,0.1,88,0.27858629138247,0.1356575420056744
3,38,0.11216101557733874,0.36542968113184915,0.3726177813566453,0.33270534500344906,0.059260938459858026,0.10920821554939321,0.00061052254893964,0.00061148764330317,0.3,0.5,0.1,89,0.2742587630470396,0.1383422244018434
3,39,0.11073998563860472,0.3650747465192092,0.37910995438863176,0.34918911211152476,0.03866962275591266,0.109140717312588,0.00061208155953986,0.0005984603187556,0.3,0.5,0.1,92,0.277534060531354,0.1364482867485161
3,40,0.11053933701244997,0.3682106508791412,0.3896661250460588,0.3739812230937787,0.03349599335839124,0.10912570742959028,0.00061245631405939,0.0005973111308015401,0.3,0.5,0.1,98,0.2779384176931295,0.1361137456887226
3,41,0.10951425661056842,0.36900701789320467,0.39750312935296594,0.376671212614598,0.044909351206359895,0.10894424476393648,0.00063742563621846,0.00059051600720831,0.3,0.5,0.1,99,0.2759814551448055,0.134917637607725
3,42,0.10843745095794997,0.36564964644341474,0.3935766631113511,0.3934875413419431,0.035999769386328505,0.10920842688904334,0.00065455968095269,0.00063495573411411,0.3,0.5,0.1,104,0.2787315495998191,0.1336515063219789
3,43,0.10795355427317334,0.37905167156921016,0.4367982949815705,0.48524087228402346,0.033815827551834626,0.10928875031058023,0.00061384918635462,0.0006107070744239701,0.3,0.5,0.1,113,0.2723417499319974,0.13449205551923
3,44,0.10738197702394194,0.37384342379886126,0.42384598739629026,0.4553194496535126,0.03879043415354765,0.10887818191076791,0.00065639522969781,0.0005754162040413999,0.3,0.5,0.1,114,0.2673208669363152,0.1380957644835657
3,45,0.1073164693092339,0.3774852310157794,0.4350013249802493,0.4701423065715611,0.03299656209347945,0.10882380251351785,0.00056132925057143,0.00057670722485807,0.3,0.5,0.1,116,0.2672828691312829,0.1374832027409781
3,46,0.1070304178421883,0.3728901338493119,0.42274373022123823,0.46613667737017417,0.03670096525771358,0.10878130367298848,0.00061552269350306,0.00056840830904474,0.3,0.5,0.1,117,0.2704068905194139,0.1328291850824044
3,47,0.10697069463181559,0.3764518412756452,0.4337977090840087,0.477322684768219,0.0335380718201552,0.10872315569537001,0.0006190936741078,0.00057553440983539,0.3,0.5,0.1,118,0.2681627202760085,0.1335361419727524
3,48,0.10668833301035749,0.38705576115785656,0.46688371922465366,0.5451796530278954,0.03296565389934948,0.10819400088128626,0.00061084703355842,0.00062217217661849,0.3,0.5,0.1,129,0.2674344876559513,0.1379294286307411
3,49,0.10657089591930187,0.3866683150861806,0.46642960728816923,0.575800975441865,0.03325878677782818,0.10826693093925793,0.0006009699868742,0.00062069734508353,0.3,0.5,0.1,133,0.2671886565771545,0.1382331109515813
3,50,0.10657205219905368,0.39037026232866523,0.4776434141869336,0.6261673792310681,0.03285856591958025,0.10833985564643177,0.0005726599578087,0.0006033979027437501,0.3,0.5,0.1,139,0.268154834954766,0.1377097622368969
3,51,0.10567794424568996,0.3790689430116799,0.45057812380001205,0.6100875732707792,0.03955219134023966,0.11011760525661764,0.00064102588499571,0.0006990407843715199,0.3,0.5,0.1,142,0.2755631954845844,0.1563855805039938
3,52,0.1051776813838898,0.3886749720309516,0.4824755891085032,0.6685716954273758,0.034054846920365034,0.11011788415024641,0.00063948765005629,0.00069973158966033,0.3,0.5,0.1,152,0.2772155191341393,0.1565116478448443
3,53,0.10511542864596275,0.3847738321288841,0.4710287180539406,0.6685185198338074,0.03420676770912439,0.11011753371951481,0.00063904588913255,0.0006993758466444,0.3,0.5,0.1,153,0.2774959733297886,0.1564922852486348
3,54,0.10510038660433307,0.395864689076687,0.5046561666700136,0.7160888094419876,0.03344727085479406,0.110115893704135,0.00063673037561304,0.00069950586345945,0.3,0.5,0.1,160,0.2771885640399812,0.1565468976774086
3,55,0.10324528413207165,0.41097848066512016,0.5635665852591627,0.7075644733095339,0.04053929997665213,0.10959138053365598,0.00174820026377158,0.00338110630513243,0.3,0.5,0.1,165,0.2669126640720513,0.1347146864340251
3,56,0.10217481738553387,0.4184034177994344,0.5928978332335211,0.7705628779683947,0.035305264899522605,0.1095986910927954,0.00204966725334712,0.00338418642195754,0.3,0.5,0.1,180,0.2671727650455527,0.134754603462495
3,57,0.10205937477149954,0.4252956289145658,0.6147191032050385,0.8145075835420228,0.03463055428990018,0.10961994285421638,0.00218605797894888,0.00338881165577837,0.3,0.5,0.1,188,0.2673721157150767,0.1347741999807019
3,58,0.10196227137359173,0.4362510656788481,0.6481983970826792,0.8287298187442492,0.034501181404942204,0.10957169450371548,0.0020897572149628798,0.0034157646546045,0.3,0.5,0.1,190,0.2677528436746637,0.1350218128657408
3,59,0.1014131941825481,0.4273527427396991,0.6240483434046145,0.8357239690717407,0.039697879510972645,0.1095492001280206,0.0018631801923109,0.0033627226381095997,0.3,0.5,0.1,191,0.2675113094994169,0.1348543174860289
3,60,0.1006418679497111,0.41740159094923146,0.5986469407944095,0.844538492485698,0.03626493251359499,0.10958707728928727,0.00189405917495543,0.0033477247143012096,0.3,0.5,0.1,196,0.2583060459181506,0.134778288078936
3,61,0.1005293602241843,0.4245733316806966,0.6208145324742542,0.8693250565130527,0.03493792409205038,0.10959616930839827,0.0017594675067796502,0.0034905589699852197,0.3,0.5,0.1,197,0.2732566046395214,0.1348640475642651
3,62,0.1002654755480582,0.41983919997274716,0.608384480551195,0.8730332043224736,0.038716265364576626,0.10959732173596234,0.00191395214551183,0.0034865046404312303,0.3,0.5,0.1,198,0.2728987909135625,0.1348112963644096
4,0,0.9518277061915327,0.9841169744512519,0.981496768910909,0.1449475196063653,0.0,0.0,0.0,0.0,0.3,0.5,0.1,1,0.9529658401543184,0.7529004685719708
4,1,0.6162225204320649,0.8599820067639377,0.8251288208377408,0.1346893877175129,0.3466279364425906,0.09723798516880626,0.00040644287909951,0.00039315651752062995,0.3,0.5,0.1,3,0.6478921699516307,0.4675689842327974
4,2,0.5487737557520614,0.8216968111920384,0.7873574531351358,0.12810541880980647,0.18850992250618478,0.09908193389593145,0.00021503712344727,0.00021536273207752003,0.3,0.5,0.1,4,0.6834749333554737,0.3350727403319935
4,3,0.42007795645069956,0.7368747780099931,0.6816312358916743,0.10568201332685276,0.39262870494409846,0.0986997070149852,0.00042329030508952997,0.00086321413099359,0.3,0.5,0.1,5,0.4938249179937591,0.3432827394233544
4,4,0.35105534232054747,0.6782196297192626,0.6134579523250699,0.09144178950380613,0.2678864798061499,0.09625301766141461,0.00012513445149072,0.00010843140653789,0.3,0.5,0.1,6,0.450828922346586,0.2771739611140004
4,5,0.3444805903254475,0.6688096032423491,0.6092396305246333,0.09766363962593025,0.059092473237228105,0.0986997070149852,0.00042329030508952997,0.00086321413099359,0.3,0.5,0.1,7,0.4033575775894654,0.208612549720632
4,6,0.2873876171695451,0.6098034745168243,0.5406574828295515,0.08389175925334494,0.268387152672535,0.0962530176614146,0.00012513445149072,0.00010843140653789,0.3,0.5,0.1,8,0.382099718461283,0.1584348162715215
4,7,0.28716283934307635,0.6095487617069331,0.5403607461323109,0.07936142486721101,0.029996772802686776,0.09625301766141461,0.00012513445149072,0.00010843140653789,0.3,0.5,0.1,9,0.3818878797925856,0.1589280528271595
4,8,0.28381144854369583,0.6091939585761964,0.5464621690082107,0.08330761452835243,0.05813216635422764,0.10393761770655785,0.00019905583397381,0.00017233980504619,0.3,0.5,0.1,10,0.3982768703883663,0.1791582668626593
4,9,0.2503808204913463,0.57164697217574,0.5094996923908257,0.08184787313014996,0.20493828471054543,0.10593305008045013,0.00042918615139014,0.00052606687902106,0.3,0.5,0.1,11,0.3069106074770922,0.123013883842393
4,10,0.208640575580751,0.5165326105115295,0.45235645311301415,0.09678477883663637,0.05282785221308207,0.10285034962223105,0.00035351732807818996,0.00038970417685051,0.3,0.5,0.1,22,0.3186443938735866,0.1141517129393373
4,11,0.20219705693754866,0.5099014133681183,0.45153355839065257,0.10125452206900327,0.05204432203754633,0.10285034962223105,0.00035351732807818996,0.00038970417685051,0.3,0.5,0.1,24,0.3163377330708282,0.1231255675797138
4,12,0.18988445275443933,0.4867313060679222,0.417837624338956,0.10044812982181144,0.05501761147804579,0.09780670707877849,0.0009614612422825001,0.00043452839625773,0.3,0.5,0.1,27,0.3352559118312202,0.1869353744111325
4,13,0.18105745813421426,0.46688009686352167,0.3876357810657284,0.10183683876289878,0.06630072945366325,0.10129591162043967,0.0009699349498978,0.00044570978358618,0.3,0.5,0.1,29,0.2976032858382129,0.1748264215126106
4,14,0.18070611657791552,0.4682115693477182,0.3957262325198537,0.10790255767046066,0.03941097079226018,0.10879074024589672,0.00087846782536309,0.00041520843776432997,0.3,0.5,0.1,32,0.3018141435066962,0.1649774091509844
4,15,0.17494662130383185,0.46229565847092435,0.3897527062568538,0.12403572744665352,0.028270148352358748,0.09017118388903703,0.0009162287144461,0.00041878023853873,0.3,0.5,0.1,34,0.3243604595718892,0.1659138017716701
4,16,0.1691115551297367,0.45085776249849574,0.3825123192091057,0.11767442124364996,0.11546301244220877,0.1066247720112081,0.0009577061463033399,0.00042506096122877003,0.3,0.5,0.1,35,0.2911650481832388,0.1678815496537679
4,17,0.16307337167660182,0.44401223536709583,0.3816499381698146,0.13044628920558152,0.04399053779778872,0.1024627114082024,0.00091482051818489,0.0003827392489531,0.3,0.5,0.1,38,0.2909314506189088,0.1633204815196365
4,18,0.15217110341320914,0.41496680535231234,0.3340531701970066,0.12238334247041466,0.0488510291673114,0.10145756160489479,0.0009628817638436199,0.00044751311864909003,0.3,0.5,0.1,43,0.2799444365419332,0.195224967038066
4,19,0.14105602634945422,0.39422172585255916,0.3168078265595436,0.1391636223283797,0.08036529542837481,0.1010218748363456,0.00098055013878713,0.00046599150659026,0.3,0.5,0.1,45,0.2665403848996228,0.1885656714813461
4,20,0.138366545615758,0.38537516468980576,0.312616279183173,0.17056550790642894,0.05350575166943364,0.11712848592418515,0.0008971283098794501,0.00031861011880254,0.3,0.5,0.1,49,0.2140818234308469,0.1140608256721178
4,21,0.13398650686284952,0.3804832815789485,0.3075814550392083,0.14975092869404724,0.03334035778805065,0.10360219578886931,0.0009483200238889799,0.00038734336757137997,0.3,0.5,0.1,51,0.2314837925177946,0.1477139887314256
4,22,0.1374519667633532,0.38351805791496846,0.3104936921302487,0.18528995784783167,0.03691168308607102,0.11629886042748114,0.0009005306015752101,0.00031195660501182,0.3,0.5,0.1,53,0.1757306100871735,0.0860779059387354
4,23,0.13550682980376214,0.3817286318030087,0.3152191087528413,0.20002133567289876,0.04841782676647467,0.11815395256751576,0.00090330569664959,0.000321048704581,0.3,0.5,0.1,55,0.2042805289507732,0.1074434507190025
4,24,0.12812047367583249,0.3697856822610035,0.3020109362124875,0.18923249935711484,0.0475062732447094,0.10346237569667194,0.00116556727576326,0.00034714566083633003,0.3,0.5,0.1,57,0.2337126061434651,0.1462467377538619
4,25,0.12629028165324985,0.36811912346204306,0.3068789516340621,0.18125959927898483,0.040503068014695345,0.1056317658173948,0.0009798691331096,0.0003878331874409,0.3,0.5,0.1,60,0.2181983194243699,0.1330366498720162
4,26,0.12688363234320396,0.3717904478487745,0.324414623368021,0.19931830450437132,0.04991038297128236,0.11608782261654803,0.0013321597182372,0.00033933287207182,0.3,0.5,0.1,62,0.2279582947835841,0.1343831017423847
4,27,0.11174219347013303,0.33314559510466085,0.2796688892926946,0.19952348267355402,0.07198137316104802,0.11062646551860178,0.00128519967965353,0.00033025218583655,0.3,0.5,0.1,66,0.2053637548779385,0.1140488192816043
4,28,0.10602076225253879,0.31510008253515387,0.2585641572349543,0.1978984961422323,0.11085184700484557,0.11228213543172691,0.0012904727213925399,0.00032476722457931,0.3,0.5,0.1,67,0.187609630865189,0.0961924282615324
4,29,0.10547228501141916,0.30971704213771095,0.2453918960158329,0.20225894278623827,0.03664572830242352,0.11264419987112619,0.00105950680935765,0.00032832643057119,0.3,0.5,0.1,70,0.1878181325738915,0.1034275565012867
4,30,0.10502947528641665,0.31568380015016334,0.26614043374905544,0.21337430155129813,0.0359438043203466,0.11233724106278417,0.0013291589894664098,0.00032627513431988996,0.3,0.5,0.1,74,0.1843967478677403,0.0967499329218737
4,31,0.10224160931890036,0.3126493781015127,0.2762804213237297,0.26989863978972906,0.0384954504594238,0.11542484217692044,0.00104981943384991,0.00030616530283668,0.3,0.5,0.1,88,0.1797630477133891,0.0978220783894234
4,32,0.09859689932740504,0.3137789047235324,0.29180531705522045,0.30151245614516164,0.03470949988801445,0.10703740265180432,0.00116759295509052,0.00035568124618272996,0.3,0.5,0.1,96,0.1932790586831824,0.1112973771086274
4,33,0.09917452286223004,0.3095274669185428,0.27977288524966537,0.3053348614522283,0.040471399896915006,0.11071660556111429,0.00111288876536096,0.00034633937708667,0.3,0.5,0.1,97,0.1932377181304319,0.0990091551930174
4,34,0.09870225091291246,0.30838525544302964,0.2784710853914058,0.3130085739371421,0.037625982537440275,0.11009637752482836,0.0011338478362175899,0.00035274455872358,0.3,0.5,0.1,98,0.202965866607932,0.1024740738898052
4,35,0.09685075769389276,0.3235114890119769,0.3307948079983415,0.3553706860252896,0.033513453164038254,0.1056485907981525,0.00148994517821762,0.00033461240260536,0.3,0.5,0.1,107,0.1779568430763026,0.0973747742010396
4,36,0.09548201429756603,0.3068560627828656,0.28397680062325953,0.3671666588245172,0.0339178199010174,0.10228536325079413,0.00115163123840874,0.00036036800719431,0.3,0.5,0.1,108,0.198545355349348,0.1225940418640781
4,37,0.09666252358900174,0.3078853367561889,0.2849702650978923,0.41898218610003635,0.03263362372371728,0.10543916700392743,0.00175117429049691,0.0003663734325594,0.3,0.5,0.1,118,0.1879472955218253,0.115659873821632
4,38,0.09492014661243915,0.3000720024332217,0.27572677384553795,0.4465922893213473,0.03935962797925903,0.10733860230448317,0.00232480160712858,0.00035968947452643004,0.3,0.5,0.1,124,0.1913398662731847,0.1076259328964707
4,39,0.09486332826094523,0.306787144903422,0.2973184915358061,0.48579569548627183,0.03415968299540266,0.10813743697988686,0.00227728776629597,0.00035964066169189,0.3,0.5,0.1,131,0.1937733587036589,0.1123747599943648
4,40,0.09249078937677446,0.3017903890790932,0.2917086262168589,0.4928968195481813,0.04769186059719049,0.10454947849834817,0.00186988209474301,0.00035795223491491004,0.3,0.5,0.1,132,0.1926288637479237,0.1144183741651267
4,41,0.09247805194562951,0.30105739953644584,0.29080814106477965,0.515744338118687,0.03679864923945169,0.10550515907912579,0.0018617388909602701,0.00035711609209848,0.3,0.5,0.1,133,0.1944684878037853,0.1075582862031462
4,42,0.0927122125677548,0.2996702387370816,0.28904408867452086,0.5393307083496686,0.03486356819763437,0.10831060867783002,0.00197341197046483,0.00035609228462586,0.3,0.5,0.1,140,0.1963997709759004,0.1138799555254799
4,43,0.09219552636370906,0.30596456378950426,0.3102252700786654,0.5835770202665196,0.0338433402790289,0.10706828834483982,0.00218366357129347,0.00036158093026311,0.3,0.5,0.1,146,0.1977245621295183,0.0812883349296666
4,44,0.09042978241171865,0.3031710866796198,0.3071943233879195,0.5782661426962069,0.032878942071884895,0.10363327059294088,0.00153640832346806,0.0003628390799795,0.3,0.5,0.1,152,0.1962777929542506,0.1124018116247573
4,45,0.09143151535172887,0.32496504040414226,0.3737344617389964,0.7477802784981473,0.03381240050061201,0.10453111351747972,0.00414750483177991,0.00052414540749282,0.3,0.5,0.1,178,0.2018447078899905,0.1163175686681313
4,46,0.0884636281420581,0.3202483115024527,0.36861471293940995,0.7143468414657091,0.03457059956671251,0.10009997204740992,0.00228333478319453,0.00040102284345391,0.3,0.5,0.1,181,0.2122754786542889,0.1107620563196452
5,0,0.8548160501001834,0.9496383848240545,0.9413303538176012,0.13533834091187963,0.0,0.0,0.0,0.0,0.3,0.5,0.1,1,1.3632936819707475,0.7564443467443853
5,1,0.7394316736317557,0.9179911917396979,0.9001776016560445,0.14955420562260613,0.14480763951275816,0.08655116542810176,1.2899790674529999e-05,1.2581135430019999e-05,0.3,0.5,0.1,3,1.081961084972029,0.5490035559848842
5,2,0.4596907812667204,0.763363673345793,0.7194209746593117,0.11176000603243508,0.68304452716541,0.09862122452462165,0.00025393567323192003,0.00020251370490602,0.3,0.5,0.1,4,0.5009581871683518,0.2214556949902039
5,3,0.3622425148952241,0.6852451689951268,0.6284086783117446,0.09466720179363726,0.19096693092979403,0.09902638755741552,0.00011304165805013,9.53698434455e-05,0.3,0.5,0.1,6,0.47504288245299,0.1833287293641089
5,4,0.3552010492763209,0.6825358111773834,0.6321517704451386,0.09474315418436706,0.04306788059270876,0.09908768405217123,0.00011144874398217,8.999068498569e-05,0.3,0.5,0.1,8,0.4658745359261158,0.1580278959961312
5,5,0.35234933508596267,0.6837018166170111,0.6401974820716307,0.10165485020414124,0.039027063166196786,0.10336190095385213,0.00014539418962719,0.00011787205986464,0.3,0.5,0.1,10,0.432750066216384,0.159732659736202
5,6,0.3415441297669949,0.6810199901088488,0.6508899601199012,0.12505057498427546,0.0414843989697308,0.10268248382397152,0.00035944133366811,0.00034369083324683997,0.3,0.5,0.1,14,0.4225868088236946,0.2932547141954585
5,7,0.3098997813957769,0.645497736319683,0.6024106056702241,0.11145453346975721,0.16876797479464312,0.10690633681623775,0.00021346832970974,0.00020997197096968,0.3,0.5,0.1,15,0.3893511051192845,0.1799741541829635
5,8,0.28862141511367284,0.6299949106873215,0.5985428549397728,0.11580421980315836,0.11521395352969115,0.09900828948266387,0.00024530130658036,0.00022053350218795997,0.3,0.5,0.1,16,0.3995694551477195,0.1775190532838738
5,9,0.2798070134243252,0.6195822079816802,0.5864123400365359,0.11833828046727153,0.07148573810455701,0.09900828948266387,0.00024530130658036,0.00022053350218795997,0.3,0.5,0.1,17,0.3910661800505342,0.175760975283591
5,10,0.26193344437768945,0.5941354239202632,0.5497031732404422,0.10598819496582192,0.12437506902555517,0.10241021642493704,0.00018077582388861,0.00017286992675664,0.3,0.5,0.1,18,0.3708048059994435,0.2530600622666865
5,11,0.24672863905056006,0.5741817394418259,0.5262103494284781,0.10577519117786413,0.12085955949136189,0.10742491423672526,0.00017317088973498,0.00016405731518496998,0.3,0.5,0.1,19,0.3517168502314244,0.2414285716181789
5,12,0.23810608500165287,0.5660153318314602,0.5234777559704227,0.1057317721985733,0.08525934391811174,0.10935153971704215,0.00043556590979418997,0.00041887449629338997,0.3,0.5,0.1,20,0.2820313232247644,0.2410810224184901
5,13,0.22095890883821095,0.5407738531916065,0.49383452984988546,0.10410283925241698,0.14445077663657047,0.11450175496519609,0.00026081527384118,0.00024849065652547003,0.3,0.5,0.1,21,0.3047540712324171,0.2116210275882658
5,14,0.2165466275170079,0.5383080197548393,0.49793613714319784,0.1093586391486605,0.04642047671667343,0.1129757705721809,0.00029706207237919,0.00028263906547927,0.3,0.5,0.1,23,0.2986108865475483,0.2188453660425017
5,15,0.21170629615112063,0.5357170977517046,0.5022284199188399,0.12851668486701562,0.039046051958377875,0.10439101235896994,0.00046513342175287,0.00044084958529781,0.3,0.5,0.1,25,0.2161499826752905,0.2716313285611588
5,16,0.1916335714303864,0.5066779501120166,0.4752213971976682,0.13066352562258915,0.10048884359846279,0.10600103979846494,0.00046329888730571,0.00043766554924518,0.3,0.5,0.1,27,0.1871650445356541,0.2767785487915202
5,17,0.1887966620623426,0.4966421984730613,0.45628072321102164,0.14592456128532286,0.05169072850377726,0.11306570519510845,0.00043621748387093,0.00042041465136382,0.3,0.5,0.1,29,0.2532561359897161,0.2573947130448043
5,18,0.1739343746964686,0.46776129809602474,0.41607509207593174,0.12205497531506913,0.1271241019716776,0.10625894954347304,0.00040274754128917,0.00028312739895158,0.3,0.5,0.1,30,0.25215188918485,0.2029088653536098
5,19,0.15955925800393606,0.4414634331826344,0.3920132204220382,0.12323047795362545,0.10008131506801056,0.1123964974687126,0.00066219990408117,0.00044725874596709004,0.3,0.5,0.1,32,0.2260107260757496,0.201661902485711
5,20,0.1587007957045685,0.44288193442595153,0.40048652457057254,0.13116394066041692,0.04033516580211544,0.11401058277887685,0.00067833433608462,0.00046142201630053,0.3,0.5,0.1,34,0.2250292252691517,0.197199593749141
5,21,0.14547897874566468,0.4236950582051204,0.3857985202953303,0.13504552514873022,0.06770126810816139,0.0987806799734253,0.00057878220891032,0.00046390760686121,0.3,0.5,0.1,36,0.1437847705768229,0.279958289065923
5,22,0.14321680990077248,0.4190243618070374,0.38039556261247454,0.1398795446870743,0.04816564418034697,0.09794026326755308,0.00061553733518258,0.00048228739489575,0.3,0.5,0.1,37,0.1413877439029062,0.2811128656417246
5,23,0.14218832953671792,0.41822018896973034,0.3860689808486007,0.14205796561488795,0.05731714874434873,0.10388559406679482,0.00058576926851172,0.0004931047360053999,0.3,0.5,0.1,38,0.1608063037597756,0.252477430796425
5,24,0.13691502645173798,0.40896602241477786,0.3756475826609519,0.1442939159661653,0.05844652936694999,0.09702670337756572,0.00037693934717519,0.00032754946439456,0.3,0.5,0.1,39,0.1766820513099451,0.1496143349216953
5,25,0.13289339790180874,0.39755874329762264,0.36211900578845374,0.1453621261155205,0.08383340759940339,0.10165294195931496,0.00048421917265872004,0.00042714140421966,0.3,0.5,0.1,40,0.1399127931508463,0.1917914862045813
5,26,0.11637667619528001,0.35249985889101815,0.30934790476833446,0.1404148538391168,0.12887959271219054,0.10708452428592997,0.00060670292544206,0.0004259716497187,0.3,0.5,0.1,42,0.1258837618492546,0.4067969495515952
5,27,0.11637111435678052,0.35619568626708437,0.3205556327456731,0.1468046956874396,0.03250301807664782,0.10708452428593,0.00060670292544206,0.0004259716497187,0.3,0.5,0.1,44,0.1258778943097346,0.4069285095206422
5,28,0.11599752513315559,0.3515515591106551,0.308252361033445,0.15030011373196084,0.03603389350158011,0.10695050999946065,0.00057729664645083,0.00041803890949875,0.3,0.5,0.1,45,0.1257001138645869,0.3916124364192497
5,29,0.11371288800118132,0.3432379719547093,0.29839226377778394,0.16355946140684463,0.05281129870937937,0.11041710247371647,0.00061336624388529,0.00044802135106042,0.3,0.5,0.1,47,0.118417523954355,0.4132809992061845
5,30,0.11319670013153887,0.3456987045415269,0.3081807607038005,0.17220800668052816,0.03569120925945269,0.11001983521046538,0.00061389244668658,0.00044989104222324997,0.3,0.5,0.1,49,0.1173682906986889,0.4325741927689834
5,31,0.10407051917956893,0.3214498413359392,0.2801412052016064,0.16784685734871804,0.12772328296959803,0.10600287804480978,0.00050754114951798,0.00032493928075588,0.3,0.5,0.1,50,0.1087850397569356,0.3086252431816179
5,32,0.1011041284741706,0.31432381266070264,0.27857882423922387,0.17142353621777998,0.08385250290653092,0.1089650882891434,0.0006761586891996699,0.00047537587704023004,0.3,0.5,0.1,51,0.1101314644218035,0.3248786583280422
5,33,0.09604100487057521,0.2974277488987324,0.2589129099492564,0.16992314934869024,0.09938778944418636,0.1086800987436439,0.00064749173849923,0.00041453880144128,0.3,0.5,0.1,52,0.0933462459509132,0.3959480361727564
5,34,0.08395828063277974,0.24155750228891565,0.1863734434995925,0.17779059381059392,0.08225635626979876,0.1197095739323093,0.0006859300190907799,0.00048074657036666004,0.3,0.5,0.1,57,0.0935232154705271,0.2885301289215045
5,35,0.07765321529898818,0.22643092790274597,0.17602295972127951,0.1871364726630336,0.05659255743558541,0.11220165597174407,0.00070783906542162,0.00051032559870932,0.3,0.5,0.1,60,0.0702703012755516,0.2950169472028297
5,36,0.06436635159853347,0.1641478481490449,0.10336697705401436,0.190432935942845,0.12112878929684158,0.1141732404589669,0.0007138597288643899,0.00051402498048928,0.3,0.5,0.1,63,0.0718000148501834,0.4405652886317992
5,37,0.060765001262649006,0.15118507548205604,0.09523749711136768,0.18852093730798117,0.06773335948554918,0.11282143857597224,0.00068610626717257,0.0004942521710840501,0.3,0.5,0.1,65,0.0688923297054486,0.4174813359884323
5,38,0.054404772453209294,0.11092123307671169,0.04815507605211929,0.2053427691095365,0.05966338091983112,0.11633390625126086,0.0007104070152984001,0.00052225201344867,0.3,0.5,0.1,72,0.0430216491736678,0.3681945562536842
5,39,0.0509067193324159,0.09942620288456896,0.05543183142623079,0.24727557093668232,0.047331205966889556,0.11711731346292509,0.0007093778074386601,0.0005128364567984201,0.3,0.5,0.1,80,0.0566360084043326,0.3804431125725896
5,40,0.050775340576048725,0.10575254464909464,0.0765982334288988,0.2749877484982769,0.03676975816762036,0.11727587300379526,0.0007116025885359,0.00051305023445677,0.3,0.5,0.1,84,0.0564305937264453,0.3974405838081531
5,41,0.049717811890422924,0.1028340123492567,0.07331293977358873,0.28802526370937814,0.039665135339889454,0.11496512317151349,0.00070749533055933,0.00051267157399803,0.3,0.5,0.1,86,0.0561736204632358,0.3643889834634231
5,42,0.0498912059793125,0.09845711975684861,0.06805076578845166,0.28043548585910144,0.05762541551499065,0.11828187356883467,0.00069848567668461,0.00050179766936739,0.3,0.5,0.1,87,0.0529036490569208,0.392201194102895
5,43,0.049813684300011436,0.10019250613854633,0.07693083486945038,0.308629919752038,0.0453949769045907,0.11914409441739474,0.00071016292747933,0.0005128114845459199,0.3,0.5,0.1,88,0.055808593737536,0.3910889820844473
5,44,0.04994774826167145,0.09580584373441584,0.06487207591124372,0.29074891557704563,0.04038482817966983,0.12010209238744318,0.00069879878644705,0.000497293670781,0.3,0.5,0.1,89,0.0561956466322229,0.3295454370972435
5,45,0.04695088244348321,0.08203052834589777,0.04900575149172342,0.3038325193725651,0.04843204491719998,0.11638142675610297,0.00072583070798124,0.00052287796114581,0.3,0.5,0.1,93,0.0558053247317289,0.3733742634396829
5,46,0.04837525140380312,0.09349839254693376,0.08280721184554712,0.36724149831199876,0.03757516308530073,0.12124895475845154,0.0009793073276516098,0.00071046767401681,0.3,0.5,0.1,101,0.0554624099647282,0.4634577598453461
5,47,0.04843811021243996,0.09197863736785299,0.08098187600633112,0.37073579915425486,0.04491405759289718,0.12236317700660646,0.0009877788996455398,0.00065148115060502,0.3,0.5,0.1,102,0.0627880985672723,0.4219324049724146
5,48,0.04659343528814225,0.09272163047734155,0.0890226522034258,0.357681670065993,0.037415202357451945,0.11732742633763998,0.00072672101430277,0.00051538715613676,0.3,0.5,0.1,105,0.0545871031401617,0.3657685928719412
5,49,0.044009796102498666,0.055176189622287375,0.037989190780217015,0.35364061225672205,0.08777197356388827,0.12528937352323224,0.00070163509425124,0.0005156117612172999,0.3,0.5,0.1,108,0.0546492328870432,0.4660779406411592
5,50,0.04305367982290755,0.05123071005719852,0.040290215244389485,0.403587059608056,0.042547341054453,0.12536620222694606,0.00071367890319408,0.00051759757667097,0.3,0.5,0.1,115,0.0532177566956333,0.4609959001397377
5,51,0.04288941997623633,0.058486625556563074,0.06938815530519286,0.4027839016815764,0.0560066371707012,0.12661936202655447,0.00070875381480136,0.00051790844951448,0.3,0.5,0.1,116,0.0497116796035969,0.4563374320487988
5,52,0.042606954477076076,0.050158555003777486,0.04591414460439723,0.4212382399836677,0.038765291868787535,0.1259663792047792,0.00070845103736248,0.00051662687041817,0.3,0.5,0.1,121,0.0517436188384351,0.4622678995972953
5,53,0.041626726906437525,0.05343624659276231,0.0636243741408927,0.4186605784266283,0.052627657459061256,0.12409525747024072,0.00075734380295951,0.00058803220650335,0.3,0.5,0.1,122,0.0444193555098827,0.4670006864394329
5,54,0.04081927435716704,0.04111342069863984,0.04232119842068373,0.42438568320978143,0.07454964588949935,0.12502717293642548,0.0007482011256034801,0.0005821565210569,0.3,0.5,0.1,123,0.0443578970494318,0.4489416405902904
5,55,0.04064475642000345,0.03814601302035603,0.03883035351666939,0.42784549085972146,0.04469375520587636,0.12569297232652868,0.00075847623091467,0.00058883206940096,0.3,0.5,0.1,125,0.0428138998311704,0.4575185028217913
5,56,0.04101635576498689,0.04120278521494292,0.04920916887264487,0.5126752021736781,0.03898198926211742,0.12740491226079803,0.00075243543645861,0.000601175841194,0.3,0.5,0.1,140,0.0432188472812557,0.4565636900885147
5,57,0.04063964529639889,0.05031919470159123,0.08056204164483742,0.5474757969984219,0.04105386948641156,0.1268817347203658,0.00075511960058416,0.0005884782794564199,0.3,0.5,0.1,143,0.0436965792445827,0.4573471917787536
5,58,0.04010696515232321,0.053389434940486154,0.09112676980199444,0.558420266192552,0.03842705403722847,0.12507333384699454,0.0007858487713162099,0.00066112556762067,0.3,0.5,0.1,144,0.0428404072349306,0.4480866779986995
5,59,0.04021551342091412,0.04358769028270999,0.06583083328960673,0.541827247968802,0.04231352298222595,0.1266405662051011,0.00074636226735221,0.0005684504725218,0.3,0.5,0.1,147,0.0460790292225789,0.4587068538992507
5,60,0.03995118246120027,0.045733253276527004,0.07524783590968981,0.5696955865431707,0.039845132921947655,0.12630321940912848,0.00076002628280302,0.00058529479127012,0.3,0.5,0.1,151,0.0436428000078718,0.4569031520824214
5,61,0.03913423334989523,0.05788078217907093,0.11710208018751583,0.591865822267118,0.038738867048479,0.12444387635337893,0.0007438914771939499,0.00055400161587004,0.3,0.5,0.1,160,0.0460086494768577,0.4450125577831667
5,62,0.03881486837902792,0.047262320920294844,0.0909185883728901,0.6627365568078186,0.040485449925543836,0.12456841625129093,0.00076263284322573,0.00062378519184322,0.3,0.5,0.1,165,0.0451569926174904,0.4624234299113368
5,63,0.03874851928807468,0.0569747054077875,0.12292197455933368,0.7416162325514813,0.03827288202574798,0.12488547493834667,0.0007862981389595199,0.00063899666276292,0.3,0.5,0.1,183,0.0417902335956746,0.4393934971605469
5,64,0.03815937821237455,0.04618518178655363,0.10341127425924272,0.7318942996115367,0.05324575922467433,0.1257154095032062,0.00076388982528731,0.00062810448769035,0.3,0.5,0.1,185,0.0436947489325206,0.4563386236832153
6,0,0.8754318446897421,0.9572691796820496,0.9502199817200077,0.13746504115180636,0.0,0.0,0.0,0.0,0.3,0.5,0.1,1,1.2918299844936891,0.7654394277596868
6,1,0.6519538039629565,0.8811397448895687,0.8496756482625392,0.14105536736518276,0.25416244433294927,0.0990945486300554,0.0005772861909398,0.00010868788655040999,0.3,0.5,0.1,3,0.8059788252358675,0.529341905996007
6,2,0.40668395368404525,0.7231197482331089,0.6725623803487816,0.10044050051429698,0.6691704456169203,0.09809090385432175,0.00026890202031577,0.00024537617863527,0.3,0.5,0.1,4,0.7536835700088409,0.2544359460734506
6,3,0.3449832137796749,0.6692795238258226,0.6098100601551232,0.09021449933084759,0.14117942383113694,0.09901993998925682,0.00010473952085186999,0.00010356570845783,0.3,0.5,0.1,6,0.5028582363413017,0.1454939149295436
6,4,0.3234779452783594,0.6519674017372691,0.5965749134817274,0.09060419929596059,0.07255554538597589,0.09833193590406498,0.00014171085737278,0.00012103881868156,0.3,0.5,0.1,8,0.4606085530489451,0.1666429394212899
6,5,0.3146068117187086,0.639440737094197,0.5750821637676765,0.09031611042872283,0.06690310509200614,0.0983330645603096,0.00011083423061804001,0.00011083091627643,0.3,0.5,0.1,9,0.4604095284168389,0.1308579091808989
6,6,0.28740899643586465,0.6135734323448298,0.5518198882691357,0.08795931388664872,0.09089281482641139,0.09886129280385966,0.00015056653760408,0.00013990686148797,0.3,0.5,0.1,11,0.4230709983047879,0.1591257784313524
6,7,0.265212583619021,0.5907053752108773,0.5317145590886119,0.08670557892349068,0.0915036717701053,0.10608811447337252,0.00024547912020417,0.00022643819096960003,0.3,0.5,0.1,13,0.3702188636651637,0.1453662749446186
6,8,0.26207766388002535,0.5906085528618149,0.5386963206647042,0.09665455991348808,0.03416095462131145,0.10234273571135187,0.00017363237194760998,0.00016448068254571,0.3,0.5,0.1,16,0.3918109505965487,0.1088555071706347
6,9,0.2568316037982437,0.5842828460007679,0.5314906505345991,0.10702609103885323,0.05181314183801739,0.0991056099212813,0.0001404495169472,0.00012489583575809002,0.3,0.5,0.1,17,0.4077091285883222,0.1212520623032152
6,10,0.23664599181445,0.5601623373806217,0.5097270115910133,0.11071162481099639,0.09772478769648715,0.1102343161718885,0.00029728274335124,0.00027766026627834003,0.3,0.5,0.1,19,0.3206759778211395,0.0825775427081971
6,11,0.23180322417982455,0.5540182926819772,0.5028271435570422,0.11060399524485258,0.05058864490830621,0.10512758534711619,0.00024319916256723998,0.00024328518997960002,0.3,0.5,0.1,20,0.3289563891700029,0.0782997349418763
6,12,0.20940733487414556,0.5200351598603822,0.4629757751317448,0.1012615831016084,0.17999693034397715,0.11022503906721162,0.00034717915343264997,0.00032017862003561997,0.3,0.5,0.1,21,0.2454994947218698,0.121340347702289
6,13,0.1795241653425933,0.484934302617268,0.4497423209273997,0.13353016649531818,0.05867264322243117,0.10918242925391634,0.00038253664950311996,0.00029502850022711,0.3,0.5,0.1,29,0.2642851164028409,0.0853475492666221
6,14,0.17748243925856919,0.48487593005665525,0.45659533059212776,0.13238569023037422,0.0473830420380169,0.10894662707386493,0.00031426355452786,0.00020313838505690997,0.3,0.5,0.1,30,0.2444693932682299,0.107495222688897
6,15,0.10146255920550679,0.29873009306503123,0.23269296341549417,0.09650267530684595,0.4122518033800849,0.11181675386546942,0.0003486183989997,0.00027409739878275004,0.3,0.5,0.1,32,0.1808265664765835,0.0841599397458868
6,16,0.09522026208185072,0.2808271436324059,0.21867690934379838,0.10225046992131416,0.12379286819067102,0.11306700660198421,0.00035079786582354,0.00026260611176954997,0.3,0.5,0.1,33,0.1886615961253025,0.0778539651300707
6,17,0.09439945477477446,0.2786381600102345,0.216159968903951,0.10460826360364579,0.04262782935119901,0.11240065888742543,0.00034901783690018,0.00026139342124208,0.3,0.5,0.1,34,0.1880222758750017,0.0768344861051215
6,18,0.09397763377438163,0.28075526637255593,0.22552790159503353,0.10961492835329943,0.03993569462471104,0.11242158642081984,0.00034398290662557,0.00026254815897396,0.3,0.5,0.1,35,0.1879476971560919,0.0748019709279837
6,19,0.09177411879355167,0.273620718816906,0.2172500080367996,0.10820879409681601,0.06231658471515496,0.11174588634562108,0.00034216353731876,0.00026128779375753,0.3,0.5,0.1,36,0.1862377665511737,0.0722417704737509
6,20,0.07736879416482798,0.21373658649236013,0.14050766074597748,0.08424989810978373,0.09259166971872745,0.11330780919157009,0.00033840325117935,0.00025997605116229,0.3,0.5,0.1,40,0.179182000081124,0.0801368596567674
6,21,0.07502732859146227,0.20796946738991778,0.1407036992172364,0.09641091261529346,0.047233035892388545,0.11292927175809489,0.00041282114920391003,0.00027592072249695997,0.3,0.5,0.1,43,0.1819194830962744,0.0808985709293193
6,22,0.07303668642984826,0.19894358564404493,0.13017538709555723,0.10845291683565875,0.04652496722951595,0.11329241752054928,0.00035856912528336,0.00027220478557253,0.3,0.5,0.1,46,0.1781127807320817,0.0785233114159254
6,23,0.07269145666521441,0.20050746315626256,0.13886894833093744,0.06765247720482678,0.036786626798551575,0.11387478121489371,0.00037948679259637,0.00027136991137803,0.3,0.5,0.1,50,0.1734388547474688,0.0812111584475889
6,24,0.07208258819309811,0.20110938305623044,0.14645024641330215,0.1415852213588525,0.04811854715907485,0.11434924891795108,0.00036439245413954,0.00026473877405254,0.3,0.5,0.1,51,0.1717258084791053,0.075928434753284
6,25,0.07042447105041554,0.19401283555222937,0.1382030657546975,0.1470639334154107,0.06296025515685023,0.11399828923763591,0.00033287856995713,0.00025815469898451997,0.3,0.5,0.1,52,0.1767571802244958,0.0814303523965134
6,26,0.06838191971595124,0.18885461064969425,0.13911920386682017,0.16495354187170264,0.046324655918349535,0.11353947574493758,0.00033426923334177,0.00022857313659138,0.3,0.5,0.1,55,0.1865003397076461,0.1042118261248492
6,27,0.06547129412786465,0.17548150072442287,0.12356478646386923,0.16792181864236683,0.061247840366584184,0.11301827322457653,0.00033824048664555996,0.00026707310368241004,0.3,0.5,0.1,57,0.1913235687528323,0.0903403806933205
6,28,0.06379599467596504,0.17089574030285332,0.12512278852047698,0.1682502808562339,0.06838474493585726,0.11307187712714199,0.00033260988226139,0.00025167959535799,0.3,0.5,0.1,58,0.1908252799087929,0.0761849681077515
6,29,0.06358082365416254,0.17353191268708057,0.13509604856527885,0.1774570607864243,0.03633028881502382,0.1130716995643357,0.00033285505744781003,0.00025180315086748,0.3,0.5,0.1,60,0.1912767347759839,0.0751302174199774
6,30,0.063580823666027,0.17724308624883933,0.14632166677387468,0.1870174484446177,0.03411321577887402,0.11307169954360045,0.00033285505735954,0.0002518031507412,0.3,0.5,0.1,62,0.1912767347303678,0.0751302175732274
6,31,0.06265663795032356,0.16896856078325198,0.12978363806295165,0.18661730444159316,0.05281893829678695,0.11297005922468663,0.00034771282619526,0.00025524041386222,0.3,0.5,0.1,63,0.1911752027646562,0.0754938456036566
6,32,0.06183209896627689,0.16844723870970923,0.13607754202016975,0.2021435272324651,0.04283771809259156,0.11299123525287358,0.00034709548660326,0.00025449587587465,0.3,0.5,0.1,65,0.1914321853072374,0.0719043620301764
6,33,0.0614548502226449,0.1693565706818902,0.14400516284873682,0.2533848102626138,0.03542982262718799,0.11365880805699803,0.00035266217696777,0.00028094977327832,0.3,0.5,0.1,76,0.1804291733528223,0.1086527316910667
6,34,0.061272220649369144,0.16795005862128107,0.1423486072976198,0.2704653689717264,0.03649512283442089,0.11403180167323435,0.00034749709644354,0.0002794449819741,0.3,0.5,0.1,79,0.1788027084962075,0.1157077809630741
6,35,0.058008630199962094,0.14927503720226162,0.11378195457253304,0.27001234692921866,0.06358318691053162,0.11221156370360603,0.00033658863297304,0.00025554959514441,0.3,0.5,0.1,81,0.1749924586308812,0.1143636729153386
6,36,0.05798098387279315,0.15145926569508325,0.1231776088577764,0.28016345594240444,0.04175464111233234,0.11317922338386711,0.00037203000543886,0.00027377577143356,0.3,0.5,0.1,82,0.1760870426603335,0.1148424620331063
6,37,0.05649062727008003,0.1445029845357315,0.115120347134798,0.28200467345758684,0.0613912161169124,0.11228164238298838,0.00034266352862423997,0.00028976936926313,0.3,0.5,0.1,83,0.1754556773293786,0.116389845551142
6,38,0.0565632408587575,0.14773063972917405,0.12575036760639352,0.28411475052519664,0.0369201591382808,0.11288981992091057,0.00037144016549311,0.00028068216287562,0.3,0.5,0.1,84,0.1725854005477021,0.1121760523244177
6,39,0.05575650936949253,0.14052277489910187,0.11048842446308803,0.29162821504844527,0.04731239636792013,0.11214340098633342,0.00036626524101512003,0.00028922421040406996,0.3,0.5,0.1,85,0.1716544790957941,0.1159896411713245
6,40,0.05473594921782235,0.14163706875135706,0.12557348806879198,0.3254219111768044,0.03727000850291893,0.11252405562434625,0.00034439021611402,0.00031695593517092004,0.3,0.5,0.1,93,0.1746463917556863,0.0995865834565085
6,41,0.054753225745715874,0.1512599055035032,0.15743480876195204,0.36155890350073505,0.03525020070204013,0.11358913493458,0.00038471838335536,0.00029350708926645,0.3,0.5,0.1,101,0.1754927089919158,0.1015574138409957
6,42,0.05300926089506823,0.14051062213200993,0.14489547323143018,0.37975655876508074,0.05677279316555677,0.11396386280514505,0.00036843948642029,0.0002665039371915,0.3,0.5,0.1,103,0.1660818975889492,0.0891555798941012
6,43,0.052646296647754096,0.14258938935159327,0.15423627800157327,0.4326531567547196,0.03483403265589297,0.11358895315629601,0.00038100220022439,0.00030439596812748004,0.3,0.5,0.1,115,0.177251176800986,0.0856217952552906
6,44,0.05269134577115121,0.15716735287097094,0.19881133919348176,0.47012193958976284,0.034747079820140456,0.11396356536409788,0.00036652469452856,0.00026589401757259,0.3,0.5,0.1,119,0.1659581015059591,0.0892311383900976
6,45,0.05263250411133229,0.14933778001488876,0.17588390950041724,0.46651149370777023,0.03613361627529065,0.11399830452220204,0.00036688247051631,0.00026649480424318,0.3,0.5,0.1,120,0.1678416121186698,0.1033475176834096
6,46,0.05256053557622468,0.14891603490905744,0.17539296228343995,0.48545797361236503,0.0352723545407452,0.11398934121561363,0.00036781687083633997,0.00026598184921929004,0.3,0.5,0.1,122,0.1701252369136958,0.1030563286898758
6,47,0.05196567908145759,0.14598080815130127,0.17199464987035973,0.4506616664023214,0.04592670897872285,0.11351835427190123,0.00038206853667105,0.00032677305534396003,0.3,0.5,0.1,123,0.1568451658233246,0.0799471988330425
6,48,0.051797915740513796,0.15989768574713242,0.21581947973575397,0.5309342754403156,0.0345253356275888,0.11335422327435171,0.0004055025295325,0.00050696287025164,0.3,0.5,0.1,137,0.169136408801282,0.1049143272314735
6,49,0.05179791569379818,0.17845355360438103,0.27194757082718796,0.5854255525074458,0.03425980666602925,0.1133542232661838,0.0004055025270394,0.00050696307790341,0.3,0.5,0.1,144,0.1691364093329167,0.1049143260627776
6,50,0.051724667471537776,0.1515975325256157,0.19233115800571854,0.5735772090758389,0.035697649268082214,0.11373384173339002,0.00038308248789918,0.000357506484583,0.3,0.5,0.1,147,0.1668047911000997,0.0836390745323601
6,51,0.05164394641308987,0.1511073738575991,0.1917602351706626,0.5773303413153045,0.03636589808891449,0.11373006624063056,0.00038398110450482,0.00035767878592573,0.3,0.5,0.1,148,0.1678511154724203,0.0823629512729641
6,52,0.051462746170936435,0.16146864848991757,0.2245486092557751,0.5969638613252729,0.03714339263106503,0.11351107741807123,0.00038547737285542997,0.00033007763650735,0.3,0.5,0.1,149,0.1594040636088432,0.0820756606441533
6,53,0.05137042508992607,0.1795402452054951,0.28011573101848464,0.6201374641787486,0.036108342571529554,0.1133542232661838,0.0004055025270394,0.00050696307790341,0.3,0.5,0.1,150,0.1690352185258104,0.1016731995339968
6,54,0.05118173919430845,0.14829745560844762,0.1884877812751355,0.6043164745903403,0.04118500042660846,0.11370388689805262,0.00038737809369481,0.00035799512927489,0.3,0.5,0.1,151,0.168767310057195,0.0881224739835309
6,55,0.05078131946301263,0.1530183125747311,0.2077853457561463,0.619492106738821,0.036253842833766,0.11384402904588696,0.00038455839804253997,0.00034698967684282,0.3,0.5,0.1,157,0.1677850089031556,0.0860874589343477
6,56,0.0503429361895486,0.1505244568101309,0.20488699792110968,0.6346117220751336,0.0445474763484404,0.1137050587248655,0.00038352544757138003,0.00034987180912629003,0.3,0.5,0.1,158,0.1666257699975269,0.0898864605372455
6,57,0.05027511636337212,0.15012004177184105,0.20441661504124,0.6384551969048797,0.03597090788171144,0.11368728750795103,0.00038390670433546,0.00035591604758914997,0.3,0.5,0.1,159,0.1680253168309455,0.088421662509361
6,58,0.050261736756943426,0.1500358986836959,0.20431857981917703,0.6423918003026627,0.03468214501986875,0.11368752702405656,0.00038399121944586,0.00035540262009946,0.3,0.5,0.1,160,0.1680520288451341,0.0884279218918614
6,59,0.050224131168112265,0.1535115408949446,0.21526978338513608,0.6504459588677242,0.03465893401224551,0.11369001257732005,0.00038247032248138,0.00035624542672851,0.3,0.5,0.1,163,0.1681907868303122,0.0884365879611581
6,60,0.05006855930955289,0.15244744880993183,0.2140276888926565,0.6622389238161258,0.03877042415704727,0.11373171685464702,0.00038787421125708,0.00035281107188636,0.3,0.5,0.1,164,0.1715813369872777,0.0887105360205347
6,61,0.04939994026017131,0.17793702103831457,0.29894131404650914,0.8003064271870041,0.03503181530544747,0.1136116546282344,0.00045471467014503,0.00029923700146676,0.3,0.5,0.1,189,0.1626596063943424,0.0750190639646528
7,0,0.905318246665705,0.9680305410738846,0.9627565505404128,0.13903038197292747,0.0,0.0,0.0,0.0,0.3,0.5,0.1,1,1.1541445834047928,0.7488844800201104
7,1,0.5780638622746697,0.8388765218319318,0.8004521983101063,0.1291945616269768,0.35809043782733097,0.09897719381661708,0.00047654811735325003,0.0002443317820334,0.3,0.5,0.1,3,0.8107519517804462,0.4675689842327974
7,2,0.46212422407827414,0.7651340653283826,0.7214631951659237,0.11234210033725824,0.333633443841567,0.09904841808997954,0.00024369351603665,0.00019844391814372,0.3,0.5,0.1,4,0.4875145760901389,0.227002351418749
7,3,0.4623561248764412,0.7693305398382703,0.7330707898705537,0.11792843219459484,0.032259671581065345,0.10263661145331897,0.00030414562290385997,0.00024767113248195,0.3,0.5,0.1,6,0.4727070555300225,0.2086597881057623
7,4,0.32660283236540755,0.6551018740838643,0.600432565268449,0.09057881292597202,0.25848469202288277,0.0941599953438294,0.00013967880710329,0.00015486551661298998,0.3,0.5,0.1,8,0.4721131715272664,0.1636736079826306
7,5,0.31058750727465617,0.6424197278344436,0.5923519038303532,0.0912234516531559,0.06601361638019917,0.09828521384944937,0.00018281792782072,0.00020269497875319,0.3,0.5,0.1,10,0.4577319246937703,0.147956644754708
7,6,0.30914870325031757,0.640886602700004,0.590505675764806,0.09836137718842879,0.0377918237671383,0.09947067312254113,0.00019803366794387,0.00021956506451415,0.3,0.5,0.1,11,0.4575419170398873,0.1465910774698909
7,7,0.3078528878945309,0.6394937634573262,0.5888215201505534,0.0982423481114254,0.037619278527851685,0.1007386771284205,0.00018818252339679,0.00019529643097436,0.3,0.5,0.1,12,0.4586586551221023,0.1614763199960639
7,8,0.29338800152019245,0.625837628945925,0.5733756958857323,0.1026471898318631,0.0448558986616809,0.09003066605749435,0.00090914961067096,0.00064053327775355,0.3,0.5,0.1,15,0.3620805680656263,0.2426554576944818
7,9,0.2707502545814203,0.6022759849031935,0.5530587493742088,0.10061972640856927,0.07619073991214473,0.0856915592740917,0.00073813273689163,0.0006053679629674801,0.3,0.5,0.1,17,0.3135236219989429,0.2160328662892008
7,10,0.26806270721125564,0.597772563518298,0.5468935079390674,0.11662508281909338,0.03989878329811778,0.10467486449743744,0.00052712029862731,0.00041187589438195003,0.3,0.5,0.1,22,0.2659890436444586,0.1447452192766157
7,11,0.2595220589685283,0.5913073306241632,0.5465286792619202,0.1171268247720096,0.0654715125232411,0.09871456525571137,0.0008915086774147201,0.00042346031779497996,0.3,0.5,0.1,23,0.3753098396177309,0.1515903915560549
7,12,0.24543215324494272,0.5781522763764898,0.538775254827134,0.11400877245622562,0.07885749527656899,0.0854780828527943,0.00068861912066286,0.0005589590443879101,0.3,0.5,0.1,24,0.2739259442015277,0.1762896145514444
7,13,0.24650608502415428,0.579074680890689,0.539589504678111,0.11820684002696455,0.030329616027395135,0.0908034439602742,0.0006584395144398,0.0005142104311155399,0.3,0.5,0.1,25,0.3182902760884384,0.1544341280557641
7,14,0.245006888059353,0.5775220205236735,0.5379995268658516,0.11401467781907894,0.027224456692234153,0.08629872820344113,0.00069703656165295,0.00057049170047396,0.3,0.5,0.1,26,0.2756548067862169,0.1747394920632258
7,15,0.2319514153639344,0.5619043119082847,0.525919251935655,0.13382337863651697,0.06423439779527619,0.10245492551002756,0.00057750978724743,0.00048806206231055,0.3,0.5,0.1,29,0.3198525958229525,0.1547868916321929
7,16,0.23150542357017073,0.5565536873658534,0.5123812275659544,0.12458433686091003,0.050307658524399355,0.11033898765775263,0.0007051277961542299,0.00059469990289954,0.3,0.5,0.1,30,0.3233996936661433,0.1217704438044309
7,17,0.2279943069006012,0.5559444481884147,0.518840046017568,0.13901906972966868,0.04305015935256888,0.10478991419899952,0.00081450026416178,0.00055062728439379,0.3,0.5,0.1,31,0.3423596080386028,0.1057386598197276
7,18,0.21406563068410797,0.5388150449877591,0.5056965159651916,0.13881000714087066,0.12067359934103171,0.1068531125885639,0.00067704149443142,0.0005373289294461801,0.3,0.5,0.1,32,0.2944398050714886,0.1014210434965552
7,19,0.2113693920011412,0.5309406273756336,0.4896128126971533,0.1290844115501944,0.04118751249341661,0.10683395648162579,0.0007865485642768001,0.00053105793510342,0.3,0.5,0.1,34,0.3231234661378795,0.1040855589811656
7,20,0.20789025662161992,0.5293425206224182,0.494685731634362,0.13606471656005348,0.0393275148863607,0.10632572416127652,0.0007038914529832699,0.0005048222464553201,0.3,0.5,0.1,37,0.2892470031151864,0.1005435108517978
7,21,0.2008562962823747,0.5188672905831304,0.48268160517570363,0.1336714124076431,0.06932421070520614,0.10231720429631601,0.00068066375993007,0.00057162868825817,0.3,0.5,0.1,38,0.2899318955693913,0.1068279252901123
7,22,0.1899783188714495,0.4956379519385648,0.44837218912534726,0.13646327163022817,0.07776141552087866,0.10913543322595473,0.00080601065873542,0.00044919435301005997,0.3,0.5,0.1,40,0.2342581902109277,0.103138450266306
7,23,0.17702652071666727,0.4760221993964732,0.43234567860172735,0.13555607706495687,0.13235449167027571,0.11044697325415312,0.0009378474566717201,0.0005192089078891601,0.3,0.5,0.1,41,0.2695520833804729,0.1003132775229754
7,24,0.17501382697281517,0.47324486739468974,0.4292478776351596,0.137183879774973,0.04183278376564585,0.10797682024164752,0.0007665397904295499,0.00043969296426354,0.3,0.5,0.1,42,0.269027423749603,0.1247553859691394
7,25,0.17264028280290392,0.4673206031253539,0.4221370994609642,0.13343226677442083,0.06232646435925244,0.11189739476801946,0.0009258420606610199,0.00056120732609178,0.3,0.5,0.1,43,0.2318845815302561,0.1231750935962331
7,26,0.16138129928566583,0.45034256906108283,0.4094908745006384,0.13797304988921605,0.11220738155977455,0.1075722635041507,0.00075089047603114,0.00044186814453460005,0.3,0.5,0.1,44,0.2348095338021875,0.1083368324763413
7,27,0.15537023142845519,0.4386959557248855,0.3960207930798435,0.14092448110048575,0.0778188929986708,0.10570862383711838,0.00067697578762166,0.00047212984001667,0.3,0.5,0.1,45,0.2205266680195288,0.1110582746631441
7,28,0.1488069310644064,0.42430543706431206,0.3791991125804406,0.1420576115648155,0.09304416689387958,0.10671403361908904,0.00076472049138674,0.0004815851122911,0.3,0.5,0.1,46,0.2262100351329711,0.0904573067762682
7,29,0.14698489215562116,0.42534154728763046,0.3874899447182067,0.16797775907427517,0.03215448164069145,0.10308798858991988,0.00073008053080161,0.00052657346840547,0.3,0.5,0.1,54,0.2480584495884976,0.1031801655392846
7,30,0.14677146479090197,0.42843555827037394,0.39797567392325645,0.19822678225690105,0.03198252077454131,0.10349421192371411,0.0007408040575799,0.00052329796500962,0.3,0.5,0.1,60,0.2508137931696476,0.1021533545837984
7,31,0.14411420973630157,0.42637521399314937,0.4024905244175379,0.19392119522711165,0.0548772448083569,0.10324335509539008,0.00073239542635497,0.00053653908159202,0.3,0.5,0.1,61,0.2442225409131774,0.0984374463916031
7,32,0.14321049439577657,0.4242191370278017,0.3999604105162126,0.20312954185311016,0.0326728978050864,0.10356253381487328,0.00076329464269445,0.0005358954129835701,0.3,0.5,0.1,69,0.2485014730413144,0.0965392830382511
7,33,0.1383633636079438,0.42477687319205626,0.42137581656405426,0.2355687837355045,0.038171303181576105,0.10255302576794889,0.00066262272402294,0.00049207164187163,0.3,0.5,0.1,75,0.26730689077135,0.0883786111885815
7,34,0.13883182891451354,0.42855418882345286,0.43255073088489965,0.29809068497054925,0.03210344809764164,0.10490028430487147,0.00079613348331801,0.0005274780806013201,0.3,0.5,0.1,91,0.2074140681388199,0.0824233409076011
7,35,0.13630810176508096,0.43056850528123297,0.4487613815434704,0.3313753751081108,0.04196816390923433,0.10367116913534491,0.00079126122684602,0.00062774672431273,0.3,0.5,0.1,93,0.2529929039856699,0.0754626459380882
7,36,0.1334753633154959,0.43511148967891417,0.47477665954006837,0.38308956337387706,0.04038707627339336,0.10329696724639574,0.00080940821089911,0.0006745923807360301,0.3,0.5,0.1,96,0.228870511915814,0.0935660893149455
7,37,0.13188027492208276,0.4312729762945107,0.47030581771389535,0.38201724126074427,0.03936406052428582,0.10327751254045789,0.00081268822018242,0.00066434142436584,0.3,0.5,0.1,98,0.2282959473031987,0.091518381951353
7,38,0.13180493672445848,0.43111392899293344,0.4701232211628345,0.38196096396493756,0.031732884005729316,0.10322389198547882,0.00081159262500527,0.0006646857579097599,0.3,0.5,0.1,100,0.2282261631026794,0.0913672615988011
7,39,0.13163704798655668,0.43067801242821513,0.4696121897206894,0.3854704208198398,0.03301808947820138,0.10328897400718627,0.00081357227180275,0.0006583647107137401,0.3,0.5,0.1,101,0.2341366226149492,0.0912746300603943
7,40,0.13176598022331276,0.44524318431398013,0.5141207236690671,0.4765187851365912,0.03205353107977239,0.10468340977662209,0.0008204806264411399,0.0005779764588242,0.3,0.5,0.1,129,0.2237386802150805,0.0888044372696931
7,41,0.13030913330196872,0.4449260111668441,0.5206011485452587,0.4866101514745544,0.041686531402298097,0.10574109183730722,0.00082193697653497,0.00057136923643149,0.3,0.5,0.1,131,0.2115265455428966,0.0939386740145361
7,42,0.13005204166615825,0.4554068447933453,0.5535154971806321,0.5548524929774582,0.03260015797321386,0.1057816872524757,0.0008230020358211699,0.00057231119997438,0.3,0.5,0.1,138,0.2117322253157438,0.0949435898199938
7,43,0.1314149896718572,0.4622606073663852,0.5683786510694011,0.6285657187526276,0.03268661511476036,0.10624483431676204,0.00082848000905875,0.0005829625707377401,0.3,0.5,0.1,149,0.2053699059553133,0.0945096785597426
7,44,0.12901148589762595,0.46771962418937524,0.5954742167271007,0.6659533991695055,0.032764078251431544,0.10576857703919457,0.00075549656229296,0.00059589640468768,0.3,0.5,0.1,155,0.2302286448822742,0.0861759649087726
7,45,0.13312318219575275,0.470494284844062,0.5849152993424336,0.6851753815424249,0.032089391516081194,0.10538228776601022,0.0008283320432708,0.00059440886254363,0.3,0.5,0.1,159,0.2089925135613328,0.0904302650677549
7,46,0.12991739322140983,0.45855606992363646,0.5640610857692655,0.62754149195419,0.038102191445305876,0.10632087947181937,0.00080399595053759,0.0005874953623978,0.3,0.5,0.1,160,0.2061472473667967,0.091075172292244
7,47,0.13236637052250205,0.46465937649903866,0.571181949742608,0.6291952298538627,0.03641175336319859,0.10606008443682657,0.00083017106564683,0.00059227081002729,0.3,0.5,0.1,161,0.2067181204571349,0.0919969477784116
7,48,0.12808840018491757,0.45794055668350664,0.5702715684944297,0.6302089869504692,0.032217713476867325,0.1058733989801507,0.00076775845504078,0.00057655476887535,0.3,0.5,0.1,162,0.2193718491457772,0.0929843783050899
7,49,0.1275724000139026,0.4566257356880394,0.568738046888424,0.6302279981707851,0.03767490233522639,0.10591678229812869,0.00076484907420535,0.0005693599937723101,0.3,0.5,0.1,163,0.222364551419958,0.0924509938752271
7,50,0.12739710754210395,0.4560933481356665,0.5681079106757346,0.6416916595421299,0.033498179429460144,0.10612633033965185,0.00075809546694263,0.00057673011480493,0.3,0.5,0.1,165,0.224818745767303,0.0923683916873142
7,51,0.12720978106738576,0.4594735260231629,0.5789632469901788,0.641100088776581,0.032675951791421465,0.10579865577112753,0.0007704005744718801,0.0005720277539837399,0.3,0.5,0.1,167,0.2218497954974207,0.0954582126740379
7,52,0.1268824075589255,0.458552729892299,0.5778806146286997,0.6483875267838328,0.03627930938704122,0.10602737742731898,0.00075404988771458,0.00056847646798115,0.3,0.5,0.1,168,0.221872219984429,0.0932273154517127
8,0,0.9178053352024436,0.9724261208269683,0.9678772743540017,0.14025542983176129,0.0,0.0,0.0,0.0,0.3,0.5,0.1,1,1.1201489415408,0.7470091370828302
8,1,0.8056058422249717,0.9487027073235025,0.935258362142615,0.16116525855601935,0.14141456553919937,0.1006357974038261,1.3790800725030001e-05,1.619752170931e-05,0.3,0.5,0.1,3,0.8153967211162997,0.548089414870394
8,2,0.45977685187565376,0.7633084584373564,0.7194241194463663,0.11145019299276504,0.790409160566048,0.09722668958767991,0.0002608486518695,0.00026128618290826,0.3,0.5,0.1,4,0.4957824132122275,0.2288750962075977
8,3,0.4522286934282846,0.7654005635067035,0.7356035583559434,0.13202471750553704,0.035586914159492576,0.09853670513809265,0.00023270236627058997,0.00024039601595864002,0.3,0.5,0.1,8,0.481654748132805,0.2006060962749546
8,4,0.3002323568578126,0.632660583275292,0.5809953953009362,0.09666964933676557,0.30555347172262437,0.09805294307352984,0.0001704943709145,0.00019792174783114002,0.3,0.5,0.1,10,0.3290914111158545,0.2221924574054802
8,5,0.2991092522432144,0.6353779807896642,0.5910841488385465,0.10417279750889605,0.03162778638354252,0.0976329560989221,0.00017137795249428002,0.00019111607134252002,0.3,0.5,0.1,12,0.3267327565055062,0.2298437258146066
8,6,0.23247960604799148,0.554637620333693,0.5034115450476082,0.0894017960032129,0.210047298416808,0.10747723970187346,0.0004895411800174101,0.00027377630348634997,0.3,0.5,0.1,14,0.1901038730176102,0.2173158463202792
8,7,0.22201342971344742,0.5431575246787618,0.49689345539858887,0.1001286045035864,0.06472878643690981,0.10841622208209006,0.00049059880611592,0.00026413950824674,0.3,0.5,0.1,16,0.1722068169270003,0.1698982479038483
8,8,0.22198360935118538,0.5431148755325391,0.4968441217958871,0.09746219343417203,0.03296191544926035,0.10840863847707424,0.0004906038066322,0.00026413160293355,0.3,0.5,0.1,17,0.1721734177483063,0.1699278457106664
8,9,0.1880780045080771,0.48924452603403334,0.4341575366770291,0.0865473214839221,0.25272268939730214,0.10718986330283742,0.00036823922027,0.00024604655973044004,0.3,0.5,0.1,18,0.1819264353214574,0.1797943744246785
8,10,0.18639434283797635,0.4863326222348693,0.43076846231430455,0.0839586100301757,0.04427702888384786,0.10711017030662472,0.00037760554723528,0.00024371324431094002,0.3,0.5,0.1,19,0.1764029765210211,0.169959937312213
8,11,0.18443513675038356,0.4861365297512326,0.4373410799233023,0.0987241170686056,0.0516076687519012,0.10905658407202387,0.00043052254524744,0.00027337053561231003,0.3,0.5,0.1,20,0.160877499337654,0.1217473625492764
8,12,0.18365266839478311,0.4848678718590314,0.4358884748983855,0.09611234037784326,0.03510460514090236,0.10856163526880427,0.00042167397714259005,0.00026650322831676,0.3,0.5,0.1,22,0.1630856267412568,0.1308290615696939
8,13,0.1822453370305065,0.4856224741726737,0.44357504272476284,0.12007915416674612,0.037027386307858526,0.11042844273603983,0.00043603984106416004,0.00033780493714692997,0.3,0.5,0.1,26,0.1699641179633106,0.0927323262856285
8,14,0.1813141149492911,0.4804427760954396,0.4306822331779048,0.12924520626847383,0.038057891782500186,0.10964812402161937,0.00038999112399809,0.00026315862820668,0.3,0.5,0.1,27,0.2231549581004908,0.2054998703987159
8,15,0.1762094719915631,0.47827584930133177,0.44190973102688613,0.12301412324582847,0.07431425822489338,0.11060789272531704,0.00043854132776886996,0.00032756802706228,0.3,0.5,0.1,28,0.1644899548773631,0.0874162160555131
8,16,0.14564842231036587,0.41644773612971014,0.369919726702013,0.11527336886313876,0.2873280011829642,0.10985601874335124,0.00044410417243647,0.00026246178216481,0.3,0.5,0.1,29,0.1766262885374827,0.1084776033846701
8,17,0.14423397422817988,0.4165501344301628,0.376885273359768,0.1250829722128409,0.041658507015895345,0.11092269559581341,0.00047952669187577003,0.00027578636428938,0.3,0.5,0.1,31,0.1866453989878796,0.1189160170631938
8,18,0.13723003135397874,0.40505949288398857,0.3705211561917964,0.1410906312661251,0.04774599728200064,0.10861881581114853,0.00040605493319455,0.00028774871496449,0.3,0.5,0.1,35,0.1930874118406207,0.1092762754798767
8,19,0.13762628406160968,0.40502563585304346,0.37036438106423164,0.1384930024802747,0.036593567920365,0.11089414331006009,0.00046037831440110005,0.0003018437500392,0.3,0.5,0.1,36,0.1857245865632242,0.1086237458578716
8,20,0.13575366009951934,0.3976839065163837,0.3550028632248765,0.1407334322514064,0.04573822182712223,0.10909026366236056,0.00041208210105796,0.00028119803769417,0.3,0.5,0.1,37,0.170449866581314,0.1012007034044232
8,21,0.13435642672219852,0.39872836359131475,0.3632058464306157,0.15648352011735817,0.04121403604421078,0.10740237189240426,0.00040666925650162996,0.00028089564077782997,0.3,0.5,0.1,38,0.1959490932082047,0.1047506571142897
8,22,0.127352815998686,0.37998952756817883,0.34121506543045116,0.14693383372795688,0.11473035067857758,0.11050462788740294,0.00048671382801160996,0.00030964554051255,0.3,0.5,0.1,39,0.1579672116154478,0.1085419787188662
8,23,0.12508943957315924,0.3784523670918378,0.34638507347181713,0.16070814866876643,0.04316314116079932,0.1092776032860361,0.0005094640621495699,0.00032872658907479003,0.3,0.5,0.1,41,0.146915619186103,0.1189419874274142
8,24,0.12459619174155885,0.38080071832414447,0.3560141127542899,0.1665637876835106,0.03604721048841249,0.10945304103693901,0.0005122406399127499,0.00033005205579978,0.3,0.5,0.1,43,0.1444388422056628,0.1257324894046933
8,25,0.12238035146452705,0.38196516286742466,0.3711288296387407,0.2482756000202484,0.035203334480044854,0.11041296513373369,0.00050179894398937,0.00030616803083408,0.3,0.5,0.1,58,0.155983358921136,0.1120754902116484
8,26,0.12168883962396539,0.38749621269460977,0.39137112986525396,0.2916079564351841,0.03432238232645392,0.11050915751891754,0.00051132103098545,0.00031393001296655,0.3,0.5,0.1,67,0.1561181898373444,0.1065679435928109
8,27,0.1214622227152441,0.39811708623832764,0.4244597830927881,0.3329054708512287,0.03401483873195935,0.11033952537684975,0.00050420489374373,0.00031229248635932,0.3,0.5,0.1,70,0.1527691531075928,0.1081154206978793
8,28,0.12131929119529337,0.3936686106501359,0.4123400128209144,0.3231415916340943,0.03490572390592646,0.11104482549061138,0.0005060324856184,0.00032151136356238,0.3,0.5,0.1,73,0.1729632953261042,0.1137677346254315
8,29,0.117316601647212,0.38650908537747586,0.41090140043291273,0.3188216556198616,0.07844323998873683,0.11107727978745664,0.0004898909664073101,0.00031544472605412,0.3,0.5,0.1,74,0.1686143101901253,0.1249616105417402
8,30,0.11598040682436891,0.3865185834725048,0.41781533010826877,0.35793439082659706,0.03529054406254421,0.11107725450977685,0.00047827854524008003,0.00033520464072044,0.3,0.5,0.1,83,0.1538909910646737,0.1380949193301592
8,31,0.11482355363919258,0.383333885314868,0.4141106602983744,0.35432495564439936,0.046564284392292335,0.11093652095939746,0.00049959899597538,0.00032297441544048,0.3,0.5,0.1,84,0.1541185210096117,0.1246758047436114
8,32,0.11339772466330125,0.3870673980432521,0.43229596340640664,0.37386528537010977,0.04058693313042883,0.11030469504213337,0.00049498078549819,0.00033572147229649996,0.3,0.5,0.1,86,0.1575595487054887,0.1373561392185861
8,33,0.11226896986925314,0.3870651252650859,0.43915299256786444,0.38665182013167876,0.04182106930856052,0.11116191608528261,0.00049939026778225,0.00032162356296173,0.3,0.5,0.1,88,0.1587204444318644,0.1263939348867171
8,34,0.1114723617634503,0.3811243915307092,0.4253364014305577,0.3860025472982608,0.03660410440941822,0.11105118267914788,0.00048800462090281,0.00032452922004965,0.3,0.5,0.1,91,0.1511096191272208,0.1408391912631955
8,35,0.11125199639212591,0.38047572048077605,0.42457988971801197,0.3926428219684614,0.03629199003809895,0.11106182731238107,0.00049127835591237,0.00032353961624423,0.3,0.5,0.1,92,0.1493214393341793,0.1365947630397808
8,36,0.11015470065613005,0.40359225541492544,0.4998546979231059,0.5435302657907026,0.03378863730321386,0.11047988867459212,0.00048967746778923,0.00030705187406139,0.3,0.5,0.1,122,0.1571443701792929,0.1290847399924178
8,37,0.10939569196706653,0.45746965260145483,0.6661908521580392,0.7592458017225225,0.03327913881111002,0.10967850136161814,0.00051094200362219,0.00034122031916698997,0.3,0.5,0.1,197,0.1694770565702984,0.1103655657353182
9,0,0.9372318109865078,0.97915160361477,0.9757122731860887,0.14356367256056307,0.0,0.0,0.0,0.0,0.3,0.5,0.1,1,1.0187458040086748,0.7583022998756026
9,1,0.8151880416506564,0.9484215590128354,0.9360922957498423,0.15600517487755172,0.13429718417226008,0.07716987182683971,1.315459910447e-05,1.22087484821e-05,0.3,0.5,0.1,3,0.7468895598785911,0.548297430113302
9,2,0.478802074761775,0.7767041518722199,0.7349879036981157,0.11536571829643236,0.7643471222041348,0.09810142982408704,0.00025046334948003,0.00022306365675268,0.3,0.5,0.1,4,0.4161587633704648,0.2269957409501434
9,3,0.47582526974568695,0.7786519312415547,0.7440060558545144,0.12130927364626372,0.036058153751060903,0.10108985752376168,0.00030446093863248,0.00027197738835096,0.3,0.5,0.1,6,0.4130055590061992,0.2127610986113971
9,4,0.458845117400232,0.7707949397837706,0.7415743610404314,0.14696668637147706,0.04211983200096497,0.10502524753370795,0.00015810952155943,0.00015201078491322,0.3,0.5,0.1,11,0.4465239711443338,0.3314949096364284
9,5,0.4231579187545958,0.7479287385118973,0.721710922626202,0.1519204997046835,0.08867525280862595,0.10739994966711632,0.000264804102563,0.00020737866830287003,0.3,0.5,0.1,13,0.3935362596187553,0.2468829055770681
9,6,0.3887208640187604,0.7170530016493049,0.6784978050470558,0.15620578166620416,0.0753801834479721,0.1144772061754658,0.000158149070372,0.00021840142741686,0.3,0.5,0.1,16,0.3086282216550186,0.1436967742766305
9,7,0.391972179599288,0.7216783058345257,0.6830668128333511,0.17133979808971958,0.04545842983184015,0.1310791191319408,0.00014776790170844,0.00013001441626543,0.3,0.5,0.1,17,0.3577220937779243,0.196510849259314
9,8,0.3560235912622994,0.6911324114166222,0.6550430656935966,0.16366829920771248,0.15323095555771937,0.11740104991983616,0.00028892130615168997,0.00050788545515768,0.3,0.5,0.1,18,0.2502710558344146,0.1296517684456167
9,9,0.34077415410263445,0.6766924105634636,0.6371196091648007,0.17794584263613314,0.12918451267434197,0.1397908407454652,0.00026000217264440003,0.00024103881824699003,0.3,0.5,0.1,19,0.3015907122327781,0.2054450589140745
9,10,0.3657166366731448,0.7043631647215886,0.6676091626018223,0.2142114569644312,0.15329616853152245,0.31290093295459304,0.00026079718013598,0.00514104356684365,0.3,0.5,0.1,21,0.2162228240418898,0.2003575586994848
9,11,0.3009004994705276,0.6416187424915188,0.6096906573133843,0.16495936422186736,0.06671152226234327,0.14657748848444818,0.00016867919197577,0.0029891699762242,0.3,0.5,0.1,24,0.1937084545947927,0.2090083838346951
9,12,0.2940479150542974,0.6303566660173231,0.5900101776811628,0.15617820932740908,0.06488662271732641,0.1404317756643377,0.00024875814783325,0.00031241669061801,0.3,0.5,0.1,25,0.2081548509621778,0.1663207567840384
9,13,0.2911832008532858,0.6307138382591744,0.5973014877504595,0.16597368931072837,0.04970465916326305,0.14086254921936445,0.00028525921980887,0.00047659894420125,0.3,0.5,0.1,27,0.2035971694951578,0.1834532969867871
9,14,0.28539503180262166,0.6272953805219089,0.5999666531933514,0.17604789578788355,0.06187929099013532,0.14593249200878106,0.00029773982973217,0.00063895542956279,0.3,0.5,0.1,29,0.1720540313308805,0.200134149394413
9,15,0.28427175877672844,0.6296974718119644,0.6096996042340016,0.175540860119076,0.04609076519335407,0.14510324618011647,0.00033706084194009997,0.0009655373929452401,0.3,0.5,0.1,31,0.1873641650032277,0.1933384909698269
9,16,0.2830572273119825,0.6244020082145574,0.5965331398089926,0.18370476629674135,0.05328939670034029,0.1472332189037904,0.00029958199694359,0.00053672518515532,0.3,0.5,0.1,32,0.1905969496250477,0.1972749558357782
9,17,0.27894436698661657,0.6269560733998598,0.613419564934354,0.20168458002930226,0.04953208841424286,0.14438307708640064,0.00034464706069899,0.00239915469269501,0.3,0.5,0.1,35,0.1679629058938557,0.2086912948624919
9,18,0.2742672909867453,0.6176033310759216,0.5957161777050037,0.19969918580888,0.06406348306328663,0.1432181758517415,0.000284537852761,0.00046928419038311996,0.3,0.5,0.1,36,0.1874401915507483,0.176668092273309
9,19,0.2783729522204788,0.6208562238600115,0.598268945138745,0.19167241306141194,0.06816577550922034,0.16528301667010714,0.00027103292176254,0.00930654956868847,0.3,0.5,0.1,37,0.1781435604075715,0.1793268836037582
9,20,0.2700517425106282,0.6121516939993681,0.5892631226193726,0.2154318129824645,0.05129466254531293,0.14526898500068994,0.00027803537772844004,0.0005308684149758299,0.3,0.5,0.1,38,0.1809583407299526,0.1640826930837272
9,21,0.27045026860997035,0.6160446320451168,0.6005017882892029,0.22569212919191178,0.0470879822659274,0.1491105458173973,0.00035378476467553004,0.0006755009337313,0.3,0.5,0.1,40,0.1808357406871683,0.1553034775655902
9,22,0.26488685480066326,0.6129779846495177,0.6040381415499557,0.23436914247435683,0.055118488978245395,0.14510227022888494,0.00028384068922101,0.00052152721262142,0.3,0.5,0.1,42,0.1816125729605245,0.1638294650030323
9,23,0.26273725988044366,0.6141541952706573,0.6124498843854931,0.23388686588810997,0.04636865768688466,0.1421447860397653,0.00030532783416184,0.00084490720020527,0.3,0.5,0.1,44,0.1696275260342601,0.1653862394726099
9,24,0.2557392172704286,0.601004059435035,0.5901162407405561,0.260257226005698,0.0644350526012026,0.1422999818057391,0.00040232321406036,0.0066774638591032805,0.3,0.5,0.1,46,0.1800861196728667,0.1584098704821289
9,25,0.2549405835280727,0.6036774480236812,0.6001498679323113,0.2694708726080245,0.045379585522289614,0.14257079463341768,0.00038863675628297,0.0049043268094586204,0.3,0.5,0.1,48,0.179015123839017,0.1604899359613965
9,26,0.2543319187551011,0.6065314058740896,0.6103599213466661,0.2853148495224911,0.04553204097692598,0.1422999795189983,0.00040232315443176,0.00667746286943178,0.3,0.5,0.1,50,0.1735881806214022,0.1644144136269593
9,27,0.2430028029437888,0.5958535006110144,0.6053251322893172,0.30622483546216417,0.048311146094447484,0.13456070962393155,0.00020441493593026,0.00042673403970673,0.3,0.5,0.1,56,0.1786583355390278,0.1704826853470152
9,28,0.24455978291141298,0.5968750802517034,0.6060355468312887,0.3974160630527396,0.04370891328169155,0.14299098416436326,0.0008478187926520501,0.00099521410068492,0.3,0.5,0.1,83,0.1889330837137078,0.1985991168868489
9,29,0.24050254236757396,0.6018928160807898,0.6324401248080445,0.4396368949778024,0.0732308592515623,0.13908958749766498,0.00418145098448404,0.0049794428069953305,0.3,0.5,0.1,84,0.1835153135703513,0.1697890232761705
9,30,0.24050252887144144,0.6056039761555125,0.6436657165593982,0.451082276902452,0.044315588615626296,0.1390895875048091,0.0041814224863305095,0.00497945034319519,0.3,0.5,0.1,86,0.1835153138484428,0.1697890233844292
9,31,0.23978302668138735,0.6045247316913858,0.6423901019491408,0.45760164278662374,0.04688211033321426,0.13922254602054535,0.0043237094969539504,0.00498160262125894,0.3,0.5,0.1,88,0.1889446559082525,0.1802530910162496
9,32,0.23900961548897184,0.6072138854032512,0.6524589203126738,0.4629194155551317,0.04590504876077804,0.13921862901975965,0.00389488238997074,0.0050830503092091,0.3,0.5,0.1,90,0.1820552427988545,0.178106519337268
9,33,0.2390060104915133,0.6069575954899038,0.6520663738226984,0.49083175773961124,0.04819899799221556,0.13922341646837377,0.00491966092837633,0.00564279091485994,0.3,0.5,0.1,91,0.1838588079132963,0.1756527378191354
9,34,0.23796478582393696,0.6280942464381556,0.7182416674949779,0.7341919031344335,0.04398107173645845,0.1436684766471831,0.0013554994186147202,0.0017408560820176898,0.3,0.5,0.1,133,0.2428788802786944,0.1653849177505296
9,35,0.234535705337243,0.6334754363394492,0.7449498064698405,0.8227126348472326,0.047094269659867335,0.13947612067287463,0.00453942778296112,0.014610595169586621,0.3,0.5,0.1,153,0.1815887861008211,0.169523370252433
10,0,0.8968925951616324,0.9650315214180742,0.9592628093727854,0.13962840514810407,0.0,0.0,0.0,0.0,0.3,0.5,0.1,1,1.1843360424372802,0.7519656060969548
10,1,0.6358803323288246,0.8717528875828743,0.8387653885218853,0.1383177728962273,0.28686015873124254,0.09863972067977718,0.00045200258051045,0.00057771789157261,0.3,0.5,0.1,3,0.5671113524401803,0.4675689842327974
10,2,0.431595074419606,0.7423452242013721,0.6951447262657846,0.10498584537538516,0.55042154783816,0.09441559702087854,0.00024324533654152997,0.00016723194079434,0.3,0.5,0.1,4,0.610123066929998,0.2269943639407137
10,3,0.3316620757782569,0.6563837149471833,0.5950570109647818,0.08245385171718862,0.2047315054638871,0.09355449561722656,0.00010431263708914999,0.00012496782032896,0.3,0.5,0.1,6,0.5554207992435687,0.1415201878218511
10,4,0.3139013058853701,0.6421696727634537,0.5851721697504622,0.09942776858224678,0.06933485490345162,0.09810636846754392,0.00013105321717274,0.00016633155951673002,0.3,0.5,0.1,8,0.6148230659834684,0.1491316451997026
10,5,0.30837294101819157,0.6400914007720511,0.5896548888551506,0.1040486285160693,0.04142293671493952,0.09807408602757296,0.00013094956145776,0.00016209447393529,0.3,0.5,0.1,10,0.5900609279999967,0.1517284728074242
10,6,0.2636857078794642,0.5888750560304852,0.5297638266918936,0.09725133357081235,0.1393190040099045,0.10262706776201506,0.00013290427084194,0.00016861185618547,0.3,0.5,0.1,12,0.5102481858634245,0.1366465816760003
10,7,0.24715208227162674,0.5661347849298742,0.5024484649260871,0.10123290394789551,0.09307330766063494,0.11919006029997187,0.00017086666033763,0.00021884907111946998,0.3,0.5,0.1,14,0.3570237039147085,0.2008887685004773
10,8,0.21708624148669647,0.5214787651868793,0.44993810949785595,0.09237071637993693,0.23517809534705136,0.12908443325923422,0.00014971281111044,0.00019237763374159,0.3,0.5,0.1,15,0.3747954078780616,0.1697981325243628
10,9,0.20489821724632817,0.5053978508906636,0.43801519944635364,0.09421549396681679,0.08134286509525208,0.13090207943724438,0.00016413355589171,0.00020383486526891,0.3,0.5,0.1,17,0.3277869559455806,0.2413763378958001
10,10,0.19897868668299168,0.4993217821444788,0.43786437817858187,0.0985136265264104,0.0590851772435025,0.13033065464509155,0.0001923474879094,0.00023877925992320001,0.3,0.5,0.1,19,0.3267308201700304,0.2419183293626188
10,11,0.19707094235387607,0.4886684873441363,0.4116542695980069,0.1026002020080013,0.05237380271710925,0.1302583167520286,0.00017771479041172,0.00022110342233257,0.3,0.5,0.1,20,0.380435805754251,0.2351317303598644
10,12,0.1968662745133671,0.4920821119727331,0.42254547776280205,0.10992094693797283,0.03942128380412263,0.1300128468367388,0.00017675323368392,0.00021995731513116003,0.3,0.5,0.1,23,0.3813845813643004,0.2318269885060057
10,13,0.183740061187886,0.4736467193178148,0.40819361646330826,0.11898662120349984,0.12356861499121513,0.12551692329848363,0.00017543548625488,0.00022353243810390003,0.3,0.5,0.1,24,0.297157351097514,0.2492739093172013
10,14,0.17450162683906886,0.461462926103921,0.4011443227573692,0.13358041528747747,0.046244130198278034,0.12052728122550109,0.00023530618006829,0.00021010004873894998,0.3,0.5,0.1,30,0.3371420249777009,0.2080019061062187
10,15,0.16484488781663476,0.4453832529078941,0.38917821091352905,0.13115536918658052,0.12195737200817738,0.1232250713104578,0.00026312981125008,0.00022088306631176002,0.3,0.5,0.1,31,0.3052601824673658,0.2081086951583648
10,16,0.16157204687480045,0.438738546460439,0.38144406798629127,0.13806785260222526,0.05070699318387364,0.12305622192642128,0.00028272614548769,0.00022339145669824,0.3,0.5,0.1,33,0.2892274740853223,0.1996553275303502
10,17,0.15913622380428274,0.4326072683064579,0.36779869224728057,0.13272331016293643,0.034687108434773246,0.1150440328445004,0.00024269668381082002,0.00023754150582867001,0.3,0.5,0.1,37,0.2850938181931221,0.2228457087610543
10,18,0.15548579675498714,0.43114243016710707,0.37970836881780645,0.14865402108197964,0.07722146185191812,0.11869632633630615,0.00033467773153197,0.00023173731954186,0.3,0.5,0.1,38,0.2718859959699621,0.2598483969437213
10,19,0.14984589792523983,0.42953720349328867,0.39847704135663325,0.17478243315043981,0.049752082035286624,0.1200769696592839,0.00032707290106286,0.00024787928310621,0.3,0.5,0.1,42,0.2517631413803062,0.1568582963120814
10,20,0.14846636504670876,0.4207286507432976,0.38104777820732855,0.17071740363797225,0.06536638000517045,0.12557700061407578,0.00023284431613454997,0.00030233363071329,0.3,0.5,0.1,43,0.2282927002390006,0.1737888659637504
10,21,0.1389557054891509,0.40884285831946315,0.38134663931566953,0.17708959576983105,0.07131434855848415,0.11849489707311774,0.00035628618734501996,0.00026195781936332003,0.3,0.5,0.1,45,0.2335405412212515,0.1749901361327073
10,22,0.13260007120037653,0.39595667862067496,0.3666231420394621,0.18010738290055256,0.07993507562974066,0.11289980094065899,0.00022018449521130998,0.00024023806071662998,0.3,0.5,0.1,46,0.3175624380663154,0.1473439157909058
10,23,0.12556007679788816,0.3706253752079889,0.33635193418753206,0.187230908580233,0.06331977724357751,0.1279792086067498,0.00038166437609019,0.00032401077335227,0.3,0.5,0.1,51,0.2104472215660771,0.1122403097881777
10,24,0.11424306099797513,0.3446253264564613,0.3131476562272649,0.1968894412050069,0.15564167823275546,0.12392507181116862,0.00058414493944552,0.00039555994118540004,0.3,0.5,0.1,52,0.1659920010175253,0.1343784664918524
10,25,0.11023538597951164,0.3263926033560716,0.28479956326205175,0.18716326141018602,0.10372151341959372,0.1281572770644692,0.000519310406778,0.00047105676672349,0.3,0.5,0.1,53,0.197220410115228,0.1267404824712114
10,26,0.10855534461032612,0.3311438728089692,0.3043392171211555,0.20768269949830181,0.039021602731739866,0.12412820018992483,0.00052082340237158,0.00041769539173203,0.3,0.5,0.1,57,0.1958678635260453,0.1176841579763947
10,27,0.09894532410670569,0.28990887694545653,0.24895589948715735,0.19917706499108395,0.12325808203484773,0.1333020210119277,0.00042063148181819,0.00028596876915387996,0.3,0.5,0.1,59,0.132283274127949,0.1169139129518628
10,28,0.0942179925261157,0.2845372804951439,0.25674159583563444,0.2350247877272787,0.0507487365681991,0.12786796953884574,0.00073767283937676,0.0005178494560426999,0.3,0.5,0.1,63,0.1413322420664513,0.1121313063566779
10,29,0.09124240960885276,0.28119210445185916,0.26666988807724684,0.2588051597965293,0.0447954124424578,0.1277045417048902,0.00058980784831227,0.00048037117617282,0.3,0.5,0.1,70,0.1450417059681086,0.1119194568735384
10,30,0.0897699191258381,0.2758151286472773,0.26040578473027354,0.2676571636056343,0.050036707553567566,0.12754761459900418,0.00067079323892061,0.0005508549157599,0.3,0.5,0.1,72,0.1460778161367098,0.1009335924608363
10,31,0.08566675229356305,0.2744078260261765,0.2662976543761536,0.2841407025328936,0.03574553135566976,0.11485543685225401,0.0006712574338440101,0.00049008969584756,0.3,0.5,0.1,77,0.1460318018800594,0.1011360651761581
10,32,0.08566425028621444,0.2748713743938766,0.2735498669368149,0.35775634265841344,0.037600784579005946,0.11776520263898312,0.0010205883975546999,0.00153587091549803,0.3,0.5,0.1,88,0.216070581495004,0.0933498628846127
10,33,0.0823317275624324,0.26527507244870235,0.26925679457712476,0.3722290470229881,0.05444649878325966,0.11845731363475591,0.0008825491306084299,0.00111278195477862,0.3,0.5,0.1,91,0.1806860362860667,0.0897256890310519
10,34,0.08359518194283644,0.265895820552971,0.2764399700059253,0.4017012086978505,0.04225647824734249,0.12817329762054303,0.00055238107037018,0.00041876026913264,0.3,0.5,0.1,98,0.1768285347335101,0.0750800014620939
10,35,0.08160134941008859,0.25969884781482827,0.2626207771485838,0.4119543183638307,0.03748651321040557,0.12189842673836343,0.00064113544535935,0.00047464181967509,0.3,0.5,0.1,103,0.1997664867299025,0.1011965175107136
10,36,0.08126341351750493,0.2558170300296712,0.26467255107419807,0.4223666472889343,0.0587770397719308,0.1284117382367739,0.0007034433123122199,0.0005220122474982,0.3,0.5,0.1,105,0.1688583747145915,0.1086425750293314
10,37,0.08069603369593918,0.26137353464208535,0.28497918844592224,0.4965885212409082,0.03927054934276685,0.12724074105998293,0.00107416369420838,0.00042120091317748,0.3,0.5,0.1,118,0.1871393560270213,0.0910383418598838
10,38,0.07492661001266501,0.24781810549527708,0.26974545559653107,0.48262092070146245,0.05644072377665977,0.1161004123454902,0.00096845318714513,0.00054910115090638,0.3,0.5,0.1,120,0.185560523557939,0.107643884638993
10,39,0.07485448639020821,0.24757197915997892,0.2694619930809306,0.4862730884729443,0.03628941642625861,0.11603134109090835,0.0009708861533843901,0.00054701632617726,0.3,0.5,0.1,121,0.1976309015343611,0.1075782621581359
10,40,0.07403155779620549,0.24764536007299495,0.27644995166280323,0.5005595208063203,0.0501576098881258,0.11602543813591527,0.00097059812954479,0.00054866225615893,0.3,0.5,0.1,122,0.1858804643825931,0.0970618555427353
10,41,0.07196738268338974,0.25959897647140917,0.3250047712825139,0.5480616198582222,0.036399261897143695,0.11400184055340931,0.00066493219833899,0.00098768477904537,0.3,0.5,0.1,135,0.1545916809663017,0.0722255073320623
10,42,0.0735852069856795,0.27504492871854996,0.3702932004054774,0.6878813016143419,0.03677596534496159,0.12035014158974178,0.00066655214389776,0.00099973592873796,0.3,0.5,0.1,158,0.1550532653876545,0.0719839977079555
10,43,0.0752442744511749,0.28004784084403395,0.38272864560457553,0.7510251518500669,0.03863301833946947,0.12637251011877132,0.00064399458728234,0.00092766488355472,0.3,0.5,0.1,169,0.1512753378524324,0.0785070948636204
10,44,0.07478385353824317,0.26433960446322186,0.33688474545411884,0.7582021533768583,0.0383083201107277,0.12521387274759047,0.0006498843851425399,0.00045978450240481,0.3,0.5,0.1,174,0.1757404781732729,0.0876440604802486
10,45,0.07347105350508615,0.2576478235346136,0.3290556200462752,0.7751582304016655,0.05236203722544576,0.12576020929900766,0.00072216078958012,0.00048505881473217004,0.3,0.5,0.1,176,0.1637838395842617,0.0917685342307568
10,46,0.07309396395609984,0.2595086008891499,0.33812069821249746,0.7821312404704706,0.04203346137445773,0.1258702985783553,0.00071950867677542,0.00046232514859357,0.3,0.5,0.1,178,0.1764078230183434,0.087277843678082
11,0,0.9431655719008564,0.9811791130512624,0.9780742557914645,0.14412873979155125,0.0,0.0,0.0,0.0,0.3,0.5,0.1,1,0.9958437412147616,0.7596908700388042
11,1,0.7821645843701248,0.9349641518006433,0.9203822925092305,0.1523975647624809,0.1668377249908462,0.0778194371698391,1.754155280119e-05,1.463755218458e-05,0.3,0.5,0.1,3,0.8797031512390117,0.5489347684964168
11,2,0.4882195619015093,0.7831540030190521,0.7424783961726916,0.11726546713091981,0.6821468866864419,0.09874301094874366,0.0001672101760943,0.00013118813950056,0.3,0.5,0.1,4,0.5425929145238167,0.2379840071894365
11,3,0.3774187229986082,0.698684483348305,0.6440592022160763,0.09955388240702034,0.20420222436309313,0.09911325034119436,0.00012956939520618,0.00010734194410419,0.3,0.5,0.1,6,0.3767756012491388,0.2043743240121191
11,4,0.3661435406208995,0.6926211678234794,0.6436513293531474,0.10881759144735612,0.0545443289911638,0.10405863585082846,0.00014536670885403,0.00013535822939146999,0.3,0.5,0.1,8,0.406346339658506,0.1799193159216527
11,5,0.29995731080370763,0.6268853607662928,0.5665230285279163,0.095166157650418,0.17705066729351474,0.11511721496083036,0.00015368404335891,0.0001442651008668,0.3,0.5,0.1,10,0.3427680507877554,0.2814135698350831
11,6,0.29978227860110634,0.626702468627139,0.5663262360318291,0.09731664223737187,0.03487566814228815,0.11479020364198919,0.00015290549167651,0.00014289528224147,0.3,0.5,0.1,11,0.342545993365047,0.2796971810939332
11,7,0.29986353521578174,0.630478192633972,0.5775872534491725,0.10130667230547424,0.03549618292985856,0.11558287575158313,0.00015808153376576,0.00014846578729899002,0.3,0.5,0.1,12,0.3439396941549988,0.2890942927520772
11,8,0.2995842460036246,0.6301831365268589,0.5772646947756952,0.10351348178873598,0.03532854874142788,0.11515742717349513,0.00015710639654227,0.00014682116796265,0.3,0.5,0.1,13,0.3434039683236649,0.2856251842041635
11,9,0.2829878113404996,0.6115531682242151,0.5557865770692489,0.10130015487432482,0.0688945363565354,0.11051491990377649,0.00020365793254269,0.00018939333251245,0.3,0.5,0.1,15,0.3034348567775006,0.3607842531259567
11,10,0.2650522888004982,0.5827562675980024,0.5078912056479127,0.10334037532167623,0.14244272186399337,0.12132467279274882,0.00030331978341782,0.00020604328549159,0.3,0.5,0.1,16,0.3191570145653268,0.245043581860864
11,11,0.24571629271927597,0.5566419096073084,0.4774661320812343,0.10079977314690726,0.14073903138101582,0.12142239002396768,0.00028091069457235,0.00018623420556055,0.3,0.5,0.1,17,0.2186612163202777,0.2571033197996452
11,12,0.2456925423963085,0.5602013859913251,0.48851769535038514,0.10279575910247735,0.0366126044591999,0.12132467279274882,0.00030331978341782,0.00020604328549159,0.3,0.5,0.1,18,0.3158029459065085,0.2634369179950678
11,13,0.23650494942402148,0.5458516562361125,0.4710251504280113,0.10966090788767849,0.12119559838107136,0.13679157944735573,0.00040111777472894,0.00032926781570091,0.3,0.5,0.1,19,0.2633679521791519,0.2530088779448985
11,14,0.22884175432210233,0.5401636547770337,0.4720181250916162,0.10861799488193674,0.05671145777369258,0.12268822793490633,0.00019502244887343,0.00019731627990576998,0.3,0.5,0.1,20,0.2228606901080026,0.2992497412763654
11,15,0.21145448252150917,0.5172712252817904,0.4463925601145411,0.09252933865265932,0.09874938775542275,0.1015487137116559,0.00022872064327393002,0.00020135432420556,0.3,0.5,0.1,21,0.2797145155989288,0.2048239309383894
11,16,0.17439725166376677,0.4521568637189449,0.3699800480170927,0.0819454484705413,0.31635432376909756,0.11283859453986086,0.00020355007399685998,0.00017910416391758,0.3,0.5,0.1,22,0.1787001273984385,0.2042776786605868
11,17,0.11559597483312901,0.3124496609260824,0.20673216592106347,0.04773576235661344,0.3312571713367983,0.12282881447662354,0.0001874803233488,0.00019176911955394,0.3,0.5,0.1,24,0.1066452260541806,0.0686126897735995
11,18,0.1155959745469149,0.31244966099402427,0.20673216598900537,0.05030591098639204,0.03696160666785863,0.12282881470351974,0.00018748032277447,0.00019176912115594,0.3,0.5,0.1,25,0.1066452269163835,0.0686126896588503
11,19,0.08761600908862643,0.22727784358374262,0.12129422319827908,0.037081939533344606,0.16455775312087387,0.12318340700946175,0.00021133648282007,0.00021249189096049,0.3,0.5,0.1,28,0.0597317042846465,0.0449144317960728
11,20,0.07949741740156088,0.20125755285802416,0.09131660887254267,0.06662187331209993,0.044944136415522744,0.11638779161007554,0.00022939623111636003,0.00018863122517712,0.3,0.5,0.1,38,0.0910874296126485,0.1452104711258139
11,21,0.0699665292256989,0.17057373604198967,0.06279750007100462,0.06402515712417954,0.09997669211568513,0.1098109506044166,0.00024286290548629,0.00019059554918804002,0.3,0.5,0.1,40,0.0783690264910278,0.1239262451302779
11,22,0.07353055509625457,0.20835655553632182,0.17511253411177738,0.23425282288281077,0.03791566441692892,0.12432142376803985,0.00027809504902641,0.00030672172098597,0.3,0.5,0.1,74,0.0662535098120972,0.2369629189302487
11,23,0.07195642758181045,0.20536649977670499,0.1785559935167307,0.24941545496131964,0.04407128012225963,0.12362896218610804,0.00040812556296656997,0.00024367125030990002,0.3,0.5,0.1,78,0.0726094738765619,0.1728826287426996
11,24,0.07194085168292667,0.2127151406571742,0.20092133694045086,0.2841589404704643,0.03736584919925752,0.12362880136136586,0.00040843979947596,0.00024621441756875,0.3,0.5,0.1,84,0.0725221059055348,0.1726202190273318
11,25,0.07134880130072115,0.21065289037117277,0.198550223912673,0.30212107173252867,0.039064309056368235,0.12312432398958259,0.0003283282958346,0.00025977225428606,0.3,0.5,0.1,88,0.0682088248116241,0.1890734778871662
11,26,0.07026209782609791,0.21649330215560084,0.2260528927020098,0.34011936297201883,0.04032229041739702,0.12320531271909724,0.0003798307496682,0.00023719975603911,0.3,0.5,0.1,95,0.086123581192264,0.1912140433810935
11,27,0.06900791294552434,0.20760101188789964,0.20882698466326974,0.31551240734176184,0.05744118369857445,0.12203522523986352,0.0004919479761702099,0.00103139940991027,0.3,0.5,0.1,96,0.0930460617965563,0.2447901682056822
11,28,0.06728578882195846,0.1997099290226996,0.19965544665443666,0.3490753572426831,0.04140415047714955,0.1217820656096001,0.00039189639468904005,0.00099862839503397,0.3,0.5,0.1,103,0.1017221908311879,0.2123815457549598
11,29,0.06727606756607958,0.20337328059408188,0.21082536014588169,0.363438420854978,0.0369289367091092,0.12178058355477701,0.00039213305005617006,0.00100161175976714,0.3,0.5,0.1,105,0.1015307574071012,0.2124061912645205
11,30,0.06716040049204149,0.20269163247541858,0.2100266369276243,0.3862401635726299,0.03727669455511603,0.1218746365938942,0.00039258513784511,0.00099846637294167,0.3,0.5,0.1,112,0.1022805321632401,0.2119671007825933
11,31,0.06712836777753722,0.20255860390697727,0.20987271412321562,0.3974027895462559,0.0371134076128374,0.12184974027202658,0.00039406781053953,0.0010016586982108,0.3,0.5,0.1,114,0.105974675394471,0.211136650762262
11,32,0.0667981401054836,0.2045887966486635,0.2191381537328677,0.4116774054902901,0.0403533867061423,0.12188699666211526,0.00039400064254616003,0.00100284986204363,0.3,0.5,0.1,116,0.0973390920357151,0.2124355928997046
11,33,0.06675852471659569,0.20811950075454697,0.2301542243233073,0.42264151081438345,0.037223104826427614,0.12187635115830521,0.00039242965654091,0.00100134305814349,0.3,0.5,0.1,118,0.0957727972613609,0.2124361526539072
11,34,0.06657342253543064,0.20638193276532127,0.22809616422626902,0.4867255083876981,0.037867019200161604,0.12276391041301703,0.0004191487582291,0.00025704601901165,0.3,0.5,0.1,128,0.0810901514093484,0.1848479349326815
11,35,0.06633434215965689,0.2014701596726642,0.215471864683941,0.3921419141871367,0.0380525235248525,0.12276391022051034,0.00041926078680339996,0.00025704601340205,0.3,0.5,0.1,133,0.0792781598217767,0.1839488160513024
11,36,0.06618101901127307,0.21186329069498538,0.2482873954139478,0.5322379962404996,0.03734015136188716,0.12268389097305116,0.00045090063353913,0.00026607048068833,0.3,0.5,0.1,144,0.0986675648770482,0.1979217045096745
11,37,0.06485641689068694,0.20515245111244226,0.2404702052205244,0.5380509337198451,0.0646229452678644,0.12257912894635602,0.00050525161773195,0.00026532984332171,0.3,0.5,0.1,145,0.0849550492826218,0.1994659672645935
12,0,1.0,1.0,1.0,0.1493741180123649,0.0,0.0,0.0,0.0,0.3,0.5,0.1,1,0.7512946644302961,0.7553220928036443
12,1,0.8421275223162086,0.9635835747080332,0.9525392345633275,0.16554939595943996,0.16860501025743713,0.10173503179213075,1.806659977274e-05,2.5021892736409997e-05,0.3,0.5,0.1,3,0.6583691343030051,0.5493105570187297
12,2,0.4751846919144357,0.7742893872878571,0.7321330700780894,0.11487513421684112,0.8077287273058491,0.0989296526837541,0.00024396007576038,0.00029789190312578,0.3,0.5,0.1,4,0.4351324408996769,0.2219932747795621
12,3,0.4620342000923345,0.7686877665841224,0.7325587237654564,0.12386785570366558,0.048124748114615916,0.09792488881983688,0.00024732532841681,0.00031581615419911996,0.3,0.5,0.1,6,0.4054355711092729,0.2075045795576326
12,4,0.4431536920666745,0.7550865192603394,0.7166514461292515,0.12522361593617837,0.044326102339918384,0.09906605939492218,0.00031658966937153003,0.000319763647365,0.3,0.5,0.1,10,0.4579854676228265,0.3271613490362172
12,5,0.4170547130500005,0.7350904713144848,0.6934055725380247,0.12170767173770095,0.1108631569487624,0.09817220507714536,0.00025771065995494,0.00033051442954574003,0.3,0.5,0.1,11,0.4462635483970348,0.2444816863670439
12,6,0.4128879390393718,0.7354891544417381,0.7007885697712072,0.1256848976402528,0.04277200042049571,0.09771363077991754,0.00032244735321866,0.00039065007950468006,0.3,0.5,0.1,12,0.4157910848983403,0.2550448540566852
12,7,0.39449156895549237,0.7209872446221111,0.6834652739758353,0.12461793719867173,0.10265562878420893,0.10615064778752742,0.00042960092030975,0.00055096402738376,0.3,0.5,0.1,13,0.4907502385186657,0.2306813849752216
12,8,0.3667838583303127,0.700747189968373,0.6667138542102898,0.1286195097462311,0.13322544573814427,0.10811951195943581,0.00020255654177366,0.00030177635538586003,0.3,0.5,0.1,14,0.3689070865368058,0.1789270775921644
12,9,0.3540249418991938,0.6851908620049865,0.6420856808488327,0.12615485589192585,0.06910461119735392,0.09999518936064676,0.00026271717839433,0.0003269602364711,0.3,0.5,0.1,15,0.4043217742670946,0.2076430978415647
12,10,0.3398517222930552,0.6793131751836918,0.6486969092325683,0.12810234325472894,0.09576554030269473,0.10698148028143967,0.00026208240006883,0.00033966222191957,0.3,0.5,0.1,16,0.2949558016230076,0.1477052151721901
12,11,0.3105341894705617,0.6422273234477488,0.5917098448404566,0.12239717259812265,0.153958465368317,0.1065495125690022,0.00026544955502104,0.00032992538828915003,0.3,0.5,0.1,17,0.360246794359317,0.1887613947309254
12,12,0.299229000480195,0.6337934319536902,0.588838353790084,0.12305224527769819,0.08064623495589959,0.10537392052272336,0.00033193969382398,0.00040236706239671,0.3,0.5,0.1,18,0.335854593767126,0.1761346907399466
12,13,0.2898523144089307,0.6232663109860156,0.5764706100203205,0.12161428512829808,0.07845310949332632,0.10759780388009324,0.00026735975188281,0.00035601800600134,0.3,0.5,0.1,19,0.3196132276713641,0.1393117229789903
12,14,0.28346328116911046,0.619658865332887,0.5791667712010694,0.12564946836423752,0.06276756072591705,0.10736058010095907,0.00042113938035616,0.00051043389653011,0.3,0.5,0.1,20,0.332865652811826,0.1650454972101571
12,15,0.27081810216328894,0.6045544665970279,0.5614793229618364,0.12463779331201688,0.09758668717961523,0.10934672809874753,0.00034818209393213,0.00045094832158415997,0.3,0.5,0.1,21,0.3113311568564901,0.1209628221022485
12,16,0.26989705158251953,0.6033022087112142,0.5599217167792656,0.12300767879070053,0.04125452667031779,0.11117039433941511,0.000427705864573,0.00057031731670012,0.3,0.5,0.1,22,0.3267222590901561,0.1174720526986504
12,17,0.267416439285438,0.6039632118003069,0.5675882860378085,0.12949735175365698,0.046382055811443675,0.11132051550376393,0.00041132260786867,0.00054827629777783,0.3,0.5,0.1,23,0.3190070317813796,0.1177087368126831
12,18,0.2329328569497523,0.5623681734412953,0.52609102294778,0.13347981168788334,0.12602699200450904,0.11047249265749116,0.00027277007051851,0.00030242331367647,0.3,0.5,0.1,25,0.3087995637917051,0.1826658619809499
12,19,0.206838617045965,0.5264228419634942,0.4909271101330769,0.12326210050148993,0.11863808511872848,0.11406729373165513,0.00040167709727356,0.00044465703898013997,0.3,0.5,0.1,27,0.3073450291478672,0.188208412950187
12,20,0.20371754233830522,0.5213408449939096,0.4849873472645749,0.12790982864763212,0.05603169436618276,0.11446786692597405,0.00039432009109077997,0.00045814410245173997,0.3,0.5,0.1,28,0.3086148657445076,0.1866979398273872
12,21,0.19436462498884552,0.507079906391426,0.46866837287070057,0.12563462848549262,0.058522859225608716,0.10873073056611182,0.00029331531594568004,0.00031642416457485997,0.3,0.5,0.1,30,0.2590867508798142,0.1420870740962342
12,22,0.18852429995879838,0.4967065214965993,0.45645635446321065,0.14241172315480868,0.08015689422991733,0.11123066006367384,0.00032281636860526997,0.00038827477187481,0.3,0.5,0.1,31,0.2792737076275083,0.1418677795306246
12,23,0.17740579605082452,0.4803998280351128,0.4443667847641509,0.1236821636452267,0.11538350667971707,0.11103555103375166,0.00037568553788641,0.00040794076588380996,0.3,0.5,0.1,32,0.2570088592744207,0.1649734109191475
12,24,0.1732252922299001,0.4682936095907443,0.4232508700666967,0.13291762886780942,0.07158787103564154,0.11322811560315,0.00039357614771831,0.00042857921222845004,0.3,0.5,0.1,33,0.2551735828007686,0.1502027733127967
12,25,0.14803124714374488,0.42499609889776485,0.3866987889379467,0.12355200289934876,0.24151023043086536,0.11174423823456166,0.00029464110739032,0.00029804668198586996,0.3,0.5,0.1,34,0.1919478394676736,0.2072757688012559
12,26,0.14416113910532988,0.4209568059812669,0.3819158885981296,0.15229043761033523,0.04750018132541863,0.11340553658684224,0.00024478160520878,0.00024670277173915,0.3,0.5,0.1,37,0.1754860760438103,0.1380220502053862
12,27,0.11891613086997865,0.35313526114189514,0.30293789902615603,0.13311932532534587,0.1623936956607332,0.11274380526736835,0.00025224082175099997,0.00025355439780548,0.3,0.5,0.1,39,0.1570995760492455,0.1307490414908342
12,28,0.11765403241449673,0.3573838793235396,0.32171933700992844,0.1608881822233562,0.036909065701006695,0.11219718911400303,0.00025080071829988,0.00023562101022567001,0.3,0.5,0.1,43,0.1509605100491795,0.1373159197967143
12,29,0.1164389897126527,0.36098482967462386,0.33967677428058685,0.17490890392944905,0.042469795544655325,0.11299429739050211,0.00027662560206161,0.00026006687586924,0.3,0.5,0.1,45,0.1583532299262022,0.14037243175958
12,30,0.11339180633228317,0.34883265808299174,0.31863310317037,0.16832031388285246,0.04544514908235952,0.11267700847971096,0.00027765419758159,0.00027046794831576,0.3,0.5,0.1,48,0.1547152472253501,0.0786783176018343
12,31,0.11131999923315394,0.3500473101584231,0.33383301800622805,0.19419199347826818,0.06018562098003441,0.11308903510502243,0.0002748010364153,0.00023284041670261,0.3,0.5,0.1,49,0.1558663702830812,0.1290515208496982
12,32,0.1106676596756389,0.34813495094073127,0.3316048006417075,0.20014678071603287,0.04198675860629856,0.11309526624259046,0.00027547759645712,0.00023367005983999998,0.3,0.5,0.1,50,0.15575059010558,0.1292285589676645
12,33,0.10908879736100444,0.3490869082995946,0.33977436346710893,0.2175518653760924,0.034631742386768846,0.10948958808051137,0.00046997669242658004,0.00048044804943872,0.3,0.5,0.1,55,0.158695145357032,0.0957638621227739
12,34,0.10840590396780544,0.34948008984700535,0.34702118927143033,0.23016851530060445,0.042207249652576835,0.11189884396828938,0.00043359409100392004,0.00031035777888893,0.3,0.5,0.1,57,0.168932344283453,0.1043519245345086
12,35,0.1051282272979557,0.34186483422203423,0.33832938872189333,0.21422931053920566,0.05993464033052049,0.10847706206063369,0.00031180887127025,0.00029062214241685,0.3,0.5,0.1,58,0.1324936598187687,0.0884292743784396
12,36,0.09991983096371157,0.32223971330826695,0.32185933007401624,0.23268256114798258,0.05748941170305789,0.11877196935458052,0.00031202129279847004,0.00029539113411074003,0.3,0.5,0.1,63,0.1351832913698981,0.0839912659884418
12,37,0.08932394494792677,0.29290876357601475,0.2948298907030029,0.23409141743737744,0.06695946383442494,0.11391847465463491,0.00032163342248151997,0.00038251206700467,0.3,0.5,0.1,67,0.119026456025937,0.0873991367915582
12,38,0.08860216681659241,0.2936765092421503,0.30260663339751925,0.2511164420853744,0.04081346889083291,0.11431652382046631,0.00032338255561789,0.00038435192076794,0.3,0.5,0.1,69,0.1172733969836773,0.0880100054720884
12,39,0.0882387910927287,0.2923492704092916,0.3010606214730003,0.2649532337384771,0.035861518467752304,0.11427051952373118,0.000348982062867,0.00038284427656722997,0.3,0.5,0.1,73,0.1197105349052262,0.0878945057662139
12,40,0.08687086242283179,0.28763163338028375,0.29558516435923365,0.2742057799821489,0.05332384611542319,0.11386346473122284,0.00034480829618044,0.0003847279705965,0.3,0.5,0.1,74,0.1166847135960115,0.0838818612393419
12,41,0.08721114910006277,0.2871753928356916,0.29494944541958934,0.3136018712805472,0.0372433080030404,0.11587526202241867,0.00038758885903423,0.00045424242165778,0.3,0.5,0.1,76,0.1248477768086716,0.078170152988271
12,42,0.08504191478250564,0.2869261067419074,0.3084940161776409,0.3136869080790765,0.042537330764171516,0.11520196160627322,0.00040870627527614,0.0005177157671256,0.3,0.5,0.1,80,0.133376537666824,0.0749628727649092
12,43,0.08536099863816857,0.28712222233921975,0.30866231537806454,0.34349882907283724,0.03536034671851241,0.11635689445127081,0.00043405033466333996,0.00057331047445718,0.3,0.5,0.1,84,0.1190496279341908,0.0722983520149246
12,44,0.08455706578533959,0.2884611902757126,0.3171658677668138,0.3602590529411411,0.039296144745649325,0.11559440076806322,0.00039893091683964,0.00052237320403223,0.3,0.5,0.1,86,0.1243581570978914,0.0739112313283626
12,45,0.08405872935406526,0.2939335131942274,0.3373436317427027,0.3777837816640305,0.03655896639005124,0.11560549822471611,0.00040981468771781,0.00054116202613826,0.3,0.5,0.1,91,0.1252354350284704,0.0744367661374599
12,46,0.08411035720322392,0.28973095756491224,0.3255046888557968,0.3746799359573331,0.038319381725462516,0.11636100357068055,0.00045044098164366,0.00054949022799326,0.3,0.5,0.1,92,0.1237202257555603,0.0651112238524789
12,47,0.08227110632257773,0.28915556177998103,0.3319017565523474,0.48373855558758694,0.035128345396588156,0.1129989633424413,0.00047600903298502,0.0004955276751249,0.3,0.5,0.1,111,0.1234274372316184,0.1091480058697928
12,48,0.08095586479855683,0.2991243065491494,0.37114107885169906,0.596189271848462,0.03488819762680338,0.11262467793767206,0.00049019532462135,0.0005061202256083799,0.3,0.5,0.1,129,0.1235799376230357,0.1079385762903437
12,49,0.0812380668565799,0.30001560349568906,0.37216676185261977,0.6154392688665868,0.03491934043002372,0.11290139048445322,0.00047978485270418,0.00049478136291766,0.3,0.5,0.1,132,0.1221093481129198,0.1085033986559751
12,50,0.18082442556363715,0.399380005128282,0.4714821770848733,0.7510083062915636,0.134338378906452,0.11182554942968946,0.0005469070129557201,1.0,0.3,0.5,0.1,134,0.117806628625604,0.12182558971935
13,0,0.961468528721043,0.9873567764253498,0.9852710988692541,0.14585045254344722,0.0,0.0,0.0,0.0,0.3,0.5,0.1,1,0.912646890956233,0.7540259584169704
13,1,0.7808812994595269,0.9365487409733627,0.9216230696359953,0.15548478086317694,0.1875450266897477,0.09004237758893824,1.97544396476e-05,2.145181911544e-05,0.3,0.5,0.1,3,0.9161840178664364,0.5545500628955955
13,2,0.46099000234019527,0.764303962852256,0.7205093742488016,0.11205405571338538,0.7515937390056663,0.09881665141559753,0.00021637076483267,0.00022801463586082,0.3,0.5,0.1,4,0.496561582205981,0.2210816952255037
13,3,0.4368232176150054,0.7503419002654664,0.7111355161473613,0.11897836483793775,0.06642310373418815,0.09900000527180362,0.00023550207390759002,0.00023266062039474,0.3,0.5,0.1,6,0.5048276352728016,0.2189805459095669
13,4,0.34427651647473934,0.6723085673431775,0.6202778930128382,0.10308679466302577,0.18986872973186156,0.09824790378703421,0.00012338474504678998,9.20168739058e-05,0.3,0.5,0.1,8,0.3973564992033767,0.163423484337697
13,5,0.32446035267654516,0.6566486559284933,0.6085711542232184,0.10533128088157909,0.07628242765068366,0.1055068918803349,0.00019094994963674,0.0001391639475539,0.3,0.5,0.1,10,0.4018649240403027,0.1509388857762413
13,6,0.30392293686049315,0.6317339657593931,0.5732260281638264,0.10832898974493012,0.040385978799640704,0.09360082243519596,0.0002818192620037,0.00012994231672388,0.3,0.5,0.1,16,0.4125208461336996,0.1947975780779539
13,7,0.2945086470267252,0.6360244901969752,0.6052833172734078,0.11323317928231269,0.08885432000231991,0.10456947428975387,0.00033659778190685003,0.00028350521323536,0.3,0.5,0.1,17,0.3812287300010869,0.2397333524739484
13,8,0.29425773545184714,0.6320137441796776,0.5936775316497356,0.10527650147675009,0.033776168889105666,0.10524111412107617,0.00031613298176015,0.00025935149086091003,0.3,0.5,0.1,18,0.3854210955928105,0.2102517443694867
13,9,0.25324343419031964,0.5795693682368059,0.5259104313333516,0.11398406254343726,0.22559393006727574,0.10066661911737011,0.00025549006209936,0.0002702273131498,0.3,0.5,0.1,19,0.357282306127047,0.1152610923779503
13,10,0.24073880289402674,0.5632234189045369,0.506919884818708,0.10579382675387825,0.06309303589609441,0.09961086413873599,0.00026150203624093,0.00025845084605907,0.3,0.5,0.1,21,0.3221661189364623,0.1337300594585775
13,11,0.22524915560758757,0.5383226209479978,0.4711429100964965,0.10195502629013865,0.11328035945804009,0.0967864010525719,0.00033088203060079003,0.00026687208269024997,0.3,0.5,0.1,22,0.2792104831981996,0.1612484182442855
13,12,0.20049127792902655,0.4996706207970409,0.4257936523444639,0.09523885603531662,0.1986275934899562,0.10336493429791721,0.00029943213583119,0.00014240211150606,0.3,0.5,0.1,23,0.3338141651894968,0.1289666941780299
13,13,0.1991604579205436,0.5011559003980621,0.4344083773712816,0.10399832186016926,0.04090671015968335,0.10372830533961783,0.00029440859981767,0.00015458869309741,0.3,0.5,0.1,24,0.271032790639198,0.1722444011799476
13,14,0.179979280832447,0.47172576424374657,0.4069512313575859,0.10262395032692337,0.17028505918127188,0.10506410704382978,0.00038316872944769,0.0001997406845401,0.3,0.5,0.1,25,0.2687920508355637,0.1711134797567578
13,15,0.15989635198116886,0.43865487989057633,0.3755135417409738,0.09732615784172416,0.08007798224760262,0.10134943088800685,0.00034832585342769,0.00020529962436039,0.3,0.5,0.1,28,0.2089757280196575,0.124038680146881
13,16,0.15995856340223202,0.43224216573654234,0.3607367428134659,0.10744383723179744,0.04298705177683517,0.10952038807887109,0.00034771554528054,0.00018155421533916,0.3,0.5,0.1,30,0.2534796324244995,0.1791609361143963
13,17,0.14722916768693625,0.41934433345927485,0.36679778399952656,0.11375491314012924,0.07593346287883987,0.1018687740201874,0.0003275564360261,0.00020620375229203,0.3,0.5,0.1,32,0.1943418490145696,0.1196475456335997
13,18,0.14437208356929937,0.4037475809871249,0.33458785123335266,0.10017948853341603,0.07111910251514693,0.10681639191155463,0.00023205556327815,0.00013225112437025,0.3,0.5,0.1,33,0.1988080810337778,0.1355346494345332
13,19,0.14226725090760978,0.4119133505509687,0.3650431096750773,0.11366980729390222,0.03698610259572592,0.1018687740201874,0.0003275564360261,0.00020620375229203,0.3,0.5,0.1,34,0.1889170133464982,0.1241343614470926
13,20,0.11050098155775494,0.3203475003705998,0.24420642575930315,0.09037978750801155,0.3897203298638078,0.10904232294076978,0.00039600086863226006,0.00022107495319951,0.3,0.5,0.1,35,0.1784539783213166,0.1215238673669165
13,21,0.10766567486145362,0.31205948422125157,0.2345484641632477,0.08808748935658353,0.06758262544029553,0.10909868794473279,0.00039447363706846,0.00022217296780254,0.3,0.5,0.1,36,0.1696509756154677,0.1148845394904232
13,22,0.09788795111399112,0.28824679966170746,0.22057786122362785,0.10154972139811483,0.07602600927831202,0.10989000230844367,0.0003365982006721,0.00019636204634237002,0.3,0.5,0.1,39,0.159597104826763,0.0960182631401663
13,23,0.08913980160236233,0.25810774684791105,0.18545417327251595,0.102499917184933,0.07477514892679034,0.11008334699880057,0.00036755523587058,0.00022762464560431,0.3,0.5,0.1,42,0.140080205889036,0.0816125760786235
13,24,0.0877006952434562,0.2563153261434276,0.1902491408715269,0.10971957832347672,0.04493724329150862,0.11047400954132124,0.00036526555626133,0.00022609459785303998,0.3,0.5,0.1,44,0.1412581925580102,0.0783352179622484
13,25,0.08722576357222274,0.25839082151511206,0.19957546469091478,0.11798823142652311,0.03660600641339153,0.11034837625311884,0.00036567822355404,0.00022641530690168,0.3,0.5,0.1,46,0.139626745619967,0.0782213498066953
13,26,0.08440837991788237,0.2514026681372604,0.19831983999967787,0.13283328414065534,0.04461723167898653,0.11047768941112251,0.00048791512277812003,0.00024955313021476,0.3,0.5,0.1,50,0.1698453475947065,0.1022919482782237
13,27,0.07648245409060174,0.21742212316064438,0.1518887925237948,0.13145895242042582,0.15668573716913775,0.10950227278696234,0.00038169087969497004,0.00022289823426737,0.3,0.5,0.1,51,0.1857848846405123,0.134158436452503
13,28,0.07028547141329963,0.1948317389845899,0.12577299346664791,0.14258386159092845,0.04937945976889831,0.10539769790800013,0.0003917259039998,0.00028455825121548,0.3,0.5,0.1,56,0.1163393961011166,0.0895672969665582
13,29,0.06922393649041829,0.19415856277831378,0.138633264547074,0.1435474512294188,0.0702627033648643,0.10837815250645248,0.0005324763702353899,0.00033376827115116,0.3,0.5,0.1,57,0.1371835803181973,0.0729293336705381
13,30,0.06449989972287341,0.1712923858645543,0.1052185223186645,0.14440722633114267,0.10815222101699341,0.10609795828654806,0.00038682939577752,0.00027383170414752,0.3,0.5,0.1,58,0.1122142306989042,0.0818884138821343
13,31,0.06366425035177954,0.17118258001446143,0.12549593618917612,0.18194861667034867,0.03983419264351365,0.11192250688071846,0.00053336163019116,0.00033313271778744,0.3,0.5,0.1,67,0.14063044342247,0.0865281818767973
13,32,0.06164333525318277,0.16460032283443216,0.12472693456276895,0.1817795428346067,0.0764327110802441,0.11196531552745219,0.0005438032311693,0.00033950480828866,0.3,0.5,0.1,68,0.1397335112543196,0.0850430831014504
13,33,0.060674383060743735,0.16722957530988142,0.14160306356806174,0.21174942480439773,0.037100146098550724,0.11181237824224408,0.0005315940588541299,0.0003320101220015,0.3,0.5,0.1,74,0.1388355279689261,0.084504136283546
13,34,0.059224768527157794,0.16355181617061065,0.13747080817027385,0.21702474782398498,0.04428504787097578,0.10877013914337595,0.0005132511415429401,0.00032266287925976,0.3,0.5,0.1,75,0.1660677280488953,0.1146205372694374
13,35,0.059426015394813216,0.16636049955473223,0.1475689438036377,0.2580248991035057,0.033851878345119484,0.10980491136556901,0.0008092456932888001,0.00035261208308848,0.3,0.5,0.1,87,0.1643246816972216,0.1032255773633798
13,36,0.05892188476396192,0.16770620702772024,0.15605056023971095,0.2608983809900113,0.03803918773425474,0.10957860061943359,0.00080408476148656,0.00034892584594167,0.3,0.5,0.1,89,0.1548645088284152,0.0981646990701444
13,37,0.05835961668316586,0.17642605393717173,0.18693773147943704,0.3057076520731821,0.034743747689391216,0.10919565720274373,0.00076856469764357,0.00033337634538926,0.3,0.5,0.1,95,0.1601111945721206,0.102521804026381
13,38,0.05570625737254573,0.15838570845859687,0.15225777484436365,0.3441941398205708,0.03735762673613922,0.10633396813289653,0.00073956959993467,0.00051947649572003,0.3,0.5,0.1,103,0.1385924836510247,0.1142266269195665
13,39,0.05434685956737803,0.1488144293060058,0.14103644327280904,0.35920607631893203,0.07401144115343161,0.10773393286660612,0.0007610347879488,0.0005206776828976,0.3,0.5,0.1,104,0.1431670223825401,0.121923707571372
13,40,0.05382980254806322,0.14378920223096261,0.1418846943390349,0.35922187107820946,0.044221852668962336,0.11173139200149895,0.00078255529614869,0.00052946183883917,0.3,0.5,0.1,108,0.13140216194048,0.1164411987285104
13,41,0.050860451394252645,0.12547236249044558,0.12053019524042739,0.3649074611273267,0.07203663501935965,0.11206057572560123,0.00077741877606261,0.0005342459753199401,0.3,0.5,0.1,110,0.1335990459406973,0.1208414235200011
13,42,0.05082745911244791,0.12357888362922206,0.1182707075560327,0.3899996032705629,0.03743614594899835,0.11314087911514112,0.00077961595795061,0.00053385114435233,0.3,0.5,0.1,113,0.141836712266746,0.1257975509336139
13,43,0.051168468228693816,0.15883386144510403,0.22823730396704664,0.4422758961627697,0.035588788217787146,0.11576057672528912,0.00077444171988383,0.00037079202684358,0.3,0.5,0.1,138,0.1225642053145807,0.1334570201107688
13,44,0.04873385042182285,0.15058622195422033,0.22564147451878594,0.48114167039694555,0.05770808096299222,0.11353621598574054,0.00077606128048058,0.00035682856155881996,0.3,0.5,0.1,140,0.1188212263291639,0.1503671894392157
13,45,0.04736487340216003,0.15084281131357535,0.23979759441894294,0.47100269815311485,0.048325634562669716,0.11246831566183595,0.00077079206868931,0.00038803729451229003,0.3,0.5,0.1,142,0.1211236932147107,0.1186853505791436
13,46,0.047351563846755006,0.15076335380296374,0.23970524094514464,0.4709797435431115,0.03432698459091634,0.1124626607048497,0.0007714913790048,0.00038783082978693,0.3,0.5,0.1,144,0.1211263805648014,0.1189363258760552
13,47,0.04738227789834031,0.15448675092022207,0.250939777908359,0.5013669478897628,0.03420571719127033,0.1125774503504806,0.00076730738324971,0.00038651425560347,0.3,0.5,0.1,147,0.119354576729166,0.1159741096846768
13,48,0.046896065781677515,0.1536863906542289,0.2500787226978712,0.4975605745704561,0.03523035635920617,0.11115536322434265,0.00075560476319365,0.00038652504603732,0.3,0.5,0.1,148,0.1167575784626806,0.1209520221967053
13,49,0.046151327981062876,0.14548564172327375,0.23363676961994442,0.4763374294665296,0.05186187720351867,0.1109285837724507,0.00073092577512642,0.0003505338296244,0.3,0.5,0.1,149,0.1166995129512117,0.1241628516452504
13,50,0.04521707611753768,0.13920162821508184,0.22631693787435084,0.4674028176225869,0.042327135834423685,0.11101408037558907,0.00067171804579711,0.00033767452736824,0.3,0.5,0.1,152,0.1182362491841926,0.1201149182014951
14,0,0.9520472345350648,0.9841910438944128,0.981583020781091,0.1449681649485544,0.0,0.0,0.0,0.0,0.3,0.5,0.1,1,0.9564134076359152,0.7583122930723579
14,1,0.8008713116407142,0.9466803113156507,0.932921352968075,0.16051508314538265,0.16948955889514664,0.10024168350686971,1.786361783328e-05,2.539782200407e-05,0.3,0.5,0.1,3,0.8297803503327316,0.5491667238064087
14,2,0.47248242110873157,0.7723574306445031,0.7299131516259235,0.11420218474885344,0.7468694273198062,0.09831076174234149,0.00024140806465527002,0.00030391014504769,0.3,0.5,0.1,4,0.4485780258191583,0.220753951669908
14,3,0.3467200528186146,0.6709031004749872,0.6117519273502884,0.09044543481978663,0.2383256465344479,0.09798320172561537,0.00010589082791949,0.00015062586477932,0.3,0.5,0.1,6,0.5010562820345462,0.1393857546553547
14,4,0.3266472769167046,0.6551484876641925,0.6002819389291855,0.09148577665438343,0.06995339508617379,0.09830196839201556,0.00013238890607736,0.00018740441330638002,0.3,0.5,0.1,8,0.4780409185033034,0.1441981682928446
14,5,0.2884221210156772,0.615095086515583,0.5543008202535514,0.08299244105620962,0.09956020483942055,0.08461016591319706,0.00010774031814281,0.00017378465556275001,0.3,0.5,0.1,10,0.4852700904015301,0.1741022640565198
14,6,0.27059627357343646,0.5984905389753196,0.5419740512382261,0.08279065510289557,0.0652218502362832,0.08228985229594882,0.00011160706650327999,0.00015499791627327002,0.3,0.5,0.1,12,0.4297433750244227,0.1866192312500118
14,7,0.263549552727194,0.5852318135256224,0.5187801717609604,0.08923159841759751,0.09042903703407182,0.09933734324972555,0.00015095299296285,8.101724610212e-05,0.3,0.5,0.1,13,0.3461508859698599,0.1421750952546555
14,8,0.22400740349006115,0.5350027335624735,0.46668232731393455,0.08213178212590266,0.15028714707937302,0.10889741253203065,0.00027770297551717003,0.000149044612294,0.3,0.5,0.1,15,0.3402814009326758,0.0901651900687431
14,9,0.18156777061538204,0.4714108532103203,0.3937043923313106,0.06452788947235054,0.14331734422294257,0.08679674475882217,0.00015840118025451,8.853752977007e-05,0.3,0.5,0.1,17,0.2880988966970536,0.1661222701568711
14,10,0.13193177528283143,0.3724743782241126,0.28489578128441134,0.04735814236013137,0.2473371943803116,0.0957203589992347,0.00028145009449080996,0.00015457851359962,0.3,0.5,0.1,19,0.2297952501962922,0.1721356791301301
14,11,0.12476179146264581,0.35418486660178217,0.26356238599621257,0.044162748062694206,0.10295081545100745,0.09624823475611236,0.00028791591702693,0.00015881313887767,0.3,0.5,0.1,20,0.2358655693789173,0.169568832181991
14,12,0.12356979164394342,0.35487603983458044,0.2712697580008421,0.05045958501103894,0.03523468434624465,0.09624823475611236,0.00028791591702693,0.00015881313887767,0.3,0.5,0.1,22,0.2297823993719639,0.1723046580635015
14,13,0.12290521947800266,0.3559482311690018,0.27932002116136523,0.07642221886369967,0.03411742702262156,0.09829279862017959,0.00028657780203399,0.00015722951679597,0.3,0.5,0.1,25,0.2231352792892048,0.1554090148465172
14,14,0.12176146976354531,0.3553578078395728,0.28539300198227735,0.07198812704554429,0.035824015302526546,0.10117152428542431,0.00028048856589074,0.00012421735250307,0.3,0.5,0.1,29,0.200194890942201,0.1119519648494738
14,15,0.11272220914099805,0.33739621854130036,0.2716192382980547,0.0815808998038428,0.040878450968654056,0.0960349009110569,0.00034184519909462,0.00014977069095927,0.3,0.5,0.1,36,0.2320912314575366,0.1272927877965017
14,16,0.1084909192168104,0.3238640852838256,0.2557082497467723,0.07546794893368639,0.04973288946263428,0.09903682507131961,0.00031681703839093,0.00014849748193105,0.3,0.5,0.1,39,0.2108811998528207,0.1046824170706358
14,17,0.08751733616626037,0.26626540273259874,0.20251641741329363,0.07491648250000399,0.11787191538697951,0.09690820000709056,0.00032693757394861,0.00015537675836135,0.3,0.5,0.1,42,0.1926158318209434,0.0818238579366565
14,18,0.0886157954309572,0.2656730235786561,0.2015388913632509,0.10020337882140207,0.03254556386409813,0.1027423294736053,0.00031241260465986,0.00014714541498955,0.3,0.5,0.1,48,0.1900301977676767,0.0592880049928655
14,19,0.0878122610468569,0.2632858793407929,0.19878723361778436,0.09941021954330166,0.03537406958070451,0.102171546037285,0.00030085593414016,0.00014180487387837,0.3,0.5,0.1,50,0.186918109813933,0.0574470114547497
14,20,0.08016474963598379,0.24592836130775686,0.17921541443724498,0.08533710900065701,0.08222288588296403,0.08895801241211429,0.00035743000820502,0.00015101230153176,0.3,0.5,0.1,51,0.1636635997841843,0.1141236345497731
14,21,0.06927611221652223,0.20590030243255833,0.1327266000252784,0.08635005922201784,0.18759129088842405,0.08608985040622893,0.00034919603045772,0.0001484918365441,0.3,0.5,0.1,52,0.1541675378870065,0.0983005312850155
14,22,0.0649817361743322,0.19110055067682624,0.12237324798024579,0.08342671403191962,0.05178473094265648,0.0863872662728277,0.00034503049844922,0.00014625221949826,0.3,0.5,0.1,55,0.132929095688047,0.0844688656132282
14,23,0.06287017369754712,0.18195841370502694,0.11173810627516324,0.10588045433953297,0.03218146536965318,0.08607045497758598,0.00035053269770025003,0.00014999055280425,0.3,0.5,0.1,61,0.1307908178154051,0.0945816629331246
14,24,0.06264772775180798,0.18469119915413093,0.12182513066926669,0.11217659324911698,0.028006514997368306,0.08604719339972508,0.00035010205249617996,0.00014946869531481,0.3,0.5,0.1,63,0.1313953959295082,0.094367655892069
14,25,0.061524922300721055,0.18311079639576272,0.1268776419157762,0.13973942037380266,0.033410962856445396,0.08622003219649894,0.0003502308996759,0.00014987198812995,0.3,0.5,0.1,66,0.1295452641906928,0.0934674044675381
14,26,0.06308779583419996,0.18082922092920617,0.12378279583295894,0.11860029148990775,0.03560638165366521,0.09502352762158542,0.00036667750389981997,0.00014033187922773,0.3,0.5,0.1,69,0.1407285520683352,0.0903245325053108
14,27,0.06296870927448737,0.17939105522114593,0.12206284023373486,0.14592131542453796,0.03022396600768776,0.09592283709785085,0.00036692603025824,0.0001404949366844,0.3,0.5,0.1,75,0.1442288695164718,0.091202463762654
14,28,0.05914385908569519,0.17193435731966503,0.11385498690944462,0.19870020438510624,0.027963609384839928,0.08621732088430731,0.00038074427625476,0.00015442735148152,0.3,0.5,0.1,83,0.1291400334523344,0.0930152631697359
14,29,0.05895439395778102,0.1825506811349084,0.14694561239723772,0.21181133401583543,0.030536738642615812,0.08593898527287984,0.00035169566759088997,0.00014751862299537,0.3,0.5,0.1,84,0.1299654602366262,0.0935234667560276
14,30,0.55875707750006,0.6744021597484599,0.6236574956328894,0.697498827205988,0.5268464169634774,0.0862232311932936,1.0,0.0005030689921422,0.3,0.5,0.1,87,0.1297421690450852,0.0936849383569816
14,31,0.5566299667274501,0.6852964325269487,0.6844639285201242,0.7948654642534744,0.5295434537932296,0.09037987430208916,1.0,0.00019151191369354,0.3,0.5,0.1,115,0.1439418536384765,0.1084465036167064
14,32,0.05687328755385164,0.18921708921010877,0.19589205953790417,0.340625041112976,0.02741417764579362,0.09037860508573799,0.00050440033387237,0.00019144345412527,0.3,0.5,0.1,121,0.1439254937570721,0.1084485317953879
14,33,0.0568046961969096,0.1849968430149894,0.18406494337303975,0.3036811430890879,0.028613671485692785,0.0905302588839766,0.00051597192441362,0.00018925790487505002,0.3,0.5,0.1,123,0.144235357731915,0.1123649920629267
14,34,0.5563519427034884,0.6950305887957269,0.7165106566634919,0.981705169625152,0.527292258231049,0.09037719402438482,1.0,0.00019444371217123998,0.3,0.5,0.1,143,0.1433391366911529,0.1090768616248701
14,35,0.5563519427054227,0.69503058879585,0.7165106566636151,0.9896251268486558,0.5271328979348205,0.09037719402479315,1.0,0.00019444371217815,0.3,0.5,0.1,145,0.1433391366974798,0.1090768616249911
14,36,0.5563423343674846,0.6949848357213506,0.716457463548299,1.0047617195957446,0.5273168086662426,0.09037513703043656,1.0,0.00019440922700603998,0.3,0.5,0.1,146,0.1433072392208655,0.1090761305636503
14,37,0.5562355000374472,0.6907779386633053,0.7046560738407908,0.9918008809934206,0.5273423260889041,0.09034050676000223,1.0,0.00019351971348788,0.3,0.5,0.1,155,0.1430881816561199,0.1090552668523355
14,38,0.55550398851032,0.6944301704955812,0.7227137445748997,1.0372471578926645,0.5309967016987691,0.09037165485660444,1.0,0.00019160994223397,0.3,0.5,0.1,159,0.146799215725758,0.1074745052699407
15,0,0.9654103614824487,0.9886723584616751,0.9868036367982167,0.14478325528611882,0.0,0.0,0.0,0.0,0.3,0.5,0.1,1,0.904028468796332,0.7482801043275974
15,1,0.6320309178786802,0.8678595525216029,0.8342103559153637,0.13729204914665136,0.3399950920043723,0.09903428933413135,0.0003980143841637,0.0008396587932615,0.3,0.5,0.1,3,0.5838052142882767,0.4675689842327974
15,2,0.6080554802073065,0.8528870618912322,0.8170666029306288,0.1341156687724371,0.07679161368466925,0.09318660338048619,0.00032014965246363,0.00066309821645994,0.3,0.5,0.1,4,0.5554961058404841,0.4166412250679515
15,3,0.46381088519232655,0.764035029895532,0.7132496400820428,0.1132725993175788,0.4022289155545472,0.09909636375651541,0.00046687931077729996,0.00081590738501431,0.3,0.5,0.1,5,0.5029870190605904,0.2675256330830473
15,4,0.3889378091994722,0.7085284029558506,0.6555331379121029,0.10115620464785394,0.2673052477259231,0.09897858793016624,0.00012287198040307,0.00017662096637199,0.3,0.5,0.1,6,0.3533505330840572,0.2068222864333386
15,5,0.37333492063692447,0.6990500138733156,0.65109179265373,0.10394005090330963,0.06257207243325667,0.10495172009226984,0.00017865102248447998,0.00025679993218181,0.3,0.5,0.1,8,0.3701537855177191,0.2155064056381714
15,6,0.35693595440232273,0.6879936395214423,0.6451046690155464,0.10674910378980115,0.06222524018899838,0.10511085938742876,0.00019189417153067,0.00025585264464186,0.3,0.5,0.1,10,0.3510793918110158,0.1752358757391407
15,7,0.30025172072579914,0.6316117792769697,0.5802146818341787,0.09352841773276604,0.13320988560657715,0.0891957502133191,0.00013979544755779,0.00018497987835171001,0.3,0.5,0.1,12,0.3508230485673628,0.2246008660650817
15,8,0.27120907419338003,0.6021366765936276,0.5524255543152825,0.09341820458912471,0.10185727183897368,0.09616149162497238,0.00022630002366978998,0.00030031644554932,0.3,0.5,0.1,14,0.3659420327308825,0.2527480230527004
15,9,0.2709499239577814,0.6018528451105934,0.5521167626162949,0.10655335770719479,0.029170853897475535,0.09573437754428762,0.00021919399745033,0.00029084197948746,0.3,0.5,0.1,16,0.362049168252985,0.2482126313878812
15,10,0.2377885873176854,0.5625217046078808,0.5061499825536865,0.1045242801205049,0.1192873481762047,0.09855644426523448,0.00029372158065366,0.00037504972672983,0.3,0.5,0.1,18,0.3140533050849227,0.2386895267269501
15,11,0.21259467719302966,0.5265318945063288,0.46424034841763057,0.09714986838582824,0.1782701442736267,0.09818092619626667,0.00029084684671886,0.00046450889710308006,0.3,0.5,0.1,19,0.3483635816621497,0.169952819166342
15,12,0.2077403559675401,0.5193667554865131,0.46276727453376376,0.09140966025978159,0.06161238682076272,0.09878824847055226,0.00028775740891465,0.00036309552155766,0.3,0.5,0.1,20,0.3273917726091824,0.2348147538021895
15,13,0.18938685191684682,0.49713745073497484,0.4507038650105779,0.10039643107705616,0.06004084841111406,0.098225010940148,0.0002732250487592,0.00039400921480063996,0.3,0.5,0.1,24,0.2650896647165081,0.1962580072715603
15,14,0.18803146454750028,0.49094776623914327,0.4365505486197119,0.10848526374265921,0.04111896164830261,0.09900097144533669,0.00028612103413608,0.00044555305821508,0.3,0.5,0.1,25,0.3607264467661035,0.1785786746693674
15,15,0.18473002745988,0.48832511727793476,0.4402538512838775,0.11509262827484609,0.06048517423263612,0.10190895296910542,0.00026432626173179,0.00053451729292586,0.3,0.5,0.1,26,0.260154189090252,0.1349394602194331
15,16,0.16385772612787078,0.4540156486285628,0.4072861190892819,0.09526686308562099,0.18448113135981484,0.09989827195021045,0.00027795118324093997,0.00046558432219794,0.3,0.5,0.1,27,0.2899619679500843,0.1165636257413007
15,17,0.15053493610520607,0.4231273197710484,0.3643875002043893,0.09453204203906053,0.06770089154987183,0.10022804976049135,0.00025087838293117,0.00036747901769332,0.3,0.5,0.1,30,0.2877839195405313,0.0807209467665976
15,18,0.12831352248698935,0.37605243207390077,0.3164464147955088,0.10290804206974134,0.13501691433757473,0.10006830520944665,0.0003377753624226,0.00056436593833553,0.3,0.5,0.1,32,0.2218306093309392,0.1229537004271953
15,19,0.12191676979510009,0.36097562307625675,0.2989962177014791,0.09820849057772303,0.0592273193317117,0.09760541895463133,0.00038731153216282996,0.00080610475478492,0.3,0.5,0.1,34,0.2241563593766308,0.0966405868772692
15,20,0.11603529549516521,0.346171567919712,0.2883631404049351,0.10793505143515779,0.11490517288669815,0.10341127985213705,0.00039775150115051996,0.00085739824068791,0.3,0.5,0.1,35,0.2408484577172393,0.0950464149496787
15,21,0.11487519018103161,0.34741801832611613,0.2967852756447696,0.12157630385747824,0.0351355325292572,0.10199633772241783,0.00041080937218825996,0.00092188920976762,0.3,0.5,0.1,37,0.2477800334125429,0.1028330447105904
15,22,0.11486860229201355,0.35111333538785294,0.3079926815040426,0.13086634073972195,0.030915040014200746,0.10199287050399991,0.00041037851279634996,0.0009208478164905101,0.3,0.5,0.1,40,0.2476090728380515,0.1027643338214343
15,23,0.11263267371634804,0.34566586625709106,0.3017170236123453,0.12903916712089672,0.04081940877142695,0.10056317938830939,0.00041352984794451,0.0009221901470427001,0.3,0.5,0.1,42,0.2300320216745418,0.1194997026398471
15,24,0.10976314953811063,0.3420138561410122,0.30443203090130005,0.14176114151916216,0.04440415379817137,0.09918010516535021,0.00042829612656979,0.00092080241470332,0.3,0.5,0.1,44,0.2139687810414165,0.1199035233775727
15,25,0.10989140521197441,0.33756892041521014,0.2922540055294245,0.1393085537242558,0.03338465651155183,0.10108212417453473,0.00046836270225844,0.0009297283394222999,0.3,0.5,0.1,46,0.2294251735900687,0.1207866984612776
15,26,0.11026509372373203,0.34065696708177173,0.3026041133561214,0.15460583819382004,0.037872648359783656,0.10412270983156532,0.00044981684374097,0.0009663572433038101,0.3,0.5,0.1,47,0.213463342576109,0.1147946456930671
15,27,0.10881785339142626,0.3380856334600605,0.29974921341913097,0.1558475992771876,0.03779180845243662,0.10134285140974313,0.00042183674930447,0.00092391259105372,0.3,0.5,0.1,48,0.253326310993863,0.1197798145881614
15,28,0.10855235383925142,0.34094955388069215,0.3099810278081113,0.1722483122777721,0.031967532176685326,0.10146966820307345,0.00042794868013159,0.0009221920405039399,0.3,0.5,0.1,51,0.221135323470583,0.1218004458440107
15,29,0.10845917160158676,0.33966102509899976,0.3083920596951199,0.18161018028373274,0.03278264272629854,0.10324670803640427,0.00042762181450433,0.00092012112313137,0.3,0.5,0.1,56,0.2218385822430581,0.1245726361586822
15,30,0.10814094847014243,0.34540298213026865,0.3288215235758966,0.19738878272180496,0.035937167719063606,0.10447778338381433,0.00045663812662571,0.0009712047253686301,0.3,0.5,0.1,58,0.2530371796394589,0.1161428927591161
15,31,0.10658416245889614,0.3417053275445508,0.324589624063336,0.19931296211549232,0.04456620289945886,0.10305728055436482,0.0004050809040596,0.00089880719694192,0.3,0.5,0.1,59,0.2420483447920407,0.1012410839409389
15,32,0.10706895379472645,0.34566890969348324,0.336009777338245,0.2063939953381535,0.03326231820087669,0.10497647147933892,0.00044403153107227004,0.0009795220236439501,0.3,0.5,0.1,60,0.2342213570012432,0.1153085717471401
15,33,0.107055121943931,0.34516068780642895,0.33537865380060233,0.20653931148031196,0.03511979912994046,0.10585189657199627,0.00040834466094265997,0.0008985944127787601,0.3,0.5,0.1,61,0.2228894044419356,0.0954563706987245
15,34,0.10559449296976456,0.3416850325333932,0.3314033389732749,0.21478734630709964,0.044096166985361236,0.10432543849207283,0.00042515524223268994,0.0009255645009353299,0.3,0.5,0.1,62,0.2203612008806802,0.1109198698537362
15,35,0.10521655533792779,0.3365910740099928,0.31854662702769354,0.20783206177218708,0.03793399222666376,0.10470719749546234,0.00043557214480985,0.00095307070819489,0.3,0.5,0.1,63,0.2207198425998482,0.1147647938237958
15,36,0.10280712022925,0.33721127150763014,0.3331165961956465,0.2524359484367369,0.03483700120475049,0.10373787927770645,0.00050290793595219,0.0009155685828881801,0.3,0.5,0.1,71,0.2263559707414436,0.1147467804460799
15,37,0.10209594492622402,0.3380206374640892,0.3409060442917191,0.27554206459042874,0.03447523007675894,0.10476938627726376,0.00054839460694517,0.0009664793526291701,0.3,0.5,0.1,76,0.2277833389130354,0.1143660853703109
15,38,0.10103697451929633,0.33470988292999254,0.3370485986743364,0.2952656295204936,0.03453259802972853,0.10478056639989265,0.00055009093920022,0.0009569002854179799,0.3,0.5,0.1,81,0.2427485000043308,0.117639273142227
15,39,0.10044450418137815,0.33652783259626723,0.34606634065548886,0.3121157866974866,0.03443939137546056,0.10478730510745335,0.00057590712923514,0.00094909522909324,0.3,0.5,0.1,84,0.2306413231681697,0.1234088447150214
15,40,0.10005634295829575,0.3353111091263253,0.34464962722121306,0.31529124629150307,0.03682019095912824,0.1047846747595597,0.00056560262386434,0.0009641994762640399,0.3,0.5,0.1,85,0.2360391681684013,0.1186103888311762
15,41,0.0996416631528991,0.33757932549912834,0.35418455728010884,0.3218408570306609,0.035001911793469086,0.1049912294496341,0.0005580960308915999,0.00096996276341257,0.3,0.5,0.1,87,0.2296545922369461,0.1149818829519258
15,42,0.09956554586009832,0.34475128421539725,0.37634350178046705,0.3608435123484468,0.03201927040529897,0.10499131001661006,0.00056441916786975,0.00097611118711799,0.3,0.5,0.1,94,0.2322410931204079,0.1158496013765431
15,43,0.0998721600536326,0.34482747639890965,0.37636424877354163,0.36471373309329475,0.03363080146333986,0.10639157364428885,0.00055260824671279,0.00095603685411511,0.3,0.5,0.1,95,0.2318671472461314,0.1008381142755514
15,44,0.09923414084125919,0.3436123844891464,0.37501046788797826,0.37853731569859805,0.03363545603665188,0.10509393685889534,0.00057601972788279,0.00098853204174784,0.3,0.5,0.1,97,0.2390123939359266,0.1202247764583619
15,45,0.09826066605038389,0.36058198771705885,0.4294050526845771,0.5757985002412644,0.031311155496386744,0.10287697606715196,0.00052578583131611,0.00095265445584984,0.3,0.5,0.1,139,0.1786173081015614,0.0915125425894583
15,46,0.09831631087238049,0.3641690634254138,0.44046343752024997,0.5979275690207942,0.03190029231458962,0.10326597465386103,0.00054315564765427,0.00107503628426036,0.3,0.5,0.1,141,0.1784006301189953,0.0926609888105163
15,47,0.09762336284459186,0.369637352300299,0.4606585221773481,0.595690305889215,0.03877355162629566,0.10285713811223976,0.00057547352409094,0.00090820204134591,0.3,0.5,0.1,142,0.2079726561050776,0.1331427345169414
15,48,0.09644141058582689,0.3583580822937417,0.4337122233127218,0.5925491487693078,0.04721207944632125,0.10294475568607094,0.00053732981412606,0.00095297522246467,0.3,0.5,0.1,143,0.177342205037126,0.0917541987435203
15,49,0.09623315389555437,0.3648795357582788,0.4550978528899493,0.6121761443240814,0.03546131299853542,0.1032764964009073,0.00054502771855333,0.00089427053319457,0.3,0.5,0.1,144,0.1715559161975012,0.0910797453853772
15,50,0.09608196937764937,0.3609392285126351,0.443624508864739,0.6120280095653634,0.031691161109477145,0.10294369076795974,0.00051109701209836,0.00089407928876169,0.3,0.5,0.1,145,0.1715981339594267,0.0911422891009056
15,51,0.09331889241159942,0.3930839275658898,0.5503908563931972,0.8491987944017433,0.029757256334858238,0.0969247435041129,0.00053100754207651,0.0008735784078408,0.3,0.5,0.1,185,0.2045405741125063,0.1022102828042738
15,52,0.09294239513952232,0.3954179957223392,0.5600029895452647,0.858066355294692,0.03538625407726712,0.0970291422676005,0.00057449577225951,0.0009021722376694799,0.3,0.5,0.1,186,0.1993540815777371,0.1017175739436625
15,53,0.0926896747121909,0.4058245847411483,0.5928409121021257,0.8932654470472466,0.029718703656707507,0.09698656761966581,0.0005217498607717,0.00081457412248176,0.3,0.5,0.1,196,0.1972249986464732,0.09761297343838
16,0,0.9081798514913791,0.9690429367197793,0.9639359746098705,0.1393125365677698,0.0,0.0,0.0,0.0,0.3,0.5,0.1,1,1.139047438471765,0.749986130699958
16,1,0.7910392872524831,0.941075114487319,0.9268211498744181,0.15707478310084047,0.14183301176580157,0.09157139707386011,1.318918898962e-05,1.597850472548e-05,0.3,0.5,0.1,3,0.8653270386196453,0.5481000077896104
16,2,0.42434740747047095,0.7370670632300115,0.688804818984345,0.1043497570106191,0.8799352291622717,0.09818868144882073,0.0002662757631412,0.00031235313981541003,0.3,0.5,0.1,4,0.6642618251967508,0.2451086822443269
16,3,0.4084970715455837,0.7281489197063338,0.6854381363385302,0.1060687138018463,0.053431292589439794,0.09575868031053388,0.00026603997046618,0.00030167922254126,0.3,0.5,0.1,6,0.6291472055198388,0.2393717868055911
16,4,0.40849965162413365,0.728151906754808,0.6854408087934708,0.10808571001252684,0.028903500528956617,0.0957747941303955,0.00026606791795636,0.00030175575507968,0.3,0.5,0.1,7,0.6292464439849245,0.2393171310682624
16,5,0.332438977147607,0.6571776171397388,0.5957032081210153,0.09403171354075973,0.31107753768912383,0.09911600679192155,0.00013805358626369,0.00016477315222377,0.3,0.5,0.1,8,0.5510207450022133,0.2050854463856452
16,6,0.3292887918302982,0.6540677722275973,0.592079403592008,0.09518157176622126,0.04267577588984458,0.09911756740404325,0.00014216373159423,0.00019386116663916,0.3,0.5,0.1,9,0.5529958805076957,0.1950688450907353
16,7,0.31540916445330053,0.6436558478526299,0.5865634037851729,0.09763963802619606,0.09704820027132306,0.1048415735292332,0.00019901103784444,0.00023778329162783997,0.3,0.5,0.1,10,0.5502294815169696,0.2013416891365724
16,8,0.29434878982063184,0.6321922489789024,0.594002118246426,0.10089386683381545,0.053808929284718185,0.10307532199122563,0.00020324513894795997,0.00025355755664587,0.3,0.5,0.1,14,0.4884675668752294,0.1158166654884849
16,9,0.2898783124868714,0.6308784165841352,0.5993473587665737,0.1060994525710851,0.041903266044914934,0.10359166417342087,0.00021146712758485998,0.00026310421175071,0.3,0.5,0.1,16,0.48618883409344,0.1387138029014704
16,10,0.2693183121195921,0.603450429564309,0.5607535204133303,0.11119755323597431,0.07527402183219468,0.09840804144028356,0.00016363331742873,0.00022239756136886,0.3,0.5,0.1,18,0.4080409788510625,0.2402066909967166
16,11,0.2589770516551189,0.5974460116457879,0.5671059668944617,0.11733282350536069,0.09920770477298764,0.10728698444688525,0.0003387651973334,0.0004165014569,0.3,0.5,0.1,19,0.385708086667635,0.2002772714962247
16,12,0.24394804017820645,0.5743293603746645,0.5333494994346057,0.11268972168583319,0.11017968003717324,0.10589714304769823,0.00026361545955004,0.00035828544127997,0.3,0.5,0.1,20,0.374821745828069,0.2408361867570413
16,13,0.23110114676244164,0.5566549550948433,0.512734154394217,0.1106116074830988,0.10586761649756081,0.10630754496862013,0.00031702984442789,0.00038830671283094,0.3,0.5,0.1,21,0.3826759097655861,0.2571492787257028
16,14,0.2128141081358489,0.5293943771796561,0.48088793790072126,0.10147397771331026,0.08980562340455912,0.10771298388434641,0.0005061070751706199,0.00058962760726005,0.3,0.5,0.1,23,0.3620671276790528,0.2317269922415325
16,15,0.19521548619260942,0.5089342032985905,0.4709340801941769,0.1073314511502308,0.1451882778434321,0.10662492333503887,0.00028041527719932003,0.0003043194522685,0.3,0.5,0.1,24,0.3410288907141309,0.1617906766519534
16,16,0.18909912013834976,0.5023058393402192,0.47011304656224673,0.11794196597729695,0.0535533812862901,0.1066307799936454,0.00029232110860717,0.00031133076423691,0.3,0.5,0.1,26,0.3379013913971303,0.1811484141504177
16,17,0.18621420022901267,0.5040037091296693,0.48573191639938523,0.14586236878585052,0.03712592910560359,0.10979441925467101,0.00036246375697022,0.00038603478689797,0.3,0.5,0.1,33,0.3267847680026522,0.1730621643680898
16,18,0.15876171646869752,0.44852729800974,0.41424743755396537,0.14019065729504654,0.06319361117583243,0.10813777575650423,0.00072288383835918,0.0007608502834588399,0.3,0.5,0.1,40,0.3750175289261369,0.2992785826414593
16,19,0.15522310614813128,0.43745671438067013,0.39444272418829013,0.14915700496818704,0.06340981522251973,0.10848770064702258,0.00061468656859347,0.00059093099596742,0.3,0.5,0.1,41,0.3242371561553143,0.2486967365565639
16,20,0.15335200177772787,0.4337038328536887,0.39009823497271495,0.1566094541567225,0.04014135938563753,0.10780412016015645,0.00069735948988351,0.00056088169721138,0.3,0.5,0.1,43,0.3643332102113492,0.2733169402263473
16,21,0.15281516643385876,0.4323221299450065,0.3884528010819019,0.16188732538092118,0.03955805850322898,0.10842119199215926,0.00072779542433438,0.0007296605183415,0.3,0.5,0.1,44,0.3621855572869677,0.2767517000604344
16,22,0.15214314048445493,0.431117495810877,0.38708241792243026,0.1709987479697334,0.03690674811345304,0.10781626810472351,0.0007071850526905201,0.00064666935623151,0.3,0.5,0.1,45,0.3619499685757888,0.279536138384612
16,23,0.15160426914274164,0.43368066209632566,0.39697106780714664,0.17631050332436615,0.037486151358958296,0.10780629928159839,0.00070806979368674,0.0006476435181674699,0.3,0.5,0.1,46,0.3695757370752052,0.2730830348373485
16,24,0.15136904008410412,0.42946034594403054,0.3851515114482052,0.17053849782425456,0.034885865260238264,0.107831442629028,0.00070920621554849,0.0006157966938147199,0.3,0.5,0.1,47,0.3838792538239397,0.2692070096783683
16,25,0.1492167024155644,0.4320797284228995,0.4019848747002715,0.18466339110700963,0.053282189325255365,0.10817287229915466,0.00075229483694624,0.00074445088309317,0.3,0.5,0.1,48,0.3212877545623793,0.2414265876282105
16,26,0.14765379421506997,0.42500354888277764,0.3868462438340034,0.20588051415713315,0.04655670823287445,0.1078823773068219,0.00075914255196768,0.0011493478171489498,0.3,0.5,0.1,49,0.3998424338366146,0.2937068635331267
16,27,0.14046898263211796,0.4160803161428621,0.39021967604912194,0.18835128031106155,0.10180660060288578,0.10881783613798587,0.00072486982089165,0.00068047264356781,0.3,0.5,0.1,50,0.3330404083129418,0.2918134822291212
16,28,0.13274882821689749,0.397740250964418,0.36886271723234226,0.19809460557980915,0.058028660274993045,0.10855612675282397,0.00075166386115337,0.0008071881611844301,0.3,0.5,0.1,53,0.3400736818268959,0.3009367848114668
16,29,0.1316799794396652,0.4068292314204061,0.40022258493815105,0.2250618966273522,0.033603603944061235,0.10712025916480136,0.0006875760662882,0.00150510475068153,0.3,0.5,0.1,60,0.2838904592856497,0.2703170259195518
16,30,0.13016333449811351,0.3997459785415632,0.3851092727669165,0.21737114480800016,0.03883019333622271,0.10640394203017238,0.0007505465818455601,0.00087339373400204,0.3,0.5,0.1,62,0.2665758204671784,0.267773024637969
16,31,0.12860128555793474,0.3958224394279468,0.3805342776506446,0.23211754621696357,0.048696832094907126,0.10660127014066109,0.00070010026858092,0.00078836212831409,0.3,0.5,0.1,63,0.2786215412729901,0.2559892475829896
16,32,0.12523368128789297,0.3873440075723925,0.37066210288241447,0.23310797537153996,0.04982194803453866,0.10659434404515113,0.00065014217248746,0.00075964623503297,0.3,0.5,0.1,65,0.2919606981413912,0.2338088314440601
16,33,0.1253820832191642,0.40555176515545355,0.42630891948239175,0.32359605613823217,0.03298804912985739,0.1080411555062977,0.0006651235045603101,0.00093495982810232,0.3,0.5,0.1,87,0.2896132426982226,0.290689707024551
16,34,0.12090868048944219,0.3938822314551036,0.4127179381997681,0.3236602976744627,0.08087632785340369,0.10798052447851601,0.0006797995043789299,0.00082233527933321,0.3,0.5,0.1,88,0.2994153751061757,0.261660290806752
16,35,0.1171853813003124,0.38751738626846743,0.41220498347325996,0.31983034107893105,0.053593933779142115,0.10798477901175857,0.00064879185660596,0.00098445062233138,0.3,0.5,0.1,90,0.2955485485822627,0.2613887180907209
16,36,0.11677457505447739,0.4121046157390921,0.4891392990789827,0.45116076571768327,0.033221161031135024,0.10835785645755223,0.00070093880368038,0.00109263509657862,0.3,0.5,0.1,115,0.3243806895767229,0.2190597883272609
16,37,0.11252840830415071,0.40769508185859143,0.4978146860447512,0.5068652505814589,0.03639069647848435,0.10811366145844678,0.00080069712203149,0.00084485401949145,0.3,0.5,0.1,129,0.3317898461383556,0.2462444876810081
16,38,0.11005860951894278,0.4078720617641432,0.511815570600865,0.5420427759496,0.036744131093974605,0.10824300887996566,0.0008232739908255699,0.00093473120149003,0.3,0.5,0.1,137,0.3451745751186829,0.2115834481344085
16,39,0.10979488959224948,0.4260144666370144,0.5674926592412576,0.6189522460720243,0.03286451183813077,0.10778760400547535,0.00071206103370552,0.0009993934065053501,0.3,0.5,0.1,150,0.2804057940325947,0.1874182172070175
16,40,0.1090520556743261,0.42381153027998386,0.5649241602228386,0.6257022814566313,0.04194483565128293,0.10777555072003703,0.00076113252197145,0.00091937438333487,0.3,0.5,0.1,151,0.3169328996781382,0.1867818062183475
16,41,0.10892580101718766,0.4306330321179314,0.5866559796679329,0.6731410751810984,0.033192418485397106,0.10802852005079294,0.0008400150836715799,0.00094397880034945,0.3,0.5,0.1,162,0.2819884601225885,0.1852440816214149
16,42,0.10824205288157727,0.4323204338513738,0.595523829304926,0.7024559917840356,0.034117019550208905,0.10802534794641334,0.0008436096243335901,0.00094515070198802,0.3,0.5,0.1,169,0.2816880096614536,0.180616934500062
16,43,0.10704326402637537,0.4248864084803812,0.5799489625158013,0.7276154526938846,0.03558957894629687,0.10829635996861985,0.00081513242358307,0.00101634056203051,0.3,0.5,0.1,174,0.3297912184388289,0.1916588164705616
16,44,0.10672547351445531,0.42784033665785104,0.5903086050667465,0.7348029908923389,0.036194849913976944,0.10796881828416635,0.00080867927364991,0.00104758853384212,0.3,0.5,0.1,176,0.3350472253096393,0.1837573814586919
16,45,0.1063150988750568,0.4303918492556414,0.6001895639895488,0.7456569354055854,0.034246058448156515,0.10784793545234224,0.0008048755214421501,0.00105178835015294,0.3,0.5,0.1,179,0.3322552182664088,0.1843834788650429
16,46,0.10648617105149709,0.45683938619751757,0.6793118069106463,0.8363057718140388,0.03291147377801823,0.10790337650298265,0.00081066585924009,0.0010861714808091,0.3,0.5,0.1,199,0.3315645420187087,0.1839999448853935
17,0,0.9153158360789092,0.9715543891694618,0.9668617504549001,0.14001247817628176,0.0,0.0,0.0,0.0,0.3,0.5,0.1,1,1.107219054147626,0.7513102585254268
17,1,0.7757669278993051,0.9314776819958241,0.916546803545496,0.15043698054647486,0.14998024452651051,0.07325439682904121,1.5889771181429997e-05,9.5457073466903e-06,0.3,0.5,0.1,3,0.8996955265193353,0.547665883078252
17,2,0.43724129786276633,0.7469310434999286,0.7002687189689325,0.10721831538770675,0.8231736623080765,0.09881438240120564,0.00026015242888972,0.00012226664464716,0.3,0.5,0.1,4,0.5946889947201064,0.2320754278962863
17,3,0.4369970847679268,0.7504549245171986,0.7112786943340129,0.11292042289949072,0.030125801881115674,0.09876887215678444,0.00025712909005936,0.00012021508914652999,0.3,0.5,0.1,6,0.593964167903891,0.2297048819093443
17,4,0.4335452944278746,0.7519479347151876,0.7197084514270772,0.12281404784398864,0.035972489308194945,0.10293420412672341,0.00031753150933928003,0.00015480740022106999,0.3,0.5,0.1,9,0.5653729250280942,0.2113328125467964
17,5,0.36887487632702337,0.6985476947069278,0.6577939716514016,0.11250991245547035,0.241837349597913,0.09731150548547544,0.00012851923348571,7.78203726816e-05,0.3,0.5,0.1,10,0.4146754372180805,0.1732574373860662
17,6,0.3636961624129727,0.6978475691686364,0.6635307590744635,0.11898991145049928,0.0448573904969326,0.10424568386533797,0.00020054760322193,0.00012143465845418999,0.3,0.5,0.1,12,0.3902592425609935,0.1643168353185063
17,7,0.3598647074519191,0.6942768895738715,0.6595478903360206,0.12614453484400281,0.04063826447950243,0.10058630742620579,0.00025916998563607,8.506873955553001e-05,0.3,0.5,0.1,13,0.4854700561878636,0.2496342564348846
17,8,0.3177606142313401,0.6535525072262195,0.612099628276518,0.11233523832475487,0.19844809372858585,0.10091395815569147,0.0001314193061349,8.171214934832e-05,0.3,0.5,0.1,14,0.3531890527683013,0.1758534729285499
17,9,0.31431597739870804,0.6536248851983322,0.618789366817693,0.1261679541469061,0.04336251959549937,0.10677663983802012,0.00020346743739297,0.0001253529542599,0.3,0.5,0.1,16,0.3373278001356256,0.1693208765351968
17,10,0.312890662961527,0.6521300041710686,0.6170434641012398,0.1257706133625467,0.03845025266266766,0.10686455907066085,0.00020400032730578003,0.00012606807032058,0.3,0.5,0.1,17,0.3357319922457369,0.1722976774362744
17,11,0.3116013589422437,0.6544806614628675,0.6266732206224291,0.12977851643858498,0.03518270623084676,0.10708392785694736,0.00020476257063186,0.00012698230341906,0.3,0.5,0.1,19,0.3342412893133609,0.1779421033608941
17,12,0.2383694258887313,0.5663464535543354,0.5238728793884806,0.12214722987533454,0.39970870050119633,0.10877838909811788,0.00069969053521455,0.00024990145126051004,0.3,0.5,0.1,20,0.1995475814716659,0.2342168462507642
17,13,0.2122718529134653,0.5315747252710334,0.4901177249541356,0.11754138520274718,0.1151790156244592,0.11196153151932324,0.00061532692296235,0.00017594184824434,0.3,0.5,0.1,22,0.1852008826608828,0.332603450548477
17,14,0.19183131747976628,0.5010525725625231,0.4552126249312233,0.12232748443701508,0.05735252248347265,0.09877410947060596,0.0006291546000596301,0.00013344595356059,0.3,0.5,0.1,26,0.2184071800162573,0.3093213505917807
17,15,0.18543380787647085,0.4907166643611692,0.4433021817759249,0.12167373780582189,0.06850254151360446,0.09629490702951657,0.00053527329347022,0.00012506508637276,0.3,0.5,0.1,27,0.2177310764328533,0.3342577806514228
17,16,0.18261078390573193,0.49093887678075726,0.45687145720313727,0.14699857680080713,0.042673577313425214,0.1060619600746556,0.00065265178473654,0.00018194854206444,0.3,0.5,0.1,31,0.203813516511756,0.3738417950952313
17,17,0.1815320556814543,0.4889257584291809,0.45450778173598155,0.14308120111480774,0.04104018510933008,0.10642173354354013,0.0006667272721693699,0.00015129595966155998,0.3,0.5,0.1,32,0.1949389746339854,0.3315742441894764
17,18,0.15476962121099339,0.44327599693722064,0.4085728201686054,0.13622585855406966,0.12794712472216965,0.09921905072607518,0.0008140438816379301,0.00020834985112808,0.3,0.5,0.1,34,0.1514859436109531,0.3774229925764419
17,19,0.15437301433939649,0.44504743183114587,0.4173848841323587,0.1510145656568339,0.03680538739704617,0.10238026713239025,0.0007816094102161299,0.00021178155829766,0.3,0.5,0.1,36,0.152659004594574,0.3374608200852055
17,20,0.12476119939982491,0.3771715126894443,0.33161623203920104,0.12920810413784162,0.29763410093280246,0.09830418936394517,0.0007226262161153,0.0001924398793867,0.3,0.5,0.1,37,0.1093657148174008,0.2082503283287296
17,21,0.10325909117754588,0.3197703407373851,0.27163382319549856,0.13655574866236656,0.09136872773583164,0.09864414898119354,0.0006916597688300401,0.00017991940395760002,0.3,0.5,0.1,41,0.0922548453953485,0.2038537910886154
17,22,0.07010526359925154,0.21442089651028462,0.14962966746914325,0.10473666098253923,0.4404854953450547,0.08407323914315223,0.00064641320543624,0.0001901003265674,0.3,0.5,0.1,42,0.0668045111605822,0.1929706546408458
17,23,0.06896558540016644,0.20952086000329706,0.1439098851097655,0.1132835947755725,0.04613300894003516,0.08431038971953443,0.00064232436552352,0.00018924430144906,0.3,0.5,0.1,43,0.0646872328954638,0.1944985085288633
18,0,0.9346849255279341,0.9782774935806483,0.9746938958416578,0.14188620667789154,0.0,0.0,0.0,0.0,0.3,0.5,0.1,1,1.0256850249610574,0.7513407295514523
18,1,0.5903051510160002,0.8460624219505734,0.8087976201871322,0.131313520081596,0.36530619688693233,0.09936313813324019,0.00045248839041331005,0.000779673151101,0.3,0.5,0.1,3,0.7599000720285217,0.4675689842327974
18,2,0.47526887835427756,0.7743379774818355,0.732194849211778,0.11486575178962088,0.3235271589005399,0.0988741845214612,0.00022558192611925,0.00024250151115021997,0.3,0.5,0.1,4,0.4328499043456951,0.2234714294399744
18,3,0.47519831888221054,0.77429790558732,0.7321434655967968,0.11487511067961349,0.03011004208028518,0.09898085199363864,0.00021929750532924999,0.00023840123066738,0.3,0.5,0.1,5,0.4368902648913766,0.2211194448912116
18,4,0.3780299272941791,0.6991651375261885,0.6446798479110091,0.10143517292472266,0.33775223273502597,0.09786303585052537,0.0001324677930874,0.00016319465009564,0.3,0.5,0.1,6,0.3669453270250715,0.2099077578209914
18,5,0.3563953455037867,0.6836169170465641,0.6334450919396946,0.09942754664723684,0.06960351158328999,0.09832381162824398,0.00014216354798444,0.00017547282090032,0.3,0.5,0.1,8,0.3418094950706432,0.1812578168180504
18,6,0.3247201854287963,0.6532405245335993,0.5980244745337955,0.09326594074006594,0.15600618118289195,0.0989111143301256,0.00018225577556622998,0.00021893890666635003,0.3,0.5,0.1,9,0.311759563591017,0.2681906356715112
18,7,0.324684475956363,0.6569154279171915,0.6092080040671104,0.10032581389131527,0.029855749473417622,0.09890619817218167,0.0001822376142702,0.00021877235248377998,0.3,0.5,0.1,11,0.3116773701857998,0.2679744419797151
18,8,0.29333754108787663,0.6236938717954091,0.5703536830541127,0.09723970609581958,0.17149203399967194,0.10209265573200813,0.00012688539432995002,0.00016431040227351,0.3,0.5,0.1,12,0.2735998505707935,0.1283757804703272
18,9,0.23172532007840813,0.5476507602601568,0.482083129000243,0.08105664792193773,0.1816451111598681,0.09564682611077133,0.00014224497149593998,0.00019060812632789,0.3,0.5,0.1,14,0.1911316340942229,0.1603535434502009
18,10,0.22461319253443388,0.5365972291777401,0.46882108085030616,0.08442530965934375,0.058750223248545466,0.10340621378766794,0.0001518569662873,0.00020393000933236998,0.3,0.5,0.1,16,0.188749637549098,0.2266167534022626
18,11,0.217614860254285,0.526612665494209,0.4572910906389258,0.08834218021752901,0.06913412343983119,0.10137127106825704,0.00014190668973484,0.0001931636289848,0.3,0.5,0.1,17,0.1841144762829456,0.1082477290651033
18,12,0.16103124416677922,0.4311967018752274,0.3464057307314651,0.06471533887428678,0.4157073896786102,0.09586171644593106,0.00015678534414533002,0.00020468333019810003,0.3,0.5,0.1,18,0.1645593104198857,0.0649160941119109
18,13,0.15793601215413744,0.429122137464639,0.3509491411569937,0.06997910640576788,0.036001833901820414,0.09469325394976016,0.00015513696683357002,0.00020372403685353,0.3,0.5,0.1,21,0.1667509027547082,0.054117468345099
18,14,0.1552056074946557,0.4279758057138334,0.3566236342026202,0.07345769673967079,0.04512540891701881,0.09254223929117465,0.00014135813287333,0.00019436161020951,0.3,0.5,0.1,22,0.150612416967298,0.0530298067629817
18,15,0.14158401612313049,0.39557834554091664,0.3120050156782377,0.06733634134438181,0.1452527993473436,0.09199052230327395,0.00015985524314175,0.00020506916026956,0.3,0.5,0.1,23,0.1515254458534352,0.0414438189971529
18,16,0.14017993023531042,0.3959573347366094,0.31931975924323514,0.07399178438414043,0.03510841239070045,0.09255460714388776,0.00016992648159937,0.00021798897680349,0.3,0.5,0.1,25,0.1488122730109269,0.0380452622962555
18,17,0.11942484569191102,0.35533922764813936,0.2859887844886182,0.08602177514800423,0.0914035189836314,0.08887373016917419,0.0001560011511312,0.00021338730695488,0.3,0.5,0.1,28,0.1180898729756027,0.0534434856647894
18,18,0.12147730845811887,0.3592256385548843,0.29688336969934875,0.08634209776433908,0.042695182981930084,0.09965100370529317,0.0001730902932976,0.00023634807343457,0.3,0.5,0.1,29,0.1145894496309408,0.0454694664751594
18,19,0.11651775843355706,0.351279549490217,0.28814411518506433,0.09502121340919138,0.046492966441447375,0.08922354360280574,0.00015654259636354,0.00021945949632460002,0.3,0.5,0.1,30,0.1183301997053159,0.0538553649553715
18,20,0.10002700358372164,0.30576524045481834,0.24180551567704592,0.08224272782187259,0.13233657801800897,0.09354306500026931,0.00020131261450172998,0.00025661923905676996,0.3,0.5,0.1,32,0.0926761311222886,0.0628513845060325
18,21,0.10051625569235582,0.305660965597067,0.24155589722704096,0.08582005739748799,0.03260116014911265,0.09614602843887833,0.00019357068229046,0.00025444280600916004,0.3,0.5,0.1,33,0.0950186470236882,0.0563345079184438
18,22,0.10037737122961439,0.30868399875445734,0.25195901864777737,0.10328050501074058,0.030770988077337344,0.09655310528283907,0.00020029860876611002,0.00026071076166875003,0.3,0.5,0.1,35,0.095161442101021,0.0605467683205779
18,23,0.08450237975720985,0.2779832035447665,0.22432575696924487,0.09791678938662363,0.0494340979684769,0.07168788793440715,0.00020449918511143998,0.00027634748008121,0.3,0.5,0.1,39,0.1078911491894554,0.0833906036610877
18,24,0.0628320281496612,0.18209385181836613,0.11864000773549786,0.09241957836454066,0.4597915288592661,0.08936644737260427,0.000244654429851,0.00037496892917822,0.3,0.5,0.1,40,0.0666058662426427,0.085880848335957
18,25,0.0627140674623294,0.267153516936301,0.37649403202184045,0.5450402059624365,0.026912524760355584,0.08839469622518165,0.0007035842434910901,0.00031998552868231,0.3,0.5,0.1,132,0.1825710472981788,0.0565020129887215
18,26,0.2635306799906106,0.4576369978379967,0.5715475269316033,0.754744775337578,0.26833191627385183,0.08819407380865925,0.4056812684104731,0.02224007953149361,0.3,0.5,0.1,134,0.2260545167249447,0.0835899240320101
18,27,0.058244106257960164,0.2391199062511803,0.3367943005899259,0.5623883027585942,0.05900165125633612,0.090841065748671,0.0008607787477143,0.00063477398877076,0.3,0.5,0.1,135,0.3082180295730224,0.1074190750591741
18,28,0.05725134618589445,0.2374665164917092,0.34175394686108806,0.580473904795149,0.03901956237931021,0.0911041491093179,0.000896521474204,0.00066239775433776,0.3,0.5,0.1,137,0.3173431341796878,0.1060376315044678
18,29,0.07458301634817396,0.25327135726424793,0.3639953196243978,0.6033021818603628,0.050831986834924674,0.08758745305892357,0.02275763329313811,0.08818241785824513,0.3,0.5,0.1,143,0.2702005219266424,0.1353503666398132
18,30,0.06761550348605075,0.2490020210224319,0.3670335304849557,0.6035361577360957,0.04483982160288574,0.08825544882702731,0.00393599800020231,0.11302489730491558,0.3,0.5,0.1,144,0.2998766671429922,0.234070117112798
18,31,0.15805103349799238,0.33544330086435364,0.45265760377286157,0.7099774886554686,0.14135884087523873,0.08844977836476911,0.00921423709728293,1.0,0.3,0.5,0.1,146,0.3003316368418731,0.2330384491228939
18,32,0.07488054611871085,0.2592616635360033,0.39141635423040355,0.6414858646613977,0.049180559267711504,0.08792577251654511,0.02532029384612086,0.09036682726410254,0.3,0.5,0.1,148,0.2827397877673751,0.1330764783591395
18,33,0.07485317977528823,0.25511170681259926,0.3796679972337887,0.6455587599133359,0.050244347328641,0.08814142418659203,0.02532526341233405,0.0903974851060137,0.3,0.5,0.1,149,0.290065199829091,0.1449413837871182
18,34,0.16068358041026845,0.36381786391662846,0.526829635723773,0.8309456436080807,0.13305300485922072,0.0898269066998714,0.08916700956932247,0.6140934115691042,0.3,0.5,0.1,164,0.2547272424396397,0.0933540064946932
18,35,0.15995347841032784,0.3617442888694092,0.5244810194999753,0.8332705963573857,0.1395099513072744,0.0896012703366383,0.0884916398474224,0.614084971429359,0.3,0.5,0.1,165,0.2545011610407676,0.0970192706038098
18,36,0.15847318961271206,0.35708025399994303,0.5259249260384817,0.8513305049700041,0.13998946420368416,0.09010722914471103,0.08849558621311522,0.6140547007972434,0.3,0.5,0.1,168,0.2364335202207727,0.0889251297481554
18,37,0.1592754567662349,0.3613339449180559,0.537640221919281,0.892915126632421,0.13440328189264927,0.09295832869055022,0.08850249227370292,0.6140937933058102,0.3,0.5,0.1,173,0.2400435640965635,0.0848652621769639
18,38,0.1676933710545135,0.3690632330542136,0.5452294969213793,0.8988919700316229,0.14534237378362636,0.0933771295935279,0.09556843519385996,0.6632873979131123,0.3,0.5,0.1,175,0.253096513551737,0.0958253587005346
18,39,0.158730016366952,0.36314605090750424,0.5466916803457407,0.9084087584501178,0.13810918217196846,0.09218932095462516,0.08850171864194256,0.6140886940800497,0.3,0.5,0.1,177,0.2478254234921145,0.0850508791202005
18,40,0.15938098082790586,0.36736577821109445,0.5583969869991974,0.9209301412357673,0.13451844449142358,0.09203419750231139,0.08950477030616703,0.6163775468049433,0.3,0.5,0.1,179,0.2471660963895918,0.086016868811867
18,41,0.15785840363970144,0.37702755045031455,0.5973743080530659,0.9823122715091395,0.134894572733208,0.09110767965460428,0.0891697748533334,0.6139932486414652,0.3,0.5,0.1,193,0.2545896755562198,0.093928017540481
18,42,0.1576438915665157,0.3721714093118795,0.584815447120824,0.9862910070984034,0.1453349038175712,0.0910097576467854,0.08916558860121787,0.6142713634339398,0.3,0.5,0.1,194,0.2537893392641493,0.0827861999497618
18,43,0.15708226377833123,0.3731682782650911,0.592891592258516,0.9977230056530952,0.13747200618690558,0.09083278947539625,0.08917555069895217,0.6139836259938839,0.3,0.5,0.1,195,0.2668855741099175,0.095290114701416
18,44,0.15708225285202632,0.3768791216086714,0.6041168313346286,1.0063581307474811,0.13333380503493675,0.09083292973976276,0.0891755585577241,0.6139838276233928,0.3,0.5,0.1,197,0.2668621305650623,0.0952709868360752
18,45,0.15710281079887967,0.376975596641449,0.6042287026328313,1.0027152989706478,0.13342608965567335,0.09083783612730481,0.08917617486908284,0.6140015115113587,0.3,0.5,0.1,199,0.2648644689229303,0.0936294589261188
19,0,0.9645560139672504,0.98838763280402,0.9864719237786818,0.14613775221613512,0.0,0.0,0.0,0.0,0.3,0.5,0.1,1,0.9014509688873046,0.7564107017320759
19,1,0.824015289357628,0.956307165325001,0.9440825212561247,0.16343338860441786,0.15928943662486333,0.10131651131607862,2.519379878628e-05,2.6952323617979998e-05,0.3,0.5,0.1,3,0.8084503641933264,0.5720883046860648
19,2,0.46150921909435094,0.7646829387267746,0.7209453302183855,0.1121827748761057,0.8177346467445936,0.09892021062198444,0.00023057365280929003,0.00018403754900163,0.3,0.5,0.1,4,0.4944076054385232,0.2339954638001631
19,3,0.3767105932149326,0.6980458508843095,0.643344875958774,0.10125882291794429,0.16668857052476807,0.09852746887628999,0.00012174161299122999,0.00010493607664981,0.3,0.5,0.1,6,0.3580223700476932,0.1959215670861777
19,4,0.3705948074415769,0.696717332424349,0.6482392269536404,0.10849152162529445,0.04856682380908916,0.10763708406239128,0.00021865927763293998,0.00018847496886324001,0.3,0.5,0.1,8,0.3760906532072573,0.2149164056971461
19,5,0.3608276063348096,0.6878198724851325,0.6380497976269728,0.10617532341266546,0.0636560922331139,0.10417230095987673,0.00017357670708828,0.00014961571636931,0.3,0.5,0.1,9,0.3558094415955604,0.1938150130551524
19,6,0.35972821665449967,0.6979577359571343,0.6705534117511597,0.12599010171028405,0.03217408513398214,0.10445163452374737,0.00016804022459772,0.00014601186047825,0.3,0.5,0.1,15,0.363439009520848,0.186690546865763
19,7,0.3307006775038985,0.6739989576091242,0.6481716715320467,0.15752590570945638,0.0532520101640793,0.13148465854643146,0.00049495906009884,0.00062349915903135,0.3,0.5,0.1,26,0.4324328385029891,0.2255667705171246
19,8,0.3305336055319343,0.6664059410932647,0.6255322992088718,0.1293277907233931,0.0401190637601177,0.1312396468311996,0.00050784681308492,0.00064464677541819,0.3,0.5,0.1,27,0.4343901057857586,0.2397665326292368
19,9,0.31966293793388545,0.6663435381040226,0.646350650625944,0.1633973454250578,0.08014204235081943,0.1277196187525539,0.00040968011026811,0.00052003666347414,0.3,0.5,0.1,28,0.4121843276939084,0.2300528319525116
19,10,0.32250749552252633,0.6653655417206195,0.6374663807012874,0.17109515044049217,0.04859623820811879,0.14479234432939178,0.00041057617304237997,0.00038007336949567,0.3,0.5,0.1,30,0.4759300468339177,0.1581207159382339
19,11,0.32047062273810445,0.6595250255265458,0.6238494170664974,0.14370385099651917,0.04967276028681554,0.14303814734867687,0.00038518875001691003,0.00035693559455518,0.3,0.5,0.1,31,0.4663474638760375,0.1632026117853616
19,12,0.31984991172163396,0.6588627042672112,0.6230778411260438,0.14351773344150873,0.044500208951325664,0.14303814734867684,0.00038518875001691003,0.00035693559455518,0.3,0.5,0.1,33,0.4940867893634409,0.183227781156547
19,13,0.2912107664391246,0.6389627265672994,0.6213873476751851,0.173888012545993,0.14733161483026583,0.12707809755676666,0.00041564339110809,0.00045907956436149,0.3,0.5,0.1,34,0.3851544319866258,0.2301470657684623
19,14,0.2936246033449253,0.6455383390536502,0.6354313924240028,0.19395208727262042,0.042387062825330224,0.13756829766056006,0.00040054387047794,0.00049503064015533,0.3,0.5,0.1,38,0.3603001203966681,0.179453985396967
19,15,0.2871732208228506,0.6304533630377444,0.6045997092438817,0.14752953511957273,0.053239673241881065,0.12649515479584097,0.0004261506330721,0.00047423563957887,0.3,0.5,0.1,39,0.4140358504931037,0.2508715348589551
19,16,0.288155724201412,0.642850190847783,0.6392824457026572,0.20060404404750293,0.04992138244650934,0.13598812496966384,0.00037379854716883,0.00049230720302128,0.3,0.5,0.1,40,0.3560396694456246,0.2014861243514623
19,17,0.2863543709447169,0.6358526296019295,0.6237174572751752,0.2135124804647603,0.06806098614162982,0.14623115009753213,0.00041815635245141,0.00050753156687378,0.3,0.5,0.1,41,0.3336359134882345,0.1381987103411197
19,18,0.2823797716913386,0.6317384588143761,0.6194658537670145,0.22195633379632823,0.041988646676543624,0.13539953693023762,0.00038095286950002,0.00037666156284732,0.3,0.5,0.1,44,0.3353363813953656,0.153072926895918
19,19,0.27998661617845433,0.6291408696848564,0.6166669227938182,0.22322832177007548,0.04450066590139833,0.1307235576638123,0.00040912754126169,0.00049343698556091,0.3,0.5,0.1,45,0.3244834610720992,0.130970340989317
19,20,0.27834421998248626,0.6272847902832905,0.6146025570076353,0.23723081741743493,0.03962199964920308,0.12889015525099554,0.00034857949906279,0.00036137256548591,0.3,0.5,0.1,52,0.3272522975819584,0.1492322983651289
19,21,0.2781145512268046,0.6342857627169947,0.6364524510287263,0.2525427313248434,0.04178907660136186,0.1310171115017465,0.00038723037996065,0.00048402196748289995,0.3,0.5,0.1,54,0.318659347037457,0.1370189004489616
19,22,0.2747704004106727,0.633431838316257,0.6420106243356322,0.26895684223766897,0.06921264844317257,0.13754770131345034,0.00067659609712785,0.00061720038504474,0.3,0.5,0.1,55,0.3376236243012532,0.1433571551935055
19,23,0.27404177617201825,0.628654975113883,0.6294287028852653,0.2687069919862467,0.04478587124901168,0.13989430336002087,0.00066413202177361,0.00059866107573289,0.3,0.5,0.1,58,0.3337200693599146,0.1735033849952835
19,24,0.2697485120630351,0.6268413499052757,0.6341252468611671,0.2773236782841903,0.05547345027592483,0.14175610294927687,0.00066747606236939,0.00062593520679782,0.3,0.5,0.1,60,0.3092353580563211,0.2087832717286982
19,25,0.2601961665072316,0.6147529760792019,0.6201587220413926,0.2728291687876298,0.0891669881219752,0.13958021790850506,0.00058123101759871,0.00054943562343213,0.3,0.5,0.1,61,0.3044786746921369,0.2027665990334916
19,26,0.2551816849991562,0.6129948680018009,0.6255995133623797,0.30034020327651373,0.03997786477347617,0.12796053910934913,0.0005015487792756,0.00023961242569422997,0.3,0.5,0.1,67,0.2700736434420789,0.1494910189129709
19,27,0.2576643807541933,0.6110992803502523,0.6157367635176703,0.311271647994246,0.04888426812075645,0.14294376432541928,0.0006049239414020701,0.00037425371150507996,0.3,0.5,0.1,69,0.2701543648449799,0.1564808464062443
19,28,0.25702166497563683,0.6066374098968593,0.6036886289320311,0.32342900232991,0.044699287026995736,0.14204457492739714,0.00050446259843423,0.00041845641247077,0.3,0.5,0.1,70,0.326651594628905,0.2024907381789729
19,29,0.23574150662305057,0.5804303065609121,0.5799228809861103,0.3165366877320979,0.17058462937836402,0.14491459145005114,0.00045531002652773997,0.00038983421553741,0.3,0.5,0.1,71,0.2912917233785967,0.1905941329959357
19,30,0.23219472307468608,0.5751416387336248,0.5737336507492633,0.31838284804186934,0.0664285413782993,0.145444772553683,0.00047612541852452,0.00039907435370026,0.3,0.5,0.1,72,0.2859850039506812,0.1949925235675122
19,31,0.23115308040623306,0.5703866151869383,0.5614625896662151,0.3365304312788172,0.04288836979358779,0.1419093605431075,0.00052318181359023,0.00042722996835144,0.3,0.5,0.1,76,0.2944319804434746,0.1516571134151384
19,32,0.22711893981436673,0.5643532154597789,0.5544323212016936,0.33805119607686823,0.06780640671296319,0.1419908572357926,0.0004978355623728,0.0004032283067249,0.3,0.5,0.1,77,0.2904032583710229,0.1619937484641353
19,33,0.2273178643874087,0.5644151595856048,0.5544268073413507,0.3384098659590644,0.04505062640172004,0.14348939093074353,0.0005397555222716301,0.00040771017873274,0.3,0.5,0.1,78,0.2832518305021696,0.1594522062232757
19,34,0.22688306984712747,0.5782241833115063,0.5980011681722935,0.36742716527323743,0.04592329227515115,0.14598379946116236,0.00052169966749843,0.00038489210463367,0.3,0.5,0.1,82,0.2760192842360244,0.1566722125158233
19,35,0.22688307296057095,0.5745129530881419,0.5867754548152625,0.35783591795720476,0.04409450860583342,0.14598379934273042,0.0005216996903461,0.00038489207255515,0.3,0.5,0.1,84,0.2760192858661727,0.1566721968233528
19,36,0.22634491429337228,0.5774039732395551,0.5970451821035775,0.3847697922667245,0.04522755780425537,0.1459980989488259,0.00051726468918601,0.0003921003227031,0.3,0.5,0.1,87,0.2763121935934413,0.1603741481881966
19,37,0.22395530059547902,0.5650945392406647,0.5685282211050661,0.38961507705914467,0.05372381441068811,0.1534977170225039,0.00052907059713091,0.00041063087631823997,0.3,0.5,0.1,91,0.2090758971859184,0.1145019071013303
19,38,0.22028215533518877,0.5594771861371113,0.5620243631192766,0.39116017212054505,0.06827156640264868,0.1527461464141681,0.000491958552967,0.00040999614659619003,0.3,0.5,0.1,92,0.2274059704091937,0.1099297645891119
19,39,0.21680246111295115,0.5575310182435537,0.5666286088214254,0.40746643595870513,0.054329981925176594,0.1533223471279104,0.00051211036631895,0.00044959656101337,0.3,0.5,0.1,95,0.2313889600029811,0.1194776434815014
19,40,0.2153898301003758,0.5511447117901612,0.5521809870038824,0.4124417050908319,0.053773845108168704,0.1554866975318208,0.00049175436855183,0.00045392171926537,0.3,0.5,0.1,97,0.225572910038751,0.1099151268280618
19,41,0.2112406715852845,0.5483705624241738,0.5559319121660083,0.4599927670301304,0.04869312867619376,0.15342675129853944,0.00075133829095014,0.00045932376213943,0.3,0.5,0.1,108,0.2355961932515399,0.2029325822538644
19,42,0.20783587842027865,0.5500403224168939,0.5716622312958483,0.49554470295157077,0.05061359829410719,0.1542412752693746,0.0005048573139661299,0.00041665620456324,0.3,0.5,0.1,114,0.2045808901075888,0.1176458114254924
19,43,0.2003011889600343,0.5325212090054372,0.5441571608503848,0.5026507319954081,0.06318661018695236,0.1576494318275117,0.00079233271846552,0.00049416744976313,0.3,0.5,0.1,118,0.2241585690429416,0.147409623688282
20,0,0.9906311200948759,0.9969696084240741,0.9964696828513327,0.1485295483337864,0.0,0.0,0.0,0.0,0.3,0.5,0.1,1,0.7896933605758443,0.7531954226678935
20,1,0.8494142658130308,0.9634111114105088,0.9531556383720561,0.16192766474854708,0.14753781699520857,0.08521976943181529,1.946219054146e-05,1.9104794109669998e-05,0.3,0.5,0.1,3,0.6152765350020863,0.5524439350686344
20,2,0.4928355757458476,0.7862685400694341,0.746097163243252,0.11817514299555046,0.777770877477211,0.09886911345383641,0.00019370546463389,0.00019967121826088,0.3,0.5,0.1,4,0.409280805322007,0.2204503042365578
20,3,0.47872970672578397,0.7766766184264314,0.7349441443954244,0.11707358553506104,0.0686809852788039,0.09837709044821497,0.00022407176748961998,0.00023463501044881002,0.3,0.5,0.1,5,0.4205445678126793,0.2214267141038412
20,4,0.4002221288838282,0.7178848204584485,0.6664485512599185,0.10682344176511384,0.2723045692622243,0.09866231514885074,0.00013081877149586,0.00014678441401527,0.3,0.5,0.1,6,0.2637362930159513,0.2042001203788711
20,5,0.382369722157212,0.7066576733452511,0.6602579360249762,0.10812631653314952,0.060739231609831724,0.09892455255305437,0.00013520870483442,0.0001612908589649,0.3,0.5,0.1,8,0.2082640948875273,0.1625489275212522
20,6,0.34195198533756127,0.6701873166524075,0.6174462467749473,0.10514586350666962,0.11100708075067113,0.10553013764166397,0.00011640326881055001,0.00012992324317492,0.3,0.5,0.1,10,0.2633680772311712,0.2081400113034563
20,7,0.3297613106341492,0.6605931288524287,0.6066052027821894,0.11102174290587363,0.07055062500397791,0.09863054322747004,0.00016899625772175,0.00020527469341938,0.3,0.5,0.1,11,0.2379178426095643,0.2091311728264041
20,8,0.29224446119077296,0.622588098465556,0.5692425247569931,0.10575531677272001,0.1107053428135583,0.09843272796118631,0.00016845112761948,0.00020470911413766,0.3,0.5,0.1,13,0.2077316455192688,0.163411207184235
20,9,0.29220913125178394,0.6225486853673603,0.5691965886105927,0.11088453823035205,0.029796694965474792,0.09843272796118631,0.00016845112761948,0.00020470911413766,0.3,0.5,0.1,14,0.2086146413652742,0.1621919549192432
20,10,0.23200545700548966,0.5502234537300872,0.49135604644693964,0.0933915548638659,0.3583667352928242,0.10798989259217505,0.00029538727565729,0.0003661749078704,0.3,0.5,0.1,15,0.2137906727722285,0.0892136431210467
20,11,0.22792449965101738,0.5442955130033091,0.4844048807203891,0.09036536631340467,0.045649055105098334,0.10887570278132074,0.00030233958035631,0.00042150511478011003,0.3,0.5,0.1,17,0.1935813128426922,0.1274106271259985
20,12,0.21818941727834035,0.5300824141548947,0.46784136105715624,0.08901696729149484,0.0920670289951344,0.1089253629470561,0.00034506731873089,0.00040341601826454,0.3,0.5,0.1,18,0.152346495420551,0.1976519342201723
20,13,0.21290517998954928,0.5252568111165188,0.46899578708248296,0.09413272538897476,0.07161180315475683,0.11148367075756195,0.00033267983430044,0.00043757568662065004,0.3,0.5,0.1,19,0.1592326415510898,0.1261520578321586
20,14,0.21278613849308264,0.5250731098369974,0.46878177868278303,0.09938697533068273,0.034412898130102516,0.11148367075756195,0.00033267983430044,0.00043757568662065004,0.3,0.5,0.1,20,0.1587854740183313,0.1275018574187486
20,15,0.21117048452387743,0.5263282056292115,0.47715690243852726,0.10050120374838524,0.04349533555050662,0.11125562341785114,0.00033568848090074,0.00045537705962719004,0.3,0.5,0.1,21,0.156755856398357,0.1144547342040159
20,16,0.19466720217694003,0.4997258732656475,0.446190089175412,0.10869335724495094,0.08798536952065213,0.11076843240238911,0.00032988330288565,0.00048647167993481,0.3,0.5,0.1,23,0.1397614491083579,0.1065716896406102
20,17,0.19401324685668822,0.502335404923149,0.4561324138378431,0.11318902194871987,0.035713777256584416,0.11075126280054659,0.00033752265250742996,0.00049213381984269,0.3,0.5,0.1,25,0.1366469523657038,0.1043259845107751
20,18,0.18693530934555525,0.4907312345275606,0.442709234516372,0.1085103307635255,0.07888421935808113,0.10898602731501757,0.00027665733315156003,0.00031426792124944,0.3,0.5,0.1,26,0.1568151452459569,0.1077130191662417
20,19,0.1860396770013955,0.48863527538466767,0.4401786247900682,0.11415998978877015,0.0437719535016681,0.11073403782421276,0.00029069339389428,0.00039032929741463,0.3,0.5,0.1,27,0.1302619460430752,0.0778726269200637
20,20,0.16823694948487608,0.4557572194355729,0.4018773846526088,0.11084920348118171,0.10118062839895327,0.11068558183557288,0.00031167190954484,0.00038946095502386,0.3,0.5,0.1,29,0.1110668078068156,0.0686606024015623
20,21,0.16627533243327078,0.45565187312006344,0.40865886903815246,0.12368572072629677,0.04123432275348706,0.11061007978198042,0.00033003538733677,0.00040278369286943,0.3,0.5,0.1,31,0.1117230074983562,0.0739196570673783
20,22,0.16419180089245022,0.45151145768077156,0.4038310716193633,0.11450255265085321,0.05060097518010434,0.11069048475858849,0.00033357302877282,0.00040690248174367,0.3,0.5,0.1,32,0.1119058999117097,0.0704611129579389
20,23,0.15848089615711705,0.44370886013509886,0.4016480437418001,0.12955473391334063,0.05708404312144095,0.11062858171797538,0.00032753177379269,0.00034880537525751,0.3,0.5,0.1,34,0.1121073614892418,0.0876389785638483
20,24,0.1477288968711688,0.42073905008287144,0.3748772451712143,0.12939796304649553,0.12848009592900836,0.11080239753760429,0.00035843822741528,0.00038109228934472,0.3,0.5,0.1,35,0.1159983213724072,0.0831145964301305
20,25,0.14462714678184144,0.41720738432113413,0.3776207974574979,0.15079717452172361,0.039923791708595925,0.11166223467281511,0.00036713925307183,0.00044731016972485003,0.3,0.5,0.1,40,0.1323167978293717,0.1093180751458576
20,26,0.13264610871935276,0.40400049818902156,0.3898560522799185,0.19148692790966781,0.04808032214248115,0.11134557040133086,0.00041755451237907997,0.0004193825433781,0.3,0.5,0.1,48,0.1175956004511588,0.1044698354457317
20,27,0.1324742525239978,0.40723107451995133,0.4005150874814609,0.18686682314401648,0.034769263246637365,0.11152952450531499,0.00041051472599844003,0.00030793984033978,0.3,0.5,0.1,50,0.1015510293769205,0.1038361321718544
20,28,0.13218194682389076,0.41023952069399267,0.410923801685556,0.20259327617880704,0.03511154574725781,0.11147630916472766,0.00041533683017924,0.00033727735164932,0.3,0.5,0.1,52,0.1101600628297879,0.1090276115056325
20,29,0.13083332754381374,0.40318779879114336,0.3958057716969242,0.21545187168078841,0.040587902526254376,0.11149156267486597,0.00041446497702298,0.00034169355233314,0.3,0.5,0.1,54,0.105744549102183,0.0989559413548458
20,30,0.1292189585300642,0.41401938225693596,0.43603551459052914,0.26631542335899394,0.0357359672649813,0.11142712731820023,0.00042195313269313,0.00035262448440676996,0.3,0.5,0.1,62,0.1154406229903225,0.1188000762292765
20,31,0.12219195673343548,0.3957786525503972,0.414776870405877,0.26939705901775707,0.0588806744516724,0.11153116958500386,0.00047900443626939,0.0002870105448677,0.3,0.5,0.1,65,0.1193128194616083,0.1170640587723014
20,32,0.1212738583284695,0.3894686866448181,0.4005083213619862,0.30004823849879725,0.037555548148333694,0.11190546857596598,0.00043267725048992,0.00032935056972493,0.3,0.5,0.1,68,0.1090779295412322,0.1185472481943258
20,33,0.11932653544100755,0.38804782600896603,0.4057675630902258,0.3085937603502465,0.0441273378534251,0.11159384822212261,0.00047797768450201,0.00029382928583595,0.3,0.5,0.1,70,0.1276218599752918,0.1227260445103599
20,34,0.11903789998383173,0.39096493295454954,0.41606729971647194,0.3083769124183458,0.034864643706972565,0.11150298640635403,0.00048019106871057,0.0006060270148389401,0.3,0.5,0.1,73,0.135965175026473,0.1187231806721061
20,35,0.11594840737941557,0.3786472443705381,0.3948079624635515,0.3277088284028472,0.06943623326083655,0.11163709206867534,0.00048056226686018,0.00064930383714439,0.3,0.5,0.1,74,0.1422564675576127,0.1218207324494088
20,36,0.11580866798336209,0.3819748619026204,0.4055874446795047,0.33785776735276574,0.03459420285513796,0.11162129331307832,0.00047925203825229,0.00066205100899289,0.3,0.5,0.1,76,0.1432434215210191,0.1223659824017233
20,37,0.11577902002315361,0.3744668439889356,0.38303612889978317,0.26250410938163227,0.034120462944946806,0.11162443267813708,0.00047990978599912,0.00066385840433062,0.3,0.5,0.1,77,0.1439726499989915,0.1223936303208585
20,38,0.11564264170976245,0.39263797192410493,0.43871574515541395,0.4092012256022577,0.033893120517589415,0.11165202587049597,0.00048168866733593995,0.00058766538974032,0.3,0.5,0.1,93,0.1454712929791564,0.1185309223796627
21,0,0.9259412434993676,0.9752592203998572,0.9711777594515972,0.14247886458778977,0.0,0.0,0.0,0.0,0.3,0.5,0.1,1,1.0754391665716474,0.7636066909511281
21,1,0.7969197318432378,0.9422315632226554,0.9285304361786327,0.1558145056689295,0.1455474402761514,0.08426178029915693,1.019592825971e-05,1.1257136432859999e-05,0.3,0.5,0.1,3,0.8611697505601531,0.5535435109451394
21,2,0.44630751423960785,0.7536773367972557,0.7081242825531724,0.10911541132756657,0.8262076726224198,0.09886716029529208,0.0002474610344195,0.00024795319321649996,0.3,0.5,0.1,4,0.553901806021903,0.2251766625272244
21,3,0.3658418830644125,0.6884811428302403,0.6321784203088833,0.09557003388494828,0.16416274650347396,0.09904074421796905,0.00010787286948272001,8.176714561851e-05,0.3,0.5,0.1,6,0.4153159721333068,0.1525308461453527
21,4,0.3658277397353205,0.6884685305156879,0.6321636356796205,0.0974200408775557,0.02982855285172315,0.09904211682636,0.00010787686102243,8.175065091634999e-05,0.3,0.5,0.1,7,0.4154260544345697,0.1526379229650945
21,5,0.35116505614913446,0.6787944223783661,0.627803302751868,0.09818806257840579,0.08475424074782228,0.09885736776875892,0.00012762437172018999,8.645500615165e-05,0.3,0.5,0.1,8,0.4028797618876289,0.158612978201571
21,6,0.3399827093504771,0.671414296210823,0.6122881305212288,0.10756401494682283,0.07381860676317287,0.09915817868412154,0.0001370339676578,6.373957618957e-05,0.3,0.5,0.1,9,0.4147860626624833,0.2626288029653139
21,7,0.3407397017303098,0.6727131903575331,0.6273740415890088,0.10218015018011264,0.03379669701372429,0.10378179897824817,0.00016200217925782,0.00011309157611276002,0.3,0.5,0.1,10,0.3943798093822391,0.1515377478149938
21,8,0.3205331780311655,0.6523651417350355,0.5969987219363596,0.11212219164515874,0.10661385478592292,0.09915817868412154,0.0001370339676578,6.373957618957e-05,0.3,0.5,0.1,11,0.5436066825903223,0.1743546503638127
21,9,0.3195434855264743,0.6491731825149714,0.5932750249587739,0.11041006584030594,0.03414847904345937,0.09908080078865876,0.00022486499649689002,0.00016979185594625,0.3,0.5,0.1,12,0.3514625673190221,0.1935824268387768
21,10,0.2981438865886537,0.6311338482054356,0.5787423832606156,0.10764582962957533,0.1371582236758623,0.10756059831155572,0.00023444251843392,0.00011274830630267001,0.3,0.5,0.1,13,0.420223421817756,0.2407110986465546
21,11,0.29479596544839254,0.6253988166128283,0.5724808015253795,0.10927031512504692,0.033517894534354074,0.09908080078865876,0.00022486499649689002,0.00016979185594625,0.3,0.5,0.1,14,0.3854986504963328,0.1798338165439625
21,12,0.280649231938426,0.6055272345030057,0.5420050264781086,0.09901818703085796,0.1108060612061157,0.10758153918417941,0.00026168487574897,0.00017371890605335,0.3,0.5,0.1,15,0.2936396785398318,0.1158394955320021
21,13,0.27311300506533,0.5985073974459368,0.5338163637965886,0.1081318781985536,0.06966429031901321,0.10767344892015458,0.00033291805017725,0.00019585890396478,0.3,0.5,0.1,16,0.2880079571127836,0.1490299520055581
21,14,0.26123898177604415,0.5924551452574189,0.5405789063472926,0.09939554493877728,0.09231191661635565,0.10756152193325275,0.00029902120318127,0.00016465813214459,0.3,0.5,0.1,17,0.2646855172564643,0.1314520274802396
21,15,0.24351365986614762,0.5623999029773613,0.4986543946196995,0.10388957631738852,0.12775499239646454,0.10767344892015458,0.00033291805017725,0.00019585890396478,0.3,0.5,0.1,18,0.2928509458092874,0.1118558745832707
21,16,0.22729713677887142,0.5361161045347929,0.46112173554067193,0.09110592572238994,0.12597968168135393,0.10794696973752956,0.00030327556242918,0.00017227894575834,0.3,0.5,0.1,19,0.2623169960709975,0.0762006856465808
21,17,0.21370142209091164,0.5158536539345808,0.43749048993729395,0.1049645944579562,0.11689128632357078,0.10824516436833553,0.00043388834103822,0.0002049930835231,0.3,0.5,0.1,20,0.2510283408537487,0.1229181914076369
21,18,0.21474276561340241,0.5160133438692763,0.4372321334041975,0.10952480217474188,0.04587422334385051,0.11721369659336159,0.00043736844164344,0.00022078122801628,0.3,0.5,0.1,21,0.2484313577024833,0.1032302943518566
21,19,0.19331143328671277,0.48318310238660106,0.39944913627913003,0.0859251767327129,0.15643545535659287,0.10796550075999581,0.00038044776680822,0.00017003741949018,0.3,0.5,0.1,22,0.2189213960862273,0.1029354901223977
21,20,0.19120416452716002,0.48328161729670693,0.40645807530688677,0.09737589631393183,0.04772922059311666,0.10818442422404989,0.00034921028464362,0.0001576927106647,0.3,0.5,0.1,23,0.2204120145534222,0.0974324781502934
21,21,0.1898652445457129,0.4811140062558868,0.403960307412597,0.09165431621679668,0.040753463377451046,0.10760890472295556,0.00035757591232941997,0.00018063502478261,0.3,0.5,0.1,24,0.2156158721463183,0.104959577902485
21,22,0.1877684212534253,0.481205687146737,0.4109672556024316,0.10328083074291557,0.047501797039156496,0.10771141250808686,0.00032522819791155,0.00016141520555261,0.3,0.5,0.1,25,0.2261765539523015,0.0831858044727519
21,23,0.187983632834851,0.4720927321430358,0.38607605566128494,0.10752903403711689,0.05433576395959237,0.11714485256690375,0.00035872704703704,0.000209985217431,0.3,0.5,0.1,26,0.248014307341021,0.10539771544017
21,24,0.1803204557922079,0.4643275997818651,0.3844039234203838,0.10491136986689457,0.06777210638590402,0.10768864412757116,0.00032303122273693,0.00015808489446792,0.3,0.5,0.1,27,0.2291664041521546,0.0972298744195433
21,25,0.17997317111080083,0.463634653037315,0.3835833094960124,0.0995571944870134,0.03575554910470924,0.10799286322089015,0.00030215230395357,0.00015970552500271998,0.3,0.5,0.1,28,0.2272644542385757,0.100376583818408
21,26,0.17933336910757408,0.4660565284231749,0.39328082205637355,0.10453095434977444,0.038687816624452434,0.10849566596819402,0.00031633908687737,0.00016178523106718,0.3,0.5,0.1,29,0.2269349153362916,0.0977380651319732
21,27,0.18003301671169478,0.46173422794157015,0.3809514712719459,0.12482543850131236,0.039301240371175196,0.1164019156608292,0.00031359515616204,0.00020798705612041,0.3,0.5,0.1,32,0.2564377823705183,0.1135054469542526
21,28,0.1773847081467129,0.46983532574682013,0.4114706031313746,0.1447378303238672,0.03339344386768559,0.108740326023419,0.00036360791156955,0.00021369566752788,0.3,0.5,0.1,37,0.2300953768691586,0.129868847610095
21,29,0.1760583647381199,0.47109008929541246,0.41983459181690186,0.1585222207811414,0.037867739413701855,0.108740326023419,0.00036360791156955,0.00021369566752788,0.3,0.5,0.1,39,0.2335365966511425,0.1235021805840046
21,30,0.17133362508462963,0.461821930113693,0.40896032608285104,0.17998540919726536,0.039994082903595296,0.11033965329800623,0.00035661281409333004,0.00012794425951625,0.3,0.5,0.1,45,0.1832142219007592,0.0725627631949684
21,31,0.16956152345107997,0.4621391569737213,0.4162317825429741,0.18801357943765137,0.040299952697929846,0.1103514329140727,0.00035472231687166,0.00012099550198097,0.3,0.5,0.1,47,0.1704824307867579,0.0865508494882743
21,32,0.16472764605364976,0.45263885272895754,0.40515510876611766,0.19444113783142922,0.053032324391501975,0.1105078838240515,0.00037062660048265,0.00012347396512845,0.3,0.5,0.1,49,0.1742099521586866,0.0640367627484475
21,33,0.16450336490948866,0.45219179885940125,0.40463393559694155,0.1947240885168647,0.03520408352911926,0.11053397217938436,0.00035895249425692,0.00012619055701903,0.3,0.5,0.1,50,0.1752491534741078,0.0665036030733448
21,34,0.1624936188930666,0.45188965864105085,0.4111829802782558,0.20599494000676524,0.03889141099123017,0.11055255383367593,0.00036531742303794,0.00011080720700894,0.3,0.5,0.1,53,0.1689905303012408,0.0602426334849553
21,35,0.16220709912497672,0.44763194276026685,0.39932591364666253,0.2122107960129731,0.03543656234824951,0.11045040902716606,0.00035869846485383,0.00013098412120596001,0.3,0.5,0.1,54,0.1702945670131831,0.0621610488467842
21,36,0.15695366112274461,0.44433519786841147,0.40929096579558105,0.2250893737950059,0.04436870300839202,0.11043500587200265,0.00035170672211303,0.00013821825100367,0.3,0.5,0.1,58,0.1757335533073857,0.07151822369185
21,37,0.1455048503676356,0.42329605024061495,0.391670012661688,0.25078076308632585,0.05388259257422644,0.11035657695528284,0.00042251744560081,0.0008210231788678199,0.3,0.5,0.1,63,0.1409013046248127,0.0594129951121645
21,38,0.14352574641195096,0.4225489842718998,0.39770149116255454,0.27925074001601613,0.038002338844608505,0.11042193367334673,0.00040148992443035994,0.00075698008290177,0.3,0.5,0.1,67,0.1436446937977115,0.0577445223530424
21,39,0.14161763051632015,0.4182632445700915,0.3927171055728583,0.26816302647576024,0.04208624119727568,0.11022918673512103,0.00042311492009790996,0.0007195259365498101,0.3,0.5,0.1,69,0.1353089079961317,0.0637638112242008
21,40,0.1414310902984737,0.42159592927718303,0.4035081265549896,0.28129521727288137,0.03471693090383602,0.11010381616224145,0.00042089738159383,0.0007226321580097,0.3,0.5,0.1,70,0.1378051932158097,0.0589348370572342
21,41,0.13858848374733795,0.4110313048981049,0.38426621062416433,0.30677696855772635,0.03835702501489847,0.11049559857953173,0.00057904461936074,0.00070976184121075,0.3,0.5,0.1,76,0.1466586251304545,0.044619476244044
21,42,0.1369998210014104,0.4149762482016035,0.40269932983993,0.30910733141334323,0.037812061117175826,0.11000345966375707,0.00045538691197833,0.00080870565905913,0.3,0.5,0.1,79,0.1382616545839885,0.0491708157528557
21,43,0.13392980663693485,0.40755429142995053,0.3940450314994856,0.32082505120357235,0.06417054502254797,0.1101442611380753,0.00048088710198394,0.00074092751397802,0.3,0.5,0.1,80,0.1304410268366179,0.0473315014437843
21,44,0.133370148020063,0.41012701088161263,0.4039689862948053,0.33085295150112953,0.034577587984280976,0.10968939717558973,0.00045462614995566005,0.000744347736795,0.3,0.5,0.1,83,0.1399343037622276,0.0471361945091887
21,45,0.13213852113400218,0.4105473988868116,0.4113291602312144,0.3335554592392747,0.03818461486740023,0.1101957813381618,0.00052253257807896,0.0008125306914160901,0.3,0.5,0.1,86,0.1331239693107272,0.0346035203481219
21,46,0.1302174553597548,0.40219528251245956,0.3947087123502059,0.33554876839102465,0.0521958281721325,0.10998508063734673,0.00053421629909282,0.00067616022751218,0.3,0.5,0.1,87,0.1365592748801548,0.0401194041016199
21,47,0.12759577872955447,0.3954222585462823,0.3867993976366334,0.35142900521667597,0.06183125907130439,0.11023272847741943,0.0005921628136861901,0.0007915975305579999,0.3,0.5,0.1,88,0.1326082203083532,0.044996548380987
21,48,0.12469386477121384,0.3917807516418467,0.38947008391084564,0.36696262854161055,0.048410306459790615,0.11007220658076118,0.0005540454251733099,0.0008149351710429701,0.3,0.5,0.1,90,0.1366519775184379,0.0456316101933895
21,49,0.12351198429118433,0.38503187592256444,0.3747100307026848,0.37327411663643884,0.039569027262875936,0.11005334013812906,0.00052630942847129,0.0007434409191455201,0.3,0.5,0.1,92,0.1365951693448972,0.0488964448586001
21,50,0.12307883024146281,0.3912403710709892,0.39573968783970753,0.41256218625289404,0.03397479072718076,0.11014225081444583,0.000559640964021,0.00076446923361547,0.3,0.5,0.1,101,0.1276588656556546,0.0444708789860865
21,51,0.1205375609086953,0.3881815524050849,0.3990757807979115,0.4179257513641671,0.0614471280544743,0.11021989148534223,0.00056513943960238,0.0006660126986705701,0.3,0.5,0.1,102,0.1189538225643601,0.054462518457043
21,52,0.11976107369603323,0.38965436376544366,0.4076804587081862,0.4502381868163592,0.034448502029930675,0.11036820422738401,0.00062864343914585,0.00071165265747366,0.3,0.5,0.1,112,0.1139857111854309,0.0478542923660136
21,53,0.11804657208988324,0.3887699487524557,0.41355908042209744,0.4635186976554917,0.03971849652802802,0.11029309746119881,0.00060041894868857,0.0006706700409153099,0.3,0.5,0.1,115,0.1131960378117793,0.0501617222740232
21,54,0.11786233022815625,0.38452061176176294,0.401703460007631,0.4670286893280683,0.03462112378518001,0.11033191714631031,0.00061013383934867,0.00069166870600168,0.3,0.5,0.1,117,0.1123208580743527,0.0468663912963355
21,55,0.11782351291784479,0.38443951002559146,0.40161137759055854,0.5085059098190311,0.03349357828433105,0.11030517962626478,0.0006019684318799899,0.00066707011389271,0.3,0.5,0.1,125,0.1117106829958738,0.0480056168754964
21,56,0.11743824602269408,0.3910228825121882,0.4231051371133872,0.5923503578543275,0.03376728933850403,0.10989629586078943,0.00061283379190447,0.0006334780538130101,0.3,0.5,0.1,132,0.1244472594440722,0.0552482529750172
21,57,0.11707887957679888,0.3900433527279305,0.4219650556677142,0.5959628061190855,0.037344295903748416,0.10987973292927919,0.00060956156665471,0.000635754449444,0.3,0.5,0.1,133,0.1241081021196893,0.0559629521520019
21,58,0.11641802601150429,0.3878922270282571,0.4194299188638513,0.5605835528882407,0.03590415611533311,0.11038631928701542,0.0006440834244464801,0.00071077335244868,0.3,0.5,0.1,137,0.11476434782226,0.0489901706283915
21,59,0.11627923032052934,0.42857073068884965,0.5427647665420504,0.6499395914960565,0.03338781861496454,0.11000928100592507,0.00062475837049356,0.00064961834758083,0.3,0.5,0.1,150,0.1226634989289368,0.0547282885205734
21,60,0.11602352419197161,0.4019060163561384,0.4633887394390881,0.7530473005195017,0.03360949471552553,0.10995793880429702,0.0006193150653365399,0.00064853992238904,0.3,0.5,0.1,161,0.1283305527800272,0.0548056215713584
21,61,0.115976515696466,0.4018434164107867,0.4633217881673183,0.764529230262839,0.033385576047205205,0.1097989278753559,0.00064065431277294,0.00065308274582567,0.3,0.5,0.1,163,0.1251002861096697,0.0555111632027184
21,62,0.1158176668649472,0.40851120044726985,0.4848658955624234,0.8300670464186284,0.03373192114419663,0.11030552495043017,0.0006581966330032501,0.0007467374355939499,0.3,0.5,0.1,179,0.1232636147274615,0.0477296400785137
21,63,0.11413099628768482,0.4001462414082505,0.46822651990731023,0.8198726149748461,0.042956874615858585,0.11019040687062563,0.00065351861374659,0.0006439506982637,0.3,0.5,0.1,181,0.1220962429799733,0.0557328571350203
22,0,0.903894387336806,0.9675255890672596,0.9621683516963887,0.13888965193522007,0.0,0.0,0.0,0.0,0.3,0.5,0.1,1,1.1581799413109262,0.7495063282056779
22,1,0.7720230060563503,0.9326982365566059,0.9171633274042692,0.15429947955197865,0.154105996829159,0.08952737300270038,1.498481356592e-05,1.636185429899e-05,0.3,0.5,0.1,3,0.9358406407450944,0.5477409723644128
22,2,0.44187608194070077,0.7503806795792995,0.704295805347539,0.108143151925886,0.793579434635693,0.09864342196724914,0.00023761131600601003,0.00024017332952042,0.3,0.5,0.1,4,0.5779155439603226,0.2351652127899694
22,3,0.44042445530710267,0.7531787863132373,0.7143489074743803,0.11301387627157668,0.03363931000808692,0.10076513606629302,0.0002763708714423,0.00027899598298009997,0.3,0.5,0.1,6,0.5718890486631513,0.2269819400506282
22,4,0.3771653334767013,0.7058360417922162,0.6662584826737342,0.12479438446946732,0.09828385581283974,0.09775656552719507,0.00017995571457008,7.369197176293e-05,0.3,0.5,0.1,9,0.5516915212737201,0.3335288201647058
22,5,0.3361586695612351,0.6720145485678046,0.633224501444874,0.12325452061374183,0.11676565756400199,0.10825048244304131,0.00035747451439545,0.00014638602549372001,0.3,0.5,0.1,11,0.4881767710313518,0.3488632770464404
22,6,0.2859455526852656,0.6192663154635828,0.5720274808239484,0.11427363243300287,0.1373100554554155,0.10296435200740317,0.00046642907792750004,0.00012143795797582999,0.3,0.5,0.1,13,0.3319442180262128,0.2627501687109633
22,7,0.2666859517153834,0.5997676247499366,0.5560968455092067,0.11528162717100017,0.08063206200123375,0.10536679889779312,0.00044753199975354995,0.00013159006462276,0.3,0.5,0.1,15,0.2840331719694247,0.2483806111404946
22,8,0.2368759063189534,0.5680386253328044,0.5327418628062656,0.1283528060733916,0.06080500884527585,0.10927795306774182,0.00048016095057346996,0.00012533662435785,0.3,0.5,0.1,21,0.3058088353548486,0.2937839476232557
22,9,0.23278871424406614,0.5623069265949592,0.5260753652979241,0.13621087233304935,0.040695271762570026,0.1091415555170941,0.00042569348178753,0.00015526838043703,0.3,0.5,0.1,24,0.2865538397803387,0.2575706675339947
22,10,0.20516836054689222,0.5290584917093861,0.5013411755850248,0.14196084067324885,0.08608403896921057,0.1050363384700118,0.00052593300673083,0.00016330777677097,0.3,0.5,0.1,27,0.2385143187605339,0.1664383870382142
22,11,0.18155069089675585,0.4826346004869256,0.43974148935004437,0.1317679575656327,0.13129109451859422,0.11743337627522964,0.00054211490770198,0.00017300470902507,0.3,0.5,0.1,29,0.1997185978629425,0.1913751547794869
22,12,0.1767483134232473,0.48185965022790483,0.4527658891652614,0.16102149263913626,0.03862992430367209,0.11464241216663669,0.0007119546608841301,0.00025893289932813,0.3,0.5,0.1,37,0.2429080682457053,0.1391941918115607
22,13,0.1645173455543148,0.46235394496689075,0.4370125318025212,0.17239484140135264,0.12832250430805897,0.11339708396915125,0.00064240549859283,0.00022111908582411998,0.3,0.5,0.1,38,0.2305753953731562,0.1401681010988511
22,14,0.16305923427591423,0.45979356181782605,0.4340863557476322,0.1714410218919742,0.0386223126048101,0.11224587269657443,0.0006471048603971,0.00022182258013759,0.3,0.5,0.1,40,0.2252973316244147,0.1340073634310351
22,15,0.1505561642185002,0.43241946913271306,0.40201991732448134,0.16532163087676016,0.152358841751494,0.11593276918140671,0.00057325448276328,0.00022687922322746002,0.3,0.5,0.1,41,0.2204415019954131,0.1041473802984764
22,16,0.12315699905689878,0.3688680914998062,0.3282319164976671,0.14258571816500062,0.1615607402532427,0.11102645308654119,0.0005350403803473099,0.00014073119129446,0.3,0.5,0.1,43,0.1701455976938672,0.1237786656371662
22,17,0.12410307641888528,0.3680358728842532,0.326927895839789,0.15021062274786437,0.0395494801454757,0.11773351352139397,0.00055432132856284,0.00020037150845338,0.3,0.5,0.1,46,0.1743821122313925,0.091253532643553
22,18,0.11790995445257924,0.35555115472771015,0.3193459213281433,0.17961520980386064,0.06793825113033838,0.11653238540600244,0.0005487454199712999,0.0001893575464096,0.3,0.5,0.1,48,0.1523101223327443,0.101392750174829
22,19,0.10412318091886723,0.32024815788435396,0.28525903543929804,0.1839821646998418,0.1131218086090915,0.11370294994857054,0.00056670216324106,0.0002333834122033,0.3,0.5,0.1,50,0.1437855312482754,0.0816034912018913
22,20,0.10033794196344345,0.3116458749597178,0.2821165066076256,0.196739061863318,0.04743695340193235,0.1142121413984497,0.00055255260228373,0.00019247876034622998,0.3,0.5,0.1,54,0.154374069142448,0.0802366026020913
22,21,0.09736849252964232,0.30697229404686976,0.2836675939537392,0.21299925126848587,0.050241778495789674,0.11227817444934295,0.00057382923813528,0.0002234953345829,0.3,0.5,0.1,56,0.1434692506035253,0.0863743397321332
22,22,0.09462038316335278,0.298737677045522,0.2741502829469143,0.21035511596580264,0.04937579392441573,0.1107035725668223,0.0005960179715004,0.00024370752574457002,0.3,0.5,0.1,58,0.1422096378367119,0.0832856760869222
22,23,0.09546470919978119,0.3031138831441053,0.28599902229895496,0.21729962995302518,0.034802165188865836,0.1138449934464813,0.00056021662430561,0.00019024222566017,0.3,0.5,0.1,61,0.1474824689850693,0.0972298183218972
22,24,0.09545176217951534,0.3030723433259174,0.285950788275254,0.2172873647557415,0.03461859285458763,0.11384152274412546,0.00056026957515902,0.00019016484139551,0.3,0.5,0.1,62,0.147394742500363,0.0972797663648663
22,25,0.09247154762442898,0.2967347405336295,0.28548535438598854,0.24576517220216215,0.04462402733954724,0.11356365692580378,0.00054470304906408,0.00016559793644262,0.3,0.5,0.1,66,0.1511996197017246,0.0904407851284288
22,26,0.09232849593162783,0.29619821741557334,0.2848579450884861,0.25607473461153785,0.03664538133223057,0.11361014766346184,0.0005451320018107499,0.00016624891389771,0.3,0.5,0.1,67,0.1517865899261055,0.0902025985362633
22,27,0.09078711275862256,0.29217053950047267,0.28025683656807915,0.25107683214072435,0.038617042079618226,0.1117800888695382,0.00054022652489593,0.00016414776122328998,0.3,0.5,0.1,70,0.1540712424008625,0.1020784122920696
22,28,0.09016813976338837,0.2948292622848672,0.2903312716301131,0.24987699982279601,0.03578072607627633,0.11027815050844997,0.00053511930972315,0.00015614752222575,0.3,0.5,0.1,71,0.1434348086672872,0.0991823556108883
22,29,0.08828751293693013,0.28038854361980764,0.2596865382915094,0.23173413993137382,0.06285329665925986,0.11060967351529132,0.00054370683347974,0.00016787150015221,0.3,0.5,0.1,72,0.1393064200821215,0.1031788104654999
22,30,0.08759813846408639,0.2815208250429008,0.2679034583162451,0.2513528393996528,0.038871262689342254,0.11069449585375002,0.00054554506957449,0.00016785941436024,0.3,0.5,0.1,74,0.1417326576202942,0.1050814638564492
22,31,0.08673082381480773,0.2805433024997722,0.27357504045380737,0.24991107028993192,0.039464561540236476,0.11251056043741059,0.0005713054499452001,0.00016083930985779,0.3,0.5,0.1,78,0.1415521581371877,0.105417437309203
22,32,0.08512250918252456,0.2872165191421319,0.30214902919076186,0.3112208025920448,0.034493587566513405,0.11068248734642064,0.00053589298016157,0.00016881978009145,0.3,0.5,0.1,94,0.132063844925538,0.0979512246198746
22,33,0.08510170241826308,0.2945141535534906,0.3244522165961894,0.35723977597922846,0.033579445248746814,0.11073816136922085,0.00053607585581641,0.0001695980225438,0.3,0.5,0.1,102,0.1315536375211168,0.0981312363983236
22,34,0.0845215683270372,0.2885009645111137,0.31053799172855456,0.36030590298134074,0.04321524107827695,0.11085508729782344,0.00054690850710774,0.00017901510909744,0.3,0.5,0.1,103,0.1303839009668274,0.0964516603879113
22,35,0.08480699213651606,0.3036284264115889,0.3557226712715981,0.4109062885493451,0.03384045286031721,0.11179916282871642,0.00055388511562807,0.00017426641609864002,0.3,0.5,0.1,105,0.1394562879412822,0.101892442283983
22,36,0.08454984084809357,0.2884051207527321,0.31041433081027514,0.3676860632354599,0.033961759283350934,0.11109658103194858,0.00054902273318729,0.00017190746875540998,0.3,0.5,0.1,107,0.129823161712365,0.0934226415222403
22,37,0.08435352386551165,0.29906985369103206,0.34356135729337023,0.41423416838030286,0.03504766535997665,0.11075905716460907,0.00055364599593316,0.00017455056638379,0.3,0.5,0.1,108,0.1399463914587466,0.1026203013339186
22,38,0.08430997837589675,0.2985461981751126,0.3429301323042666,0.41418063630227836,0.03633875787579275,0.11119119803113432,0.00055267838148128,0.0001658526363737,0.3,0.5,0.1,109,0.1410481927635399,0.1035462437492985
22,39,0.08451011150489811,0.29848204606988676,0.342806811936158,0.4257431957395446,0.03443826411600063,0.11217231917277273,0.00055134626395245,0.00017473033478427,0.3,0.5,0.1,112,0.139201771037036,0.1016154172342252
22,40,0.0841734675837559,0.30482772330153857,0.3640158289920255,0.4664247989170944,0.03801148815899116,0.11192930030416189,0.00055104265262729,0.00017493055931687,0.3,0.5,0.1,113,0.1427604696618563,0.1019498733426626
22,41,0.08421866537847505,0.29717727410651174,0.34127458779415365,0.42543961541625247,0.034820344741120855,0.11237203314642899,0.0005766321857139901,0.000189652888103,0.3,0.5,0.1,115,0.1432858535722837,0.1077131474190963
22,42,0.08413252436930581,0.3006316797832032,0.3522060897301829,0.4586918912854356,0.03416417005811361,0.11228910378545028,0.00056749489711759,0.00018015338616856,0.3,0.5,0.1,120,0.1415715317213671,0.1043451174339639
22,43,0.08402966881956599,0.30033638003622526,0.3518669322807164,0.4585951968841522,0.035114393568764266,0.11217244738938113,0.00057620551794723,0.00019098315788878,0.3,0.5,0.1,121,0.1456189800774525,0.1073707268987871
22,44,0.08367973982833114,0.2988642163292593,0.35014508901486974,0.5656988760944942,0.034325628504840416,0.11224263581386276,0.00058849758370333,0.00033200682116557004,0.3,0.5,0.1,140,0.1478309549826363,0.1102260584317251
22,45,0.08356418074073638,0.3058768360649627,0.3721210114279025,0.5928487322301571,0.034804642925373934,0.1122185484437676,0.00058489860505549,0.0003016921497277,0.3,0.5,0.1,142,0.1473356285993741,0.110181734875172
22,46,0.08352024712338489,0.2977435917719159,0.3488102341106696,0.5694290280378937,0.035109264091095965,0.11285234150951923,0.00058050816358104,0.00032295229078994,0.3,0.5,0.1,146,0.1438313640011801,0.107661379030193
22,47,0.08331042257177089,0.3012147025504996,0.3597890620992943,0.6004516216088477,0.03414674260750761,0.11218948955622865,0.00058079832825081,0.00031785898844401996,0.3,0.5,0.1,147,0.1507782199296578,0.1098480739559717
22,48,0.08265647684605386,0.3030225854607371,0.36883337471847416,0.6114348941377198,0.037238111976466814,0.11146286340331904,0.00058189505996032,0.000312976930472,0.3,0.5,0.1,149,0.145939099409588,0.1057588342401858
22,49,0.08215115084925291,0.3008435901416437,0.3662826635554029,0.6108810750996032,0.03693280780952818,0.11170368246214767,0.00058417301037086,0.00032047284957457,0.3,0.5,0.1,152,0.1411685886072686,0.1041265396799389
23,0,0.9342289720590634,0.9781207472360999,0.9745113401916108,0.14184252203255304,0.0,0.0,0.0,0.0,0.3,0.5,0.1,1,1.0364720546363622,0.7480756790839171
23,1,0.5901675912192388,0.8445713311352725,0.8071760360211855,0.13037659399513427,0.3636345187108516,0.09716984001976092,0.00038874788603902,0.0006760303862791,0.3,0.5,0.1,3,0.7575322693364935,0.4675689842327974
23,2,0.47151983780638423,0.7717565444091945,0.7291753909019714,0.11420034820611642,0.3358501482583873,0.09911592851854852,0.00022267982250022,0.00026919282019201003,0.3,0.5,0.1,4,0.4499733358607512,0.2224978930930312
23,3,0.45272115291770854,0.7620362986845998,0.724788622032903,0.11607099385301146,0.05692903401778087,0.09840376907961838,0.00022551993060879001,0.00028330579024385004,0.3,0.5,0.1,6,0.4428976292537004,0.2087887731072307
23,4,0.4496111339297749,0.7637614742478623,0.7335298611547874,0.11938154595157568,0.03692697481627881,0.10173207045034657,0.00028318217093115,0.00035719228292325,0.3,0.5,0.1,8,0.4271621096379742,0.2025759566014097
23,5,0.4438465096190685,0.75552807015255,0.7172104381716257,0.12165902812904386,0.04393028198729452,0.09830847964068529,0.00023756051762057,0.00028614870985293,0.3,0.5,0.1,9,0.4289778306829104,0.2144011361651965
23,6,0.4438924448785929,0.7555762378650641,0.717257500695264,0.13116429190029963,0.02972112730834817,0.09849170987421918,0.00023614602183240997,0.00029089611032505,0.3,0.5,0.1,10,0.4186069049472691,0.2239203066740095
23,7,0.4285132551294249,0.7514463433246981,0.7262364858754102,0.13795652892290636,0.05379039557946315,0.09876899565373269,0.00023763257186865,0.00031448264470051,0.3,0.5,0.1,12,0.4068538989105811,0.2582808829470876
23,8,0.4275590734634006,0.750713519601756,0.7253831316949821,0.14002283655372083,0.03278908772732597,0.09876046023185224,0.00023812824505769,0.00031382092455063996,0.3,0.5,0.1,13,0.4053116596728115,0.2553131006035403
23,9,0.42682953326543566,0.7501520678217828,0.724729373783068,0.14213734139282724,0.032082724226764975,0.09875378882990465,0.00023853338655991998,0.00031327203076197,0.3,0.5,0.1,14,0.4040989512206978,0.2527624940184054
23,10,0.41364966410124354,0.7410102219904712,0.7131377742339006,0.14289727190860457,0.09673563194326797,0.11750347173298488,0.00035786731321117,0.0005464370296292601,0.3,0.5,0.1,15,0.3688176671141401,0.3174627066379011
23,11,0.4003984942832166,0.7339655772775942,0.7117623491946202,0.14020717448900277,0.05897917443069244,0.11864775578680438,0.00049402867682208,0.0007285148962508299,0.3,0.5,0.1,17,0.3307505297821521,0.2643314875943751
23,12,0.3960034800622022,0.7301999687568209,0.7074700650670426,0.14122433331236453,0.048509572107468715,0.11678351341175362,0.00046940859625737,0.00071399931530192,0.3,0.5,0.1,18,0.3302216196073073,0.2544804841490815
23,13,0.3901619331992056,0.7289371417011753,0.7129605868496107,0.14386629222600275,0.05408736904750903,0.11560961027672546,0.00047133549369704,0.0006220440911955,0.3,0.5,0.1,19,0.354336069665474,0.2497257109509648
23,14,0.3758886491185515,0.7158644780159273,0.6986425278690709,0.1476087181782949,0.06051963047907046,0.09719087944121627,0.00042333052807157006,0.0008858285828148901,0.3,0.5,0.1,20,0.4174854644087651,0.2131035390071733
23,15,0.37030669399645416,0.7150786515983806,0.7040580258663062,0.1543170466833943,0.043874246607378674,0.10897436758774358,0.00037017389752411,0.00042861739105153003,0.3,0.5,0.1,23,0.353176156711751,0.2410815243306555
23,16,0.36597910468225575,0.7074655920495697,0.6883282474709088,0.16510530589874559,0.04749752138432678,0.10716532476051044,0.00088581130011402,0.00076621381610959,0.3,0.5,0.1,24,0.4232349982007707,0.2656405552894493
23,17,0.3628309289248364,0.7045618659561502,0.6850358449462722,0.1667673646906026,0.041869198798981,0.10543471947401599,0.00083397765909979,0.0007411550014741,0.3,0.5,0.1,25,0.4184775075005583,0.2538874612372691
23,18,0.36146726789510153,0.7109219399678555,0.7059161336544999,0.17560923572820714,0.047093671320696584,0.11200003756875257,0.00087608507746021,0.0010436212375811301,0.3,0.5,0.1,26,0.3382820082476274,0.2252739652077203
23,19,0.35893302358242957,0.7085418667184062,0.7032418563164115,0.17744488946480638,0.04088754472526971,0.11011123064709802,0.00082597020977796,0.00099827474104146,0.3,0.5,0.1,27,0.3410595146539889,0.2249959483874635
23,20,0.3604014149841069,0.7100413291000397,0.7046871111978262,0.17918199872741172,0.036713744849638054,0.11706562898483323,0.00040253662928733003,0.00052733233523931,0.3,0.5,0.1,28,0.3058707534217076,0.1952254732271965
23,21,0.356990634628969,0.710454138145088,0.7123717356687439,0.1877997574111975,0.03959840025578027,0.110111230647098,0.00082597020977796,0.00099827474104146,0.3,0.5,0.1,29,0.3487064291712561,0.2421814195508877
23,22,0.33513175681607443,0.6893890045307732,0.6890640480972883,0.1834534336054223,0.054102157086899846,0.08588202602953016,0.00045871962928590996,0.0008097521988323401,0.3,0.5,0.1,31,0.3458114461412043,0.1843275354726478
23,23,0.33439241901770134,0.7073754192438384,0.7435982160646257,0.25003205277949064,0.03354538202670957,0.1039597376583098,0.0009297849951784299,0.00062900403698448,0.3,0.5,0.1,45,0.3996541950973957,0.2883576728707949
23,24,0.3216370601371178,0.6982761487725266,0.7396331582288185,0.25178098612869726,0.06308931946754384,0.10839596012384563,0.00148283838198286,0.0007325815568856,0.3,0.5,0.1,47,0.2863359798979407,0.2777692546161899
23,25,0.3124887072899091,0.6924477911003857,0.739684768854089,0.27995195639688863,0.03954040015925885,0.1093473839707318,0.00164194875456069,0.00076835042260965,0.3,0.5,0.1,54,0.2884614531312361,0.2808696462247306
23,26,0.3088841698878098,0.6923332711034426,0.7464658797013738,0.2880694539839661,0.04136308322738614,0.10917790288876682,0.0015943105135718502,0.00076731356685362,0.3,0.5,0.1,56,0.2821668021664555,0.2616101604061442
23,27,0.3088530162433178,0.6997013432193306,0.7688039075850267,0.30446643754010155,0.03429905495225533,0.110048518921346,0.0016688412496017502,0.00081442187177062,0.3,0.5,0.1,60,0.2789481875527873,0.2573341796260335
23,28,0.2980514151696502,0.6917951670086611,0.766717901628894,0.36491428584626123,0.03956314810917865,0.1058707947771611,0.00130171033061081,0.0017114510399198102,0.3,0.5,0.1,66,0.4155454346526908,0.1809817916923952
23,29,0.2950192119346668,0.6921798599291316,0.7741202033545715,0.3666418551202278,0.03847745577382301,0.10479807289584439,0.00130803647514336,0.00175022279646991,0.3,0.5,0.1,68,0.4218555922935137,0.1834122685833516
23,30,0.2950106036431895,0.695881463362692,0.7853346974560622,0.3837688748342959,0.03228491063011087,0.10479807289584439,0.00130803647514336,0.00175022279646991,0.3,0.5,0.1,70,0.4217455748099677,0.1819163871447613
23,31,0.2926869350059739,0.6895737512867687,0.7710845078055332,0.39738254044934956,0.03438533295478409,0.10373484015716698,0.0018494866569813198,0.00221367505645922,0.3,0.5,0.1,75,0.3914144794360869,0.2442606329666444
23,32,0.29178226621416503,0.6959600540783183,0.7923028987575096,0.40016756488453126,0.03506088990548929,0.10453239519220095,0.00176560426540508,0.0018098023101166202,0.3,0.5,0.1,77,0.3428636955026128,0.1949730976220482
23,33,0.29078128563662176,0.6726875898642292,0.7239373059224927,0.5847548347352772,0.0314651871769964,0.09661058419452544,0.00411930608111565,0.00414323146694124,0.3,0.5,0.1,118,0.5834672833443894,0.3402053219879684
23,34,0.29326398302409235,0.6750429079293312,0.7261074729898167,0.6033826891209739,0.03957821648695148,0.10867262694588666,0.003937404548086771,0.0036428977523045997,0.3,0.5,0.1,119,0.5751492407172409,0.420617066663455
23,35,0.29201824039857804,0.6734145593719765,0.7239493348492883,0.6079367396144237,0.04312885625615723,0.1127013319179934,0.00449581235669532,0.00459613788712811,0.3,0.5,0.1,121,0.5488525109179435,0.2625834184048163
23,36,0.2855431579070918,0.7184750959212229,0.8736533810464813,0.6073564690395261,0.03584062622145103,0.10581454668581877,0.0021891441756358597,0.00169898345763131,0.3,0.5,0.1,126,0.6051532021686328,0.2912121151507831
23,37,0.2773653834556609,0.727980483062327,0.9197118930151296,0.7583693110453816,0.03115224534926281,0.0954515681822979,0.00259276567420883,0.00204050566514539,0.3,0.5,0.1,151,0.610118046061507,0.2752124103696035
23,38,0.27688603138666684,0.7311237076939031,0.9302729798590362,0.7662310720241732,0.03135763544189617,0.09543364598058908,0.00262119312102844,0.00212798238628064,0.3,0.5,0.1,153,0.6189400028462488,0.2754970514649722
23,39,0.277668569687935,0.724406671258932,0.9084294136406424,0.6639575897380784,0.03167810447498313,0.09948352481802168,0.00272656533155366,0.00242505076391889,0.3,0.5,0.1,164,0.6211319761498392,0.2718127885401643
23,40,0.2741011537969415,0.738991367469118,0.9601648821234412,0.8051860047729815,0.040524602297084815,0.09524414241780176,0.00244749294308657,0.00237117473498113,0.3,0.5,0.1,165,0.6213593521588521,0.2625842131051066
24,0,0.8340557318244504,0.9417738295215885,0.9321683732053139,0.13171263789454402,0.0,0.0,0.0,0.0,0.3,0.5,0.1,1,1.471024461102571,0.7470497566820049
24,1,0.5608441901398491,0.8277205912084323,0.7874735073742717,0.12599088597433963,0.3242693182732553,0.09850607077547352,0.00048045518966635003,0.00056974265156843,0.3,0.5,0.1,3,0.8827661425332624,0.4675689842327974
24,2,0.4385816452512752,0.7478471622711584,0.7013946456354124,0.10721838931215698,0.36188632335162824,0.09753711612409069,0.00027220851488982004,0.00033632066812694,0.3,0.5,0.1,4,0.6083673518218935,0.2481989225561879
24,3,0.35480337754625135,0.6784172120888587,0.6205665925774393,0.08929510858049577,0.1716154231209063,0.0967558714741338,0.00010585338430481,0.00013526542139919999,0.3,0.5,0.1,6,0.463299004433934,0.1406593619891801
24,4,0.35152474303629816,0.6790860597585867,0.6282430502151157,0.0932997773995388,0.03543108993965193,0.09685679783219374,0.00010571911616914999,0.00013512689306571001,0.3,0.5,0.1,8,0.4982548214532319,0.1541599778371818
24,5,0.2868058278737975,0.6122859348377785,0.5497771832198309,0.08419011197511485,0.17888021794896122,0.10988958787340365,0.00011312944438495,0.00014475281053516,0.3,0.5,0.1,10,0.3895814681595304,0.1999628082308372
24,6,0.27155993854246757,0.5940848914754465,0.5283878475640386,0.08938617218457465,0.07404148206292878,0.11363736878764139,0.00011520033619528,0.00014750574127504,0.3,0.5,0.1,12,0.4497411939160107,0.2201304540786033
24,7,0.26762077596574596,0.5892202540687508,0.5226944863074718,0.08942559787769426,0.055031114185949706,0.11417490725712809,0.00011157425961142,0.00014249100418552,0.3,0.5,0.1,13,0.4305088886239895,0.2028819084005175
24,8,0.2672747238856156,0.5887688995455779,0.5221521364166228,0.09568229001677936,0.0366969619980296,0.11450854501747132,0.00011184084902227001,0.00014283445133102,0.3,0.5,0.1,14,0.4316763434441018,0.2057997981391377
24,9,0.26223613330623047,0.5860366874736981,0.5257737455201451,0.09555500207112523,0.06403094326599924,0.1164402660204964,0.00013122322328279,0.00016758461067226002,0.3,0.5,0.1,15,0.40273284897062,0.2150700898867041
24,10,0.24822075051276896,0.5683637854217809,0.5054353386558916,0.09600833377450503,0.10019205853809603,0.11142784594922496,0.00011259356628534,0.00014512050811195,0.3,0.5,0.1,16,0.4104645228228921,0.1527498339031393
24,11,0.21772834552129505,0.5248314267944048,0.4545783285532693,0.09009675074112904,0.2174455546747131,0.11430903050406616,0.00011829563455786,0.00015217840663859,0.3,0.5,0.1,17,0.3449014882170406,0.1855843229579679
24,12,0.21416839334739954,0.515201981036256,0.4363101506167208,0.08724525039874337,0.042292124388782416,0.11728715957396335,0.00012677042383893,0.00014507725961713998,0.3,0.5,0.1,21,0.3407451240771996,0.174233541947684
24,13,0.21410734640311685,0.5188166441919754,0.44742268550056674,0.10087858296382288,0.03540557191071201,0.11730024404452107,0.0001266240649759,0.00014489993867156,0.3,0.5,0.1,24,0.3407028224492819,0.1741151736010246
24,14,0.2119512060390014,0.5190276950003606,0.4545262090096964,0.1006813675812831,0.05109147515325644,0.11822425965488143,0.00011520415819046999,0.00013165719830604,0.3,0.5,0.1,25,0.3415942798658487,0.1670954073992198
24,15,0.2092182815685544,0.5182200839747895,0.4604258456799512,0.10913651715811143,0.04600143882984284,0.1193932495391411,0.00015359734418423,0.00017601057738298,0.3,0.5,0.1,27,0.3109323046398697,0.1845977465620393
24,16,0.20792936000864115,0.5088267463328779,0.43569162168057524,0.11399695425471092,0.03979923871236715,0.1191957499693783,0.00012241766196470998,0.00012741011191785002,0.3,0.5,0.1,29,0.3309117147106501,0.1398353429458984
24,17,0.17854118712342423,0.471888804542959,0.41385240937381373,0.1135524656276599,0.059459327462320154,0.10930233827246286,0.0001617921358983,0.00016904373160726,0.3,0.5,0.1,36,0.2186665901611804,0.1312416049476411
24,18,0.9556002982014796,1.3505276534341264,1.4897631975145391,1.7041061606324053,0.8035845858121065,1.0,1.0,0.03541945665487611,0.3,0.5,0.1,181,0.317847628769433,0.3361862360301452
24,19,0.9490537749114899,1.342485600817622,1.4872964741969696,1.7008308454844356,0.8043044125437585,0.9999952955021335,1.0,0.035446909710708005,0.3,0.5,0.1,183,0.3175087028962371,0.3358490477225869
25,0,0.9209394347919273,0.9735202873260161,0.9691519429698309,0.14056037408475408,0.0,0.0,0.0,0.0,0.3,0.5,0.1,1,1.0843448873405666,0.7505884173266943
25,1,0.5979790072900385,0.8504124003495742,0.8139190575874307,0.13229339590055192,0.3460060973930837,0.09844173381879215,0.00044907782456916,0.00029504329595476,0.3,0.5,0.1,3,0.726232605116373,0.4675689842327974
25,2,0.45243233011312345,0.7581503533418769,0.7133379524269997,0.11034934877183807,0.4085849258077409,0.09884443688073434,0.00023696866667525002,0.00020292814781139,0.3,0.5,0.1,4,0.5281713977597815,0.2247839696782286
25,3,0.43848328794987607,0.7515305937658773,0.7125576042626227,0.11013867033588119,0.05055610644143512,0.09826277960139515,0.00023158424137379997,0.00020291861849434,0.3,0.5,0.1,6,0.5095125565944688,0.2064411789069503
25,4,0.43796968273648595,0.7548236476119663,0.7233180561374062,0.11490807984888127,0.030069151371112865,0.09782053926212067,0.00023040251435655002,0.00020330646892453,0.3,0.5,0.1,8,0.5075586793317899,0.2064507568661814
25,5,0.3060971251876409,0.6337545464161324,0.5748640153798433,0.09332780666073824,0.2809871514112444,0.10832161943053079,0.00012524292166187,0.00014767671916761,0.3,0.5,0.1,10,0.4403310614534874,0.2352994760208147
25,6,0.3059117792518862,0.6372603107951436,0.5858370544423155,0.096908491794612,0.03324329286238814,0.10858339812075954,0.00012814581554405,0.00015118390800877,0.3,0.5,0.1,12,0.441200228206572,0.2384579897960042
25,7,0.24974180550882497,0.5741430180666377,0.5191093738322036,0.08486701155926143,0.17234292820873184,0.11055715664900514,0.00015523129279677,0.00017132578081797,0.3,0.5,0.1,14,0.3911816406849104,0.1395645558174955
25,8,0.20320087468085413,0.5068575233909988,0.440827847820132,0.07205958193553501,0.170098573025928,0.1084480968716477,0.00015876205788408,0.00017755969997957,0.3,0.5,0.1,16,0.2349305288336123,0.1249461317619234
25,9,0.2032008717744369,0.5105686688312883,0.4520534316340498,0.0800697669534887,0.03263169224461142,0.1084480974695289,0.00015876206911947,0.00017755971276665,0.3,0.5,0.1,18,0.2349305230567378,0.1249461329707179
25,10,0.16703467823247423,0.4466739092001058,0.3713698079250263,0.06862620419015131,0.26055763911573704,0.09512852288252036,0.00022085738791717,0.00017985124012181,0.3,0.5,0.1,19,0.2308968887537242,0.1573548869374746
25,11,0.16072837106080157,0.4378344643065142,0.367916984246476,0.07974979155318072,0.055614909118884066,0.09632592427137741,0.00019803990922722002,0.00017944393730944002,0.3,0.5,0.1,21,0.2104416309747664,0.1172262503466342
25,12,0.1353378370578644,0.3773099502154277,0.2901141821318634,0.0594940357403001,0.27861170958096454,0.10416595993832926,0.00022103585347042,0.0002694064114127,0.3,0.5,0.1,22,0.2014517946010734,0.1589091199840684
25,13,0.12516111961258963,0.3657590078685164,0.3107097364803622,0.12388795484499858,0.04364015877797106,0.11338894609315457,0.00022596751059975,0.00040263059154929003,0.3,0.5,0.1,36,0.1367013508805442,0.267431107926089
25,14,0.11690182679174772,0.3435265287068565,0.28480960934590055,0.12388436757280728,0.08001045841610303,0.11338940870272123,0.00022710450746447,0.00039546621465931,0.3,0.5,0.1,38,0.1371078423613325,0.2305402806525266
25,15,0.11692639475352258,0.3471881611614759,0.29596657575629076,0.13253759701428625,0.03447463610250627,0.1136259338148972,0.00022055276524357998,0.00037986565427407996,0.3,0.5,0.1,40,0.137716002999808,0.2163699729502916
25,16,0.11571316861782979,0.34758866177863595,0.3033430139478833,0.15627058169770627,0.037556004429975365,0.11343246066864873,0.00023705060488244,0.00041541799076702003,0.3,0.5,0.1,44,0.1357726376034253,0.2501004049962604
25,17,0.10101360555652046,0.3039445433175036,0.23929884082970676,0.14718713626210317,0.057386885568875085,0.10116434319941063,0.00028663213323427,0.00033861857091545,0.3,0.5,0.1,49,0.1424369206107951,0.0504192680173143
25,18,0.1010136074320884,0.3076557173573056,0.25052448978015995,0.15348505941750815,0.030526633226219325,0.10116434477430335,0.00028663213099162,0.00033861857510973,0.3,0.5,0.1,51,0.1424369231770138,0.0504192650618426
25,19,0.10527626960948515,0.31558997607487416,0.27256974365762304,0.185898175697119,0.048289250092704496,0.12144869221634218,0.00025901730592732,0.00038290512271499,0.3,0.5,0.1,53,0.1345149082707642,0.1909232995473999
25,20,0.08664928897277735,0.255782766674902,0.20318332060758743,0.17453712482591152,0.15443546960707108,0.11555924554895691,0.00030779454034552,0.00040487310531827004,0.3,0.5,0.1,55,0.136856368434647,0.164259461129362
25,21,0.0849650302114252,0.252472296340776,0.19950568768633006,0.17612409922911276,0.04307675856865244,0.11195683891184288,0.00030047760659352,0.00039892567124852004,0.3,0.5,0.1,56,0.1332625510726523,0.1457007694294502
25,22,0.08021215225286558,0.24003524987997563,0.19204726185910356,0.17726153644099818,0.06467208252557,0.109367186010067,0.00030081495707938997,0.00039946897013098004,0.3,0.5,0.1,58,0.1285473209963332,0.1368731120400225
25,23,0.07928289023270126,0.23631286396503903,0.18771080317087968,0.18287415552512287,0.04823392338801455,0.10936718601006702,0.00030081495707938997,0.00039946897013098004,0.3,0.5,0.1,59,0.1311148667078132,0.1347985273224114
25,24,0.07751831724319865,0.2352068017660944,0.19344717506651812,0.15882837069809405,0.03395024981914485,0.10688893911399448,0.0003025065085059,0.00038988912945132003,0.3,0.5,0.1,69,0.1171907132599343,0.1799519139008942
25,25,0.07753833261024456,0.23772838189558965,0.20322004930356716,0.21685071152369098,0.0358871453687441,0.10816939299652178,0.00036384334628034,0.00029759592409852,0.3,0.5,0.1,71,0.1201544881867939,0.0583609541169458
25,26,0.07380794805708998,0.23238532580548318,0.204230605761437,0.25056556055750745,0.045155166645217154,0.10154134591494128,0.00031163193298862,0.00026703493685216,0.3,0.5,0.1,73,0.1449680202720266,0.0509394600483289
25,27,0.07544163862066687,0.22793217628095744,0.1917449645453478,0.2582408732629518,0.03742744629773699,0.10951252348725561,0.00030244691522561003,0.00038131756705761,0.3,0.5,0.1,76,0.1150451193578292,0.1572273598320112
25,28,0.07615074022700738,0.22971080472182914,0.20718269620708646,0.2643369977048889,0.06983805978533107,0.11836641728517353,0.00030913570317373,0.0003808227508936,0.3,0.5,0.1,77,0.1303519971329712,0.160571457901853
25,29,0.07491571637474026,0.22029253963830017,0.18929054759400413,0.2700592857023864,0.05983308432253968,0.11873506967594501,0.00030577736741779,0.00037955355741654004,0.3,0.5,0.1,78,0.1305252726957055,0.1589334883543473
25,30,0.07519021000302022,0.22043710787162155,0.189406842756611,0.284081073476407,0.03650296411020851,0.11979398234074047,0.00030195783208227997,0.00038314127671246,0.3,0.5,0.1,80,0.1309875308636889,0.1601767085528374
25,31,0.07404805218371766,0.22016014308889828,0.19603855644054316,0.27543639361392813,0.05079617834880553,0.11873506947685454,0.00030577698447303,0.00037955355788613,0.3,0.5,0.1,81,0.1366553239570861,0.1550349088887741
25,32,0.07080381004635426,0.2171672665862254,0.19982395321802365,0.2944262767805748,0.03587081696906894,0.11131246389503327,0.00029813113591517997,0.00026896537270831,0.3,0.5,0.1,89,0.1266550005063055,0.0582794954750127
25,33,0.07089077240303149,0.21625709992109254,0.19870216874853908,0.3047926533287089,0.036587469785235596,0.11257254947229306,0.00028906587989966997,0.00026002928803993,0.3,0.5,0.1,91,0.1295915581127373,0.0559654974290147
25,34,0.07089077216360876,0.21996827356040097,0.2099277956814886,0.3047926533983571,0.03394234487692403,0.11257254971476756,0.00028906587747317,0.00026002928547266,0.3,0.5,0.1,93,0.1295915558062667,0.0559654959497127
25,35,0.06710808793597575,0.21938544111015443,0.21675102127526732,0.34341697015906864,0.031658103451981175,0.10028357619232997,0.00039171454110868004,0.00024362861135781,0.3,0.5,0.1,95,0.140161404690067,0.0454807488478217
25,36,0.06673973480976145,0.21328589427150155,0.20270927034046454,0.3496955164834749,0.04120547510854759,0.10097320075224073,0.00038794326077795,0.00024041281502890002,0.3,0.5,0.1,96,0.1452468862630874,0.0456565774713432
25,37,0.06773943481085808,0.21407796198451282,0.21692262268186707,0.3433010199835589,0.041666160174426536,0.11130498155349618,0.00041412131291838005,0.00025970492866203,0.3,0.5,0.1,101,0.1307242292846924,0.057867832136836
25,38,0.06609253231752955,0.2083250668488741,0.20357247145802881,0.35656008828814967,0.033118174923638846,0.10630518545025418,0.00033394484208959,0.0002617008548456,0.3,0.5,0.1,103,0.1344206211925181,0.0612262381175518
25,39,0.06581544552885815,0.21026093767332363,0.21270869282932003,0.35242438155521916,0.03614473645525587,0.10672474103768659,0.0003401868005975,0.00025855108949923,0.3,0.5,0.1,105,0.1359188405995382,0.0615757818754121
25,40,0.06491431300039974,0.21168502719163468,0.22135731590907862,0.4253778353151048,0.03228716774556844,0.10475802522110295,0.00044148496802655005,0.00035672097138797,0.3,0.5,0.1,117,0.1424157821120948,0.0646377120893287
25,41,0.06478212900178446,0.2121056925589605,0.22863290933950586,0.43597414688909003,0.040640115255170674,0.10720290208171446,0.00038806252271143,0.00036293267106523,0.3,0.5,0.1,119,0.1350343282629071,0.0657028331066594
25,42,0.06471967425439767,0.22678737601389187,0.27335142585791794,0.49642590786069024,0.032413241406657724,0.10708310134820846,0.00038795919492125004,0.00036262656690849,0.3,0.5,0.1,128,0.1349448453702564,0.0657565660530665
25,43,0.06470264883909857,0.2236074922746956,0.2695130377279599,0.49162315180907834,0.04965864436662549,0.10967723507889125,0.00046364383632952995,0.00031891974163481,0.3,0.5,0.1,129,0.1336805605477165,0.0629423323295362
25,44,0.06271897092123843,0.23522536044779013,0.31093078878958746,0.6740696762057196,0.03165253990697595,0.10437106013945464,0.00033637179268546,0.00023770723152096002,0.3,0.5,0.1,172,0.1379956142036808,0.0587544061846779
25,45,0.06309159969976151,0.24864308266264454,0.35403315854250816,0.752554413603793,0.032782617594049185,0.10712117558600799,0.00035618888085263,0.00023889846973774,0.3,0.5,0.1,193,0.1312448685899497,0.0588998325748669
26,0,0.9711521322183304,0.9905794767390237,0.9890253250082337,0.1467486188215109,0.0,0.0,0.0,0.0,0.3,0.5,0.1,1,0.8716463409954356,0.7529700748085141
26,1,0.6453442353787523,0.8766711713210894,0.8444769723300032,0.1397671998552118,0.32971441898100795,0.09923908767176098,0.00039253685909729,0.00017014030462459,0.3,0.5,0.1,3,0.5277454046789624,0.4675689842327974
26,2,0.5494886986984118,0.8220925908945149,0.7878319367601224,0.12815552411622294,0.24808298025963285,0.09903921485962554,9.52859402276e-05,0.00012916254767955,0.3,0.5,0.1,4,0.6099464717415102,0.3062667611695367
26,3,0.44319865820789267,0.7513653504033996,0.7054409075398576,0.1130759333652324,0.17556426304352873,0.09903010185793006,6.161608387306999e-05,8.208910347121e-05,0.3,0.5,0.1,6,0.493021795610268,0.2263228572058276
26,4,0.35502394441915314,0.6823621649009443,0.631972739201433,0.09912536072306335,0.179413303483139,0.09864096872161036,9.334904537317e-05,0.00011034976970088,0.3,0.5,0.1,8,0.5025900914138106,0.1313909240776276
26,5,0.325315557177318,0.657527519328298,0.6100049812205549,0.0977390386812506,0.087376035503135,0.09733595758000751,0.00012190484135042,0.00014425544534308,0.3,0.5,0.1,10,0.4570346066597034,0.1414567456184868
26,6,0.3021250246120442,0.6370581034634749,0.5928616233489843,0.09663464870885517,0.08284636313021133,0.10127614120096314,0.0001645062133486,0.00019537451233642998,0.3,0.5,0.1,12,0.4650384150081957,0.1307216614766498
26,7,0.2971047447179182,0.631522332288569,0.5863080069705933,0.10179111571539452,0.043843569951032266,0.10334078608967563,0.00018842052898163,0.00022377615992629998,0.3,0.5,0.1,14,0.4787236619695059,0.1280738273844185
26,8,0.27355126061238455,0.6017702694628094,0.5446071935734406,0.10086592863890455,0.1474714703037051,0.1060290687173318,0.00023861319194658998,0.00029470323910155,0.3,0.5,0.1,15,0.3829472590334612,0.1338370462252364
26,9,0.25214239329517896,0.5776761175509579,0.5234390569940862,0.1118771915959093,0.08700790302674027,0.10605701762689272,0.00023896804831947,0.0002950807009675,0.3,0.5,0.1,17,0.3967252735310727,0.1081166391313801
26,10,0.23950134162036038,0.5647794762328688,0.5154113444526938,0.11412907248265029,0.06446786075330234,0.10414981115999367,0.0002391759160616,0.00030295286631688,0.3,0.5,0.1,19,0.3387645728468516,0.0928510074498759
26,11,0.20508766217801877,0.5175995033957215,0.46715288944227695,0.11675747504323461,0.08659204994994125,0.10810001762914316,0.00026718387367574996,0.00028342932504046,0.3,0.5,0.1,23,0.2476717359860412,0.1354320468010675
26,12,0.1911154373743872,0.5018664898442338,0.46254326674478585,0.12133056141771777,0.052832080138209864,0.10975080152558273,0.00031544121893702,0.00027667777574272003,0.3,0.5,0.1,28,0.2153453220240866,0.1266902012895351
26,13,0.18437066209221742,0.4904390644635737,0.44938455242127506,0.13115176234101855,0.05298850715031026,0.10661014097279928,0.00033262661894111,0.00028491305585518,0.3,0.5,0.1,30,0.2348809586649269,0.1059160076376711
26,14,0.1842208562510696,0.4937480430876562,0.46011731636592684,0.13374677495588433,0.03340578788542648,0.10710305533075616,0.0003311171066418,0.00028610122526311,0.3,0.5,0.1,32,0.2420364961029164,0.1032229137526813
26,15,0.15749182076204052,0.43869614107085714,0.38902118429828675,0.13938303798624005,0.13915836811253865,0.10827322512792473,0.0003525528354105,0.00031680717838357,0.3,0.5,0.1,34,0.146317394178476,0.0815852811335449
26,16,0.13779880704081798,0.3993500387730109,0.35003469306026036,0.12516286922024927,0.12374419670144049,0.10928360561766287,0.00037664980048737,0.00029902477965463,0.3,0.5,0.1,36,0.1437161252429711,0.1074195677664585
26,17,0.12451207304510219,0.3694369488448989,0.3220677625345678,0.1273005468414406,0.10145108583195592,0.10966592704645993,0.00040057064348179,0.00032591601334893,0.3,0.5,0.1,38,0.129174725086532,0.1064117712868678
26,18,0.12432617605246946,0.36873200272450374,0.3212236514365642,0.14471932174665716,0.03443093576245628,0.11016348804332277,0.00038387249162135,0.00030313792037032,0.3,0.5,0.1,41,0.1303501460105004,0.0948801549605075
26,19,0.12291829403709904,0.3651526231279819,0.31706436447258834,0.15569584208065643,0.047706894619724445,0.10994858166270922,0.00038471059204161,0.00030227696839725,0.3,0.5,0.1,42,0.1280077666494151,0.0909508406292683
26,20,0.11772609572670509,0.35147000599198647,0.30114907039749533,0.15117636484549934,0.08888175591314541,0.10938110276369604,0.00042607516946269,0.00031012616879825996,0.3,0.5,0.1,43,0.1421038657685929,0.0901713450430305
26,21,0.11464999143556788,0.346709528797226,0.3025110379596434,0.15122824766244314,0.05042771332153116,0.10922398370083858,0.00044818885202610996,0.00033637822519215,0.3,0.5,0.1,45,0.143230334304193,0.1074020905507355
26,22,0.11352929551619796,0.34715924833011425,0.30992828657649957,0.17823408582309913,0.0364976456085702,0.10940044752645377,0.00044988418022762005,0.00033740721225686,0.3,0.5,0.1,49,0.1404802677510158,0.1112954661842836
26,23,0.11328628618487638,0.34672015703471926,0.30943924712811455,0.18134255357229284,0.03335848432298599,0.10893589435134333,0.00045669426197521003,0.00033343703803531,0.3,0.5,0.1,52,0.1435490643205943,0.1073112508233641
26,24,0.11301195522554139,0.3494918084465877,0.3195560539451821,0.19863279370169082,0.035144992153697666,0.10923705231793461,0.00044868314141490996,0.00033494401356412996,0.3,0.5,0.1,54,0.1444262417091059,0.109750254295856
26,25,0.11199263094023239,0.3468480343295548,0.31650011382749965,0.21056226583904036,0.038036423409014655,0.10875611836211638,0.00044643540215667,0.00033580661018674,0.3,0.5,0.1,56,0.1475680605057356,0.1104122735162113
26,26,0.1118414474706526,0.3460050220804767,0.3154820584360466,0.21635199616670173,0.037478410064660975,0.10946642796907612,0.00045603809371927006,0.00033713294549472,0.3,0.5,0.1,57,0.1564198436811849,0.108622856057964
26,27,0.1112580282377134,0.3443244220773286,0.31352446238497494,0.2274300761344442,0.03656342596944273,0.10942829637782299,0.00047479736485781,0.00034278709572569,0.3,0.5,0.1,59,0.1367651464912434,0.1072512825251751
26,28,0.10987464052516861,0.35148973128593847,0.3425834652899624,0.2323445770567759,0.041191507874729145,0.10934299352109215,0.00046121033755376005,0.00036476979465427004,0.3,0.5,0.1,61,0.1362184402090161,0.1063245033802127
26,29,0.10966811208089854,0.34353777665752017,0.3195217284299653,0.2532753684400115,0.03331981897550436,0.10925438148315159,0.00044539261918079997,0.0003184550657008,0.3,0.5,0.1,68,0.153357870776458,0.0877551262053522
26,30,0.10965817225763971,0.34349731240789083,0.3194736082221722,0.259499339849161,0.033227593515146106,0.109250418155336,0.00045435534713627,0.0003441060729054,0.3,0.5,0.1,69,0.1653835778036523,0.0905190043476107
26,31,0.10939092743211108,0.34632675841941535,0.32966377036463246,0.2741668126681688,0.034368552283894335,0.10941107207759496,0.00045895505511903004,0.00034142571195617,0.3,0.5,0.1,72,0.1379308850342966,0.1044788472919198
26,32,0.10938178395625299,0.35372180388070257,0.3520831207513563,0.29835293777351973,0.03311560666677745,0.10941127152437471,0.00045924231930484,0.00034158645403361,0.3,0.5,0.1,76,0.1380221972870053,0.1044219475860825
26,33,0.10908847499792536,0.35286186354520516,0.35108165763914273,0.3052156096179606,0.03485515511831942,0.10940674481744508,0.0004590647438273,0.00033777729707037,0.3,0.5,0.1,78,0.1376633764075341,0.1046109819900869
26,34,0.10908467497346423,0.36026135104510537,0.37350528255213145,0.33654240404169444,0.03312091662858404,0.10941573687231781,0.00046484770434002,0.0003415265627319,0.3,0.5,0.1,82,0.1372559446801024,0.105145633721242
26,35,0.10883966335549591,0.355903808311187,0.36153312572616075,0.33506428140315786,0.03555428230803423,0.10931784860516632,0.00044090160683499,0.00036076237300435,0.3,0.5,0.1,83,0.1537040744130318,0.0914701398973682
26,36,0.10678834075058709,0.34971787585768155,0.3543208550595226,0.35633337986339475,0.03736461446723118,0.10932155581040545,0.00049890062915912,0.00041596353505152,0.3,0.5,0.1,89,0.143118714697484,0.1108823740202839
26,37,0.10612461957465168,0.3552204007083816,0.37454233501288375,0.3875469139832386,0.03498378699826527,0.10923362092158201,0.0004690273309498,0.00041753883872313,0.3,0.5,0.1,93,0.1480131063132757,0.1077984856668083
26,38,0.10473814873944848,0.35090801413421324,0.3695113438724458,0.39378983099755016,0.05102944546089067,0.10928110272503669,0.00052761347185036,0.00041883097075976,0.3,0.5,0.1,94,0.153689095319264,0.106223304279102
27,0,0.9248339519197499,0.9748750559484785,0.9707302008750933,0.14237179719662504,0.0,0.0,0.0,0.0,0.3,0.5,0.1,1,1.066614148848588,0.7533963709918704
27,1,0.8404350231402382,0.9580733282306965,0.9474350345591221,0.15593701744904295,0.10373958133646038,0.07518977264127459,5.719356486191021e-06,5.571660892424572e-06,0.3,0.5,0.1,3,1.1145857796216252,0.7573672710689983
27,2,0.5763585050666018,0.8377949813049451,0.8061375266006086,0.13247608793703278,0.5552409991660257,0.09862837618789538,0.00018289482394646,0.00014847890785703001,0.3,0.5,0.1,4,0.521564662522279,0.3219153289296928
27,3,0.570492359081738,0.8336942687518799,0.8016443780068581,0.13175583697623994,0.03778524944138344,0.09296155024348388,0.00014374952075643999,0.00012642040028263,0.3,0.5,0.1,5,0.529990340401311,0.3064527691946013
27,4,0.3899394750308052,0.7093503110330331,0.6565116303469014,0.099438829266344,0.5494312488547612,0.09860567497589429,0.00010766255507343001,9.793363205402e-05,0.3,0.5,0.1,6,0.3125217177025909,0.1475907857592585
27,5,0.38991259436153836,0.7093301212881383,0.6564856094729573,0.10129738773815762,0.029806315275533245,0.09865606568220607,0.00010776230407405999,9.829041072127e-05,0.3,0.5,0.1,7,0.3126284466551458,0.1488447459528588
27,6,0.3670057879794811,0.6932328183334512,0.6446141384446826,0.10010172735032669,0.11201373013015814,0.099022564047107,0.00013555175734684,0.000124947911841,0.3,0.5,0.1,8,0.2962230266253184,0.1564689369015869
27,7,0.36682586880093276,0.6930720219880986,0.6444273528205832,0.10784696347530592,0.030433954347547733,0.09901200030252277,0.00013544725180478998,0.00012458958731361,0.3,0.5,0.1,9,0.2961478018859507,0.1554963976955748
27,8,0.3428354319697412,0.6706551235454211,0.61921333152798,0.09278896700569211,0.09426023062408662,0.0805841814781471,0.00024082523081936,0.00026550808000625,0.3,0.5,0.1,10,0.5129515308351812,0.2215137336926635
27,9,0.28687483947232695,0.6126093071540856,0.550398709549451,0.09981589783641229,0.3009354803559946,0.10330030256056148,0.0009263230520181,0.0010086655590343901,0.3,0.5,0.1,11,0.2986046771812024,0.3748514418564753
27,10,0.2831017094424734,0.6116414369245876,0.555804003380664,0.10828655068429206,0.04809276453267832,0.11057294481910045,0.00104216112669876,0.00099902569017133,0.3,0.5,0.1,13,0.3351229665185526,0.350458523573174
27,11,0.2834830624424502,0.6120055048116656,0.5561293690510931,0.10968245142370434,0.035436495973048335,0.1125829224709083,0.00103375478055279,0.00099846826331265,0.3,0.5,0.1,14,0.3333149661403113,0.3638824034903496
27,12,0.2814442703591838,0.6133884678045235,0.564741469726357,0.11453074265516998,0.040738119462432,0.11057294481910045,0.00104216112669876,0.00099902569017133,0.3,0.5,0.1,15,0.3193038359610964,0.3053641908111048
27,13,0.27464628167894517,0.6061542361395533,0.5570437324393448,0.1190402636608488,0.035129804559961925,0.09684420474311163,0.00047943418784776,0.00075311971093234,0.3,0.5,0.1,17,0.2741112721339158,0.206787544490968
27,14,0.24803426188584107,0.5732825108787521,0.5187878285253095,0.11136609473829903,0.16414398777818856,0.0960372192783793,0.00049317806263636,0.00076423283276326,0.3,0.5,0.1,18,0.2336242518850426,0.215495780694888
27,15,0.23671073689476707,0.565625008422196,0.5237246705613103,0.1216121025245194,0.04392905211112071,0.09420585448739101,0.00089277272135696,0.00103956068242225,0.3,0.5,0.1,22,0.2583396632071529,0.2144535403070427
27,16,0.23408691411526653,0.562039490755204,0.5195511680759647,0.1235275996007933,0.043491621163068345,0.09410668926283623,0.0009210510370882901,0.00098216052758326,0.3,0.5,0.1,23,0.264000418162479,0.2077886332491723
27,17,0.22544771007667877,0.5503344003446242,0.5060730218676095,0.1195746356882116,0.07216593451658003,0.09107913206268634,0.0008331664173265301,0.0009321903645312501,0.3,0.5,0.1,24,0.2605880477455858,0.2232378486097791
27,18,0.18607071074645176,0.4921101236157283,0.43851467211777306,0.11884435899261181,0.10660240523573393,0.08564515066645678,0.0007513418150281,0.00120779284331076,0.3,0.5,0.1,27,0.2591431802105749,0.189398315339296
27,19,0.17006303590545782,0.4703251685804321,0.4271327397471589,0.1465357233773791,0.038499398221866515,0.08282717585875034,0.00028607725619613,0.00032335616517907,0.3,0.5,0.1,35,0.2248757700839882,0.1276053908859309
27,20,0.16589537757515316,0.46347448213058656,0.41931747427255855,0.14705066043204243,0.048135887158569694,0.0794890107156701,0.00028189230155533003,0.00032175269461474,0.3,0.5,0.1,36,0.2121200521150976,0.1209553039921078
27,21,0.16535446683972133,0.4657782832502211,0.42882699293425175,0.1619034401874535,0.028359124353891752,0.0809862614051418,0.0003055393321281,0.00035359983081064,0.3,0.5,0.1,38,0.2091301896020918,0.1250643833383716
27,22,0.14718723528844385,0.42941645601560846,0.38640103476576676,0.16484048135109813,0.06277947580643674,0.08234016761075154,0.00030337227531315,0.00027415878297825,0.3,0.5,0.1,42,0.2121819897170961,0.2257518974910267
27,23,0.13808272845168948,0.41344353384142973,0.3746862671226696,0.17475822220270706,0.06564791653305871,0.08249692906033876,0.00031205393369008,0.00030919508252671,0.3,0.5,0.1,44,0.2210707531020527,0.1855636319863949
27,24,0.13639776188153221,0.41351245869480086,0.3816849096409071,0.17613518654886323,0.02849141097706068,0.08219218097870702,0.00030086026369369,0.00030237688006941,0.3,0.5,0.1,48,0.2110920626674549,0.1752706322606777
27,25,0.13481143887165858,0.4174279983588843,0.40005931062284933,0.20335057919071514,0.02764234293857965,0.08194153245481824,0.00033964102591582,0.00034449333896358,0.3,0.5,0.1,53,0.1848087826362144,0.1787918522167076
27,26,0.13403020086305567,0.4156396776636269,0.3979741801635302,0.20623054464292276,0.032226418684879125,0.08202077349558203,0.00031535391293244003,0.00033826734365824,0.3,0.5,0.1,54,0.182762352658187,0.1605145850602519
27,27,0.13115025388470997,0.4080721774535958,0.38904273526713123,0.2181038775585229,0.04253847127234794,0.08431502254960958,0.00033461481760047,0.00036281378588628,0.3,0.5,0.1,56,0.1872243224343946,0.2005525979429975
27,28,0.13049768951743385,0.409239772200974,0.3971815380038079,0.23141438485601312,0.030774028052454317,0.08681242950747445,0.00033525221209368004,0.00036222395199994,0.3,0.5,0.1,59,0.1777939778112467,0.1927312708511632
27,29,0.13054353167036445,0.409270830144738,0.39720845596044574,0.23427346886276001,0.02640392009436975,0.08699882226170297,0.00033579880810665,0.00036175425178347996,0.3,0.5,0.1,60,0.1777619592342313,0.1936338035062414
27,30,0.12014069667658368,0.38526423081720707,0.369394845737207,0.24433405246034084,0.12081681778460852,0.08377806360990445,0.00039639911275555996,0.00042552070618053997,0.3,0.5,0.1,61,0.1803707092373153,0.1047902260247804
27,31,0.11886462265511999,0.38218673776696216,0.3658281708536889,0.2435596139568922,0.03745853088129847,0.08343747863494978,0.00037818116591484,0.00041754415396149996,0.3,0.5,0.1,62,0.1851595640932646,0.1149774433098613
27,32,0.1165565083401262,0.37990140097977293,0.37006804474091687,0.26192868240292544,0.03751679723643989,0.08343747863494981,0.00037818116591484,0.00041754415396149996,0.3,0.5,0.1,64,0.1809369495665399,0.1123974598813612
27,33,0.10595078102262633,0.36065819094734963,0.3616408252442193,0.25668630765505707,0.05929338062632194,0.07980534777179446,0.00031501140417786,0.0003487221094784,0.3,0.5,0.1,67,0.1540080828473442,0.1491697179978199
27,34,0.10626335604791037,0.3571939819668797,0.3506447040010411,0.25729753340729117,0.024952378810771735,0.08096925636903919,0.00031777428295888,0.00037148853336319997,0.3,0.5,0.1,68,0.1549891619986308,0.1001416970872013
27,35,0.10524675629560641,0.3616484578613393,0.3696325229185881,0.2586056743128126,0.030638607546546882,0.0812403783053854,0.00024249718721489,0.00029355987732829,0.3,0.5,0.1,70,0.1539140602974816,0.1489488803610526
27,36,0.10486149630521291,0.35591065519287723,0.3559515595723045,0.2698523712058334,0.03631892204180713,0.08299530095412096,0.00032242005733042,0.00035259703951016,0.3,0.5,0.1,71,0.149423505570987,0.1468913329736368
27,37,0.10437652189191877,0.35136594775103885,0.35039166134757316,0.28351268223984,0.03913805788836455,0.08823301640056866,0.00037513609331388004,0.00046645962092152,0.3,0.5,0.1,73,0.1608935355966969,0.0931775909546598
27,38,0.1042275969328825,0.35459202655285776,0.36104765322049487,0.3075967223539627,0.02725957089061119,0.08833009576045257,0.0003723655650116,0.00046182928604974,0.3,0.5,0.1,77,0.1625964369520458,0.0934618505279772
27,39,0.10126266177921206,0.3423381137309535,0.33988641854378965,0.32604189405318607,0.03533811973780657,0.0879931483149942,0.00037650291282172,0.00045611276611323,0.3,0.5,0.1,81,0.1630832185382764,0.0846166412984822
27,40,0.10061483004231421,0.34421061357425836,0.34897829417367465,0.3325974645774699,0.030271519080727116,0.08782199054129415,0.00037679791757316004,0.00046874794339331,0.3,0.5,0.1,83,0.1601682435928388,0.1013878472620216
27,41,0.098191906365388,0.3369060583266091,0.3404723053504729,0.3339277143538947,0.04157897903020815,0.08774062229816311,0.00038528210944133,0.00045190375643024,0.3,0.5,0.1,85,0.1622136660919922,0.1027351280632482
27,42,0.09017829597771569,0.32818853391115244,0.3514355880953211,0.32625546821173645,0.09563770833052529,0.07904663815532212,0.00057370312965676,0.00060270278613217,0.3,0.5,0.1,86,0.1391404478017456,0.0815330293996033
27,43,0.08513955954773328,0.32019734872412303,0.3493763820623349,0.3538024424937433,0.029867292292869257,0.07221070812918083,0.00048542246627665005,0.00045248462523523003,0.3,0.5,0.1,91,0.1653846475786477,0.0718042798691664
27,44,0.08457952966493505,0.31703859302984905,0.34560619979235013,0.3749978739009047,0.025552475402762728,0.07402248009440617,0.00049143335723395,0.0004620266396496,0.3,0.5,0.1,96,0.1666187591662882,0.0746358306566114
27,45,0.07728587293757024,0.27251440264981697,0.2792245851840096,0.37377644625480577,0.19754944037848998,0.08845812000456217,0.0004173722632974,0.00043525738754288996,0.3,0.5,0.1,97,0.1873519295423114,0.0775351541520859
27,46,0.07732817613780918,0.2799498762450959,0.3016824145972829,0.3996166267644472,0.026884034131728317,0.08863280136457165,0.00041838934509903997,0.00043492115340962,0.3,0.5,0.1,101,0.1859409186989896,0.0786010237448438
27,47,0.07659311430225936,0.27720915041481414,0.29849360348650733,0.4050415336729327,0.032416371072873436,0.08856106738334608,0.00041312534623828996,0.00043109515503296996,0.3,0.5,0.1,103,0.187080333784018,0.0841879047500776
27,48,0.07578425224448948,0.27788982796454426,0.30619372899764774,0.4535569041014334,0.02833504620903216,0.0884576273107648,0.00041541575143497005,0.00042879044535389,0.3,0.5,0.1,111,0.1867556532813759,0.0823583121867973
27,49,0.07261226193085146,0.27022136091093496,0.30422462732953925,0.46557291689054653,0.04909164463571913,0.08711354907682359,0.00045268502332373995,0.0005048061938239,0.3,0.5,0.1,113,0.1960735001302475,0.0780021561988454
27,50,0.07227898171489065,0.27978247948650403,0.3360567264900515,0.49637229979835507,0.027171164938984325,0.08721615208079234,0.0005704959330398,0.00039537628926035,0.3,0.5,0.1,123,0.1932289985796574,0.0788559473125072
27,51,0.07090916911507754,0.27289200194392205,0.3212546569860834,0.5026136094781926,0.03565013426622131,0.08461989530265265,0.00058129461122272,0.00040925780448146,0.3,0.5,0.1,124,0.210420187521576,0.0782570652411923
27,52,0.07191340711746905,0.2770796828671162,0.3328415349984509,0.4995219160722389,0.029767027959082475,0.08866306766609709,0.00050693878784484,0.00040434882026638,0.3,0.5,0.1,125,0.1904615809880296,0.0739905556891086
27,53,0.07092108135599577,0.27711059821846934,0.33979946137403344,0.5213902251375397,0.03411709951742275,0.08822043137090523,0.00053246694774603,0.00041043820097352,0.3,0.5,0.1,127,0.191149340788802,0.0769378276893703
27,54,0.07038541597805986,0.2788816356949156,0.34877881401503075,0.5246787339077251,0.029240448312420706,0.08786719473416031,0.00057423389375199,0.00041709443579015,0.3,0.5,0.1,130,0.1935672684035195,0.079061462107136
27,55,0.07012890016637556,0.27784434764224486,0.34757153310272615,0.5321650235927846,0.028806569238452272,0.08789080116821198,0.00054670296100706,0.00041310083566986,0.3,0.5,0.1,132,0.1910412773240009,0.0783839618443716
27,56,0.06989579843776009,0.276622696074229,0.34613495469064315,0.5591147688355496,0.027838011577950388,0.08817803297776451,0.00053716268679417,0.00041170627839387,0.3,0.5,0.1,137,0.1878144521071285,0.0779940722447074
27,57,0.06796537621479327,0.27277316195384155,0.34186888891609934,0.5726338443674822,0.03589802234685961,0.08375925313523262,0.00053814364578937,0.00041653269868286997,0.3,0.5,0.1,138,0.2128839413438803,0.0800451241926593
27,58,0.06773791502479415,0.27516775548776956,0.3515420085274409,0.5996431585773655,0.026732191612934227,0.08410437552512808,0.0005587961526116999,0.00041435717362662004,0.3,0.5,0.1,143,0.204704099459413,0.0794585046808512
27,59,0.06771756387321007,0.27505121940348676,0.3514046365313088,0.6154846977517417,0.025675044276258014,0.0841449543187517,0.00055368519219412,0.00041462848843073,0.3,0.5,0.1,147,0.2043307111567364,0.0791337570032032
27,60,0.06580291322029926,0.2833606318198887,0.39549184233129936,0.7587613316989308,0.02764354901360177,0.08582328668519743,0.00078362451332645,0.0005408597545594099,0.3,0.5,0.1,178,0.2185920689642735,0.0961235798239433
27,61,0.06535379035011443,0.2851626146887831,0.40449560833051557,0.7915578523551471,0.02774256186676849,0.08573930899228098,0.00080579296825027,0.00054230750999714,0.3,0.5,0.1,183,0.2206189741647811,0.0973787730751236
27,62,0.06525962100272842,0.2879474298149671,0.4146169139319333,0.8113203284685933,0.02722034265045918,0.0862333142370729,0.0008008416861149399,0.00060910055840935,0.3,0.5,0.1,188,0.2174166467312684,0.095538279484582
27,63,0.06468869564861149,0.28918230886773505,0.42295940327588055,0.8185872512379527,0.03140705383580757,0.08618852704659993,0.00080660567121227,0.00061248958111122,0.3,0.5,0.1,190,0.2179678049767175,0.0953704169792099
27,64,0.06450852357331213,0.2923980193520015,0.4336223586400377,0.8392577059069836,0.026653562091891184,0.08590366702611,0.00080056385904389,0.00061830765005017,0.3,0.5,0.1,194,0.2175505358865483,0.0945279998995625
27,65,0.06429081052363211,0.29100435688187476,0.4319781281025104,0.8509715748921378,0.029490909805456468,0.08630758161942606,0.0008098592394582,0.00061152050573207,0.3,0.5,0.1,196,0.2186273913027547,0.0963083736753815
27,66,0.06371596563653052,0.29288688027307996,0.44110830035101034,0.8623216058154957,0.03281718706717539,0.0857222388840219,0.00075323882557426,0.0005359774365139,0.3,0.5,0.1,197,0.2312123093909604,0.0917529499474641
28,0,0.896890820166737,0.9650308418818985,0.9592620095434126,0.13962821676367992,0.0,0.0,0.0,0.0,0.3,0.5,0.1,1,1.1847415558598544,0.7546749780968389
28,1,0.7530955521310984,0.9277417252384494,0.9104412249982009,0.1570613449361769,0.17677900977328426,0.10867556879080406,1.724038079637e-05,2.1198598566390002e-05,0.3,0.5,0.1,3,1.0454851076513416,0.5507808697678912
28,2,0.4319661103734294,0.7429635957424772,0.6956344241143793,0.10616645912608354,0.7806723851339742,0.09910220945083704,0.00021955814867944003,0.00020778989859036,0.3,0.5,0.1,4,0.6143701436978939,0.226297145186922
28,3,0.3370578782539914,0.6616844566097675,0.600960584635291,0.08810358070948623,0.19723323228915754,0.09905462672341599,9.388415845494e-05,0.00014207566778177,0.3,0.5,0.1,6,0.5768952280968003,0.1314448870614834
28,4,0.312791855805584,0.6410034021147492,0.5837656010610441,0.08985925871864642,0.08016505793961638,0.09909390054357436,0.00011934519956596,0.0001648605802799,0.3,0.5,0.1,8,0.5056274533523596,0.1472919093716432
28,5,0.3002301860724334,0.631219374637466,0.5790232230548997,0.09066663223800286,0.062211983618576015,0.1039800152996523,0.00016380790286684002,0.00022484827778081998,0.3,0.5,0.1,10,0.4703472669621868,0.1325085524756798
28,6,0.2935283307532928,0.627553740686821,0.5816459683709028,0.09462105276117681,0.06209423481628574,0.10405041346568872,0.00023006735049502003,0.00023571918078594,0.3,0.5,0.1,11,0.5219135597126785,0.1542118125327757
28,7,0.2710756001398568,0.598837178211809,0.5415592251396976,0.08509824597738273,0.12899134774679796,0.09879816761526408,0.00012502683599591998,0.00018570765585408,0.3,0.5,0.1,12,0.4386140878995493,0.1528166253588992
28,8,0.26995319273662227,0.5977011400174258,0.5402334796386529,0.0870711215195833,0.035364765257899944,0.09887014704136644,0.00011399637925398,0.00016568949263461,0.3,0.5,0.1,13,0.4381972662367206,0.1503998334941682
28,9,0.256041337637976,0.5833080990188647,0.5303692080810997,0.08587555559204979,0.10055495572818524,0.09882548667112886,0.00012612479831447,0.00018284906097257,0.3,0.5,0.1,14,0.4246739284236625,0.1316358746694914
28,10,0.23120285632296325,0.5499669771449692,0.49128040818914714,0.08165433553423271,0.10374007411222269,0.10373111398296422,0.00018478585334762,0.00017039976056116,0.3,0.5,0.1,16,0.3976397963935182,0.1827133078490915
28,11,0.225428733356221,0.5447520771188481,0.4919627621532536,0.08225312448368448,0.0712765545899639,0.10657562975655571,0.00020628727654096999,0.00029906438155056,0.3,0.5,0.1,17,0.3587985868229025,0.084473763609626
28,12,0.2234377737955325,0.5530586636810402,0.5223762408139352,0.10638733503050182,0.03373305755642616,0.10598780995519826,0.00019838426721235998,0.00028760701667143,0.3,0.5,0.1,23,0.3541819637862002,0.0911112200580702
28,13,0.1972335111442649,0.5160816769543017,0.48618532375023404,0.09792009973281567,0.20025459093423728,0.10630172463488813,0.00020315996270194001,0.00029799426028033,0.3,0.5,0.1,24,0.3385088250972767,0.088539238354703
28,14,0.17085276535141894,0.4653355266635244,0.42008900619963124,0.10475107043935175,0.13044367969302664,0.10724184083979893,0.0005234812857477799,0.00050903423524667,0.3,0.5,0.1,26,0.3430035439508887,0.2215898845888091
28,15,0.15660786900416232,0.4443002845988713,0.4093555370883189,0.13588128136107436,0.04450154275171262,0.10808488560493007,0.00042537750068624995,0.00044105832405623,0.3,0.5,0.1,36,0.2545476249988668,0.0709092345522399
28,16,0.15400642048666635,0.4424547152600054,0.41408930767906416,0.14219843289701387,0.04448486240900366,0.10843187301100009,0.00044414128630329,0.00042292449223196003,0.3,0.5,0.1,38,0.2731250301903655,0.0726579954622112
28,17,0.15335443067378876,0.44105032259274046,0.41244765541429657,0.1480335778089211,0.03581457056380597,0.10869532959080534,0.000342422167498,0.00047932369466904,0.3,0.5,0.1,40,0.2332947003495968,0.0909719951435729
28,18,0.15086247169739433,0.43938023265433834,0.4173963817714653,0.15429444128374484,0.044051432846237984,0.10873378553664752,0.00042561419764371004,0.00042690340660283,0.3,0.5,0.1,42,0.2725354413758298,0.070508894805865
28,19,0.14744002480551552,0.4283304090716098,0.39763588512950127,0.15759078600488347,0.06269895937164266,0.10847236517157935,0.00040395730315800004,0.00044483844526795003,0.3,0.5,0.1,43,0.2608899466680254,0.0725795785690111
28,20,0.1458533510821884,0.4323220521452493,0.4161006754265702,0.1773754191232272,0.03619977220385755,0.10824148722641813,0.00042613266540368,0.00040699447973331003,0.3,0.5,0.1,47,0.2607759569420655,0.0688947755621395
28,21,0.1395051777685432,0.4138639533234233,0.3876522189062259,0.18243139508577078,0.06394004720430337,0.10872675959536217,0.00064767625958457,0.00045656664860215,0.3,0.5,0.1,49,0.2503118304567935,0.0663468307557506
28,22,0.1395051777685433,0.41757512689145937,0.3988778457679031,0.20341725391874702,0.03298756820195791,0.10872675959536217,0.00064767625958457,0.00045656664860215,0.3,0.5,0.1,53,0.2503118304567934,0.0663468307557506
28,23,0.13614995063721808,0.40601860649240346,0.3785173828990016,0.2205743509929371,0.0652000903559158,0.10859899566695479,0.00062696287268538,0.00065672021892572,0.3,0.5,0.1,54,0.285377617143109,0.0929311146105557
28,24,0.13489487839538464,0.40365125949667596,0.3758339258949996,0.23161930874177764,0.03448449483206148,0.10702443105832865,0.000646049861707,0.00077386301949188,0.3,0.5,0.1,58,0.2218962738049836,0.0687028366762576
28,25,0.13363642725159572,0.40044214002768624,0.37207350316883525,0.2342680407461169,0.046428658865869034,0.10749590240910374,0.0006347251373184099,0.00074191876380012,0.3,0.5,0.1,59,0.2257667057177557,0.082658504162592
28,26,0.13161379009882027,0.4030246460022253,0.38889557262259516,0.23890392861924512,0.05232822807921862,0.1073990045372341,0.00061450474278129,0.00058370999457349,0.3,0.5,0.1,60,0.213772674514455,0.0661251124377491
28,27,0.12981990316625258,0.4020472598131876,0.39463001663333175,0.2829995787751815,0.03476759174689826,0.10806285073554298,0.0005174792984634199,0.0008422441358098499,0.3,0.5,0.1,70,0.2417478812286393,0.1176551001542191
28,28,0.12377446319637553,0.40127429539816234,0.42131389583863443,0.3195666451833611,0.0545866591502674,0.10862363394489549,0.00051867831952173,0.00064216347677029,0.3,0.5,0.1,73,0.2276826542206991,0.1087713951167681
28,29,0.12098544899435702,0.39009740301318735,0.40137931988951564,0.3067834400738523,0.06406578448903812,0.1088793890547671,0.00050670790441626,0.0006375576680199299,0.3,0.5,0.1,74,0.2338656181768326,0.1013933287226079
28,30,0.120971138136391,0.3937545863640598,0.41254049144399596,0.31325608690792023,0.033121252605325655,0.1089065852619384,0.00050912706171388,0.00063905427266954,0.3,0.5,0.1,76,0.2336711250673774,0.101846678015662
28,31,0.12007746536813729,0.3924128165715188,0.41108053161395125,0.32983002030605985,0.0353203866825299,0.10686383341489057,0.00049340453961305,0.00059308405237127,0.3,0.5,0.1,77,0.2598699798840952,0.1003232488298611
28,32,0.11537891070713516,0.3746882651018132,0.38341663772455203,0.337955605001601,0.09370447708482255,0.10679670311245325,0.0018929402536901501,0.00065348755727298,0.3,0.5,0.1,78,0.2026478478749287,0.081630480125963
28,33,0.11463325499223191,0.3800946763809734,0.40352647533960473,0.35809402677566426,0.03503695700289271,0.10673395322712055,0.0018519502562374698,0.00061681207519513,0.3,0.5,0.1,82,0.208202467349348,0.0921470107932317
28,34,0.11469914832572464,0.37262652975738136,0.3810008210704878,0.36920510031620424,0.03349294269635372,0.10714504703948273,0.00186091886921972,0.00061435936647825,0.3,0.5,0.1,84,0.2074945009468107,0.0928704591523774
28,35,0.11448486432337107,0.3757792432745388,0.39157988752059597,0.3763864341634999,0.03421214424372299,0.1070538498581218,0.0018666913304754898,0.0006150761570419699,0.3,0.5,0.1,86,0.2078530009044527,0.0934858577675295
28,36,0.11426608519993811,0.37881101150969654,0.4020083076125648,0.386781922287872,0.03609168861661298,0.10717640961190768,0.00186360765699897,0.00060983772159338,0.3,0.5,0.1,87,0.2096332785767934,0.0936981922021657
28,37,0.11416750653820186,0.38202362963833686,0.4126330009916009,0.4092685685954301,0.033634438837359004,0.10757286037339646,0.00187332432089149,0.00059107928879725,0.3,0.5,0.1,94,0.2058564532826972,0.0900602492514578
28,38,0.11388337952361408,0.425911783211472,0.5466023814616962,0.5697935274409964,0.03333371111868785,0.10900138826060923,0.00084561146601202,0.00057281995414121,0.3,0.5,0.1,109,0.2699591448848018,0.1359421008862479
28,39,0.11343341563910614,0.3991023527450034,0.46709411303559717,0.4713695242437797,0.0337621259693473,0.1087472542407718,0.00050728752743444,0.00063429631571135,0.3,0.5,0.1,112,0.3053556209914351,0.1776485090461538
28,40,0.11296271347771297,0.4166659391144922,0.5220976312475002,0.5537123276473453,0.036033117367231894,0.10801726938107728,0.00054919974590036,0.00071096824999359,0.3,0.5,0.1,113,0.2630610908780028,0.1189424562213572
28,41,0.11297519343552012,0.4199562672333353,0.5327921231521688,0.5807769137954687,0.0357544749476026,0.10820027358521897,0.00090386613527499,0.00086199178727293,0.3,0.5,0.1,114,0.2538749465575185,0.1317296323681772
28,42,0.11189578743744022,0.4170429446458329,0.5294137149377885,0.5956865382022988,0.044535876326811184,0.10816408235273393,0.00076932129578209,0.00070798370163202,0.3,0.5,0.1,115,0.2641802433668188,0.1241929358233611
28,43,0.11089054134207783,0.41792507511801824,0.5373497672666782,0.6025659001029183,0.04438220499207665,0.10785931500922018,0.00086326477807856,0.00077918230398902,0.3,0.5,0.1,116,0.2615723603744759,0.1278820611542737
28,44,0.10935758682676347,0.4060726806180673,0.5097409816989569,0.5781071242223896,0.036484589062143705,0.10833514341720615,0.00049572363400007,0.00098431474858139,0.3,0.5,0.1,121,0.2651893050592385,0.1520391935868499
28,45,0.10774376584414369,0.4041028064104525,0.5142726081009255,0.6273818082974907,0.058632615576749654,0.10929318727445707,0.0009132413707535701,0.0006150055807443,0.3,0.5,0.1,122,0.2613008745561106,0.1859449514521743
28,46,0.10631447760609533,0.4036825960663125,0.5206990293996036,0.6458212581327449,0.03739748430752207,0.10914112533171513,0.00080090337507157,0.00080071109774142,0.3,0.5,0.1,126,0.2583538099259541,0.1817596602643821
28,47,0.09650857397716109,0.3950955815548285,0.5256225431291182,0.6800439171491327,0.029581522714381314,0.08700063204784804,0.0004853814689489,0.0007470938942722601,0.3,0.5,0.1,138,0.2660179027043036,0.1136220545768215
28,48,0.093968159914807,0.386391474277376,0.5154291301574634,0.6817685531628991,0.04536238387697077,0.08801728331489898,0.0005195449986474499,0.00076262161377407,0.3,0.5,0.1,140,0.2525416756321406,0.1220123207266914
28,49,0.09062351306232741,0.3718481088530498,0.491586659930756,0.7227572888991451,0.049034633859122025,0.08784101866118524,0.00057869253364617,0.0008554938123382001,0.3,0.5,0.1,142,0.2397695705948856,0.1181108223340182
28,50,0.09511026148152818,0.39010488282564715,0.539647011380239,0.7510267696957816,0.034700389735030944,0.10343914876676333,0.00114344368993974,0.00076676907469273,0.3,0.5,0.1,144,0.2772260914133316,0.1379430251227353
28,51,0.09054045337586926,0.3881254749930225,0.5449174577817667,0.7917178846932872,0.029010069141611125,0.08923856993499042,0.00145851804883288,0.0009225331070556999,0.3,0.5,0.1,149,0.2513858832940826,0.1303059973701632
28,52,0.08950781334319263,0.38140968017223564,0.5302233967416846,0.7866433864836073,0.03319181733006074,0.0887520903322616,0.00138042729067932,0.00084542013260364,0.3,0.5,0.1,151,0.2508821208367379,0.1220547570903258
28,53,0.0886981079476588,0.3750164184789995,0.5158767349469747,0.7940138963412862,0.03286435127450605,0.08869873249595853,0.00137285049091121,0.0008339824524252901,0.3,0.5,0.1,153,0.2455257303067131,0.1203384225617877
28,54,0.08939751444719121,0.39425140715822027,0.5726791881982303,0.889145474968867,0.028119118500018685,0.09088639176459228,0.00138360468926282,0.00129483822925706,0.3,0.5,0.1,166,0.2582378144950831,0.1190339434978375
28,55,0.08878738205025376,0.4009346958226438,0.5943611966229542,0.9222832422186537,0.02762883604459899,0.08905464251768445,0.00145229899123825,0.00088624717707282,0.3,0.5,0.1,171,0.2457249705480342,0.1300529662179133
28,56,0.0884438340929877,0.3927776266284874,0.571083670293912,0.9049706349137338,0.029286225665028386,0.08866286600576168,0.00134006970869837,0.00082391542000518,0.3,0.5,0.1,172,0.2460160919174842,0.1189666547291826
28,57,0.08831264650716888,0.39604620932589674,0.5817939030906719,0.9175001619707134,0.029530035265079368,0.08860726381065522,0.0013668973200539,0.0008410065931799,0.3,0.5,0.1,173,0.2490773086300916,0.1256948854696877
28,58,0.10337535361414847,0.46368083603971477,0.7018074761157663,1.0068792734227034,0.02921971486587366,0.0918915943405567,0.00171660397000277,0.00087761873989594,0.3,0.5,0.1,177,0.2543929311238387,0.1170944175843282
28,59,0.08877774871531303,0.4205789736125587,0.6584819968961233,0.9979453905669492,0.03889098341627212,0.09202260096720552,0.0018267102495865498,0.0008705412520687499,0.3,0.5,0.1,178,0.2493555257202887,0.1285029197010637
28,60,0.08918048567525269,0.4184686930593194,0.6491367012453721,1.0025236784699727,0.03188899302961808,0.09187094125192447,0.00173344630998351,0.0008616322219435601,0.3,0.5,0.1,179,0.2524380404087127,0.1118881302082999
28,61,0.10391806628486105,0.47264584402318965,0.7260507870179143,1.0285444615294912,0.0287281712589884,0.09187154142493481,0.0017928911175410698,0.00086553543240207,0.3,0.5,0.1,181,0.2497059053517209,0.1285894137503615
29,0,0.9196828416772652,0.9730819864926329,0.968641349191961,0.14043821944360893,0.0,0.0,0.0,0.0,0.3,0.5,0.1,1,1.0992973072308891,0.7478492194498216
29,1,0.8037011840915342,0.9478442594777496,0.9342794270733964,0.1608339440551484,0.14414691479166322,0.10020365273877889,1.6368685354230002e-05,1.9711245749359998e-05,0.3,0.5,0.1,3,0.816638754835042,0.5485630998904142
29,2,0.4625929021662812,0.7654593781824461,0.7218483069959558,0.11240871016076087,0.7810663035740938,0.09898624394305827,0.00020808995315962,0.00019078721609843,0.3,0.5,0.1,4,0.5057679962642556,0.2188832827424205
29,3,0.362708557803583,0.6856665333870071,0.6288987755099598,0.09791722085292358,0.19425323154080382,0.09898976355633055,0.00013608582857029,0.00013754187517743,0.3,0.5,0.1,6,0.4523400236493513,0.218028269692474
29,4,0.3374523692771324,0.6657646218497262,0.6126957334198363,0.09639570163949267,0.0770004236327,0.09737360293800557,0.00013830958925095002,0.00013495062575868,0.3,0.5,0.1,8,0.414486443432437,0.177515407863479
29,5,0.3115159993631979,0.6396726504356685,0.5822174616546322,0.08810056779457068,0.13946006587958248,0.09904249425407671,0.00013375334067962998,0.00011912608180379999,0.3,0.5,0.1,9,0.3803737863086938,0.201634035069789
29,6,0.288766056968634,0.6184076070940996,0.5640041423090758,0.08832229375918935,0.08767141501069366,0.10582027782463722,0.0002049314240467,0.00018313951633082,0.3,0.5,0.1,11,0.3342435320871865,0.1712638724599634
29,7,0.27682261502740857,0.6053819047985534,0.548915939892445,0.09189155499506177,0.08588772234862582,0.10395210699592976,0.00027329029282060997,0.00021103288486323002,0.3,0.5,0.1,12,0.3963814557608765,0.1543770751467185
29,8,0.2562588702908263,0.583049202906541,0.5297230203089635,0.08170522731072422,0.13832917983945983,0.10555466181587177,0.00026429610343138,0.00019178201095258,0.3,0.5,0.1,13,0.3645942276098374,0.2408642165375674
29,9,0.23902732985631117,0.5607181487383738,0.5037576482184473,0.09143962059329529,0.1236462644039571,0.1044996521610686,0.00029402990210963,0.0001986982495496,0.3,0.5,0.1,14,0.3718758321576568,0.1727118213617469
29,10,0.21609406944705853,0.5313971741253085,0.47642765992294683,0.08256043914202256,0.07806946363950625,0.10608576658495855,0.00024489217013809,0.00018506008076731002,0.3,0.5,0.1,17,0.326456846246957,0.1315431956358992
29,11,0.21535659763146658,0.5298237960122956,0.4744939052374201,0.08512557354192844,0.040995993627578435,0.10810513416033124,0.00025590407233731,0.00018492162503052002,0.3,0.5,0.1,18,0.3522771574547854,0.178112809483817
29,12,0.20592438692757073,0.5190151755822341,0.4689052430564822,0.08483529830861723,0.08832335037260923,0.10608576658495855,0.00024489217013809,0.00018506008076731002,0.3,0.5,0.1,19,0.3257739496990042,0.1471191954834409
29,13,0.20113531079871227,0.5109544103520461,0.4593955303095741,0.0884278531670192,0.05089897591046943,0.10836643361323382,0.00031167980800269,0.00023265178561187,0.3,0.5,0.1,21,0.3430774994327853,0.2052466875900085
29,14,0.1850630446639932,0.4878150431568824,0.439419632344747,0.08773680374843953,0.1408192844640223,0.10683261303003608,0.00027708685645335,0.00024693202868896,0.3,0.5,0.1,22,0.2342447593007655,0.1380601090272995
29,15,0.18291210277580142,0.4950013513918265,0.46846336081363116,0.12165327318563281,0.03529320101395625,0.10747386819239722,0.00030692098558102,0.0002801415401257,0.3,0.5,0.1,28,0.2283125790030509,0.1518595574732647
29,16,0.18125604047166094,0.49573559022976527,0.476220949132655,0.12887220805110214,0.03852540141337068,0.10747386819239724,0.00030692098558102,0.0002801415401257,0.3,0.5,0.1,30,0.2161872556310185,0.1331429285920366
29,17,0.1808908762145494,0.4950924202851581,0.4754743437680017,0.13161101262892808,0.034991184351339105,0.10742608551219568,0.00030293250754546,0.00027960432625938,0.3,0.5,0.1,31,0.2240213041614567,0.1430500064718673
29,18,0.176320056744032,0.4866672333111313,0.46563843150696427,0.13981890490615928,0.0501761620167791,0.10780440483989773,0.00033082408479037,0.00027238015941567003,0.3,0.5,0.1,33,0.2314828910223815,0.1522959209936435
29,19,0.17598902704495495,0.48615829396519755,0.4650657551283643,0.14567762604458573,0.03399481957943465,0.10741204086790769,0.00032274344166249,0.00026053045023619,0.3,0.5,0.1,34,0.2318995980328651,0.1462433227212011
29,20,0.17047024945806463,0.46810510765241775,0.4301039157168287,0.12600593671130586,0.04291565339199537,0.11003305818738013,0.00028420498680012,0.00022810379560099,0.3,0.5,0.1,39,0.2360403529552377,0.1476431081012149
29,21,0.14812370464125535,0.41992181543403684,0.36721232972577644,0.1129974995381917,0.12275166285022628,0.1071377377790361,0.00028481142751432,0.00026349988063442003,0.3,0.5,0.1,41,0.2187692703456987,0.0920443378419646
29,22,0.14358895079690537,0.4132408886974632,0.36625336044959134,0.11251980945107098,0.05569343887901173,0.10872706798749998,0.00028305396953536997,0.00024084486744554,0.3,0.5,0.1,43,0.1906466299544889,0.0733348703509888
29,23,0.14182327364536126,0.4103559620441722,0.3630585398727881,0.11707548168488259,0.035316322583377725,0.10542738849439222,0.00025208733302751,0.00022811303524706002,0.3,0.5,0.1,45,0.2008678422128585,0.0831119567708432
29,24,0.12723525281271406,0.3838514341107759,0.34616518203766394,0.12027256214305221,0.09689780179742473,0.10163047664905427,0.00034487142496685,0.00029638441265981,0.3,0.5,0.1,47,0.1848182434261717,0.1061454323147493
29,25,0.11719735110627567,0.3560110141231826,0.3135580302309544,0.11957260745637541,0.1509335443412389,0.10517832482333557,0.00032985288652747003,0.00027044257312618,0.3,0.5,0.1,48,0.1617466952774198,0.0937858928316024
29,26,0.11746734232097762,0.3496745424098576,0.29895488678685217,0.11263631954615473,0.05248939077931682,0.11154153075735487,0.00036937595470525996,0.00032795479287505,0.3,0.5,0.1,49,0.1413554420046728,0.0854908713942592
29,27,0.10769944898187345,0.32489855289064185,0.27695942023059045,0.12308087843998454,0.15235556934468616,0.11231508362462404,0.00033357438019856,0.00027529701435228,0.3,0.5,0.1,50,0.1332322873798627,0.0759137672788423
29,28,0.1052885112901684,0.3182698053716032,0.2759010431140113,0.12984188976846567,0.059660353892166236,0.11706548795880344,0.00036697695486136,0.00030104189237019,0.3,0.5,0.1,52,0.1156319075069598,0.0718722013370121
29,29,0.1098940999619346,0.31768375616068495,0.28067667287423054,0.14343757881385277,0.09840709175588064,0.1461661248572895,0.00034237238009224996,0.0006438063784152,0.3,0.5,0.1,53,0.1152589111382651,0.0800252322626853
29,30,0.09416500407581664,0.2727084833067923,0.2089173373609098,0.12811863469638196,0.08864929916781149,0.11915278997408954,0.00033625167018973,0.0003608981390566,0.3,0.5,0.1,55,0.1604030020951055,0.0916964438008186
29,31,0.09117490252061837,0.26052360147211046,0.20129658313316448,0.13399485891969187,0.07481061499235361,0.12573745743756645,0.00034515089210116997,0.00044203478570044004,0.3,0.5,0.1,57,0.1479823603344027,0.0909024142544091
29,32,0.09159555474398937,0.26351734866116805,0.2115474458097912,0.1457182675792162,0.045215156951260216,0.1285286914110326,0.00034837341435294,0.00047713408957846,0.3,0.5,0.1,58,0.1454093646185928,0.0912409330324043
29,33,0.08833656858204991,0.2506752873526515,0.18984794425233012,0.140131051617097,0.07292460279826732,0.12528394087920755,0.0003408475207889,0.00034927945763724,0.3,0.5,0.1,59,0.1482835589695447,0.0844846013887845
29,34,0.08584319741419492,0.24794931572315887,0.20046589698504572,0.15778294721537292,0.058219443493888245,0.12549746066818385,0.00034083570796651,0.00036271012081945,0.3,0.5,0.1,61,0.1447129536667556,0.0726970457882848
29,35,0.0854332839300846,0.24250379803017438,0.18721466566193604,0.14587965130958544,0.04503224608683192,0.12559782454788787,0.00034078379732419,0.00037420233276935,0.3,0.5,0.1,62,0.1441839592235144,0.0674161492124759
29,36,0.08521175237536745,0.24458046386388005,0.2031901557901995,0.16606423013279664,0.0677106981127473,0.13059095605555465,0.00034550006493458,0.00041732276893327,0.3,0.5,0.1,63,0.1338726057404452,0.0721554270252704
29,37,0.08087223228862539,0.24653612533283248,0.21992299896303696,0.2057525724553044,0.036113306799778984,0.11749076576515415,0.00032968082504705,0.00038855171554507,0.3,0.5,0.1,73,0.1437426944127333,0.0778471974524076
29,38,0.07363526418389489,0.24434582830751533,0.2322467185215295,0.22207648895104237,0.041428236572128005,0.09590041903336781,0.00033227509607682,0.00022957665535934998,0.3,0.5,0.1,74,0.1207374572385028,0.0626570467718606
29,39,0.07144172712618807,0.23278902333200766,0.2119439100419407,0.2125829452012804,0.04398823073251198,0.09462906302824925,0.00033381772110822,0.00023388645300503002,0.3,0.5,0.1,76,0.1345149731957445,0.0672490471748311
29,40,0.07236821778169704,0.24072034169228285,0.2348135536545517,0.24514853964078945,0.030391078393783643,0.09815947547613274,0.00033196385969568997,0.00023185824870394003,0.3,0.5,0.1,79,0.1395332270313466,0.067828514179044
29,41,0.06824702685820667,0.22713882913119163,0.2191914357870442,0.24629636430478277,0.07944298623623437,0.09412684633005207,0.00032791330649913997,0.00023126763078943,0.3,0.5,0.1,80,0.1405632867564629,0.0656508916530053
29,42,0.06866569179247903,0.23002772700173194,0.22932836212952826,0.2638763262143394,0.03256620062566071,0.09677028150625494,0.00032836709867493,0.00022497181390586997,0.3,0.5,0.1,82,0.1406021102609622,0.0702989701003658
29,43,0.06760858344668892,0.2241772977944275,0.21573258836800738,0.2546078928914167,0.030382959686131167,0.09427400612525344,0.00034793654045777,0.00022127329639581002,0.3,0.5,0.1,85,0.1310514906343284,0.0648680944406863
29,44,0.06636665193789329,0.22153117645545675,0.22623658826457183,0.281932050032829,0.04154179722320809,0.09864496320492623,0.0003650281360995,0.00022285958931933,0.3,0.5,0.1,89,0.1175123354588103,0.0648649617850365
29,45,0.0660803238220505,0.21453115372558249,0.21108666617795677,0.3084979263828213,0.033548700204857694,0.10037629415254357,0.0004364917231753,0.00030313159738752,0.3,0.5,0.1,94,0.136297118873131,0.0665288464095349
29,46,0.0647760169267189,0.22123637978977925,0.23967686497347523,0.3158523190289052,0.03815358489657062,0.09895883982775505,0.00040860486400945,0.00032284091292797,0.3,0.5,0.1,96,0.1346701985222191,0.0667515051031791
29,47,0.06272953743926435,0.2099156102314046,0.2196743903977714,0.31564652792006953,0.039118588895840904,0.09722699636902495,0.00038466886688007,0.00029653055470366,0.3,0.5,0.1,99,0.1286821233198771,0.0650043374757976
29,48,0.062354770555068835,0.21939102872121155,0.25142489885661296,0.34060388898534755,0.032709469309313226,0.09711323336434499,0.00038852088992728003,0.00029912113717105003,0.3,0.5,0.1,101,0.1287963614717434,0.0651954414356652
29,49,0.06226563423705413,0.21525302149275868,0.23970201591227938,0.3358607976007131,0.030232317783290753,0.09711323336434499,0.00038852088992728003,0.00029912113717105003,0.3,0.5,0.1,103,0.125264212805709,0.0582633778083092
29,50,0.06142942080272653,0.2526869171473981,0.35926257959755115,0.5461771283340682,0.029490548743854157,0.09667053945326046,0.00034038322687672003,0.00024071717414543,0.3,0.5,0.1,148,0.1425361890319565,0.0660378504964315
29,51,0.060608470890599175,0.24060647122894324,0.32461230546558123,0.5316048216263639,0.028494650551819094,0.093969207370754,0.00039141889965734,0.00022568712959416,0.3,0.5,0.1,156,0.1194513683136728,0.0585876390843933
29,52,0.06059461663691493,0.23740539539809788,0.320748233193197,0.5580253528574545,0.037521960078279376,0.09668699902610292,0.00039665021234353004,0.00022571498841525,0.3,0.5,0.1,158,0.1236645210388167,0.0597661945154311
29,53,0.05994707164354802,0.24404661239513054,0.3423906002307596,0.5655398454735703,0.028752219591772307,0.09464751670050266,0.0003930959180386,0.00023135152112815,0.3,0.5,0.1,163,0.1231774484656824,0.0592769665398503
29,54,0.05982210262867948,0.2395312841551298,0.3302199034904588,0.5382565898780121,0.02983800968783934,0.09480757020548418,0.00039762169334448,0.00023076712017307998,0.3,0.5,0.1,166,0.1235183904936942,0.0590155476332527
29,55,0.05969231252124306,0.2426140154873287,0.3407136131071933,0.5809244335595537,0.03124797474134556,0.09480265259424499,0.00039780660752643,0.00023002680654548,0.3,0.5,0.1,167,0.1237419017443983,0.0589720711821886
29,56,0.059709211342704974,0.24239680045806483,0.3404478480903388,0.5613818086290998,0.029954005649451696,0.0950556425099656,0.00040018605548221,0.00022996744827378997,0.3,0.5,0.1,168,0.1242352457442041,0.0590702837690769
29,57,0.05970668829483145,0.24239344231490395,0.34044432701288496,0.5652932151995713,0.028741692249352826,0.095048199927288,0.00040003264915804994,0.00022995697902892,0.3,0.5,0.1,169,0.1242473221125825,0.0590701920186532
29,58,0.05942290000175978,0.24111184770067473,0.3389560235597622,0.5766010535754592,0.031288516636101306,0.09494431082865452,0.00040501375043077,0.00023057028758191998,0.3,0.5,0.1,171,0.1203369908779585,0.0590721002526648
30,0,0.8951479069062388,0.9644071409285545,0.9585353969839061,0.13802054026783445,0.0,0.0,0.0,0.0,0.3,0.5,0.1,1,1.1924613425680095,0.7509258445422617
30,1,0.6292044907128941,0.8681993470175541,0.8346263232584665,0.13732346258451167,0.2927493434614542,0.09863663126403768,0.00033269597799981,0.0011397216793934699,0.3,0.5,0.1,3,0.5951861905558135,0.4675689842327974
30,2,0.36474266863542937,0.6874656757682023,0.6310438261257376,0.09208954640746804,0.2755342653427491,0.09806567162060612,0.00010156449985301,0.00010506059351636,0.3,0.5,0.1,6,0.4190155435363379,0.1531697494714377
30,3,0.35907202943025324,0.6861575922277102,0.6362281613501821,0.09765243269288228,0.043434195592397036,0.10193030486156171,0.000129306776997,0.00013375782637293,0.3,0.5,0.1,8,0.3956298250096139,0.1486056507405536
30,4,0.28282889958976287,0.6082800803052925,0.545735600655801,0.08610209973051486,0.18695698068567299,0.09727797588567046,0.00010903541705081,0.00010866770616295,0.3,0.5,0.1,10,0.3805101099410399,0.1533729388105572
30,5,0.2527148326676691,0.5791315764679147,0.5255415471730642,0.09765534756970959,0.06747232185978676,0.0980447245262746,0.00013698751227857,0.00017532262655795,0.3,0.5,0.1,14,0.3751507813961834,0.1667484849972039
30,6,0.24287618449949452,0.5696201896232927,0.5211832419663897,0.09633150693261258,0.060116079216917,0.10158916690082531,0.00018179757837331,0.00023267251453891,0.3,0.5,0.1,16,0.3413113009559103,0.1605093188294802
30,7,0.24269392324119884,0.5690128431724528,0.5201476470942225,0.11000073136929925,0.038597050397270065,0.10835750781971422,0.00011999863128644,0.00012202818014853,0.3,0.5,0.1,18,0.3171665013453335,0.2038051003697248
30,8,0.2311170076300758,0.5531085071560751,0.5017716639012538,0.11212587488281997,0.09230645467909111,0.10530212694698671,0.00011174594125659,0.00011247524299599001,0.3,0.5,0.1,19,0.3005247495084966,0.1570997562486717
30,9,0.22767206842819254,0.5518635475585466,0.5072180921932179,0.10515620348985565,0.0520810774818581,0.10541247339011224,0.00011197982663189,0.000112745978027,0.3,0.5,0.1,20,0.3077829408207927,0.1563412286289713
30,10,0.20845573223469338,0.5263125183164653,0.48419409910375205,0.10496900793148503,0.0950071757424513,0.1085903030278309,0.0001348476586813,0.00016428731036817,0.3,0.5,0.1,22,0.3128044666104512,0.1377511295798275
30,11,0.20304995110573146,0.520644198451296,0.48427852439901325,0.12128540477328469,0.04497237097546529,0.11291903869304828,0.00013625993458689,0.00016576090834191,0.3,0.5,0.1,26,0.2744545958959851,0.1499861672015656
30,12,0.19788986506608483,0.5101099480691527,0.4655136516081677,0.12314854786232489,0.04947373881623097,0.104561030446615,0.00016810171275041,0.00026197720595868,0.3,0.5,0.1,27,0.2222347186277108,0.1571457340307677
30,13,0.19004269786981928,0.49736323986031783,0.4506767305584401,0.12470417358931277,0.0849879547884934,0.10429267435086743,0.00017292020019468,0.00028246944510801,0.3,0.5,0.1,28,0.2353569717632955,0.1416515661683751
30,14,0.18658925489651618,0.4941196762281184,0.4536489925710164,0.1262646764595216,0.06339687644236086,0.10729137769790026,0.00019518859946844,0.00034483286847790997,0.3,0.5,0.1,29,0.2476173103926298,0.1427150215492991
30,15,0.1729806175412301,0.469944571433017,0.4255691282198906,0.11915906161919317,0.129427212721632,0.10562153710511332,0.00018588372970520001,0.00034643807521159,0.3,0.5,0.1,30,0.2481171394847838,0.124160176279305
30,16,0.15808375439067626,0.44344549494128155,0.4014281545168799,0.11375129565179821,0.1617840529483245,0.1091009999226657,0.00018911478594186,0.00035253397999048,0.3,0.5,0.1,31,0.2651122504326026,0.1762444737587857
30,17,0.1444862214593867,0.4160219532873068,0.3761263243015701,0.10912531964175723,0.1018324843155467,0.11416419487273152,0.00024436136644439,0.00043468847101827,0.3,0.5,0.1,33,0.183812466106186,0.1425550345237965
30,18,0.12726117345698673,0.3717669559723385,0.31777129952721517,0.10467801066685888,0.19845256166695235,0.11217790786095624,0.00019697381496891,0.00039427046317177,0.3,0.5,0.1,34,0.2323828173409593,0.1654997461032341
30,19,0.11440719179920072,0.34176980158812303,0.2898046319026471,0.10316019698937076,0.10188310821650759,0.11062204001097742,0.00019944554073711,0.00038882083548504997,0.3,0.5,0.1,36,0.2037554931367571,0.125369855778319
30,20,0.11023048749242494,0.33181873073464624,0.2849595484260354,0.10624857021597853,0.0646825815404734,0.1136000443979103,0.00026276956756110997,0.00051069301257918,0.3,0.5,0.1,38,0.1693481567198412,0.1210753477275611
30,21,0.10711196403035543,0.3250565047657817,0.2773038757458604,0.111789994406935,0.0546434265438285,0.10928162489117624,0.00019155712266272,0.000359070418993,0.3,0.5,0.1,39,0.1869478064327434,0.102712619071507
30,22,0.09510092649896872,0.28430295795050975,0.23628993224090616,0.10344049046009872,0.23001963894637212,0.11793133811443307,0.00029135373742574997,0.00055379343940809,0.3,0.5,0.1,40,0.1273817141104125,0.118115237368389
30,23,0.08342585327748228,0.24612205640337595,0.1987715567180833,0.10860889856595522,0.07804003620336664,0.11682943608696358,0.00025138115021859,0.00048584523149889,0.3,0.5,0.1,44,0.1202425591711481,0.091636567102108
30,24,0.08338902142173946,0.2496120326294066,0.2097351101803775,0.1239102829324352,0.035590370162740595,0.11691510239324253,0.00025270728570803,0.00048800099612689,0.3,0.5,0.1,47,0.1192638266493651,0.0923499539000408
30,25,0.08110644883769344,0.24038421595699624,0.19897499988473744,0.12471154125660279,0.07362254297493355,0.11711963692910299,0.00025227793006442,0.00048219533058941005,0.3,0.5,0.1,48,0.1165035115012877,0.0933124111716809
30,26,0.07749561962559003,0.22594216195928912,0.18217065283075445,0.13059038067125917,0.054883467088586387,0.11665776215703237,0.00027215320100443003,0.0005438718081083301,0.3,0.5,0.1,51,0.1113350926523972,0.0888973966442079
30,27,0.07687193636199073,0.22641831297113366,0.18959682919746132,0.15567945655814983,0.042418820848851894,0.11732379026211927,0.00025420324528844,0.00049825931999115,0.3,0.5,0.1,53,0.1148988700850896,0.0905467284250427
30,28,0.07573523353381988,0.22255125059251415,0.18514123275454883,0.15101595645942642,0.03997944625675137,0.11631679321261343,0.00025843049495204,0.00050214867260205,0.3,0.5,0.1,56,0.1156349531656494,0.0845537052670406
30,29,0.07257864469239421,0.20467786989302278,0.1641276373923399,0.15698261047807618,0.11475324351247101,0.12017502843928868,0.00026209982699755,0.00052951115978775,0.3,0.5,0.1,57,0.1105499158880592,0.097144180955598
30,30,0.07091473814322391,0.19911691939853274,0.1577423415025564,0.160981867079104,0.05640362237672743,0.11828545730198926,0.00026254906232347,0.00055503357642295,0.3,0.5,0.1,58,0.0971148072334732,0.0900949329706206
30,31,0.06969318413500712,0.19723954529470344,0.16246254977196167,0.16620992733134904,0.04704328402256746,0.1181838891392545,0.00026206559566055996,0.00055424365653715,0.3,0.5,0.1,60,0.0965215799060122,0.0893393018522901
30,32,0.0694603188298458,0.19617396869982417,0.1612223668712448,0.1624989105431649,0.037817751669339573,0.11816013150652009,0.00026682063034798,0.00053060079062641,0.3,0.5,0.1,62,0.1000932758984384,0.0887017141950999
30,33,0.06893485912838561,0.1903579904618505,0.14756117396813953,0.17547597999667644,0.04380451959690975,0.11781527666400653,0.00026788405354499003,0.00056179950949965,0.3,0.5,0.1,63,0.0994136610186947,0.0886918462749792
30,34,0.06591102418843073,0.18002932719599615,0.1424539854601984,0.1871631919443126,0.09276233416646137,0.11734954632369653,0.00026630623321304,0.00056253952927236,0.3,0.5,0.1,64,0.1011146102857624,0.0857295258189007
30,35,0.06591737931158999,0.17230151970135393,0.11963297560433793,0.13978200766886312,0.03579626214987165,0.11763371776513923,0.00026580449053826,0.00055705228127378,0.3,0.5,0.1,69,0.1022539185600446,0.0864563659724411
30,36,0.06577185814090632,0.1718314202399909,0.11909570032482464,0.1396057357385075,0.03709628143738393,0.11742268312044489,0.00026596622712198,0.0005599071720697099,0.3,0.5,0.1,70,0.1017125988457197,0.085732643496931
30,37,0.06552461011660841,0.18614581311734685,0.16340945304966908,0.23440932487734456,0.03548057422842353,0.11683418808040029,0.00026757371260983,0.00055444125266289,0.3,0.5,0.1,76,0.109080557575774,0.0833594357761237
30,38,0.064322208302413,0.18060765745273732,0.15697644428533408,0.25409452689672946,0.04631346115768892,0.11644522454926699,0.00027093307370873,0.0005672367668113399,0.3,0.5,0.1,78,0.1024462728094354,0.0827382671401933
30,39,0.06404867067813316,0.17198157540336828,0.13312998624499486,0.19655129709831953,0.03588025584770744,0.11629688492333091,0.00027316664847516997,0.00057134908056823,0.3,0.5,0.1,84,0.1033459252085979,0.0821734170913577
30,40,0.06398925245171129,0.1904471384150442,0.189161430941918,0.35180219288551745,0.035035945387013656,0.11617138668747837,0.00025512221386262996,0.0005203713158304999,0.3,0.5,0.1,116,0.1081065265198675,0.0793510304347448
30,41,0.06413534267150864,0.19399391055651,0.20015874208297696,0.3535867618747173,0.03546783988221336,0.11690874917771983,0.00025393655101823003,0.00054468665590886,0.3,0.5,0.1,123,0.103595440357432,0.0810031083075959
30,42,0.06385424613967643,0.18888668009437362,0.1873077738594493,0.38187012164787626,0.03718805822817014,0.11688724763108498,0.00025464551147032,0.00054272490770464,0.3,0.5,0.1,126,0.1035373606114787,0.0827657756726338
30,43,0.06383969162026124,0.19991340476914424,0.2208589041305082,0.43774507910399935,0.035296215925309855,0.11691360660422906,0.0002549510315868,0.0005431425115423199,0.3,0.5,0.1,138,0.1032493293790739,0.0825227851795657
30,44,0.06384125209327385,0.20359883746421056,0.23205317126255276,0.5017548315349308,0.0352734656316935,0.11694129348976022,0.00025483709639234,0.0005432940291907301,0.3,0.5,0.1,153,0.1033504030483234,0.0820775921335813
30,45,0.0638455308989337,0.19617027093516362,0.2095935824595278,0.5103605806313132,0.03532278472237464,0.11696419005067374,0.00025472674367965,0.00054377289410466,0.3,0.5,0.1,154,0.1034091045097935,0.082052183091948
30,46,0.06383612338033158,0.19984238473996419,0.22077400993945978,0.48739545842862736,0.035424431022355034,0.1169569894036033,0.00025479928115968,0.00054362917107229,0.3,0.5,0.1,155,0.1034568386356784,0.0820241333678312
30,47,0.06383386343525772,0.2035482112065837,0.23199366568363192,0.5139175388432003,0.03528128079058561,0.11695211752389915,0.00025482367410342,0.00054315888126211,0.3,0.5,0.1,156,0.1034645017285316,0.0820334943073547
30,48,0.0638363708524078,0.19983727869094198,0.2207678038725407,0.525778316982396,0.03528236509730137,0.11696240218905424,0.00025479218972675004,0.00054318683894801,0.3,0.5,0.1,157,0.1034275422164697,0.0820324971066543
30,49,0.06382903154139923,0.20351405581575005,0.2319534930864277,0.5217840313390988,0.035304380279839946,0.11695985437072683,0.00025485562621332003,0.00054348536637893,0.3,0.5,0.1,161,0.1034394043612576,0.0820709078624853
30,50,0.06382578145925835,0.2072153702189892,0.24316785897294785,0.5451160177089929,0.03530490034711898,0.11695445164360793,0.00025480801362529,0.0005437337240206699,0.3,0.5,0.1,162,0.1034188471138752,0.0820679579968192
30,51,0.06390496637456065,0.20724974897573112,0.24319305720885653,0.545190498781755,0.035584783401683105,0.11725782070000788,0.00025380456634788,0.00054021730291992,0.3,0.5,0.1,163,0.1043656831007287,0.0828051985883126
30,52,0.06352914172622987,0.19850047195959394,0.21921957211115956,0.5330461950787846,0.04009545139290585,0.11677482780509292,0.00025638557625406,0.00054649430022012,0.3,0.5,0.1,164,0.1037209346805893,0.0814243888383893
30,53,0.0636058971854422,0.2050188620151083,0.24056556438039675,0.5408277994624459,0.04056521454750928,0.11780720317770772,0.00026548504282174,0.0005650889401574699,0.3,0.5,0.1,165,0.0990048218310683,0.0845001367313221
