Run,Equation_Index,Hybrid_MSE_Train,Hybrid_AIC_Train,Hybrid_BIC_Train,Hybrid_MDL_Train,Hybrid_PSM_Train,Extrapolation_Divergence,Sensitivity_Interpolation,Sensitivity_Extrapolation,Lambda1,Lambda2,Lambda3,Complexity,MSE_Test_Interpolation,MSE_Test_Extrapolation
1,0,0.9247386028625311,0.77506053461956,0.41520898417400737,0.01461642450503556,0.0,0.0,0.0,0.0,0.4,0.3,0.1,1,8.254756039999998,74.86008270666667
1,1,0.7148709250297404,0.7289092472767387,0.4122106534596507,0.07601794597236276,0.41371428660554493,0.16158373998939216,7.787360501567e-05,0.00017039608298117002,0.4,0.3,0.1,3,5.1301537644895205,54.07005489459284
1,2,0.5771245205212179,0.6785688276613421,0.3948312142768753,0.08788456660548712,0.32905730703185543,0.18935627093597965,0.00049908300361175,0.00109204895395309,0.4,0.3,0.1,5,2.6808943802982093,29.28141695602769
1,3,0.5771052601799305,0.6785738478892572,0.39485043110216916,0.08792380514524299,0.07627723255615583,0.18945425192035298,0.0005037150370907899,0.00110218435683967,0.4,0.3,0.1,6,2.6704687294168634,29.158326351945323
1,4,0.5403895013566552,0.6341956248934524,0.3559995551637002,0.08148368328052856,0.1853494328694178,0.17159803200544627,0.00038492709114437,0.00087587107144676,0.4,0.3,0.1,7,2.6895359054694783,21.56336611761561
1,5,0.5092256499267979,0.6120889197945195,0.3407868046941564,0.07977740749702024,0.1759805127530799,0.16061722673149328,0.00036677314600959003,0.0008350402231055499,0.4,0.3,0.1,8,3.3213859261301293,32.932431692789514
1,6,0.49182550786119866,0.5994273380750305,0.3322425332400261,0.0873638296614716,0.12894608001834393,0.1548258891728605,0.00070804152415897,0.00210156055723577,0.4,0.3,0.1,9,3.356735313687687,33.20332610875848
1,7,0.49452422199392165,0.6052098092699794,0.34095848926375,0.09372632866609956,0.12311591803431762,0.18874896380812428,0.00036371787219802,0.00060362317817008,0.4,0.3,0.1,10,3.508453755030589,35.48490625392245
1,8,0.4641573637401184,0.5801097727558658,0.32148368404480326,0.09331824275376968,0.1560618055288078,0.16174189878923995,0.0005767036833890799,0.00146223518763334,0.4,0.3,0.1,11,2.995776680338783,18.10988602326549
1,9,0.46878063979629253,0.5867947122174169,0.3306753340425978,0.09873781794146863,0.11864268552891884,0.19444312073119469,0.00074593209532683,0.00137302542678744,0.4,0.3,0.1,12,2.8092071520486632,24.489584586571095
1,10,0.4485843468704933,0.5865787382403623,0.3341092570398556,0.09903589358164744,0.09520284141820075,0.16003414232219254,0.00042539313145771004,0.0017280452548521699,0.4,0.3,0.1,13,3.0016122041626017,19.985908233458343
1,11,0.4560899223768373,0.5948133491647677,0.34333331516159293,0.10711843868879065,0.09111937682143295,0.18683133581136155,0.0006318359706674801,0.00167530545249557,0.4,0.3,0.1,14,2.852006824412917,15.666460024522983
1,12,0.43827795928475566,0.5987029729817803,0.3538137719992675,0.10919001983417169,0.1513612825383546,0.18124195161444628,0.00075720763494497,0.00199610411055452,0.4,0.3,0.1,15,2.612121441419302,11.396338973229303
1,13,0.4329104940613149,0.558615479762368,0.3144512600672126,0.10902840640604028,0.11468253998442304,0.20061600977185948,0.0009240638575815001,0.0013868764643891701,0.4,0.3,0.1,17,3.8902288283243394,23.564604683716208
1,14,0.4256631525108344,0.5515760930043704,0.3076549096997739,0.11664253905591492,0.07864345850932948,0.18420093929128858,0.0009587129278248501,0.00279256648290654,0.4,0.3,0.1,18,4.207387089985426,26.381682278267064
1,15,0.417791940307812,0.563702463564255,0.32501284771571964,0.11625120627214322,0.13282881690035858,0.19103360376015432,0.0008750337653039,0.00151083997637722,0.4,0.3,0.1,19,3.5857802281780087,25.79225075670773
1,16,0.41032301698219503,0.5753586510289475,0.33998128904056285,0.12431294287538255,0.0994111240538878,0.1838837253659469,0.0009069912991904299,0.00182142186722502,0.4,0.3,0.1,20,3.4812598755680084,10.583496241426282
1,17,0.4044825221658079,0.5517946337412548,0.31692498878464526,0.13534045077612,0.08685843452266899,0.18519620085127825,0.00114149947035481,0.00308792188053567,0.4,0.3,0.1,23,3.415784143277559,7.298462834382707
1,18,0.39866226914853437,0.5656011519607103,0.33645990072709814,0.1492186821982771,0.14475952525177044,0.1993352002323572,0.0011981232077064399,0.0017204190484119998,0.4,0.3,0.1,24,2.397207300474492,22.88213397699654
1,19,0.39866226946605826,0.5841108038547855,0.3567110023845193,0.15801133088962066,0.0802656464688601,0.1993352002323572,0.0011981232077064399,0.0017204190484119998,0.4,0.3,0.1,26,2.397207245721112,22.882133786415935
1,20,0.3936154188494541,0.5609233107892331,0.33347086806507364,0.15733882501409735,0.10724283789390132,0.19853311289220643,0.00129046026908473,0.00124404474189252,0.4,0.3,0.1,27,3.010627294570609,25.15735804593922
1,21,0.3685277228364919,0.573805008072372,0.3607897738443892,0.1904482483080891,0.26112460286489864,0.1995008632136159,0.00624175008628226,0.02246942594659612,0.4,0.3,0.1,28,3.950255850760251,13.368064223451029
1,22,0.3556704166753374,0.5789645043564042,0.37370908278714043,0.20114374590007367,0.13470435383750312,0.2049318089070316,0.00659394930682336,0.020749974137331158,0.4,0.3,0.1,30,3.531798130030265,14.491303375376525
1,23,0.35576945492691203,0.5975703321631114,0.39407803636575156,0.21101505409253765,0.08635345655031505,0.2053068429082724,0.006651656068718451,0.020594873674529248,0.4,0.3,0.1,32,3.446406970848866,14.509993234267888
1,24,0.3483086121622361,0.5702086637646272,0.37188682317072796,0.2254951504012154,0.12305279295875804,0.2204756345193797,0.01296090124934493,0.029983537047052127,0.4,0.3,0.1,36,3.35855995903268,21.153025295436887
1,25,0.33988953047748754,0.579038396619407,0.38660599554979064,0.23588055409481828,0.11281058051227333,0.21738286462798995,0.01769625535371758,0.0378767374592092,0.4,0.3,0.1,40,3.694641243651013,19.48710045730922
1,26,0.2969761326708758,0.5723315996067655,0.3859545422141158,0.24712730504942187,0.06741950614017571,0.13300748648459315,0.013201586908963888,0.01766276435779629,0.4,0.3,0.1,45,4.5412112200348425,28.41284894555191
1,39,0.2653349560787336,0.6093732758646174,0.4677333758768562,0.39441253640124047,0.13068012691134145,0.20619408842290043,0.02391912448913042,0.06300822116952401,0.4,0.3,0.1,69,4.902237206631565,13.260695637864918
1,40,0.25300968319476,0.5911024227928908,0.4557128865444901,0.3952093105649919,0.14429089047265595,0.2026793874917189,0.024318099372573627,0.05368343009180545,0.4,0.3,0.1,71,4.639574970628947,14.192019403994593
1,41,0.2261728547292999,0.5804779365858317,0.46749483957045523,0.46099266436759984,0.12020224193137054,0.18537532338039134,0.028105832325961998,0.12108992389388011,0.4,0.3,0.1,83,3.8462810981941535,17.783675690058534
1,42,0.22550261130008686,0.5414695496397477,0.4422563512201061,0.47304627753833856,0.17697659476296618,0.22466427728927474,0.048158272028819636,0.09715111865681696,0.4,0.3,0.1,87,6.54706365449518,13.900086981023833
1,43,0.2211806866599755,0.5313517918350315,0.43629979187518086,0.49269412295539006,0.14781638294149427,0.22618806556967608,0.04800487319686751,0.09720770373396245,0.4,0.3,0.1,89,6.065539144484567,13.67588279066202
1,44,0.2211273000024872,0.531245072745508,0.43623137278514523,0.46530312774380883,0.11520817418211618,0.22616188012533944,0.04805382111492228,0.09707987204861504,0.4,0.3,0.1,90,6.031570784914133,13.717156118094536
1,45,0.2201374898880364,0.5298955336300546,0.4351394054797127,0.49662847487529244,0.11806916077332272,0.22279512110748365,0.05002933230884519,0.09773960812981712,0.4,0.3,0.1,91,5.441573991753526,15.633191983488205
1,46,0.21446177787935083,0.5360704678537579,0.4477463564622841,0.4838519942171311,0.18948712149526659,0.2219361264810233,0.04168549431476873,0.12332263414368394,0.4,0.3,0.1,92,5.640835051340168,12.918269864366744
1,47,0.2240028679643854,0.5231308408198575,0.43580015247500203,0.4996663844635073,0.17044962149218232,0.23455881807631623,0.04430286708606346,0.1909173146592344,0.4,0.3,0.1,93,20.249426484985683,13.976188444158636
1,48,0.22350473620766986,0.5390397227521473,0.4548820595674459,0.5130277745658228,0.13887164666033386,0.23651293179729183,0.04795577153371985,0.182898994346426,0.4,0.3,0.1,95,20.09586131476251,12.39174765051206
1,49,0.21887834863221906,0.5511381332237101,0.46992657456640863,0.5179512414665239,0.14343961990447093,0.2337006066326772,0.04649288431098954,0.16536245853188944,0.4,0.3,0.1,96,18.70324800551117,12.16109187558284
1,50,0.21429971510884585,0.5211748371328341,0.44279186522389447,0.5171235766028276,0.14890205457976158,0.23511099714963685,0.04407112403611388,0.1698190775941034,0.4,0.3,0.1,99,17.070946441804114,12.693176471946945
1,51,0.20117926003434167,0.5050533302633057,0.4420571864082497,0.5565177156204912,0.14673068746900464,0.24877208758480393,0.04711879770225585,0.1101568256731327,0.4,0.3,0.1,109,7.148407376941489,29.71689192145791
1,52,0.20080677162109456,0.5231388358628547,0.4619178271279967,0.5691043855851702,0.12491830074967931,0.2480066258041488,0.04714058751860635,0.10977538502830116,0.4,0.3,0.1,110,7.058291555522894,29.97924883091912
1,53,0.1965580079241822,0.5098674608084195,0.4541208264329277,0.56069620257707,0.21361406021695914,0.2492898163956139,0.047732952281513155,0.11074503369411152,0.4,0.3,0.1,111,6.983584840410134,31.162041656600493
1,54,0.19574409645272792,0.526039328642738,0.4729444936007985,0.573391001240663,0.13244157809375373,0.2492898163956139,0.047732952281513155,0.11074503369411152,0.4,0.3,0.1,113,7.247689530305033,31.36823162191652
1,60,0.18783648297147237,0.8443817242700397,0.8267470646965177,0.9854659316042108,0.12381824728369246,0.2190322634133552,0.063706820470959,0.1411730174839494,0.4,0.3,0.1,185,7.149456700648092,17.731501879328256
1,61,0.1870164951733641,0.8424757296405264,0.8254740909790586,0.9850746018523466,0.1236994424542807,0.21877133845466273,0.06324241167176238,0.14080765484843202,0.4,0.3,0.1,187,7.259334609288063,17.628295451055646
1,62,0.16889615767889027,0.7334777607570562,0.7312359965632579,0.9999489917339812,0.12074892966258588,0.2285392205084674,0.05271487356400865,0.11186784956986048,0.4,0.3,0.1,196,7.141470247923687,16.58385483232655
1,63,0.16706806325160742,0.7458536666213834,0.7477000610869163,0.9893979442033067,0.13715680773223504,0.22904859587761553,0.054775906238071645,0.10257574316040455,0.4,0.3,0.1,198,7.338006421504502,15.900578959780267
2,0,1.0,0.7999519437062109,0.43040809006507524,0.016251427132192683,0.0,0.0,0.0,0.0,0.4,0.3,0.1,1,4.680188621840999,75.94703875517432
2,1,0.7541904379965525,0.7401571561757726,0.41407920643533586,0.0647602088484002,0.4034047359644354,0.12949947088418118,7.699987460815e-05,0.00011036398054596001,0.4,0.3,0.1,3,2.6448593974932955,54.34305918608999
2,2,0.7517291746383115,0.741211242804433,0.4162201410200489,0.07116910521129463,0.07345252705743172,0.13848083711908493,0.00065984091685776,0.00089028078555009,0.4,0.3,0.1,4,3.5701725979529604,66.600712519732
2,3,0.5747843903531445,0.670588007801523,0.3836957466862202,0.07230546017358816,0.6478761917394795,0.1493780121406726,0.00037842931483003,0.0005424030331538301,0.4,0.3,0.1,5,1.900320193633147,35.73350967149428
2,4,0.5460439154077219,0.6396203929562234,0.3612628822158934,0.0865197619303655,0.15697168383437823,0.18420197035617725,0.00037155841123613,0.00060176038751718,0.4,0.3,0.1,7,2.6071086818994607,22.332998337926696
2,5,0.4948426678562393,0.6017538066477893,0.3339346684016322,0.085805941474948,0.23357207323059642,0.15635723823269096,0.0008324229147727701,0.0025782745230955198,0.4,0.3,0.1,8,1.1032847054638115,15.16580357857726
2,6,0.47790645321109665,0.5901440673903507,0.3274521489186667,0.09570656834705571,0.09225460165879984,0.16013077137371762,0.00096041501757616,0.00267955997279427,0.4,0.3,0.1,11,1.0868557219051336,10.38510885776678
2,7,0.4561991213170366,0.5730660011982981,0.31553395766900805,0.08652765450364583,0.14421176878747546,0.15123166930438092,0.00056437752891428,0.0011976250932345801,0.4,0.3,0.1,12,1.1137954452099212,12.838296421825524
2,8,0.4561175671979047,0.5923670492932779,0.3376458611296806,0.09941760805650382,0.07296891533913318,0.16005981946238856,0.00057546554424874,0.0012296895595571501,0.4,0.3,0.1,14,1.3385571122031104,10.2471115190454
2,9,0.43440351137209987,0.5930023851926984,0.34524029614758667,0.09659361972488092,0.14425860187561498,0.14817052810472567,0.00103094537626742,0.00267565710743667,0.4,0.3,0.1,15,1.2776284707353187,4.768361342207267
2,10,0.41579585987105033,0.5434438899796155,0.3036161394612261,0.11903690994927128,0.16898581113948027,0.1903110023803389,0.0008446295046174,0.00250044290141358,0.4,0.3,0.1,17,2.6955379700129045,14.476920284351484
2,11,0.3943853287839066,0.5226598684204614,0.28448468678989985,0.10980354863656343,0.08683159578859383,0.14873099074555074,0.00103094540156045,0.00286281465494088,0.4,0.3,0.1,18,2.417840373116488,14.831118816230456
2,12,0.39448576943299085,0.579182018112034,0.3488872576107317,0.14614595852355422,0.08225603713236647,0.16740165218099107,0.00214058117350144,0.00298981155654145,0.4,0.3,0.1,21,1.8986411337210984,8.64819834888192
2,13,0.40606477004604524,0.5733924521839074,0.3460392164797701,0.1729619590096576,0.13046035748410992,0.21254088847576222,0.010271123353784741,0.045514166185746954,0.4,0.3,0.1,23,3.4520356364830405,14.901566230689417
2,14,0.378803785765578,0.5467013940465485,0.3228912524220999,0.16351803444374166,0.13237180343557978,0.16821015235751668,0.01059683927223658,0.04594001267075702,0.4,0.3,0.1,24,3.0829006717677223,14.881500021244824
2,15,0.3871861993064998,0.5553195231395862,0.3338832982274161,0.17491735715131132,0.12817404707729316,0.2052199142067748,0.01059742544676898,0.04504688955451472,0.4,0.3,0.1,25,3.2523194927631343,17.90888920894505
2,16,0.3789027211211606,0.5471456404566128,0.32771752149664,0.1803076396850249,0.11924140393622218,0.19386376481539527,0.011074125957162841,0.058876578902513035,0.4,0.3,0.1,26,3.446404761122124,12.942332600097354
2,17,0.3572336794333924,0.5440088677503303,0.3293248885510883,0.16986278795082582,0.12145212009549418,0.16630823480540205,0.01481811387057283,0.01851568281194907,0.4,0.3,0.1,27,2.515366638413436,4.062048682854287
2,18,0.34951668890594256,0.5362338865028754,0.3234395291777834,0.188942691982603,0.08526164137516892,0.1598029562551289,0.014438002085606342,0.01645669209644847,0.4,0.3,0.1,29,1.7491526205001815,8.744309033491833
2,19,0.3441285537454635,0.5489277948876188,0.3418244344790404,0.20221627918856858,0.1378996666673574,0.17104825922245642,0.01397047053545622,0.01615147603791946,0.4,0.3,0.1,30,2.4309697781348225,4.805946944363311
2,20,0.32926867275356125,0.5333258056242051,0.33045711069248473,0.200387308419887,0.10376658686060505,0.15553499896602344,0.01916012317346511,0.015370039048641329,0.4,0.3,0.1,32,2.471856668348342,6.702956547963161
2,21,0.33434569923521945,0.5565219923127043,0.3570923051489466,0.19927013542601404,0.09227971282299456,0.15517917224815644,0.037106700292043174,0.053412785290754786,0.4,0.3,0.1,34,4.1541393714437,13.108445783983733
2,22,0.33330173470264435,0.5551929860539251,0.35685720285450273,0.20714545338782442,0.09768291778171048,0.15445686064551092,0.04123002918402125,0.05873577934165832,0.4,0.3,0.1,35,4.583130939366836,13.238063787054353
2,23,0.30199422441815504,0.5179292697130331,0.3347025306238369,0.20613910208195305,0.3259955178301753,0.16231544607578657,0.037464469652103836,0.05399116514828149,0.4,0.3,0.1,36,4.272722414516302,7.244211134950526
2,24,0.3044416611638679,0.5199718149366922,0.33751928715979423,0.21662503768012983,0.09186008445383934,0.16324696358220162,0.04593146272816901,0.06517157107723738,0.4,0.3,0.1,38,5.650090209135145,7.002119933479005
2,25,0.2735674008756959,0.4856376713411544,0.30917655251048554,0.2197101478009906,0.16355027497299943,0.1197044029209539,0.04277993538259081,0.05932689126341876,0.4,0.3,0.1,39,5.271727667572829,4.491997566449587
2,26,0.2462210952909953,0.4314116347433632,0.2650217501726878,0.2112687432545215,0.10904245963131481,0.10365137832746034,0.044557960895220725,0.06441283713447551,0.4,0.3,0.1,43,5.548502432268675,14.826203272945634
2,27,0.24138992919000826,0.44307500780427467,0.28091787311432737,0.22793159233906782,0.08097193030593727,0.10230978217730714,0.044788094128966935,0.0646074178548044,0.4,0.3,0.1,45,5.672290794127463,12.9368203321168
2,28,0.2377684342447285,0.43906501466021575,0.2773764540104709,0.23281122222002443,0.06559335008403516,0.09531373024766383,0.04526086999703624,0.06310791650426646,0.4,0.3,0.1,46,5.941516118430421,13.53774892327196
2,29,0.24171901882018929,0.479002772098264,0.3220258691413741,0.2566579898812508,0.08396761995460887,0.11298382732942669,0.042015150339085636,0.06290284775902132,0.4,0.3,0.1,47,5.9930267608673,9.163437496447168
2,30,0.22821915991147904,0.43895854434069814,0.2891146208581521,0.2687811603549666,0.13714846223955615,0.10533850760689886,0.05647170595978046,0.0626837591462618,0.4,0.3,0.1,49,5.56529203214299,12.935250311525508
2,31,0.20279526153692737,0.39719035872136144,0.26284432078247966,0.26419462858571274,0.18871057857341267,0.10751366438235693,0.04621458112233068,0.06508834767004942,0.4,0.3,0.1,51,5.511524120709838,13.61715905033258
2,32,0.19015832257993215,0.39252591186710145,0.2687725812878743,0.2705678030011088,0.13452751455640938,0.10646333622569189,0.04606540399019203,0.06531108809691233,0.4,0.3,0.1,53,5.919322147747392,8.384780949770485
2,33,0.19021688295414796,0.41106933759482156,0.2890775523244484,0.28936180099264847,0.06318281370852823,0.10652580493805743,0.04620009422300801,0.06550891235589644,0.4,0.3,0.1,55,5.878855961425454,8.27643116145183
2,34,0.18996774416903767,0.41055932472549506,0.2887782594998433,0.28935719239601837,0.06475710459961556,0.10671267220274226,0.04614531654115605,0.06523709983283568,0.4,0.3,0.1,57,6.089435473458858,8.350421863154095
2,35,0.18601660071929688,0.4717165894044236,0.3639087665585856,0.34245120502437754,0.10595298477026381,0.10852246820061576,0.057722374890421244,0.07441234040483982,0.4,0.3,0.1,60,7.437652446056731,8.135077798046837
2,36,0.18051739259470773,0.410496547378987,0.2976105751211635,0.30693875797192893,0.06522669815653771,0.10658454163623157,0.04553638605750106,0.06557035790026741,0.4,0.3,0.1,61,6.95229637939223,7.628757140460248
2,37,0.17698499277840696,0.4239268816631132,0.3139609633012561,0.3166533234358826,0.07035953813016894,0.10193691831245556,0.04537623524985482,0.06411526077731136,0.4,0.3,0.1,63,7.65779232376844,13.1708581401204
2,38,0.1768173264100345,0.37962820140601317,0.271456105438233,0.3730222286608652,0.08409958648654425,0.11111441954981957,0.0487002361859927,0.08015880168558039,0.4,0.3,0.1,68,6.148596548897314,10.409798853180702
2,39,0.17547977331516604,0.3937003833720827,0.28951280765940646,0.3958194015003037,0.10477226564822475,0.11209823908231309,0.05186008163701126,0.0799747047974245,0.4,0.3,0.1,69,5.97126400925759,10.712790279794191
2,40,0.15892177503517435,0.4089248529012582,0.32619532478218394,0.41502568866646433,0.11356077560611061,0.11682142202742993,0.05806998137456358,0.05631588438091596,0.4,0.3,0.1,75,6.581138206784248,13.451835665871654
2,41,0.15885717164623742,0.42727422300441115,0.34634860431278247,0.4395172163791797,0.07028461260894445,0.11682142202742993,0.05806998137456358,0.056315884380915934,0.4,0.3,0.1,77,6.695774519098931,13.786082098730123
2,42,0.14145868976856563,0.40681949733535955,0.327879899405982,0.401279733105395,0.08655479560646567,0.09599315487905306,0.0363489263120067,0.05125048143130708,0.4,0.3,0.1,78,7.4473517754240275,11.577064710340416
2,43,0.1554334436522249,0.4385749891857496,0.3618476307520228,0.4591804265516822,0.0726901084683719,0.11469746467292907,0.05836480079747473,0.054932937051452566,0.4,0.3,0.1,80,7.129704700942659,20.595284036890263
2,44,0.15522038668181554,0.4565461067891245,0.3817699444864492,0.47256294516643826,0.06972914981314476,0.11469745992112604,0.05836480169866652,0.05493293740563848,0.4,0.3,0.1,84,7.082335659000362,20.41188307497281
2,45,0.13436127248531277,0.47225007467432434,0.4012506657450995,0.484018546981518,0.04861754553128368,0.0823756133218259,0.034492426816001245,0.05022721881526314,0.4,0.3,0.1,100,6.333151144056432,11.354753146519258
2,46,0.160295513734641,0.4960017491746546,0.42640155675658004,0.6086896017496846,0.07708534491523215,0.10581962240869162,0.08487692005355649,0.07875075502272569,0.4,0.3,0.1,113,5.857169750073182,13.58028141104876
2,47,0.1652884754549079,0.6267654913785443,0.5717672127932746,0.7738177841982846,0.09322637922568992,0.12449058345873874,0.08633507517110847,0.07358231754304825,0.4,0.3,0.1,117,7.272591737883877,10.314640771818311
2,48,0.15135524901473313,0.6356942753684001,0.5929414460059509,0.781659920616842,0.12656304888374173,0.11296258967260119,0.08573994663089478,0.06561152695465336,0.4,0.3,0.1,120,6.457883978913697,9.179313553901345
2,49,0.1388908332922731,0.6373994900036757,0.5990039628344663,0.8180804234948609,0.07522611960553936,0.09962501455081216,0.07472254463224817,0.0511496199489445,0.4,0.3,0.1,125,6.221897880418053,9.654587011092126
3,0,0.7207282113025143,0.6964100479878034,0.3671832929527437,0.00945233130758236,0.0,0.0,0.0,0.0,0.4,0.3,0.1,1,17.91905396,75.10080729333332
3,1,0.5292912810441798,0.6216033110863879,0.3423652412999347,0.05859865443479195,0.4579013267056644,0.13385773739232978,6.273981191222e-05,0.00011835681722365001,0.4,0.3,0.1,3,13.423023165244762,54.95291816032344
3,2,0.3711401497305582,0.5202976845004597,0.29310244288162973,0.06526063971351903,0.46980558453075905,0.15686400930792413,0.00040205587714484006,0.00075846663409676,0.4,0.3,0.1,5,11.01872857209125,31.497931850349413
3,3,0.36966499519030965,0.5004573916742271,0.2725055468188434,0.0658580647725965,0.07210468701824363,0.15966248580074724,0.00056465830721003,0.00106521135501291,0.4,0.3,0.1,7,11.476339456963093,28.0536743400182
3,4,0.3668346270699881,0.49769805423490443,0.27028641585717794,0.06852788421383063,0.07150596542984976,0.1565134813206746,0.00036543028421698,0.00053873995564845,0.4,0.3,0.1,8,10.967363386967538,31.30858414396836
3,5,0.3384378186613348,0.48797681781544383,0.27331727321297433,0.0785155640799091,0.15187442011251195,0.1563616630834959,0.0005021871024104201,0.0011992428607000701,0.4,0.3,0.1,10,9.416193129726953,32.792511082679034
3,6,0.3295004374145349,0.4602763974225691,0.24610794586094462,0.08015825090619312,0.09548587218198269,0.147504518603469,0.00072867111628364,0.0013791996703174801,0.4,0.3,0.1,11,13.38426902660502,46.830179811121575
3,7,0.3284341127964054,0.4775820625230565,0.2661364923336143,0.07894567322710395,0.07657743309318654,0.1510629574840998,0.00051636182545429,0.0009455800543711199,0.4,0.3,0.1,12,11.40896093156156,39.45899991773761
3,8,0.31516137209811257,0.4631433394096799,0.25734780950587144,0.08759313425836225,0.1521104064123926,0.1507738368908691,0.00081463002511585,0.0019237674950210299,0.4,0.3,0.1,13,11.27832748338152,42.152453449109125
3,9,0.27085350029787914,0.4106516046636153,0.22449718023224002,0.07972813175322019,0.3774383852978427,0.14500742099143138,0.0018835389524859002,0.00128556853919053,0.4,0.3,0.1,14,9.98142103519693,36.986090296971255
3,10,0.2661746000082153,0.40444348053255774,0.2206440344528123,0.08167758738675962,0.09567316300370193,0.14513799078435352,0.00124683499947629,0.00107417598127492,0.4,0.3,0.1,15,10.439474351813676,47.24723895708498
3,11,0.23689673817757717,0.3724764835648071,0.21689334566863971,0.09956403509899299,0.5050209420730035,0.1355354650338653,0.03383730970330223,0.11686878421798688,0.4,0.3,0.1,16,22.90239431198534,41.6422396728588
3,12,0.1937215226641223,0.30933534606035895,0.17209405214896786,0.09365744799256695,0.13400899875364905,0.11208179434012187,0.024124376972507612,0.07946424583079822,0.4,0.3,0.1,20,17.79750915986489,42.34988641046586
3,13,0.19302905006313578,0.3004817517688464,0.1699192328643133,0.10362934589961043,0.17635849075361917,0.11706460283157338,0.03400907271847128,0.11286991713754886,0.4,0.3,0.1,21,20.13721572917508,39.06238499692208
3,14,0.19280792336934197,0.3186900900454737,0.18993300476893338,0.1088299169744572,0.06921129999978858,0.11675965050238779,0.0339462708402141,0.11290453035741017,0.4,0.3,0.1,22,20.13626727571459,39.04570896883805
3,15,0.17553952805118928,0.2923964153807337,0.17064205973625218,0.11376541048395215,0.09771751827790921,0.11160217201508175,0.025201729613327763,0.07667596380099632,0.4,0.3,0.1,25,19.398744269190832,41.46601771861265
3,16,0.1709992140257981,0.2621109479910157,0.1439688595875184,0.10907216864312293,0.14843094046705316,0.1260471023085605,0.0189548286308808,0.05737232374199275,0.4,0.3,0.1,26,15.694253955952243,29.16238277817009
3,17,0.16210350310962973,0.24421671075880003,0.13246667038181592,0.1124299687959959,0.16352307389866277,0.11037247353919691,0.027568888572505112,0.07944590841303965,0.4,0.3,0.1,27,20.756379388562447,33.70596854834351
3,18,0.1591664564980162,0.24045287297295254,0.12938010859343602,0.11907729554612236,0.06269036594502854,0.1176591770395781,0.01840987192761646,0.05753363645666737,0.4,0.3,0.1,30,17.816394033073102,35.97406841503843
3,19,0.14021215209649446,0.19008045842030596,0.09952880828522762,0.12082661016545364,0.39059062946319717,0.12282893184313252,0.01843129181213391,0.06008615627165851,0.4,0.3,0.1,31,15.398124311062656,33.98833620314138
3,20,0.1392094486275753,0.18903895992247827,0.09850971957792036,0.12274858697455113,0.06000178813270194,0.12043101863568767,0.018413894268374607,0.05989118389713809,0.4,0.3,0.1,32,16.013052156226735,31.684486828052357
3,21,0.1328464067056788,0.18444523733264215,0.10585559367306423,0.13685130389157119,0.22774360521770243,0.12764417501907377,0.01859577931479255,0.06136595953702291,0.4,0.3,0.1,33,15.53585768684631,28.28140968192908
3,22,0.1328464075102733,0.2029548892267175,0.12610675184240136,0.1463316905090281,0.06277361976618868,0.12764417501907377,0.01859577931479254,0.06136595953702293,0.4,0.3,0.1,35,15.535858073382144,28.28141115273178
3,23,0.1312797036979848,0.18161637926422225,0.10377822662265047,0.1420644658193955,0.07403674101797832,0.12602100337949615,0.01799886290068449,0.06065958958513325,0.4,0.3,0.1,36,14.952908321918695,34.44735001639017
3,24,0.12921961547805574,0.13718537837511152,0.07141328651345108,0.1617464667311454,0.2947720059365485,0.12470959971466204,0.03144895036189997,0.12094761519016275,0.4,0.3,0.1,37,16.34243812293446,34.738041664211885
3,25,0.1291746158056723,0.17405951063809186,0.11182693565571611,0.1818652615452178,0.07164185423607278,0.12470959971466207,0.03144895036189996,0.12094761519016275,0.4,0.3,0.1,41,16.322415549310225,34.701701077717736
3,26,0.13853253581427433,0.16033632688019472,0.09893866918641527,0.1976680689262077,0.0912146021948622,0.12360268034739817,0.055978990218003524,0.16581728452905217,0.4,0.3,0.1,46,18.116001106909447,43.05420612544078
3,27,0.13684956752129437,0.1732088611266589,0.11574774305613586,0.20802435035773903,0.10041438923322484,0.12360268034739816,0.05597899021800349,0.16581728452905212,0.4,0.3,0.1,48,17.92024471330862,42.30063148176715
3,28,0.1359580855303138,0.17201484225550137,0.11472172719222272,0.21044383516459236,0.08477727421415819,0.12150983782283567,0.05623243742333187,0.16580443525969155,0.4,0.3,0.1,49,17.447828267707695,45.23643847440847
3,29,0.12045161205075977,0.1506802005487764,0.09660443277548711,0.2000373557262439,0.12102766070859461,0.10565392452301371,0.043700409654138725,0.13610337096337768,0.4,0.3,0.1,50,15.88883607039548,36.41903915229067
3,30,0.1647858454752026,0.17399517309655302,0.11955299818494736,0.24145743762448219,0.12175211640910044,0.19144553216903154,0.08829142464712753,0.1127272086221851,0.4,0.3,0.1,53,11.50760436752268,17.82070000523263
3,31,0.14668214922987882,0.18288061823584068,0.13736073382526393,0.2541935846220892,0.1441692896695712,0.1692347091893739,0.06458697718475136,0.13103542679484942,0.4,0.3,0.1,55,9.952784936981406,21.82035283073206
3,32,0.15480021078040443,0.1658646210342173,0.1221481644718112,0.25098526780994906,0.16811716431688234,0.1850478048769872,0.0863414716635497,0.10849757695079072,0.4,0.3,0.1,56,11.587292423207645,29.468759206602225
3,33,0.09500040764238976,0.13589701919550168,0.09947819206210878,0.24275925791664887,0.06245134726415766,0.11429284188621128,0.014784865034897449,0.03428425896961303,0.4,0.3,0.1,63,13.951789957936144,34.43803881256606
3,34,0.08902183619204199,0.1356032704246719,0.10761401037058602,0.2516012098490531,0.10585782556713694,0.11028126496479664,0.01444720503615056,0.03507230854771839,0.4,0.3,0.1,65,13.23338755301146,32.99267905685681
3,35,0.08902183617439079,0.15411299292746558,0.12786516853992314,0.2632306895812507,0.05195428408730284,0.11028126496479664,0.01444720503615055,0.035072308547718374,0.4,0.3,0.1,67,13.233387668339684,32.99268101140533
3,36,0.084635029964933,0.14066807067288598,0.11908186968728376,0.27626425646461217,0.12589122980457207,0.10688502442842623,0.01420116729909358,0.0346639496082522,0.4,0.3,0.1,68,12.624624970292915,20.490056334438297
3,37,0.08676598381241846,0.07851582176313537,0.05616254470086662,0.2639107111342889,0.07937383013200865,0.1192637258992542,0.01842382544074578,0.02072474010253662,0.4,0.3,0.1,71,11.433644220251116,33.42410003992322
3,38,0.08206092666451889,0.08173300696485722,0.06644765494682126,0.2840698938915201,0.1397642189111145,0.11500492199552725,0.01836945065540229,0.02179150778673335,0.4,0.3,0.1,72,10.91071680403044,36.29030889760542
3,39,0.07858934833409323,0.071032329326353,0.05934921456235299,0.2854548200853313,0.11050802283526034,0.11172273505636805,0.018112315750854598,0.02119713289593024,0.4,0.3,0.1,73,10.567552280950054,27.105950266987804
3,40,0.08009049321662565,0.09024284188432097,0.08069833031256976,0.29969585284602457,0.057175311033547005,0.11471718731668122,0.01947795532747271,0.02232902897208276,0.4,0.3,0.1,75,10.419609644707128,27.74798811049975
3,41,0.07809045113786658,0.08496891965724897,0.07704542260305519,0.30182605098219556,0.07907507669277536,0.10850409673684176,0.01940857491405725,0.03628121066969967,0.4,0.3,0.1,76,10.894378446167725,24.957459910836324
3,42,0.07649302614754701,0.07795023672176427,0.07269909642622543,0.3082474007556533,0.09592700151871059,0.10664173847113739,0.02079819846286731,0.03800661808213577,0.4,0.3,0.1,77,11.127957557935426,25.68531907559262
3,43,0.08512051767475053,0.1338250889777162,0.13785320521009622,0.34657790045367937,0.08532201242957743,0.13539312269398604,0.018796608623861948,0.03659996661599049,0.4,0.3,0.1,80,10.25250251752835,28.19711938563182
3,44,0.08422762715684697,0.12716474814662956,0.13399783145378566,0.3654366252171295,0.07534235803139851,0.13486211137872828,0.02129051391485304,0.03667460836142137,0.4,0.3,0.1,84,10.34721369468521,48.74986701883154
3,45,0.08396887960297346,0.16267172917481282,0.1735956419942009,0.38284515905530236,0.07388767214108206,0.13635299500617334,0.01927282728580215,0.03725037553083885,0.4,0.3,0.1,85,10.594252443510095,30.76698869200536
3,46,0.08208478957615135,0.07831828565832605,0.08634522070001113,0.35052910126260206,0.130001258976737,0.1311568141834795,0.02266511479089916,0.04921078023710891,0.4,0.3,0.1,86,10.24018384771438,42.21737353322158
3,47,0.08136025736336903,0.07646670793273819,0.08503534533431649,0.35361958778687114,0.07248478415784468,0.13038270114162387,0.02240777154505813,0.04847481459874255,0.4,0.3,0.1,87,10.025355864404665,36.9883879580563
3,48,0.08121087361533882,0.09424365386718213,0.10483392023729349,0.3738218995698176,0.06597598589469462,0.13033362096293988,0.022407697347983473,0.04853932672027767,0.4,0.3,0.1,89,10.06987493824248,37.12542023751424
3,49,0.08113908166319483,0.09406275811883377,0.10470536577157245,0.38857252776149703,0.06408604566745661,0.13020186468304476,0.02244070915055387,0.048503455035478746,0.4,0.3,0.1,91,10.113674866455652,37.29549752579968
3,50,0.08235820568925446,0.09296344249594589,0.10471913236872198,0.3901514293609295,0.0835014824308319,0.136739338380185,0.02359068335169237,0.03649500891202373,0.4,0.3,0.1,92,10.77867027313262,36.21746340073821
3,51,0.08111054782591011,0.08603213763135005,0.1005035644735018,0.38472099064174553,0.08739527467223011,0.1352100631836491,0.02194233284982429,0.04798999248613277,0.4,0.3,0.1,94,11.327107775535987,33.99496644582366
3,52,0.07863338804131018,0.08334320304537801,0.09791568583338026,0.38499301552058457,0.06385350883745063,0.12331842142969683,0.02439223903776545,0.0639109533077289,0.4,0.3,0.1,96,10.5043043547845,32.17727078005095
3,53,0.07736076970265154,0.06965544835251998,0.0901176632580643,0.38907995270790463,0.15975395790159905,0.12239802953294819,0.02978717450207859,0.06579169471127641,0.4,0.3,0.1,97,11.057874551345538,37.595356893717145
3,54,0.07535737208114929,0.06337175649688062,0.08585134905500716,0.3912792308494678,0.09600515846716436,0.12083573491235426,0.028741034615483108,0.06415152147293976,0.4,0.3,0.1,98,11.1712602304065,33.945678680406864
3,55,0.06962844522307529,0.11592569032097785,0.15274221912921992,0.466299705810812,0.0778513004213679,0.11830774592713829,0.02398141832828666,0.06299473861732054,0.4,0.3,0.1,105,10.305323166402369,40.670638334154425
3,56,0.06949527621152808,0.13364893852385917,0.17251076207833724,0.47177416271270345,0.06572714947987503,0.11835866074893286,0.02389730584118235,0.06298234935741351,0.4,0.3,0.1,106,10.322230545042531,40.67485217511042
3,57,0.06952344245168313,0.106503713691491,0.14764044060445497,0.47898377201178993,0.09497516495835892,0.12019425008571415,0.027998816350849907,0.060129183559519725,0.4,0.3,0.1,108,10.037423877082931,36.289534616554086
3,58,0.06518509331577024,0.09128588466177745,0.13743363332257513,0.47970324090501476,0.10067390092622855,0.11727819264190573,0.02603791951798451,0.05419067599036128,0.4,0.3,0.1,110,10.126984354273494,41.08799930125328
3,59,0.06518768482930237,0.10979009548273219,0.1576829912597048,0.49335093805953506,0.06017551957214241,0.1172790534547142,0.02605040583505828,0.05418997873944564,0.4,0.3,0.1,112,10.12824001619354,41.09077532025426
3,60,0.06518011046350297,0.12824975640413216,0.17790368950624738,0.5149733959453067,0.06030213173898883,0.11727905345471422,0.02605040583505827,0.05418997873944564,0.4,0.3,0.1,114,10.128693463274306,41.04889110290693
3,61,0.06213899131580727,0.09635243871280079,0.14899830463747957,0.5249650550428251,0.0972022155475827,0.11467489432549079,0.024556424633414863,0.05677751930069504,0.4,0.3,0.1,116,10.675724678067608,41.10280380531777
3,62,0.0625335455228674,0.11286516914231265,0.16834243757469425,0.5515432957819965,0.06853223378855997,0.11714063805262637,0.02459295200766043,0.054825043624496195,0.4,0.3,0.1,118,10.541931790924092,41.06484133554289
3,63,0.0625335458127277,0.13137482140299994,0.1885935961106435,0.5654479557516878,0.059716694998193945,0.11714063814078295,0.02459295314435881,0.05482504352789448,0.4,0.3,0.1,120,10.541931843096725,41.06484146299577
3,64,0.06253930997318924,0.18690109272126196,0.2493481681883342,0.6041408352076153,0.059732671434216206,0.11714233891976424,0.02461530086050618,0.05482320582974183,0.4,0.3,0.1,127,10.54294546189342,41.06733399874806
3,65,0.062205741760913404,0.20389904228846478,0.2686240202565012,0.6221836282302073,0.06248436460235515,0.1177059394489334,0.02512883076359248,0.04968695170818682,0.4,0.3,0.1,130,10.914382303657217,40.9829251262229
3,66,0.06909763598704423,0.17682478786712236,0.24681087641753707,0.6360956712077341,0.18265197087062013,0.12928136441796664,0.03517898375576401,0.06742776134649578,0.4,0.3,0.1,131,10.991443784053962,30.54986709468849
3,67,0.06909763170653961,0.195334302538855,0.2670618690462202,0.6445228058763084,0.06900961506171736,0.12928136950843508,0.03517898847067523,0.06742776679083107,0.4,0.3,0.1,133,10.991445190272426,30.549866285887727
3,68,0.06907368937117339,0.26933106264956547,0.3480328110639104,0.7255715367438048,0.06899176827975685,0.12921836707434978,0.035214913288433694,0.06736111705028362,0.4,0.3,0.1,146,10.995293726737914,30.554716687586676
3,69,0.06900743712703232,0.10213500017938226,0.16540800669933262,0.5175311871631133,0.07035587188994478,0.12928137076997173,0.03517370774264539,0.06742776496250011,0.4,0.3,0.1,149,10.993605262138914,30.66474637175453
4,0,0.8558136834543296,0.7505088946861782,0.4002171074793917,0.013003775907940466,0.0,0.0,0.0,0.0,0.4,0.3,0.1,1,11.629054045209,74.155787445209
4,1,0.6269639941190936,0.6794672638185655,0.378235311553936,0.06368839776204387,0.4517705485029477,0.13729195180920015,7.831699059561e-05,0.00013137850448699,0.4,0.3,0.1,3,9.006812360425295,53.024659016718
4,2,0.6187504494572594,0.6759078712108001,0.3768383536381609,0.06805231526705846,0.09192966167142345,0.1413666715536946,0.00076834383135487,0.0017022500016605799,0.4,0.3,0.1,4,9.625467293194744,60.53883882318036
4,3,0.48238214956478953,0.5928161973001083,0.3283167887609848,0.06784828183042514,0.6218740204578035,0.15622936591722528,0.00031326796238244,0.00052551401794796,0.4,0.3,0.1,5,7.560304096724339,36.91703304714937
4,4,0.4281739900546079,0.5504633896545732,0.30030256765341645,0.06502092936873274,0.1730870870541468,0.14233518911319448,0.00037579555620142,0.00063221142342464,0.4,0.3,0.1,7,7.625008577317489,20.90489639786384
4,5,0.3546955716209282,0.48594567331685806,0.26530425574349226,0.08319513065040987,0.5459341576048068,0.1699583508672826,0.0007233040475444,0.0020329761774813,0.4,0.3,0.1,8,8.013079139455924,15.161468399217126
4,6,0.32287020943278594,0.4520622355631055,0.24557854549107985,0.08801601523826308,0.1853961191081689,0.17597842225307322,0.0008088012847486699,0.00246141713614477,0.4,0.3,0.1,10,9.376363121651776,7.051839716963983
4,7,0.316527226380386,0.4454290437706339,0.23996703266096375,0.08831070173451294,0.08339879016269275,0.16624430027946568,0.00070718161875696,0.0016076337121742098,0.4,0.3,0.1,11,8.586947327889437,10.689586257515098
4,8,0.3156158216391503,0.4629320984823684,0.2595334595769862,0.09528090676365122,0.06929410887021621,0.1657681293926647,0.0007297535005018399,0.0016454985489682199,0.4,0.3,0.1,13,8.620030054689419,10.265521760110042
4,9,0.299402762694864,0.4244379883400688,0.22919163711445747,0.1017172659711753,0.23231771425865974,0.17864236459125482,0.00121954189183905,0.00292432002855911,0.4,0.3,0.1,14,12.54268965973868,9.244415899185851
4,10,0.2906938444440165,0.4144979289951073,0.22178129066078497,0.10269576329818285,0.10958185699687632,0.1703203743671111,0.0011196474418609201,0.00207986486222946,0.4,0.3,0.1,15,11.410899830143226,11.254813007507256
4,11,0.287617877500331,0.42943781450164953,0.2393900932540117,0.1178890733475247,0.07243921538012078,0.16728995216366235,0.00129910723026743,0.0017846555234682499,0.4,0.3,0.1,18,10.755480104856996,14.475614658427226
4,12,0.2668207608332921,0.3887714035251273,0.1994980309935144,0.10624059360246661,0.06196340263820344,0.11834793141727189,0.011624946035751831,0.009618845189435881,0.4,0.3,0.1,22,11.76411944115178,14.714016424850591
4,13,0.27055144255050456,0.3903094173365607,0.20477989573741803,0.12386629662038681,0.12360195217252648,0.1511426000343848,0.00405896624729888,0.01266755231292271,0.4,0.3,0.1,23,9.927802563219272,10.47928092216951
4,14,0.2523459759327963,0.3869602656932048,0.2087178619568521,0.12241956560954763,0.1450189377721859,0.1267506318988819,0.00921236531276981,0.01861062613164215,0.4,0.3,0.1,24,10.531728594697295,13.524999769443111
4,15,0.262938455351587,0.37786743547977625,0.19952440973297625,0.1304227527639854,0.09536543995026121,0.15918194748700865,0.01426175286957262,0.01004470109689683,0.4,0.3,0.1,25,9.040554245206328,13.84574791988075
4,16,0.2286899645600503,0.3565307351774235,0.18717501004681447,0.1063426296029598,0.1650068057073808,0.11187801913617416,0.00581757409544002,0.01221588203202601,0.4,0.3,0.1,26,9.377323087091348,12.611095427879308
4,17,0.23539238137348922,0.37964356695276524,0.21453049838290839,0.15028104916992396,0.06683687979112506,0.13728788357579427,0.00775225112141667,0.01503835537298846,0.4,0.3,0.1,31,9.16864265468008,11.085879104798794
4,18,0.21160649524953498,0.3785375120791809,0.23197715600955857,0.1599828362757801,0.3031217117497447,0.12406353566071117,0.0201227947564781,0.03658962500321762,0.4,0.3,0.1,32,10.247699416279437,20.43336953043558
4,19,0.21142445111649247,0.3945473884981495,0.25191857629665787,0.1830644591850124,0.08013899452985714,0.12403910648806978,0.026498905647056543,0.04880674722821924,0.4,0.3,0.1,34,11.460509998433798,20.21014549851261
4,20,0.20818235876034513,0.3867965190001472,0.24835298034224454,0.19894652209187563,0.08255634520792904,0.12522960817208173,0.03122353566164937,0.05984839541783769,0.4,0.3,0.1,38,8.868377331506853,17.593807507239507
4,21,0.20880646700104988,0.4423891396981817,0.30961185298095495,0.2313124199957643,0.06877776755128112,0.12603054433283917,0.03053769323662503,0.07068282491703382,0.4,0.3,0.1,41,10.178969866230812,13.97457630359303
4,22,0.19323796255559847,0.41987527223193905,0.2931125945453403,0.2370093950452701,0.09200797768019697,0.11904136273891329,0.02362873860452718,0.04869560957030915,0.4,0.3,0.1,44,9.528307428925189,15.432548952459122
4,23,0.1977843132946869,0.4043289777123734,0.27716337120508006,0.23766069707724885,0.06961554571356245,0.1259971639406866,0.02394421744194793,0.08393610266938083,0.4,0.3,0.1,50,8.975006137367934,12.816086429889255
4,24,0.19551470563588505,0.4370244921109632,0.3150254569166647,0.2704550048083288,0.09301481703172443,0.12599717633621493,0.02394422027868014,0.08393610552252675,0.4,0.3,0.1,51,9.346622239630724,12.009597129026304
4,25,0.1955146998870695,0.4185148341223423,0.29477434916469797,0.2601213121293476,0.06597701462487741,0.1259971639406866,0.02394421744194794,0.08393610266938083,0.4,0.3,0.1,52,9.346622737056247,12.009596534675376
4,26,0.1954348571471993,0.4368725360542745,0.31493271476774826,0.28205918373363126,0.06645452295189588,0.1259971639406866,0.02394421744194793,0.08393610266938083,0.4,0.3,0.1,54,9.316957460975384,12.063881921737671
4,27,0.17854137452264157,0.384980029154551,0.2741381165960858,0.2747588430560329,0.13480023567298893,0.13858140242882477,0.015055459177452091,0.056176764350653864,0.4,0.3,0.1,57,8.436191135289144,17.941085595698507
4,28,0.16591666998772628,0.3758048979337937,0.27749120666951266,0.3093092259780601,0.09051249894683125,0.13721607345436967,0.01846353708132889,0.05159084925149908,0.4,0.3,0.1,64,6.861918766612587,19.400352249328296
4,29,0.16547470083561555,0.374617722651906,0.27681920320127107,0.3163863386427813,0.0698876192665525,0.13756007722920094,0.01846437112670987,0.05157124086368805,0.4,0.3,0.1,66,6.871851026833895,19.40041635642596
4,30,0.1631890410479842,0.3866683232722602,0.2934681104705791,0.3414698409255651,0.11281270045492607,0.12696509205714238,0.030881452940366226,0.06547611838510214,0.4,0.3,0.1,67,6.745288175677468,25.37353795777436
4,31,0.16291595767603376,0.404767840479973,0.31340201887196234,0.35360904192850434,0.0671786312434243,0.12681913308016526,0.030879948598266548,0.06435110731427104,0.4,0.3,0.1,69,6.729601541032052,25.32085095840704
4,32,0.1683699333557554,0.40894753626554137,0.3184448031563434,0.3584630042242032,0.08679627915193328,0.14107187936019758,0.03303093746098953,0.06484960236313139,0.4,0.3,0.1,70,6.9852173542287375,19.51279016247289
4,33,0.14522993172727625,0.34140332752898805,0.26588361496457663,0.35319797627679156,0.33727966263897813,0.12702883478976942,0.031205136462634793,0.06567068617907981,0.4,0.3,0.1,71,6.228395214319643,25.27178388097703
4,34,0.14608016041159566,0.37839590493462655,0.30690258654600494,0.3690460324453117,0.07104120488218697,0.13924158246369797,0.02414905742419421,0.05167648197876438,0.4,0.3,0.1,74,6.761093386129471,19.73189336163699
4,35,0.14512477991683623,0.35518126328192323,0.28425397251513823,0.36623652960944164,0.08799750251934728,0.12087756267936642,0.04082954941099503,0.08730449715397104,0.4,0.3,0.1,76,8.196606911403302,18.84291761502036
4,36,0.1424683269752198,0.4077297544996738,0.34222498779145066,0.4342860836915618,0.06712426597585014,0.12153574886327932,0.038317340442821,0.06748685632059824,0.4,0.3,0.1,88,9.945251915306908,16.583231307645658
4,37,0.1418946810952364,0.42503705045404044,0.36165797439676817,0.44735838998917143,0.06975026492552089,0.12105605411323331,0.03826680225292553,0.06740196498646925,0.4,0.3,0.1,90,9.732908978065389,17.256331717090056
4,38,0.13765505897705302,0.4175755547158991,0.3561556443987635,0.4484099053696683,0.09590259415706709,0.12106920347724531,0.03012292545677251,0.0674804011433932,0.4,0.3,0.1,91,7.953189331535773,17.256546852074216
4,39,0.1395204164967445,0.43767809455677514,0.37816461717685984,0.45990237623012137,0.06889719230859419,0.12108784752669506,0.03684538068182597,0.06740315575933668,0.4,0.3,0.1,92,7.594391694512784,17.25553411633148
4,40,0.14008903579026125,0.4924315638141105,0.4389568381275468,0.5100612475233177,0.06901559237063351,0.12731290335820736,0.032310679248939836,0.06926223837015291,0.4,0.3,0.1,101,6.267127047428156,24.97255486811872
4,41,0.13807148936804825,0.5254735033863888,0.47666021075041887,0.5875928008899036,0.06795567755684859,0.1286547395298662,0.03467006076118142,0.047309534159378004,0.4,0.3,0.1,115,7.323266513845198,18.13724820233961
4,42,0.13588055527325177,0.6335354520200599,0.5956517380090437,0.6801893024300508,0.06543596652778197,0.12287493764262931,0.03095917791258825,0.06394416693449974,0.4,0.3,0.1,127,9.212543304961027,16.619990906720687
4,43,0.13564545784639132,0.6143722463167134,0.5749974571266531,0.7029740088486925,0.06596376990726102,0.12287485151140126,0.030924842268378328,0.06394443455176724,0.4,0.3,0.1,131,9.2125189380165,16.605669743515865
4,44,0.1436081815727277,0.6217929565552518,0.5827423195950385,0.7364539615784438,0.0748036709400494,0.13662741180476098,0.03902765031513545,0.06715481518207736,0.4,0.3,0.1,134,6.512150530391418,17.771545206832034
4,45,0.14046424819804257,0.635515300519851,0.5991859925376678,0.7424459393644872,0.07873077881727851,0.13070745325989389,0.039351366908281074,0.06715536754934184,0.4,0.3,0.1,136,7.02776402135274,17.027039801772297
4,46,0.14042501559093581,0.6723623858433911,0.6395952021356592,0.7676343607201954,0.07147505109189498,0.1308276729378056,0.03929819667876265,0.06714393379765486,0.4,0.3,0.1,138,7.015931490225311,17.0953585258244
4,47,0.1428860240988734,0.6931981877603143,0.6622528356238406,0.7920208747107911,0.07402030405952775,0.13103521958802955,0.0393942867377697,0.09135157617622032,0.4,0.3,0.1,140,7.01294595731694,14.163274778776431
4,48,0.1401540146520076,0.6887154548619422,0.6588092522351345,0.803202949117264,0.0799530060194428,0.13520894010218618,0.034376681487102975,0.07156945212003987,0.4,0.3,0.1,142,7.17564042103413,12.042950519363703
4,49,0.13791213229266758,0.7413761241533355,0.7170645693480607,0.8658053545515639,0.0706297406254815,0.12515694973611557,0.04015321278667859,0.07526888928306077,0.4,0.3,0.1,148,7.857189463273322,11.647956812271095
5,0,0.7240207898043103,0.6978378974926635,0.36805510228289495,0.009544182837241745,0.0,0.0,0.0,0.0,0.4,0.3,0.1,1,18.2253301225,73.04763845583334
5,1,0.5791446480987005,0.6539704612509031,0.3639457046391323,0.06508304189519479,0.37981842855749326,0.14551000302634495,7.079247648903e-05,0.00013321624397259,0.4,0.3,0.1,3,11.580861737827084,52.54547286376339
5,2,0.4875615622158107,0.5969733719857641,0.3314833026772399,0.07137718374571218,0.26269837040259336,0.16045921841432365,0.00014509504271419002,0.00024063620672913,0.4,0.3,0.1,5,8.890776992274462,32.64310541147238
5,3,0.4518836311265504,0.5720603310858726,0.3187986845466473,0.08262843672211417,0.16965270876873806,0.17600472519392346,0.00066310000274884,0.0014248188625427699,0.4,0.3,0.1,7,11.153334379487085,25.68839913836037
5,4,0.3858073102630961,0.5161945291603982,0.28576103687580057,0.08589694935969376,0.25815069481126524,0.18264848465947758,0.00087547743221592,0.0018244675944605702,0.4,0.3,0.1,9,6.7337372719852535,15.200024663234103
5,5,0.3839499579996447,0.5330704378425123,0.30532951432549965,0.0929775594292337,0.08216239849562453,0.18428817981375545,0.00117084069885452,0.00246854512463957,0.4,0.3,0.1,11,7.011393901029225,14.38110296413513
5,6,0.38331408557856356,0.5324095791449452,0.30477339470510323,0.09687342990409632,0.07536433552763531,0.1835082460677578,0.00101667796896733,0.00213237349625327,0.4,0.3,0.1,12,6.869475906891966,14.547104450460616
5,7,0.3721867379012523,0.521765851800777,0.29802558892598147,0.09810112591762943,0.13624853031764264,0.1821274018215351,0.00084698824672692,0.0017829246240759398,0.4,0.3,0.1,13,6.215781908632318,14.947479225529865
5,8,0.3736129078067878,0.5232594411378856,0.3003938386104973,0.1088972076382528,0.09116936769613315,0.19096085211762012,0.00129173803916958,0.0025128129525344898,0.4,0.3,0.1,14,6.175036994737452,13.423397255134809
5,9,0.3756133034041315,0.5252988327232644,0.3030642613387857,0.12277016386644317,0.09089043085618993,0.1955314795337969,0.00601220200271471,0.00666894031375585,0.4,0.3,0.1,15,5.828436648089534,11.352721129947389
5,10,0.36022950566276896,0.5099212763970618,0.29318648092694105,0.11561348746341178,0.16840580544552436,0.19642150196900937,0.00193584896343156,0.00280802685211478,0.4,0.3,0.1,16,6.4352194955272335,14.433046734529045
5,11,0.3445269170427602,0.5125271424646859,0.30010268452338035,0.11364795298403424,0.09089808883604658,0.17328412160878653,0.0017836393262046502,0.00275028112793607,0.4,0.3,0.1,18,5.7610349712637134,19.63194667431341
5,12,0.35138088386851357,0.5185338974762228,0.31161181212916134,0.16123841696085048,0.17927182439599867,0.11911712181870714,0.14004667772731424,0.0060073556446706994,0.4,0.3,0.1,19,8.504037857284478,12.48013303855298
5,13,0.34718390580756087,0.5143179738498702,0.3074877575785019,0.15675119372234128,0.08776567863344822,0.10950016079962344,0.13982304515163246,0.00534378020698744,0.4,0.3,0.1,20,8.773811361549788,18.34367263462804
5,14,0.34836718107394127,0.5338865692527127,0.3293848891812513,0.17481572169291895,0.0983456654230872,0.11562367086729736,0.1400114486008966,0.00595175041782728,0.4,0.3,0.1,21,8.94583154396618,14.417229137668643
5,15,0.38542805544100445,0.5664857992328122,0.37533768988619054,0.20983392151184144,0.37176212463730773,0.12685656919797078,0.01666397870784134,1.0,0.4,0.3,0.1,22,29.718256792643224,11.402236081955168
5,16,0.36739059637051374,0.5441548688772996,0.3613603722478608,0.21300206429938012,0.29000021548284205,0.1279828884606386,0.0122382952369655,1.0,0.4,0.3,0.1,23,23.11484681416566,11.818134506544718
5,17,0.27282273898676673,0.44801956902000944,0.26784044503035814,0.126162704425681,0.10775437187627289,0.13844839807558745,0.00892594549869143,0.0738892617119957,0.4,0.3,0.1,24,13.839082665367611,14.175817432515084
5,18,0.3552341885128959,0.5272639010004382,0.35192182631923474,0.23212168665613694,0.1766769942196461,0.1334423649036198,0.01245309781657291,1.0,0.4,0.3,0.1,28,22.42699189575694,11.260672101608774
5,19,0.31944876642298925,0.5057135784673342,0.33795085249280954,0.21522402228160992,0.2264759425034531,0.1299436404415726,0.016963113870409642,0.7497928338610977,0.4,0.3,0.1,29,32.78569378200842,12.911288665863486
5,20,0.314811758656178,0.5003345321936444,0.3335239978274045,0.20599508976418077,0.14451636479227342,0.13495002452231236,0.014244499828848688,0.708584476131392,0.4,0.3,0.1,30,27.399088521378207,12.932904230022194
5,21,0.33826627408817744,0.5216504673717298,0.35749834715862194,0.246060434707589,0.20025584496546783,0.12698812775772347,0.02153263217274194,1.0,0.4,0.3,0.1,31,29.51973067787271,13.043443557069963
5,22,0.33393865814883694,0.5336214032584984,0.3738465677603061,0.2521228823375798,0.20015288312896573,0.13041817594813593,0.01772817808438275,1.0,0.4,0.3,0.1,32,32.18939914013561,12.968520455414833
5,23,0.3102733854535563,0.4863795358857108,0.33052743099526916,0.23694541068104516,0.23491525408201153,0.1191559532385356,0.01356170175661959,0.9156956589967116,0.4,0.3,0.1,33,18.509355288048425,12.60916367758134
5,24,0.3023238633281597,0.4961124655972056,0.34288832497627864,0.23995864195093347,0.14398264754545748,0.13499370572171335,0.01317339511794749,0.7885065979882947,0.4,0.3,0.1,35,17.757754350388304,9.99359204198401
5,25,0.31245269102382467,0.5045631094702078,0.3530968413099069,0.26568664344729814,0.17816731360393478,0.1181947544524658,0.013943037371799619,0.98304571744782,0.4,0.3,0.1,36,18.778053611124232,7.295289028538227
5,26,0.2527724376688918,0.44290527674839614,0.2934650368088119,0.20224325082939118,0.1260851174944061,0.131876850123408,0.01284144423928012,0.3670767637569318,0.4,0.3,0.1,37,16.414354770311732,10.35048689901062
5,27,0.25362575550138466,0.4431334288393919,0.2943232604625041,0.2071911902572897,0.10534918579336124,0.1322360137360903,0.012968970582235501,0.3837197451114207,0.4,0.3,0.1,38,16.427054079836076,9.945079549387469
5,28,0.2140758049372201,0.4018575624722966,0.25476262012727585,0.1866413702975692,0.07216177030838249,0.13230345555017822,0.01169409060475064,0.0185673213943858,0.4,0.3,0.1,40,13.307074649776244,9.944672337873898
5,29,0.21866486928027312,0.43211301423791876,0.29903559029843013,0.2154321432590125,0.12119161867512768,0.12313801209428771,0.01453892892282523,0.24960183789479662,0.4,0.3,0.1,44,17.177003064419214,11.085559990336307
5,30,0.21587989055597653,0.42601657395236725,0.29580656253024534,0.2195814904287565,0.10301442900294538,0.12067937725951383,0.014922526603326611,0.2709618381758886,0.4,0.3,0.1,46,17.2622510803528,9.60861845360244
5,31,0.37960156664611017,0.6449082912319641,0.5202293671696251,0.48098096352957226,0.24432558550400202,0.3267022085581333,0.07719196202072182,0.901564106986485,0.4,0.3,0.1,61,18.23091051269367,24.61245939800716
5,32,0.2949117174734634,0.5139471025657617,0.3934152011814331,0.3889463234955959,0.19021992654109937,0.17498960984022432,0.1140938547204331,0.6542447026452323,0.4,0.3,0.1,67,30.391018300107504,9.248886873238192
5,33,0.30224995576464575,0.5392727073740815,0.42089884142955936,0.40013287835399214,0.18427145778395831,0.175682275666667,0.11592711680489216,0.7248295909020614,0.4,0.3,0.1,68,30.137812477365756,8.52474349235697
5,34,0.3400765528009792,0.595484960338344,0.4789511304190597,0.45906735927991993,0.21602119271963277,0.17424442066560608,0.15264013355570494,1.0,0.4,0.3,0.1,71,38.92711422963204,9.1903980994057
5,35,0.19853126946876354,0.5557684892969665,0.45682325641077604,0.38238224586588065,0.1061514043376323,0.11781031656573929,0.09085593638110916,0.0867033161570322,0.4,0.3,0.1,76,8.314577801278926,15.274367689436238
5,36,0.4613500536791532,0.8334285267600675,0.7389615640506312,0.6645428516346498,0.37156060860282336,0.1152624669151702,1.0,0.03125029795593947,0.4,0.3,0.1,78,4.755693122558124,10.29537735710988
5,37,0.46672348648734946,0.8359002637850467,0.7435639554743722,0.6960869684059631,0.3744874799877241,0.1344199017077226,1.0,0.03405827367385081,0.4,0.3,0.1,80,6.353126655405197,12.753263935321364
5,38,0.19003466944117478,0.5921596817483925,0.5062403506071232,0.4345968083430084,0.13086869814704083,0.10559024406108927,0.10985516166529312,0.08756194884239837,0.4,0.3,0.1,81,10.133979759136428,22.29580121633758
5,39,0.18880366495720094,0.5651477185043285,0.48259829548353067,0.4380077462331232,0.12992060019409024,0.11687802272730367,0.10985977473834382,0.08864396213672988,0.4,0.3,0.1,83,8.362455568525977,17.3148381661476
5,40,0.45076321414968273,0.822373136090828,0.7430687338696168,0.7153935745591424,0.38066766692250903,0.12671373904359629,1.0,0.03447265518499645,0.4,0.3,0.1,85,7.196842391770095,16.882389285857695
5,41,0.27186057412680514,0.6602895733507842,0.5838707070844016,0.5664408647070449,0.18605233915779198,0.12598106789933103,0.4085445029088518,0.03521938462321428,0.4,0.3,0.1,87,7.015161987226998,14.32619611554815
5,42,0.17473826355724592,0.5969773587482028,0.5262005386537674,0.47948885658457163,0.08846208759261522,0.13020796486937436,0.09756809056272711,0.00337417039983041,0.4,0.3,0.1,92,6.856800498545828,16.768269191673255
5,43,0.38485183597265354,0.8041775179593281,0.7353715482280428,0.699623578778203,0.3103532196750899,0.12961151515755884,0.7921559664296008,0.04461449967869445,0.4,0.3,0.1,94,6.077274952092262,15.157902247799573
5,44,0.1655646323359456,0.6143019898753519,0.5538884341256528,0.5264810787580474,0.09273236699892717,0.11851408505027416,0.10587656058805364,0.004976577043589539,0.4,0.3,0.1,100,7.088608459977546,19.392734278987188
5,45,0.16680113457913842,0.6140387268538774,0.5545875514532408,0.523983133405104,0.08706876783759003,0.12113044045469176,0.10922248799984695,0.00655661878833339,0.4,0.3,0.1,103,7.542409998159071,16.985428080548207
5,46,0.16370024146778536,0.6269802276552817,0.5708404030464987,0.5392447888461837,0.09300152957426414,0.12045698953182898,0.10552627782854843,0.00497370813782772,0.4,0.3,0.1,105,6.5705598711393,16.539960990902845
5,47,0.16465391988824174,0.5678280768291848,0.5093500136639131,0.4551831388002382,0.1308301577034823,0.12350358544372635,0.11318891624806873,0.00769178435348952,0.4,0.3,0.1,106,7.158044178336892,16.78015938086109
5,48,0.1682577075757683,0.7717991046320112,0.7344958206067804,0.7845729561920569,0.0907285379751089,0.11455204861168654,0.14525972519715474,0.00276793474172634,0.4,0.3,0.1,137,6.823882028474921,11.761690187419312
6,0,0.975088445533911,0.7919169539794262,0.4255017820185074,0.015723789591245083,0.0,0.0,0.0,0.0,0.4,0.3,0.1,1,5.850135536163998,75.07754686949734
6,1,0.7223203896732195,0.7230957614325203,0.4018083761262131,0.05919390333387765,0.4120893407041926,0.11761315420171702,6.77605015674e-05,0.00010085680438130998,0.4,0.3,0.1,3,3.999931045647827,55.32995261487063
6,2,0.4806125936008568,0.6081139868871176,0.34396560326105446,0.06440579148233253,0.5039348981277371,0.13906424339775694,0.00051219323872882,0.00076236409248719,0.4,0.3,0.1,5,5.532889015812971,30.806034264793315
6,3,0.45360274141390633,0.5707363301007313,0.3135271402742851,0.06838132627900238,0.12949519886766717,0.14783330980441148,0.00032778524578394,0.0004978290380862101,0.4,0.3,0.1,7,6.770942547451845,24.320457367637857
6,4,0.438171994039139,0.5775914842882756,0.3271079533660083,0.07649364145239786,0.10074069351693707,0.15053368347622553,0.00047260913841911994,0.0007177826207743099,0.4,0.3,0.1,9,9.074766780088158,19.204696218138974
6,5,0.41384285098378304,0.5593310427847745,0.31964427465418366,0.09055845666917475,0.15722343053088822,0.1734454665603626,0.00105705582444619,0.00199474478933916,0.4,0.3,0.1,11,3.0242720372250216,4.89543557907177
6,6,0.40450384605566575,0.5504597513432942,0.31187408427805097,0.08669924071068674,0.08168732685848225,0.1584161013511773,0.00103273463218079,0.0017510465345063,0.4,0.3,0.1,12,6.708000503856885,6.747612391984988
6,7,0.4161323611709154,0.5822517546545772,0.34802604284966937,0.12271469679273242,0.12989762881770273,0.1683219069869395,0.03382101344597096,0.06383424519108737,0.4,0.3,0.1,13,4.868790779915328,227.0127941862308
6,8,0.3967049334087366,0.563567910605277,0.3329716017049976,0.11749157664127417,0.13116683534142326,0.17111607210005927,0.0101420702098705,0.03006371885477427,0.4,0.3,0.1,14,4.8581995115286825,312.390106073331
6,9,0.394936785042012,0.5809347608377121,0.3561706532262856,0.129045159114466,0.14837247520572933,0.1683219069869395,0.03382101344597095,0.06383424519108735,0.4,0.3,0.1,15,6.088477962259156,232.74628111559
6,10,0.3924080322137802,0.5791937935096407,0.36326446059632356,0.14642080663757825,0.15245386567523786,0.25137209907399893,0.01173176531874376,0.00738560386888677,0.4,0.3,0.1,18,6.512836656665755,41.87482862132358
6,11,0.3502264008119742,0.5552016463331086,0.3466759680065977,0.12541791370134653,0.12263366427332524,0.18453643952121065,0.00884529062644604,0.00378550678696628,0.4,0.3,0.1,20,7.411482637028627,36.349635698564136
6,12,0.33320088609583887,0.5553662537413352,0.3559599077547063,0.1350757026251636,0.13712491667906693,0.1865290154938929,0.00778462127808034,0.0050224377429850505,0.4,0.3,0.1,22,7.386203517080981,35.21629737518426
6,13,0.3328689126261745,0.573495968102659,0.376023559276513,0.14139389772601063,0.07911948022982217,0.18664693613859,0.00798121119198271,0.00510422038773483,0.4,0.3,0.1,24,7.78674427707481,35.8506030700031
6,14,0.35398765458810005,0.5377995126171791,0.33955688926832645,0.17562279200258962,0.18089968736305612,0.2568958981151848,0.0165024069406113,0.01126438416730711,0.4,0.3,0.1,25,5.472385039970288,42.85896908498941
6,15,0.339008924728977,0.5215887014512924,0.32679126319028223,0.17069865765530873,0.15719780461377064,0.23903040532585104,0.01564727847479025,0.01166200200111908,0.4,0.3,0.1,26,6.262325813739819,43.62564834788116
6,16,0.3156061056399101,0.5305446861352239,0.3491839737511932,0.1779956114525384,0.2599915886982992,0.2121825135653769,0.03379032340842872,0.039621635367084865,0.4,0.3,0.1,27,6.771603907417402,37.35837246096921
6,17,0.3161630427792299,0.5298166412191988,0.3507288320167101,0.19234649164427894,0.11633710116468055,0.22395776745808443,0.03375463758108596,0.04371945567552803,0.4,0.3,0.1,30,5.112070033450165,43.78432120060695
6,18,0.31047360243242844,0.5219116762426718,0.3464537496102115,0.19636014716552957,0.16421944087819887,0.2278399219776463,0.03378972698182054,0.042259198448737254,0.4,0.3,0.1,31,5.456201431451386,40.68049575303115
6,19,0.31066253725740706,0.5405620937666956,0.36692131357884644,0.20603529852658117,0.10644655315158572,0.22876829506800306,0.033765813736819424,0.04196825405403878,0.4,0.3,0.1,33,5.57866846944485,40.16912364538489
6,20,0.29479099656153357,0.5185244420575583,0.35366037996961225,0.20533003858350496,0.24830248028677485,0.2262604566445008,0.03662096063250902,0.04845903758626264,0.4,0.3,0.1,34,6.695502751671467,38.91149537049365
6,21,0.29157428656057927,0.532274941967263,0.3711334535768179,0.21492986179597776,0.12268944167484351,0.2239575430523035,0.03930871241113867,0.052895147129127774,0.4,0.3,0.1,36,6.956546386405838,38.58299672295225
6,22,0.2935439946721117,0.5325456838469146,0.37358895523345914,0.22704819665981993,0.14850006886134634,0.23421263215392232,0.0410374798365073,0.06550441928647352,0.4,0.3,0.1,37,21.2425364925178,58.397907592356944
6,23,0.29662503675479945,0.5302089841805683,0.37817446229852897,0.25124910143846585,0.18687549859307298,0.27311551696281583,0.047153084577452584,0.045954876174591756,0.4,0.3,0.1,39,4.261724330621054,40.52797586320116
6,24,0.2868685338870879,0.5161008565522016,0.368624531369324,0.2514470941862042,0.19893626744561368,0.2651856489463818,0.04613472267391746,0.056710352015362966,0.4,0.3,0.1,40,4.366113670679653,41.06600828220684
6,25,0.28079009749926737,0.5221056452143068,0.3821752234010155,0.2730168908865581,0.21587632122845524,0.2731155169628159,0.047153084577452584,0.045954876174591756,0.4,0.3,0.1,41,5.270696257627256,40.94068452432809
6,26,0.24306009754050018,0.47175304272442786,0.3432510075349545,0.2816103484938165,0.13340869397149221,0.21179721235255278,0.05582128898784883,0.05520095306470883,0.4,0.3,0.1,48,7.836395892166689,33.96566820863901
6,27,0.241857976431272,0.5065463360541564,0.38239409926684864,0.27809058457752417,0.11163272103541093,0.2117972123525529,0.05582128898784906,0.05520095306470889,0.4,0.3,0.1,51,8.12337130592517,34.00967901814008
6,28,0.2414873990031479,0.5058600193106473,0.381975006896822,0.3027005560880859,0.11130039756496357,0.21179721235255275,0.05582128898784881,0.055200953064708846,0.4,0.3,0.1,52,8.560408902704836,34.092145817571286
6,29,0.2259382930212618,0.503957949013929,0.38585907641753553,0.31830009027695677,0.16239241743334798,0.20484151682186674,0.0346645947197346,0.04625190617087217,0.4,0.3,0.1,53,7.73226427868249,42.49279020304325
6,30,0.2290429362650378,0.5014837455180939,0.3879186840332925,0.34176339836048436,0.18038651798769428,0.22037258576817298,0.04017785146485111,0.05928383846878634,0.4,0.3,0.1,54,5.010760746086782,34.33604947656927
6,31,0.2191108315155257,0.5012883450891762,0.39614427059955876,0.3504133393136469,0.15815132478795116,0.21629768984538866,0.04029281045644146,0.05973049129885879,0.4,0.3,0.1,56,5.572536941887712,34.0574946101713
6,32,0.20710538168059658,0.46398657279020733,0.3620979300749085,0.3360170446377942,0.13903946375399318,0.20327127017122437,0.03944996927551858,0.054773423130568766,0.4,0.3,0.1,58,6.226369440818816,39.88008322053392
6,33,0.20620716243245546,0.46183174370045577,0.3609098983722084,0.35500016212080077,0.11573221258116917,0.20108446992192194,0.04134839112943601,0.06110662351778308,0.4,0.3,0.1,59,5.331931836006713,33.91533514021293
6,34,0.19738337167461792,0.4641070573021156,0.3701107952712498,0.3552283733048792,0.17874245742895775,0.19821767326211073,0.03807429565862931,0.05318757057826062,0.4,0.3,0.1,60,6.2853186667982985,34.25312815439984
6,35,0.20252035806438987,0.464607580097304,0.3738151600011906,0.3750357446806328,0.1567270412666591,0.21501373439218777,0.04174313331210096,0.06228520502892047,0.4,0.3,0.1,61,7.509186317648222,33.92217665156021
6,36,0.2017055314943177,0.48119964042173613,0.39289544778672253,0.3632962550933992,0.10874777237003014,0.21501373440611274,0.04174313331473871,0.062285205030414494,0.4,0.3,0.1,64,8.27844334171712,34.58149873674832
6,37,0.20097943518964329,0.4794909094348105,0.39185201176728174,0.36317936742783313,0.11011993135346398,0.21501373440611266,0.041743133314738716,0.062285205030414535,0.4,0.3,0.1,66,7.817695629401092,34.18434108961271
6,38,0.2202180464231952,0.5697072671787641,0.4910997530214187,0.4670761219117114,0.12863124085203764,0.17975091760324358,0.15857121992801634,0.0676702773045558,0.4,0.3,0.1,80,50.64063172802709,43.11683871460559
6,39,0.21057622314723698,0.5598945368830773,0.4814012026649156,0.4494347946125742,0.11856269349028666,0.1793589284043162,0.1272044235258705,0.06814511260218212,0.4,0.3,0.1,81,57.06195094106352,43.1135108317307
6,40,0.21902402501331308,0.5853398256214232,0.509594068742078,0.466879320666133,0.14244358065313822,0.17975091760324358,0.15857121992801412,0.0676702773045558,0.4,0.3,0.1,82,51.31362354674415,43.24550721750935
6,41,0.46122615421057805,0.814780122521095,0.7473677417206946,0.7529709873652083,0.4447822521994263,0.17480228845559187,1.0,0.07160068487554015,0.4,0.3,0.1,84,6.652501373662605,45.17136856399018
6,42,0.18600820543756205,0.5543943354679511,0.49104061933447457,0.5002487096728375,0.11342252150883891,0.1773147413439283,0.09041320108631168,0.06086449634152785,0.4,0.3,0.1,88,11.555858855368296,43.47546998510099
6,43,0.5478150579276629,0.9126037657394158,0.8514976923252191,0.8679783418262299,0.5042577225968479,0.17029535180319547,1.0,1.0,0.4,0.3,0.1,89,7.840076149996166,42.800844129225794
6,44,0.5470361315310722,0.8922974802998022,0.8300835565020371,0.8552968293636826,0.4781980187228655,0.16987259534106838,1.0,1.0,0.4,0.3,0.1,90,7.329627917387386,45.08239947190481
6,45,0.5469979374616342,0.9289243355348277,0.8704121176303962,0.892849426012918,0.47161564834203074,0.17029535180319547,1.0,1.0,0.4,0.3,0.1,91,7.88248831715819,42.91998941333611
6,46,0.20396143732180183,0.7153656901087979,0.6690997160692794,0.6956153047524938,0.12516231915883935,0.16860866734538738,0.16223198542584044,0.09021993343148585,0.4,0.3,0.1,124,3.486830585510305,39.15851827238313
6,47,0.20337725606445398,0.732647869094036,0.6885226574269527,0.7044632001076834,0.1313913780258949,0.16900092966767455,0.16095197024166158,0.09046858652805424,0.4,0.3,0.1,125,3.508265493420383,39.19687933629729
6,48,0.20733165864734382,0.7365182792741114,0.6924450701922786,0.7128153355573452,0.12977804917761282,0.16698985069173597,0.175261437912215,0.0956252242615005,0.4,0.3,0.1,126,3.45481460146844,38.680698130653376
6,49,0.20731094267414446,0.7549722208893155,0.7126622081881051,0.7262885484739812,0.12911234516967257,0.16698985069173597,0.17526143791221496,0.0956252242615005,0.4,0.3,0.1,128,3.437202635890383,38.68522052495824
6,50,0.23524157830323988,0.7449593657843918,0.6997384400779622,0.6367289542032342,0.16666926577757168,0.16445212911191476,0.2742262033241278,0.09363856331613915,0.4,0.3,0.1,129,3.547030306355623,39.17122807873711
6,51,0.20015318951790348,0.7278970525715905,0.6847163130818524,0.7237633025498235,0.12744014677093765,0.1710140213596607,0.14810971257592268,0.09769245276255306,0.4,0.3,0.1,130,3.609738777574663,38.79074450463452
6,52,0.20020555438888346,0.7463706337460406,0.7049859573815874,0.7330784984989597,0.12359560914422815,0.1711400368799701,0.14824221316735225,0.09783247085954933,0.4,0.3,0.1,131,3.6119226682437215,38.75600573369564
6,53,0.20020555480491545,0.7463706341711079,0.7049859578066547,0.7374685782513543,0.12271205567995913,0.17114003727845323,0.1482422137941306,0.0978324716359543,0.4,0.3,0.1,132,3.611922667249429,38.75600609116717
6,54,0.19969457544460634,0.7449768046421992,0.7041363567088066,0.7417702388848234,0.13151606947007138,0.17084410856331197,0.14878093703003306,0.0974373051460958,0.4,0.3,0.1,133,3.5900357280271686,38.74672981595679
6,55,0.20126600971382275,0.7834464334946745,0.7461635233867021,0.8233812401615314,0.12444380997246661,0.1754249557161327,0.14680421840263874,0.10146293759227862,0.4,0.3,0.1,147,4.235940152757086,43.50188083498665
6,56,0.19861968844350153,0.7979669029130835,0.7632505559177695,0.8257929784169096,0.1358346189712008,0.16821624701554397,0.15261732640307216,0.09415276961299471,0.4,0.3,0.1,148,5.394776443499391,39.5854280351389
6,57,0.19724555495589102,0.7942723061690056,0.7609743538158368,0.8351986580704199,0.1453782565036169,0.173950112265947,0.14166686146619162,0.10355259818762279,0.4,0.3,0.1,149,4.341074754526948,38.307001303532765
6,58,0.21357112764261077,0.9568147871304257,0.938580101169357,0.9979802225380349,0.1406770289065392,0.17735722271320262,0.1927734587326615,0.1103054494651006,0.4,0.3,0.1,170,3.874738742854673,36.96801562635223
6,59,0.2614566483045469,1.078407401095211,1.0673393841888457,1.158886171823864,0.18801030588552683,0.17686766369355628,0.3560756251650829,0.10305309875379542,0.4,0.3,0.1,194,3.924906213853143,40.39856993697328
6,60,0.21212762324745657,1.139113419220772,1.139113419220772,1.1277030336580287,0.1441252524910768,0.1769727107655804,0.18990417366733583,0.11353082814338848,0.4,0.3,0.1,196,3.5850618555513494,36.8199085641664
7,0,0.6853609497286501,0.6806640213345649,0.3575684685660661,0.008416112357754125,0.0,0.0,0.0,0.0,0.4,0.3,0.1,1,21.297518305936,80.50043683926934
7,1,0.5386097577607841,0.6300218156092371,0.3501668830836484,0.06553703215068105,0.4101578481602397,0.1509288223674192,6.942319749216e-05,0.00015723991313778,0.4,0.3,0.1,3,14.678243715918647,58.74968442184214
7,2,0.4541187224574954,0.5922271230336483,0.33991451061619754,0.07692035165277382,0.2790561304188223,0.17547993425961622,0.00032904906652328,0.00074527893423567,0.4,0.3,0.1,5,9.809835077502733,40.382996407025615
7,3,0.3916278090299855,0.5212566751016136,0.2874666774357483,0.08695577390673716,0.17921469726931155,0.1739694794454394,0.00067803336805002,0.0015523322007915,0.4,0.3,0.1,8,6.979980632764435,16.628987161412393
7,4,0.3906431803733339,0.5388992904048807,0.30730791410501046,0.09386589179880339,0.07395143227647177,0.17463877593767557,0.00075229184631413,0.0017228225958313501,0.4,0.3,0.1,10,6.506216078647876,15.403491051520872
7,5,0.38515818347768027,0.534168479581427,0.3060997066064446,0.1153336507577261,0.08881573731794287,0.1834091845558406,0.0012673001311486,0.00825618165843999,0.4,0.3,0.1,14,6.497626327291764,14.025085547712846
7,6,0.37035251014178283,0.5013048680533607,0.27462880229106806,0.10773493441755062,0.11897737985423927,0.1554362262061977,0.009668856358298141,0.03189768908917387,0.4,0.3,0.1,15,8.612669629613462,42.02842660081646
7,7,0.346267632609979,0.4959627562609975,0.2791671664200547,0.11171553377736573,0.13114612130604883,0.14957568001947336,0.00941454573633645,0.02660815811839044,0.4,0.3,0.1,17,9.310940048638718,36.7920028961269
7,8,0.3571194979528079,0.5252330913648465,0.31155828420375353,0.13735159645602021,0.09077044678585332,0.18527354848852645,0.00926035906544273,0.02730764605925229,0.4,0.3,0.1,19,10.134922940699871,36.39526227229376
7,9,0.33964637830092,0.544365473700096,0.33782566107101064,0.14664295621207843,0.08587926863563267,0.17458111957475508,0.0017048785287299,0.007664149536509091,0.4,0.3,0.1,23,5.334007199604897,15.124714498290558
7,10,0.33672770835614063,0.5412518785706221,0.33593992078998947,0.14976868832605894,0.0910160196507415,0.17494310117190093,0.00159971728640076,0.006929609247981421,0.4,0.3,0.1,24,5.700447212816634,19.576569785466912
7,11,0.3364045687641609,0.540811115741589,0.3361648481377339,0.15421754674121882,0.08318644719953891,0.1785610860208642,0.0017339922718929799,0.00474299952079368,0.4,0.3,0.1,25,5.479228437122802,16.049978932991852
7,12,0.32865585822630455,0.5324987622480138,0.3306050074124751,0.15251547004426855,0.11576240258190831,0.17431620781213003,0.0024613855183093997,0.00710742226215279,0.4,0.3,0.1,26,5.701975865470038,15.877158086940344
7,13,0.33228916105142176,0.5351226415656491,0.3369859464861412,0.17073222905216967,0.14416429372896422,0.1969580288295401,0.00814452006315179,0.022217753695229152,0.4,0.3,0.1,27,8.84058987553124,22.077637060645458
7,14,0.3047946485493674,0.46806672139639116,0.27380211941198107,0.15819718632316007,0.13226409276455134,0.1257954445326803,0.03841363469601794,0.10458985116732895,0.4,0.3,0.1,29,9.907225845050013,33.32815067566629
7,15,0.28819481863022633,0.4856082176390383,0.30066181769418004,0.19230376874631344,0.09896298724998738,0.1576460827059057,0.00706098836382595,0.02632428174371102,0.4,0.3,0.1,32,8.012844168047868,37.5578659918078
7,16,0.2645371864682939,0.4773716118096386,0.2996642925838069,0.1817687364939304,0.09964486042608955,0.13285490959639512,0.0042887771791074395,0.00753222394977091,0.4,0.3,0.1,34,6.970049394538907,44.718994236278526
7,17,0.26271714380913347,0.47533051174984703,0.2979908941262113,0.18405808617139693,0.06005107517958905,0.12922630451574563,0.00496242805668534,0.00905931322399945,0.4,0.3,0.1,35,6.325566907345905,44.43870612499936
7,18,0.2623052190348034,0.49324055848903703,0.31794757642904764,0.19796744620572754,0.056731502785413696,0.12987662597820676,0.004854300596681739,0.00861968943215235,0.4,0.3,0.1,37,6.499548552602202,44.43561135551456
7,19,0.2627557606025253,0.47472777414813483,0.29842414498335873,0.1962716111285273,0.06205100356827655,0.13321260782788877,0.00575179808421971,0.0113239789944442,0.4,0.3,0.1,39,8.521565269637547,50.59462566654096
7,20,0.258920259889895,0.4701373916357392,0.2950247004277454,0.2080764534589161,0.07387602201332133,0.13145064492478659,0.00430233115260172,0.0074012787693487694,0.4,0.3,0.1,40,7.466913749898263,44.33609526872565
7,21,0.3180394096842615,0.5448602226306412,0.37579985132782756,0.2645429408017917,0.156768133950589,0.17102239812147402,0.1079548378357618,0.211000183150471,0.4,0.3,0.1,42,9.70741788075246,42.61224803984897
7,22,0.27254027352755644,0.5170495087369622,0.3508844671698758,0.25581647758988585,0.08321031397100365,0.15177502419088737,0.05129494451939157,0.024397355736666147,0.4,0.3,0.1,46,12.642673340306372,34.885635919790616
7,23,0.32144765109193246,0.583998576178434,0.42023330816412346,0.2987162027243704,0.13403849555352734,0.1789959309522445,0.09851577547531638,0.27515053067303663,0.4,0.3,0.1,48,10.129705371800874,43.3058015977422
7,24,0.2690816287598278,0.5460024809435545,0.3893781871764848,0.2802293473115145,0.1297671149858669,0.15088819606794512,0.066251724557323,0.05798602604833876,0.4,0.3,0.1,50,14.154462988415212,34.60736276275608
7,25,0.24291739643075305,0.4982894978783602,0.3436102823394643,0.2670372070294102,0.12617814836339583,0.12388170447321285,0.049899591820152064,0.01771430952133293,0.4,0.3,0.1,51,8.530637832448672,26.46213094213231
7,26,0.24333393387515828,0.49271630043910786,0.344680862425239,0.276906634230646,0.18510665958371497,0.14983816679510242,0.05134469795753721,0.02444431125827816,0.4,0.3,0.1,52,9.487865566997248,21.26078602284846
7,27,0.22648829312027152,0.4870730819083185,0.3481730356049275,0.28207689902864813,0.19212546363385166,0.1391420991058875,0.04505100749488289,0.034470387904814444,0.4,0.3,0.1,53,8.720600916704296,23.103893292912755
7,28,0.23748692102608704,0.5148320626066976,0.3794499099969459,0.30674673485037457,0.11624958213718696,0.15254589374877608,0.06625781120609793,0.05534837924482779,0.4,0.3,0.1,54,8.479999978708612,21.59475473780193
7,29,0.23349991947316218,0.5046638338059619,0.37486689093610914,0.31735277243083987,0.13511918278459903,0.16173912066263088,0.06670776115920671,0.05898494529046674,0.4,0.3,0.1,56,10.424562869709444,20.817177985349915
7,30,0.23845216354883078,0.48836229292488986,0.3592529101560156,0.317235701353591,0.13834925360665426,0.20169681541954276,0.04893132181260349,0.03694598502477056,0.4,0.3,0.1,57,10.719342648361735,18.270188708261827
7,31,0.22837723132058976,0.4772373934217532,0.34904252314451256,0.3154645601914232,0.09767254872261791,0.17956664994665192,0.05091146925492834,0.031764493669188085,0.4,0.3,0.1,59,9.597249165417145,19.08895246839629
7,32,0.23060672413023908,0.4789106434924305,0.35119707628884655,0.3218725798128745,0.10097192965926959,0.18642376153919057,0.05005754292986257,0.03599108923601203,0.4,0.3,0.1,60,10.086472391085044,18.70576053619652
7,33,0.20380574930188833,0.44995781296329584,0.324404535368318,0.33894747304992967,0.07506366243027733,0.12623893496783412,0.05217569763891731,0.036327720551973156,0.4,0.3,0.1,67,8.52054809741787,19.029320055226243
7,34,0.1891348095558259,0.44071741592517355,0.32722220512112743,0.3480628640420571,0.14993414952611214,0.12353800594351948,0.05193344092856467,0.03530563611452741,0.4,0.3,0.1,69,9.105982914272236,19.056158441733466
7,35,0.20718441732829623,0.4644728640082817,0.3622957866042467,0.38843186458615414,0.17434311509209052,0.1838664694809858,0.0600151244540668,0.06815251188214484,0.4,0.3,0.1,71,12.594153534203722,19.291304565543527
7,36,0.18401918434273565,0.441237240628248,0.3391043478256146,0.3803244781096181,0.07572054426391285,0.12279978210260017,0.06960480591958741,0.05242866530456904,0.4,0.3,0.1,74,10.986208814984115,22.626581918272556
7,37,0.19543945921304878,0.4547790380192462,0.36584680219208493,0.415233927666014,0.28494192932948276,0.18674987637061857,0.06044732751075288,0.06871649265411146,0.4,0.3,0.1,75,9.46493392389882,13.196070735420768
7,38,0.20017376778214213,0.45606105383095213,0.36944939143811506,0.4209839721570183,0.14923113309077093,0.2105904533567381,0.055353033243397944,0.06105380836448887,0.4,0.3,0.1,78,8.455751193344822,18.63180300136434
7,39,0.19964348255961611,0.47394500059013156,0.3891383766159947,0.440676763097282,0.10788719918705211,0.2098584375574871,0.05536850702497342,0.05930946026441782,0.4,0.3,0.1,80,8.572083138855207,18.394206423656573
7,40,0.20074356386582928,0.4930425937280976,0.41031974800752874,0.46245778466164755,0.10985865510589782,0.21178803255417153,0.05588236994192267,0.06471686506626645,0.4,0.3,0.1,83,8.246814399265908,18.71133562116884
7,41,0.19923515147262313,0.5275672891898571,0.44898287250087743,0.4909762640603843,0.10937286402340937,0.21055474339345498,0.05627957656650371,0.06034826140298834,0.4,0.3,0.1,88,8.550491086436343,17.805785316375655
7,42,0.19847765578867285,0.5449125372912794,0.4683385165443211,0.5072488946807563,0.10828549231848726,0.21037077504559823,0.05596080287541205,0.057300538432959534,0.4,0.3,0.1,90,8.745141023521523,17.663135582647758
7,43,0.20012173854741128,0.4890903356155615,0.4085679844420038,0.5024181965754224,0.11283516101502047,0.22108959891914895,0.05356835126260014,0.05144458669356532,0.4,0.3,0.1,93,7.657178345239027,16.73109335425954
7,44,0.18031229534062376,0.46868461406959444,0.4020889810162111,0.5059778554240039,0.3392400175549622,0.19480503723781314,0.059204961130337574,0.06346134618855506,0.4,0.3,0.1,94,9.241903144006844,19.56873156416888
7,45,0.1528945400752672,0.4208340198262672,0.366561458680899,0.4821860758378163,0.08643902329646266,0.16870689957470886,0.05556133633565659,0.0167576962730892,0.4,0.3,0.1,96,7.739930762783802,10.118266498039588
7,46,0.18067630157619688,0.5067180252940596,0.44320318524786617,0.5271670755279236,0.10655613886340305,0.1947610973364322,0.05920227380589157,0.06345618661869497,0.4,0.3,0.1,98,8.683232019712188,19.52882474217913
7,47,0.1690108803398227,0.44388516301877795,0.3855012186250783,0.5146906356282074,0.09872017033920354,0.19965596157049592,0.05214381019813976,0.028137181030551288,0.4,0.3,0.1,100,9.146102674610892,8.648108702176861
7,48,0.1862870241212719,0.5089094052298071,0.44751098069458994,0.5557474614971281,0.12006620573178625,0.21280279400260804,0.0591771910707656,0.0676309207319562,0.4,0.3,0.1,102,7.907292627770542,15.988300960615083
7,49,0.17433958373741562,0.5234990625601498,0.4719344210595187,0.5875456707679189,0.12755404185450903,0.20545558418261656,0.05119160752575945,0.05977983094527785,0.4,0.3,0.1,105,7.839241897982935,20.01900007673527
7,50,0.17420487015657193,0.4991882018589364,0.44924784513679167,0.5965959942237119,0.1323707211994651,0.2110763490535901,0.05390465296622088,0.05758615239151384,0.4,0.3,0.1,106,8.161434340313141,20.806417937868492
7,51,0.17328617874316382,0.4783493482059146,0.43990864365406135,0.6457295266973057,0.12602284285731943,0.21755720375923396,0.06361411540973987,0.0894780720955275,0.4,0.3,0.1,120,8.610248437371272,11.195192868411732
7,52,0.17369924535870016,0.4981859497461591,0.46097006967688325,0.6682595266703247,0.11608135229175313,0.21755720375923396,0.06361411540973987,0.0894780720955275,0.4,0.3,0.1,122,8.361562441383416,11.16395834782545
7,53,0.17845323171884156,0.5510848377506714,0.5232453327825756,0.7166978544722539,0.1287080946045173,0.23781287040965937,0.06732712652279166,0.07764615765916841,0.4,0.3,0.1,128,7.92004388612272,12.541117214177204
7,54,0.17848350601113783,0.5325701920917281,0.5030089517933044,0.7145690923760634,0.12346144967132514,0.23788446780761555,0.0673376226119679,0.07778460666254931,0.4,0.3,0.1,129,7.912285195519331,12.509878646177413
7,55,0.18644508796497478,0.7933403696970529,0.7795354954872462,1.0427883818260963,0.12580384873350284,0.23606754400354488,0.07272446863052835,0.09356774870041372,0.4,0.3,0.1,182,8.1765021250956,16.935510290901473
7,56,0.18644518536267965,0.8118502177510664,0.7997868781348333,1.0695601082544204,0.12560137890503884,0.23606755580344768,0.07272466352666627,0.09356766623740333,0.4,0.3,0.1,187,8.176502169076377,16.936000212830812
7,57,0.17756664235333453,0.7834380650662279,0.7702179771447729,1.0653101448993525,0.12714596325446942,0.2148347983932451,0.07421050108876445,0.09003394361524711,0.4,0.3,0.1,188,8.265940384080922,17.312428437068412
7,58,0.18476112588673282,0.8242735692031757,0.8164578535845088,1.0949822911454274,0.15918811382249465,0.2354188532046604,0.07455824819538055,0.09415997726469824,0.4,0.3,0.1,189,8.192031220334346,16.91942227877154
8,0,0.9307532021516927,0.7771193436326506,0.41646603523642295,0.014751640304616077,0.0,0.0,0.0,0.0,0.4,0.3,0.1,1,8.847191870224997,72.18961903689167
8,1,0.7170908348739705,0.7305112869175451,0.4135919817948976,0.07709075301673948,0.4194488313295099,0.16418353037259006,7.059034482758e-05,0.00014501282020574,0.4,0.3,0.1,3,5.776172613505169,51.69887511444086
8,2,0.5263390557986531,0.6466316212928727,0.376176990481525,0.08779904290511492,0.4399583910849493,0.19472802728224053,0.0005665532376882999,0.00116386289080382,0.4,0.3,0.1,5,4.925507939097502,26.74029181199421
8,3,0.5366872164086212,0.6473967908819884,0.3831690096575342,0.13296383622139513,0.18232848822561948,0.09906620900646176,0.00441171665267796,0.7696648727935569,0.4,0.3,0.1,7,4.493949362377395,81.45321796724829
8,4,0.43358699558088926,0.5565525953764515,0.3074661464144562,0.07931743815581288,0.3108987223901441,0.16155741118338726,0.0025949723325511,0.00556891286094376,0.4,0.3,0.1,8,4.435817963735976,89.00617646391981
8,5,0.4564182512184581,0.5843727934883269,0.3453487765929543,0.1351471059455045,0.2823971278267285,0.10291419578785854,0.00473638613935157,0.7703403628624423,0.4,0.3,0.1,9,4.604420789176709,90.76193766707752
8,6,0.3995839338952083,0.5284037952429284,0.29181065098509723,0.08738396829507039,0.10928511452575101,0.11268711903496324,0.0023562516913201497,0.2411284952848002,0.4,0.3,0.1,10,4.405882504835377,17.3874406706133
8,7,0.4134474178692874,0.5619973199573319,0.3316221137581946,0.13036230534070753,0.16884402046907176,0.10953596134749563,0.00276474988117047,0.5183114750779996,0.4,0.3,0.1,11,4.319299493485706,10.078087071729824
8,8,0.40722869071355405,0.5561795410520178,0.32777247576172597,0.13218113392971226,0.12754014464146196,0.10440400818626328,0.00265070738857533,0.5315495833500753,0.4,0.3,0.1,12,4.414280999850021,10.193017122595707
8,9,0.5509566310606823,0.7005664756220699,0.4770966546834794,0.29133427092770114,0.33269386936445544,0.32175806862570816,0.08025084463633556,1.0,0.4,0.3,0.1,13,6.188767972359083,16.284871870063444
8,10,0.5216362199778437,0.6713865776027118,0.45079887388728446,0.27198030103798543,0.27757176108719295,0.289353511644583,0.05086316301185377,1.0,0.4,0.3,0.1,14,5.052181641799001,11.4395830414828
8,11,0.36583158880961264,0.4972282767902956,0.27613002631165673,0.112728279176569,0.0854514222081841,0.19506417599469214,0.00107634159141522,0.00164425310996291,0.4,0.3,0.1,17,5.614286304741126,28.18565173043149
8,12,0.3626174515010937,0.49396721177646447,0.27364830920856614,0.11386179410087476,0.08961651725794992,0.19199580208315056,0.00100807645379757,0.00152946571634929,0.4,0.3,0.1,18,5.487778887172891,24.965225411702903
8,13,0.3562848934597752,0.5058970503740489,0.2903721029030479,0.11983259703272363,0.12723124733537047,0.1950641759946921,0.00107634159141522,0.00164425310996292,0.4,0.3,0.1,19,4.857486659945105,29.149137843191927
8,14,0.3509683350259025,0.4997013297385827,0.2905929004624785,0.1398667032834531,0.19259818974178386,0.21665955917936047,0.00442594485623474,0.00804474355715724,0.4,0.3,0.1,20,7.412035786077344,19.527805733851483
8,15,0.31083368773639986,0.49441166262715214,0.2968666225227238,0.13390735897677225,0.09338196240110257,0.16537616478871636,0.00236500411589675,0.00379187009675567,0.4,0.3,0.1,25,5.116050508351006,5.360056979898231
8,16,0.30899894952732676,0.4714073669068244,0.278828355869144,0.14852750136481752,0.18847669560113664,0.19679195026064197,0.00257528558997358,0.004814123796308261,0.4,0.3,0.1,26,5.24240949462327,15.463213691505135
8,17,0.30224719748218176,0.4973691241004164,0.31658897475768416,0.20426393277665758,0.15756078271893664,0.15812267929887744,0.053883987525645514,0.10855559011781532,0.4,0.3,0.1,28,7.3562151006448415,35.352773643025124
8,18,0.2752162278311761,0.4380372252294157,0.27463083448991105,0.20283826258500637,0.4080198536737469,0.17517401001117852,0.0555194193323852,0.11813991462286108,0.4,0.3,0.1,29,7.633262117380551,27.880883973192383
8,19,0.2794983743737371,0.42262511709780154,0.2588095882104077,0.17677575056834852,0.1263012251724616,0.16162220931109353,0.07571943049187548,0.1769409187133045,0.4,0.3,0.1,30,8.376385600389497,28.58695555984997
8,20,0.27202403445631207,0.4516764289410053,0.2919080530728601,0.21886223210969707,0.10767143025256867,0.17517401001117852,0.055519419332385155,0.11813991462286103,0.4,0.3,0.1,31,8.481014722853741,26.341083744148808
8,21,0.3154649346123765,0.4544993697185522,0.2952205026144921,0.22513736733585296,0.21285079458479572,0.18264902850809497,0.1367112409635076,0.34511077088758635,0.4,0.3,0.1,32,10.108201021705732,33.171160265755155
8,22,0.2065933834861544,0.3767055259942025,0.22704335748798685,0.22200332236427892,0.05944936635751679,0.11954532237560184,0.00458730363684843,0.00328833447716226,0.4,0.3,0.1,42,8.705089296636544,4.7210286149518135
8,23,0.21023154208711098,0.39833807013553313,0.2509228988364525,0.23742420696048602,0.05800921108178238,0.13038089155038513,0.004805790244309461,0.00350305158009541,0.4,0.3,0.1,44,8.874690343914228,4.488185294018888
8,24,0.20354269107790768,0.36053439400851084,0.22304120869027738,0.2518814453622319,0.25328514114067685,0.13938201323649252,0.01143516073429707,0.054209340869920485,0.4,0.3,0.1,45,8.97113044460126,12.500250450697848
8,25,0.19817738640754595,0.35512236854910667,0.21767414390464396,0.2499534245735079,0.060092731718703156,0.12635316337655578,0.0111333553168439,0.05426647277649112,0.4,0.3,0.1,46,8.285914891366385,23.041919124892217
8,26,0.20241591117341873,0.39159589369033543,0.2617179051801158,0.2647158685705,0.1353165357302471,0.1554879751287867,0.01389272817079576,0.02895824161102133,0.4,0.3,0.1,47,9.276854525024357,17.394043513802178
8,27,0.5323737846765971,0.718258960485061,0.5911144054144856,0.6084819568643406,0.44716994718650727,0.21008192823065502,1.0,0.18909046956407607,0.4,0.3,0.1,48,22.58509624070865,19.77016472332641
8,28,0.5323737839816011,0.7182589606442319,0.5911144055736565,0.6084819570204957,0.4029422735255187,0.21008192856231406,1.0,0.18909046982914884,0.4,0.3,0.1,49,22.585095901868662,19.77016491492792
8,29,0.5255068129461774,0.7262736812248529,0.603867875075297,0.6166356189120313,0.449546742304159,0.20390363963935096,1.0,0.1858305250859032,0.4,0.3,0.1,50,25.392010426564223,19.8510134326412
8,30,0.20151705974298348,0.4020460865630931,0.2798509157527377,0.3025697600770769,0.07683070774930932,0.15972554519202828,0.028686586395847508,0.039617237079070486,0.4,0.3,0.1,60,9.174601358608223,7.1351186846006165
8,31,0.19659441855458396,0.38987193171465345,0.27340088908983573,0.31238907774914093,0.1727130465281526,0.16585175793623905,0.02813150447186859,0.04204202306577362,0.4,0.3,0.1,61,9.01352611346889,5.0911773987694895
8,32,0.18714674586651536,0.3661756620275708,0.260247366644508,0.31629597532074843,0.16831822415555334,0.16968880557847582,0.03041876841391226,0.05362694781163067,0.4,0.3,0.1,63,8.798644784325313,4.761962126523092
8,33,0.17795456547324026,0.373055827670801,0.2704034478486479,0.3310622838896297,0.09577968893275574,0.1546052213004432,0.027815441248203086,0.04488383577661234,0.4,0.3,0.1,64,8.008299954507422,3.932572926048167
8,34,0.19133657549987848,0.4374311056456709,0.3431623658053382,0.3841142000138852,0.09893277130666328,0.1600907688722634,0.0438112624287158,0.14455035282988726,0.4,0.3,0.1,71,7.942317530423265,11.460937322111596
8,35,0.1620105113017158,0.4040451490539705,0.31256180294812586,0.36582798685947787,0.088001801625974,0.14021841950210262,0.019705743572160088,0.03403043364312458,0.4,0.3,0.1,73,5.021798754245427,5.069400178977641
8,36,0.15128308038073293,0.38996422042404744,0.3007376898108377,0.3609679242595064,0.0935063157864342,0.12444800246020064,0.01925260806540288,0.015622094673416558,0.4,0.3,0.1,74,4.908185168835637,5.303376834539502
8,37,0.15759362218893333,0.3860456811470499,0.3035623610018472,0.3808641778812037,0.12518014298661448,0.14846329910391626,0.02234141268946517,0.04428686871974595,0.4,0.3,0.1,76,4.283060656408,6.095968657692304
8,38,0.17025551706181646,0.37886405393392225,0.29549209895318124,0.4232440718249819,0.08554684889001513,0.1757921590494077,0.030917537025322038,0.04442612720846021,0.4,0.3,0.1,85,5.032662105457105,20.60295216763573
8,39,0.16182487644322846,0.3635104777626183,0.28454518502577847,0.4275653444426989,0.1512060231793626,0.16453304769348506,0.03013882006070896,0.05143461577346092,0.4,0.3,0.1,86,5.092354445143728,13.682089890668152
8,40,0.15941978561237788,0.3573516537693747,0.28073867222026705,0.43086296301221283,0.11793509227072439,0.16784935254060654,0.02717666005372572,0.045881162081894036,0.4,0.3,0.1,87,4.85173774707118,11.71421312849362
8,41,0.15940642522594223,0.3571410873746297,0.2806510211630675,0.4347595478820276,0.08197527413382484,0.1679759664631983,0.027265244096922298,0.046159500030006316,0.4,0.3,0.1,88,4.8519707709275846,14.496308858222449
8,42,0.1464374927959366,0.36124696730610456,0.28739029836946894,0.47320083326288215,0.07270558781354876,0.14015773572114815,0.02583651138263334,0.04058707587327271,0.4,0.3,0.1,91,4.816360707200926,9.18393099459838
8,43,0.157248340556709,0.3878698489990088,0.31742183293533194,0.4722422015183453,0.0937164670089885,0.16892546511288564,0.027026725768598707,0.04589282175415707,0.4,0.3,0.1,93,4.980988172230239,14.275994417601035
8,44,0.13850221315012443,0.34824646871568493,0.27751005668938233,0.48749383563460025,0.08637520226407142,0.12795747478160288,0.027490955151329172,0.03455151874894931,0.4,0.3,0.1,94,4.721625877756391,9.350879491301166
8,45,0.13819804959246274,0.36622226473507213,0.29736773077208545,0.5126074123291309,0.06384403313754691,0.12751171326063557,0.027502365908600012,0.03456776106628548,0.4,0.3,0.1,96,4.815767613368001,9.199610205324438
8,46,0.13835509226924483,0.4033701304410806,0.3380159525800004,0.5383397381841348,0.06294252645474317,0.1279574750317189,0.027490955089548408,0.034551518805587475,0.4,0.3,0.1,101,4.780328911225705,9.272694849228506
8,47,0.14760352396868884,0.4310612219524878,0.3674894892117435,0.5652339846607746,0.07279576905390193,0.15289025427489134,0.02046469355524308,0.04876494642711998,0.4,0.3,0.1,102,4.815845154168941,9.824968589787172
8,48,0.13783071928415513,0.4396941518466098,0.3779274575245658,0.5773257377294627,0.06281232202886455,0.12701289947147526,0.02733117086522056,0.034538775107929645,0.4,0.3,0.1,105,4.824915321583722,9.295150724026636
8,49,0.14296412289127697,0.4444386795088823,0.38290963086239255,0.6687996067585946,0.06793298500421241,0.12401341120893689,0.03305134833021655,0.08292489001019365,0.4,0.3,0.1,137,5.747479040691926,6.603977333010505
8,50,0.15753046295772724,0.4572153704692065,0.396777488014436,0.7085061640512701,0.1011061311337361,0.15408813403902694,0.0477745995410011,0.07424775502067095,0.4,0.3,0.1,138,5.68833336905895,8.536971764524823
8,51,0.14192747199908226,0.4584702499931742,0.4007736368724095,0.68418035144387,0.08480563957360394,0.12609793896985594,0.03526460930545431,0.07686481842506938,0.4,0.3,0.1,139,5.388915323920775,6.967743691759021
8,52,0.14192829101737697,0.45846883604185934,0.40077353529548654,0.7005577222960226,0.06871248454062327,0.12610266070581103,0.0352686246247259,0.07685434428233387,0.4,0.3,0.1,143,5.3881159679549,6.96861419934406
8,53,0.14601559589704918,0.49837361692773446,0.44488722059025293,0.7600699202551124,0.07541452246186264,0.13645814468648826,0.03595325295893118,0.08087540818417513,0.4,0.3,0.1,149,5.68664436753923,6.8030137821328855
8,54,0.14398520430220443,0.49152538087560066,0.4409267182745381,0.7726755119219564,0.12077516580735212,0.1374326021524026,0.03179145865797332,0.0951437620577323,0.4,0.3,0.1,150,5.535969209796694,7.626363454129812
9,0,0.5474622261445281,0.6109980704755504,0.3150289541627892,0.00384059142655284,0.0,0.0,0.0,0.0,0.4,0.3,0.1,1,27.83493636056901,80.49042239390235
9,1,0.4438037085154029,0.5630270118270418,0.3084710148497645,0.0592480917631857,0.39335411165012385,0.14588458275472446,6.0131661442e-05,0.00013851640021625,0.4,0.3,0.1,3,18.92277891030926,58.48030408132008
9,2,0.3883365406711651,0.5180112224031516,0.28439739864726526,0.06715344297815086,0.23654246291995082,0.16756469606083488,0.00024052664576801997,0.00055406560086498,0.4,0.3,0.1,5,12.460768301451218,40.68024421959059
9,3,0.3883270970691581,0.5365124012510109,0.30464330120840233,0.07417156148347517,0.06718036488703702,0.167564696060835,0.00024052664576801997,0.00055406560086499,0.4,0.3,0.1,7,12.496708870524646,40.770635390084266
9,4,0.3571149388238802,0.4883671520466788,0.26747925459707345,0.0850252203074326,0.2760063918548245,0.17466468962008327,0.00043808857043994,0.00195010154669717,0.4,0.3,0.1,8,7.791748804747873,15.721063173559251
9,5,0.35498781044019967,0.5047368097475962,0.2864702721557252,0.09167606959073618,0.07742740002043318,0.17487963670837656,0.00050126502920045,0.0020956317954224,0.4,0.3,0.1,10,7.156487576820763,13.868426005232076
9,6,0.336354035164794,0.46692775771531186,0.25411430999453816,0.09216821167169424,0.18587577483833645,0.1730067055869812,0.00031011420420362,0.00193711403533668,0.4,0.3,0.1,11,10.236465688787586,25.038859206515635
9,7,0.33583720105188464,0.4663968193999903,0.25370222264824493,0.09445591313598667,0.07122258101036652,0.17242965231161655,0.00030695919101518,0.00199994218407008,0.4,0.3,0.1,12,9.70464197587447,22.9844245935114
9,8,0.3248476191459655,0.47328297592766555,0.26565430028486325,0.09741023275058835,0.12001689793229045,0.1646111682287835,0.00036050100605531,0.00225412525467878,0.4,0.3,0.1,13,9.8486516578046,25.256184837158685
9,9,0.3050634324075315,0.43306490624000044,0.23043440672344884,0.09285249226860687,0.11624468484186874,0.15374037879203345,0.00029104291030908997,0.0019502796311055702,0.4,0.3,0.1,15,9.657805555041076,18.227860945332907
9,10,0.3113192061124571,0.43783662319022665,0.23915462654110872,0.1146826691379712,0.1405635224996393,0.19064635863798418,0.00044754010738378,0.00297804309897335,0.4,0.3,0.1,16,8.010891008576785,14.121250358298928
9,11,0.30524050940413316,0.42786580128590873,0.23736615449359968,0.1272103373177619,0.22009884110571584,0.21545674600392203,0.0032176789603592998,0.0058550528913608,0.4,0.3,0.1,17,8.710223776922664,14.941690564312449
9,12,0.2931873553459101,0.43294693112177596,0.24664653236118655,0.12502375051627324,0.12038699676738802,0.2000899163122472,0.00105745861569156,0.00263918207163527,0.4,0.3,0.1,18,9.461135268769372,17.71941525951394
9,13,0.27078428439707647,0.3875939138787122,0.2065790675505732,0.11237107433872053,0.18550242691654487,0.17717157749770823,0.0021999205273462103,0.0029203216373045,0.4,0.3,0.1,19,7.757785100079784,15.576111294036377
9,14,0.26963150605086206,0.3860637625755773,0.20559691251534007,0.11482689715910918,0.08055908270627203,0.17698436104018248,0.0022489394392152698,0.00229434746549278,0.4,0.3,0.1,20,7.288184563449474,15.892285638966785
9,15,0.2648584696043602,0.397233194658326,0.22210287692957162,0.13023295342331082,0.13185911497708225,0.18142061161327813,0.00225107445955227,0.0034672900932204904,0.4,0.3,0.1,21,8.041418084965503,15.594892405849397
9,16,0.26212230254039187,0.39342636024186994,0.2197218601792311,0.13276377878606857,0.09654022477509226,0.18117590269980952,0.00232333204415878,0.00277869022621847,0.4,0.3,0.1,22,7.531355558418452,16.122673796664454
9,17,0.25800417753057076,0.4068231228024531,0.23613545651166523,0.13647871135700687,0.09214797329350127,0.1765948193509582,0.0022950226001314097,0.00281303094171992,0.4,0.3,0.1,23,8.165560202525594,16.677122617731406
9,18,0.25608378117227204,0.404479381758871,0.23433115997017337,0.1384502109875891,0.07937187762946647,0.17430342320785155,0.00235120917651924,0.00222466373821442,0.4,0.3,0.1,24,7.957220212660147,16.53013066345582
9,19,0.2612588578907425,0.4827653519987903,0.3207621827219512,0.19922072272525787,0.08112088991803057,0.17591330288935852,0.01543859872819614,0.02927644582115193,0.4,0.3,0.1,30,9.850560216165954,15.562587258233847
9,20,0.24582533189246952,0.49155344677526286,0.34727063725792645,0.2219200106144009,0.20133623994149627,0.15755003934802295,0.06230260095689857,0.04547123959577419,0.4,0.3,0.1,32,7.872713888762772,13.15035047711081
9,21,0.2458253318924695,0.5100630986693383,0.36752185193917974,0.24253330502111836,0.08625861880169948,0.15755003934802295,0.06230260095689857,0.04547123959577417,0.4,0.3,0.1,34,7.872713888762772,13.15035047711081
9,22,0.22308608111590963,0.48448591124855095,0.3447692613206656,0.2272777849239189,0.09077864650505313,0.14441609470024988,0.019138392349835408,0.044268342805467584,0.4,0.3,0.1,36,11.75613300050471,27.61267712836313
9,23,0.19044114178498878,0.4086825716988729,0.3044796703975633,0.24348169102990608,0.2748408665922099,0.14730504935485322,0.06497337919911104,0.04923545763981626,0.4,0.3,0.1,39,7.171866142309403,11.42889942779136
9,24,0.18537328388975566,0.410358731955099,0.3161379690576104,0.26775179778633107,0.1210217980792542,0.15810507193169723,0.06509073189284917,0.04898672908560706,0.4,0.3,0.1,43,8.548619778290284,14.675488622385894
9,25,0.17833636368442854,0.4181133389093705,0.3281497961857004,0.26690312640743774,0.12395602409858633,0.14207168689776922,0.07104912765912036,0.052301609922688265,0.4,0.3,0.1,44,8.333880117650482,15.072461388762562
9,26,0.18234150729898504,0.4205136912184498,0.3316270898955156,0.2790461134088088,0.10596635968696021,0.1547803995524767,0.07101588519121257,0.05322744482228982,0.4,0.3,0.1,45,8.490990304552884,14.416828001992023
9,27,0.1823415218229432,0.42051378042739,0.33162722151956964,0.2790461367743118,0.08854008854028218,0.15478043509038128,0.07101589685421962,0.053227453683868,0.4,0.3,0.1,47,8.490991250111799,14.416832530389998
9,28,0.1757090393233355,0.4085132525368802,0.32318365958084627,0.2827407636764846,0.14321667527674534,0.15429684673688138,0.06255697176229738,0.05188474516087995,0.4,0.3,0.1,48,8.15766807240264,14.43755437496221
9,29,0.16037796086479722,0.41367332126963374,0.34238797474531835,0.3838289090985804,0.09098867489513097,0.125135211293045,0.0739407296794237,0.08702116940511082,0.4,0.3,0.1,65,7.704446178727066,28.486725372676396
9,30,0.16049388936184744,0.42729341360015444,0.3608457127625222,0.39897423149805417,0.13408425794966375,0.1326568580548081,0.07454703427330991,0.08573537515640686,0.4,0.3,0.1,66,8.024406811349717,27.467523380084103
9,31,0.1606676933466356,0.426956696398843,0.36082243672035336,0.3993895169169181,0.08615871548157235,0.13382342583262324,0.07458148835072125,0.08564725761796502,0.4,0.3,0.1,69,7.766704192185936,25.97026504066597
9,32,0.15238383047453372,0.4255487048926703,0.3681845624665999,0.4485717194135229,0.10155152884168127,0.1398929660529156,0.06213458346315313,0.08004315398609194,0.4,0.3,0.1,75,8.564771674591867,24.96079847394331
9,33,0.1523838304745336,0.4440583567867459,0.38843577714785354,0.4615105500294899,0.08260450131588874,0.13989296605291618,0.06213458346315322,0.08004315398609133,0.4,0.3,0.1,77,8.564771674591883,24.9607984739433
9,34,0.15312912742424772,0.42114247125056364,0.3668268685918508,0.46307482259207455,0.13534475955477765,0.13375609283780773,0.07665410189620517,0.09526140825080284,0.4,0.3,0.1,78,8.869965269447606,19.784882265807514
9,35,0.15323720458317616,0.458214254549801,0.4074143053880235,0.4893654560317344,0.08629351602483834,0.1341942732003204,0.07647360247827115,0.095414517828006,0.4,0.3,0.1,82,8.867059675633987,19.81733784451764
9,36,0.1491976934955212,0.4456170655626524,0.3998008315300922,0.5045686088431852,0.12666725303372872,0.1351685478357819,0.07559858055638327,0.09616090088572692,0.4,0.3,0.1,84,9.12903988657025,19.714212553763225
9,37,0.14221838341144924,0.43562681121531466,0.391542272016019,0.5026945891188527,0.10882743377615069,0.12071561462380384,0.07825481454039065,0.09057287746093981,0.4,0.3,0.1,85,8.894427215422422,20.37701374180744
9,38,0.15974377461535777,0.48443686643741934,0.4471099391614552,0.5356463488258225,0.1187550262851538,0.17811526603007252,0.07386697079800289,0.07614594979543379,0.4,0.3,0.1,88,8.505099250148838,25.96171848272024
9,39,0.15944120987546512,0.5019648453186342,0.4667616754363921,0.561008520236667,0.10407058967909506,0.17811526603007255,0.07386697079800289,0.07614594979543374,0.4,0.3,0.1,90,7.873536731711279,24.7953148211814
9,40,0.15680374501994285,0.49592420676040044,0.462639447281065,0.5676720789821436,0.11540751540691857,0.17557270902308778,0.07370972740452472,0.07564804964533249,0.4,0.3,0.1,92,9.04218754507374,28.179749325880408
9,41,0.15451454112034838,0.553341595597553,0.5349701900245967,0.6104353730341435,0.2321421606596418,0.1542707340189046,0.10146436683877372,0.11548564209453963,0.4,0.3,0.1,93,7.020676756486782,20.371001618211345
9,42,0.15394645710881918,0.5306082644853558,0.5241667287361963,0.6480305023264296,0.20824715258398516,0.1609651602904984,0.12307470658161268,0.10292613348528176,0.4,0.3,0.1,95,6.981858219520037,25.68641128681513
9,43,0.1539464791650013,0.5491178098254188,0.5444178650570419,0.6667047255453931,0.11160610928759632,0.1609651608665221,0.12307480561174229,0.10292618072504385,0.4,0.3,0.1,97,6.98186350643026,25.686411228365667
9,44,0.15604279667180462,0.569460038209479,0.5666345769234661,0.7049053091066374,0.11414459597703634,0.1515288955319394,0.1268743526897621,0.15101229726709148,0.4,0.3,0.1,102,8.23935058849116,18.60782306699143
9,45,0.15387356857418813,0.5645341769738778,0.5631629830606537,0.6982575522001778,0.12434770487808715,0.1550841783772164,0.12709364729353495,0.12422385743948454,0.4,0.3,0.1,104,6.939029895500651,22.76525525341006
9,46,0.1521002656703539,0.5807465669239436,0.5813925567476586,0.7072843281541477,0.11322420734549316,0.1511885467227522,0.12698880855709832,0.12422821702734219,0.4,0.3,0.1,106,7.462718127497476,24.911336215588623
9,47,0.1540591976211933,0.597995093168458,0.6020748693314658,0.7602345780380958,0.1175141433765061,0.1575437509399174,0.12147935539535618,0.1461841693653527,0.4,0.3,0.1,114,7.996607304947896,23.83467612983849
9,48,0.15405921717066318,0.6165047643081654,0.6223259902345191,0.787632750878366,0.11408011577359198,0.15754372625125287,0.12147942941233772,0.14618423852538703,0.4,0.3,0.1,116,7.996613925894304,23.83467642719086
9,49,0.1525905114220143,0.6313908230427241,0.6400795498809683,0.8162036995926453,0.1169789402380088,0.15337223335008127,0.1289076534563328,0.1332667009643078,0.4,0.3,0.1,121,7.848373027022902,20.629702882252197
9,50,0.15250728809488406,0.6407086647072477,0.6558649563097226,0.8206803103544178,0.15447603924622982,0.15545712500793832,0.12607351772844064,0.16288853235471315,0.4,0.3,0.1,123,8.65379527502297,23.91182946996408
9,51,0.15041247294648186,0.6383262900777311,0.65363095508466,0.8421541327015708,0.11489101945843459,0.15067743705248227,0.12495187836648976,0.16535709024138884,0.4,0.3,0.1,127,8.850168974041777,23.31575630224752
9,52,0.14252349610116385,0.7377198249884649,0.7654172124842287,0.9884349766964429,0.10928129939713292,0.14892921314020544,0.12108979226179022,0.1172107253627334,0.4,0.3,0.1,146,6.664269197939655,22.246934729016743
9,53,0.14146951278717823,0.7550290159742726,0.7845433523100014,1.0013462284334602,0.10685974441738148,0.14877366041312437,0.12053431422121515,0.10943367671924091,0.4,0.3,0.1,151,6.670269031384478,21.49588599852184
9,54,0.14359895030782927,0.7722193382182772,0.8052391779115671,1.017113191746051,0.1383206929029266,0.15852365940553545,0.11446877929083965,0.12073954280907943,0.4,0.3,0.1,152,6.479914656272703,23.863310371167056
9,55,0.14016397011287077,0.7869700925970671,0.8218969721383185,1.034507109480134,0.10778689697546145,0.1506010049250918,0.1161734211889864,0.11397649256096465,0.4,0.3,0.1,154,7.047366082032025,25.02314807466432
9,56,0.14035061190784573,0.8056490475346966,0.842326210915272,1.0597966307187838,0.10671741697614665,0.1519777132068036,0.11517848153751667,0.1133748688975325,0.4,0.3,0.1,158,6.985032223572863,26.00102812418307
9,57,0.1399199606686061,0.8033289517398782,0.8409699207430337,1.0641464278909578,0.12240326979080252,0.14400898420018782,0.11186915668297352,0.15673009997277024,0.4,0.3,0.1,159,6.829370785138806,21.576079936652818
9,58,0.14149703706184147,0.8233684622992653,0.8627749702463668,1.0918745755482506,0.10856079171750496,0.1464380012946682,0.11312613279148842,0.15915951620902097,0.4,0.3,0.1,162,6.859002415277891,21.06888266267385
9,59,0.14125533256684408,0.8410112893368229,0.8824777262519451,1.108379816079557,0.11360929004011575,0.15756368537554158,0.1101904261752126,0.12297214076776837,0.4,0.3,0.1,163,6.372531978887296,22.39093864213738
10,0,0.9642999563390569,0.7883762091831296,0.4233398056430878,0.015491088206490462,0.0,0.0,0.0,0.0,0.4,0.3,0.1,1,6.532475325129002,73.92979409179566
10,1,0.7103405660659943,0.7251632090301647,0.4087459516031236,0.07294691398612466,0.4549035324506559,0.15402823468489754,7.55197492163e-05,0.00016378047626569,0.4,0.3,0.1,3,5.334604364392133,53.16018849389082
10,2,0.5306479201812597,0.6283451833521535,0.3529815285332302,0.07730872847304603,0.40232512653606084,0.17527417391234554,0.0003020789968652,0.00065512190506279,0.4,0.3,0.1,5,5.416305272555218,37.99606309147622
10,3,0.5314157324841878,0.6493288267605059,0.37547013321423367,0.0962732674781991,0.07669615045827775,0.17940859233248638,0.00073777368095056,0.0014765173523953999,0.4,0.3,0.1,6,7.984120971128919,24.757393965391245
10,4,0.45687316872053,0.5753626224978524,0.3198485068952628,0.0770748331120231,0.3848026804944535,0.1701835979225386,0.00037288404653407003,0.00075599124442974,0.4,0.3,0.1,7,6.574530105844097,22.070978713186136
10,5,0.4112498185022895,0.5591208558324695,0.32608827976593413,0.12074353116872655,0.2545310502790614,0.21545135210170693,0.0008822542817191401,0.0032866068628225804,0.4,0.3,0.1,9,7.349541254892125,14.942759824494068
10,6,0.4008515763944663,0.549242951220945,0.3180785186246479,0.12738309220847685,0.09182246155837524,0.19698623221613468,0.00688077454333462,0.0083496915296576,0.4,0.3,0.1,12,7.164725316634096,21.146033160267123
10,7,0.3992972443807704,0.5663968078953161,0.3379568654525624,0.137120450892977,0.09859158824557766,0.19990787402548527,0.00688257287852141,0.008343806116329799,0.4,0.3,0.1,13,7.162357185924113,22.618202705532223
10,8,0.37068892586557156,0.5574091395541012,0.33895088404337337,0.13463912865673616,0.20982935167062683,0.1894607264959689,0.0017353297779796498,0.00222513765230028,0.4,0.3,0.1,14,7.741953560050703,14.888472734613933
10,9,0.37567270888908766,0.5621846256509304,0.35148524772330997,0.1601731769000332,0.22674580321480015,0.22104669376477193,0.03016310378774955,0.03761625973024308,0.4,0.3,0.1,15,8.491915539574896,15.869542440017511
10,10,0.3606804888281936,0.5286780954538163,0.3162792367968558,0.16086771202644984,0.0865094474770189,0.20812743783300833,0.00743794811436037,0.00857745649089894,0.4,0.3,0.1,19,5.950487829465197,7.270404724163616
10,11,0.3764781904498751,0.6185051496076239,0.4131617859274575,0.19042911855005143,0.10308222972695028,0.22211347194310718,0.03180599451953348,0.03971266648336595,0.4,0.3,0.1,21,8.538323752215613,15.43704301066784
10,12,0.3486795868109804,0.5529030427512057,0.3516784778406273,0.1822776068921645,0.22009825496363966,0.20888082832320287,0.02155159049344331,0.032807292399487945,0.4,0.3,0.1,22,7.771165058901881,18.177729450209707
10,13,0.3380088039970017,0.540368954385581,0.34383137201682157,0.1843933231545829,0.16499695062874054,0.20886370915659502,0.02077138868721343,0.030246409723871208,0.4,0.3,0.1,23,7.371850278892543,17.208302372187898
10,14,0.3288671363050451,0.5476476352832094,0.3583611005666569,0.1954831210260067,0.18464770984544307,0.20604086149676792,0.02719364112209367,0.05145838055520213,0.4,0.3,0.1,24,7.224966982951519,14.695841539467075
10,15,0.3242388827536151,0.5416411193749779,0.3554627193213385,0.20045535213088642,0.12286570365956823,0.21134328908807354,0.026937906006266783,0.05077246050884833,0.4,0.3,0.1,26,10.61015814106364,16.305354404684206
10,16,0.32272526369031707,0.558282605795827,0.3745731279516574,0.21681593655777343,0.10355106368035213,0.21134328908807354,0.026937906006266783,0.05077246050884833,0.4,0.3,0.1,28,10.291334738595705,15.242268501974024
10,17,0.320239580248421,0.5552936182131626,0.3726077948789844,0.2198617367236667,0.10561428635683268,0.21046042114340194,0.02691803788455867,0.05076411106039156,0.4,0.3,0.1,30,9.690415167063474,15.25813660737376
10,18,0.32192146039649544,0.5559598995921354,0.37524746691378413,0.23242433566851847,0.13499842549956692,0.21448412507661974,0.03529800111411332,0.06687092102180762,0.4,0.3,0.1,31,10.782096560458236,14.516694141539569
10,19,0.3130638341394317,0.5650214824875641,0.38714753639409594,0.22810432497969693,0.1141958143740859,0.20774001904001832,0.02735459496402336,0.05137116447511765,0.4,0.3,0.1,32,7.090128075202675,15.500577408263371
10,20,0.29605501004840595,0.5109889811301049,0.32981197845444227,0.22086313984500197,0.08355696188533285,0.1822280087724045,0.01459486665023892,0.02618704933038681,0.4,0.3,0.1,33,7.64629505152093,6.647550523506154
10,21,0.28261652316926106,0.5116748815496479,0.3393313306651967,0.24424371661832536,0.19423094418169065,0.1817865737931307,0.015811334059096148,0.02820247373816161,0.4,0.3,0.1,34,8.848219815098997,8.769610242348703
10,22,0.28048205385431657,0.4903038486249089,0.3173104375717286,0.2266793024982247,0.08904957291635757,0.18170956387334009,0.01575837631295044,0.02809006192965935,0.4,0.3,0.1,36,8.48121858352245,9.009175774423742
10,23,0.27399485335912427,0.49814872382933933,0.3327387540449595,0.24736036727598132,0.17910637367967047,0.1925856596254219,0.01683906299173361,0.02472666916370877,0.4,0.3,0.1,37,6.576670060185769,9.220521990799192
10,24,0.27299318757223245,0.4969620666957894,0.33179281893224966,0.25026395211848323,0.0878653266507811,0.19132933809597555,0.01665025607897731,0.02463571624769069,0.4,0.3,0.1,38,6.480663192208317,9.302610291545475
10,25,0.2607967009780821,0.47962743640083905,0.3208456643115838,0.26231285916348324,0.18639644634251298,0.1898769272090064,0.01511659578287165,0.02574386117671581,0.4,0.3,0.1,39,8.368376907221307,6.635832289423655
10,26,0.2607966986664923,0.4611177848608325,0.30059456300823156,0.24119849555045492,0.08306084934957822,0.1898769288383611,0.01511659405230456,0.02574386339168579,0.4,0.3,0.1,40,8.36837704533742,6.635832919265353
10,27,0.2601435369425389,0.46003908327445203,0.30001480445386,0.24820543631781955,0.08729321272122945,0.19001820878974576,0.015074159287336639,0.027333102244819257,0.4,0.3,0.1,42,8.582895014779918,7.906598036852909
10,28,0.25559652770040825,0.45419144403199724,0.295713922542724,0.25986032465304626,0.10675624875536807,0.18440636023003437,0.016089159480847708,0.027982156314310752,0.4,0.3,0.1,43,8.438683123748165,7.050879952574153
10,29,0.25732944373455396,0.4797459800113051,0.33845267617239466,0.3107346634818461,0.32644259263192893,0.1999748892920551,0.057890605932473325,0.07753033458509184,0.4,0.3,0.1,44,6.728062770269534,9.283231613956245
10,30,0.2564284119709047,0.4760411737445553,0.33739163586489634,0.3170139563763622,0.1509378064412901,0.20756568472102557,0.057203092059421944,0.08007756332532578,0.4,0.3,0.1,45,6.8138533859613775,7.458787353876128
10,31,0.2564284068036942,0.457531520364399,0.31714041969756207,0.29876603921215344,0.10819528510851963,0.20756568509483744,0.05720308502840461,0.08007756806231994,0.4,0.3,0.1,46,6.813853463381241,7.458787370376167
10,32,0.2537993375209526,0.47206876007680965,0.3346580843985709,0.308725323917319,0.1174086609331309,0.20038133087870635,0.05930029730799815,0.0946155148130978,0.4,0.3,0.1,48,6.953862418943902,11.49117890688938
10,33,0.7398895505842024,1.0289183256393177,0.9014395044303432,0.8508200804675218,0.6021947813102234,0.9934203947222674,0.5735422524416735,0.2840128350344321,0.4,0.3,0.1,59,11.85746165467869,23.24904802588636
10,34,0.23421364795221716,0.5563255716837431,0.4357770366846031,0.3919748763799159,0.11565873743981488,0.20312362716860474,0.042150923479315774,0.03178535026282208,0.4,0.3,0.1,62,9.90286696985785,18.76750613897975
10,35,0.2109349414518268,0.5294162285100817,0.4119520070819127,0.3758465795097452,0.10303235330278314,0.1746048960177717,0.0192428023045782,0.02470289137989362,0.4,0.3,0.1,64,9.303426952629406,17.370904509036183
10,36,0.2238166668839558,0.5367912902363816,0.42385105807000834,0.4104202128789269,0.17026376045027203,0.20319085419039035,0.04207590665796357,0.03179418478261774,0.4,0.3,0.1,65,10.000640956561606,18.549918827577027
10,37,0.7109956346639198,1.0220602077327046,0.9106498549148646,0.9228405806800125,0.5904013398478768,0.9626609908202847,0.5832884921228277,0.26225598431038,0.4,0.3,0.1,71,11.645036937270474,18.045851056797733
10,38,0.6451535476305046,0.9464425381856764,0.8425883021075083,0.8737012732400882,0.6522962224986141,0.8634124178804127,0.5442632917194832,0.21420453494959282,0.4,0.3,0.1,72,12.505017438593915,17.79517533385484
10,39,0.6942360891241643,0.9929224036976967,0.8910112456707584,0.9243240842428393,0.6129735241557097,0.9523414270830244,0.5809449061953814,0.263144315521728,0.4,0.3,0.1,73,11.945882341852894,18.380925320257944
10,40,0.21412424826516102,0.48970530377317373,0.3894202369107295,0.400733814944518,0.11152803613818621,0.20919067707068442,0.05331177409978559,0.058058026456114506,0.4,0.3,0.1,82,9.52345941126463,13.657925246888334
10,41,0.4458481817261294,0.7923278222499258,0.7012671341538067,0.7969136984974606,0.34716641409089394,0.5196936076426483,0.10660695169443032,1.0,0.4,0.3,0.1,87,554.492825926575,150399014.8727459
10,42,0.44664374224626946,0.7930043609229392,0.7020286410837634,0.801887653338369,0.34212822002607757,0.520141837051159,0.10899147583095341,1.0,0.4,0.3,0.1,88,556.1017501005124,150398935.52973205
10,43,0.4414021020828369,0.7861566413494087,0.6963227779128108,0.7936864265723664,0.3553119606153382,0.5087746506797144,0.11109753412394363,1.0,0.4,0.3,0.1,89,555.3595980687805,150399011.19627067
10,44,0.5393209127994503,0.9019801550564617,0.8143157576908281,0.9010256408370658,0.44217474026785863,0.7288467043015757,0.14571131971029724,1.0,0.4,0.3,0.1,90,1384.050993559519,1111268203.9127276
10,45,0.44089836542448746,0.7815781177766475,0.694605570554054,0.816444647033919,0.3592924745578797,0.5064080575324826,0.12348541084759843,1.0,0.4,0.3,0.1,92,579.4571005418463,150390711.21529537
10,46,0.472990934185858,0.8299158190647269,0.7462602391472428,0.8551314509291862,0.3991136412224977,0.5787125542460095,0.13999345321987647,1.0,0.4,0.3,0.1,93,853.3907839434681,353195825.1912979
10,47,0.4718367588780884,0.8271233176245584,0.7445868879121627,0.8674222153834957,0.39153312272711394,0.5789167738661122,0.13999418999289054,1.0,0.4,0.3,0.1,94,854.6584318399916,353196938.67245734
10,48,0.5283296004156814,0.8997032065810917,0.8205589751617666,0.9262984357235609,0.4585654227987832,0.700572386422457,0.17215175295295848,1.0,0.4,0.3,0.1,95,1302.1555124890024,706365521.2371538
10,49,0.5254691547666618,0.8950773783600475,0.8171267238677975,0.9287114146722676,0.44962145486301075,0.6955571299610448,0.1736366510894083,1.0,0.4,0.3,0.1,96,1300.5549189017936,706365592.7684273
10,50,0.5404060812837223,0.8904744093256083,0.8114751042607597,0.8726563224903179,0.45160423514897985,0.7515466923195655,0.15127087852387425,1.0,0.4,0.3,0.1,98,1100.0564995050022,970313372.190916
10,51,0.5367228214162917,0.8837721523808602,0.806788630284035,0.8748878728548412,0.477101074887303,0.7466115520569223,0.15276650912702813,1.0,0.4,0.3,0.1,99,1098.5965054073206,970313456.1941084
10,52,0.48755224621291804,0.8324915485562598,0.7569026284526561,0.9018629674818034,0.4193171853820601,0.6362931328043705,0.14086091083366542,1.0,0.4,0.3,0.1,100,889.0415580110384,522325583.3334241
10,53,0.47544476351604825,0.8378295588284456,0.7646819438119239,0.9163880549421299,0.3910617284597332,0.599444377047608,0.15207779214027023,1.0,0.4,0.3,0.1,102,867.9761085910332,261627824.1654514
10,54,0.47054922269349697,0.8510112889288961,0.7798889296250184,0.844374482298337,0.38131268127571183,0.6050344330416804,0.12929429083857488,1.0,0.4,0.3,0.1,111,1496.009825638877,393151045.70022416
10,55,0.5868700510644039,0.9643504950513763,0.895172794386485,0.9629502881601194,0.5096247236203888,0.8942547861042737,0.13811168935418927,1.0,0.4,0.3,0.1,114,1552.6010546999291,827622977.0704794
10,56,0.4209709836498309,0.8137567873116205,0.7483879974874815,0.9466203214110311,0.34350612441184225,0.4776146419830898,0.14765232671606354,1.0,0.4,0.3,0.1,118,1470.894316585851,77959281.11296892
10,57,0.4657699572247036,0.8914932375819512,0.8322129403649017,1.034809615472954,0.3970717511797691,0.5934095774375879,0.15128795985231197,1.0,0.4,0.3,0.1,121,1615.110291222721,288245937.422568
10,58,0.42035925177247246,0.8460333152384707,0.7867828648080073,1.0108547160311996,0.3375168995602317,0.4780469471301551,0.15382756470720343,1.0,0.4,0.3,0.1,124,663.5505330145634,501458579.4589626
10,59,0.5824764848236644,1.0070848857911592,0.9485084234361357,1.1718032205746918,0.5110414088604931,0.9010627527234699,0.13241426211537027,1.0,0.4,0.3,0.1,125,779.9860037581655,443633445.85553616
10,60,0.55261954076419,1.045024832575251,0.9973210843442353,1.1663503926293488,0.5372817686343948,0.835444426334267,0.13302031416264376,1.0,0.4,0.3,0.1,126,612.7206919460898,241563374.0737312
10,61,0.5628064510402572,1.0507549459075503,1.0057984467257741,1.1871740469282863,0.5090905429312962,0.8668136102439182,0.1338132299756995,1.0,0.4,0.3,0.1,128,715.9695519577187,80512901.62138441
10,62,0.40133130134990136,0.7966384617566077,0.743031471829306,1.0319488799168042,0.32563214006282515,0.4384882792807124,0.16684106393176354,1.0,0.4,0.3,0.1,133,484.523976150871,269691549.98900944
10,63,0.5610318436731557,1.0668227179648682,1.0240162103160917,1.2325979997378653,0.4861876010567302,0.8638502336930792,0.13312181371761908,1.0,0.4,0.3,0.1,141,722.0336256547092,467775263.5111547
10,64,0.5600650331050377,1.0464181397166232,1.0024369333005005,1.3645738339424769,0.485451161605981,0.8562300123745893,0.14181815412388882,1.0,0.4,0.3,0.1,163,488.0816628962938,785980428.5223073
10,65,0.37026195481064506,0.8555021450420985,0.8121988215341848,1.2173662248692896,0.2979214511202475,0.37961329437803637,0.14672355774603435,1.0,0.4,0.3,0.1,169,893.2581442552124,930344192.5050228
10,66,0.42155854377812363,0.9048817920616301,0.8627416482953806,1.309048942923101,0.35172818121167837,0.4951192778929483,0.1672714092405524,1.0,0.4,0.3,0.1,174,1127.727541034888,119124220.22700094
11,0,0.998769322197255,0.7995595004489655,0.4301685360525963,0.01622580240691394,0.0,0.0,0.0,0.0,0.4,0.3,0.1,1,4.987857957688997,73.60173049102234
11,1,0.7413609339591835,0.7428940724783135,0.4218608439393648,0.07960182722120912,0.45866505516921424,0.16870675386899234,7.656300940438e-05,0.00020881883051378,0.4,0.3,0.1,3,4.216158932331417,52.87571067302967
11,2,0.5542413277792766,0.6459899431264862,0.3663647252687702,0.08472800449417998,0.41189309905315075,0.19197737985060734,0.00030625203761755,0.0008352753220551301,0.4,0.3,0.1,5,4.916494269635278,36.67182750996802
11,3,0.48962470282439685,0.6030878927241561,0.3416943608654364,0.0882439182108608,0.22835224128348228,0.2012296055412158,0.00068906708463949,0.0018793694746240398,0.4,0.3,0.1,7,7.079611308143328,25.295232225516603
11,4,0.4320661335384254,0.555136226672684,0.30622010930916094,0.08454023981519848,0.26682457280945193,0.1612259276846826,0.00089879734432316,0.0021931888046786098,0.4,0.3,0.1,8,4.126632743769712,15.206981426121878
11,5,0.39441533084670194,0.542334938339827,0.3094769274019094,0.09426286765213024,0.18623680172448798,0.1744339593551561,0.00120222212181718,0.0030207530250262,0.4,0.3,0.1,10,5.408580560297432,10.308239207679769
11,6,0.3877871863759718,0.5172581536193723,0.2828794607355843,0.09075285960023305,0.06800586058769964,0.15980535000585727,0.00101407849515962,0.00209676095701061,0.4,0.3,0.1,11,5.305803987806728,10.416228915724751
11,7,0.3918013352478756,0.5225127229529833,0.2939770374173661,0.1102866953446301,0.13196693914785354,0.203945078305074,0.00493373614502538,0.0163864531579585,0.4,0.3,0.1,13,6.551891661960019,17.62890591483881
11,8,0.3883894722055922,0.5193729263726464,0.292305648544694,0.1154170925006445,0.0974291037272107,0.20441633181284993,0.00625752485644068,0.01684139937425861,0.4,0.3,0.1,15,5.586719875562855,15.750449012234188
11,9,0.37785225254313903,0.5091570403886262,0.28615437862451976,0.12008122165249868,0.15136300207447753,0.20600527672329197,0.00498921606458259,0.016521027825322478,0.4,0.3,0.1,16,7.24235452071883,11.849531356768631
11,10,0.37045393377771146,0.5202049041324401,0.3018492070438877,0.14072946136613237,0.10878900814429206,0.20600527672329189,0.00498921606458259,0.01652102782532251,0.4,0.3,0.1,18,6.451909278059259,12.720817000639002
11,11,0.3570726341837281,0.5065516849755205,0.292496753868839,0.14322644890888697,0.11772963122177071,0.19927269324025715,0.0050554657078978,0.01717222738344156,0.4,0.3,0.1,20,6.473368079493288,15.806928906194068
11,12,0.34577191352232317,0.512957486006154,0.30587477826070475,0.14950422646067366,0.12658023680653294,0.20761116247226089,0.00107322201292574,0.00905965979129406,0.4,0.3,0.1,22,6.481469032662257,15.626055364163514
11,13,0.32254967492402165,0.48727796303737425,0.28896728801576754,0.14487349925944923,0.22302697202102117,0.1929605890220129,0.006439545115025,0.02005334391656049,0.4,0.3,0.1,23,6.923089564062489,16.376922543495784
11,14,0.3092772703208213,0.4717663224148792,0.279009782677714,0.16956521570261854,0.1248007530340345,0.19150590046743488,0.00510361337494726,0.01740439583046935,0.4,0.3,0.1,25,6.393659781704457,21.145320120842356
11,15,0.30982251919882126,0.4719646657271144,0.2799682534792875,0.17756233009080166,0.09431591845168438,0.19675435972162,0.00509104671276392,0.01795359040466395,0.4,0.3,0.1,26,6.6292993532916284,20.558801031185585
11,16,0.30441142122256387,0.4663216679951511,0.2748301823082769,0.17363060918044923,0.07972623624905568,0.18554366421479912,0.00570564704376789,0.017489179178766058,0.4,0.3,0.1,30,6.821511712547202,18.55317208235205
11,17,0.30342962074574,0.4834090620730297,0.2945753733454539,0.18397326342936296,0.0860078643125124,0.18667705759424677,0.00657842369801216,0.01964575905292089,0.4,0.3,0.1,32,6.450152556248552,18.77224129711152
11,18,0.30195168730495386,0.4632386509472335,0.27304168510945265,0.16397198719310987,0.08405025662151483,0.1860795798889625,0.00560017843282417,0.01807716083924067,0.4,0.3,0.1,33,7.175596526097732,18.63929920481813
11,19,0.27559387264107604,0.4865345117158235,0.3118516148831444,0.18168593737568023,0.23856144884931027,0.16402862293986692,0.018254108708755427,0.01024278971232793,0.4,0.3,0.1,34,7.011172660083071,24.620921902255663
11,20,0.2905282074299447,0.4969927479018716,0.3287404529623425,0.21454624437835737,0.15107948075692051,0.16795392806424272,0.07221358265242231,0.10239647739221829,0.4,0.3,0.1,36,4.784857434721554,19.65483881094069
11,21,0.28779477422906385,0.4921145215664627,0.3266787231351902,0.2294029082371555,0.12422232667953223,0.17178987374100738,0.07665797322966346,0.09727024297233412,0.4,0.3,0.1,38,4.222802789487597,19.65483881094069
11,22,0.284954030051488,0.4877755209798776,0.3242273687504127,0.23992825375900775,0.132501823583763,0.17287736258541883,0.0768729694605923,0.09736382696181088,0.4,0.3,0.1,39,4.464305015492599,20.579097591864613
11,23,0.2668092043618497,0.5215956621457387,0.36754691325412486,0.2524671780383661,0.10854411505694939,0.15348893137885297,0.06964840328744466,0.08929260148976056,0.4,0.3,0.1,43,4.274465359584809,22.451125115121872
11,24,0.23712093203528758,0.47276420706439387,0.3381322960795547,0.26095843487027726,0.40629042609756333,0.15516288026133326,0.06762322365642955,0.09901915865036186,0.4,0.3,0.1,44,3.9217679503774767,22.03912991464552
11,25,0.24801008937662702,0.5019007849253837,0.3692483363951322,0.3009567412049982,0.1044451521779512,0.18424374879240538,0.0706880968523779,0.08588080310359344,0.4,0.3,0.1,48,4.148092590061627,22.676793441478097
11,26,0.24795865090559255,0.5018281616155887,0.3691949336314463,0.29728802814306865,0.1037790780563588,0.1842311751788484,0.07068139832156264,0.08571780890722408,0.4,0.3,0.1,49,4.148922735978802,22.684348516303164
11,27,0.24245350116209338,0.5139296161088471,0.3838528328558903,0.3071885067707521,0.11241111531796473,0.2005703984235218,0.04111272152532311,0.06591339646299488,0.4,0.3,0.1,50,4.9494674658887465,21.015805412806014
11,28,0.23500621567215954,0.46824988122456085,0.3359061144290829,0.25480964717627663,0.11494957031791311,0.15110389562767698,0.07687315135097916,0.10112404338644568,0.4,0.3,0.1,51,4.416321101524741,19.2004878944456
11,29,0.22401738475759206,0.47257328159511824,0.34464199485044666,0.29761991807147503,0.12781300638935778,0.1487405885119504,0.06187711246941352,0.08229924325053176,0.4,0.3,0.1,52,3.418926040833264,20.84898196752572
11,30,0.25277355205453195,0.48673480909015143,0.3708845032216399,0.30793244248673746,0.32862275101995797,0.20110698529100612,0.10609076436423584,0.19207115739478114,0.4,0.3,0.1,53,5.0277396988474985,30.842555610707155
11,31,0.24953097931571355,0.47700723308413095,0.366050198667368,0.31357266036780207,0.21223060544056122,0.2047336580367011,0.11190550333633964,0.18851247439046184,0.4,0.3,0.1,54,5.7848775532472745,23.437033929392936
11,32,0.23860584621045708,0.4533356333178836,0.3516606950337715,0.3121723601360793,0.28459246717450026,0.2049205404304619,0.11244911611612289,0.18780020323340946,0.4,0.3,0.1,55,5.766802926826413,23.56656775560492
11,33,0.2213971159913342,0.4321783461404858,0.3332473123469625,0.29758500744175104,0.1643084667388209,0.19831942594097882,0.0755357260636694,0.18384087278015634,0.4,0.3,0.1,56,5.8005323079894335,23.433198043431407
11,34,0.23440446908478885,0.49630374716794995,0.4056341577038612,0.34204325679853226,0.15314447889825364,0.2157132650469136,0.12071268882348969,0.1426948841234602,0.4,0.3,0.1,59,5.799669004861401,24.545984201521037
11,35,0.23195535329868316,0.4912194123334362,0.40233834663194706,0.375314209802124,0.1435001715188241,0.20620501344240563,0.12204130286212216,0.17182967144389114,0.4,0.3,0.1,63,5.941760518637177,29.58440550068479
11,36,0.22792682662735106,0.4599697163336243,0.37516496197620713,0.39126260486755493,0.1542627701696031,0.1784934236389834,0.16899451430647536,0.16382753398136607,0.4,0.3,0.1,69,4.721613506813691,24.8221935131908
11,37,0.22439715993680442,0.4681440863227089,0.3894596856327137,0.40322747967315475,0.174504427691541,0.1782692147808795,0.17294089180818734,0.16199304202427556,0.4,0.3,0.1,71,4.636961351806013,26.32250465039688
11,38,0.20223635978424317,0.46916842961263283,0.40263937329007277,0.39992279537458647,0.26601089003109646,0.18133863388486285,0.13067235819146608,0.13929173605266557,0.4,0.3,0.1,72,5.734760443127902,30.16885722270415
11,39,0.1939354191060414,0.4561986621819519,0.3925205497000677,0.39775515807932504,0.16606186592459646,0.15634896694059716,0.13751695773260986,0.16223664151487985,0.4,0.3,0.1,73,7.0475130162251975,31.76060018210526
11,40,0.182510832413015,0.41688353871770145,0.35711142007821933,0.39071723243085793,0.20580810649663484,0.14079920229891835,0.13611004870733462,0.16564049223515742,0.4,0.3,0.1,74,6.414951395903316,25.7869674663495
11,41,0.20979045371752544,0.5729622019135828,0.5258149372918539,0.5226013706133835,0.14164860426442125,0.20634050730731887,0.1447050017049963,0.15395759010005466,0.4,0.3,0.1,95,6.039487142623467,30.500397380495237
11,42,0.23514286456969344,0.48112485405496064,0.42713018224966226,0.6017616279257144,0.19912814421414263,0.21581594020467837,0.2021335817327648,0.2284717625043195,0.4,0.3,0.1,97,5.918409137365218,16.074075891628127
11,43,0.2505764985195691,0.5279028325187088,0.4806827072561502,0.6893721676331039,0.19105258659430452,0.20271405332346773,0.26309145965273445,0.2801223564263793,0.4,0.3,0.1,115,6.233987535265104,29.289271112194186
11,44,0.2102198399547587,0.5593911992008563,0.5203986532167459,0.7344834646888129,0.15139939721876397,0.21141765743095112,0.1539714938798596,0.17956635710412705,0.4,0.3,0.1,122,5.351124393106874,27.08497137724451
11,45,0.20728500064376243,0.5880448440414132,0.5556318732974384,0.7452390390818013,0.17331980910659078,0.2036499843231068,0.1651381263776393,0.17300857435110484,0.4,0.3,0.1,124,5.344751115965019,34.146998794659616
11,46,0.21740228613635884,0.5955931597594751,0.5646330029211671,0.7413124997049257,0.16545036051858,0.23195393529350192,0.16305371040500372,0.17883952849372634,0.4,0.3,0.1,128,5.573469730414473,18.371203372818893
11,47,0.2173362903047005,0.6139064347816763,0.5847613217197088,0.7536978947056332,0.1599709118872591,0.23194001230695463,0.1631042606900543,0.17866858408504158,0.4,0.3,0.1,131,5.57239531318171,18.4371794520391
11,48,0.2169335518856926,0.5935518302543747,0.5634777784914341,0.7579378765915425,0.17294915366475136,0.2314664193647772,0.1642120889083743,0.17965905769692997,0.4,0.3,0.1,132,5.513741891948654,30.39474746887143
11,49,0.2093939288893958,0.6228383334932339,0.5963563517183603,0.8380601844097604,0.15248388198787097,0.20213375537856393,0.1790123132775206,0.17805996464150137,0.4,0.3,0.1,145,5.132711361382499,27.011629984523854
11,50,0.2112481781366083,0.5301751585254721,0.49609069778432235,0.7382270266204566,0.1641723888750845,0.2201839540617757,0.15792081240828543,0.1963649858435367,0.4,0.3,0.1,147,6.22562880464277,14.405454149247484
11,51,0.20008312614914628,0.6460322990591006,0.6255812894704266,0.9459603465669569,0.14761273272265307,0.18142360992630543,0.16649147130861822,0.2256477321489902,0.4,0.3,0.1,156,6.322766866328275,22.18838369400936
11,52,0.20785201243879153,0.634467514117195,0.6127142193937845,0.9186627289479533,0.15697259701064908,0.2172673005045403,0.16343389685036364,0.17217481159496106,0.4,0.3,0.1,158,5.562948183055712,18.74853409458036
11,53,0.20864904854527208,0.652522509585906,0.6332068932054665,0.931237492362793,0.16568719459069023,0.2202086048472443,0.1644377704557765,0.17072953667035967,0.4,0.3,0.1,159,6.1470215251581175,26.522071712056064
11,54,0.2056360882440819,0.645811470388701,0.6285437134270689,0.9265104779868698,0.186248688451047,0.21643142597949827,0.1648917516056552,0.16996023284491713,0.4,0.3,0.1,160,5.704712578705857,18.60547914240272
12,0,0.9390492818260251,0.7799388909785147,0.41818772727326675,0.014936837162537166,0.0,0.0,0.0,0.0,0.4,0.3,0.1,1,7.849576809535999,77.45147867620265
12,1,0.7068817767075202,0.7210282299858313,0.40436847234554707,0.06823032359122295,0.42161138439162793,0.14214127634577478,7.576752351097e-05,0.00013339109765937,0.4,0.3,0.1,3,5.184735081686418,55.23371138798873
12,2,0.5510326252654937,0.658119074786143,0.3780955642251768,0.07632722729739767,0.3473878607181782,0.16234515265777796,0.0003199164501231,0.00056322292802711,0.4,0.3,0.1,5,4.400365657462251,39.99616287373794
12,3,0.5153096890073535,0.6358880966323244,0.36568034078180195,0.08155386998428349,0.14740891971766446,0.1693748059858785,0.00066807919509302,0.00117617434261196,0.4,0.3,0.1,7,4.640048886343632,27.85133199595132
12,4,0.4414156107079594,0.5829911074085146,0.33580515026990965,0.09691688766537322,0.44673005612351746,0.18390394020455608,0.00127072650922855,0.00352673172793229,0.4,0.3,0.1,8,3.9306491615765777,10.115252203418668
12,5,0.4277341081675675,0.5883677257961017,0.34383987599586024,0.09399417906440213,0.07092422878559944,0.1577769256714821,0.00075235895313723,0.0018005042008515202,0.4,0.3,0.1,10,5.060876252234371,15.735199624275424
12,6,0.4055082614706092,0.5512886055704045,0.3122853086676734,0.09100032055938082,0.18115542562116352,0.1566739690711921,0.00141270748373568,0.00514273503559653,0.4,0.3,0.1,11,5.588488603435474,13.612305799595733
12,7,0.3944718743410836,0.5439929939525587,0.31961659140530924,0.1188028575998218,0.3305010497865968,0.19722313099035885,0.02661128709689368,0.07004108763697289,0.4,0.3,0.1,12,6.962919214349907,15.09177435135257
12,8,0.39338616282342004,0.5614538239425104,0.33922730002913504,0.13542555408824947,0.09717387972427417,0.19722313099035885,0.02661128709689369,0.07004108763697289,0.4,0.3,0.1,14,6.9308321156679416,14.331607878982766
12,9,0.37286556225033296,0.5411365400966919,0.32381480309645017,0.12687688814574147,0.12582701028227805,0.17390615213353436,0.04117005456228348,0.04242157943371857,0.4,0.3,0.1,16,8.674591721965626,29.96185954453132
12,10,0.37270945459350374,0.5594898714767224,0.34394280377866776,0.13464090377008994,0.08626424850358029,0.1739044828400451,0.04099426824037278,0.04224677592642357,0.4,0.3,0.1,19,8.652020255813587,30.158058299889092
12,11,0.371570395554994,0.5397694550519665,0.3248466127913916,0.13209954197412566,0.12923713308607054,0.186938355124966,0.03867983140871669,0.04570434204224769,0.4,0.3,0.1,20,8.160491424004325,35.636132197168045
12,12,0.35508339865253924,0.5230911164637448,0.3105926553280562,0.1320666993958516,0.1001076988376354,0.15689798584299666,0.04372832811761691,0.046199711106289496,0.4,0.3,0.1,22,8.911869083531988,39.18037276426813
12,13,0.35939242677964456,0.5265397064551999,0.31964499833547316,0.15722569380307563,0.18897075748326403,0.20248942958509197,0.04275330860295035,0.04515958457793494,0.4,0.3,0.1,23,8.577014767704643,35.529521525742794
12,14,0.29662218762081216,0.45771157281871266,0.2679765766093538,0.15365282227364221,0.16619347489804945,0.11887520194232624,0.05738885760587163,0.08812294287279748,0.4,0.3,0.1,26,7.475588617744935,60.07742408840715
12,15,0.29011686322965263,0.4502255968259892,0.2623855851368874,0.15383027052489806,0.08625487215049471,0.11212299991469798,0.05753468007437672,0.08849946459307592,0.4,0.3,0.1,28,7.510374857300991,60.91743955901632
12,16,0.2871201726799389,0.461546197085447,0.28259385546491006,0.1890288847213128,0.19752337785473628,0.14657267277260272,0.0530473778118979,0.07579975681911225,0.4,0.3,0.1,29,8.230222121089785,8.170821481062399
12,17,0.27164536878399603,0.45690415566162745,0.29042787743578463,0.2112847383467882,0.17337384875119635,0.1398671175630123,0.06467766442155978,0.11190027721036704,0.4,0.3,0.1,31,12.34970674138465,4.713767748096585
12,18,0.260393165071685,0.4393047426208346,0.2803718522259164,0.21507759995816245,0.11881722722506544,0.15890462865587981,0.05661704157326256,0.07766428748777268,0.4,0.3,0.1,35,8.20251171407757,5.165439202961417
12,19,0.2598443820485152,0.4570698786259844,0.30009762522413075,0.22505319966359802,0.08990437069373686,0.1584437977578799,0.05661746363226848,0.07769011304976814,0.4,0.3,0.1,37,8.243039298353818,5.371596732043018
12,20,0.2598598230193164,0.45702150278550113,0.30012985698981076,0.24237479795170982,0.08966942318446113,0.15877076241886975,0.056729029057095745,0.07763404735197596,0.4,0.3,0.1,38,7.890001166341227,5.438697733730493
12,21,0.25592301010922786,0.4295181421827033,0.27632224997480015,0.24274153543086469,0.18120008499069856,0.16960273263107362,0.057492379007742934,0.08171906772941831,0.4,0.3,0.1,39,8.030250705506536,9.281122535696754
12,22,0.26882872412948255,0.44191553039263015,0.289240398442731,0.26312609975993,0.1154424152528761,0.19278142093571346,0.0680479653476944,0.0946833166937434,0.4,0.3,0.1,40,6.2223742635831005,3.4510725756722747
12,23,0.22040751073992176,0.37449433547283173,0.23950856615449237,0.24152508050976731,0.3711326841853775,0.14266738091561307,0.0622010515497627,0.09276476359306653,0.4,0.3,0.1,41,11.592629946467127,4.701881996143444
12,24,0.21997527395662103,0.3703395860822845,0.2384767407134693,0.25497023954957015,0.13934197259610465,0.13487676691524345,0.07407800043785566,0.12695191015822568,0.4,0.3,0.1,42,12.224208602071814,4.248404250229972
12,25,0.21364319005727483,0.3792493457284546,0.2518284744028528,0.26632784394893766,0.10822422108672208,0.1326872425193789,0.06766619198186767,0.12830121825860236,0.4,0.3,0.1,44,10.50610628045726,4.615856669770077
12,26,0.21229099367523888,0.3680763014822753,0.24834211093140565,0.281196391700501,0.21876125108082445,0.14007368117336894,0.08687474723193678,0.12680721052347632,0.4,0.3,0.1,45,10.593033602546456,7.090311287605783
12,27,0.2122909922796502,0.3865859533763506,0.2685932125888266,0.29945957250798394,0.09477271536700849,0.14007368117336888,0.08687474723193682,0.12680721052347624,0.4,0.3,0.1,47,10.593034548312952,7.090310871361878
12,28,0.21228928615875323,0.4050922160519395,0.28884233632918305,0.3180190626255857,0.09478331323897957,0.1400736811733689,0.08687474723193678,0.12680721052347638,0.4,0.3,0.1,49,10.594207525380916,7.089795089925555
12,29,0.29019633373620574,0.43532553040216415,0.3234893050416684,0.3919954811946871,0.24617663212621346,0.10923908828283824,0.12869945544965042,1.0,0.4,0.3,0.1,51,12.261505476664116,14.778296296446657
12,30,0.29019289047496954,0.4531969968325471,0.34355956224908824,0.40401794100149935,0.18654161569436573,0.10973572406536575,0.12982453687917192,1.0,0.4,0.3,0.1,53,12.156585758881466,14.867134756900128
12,31,0.28699200996851293,0.4677956610622509,0.3604097678445509,0.4274865836435767,0.18189082520652652,0.10996958398220512,0.12084207053408572,1.0,0.4,0.3,0.1,58,12.417995540575989,15.540246675548143
12,32,0.2867563679582792,0.46645822313245267,0.35986028622792743,0.43532413649003376,0.19366193146886024,0.11108660879190642,0.12164006392613258,1.0,0.4,0.3,0.1,59,12.47040350992799,14.612003621093455
12,33,0.28565378821389664,0.5207700031704652,0.41947832168914345,0.4816956471718561,0.18018455473784376,0.10984595902928943,0.11993650849986667,1.0,0.4,0.3,0.1,64,12.708245810968808,15.30786494220191
12,34,0.2852118661787273,0.5202846785368528,0.4190238881278512,0.47747246142963307,0.180011618640521,0.1098544752399187,0.11857218746790794,1.0,0.4,0.3,0.1,65,12.70381123149796,15.30604756676878
12,35,0.5422429980862623,0.7285220469251742,0.6319614262820364,0.7077068662572994,0.4957392790089947,0.11446577325945727,1.0,1.0,0.4,0.3,0.1,67,12.53041313947848,19.031904222004705
12,36,0.5400030702620442,0.726812395562923,0.6298917785270196,0.7451957783954538,0.49105698047761304,0.10787956236759426,1.0,1.0,0.4,0.3,0.1,68,12.783310750755948,17.329132584998433
12,37,0.5399989235718003,0.7453124446712865,0.6501370029451629,0.7577448409052356,0.4433120667115812,0.10787956236759419,1.0,1.0,0.4,0.3,0.1,70,12.7880972742909,17.336947186664897
12,38,0.542408632772772,0.7678656471196403,0.6733184601624063,0.7891853740065734,0.44731439569535814,0.11084089470457081,1.0,1.0,0.4,0.3,0.1,76,12.076086185888638,12.470203800763068
12,40,0.18152484610662134,0.49851165235887107,0.4273039045496522,0.5588352513824063,0.10454595401534325,0.11688581514412812,0.11831813554467967,0.14779794515428937,0.4,0.3,0.1,104,11.318639812884228,11.671189142704526
12,41,0.17400824237188706,0.5089296163203031,0.4398302015138498,0.5793520213919238,0.09086888543759747,0.10917896333574581,0.1114879135887041,0.12761975414731233,0.4,0.3,0.1,110,11.092813912124544,11.600445361829562
12,42,0.1815457973533289,0.5160772162453201,0.4472262004755325,0.5971130000937689,0.10168868902151224,0.12163343106875439,0.1154312109338231,0.14382678205648952,0.4,0.3,0.1,111,11.280245102122048,11.618347374875643
12,43,0.26365555769030946,0.6726125658976622,0.6104810671590778,0.9548855613823698,0.17967331765707362,0.11420751240842557,0.11282071491207005,1.0,0.4,0.3,0.1,152,10.48931525668396,11.809404805950924
12,44,0.26420987191092415,0.6715807758927148,0.6104576625874044,0.960487140847444,0.18927206223976528,0.11411558992219976,0.11813612940565446,1.0,0.4,0.3,0.1,153,10.722758682490433,11.777484055110545
13,0,0.8613597075825092,0.7525527346509535,0.4014652296590585,0.013138301163168107,0.0,0.0,0.0,0.0,0.4,0.3,0.1,1,11.250381186575998,75.01736385324266
13,1,0.6839330236190011,0.7097579642827678,0.3974163585908513,0.06732160312934639,0.3701064175183088,0.14169865201242365,6.355485893416e-05,0.00013592261999961,0.4,0.3,0.1,3,6.213831816250575,54.2030754690544
13,2,0.5570357430054931,0.662143742484644,0.3808596373264901,0.07731841005249554,0.302998137177115,0.16432086945476576,0.00029020614785213,0.0006206540399518,0.4,0.3,0.1,5,3.320600260970114,36.599472635690205
13,3,0.5204654666323175,0.6196584524520053,0.3454329002956214,0.07647248977644724,0.13568086451174996,0.16083161136112106,0.00032225337613402003,0.00072672506768568,0.4,0.3,0.1,7,3.3803653766186352,22.42176435627645
13,4,0.46300241541468146,0.5765853699542511,0.31531743469377715,0.07226342386491988,0.1245821259430309,0.136358594508171,0.00029119074650858003,0.00075722118176468,0.4,0.3,0.1,10,4.130841003153669,36.23816907904671
13,5,0.4692898903739422,0.6043608525832062,0.3482041094845111,0.09943054208585156,0.12712640859198526,0.17418846891041734,0.00459667625042946,0.01572185628730318,0.4,0.3,0.1,11,3.5298410182139635,41.83382066919882
13,6,0.4251942619538766,0.5659293026519313,0.3173729596966328,0.08778217535132452,0.11524981084949301,0.13041727504031717,0.00200056620022487,0.0094716161128757,0.4,0.3,0.1,13,4.960137840613661,35.53970979710151
13,7,0.3947488468485573,0.5417896854355767,0.3060828898371694,0.09661927361845961,0.2703630301164643,0.14866036611651665,0.00468749579340159,0.01704343402015509,0.4,0.3,0.1,14,3.406303060904672,33.44083710923571
13,8,0.39027460960738547,0.537998545482367,0.30442133180338277,0.10825902682446202,0.09872278738400954,0.15221162144003195,0.0052991353822742,0.01778419557832077,0.4,0.3,0.1,15,3.302359397411595,34.23428842323501
13,9,0.3759963644239042,0.524749050134957,0.2950626212978702,0.09937717783201053,0.12419607103805769,0.1445104367557443,0.0048707115032114705,0.017301886505734658,0.4,0.3,0.1,16,3.7144575209156594,37.53625689597521
13,10,0.36531087069121976,0.5332329998054861,0.30962378444486044,0.1147483366202607,0.09701212646658953,0.15290707823439945,0.0015075545149370799,0.0048977183445114,0.4,0.3,0.1,18,6.071397920454394,29.211439077341577
13,11,0.34172406463106164,0.5103253763340987,0.2960943032000462,0.1151901032441478,0.2178870309760753,0.1531548765436546,0.00248826704692574,0.012737315840736372,0.4,0.3,0.1,19,8.270514753076887,22.19412981377268
13,12,0.3284492217567295,0.49545961715832487,0.28921242295500055,0.12467753678549245,0.19518053158199777,0.166652877989454,0.0032311575850688203,0.0129011164189654,0.4,0.3,0.1,20,11.346932767167168,34.55525058920245
13,13,0.3224632019812237,0.4888312937019685,0.2853146540729421,0.12519895033703676,0.1135991862524097,0.1670917137905473,0.0026398298661035697,0.016762276641602798,0.4,0.3,0.1,21,13.532808335696526,28.65736841071858
13,14,0.30267431813175555,0.4660867348995718,0.2712125803008707,0.1290200880610993,0.13863283238228247,0.16115561785057997,0.00511551879295921,0.02758686340361812,0.4,0.3,0.1,23,11.560704972684707,27.57389617509288
13,15,0.30393974665388235,0.46723763621697806,0.27287156923003625,0.13140772861471517,0.08016911867543809,0.148569822153464,0.01914016330062767,0.06041361701602521,0.4,0.3,0.1,24,10.920934622257592,30.944473517232467
13,16,0.283320947385327,0.4609719171319689,0.2767388174157509,0.1354504490378206,0.20348293043528926,0.1582323492101407,0.0073459787524742,0.02490287097659344,0.4,0.3,0.1,25,12.817152770625569,26.631730519872274
13,17,0.27737608501519134,0.4524683028144583,0.27250012466777945,0.164362666384889,0.08416762898565235,0.1661546571592412,0.00514023171879705,0.02432580554241716,0.4,0.3,0.1,30,9.662960282481592,11.644028035161794
13,18,0.2772545833349933,0.4316848912380594,0.2532770424482379,0.16094328860049512,0.12991983795761822,0.17105407142673074,0.01288101539166947,0.04356503498756627,0.4,0.3,0.1,31,12.700816046105915,34.98500033149414
13,19,0.2615830598224,0.4338912269315953,0.2581426708586014,0.15316447216689116,0.07746128284328431,0.1446018335450899,0.006895063141449739,0.027870695832751053,0.4,0.3,0.1,32,9.722894370580237,23.247858968679317
13,20,0.2321778535053647,0.3861375878615697,0.23235581922487786,0.16436064923640667,0.42673077135176435,0.16296036201598862,0.009296781252513731,0.03384316355696434,0.4,0.3,0.1,33,11.47677152537517,25.76204891274817
13,21,0.22361990351396574,0.39136093149558654,0.2440583418868338,0.1657006643799436,0.14731056117787916,0.16379127134182966,0.00669423511160844,0.027137025739787952,0.4,0.3,0.1,34,10.98147342406266,23.9158371700773
13,22,0.20917560521568962,0.34497276877825206,0.2080590457036668,0.16679262835215777,0.2693627633682826,0.16670347414152464,0.01336733149506616,0.02821513173633606,0.4,0.3,0.1,35,13.05602137550468,20.70228254536052
13,23,0.2009886741499767,0.373428366017842,0.24048886512275422,0.19575024531392227,0.06826636152826,0.15431641853839878,0.0059919008656014305,0.02686894636748886,0.4,0.3,0.1,40,10.249402835068464,24.23859272701844
13,24,0.19373855854453656,0.35548325720616053,0.23114816714016112,0.188309380274505,0.20749803250793172,0.1537680007782574,0.01965564740166062,0.029597335000513654,0.4,0.3,0.1,41,11.598502617017134,22.62941280094256
13,25,0.186787205486167,0.3376075362752833,0.221607487581506,0.21064647458789193,0.2083895850004689,0.1638873234764029,0.01429022209500149,0.04051932607546399,0.4,0.3,0.1,42,10.822691426767696,23.692256264402715
13,26,0.18215996924270902,0.35038072142623433,0.2369881181782731,0.1968992340087842,0.08520311067285231,0.1588654698054031,0.01222804878857056,0.0316661030418242,0.4,0.3,0.1,43,10.201554916212077,24.76584930656928
13,27,0.17370849708283984,0.33451147601628073,0.22645435700035818,0.22124499437932366,0.15380954976416641,0.15731686786847754,0.00799947061429776,0.028881306794917027,0.4,0.3,0.1,44,10.355279153940394,21.70031230691832
13,28,0.17227299401052854,0.3498226941811926,0.24475251986012792,0.23166791315815402,0.07823941518321555,0.15731686786847754,0.00799947061429776,0.028881306794917027,0.4,0.3,0.1,46,10.419520256771207,21.4489859589237
13,29,0.17123924973508997,0.34799477625673325,0.24348472045099007,0.2382120849600421,0.07235584024643156,0.15640026998841167,0.00785804596593881,0.029076495054780438,0.4,0.3,0.1,48,10.383897543814369,21.243926882957386
13,30,0.16969275244348053,0.3632248448134108,0.26167177389210705,0.2415302848818785,0.08732811762374429,0.15737106201243115,0.00603166439596251,0.029093458816540418,0.4,0.3,0.1,49,9.582188405967164,23.4686501029995
13,31,0.16663294040933063,0.3408346037952202,0.23811367841340417,0.27048990044242427,0.06758640815113653,0.14937897349124246,0.00918574727336431,0.02752688822347027,0.4,0.3,0.1,53,10.430519047058617,23.546087097206776
13,32,0.16572763161110174,0.40793113457736174,0.3163268206127093,0.27476942490086903,0.13608373433943402,0.15172660004533087,0.01467214332728596,0.03885158382615433,0.4,0.3,0.1,54,11.345978438627922,20.340430765492933
13,33,0.16708541855785128,0.40589221977119216,0.31658053751790194,0.29204306146599335,0.07901353542703454,0.16341033586692538,0.01248132632550589,0.03717914163951672,0.4,0.3,0.1,60,10.467124654322893,22.31686511611284
13,34,0.16838737145813687,0.3880056162010353,0.29740711549437215,0.30534432145145524,0.07828781971259001,0.1649560592917571,0.01617901969505399,0.03781233310533759,0.4,0.3,0.1,62,10.58621929881551,22.28972027637838
13,35,0.16760104436017,0.3859997804501682,0.2962153150064249,0.319860588916705,0.07909093527822661,0.1658205088644941,0.01554195015040733,0.03711321530366346,0.4,0.3,0.1,65,9.778603424447535,23.562378638894533
13,36,0.16856673122937457,0.40539180946535075,0.3174043668518122,0.35587359292762666,0.07595359483141047,0.16739176689824686,0.01679870450553875,0.037306575253014514,0.4,0.3,0.1,69,10.352146613714776,22.29779154238525
13,37,0.16452739090981355,0.39529961245462086,0.3112994523734039,0.35811598873208084,0.10813281974803919,0.16733140071229,0.017060503641097118,0.0382416725282693,0.4,0.3,0.1,71,10.872627222050015,21.969193933065355
13,38,0.16306497843236242,0.4098761909287437,0.3292210386779215,0.37029675028004394,0.08902984884325675,0.16746288249637134,0.01719706664303626,0.03915644505869344,0.4,0.3,0.1,73,11.091251351552666,22.19994208485871
13,39,0.16277637567829376,0.39009810131473127,0.3083336452132185,0.3693814389121222,0.08663440427634815,0.16839658573099062,0.017274722616706602,0.03874076181155114,0.4,0.3,0.1,74,10.987499936895848,21.924314512525356
13,40,0.15216191763762568,0.44853786386734995,0.37692577606072136,0.36421619088866286,0.08647107500663519,0.12112858702868808,0.04848368276091386,0.06002869413261639,0.4,0.3,0.1,77,6.677706929578858,29.466287289651703
13,41,0.24007789059404136,0.7470040658914286,0.6250498700416078,0.5255402966640805,0.09752710740649609,0.1342796613859249,0.056634539432838193,0.06600245367109187,0.4,0.3,0.1,101,6.288173058162579,33.38044946051556
14,0,0.9752609396480816,0.7919731585193267,0.4255360847515988,0.015727517808782957,0.0,0.0,0.0,0.0,0.4,0.3,0.1,1,5.887452429156001,76.27125196248933
14,1,0.7480469859704285,0.7397708878927824,0.4155170522107144,0.06875114292465545,0.39732951661738103,0.14024210945051813,6.607172413793e-05,0.0001573838658505,0.4,0.3,0.1,3,3.1502266968923798,54.07514495414201
14,2,0.5317769053954647,0.6462504603135848,0.37134474276188123,0.07672959350789345,0.451427572539058,0.16528102299718145,0.00046957113685936,0.00111852568969543,0.4,0.3,0.1,5,3.4768428018020345,30.119522402939168
14,3,0.5242683945356268,0.6416112395895993,0.36885065534420314,0.08115125178688216,0.0845865578138914,0.16728671632801156,0.0005953169553379901,0.0014180541685555798,0.4,0.3,0.1,7,4.31528583929657,26.605313822432706
14,4,0.4679289080587607,0.5818728587510844,0.32099836534517506,0.08258354977127165,0.2814570001429238,0.15150645048272793,0.00078051144079686,0.00167824295614445,0.4,0.3,0.1,8,2.1614323836366,15.290691704762096
14,5,0.4404400700047923,0.5613735277329163,0.3091825286864181,0.08765094174947614,0.13304137979577518,0.1555655621546253,0.00111087006148652,0.00246516228539699,0.4,0.3,0.1,10,3.293801114107197,9.75466127113866
14,6,0.4355816971219305,0.5775407847694656,0.3309934227657637,0.09662079675838219,0.1336113173316832,0.1752457881881048,0.00073096455228827,0.0016763923998158702,0.4,0.3,0.1,11,2.908630467815057,10.170534339059945
14,7,0.3798432823767033,0.529657574687239,0.3106878937248971,0.1174540587779319,0.5398868594603747,0.18972393699661114,0.02186390183531066,0.10978069595957432,0.4,0.3,0.1,12,9.314235758423806,10.858523613020228
14,8,0.3740364661482119,0.542232422576642,0.32731511224850857,0.13665797820098594,0.11194779823101716,0.18972393699661114,0.02186390183531067,0.10978069595957445,0.4,0.3,0.1,14,8.785395796734852,11.735087071933828
14,9,0.3506080871905419,0.5185546899051694,0.3066557338604312,0.12022621511768578,0.10192448819002516,0.13932627230351005,0.037157403763369665,0.1062291855416168,0.4,0.3,0.1,16,12.589778748340422,9.329194635884347
14,10,0.3492736594742706,0.5356628999550919,0.3260510755718821,0.128076695639535,0.08630858899304052,0.13932627230351005,0.03715740376336963,0.10622918554161678,0.4,0.3,0.1,17,12.3548192265113,9.748832434625362
14,11,0.33183018904267836,0.5179861863067248,0.31006260593734014,0.122635735319075,0.09147353696243583,0.1508305591557891,0.00467501543583141,0.0242486441195344,0.4,0.3,0.1,18,6.325861091456279,25.93387368496809
14,12,0.34594858013236823,0.5297503764343131,0.3315351868247111,0.14951027963321606,0.2579038903406818,0.2056936325590702,0.024136600776181922,0.11338276589233462,0.4,0.3,0.1,19,7.677134695520263,13.1245226675258
14,13,0.3123662138395359,0.5115960247150644,0.3229343929554509,0.13977493664877966,0.12638033925279707,0.15360827784794867,0.03943010270424086,0.10983125547437703,0.4,0.3,0.1,22,10.595416366268516,10.881057884221113
14,14,0.2963554306463247,0.4950485743595858,0.30753768959044514,0.1353473245433468,0.08929859424655949,0.1645564863107068,0.00636526413544181,0.02931241897692289,0.4,0.3,0.1,23,5.1138128410461805,28.081581185062745
14,15,0.28991516827969516,0.5056656790150061,0.3227904410646803,0.15520856276720826,0.09360461587261315,0.15953811510504767,0.00858445491072854,0.03813124484404313,0.4,0.3,0.1,25,5.0952701465223935,28.38096580596606
14,16,0.3070579511385355,0.5227128078076929,0.34002311414534736,0.17599526108337143,0.09074263855571904,0.18223964911570306,0.02104756870065746,0.0851717316807237,0.4,0.3,0.1,26,11.162667181283272,18.77987514090938
14,17,0.286276504039078,0.5012312955496395,0.31984244383800053,0.16145072433916327,0.08010370247673095,0.15365278519697634,0.01095197958266921,0.04840005335938003,0.4,0.3,0.1,28,4.707156984547614,23.361022428942217
14,18,0.28159422017254976,0.49527781599674997,0.31613863918864965,0.16103888586341067,0.10579651738314003,0.14207918010380075,0.02048802655325094,0.06432641509069796,0.4,0.3,0.1,29,4.2530057488561495,14.953380986253848
14,19,0.28136964181920704,0.5134968424056111,0.3362122369175035,0.17049938836425368,0.07032568121073947,0.14207918010380075,0.02048802655325094,0.06432641509069792,0.4,0.3,0.1,31,4.269719866469819,14.771551167680618
14,20,0.28042246993507935,0.5120970735472012,0.33558013147152777,0.17725356099990025,0.08239937257385137,0.14312594446348015,0.02111153650738726,0.06398368122737016,0.4,0.3,0.1,32,3.830648697280488,17.264395328597555
14,21,0.275309307542954,0.48595406871863844,0.31172317844714814,0.1729733958511571,0.10527017079472178,0.15518301449830982,0.01587177034497019,0.058577294088570354,0.4,0.3,0.1,34,6.089180159326853,16.708187071549617
14,22,0.27166690459153336,0.499590688840536,0.3289418169706488,0.19858508373193154,0.07751056160176355,0.16959207592715816,0.00356811110697838,0.03639142103096131,0.4,0.3,0.1,40,3.3969893935898403,18.410174267900448
14,23,0.2844838518960206,0.5284970640255561,0.36305503545149065,0.2479247455363701,0.10592646016862906,0.15444306156125434,0.08419164242995833,0.04807934619214977,0.4,0.3,0.1,44,7.4727666225141345,16.457504066179954
14,24,0.2675301353841853,0.5069141921354227,0.34741364439700156,0.24062647479428959,0.18135973347532017,0.15752841021145958,0.05598889914287954,0.05710572750931801,0.4,0.3,0.1,45,9.211165677398029,10.81409673445208
14,25,0.25822330500071705,0.47782264075644626,0.31812407012414984,0.23272180911786644,0.10385334771494546,0.13252473531106332,0.06316557173299352,0.06940973686511696,0.4,0.3,0.1,46,7.574367243449298,18.32623595924984
14,26,0.2522008034828218,0.48921617207836243,0.33255464353784386,0.25384902751926025,0.08559162162664233,0.1451022602969769,0.03088490632819092,0.07805407990513867,0.4,0.3,0.1,48,9.497764624402372,21.28506980250316
14,27,0.23223671719858885,0.474375843247296,0.33365029621342224,0.25149356647586174,0.3078438728810843,0.14380469431409124,0.04870881360339872,0.060812918640599255,0.4,0.3,0.1,49,5.871221056000434,21.12131181816697
14,28,0.22932074192053756,0.46865988626354055,0.3306103651475464,0.2655974242069637,0.09379851144967867,0.13451886350182216,0.06260265702070207,0.06784001965948495,0.4,0.3,0.1,52,6.600284372303619,19.71876034409991
14,29,0.2316521514889993,0.4677176519666755,0.3327051410598511,0.2857267283961488,0.11081866636012543,0.1377769976703089,0.07788654490704121,0.07753069112636093,0.4,0.3,0.1,54,7.391797146561944,26.86403861366752
14,30,0.23138371871770258,0.5044207962684384,0.37293106547555005,0.3084736075353636,0.08616505735196846,0.13732905835417045,0.0777431783939251,0.07761195513543162,0.4,0.3,0.1,58,6.756494636863273,19.89653484474884
14,31,0.290412672174565,0.5711106017992302,0.40956930031869737,0.41011728421202875,0.10189287137738764,0.15400815147027092,0.0810068208832219,0.12604266756118665,0.4,0.3,0.1,74,3.532304309461452,27.884332570276356
14,32,0.2332351960510458,0.48351227781732764,0.35408139601040833,0.38678961253102295,0.09584337162249498,0.15523078033059942,0.06412799321638671,0.12046297655592444,0.4,0.3,0.1,77,3.0017301494582718,34.52145999984416
14,33,0.20745220085274974,0.45688385200031295,0.3282087794470659,0.34926465529754475,0.07488565267612726,0.13683531418435696,0.036271452516463236,0.03074054177737025,0.4,0.3,0.1,79,6.764703000804703,12.311830938710848
14,34,0.23466374333519344,0.5010558367648411,0.375454666807833,0.42005820998452126,0.12021094532231048,0.15405275758473164,0.07992541542197,0.1217520174822108,0.4,0.3,0.1,80,3.5446803275225363,34.72964016578833
14,35,0.1998896768065952,0.39744115172207195,0.2775334758999297,0.3653788043685911,0.253443857265384,0.14381599469138462,0.03712260880807045,0.09064447720014102,0.4,0.3,0.1,81,6.5065294741344175,21.40042356129229
14,36,0.20307589825367456,0.41608251670758223,0.3002773655531913,0.37659200360050593,0.12193499089147856,0.1572222067301241,0.04038051541625927,0.08919757103217504,0.4,0.3,0.1,82,7.976676938800653,19.67843803093061
14,37,0.2002192421311229,0.4118606288952722,0.29710140094866266,0.3821619580434654,0.09929145200719625,0.15542799865732077,0.03550356134948227,0.09564876825458515,0.4,0.3,0.1,83,7.83127892371895,19.671512596025973
14,38,0.20012540603877907,0.41160326885967397,0.29696901662847336,0.3766546356511872,0.08447215285924453,0.15542334991391893,0.0357193552611079,0.09565484130452015,0.4,0.3,0.1,84,7.8343236207155,19.68145473146044
14,39,0.20357758728586223,0.4105459481033546,0.29931110167403596,0.4002328744773149,0.14512046667320178,0.16897919266086048,0.054232640182918755,0.0626218518507011,0.4,0.3,0.1,85,5.567327612225008,18.885200264508125
14,40,0.1883011693069104,0.4030298243981874,0.30132996434918985,0.4094672591856951,0.12613879360257632,0.15262441359868043,0.05582545312564976,0.06315789534567269,0.4,0.3,0.1,88,10.383852199488125,31.282633503314884
14,41,0.17688196119230803,0.3669703947517839,0.2678101222667845,0.411130210471531,0.11222357415322666,0.14855165694638406,0.04256109263788537,0.05369188577013064,0.4,0.3,0.1,90,8.265564785047632,27.77589033489881
14,42,0.17792221641390896,0.38651289178239956,0.28910163317744614,0.44766733553764915,0.07863149209525659,0.148833858890155,0.048663122884396184,0.04477749433515027,0.4,0.3,0.1,98,8.453164941219747,22.853090555119756
14,43,0.17489540283355873,0.39595098590082484,0.30439439488716086,0.46954921818689005,0.11337448040516425,0.14905464017835093,0.053365295040452634,0.04470715430893296,0.4,0.3,0.1,100,8.46255660624212,22.91212825721297
14,44,0.19631518725804348,0.5280449057830907,0.4471918760793373,0.6470539670625796,0.10195863291823704,0.17277121978557095,0.07512479372288419,0.1014579679922942,0.4,0.3,0.1,124,5.561715084083797,33.51357196124676
14,45,0.19532024992376582,0.5626790470613924,0.486237654291654,0.6838777439231462,0.10553751617345708,0.17277121978557095,0.07512479372288416,0.10145796799229419,0.4,0.3,0.1,128,5.571018776299804,33.09547130659987
14,46,0.20440519524358503,0.5338860641670723,0.4545344922987836,0.6604988276454471,0.11957777642661041,0.17056070687585545,0.09620336331390829,0.1440367280276449,0.4,0.3,0.1,129,7.580798422907674,14.797106098652009
14,47,0.20965857967348872,0.5544055119877891,0.4789434444696137,0.6821331268193183,0.15496254045675018,0.168853519599188,0.1244133676967775,0.14149789672961552,0.4,0.3,0.1,130,8.370889765029945,14.296990644124264
14,48,0.20856012652879335,0.5897429573180427,0.5181473952345248,0.7349675869087501,0.11908843960415552,0.16906983435533193,0.12173932553970968,0.14168680191074343,0.4,0.3,0.1,138,8.329281067755325,14.477427706915812
14,49,0.2005994410618202,0.5814727371137415,0.5100805568812024,0.7371322621855677,0.11140226237239245,0.17413950786405613,0.08726192960710344,0.1473603144485461,0.4,0.3,0.1,142,8.095222354103942,14.449958653204666
14,50,0.20151419195606896,0.5630725615850966,0.4904665924165518,0.7397836587698208,0.11487756521582916,0.167530738503854,0.10065345398521981,0.1482689259192417,0.4,0.3,0.1,145,7.903256458875186,14.447220686666578
14,51,0.19983169905674936,0.5604231000038992,0.4884490933648725,0.7427029253683933,0.12127531600350978,0.16947780032121446,0.09452720128092068,0.14859494097777756,0.4,0.3,0.1,146,8.060234830065408,14.442623045477552
14,52,0.19865074818323444,0.6130411889129086,0.5474167784464901,0.7658197310056871,0.11462443463051145,0.16866648759504704,0.09707105645573012,0.14399375231014394,0.4,0.3,0.1,151,8.476822891914196,14.44375770281142
14,53,0.1975083786391934,0.5740599556338182,0.505483368716532,0.7701607386037174,0.11325394741178674,0.16907646334309068,0.09280249326828408,0.1491733753327111,0.4,0.3,0.1,154,8.320216088058036,14.595733440218948
14,54,0.18486087839907406,0.6162274790897561,0.5533480776005796,0.8332591643423919,0.09895392190756751,0.15457206208756913,0.07351217205456195,0.14358526043773123,0.4,0.3,0.1,165,5.711390958697224,19.489249300338823
14,55,0.18279447194280818,0.6479493076869208,0.5906156098687997,0.876563781417402,0.10651461105272861,0.15457209869027058,0.07351217207010406,0.1435852591882407,0.4,0.3,0.1,169,5.652346184934288,19.12217938640409
15,0,0.8337084175677467,0.7422355299258461,0.3951652247368706,0.012460375067035893,0.0,0.0,0.0,0.0,0.4,0.3,0.1,1,13.151939167715998,78.34549476771599
15,1,0.6593332631574708,0.7002489327593561,0.39394764815683136,0.07230654379533742,0.3924733592294175,0.15670333936472275,7.179661442006e-05,0.00012948718442359,0.4,0.3,0.1,3,7.858671749721121,55.97333114977926
15,2,0.5527542539147106,0.6432854768723524,0.36283197076712853,0.08003914946935377,0.2812100551610698,0.1799912433277141,0.00028718645768024,0.00051794873769438,0.4,0.3,0.1,5,5.1055966944626965,41.17856920712445
15,3,0.4817611297038602,0.5959799740381811,0.3354059245445955,0.09267947758730236,0.39745780504470457,0.18880601524117244,0.00060732545254972,0.0017882276866286,0.4,0.3,0.1,6,10.044052947868236,26.85470336455244
15,4,0.40655500919534404,0.5541392999392921,0.32013469096023295,0.09969153524627276,0.2801151533308191,0.19698836393575966,0.00089776634828947,0.0023120458935815,0.4,0.3,0.1,8,5.466045604944654,14.3270546105004
15,5,0.4056598123404052,0.5533194851823139,0.31956451700559385,0.10481310194919424,0.08113683104540226,0.19658226376083662,0.0008642361870907,0.00225157331834982,0.4,0.3,0.1,10,5.73401446658434,15.0696114922559
15,6,0.3927968835238832,0.5231769880862005,0.2925581773118736,0.10570482576336823,0.15908523006305264,0.19837053085519935,0.00117871649336274,0.0030921272614128597,0.4,0.3,0.1,11,7.354580839097595,15.916934827006653
15,7,0.37778932558408246,0.5088127288483857,0.2827732261614443,0.10685565890203831,0.15135478642653674,0.1919081172213577,0.0011368355574305799,0.00303212588109741,0.4,0.3,0.1,12,7.379207416956812,17.67301117086338
15,8,0.3635794578114353,0.5131181943359351,0.29845960931367876,0.11377102988232514,0.1659082037049452,0.20415249973157237,0.01442305016083211,0.01971249143668944,0.4,0.3,0.1,14,6.826259740780188,13.19934225207328
15,9,0.3448181142388397,0.4758276199908785,0.2597889647058594,0.10345051683407125,0.07307957342693037,0.17023184840284464,0.004891163297536151,0.00546234278711083,0.4,0.3,0.1,16,6.28572355412176,14.598057721080483
15,10,0.3657563095619424,0.5154143687760951,0.30239277306117784,0.12959004609302296,0.10571052068576207,0.2198598751764858,0.01464552419404247,0.02121774293485282,0.4,0.3,0.1,18,7.813950981092349,10.797156290273875
15,11,0.35485289511922996,0.5036196437121009,0.29442343792242553,0.1325578355370147,0.15252018162084993,0.21608110568442165,0.013911733592190301,0.01883050077072898,0.4,0.3,0.1,19,7.125399400885433,17.935045508963842
15,12,0.3390230055327207,0.5243430188889937,0.3212113859368493,0.12789765844238715,0.12524907896739315,0.16617373063519963,0.04317975459276327,0.03399682632040142,0.4,0.3,0.1,20,6.8680403418963065,16.45793513699923
15,13,0.330189411186643,0.5144022554790894,0.314890457448926,0.12941717954354587,0.13995483335624467,0.18868705308406533,0.01483583636235095,0.022531095852101148,0.4,0.3,0.1,21,7.557857042951859,10.800574561001616
15,14,0.3347594364501445,0.5189135031654014,0.319592950641995,0.13973609351451027,0.09027504317433432,0.20119491199159203,0.01508700909705935,0.02177016133762451,0.4,0.3,0.1,22,7.944912850398468,13.34955200269546
15,15,0.3492360557878046,0.5474713778218115,0.36099840067195677,0.18482014370676514,0.3056054454085688,0.12959107167527362,0.19848557390552607,0.14369738622669992,0.4,0.3,0.1,23,5.646723471393052,17.07914681948023
15,16,0.3030431110212623,0.4795026387483499,0.297269911706001,0.14718871246546664,0.1884901879497305,0.18732145776108114,0.04378379373027412,0.03591369938618993,0.4,0.3,0.1,24,7.074659694449163,13.228299494274138
15,17,0.32888779700811155,0.5138703168576856,0.3487113352871444,0.2114808906470136,0.2744318190420243,0.14109564791858176,0.24220052768211145,0.17790781498503422,0.4,0.3,0.1,26,7.553680223098387,18.463853026706392
15,18,0.3069324140606187,0.4999478326127396,0.34756468107917,0.20546741104805946,0.3139656213827657,0.15016224029152686,0.2290042213213531,0.14029285823352544,0.4,0.3,0.1,27,7.40211771420536,13.826128826308649
15,19,0.3185202483235499,0.5101987779502616,0.3591793796280003,0.24007896382211813,0.1787147162204869,0.14496408036783287,0.2642708316340273,0.19281845689999472,0.4,0.3,0.1,28,9.661056869264012,17.122217791078782
15,20,0.26315862461110306,0.4361865931137523,0.28357301751024244,0.169720947549041,0.10381138949190873,0.1944108499164212,0.06437470493658595,0.04347905668351162,0.4,0.3,0.1,29,8.49772625360929,11.568115420138646
15,21,0.30377386978999876,0.5011311364771083,0.3507935442141361,0.22685736672803747,0.18635496007433383,0.1651696969288609,0.22943466285051883,0.14333763228057017,0.4,0.3,0.1,31,9.18726959964495,17.172711990197048
15,22,0.28164789161757925,0.44858075760843996,0.3360904458023696,0.2642672700369536,0.4300737349131307,0.15911425760683612,0.2957740096210162,0.1852086247363788,0.4,0.3,0.1,33,11.126464432537748,15.116940603397504
15,23,0.26611995464407895,0.4330239713863424,0.32055652096729426,0.24231707893189527,0.15579983249321971,0.16561429992913598,0.2459623092621795,0.15366315884036777,0.4,0.3,0.1,34,10.233811175957907,15.588465126853174
15,24,0.28114746688376424,0.4655827563608641,0.3555708924565041,0.2808017643495042,0.1770567897139466,0.15974024621438157,0.29592827469494337,0.1860891863045125,0.4,0.3,0.1,36,11.611708577249214,17.275256103045734
15,25,0.2216104201580361,0.47878203458487995,0.37668380081611436,0.2910649573944772,0.11384829532815,0.11933482921327739,0.17477711524189168,0.12710915831396355,0.4,0.3,0.1,52,8.057350448803438,23.454404474083976
15,26,0.25519748471773557,0.5527024612823965,0.4516648628052154,0.3653431144773434,0.14511854662804163,0.13719353679169605,0.22451378935390381,0.21326501726449468,0.4,0.3,0.1,62,7.385273391772644,14.700834254348196
15,27,0.2102888315453954,0.5408145989669089,0.4461767327853665,0.35462131651067375,0.16472411266294096,0.1585260696809352,0.09408577029109691,0.10505465910790827,0.4,0.3,0.1,63,6.167472345694758,12.72732199253108
15,28,0.24202611203458999,0.5743985772088036,0.49311081388652567,0.4199987558018474,0.18853754904018324,0.15316841407065884,0.2233441606103052,0.18758456605701723,0.4,0.3,0.1,67,5.549895235592404,15.772572485085384
15,29,0.24169292287761082,0.5921459401443623,0.5128883576811357,0.4399839288119961,0.14732942718742584,0.15192995431719067,0.2235072538551517,0.19184015119032485,0.4,0.3,0.1,70,5.720845968314817,15.555723723003425
15,30,0.23176545467913506,0.578590810271879,0.5017556755516034,0.4399707707393634,0.15502842415784865,0.13462978844808762,0.2240563602731239,0.18605624461732612,0.4,0.3,0.1,72,6.038276980014925,15.31866271118566
15,31,0.2313636845381894,0.5220883867463867,0.4404070612924121,0.37078192579429076,0.1437600860973101,0.13462655986956454,0.22405535376817204,0.18605114141325332,0.4,0.3,0.1,76,6.123726611643666,14.935259110963033
15,32,0.23105914586396167,0.539034743598838,0.45992626094402095,0.37113094505397415,0.14295619094643827,0.13605580717910792,0.22402734650237782,0.18613588784657653,0.4,0.3,0.1,80,5.93311024169156,14.645989967793588
15,33,0.22011388986051772,0.680305790877126,0.6261196847815589,0.5236177143320578,0.14572724907016027,0.12677745455536116,0.2207962338624979,0.21731216750365218,0.4,0.3,0.1,95,5.444944964737784,20.00767152123267
15,34,0.21207227784157975,0.6307780721800446,0.5759002742854694,0.5268228596774108,0.17845936340668317,0.11095911976577642,0.21882721690422305,0.23309461595933167,0.4,0.3,0.1,96,5.791522673570216,20.915229702474797
15,35,0.2128001506074894,0.6852559251579696,0.6367065554111557,0.5218747450458371,0.1530155906919294,0.11784626316377025,0.21390952109962708,0.2381396214645906,0.4,0.3,0.1,97,5.610021605124446,21.27309545363522
15,36,0.24872242880895382,0.7944841613312836,0.7103469163318795,0.5771049481366365,0.13418049406252458,0.13729255474054397,0.2122000614243829,0.11398092023790192,0.4,0.3,0.1,104,7.384258264113204,13.651472947445544
15,37,0.24910631683071238,0.7947494939145175,0.710703327696928,0.5853162680376719,0.16309381897437142,0.13921886031915204,0.21186747508727236,0.11226393134842956,0.4,0.3,0.1,105,7.348801673019539,13.65042603566981
15,38,0.24824966655192712,0.8438198911131954,0.8114079169641729,0.7792893059942053,0.1749315533251457,0.2457234611769124,0.1580326809477009,0.2855891348058914,0.4,0.3,0.1,129,7.189128679843512,49.68647787159012
15,39,0.23571591662094063,0.8500018230197646,0.8192063089465828,0.7808133135956131,0.16669350781950829,0.2342419935337663,0.13777846549649703,0.2657884612539099,0.4,0.3,0.1,131,7.364533765988744,51.40470326819592
15,40,0.23405989218374945,0.9396296374453844,0.918308146505164,0.8434967679252777,0.16159227019456293,0.2310440889096625,0.13852207559720048,0.26683545231982386,0.4,0.3,0.1,142,7.68161722463382,51.14539543717441
16,0,0.8341547306163274,0.7424045671978584,0.3952685285195579,0.01247145485383884,0.0,0.0,0.0,0.0,0.4,0.3,0.1,1,12.671642400920996,74.08643546758768
16,1,0.5880702678777561,0.6576873223630789,0.3648402833187541,0.062027869939491366,0.4938207149592487,0.13667954857745854,7.257253918494999e-05,0.00013704329141834,0.4,0.3,0.1,3,10.849318411485743,52.99226639622975
16,2,0.5855907283507422,0.6655937661419992,0.3785017604523342,0.08649034874031188,0.17067762866192407,0.1919291350027711,0.00080724279097072,0.00380011846996895,0.4,0.3,0.1,4,13.297929612495851,57.65658879136191
16,3,0.4177427370526512,0.5430261092714201,0.2980308070442245,0.0648590913683674,0.7437481425643389,0.15699168879017303,0.00029029015673979997,0.00054817316567336,0.4,0.3,0.1,5,10.552014918579264,37.23231710081544
16,4,0.3492366511797977,0.4804858210002894,0.2599302042681523,0.06608119619988,0.2608428720631126,0.15745104486333114,0.00035815370530492996,0.0007621200705211,0.4,0.3,0.1,7,11.527095032255229,21.37218324708194
16,5,0.3302185428545032,0.46057693832501806,0.24901880726084605,0.0796238888986912,0.21192112011301645,0.16447685772554793,0.00084221572941815,0.0031933600293459798,0.4,0.3,0.1,8,9.2721579995124,15.0375380673643
16,6,0.3059371699570725,0.43301330743661004,0.23292541925584312,0.0843129481540206,0.16102977925378856,0.1687681635996582,0.00120507842534292,0.00387857648643768,0.4,0.3,0.1,10,10.220793218813178,9.561370332396498
16,7,0.29575300960276807,0.4212098062433791,0.22500003025826473,0.08629349823118436,0.1291573696276004,0.16451717576737482,0.00095369168998836,0.0032009221859165098,0.4,0.3,0.1,11,10.02328636796022,10.290429585030934
16,8,0.2954613695302115,0.4393648611533082,0.2450346912769045,0.10099379452157656,0.06752707672841098,0.16451717576737493,0.00095369168998836,0.00320092218591652,0.4,0.3,0.1,13,9.67263040979073,10.511713053701689
16,9,0.30058696628446946,0.48131348062344426,0.2908963716647346,0.12884833031454743,0.07418548882466089,0.15940598177062507,0.0159297700995134,0.03905523550695939,0.4,0.3,0.1,17,12.57141454154256,24.122348618561706
16,10,0.2678472560311203,0.3980148331591683,0.22575793967032867,0.1375231970245422,0.43187107987447415,0.1862190158276509,0.01763597576322703,0.019729938178403038,0.4,0.3,0.1,18,11.961637454387551,11.917688204514326
16,11,0.2678472527572221,0.4165244850532436,0.24600904132774964,0.14609556425063264,0.08175156475609045,0.18621901582765085,0.01763597576322705,0.01972993817840303,0.4,0.3,0.1,20,11.961635806347775,11.91768897665296
16,12,0.24289526040707524,0.3848681555330938,0.22236187939419472,0.13677667960912743,0.2002282360667445,0.15933389008918974,0.01406701500052964,0.027105698162340718,0.4,0.3,0.1,21,10.10200764815637,11.611403932413245
16,13,0.2481829717802484,0.44262574447600045,0.28869975876219234,0.23508739386646604,0.08470553360343026,0.16559811986638287,0.03385282628963917,0.051159855206348415,0.4,0.3,0.1,38,9.80663472969183,22.766870953000197
16,14,0.24093910611837752,0.4307428088046703,0.2816349341633682,0.2519884823950398,0.10784706209910573,0.15950709546957154,0.04227621622921094,0.055161968853638624,0.4,0.3,0.1,41,10.855415853884711,20.46456405324266
16,15,0.24087951133852956,0.43064565120805837,0.2815755966514308,0.24853727288498847,0.08241979784181544,0.15950709546957154,0.04227621622921094,0.055161968853638596,0.4,0.3,0.1,42,10.802310430571096,20.772412778408796
16,16,0.23965308491801357,0.4658741416812278,0.32085355438886093,0.28699912327781296,0.08470504160174198,0.1589847086676319,0.04194406249748832,0.05488806445989981,0.4,0.3,0.1,45,10.77428317340169,20.993682966520936
16,17,0.2867928465005262,0.47498571175450904,0.3046700446106919,0.2875733902460814,0.12304292870674706,0.19166509647808783,0.03559838376259656,0.07415668911520865,0.4,0.3,0.1,48,10.554157883052197,4.89713862167395
16,18,0.2236227296239439,0.4209769967328293,0.2840129897236875,0.2806140437755382,0.14764236380668225,0.14629485021911268,0.053586677586823415,0.05847583679588851,0.4,0.3,0.1,49,10.44493302763494,23.11886035320372
16,19,0.21263865342860347,0.40276868139778715,0.2720907413229008,0.280999365451192,0.18146195902971018,0.14038969978263624,0.05415601421965266,0.059746461372489366,0.4,0.3,0.1,50,10.21968305882972,24.208886724000823
16,20,0.21602204431766925,0.44151083440741185,0.31571079118643763,0.3081725771559189,0.09441286921212354,0.1473217500778914,0.06316486147593821,0.058041425690538176,0.4,0.3,0.1,54,11.04872759694287,21.526564009111866
16,21,0.20511501405477514,0.4048375943067623,0.2832071848479686,0.33283727725912193,0.12191564821826525,0.1372175071061091,0.057719825827562535,0.08496777933762122,0.4,0.3,0.1,56,9.001553724702505,15.151395792332709
16,22,0.20482411001989623,0.4404586831379884,0.32318490216668494,0.3688089613926922,0.08378945834090565,0.1372175107933796,0.057719781684770134,0.09342378600243181,0.4,0.3,0.1,62,8.820395195276411,15.095032941503646
16,23,0.18689952640707233,0.4007922056058549,0.28430231301491243,0.39360788289112314,0.0708108391213331,0.13938682658010815,0.025239412628997947,0.03547630590384876,0.4,0.3,0.1,72,8.247470886063711,13.454399219561362
16,24,0.18382987687369393,0.39503862996215877,0.28060945294411255,0.39637917264138633,0.09962329338258076,0.13801134235254717,0.025348732275450793,0.03603576192953955,0.4,0.3,0.1,73,8.151770183098128,17.53978275590288
16,26,0.2092609553536865,0.48180309693655055,0.36810055662584384,0.47031437317785785,0.08869612628241173,0.17357325502636006,0.04308813228027703,0.03741198507655713,0.4,0.3,0.1,78,11.285705213811458,13.91749295352941
16,27,0.2089486894504672,0.4812544773110617,0.3677381021711719,0.47402406460705554,0.0884644608667991,0.17338828513638127,0.04311554205905221,0.03736506145991126,0.4,0.3,0.1,79,11.31786549176523,13.930341016276458
16,28,0.17701110293142677,0.43449319551872767,0.33216871851196106,0.45584287521393285,0.11944921875724834,0.1412935365901122,0.02713569560419148,0.03350051170265521,0.4,0.3,0.1,80,9.146227575808926,17.667674560663773
16,29,0.1836068896062733,0.4216332578621504,0.3182730428240835,0.45188345447656975,0.0794841915096434,0.15761501553537868,0.02753602235729886,0.041634603893613946,0.4,0.3,0.1,83,10.196954819969235,20.5075457230994
16,30,0.1581717082543788,0.36219370076948104,0.2678983243272785,0.4456286775503692,0.14949948874976937,0.1217029654292804,0.0342607738838703,0.033336359603641355,0.4,0.3,0.1,85,9.47892768965336,22.193051054775367
16,31,0.15717179409470913,0.396090335578729,0.3067036622325312,0.4772560491418975,0.06852216162591894,0.12235322645439507,0.03501560850327209,0.03386109716626981,0.4,0.3,0.1,89,9.21265289660666,22.21975820910309
16,32,0.16051937771978184,0.48596419874452457,0.40928145556839624,0.5086750219155658,0.07358508285235266,0.12986301265714179,0.046049535098767566,0.046613042688069775,0.4,0.3,0.1,110,10.554539418186115,19.51363276280386
17,0,0.8988624073280056,0.7660539689266564,0.4097093575199814,0.01402491016549367,0.0,0.0,0.0,0.0,0.4,0.3,0.1,1,9.481453367201002,75.97167416720102
17,1,0.6911566362417879,0.7148803008952179,0.4017408040164983,0.07052944283174904,0.4092468458042464,0.14937794594489803,7.093592476489e-05,0.0001293197176997,0.4,0.3,0.1,3,6.054838916153282,55.12739648003734
17,2,0.5505884777882487,0.6592246462072965,0.38024338981959355,0.07992559504005936,0.3310749705662308,0.17183234482925275,0.00028949956609841,0.00052777210258579,0.4,0.3,0.1,5,4.35379970056548,38.986417735898016
17,3,0.5417155741517923,0.6324915337216945,0.3522052544266389,0.08189129330716517,0.06883058090495522,0.1535506671267028,0.00063374836156712,0.00159838292946229,0.4,0.3,0.1,6,6.278713975943841,26.400353607110333
17,4,0.4918032438169257,0.5983027081009618,0.33012374274837364,0.06962542222638045,0.2545319992773,0.14625825104278306,0.00035340084585866997,0.00065762277373109,0.4,0.3,0.1,7,4.459457607182454,22.251891414211727
17,5,0.43143254224529115,0.5545452650582615,0.3056988044598508,0.08411644597446716,0.37730666111724975,0.16028636942340416,0.0008465561358617999,0.0019863420825614,0.4,0.3,0.1,8,4.027704400888683,15.796715925635036
17,6,0.4314167784370021,0.5545325554889373,0.3056910058154247,0.08006306018249026,0.06464707581239201,0.16028636942340416,0.0008465561358617999,0.0019863420825614,0.4,0.3,0.1,9,4.024524307890976,15.78790272508776
17,7,0.39377072910582694,0.5216882658299834,0.28256681985757814,0.08878938724216444,0.213925763932813,0.13876830050994396,0.0025162030682257,0.00423684362153748,0.4,0.3,0.1,10,5.706463654407504,40.88900310034155
17,8,0.3992147121831615,0.5464389084494418,0.3111301552514324,0.10008538850006092,0.0767021995584516,0.16961183739877567,0.0008379757752362899,0.00150106934406218,0.4,0.3,0.1,14,3.865882912173532,10.828379097092752
17,9,0.38715310558305893,0.5161195824924187,0.2800236313925049,0.10571856730774004,0.07400811171351744,0.14393395260094527,0.0027384149365949602,0.00492142442770362,0.4,0.3,0.1,15,4.947376980941267,43.303214202302506
17,10,0.34424861380485977,0.529577575052678,0.3259674049930977,0.12553816224654796,0.5279040938470282,0.14196310735081707,0.05704552093341984,0.12929742853626436,0.4,0.3,0.1,16,9.486214186148931,43.81778959934667
17,11,0.3161246260968509,0.4803765430502204,0.2833629280456768,0.11847697230641793,0.14495891747838482,0.14646095702193226,0.03661840378256726,0.07981146506718059,0.4,0.3,0.1,18,9.356578471766197,23.936809293645897
17,12,0.31590213247217863,0.4787172688959406,0.2855583403291068,0.1288942744555721,0.1492654387673821,0.16707318791315245,0.03695529898662283,0.07875394981384068,0.4,0.3,0.1,19,8.29989718510686,37.22668215536192
17,13,0.2968235511471812,0.4587134655397438,0.26728333871931914,0.1240813524650523,0.09716394654635287,0.1138750348225235,0.04518260430327572,0.11122678701147756,0.4,0.3,0.1,20,6.819681087587028,38.72683163128618
17,14,0.2990369813846382,0.4697301556876937,0.2962847870825275,0.15264050394031503,0.3671252987385798,0.17670140530849424,0.06776360973536119,0.13440639219339634,0.4,0.3,0.1,21,9.540546625664597,34.80394220838529
17,15,0.27401580706885964,0.42545577530486156,0.25148351825572096,0.13856673715968182,0.09224063837254018,0.14381736278922902,0.04726473175165042,0.10098543097881447,0.4,0.3,0.1,23,9.345941220472364,16.323090815716238
17,16,0.26769044278896115,0.433433039389655,0.26647536982033826,0.1406585531691901,0.16889992456019848,0.1650548078467865,0.036828697665304,0.07744174823895186,0.4,0.3,0.1,24,7.573603921892189,26.6038218637372
17,17,0.23177081943867656,0.36880156169387607,0.2308246987313477,0.15431047457757902,0.5634250762257388,0.15721131345517786,0.0643765316115839,0.12414112403120388,0.4,0.3,0.1,25,8.237870039561438,17.714372419682764
17,18,0.2296007754992363,0.3613142032326024,0.22782675520352252,0.16342609900377747,0.13496550616795955,0.16781345755755633,0.06420909549066628,0.12265683558373278,0.4,0.3,0.1,27,9.161919362863287,11.38718480539598
17,19,0.22000507839392522,0.3447409903552033,0.21689251874687385,0.16657834986581435,0.18778481767949365,0.16226892902738743,0.0642674738174017,0.12374899187681784,0.4,0.3,0.1,28,8.657775683036082,12.560917361844195
17,20,0.2019552151604888,0.35387092056019886,0.23705680840989699,0.15983374659619876,0.2102450019465775,0.15117494723414446,0.05659461806091204,0.10618224445754654,0.4,0.3,0.1,29,7.667016311240133,11.177987030183102
17,21,0.20159329819661786,0.3716203989912477,0.2568437211882189,0.1691326277523477,0.09045218331482746,0.1511749472341444,0.05659461806091204,0.10618224445754657,0.4,0.3,0.1,31,7.615939251461287,11.155606384691684
17,22,0.2149184090787093,0.31440690368255103,0.20518787816344877,0.1930308257528525,0.2012806446810474,0.1594115803244744,0.1070115343901306,0.18204436588545,0.4,0.3,0.1,33,7.7237211534407235,9.392487068792086
17,23,0.2086306271774887,0.32332677901538226,0.21812628358410366,0.21471484545799172,0.12874834208761615,0.154778591697014,0.10947660564671816,0.15576289382265518,0.4,0.3,0.1,35,7.346370782669784,14.455269456450958
17,24,0.202606132791511,0.3129538860783503,0.21070663219927147,0.21142805094684322,0.15531603572025973,0.14758658944006534,0.10941149441357809,0.15684236820913705,0.4,0.3,0.1,36,6.942649888825026,15.47685030311546
17,25,0.20162819704054685,0.3263945111573479,0.22862315657338844,0.22294411484461657,0.15373058269655354,0.1525011811529997,0.10953109239228036,0.15635954631004884,0.4,0.3,0.1,37,7.159515224813164,15.002144967716909
17,26,0.19703152775151606,0.3371794152373154,0.2432131612421534,0.24714114094001982,0.11263442993045251,0.1499701226433976,0.10601634949316077,0.1527780228124494,0.4,0.3,0.1,43,7.134584280217609,15.018357917761842
17,27,0.20255390895918216,0.28121128012769653,0.18589277731560175,0.24337091903279878,0.1478964793733363,0.17172231003387972,0.10896735362454686,0.1519697856727646,0.4,0.3,0.1,45,6.567004896850013,16.63146479036904
17,28,0.1682573766679218,0.29167722506831084,0.20839320113146287,0.267722053141543,0.11654360262216017,0.13244547548280539,0.07436931908919878,0.13713467918911643,0.4,0.3,0.1,49,5.988160441936563,14.479973996433506
17,29,0.16847881291141958,0.2727741035453148,0.2010937651428647,0.28003909396386334,0.16249272400869064,0.15039857800582782,0.08461596807264989,0.14355802755964484,0.4,0.3,0.1,52,6.111115440208656,10.561575224854527
17,30,0.16029592029681175,0.2533509755498096,0.18824090536491256,0.28649438678292705,0.20364662484458657,0.14622046846979603,0.08703237416861917,0.1275257402453459,0.4,0.3,0.1,53,5.666513119029198,14.633156873588248
17,31,0.15530824175989605,0.24536137413551917,0.18197653546483658,0.2860093291064359,0.12162824009568086,0.14428630665121048,0.07762468665657987,0.1278957006643869,0.4,0.3,0.1,54,5.709769847099312,16.410375687994925
17,32,0.15918033277070673,0.229073642323766,0.16489206596213637,0.3020794773408505,0.099615278765139,0.1590424281000185,0.060252316707672414,0.16747150555344353,0.4,0.3,0.1,67,7.095669196816388,13.291574788754176
17,33,0.15653337839977738,0.26323844732657675,0.20265872038769664,0.294671930494445,0.09627713450926832,0.1672435957502224,0.049857570521567515,0.14035991273128307,0.4,0.3,0.1,72,7.096432861038385,12.767465291586609
17,34,0.15409095355610694,0.29479923577189615,0.23942062640546,0.3169316719857223,0.12263528938121705,0.15047211793475287,0.07676839654604017,0.11625016848771412,0.4,0.3,0.1,73,7.958724031615098,13.470335556632127
17,35,0.1518821806629135,0.27070087315500296,0.21549346657272836,0.3226718648530492,0.10963453993799321,0.14846388107657774,0.0771968398833638,0.1162331641184527,0.4,0.3,0.1,75,7.416174711746213,12.14719566923875
17,36,0.15177573667270458,0.28883209965501655,0.2355195541613675,0.34218887734632475,0.0950102400221054,0.1489448365933249,0.07718670297899768,0.11449475922727517,0.4,0.3,0.1,78,7.389825798296914,12.289681062505217
17,37,0.20453572150423785,0.4908486159235421,0.46282572531314864,0.5017606091231905,0.17376145921617417,0.1721426029236983,0.25513904543755755,0.08910280028788277,0.4,0.3,0.1,86,7.052800830675172,16.20100203751894
17,38,0.2114372905020482,0.5162029845885477,0.4899526465152687,0.5298708615596309,0.1614835724561998,0.17254891972252964,0.2776367992843237,0.08923072995461995,0.4,0.3,0.1,88,7.081454399890335,16.60693427690679
17,39,0.21874139788410835,0.522320383748351,0.49671727740601385,0.5415469591770918,0.1742374392895961,0.1732808370503126,0.30253118087921527,0.08941519978421315,0.4,0.3,0.1,90,7.084228659882248,17.016450225236564
17,40,0.2083834151647534,0.5672593751703349,0.5470065817319684,0.5728675714809045,0.15914922383932945,0.17238950794540683,0.2695705679378685,0.0891951795569188,0.4,0.3,0.1,95,6.994559225829045,16.548083404195804
17,41,0.21366966947310806,0.5532831471679756,0.5316992238036136,0.5742945718831612,0.17098196003276245,0.17246920032060128,0.2880831775644225,0.08921046523780406,0.4,0.3,0.1,96,7.105384374767697,16.76118849369389
17,42,0.21340538429631772,0.5708609758044287,0.5513813634894287,0.5869936667212525,0.16726031121155077,0.17246920032060126,0.2880831775644225,0.0892104652378041,0.4,0.3,0.1,98,7.034781057940831,16.817345253836645
17,43,0.21897095959929802,0.5754159683400429,0.5564855518929179,0.6094084695838942,0.17474618497996136,0.17223478761275327,0.3083235851027018,0.08907949815011408,0.4,0.3,0.1,100,7.09592131258034,16.6617924577312
17,44,0.19028209312497962,0.5447397835504416,0.5268862237985318,0.6000285228915331,0.14674159491452055,0.1748472628268999,0.21089770432878926,0.0918014145687979,0.4,0.3,0.1,104,7.214378995655723,17.145534497256804
17,45,0.18700750687815343,0.5413579261235246,0.5235623383890069,0.5967850870800141,0.13946687361947943,0.17193503431380783,0.20504320220826303,0.08868369249888067,0.4,0.3,0.1,107,7.219051222902381,17.046139341622794
17,46,0.24068468691080425,0.6102037876395856,0.5959518619199736,0.665813737263364,0.2232725772726857,0.17107803475826036,0.38918882759178797,0.08932233792049596,0.4,0.3,0.1,108,7.082916527139467,17.33094856915825
17,47,0.23165257330591355,0.7855773350651837,0.7891229913053082,0.9124284593909515,0.18552868926491445,0.14885502671187703,0.3841739904496457,0.10585366346854044,0.4,0.3,0.1,153,8.582775732595993,14.611067834016836
17,48,0.20682967911161354,0.7706565035906716,0.7805281533317064,0.8983319891887728,0.20058688764015503,0.1507728454185209,0.3121394800788432,0.09772041802670324,0.4,0.3,0.1,155,8.41162276751361,14.31191775311499
17,49,0.21428916744583587,0.7780523567666108,0.7879577482517072,0.9183335005262113,0.17133767579506637,0.15131991026388422,0.33626297125395516,0.0979865858549066,0.4,0.3,0.1,159,8.443127577171623,14.543931849898064
17,50,0.21213867979650314,0.7942556448821924,0.8059852247233797,0.9319094555705237,0.16978313918706917,0.15123979865978485,0.32940442318190394,0.09794224286685456,0.4,0.3,0.1,161,8.440336379510411,14.514989348402452
17,51,0.3384127367281838,0.9757272955889777,0.9928571588598347,1.1551909055094405,0.2959884123831202,0.14934776804026761,0.7534391468638584,0.09734857209068162,0.4,0.3,0.1,167,8.774653445360794,12.307039139300713
17,52,0.1989275014141345,0.7957907161774141,0.8112516898199854,0.9851589473610205,0.16216505918797885,0.15016373581779552,0.2914312131840082,0.09752337823117838,0.4,0.3,0.1,173,7.956948281878885,14.490432590650604
17,53,0.20333696979303034,0.8358778374382545,0.8555285513308171,1.0113588422953106,0.16498236031539493,0.14915914856723503,0.3072911511540818,0.10279217739384665,0.4,0.3,0.1,177,8.470626855220624,14.441861581998577
17,54,0.20220481256400297,0.8319891780605067,0.8530879360265682,1.015232508561483,0.18524876916892158,0.15125495251564758,0.3050034153288858,0.09957306905384947,0.4,0.3,0.1,178,8.140536837518713,14.472163665640592
17,55,0.20119453328322007,0.8309595450544321,0.8520683647653434,1.022801730663324,0.16103948145572103,0.15112708792735685,0.3018556933744426,0.09949190938074316,0.4,0.3,0.1,180,8.149538102270302,14.474444253894177
17,56,0.20479827449445556,0.8522704777818352,0.8755412983740403,1.0513021850404525,0.1671013605349706,0.1511477315000348,0.3147676263523981,0.09948453580475423,0.4,0.3,0.1,183,8.205166748951067,14.467510499354717
18,0,0.790289892628148,0.7253618820386742,0.38486191567597045,0.011352073669318598,0.0,0.0,0.0,0.0,0.4,0.3,0.1,1,14.927390209881002,77.51652254321435
18,1,0.6088143052577313,0.6730969406246613,0.37750193272123034,0.07084395035891183,0.42627141608495606,0.15755732376681925,7.385705329153e-05,0.00014768184745208,0.4,0.3,0.1,3,10.132512659922792,55.24513652402309
18,2,0.4922308793808055,0.6026788893733523,0.33819331054062646,0.07774443197877791,0.3241627028781185,0.18097213955455238,0.00029542821316614,0.00059072738980834,0.4,0.3,0.1,5,7.334005906667213,38.2058820817008
18,3,0.4488263922093877,0.5690351658311299,0.3158180848810894,0.08338810563326753,0.250122872442135,0.16861544133310483,0.00065182202969973,0.0019094090910872102,0.4,0.3,0.1,6,11.183379733828634,26.7993232272428
18,4,0.35513774566988826,0.4863729902402332,0.2665706707874029,0.08563792306059213,0.3412622402125181,0.1762216519243159,0.00087339318957434,0.00235245463344347,0.4,0.3,0.1,8,7.936778039627578,15.758968577410895
18,5,0.34381465032828695,0.4931666464763424,0.28021744517444663,0.09286538561829766,0.1137401672946504,0.17890841729174906,0.00143060825837846,0.00405093292771108,0.4,0.3,0.1,10,8.318146376689977,14.905875684418248
18,6,0.3380253052607856,0.4871358457656438,0.2759039873853948,0.09534753153420426,0.09856943302246539,0.17581120921472815,0.00079979106519473,0.0021278274378419702,0.4,0.3,0.1,11,8.168119322137105,10.98040853636342
18,7,0.29991373672138194,0.44406918685246016,0.2491891861285424,0.10158391633278761,0.20198468466596345,0.15274728125577824,0.01669178433359628,0.03598914777376857,0.4,0.3,0.1,13,7.821489113255934,19.753175621239503
18,8,0.2931353212815608,0.45511513649231705,0.26346836261014356,0.11703983623383796,0.07811492713439011,0.1462235769673901,0.01221447716377074,0.039189742360980266,0.4,0.3,0.1,15,8.224108829643628,23.37372006687408
18,9,0.29530103910089467,0.4753700238912351,0.2863508190692838,0.13785293166206636,0.07726006073848096,0.15495369614638668,0.016505433473803368,0.03160452955119069,0.4,0.3,0.1,17,7.8531759528114495,16.950546674670754
18,10,0.2487268560890668,0.3645220260510689,0.18496525747238057,0.09813686845521638,0.2900800611312513,0.12756712179668347,0.00364279093330105,0.0037344583506859702,0.4,0.3,0.1,18,7.33859077778023,16.417851562452228
18,11,0.24086177545855383,0.3544080363194914,0.1779447539604222,0.10119274527999704,0.10037111149543679,0.12204962480396377,0.00313377011475987,0.00564195365597602,0.4,0.3,0.1,19,7.362501321239971,15.756148310752968
18,12,0.23875060839435933,0.36796708883848406,0.19691247923206365,0.11656896128195408,0.07456642253347971,0.13168367178285503,0.00370581494269928,0.01006295837275336,0.4,0.3,0.1,22,7.4115509236919666,15.895310496806234
18,13,0.23862383158186998,0.3622211892250959,0.19782232407688313,0.14163104086200054,0.17380356216466467,0.15343274964649864,0.008431230112670381,0.02236240311608685,0.4,0.3,0.1,23,7.795551352559696,11.999345792313088
18,14,0.21665357520755577,0.3301838948023367,0.17633172824056378,0.13801890133911035,0.23180050515524656,0.14479914582819417,0.00554835049501024,0.01603179358104868,0.4,0.3,0.1,24,7.834679574189662,12.603565457293255
18,15,0.21665244692433286,0.34869171086973183,0.19658175617157841,0.1536458881358543,0.061190313997835144,0.1447991458281942,0.00554835049501025,0.016031793581048708,0.4,0.3,0.1,28,7.834702995881561,12.603202478040544
18,16,0.20618626609526125,0.3153401634932372,0.16568010068508449,0.13928048724606884,0.12491368589314703,0.13492158638506432,0.0053955660417206,0.015224421193709651,0.4,0.3,0.1,29,8.239998063060225,13.61914142632756
18,17,0.2178371966051412,0.34493287491024643,0.1975447592677189,0.16430291497803354,0.07814292161814493,0.16081713066975295,0.00837302649762094,0.0271651162321783,0.4,0.3,0.1,30,9.375633266073956,14.957118308568257
18,18,0.19672918407693113,0.33239056067396067,0.19559134213913287,0.16421385940219543,0.20439524434875136,0.14364167956734208,0.00496799395321151,0.02277980082709254,0.4,0.3,0.1,31,7.533434844814812,13.222120389429032
18,19,0.20155050190117654,0.33658371176922003,0.2003147366448163,0.16842702743383778,0.06891099037898399,0.15743962722417043,0.01029170807180376,0.0071659762403347895,0.4,0.3,0.1,35,10.259606525167316,12.113593916521404
18,20,0.19833712501043918,0.2911727628912105,0.1557328872484979,0.17642979574560966,0.1392582778110055,0.15808051246564933,0.013420568003701611,0.02204211862534805,0.4,0.3,0.1,36,10.877655975745563,14.800226820598326
18,21,0.19614678974987512,0.33573306584679913,0.21248603374462524,0.20819437960389978,0.09047914901460208,0.18003010587034363,0.01038493351817931,0.01262333032827868,0.4,0.3,0.1,44,10.779661824780856,13.635269736555408
18,22,0.19077556196322762,0.3280959520718431,0.20658616070747107,0.20783952347353554,0.10128904189487418,0.16999239226935547,0.01141827832388009,0.01791924959112819,0.4,0.3,0.1,45,10.757496295894343,16.519403650310483
18,23,0.1701702815013798,0.29944999768149616,0.18394059043206204,0.2123032231597883,0.10851389281030704,0.13754464447119508,0.01491984762733244,0.00484951702635365,0.4,0.3,0.1,47,10.768250918860804,12.86676551474043
18,24,0.17482153850869808,0.32257306935180075,0.2088809779580191,0.23188481841681205,0.06584420701145266,0.14766634871029127,0.013579477986641181,0.01646398303531291,0.4,0.3,0.1,49,8.559234311744543,12.130062401566304
18,25,0.16646077121193362,0.30427164179955624,0.19762844043628428,0.23368045257913614,0.17772743694185203,0.14767685383511078,0.013533649835496039,0.01457250996246771,0.4,0.3,0.1,50,8.782505802531585,12.29541973237462
18,26,0.1791412749763402,0.3690131265593725,0.2699990260082336,0.30353189371509975,0.08776183359452595,0.17633504468527958,0.02414410398387378,0.02198876615185922,0.4,0.3,0.1,55,8.621455766866926,19.41083438365617
18,27,0.17857788076674522,0.3861548870069809,0.28943424034369064,0.3151360733568778,0.08448282974507033,0.1764021725325119,0.024177934701441882,0.02211525446519207,0.4,0.3,0.1,57,8.658155147490532,18.95530993700669
18,28,0.1781489663877064,0.4031992927521733,0.30892975892895896,0.32704851912456406,0.08612549470194757,0.17698490427194197,0.024584176322688688,0.022138663565861718,0.4,0.3,0.1,59,8.483540992819265,19.002911213514206
18,29,0.17582145665809104,0.3626067697986396,0.26570298833040784,0.3308262740613793,0.08585364985640602,0.1738128850378794,0.02417114293860164,0.022129854304430117,0.4,0.3,0.1,61,8.975647947201924,19.440138178628075
18,30,0.172013141979952,0.320276437797258,0.2209075970697172,0.3052576345520253,0.09273697243746754,0.16273678792792348,0.03270190066183709,0.013875271542199669,0.4,0.3,0.1,62,8.562955476327925,11.969003066419653
18,31,0.16919436409824876,0.3124047437828748,0.21642883144136346,0.3195971172097688,0.13226031813070466,0.14686568051470197,0.056333783470337406,0.014884625999927159,0.4,0.3,0.1,63,7.333391834731749,11.098283774941908
18,32,0.1640173606518447,0.3024916003578087,0.2096239919655454,0.31010890930445306,0.12533602063118926,0.15058262479656864,0.04505016595686982,0.01456365991338299,0.4,0.3,0.1,64,7.708119896741783,11.03733196460915
18,33,0.15464710803566528,0.3259185508824231,0.23926594898530132,0.3490963296723555,0.07966291625337293,0.15186786035666042,0.02463705921445563,0.00490238880654744,0.4,0.3,0.1,68,7.576022574715244,13.076801131049862
18,34,0.1546471085111306,0.32591855122661306,0.23926594932949136,0.3473754052776386,0.06862886435355155,0.15186786119307574,0.02463705923061258,0.00490238885431533,0.4,0.3,0.1,69,7.5760225012912175,13.07680124445079
18,35,0.15728071487215664,0.30935395642037117,0.22140159558438724,0.3503764158121985,0.07883194833312705,0.1568453099641,0.0274124736384238,0.00745879987263347,0.4,0.3,0.1,70,7.715720664983467,9.63017633832092
18,36,0.15415221881347513,0.3431688260180932,0.25874814985603534,0.3599366238491132,0.06941660480612218,0.15186786119307571,0.02463705923061259,0.00490238885431532,0.4,0.3,0.1,71,7.523906663276444,13.041310893399384
18,37,0.15222935365922197,0.3192946603643373,0.23532897883893675,0.37076858290824244,0.08667092831105473,0.15085258588421463,0.026232314399045647,0.00694330434610897,0.4,0.3,0.1,73,7.045892154685386,16.38185912519207
18,38,0.15039476472160598,0.31308173324665906,0.23187705999288397,0.3893915779685054,0.11444710524625314,0.15179419045376671,0.027669257481681732,0.00764347290314573,0.4,0.3,0.1,74,8.246675448525165,8.892156463005694
18,39,0.14363811529939285,0.29683839675452955,0.22149747559558142,0.3670022974267382,0.16345364881129304,0.14842125445170126,0.02871304105628838,0.00616195166610331,0.4,0.3,0.1,75,8.037443041404611,15.098439202710445
18,40,0.14357257757217745,0.27750033676815083,0.20088281421491874,0.37293770792277314,0.07648627857924672,0.1483364550775058,0.02812975397593237,0.01190827594822766,0.4,0.3,0.1,76,7.882588826361967,15.033225474684718
18,41,0.1404112289350063,0.2700652776889282,0.19603527075804233,0.37535245654510796,0.11003510605480003,0.14791373854399903,0.02685805661699798,0.00951492049143522,0.4,0.3,0.1,77,8.127607935630403,15.083131429552742
18,42,0.14043080080742268,0.2885865955593941,0.21630283654233332,0.3882949815774713,0.06823581488430164,0.14793971892700164,0.026850743407991828,0.009671045346113979,0.4,0.3,0.1,79,8.116461167921576,15.080597520239182
18,43,0.13906167420573648,0.3003312511811123,0.2330162521599131,0.409680874478878,0.08277397619892564,0.14635073174624816,0.032715725645725356,0.013666128806017239,0.4,0.3,0.1,83,8.333542555793297,15.10870207656189
18,44,0.20139064994380892,0.3735360992591391,0.3124577649558338,0.5052271890278539,0.14323393854568742,0.29349603662937435,0.041233721239904195,0.061927432938485474,0.4,0.3,0.1,93,7.886142817004985,14.35638604606055
18,45,0.1976085604712561,0.3666813110191066,0.30739199436530973,0.5252176298723165,0.14336962044240484,0.28582732862051924,0.04365594154407808,0.06273210868100242,0.4,0.3,0.1,96,7.873542943115217,13.75420840001083
18,46,0.19415837610440123,0.37979000821420833,0.3233688274519412,0.5324321396292254,0.14027198147634115,0.2827964208941006,0.0393150016096458,0.06280375914123888,0.4,0.3,0.1,98,8.57451374117042,13.052157922787831
18,47,0.1941581092526478,0.3982988834123805,0.34361953352594926,0.5537860481027064,0.13119586715999978,0.2827964208941007,0.03931500160964578,0.0628037591412389,0.4,0.3,0.1,100,8.574768763441405,13.051926177305456
18,48,0.19412415579972817,0.3788103159444109,0.32293442199574074,0.5708814786594154,0.1333772827439618,0.28364647236920393,0.03956125946194953,0.06287097803251405,0.4,0.3,0.1,105,8.616226508457935,12.286178681332215
18,50,0.1933639211385756,0.4272956328670742,0.38024085016665815,0.6424486447551746,0.14153518706181706,0.28908894003703284,0.04008520493525068,0.06146109058395145,0.4,0.3,0.1,114,8.490320100140087,12.952223544332776
18,51,0.19294528911927789,0.426387908592792,0.3796110612118559,0.662013613990946,0.13451285897919968,0.28860811231941963,0.04007543796178764,0.061475707156270556,0.4,0.3,0.1,119,8.502961530229593,12.900434219739653
18,52,0.19364531776779148,0.4611141807258484,0.41951533541377184,0.6915126005926981,0.14024250627660417,0.28921657935107586,0.04597852681614955,0.06193253085113883,0.4,0.3,0.1,125,7.245519232189461,13.829036775113828
18,53,0.19364531776779148,0.4611141807258484,0.41951533541377184,0.687551474196509,0.13567375066640472,0.28921657935107586,0.04597852681614955,0.06193253085113885,0.4,0.3,0.1,126,7.245519232189461,13.829036775113828
18,54,0.18387706870535522,0.444208341021085,0.4066128659302369,0.7159018729491872,0.14523929974088287,0.2730727330879312,0.0449100550150223,0.06346828922072005,0.4,0.3,0.1,130,7.257821175022189,14.760026872196784
18,55,0.18162302588133533,0.47756787694855596,0.44425293870405386,0.8255517786272131,0.12812230567321753,0.26262685112405315,0.0530341889538022,0.06476250153192298,0.4,0.3,0.1,157,7.756307115244645,14.483968273390056
18,56,0.18036299776684714,0.4363746128304028,0.40118184285588304,0.7142206965173716,0.13532754282159445,0.2635487428005788,0.05181235562122999,0.06422643788823869,0.4,0.3,0.1,160,7.608702257757632,14.038813249621905
18,57,0.18510422645000627,0.4754997650986866,0.4452541817275034,0.8508959527658929,0.1384708336052602,0.27439209222101485,0.05082753944535902,0.08246794046838682,0.4,0.3,0.1,164,7.844450027448488,14.255584198105351
18,58,0.18821076219898136,0.47859195080247635,0.4483377873471702,0.9918974328766668,0.1368104968032067,0.28915200102327193,0.04515052063033257,0.07116091954071539,0.4,0.3,0.1,187,8.317913274800869,13.77405756076056
18,59,0.4678111637808144,0.8234451665357911,0.8049543379954658,1.3133524742414333,0.4304795999914427,0.2780099473887229,1.0,0.0825347547435954,0.4,0.3,0.1,193,7.653147257455207,13.874747791226843
19,0,0.9638635234327632,0.7882321673974548,0.42325181658967204,0.015482092157185007,0.0,0.0,0.0,0.0,0.4,0.3,0.1,1,6.692556181024999,77.52241851435832
19,1,0.7127609014350947,0.7321253600523635,0.4173603044974623,0.08387377358098473,0.4790197209358344,0.18203281928294232,7.43460815047e-05,0.0002049009341057,0.4,0.3,0.1,3,5.7627826494354,55.79428224731449
19,2,0.7565560757274334,0.7769468765978738,0.4624998204575411,0.13221261736509296,0.12414400895644272,0.2937119559799884,0.00062669636476184,0.0082102487805221,0.4,0.3,0.1,4,7.519262172277324,69.5460138968602
19,3,0.4675164755718207,0.6066743561571856,0.35581680140640204,0.09485767462206138,1.0885493452569646,0.22007435131642675,0.0009027118236917301,0.0024879118328650003,0.4,0.3,0.1,5,10.248328863192512,25.44788737799188
19,4,0.410542827183279,0.5383131292899465,0.2988090510865909,0.07844159323728195,0.17824693983570367,0.18030868189518828,0.00036123021453977,0.00096437415361173,0.4,0.3,0.1,7,9.14225009043771,23.493152788734324
19,5,0.4105039314265141,0.5567890302165941,0.3190396389184564,0.09697899221785053,0.0724348424372265,0.1803086818951882,0.00036123021453977,0.00096437415361172,0.4,0.3,0.1,9,9.184620826961696,23.63421963678828
19,6,0.37722960772958647,0.5081833782472988,0.28146173092839855,0.08675854549199775,0.28164178647965227,0.1869561478215588,0.00043020661357533,0.00114553690033999,0.4,0.3,0.1,10,8.967489222325245,18.82945032322498
19,7,0.35246131798323094,0.5021413171579,0.2856048232028185,0.08891915055746195,0.2087054443949708,0.17960655303081954,0.0005502137957562601,0.00151743649219512,0.4,0.3,0.1,11,7.968833411874593,9.23213850234926
19,8,0.3486517881291534,0.4790300238603792,0.26735857375962047,0.10726600460681987,0.19139469575509646,0.20857847002533766,0.0016559851794549201,0.00596314210969857,0.4,0.3,0.1,12,10.07250400981728,4.359658670479865
19,9,0.3445506567635866,0.49294890459541535,0.2854252785335553,0.11577938770190291,0.10557808409963759,0.21222365670673876,0.0019064104090704402,0.00652298285678739,0.4,0.3,0.1,14,10.064217247793206,3.1840749756018902
19,10,0.33006794478067547,0.47795322636063786,0.27253078889873705,0.11078914376270367,0.11050876689226172,0.18891838665383787,0.0015488813658198698,0.00482328702672173,0.4,0.3,0.1,15,9.328371645330222,2.2636133691062432
19,11,0.3024592654402849,0.42721501571219367,0.23252016050266705,0.11649195707896583,0.1435439036838168,0.18295071672925164,0.00264147297633754,0.02335950086900537,0.4,0.3,0.1,18,12.118729124247364,4.376005353993516
19,12,0.29109689959103163,0.40932136560272325,0.22618709802704076,0.1343520185265055,0.15044279763085952,0.21504722672704232,0.0032982160559760698,0.01096509430720813,0.4,0.3,0.1,21,9.461471551851613,3.736807580185381
19,13,0.28740575087674575,0.40494092845602414,0.22285007211375765,0.1351468532160302,0.10328498328926264,0.21061248886917577,0.00345290994410231,0.011234425614647981,0.4,0.3,0.1,22,9.01194134807904,3.7515972629607126
19,14,0.2901863094142422,0.4256482092223664,0.24616299193990843,0.15693443123554623,0.10479860688074975,0.22191580888004084,0.00324454996561536,0.01081483444381101,0.4,0.3,0.1,23,8.560025709502929,3.5463666872149333
19,15,0.27918419768234104,0.4145284262654802,0.2352173508334494,0.14617594677379275,0.08156139496520527,0.18917494875283028,0.00464535092674437,0.03084898655379738,0.4,0.3,0.1,25,9.61552686202285,4.816015414775274
19,16,0.252375886851418,0.3573615235949765,0.1913360519205521,0.14318804785558767,0.3231670446286107,0.19113952791723807,0.00345870371237025,0.025902764131182098,0.4,0.3,0.1,26,11.33735601497605,3.781513960788937
19,17,0.25227161996813724,0.3757115997853141,0.21148972703456353,0.15866864475717246,0.08041866728607017,0.19113952791723807,0.00345870371237025,0.025902764131182136,0.4,0.3,0.1,29,11.245052491942928,3.759347654982747
19,18,0.25025242496370476,0.3908543586391,0.2298714421424748,0.1713647751457869,0.10478814372884449,0.19209021261270126,0.00339122986824415,0.027092673253963567,0.4,0.3,0.1,30,11.435505858537558,3.830559279230542
19,19,0.23994456187400157,0.3343597485528033,0.17935877879029216,0.1634381242047139,0.13643422230301427,0.20501758242511406,0.00561659105581971,0.017028797309321768,0.4,0.3,0.1,33,6.630180201473242,4.675649317400174
19,20,0.2354491141691776,0.34412593053116186,0.19492332151111894,0.18730110144712275,0.11995194466873361,0.20341069064269438,0.01203744486416612,0.02094932882817504,0.4,0.3,0.1,35,6.42339277303005,4.673517109646457
19,21,0.23789629682184565,0.33793017585774243,0.1964643733276629,0.21584689361139087,0.16334151718466378,0.22227339122687084,0.02062230148570909,0.05648216801033549,0.4,0.3,0.1,37,6.505578936529679,5.126067589714601
19,22,0.2378959757269149,0.33792983783541136,0.19646414820445726,0.210016196529881,0.10074446967741511,0.22227339155601933,0.02062212478734507,0.05648214091426203,0.4,0.3,0.1,38,6.5055728090804665,5.12606761010126
19,23,0.213927445591031,0.3059868025168099,0.17117699843679357,0.19381737972471436,0.13964263701007162,0.20197675868461967,0.005100811212285171,0.03573749430383716,0.4,0.3,0.1,40,9.166479098480448,2.598659880312672
19,24,0.22661879825671055,0.35388771303132527,0.22402286576574068,0.25547986202861783,0.1026818277184181,0.2290273317744231,0.01835450921020258,0.03413706734706196,0.4,0.3,0.1,51,10.506379429165516,2.7551064835017827
19,25,0.22063447003648973,0.3562106621838253,0.236036654114195,0.27035624938032754,0.16915994671845175,0.23856612806456326,0.02009688421479832,0.03304012963785819,0.4,0.3,0.1,53,9.881239345981625,2.4891724579430057
19,26,0.2281577419040731,0.36327217094101627,0.24343577779194273,0.2875747893481707,0.11796488132579085,0.2588947336726568,0.01948796847193327,0.032838292633859,0.4,0.3,0.1,54,10.485399389278218,2.6440725177448448
19,27,0.2184318917113581,0.3701078701526971,0.25347131489548475,0.28195385797677164,0.12832365721786987,0.23856612806456326,0.02009688421479833,0.033040129637858226,0.4,0.3,0.1,55,10.373049366557598,2.510262712801986
19,28,0.19794671527353705,0.3048651522534538,0.1904031887233452,0.2615410934561094,0.13682639652641504,0.20438174635875503,0.02008168642846166,0.03288772957262545,0.4,0.3,0.1,57,11.629558805053447,3.878532599686929
19,29,0.19472287451514583,0.31438888139797355,0.20574912789587982,0.27490896862571107,0.1255680151024057,0.20665501613298232,0.02250917995103472,0.031454638885754484,0.4,0.3,0.1,59,11.342001319028588,3.72292275697728
19,30,0.19472106296619957,0.33289450859509623,0.2259979125647395,0.30302724639587303,0.09257338030233996,0.20665501613298232,0.02250917995103472,0.03145463888575445,0.4,0.3,0.1,61,11.399594806713102,3.724054695920626
19,31,0.19471657599198597,0.3328843409396368,0.22599169625396506,0.3129037251690938,0.09257269041608615,0.20665501613298232,0.02250917995103471,0.03145463888575446,0.4,0.3,0.1,66,11.35926269303704,3.723187666566775
19,32,0.20573233700542876,0.38706420879851233,0.29383353492149733,0.4178008260156767,0.12426368067443903,0.2306982609210607,0.04973789394393867,0.05679502954048401,0.4,0.3,0.1,78,9.119453221815805,7.522576415378076
19,33,0.2027704196724725,0.3988828250503968,0.3098558586582046,0.4179267461045401,0.11819019383527665,0.2566312681407902,0.02312100810064497,0.029237645680740148,0.4,0.3,0.1,85,12.111335581099349,3.614963401813742
19,34,0.19164455621974702,0.404187010348071,0.3182624668675096,0.4185267298411332,0.11380285102319582,0.23218783754017366,0.02286524895798886,0.030676001276006882,0.4,0.3,0.1,87,12.266409908121476,3.233682384317317
19,35,0.18906489755185954,0.4364507566435761,0.3554238243252383,0.4442885869435836,0.10740261661463901,0.23081803694106026,0.021165535371225418,0.0300290734196361,0.4,0.3,0.1,91,12.411800962090464,2.601451223951098
19,36,0.18214279411852127,0.40649054851702693,0.3266334107599326,0.48002708355767676,0.10443197790231479,0.17649771802265615,0.04156915704353582,0.14636008156297814,0.4,0.3,0.1,98,7.698395551612043,9.99470429096352
19,37,0.17915938295627257,0.4335857895762745,0.36159481602543453,0.49007225259770676,0.16994253628539266,0.17942115915628848,0.04193033062742833,0.14691082449253373,0.4,0.3,0.1,99,7.950205335794459,11.41541727757992
19,38,0.17688895045217623,0.4457677034757352,0.37804371543659393,0.5043816654345575,0.11878150383828352,0.17533963331300262,0.04487238636491856,0.15599454949176397,0.4,0.3,0.1,101,7.562999466500395,8.15525057544986
19,39,0.1799346758794576,0.4482108258846136,0.3937403584334988,0.6085207727720884,0.1252231727763157,0.1816616600910635,0.07679947306777968,0.16990847686506896,0.4,0.3,0.1,116,8.46433054019341,5.085699475487353
19,40,0.18999877334989307,0.43883353880879533,0.3831694343543926,0.6014709556732707,0.13241279226591873,0.1846279508134942,0.10946094997216652,0.1654527307738747,0.4,0.3,0.1,117,11.65278237770982,7.144679887348645
19,41,0.18999876945506805,0.4573431200941521,0.40342053601181355,0.6346222318549096,0.1232348093262407,0.1846279508134942,0.10946094997216649,0.16545273077387476,0.4,0.3,0.1,119,11.65278142475352,7.144680669461336
19,42,0.19183693549779288,0.5508993828858119,0.50617122157309,0.6592706254785773,0.13335710924846897,0.1897816786799801,0.10972657278977563,0.16662578810861609,0.4,0.3,0.1,120,12.240175960157432,9.903295596586224
19,43,0.19031438751145774,0.4559356751512017,0.4030226618806012,0.6325999343141532,0.12723560820287302,0.18733969543193313,0.10959656597068299,0.16605197629651425,0.4,0.3,0.1,123,11.827800302225928,8.606742059503764
19,44,0.18822425957476174,0.4901285158681148,0.4411288175070639,0.6642357667647533,0.12935298327369393,0.1742163261039075,0.10742928321552181,0.2078343477763355,0.4,0.3,0.1,124,8.796961983625163,5.070552366654699
19,45,0.1855257479280208,0.46755597128775933,0.4176127283222619,0.6557126000804377,0.1271814612806912,0.1749235655178526,0.1001790824853365,0.20662124598364762,0.4,0.3,0.1,126,9.142715485714502,4.349605187996794
19,46,0.18747168082087318,0.48540263217526536,0.43871286678655264,0.6797203542144004,0.1486060139787963,0.18190267738493823,0.10176906348902263,0.20613479798565965,0.4,0.3,0.1,127,9.904282330489725,6.550211121936104
19,47,0.16993973798739123,0.41118321843621136,0.35993868864230094,0.6636157392795964,0.11222859465282724,0.20339459301189033,0.06685152576758187,0.05521545189269903,0.4,0.3,0.1,128,8.118581938694131,5.988367901243573
19,48,0.17052285514546928,0.4317517793347833,0.3813952916871791,0.6797357528464006,0.11146079104418034,0.20304726453512928,0.06688957818296473,0.05516134021172381,0.4,0.3,0.1,130,7.90724048552247,6.0240296367265564
19,49,0.17037818026825896,0.47003648400764775,0.4223449941093576,0.7590917398830038,0.10745633261533175,0.18670223485697715,0.07740870657567364,0.08062916450037493,0.4,0.3,0.1,148,8.372541039334935,5.843989320076613
19,50,0.16918224814547508,0.44554539477230704,0.39887919279467765,0.7597532180997825,0.13207518886275513,0.1887289243612342,0.07876415674913417,0.07969664811902917,0.4,0.3,0.1,149,8.495990723621654,5.597758761306469
19,51,0.16050014683344246,0.5194696085561483,0.47479603241176105,0.8869749915616576,0.09453053861204466,0.14811150099098092,0.08316717374384708,0.10008782968016885,0.4,0.3,0.1,171,9.363857967911349,5.940040571095355
19,52,0.15848311034303575,0.5348859584098166,0.49258362128130406,0.9228592681853727,0.09879697995980666,0.1484466013849903,0.08679722202155493,0.07309930809358561,0.4,0.3,0.1,173,9.41234279911601,6.19834658967125
19,53,0.16992710941844677,0.5266781614263268,0.483301010194657,0.8972923541018948,0.11580584231514418,0.17250211326455087,0.084005501017961,0.10539146865891749,0.4,0.3,0.1,174,9.501581751749567,5.977045689184274
19,54,0.16612899240103354,0.5222064187244106,0.4792216791583737,0.9338323126700743,0.10407245885358853,0.1642418993952627,0.08422948158571776,0.10312234997494474,0.4,0.3,0.1,176,9.359363739028844,6.218978981474926
19,55,0.1653888153158079,0.5388491338748289,0.4982612326090121,0.9768685396780201,0.10626391772128937,0.16272460438845723,0.08554228613135026,0.10341263088836088,0.4,0.3,0.1,178,8.496146680128653,5.9628815812932325
20,0,0.9919659513887616,0.7973816451365385,0.42883869764220417,0.016082640258914628,0.0,0.0,0.0,0.0,0.4,0.3,0.1,1,5.164268176099999,76.71427750943333
20,1,0.7276638151186853,0.7335369554470178,0.413977158315051,0.07378076197922347,0.45815186731276103,0.15479040815549416,7.135322884012e-05,0.00016069728898228,0.4,0.3,0.1,3,4.501581276380498,55.61694129167987
20,2,0.46783514108409,0.603345947883793,0.34771747252317936,0.0800816956241542,0.5759868492198433,0.18179611877853147,0.00047580583993954006,0.00107158021862671,0.4,0.3,0.1,5,7.022510876587799,32.75496795119407
20,3,0.42762128441510106,0.5718289325445055,0.3293894540409519,0.08567844539851685,0.1820052476295477,0.18759294428860193,0.00053696133110952,0.0012491538491705499,0.4,0.3,0.1,7,9.7627217622254,19.176007086980945
20,4,0.42142539670861534,0.5691593986451101,0.3356549180765238,0.11049032771763073,0.16786702458613875,0.2372919162740785,0.0009357295293221,0.0040300721190850595,0.4,0.3,0.1,9,4.648543420368977,6.0512429387810345
20,5,0.38082800456147503,0.5305843728727541,0.3119550727971899,0.11234002013409049,0.2155452527758707,0.2357632951339298,0.00134678705893468,0.00518394894091838,0.4,0.3,0.1,11,6.587906531241376,3.04757994043014
20,6,0.3749383464961676,0.5246529972990559,0.3074259761078324,0.11847776114458031,0.11558303613009131,0.23021734313376627,0.0012256550577587001,0.00443066797553825,0.4,0.3,0.1,12,7.214251508628858,4.1551463344064885
20,7,0.3729867202270921,0.5411678730698297,0.3265193395093308,0.12116262274520243,0.10659254768443707,0.2306785913911047,0.00117295943957115,0.00429070664375948,0.4,0.3,0.1,13,6.881498040523361,4.318068526458778
20,8,0.3708180531525139,0.5574708785210707,0.3451379828406895,0.12300365604194248,0.09696282410396535,0.2290256786211854,0.0010734334263002,0.0038803960997621303,0.4,0.3,0.1,15,6.480778048649976,5.108089092769819
20,9,0.3579964847484129,0.5256118021756642,0.31614098099585086,0.13941857914640943,0.12802992946862965,0.2255060584291613,0.00086851294403947,0.00330804417851676,0.4,0.3,0.1,17,5.8477942346685,6.297066360237459
20,10,0.35878556496864505,0.5448177954937946,0.33765629009248616,0.1555719396667017,0.09754053050439511,0.23066000136286594,0.00097616169505191,0.0039148529692247195,0.4,0.3,0.1,19,5.5627765979455965,4.462448447689605
20,11,0.35878556591074084,0.5633274473878699,0.3579075047737394,0.1642588018701566,0.09294856448659135,0.2306600013628659,0.00097616169505191,0.00391485296922471,0.4,0.3,0.1,21,5.562777106648953,4.46244902021407
20,12,0.33025907570039226,0.5151247159959857,0.3133307573054047,0.13306329824961166,0.12045651534645854,0.18917767472113525,0.00160719510941402,0.00886966538004776,0.4,0.3,0.1,23,6.533445280129499,9.22442804859384
20,13,0.35096461892493946,0.5156986372046265,0.3174537523089677,0.1732514012880055,0.13831004050111168,0.14897548975419056,0.11016161723440876,0.17072181467360614,0.4,0.3,0.1,26,9.33903086922609,35.946254698903495
20,14,0.3183555932161485,0.5170467066976357,0.32953570902936963,0.1633657721018343,0.1512037918251649,0.20798011243920086,0.01893752879752918,0.03787961950844504,0.4,0.3,0.1,28,6.398808269008619,13.027462431536112
20,15,0.30373223529011234,0.4554220273599692,0.28095455282525383,0.1784277144391815,0.3780750367350123,0.15108448240246436,0.10993667619721928,0.17084559736978722,0.4,0.3,0.1,29,12.04591921327611,28.191204818020395
20,16,0.28912544708591703,0.4957579799779365,0.32727921600215526,0.17436365974593807,0.11319499400178615,0.227160853342435,0.01634367628046769,0.01501548210293715,0.4,0.3,0.1,30,7.472635756709041,7.801855160518293
20,17,0.2851858704937484,0.5092026283753252,0.3439670826268329,0.19187347870703989,0.10204361765183943,0.22422889457844283,0.01629228290104403,0.014812532183162138,0.4,0.3,0.1,34,8.185706641895212,5.95207964408961
20,18,0.28324506958595097,0.49016322061634515,0.3212960386100228,0.19236855013196236,0.11532986172928296,0.20893924412380527,0.01902233910045734,0.01394273715641448,0.4,0.3,0.1,36,8.802067743308044,10.613311426810652
20,19,0.2811346032213058,0.5058472489938317,0.33968804617395554,0.20189426598411178,0.10079212984110729,0.20800029030358994,0.01905918779375165,0.01415073573300768,0.4,0.3,0.1,38,9.488724953860386,8.219226075875014
20,20,0.27169419902988384,0.5095495734904186,0.35189515451630116,0.21021729829972238,0.10485039795464961,0.21408808015871655,0.0192012703265806,0.014996089996040199,0.4,0.3,0.1,40,9.754721829269684,8.73604360593559
20,21,0.2517953225999453,0.4674631150547661,0.31230792351670933,0.21711878920497726,0.11295984466519488,0.17547614124235955,0.02142830851072216,0.035902965232683846,0.4,0.3,0.1,42,9.094906034047623,10.845907189145777
20,22,0.24919060904335166,0.4931611379489493,0.3506478857646658,0.26248154938893753,0.1294736948974022,0.18002278780828704,0.03998185638387763,0.08406175024227965,0.4,0.3,0.1,46,8.345020323763867,9.592801608761205
20,23,0.2519824375641372,0.4943393102643553,0.35340163200904506,0.28090216351859004,0.10270071445924443,0.18493937959710258,0.05490411912465112,0.07187476239839849,0.4,0.3,0.1,51,10.614125605146178,9.6792088485455
20,24,0.24649112403687287,0.4865637140826389,0.347839894387433,0.28084491845956167,0.10753684945603792,0.1789764768776912,0.059438032635334495,0.06122704756037154,0.4,0.3,0.1,54,11.02382700189175,8.556430451378205
20,25,0.2438879711926961,0.45658495540936916,0.3241620166890445,0.2838743319421078,0.17003499438186517,0.19815632269091238,0.057116269224900595,0.0833250978350686,0.4,0.3,0.1,56,12.61084251851873,11.929030662371249
20,26,0.2332901536412709,0.43928208042550193,0.3125654605213208,0.31202319304419973,0.11734853078565391,0.19233786767430008,0.057780467109967,0.07812738176234851,0.4,0.3,0.1,62,11.445980528020833,7.8912103624634895
20,27,0.23329026963205407,0.45779184928077704,0.3328166509463369,0.3187648901907802,0.10217913531352985,0.19233784266723017,0.05778041894968301,0.07812738370910852,0.4,0.3,0.1,64,11.445979271504877,7.891212281583269
20,28,0.2302601510674028,0.5256065328267779,0.41021222424946147,0.3635659235807338,0.14588120711574076,0.1937673791565029,0.058245086906734175,0.07592912136403529,0.4,0.3,0.1,65,10.807861998586436,9.650051349455044
20,29,0.20144640550137405,0.5493912778282981,0.44157457546157514,0.41242366883465453,0.0782313027948677,0.13833270683734383,0.04578516986860999,0.07803804491037743,0.4,0.3,0.1,92,8.760190956381676,12.920519459525702
20,30,0.19350300913133997,0.5338235865989871,0.4319315999842482,0.42957920577604664,0.10048118935608302,0.13765626276401052,0.045603572888882185,0.07777066379958475,0.4,0.3,0.1,96,8.736917986791092,12.991933180236089
20,31,0.19416066826553363,0.5713562494962273,0.4730568690468716,0.4568852022791769,0.07775571085078542,0.13767995212366743,0.048230144111488696,0.07774424730216792,0.4,0.3,0.1,100,8.7353735606992,12.982329421438015
20,32,0.21971583917310383,0.5408866043156249,0.4377387610532584,0.5285909321174009,0.1042318752403613,0.19559203134529415,0.0606648998779333,0.06904121647024604,0.4,0.3,0.1,107,9.674417397231988,2.191528953984488
20,33,0.23023171398546338,0.5841720692823689,0.4876891505048647,0.5729911574030064,0.12345517927779312,0.2115553536589671,0.072059581271742,0.1153852012261856,0.4,0.3,0.1,116,8.086370863917836,5.331870180250241
20,34,0.2302319312798006,0.5656626368719028,0.4674382683310529,0.5806155149367831,0.11777925936981341,0.21155536483253232,0.07206007163728631,0.1153858802713843,0.4,0.3,0.1,118,8.086326833081904,5.331870260172833
20,35,0.23007102661478288,0.5802623414247409,0.4865287743647463,0.5914171580038056,0.13571301075662143,0.2212051129880457,0.07279194245392069,0.1061005202550549,0.4,0.3,0.1,121,7.555679174494482,5.000331222930487
20,36,0.26592235335824255,0.7201558723533242,0.641888771624575,0.8262216862950308,0.16449525367198276,0.20533297574810802,0.16823494264098515,0.30047152680154776,0.4,0.3,0.1,165,8.83191299421118,8.991344622019561
21,0,0.8372936744951173,0.7435913585378685,0.39599323733202046,0.012549430328113672,0.0,0.0,0.0,0.0,0.4,0.3,0.1,1,12.388085524964,75.74605665829733
21,1,0.5963787803447214,0.6598104152899084,0.36378942338782416,0.056535064703971044,0.46585755491588754,0.12161288461122356,7.592401253918001e-05,0.00011104505639157,0.4,0.3,0.1,3,9.990287422978556,54.13570356025301
21,2,0.4410006317352102,0.5602028872029272,0.3056191459826275,0.059028076225895336,0.3906550212238974,0.13838760101961756,0.00030369605015673,0.00044418022556628995,0.4,0.3,0.1,5,8.989197308220268,37.8028612679585
21,3,0.4088994257721472,0.534873431028682,0.29125717928311656,0.06268639443673606,0.1470372025165965,0.1450571019702595,0.0006833161128526699,0.00099940550752416,0.4,0.3,0.1,7,9.349002454490387,26.70139938695954
21,4,0.3621424968508566,0.49180425867364413,0.2581405630696752,0.057806683881559934,0.20182068576468476,0.10121101151658018,0.00071650174002658,0.00119322339576225,0.4,0.3,0.1,8,6.165541630686639,15.391202545691598
21,5,0.3304087634211255,0.4801715432082559,0.26070359660865816,0.06422841488922465,0.1433960263095028,0.10557176023631047,0.00093631642916682,0.00151472029423921,0.4,0.3,0.1,10,6.737192427397341,11.331085718342214
21,6,0.3407123070851328,0.4904099980566049,0.2751904337411371,0.099759092035034,0.0811704787227017,0.15259747355343214,0.00662554804985916,0.00783613677265715,0.4,0.3,0.1,14,8.898065874779679,22.040287826120416
21,7,0.32318415410674,0.4724618326355184,0.2601388644507595,0.08874414985665957,0.0994978487703932,0.13245443054308786,0.0008270514189054701,0.00071125375080624,0.4,0.3,0.1,15,7.909109701743728,11.1058015662076
21,8,0.2998635807035765,0.44792975457420703,0.24180010949802497,0.08708088463905343,0.14481178366674355,0.11046303088214274,0.00116945060082428,0.001386309979841,0.4,0.3,0.1,16,7.1487187633641565,6.78210227759473
21,9,0.2964859311907949,0.44400866260115507,0.23990281608149153,0.09057771304383913,0.07868918399196917,0.10745267552065503,0.007038353739729,0.00858517994285315,0.4,0.3,0.1,17,7.650153478225204,6.554122102553351
21,10,0.3485889936252788,0.5319097057728923,0.3351084232834348,0.15877876108807198,0.16847130818598782,0.15857763871631392,0.02310568818626414,0.3628454241526282,0.4,0.3,0.1,18,8.454539108625674,15.912058278775165
21,11,0.2994037452216884,0.46278951434655596,0.2679576673545304,0.12290308404576854,0.09558189297847504,0.16286171872828362,0.00099668791308679,0.00123553344103879,0.4,0.3,0.1,20,9.023454110913868,10.947811088227615
21,12,0.28564469206360815,0.42966754719943095,0.23529436400328743,0.11040917265978047,0.09296127741534378,0.1345443162632095,0.006375255533698181,0.008750208775836269,0.4,0.3,0.1,21,9.892551521555983,11.679152229530755
21,13,0.2775385607497644,0.457277958797419,0.2689363828918208,0.11885808109793107,0.09420700342356567,0.13323351834112596,0.00112798652953142,0.00109915542051135,0.4,0.3,0.1,22,9.719841637832909,17.07499744729451
21,14,0.2770721909222849,0.45678427034659574,0.2684973078029367,0.12726064775843987,0.0542680553480142,0.13229822137086453,0.0011527626378369,0.00123141961718209,0.4,0.3,0.1,23,9.638172583328336,18.392204052635996
21,15,0.3233323417941755,0.503038735932709,0.3168171175766772,0.18186668245220916,0.14667259307367544,0.16156955764762565,0.02175472399851277,0.337927527776774,0.4,0.3,0.1,24,10.616486438333292,14.552537848557748
21,16,0.30550644211347533,0.461261422749901,0.2808201227153925,0.1588192680141572,0.2143640458872353,0.15610565891005238,0.019734939478119322,0.32634143190878245,0.4,0.3,0.1,25,8.563043800358479,13.977826921662324
21,17,0.30117526854986304,0.4910071515231988,0.31841923039898795,0.1889385618531672,0.17564462023105515,0.16156955764762565,0.02175472399851278,0.3379275277767742,0.4,0.3,0.1,26,10.193924384243369,15.900484432354446
21,18,0.28835043122404747,0.4757646223435702,0.306495499415078,0.1910168194129508,0.15192047739437523,0.15473957033078872,0.02951164687362896,0.2747846128595794,0.4,0.3,0.1,27,10.823635709559522,18.70517145735779
21,19,0.2844455619971896,0.45303436997501645,0.2824410882985832,0.18467733856755433,0.10182640613982175,0.13594675771967887,0.01905622501947682,0.3498359397595024,0.4,0.3,0.1,28,9.699082129086804,12.410356141916672
21,20,0.27884499055372974,0.4784161507835697,0.3187680972620872,0.21003033790994177,0.2233204640237016,0.14319297571489747,0.02121383501622015,0.389647779483899,0.4,0.3,0.1,29,9.593166942182023,15.626304006892092
21,21,0.22073707450420568,0.40831421343275354,0.26141999987161635,0.1903680569577466,0.13403147662335357,0.13829330175044605,0.011301557261686319,0.06550648267524135,0.4,0.3,0.1,32,9.700242455387285,10.873157239458804
21,22,0.22073707356283714,0.408314212490992,0.2614199989298548,0.19036805601581958,0.06525851443031336,0.13829330097008477,0.01130155654255851,0.06550647853645478,0.4,0.3,0.1,33,9.700242467251408,10.873157244416232
21,23,0.21840313869366743,0.4232160248276156,0.27930522789484175,0.19980071709650601,0.08494061759076559,0.13742453584786785,0.01113342254342168,0.06530291575457954,0.4,0.3,0.1,34,9.62446989936172,11.2617800348481
21,24,0.2525946466255599,0.43821094955546863,0.293219594885647,0.24168425594063164,0.10360240242193922,0.1353099031265134,0.02180314788972735,0.3937723727400714,0.4,0.3,0.1,37,11.002428443694075,10.69517695502944
21,25,0.2655068059237746,0.4621340478056367,0.325818485974799,0.27416827471837396,0.23546900658135944,0.1509046314097698,0.03075617652062665,0.5367553226465265,0.4,0.3,0.1,38,10.475269999941297,11.272341680373776
21,26,0.2655068079880424,0.480643699699712,0.34606970065605225,0.29521314666005605,0.12326440740850804,0.1509046314097698,0.030756176520626632,0.5367553226465263,0.4,0.3,0.1,40,10.47527002047013,11.272341471575109
21,27,0.25855360751824774,0.46950587124131393,0.338595849305923,0.28573838440035504,0.1807784962456719,0.1466449547259353,0.03086903006869845,0.5361760110816007,0.4,0.3,0.1,41,10.36135187604941,11.317438725445314
21,28,0.2226173918674581,0.42383153927447803,0.3010460362712341,0.2877886434716335,0.1407352230502372,0.1269623994126072,0.0227029334700581,0.39131420205852374,0.4,0.3,0.1,44,10.341811386350594,9.20759997902094
21,29,0.21967717873847786,0.42045911573251005,0.29798441491811556,0.29273645054568603,0.09639634699304134,0.11834497025090078,0.0248986658853803,0.3934540955753255,0.4,0.3,0.1,46,11.095466335065986,9.376697274610365
21,30,0.22187611066641322,0.36606282880141106,0.23921478711407257,0.21883095016701554,0.10436487592857936,0.12892591960018354,0.02261430166214545,0.39117053759686243,0.4,0.3,0.1,48,10.285095829302431,9.416057946286363
21,31,0.21975157830299694,0.37610536763572733,0.25595775258391035,0.242745515603185,0.1285723586401186,0.13915737146757406,0.02290172846551383,0.3920654402715969,0.4,0.3,0.1,51,10.848222339582026,11.139052025518149
21,32,0.24874044572628584,0.4503638800034837,0.3430544350348167,0.3920008661289084,0.2013863552457721,0.14489930432993847,0.06257996774476345,0.6328917514572022,0.4,0.3,0.1,53,12.14121149841122,16.366912571946184
21,33,0.2410672636965719,0.46083160226402053,0.3555305351499187,0.39635665055420954,0.13482357953154953,0.14310837143502877,0.05938384202328841,0.5760785521675695,0.4,0.3,0.1,55,12.164497483443924,16.37935358087864
21,34,0.24425120137399436,0.46073601853409946,0.35779427632560507,0.3981711583784197,0.17313489708336507,0.14136283648438058,0.06270477928276377,0.6327342085586551,0.4,0.3,0.1,56,10.628807912723286,14.096088616828956
21,35,0.21231602712152953,0.40894180321593127,0.30521241138432376,0.37397335002491006,0.12688419993360114,0.13457730428800616,0.0553883093855686,0.3734785137544667,0.4,0.3,0.1,57,12.369312929920468,16.11686301829047
21,36,0.2256287920549664,0.40692881711538276,0.3137149788060393,0.40459857447812236,0.30297577209056437,0.13108951832656424,0.06026510909237096,0.6227272690860857,0.4,0.3,0.1,58,11.633581641126142,13.564486578718892
21,37,0.23223642624509802,0.45051134389436115,0.36084708433385865,0.43173861233162997,0.14018160890554807,0.14331695874991107,0.06075732171965208,0.6396825364932424,0.4,0.3,0.1,61,10.973857203785425,13.994375558575255
21,38,0.22258987804091046,0.44340707772567567,0.3657910911752065,0.45449718509626125,0.22331869188793485,0.14732497392632898,0.05950964822513934,0.6359522794363388,0.4,0.3,0.1,63,10.847136889039271,14.295749532620311
21,39,0.2202785555789729,0.49479121118510216,0.42355404671099034,0.5179567066246012,0.14126882329603807,0.13252919886244263,0.07642702103650077,0.6325794033914096,0.4,0.3,0.1,72,11.02041307963574,16.14898987020378
21,40,0.14412680404981207,0.4183154422788379,0.3603488737307706,0.48557973199591614,0.09457038124508624,0.11975469218401105,0.0372615222182794,0.14741031858011416,0.4,0.3,0.1,81,12.710375885691551,17.53544894141827
21,41,0.13481191850222768,0.3975886822412749,0.34633454598802005,0.4834349605724769,0.17870876300242117,0.10906588791416907,0.03728006032115945,0.15522856450454098,0.4,0.3,0.1,82,11.507171641356878,15.612687874166662
21,42,0.13481191561322192,0.3975886814036926,0.3463345451504377,0.4834349597237542,0.07033373564472167,0.1090658870213845,0.03728005926084272,0.155228562880806,0.4,0.3,0.1,84,11.5071717815053,15.612683156944376
21,43,0.12584118384955378,0.39938809575940126,0.3543359651901724,0.494744924477026,0.1372180394307767,0.10497367574273225,0.02829008843688609,0.1460198238389166,0.4,0.3,0.1,85,11.702998842691503,19.419473791252607
21,44,0.13253419625023946,0.32670097505684154,0.27772533320986564,0.4688400838808963,0.1236468246994705,0.12115049221565928,0.036645022390491486,0.14790246920360578,0.4,0.3,0.1,86,13.185706473664926,11.412072236206267
21,45,0.12645371763203384,0.4038236467673073,0.36878932972789663,0.4965743252448627,0.15678597162769703,0.11743401431697793,0.03591500519518219,0.14511613560957254,0.4,0.3,0.1,87,13.153376234357715,15.021933553199682
21,46,0.12552289047932824,0.3986620426845727,0.365968592104934,0.5089105738239342,0.08257006223641268,0.11935694651318463,0.03630638685428536,0.14475189609811462,0.4,0.3,0.1,91,13.108450669798644,16.999011046405254
21,47,0.13165878120738894,0.3093883394424233,0.26956084296868743,0.49665052078560656,0.10587703547794117,0.1233669929893828,0.03898692786131418,0.19382360685937502,0.4,0.3,0.1,92,13.15570364280029,11.424142586035684
21,48,0.12425027523639474,0.3927820918169901,0.3626185799268914,0.5170220116473213,0.08918888204626087,0.12116167569901187,0.036112150329626,0.1442903229872105,0.4,0.3,0.1,93,13.168542329028838,17.156488749973864
21,49,0.13061539270358052,0.30563344465671927,0.26729002005195146,0.5041832316250482,0.08902423476441529,0.12381794708228083,0.03855960651360387,0.1938673929028997,0.4,0.3,0.1,94,13.148003564770798,11.26579497478251
21,50,0.12347666560424386,0.40945703232091935,0.3816149160416312,0.532423299503536,0.0742304782586627,0.1212297966387462,0.0353455264841757,0.14286338776243473,0.4,0.3,0.1,95,13.201928345587206,18.36911702818362
21,51,0.12856931847636366,0.31939664138404306,0.2842660376964463,0.5167004491785897,0.10246546287268103,0.12233285230639647,0.03947595271316673,0.187381143515568,0.4,0.3,0.1,96,13.161478520500586,11.344329836138591
21,52,0.12449656706840775,0.30780650746657195,0.27673768339258864,0.5226838955059415,0.11122369318368755,0.12339990502080016,0.034923548017665715,0.18518400997281412,0.4,0.3,0.1,98,13.24391130964779,11.001308900173578
21,53,0.11685235244334506,0.3869272370671684,0.36765817485134444,0.5762683631892086,0.08953163620400875,0.1153017589345044,0.03922410549486474,0.14981254276237216,0.4,0.3,0.1,101,12.613706678320598,16.06739568050345
21,54,0.11770097850938921,0.3864714661609265,0.36789595101461436,0.5814834679237706,0.08541751924496577,0.11814508995512767,0.039472433505024426,0.15095110525645736,0.4,0.3,0.1,102,12.698305664854232,12.871848383586205
21,55,0.11779374860330977,0.38567796708443486,0.36757310057769765,0.6202423382830575,0.07650758490183283,0.12456439885398589,0.034658399978728785,0.1438656616407934,0.4,0.3,0.1,106,12.695347257846,12.699556221978511
21,56,0.11724909295583959,0.4021724924106809,0.38658843779953905,0.6344286117189262,0.08722085730064465,0.12042010557994029,0.03815673801394698,0.14981200837715233,0.4,0.3,0.1,107,11.999680137907678,10.53245331547775
21,57,0.11200848164051962,0.375968594418892,0.3599398113640913,0.6236167276259108,0.09120793185643136,0.10966287479016519,0.03634437632383194,0.15463745160770964,0.4,0.3,0.1,108,11.799189290045648,11.923257282633797
21,58,0.11619739705543085,0.3792306617274404,0.36369046342812267,0.6256042214158491,0.08265232240681056,0.12466111357138324,0.03674273338854801,0.13862009199467576,0.4,0.3,0.1,109,11.876897071355302,10.587512343249363
21,59,0.11117594066601126,0.40095907324463503,0.39427352676869043,0.6236905560260306,0.16015576121207004,0.12435922656431622,0.03633632056225638,0.12609044558629726,0.4,0.3,0.1,110,11.454503635047432,10.63069971451767
21,60,0.1042890065605547,0.38240808264089554,0.3817350425273084,0.625576839599012,0.10256631147128127,0.11400497386581963,0.03791661366062406,0.13167017137826903,0.4,0.3,0.1,113,11.694093606496995,9.77074830762938
21,61,0.10475450419806885,0.38261275731918276,0.38207311769088825,0.6463577895972001,0.07112180063134664,0.114146224710951,0.03963848489027141,0.13141294219892602,0.4,0.3,0.1,118,11.867886060227276,9.764463321584628
21,62,0.10308179753049256,0.378352047389822,0.37913407903970464,0.6625899632496145,0.07517116733318208,0.11185730090884458,0.03801200202803247,0.13678400984239808,0.4,0.3,0.1,122,11.96979421118498,9.227974537200048
21,63,0.14443169789106347,0.6363773325288686,0.6608223425862871,1.034871967636511,0.11368790926708705,0.13058092573545288,0.06477256219212459,0.41171081795964126,0.4,0.3,0.1,175,10.270788556427735,10.400895106577266
22,0,0.9704115061179132,0.7903865806153507,0.424567357485283,0.015623380795630274,0.0,0.0,0.0,0.0,0.4,0.3,0.1,1,6.081325220801001,74.93451655413433
22,1,0.7372935537698938,0.7357834791799631,0.41373531730787655,0.07005581529200364,0.411848718769627,0.14444885054036,6.093366771158999e-05,0.00011547267697324001,0.4,0.3,0.1,3,3.7389816287522977,54.74995529480744
22,2,0.5540339279634575,0.6417619425581398,0.3594618277737988,0.07408216637419328,0.3873698778689025,0.1643734540153886,0.00024373467084639,0.00046189070789295005,0.4,0.3,0.1,5,4.5332358374419925,40.670491817983866
22,3,0.45018540791882694,0.5696770092248211,0.31547948456446895,0.07454844094902999,0.2932629641182475,0.16452070554655662,0.00030392161897001003,0.00057141840069292,0.4,0.3,0.1,7,7.344942352817837,24.53359700166869
22,4,0.42142672708454343,0.5469135212918445,0.3023141163816625,0.07818800086430379,0.1454776724136254,0.16886360874411133,0.000608589957528,0.0011487817855591101,0.4,0.3,0.1,9,12.79828345804279,18.334136844987643
22,5,0.4185186903757595,0.5440857742642293,0.2996458630105941,0.08014060328408025,0.06800139399256591,0.16308556553237225,0.00042230550264848,0.00063623121777794,0.4,0.3,0.1,10,11.027038027915047,19.95172198868079
22,6,0.4190798389180884,0.5634025712957286,0.3211979725015081,0.08652746055254346,0.07548906885971644,0.1681005762471485,0.00053180936981136,0.00100327831701388,0.4,0.3,0.1,11,11.449090324516192,19.377734959454155
22,7,0.4046076130249861,0.5509917328903678,0.31347781399079555,0.08980453124374205,0.1430594704764716,0.16707555870434967,0.00062714018672407,0.00117450656211921,0.4,0.3,0.1,12,9.696507195064004,13.333310811365592
22,8,0.3797761137400313,0.5093720680106106,0.27545173210793616,0.08658989503968964,0.1439954525270539,0.143306655125562,0.0008301826355029201,0.00155425751252909,0.4,0.3,0.1,13,5.562698274950048,18.496948838945425
22,9,0.3730525735317597,0.5039790041339038,0.2770136712232964,0.09788927959197004,0.1827500389261324,0.17158052155384615,0.00255068114267031,0.00798412044495159,0.4,0.3,0.1,14,6.130170670795705,25.75137773486709
22,10,0.35938737346969285,0.5091036024944076,0.2918454785294151,0.10604857940534966,0.20608066635353728,0.19149783362514,0.00086286816252522,0.00410382795620118,0.4,0.3,0.1,15,6.045344041649518,23.56925612734793
22,11,0.33171244748761103,0.4797627823604883,0.27369703631872583,0.10861970200087351,0.16720018691913854,0.18954573569384472,0.00121768654260643,0.00488200738769606,0.4,0.3,0.1,17,11.197860893540582,18.161594007789947
22,12,0.329188283947557,0.4771253232896867,0.2715017619593167,0.1121482132081333,0.08232091232104709,0.18616544528427892,0.0009309319760952299,0.00424413612150077,0.4,0.3,0.1,18,9.153477655360572,18.69296730070801
22,13,0.32339532043860386,0.4711202250395459,0.26629238161899055,0.11606606007299702,0.07764338644576421,0.16462638802689167,0.0127869900252963,0.01521678380104699,0.4,0.3,0.1,20,14.866085458933236,15.116889425844311
22,14,0.31000979210588997,0.47448705778700967,0.27688116323554646,0.11942125503911198,0.11448568235747415,0.17291952832683893,0.00161322375841403,0.00488451280679219,0.4,0.3,0.1,22,6.971932077173437,31.745164477017763
22,15,0.3115186561451848,0.4947640058645711,0.29971859196979245,0.1317501506692627,0.08273183524817405,0.18217929446303946,0.00117241731702829,0.007875166652624551,0.4,0.3,0.1,24,9.487496694469485,31.267925898932813
22,16,0.3040282239099713,0.4671671280314151,0.2729234400799961,0.1315099285360045,0.1083738599332242,0.17661387003007065,0.00115813005126053,0.00462194354826608,0.4,0.3,0.1,25,9.423574021380716,20.318779773308258
22,17,0.29218334334103885,0.4526540664095186,0.2640839292071971,0.1326268987708161,0.16332964782271198,0.1766263830730407,0.00158172803314568,0.00388004481669904,0.4,0.3,0.1,26,14.278634912630965,14.865519100494124
22,18,0.2913743162759844,0.4701077205740729,0.28374805889650834,0.1390801337800061,0.07922411860051502,0.1717319974146234,0.00643465147728896,0.0103818628446304,0.4,0.3,0.1,27,9.60636729771985,17.94565988539787
22,19,0.29125794800616833,0.46775837959650485,0.2854203489813579,0.15265679669656976,0.14470150218172403,0.1939883211141085,0.00447846180535253,0.00701533631307043,0.4,0.3,0.1,28,8.163912671966674,20.01983328315833
22,20,0.28324934208069663,0.45856435488847547,0.27819488858507124,0.15030697193081194,0.09288282345833372,0.16268505941767492,0.028092969828336166,0.02000045437264717,0.4,0.3,0.1,30,6.094144156378459,27.35892170055624
22,21,0.28273572000846614,0.4542163103130363,0.2796618532476312,0.16653470371450182,0.1718498125416131,0.18818035374259173,0.02839001993194535,0.02298935709068845,0.4,0.3,0.1,31,6.6026183984629885,22.83473039751213
22,22,0.26867892436386476,0.4385757738736736,0.2662287686859457,0.15516709634947098,0.12043348016172477,0.1638574915860157,0.02857036744744535,0.02002472666045321,0.4,0.3,0.1,32,10.905742012174644,20.213824627779516
22,23,0.26940284850291185,0.4360668753105153,0.267958374045205,0.1696848717373259,0.14380437525571657,0.18386012143558916,0.02881566948987253,0.023042540242301752,0.4,0.3,0.1,33,11.189752705879496,16.45037204141734
22,24,0.26308784722280154,0.4270653593987245,0.2622538392278445,0.17150885853857945,0.1371511347585712,0.18265199747548916,0.02864049541424522,0.02305796220413242,0.4,0.3,0.1,34,9.591589677217302,17.965730547956152
22,25,0.2548400391474012,0.41772426240245825,0.25420576619843593,0.16818543265247612,0.105020818539063,0.1692717455715325,0.02754020300808403,0.01967615737128052,0.4,0.3,0.1,35,13.265295774730893,16.119725375379733
22,26,0.241933787155812,0.40358383312091983,0.2414942309282988,0.16038760902794857,0.09206460404358585,0.13092014704875482,0.04041782593225052,0.029743565211064898,0.4,0.3,0.1,36,13.24979457991721,20.68114405768265
22,27,0.21825953273808676,0.437840808891465,0.29921960781935386,0.27081075034542257,0.08271009384541722,0.15915448936293072,0.01545771721965353,0.01768350272069655,0.4,0.3,0.1,57,9.371969345915536,12.601016935630994
22,28,0.21370005789113214,0.45074186598633115,0.31483248242151873,0.28241077359954925,0.07479701260887224,0.1536210221444916,0.014217692467856091,0.01237213895384985,0.4,0.3,0.1,59,9.771872675034825,12.429444131751865
22,29,0.21060820692530666,0.4631562232794465,0.3317128324544363,0.3019848845099958,0.0788672703084211,0.15373643165703266,0.01535655268023356,0.01750997773563297,0.4,0.3,0.1,63,8.25052076052253,21.31351712605053
22,30,0.2289836716432051,0.4577377643384931,0.329176995031354,0.32493521419191085,0.1676226549663498,0.21141433537599338,0.01825478439308871,0.027772400843772138,0.4,0.3,0.1,64,9.097693283503748,10.35207785994331
22,31,0.227739522004405,0.47490672183329086,0.3481700985918356,0.3427888819715794,0.09235849028249621,0.20874619493096006,0.01809459332807972,0.027639677728935656,0.4,0.3,0.1,66,8.751109597365144,10.792507406813074
22,32,0.20006049388353336,0.4445206855996465,0.32007604486840546,0.31426186584137594,0.10427191780628153,0.1545287041941127,0.01210460193935354,0.017482916744093212,0.4,0.3,0.1,67,11.167097669985816,12.18680041262744
22,33,0.20108424513542625,0.4446535825710942,0.3209527841603448,0.32346293519758085,0.08126317752209976,0.16008100402721998,0.01172477475971579,0.01684465135938748,0.4,0.3,0.1,68,9.856784835137288,13.340887573755664
22,34,0.19626881000041124,0.41483645726402474,0.2946786080265237,0.32725829595977723,0.15699743273736202,0.16305061713174884,0.01368603805207116,0.02172186835286738,0.4,0.3,0.1,69,9.260664401956806,15.578596507343727
22,35,0.1956496505109289,0.43212994457332016,0.31418714308809775,0.3588748932624321,0.07340955685786318,0.1630506170948156,0.01368603806290175,0.02172186828923765,0.4,0.3,0.1,73,8.898454581465447,15.253829166018155
22,36,0.19564682489058713,0.45062993669415363,0.33443408871111396,0.38241930643912014,0.07154663256316415,0.163059527298114,0.013683363921308731,0.0217374574309716,0.4,0.3,0.1,75,8.913143112830536,15.278916017220064
22,37,0.20016728007983037,0.5081807686463751,0.3991759716166051,0.38733816028000234,0.11038851142748365,0.18310465672250006,0.01304749542922512,0.01418831205542361,0.4,0.3,0.1,76,14.056477380269596,25.44091910977373
22,38,0.18595959547074825,0.41585556840955706,0.30303247909402387,0.3622881736159355,0.09383340655775432,0.1577732554324139,0.01277433071877703,0.01430740651595864,0.4,0.3,0.1,78,13.092957389061493,17.462888158297954
22,39,0.17860088116973252,0.48858638552088185,0.39373435236934773,0.37869176872517585,0.147920047919849,0.14302518771406486,0.0366331799217438,0.04145348567290519,0.4,0.3,0.1,80,11.588825312815516,18.15199952090615
22,40,0.1829378973728357,0.4903495483476681,0.3974348214198687,0.4254870845824786,0.08466316299544852,0.16774790699212933,0.026408946970164337,0.0406213691517245,0.4,0.3,0.1,86,6.575462309690485,17.08012516543621
22,41,0.1849298795416979,0.4920234323833557,0.39926431825142983,0.43910034359229005,0.08158543023055723,0.1712618569138155,0.02976354294344389,0.037236369280121404,0.4,0.3,0.1,90,8.95356920634294,16.706673841871577
22,42,0.1811906073124757,0.5049815165332026,0.415304405291532,0.44523435078053364,0.09056415868122018,0.16644283166964308,0.02950009086456349,0.03621454800179498,0.4,0.3,0.1,92,9.173407905747997,16.451958812448325
22,43,0.18579772201250408,0.4886125922295229,0.3987595291871211,0.4545220328433144,0.10742459094991659,0.17430778148665182,0.03645615889479747,0.04549983701706338,0.4,0.3,0.1,93,8.85423653395166,18.140837579193654
22,44,0.1738698047147843,0.5051082923413304,0.4245823218016684,0.4691696960252173,0.1737052157139603,0.16771942368181952,0.029663127258567828,0.03708363053159931,0.4,0.3,0.1,94,7.5800357731381025,14.629558408915496
22,45,0.15775316122632702,0.47012339596343633,0.3880961331856411,0.4977808125395368,0.06428130677404795,0.14017973466400402,0.01840811649995478,0.02242476386024635,0.4,0.3,0.1,102,12.116814661074804,17.848959343733785
22,46,0.16538250408919486,0.5139403632881555,0.43595223781640663,0.5115413083449616,0.081064505806843,0.15653594099656634,0.02176437612226543,0.02919052660045789,0.4,0.3,0.1,103,10.764516250221128,20.81795873071545
22,47,0.17942187005549143,0.5009490660581333,0.42682324371429387,0.5078753290080892,0.18342766859786788,0.17497007507810866,0.05636178498416735,0.05076282465932991,0.4,0.3,0.1,104,6.7514729786462535,21.2611710353924
22,48,0.151872266519493,0.4916140559821849,0.4194188686552913,0.5325695262986262,0.06498871273138968,0.14119792474067294,0.019376327780713888,0.02321764557542479,0.4,0.3,0.1,110,10.102394843272654,20.663664453570945
22,49,0.1530574971561903,0.5080069407123453,0.4396791725456188,0.5410375537112274,0.1023506067175854,0.1476725486233468,0.0207732164071866,0.02655688581998853,0.4,0.3,0.1,111,13.16543403775997,21.657078381653047
22,50,0.15675056983598504,0.5256099201803237,0.4619479420259675,0.5836076812603067,0.07886058420465646,0.14804045612792843,0.03463706059786143,0.04952925627997159,0.4,0.3,0.1,122,6.008279823961621,18.35016920787524
22,51,0.15675056972904494,0.5811388758096825,0.5227014164811118,0.6334655704867574,0.07456035090973152,0.14804045601237503,0.034637060494151925,0.04952925652464185,0.4,0.3,0.1,128,6.008279731141127,18.35016901666929
22,52,0.15571102329065473,0.5774872076541278,0.5206923259525471,0.6379301805512765,0.1016975999669239,0.14844193902714733,0.03550514458269962,0.05098686340588247,0.4,0.3,0.1,129,5.909639949528211,18.37265883215392
22,53,0.15326358376475077,0.5727476656314417,0.5173837242223234,0.654746245282391,0.09717583658872478,0.14233676819503444,0.03676331030765957,0.06098734903363427,0.4,0.3,0.1,130,8.766516292427625,15.350587227795202
22,54,0.14817474057857163,0.5845685235258284,0.5319393598133544,0.7134952890203721,0.07088910525551118,0.14299702899299954,0.025356158036333544,0.051190046554170546,0.4,0.3,0.1,147,15.250692507414636,19.380172113912128
22,55,0.13946779890994385,0.611059176438316,0.56303855421969,0.7372153196287067,0.06676473091439834,0.13416152491789093,0.019127105890444078,0.02883780161488624,0.4,0.3,0.1,151,13.3764803855961,19.894399256970136
22,56,0.14701961706869096,0.6322528308763862,0.5889537268018155,0.7535735419719526,0.12083806046507554,0.1458651362497235,0.03149746758570999,0.04828720485072535,0.4,0.3,0.1,152,6.217378361071329,17.016132702130317
22,57,0.14702457348315354,0.6322540026234029,0.5889572553336648,0.772655684443538,0.07264990710435358,0.1458328971140811,0.03127669099507146,0.04914881387170681,0.4,0.3,0.1,154,6.407834825670534,16.879206150090223
22,58,0.14686008653940733,0.6318166277049921,0.5886858231693419,0.781118359224982,0.07396155484157683,0.14581284171681522,0.03152320185804662,0.04837698984728062,0.4,0.3,0.1,156,6.368471789431008,15.41589369751631
22,59,0.14660330785503944,0.6675263785648317,0.6285174639000682,0.8433916893858565,0.07398444307415884,0.14586129764658154,0.03238230045048936,0.04891980723973875,0.4,0.3,0.1,166,6.255941558478202,16.374808595319653
22,60,0.14660912672231624,0.6860013349382732,0.6487585096162809,0.8477032088764094,0.0731794314845271,0.1457538091228729,0.032642726255008594,0.04885277065778127,0.4,0.3,0.1,168,6.299492185330767,16.389867089600077
23,0,0.9096766008496484,0.7698476341525051,0.4120258374741027,0.0142740060053936,0.0,0.0,0.0,0.0,0.4,0.3,0.1,1,9.007926268009,74.527825568009
23,1,0.6595653690176632,0.7003105707133841,0.39393768186700906,0.07219597354783697,0.47873609769962416,0.15638877559860884,7.683686520376e-05,0.0001517621822685,0.4,0.3,0.1,3,7.680552619557952,53.78678794661628
23,2,0.661030592733227,0.7113570191687957,0.40913996638551864,0.0959491726080588,0.15153958614427823,0.2092852776140756,0.00073434191284321,0.0037856258447219898,0.4,0.3,0.1,4,8.660303949894004,62.49724951130753
23,3,0.43475742063810824,0.577597133356149,0.3325732438938465,0.07977848667568144,0.9714902410554385,0.18537696772045706,0.00060978542363524,0.0012044006006882,0.4,0.3,0.1,5,8.526833378851451,28.76310855690577
23,4,0.4002778807462067,0.5283959510489964,0.28980951831918317,0.07072605011910581,0.13092205970768414,0.16146505862198526,0.00036757028090334,0.00071301833934335,0.4,0.3,0.1,7,9.123781274015082,21.708409160232176
23,5,0.35221359838164656,0.5019744607397708,0.28297415679376686,0.08047363938244494,0.16188900356503227,0.16291718585055842,0.0010050905251153901,0.00196641387595629,0.4,0.3,0.1,10,8.664610203809179,15.94762865538508
23,6,0.3502103661294478,0.48146028372119926,0.2608508437962944,0.08588463504596386,0.06614316537168188,0.15939726793196052,0.00052441018822195,0.00084339119748565,0.4,0.3,0.1,11,8.23448693424527,16.25506255823208
23,7,0.30129258809828885,0.44702771927117724,0.24829032265524503,0.07887944262120207,0.38840532685665125,0.15557045915730186,0.00112500610118901,0.00191665086709317,0.4,0.3,0.1,12,8.127806347892504,20.38417553151883
23,8,0.30043786622926655,0.4645896465653381,0.26783766761462585,0.09554029698090173,0.06342244065237496,0.15485046045354348,0.0010545484975329699,0.00179517799643147,0.4,0.3,0.1,16,7.706842492976994,21.413194070719573
23,9,0.2995261888545597,0.46323700067839924,0.26760884308732696,0.11025920735239472,0.07003001689172038,0.15883349313134434,0.00093537624952013,0.0015561249208574201,0.4,0.3,0.1,19,9.816741692724168,8.766619213838622
23,10,0.3013381232373127,0.44259852658709103,0.2536108123701945,0.122549058673214,0.1511707733718047,0.19175483350141032,0.01009071483236072,0.03637991353876514,0.4,0.3,0.1,21,8.066458638421837,7.896496770296189
23,11,0.30064376319088065,0.4602266992398119,0.2733236380264688,0.13083859861712335,0.0861363892628597,0.19175483350141034,0.01009071483236073,0.0363799135387651,0.4,0.3,0.1,23,8.014745862404496,8.452035897385725
23,12,0.2894892126712761,0.42785093624665166,0.24389016205545397,0.12744471080672873,0.15729624549883944,0.18700949708297898,0.01037747512928099,0.03612746793859539,0.4,0.3,0.1,24,8.557447755941544,5.07690152193766
23,13,0.2779721173400702,0.41623964157020027,0.2324542228014985,0.12131992283781753,0.07184524039350798,0.15182736490211307,0.01568420076995124,0.04932629703942359,0.4,0.3,0.1,26,10.809030871008778,11.606713882448908
23,14,0.26353113203068224,0.4157069332237717,0.24058169951996033,0.1318669143604034,0.18149854865374143,0.15758566811863198,0.01425833620664472,0.0178310911342116,0.4,0.3,0.1,27,7.649684863268577,13.347155646459498
23,15,0.2615206237305718,0.4122679520399481,0.23905235105027411,0.13883129063571623,0.08591503397298239,0.15967720144548286,0.014954742741956888,0.02202791788176876,0.4,0.3,0.1,29,7.388895425482735,8.156685463774183
23,16,0.2603784742710858,0.4075562159521257,0.23892576548605085,0.15120676331136987,0.15139060862781292,0.17270195588047313,0.014664578771831268,0.0414376031374135,0.4,0.3,0.1,30,8.44139906669609,8.67512481753315
23,17,0.2558593768663937,0.400979636790801,0.23483992182177435,0.1536254675856306,0.11773055030966657,0.170275452238175,0.01710517148642163,0.04202613470722707,0.4,0.3,0.1,31,8.431276548306274,10.57988061462926
23,18,0.24160543360848608,0.3615586637954251,0.2011510325242189,0.1465790303485312,0.1969446376084491,0.17112878720843808,0.01705236995809818,0.0215922556353331,0.4,0.3,0.1,32,7.088852967478886,8.554126163649824
23,19,0.23312924268222496,0.40578384462943096,0.25355848957652244,0.16193781072798472,0.08825029173443802,0.15487206497101894,0.02756337642008927,0.01800923604470925,0.4,0.3,0.1,35,12.451189009901888,7.199849550976694
23,20,0.21259034279963424,0.3690046142963782,0.2320135895728765,0.1679434248354521,0.19735340393793677,0.15952290729452548,0.02866197166275384,0.01956351107208777,0.4,0.3,0.1,37,11.854350486161447,4.518559909706707
23,21,0.2153669987368739,0.36957511563381196,0.23448186946568586,0.18602674643769215,0.11113932619758204,0.16882258106424508,0.032066924761046924,0.02659475625675865,0.4,0.3,0.1,38,11.526078058241968,8.923536220499441
23,22,0.21146238839701423,0.382691283054087,0.250601887632502,0.18045435211442182,0.09674623396428078,0.17048234778298113,0.027856263146764388,0.011073528658425449,0.4,0.3,0.1,39,12.662530830243591,6.741203936467012
23,23,0.19865432917180229,0.33757402032611683,0.2148395633577032,0.19255267087849137,0.11563191265283242,0.1752688562951579,0.024292526564911023,0.02152079592754726,0.4,0.3,0.1,44,11.39041505499803,4.972216864871505
23,24,0.1982769154697058,0.3553175676248143,0.23462297239722482,0.2166172939780379,0.08198585451564094,0.17526885629515782,0.024292526564910998,0.021520795927547277,0.4,0.3,0.1,46,11.27400226787977,5.077796588412455
23,25,0.18821808485583155,0.2838859551554513,0.16239153851362234,0.19502847307394547,0.11027683745744997,0.15353342682000073,0.03295623209803344,0.037078264336728624,0.4,0.3,0.1,48,10.96638880867107,5.780578887480178
23,26,0.18329967980680784,0.2938159094430217,0.17675038501677343,0.2147158057030276,0.11690276730816718,0.1530143076224555,0.02933215455286105,0.03324931391266247,0.4,0.3,0.1,49,10.58842395098714,5.639442639419605
23,27,0.18709950798730346,0.2961973618647176,0.18016448133867824,0.2117747653378016,0.087118120733891,0.1626971008918401,0.03196495923981315,0.03695417956062302,0.4,0.3,0.1,51,11.363887986683029,5.1553251515833445
23,28,0.17824962208358244,0.28349913052462355,0.17024853906947512,0.2120027295875054,0.1175304964289875,0.154117224998898,0.02609537013852255,0.03335474795056968,0.4,0.3,0.1,52,10.59095823260809,9.036953414448504
23,29,0.17869480837889906,0.26520051701232034,0.15035663737212462,0.20739629953743355,0.07545982643206357,0.14930879579807033,0.033149119468121394,0.03734411659541403,0.4,0.3,0.1,53,10.537995062047187,3.900754947806807
23,30,0.170553098020247,0.2630693398133479,0.15863077456841188,0.21583036611946796,0.2154509081623599,0.15654929732702355,0.02953859978182503,0.035308278331558106,0.4,0.3,0.1,54,10.558791018192329,6.00557214088968
23,31,0.1670722533727083,0.25305470979393,0.15296726204434755,0.21936343246447948,0.14661850989907224,0.1553368405814617,0.033127107638096044,0.04099163939827052,0.4,0.3,0.1,55,10.035114397730531,7.574706980254216
23,32,0.1648832291277814,0.2662116030361274,0.16993988224052617,0.23036013315695225,0.0929834495652928,0.15522146151830937,0.0331756314514489,0.0410493331658547,0.4,0.3,0.1,57,10.310639193479531,7.337697985099166
23,33,0.16161381733446467,0.23460778185291864,0.14290118295512355,0.25533524834684057,0.09054312958100043,0.16388629753795697,0.03581895097404958,0.02948555866031875,0.4,0.3,0.1,66,12.256741828129025,9.00897935284442
23,34,0.16013791535222233,0.2676639212810905,0.1810063410048514,0.30282906065306575,0.08209632011154823,0.15867554486798358,0.04209062995548503,0.03209920266112107,0.4,0.3,0.1,75,11.819674755673638,2.417419921228748
23,35,0.15956442701282605,0.2653481581907981,0.17977821616449058,0.30640889467761984,0.09732063515114915,0.16002103432387332,0.04183490557815468,0.032259596092569794,0.4,0.3,0.1,76,12.030059575283692,2.477896449278248
23,36,0.15662380808385865,0.27771109455279686,0.19587405630691138,0.3246447189026266,0.08948930750371527,0.15693405794091553,0.04230314270694058,0.03287752970365014,0.4,0.3,0.1,79,12.078896760002078,2.478658566615895
23,37,0.14303369995540513,0.24526861651164003,0.17480320644424935,0.319488048349101,0.2602989173519561,0.14332732420915442,0.05008567898083856,0.03157962020166475,0.4,0.3,0.1,80,12.298988538875063,2.980808848662276
23,38,0.14016655559838906,0.23632390054677804,0.16941470855240917,0.3258182166388359,0.10447257140515304,0.1428060620751817,0.051273195327954546,0.03198592521157624,0.4,0.3,0.1,82,11.848941624252358,2.524543431957764
23,39,0.1408211308894926,0.23202553061017175,0.1679794612158147,0.33513128645708046,0.1250952989442942,0.15024171288543922,0.051261445439947394,0.0328225551579718,0.4,0.3,0.1,83,9.5925474529565,2.875085460798806
23,40,0.1389803061406765,0.22774155214206943,0.16509663264079816,0.3342099005483889,0.08940792337616826,0.14969289404062047,0.05058854580460185,0.030181772042291482,0.4,0.3,0.1,85,9.4683214687337,2.5921837025826315
23,41,0.14186785632681181,0.22843404836782044,0.1670419477702948,0.34465051775089534,0.10193534983673488,0.1597364608728666,0.05059209936170357,0.029097493218194808,0.4,0.3,0.1,86,8.186831142980731,6.549974826129813
23,42,0.13772585392345618,0.20160081543057745,0.14083902260179829,0.3384083009087443,0.11829456347600396,0.15469657311671747,0.049971158012105936,0.0287960810206984,0.4,0.3,0.1,87,9.792062499130346,2.885771296810509
23,43,0.13476083234958333,0.2319444053813536,0.17675814891341338,0.374417365734116,0.08335809038883515,0.15078019409346288,0.050365927586246806,0.03026185781791153,0.4,0.3,0.1,94,10.164519429589452,3.0355740735511163
23,44,0.14090636410188145,0.190908071998349,0.13787896490380647,0.37919137140759107,0.13411273280556932,0.1383547137189264,0.10167618079975509,0.030712273140987113,0.4,0.3,0.1,96,9.695844949502993,6.480284658880762
23,45,0.14093587739107302,0.19088730682102878,0.1378858874575927,0.3858216912647914,0.08941408443048468,0.13846175635221306,0.1017447559346439,0.030581049137759643,0.4,0.3,0.1,97,9.6939767763507,6.494261461123906
23,46,0.13626579138749242,0.18341353462054275,0.13195159078189206,0.3787515028954811,0.11043541488788271,0.1292567259385842,0.10129893239429281,0.03353756522743869,0.4,0.3,0.1,98,9.897303534229891,8.89295556679805
23,47,0.13650859654466194,0.19904753872389197,0.15103027555366927,0.3945492819061535,0.10069839044006239,0.1327194142965594,0.1017137815127092,0.03342788762395478,0.4,0.3,0.1,100,9.859327580193384,8.60285128979966
23,48,0.13644147837405524,0.21732163993315806,0.17113761089645324,0.4123848813787384,0.08769589844919427,0.1327194142965594,0.1017137815127092,0.03342788762395478,0.4,0.3,0.1,102,9.866584079903369,8.593118192795691
23,49,0.1364097977882167,0.23572015370436483,0.19132084174260122,0.4444749290350679,0.08730766450426557,0.13271941429655942,0.1017137815127092,0.03342788762395481,0.4,0.3,0.1,104,9.87715996187321,8.580752182645758
23,50,0.13493255946329252,0.21397808242103483,0.1688125429775673,0.4287333402191503,0.09039462244707931,0.13122550159813462,0.10086201898764986,0.03467954454088524,0.4,0.3,0.1,108,10.0033373172466,8.565580828611392
23,51,0.11455889762990583,0.2787710633137835,0.24627677080356683,0.48138848587251004,0.13230198987566424,0.1341271313035098,0.03860964195392228,0.03407254828523302,0.4,0.3,0.1,109,10.259119854069478,6.385381589520534
23,52,0.10851513802390858,0.2628995050071988,0.2356389494163221,0.5047575362274153,0.08026090872167049,0.12911231800727854,0.03724131612617414,0.03393477671197791,0.4,0.3,0.1,115,10.256394005550444,6.047274271574814
23,53,0.10851514060482252,0.2814091569012741,0.2558901075856594,0.5123816745738875,0.06621134395624166,0.1291123180072785,0.037241316126174165,0.03393477671197786,0.4,0.3,0.1,117,10.256393095710468,6.047274303158543
23,54,0.11201216905284435,0.28240714551675283,0.25820734021047076,0.5424391592267248,0.07767912080535401,0.14034776202944188,0.03825541076025382,0.02981149034555846,0.4,0.3,0.1,120,9.170543408896004,8.209425229692405
23,55,0.11344229001429837,0.22373693030362335,0.19671250303125626,0.5667844176831763,0.0754668411139321,0.13978270586966537,0.04718642149760672,0.03549973172710299,0.4,0.3,0.1,141,9.834642427684834,8.795440568297531
23,56,0.10951392551723003,0.21718332826705378,0.1915304298994372,0.5832862594925694,0.09263229129112775,0.1310772468374155,0.04776563448113498,0.038271067747583896,0.4,0.3,0.1,142,9.804172724921983,8.712470154412799
23,57,0.10748034458874173,0.21471129487613813,0.18928691170112788,0.5850636377805053,0.07244751061714635,0.12593922744388217,0.048586781599555665,0.03750907282354352,0.4,0.3,0.1,143,10.084441385019629,8.87220541204376
23,58,0.10901760317372852,0.23311177842327943,0.2102861477108368,0.5992539620732545,0.08496884019941008,0.1313417310105495,0.04791484524353182,0.03883757039955841,0.4,0.3,0.1,144,9.895138911438178,8.853783694570081
23,59,0.10724565241794327,0.23033234942433367,0.2080301742026907,0.670621287470197,0.06974425718101131,0.12909376943617923,0.04771870498895263,0.03406815355481111,0.4,0.3,0.1,166,10.618673309249685,7.771362127378626
23,60,0.10545295429165766,0.24690703217345628,0.2264202394255303,0.6281473874377818,0.06821013428753236,0.1272547635199747,0.04644432116078232,0.027794893519847708,0.4,0.3,0.1,168,10.712209310520532,8.995456782582927
23,61,0.10807921688526358,0.24927983954019614,0.22892465511306417,0.6926106191318957,0.07239618620942231,0.13134449653412716,0.04782557966658789,0.034399592879098266,0.4,0.3,0.1,169,9.949569975342234,8.063941985318147
23,62,0.10439347662844294,0.2420513776529272,0.2235306795327857,0.710732162617485,0.09751898744020833,0.12503984971739104,0.04830253895584586,0.0330177629777218,0.4,0.3,0.1,170,10.517374278584075,8.849488594980293
23,63,0.10331759039620864,0.20210566109312003,0.18105693619056526,0.6760392624253212,0.07509229609104481,0.12502898120154635,0.04718815853758735,0.03166407067761688,0.4,0.3,0.1,172,9.995033382481749,8.632507051893235
23,64,0.10525056231855734,0.22051012267732617,0.2022519601150166,0.6964129267648238,0.08688198217901508,0.13001919419112645,0.047986251516556236,0.03519991147671719,0.4,0.3,0.1,173,9.36161340698608,8.345829383316932
24,0,0.949593231547686,0.7834881088210272,0.4203550157688026,0.01516996846784117,0.0,0.0,0.0,0.0,0.4,0.3,0.1,1,7.052739789649,75.570702789649
24,1,0.7176863380610599,0.7274124541572649,0.4091879322116216,0.0708598817041338,0.42249938503591017,0.1480556613263562,6.696501567398e-05,0.00016107873304122,0.4,0.3,0.1,3,4.737986444874375,54.74677553077504
24,2,0.5476934784405172,0.6383917824100139,0.3580532042474451,0.07541777678884738,0.37397352461179595,0.16847777152747914,0.00026786006269592,0.00064431493216491,0.4,0.3,0.1,5,4.48254413119828,38.89423916820336
24,3,0.4753082780510699,0.5899277537150657,0.3297966228395414,0.08056122387743986,0.2344148581111213,0.1769757048764833,0.00033304218190122,0.0007823559226315099,0.4,0.3,0.1,7,5.847379303866268,22.658988136281312
24,4,0.47529755148991143,0.6084294974326725,0.3500428644721752,0.08836814328824118,0.07099333062778641,0.17697570487648326,0.00033304218190122,0.0007823559226315099,0.4,0.3,0.1,9,5.841129486033847,22.58502230205494
24,5,0.4269787110565999,0.5525032839554916,0.3079793499283241,0.08835637534198636,0.3260551303215816,0.1835354245841022,0.00039705925688785003,0.00093124039875123,0.4,0.3,0.1,10,5.8411423847797685,16.697843409890915
24,6,0.4025796865182496,0.5495318434791027,0.3135917204408072,0.09153570190428562,0.18040380927515698,0.1728606311779228,0.00081262791749567,0.0032967019883122,0.4,0.3,0.1,11,5.711056593158387,28.310593338626703
24,7,0.3826741445834606,0.5310310741316604,0.2994368189664437,0.08601160534276134,0.13326260302095363,0.15344304592198554,0.00164879143950284,0.00506064807961531,0.4,0.3,0.1,12,6.8238004345655225,21.87821822950185
24,8,0.34671617639919783,0.4964337129448866,0.27485165110722914,0.07794635561269583,0.21487876739902906,0.1258179267840375,0.00471752635684689,0.01751425370781376,0.4,0.3,0.1,13,6.114210877868848,24.74023379451202
24,9,0.36371052085819106,0.5134471132438525,0.29237635658067695,0.10606143148764928,0.07457725646315484,0.17804889318930248,0.00077766323955654,0.0036743777145933,0.4,0.3,0.1,16,6.116575683859359,16.70687632952551
24,10,0.33677210734460206,0.4884883096751173,0.2672121391014112,0.08094133811546858,0.05538472188542691,0.10759967329357234,0.00455188530998453,0.01928467195494863,0.4,0.3,0.1,17,7.027568469416783,30.83831012109162
24,11,0.3301722502760532,0.47978271899828756,0.2643936980837467,0.09137969916081444,0.1356676474152005,0.12403708052704485,0.00483904091251856,0.0168121183006876,0.4,0.3,0.1,18,6.412787473637242,18.0161847042753
24,12,0.3060450044734724,0.470446289441529,0.27308523754192576,0.10528833802572654,0.33028056103187353,0.11878419176852777,0.048332337156727814,0.04715207220578777,0.4,0.3,0.1,19,5.896487355579007,23.288877907448263
24,13,0.3063567427744199,0.47055536616973087,0.27378058221920576,0.1068084505652912,0.0779669354602438,0.11910612051512595,0.05207006966180464,0.05079853011229872,0.4,0.3,0.1,20,6.148797008156529,22.740264366742945
24,14,0.2816430684953856,0.44377047853298274,0.2518248977134516,0.0969461837817219,0.13186437909254695,0.10199927964997416,0.03120128440800392,0.03800476260713026,0.4,0.3,0.1,21,6.111764963850194,21.09186984724871
24,15,0.2876221997081352,0.4260064309434982,0.24200899385248545,0.14640661783546352,0.1318177192135576,0.18750977987410355,0.01410375682086699,0.00356051836344167,0.4,0.3,0.1,24,6.953866458797687,12.450800266760591
24,16,0.2389279807720488,0.36987667429018223,0.1966151209145028,0.12208270227471955,0.13787614012695026,0.1101652779013488,0.01697591173811407,0.018743067540882872,0.4,0.3,0.1,26,7.774143026622833,20.477376238509056
24,17,0.22386945840271802,0.3665508343796507,0.2032436472205785,0.12900996121665922,0.1167125587230838,0.10914960130184184,0.016423062675653598,0.01703035471346328,0.4,0.3,0.1,28,7.695190305559729,16.04764887945134
24,18,0.22141961554324344,0.35300444720098556,0.20133913267667364,0.1434025378964973,0.25497373003531815,0.1372599116334025,0.03130863220559514,0.0234540904916423,0.4,0.3,0.1,29,5.603460193434443,16.913992475083447
24,19,0.21787225425529844,0.3457128748743993,0.19762841787782762,0.15717371037251585,0.08785681894071581,0.1416786683933331,0.03169599914642128,0.023666270819410452,0.4,0.3,0.1,32,5.827862156563393,13.574939450534046
24,20,0.18587453669286866,0.30225206634343554,0.16436537515600796,0.1444183810842129,0.13375938022976244,0.0891157004576665,0.0388491979513585,0.03974949503039403,0.4,0.3,0.1,34,7.562907856031691,17.557883170407973
24,21,0.18491804595453493,0.3196511719895887,0.1836381317002397,0.15337959263769668,0.05158413807341229,0.09819357980549802,0.02726629131082789,0.03047327791664043,0.4,0.3,0.1,36,7.287352276741332,12.572614486109222
24,22,0.17097688898970315,0.2990939324596624,0.16855103299953408,0.1591000809475556,0.13254095609514138,0.07140054273923836,0.03839289691015937,0.03917632034835405,0.4,0.3,0.1,37,7.191974512181238,22.005779083161684
24,23,0.19404257984853748,0.3203420120928381,0.1912525615180157,0.1702843247686181,0.09241071190726279,0.10426298784745422,0.04270055414140117,0.14461236965881455,0.4,0.3,0.1,38,15.294659187665951,29.405175755883857
24,24,0.19747410266131085,0.35997362086254914,0.23502423641898879,0.2288618791192802,0.07446701640587766,0.14373037885569873,0.03718425676454115,0.046290231285871994,0.4,0.3,0.1,47,6.633758219166916,12.631889381057732
24,25,0.19236659683401067,0.37130449502859464,0.2497279895296725,0.24678025963935554,0.08347152706013264,0.13783769560916503,0.03482361785687852,0.04705290507923763,0.4,0.3,0.1,49,6.757652221536705,13.63349296342067
24,26,0.1907748042717951,0.34848578276001346,0.2272755641222759,0.2470059976867612,0.1054259175686144,0.1498684344325838,0.02135609569454931,0.05037196827943115,0.4,0.3,0.1,50,5.57557763140907,21.77591801587187
24,27,0.20646928798645256,0.36221454008738907,0.24251088781466054,0.2712383660977642,0.11335959283381142,0.18546349255174543,0.023514812115404023,0.07749532536007012,0.4,0.3,0.1,51,7.027310524688245,23.7177283531443
24,28,0.17791562304505967,0.3111938950445808,0.19273415342660455,0.2515858636229742,0.11246860617285631,0.12711511000296638,0.0283402007457271,0.04797252903818098,0.4,0.3,0.1,52,5.374189149797813,14.340425201262097
24,29,0.1713672745978823,0.31807662835942313,0.20509626042023504,0.26045778764099253,0.1225638239227206,0.12888254384839604,0.01972562589297247,0.04647412170274975,0.4,0.3,0.1,53,5.692082421963852,20.78542934424259
24,30,0.18719131439412887,0.30989421881270407,0.19911692431460778,0.2604796859754997,0.11447764040745215,0.1573257681977121,0.04970112142670969,0.0473509017382457,0.4,0.3,0.1,55,6.6856763628250375,18.341909368062
24,31,0.16630615777619392,0.27776167097385396,0.17476710321970512,0.26200186188498226,0.19633758046973826,0.14789831810637782,0.020931138964077937,0.049922919167821087,0.4,0.3,0.1,56,6.180820040686946,20.104800638198736
24,32,0.16061743860284702,0.28640861409875973,0.1879561873621802,0.2808709295144845,0.09040941322335454,0.14156768727714286,0.02101012173993174,0.04830485927137873,0.4,0.3,0.1,58,5.944457842037071,20.440880213162902
24,33,0.15793839603345905,0.30033848877534,0.2049280715673525,0.2667319487604192,0.08847503458862649,0.13407201017478776,0.025082865399818483,0.05367231271029007,0.4,0.3,0.1,59,7.006152040142334,19.01692977913305
24,34,0.15802023508571267,0.3335233128176711,0.24412889512613523,0.287541254563278,0.10925631165940101,0.14054830136424076,0.02583298824972932,0.05222238209474902,0.4,0.3,0.1,60,7.035314407967851,16.02820548855181
24,35,0.1517668506954917,0.3067587995808017,0.2169403838460475,0.28604441905786065,0.0860285669806971,0.12839426081390345,0.025362883521985007,0.05353664902844045,0.4,0.3,0.1,61,7.004696823468896,18.9355981252268
24,36,0.15492829476161138,0.3260825659496165,0.23950599943113632,0.2832869063840232,0.09289835043884007,0.1401212724465348,0.02544203976633403,0.053065574441804195,0.4,0.3,0.1,62,6.973679869741302,20.98983581577048
24,37,0.14935617683148383,0.2993129893421065,0.21271502543623202,0.29705122548115864,0.0790462984779327,0.13184448108944322,0.026863141074604392,0.0434844152589631,0.4,0.3,0.1,64,7.152036676624682,20.363987413640263
24,44,0.12822328773929872,0.32656787137544985,0.2627055018161655,0.35081314079163833,0.12071023853202613,0.11430849901585775,0.027227681389417318,0.04969213021930059,0.4,0.3,0.1,73,7.622564270518117,21.81021018955764
24,45,0.1304265844815422,0.30620905593141384,0.24299930512907297,0.35762629185377676,0.08248962831866972,0.11891024044148822,0.025246848711973156,0.08022209909143888,0.4,0.3,0.1,75,6.634262833893918,19.383427854620496
24,46,0.15515854569436308,0.33852495065137483,0.2708107275403167,0.416710494552975,0.24285228169064385,0.16301580214358616,0.03812719110764875,0.07263315404484338,0.4,0.3,0.1,76,5.6740775966793695,24.46288482151256
24,47,0.11788851690504126,0.34496762454645413,0.30178295254999743,0.4228430855927795,0.06888946557223685,0.11534869232279361,0.02836017643339391,0.06771085846612669,0.4,0.3,0.1,83,8.27736143141527,19.002144947171043
24,48,0.09787131700294857,0.28381773777607583,0.2513299262460082,0.41310705735238346,0.15132807258320835,0.09405145973107948,0.027203213348340787,0.04940852645900652,0.4,0.3,0.1,85,7.679657889370378,17.165006522776835
24,49,0.09787132365500567,0.3023274627076362,0.27158108684411186,0.4258930579034834,0.05072309048436383,0.09405146517688516,0.0272032134521338,0.04940852865207031,0.4,0.3,0.1,87,7.679657818279688,17.165009979902536
24,50,0.10476885313788259,0.2524139592973099,0.21713387415430938,0.39479141875766677,0.06928507362675503,0.10578629903433923,0.02630427987586454,0.07906025109795937,0.4,0.3,0.1,88,7.965300440439968,16.531361629189288
24,51,0.10430343198520498,0.2901022799893622,0.2692763556230454,0.4414363732642196,0.21330209831644303,0.11191703233525456,0.02764228354087401,0.10915113098179301,0.4,0.3,0.1,89,8.458462960168672,15.973139676511336
24,52,0.10221437629026414,0.320716567170388,0.3056299486420094,0.48231189730892354,0.0685762035194953,0.11022648026531004,0.02776605288302053,0.10943973432338434,0.4,0.3,0.1,96,8.410557609627123,16.137290357567178
24,53,0.10423677452782373,0.2847359786495444,0.26667950142153873,0.5259000968445944,0.06627612401095424,0.12875809002279218,0.02632181249495515,0.0632108742584067,0.4,0.3,0.1,111,10.141396189139826,19.85413762349344
24,54,0.10314675852264928,0.2996713860085948,0.28465080790901665,0.5512552488943017,0.0725008589343379,0.12885373022493563,0.02614710561413715,0.060851867309586305,0.4,0.3,0.1,114,9.656835047566748,18.294355964985076
24,55,0.10143773126737728,0.28843308558095654,0.27833531521594107,0.5438255122899526,0.0828935746975568,0.1317646475394287,0.026626713623666698,0.06181481059952014,0.4,0.3,0.1,119,8.53080641369932,23.32165902374321
24,56,0.10081164945639359,0.30314847114965876,0.29640998991793743,0.5698704160013336,0.08024780733281547,0.13113636073018076,0.03032011585743628,0.056853376089597306,0.4,0.3,0.1,121,8.033766005116226,22.07241139122896
24,57,0.10517674384558359,0.32190608812481925,0.31899664147296314,0.601295420955017,0.1061258944987351,0.13918765941872074,0.025916744432808732,0.09394832200418404,0.4,0.3,0.1,122,8.97919800668458,19.777387509583644
24,58,0.10300531506801625,0.3108397676634414,0.3124257617643844,0.6460479428019757,0.08786805754791634,0.14322146897217994,0.02729656943083968,0.0784606014879489,0.4,0.3,0.1,127,8.928815895740398,21.544735722444734
24,59,0.09928411500405725,0.3065595018551999,0.3084267052255552,0.6383515068483422,0.0720473475201859,0.13612796752313752,0.02465491740879768,0.07918088325429136,0.4,0.3,0.1,129,9.216930192167151,21.552710948571782
24,60,0.09973678170239596,0.3415759290747188,0.3481580640878613,0.6764324906370678,0.07756639987921254,0.13750586128459819,0.0264219984494376,0.07997765397135188,0.4,0.3,0.1,132,9.133317822406024,21.37873405870562
24,61,0.10972054027186337,0.3658490541487943,0.3539338558129183,0.6541733564199919,0.0751673803715147,0.14158225052250703,0.02587626804546883,0.06281363538427602,0.4,0.3,0.1,138,8.081227137933963,24.60952965735744
24,62,0.09703311588427817,0.2980968464546083,0.30307511974043266,0.6782950971962071,0.07104175362325742,0.13793090075151204,0.02503045531732006,0.06611398407895949,0.4,0.3,0.1,140,9.26824671884306,24.99174060842789
24,63,0.0898053275737814,0.32698826895978145,0.3358978358108843,0.6984678443305891,0.06409728830245473,0.12636769505836465,0.025475691471362638,0.04126574319303859,0.4,0.3,0.1,144,8.537081057625446,21.600158223889792
24,64,0.09915517693655783,0.37243858428701,0.38528926667789437,0.819647765917268,0.07226256782148531,0.14413541363649102,0.027471320784754873,0.06028292100227271,0.4,0.3,0.1,166,8.630503271766624,25.225080536882214
24,65,0.09751901459434895,0.35133673332068605,0.3629219345693791,0.8144202262886516,0.07827926560342992,0.142874212775799,0.026787291597884573,0.0536844269730848,0.4,0.3,0.1,167,8.168133123283035,24.434105026023136
24,66,0.09550655287495907,0.3677829185763854,0.38113505597364394,0.8327363130894545,0.06868532735778826,0.13953285861942996,0.0257507542047825,0.05017580177838175,0.4,0.3,0.1,170,8.62943834317354,24.74813915198965
24,67,0.09296293203180779,0.41705269503259773,0.43747392762579335,0.8293456529848173,0.07301076887214843,0.1354270570926122,0.02946984179244347,0.04022416643145279,0.4,0.3,0.1,175,9.044092609980678,23.595402127162966
25,0,0.9937052076502046,0.7979397364473096,0.42917946449647354,0.016119282690620528,0.0,0.0,0.0,0.0,0.4,0.3,0.1,1,5.014985909635999,76.29294590963599
25,1,0.725793777385,0.7286222368992901,0.40802552004656195,0.06637729929954019,0.4439436466871351,0.13584827511604056,8.543724137931e-05,0.00010759550014095,0.4,0.3,0.1,3,4.173996709624814,55.27818092186859
25,2,0.5438074163631755,0.6537906063131008,0.3757026098113707,0.07664249705687784,0.3955241530654861,0.16335610269324288,0.00091601109361916,0.00115357975235947,0.4,0.3,0.1,5,4.388928736251063,23.938063232463133
25,3,0.5253955814870894,0.641312435781228,0.36744019471401856,0.07428329409162505,0.1323641555322632,0.1595934991786562,0.0005726004165658,0.00072110507322912,0.4,0.3,0.1,6,3.9288697747625614,29.84408587251352
25,4,0.4884006158246157,0.5974226284893557,0.3315611035891833,0.07430703585159293,0.2213289904974344,0.1589100605794513,0.00041188141584836,0.00059305994644444,0.4,0.3,0.1,7,4.980604799272592,23.25339706488728
25,5,0.3208366495159029,0.4704216208567633,0.2552356430958248,0.05570707561449986,0.4397061940447928,0.10819782185437303,0.00132283815047532,0.0023205276339385702,0.4,0.3,0.1,9,6.092589850461628,3.798615856195533
25,6,0.31467802021481156,0.48241292357468746,0.27214991242684744,0.07752347526850224,0.055854671009005104,0.1122887692389102,0.0013596289246556,0.00237128302290736,0.4,0.3,0.1,14,5.896566794675588,3.705966521728559
25,7,0.294365644649248,0.46044429533815556,0.25791752618465164,0.07411672533162238,0.1686072742677356,0.10736900314789956,0.00104795149225157,0.0019807336928392297,0.4,0.3,0.1,15,232.76124883580937,3.7635877607481554
25,8,0.2905754336603094,0.4558448569880115,0.25595736614705134,0.08925057902843216,0.05987039072347512,0.11278289854964196,0.00121210096476195,0.0016198655474393,0.4,0.3,0.1,18,6.170025843095012,3.7274806322407
25,9,0.27179356106916547,0.4679477263550553,0.28542898148501544,0.10776492469504624,0.1313862825002531,0.12871714554030864,0.012317835270138359,0.012012075254575861,0.4,0.3,0.1,21,4.866458115263733,3.754178920166512
25,10,0.27052234595738966,0.4479954150800286,0.26403670864470075,0.10802281664139017,0.06057172514911632,0.12690417023928574,0.012386653908388499,0.01237529097597392,0.4,0.3,0.1,22,4.869573614859845,2.7965320236568085
25,11,0.27041982987723695,0.4837360333258059,0.30524335434197863,0.13721737020666852,0.09134846022872244,0.13068499681559875,0.018456666080975022,0.01718374918582729,0.4,0.3,0.1,23,5.020271051728002,3.8519316880741656
25,12,0.262385068030213,0.45591288001077296,0.27776283608252283,0.11555141432037867,0.0891842040838606,0.12523887594811067,0.014418899249248279,0.011472164063235809,0.4,0.3,0.1,24,5.320671373215283,2.1699985705086657
25,13,0.2514905106339262,0.45766562126744886,0.28980211124944183,0.14895320593097433,0.12987266293023791,0.12110245954648098,0.03521249840833729,0.01751982281703702,0.4,0.3,0.1,26,6.46098091485414,6.936624906577215
25,14,0.23045273635134447,0.4107179444059336,0.2502534529819952,0.1531895703596496,0.09276834708905599,0.11450987280513684,0.026248122457799738,0.02114738120397035,0.4,0.3,0.1,30,6.066678689241995,4.138179741472225
25,15,0.23699782334891006,0.45201577145582567,0.2975836211043948,0.19593892696756895,0.08722401971272725,0.12474765307911681,0.04211105759130237,0.04086532761159341,0.4,0.3,0.1,32,4.4533275427227,7.560360607015045
25,16,0.23687519166863252,0.470307927982232,0.31772236168060997,0.19873465854709876,0.0683739908172243,0.12477901294172707,0.042152619967097286,0.041138912576924216,0.4,0.3,0.1,33,4.451661605433028,7.677953627776088
25,17,0.22554104581180195,0.40145619054930654,0.24580887868655885,0.16865347225540167,0.09388941091526476,0.12367168505735032,0.023786750779597098,0.02298306863997377,0.4,0.3,0.1,34,6.082559499468103,1.698930742625924
25,18,0.22783530287751336,0.40130991563447455,0.24823453968887724,0.1812645361642676,0.08616895660631792,0.13695040422228938,0.027455181216360168,0.02345319547405339,0.4,0.3,0.1,36,6.051187229012411,1.0345554357138178
25,19,0.22355443872941433,0.46639855334573865,0.3249856966384455,0.21977378393036504,0.10645238336605822,0.12517410472631615,0.0446874888702289,0.049974172558635246,0.4,0.3,0.1,38,5.769427922575179,4.335781276409481
25,20,0.21085236432185736,0.4479763112505406,0.3119902433553519,0.22894236669058196,0.10788288840464066,0.11750758862447691,0.04196983742938048,0.043941083197433575,0.4,0.3,0.1,40,5.961301132277319,3.909130204803161
25,21,0.219827566460209,0.4728486730387704,0.3409809068717615,0.23782653648402471,0.09567936947066713,0.14058433636625706,0.04745637769322459,0.05984421967028042,0.4,0.3,0.1,42,5.913407458742541,9.31686655694594
25,22,0.21564188166249398,0.44651038922376257,0.31613970258033985,0.22740086943269877,0.12952411043667897,0.13521986741248293,0.056142049651243475,0.06013018205982194,0.4,0.3,0.1,43,4.020751273031847,6.188099892653653
25,23,0.21287106407351708,0.4785605061306933,0.35357140076234145,0.24783354245225225,0.10760168001627286,0.1413554322130333,0.04753876477455884,0.060468289649475246,0.4,0.3,0.1,44,5.790137139803054,9.005915063072186
25,24,0.5074388431938293,0.7281969637754551,0.5884730528566345,0.519701243366284,0.3839818690028781,0.12883795068300655,1.0,0.06056461313610917,0.4,0.3,0.1,45,4.563490530872351,1.911742892002952
25,25,0.5063556910016703,0.7238636697133288,0.5871664108518592,0.5088568946612573,0.37282150375470824,0.13306193010043768,1.0,0.07806606865780519,0.4,0.3,0.1,47,4.439568832752554,1.5731522670666864
25,26,0.489436213881845,0.6756733699939266,0.5482394346264976,0.5124592993374151,0.5570426238849057,0.12859109879600975,1.0,0.08176843303411066,0.4,0.3,0.1,48,3.887432826212883,1.364100509153874
25,27,0.4903413629684855,0.6932102529037047,0.5690519368149228,0.5222287672674969,0.42240145429940423,0.13219193515259764,1.0,0.09703565049556172,0.4,0.3,0.1,49,3.6956193427257,1.4457671187598082
25,28,0.4798807684010303,0.6547929096269106,0.536329365134986,0.5268834171903203,0.40608551104875784,0.1295829261509926,1.0,0.099371585689562,0.4,0.3,0.1,52,4.234477829650513,2.44341488382744
25,29,0.4716114191486197,0.6773584865954521,0.5670291774890586,0.5918818176602214,0.3598392324258826,0.1256516265251144,1.0,0.09001110937803611,0.4,0.3,0.1,68,3.418988068951916,2.0213529500931653
25,30,0.4738723625670784,0.7171956315452874,0.6099381118343568,0.6290990203377221,0.36763402262114975,0.12647294629921899,1.0,0.10434682631313046,0.4,0.3,0.1,71,3.457802853932836,2.190565733824717
25,31,0.477372105375155,0.7054024623710845,0.593994973662578,0.6173525705747541,0.36155791894638273,0.13165047967973328,1.0,0.0889454582630906,0.4,0.3,0.1,72,3.4366845926408773,1.3039128759602236
25,32,0.47309176913696155,0.7340518515105717,0.6291805861497911,0.6446394517691418,0.3627409503845645,0.12647512468710775,1.0,0.10436012578004039,0.4,0.3,0.1,74,3.3477097406997465,2.168004224291727
25,33,0.47172179060660224,0.6763115054150433,0.5668362531268375,0.6251041272765533,0.3652357483130519,0.13187127439163251,1.0,0.07659659841277547,0.4,0.3,0.1,77,3.3821268298021274,1.5378928375317866
25,34,0.4782803907443125,0.7423618419447603,0.6351660799985751,0.6816811958956978,0.38717200776406197,0.13317182320427703,1.0,0.10097638893729403,0.4,0.3,0.1,78,3.472537308973571,1.456587486880914
25,35,0.4734842963799269,0.7182763887189569,0.6099233563870363,0.647645154121208,0.35964273484421694,0.12624303742637163,1.0,0.08793645923171704,0.4,0.3,0.1,83,3.9816593169837047,2.0836335675242044
25,36,0.18133332139715355,0.5024151850518616,0.42857594872034344,0.5380742525525972,0.1105780141565226,0.15931015508250032,0.07031371053436665,0.09356817074155163,0.4,0.3,0.1,92,4.347953594184104,2.3899440940253363
25,37,0.17251818618427098,0.48867691101853467,0.4179977132575644,0.5359263077386788,0.1384484448182763,0.14552897881434837,0.07492010658359441,0.07864437181721891,0.4,0.3,0.1,93,4.482007453915687,2.023099145824826
25,38,0.17359517512564218,0.4874082074990028,0.41821682125023696,0.4693872297811344,0.11597920037083083,0.15050267328167752,0.07419014314694092,0.08646376923587193,0.4,0.3,0.1,94,4.383643535711242,2.4671534143247027
25,39,0.16985077116633013,0.502003177066561,0.4346610420315016,0.5357805936742147,0.08835300488087855,0.14528181719950534,0.0735742833215923,0.0728151054521953,0.4,0.3,0.1,95,4.484766605066857,2.0280365046156628
25,40,0.16372287648254671,0.5031431618181305,0.44453074149243893,0.56477541422042,0.1445604799835478,0.14073069514921938,0.0817576578079732,0.07224392110954583,0.4,0.3,0.1,97,4.450511104954376,2.2882294480176726
25,41,0.16372287660420048,0.48463350992405513,0.42427958332310184,0.5594851649004973,0.08804403324324968,0.14073069514921938,0.0817576578079732,0.07224392110954589,0.4,0.3,0.1,99,4.450511062042574,2.288229507766438
25,42,0.16368996590249063,0.5215622227264114,0.464726574495884,0.6112311546455335,0.08819490580191794,0.14073069514921938,0.08175765780797321,0.0722439211095459,0.4,0.3,0.1,103,4.514584918742599,2.203536885059024
25,43,0.1547773836311407,0.5846339664688628,0.5360180513393298,0.6632541885097766,0.08168855111355142,0.12375707024157548,0.0817212902305969,0.062776460755159,0.4,0.3,0.1,117,4.542578166657994,1.058508290978093
26,0,0.9493562252816818,0.7834087446214691,0.42030652854476214,0.015164752925943641,0.0,0.0,0.0,0.0,0.4,0.3,0.1,1,7.102250939849002,74.70493167318233
26,1,0.7191174273486906,0.7261800279598818,0.4070297603713868,0.06740612147888754,0.41115216595676535,0.13903689333556518,7.059686520376e-05,0.00012562549124122002,0.4,0.3,0.1,3,4.562423498954797,53.51699605793432
26,2,0.5166054146045762,0.6360306329805429,0.3648953532947657,0.07555709910322649,0.4401091369875291,0.16396478949990698,0.00050773260628166,0.00090349844712265,0.4,0.3,0.1,5,4.185873100318575,29.81513966239687
26,3,0.5150460251732899,0.616736621948168,0.3444811581793674,0.07582958460413979,0.071663930831193,0.16584006603148896,0.00063537178683386,0.00113062942117108,0.4,0.3,0.1,7,4.677468518257642,26.912821211288147
26,4,0.5088243612577242,0.6116822113267912,0.34037950341248946,0.0771951432038207,0.07944760534510656,0.15963467839121595,0.00039284813644957,0.00060721436628905,0.4,0.3,0.1,8,4.3258957331886325,30.17143504997639
26,5,0.4657336858628739,0.5808909901783211,0.3213621584288661,0.07802795396708771,0.15871249948668323,0.15796100408390837,0.00063057198560859,0.00104989235633391,0.4,0.3,0.1,10,4.757359613399812,21.738088325152187
26,6,0.43109964546408786,0.5545880148356882,0.3063537882369752,0.08545590683603244,0.15755224928782838,0.1646620052665814,0.0006476653675922,0.00123111821738219,0.4,0.3,0.1,12,4.058333330084692,24.703281600602924
26,7,0.4236216475100961,0.6034460241750718,0.3618434215058621,0.1251399377272172,0.08585470471363495,0.15621653575015632,0.00131691173322873,0.0024347480440404497,0.4,0.3,0.1,13,6.9410975771301695,10.256756050085864
26,8,0.39154208822718417,0.5751460905901421,0.3416675552565771,0.1223765245221346,0.12140051068464586,0.1360921175694767,0.002786787908655,0.00416515859227368,0.4,0.3,0.1,15,6.854392313290553,5.583918936761315
26,9,0.38554656684707517,0.5708441674586522,0.3428237495092115,0.13662540761215786,0.1537021410486336,0.16073718741380685,0.00199208977755424,0.00512499454477,0.4,0.3,0.1,16,7.374378564525801,12.237551768852311
26,10,0.37269017715600405,0.5402917178638986,0.31436856179904027,0.12532531401572355,0.1253883503709035,0.15547520351933405,0.0018321215719460202,0.00481016263209351,0.4,0.3,0.1,17,6.945368247739476,10.09490378975228
26,11,0.36284383481750465,0.5492031027918726,0.3267581292444506,0.14083613653681076,0.07209493928190878,0.14202057297599194,0.00255446357819125,0.0050811044075789995,0.4,0.3,0.1,19,8.035064336452317,6.912425099314219
26,12,0.35640306295938223,0.5245263790169501,0.3025144135938556,0.13366272803475399,0.09289972537373946,0.1404937616684936,0.0026071125440611,0.00520694371657083,0.4,0.3,0.1,20,8.083306402053527,4.321157444946571
26,13,0.34141915164761466,0.5096488809785534,0.29406621917101927,0.14365900381232743,0.1629289570980316,0.14195975551467996,0.00391330382198369,0.01176649007713999,0.4,0.3,0.1,21,8.433899970733513,7.384693833153221
26,14,0.33610379472648233,0.5041505416978835,0.29128663681780165,0.15072785373598777,0.08261540304917735,0.14528210123546872,0.00423737970145378,0.012345036267510861,0.4,0.3,0.1,23,8.73345369456625,8.527741685273531
26,15,0.31644378446585036,0.5020320757937671,0.29722100471017127,0.15784504783587294,0.1582924704657134,0.1353678374079955,0.00361667045658519,0.00966959109649403,0.4,0.3,0.1,24,8.164125748646999,8.713571986243657
26,16,0.30411312688785813,0.5076173280202817,0.30707561345472634,0.1574019007299414,0.07020731859943286,0.11139687443853152,0.01094213681396681,0.0192507029860752,0.4,0.3,0.1,26,7.999274595853509,20.723135117926677
26,17,0.30317904079309055,0.5063538983655771,0.3070474614230315,0.16220784289621246,0.07167244024956065,0.11464524558245273,0.01234136475566701,0.02115255959465603,0.4,0.3,0.1,27,8.77373219324431,22.596499479660554
26,18,0.30418153238505524,0.5256479357695,0.32883618960710437,0.17107000124226182,0.06047509821097094,0.12168550251236254,0.01158494640611278,0.02244578218490856,0.4,0.3,0.1,29,8.490144275713863,23.55990476992545
26,19,0.31988502849023587,0.5040439183305158,0.3047174951772911,0.1759534260905213,0.08798266612730818,0.15591440622306102,0.01363270672891595,0.05840955268416874,0.4,0.3,0.1,30,6.711946417648319,15.002515920925154
26,20,0.3025007485119585,0.5006013643672975,0.3143791288174321,0.22110295577540012,0.26362481982032376,0.18005789061726535,0.012344334676072261,0.037993208726234726,0.4,0.3,0.1,31,8.004995107311451,21.517153652132148
26,21,0.2981547861863119,0.5135380680351942,0.33138434719565363,0.24172138480171473,0.09865876851382656,0.18077786482946206,0.01254982906593724,0.03853056575738151,0.4,0.3,0.1,33,7.670931139838508,20.25876309824402
26,22,0.28893698768378734,0.5030201897711906,0.3231880584581038,0.21609776231216768,0.11281038504522795,0.1260520754838725,0.029438071727347432,0.16121221438985286,0.4,0.3,0.1,34,8.585160178297333,23.161930003532277
26,23,0.28761723869355704,0.5007970340490928,0.3225362995220432,0.21765370549470148,0.10271787239193915,0.12303178090104683,0.032450642938219185,0.1823812409951327,0.4,0.3,0.1,35,9.33974026985036,20.18218935752733
26,24,0.27409415435150464,0.4673228568592221,0.28964991066808793,0.20832357625203407,0.10576962004089625,0.15671914202885345,0.00935507346408735,0.02709437040880655,0.4,0.3,0.1,36,7.966645845586304,15.595049258211905
26,25,0.2772639159093478,0.469833636824127,0.29319422362940323,0.216686751409235,0.09009289001628619,0.1728212888022827,0.0087606150329248,0.01611877552974704,0.4,0.3,0.1,37,8.117491877734787,16.43914692129421
26,26,0.2854861864396248,0.49653116508241374,0.32168547244965123,0.2422403951741225,0.08253045628119779,0.19298042497619664,0.010388134214638139,0.01382000258195735,0.4,0.3,0.1,38,7.623779316926327,15.34052315147043
26,27,0.2611521652447925,0.45195267901702507,0.27797080497603416,0.21192253587258647,0.10445891514092986,0.14173619643138402,0.00841301288980613,0.030944172817216446,0.4,0.3,0.1,39,8.077636240042384,15.469377736510218
26,28,0.26047271162044144,0.45088957622045006,0.2774647584462971,0.21556669547527738,0.07169038972111534,0.14256288524006308,0.00847296492602416,0.03113044769534316,0.4,0.3,0.1,40,8.028099596049609,15.137183815194936
26,29,0.24570037745310513,0.44081623137730097,0.28616771246057815,0.2349928509221641,0.35344308399717184,0.13271873721339747,0.029225189178356946,0.15990919495175096,0.4,0.3,0.1,41,9.989644928077684,21.85000825737852
26,30,0.24475411208936002,0.45784112313943115,0.30551224995942744,0.2524915879875021,0.08251065964962186,0.13271873721339747,0.029225189178356946,0.15990919495175096,0.4,0.3,0.1,43,10.13871405783324,21.277812100010514
26,31,0.24396404154628526,0.475093011814671,0.325006450715155,0.2632116311012537,0.08192589100576546,0.13255578273205737,0.02918563211611485,0.1609641360316134,0.4,0.3,0.1,45,10.31199927764042,20.28494744747184
26,32,0.24487518641025052,0.47547963675804616,0.32595052700995397,0.2685151260497789,0.08870727501815802,0.13586529849386844,0.02922140126634002,0.16580022654964804,0.4,0.3,0.1,46,10.75164940610266,19.380609192070192
26,33,0.22907129395622963,0.4366031071553497,0.2900204614476321,0.2520696762891874,0.14720222086904394,0.12055781432898556,0.02641569520019329,0.15217625452993375,0.4,0.3,0.1,47,10.259003368209916,23.550114604645376
26,34,0.237926508817142,0.4598880511343743,0.31903134368720515,0.29521855421312654,0.09927990285616924,0.15468613798216577,0.028828834507306538,0.1585026176491906,0.4,0.3,0.1,52,10.881852882559144,22.200517907910136
26,35,0.2313853662067161,0.45318119468158513,0.31247607807688593,0.29602970404872603,0.08124782174350668,0.13972681965935904,0.02828105165514721,0.15680803970532928,0.4,0.3,0.1,54,9.557505739174312,18.48627612576222
26,36,0.22722552336558854,0.4465315103264047,0.3081648329126331,0.29857064446410975,0.09832527102103854,0.13691581036112385,0.029933646936384728,0.15665298690852586,0.4,0.3,0.1,56,9.76864868248771,17.989487560018006
26,37,0.22636890511136057,0.4634438131571402,0.32750555660746405,0.3173713921042213,0.0907186845933218,0.13740221388503226,0.03040449629464102,0.1549622163267706,0.4,0.3,0.1,57,9.93484073246493,19.4251248015224
26,38,0.22157502054167616,0.4584153183816809,0.322690096246445,0.3084224381318678,0.07851116647729668,0.12452513734796582,0.03158043936086666,0.15812850902866668,0.4,0.3,0.1,58,10.063129810405616,19.199205045375876
26,39,0.22716248052528043,0.46087017921659157,0.3279808151037448,0.32484134344933924,0.13071572876625798,0.14947701465243984,0.03127536922823847,0.15661771165750368,0.4,0.3,0.1,59,11.122204462053062,22.033099635782225
26,40,0.22271418388918304,0.4728383108946343,0.34354152106456276,0.3345772028823724,0.11298476983472364,0.1456205341060134,0.02983653478491193,0.1584829608086285,0.4,0.3,0.1,60,10.68736307622767,22.6767003444078
26,41,0.21744061515954713,0.4658456537205638,0.33804504391007767,0.33192336650884263,0.09200047891103383,0.13488997498908076,0.03313839889588962,0.15999688561863684,0.4,0.3,0.1,62,10.52043621945401,16.562635375628272
26,42,0.21451219738883617,0.46000283778504,0.33469127010942673,0.34810726394948144,0.08850008624297931,0.13508862417818923,0.035693794509077496,0.15703283984521954,0.4,0.3,0.1,67,9.574322914670317,17.6887305018176
26,43,0.2668630037463716,0.5000669646658318,0.38469762317360046,0.40767675017005667,0.2264600138173444,0.11399289468933531,0.32033086997690796,0.04348104792904345,0.4,0.3,0.1,69,8.028050909274599,16.433175383518726
26,44,0.26363339661495433,0.4922666124075698,0.3804040406678817,0.4082911116484737,0.16615985426628158,0.11667286480823376,0.3206042063461913,0.04399764399454406,0.4,0.3,0.1,72,8.184120892895205,14.19004821643523
26,45,0.2506965607140281,0.45121784488205446,0.34470492221388266,0.4290703952231708,0.18115740284282958,0.1023002108867474,0.32197267038096,0.05410571793444859,0.4,0.3,0.1,75,8.7120699963918,16.94098128086905
26,46,0.25065776372664716,0.4511333968547667,0.3446533833463713,0.42906461735652074,0.1431885959711047,0.1023002108867474,0.32197267038096,0.05410571793444859,0.4,0.3,0.1,77,8.764657393521,16.764578534197067
26,47,0.2496418210589851,0.44851237127388566,0.3431979928448968,0.433012509361559,0.16240175776129093,0.10374354087889386,0.3218115341602014,0.052542941362574744,0.4,0.3,0.1,78,8.65536497247827,19.79488735047693
26,48,0.24763278481988482,0.4441038651281373,0.3404841516169101,0.46122020873308456,0.15003030738273102,0.10657943370739956,0.3213920560695941,0.041895250839381074,0.4,0.3,0.1,82,8.647627255410567,13.010387563431689
26,49,0.24894351676484366,0.44349650245890193,0.3412284764234796,0.44904882452852457,0.16807826045387275,0.11065176035946503,0.32459349561512274,0.044641363162602386,0.4,0.3,0.1,83,8.270790202206218,12.776115593650507
26,50,0.24447932855701252,0.47431899885071876,0.376745809037282,0.4996500549179462,0.14951849511065332,0.10604246373565983,0.3213150742836297,0.042067238440919016,0.4,0.3,0.1,86,8.661650374913489,11.64804585044704
26,51,0.2510662967649186,0.46824416735987273,0.3792710136279422,0.5502177390308653,0.20540250427558482,0.1225544527591464,0.3406884727678783,0.07801625552803962,0.4,0.3,0.1,89,8.807720642891379,30.82576089624062
26,52,0.23275263333952675,0.46820594689718614,0.3811295170270982,0.6349688192575323,0.1413655264491194,0.09863497338759313,0.32348684341901585,0.04380761182510889,0.4,0.3,0.1,118,9.827394672126823,13.406063764946971
26,53,0.23158976526897235,0.46507039561232644,0.3792963318934925,0.6349578636726787,0.14607664925410097,0.09861587668541172,0.32357287266991164,0.04571633579647198,0.4,0.3,0.1,120,9.46605161130678,13.413191768578208
26,54,0.22863408207305083,0.49891824645316063,0.41676907705194266,0.7790723603112997,0.13840156671605774,0.07712026370845704,0.3334261786740581,0.07406916226600446,0.4,0.3,0.1,146,9.59374922001606,19.88348946302849
26,55,0.22941301021140345,0.4987947458606766,0.41723833592119175,0.7803736864764711,0.14718313724048024,0.08662851480485581,0.32779054748160164,0.06693128523463979,0.4,0.3,0.1,147,8.437581190504577,19.1428645593232
27,0,0.727009373557522,0.699129330953443,0.36884378258441763,0.00962915032468541,0.0,0.0,0.0,0.0,0.4,0.3,0.1,1,17.650607859249003,76.12326855924901
27,1,0.5375674060181956,0.630364633162889,0.3514625130037151,0.06816641581066633,0.47881041150532766,0.1578963692130123,7.482858934169e-05,0.00017058153837609002,0.4,0.3,0.1,3,13.46749840551819,54.64966827839992
27,2,0.4137225209653734,0.5595961033155029,0.3208195294408795,0.07676813482431799,0.3829652994296933,0.1808099225714147,0.00032851083895099,0.0007488833449150699,0.4,0.3,0.1,5,10.624090716903776,37.55165864425246
27,3,0.4046304100952902,0.5518325083679515,0.3166253613899107,0.08148384295322661,0.10277392718178359,0.18416892479090594,0.00044176282757846995,0.00100705603818891,0.4,0.3,0.1,7,10.097758861626009,33.519275375771045
27,4,0.3811983220409429,0.5306415328104144,0.30442758158298405,0.08562589192124173,0.22213131373131484,0.1886634207892277,0.00059138314682085,0.00163298579500054,0.4,0.3,0.1,8,10.158844818382,19.795462140221403
27,5,0.36287942437180754,0.512985838023011,0.2957933629665299,0.09823213832242196,0.22893479364637484,0.202008648391999,0.00066890831665919,0.00315093990941472,0.4,0.3,0.1,9,10.168196987478751,16.940066058384918
27,6,0.3639182154005353,0.5112959629832281,0.30772058567223937,0.12918003913319592,0.33242635121824066,0.23623579256160712,0.03583845501268784,0.09354865792211446,0.4,0.3,0.1,10,11.09869687571786,15.22391110577901
27,7,0.32521005983339596,0.47202561851951574,0.2702268544251555,0.09889787740479337,0.10856597767213624,0.19744663551128583,0.0011479974527634,0.005699155865701621,0.4,0.3,0.1,11,10.07346998134082,13.884705983714468
27,8,0.318631013252884,0.4590931920986764,0.2715602815565914,0.12019899446051441,0.33438918030075926,0.22534884038111383,0.023393517773107,0.06440402960372318,0.4,0.3,0.1,12,10.746102124994412,15.516842391947884
27,9,0.31799670565573046,0.4767884430339419,0.29131407835206063,0.13697831743868746,0.1061560975959721,0.2253488403811139,0.023393517773107,0.0644040296037232,0.4,0.3,0.1,14,10.8985132149388,14.663493284129537
27,10,0.28377078116889276,0.41539141419740333,0.2412541845068941,0.11337418717840679,0.30591153643317,0.19124798362521223,0.03454533958611121,0.0743610711672214,0.4,0.3,0.1,15,10.61178315003251,12.780346042209104
27,11,0.27003593465110615,0.3973061553901867,0.2286592748488251,0.1317699654303403,0.11996536618994086,0.1641548496249368,0.04527467240805312,0.11069580706218836,0.4,0.3,0.1,18,12.327295036320296,26.824935581618547
27,12,0.24280469295838875,0.38487744093371073,0.2222587770201267,0.11354069072673989,0.13955263299373116,0.12443891866187433,0.030942497520650307,0.11326550590643872,0.4,0.3,0.1,19,8.1260799980634,28.653021940244937
27,13,0.23969536716243847,0.36203109174713954,0.19903904951718443,0.13289470630345013,0.07509522256837284,0.12343185751488837,0.03309592501892044,0.10260139338429064,0.4,0.3,0.1,23,8.081572391572731,21.73415668388419
27,14,0.2518611914861384,0.4000802491578526,0.2522511098025021,0.17080263922076164,0.16462137307856906,0.17997043907710555,0.0690504434566059,0.0788434180181152,0.4,0.3,0.1,26,12.579136366182594,31.530260643753213
27,15,0.23791388170259525,0.39595070316154235,0.25754221505779684,0.1851980831258133,0.15820456136097447,0.1713655757361123,0.06779505870257616,0.08785143394455289,0.4,0.3,0.1,28,12.559790081422095,30.399959071540213
27,16,0.23768035779922625,0.4139885024042551,0.27753463957102587,0.18809411920738464,0.09949354562969388,0.17741076250108198,0.06553154936396,0.07121768841690564,0.4,0.3,0.1,30,12.57353733583842,27.33486719470083
27,17,0.20554299906516407,0.39177975226247136,0.264347087103734,0.21756879981989796,0.0888023854573561,0.14686855643348554,0.03846278252823391,0.05436373324671025,0.4,0.3,0.1,39,13.11017788763994,26.45831904408505
27,18,0.20525433803252088,0.3912291454758579,0.2640107846908391,0.2175311331034119,0.0791813327766778,0.1468685564334855,0.03846278252823389,0.05436373324671027,0.4,0.3,0.1,40,13.04000393357237,27.363509527129363
27,19,0.23402352241514865,0.4138570144496329,0.2916290720079349,0.27363657751164355,0.1927781933466661,0.18760177237934428,0.058139365866810025,0.1868416940765631,0.4,0.3,0.1,41,10.964068468738182,16.661211145760348
27,20,0.19762419271839446,0.3754234323066042,0.2547404126166126,0.2317344981845929,0.1009385709482126,0.1484195894127998,0.03969679953886443,0.05423875457782914,0.4,0.3,0.1,42,11.70065354467138,24.978956624404105
27,21,0.2253179409140249,0.41362644834037965,0.3007697087051013,0.3049112760145512,0.21048354483501433,0.1918827352672657,0.05217337704151358,0.19615988358802663,0.4,0.3,0.1,43,11.258512365533983,14.256304424376694
27,22,0.22344601852146878,0.428159982080085,0.31859300193362305,0.3194541905869249,0.12446567102594279,0.19188273526726563,0.052173377041513556,0.1961598835880268,0.4,0.3,0.1,45,11.135822135519843,14.74710707521644
27,23,0.20406659291388624,0.3642438183028708,0.25662896857915485,0.298445380515217,0.14307384358608174,0.17907391179836324,0.0370822006494667,0.16328789446290054,0.4,0.3,0.1,47,13.237500364958745,20.40044044799428
27,24,0.1934807121559915,0.34370802425121505,0.24300897457648798,0.29092386901175316,0.15450546085272318,0.1779718023574084,0.037964965698052286,0.13729785482444307,0.4,0.3,0.1,49,8.845862112804634,18.191719374473767
27,25,0.20187187517906174,0.3612385117607949,0.2685494094340353,0.34436312845395245,0.20828652788410704,0.19271078617104453,0.06859290856743629,0.13765503131101633,0.4,0.3,0.1,50,11.042900517762751,12.900978285848218
27,26,0.1977918050141088,0.3347992142232213,0.24288753708247923,0.3281629299563495,0.13038292674473995,0.1750649170546635,0.07488118994142716,0.17476609073122748,0.4,0.3,0.1,52,11.280459033376813,16.52512092025101
27,27,0.19037015626450163,0.3431551032682549,0.2547453591281728,0.3544417151764445,0.1326883356163349,0.16925868989247256,0.07130388588933129,0.15239675156810606,0.4,0.3,0.1,53,11.44087598200959,15.041615174392549
27,28,0.18924967614421037,0.3390276411215575,0.2525431374697065,0.3513548233779596,0.13629765206669645,0.17332194322753897,0.06980840070027353,0.1488000335224409,0.4,0.3,0.1,54,11.347411816689938,14.54502071953579
27,29,0.16765802011589753,0.30825204233921805,0.22753905481552,0.34516749069959013,0.18256510407444282,0.1339288917497064,0.06734014086287038,0.1542456772793503,0.4,0.3,0.1,55,11.233008909948822,16.15425119785202
27,30,0.18433427653880163,0.3390678620141524,0.2627895527550393,0.37737146131777655,0.11464493475516246,0.18559934474775325,0.07045167686701295,0.13045570525865546,0.4,0.3,0.1,62,12.013897116279988,12.290633942012256
27,31,0.1849464916777613,0.35344657539734736,0.2817970404566106,0.39226537224191615,0.158410588019165,0.19215409582120865,0.07068486369063723,0.1363789132586954,0.4,0.3,0.1,63,11.0300954169666,16.631293315145296
27,32,0.1782832003180352,0.34153916292287856,0.2730411710493807,0.4165406616246243,0.13338541286108788,0.18446118053763633,0.06665875213895359,0.14109214610884707,0.4,0.3,0.1,65,12.255036442109263,13.75333009670682
27,33,0.16045112074055323,0.34142329447055497,0.2751398422409178,0.4155265102767175,0.09303060057122645,0.1430304726010447,0.06540786450424069,0.13646278556933705,0.4,0.3,0.1,68,12.916139750451654,8.013351180272627
27,34,0.18111140236121895,0.3775028223824573,0.3147954898557071,0.45788047208024046,0.12264788702681292,0.19288642262390265,0.07369151371435313,0.13500258368516402,0.4,0.3,0.1,71,11.017256895138136,16.146122774034094
27,35,0.176800349729713,0.3503947175741039,0.28846904376351656,0.4934573494067346,0.11881271672502097,0.17712833854510232,0.0649502708210832,0.20307315264984666,0.4,0.3,0.1,76,15.612790238219148,16.682822058502655
27,36,0.17680034972971298,0.36890436946817917,0.30872020193285377,0.518416407847114,0.11064401715852407,0.17712833854510232,0.06495027082108318,0.20307315264984666,0.4,0.3,0.1,78,15.612790238219144,16.682822058502666
27,37,0.16836387756140117,0.3782182356111195,0.32021986173071865,0.5296052387500104,0.10617802164199014,0.16201331931591353,0.06719941482581847,0.17623760285828935,0.4,0.3,0.1,80,10.910966087886342,18.151892108863787
27,38,0.18603962432032636,0.42854559774626966,0.3765779985721286,0.582340035580835,0.12761956144677417,0.2209829660366375,0.07429850281697746,0.11757331661465298,0.4,0.3,0.1,88,12.560098012639862,15.238719601863243
27,39,0.1738459906834016,0.41312815194774677,0.3630174771894282,0.5728491904238151,0.1267647207887797,0.18169582895740052,0.083133094362825,0.1417334668493016,0.4,0.3,0.1,90,9.204125103789863,12.314235610214569
27,40,0.1627047658147989,0.4567237401819411,0.4122888993190417,0.6049854838149307,0.10221505923608848,0.1842593475663571,0.05674203884211848,0.1029107178061702,0.4,0.3,0.1,96,10.94995715434067,20.81472885472068
27,41,0.1580170042012989,0.41015086271828666,0.3650120526194269,0.5694195370886821,0.11358109636649276,0.16568941036249457,0.06505967904254102,0.12807310189276885,0.4,0.3,0.1,99,13.504497971493896,19.863863051081434
27,42,0.15861874890990402,0.42610357770068585,0.3844957007079845,0.6212904499466909,0.11029359223484973,0.17479923418790103,0.05968609261967446,0.1281415872450629,0.4,0.3,0.1,102,13.509530860754555,20.21538687739716
27,43,0.15861838407837914,0.42610292804515115,0.3844953051690121,0.6293926469938793,0.10063947983016898,0.17479932696992992,0.05968573890056724,0.1281400172420299,0.4,0.3,0.1,108,13.50949944181654,20.207783407325437
27,44,0.15861306668240874,0.4445954926293572,0.4047360086338651,0.6435094537898263,0.10068054280211236,0.17479932696992986,0.059685738900567255,0.12814001724202992,0.4,0.3,0.1,110,13.509930155630846,20.14953201799611
27,45,0.15317637803225798,0.3645374652821541,0.318040878122923,0.6050104789832712,0.09595134105036231,0.17198025701495692,0.05593566186840206,0.09891995752691184,0.4,0.3,0.1,121,10.827097721076644,22.163732784828284
27,46,0.1530698936615462,0.3636300548140109,0.3175848815267366,0.6012725133624002,0.09814853844588192,0.17187070279556813,0.05405557802494343,0.10751827282585638,0.4,0.3,0.1,124,10.82701583043361,21.592286246453927
27,47,0.16085501893678128,0.3890489585527917,0.3452381805598328,0.6295615278248167,0.1047059563017664,0.1742969397814684,0.05915443390067822,0.16426730066186412,0.4,0.3,0.1,134,11.237198502312244,23.42013033077475
28,0,0.7775417546343293,0.7202407729056272,0.38173488530878374,0.011016494794866471,0.0,0.0,0.0,0.0,0.4,0.3,0.1,1,16.64497566232101,71.41802612898765
28,1,0.5935757928599081,0.6657134008731171,0.37421366046021254,0.0732867774451024,0.44640012723674816,0.1653867938953151,7.19465830721e-05,0.00017182138677119,0.4,0.3,0.1,3,12.253660914885511,50.81085043690892
28,2,0.4605275786561011,0.5990278218161041,0.3472403724731374,0.08498467599245389,0.3856574539214195,0.19555393723777642,0.0005439832146748,0.0012991298034544401,0.4,0.3,0.1,5,8.637478421827717,26.597194117160058
28,3,0.43297262030945466,0.5566441225722247,0.3087304916938459,0.07659385352649901,0.11446411250139142,0.17219048155734643,0.00035142595701246,0.0008042217479028301,0.4,0.3,0.1,7,8.153839012012824,20.44956598525069
28,4,0.3729474838657763,0.5041591479632628,0.2809291988001281,0.09519717169401234,0.47927198163954987,0.19875612798341522,0.0008139370371795099,0.0022251945961021197,0.4,0.3,0.1,8,8.40506291096953,14.845153539287969
28,5,0.3680029291153955,0.5177629041104121,0.2977753827559813,0.10057314006704648,0.0910588151253852,0.1960716881647639,0.00085585819408387,0.0023263566911531303,0.4,0.3,0.1,10,7.961395503009397,12.337647783536
28,6,0.3509435165742621,0.500296639498698,0.28733919681005593,0.10703706261620179,0.13636923988678767,0.19763492156279636,0.00078325982656661,0.0021750652071097403,0.4,0.3,0.1,12,8.646949150174125,13.815872197936054
28,7,0.3374977049120742,0.4859561692618514,0.2781701168522818,0.1124998882171012,0.16211583135634905,0.19135295054054244,0.00486673871831262,0.00445857316762134,0.4,0.3,0.1,13,10.757934573061736,16.29967862632859
28,8,0.31253841919013364,0.47578794674770436,0.2812827073232682,0.11919391918327514,0.17273245489239222,0.18378868844392154,0.01703832100198564,0.00777539507727244,0.4,0.3,0.1,15,10.588793864521572,14.534934515117754
28,9,0.3333458758009832,0.512727958375674,0.32510273466410733,0.17602519590196933,0.13181284936365628,0.2680682548993671,0.00562620241013564,0.02116195283793625,0.4,0.3,0.1,19,10.682308993124396,47.39272669567069
28,10,0.29162885023563156,0.48687057317250515,0.3058732122723966,0.13967656378472695,0.11873401959759322,0.18334336580197047,0.01700942566770395,0.007732931641183339,0.4,0.3,0.1,21,11.146574247128113,13.597573762378364
28,11,0.2916256782680345,0.5053759195116346,0.32612204055913063,0.1603144622466786,0.07922551211261127,0.1833434308302739,0.01701192936313947,0.0077329431695020105,0.4,0.3,0.1,23,11.14658015807523,13.597573006921138
28,12,0.28040831192026394,0.47006755738526274,0.29772374513094946,0.17170337499973862,0.11262875533372921,0.20470876047744105,0.00730661616388969,0.00559056495634875,0.4,0.3,0.1,28,8.433285701350977,12.705353265662575
28,13,0.27517681972488817,0.46337549054423716,0.2930520336101754,0.17604079077326495,0.11581136943037106,0.1999276319218235,0.00721678459008251,0.00994860399464078,0.4,0.3,0.1,29,7.924527572131396,11.013286151551013
28,14,0.2721157631021388,0.4776400322266364,0.31064169927890994,0.18503520114426264,0.095767868771975,0.19931800720285378,0.007514629927438341,0.009714498753627971,0.4,0.3,0.1,31,8.052106931242491,10.645653054777044
28,15,0.2705696803405823,0.4745619806804108,0.30954369918750085,0.22661044529873128,0.09563431715227848,0.2064503542782948,0.00494641627267215,0.0089602228201899,0.4,0.3,0.1,34,9.374828196910588,13.165764794160015
28,16,0.27056967369762835,0.4930716325744861,0.3297948008449218,0.23351919694125878,0.08496015777109225,0.20645035427829478,0.00494641627267215,0.00896022282018991,0.4,0.3,0.1,36,9.374824764463964,13.165764690510068
28,17,0.2603442428191034,0.44429629705204304,0.27944975464531735,0.20218912664986546,0.10906619187515319,0.19126080384610875,0.00328271619454889,0.00628440244789238,0.4,0.3,0.1,37,8.15664761588631,15.560820978980136
28,18,0.26031834799015124,0.4800696881957787,0.3201886496207879,0.2389983242353945,0.08867415486574258,0.1931046063454984,0.00847600777756113,0.00894523660383116,0.4,0.3,0.1,40,9.726390160412404,11.2137421894028
28,19,0.25236135213733857,0.488827239616136,0.3328076648659734,0.2484212560235212,0.11066899503530349,0.177746180493886,0.01123254680445234,0.01903328882873129,0.4,0.3,0.1,41,10.732577277256151,11.976408865796744
28,20,0.2523613581745181,0.5073368915102113,0.3530588795472267,0.25544936430410253,0.07637170889872219,0.177746180493886,0.01123254680445233,0.01903328882873129,0.4,0.3,0.1,43,10.732579572289984,11.976408873253089
28,21,0.2506663670625888,0.44894733427278705,0.29078431232519264,0.21744450149922037,0.09861548901581013,0.18029697893886143,0.01181770689153862,0.012869166873198428,0.4,0.3,0.1,44,10.789611157429176,10.357209896049444
28,22,0.2399520217201084,0.429430241265586,0.28064965158662614,0.21012678180899683,0.2333070511414315,0.19174307868752005,0.009007085103750121,0.0213050158138147,0.4,0.3,0.1,45,8.248641295862534,13.17746785855146
28,23,0.23940607060452013,0.4600757459659609,0.3204350957203992,0.29138120683505264,0.10272962974255151,0.2110965106326519,0.01012311939049782,0.02208686906630373,0.4,0.3,0.1,52,11.740794964205298,10.586533617231952
28,24,0.2374547281826733,0.4760995358512011,0.3387017057945452,0.3048217457856654,0.0911931684066377,0.20798850098419436,0.010196573006312,0.02231330827542612,0.4,0.3,0.1,55,11.713879778537914,8.518829955648473
28,25,0.22976021309424433,0.48299987693949503,0.35093541803880857,0.30920820165355634,0.14422475810281532,0.2022193209829549,0.01007580010091179,0.02190670526847299,0.4,0.3,0.1,56,11.333433072355897,9.481721197587625
28,26,0.22698409374203687,0.448096252886301,0.32589453786508465,0.33771257023556844,0.11396180981838301,0.22463776650878647,0.01790471190274865,0.04282468420633618,0.4,0.3,0.1,69,5.852586314926263,28.34772457925464
28,27,0.22553013518117537,0.4376945209969825,0.32253629094505515,0.3549540238437359,0.2211564457537028,0.24176754900373404,0.018663889177641,0.04890317935185236,0.4,0.3,0.1,70,5.350253361067728,31.891303467276646
28,28,0.2248674546964279,0.4548506037580263,0.3419609623409781,0.3668851840146263,0.11144950271549917,0.24176754900373404,0.018663889177641,0.04890317935185242,0.4,0.3,0.1,72,5.542621140278657,31.624844592405704
28,29,0.22135456354163646,0.44886242517664726,0.3378501000031921,0.36904815558906146,0.13642475409186433,0.24044202234617432,0.01792620893416698,0.04474958604304285,0.4,0.3,0.1,73,5.72755175333872,29.41626729329913
28,30,0.2213251009603684,0.4660893730893023,0.3577573110528754,0.378402865959213,0.1223226735384241,0.24308044238824697,0.01791353152747992,0.04551695128869379,0.4,0.3,0.1,74,5.524080882857448,29.001581359294985
28,31,0.6158795836846102,0.849354265736606,0.749243813136689,0.862841169440299,0.5177671885312549,1.0,0.03845743902691892,1.0,0.4,0.3,0.1,95,6.921415521697897,923218.985863056
28,32,0.3232711217468051,0.5472405146003966,0.45370718849696184,0.5801962506259615,0.33289684528206587,0.4590379778757242,0.03269735090157373,0.328905960440486,0.4,0.3,0.1,96,7.3006965153661,494.15283526499934
28,33,0.32327112060226537,0.5657501664944717,0.473958403178215,0.6068364925213576,0.22631543914922242,0.459037977875724,0.032697350901573705,0.3289059604404856,0.4,0.3,0.1,98,7.300697208786465,494.152831474374
28,34,0.5849751812947471,0.7327590791378004,0.6337138683101795,0.7282888743565763,0.5138226481108984,0.9478104670416515,0.034941811634486966,1.0,0.4,0.3,0.1,99,7.191290478713944,1231597.794313791
28,35,0.5990356523122017,0.837629928047943,0.7484607767628934,0.8926336778176723,0.5239833774027284,0.9832466880688149,0.03877171684712224,1.0,0.4,0.3,0.1,100,7.787018017843074,393078.5464956349
28,36,0.5990356550990734,0.8561395799420183,0.7687119349322304,0.9060013000207335,0.504930532273994,0.9832466880688148,0.03877171684712225,1.0,0.4,0.3,0.1,102,7.78701943232497,393078.5462801327
28,37,0.5590658008646674,0.7196154182232266,0.6261452604020419,0.728879582475057,0.4893747891427266,0.8903922691602907,0.03880541555890467,1.0,0.4,0.3,0.1,104,8.39239686507997,141846.37749357682
28,38,0.5912490566112596,0.763053174577182,0.6760569178433506,0.7604592372702118,0.5808718673193785,0.9823972855079833,0.039738670994570756,1.0,0.4,0.3,0.1,105,8.22471938041935,393342.880691512
28,39,0.3493930328245556,0.5871237374586588,0.5122545097595235,0.6994964417394941,0.28236056303535334,0.49204047515017396,0.03126503714597303,0.6197101458138059,0.4,0.3,0.1,111,6.188303040031111,3757.181445117336
28,40,0.2902628244722577,0.5696264286575659,0.5085536447317185,0.6919522011306571,0.2323384384347009,0.4194729784958653,0.04453426975099916,0.3600550643966716,0.4,0.3,0.1,120,6.591964125138714,491.9397790958078
28,41,0.2820136275873665,0.5300965508830897,0.4748853561828795,0.6891777366467697,0.2772605695044731,0.41756289061632923,0.04374086064329104,0.3551354405725232,0.4,0.3,0.1,122,6.012848231948343,499.8166608051113
28,42,0.27757036340072516,0.5795273051275796,0.5304976611776195,0.7218780342550589,0.21672193925905953,0.4146298827096192,0.04245968222634309,0.33430718188437136,0.4,0.3,0.1,126,7.492875589178621,485.9395390030987
28,43,0.1917567225815359,0.48363721973948365,0.4404345661822124,0.6597849305973058,0.16111591983145535,0.2661421949529722,0.04135077044970006,0.12233122619382424,0.4,0.3,0.1,129,5.900710662508273,3243.492573790338
28,44,0.12426882399458766,0.468436944798467,0.4323122911218298,0.6719706271098588,0.06789101375538856,0.12042784843542081,0.02690999190144889,0.08882092140592729,0.4,0.3,0.1,141,11.227628209080944,17.207536236085694
28,45,0.15022379070341127,0.511465322513792,0.47788209835877193,0.486880617330455,0.0958472670379218,0.15724305293742685,0.04488463532813351,0.15336774405579473,0.4,0.3,0.1,144,11.71422165624468,10.704128402183514
28,46,0.134064239372998,0.4930236339058809,0.4607299339695352,0.7101002033091333,0.09744010614872461,0.13561136917132585,0.0326062222889686,0.1254297332944444,0.4,0.3,0.1,145,9.430832323955435,16.824578763167924
28,47,0.12967177640871552,0.4936290512601767,0.4705952671532158,0.7290491909748287,0.11850579654856233,0.13886730721430673,0.032692682850191654,0.12619085556364823,0.4,0.3,0.1,148,9.93557187445582,22.670889429896157
28,48,0.11551953629977389,0.4971844868313001,0.4881074831462584,0.7502409192026209,0.08562485348896627,0.1329888430446629,0.02936175514312132,0.09404555054574536,0.4,0.3,0.1,160,10.198327303230013,31.53629647144136
28,49,0.10456519379713379,0.46340369299131723,0.46627103791291113,0.7577483709343811,0.16451140160572963,0.12211385116972825,0.02912201135622755,0.107213564041823,0.4,0.3,0.1,162,10.018209901276308,24.85028912965804
28,50,0.10577338357270766,0.4853008461728584,0.49998558184395425,0.7860870355729722,0.14182605896361508,0.13877258145506605,0.0285739266394787,0.10504254188696394,0.4,0.3,0.1,164,8.286028396281218,20.132058573739133
28,51,0.10258314675201216,0.4801714178901175,0.49583601867909555,0.7983083608533985,0.07990202541195678,0.13634947263740083,0.02896522662625679,0.08743103554469286,0.4,0.3,0.1,166,8.181226047896894,20.11824460282609
28,52,0.09737872586320663,0.4880301865550795,0.508175823362326,0.7936743115750292,0.08312281255061527,0.13177482703713053,0.0270803974245507,0.07523262469001225,0.4,0.3,0.1,169,8.307025065060827,20.00822582245988
28,53,0.09851678859127336,0.5062858267385387,0.5288706377709923,0.8274092060356233,0.07553785180483812,0.13403535723401755,0.02788823453972113,0.07914313167486202,0.4,0.3,0.1,171,8.558703160585091,20.03062796281873
28,54,0.0963930012320611,0.4291182965317577,0.4452401038357857,0.5570133400564703,0.070092313348446,0.12954111646386593,0.027797761163073732,0.07902156579870401,0.4,0.3,0.1,175,8.629731346042703,19.833470243409156
28,55,0.0824773406920913,0.6183494354136243,0.6538574982198005,0.9456273003495079,0.05449160756173377,0.09150820622193769,0.02579485254645102,0.09931167760184947,0.4,0.3,0.1,192,9.234107041853555,20.413553989490406
28,56,0.07064452251324743,0.6178807366480566,0.6586890216800793,0.9507595357022222,0.10200111331730725,0.07099047237096565,0.027136470603584588,0.07896805916133302,0.4,0.3,0.1,193,9.302230197998297,20.661337004977423
29,0,0.7567885184066827,0.7117317162430482,0.376538953692045,0.010456777902492907,0.0,0.0,0.0,0.0,0.4,0.3,0.1,1,16.5105572961,73.47649196276667
29,1,0.5706812847701774,0.6496474493671199,0.3619775300142487,0.0664105675212212,0.4443479185569964,0.1498263230764804,6.496978056426e-05,0.00013306483558437,0.4,0.3,0.1,3,11.914594166999557,53.02744507946935
29,2,0.44245858014689643,0.5641252384536029,0.31301293055722557,0.07127999947206062,0.36402309418212503,0.17049267013464733,0.00025987912225705,0.0005322593423374999,0.4,0.3,0.1,5,9.592604170156116,37.418298555030646
29,3,0.3854463138019659,0.5153942956554769,0.28289131023392083,0.07232163255451199,0.21790913806038748,0.16805153925342825,0.00032525853726809,0.0007119762890550601,0.4,0.3,0.1,7,9.988191559562903,21.477367122412925
29,4,0.36823020052639915,0.5175368377536096,0.305226288098533,0.11210188107386254,0.39714432951954953,0.24494785512960132,0.00061083884054911,0.0024553957282093903,0.4,0.3,0.1,8,12.030506357719457,22.36523711264164
29,5,0.3354826078672094,0.4810200919041375,0.2827985163029997,0.1160577132773828,0.21190390732628803,0.24413643607430502,0.00060271774259355,0.0023895301890665297,0.4,0.3,0.1,10,11.949538868356118,14.175034179870137
29,6,0.3352438190304985,0.48073939899378115,0.2826253566296395,0.1236190300186947,0.09893954399448587,0.2441243258111443,0.0006032938399545701,0.00239152691253146,0.4,0.3,0.1,12,11.834504823810768,14.284958924954012
29,7,0.30978944250273854,0.434186929996487,0.24024034824224366,0.11228545510357539,0.18080004004232864,0.2118715486259413,0.00066570584672153,0.00253948633227912,0.4,0.3,0.1,13,11.115423029304818,10.127931204897576
29,8,0.3039489926524298,0.4252088349912272,0.2371869689889681,0.1220331117739335,0.18746012477549578,0.2268689253136618,0.00154882748925228,0.00227862855100831,0.4,0.3,0.1,14,13.475724747466694,9.19292111403058
29,9,0.29594700759544357,0.41309185107813035,0.23161356743293798,0.12870213085213442,0.20198382126989,0.23299474835194833,0.00508919209630912,0.014037389922670122,0.4,0.3,0.1,15,13.3715668696783,10.681883649914232
29,10,0.29325789344211967,0.42790033516755016,0.2496047575642848,0.13651245839267848,0.107695348341952,0.2329947483519484,0.00508919209630912,0.014037389922670122,0.4,0.3,0.1,17,13.050432652652702,10.852714386616222
29,11,0.27405544592151226,0.4073636740176574,0.2309423361879925,0.12581388928847737,0.09556249334359856,0.18168675841064716,0.01700493675867665,0.02629087975585005,0.4,0.3,0.1,19,12.062436415267545,13.976867323082123
29,12,0.26846110523869227,0.39493109908825225,0.22721845956834452,0.13160991794641455,0.1607853341802828,0.2206733210050359,0.00518038797501676,0.00514846653135212,0.4,0.3,0.1,21,11.692017110313822,8.91991127857863
29,13,0.27224993088316285,0.4352075651204314,0.2716226579076242,0.1562009773950598,0.10603984998376519,0.2312464153839268,0.00691610716884624,0.006778298355331181,0.4,0.3,0.1,22,11.839846889745594,16.350417779255395
29,14,0.2560152103575245,0.3936880182675603,0.23596093244354926,0.14287931792602426,0.21561014620788596,0.22242773536426375,0.00680049481732478,0.00746481592050976,0.4,0.3,0.1,23,12.072722214092382,11.884497347625446
29,15,0.2565174097116729,0.3885979337959226,0.23644804212331505,0.17481470620041434,0.14545907722084858,0.23403438232129636,0.02119998812021641,0.0101743375771427,0.4,0.3,0.1,25,12.493946223038956,12.87069280236855
29,16,0.23338679853295596,0.41645041467229854,0.2738794897826783,0.1826502562836516,0.1022128236081312,0.1968812656902601,0.014909480103752579,0.012723668401796982,0.4,0.3,0.1,29,12.037969807883892,13.261785518212486
29,17,0.20896295367564743,0.36907213239242265,0.22882321674314993,0.1763609681197404,0.08783410886912518,0.15632533148837277,0.01052441794289667,0.0037731493808734902,0.4,0.3,0.1,32,10.609656063688409,9.489117727758613
29,18,0.2163401776734944,0.37379624152801527,0.23592716960804866,0.18681292199326657,0.0963460986047713,0.16601550281703975,0.025933088277085493,0.02714645112546587,0.4,0.3,0.1,34,10.264521123363156,11.277954577822433
29,19,0.20444391106942636,0.3768566663218204,0.24376464319765428,0.19876988731627337,0.11796247037187853,0.16114009066727808,0.013626420803358161,0.007036329377880559,0.4,0.3,0.1,35,10.540265994049518,9.901276464370712
29,20,0.20805625999688965,0.37695033106363873,0.24681222688642518,0.2093222969369511,0.10081963323570962,0.16659061860342242,0.02538430488910016,0.02675921991627896,0.4,0.3,0.1,37,11.164702278655698,10.777615694969215
29,21,0.20096177995300865,0.3510759105015947,0.21942124500953095,0.21261325161857267,0.07379493165235051,0.16369599266372528,0.01327258337349671,0.00680099471287388,0.4,0.3,0.1,38,9.804945111635924,11.145618439018357
29,22,0.1989766554220185,0.364765031525572,0.2371726432230339,0.21673052752386765,0.10881285126303317,0.16618978586479305,0.01361846579746721,0.007186509543288209,0.4,0.3,0.1,39,10.545658189291776,10.676326755633012
29,23,0.19687262342776632,0.3606954910865153,0.2346924218385337,0.22361135783800626,0.09709269892710462,0.1664775098823809,0.01335208335813865,0.00695543219796705,0.4,0.3,0.1,40,10.528310390416092,11.036049911786684
29,24,0.19836626692935347,0.34211677802959495,0.2156524127342341,0.2386218559650077,0.0957576108033176,0.17406421741237768,0.01125060412785989,0.015102083982175399,0.4,0.3,0.1,41,11.251164447243234,11.013205884342788
29,25,0.1880099350773705,0.34849535036782436,0.22543067687351584,0.23497963340864478,0.0821562364930769,0.15521654641912147,0.01265971355838828,0.00753876221320616,0.4,0.3,0.1,43,9.926095204824309,9.449618164188282
29,26,0.1998219574033973,0.37641432887261106,0.2566650986075715,0.24811448903558198,0.0904519438935633,0.18068776740302273,0.01727785969437627,0.02631478512531147,0.4,0.3,0.1,45,8.989626663436217,14.029060862636785
29,27,0.18472506049121573,0.3318739888757799,0.21857373067990826,0.24847148096625965,0.20748976647984801,0.16676808240338092,0.02046073887644958,0.02248420321501009,0.4,0.3,0.1,46,7.7449847865212815,13.304557777178976
29,28,0.17012955359002338,0.27875549665149396,0.17766421131626453,0.2540771734459944,0.3019488476956706,0.172989501131119,0.01920668638118973,0.01354656869184038,0.4,0.3,0.1,47,8.084615073752705,13.29877066590941
29,29,0.15791045497279785,0.2587622317281175,0.1628009602024801,0.256505692960845,0.15249847510211303,0.15513242512679426,0.019673477337663718,0.015393482744132412,0.4,0.3,0.1,48,9.2814574543087,11.829277385448714
29,30,0.15791045526074496,0.27727188362219285,0.18305217488373354,0.27500113608003823,0.06949453988356542,0.15513242512679426,0.0196734773376637,0.0153934827441324,0.4,0.3,0.1,50,9.281457638331528,11.829277197368262
29,31,0.15693762454811316,0.2693605705582869,0.17960687906423103,0.277805914636427,0.14532711597997897,0.15916084004391515,0.02541461688139267,0.01763866391045147,0.4,0.3,0.1,51,9.329962858975591,12.320597205312003
29,32,0.15205381723914005,0.3560767120678744,0.27563731040459305,0.34272902592214,0.06927773568178043,0.13956659189983672,0.030999393693123677,0.03652490278393701,0.4,0.3,0.1,71,14.704123946055995,26.126938440011983
29,33,0.14112899389699948,0.37797405322722355,0.30366065387664126,0.36864364627525587,0.07111119505003449,0.12804427869894464,0.02374115635348553,0.02104610846887709,0.4,0.3,0.1,75,12.454465178068617,15.769307964409968
29,34,0.14632966574542894,0.35909388323842606,0.2865024236663205,0.36615274723200497,0.12499764793619521,0.12927402821484066,0.04018476451744412,0.052036907620335825,0.4,0.3,0.1,76,10.78414261943399,26.135709583472984
29,35,0.14942815260202041,0.3794191736732753,0.3093593075514814,0.37753550835349725,0.08560786241904009,0.1499019580554435,0.030570743010117078,0.03681587778816352,0.4,0.3,0.1,77,12.94776853916422,24.669264129682745
29,36,0.13667578785582868,0.3540172727225121,0.29165055056979355,0.3782482098474617,0.1301144384469166,0.1353691293785405,0.030675702452988778,0.03818920850231569,0.4,0.3,0.1,79,14.810957528316472,27.71673732761631
29,37,0.1414333577501278,0.35750747837576935,0.29592054175819776,0.3921386233317569,0.08612052060496105,0.14816611610087058,0.031694124853967456,0.03887338958734088,0.4,0.3,0.1,80,13.885671790058922,23.845708949246056
29,38,0.13379922074869682,0.36686211207887676,0.30784707277705176,0.3772161935245528,0.07691062814966329,0.1309584393241719,0.030716588131966798,0.04041247618934848,0.4,0.3,0.1,81,13.664615430525885,26.706905177001925
29,39,0.13380846397150076,0.3628797716662369,0.30621964023203013,0.3989622123720769,0.1060266147235479,0.13537856745848997,0.031708430389289985,0.04041151838310394,0.4,0.3,0.1,82,12.816081845050697,23.363843589243174
29,40,0.13977208135578612,0.42306615140247233,0.37238365256551403,0.558035649434127,0.07473726400639663,0.1427140557223987,0.03576035727659984,0.06483128362994257,0.4,0.3,0.1,109,13.09853362809549,29.933923373834613
29,41,0.1474570721696018,0.4240316306482912,0.37724759354434917,0.5706988553687048,0.1168128332532997,0.16848734114852168,0.04867198429486847,0.03277839176771749,0.4,0.3,0.1,111,12.766240606355392,7.756904422326259
29,42,0.1467641362279061,0.4158288811427466,0.3733273208611751,0.5846449723483562,0.1226308467125095,0.17107272939134738,0.052359646378181704,0.03932932172552456,0.4,0.3,0.1,113,13.530584468804951,9.851658030158276
29,43,0.1465503136675769,0.4339454574830609,0.3932870380150314,0.6106790482495307,0.08848593535264916,0.17065847233223178,0.052510585945921916,0.03921106178136467,0.4,0.3,0.1,116,13.502034587437384,9.830759835738162
29,44,0.14890498672229954,0.43468098455786336,0.39493905325381,0.6456748678870776,0.09350294116516678,0.17528057274811804,0.05572685090499824,0.0419672583771061,0.4,0.3,0.1,122,12.221921771911322,8.039000363610073
29,45,0.1473136561003936,0.4319885240991986,0.3928696224463614,0.6484883924060157,0.10010035628130744,0.1748447870582276,0.052695082110929284,0.04188174462426081,0.4,0.3,0.1,123,12.46161274561956,7.097758690554709
29,46,0.15617909219356052,0.49199063541273663,0.4605574095095121,0.6748896048085211,0.10871926557755578,0.19213452648547752,0.06503235316073121,0.04365004267716009,0.4,0.3,0.1,128,12.10472269501421,8.75855205490812
29,47,0.15617909134981847,0.5105002863574465,0.48080862324139984,0.6897127390509247,0.1007285987406003,0.1921345253380489,0.06503235154760678,0.043650042612592796,0.4,0.3,0.1,130,12.104722874128605,8.758551868471741
29,48,0.15073755128751296,0.46260439375059603,0.43245003381825414,0.664861067402032,0.12203321579607586,0.1809474877009237,0.06950798508542175,0.04377402420804223,0.4,0.3,0.1,132,11.577747946297904,9.263096943912018
29,49,0.15057421440554594,0.46141394892539084,0.43182710208932235,0.6723758265728733,0.10706163209531887,0.1809739408208882,0.07040606978536008,0.04364526712966549,0.4,0.3,0.1,133,11.733975008099636,8.894794892243167
29,50,0.15062642376871155,0.36490405987637875,0.32881782503323337,0.5173353361761274,0.13531036046017653,0.18197878414291935,0.07250812823969079,0.050411402755400216,0.4,0.3,0.1,134,11.96773932751784,9.573038962526494
29,51,0.1510063028345942,0.4936262909455478,0.4704015398282873,0.7288649259952552,0.10317047254526283,0.1891218220870712,0.06591721945833524,0.05039000708420679,0.4,0.3,0.1,138,11.724671643702662,9.82167239502595
29,52,0.15284989405017582,0.49432838962908504,0.4717274725537216,0.7432172229513812,0.10782588224059307,0.189227578752919,0.07337491620361156,0.050635995240747446,0.4,0.3,0.1,140,11.679125991777784,10.315494335937563
29,53,0.1528498938952314,0.5128380414416721,0.4919786306415705,0.7667175486797692,0.10276777229518003,0.18922757882562113,0.0733749160356065,0.05063599463907218,0.4,0.3,0.1,142,11.67912596622141,10.315494319931911
29,54,0.1526664895888451,0.5124459166560911,0.491700474218431,0.7706927660850627,0.1045079041404607,0.1892328691017163,0.0730564238838602,0.05057508742743322,0.4,0.3,0.1,143,11.665251717522136,10.300824175746412
29,55,0.14957599527830157,0.5277640861791293,0.508815200753663,0.7788578543039643,0.10014522772529974,0.18175695306505252,0.07343711060051786,0.0488375725190282,0.4,0.3,0.1,144,11.077251587077502,10.027022476644404
29,56,0.14690261364039015,0.5501626986161207,0.5411530408907687,0.8312260133735866,0.11111147702945684,0.182717209976834,0.07569521214059309,0.05782366205693419,0.4,0.3,0.1,155,11.109551339978994,10.83836494764513
29,57,0.13764391861307249,0.5573934042833177,0.5512049036882685,0.8273771125770861,0.0964797383307516,0.1707986201400365,0.06524564961969764,0.051785290440410914,0.4,0.3,0.1,160,12.53927490235614,10.003322711144202
29,58,0.1446953703637148,0.5760919447705393,0.5752881265498615,0.8637827427008321,0.16198845095840336,0.18482795561670487,0.0760157777455226,0.05881006292967077,0.4,0.3,0.1,161,10.98948314962119,10.971145496160709
29,59,0.13474623803426622,0.5409770957947266,0.5419317390349038,0.8452559684531011,0.11387605668132698,0.17128062342450615,0.06822261225104811,0.06021322814864945,0.4,0.3,0.1,164,12.569644169242697,12.305921888251309
29,60,0.13383090518543012,0.5507447464845387,0.5575133866842958,0.8700559233753169,0.16258825739323715,0.17211728598838277,0.07438443593000356,0.055549552957184625,0.4,0.3,0.1,165,12.340073622650117,12.482160150156425
29,61,0.1341676266346769,0.5505256432076111,0.5575819561205373,0.883493452135675,0.0987904975298205,0.1720270678315682,0.07536306102575971,0.058169895566833864,0.4,0.3,0.1,168,12.519964118077224,12.608841686671568
29,62,0.13413810580864297,0.5504569666493375,0.557533501978993,0.8921185068959953,0.09754821110234335,0.17208258581158395,0.07531611911955076,0.05792227003777214,0.4,0.3,0.1,169,12.527069068508048,12.824750101959705
29,63,0.1330286625147494,0.5674791963892263,0.5764927453493571,0.9057343131092472,0.09780042812175835,0.17210307659196,0.07362782381564044,0.05305125116920795,0.4,0.3,0.1,171,12.241258449268624,11.568222435539148
29,64,0.13390167030616237,0.5863198407000648,0.5973550750159381,0.9314849643246094,0.09842113924355397,0.17295023322866082,0.0757489500089693,0.05380702297067745,0.4,0.3,0.1,175,11.896566244076917,12.71988059235431
29,65,0.1338288417617848,0.6221580549214337,0.637248542425865,0.9355226305447991,0.1068416463973067,0.1718318413808629,0.07816510955472444,0.05391771471871569,0.4,0.3,0.1,176,11.897622787872784,12.080368043639806
29,66,0.13255232390526,0.6002141776350457,0.6146747874924238,0.9373495821369046,0.10595809354140227,0.17148854414743744,0.07658901926842418,0.05422543763917422,0.4,0.3,0.1,178,11.76630124668672,12.12033176418744
29,67,0.13427717862317137,0.6571124814050676,0.6769805013091159,0.9678372415606616,0.1003092883114661,0.1761128302344304,0.07652341329815558,0.05431548403245832,0.4,0.3,0.1,180,11.579866478298593,12.414678677749208
29,68,0.13319142359826439,0.6559529533972103,0.675858920381861,1.0262672843826532,0.09781428132620322,0.17333988693474722,0.07636065664329605,0.055275353519238325,0.4,0.3,0.1,196,11.297691266109728,11.714866868803083
30,0,0.8281062008904974,0.7401058297594142,0.39386488554669885,0.012320553202723742,0.0,0.0,0.0,0.0,0.4,0.3,0.1,1,12.940921527524,74.17000319419067
30,1,0.5946239419792457,0.6630233465134955,0.36953703493951473,0.0658299625223416,0.4851042236519677,0.14591415359951793,7.308764890282e-05,0.00013938016001390998,0.4,0.3,0.1,3,10.621131961144368,53.40002934269714
30,2,0.43492188313388097,0.5577457558895508,0.3084288865466183,0.0692104340234928,0.42382486294995825,0.1660408741721576,0.00029235059561128,0.00055752064005567,0.4,0.3,0.1,5,9.767031159406232,38.29355710013305
30,3,0.3609270691512463,0.49191881314721153,0.2656228959598157,0.06374111650058159,0.24605657840048376,0.14920014668152837,0.00035946980090929,0.00066915486517244,0.4,0.3,0.1,7,10.728060663670249,22.362515514402254
30,4,0.33930694805100803,0.4704307562863355,0.2528753457708229,0.07508502884929925,0.20220708735317858,0.15105921865103303,0.0008343107801061201,0.00140136449679028,0.4,0.3,0.1,8,8.234699961016085,15.321495450677231
30,5,0.31790153188019454,0.4472066166696735,0.2403146107509519,0.08218290660077746,0.15123460250370996,0.16161622368521425,0.00066540485538332,0.00129599272012067,0.4,0.3,0.1,10,11.03674266247638,14.358237680487088
30,6,0.30156359457156084,0.4290567514849997,0.22786395198693005,0.0727986490384535,0.15365129850197137,0.15259751363144686,0.00088524912665772,0.00157887296131545,0.4,0.3,0.1,11,11.094640585175451,15.426182892519584
30,7,0.2829325133392797,0.4427818205763013,0.2553844733886986,0.0908356800828417,0.2314649906713196,0.15765276409232903,0.0031888295903680897,0.00634820051104627,0.4,0.3,0.1,12,12.523958224239834,3.747934589553753
30,8,0.27305946191360647,0.41166156268616844,0.2273084473133494,0.10002995225618916,0.09014044290544823,0.1370613499058667,0.02477450713612821,0.02075936089628713,0.4,0.3,0.1,15,9.503610688007251,7.024752867690032
30,9,0.27105922276206973,0.409045673626909,0.22569106532565134,0.09980854302333517,0.08042946555937582,0.1371296405160064,0.024358629673574588,0.02121720244963366,0.4,0.3,0.1,16,9.166274558842316,9.41832407148301
30,10,0.26751157154038274,0.42307796643965595,0.24293149380421528,0.10676943551572494,0.08730737581798506,0.13513748903125755,0.02476015509824052,0.0208759804296558,0.4,0.3,0.1,17,9.373167642117862,8.590305442387384
30,11,0.25814908887054583,0.41092398251931656,0.2349275318290716,0.11575963304632106,0.1293274202600668,0.13122413213003464,0.0248769518764552,0.0212173903264779,0.4,0.3,0.1,18,8.832690537933466,8.706163037457811
30,12,0.2313559321047581,0.3681851146952831,0.2112371509837617,0.10802265122761567,0.22226681188406353,0.16794746799496105,0.00262910251899695,0.00288294955813262,0.4,0.3,0.1,20,7.9710050339223475,7.995682886496437
30,13,0.23132159548835124,0.38625140168047273,0.23146971479550427,0.1168621942981413,0.07233823623828892,0.1695533213608328,0.00264073833134931,0.00289861439766825,0.4,0.3,0.1,22,7.863409529086522,9.194440274910631
30,14,0.22598972202256304,0.3965844612681295,0.24644017120077424,0.15130292595152564,0.07337253676080518,0.16813709407161878,0.0023274950462526403,0.00210808133360359,0.4,0.3,0.1,31,7.165871339390646,4.934893256329663
30,15,0.2179528544625527,0.40334888706303546,0.25856881693356254,0.16424299938757034,0.12429225343878145,0.16144637534133477,0.0031051992460732598,0.00212527881449804,0.4,0.3,0.1,32,7.1885757325639,6.231717390143934
30,16,0.21383192566563686,0.3973498945079408,0.2543517154109757,0.16573116242844893,0.0787192396326116,0.155624325062337,0.00469987470333536,0.00640245062123624,0.4,0.3,0.1,34,13.080947798477592,10.259107809708842
30,17,0.19491709989641895,0.36573962431128865,0.23399394023832945,0.164330881547093,0.24362811950426466,0.14982565069556178,0.00405228895639011,0.00442174195974178,0.4,0.3,0.1,35,12.682715957403436,5.630217354655677
30,18,0.18818426679655467,0.35775520662767557,0.22705493777878658,0.17529155892890344,0.06473310293852982,0.13685113341862498,0.00344976469030604,0.00513146613988339,0.4,0.3,0.1,37,12.377004589061968,7.207200324836262
30,19,0.18372050131300022,0.33135942865506124,0.2017385247867493,0.16358261978598237,0.10136198625434582,0.13475379944222865,0.0038068332053447598,0.00603288086313052,0.4,0.3,0.1,38,9.492047209708772,6.854272323275743
30,20,0.20755328009878302,0.4426879415091852,0.3258249319717338,0.21573342117546104,0.15053687011237452,0.17945323462191295,0.03710507053591683,0.01916655038594576,0.4,0.3,0.1,39,15.721415801176724,8.691843202914837
30,21,0.19514145747231884,0.40600754905802056,0.2918466125055858,0.22227662534459897,0.1139412540349401,0.1718661628055293,0.02668287339713047,0.01319183428492764,0.4,0.3,0.1,41,13.333901498174905,10.691010974481806
30,22,0.20110328259597077,0.40915841327150865,0.2972608684298846,0.2308932118019393,0.12615127771579115,0.18604209821648424,0.03614885478241723,0.01772671201172482,0.4,0.3,0.1,42,15.408427705647336,16.84410830741513
30,23,0.1972354897222039,0.4211427083827922,0.31282695614452005,0.23906782873255858,0.11262572230330009,0.1811445990044538,0.03640106832615162,0.01857056436883485,0.4,0.3,0.1,43,15.093616037335432,9.180510467960069
30,24,0.19471714517946762,0.4136537879414923,0.308954540163353,0.24741035877292525,0.14537036086851116,0.18604209821648424,0.03614885478241723,0.017726712011724828,0.4,0.3,0.1,44,15.04092797890046,17.764803626216814
30,25,0.19170223180967166,0.38550556882307513,0.2838327436150324,0.24230530885917778,0.1681119807055772,0.18984988653919296,0.03755172741363883,0.02435090815101153,0.4,0.3,0.1,45,15.658458785934284,9.804061948693407
30,26,0.18681238912331183,0.3674531613955348,0.2747234203196737,0.23527424014515072,0.16671228938737478,0.19803353510143873,0.04204523801877755,0.02728704115673458,0.4,0.3,0.1,47,16.51795028689898,26.544302837764217
30,27,0.18137206164836048,0.3730772627400009,0.28692434147056023,0.2655003707999444,0.1712573876714455,0.19693200728967641,0.04197707416775491,0.02722239771761444,0.4,0.3,0.1,48,15.995142978088458,27.03661747612976
30,28,0.18098243918360749,0.390605594664808,0.30657630379316153,0.27609866632459945,0.09717217069456408,0.19693200728967644,0.04197707416775492,0.02722239771761444,0.4,0.3,0.1,50,15.907034041576887,27.321770959176398
30,29,0.16587962635969794,0.34602865018551165,0.26722706672485147,0.26698888753236644,0.14237443221432167,0.18276465237857006,0.03507565815988535,0.02290706171641769,0.4,0.3,0.1,52,15.684499883614222,10.169670560588322
30,30,0.16171772832563142,0.3339152305977392,0.26001813764324333,0.27379173587905165,0.12598620237536953,0.18417731219108127,0.03501150550036838,0.022270047006340242,0.4,0.3,0.1,54,15.597602307983315,8.498039714622056
30,31,0.15467997507519585,0.3389663022332379,0.2707005972028974,0.28804312687782785,0.10391343755142049,0.17989208673148638,0.03023373417043876,0.01905849948600741,0.4,0.3,0.1,57,14.892272107832412,8.419466238986162
30,32,0.15356660446125728,0.35571772317311817,0.28958022076809364,0.3172912851518202,0.08341670201750111,0.18411392402029475,0.020745151749909062,0.022986410390121,0.4,0.3,0.1,62,14.450984116365726,10.342255855546163
30,33,0.15871695069868946,0.3973932752346026,0.33504069698105654,0.3572394844489891,0.08886389476728887,0.18692248511481904,0.03524657504025467,0.022564628336480062,0.4,0.3,0.1,66,15.381906218639912,10.524289452025196
30,34,0.16069888266822918,0.3993386051903761,0.33700819683229716,0.3592383092718548,0.08978507019358006,0.18761937344765273,0.037117608727000526,0.03418708586068016,0.4,0.3,0.1,68,17.06301928458832,10.887467467075384
30,35,0.1603488529281188,0.41563552276125837,0.35615369117593043,0.37136817457201365,0.10795457439225493,0.1880041409980141,0.03865527304930721,0.03433827995152365,0.4,0.3,0.1,69,17.44669499151421,10.16417494496972
30,36,0.15865668530376362,0.391107952632804,0.3324534178321627,0.3553310608107113,0.11165617533591572,0.1785745274843058,0.05454283786160422,0.03018740723906673,0.4,0.3,0.1,71,17.170337978765215,9.88066292048569
30,37,0.15794844973353883,0.4075157948042424,0.35142119038616726,0.3789997004373576,0.0973825067340926,0.1785745274843058,0.0545428378616042,0.03018740723906673,0.4,0.3,0.1,73,17.571001992481534,9.265715288796342
30,38,0.15377023150013658,0.39904984334868665,0.3454680598670197,0.3806888939276686,0.1295194232019643,0.17700461449944,0.051166240721804514,0.02647017428620021,0.4,0.3,0.1,74,16.380012684172566,9.583467428549142
30,39,0.14995782665342638,0.39336927907610153,0.3408708438023046,0.39717019554366884,0.09462119740567679,0.17758591669928955,0.038950512499937126,0.0318091668516831,0.4,0.3,0.1,76,16.173414415094236,9.718253847479597
30,40,0.15103261952218044,0.4239999456712221,0.37927893850989525,0.4053091640046285,0.15998496127700557,0.1741685700279361,0.05588576756858386,0.04107582247350242,0.4,0.3,0.1,77,15.84180983640303,9.502770995795547
30,41,0.14590722084697183,0.41413212692952905,0.37210653539381877,0.41393384983570275,0.10213808853007175,0.17224794287095455,0.051937136814341756,0.031152235707620702,0.4,0.3,0.1,80,12.662197805471184,8.725610425653313
30,42,0.14532301719406268,0.43051463252783645,0.3911016796730075,0.4259774630335118,0.09474564941647284,0.17251379675631132,0.05203802225628795,0.03088495506770695,0.4,0.3,0.1,82,12.509530534763378,8.655791172309327
30,43,0.12091758507444926,0.4932530511330427,0.4655788821330002,0.49813855317059536,0.06813198312693253,0.14438170616538257,0.01843345796439377,0.02397895028947746,0.4,0.3,0.1,102,12.160510900678196,10.117418090393608
30,44,0.12142802099739042,0.45511740620984903,0.42486704616299525,0.5404061428936187,0.06899024146346794,0.14214629791448224,0.02729707710394546,0.01845518813629491,0.4,0.3,0.1,109,8.850999565944948,8.290903066060709
30,45,0.11850776853957881,0.4695600904708351,0.4416884065606285,0.555295092845315,0.06961208037332499,0.14421885754700445,0.01858294412513099,0.0120012427167149,0.4,0.3,0.1,111,8.854735092725141,8.423654785369097
30,46,0.11850776853957883,0.4510504385767597,0.4214372483912914,0.5668125008622884,0.06446263051230716,0.14421885754700445,0.01858294412513099,0.0120012427167149,0.4,0.3,0.1,113,8.854735092725141,8.423654785369097
30,47,0.13335550831885923,0.48194411481604776,0.4554403330664809,0.5884734177312769,0.0877732522094257,0.1786547072945969,0.0259518056377118,0.01112075225292922,0.4,0.3,0.1,116,12.64030695895858,8.97372264631822
30,48,0.13614223908010442,0.5028485944994653,0.47829984732650943,0.5895193631539822,0.0866405496804272,0.15076901770685425,0.07201971406708081,0.01389224237262369,0.4,0.3,0.1,117,14.156465762556886,9.881313189251038
30,49,0.12151283184340575,0.46008598804943507,0.4390674751130761,0.591235226005047,0.11522903823880468,0.13379901541545838,0.05892019595776606,0.01392994753306966,0.4,0.3,0.1,119,12.93118866595484,9.150659366573706
30,50,0.12124388403592815,0.4596018720946253,0.43870019216454514,0.5991340190100655,0.0733503040962863,0.13475556981471704,0.05663019864829898,0.015134138938412539,0.4,0.3,0.1,121,12.922306743973904,9.11345417377546
30,51,0.1209089932974216,0.45914812487450557,0.43831102137359784,0.6069376208562975,0.07263871255232959,0.13629693221194564,0.05302650651867489,0.016900186246802208,0.4,0.3,0.1,123,12.892058600527424,9.189162665870713
30,52,0.12062961076387563,0.47729335915544496,0.45824399281226175,0.6249812438089243,0.07212026286195328,0.1362715390397496,0.05221213874871596,0.01698691258436606,0.4,0.3,0.1,126,12.87171968842586,8.989262289831837
30,53,0.12006398366819716,0.47628474854400255,0.45747580793939663,0.6286432502765726,0.07536891580336953,0.13569984839837407,0.05176269062129095,0.01671064584774567,0.4,0.3,0.1,127,13.102676399979572,9.117164843647975
30,54,0.11908520811405263,0.6047237112333532,0.5981865430445801,0.7818916137756549,0.07064204461652993,0.132758295132827,0.05480921222781006,0.010138482116522381,0.4,0.3,0.1,143,13.135734599136176,9.17509638227016
30,55,0.3677099300032677,0.8679178926146937,0.865252645204891,1.1552649938599164,0.32421059289301624,0.528340027758162,0.03126615767497755,1.0,0.4,0.3,0.1,152,11.757228250037585,1928638.3092675132
30,56,0.36770993024696463,0.886427544508769,0.8855037468623119,1.1745519179941464,0.32277755800617436,0.528340027758162,0.03126615767497755,1.0,0.4,0.3,0.1,154,11.757228669419138,1928638.308933676
