Run,Equation_Index,Hybrid_MSE_Train,Hybrid_AIC_Train,Hybrid_BIC_Train,Hybrid_MDL_Train,Hybrid_PSM_Train,Extrapolation_Divergence,Sensitivity_Interpolation,Sensitivity_Extrapolation,Lambda1,Lambda2,Lambda3,Complexity,MSE_Test_Interpolation,MSE_Test_Extrapolation
1,0,0.37023388767971205,0.7942267298805737,0.7586598010406402,0.4741517931040883,0.0,0.0,0.0,0.0,0.6,0.7,0.6,1,10653643.50130579,10471780.172268776
1,1,0.4325560067093707,0.8565513011915933,0.8209842555646962,0.5404590146948761,0.06233265781494035,0.10366940012552761,8.973607038120001e-05,0.00010624115288000999,0.6,0.7,0.6,3,10650963.173711684,10465363.08778986
1,2,0.41020144940963255,0.8341969788046831,0.7986299331777861,0.520822879025054,0.03997420989046924,0.06659276490310323,1.2408387106889999e-05,1.5888027607639998e-05,0.6,0.7,0.6,4,10650996.30635829,10465348.07528148
1,3,2.095601511212644,2.5284078374224617,2.494817205338132,2.2164227606445617,1.7663050497923796,0.7362091082915703,1.0,1.0,0.6,0.7,0.6,5,9691407.335038817,9694639.341561288
1,4,1.705892331783132,2.141144041081053,2.1050550992821373,1.846882774657626,1.3661605151694605,0.09995798082774557,1.0,1.0,0.6,0.7,0.6,7,9868692.575303622,9712949.798344605
1,5,1.6977907895697837,2.1370360106960864,2.100740912654124,1.8370876547049955,1.3755842622466434,0.10169640806522129,1.0,1.0,0.6,0.7,0.6,8,9675351.581469296,9379222.318846105
1,6,1.4732398377081268,1.937682083714106,1.8940789162332674,1.6380397642447169,1.8616053593500053,0.07400314608727938,1.0,1.0,0.6,0.7,0.6,9,4074883.079999214,3201539.3802684285
1,7,1.4732155234226334,1.9376458313394695,1.8940411312691672,1.6459669571194975,1.3444580366863246,0.0740064604148078,1.0,1.0,0.6,0.7,0.6,11,4074398.633578832,3200741.093775548
1,8,2.0176493632189283,2.4785256012136623,2.4388885840309213,2.2068146035839105,1.924026923899325,1.0,1.0,1.0,0.6,0.7,0.6,13,3788587.69870079,2696960.5668209908
1,9,1.976971001625254,2.400107046806111,2.357333760042007,2.1290893230285954,2.1222553681444922,1.0,1.0,1.0,0.6,0.7,0.6,14,2742580.94062808,1694102.189819283
1,10,1.9490624585140153,2.3188137204138397,2.272789438710637,2.0524329722197923,2.1297030793831953,1.0,1.0,1.0,0.6,0.7,0.6,15,1842391.8470064008,827261.0349330372
1,11,1.9449207384591078,2.3032747669603593,2.256629066482428,2.045308944276079,1.9439762452846767,1.0,1.0,1.0,0.6,0.7,0.6,16,1758931.3130254804,756554.2458224521
1,12,1.9449200310918027,2.303271975648596,2.256626153321785,2.0541917977812254,1.900003913298741,1.0,1.0,1.0,0.6,0.7,0.6,18,1758492.8205003478,756625.6165380994
1,13,1.9449092730864912,2.3032340138086194,2.256586558117941,2.0522946331455736,1.9001192444519122,1.0,1.0,1.0,0.6,0.7,0.6,19,1612162.0541810272,812901.9403988444
1,14,1.9407194217482218,2.2861322048990314,2.238800820607627,2.0320289128770916,1.9483798538587038,1.0,1.0,1.0,0.6,0.7,0.6,20,1876956.0667147,2903630.880780931
1,15,1.9364174982185505,2.2680715803988503,2.2222962792577197,2.028553871488098,1.9545253726846066,1.0,1.0,1.0,0.6,0.7,0.6,21,1537033.669069857,546381.778726797
1,16,1.9362617936383133,2.2673399775857663,2.2215352903550185,2.027781082232371,1.9020783286249863,1.0,1.0,1.0,0.6,0.7,0.6,22,1516211.7571946876,545483.7430074014
1,17,1.8483874040192636,2.1624879688475747,2.1135672313220177,1.9257634710053302,1.8719913733514288,0.8601673579141064,1.0,1.0,0.6,0.7,0.6,23,1503773.4470100664,715167.0788266134
1,18,1.848395001276737,2.162442749302573,2.113519374541349,1.9355320671927494,1.8162129546464945,0.860200853164527,1.0,1.0,0.6,0.7,0.6,25,1503226.0528439698,714764.0721631636
1,19,1.929665033563416,2.2344513467381426,2.189609427796392,2.010039992670402,1.9400474818399545,1.0,1.0,1.0,0.6,0.7,0.6,26,1631928.3371980027,2017059.219541025
1,20,1.9289719251844368,2.2305150388899513,2.185515545308893,2.012728477505203,1.9055723951058545,1.0,1.0,1.0,0.6,0.7,0.6,28,1705805.6191866908,2313423.65635752
1,21,1.9289649577594559,2.2316181652986913,2.1889411844162074,2.0293511411494376,1.9000283293265725,1.0,1.0,1.0,0.6,0.7,0.6,32,1705344.2562410978,2313600.289405944
1,22,1.5767363004008605,1.8738308282421912,1.833153666736861,1.7048177387699917,1.572434675221697,0.41528892847818205,1.0,1.0,0.6,0.7,0.6,33,1635481.40608197,2915325.7199901994
1,23,1.8773357732955716,2.1670944305945303,2.128336936790176,1.9999024667296728,1.8797310112106653,0.9190039561514147,1.0,1.0,0.6,0.7,0.6,34,1739043.82891082,2909444.580050035
1,24,1.7575564665594396,2.044163111160817,2.002986449093597,1.8815297565802265,1.7384989408422107,0.719993204585767,1.0,1.0,0.6,0.7,0.6,35,1718085.313431141,2037255.055633205
1,25,1.7582051214327579,2.031872290774145,1.9923564452438773,1.8886141337453104,1.7587667718199893,0.725237885335453,1.0,1.0,0.6,0.7,0.6,37,1684289.081909386,1913980.9908638697
1,26,1.7578047538763473,2.030171874206981,1.992865900879596,1.8964334297627827,1.7391052574837107,0.725237504381592,1.0,1.0,0.6,0.7,0.6,39,1672313.8084505114,1914643.7381179184
1,27,1.758786141061988,2.0310701054540625,1.9937602371976175,1.9046834424991332,1.7364051018245483,0.7268955221050608,1.0,1.0,0.6,0.7,0.6,40,1663564.6889254176,1881243.994062356
1,28,1.448571107892716,1.7204665489352733,1.6831386058234696,1.594052580705121,1.427257556847222,0.2099765820830904,1.0,1.0,0.6,0.7,0.6,41,1594592.6741087765,1697224.4358087275
1,29,1.4980743194752775,1.7435328622121062,1.7004449934632744,1.5851239667525583,1.5578618515160478,0.298592870828638,1.0,1.0,0.6,0.7,0.6,42,2918357.150722526,1064573.4381613124
1,30,1.510532974008938,1.7533591793470702,1.712423406951336,1.6079665151196894,1.4982266551068517,0.32022750175920106,1.0,1.0,0.6,0.7,0.6,44,3062186.828403998,913425.8980478824
1,31,1.5105211589401684,1.7532173887081113,1.712275652069907,1.614932652381166,1.492350996290435,0.32023728468137425,1.0,1.0,0.6,0.7,0.6,46,3061535.609866174,913061.9056127112
1,32,1.6045878265931415,1.8453545399299065,1.8065970152742752,1.7168081536492275,1.5939662110313566,0.47770471375943957,1.0,1.0,0.6,0.7,0.6,47,2990837.466377784,877241.464949898
1,33,1.4858342476604678,1.693608931188567,1.653373435637152,1.573814128528459,1.5771996502201628,0.286388916438335,1.0,1.0,0.6,0.7,0.6,48,2862263.6996829,795144.6904810419
1,34,1.5570925006964005,1.8550955610737012,1.8190001856998648,1.752083957716279,1.5399384011102737,0.3829976673225236,1.0,1.0,0.6,0.7,0.6,50,2737540.400632896,1589812.3020380998
1,35,1.5666387789534726,1.866691172563141,1.8329631888143423,1.715536723661872,1.5393015782387303,0.3986089157336556,1.0,1.0,0.6,0.7,0.6,51,2738346.71972466,1595049.9092634872
1,36,1.5570874448186691,1.855063536599486,1.8189668310118012,1.7629105702202028,1.5300256099173124,0.3829982585595832,1.0,1.0,0.6,0.7,0.6,52,2737263.109619091,1589693.388452177
1,37,1.4756882058934377,1.6737298801868912,1.6398848950234837,1.625419096795632,1.4680549761784616,0.2717547226036917,1.0,1.0,0.6,0.7,0.6,58,2710826.2561275004,898613.9099059985
1,38,1.6924788169491949,1.887436766046107,1.8557301433828743,1.8528750425029554,1.6820189567756292,0.6337639159753055,1.0,1.0,0.6,0.7,0.6,60,2683702.932020046,876288.083176014
1,39,1.6924693909466977,1.8884717844478298,1.8590847964941086,1.8565491266028133,1.6804184370053559,0.6337639159753055,1.0,1.0,0.6,0.7,0.6,62,2683153.7861236543,875384.3812889311
1,40,1.4754701600180442,1.6725786411788466,1.64096646396069,1.6465136919136794,1.4656916213648707,0.2717317568293261,1.0,1.0,0.6,0.7,0.6,63,2705764.05494851,889203.2293691807
1,41,1.6924033287261593,1.8877153165794294,1.8582981018353157,1.8564838216598978,1.681597534040662,0.6337638786742625,1.0,1.0,0.6,0.7,0.6,64,2701358.5976480087,846544.6301690647
1,42,1.47564634357897,1.6651092422661038,1.6354359615789087,1.6488685219016626,1.490065433675137,0.27342354403281244,1.0,1.0,0.6,0.7,0.6,65,2680519.44507157,795406.836084933
1,43,1.4746219801724867,1.6639701494104182,1.6342918792717946,1.6483694646748104,1.463127448633331,0.27173393910360144,1.0,1.0,0.6,0.7,0.6,66,2658466.437502729,825382.4360999911
1,44,1.471952611962767,1.6456109088487163,1.6152495529276947,1.640712357454055,1.5108618811448022,0.2696028630677469,1.0,1.0,0.6,0.7,0.6,67,2600872.4078875035,823535.1584293037
1,45,1.4729051303941443,1.6432964541872175,1.6127933137250237,1.6343150191578348,1.4735690625890643,0.2716490630106738,1.0,1.0,0.6,0.7,0.6,68,2621782.361690771,778907.6825045546
1,46,1.47162070809624,1.639497249315553,1.6066110017681945,1.6346548512683268,1.465853042489031,0.2696929012983731,1.0,1.0,0.6,0.7,0.6,69,2583286.462614828,855098.285960347
1,47,1.4717129470401582,1.6384819288474932,1.6055476343027881,1.5566949804437873,1.4647231614953347,0.26999788408470443,1.0,1.0,0.6,0.7,0.6,70,2583938.2631979827,835128.1872487381
1,48,1.4712226188839046,1.6353124830412917,1.6045371020343149,1.6531567109723877,1.4744264857404181,0.26969424415565163,1.0,1.0,0.6,0.7,0.6,71,2598737.847380659,847120.0859623171
1,49,1.4717127694551126,1.6305552079709371,1.5995534974713856,1.6508245818828873,1.4710000628319388,0.2711977600375528,1.0,1.0,0.6,0.7,0.6,73,2585570.8261464816,795634.7046439553
1,50,1.4717020360649367,1.631555127657606,1.6028713388037752,1.6698754378671747,1.4628254599269632,0.2711969492888981,1.0,1.0,0.6,0.7,0.6,77,2585359.218163368,795174.6176817701
1,51,1.5914475643711392,1.7515833781700167,1.7251864818485196,1.7939921945145105,1.5839461364190677,0.47088395425882223,1.0,1.0,0.6,0.7,0.6,79,2612930.442597867,827367.6296593823
1,52,1.9082264290495332,2.0602748883824207,2.035805247244403,2.1320981439858953,1.9149952335065543,1.0,1.0,1.0,0.6,0.7,0.6,80,2553246.190606686,781072.0830606543
1,53,1.9081961843121231,2.058675187611042,2.0318632058238957,2.1393906253960613,1.9008025487084166,1.0,1.0,1.0,0.6,0.7,0.6,82,2552735.9619706874,781254.9173140329
1,54,1.9073370019482963,2.0489672844304816,2.0286014171396936,2.136379795662003,1.9371147092032301,1.0,1.0,1.0,0.6,0.7,0.6,83,2568712.80466426,752628.0076713661
1,55,1.9069404522290987,2.04031282230928,2.015044756551624,2.1164457418174707,1.9166714859927834,1.0,1.0,1.0,0.6,0.7,0.6,84,2545990.446219879,739312.1814811487
1,56,1.9069241983070868,2.041189294202864,2.0182344890991017,2.1293735735847914,1.9007607371403945,1.0,1.0,1.0,0.6,0.7,0.6,85,2538428.8359666285,723620.5783606427
1,57,1.9069206383942037,2.0422739979539686,2.021640508961269,2.145242596775023,1.9000904962408822,1.0,1.0,1.0,0.6,0.7,0.6,87,2538361.049455394,723155.9263761385
1,58,1.906843217494508,2.0409986476094506,2.020314188537022,2.16778620741602,1.901263029861946,1.0,1.0,1.0,0.6,0.7,0.6,92,2579926.1534275743,698650.5204159007
1,59,1.9068043184243257,2.043788005454223,2.0300494957883726,2.1832814366192674,1.900887280191132,1.0,1.0,1.0,0.6,0.7,0.6,94,2556997.117623423,691942.9973560172
1,60,1.7379942690220558,1.8709407612818585,1.8502048266040667,2.015316291723968,1.7321806034848066,0.7187148473252565,1.0,1.0,0.6,0.7,0.6,96,2573677.650646156,691605.6811628559
1,61,1.7379940599033672,1.8720809789779804,1.8536688387109987,2.028964067291138,1.7312348416550076,0.718714792060146,1.0,1.0,0.6,0.7,0.6,98,2573682.6834379,691527.9820384107
1,62,1.906737103384612,2.042672876404902,2.0288897605911074,2.2190922102805013,1.9006313890997895,1.0,1.0,1.0,0.6,0.7,0.6,100,2563887.6338596987,694745.2626872045
1,63,1.7382281626445,1.8727223140390241,1.8566028543076238,2.0625960726094394,1.731961140210105,0.7191835517995059,1.0,1.0,0.6,0.7,0.6,102,2573238.038795267,692119.4442478187
2,0,0.464337281634574,0.8378487918504862,0.8040264517364488,0.5202582702612256,0.0,0.0,0.0,0.0,0.6,0.7,0.6,1,858206.8226216803,10431499.566279724
2,1,0.5220237092328689,0.8955532759761256,0.8617305593648027,0.581944821233737,0.057735866379479715,0.0959565536410154,8.868035190613001e-05,0.00013599143330332,0.6,0.7,0.6,3,854274.1515588412,10431170.5145792
2,2,1.1099792371290076,1.485692726872797,1.4541639058775642,1.1904310223592527,0.6495542731979147,0.1288361466279559,0.35052199115899735,0.5413138377280481,0.6,0.7,0.6,4,884299.1226234599,10397351.482950203
2,3,1.8205162002067117,2.1967964995971108,2.1628948143649964,1.8888177703986582,1.3644111626851183,0.1015529535796161,1.0,1.0,0.6,0.7,0.6,5,1108600.2044196234,10487607.972206945
2,4,1.8365473738174978,2.2140612651384752,2.1824806392514655,1.918725823658296,1.3773033702556692,0.12853088847710153,1.0,1.0,0.6,0.7,0.6,6,914133.8841724438,10358649.29297116
2,5,1.8576116351236536,2.2552041343500253,2.2206393000667486,1.950176732214739,1.4826754055537608,0.2265362544852942,1.0,1.0,0.6,0.7,0.6,7,923393.478385326,9527530.61470841
2,6,1.7408345253035962,2.1608954648165657,2.1254948760919117,1.8566180527512741,1.4216359946343076,0.10418419633773505,1.0,1.0,0.6,0.7,0.6,8,2005738.7297298985,8733203.538158799
2,7,1.7064404273011067,2.141367613935995,2.1052943462750626,1.8524352525101246,1.3835989468523544,0.09966906136481622,1.0,1.0,0.6,0.7,0.6,10,1624595.578996527,7983580.636221622
2,8,1.6473190963015076,2.1055026155101113,2.0704064491116663,1.8233875841460963,1.4517599089224071,0.09410878192396385,1.0,1.0,0.6,0.7,0.6,11,2689848.0736894533,6090208.152689017
2,9,1.641327217206018,2.1185711599347763,2.080851771179915,1.8299646876811066,1.528097833831508,0.2252104840592995,1.0,1.0,0.6,0.7,0.6,13,2314614.5058632283,4417086.827093123
2,10,1.5569869017458688,2.034371533121235,1.9955223355873488,1.7486440539523662,1.4588190485770811,0.13196161952178947,1.0,1.0,0.6,0.7,0.6,14,1446633.834558554,3661923.236280199
2,11,1.5380486222547103,1.943472981585351,1.899540779083782,1.6489440223612513,1.9964549412750032,0.2872468746908936,1.0,1.0,0.6,0.7,0.6,15,931450.4551577223,640380.9707595991
2,12,1.4755358137673884,1.8457569542860814,1.799758685281632,1.5540828785357625,1.49939177863095,0.21048809705243512,1.0,1.0,0.6,0.7,0.6,17,398792.7126675058,517849.9633575199
2,13,1.4084260866164922,1.7723951358727983,1.7283148851928969,1.4899086423629333,1.3763193567805172,0.10323053957703936,1.0,1.0,0.6,0.7,0.6,19,351539.7517778676,460108.5747236861
2,14,1.4254472864289216,1.789792845078066,1.747994504194609,1.5112342137732901,1.38070409011919,0.13205552113102131,1.0,1.0,0.6,0.7,0.6,21,344773.0748307597,459144.69779286656
2,15,1.3911243079366256,1.7519574311380999,1.707707355227008,1.483657788094547,1.354805760075279,0.07624088236000046,1.0,1.0,0.6,0.7,0.6,22,363303.70097623527,3952475.533138521
2,16,1.712648315933972,2.04478979893043,1.9990400252100837,1.7829662165576545,1.7821942241974247,0.6268043947385713,1.0,1.0,0.6,0.7,0.6,23,365278.9766305714,967632.097016878
2,17,1.7120007016675745,2.0418112953914616,1.9959430270043779,1.7862034413849592,1.6802668126189628,0.6267724700588563,1.0,1.0,0.6,0.7,0.6,25,362805.99812078255,1137812.0775359247
2,18,1.7119938353942246,2.043994572539424,2.0027690624584507,1.8100154445272456,1.6762517915763206,0.6268030296331479,1.0,1.0,0.6,0.7,0.6,27,361897.7592444293,1134675.4414124682
2,19,1.7119933971290586,2.0439499591638564,2.0027221904620545,1.816815095736556,1.6761715779664277,0.6268217177326354,1.0,1.0,0.6,0.7,0.6,29,361586.8989314882,1134139.7221407555
2,20,1.8007001787318084,2.1315964263294713,2.090315035126524,1.9180752384252848,1.7688383336157156,0.7751294211073019,1.0,1.0,0.6,0.7,0.6,30,365478.9914029476,497236.0633583505
2,21,1.697941196775739,2.029361098317216,1.9903722063487121,1.8069431617473817,1.6636171593595477,0.6041417279107685,1.0,1.0,0.6,0.7,0.6,32,348494.1753188514,1084229.6491071065
2,22,1.6979202069726766,2.0293232126796252,1.9903335373450513,1.8138897294499756,1.6624978542169098,0.6041139417971153,1.0,1.0,0.6,0.7,0.6,34,348435.78986485617,1084301.0198227533
2,23,1.6142775361468598,1.947145070416573,1.9150281579823054,1.7637407291250176,1.5863020644690913,0.46555560190476414,1.0,1.0,0.6,0.7,0.6,35,367793.84272178594,545872.2818323189
2,24,1.3776803709602694,1.7077508904579677,1.6709608086816945,1.5285351444999513,1.343765274156034,0.07144358449823629,1.0,1.0,0.6,0.7,0.6,37,237172.8420040088,1428626.9425393415
2,25,1.3759780586437758,1.703087966863079,1.6661492934848368,1.53850497792451,1.352413532648217,0.06985712682161661,1.0,1.0,0.6,0.7,0.6,38,221524.8478985617,1948351.186489868
2,26,1.3751571351400336,1.6992832929882895,1.6621958791959912,1.5486041696054844,1.3523671970104467,0.06972015930887684,1.0,1.0,0.6,0.7,0.6,39,221578.94884101188,1659613.0604553707
2,27,1.3721114017928677,1.6871925805570425,1.649656911178654,1.5395245544230578,1.3730032474179565,0.06824889546013131,1.0,1.0,0.6,0.7,0.6,40,296631.3629692912,898408.8846208774
2,28,1.371416299534681,1.6843898321427004,1.6490189203492527,1.5571026293678956,1.346539794012969,0.06829356932649405,1.0,1.0,0.6,0.7,0.6,42,296426.1690007874,443253.474593862
2,29,1.3371688201037149,1.648250347080686,1.610519941474192,1.5002738417589434,1.3072632314930126,0.01146184238773311,1.0,1.0,0.6,0.7,0.6,48,295411.9394790117,945940.93340898
2,30,1.3371422371954722,1.6480241853489592,1.6102838973789053,1.500034122828263,1.3075842655045582,0.01149104202970555,1.0,1.0,0.6,0.7,0.6,49,294443.9713664987,1079188.851522104
2,31,1.3371201077516996,1.647908265902875,1.6101635171990574,1.5071514721705372,1.307216846369204,0.01148858259003727,1.0,1.0,0.6,0.7,0.6,50,294862.31800879503,944298.3158519444
2,32,1.3385479059262324,1.6428379041547858,1.6025087930411686,1.495645042913317,1.3279248971278688,0.01579846140113934,1.0,1.0,0.6,0.7,0.6,51,262648.4634678196,927863.9914457108
2,33,1.3380779651836023,1.639427216096756,1.6034931399407935,1.500425915323532,1.319035557678558,0.01682569043857227,1.0,1.0,0.6,0.7,0.6,53,241186.266003671,705399.8435728718
2,34,1.3436842520558465,1.6428292976691474,1.6113276470355777,1.5230805134863257,1.3242109322116353,0.027665335777645562,1.0,1.0,0.6,0.7,0.6,55,229878.1171274129,762591.4767512395
2,35,1.3471041343983468,1.639213401468139,1.6028370137208898,1.5178316247742898,1.3262867909206153,0.034897572983579137,1.0,1.0,0.6,0.7,0.6,58,232421.9330593114,772638.6931432448
2,36,1.347101387173049,1.6403394166333358,1.6062864337314138,1.5288817729153097,1.320962833678644,0.034897572983579137,1.0,1.0,0.6,0.7,0.6,60,232339.9293566213,772362.8194687832
2,37,1.347553948605062,1.6402030254428275,1.6061220925014563,1.5324375116678457,1.3234782228956374,0.03583748786829583,1.0,1.0,0.6,0.7,0.6,61,235121.7250762882,689686.7845780224
2,38,1.3466401682529976,1.6379632873950207,1.6038191940611068,1.5337039937039412,1.3253106155126089,0.03473214592819475,1.0,1.0,0.6,0.7,0.6,62,229631.98272693733,880879.9497995684
2,39,1.3347009273204244,1.6251671916062422,1.595521753137369,1.5941952928325342,1.3105364243988,0.01580445207386802,1.0,1.0,0.6,0.7,0.6,72,242580.3541612588,1031196.6373154164
2,40,1.3641242160520435,1.6544066725758646,1.6247525360895576,1.574172381312513,1.3391623424709063,0.06490351263477995,1.0,1.0,0.6,0.7,0.6,75,236791.5472584706,941475.5309475772
2,41,1.8210686931101754,2.1125190656305235,2.08746002035856,2.0881262959496985,1.7997917683331184,0.8268140460572511,1.0,1.0,0.6,0.7,0.6,76,237691.0051337712,903417.6202673004
2,42,1.92492901188538,2.2160967971093175,2.191024391537352,2.191685086070222,1.9009437436351755,1.0,1.0,1.0,0.6,0.7,0.6,77,239166.32400930123,901433.9339104192
2,43,1.9249221477823188,2.2171951782880606,2.1944446799414443,2.210900472060058,1.9000633083871135,1.0,1.0,1.0,0.6,0.7,0.6,79,238998.48030239675,901717.4629176502
2,44,1.924628773463882,2.215271964483349,2.1924444087202435,2.233544266498806,1.902718490477573,1.0,1.0,1.0,0.6,0.7,0.6,81,211438.8477820205,898152.6450371159
2,45,1.9246287287925186,2.215271964483349,2.1924444087202435,2.241597918534651,1.9000004700130768,1.0,1.0,1.0,0.6,0.7,0.6,83,211594.1251896147,899319.229004199
2,46,1.9241606418000474,2.213310230576308,2.1926825150136273,2.2302228242089117,1.9087883556190754,1.0,1.0,1.0,0.6,0.7,0.6,84,204479.88472585788,963991.4363298552
2,47,1.9237027648673122,2.2079366763013444,2.182537819513527,2.283373054000922,1.9087329623488563,1.0,1.0,1.0,0.6,0.7,0.6,85,202928.66313189745,1367203.3325199129
2,48,1.9236980042727518,2.2090476183830208,2.185971127962127,2.303472636118094,1.9000915838034986,1.0,1.0,1.0,0.6,0.7,0.6,86,202848.86122214925,1367701.433882056
2,49,1.922474983719479,2.1994117310459464,2.1736720609880287,2.282416430279213,1.9240335041270713,1.0,1.0,1.0,0.6,0.7,0.6,87,219234.5516322897,1174150.8460111902
2,50,1.9224280239171865,2.2002214905883943,2.176792115489103,2.2949092125004333,1.9004719672381194,1.0,1.0,1.0,0.6,0.7,0.6,89,219174.72049130296,1175320.0789418109
2,51,1.922372975231415,2.1998298695480445,2.1763848675216417,2.2937302382999194,1.9005542948609393,1.0,1.0,1.0,0.6,0.7,0.6,91,219117.5625582755,1182124.8459786118
2,52,1.5943300635702262,1.873843049226517,1.857305942871141,2.0723712523937223,1.572414426063356,0.4536340072914703,1.0,1.0,0.6,0.7,0.6,117,143633.1648232447,734225.5320545741
2,53,1.5277637109402569,1.835216477957557,1.8199964610995205,2.0096272372462733,1.504481149018038,0.33436617312760253,1.0,1.0,0.6,0.7,0.6,118,267508.9806670957,974987.1330227948
2,54,1.533417932088851,1.8400885030187268,1.8248310424963519,2.0369933745782958,1.5094542048662776,0.3440465581717399,1.0,1.0,0.6,0.7,0.6,119,266542.8983625528,947195.33320793
2,55,1.6081237368359287,1.8887982268486985,1.8791273954954102,2.128014143370557,1.5869740556601748,0.47723017371062104,1.0,1.0,0.6,0.7,0.6,121,134465.5416335408,743383.2325154677
2,56,1.607562868105656,1.8824085760741607,1.8679258749735497,2.116399991337566,1.5958703188028247,0.47722402750540194,1.0,1.0,0.6,0.7,0.6,122,142958.2348971702,1150296.8830070116
2,57,1.6023921570772557,1.8753147010882225,1.8607433214713063,2.119156765689844,1.5832554973530693,0.46910125148933035,1.0,1.0,0.6,0.7,0.6,126,144141.54323587733,1222873.750600982
2,58,1.6023856983750226,1.8752658532269706,1.8606924304330388,2.119104910179468,1.5815189874626272,0.46910125164699856,1.0,1.0,0.6,0.7,0.6,128,144118.74699171228,1222800.6544201842
2,59,1.6017013764793666,1.8711863468166343,1.8587279502643823,2.12763693259948,1.58830312502432,0.4691026401883761,1.0,1.0,0.6,0.7,0.6,130,147168.94497491734,1083788.7351536008
2,60,1.9195830278946033,2.197159979846729,2.2100586264661595,2.7776488315962555,1.900274797717715,1.0,1.0,1.0,0.6,0.7,0.6,183,165470.69038125777,970470.023504641
2,61,1.919523874839968,2.197833244243966,2.2130365900705575,2.832857503314519,1.900189929830176,1.0,1.0,1.0,0.6,0.7,0.6,190,164477.30026269215,966517.212855372
2,62,1.9194502465133079,2.1972467896425587,2.212426847712268,2.8031696610025745,1.9016595736516604,1.0,1.0,1.0,0.6,0.7,0.6,191,178355.45387881034,1004703.4180162946
2,63,1.9194422997530323,2.1971837059967148,2.21236121241941,2.8479791118020485,1.900035875257704,1.0,1.0,1.0,0.6,0.7,0.6,196,184967.09206412736,1033313.5597799448
2,64,1.9194100757395711,2.201499353113499,2.2259621054874494,2.858950354617877,1.9007285288688007,1.0,1.0,1.0,0.6,0.7,0.6,197,92883.70098202355,860271.244583957
3,0,0.32438458462087977,0.7688210476072178,0.7322380285298306,0.4472991666622589,0.0,0.0,0.0,0.0,0.6,0.7,0.6,1,15549040.254016388,10530059.998488188
3,1,0.38554632126421623,0.8299892062331725,0.7934059637056912,0.5124496291828791,0.06118986569245965,0.10175040368371169,9.118768328442e-05,0.00010502872511694,0.6,0.7,0.6,3,15549149.032064363,10530227.525905332
3,2,1.8242436360734424,2.285154001183338,2.249838014265015,1.9707106622485275,1.5789901138147124,0.40268930847082246,1.0,1.0,0.6,0.7,0.6,5,12507146.573208746,8891328.791760435
3,3,1.9497143413937335,2.4233048257082372,2.3839707633889358,2.114332204793183,1.8431882679232987,0.7054603579377778,1.0,1.0,0.6,0.7,0.6,6,10078396.829350114,7088571.543532889
3,4,1.5944351905914125,2.0709503334219623,2.030540759410169,1.7627925064466043,1.4358587952039477,0.1630238942098354,1.0,1.0,0.6,0.7,0.6,8,8246395.895685889,5848994.762318227
3,5,1.59325886817926,2.0698015250321204,2.029357175789966,1.767909347335296,1.3987647849729707,0.16255836958372608,1.0,1.0,0.6,0.7,0.6,10,8042675.474741586,5714713.536513138
3,6,1.5234068426662826,1.9995921280183695,1.9583894270503022,1.6991349212420568,1.39995069107646,0.0771468701121549,1.0,1.0,0.6,0.7,0.6,11,12015215.12989116,12527892.625000589
3,7,1.415764149051578,1.780041836543127,1.7314552768839548,1.4688357021545326,2.05523844346507,0.11388062643474459,1.0,1.0,0.6,0.7,0.6,12,1162278.044911057,690273.8791348102
3,8,1.3804326829146718,1.7374797129119184,1.6862389566530607,1.4296111513205991,1.3586070820573384,0.05862813451239697,1.0,1.0,0.6,0.7,0.6,13,3131251.30162515,7493003.842929724
3,9,1.3905155024910645,1.7309555389242202,1.6788366806968704,1.4262651679578404,1.4127115120190563,0.08434907363120805,1.0,1.0,0.6,0.7,0.6,14,1348209.443590444,1367419.759858431
3,10,1.390537041334231,1.7308800945391365,1.6787563295046466,1.4317472332570507,1.3508373148631256,0.08443314659025489,1.0,1.0,0.6,0.7,0.6,16,1327462.4237257445,1331926.5258571403
3,11,1.3906624470193854,1.731790229790183,1.6819714540446746,1.4391258998483183,1.3515509849859,0.08482048784856915,1.0,1.0,0.6,0.7,0.6,18,1339053.11942833,1359168.6228148344
3,12,1.3896030897439373,1.7268882004385682,1.674605896097563,1.443861443842579,1.3555736645109735,0.08438051163823018,1.0,1.0,0.6,0.7,0.6,20,1452980.2665561498,1761877.6792881174
3,13,1.4387391659223947,1.7613914779122277,1.7106298034974543,1.4834158852215555,1.4608871959338097,0.17344594054276244,1.0,1.0,0.6,0.7,0.6,21,13054452.296705404,78747013.75929275
3,14,1.438009101680628,1.7589211162865226,1.7103390675005028,1.4879515487942436,1.40918887334113,0.17344492557976737,1.0,1.0,0.6,0.7,0.6,23,12147603.459878152,66960349.46019005
3,15,1.4380002812045065,1.758840342378169,1.7102545959767892,1.4974330675426473,1.4042030982918643,0.17346010279712634,1.0,1.0,0.6,0.7,0.6,25,12147617.554639442,66962400.765028775
3,16,1.4020293962893904,1.7232586747406464,1.67695926601754,1.4606493683714776,1.369614466027057,0.11381910945930382,1.0,1.0,0.6,0.7,0.6,27,1461838.0325457854,1371404.4375063588
3,17,1.3842775568615153,1.7054407670643292,1.6591380132043057,1.446016985446341,1.3507921953323088,0.08426030137908375,1.0,1.0,0.6,0.7,0.6,28,1438020.1600929876,1371467.7401529748
3,18,1.4140484276276397,1.7315260327594997,1.687306847620576,1.47949596726985,1.3984863335465518,0.13583473528473078,1.0,1.0,0.6,0.7,0.6,29,1574851.274543033,1387981.0214956386
3,19,1.395871330460944,1.705225086492137,1.6583378338659753,1.454553859476373,1.3772097025401284,0.10825828542138509,1.0,1.0,0.6,0.7,0.6,31,1539098.5061816394,1421344.970243416
3,20,1.6414308336376742,1.9238271817486834,1.884721219733187,1.7340829318646538,1.643617313998106,0.5280822017298864,1.0,1.0,0.6,0.7,0.6,35,1828452.54831058,875593989.2676997
3,21,1.6329991144130656,1.9112952426782037,1.8742664702662717,1.7381446114950312,1.6151264519361388,0.5155574762171332,1.0,1.0,0.6,0.7,0.6,38,1908661.530179236,869139715.9592227
3,22,1.6040253079589029,1.88161903316047,1.8445574119082293,1.7159419797564093,1.5828326188138369,0.4674709176269369,1.0,1.0,0.6,0.7,0.6,39,1771821.5187530012,315973828.46823466
3,23,1.5917980713677808,1.8690434109173824,1.8319654628430602,1.7103045875466378,1.569447974933765,0.4471898359802012,1.0,1.0,0.6,0.7,0.6,40,1838998.640926893,335988852.7446185
3,24,1.639246126215177,1.9140054782264895,1.8745410771032742,1.745458851769337,1.620435901411612,0.5266508659779197,1.0,1.0,0.6,0.7,0.6,41,1906756.436114603,875509894.9260446
3,25,1.6298459986002531,1.88972063839216,1.8495652469590156,1.7238115363051851,1.6578916683905858,0.5149778181286584,1.0,1.0,0.6,0.7,0.6,42,4506379.165787157,825669999.2689853
3,26,1.6226364311969634,1.876646781073768,1.8384927896449255,1.7159417097526508,1.6256197898670095,0.5047059387027575,1.0,1.0,0.6,0.7,0.6,43,4439220.182825892,640006687.0395437
3,27,1.5492579993405493,1.8017428283760277,1.7657906688786484,1.6614299329898436,1.5312704451877819,0.3830509042614473,1.0,1.0,0.6,0.7,0.6,49,4521619.878034683,627266302.7479509
3,28,1.5507594454161144,1.804005357220297,1.7726311433156936,1.683420128584495,1.536481117580729,0.3859155397828399,1.0,1.0,0.6,0.7,0.6,50,4993089.045204389,501858736.7606064
3,29,1.5471783509276171,1.7999540420357198,1.7685583406803018,1.6907054444323024,1.5287942778774588,0.3800579632285881,1.0,1.0,0.6,0.7,0.6,52,5649074.125905534,719521709.1016164
3,30,1.4748953847471364,1.7217787480502365,1.6855711369160926,1.5960427084734934,1.4678842613049485,0.2604253609904107,1.0,1.0,0.6,0.7,0.6,53,5832235.078985496,737599773.609838
3,31,1.475120352350456,1.7230908509038194,1.6892045086698655,1.6071705396791733,1.4565781493629268,0.2608131986484576,1.0,1.0,0.6,0.7,0.6,55,5784989.473326346,738013278.1529044
3,32,1.4745696059173001,1.722200315236392,1.688298672417376,1.617624996301089,1.4565311112529615,0.2599733003347063,1.0,1.0,0.6,0.7,0.6,57,5811929.610000371,737743705.4459671
3,33,1.474027647637953,1.7214066013015858,1.687493491256756,1.6206038977633033,1.4558820588779944,0.2591277580881698,1.0,1.0,0.6,0.7,0.6,59,5839261.749762496,737494279.4544398
3,34,1.4740252674657506,1.722530104286196,1.6909399386543789,1.6318125298815036,1.4555046574907462,0.2591277580881698,1.0,1.0,0.6,0.7,0.6,61,5840561.723640213,737496434.454628
3,35,1.4744720064435004,1.7216538542678266,1.6877318337061147,1.6397839031504544,1.4562370913344629,0.25991341692285375,1.0,1.0,0.6,0.7,0.6,63,5827821.422298988,737570771.3629183
3,36,1.6522186937243277,1.901459628281256,1.8721747340139614,1.8325243123314494,1.6344577645099951,0.556209893618862,1.0,1.0,0.6,0.7,0.6,64,5789959.6674533365,733909218.6408786
3,37,1.432290021392131,1.6782800269863332,1.6488474948336327,1.6322725405052645,1.4177230295979066,0.19039687302357813,1.0,1.0,0.6,0.7,0.6,67,2960591.906099294,467511978.5593019
3,38,1.4497055354460227,1.6898284783686224,1.6624028294198303,1.6896217075965647,1.4381790710492517,0.220952826383254,1.0,1.0,0.6,0.7,0.6,71,5314942.688714679,375929576.1442006
3,39,1.5656857100412562,1.7993988437801094,1.7716847391894999,1.8184674578217428,1.5697686787566956,0.4155927470509617,1.0,1.0,0.6,0.7,0.6,72,5429932.4591315575,397932495.3996589
3,40,1.422221381239953,1.6507539514686318,1.6273529357421612,1.679494832169905,1.4146746796529142,0.17797767372272616,1.0,1.0,0.6,0.7,0.6,75,3158565.069168309,387702139.02445954
3,41,1.421877985474305,1.6419623211528669,1.6181850039627679,1.6813553426107384,1.420722137898983,0.1790098025447451,1.0,1.0,0.6,0.7,0.6,77,3191699.531580685,388774600.3878003
3,42,1.3431000991121265,1.5589115781131309,1.5417644117751903,1.6616982462946241,1.3355028818671288,0.04910353748117892,1.0,1.0,0.6,0.7,0.6,81,6985967.866381508,20593958.076686926
3,43,1.3835493593718993,1.5964857648038566,1.5792115638908528,1.718752055817173,1.3747034414449741,0.1170204395056369,1.0,1.0,0.6,0.7,0.6,83,6929143.099076722,21202832.67507143
3,44,1.3900000886502308,1.5911817689694423,1.5733904981648235,1.7075367616168649,1.414433643950877,0.12973216457045245,1.0,1.0,0.6,0.7,0.6,84,7028331.898004639,21616563.35768592
3,45,1.371260742124436,1.5528002698752617,1.5341520139444085,1.6771776503970557,1.4215212937357284,0.10147550732801672,1.0,1.0,0.6,0.7,0.6,85,6934260.932981951,21409354.302059475
3,46,1.4145074818449603,1.5975019768097163,1.583465548728436,1.7886200392000386,1.4045681472845803,0.17367179826527662,1.0,1.0,0.6,0.7,0.6,92,7416397.934643682,23466788.571849648
3,47,1.4140306166292271,1.592472435804659,1.5805128157677417,1.795601805135302,1.4129369414690678,0.1736715391478228,1.0,1.0,0.6,0.7,0.6,94,7395109.936074058,22565422.289049502
3,48,1.734080644450927,1.9099798416818214,1.9024593635775258,2.161228953606066,1.7257810532328786,0.7077409271518806,1.0,1.0,0.6,0.7,0.6,107,6968031.221206917,21158423.64344181
3,49,1.735731586589686,1.909309231431958,1.8971393287665599,2.168109075005977,1.726351314191875,0.7104971189105342,1.0,1.0,0.6,0.7,0.6,109,6884050.091954532,20999304.90302572
3,50,1.7328364468808775,1.9057078352774561,1.8935074258636782,2.176913521673558,1.7256181104197301,0.7057657692757872,1.0,1.0,0.6,0.7,0.6,110,7013516.523819386,21270534.404240426
3,51,1.7365304855001353,1.909218796130813,1.8970104851338685,2.188712740756178,1.7274474335005991,0.711946745486083,1.0,1.0,0.6,0.7,0.6,112,7104902.995004529,21478145.53920057
3,52,1.7310367319904172,1.9054768997436669,1.8978934113496564,2.2302297842842225,1.7221252908696418,0.702861252634731,1.0,1.0,0.6,0.7,0.6,116,6975397.525435843,20972621.377459485
3,53,1.730933250540874,1.9055063838313604,1.9024774765176842,2.2652890877446863,1.7283569597092074,0.7029713364210457,1.0,1.0,0.6,0.7,0.6,117,7542954.620006178,22355068.563241035
3,54,1.6196059659541282,1.7882615085925662,1.7827024271749394,2.13448501441047,1.6184047467796958,0.5180636606568585,1.0,1.0,0.6,0.7,0.6,119,7265784.335372958,21791756.692169275
3,55,1.6196146881950533,1.7882331215357774,1.7826725176525189,2.147343595004189,1.610905986636984,0.5180828751592288,1.0,1.0,0.6,0.7,0.6,121,7264795.340139956,21788696.576469976
3,56,1.6340500455894031,1.794215687298022,1.7928425467908005,2.1851205079802876,1.6340742800589925,0.5434358067849776,1.0,1.0,0.6,0.7,0.6,125,6849731.739771698,21247804.16544389
3,57,1.6001590958909926,1.7598099159119198,1.760689360681336,2.0351792559149464,1.59396333202426,0.48714703988396924,1.0,1.0,0.6,0.7,0.6,128,7007464.79776278,21486453.939936884
3,58,1.6362759328356562,1.7914022847103217,1.7920881784245704,2.2084786568080403,1.6424172799138392,0.5478674136577676,1.0,1.0,0.6,0.7,0.6,129,6715245.891312384,20828292.711692948
3,59,1.6380190421401601,1.792776355672792,1.7934464411587911,2.214257609089201,1.6310471824324524,0.5508148858487395,1.0,1.0,0.6,0.7,0.6,131,6786820.768006779,20926731.03083052
3,60,1.6495435827780294,1.7985984012195853,1.7944751130413437,2.219243543013217,1.64740624166738,0.570409308325608,1.0,1.0,0.6,0.7,0.6,133,6561337.928792587,20599118.66879942
3,61,1.62244829174823,1.7745476185641134,1.7796545430953974,2.233288593508845,1.619871096060828,0.5254212662361404,1.0,1.0,0.6,0.7,0.6,134,7153618.0159274405,21421045.056703206
3,62,1.6426179476674716,1.7888356407213943,1.7914166233704805,2.23202463062558,1.650054313037273,0.5595578378351277,1.0,1.0,0.6,0.7,0.6,135,7191563.08038735,21779932.110277183
3,63,1.637537137731135,1.7688157195135612,1.7730376726189325,2.255849330015472,1.6557988305540303,0.5527487730392364,1.0,1.0,0.6,0.7,0.6,137,6565395.247761966,20675763.975362625
3,64,1.650877120917718,1.781665929082679,1.7881426034098262,2.2912335727772746,1.6463095667156313,0.5751422828861916,1.0,1.0,0.6,0.7,0.6,141,6604512.451464143,20919128.088338457
3,65,1.6526152081560777,1.7820525952138455,1.790747442189546,2.3278289904437304,1.6507022991216669,0.578280763498382,1.0,1.0,0.6,0.7,0.6,143,6532944.493311595,20580629.01862945
3,66,1.638903728952669,1.7510147290403317,1.7612543559383274,2.3002890091731496,1.6480516364368216,0.557114454691565,1.0,1.0,0.6,0.7,0.6,147,6778652.974923519,21028741.097613484
3,67,1.6387429007123755,1.7503680210661723,1.7605872339612447,2.313332190384732,1.634856331753348,0.5568884233743102,1.0,1.0,0.6,0.7,0.6,149,6751301.898544976,20911587.65666889
3,68,1.640027443538619,1.7534922798319874,1.7683403046807977,2.329047117734225,1.6361060536933265,0.5590678784917273,1.0,1.0,0.6,0.7,0.6,151,6830249.704259407,21033430.282314923
3,69,1.6329433683197787,1.7468284255140132,1.7639700230451578,2.330394972138283,1.629110380112147,0.5473231746719629,1.0,1.0,0.6,0.7,0.6,154,6800349.860622111,20947551.2610373
3,70,1.6503375748687001,1.7594279524367873,1.7695404671773476,2.3679713112177594,1.6468740839070808,0.5764302164441996,1.0,1.0,0.6,0.7,0.6,158,6627928.793472183,20896109.05946479
3,71,1.6469452336220338,1.756916313417142,1.7693418472313884,2.3794760195457245,1.642870846827016,0.5707987171368468,1.0,1.0,0.6,0.7,0.6,160,6359484.233556935,20245041.61503939
3,72,1.6492719331824555,1.7577401585986525,1.770102487753848,2.375606305073043,1.6493429580290173,0.5748035342132521,1.0,1.0,0.6,0.7,0.6,161,6624086.201225048,20849552.74722406
3,73,1.652572905901358,1.7610468148742253,1.7756850706264697,2.4159588516576043,1.6499319216850652,0.5804006934518997,1.0,1.0,0.6,0.7,0.6,163,6643686.146462931,20717787.024623264
3,74,1.6530222898816107,1.7622060245992786,1.7791500593592322,2.4172221649363332,1.6493563747442272,0.5811859457443533,1.0,1.0,0.6,0.7,0.6,165,6671371.799593766,20693201.737353858
3,75,1.6530209453375648,1.7633211536485995,1.7825880050839578,2.432323715242353,1.6487512442407457,0.5811859457443533,1.0,1.0,0.6,0.7,0.6,167,6670689.195124839,20691953.452533647
3,76,1.6540119549272987,1.7616554606834214,1.776258896938797,2.4442767560106438,1.6508198978973718,0.5828684461251654,1.0,1.0,0.6,0.7,0.6,168,6696681.928944522,20806201.76868717
3,77,1.6451922316648884,1.737309201005869,1.7558142206613194,2.205671281724531,1.6945491372540253,0.5695810713322378,1.0,1.0,0.6,0.7,0.6,169,6522511.257174727,22632001.1774613
3,78,1.6440122193274944,1.7356554517574776,1.75414055575617,2.231091611323966,1.6408242002196376,0.5676501204295145,1.0,1.0,0.6,0.7,0.6,175,6548711.701047847,22441119.6904458
3,79,1.6435464741553623,1.7350682164618374,1.7535483411329342,2.203397465718047,1.6403105058001817,0.5668830694121418,1.0,1.0,0.6,0.7,0.6,177,6588706.951203576,22443302.09629571
3,80,1.6392630924297307,1.7043680308776916,1.7263001611552058,2.2069924008994506,1.6793445357517611,0.561736450475253,1.0,1.0,0.6,0.7,0.6,179,6477898.828180262,22259098.6566348
3,81,1.6424299204148172,1.7090292558361413,1.7355763364768624,2.455969662100963,1.6414033880545231,0.5670650870398413,1.0,1.0,0.6,0.7,0.6,181,6543289.053656575,22610422.01527755
3,82,1.6393113499817602,1.7041803563364932,1.7306552994360618,2.2557743640327077,1.638456784595872,0.5619772697395853,1.0,1.0,0.6,0.7,0.6,185,6529340.8551161485,22180441.001893125
3,83,1.6430329383338904,1.7096015719905235,1.7429765142398694,2.5359402743132984,1.6418212794421447,0.5682887741009022,1.0,1.0,0.6,0.7,0.6,191,6514654.540278795,22485234.20452645
3,84,1.6417665208398855,1.7045134175160377,1.7377299001587927,2.533189821935216,1.6454581155683128,0.566414621149208,1.0,1.0,0.6,0.7,0.6,193,6507115.405381844,21986752.34135575
3,85,1.6417321199410395,1.704434048938786,1.7376485145409197,2.542413128060989,1.6398817890754809,0.5663600316978588,1.0,1.0,0.6,0.7,0.6,195,6506548.926693437,21985480.76758811
4,0,0.38357028040128494,0.8010347392705465,0.7657401488054347,0.48134753716861145,0.0,0.0,0.0,0.0,0.6,0.7,0.6,1,9249522.587518202,10470166.446925756
4,1,0.44352766666181714,0.8610050427930251,0.8257099337340817,0.5452999376752413,0.060000966401513985,0.09977065917636438,9.197947214073e-05,9.34721484918e-05,0.6,0.7,0.6,3,9248829.492012972,10469567.537951373
4,2,1.626997777590386,2.0721376633273856,2.0379038994498657,1.7683227784865378,1.3313110950700557,0.00256052846287027,1.0,1.0,0.6,0.7,0.6,6,7346658.410221458,8728000.759367501
4,3,1.6269911402772137,2.072132458059945,2.0378985491415147,1.7721212300064009,1.3015395070071638,0.0025555747661533098,1.0,1.0,0.6,0.7,0.6,7,7346589.8623919,8727851.294129644
4,4,2.218423712999083,2.666404329882807,2.6320025975880577,2.372744229543913,1.911869384583146,1.0,1.0,1.0,0.6,0.7,0.6,8,7189380.271590744,7857806.566420243
4,5,1.3870114020132713,1.7602766710802515,1.712187837813297,1.4513102533967328,2.304649003512201,0.06020063325336217,1.0,1.0,0.6,0.7,0.6,9,869665.4209389101,475621.4742036707
4,6,1.3868902845390754,1.7480108870577151,1.6969908173290937,1.4476738916790075,1.3832009374185308,0.06698411481883301,1.0,1.0,0.6,0.7,0.6,10,1030939.8390541992,583663.6048685196
4,7,1.3803331088312962,1.7336652264653591,1.682224392048524,1.4355285232306894,1.3663139780544207,0.060608305337564894,1.0,1.0,0.6,0.7,0.6,11,641312.9752232942,543214.5200942886
4,8,1.3817636089789795,1.7354796205273275,1.6863219586622469,1.4486742082543071,1.3394623674598871,0.06341038615568703,1.0,1.0,0.6,0.7,0.6,13,664184.8690329433,534958.5763122236
4,9,1.3828138611101957,1.7335457605485591,1.6819664525847937,1.4457485791962839,1.3466935640031696,0.06618209342075597,1.0,1.0,0.6,0.7,0.6,14,624668.7297408686,590852.2047863348
4,10,1.3823519844468524,1.7321748937000034,1.68054737768542,1.4463064162815882,1.342942186479315,0.06590473371605907,1.0,1.0,0.6,0.7,0.6,15,641675.7074264757,730931.8083007919
4,11,1.381895713646767,1.7293414895308814,1.6798527597246302,1.4570563355629877,1.3530721868265814,0.06698273927771639,1.0,1.0,0.6,0.7,0.6,16,995351.7915103708,423364.3396884183
4,12,1.3781978418164478,1.716667073663396,1.666710535216572,1.4437224457461983,1.372328907621057,0.0653546298406257,1.0,1.0,0.6,0.7,0.6,17,604084.9958004017,384206.36065725127
4,13,1.379150583374185,1.7186806573837705,1.6710438211049978,1.4618136158017805,1.3404883716850509,0.06698231550798853,1.0,1.0,0.6,0.7,0.6,18,626134.4793974023,386184.57487535273
4,14,1.3778736563375125,1.7157397844236062,1.6680171977728269,1.4523699564274581,1.3454516680595474,0.06565420484965707,1.0,1.0,0.6,0.7,0.6,19,641468.1561536037,358570.5609396918
4,15,1.3784447366067338,1.717376255938598,1.6719734730570832,1.4681149748758793,1.340127254351052,0.06664313536491764,1.0,1.0,0.6,0.7,0.6,21,641604.1875964041,357156.3102602423
4,16,1.9320422214559363,2.243979210309989,2.19268394186782,1.9895524969025082,1.9220374606266035,1.0,1.0,1.0,0.6,0.7,0.6,25,1296916.54106053,2864354.9112952906
4,17,1.9317613901310122,2.243618851961385,2.1945873653607006,1.9969186827095546,1.9020996468418914,1.0,1.0,1.0,0.6,0.7,0.6,27,1324183.2403738634,2714738.598378218
4,18,1.9312091346837907,2.239589314300309,2.188118365165162,2.0071216472911706,1.9083520654046953,1.0,1.0,1.0,0.6,0.7,0.6,28,1308925.8700558797,2171327.302256444
4,19,1.9306201319991927,2.236319571701123,2.1847179338152496,2.010145773443739,1.9090498733902113,1.0,1.0,1.0,0.6,0.7,0.6,29,1354101.7054837465,2698606.077308367
4,20,1.9292019566877707,2.2295749250881705,2.1799817291320642,1.998446812294402,1.9224183833512867,1.0,1.0,1.0,0.6,0.7,0.6,30,1016373.36310928,1186662.2108320736
4,21,1.9278160749193183,2.223772625326409,2.1785037459975998,2.0501152083889345,1.9114124814149425,1.0,1.0,1.0,0.6,0.7,0.6,32,1029763.6666654844,989008.6855939432
4,22,1.9256802564923317,2.2083590017710875,2.157917390968572,1.992375780409263,1.9185680925657356,1.0,1.0,1.0,0.6,0.7,0.6,34,932982.1978139146,1185679.38595114
4,23,1.9255473002364156,2.2086506938503216,2.1604989863687267,2.0013710357345844,1.9011983532754053,1.0,1.0,1.0,0.6,0.7,0.6,36,992047.7391924822,1065265.184057979
4,24,1.9254865896395956,2.2082627015152636,2.1600955433457796,2.004311101038719,1.900548868923567,1.0,1.0,1.0,0.6,0.7,0.6,38,991742.1668117996,1062499.9530110063
4,25,1.925078283726184,2.205633006703335,2.157360739476698,2.0115827368064956,1.907440205368383,1.0,1.0,1.0,0.6,0.7,0.6,39,979683.6946491436,1074219.2354188857
4,26,1.923849714101439,2.1997919077080677,2.155842090997745,2.048250667780968,1.9057532680511575,1.0,1.0,1.0,0.6,0.7,0.6,43,1157484.238897198,1219153.5203664438
4,27,1.9237460922529674,2.1990890554061426,2.155111066033088,2.047594192003034,1.9009927212100135,1.0,1.0,1.0,0.6,0.7,0.6,45,1139025.2326178777,1210122.6635571043
4,34,1.9201976756577062,2.176824994522051,2.138791064492086,2.108975083460809,1.9037602409925887,1.0,1.0,1.0,0.6,0.7,0.6,56,1128336.4627332536,1309513.1593292833
4,35,1.91999843947261,2.1752752582312294,2.1371793732293263,2.1148057651826373,1.9021904898187052,1.0,1.0,1.0,0.6,0.7,0.6,58,1015336.912476364,1058700.638582172
4,36,1.9199795666574158,2.1762714773994465,2.1404935393528466,2.1221212038250066,1.9004168207904835,1.0,1.0,1.0,0.6,0.7,0.6,59,1010098.1341079238,1065836.668482412
4,37,1.9199770231165516,2.1773949803840567,2.143940343464018,2.1340830690238257,1.9000562545810054,1.0,1.0,1.0,0.6,0.7,0.6,60,1010029.1673844296,1065265.5102796976
4,38,1.9198530040105015,2.176426116071117,2.1429326871427774,2.1330612285585158,1.9013733989828605,1.0,1.0,1.0,0.6,0.7,0.6,62,996859.523000442,1093397.0169945203
4,42,1.9179345130524341,2.160759878801243,2.126639974188208,2.237752336940156,1.9014626057480326,1.0,1.0,1.0,0.6,0.7,0.6,91,760551.6614037727,578099.0401222354
4,43,1.9179224363491878,2.161800479826492,2.130000215811697,2.2512906361910208,1.9001454177891364,1.0,1.0,1.0,0.6,0.7,0.6,93,759744.4102683875,578557.082069496
4,44,1.9179126187028896,2.162859782640553,2.1333800766803335,2.264802315732133,1.9002364622231163,1.0,1.0,1.0,0.6,0.7,0.6,94,759075.4602426051,578991.3718712548
4,45,1.9172379378715685,2.1581734493216413,2.130784391095027,2.237357635359046,1.903299219335958,1.0,1.0,1.0,0.6,0.7,0.6,99,943058.6039194106,535236.0380010982
4,46,1.9168566894063734,2.15480377776134,2.1272800371980884,2.2414796604549347,1.9095430673060907,1.0,1.0,1.0,0.6,0.7,0.6,100,775008.5744305059,585783.3947797142
4,47,1.9163391305137156,2.1546996618325798,2.136284319484782,2.328623329733101,1.9014694878092895,1.0,1.0,1.0,0.6,0.7,0.6,109,762309.5128446118,572652.8265408612
4,48,1.9163346337862102,2.1546586295496635,2.1362416922157794,2.3367182960038533,1.9000581628384463,1.0,1.0,1.0,0.6,0.7,0.6,111,761941.4634659018,573046.7955504103
4,49,1.9163320967526136,2.1546354616620307,2.1362177329557954,2.3489013076008742,1.9000327889820467,1.0,1.0,1.0,0.6,0.7,0.6,113,761654.1209632424,572984.5185372874
4,50,1.9160471430529094,2.1522483318423076,2.133735006660734,2.4507579594649402,1.9003138769657095,1.0,1.0,1.0,0.6,0.7,0.6,138,1119164.297362175,752521.1997431557
4,51,1.9142005754255211,2.1352495223367747,2.118334315385549,2.4463015069735996,1.950027249414228,1.0,1.0,1.0,0.6,0.7,0.6,139,891964.2849570633,575838.1969096501
4,52,1.9122233281018066,2.1151950638442782,2.0997560792757817,2.442787015154656,1.9611034362008293,1.0,1.0,1.0,0.6,0.7,0.6,140,925535.2050866314,625321.5951057076
4,53,1.9115894559398399,2.107881547894025,2.092150114097801,2.4392457279622453,1.92060562524722,1.0,1.0,1.0,0.6,0.7,0.6,141,884802.2778972649,580326.2779065752
4,54,1.9113036539624981,2.1067789797476375,2.0955595227386756,2.4799760669025783,1.9016151043975005,1.0,1.0,1.0,0.6,0.7,0.6,147,906258.6997839176,560493.8780951197
4,55,1.9112418598719882,2.1048945651764317,2.0913217657867595,2.4200962443623126,1.9001904537954069,1.0,1.0,1.0,0.6,0.7,0.6,154,906034.5641668704,560722.641220186
4,56,1.9112298824729068,2.104750812620637,2.0911723622623466,2.4157945569399986,1.9005317390102285,1.0,1.0,1.0,0.6,0.7,0.6,155,906023.5395680588,560721.4294578605
4,57,1.911113655250095,2.103348736722079,2.0897141767298035,2.4973078545657437,1.9007130419135883,1.0,1.0,1.0,0.6,0.7,0.6,161,926067.7540230484,577214.0663932166
4,58,1.9111081207033198,2.1032817452397667,2.089644617587916,2.517985792676681,1.9000643882098909,1.0,1.0,1.0,0.6,0.7,0.6,164,925709.9771071516,576906.5068298186
4,59,1.9110984372247901,2.1054511527419755,2.0964568951212823,2.528067799948441,1.90033855323844,1.0,1.0,1.0,0.6,0.7,0.6,165,926533.6368987611,577093.252946006
4,60,1.911045801621572,2.103669179312472,2.0923253199021965,2.5287029337892566,1.9016947875441659,1.0,1.0,1.0,0.6,0.7,0.6,166,930277.0433764622,577206.037754618
4,61,1.910585646331311,2.0991369264028785,2.089890155413553,2.622800399442538,1.9011130253647042,1.0,1.0,1.0,0.6,0.7,0.6,180,852674.4390850451,565880.7840228655
4,62,1.9100234743514681,2.091972745631946,2.0824395984380466,2.627907375157425,1.9101389519160912,1.0,1.0,1.0,0.6,0.7,0.6,182,793154.240765696,596164.7633529007
4,63,1.9100192226978887,2.0919174776590386,2.082381929747764,2.6362993872602742,1.9000780496925347,1.0,1.0,1.0,0.6,0.7,0.6,184,792878.7374097301,595984.0312249368
4,64,1.9100178590976316,2.0930429345618826,2.085830755235708,2.65270379147526,1.900025070831434,1.0,1.0,1.0,0.6,0.7,0.6,186,792995.7355899884,596119.433809206
4,65,1.9100160112355367,2.094162250578848,2.089272684261721,2.677605437773426,1.9000339482362638,1.0,1.0,1.0,0.6,0.7,0.6,188,792696.796394374,595924.4986433833
4,66,1.9097342355733296,2.095043467702429,2.0993018045722236,2.723723812036236,1.9052279033863129,1.0,1.0,1.0,0.6,0.7,0.6,190,851083.9927874566,483290.38187204144
4,67,1.9097087281942668,2.0947048815855767,2.09894966884795,2.7320926942079398,1.9004874543761083,1.0,1.0,1.0,0.6,0.7,0.6,192,852348.6081619255,474541.7873902503
4,68,1.9097047233016138,2.0957948888290305,2.1023614555791457,2.749490369306357,1.900075170654214,1.0,1.0,1.0,0.6,0.7,0.6,194,852131.826541555,474522.9463342568
5,0,0.3641016393764446,0.7910144883037059,0.7553191786622993,0.4707565959821204,0.0,0.0,0.0,0.0,0.6,0.7,0.6,1,11299624.261155527,10473763.189103974
5,1,0.4314651338361383,0.8583858859450566,0.8226902752711838,0.5421102949673117,0.06739336030246666,0.11208859127009815,8.815249266859e-05,0.00010957910540287999,0.6,0.7,0.6,3,11300475.226024557,10478987.067031106
5,2,0.40419408492691905,0.8311153223451492,0.7954197116712763,0.5175579182199308,0.040110608356290135,0.06681834176885385,1.2369900074269999e-05,1.730229816152e-05,0.6,0.7,0.6,4,11300534.718017818,10478972.054522725
5,3,1.723391342491249,2.151025617273663,2.1152978352892324,1.8404469516774378,1.363091444634087,0.10137047361381155,1.0,1.0,0.6,0.7,0.6,5,11120354.377040625,10472331.0529811
5,4,1.7803991161349408,2.215692300143485,2.179603667383316,1.9065598734595297,1.4601347126658177,0.22418647052004564,1.0,1.0,0.6,0.7,0.6,6,10728114.415992668,10051975.63677025
5,5,1.6920108301178076,2.136133859503346,2.1019580620737717,1.8300493073362127,1.3930683943636533,0.10680590552917639,1.0,1.0,0.6,0.7,0.6,7,10312508.675398808,9445062.182751084
5,6,1.598391442967229,2.0708613368863076,2.0317456118258446,1.76305434990977,1.5504968078304144,0.10895393644990584,1.0,1.0,0.6,0.7,0.6,8,4602260.630616036,5862394.770949464
5,7,1.635293687697065,2.111373332310312,2.0713764219723148,1.8085438880151168,1.4593614269026856,0.21319642637735997,1.0,1.0,0.6,0.7,0.6,10,6127105.52376134,5914712.113650117
5,8,1.9856301962048013,2.4172546332286124,2.3706110544696237,2.1072751252970536,2.3698000544118574,1.0,1.0,1.0,0.6,0.7,0.6,11,1724046.767047501,1828919.846380881
5,9,1.6934674467555877,2.07588282970029,2.0283136984987005,1.7661383493108986,1.868695197623628,0.5645489226832806,1.0,1.0,0.6,0.7,0.6,12,1163773.9216367786,978275.21454248
5,10,1.6699215132963894,2.052916759953784,2.00763952085979,1.7611600583349891,1.6165349771586897,0.5257059687031751,1.0,1.0,0.6,0.7,0.6,14,1102699.6347820738,884037.2649377491
5,11,1.9517839645849602,2.327308519502197,2.2793457148209546,2.0352362515602005,1.9257593705624063,1.0,1.0,1.0,0.6,0.7,0.6,15,1147644.0150435558,929965.310268675
5,12,1.944315728689551,2.3009177833076766,2.2541777904318607,2.0024025240401806,1.9778023123374582,1.0,1.0,1.0,0.6,0.7,0.6,16,959090.5691615152,630487.7957261289
5,13,1.4051532237580737,1.756664500635353,1.7073902907412521,1.4682788068281505,1.3695822148650791,0.10358098476021935,1.0,1.0,0.6,0.7,0.6,18,951690.5339602547,574314.6482088426
5,14,1.9413171705287935,2.2887219839527484,2.241494245705124,2.014447344050852,1.909872109684506,1.0,1.0,1.0,0.6,0.7,0.6,20,911146.8256038204,1073816.5938797134
5,15,1.4027642404726604,1.74795504775118,1.7006122215435453,1.4802827177122162,1.364112418570463,0.10352236401112976,1.0,1.0,0.6,0.7,0.6,24,1064684.047852059,573677.5465168293
5,16,1.4021149331209948,1.746303694376154,1.7011728430006756,1.488548424175296,1.3660652859258777,0.1035223417844108,1.0,1.0,0.6,0.7,0.6,26,1028372.3734768472,553760.7215911245
5,17,1.401252190358079,1.7413852885047056,1.6937795247790168,1.4823442295812965,1.3674550575483986,0.10352261609465263,1.0,1.0,0.6,0.7,0.6,28,931733.0549446708,522171.1581774916
5,18,1.366012405998136,1.7070865255403458,1.6640589097830492,1.4698413478158752,1.3284940244764745,0.04544199567715984,1.0,1.0,0.6,0.7,0.6,32,1021087.458814429,614960.0716422078
5,19,1.3656104834062432,1.706391610710317,1.6633490367225683,1.47566994494749,1.3280165985498253,0.04491324509633663,1.0,1.0,0.6,0.7,0.6,33,1016269.6597568812,610507.0450815154
5,20,1.3656907785001808,1.707597472380587,1.666877881183631,1.4880237762758148,1.3270548444867527,0.04505562697733515,1.0,1.0,0.6,0.7,0.6,36,1017040.1840201668,621924.7364250445
5,21,1.3568371625863254,1.6915799144044796,1.6504935908336038,1.462470751461753,1.3461572726843503,0.0336449202313798,1.0,1.0,0.6,0.7,0.6,37,1000555.8045248712,504217.6747086102
5,22,1.363268779013099,1.696766559179029,1.6556170229428218,1.4838541473472677,1.3284444456900961,0.0449243264932401,1.0,1.0,0.6,0.7,0.6,40,973910.4553346392,468120.60561600473
5,23,1.3631832989996937,1.6998058176081434,1.6656123677904784,1.5053557408232883,1.3274943415768328,0.04491747851642066,1.0,1.0,0.6,0.7,0.6,42,969434.3250470258,470546.610736769
5,24,1.3626118205976208,1.6966087834771733,1.6577505199803264,1.5026257476294247,1.3276805304142667,0.04411566554047922,1.0,1.0,0.6,0.7,0.6,43,969971.4257570804,445734.47605736647
5,25,1.363727282439134,1.6968616251357433,1.6579595751172502,1.5062430708118315,1.3309185047210672,0.04635932966737846,1.0,1.0,0.6,0.7,0.6,44,978240.702846472,446086.6388348324
5,26,1.363979401031608,1.6959565995986141,1.656996110922405,1.5155249983130599,1.3325090182103851,0.04728869937852216,1.0,1.0,0.6,0.7,0.6,45,956228.629106187,435536.6460571598
5,27,1.362571762615539,1.6932036166223767,1.6541754414788752,1.5092475642733847,1.3321102549510724,0.04552799323405237,1.0,1.0,0.6,0.7,0.6,46,961722.4613391708,421892.81568671257
5,28,1.3639315709099173,1.6941350867057845,1.6550852428103306,1.5204192592054042,1.330314487585143,0.047979710979380606,1.0,1.0,0.6,0.7,0.6,47,921698.5726739796,413252.45647848863
5,29,1.3642839310700465,1.694208870017003,1.6551448571458947,1.5238981984404476,1.3302068782058725,0.04868746297909476,1.0,1.0,0.6,0.7,0.6,48,927759.0573838126,415649.9787817371
5,30,1.3580245151207722,1.6874298295025412,1.6506062331336642,1.5160261695955617,1.3263394463629008,0.03896754892363856,1.0,1.0,0.6,0.7,0.6,50,940303.4635513864,392172.4853601088
5,31,1.358103782178317,1.6886304040372542,1.6541293220205748,1.526592732868051,1.3235022829127336,0.039108562410076694,1.0,1.0,0.6,0.7,0.6,52,911732.0864268612,414680.7212033008
5,32,1.356167358941319,1.6734199141832073,1.6382591290266855,1.5175794107294909,1.371593887899209,0.04125774947580471,1.0,1.0,0.6,0.7,0.6,53,925505.4925447868,687901.7316649865
5,33,2.304215904167588,2.304215904167588,2.304215904167588,2.304215904167588,1.305299127563937,0.0070265069459800695,1.0,1.0,0.6,0.7,0.6,82,26939830.57002155,31385566.23661451
5,34,1.3649041439795067,1.7149316737508151,1.6927502239622254,1.7064541995882974,1.3351168739981478,0.04424107868271214,1.0,1.0,0.6,0.7,0.6,84,1027777.4979044396,712074.3699895972
5,35,1.36611646997194,1.7200293310439756,1.7003131266858489,1.7224143913275434,1.3835326329177091,0.04493406213782816,1.0,1.0,0.6,0.7,0.6,85,1040217.72380772,781841.030475692
5,36,1.3655707075120214,1.7168592480983826,1.6947427952686294,1.704247349212542,1.3309203168108947,0.04474240843619086,1.0,1.0,0.6,0.7,0.6,86,1029532.0746294784,764292.551122283
5,37,1.365593782026135,1.7170333004816767,1.694924668708354,1.723883008869998,1.3274446684806607,0.04470823835854516,1.0,1.0,0.6,0.7,0.6,88,1028852.3195242048,771854.16567588
5,38,1.3395151306694997,1.6087259904901279,1.580352313921425,1.6103821423859377,1.3871231938583777,0.030343770327358,1.0,1.0,0.6,0.7,0.6,89,1379647.5913779046,483628.8982185169
5,39,1.3395027346511468,1.6086611611909234,1.5802850366939731,1.6179948258478225,1.3182873667919237,0.030336673937446112,1.0,1.0,0.6,0.7,0.6,91,1379548.3510435196,483372.7082014017
5,40,1.339103520487511,1.606463789721377,1.580276133911524,1.6106189654148215,1.3230041703612292,0.030420328540823348,1.0,1.0,0.6,0.7,0.6,93,1337851.0542238846,467339.4300426153
5,41,1.3386276371134387,1.6024774859812236,1.576129936632165,1.619611147657046,1.3217626193317706,0.03044074580807939,1.0,1.0,0.6,0.7,0.6,96,1181748.7832290488,472544.41596951504
5,42,1.3297770213098838,1.5733419615731281,1.5528864179157056,1.6143288661596804,1.3317933355328802,0.02115389931087273,1.0,1.0,0.6,0.7,0.6,100,2848888.5183174494,371223.2464889272
5,43,1.3284778915349094,1.5566541659893103,1.53778133837596,1.6079062630893008,1.339594637993999,0.02232681845549006,1.0,1.0,0.6,0.7,0.6,102,3313432.4217959656,433259.063810141
5,44,1.3741101973857972,1.5894040152921511,1.567687463517427,1.6694955768681567,1.3674399471675147,0.10047508496744603,1.0,1.0,0.6,0.7,0.6,107,213379495.65068293,4911096.844309494
5,45,1.3741052214022447,1.589354895318428,1.5676364192712042,1.6816511800556926,1.3603537008903455,0.10047463160432843,1.0,1.0,0.6,0.7,0.6,109,213381727.94189692,4910359.286419219
5,46,1.374492548985447,1.5883896398348187,1.5666113223955755,1.6805991423793967,1.3650475117759626,0.10135944430659902,1.0,1.0,0.6,0.7,0.6,110,4560285.919750474,4814553.718982644
5,47,1.3656391420052398,1.5739654285407676,1.549667605671567,1.6742793177354147,1.359307608179123,0.08737339712019626,1.0,1.0,0.6,0.7,0.6,112,211999511.09578905,5016652.109714231
5,48,1.3706021764497693,1.5762886607229287,1.5541480172531876,1.6842516816895703,1.3636760294646717,0.09628702501974848,1.0,1.0,0.6,0.7,0.6,114,200963423.0207624,4456896.96783737
5,49,1.370596795953561,1.5773781671659526,1.5575594815407263,1.704540659694271,1.3578324803634598,0.0962861903523646,1.0,1.0,0.6,0.7,0.6,116,200965529.9734408,4456194.375150937
5,50,1.3689058121156812,1.574068845820694,1.554178937166287,1.701129966997009,1.358772022906555,0.09373781918100968,1.0,1.0,0.6,0.7,0.6,118,8998788.18834362,4376751.2187287
5,51,1.3689055211105832,1.5752088175447057,1.557642447361963,1.7143857312033584,1.3562473229844088,0.09373781918100964,1.0,1.0,0.6,0.7,0.6,120,8998871.536763476,4376418.957727539
5,52,1.3320702974644152,1.53437348187442,1.5211784482524902,1.703788433365185,1.3240470803065543,0.03339690342191298,1.0,1.0,0.6,0.7,0.6,125,953011.7828557572,562854.5130285934
5,53,1.3278128691700106,1.5049129766168834,1.4928951978802385,1.6851061056379724,1.398918404252838,0.030166617964758356,1.0,1.0,0.6,0.7,0.6,126,1219736.1146988403,692166.9292072417
5,54,1.3278114188440058,1.5060364796014936,1.4963416452778613,1.707017020380627,1.3181368137346396,0.030166617964758356,1.0,1.0,0.6,0.7,0.6,128,1219663.0723991988,692205.7430509464
5,55,1.327807993215773,1.5058988416438073,1.496198361413473,1.711057920831704,1.3184771123096306,0.03017820461748716,1.0,1.0,0.6,0.7,0.6,129,1219640.0703780083,692890.598106565
5,56,1.3244625217006667,1.500496409995407,1.4907071686044784,1.7097014187993658,1.3210829404718047,0.02487357039339127,1.0,1.0,0.6,0.7,0.6,130,1171977.6283070804,724550.8703852851
5,57,1.324459297663402,1.5015961868300314,1.4941291216717958,1.7233489865910188,1.3149854096421794,0.02487357039339127,1.0,1.0,0.6,0.7,0.6,132,1171720.5054168308,724836.9687904357
5,58,1.3234179614027282,1.493859430970745,1.4883776949338763,1.7820483330400663,1.3160133848494777,0.024174683605782902,1.0,1.0,0.6,0.7,0.6,148,911197.4480009908,650213.4939795779
5,59,1.3238681827925753,1.4878687863715374,1.4821101816499924,1.7756393842166838,1.3348431355527888,0.025724906582434308,1.0,1.0,0.6,0.7,0.6,149,1095945.749175704,651160.7368509659
5,60,1.3313859552788387,1.4906194122752825,1.4846562998603074,1.8094522650658313,1.325714512637227,0.03883534486877911,1.0,1.0,0.6,0.7,0.6,155,1195450.0327969205,622922.2560402855
5,61,1.3313794218866377,1.491664479399352,1.4880214165689538,1.824045768907253,1.3234390986714644,0.03883534486877911,1.0,1.0,0.6,0.7,0.6,157,1195053.476824573,623322.3200260497
5,62,1.3312473801929774,1.489987619626949,1.4840033671776856,1.814794317247705,1.3244312624805241,0.03866348120141264,1.0,1.0,0.6,0.7,0.6,158,1323045.3982219535,672412.4573442235
5,63,1.3310488315628506,1.4893583642533135,1.4833554820946322,1.8751578635571113,1.3231570913431718,0.038390241696841645,1.0,1.0,0.6,0.7,0.6,170,1222282.779773696,685601.2704509251
5,64,1.3348323683515324,1.4940061720000253,1.4903154037000794,1.8897152559273094,1.3276985430522878,0.044731162468687594,1.0,1.0,0.6,0.7,0.6,171,1146514.747930815,638075.1510025932
5,65,1.330417857252948,1.4857985632828354,1.4819454020694587,1.870894662789893,1.3340314735464958,0.03781376735258754,1.0,1.0,0.6,0.7,0.6,172,872835.7785612871,658387.2071485516
5,66,1.3304176694203602,1.4857628937429608,1.4819080991657176,1.879379596877742,1.3227443569856985,0.037817587852758364,1.0,1.0,0.6,0.7,0.6,174,872565.8469498357,658290.5610446032
5,67,1.3302815852738112,1.4895099134591794,1.494921314359979,1.9344573373078742,1.3228141761076104,0.03767144721309202,1.0,1.0,0.6,0.7,0.6,184,3030297.213419244,651524.7719128649
5,68,1.3302762357242646,1.4905694954044166,1.4983014130376475,1.9494858039774248,1.3227166805530979,0.03767144721309203,1.0,1.0,0.6,0.7,0.6,186,3030324.0068709045,651760.8485874984
5,69,1.3301749734754278,1.4882962971351295,1.493660255221067,1.9504973964489785,1.3241287468484297,0.03762128031886639,1.0,1.0,0.6,0.7,0.6,188,1102344.215008909,649751.0317829702
5,70,1.3301129401363454,1.4879715529386255,1.4933242874965098,1.9588175081610446,1.3229221164559604,0.037548049930290636,1.0,1.0,0.6,0.7,0.6,190,3114965.4513946804,644640.8840480138
5,71,1.3310283655491273,1.4863370761469277,1.4893055707194982,1.9729606970759104,1.32799938798511,0.039242568464967084,1.0,1.0,0.6,0.7,0.6,191,2223932.1452975967,623137.4804521139
5,72,1.3311224349736448,1.4847405331239556,1.4899119360202446,1.9872335382931436,1.3255382394655415,0.03971909784829974,1.0,1.0,0.6,0.7,0.6,196,1486266.746667414,639922.7280307314
6,0,0.35720224158689207,0.787336097662416,0.751493663667518,0.4668687229576161,0.0,0.0,0.0,0.0,0.6,0.7,0.6,1,12030066.817620032,10482394.81051583
6,1,0.41413011923251,0.844275743385307,0.8084327777283805,0.5277904028573477,0.05697265695829805,0.09472063645200599,9.448680351903e-05,9.133419477130999e-05,0.6,0.7,0.6,3,12029452.951528348,10481919.066357486
6,2,1.7317578703392966,2.164231115078166,2.1306561099209476,1.8660554701438161,1.3784698092263743,0.1285952026504939,1.0,1.0,0.6,0.7,0.6,6,11955096.782928286,10424169.30329898
6,3,1.7130941408843365,2.1478181183332907,2.1165143475829833,1.8600896190065574,1.3627894484539687,0.10153515668532624,1.0,1.0,0.6,0.7,0.6,8,11883751.241204552,10333475.224225247
6,4,1.708010242443411,2.1459644673258773,2.1168826916327275,1.8669057091073782,1.3640684332949018,0.10078067062939208,1.0,1.0,0.6,0.7,0.6,10,11702051.24160397,10297246.963437958
6,5,1.6912109094040666,2.1359849231085186,2.1041605720411023,1.8679853428414286,1.391723291309153,0.10350072660534551,1.0,1.0,0.6,0.7,0.6,11,11404679.344298998,9647151.041221555
6,6,1.6912041593281701,2.1359804171279757,2.1041562364110526,1.8627790920192293,1.3621047250588356,0.10349647316816371,1.0,1.0,0.6,0.7,0.6,12,11404589.734896813,9646766.954123372
6,7,1.4682068777475958,1.9231084081891763,1.8784417671082805,1.62525543193411,1.9362770378232939,0.09402901764718144,1.0,1.0,0.6,0.7,0.6,13,5355914.771281122,3307688.986090077
6,8,1.4596298773824135,1.9062542886452927,1.8630386123604956,1.613340806837646,1.3912210174798951,0.1004091925873695,1.0,1.0,0.6,0.7,0.6,15,4984013.529729663,2827352.030348102
6,9,1.4468741845476167,1.8862938812351353,1.8447196708084248,1.6118223151016284,1.3802604465187667,0.09367745217879472,1.0,1.0,0.6,0.7,0.6,17,4920509.704216859,2658363.5387594216
6,10,1.4454137568641405,1.883430115478574,1.8417465819030707,1.6087991361592318,1.3586578944403054,0.09346411701606319,1.0,1.0,0.6,0.7,0.6,20,4747813.075524458,2633786.654491263
6,11,1.4436416435044996,1.8816660344483451,1.842218991247703,1.632595789806508,1.361552767951088,0.0922657605057982,1.0,1.0,0.6,0.7,0.6,21,4739186.45401993,2591651.6504574064
6,12,1.4948690115869807,1.8438126396254195,1.8034581676861832,1.6085731290413268,1.847187932360621,0.2568645348613197,1.0,1.0,0.6,0.7,0.6,22,3013999.7591232546,1047406.976176273
6,13,1.4717695940105622,1.766940109130382,1.723902479847776,1.5252276576332313,1.6342047384640108,0.24056499558484487,1.0,1.0,0.6,0.7,0.6,23,2916391.950407413,610371.6486798752
6,14,1.6194682633715685,1.9085688720273222,1.8629717622510729,1.6709388699408025,1.609677419741788,0.4883383040255474,1.0,1.0,0.6,0.7,0.6,24,2806519.436070534,620967.1167248434
6,15,1.6460811711323133,1.9167017494418528,1.8702323467748379,1.6638066891556678,1.6846642566538317,0.5382424919315565,1.0,1.0,0.6,0.7,0.6,25,2800557.507294539,501509.190511717
6,16,1.6473859136583395,1.918799983110989,1.8746381981355298,1.688190229683117,1.6248862396534216,0.5405150926200781,1.0,1.0,0.6,0.7,0.6,27,2807057.5095550604,486109.3122005635
6,17,1.6295099383262253,1.8931726208782687,1.8486500939077533,1.6750362292967527,1.6332434816766241,0.512838223043645,1.0,1.0,0.6,0.7,0.6,28,2668590.042994956,559730.2743708115
6,18,1.6297481798429163,1.888004348568233,1.8432316735130447,1.6763619902004816,1.6176422808587456,0.514646263546064,1.0,1.0,0.6,0.7,0.6,30,2572055.694695564,603351.4799697356
6,19,1.613466287763107,1.8696294686740016,1.8247601983335913,1.668128203980682,1.5997230006809016,0.4880470005032277,1.0,1.0,0.6,0.7,0.6,31,2443027.010193568,820664.5726656886
6,20,1.63699593459497,1.8926590640383432,1.8477668512400256,1.6911234588178736,1.6180424178125046,0.5273875445971353,1.0,1.0,0.6,0.7,0.6,32,2775895.375399448,597600.0098926909
6,21,1.6369728584888006,1.8925698038506744,1.8476744845512836,1.7013011438672532,1.6165275778090127,0.5273657823029043,1.0,1.0,0.6,0.7,0.6,34,2775261.617267832,597296.6269986383
6,22,1.5505422869212966,1.801320388899451,1.763018502819245,1.6582886154464442,1.5345327669089686,0.38532609855553535,1.0,1.0,0.6,0.7,0.6,42,2566231.136137378,362800.2559808616
6,23,1.5504999920267393,1.8012321635311985,1.762928236391529,1.6686759331361092,1.5312340871093064,0.3852665173770215,1.0,1.0,0.6,0.7,0.6,44,2565394.066248626,362270.0612643054
6,24,1.5479863130009552,1.7991968574899024,1.7677297256677713,1.6824841900915821,1.5338275859767057,0.38177152732492436,1.0,1.0,0.6,0.7,0.6,46,2549784.3515252857,351419.5848138708
6,25,1.5383371295491362,1.7812674097860657,1.749424098349186,1.6824206541146842,1.5338669207240692,0.3675693083138854,1.0,1.0,0.6,0.7,0.6,48,2734172.816144768,296505.4502999504
6,26,1.5394866103478688,1.7770466719379994,1.744960572213751,1.6856313136354855,1.5395326012414448,0.3706472025325201,1.0,1.0,0.6,0.7,0.6,49,2520346.692451312,401424.2894949783
6,27,1.5411807124939245,1.7784237769574993,1.7463234530404432,1.6907273437320698,1.5251514832988362,0.37353925306367597,1.0,1.0,0.6,0.7,0.6,50,2684939.681010774,401146.383719675
6,28,1.5382431362116114,1.7754680374013283,1.7479117751666284,1.7044648387330956,1.5288093508872385,0.3691284827089595,1.0,1.0,0.6,0.7,0.6,51,2624310.492533496,454918.8213028515
6,29,1.538235124894225,1.7754389506479082,1.7478816229715983,1.7120124969121195,1.5215054198460862,0.3691195483699024,1.0,1.0,0.6,0.7,0.6,53,2624029.0593589908,455096.42642473866
6,30,1.5210707203898335,1.7648505353094537,1.751223729394848,1.8270854556712606,1.5043769095157171,0.340573047475192,1.0,1.0,0.6,0.7,0.6,81,2577272.9824312204,424525.85471431975
6,31,1.3578047987973019,1.5933085684432693,1.5679471607287416,1.6364199913647637,1.3427497901029448,0.06899245523949815,1.0,1.0,0.6,0.7,0.6,87,2049822.0534317696,1061043.5165088463
6,32,1.3577981362835743,1.5932474387156597,1.5678836062649149,1.6363550986056525,1.34148131862699,0.06899245523949817,1.0,1.0,0.6,0.7,0.6,89,2049750.258783175,1059747.5305542997
6,33,1.3670056451526755,1.6017281628897795,1.5854222097100519,1.7570996581410943,1.3531129409225362,0.08540842767732852,1.0,1.0,0.6,0.7,0.6,98,964513.4568302864,1927372.205194655
6,34,1.3588939607749482,1.5909059981367217,1.5722063902199035,1.721736392823432,1.3441489817484824,0.07219952533497925,1.0,1.0,0.6,0.7,0.6,104,2009816.145637825,1052593.248073008
6,35,1.3537738247592774,1.587603288128097,1.573530163968098,1.797853411090217,1.3397321063287841,0.06375761824200123,1.0,1.0,0.6,0.7,0.6,105,951667.4845222046,1891212.1120452888
6,36,1.3689229024292757,1.5996661197419026,1.5831822786943461,1.810433143332017,1.3556774705485297,0.08938448270282454,1.0,1.0,0.6,0.7,0.6,108,1011897.5242940478,1924069.2564372744
6,37,1.3690387858396225,1.5991962426604962,1.5826863497095949,1.809926492543823,1.3556666764912872,0.08969089625864082,1.0,1.0,0.6,0.7,0.6,109,1012837.386075667,1959096.8647745
6,38,1.3690274885246136,1.5991126214443452,1.5825993913628076,1.8226224347283773,1.3539254254605997,0.08968597574830751,1.0,1.0,0.6,0.7,0.6,111,1012437.7280976695,1958865.2566818064
6,39,1.3591378360434847,1.5901550907603434,1.5873197994957868,1.8818656747781075,1.3467885593534135,0.07437853519775042,1.0,1.0,0.6,0.7,0.6,120,2380401.072270751,1104240.810274321
6,40,1.3585083239069347,1.5864709351894546,1.5835004771371048,1.8648876157882843,1.3466110573801073,0.07386835173891972,1.0,1.0,0.6,0.7,0.6,124,2360398.6336361016,1098503.9525321585
6,41,1.3557290425025021,1.5782013048049763,1.5658955633637284,1.811592944676716,1.3440590980919838,0.06937698085325011,1.0,1.0,0.6,0.7,0.6,125,2244424.6935244845,1099781.999968948
6,42,1.3557175450360819,1.5779636617199078,1.5656478587315141,1.8113397127728246,1.3419848210157612,0.06939774493474465,1.0,1.0,0.6,0.7,0.6,127,2247928.7573015764,1093956.139675934
6,43,1.3581314144571568,1.5822247685814146,1.576810554666968,1.8557486632089906,1.3459046464757058,0.07370595184778035,1.0,1.0,0.6,0.7,0.6,130,2243306.411832728,1099300.6984741725
6,44,1.3580190911341918,1.5803501334109962,1.572584447824809,1.8230466071423326,1.3461597544661301,0.07363153321679522,1.0,1.0,0.6,0.7,0.6,131,2241246.592977509,1117885.5426603204
6,45,1.3580166798630087,1.579171310567395,1.5690802073303642,1.814558242464119,1.3442308721792724,0.0736333076144976,1.0,1.0,0.6,0.7,0.6,133,2241338.396574578,1117361.611277931
6,46,1.3623083703841523,1.5749176233006748,1.5735437057958883,1.9379608597526454,1.3907409107200253,0.08302280304816632,1.0,1.0,0.6,0.7,0.6,134,1558035.6157117328,588169.7825825578
6,47,1.3622103951352171,1.5713367681112325,1.5698100571542235,1.9384249799981061,1.3536612386736389,0.08342541494619779,1.0,1.0,0.6,0.7,0.6,137,1527529.1480735885,628743.271858328
6,48,1.3621959979042078,1.571208294970321,1.5696764343352232,1.9510735408222009,1.3501695440950678,0.08341971098964988,1.0,1.0,0.6,0.7,0.6,140,1526953.480923872,628367.7174702629
6,49,1.3610190406243539,1.568896174140658,1.5718620762238475,2.003831559491078,1.3518610397279454,0.08200345666127642,1.0,1.0,0.6,0.7,0.6,144,1514801.5298025992,618655.7054538103
6,50,1.370073780051015,1.5802758872726845,1.5901652908795345,2.0269570560013195,1.3586101473221401,0.09726743537965335,1.0,1.0,0.6,0.7,0.6,157,2259975.20761163,1345543.0988874063
6,51,1.3698048600896384,1.5795760700922803,1.5894466597442096,2.0314883572184996,1.3595043471159958,0.09688589723634462,1.0,1.0,0.6,0.7,0.6,158,2257768.505858981,1368519.9769024334
6,52,1.3704023033523032,1.578859459904725,1.5863986415269467,2.011275855498354,1.358976943316485,0.0979078484635798,1.0,1.0,0.6,0.7,0.6,160,2262451.265872415,1331917.2880411008
6,53,1.370770833295476,1.579586078827527,1.589414847552454,2.0073239794288718,1.361606323887838,0.09864389178324487,1.0,1.0,0.6,0.7,0.6,161,2277148.5753549235,1359412.4607101325
6,54,1.3698859138673911,1.5784868093412912,1.5883062164140425,2.0348731035579672,1.3586906636577578,0.09720302483830012,1.0,1.0,0.6,0.7,0.6,163,2258359.809497466,1368132.3781694465
6,55,1.370123831662354,1.578188915069442,1.5879849285489924,2.0397084497580225,1.360245397751348,0.09768209784638829,1.0,1.0,0.6,0.7,0.6,164,2254036.519803684,1391820.0109538094
6,56,1.3792055386600919,1.5871904707796904,1.601530731013911,2.118374382243434,1.3686349890172391,0.11318014853473637,1.0,1.0,0.6,0.7,0.6,174,2266094.23411421,1334212.662376243
7,0,0.321108442175511,0.7668724328654629,0.7302115983150993,0.4452396497051896,0.0,0.0,0.0,0.0,0.6,0.7,0.6,1,15862546.532644512,10511412.12395759
7,1,0.7344873382156009,1.181700372154087,1.147345019350142,0.8824141623872184,0.41456945973055004,0.14017198879827888,0.2420423987401707,0.26767834756992703,0.6,0.7,0.6,4,15849562.791121624,10520409.18010771
7,2,0.8545737394924198,1.3019521612624014,1.2675868738221079,1.0026510880294508,0.5349907349698699,0.1403087979819624,0.3303544763021461,0.3653440091040151,0.6,0.7,0.6,6,15769418.165785031,10450955.005713062
7,3,1.6836504166735229,2.1311835216013733,2.0968089530356395,1.8318699603498811,1.3647590377590224,0.1405257354158157,0.971124879469858,1.0,0.6,0.7,0.6,7,15800895.43148712,10497855.639763536
7,4,1.9710502232370364,2.4200143988234277,2.3831572541333497,2.1175890703527593,1.6692929124765388,0.5967498823847652,1.0,1.0,0.6,0.7,0.6,8,15386612.473277468,10384265.81901224
7,5,1.6635071165228261,2.116081254080314,2.0789894322411193,1.817365650047475,1.3766783938726088,0.09997539756381692,1.0,1.0,0.6,0.7,0.6,9,15050402.149230797,10102047.91564002
7,6,1.6484839386499517,2.111063501747316,2.075603437524317,1.8479096808485451,1.3955681140167222,0.11854212246105214,1.0,1.0,0.6,0.7,0.6,11,12863546.47042312,8848585.78612767
7,7,1.6368939930265745,2.1004394178710886,2.0648910385608716,1.8425867103205231,1.3689459304033331,0.10451566056019704,1.0,1.0,0.6,0.7,0.6,12,12981969.363134757,8834504.977405056
7,8,1.654432062290391,2.1190012127651006,2.083356170711123,1.8581135698754765,1.390530070286852,0.13948077869482284,1.0,1.0,0.6,0.7,0.6,13,12985854.694849776,8855306.779247647
7,9,1.5912180258557695,2.0661970787649997,2.026519187325094,1.806921799318677,1.4957358359559074,0.12461370038345945,1.0,1.0,0.6,0.7,0.6,14,11051847.13708763,7114846.78532666
7,10,1.5299004333478663,2.0059797822342973,1.9647162178722963,1.7255868993947918,1.4663841486782863,0.09033258895774324,1.0,1.0,0.6,0.7,0.6,15,8551210.335038695,5606098.624073462
7,11,1.4744625809508913,1.9384052684006101,1.894741201265611,1.665232100593033,1.5165121240086576,0.07774901282108292,1.0,1.0,0.6,0.7,0.6,16,6449544.470671336,3974391.548181289
7,12,1.4651562901861972,1.9140834348676141,1.8710722814619967,1.6630346619211656,1.4811869424657131,0.10493589481211299,1.0,1.0,0.6,0.7,0.6,17,5494248.726279935,3053269.14124464
7,13,1.430197041266085,1.8530738168122278,1.8057980911522584,1.5858926484702476,1.420298542520087,0.08604303972528049,1.0,1.0,0.6,0.7,0.6,19,4245449.104119005,2141754.349686855
7,14,1.387756236253435,1.7781841863600363,1.7288242054992282,1.5219820469494283,1.4028580131179984,0.04808330666384581,1.0,1.0,0.6,0.7,0.6,21,3131186.443729547,1673838.0805868243
7,15,1.396108923128741,1.783279634581326,1.733730147697237,1.529567359871768,1.3516563609808343,0.06447885440432063,1.0,1.0,0.6,0.7,0.6,22,3071936.301430594,1527663.7057198936
7,16,1.3686219246234619,1.7097680280138623,1.659949926853741,1.4576826912795684,1.512219577012856,0.04808425291746638,1.0,1.0,0.6,0.7,0.6,23,1869713.1023010595,797011.3556404136
7,17,1.379096414564048,1.6971176804170822,1.6483914586139004,1.4514958344410662,1.3894410215996427,0.07644377595155391,1.0,1.0,0.6,0.7,0.6,25,1526466.3787367004,488161.198841932
7,18,1.3784807101965333,1.692815101191976,1.6439059426172786,1.469212252510936,1.3526068332093741,0.07689448734526606,1.0,1.0,0.6,0.7,0.6,27,1594593.1849623076,538480.5660124262
7,19,1.3725414896057782,1.6826527100545832,1.635803028003557,1.457536423607287,1.3601840021934675,0.0690740582195509,1.0,1.0,0.6,0.7,0.6,28,1606557.9222827062,1744696.0368595344
7,20,1.372148747429869,1.6795419638855513,1.6325591400936341,1.4606151213842247,1.3463768642567513,0.06943860905602169,1.0,1.0,0.6,0.7,0.6,30,1770204.1845812334,1800948.004455197
7,21,1.3683999173421353,1.6706327525439009,1.6211301484259555,1.458946561885532,1.352636701608806,0.06465585892263269,1.0,1.0,0.6,0.7,0.6,31,1532798.949996824,1711722.019295295
7,22,1.3679742776836894,1.6693569535085553,1.622081494125856,1.4700247752335993,1.342208948171642,0.0646560415418405,1.0,1.0,0.6,0.7,0.6,33,1429371.886886631,1512491.6561117475
7,23,1.3676016446260175,1.667091781366306,1.6174561624182657,1.4775368834837213,1.3411540733740264,0.06430011154777425,1.0,1.0,0.6,0.7,0.6,34,1510372.721896329,1662265.388390989
7,24,1.3889492548668598,1.6866430218568516,1.6482645654086419,1.5146560777903586,1.387035095706627,0.10245231845803951,1.0,1.0,0.6,0.7,0.6,35,2011314.2682146768,2958411.7846112866
7,25,1.4022362871806973,1.6977379986057382,1.659254573079369,1.5534227272612648,1.3789123645780044,0.12532165365449882,1.0,1.0,0.6,0.7,0.6,37,1872302.062583504,2923013.4873426664
7,26,1.3863299858599047,1.6782790780851586,1.6350872163557977,1.5168127919711702,1.363814651807953,0.09922407106242163,1.0,1.0,0.6,0.7,0.6,38,1997136.9634721496,2556678.185255028
7,27,1.3647353700899418,1.6529791426596017,1.6118800806215443,1.5242875818295745,1.355317284266404,0.06478386297982897,1.0,1.0,0.6,0.7,0.6,39,1543173.935337199,1588055.645634888
7,28,1.36528195048151,1.640670909994351,1.5966952850784435,1.4672859945659273,1.3805853136834976,0.06921190812942193,1.0,1.0,0.6,0.7,0.6,40,1939257.655617023,2804211.8801728506
7,29,1.363802265407868,1.6348368116916263,1.590657294215418,1.4645102942662143,1.355203144445639,0.06798190743441564,1.0,1.0,0.6,0.7,0.6,41,1907253.3110132683,2760674.4117026124
7,30,1.3654659133794191,1.6359326082603327,1.5917265594915402,1.4689189387856723,1.3434842812011496,0.07091312928845016,1.0,1.0,0.6,0.7,0.6,43,1766581.7156054652,2673837.607979854
7,31,1.372075620241315,1.5979015354114048,1.551652940643729,1.4457766261657383,1.5001543527534222,0.092650455742334,1.0,1.0,0.6,0.7,0.6,44,1655716.238681045,1559325.1176679304
7,32,1.449966070263545,1.6766861420312638,1.6350228750188873,1.5647542013675262,1.4380825411891536,0.22275414763498874,1.0,1.0,0.6,0.7,0.6,45,1589177.14298768,2545723.7731578383
7,33,1.4456289569161394,1.67123264430654,1.6295192812310728,1.5465462294244197,1.430632362060826,0.2157528859591773,1.0,1.0,0.6,0.7,0.6,48,1608764.542276116,2611721.9589108634
7,34,1.4456206248015686,1.6711680669426063,1.6294522116723837,1.5573385229349266,1.4295394009897062,0.21575039642902838,1.0,1.0,0.6,0.7,0.6,50,1608742.089654826,2611657.09346521
7,35,1.327853929944192,1.5049921304910323,1.4588631244326855,1.3806718312323683,1.4644932161283606,0.027763564788902427,1.0,1.0,0.6,0.7,0.6,51,1474793.597777701,2847471.1745839533
7,36,1.3274199244089018,1.4980448528881367,1.449358005588742,1.3648558890424058,1.3249776026387936,0.0278375649573744,1.0,1.0,0.6,0.7,0.6,53,1491239.4488958586,2938437.012277873
7,37,1.3278106786158292,1.4993249523322074,1.4529509870718678,1.3733856386831713,1.3175084064703984,0.02852609497484237,1.0,1.0,0.6,0.7,0.6,55,1489893.8142580534,2865441.7342951777
7,38,1.3275733571357011,1.499976513424675,1.4559154120732778,1.40350029818807,1.3176815898326737,0.02816752629159917,1.0,1.0,0.6,0.7,0.6,56,1485970.1819548986,2872320.8738130205
7,39,1.3276137701462587,1.498348901373379,1.4519410762214617,1.3826328254218105,1.3186036752529522,0.02831128191024948,1.0,1.0,0.6,0.7,0.6,57,1498195.0871509998,2901041.079159059
7,40,1.327613152550065,1.4983459725256274,1.4519380436549438,1.389477273898346,1.3169899047755833,0.02831058746497438,1.0,1.0,0.6,0.7,0.6,59,1498155.9744342335,2900895.578006202
7,41,1.327100422280596,1.47538945089308,1.4416591556381428,1.5231090842578514,1.3254164428518989,0.0313560147649925,1.0,1.0,0.6,0.7,0.6,72,1890677.849830235,2987526.5464627165
7,42,1.3266742310709774,1.475549372258378,1.4441190992062123,1.5352483153962981,1.3191559834132927,0.03071351317633635,1.0,1.0,0.6,0.7,0.6,74,1886622.8244563795,2987181.8600348034
7,43,1.3264080116335668,1.470378049928609,1.4364626107273046,1.5331990575072383,1.3238463319153517,0.030721656848920247,1.0,1.0,0.6,0.7,0.6,76,1882853.9000487549,2955993.1304160072
7,44,1.326113171162322,1.470301375006986,1.438670180978515,1.5413868954995111,1.3200863177879185,0.030339855942448278,1.0,1.0,0.6,0.7,0.6,78,1910269.689992574,2972946.9145540646
7,45,1.32611229068513,1.4702957926275135,1.4386643911615105,1.553050462145547,1.3182118134421137,0.0303389259119499,1.0,1.0,0.6,0.7,0.6,80,1910374.6168206865,2972972.912753671
7,46,1.3264873658654763,1.468359618247094,1.438904068038923,1.67341929250341,1.3193239881922016,0.03136778861258077,1.0,1.0,0.6,0.7,0.6,101,1667451.3708654535,2359153.2728672144
7,47,1.3263242037856553,1.472158956666145,1.44514800642914,1.7003980049340028,1.3185781579581448,0.03076686611031868,1.0,1.0,0.6,0.7,0.6,104,1672343.0752468735,2357340.2486084527
7,48,1.3246398379254862,1.4706470368739006,1.4459184437974573,1.6907235206266247,1.3172521822523624,0.02807347324197762,1.0,1.0,0.6,0.7,0.6,107,1721284.678599464,2621338.056469502
8,0,0.3404510247397163,0.7781052296621536,0.7418936697554293,0.45711211920291916,0.0,0.0,0.0,0.0,0.6,0.7,0.6,1,13826244.086926976,10511345.460308962
8,1,0.4031831983574502,0.8408475944752816,0.804635461584384,0.5238365341306972,0.06277441032579512,0.10437084451916082,8.999999999997e-05,0.00011709399682323001,0.6,0.7,0.6,3,13811020.133601593,10500430.249799363
8,2,0.8263288455525228,1.2656463476542887,1.231731385113495,0.9669864529356358,0.48801379962937574,0.1412033983836906,0.27017991504539707,0.3553783156095347,0.6,0.7,0.6,5,13769187.535118386,10471496.316787925
8,3,1.008384610615879,1.4478056467823706,1.4138852335310224,1.1392373405755185,0.6695590903601849,0.14052171305575462,0.3951404657621081,0.5140952938077785,0.6,0.7,0.6,7,13758006.335595751,10463674.871200984
8,4,2.2136997933828377,2.664757735073809,2.6325685830844416,2.360715981073635,1.9421685339381507,1.0,1.0,1.0,0.6,0.7,0.6,8,12911211.879822545,9849561.888737349
8,5,1.644827123273822,2.103866069818466,2.0662869225444442,1.8115354787853426,1.4122631018025689,0.09992773717092066,1.0,1.0,0.6,0.7,0.6,9,11221019.669373976,8219581.352089887
8,6,2.1834909692710864,2.6464093263308626,2.6157644023540954,2.3478115038706506,1.9026316577968503,1.0,1.0,1.0,0.6,0.7,0.6,10,11661981.306760766,8689442.091825664
8,7,1.5930145565728528,2.0571710425894154,2.0240053626687673,1.7664077155637807,1.3309816145818116,0.028050046718881387,1.0,1.0,0.6,0.7,0.6,11,11067788.486273777,8582196.596728262
8,8,1.5267554261047178,2.005854747897739,1.9729148341295475,1.7212091013672395,1.3909633557286591,0.02805798569048234,1.0,1.0,0.6,0.7,0.6,13,7106362.016759192,5888565.919315354
8,9,1.4105519860135671,1.7665906250998513,1.717557920490143,1.4848857004878098,2.1759010222657746,0.11005719444247364,1.0,1.0,0.6,0.7,0.6,14,733378.9593119237,554716.2554275529
8,10,1.4085817141940682,1.7589847129448386,1.7073886291412514,1.4624609884026674,1.3826032362429124,0.10928236232295112,1.0,1.0,0.6,0.7,0.6,15,650576.1972519361,518523.5470863927
8,11,1.407450535804347,1.7517669947684542,1.6998502890744085,1.4721670786300165,1.3890040147606,0.11061344578260801,1.0,1.0,0.6,0.7,0.6,16,595437.3466028314,419832.852488173
8,12,1.4069657396526192,1.7508372088201969,1.7011612113638273,1.4782852988277797,1.369285773024627,0.11061344578260801,1.0,1.0,0.6,0.7,0.6,18,581072.6240077545,371318.9903470331
8,13,1.4069559884411635,1.7507964178267876,1.7011186832877847,1.4902536265407322,1.3664247976486998,0.11061291749453186,1.0,1.0,0.6,0.7,0.6,20,580662.7928875382,371139.2773905106
8,14,1.484269642785426,1.8111825916915159,1.7629019077120218,1.5342580715909133,1.5143913917518343,0.24798601643593293,1.0,1.0,0.6,0.7,0.6,21,1686750.4754220452,3954267.347724632
8,15,1.473406066238524,1.7900490266062339,1.7435215302334424,1.522820666533371,1.4542461026313571,0.23464124434028025,1.0,1.0,0.6,0.7,0.6,24,1355702.1037458489,862714.8345899751
8,16,1.489979510019265,1.804469040390464,1.755567599153431,1.5277893373098934,1.4611359464693796,0.26266431559392134,1.0,1.0,0.6,0.7,0.6,25,997260.858984374,1215109.055049833
8,17,1.489978023573297,1.8067478899941145,1.7624938098935021,1.5469542016888602,1.4576210190631262,0.2626643533944747,1.0,1.0,0.6,0.7,0.6,26,997496.8964791571,1214176.9736377937
8,18,1.471870603324692,1.7819258236592397,1.7350734731742357,1.5121493669196622,1.4602101878120424,0.234640434812538,1.0,1.0,0.6,0.7,0.6,27,1152108.8494427227,1083836.9937880451
8,19,1.4745037708318387,1.7840025800539512,1.7371229642387176,1.5141872382403263,1.4454740614207982,0.23923915501381585,1.0,1.0,0.6,0.7,0.6,28,1117903.2227683144,1118238.2240871985
8,20,1.4586653248103925,1.7563627368886077,1.708908795579429,1.5271000601296914,1.437051394977712,0.2171059220128883,1.0,1.0,0.6,0.7,0.6,34,868885.094213662,556653.8334670273
8,21,1.4548269162840488,1.7336687309969396,1.6875852140690109,1.5114791930898135,1.4639516943271507,0.2171071793419816,1.0,1.0,0.6,0.7,0.6,36,873713.0185450404,476898.9047479684
8,22,1.4548213255785938,1.734774927848619,1.6910138257892267,1.5211444856522702,1.4303164460832467,0.2171071793419816,1.0,1.0,0.6,0.7,0.6,38,873745.5605028212,476406.95720503
8,23,1.4016720815525903,1.677475857302952,1.6335194822915087,1.4838714434808495,1.3917060340239298,0.12974679787758153,1.0,1.0,0.6,0.7,0.6,39,815039.4993398029,450056.3735554132
8,24,1.4607529587996604,1.7064857495684533,1.6588667725684827,1.5022137974590428,1.488816611538754,0.23578931071241027,1.0,1.0,0.6,0.7,0.6,41,757168.423671865,1156425.083365179
8,25,1.447108120231629,1.6644079870357826,1.6177774115819128,1.4638092800080345,1.5261575686388142,0.21941664929777915,1.0,1.0,0.6,0.7,0.6,42,1080698.6926105386,1751565.4963261604
8,26,1.4470861465760567,1.6630956131819086,1.6141345682291446,1.4703153201087362,1.4318832950245581,0.2194093740282304,1.0,1.0,0.6,0.7,0.6,44,957457.5223836876,1740906.7570078631
8,27,1.447078952877357,1.6652842448310046,1.6209668836469677,1.4841686399911806,1.4317866486081918,0.21941443159266752,1.0,1.0,0.6,0.7,0.6,46,1078691.20859448,1750819.9423624247
8,28,1.4370844501697841,1.6519534518347156,1.6052143909884649,1.4717443455375285,1.428840821601121,0.20318194612265966,1.0,1.0,0.6,0.7,0.6,47,1054276.4298641393,1687116.3620141195
8,29,1.4350361687862905,1.6430078435138977,1.5959614595073788,1.4764427074216955,1.4279111220496887,0.20107076335468105,1.0,1.0,0.6,0.7,0.6,50,1028863.43243528,1891750.0989752333
8,30,1.4380745609362502,1.6492867034546692,1.6114768720706194,1.5324818558376685,1.4244126960759993,0.20637485969146177,1.0,1.0,0.6,0.7,0.6,57,995563.2697606038,1651468.6669099436
8,31,1.414723032794957,1.6240571074042776,1.5884373708917225,1.535980897387831,1.4021530973461478,0.16800076009543416,1.0,1.0,0.6,0.7,0.6,64,994675.659333068,519945.0137415134
8,32,1.4802017309079853,1.6916334231291765,1.6606528923482822,1.6011736287994256,1.466898976070616,0.27716579594688284,1.0,1.0,0.6,0.7,0.6,65,1103932.307370355,484759.8425706445
8,33,1.4108731577675309,1.6201977761387258,1.5868505928323562,1.542340864567751,1.4000894896757876,0.16178998538604603,1.0,1.0,0.6,0.7,0.6,66,1002013.6655852864,547669.7848459836
8,34,1.3769106581368318,1.5753881976747852,1.539289107713473,1.501784437024364,1.379260617332966,0.10685960708510014,1.0,1.0,0.6,0.7,0.6,68,1145137.9335676148,497631.90362840873
8,35,1.4208140022116664,1.6201594583636205,1.5909193379974333,1.6255940446291954,1.409122392257324,0.18045722001319245,1.0,1.0,0.6,0.7,0.6,78,750053.4886292632,575196.2611457015
8,36,1.432846367049927,1.6321158813532928,1.6028724209121052,1.6136488568170146,1.420538069999017,0.200523692032169,1.0,1.0,0.6,0.7,0.6,79,748162.665501296,554833.2949513078
8,37,1.420784681553501,1.6222222560410988,1.5976211702292673,1.649753033150382,1.4086339170813842,0.1804405026169748,1.0,1.0,0.6,0.7,0.6,80,755697.9287140957,570554.375359646
8,38,1.4805716931092379,1.675870989939936,1.6441793950832468,1.6727322942479708,1.472308437566712,0.280527639640892,1.0,1.0,0.6,0.7,0.6,82,1084380.105488044,529130.1129563382
8,39,1.439855414888937,1.632447713385694,1.6142806314573312,1.7214538914492317,1.4309666393253666,0.2141703236811404,1.0,1.0,0.6,0.7,0.6,94,930952.3911818886,364773.0880220326
8,40,1.4394462879160677,1.627654152895893,1.6092957945457527,1.7163858532857303,1.431868710433462,0.21414792518838627,1.0,1.0,0.6,0.7,0.6,98,917367.7497578334,356595.25047857966
8,41,1.4050431787605693,1.5923415744252334,1.5784920847076584,1.7125315590252388,1.4042141811169935,0.15727964605666628,1.0,1.0,0.6,0.7,0.6,99,823092.4905616182,385880.4606570709
8,42,1.40467137561344,1.58760347776076,1.5735643681773048,1.7161721111544197,1.3970557761734366,0.15728734797675145,1.0,1.0,0.6,0.7,0.6,104,816523.2959607715,359816.0190679296
8,43,1.4046394608128234,1.5873016099261035,1.5732506755764755,1.7031759702391334,1.3947759463402685,0.15727224925888944,1.0,1.0,0.6,0.7,0.6,106,818871.449717186,370679.03193488735
8,44,1.412569328866779,1.5985843060627873,1.5915016977729404,1.7580116759231004,1.4023475433045816,0.17049970191754196,1.0,1.0,0.6,0.7,0.6,111,825128.0423744827,366723.087162517
8,45,1.40463787245409,1.587213067128391,1.5731583828906137,1.732659230328648,1.3943976931050956,0.15728192182535136,1.0,1.0,0.6,0.7,0.6,112,818591.3309137281,370385.2501687725
8,46,1.404630228108623,1.5892598677491065,1.5798429232852524,1.814263591701617,1.3950972286682628,0.15730227761978452,1.0,1.0,0.6,0.7,0.6,113,818380.4273319158,316573.17856586684
8,47,1.4043728389176526,1.5856634359757005,1.5761014684968881,1.819054821015079,1.3995283872287847,0.1573407146025922,1.0,1.0,0.6,0.7,0.6,115,814288.0260448051,317951.4686497131
8,48,1.404386633042332,1.5843573464893883,1.5724639005779655,1.8181328579730072,1.3949725793175247,0.15738810904856085,1.0,1.0,0.6,0.7,0.6,116,813734.634185148,317782.3115979916
8,49,1.4040243601749487,1.5826033353561946,1.575198650168796,1.8223922734692803,1.3966304052316896,0.15728863422681277,1.0,1.0,0.6,0.7,0.6,121,869342.3471191984,904213.9396033044
8,50,1.4040214313827666,1.5814206565622086,1.5716903724228282,1.8170834806669314,1.3944285455106136,0.15728863422681277,1.0,1.0,0.6,0.7,0.6,123,869278.0894678752,904139.4359326502
8,51,1.4176063863064658,1.5939415475994299,1.584165419866379,1.7957335110184736,1.4112816781441038,0.18007302148081866,1.0,1.0,0.6,0.7,0.6,124,884943.380663921,921084.9059840837
8,52,1.4176063863063666,1.5950848688975618,1.5876326755543144,1.8433257769738116,1.408044612428402,0.18007302148082602,1.0,1.0,0.6,0.7,0.6,125,884943.3806620773,921084.9059814668
8,53,1.417606248959689,1.593939872812372,1.584163636298638,1.7957317327794535,1.4080481818234474,0.18007302148081863,1.0,1.0,0.6,0.7,0.6,126,884941.049940147,921081.4449740308
8,54,1.4176033925722695,1.595055819767245,1.5876023898050828,1.8518178932415834,1.4081196321643417,0.1800715933449753,1.0,1.0,0.6,0.7,0.6,127,884954.5344743091,920750.8056575296
8,55,1.417600057715605,1.5938564125906582,1.5840768360019237,1.7956431348726003,1.4082006823871875,0.18007302148081863,1.0,1.0,0.6,0.7,0.6,128,884836.9767458404,920925.5709386131
8,56,1.439029521625646,1.6134273526717902,1.6035673242012245,1.820077684120045,1.4353031914491483,0.216037107315962,1.0,1.0,0.6,0.7,0.6,129,894266.9712726462,929557.7202038602
8,57,1.4038349149631473,1.5754464521704805,1.5768391806831352,1.9152996836057623,1.3972489123143703,0.15848105652596828,1.0,1.0,0.6,0.7,0.6,141,862784.9980551185,860931.5851225924
8,58,1.4030542514059097,1.5737886183668546,1.5751435326066134,1.981714521355923,1.3970408622204395,0.1572909043650457,1.0,1.0,0.6,0.7,0.6,142,815132.5888348471,396175.7693034638
8,59,1.402968479914092,1.5734247443856741,1.577042527245687,2.0240865454815395,1.3958717879005174,0.15732831030974473,1.0,1.0,0.6,0.7,0.6,145,815071.0938752918,355987.1453025668
8,60,1.4233975586293495,1.5916663829883593,1.5929153997429781,2.017023782342327,1.4156677766365584,0.19150396438055067,1.0,1.0,0.6,0.7,0.6,149,825667.649485796,417009.75275221234
8,61,1.423396028040627,1.5927873737923828,1.5963594690502805,2.040515918852219,1.4149336716742937,0.19150396438055067,1.0,1.0,0.6,0.7,0.6,151,825625.3052464904,417087.3767858956
8,62,1.3943923783047323,1.5601696759974768,1.5567621723391152,1.9150941626997344,1.3865722187290443,0.14318897687555493,1.0,1.0,0.6,0.7,0.6,152,819001.5132548042,371104.2556744688
8,63,1.4337847216638626,1.6034380180961283,1.627494841203882,2.2670979469323553,1.426975308263834,0.2100245098294621,1.0,1.0,0.6,0.7,0.6,183,1090772.094648332,548883.1707580163
8,64,1.4794657509800928,1.6493513002050917,1.675693122770991,2.3141920361965185,1.4731391285141058,0.2862656546269253,1.0,1.0,0.6,0.7,0.6,185,1086394.158632595,547269.8291200841
9,0,0.3759245278797337,0.7971606776746698,0.7617111287314393,0.47725284716427785,0.0,0.0,0.0,0.0,0.6,0.7,0.6,1,10054377.10076743,10468047.886946697
9,1,0.4431129244495274,0.8643554390057713,0.8289054962619531,0.5484300441202408,0.06721142216456161,0.11179629746181456,8.999999999997e-05,0.00010160188903397,0.6,0.7,0.6,3,10057272.408169238,10481914.173886027
9,2,0.45354264800703775,0.8747946090690716,0.8393443652927878,0.5615239059977887,0.07766362259611939,0.12859046078157632,0.00035999999999989003,0.00040640755613596,0.6,0.7,0.6,5,10056547.18708844,10482293.002962204
9,3,2.264536051723004,2.6925734359233453,2.6592183550047714,2.390046918261779,1.9166982662805379,1.0,1.0,1.0,0.6,0.7,0.6,6,9758203.204112926,10368229.79133408
9,4,2.237081251336443,2.6773468302561447,2.6433829488189184,2.373923009188461,1.9425882795147844,1.0,1.0,1.0,0.6,0.7,0.6,7,8744568.482790684,9080848.638409516
9,5,2.2179662834303704,2.6661327352482664,2.6317201993624457,2.3562467609838826,1.931720954658346,1.0,1.0,1.0,0.6,0.7,0.6,8,8385611.357232888,8840016.401866732
9,9,1.9391696630495985,2.2816954148517326,2.2387428546560546,2.008559397878551,1.9001563505511112,1.0,1.0,1.0,0.6,0.7,0.6,15,1203453.4640430675,489170.8321855596
9,10,1.937042439736706,2.2686440784414432,2.218335153662387,1.9831840177071527,1.9136172602208998,1.0,1.0,1.0,0.6,0.7,0.6,17,1113870.6806804205,444044.142605978
9,11,1.9289653672071059,2.227061907107936,2.1750899973418893,1.9461560047518116,2.017716650506587,1.0,1.0,1.0,0.6,0.7,0.6,18,1072860.7746762831,1150256.03933465
9,12,1.9270941924331892,2.216052694383462,2.1636406814917213,1.9440968763348412,1.931268762137003,1.0,1.0,1.0,0.6,0.7,0.6,19,1000155.889364321,1030765.2021576284
9,13,1.9263698033324492,2.2127257298931347,2.162458770602214,1.9479142001977356,1.9062987005495562,1.0,1.0,1.0,0.6,0.7,0.6,21,988643.0623060848,949918.9105753852
9,14,1.9258596254921314,2.209525490956848,2.1591306331980578,1.9583088976562415,1.9045241408598006,1.0,1.0,1.0,0.6,0.7,0.6,23,1002568.5590971956,995587.7295273384
9,15,1.9256476228298425,2.2115743137908943,2.1680956769944557,2.0291565353309746,1.9003458165746516,1.0,1.0,1.0,0.6,0.7,0.6,34,1172115.9468447105,1276368.720182303
9,16,1.925595473989139,2.211285971285776,2.1677957998049844,2.0151757005613073,1.9009397041055531,1.0,1.0,1.0,0.6,0.7,0.6,35,1587037.8959176564,958484.238293738
9,17,1.923597618852551,2.1981224241426136,2.15410572834991,2.011534585699829,1.9186318845915658,1.0,1.0,1.0,0.6,0.7,0.6,37,1323375.898090211,1698358.9608886384
9,18,1.9232328703752883,2.1967658466257927,2.1549731367944736,2.019263247055279,1.9035418783552487,1.0,1.0,1.0,0.6,0.7,0.6,39,1308082.4349396152,1701239.5198270772
9,19,1.9230873313873147,2.195756787423466,2.1539238044403586,2.018196495577336,1.9028516957978208,1.0,1.0,1.0,0.6,0.7,0.6,40,1387122.9870267906,1503941.0586280988
9,20,1.9228863271796959,2.195498032823035,2.155932934048005,2.0306855405434767,1.9039636720714372,1.0,1.0,1.0,0.6,0.7,0.6,41,1346943.6383788078,1588671.4460310296
9,21,1.9228395070497561,2.1951706119532344,2.1555924509663043,2.0373252038733947,1.9004637012499979,1.0,1.0,1.0,0.6,0.7,0.6,43,1349929.28043382,1582030.4115209682
9,22,1.9219255220970082,2.1897560253953543,2.1522392247092625,2.0741040463017653,1.9184213618269332,1.0,1.0,1.0,0.6,0.7,0.6,44,1538698.676616917,1056382.827902342
9,23,1.921141286186233,2.185226563797524,2.14980673557223,2.0239859869201657,1.9081558838138584,1.0,1.0,1.0,0.6,0.7,0.6,46,934455.259747806,1163127.4654564203
9,24,1.9206531098918287,2.1803158090128667,2.1424215760805496,2.075164367900154,1.9052012545832255,1.0,1.0,1.0,0.6,0.7,0.6,48,1588364.653317426,871725.679229451
9,25,1.9202038747664698,2.17572717160566,2.135371430062831,2.0710739103472493,1.9097493682591957,1.0,1.0,1.0,0.6,0.7,0.6,49,1755853.2447471456,633804.5841038175
9,26,1.919411190352943,2.174068853287258,2.142759086549349,2.1066221362966613,1.908817879109134,1.0,1.0,1.0,0.6,0.7,0.6,51,1382040.420069233,741550.8920598688
9,27,1.9181688758976727,2.166169720129126,2.139100572947356,2.1037087671801715,1.9072061074939786,1.0,1.0,1.0,0.6,0.7,0.6,55,1079793.6499890387,1254618.212836175
9,28,1.916712197208453,2.153505817791542,2.125930114227407,2.097964644801378,1.9358366069516806,1.0,1.0,1.0,0.6,0.7,0.6,56,886174.802037385,1031907.8157899708
9,29,1.9165044412849372,2.151631172811507,2.123980674686816,2.1038575851523365,1.9053061717742068,1.0,1.0,1.0,0.6,0.7,0.6,57,893893.1955000949,1066969.072697105
9,30,1.9164127739348276,2.151941287548377,2.1265811164527646,2.1226023627791464,1.901178693216644,1.0,1.0,1.0,0.6,0.7,0.6,59,861002.9702251724,950311.6957187784
9,31,1.9163353478953624,2.1502410995535297,2.1225347957716845,2.0677050582043477,1.9020012215030997,1.0,1.0,1.0,0.6,0.7,0.6,60,532138.7186534026,1561313.7692381789
9,32,1.9153542905770071,2.141026421161493,2.112951686300874,2.0579613760463578,1.9129890055838872,1.0,1.0,1.0,0.6,0.7,0.6,62,566466.812004135,1383046.1497905422
9,33,1.9145396480562624,2.1329581345105226,2.1045607729602094,2.0723198385491757,1.9225451755199896,1.0,1.0,1.0,0.6,0.7,0.6,63,662904.514563593,1383680.4221446118
9,34,1.9135878376887199,2.124349170771058,2.0978852950725555,2.085475092288173,1.9068905688935507,1.0,1.0,1.0,0.6,0.7,0.6,67,583427.2474874165,1284735.484087214
9,35,1.9129566002284664,2.117610385912808,2.0908770628967432,2.0863165001636004,1.9190672721996735,1.0,1.0,1.0,0.6,0.7,0.6,68,588502.7350889698,1274548.7945308958
9,36,1.9103970172650144,2.087615507969893,2.0596827009208383,2.070422682284184,1.928297454926728,1.0,1.0,1.0,0.6,0.7,0.6,71,601532.1381824756,1220580.9232900513
9,37,1.910338061375135,2.088010478584358,2.062371726551242,2.0817017215671,1.9010589226242494,1.0,1.0,1.0,0.6,0.7,0.6,73,596291.0466779605,1236080.5443013553
9,38,1.9099659838720568,2.084366141946577,2.0608598556297038,2.0967961041659575,1.913557898148329,1.0,1.0,1.0,0.6,0.7,0.6,74,584621.6765100852,1286295.0036765405
9,39,1.9092809168863365,2.0740812746246036,2.0478853515522,2.0778735756688818,1.9086151957372262,1.0,1.0,1.0,0.6,0.7,0.6,77,807207.8742838843,1171135.974149287
9,40,1.9090434631091866,2.0719534576676635,2.0479507490360263,2.082949131957118,1.903085090992131,1.0,1.0,1.0,0.6,0.7,0.6,80,770507.1785224032,1204452.1264227133
9,41,1.9090120386506912,2.071516338245577,2.0474961770711784,2.0903617807700754,1.9006183459128492,1.0,1.0,1.0,0.6,0.7,0.6,82,732133.1397366031,1237763.1059087135
9,42,1.9090110838687644,2.0715032190802907,2.047482503051833,2.094284993857204,1.9000371869545578,1.0,1.0,1.0,0.6,0.7,0.6,83,672140.423249597,1340958.2351380072
9,43,1.9089905727734688,2.0712173887557586,2.0471852417617153,2.1018571895207816,1.900809028388779,1.0,1.0,1.0,0.6,0.7,0.6,84,736795.3939528691,1236267.0578249476
9,44,1.908873003036339,2.0695710730779378,2.0454730761828963,2.100117274907881,1.9046584663968442,1.0,1.0,1.0,0.6,0.7,0.6,85,695782.9157828827,1287707.206065241
9,45,1.908153251951438,2.060323178075921,2.038133576025378,2.1104415328563078,1.9294245748158154,1.0,1.0,1.0,0.6,0.7,0.6,86,763802.844735499,969999.38169643
9,46,1.9080512785358046,2.0679501583371596,2.0642906076312086,2.2274530900905765,1.9003576158377342,1.0,1.0,1.0,0.6,0.7,0.6,98,702057.1705802517,1064997.6266113475
9,47,1.907585415444438,2.059716346898643,2.053449250571589,2.219959600483736,1.920057314514957,1.0,1.0,1.0,0.6,0.7,0.6,99,606806.9970138969,1384770.3966794857
9,48,1.9072646030332145,2.054679145691122,2.048210555403589,2.231680883598868,1.9071277609071338,1.0,1.0,1.0,0.6,0.7,0.6,101,691920.9886361544,1219412.3030482775
9,49,1.9072543797625698,2.055659733513466,2.0515086099651856,2.2315088815789936,1.900230202691323,1.0,1.0,1.0,0.6,0.7,0.6,103,699718.9077181442,1207715.009517797
9,50,1.9072508834260096,2.055604186409382,2.0514507034658704,2.2399729414864984,1.9000788307333454,1.0,1.0,1.0,0.6,0.7,0.6,105,699546.6435094425,1208027.0431440475
9,51,1.9072358333121593,2.054220812299636,2.0477339266510146,2.205745518628342,1.900678475226615,1.0,1.0,1.0,0.6,0.7,0.6,106,678574.4527698393,1256079.0935227654
9,52,1.90722845554895,2.057533261968796,2.05801322206328,2.2661725098707355,1.9003330209601796,1.0,1.0,1.0,0.6,0.7,0.6,107,681279.1593730142,1249458.2379958804
9,53,1.906386038880242,2.042464923678558,2.0400644070092073,2.2811283557437023,1.909851672761791,1.0,1.0,1.0,0.6,0.7,0.6,111,727703.4823021766,1223270.8025068643
9,54,1.9063813436811068,2.0423845338997837,2.039980757682168,2.293932633554717,1.9001138893376162,1.0,1.0,1.0,0.6,0.7,0.6,113,727609.9287937239,1223216.250985526
9,55,1.9063583534592468,2.0419898424164944,2.039570358745032,2.292556299440113,1.9005580601938545,1.0,1.0,1.0,0.6,0.7,0.6,115,726235.6577349749,1229455.4861543945
9,56,1.9062517763264988,2.0401506470958495,2.0376574823431253,2.294874036193494,1.9052011350376832,1.0,1.0,1.0,0.6,0.7,0.6,116,725123.8605260381,1222500.4086156471
9,57,1.9060717695782214,2.0404339652397945,2.044786580959499,2.382991834561179,1.9008100115175761,1.0,1.0,1.0,0.6,0.7,0.6,127,634241.9666335628,789670.6080160313
9,58,1.9060715262662091,2.0415730995702774,2.0482494966325944,2.41035505451469,1.9000060293276197,1.0,1.0,1.0,0.6,0.7,0.6,129,634229.5601313589,789568.7389682676
9,59,1.905979839165569,2.0433807530680004,2.056963711352391,2.431693157808786,1.9004599109453215,1.0,1.0,1.0,0.6,0.7,0.6,139,2832153.4499894697,1098955.3693052556
9,60,1.905220805969107,2.0374073458951667,2.066698424081161,2.527886475751105,1.9024641522143813,1.0,1.0,1.0,0.6,0.7,0.6,155,694314.6401523718,678231.657419203
10,0,0.2654304385222509,0.7303763106953297,0.6922557904864375,0.4066648719571122,0.0,0.0,0.0,0.0,0.6,0.7,0.6,1,21782892.58258406,10544317.32221802
10,1,0.26542988079916546,0.7303760315641534,0.6922556121296637,0.4083398250189758,3.841864982196215e-07,0.0,0.0,0.0,0.6,0.7,0.6,3,21780241.630061824,10542984.109440068
10,2,0.627214688333981,1.0934669603648013,1.0576533115684346,0.7921037766831757,0.36356590522988513,0.12590502878213394,0.22833899519726514,0.2116498303267893,0.6,0.7,0.6,4,21794703.083272327,10563183.787189215
10,3,1.639407267807353,2.10599121464173,2.070142795676919,1.7907873719420553,1.3782276023747515,0.12627466231345627,1.0,1.0,0.6,0.7,0.6,5,21514076.211499937,10456451.80119805
10,4,1.6123702543028342,2.0827313272241197,2.0439638911912135,1.7769295805557865,1.389660339742672,0.11422429338646811,1.0,1.0,0.6,0.7,0.6,7,20090698.724396773,9800062.150211686
10,5,1.6004001071034621,2.0715140641529093,2.0326322459436907,1.7678989316615366,1.3682437884709873,0.10029455455115652,1.0,1.0,0.6,0.7,0.6,8,19739590.98762645,9635614.380588328
10,6,1.564264936178017,2.0403900312657606,2.0002796279538395,1.7373710813836292,1.4466560190167321,0.0996231285119912,1.0,1.0,0.6,0.7,0.6,9,15271538.819367774,7693337.66312468
10,7,1.562204045419916,2.039688263419875,2.001759331136094,1.7489734777725916,1.3648228316235245,0.10247207393699032,1.0,1.0,0.6,0.7,0.6,12,15545092.493560428,7710127.569718475
10,8,2.005561364026933,2.4560404684379398,2.4109480441366427,2.167648388660403,2.071283934086596,1.0,1.0,1.0,0.6,0.7,0.6,14,9558418.971503044,4302766.576545369
10,9,1.9576830613871339,2.3465317253516704,2.299337725626521,2.0585617650546832,2.0565431042793487,1.0,1.0,1.0,0.6,0.7,0.6,16,3319916.833971993,1625600.0027912206
10,10,1.9345589243271641,2.256799146975125,2.206016467443141,1.9663778630896513,2.153970005348815,1.0,1.0,1.0,0.6,0.7,0.6,17,1788789.333985159,654292.7834326285
10,11,1.9338576782055399,2.2544254154518644,2.205826220217466,1.9708836692794884,1.9049344807339526,1.0,1.0,1.0,0.6,0.7,0.6,19,1797686.3950063104,602895.9192262554
10,12,1.9315126516067695,2.2422882336439596,2.193203554602946,1.97813713997938,1.9171734723060685,1.0,1.0,1.0,0.6,0.7,0.6,21,1711145.861433029,533869.6764898427
10,13,1.9314056568251727,2.2417160147325434,2.1926084375001302,1.9865415770629107,1.900809608989222,1.0,1.0,1.0,0.6,0.7,0.6,23,1705618.995721764,536949.1749854245
10,14,1.931110921465399,2.2412744292116358,2.1944274387866174,1.9818629267838466,1.9044856713487492,1.0,1.0,1.0,0.6,0.7,0.6,24,1876378.1704756937,599165.4716819503
10,15,1.9300637533932212,2.234393008322296,2.1849925437950604,1.981337274836382,1.916237783412365,1.0,1.0,1.0,0.6,0.7,0.6,25,1865021.5924008545,588137.3435797608
10,16,1.930058974871844,2.2343664908605474,2.1849650173995956,1.9907848322284551,1.9000376123339686,1.0,1.0,1.0,0.6,0.7,0.6,27,1865011.672034588,588208.7142954079
10,17,1.9300019264485995,2.2340488395819174,2.1846346412017583,1.9896659213661159,1.9008985685298154,1.0,1.0,1.0,0.6,0.7,0.6,28,1873596.745654251,588534.2101595877
10,18,1.9299898333294285,2.23512461113538,2.188031564868448,1.999385777482166,1.9000953916583825,1.0,1.0,1.0,0.6,0.7,0.6,30,1868384.6989398336,586579.9152855936
10,19,1.9299887512821918,2.236262070678805,2.1914925186170287,2.0224038442453205,1.9000084527384873,1.0,1.0,1.0,0.6,0.7,0.6,32,1864778.735326752,585625.5512926916
10,20,1.9298350240757687,2.236550971446276,2.194071319761057,2.028363945059762,1.901214882949668,1.0,1.0,1.0,0.6,0.7,0.6,34,1844646.2320102963,593210.3294494671
10,21,1.9295013611432545,2.233526864282235,2.188648084784152,2.019825351640501,1.9053107536678628,1.0,1.0,1.0,0.6,0.7,0.6,35,1590287.3936506344,408356.2026281231
10,22,1.92939053144864,2.2328996565290873,2.1879956557046016,2.028981209337484,1.9017718833031738,1.0,1.0,1.0,0.6,0.7,0.6,36,1604133.3871610845,448421.8767994712
10,23,1.9264730387400415,2.216757500603621,2.1734861537771892,2.0074397129043633,1.9489207907417265,1.0,1.0,1.0,0.6,0.7,0.6,37,1653906.0198478254,404134.0530877683
10,24,1.9264253688732595,2.217604384592517,2.1766452684117845,2.0206070525830637,1.9002151252216892,1.0,1.0,1.0,0.6,0.7,0.6,41,1607208.9458285414,400649.5430062174
10,25,1.9260363401151714,2.2151759433587017,2.174119736490946,2.03518037000405,1.9022831929656117,1.0,1.0,1.0,0.6,0.7,0.6,44,1618527.7528023762,385199.2168028255
10,26,1.9258664917270099,2.215248796595716,2.1764734513860966,2.044555535409791,1.9015143595769297,1.0,1.0,1.0,0.6,0.7,0.6,46,1991806.346540238,504109.68248578906
10,27,1.9246078807940208,2.2106785818461456,2.1785548749395,2.1498370954283232,1.901640881799635,1.0,1.0,1.0,0.6,0.7,0.6,60,2941791.1895594667,7564790.68009381
10,28,1.9239349803633372,2.203794927907395,2.166839569686935,2.156158750750176,1.912686151678967,1.0,1.0,1.0,0.6,0.7,0.6,61,2638673.881833901,2895059.034552759
10,29,1.923618366578927,2.2029368786714474,2.1682254612737206,2.1395858352433366,1.90607171062338,1.0,1.0,1.0,0.6,0.7,0.6,62,1701577.068280836,618117.1528303189
10,30,1.9235371694215622,2.2035487342098983,2.171139989318807,2.143038232964631,1.901567884539754,1.0,1.0,1.0,0.6,0.7,0.6,63,1665293.9177006313,683736.5015537008
10,31,1.9203203276635863,2.181321797772254,2.150301972881566,2.149055210205067,1.9659989938925033,1.0,1.0,1.0,0.6,0.7,0.6,64,1394014.9119995476,1384095.4903406354
10,32,1.91982455784072,2.1785101094333776,2.149656321359431,2.1568793117915037,1.9054562264335058,1.0,1.0,1.0,0.6,0.7,0.6,66,1372303.5208290615,1329476.597120189
10,33,1.919563307138214,2.175721309850958,2.1444776729720343,2.1425294394278005,1.9058389228340524,1.0,1.0,1.0,0.6,0.7,0.6,67,1931368.1794748849,1003454.9713795691
10,34,1.919280473305999,2.170937280620341,2.1349460491566727,2.150138944016975,1.9063917534705395,1.0,1.0,1.0,0.6,0.7,0.6,68,1855470.991704584,2853822.771872757
10,35,1.9191095070697295,2.168417563491875,2.1300474209045674,2.1178148042720766,1.9038980971388706,1.0,1.0,1.0,0.6,0.7,0.6,69,1643460.7389889483,1018783.625330654
10,36,1.9184847467824047,2.163281270716767,2.124705694973413,2.125532515451408,1.9072452310450076,1.0,1.0,1.0,0.6,0.7,0.6,71,1591823.9409722935,1039880.3450143762
10,37,1.9184633613844788,2.169927942286838,2.145286996560509,2.1928928444642404,1.900502361681525,1.0,1.0,1.0,0.6,0.7,0.6,72,1466091.3023829642,1317661.103499579
10,38,1.9174516475586856,2.1566089190784763,2.1223229673763466,2.1471582440925303,1.9243232792586369,1.0,1.0,1.0,0.6,0.7,0.6,73,1612340.9484786035,937033.3595650016
10,39,1.9174046176548663,2.16077523101594,2.1357682738851382,2.1996527188985913,1.9005789699808209,1.0,1.0,1.0,0.6,0.7,0.6,75,1459062.6421477424,1456460.984872467
10,40,1.9171181673490447,2.158269749577465,2.133162481415967,2.1962922336857,1.9071015631342205,1.0,1.0,1.0,0.6,0.7,0.6,76,1567546.774928542,1292573.2994908823
10,41,1.9163093872165762,2.149854223743177,2.122132541793897,2.1972796091928704,1.9068531530886488,1.0,1.0,1.0,0.6,0.7,0.6,79,1710421.1053383995,868314.8540112522
10,42,1.9159681316546364,2.147849782766162,2.1223258805369896,2.2019196492086492,1.9029699885376457,1.0,1.0,1.0,0.6,0.7,0.6,82,1626508.9729686251,383882.0161014854
10,43,1.9158860624784242,2.148227447247697,2.1249968921332116,2.2460349280600274,1.9010823415583356,1.0,1.0,1.0,0.6,0.7,0.6,84,1622996.2567318082,440319.0136815813
10,44,1.915751006446465,2.146962145625526,2.1236810353063778,2.231633096357606,1.9035799542767884,1.0,1.0,1.0,0.6,0.7,0.6,85,1616309.0707741322,427295.4091464295
10,45,1.9156952035173158,2.1452937785847768,2.119667651176242,2.2180056932851553,1.90074203147553,1.0,1.0,1.0,0.6,0.7,0.6,87,1509943.7189239194,921570.4303101372
10,46,1.9145208859219953,2.1384768369971625,2.1216905737077503,2.292508637509909,1.9322424778844116,1.0,1.0,1.0,0.6,0.7,0.6,88,2007451.7567996203,2503640.279058712
10,47,1.9115031405214804,2.101147508265772,2.073756001631132,2.216280426905388,1.9926870209878436,1.0,1.0,1.0,0.6,0.7,0.6,89,1665528.102226869,842814.5422341572
10,48,1.911331124450332,2.100247868484555,2.075098433617303,2.230054092330176,1.9028917128436302,1.0,1.0,1.0,0.6,0.7,0.6,91,1667500.7540831724,865522.168611728
10,49,1.9113265981556338,2.1001937170363525,2.075042191781213,2.2339796682747113,1.9000765203427088,1.0,1.0,1.0,0.6,0.7,0.6,93,1667042.446182794,865698.9409261368
10,50,1.9112350089676196,2.102525578883168,2.084301643159343,2.2722676919478695,1.9031068225627377,1.0,1.0,1.0,0.6,0.7,0.6,94,1803698.89315412,1405250.701446384
10,51,1.9112344512900035,2.102518879734937,2.0842947466974127,2.2803989888178693,1.900018927378119,1.0,1.0,1.0,0.6,0.7,0.6,95,1803169.0099832653,1404199.212223037
10,52,1.9112278554438156,2.1024396064808677,2.084212286415534,2.2803151556384407,1.9002242581757698,1.0,1.0,1.0,0.6,0.7,0.6,96,1803903.2429268053,1405145.0758905692
10,53,1.9107888249222484,2.0959467361889383,2.075181666778536,2.2729204921525463,1.905046089810797,1.0,1.0,1.0,0.6,0.7,0.6,99,2339687.079463717,2123169.495221681
10,54,1.9102676447303812,2.0905427566157577,2.0718396769982603,2.2921558349635327,1.909264122802449,1.0,1.0,1.0,0.6,0.7,0.6,101,2316260.583050676,2172838.2546978504
10,55,1.9099621357468917,2.085463406600615,2.0642793117021845,2.2920720363616263,1.9022314045144277,1.0,1.0,1.0,0.6,0.7,0.6,106,3400018.514990702,16605715.66444393
10,56,1.9097670336844033,2.0840434663067735,2.065080430879051,2.2993294914689124,1.9072455157599335,1.0,1.0,1.0,0.6,0.7,0.6,107,3228688.894804557,16653315.28102909
10,57,1.9089519372999186,2.071823103408331,2.050093408415194,2.265444026979822,1.931342909678273,1.0,1.0,1.0,0.6,0.7,0.6,108,5461812.548480855,30156255.74237798
10,58,1.9088864585815464,2.072048362267606,2.0526056230302356,2.282539217833966,1.9012983638659922,1.0,1.0,1.0,0.6,0.7,0.6,110,4969515.891957664,28617667.655202407
10,59,1.9088601763434325,2.0705349130297037,2.0487537112328917,2.29663456969694,1.9005229218432689,1.0,1.0,1.0,0.6,0.7,0.6,112,5458333.5235272525,30051823.7401548
10,60,1.9088384270067098,2.0748075739453378,2.0623096583938656,2.353896417917975,1.9000774994166076,1.0,1.0,1.0,0.6,0.7,0.6,127,1760229.5962468714,3879482.658962304
10,61,1.9088294969302098,2.078112487072737,2.0725810466558134,2.397557945524685,1.900261984959148,1.0,1.0,1.0,0.6,0.7,0.6,128,1733657.653411138,3986275.1860370175
10,62,1.9087865359262124,2.075220967217439,2.065017708746836,2.3879273937066086,1.9017641726146426,1.0,1.0,1.0,0.6,0.7,0.6,129,1634364.3695455692,3934593.296586972
10,63,1.9087570096549786,2.0713686778533136,2.054177005662055,2.400901147619598,1.9001503091430707,1.0,1.0,1.0,0.6,0.7,0.6,137,1763366.4264827217,3752422.094554557
10,64,1.9086265665977624,2.071792398978938,2.059173849044415,2.49920136638839,1.900170074651153,1.0,1.0,1.0,0.6,0.7,0.6,149,1010797.1711138972,426061.4031538185
10,65,1.908545762386575,2.071778163288947,2.061437255959628,2.509382766660064,1.9023409974176646,1.0,1.0,1.0,0.6,0.7,0.6,150,1171548.8839436264,700284.3464556193
10,66,1.908325221974719,2.0685765286967785,2.0581075727967635,2.510224392931153,1.9091397111701758,1.0,1.0,1.0,0.6,0.7,0.6,151,1013070.2993241752,446871.7216681964
10,67,1.9081918628688275,2.0677575578255123,2.0595340702757796,2.5237076401052554,1.9027645290787794,1.0,1.0,1.0,0.6,0.7,0.6,153,939384.461548463,442691.951909817
10,68,1.9081894099970023,2.0677218290349457,2.059496972066773,2.515147529027131,1.9000633032631717,1.0,1.0,1.0,0.6,0.7,0.6,154,939814.4325096916,442937.31360405777
10,69,1.9081678455788684,2.0685480573167956,2.0626342677226734,2.5318593143776655,1.901234330212644,1.0,1.0,1.0,0.6,0.7,0.6,155,942298.040379382,461513.6707164242
10,70,1.9080469047511723,2.0656029442756476,2.0572933146708734,2.546999269908621,1.902488032887526,1.0,1.0,1.0,0.6,0.7,0.6,157,926129.4265596216,443696.4143671651
10,71,1.907248550117688,2.0578562167397756,2.058349067868855,2.526345548931374,1.9044399464307573,1.0,1.0,1.0,0.6,0.7,0.6,166,6245898.429935401,18800464.671134923
10,72,1.9070068696568154,2.05282236510637,2.0508359671179077,2.5612040779903014,1.9087447436584117,1.0,1.0,1.0,0.6,0.7,0.6,168,1761082.707717629,21605892.43524414
10,73,1.9069370669637857,2.055114869457327,2.060054634247033,2.6597131331091894,1.9001392962169206,1.0,1.0,1.0,0.6,0.7,0.6,185,1782491.0262782688,20463620.95224126
10,74,1.9065851291119107,2.053853754802801,2.0678556622835886,2.705012990580459,1.9085032361527294,1.0,1.0,1.0,0.6,0.7,0.6,187,3764639.438402261,4882748.508641119
10,75,1.9064412024349493,2.0502680357120426,2.061848308871603,2.673102070516879,1.9011648465005457,1.0,1.0,1.0,0.6,0.7,0.6,190,3499216.213521776,4642356.279183077
10,76,1.9060842770199606,2.045242837145102,2.0589003686575067,2.6665913041531026,1.9093838549065962,1.0,1.0,1.0,0.6,0.7,0.6,192,4426858.2558791945,4598090.57177972
10,77,1.9060778408341483,2.0462613868074233,2.0622377211616567,2.68686410109152,1.900801533331049,1.0,1.0,1.0,0.6,0.7,0.6,194,4076660.707673905,4849930.930257719
10,78,1.9059731099183255,2.0432665884168935,2.056845104097634,2.691061135280101,1.9010145722194154,1.0,1.0,1.0,0.6,0.7,0.6,196,4024708.324671163,4679207.235794988
10,79,1.9059657467311246,2.0431340011081507,2.0567071748590195,2.6909199689564036,1.9004338468284256,1.0,1.0,1.0,0.6,0.7,0.6,198,4422328.8272688165,4621360.424341716
10,80,1.905936985448066,2.0449081588647178,2.0631084589326694,2.718103545913022,1.900777801608879,1.0,1.0,1.0,0.6,0.7,0.6,200,4324851.344732782,4284650.483271416
11,0,0.3207424254583428,0.7666538731544196,0.729984193428159,0.4450085645675776,0.0,0.0,0.0,0.0,0.6,0.7,0.6,1,15884008.955617934,10498899.725919778
11,1,0.8172572231246368,1.2647009162389546,1.2303317208014042,0.9653942149139897,0.4980354239805397,0.14364287043826435,0.27239851149908917,0.3677026470650437,0.6,0.7,0.6,4,15817033.846868232,10469215.63696487
11,2,0.436095885296269,0.8835781349566778,0.8492065721176154,0.5883946754933975,0.11658416266079373,0.10004337227508435,0.036795830631246966,0.05106313914077456,0.6,0.7,0.6,5,15819612.43236065,10466715.94219551
11,3,2.1779203064159467,2.640321196244569,2.604876434724185,2.3410965092951592,1.975941640898586,1.0,1.0,1.0,0.6,0.7,0.6,6,13031529.023193285,8936574.763243428
11,4,2.177580279664891,2.6412303264857804,2.6081001739632517,2.3491105417248073,1.9003318036976182,1.0,1.0,1.0,0.6,0.7,0.6,8,12949330.848679245,8902021.07994211
11,5,2.0711352337118,2.5472934743317945,2.5058504351221584,2.249521214094029,2.030390594089875,1.0,1.0,1.0,0.6,0.7,0.6,10,8802879.82954304,5675949.496322546
11,6,2.0651895879678395,2.5403922351289374,2.498673180176786,2.2463771565246042,1.9189441309675854,1.0,1.0,1.0,0.6,0.7,0.6,11,8471145.749550162,5453062.169988168
11,7,1.9359673633761991,2.263683080045052,2.2131757083543326,1.9555765354352475,2.6857188876457436,1.0,1.0,1.0,0.6,0.7,0.6,12,1443195.7003600325,532516.5050796258
11,8,1.9355332298938581,2.2627879063626555,2.2145228965211454,1.9607997493384475,1.9029391515659455,1.0,1.0,1.0,0.6,0.7,0.6,14,1480254.6334669355,553947.7356395427
11,9,1.9355210080831005,2.2638795883931673,2.2179366451768554,1.9683961183094758,1.9000832565579957,1.0,1.0,1.0,0.6,0.7,0.6,16,1486766.765143675,558256.6470165713
11,10,1.9354761845034458,2.2636557251897744,2.2177037706821774,1.9760592231709753,1.9006106361552586,1.0,1.0,1.0,0.6,0.7,0.6,17,1485658.6158993694,556051.0410950743
11,11,1.9351305415955684,2.260755273136834,2.212409130939377,1.9796579624800423,1.902366059337174,1.0,1.0,1.0,0.6,0.7,0.6,19,1435807.5011255478,509607.120224973
11,12,1.933474823891776,2.2524949442365694,2.2038185174640117,1.9859234572067797,1.911624252798354,1.0,1.0,1.0,0.6,0.7,0.6,21,1469056.8490145945,490569.42132561904
11,13,1.931049057064686,2.2409397509312514,2.19407934581589,1.996664830873566,1.9179670186153808,1.0,1.0,1.0,0.6,0.7,0.6,23,1444730.0145223625,429387.9926369107
11,14,1.9309009951211369,2.240137527930563,2.19324493337453,1.9804633752877319,1.9007570094502961,1.0,1.0,1.0,0.6,0.7,0.6,26,1448038.755261093,421497.1421488514
11,15,1.9308723557161769,2.2411253731634915,2.196550478920637,2.0179773874934583,1.9004403745470122,1.0,1.0,1.0,0.6,0.7,0.6,27,1469641.988728855,448493.8178798083
11,16,1.5799009389759315,1.8829504415237777,1.8448299542166713,1.752234982389664,1.5537715943440822,0.4188852661673021,1.0,1.0,0.6,0.7,0.6,42,711667.6121347183,1561213.3009074165
11,17,1.6233167518836145,1.9157715009475136,1.8771425199173462,1.7878913783095856,1.6328472665633966,0.494776809903765,1.0,1.0,0.6,0.7,0.6,43,720444.0839025378,857484.5853745285
11,18,1.619658067855593,1.9054732899819502,1.8710684756018554,1.822110293807698,1.5986145937600162,0.49144919215175487,1.0,1.0,0.6,0.7,0.6,51,1892884.9695032025,621896.2872210037
11,19,1.5852085098840316,1.8638670356223073,1.826854854804695,1.7631640965877216,1.5715905777599355,0.4358177539214528,1.0,1.0,0.6,0.7,0.6,53,1541563.0660235265,702530.6825155079
11,20,1.5891993449862074,1.8644305271398034,1.8317995007323895,1.8028405628427304,1.5758108142314824,0.44406735195792696,1.0,1.0,0.6,0.7,0.6,55,2206016.6705719265,841820.4153551435
11,21,1.5880457118090938,1.863216594779674,1.8305827831513186,1.8090936202661991,1.5653965229998237,0.4421613664517576,1.0,1.0,0.6,0.7,0.6,57,2215082.0971552087,841034.2511079459
11,22,1.5770395847421597,1.846729032037842,1.8115686874130024,1.7704801166310773,1.5696505739277806,0.4250280922649545,1.0,1.0,0.6,0.7,0.6,58,1361654.476725985,780394.3418553116
11,23,1.56658115040466,1.8314421036569755,1.79605880587479,1.7585264485803576,1.5607718159114432,0.4088421551558918,1.0,1.0,0.6,0.7,0.6,59,1326203.6435588114,731969.4174650771
11,24,1.5804428365964145,1.8385692516306107,1.8028753703130813,1.7689073274743525,1.5822913772244354,0.43366358253838494,1.0,1.0,0.6,0.7,0.6,60,1232942.7453540813,749133.0517127222
11,25,1.5672438002170739,1.8175885982228936,1.7815383601792525,1.7511008505501473,1.5733792726424296,0.41354700109393194,1.0,1.0,0.6,0.7,0.6,61,910311.667590798,1071989.998627802
11,26,1.5997465588916877,1.849695471467974,1.8136272441576264,1.7914121929367681,1.581923610481629,0.46780838892939397,1.0,1.0,0.6,0.7,0.6,62,884439.3821370112,939680.6731286792
11,27,1.5562649984837502,1.8011665014291869,1.7671404511469406,1.7450768994690935,1.5580416942050013,0.39676521572542567,1.0,1.0,0.6,0.7,0.6,63,869088.7418136456,1123239.3065299655
11,28,1.5501319220111522,1.7716734136075716,1.7388691539556502,1.732410539290326,1.5609176177161692,0.3916299862959325,1.0,1.0,0.6,0.7,0.6,66,1255290.1221909192,995032.0117533284
11,29,1.568533547432528,1.7887809835835484,1.7559189366672676,1.7608031261283315,1.5576102179008138,0.42254685278776405,1.0,1.0,0.6,0.7,0.6,67,1049090.255849664,802633.2373235471
11,30,1.5685238683960618,1.787572853515671,1.7523846671522874,1.759689297705667,1.553611309961539,0.42254118626949105,1.0,1.0,0.6,0.7,0.6,69,1048543.0665089112,802496.2954864007
11,31,1.5685238529503622,1.7887161748137985,1.7558516850311867,1.7721019383177778,1.5535248936647155,0.4225411862694911,1.0,1.0,0.6,0.7,0.6,71,1048533.2347944926,802503.6835760869
11,32,1.5685235131125537,1.7898561465378107,1.7593153735836364,1.7921919154666175,1.553529389309149,0.42254118626949105,1.0,1.0,0.6,0.7,0.6,73,1048280.4297885158,802696.4365349928
11,33,1.5521613288260672,1.772014271552004,1.7414076588206653,1.7780966990027074,1.5419950113672019,0.39555137873461227,1.0,1.0,0.6,0.7,0.6,74,1450519.346105362,1005724.6473101988
11,34,1.5825500890656552,1.7933196933220676,1.7645830831162415,1.8023975885423007,1.584896201041372,0.4480674123714228,1.0,1.0,0.6,0.7,0.6,76,1056485.8950392648,750376.1670001755
11,35,1.582564714260256,1.7954094875247617,1.7713112604799348,1.8422197445435229,1.5695397590538334,0.44812918492505444,1.0,1.0,0.6,0.7,0.6,77,1056408.3256505611,748529.570954578
11,36,1.5030213157853995,1.7063585270816577,1.6795673202619361,1.8183638312896755,1.4930992492991275,0.3169961156122984,1.0,1.0,0.6,0.7,0.6,86,921490.6917618628,291527.0006777854
11,37,1.5800384311089257,1.782365616440389,1.757803579402816,1.887277312789469,1.5708177543417134,0.445720164180507,1.0,1.0,0.6,0.7,0.6,88,1083466.0345806982,478056.5815931636
11,38,1.5178629827497132,1.7165393264619322,1.6940908555970298,1.8566182696883167,1.5205479671628939,0.3428721208524307,1.0,1.0,0.6,0.7,0.6,89,852567.2242628343,553771.5974853361
11,39,1.4939849873508564,1.686066276392252,1.6656029031923416,1.8009308624893832,1.50671223270062,0.30429755390729235,1.0,1.0,0.6,0.7,0.6,90,1117805.5923932022,679587.3543433173
11,40,1.4907538369544426,1.6402875782457853,1.6179850330134613,1.7648459349783217,1.6127825124654769,0.3046496098939659,1.0,1.0,0.6,0.7,0.6,91,908049.133276314,708729.256853824
11,41,1.4906973928468696,1.6405775955379616,1.6205646664891016,1.777073778566883,1.4839941592650634,0.3046496098939659,1.0,1.0,0.6,0.7,0.6,93,910100.2578384592,696642.239824843
11,42,1.4907029714235311,1.6405279206001278,1.620512515369073,1.7853202499058276,1.482883161047734,0.3046654446798691,1.0,1.0,0.6,0.7,0.6,95,910036.4355041852,696503.3249810837
11,43,1.4906988205923908,1.6404937809375255,1.6204770041704784,1.7935837961900787,1.4828423186413229,0.3046620453843229,1.0,1.0,0.6,0.7,0.6,97,909864.1823207592,696775.2678432149
11,44,1.489034745606621,1.6126991951874263,1.59156871890207,1.7766526622869612,1.5616516772103948,0.3047488764843325,1.0,1.0,0.6,0.7,0.6,98,963696.6194712828,357621.2498377943
11,45,1.4986511226394916,1.6209217369139055,1.6042832497025268,1.7999574404724425,1.4954480170631002,0.32114533289055086,1.0,1.0,0.6,0.7,0.6,102,911206.633016482,366197.9871424411
11,46,1.4998995504319201,1.6209499117097272,1.6042597465173691,1.8292277518278204,1.4949225765717982,0.3233467183460013,1.0,1.0,0.6,0.7,0.6,106,859014.0876878971,394873.95141486527
11,47,1.4863104453288507,1.604626081825038,1.5878201650379271,1.8264336503553147,1.4887717703947738,0.3009655828058359,1.0,1.0,0.6,0.7,0.6,107,928368.9707988016,320501.7725612073
11,48,1.499732085009263,1.6214476070835087,1.6116120211554152,1.877851189772993,1.4940252722557612,0.3233378866694809,1.0,1.0,0.6,0.7,0.6,111,886014.7556306663,352617.91829110635
11,49,1.490877463023165,1.6053654848972836,1.5883977140382401,1.8311676821303018,1.48915516814641,0.3089445217907659,1.0,1.0,0.6,0.7,0.6,114,896433.279999563,316584.13817016885
11,50,1.4973035607614809,1.614788975556741,1.6047744283129273,1.8903400244668802,1.492076663236463,0.3196957611771914,1.0,1.0,0.6,0.7,0.6,119,843972.7850147468,421504.391229432
11,51,1.5008689387650116,1.6159434550909997,1.6035514567925562,1.899948899927503,1.499242665566645,0.32575754820431924,1.0,1.0,0.6,0.7,0.6,120,843241.9456097048,379109.80799832335
11,52,1.4941300435517968,1.6120585720199005,1.6088892613451007,1.9793991147978445,1.4894544563963006,0.3146868482680303,1.0,1.0,0.6,0.7,0.6,128,908624.621930934,341265.0224484478
11,53,1.498147570823077,1.6152339316081972,1.6143046335112086,2.0088321229952237,1.4944224225595641,0.3215664402044212,1.0,1.0,0.6,0.7,0.6,132,964820.4552446352,324839.51131918695
11,54,1.4979056691507153,1.6123754983243583,1.6090603774973542,2.0137023804040677,1.494978254176679,0.3212982575443052,1.0,1.0,0.6,0.7,0.6,134,910755.5572587284,334426.8208681151
11,55,1.4932349984618005,1.6087237577968923,1.6077270228190996,2.0145499974680727,1.488485905965514,0.3135251405897519,1.0,1.0,0.6,0.7,0.6,135,885060.2010988186,317611.42530111613
11,56,1.4932335174662237,1.6086950074683148,1.6076969996113788,2.0145194768802517,1.488155490840743,0.3135251408940542,1.0,1.0,0.6,0.7,0.6,137,885397.3315712473,317175.65816933976
11,57,1.4985298390819368,1.6141227321246232,1.6154061602007381,2.036451931811824,1.4944734781741187,0.3224443439693518,1.0,1.0,0.6,0.7,0.6,140,889772.2319287885,334749.78334787843
11,58,1.4983549838987722,1.6136762353687897,1.6149481962190912,2.0492707169214,1.4941160359344825,0.3221774970211032,1.0,1.0,0.6,0.7,0.6,141,893693.377379967,338909.4428813777
11,59,1.4960838479195662,1.608679237404036,1.6075605348849797,2.0541758703795376,1.4958419383404036,0.31853484909268015,1.0,1.0,0.6,0.7,0.6,142,896104.8350920351,372039.1484394833
11,60,1.4950895850017987,1.6072142459360172,1.6060757517266357,2.026119529467984,1.4908536253397964,0.3169198901464594,1.0,1.0,0.6,0.7,0.6,144,884366.4254215818,375718.2072538286
11,61,1.4946768883817336,1.606780626496768,1.605641175626459,2.072689865618742,1.4897508133236694,0.3162339433525903,1.0,1.0,0.6,0.7,0.6,150,893200.3239537408,384194.45187409496
11,62,1.4940030263367867,1.6053733906983143,1.604203196561334,2.055223650715072,1.4898344442124087,0.31517627551516825,1.0,1.0,0.6,0.7,0.6,153,884940.0604278935,381175.4756216604
12,0,0.3557715143537351,0.7865642999599447,0.7506909987319428,0.4660529559538027,0.0,0.0,0.0,0.0,0.6,0.7,0.6,1,12176463.35508951,10473473.994367223
12,1,1.7339687308883596,2.1670815622814024,2.133476272999086,1.8550720431922652,1.3817538319141254,0.13461273831099926,1.0,1.0,0.6,0.7,0.6,5,12081315.019595446,10411545.209846748
12,2,2.199485504377733,2.654642021244674,2.61976999823843,2.3499185113040117,1.9896294174138616,1.0,1.0,1.0,0.6,0.7,0.6,6,10305946.87998677,8827150.015389007
12,3,2.1994839788180385,2.6546409047199684,2.619768868645527,2.3603125363511053,1.900001398987353,1.0,1.0,1.0,0.6,0.7,0.6,8,10306628.46626588,8827084.044673359
12,4,2.19914719846186,2.655568457618816,2.6230116326071617,2.378922373726711,1.900610536615559,1.0,1.0,1.0,0.6,0.7,0.6,9,10242599.32665524,8829978.80207256
12,5,1.4953027417398528,1.8954075379759985,1.8511448746601067,1.5938871251566655,2.260959398312577,0.22091106468456698,1.0,1.0,0.6,0.7,0.6,10,2584588.4770988184,1598583.6365960669
12,6,1.3929663193537134,1.749113490777452,1.7023494870577545,1.4440167015545953,1.5257087046877964,0.08132826003921186,1.0,1.0,0.6,0.7,0.6,11,1231552.6145096996,726339.424884034
12,7,1.3952157384643495,1.7520294589249388,1.7075639136202372,1.466778451129315,1.3521106752758567,0.08534523079926153,1.0,1.0,0.6,0.7,0.6,13,1257379.0372024458,737485.574334026
12,8,1.389273456607636,1.7425478979014075,1.6956308026413853,1.4604635140293152,1.3550881508325259,0.0767670091546643,1.0,1.0,0.6,0.7,0.6,14,901297.0936572097,743126.6389029765
12,9,1.3860326780538708,1.7330124823223696,1.6857631942273086,1.4594635682279753,1.368333529065739,0.07471676488901718,1.0,1.0,0.6,0.7,0.6,15,946096.9484783276,726505.0229049092
12,10,1.37536889694996,1.7059042138840765,1.6600727668487334,1.4353465171180493,1.4033560179201123,0.0653921127435612,1.0,1.0,0.6,0.7,0.6,16,1181549.6595459606,900910.3864386636
12,11,1.3734322308956064,1.699704018071507,1.6536572757642243,1.4319361146958083,1.3536480211332576,0.06403065949950258,1.0,1.0,0.6,0.7,0.6,17,1078926.6161311672,650110.1381363774
12,12,1.3793261509209254,1.7028400265891364,1.654388233548664,1.4546973029869141,1.3475966895601448,0.07454408484135268,1.0,1.0,0.6,0.7,0.6,19,1122244.2075940592,638248.4604523777
12,13,1.355929044590083,1.6667538135410886,1.6244747252918148,1.396672078195763,1.3817161734561378,0.04197576533468071,1.0,1.0,0.6,0.7,0.6,20,1433391.2425487735,707124.8803941751
12,14,1.3516943742844205,1.6565683202773531,1.6117306698175833,1.3992943254936354,1.338610066836094,0.03668344383114508,1.0,1.0,0.6,0.7,0.6,21,1281148.087620156,796042.7168619052
12,15,1.3521615103473072,1.6571207511506252,1.6145553752297936,1.4178153264199305,1.3245819441099465,0.03785258870017319,1.0,1.0,0.6,0.7,0.6,23,1307004.2700997114,784434.1328599871
12,16,1.3576579755492628,1.6618955255957335,1.619295475218943,1.4191016227890474,1.3295446596333678,0.04726016735094153,1.0,1.0,0.6,0.7,0.6,25,1212300.9155300094,694772.9870119811
12,17,1.3513753076668462,1.6541810637400807,1.613780208059087,1.4227549478117771,1.327032231993932,0.03769647880520112,1.0,1.0,0.6,0.7,0.6,27,1268149.3872211128,757396.3262681989
12,18,1.3513748826331025,1.6553218728576216,1.6172447289431489,1.4321554107636003,1.3226214583119296,0.03769647880520112,1.0,1.0,0.6,0.7,0.6,29,1268074.2986638076,757341.7660195712
12,19,1.3459445747951992,1.638554828947179,1.595391147886831,1.3926726109028795,1.3513799990686497,0.03184231213219071,1.0,1.0,0.6,0.7,0.6,30,1356957.8219996288,628306.2644776265
12,20,1.3565703966611393,1.648613891628807,1.6099653212839296,1.428193177497882,1.3383597921309562,0.05033105161522693,1.0,1.0,0.6,0.7,0.6,31,1184810.390880455,595384.1999763207
12,21,1.3644779415628139,1.6526822541510646,1.613848687845095,1.4235160570142948,1.3458987317654911,0.064821258908414,1.0,1.0,0.6,0.7,0.6,33,1355576.398820875,632374.0109503451
12,22,1.4910905497322673,1.7753456167552497,1.7408645949564625,1.5970735321314136,1.4771564661819898,0.277747179997477,1.0,1.0,0.6,0.7,0.6,35,1180184.4072236582,594637.2634524765
12,23,1.487875836590302,1.7730857982998245,1.7409198939688912,1.633764989885388,1.4637607604336982,0.27244187268643066,1.0,1.0,0.6,0.7,0.6,37,1172800.1672676876,593298.4484602306
12,24,1.4878394823746275,1.7739731563092844,1.744120684636361,1.6442407679548747,1.463806465779807,0.27244187268643066,1.0,1.0,0.6,0.7,0.6,39,1171419.9381318337,591577.7871691937
12,25,1.3525146300016995,1.6322719132716519,1.593041865073057,1.4643960977013264,1.3308205071343635,0.04732858974639066,1.0,1.0,0.6,0.7,0.6,41,1145129.871516809,601612.9314769786
12,26,1.3526733743349295,1.6360709192855625,1.6060922246575924,1.5065645319965448,1.3302690877868566,0.04786503799761331,1.0,1.0,0.6,0.7,0.6,43,1244710.9909466433,622544.6141924319
12,27,1.37616334210289,1.646128499182291,1.6155209795982275,1.5184583792597994,1.3999901822354541,0.09083343642718682,1.0,1.0,0.6,0.7,0.6,44,1034674.3552486196,533594.7940441883
12,28,1.4138463958460021,1.6788370248606825,1.65481525235645,1.546259964529938,1.3967144108159575,0.1557080647181977,1.0,1.0,0.6,0.7,0.6,52,1150462.280417092,438365.9848556784
12,29,1.3930138648098653,1.6487402893702674,1.6220227923655322,1.5214935847743956,1.3869359961745147,0.12296043733435509,1.0,1.0,0.6,0.7,0.6,54,1099559.0235284525,406147.83907148574
12,30,1.4337873801939554,1.6887386741980914,1.6642572151421837,1.5710603489760055,1.4179169803735439,0.19136712102476583,1.0,1.0,0.6,0.7,0.6,56,1112459.4233450417,403455.38573894656
12,31,1.4434696220678718,1.6988653153782578,1.6766760233260158,1.5909058600569446,1.4257275402058722,0.20766705479010059,1.0,1.0,0.6,0.7,0.6,58,1117712.005473236,401306.2305117159
12,32,1.420177650983831,1.6738754359666954,1.6538808365543427,1.6153923824330962,1.40353081990231,0.1695012780696895,1.0,1.0,0.6,0.7,0.6,63,1098808.9976479367,421547.329343996
12,33,1.4060333924994648,1.6579006780500536,1.6378227327542452,1.607264713072324,1.3907480706276782,0.1463425603143526,1.0,1.0,0.6,0.7,0.6,65,1145415.1464844432,421461.2654665842
12,34,1.400486056482149,1.6502864266272188,1.6278427462622704,1.5855151284700528,1.3838662268491622,0.13730457271818836,1.0,1.0,0.6,0.7,0.6,67,1095878.9432197,399249.2369706907
12,35,1.401840981820436,1.6514255172850834,1.6289720603928939,1.602149035540474,1.38445891443259,0.1396110538839891,1.0,1.0,0.6,0.7,0.6,68,1098570.825236574,399469.7597029204
12,36,1.463035008534428,1.7107740579056867,1.6882369330230977,1.6614308811358955,1.4511300690909283,0.2420116366436563,1.0,1.0,0.6,0.7,0.6,69,1170869.4279323549,468898.414092954
12,37,1.4033937791445295,1.6535008096563009,1.640159407272781,1.646910711274637,1.3870323551909636,0.14309313543404334,1.0,1.0,0.6,0.7,0.6,75,1091720.448794846,403845.00526611897
12,38,1.3434537297057527,1.5960030940014869,1.5895886377622053,1.6208883855297467,1.3270974470320267,0.04340741214209321,1.0,1.0,0.6,0.7,0.6,78,1169190.6584100293,519482.5437638766
12,39,1.3428339701182614,1.593641696085118,1.5871485613068654,1.6184156889176111,1.327504641230718,0.04274921417654183,1.0,1.0,0.6,0.7,0.6,81,1179748.1547009496,558090.1629647803
12,40,1.3428083737441296,1.5937923046888032,1.5895795404019908,1.642094394790131,1.3272909217733109,0.04291276741410955,1.0,1.0,0.6,0.7,0.6,83,1174768.221731894,526225.7293463186
12,41,1.3424437881573703,1.5926913178591962,1.5907174724546378,1.6567758429103536,1.3286186428761741,0.04270233281083445,1.0,1.0,0.6,0.7,0.6,85,1178422.4224457322,508004.4798937353
12,42,1.342287952248963,1.5924516524332077,1.5904740571405003,1.6607917574180195,1.3256090432993841,0.04246013433016959,1.0,1.0,0.6,0.7,0.6,87,1189989.417222666,522204.0179128445
12,43,1.3426622888768245,1.5937558719566485,1.5940926057038087,1.6822455828839855,1.326217798706713,0.04312885127701666,1.0,1.0,0.6,0.7,0.6,89,1205169.0834910974,534595.9254062703
12,44,1.3430063531332785,1.592571701612422,1.5928396602586492,1.70227421391398,1.3273873732253731,0.04402144599861943,1.0,1.0,0.6,0.7,0.6,94,1200603.9403527149,555443.3902570634
12,45,1.3422652696575037,1.590027626146444,1.590214590298166,1.7123955583941495,1.3316223929885025,0.04315787701797349,1.0,1.0,0.6,0.7,0.6,95,1203533.308973197,556177.8204026669
12,46,1.3396619305873205,1.5892997414241339,1.5963884586476387,1.7503724624644792,1.3240302999484947,0.03913621096191116,1.0,1.0,0.6,0.7,0.6,104,1252333.9787019806,605759.122002919
12,47,1.3421264237520008,1.5878446624803504,1.5924851124888288,1.728956101695184,1.3350866767008474,0.04380240692285654,1.0,1.0,0.6,0.7,0.6,105,1119267.971487578,408507.794931865
12,48,1.3443064085654468,1.5886530400944618,1.5977776640092158,1.7702212926021939,1.3404709965142345,0.04815687615238824,1.0,1.0,0.6,0.7,0.6,106,1131285.091912956,480134.9604498169
12,49,1.34511469393583,1.58758457672513,1.5943525240729013,1.7574208085464438,1.3321054522576619,0.049646590819157524,1.0,1.0,0.6,0.7,0.6,107,1117954.8222828342,478591.137404205
12,50,1.3445665762852732,1.58757783009563,1.59664283818601,1.7778846161642314,1.3312116515764136,0.04884959217537095,1.0,1.0,0.6,0.7,0.6,108,1120176.2645765585,473347.1596015981
12,51,1.3447386620467432,1.5831204502766916,1.5874331884315613,1.7667426938153619,1.3371448379366306,0.0495856779358946,1.0,1.0,0.6,0.7,0.6,109,1114646.962749865,447023.8213481768
12,52,1.3454995980516928,1.5846280608778116,1.5912470321200478,1.7627848371258454,1.331182568547598,0.0509292678610226,1.0,1.0,0.6,0.7,0.6,111,1114765.5317371695,444419.8634240283
12,53,1.3451953643780845,1.5830841701364708,1.5919209737902023,1.77746979827497,1.3342750177628957,0.050871088523923316,1.0,1.0,0.6,0.7,0.6,113,1099239.8542178844,424514.48839606176
12,54,1.3484270472027018,1.58573601705534,1.594547051708079,1.8019539649272702,1.33473197674008,0.05636548841746277,1.0,1.0,0.6,0.7,0.6,115,1102425.3555415648,428614.8128949888
12,55,1.3440197343078801,1.5810968281505744,1.5921706437173624,1.8092391205010592,1.3338896178858495,0.049275043396383986,1.0,1.0,0.6,0.7,0.6,116,1103064.3969303577,434951.805778984
12,56,1.345393406036436,1.583328838939221,1.5967137581402882,1.8234787247250286,1.3314182513480866,0.05161708380379152,1.0,1.0,0.6,0.7,0.6,118,1106847.272965926,437507.3930655168
12,57,1.3490343317658118,1.5855592217859975,1.5966085441753002,1.8269481768452485,1.3350600072555874,0.05773445144597712,1.0,1.0,0.6,0.7,0.6,120,1109825.5465667604,439157.65068270825
12,58,1.3439917592977149,1.581198141968761,1.5945506976074868,1.8435901441430445,1.330132861053496,0.04941505620514437,1.0,1.0,0.6,0.7,0.6,123,1105211.4641324235,436348.627349599
12,59,1.3481617709024047,1.582542826094512,1.5912237791233723,1.8471478548092866,1.3355704734536844,0.05646376570788071,1.0,1.0,0.6,0.7,0.6,124,1116311.138649764,439570.2710643783
12,60,1.3470369651432517,1.5817874433210126,1.5927580247747222,1.8496273036747075,1.3336480371641573,0.05473027141900398,1.0,1.0,0.6,0.7,0.6,127,1118153.5574366534,443794.0957810918
12,61,1.9141085204473098,2.1583199931891994,2.190168516830845,2.639898271809858,1.9000928124499032,1.0,1.0,1.0,0.6,0.7,0.6,155,1275995.3283842928,11771672.778249104
12,62,1.9140451919593011,2.1576724088601815,2.189495041651955,2.6439408703106633,1.9009160416790514,1.0,1.0,1.0,0.6,0.7,0.6,157,1275052.8919175467,11748490.075996572
12,63,1.3251067915835075,1.5710610177023052,1.6211727623589818,2.1826583645636157,1.3128452915131228,0.01964027140124589,1.0,1.0,0.6,0.7,0.6,177,1145888.327152126,412686.6579557709
12,64,1.9126848944446544,2.147794793924431,2.1883350091934,2.756985949550694,1.9065924480868244,1.0,1.0,1.0,0.6,0.7,0.6,180,1307521.6485373548,11822327.252254846
12,65,1.912627722873756,2.147161724416581,2.1876766348880476,2.770557185099958,1.9008839086887694,1.0,1.0,1.0,0.6,0.7,0.6,182,1297739.5171904794,11775032.187152194
12,66,1.9125916167563668,2.147905329870246,2.1907279031265885,2.7844589473827397,1.9005746012430955,1.0,1.0,1.0,0.6,0.7,0.6,184,1291550.916971176,11773380.844199233
12,67,1.912470459122833,2.1465571262887138,2.18932584052562,2.7684142217630527,1.9018989830691653,1.0,1.0,1.0,0.6,0.7,0.6,186,1272795.7299452815,67836162.36371604
13,0,0.46415968672467417,0.8377748220887665,0.8039495205145666,0.5201800896504466,0.0,0.0,0.0,0.0,0.6,0.7,0.6,1,941651.9611444124,10429094.941947708
13,1,0.5277629154488693,0.9013940447014291,0.86756847034871,0.5877815340612383,0.06364544207074806,0.10582530539501589,8.762463343105e-05,0.00012218186158464002,0.6,0.7,0.6,3,959785.3748255688,10428360.20351252
13,2,1.8323280536436206,2.2099117609501286,2.1783298048492714,1.9040601572935132,1.3748950690412056,0.12166901352394222,1.0,1.0,0.6,0.7,0.6,6,1627706.9505403722,10617282.006066212
13,3,1.7820487646755145,2.1812932627991994,2.1490357649587506,1.8826545527197394,1.4090868921388073,0.10212050007976584,1.0,1.0,0.6,0.7,0.6,7,2314557.213786936,9706488.243563984
13,4,1.7703277938775077,2.1754983419708913,2.143036486539839,1.8880744831561662,1.36783825376707,0.10098603438621918,1.0,1.0,0.6,0.7,0.6,9,2472079.3287033774,9492784.193293016
13,5,1.4867190714565883,1.8458244365127214,1.8194847543400114,1.5835467641969019,1.002877871489372,0.33789459213525547,0.2700381021862346,1.0,0.6,0.7,0.6,10,113042.85912408184,11293336.19917678
13,6,1.7412864849221896,2.1638373025730373,2.130704251466746,1.875697069015645,1.4020205302510669,0.10952130824433551,1.0,1.0,0.6,0.7,0.6,11,3072002.1467533205,8844097.21726722
13,7,1.4406969714459343,1.8976217753578881,1.8553674128347728,1.6247881485513096,1.5427188341638072,0.04595704227000923,1.0,1.0,0.6,0.7,0.6,14,447964.7182310218,2225366.065392724
13,8,1.4265452473100604,1.8743562781293792,1.833471315041236,1.6073473893537997,1.3608054766034954,0.045056522868061735,1.0,1.0,0.6,0.7,0.6,16,463846.262314475,1854123.3925297367
13,9,1.4187043890504176,1.860186154622689,1.8187753047209818,1.5924366203168274,1.3632550046443872,0.04335796075729274,1.0,1.0,0.6,0.7,0.6,17,504070.13204117614,1547652.1327157568
13,10,1.5923831237498387,2.071295685820753,2.035146233800415,1.8023519886859019,1.7163031802934117,0.17593475344050571,1.0,1.0,0.6,0.7,0.6,18,290722.45317540405,3909793.388585347
13,11,1.9498948452489975,2.322999013271292,2.2794203868570317,2.047244647394814,1.9080965435804407,1.0,1.0,1.0,0.6,0.7,0.6,20,153356.953915131,614754.3691257974
13,12,1.9495719435522791,2.321848992824933,2.278224207425599,2.057552608496321,1.9016963214865235,1.0,1.0,1.0,0.6,0.7,0.6,22,155586.35979062837,666391.1912467239
13,13,1.94954550256764,2.322895455604884,2.2815905726316643,2.0783084826939326,1.9001338838856294,1.0,1.0,1.0,0.6,0.7,0.6,24,155607.49894505166,665216.6926031174
13,14,1.9474405609097754,2.315178874236053,2.273565528486876,2.070746674580636,1.908564082298684,1.0,1.0,1.0,0.6,0.7,0.6,25,150274.15254624776,572317.9411357191
13,15,1.5379414593572207,1.9753970589481233,1.9403812446823623,1.751111555457268,1.4604419115517842,0.2536843484865761,1.0,1.0,0.6,0.7,0.6,27,424083.81380425504,1549326.7811402683
13,16,1.537936339230626,1.9765292149991986,1.9438370260844948,1.767358882706235,1.4522181679984838,0.2536843484865761,1.0,1.0,0.6,0.7,0.6,29,423310.4236387544,1549535.685127145
13,17,1.5368995951081503,1.9735729736841163,1.9384988143555724,1.7688874837890873,1.4525632536084605,0.2530749737068492,1.0,1.0,0.6,0.7,0.6,30,424541.263063752,1530953.9254363272
13,18,1.536895313893066,1.974707083653426,1.9419565576822198,1.7786262651106344,1.451852390847446,0.2530749737068492,1.0,1.0,0.6,0.7,0.6,32,423944.0012891173,1531107.7068447473
13,19,1.5557262658855113,1.9795633068051166,1.9480724139910786,1.8043038590844942,1.4826671624741077,0.30361801781421527,1.0,1.0,0.6,0.7,0.6,34,187512.5774789484,1185778.364333094
13,20,1.498493304470975,1.8823039576893699,1.8506252477801048,1.7238752068312082,1.451203078591295,0.24427845386462432,1.0,1.0,0.6,0.7,0.6,35,207453.5264479468,655049.5834627751
13,21,1.475552750485984,1.8461888006554172,1.8137796498550967,1.703839949285598,1.469111795584323,0.21452903678067906,1.0,1.0,0.6,0.7,0.6,37,188001.49369229705,2438358.14821857
13,22,1.4771519645948437,1.847846812664713,1.8177025200981323,1.7154698460663464,1.4343379803698382,0.2178455350772075,1.0,1.0,0.6,0.7,0.6,39,186008.17606252423,2543664.1950609297
13,23,1.4765435906876199,1.8494519528367537,1.8239513752372107,1.7191851960251299,1.4304428954553567,0.21687578075341557,1.0,1.0,0.6,0.7,0.6,41,173378.93234856048,2801814.740844236
13,24,1.4755536316008375,1.846404751358666,1.820792763166807,1.7159795576373615,1.4298999658944451,0.2164423196155397,1.0,1.0,0.6,0.7,0.6,42,167491.31525712338,2760188.090494281
13,25,1.4744912060071838,1.8480246260623274,1.824819892834145,1.7275876395637955,1.4287631733351773,0.2137637182396225,1.0,1.0,0.6,0.7,0.6,43,175800.6998839698,2793339.7773127053
13,26,1.4806040897919324,1.8582654375166592,1.8285032154600298,1.743898100202399,1.4320697499122867,0.2192961762509241,1.0,1.0,0.6,0.7,0.6,45,175334.69729929342,2585953.315396491
13,27,1.4660417700679873,1.8457344539528515,1.81608482259956,1.761905524577898,1.432739270294662,0.1937143563846927,1.0,1.0,0.6,0.7,0.6,46,213593.1851124401,804006.7220853353
13,28,1.4617414629425443,1.831967729543488,1.8017980748446996,1.7437794538800269,1.4220121845189637,0.1924415602304022,1.0,1.0,0.6,0.7,0.6,48,184916.884492899,723315.1539344741
13,29,1.4275885914429658,1.7753141521997935,1.746219342134613,1.7179379845927425,1.4140777427704236,0.14816949933292722,1.0,1.0,0.6,0.7,0.6,51,212422.80286650456,807022.0093189869
13,30,1.4273827112096842,1.774472262941455,1.7453446925689824,1.720728599719811,1.38889359625697,0.14813176723976768,1.0,1.0,0.6,0.7,0.6,53,210650.86584659488,801176.5586367524
13,31,1.425963813709302,1.7711902548162857,1.7442319854068056,1.7393699155514168,1.3894872665536568,0.14718786572153347,1.0,1.0,0.6,0.7,0.6,54,203849.43808649053,773649.7817068206
13,32,1.4338659345937748,1.7750301737148586,1.7478646586018796,1.7503870519408333,1.41334901094707,0.16222218827272178,1.0,1.0,0.6,0.7,0.6,55,184387.00597157504,727375.9675751436
13,33,1.4338705030604513,1.7761949881135615,1.7513545061478597,1.762768792853663,1.3973798642029975,0.16222218827272178,1.0,1.0,0.6,0.7,0.6,57,184022.97996308052,727816.8979098432
13,34,1.4338762906854319,1.7762220638376625,1.7513824487091312,1.7627975368254853,1.3973903334896338,0.16222218827272178,1.0,1.0,0.6,0.7,0.6,59,183573.0528250644,728368.0908299967
13,35,1.4376575222247974,1.778895078220116,1.7517332404748305,1.769198003043321,1.412575552185244,0.16850831276000977,1.0,1.0,0.6,0.7,0.6,60,191632.3663123448,723261.4578331386
13,36,1.4376621655389297,1.7800601717499949,1.7552232663775849,1.781794909097692,1.4011623871054746,0.16850831276000977,1.0,1.0,0.6,0.7,0.6,62,191192.20435475063,723753.8499065697
13,37,1.4327499533733876,1.7614689944708455,1.7359448566829365,1.7645915693229757,1.4018552889782425,0.16616420207634264,1.0,1.0,0.6,0.7,0.6,63,200388.1640578976,801547.6745527027
13,38,1.4339499187516873,1.7627006519297521,1.73944529555859,1.7795425967373157,1.4020668929930444,0.16861146990369208,1.0,1.0,0.6,0.7,0.6,65,210016.2671883345,875048.5993430984
13,39,1.443695804805941,1.7823126626770431,1.7572842393026478,1.78240528416283,1.4210082429690667,0.18024468551003447,1.0,1.0,0.6,0.7,0.6,66,224617.26896417307,932115.1520665352
13,40,1.4122397810490424,1.7382758931897113,1.7103514010938565,1.7514310925320613,1.3809785636461536,0.13259899027429473,1.0,1.0,0.6,0.7,0.6,67,234423.83439800816,815294.9664020347
13,41,1.5114724524687735,1.9661955227230394,1.9548653781430616,2.0417379492147596,1.4219135023871858,0.20066574597751594,1.0,1.0,0.6,0.7,0.6,70,244128.81441972795,2446023.6312012267
13,42,1.4963576021561926,1.9426924594931867,1.928485731787693,1.9952520253436097,1.42665252780006,0.18643015756257944,1.0,1.0,0.6,0.7,0.6,71,236829.5308785263,2268825.9864985086
13,43,1.500714909416844,1.949661471506662,1.9356497759998232,2.006389046787306,1.4173590320790341,0.1899117603262647,1.0,1.0,0.6,0.7,0.6,72,240319.1908153394,2250269.0088387225
13,44,1.4985365116685496,1.9452196542991307,1.931038537485522,2.001706807907486,1.4143274965227257,0.18957307650058777,1.0,1.0,0.6,0.7,0.6,73,230338.08815326533,2203859.340231175
13,45,1.4961802690473252,1.941352168779888,1.9292996176915462,2.0210845342643933,1.4142014788167252,0.18936073168727113,1.0,1.0,0.6,0.7,0.6,74,202472.49955095787,2161053.551942137
13,46,1.5036891872070424,1.9532266670912573,1.9459740361908207,2.0412355348586386,1.4194751729687267,0.199005609166318,1.0,1.0,0.6,0.7,0.6,77,216820.5603499928,2564252.430183593
13,47,1.509575119040512,1.9657801516094353,1.9590326844808934,2.0584032561992696,1.422955176565314,0.19888019701433143,1.0,1.0,0.6,0.7,0.6,79,198331.99353385848,2731608.90295901
13,48,1.484777231511111,1.9270524568544518,1.9170339708291477,2.0327951933249215,1.4114483669848048,0.1757087229151494,1.0,1.0,0.6,0.7,0.6,80,183231.6623450064,2572740.099415649
13,49,1.4612002157018555,1.8675499329034189,1.8597476665204447,1.9697690439999183,1.4095585477501222,0.17405325654131318,1.0,1.0,0.6,0.7,0.6,81,206947.4025199409,1768807.874166005
13,50,1.4842787631728107,1.9304350682393143,1.9229356183785606,2.0492148437740343,1.4247373474177831,0.1713102471126971,1.0,1.0,0.6,0.7,0.6,82,189228.74438078143,2626623.137832707
13,51,1.488428529825442,1.9391605277720592,1.9319961415559375,2.0584158434479405,1.4045276695406606,0.17188960779145915,1.0,1.0,0.6,0.7,0.6,84,200317.99984494827,2726799.711763712
13,52,1.4865353546644804,1.9352958586998352,1.9302263060550113,2.074611170151622,1.404704162595193,0.17307993903114594,1.0,1.0,0.6,0.7,0.6,85,211103.15309306665,2645763.552508088
13,53,1.4905439500685187,1.9445850226230377,1.9399070712000928,2.0902067482517457,1.4035137918034555,0.17224340511798653,1.0,1.0,0.6,0.7,0.6,88,202908.5512217813,2714646.5380651574
13,54,1.4862941698786667,1.9362304369841281,1.9334878505921727,2.101961698800821,1.404615388791688,0.1726008423552263,1.0,1.0,0.6,0.7,0.6,89,226659.8828208654,2684762.4177073976
13,55,1.372130664576959,1.6615913901149817,1.6500588735212243,1.8148053921915777,1.355729580068554,0.08118829244735082,1.0,1.0,0.6,0.7,0.6,90,147686.27139257983,448932.1391328205
13,56,1.4911186289285077,1.9408842349569668,1.935887736018889,2.159909428445615,1.4077795450084092,0.17935230007527525,1.0,1.0,0.6,0.7,0.6,102,204100.7658719851,2782299.2342258184
13,57,1.4879431429730348,1.9376758339527136,1.9326768225722137,2.1378751245657126,1.413175367940287,0.1741045218544007,1.0,1.0,0.6,0.7,0.6,103,199389.1431844936,2760617.189046431
13,58,1.4910043544041804,1.9445999042849698,1.9421265649525128,2.1705432067110446,1.4078001162872162,0.175334463859536,1.0,1.0,0.6,0.7,0.6,104,211521.80106784508,2889466.995302914
13,59,1.4855122909681433,1.930725137353691,1.9298885986523886,2.1871670637664473,1.409681456789888,0.1789399189685815,1.0,1.0,0.6,0.7,0.6,106,247096.67075831568,3150073.912647133
13,60,1.4289198085828874,1.744284590355408,1.7362514573217211,1.9678071201319582,1.420916077940885,0.16812514462708067,1.0,1.0,0.6,0.7,0.6,107,269989.8656544253,770302.9616426984
13,61,1.444009118417158,1.7663325722947687,1.7654412375482482,2.065488405225062,1.415623220603091,0.19205779932597372,1.0,1.0,0.6,0.7,0.6,114,233404.34199236805,814238.8569991799
13,62,1.4293043258224267,1.7439036146715892,1.7381023881393785,2.0129675245698255,1.4045197971683332,0.1694106076469983,1.0,1.0,0.6,0.7,0.6,115,258114.5679591015,766916.580868461
13,63,1.4306819448483585,1.7277666569516428,1.7188627686785711,2.0336935226238735,1.4080899020508566,0.17688230853988957,1.0,1.0,0.6,0.7,0.6,119,313613.3203087892,703144.7017599664
13,64,1.4421207937881229,1.7482173435345856,1.7420096490274237,2.0650239820906364,1.4199298458772984,0.1935350442181524,1.0,1.0,0.6,0.7,0.6,121,289190.17711926805,816058.8292153301
13,65,1.4232625380645674,1.7190028983817198,1.70776564660813,2.018093388033056,1.4016020833148626,0.16457608514940184,1.0,1.0,0.6,0.7,0.6,122,360122.7254208463,731402.5872860122
13,66,1.4391972712534722,1.7408289071605267,1.7321398630241025,2.043078124609083,1.4226651244034119,0.1896981974189716,1.0,1.0,0.6,0.7,0.6,124,322873.9987356418,744231.9283600602
13,67,1.9191283072512872,2.192375671484936,2.2028048564647107,2.6333882854209647,1.9004274947104425,1.0,1.0,1.0,0.6,0.7,0.6,149,462593.383636441,2551832.16035789
13,68,1.91912714599721,2.1923661810249415,2.202794749580847,2.646468958249316,1.9000130735027607,1.0,1.0,1.0,0.6,0.7,0.6,151,462484.9928141566,2551150.093886414
13,69,1.9186487409239636,2.188460577606143,2.19873297131268,2.6379773331739242,1.911052617515082,1.0,1.0,1.0,0.6,0.7,0.6,152,467450.2416527718,2742595.2971586976
13,70,1.918602226116906,2.1903650896220426,2.20526992543914,2.661316024720547,1.9010867404497556,1.0,1.0,1.0,0.6,0.7,0.6,153,473903.65794009774,3118623.441115342
13,71,1.918351551502314,2.1871377749616543,2.199635456589477,2.6397349186674037,1.9058924501764398,1.0,1.0,1.0,0.6,0.7,0.6,154,458151.4319198298,3324204.505022583
13,72,1.9182070187785665,2.1859269039188622,2.1983762577645396,2.6534339656475763,1.9034262972504221,1.0,1.0,1.0,0.6,0.7,0.6,155,447146.6417315545,3051272.803508649
14,0,0.42923234913878255,0.8226939228955952,0.7882655392298996,0.5042402818271329,0.0,0.0,0.0,0.0,0.6,0.7,0.6,1,4470013.078539534,10444767.63373333
14,1,0.9238954227401093,1.3192195281105157,1.2870912842613669,1.0231043789814174,0.49652445600778083,0.13741574603378276,0.3129086927191966,0.32414100275062496,0.6,0.7,0.6,4,4406122.7179824365,10428698.494861592
14,2,1.8121832991948996,2.2436884248872393,2.210159094263939,1.9471945555302947,1.505045483251688,0.2591213081471668,1.0,1.0,0.6,0.7,0.6,6,4979742.851504356,8899793.60505423
14,3,1.812012274064823,2.244739353766011,2.2135303345551622,1.955358082843981,1.4556031614342753,0.2591213081471668,1.0,1.0,0.6,0.7,0.6,8,4992202.991431451,8894413.966414016
14,4,2.087542681645176,2.56382007567376,2.5264168590262384,2.265886747686561,2.1463198850774927,0.954114227457785,1.0,1.0,0.6,0.7,0.6,9,7539091.581371287,5999048.917637068
14,5,1.7362691606663416,2.130494713687371,2.083621105223118,1.8449217106764917,2.0110213523232776,0.6265851436372386,1.0,1.0,0.6,0.7,0.6,11,1575743.350645978,1087927.2465470133
14,6,1.556165748958243,1.9307802807134018,1.8827671594633393,1.6485921367666094,1.585381283559499,0.34121773802720073,1.0,1.0,0.6,0.7,0.6,12,1207938.0426647968,862235.6125539277
14,7,1.4572602726614075,1.8128776174585446,1.7660851581737624,1.5361112911013204,1.4523168154995636,0.18878811200697695,1.0,1.0,0.6,0.7,0.6,14,1403152.1188085536,702567.6788232205
14,8,1.6417489306939612,1.9856418942211134,1.9359671152535451,1.6883282960592547,1.6406319121981006,0.5019080662547525,1.0,1.0,0.6,0.7,0.6,15,1564203.399703798,635724.2128866565
14,9,1.3757826407607097,1.7183399270547532,1.6708545692001047,1.4561348326117352,1.3468433950100285,0.0601018800742539,1.0,1.0,0.6,0.7,0.6,16,1097680.0600025642,593130.0355977175
14,10,1.3664952283100655,1.6993180795302085,1.6535997047049955,1.4439619046393566,1.3493246629492994,0.049709070521352386,1.0,1.0,0.6,0.7,0.6,18,1354339.6008910427,535011.9429277387
14,11,1.3798288026016623,1.707716497728196,1.668549963707176,1.5060047776667975,1.3469868379455783,0.0754769306706358,1.0,1.0,0.6,0.7,0.6,35,1601862.348712352,474168.6855000458
14,12,1.3797301655198364,1.7079648000165917,1.6710824669018969,1.5149713296761207,1.3467628610703353,0.07564094541517322,1.0,1.0,0.6,0.7,0.6,37,1718310.9786016415,469745.1208688713
14,13,1.376789864747503,1.702338434036072,1.6630549661917255,1.5144175998443785,1.3482751934372343,0.0713843302102088,1.0,1.0,0.6,0.7,0.6,38,1572100.2468552275,426012.5066412648
14,14,1.376778246923318,1.7022743194063112,1.6629882556484423,1.5213354153241117,1.3429249443391233,0.07138679887132508,1.0,1.0,0.6,0.7,0.6,40,1571764.1763226015,425588.454716695
14,15,1.3737847263839122,1.6821935272075534,1.6375256294585188,1.50897271593887,1.3961914585596382,0.07232079891519637,1.0,1.0,0.6,0.7,0.6,41,1272915.2035862647,756885.7007262387
14,16,1.3736683778754593,1.6831513139044136,1.640804155511093,1.5195117058162024,1.343382070487556,0.07214695320025649,1.0,1.0,0.6,0.7,0.6,43,1297202.221152077,740922.5919031805
14,17,1.4024416476191957,1.7080303354110544,1.6677621602118262,1.553845213066369,1.390336205067514,0.12191102413470341,1.0,1.0,0.6,0.7,0.6,44,1229482.8092409065,918771.89999109
14,18,1.4015758916454963,1.7049252235955725,1.666816950620122,1.5708547991465571,1.378836788994454,0.12166482913040877,1.0,1.0,0.6,0.7,0.6,46,1252362.254798691,1136523.0896603663
14,19,1.4372242979117433,1.7401278069093418,1.701998222722298,1.6060248001426967,1.4101713946518446,0.1812243688979144,1.0,1.0,0.6,0.7,0.6,47,1296388.3422389708,1112510.8745493984
14,20,1.4372084909930294,1.740042013769215,1.701909076438974,1.6169715513906637,1.408853628614462,0.1812223415750688,1.0,1.0,0.6,0.7,0.6,49,1296046.4708260235,1112256.8621115568
14,21,1.3773496918878094,1.6769346219522046,1.636377975925409,1.5465904268194124,1.3524733432774618,0.08210329305087158,1.0,1.0,0.6,0.7,0.6,51,1362825.354360308,676484.354598707
14,22,1.376201819945147,1.6756885921360025,1.6373961217512791,1.5518595014589973,1.352642501123014,0.0806155434725292,1.0,1.0,0.6,0.7,0.6,52,1315673.089931652,703281.9835293813
14,23,1.3747045763907138,1.6723074922538883,1.6361934821087174,1.5511523476289755,1.3577023088608298,0.07912500975177604,1.0,1.0,0.6,0.7,0.6,53,1438176.976036108,602083.2554130914
14,24,1.3716874818508913,1.6649049562423919,1.6263123686207024,1.5627625615611067,1.3505506695450906,0.07514928933732853,1.0,1.0,0.6,0.7,0.6,55,1491254.907023016,532546.2499306436
14,25,1.371981894317738,1.66358184915146,1.6249121569024085,1.557710102599565,1.3511522058914909,0.07615830634754432,1.0,1.0,0.6,0.7,0.6,56,1337375.363972845,610030.4393137916
14,26,1.370743370149902,1.660852100812078,1.624380774335504,1.5724427017146378,1.3538223581063158,0.07492526937498646,1.0,1.0,0.6,0.7,0.6,57,1509926.4710528618,701213.315177959
14,27,1.3705718775175635,1.6580482429128955,1.6214520679616315,1.5657819676608744,1.3496885799619194,0.07545424756533863,1.0,1.0,0.6,0.7,0.6,59,1316521.1258323474,779497.0364768599
14,28,1.3677267696549202,1.6515587847238873,1.6147904656415344,1.572902763959463,1.3552762955859565,0.07181541167830807,1.0,1.0,0.6,0.7,0.6,60,1046197.8881435312,740890.2450446921
14,29,1.3677116592145402,1.6514660443473268,1.6146939783211884,1.5800451185315887,1.3432176019761721,0.07181343609375188,1.0,1.0,0.6,0.7,0.6,62,1045894.447587671,740310.6274622409
14,30,1.380493362141583,1.634108279100979,1.6004758913477417,1.5562171673578897,1.4697362030193397,0.1019344929148682,1.0,1.0,0.6,0.7,0.6,63,3010090.514550785,661287.681327129
14,31,1.3595526483723215,1.6026239862361793,1.5662431343310246,1.536406449368041,1.3555256907843827,0.06905288873807708,1.0,1.0,0.6,0.7,0.6,65,2780993.722081492,7715337.523137294
14,32,1.3594041018652923,1.6025103455600265,1.5684031789343953,1.546899348349971,1.3432127745899338,0.06905283159241356,1.0,1.0,0.6,0.7,0.6,67,2610918.7721126745,7770412.361347429
14,33,1.3593388017404406,1.596739551034549,1.5623742904745699,1.5513513242372898,1.3603732405138882,0.07019023015810834,1.0,1.0,0.6,0.7,0.6,68,3096668.0736130127,643672.8657494709
14,34,1.3590851371055934,1.588648264770592,1.5516577050142826,1.5428754089284507,1.3640311132685194,0.07117165670054884,1.0,1.0,0.6,0.7,0.6,69,2918508.763394348,462484.7882333451
14,35,1.3586050988558018,1.5848320347133291,1.5499645840830039,1.5461992891471268,1.3569818948938237,0.07127781218940883,1.0,1.0,0.6,0.7,0.6,70,2985793.6863865266,443461.6267434885
14,36,1.3559607825580215,1.583941719695432,1.553697918272559,1.5636577008274004,1.340523306765489,0.06697658982011925,1.0,1.0,0.6,0.7,0.6,75,3071729.4068165584,1548670.8268573994
14,37,1.3554797138131613,1.5762311992310736,1.5411189141919999,1.5608684715259948,1.3480997018143026,0.06714160913042115,1.0,1.0,0.6,0.7,0.6,77,3046343.667301916,1899219.780788663
14,38,1.355411407548297,1.5765087906973965,1.543684615388717,1.5723647621011767,1.3415672781917998,0.06718091262356994,1.0,1.0,0.6,0.7,0.6,79,3068164.636701386,1895903.985818971
14,39,1.3532424403837187,1.5723868257106712,1.5417487335574638,1.5707433456616973,1.348250684036095,0.06415321162080655,1.0,1.0,0.6,0.7,0.6,80,3013100.3424147014,1527173.269210426
14,40,1.353185230293097,1.5702565756909985,1.5372532388085358,1.5850595384340598,1.340002710792286,0.06423196543188721,1.0,1.0,0.6,0.7,0.6,82,2920059.578095638,1758427.6438744776
14,41,1.3523567999773192,1.5648223557167777,1.5361609229214503,1.598290532541185,1.3492874431034578,0.06411038631353053,1.0,1.0,0.6,0.7,0.6,84,3117061.7214499298,1974182.054695108
14,42,1.3523741698093525,1.5635363054053733,1.5325438250650618,1.5959525519797784,1.3387512232170178,0.06416791845298671,1.0,1.0,0.6,0.7,0.6,86,3123473.087952086,1957963.178034871
14,43,1.3523696332951864,1.5634906792768,1.5324963733208388,1.6074257712082671,1.3385650837542422,0.06416770554159282,1.0,1.0,0.6,0.7,0.6,88,3123184.481829267,1958112.2923664595
14,44,1.3535461098765948,1.5622764709482735,1.5334499215883841,1.6230700228857318,1.3511127054071386,0.0667524807147725,1.0,1.0,0.6,0.7,0.6,89,3194053.079258225,1869662.3421692715
14,45,1.353211717176595,1.560526541990692,1.5316374052224333,1.6330426265430904,1.3442871015359041,0.06644115676427592,1.0,1.0,0.6,0.7,0.6,90,3155942.388476095,2031284.076095296
14,46,1.3531736138676496,1.5603015884446876,1.5314041664165088,1.6367446889492525,1.34013849507343,0.06641003075307919,1.0,1.0,0.6,0.7,0.6,92,3163300.190153287,2026771.0430524144
14,47,1.352152135305953,1.5598658903690894,1.535541077065731,1.6480602313895512,1.3443089974889748,0.0649999959118123,1.0,1.0,0.6,0.7,0.6,93,2932423.409614127,2050370.8843781715
14,48,1.3525004149742939,1.548819385245463,1.5194458925088217,1.623147592975637,1.3689729881083048,0.06711366943248817,1.0,1.0,0.6,0.7,0.6,94,3126616.8870345806,3449642.025576185
14,49,1.352151928748148,1.547410329883673,1.52253816845233,1.5941352389853995,1.3502576878069275,0.06704993250752551,1.0,1.0,0.6,0.7,0.6,95,3117429.304432444,3376857.0946328617
14,50,1.349438593030953,1.537793904226696,1.5126199761819585,1.638200972478466,1.3595309164714036,0.06359881156078932,1.0,1.0,0.6,0.7,0.6,96,3193853.8903187057,3608542.620945316
14,51,1.3494118753311861,1.5351527601705968,1.5053170908050757,1.630057267161209,1.3384958052844613,0.06360345563715693,1.0,1.0,0.6,0.7,0.6,99,3199807.9099819246,3607823.43515512
14,52,1.3499682825033092,1.5231248148544974,1.4972902038169593,1.6575013778645507,1.3857864252870087,0.06668615459722334,1.0,1.0,0.6,0.7,0.6,100,3089360.124209853,3552799.938898858
14,53,1.3479031066500724,1.5182385936298832,1.4922817924277996,1.6604924925365103,1.342489525713014,0.063630548681533,1.0,1.0,0.6,0.7,0.6,102,3174011.286129269,3625420.279999586
14,54,1.3478994708146979,1.519333346103334,1.4956985136964107,1.6740071910894714,1.3382465094744163,0.06363054868153299,1.0,1.0,0.6,0.7,0.6,104,3174505.92645284,3624766.853404509
14,55,1.3479631388167024,1.5187498145891092,1.4950871459853357,1.6678678455368998,1.3402592234032706,0.06382383403750728,1.0,1.0,0.6,0.7,0.6,105,3372538.6656224285,3486008.618212365
14,56,1.347634556543769,1.5046932173468017,1.475889110328136,1.6752472454187926,1.3417740790976915,0.06477455846783883,1.0,1.0,0.6,0.7,0.6,117,2979922.087257385,2859402.859800128
14,57,1.3476162547364932,1.50579802240711,1.479316970699693,1.689466247165262,1.3388794159798287,0.06474665179105907,1.0,1.0,0.6,0.7,0.6,119,2992970.567313033,2814120.5467446414
14,58,1.3476152569980746,1.5057837867171187,1.4793021670874449,1.6894511353028432,1.338868031795362,0.06474665179105905,1.0,1.0,0.6,0.7,0.6,121,2993278.2855880186,2813619.374933285
14,59,1.3476279739395156,1.5057435883708847,1.4792596970521852,1.685425924461133,1.3389183583350073,0.06477455914727794,1.0,1.0,0.6,0.7,0.6,124,2978536.9459367096,2859240.7567779566
14,60,1.3471129321732809,1.5044718622624509,1.489329298953335,1.771427791546838,1.3486733841340444,0.06471965590059216,1.0,1.0,0.6,0.7,0.6,126,2901180.510290123,3550306.957680572
14,61,1.3474831233773346,1.496565541276702,1.4719686480022545,1.6665210691650167,1.3417205452096685,0.06578326165390931,1.0,1.0,0.6,0.7,0.6,131,3152688.9190271776,3178313.54634656
14,62,1.3466607316667072,1.4980914091318915,1.4826947686663678,1.7526007611525887,1.3455332702166793,0.06467533895987962,1.0,1.0,0.6,0.7,0.6,132,3166065.104577828,3164869.798242882
14,63,1.3472204967637862,1.4954123817526388,1.4753269466716217,1.7194728654050642,1.3423147112469773,0.06571987752933893,1.0,1.0,0.6,0.7,0.6,133,3165913.337179489,3167603.0997679266
14,64,1.3465766623297628,1.4875134600064759,1.4716683101332686,1.7887515770952254,1.368282540601661,0.06573186034830027,1.0,1.0,0.6,0.7,0.6,134,2910752.043712302,3616300.081890201
14,65,1.346742982098979,1.4885518931297883,1.4750190291194332,1.8367055645793888,1.3396978231643926,0.06603901322135411,1.0,1.0,0.6,0.7,0.6,145,2856151.542604438,3613489.359575948
14,66,1.3464197106406757,1.4877242621505071,1.476445014715725,1.8595338303057267,1.341065336914545,0.06568124836114578,1.0,1.0,0.6,0.7,0.6,148,2848880.473429897,3612765.915308333
14,68,1.348408287386151,1.478259320527827,1.4619424510724262,1.8045798826469657,1.352319154919583,0.06997169026505093,1.0,1.0,0.6,0.7,0.6,161,3116393.4251320083,3783273.383449566
15,0,0.32287890995026935,0.7679278278430557,0.7313092059027294,0.4463550775467386,0.0,0.0,0.0,0.0,0.6,0.7,0.6,1,15692715.30853985,10521702.37490168
15,1,0.37539938638569087,0.8204560633583674,0.7838368945702626,0.5028654908277691,0.05255524472368839,0.08736180796210714,8.973607038120001e-05,9.916789305435e-05,0.6,0.7,0.6,3,15692445.1346385,10521754.423766706
15,2,1.60678821395416,2.068496702852612,2.033113455292706,1.763050435226576,1.3651360951573226,0.04439675348163116,1.0,1.0,0.6,0.7,0.6,5,13023771.40188736,9015572.86873309
15,3,1.630437979350201,2.092918834894244,2.057467050869249,1.7936856443953269,1.3576035275821243,0.08795581881790746,1.0,1.0,0.6,0.7,0.6,6,12505538.07197881,8798769.454655906
15,4,1.6304349388095436,2.0940599231429613,2.0609320473713755,1.8130750026050104,1.3527765604121456,0.08795581881790747,1.0,1.0,0.6,0.7,0.6,8,12505199.0788799,8798513.641409582
15,5,1.5112093174399779,1.9903595026876286,1.954702227692104,1.698482396043402,1.4925338358840237,0.020532416925235362,1.0,1.0,0.6,0.7,0.6,9,9445482.05230856,6475213.659308098
15,6,1.6516750860628004,1.961549739855104,1.9124202290985002,1.6550140226788153,2.5726166571658022,0.5339698979213587,1.0,1.0,0.6,0.7,0.6,10,2055830.4020060487,530570.3525959728
15,7,1.649719722815291,1.9563713857800145,1.9070839964072723,1.6542337440003325,1.6302913753291088,0.5319198252774967,1.0,1.0,0.6,0.7,0.6,11,1982249.195319812,505474.06097886834
15,8,1.649682157015394,1.9573045213023872,1.9103326461424515,1.670707273405596,1.6194433591672839,0.5319198252774966,1.0,1.0,0.6,0.7,0.6,13,1981965.373276129,503411.2038269864
15,9,1.5749475072268917,1.8810565405431996,1.8340106571331418,1.5963871575628492,1.5473861612558384,0.4079242568436395,1.0,1.0,0.6,0.7,0.6,15,1561181.1062783082,1301621.5689606655
15,10,1.5733162690953912,1.8762184454261939,1.8290166076724983,1.5963910073296943,1.5547836225124219,0.40635986920349626,1.0,1.0,0.6,0.7,0.6,16,1558508.3540136018,1260989.356927447
15,11,1.5740931086686316,1.871236435818195,1.82375581016924,1.6092089664769733,1.5556679642895426,0.4096739594144642,1.0,1.0,0.6,0.7,0.6,18,1479301.3976398888,1276699.708754294
15,12,1.6350620809623702,1.9279241953219644,1.8779685485421158,1.6528578451154332,1.618108257355657,0.5123539673284996,1.0,1.0,0.6,0.7,0.6,19,1439627.8490475777,672820.2885099808
15,13,1.3436229653151965,1.6385474925505745,1.5977672681094708,1.39731584721756,1.317671941332156,0.027446794899342247,1.0,1.0,0.6,0.7,0.6,26,1911041.9952658988,314686.297904025
15,14,1.3436215622971233,1.6385386115195515,1.5977579852715795,1.400730217732634,1.3164805260380399,0.02744688017703955,1.0,1.0,0.6,0.7,0.6,28,1910936.7045500728,314569.28216378856
15,15,1.3436659796415762,1.6384590311282605,1.597672445699735,1.3780483996720072,1.3169576201781634,0.02756174250120823,1.0,1.0,0.6,0.7,0.6,29,1920337.8581401613,312553.57107624394
15,16,1.3435841098289338,1.638309292897874,1.5975195124352588,1.4039113778509753,1.3166980787383245,0.027447557404402752,1.0,1.0,0.6,0.7,0.6,30,1899904.9534925031,320248.57670583186
15,17,1.3432547926953993,1.63762810921894,1.5968214340119875,1.4169016533551413,1.317401104144913,0.027014266181242502,1.0,1.0,0.6,0.7,0.6,31,1882789.264391065,352514.98708122334
15,18,1.3429606666106466,1.6363658534675403,1.5955128683458746,1.4189968287708645,1.319380665232306,0.02684023346106799,1.0,1.0,0.6,0.7,0.6,32,1902939.5439046985,326734.4505667693
15,19,1.3429554000103239,1.6363398057503882,1.5954859799279473,1.4258168686275483,1.3161380515891714,0.02683822505696573,1.0,1.0,0.6,0.7,0.6,34,1902650.8345917463,326979.686958965
15,20,1.3422509958641091,1.633306408727211,1.594610840814036,1.4487636937397141,1.3219449770973268,0.02678273315646907,1.0,1.0,0.6,0.7,0.6,36,1832806.0220845493,353061.16850082
15,21,1.3982663002284212,1.6860681191402551,1.6472174919745592,1.5187511664312967,1.3740908798763534,0.1211752212860436,1.0,1.0,0.6,0.7,0.6,44,2524597.536825169,748038.9370195847
15,22,1.9248244958145553,2.2098755214519286,2.1731633874683793,2.04389984783402,1.913464809853477,1.0,1.0,1.0,0.6,0.7,0.6,45,2551691.5451568565,589592.0856223699
15,23,1.9242843433649894,2.206336696398789,2.169483054887692,2.047520227450244,1.9050427655284863,1.0,1.0,1.0,0.6,0.7,0.6,47,2539368.286285433,584651.2041280004
15,24,1.6903273497795621,1.973188557366138,1.9386433320984167,1.8245013502019272,1.667144891053789,0.6101641432041894,1.0,1.0,0.6,0.7,0.6,48,2470489.0216720104,905040.64556281
15,25,1.923911951602964,2.2037257033756728,2.1667676324547265,2.0594633362772035,1.9060158449039193,1.0,1.0,1.0,0.6,0.7,0.6,49,2493653.475493951,558882.4895850066
15,26,1.9230446781579351,2.197787466731053,2.160591969700276,2.0564475392753203,1.9168065569693211,1.0,1.0,1.0,0.6,0.7,0.6,50,2451421.911008384,552957.6510110565
15,27,1.9230146384316282,2.1987152987610763,2.1638350903754584,2.066912511861699,1.9002956918334868,1.0,1.0,1.0,0.6,0.7,0.6,52,2451408.8088000505,551658.0510626751
15,28,1.9222927078936243,2.1913847558090684,2.1516551062741813,2.058670889330529,1.9144071788399208,1.0,1.0,1.0,0.6,0.7,0.6,53,2259449.5464939307,2047460.557452028
15,29,1.9214155920705478,2.186031019847622,2.148365256124192,2.06641175466443,1.9180259730869595,1.0,1.0,1.0,0.6,0.7,0.6,54,2384444.541524455,526728.707735051
15,30,1.9209167523133308,2.1845962856014367,2.1514296038594978,2.0621220757047984,1.9105207588974489,1.0,1.0,1.0,0.6,0.7,0.6,55,2433291.787900097,452537.5861955343
15,31,1.920382862121588,2.1805374391668493,2.1472084340875703,2.0649139466697193,1.905743476691177,1.0,1.0,1.0,0.6,0.7,0.6,57,2428364.9860411035,443093.6296727485
15,32,1.9202529346573534,2.1784032021928543,2.1427105140545435,2.072086051080882,1.9028320528424016,1.0,1.0,1.0,0.6,0.7,0.6,58,2386338.3431026344,486341.3953096685
15,33,1.9196818239346016,2.1750756794401744,2.141528246451488,2.066821313435761,1.9126236227889075,1.0,1.0,1.0,0.6,0.7,0.6,59,2345461.7838179213,420973.67012041033
15,34,1.9194449561970521,2.173195172705437,2.1395726238760626,2.0917180092819443,1.9026608594284715,1.0,1.0,1.0,0.6,0.7,0.6,61,2321562.441220432,433681.31180471793
15,35,1.9189900005110552,2.1706751764457946,2.139229584347267,2.0955271049002904,1.9103674997626716,1.0,1.0,1.0,0.6,0.7,0.6,62,2433575.3665878805,495459.4505933489
15,36,1.9188227554645052,2.168178627204962,2.134355390973209,2.0979454264749564,1.9009652963346824,1.0,1.0,1.0,0.6,0.7,0.6,66,2276322.895974332,438114.04306085786
15,37,1.91881884883436,2.1692898484178147,2.137789056135357,2.1094401120149855,1.9000452017590224,1.0,1.0,1.0,0.6,0.7,0.6,68,2276375.8303931826,437892.68604872125
15,38,1.918792572339004,2.1713498364989134,2.1444878393081566,2.1522903664961937,1.900609038980765,1.0,1.0,1.0,0.6,0.7,0.6,69,2217594.1916488577,463064.3027667317
15,39,1.9183528929445353,2.168855799438667,2.1441718505567615,2.136162196234688,1.9051468616854543,1.0,1.0,1.0,0.6,0.7,0.6,71,2351739.4769354374,393821.4221429356
15,40,1.9183035553663887,2.1684432435600947,2.143742902515122,2.1397531890273673,1.900583551052816,1.0,1.0,1.0,0.6,0.7,0.6,73,2362250.073973104,368766.18876399
15,41,1.9182004424608952,2.1687254451793345,2.146314509935929,2.1589821451778755,1.9024475307080468,1.0,1.0,1.0,0.6,0.7,0.6,74,2164062.747387488,407712.4243792912
15,42,1.918002749099708,2.1670531703021174,2.144575531388741,2.1487772033748267,1.9047227111105376,1.0,1.0,1.0,0.6,0.7,0.6,75,3119886.1561970385,392043.5826409492
15,43,1.9178250573055582,2.1666838797558716,2.146469680329371,2.191802325918016,1.9021398479034697,1.0,1.0,1.0,0.6,0.7,0.6,77,2138988.41096098,368125.87856514985
15,44,1.9175035193471768,2.1627738102382525,2.140124935353101,2.180876144282223,1.9078296219021769,1.0,1.0,1.0,0.6,0.7,0.6,78,2009757.1850195443,342828.14188028715
15,45,1.916507420568137,2.1539501946242128,2.1309484793271722,2.1756248390426154,1.9124927002787055,1.0,1.0,1.0,0.6,0.7,0.6,80,2207976.2737395447,368799.8579024788
15,46,1.9165000025518593,2.1550223374723836,2.134341716953864,2.20003016094756,1.9000952671750877,1.0,1.0,1.0,0.6,0.7,0.6,82,2142689.009831986,346981.25678898947
15,47,1.9163034055051944,2.149800630557327,2.122076835028129,2.1412980136145316,1.902534717565135,1.0,1.0,1.0,0.6,0.7,0.6,84,2022981.221745071,1720678.358951616
15,48,1.9162870841477386,2.1553726470986407,2.1392622830891797,2.218428407408162,1.900423065961868,1.0,1.0,1.0,0.6,0.7,0.6,85,2226295.651716337,391188.627989545
15,49,1.7790745186675094,2.001405093185089,1.9754545577377183,2.015040786119031,1.7834836381375974,0.7737043124207209,1.0,1.0,0.6,0.7,0.6,87,1838912.0811326697,495305.9557658827
15,50,1.8224770143387774,2.0449454646512306,2.023547263077939,2.0807260000157104,1.8112517731535203,0.8464451247455574,1.0,1.0,0.6,0.7,0.6,89,1811727.635131272,492922.6161934871
15,51,1.8112016485258042,2.0298596850152966,2.006019015180872,2.074821334076329,1.8052701235145379,0.8281455246913045,1.0,1.0,0.6,0.7,0.6,90,1813462.785120446,492158.9824404825
15,52,1.5300263154420142,1.7477005505906784,1.726089579256067,1.7829662182194714,1.5192888592903437,0.3599077234274716,1.0,1.0,0.6,0.7,0.6,92,1817832.555505514,491301.4302385516
15,53,1.5298849537903672,1.7472524240548317,1.7256276935577146,1.7905520719177201,1.5163173392639533,0.35972748215561723,1.0,1.0,0.6,0.7,0.6,94,1812241.2139997603,493742.4512866339
15,54,1.529713725270064,1.7511692898105102,1.7388185998667085,1.8399929736384029,1.5172553264419264,0.3595303912740777,1.0,1.0,0.6,0.7,0.6,95,1819651.2112065807,487028.64181531913
15,55,1.5294562716013211,1.748292891065287,1.7312796287598307,1.7937302111036564,1.516514653208044,0.35915969207248366,1.0,1.0,0.6,0.7,0.6,96,1827213.7045592505,487969.9757743168
15,56,1.5289958563877304,1.750002632815617,1.7399051424547705,1.854333735597801,1.519131383808289,0.35861828308294097,1.0,1.0,0.6,0.7,0.6,97,1821974.062021656,485406.3951195132
15,57,1.5248168578546486,1.7446331289809969,1.7322098596577713,1.8373928075834143,1.5111440665902078,0.3516616414053998,1.0,1.0,0.6,0.7,0.6,98,1822499.640543621,485344.1231170024
15,58,1.7252261892413818,1.942416845732247,1.925330729151295,2.012535170452849,1.7117873337967118,0.6857360984969403,1.0,1.0,0.6,0.7,0.6,101,1853081.836158153,478134.7121248618
15,59,1.513873300507536,1.7301013464197252,1.7129726980661562,1.8000302440122313,1.5032043711598302,0.33365174203871556,1.0,1.0,0.6,0.7,0.6,102,1856481.014498301,476886.0676899327
15,60,1.7745857624678836,1.98781418875472,1.9728264393625898,2.097443255559049,1.7742925143701966,0.7688948698259103,1.0,1.0,0.6,0.7,0.6,103,1747331.248258221,408140.1706144004
15,61,1.6974797141227946,1.9040295497428987,1.8887478105272963,2.0096137214178733,1.7057122324791605,0.6415099895389418,1.0,1.0,0.6,0.7,0.6,104,1765026.1579103195,401829.8537667242
15,62,1.696146660899117,1.9017870016009373,1.8887389240995578,2.0231145298556363,1.686965598854755,0.6396249098757214,1.0,1.0,0.6,0.7,0.6,106,1789944.3855097997,403776.8706580193
15,63,1.6961554444254823,1.9017688295143893,1.8887195436480417,2.031470919988504,1.6838280894805289,0.6396439362392882,1.0,1.0,0.6,0.7,0.6,108,1789905.505786382,403847.8387994147
15,64,1.6961545583984599,1.9017587807920426,1.8887090205983714,2.0314602525711805,1.6838004738852796,0.6396439362392882,1.0,1.0,0.6,0.7,0.6,110,1789951.0920710962,403736.06762023777
15,65,1.7771283909813622,1.9825610879945486,1.9717775162484656,2.1026590997754755,1.7662489170182658,0.7748136278304157,1.0,1.0,0.6,0.7,0.6,113,2278421.766913897,419010.3667010263
15,66,1.9118461131579552,2.1085902619506522,2.0883309604946287,2.2025745050391854,1.9127632513416688,1.0,1.0,1.0,0.6,0.7,0.6,114,2158846.964528097,435407.9965910467
15,67,1.911807279629938,2.111571103782367,2.098265432810358,2.2232531267034705,1.9004245858685302,1.0,1.0,1.0,0.6,0.7,0.6,117,2649776.692020291,438095.03736773325
15,68,1.9117669732092022,2.108816358203456,2.0908440668935406,2.2474194715598594,1.9006622761995176,1.0,1.0,1.0,0.6,0.7,0.6,119,2663186.732960509,415106.5134255513
15,69,1.9114627024696471,2.1075320756612967,2.0940648929719643,2.2827120093324016,1.9033697325187395,1.0,1.0,1.0,0.6,0.7,0.6,122,3225225.190410817,477105.6646285632
15,70,1.9114237230110294,2.1082106435508834,2.0970485045408744,2.3031590346005086,1.9002180749529312,1.0,1.0,1.0,0.6,0.7,0.6,128,3172009.281536549,477631.79903853656
15,71,1.9114174021503767,2.1081355572644584,2.096970324821574,2.2863268093247124,1.9001061629637257,1.0,1.0,1.0,0.6,0.7,0.6,130,3172137.274661535,477091.4560871606
15,72,1.9099025761126112,2.094968939678357,2.0946680955818713,2.3624004668039484,1.9076336772930453,1.0,1.0,1.0,0.6,0.7,0.6,137,2215581.8276623865,323183.70506700093
15,73,1.9094706562596269,2.0892316774806736,2.0887014075143733,2.361510712828706,1.9023192993055518,1.0,1.0,1.0,0.6,0.7,0.6,144,2207783.488549672,322350.646762408
15,74,1.9093778711955638,2.089120583272506,2.0908638050432042,2.40348932725164,1.9017754213221436,1.0,1.0,1.0,0.6,0.7,0.6,146,2204293.044530848,322998.1149149823
15,75,1.9093698989361698,2.0901553225430525,2.0942182797976647,2.41310188553417,1.9003062244668212,1.0,1.0,1.0,0.6,0.7,0.6,147,2210024.744028872,322904.4581307886
15,76,1.909301296956098,2.088078586591376,2.08978016873621,2.4164787952710802,1.9008804860222894,1.0,1.0,1.0,0.6,0.7,0.6,150,2231805.875374977,335657.9163465145
15,77,1.9092304544872527,2.089396644005867,2.09570738050438,2.5027271778092093,1.9002111726590352,1.0,1.0,1.0,0.6,0.7,0.6,163,4879559.77080889,332189.21174366045
15,78,1.9092301875465938,2.0893932944317517,2.095703991725673,2.507087589086053,1.900010373917155,1.0,1.0,1.0,0.6,0.7,0.6,164,4871283.792761155,332238.1619051612
15,79,1.908957825335801,2.085624186158164,2.0917840070928926,2.516195717792363,1.910667612156046,1.0,1.0,1.0,0.6,0.7,0.6,165,4367234.503397776,340988.0755091067
15,80,1.9089196699480513,2.085089370824372,2.0912278312190824,2.6152398278206443,1.900083718851735,1.0,1.0,1.0,0.6,0.7,0.6,183,2299939.967560798,317223.3218419798
16,0,0.32551171856171757,0.7694870545938711,0.7329306473358045,0.4480031048011511,0.0,0.0,0.0,0.0,0.6,0.7,0.6,1,15411815.175482271,10519479.653847337
16,1,0.3933776801394268,0.8373619713797325,0.8008053246590104,0.5198601041667597,0.06790589516473122,0.11292782728365484,8.986803519058e-05,0.00011358804190803,0.6,0.7,0.6,3,15409351.909541942,10518046.128803251
16,2,2.0570039436678043,2.5066740903881577,2.4721823856234817,2.1934360312460806,1.75186554571042,0.7375363180595743,1.0,1.0,0.6,0.7,0.6,5,14909762.90061285,10279759.657303352
16,3,2.199207053235187,2.6545052469682866,2.619627788437237,2.3497903197320755,1.9270280712562213,1.0,1.0,1.0,0.6,0.7,0.6,6,14050614.033905098,9699915.301135996
16,4,1.984214036304134,2.4449253928850205,2.4120436412406994,2.1423852468045568,1.7205777730718101,0.6624679483687652,1.0,1.0,0.6,0.7,0.6,7,12509331.255131522,8913920.183382755
16,5,1.6340049415471198,2.097671282103515,2.059679258656248,1.7992716332584129,1.3804596699125122,0.1068092019051334,1.0,1.0,0.6,0.7,0.6,9,11960634.57885657,8577673.208372684
16,6,1.6328326518725542,2.0979834436393046,2.062281539783584,1.8094370276511502,1.3652784962801534,0.10682098717195569,1.0,1.0,0.6,0.7,0.6,11,11625888.645282364,8444045.375824118
16,7,1.6507602515930708,2.114899644355308,2.074420186014241,1.8228518270538623,1.395737415813409,0.1442404056273253,1.0,1.0,0.6,0.7,0.6,12,10879289.68799946,8110756.334551156
16,8,1.5784633843753748,2.0512335524583616,2.0095229805596073,1.7598081917623505,1.4409940392921974,0.08943828441882395,1.0,1.0,0.6,0.7,0.6,13,10287119.953933658,7216318.129927487
16,9,1.4784954238478654,1.9469309692476662,1.9060195196132246,1.6546595122614907,1.6159422910410792,0.07217276601939906,1.0,1.0,0.6,0.7,0.6,14,5898649.455312317,4154784.097285041
16,10,1.4184708975859515,1.8179781490675904,1.7691698573372032,1.5192822111404563,1.7489982490689062,0.09141733416298128,1.0,1.0,0.6,0.7,0.6,15,2601849.108309541,1642653.2444198786
16,11,1.3934980899123977,1.7097764380421094,1.656429012842171,1.407122307831223,1.6812246536348239,0.1002520690484788,1.0,1.0,0.6,0.7,0.6,16,1993117.1584494945,538388.4762611706
16,12,1.3940964859824434,1.7085586222996874,1.6551199880109069,1.4083001880148394,1.3679313211082507,0.10202274710977546,1.0,1.0,0.6,0.7,0.6,17,1746897.889266002,539892.2157386485
16,13,1.389799977631597,1.7023742679529872,1.648843010890416,1.4098441668351618,1.3636557965043776,0.09557959578253003,1.0,1.0,0.6,0.7,0.6,18,2053600.5979095527,589183.5318543299
16,14,1.4348844543883545,1.7437324635672606,1.6922852524974767,1.4523536227687788,1.4119310377117298,0.1725875128298327,1.0,1.0,0.6,0.7,0.6,20,1722891.0036967502,451656.4507232522
16,15,1.9302874702554478,2.2344943329392932,2.182819742121075,1.9482492648205363,1.916095489919698,1.0,1.0,1.0,0.6,0.7,0.6,21,1816131.504413601,408026.7918191245
16,16,1.7700771319561985,2.069361154777264,2.019715479343995,1.795679707316805,1.748062478297491,0.7351672987785285,1.0,1.0,0.6,0.7,0.6,24,2311017.037939867,703442.9306198567
16,17,1.3691985783480534,1.6635689553552022,1.6159549725215423,1.3997796652072787,1.362182646285718,0.06912225022667891,1.0,1.0,0.6,0.7,0.6,25,2200131.615290299,1374753.4080480223
16,18,1.3904740013062822,1.6760892140162094,1.6257872539272813,1.4191120061284108,1.3899437052304493,0.10706380204933522,1.0,1.0,0.6,0.7,0.6,26,2183064.218484852,521640.84879249
16,19,1.408964279020179,1.6751014770638215,1.6261525453212768,1.4436948943252448,1.4207377120688682,0.1439753588336449,1.0,1.0,0.6,0.7,0.6,28,2312172.667406004,556476.9850575066
16,20,1.4062540219329702,1.6623595628041548,1.610674460941273,1.4379904726171677,1.3996801530110514,0.14182489446571764,1.0,1.0,0.6,0.7,0.6,30,2299559.315651384,745963.7597024133
16,21,1.4062532219314177,1.6634970223475798,1.6141355930466275,1.4576817361488632,1.385103299881371,0.1418248944657176,1.0,1.0,0.6,0.7,0.6,32,2300234.5010920065,744638.7593595659
16,22,1.3758564320215667,1.6207548093497923,1.5753695455100223,1.411855704105966,1.380612960024695,0.0947601674517476,1.0,1.0,0.6,0.7,0.6,34,2228515.2419725363,888056.1123759161
16,23,1.3731252039832291,1.6108689836490089,1.5651583471031947,1.3814054131918796,1.3781293534996233,0.09184258817257897,1.0,1.0,0.6,0.7,0.6,35,2207791.427684796,630783.4175835653
16,24,1.362113803502403,1.5832268298146173,1.5390395553163754,1.3816519526979452,1.3576702536829879,0.07723320666277175,1.0,1.0,0.6,0.7,0.6,40,3091657.6529670013,612784.1092861948
16,25,1.3702408915321724,1.5835330106703984,1.5389965731279611,1.3643429001060285,1.3800835698577356,0.09229415109099952,1.0,1.0,0.6,0.7,0.6,41,2187748.6349163246,785666.8235445054
16,26,1.3590973478863648,1.564511808068476,1.5196255278345396,1.3790604201416472,1.3698631464636266,0.07517395940440771,1.0,1.0,0.6,0.7,0.6,42,2789604.7940637665,719771.3402395821
16,27,1.353605697087164,1.5520035338756044,1.5090805265631517,1.3717429596488915,1.353231261319682,0.06745158365927822,1.0,1.0,0.6,0.7,0.6,44,2699583.4713268057,686056.8792634652
16,28,1.354891780515076,1.5495324614901345,1.5064439619426468,1.3758835922367076,1.3479925201980814,0.07022953061262963,1.0,1.0,0.6,0.7,0.6,46,2630755.4644262344,715224.0538425078
16,29,1.3589566491027012,1.5375613416433143,1.4960441722676325,1.3584185134744664,1.4010733743278512,0.0797250728637267,1.0,1.0,0.6,0.7,0.6,47,2751411.085322011,720061.5054092038
16,30,1.3570284682496516,1.5350363165273762,1.4957672476757269,1.365105784864181,1.3487459172876666,0.07677139230796771,1.0,1.0,0.6,0.7,0.6,49,2650442.5826171,708110.3157372082
16,31,1.3556079326944481,1.5321124901953684,1.492777950057559,1.3620901899319882,1.3470938206976781,0.07462639045100013,1.0,1.0,0.6,0.7,0.6,51,2789366.963929877,662449.6498919231
16,32,1.3552987325121126,1.5294837922367956,1.4900484115238135,1.3701750958321992,1.3482366302178774,0.07444987313905403,1.0,1.0,0.6,0.7,0.6,53,2758305.466119972,683177.691102011
16,33,1.3552745075030281,1.5301871193632928,1.4930576757671274,1.380428149312333,1.3453209067167848,0.07446973847705492,1.0,1.0,0.6,0.7,0.6,55,2766098.143488957,672794.4082504115
16,34,1.3551877704043256,1.5280991252730278,1.4886083790875388,1.383109954956419,1.3473080019234382,0.07444911403823241,1.0,1.0,0.6,0.7,0.6,56,2784279.993423404,657166.4930024046
16,35,1.359339426555882,1.5318612393993938,1.492353673107575,1.4122773015282184,1.3494638250691744,0.081425506124883,1.0,1.0,0.6,0.7,0.6,58,2163246.079394859,412466.15700019925
16,36,1.3591161254057784,1.530451694937585,1.4908924797455456,1.4180293265102744,1.3505465413464464,0.08122231888232648,1.0,1.0,0.6,0.7,0.6,60,2126468.5369526427,406333.8870317752
16,37,1.3591168959906186,1.5303581163678275,1.4907947444188543,1.4287903806322269,1.3488874177741859,0.08123708983556785,1.0,1.0,0.6,0.7,0.6,62,2125968.975096479,405971.9464239384
16,38,1.3524654564571015,1.5223579618759648,1.4850103762171076,1.423116854500689,1.3461332553423897,0.07050453636029172,1.0,1.0,0.6,0.7,0.6,64,1701642.4607448855,608317.5880059557
16,39,1.353386424415525,1.5194981236917855,1.4865355055547098,1.4513877962355326,1.3457901369555096,0.07287598878329414,1.0,1.0,0.6,0.7,0.6,73,3200057.419158645,695118.4837693454
16,40,1.3533902526429817,1.5177774871643641,1.4824658785996587,1.456801972009779,1.3446661657814816,0.07296100386422569,1.0,1.0,0.6,0.7,0.6,75,3195153.90994396,680029.4218874754
16,41,1.3531565226906683,1.5167244308211694,1.4836518802909002,1.4544909057665172,1.349730916349924,0.07283603602849661,1.0,1.0,0.6,0.7,0.6,76,3185595.354076211,662613.6229215212
16,42,1.353171661621872,1.5151842135207674,1.4820445060676821,1.452854895990479,1.3485924436864245,0.07306776245553476,1.0,1.0,0.6,0.7,0.6,77,3179754.7291093664,658279.1965082742
16,43,1.3644231552241841,1.5217451671362525,1.4884032780691046,1.4825378663698277,1.3626260134238999,0.09243244667228909,1.0,1.0,0.6,0.7,0.6,79,3346634.173736484,1370435.8137422793
16,44,1.3644217472721012,1.5217235626603545,1.4883806756101352,1.4898732443149676,1.3554907729760965,0.0924327262653786,1.0,1.0,0.6,0.7,0.6,81,3346877.021525541,1370244.4683314844
16,45,1.3447128804790964,1.498812016119424,1.474430332528264,1.4844267853469564,1.34027043257737,0.06055890169723934,1.0,1.0,0.6,0.7,0.6,87,2611043.560666276,775546.8352119547
16,46,1.3439606822650596,1.4958608332696033,1.4736597015966248,1.487809013294119,1.3409013337690554,0.05971139182054987,1.0,1.0,0.6,0.7,0.6,89,2622531.825073472,769052.8525283659
16,47,1.3419213865046222,1.4875939516318586,1.465126062149774,1.4838983094489806,1.3531011993957551,0.05704825919793379,1.0,1.0,0.6,0.7,0.6,90,2574565.6140033538,785835.5294827921
16,48,1.3459066438457166,1.4834546726232936,1.4583646296505441,1.5077078977157294,1.3429111625584356,0.06448377719061803,1.0,1.0,0.6,0.7,0.6,95,2739861.111942544,1047729.401299242
16,49,1.3469029713219398,1.4835908853127986,1.4607392186096289,1.514358350584141,1.3428420389508466,0.06636604621525587,1.0,1.0,0.6,0.7,0.6,97,2864168.880566676,953206.79794386
16,50,1.3438616661893619,1.4855779742173048,1.4743161692014504,1.5652337409030848,1.337861555878078,0.06137277812390059,1.0,1.0,0.6,0.7,0.6,99,2764249.311090254,1199436.0024640549
16,51,1.3417814058123354,1.4824294520579073,1.471122249521759,1.5587588177140566,1.3380348989591808,0.05802240275316217,1.0,1.0,0.6,0.7,0.6,100,2871134.021737875,1154804.0441189243
16,52,1.3347001882670897,1.4584618849273694,1.4396110994861497,1.534065635346292,1.3690536994098212,0.04763040126368373,1.0,1.0,0.6,0.7,0.6,101,1994047.7409605128,1069056.8312904576
16,53,1.3376961555671256,1.4583995537631105,1.441694666858591,1.5410176054856235,1.3381286144352396,0.053042148033619826,1.0,1.0,0.6,0.7,0.6,103,2095615.1904580595,774182.8620083841
16,54,1.3376894088496991,1.4583034630979514,1.4415949270796853,1.5534805054808378,1.331957978011649,0.05303970603963133,1.0,1.0,0.6,0.7,0.6,105,2095099.47445062,773762.6421262403
16,55,1.337686807333593,1.4582718701587207,1.4415619343505148,1.5618234095016477,1.3318664617657505,0.05303822518990202,1.0,1.0,0.6,0.7,0.6,107,2095241.232067363,773948.055238404
16,56,1.3376979804256608,1.457029785733006,1.4379912684381777,1.5074594064061149,1.331906294038689,0.05306761614478528,1.0,1.0,0.6,0.7,0.6,112,2097867.289496324,763635.4551833182
16,57,1.3374290318622915,1.45740079678124,1.4429402069490735,1.534502070717167,1.332900318593651,0.0527801872247461,1.0,1.0,0.6,0.7,0.6,116,2091125.7590591284,804554.7665712647
16,58,1.3389433830241324,1.459533431897459,1.447374531774607,1.6737401993688898,1.3333258591564192,0.05535529387492372,1.0,1.0,0.6,0.7,0.6,130,1982917.2741520272,827724.1557063564
16,59,1.3405783047949875,1.459073083340718,1.446825580166379,1.677337916373685,1.338100725340341,0.05828188218006667,1.0,1.0,0.6,0.7,0.6,132,1956325.1474875296,830281.7836781084
16,60,1.339423162807806,1.4579440361459075,1.4479731101351634,1.7057054210736715,1.3355498888487873,0.05646340658867784,1.0,1.0,0.6,0.7,0.6,134,1985978.464150996,813527.9592938991
16,61,1.3406217873630781,1.4582922957056614,1.448285564456362,1.710232225681215,1.3376818608915841,0.05854230838637496,1.0,1.0,0.6,0.7,0.6,135,1938733.7270986864,714650.4979473534
16,62,1.4056561973666786,1.519302061317584,1.5091253669756526,1.7836712178551895,1.4124024202642294,0.1673096003274232,1.0,1.0,0.6,0.7,0.6,136,1998029.119523836,760831.093740773
16,63,1.4037157230737787,1.5198937051539039,1.5166506088522644,1.8013077287292876,1.399170190081418,0.16415894935518033,1.0,1.0,0.6,0.7,0.6,140,2447677.4902468743,1001354.4760055589
16,64,1.4074421860833968,1.515485356250835,1.5050722889992971,1.8006475864002902,1.409493460553266,0.17079710355331568,1.0,1.0,0.6,0.7,0.6,142,2005380.2518171496,862518.4028491927
16,65,1.4067678442229603,1.5147508190695675,1.5066107118929997,1.8257409493314425,1.403663671881771,0.16978082764421365,1.0,1.0,0.6,0.7,0.6,144,2109774.943182688,933521.725251004
16,66,1.4048680798276054,1.5137559625042174,1.507929756424255,1.8422263893545021,1.4003467592133143,0.1666363598548296,1.0,1.0,0.6,0.7,0.6,146,2142687.21069184,912432.2578177212
16,67,1.339607607954542,1.447057375680249,1.4411706072388188,1.7797380957847113,1.3369413048696834,0.05799632475256078,1.0,1.0,0.6,0.7,0.6,148,2058666.4400453167,944677.1703407996
16,68,1.4054389960715639,1.5139144494276646,1.5103465744786324,1.8540315427521823,1.4007425727238134,0.16772487213458265,1.0,1.0,0.6,0.7,0.6,151,2184557.988981746,970466.0913876318
16,69,1.3392123346716365,1.4487755703510086,1.4498048719422902,1.8399768714419915,1.3347263468677357,0.05745830393530963,1.0,1.0,0.6,0.7,0.6,166,2617046.326463597,946208.8326467676
16,70,1.3314983407762058,1.4456563296054825,1.4559818257800012,1.8712750026539116,1.3268661554773113,0.04461044469154078,1.0,1.0,0.6,0.7,0.6,169,2440428.2314755064,909123.7376657948
16,71,1.3315571692558967,1.4454434279806145,1.4580334370898989,1.8871515565886638,1.3279203661248684,0.04482829278013749,1.0,1.0,0.6,0.7,0.6,173,2399066.247898281,919510.6314246976
16,72,1.3315546816032457,1.445420941750773,1.4580099528769859,1.8914598547546762,1.3269974189480038,0.04482710278332102,1.0,1.0,0.6,0.7,0.6,174,2392062.0927133383,896880.9631866608
16,73,1.3315537382392935,1.4465147334352562,1.4614254262191722,1.9109527233092747,1.3269917763139145,0.04482829278013749,1.0,1.0,0.6,0.7,0.6,175,2398892.7746600085,919639.2839897108
16,74,1.3469631559016881,1.4581823355151307,1.4661087038767855,1.9170124965320752,1.342430821441436,0.07052729981435658,1.0,1.0,0.6,0.7,0.6,180,1697038.1244122046,827588.5918059092
16,75,1.3451514731296634,1.4552554654564132,1.4654106178059096,1.9299948703222265,1.3439958381030905,0.0677031232887727,1.0,1.0,0.6,0.7,0.6,182,1866406.4772505288,831457.0684224215
16,76,1.344766250441645,1.4506034024811902,1.458303353644066,1.9064032001419706,1.3450345590971913,0.06732572633047892,1.0,1.0,0.6,0.7,0.6,184,1791685.2827111229,860102.029285951
17,0,0.19093298612376297,0.667556722944164,0.6269240608579469,0.3402674976653126,0.0,0.0,0.0,0.0,0.6,0.7,0.6,1,29924637.108498447,10661761.09514931
17,1,0.2547468544076679,0.7313709176121055,0.6907377318701403,0.4080638360260605,0.06384286075911222,0.10618057621451815,9.026392961874e-05,9.064616317015e-05,0.6,0.7,0.6,3,29922530.413021818,10661162.186174924
17,2,0.5345337183489156,1.0123030131400386,0.9739752960762952,0.7073589092491005,0.3453629105638027,0.14369421820511183,0.19291241579155546,0.20469308317207907,0.6,0.7,0.6,4,29827679.68563989,10635971.242564084
17,3,1.6046589222164966,2.081872068439003,2.0429077466848793,1.762248697629769,1.4747154889445737,0.21593069983573496,1.0,1.0,0.6,0.7,0.6,5,27718550.090674102,9923840.299922068
17,4,1.770474823822099,2.2471835301722063,2.2080065010533847,1.9363312704577664,1.6076648864544745,0.5003159393209704,1.0,1.0,0.6,0.7,0.6,7,25564178.360380653,9285524.745089276
17,5,1.5291277441767501,2.0040337705532316,1.962302356228514,1.7113547081935252,1.3802673689320408,0.1065846879460588,1.0,1.0,0.6,0.7,0.6,8,24617959.266700152,8993202.361123724
17,6,1.3476368214546568,1.6682004389843352,1.6173323172922793,1.3495625811782745,1.7192810959318998,0.02256758890729707,1.0,1.0,0.6,0.7,0.6,10,6655580.353381663,1870560.9164327653
17,7,1.3413675604132607,1.635131710561645,1.5852194012857024,1.3219153538991852,1.3617593781904251,0.022567957515336058,1.0,1.0,0.6,0.7,0.6,12,4031310.610600692,1052242.4324572517
17,8,1.340605606973445,1.6246617307760545,1.5742850102692456,1.3163545265880163,1.3311522341098885,0.02446876000306145,1.0,1.0,0.6,0.7,0.6,14,3702950.166259885,930146.051665518
17,9,1.3439405132585347,1.6253895780569834,1.5748883151698667,1.3215432245819683,1.3276240815733833,0.03086995693478404,1.0,1.0,0.6,0.7,0.6,15,4033423.267422158,1019309.0604470404
17,10,1.339748366807485,1.6202402929434525,1.571964945352136,1.3287666683782846,1.321091209750236,0.02446876000306145,1.0,1.0,0.6,0.7,0.6,16,3540368.253934984,836390.0229413077
17,11,1.3434789071083824,1.6234426381022864,1.5751417601458213,1.3400908115902799,1.3205499417592976,0.03086995693478404,1.0,1.0,0.6,0.7,0.6,17,3980771.693105648,986210.5901529938
17,12,1.329210225291385,1.607761154235828,1.5571230671782095,1.310220850383389,1.3054609025513362,0.007192365716640959,1.0,1.0,0.6,0.7,0.6,18,3680478.2158635375,912002.4594207326
17,13,1.3427564636494358,1.6184991140563851,1.5699996854694906,1.3379468491746853,1.331242679216651,0.030903267819912577,1.0,1.0,0.6,0.7,0.6,19,3980397.932347025,950926.2555245404
17,14,1.3427528305640728,1.6184658111707622,1.5699650081035108,1.3431604578629104,1.3185928793106898,0.03090591533893669,1.0,1.0,0.6,0.7,0.6,21,3980434.654720723,950997.6262401872
17,15,1.3814819080585679,1.6345771234398132,1.5850244510329472,1.360957392215223,1.4353703514998286,0.10159565369203812,1.0,1.0,0.6,0.7,0.6,22,3838626.997262426,823274.8166838866
17,16,1.383883222804159,1.635040376400105,1.58539869619052,1.3804283002727094,1.3668012487570356,0.10608111704124415,1.0,1.0,0.6,0.7,0.6,24,3981095.1436546105,854470.9559526346
17,17,1.3798268944138745,1.6257166980401299,1.5803766575989848,1.3934285489958587,1.372923091917003,0.1011449160583594,1.0,1.0,0.6,0.7,0.6,26,3978357.4499351145,819595.2700133681
17,18,1.3798267487489744,1.6268589028135523,1.5838427836940132,1.4029855440972971,1.360688585688222,0.1011449160583594,1.0,1.0,0.6,0.7,0.6,28,3977917.534108268,819389.3629667215
17,19,1.3789210546272739,1.6260623940394563,1.5898664837050527,1.415208632462082,1.3656007595887207,0.10040869430999669,1.0,1.0,0.6,0.7,0.6,30,3621265.629273956,774140.3488973536
17,20,1.3681615962773024,1.6063519592452429,1.5606615887170783,1.3837744342600864,1.3547780484218925,0.08347077279524709,1.0,1.0,0.6,0.7,0.6,33,3468215.8927711416,678391.8777856758
17,21,1.3667724909845997,1.6014889287367264,1.5601857008800715,1.4062440452152045,1.3586772571873682,0.0824202972100913,1.0,1.0,0.6,0.7,0.6,35,3498426.9212820926,726623.1496276291
17,22,1.3655874403822015,1.593505826178283,1.5473513113090427,1.3868678347936636,1.3560390050995086,0.08140294587873376,1.0,1.0,0.6,0.7,0.6,37,3534031.086543692,789850.9459633114
17,23,1.3642817322595753,1.5905445895759747,1.548860727259536,1.3978304829720243,1.3542975696731179,0.0800413610354561,1.0,1.0,0.6,0.7,0.6,39,3592438.943378081,903037.9425095316
17,24,1.3641437661394407,1.587307414263183,1.5409393412046355,1.3937693628209735,1.34927910261292,0.07997700909618508,1.0,1.0,0.6,0.7,0.6,41,3621491.1390489526,962520.8321159187
17,25,1.3504453245615187,1.5374771892052719,1.491780467333741,1.3614029660597868,1.3968769620954562,0.06388694666380111,1.0,1.0,0.6,0.7,0.6,43,2773924.1059873463,916982.605356507
17,26,1.3491915107689407,1.5268910137963112,1.4830605698717272,1.3595837907733963,1.3541588149201582,0.0634145405109619,1.0,1.0,0.6,0.7,0.6,45,3109271.9648000305,1031868.5437347312
17,27,1.3483571156601515,1.5221970336394437,1.4804724263084799,1.3676687978218558,1.3453666685348786,0.06276491148044253,1.0,1.0,0.6,0.7,0.6,47,3171287.650577348,1094585.7899992804
17,28,1.3481894120609528,1.514800374741843,1.468213367768476,1.3618932162817754,1.3417187811930664,0.06319623271981069,1.0,1.0,0.6,0.7,0.6,51,3541464.6442934987,1205289.7345039593
17,29,1.34781704309028,1.5161869780862203,1.476499115202917,1.3850085289403224,1.34278988937211,0.06280990069345405,1.0,1.0,0.6,0.7,0.6,52,3300726.4858723725,1118701.2484007834
17,30,1.3476107437710647,1.5158770890387907,1.476184713975746,1.3779267529449204,1.3378135488329645,0.062480902054486545,1.0,1.0,0.6,0.7,0.6,53,3117357.806252887,1103420.6217499266
17,31,1.3481070580162315,1.5140560818482944,1.4765377497307353,1.3964695940241856,1.348879600385494,0.0637877755176827,1.0,1.0,0.6,0.7,0.6,54,3452518.6981015247,1148170.2011828828
17,32,1.3471086132666765,1.510261143156888,1.4703473062038177,1.3756120178050626,1.3424640315254739,0.06234906893981512,1.0,1.0,0.6,0.7,0.6,55,3597998.155586749,1265523.147656815
17,33,1.347257201396792,1.5107497095336067,1.4731251455825787,1.3893880228209843,1.3400813165955208,0.06270557110521315,1.0,1.0,0.6,0.7,0.6,56,3503147.743236924,1223828.0287568085
17,34,1.3473319991757453,1.5098313199649325,1.4721637811122752,1.3956498375022584,1.339298315794751,0.06296415266417629,1.0,1.0,0.6,0.7,0.6,58,3645144.446682127,1266425.5639109488
17,35,1.3482168163574988,1.5108812835800292,1.4754951380475374,1.413596989218144,1.3417318046907352,0.06456987424824902,1.0,1.0,0.6,0.7,0.6,59,3318856.322344028,1337680.2768752952
17,36,1.3485943427160536,1.5130063094416877,1.482244779074597,1.4387427726458673,1.3408095086725864,0.06527095908019385,1.0,1.0,0.6,0.7,0.6,60,3322853.152961603,1349959.066341308
17,37,1.347187216099825,1.508961199814479,1.4780858471870522,1.4393712123909923,1.341994128527784,0.06327433969862348,1.0,1.0,0.6,0.7,0.6,62,3591588.411015389,1194500.3402096815
17,38,1.3467880640555143,1.5018362594453845,1.4706710513862,1.4450995588176734,1.3421840239245835,0.06347325811435033,1.0,1.0,0.6,0.7,0.6,67,3070216.5818072697,1177250.7383022683
17,39,1.3459316347169379,1.4770838324587818,1.4403453036047575,1.3865142270897364,1.404255763240501,0.06460109529028786,1.0,1.0,0.6,0.7,0.6,68,3175177.8442424056,1088128.5122306894
17,40,1.3458566421866327,1.4716142548568485,1.4323708971917086,1.40060510537061,1.3453738176918892,0.06494163165483788,1.0,1.0,0.6,0.7,0.6,70,2970480.426453182,1018080.0533648658
17,41,1.3458493417616375,1.4714292171025125,1.4321783647229909,1.3959157126605746,1.3391519543718375,0.06494911884545798,1.0,1.0,0.6,0.7,0.6,73,3009645.5220366525,1021544.916436371
17,42,1.345848169815529,1.4714272588272441,1.4321762926051234,1.3995928075877901,1.3389706434679503,0.06494725070922551,1.0,1.0,0.6,0.7,0.6,74,3008781.6932519083,1021272.7162385436
17,43,1.3459776831491927,1.4674672000327034,1.4280421451593277,1.4111445999521228,1.351676101268239,0.06559991111586928,1.0,1.0,0.6,0.7,0.6,75,3110082.834852856,1082440.9789243194
17,44,1.3458483239050358,1.4671069069104736,1.429947177418692,1.4222279405087779,1.3413784929307075,0.06552837615790975,1.0,1.0,0.6,0.7,0.6,77,3021161.1096571246,1046743.7835338851
17,45,1.3456080724563484,1.461331225211607,1.417110580202117,1.3993169272468995,1.3423741654812322,0.0653471085618913,1.0,1.0,0.6,0.7,0.6,79,2969905.259153372,1028688.4721889772
17,46,1.345649004690903,1.462484721355843,1.4205866029399363,1.419136454095415,1.3392818079784616,0.06541849721811739,1.0,1.0,0.6,0.7,0.6,82,2967248.045777577,1023900.5125302732
17,47,1.3459395651712067,1.4612426402741652,1.4192794291869362,1.4341458095234898,1.344242234264494,0.06606058667837608,1.0,1.0,0.6,0.7,0.6,83,2958840.5655569565,1006967.6655393776
17,48,1.3463809362842571,1.4627860394480656,1.423144851546339,1.4676740647367765,1.3401235416520132,0.06680693552324354,1.0,1.0,0.6,0.7,0.6,91,2505447.667820415,913784.6380107768
17,49,1.3460351943378877,1.4603940857647206,1.420666224145923,1.4858226835141966,1.3428596446460699,0.06643416434684071,1.0,1.0,0.6,0.7,0.6,93,2660602.275005873,955100.553886808
17,50,1.3524539888779308,1.4749100803564161,1.4560039707648342,1.6036224285262026,1.3529534627135644,0.07735154470284701,1.0,1.0,0.6,0.7,0.6,94,2686368.599771101,952093.3607064948
17,51,1.3565293738573585,1.4803333451980216,1.4660349387242013,1.6247622237294328,1.3515232376982416,0.08424147459996877,1.0,1.0,0.6,0.7,0.6,97,2995730.952137892,1546543.5147265026
17,52,1.3539669351612722,1.4700140803078077,1.453112048451527,1.630003567721559,1.3549270976511096,0.08061173148154695,1.0,1.0,0.6,0.7,0.6,100,3500599.6459993185,1893154.5678302208
17,53,1.3526453661818576,1.4524213793501133,1.434833058671063,1.6278755670550598,1.3965114368678084,0.07989685660326726,1.0,1.0,0.6,0.7,0.6,101,3229383.9778265352,1717146.610099433
17,54,1.3547357402624705,1.4391109891344538,1.4208758361024898,1.6190422946177678,1.3737103115859224,0.0846690358244822,1.0,1.0,0.6,0.7,0.6,103,3349808.357158473,2133759.2686583395
17,55,1.354233154966296,1.4384548776878803,1.4270412273946724,1.6450803131170724,1.3557543123877127,0.08411377469849281,1.0,1.0,0.6,0.7,0.6,105,3344844.147080224,1783042.7590318818
17,56,1.3529987849374934,1.4322642819493245,1.4160910099295823,1.6314344104789775,1.3533734513280182,0.08226728111633078,1.0,1.0,0.6,0.7,0.6,107,3274223.281381334,2365540.703309745
17,57,1.3529895709524098,1.4310671734244447,1.412568247235568,1.6381212498156903,1.349418567516108,0.08225532724914711,1.0,1.0,0.6,0.7,0.6,109,3273960.0064027524,2363300.492968952
17,58,1.3529966867269352,1.4322157131246482,1.4160404755102622,1.6521316485766078,1.3493620907574497,0.08226728111633078,1.0,1.0,0.6,0.7,0.6,111,3274502.2289169985,2365464.3460738747
17,59,1.3529687679075906,1.4326483237368497,1.4187683785841287,1.6513770288739726,1.3513459889199058,0.08227232733612187,1.0,1.0,0.6,0.7,0.6,112,3278688.786451057,2364341.3296817825
17,60,1.383251357222492,1.4599751693833625,1.4414195424462142,1.6916068463278582,1.3806721327768758,0.13279490939100472,1.0,1.0,0.6,0.7,0.6,114,3269377.074683147,2314506.753653964
17,61,1.3529390148665865,1.4318825570092226,1.4179718120819362,1.663016289370698,1.3495524088739277,0.08227912243047221,1.0,1.0,0.6,0.7,0.6,115,3278029.012609248,2356904.407893807
17,62,1.3974024611087872,1.4728974582363725,1.4588425736077886,1.7121221375025515,1.404159561273075,0.1566455897122604,1.0,1.0,0.6,0.7,0.6,116,3266934.3309137123,2217257.879027114
17,63,1.397404918736402,1.472890047455381,1.4588347298216173,1.7304718931681644,1.3940053870270925,0.15665045149981266,1.0,1.0,0.6,0.7,0.6,118,3267010.2669345564,2216759.28723442
17,64,1.3595859529070848,1.4349703123142148,1.4209107755268957,1.7051099220407049,1.3564681647448409,0.09362628035364459,1.0,1.0,0.6,0.7,0.6,119,3269923.673694433,2277386.9322709143
17,65,1.3938384696537716,1.4628144342480494,1.450763616404121,1.7371987539196185,1.413065911012322,0.15126864530809717,1.0,1.0,0.6,0.7,0.6,120,3097453.5854024887,1965794.9743919552
17,66,1.3635911627404909,1.4345761199112261,1.4317136605339575,1.9659314154661462,1.3608271947276904,0.10103897532218209,1.0,1.0,0.6,0.7,0.6,157,3177339.8433644725,2037344.624623132
17,67,1.3548029711052478,1.4208328365654324,1.4177637023512855,1.9431743209164014,1.3569262627538201,0.08673958246316857,1.0,1.0,0.6,0.7,0.6,160,3260508.306623454,2271883.0956560853
17,68,1.3547869408549102,1.4204849479004031,1.4174020486350218,1.9602607627914272,1.3525297517021508,0.08673570868188664,1.0,1.0,0.6,0.7,0.6,162,3262760.9724349887,2267757.7379315067
17,69,1.3539296812130948,1.420672525194238,1.4199094267537578,1.9661992866329459,1.3513495970078626,0.08531446768149084,1.0,1.0,0.6,0.7,0.6,164,3247789.481694569,2223566.3451559027
18,0,0.4584945737940204,0.8354069523202081,0.8014868296304583,0.5176774329280316,0.0,0.0,0.0,0.0,0.6,0.7,0.6,1,1425506.5019732343,10436539.181842322
18,1,2.277846481543638,2.699319199061003,2.6662340187128355,2.3984455771693467,1.9210911526825614,1.0,1.0,1.0,0.6,0.7,0.6,6,2561973.105759569,8944869.349476827
18,2,2.2746391288080474,2.6976700920714185,2.664518821068858,2.4004941149301358,1.9046410759925605,1.0,1.0,1.0,0.6,0.7,0.6,7,2812906.8984617474,8909405.479444677
18,3,1.7443252243189193,2.175908390638195,2.142375328256859,1.8808297242387333,1.4147372033225116,0.14631136307611484,1.0,1.0,0.6,0.7,0.6,8,3824172.993069452,7550172.725236081
18,4,2.064185932324493,2.540360972437192,2.500918691962334,2.243751774062729,2.318919561437568,1.0,1.0,1.0,0.6,0.7,0.6,9,4266093.579423919,2486888.2733766083
18,5,1.9656271391461733,2.370922486667997,2.3269821932758425,2.063408580118812,2.3819555958836687,1.0,1.0,1.0,0.6,0.7,0.6,10,1835069.8220432056,488913.92773631547
18,6,1.9409580443948857,2.28619417202017,2.2365871157801216,1.9806666641475474,2.1370749472468047,1.0,1.0,1.0,0.6,0.7,0.6,11,970883.0295735474,573205.3927706368
18,7,1.9409344282017527,2.2872328191271847,2.2399455738358696,1.9879634537905062,1.9001418037916857,1.0,1.0,1.0,0.6,0.7,0.6,13,970678.6632461704,572192.9484484533
18,8,1.355525239640932,1.7025061419187844,1.6575190044188939,1.4290439790339884,1.315131163719656,0.02454277903949621,1.0,1.0,0.6,0.7,0.6,17,982852.6159614424,544630.8478276394
18,9,1.3548490675008997,1.7015502176578,1.656548207516109,1.428070087247443,1.3147221831576863,0.02357529099139579,1.0,1.0,0.6,0.7,0.6,19,966323.4800883322,542218.9274227081
18,10,1.3546005014852271,1.701575427904321,1.6588521274630685,1.4386183826294516,1.3171919891168957,0.023580090578757578,1.0,1.0,0.6,0.7,0.6,20,973960.6354489347,532577.9866332529
18,11,1.3545384401436011,1.7001668039497955,1.6551093224992801,1.4338409264187315,1.3148599388115936,0.023574759775672048,1.0,1.0,0.6,0.7,0.6,21,975622.0966832236,530196.4919336279
18,12,1.3545366360355637,1.7012871904504743,1.658552319064642,1.4425228497883253,1.3142175799860483,0.02358119610146513,1.0,1.0,0.6,0.7,0.6,22,975839.585798568,529908.8961444173
18,13,1.36030004891085,1.7049567874449294,1.6598503175218897,1.4540252642061209,1.3231512160381875,0.033596188406516445,1.0,1.0,0.6,0.7,0.6,23,1002180.3492382,520172.5188689249
18,14,1.3542113029339244,1.6976235507186122,1.6524513780530374,1.4494032436144457,1.319422762348625,0.02412031275215922,1.0,1.0,0.6,0.7,0.6,24,959728.1646549454,506867.3590556683
18,15,1.353535501619584,1.6968427652224563,1.6539303845836328,1.44995743466013,1.3162849507769656,0.02357079689340235,1.0,1.0,0.6,0.7,0.6,26,963036.1213374157,480351.8658818105
18,16,1.934322529610455,2.2590333129102356,2.2151744932690827,2.001828708926003,1.9669215364628694,1.0,1.0,1.0,0.6,0.7,0.6,27,1063480.048863918,442031.9778466217
18,17,1.3509548241044333,1.6775498907296518,1.6383187956993384,1.507168669896314,1.3168513469663772,0.027888681223385746,1.0,1.0,0.6,0.7,0.6,39,1152001.4818176732,450832.34922861954
18,18,1.346023104483278,1.673078109205588,1.6361366143461766,1.5117532154841138,1.3144262715037518,0.019958862923765842,1.0,1.0,0.6,0.7,0.6,40,1068803.040797258,428449.1253149047
18,19,1.3467146354335218,1.6697192181128315,1.6303088527280511,1.5096052585585606,1.3168110615155975,0.02231176265942883,1.0,1.0,0.6,0.7,0.6,43,948602.3216317988,1632711.41994843
18,20,1.3466369354251724,1.6717588556006664,1.6392548359941466,1.547661422395021,1.3182036688736265,0.022710033108627938,1.0,1.0,0.6,0.7,0.6,44,971197.6529370036,1545864.6958955352
18,21,1.3451440502034417,1.6614873874435676,1.621747127049169,1.5008942438685016,1.3321249207303194,0.022335533561111683,1.0,1.0,0.6,0.7,0.6,45,1004907.5909754304,1583397.5768975455
18,22,1.3769686381637039,1.691271003405594,1.6491626405405442,1.527926405722419,1.3485662524402002,0.07572315997691298,1.0,1.0,0.6,0.7,0.6,46,979241.308434625,1631458.8815829407
18,23,1.3681916756482324,1.67871843482442,1.6432287918459436,1.5686524927001804,1.3632562696774793,0.06379023621850402,1.0,1.0,0.6,0.7,0.6,47,1043829.3990919295,1638217.0973193198
18,24,1.3437764386227378,1.6564081230839856,1.6255575914154252,1.5487022194924878,1.3140482945862555,0.02316190460222971,1.0,1.0,0.6,0.7,0.6,51,1061982.065093298,1610471.3794936102
18,25,1.3438092268967485,1.654153383759152,1.6186549107905286,1.5340175775396863,1.3139310563823843,0.02321693759577387,1.0,1.0,0.6,0.7,0.6,55,1063032.495844644,1610579.1500456296
18,26,1.3433514401506006,1.6535981797556532,1.6226316477326637,1.5644909367487188,1.3221908619030684,0.02331182203932183,1.0,1.0,0.6,0.7,0.6,56,1060594.224134754,1355280.0595573608
18,27,1.331883351674838,1.6285997729436494,1.5992502688184143,1.5590806125122119,1.3139084807011288,0.00919340560058413,1.0,1.0,0.6,0.7,0.6,62,795804.366882112,966682.226038778
18,28,1.3318713027152995,1.625106660883214,1.5887831847914957,1.5362554020471375,1.3055994688305779,0.00918957631788536,1.0,1.0,0.6,0.7,0.6,64,795503.0905470327,966468.2363471296
18,29,1.3330079762909635,1.6321761422935577,1.6097525289947838,1.5991156408671934,1.3074818789823088,0.01134015887824363,1.0,1.0,0.6,0.7,0.6,68,781712.8795994292,659519.9326617095
18,30,1.3324323907504185,1.6313181275713542,1.6134202987239608,1.6549464213234155,1.3088740030230048,0.01118902034732166,1.0,1.0,0.6,0.7,0.6,72,769702.533486678,651094.3972383456
18,31,1.3338853921424727,1.6257480758077265,1.5984385524863853,1.5822798965416718,1.3127291496938793,0.014367412107217889,1.0,1.0,0.6,0.7,0.6,74,733899.882963557,692522.1197439103
18,32,1.3316734359026596,1.6116497792285038,1.5905926300409337,1.631294318510835,1.359963332716184,0.015124424269236738,1.0,1.0,0.6,0.7,0.6,75,964441.9684745364,607058.835552173
18,33,1.334971889517338,1.607607618661468,1.5771261951216542,1.6144811694367593,1.3146470636090077,0.02137499840548579,1.0,1.0,0.6,0.7,0.6,80,932328.5153084872,626053.7366312725
18,34,1.3318079018912294,1.610622430256199,1.594052851557799,1.679720369375167,1.3099744824143045,0.016284901004823223,1.0,1.0,0.6,0.7,0.6,91,814763.3449451547,611288.9908385223
18,35,1.3323958061632446,1.59524781902546,1.5688567449826292,1.6555724385016468,1.324528920677905,0.02020379265325169,1.0,1.0,0.6,0.7,0.6,94,865524.9895197009,708135.8589542044
18,36,1.3322430641463303,1.5940661876995563,1.5676278572049185,1.6725455077897182,1.313794067840583,0.02020367755888032,1.0,1.0,0.6,0.7,0.6,96,862672.9879786691,733361.8164986713
18,37,1.3316697962320578,1.5954706830452556,1.5736657985329772,1.7180931281053624,1.3120994991167874,0.01932472501641758,1.0,1.0,0.6,0.7,0.6,98,837300.3542733291,727285.8994631544
18,38,1.3318261804258462,1.596457637586507,1.5769623494286256,1.7716437005433243,1.3128151700983288,0.019662384909495352,1.0,1.0,0.6,0.7,0.6,99,836294.4463109857,728815.4875080582
18,39,1.3318170925584436,1.596386180005374,1.576888034106096,1.7675410845300572,1.3118976643359357,0.019662384909495352,1.0,1.0,0.6,0.7,0.6,101,836715.9910557468,727719.3960804149
18,40,1.331897047609447,1.5925081322461003,1.568285430759282,1.7121539141900004,1.317537008623492,0.02020283840938275,1.0,1.0,0.6,0.7,0.6,102,846149.2245471668,698654.2565585688
18,41,1.9197193659445646,2.1799456810730917,2.155705350804291,2.3194819442147923,1.900124797766587,1.0,1.0,1.0,0.6,0.7,0.6,112,826249.6660675212,691415.3355796479
18,42,1.3440155770428612,1.608046937829131,1.5953385513013134,1.7907928672876383,1.3307617301898538,0.04095320360482286,1.0,1.0,0.6,0.7,0.6,113,805865.1637100504,724990.7744201039
18,43,1.325874442982105,1.5972208635302407,1.6007481584036025,1.8602703256950504,1.307659556135358,0.01088431014634703,1.0,1.0,0.6,0.7,0.6,115,707312.8237886063,742400.4928433249
18,44,1.3249409140665132,1.5881670845324427,1.589052427045345,1.806860113462887,1.3178114906944507,0.01094824482608528,1.0,1.0,0.6,0.7,0.6,117,709593.3347465605,742764.3690384887
18,45,1.3249433401502708,1.5892379056176358,1.5924437336646586,1.8374657601612188,1.306641850743715,0.0109693028191473,1.0,1.0,0.6,0.7,0.6,121,709797.7935675986,742570.5838920189
18,46,1.3305363864952626,1.5854576957601445,1.576878200687193,1.7799942440288774,1.3165727425181828,0.02110931412214279,1.0,1.0,0.6,0.7,0.6,124,823720.651324351,752118.5762538532
18,47,1.3262373775469287,1.5807734632343036,1.5789930339678357,1.7912199061721021,1.321091773790571,0.01477932905366551,1.0,1.0,0.6,0.7,0.6,125,749296.4818054304,736625.8576884773
18,48,1.3327300445459391,1.5796275062092713,1.5775028750960893,1.8227787593414697,1.3203814847392168,0.02720883442380314,1.0,1.0,0.6,0.7,0.6,131,810400.7587524705,740123.618607075
18,49,1.3335862816375164,1.5843570040015793,1.5914966752922521,1.912076267891396,1.3183785803281234,0.028779244410904757,1.0,1.0,0.6,0.7,0.6,133,827671.3034345862,739551.4299655352
18,50,1.3450085583120424,1.5939726717842109,1.601031216607665,1.9240012524878316,1.334646796387582,0.04818377505244917,1.0,1.0,0.6,0.7,0.6,134,809341.677598039,743422.7515235887
18,51,1.3396862222618138,1.5835372568413177,1.5812760372491135,1.8596896999570478,1.3240813571725543,0.039422152785509854,1.0,1.0,0.6,0.7,0.6,138,806341.4361270656,724941.1230672579
18,52,1.3454519901786592,1.5894658500057126,1.5894847310707934,1.8663721448890715,1.3305733246561537,0.04922870641248782,1.0,1.0,0.6,0.7,0.6,141,768718.7805923618,807905.6138363112
18,53,1.3454531702366352,1.5894485673384904,1.589466522940955,1.8786840863004688,1.329569521509237,0.04923432814552814,1.0,1.0,0.6,0.7,0.6,143,768706.3668622224,807939.5645809239
18,54,1.3584991239394308,1.6145309437436213,1.6400873365759865,2.2690866483215713,1.34269309765524,0.07108552712014851,1.0,1.0,0.6,0.7,0.6,184,784159.0617517566,5537149592.89439
18,55,1.3584955174056352,1.6156404920239988,1.6435192200249764,2.284738094375536,1.3426990043800713,0.07108553021111921,1.0,1.0,0.6,0.7,0.6,186,776978.1460143019,5537629833.212867
18,56,1.3584725209623518,1.6144340566642725,1.6399874176335727,2.2937629417941494,1.3427608618666818,0.0710552403074286,1.0,1.0,0.6,0.7,0.6,187,784085.4848718598,699307.9397087222
19,0,0.429395944099535,0.8227670552637859,0.7883415786679114,0.5043175824933477,0.0,0.0,0.0,0.0,0.6,0.7,0.6,1,4473267.398120835,10439326.104633132
19,1,1.7851188146038606,2.1813068291877022,2.1467889401999343,1.8724558781209044,1.3624880613977588,0.1014173696688883,1.0,1.0,0.6,0.7,0.6,5,4423271.446272906,10497050.557139914
19,2,1.7063122484817428,2.1412183272862118,2.1051461874635122,1.840526859319625,1.4146102960017415,0.09937605451226356,1.0,1.0,0.6,0.7,0.6,7,4536217.157216345,7822195.975557485
19,3,1.7010410076523756,2.138412612688589,2.1022156113230017,1.846649250018928,1.3687779109662737,0.09990379907972377,1.0,1.0,0.6,0.7,0.6,8,7376411.979558897,7003199.601880248
19,4,1.5640134113228155,2.0395492383263027,1.9997297697827574,1.7453102483640404,1.4799720478117964,0.08609588342910049,1.0,1.0,0.6,0.7,0.6,10,6062574.799419613,3766883.5801801183
19,5,1.6407116588498916,2.1003706159636644,2.058401765752317,1.7985919235656933,1.6810608130984286,0.37197194934864536,1.0,1.0,0.6,0.7,0.6,12,3103480.465413064,2635844.8001151667
19,6,1.3543200001676365,1.7272649089939303,1.6791579312955256,1.4294060037468737,1.7383690592475571,0.0059318926404084696,1.0,1.0,0.6,0.7,0.6,13,458295.1551966593,574813.371583569
19,7,1.3755706565925516,1.736460447438961,1.689950816019409,1.4469743596878737,1.3555775200131766,0.04964403502268781,1.0,1.0,0.6,0.7,0.6,15,629160.0443394063,591513.8914298213
19,8,1.3471806093708052,1.7067286352727575,1.6624089363804884,1.4321392667389286,1.311673685995633,0.0037597288395269804,1.0,1.0,0.6,0.7,0.6,16,526696.071042039,540865.8756313933
19,9,1.3471764775778843,1.7066970978650446,1.6623761948429117,1.4414043755770556,1.3023133090092633,0.0037685753521250398,1.0,1.0,0.6,0.7,0.6,18,526403.3611030892,540482.1873250096
19,10,1.347752225471989,1.7067904055564913,1.6624433528009752,1.444561834229952,1.3048679209357301,0.005008512791130159,1.0,1.0,0.6,0.7,0.6,19,520721.191596083,535115.5810471644
19,11,1.3483165368405212,1.7045160623371922,1.6600172743915946,1.4389690481266237,1.315226247649868,0.007541657558056509,1.0,1.0,0.6,0.7,0.6,20,549170.2792527907,543511.0332184521
19,12,1.3482974855429446,1.7055817851683082,1.6634034371995816,1.447593375963634,1.3046326936956278,0.007541657558056509,1.0,1.0,0.6,0.7,0.6,22,548658.220813815,542415.5916686822
19,13,1.3541938274398315,1.7096949746192318,1.669685262325133,1.4716097714534344,1.3223517730817553,0.01896914197740033,1.0,1.0,0.6,0.7,0.6,23,543192.6877090998,513427.4513154111
19,14,1.8188315948289628,2.161961467506678,2.114511123518234,1.9090528239457485,1.7854354877500938,0.7980112581087428,1.0,1.0,0.6,0.7,0.6,28,591501.0234176017,1939225.5082805064
19,15,1.8661843858908314,2.2023346573473206,2.154523872396287,1.9520077898764985,1.853678720221306,0.8803199564398854,1.0,1.0,0.6,0.7,0.6,29,571012.2117699527,1055901.716603735
19,16,1.4283519435614838,1.7480212272428202,1.7016429064068155,1.501508805170027,1.4584890418284218,0.15837959120896322,1.0,1.0,0.6,0.7,0.6,30,470874.4323282268,1105346.594693653
19,17,1.4283460528626577,1.7491367266090112,1.7050808788030603,1.5108129051110306,1.3950642863732872,0.15837834752923757,1.0,1.0,0.6,0.7,0.6,32,470742.5160216196,1105067.1957718967
19,18,1.5073491870471085,1.8245595989773817,1.7780591786274007,1.5935835097404834,1.483119281656419,0.2910293141320969,1.0,1.0,0.6,0.7,0.6,33,446858.6024511857,502751.7179464963
19,19,1.397683274651964,1.7038454121327673,1.6613376683115515,1.4727368197083868,1.414374807739875,0.11332370424246123,1.0,1.0,0.6,0.7,0.6,34,452400.22967440594,471974.0495553833
19,20,1.928608883936315,2.2284168098376993,2.18333364743943,2.047855899021656,1.902181248467206,1.0,1.0,1.0,0.6,0.7,0.6,42,503719.8540451413,546935.4109120573
19,21,1.3477196979498574,1.6527332561747192,1.6192448403696162,1.4837914598066653,1.3200897407394216,0.032028331461972946,1.0,1.0,0.6,0.7,0.6,44,553132.9343879205,703990.9763337789
19,22,1.4056299805794463,1.6994966725480602,1.6563958124700089,1.524033124715582,1.3898115221788876,0.13079473147054674,1.0,1.0,0.6,0.7,0.6,46,454022.6400797272,490167.1287084722
19,23,1.921344477961306,2.1821002946229564,2.1374430439936605,2.021985612514792,1.954985372906473,1.0,1.0,1.0,0.6,0.7,0.6,48,398806.6437299241,378079.5783249269
19,24,1.9206026630261595,2.1776512228039007,2.135094085279152,2.02349645608124,1.9078809284849663,1.0,1.0,1.0,0.6,0.7,0.6,50,378404.2872202336,349638.13292632165
19,25,1.92043663021013,2.1764068560199523,2.1338000474310115,2.043146903608376,1.900897591611976,1.0,1.0,1.0,0.6,0.7,0.6,54,370033.5787785253,347066.3752515705
19,26,1.9182972281365225,2.1626736021459605,2.1263519874503416,2.0599186319438365,1.9048484196519628,1.0,1.0,1.0,0.6,0.7,0.6,64,314565.74735749915,288566.05917008163
19,27,1.9179579874089803,2.1598130658512313,2.1233770559111034,2.07596278298215,1.9040474826352485,1.0,1.0,1.0,0.6,0.7,0.6,66,292311.63170707255,270605.7643339023
19,28,1.9179465133405516,2.1597159282018787,2.1232759870724633,2.1078841514788835,1.900045984623488,1.0,1.0,1.0,0.6,0.7,0.6,72,294810.0064836448,294874.2475446914
19,29,1.9179443240630398,2.1596969472818905,2.1232562489227997,2.11325668892816,1.9000527701119325,1.0,1.0,1.0,0.6,0.7,0.6,73,294928.1459538547,295534.92599874985
19,30,1.9177570690168722,2.1592419634645204,2.125061338380909,2.1043268204040833,1.9045224526750273,1.0,1.0,1.0,0.6,0.7,0.6,74,298564.2552516585,277844.9006799124
19,31,1.9177446676626353,2.1591358936175262,2.12495093553776,2.122315407740313,1.9003008365637006,1.0,1.0,1.0,0.6,0.7,0.6,75,298714.348670952,276752.9303497476
19,32,1.9172003295295332,2.1544135523768717,2.1200398223114694,2.157576438741702,1.913367594469329,1.0,1.0,1.0,0.6,0.7,0.6,76,369096.1131725112,503965.9925679558
19,33,1.917050471819819,2.1542351875552157,2.122132303984865,2.169020827974578,1.9003116114395073,1.0,1.0,1.0,0.6,0.7,0.6,88,400387.53852314857,572519.9583497731
19,34,1.9169660701282156,2.1523440738357786,2.1178875911187602,2.160916086064823,1.9010582105229,1.0,1.0,1.0,0.6,0.7,0.6,90,396281.7759817799,583065.4418771464
19,35,1.9169367743494288,2.1532269657464176,2.1210836850578465,2.186900331737275,1.9003682746328865,1.0,1.0,1.0,0.6,0.7,0.6,92,399785.1584604392,573290.917094257
19,36,1.9167236680776392,2.15133138592816,2.1191123076340443,2.1886918326580513,1.9053869645668322,1.0,1.0,1.0,0.6,0.7,0.6,93,397866.4646426992,484470.6138717683
19,37,1.9157940595847012,2.1450799641037306,2.1171674459173215,2.2327065171237135,1.9034491011861956,1.0,1.0,1.0,0.6,0.7,0.6,100,526435.9506748884,354929.8012278257
19,38,1.914859557129688,2.13496843724224,2.1043733199906614,2.215648338104258,1.9084566993604333,1.0,1.0,1.0,0.6,0.7,0.6,103,501291.994317686,352237.4566993388
19,39,1.9148170529507356,2.1356944574317978,2.1074065741950205,2.2582167505426174,1.9002364955845281,1.0,1.0,1.0,0.6,0.7,0.6,108,389199.7450382336,343090.7151763844
19,40,1.9134713538072199,2.1242659896805205,2.100077180921366,2.277251626000497,1.9097028877946678,1.0,1.0,1.0,0.6,0.7,0.6,112,414881.5726510286,417099.7742010401
19,41,1.9131672323262725,2.121028347166609,2.0967099239314306,2.2856413499620145,1.9022908033383326,1.0,1.0,1.0,0.6,0.7,0.6,116,526350.7073745582,356388.4191809003
19,42,1.9130629849514436,2.1187623602774006,2.092075204252691,2.2935686490845217,1.9007939804405782,1.0,1.0,1.0,0.6,0.7,0.6,120,389985.6270484149,407043.0678495508
19,43,1.9124840566627919,2.1124090555736217,2.085467799200474,2.317111497981223,1.903595988923961,1.0,1.0,1.0,0.6,0.7,0.6,125,423940.95509307866,388512.9346894157
19,44,1.9119080807980753,2.1058754321299524,2.078672881726451,2.3220174531948867,1.9184889176548223,1.0,1.0,1.0,0.6,0.7,0.6,126,415538.0468148092,431225.1788794843
19,45,1.9114897376879387,2.103275604353888,2.08052553299098,2.305900848372403,1.9069140368447481,1.0,1.0,1.0,0.6,0.7,0.6,128,270777.27608198154,334035.96239109075
19,46,1.9111403941893363,2.0991020350058407,2.076185042537199,2.3481723226814473,1.9014774059445112,1.0,1.0,1.0,0.6,0.7,0.6,136,386454.9019108359,494487.6726889133
19,47,1.9110204249574831,2.107935141079875,2.105874489505755,2.6258813727981565,1.9000686097648725,1.0,1.0,1.0,0.6,0.7,0.6,196,373988.8503331339,308835.03945095267
20,0,0.3801610510120741,0.7993169660115923,0.7639536679040863,0.4795319275306283,0.0,0.0,0.0,0.0,0.6,0.7,0.6,1,9611296.68353237,10479272.10173049
20,1,0.4390964465661494,0.858263461050932,0.8228997944524212,0.54246060018679,0.0589735486167072,0.09805284611357146,8.999999999997e-05,0.000104921030415,0.6,0.7,0.6,3,9611706.109135468,10480241.971215962
20,2,0.9108822609535333,1.33151741426428,1.2984640013022513,1.0340862714367047,0.532345080004752,0.13082964212111534,0.33480058381101624,0.3642389681428913,0.6,0.7,0.6,4,9559422.96537612,10404268.567034258
20,3,2.193975361984738,2.617586287073705,2.584421655771142,2.3062407629026818,1.8285704613337423,0.8670833931485704,1.0,1.0,0.6,0.7,0.6,5,9839319.690623492,10372434.440085009
20,4,2.1799565734251156,2.605194423825751,2.5719619066246433,2.297021076567818,1.8144247021506348,0.8492630039561375,1.0,1.0,0.6,0.7,0.6,6,9432048.354058376,10207172.388625408
20,5,1.7338694760789246,2.1723489734212915,2.1360955230114738,1.8707944311548315,1.4441428059182964,0.15881142827495615,1.0,1.0,0.6,0.7,0.6,7,8407193.894049164,9432357.94675243
20,6,2.227218889472866,2.67163831856962,2.6374460463326908,2.3678859896379656,1.9185544650284516,1.0,1.0,1.0,0.6,0.7,0.6,8,8446906.597468218,8944556.918715479
20,7,1.691135725289254,2.1358272972702377,2.1016229194823355,1.8358735046857366,1.365454139242334,0.107490580345817,1.0,1.0,0.6,0.7,0.6,9,8081313.860103042,9110410.198301015
20,8,2.187761740390046,2.646991873095802,2.611813799808433,2.3495769482089184,1.9687899291919764,1.0,1.0,1.0,0.6,0.7,0.6,10,7970280.346074238,7995568.988249737
20,9,2.131156046845784,2.6053561085764447,2.5685129367221675,2.3096645574094397,2.0185349890066107,1.0,1.0,1.0,0.6,0.7,0.6,11,5838604.011982887,6402282.607708983
20,10,1.9335496343241956,2.250609971403011,2.1973019554620543,1.9525864863167315,2.9,1.0,1.0,1.0,0.6,0.7,0.6,12,2096809.4662697853,595143.5066977998
20,11,1.9324536118292408,2.245000551284073,2.1914681431912393,1.9410963444497682,1.9159151711550564,1.0,1.0,1.0,0.6,0.7,0.6,13,2082518.1196126228,555353.2040852931
20,12,1.9317465750641754,2.2424691106462027,2.1911134510198704,1.949533478959303,1.9105160391247793,1.0,1.0,1.0,0.6,0.7,0.6,14,2039977.1480425573,530030.3463350578
20,13,1.9316928877157133,2.242188025551668,2.1908210648149113,1.944446654805898,1.9004034899837956,1.0,1.0,1.0,0.6,0.7,0.6,16,2026273.356883074,528891.44232567
20,14,1.931311080254932,2.241208833385205,2.1920808581624294,1.9611069233305076,1.905772288330923,1.0,1.0,1.0,0.6,0.7,0.6,17,1899557.2047832056,478224.73950503307
20,15,1.931291320687175,2.241203250761679,2.1920751507456595,1.9580301263975937,1.9001498038961393,1.0,1.0,1.0,0.6,0.7,0.6,19,2199852.582166324,1143770.5745263428
20,16,1.9277908069458873,2.2214485791525296,2.171530590654022,1.9464522175286727,1.9559689816614796,1.0,1.0,1.0,0.6,0.7,0.6,20,1889026.559653583,1918459.698554305
20,17,1.9266877423075153,2.214779018826002,2.164594295710419,1.9638764022574522,1.9094410067481529,1.0,1.0,1.0,0.6,0.7,0.6,22,1620727.2758798862,1731425.0542947713
20,18,1.926647230271215,2.2156834038372164,2.1678130409598118,1.9727547686779605,1.9003530559812742,1.0,1.0,1.0,0.6,0.7,0.6,24,1613937.1721383804,1754097.2843990307
20,19,1.9266278632700717,2.2167027908930663,2.1711510474387996,1.991949424293304,1.9001689233132262,1.0,1.0,1.0,0.6,0.7,0.6,26,1613241.965525092,1752496.2650926856
20,20,1.926609292550041,2.217727481441266,2.1744948802390742,1.981772014703989,1.9001621554047259,1.0,1.0,1.0,0.6,0.7,0.6,28,1612573.882119228,1750952.3417620172
20,21,1.36989723706357,1.6583682584655701,1.612741015493862,1.4703389809811798,1.344222526811802,0.07259104562284488,1.0,1.0,0.6,0.7,0.6,35,1357749.9830802754,1574446.3661635236
20,22,1.4321173778116862,1.6908740945769516,1.6552094492462124,1.5660523070802062,1.4313100406829191,0.1862879755202823,1.0,1.0,0.6,0.7,0.6,41,2102091.088930602,694465.8499011847
20,23,1.4358571091406684,1.6910894376058594,1.6552629179555205,1.5586432546585653,1.4217975350562027,0.19338789847612217,1.0,1.0,0.6,0.7,0.6,43,2092165.8964481645,576569.3087860976
20,24,1.7547270456604291,2.008827354355654,1.9729490993896301,1.8872959534557108,1.7386389811176137,0.72511156836368,1.0,1.0,0.6,0.7,0.6,44,2650203.758666092,972259.895863322
20,25,1.7778768470563255,2.0170679634889517,1.9782391222092066,1.866435394167771,1.804465279205985,0.7668678957079984,1.0,1.0,0.6,0.7,0.6,45,2353202.9827904487,1258273.7990701124
20,26,1.424728949594825,1.6543210205324366,1.6127868342165024,1.511791785210156,1.421565798124897,0.1800996221510022,1.0,1.0,0.6,0.7,0.6,47,2146632.5744629214,1332384.4567799997
20,27,1.4275500924924245,1.6520981150280991,1.617155365138395,1.5716844153765872,1.4186419135256774,0.1865207282827064,1.0,1.0,0.6,0.7,0.6,51,1356198.8085020268,487965.6454472109
20,28,1.4173663466534645,1.6388700215181191,1.6060639160028822,1.5725745778211317,1.408821113560382,0.17036124749288128,1.0,1.0,0.6,0.7,0.6,53,1521875.9524559423,567523.9202818467
20,29,1.432660933569692,1.651168848452146,1.618229176197119,1.5846857594367618,1.4210029726912048,0.19642237672659799,1.0,1.0,0.6,0.7,0.6,56,1052349.6813383207,434401.9675507692
20,30,1.4549083333097244,1.6712214353767627,1.6404573850407465,1.6152556215606522,1.4509728565499227,0.23412336630423577,1.0,1.0,0.6,0.7,0.6,57,1571537.1041528035,585362.937650236
20,31,1.45402742484138,1.6680826718799246,1.6394916867539884,1.6448598866730286,1.450644014079029,0.23327584893330675,1.0,1.0,0.6,0.7,0.6,58,1181069.390853123,374102.9644883199
20,32,1.4535126427445393,1.661600186767982,1.6304716888152693,1.6240654364583134,1.4475260204158018,0.2332764096960404,1.0,1.0,0.6,0.7,0.6,60,1414393.4637966093,496379.61554759816
20,33,1.4600323262763535,1.6647759947757952,1.6312263629655726,1.6273074067814073,1.4535880430965116,0.2445251519073969,1.0,1.0,0.6,0.7,0.6,61,1091226.8577777313,455234.8339254322
20,34,1.409479586829947,1.6213325083845342,1.6040106795843547,1.6812176247547126,1.3963858617525884,0.1604242101869256,1.0,1.0,0.6,0.7,0.6,82,1284060.7099586085,350426.9042649993
20,35,1.4094718396611063,1.621252120224916,1.6039269311020696,1.6930811097979332,1.3963673766274094,0.16042374766689207,1.0,1.0,0.6,0.7,0.6,84,1283702.71493154,349979.49725201336
20,36,1.912748893465623,2.118820698693247,2.0989705365905165,2.3309246824508407,1.900496963388132,1.0,1.0,1.0,0.6,0.7,0.6,113,907292.254233512,1419369.3187097404
20,37,1.9124534483900555,2.116651570322215,2.0989925933782434,2.356383587167539,1.9046324592814132,1.0,1.0,1.0,0.6,0.7,0.6,115,909764.3592914664,1387011.79258048
20,38,1.912341557363412,2.1153932469794516,2.097683989726888,2.348648457450591,1.9017747605303446,1.0,1.0,1.0,0.6,0.7,0.6,117,904753.5039838268,1383090.2604241658
20,39,1.912327890495991,2.116381371343556,2.100989891986543,2.375232793410864,1.900217655297824,1.0,1.0,1.0,0.6,0.7,0.6,119,904650.3271492198,1381184.2871499031
20,40,1.9122881305098494,2.11593587798618,2.1005265210875077,2.386970734798478,1.9012680830090862,1.0,1.0,1.0,0.6,0.7,0.6,120,907698.4215842657,1382773.328404365
20,41,1.9118551708934688,2.1121271330855578,2.0988436654718945,2.3951244425760225,1.9069992763485364,1.0,1.0,1.0,0.6,0.7,0.6,122,987206.4965098252,1271205.9845673337
20,42,1.9115992053842987,2.1079971082010136,2.092270267111267,2.382643800721839,1.9084466620822487,1.0,1.0,1.0,0.6,0.7,0.6,123,945509.7702809068,1287717.8562887623
20,43,1.9114353765362573,2.111778219115182,2.1075932542852147,2.3929023048673472,1.901824599771233,1.0,1.0,1.0,0.6,0.7,0.6,126,1934602.429218585,674347.9213072347
20,44,1.9112935308391141,2.1112308428784563,2.1093021499898423,2.4053017117138182,1.9023923720834244,1.0,1.0,1.0,0.6,0.7,0.6,128,1894022.701654125,676975.9249603647
20,45,1.911291087401287,2.111201534104945,2.1092715915292186,2.413793504809914,1.9000414087432973,1.0,1.0,1.0,0.6,0.7,0.6,130,1893681.895699685,677021.7310356606
20,46,1.3556087109038555,1.553471285732308,1.5537261323584328,1.8990400552125757,1.347079514287897,0.07434486161088089,1.0,1.0,0.6,0.7,0.6,134,1865363.0518361488,470513.4545688945
20,47,1.910901347264256,2.109916693300433,2.1147697363512328,2.4719046248511303,1.900496900855905,1.0,1.0,1.0,0.6,0.7,0.6,141,1849856.64181712,930564.1237678484
20,48,1.3946326720183055,1.584486696733324,1.5866674822240883,1.9817576027687869,1.4090544319369416,0.14070881312423006,1.0,1.0,0.6,0.7,0.6,142,1871720.100703603,702392.8499282011
20,49,1.4130252651603996,1.5936672037665325,1.597723963204748,1.9804957102443428,1.4115936276603132,0.17277799837721122,1.0,1.0,0.6,0.7,0.6,146,1832464.499408132,684763.016147722
20,50,1.4130245001361703,1.5947999180799601,1.601180041868171,1.9995018341697666,1.4036741843283265,0.17277799837721114,1.0,1.0,0.6,0.7,0.6,150,1832363.1654291488,684303.4868298826
20,51,1.4199598390630443,1.6014414887813593,1.6078089833628493,2.033969943754247,1.4115207031209311,0.1843757712400056,1.0,1.0,0.6,0.7,0.6,151,2257320.7786491103,1117309.024517685
20,52,1.4130195363188764,1.5955883912985795,1.6042773723416253,2.048948768991244,1.403863440429395,0.1728160257139222,1.0,1.0,0.6,0.7,0.6,152,1830338.311188327,684459.6486311535
20,53,1.4222522203454429,1.5941600178301258,1.5978402742559088,2.043105187908127,1.4390982163232107,0.1892832707275735,1.0,1.0,0.6,0.7,0.6,153,2273131.359719082,1056842.3063888787
20,54,1.9085660608562884,2.076640628380104,2.0756067504234044,2.532072682058721,1.9015696288962265,1.0,1.0,1.0,0.6,0.7,0.6,156,1151608.9869171174,563994.0502624834
20,55,1.9079873220801375,2.06699413405833,2.0632962686157654,2.557458137219945,1.9240672621200954,1.0,1.0,1.0,0.6,0.7,0.6,157,928352.0432272924,1382287.151548207
20,56,1.9079315603044433,2.0650240262160002,2.0589690360155237,2.5579679662293007,1.901187831174123,1.0,1.0,1.0,0.6,0.7,0.6,159,964909.7585367694,1409829.738193771
20,57,1.9079156125798278,2.0659258990466274,2.0621854031745963,2.5778177905639033,1.9003406221553418,1.0,1.0,1.0,0.6,0.7,0.6,161,963793.3786218056,1408963.438533346
20,58,1.9078691130944865,2.0652099275794162,2.0614407041905936,2.59423963847926,1.9006637193238736,1.0,1.0,1.0,0.6,0.7,0.6,164,916643.6785156636,1380745.6396252585
20,59,1.9077870494514357,2.0651041368635985,2.063608928040711,2.6001685496152054,1.9035312166449545,1.0,1.0,1.0,0.6,0.7,0.6,165,986159.9108944046,1376784.2956153064
20,60,1.9074876965789667,2.062768925442667,2.065736486546341,2.600407449959357,1.906538680736928,1.0,1.0,1.0,0.6,0.7,0.6,167,1036559.5681519716,1269491.9923315342
20,61,1.9073658261681419,2.06199908165843,2.0672141129672568,2.624759655923032,1.901353559096847,1.0,1.0,1.0,0.6,0.7,0.6,171,1036009.9246303844,1210206.4077523155
20,62,1.907062405644759,2.0548658844480667,2.0552391797039027,2.6460118333185436,1.9034288798807415,1.0,1.0,1.0,0.6,0.7,0.6,175,1001715.168378848,1203618.9661518426
21,0,0.32326517460483956,0.7681572736699749,0.7315477878141775,0.44659762621322924,0.0,0.0,0.0,0.0,0.6,0.7,0.6,1,15614256.642406212,10495295.111027332
21,1,0.38484336832673155,0.8297453059973335,0.7931352290272496,0.5121676948682418,0.061621364930526515,0.10245341000320289,8.854838709674e-05,0.00011279980351351,0.6,0.7,0.6,3,15612927.316033969,10494306.768563788
21,2,0.3944421685222348,0.8393539019703143,0.8027433397222622,0.5244306561832078,0.07124567423076389,0.1178440744466979,0.00035419354838698,0.00045119921405418,0.6,0.7,0.6,5,15612150.578304864,10493709.942922736
21,3,2.1596239761445863,2.6104843727162863,2.575932214370826,2.300441027326998,1.86741309139753,0.9130749402323712,1.0,1.0,0.6,0.7,0.6,6,14067589.80006638,9973220.464691022
21,4,1.6328998867333673,2.097214440274136,2.0615938521930524,1.793774405913954,1.3986955295227146,0.10215298850952059,1.0,1.0,0.6,0.7,0.6,8,13532023.523813857,8861786.620443488
21,5,1.5938683771280633,2.0663806349162575,2.0272639009220783,1.764781119745296,1.4439666010114123,0.10153029560273694,1.0,1.0,0.6,0.7,0.6,9,11671079.873950548,7508383.113970165
21,6,1.5927264860633121,2.0677109622290044,2.033202486206646,1.7895061229974343,1.3623054852423286,0.10157679767628369,1.0,1.0,0.6,0.7,0.6,11,11713714.462607175,7532132.804465036
21,7,1.615059531190989,2.09224948008337,2.0522026027106315,1.8035804104885367,1.4762337158402272,0.18341403184294844,1.0,1.0,0.6,0.7,0.6,12,8204050.255417965,5903310.232910696
21,8,1.5917888921948915,2.0682836137977696,2.027278286293474,1.7781763157718244,1.4424328104514088,0.1834071491975357,1.0,1.0,0.6,0.7,0.6,14,8653708.567028444,5675468.782948111
21,9,1.528751106292098,2.005747905010295,1.9665253695904958,1.728233282661889,1.3993431168276789,0.0998231835911374,1.0,1.0,0.6,0.7,0.6,15,6971969.198530331,4579477.669805418
21,10,1.4096884291375291,1.7809186979361886,1.7372354840029711,1.5010462504719837,2.0040397562007017,0.10089004543688115,1.0,1.0,0.6,0.7,0.6,16,1773770.5081004165,805466.1561271191
21,11,1.3650875461542453,1.7153536449191193,1.6682770064807815,1.4443826699950562,1.3982925361345324,0.03808936749190213,1.0,1.0,0.6,0.7,0.6,17,1638876.773179336,690779.2338931691
21,12,1.3595678686166734,1.6913895569387,1.6456234281423257,1.4085226686716839,1.3947644157037549,0.03847995408429615,1.0,1.0,0.6,0.7,0.6,18,1652504.1593134108,621336.1850695581
21,13,1.934742404871523,2.2622449962247506,2.2207927316523053,2.0142378869876083,1.9118052406423534,1.0,1.0,1.0,0.6,0.7,0.6,20,1414836.844927393,484893.48162474594
21,14,1.9344400676008138,2.260755831399187,2.2192440003307925,2.005816390283323,1.9021068311151414,1.0,1.0,1.0,0.6,0.7,0.6,22,1491592.885959962,505743.0635225764
21,15,1.934208295426743,2.2596066483463573,2.2180490099445196,2.0135214486364847,1.901626010121097,1.0,1.0,1.0,0.6,0.7,0.6,24,1481092.4366782643,561698.4361923481
21,16,1.3617268214460463,1.6717057738077559,1.6271173742239897,1.4166500424313044,1.347589943424317,0.051527457634217774,1.0,1.0,0.6,0.7,0.6,27,1186777.398093857,382375.9158542576
21,17,1.3604052913453097,1.6707139556385244,1.6306777086276991,1.440813241103841,1.3334160299124653,0.05005260608637028,1.0,1.0,0.6,0.7,0.6,29,1285971.8264870956,415116.2753182194
21,18,1.3587542662310947,1.6610441819329247,1.6183496810491413,1.4386582475502654,1.353522631476586,0.04977514995759075,1.0,1.0,0.6,0.7,0.6,30,1283081.9037774035,568893.2741441245
21,19,1.3523914546944291,1.6390720472084448,1.5978989326537572,1.4240106526272807,1.3552097642767724,0.0446939570270011,1.0,1.0,0.6,0.7,0.6,32,1310610.1858567365,1345530.495536283
21,20,1.3520384142102269,1.6366520730615868,1.5976508777486331,1.4548672124125837,1.3324306967731827,0.04508908289424693,1.0,1.0,0.6,0.7,0.6,34,1419954.6468951378,1877849.317405355
21,21,1.3521697917146605,1.633379211806199,1.5919473447443382,1.4561438693152522,1.3313684065898452,0.045987339707870376,1.0,1.0,0.6,0.7,0.6,36,1408441.9456838025,1925017.033732367
21,22,1.3493374581744084,1.6281487755025683,1.5911443735924309,1.4269654016399909,1.3411739064282187,0.04263996448188342,1.0,1.0,0.6,0.7,0.6,37,1478581.169151188,690864.0205654944
21,23,1.3453920860611377,1.621392934970856,1.5842563045410571,1.4227713050750468,1.3316765639593267,0.036886092714892585,1.0,1.0,0.6,0.7,0.6,38,1217327.860745983,572746.8042156285
21,24,1.3413687846541276,1.59771260691462,1.5596657002614074,1.4077233295708917,1.3854283522605606,0.0353546670215994,1.0,1.0,0.6,0.7,0.6,39,1578899.6839267835,829361.5158409602
21,25,1.3418488341977346,1.5960392709250368,1.5578937017907448,1.3948732432100877,1.3237571309898302,0.03668249333743494,1.0,1.0,0.6,0.7,0.6,43,1472051.2826482602,831926.3380305556
21,26,1.3418470354113086,1.5971683565331731,1.5613460944141702,1.4047461035285926,1.32202945499961,0.03668249333743494,1.0,1.0,0.6,0.7,0.6,45,1472384.2576477458,832452.6226078877
21,27,1.3543574479062768,1.6071064699749007,1.5711663768239026,1.5186818225035417,1.3362810783718517,0.05815360703830724,1.0,1.0,0.6,0.7,0.6,51,1936543.7657555896,1112595.66247587
21,28,1.3561146882536597,1.6022492202877134,1.5682794820150678,1.5275427666257433,1.35024609157515,0.06288985106753524,1.0,1.0,0.6,0.7,0.6,53,1735519.8622558378,1079291.9849823376
21,29,1.3521863901990439,1.5801587946893307,1.543096726883936,1.504850939071812,1.3903629431158433,0.05999854345643868,1.0,1.0,0.6,0.7,0.6,54,2443102.571845133,1236128.3563192266
21,30,1.3519230388420835,1.5764968877367762,1.5415553643421545,1.511611270119165,1.3434805586588658,0.06046890440406153,1.0,1.0,0.6,0.7,0.6,56,2250551.108629674,1094396.2808150002
21,31,1.351922758299344,1.5776374177231407,1.5450194096081526,1.5234837775276158,1.3362850688444325,0.06046890440406154,1.0,1.0,0.6,0.7,0.6,58,2251250.788778058,1094885.869372582
21,32,1.3700075715455537,1.5956192675624759,1.5629966667410105,1.56040968947447,1.3544913125786513,0.09063125464793408,1.0,1.0,0.6,0.7,0.6,61,2294988.5546330307,1173683.6663364249
21,33,1.370003034309021,1.5943740863972744,1.5594234530545181,1.5413563067406608,1.3546948534235588,0.09064292346740645,1.0,1.0,0.6,0.7,0.6,62,2278382.0293133985,1160202.603235469
21,34,1.3686773590147268,1.5934850068365831,1.560826285385159,1.5620155833792015,1.3553918272227996,0.08857308785484769,1.0,1.0,0.6,0.7,0.6,63,2233574.007276568,1122116.6568819294
21,35,1.3691711546264362,1.5939769552146266,1.5613184041136954,1.5625068632952965,1.3536395874326357,0.08939625834864372,1.0,1.0,0.6,0.7,0.6,64,2289116.3523793505,1168791.7284862269
21,36,1.367362859426351,1.5895660902237774,1.5545184315349836,1.5618910749901525,1.356620145602022,0.08666769419539402,1.0,1.0,0.6,0.7,0.6,65,2298873.7987641995,1120011.3287065465
21,37,1.3681115602389848,1.5867271159650325,1.551519560792669,1.5700309368584762,1.3644915092322285,0.0886049794512686,1.0,1.0,0.6,0.7,0.6,66,2274769.425073557,1125459.098043482
21,38,1.3681157971952662,1.5866914771365557,1.5514821094167397,1.5774634324352634,1.35323410656805,0.08861955116552686,1.0,1.0,0.6,0.7,0.6,68,2274366.3121411125,1125530.447972366
21,39,1.3681085287499504,1.5877630617223737,1.5548744552595615,1.597646605003034,1.3532722809017312,0.08861955116552686,1.0,1.0,0.6,0.7,0.6,70,2275053.3667823533,1126009.6518062025
21,40,1.3738481840089687,1.5641566027437384,1.5390680979021472,1.601685911566325,1.4682006135913594,0.10398237211096506,1.0,1.0,0.6,0.7,0.6,71,2501129.820225024,757600.5886935358
21,41,1.3707069128447442,1.5593433071956353,1.5387297343394717,1.6309469858045298,1.3626654560798246,0.09934793490716236,1.0,1.0,0.6,0.7,0.6,75,2531188.970244606,730207.4046780817
21,42,1.3703921360905653,1.557348886856476,1.5343880998599073,1.6300625831985665,1.3601693862417779,0.09890360431073142,1.0,1.0,0.6,0.7,0.6,77,2608553.3926893,726723.5143194931
21,43,1.370236553857628,1.5587386655601696,1.5403932134303742,1.6501483172192999,1.3603940612580332,0.09875470864485912,1.0,1.0,0.6,0.7,0.6,79,2588540.040723761,725083.9806351392
21,44,1.3679924832117218,1.5464247930479935,1.525367668210452,1.679222629286679,1.3599867143888702,0.09630765754983484,1.0,1.0,0.6,0.7,0.6,89,2654027.3044174444,782507.9840078788
21,45,1.3565870869513352,1.5237984777194202,1.5068048506329563,1.739001035786158,1.3505997735659512,0.07912955611226113,1.0,1.0,0.6,0.7,0.6,104,2691545.231179781,991397.2756373702
21,46,1.3565850978576017,1.5249136067687412,1.5102427963576819,1.7612099915533648,1.3475166036487054,0.07912955611226113,1.0,1.0,0.6,0.7,0.6,106,2691693.905766161,991449.451286416
21,47,1.351323336588825,1.517623454151658,1.507414223432305,1.8117746505869476,1.3442162717636759,0.0709201687411938,1.0,1.0,0.6,0.7,0.6,114,2970814.24204023,1114885.0174064478
21,48,1.3495955433178781,1.5143175607320765,1.5063151362098655,1.829976191627214,1.3451685929367914,0.06838216296557227,1.0,1.0,0.6,0.7,0.6,116,3064354.574556713,1215478.4071610982
21,49,1.3504363323635062,1.513167446718119,1.5050796706864054,1.807395185031134,1.345023260445366,0.07002841574112059,1.0,1.0,0.6,0.7,0.6,118,2959890.3442742066,1030223.0669655916
21,50,1.3587607936108483,1.5172224526633031,1.502127109545767,1.836679820507059,1.3528691304033968,0.08400229989046618,1.0,1.0,0.6,0.7,0.6,119,2995609.653021836,1009443.149873813
21,51,1.3587533346564673,1.5182546797532632,1.505478671139585,1.8512225161266218,1.3505554775756363,0.0840022998904662,1.0,1.0,0.6,0.7,0.6,121,2996116.603018897,1009783.6689073294
21,52,1.35855146235879,1.5167621806030034,1.508480573558134,1.8678260486514935,1.3531537250857808,0.08409629946885389,1.0,1.0,0.6,0.7,0.6,125,2800994.3425618666,884983.4536730386
21,53,1.3578198319120798,1.5146850580631301,1.5086205552808396,1.8759341947825883,1.3536694024640763,0.08317266139889229,1.0,1.0,0.6,0.7,0.6,127,2882160.035323842,965845.5052450276
21,54,1.3590926908114038,1.51213912222943,1.5081862613473107,1.909590921937303,1.3590522164694296,0.08587328823849785,1.0,1.0,0.6,0.7,0.6,129,2827280.7767672325,923378.244055726
21,55,1.3598379434530126,1.5114666209424765,1.5097283169110267,1.924943424978439,1.3543857568116606,0.08740792068411582,1.0,1.0,0.6,0.7,0.6,133,2798896.171421591,942860.2728432012
21,56,1.3571524439128835,1.5092522456171549,1.5098086749582058,1.9625854446260487,1.350229813038696,0.08301109326587222,1.0,1.0,0.6,0.7,0.6,138,2757545.180396958,979561.417492821
21,57,1.357385616377536,1.5074491074582355,1.5056437169068722,1.9424942736694288,1.351489841076687,0.08350291142142613,1.0,1.0,0.6,0.7,0.6,140,2851651.169853338,970782.1780972896
21,58,1.3568720571702213,1.5071487715145646,1.5076271990195842,1.982200284681531,1.3526079167318596,0.08275625086153654,1.0,1.0,0.6,0.7,0.6,141,2715644.7250640523,957539.6850602383
21,59,1.3562531447487784,1.5006997325586693,1.4963796084674121,1.9778068082603308,1.35965991009123,0.08210495768575944,1.0,1.0,0.6,0.7,0.6,142,2928085.700730788,1166376.1821601412
21,60,1.3565821253355188,1.4958824429554687,1.4890680296987406,1.9477006411208437,1.3618804268294262,0.08308370473964707,1.0,1.0,0.6,0.7,0.6,143,2830949.53009411,960017.6227664432
21,61,1.3543133057318042,1.4941451856078272,1.4941789594296313,1.9925200223373523,1.3566560608205638,0.07961466125961361,1.0,1.0,0.6,0.7,0.6,144,2926629.4724075906,956520.0762057938
21,62,1.3555707524398541,1.4829355206605102,1.4778896672891908,1.974115879455986,1.3802526585675374,0.0827478486498225,1.0,1.0,0.6,0.7,0.6,145,2715034.7580427565,1001684.3671061612
21,63,1.3549877709373974,1.481627033297373,1.4788260752921634,1.9826248345505673,1.3546015744131126,0.08195431832414192,1.0,1.0,0.6,0.7,0.6,146,2822590.007868612,1074833.5970221723
21,64,1.3547595276705038,1.480441729220418,1.4776001999753179,1.9857542174616514,1.3504975792599974,0.0816712768948529,1.0,1.0,0.6,0.7,0.6,148,2748376.710035995,1021374.0694430332
21,65,1.3551449942648635,1.4801927408797828,1.4773244830283985,2.0008590623241607,1.3512325309390114,0.08237235581370307,1.0,1.0,0.6,0.7,0.6,149,2783712.8433314613,984934.8126426552
21,66,1.354733519070726,1.4743151778959975,1.4689399923753999,2.0066439333727026,1.3524825119183537,0.08209897758689087,1.0,1.0,0.6,0.7,0.6,153,2892342.564679289,1168953.2753420854
21,67,1.3549574987112558,1.4746451759032104,1.4738254939811997,2.0438357126187,1.3505529389619246,0.0826801439135995,1.0,1.0,0.6,0.7,0.6,160,2864730.756342693,1211301.1899177618
21,68,1.3568487305520056,1.4786195320078708,1.4824391195048838,2.0772207339414743,1.3517457487173896,0.08585400941562375,1.0,1.0,0.6,0.7,0.6,163,2660271.560041165,1059276.415636643
21,69,1.3545496400411343,1.4731536772404108,1.4722883127782014,2.0845333229541927,1.3505142857286692,0.08210031352443954,1.0,1.0,0.6,0.7,0.6,165,2783925.515656574,1067317.8160760144
21,70,1.3551067934686916,1.4739150157979584,1.475333873316552,1.918587550715634,1.3526241440635807,0.08311427131266402,1.0,1.0,0.6,0.7,0.6,166,2693364.0276802354,1024412.356670124
21,71,1.3579173927103776,1.4812126508368426,1.4919235685469578,2.2289201054696455,1.3527033473023047,0.0878102374114289,1.0,1.0,0.6,0.7,0.6,188,2836629.3307331805,1038875.1332961348
21,72,1.3579108566796,1.4822281300562243,1.4952576511769164,2.2542770646961636,1.352861439832499,0.0878102374114289,1.0,1.0,0.6,0.7,0.6,190,2837061.890129766,1039193.886307843
22,0,0.3581866025967416,0.787865330372682,0.7520439537677839,0.4674283245723804,0.0,0.0,0.0,0.0,0.6,0.7,0.6,1,11929316.784385044,10454775.48379149
22,1,0.4195331395998255,0.8492223258504673,0.8134004306517376,0.5327674116114648,0.061387121280219885,0.10207200421779453,9.05278592375e-05,0.00010497391429321,0.6,0.7,0.6,3,11928747.590646064,10454422.030730857
22,2,0.3581255901396215,0.788975714192006,0.7554767271460612,0.4740943583456363,5.74483352733933e-05,0.0,0.0,0.0,0.6,0.7,0.6,4,11929943.26331659,10461542.60617925
22,3,0.4414585591009188,0.8723384387988518,0.8388380772725504,0.5604787810477104,0.08349593291123505,0.13076493899213984,0.00353836189419694,0.00410299880443606,0.6,0.7,0.6,5,11925740.39997297,10451165.09968609
22,4,0.4870361137254821,0.9180212857661997,0.884515955862948,0.6100444779646084,0.12937573370263253,0.14385411508848803,0.028541620591103167,0.038185198265976786,0.6,0.7,0.6,7,11908614.376757745,10444108.610991783
22,5,1.669841620919291,2.125201313021596,2.0903148997071552,1.8281949580827934,1.4197954857141775,0.11820453428077568,1.0,1.0,0.6,0.7,0.6,9,10409482.217909103,8769401.32683615
22,6,1.6388889445336994,2.100346422743601,2.0649840323156314,1.8137811171647669,1.3748064043960722,0.09661338288282716,1.0,1.0,0.6,0.7,0.6,11,9947414.834145669,8315197.528747737
22,7,1.6388684780637068,2.101477765905137,2.0684383561504083,1.8301490566382324,1.358002129740727,0.096625519407116,1.0,1.0,0.6,0.7,0.6,13,9958003.211386109,8313533.859861468
22,9,1.946258292282136,2.307300396784967,2.258537424512725,2.021045759316246,1.930005585075778,1.0,1.0,1.0,0.6,0.7,0.6,16,397165.145396084,563348.2893359446
22,10,1.9434555321241698,2.29632160935871,2.247119618359309,2.0161590311576267,1.931025330197747,1.0,1.0,1.0,0.6,0.7,0.6,17,639616.9952318628,1497609.432446441
22,14,1.3701223929060582,1.6617513583300614,1.618543958206606,1.437780135045536,1.3621164221626922,0.0723221992692208,1.0,1.0,0.6,0.7,0.6,29,607096.0985586643,443911.5636248468
22,15,1.3612453489603218,1.6387749801376383,1.5971698773666838,1.4266023539511536,1.3543392967479495,0.06220048002057908,1.0,1.0,0.6,0.7,0.6,32,1202238.1920508477,1993137.532803949
22,16,1.3716988330452835,1.6141596926510982,1.5732070748394507,1.4296137837107685,1.3702621017544545,0.08892758086254701,1.0,1.0,0.6,0.7,0.6,39,1150270.8482895645,2139558.4475818607
22,17,1.3572704153996453,1.5787907564697705,1.5391666645299988,1.4019678010617818,1.3769782476760026,0.06954573291565727,1.0,1.0,0.6,0.7,0.6,41,1029463.9660924992,1309471.0353472007
22,18,1.3583685977366105,1.567270998438918,1.5270851528772165,1.3968899474213643,1.3840317140614529,0.0737568679539052,1.0,1.0,0.6,0.7,0.6,42,1028136.2214262936,1453335.5833379
22,19,1.3612287270080414,1.5395295548725927,1.4979988278832095,1.3672368770544012,1.4453886409944314,0.08357299497100174,1.0,1.0,0.6,0.7,0.6,43,1103232.968392654,1914448.92822658
22,20,1.359651613416615,1.528497581152227,1.4865557854751348,1.3592357823156425,1.3784025724786586,0.08231711761192377,1.0,1.0,0.6,0.7,0.6,44,1035443.9003077344,1754791.4531329751
22,21,1.3613798596612878,1.5298630223440686,1.4901800966394045,1.369895589312927,1.3534672814516828,0.08540186812430414,1.0,1.0,0.6,0.7,0.6,46,1030643.4866704856,1554691.0377245082
22,22,1.332227212036035,1.479864516323901,1.4438313541929926,1.4201777978646408,1.3271106648877318,0.03984072944122588,1.0,1.0,0.6,0.7,0.6,68,770388.5246580434,990470.5029497496
22,23,1.332142323605202,1.478267432695489,1.4421694266529346,1.4222257417081283,1.3285232823131952,0.03988323927359867,1.0,1.0,0.6,0.7,0.6,69,726285.3004871133,1002072.4708777252
22,24,1.3321011919280537,1.4782332134584095,1.444410306380326,1.4374920023428568,1.325695242611948,0.03995181624113462,1.0,1.0,0.6,0.7,0.6,71,758839.8914395605,1027950.5293393064
22,25,1.32797251780094,1.4722863182142563,1.436110616430053,1.427338944573414,1.3219382604938925,0.033151706346044106,1.0,1.0,0.6,0.7,0.6,72,740132.7969195142,655885.5943594131
22,26,1.3289837661275703,1.4736963250485275,1.4420876193983068,1.4450290491945756,1.3239066207379944,0.03506255135244981,1.0,1.0,0.6,0.7,0.6,74,782451.2551768865,1057421.7068615863
22,27,1.3270238448320253,1.470776017150851,1.439126144084537,1.4621469571052519,1.322049829736966,0.031909236945474914,1.0,1.0,0.6,0.7,0.6,75,559598.8681544847,920729.1785617664
22,28,1.3298826984395058,1.4702143043938536,1.4406927904420859,1.4743829926897203,1.3250840999701539,0.03720418730943084,1.0,1.0,0.6,0.7,0.6,80,652563.3041773342,996099.1536312104
22,29,1.3256356773560944,1.4566391473557179,1.4244448404107097,1.4646851073007379,1.3309861960349707,0.03104254757604365,1.0,1.0,0.6,0.7,0.6,82,760517.4645045195,642367.851535825
22,30,1.3331494447166494,1.4414694813852766,1.4128630635688215,1.4857967936529926,1.337036210426056,0.04610725205564571,1.0,1.0,0.6,0.7,0.6,90,761626.0538072196,825787.2365668655
22,31,1.3303041520936363,1.4310620679774455,1.3975852553404877,1.4683976369371274,1.3408794809296145,0.04185700217873871,1.0,1.0,0.6,0.7,0.6,91,787908.1027063577,857643.2923612893
22,32,1.3304275063911526,1.4322168253291627,1.4010589533954754,1.4839614272232964,1.3254104258368322,0.04207284974734689,1.0,1.0,0.6,0.7,0.6,93,831063.6803925053,854506.1134259378
22,33,1.3337042577515015,1.4348485124078239,1.40593913774312,1.5115040269150752,1.3339562029153795,0.04769740686396949,1.0,1.0,0.6,0.7,0.6,94,760962.9292971458,987511.348843324
22,34,1.333704257681472,1.4359918335875759,1.4094065716694502,1.5234524634419908,1.3286186089648826,0.04769740666667726,1.0,1.0,0.6,0.7,0.6,96,760962.7958361213,987512.5410478754
22,35,1.3337041485420695,1.4371332009674695,1.412871687076093,1.552752867925355,1.3286213102804836,0.04769740666667728,1.0,1.0,0.6,0.7,0.6,98,760955.6083335774,987515.038059011
22,36,1.3336804196474654,1.436873087078323,1.4126016254824,1.5524785642358003,1.329313215867529,0.047679323752161204,1.0,1.0,0.6,0.7,0.6,99,762352.4367916784,829240.8143230038
22,37,1.3229609847174204,1.4261594507998598,1.406439494154697,1.491664204990745,1.321420159044037,0.03001958554872029,1.0,1.0,0.6,0.7,0.6,101,787076.0664659583,920242.0184822364
22,38,1.3246608331144172,1.4216635379538327,1.3948554607398023,1.5566021490440622,1.3208877582368683,0.0330980255557682,1.0,1.0,0.6,0.7,0.6,109,691568.0012407955,954061.8790658942
22,39,1.3331310266717606,1.430216433046876,1.4056876528763946,1.57364285698265,1.3315428022467912,0.04730818972263242,1.0,1.0,0.6,0.7,0.6,110,708316.7243595816,941691.8639196026
22,40,1.3237007451194605,1.415982210108346,1.3912512592744464,1.5712009108338552,1.3263542433757536,0.03200633763269959,1.0,1.0,0.6,0.7,0.6,112,767197.1577395578,863773.7771794914
22,41,1.3239227792775043,1.413133336978206,1.3859974753901114,1.5675179643073358,1.3252559835815607,0.03253984282336844,1.0,1.0,0.6,0.7,0.6,113,739930.733965552,950719.1138903754
22,42,1.3209178041604932,1.4020894992516997,1.3746162348714077,1.5878612973811785,1.3228910074069316,0.02819467961866966,1.0,1.0,0.6,0.7,0.6,117,867201.9472293119,947807.9090365762
22,43,1.32034498140382,1.4023485677296519,1.3771862480477193,1.6012480045546784,1.3168154875787872,0.027264765493536867,1.0,1.0,0.6,0.7,0.6,119,871171.5285827353,947949.8289574436
22,44,1.3212121208001568,1.4117268954153368,1.4051286661531601,1.644569316050903,1.3181981317036349,0.02876103930573464,1.0,1.0,0.6,0.7,0.6,121,819789.3433812361,1005816.7438380938
22,45,1.320559339574682,1.4015554768116818,1.3786265165207658,1.6273708781251268,1.3178003978947732,0.02779405221442079,1.0,1.0,0.6,0.7,0.6,125,926287.722659508,796233.8315771642
22,46,1.3209019504476796,1.3974203912768213,1.3743040798646864,1.6269944667369547,1.3238646213945802,0.02871652027018969,1.0,1.0,0.6,0.7,0.6,127,841451.0762693837,912934.7910426012
22,47,1.320915920429173,1.3982991983686728,1.377495265587512,1.6412974584295443,1.3176687624736685,0.02876135150649304,1.0,1.0,0.6,0.7,0.6,129,858427.3357442295,717900.1472521392
22,48,1.3227363406301098,1.3995482156787622,1.3787203112583115,1.6465813997055112,1.320797352809139,0.03183954532270174,1.0,1.0,0.6,0.7,0.6,130,874345.4457395539,702766.6248571443
22,49,1.320213773163173,1.3959367075769802,1.3773393423571176,1.6809250022131765,1.3180052245291363,0.02780638347244424,1.0,1.0,0.6,0.7,0.6,135,930169.2796247648,667834.3845126296
22,50,1.3322496824033765,1.413061650574357,1.3946772182868394,1.7435646878997146,1.3287086313085719,0.0474729793842601,1.0,1.0,0.6,0.7,0.6,150,803755.3645571417,990810.6108111144
22,51,1.3227372970360642,1.4028232836636234,1.3957884502866724,1.751887310225655,1.3195846356944938,0.03211499123886154,1.0,1.0,0.6,0.7,0.6,152,849312.0306061605,752447.8053735374
22,52,1.3224776208410458,1.4013356313685983,1.3919733755415682,1.7669692456716595,1.3191379257209208,0.03168858054884396,1.0,1.0,0.6,0.7,0.6,154,848732.5875912837,766557.0513470368
22,53,1.3316534581405515,1.3985749518562647,1.384161986487133,1.7545991800047602,1.3428850993258798,0.04769151580692037,1.0,1.0,0.6,0.7,0.6,156,776493.1687491066,1106205.2222828604
22,54,1.3315666509747026,1.3992080530885063,1.387101636198145,1.7778348605567995,1.3291647539786267,0.04757712489862344,1.0,1.0,0.6,0.7,0.6,158,822539.1373175269,853207.8377084363
22,55,1.3315014321016578,1.3968034456365914,1.3823230041820644,1.7732822911385995,1.3297086244498568,0.04755357813516322,1.0,1.0,0.6,0.7,0.6,161,806158.6590246011,1123704.5408797404
22,56,1.3317623613143512,1.3978636474488566,1.385692879931098,1.8137476941191832,1.329146305595952,0.048012851594636544,1.0,1.0,0.6,0.7,0.6,164,874430.0661241807,883609.8132683526
22,57,1.3314949175296333,1.3950126841733432,1.382734214629273,1.7982932346609095,1.3362676422691826,0.0477487450131075,1.0,1.0,0.6,0.7,0.6,165,850762.0668675747,840511.3034433279
22,58,1.3311075343648513,1.3961610149051558,1.3907752348687952,1.8683571018151621,1.3291409131353595,0.047234653550940045,1.0,1.0,0.6,0.7,0.6,172,843471.3577593527,1063887.581979574
22,59,1.3311074285366553,1.3961587723552942,1.3907730256347968,1.8811388884318108,1.3283473187367207,0.04723463771685475,1.0,1.0,0.6,0.7,0.6,173,843325.6476266789,1063980.1948079213
22,60,1.3310585277774214,1.395976659438651,1.3905851719257778,1.8894714588236248,1.3283721066931906,0.047162329846818576,1.0,1.0,0.6,0.7,0.6,178,855452.7419466351,1092328.1753543457
22,61,1.3312492112762482,1.3961175073645435,1.3930000533745313,1.9128704266054286,1.3294170834584556,0.04756222900261737,1.0,1.0,0.6,0.7,0.6,182,861793.4061105957,1087081.001192347
22,62,1.3312062757903425,1.3957916970737916,1.3926623689891815,1.9211205823002921,1.329336425872498,0.04751001750302619,1.0,1.0,0.6,0.7,0.6,183,857724.0801766987,1088941.0387180543
22,63,1.3311971861375493,1.3980145573490201,1.399530945259508,1.9716432302108275,1.3285192312024765,0.04749861823459084,1.0,1.0,0.6,0.7,0.6,191,857459.6277270427,1090386.1966454494
22,64,1.3312567697715456,1.3979352550164583,1.3994458781157282,1.9920626002274746,1.3287678746693603,0.04760743092919409,1.0,1.0,0.6,0.7,0.6,193,844955.1518704828,1128109.816790131
22,65,1.331274217949421,1.3976086818794036,1.399104842976834,1.9917156505126847,1.3291029322700663,0.04766001786609251,1.0,1.0,0.6,0.7,0.6,195,837432.1854903807,1127025.3557972554
22,66,1.3309725837612594,1.3939966911304755,1.3999077686996437,2.0015925040758957,1.3367308255306984,0.04753342285350682,1.0,1.0,0.6,0.7,0.6,197,860939.9049649887,1123808.0253589058
23,0,0.35044926071023785,0.783666918349944,0.747677779938537,0.4629905622944542,0.0,0.0,0.0,0.0,0.6,0.7,0.6,1,12743919.558340585,10486368.651424646
23,1,0.4087861631153057,0.8420113148442441,0.8060219116605988,0.5253172970372849,0.05836547222834663,0.09705861533471824,8.947214076243e-05,9.208310233473e-05,0.6,0.7,0.6,3,12739357.500748975,10481910.392441044
23,2,0.801000973821316,1.2358883858851983,1.20219725051839,0.9375473840214252,0.45350849663768433,0.12985026934660787,0.28639657700353516,0.2888854431791231,0.6,0.7,0.6,4,12687690.844708618,10446895.638046624
23,3,1.7054624774269538,2.1423727376849477,2.1085811846243128,1.8480153524353073,1.3642667934404944,0.10119028024747785,1.0,1.0,0.6,0.7,0.6,6,12484932.750732137,10389009.203135898
23,4,1.7078499531314555,2.147427033429604,2.1158818459279205,1.8586936625337795,1.3693107870124723,0.11094230566913561,1.0,1.0,0.6,0.7,0.6,8,12252446.47539934,10139029.582634056
23,5,1.6741961654085542,2.1263214538741035,2.091657361280578,1.8455634063268302,1.4227327882086325,0.1108014893366771,1.0,1.0,0.6,0.7,0.6,9,11022399.292849151,9188693.737245295
23,6,1.7171108255587746,2.1738502104037982,2.1412707228922248,1.9070809962505142,1.4273185786788987,0.1980839049851786,1.0,1.0,0.6,0.7,0.6,11,10249439.294117484,8838129.538097821
23,7,1.7305520328891726,2.1919077945944405,2.158973711458231,1.9297397932054765,1.4708572715050905,0.24295382657921488,1.0,1.0,0.6,0.7,0.6,12,9890331.76457843,8428119.405071093
23,8,1.672505493952856,2.1495611213770793,2.117190141844537,1.878636880245467,1.5086212569004904,0.24385920604107256,1.0,1.0,0.6,0.7,0.6,14,8064460.693500674,6752837.376705979
23,9,1.6747436785243903,2.1517705399390223,2.1140939810448796,1.8735041272842041,1.5137869227763847,0.27875727497530606,1.0,1.0,0.6,0.7,0.6,15,6720409.535323388,5196924.999886882
23,10,1.6394550612755965,2.119165269165583,2.0849948460221888,1.8456775673676278,1.541714086002237,0.26819222983605817,1.0,1.0,0.6,0.7,0.6,16,5859876.988338392,5069322.952872448
23,11,1.4224023086464985,1.774510381789482,1.729794594805175,1.5024496676844268,2.1261899127785817,0.13324224153871972,1.0,1.0,0.6,0.7,0.6,17,787184.7350161754,534340.3643510273
23,12,1.4196306888213577,1.7706117560135564,1.7258363742793539,1.4891676907698337,1.3796397570396621,0.1292241471949815,1.0,1.0,0.6,0.7,0.6,19,793721.0219453828,579895.3285280833
23,13,1.417132603532791,1.7675446897074902,1.7227393560789666,1.4943166387123563,1.3762761782051842,0.12536148203214942,1.0,1.0,0.6,0.7,0.6,21,801465.3023269748,637209.7805650167
23,14,1.4156193507238664,1.7658955957990883,1.7210831772693314,1.499035396756288,1.3739982308426844,0.12291073210620071,1.0,1.0,0.6,0.7,0.6,23,777973.1759003482,626574.0878996315
23,15,1.4914230715457424,1.8304866567023081,1.7873555239295804,1.5756536592679633,1.4987111792966195,0.255427970681722,1.0,1.0,0.6,0.7,0.6,24,621837.6667867173,769790.46121059
23,16,1.4650733285117616,1.80393393791392,1.7630576039453394,1.5658182681752764,1.432202704618191,0.21214946804753984,1.0,1.0,0.6,0.7,0.6,25,608196.2051733271,827093.2773154819
23,17,1.4602650691355152,1.7909730347152046,1.7474158366465358,1.5615544832538522,1.4496601461998115,0.2073270029424068,1.0,1.0,0.6,0.7,0.6,26,566181.6114733346,692028.4913978843
23,18,1.4579782519143656,1.7880034637425304,1.7466779820411071,1.5573101887619112,1.4258540262119042,0.20431674922598497,1.0,1.0,0.6,0.7,0.6,28,577362.8021038919,738588.6075825702
23,19,1.4626397712345103,1.787859769773461,1.7440260424303617,1.5655381282706426,1.4325567785722177,0.21366262387170054,1.0,1.0,0.6,0.7,0.6,31,647537.3276304348,623400.0315665264
23,20,1.4475017911823143,1.772143764282795,1.7418830399943808,1.6342270219974715,1.4186156927681601,0.19147248767403519,1.0,1.0,0.6,0.7,0.6,38,618322.1416916602,564508.797573615
23,21,1.451420753058084,1.7704982905541953,1.7376953983359051,1.6094405073003846,1.4275491884139182,0.199731986773592,1.0,1.0,0.6,0.7,0.6,40,585439.7042740746,544167.0969712862
23,22,1.4455398024616477,1.7623000443259706,1.7339188322005197,1.648999247157207,1.423007704395774,0.1916736622986292,1.0,1.0,0.6,0.7,0.6,42,641705.4483182606,520968.6285937049
23,23,1.4211115954736893,1.7052587844706952,1.6753152124896133,1.5897376742085356,1.507614889207309,0.1617154992756858,1.0,1.0,0.6,0.7,0.6,43,1080705.807180573,636814.2036221989
23,24,1.4293147483771382,1.7032733422887691,1.6728534921616918,1.5835079792646953,1.4406110632808993,0.17825544691921463,1.0,1.0,0.6,0.7,0.6,44,1000187.3424516192,633551.8271862803
23,25,1.4289645165995073,1.6991578899098236,1.6708341614189366,1.595712146976072,1.4154474649304452,0.17898407543007785,1.0,1.0,0.6,0.7,0.6,46,903208.2668835208,677168.4218067663
23,26,1.4279800412883081,1.6966140031334351,1.6727601990464325,1.6215316772657342,1.4132937914443864,0.17834133456135812,1.0,1.0,0.6,0.7,0.6,48,902403.746322317,668305.2023730291
23,27,1.4108601163981875,1.668978379191504,1.6400986538836237,1.584420227599007,1.4044984594435448,0.15185789593739818,1.0,1.0,0.6,0.7,0.6,50,1039814.8888858148,538094.974810003
23,28,1.4127088794814182,1.6708559495999826,1.6442490928896913,1.5974251025799617,1.3949305864350818,0.15520815879943356,1.0,1.0,0.6,0.7,0.6,52,1174919.7232288397,693922.7562654032
23,29,1.4372551298207021,1.683371245239334,1.658488364167797,1.638249323351392,1.440716003760377,0.19915206358233678,1.0,1.0,0.6,0.7,0.6,54,548366.4403854198,1551337.9282147328
23,30,1.4381594186643283,1.6772144620830756,1.6497405637613207,1.6432243023151396,1.4306104986536727,0.20193641906494425,1.0,1.0,0.6,0.7,0.6,56,778567.452816749,1240115.1066198407
23,31,1.4345872568074909,1.671316577959531,1.6482828283865616,1.6546869993605324,1.4255207123170694,0.19694674678942287,1.0,1.0,0.6,0.7,0.6,58,534384.5293901764,1244161.3543082268
23,32,1.43447027264228,1.6676796549258457,1.642215205350022,1.6482491858086963,1.42587688753102,0.19723590787941442,1.0,1.0,0.6,0.7,0.6,59,607424.634431217,1327729.1239269497
23,33,1.4327894448221774,1.6644644540959135,1.641203986291699,1.6425113305788601,1.4254691963039539,0.19497187413744704,1.0,1.0,0.6,0.7,0.6,60,570311.4516855445,1142830.355229101
23,34,1.4338106584662391,1.665443107464228,1.6444535991708533,1.6750955867522954,1.4194001409849613,0.1969095421599416,1.0,1.0,0.6,0.7,0.6,63,600877.7952431702,1215448.512663755
23,35,1.4316827644229544,1.646410048680572,1.6223949921067908,1.6473299714992558,1.4674476797528102,0.19632625589273348,1.0,1.0,0.6,0.7,0.6,64,575967.2373697666,927587.2356331876
23,36,1.4318198460354066,1.6450295318155117,1.6232208294767685,1.64967638140353,1.4265332390672798,0.1970255893775711,1.0,1.0,0.6,0.7,0.6,65,617636.8301907853,907834.5003070286
23,37,1.4285516055938619,1.6445461242463786,1.629680477312589,1.6875468191317387,1.4160174877937286,0.19169100676020462,1.0,1.0,0.6,0.7,0.6,67,768762.6790079355,802338.798650985
23,38,1.4317873386338236,1.64678683714751,1.6318772607687162,1.6888731900854514,1.4199105080508523,0.19725755921587715,1.0,1.0,0.6,0.7,0.6,69,751578.4780894069,823805.7419089646
23,39,1.4365662595079334,1.6425662276119377,1.6249865747115653,1.6841689296379871,1.4361815094468087,0.20655610555252862,1.0,1.0,0.6,0.7,0.6,71,871527.0014357105,747616.6757597806
23,40,1.4367550837209997,1.642680801651006,1.6273714606392917,1.6802614471786934,1.4261366177969115,0.20707178488607186,1.0,1.0,0.6,0.7,0.6,73,843239.1586891023,815028.3690527888
23,41,1.4408857710945306,1.6455231206199277,1.6301572521548002,1.7066451342042224,1.4305020393773082,0.2141671763887215,1.0,1.0,0.6,0.7,0.6,75,784449.384315778,784762.3857228676
23,42,1.4511089799721442,1.6514986483733107,1.6336725972764143,1.7549916748679681,1.4404034176617488,0.23170805727797877,1.0,1.0,0.6,0.7,0.6,82,801933.9764998655,1218146.685064974
23,43,1.4511089799074406,1.6526419696074939,1.6371399123526595,1.7686957656505262,1.4390250472607282,0.2317080571714055,1.0,1.0,0.6,0.7,0.6,84,801933.9830704891,1218146.6788005522
23,44,1.4523425623620732,1.6530612142682277,1.6375235077663932,1.7729996125587788,1.4428534824039754,0.23389363700505608,1.0,1.0,0.6,0.7,0.6,85,805100.3222421996,1218906.51103134
23,45,1.4477215263677954,1.6480890397912256,1.6325358623538353,1.771943102142743,1.436837109209781,0.2262477508116235,1.0,1.0,0.6,0.7,0.6,86,828756.2469988877,1167551.0480356428
23,46,1.44917928660715,1.6497653534158414,1.6364956609772454,1.8039161925361484,1.4378676715407281,0.2288238845351354,1.0,1.0,0.6,0.7,0.6,91,855414.5466223607,1134291.3041269665
23,47,1.460839080853491,1.6608605261460188,1.6498397002942222,1.8176960328060705,1.451756695078699,0.24852494229743988,1.0,1.0,0.6,0.7,0.6,93,800162.1488522135,950495.7552095022
23,48,1.454521594925947,1.6509789144151705,1.6375286526065702,1.814036056048232,1.446776578978311,0.2383723279323763,1.0,1.0,0.6,0.7,0.6,95,731877.8982381743,925042.3416192414
23,49,1.4541817987707497,1.6517085641999913,1.640578661841527,1.8280800634837857,1.4429174181128466,0.23781732359345029,1.0,1.0,0.6,0.7,0.6,96,737295.9788674818,919288.1129413988
23,50,1.438478942203774,1.6344817054591405,1.6232853642029434,1.8107539166320912,1.4294739537670007,0.21187859537661852,1.0,1.0,0.6,0.7,0.6,98,831662.4337897769,880466.4086436346
23,51,1.4230722487358247,1.624557872460442,1.6295185812773254,1.9773460764339736,1.4122734196830076,0.1865820634929423,1.0,1.0,0.6,0.7,0.6,122,1067508.468005133,935957.8748725302
23,52,1.4492827876852137,1.6494667052867564,1.654370769863263,2.018426392006694,1.439614797223006,0.23046102593339976,1.0,1.0,0.6,0.7,0.6,125,1399188.4837489778,1058709.0997402396
23,53,1.375042544247286,1.5517573219347454,1.5442720651341877,1.9586782748438711,1.3927864961656808,0.10923516425274624,1.0,1.0,0.6,0.7,0.6,127,1037248.6159293612,618147.9944069193
23,54,1.427865789881398,1.5957450291872035,1.5924281426765856,2.011181825966131,1.4361901479032873,0.1987143569675888,1.0,1.0,0.6,0.7,0.6,129,1097173.2371604051,493898.7934521144
23,55,1.4236076631606467,1.5877847393935223,1.5820338077431328,2.0006710284369356,1.4190520467121153,0.19193561150456195,1.0,1.0,0.6,0.7,0.6,131,1074041.3330178452,485329.2375753331
23,56,1.4291185181794979,1.5940298282593712,1.590585173962856,2.0258844398580904,1.4213245005873048,0.20117081156992644,1.0,1.0,0.6,0.7,0.6,133,1072149.5310619387,499794.9298453904
23,57,1.4011552346937464,1.562172536048486,1.5585608307910768,1.997938853062184,1.4048485706910538,0.1550391821818583,1.0,1.0,0.6,0.7,0.6,134,1103945.4982066886,484373.59026458114
23,58,1.4229985557553912,1.580475745810594,1.5744374812947028,2.0176133770708033,1.4186722375259113,0.19173100908944848,1.0,1.0,0.6,0.7,0.6,136,1048905.245374861,516016.2490651179
23,59,1.422996221664535,1.580455160472726,1.5744160430146743,2.0299220806166036,1.4150649402889983,0.1917292654969034,1.0,1.0,0.6,0.7,0.6,138,1048864.7615294384,515866.1671087846
23,60,1.3427464456876939,1.503091335693867,1.5062754860231014,1.9416862773459758,1.3374655228676344,0.058178775718279105,1.0,1.0,0.6,0.7,0.6,140,993479.4895030672,477808.497009151
23,61,1.3397199018074757,1.4935002898789531,1.496403860013142,1.9401460851896295,1.3422625446674918,0.05389069130296775,1.0,1.0,0.6,0.7,0.6,142,976511.596607336,476731.2559589509
23,62,1.3394068171509994,1.4937817869313417,1.4989858021496483,1.9748127585043678,1.3328875127903146,0.05343081145849462,1.0,1.0,0.6,0.7,0.6,144,971350.5989568024,457943.6896218697
23,63,1.400469246515558,1.555320961250711,1.5628204734238516,2.0637297424072325,1.3941719369982826,0.1552764087745483,1.0,1.0,0.6,0.7,0.6,146,901398.0967448883,480431.0203631651
23,64,1.3441561211278237,1.497302965322004,1.5024545402677396,1.9711469273458642,1.3385856752298007,0.061484108782778324,1.0,1.0,0.6,0.7,0.6,147,911377.1078087364,459073.81791128014
23,65,1.332317314453638,1.4834918964830601,1.488559440009308,1.9686236856950687,1.3311381322349014,0.041972013510835085,1.0,1.0,0.6,0.7,0.6,148,911087.2059157868,417053.5282638087
23,66,1.3508906641681948,1.5032847752716916,1.5152296461507755,2.043764414778905,1.3505672566594547,0.07317044876650636,1.0,1.0,0.6,0.7,0.6,149,925281.2068189954,460298.6509312824
23,67,1.353695725548536,1.5068435472653485,1.5210957972001449,2.068876775254472,1.347321128668768,0.07788798002432099,1.0,1.0,0.6,0.7,0.6,151,925743.0547559402,520705.7990130973
23,68,1.3532477614143674,1.5031310765247161,1.5172441922222042,2.0799410086815118,1.3514138357343222,0.07749343113542612,1.0,1.0,0.6,0.7,0.6,153,913421.1325750794,502420.0433429904
23,69,1.3543718413434518,1.5050430184290586,1.5214646578598643,2.098142570645178,1.3481783359623756,0.07940483671893028,1.0,1.0,0.6,0.7,0.6,155,917751.1215591588,470010.08794178703
23,70,1.3543793454599609,1.50504973700628,1.5214712625944866,2.11123994632996,1.347651681340419,0.07941743000351412,1.0,1.0,0.6,0.7,0.6,157,917973.7415920892,470062.2228053988
23,71,1.4579702098137441,1.6118260578023809,1.6374841722732834,2.3225120919765154,1.4516091755766927,0.25221636399525604,1.0,1.0,0.6,0.7,0.6,172,1069057.8085767175,787462.4917735761
24,0,0.32941180250737173,0.7717739763213023,0.7353091538225515,0.4504202770667948,0.0,0.0,0.0,0.0,0.6,0.7,0.6,1,14999405.0988084,10518363.116433112
24,1,0.3840180800134824,0.8263876400929214,0.7899223070066193,0.5090161519232671,0.05463915271528811,0.09085378777025747,9.171554252196e-05,7.966202399764e-05,0.6,0.7,0.6,3,14999701.318507563,10518839.096734712
24,2,0.7261414801025601,1.170021869246253,1.13585976646501,0.8710099863224665,0.3990893920959272,0.12201359041874298,0.2639894725484975,0.23271658143159324,0.6,0.7,0.6,4,14930363.80410989,10490419.15591176
24,3,0.7585938180505348,1.2039019353359501,1.1720475598537579,0.915389059404367,0.43133508070609594,0.11222511569381041,0.2600483658757774,0.3023318439906346,0.6,0.7,0.6,6,14860180.725224145,10463715.553190617
24,4,2.1883885299555104,2.6474041498431977,2.6122426883978145,2.342267656052198,1.969576800091196,1.0,1.0,1.0,0.6,0.7,0.6,7,11405685.742568431,8808238.173771665
24,5,2.1875797120995077,2.6468712884276404,2.6116885339007774,2.365380882389769,1.9007614385831468,1.0,1.0,1.0,0.6,0.7,0.6,9,12028063.872044103,8986714.701632362
24,6,2.1584301884082726,2.626409298417745,2.590408192663841,2.3505291994051234,1.9578968571975905,1.0,1.0,1.0,0.6,0.7,0.6,10,10003701.416731644,7863600.714246597
24,7,2.1538197716734757,2.6229882667210043,2.58685039118694,2.3440248412009614,1.909740452353505,1.0,1.0,1.0,0.6,0.7,0.6,11,10274267.116941797,7847807.009420241
24,8,1.950189220679169,2.3229080165078178,2.2770474688825395,2.0343493212306836,2.7525717921203534,1.0,1.0,1.0,0.6,0.7,0.6,12,829849.5611969162,830048.8115126071
24,9,1.9423078005427707,2.293936433457221,2.249195453400458,2.002498929912278,1.942510104102971,1.0,1.0,1.0,0.6,0.7,0.6,14,646217.4977063022,453865.8771062619
24,10,1.9408842569041203,2.2879839611226096,2.24300498703376,1.9982085321821366,1.9084290118501568,1.0,1.0,1.0,0.6,0.7,0.6,16,651008.6732342048,442114.242577593
24,11,1.9381156165807965,2.274701224967167,2.2269127470932455,1.9934114530041547,1.9343399368018113,1.0,1.0,1.0,0.6,0.7,0.6,17,741294.3727969368,395268.5611376688
24,12,1.9313587792089892,2.24151029505561,2.1923944688235033,1.9645445031439666,1.9940507057276355,1.0,1.0,1.0,0.6,0.7,0.6,18,440086.0785048136,467744.83914193447
24,13,1.929495453918507,2.2312312894883384,2.1817044177605536,1.9629737238869662,1.9290288357101835,1.0,1.0,1.0,0.6,0.7,0.6,19,644449.8753873601,442183.5060305994
24,14,1.9281426154582517,2.224554471751227,2.1770388423599005,1.9538398837973099,1.9220760139972821,1.0,1.0,1.0,0.6,0.7,0.6,20,807138.3667511498,454135.3754570889
24,15,1.9281386364952047,2.225674066899369,2.180481128099462,1.974601304412043,1.9000331920664246,1.0,1.0,1.0,0.6,0.7,0.6,22,807287.4144634235,453888.2718336826
24,16,1.9266580223358152,2.2167561049477396,2.1712065758477936,1.9595571277928872,1.9126111046123553,1.0,1.0,1.0,0.6,0.7,0.6,24,763222.3147686663,408716.5511758874
24,17,1.9254232507535836,2.2078551699978646,2.1596716487460714,1.957902338895635,1.9109766678478186,1.0,1.0,1.0,0.6,0.7,0.6,26,1088968.6231382876,401196.4359199872
24,18,1.9248276819412373,2.204000089321976,2.155662426273998,1.963645324466155,1.9109097152670462,1.0,1.0,1.0,0.6,0.7,0.6,27,1068726.702600426,468814.1303674962
24,19,1.9245522452413435,2.2021910401683717,2.1537811190211023,1.9715506376946919,1.9051193345455757,1.0,1.0,1.0,0.6,0.7,0.6,28,1137720.070198063,469221.5099422137
24,20,1.9237459699272161,2.1979401514844894,2.1516380434761286,1.974869179941737,1.9152645722661887,1.0,1.0,1.0,0.6,0.7,0.6,29,1254793.1363895878,512523.28883020935
24,21,1.9236065401140725,2.1981408468002495,2.1541249908815097,1.9844976579751235,1.9006708410938242,1.0,1.0,1.0,0.6,0.7,0.6,33,1033613.1628108028,358134.9112069328
24,22,1.9231971075055814,2.19536712030135,2.151240367322209,1.9983500743603502,1.903977377885795,1.0,1.0,1.0,0.6,0.7,0.6,35,1270934.154675908,455184.6230809833
24,23,1.9183227521309703,2.161743816197703,2.1231067264938703,1.979809215258598,1.9523678078067324,1.0,1.0,1.0,0.6,0.7,0.6,37,749222.9099979335,2166514.1233780487
24,24,1.9179862832895438,2.1566239921619963,2.1132259990193947,1.9628451759272734,1.9080190243768747,1.0,1.0,1.0,0.6,0.7,0.6,38,1338099.6157718496,1638314.7683122728
24,25,1.9160746463695348,2.15233569990049,2.1338259686155094,2.187781842440222,1.9011409645212018,1.0,1.0,1.0,0.6,0.7,0.6,80,1379107.0306234043,2136412.381033813
24,26,1.916054216474,2.1532406431740565,2.137044951673935,2.208040616166319,1.900267537661684,1.0,1.0,1.0,0.6,0.7,0.6,82,1125513.4005888014,1654386.0965075104
24,27,1.9158522939880744,2.1525545387427094,2.138609616200598,2.2100699854052914,1.9053186291882778,1.0,1.0,1.0,0.6,0.7,0.6,83,1225743.07427451,2064657.919307212
24,28,1.9154550318290333,2.1511117096924113,2.1416653433584902,2.243764166400307,1.9035385274283794,1.0,1.0,1.0,0.6,0.7,0.6,86,1054448.699021444,1918928.6554230568
24,29,1.915286648316716,2.1483444032105665,2.136509346281401,2.225360079554423,1.9045628814676827,1.0,1.0,1.0,0.6,0.7,0.6,87,1296695.3325310086,2098829.7998253866
24,30,1.9142976256013942,2.1386482235394113,2.126425351536743,2.2109690703292904,1.9275841938646678,1.0,1.0,1.0,0.6,0.7,0.6,88,1237656.949658491,2075828.2709933785
24,31,1.914138480194171,2.1393131140013595,2.131673202352478,2.2298326518409706,1.9022850774359417,1.0,1.0,1.0,0.6,0.7,0.6,90,1216909.4483103787,2053063.199762792
24,32,1.9108787695035057,2.1027712143183126,2.09366977326514,2.2041110975162996,2.0030579046455395,1.0,1.0,1.0,0.6,0.7,0.6,91,829763.3437377485,1669448.327988349
24,33,1.9108782408349154,2.1039081155993853,2.0971302513956567,2.2167396526067096,1.9000092898874947,1.0,1.0,1.0,0.6,0.7,0.6,93,829621.170089776,1669792.601313329
24,34,1.9098537807047737,2.092042249294845,2.0870679567251775,2.2156459309222023,1.9184078027264397,1.0,1.0,1.0,0.6,0.7,0.6,95,1289809.4041396398,1936362.287678713
24,35,1.9098526831139093,2.093171055771805,2.0905201115395706,2.2369693975919516,1.9000203670474107,1.0,1.0,1.0,0.6,0.7,0.6,97,1289448.3093782435,1937135.8199482705
24,36,1.9093405827335155,2.082897353696883,2.073001136311008,2.1998069015517694,1.9193675419555483,1.0,1.0,1.0,0.6,0.7,0.6,98,1209234.8275812473,2094144.8564377
24,37,1.909224510018967,2.0835985312117504,2.0782865015015557,2.223907027852182,1.902243125785009,1.0,1.0,1.0,0.6,0.7,0.6,100,1303028.200721105,1943171.829249476
24,38,1.9089455102233428,2.0797356348629257,2.074269074617875,2.2241232063540086,1.9054674103549427,1.0,1.0,1.0,0.6,0.7,0.6,102,1199842.176890417,2090067.910061451
24,39,1.9082946126288904,2.0715543000855536,2.0680388346905594,2.2227842408246716,1.913193133842236,1.0,1.0,1.0,0.6,0.7,0.6,104,1183679.4620646967,2069419.3391445272
24,40,1.9081958285337546,2.0700991892634986,2.0665254180103125,2.2472285422309204,1.9020586002726807,1.0,1.0,1.0,0.6,0.7,0.6,106,1164322.2074514197,2089502.3351185585
24,41,1.9081919269257654,2.071185009539308,2.069932983631188,2.2689261429894074,1.9000816273048722,1.0,1.0,1.0,0.6,0.7,0.6,108,1163605.1455152582,2090629.1209226884
24,42,1.9079290327685294,2.063827949125552,2.0554473220592433,2.268664913431038,1.9111129351994571,1.0,1.0,1.0,0.6,0.7,0.6,109,1168303.4692864253,2070639.262867267
24,43,1.9077524979323943,2.0622893780817826,2.056125137252969,2.235463771185774,1.9037950081653725,1.0,1.0,1.0,0.6,0.7,0.6,111,1141137.2105917404,2068775.9720832168
24,44,1.907719302843331,2.0629241223766903,2.0590635651057814,2.256700380822162,1.9003594964948518,1.0,1.0,1.0,0.6,0.7,0.6,115,1157441.1869414558,2051968.64542451
24,45,1.9074848916886586,2.0604462749246695,2.0587648175092133,2.2747977710714093,1.9051346853723334,1.0,1.0,1.0,0.6,0.7,0.6,117,1188141.7001874875,2040068.2747630456
24,46,1.9074440852510612,2.065517251004523,2.075429166528688,2.385707396380472,1.9001207436226877,1.0,1.0,1.0,0.6,0.7,0.6,132,1175183.8923607217,2066308.8828156367
24,47,1.9070660701346949,2.056069498080275,2.058769276428565,2.385804440850381,1.9024323514586734,1.0,1.0,1.0,0.6,0.7,0.6,139,1209153.0348074066,2172114.356612809
24,48,1.9066633588407287,2.050594619188314,2.05535356584834,2.3885264954504133,1.909370281652372,1.0,1.0,1.0,0.6,0.7,0.6,141,1291327.3231666626,1986200.0294042616
24,49,1.90654977948877,2.048680337581245,2.053362688083907,2.368914096691244,1.9054019290295012,1.0,1.0,1.0,0.6,0.7,0.6,142,1286428.9792098529,2162675.39193854
24,50,1.9064519637037232,2.0470214610004898,2.0516373835560646,2.367162043305289,1.9046955727532344,1.0,1.0,1.0,0.6,0.7,0.6,143,1272493.2590342234,2158894.8179683774
24,51,1.9062503603277237,2.0469888026528626,2.0584379489946,2.45018246294216,1.9049036064697251,1.0,1.0,1.0,0.6,0.7,0.6,145,1595023.6692069513,2414076.494771094
24,52,1.906009720065383,2.0381944958123346,2.0401791498671926,2.493453262571271,1.9014921600441737,1.0,1.0,1.0,0.6,0.7,0.6,153,1419586.8410424336,1952836.784096883
24,53,1.9057606860639522,2.033731188303287,2.0355374742742653,2.4800100013343975,1.9126319926312476,1.0,1.0,1.0,0.6,0.7,0.6,154,1458484.6783244717,1957404.1843549456
24,54,1.905730167554455,2.0320340707513793,2.031494364015118,2.4860595361557127,1.9015700821556623,1.0,1.0,1.0,0.6,0.7,0.6,155,1455373.2797792307,1957171.7995827675
24,55,1.9057213433875417,2.0341604920524374,2.0382621712594826,2.5513803859556057,1.9000565273038985,1.0,1.0,1.0,0.6,0.7,0.6,163,1433218.8147129074,1941616.817053604
24,56,1.9057088395142237,2.0362188053464787,2.0449591114122834,2.568427385427705,1.9006443674148246,1.0,1.0,1.0,0.6,0.7,0.6,164,1461287.3086655438,1956640.0281801173
24,57,1.9056782391029814,2.0345216877945704,2.040916060605394,2.561482094481034,1.9015816937048062,1.0,1.0,1.0,0.6,0.7,0.6,165,1445110.2677633043,1962198.7692343348
25,0,0.4067356150636361,0.8123233623024972,0.777480186197338,0.4932790824244826,0.0,0.0,0.0,0.0,0.6,0.7,0.6,1,6814894.779009701,10458369.746295314
25,1,0.9651877658299579,1.37268667292824,1.3401394950684435,1.075974840735258,0.560566367587098,0.1255274317879539,0.3229514871612217,0.43088382136927705,0.6,0.7,0.6,4,6808064.292668201,10414237.61711072
25,2,1.7237253891542959,2.163758728326866,2.1298061075047316,1.8512579927301505,1.4855668233778307,0.14354018971325888,1.0,1.0,0.6,0.7,0.6,5,6743373.815941589,8858628.88850467
25,3,1.7217314168917408,2.1622560781404325,2.1282775635240614,1.8564543633442185,1.386192655499161,0.14211973213717055,1.0,1.0,0.6,0.7,0.6,7,6723803.940093103,8829448.660941817
25,4,1.6592835526357583,2.1141473577575147,2.0816998268138946,1.8135098735601285,1.3839049173162556,0.0930802664015834,1.0,1.0,0.6,0.7,0.6,9,6921997.435831745,8157938.290534552
25,5,1.4389131866857965,1.7999716254721458,1.7534716879355465,1.4952578404452255,2.3874379067228806,0.1550870712380488,1.0,1.0,0.6,0.7,0.6,10,597436.0098195213,559548.1221111009
25,6,1.425988007025123,1.7864822984339415,1.74221416285324,1.487027830395928,1.3839816053346077,0.13454016899672547,1.0,1.0,0.6,0.7,0.6,12,579394.2490199421,536674.1644096336
25,7,1.4401774531415814,1.7994176775917143,1.75508201447964,1.519565924239454,1.4001169046988398,0.1589104504236549,1.0,1.0,0.6,0.7,0.6,13,656461.6264069336,576735.8215448548
25,8,1.940631307951422,2.288043695194338,2.2453450279095652,2.0205931964349366,1.9242902019710049,1.0,1.0,1.0,0.6,0.7,0.6,15,1047307.2481518664,2556705.41692378
25,9,1.9406124439081647,2.2879633054155635,2.245261497487042,2.032404061978581,1.9001141358318883,1.0,1.0,1.0,0.6,0.7,0.6,17,1046513.1065323672,2556072.406771068
25,10,1.4437725886696646,1.7892304726429997,1.7441658519009096,1.5383587256398261,1.4043090672461966,0.1723133431749478,1.0,1.0,0.6,0.7,0.6,20,597686.8993789256,1042440.3045475944
25,11,1.435072333428955,1.7814548979831955,1.743231434635557,1.5297435230452612,1.4046574382686194,0.15906608174505707,1.0,1.0,0.6,0.7,0.6,21,613405.1660976189,1019125.935552342
25,12,1.4341766432420742,1.7770906063437355,1.734158177248629,1.546714069236457,1.397059197788781,0.15815505750973005,1.0,1.0,0.6,0.7,0.6,23,696214.2539092381,877737.6975164171
25,13,1.4328859017355589,1.7790716477355382,1.7431027858783472,1.547872877109624,1.3942275378994955,0.1560811919258111,1.0,1.0,0.6,0.7,0.6,24,633140.5025448896,990874.959926948
25,14,1.4330699354055296,1.778705119715442,1.742707861745425,1.5535269948500114,1.3960085447126498,0.1566566193915953,1.0,1.0,0.6,0.7,0.6,25,634548.1195850543,1025547.4385788748
25,15,1.392749244917861,1.7328174185110372,1.6942685664447938,1.5564209273027765,1.3560151714061321,0.0915689259077107,1.0,1.0,0.6,0.7,0.6,40,855813.2384559469,1249625.2678173513
25,16,1.3925759021591826,1.7314949276860077,1.6906217111691455,1.5562132342435397,1.354791473063183,0.09128287093247388,1.0,1.0,0.6,0.7,0.6,41,787872.4818891578,2149381.295607161
25,17,1.4024585209268898,1.739434983094836,1.7007282857283186,1.5698019579100064,1.3766702057643774,0.10918243944434718,1.0,1.0,0.6,0.7,0.6,42,802103.6375333599,1036692.2933246272
25,18,1.4007186732693278,1.73621232321665,1.6951641280193326,1.5675366593368842,1.3651247347433664,0.10644215098400449,1.0,1.0,0.6,0.7,0.6,43,636943.6294905514,2237841.39878684
25,19,1.6163554340860635,1.930715319326045,1.8886096329012534,1.7639571498709872,1.6596335484470823,0.47468257606204806,1.0,1.0,0.6,0.7,0.6,44,815698.9481525031,1267091.6337662798
25,20,1.616342155075706,1.9317871830430393,1.8920025732666552,1.7850753673392936,1.5849097690216079,0.47468257606204806,1.0,1.0,0.6,0.7,0.6,46,815714.9184462792,1265643.1581573293
25,21,1.7258172342383613,2.0388093974963533,2.0034400857509094,1.8826533076830954,1.7035637969661033,0.6589258534336037,1.0,1.0,0.6,0.7,0.6,48,500288.6338284269,1052306.480012301
25,22,1.7451758436915745,2.0480515865467677,2.0121911450880066,1.8983162988368552,1.7342625898736128,0.6947991214463417,1.0,1.0,0.6,0.7,0.6,50,705336.433172018,770319.9855099929
25,23,1.735392074083153,2.035509949318206,1.9995167215413603,1.896257720898603,1.7123501465086313,0.6794287726463506,1.0,1.0,0.6,0.7,0.6,52,653420.1418854498,798075.4970217794
25,24,1.4857646118319807,1.7691946762379258,1.7324067990391745,1.6543354279810543,1.5176809317069906,0.26868982868454305,1.0,1.0,0.6,0.7,0.6,53,633108.7824304742,988167.4749179572
25,25,1.4890038466119249,1.7684280678007904,1.7337222128386656,1.6560276403178862,1.4738798161580329,0.2755874348912033,1.0,1.0,0.6,0.7,0.6,55,633709.3250005551,1002495.9769680562
25,26,1.4861386479546308,1.7657945331123157,1.733369818939504,1.6746355729607663,1.4641832455969626,0.2710772535673485,1.0,1.0,0.6,0.7,0.6,57,612347.6542115826,955190.7337939984
25,27,1.4880845967545384,1.76378681790756,1.731177465314015,1.671994729684224,1.4717802440616468,0.27542996462042096,1.0,1.0,0.6,0.7,0.6,59,607753.5329177341,953795.8068228224
25,28,1.488569134994982,1.7625970659831345,1.7276388173837054,1.6755905856806206,1.4675523100620298,0.2763821090651798,1.0,1.0,0.6,0.7,0.6,60,613399.0622826288,1026071.4676252664
25,29,1.5258305308345408,1.7765638374108237,1.745074930173609,1.6899251928057724,1.5902204570583114,0.344957933953358,1.0,1.0,0.6,0.7,0.6,61,470389.3961740539,691707.4474687832
25,30,1.5258258668108469,1.776495941810389,1.7450041405715506,1.701220341447292,1.507080493588857,0.3449648010251093,1.0,1.0,0.6,0.7,0.6,63,470274.7579384531,691543.9531662225
25,31,1.70357782600605,1.9490603642907232,1.9150609983482525,1.9052674814042407,1.687884676105849,0.6421431146423879,1.0,1.0,0.6,0.7,0.6,68,426203.0698181765,1000130.953737158
25,32,1.7028059298555132,1.947184932212573,1.913135470207012,1.9105614457681268,1.6864365216547417,0.6411052957108665,1.0,1.0,0.6,0.7,0.6,70,413049.9422427476,959673.9303538002
25,33,1.7174681081520902,1.9580508543715882,1.9238293367679553,1.9264890251128177,1.712002973045792,0.6663837198019197,1.0,1.0,0.6,0.7,0.6,71,399653.4042347856,852417.5092271768
25,34,1.6963712464456058,1.933221740279841,1.901103715060347,1.9075602864449732,1.6949402131218716,0.6322722996877189,1.0,1.0,0.6,0.7,0.6,72,317605.2419936636,770395.8038797602
25,35,1.7037104447063354,1.9335656739442024,1.901133107863683,1.9126263833025976,1.7098270565410636,0.6459539877193599,1.0,1.0,0.6,0.7,0.6,73,319273.95060033543,772741.238085933
25,36,1.915481921291538,2.1432776140983574,2.117570888940269,2.1359169192489182,1.9174019537903408,1.0,1.0,1.0,0.6,0.7,0.6,74,365984.14987224346,1094104.1212188134
25,37,1.9153812188009098,2.142317402851883,2.116572328814506,2.1243092333921845,1.9027206312981928,1.0,1.0,1.0,0.6,0.7,0.6,75,364480.4846356984,1097486.937262316
25,38,1.9153330687106047,2.1407098864075675,2.112622499148198,2.1312675106414734,1.900435030667384,1.0,1.0,1.0,0.6,0.7,0.6,78,344738.50264681736,1040046.3325369492
25,39,1.915323198812826,2.1406149818076257,2.112523808399879,2.142836630191923,1.9001340394073654,1.0,1.0,1.0,0.6,0.7,0.6,80,344473.0150781627,1039890.8712066072
25,40,1.9152959704447952,2.1403539941577843,2.1122524088420014,2.1301937705409286,1.9007395151543225,1.0,1.0,1.0,0.6,0.7,0.6,81,369463.1680809656,1131222.5419596855
25,41,1.7490001073463728,1.972071769429792,1.9416084565257874,1.9620070976036974,1.7364636165806706,0.7230029477237803,1.0,1.0,0.6,0.7,0.6,82,414418.3635300343,895311.587046974
25,42,1.748992748416871,1.9731436331467864,1.9450015157957052,1.9744466770835247,1.7339023595095533,0.7230029477237802,1.0,1.0,0.6,0.7,0.6,84,414571.250616819,896127.6239575489
25,43,1.6615427130929055,1.885632217280968,1.8574873045851126,1.8907732125023258,1.6465583378969209,0.5772650317296996,1.0,1.0,0.6,0.7,0.6,85,406051.773514682,864093.0029712548
25,44,1.9134764765359353,2.1220351733195257,2.093201051662883,2.1698757390275403,1.9487761813978564,1.0,1.0,1.0,0.6,0.7,0.6,86,325375.7167333128,819071.5110256518
25,45,1.9125682121786056,2.112203335896688,2.0829758578054185,2.167263380230477,1.9139104424389544,1.0,1.0,1.0,0.6,0.7,0.6,88,339384.18356191186,826058.7822746718
25,46,1.911937336102302,2.1039349121923103,2.0720984726774367,2.150519978644072,1.910092759784722,1.0,1.0,1.0,0.6,0.7,0.6,90,303102.2174343696,745414.9383471323
25,47,1.9118885097558573,2.1045088058907844,2.0749735838754537,2.1630215708721665,1.9007966001617205,1.0,1.0,1.0,0.6,0.7,0.6,92,306529.5827194736,789130.1884005298
25,48,1.911611349419403,2.1012789790498094,2.0716145312971253,2.1751638060077148,1.9091334819732313,1.0,1.0,1.0,0.6,0.7,0.6,93,296797.8632094608,798071.4083908143
25,49,1.911588207504968,2.0998646213794943,2.0678654719061624,2.170989062033866,1.9007693158350194,1.0,1.0,1.0,0.6,0.7,0.6,94,296277.5343632916,784628.2081954001
25,50,1.9112678536460708,2.0972050595317016,2.0673779633903697,2.1786398146165995,1.9107640484171924,1.0,1.0,1.0,0.6,0.7,0.6,95,285332.2613562051,772514.7303119024
25,51,1.9112619001589604,2.0982766441175196,2.0707703092331915,2.19193598136197,1.9001009801606519,1.0,1.0,1.0,0.6,0.7,0.6,97,285370.8295668237,773300.1505521798
25,52,1.911082182144344,2.094964473579536,2.0650476132326223,2.184048781034223,1.9061341694569354,1.0,1.0,1.0,0.6,0.7,0.6,98,272791.5599791957,755681.3205448226
25,53,1.910981792754181,2.0926016281721513,2.0603120625242752,2.186652424310815,1.903456436121672,1.0,1.0,1.0,0.6,0.7,0.6,99,242751.4054930727,695823.3310739029
25,54,1.910971952364855,2.0936249230644695,2.0636544684703573,2.1961030977953,1.900169804709519,1.0,1.0,1.0,0.6,0.7,0.6,101,257014.9050634165,729748.0040036654
25,55,1.9107257400788882,2.0905963498016074,2.0605046878402713,2.192903015524388,1.9085752706959145,1.0,1.0,1.0,0.6,0.7,0.6,102,247995.69914981865,700060.621991198
25,56,1.9105913577262061,2.0889215627438036,2.0587630339414726,2.2087836312043385,1.9023682698635458,1.0,1.0,1.0,0.6,0.7,0.6,104,266884.62936776166,807557.6955137417
25,57,1.9105798635514941,2.0876333723651763,2.0551450667794517,2.21251930299639,1.900407301416796,1.0,1.0,1.0,0.6,0.7,0.6,105,257865.727388483,805742.6311500169
25,58,1.9105781256324863,2.088754921431552,2.058589730609334,2.234264274648231,1.9000308945659201,1.0,1.0,1.0,0.6,0.7,0.6,107,257844.16895439,805961.0226561278
25,59,1.9102868261994148,2.0907895085756074,2.07209627294389,2.2612465295961126,1.9104190340871092,1.0,1.0,1.0,0.6,0.7,0.6,108,390127.26078450505,980080.318454714
25,60,1.9088737013634463,2.071894560989464,2.052445696456152,2.241286627148755,1.917847670845465,1.0,1.0,1.0,0.6,0.7,0.6,111,366295.3203095262,792110.6719636517
25,61,1.9086192763591083,2.068278974862842,2.048685578945197,2.2539041602876315,1.9051086959609815,1.0,1.0,1.0,0.6,0.7,0.6,113,358057.05336279987,752445.4288116331
25,62,1.9084942088387908,2.0676043148097234,2.0502620744712066,2.2740023404589387,1.9016976789061837,1.0,1.0,1.0,0.6,0.7,0.6,116,371236.06199717615,700313.2973058623
25,63,1.9084546563264206,2.0670533098677057,2.049689133060634,2.2651292679119237,1.9016197576497929,1.0,1.0,1.0,0.6,0.7,0.6,117,380499.5244846651,885574.0363639734
25,64,1.9078224520136047,2.056496568780015,2.036431874043971,2.257879541068968,1.926568525060219,1.0,1.0,1.0,0.6,0.7,0.6,118,343704.51264177007,841286.7532177665
25,65,1.907282169765982,2.0538155138316476,2.045034437423199,2.4421800811194534,1.9007424120284804,1.0,1.0,1.0,0.6,0.7,0.6,150,753009.1953969602,578211.126769023
25,66,1.906856806704205,2.0480832759951375,2.041350953872836,2.450662937058857,1.9097390990403715,1.0,1.0,1.0,0.6,0.7,0.6,152,820954.9753992727,536841.9699533358
25,67,1.9063233536620725,2.040248901269907,2.035481470247207,2.4484666237298387,1.9084760699348289,1.0,1.0,1.0,0.6,0.7,0.6,155,991101.9462635688,472392.79196350975
26,0,0.4263419984335414,0.821392055089329,0.786911514053414,0.5028642939975541,0.0,0.0,0.0,0.0,0.6,0.7,0.6,1,4808562.818475504,10436800.783848085
26,1,0.4851754924545134,0.8802420433862058,0.845760874975776,0.5656962855406135,0.05888395135592326,0.09787976650550692,8.828445747797e-05,0.00012427493888234,0.6,0.7,0.6,3,4809171.048332845,10436082.891293606
26,2,0.48517524991127586,0.8813853646843332,0.8492280117591912,0.5781740456397381,0.05886439260294134,0.09787976650550692,8.828445747797e-05,0.00012427493888234,0.6,0.7,0.6,5,4809007.501910574,10436112.79584698
26,3,1.0108211629399557,1.407059400782369,1.3749010599979892,1.1150280397635877,0.584627856766587,0.1436751067161136,0.2215625154930556,0.5721048037148437,0.6,0.7,0.6,6,4852719.640597529,10437475.991174148
26,4,2.260439085866008,2.6902320836165354,2.656783487777418,2.3875457257001003,1.99136060348355,1.0,1.0,1.0,0.6,0.7,0.6,7,4122316.08867875,8901028.854589185
26,5,1.7092956040346583,2.1425999752653104,2.108985444062146,1.85854771778772,1.362356075410924,0.09419064212120232,1.0,1.0,0.6,0.7,0.6,9,4646143.882392006,8727779.614603017
26,6,2.251657398945391,2.6854807127335456,2.651841994447278,2.3888365366434914,1.9017353457305988,1.0,1.0,1.0,0.6,0.7,0.6,10,4533311.569831298,9753351.03905132
26,7,2.146549178263635,2.6174190414914538,2.5810583738535153,2.3279424666553656,2.0926098102158384,1.0,1.0,1.0,0.6,0.7,0.6,11,2508198.570297072,4981340.277855531
26,8,2.1465229782539446,2.6173981066532312,2.581036554874821,2.335212825607494,1.900057496234076,1.0,1.0,1.0,0.6,0.7,0.6,12,2507807.896179559,4980033.661234309
26,9,1.9557113841881062,2.3414442805324147,2.2963250419034376,2.0709405982163163,2.6841793117001838,1.0,1.0,1.0,0.6,0.7,0.6,13,385880.1083501026,502391.9576836573
26,10,1.3602360726542875,1.7306757949783345,1.684688093046665,1.4643742173076133,1.3726681483064338,0.01825025501920078,1.0,1.0,0.6,0.7,0.6,14,263188.40289514634,618265.0316382108
26,11,1.354197038729338,1.7205091997860844,1.6742942559674217,1.4364479571873612,1.3224618972263258,0.010770802668511539,1.0,1.0,0.6,0.7,0.6,15,287508.2101927568,479499.0915185918
26,12,1.9172519340641196,2.2800143997336164,2.2336055473194265,1.9964730606782828,1.8776807324339684,0.9513565950526178,1.0,1.0,0.6,0.7,0.6,17,311485.1377066395,511702.47918502736
26,13,1.9374626761444818,2.2707305839842906,2.2205051016279875,1.9944282864445548,1.9529001870547407,1.0,1.0,1.0,0.6,0.7,0.6,19,265130.12442214054,1669958.8451793932
26,14,1.9355291826304866,2.2616532381309935,2.2110647370286913,1.987837868035184,1.9257148805179352,1.0,1.0,1.0,0.6,0.7,0.6,20,247667.9250474008,1077897.412918595
26,15,1.5549581956541942,1.8759090130152263,1.8250607142118072,1.6107291655053064,1.539059455789503,0.36791952603183614,1.0,1.0,0.6,0.7,0.6,21,291688.36061740585,512651.792027456
26,16,1.932780366844109,2.2491127117733343,2.2003009651657925,1.9880955683458992,1.9204449349026365,1.0,1.0,1.0,0.6,0.7,0.6,22,382349.7963676406,548105.3290941513
26,17,1.9309599110843338,2.2406128883238035,2.1937393978045114,1.9899766357508768,1.9090832643063802,1.0,1.0,1.0,0.6,0.7,0.6,25,364153.0050879852,481265.7632771514
26,18,1.6054063502962523,1.9059381570213731,1.85862142355945,1.6703198542729463,1.5841482060896124,0.4606807519729392,1.0,1.0,0.6,0.7,0.6,29,385997.7563434138,999439.7495959369
26,19,1.6024274198863644,1.9005744095396095,1.8531422929739385,1.6713369669213383,1.5780095635353317,0.4565478116925631,1.0,1.0,0.6,0.7,0.6,31,387145.81660083344,1065018.5255794262
26,20,1.5997761477899812,1.897038413096531,1.849563720491735,1.6742847362545725,1.572968789442725,0.452433480317722,1.0,1.0,0.6,0.7,0.6,33,394514.5846299666,1151571.089474188
26,21,1.3319044793493933,1.6290333685300737,1.5838201274522898,1.4349300570349457,1.3084811130653287,0.0064432078594841595,1.0,1.0,0.6,0.7,0.6,34,279215.24675687344,407123.16103358153
26,22,1.3318935141310502,1.6301099774770655,1.5872180023551077,1.4450222430735842,1.3039574096556716,0.0064432078594841595,1.0,1.0,0.6,0.7,0.6,36,279134.6826005709,406696.92541683774
26,23,1.4076516719681307,1.701215900323949,1.658101161352064,1.5192881012986756,1.3857297141274318,0.13423744741334337,1.0,1.0,0.6,0.7,0.6,39,366581.5173231351,1208256.804495575
26,24,1.5841077812636473,1.87649760396756,1.8355959908580943,1.7356048397791453,1.5590106525723293,0.4290825882186927,1.0,1.0,0.6,0.7,0.6,44,442227.5211890852,797191.4175890116
26,25,1.401547542761441,1.6918860868323988,1.6486172271388058,1.5341833345733802,1.378129301389853,0.1251077753156744,1.0,1.0,0.6,0.7,0.6,45,361534.61938238464,1202700.4751498683
26,26,1.3298622877135595,1.60748771668753,1.5658872479451968,1.4691546055548486,1.352304748859034,0.00986290564404557,1.0,1.0,0.6,0.7,0.6,46,354032.42791978177,412138.4752561128
26,27,1.3261678511803474,1.6039336159831827,1.5668801863959294,1.4774058314971779,1.3031441426472097,0.00432507071205529,1.0,1.0,0.6,0.7,0.6,59,316161.8295529108,471824.5556370791
26,28,1.3238134740051475,1.5884699667276179,1.5508061011402925,1.4687256294451871,1.3455961284487725,0.00398721995592211,1.0,1.0,0.6,0.7,0.6,60,284369.93023275875,467459.5546893512
26,29,1.3226602817868027,1.5836764093234783,1.5481157291990981,1.4660910640706115,1.3097788944857836,0.00329305090830709,1.0,1.0,0.6,0.7,0.6,62,297477.4828989595,521619.90245555225
26,30,1.3229319587955861,1.582689905702097,1.544799876737586,1.4692087230101456,1.302670659316444,0.00377725342529733,1.0,1.0,0.6,0.7,0.6,63,272107.6642682637,477656.83502136497
26,31,1.3230365543911045,1.583444167594466,1.5478552865534068,1.483922964463352,1.3029772437483156,0.00407507577002548,1.0,1.0,0.6,0.7,0.6,66,292217.3007737645,523582.16092804726
26,32,1.3231458533427454,1.5854785446141282,1.5545206978874089,1.473254546509028,1.303756038562754,0.0043459480223425,1.0,1.0,0.6,0.7,0.6,67,343508.4246772483,529872.4678163625
26,33,1.3220064169546726,1.5788138297679728,1.5430596711088804,1.4899168936242888,1.312507716653921,0.0032533165510842004,1.0,1.0,0.6,0.7,0.6,68,286893.94400042336,539331.558937085
26,34,1.3227409840116173,1.5788941101681313,1.5431098857721182,1.5017339023385827,1.3049001268606195,0.0046376248878419605,1.0,1.0,0.6,0.7,0.6,69,353107.557193036,431180.58036482864
26,35,1.3229280179294587,1.5799557684596053,1.5464833054438847,1.4648704004888307,1.3038648409431022,0.00501372558526428,1.0,1.0,0.6,0.7,0.6,70,314171.5572738164,520336.4004413546
26,36,1.3232418682608436,1.5761893369658533,1.5470732800705114,1.5074159971728651,1.3248361341404573,0.0070586357837484305,1.0,1.0,0.6,0.7,0.6,71,304398.4033628952,503808.79875252704
26,37,1.323690198497519,1.572953613088809,1.5413978056947357,1.4934959171170847,1.3091312710830232,0.00839515009732294,1.0,1.0,0.6,0.7,0.6,73,325135.6656202323,510186.5039946744
26,38,1.32228455479128,1.5717494838366899,1.5470185011262592,1.526010851455424,1.3052276480136968,0.00678789081119433,1.0,1.0,0.6,0.7,0.6,82,284476.7158227533,639228.9819356337
26,39,1.383615053235287,1.6251221648838645,1.6068483271192506,1.6801470385241135,1.3720503183346917,0.11147744884984712,1.0,1.0,0.6,0.7,0.6,90,332790.0435108246,773628.9529085484
26,40,1.3835899072867277,1.6261272007126384,1.6101719431665709,1.6927572850265769,1.3671073997871899,0.11145911276157919,1.0,1.0,0.6,0.7,0.6,92,332340.7823669162,772882.5295049812
26,41,1.383601913487201,1.6261190400052592,1.6101628489902948,1.6999055541277661,1.3669037882982087,0.11148319429141476,1.0,1.0,0.6,0.7,0.6,93,332069.1292837121,770045.9666651789
26,42,1.3848752321703406,1.6236605286386991,1.6052643396560677,1.6832061156635794,1.3736724437062935,0.1141397193763688,1.0,1.0,0.6,0.7,0.6,94,330213.3110846104,582039.1706374955
26,43,1.393211777638124,1.6220842179801371,1.6032442000025044,1.7051683606043184,1.3821422208023013,0.13000869712436788,1.0,1.0,0.6,0.7,0.6,96,306012.2380637996,895422.1438066241
26,44,1.3913915516831397,1.6201550888937897,1.6035829327590156,1.7149411232631513,1.3870585604502603,0.12721310918216083,1.0,1.0,0.6,0.7,0.6,98,293803.6967862209,792373.7845553277
26,45,1.3861281837141899,1.6049762987704042,1.5856905587235812,1.696275595485793,1.399443471034711,0.12007074778703282,1.0,1.0,0.6,0.7,0.6,99,284820.937460724,726480.1056587748
26,46,1.3770926835755999,1.5994080433864823,1.5893684962815509,1.723620592244763,1.3659704332369915,0.10521142037016759,1.0,1.0,0.6,0.7,0.6,100,261348.0029566892,742038.9887660673
26,47,1.3764139471790884,1.5921494874065454,1.574999022315749,1.7064528506235885,1.3729173664998506,0.10463961855835387,1.0,1.0,0.6,0.7,0.6,101,276730.7653229828,725105.7326382785
26,48,1.386021167148746,1.6062148733364614,1.5915351891485248,1.7327194392850345,1.3720618653616579,0.12006202452780253,1.0,1.0,0.6,0.7,0.6,105,304059.1433565513,686174.7691291599
26,49,1.376238997039544,1.5936228087998083,1.581092036881523,1.7327863470731768,1.3634225078361495,0.1044601559095136,1.0,1.0,0.6,0.7,0.6,108,282523.40973535285,707883.3972918773
26,50,1.3754448443148632,1.582981630959524,1.565469472274661,1.7334018832678284,1.3734028145050576,0.10443340655218,1.0,1.0,0.6,0.7,0.6,110,313926.7413044359,839138.5196417266
26,51,1.375419218549204,1.5841027942315695,1.5689147048535876,1.7537253674787436,1.3626587216554,0.10438996344792997,1.0,1.0,0.6,0.7,0.6,113,314622.81680356467,838781.7461974435
26,52,1.3710927553829022,1.5872693061248122,1.5883259254518562,1.8011830339278663,1.3589994631834201,0.09726242857657286,1.0,1.0,0.6,0.7,0.6,116,301110.53241366026,699674.6946005798
26,53,1.3710893659333345,1.5861190468328097,1.5848515374007142,1.7925149546472285,1.3583648550920855,0.09725737831422857,1.0,1.0,0.6,0.7,0.6,119,301042.3202268031,699638.5561222687
26,54,1.371207997502431,1.5885506594751206,1.5896584592637901,1.8025383720078882,1.3625931985985211,0.0972594074646638,1.0,1.0,0.6,0.7,0.6,120,297959.29108186846,663745.8155156663
26,55,1.3891104271316903,1.5915751581897948,1.5806614322993782,1.7243671710096544,1.3805117357760306,0.1285925345887997,1.0,1.0,0.6,0.7,0.6,125,304744.63789209106,471747.913982734
26,56,1.3890886451958973,1.5913236609999482,1.5803998423640748,1.724100186226213,1.3776745716067027,0.1285925345887997,1.0,1.0,0.6,0.7,0.6,127,304565.1354567006,467728.3532906364
26,57,1.386100538247642,1.592469162543121,1.5840003971085936,1.805356688590869,1.3790150066696198,0.12313403642896603,1.0,1.0,0.6,0.7,0.6,129,296898.677137021,403835.1263282845
26,58,1.3861110497890556,1.593568541441666,1.587421257406778,1.8617354694653558,1.373969664678509,0.12316035588254264,1.0,1.0,0.6,0.7,0.6,130,296910.7337710303,406461.339633252
26,59,1.3861004655863587,1.593506559878482,1.587356980962538,1.8573738740300874,1.3739201715199465,0.12315102743992375,1.0,1.0,0.6,0.7,0.6,132,297064.1217863736,404652.680697526
26,60,1.3861122401091348,1.5946402629740748,1.590813452231922,1.8797911270329797,1.3739954932784828,0.12317407546704781,1.0,1.0,0.6,0.7,0.6,134,297038.9569706827,405681.194110958
26,61,1.3860567431613626,1.5937864488201243,1.589924601019736,1.8693487653658867,1.3747565763824208,0.12320997749192864,1.0,1.0,0.6,0.7,0.6,137,298009.50276583526,407088.311596883
26,62,1.389954672610422,1.5879606117926086,1.5836735465765235,1.888695592506858,1.3801286538693978,0.13122135705880936,1.0,1.0,0.6,0.7,0.6,138,361417.4149309413,262227.36397205194
26,63,1.385277869815209,1.5831051338417534,1.5856323131683334,1.9257719848103418,1.3772515461073107,0.12396628733628576,1.0,1.0,0.6,0.7,0.6,149,294901.1510952781,620928.6660579431
26,64,1.376379642509774,1.567110075719833,1.5693288314750484,1.9366989344620662,1.3924413818557788,0.11016324345761168,1.0,1.0,0.6,0.7,0.6,150,287565.1229767439,602770.1973145612
26,65,1.3856760934256172,1.5763553352708426,1.5785719099876014,1.9327541945697848,1.3755605394318744,0.12566458788276755,1.0,1.0,0.6,0.7,0.6,153,287830.94776833407,599293.3826293724
26,66,1.3860404008613927,1.5765812351981294,1.57879180140591,1.932971980378937,1.3763920342182203,0.1262913753829949,1.0,1.0,0.6,0.7,0.6,154,289111.84271602606,601379.402351421
26,67,1.3855238871159021,1.5760631806010128,1.5782736380281106,1.9324534290598527,1.3756302349694227,0.1254307423662304,1.0,1.0,0.6,0.7,0.6,157,287771.2913958274,590734.357536384
26,68,1.38552360521062,1.576059551895721,1.5782698925358551,1.9324495766888319,1.3752585698636817,0.12543074236623036,1.0,1.0,0.6,0.7,0.6,159,287751.78959068074,590807.916218339
26,69,1.3856385137676972,1.5748811338461743,1.5747612508027267,1.9148217145063677,1.3756722530479812,0.12564347024017047,1.0,1.0,0.6,0.7,0.6,160,288128.304284982,594120.695955386
26,70,1.3856127050371652,1.576650197159853,1.5811566751975326,2.007996348533284,1.37550948407933,0.12566987089906095,1.0,1.0,0.6,0.7,0.6,173,288276.2029572051,604845.6929939532
26,71,1.3854158185206744,1.577510658087807,1.5843373336953386,2.0178259883168703,1.3752722803719646,0.12535381997024628,1.0,1.0,0.6,0.7,0.6,174,282628.8860399038,608116.8168731848
26,72,1.385587591901578,1.5765846852401064,1.581089446442819,2.0212100472215124,1.3754767856543757,0.1256337236906154,1.0,1.0,0.6,0.7,0.6,176,287815.2446923918,601810.5328130964
26,73,1.385240352016829,1.5817257292612195,1.5955657287595106,2.094013864680181,1.376856545767071,0.12492567096674559,1.0,1.0,0.6,0.7,0.6,179,288968.77045412816,706729.1860830939
26,74,1.3851836083202305,1.5808813789847056,1.5946869877562015,2.1067564447228713,1.3756925100097517,0.12494245472364958,1.0,1.0,0.6,0.7,0.6,181,288641.4048186846,704250.5694641336
27,0,0.23985219718159945,0.7110068401094752,0.6721118197093627,0.3861922424106952,0.0,0.0,0.0,0.0,0.6,0.7,0.6,1,24563521.953562524,10583363.325425474
27,1,0.300088591083614,0.7712456760861709,0.73235024587291,0.4504132705627985,0.0602648495529829,0.10018312139553047,8.749266862167e-05,0.00013100731203,0.6,0.7,0.6,3,24561549.82497893,10582764.41645109
27,2,0.688521521645579,1.160920743872539,1.124333495037985,0.8584555806846186,0.45026464726555104,0.13413676644865324,0.23766804638814665,0.337198218635744,0.6,0.7,0.6,4,24374179.5939935,10519623.067528654
27,3,0.34429085897591366,0.8167180346503835,0.7801264781292573,0.5183730972276818,0.10538804980929267,0.10013857492073977,0.03307650993916111,0.036399115341612845,0.6,0.7,0.6,5,24382217.38677572,10517389.387321943
27,4,1.238958446067543,1.7114010443020202,1.674806894811736,1.4112776351541285,0.9999992048017569,0.1341561413183634,0.6027655964616765,0.828987304944895,0.6,0.7,0.6,6,24308774.41006532,10502417.712290194
27,5,0.53485557682117,1.0084723091788688,0.9741972032838095,0.7211600229178929,0.2962171933178036,0.11142409372557105,0.11639971233799706,0.24589609051992117,0.6,0.7,0.6,7,24390278.61169497,10527010.262516998
27,6,1.5844615117039589,2.0606928929406454,2.0259276612040686,1.7673771151262825,1.395035216118568,0.10057818307936792,1.0,1.0,0.6,0.7,0.6,8,22554720.217442323,9780896.331809564
27,7,2.1210558375082837,2.5977232665605037,2.562853081758329,2.3042554518789826,1.9037073302310756,1.0,1.0,1.0,0.6,0.7,0.6,10,19066028.87219099,8861558.504632495
27,8,2.1085801898578946,2.587799594980663,2.5548109748154886,2.3159944241366652,1.9313181822821441,1.0,1.0,1.0,0.6,0.7,0.6,11,20435164.69203228,8993179.019988487
27,9,1.818834520574247,2.297256851371969,2.261795349792213,2.0101796805459737,1.624928960768309,0.5238694590011616,1.0,1.0,0.6,0.7,0.6,12,20308167.370095536,8972382.414286124
27,10,1.4236717834633392,1.8426718977178425,1.7996209247603168,1.5642501038681207,1.8864759525523613,0.08251838372328825,1.0,1.0,0.6,0.7,0.6,13,3350276.5388261406,1471260.2592415195
27,11,1.3514332282693489,1.6173322407051405,1.56837199984589,1.3429164769511122,1.620243389796188,0.04816502992379151,1.0,1.0,0.6,0.7,0.6,15,2719865.138142496,570978.5812650487
27,12,1.3511010086711797,1.6164470139132643,1.567461167224045,1.3449952512274606,1.3295522650654552,0.04776011999844395,1.0,1.0,0.6,0.7,0.6,17,2845450.251959301,605048.6449779783
27,13,1.3447909534138338,1.5995228685048284,1.5500453924653863,1.3454737380232518,1.3587393953664424,0.040032600170935725,1.0,1.0,0.6,0.7,0.6,18,2732017.3077295576,558228.7278780249
27,14,1.339805545257367,1.5844062177655642,1.5344639670661677,1.3580745174779663,1.336972059828045,0.03420895547017266,1.0,1.0,0.6,0.7,0.6,20,2844546.930583745,763175.0259457137
27,15,1.3383715803561196,1.5813959004444862,1.5313817883907497,1.3358267231885028,1.3218594916967923,0.03219055920576559,1.0,1.0,0.6,0.7,0.6,22,2887924.8820356154,851278.8371650198
27,16,1.3392782367659017,1.5821324916807415,1.5321106542830605,1.333363097612462,1.3207939830994966,0.03374153821207282,1.0,1.0,0.6,0.7,0.6,23,2853213.954730065,737975.0659752468
27,17,1.3371630807714192,1.5797553219562137,1.529721576321259,1.3341575041362759,1.3190090136832602,0.0302773726022627,1.0,1.0,0.6,0.7,0.6,24,2935662.713280871,952088.0957928548
27,18,1.3379085413727028,1.5795538220931786,1.529476839728721,1.337083685692276,1.3220984043499384,0.03174053992846202,1.0,1.0,0.6,0.7,0.6,25,2898256.250624714,822229.8701564185
27,19,1.3377695078971878,1.5781782669236932,1.5257730947556483,1.3399083955663973,1.3192093181295435,0.03152980133589539,1.0,1.0,0.6,0.7,0.6,26,2886514.2418742552,844239.1269435013
27,20,1.340591317754239,1.5812918100409004,1.5311719223509046,1.3514894923396263,1.3245901371034607,0.036429208659848,1.0,1.0,0.6,0.7,0.6,27,2709127.789269182,611903.7240725557
27,21,1.3388159645007502,1.5776065431618131,1.5251277464204005,1.3425398408725293,1.3226576963219676,0.0336469061201086,1.0,1.0,0.6,0.7,0.6,28,2752133.633265627,691402.6072762517
27,22,1.338983835321259,1.5772354600209413,1.527004092162538,1.3538194596205795,1.3259994957598529,0.03431104197375669,1.0,1.0,0.6,0.7,0.6,29,2750376.037964328,686266.2508768752
27,23,1.3371289471898908,1.5732554943907955,1.5206555084122728,1.347649692650893,1.3220265153957973,0.03144231505455511,1.0,1.0,0.6,0.7,0.6,30,2689346.1343555846,750518.5446684184
27,24,1.3407093889431594,1.5758124184605693,1.5254381272721171,1.3587376170115948,1.3296886097664367,0.03789503490480486,1.0,1.0,0.6,0.7,0.6,31,2706549.236841073,663284.1940098098
27,25,1.3379470575971228,1.5722199542696198,1.52180816714404,1.3617187193060256,1.32274673735608,0.03347538136011134,1.0,1.0,0.6,0.7,0.6,32,2650241.650394377,625051.273090677
27,26,1.337106585774936,1.5688163473238035,1.5182884460011943,1.361500953360051,1.3277925338705,0.032637255090610925,1.0,1.0,0.6,0.7,0.6,33,2612089.5476405723,596956.1340118112
27,27,1.318164977883103,1.5573269784358845,1.523039442698313,1.3895904046662788,1.301219596431065,0.0012572440172122499,1.0,1.0,0.6,0.7,0.6,39,3751420.731219562,1518285.5454773589
27,28,1.3181462179678323,1.547664007955981,1.5129439232593545,1.401485462161769,1.3316359248174243,0.003185097643649,1.0,1.0,0.6,0.7,0.6,40,3262868.380371016,1309949.2995190674
27,29,1.3188489338308451,1.5314219884939413,1.49139941786859,1.354017219915887,1.3506577694636412,0.007205626060536589,1.0,1.0,0.6,0.7,0.6,41,3748093.374742438,1226544.3620081954
27,30,1.3168149870622892,1.5199140256914387,1.4794716601069984,1.3668527504220465,1.333014002846126,0.00552069974963609,1.0,1.0,0.6,0.7,0.6,42,3746425.211958013,1458628.0730866909
27,31,1.3173646648985144,1.5186479827886563,1.4758523030774526,1.363147125506282,1.304978145111662,0.00655364529014406,1.0,1.0,0.6,0.7,0.6,44,1923175.5147849072,1258287.890680452
27,32,1.3172497013984008,1.519850494362787,1.481659646959751,1.383826258498435,1.3069453042201506,0.006529943251204311,1.0,1.0,0.6,0.7,0.6,45,3802578.601096139,1419516.0315033186
27,33,1.317266561667028,1.518824900633858,1.4805878942457475,1.390204458718134,1.305666423566093,0.0067373211135868995,1.0,1.0,0.6,0.7,0.6,47,3828997.419843099,1546745.7185910724
27,34,1.3142012045901814,1.5069215563878477,1.4751169095686945,1.4229526776539005,1.314910500562481,0.00365698464336678,1.0,1.0,0.6,0.7,0.6,50,1903514.756112965,5692848.263133456
27,35,1.3141438928981792,1.5065248391110764,1.474705317532571,1.4225344557287216,1.3032213907671448,0.00361546039346866,1.0,1.0,0.6,0.7,0.6,51,1991223.4243014485,5475360.622411207
27,36,1.3141323389973643,1.5041882928747055,1.4699930914668782,1.4321859124091088,1.303499218482161,0.00378443615586668,1.0,1.0,0.6,0.7,0.6,54,1772436.9372083156,4645827.598780186
27,37,1.3139876104807406,1.4974719916062402,1.4584418422492942,1.4147625950192482,1.3157603379154357,0.00420897070331202,1.0,1.0,0.6,0.7,0.6,55,1841062.3248812847,5768487.3746883385
27,38,1.3135463699315828,1.498693638551362,1.4642837489984428,1.430117201095153,1.3040739853597518,0.00356957662034001,1.0,1.0,0.6,0.7,0.6,56,1638632.7409285917,4639488.619944294
27,39,1.3135050364143241,1.493891798852675,1.4547264978936854,1.4218528582453973,1.3099589605151765,0.0038762455743317796,1.0,1.0,0.6,0.7,0.6,57,1575608.9983816736,4566587.843956268
27,40,1.3137932159275514,1.4915404904871647,1.4477121470743017,1.3974794333870082,1.3037331292444647,0.0044095405604767,1.0,1.0,0.6,0.7,0.6,58,1777808.7233024354,5703750.276628424
27,41,1.9102828356289963,2.0839036215874467,2.0512662231092236,2.075587375098483,1.9151885422021033,1.0,1.0,1.0,0.6,0.7,0.6,60,3187833.5302953874,2432756.431567016
27,42,1.909688968047457,2.077313334514989,2.04669059897496,2.09149862580102,1.910938778687263,1.0,1.0,1.0,0.6,0.7,0.6,62,3047354.0482548024,2211497.056016732
27,43,1.364828612675721,1.5225736315392306,1.491524573937303,1.5312643289999985,1.3659649163456717,0.0932000625266458,1.0,1.0,0.6,0.7,0.6,65,3165927.33213441,2033538.3727454029
27,44,1.9088579525270988,2.0670826186412175,2.0383286388839528,2.1261495049536325,1.901006326037666,1.0,1.0,1.0,0.6,0.7,0.6,67,3079779.505740688,2064207.568266213
27,45,1.90851428963547,2.0621919613012536,2.0332424387577834,2.093754737328296,1.913862318676205,1.0,1.0,1.0,0.6,0.7,0.6,68,3391220.2725992417,2664721.58727348
27,46,1.4196930865831507,1.5735978252682037,1.5492076932460987,1.6076680131662782,1.4123647374317119,0.1855499004783271,1.0,1.0,0.6,0.7,0.6,74,1772098.186682213,5301328.796605715
27,47,1.4851032834523918,1.6203557089865233,1.5974430178359482,1.6687677514811319,1.508068580803819,0.29685728230030295,1.0,1.0,0.6,0.7,0.6,76,1799469.8333892794,5333241.056774499
27,48,1.4822984853116983,1.6164969951594808,1.5935393272524054,1.684757897691631,1.4764366469398067,0.2922972019070346,1.0,1.0,0.6,0.7,0.6,79,1796547.9768519702,5337650.538499403
27,49,1.4302265235271605,1.5610540157862496,1.5356775169090016,1.5810101405683192,1.426807359671736,0.2057507344569062,1.0,1.0,0.6,0.7,0.6,81,1796906.3531963166,5359915.707986282
27,50,1.3122886715344277,1.435148650424674,1.4139841531942678,1.5233890081207608,1.3215650548525262,0.01025347522299758,1.0,1.0,0.6,0.7,0.6,83,2239112.370834939,2800684.5653529507
27,51,1.3119527335727663,1.4335115093233437,1.4145673700150527,1.533392361331003,1.3096292740445343,0.00993846095852636,1.0,1.0,0.6,0.7,0.6,85,2197669.501675289,2762688.7971629947
27,52,1.3119678130900518,1.4343303656630437,1.4176957683188083,1.5501330018269264,1.3065079165613045,0.00999735283823337,1.0,1.0,0.6,0.7,0.6,87,2217331.5785672595,2794377.6935782167
27,53,1.312583100173537,1.430625913053614,1.4115328288380988,1.6054884846440376,1.3078660153701338,0.01133701120323677,1.0,1.0,0.6,0.7,0.6,96,1889039.299835156,4959958.322709097
27,54,1.3239165930192915,1.4355423857358416,1.409351318835565,1.6011985089794707,1.3272401831727851,0.03051447890908592,1.0,1.0,0.6,0.7,0.6,97,1940174.8569253152,5066288.805649175
27,55,1.3142556982778393,1.4230281115480907,1.4035430917623666,1.622228384381458,1.3183892591626483,0.01500411294487338,1.0,1.0,0.6,0.7,0.6,99,1888260.877272821,4955506.603414652
27,56,1.3122544314189648,1.4114104661305902,1.3960714842481114,1.6477558845439861,1.314731487348932,0.012731642070006991,1.0,1.0,0.6,0.7,0.6,104,1946868.032788489,4966131.605423585
27,57,1.3094033775233611,1.3714855988085475,1.3545947436164814,1.605622186656618,1.361434801112766,0.01087000748702782,1.0,1.0,0.6,0.7,0.6,106,2029200.086710524,4977753.854864386
27,58,1.309413440311121,1.3714766440401234,1.3545849772280403,1.6140627281211866,1.3065609540534053,0.01088811339551636,1.0,1.0,0.6,0.7,0.6,108,2029572.5616833388,4977934.141282564
27,59,1.3094034287404206,1.3737334658504374,1.361488742355346,1.6620208314734914,1.3065335631310209,0.01087283826402562,1.0,1.0,0.6,0.7,0.6,114,2029162.2103107315,4977542.877687785
27,60,1.3121420354292865,1.3733169202413693,1.3609408776766723,1.6869868097915015,1.3117198783381965,0.01565654491714538,1.0,1.0,0.6,0.7,0.6,118,1903789.153777744,5048014.762771549
27,61,1.320361756252232,1.3790920208167292,1.371166645571984,1.8098558993158451,1.3193556578511427,0.02967802856948038,1.0,1.0,0.6,0.7,0.6,127,1849589.0762126287,5009912.02424143
27,62,1.3179943826442186,1.362000362010165,1.3511868558873545,1.7799817973492966,1.3216704209408077,0.026610545909731047,1.0,1.0,0.6,0.7,0.6,134,1839219.264706644,5818066.688069395
27,63,1.3181732741190728,1.360571197746895,1.3565203669664538,1.7986618939319032,1.3310968051049534,0.02721763515050074,1.0,1.0,0.6,0.7,0.6,135,1977725.1143739328,5859472.472005654
27,64,1.3181727737691864,1.3617002833550311,1.3599729379466527,1.8225729043393764,1.3163505897034502,0.02721763515050074,1.0,1.0,0.6,0.7,0.6,137,1977840.646471612,5859733.872737308
27,65,1.3181545208960208,1.3615080017478522,1.359773343753042,1.8156278945298507,1.3168270227334133,0.02719769703835274,1.0,1.0,0.6,0.7,0.6,138,1979434.883050345,5858801.949801399
27,66,1.3198978859861321,1.362689512684661,1.3609316605279025,1.8213478919347037,1.3197345737915247,0.030137327989306316,1.0,1.0,0.6,0.7,0.6,139,1982322.496216453,5893097.14197433
27,67,1.3207322326882833,1.3846226458229347,1.3814644574220085,1.8522381962039733,1.3230448327911195,0.03010077876654992,1.0,1.0,0.6,0.7,0.6,140,1968911.420166528,5904229.651108186
27,68,1.314817114900582,1.3449071301705071,1.3289640437148416,1.7602212340015808,1.3192756685491829,0.02201592008693056,1.0,1.0,0.6,0.7,0.6,142,2230404.9623962026,4437773.083752592
27,69,1.3162457505910719,1.333876711023447,1.317418551469121,1.7484610577767676,1.3515201627266276,0.025100332163073707,1.0,1.0,0.6,0.7,0.6,143,2242201.7851659376,4457551.865730134
27,70,1.316246965852899,1.3338425169448802,1.3173828741295148,1.76120895454685,1.3151142509518872,0.02510428567228788,1.0,1.0,0.6,0.7,0.6,145,2242294.112845018,4457793.386701559
27,71,1.3179919746211772,1.3341306398775936,1.3176108495758259,1.7656758345127512,1.3211278369409478,0.0280920189605778,1.0,1.0,0.6,0.7,0.6,146,2246484.055057573,4485506.489481128
27,72,1.3313904431350925,1.3468250679580045,1.3302762179086682,1.7979715926765523,1.330954622960578,0.05046036318111383,1.0,1.0,0.6,0.7,0.6,149,2249910.478444336,6571006.9839415
27,73,1.319500968589396,1.39397778895105,1.3889847569317268,1.8656598324903966,1.3164713544093627,0.02722210882563462,1.0,1.0,0.6,0.7,0.6,152,2217246.371898319,4564240.758605919
27,74,1.3183208199531444,1.395888191080409,1.3978525756934765,1.929840821960445,1.3157556095801062,0.0252798683218049,1.0,1.0,0.6,0.7,0.6,159,1896874.5913525685,4560675.016038281
27,75,1.3178864922755007,1.3863094350738883,1.3947214326301034,1.9804617762405479,1.3246314579653642,0.02543835693935605,1.0,1.0,0.6,0.7,0.6,163,1792417.6748742198,5138837.53122366
27,76,1.3291060072451149,1.4498100007837522,1.47178990446913,2.213048179931336,1.3243504790063687,0.040534531205157195,1.0,1.0,0.6,0.7,0.6,181,1944795.6454802768,5955311.225885808
27,77,1.3294755307233794,1.4458009579420432,1.4744240072329413,2.239420394816032,1.325675494793874,0.04182198821902578,1.0,1.0,0.6,0.7,0.6,186,2003077.0419999787,5849289.51387843
27,78,1.3287121601558702,1.4478254547236928,1.4742902161977547,2.2844671392651335,1.3313255367636347,0.04021505368068996,1.0,1.0,0.6,0.7,0.6,189,1984855.472490483,5698028.100853399
27,79,1.329501863122129,1.4499484673236447,1.4787450314548134,2.2880021816776366,1.3251157929473196,0.04151477598001212,1.0,1.0,0.6,0.7,0.6,191,1985408.353724012,5699318.61696843
28,0,0.4438183382741178,0.8291340373952036,0.7949631333575382,0.5110471910408055,0.0,0.0,0.0,0.0,0.6,0.7,0.6,1,2981875.55723249,10434937.566111656
28,1,0.5065457418113934,0.8918792078272061,0.8577077489354813,0.5777744289910535,0.06277727192500036,0.10438118560153116,9.079178885627e-05,0.00011003997361741998,0.6,0.7,0.6,3,2983261.041403136,10434149.490910731
28,2,0.9962531223069895,1.3836651169762233,1.351788616197834,1.0879083886360021,0.5561609364905034,0.14075720197839522,0.32185770838241484,0.4072781284844317,0.6,0.7,0.6,4,2927448.1210773606,10414558.925165882
28,3,1.718908356323403,2.1468327553516113,2.1134675243528753,1.8442600209056481,1.4071951536980771,0.09085740887234162,1.0,1.0,0.6,0.7,0.6,6,3267215.444683251,8756318.584292185
28,4,1.6658627068167053,2.0955677337468854,2.062121379225295,1.799190905015951,1.3109855017827838,0.00878947168201919,1.0,1.0,0.6,0.7,0.6,7,3965312.8452199455,8745174.770376397
28,5,1.7147870250903248,2.145931694899779,2.110041732501367,1.8455010643704148,1.3682714473380932,0.09963557745714718,1.0,1.0,0.6,0.7,0.6,8,3647111.899266429,7927084.682466581
28,6,1.5977461679511047,2.0280664918714484,1.9835652367094911,1.7226861668097309,2.287995929511467,0.35700317796501185,1.0,1.0,0.6,0.7,0.6,9,486752.458726002,1533960.3451334657
28,7,1.6765053902082676,2.099013596707523,2.0539564092427476,1.801541705528091,1.6383859782527272,0.4984227533855372,1.0,1.0,0.6,0.7,0.6,10,467359.10460770095,1334230.6507303845
28,8,1.5523108831422228,1.9374101064924556,1.8922545259009773,1.6458242717485705,1.668284450712994,0.3281295791883581,1.0,1.0,0.6,0.7,0.6,11,326430.08132432867,698995.8525773516
28,9,1.4671400931656913,1.8376387993807137,1.7939164047005245,1.5545890723751141,1.481260516473594,0.1970513478208832,1.0,1.0,0.6,0.7,0.6,12,366654.3879172845,540796.8750319473
28,10,1.9476721561311598,2.3137472104328065,2.2675204228910455,2.0159597286275086,1.9128075195870338,1.0,1.0,1.0,0.6,0.7,0.6,13,355358.18744210893,568880.629341541
28,11,1.4658858146648286,1.8342081754408293,1.792626623214185,1.5579306374742967,1.4184061117398845,0.19705071296367296,1.0,1.0,0.6,0.7,0.6,14,337298.6702463658,553260.8680297276
28,12,1.423853335391546,1.7775481359389307,1.732916424640619,1.549017052497144,1.3840857546754302,0.1347946253605266,1.0,1.0,0.6,0.7,0.6,30,412896.57190930325,965663.0413385476
28,13,1.3986843845869639,1.748674751045474,1.706111151891645,1.5247954191164967,1.3753591448517795,0.09542726654943531,1.0,1.0,0.6,0.7,0.6,31,434597.4361507011,2015683.9735961824
28,14,1.4215729354978524,1.7669627221125723,1.724158642620628,1.5591477868099353,1.398563443277475,0.1359238405894811,1.0,1.0,0.6,0.7,0.6,32,320961.31009757,705869.1777805366
28,15,1.4203304867182074,1.7653762232852515,1.722554353957853,1.5444778769960417,1.3810455862512128,0.13402449089937535,1.0,1.0,0.6,0.7,0.6,34,291274.4171862939,735024.0295791022
28,16,1.382624724224892,1.7194212894941288,1.673908882431355,1.519097797514433,1.3707702021571029,0.07462648460370262,1.0,1.0,0.6,0.7,0.6,35,408238.097468368,1411361.397620487
28,17,1.3989197199951044,1.738384790663551,1.699805094556234,1.56543830343765,1.3626376930597073,0.10213513943660717,1.0,1.0,0.6,0.7,0.6,37,327069.2725321479,973679.8552456192
28,18,1.416619697551579,1.7520509006447313,1.7109997823650311,1.5765477334387055,1.3902297068334013,0.1329681803719045,1.0,1.0,0.6,0.7,0.6,38,295651.536510526,659876.0539413675
28,19,1.3795731787002348,1.7138882694212092,1.6750461565072219,1.5475547747342975,1.351465163762239,0.07224256786428176,1.0,1.0,0.6,0.7,0.6,39,317109.6435695158,1495798.4648382335
28,20,1.4123274478325296,1.7437382358314304,1.7047491929332876,1.5771030292443489,1.3872750078858527,0.12811664988935362,1.0,1.0,0.6,0.7,0.6,40,360571.27185104624,574242.5010849453
28,21,1.3754585573932487,1.693868170335811,1.6519625308706858,1.513377976675605,1.3639235648242474,0.07160200560202708,1.0,1.0,0.6,0.7,0.6,42,493449.7653038456,2356450.256631674
28,22,1.3631255724945381,1.679383208878194,1.6351037282675938,1.5090801577235426,1.332634222323676,0.05144593115161146,1.0,1.0,0.6,0.7,0.6,44,380731.4740614016,2271650.474528905
28,23,1.3621754169953917,1.6711925632270654,1.6265571378210546,1.5036535812895484,1.356775128226472,0.052633933617166305,1.0,1.0,0.6,0.7,0.6,45,564372.7624572742,2638722.6465359647
28,24,1.3629326227945437,1.6728303416217623,1.6305060088993852,1.5151972000928362,1.3328501437489335,0.053993495417985704,1.0,1.0,0.6,0.7,0.6,47,485445.1952937376,2761382.530197278
28,25,1.359886950471581,1.6675073919495573,1.6250717270440473,1.5197673762960235,1.3337878713906048,0.04975595537619558,1.0,1.0,0.6,0.7,0.6,49,502125.0145089129,2607039.3381816447
28,26,1.3840539910381846,1.675999739117215,1.6328076901979882,1.5282410619366145,1.4108618611785686,0.09543912934133132,1.0,1.0,0.6,0.7,0.6,50,464311.2648480156,3339309.496982237
28,27,1.384037599919837,1.6759158176786957,1.6327203721765748,1.535000071848465,1.357374319570227,0.0954337084603839,1.0,1.0,0.6,0.7,0.6,52,463853.7735072799,3339467.301910965
28,28,1.3703224195233674,1.6576988428126098,1.6142890144329671,1.526748528725344,1.35199454134806,0.07401172482322922,1.0,1.0,0.6,0.7,0.6,54,416953.68923959567,3342521.34842796
28,29,1.3863730652350053,1.6723380996436212,1.6334008531511963,1.569711976529995,1.3673236627164127,0.1019042780982777,1.0,1.0,0.6,0.7,0.6,56,450232.3720050972,3418790.710992676
28,30,1.384026728629495,1.669181975425897,1.6324760160667147,1.576136224869515,1.362407864276989,0.09858496318128132,1.0,1.0,0.6,0.7,0.6,58,388796.025137267,3333150.1628226493
28,31,1.385891168848087,1.6664208655110464,1.6226869301250337,1.548695340026816,1.3652296935100126,0.10205186519279448,1.0,1.0,0.6,0.7,0.6,59,403154.07118654094,3370395.663268785
28,32,1.3835595076640828,1.6672566489805987,1.6327518165959929,1.5808811499977304,1.3638528979618691,0.09858516386265373,1.0,1.0,0.6,0.7,0.6,60,443220.8243069484,3306097.8550960887
28,33,1.3835549488318484,1.6649087875310111,1.6257538340986262,1.5576335544741857,1.3592509617281152,0.09859431969232582,1.0,1.0,0.6,0.7,0.6,62,442803.7608593356,3306564.175865589
28,34,1.3738596258403086,1.6535797152341156,1.6188880815204345,1.5853365592819482,1.3632067688689011,0.08358129063436051,1.0,1.0,0.6,0.7,0.6,63,500905.0509117773,2719707.522784849
28,35,1.3406581380864022,1.6206170398497375,1.5950181824863146,1.611204871155802,1.3191144528342573,0.02947112226479464,1.0,1.0,0.6,0.7,0.6,73,332645.725347887,964152.5829095708
28,36,1.3411073477982876,1.6180405501177622,1.5900299205490054,1.629330577263958,1.3246532970364788,0.03074145271105617,1.0,1.0,0.6,0.7,0.6,74,352754.42380274204,877929.5309071444
28,37,1.3408042240789073,1.617624830016343,1.591879636727416,1.6200729023110285,1.320418192153074,0.030580795984837587,1.0,1.0,0.6,0.7,0.6,76,319058.13716189715,924840.1304970608
28,38,1.340798512463148,1.6175793296142364,1.5918323157715761,1.6279903880651903,1.3184151085417462,0.03058218827343659,1.0,1.0,0.6,0.7,0.6,78,319047.5860453105,924949.489860403
28,39,1.3389804422552576,1.6111771354032896,1.5874878618284782,1.6523857825853123,1.3362658076729665,0.02908551069764524,1.0,1.0,0.6,0.7,0.6,79,436614.7168246768,522031.3995032567
28,40,1.948008547350479,2.326780961578989,2.3038567512111463,2.309745588623657,1.9168602816587952,1.0,1.0,1.0,0.6,0.7,0.6,81,587364.4227019768,4051438.021482919
28,41,1.9479825580831052,2.3266793578308156,2.303751045096381,2.309637766316509,1.900233266248569,1.0,1.0,1.0,0.6,0.7,0.6,83,587047.6189139839,4049707.4580617175
28,42,1.947689403556824,2.326628555956729,2.305976521470975,2.3203646288043998,1.9010478578264154,1.0,1.0,1.0,0.6,0.7,0.6,85,592076.704624938,4030770.748401923
28,43,1.9476867844123786,2.3266185072343823,2.305965998421305,2.320353963980101,1.9000244137818365,1.0,1.0,1.0,0.6,0.7,0.6,87,592048.50707846,4030582.080554331
28,44,1.9465254863376509,2.322149058839456,2.3013178425322525,2.303619429961618,1.909909778538648,1.0,1.0,1.0,0.6,0.7,0.6,89,583851.2449951196,3932761.233705435
28,45,1.9469878672079304,2.322904387802526,2.2998249963332817,2.3282332743285834,1.900836974212326,1.0,1.0,1.0,0.6,0.7,0.6,91,530195.4565762451,4015362.6187906167
28,46,1.9466108208184876,2.3248234146395927,2.3086554402175143,2.355938597859191,1.9142646587043308,1.0,1.0,1.0,0.6,0.7,0.6,92,490589.7057598634,4030488.733960821
28,47,1.946571186217048,2.3235022867821615,2.305003109650356,2.3394666694630644,1.9009517857601566,1.0,1.0,1.0,0.6,0.7,0.6,93,487936.1077878495,4020304.7649158873
28,48,1.9480474525631322,2.3301805001751545,2.3142267113168975,2.3695668051046077,1.9028721157626682,1.0,1.0,1.0,0.6,0.7,0.6,96,544636.1041346671,4375748.295189467
28,49,1.9461752854097552,2.32309950049476,2.306862360115525,2.362074110049567,1.9000537861119176,1.0,1.0,1.0,0.6,0.7,0.6,97,489046.2358575274,4021244.869048167
28,50,1.9470214265779995,2.3274776729950357,2.3136940190850073,2.389394499715912,1.9093067411598512,1.0,1.0,1.0,0.6,0.7,0.6,98,530780.369671408,4307763.814967358
28,51,1.9435773400118554,2.3094262598236726,2.2858079374590785,2.361382268507026,1.9494998666804437,1.0,1.0,1.0,0.6,0.7,0.6,99,621784.0919428614,4010580.440335928
28,52,1.9447160670403787,2.3139959163108905,2.290560372608704,2.3687228068022095,1.900393994373455,1.0,1.0,1.0,0.6,0.7,0.6,102,492182.9725508852,4188279.690914053
28,53,1.943151290405027,2.308839805222265,2.287476167819218,2.388150674090989,1.9013879941921417,1.0,1.0,1.0,0.6,0.7,0.6,103,629045.6183973247,3948560.065531543
28,54,1.9426682725887177,2.3057297256559233,2.281963754455278,2.367654006398191,1.9245935669795182,1.0,1.0,1.0,0.6,0.7,0.6,104,561301.9946418917,3985017.959527762
28,55,1.9426607886348712,2.3068417842623052,2.285398311401296,2.380777460418749,1.9000239557051222,1.0,1.0,1.0,0.6,0.7,0.6,106,561883.1220857481,3984376.073721808
28,56,1.8552545097279238,2.214213440200061,2.1947593444366693,2.3193372941635966,1.8147519810654553,0.8576471889497211,1.0,1.0,0.6,0.7,0.6,116,509596.57449310046,4322069.370025321
28,57,1.8762111113091864,2.229271926933832,2.214041918584519,2.3488350433259746,1.8455281744269127,0.896602599305413,1.0,1.0,0.6,0.7,0.6,117,745316.5542129348,3947814.923836746
28,58,1.9337277983866024,2.2674940579950844,2.246754938208593,2.37866538879758,1.9856862185768667,1.0,1.0,1.0,0.6,0.7,0.6,118,449127.5170846136,4190144.658947463
28,59,1.9337484640286462,2.2767536765065057,2.2746101046603497,2.4809682119644654,1.9046347913050825,1.0,1.0,1.0,0.6,0.7,0.6,124,550039.9194413575,4186298.114924525
28,60,1.9337166577561655,2.276595967391896,2.2744460164282048,2.4924978012808965,1.900977626112438,1.0,1.0,1.0,0.6,0.7,0.6,126,651852.426577459,4126225.003142204
28,61,1.9328027839011548,2.267356167193992,2.25572420311531,2.4807523649482497,1.9111335833473704,1.0,1.0,1.0,0.6,0.7,0.6,127,572402.3498018765,4135338.478762812
28,62,1.932104763544797,2.260301964106522,2.241553460154116,2.4231290343924186,1.9018848143437097,1.0,1.0,1.0,0.6,0.7,0.6,128,503918.608825078,4183299.81304534
28,63,1.9320175215626807,2.2701243110693654,2.272271847352285,2.5095693910632604,1.9121910459939588,1.0,1.0,1.0,0.6,0.7,0.6,130,530845.8903186249,4168654.499806761
28,64,1.9320151530288103,2.271255071464559,2.275726023543451,2.523309766327398,1.9000270387020275,1.0,1.0,1.0,0.6,0.7,0.6,132,530845.7327771174,4168203.928875478
28,65,1.933750595147246,2.2756170543566094,2.271149983243381,2.4955968214483124,1.9046558458211948,1.0,1.0,1.0,0.6,0.7,0.6,134,599749.2117669603,4310205.896331073
28,66,1.933505031135967,2.274377991065011,2.2698612366462054,2.5067367474564186,1.9016652878261011,1.0,1.0,1.0,0.6,0.7,0.6,136,589026.4223496689,4299206.410563868
28,67,1.933492000986209,2.275454879143179,2.2732593493580557,2.545734346840221,1.9000554351159886,1.0,1.0,1.0,0.6,0.7,0.6,141,589161.5123876375,4296807.267602597
28,68,1.9330007014687625,2.272951909885291,2.270656351145012,2.536103273572079,1.902061383962152,1.0,1.0,1.0,0.6,0.7,0.6,143,564844.3044738967,4272843.88740104
28,69,1.9315325506617174,2.2709773359441403,2.2799935066243786,2.6030777747831997,1.9008286748125416,1.0,1.0,1.0,0.6,0.7,0.6,149,546605.7652981329,4194620.208539343
28,70,1.9317155977177074,2.2730951041787333,2.2844740665980625,2.640038333085726,1.900387164484715,1.0,1.0,1.0,0.6,0.7,0.6,152,552495.7087997562,4199116.410271445
28,71,1.931455875280974,2.272854493104762,2.286502102023761,2.6385756518218897,1.9005506694999115,1.0,1.0,1.0,0.6,0.7,0.6,153,542429.6622287758,4199150.111312968
28,72,1.931537628219469,2.2721496868846027,2.2834908451548697,2.6374834138994356,1.9000480653298357,1.0,1.0,1.0,0.6,0.7,0.6,155,541070.6647680777,4126617.519446529
28,73,1.931541589041958,2.2721709008540016,2.2835129019425966,2.6246166497717254,1.9000296175087743,1.0,1.0,1.0,0.6,0.7,0.6,156,541200.4911372977,4127812.6039995295
28,74,1.9315348750112777,2.272134892932259,2.2834754470200416,2.6374677090986007,1.9000217046486405,1.0,1.0,1.0,0.6,0.7,0.6,157,541093.5045416296,4125958.4090053984
28,75,1.9314057211341478,2.2725859689131607,2.2862229142200823,2.687621879121063,1.900451238598817,1.0,1.0,1.0,0.6,0.7,0.6,162,557308.3363656976,4210227.513129863
28,76,1.9313206501839617,2.272129868571086,2.285748485201055,2.6871402103197073,1.9002968587346398,1.0,1.0,1.0,0.6,0.7,0.6,164,560922.3387736885,4198533.758289973
28,77,1.9314051130891712,2.2680110089335934,2.272352286257391,2.701180306793708,1.9018217076301398,1.0,1.0,1.0,0.6,0.7,0.6,165,528529.6375013525,4162038.7625012575
28,78,1.9311233663883893,2.2676378105508794,2.274242392444474,2.6844657640603873,1.9072337690453072,1.0,1.0,1.0,0.6,0.7,0.6,167,517944.4637818523,4395034.748135569
28,79,1.9311135660901568,2.268728376056686,2.2776544764369593,2.6823326378442176,1.9002418230163851,1.0,1.0,1.0,0.6,0.7,0.6,169,517501.2259604604,4395099.922484499
28,80,1.9311114091163963,2.268716652547281,2.277642169819549,2.6909130769176133,1.9000054648081561,1.0,1.0,1.0,0.6,0.7,0.6,171,517705.5926117002,4394763.210004267
28,81,1.9311056749312678,2.2675423476885843,2.274143107173575,2.709933161220062,1.9000358426448702,1.0,1.0,1.0,0.6,0.7,0.6,172,517188.16497954,4393802.553832333
28,82,1.9309402568040395,2.266646894875012,2.2732117875516367,2.696202426511831,1.9017578030095708,1.0,1.0,1.0,0.6,0.7,0.6,173,515758.0424198971,4946091.066337174
28,83,1.930842001734367,2.2706870395207877,2.2865261207360024,2.7760437586865208,1.9008277392149635,1.0,1.0,1.0,0.6,0.7,0.6,177,525161.3000725912,4345570.41293626
28,84,1.930588320638321,2.2670147897653763,2.27815048662565,2.757122453091531,1.9081992908520133,1.0,1.0,1.0,0.6,0.7,0.6,179,568738.9469346825,5.412547507695828e+19
28,85,1.9303373441911194,2.2656476052638554,2.2767287453272753,2.790596259625534,1.9009847825802977,1.0,1.0,1.0,0.6,0.7,0.6,187,604850.5388505014,4258043.143098411
29,0,0.39115280778250083,0.8048021727570763,0.7696582309659582,0.48532955018862184,0.0,0.0,0.0,0.0,0.6,0.7,0.6,1,8453180.116940647,10461493.589169333
29,1,0.44732562124693254,0.8609883037708844,0.8258437658035627,0.5454977614454902,0.056217093715861546,0.09344756891462846,8.934017595304999e-05,0.00011315262662288,0.6,0.7,0.6,3,8452562.663727183,10460887.068386124
29,2,1.7638305306802944,2.180224748518312,2.147341957221741,1.8692442783819065,1.3780369178843128,0.12640444696928063,1.0,1.0,0.6,0.7,0.6,5,8414381.32172871,10444537.819345308
29,3,2.2433669485090237,2.6808867718339893,2.6470642326357345,2.383972949458221,1.9664877932202933,1.0,1.0,1.0,0.6,0.7,0.6,6,7494511.66869417,9067108.721358877
29,4,2.1219380536880776,2.5961966981573155,2.5567092854141786,2.293157895209221,2.136433176556053,1.0,1.0,1.0,0.6,0.7,0.6,7,5800702.087363093,5894260.611888195
29,5,1.869198237791848,2.3392089429011516,2.296411609165681,2.0539870705210914,1.8429108972862478,0.7096323062449582,1.0,1.0,0.6,0.7,0.6,9,3061998.2856060253,3555559.846727684
29,6,1.6668825858046663,2.135952452634636,2.092997225097278,1.842550508145015,1.5377529897094848,0.3774478196477419,1.0,1.0,0.6,0.7,0.6,10,3025352.2630339894,3566492.855902078
29,7,1.6508045898564285,2.055078657105125,2.008822110400603,1.7674871088243345,1.9829874537441143,0.4751800129138551,1.0,1.0,0.6,0.7,0.6,11,1945132.1696141835,1328943.485245159
29,8,1.7444394713134552,2.136101971728113,2.0868195799458236,1.8465803394388023,1.734513798257347,0.6413847968900565,1.0,1.0,0.6,0.7,0.6,12,1740697.2238048974,1117399.132904979
29,9,1.599477323946477,1.9854365725426963,1.9358164646943585,1.6917117798237866,1.5664921508377156,0.4043435443146207,1.0,1.0,0.6,0.7,0.6,13,2180774.885436162,1120865.700326871
29,10,1.4368902951062263,1.8237972252952108,1.7787464274188376,1.5533868995747429,1.3862061666910552,0.1344003264416923,1.0,1.0,0.6,0.7,0.6,14,2907176.82819103,4667654.658420836
29,11,1.6761158028635768,2.042073073593743,1.9913179440648587,1.7561279506060163,1.7023864165590679,0.546045329711093,1.0,1.0,0.6,0.7,0.6,15,1430234.3099883548,804012.9436251186
29,12,1.4349846160353472,1.7771671526516823,1.7251390030494567,1.4920828624855837,1.4846340101423685,0.15758852849790742,1.0,1.0,0.6,0.7,0.6,16,2179527.8888425333,3422368.8265932947
29,13,1.4315033860202626,1.758341241745637,1.7055246666742971,1.4803543173079197,1.4512457360001618,0.15906993673939612,1.0,1.0,0.6,0.7,0.6,17,1954864.674415029,3588675.6937291976
29,14,1.4302643710786223,1.7486945364246562,1.6954550286948424,1.4701024246381542,1.4262856100079224,0.16061643700938408,1.0,1.0,0.6,0.7,0.6,18,1882567.56789292,3198500.673326047
29,15,1.4292822478946348,1.7416893213707416,1.6881503469705064,1.465573225946868,1.4180706850160076,0.1614247552276126,1.0,1.0,0.6,0.7,0.6,19,1833931.831638832,3424919.23782587
29,16,1.4638312588278182,1.7624952701854237,1.7105502623205187,1.492746035765294,1.4866496143732344,0.2246048166533559,1.0,1.0,0.6,0.7,0.6,20,1577362.35504856,3185844.295835402
29,17,1.5501609270047223,1.8443376801340992,1.7899080993518952,1.6306822978820272,1.5230055940329148,0.3696190995861029,1.0,1.0,0.6,0.7,0.6,29,1372280.386366602,1237482.9419232327
29,18,1.5369523925055728,1.8304999733075626,1.7760399249815704,1.6168052503601378,1.509769905536884,0.3478216495411048,1.0,1.0,0.6,0.7,0.6,31,1308810.433612347,835548.3890570666
29,19,1.5432138558111057,1.835367076614272,1.7831086818629687,1.6305810195517636,1.519789782267881,0.35911837510721073,1.0,1.0,0.6,0.7,0.6,33,1243728.224800415,886395.115360572
29,20,1.5472119954254782,1.8339303059048686,1.7791425710348503,1.6290635101562572,1.5348790792101066,0.3672028068351581,1.0,1.0,0.6,0.7,0.6,34,1053240.58219898,1048243.930740652
29,21,1.3691153661141326,1.6561685533473716,1.6150130806428638,1.4864452685000589,1.3544639146049717,0.07245169283840566,1.0,1.0,0.6,0.7,0.6,36,1174366.650130503,926424.9404736174
29,22,1.3796449201141574,1.6648727848805822,1.630440313487223,1.4976524422318702,1.3637581599422974,0.09160348816739976,1.0,1.0,0.6,0.7,0.6,38,1253288.417654121,1001117.5470152368
29,23,1.379633896686408,1.6648274408939763,1.6303932324179837,1.5086421365698004,1.3550144198158045,0.09159537155732887,1.0,1.0,0.6,0.7,0.6,40,1253247.4923748896,1001081.915402804
29,24,1.4029937365230032,1.6754517127535382,1.640420832501896,1.5473467897428819,1.422732750247536,0.13417214869439842,1.0,1.0,0.6,0.7,0.6,41,1463589.7180594616,2404064.790617201
29,25,1.3912875759129892,1.6628087184250635,1.6277343286653996,1.538199496114672,1.3720337745394962,0.1149171702193645,1.0,1.0,0.6,0.7,0.6,42,1340254.591983028,1561279.7882631142
29,26,1.4297028145201005,1.6819906864413277,1.6483012273312614,1.5734730663853993,1.427076307910178,0.1841106549287104,1.0,1.0,0.6,0.7,0.6,46,1890053.9452865089,3997470.854941554
29,27,1.471673564493344,1.7192789887860522,1.6853761325401515,1.62131738687459,1.4681934466786297,0.2551523404360718,1.0,1.0,0.6,0.7,0.6,47,1958781.563237933,5975973.122272904
29,28,1.4274683732568696,1.6632145488433308,1.6287746214604035,1.5681082723021698,1.4484561883234877,0.18409234491398824,1.0,1.0,0.6,0.7,0.6,48,1431036.307300378,3189785.3704005983
29,29,1.4404386429384006,1.674554209931049,1.640040865412287,1.579343440993062,1.4262305957110697,0.2060533838455762,1.0,1.0,0.6,0.7,0.6,50,1456507.1512941143,3271745.0275168144
29,30,1.42618320878349,1.6598807287931199,1.6253485289972938,1.5718834147647138,1.410095476964777,0.18238194055443294,1.0,1.0,0.6,0.7,0.6,52,1420842.8501280523,3014013.942984021
29,31,1.4080743547325265,1.6414114937901738,1.6068630578228351,1.5321259959901803,1.391749721124543,0.15227584488146353,1.0,1.0,0.6,0.7,0.6,55,994372.5855568215,1878301.5468170207
29,32,1.4282831906671152,1.6562133610362944,1.6236945129217393,1.5564943118427372,1.433189510021801,0.18729627286085293,1.0,1.0,0.6,0.7,0.6,56,1207209.612353052,2071645.825585148
29,33,1.4192151706907183,1.6421635713560923,1.6071493416712497,1.5549491441581034,1.406802203719762,0.17294148514715627,1.0,1.0,0.6,0.7,0.6,60,1373359.3690802765,3604765.1738942494
29,34,1.4116386760732502,1.6328992774318163,1.6000824045857356,1.574998849876295,1.405457938883307,0.16086173463602282,1.0,1.0,0.6,0.7,0.6,61,1258319.3315781048,2944617.9926648736
29,35,1.4186341529381723,1.6376837195818483,1.6047683039860154,1.5604406458293445,1.4107370469312275,0.1729418244894588,1.0,1.0,0.6,0.7,0.6,62,1356216.6568386196,3455711.268738905
29,36,1.7765435737441266,2.0048707725984425,1.9996443891944544,2.256359130800373,1.7624632303934407,0.7702863290475939,1.0,1.0,0.6,0.7,0.6,110,1014294.7481974936,953964.649227898
29,37,1.7809449992695567,2.00766240943937,2.0023644817260684,2.2590471425738956,1.769273733419448,0.7779159911110525,1.0,1.0,0.6,0.7,0.6,112,1095812.7098197087,1243031.947879569
29,38,1.6142046147818179,1.8380089422097199,1.8303087097795792,2.092066184411394,1.605748275691358,0.5003353044035834,1.0,1.0,0.6,0.7,0.6,113,1081109.6198927318,1029236.6940384044
29,39,1.6138961819964641,1.8375147006548032,1.8320791835350443,2.10293407747368,1.6022601773158702,0.5000744830175953,1.0,1.0,0.6,0.7,0.6,115,1104864.3010508374,946678.3039747776
29,40,1.6146528152204884,1.8269443256095066,1.8210092354074021,2.1058183429634982,1.6090034942299596,0.5032761900598175,1.0,1.0,0.6,0.7,0.6,120,1018919.1898614364,979321.7904979708
29,41,1.6143473734691236,1.8247607936312447,1.8210166992804804,2.119189464194974,1.604283092764689,0.50326009276443,1.0,1.0,0.6,0.7,0.6,124,1011971.997728105,1014632.4211920864
29,42,1.6147154075407313,1.8244979555155467,1.8229997604026917,2.1277158393096998,1.608052909483905,0.504163719759019,1.0,1.0,0.6,0.7,0.6,125,1004013.600637526,935671.8552732806
29,43,1.6239055125442907,1.8310685000714662,1.831729560850949,2.141420252856624,1.6178584528451,0.5200785101040976,1.0,1.0,0.6,0.7,0.6,127,995093.8698996748,967512.6516017911
29,44,1.9101055022802176,2.1010392053693674,2.1078156057302224,2.4647613618357163,1.9303017252065011,1.0,1.0,1.0,0.6,0.7,0.6,129,621126.0870705184,901427.6285992844
29,45,1.9094665890985314,2.0914636103663735,2.095578725818017,2.479938317131005,1.9059640504575213,1.0,1.0,1.0,0.6,0.7,0.6,133,1056095.4193250032,1071362.3260488117
29,46,1.9068387942427512,2.0523587282225346,2.054909992551227,2.4560608655371503,1.9276654661623787,1.0,1.0,1.0,0.6,0.7,0.6,137,761563.2243627639,681378.079166371
29,47,1.906744691783182,2.051945334950433,2.0567583038009194,2.4822592529282,1.9022028136337572,1.0,1.0,1.0,0.6,0.7,0.6,139,741316.2889553056,743696.9046888053
29,48,1.9060084184608446,2.039314649222829,2.0436224462951404,2.468910722856528,1.9357443230643012,1.0,1.0,1.0,0.6,0.7,0.6,140,756213.4802091426,774375.3943795414
29,49,1.9059513190000916,2.038300007396976,2.0425673470719974,2.467837795157505,1.902871039749336,1.0,1.0,1.0,0.6,0.7,0.6,141,730354.099275747,758193.7562553292
29,50,1.9057900278932713,2.0365481801345133,2.0430235837000694,2.4927825640688672,1.9040959414636558,1.0,1.0,1.0,0.6,0.7,0.6,143,722199.8738912663,826836.5397979609
29,51,1.9057545908548357,2.0370514536453834,2.0458249146458796,2.530638897895936,1.9006040401854043,1.0,1.0,1.0,0.6,0.7,0.6,146,753202.9072406352,886843.4188525062
29,52,1.9057026918183255,2.036107711138311,2.0448434767704278,2.538616620087516,1.9013361790699976,1.0,1.0,1.0,0.6,0.7,0.6,148,776694.438915557,901590.1670601245
29,53,1.7198420053529642,1.839774176268587,1.8457919111499002,2.34581518894436,1.7286173415221922,0.6911112427618475,1.0,1.0,0.6,0.7,0.6,150,686536.04395463,969679.5677992431
29,54,1.6976829844755885,1.8166033820035499,1.8271298847430262,2.381749393368326,1.6940919220013262,0.6544788054208708,1.0,1.0,0.6,0.7,0.6,157,911389.3043887292,1081686.9195394292
29,55,1.7191555084154633,1.8283214870593238,1.8338858027814489,2.3693757087894802,1.7368037330552966,0.6909243297976462,1.0,1.0,0.6,0.7,0.6,158,688268.8157607474,965857.3092714372
29,56,1.7192018172922854,1.8293271796362855,1.8372074434032073,2.3889558038074825,1.7148837128296068,0.691017345104331,1.0,1.0,0.6,0.7,0.6,160,689347.7709105154,964575.4032319704
29,57,1.700548175730963,1.8004420600625473,1.8101686055929211,2.3734829298921687,1.7303293711260284,0.6608771139263563,1.0,1.0,0.6,0.7,0.6,161,743154.0470153899,963171.252481625
29,58,1.700543561225504,1.8004060321006112,1.810131330061425,2.3824784981147964,1.6965697870425025,0.6608719631211352,1.0,1.0,0.6,0.7,0.6,163,743219.2826717282,963094.9698860558
29,59,1.6939212421553598,1.7987542400126304,1.8200674340661163,2.393130240891589,1.6900447943266705,0.6498948414167628,1.0,1.0,0.6,0.7,0.6,169,678725.9736520773,687079.4094563596
29,60,1.6721055868257868,1.7739455094621714,1.7951332327283693,2.386209806761398,1.6697436572478357,0.6137741536608543,1.0,1.0,0.6,0.7,0.6,175,676698.1151040259,695496.5936144466
29,61,1.6721212883027121,1.7739151113503198,1.7951008276997298,2.4243907552686714,1.668358276097115,0.6138039729636017,1.0,1.0,0.6,0.7,0.6,177,676860.6395096038,695956.3019580576
29,62,1.6981160659854542,1.799626596293061,1.8208004718637363,2.429938188428043,1.69503439136109,0.65715097526885,1.0,1.0,0.6,0.7,0.6,178,702828.8879528189,728294.238440076
29,63,1.6716411425476898,1.7710251803552164,1.7921100198692264,2.414760136199501,1.673295367905518,0.6131929976946926,1.0,1.0,0.6,0.7,0.6,179,668000.5684703483,687515.4416446517
29,64,1.669078368322214,1.766827059651236,1.7901195633664653,2.3931242726804363,1.6705058488524434,0.6091367767970526,1.0,1.0,0.6,0.7,0.6,181,674742.3138945074,684912.1989391568
30,0,0.3556145563121219,0.7864794440823493,0.750602831033294,0.4659632709940844,0.0,0.0,0.0,0.0,0.6,0.7,0.6,1,12192485.73603883,10470745.206401909
30,1,0.416438729323731,0.8473106156982386,0.8114334950059964,0.5307768313643703,0.0608502524130466,0.10118593590894512,9.184750733135e-05,0.00010522081387789001,0.6,0.7,0.6,3,12190689.597978247,10466465.676472465
30,2,0.868559804023442,1.3011108637992084,1.2675323313771234,1.002930066775345,0.515919543773337,0.13649915653392955,0.30775070435025376,0.3613395291713441,0.6,0.7,0.6,4,12141863.481692472,10431986.457789157
30,3,1.7335707346659976,2.190143254404123,2.1551686609195424,1.8852712528941664,1.4874618346610267,0.2301149347503983,1.0,1.0,0.6,0.7,0.6,6,11134990.678867836,8788385.439374255
30,4,2.1301570835820134,2.6031774897454185,2.5639693573549787,2.3005525088503553,2.0352688271868886,1.0,1.0,1.0,0.6,0.7,0.6,7,8537506.817380633,6903961.480380057
30,5,2.1055809278759194,2.5827755129384276,2.5450292948028794,2.2843647667656204,1.9304470495156774,1.0,1.0,1.0,0.6,0.7,0.6,9,9238934.4641825,574559.4890976262
30,6,1.4527763184503335,1.8143971186595484,1.767913137336473,1.5047316220711568,2.1926961959688644,0.17846383202824284,1.0,1.0,0.6,0.7,0.6,10,1413052.5738948677,955326.7174154042
30,7,1.4909221678398228,1.8302665229311277,1.782619440859707,1.5291476688038648,1.5315779850611464,0.2533848983494032,1.0,1.0,0.6,0.7,0.6,11,1000276.5129963284,557332.3140318325
30,8,1.4892676555443107,1.8285772778449423,1.7831934328847798,1.5481575841461646,1.452864894348126,0.2511947437073405,1.0,1.0,0.6,0.7,0.6,13,998408.6714006516,605615.579997247
30,9,1.493580521770851,1.830454261011151,1.7826801262345526,1.546100073590129,1.4600404287304194,0.2589915179079836,1.0,1.0,0.6,0.7,0.6,14,907719.7176701936,579769.1595992702
30,10,1.5064955884963385,1.8435296250979856,1.798028895642922,1.571237444069993,1.4721821490117426,0.28098337017709574,1.0,1.0,0.6,0.7,0.6,15,991047.3663705525,1221615.6291210258
30,11,1.455253511367539,1.7842414781350486,1.7383300143406055,1.5158412144009406,1.4489637814720333,0.1992889069480533,1.0,1.0,0.6,0.7,0.6,16,1055603.8482832168,1471931.3127880665
30,12,1.4477204747333694,1.773447036278577,1.7296379471538739,1.5131502075679104,1.420933738840462,0.1886155943073219,1.0,1.0,0.6,0.7,0.6,18,913129.5874384023,1301414.100030103
30,13,1.4431188484700432,1.7671817089377981,1.7232897423682347,1.5079291305070006,1.4147465443054243,0.18163181734705536,1.0,1.0,0.6,0.7,0.6,19,822807.1303860463,1188874.4273465914
30,14,1.4398566973011784,1.7646247543246436,1.7230349446122486,1.5198664679426654,1.4065472877354,0.17636674974633065,1.0,1.0,0.6,0.7,0.6,21,756872.4819743808,1103949.862105679
30,15,1.4383296320435557,1.7624919806127757,1.720871954233821,1.4986677970654472,1.4066041528740754,0.17407566068460495,1.0,1.0,0.6,0.7,0.6,22,764560.4018762336,1167689.7926672332
30,16,1.48147826020071,1.8052778581136049,1.7636401666924404,1.5557510737502,1.4487928918127473,0.24612096716887222,1.0,1.0,0.6,0.7,0.6,23,1066073.439099681,2055441.1879698671
30,17,1.4861599320737886,1.8093848726050488,1.7677184587290093,1.5794517588164299,1.4535090056960922,0.25416067275584575,1.0,1.0,0.6,0.7,0.6,25,1086654.0879060118,2104480.9166430407
30,18,1.4913616960626048,1.8028151054993868,1.7582989146864874,1.5510538230761919,1.4974079614908185,0.2670307198426914,1.0,1.0,0.6,0.7,0.6,26,896088.6584744595,1537993.3124921324
30,19,1.4913580863443965,1.8039388876151734,1.761745897154432,1.5601626790020515,1.4602458913251395,0.26703071984269133,1.0,1.0,0.6,0.7,0.6,28,895921.9409748933,1537864.0046125778
30,20,1.3323024957625758,1.6301671377751221,1.5917953585325493,1.4101794401888896,1.3638973595799113,0.00805229643571579,1.0,1.0,0.6,0.7,0.6,29,1420860.7288441963,540512.5800477053
30,21,1.3321591854570385,1.6310163050790463,1.5949608474341912,1.4158514541828062,1.3049946843652538,0.007867223198132529,1.0,1.0,0.6,0.7,0.6,31,1378556.3137808607,512507.476561924
30,22,1.328842804316452,1.6120301186707175,1.575230074351183,1.4102811269616846,1.356908471629567,0.0072518007418309605,1.0,1.0,0.6,0.7,0.6,32,1205506.772615241,625146.7326518997
30,23,1.3320368383319976,1.6094967067515369,1.5724276249275895,1.4073647265882192,1.3275901110194233,0.01424261211382108,1.0,1.0,0.6,0.7,0.6,33,1242519.5315185704,672367.2261711865
30,24,1.3320193544057457,1.610515256413858,1.5757652746930297,1.428163149547663,1.308714957320003,0.01424261211382108,1.0,1.0,0.6,0.7,0.6,35,1241675.0684301192,671272.8371189622
30,25,1.3319945850431294,1.611481887677387,1.579048822903668,1.4381446779139029,1.3087857098500786,0.01424261211382108,1.0,1.0,0.6,0.7,0.6,37,1240473.736268174,669714.1590327163
30,26,1.3279717526414667,1.6056965292846193,1.5731805697627377,1.4220769021091164,1.3108045386351868,0.00804854859044178,1.0,1.0,0.6,0.7,0.6,38,1221153.3302214874,1589296.633326507
30,27,1.3276832184252578,1.6054796771087934,1.5752380572041549,1.4308032378550313,1.3062994062980848,0.0078383243512282,1.0,1.0,0.6,0.7,0.6,40,1122911.6498314186,1345907.3461595646
30,28,1.327962373888158,1.6025099722796181,1.5675755865387955,1.4279199258059736,1.3083860060414767,0.00857657923835556,1.0,1.0,0.6,0.7,0.6,41,1120683.253583706,1383036.7839308863
30,29,1.3264667045663534,1.594588433123908,1.561626256131035,1.4802596987661043,1.329822722549078,0.0081321696102869,1.0,1.0,0.6,0.7,0.6,42,1136941.3729991026,1364975.068123583
30,30,1.326479727993625,1.593960255447159,1.560968302799187,1.4534444423698356,1.307172445959902,0.00832827098749735,1.0,1.0,0.6,0.7,0.6,43,1149970.704595985,1267758.4478247708
30,31,1.3237049167974626,1.5852298654688108,1.5496901491394972,1.4716763982738374,1.3195513531494694,0.00500706824615866,1.0,1.0,0.6,0.7,0.6,44,1236960.4521940693,667639.5860152725
30,32,1.3237006785352081,1.5862897127321451,1.5530703339516774,1.4790891322200452,1.3032453615117285,0.00501821047141232,1.0,1.0,0.6,0.7,0.6,45,1236566.3232281564,666726.8112655926
30,33,1.32374327392258,1.582891859306301,1.5472440804659524,1.465487546538788,1.3101646420899695,0.0056132424009991706,1.0,1.0,0.6,0.7,0.6,46,1316527.4650975417,1169298.2576570185
30,34,1.3229450508209428,1.57803185955878,1.5399258194147978,1.4685544066508087,1.3126904401212547,0.00501814971526733,1.0,1.0,0.6,0.7,0.6,47,1202745.523136485,633808.459165193
30,35,1.3207924671187907,1.5626393999809727,1.5352890169756956,1.4614355286416005,1.3653136283541571,0.00583452508613933,1.0,1.0,0.6,0.7,0.6,48,1368649.485007852,2625820.118506226
30,36,1.3197261443323096,1.5524048633630672,1.5223702369781091,1.4520583878718214,1.3283861308399323,0.00570068727540506,1.0,1.0,0.6,0.7,0.6,49,1309388.3767845104,2316878.226423265
30,37,1.3188289517370313,1.548257415826145,1.515803657438549,1.4640851062686155,1.3099423113742812,0.00466212510048829,1.0,1.0,0.6,0.7,0.6,50,1303655.98501869,2319563.171535671
30,38,1.3186486447440817,1.541623203281421,1.506608078505462,1.4620459090268918,1.3116859053290524,0.00541700513640371,1.0,1.0,0.6,0.7,0.6,52,1234696.6442326468,2241269.134002432
30,39,1.3189181328446793,1.5413613022980206,1.5085961386312299,1.43749055338442,1.3048078568338333,0.00614168919081376,1.0,1.0,0.6,0.7,0.6,56,1231031.47988083,2230961.5096472283
30,40,1.3185065123130233,1.54233338609051,1.5141753306560188,1.5129371101928393,1.3049947022186406,0.00565113193350252,1.0,1.0,0.6,0.7,0.6,58,1219633.718368841,2184457.635066167
30,41,1.318315474051726,1.5406062646893304,1.5123801369932401,1.4997340484012058,1.3079245076415371,0.00560856901608451,1.0,1.0,0.6,0.7,0.6,59,1211694.1647669233,2147518.746780724
30,42,1.3169672554211709,1.5229402606197202,1.4962627904716834,1.5115393319875645,1.3225263534398213,0.00655749659430927,1.0,1.0,0.6,0.7,0.6,62,1281714.5157484673,1292266.508994346
30,43,1.3174181320016145,1.500393814104131,1.4749855019364615,1.522708713851571,1.3157498666778356,0.01103398875644955,1.0,1.0,0.6,0.7,0.6,70,1134287.8043959187,632293.54590405
30,44,1.318616458205038,1.498628789250235,1.4730916219537686,1.548229981804671,1.3099030472418423,0.01346276449864706,1.0,1.0,0.6,0.7,0.6,75,1252394.3708129593,869103.5456259089
30,45,1.3172635738936205,1.4913869883787454,1.4655943331852872,1.516721464098091,1.3252907173739836,0.01204195075536754,1.0,1.0,0.6,0.7,0.6,76,1185147.766964734,744558.2781740179
30,46,1.3165998136121915,1.482949424297185,1.4568204427037847,1.5117879443583508,1.3309875873538957,0.011993124658940781,1.0,1.0,0.6,0.7,0.6,77,1117627.2455227156,629169.2998488193
30,47,1.3169810463073341,1.480034319016939,1.4583124944086567,1.5437661556050806,1.3165357904108002,0.01335831065278043,1.0,1.0,0.6,0.7,0.6,79,1144857.899402002,655274.134091389
30,48,1.3167842059889474,1.4756832925356775,1.4537826879128137,1.547378572432046,1.3144589382408662,0.013557541383397079,1.0,1.0,0.6,0.7,0.6,81,1122168.2215362154,633726.5584100116
30,49,1.3185828838568425,1.4759750338802458,1.4517349042006946,1.5361907276663729,1.3110718274820152,0.01660108375121842,1.0,1.0,0.6,0.7,0.6,82,1138338.0288115724,634007.9244048273
30,50,1.3175954826224667,1.472398622338031,1.4457722900228864,1.5045118211804664,1.3134734671424804,0.01513534022322204,1.0,1.0,0.6,0.7,0.6,83,1128643.522426923,641061.6152872887
30,51,1.3175233672748243,1.4733061803975236,1.4535461956049223,1.5600377586973622,1.3166368920452838,0.015316946496716291,1.0,1.0,0.6,0.7,0.6,84,1153098.0475963622,649864.6752727226
30,52,1.3180547578736066,1.4735782667310917,1.4538072810337197,1.546845859726067,1.3101340833612896,0.01623424669061585,1.0,1.0,0.6,0.7,0.6,86,1144188.4345778984,765539.6582785286
30,53,1.3205707696450282,1.4785974014597882,1.4680328490844343,1.6799870161068906,1.3130395863595827,0.02068000430455515,1.0,1.0,0.6,0.7,0.6,96,1155741.8792067573,424137.7087797646
30,54,1.3235287159936722,1.4770475180408997,1.4662899665200735,1.6185013457566262,1.320240553065625,0.026146077960330548,1.0,1.0,0.6,0.7,0.6,99,1170113.635678895,452626.7609499783
30,55,1.3242255166020538,1.4669732845029688,1.4534803280977617,1.6942125505690369,1.3316013846321333,0.02840685673159197,1.0,1.0,0.6,0.7,0.6,101,1132458.0054378512,456645.5063633648
30,56,1.3122411293583074,1.4560599919469959,1.4448877386372745,1.7344384709416114,1.305177725947313,0.00844880936585118,1.0,1.0,0.6,0.7,0.6,105,1008974.189800267,424645.4699579096
30,57,1.3122385480677292,1.4571606061751492,1.4483105834884624,1.761288013245418,1.3051278641024617,0.00844880936585118,1.0,1.0,0.6,0.7,0.6,107,1008832.6511850384,424447.0009392826
30,58,1.3107826096108863,1.4135110607627848,1.3983225222343192,1.680951777389522,1.3657041671362156,0.00996799909022348,1.0,1.0,0.6,0.7,0.6,109,942850.4268635872,354430.47521433124
30,59,1.312015346112923,1.4179338285136964,1.4097067676620698,1.7098176913868817,1.3074587257646564,0.012043229823398529,1.0,1.0,0.6,0.7,0.6,112,946626.5645397186,389085.8609114282
30,60,1.3094897913159524,1.4086746503326975,1.4092675843274964,1.7414925007851911,1.3221332849119727,0.0087999942201954,1.0,1.0,0.6,0.7,0.6,114,1049044.495944236,439751.5959367932
30,61,1.3091807572470229,1.3940898224948501,1.3849806610269062,1.6803888071380229,1.3341641565021027,0.00906293483627502,1.0,1.0,0.6,0.7,0.6,115,982820.943694383,1063968.9185485602
30,62,1.3100886758310137,1.3871785715988136,1.3800185524544792,1.7194309059935646,1.3120540553172282,0.011258828471785911,1.0,1.0,0.6,0.7,0.6,120,1038460.9979087962,675822.0380455243
30,63,1.3142832295321831,1.3696540024159232,1.3615888263547635,1.723596113511678,1.343893731059222,0.01977020902047432,1.0,1.0,0.6,0.7,0.6,122,1090885.4977043956,804253.151284935
30,64,1.3139377420780307,1.3680571197129066,1.3599401560632733,1.7219286125093185,1.3134061383392206,0.01927665665138198,1.0,1.0,0.6,0.7,0.6,124,1028004.0525293518,705002.3737699689
30,65,1.3122832566789486,1.3429873437815085,1.3316228041567388,1.6737000203578911,1.3270706800447092,0.01789002581857542,1.0,1.0,0.6,0.7,0.6,128,1030235.738622242,1114973.3794349264
30,66,1.3125274478333013,1.3423223502495807,1.3309200768786509,1.6599897706379272,1.3136709891191032,0.0183494900389174,1.0,1.0,0.6,0.7,0.6,129,1032294.173040834,1119111.4776430812
30,67,1.3181085651248345,1.3410348640286225,1.3316253251336132,1.7177133880642086,1.3198035489756372,0.028102576497723207,1.0,1.0,0.6,0.7,0.6,137,995673.5899623472,1014252.0559807935
30,68,1.327675458153637,1.3533072654095948,1.350839257336356,1.7914818378772077,1.3266152296995153,0.04408815388539783,1.0,1.0,0.6,0.7,0.6,150,1032081.0984018712,1217370.8425940217
30,69,1.3174287433087026,1.3432384708776888,1.345331297382263,1.8004007841373149,1.3193498091498637,0.027124929182331742,1.0,1.0,0.6,0.7,0.6,152,987806.6896392872,1059223.852600786
30,70,1.3093872023412216,1.3208785530542482,1.3292112383284722,1.8542979148501457,1.3152534565508125,0.01463966530856845,1.0,1.0,0.6,0.7,0.6,160,970806.8204884874,1039256.106889694
30,71,1.3117989632490228,1.3168541186970768,1.3203679639921564,1.8243314383536564,1.323407204450234,0.01886119070270766,1.0,1.0,0.6,0.7,0.6,161,990733.5826663336,1106640.2381688638
30,72,1.3089811235076798,1.3107859126269092,1.318720142407584,1.837397269359975,1.3167183456469362,0.01442736813818607,1.0,1.0,0.6,0.7,0.6,163,947512.9760921478,1019648.198698574
30,73,1.3083062111694392,1.315003559539861,1.339076739228675,2.0655834639241104,1.3084984595082243,0.01344664533719849,1.0,1.0,0.6,0.7,0.6,184,912116.7231676287,938803.1721266792
30,74,1.3086147967891941,1.3091820843866029,1.3307267435829997,2.051412557899041,1.312133944749964,0.01418694927246926,1.0,1.0,0.6,0.7,0.6,188,962067.9042194335,971865.7889958598
30,75,1.3088969883395625,1.3103082968080217,1.3341642417666462,2.083578738291556,1.3090918978961468,0.014670640186466249,1.0,1.0,0.6,0.7,0.6,191,962521.6251155416,968415.8028886664
30,76,1.3089856036801675,1.3089004566228533,1.3304182501783353,2.078693415014144,1.3099275567205426,0.01483409437142195,1.0,1.0,0.6,0.7,0.6,192,963432.6626719268,970281.2915141336
30,77,1.3088810964937756,1.3124116606070895,1.3431857128867137,2.0998171014289415,1.3093779229949578,0.01470245902918435,1.0,1.0,0.6,0.7,0.6,197,963687.8474288572,958019.7894487568
30,78,1.3084827905950904,1.3103929168311712,1.3411002510818868,2.102248125165819,1.31317499656774,0.01411012386861297,1.0,1.0,0.6,0.7,0.6,198,959513.9376861332,965011.0055763848
30,79,1.3089503955209119,1.3102254667342532,1.3409068165401625,2.124769526977519,1.309875762255738,0.01491732586818651,1.0,1.0,0.6,0.7,0.6,200,956956.4385423976,968043.2239510396
