Run,Equation_Index,Hybrid_MSE_Train,Hybrid_AIC_Train,Hybrid_BIC_Train,Hybrid_MDL_Train,Hybrid_PSM_Train,Extrapolation_Divergence,Sensitivity_Interpolation,Sensitivity_Extrapolation,Lambda1,Lambda2,Lambda3,Complexity,MSE_Test_Interpolation,MSE_Test_Extrapolation
1,0,0.37023388767971205,0.7942267298805737,0.7586598010406402,0.4741517931040883,0.0,0.0,0.0,0.0,0.2,0.8,0.9,1,10653643.50130579,10471780.172268776
1,1,0.3911290926120618,0.8151243870942844,0.7795573414673873,0.49903210059756714,0.020905743717631445,0.10366940012552761,8.973607038120001e-05,0.00010624115288000999,0.2,0.8,0.9,3,10650963.173711684,10465363.08778986
1,2,0.38357035069538425,0.8075658800904348,0.7719988344635378,0.4941917803108057,0.013343111176220928,0.06659276490310323,1.2408387106889999e-05,1.5888027607639998e-05,0.2,0.8,0.9,4,10650996.30635829,10465348.07528148
1,3,2.2011178678960164,2.633924194105834,2.600333562021504,2.3219391173279336,1.8718214064757517,0.7362091082915703,1.0,1.0,0.2,0.8,0.9,5,9691407.335038817,9694639.341561288
1,4,2.065909139452034,2.501160848749955,2.465071906951039,2.206899582326528,1.7261773228383626,0.09995798082774557,1.0,1.0,0.2,0.8,0.9,7,9868692.575303622,9712949.798344605
1,5,2.0571122263436954,2.4963574474699977,2.460062349428035,2.196409091478907,1.7349056990205551,0.10169640806522129,1.0,1.0,0.2,0.8,0.9,8,9675351.581469296,9379222.318846105
1,6,1.8436385792732153,2.3080808252791942,2.2644776577983556,2.008438505809805,2.2320041009150935,0.07400314608727938,1.0,1.0,0.2,0.8,0.9,9,4074883.079999214,3201539.3802684285
1,7,1.8436129392567104,2.3080432471735466,2.2644385471032438,2.016364372953574,1.7148554525204016,0.0740064604148078,1.0,1.0,0.2,0.8,0.9,11,4074398.633578832,3200741.093775548
1,8,2.0176493632189287,2.4785256012136623,2.4388885840309213,2.2068146035839105,1.924026923899325,1.0,1.0,1.0,0.2,0.8,0.9,13,3788587.69870079,2696960.5668209908
1,9,1.976971001625254,2.400107046806111,2.357333760042007,2.1290893230285954,2.1222553681444922,1.0,1.0,1.0,0.2,0.8,0.9,14,2742580.94062808,1694102.189819283
1,10,1.9490624585140153,2.31881372041384,2.2727894387106375,2.0524329722197923,2.1297030793831953,1.0,1.0,1.0,0.2,0.8,0.9,15,1842391.8470064008,827261.0349330372
1,11,1.9449207384591078,2.3032747669603593,2.256629066482428,2.0453089442760795,1.9439762452846772,1.0,1.0,1.0,0.2,0.8,0.9,16,1758931.3130254804,756554.2458224521
1,12,1.9449200310918027,2.303271975648596,2.256626153321785,2.0541917977812254,1.9000039132987414,1.0,1.0,1.0,0.2,0.8,0.9,18,1758492.8205003478,756625.6165380994
1,13,1.9449092730864912,2.3032340138086194,2.256586558117941,2.0522946331455736,1.9001192444519122,1.0,1.0,1.0,0.2,0.8,0.9,19,1612162.0541810272,812901.9403988444
1,14,1.9407194217482222,2.2861322048990314,2.2388008206076275,2.0320289128770916,1.9483798538587038,1.0,1.0,1.0,0.2,0.8,0.9,20,1876956.0667147,2903630.880780931
1,15,1.9364174982185505,2.2680715803988507,2.2222962792577197,2.028553871488098,1.954525372684607,1.0,1.0,1.0,0.2,0.8,0.9,21,1537033.669069857,546381.778726797
1,16,1.9362617936383133,2.2673399775857668,2.221535290355019,2.027781082232371,1.9020783286249867,1.0,1.0,1.0,0.2,0.8,0.9,22,1516211.7571946876,545483.7430074014
1,17,1.9043204608536213,2.2184210256819323,2.1695002881563754,1.9816965278396879,1.9279244301857865,0.8601673579141064,1.0,1.0,0.2,0.8,0.9,23,1503773.4470100664,715167.0788266134
1,18,1.9043146600109262,2.218362408036762,2.1694390332755384,1.9914517259269386,1.8721326133806835,0.860200853164527,1.0,1.0,0.2,0.8,0.9,25,1503226.0528439698,714764.0721631636
1,19,1.929665033563416,2.234451346738143,2.1896094277963924,2.010039992670402,1.9400474818399545,1.0,1.0,1.0,0.2,0.8,0.9,26,1631928.3371980027,2017059.219541025
1,20,1.9289719251844368,2.2305150388899513,2.185515545308893,2.0127284775052035,1.905572395105855,1.0,1.0,1.0,0.2,0.8,0.9,28,1705805.6191866908,2313423.65635752
1,21,1.9289649577594559,2.2316181652986913,2.1889411844162074,2.0293511411494376,1.9000283293265725,1.0,1.0,1.0,0.2,0.8,0.9,32,1705344.2562410978,2313600.289405944
1,22,1.810620729009588,2.1077152568509185,2.067038095345588,1.938702167378719,1.8063191038304245,0.41528892847818205,1.0,1.0,0.2,0.8,0.9,33,1635481.40608197,2915325.7199901994
1,23,1.9097341908350058,2.1994928481339646,2.16073535432961,2.032300884269107,1.9121294287500996,0.9190039561514147,1.0,1.0,0.2,0.8,0.9,34,1739043.82891082,2909444.580050035
1,24,1.8695591847251332,2.1561658293265102,2.11498916725929,1.99353247474592,1.850501659007904,0.719993204585767,1.0,1.0,0.2,0.8,0.9,35,1718085.313431141,2037255.055633205
1,25,1.8681099672985766,2.141777136639964,2.1022612911096963,1.998518979611129,1.868671617685808,0.725237885335453,1.0,1.0,0.2,0.8,0.9,37,1684289.081909386,1913980.9908638697
1,26,1.8677097521237105,2.140076872454345,2.1027708991269596,2.006338428010146,1.849010255731074,0.725237504381592,1.0,1.0,0.2,0.8,0.9,39,1672313.8084505114,1914643.7381179184
1,27,1.868027932219964,2.1403118966120385,2.1030020283555935,2.0139252336571087,1.845646892982524,0.7268955221050608,1.0,1.0,0.2,0.8,0.9,40,1663564.6889254176,1881243.994062356
1,28,1.7645804750594798,2.036475916102037,1.9991479729902335,1.9100619478718848,1.743266924013986,0.2099765820830904,1.0,1.0,0.2,0.8,0.9,41,1594592.6741087765,1697224.4358087275
1,29,1.7786371711438225,2.024095713880651,1.9810078451318192,1.865686818421103,1.8384247031845926,0.298592870828638,1.0,1.0,0.2,0.8,0.9,42,2918357.150722526,1064573.4381613124
1,30,1.7824419733052577,2.02526817864339,1.9843324062476557,1.879875514416009,1.7701356544031714,0.32022750175920106,1.0,1.0,0.2,0.8,0.9,44,3062186.828403998,913425.8980478824
1,31,1.782426245067619,2.0251224748355616,1.9841807381973573,1.8868377385086164,1.7642560824178855,0.32023728468137425,1.0,1.0,0.2,0.8,0.9,46,3061535.609866174,913061.9056127112
1,32,1.8135059410893657,2.0542726544261307,2.0155151297704994,1.9257262681454517,1.802884325527581,0.47770471375943957,1.0,1.0,0.2,0.8,0.9,47,2990837.466377784,877241.464949898
1,33,1.7712786810851338,1.979053364613233,1.9388178690618179,1.8592585619531252,1.8626440836448288,0.286388916438335,1.0,1.0,0.2,0.8,0.9,48,2862263.6996829,795144.6904810419
1,34,1.8038934337673913,2.101896494144692,2.0658011187708554,1.9988848907872696,1.7867393341812645,0.3829976673225236,1.0,1.0,0.2,0.8,0.9,50,2737540.400632896,1589812.3020380998
1,35,1.8071952126600102,2.1072476062696786,2.07351962252088,1.95609315736841,1.7798580119452683,0.3986089157336556,1.0,1.0,0.2,0.8,0.9,51,2738346.71972466,1595049.9092634872
1,36,1.803888141394836,2.1018642331756525,2.0657675275879677,2.0097112667963697,1.7768263064934793,0.3829982585595832,1.0,1.0,0.2,0.8,0.9,52,2737263.109619091,1589693.388452177
1,37,1.7669863168519613,1.9650279911454143,1.9311830059820072,1.9167172077541554,1.7593530871369851,0.2717547226036917,1.0,1.0,0.2,0.8,0.9,58,2710826.2561275004,898613.9099059985
1,38,1.8389732505590728,2.033931199655985,2.0022245769927522,1.9993694761128333,1.828513390385507,0.6337639159753055,1.0,1.0,0.2,0.8,0.9,60,2683702.932020046,876288.083176014
1,39,1.8389638245565756,2.0349662180577077,2.0055792301039865,2.0030435602126913,1.8269128706152338,0.6337639159753055,1.0,1.0,0.2,0.8,0.9,62,2683153.7861236543,875384.3812889311
1,40,1.766777457286314,1.9638859384471163,1.9322737612289598,1.9378209891819491,1.7569989186331405,0.2717317568293261,1.0,1.0,0.2,0.8,0.9,63,2705764.05494851,889203.2293691807
1,41,1.838897777256454,2.034209765109724,2.004792550365611,2.0029782701901926,1.8280919825709572,0.6337638786742625,1.0,1.0,0.2,0.8,0.9,64,2701358.5976480087,846544.6301690647
1,42,1.7662769259658448,1.9557398246529791,1.9260665439657836,1.939499104288538,1.7806960160620124,0.27342354403281244,1.0,1.0,0.2,0.8,0.9,65,2680519.44507157,795406.836084933
1,43,1.7659284045310464,1.9552765737689777,1.9255983036303541,1.9396758890333698,1.7544338729918905,0.27173393910360144,1.0,1.0,0.2,0.8,0.9,66,2658466.437502729,825382.4360999911
1,44,1.7641114667356685,1.9377697636216178,1.9074084077005962,1.932871212226956,1.8030207359177037,0.2696028630677469,1.0,1.0,0.2,0.8,0.9,67,2600872.4078875035,823535.1584293037
1,45,1.7642455051898749,1.9346368289829479,1.9041336885207545,1.9256553939535652,1.7649094373847949,0.2716490630106738,1.0,1.0,0.2,0.8,0.9,68,2621782.361690771,778907.6825045546
1,46,1.7637435475768908,1.9316200887962038,1.8987338412488453,1.9267776907489775,1.7579758819696818,0.2696929012983731,1.0,1.0,0.2,0.8,0.9,69,2583286.462614828,855098.285960347
1,47,1.7637137934062765,1.9304827752136116,1.8975484806689065,1.8486958268099056,1.756724007861453,0.26999788408470443,1.0,1.0,0.2,0.8,0.9,70,2583938.2631979827,835128.1872487381
1,48,1.763344921221644,1.9274347853790315,1.8966594043720542,1.9452790133101274,1.7665487880781576,0.26969424415565163,1.0,1.0,0.2,0.8,0.9,71,2598737.847380659,847120.0859623171
1,49,1.7632336654400917,1.922076103955916,1.8910743934563645,1.9423454778678666,1.7625209588169177,0.2711977600375528,1.0,1.0,0.2,0.8,0.9,73,2585570.8261464816,795634.7046439553
1,50,1.7632232563493777,1.9230763479420467,1.894392559088216,1.9613966581516156,1.7543466802114043,0.2711969492888981,1.0,1.0,0.2,0.8,0.9,77,2585359.218163368,795174.6176817701
1,51,1.8030939826676107,1.963229796466488,1.9368329001449909,2.0056386128109818,1.795592554715539,0.47088395425882223,1.0,1.0,0.2,0.8,0.9,79,2612930.442597867,827367.6296593823
1,52,1.9082264290495332,2.060274888382421,2.035805247244403,2.1320981439858953,1.9149952335065548,1.0,1.0,1.0,0.2,0.8,0.9,80,2553246.190606686,781072.0830606543
1,53,1.9081961843121236,2.058675187611042,2.0318632058238957,2.1393906253960617,1.9008025487084166,1.0,1.0,1.0,0.2,0.8,0.9,82,2552735.9619706874,781254.9173140329
1,54,1.9073370019482963,2.0489672844304816,2.0286014171396936,2.136379795662003,1.9371147092032301,1.0,1.0,1.0,0.2,0.8,0.9,83,2568712.80466426,752628.0076713661
1,55,1.9069404522290991,2.0403128223092803,2.015044756551624,2.1164457418174707,1.9166714859927834,1.0,1.0,1.0,0.2,0.8,0.9,84,2545990.446219879,739312.1814811487
1,56,1.9069241983070868,2.041189294202864,2.0182344890991017,2.1293735735847914,1.9007607371403945,1.0,1.0,1.0,0.2,0.8,0.9,85,2538428.8359666285,723620.5783606427
1,57,1.9069206383942041,2.0422739979539686,2.0216405089612692,2.145242596775023,1.9000904962408822,1.0,1.0,1.0,0.2,0.8,0.9,87,2538361.049455394,723155.9263761385
1,58,1.906843217494508,2.040998647609451,2.0203141885370224,2.16778620741602,1.901263029861946,1.0,1.0,1.0,0.2,0.8,0.9,92,2579926.1534275743,698650.5204159007
1,59,1.9068043184243257,2.043788005454223,2.0300494957883726,2.1832814366192674,1.9008872801911325,1.0,1.0,1.0,0.2,0.8,0.9,94,2556997.117623423,691942.9973560172
1,60,1.8505083300919534,1.983454822351756,1.9627188876739643,2.127830352793865,1.8446946645547042,0.7187148473252565,1.0,1.0,0.2,0.8,0.9,96,2573677.650646156,691605.6811628559
1,61,1.850508143079309,1.9845950621539221,1.96618292188694,2.14147815046708,1.8437489248309495,0.718714792060146,1.0,1.0,0.2,0.8,0.9,98,2573682.6834379,691527.9820384107
1,62,1.9067371033846126,2.042672876404902,2.028889760591108,2.2190922102805017,1.9006313890997895,1.0,1.0,1.0,0.2,0.8,0.9,100,2563887.6338596987,694745.2626872045
1,63,1.8505547419246977,1.985048893319222,1.9689294335878218,2.1749226518896374,1.8442877194903025,0.7191835517995059,1.0,1.0,0.2,0.8,0.9,102,2573238.038795267,692119.4442478187
2,0,0.464337281634574,0.8378487918504862,0.8040264517364488,0.5202582702612256,0.0,0.0,0.0,0.0,0.2,0.8,0.9,1,858206.8226216803,10431499.566279724
2,1,0.4836907532416444,0.8572203199849011,0.8233976033735783,0.5436118652425126,0.01940291038825517,0.0959565536410154,8.868035190613001e-05,0.00013599143330332,0.2,0.8,0.9,3,854274.1515588412,10431170.5145792
2,2,1.2558911289121395,1.631604618655929,1.600075797660696,1.3363429141423846,0.7954661649810466,0.1288361466279559,0.35052199115899735,0.5413138377280481,0.2,0.8,0.9,4,884299.1226234599,10397351.482950203
2,3,2.179895018774865,2.5561753181652644,2.52227363293315,2.2481965889668114,1.7237899812532722,0.1015529535796161,1.0,1.0,0.2,0.8,0.9,5,1108600.2044196234,10487607.972206945
2,4,2.1851350184266574,2.5626489097476344,2.531068283860625,2.2673134682674556,1.7258910148648288,0.12853088847710153,1.0,1.0,0.2,0.8,0.9,6,914133.8841724438,10358649.29297116
2,5,2.166997133329536,2.5645896325559074,2.530024798272631,2.2595622304206215,1.792060903759643,0.2265362544852942,1.0,1.0,0.2,0.8,0.9,7,923393.478385326,9527530.61470841
2,6,2.0991608467685023,2.5192217862814714,2.483821197556818,2.21494437421618,1.7799623160992137,0.10418419633773505,1.0,1.0,0.2,0.8,0.9,8,2005738.7297298985,8733203.538158799
2,7,2.0665728027551804,2.5014999893900685,2.465426721729136,2.212567627964198,1.7437313223064281,0.09966906136481622,1.0,1.0,0.2,0.8,0.9,10,1624595.578996527,7983580.636221622
2,8,2.009675583531922,2.467859102740526,2.432762936342081,2.185744071376511,1.814116396152822,0.09410878192396385,1.0,1.0,0.2,0.8,0.9,11,2689848.0736894533,6090208.152689017
2,9,1.9512430235822982,2.428486966311057,2.390767577556195,2.139880494057387,1.8380136402077882,0.2252104840592995,1.0,1.0,0.2,0.8,0.9,13,2314614.5058632283,4417086.827093123
2,10,1.9042022539371533,2.381586885312519,2.3427376877786332,2.0958594061436506,1.8060344007683655,0.13196161952178947,1.0,1.0,0.2,0.8,0.9,14,1446633.834558554,3661923.236280199
2,11,1.823149872378353,2.228574231708994,2.1846420292074247,1.934045272484894,2.281556191398646,0.2872468746908936,1.0,1.0,0.2,0.8,0.9,15,931450.4551577223,640380.9707595991
2,12,1.7913405749464144,2.1615617154651074,2.115563446460658,1.8698876397147886,1.8151965398099763,0.21048809705243512,1.0,1.0,0.2,0.8,0.9,17,398792.7126675058,517849.9633575199
2,13,1.7671338707856767,2.131102920041983,2.0870226693620815,1.8486164265321179,1.7350271409497013,0.10323053957703936,1.0,1.0,0.2,0.8,0.9,19,351539.7517778676,460108.5747236861
2,14,1.772625077976513,2.136970636625658,2.0951722957422003,1.8584120053208815,1.7278818816667818,0.13205552113102131,1.0,1.0,0.2,0.8,0.9,21,344773.0748307597,459144.69779286656
2,15,1.7606279549926254,2.1214610781941,2.0772110022830077,1.8531614351505472,1.724309407131279,0.07624088236000046,1.0,1.0,0.2,0.8,0.9,22,363303.70097623527,3952475.533138521
2,16,1.8619265580385438,2.1940680410350013,2.1483182673146555,1.9322444586622263,1.9314724663019964,0.6268043947385713,1.0,1.0,0.2,0.8,0.9,23,365278.9766305714,967632.097016878
2,17,1.8612917136440323,2.191102307367919,2.1452340389808353,1.9354944533614171,1.8295578245954203,0.6267724700588563,1.0,1.0,0.2,0.8,0.9,25,362805.99812078255,1137812.0775359247
2,18,1.8612726235409653,2.193273360686165,2.1520478506051917,1.9592942326739866,1.8255305797230617,0.6268030296331479,1.0,1.0,0.2,0.8,0.9,27,361897.7592444293,1134675.4414124682
2,19,1.8612647100360045,2.1932212720708026,2.1519935033690007,1.966086408643502,1.8254428908733737,0.6268217177326354,1.0,1.0,0.2,0.8,0.9,29,361586.8989314882,1134139.7221407555
2,20,1.8906484102888879,2.2215446578865503,2.1802632666836033,2.0080234699823643,1.8587865651727948,0.7751294211073019,1.0,1.0,0.2,0.8,0.9,30,365478.9914029476,497236.0633583505
2,21,1.8562845056114314,2.187704407152909,2.1487155151844046,1.9652864705830742,1.8219604681952402,0.6041417279107685,1.0,1.0,0.2,0.8,0.9,32,348494.1753188514,1084229.6491071065
2,22,1.8562746302538304,2.187677635960779,2.1486879606262055,1.9722441527311294,1.820852277498064,0.6041139417971153,1.0,1.0,0.2,0.8,0.9,34,348435.78986485617,1084301.0198227533
2,23,1.8280552953849543,2.1609228296546674,2.1288059172204,1.9775184883631116,1.8000798237071858,0.46555560190476414,1.0,1.0,0.2,0.8,0.9,35,367793.84272178594,545872.2818323189
2,24,1.7491029371609752,2.0791734566586735,2.0423833748824,1.8999577107006569,1.7151878403567395,0.07144358449823629,1.0,1.0,0.2,0.8,0.9,37,237172.8420040088,1428626.9425393415
2,25,1.7480352079151293,2.0751451161344323,2.03820644275619,1.9105621271958633,1.7244706819195703,0.06985712682161661,1.0,1.0,0.2,0.8,0.9,38,221524.8478985617,1948351.186489868
2,26,1.7472690714164827,2.071395229264739,2.0343078154724408,1.9207161058819335,1.7244791332868963,0.06972015930887684,1.0,1.0,0.2,0.8,0.9,39,221578.94884101188,1659613.0604553707
2,27,1.7448118436088154,2.05989302237299,2.0223573529946015,1.9122249962390052,1.745703689233904,0.06824889546013131,1.0,1.0,0.2,0.8,0.9,40,296631.3629692912,898408.8846208774
2,28,1.7440988718040837,2.0570724044121027,2.0217014926186554,1.9297852016372978,1.7192223662823718,0.06829356932649405,1.0,1.0,0.2,0.8,0.9,42,296426.1690007874,443253.474593862
2,29,1.732584083148622,2.043665610125593,2.0059352045190986,1.89568910480385,1.7026784945379194,0.01146184238773311,1.0,1.0,0.2,0.8,0.9,48,295411.9394790117,945940.93340898
2,30,1.73254582038359,2.043427768537077,2.005687480567023,1.895437706016381,1.7029878486926762,0.01149104202970555,1.0,1.0,0.2,0.8,0.9,49,294443.9713664987,1079188.851522104
2,31,1.732524674715685,2.04331283286686,2.0055680841630426,1.9025560391345224,1.7026214133331892,0.01148858259003727,1.0,1.0,0.2,0.8,0.9,50,294862.31800879503,944298.3158519444
2,32,1.7322285213657769,2.03651851959433,1.9961894084807126,1.8893256583528615,1.7216055125674132,0.01579846140113934,1.0,1.0,0.2,0.8,0.9,51,262648.4634678196,927863.9914457108
2,33,1.7313476890081736,2.032696939921327,1.9967628637653645,1.8936956391481035,1.712305281503129,0.01682569043857227,1.0,1.0,0.2,0.8,0.9,53,241186.266003671,705399.8435728718
2,34,1.7326181177447884,2.031763163358089,2.00026151272452,1.9120143791752673,1.7131447979005774,0.027665335777645562,1.0,1.0,0.2,0.8,0.9,55,229878.1171274129,762591.4767512395
2,35,1.7331451052049154,2.0252543722747074,1.9888779845274582,1.9038725955808582,1.7123277617271837,0.034897572983579137,1.0,1.0,0.2,0.8,0.9,58,232421.9330593114,772638.6931432448
2,36,1.7331423579796177,2.0263803874399042,1.9923274045379822,1.914922743721878,1.7070038044852125,0.034897572983579137,1.0,1.0,0.2,0.8,0.9,60,232339.9293566213,772362.8194687832
2,37,1.7332189534577438,2.025868030295509,1.991787097354138,1.9181025165205274,1.7091432277483194,0.03583748786829583,1.0,1.0,0.2,0.8,0.9,61,235121.7250762882,689686.7845780224
2,38,1.7327473098817199,2.024070429023743,1.989926335689829,1.9198111353326635,1.711417757141331,0.03473214592819475,1.0,1.0,0.2,0.8,0.9,62,229631.98272693733,880879.9497995684
2,39,1.7283791464908775,2.018845410776695,1.989199972307822,1.9878735120029871,1.704214643569253,0.01580445207386802,1.0,1.0,0.2,0.8,0.9,72,242580.3541612588,1031196.6373154164
2,40,1.7381628109981317,2.0284452675219526,1.9987911310356457,1.948210976258601,1.7132009374169943,0.06490351263477995,1.0,1.0,0.2,0.8,0.9,75,236791.5472584706,941475.5309475772
2,41,1.890343074687275,2.1817934472076232,2.1567344019356596,2.157400677526798,1.869066149910218,0.8268140460572511,1.0,1.0,0.2,0.8,0.9,76,237691.0051337712,903417.6202673004
2,42,1.92492901188538,2.2160967971093175,2.191024391537352,2.191685086070222,1.900943743635176,1.0,1.0,1.0,0.2,0.8,0.9,77,239166.32400930123,901433.9339104192
2,43,1.9249221477823188,2.2171951782880606,2.1944446799414443,2.210900472060058,1.9000633083871135,1.0,1.0,1.0,0.2,0.8,0.9,79,238998.48030239675,901717.4629176502
2,44,1.924628773463882,2.215271964483349,2.1924444087202435,2.2335442664988063,1.902718490477573,1.0,1.0,1.0,0.2,0.8,0.9,81,211438.8477820205,898152.6450371159
2,45,1.9246287287925186,2.215271964483349,2.1924444087202435,2.241597918534651,1.9000004700130773,1.0,1.0,1.0,0.2,0.8,0.9,83,211594.1251896147,899319.229004199
2,46,1.9241606418000474,2.213310230576308,2.1926825150136278,2.2302228242089117,1.908788355619076,1.0,1.0,1.0,0.2,0.8,0.9,84,204479.88472585788,963991.4363298552
2,47,1.9237027648673122,2.2079366763013444,2.182537819513527,2.283373054000922,1.9087329623488563,1.0,1.0,1.0,0.2,0.8,0.9,85,202928.66313189745,1367203.3325199129
2,48,1.9236980042727523,2.209047618383021,2.1859711279621274,2.303472636118094,1.9000915838034986,1.0,1.0,1.0,0.2,0.8,0.9,86,202848.86122214925,1367701.433882056
2,49,1.922474983719479,2.1994117310459464,2.1736720609880287,2.282416430279213,1.9240335041270713,1.0,1.0,1.0,0.2,0.8,0.9,87,219234.5516322897,1174150.8460111902
2,50,1.9224280239171865,2.200221490588395,2.176792115489103,2.294909212500434,1.9004719672381198,1.0,1.0,1.0,0.2,0.8,0.9,89,219174.72049130296,1175320.0789418109
2,51,1.922372975231415,2.199829869548045,2.1763848675216417,2.2937302382999194,1.9005542948609393,1.0,1.0,1.0,0.2,0.8,0.9,91,219117.5625582755,1182124.8459786118
2,52,1.812876460653638,2.092389446309929,2.0758523399545528,2.290917649477134,1.790960823146768,0.4536340072914703,1.0,1.0,0.2,0.8,0.9,117,143633.1648232447,734225.5320545741
2,53,1.794017241689216,2.101470008706516,2.08624999184848,2.2758807679952326,1.7707346797669974,0.33436617312760253,1.0,1.0,0.2,0.8,0.9,118,267508.9806670957,974987.1330227948
2,54,1.7957993088201554,2.102469879750031,2.087212419227656,2.2993747513096,1.7718355815975817,0.3440465581717399,1.0,1.0,0.2,0.8,0.9,119,266542.8983625528,947195.33320793
2,55,1.8172316673516802,2.09790615736445,2.0882353260111617,2.337122073886309,1.7960819861759265,0.47723017371062104,1.0,1.0,0.2,0.8,0.9,121,134465.5416335408,743383.2325154677
2,56,1.8166732571034956,2.091518965072,2.0770362639713893,2.3255103803354054,1.8049807078006643,0.47722402750540194,1.0,1.0,0.2,0.8,0.9,122,142958.2348971702,1150296.8830070116
2,57,1.8147516564815236,2.0876742004924904,2.073102820875574,2.3315162650941117,1.7956149967573372,0.46910125148933035,1.0,1.0,0.2,0.8,0.9,126,144141.54323587733,1222873.750600982
2,58,1.8147451977162232,2.087625352568171,2.0730519297742394,2.331464409520669,1.7938784868038282,0.46910125164699856,1.0,1.0,0.2,0.8,0.9,128,144118.74699171228,1222800.6544201842
2,59,1.8140603204040164,2.083545290741284,2.071086894189032,2.33999587652413,1.8006620689489696,0.4691026401883761,1.0,1.0,0.2,0.8,0.9,130,147168.94497491734,1083788.7351536008
2,60,1.9195830278946033,2.197159979846729,2.21005862646616,2.7776488315962555,1.900274797717715,1.0,1.0,1.0,0.2,0.8,0.9,183,165470.69038125777,970470.023504641
2,61,1.919523874839968,2.197833244243966,2.2130365900705575,2.832857503314519,1.900189929830176,1.0,1.0,1.0,0.2,0.8,0.9,190,164477.30026269215,966517.212855372
2,62,1.9194502465133079,2.1972467896425587,2.2124268477122686,2.803169661002575,1.9016595736516604,1.0,1.0,1.0,0.2,0.8,0.9,191,178355.45387881034,1004703.4180162946
2,63,1.9194422997530323,2.1971837059967148,2.21236121241941,2.8479791118020485,1.900035875257704,1.0,1.0,1.0,0.2,0.8,0.9,196,184967.09206412736,1033313.5597799448
2,64,1.9194100757395711,2.201499353113499,2.2259621054874494,2.858950354617877,1.9007285288688007,1.0,1.0,1.0,0.2,0.8,0.9,197,92883.70098202355,860271.244583957
3,0,0.32438458462087977,0.7688210476072178,0.7322380285298306,0.4472991666622589,0.0,0.0,0.0,0.0,0.2,0.8,0.9,1,15549040.254016388,10530059.998488188
3,1,0.34488678717659504,0.7893296721455514,0.75274642961807,0.4717900950952578,0.020530331604838505,0.10175040368371169,9.118768328442e-05,0.00010502872511694,0.2,0.8,0.9,3,15549149.032064363,10530227.525905332
3,2,2.0631679126851132,2.524078277795009,2.488762290876686,2.2096349388601983,1.8179143904263837,0.40268930847082246,1.0,1.0,0.2,0.8,0.9,5,12507146.573208746,8891328.791760435
3,3,2.067530198218622,2.5411206825331263,2.501786620213825,2.232148061618072,1.9610041247481877,0.7054603579377778,1.0,1.0,0.2,0.8,0.9,6,10078396.829350114,7088571.543532889
3,4,1.9292256329074786,2.4057407757380282,2.365331201726235,2.0975829487626703,1.7706492375200138,0.1630238942098354,1.0,1.0,0.2,0.8,0.9,8,8246395.895685889,5848994.762318227
3,5,1.92823552034577,2.40477817719863,2.364333827956476,2.1028859995018054,1.7337414371394804,0.16255836958372608,1.0,1.0,0.2,0.8,0.9,10,8042675.474741586,5714713.536513138
3,6,1.892548094621421,2.3687333799735075,2.32753067900544,2.068276173197195,1.7690919430315981,0.0771468701121549,1.0,1.0,0.2,0.8,0.9,11,12015215.12989116,12527892.625000589
3,7,1.77021189847768,2.1344895859692294,2.085903026310057,1.823283451580635,2.409686192891172,0.11388062643474459,1.0,1.0,0.2,0.8,0.9,12,1162278.044911057,690273.8791348102
3,8,1.7569814291097132,2.11402845910696,2.062787702848102,1.8061598975156405,1.7351558282523798,0.05862813451239697,1.0,1.0,0.2,0.8,0.9,13,3131251.30162515,7493003.842929724
3,9,1.7567758730385814,2.097215909471737,2.045097051244387,1.7925255385053571,1.778971882566573,0.08434907363120805,1.0,1.0,0.2,0.8,0.9,14,1348209.443590444,1367419.759858431
3,10,1.7567637826981293,2.0971068359030345,2.0449830708685446,1.7979739746209487,1.7170640562270236,0.08443314659025489,1.0,1.0,0.2,0.8,0.9,16,1327462.4237257445,1331926.5258571403
3,11,1.7567342518799578,2.0978620346507553,2.0480432589052473,1.8051977047088905,1.7176227898464724,0.08482048784856915,1.0,1.0,0.2,0.8,0.9,18,1339053.11942833,1359168.6228148344
3,12,1.7558508850886456,2.093135995783276,2.040853691442271,1.810109239187287,1.7218214598556816,0.08438051163823018,1.0,1.0,0.2,0.8,0.9,20,1452980.2665561498,1761877.6792881174
3,13,1.7693607897052899,2.092013101695123,2.0412514272803493,1.8140375090044507,1.7915088197167046,0.17344594054276244,1.0,1.0,0.2,0.8,0.9,21,13054452.296705404,78747013.75929275
3,14,1.768631131448721,2.089543146054616,2.0409610972685956,1.8185735785623367,1.7398109031092233,0.17344492557976737,1.0,1.0,0.2,0.8,0.9,23,12147603.459878152,66960349.46019005
3,15,1.768616240085656,2.089456301259319,2.0408705548579387,1.828049026423797,1.734819057173014,0.17346010279712634,1.0,1.0,0.2,0.8,0.9,25,12147617.554639442,66962400.765028775
3,16,1.756501752505669,2.077731030956925,2.0314316222338187,1.8151217245877562,1.7240868222433356,0.11381910945930382,1.0,1.0,0.2,0.8,0.9,27,1461838.0325457854,1371404.4375063588
3,17,1.750573436309882,2.071736646512696,2.0254338926526723,1.8123128648947076,1.7170880747806754,0.08426030137908375,1.0,1.0,0.2,0.8,0.9,28,1438020.1600929876,1371467.7401529748
3,18,1.7597145335137476,2.077192138645607,2.032972953506684,1.825162073155958,1.7441524394326595,0.13583473528473078,1.0,1.0,0.2,0.8,0.9,29,1574851.274543033,1387981.0214956386
3,19,1.75256801629239,2.061921772323583,2.0150345196974215,1.8112505453078191,1.7339063883715744,0.10825828542138509,1.0,1.0,0.2,0.8,0.9,31,1539098.5061816394,1421344.970243416
3,20,1.8301979529457197,2.112594301056729,2.073488339041232,1.9228500511726994,1.8323844333061516,0.5280822017298864,1.0,1.0,0.2,0.8,0.9,35,1828452.54831058,875593989.2676997
3,21,1.8267761239262121,2.1050722521913507,2.0680434797794187,1.9319216210081782,1.8089034614492858,0.5155574762171332,1.0,1.0,0.2,0.8,0.9,38,1908661.530179236,869139715.9592227
3,22,1.8170369409081282,2.0946306661096954,2.0575690448574546,1.9289536127056346,1.7958442517630622,0.4674709176269369,1.0,1.0,0.2,0.8,0.9,39,1771821.5187530012,315973828.46823466
3,23,1.8129221369757005,2.090167476525302,2.05308952845098,1.9314286531545575,1.7905720405416847,0.4471898359802012,1.0,1.0,0.2,0.8,0.9,40,1838998.640926893,335988852.7446185
3,24,1.8285857798240093,2.103345131835322,2.063880730712106,1.9347985053781693,1.809775555020444,0.5266508659779197,1.0,1.0,0.2,0.8,0.9,41,1906756.436114603,875509894.9260446
3,25,1.8238548713487899,2.083729511140697,2.0435741197075523,1.9178204090537219,1.8519005411391225,0.5149778181286584,1.0,1.0,0.2,0.8,0.9,42,4506379.165787157,825669999.2689853
3,26,1.8207540557158608,2.074764405592665,2.0366104141638224,1.9140593342715477,1.8237374143859064,0.5047059387027575,1.0,1.0,0.2,0.8,0.9,43,4439220.182825892,640006687.0395437
3,27,1.7960376376359708,2.0485224666714488,2.0125703071740695,1.9082095712852647,1.778050083483203,0.3830509042614473,1.0,1.0,0.2,0.8,0.9,49,4521619.878034683,627266302.7479509
3,28,1.7963932295029785,2.049639141307161,2.0182649274025577,1.929053912671359,1.782114901667593,0.3859155397828399,1.0,1.0,0.2,0.8,0.9,50,4993089.045204389,501858736.7606064
3,29,1.795155165636182,2.0479308567442844,2.0165351553888664,1.938682259140867,1.7767710925860238,0.3800579632285881,1.0,1.0,0.2,0.8,0.9,52,5649074.125905534,719521709.1016164
3,30,1.7707252403509723,2.017608603654072,1.9814009925199283,1.891872564077329,1.7637141169087842,0.2604253609904107,1.0,1.0,0.2,0.8,0.9,53,5832235.078985496,737599773.609838
3,31,1.7707950728910733,2.0187655714444364,1.9848792292104824,1.9028452602197903,1.7522528699035438,0.2608131986484576,1.0,1.0,0.2,0.8,0.9,55,5784989.473326346,738013278.1529044
3,32,1.7705802857834176,2.0182109951025096,1.9843093522834936,1.9136356761672064,1.752541791119079,0.2599733003347063,1.0,1.0,0.2,0.8,0.9,57,5811929.610000371,737743705.4459671
3,33,1.7703765444026853,2.0177554980663177,1.9838423880214884,1.9169527945280356,1.7522309556427265,0.2591277580881698,1.0,1.0,0.2,0.8,0.9,59,5839261.749762496,737494279.4544398
3,34,1.7703741642304829,2.018879001050928,1.9872888354191112,1.928161426646236,1.7518535542554785,0.2591277580881698,1.0,1.0,0.2,0.8,0.9,61,5840561.723640213,737496434.454628
3,35,1.7705066396743592,2.017688487498685,1.9837664669369732,1.935818536381313,1.7522717245653214,0.25991341692285375,1.0,1.0,0.2,0.8,0.9,63,5827821.422298988,737570771.3629183
3,36,1.8297347362767833,2.078975670833711,2.0496907765664165,2.0100403548839045,1.8119738070624507,0.556209893618862,1.0,1.0,0.2,0.8,0.9,64,5789959.6674533365,733909218.6408786
3,37,1.7561312721826998,2.0021212777769017,1.9726887456242013,1.9561137912958335,1.7415642803884754,0.19039687302357813,1.0,1.0,0.2,0.8,0.9,67,2960591.906099294,467511978.5593019
3,38,1.7613244048927212,2.0014473478153207,1.9740216988665287,2.001240577043263,1.74979794049595,0.220952826383254,1.0,1.0,0.2,0.8,0.9,71,5314942.688714679,375929576.1442006
3,39,1.7994486112208716,2.033161744959725,2.0054476403691153,2.052230359001358,1.803531579936311,0.4155927470509617,1.0,1.0,0.2,0.8,0.9,72,5429932.4591315575,397932495.3996589
3,40,1.7510303117508625,1.9795628819795414,1.9561618662530709,2.0083037626808147,1.7434836101638238,0.17797767372272616,1.0,1.0,0.2,0.8,0.9,75,3158565.069168309,387702139.02445954
3,41,1.750274064456407,1.9703584001349692,1.9465810829448698,2.0097514215928407,1.7491182168810853,0.1790098025447451,1.0,1.0,0.2,0.8,0.9,77,3191699.531580685,388774600.3878003
3,42,1.723458684119655,1.9392701631206593,1.922122996782719,2.0420568313021525,1.7158614668746575,0.04910353748117892,1.0,1.0,0.2,0.8,0.9,81,6985967.866381508,20593958.076686926
3,43,1.7367411835696447,1.949677589001602,1.932403388088598,2.0719438800149184,1.7278952656427196,0.1170204395056369,1.0,1.0,0.2,0.8,0.9,83,6929143.099076722,21202832.67507143
3,44,1.73810722282205,1.9392889031412612,1.9214976323366426,2.055643895788684,1.762540778122696,0.12973216457045245,1.0,1.0,0.2,0.8,0.9,84,7028331.898004639,21616563.35768592
3,45,1.7306705391932296,1.9122100669440552,1.893561811013202,2.036587447465849,1.780931090804522,0.10147550732801672,1.0,1.0,0.2,0.8,0.9,85,6934260.932981951,21409354.302059475
3,46,1.74503876253885,1.9280332575036057,1.913996829422325,2.119151319893928,1.7350994279784697,0.17367179826527662,1.0,1.0,0.2,0.8,0.9,92,7416397.934643682,23466788.571849648
3,47,1.7445620009700982,1.9230038201455297,1.9110442001086128,2.126133189476173,1.743468325809939,0.1736715391478228,1.0,1.0,0.2,0.8,0.9,94,7395109.936074058,22565422.289049502
3,48,1.850984273590175,2.026883470821069,2.0193629927167738,2.278132582745314,1.8426846823721266,0.7077409271518806,1.0,1.0,0.2,0.8,0.9,107,6968031.221206917,21158423.64344181
3,49,1.8515327390254726,2.0251103838677444,2.0129404812023464,2.2839102274417633,1.8421524666276614,0.7104971189105342,1.0,1.0,0.2,0.8,0.9,109,6884050.091954532,20999304.90302572
3,50,1.8505301391705626,2.0234015275671418,2.0112011181533633,2.294607213963243,1.8433118027094153,0.7057657692757872,1.0,1.0,0.2,0.8,0.9,110,7013516.523819386,21270534.404240426
3,51,1.8517517873057021,2.0244400979363797,2.0122317869394353,2.3039340425617447,1.842668735306166,0.711946745486083,1.0,1.0,0.2,0.8,0.9,112,7104902.995004529,21478145.53920057
3,52,1.8498922309365247,2.0243323986897748,2.016748910295764,2.3490852832303304,1.8409807898157493,0.702861252634731,1.0,1.0,0.2,0.8,0.9,116,6975397.525435843,20972621.377459485
3,53,1.8497447159724558,2.024317849262942,2.021288941949266,2.384100553176268,1.8471684251407892,0.7029713364210457,1.0,1.0,0.2,0.8,0.9,117,7542954.620006178,22355068.563241035
3,54,1.812380501691385,1.981036044329823,1.9754769629121958,2.3272595501477262,1.8111792825169526,0.5180636606568585,1.0,1.0,0.2,0.8,0.9,119,7265784.335372958,21791756.692169275
3,55,1.812381538131362,1.980999971472086,1.9754393675888275,2.3401104449404975,1.8036728365732926,0.5180828751592288,1.0,1.0,0.2,0.8,0.9,121,7264795.340139956,21788696.576469976
3,56,1.8166757228754125,1.9768413645840313,1.9754682240768093,2.3677461852662964,1.8166999573450013,0.5434358067849776,1.0,1.0,0.2,0.8,0.9,125,6849731.739771698,21247804.16544389
3,57,1.805300279937405,1.964951099958332,1.9658305447277487,2.2403204399613585,1.7991045160706722,0.48714703988396924,1.0,1.0,0.2,0.8,0.9,128,7007464.79776278,21486453.939936884
3,58,1.8171289673725495,1.972255319247215,1.9729412129614636,2.3893316913449336,1.8232703144507325,0.5478674136577676,1.0,1.0,0.2,0.8,0.9,129,6715245.891312384,20828292.711692948
3,59,1.8176930878006643,1.9724504013332966,1.9731204868192953,2.3939316547497054,1.8107212280929565,0.5508148858487395,1.0,1.0,0.2,0.8,0.9,131,6786820.768006779,20926731.03083052
3,60,1.8213798594477864,1.970434677889342,1.9663113897111004,2.391079819682974,1.819242518337137,0.570409308325608,1.0,1.0,0.2,0.8,0.9,133,6561337.928792587,20599118.66879942
3,61,1.8122797852537738,1.9643791120696572,1.9694860366009412,2.423120087014389,1.8097025895663719,0.5254212662361404,1.0,1.0,0.2,0.8,0.9,134,7153618.0159274405,21421045.056703206
3,62,1.8187948125334206,1.9650125055873437,1.9675934882364299,2.408201495491529,1.8262311779032223,0.5595578378351277,1.0,1.0,0.2,0.8,0.9,135,7191563.08038735,21779932.110277183
3,63,1.8164376285154404,1.9477162102978665,1.9519381634032382,2.4347498207997775,1.8346993213383356,0.5527487730392364,1.0,1.0,0.2,0.8,0.9,137,6565395.247761966,20675763.975362625
3,64,1.8208202077632416,1.9516090159282027,1.9580856902553498,2.461176659622798,1.8162526535611547,0.5751422828861916,1.0,1.0,0.2,0.8,0.9,141,6604512.451464143,20919128.088338457
3,65,1.8213029027567251,1.950740289814493,1.959435136790193,2.496516685044378,1.8193899937223144,0.578280763498382,1.0,1.0,0.2,0.8,0.9,143,6532944.493311595,20580629.01862945
3,66,1.8160579470760432,1.928168947163706,1.9384085740617016,2.477443227296524,1.8252058545601957,0.557114454691565,1.0,1.0,0.2,0.8,0.9,147,6778652.974923519,21028741.097613484
3,67,1.8159875313626515,1.9276126517164482,1.9378318646115207,2.490576821035008,1.812100962403624,0.5568884233743102,1.0,1.0,0.2,0.8,0.9,149,6751301.898544976,20911587.65666889
3,68,1.8164002921419282,1.9298651284352966,1.9447131532841069,2.5054199663375343,1.8124789022966357,0.5590678784917273,1.0,1.0,0.2,0.8,0.9,151,6830249.704259407,21033430.282314923
3,69,1.8140140984509938,1.9278991556452283,1.945040753176373,2.511465702269498,1.8101811102433616,0.5473231746719629,1.0,1.0,0.2,0.8,0.9,154,6800349.860622111,20947551.2610373
3,70,1.8197654882910206,1.928855865859108,1.9389683805996678,2.5373992246400796,1.816301997329401,0.5764302164441996,1.0,1.0,0.2,0.8,0.9,158,6627928.793472183,20896109.05946479
3,71,1.8186257467672955,1.9285968265624032,1.9410223603766497,2.5511565326909857,1.8145513599722771,0.5707987171368468,1.0,1.0,0.2,0.8,0.9,160,6359484.233556935,20245041.61503939
3,72,1.8193505194971547,1.9278187449133517,1.9401810740685472,2.5456848913877423,1.8194215443437167,0.5748035342132521,1.0,1.0,0.2,0.8,0.9,161,6624086.201225048,20849552.74722406
3,73,1.8204126285205984,1.9288865374934656,1.94352479324571,2.5837985742768446,1.8177716443043053,0.5804006934518997,1.0,1.0,0.2,0.8,0.9,163,6643686.146462931,20717787.024623264
3,74,1.8205479115838696,1.9297316463015375,1.9466756810614911,2.5847477866385917,1.816881996446486,0.5811859457443533,1.0,1.0,0.2,0.8,0.9,165,6671371.799593766,20693201.737353858
3,75,1.8205465670398238,1.9308467753508585,1.9501136267862167,2.5998493369446116,1.8162768659430046,0.5811859457443533,1.0,1.0,0.2,0.8,0.9,167,6670689.195124839,20691953.452533647
3,76,1.8208645764772324,1.9285080822333556,1.943111518488731,2.6111293775605775,1.817672519447306,0.5828684461251654,1.0,1.0,0.2,0.8,0.9,168,6696681.928944522,20806201.76868717
3,77,1.8173598031319935,1.9094767724729738,1.9279817921284246,2.377838853191636,1.86671670872113,0.5695810713322378,1.0,1.0,0.2,0.8,0.9,169,6522511.257174727,22632001.1774613
3,78,1.8169521711556884,1.908595403585672,1.927080507584364,2.4040315631521603,1.813764152047832,0.5676501204295145,1.0,1.0,0.2,0.8,0.9,175,6548711.701047847,22441119.6904458
3,79,1.8167932463905059,1.9083149886969806,1.9267951133680774,2.3766442379531902,1.8135572780353253,0.5668830694121418,1.0,1.0,0.2,0.8,0.9,177,6588706.951203576,22443302.09629571
3,80,1.8145685122396296,1.8796734506875903,1.9016055809651045,2.3822978207093497,1.85464995556166,0.561736450475253,1.0,1.0,0.2,0.8,0.9,179,6477898.828180262,22259098.6566348
3,81,1.8156038855988808,1.8822032210202049,1.908750301660926,2.6291436272850266,1.8145773532385867,0.5670650870398413,1.0,1.0,0.2,0.8,0.9,181,6543289.053656575,22610422.01527755
3,82,1.814520442085926,1.879389448440659,1.905864391540228,2.4309834561368735,1.8136658767000378,0.5619772697395853,1.0,1.0,0.2,0.8,0.9,185,6529340.8551161485,22180441.001893125
3,83,1.8157174286935298,1.8822860623501627,1.9156610045995088,2.708624764672938,1.814505769801784,0.5682887741009022,1.0,1.0,0.2,0.8,0.9,191,6514654.540278795,22485234.20452645
3,84,1.8152006723802026,1.8779475690563547,1.9111640516991097,2.706623973475533,1.8188922671086298,0.566414621149208,1.0,1.0,0.2,0.8,0.9,193,6507115.405381844,21986752.34135575
3,85,1.8151881072618963,1.8778900362596427,1.9111045018617765,2.7158691153818455,1.8133377763963372,0.5663600316978588,1.0,1.0,0.2,0.8,0.9,195,6506548.926693437,21985480.76758811
4,0,0.38357028040128494,0.8010347392705465,0.7657401488054347,0.48134753716861145,0.0,0.0,0.0,0.0,0.2,0.8,0.9,1,9249522.587518202,10470166.446925756
4,1,0.4036566425830331,0.821134018714241,0.7858389096552976,0.5054289135964571,0.020129942322729858,0.09977065917636438,9.197947214073e-05,9.34721484918e-05,0.2,0.8,0.9,3,9248829.492012972,10469567.537951373
4,2,2.025973566205238,2.4711134519422373,2.436879688064718,2.1672985671013896,1.730286883684908,0.00256052846287027,1.0,1.0,0.2,0.8,0.9,6,7346658.410221458,8728000.759367501
4,3,2.0259689103707523,2.4711102281534836,2.4368763192350533,2.1710990000999395,1.7005172771007024,0.0025555747661533098,1.0,1.0,0.2,0.8,0.9,7,7346589.8623919,8727851.294129644
4,4,2.218423712999083,2.666404329882807,2.6320025975880577,2.3727442295439136,1.911869384583146,1.0,1.0,1.0,0.2,0.8,0.9,8,7189380.271590744,7857806.566420243
4,5,1.7629311487119264,2.1361964177789066,2.0881075845119526,1.8272300000953878,2.680568750210856,0.06020063325336217,1.0,1.0,0.2,0.8,0.9,9,869665.4209389101,475621.4742036707
4,6,1.7600966386115422,2.1212172411301817,2.070197171401561,1.8208802457514743,1.7564072914909978,0.06698411481883301,1.0,1.0,0.2,0.8,0.9,10,1030939.8390541992,583663.6048685196
4,7,1.7560897866962701,2.109421904330333,2.057981069913498,1.8112852010956635,1.7420706559193948,0.060608305337564894,1.0,1.0,0.2,0.8,0.9,11,641312.9752232942,543214.5200942886
4,8,1.7563994545167048,2.110115466065053,2.060957804199972,1.8233100537920324,1.7140982129976123,0.06341038615568703,1.0,1.0,0.2,0.8,0.9,13,664184.8690329433,534958.5763122236
4,9,1.7563410237418935,2.1070729231802567,2.0554936152164913,1.819275741827982,1.7202207266348675,0.06618209342075597,1.0,1.0,0.2,0.8,0.9,14,624668.7297408686,590852.2047863348
4,10,1.7559900909604287,2.1058130002135798,2.0541854841989964,1.8199445227951645,1.7165802929928913,0.06590473371605907,1.0,1.0,0.2,0.8,0.9,15,641675.7074264757,730931.8083007919
4,11,1.7551026179356808,2.102548393819795,2.0530596640135435,1.8302632398519014,1.7262790911154948,0.06698273927771639,1.0,1.0,0.2,0.8,0.9,16,995351.7915103708,423364.3396884183
4,12,1.7520559898801977,2.0905252217271455,2.0405686832803216,1.817580593809948,1.746187055684807,0.0653546298406257,1.0,1.0,0.2,0.8,0.9,17,604084.9958004017,384206.36065725127
4,13,1.7523576571709898,2.091887731180575,2.0442508949018023,1.835020689598585,1.7136954454818558,0.06698231550798853,1.0,1.0,0.2,0.8,0.9,18,626134.4793974023,386184.57487535273
4,14,1.7516119743976497,2.0894781024837434,2.041755515832964,1.8261082744875954,1.7191899861196847,0.06565420484965707,1.0,1.0,0.2,0.8,0.9,19,641468.1561536037,358570.5609396918
4,15,1.751787482460767,2.0907190017926314,2.0453162189111165,1.8414577207299123,1.7134700002050849,0.06664313536491764,1.0,1.0,0.2,0.8,0.9,21,641604.1875964041,357156.3102602423
4,16,1.9320422214559367,2.2439792103099894,2.19268394186782,1.9895524969025082,1.922037460626604,1.0,1.0,1.0,0.2,0.8,0.9,25,1296916.54106053,2864354.9112952906
4,17,1.9317613901310122,2.243618851961385,2.1945873653607006,1.9969186827095546,1.9020996468418918,1.0,1.0,1.0,0.2,0.8,0.9,27,1324183.2403738634,2714738.598378218
4,18,1.9312091346837907,2.239589314300309,2.1881183651651623,2.0071216472911706,1.9083520654046953,1.0,1.0,1.0,0.2,0.8,0.9,28,1308925.8700558797,2171327.302256444
4,19,1.9306201319991927,2.2363195717011233,2.1847179338152496,2.0101457734437393,1.9090498733902113,1.0,1.0,1.0,0.2,0.8,0.9,29,1354101.7054837465,2698606.077308367
4,20,1.9292019566877707,2.2295749250881705,2.1799817291320642,1.998446812294402,1.9224183833512871,1.0,1.0,1.0,0.2,0.8,0.9,30,1016373.36310928,1186662.2108320736
4,21,1.9278160749193187,2.223772625326409,2.1785037459975998,2.0501152083889345,1.9114124814149425,1.0,1.0,1.0,0.2,0.8,0.9,32,1029763.6666654844,989008.6855939432
4,22,1.925680256492332,2.2083590017710875,2.157917390968572,1.992375780409263,1.918568092565736,1.0,1.0,1.0,0.2,0.8,0.9,34,932982.1978139146,1185679.38595114
4,23,1.925547300236416,2.2086506938503216,2.1604989863687267,2.001371035734585,1.9011983532754058,1.0,1.0,1.0,0.2,0.8,0.9,36,992047.7391924822,1065265.184057979
4,24,1.925486589639596,2.2082627015152636,2.1600955433457796,2.0043111010387196,1.900548868923567,1.0,1.0,1.0,0.2,0.8,0.9,38,991742.1668117996,1062499.9530110063
4,25,1.925078283726184,2.2056330067033354,2.157360739476698,2.0115827368064956,1.907440205368383,1.0,1.0,1.0,0.2,0.8,0.9,39,979683.6946491436,1074219.2354188857
4,26,1.9238497141014395,2.199791907708068,2.155842090997745,2.048250667780968,1.9057532680511575,1.0,1.0,1.0,0.2,0.8,0.9,43,1157484.238897198,1219153.5203664438
4,27,1.9237460922529674,2.199089055406143,2.155111066033088,2.047594192003034,1.9009927212100135,1.0,1.0,1.0,0.2,0.8,0.9,45,1139025.2326178777,1210122.6635571043
4,34,1.9201976756577062,2.176824994522051,2.138791064492086,2.108975083460809,1.9037602409925891,1.0,1.0,1.0,0.2,0.8,0.9,56,1128336.4627332536,1309513.1593292833
4,35,1.91999843947261,2.1752752582312294,2.1371793732293263,2.1148057651826373,1.9021904898187052,1.0,1.0,1.0,0.2,0.8,0.9,58,1015336.912476364,1058700.638582172
4,36,1.9199795666574158,2.1762714773994465,2.1404935393528466,2.1221212038250066,1.9004168207904835,1.0,1.0,1.0,0.2,0.8,0.9,59,1010098.1341079238,1065836.668482412
4,37,1.919977023116552,2.1773949803840567,2.143940343464018,2.1340830690238257,1.9000562545810054,1.0,1.0,1.0,0.2,0.8,0.9,60,1010029.1673844296,1065265.5102796976
4,38,1.9198530040105015,2.176426116071117,2.142932687142778,2.133061228558516,1.9013733989828605,1.0,1.0,1.0,0.2,0.8,0.9,62,996859.523000442,1093397.0169945203
4,42,1.9179345130524341,2.1607598788012434,2.126639974188208,2.237752336940156,1.9014626057480326,1.0,1.0,1.0,0.2,0.8,0.9,91,760551.6614037727,578099.0401222354
4,43,1.9179224363491878,2.1618004798264923,2.130000215811697,2.251290636191021,1.9001454177891364,1.0,1.0,1.0,0.2,0.8,0.9,93,759744.4102683875,578557.082069496
4,44,1.9179126187028896,2.162859782640553,2.1333800766803335,2.264802315732133,1.9002364622231163,1.0,1.0,1.0,0.2,0.8,0.9,94,759075.4602426051,578991.3718712548
4,45,1.9172379378715685,2.1581734493216413,2.130784391095027,2.2373576353590465,1.9032992193359584,1.0,1.0,1.0,0.2,0.8,0.9,99,943058.6039194106,535236.0380010982
4,46,1.9168566894063734,2.15480377776134,2.127280037198089,2.241479660454935,1.9095430673060907,1.0,1.0,1.0,0.2,0.8,0.9,100,775008.5744305059,585783.3947797142
4,47,1.916339130513716,2.1546996618325798,2.136284319484782,2.3286233297331016,1.9014694878092895,1.0,1.0,1.0,0.2,0.8,0.9,109,762309.5128446118,572652.8265408612
4,48,1.9163346337862102,2.154658629549664,2.1362416922157794,2.3367182960038533,1.9000581628384463,1.0,1.0,1.0,0.2,0.8,0.9,111,761941.4634659018,573046.7955504103
4,49,1.9163320967526136,2.1546354616620307,2.136217732955796,2.3489013076008742,1.9000327889820467,1.0,1.0,1.0,0.2,0.8,0.9,113,761654.1209632424,572984.5185372874
4,50,1.9160471430529094,2.1522483318423076,2.133735006660734,2.4507579594649407,1.9003138769657095,1.0,1.0,1.0,0.2,0.8,0.9,138,1119164.297362175,752521.1997431557
4,51,1.9142005754255211,2.1352495223367747,2.118334315385549,2.4463015069736,1.950027249414228,1.0,1.0,1.0,0.2,0.8,0.9,139,891964.2849570633,575838.1969096501
4,52,1.9122233281018066,2.1151950638442782,2.0997560792757817,2.442787015154656,1.9611034362008293,1.0,1.0,1.0,0.2,0.8,0.9,140,925535.2050866314,625321.5951057076
4,53,1.9115894559398399,2.107881547894025,2.092150114097801,2.4392457279622453,1.92060562524722,1.0,1.0,1.0,0.2,0.8,0.9,141,884802.2778972649,580326.2779065752
4,54,1.9113036539624981,2.1067789797476375,2.0955595227386756,2.4799760669025783,1.901615104397501,1.0,1.0,1.0,0.2,0.8,0.9,147,906258.6997839176,560493.8780951197
4,55,1.9112418598719882,2.1048945651764317,2.0913217657867595,2.420096244362313,1.9001904537954069,1.0,1.0,1.0,0.2,0.8,0.9,154,906034.5641668704,560722.641220186
4,56,1.9112298824729068,2.104750812620637,2.0911723622623466,2.415794556939999,1.9005317390102285,1.0,1.0,1.0,0.2,0.8,0.9,155,906023.5395680588,560721.4294578605
4,57,1.9111136552500954,2.103348736722079,2.0897141767298035,2.4973078545657437,1.9007130419135883,1.0,1.0,1.0,0.2,0.8,0.9,161,926067.7540230484,577214.0663932166
4,58,1.9111081207033198,2.1032817452397667,2.0896446175879166,2.5179857926766815,1.9000643882098909,1.0,1.0,1.0,0.2,0.8,0.9,164,925709.9771071516,576906.5068298186
4,59,1.9110984372247901,2.1054511527419755,2.0964568951212823,2.5280677999484413,1.9003385532384405,1.0,1.0,1.0,0.2,0.8,0.9,165,926533.6368987611,577093.252946006
4,60,1.9110458016215723,2.103669179312472,2.0923253199021965,2.528702933789257,1.9016947875441659,1.0,1.0,1.0,0.2,0.8,0.9,166,930277.0433764622,577206.037754618
4,61,1.9105856463313113,2.0991369264028785,2.089890155413553,2.6228003994425384,1.9011130253647042,1.0,1.0,1.0,0.2,0.8,0.9,180,852674.4390850451,565880.7840228655
4,62,1.9100234743514681,2.091972745631946,2.0824395984380466,2.627907375157425,1.9101389519160912,1.0,1.0,1.0,0.2,0.8,0.9,182,793154.240765696,596164.7633529007
4,63,1.9100192226978887,2.0919174776590386,2.082381929747764,2.636299387260274,1.9000780496925347,1.0,1.0,1.0,0.2,0.8,0.9,184,792878.7374097301,595984.0312249368
4,64,1.9100178590976316,2.0930429345618826,2.0858307552357083,2.65270379147526,1.9000250708314343,1.0,1.0,1.0,0.2,0.8,0.9,186,792995.7355899884,596119.433809206
4,65,1.9100160112355367,2.094162250578848,2.0892726842617213,2.677605437773426,1.9000339482362638,1.0,1.0,1.0,0.2,0.8,0.9,188,792696.796394374,595924.4986433833
4,66,1.9097342355733296,2.0950434677024297,2.0993018045722236,2.723723812036236,1.9052279033863133,1.0,1.0,1.0,0.2,0.8,0.9,190,851083.9927874566,483290.38187204144
4,67,1.9097087281942668,2.0947048815855767,2.09894966884795,2.7320926942079398,1.9004874543761083,1.0,1.0,1.0,0.2,0.8,0.9,192,852348.6081619255,474541.7873902503
4,68,1.9097047233016138,2.095794888829031,2.1023614555791457,2.749490369306357,1.900075170654214,1.0,1.0,1.0,0.2,0.8,0.9,194,852131.826541555,474522.9463342568
5,0,0.3641016393764446,0.7910144883037059,0.7553191786622993,0.4707565959821204,0.0,0.0,0.0,0.0,0.2,0.8,0.9,1,11299624.261155527,10473763.189103974
5,1,0.3866713863089868,0.813592138417905,0.7778965277440322,0.49731654744016013,0.022599612775315133,0.11208859127009815,8.815249266859e-05,0.00010957910540287999,0.2,0.8,0.9,3,11300475.226024557,10478987.067031106
5,2,0.3774731758988334,0.8043944133170635,0.7686988026431907,0.49083700919184514,0.01338969932820448,0.06681834176885385,1.2369900074269999e-05,1.730229816152e-05,0.2,0.8,0.9,4,11300534.718017818,10478972.054522725
5,3,2.0828431530457245,2.5104774278281385,2.474749645843708,2.1998987622319133,1.7225432551885624,0.10137047361381155,1.0,1.0,0.2,0.8,0.9,5,11120354.377040625,10472331.0529811
5,4,2.090724527926923,2.526017711935467,2.4899290791752975,2.2168852852515113,1.7704601244577995,0.22418647052004564,1.0,1.0,0.2,0.8,0.9,6,10728114.415992668,10051975.63677025
5,5,2.049288467906137,2.4934114972916754,2.459235699862101,2.1873269451245423,1.7503460321519828,0.10680590552917639,1.0,1.0,0.2,0.8,0.9,7,10312508.675398808,9445062.182751084
5,6,1.954809868387267,2.427279762306345,2.388164037245882,2.119472775329808,1.906915233250452,0.10895393644990584,1.0,1.0,0.2,0.8,0.9,8,4602260.630616036,5862394.770949464
5,7,1.9500151171461209,2.4260947617593684,2.3860978514213707,2.1232653174641727,1.774082856351742,0.21319642637735997,1.0,1.0,0.2,0.8,0.9,10,6127105.52376134,5914712.113650117
5,8,1.9856301962048013,2.417254633228613,2.370611054469624,2.1072751252970536,2.3698000544118574,1.0,1.0,1.0,0.2,0.8,0.9,11,1724046.767047501,1828919.846380881
5,9,1.8676478776822756,2.2500632606269773,2.2024941294253884,1.9403187802375865,2.042875628550316,0.5645489226832806,1.0,1.0,0.2,0.8,0.9,12,1163773.9216367786,978275.21454248
5,10,1.8596391258151193,2.2426343724725144,2.19735713337852,1.950877670853719,1.8062525896774195,0.5257059687031751,1.0,1.0,0.2,0.8,0.9,14,1102699.6347820738,884037.2649377491
5,11,1.9517839645849602,2.3273085195021976,2.2793457148209546,2.0352362515602005,1.9257593705624063,1.0,1.0,1.0,0.2,0.8,0.9,15,1147644.0150435558,929965.310268675
5,12,1.944315728689551,2.3009177833076766,2.2541777904318607,2.0024025240401806,1.9778023123374586,1.0,1.0,1.0,0.2,0.8,0.9,16,959090.5691615152,630487.7957261289
5,13,1.763720829853986,2.115232106731265,2.0659578968371646,1.8268464129240627,1.7281498209609916,0.10358098476021935,1.0,1.0,0.2,0.8,0.9,18,951690.5339602547,574314.6482088426
5,14,1.9413171705287935,2.288721983952749,2.2414942457051246,2.0144473440508524,1.909872109684506,1.0,1.0,1.0,0.2,0.8,0.9,20,911146.8256038204,1073816.5938797134
5,15,1.7613552948682085,2.106546102146728,2.0592032759390935,1.8388737721077644,1.7227034729660113,0.10352236401112976,1.0,1.0,0.2,0.8,0.9,24,1064684.047852059,573677.5465168293
5,16,1.7607059964072307,2.10489475766239,2.0597639062869115,1.847139487461532,1.7246563492121134,0.1035223417844108,1.0,1.0,0.2,0.8,0.9,26,1028372.3734768472,553760.7215911245
5,17,1.759843143920218,2.0999762420668446,2.052370478341156,1.8409351831434355,1.7260460111105376,0.10352261609465263,1.0,1.0,0.2,0.8,0.9,28,931733.0549446708,522171.1581774916
5,18,1.7478356077272719,2.088909727269482,2.0458821115121855,1.8516645495450113,1.7103172262056106,0.04544199567715984,1.0,1.0,0.2,0.8,0.9,32,1021087.458814429,614960.0716422078
5,19,1.7476451853677086,2.0884263126717824,2.0453837386840337,1.8577046469089553,1.710051300511291,0.04491324509633663,1.0,1.0,0.2,0.8,0.9,33,1016269.6597568812,610507.0450815154
5,20,1.747668527709247,2.0895752215896533,2.048855630392697,1.870001525484881,1.7090325936958188,0.04505562697733515,1.0,1.0,0.2,0.8,0.9,36,1017040.1840201668,621924.7364250445
5,21,1.7433791944937735,2.078121946311928,2.037035622741052,1.8490127833692012,1.7326993045917984,0.0336449202313798,1.0,1.0,0.2,0.8,0.9,37,1000555.8045248712,504217.6747086102
5,22,1.745299048415803,2.078796828581733,2.0376472923455258,1.8658844167499717,1.7104747150928001,0.0449243264932401,1.0,1.0,0.2,0.8,0.9,40,973910.4553346392,468120.60561600473
5,23,1.7452163075931253,2.081838826201575,2.04764537638391,1.8873887494167199,1.7095273501702648,0.04491747851642066,1.0,1.0,0.2,0.8,0.9,42,969434.3250470258,470546.610736769
5,24,1.744965554381429,2.078962517260982,2.040104253764135,1.8849794814132328,1.710034264198075,0.04411566554047922,1.0,1.0,0.2,0.8,0.9,43,969971.4257570804,445734.47605736647
5,25,1.7451835505721829,2.078317893268792,2.039415843250299,1.8876993389448802,1.712374772854116,0.04635932966737846,1.0,1.0,0.2,0.8,0.9,44,978240.702846472,446086.6388348324
5,26,1.7450639212801993,2.077041119847205,2.0380806311709962,1.8966095185616512,1.7135935384589764,0.04728869937852216,1.0,1.0,0.2,0.8,0.9,45,956228.629106187,435536.6460571598
5,27,1.744360565321918,2.074992419328756,2.0359642441852546,1.8910363669797638,1.7138990576574513,0.04552799323405237,1.0,1.0,0.2,0.8,0.9,46,961722.4613391708,421892.81568671257
5,28,1.7447396865181652,2.0749432023140324,2.0358933584185785,1.9012273748136521,1.7111226031933908,0.047979710979380606,1.0,1.0,0.2,0.8,0.9,47,921698.5726739796,413252.45647848863
5,29,1.7448089458784088,2.074733884825365,2.0356698719542567,1.9044232132488097,1.710731893014235,0.04868746297909476,1.0,1.0,0.2,0.8,0.9,48,927759.0573838126,415649.9787817371
5,30,1.7424374955513167,2.071842809933086,2.035019213564209,1.9004391500261062,1.7107524267934457,0.03896754892363856,1.0,1.0,0.2,0.8,0.9,50,940303.4635513864,392172.4853601088
5,31,1.7424603572142867,2.0729869790732236,2.0384858970565443,1.9109493079040205,1.707858857948703,0.039108562410076694,1.0,1.0,0.2,0.8,0.9,52,911732.0864268612,414680.7212033008
5,32,1.739664259150997,2.0569168143928853,2.0217560292363634,1.9010763109391693,1.755090788108887,0.04125774947580471,1.0,1.0,0.2,0.8,0.9,53,925505.4925447868,687901.7316649865
5,33,2.701405301389196,2.701405301389196,2.701405301389196,2.701405301389196,1.702488524785545,0.0070265069459800695,1.0,1.0,0.2,0.8,0.9,82,26939830.57002155,31385566.23661451
5,34,1.747207712506422,2.0972352422777303,2.0750537924891406,2.0887577681152125,1.717420442525063,0.04424107868271214,1.0,1.0,0.2,0.8,0.9,84,1027777.4979044396,712074.3699895972
5,35,1.7481428451168086,2.1020557061888443,2.0823395018307176,2.1044407664724125,1.7655590080625783,0.04493406213782816,1.0,1.0,0.2,0.8,0.9,85,1040217.72380772,781841.030475692
5,36,1.7476737441375452,2.0989622847239064,2.076845831894153,2.086350385838066,1.7130233534364185,0.04474240843619086,1.0,1.0,0.2,0.8,0.9,86,1029532.0746294784,764292.551122283
5,37,1.7477104866827171,2.0991500051382586,2.0770413733649358,2.1059997135265798,1.7095613731372428,0.04470823835854516,1.0,1.0,0.2,0.8,0.9,88,1028852.3195242048,771854.16567588
5,38,1.7273776225385566,1.9965884823591846,1.968214805790482,1.9982446342549944,1.7749856857274344,0.030343770327358,1.0,1.0,0.2,0.8,0.9,89,1379647.5913779046,483628.8982185169
5,39,1.7273680650761685,1.996526491615945,1.9681503671189948,2.005860156272844,1.7061526972169454,0.030336673937446112,1.0,1.0,0.2,0.8,0.9,91,1379548.3510435196,483372.7082014017
5,40,1.726935389071182,1.9942956583050475,1.9681080024951947,1.998450833998492,1.7108360389448998,0.030420328540823348,1.0,1.0,0.2,0.8,0.9,93,1337851.0542238846,467339.4300426153
5,41,1.726451338790207,1.990301187657992,1.9639536383089333,2.0074348493338143,1.7095863210085391,0.03044074580807939,1.0,1.0,0.2,0.8,0.9,96,1181748.7832290488,472544.41596951504
5,42,1.7213154615855348,1.964880401848779,1.9444248581913568,2.005867306435331,1.7233317758085311,0.02115389931087273,1.0,1.0,0.2,0.8,0.9,100,2848888.5183174494,371223.2464889272
5,43,1.7195471641527136,1.9477234386071145,1.9288506109937638,1.998975535707105,1.730663910611803,0.02232681845549006,1.0,1.0,0.2,0.8,0.9,102,3313432.4217959656,433259.063810141
5,44,1.7339201633988188,1.9492139813051725,1.9274974295304488,2.0293055428811786,1.7272499131805363,0.10047508496744603,1.0,1.0,0.2,0.8,0.9,107,213379495.65068293,4911096.844309494
5,45,1.7339153687605133,1.9491650426766967,1.927446566629473,2.0414613274139612,1.7201638482486143,0.10047463160432843,1.0,1.0,0.2,0.8,0.9,109,213381727.94189692,4910359.286419219
5,46,1.7339487712628074,1.947845862112179,1.9260675446729358,2.0400553646567574,1.724503734053323,0.10135944430659902,1.0,1.0,0.2,0.8,0.9,110,4560285.919750474,4814553.718982644
5,47,1.7306897831571613,1.939016069692689,1.9147182468234885,2.039329958887336,1.7243582493310448,0.08737339712019626,1.0,1.0,0.2,0.8,0.9,112,211999511.09578905,5016652.109714231
5,48,1.7320873664418701,1.9377738507150295,1.9156332072452882,2.0457368716816706,1.7251612194567725,0.09628702501974848,1.0,1.0,0.2,0.8,0.9,114,200963423.0207624,4456896.96783737
5,49,1.7320823198126152,1.9388636910250066,1.9190450053997807,2.0660261835533253,1.719318004222514,0.0962861903523646,1.0,1.0,0.2,0.8,0.9,116,200965529.9734408,4456194.375150937
5,50,1.7314106844432775,1.9365737181482903,1.9166838094938834,2.0636348393246053,1.7212768952341513,0.09373781918100968,1.0,1.0,0.2,0.8,0.9,118,8998788.18834362,4376751.2187287
5,51,1.7314103934381795,1.937713689872302,1.9201473196895593,2.0768906035309547,1.718752195312005,0.09373781918100964,1.0,1.0,0.2,0.8,0.9,120,8998871.536763476,4376418.957727539
5,52,1.71871153609565,1.9210147205056551,1.9078196868837254,2.09042967199642,1.7106883189377893,0.03339690342191298,1.0,1.0,0.2,0.8,0.9,125,953011.7828557572,562854.5130285934
5,53,1.7157462219841073,1.8928463294309803,1.8808285506943352,2.073039458452069,1.7868517570669349,0.030166617964758356,1.0,1.0,0.2,0.8,0.9,126,1219736.1146988403,692166.9292072417
5,54,1.7157447716581025,1.8939698324155905,1.884274998091958,2.094950373194724,1.7060701665487366,0.030166617964758356,1.0,1.0,0.2,0.8,0.9,128,1219663.0723991988,692205.7430509464
5,55,1.7157367113687783,1.8938275597968124,1.8841270795664786,2.0989866389847096,1.7064058304626357,0.03017820461748716,1.0,1.0,0.2,0.8,0.9,129,1219640.0703780083,692890.598106565
5,56,1.7145130935433102,1.8905469818380505,1.8807577404471223,2.0997519906420092,1.7111335123144484,0.02487357039339127,1.0,1.0,0.2,0.8,0.9,130,1171977.6283070804,724550.8703852851
5,57,1.7145098695060457,1.891646758672675,1.8841796935144395,2.1133995584336622,1.7050359814848228,0.02487357039339127,1.0,1.0,0.2,0.8,0.9,132,1171720.5054168308,724836.9687904357
5,58,1.7137480879604152,1.884189557528432,1.8787078214915631,2.1723784595977533,1.7063435114071648,0.024174683605782902,1.0,1.0,0.2,0.8,0.9,148,911197.4480009908,650213.4939795779
5,59,1.7135782201596017,1.877578823738564,1.8718202190170188,2.16534942158371,1.7245531729198151,0.025724906582434308,1.0,1.0,0.2,0.8,0.9,149,1095945.749175704,651160.7368509659
5,60,1.7158518173313273,1.875085274327771,1.869122161912796,2.19391812711832,1.7101803746897155,0.03883534486877911,1.0,1.0,0.2,0.8,0.9,155,1195450.0327969205,622922.2560402855
5,61,1.7158452839391263,1.8761303414518404,1.8724872786214424,2.208511630959741,1.707904960723953,0.03883534486877911,1.0,1.0,0.2,0.8,0.9,157,1195053.476824573,623322.3200260497
5,62,1.7157819877124123,1.8745222271463842,1.8685379746971207,2.19932892476714,1.7089658699999593,0.03866348120141264,1.0,1.0,0.2,0.8,0.9,158,1323045.3982219535,672412.4573442235
5,63,1.7156927348841142,1.8740022675745769,1.8679993854158954,2.2598017668783745,1.7078009946644355,0.038390241696841645,1.0,1.0,0.2,0.8,0.9,170,1222282.779773696,685601.2704509251
5,64,1.7169399033640573,1.8761137070125504,1.8724229387126043,2.2718227909398343,1.709806078064813,0.044731162468687594,1.0,1.0,0.2,0.8,0.9,171,1146514.747930815,638075.1510025932
5,65,1.715292350311913,1.8706730563418006,1.8668198951284238,2.255769155848858,1.7189059666054607,0.03781376735258754,1.0,1.0,0.2,0.8,0.9,172,872835.7785612871,658387.2071485516
5,66,1.715290634279257,1.8706358586018577,1.8667810640246143,2.264252561736639,1.7076173218445954,0.037817587852758364,1.0,1.0,0.2,0.8,0.9,174,872565.8469498357,658290.5610446032
5,67,1.7152130063885747,1.8744413345739428,1.8798527354747425,2.319388758422637,1.7077455972223738,0.03767144721309202,1.0,1.0,0.2,0.8,0.9,184,3030297.213419244,651524.7719128649
5,68,1.715207656839028,1.8755009165191798,1.8832328341524107,2.3344172250921877,1.7076481016678613,0.03767144721309203,1.0,1.0,0.2,0.8,0.9,186,3030324.0068709045,651760.8485874984
5,69,1.7151264613478814,1.8732477850075828,1.8786117430935205,2.335448884321432,1.7090802347208833,0.03762128031886639,1.0,1.0,0.2,0.8,0.9,188,1102344.215008909,649751.0317829702
5,70,1.7150937201642291,1.8729523329665092,1.8783050675243937,2.3437982881889283,1.7079028964838443,0.037548049930290636,1.0,1.0,0.2,0.8,0.9,190,3114965.4513946804,644640.8840480138
5,71,1.7153313381631408,1.870640048760941,1.8736085433335117,2.3572636696899236,1.7123023605991232,0.039242568464967084,1.0,1.0,0.2,0.8,0.9,191,2223932.1452975967,623137.4804521139
5,72,1.7152347958343248,1.868852893984636,1.8740242968809246,2.3713458991538237,1.709650600326222,0.03971909784829974,1.0,1.0,0.2,0.8,0.9,196,1486266.746667414,639922.7280307314
6,0,0.35720224158689207,0.787336097662416,0.751493663667518,0.4668687229576161,0.0,0.0,0.0,0.0,0.2,0.8,0.9,1,12030066.817620032,10482394.81051583
6,1,0.37627871359049087,0.8064243377432879,0.7705813720863615,0.4899389972153285,0.01912125131627895,0.09472063645200599,9.448680351903e-05,9.133419477130999e-05,0.2,0.8,0.9,3,12029452.951528348,10481919.066357486
6,2,2.0803197892790988,2.5127930340179683,2.47921802886075,2.2146173890836187,1.727031728166177,0.1285952026504939,1.0,1.0,0.2,0.8,0.9,6,11955096.782928286,10424169.30329898
6,3,2.0724800782102064,2.50720405565916,2.475900284908853,2.219475556332427,1.7221753857798383,0.10153515668532624,1.0,1.0,0.2,0.8,0.9,8,11883751.241204552,10333475.224225247
6,4,2.067697974191654,2.5056521990741207,2.4765704233809704,2.226593440855621,1.7237561650431452,0.10078067062939208,1.0,1.0,0.2,0.8,0.9,10,11702051.24160397,10297246.963437958
6,5,2.0498106187619283,2.4945846324663807,2.462760281398964,2.2265850521992907,1.7503230006670152,0.10350072660534551,1.0,1.0,0.2,0.8,0.9,11,11404679.344298998,9647151.041221555
6,6,2.049805570060905,2.4945818278607104,2.4627576471437873,2.221380502751964,1.7207061357915703,0.10349647316816371,1.0,1.0,0.2,0.8,0.9,12,11404589.734896813,9646766.954123372
6,7,1.8305952706887232,2.2854968011303036,2.240830160049408,1.9876438248752373,2.2986654307644216,0.09402901764718144,1.0,1.0,0.2,0.8,0.9,13,5355914.771281122,3307688.986090077
6,8,1.8194662003474655,2.266090611610345,2.2228749353255477,1.9731771298026985,1.7510573404449472,0.1004091925873695,1.0,1.0,0.2,0.8,0.9,15,4984013.529729663,2827352.030348102
6,9,1.809403203676099,2.2488229003636175,2.207248689936907,1.9743513342301107,1.7427894656472491,0.09367745217879472,1.0,1.0,0.2,0.8,0.9,17,4920509.704216859,2658363.5387594216
6,10,1.8080281100577151,2.2460444686721486,2.2043609350966453,1.9714134893528068,1.7212722476338802,0.09346411701606319,1.0,1.0,0.2,0.8,0.9,20,4747813.075524458,2633786.654491263
6,11,1.8067353393021803,2.244759730246026,2.2053126870453834,1.995689485604189,1.7246464637487686,0.0922657605057982,1.0,1.0,0.2,0.8,0.9,21,4739186.45401993,2591651.6504574064
6,12,1.7921231976424532,2.1410668256808916,2.100712353741655,1.9058273150967988,2.144442118416093,0.2568645348613197,1.0,1.0,0.2,0.8,0.9,22,3013999.7591232546,1047406.976176273
6,13,1.7755435957766244,2.070714110896444,2.027676481613838,1.8290016593992937,1.937978740230073,0.24056499558484487,1.0,1.0,0.2,0.8,0.9,23,2916391.950407413,610371.6486798752
6,14,1.8241329417613497,2.113233550417103,2.067636440640854,1.8756035483305837,1.8143420981315694,0.4883383040255474,1.0,1.0,0.2,0.8,0.9,24,2806519.436070534,620967.1167248434
6,15,1.8307841743596909,2.10140475266923,2.054935350002215,1.848509692383045,1.869367259881209,0.5382424919315565,1.0,1.0,0.2,0.8,0.9,25,2800557.507294539,501509.190511717
6,16,1.8311798766103085,2.102593946062958,2.0584321610874983,1.8719841926350858,1.8086802026053905,0.5405150926200781,1.0,1.0,0.2,0.8,0.9,27,2807057.5095550604,486109.3122005635
6,17,1.8243746491087673,2.0880373316608107,2.0435148046902953,1.8699009400792947,1.828108192459166,0.512838223043645,1.0,1.0,0.2,0.8,0.9,28,2668590.042994956,559730.2743708115
6,18,1.823889674424491,2.0821458431498074,2.037373168094619,1.870503484782056,1.81178377544032,0.514646263546064,1.0,1.0,0.2,0.8,0.9,30,2572055.694695564,603351.4799697356
6,19,1.818247487561816,2.074410668472711,2.0295413981323,1.8729094037793907,1.8045042004796108,0.4880470005032277,1.0,1.0,0.2,0.8,0.9,31,2443027.010193568,820664.5726656886
6,20,1.8260409167561162,2.0817040461994893,2.0368118334011713,1.8801684409790198,1.8070873999736508,0.5273875445971353,1.0,1.0,0.2,0.8,0.9,32,2775895.375399448,597600.0098926909
6,21,1.8260265455676388,2.081623490929513,2.036728171630122,1.8903548309460918,1.8055812648878513,0.5273657823029043,1.0,1.0,0.2,0.8,0.9,34,2775261.617267832,597296.6269986383
6,22,1.796411847499083,2.047189949477237,2.008888063397031,1.9041581760242305,1.7804023274867546,0.38532609855553535,1.0,1.0,0.2,0.8,0.9,42,2566231.136137378,362800.2559808616
6,23,1.7963933850759308,2.0471255565803896,2.0088216294407206,1.9145693261853007,1.777127480158498,0.3852665173770215,1.0,1.0,0.2,0.8,0.9,44,2565394.066248626,362270.0612643054
6,24,1.7952777020709854,2.046488246559933,2.0150211147378014,1.9297755791616127,1.781118975046736,0.38177152732492436,1.0,1.0,0.2,0.8,0.9,46,2549784.3515252857,351419.5848138708
6,25,1.7913094062235824,2.034239686460512,2.0023963750236318,1.93539293078913,1.7868391973985154,0.3675693083138854,1.0,1.0,0.2,0.8,0.9,48,2734172.816144768,296505.4502999504
6,26,1.791227729334861,2.0287877909249916,1.9967016912007427,1.9373724326224777,1.7912737202284368,0.3706472025325201,1.0,1.0,0.2,0.8,0.9,49,2520346.692451312,401424.2894949783
6,27,1.7917650112684542,2.029008075732029,1.9969077518149727,1.9413116425065997,1.7757357820733661,0.37353925306367597,1.0,1.0,0.2,0.8,0.9,50,2684939.681010774,401146.383719675
6,28,1.7905917431280276,2.0278166443177446,2.0002603820830447,1.9568134456495119,1.781157957803655,0.3691284827089595,1.0,1.0,0.2,0.8,0.9,51,2624310.492533496,454918.8213028515
6,29,1.7905873055462642,2.0277911312999475,2.0002338036236376,1.9643646775641583,1.7738576004981255,0.3691195483699024,1.0,1.0,0.2,0.8,0.9,53,2624029.0593589908,455096.42642473866
6,30,1.784841501399757,2.028621316319377,2.014994510404771,2.0908562366811836,1.7681476905256406,0.340573047475192,1.0,1.0,0.2,0.8,0.9,81,2577272.9824312204,424525.85471431975
6,31,1.730207816701503,1.9657115863474703,1.9403501786329427,2.0088230092689643,1.7151528080071459,0.06899245523949815,1.0,1.0,0.2,0.8,0.9,87,2049822.0534317696,1061043.5165088463
6,32,1.730201154187775,1.9656504566198603,1.9402866241691155,2.0087581165098536,1.7138843365311909,0.06899245523949817,1.0,1.0,0.2,0.8,0.9,89,2049750.258783175,1059747.5305542997
6,33,1.7328422740817442,1.9675647918188481,1.9512588386391205,2.122936287070163,1.7189495698516049,0.08540842767732852,1.0,1.0,0.2,0.8,0.9,98,964513.4568302864,1927372.205194655
6,34,1.7300141506409568,1.96202618800273,1.943326580085912,2.09285658268944,1.7152691716144908,0.07219952533497925,1.0,1.0,0.2,0.8,0.9,104,2009816.145637825,1052593.248073008
6,35,1.7282707774624773,1.9621002408312966,1.9480271166712977,2.1723503637934165,1.7142290590319837,0.06375761824200123,1.0,1.0,0.2,0.8,0.9,105,951667.4845222046,1891212.1120452888
6,36,1.7331691093481463,1.9639123266607728,1.9474284856132162,2.174679350250887,1.7199236774674,0.08938448270282454,1.0,1.0,0.2,0.8,0.9,108,1011897.5242940478,1924069.2564372744
6,37,1.7331624273361665,1.9633198841570398,1.946809991206139,2.1740501340403666,1.7197903179878313,0.08969089625864082,1.0,1.0,0.2,0.8,0.9,109,1012837.386075667,1959096.8647745
6,38,1.733153098225291,1.9632382311450223,1.9467250010634847,2.1867480444290543,1.718051035161277,0.08968597574830751,1.0,1.0,0.2,0.8,0.9,111,1012437.7280976695,1958865.2566818064
6,39,1.7293864219643846,1.9604036766812434,1.9575683854166868,2.252114260699007,1.7170371452743136,0.07437853519775042,1.0,1.0,0.2,0.8,0.9,120,2380401.072270751,1104240.810274321
6,40,1.7289609832113668,1.9569235944938868,1.953953136441537,2.2353402750927165,1.7170637166845395,0.07386835173891972,1.0,1.0,0.2,0.8,0.9,124,2360398.6336361016,1098503.9525321585
6,41,1.7279782501612024,1.9504505124636764,1.9381447710224284,2.183842152335416,1.7163083057506838,0.06937698085325011,1.0,1.0,0.2,0.8,0.9,125,2244424.6935244845,1099781.999968948
6,42,1.7279584470621843,1.9502045637460097,1.9378887607576165,2.183580614798927,1.7142257230418636,0.06939774493474465,1.0,1.0,0.2,0.8,0.9,127,2247928.7573015764,1093956.139675934
6,43,1.728649033718045,1.9527423878423025,1.9473281739278558,2.2262662824698785,1.716422265736594,0.07370595184778035,1.0,1.0,0.2,0.8,0.9,130,2243306.411832728,1099300.6984741725
6,44,1.7285664778474739,1.9508975201242782,1.9431318345380912,2.1935939938556146,1.7167071411794121,0.07363153321679522,1.0,1.0,0.2,0.8,0.9,131,2241246.592977509,1117885.5426603204
6,45,1.7285633568172099,1.9497179875215962,1.9396268842845652,2.18510491941832,1.7147775491334734,0.0736333076144976,1.0,1.0,0.2,0.8,0.9,133,2241338.396574578,1117361.611277931
6,46,1.7290992491648858,1.9417085020814082,1.9403345845766222,2.304751738533379,1.757531789500759,0.08302280304816632,1.0,1.0,0.2,0.8,0.9,134,1558035.6157117328,588169.7825825578
6,47,1.728840229156738,1.9379666021327537,1.9364398911757443,2.305054814019627,1.7202910726951597,0.08342541494619779,1.0,1.0,0.2,0.8,0.9,137,1527529.1480735885,628743.271858328
6,48,1.728828113508348,1.937840410574461,1.9363085499393633,2.317705656426341,1.7168016596992082,0.08341971098964988,1.0,1.0,0.2,0.8,0.9,140,1526953.480923872,628367.7174702629
6,49,1.7282176579598434,1.9360947914761475,1.939060693559337,2.3710301768265674,1.7190596570634349,0.08200345666127642,1.0,1.0,0.2,0.8,0.9,144,1514801.5298025992,618655.7054538103
6,50,1.7311668058991536,1.9413689131208236,1.9512583167276731,2.388050081849458,1.719703173170279,0.09726743537965335,1.0,1.0,0.2,0.8,0.9,157,2259975.20761163,1345543.0988874063
6,51,1.7310505011951007,1.9408217111977426,1.950692300849672,2.392733998323962,1.720749988221458,0.09688589723634462,1.0,1.0,0.2,0.8,0.9,158,2257768.505858981,1368519.9769024334
6,52,1.7312391639668714,1.9396963205192934,1.947235502141515,2.372112716112922,1.719813803931053,0.0979078484635798,1.0,1.0,0.2,0.8,0.9,160,2262451.265872415,1331917.2880411008
6,53,1.7313132765821782,1.9401285221142293,1.9499572908391563,2.367866422715574,1.7221487671745401,0.09864389178324487,1.0,1.0,0.2,0.8,0.9,161,2277148.5753549235,1359412.4607101325
6,54,1.7310047039320713,1.9396055994059713,1.9494250064787226,2.3959918936226474,1.719809453722438,0.09720302483830012,1.0,1.0,0.2,0.8,0.9,163,2258359.809497466,1368132.3781694465
6,55,1.731050992523799,1.9391160759308868,1.9489120894104373,2.4006356106194673,1.7211725586127928,0.09768209784638829,1.0,1.0,0.2,0.8,0.9,164,2254036.519803684,1391820.0109538094
6,56,1.7339334792461973,1.941918411365796,1.956258671600017,2.4731023228295395,1.7233629296033448,0.11318014853473637,1.0,1.0,0.2,0.8,0.9,174,2266094.23411421,1334212.662376243
7,0,0.321108442175511,0.7668724328654629,0.7302115983150993,0.4452396497051896,0.0,0.0,0.0,0.0,0.2,0.8,0.9,1,15862546.532644512,10511412.12395759
7,1,0.7829262868412845,1.2301393207797708,1.1957839679758255,0.930853111012902,0.4630084083562337,0.14017198879827888,0.2420423987401707,0.26767834756992703,0.2,0.8,0.9,4,15849562.791121624,10520409.18010771
7,2,0.9410888706610541,1.3884672924310357,1.354102004990742,1.089166219198085,0.6215058661385041,0.1403087979819624,0.3303544763021461,0.3653440091040151,0.2,0.8,0.9,6,15769418.165785031,10450955.005713062
7,3,2.0245526104541827,2.4720857153820326,2.4377111468162993,2.172772154130541,1.7056612315396822,0.1405257354158157,0.971124879469858,1.0,0.2,0.8,0.9,7,15800895.43148712,10497855.639763536
7,4,2.1323502702831303,2.5813144458695216,2.5444573011794436,2.2788891173988537,1.8305929595226331,0.5967498823847652,1.0,1.0,0.2,0.8,0.9,8,15386612.473277468,10384265.81901224
7,5,2.0235169574972995,2.4760910950547874,2.4389992732155923,2.1773754910219485,1.736688234847082,0.09997539756381692,1.0,1.0,0.2,0.8,0.9,9,15050402.149230797,10102047.91564002
7,6,2.001067089665531,2.463646652762895,2.428186588539896,2.2004928318641244,1.7481512650323017,0.11854212246105214,1.0,1.0,0.2,0.8,0.9,11,12863546.47042312,8848585.78612767
7,7,1.995087728802496,2.4586331536470096,2.423084774336793,2.200780446096444,1.7271396661792546,0.10451566056019704,1.0,1.0,0.2,0.8,0.9,12,12981969.363134757,8834504.977405056
7,8,1.9986397508124618,2.4632089012871714,2.4275638592331936,2.2023212583975473,1.7347377588089228,0.13948077869482284,1.0,1.0,0.2,0.8,0.9,13,12985854.694849776,8855306.779247647
7,9,1.9413725457023858,2.416351598611616,2.3766737071717103,2.1570763191652933,1.8458903558025237,0.12461370038345945,1.0,1.0,0.2,0.8,0.9,14,11051847.13708763,7114846.78532666
7,10,1.893767397764769,2.3698467466512003,2.328583182289199,2.089453863811695,1.8302511130951893,0.09033258895774324,1.0,1.0,0.2,0.8,0.9,15,8551210.335038695,5606098.624073462
7,11,1.8433629758224583,2.307305663272177,2.263641596137178,2.0341324954646,1.8854125188802247,0.07774901282108292,1.0,1.0,0.2,0.8,0.9,16,6449544.470671336,3974391.548181289
7,12,1.823181932261352,2.272109076942769,2.2290979235371515,2.0210603039963204,1.839212584540868,0.10493589481211299,1.0,1.0,0.2,0.8,0.9,17,5494248.726279935,3053269.14124464
7,13,1.795779825375973,2.218656600922116,2.1713808752621464,1.9514754325801356,1.785881326629975,0.08604303972528049,1.0,1.0,0.2,0.8,0.9,19,4245449.104119005,2141754.349686855
7,14,1.7685229135878968,2.158950863694498,2.10959088283369,1.90274872428389,1.7836246904524602,0.04808330666384581,1.0,1.0,0.2,0.8,0.9,21,3131186.443729547,1673838.0805868243
7,15,1.7703173813670126,2.1574880928195976,2.107938605935509,1.9037758181100397,1.7258648192191062,0.06447885440432063,1.0,1.0,0.2,0.8,0.9,22,3071936.301430594,1527663.7057198936
7,16,1.7493882234564757,2.0905343268468757,2.0407162256867544,1.838448990112582,1.8929858758458695,0.04808425291746638,1.0,1.0,0.2,0.8,0.9,23,1869713.1023010595,797011.3556404136
7,17,1.7485189041834266,2.0665401700364607,2.017813948233279,1.820918324060445,1.7588635112190212,0.07644377595155391,1.0,1.0,0.2,0.8,0.9,25,1526466.3787367004,488161.198841932
7,18,1.7477229152584268,2.0620573062538696,2.013148147679172,1.8384544575728294,1.721849038271268,0.07689448734526606,1.0,1.0,0.2,0.8,0.9,27,1594593.1849623076,538480.5660124262
7,19,1.744911866317958,2.055023086766763,2.0081734047157367,1.8299068003194667,1.7325543789056472,0.0690740582195509,1.0,1.0,0.2,0.8,0.9,28,1606557.9222827062,1744696.0368595344
7,20,1.7443733038074605,2.051766520263143,2.0047836964712253,1.8328396777618163,1.7186014206343427,0.06943860905602169,1.0,1.0,0.2,0.8,0.9,30,1770204.1845812334,1800948.004455197
7,21,1.7425375737730824,2.044770408974848,1.9952678048569021,1.833084218316479,1.7267743580397528,0.06465585892263269,1.0,1.0,0.2,0.8,0.9,31,1532798.949996824,1711722.019295295
7,22,1.7421118610669533,2.0434945368918194,1.99621907750912,1.8441623586168632,1.716346531554906,0.0646560415418405,1.0,1.0,0.2,0.8,0.9,33,1429371.886886631,1512491.6561117475
7,23,1.741881600006908,2.0413717367471964,1.9917361177991557,1.8518168388646117,1.7154340287549168,0.06430011154777425,1.0,1.0,0.2,0.8,0.9,34,1510372.721896329,1662265.388390989
7,24,1.747968327483644,2.0456620944736357,2.0072836380254264,1.8736751504071432,1.7460541683234116,0.10245231845803951,1.0,1.0,0.2,0.8,0.9,35,2011314.2682146768,2958411.7846112866
7,25,1.752107625718898,2.0476093371439386,2.0091259116175695,1.9032940657994653,1.7287837031162048,0.12532165365449882,1.0,1.0,0.2,0.8,0.9,37,1872302.062583504,2923013.4873426664
7,26,1.746640357434936,2.03858944966019,1.995397587930829,1.8771231635462016,1.7241250233829843,0.09922407106242163,1.0,1.0,0.2,0.8,0.9,38,1997136.9634721496,2556678.185255028
7,27,1.7388218248980103,2.0270655974676703,1.985966535429613,1.8983740366376427,1.7294037390744728,0.06478386297982897,1.0,1.0,0.2,0.8,0.9,39,1543173.935337199,1588055.645634888
7,28,1.737597187229741,2.0129861467425822,1.9690105218266751,1.8396012313141585,1.752900550431729,0.06921190812942193,1.0,1.0,0.2,0.8,0.9,40,1939257.655617023,2804211.8801728506
7,29,1.736609502434102,2.00764404871786,1.963464531241652,1.8373175312924483,1.7280103814718728,0.06798190743441564,1.0,1.0,0.2,0.8,0.9,41,1907253.3110132683,2760674.4117026124
7,30,1.7371006616640394,2.007567356544953,1.96336130777616,1.8405536870702925,1.7151190294857697,0.07091312928845016,1.0,1.0,0.2,0.8,0.9,43,1766581.7156054652,2673837.607979854
7,31,1.7350154379443814,1.9608413531144713,1.9145927583467954,1.8087164438688048,1.8630941704564887,0.092650455742334,1.0,1.0,0.2,0.8,0.9,44,1655716.238681045,1559325.1176679304
7,32,1.7608644112095497,1.9875844829772684,1.9459212159648915,1.8756525423135308,1.7489808821351582,0.22275414763498874,1.0,1.0,0.2,0.8,0.9,45,1589177.14298768,2545723.7731578383
7,33,1.7593278025324688,1.984931489922869,1.9432181268474018,1.860245075040749,1.7443312076771549,0.2157528859591773,1.0,1.0,0.2,0.8,0.9,48,1608764.542276116,2611721.9589108634
7,34,1.7593204662299575,1.9848679083709952,1.9431520531007722,1.871038364363315,1.743239242418095,0.21575039642902838,1.0,1.0,0.2,0.8,0.9,50,1608742.089654826,2611657.09346521
7,35,1.7167485040286312,1.8938867045754715,1.8477576985171247,1.7695664053168074,1.8533877902127998,0.027763564788902427,1.0,1.0,0.2,0.8,0.9,51,1474793.597777701,2847471.1745839533
7,36,1.716284898425952,1.8869098269051872,1.8382229796057923,1.7537208630594563,1.7138425766558438,0.0278375649573744,1.0,1.0,0.2,0.8,0.9,53,1491239.4488958586,2938437.012277873
7,37,1.7164002406258922,1.8879145143422704,1.8415405490819312,1.7619752006932345,1.7060979684804614,0.02852609497484237,1.0,1.0,0.2,0.8,0.9,55,1489893.8142580534,2865441.7342951777
7,38,1.7163063466190616,1.8887095029080354,1.844648401556638,1.7922332876714306,1.7064145793160344,0.02816752629159917,1.0,1.0,0.2,0.8,0.9,56,1485970.1819548986,2872320.8738130205
7,39,1.716289257382159,1.8870243886092795,1.8406165634573624,1.7713083126577107,1.7072791624888524,0.02831128191024948,1.0,1.0,0.2,0.8,0.9,57,1498195.0871509998,2901041.079159059
7,40,1.7162889175640754,1.8870217375396376,1.8406138086689543,1.7781530389123565,1.7056656697895938,0.02831058746497438,1.0,1.0,0.2,0.8,0.9,59,1498155.9744342335,2900895.578006202
7,41,1.7145580163745988,1.8628470449870833,1.829116749732146,1.9105666783518545,1.712874036945902,0.0313560147649925,1.0,1.0,0.2,0.8,0.9,72,1890677.849830235,2987526.5464627165
7,42,1.7143888258004432,1.8632639669878435,1.8318336939356779,1.9229629101257637,1.7068705781427582,0.03071351317633635,1.0,1.0,0.2,0.8,0.9,74,1886622.8244563795,2987181.8600348034
7,43,1.7141193488939988,1.858089387189041,1.8241739479877368,1.9209103947676702,1.711557669175784,0.030721656848920247,1.0,1.0,0.2,0.8,0.9,76,1882853.9000487549,2955993.1304160072
7,44,1.7139772287853428,1.858165432630007,1.826534238601536,1.9292509531225321,1.7079503754109395,0.030339855942448278,1.0,1.0,0.2,0.8,0.9,78,1910269.689992574,2972946.9145540646
7,45,1.7139767203203502,1.8581602222627338,1.8265288207967303,1.9409148917807673,1.7060762430773337,0.0303389259119499,1.0,1.0,0.2,0.8,0.9,80,1910374.6168206865,2972972.912753671
7,46,1.713940250420444,1.8558125028020616,1.826356952593891,2.0608721770583776,1.7067768727471695,0.03136778861258077,1.0,1.0,0.2,0.8,0.9,101,1667451.3708654535,2359153.2728672144
7,47,1.7140174573415279,1.8598522102220176,1.8328412599850128,2.0880912584898756,1.7062714115140174,0.03076686611031868,1.0,1.0,0.2,0.8,0.9,104,1672343.0752468735,2357340.2486084527
7,48,1.7134104486286952,1.8594176475771098,1.8346890545006667,2.0794941313298336,1.7060227929555716,0.02807347324197762,1.0,1.0,0.2,0.8,0.9,107,1721284.678599464,2621338.056469502
8,0,0.3404510247397163,0.7781052296621536,0.7418936697554293,0.45711211920291916,0.0,0.0,0.0,0.0,0.2,0.8,0.9,1,13826244.086926976,10511345.460308962
8,1,0.36147898874883283,0.7991433848666643,0.7629312519757667,0.4821323245220798,0.021070200717177762,0.10437084451916082,8.999999999997e-05,0.00011709399682323001,0.2,0.8,0.9,3,13811020.133601593,10500430.249799363
8,2,0.9034789723864466,1.3427964744882126,1.308881511947419,1.0441365797695599,0.5651639264632996,0.1412033983836906,0.27017991504539707,0.3553783156095347,0.2,0.8,0.9,5,13769187.535118386,10471496.316787925
8,3,1.1459185601121213,1.5853395962786132,1.5514191830272648,1.276771290071761,0.8070930398564276,0.14052171305575462,0.3951404657621081,0.5140952938077785,0.2,0.8,0.9,7,13758006.335595751,10463674.871200984
8,4,2.2136997933828377,2.664757735073809,2.6325685830844416,2.3607159810736356,1.9421685339381507,1.0,1.0,1.0,0.2,0.8,0.9,8,12911211.879822545,9849561.888737349
8,5,2.004856028405454,2.4638949749500982,2.4263158276760763,2.1715643839169747,1.772292006934201,0.09992773717092066,1.0,1.0,0.2,0.8,0.9,9,11221019.669373976,8219581.352089887
8,6,2.1834909692710864,2.6464093263308626,2.6157644023540954,2.3478115038706506,1.9026316577968507,1.0,1.0,1.0,0.2,0.8,0.9,10,11661981.306760766,8689442.091825664
8,7,1.9817945378853006,2.4459510239018627,2.4127853439812146,2.155187696876228,1.7197615958942594,0.028050046718881387,1.0,1.0,0.2,0.8,0.9,11,11067788.486273777,8582196.596728262
8,8,1.915532231828525,2.394631553621546,2.3616916398533547,2.1099859070910467,1.7797401614524664,0.02805798569048234,1.0,1.0,0.2,0.8,0.9,13,7106362.016759192,5888565.919315354
8,9,1.7665291082365777,2.122567747322862,2.0735350427131536,1.8408628227108208,2.5318781444887852,0.11005719444247364,1.0,1.0,0.2,0.8,0.9,14,733378.9593119237,554716.2554275529
8,10,1.7648687692648877,2.115271768015658,2.063675684212071,1.818748043473487,1.738890291313732,0.10928236232295112,1.0,1.0,0.2,0.8,0.9,15,650576.1972519361,518523.5470863927
8,11,1.7632051574913037,2.107521616455411,2.0556049107613656,1.8279217003169734,1.744758636447557,0.11061344578260801,1.0,1.0,0.2,0.8,0.9,16,595437.3466028314,419832.852488173
8,12,1.7627203613395759,2.1065918305071536,2.056915833050784,1.8340399205147366,1.7250403947115838,0.11061344578260801,1.0,1.0,0.2,0.8,0.9,18,581072.6240077545,371318.9903470331
8,13,1.762710821443351,2.106551250828975,2.056873516289972,1.8460084595429196,1.7221796306508872,0.11061291749453186,1.0,1.0,0.2,0.8,0.9,20,580662.7928875382,371139.2773905106
8,14,1.7850752362110531,2.1119881851171427,2.0637075011376487,1.8350636650165404,1.8151969851774612,0.24798601643593293,1.0,1.0,0.2,0.8,0.9,21,1686750.4754220452,3954267.347724632
8,15,1.779549568502412,2.0961925288701218,2.0496650324973302,1.8289641687972589,1.760389604895245,0.23464124434028025,1.0,1.0,0.2,0.8,0.9,24,1355702.1037458489,862714.8345899751
8,16,1.7849137837816964,2.0994033141528954,2.0505018729158624,1.822723611072325,1.7560702202318113,0.26266431559392134,1.0,1.0,0.2,0.8,0.9,25,997260.858984374,1215109.055049833
8,17,1.784912282215507,2.101682148636325,2.0574280685357125,1.8418884603310706,1.7525552777053366,0.2626643533944747,1.0,1.0,0.2,0.8,0.9,26,997496.8964791571,1214176.9736377937
8,18,1.778014429399677,2.0880696497342246,2.04121729924922,1.818293192994647,1.7663540138870273,0.234640434812538,1.0,1.0,0.2,0.8,0.9,27,1152108.8494427227,1083836.9937880451
8,19,1.7788081088263126,2.088306918048425,2.041427302233191,1.8184915762348002,1.749778399415272,0.23923915501381585,1.0,1.0,0.2,0.8,0.9,28,1117903.2227683144,1118238.2240871985
8,20,1.7718229560052374,2.0695203680834524,2.022066426774274,1.840257691324536,1.750209026172557,0.2171059220128883,1.0,1.0,0.2,0.8,0.9,34,868885.094213662,556653.8334670273
8,21,1.7679840445472563,2.046825859260147,2.0007423423322184,1.824636321353021,1.7771088225903582,0.2171071793419816,1.0,1.0,0.2,0.8,0.9,36,873713.0185450404,476898.9047479684
8,22,1.767978453841801,2.0479320561118266,2.004170954052434,1.8343016139154777,1.7434735743464542,0.2171071793419816,1.0,1.0,0.2,0.8,0.9,38,873745.5605028212,476406.95720503
8,23,1.749773362401558,2.0255771381519194,1.981620763140476,1.831972724329817,1.7398073148728974,0.12974679787758153,1.0,1.0,0.2,0.8,0.9,39,815039.4993398029,450056.3735554132
8,24,1.7664372345146964,2.0121700252834893,1.9645510482835187,1.807898073174079,1.7945008872537902,0.23578931071241027,1.0,1.0,0.2,0.8,0.9,41,757168.423671865,1156425.083365179
8,25,1.7593414605125175,1.976641327316671,1.9300107518628011,1.7760426202889232,1.838390908919703,0.21941664929777915,1.0,1.0,0.2,0.8,0.9,42,1080698.6926105386,1751565.4963261604
8,26,1.7593223969647647,1.975331863570616,1.9263708186178525,1.7825515704974442,1.744119545413266,0.2194093740282304,1.0,1.0,0.2,0.8,0.9,44,957457.5223836876,1740906.7570078631
8,27,1.7593131802402904,1.9775184721939376,1.9332011110099008,1.796402867354114,1.7440208759711249,0.21941443159266752,1.0,1.0,0.2,0.8,0.9,46,1078691.20859448,1750819.9423624247
8,28,1.7558116717207204,1.970680673385652,1.923941612539401,1.7904715670884648,1.7475680431520573,0.20318194612265966,1.0,1.0,0.2,0.8,0.9,47,1054276.4298641393,1687116.3620141195
8,29,1.7546078634444182,1.9625795381720255,1.9155331541655065,1.7960144020798232,1.7474828167078165,0.20107076335468105,1.0,1.0,0.2,0.8,0.9,50,1028863.43243528,1891750.0989752333
8,30,1.755524617059666,1.966736759578085,1.9289269281940347,1.8499319119610838,1.7418627521994146,0.20637485969146177,1.0,1.0,0.2,0.8,0.9,57,995563.2697606038,1651468.6669099436
8,31,1.7475227287567834,1.956856803366104,1.921237066853549,1.8687805933496577,1.7349527933079743,0.16800076009543416,1.0,1.0,0.2,0.8,0.9,64,994675.659333068,519945.0137415134
8,32,1.7693354125292322,1.9807671047504232,1.9497865739695293,1.8903073104206727,1.7560326576918628,0.27716579594688284,1.0,1.0,0.2,0.8,0.9,65,1103932.307370355,484759.8425706445
8,33,1.7461571636131126,1.9554817819843073,1.9221345986779377,1.8776248704133325,1.7353734955213693,0.16178998538604603,1.0,1.0,0.2,0.8,0.9,66,1002013.6655852864,547669.7848459836
8,34,1.7341668153027918,1.9326443548407455,1.8965452648794328,1.8590405941903239,1.7365167744989263,0.10685960708510014,1.0,1.0,0.2,0.8,0.9,68,1145137.9335676148,497631.90362840873
8,35,1.7486311142063895,1.9479765703583438,1.9187364499921564,1.9534111566239183,1.7369395042520472,0.18045722001319245,1.0,1.0,0.2,0.8,0.9,78,750053.4886292632,575196.2611457015
8,36,1.7526368902370595,1.9519064045404253,1.9226629440992378,1.9334393800041472,1.7403285931861499,0.200523692032169,1.0,1.0,0.2,0.8,0.9,79,748162.665501296,554833.2949513078
8,37,1.7486084805067112,1.950046054994309,1.9254449691824775,1.9775768321035918,1.7364577160345944,0.1804405026169748,1.0,1.0,0.2,0.8,0.9,80,755697.9287140957,570554.375359646
8,38,1.768360637252881,1.9636599340835792,1.93196833922689,1.960521238391614,1.7600973817103553,0.280527639640892,1.0,1.0,0.2,0.8,0.9,82,1084380.105488044,529130.1129563382
8,39,1.754187285416481,1.9467795839132376,1.9286125019848752,2.0357857619767756,1.7452985098529106,0.2141703236811404,1.0,1.0,0.2,0.8,0.9,94,930952.3911818886,364773.0880220326
8,40,1.7537871178407132,1.9419949828205385,1.9236366244703982,2.030726683210376,1.7462095403581077,0.21414792518838627,1.0,1.0,0.2,0.8,0.9,98,917367.7497578334,356595.25047857966
8,41,1.742131320337903,1.9294297160025669,1.9155802262849924,2.0496197006025727,1.741302322694327,0.15727964605666628,1.0,1.0,0.2,0.8,0.9,99,823092.4905616182,385880.4606570709
8,42,1.7417564364227394,1.9246885385700598,1.9106494289866043,2.053257171963719,1.734140836982736,0.15728734797675145,1.0,1.0,0.2,0.8,0.9,104,816523.2959607715,359816.0190679296
8,43,1.741730561109268,1.924392710222548,1.91034177587292,2.040267070535578,1.731867046636713,0.15727224925888944,1.0,1.0,0.2,0.8,0.9,106,818871.449717186,370679.03193488735
8,44,1.7443694480997625,1.9303844252957707,1.9233018170059237,2.0898117951560837,1.734147662537565,0.17049970191754196,1.0,1.0,0.2,0.8,0.9,111,825128.0423744827,366723.087162517
8,45,1.7417251037239496,1.9243002983982507,1.9102456141604733,2.0697464615985077,1.7314849243749553,0.15728192182535136,1.0,1.0,0.2,0.8,0.9,112,818591.3309137281,370385.2501687725
8,46,1.7417093170607094,1.9263389567011928,1.9169220122373387,2.1513426806537033,1.732176317620349,0.15730227761978452,1.0,1.0,0.2,0.8,0.9,113,818380.4273319158,316573.17856586684
8,47,1.741436553076616,1.9227271501346639,1.9131651826558516,2.156118535174042,1.7365921013877479,0.1573407146025922,1.0,1.0,0.2,0.8,0.9,115,814288.0260448051,317951.4686497131
8,48,1.7414313894229079,1.9214021028699642,1.909508656958541,2.155177614353583,1.7320173356981003,0.15738810904856085,1.0,1.0,0.2,0.8,0.9,116,813734.634185148,317782.3115979916
8,49,1.7411089064842238,1.9196878816654697,1.912283196478071,2.159476819778555,1.7337149515409647,0.15728863422681277,1.0,1.0,0.2,0.8,0.9,121,869342.3471191984,904213.9396033044
8,50,1.7411059776920415,1.9185052028714837,1.908774918732103,2.1541680269762065,1.7315130918198887,0.15728863422681277,1.0,1.0,0.2,0.8,0.9,123,869278.0894678752,904139.4359326502
8,51,1.7455771777141385,1.9219123390071027,1.9121362112740519,2.123704302426146,1.7392524695517761,0.18007302148081866,1.0,1.0,0.2,0.8,0.9,124,884943.380663921,921084.9059840837
8,52,1.7455771777140363,1.9230556603052316,1.9156034669619841,2.1712965683814813,1.7360154038360718,0.18007302148082602,1.0,1.0,0.2,0.8,0.9,125,884943.3806620773,921084.9059814668
8,53,1.7455770403673618,1.9219106642200448,1.9121344277063108,2.123702524187126,1.7360189732311202,0.18007302148081863,1.0,1.0,0.2,0.8,0.9,126,884941.049940147,921081.4449740308
8,54,1.7455747552342795,1.923027182429255,1.9155737524670928,2.1797892559035934,1.7360909948263519,0.1800715933449753,1.0,1.0,0.2,0.8,0.9,127,884954.5344743091,920750.8056575296
8,55,1.7455708491232778,1.9218272039983306,1.9120476274095966,2.123613926280273,1.7361714737948604,0.18007302148081863,1.0,1.0,0.2,0.8,0.9,128,884836.9767458404,920925.5709386131
8,56,1.7526146786992611,1.9270125097454054,1.9171524812748397,2.1336628411936602,1.7488883485227635,0.216037107315962,1.0,1.0,0.2,0.8,0.9,129,894266.9712726462,929557.7202038602
8,57,1.74044249235276,1.9120540295600934,1.9134467580727477,2.2519072609953747,1.733856489703983,0.15848105652596828,1.0,1.0,0.2,0.8,0.9,141,862784.9980551185,860931.5851225924
8,58,1.7401378896598914,1.9108722566208365,1.9122271708605951,2.3187981596099045,1.7341245004744215,0.1572909043650457,1.0,1.0,0.2,0.8,0.9,142,815132.5888348471,396175.7693034638
8,59,1.7400371557901944,1.9104934202617763,1.9141112031217893,2.3611552213576417,1.7329404637766195,0.15732831030974473,1.0,1.0,0.2,0.8,0.9,145,815071.0938752918,355987.1453025668
8,60,1.7467959728771292,1.915064797236139,1.916313813990758,2.3404221965901066,1.7390661908843383,0.19150396438055067,1.0,1.0,0.2,0.8,0.9,149,825667.649485796,417009.75275221234
8,61,1.7467944422884072,1.9161857880401625,1.9197578832980606,2.3639143330999985,1.7383320859220737,0.19150396438055067,1.0,1.0,0.2,0.8,0.9,151,825625.3052464904,417087.3767858956
8,62,1.7371167875545104,1.902894085247255,1.8994865815888935,2.2578185719495125,1.7292966279788224,0.14318897687555493,1.0,1.0,0.2,0.8,0.9,152,819001.5132548042,371104.2556744688
8,63,1.749774917732078,1.9194282141643435,1.9434850372720978,2.5830881430005705,1.7429655043320493,0.2100245098294621,1.0,1.0,0.2,0.8,0.9,183,1090772.094648332,548883.1707580163
8,64,1.764959489129323,1.9348450383543216,1.961186860920221,2.5996857743457484,1.7586328666633357,0.2862656546269253,1.0,1.0,0.2,0.8,0.9,185,1086394.158632595,547269.8291200841
9,0,0.3759245278797337,0.7971606776746698,0.7617111287314393,0.47725284716427785,0.0,0.0,0.0,0.0,0.2,0.8,0.9,1,10054377.10076743,10468047.886946697
9,1,0.39843388603151175,0.8196764005877557,0.7842264578439375,0.5037510057022252,0.022532383746545977,0.11179629746181456,8.999999999997e-05,0.00010160188903397,0.2,0.8,0.9,3,10057272.408169238,10481914.173886027
9,2,0.40226438596124797,0.8235163470232819,0.7880661032469981,0.510245643951999,0.026385360550329647,0.12859046078157632,0.00035999999999989003,0.00040640755613596,0.2,0.8,0.9,5,10056547.18708844,10482293.002962204
9,3,2.2645360517230047,2.692573435923345,2.6592183550047714,2.3900469182617794,1.9166982662805379,1.0,1.0,1.0,0.2,0.8,0.9,6,9758203.204112926,10368229.79133408
9,4,2.237081251336443,2.6773468302561447,2.6433829488189184,2.3739230091884616,1.9425882795147844,1.0,1.0,1.0,0.2,0.8,0.9,7,8744568.482790684,9080848.638409516
9,5,2.2179662834303704,2.6661327352482664,2.6317201993624457,2.3562467609838826,1.931720954658346,1.0,1.0,1.0,0.2,0.8,0.9,8,8385611.357232888,8840016.401866732
9,9,1.9391696630495985,2.2816954148517326,2.2387428546560546,2.008559397878551,1.9001563505511112,1.0,1.0,1.0,0.2,0.8,0.9,15,1203453.4640430675,489170.8321855596
9,10,1.9370424397367065,2.2686440784414432,2.218335153662387,1.9831840177071527,1.9136172602208998,1.0,1.0,1.0,0.2,0.8,0.9,17,1113870.6806804205,444044.142605978
9,11,1.9289653672071063,2.227061907107936,2.17508999734189,1.9461560047518116,2.017716650506587,1.0,1.0,1.0,0.2,0.8,0.9,18,1072860.7746762831,1150256.03933465
9,12,1.9270941924331892,2.216052694383462,2.1636406814917217,1.9440968763348412,1.931268762137003,1.0,1.0,1.0,0.2,0.8,0.9,19,1000155.889364321,1030765.2021576284
9,13,1.9263698033324492,2.2127257298931347,2.162458770602214,1.9479142001977356,1.9062987005495562,1.0,1.0,1.0,0.2,0.8,0.9,21,988643.0623060848,949918.9105753852
9,14,1.9258596254921314,2.209525490956848,2.1591306331980578,1.9583088976562415,1.904524140859801,1.0,1.0,1.0,0.2,0.8,0.9,23,1002568.5590971956,995587.7295273384
9,15,1.9256476228298425,2.2115743137908943,2.1680956769944557,2.029156535330975,1.9003458165746516,1.0,1.0,1.0,0.2,0.8,0.9,34,1172115.9468447105,1276368.720182303
9,16,1.925595473989139,2.211285971285776,2.167795799804985,2.0151757005613073,1.9009397041055531,1.0,1.0,1.0,0.2,0.8,0.9,35,1587037.8959176564,958484.238293738
9,17,1.923597618852551,2.1981224241426136,2.15410572834991,2.011534585699829,1.9186318845915658,1.0,1.0,1.0,0.2,0.8,0.9,37,1323375.898090211,1698358.9608886384
9,18,1.9232328703752883,2.1967658466257927,2.1549731367944736,2.019263247055279,1.9035418783552487,1.0,1.0,1.0,0.2,0.8,0.9,39,1308082.4349396152,1701239.5198270772
9,19,1.9230873313873147,2.195756787423466,2.1539238044403586,2.018196495577336,1.9028516957978208,1.0,1.0,1.0,0.2,0.8,0.9,40,1387122.9870267906,1503941.0586280988
9,20,1.9228863271796959,2.195498032823035,2.155932934048005,2.0306855405434767,1.9039636720714372,1.0,1.0,1.0,0.2,0.8,0.9,41,1346943.6383788078,1588671.4460310296
9,21,1.9228395070497561,2.1951706119532344,2.1555924509663047,2.0373252038733947,1.9004637012499983,1.0,1.0,1.0,0.2,0.8,0.9,43,1349929.28043382,1582030.4115209682
9,22,1.9219255220970082,2.1897560253953543,2.1522392247092625,2.0741040463017657,1.9184213618269332,1.0,1.0,1.0,0.2,0.8,0.9,44,1538698.676616917,1056382.827902342
9,23,1.9211412861862334,2.185226563797524,2.14980673557223,2.0239859869201657,1.9081558838138584,1.0,1.0,1.0,0.2,0.8,0.9,46,934455.259747806,1163127.4654564203
9,24,1.9206531098918287,2.1803158090128667,2.1424215760805496,2.075164367900154,1.9052012545832255,1.0,1.0,1.0,0.2,0.8,0.9,48,1588364.653317426,871725.679229451
9,25,1.9202038747664698,2.17572717160566,2.1353714300628313,2.0710739103472497,1.9097493682591962,1.0,1.0,1.0,0.2,0.8,0.9,49,1755853.2447471456,633804.5841038175
9,26,1.9194111903529434,2.1740688532872583,2.142759086549349,2.1066221362966617,1.9088178791091344,1.0,1.0,1.0,0.2,0.8,0.9,51,1382040.420069233,741550.8920598688
9,27,1.9181688758976727,2.166169720129126,2.139100572947356,2.1037087671801715,1.9072061074939786,1.0,1.0,1.0,0.2,0.8,0.9,55,1079793.6499890387,1254618.212836175
9,28,1.916712197208453,2.153505817791542,2.125930114227407,2.0979646448013782,1.9358366069516806,1.0,1.0,1.0,0.2,0.8,0.9,56,886174.802037385,1031907.8157899708
9,29,1.9165044412849372,2.151631172811507,2.123980674686816,2.1038575851523365,1.9053061717742068,1.0,1.0,1.0,0.2,0.8,0.9,57,893893.1955000949,1066969.072697105
9,30,1.9164127739348276,2.151941287548377,2.1265811164527646,2.1226023627791464,1.901178693216644,1.0,1.0,1.0,0.2,0.8,0.9,59,861002.9702251724,950311.6957187784
9,31,1.9163353478953624,2.1502410995535297,2.1225347957716845,2.0677050582043477,1.9020012215030997,1.0,1.0,1.0,0.2,0.8,0.9,60,532138.7186534026,1561313.7692381789
9,32,1.9153542905770076,2.141026421161493,2.112951686300874,2.057961376046358,1.9129890055838872,1.0,1.0,1.0,0.2,0.8,0.9,62,566466.812004135,1383046.1497905422
9,33,1.9145396480562624,2.1329581345105226,2.1045607729602094,2.0723198385491757,1.9225451755199896,1.0,1.0,1.0,0.2,0.8,0.9,63,662904.514563593,1383680.4221446118
9,34,1.9135878376887203,2.1243491707710582,2.0978852950725555,2.085475092288173,1.9068905688935511,1.0,1.0,1.0,0.2,0.8,0.9,67,583427.2474874165,1284735.484087214
9,35,1.9129566002284664,2.117610385912808,2.0908770628967437,2.0863165001636004,1.9190672721996735,1.0,1.0,1.0,0.2,0.8,0.9,68,588502.7350889698,1274548.7945308958
9,36,1.9103970172650149,2.087615507969893,2.0596827009208387,2.070422682284184,1.928297454926728,1.0,1.0,1.0,0.2,0.8,0.9,71,601532.1381824756,1220580.9232900513
9,37,1.910338061375135,2.0880104785843585,2.062371726551242,2.0817017215671,1.9010589226242494,1.0,1.0,1.0,0.2,0.8,0.9,73,596291.0466779605,1236080.5443013553
9,38,1.9099659838720568,2.0843661419465773,2.0608598556297038,2.0967961041659575,1.913557898148329,1.0,1.0,1.0,0.2,0.8,0.9,74,584621.6765100852,1286295.0036765405
9,39,1.9092809168863365,2.0740812746246036,2.0478853515522,2.0778735756688818,1.9086151957372262,1.0,1.0,1.0,0.2,0.8,0.9,77,807207.8742838843,1171135.974149287
9,40,1.9090434631091866,2.0719534576676635,2.0479507490360267,2.082949131957118,1.903085090992131,1.0,1.0,1.0,0.2,0.8,0.9,80,770507.1785224032,1204452.1264227133
9,41,1.9090120386506912,2.071516338245577,2.0474961770711784,2.0903617807700754,1.9006183459128492,1.0,1.0,1.0,0.2,0.8,0.9,82,732133.1397366031,1237763.1059087135
9,42,1.9090110838687644,2.0715032190802907,2.047482503051833,2.094284993857204,1.9000371869545578,1.0,1.0,1.0,0.2,0.8,0.9,83,672140.423249597,1340958.2351380072
9,43,1.9089905727734688,2.071217388755759,2.0471852417617153,2.1018571895207816,1.900809028388779,1.0,1.0,1.0,0.2,0.8,0.9,84,736795.3939528691,1236267.0578249476
9,44,1.908873003036339,2.0695710730779378,2.0454730761828963,2.100117274907881,1.9046584663968442,1.0,1.0,1.0,0.2,0.8,0.9,85,695782.9157828827,1287707.206065241
9,45,1.908153251951438,2.060323178075921,2.038133576025378,2.110441532856308,1.9294245748158154,1.0,1.0,1.0,0.2,0.8,0.9,86,763802.844735499,969999.38169643
9,46,1.908051278535805,2.06795015833716,2.0642906076312086,2.2274530900905765,1.9003576158377342,1.0,1.0,1.0,0.2,0.8,0.9,98,702057.1705802517,1064997.6266113475
9,47,1.9075854154444385,2.0597163468986435,2.0534492505715893,2.219959600483736,1.920057314514957,1.0,1.0,1.0,0.2,0.8,0.9,99,606806.9970138969,1384770.3966794857
9,48,1.9072646030332145,2.054679145691122,2.0482105554035894,2.231680883598868,1.9071277609071338,1.0,1.0,1.0,0.2,0.8,0.9,101,691920.9886361544,1219412.3030482775
9,49,1.9072543797625698,2.055659733513466,2.051508609965186,2.231508881578994,1.900230202691323,1.0,1.0,1.0,0.2,0.8,0.9,103,699718.9077181442,1207715.009517797
9,50,1.90725088342601,2.0556041864093824,2.0514507034658704,2.2399729414864984,1.9000788307333454,1.0,1.0,1.0,0.2,0.8,0.9,105,699546.6435094425,1208027.0431440475
9,51,1.9072358333121593,2.0542208122996364,2.0477339266510146,2.205745518628342,1.900678475226615,1.0,1.0,1.0,0.2,0.8,0.9,106,678574.4527698393,1256079.0935227654
9,52,1.90722845554895,2.057533261968796,2.05801322206328,2.2661725098707355,1.9003330209601796,1.0,1.0,1.0,0.2,0.8,0.9,107,681279.1593730142,1249458.2379958804
9,53,1.906386038880242,2.0424649236785584,2.0400644070092073,2.2811283557437023,1.909851672761791,1.0,1.0,1.0,0.2,0.8,0.9,111,727703.4823021766,1223270.8025068643
9,54,1.9063813436811068,2.0423845338997837,2.0399807576821685,2.293932633554717,1.9001138893376162,1.0,1.0,1.0,0.2,0.8,0.9,113,727609.9287937239,1223216.250985526
9,55,1.9063583534592468,2.0419898424164944,2.039570358745032,2.292556299440113,1.9005580601938545,1.0,1.0,1.0,0.2,0.8,0.9,115,726235.6577349749,1229455.4861543945
9,56,1.9062517763264992,2.0401506470958495,2.0376574823431253,2.294874036193494,1.9052011350376832,1.0,1.0,1.0,0.2,0.8,0.9,116,725123.8605260381,1222500.4086156471
9,57,1.9060717695782214,2.0404339652397945,2.044786580959499,2.3829918345611794,1.9008100115175761,1.0,1.0,1.0,0.2,0.8,0.9,127,634241.9666335628,789670.6080160313
9,58,1.9060715262662091,2.0415730995702774,2.0482494966325944,2.41035505451469,1.9000060293276202,1.0,1.0,1.0,0.2,0.8,0.9,129,634229.5601313589,789568.7389682676
9,59,1.905979839165569,2.0433807530680004,2.056963711352391,2.431693157808786,1.9004599109453215,1.0,1.0,1.0,0.2,0.8,0.9,139,2832153.4499894697,1098955.3693052556
9,60,1.9052208059691074,2.0374073458951667,2.066698424081161,2.527886475751105,1.9024641522143817,1.0,1.0,1.0,0.2,0.8,0.9,155,694314.6401523718,678231.657419203
10,0,0.2654304385222509,0.7303763106953297,0.6922557904864375,0.4066648719571122,0.0,0.0,0.0,0.0,0.2,0.8,0.9,1,21782892.58258406,10544317.32221802
10,1,0.26542988079916546,0.7303760315641534,0.6922556121296637,0.4083398250189758,3.841864982196215e-07,0.0,0.0,0.0,0.2,0.8,0.9,3,21780241.630061824,10542984.109440068
10,2,0.6631815254388909,1.129433797469711,1.0936201486733443,0.8280706137880857,0.39953274233479497,0.12590502878213394,0.22833899519726514,0.2116498303267893,0.2,0.8,0.9,4,21794703.083272327,10563183.787189215
10,3,1.9888974028819706,2.4554813497163477,2.4196329307515367,2.140277507016673,1.727717737449369,0.12627466231345627,1.0,1.0,0.2,0.8,0.9,5,21514076.211499937,10456451.80119805
10,4,1.966680536948247,2.4370416098695324,2.398274173836626,2.1312398632011993,1.7439706223880846,0.11422429338646811,1.0,1.0,0.2,0.8,0.9,7,20090698.724396773,9800062.150211686
10,5,1.9602822852829997,2.4313962423324464,2.3925144241232283,2.127781109841074,1.7281259666505249,0.10029455455115652,1.0,1.0,0.2,0.8,0.9,8,19739590.98762645,9635614.380588328
10,6,1.9244156847732206,2.400540779860964,2.360430376549043,2.0975218299788327,1.806806767611936,0.0996231285119912,1.0,1.0,0.2,0.8,0.9,9,15271538.819367774,7693337.66312468
10,7,1.9212152158451201,2.398699433845079,2.360770501561298,2.1079846481977955,1.7238340020487286,0.10247207393699032,1.0,1.0,0.2,0.8,0.9,12,15545092.493560428,7710127.569718475
10,8,2.005561364026933,2.45604046843794,2.4109480441366427,2.1676483886604037,2.0712839340865963,1.0,1.0,1.0,0.2,0.8,0.9,14,9558418.971503044,4302766.576545369
10,9,1.9576830613871339,2.3465317253516704,2.2993377256265215,2.0585617650546832,2.0565431042793487,1.0,1.0,1.0,0.2,0.8,0.9,16,3319916.833971993,1625600.0027912206
10,10,1.9345589243271641,2.2567991469751254,2.206016467443141,1.9663778630896513,2.153970005348815,1.0,1.0,1.0,0.2,0.8,0.9,17,1788789.333985159,654292.7834326285
10,11,1.9338576782055403,2.2544254154518644,2.205826220217466,1.9708836692794889,1.904934480733953,1.0,1.0,1.0,0.2,0.8,0.9,19,1797686.3950063104,602895.9192262554
10,12,1.93151265160677,2.24228823364396,2.193203554602946,1.97813713997938,1.9171734723060685,1.0,1.0,1.0,0.2,0.8,0.9,21,1711145.861433029,533869.6764898427
10,13,1.9314056568251727,2.2417160147325434,2.1926084375001302,1.9865415770629107,1.900809608989222,1.0,1.0,1.0,0.2,0.8,0.9,23,1705618.995721764,536949.1749854245
10,14,1.9311109214653994,2.2412744292116358,2.1944274387866174,1.9818629267838466,1.9044856713487497,1.0,1.0,1.0,0.2,0.8,0.9,24,1876378.1704756937,599165.4716819503
10,15,1.9300637533932217,2.234393008322296,2.1849925437950604,1.981337274836382,1.916237783412365,1.0,1.0,1.0,0.2,0.8,0.9,25,1865021.5924008545,588137.3435797608
10,16,1.930058974871844,2.2343664908605474,2.1849650173995956,1.9907848322284551,1.900037612333969,1.0,1.0,1.0,0.2,0.8,0.9,27,1865011.672034588,588208.7142954079
10,17,1.9300019264485995,2.2340488395819174,2.1846346412017583,1.9896659213661159,1.9008985685298154,1.0,1.0,1.0,0.2,0.8,0.9,28,1873596.745654251,588534.2101595877
10,18,1.9299898333294285,2.23512461113538,2.188031564868448,1.999385777482166,1.9000953916583825,1.0,1.0,1.0,0.2,0.8,0.9,30,1868384.6989398336,586579.9152855936
10,19,1.9299887512821923,2.236262070678805,2.1914925186170287,2.0224038442453205,1.9000084527384877,1.0,1.0,1.0,0.2,0.8,0.9,32,1864778.735326752,585625.5512926916
10,20,1.9298350240757687,2.2365509714462766,2.194071319761057,2.028363945059762,1.901214882949668,1.0,1.0,1.0,0.2,0.8,0.9,34,1844646.2320102963,593210.3294494671
10,21,1.929501361143255,2.233526864282235,2.188648084784152,2.019825351640501,1.9053107536678628,1.0,1.0,1.0,0.2,0.8,0.9,35,1590287.3936506344,408356.2026281231
10,22,1.9293905314486404,2.2328996565290877,2.1879956557046016,2.028981209337484,1.9017718833031738,1.0,1.0,1.0,0.2,0.8,0.9,36,1604133.3871610845,448421.8767994712
10,23,1.9264730387400415,2.216757500603621,2.1734861537771897,2.0074397129043633,1.9489207907417265,1.0,1.0,1.0,0.2,0.8,0.9,37,1653906.0198478254,404134.0530877683
10,24,1.92642536887326,2.2176043845925175,2.1766452684117845,2.0206070525830637,1.9002151252216892,1.0,1.0,1.0,0.2,0.8,0.9,41,1607208.9458285414,400649.5430062174
10,25,1.9260363401151714,2.2151759433587017,2.174119736490946,2.03518037000405,1.9022831929656117,1.0,1.0,1.0,0.2,0.8,0.9,44,1618527.7528023762,385199.2168028255
10,26,1.9258664917270099,2.2152487965957164,2.176473451386097,2.044555535409791,1.9015143595769302,1.0,1.0,1.0,0.2,0.8,0.9,46,1991806.346540238,504109.68248578906
10,27,1.9246078807940212,2.2106785818461456,2.1785548749395,2.1498370954283232,1.901640881799635,1.0,1.0,1.0,0.2,0.8,0.9,60,2941791.1895594667,7564790.68009381
10,28,1.9239349803633377,2.2037949279073956,2.166839569686935,2.156158750750176,1.9126861516789675,1.0,1.0,1.0,0.2,0.8,0.9,61,2638673.881833901,2895059.034552759
10,29,1.923618366578927,2.2029368786714474,2.1682254612737206,2.1395858352433366,1.90607171062338,1.0,1.0,1.0,0.2,0.8,0.9,62,1701577.068280836,618117.1528303189
10,30,1.9235371694215622,2.2035487342098983,2.1711399893188075,2.1430382329646314,1.901567884539754,1.0,1.0,1.0,0.2,0.8,0.9,63,1665293.9177006313,683736.5015537008
10,31,1.9203203276635863,2.181321797772254,2.150301972881566,2.149055210205067,1.9659989938925033,1.0,1.0,1.0,0.2,0.8,0.9,64,1394014.9119995476,1384095.4903406354
10,32,1.91982455784072,2.1785101094333776,2.149656321359431,2.1568793117915037,1.9054562264335058,1.0,1.0,1.0,0.2,0.8,0.9,66,1372303.5208290615,1329476.597120189
10,33,1.919563307138214,2.175721309850958,2.1444776729720343,2.142529439427801,1.9058389228340524,1.0,1.0,1.0,0.2,0.8,0.9,67,1931368.1794748849,1003454.9713795691
10,34,1.919280473305999,2.170937280620341,2.1349460491566727,2.1501389440169754,1.9063917534705395,1.0,1.0,1.0,0.2,0.8,0.9,68,1855470.991704584,2853822.771872757
10,35,1.9191095070697295,2.168417563491875,2.1300474209045674,2.1178148042720766,1.9038980971388706,1.0,1.0,1.0,0.2,0.8,0.9,69,1643460.7389889483,1018783.625330654
10,36,1.9184847467824047,2.1632812707167672,2.124705694973413,2.125532515451408,1.9072452310450076,1.0,1.0,1.0,0.2,0.8,0.9,71,1591823.9409722935,1039880.3450143762
10,37,1.9184633613844793,2.169927942286838,2.145286996560509,2.192892844464241,1.900502361681525,1.0,1.0,1.0,0.2,0.8,0.9,72,1466091.3023829642,1317661.103499579
10,38,1.917451647558686,2.1566089190784763,2.1223229673763466,2.1471582440925303,1.9243232792586369,1.0,1.0,1.0,0.2,0.8,0.9,73,1612340.9484786035,937033.3595650016
10,39,1.9174046176548667,2.16077523101594,2.1357682738851382,2.1996527188985913,1.9005789699808209,1.0,1.0,1.0,0.2,0.8,0.9,75,1459062.6421477424,1456460.984872467
10,40,1.9171181673490447,2.158269749577465,2.133162481415967,2.1962922336857,1.9071015631342205,1.0,1.0,1.0,0.2,0.8,0.9,76,1567546.774928542,1292573.2994908823
10,41,1.9163093872165762,2.149854223743177,2.122132541793897,2.1972796091928704,1.9068531530886488,1.0,1.0,1.0,0.2,0.8,0.9,79,1710421.1053383995,868314.8540112522
10,42,1.9159681316546364,2.147849782766162,2.1223258805369896,2.2019196492086492,1.9029699885376457,1.0,1.0,1.0,0.2,0.8,0.9,82,1626508.9729686251,383882.0161014854
10,43,1.9158860624784242,2.148227447247697,2.1249968921332116,2.2460349280600274,1.9010823415583356,1.0,1.0,1.0,0.2,0.8,0.9,84,1622996.2567318082,440319.0136815813
10,44,1.915751006446465,2.146962145625526,2.1236810353063778,2.231633096357606,1.9035799542767888,1.0,1.0,1.0,0.2,0.8,0.9,85,1616309.0707741322,427295.4091464295
10,45,1.9156952035173158,2.145293778584777,2.1196676511762425,2.2180056932851553,1.90074203147553,1.0,1.0,1.0,0.2,0.8,0.9,87,1509943.7189239194,921570.4303101372
10,46,1.9145208859219953,2.1384768369971625,2.1216905737077507,2.292508637509909,1.9322424778844116,1.0,1.0,1.0,0.2,0.8,0.9,88,2007451.7567996203,2503640.279058712
10,47,1.9115031405214804,2.101147508265772,2.0737560016311325,2.216280426905388,1.9926870209878436,1.0,1.0,1.0,0.2,0.8,0.9,89,1665528.102226869,842814.5422341572
10,48,1.911331124450332,2.100247868484555,2.075098433617303,2.2300540923301764,1.9028917128436302,1.0,1.0,1.0,0.2,0.8,0.9,91,1667500.7540831724,865522.168611728
10,49,1.9113265981556342,2.1001937170363525,2.0750421917812134,2.2339796682747113,1.9000765203427088,1.0,1.0,1.0,0.2,0.8,0.9,93,1667042.446182794,865698.9409261368
10,50,1.91123500896762,2.1025255788831685,2.084301643159343,2.2722676919478695,1.903106822562738,1.0,1.0,1.0,0.2,0.8,0.9,94,1803698.89315412,1405250.701446384
10,51,1.9112344512900035,2.1025188797349372,2.0842947466974127,2.2803989888178697,1.9000189273781194,1.0,1.0,1.0,0.2,0.8,0.9,95,1803169.0099832653,1404199.212223037
10,52,1.9112278554438156,2.1024396064808677,2.084212286415534,2.2803151556384407,1.9002242581757698,1.0,1.0,1.0,0.2,0.8,0.9,96,1803903.2429268053,1405145.0758905692
10,53,1.9107888249222484,2.0959467361889383,2.075181666778536,2.2729204921525463,1.905046089810797,1.0,1.0,1.0,0.2,0.8,0.9,99,2339687.079463717,2123169.495221681
10,54,1.9102676447303812,2.0905427566157577,2.0718396769982608,2.2921558349635327,1.909264122802449,1.0,1.0,1.0,0.2,0.8,0.9,101,2316260.583050676,2172838.2546978504
10,55,1.909962135746892,2.085463406600615,2.0642793117021845,2.2920720363616263,1.9022314045144277,1.0,1.0,1.0,0.2,0.8,0.9,106,3400018.514990702,16605715.66444393
10,56,1.9097670336844033,2.0840434663067735,2.065080430879051,2.299329491468913,1.9072455157599335,1.0,1.0,1.0,0.2,0.8,0.9,107,3228688.894804557,16653315.28102909
10,57,1.908951937299919,2.0718231034083314,2.050093408415194,2.2654440269798224,1.931342909678273,1.0,1.0,1.0,0.2,0.8,0.9,108,5461812.548480855,30156255.74237798
10,58,1.9088864585815464,2.072048362267606,2.0526056230302356,2.282539217833966,1.9012983638659922,1.0,1.0,1.0,0.2,0.8,0.9,110,4969515.891957664,28617667.655202407
10,59,1.9088601763434325,2.0705349130297037,2.048753711232892,2.29663456969694,1.9005229218432689,1.0,1.0,1.0,0.2,0.8,0.9,112,5458333.5235272525,30051823.7401548
10,60,1.9088384270067098,2.0748075739453378,2.0623096583938656,2.3538964179179755,1.9000774994166076,1.0,1.0,1.0,0.2,0.8,0.9,127,1760229.5962468714,3879482.658962304
10,61,1.9088294969302098,2.078112487072737,2.0725810466558134,2.3975579455246856,1.900261984959148,1.0,1.0,1.0,0.2,0.8,0.9,128,1733657.653411138,3986275.1860370175
10,62,1.9087865359262124,2.075220967217439,2.065017708746836,2.3879273937066086,1.9017641726146426,1.0,1.0,1.0,0.2,0.8,0.9,129,1634364.3695455692,3934593.296586972
10,63,1.9087570096549786,2.071368677853314,2.054177005662055,2.4009011476195985,1.9001503091430707,1.0,1.0,1.0,0.2,0.8,0.9,137,1763366.4264827217,3752422.094554557
10,64,1.9086265665977624,2.071792398978938,2.059173849044415,2.49920136638839,1.9001700746511534,1.0,1.0,1.0,0.2,0.8,0.9,149,1010797.1711138972,426061.4031538185
10,65,1.908545762386575,2.071778163288947,2.0614372559596283,2.509382766660064,1.9023409974176646,1.0,1.0,1.0,0.2,0.8,0.9,150,1171548.8839436264,700284.3464556193
10,66,1.908325221974719,2.0685765286967785,2.0581075727967635,2.510224392931153,1.9091397111701762,1.0,1.0,1.0,0.2,0.8,0.9,151,1013070.2993241752,446871.7216681964
10,67,1.9081918628688275,2.0677575578255123,2.0595340702757796,2.523707640105256,1.9027645290787798,1.0,1.0,1.0,0.2,0.8,0.9,153,939384.461548463,442691.951909817
10,68,1.9081894099970023,2.0677218290349457,2.059496972066773,2.515147529027131,1.9000633032631717,1.0,1.0,1.0,0.2,0.8,0.9,154,939814.4325096916,442937.31360405777
10,69,1.9081678455788689,2.0685480573167956,2.0626342677226734,2.5318593143776655,1.901234330212644,1.0,1.0,1.0,0.2,0.8,0.9,155,942298.040379382,461513.6707164242
10,70,1.9080469047511723,2.0656029442756476,2.0572933146708734,2.5469992699086212,1.902488032887526,1.0,1.0,1.0,0.2,0.8,0.9,157,926129.4265596216,443696.4143671651
10,71,1.907248550117688,2.0578562167397756,2.058349067868855,2.526345548931374,1.9044399464307573,1.0,1.0,1.0,0.2,0.8,0.9,166,6245898.429935401,18800464.671134923
10,72,1.9070068696568154,2.05282236510637,2.0508359671179077,2.5612040779903014,1.9087447436584117,1.0,1.0,1.0,0.2,0.8,0.9,168,1761082.707717629,21605892.43524414
10,73,1.9069370669637857,2.055114869457327,2.060054634247033,2.6597131331091894,1.9001392962169206,1.0,1.0,1.0,0.2,0.8,0.9,185,1782491.0262782688,20463620.95224126
10,74,1.9065851291119107,2.053853754802801,2.0678556622835886,2.7050129905804594,1.9085032361527294,1.0,1.0,1.0,0.2,0.8,0.9,187,3764639.438402261,4882748.508641119
10,75,1.9064412024349493,2.0502680357120426,2.0618483088716033,2.6731020705168795,1.9011648465005457,1.0,1.0,1.0,0.2,0.8,0.9,190,3499216.213521776,4642356.279183077
10,76,1.9060842770199606,2.045242837145102,2.0589003686575067,2.666591304153102,1.9093838549065962,1.0,1.0,1.0,0.2,0.8,0.9,192,4426858.2558791945,4598090.57177972
10,77,1.9060778408341483,2.0462613868074233,2.062237721161657,2.68686410109152,1.900801533331049,1.0,1.0,1.0,0.2,0.8,0.9,194,4076660.707673905,4849930.930257719
10,78,1.9059731099183255,2.0432665884168935,2.0568451040976345,2.691061135280101,1.9010145722194154,1.0,1.0,1.0,0.2,0.8,0.9,196,4024708.324671163,4679207.235794988
10,79,1.905965746731125,2.0431340011081507,2.05670717485902,2.6909199689564036,1.9004338468284256,1.0,1.0,1.0,0.2,0.8,0.9,198,4422328.8272688165,4621360.424341716
10,80,1.905936985448066,2.0449081588647178,2.0631084589326694,2.718103545913022,1.900777801608879,1.0,1.0,1.0,0.2,0.8,0.9,200,4324851.344732782,4284650.483271416
11,0,0.3207424254583428,0.7666538731544196,0.729984193428159,0.4450085645675776,0.0,0.0,0.0,0.0,0.2,0.8,0.9,1,15884008.955617934,10498899.725919778
11,1,0.8973507202187532,1.344794413333071,1.3104252178955205,1.045487712008106,0.5781289210746561,0.14364287043826435,0.27239851149908917,0.3677026470650437,0.2,0.8,0.9,4,15817033.846868232,10469215.63696487
11,2,0.4150770611915924,0.8625593108520012,0.8281877480129388,0.5673758513887208,0.09556533855611707,0.10004337227508435,0.036795830631246966,0.05106313914077456,0.2,0.8,0.9,5,15819612.43236065,10466715.94219551
11,3,2.177920306415947,2.640321196244569,2.6048764347241855,2.3410965092951592,1.975941640898586,1.0,1.0,1.0,0.2,0.8,0.9,6,13031529.023193285,8936574.763243428
11,4,2.177580279664891,2.6412303264857804,2.608100173963252,2.3491105417248073,1.9003318036976182,1.0,1.0,1.0,0.2,0.8,0.9,8,12949330.848679245,8902021.07994211
11,5,2.0711352337118005,2.547293474331795,2.505850435122159,2.249521214094029,2.030390594089875,1.0,1.0,1.0,0.2,0.8,0.9,10,8802879.82954304,5675949.496322546
11,6,2.0651895879678395,2.540392235128938,2.498673180176786,2.2463771565246042,1.9189441309675854,1.0,1.0,1.0,0.2,0.8,0.9,11,8471145.749550162,5453062.169988168
11,7,1.9359673633761991,2.263683080045052,2.2131757083543326,1.955576535435248,2.685718887645743,1.0,1.0,1.0,0.2,0.8,0.9,12,1443195.7003600325,532516.5050796258
11,8,1.9355332298938586,2.2627879063626555,2.2145228965211454,1.9607997493384475,1.9029391515659455,1.0,1.0,1.0,0.2,0.8,0.9,14,1480254.6334669355,553947.7356395427
11,9,1.935521008083101,2.2638795883931673,2.2179366451768554,1.9683961183094758,1.9000832565579957,1.0,1.0,1.0,0.2,0.8,0.9,16,1486766.765143675,558256.6470165713
11,10,1.9354761845034458,2.2636557251897744,2.2177037706821774,1.9760592231709753,1.900610636155259,1.0,1.0,1.0,0.2,0.8,0.9,17,1485658.6158993694,556051.0410950743
11,11,1.9351305415955684,2.2607552731368346,2.212409130939377,1.9796579624800428,1.902366059337174,1.0,1.0,1.0,0.2,0.8,0.9,19,1435807.5011255478,509607.120224973
11,12,1.933474823891776,2.2524949442365694,2.2038185174640117,1.9859234572067797,1.911624252798354,1.0,1.0,1.0,0.2,0.8,0.9,21,1469056.8490145945,490569.42132561904
11,13,1.931049057064686,2.2409397509312514,2.19407934581589,1.996664830873566,1.9179670186153808,1.0,1.0,1.0,0.2,0.8,0.9,23,1444730.0145223625,429387.9926369107
11,14,1.9309009951211369,2.2401375279305635,2.19324493337453,1.9804633752877323,1.9007570094502966,1.0,1.0,1.0,0.2,0.8,0.9,26,1448038.755261093,421497.1421488514
11,15,1.9308723557161769,2.2411253731634915,2.196550478920637,2.0179773874934583,1.9004403745470122,1.0,1.0,1.0,0.2,0.8,0.9,27,1469641.988728855,448493.8178798083
11,16,1.8123468325090109,2.115396335056857,2.0772758477497506,1.9846808759227432,1.7862174878771615,0.4188852661673021,1.0,1.0,0.2,0.8,0.9,42,711667.6121347183,1561213.3009074165
11,17,1.8254060279221087,2.117860776986008,2.07923179595584,1.9899806543480798,1.8349365426018909,0.494776809903765,1.0,1.0,0.2,0.8,0.9,43,720444.0839025378,857484.5853745285
11,18,1.8230783909948913,2.108893613121248,2.0744887987411533,2.025530616946996,1.8020349168993146,0.49144919215175487,1.0,1.0,0.2,0.8,0.9,51,1892884.9695032025,621896.2872210037
11,19,1.810881408315451,2.089539934053726,2.052527753236114,1.9888369950191405,1.7972634761913546,0.4358177539214528,1.0,1.0,0.2,0.8,0.9,53,1541563.0660235265,702530.6825155079
11,20,1.8115724042030368,2.0868035863566328,2.054172559949219,2.02521362205956,1.7981838734483118,0.44406735195792696,1.0,1.0,0.2,0.8,0.9,55,2206016.6705719265,841820.4153551435
11,21,1.811181165228391,2.086352048198971,2.0537182365706155,2.032229073685496,1.788531976419121,0.4421613664517576,1.0,1.0,0.2,0.8,0.9,57,2215082.0971552087,841034.2511079459
11,22,1.807028347836178,2.0767177951318603,2.0415574505070206,2.0004688797250956,1.799639337021799,0.4250280922649545,1.0,1.0,0.2,0.8,0.9,58,1361654.476725985,780394.3418553116
11,23,1.8030442883423032,2.0679052415946186,2.032521943812433,1.9949895865180012,1.7972349538490866,0.4088421551558918,1.0,1.0,0.2,0.8,0.9,59,1326203.6435588114,731969.4174650771
11,24,1.8069774035810606,2.065103818615257,2.0294099372977272,1.9954418944589989,1.8088259442090817,0.43366358253838494,1.0,1.0,0.2,0.8,0.9,60,1232942.7453540813,749133.0517127222
11,25,1.8018249997795013,2.0521697977853206,2.01611955974168,1.9856820501125747,1.807960472204857,0.41354700109393194,1.0,1.0,0.2,0.8,0.9,61,910311.667590798,1071989.998627802
11,26,1.81262320331993,2.0625721158962165,2.026503888585869,2.0042888373650105,1.7948002549098714,0.46780838892939397,1.0,1.0,0.2,0.8,0.9,62,884439.3821370112,939680.6731286792
11,27,1.7975589121935802,2.0424604151390167,2.0084343648567704,1.9863708131789233,1.799335607914831,0.39676521572542567,1.0,1.0,0.2,0.8,0.9,63,869088.7418136456,1123239.3065299655
11,28,1.7934799274927795,2.0150214190891984,1.982217159437277,1.9757585447719532,1.8042656231977965,0.3916299862959325,1.0,1.0,0.2,0.8,0.9,66,1255290.1221909192,995032.0117533284
11,29,1.7995148063174224,2.019762242468443,1.986900195552162,1.9917843850132262,1.788591476785708,0.42254685278776405,1.0,1.0,0.2,0.8,0.9,67,1049090.255849664,802633.2373235471
11,30,1.7995073938882657,2.0185563790078747,1.983368192644491,1.9906728231978708,1.7845948354537429,0.42254118626949105,1.0,1.0,0.2,0.8,0.9,69,1048543.0665089112,802496.2954864007
11,31,1.799507378442566,2.019699700306002,1.98683521052339,2.0030854638099815,1.7845084191569192,0.4225411862694911,1.0,1.0,0.2,0.8,0.9,71,1048533.2347944926,802503.6835760869
11,32,1.7995070386047574,2.020839672030014,1.9902988990758401,2.023175440958821,1.7845129148013528,0.42254118626949105,1.0,1.0,0.2,0.8,0.9,73,1048280.4297885158,802696.4365349928
11,33,1.7939407773322222,2.0137937200581595,1.9831871073268204,2.0198761475088625,1.7837744598733571,0.39555137873461227,1.0,1.0,0.2,0.8,0.9,74,1450519.346105362,1005724.6473101988
11,34,1.8033231241170864,2.0140927283734986,1.9853561181676724,2.0231706235937317,1.805669236092803,0.4480674123714228,1.0,1.0,0.2,0.8,0.9,76,1056485.8950392648,750376.1670001755
11,35,1.8033130402902342,2.0161578135547398,1.9920595865099133,2.062968070573501,1.7902880850838119,0.44812918492505444,1.0,1.0,0.2,0.8,0.9,77,1056408.3256505611,748529.570954578
11,36,1.7762228695404803,1.9795600808367384,1.9527688740170168,2.091565385044756,1.7663008030542082,0.3169961156122984,1.0,1.0,0.2,0.8,0.9,86,921490.6917618628,291527.0006777854
11,37,1.801750365436723,2.004077550768186,1.9795155137306133,2.1089892471172664,1.7925296886695108,0.445720164180507,1.0,1.0,0.2,0.8,0.9,88,1083466.0345806982,478056.5815931636
11,38,1.7807141344087407,1.9793904781209601,1.9569420072560573,2.119469421347344,1.7833991188219218,0.3428721208524307,1.0,1.0,0.2,0.8,0.9,89,852567.2242628343,553771.5974853361
11,39,1.7722659657879394,1.964347254829335,1.9438838816294246,2.079211840926466,1.784993211137703,0.30429755390729235,1.0,1.0,0.2,0.8,0.9,90,1117805.5923932022,679587.3543433173
11,40,1.7688939929968566,1.918427734288199,1.896125189055875,2.0429860910207354,1.8909226685078908,0.3046496098939659,1.0,1.0,0.2,0.8,0.9,91,908049.133276314,708729.256853824
11,41,1.7688375488892836,1.9187177515803753,1.8987048225315153,2.055213934609297,1.7621343153074773,0.3046496098939659,1.0,1.0,0.2,0.8,0.9,93,910100.2578384592,696642.239824843
11,42,1.7688367935515839,1.9186617427281805,1.8986463374971252,2.06345407203388,1.7610169831757865,0.3046654446798691,1.0,1.0,0.2,0.8,0.9,95,910036.4355041852,696503.3249810837
11,43,1.7688340024386617,1.9186289627837962,1.898612186016749,2.0717189780363494,1.7609775004875936,0.3046620453843229,1.0,1.0,0.2,0.8,0.9,97,909864.1823207592,696775.2678432149
11,44,1.7671351950128882,1.8907996445936934,1.869669168308337,2.054753111693228,1.8397521266166619,0.3047488764843325,1.0,1.0,0.2,0.8,0.9,98,963696.6194712828,357621.2498377943
11,45,1.7701929894832715,1.892463603757685,1.8758251165463062,2.0714993073162224,1.7669898839068798,0.32114533289055086,1.0,1.0,0.2,0.8,0.9,102,911206.633016482,366197.9871424411
11,46,1.77056086309352,1.891611224371327,1.874921059178969,2.0998890644894197,1.765583889233398,0.3233467183460013,1.0,1.0,0.2,0.8,0.9,106,859014.0876878971,394873.95141486527
11,47,1.7659242122065164,1.8842398487027037,1.8674339319155928,2.1060474172329804,1.7683855372724397,0.3009655828058359,1.0,1.0,0.2,0.8,0.9,107,928368.9707988016,320501.7725612073
11,48,1.7703969303414708,1.8921124524157165,1.882276866487623,2.148516035105201,1.764690117587969,0.3233378866694809,1.0,1.0,0.2,0.8,0.9,111,886014.7556306663,352617.91829110635
11,49,1.7672996543068589,1.8817876761809775,1.8648199053219336,2.1075898734139957,1.7655773594301039,0.3089445217907659,1.0,1.0,0.2,0.8,0.9,114,896433.279999563,316584.13817016885
11,50,1.7694252562906045,1.8869106710858645,1.8768961238420507,2.1624617199960037,1.7641983587655865,0.3196957611771914,1.0,1.0,0.2,0.8,0.9,119,843972.7850147468,421504.391229432
11,51,1.770565919483284,1.8856404358092722,1.8732484375108283,2.169645880645775,1.7689396462849176,0.32575754820431924,1.0,1.0,0.2,0.8,0.9,120,843241.9456097048,379109.80799832335
11,52,1.768255304244585,1.8861838327126885,1.8830145220378887,2.253524375490632,1.7635797170890886,0.3146868482680303,1.0,1.0,0.2,0.8,0.9,128,908624.621930934,341265.0224484478
11,53,1.7695209947413084,1.8866073555264289,1.8856780574294398,2.280205546913455,1.7657958464777959,0.3215664402044212,1.0,1.0,0.2,0.8,0.9,132,964820.4552446352,324839.51131918695
11,54,1.7693863661329934,1.8838561953066362,1.8805410744796323,2.2851830773863457,1.766458951158957,0.3212982575443052,1.0,1.0,0.2,0.8,0.9,134,910755.5572587284,334426.8208681151
11,55,1.7678249422259,1.8833137015609918,1.8823169665831987,2.289139941232172,1.7630758497296133,0.3135251405897519,1.0,1.0,0.2,0.8,0.9,135,885060.2010988186,317611.42530111613
11,56,1.7678234611086023,1.883284951110693,1.8822869432537574,2.2891094205226303,1.7627454344831217,0.3135251408940542,1.0,1.0,0.2,0.8,0.9,137,885397.3315712473,317175.65816933976
11,57,1.7695521014941962,1.8851449945368826,1.8864284226129975,2.3074741942240835,1.765495740586378,0.3224443439693518,1.0,1.0,0.2,0.8,0.9,140,889772.2319287885,334749.78334787843
11,58,1.7694839850903312,1.8848052365603487,1.8860771974106498,2.320399718112959,1.7652450371260413,0.3221774970211032,1.0,1.0,0.2,0.8,0.9,141,893693.377379967,338909.4428813777
11,59,1.7686699082824942,1.881265297766964,1.8801465952479077,2.3267619307424656,1.7684279987033316,0.31853484909268015,1.0,1.0,0.2,0.8,0.9,142,896104.8350920351,372039.1484394833
11,60,1.768321628943215,1.8804462898774335,1.879307795668052,2.2993515734094006,1.7640856692812126,0.3169198901464594,1.0,1.0,0.2,0.8,0.9,144,884366.4254215818,375718.2072538286
11,61,1.7681833110406977,1.880287049155732,1.879147598285423,2.346196288277706,1.7632572359826333,0.3162339433525903,1.0,1.0,0.2,0.8,0.9,150,893200.3239537408,384194.45187409496
11,62,1.7679325161307196,1.8793028804922471,1.8781326863552668,2.3291531405090042,1.7637639340063416,0.31517627551516825,1.0,1.0,0.2,0.8,0.9,153,884940.0604278935,381175.4756216604
12,0,0.3557715143537351,0.7865642999599447,0.7506909987319428,0.4660529559538027,0.0,0.0,0.0,0.0,0.2,0.8,0.9,1,12176463.35508951,10473473.994367223
12,1,2.0801236355639596,2.513236466957003,2.4796311776746864,2.2012269478678657,1.7279087365897259,0.13461273831099926,1.0,1.0,0.2,0.8,0.9,5,12081315.019595446,10411545.209846748
12,2,2.199485504377733,2.654642021244674,2.61976999823843,2.349918511304012,1.989629417413862,1.0,1.0,1.0,0.2,0.8,0.9,6,10305946.87998677,8827150.015389007
12,3,2.199483978818039,2.654640904719969,2.619768868645527,2.3603125363511057,1.900001398987353,1.0,1.0,1.0,0.2,0.8,0.9,8,10306628.46626588,8827084.044673359
12,4,2.19914719846186,2.655568457618816,2.6230116326071613,2.378922373726711,1.900610536615559,1.0,1.0,1.0,0.2,0.8,0.9,9,10242599.32665524,8829978.80207256
12,5,1.8069383158660262,2.2070431121021716,2.1627804487862803,1.9055226992828387,2.57259497243875,0.22091106468456698,1.0,1.0,0.2,0.8,0.9,10,2584588.4770988184,1598583.6365960669
12,6,1.7604350153380288,2.116582186761767,2.0698181830420697,1.8114853975389105,1.893177400672112,0.08132826003921186,1.0,1.0,0.2,0.8,0.9,11,1231552.6145096996,726339.424884034
12,7,1.761077646144645,2.117891366605234,2.0734258213005328,1.8326403588096105,1.717972582956152,0.08534523079926153,1.0,1.0,0.2,0.8,0.9,13,1257379.0372024458,737485.574334026
12,8,1.7585666529457704,2.111841094239542,2.0649239989795194,1.8297567103674495,1.7243813471706602,0.0767670091546643,1.0,1.0,0.2,0.8,0.9,14,901297.0936572097,743126.6389029765
12,9,1.7561459720982642,2.103125776366763,2.0558764882717018,1.8295768622723685,1.7384468231101324,0.07471676488901718,1.0,1.0,0.2,0.8,0.9,15,946096.9484783276,726505.0229049092
12,10,1.7492120518525358,2.079747368786652,2.033915921751309,1.8091896720206249,1.7771991728226881,0.0653921127435612,1.0,1.0,0.2,0.8,0.9,16,1181549.6595459606,900910.3864386636
12,11,1.7478199670958057,2.074091754271706,2.0280450119644233,1.8063238508960073,1.7280357573334566,0.06403065949950258,1.0,1.0,0.2,0.8,0.9,17,1078926.6161311672,650110.1381363774
12,12,1.7495085169843843,2.0730223926525957,2.024570599612123,1.824879669050373,1.7177790556236037,0.07454408484135268,1.0,1.0,0.2,0.8,0.9,19,1122244.2075940592,638248.4604523777
12,13,1.7391387384562105,2.0499635074072167,2.0076844191579424,1.779881772061891,1.7649258673222656,0.04197576533468071,1.0,1.0,0.2,0.8,0.9,20,1433391.2425487735,707124.8803941751
12,14,1.7370209967519625,2.041894942744895,1.9970572922851253,1.7846209479611777,1.723936689303636,0.03668344383114508,1.0,1.0,0.2,0.8,0.9,21,1281148.087620156,796042.7168619052
12,15,1.7370204748672382,2.041979715670556,1.9994143397497242,1.8026742909398612,1.7094409086298774,0.03785258870017319,1.0,1.0,0.2,0.8,0.9,23,1307004.2700997114,784434.1328599871
12,16,1.7387539086088863,2.042991458655357,2.0003914082785665,1.800197555848671,1.7106405926929913,0.04726016735094153,1.0,1.0,0.2,0.8,0.9,25,1212300.9155300094,694772.9870119811
12,17,1.736296716144766,2.0391024722180005,1.9987016165370068,1.8076763562896967,1.7119536404718518,0.03769647880520112,1.0,1.0,0.2,0.8,0.9,27,1268149.3872211128,757396.3262681989
12,18,1.7362962911110222,2.040243281335541,2.0021661374210686,1.81707681924152,1.7075428667898493,0.03769647880520112,1.0,1.0,0.2,0.8,0.9,29,1268074.2986638076,757341.7660195712
12,19,1.733207649942323,2.025817904094303,1.9826542230339546,1.7799356860500035,1.7386430742157737,0.03184231213219071,1.0,1.0,0.2,0.8,0.9,30,1356957.8219996288,628306.2644776265
12,20,1.7364379760150488,2.028481470982716,1.9898329006378388,1.8080607568517912,1.7182273714848657,0.05033105161522693,1.0,1.0,0.2,0.8,0.9,31,1184810.390880455,595384.1999763207
12,21,1.7385494379994484,2.0267537505876994,1.9879201842817298,1.7975875534509291,1.7199702282021256,0.064821258908414,1.0,1.0,0.2,0.8,0.9,33,1355576.398820875,632374.0109503451
12,22,1.7799916777332765,2.064246744756259,2.029765722957472,1.885974660132423,1.766057594182999,0.277747179997477,1.0,1.0,0.2,0.8,0.9,35,1180184.4072236582,594637.2634524765
12,23,1.7788990875157298,2.0641090492252525,2.0319431448943193,1.9247882408108157,1.754784011359126,0.27244187268643066,1.0,1.0,0.2,0.8,0.9,37,1172800.1672676876,593298.4484602306
12,24,1.778862733300055,2.064996407234712,2.0351439355617886,1.9352640188803023,1.7548297167052351,0.27244187268643066,1.0,1.0,0.2,0.8,0.9,39,1171419.9381318337,591577.7871691937
12,25,1.7335831941031432,2.0133404773730956,1.9741104291745009,1.8454646618027701,1.7118890712358072,0.04732858974639066,1.0,1.0,0.2,0.8,0.9,41,1145129.871516809,601612.9314769786
12,26,1.7335273591358844,2.016924904086517,1.9869462094585475,1.8874185167974997,1.7111230725878115,0.04786503799761331,1.0,1.0,0.2,0.8,0.9,43,1244710.9909466433,622544.6141924319
12,27,1.7398299675320155,2.0097951246114167,1.9791876050273527,1.882125004688925,1.7636568076645796,0.09083343642718682,1.0,1.0,0.2,0.8,0.9,44,1034674.3552486196,533594.7940441883
12,28,1.7515631699587235,2.0165537989734035,1.992532026469171,1.8839767386426591,1.7344311849286786,0.1557080647181977,1.0,1.0,0.2,0.8,0.9,52,1150462.280417092,438365.9848556784
12,29,1.7438296898761236,1.9995561144365253,1.9728386174317905,1.8723094098406534,1.737751821240773,0.12296043733435509,1.0,1.0,0.2,0.8,0.9,54,1099559.0235284525,406147.83907148574
12,30,1.7572405317840492,2.0121918257881855,1.9877103667322773,1.8945135005660994,1.7413701319636377,0.19136712102476583,1.0,1.0,0.2,0.8,0.9,56,1112459.4233450417,403455.38573894656
12,31,1.7604028001518317,2.0157984934622175,1.9936092014099756,1.9078390381409047,1.742660718289832,0.20766705479010059,1.0,1.0,0.2,0.8,0.9,58,1117712.005473236,401306.2305117159
12,32,1.7523771397559553,2.0060749247388197,1.986080325326467,1.947591871205221,1.7357303086744345,0.1695012780696895,1.0,1.0,0.2,0.8,0.9,63,1098808.9976479367,421547.329343996
12,33,1.747496368373724,1.9993636539243127,1.9792857086285038,1.9487276889465828,1.7322110465019371,0.1463425603143526,1.0,1.0,0.2,0.8,0.9,65,1145415.1464844432,421461.2654665842
12,34,1.7455642273948737,1.9953645975399432,1.9729209171749948,1.9305932993827777,1.7289443977618868,0.13730457271818836,1.0,1.0,0.2,0.8,0.9,67,1095878.9432197,399249.2369706907
12,35,1.7459965602668406,1.9955810957314877,1.9731276388392982,1.9463046139868783,1.7286144928789944,0.1396110538839891,1.0,1.0,0.2,0.8,0.9,68,1098570.825236574,399469.7597029204
12,36,1.7662303538769657,2.013969403248224,1.9914322783656355,1.9646262264784329,1.754325414433466,0.2420116366436563,1.0,1.0,0.2,0.8,0.9,69,1170869.4279323549,468898.414092954
12,37,1.7461565249709121,1.9962635554826837,1.9829221530991634,1.98967345710102,1.7297951010173462,0.14309313543404334,1.0,1.0,0.2,0.8,0.9,75,1091720.448794846,403845.00526611897
12,38,1.7260907648489154,1.9786401291446496,1.9722256729053682,2.003525420672909,1.7097344821751896,0.04340741214209321,1.0,1.0,0.2,0.8,0.9,78,1169190.6584100293,519482.5437638766
12,39,1.725734284447645,1.9765420104145015,1.9700488756362486,2.0013160032469948,1.7104049555601015,0.04274921417654183,1.0,1.0,0.2,0.8,0.9,81,1179748.1547009496,558090.1629647803
12,40,1.725643266778486,1.9766271977231593,1.9724144334363474,2.024929287824487,1.7101258148076672,0.04291276741410955,1.0,1.0,0.2,0.8,0.9,83,1174768.221731894,526225.7293463186
12,41,1.7253628550330367,1.9756103847348627,1.9736365393303044,2.03969490978602,1.7115377097518403,0.04270233281083445,1.0,1.0,0.2,0.8,0.9,85,1178422.4224457322,508004.4798937353
12,42,1.7253038985168954,1.9754675987011399,1.9734900034084326,2.043807703685952,1.7086249895673165,0.04246013433016959,1.0,1.0,0.2,0.8,0.9,87,1189989.417222666,522204.0179128445
12,43,1.7254107483660182,1.9765043314458421,1.976841065193002,2.0649940423731787,1.7089662581959064,0.04312885127701666,1.0,1.0,0.2,0.8,0.9,89,1205169.0834910974,534595.9254062703
12,44,1.725397774733831,1.9749631232129743,1.9752310818592016,2.0846656355145323,1.7097787948259255,0.04402144599861943,1.0,1.0,0.2,0.8,0.9,94,1200603.9403527149,555443.3902570634
12,45,1.7250021188503144,1.9727644753392548,1.9729514394909766,2.09513240758696,1.7143592421813132,0.04315787701797349,1.0,1.0,0.2,0.8,0.9,95,1203533.308973197,556177.8204026669
12,46,1.7240074462025563,1.9736452570393697,1.9807339742628742,2.1347179780797148,1.7083758155637305,0.03913621096191116,1.0,1.0,0.2,0.8,0.9,104,1252333.9787019806,605759.122002919
12,47,1.7246054609828583,1.9703236997112077,1.9749641497196864,2.1114351389260415,1.7175657139317049,0.04380240692285654,1.0,1.0,0.2,0.8,0.9,105,1119267.971487578,408507.794931865
12,48,1.7250436581044917,1.9693902896335067,1.9785149135482607,2.1509585421412387,1.7212082460532792,0.04815687615238824,1.0,1.0,0.2,0.8,0.9,106,1131285.091912956,480134.9604498169
12,49,1.725256057608167,1.9677259403974672,1.9744938877452385,2.137562172218781,1.712246815929999,0.049646590819157524,1.0,1.0,0.2,0.8,0.9,107,1117954.8222828342,478591.137404205
12,50,1.7250267394151249,1.9680379932254817,1.9771030013158617,2.158344779294083,1.7116718147062655,0.04884959217537095,1.0,1.0,0.2,0.8,0.9,108,1120176.2645765585,473347.1596015981
12,51,1.7249043908723856,1.9632861791023335,1.9675989172572037,2.1469084226410042,1.717310566762273,0.0495856779358946,1.0,1.0,0.2,0.8,0.9,109,1114646.962749865,447023.8213481768
12,52,1.7251278909072838,1.9642563537334028,1.9708753249756388,2.142413129981436,1.710810861403189,0.0509292678610226,1.0,1.0,0.2,0.8,0.9,111,1114765.5317371695,444419.8634240283
12,53,1.7248469289685153,1.9627357347269014,1.971572538380633,2.157121362865401,1.7139265823533265,0.050871088523923316,1.0,1.0,0.2,0.8,0.9,113,1099239.8542178844,424514.48839606176
12,54,1.7258808518357167,1.963189821688355,1.972000856341094,2.179407769560285,1.712185781373095,0.05636548841746277,1.0,1.0,0.2,0.8,0.9,115,1102425.3555415648,428614.8128949888
12,55,1.7243097169493264,1.9613868107920207,1.9724606263588091,2.1895291031425055,1.714179600527296,0.049275043396383986,1.0,1.0,0.2,0.8,0.9,116,1103064.3969303577,434951.805778984
12,56,1.7247465725149196,1.9626820054177045,1.9760669246187716,2.202831891203512,1.71077141782657,0.05161708380379152,1.0,1.0,0.2,0.8,0.9,118,1106847.272965926,437507.3930655168
12,57,1.725940551187421,1.9624654412076068,1.9735147635969095,2.2038543962668578,1.7119662266771967,0.05773445144597712,1.0,1.0,0.2,0.8,0.9,120,1109825.5465667604,439157.65068270825
12,58,1.7242257368156573,1.9614321194867035,1.974784675125429,2.223824121660987,1.7103668385714386,0.04941505620514437,1.0,1.0,0.2,0.8,0.9,123,1105211.4641324235,436348.627349599
12,59,1.7255762646192525,1.9599573198113598,1.96863827284022,2.2245623485261343,1.7129849671705322,0.05646376570788071,1.0,1.0,0.2,0.8,0.9,124,1116311.138649764,439570.2710643783
12,60,1.7251448565756502,1.9598953347534112,1.9708659162071207,2.227735195107106,1.7117559285965558,0.05473027141900398,1.0,1.0,0.2,0.8,0.9,127,1118153.5574366534,443794.0957810918
12,61,1.9141085204473098,2.1583199931891994,2.190168516830845,2.639898271809858,1.9000928124499032,1.0,1.0,1.0,0.2,0.8,0.9,155,1275995.3283842928,11771672.778249104
12,62,1.9140451919593011,2.157672408860182,2.189495041651955,2.6439408703106633,1.9009160416790518,1.0,1.0,1.0,0.2,0.8,0.9,157,1275052.8919175467,11748490.075996572
12,63,1.7172506830230092,1.9632049091418073,2.013316653798484,2.5748022560031174,1.7049891829526247,0.01964027140124589,1.0,1.0,0.2,0.8,0.9,177,1145888.327152126,412686.6579557709
12,64,1.9126848944446544,2.147794793924431,2.1883350091934,2.7569859495506943,1.9065924480868244,1.0,1.0,1.0,0.2,0.8,0.9,180,1307521.6485373548,11822327.252254846
12,65,1.9126277228737565,2.147161724416581,2.1876766348880476,2.770557185099958,1.9008839086887694,1.0,1.0,1.0,0.2,0.8,0.9,182,1297739.5171904794,11775032.187152194
12,66,1.9125916167563668,2.147905329870246,2.1907279031265885,2.7844589473827397,1.9005746012430955,1.0,1.0,1.0,0.2,0.8,0.9,184,1291550.916971176,11773380.844199233
12,67,1.912470459122833,2.1465571262887138,2.1893258405256204,2.7684142217630527,1.9018989830691653,1.0,1.0,1.0,0.2,0.8,0.9,186,1272795.7299452815,67836162.36371604
13,0,0.46415968672467417,0.8377748220887665,0.8039495205145666,0.5201800896504466,0.0,0.0,0.0,0.0,0.2,0.8,0.9,1,941651.9611444124,10429094.941947708
13,1,0.48547821031268146,0.8591093395652413,0.8252837652125221,0.5454968289250505,0.021360736934560188,0.10582530539501589,8.762463343105e-05,0.00012218186158464002,0.2,0.8,0.9,3,959785.3748255688,10428360.20351252
13,2,2.183660448234044,2.561244155540552,2.5296621994396946,2.2553925518839364,1.7262274636316288,0.12166901352394222,1.0,1.0,0.2,0.8,0.9,6,1627706.9505403722,10617282.006066212
13,3,2.1412005646436083,2.540445062767293,2.5081875649268444,2.241806352687833,1.7682386921069013,0.10212050007976584,1.0,1.0,0.2,0.8,0.9,7,2314557.213786936,9706488.243563984
13,4,2.12993338012302,2.5351039282164036,2.5026420727853513,2.2476800694016785,1.7274438400125822,0.10098603438621918,1.0,1.0,0.2,0.8,0.9,9,2472079.3287033774,9492784.193293016
13,5,1.6785650448211096,2.0376704098772427,2.011330727704533,1.7753927375614231,1.1947238448538933,0.33789459213525547,0.2700381021862346,1.0,0.2,0.8,0.9,10,113042.85912408184,11293336.19917678
13,6,2.097477961624455,2.520028779275303,2.486895728169012,2.2318885457179105,1.7582120069533327,0.10952130824433551,1.0,1.0,0.2,0.8,0.9,11,3072002.1467533205,8844097.21726722
13,7,1.8223141545379307,2.2792389584498847,2.236984595926769,2.0064053316433057,1.9243360172558037,0.04595704227000923,1.0,1.0,0.2,0.8,0.9,14,447964.7182310218,2225366.065392724
13,8,1.8085226381628359,2.2563336689821543,2.2154487058940115,1.9893247802065752,1.7427828674562709,0.045056522868061735,1.0,1.0,0.2,0.8,0.9,16,463846.262314475,1854123.3925297367
13,9,1.8013612047475007,2.2428429703197716,2.2014321204180645,1.9750934360139105,1.74591182034147,0.04335796075729274,1.0,1.0,0.2,0.8,0.9,17,504070.13204117614,1547652.1327157568
13,10,1.9220092223736365,2.400921784444551,2.364772332424213,2.1319780873096996,2.0459292789172094,0.17593475344050571,1.0,1.0,0.2,0.8,0.9,18,290722.45317540405,3909793.388585347
13,11,1.9498948452489975,2.322999013271292,2.279420386857032,2.047244647394814,1.9080965435804407,1.0,1.0,1.0,0.2,0.8,0.9,20,153356.953915131,614754.3691257974
13,12,1.9495719435522796,2.321848992824933,2.278224207425599,2.0575526084963216,1.9016963214865235,1.0,1.0,1.0,0.2,0.8,0.9,22,155586.35979062837,666391.1912467239
13,13,1.94954550256764,2.3228954556048844,2.2815905726316643,2.0783084826939326,1.9001338838856294,1.0,1.0,1.0,0.2,0.8,0.9,24,155607.49894505166,665216.6926031174
13,14,1.9474405609097754,2.315178874236053,2.2735655284868765,2.070746674580636,1.908564082298684,1.0,1.0,1.0,0.2,0.8,0.9,25,150274.15254624776,572317.9411357191
13,15,1.8364677199625905,2.273923319553493,2.238907505287732,2.0496378160626376,1.758968172157154,0.2536843484865761,1.0,1.0,0.2,0.8,0.9,27,424083.81380425504,1549326.7811402683
13,16,1.8364625998359958,2.2750554756045682,2.2423632866898644,2.065885143311605,1.7507444286038534,0.2536843484865761,1.0,1.0,0.2,0.8,0.9,29,423310.4236387544,1549535.685127145
13,17,1.835669605625411,2.2723429842013765,2.2372688248728325,2.0676574943063475,1.751333264125721,0.2530749737068492,1.0,1.0,0.2,0.8,0.9,30,424541.263063752,1530953.9254363272
13,18,1.8356653244103267,2.273477094170686,2.24072656819948,2.0773962756278945,1.7506224013647067,0.2530749737068492,1.0,1.0,0.2,0.8,0.9,32,423944.0012891173,1531107.7068447473
13,19,1.8342790587598254,2.2581160996794307,2.2266252068653922,2.0828566519588083,1.7612199553484218,0.30361801781421527,1.0,1.0,0.2,0.8,0.9,34,187512.5774789484,1185778.364333094
13,20,1.8007819229251254,2.1845925761435203,2.1529138662342553,2.0261638252853587,1.7534916970454455,0.24427845386462432,1.0,1.0,0.2,0.8,0.9,35,207453.5264479468,655049.5834627751
13,21,1.7897411357737125,2.1603771859431458,2.127968035142825,2.0180283345733265,1.7833001808720514,0.21452903678067906,1.0,1.0,0.2,0.8,0.9,37,188001.49369229705,2438358.14821857
13,22,1.7900137505639608,2.16070859863383,2.1305643060672494,2.028331632035463,1.7471997663389551,0.2178455350772075,1.0,1.0,0.2,0.8,0.9,39,186008.17606252423,2543664.1950609297
13,23,1.7897932783862538,2.162701640535387,2.1372010629358447,2.0324348837237634,1.7436925831539907,0.21687578075341557,1.0,1.0,0.2,0.8,0.9,41,173378.93234856048,2801814.740844236
13,24,1.7889767037546216,2.15982782351245,2.134215835320591,2.0294026297911456,1.7433230380482292,0.2164423196155397,1.0,1.0,0.2,0.8,0.9,42,167491.31525712338,2760188.090494281
13,25,1.788985718711335,2.1625191387664784,2.139314405538296,2.0420821522679464,1.7432576860393283,0.2137637182396225,1.0,1.0,0.2,0.8,0.9,43,175800.6998839698,2793339.7773127053
13,26,1.792885619291563,2.1705469670162896,2.14078474495966,2.0561796297020294,1.7443512794119171,0.2192961762509241,1.0,1.0,0.2,0.8,0.9,45,175334.69729929342,2585953.315396491
13,27,1.7885560275141104,2.1682487113989746,2.138599080045683,2.084419782024021,1.755253527740785,0.1937143563846927,1.0,1.0,0.2,0.8,0.9,46,213593.1851124401,804006.7220853353
13,28,1.7847648388503834,2.154991105451327,2.1248214507525387,2.066802829787866,1.7450355604268029,0.1924415602304022,1.0,1.0,0.2,0.8,0.9,48,184916.884492899,723315.1539344741
13,29,1.7683207917097952,2.1160463524666224,2.086951542401442,2.0586701848595714,1.7548099430372526,0.14816949933292722,1.0,1.0,0.2,0.8,0.9,51,212422.80286650456,807022.0093189869
13,30,1.7681300043137775,2.1152195560455485,2.0860919856730753,2.061475892823904,1.7296408893610633,0.14813176723976768,1.0,1.0,0.2,0.8,0.9,53,210650.86584659488,801176.5586367524
13,31,1.767088667420689,2.1123151085276723,2.0853568391181923,2.0804947692628035,1.7306121202650435,0.14718786572153347,1.0,1.0,0.2,0.8,0.9,54,203849.43808649053,773649.7817068206
13,32,1.768977059284686,2.11014129840577,2.082975783292791,2.085498176631745,1.7484601356379814,0.16222218827272178,1.0,1.0,0.2,0.8,0.9,55,184387.00597157504,727375.9675751436
13,33,1.7689816277513626,2.111306112804473,2.086465630838771,2.0978799175445744,1.7324909888939088,0.16222218827272178,1.0,1.0,0.2,0.8,0.9,57,184022.97996308052,727816.8979098432
13,34,1.7689874153763432,2.1113331885285738,2.0864935734000425,2.0979086615163967,1.7325014581805451,0.16222218827272178,1.0,1.0,0.2,0.8,0.9,59,183573.0528250644,728368.0908299967
13,35,1.7702541971207935,2.111491753116112,2.0843299153708266,2.101794677939317,1.7451722270812402,0.16850831276000977,1.0,1.0,0.2,0.8,0.9,60,191632.3663123448,723261.4578331386
13,36,1.7702588404349258,2.112656846645991,2.0878199412735814,2.1143915839936884,1.7337590620014707,0.16850831276000977,1.0,1.0,0.2,0.8,0.9,62,191192.20435475063,723753.8499065697
13,37,1.7662842725428505,2.095003313640308,2.0694791758523996,2.0981258884924388,1.7353896081477056,0.16616420207634264,1.0,1.0,0.2,0.8,0.9,63,200388.1640578976,801547.6745527027
13,38,1.7665053307902108,2.095256063968275,2.072000707597113,2.1120980087758388,1.734622305031568,0.16861146990369208,1.0,1.0,0.2,0.8,0.9,65,210016.2671883345,875048.5993430984
13,39,1.7715979306019274,2.1102147884730296,2.085186365098634,2.1103074099588164,1.7489103687650531,0.18024468551003447,1.0,1.0,0.2,0.8,0.9,66,224617.26896417307,932115.1520665352
13,40,1.7592001849393246,2.085236297079993,2.0573118049841383,2.0983914964223436,1.7279389675364358,0.13259899027429473,1.0,1.0,0.2,0.8,0.9,67,234423.83439800816,815294.9664020347
13,41,1.8312061540777673,2.2859292243320333,2.274599079752055,2.3614716508237534,1.7416472039961797,0.20066574597751594,1.0,1.0,0.2,0.8,0.9,70,244128.81441972795,2446023.6312012267
13,42,1.8217855391311608,2.268120396468155,2.253913668762661,2.320679962318578,1.7520804647750285,0.18643015756257944,1.0,1.0,0.2,0.8,0.9,71,236829.5308785263,2268825.9864985086
13,43,1.8247502052863382,2.273696767376156,2.2596850718693173,2.3304243426568,1.7413943279485284,0.1899117603262647,1.0,1.0,0.2,0.8,0.9,72,240319.1908153394,2250269.0088387225
13,44,1.8227072810683147,2.2693904236988955,2.2552093068852868,2.3258775773072506,1.738498265922491,0.18957307650058777,1.0,1.0,0.2,0.8,0.9,73,230338.08815326533,2203859.340231175
13,45,1.820435976372417,2.26560787610498,2.253555325016638,2.345340241589485,1.738457186141817,0.18936073168727113,1.0,1.0,0.2,0.8,0.9,74,202472.49955095787,2161053.551942137
13,46,1.8240869435405151,2.27362442342473,2.266371792524293,2.361633291192111,1.7398729293021997,0.199005609166318,1.0,1.0,0.2,0.8,0.9,77,216820.5603499928,2564252.430183593
13,47,1.8300230402347795,2.286228072803703,2.2794806056751606,2.378851177393537,1.7434030977595814,0.19888019701433143,1.0,1.0,0.2,0.8,0.9,79,198331.99353385848,2731608.90295901
13,48,1.8144937423450513,2.256768967688392,2.246750481663088,2.362511704158862,1.7411648778187452,0.1757087229151494,1.0,1.0,0.2,0.8,0.9,80,183231.6623450064,2572740.099415649
13,49,1.7915789130853303,2.197928630286894,2.1901263639039192,2.3001477413833933,1.7399372451335968,0.17405325654131318,1.0,1.0,0.2,0.8,0.9,81,206947.4025199409,1768807.874166005
13,50,1.815754664327732,2.2619109693942354,2.2544115195334817,2.3806907449289554,1.7562132485727044,0.1713102471126971,1.0,1.0,0.2,0.8,0.9,82,189228.74438078143,2626623.137832707
13,51,1.8196726867088586,2.2704046846554755,2.263240298439354,2.389660000331357,1.7357718264240771,0.17188960779145915,1.0,1.0,0.2,0.8,0.9,84,200317.99984494827,2726799.711763712
13,52,1.817303379052022,2.266063883087377,2.260994330442553,2.405379194539164,1.7354721869827348,0.17307993903114594,1.0,1.0,0.2,0.8,0.9,85,211103.15309306665,2645763.552508088
13,53,1.8216465880213242,2.275687660575843,2.271009709152898,2.4213093862045514,1.7346164297562612,0.17224340511798653,1.0,1.0,0.2,0.8,0.9,88,202908.5512217813,2714646.5380651574
13,54,1.8172538329365762,2.2671901000420376,2.264447513650082,2.4329213618587304,1.7355750518495974,0.1726008423552263,1.0,1.0,0.2,0.8,0.9,89,226659.8828208654,2684762.4177073976
13,55,1.739655347598019,2.0291160731360414,2.0175835565422844,2.1823300752126373,1.723254263089614,0.08118829244735082,1.0,1.0,0.2,0.8,0.9,90,147686.27139257983,448932.1391328205
13,56,1.8193777088983976,2.2691433149268567,2.264146815988779,2.4881685084155047,1.7360386249782993,0.17935230007527525,1.0,1.0,0.2,0.8,0.9,102,204100.7658719851,2782299.2342258184
13,57,1.8183013342312746,2.2680340252109534,2.2630350138304536,2.4682333158239524,1.7435335591985268,0.1741045218544007,1.0,1.0,0.2,0.8,0.9,103,199389.1431844936,2760617.189046431
13,58,1.8208705688603661,2.2744661187411555,2.2719927794086985,2.5004094211672303,1.7376663307434022,0.175334463859536,1.0,1.0,0.2,0.8,0.9,104,211521.80106784508,2889466.995302914
13,59,1.813936323380711,2.2591491697662582,2.258312631064956,2.515591096179015,1.7381054892024559,0.1789399189685815,1.0,1.0,0.2,0.8,0.9,106,247096.67075831568,3150073.912647133
13,60,1.7616697507320553,2.077034532504576,2.069001399470889,2.300557062281126,1.7536660200900527,0.16812514462708067,1.0,1.0,0.2,0.8,0.9,107,269989.8656544253,770302.9616426984
13,61,1.7671859986867686,2.0895094525643794,2.088618117817859,2.388665285494673,1.7388001008727016,0.19205779932597372,1.0,1.0,0.2,0.8,0.9,114,233404.34199236805,814238.8569991799
13,62,1.7615400827636276,2.0761393716127903,2.0703381450805796,2.345203281511026,1.736755554109534,0.1694106076469983,1.0,1.0,0.2,0.8,0.9,115,258114.5679591015,766916.580868461
13,63,1.759929021432403,2.057013733535687,2.0481098452626156,2.3629405992079175,1.737336978634901,0.17688230853988957,1.0,1.0,0.2,0.8,0.9,119,313613.3203087892,703144.7017599664
13,64,1.764706776100862,2.070803325847325,2.064595631340163,2.3876099644033757,1.7425158281900375,0.1935350442181524,1.0,1.0,0.2,0.8,0.9,121,289190.17711926805,816058.8292153301
13,65,1.7574321040048067,2.053172464321959,2.041935212548369,2.352262953973295,1.735771649255102,0.16457608514940184,1.0,1.0,0.2,0.8,0.9,122,360122.7254208463,731402.5872860122
13,66,1.7633179922858837,2.0649496281929385,2.056260584056514,2.3671988456414943,1.7467858454358234,0.1896981974189716,1.0,1.0,0.2,0.8,0.9,124,322873.9987356418,744231.9283600602
13,67,1.9191283072512877,2.192375671484936,2.2028048564647107,2.633388285420965,1.900427494710443,1.0,1.0,1.0,0.2,0.8,0.9,149,462593.383636441,2551832.16035789
13,68,1.91912714599721,2.192366181024942,2.202794749580847,2.646468958249316,1.9000130735027607,1.0,1.0,1.0,0.2,0.8,0.9,151,462484.9928141566,2551150.093886414
13,69,1.918648740923964,2.188460577606143,2.19873297131268,2.6379773331739242,1.911052617515082,1.0,1.0,1.0,0.2,0.8,0.9,152,467450.2416527718,2742595.2971586976
13,70,1.918602226116906,2.1903650896220426,2.20526992543914,2.661316024720547,1.9010867404497556,1.0,1.0,1.0,0.2,0.8,0.9,153,473903.65794009774,3118623.441115342
13,71,1.918351551502314,2.1871377749616543,2.199635456589477,2.6397349186674037,1.9058924501764403,1.0,1.0,1.0,0.2,0.8,0.9,154,458151.4319198298,3324204.505022583
13,72,1.9182070187785665,2.1859269039188622,2.1983762577645396,2.653433965647576,1.9034262972504221,1.0,1.0,1.0,0.2,0.8,0.9,155,447146.6417315545,3051272.803508649
14,0,0.42923234913878255,0.8226939228955952,0.7882655392298996,0.5042402818271329,0.0,0.0,0.0,0.0,0.2,0.8,0.9,1,4470013.078539534,10444767.63373333
14,1,0.9974622944237033,1.3927863997941097,1.3606581559449609,1.0966712506650114,0.570091327691375,0.13741574603378276,0.3129086927191966,0.32414100275062496,0.2,0.8,0.9,4,4406122.7179824365,10428698.494861592
14,2,2.108534775936033,2.5400399016283726,2.506510571005072,2.243546032271428,1.8013969599928212,0.2591213081471668,1.0,1.0,0.2,0.8,0.9,6,4979742.851504356,8899793.60505423
14,3,2.1083637508059563,2.5410908305071445,2.5098818112962955,2.251709559585114,1.751954638175409,0.2591213081471668,1.0,1.0,0.2,0.8,0.9,8,4992202.991431451,8894413.966414016
14,4,2.105896990662062,2.5821743846906458,2.5447711680431246,2.284241056703447,2.164674194094379,0.954114227457785,1.0,1.0,0.2,0.8,0.9,9,7539091.581371287,5999048.917637068
14,5,1.8856351032114462,2.2798606562324757,2.2329870477682228,1.9942876532215963,2.160387294868382,0.6265851436372386,1.0,1.0,0.2,0.8,0.9,11,1575743.350645978,1087927.2465470133
14,6,1.8196786537473626,2.194293185502522,2.146280064252459,1.9121050415557295,1.8488941883486187,0.34121773802720073,1.0,1.0,0.2,0.8,0.9,12,1207938.0426647968,862235.6125539277
14,7,1.7817450278586169,2.137362372655754,2.090569913370972,1.8605960462985298,1.7768015706967728,0.18878811200697695,1.0,1.0,0.2,0.8,0.9,14,1403152.1188085536,702567.6788232205
14,8,1.8409857041920603,2.1848786677192127,2.1352038887516445,1.8875650695573536,1.8398686856961997,0.5019080662547525,1.0,1.0,0.2,0.8,0.9,15,1564203.399703798,635724.2128866565
14,9,1.7517418887310083,2.0942991750250517,2.046813817170403,1.8320940805820336,1.722802642980327,0.0601018800742539,1.0,1.0,0.2,0.8,0.9,16,1097680.0600025642,593130.0355977175
14,10,1.7466116001015248,2.0794344513216676,2.0337160764964546,1.8240782764308157,1.7294410347407587,0.049709070521352386,1.0,1.0,0.2,0.8,0.9,18,1354339.6008910427,535011.9429277387
14,11,1.7496380303334083,2.0775257254599415,2.0383591914389214,1.8758140053985435,1.716796065677324,0.0754769306706358,1.0,1.0,0.2,0.8,0.9,35,1601862.348712352,474168.6855000458
14,12,1.7494737873537676,2.0777084218505224,2.0408260887358276,1.8847149515100516,1.7165064829042662,0.07564094541517322,1.0,1.0,0.2,0.8,0.9,37,1718310.9786016415,469745.1208688713
14,13,1.7482361326634197,2.0737847019519884,2.0345012341076423,1.885863867760295,1.719721461353151,0.0713843302102088,1.0,1.0,0.2,0.8,0.9,38,1572100.2468552275,426012.5066412648
14,14,1.7482235273747881,2.0737195998577813,2.0344335360999124,1.8927806957755817,1.7143702247905934,0.07138679887132508,1.0,1.0,0.2,0.8,0.9,40,1571764.1763226015,425588.454716695
14,15,1.7448564068178336,2.0532652076414752,2.0085973098924406,1.8800443963727917,1.7672631389935596,0.07232079891519637,1.0,1.0,0.2,0.8,0.9,41,1272915.2035862647,756885.7007262387
14,16,1.744809596595357,2.054292532624311,2.0119453742309905,1.8906529245361001,1.7145232892074536,0.07214695320025649,1.0,1.0,0.2,0.8,0.9,43,1297202.221152077,740922.5919031805
14,17,1.7536772379653147,2.0592659257571735,2.018997750557945,1.9050808034124875,1.741571795413633,0.12191102413470341,1.0,1.0,0.2,0.8,0.9,44,1229482.8092409065,918771.89999109
14,18,1.752909959993333,2.056259291943409,2.0181510189679583,1.9221888674943934,1.7301708573422907,0.12166482913040877,1.0,1.0,0.2,0.8,0.9,46,1252362.254798691,1136523.0896603663
14,19,1.7647345503525775,2.067638059350176,2.0295084751631323,1.9335350525835309,1.737681647092679,0.1812243688979144,1.0,1.0,0.2,0.8,0.9,47,1296388.3422389708,1112510.8745493984
14,20,1.764719554363002,2.0675530771391877,2.029420139808946,1.9444826147606364,1.7363646919844347,0.1812223415750688,1.0,1.0,0.2,0.8,0.9,49,1296046.4708260235,1112256.8621115568
14,21,1.7445083746674608,2.044093304731856,2.0035366587050603,1.9137491095990637,1.7196320260571132,0.08210329305087158,1.0,1.0,0.2,0.8,0.9,51,1362825.354360308,676484.354598707
14,22,1.7439556025561354,2.043442374746991,2.0051499043622676,1.9196132840699858,1.7203962837340026,0.0806155434725292,1.0,1.0,0.2,0.8,0.9,52,1315673.089931652,703281.9835293813
14,23,1.7430545724900035,2.040657488353178,2.0045434782080074,1.9195023437282654,1.7260523049601195,0.07912500975177604,1.0,1.0,0.2,0.8,0.9,53,1438176.976036108,602083.2554130914
14,24,1.7416277661159603,2.0348452405074604,1.9962526528857714,1.9327028458261752,1.7204909538101592,0.07514928933732853,1.0,1.0,0.2,0.8,0.9,55,1491254.907023016,532546.2499306436
14,25,1.7415185717787203,2.0331185266124425,1.9944488343633906,1.9272467800605475,1.7206888833524734,0.07615830634754432,1.0,1.0,0.2,0.8,0.9,56,1337375.363972845,610030.4393137916
14,26,1.7407732623999075,2.0308819930620836,1.9944106665855093,1.9424725939646432,1.7238522503563214,0.07492526937498646,1.0,1.0,0.2,0.8,0.9,57,1509926.4710528618,701213.315177959
14,27,1.7403901784914282,2.02786654388676,1.991270368935496,1.9356002686347389,1.7195068809357843,0.07545424756533863,1.0,1.0,0.2,0.8,0.9,59,1316521.1258323474,779497.0364768599
14,28,1.7390006049835973,2.022832620052564,1.9860643009702112,1.9441765992881401,1.7265501309146334,0.07181541167830807,1.0,1.0,0.2,0.8,0.9,60,1046197.8881435312,740890.2450446921
14,29,1.7389862847770399,2.022740669909826,1.9859686038836877,1.951319744094088,1.7144922275386714,0.07181343609375188,1.0,1.0,0.2,0.8,0.9,62,1045894.447587671,740310.6274622409
14,30,1.7397195649756356,1.9933344819350323,1.9597020941817944,1.9154433701919427,1.8289624058533929,0.1019344929148682,1.0,1.0,0.2,0.8,0.9,63,3010090.514550785,661287.681327129
14,31,1.731931492877091,1.9750028307409484,1.9386219788357941,1.90878529387281,1.7279045352891522,0.06905288873807708,1.0,1.0,0.2,0.8,0.9,65,2780993.722081492,7715337.523137294
14,32,1.731782969228327,1.9748892129230615,1.94078204629743,1.9192782157130055,1.7155916419529684,0.06905283159241356,1.0,1.0,0.2,0.8,0.9,67,2610918.7721126745,7770412.361347429
14,33,1.7312627096771975,1.9686634589713057,1.9342981984113266,1.923275232174047,1.732297148450645,0.07019023015810834,1.0,1.0,0.2,0.8,0.9,68,3096668.0736130127,643672.8657494709
14,34,1.730616474425374,1.9601796020903723,1.9231890423340632,1.9144067462482313,1.7355624505883,0.07117165670054884,1.0,1.0,0.2,0.8,0.9,69,2918508.763394348,462484.7882333451
14,35,1.7300939739800385,1.9563209098375656,1.9214534592072403,1.9176881642713637,1.7284707700180602,0.07127781218940883,1.0,1.0,0.2,0.8,0.9,70,2985793.6863865266,443461.6267434885
14,36,1.7291701466299738,1.9571510837673842,1.9269072823445113,1.936867064899353,1.7137326708374414,0.06697658982011925,1.0,1.0,0.2,0.8,0.9,75,3071729.4068165584,1548670.8268573994
14,37,1.7286230701609933,1.9493745555789053,1.9142622705398318,1.9340118278738267,1.7212430581621345,0.06714160913042115,1.0,1.0,0.2,0.8,0.9,77,3046343.667301916,1899219.780788663
14,38,1.728539042498869,1.9496364256479688,1.916812250339289,1.945492397051749,1.714694913142372,0.06718091262356994,1.0,1.0,0.2,0.8,0.9,79,3068164.636701386,1895903.985818971
14,39,1.7275811557353962,1.946725541062349,1.916087448909141,1.9450820610133746,1.7225893993877723,0.06415321162080655,1.0,1.0,0.2,0.8,0.9,80,3013100.3424147014,1527173.269210426
14,40,1.727492444120342,1.9445637895182437,1.911560452635781,1.959366752261305,1.7143099246195312,0.06423196543188721,1.0,1.0,0.2,0.8,0.9,82,2920059.578095638,1758427.6438744776
14,41,1.726712645451907,1.9391782011913659,1.9105167683960382,1.972646378015773,1.7236432885780455,0.06411038631353053,1.0,1.0,0.2,0.8,0.9,84,3117061.7214499298,1974182.054695108
14,42,1.7267070024281579,1.9378691380241788,1.9068766576838674,1.9702853845985837,1.7130840558358233,0.06416791845298671,1.0,1.0,0.2,0.8,0.9,86,3123473.087952086,1957963.178034871
14,43,1.7267025510785494,1.937823597060163,1.9068292911042017,1.98175868899163,1.7128980015376054,0.06416770554159282,1.0,1.0,0.2,0.8,0.9,88,3123184.481829267,1958112.2923664595
14,44,1.726845117590686,1.9355754786623645,1.9067489293024753,1.9963690305998227,1.7244117131212298,0.0667524807147725,1.0,1.0,0.2,0.8,0.9,89,3194053.079258225,1869662.3421692715
14,45,1.7266352544708847,1.9339500792849815,1.905060942516723,2.0064661638373797,1.717710638830194,0.06644115676427592,1.0,1.0,0.2,0.8,0.9,90,3155942.388476095,2031284.076095296
14,46,1.726609601566418,1.9337375761434563,1.904840154115277,2.010180676648021,1.7135744827721986,0.06641003075307919,1.0,1.0,0.2,0.8,0.9,92,3163300.190153287,2026771.0430524144
14,47,1.7261521369412283,1.9338658920043645,1.909541078701006,2.0220602330248263,1.71830899912425,0.0649999959118123,1.0,1.0,0.2,0.8,0.9,93,2932423.409614127,2050370.8843781715
14,48,1.7256549472012988,1.9219739174724682,1.8926004247358266,1.9963021252026416,1.7421275203353097,0.06711366943248817,1.0,1.0,0.2,0.8,0.9,94,3126616.8870345806,3449642.025576185
14,49,1.7253319557451379,1.920590356880663,1.8957181954493199,1.9673152659823896,1.7234377148039173,0.06704993250752551,1.0,1.0,0.2,0.8,0.9,95,3117429.304432444,3376857.0946328617
14,50,1.7239990684066373,1.9123543796023803,1.8871804515576431,2.0127614478541505,1.734091391847088,0.06359881156078932,1.0,1.0,0.2,0.8,0.9,96,3193853.8903187057,3608542.620945316
14,51,1.7239704930763233,1.909711377915734,1.879875708550213,2.0046158849063462,1.713054423029599,0.06360345563715693,1.0,1.0,0.2,0.8,0.9,99,3199807.9099819246,3607823.43515512
14,52,1.72329382066442,1.896450353015608,1.87061574197807,2.030826916025662,1.7591119634481196,0.06668615459722334,1.0,1.0,0.2,0.8,0.9,100,3089360.124209853,3552799.938898858
14,53,1.7224508871774593,1.8927863741572701,1.8668295729551867,2.0350402730638972,1.717037306240401,0.063630548681533,1.0,1.0,0.2,0.8,0.9,102,3174011.286129269,3625420.279999586
14,54,1.7224472513420848,1.893881126630721,1.8702462942237976,2.0485549716168583,1.7127942900018032,0.06363054868153299,1.0,1.0,0.2,0.8,0.9,104,3174505.92645284,3624766.853404509
14,55,1.7224336052016995,1.8932202809741066,1.869557612370333,2.042338311921897,1.714729689788268,0.06382383403750728,1.0,1.0,0.2,0.8,0.9,105,3372538.6656224285,3486008.618212365
14,56,1.7217247331566337,1.8787833939596665,1.8499792869410006,2.049337422031657,1.7158642557105561,0.06477455846783883,1.0,1.0,0.2,0.8,0.9,117,2979922.087257385,2859402.859800128
14,57,1.72171759402007,1.8798993616906863,1.8534183099832693,2.0635675864488383,1.712980755263405,0.06474665179105907,1.0,1.0,0.2,0.8,0.9,119,2992970.567313033,2814120.5467446414
14,58,1.721716596281651,1.879885126000695,1.8534035063710212,2.06355247458642,1.7129693710789387,0.06474665179105905,1.0,1.0,0.2,0.8,0.9,121,2993278.2855880186,2813619.374933285
14,59,1.7217181502806045,1.8798337647119734,1.8533498733932738,2.0595161008022216,1.7130085346760962,0.06477455914727794,1.0,1.0,0.2,0.8,0.9,124,2978536.9459367096,2859240.7567779566
14,60,1.7212250698130442,1.8785839999022143,1.8634414365930982,2.1455399291866013,1.7227855217738077,0.06471965590059216,1.0,1.0,0.2,0.8,0.9,126,2901180.510290123,3550306.957680572
14,61,1.7211698187157711,1.8702522366151384,1.845655343340691,2.040207764503453,1.715407240548105,0.06578326165390931,1.0,1.0,0.2,0.8,0.9,131,3152688.9190271776,3178313.54634656
14,62,1.7207905960827556,1.87222127354794,1.8568246330824163,2.1267306255686367,1.7196631346327276,0.06467533895987962,1.0,1.0,0.2,0.8,0.9,132,3166065.104577828,3164869.798242882
14,63,1.7209325457520508,1.8691244307409032,1.8490389956598863,2.0931849143933285,1.7160267602352417,0.06571987752933893,1.0,1.0,0.2,0.8,0.9,133,3165913.337179489,3167603.0997679266
14,64,1.720283918190443,1.861220715867156,1.8453755659939484,2.1624588329559056,1.741989796462341,0.06573186034830027,1.0,1.0,0.2,0.8,0.9,134,2910752.043712302,3616300.081890201
14,65,1.7203273768104372,1.8621362878412469,1.8486034238308915,2.210289959290847,1.713282217875851,0.06603901322135411,1.0,1.0,0.2,0.8,0.9,145,2856151.542604438,3613489.359575948
14,66,1.7201472112962173,1.8614517628060487,1.8501725153712671,2.2332613309612688,1.714792837570087,0.06568124836114578,1.0,1.0,0.2,0.8,0.9,148,2848880.473429897,3612765.915308333
14,68,1.7204196112801307,1.8502706444218067,1.833953774966406,2.1765912065409454,1.724330478813563,0.06997169026505093,1.0,1.0,0.2,0.8,0.9,161,3116393.4251320083,3783273.383449566
15,0,0.32287890995026935,0.7679278278430557,0.7313092059027294,0.4463550775467386,0.0,0.0,0.0,0.0,0.2,0.8,0.9,1,15692715.30853985,10521702.37490168
15,1,0.34049338717580246,0.7855500641484789,0.7489308953603742,0.4679594916178806,0.017649245513799962,0.08736180796210714,8.973607038120001e-05,9.916789305435e-05,0.2,0.8,0.9,3,15692445.1346385,10521754.423766706
15,2,1.9890295125615078,2.4507380014599596,2.4153547539000537,2.1452917338339232,1.7473773937646702,0.04439675348163116,1.0,1.0,0.2,0.8,0.9,5,13023771.40188736,9015572.86873309
15,3,1.995255651823038,2.4577365073670814,2.4222847233420866,2.1585033168681638,1.7224212000549617,0.08795581881790746,1.0,1.0,0.2,0.8,0.9,6,12505538.07197881,8798769.454655906
15,4,1.9952526112823805,2.458877595615798,2.425749719844213,2.1778926750778473,1.7175942328849825,0.08795581881790747,1.0,1.0,0.2,0.8,0.9,8,12505199.0788799,8798513.641409582
15,5,1.9029963506698837,2.3821465359175344,2.34648926092201,2.090269429273308,1.88432086911393,0.020532416925235362,1.0,1.0,0.2,0.8,0.9,9,9445482.05230856,6475213.659308098
15,6,1.8380871268942571,2.1479617806865607,2.0988322699299564,1.841426063510272,2.759028697997259,0.5339698979213587,1.0,1.0,0.2,0.8,0.9,10,2055830.4020060487,530570.3525959728
15,7,1.836951792704292,2.1436034556690156,2.094316066296274,1.841465813889334,1.8175234452181104,0.5319198252774967,1.0,1.0,0.2,0.8,0.9,11,1982249.195319812,505474.06097886834
15,8,1.8369142269043954,2.1445365911913887,2.097564716031453,1.8579393432945974,1.8066754290562854,0.5319198252774966,1.0,1.0,0.2,0.8,0.9,13,1981965.373276129,503411.2038269864
15,9,1.8117778044894361,2.1178868378057443,2.070840954395686,1.8332174548253937,1.7842164585183826,0.4079242568436395,1.0,1.0,0.2,0.8,0.9,15,1561181.1062783082,1301621.5689606655
15,10,1.8107723214139928,2.113674497744795,2.0664726599910996,1.833847059648296,1.7922396748310234,0.40635986920349626,1.0,1.0,0.2,0.8,0.9,16,1558508.3540136018,1260989.356927447
15,11,1.8102235249028462,2.1073668520524094,2.0598862264034543,1.8453393827111877,1.7917983805237572,0.4096739594144642,1.0,1.0,0.2,0.8,0.9,18,1479301.3976398888,1276699.708754294
15,12,1.8301204940309703,2.122982608390565,2.0730269616107164,1.8479162581840334,1.8131666704242573,0.5123539673284996,1.0,1.0,0.2,0.8,0.9,19,1439627.8490475777,672820.2885099808
15,13,1.7326442473554597,2.0275687745908377,1.986788550149734,1.7863371292578232,1.7066932233724192,0.027446794899342247,1.0,1.0,0.2,0.8,0.9,26,1911041.9952658988,314686.297904025
15,14,1.7326428102263076,2.0275598594487354,1.9867792332007639,1.7897514656618183,1.7055017739672242,0.02744688017703955,1.0,1.0,0.2,0.8,0.9,28,1910936.7045500728,314569.28216378856
15,15,1.732641282641093,2.0274343341277774,1.986647748699252,1.767023702671524,1.70593292317768,0.02756174250120823,1.0,1.0,0.2,0.8,0.9,29,1920337.8581401613,312553.57107624394
15,16,1.732605086867173,2.0273302699361126,1.9865404894734975,1.7929323548892144,1.7057190557765634,0.027447557404402752,1.0,1.0,0.2,0.8,0.9,30,1899904.9534925031,320248.57670583186
15,17,1.7324490862229025,2.026822402746443,1.9860157275394905,1.8060959468826443,1.706595397672416,0.027014266181242502,1.0,1.0,0.2,0.8,0.9,31,1882789.264391065,352514.98708122334
15,18,1.7322245732262196,2.0256297600831132,1.9847767749614476,1.8082607353864373,1.7086445718478789,0.02684023346106799,1.0,1.0,0.2,0.8,0.9,32,1902939.5439046985,326734.4505667693
15,19,1.7322201099875376,2.025604515727602,1.984750689905161,1.8150815786047623,1.7054027615663854,0.02683822505696573,1.0,1.0,0.2,0.8,0.9,34,1902650.8345917463,326979.686958965
15,20,1.7315379026015216,2.0225933154646234,1.9838977475514485,1.8380506004771267,1.7112318838347393,0.02678273315646907,1.0,1.0,0.2,0.8,0.9,36,1832806.0220845493,353061.16850082
15,21,1.7497962117140038,2.037598030625838,1.998747403460142,1.8702810779168793,1.7256207913619361,0.1211752212860436,1.0,1.0,0.2,0.8,0.9,44,2524597.536825169,748038.9370195847
15,22,1.9248244958145553,2.2098755214519286,2.17316338746838,2.04389984783402,1.913464809853477,1.0,1.0,1.0,0.2,0.8,0.9,45,2551691.5451568565,589592.0856223699
15,23,1.9242843433649894,2.206336696398789,2.169483054887692,2.0475202274502444,1.9050427655284867,1.0,1.0,1.0,0.2,0.8,0.9,47,2539368.286285433,584651.2041280004
15,24,1.8462616924978865,2.1291229000844627,2.094577674816741,1.9804356929202513,1.8230792337721136,0.6101641432041894,1.0,1.0,0.2,0.8,0.9,48,2470489.0216720104,905040.64556281
15,25,1.923911951602964,2.2037257033756728,2.1667676324547265,2.059463336277204,1.9060158449039193,1.0,1.0,1.0,0.2,0.8,0.9,49,2493653.475493951,558882.4895850066
15,26,1.9230446781579351,2.197787466731053,2.160591969700276,2.0564475392753203,1.9168065569693211,1.0,1.0,1.0,0.2,0.8,0.9,50,2451421.911008384,552957.6510110565
15,27,1.9230146384316282,2.1987152987610763,2.1638350903754584,2.066912511861699,1.9002956918334868,1.0,1.0,1.0,0.2,0.8,0.9,52,2451408.8088000505,551658.0510626751
15,28,1.9222927078936243,2.191384755809069,2.1516551062741813,2.0586708893305294,1.9144071788399208,1.0,1.0,1.0,0.2,0.8,0.9,53,2259449.5464939307,2047460.557452028
15,29,1.9214155920705478,2.1860310198476225,2.1483652561241926,2.06641175466443,1.9180259730869595,1.0,1.0,1.0,0.2,0.8,0.9,54,2384444.541524455,526728.707735051
15,30,1.9209167523133308,2.184596285601437,2.1514296038594978,2.0621220757047984,1.9105207588974489,1.0,1.0,1.0,0.2,0.8,0.9,55,2433291.787900097,452537.5861955343
15,31,1.9203828621215884,2.1805374391668493,2.147208434087571,2.0649139466697197,1.9057434766911774,1.0,1.0,1.0,0.2,0.8,0.9,57,2428364.9860411035,443093.6296727485
15,32,1.9202529346573534,2.1784032021928548,2.142710514054544,2.0720860510808823,1.9028320528424016,1.0,1.0,1.0,0.2,0.8,0.9,58,2386338.3431026344,486341.3953096685
15,33,1.9196818239346016,2.1750756794401744,2.141528246451488,2.0668213134357614,1.9126236227889075,1.0,1.0,1.0,0.2,0.8,0.9,59,2345461.7838179213,420973.67012041033
15,34,1.9194449561970521,2.1731951727054373,2.1395726238760626,2.0917180092819443,1.9026608594284715,1.0,1.0,1.0,0.2,0.8,0.9,61,2321562.441220432,433681.31180471793
15,35,1.9189900005110552,2.170675176445795,2.139229584347267,2.0955271049002904,1.9103674997626716,1.0,1.0,1.0,0.2,0.8,0.9,62,2433575.3665878805,495459.4505933489
15,36,1.9188227554645052,2.168178627204962,2.134355390973209,2.0979454264749564,1.9009652963346828,1.0,1.0,1.0,0.2,0.8,0.9,66,2276322.895974332,438114.04306085786
15,37,1.9188188488343605,2.1692898484178147,2.137789056135357,2.1094401120149855,1.9000452017590224,1.0,1.0,1.0,0.2,0.8,0.9,68,2276375.8303931826,437892.68604872125
15,38,1.918792572339004,2.1713498364989134,2.1444878393081566,2.1522903664961937,1.900609038980765,1.0,1.0,1.0,0.2,0.8,0.9,69,2217594.1916488577,463064.3027667317
15,39,1.9183528929445353,2.1688557994386675,2.1441718505567615,2.1361621962346886,1.9051468616854543,1.0,1.0,1.0,0.2,0.8,0.9,71,2351739.4769354374,393821.4221429356
15,40,1.9183035553663892,2.168443243560095,2.1437429025151222,2.1397531890273673,1.900583551052816,1.0,1.0,1.0,0.2,0.8,0.9,73,2362250.073973104,368766.18876399
15,41,1.9182004424608952,2.168725445179335,2.146314509935929,2.1589821451778755,1.9024475307080473,1.0,1.0,1.0,0.2,0.8,0.9,74,2164062.747387488,407712.4243792912
15,42,1.918002749099708,2.167053170302118,2.144575531388741,2.1487772033748267,1.904722711110538,1.0,1.0,1.0,0.2,0.8,0.9,75,3119886.1561970385,392043.5826409492
15,43,1.9178250573055586,2.166683879755872,2.146469680329371,2.191802325918016,1.9021398479034701,1.0,1.0,1.0,0.2,0.8,0.9,77,2138988.41096098,368125.87856514985
15,44,1.9175035193471772,2.1627738102382525,2.140124935353101,2.180876144282223,1.9078296219021769,1.0,1.0,1.0,0.2,0.8,0.9,78,2009757.1850195443,342828.14188028715
15,45,1.916507420568137,2.1539501946242128,2.1309484793271722,2.1756248390426154,1.9124927002787055,1.0,1.0,1.0,0.2,0.8,0.9,80,2207976.2737395447,368799.8579024788
15,46,1.9165000025518597,2.1550223374723836,2.134341716953864,2.20003016094756,1.9000952671750877,1.0,1.0,1.0,0.2,0.8,0.9,82,2142689.009831986,346981.25678898947
15,47,1.9163034055051948,2.149800630557327,2.122076835028129,2.1412980136145316,1.9025347175651355,1.0,1.0,1.0,0.2,0.8,0.9,84,2022981.221745071,1720678.358951616
15,48,1.9162870841477386,2.1553726470986407,2.13926228308918,2.2184284074081626,1.9004230659618684,1.0,1.0,1.0,0.2,0.8,0.9,85,2226295.651716337,391188.627989545
15,49,1.8695927936992214,2.0919233682168006,2.0659728327694302,2.1055590611507427,1.8740019131693093,0.7737043124207209,1.0,1.0,0.2,0.8,0.9,87,1838912.0811326697,495305.9557658827
15,50,1.8838989644405544,2.106367414753008,2.0849692131797166,2.1421479501174874,1.8726737232552977,0.8464451247455574,1.0,1.0,0.2,0.8,0.9,89,1811727.635131272,492922.6161934871
15,51,1.8799434386492822,2.098601475138775,2.0747608053043503,2.143563124199807,1.8740119136380162,0.8281455246913045,1.0,1.0,0.2,0.8,0.9,90,1813462.785120446,492158.9824404825
15,52,1.7860632260710259,2.00373746121969,1.9821264898850788,2.039003128848483,1.775325769919355,0.3599077234274716,1.0,1.0,0.2,0.8,0.9,92,1817832.555505514,491301.4302385516
15,53,1.7859939609281203,2.003361431192585,1.9817367006954676,2.046661079055473,1.7724263464017065,0.35972748215561723,1.0,1.0,0.2,0.8,0.9,94,1812241.2139997603,493742.4512866339
15,54,1.7859015687604334,2.007357133300879,1.9950064433570773,2.0961808171287717,1.7734431699322957,0.3595303912740777,1.0,1.0,0.2,0.8,0.9,95,1819651.2112065807,487028.64181531913
15,55,1.7857923947723275,2.004629014236294,1.987615751930837,2.050066334274663,1.7728507763790509,0.35915969207248366,1.0,1.0,0.2,0.8,0.9,96,1827213.7045592505,487969.9757743168
15,56,1.7855485431545541,2.0065553195824406,1.9964578292215944,2.1108864223646244,1.7756840705751125,0.35861828308294097,1.0,1.0,0.2,0.8,0.9,97,1821974.062021656,485406.3951195132
15,57,1.7841522012924886,2.003968472418837,1.9915452030956118,2.0967281510212548,1.7704794100280479,0.3516616414053998,1.0,1.0,0.2,0.8,0.9,98,1822499.640543621,485344.1231170024
15,58,1.850931749842606,2.0681224063334707,2.051036289752519,2.138240731054073,1.8374928943979358,0.6857360984969403,1.0,1.0,0.2,0.8,0.9,101,1853081.836158153,478134.7121248618
15,59,1.7804126036920498,1.996640649604239,1.97951200125067,2.0665695471967456,1.769743674344344,0.33365174203871556,1.0,1.0,0.2,0.8,0.9,102,1856481.014498301,476886.0676899327
15,60,1.8670278145375199,2.0802562408243563,2.065268491432226,2.189885307628685,1.8667345664398327,0.7688948698259103,1.0,1.0,0.2,0.8,0.9,103,1747331.248258221,408140.1706144004
15,61,1.8408757183072177,2.047425553927322,2.03214381471172,2.1530097256022964,1.8491082366635836,0.6415099895389418,1.0,1.0,0.2,0.8,0.9,104,1765026.1579103195,401829.8537667242
15,62,1.8402966969488288,2.0459370376506487,2.0328889601492692,2.1672645659053478,1.8311156349044664,0.6396249098757214,1.0,1.0,0.2,0.8,0.9,106,1789944.3855097997,403776.8706580193
15,63,1.8402978699297672,2.0459112550186744,2.0328619691523264,2.1756133454927893,1.8279705149848136,0.6396439362392882,1.0,1.0,0.2,0.8,0.9,108,1789905.505786382,403847.8387994147
15,64,1.8402969839027445,2.0459012062963273,2.032851446102656,2.1756026780754656,1.8279428993895648,0.6396439362392882,1.0,1.0,0.2,0.8,0.9,110,1789951.0920710962,403736.06762023777
15,65,1.867202939849196,2.0726356368623824,2.0618520651162995,2.192733648643309,1.8563234658860996,0.7748136278304157,1.0,1.0,0.2,0.8,0.9,113,2278421.766913897,419010.3667010263
15,66,1.9118461131579552,2.1085902619506522,2.0883309604946287,2.2025745050391854,1.9127632513416688,1.0,1.0,1.0,0.2,0.8,0.9,114,2158846.964528097,435407.9965910467
15,67,1.911807279629938,2.1115711037823672,2.098265432810358,2.2232531267034705,1.9004245858685302,1.0,1.0,1.0,0.2,0.8,0.9,117,2649776.692020291,438095.03736773325
15,68,1.9117669732092022,2.108816358203456,2.0908440668935406,2.24741947155986,1.9006622761995176,1.0,1.0,1.0,0.2,0.8,0.9,119,2663186.732960509,415106.5134255513
15,69,1.9114627024696471,2.1075320756612967,2.0940648929719643,2.282712009332402,1.9033697325187395,1.0,1.0,1.0,0.2,0.8,0.9,122,3225225.190410817,477105.6646285632
15,70,1.9114237230110294,2.1082106435508834,2.0970485045408744,2.303159034600509,1.9002180749529312,1.0,1.0,1.0,0.2,0.8,0.9,128,3172009.281536549,477631.79903853656
15,71,1.9114174021503767,2.108135557264459,2.096970324821574,2.2863268093247124,1.9001061629637261,1.0,1.0,1.0,0.2,0.8,0.9,130,3172137.274661535,477091.4560871606
15,72,1.9099025761126112,2.094968939678357,2.0946680955818713,2.362400466803949,1.9076336772930453,1.0,1.0,1.0,0.2,0.8,0.9,137,2215581.8276623865,323183.70506700093
15,73,1.9094706562596273,2.0892316774806736,2.0887014075143733,2.361510712828706,1.9023192993055518,1.0,1.0,1.0,0.2,0.8,0.9,144,2207783.488549672,322350.646762408
15,74,1.9093778711955642,2.089120583272506,2.0908638050432047,2.4034893272516404,1.901775421322144,1.0,1.0,1.0,0.2,0.8,0.9,146,2204293.044530848,322998.1149149823
15,75,1.9093698989361698,2.0901553225430525,2.0942182797976647,2.41310188553417,1.9003062244668212,1.0,1.0,1.0,0.2,0.8,0.9,147,2210024.744028872,322904.4581307886
15,76,1.909301296956098,2.088078586591376,2.08978016873621,2.4164787952710802,1.9008804860222894,1.0,1.0,1.0,0.2,0.8,0.9,150,2231805.875374977,335657.9163465145
15,77,1.9092304544872527,2.0893966440058676,2.09570738050438,2.5027271778092093,1.9002111726590352,1.0,1.0,1.0,0.2,0.8,0.9,163,4879559.77080889,332189.21174366045
15,78,1.9092301875465942,2.0893932944317517,2.095703991725673,2.5070875890860536,1.900010373917155,1.0,1.0,1.0,0.2,0.8,0.9,164,4871283.792761155,332238.1619051612
15,79,1.908957825335801,2.085624186158164,2.0917840070928926,2.5161957177923635,1.9106676121560464,1.0,1.0,1.0,0.2,0.8,0.9,165,4367234.503397776,340988.0755091067
15,80,1.9089196699480513,2.085089370824372,2.0912278312190824,2.6152398278206443,1.900083718851735,1.0,1.0,1.0,0.2,0.8,0.9,183,2299939.967560798,317223.3218419798
16,0,0.32551171856171757,0.7694870545938711,0.7329306473358045,0.4480031048011511,0.0,0.0,0.0,0.0,0.2,0.8,0.9,1,15411815.175482271,10519479.653847337
16,1,0.3482496124420564,0.7922339036823619,0.7556772569616399,0.4747320364693891,0.02277782746736075,0.11292782728365484,8.986803519058e-05,0.00011358804190803,0.2,0.8,0.9,3,15409351.909541942,10518046.128803251
16,2,2.1619894164439746,2.611659563164328,2.5771678583996525,2.298421504022251,1.8568510184865905,0.7375363180595743,1.0,1.0,0.2,0.8,0.9,5,14909762.90061285,10279759.657303352
16,3,2.199207053235187,2.6545052469682866,2.6196277884372376,2.3497903197320755,1.9270280712562213,1.0,1.0,1.0,0.2,0.8,0.9,6,14050614.033905098,9699915.301135996
16,4,2.119226856956628,2.5799382135375146,2.5470564618931935,2.277398067457051,1.8555905937243042,0.6624679483687652,1.0,1.0,0.2,0.8,0.9,7,12509331.255131522,8913920.183382755
16,5,1.9912812607850667,2.4549476013414613,2.416955577894195,2.1565479524963593,1.7377359891504591,0.1068092019051334,1.0,1.0,0.2,0.8,0.9,9,11960634.57885657,8577673.208372684
16,6,1.9901042570037717,2.4552550487705225,2.4195531449148016,2.166708632782368,1.7225501014113713,0.10682098717195569,1.0,1.0,0.2,0.8,0.9,11,11625888.645282364,8444045.375824118
16,7,1.9930640893421407,2.457203482104378,2.4167240237633107,2.165155664802932,1.738041253562479,0.1442404056273253,1.0,1.0,0.2,0.8,0.9,12,10879289.68799946,8110756.334551156
16,8,1.9426880706078453,2.415458238690832,2.373747666792078,2.124032877994821,1.8052187255246679,0.08943828441882395,1.0,1.0,0.2,0.8,0.9,13,10287119.953933658,7216318.129927487
16,9,1.849626317440106,2.318061862839907,2.277150413205465,2.025790405853731,1.9870731846333194,0.07217276601939906,1.0,1.0,0.2,0.8,0.9,14,5898649.455312317,4154784.097285041
16,10,1.781903963920759,2.181411215402398,2.1326029236720108,1.8827152774752638,2.1124313154037138,0.09141733416298128,1.0,1.0,0.2,0.8,0.9,15,2601849.108309541,1642653.2444198786
16,11,1.7533972622930063,2.0696756104227183,2.0163281852227795,1.7670214802118314,2.0411238260154323,0.1002520690484788,1.0,1.0,0.2,0.8,0.9,16,1993117.1584494945,538388.4762611706
16,12,1.7532873871385335,2.0677495234557774,2.014310889166997,1.7674910891709295,1.7271222222643405,0.10202274710977546,1.0,1.0,0.2,0.8,0.9,17,1746897.889266002,539892.2157386485
16,13,1.751568139318585,2.064142429639975,2.010611172577404,1.77161232852215,1.725423958191366,0.09557959578253003,1.0,1.0,0.2,0.8,0.9,18,2053600.5979095527,589183.5318543299
16,14,1.7658494492564216,2.0746974584353275,2.023250247365544,1.783318617636846,1.7428960325797966,0.1725875128298327,1.0,1.0,0.2,0.8,0.9,20,1722891.0036967502,451656.4507232522
16,15,1.9302874702554478,2.2344943329392932,2.182819742121075,1.9482492648205367,1.916095489919698,1.0,1.0,1.0,0.2,0.8,0.9,21,1816131.504413601,408026.7918191245
16,16,1.876010212444787,2.1752942352658526,2.1256485598325834,1.901612787805394,1.85399555878608,0.7351672987785285,1.0,1.0,0.2,0.8,0.9,24,2311017.037939867,703442.9306198567
16,17,1.7415496782573818,2.0359200552645307,1.9883060724308708,1.7721307651166074,1.7345337461950465,0.06912225022667891,1.0,1.0,0.2,0.8,0.9,25,2200131.615290299,1374753.4080480223
16,18,1.7476484804865482,2.0332636931964756,1.9829617331075475,1.7762864853086768,1.7471181844107153,0.10706380204933522,1.0,1.0,0.2,0.8,0.9,26,2183064.218484852,521640.84879249
16,19,1.7513741354867214,2.0175113335303636,1.968562401787819,1.7861047507917869,1.7631475685354103,0.1439753588336449,1.0,1.0,0.2,0.8,0.9,28,2312172.667406004,556476.9850575066
16,20,1.7495240641466832,2.0056296050178677,1.953944503154986,1.7812605148308807,1.7429501952247644,0.14182489446571764,1.0,1.0,0.2,0.8,0.9,30,2299559.315651384,745963.7597024133
16,21,1.7495232641451306,2.0067670645612927,1.9574056352603408,1.8009517783625764,1.7283733420950842,0.1418248944657176,1.0,1.0,0.2,0.8,0.9,32,2300234.5010920065,744638.7593595659
16,22,1.7379523650408677,1.9828507423690938,1.9374654785293237,1.773951637125267,1.742708893043996,0.0947601674517476,1.0,1.0,0.2,0.8,0.9,34,2228515.2419725363,888056.1123759161
16,23,1.7363881687141975,1.9741319483799775,1.928421311834163,1.744668377922848,1.741392318230592,0.09184258817257897,1.0,1.0,0.2,0.8,0.9,35,2207791.427684796,630783.4175835653
16,24,1.7312205208372946,1.9523335471495087,1.9081462726512668,1.7507586700328366,1.7267769710178793,0.07723320666277175,1.0,1.0,0.2,0.8,0.9,40,3091657.6529670013,612784.1092861948
16,25,1.7333232310957727,1.9466153502339987,1.9020789126915614,1.727425239669629,1.7431659094213359,0.09229415109099952,1.0,1.0,0.2,0.8,0.9,41,2187748.6349163246,785666.8235445054
16,26,1.729027764124602,1.934442224306713,1.8895559440727765,1.748990836379884,1.7397935627018635,0.07517395940440771,1.0,1.0,0.2,0.8,0.9,42,2789604.7940637665,719771.3402395821
16,27,1.7266250636234526,1.9250229004118933,1.8820998930994408,1.7447623261851803,1.726250627855971,0.06745158365927822,1.0,1.0,0.2,0.8,0.9,44,2699583.4713268057,686056.8792634652
16,28,1.7267999682700244,1.9214406492450826,1.878352149697595,1.747791779991656,1.7199007079530297,0.07022953061262963,1.0,1.0,0.2,0.8,0.9,46,2630755.4644262344,715224.0538425078
16,29,1.7270666199572107,1.905671312497824,1.8641541431221418,1.726528484328976,1.7691833451823606,0.0797250728637267,1.0,1.0,0.2,0.8,0.9,47,2751411.085322011,720061.5054092038
16,30,1.7263199113264647,1.9043277596041892,1.86505869075254,1.734397227940994,1.7180373603644796,0.07677139230796771,1.0,1.0,0.2,0.8,0.9,49,2650442.5826171,708110.3157372082
16,31,1.7257573765140481,1.9022619340149687,1.8629273938771589,1.732239633751588,1.7172432645172782,0.07462639045100013,1.0,1.0,0.2,0.8,0.9,51,2789366.963929877,662449.6498919231
16,32,1.7255187832564913,1.8997038429811743,1.8602684622681918,1.740395146576578,1.718456680962256,0.07444987313905403,1.0,1.0,0.2,0.8,0.9,53,2758305.466119972,683177.691102011
16,33,1.7254866121122063,1.900399223972471,1.8632697803763056,1.7506402539215111,1.715533011325963,0.07446973847705492,1.0,1.0,0.2,0.8,0.9,55,2766098.143488957,672794.4082504115
16,34,1.7254081247890327,1.898319479657735,1.858828733472246,1.7533303093411263,1.7175283563081456,0.07444911403823241,1.0,1.0,0.2,0.8,0.9,56,2784279.993423404,657166.4930024046
16,35,1.726769224105929,1.8992910369494407,1.859783470657622,1.7797070990782653,1.7168936226192213,0.081425506124883,1.0,1.0,0.2,0.8,0.9,58,2163246.079394859,412466.15700019925
16,36,1.726627197852848,1.8979627673846546,1.858403552192615,1.785540398957344,1.718057613793516,0.08122231888232648,1.0,1.0,0.2,0.8,0.9,60,2126468.5369526427,406333.8870317752
16,37,1.7266220600563917,1.8978632804336004,1.8582999084846272,1.796295544698,1.7163925818399588,0.08123708983556785,1.0,1.0,0.2,0.8,0.9,62,2125968.975096479,405971.9464239384
16,38,1.7242636419129846,1.8941561473318482,1.856808561672991,1.7949150399565723,1.717931440798273,0.07050453636029172,1.0,1.0,0.2,0.8,0.9,64,1701642.4607448855,608317.5880059557
16,39,1.7242360289022074,1.890347728178468,1.8573851100413923,1.822237400722215,1.7166397414421923,0.07287598878329414,1.0,1.0,0.2,0.8,0.9,73,3200057.419158645,695118.4837693454
16,40,1.7242058510972917,1.8885930856186741,1.8532814770539687,1.827617570464089,1.7154817642357914,0.07296100386422569,1.0,1.0,0.2,0.8,0.9,75,3195153.90994396,680029.4218874754
16,41,1.7240221082792697,1.8875900164097708,1.8545174658795016,1.8253564913551188,1.7205965019385254,0.07283603602849661,1.0,1.0,0.2,0.8,0.9,76,3185595.354076211,662613.6229215212
16,42,1.7239445566396583,1.8859571085385536,1.8528174010854683,1.8236277910082652,1.7193653387042107,0.07306776245553476,1.0,1.0,0.2,0.8,0.9,77,3179754.7291093664,658279.1965082742
16,43,1.7274501765552683,1.8847721884673367,1.8514302994001892,1.8455648877009123,1.7256530347549845,0.09243244667228909,1.0,1.0,0.2,0.8,0.9,79,3346634.173736484,1370435.8137422793
16,44,1.7274486567659497,1.8847504721542032,1.851407585103984,1.8529001538088163,1.7185176824699453,0.0924327262653786,1.0,1.0,0.2,0.8,0.9,81,3346877.021525541,1370244.4683314844
16,45,1.7204893198002007,1.8745884554405283,1.8502067718493682,1.8602032246680609,1.7160468718984743,0.06055890169723934,1.0,1.0,0.2,0.8,0.9,87,2611043.560666276,775546.8352119547
16,46,1.7200761255368398,1.8719762765413834,1.849775144868405,1.8639244565658992,1.7170167770408358,0.05971139182054987,1.0,1.0,0.2,0.8,0.9,89,2622531.825073472,769052.8525283659
16,47,1.719102082825449,1.8647746479526852,1.8423067584706003,1.861079005769807,1.7302818957165818,0.05704825919793379,1.0,1.0,0.2,0.8,0.9,90,2574565.6140033538,785835.5294827921
16,48,1.7201131329694697,1.8576611617470467,1.8325711187742972,1.8819143868394823,1.7171176516821882,0.06448377719061803,1.0,1.0,0.2,0.8,0.9,95,2739861.111942544,1047729.401299242
16,49,1.7203565528358375,1.8570444668266965,1.8341928001235268,1.8878119320980384,1.7162956204647444,0.06636604621525587,1.0,1.0,0.2,0.8,0.9,97,2864168.880566676,953206.79794386
16,50,1.7193125549398016,1.8610288629677445,1.8497670579518903,1.9406846296535245,1.713312444628518,0.06137277812390059,1.0,1.0,0.2,0.8,0.9,99,2764249.311090254,1199436.0024640549
16,51,1.7185724447110706,1.8592204909566428,1.8479132884204943,1.9355498566127918,1.714825937857916,0.05802240275316217,1.0,1.0,0.2,0.8,0.9,100,2871134.021737875,1154804.0441189243
16,52,1.7156480277616162,1.8394097244218959,1.8205589389806764,1.9150134748408187,1.750001538904348,0.04763040126368373,1.0,1.0,0.2,0.8,0.9,101,1994047.7409605128,1069056.8312904576
16,53,1.716479296353678,1.8371826945496625,1.820477807645143,1.9198007462721756,1.7169117552217918,0.053042148033619826,1.0,1.0,0.2,0.8,0.9,103,2095615.1904580595,774182.8620083841
16,54,1.7164735264338467,1.837087580682099,1.8203790446638328,1.9322646230649854,1.7107420955957964,0.05303970603963133,1.0,1.0,0.2,0.8,0.9,105,2095099.47445062,773762.6421262403
16,55,1.7164715172576326,1.83705658008276,1.8203466442745544,1.9406081194256868,1.7106511716897899,0.05303822518990202,1.0,1.0,0.2,0.8,0.9,107,2095241.232067363,773948.055238404
16,56,1.7164709339677469,1.835802739275092,1.8167642219802635,1.886232359948201,1.7106792475807748,0.05306761614478528,1.0,1.0,0.2,0.8,0.9,112,2097867.289496324,763635.4551833182
16,57,1.7163169569723933,1.8362887218913415,1.8218281320591754,1.9133899958272687,1.7117882437037526,0.0527801872247461,1.0,1.0,0.2,0.8,0.9,116,2091125.7590591284,804554.7665712647
16,58,1.7168012654741631,1.8373913143474898,1.825232414224638,2.0515980818189203,1.7111837416064501,0.05535529387492372,1.0,1.0,0.2,0.8,0.9,130,1982917.2741520272,827724.1557063564
16,59,1.717265551922961,1.8357603304686911,1.8235128272943526,2.0540251635016586,1.7147879724683146,0.05828188218006667,1.0,1.0,0.2,0.8,0.9,132,1956325.1474875296,830281.7836781084
16,60,1.7168378001723348,1.8353586735104366,1.8253877474996925,2.0831200584382006,1.7129645262133162,0.05646340658867784,1.0,1.0,0.2,0.8,0.9,134,1985978.464150996,813527.9592938991
16,61,1.7172048640085285,1.8348753723511115,1.824868641101812,2.086815302326665,1.7142649375370342,0.05854230838637496,1.0,1.0,0.2,0.8,0.9,135,1938733.7270986864,714650.4979473534
16,62,1.7387323572357092,1.852378221186615,1.8422015268446836,2.1167473777242205,1.7454785801332604,0.1673096003274232,1.0,1.0,0.2,0.8,0.9,136,1998029.119523836,760831.093740773
16,63,1.7380521433317067,1.8542301254118319,1.8509870291101924,2.1356441489872156,1.733506610339346,0.16415894935518033,1.0,1.0,0.2,0.8,0.9,140,2447677.4902468743,1001354.4760055589
16,64,1.7391233446620706,1.8471665148295089,1.836753447577971,2.132328744978964,1.74117461913194,0.17079710355331568,1.0,1.0,0.2,0.8,0.9,142,2005380.2518171496,862518.4028491927
16,65,1.738855513165275,1.846838488011882,1.8386983808353143,2.157828618273757,1.7357513408240854,0.16978082764421365,1.0,1.0,0.2,0.8,0.9,144,2109774.943182688,933521.725251004
16,66,1.7382135358856736,1.8471014185622858,1.8412752124823233,2.1755718454125703,1.7336922152713825,0.1666363598548296,1.0,1.0,0.2,0.8,0.9,146,2142687.21069184,912432.2578177212
16,67,1.716409078053518,1.8238588457792249,1.8179720773377945,2.156539565883687,1.7137427749686593,0.05799632475256078,1.0,1.0,0.2,0.8,0.9,148,2058666.4400453167,944677.1703407996
16,68,1.738349047217731,1.8468245005738317,1.8432566256247993,2.186941593898349,1.7336526238699805,0.16772487213458265,1.0,1.0,0.2,0.8,0.9,151,2184557.988981746,970466.0913876318
16,69,1.7162290130975129,1.8257922487768847,1.8268215503681668,2.2169935498678677,1.7117430252936119,0.05745830393530963,1.0,1.0,0.2,0.8,0.9,166,2617046.326463597,946208.8326467676
16,70,1.7136541628995894,1.8278121517288664,1.838137647903385,2.2534308247772956,1.7090219776006952,0.04461044469154078,1.0,1.0,0.2,0.8,0.9,169,2440428.2314755064,909123.7376657948
16,71,1.7136258521438419,1.8275121108685597,1.840102119977844,2.269220239476609,1.7099890490128136,0.04482829278013749,1.0,1.0,0.2,0.8,0.9,173,2399066.247898281,919510.6314246976
16,72,1.7136238404899173,1.8274901006374447,1.8400791117636577,2.2735290136413475,1.7090665778346756,0.04482710278332102,1.0,1.0,0.2,0.8,0.9,174,2392062.0927133383,896880.9631866608
16,73,1.7136224211272386,1.8285834163232013,1.8434941091071173,2.29302140619722,1.7090604592018597,0.04482829278013749,1.0,1.0,0.2,0.8,0.9,175,2398892.7746600085,919639.2839897108
16,74,1.7187522359759457,1.8299714155893883,1.837897783951043,2.2888015766063323,1.7142199015156934,0.07052729981435658,1.0,1.0,0.2,0.8,0.9,180,1697038.1244122046,827588.5918059092
16,75,1.7180702238141545,1.828174216140904,1.8383293684904007,2.3029136210067174,1.7169145887875816,0.0677031232887727,1.0,1.0,0.2,0.8,0.9,182,1866406.4772505288,831457.0684224215
16,76,1.7178359599094537,1.8236731119489986,1.8313730631118745,2.2794729096097788,1.7181042685649999,0.06732572633047892,1.0,1.0,0.2,0.8,0.9,184,1791685.2827111229,860102.029285951
17,0,0.19093298612376297,0.667556722944164,0.6269240608579469,0.3402674976653126,0.0,0.0,0.0,0.0,0.2,0.8,0.9,1,29924637.108498447,10661761.09514931
17,1,0.21231084416377355,0.6889349073682112,0.648301721626246,0.3656278257821661,0.021406850515217887,0.10618057621451815,9.026392961874e-05,9.064616317015e-05,0.2,0.8,0.9,3,29922530.413021818,10661162.186174924
17,2,0.5577551975976501,1.0355244923887732,0.9971967753250297,0.730580388497835,0.36858438981253727,0.14369421820511183,0.19291241579155546,0.20469308317207907,0.2,0.8,0.9,4,29827679.68563989,10635971.242564084
17,3,1.9182866422822027,2.395499788504709,2.3565354667505853,2.075876417695475,1.78834320901028,0.21593069983573496,1.0,1.0,0.2,0.8,0.9,5,27718550.090674102,9923840.299922068
17,4,1.970348448093711,2.447057154443818,2.4078801253249966,2.1362048947293784,1.8075385107260866,0.5003159393209704,1.0,1.0,0.2,0.8,0.9,7,25564178.360380653,9285524.745089276
17,5,1.8864938689983268,2.361399895374808,2.3196684810500905,2.0687208330151017,1.7376334937536173,0.1065846879460588,1.0,1.0,0.2,0.8,0.9,8,24617959.266700152,8993202.361123724
17,6,1.7386097858917382,2.0591734034214166,2.0083052817293607,1.740535545615356,2.110254060368981,0.02256758890729707,1.0,1.0,0.2,0.8,0.9,10,6655580.353381663,1870560.9164327653
17,7,1.7323403774071264,2.0261045275555105,1.976192218279568,1.712888170893051,1.752732195184291,0.022567957515336058,1.0,1.0,0.2,0.8,0.9,12,4031310.610600692,1052242.4324572517
17,8,1.7308181029722207,2.0148742267748303,1.964497506268021,1.7065670225867922,1.721364730108664,0.02446876000306145,1.0,1.0,0.2,0.8,0.9,14,3702950.166259885,930146.051665518
17,9,1.7315925304846211,2.01304159528307,1.9625403323959532,1.7091952418080547,1.7152760987994697,0.03086995693478404,1.0,1.0,0.2,0.8,0.9,15,4033423.267422158,1019309.0604470404
17,10,1.7299608628062608,2.010452788942228,1.9621774413509114,1.71897916437706,1.7113037057490117,0.02446876000306145,1.0,1.0,0.2,0.8,0.9,16,3540368.253934984,836390.0229413077
17,11,1.7311309243344688,2.011094655328373,1.9627937773719077,1.7277428288163663,1.7082019589853843,0.03086995693478404,1.0,1.0,0.2,0.8,0.9,17,3980771.693105648,986210.5901529938
17,12,1.726333279004729,2.0048842079491718,1.9542461208915531,1.7073439040967326,1.70258395626468,0.007192365716640959,1.0,1.0,0.2,0.8,0.9,18,3680478.2158635375,912002.4594207326
17,13,1.730395156521471,2.0061378069284204,1.9576383783415254,1.72558554204672,1.7188813720886862,0.030903267819912577,1.0,1.0,0.2,0.8,0.9,19,3980397.932347025,950926.2555245404
17,14,1.7303904644284982,2.006103445035188,1.9576026419679362,1.730798091727336,1.7062305131751154,0.03090591533893669,1.0,1.0,0.2,0.8,0.9,21,3980434.654720723,950997.6262401872
17,15,1.740843646581753,1.9939388619629979,1.9443861895561323,1.7203191307384076,1.7947320900230137,0.10159565369203812,1.0,1.0,0.2,0.8,0.9,22,3838626.997262426,823274.8166838866
17,16,1.7414507759876616,1.9926079295836074,1.9429662493740225,1.7379958534562117,1.724368801940538,0.10608111704124415,1.0,1.0,0.2,0.8,0.9,24,3981095.1436546105,854470.9559526346
17,17,1.739368927990531,1.9852587316167862,1.9399186911756412,1.752970582572515,1.7324651254936594,0.1011449160583594,1.0,1.0,0.2,0.8,0.9,26,3978357.4499351145,819595.2700133681
17,18,1.7393687823256307,1.9864009363902082,1.9433848172706694,1.7625275776739535,1.7202306192648784,0.1011449160583594,1.0,1.0,0.2,0.8,0.9,28,3977917.534108268,819389.3629667215
17,19,1.7387575769032753,1.985898916315458,1.9497030059810543,1.7750451547380837,1.7254372818647221,0.10040869430999669,1.0,1.0,0.2,0.8,0.9,30,3621265.629273956,774140.3488973536
17,20,1.7347732871592036,1.9729636501271441,1.9272732795989795,1.7503861251419877,1.721389739303794,0.08347077279524709,1.0,1.0,0.2,0.8,0.9,33,3468215.8927711416,678391.8777856758
17,21,1.7338043721005634,1.96852080985269,1.927217581996035,1.7732759263311682,1.7257091383033318,0.0824202972100913,1.0,1.0,0.2,0.8,0.9,35,3498426.9212820926,726623.1496276291
17,22,1.7330262620307082,1.9609446478267896,1.9147901329575494,1.75430665644217,1.7234778267480153,0.08140294587873376,1.0,1.0,0.2,0.8,0.9,37,3534031.086543692,789850.9459633114
17,23,1.732265187845393,1.9585280451617924,1.9168441828453537,1.765813938557842,1.7222810252589356,0.0800413610354561,1.0,1.0,0.2,0.8,0.9,39,3592438.943378081,903037.9425095316
17,24,1.7321529625009668,1.9553166106247093,1.908948537566162,1.7617785591824995,1.717288298974446,0.07997700909618508,1.0,1.0,0.2,0.8,0.9,41,3621491.1390489526,962520.8321159187
17,25,1.7248905458959984,1.9119224105397512,1.8662256886682207,1.7358481873942664,1.771322183429936,0.06388694666380111,1.0,1.0,0.2,0.8,0.9,43,2773924.1059873463,916982.605356507
17,26,1.723825694564556,1.9015251975919267,1.8576947536673427,1.7342179745690114,1.7287929987157735,0.0634145405109619,1.0,1.0,0.2,0.8,0.9,45,3109271.9648000305,1031868.5437347312
17,27,1.7232511510679747,1.8970910690472669,1.855366461716303,1.742562833229679,1.7202607039427016,0.06276491148044253,1.0,1.0,0.2,0.8,0.9,47,3171287.650577348,1094585.7899992804
17,28,1.7229109189730285,1.889521881653919,1.8429348746805518,1.7366147231938514,1.7164402881051424,0.06319623271981069,1.0,1.0,0.2,0.8,0.9,51,3541464.6442934987,1205289.7345039593
17,29,1.7226930828128986,1.8910630178088388,1.8513751549255355,1.759884568662941,1.7176659290947285,0.06280990069345405,1.0,1.0,0.2,0.8,0.9,52,3300726.4858723725,1118701.2484007834
17,30,1.7226183829492703,1.8908847282169963,1.8511923531539514,1.7529343921231257,1.7128211880111701,0.062480902054486545,1.0,1.0,0.2,0.8,0.9,53,3117357.806252887,1103420.6217499266
17,31,1.7225919478091587,1.8885409716412216,1.8510226395236624,1.7709544838171127,1.723364490178421,0.0637877755176827,1.0,1.0,0.2,0.8,0.9,54,3452518.6981015247,1148170.2011828828
17,32,1.7221689856907505,1.8853215155809622,1.845407678627892,1.7506723902291368,1.7175244039495479,0.06234906893981512,1.0,1.0,0.2,0.8,0.9,55,3597998.155586749,1265523.147656815
17,33,1.7221749729547071,1.8856674810915215,1.8480429171404935,1.7643057943788993,1.7149990881534356,0.06270557110521315,1.0,1.0,0.2,0.8,0.9,56,3503147.743236924,1223828.0287568085
17,34,1.722146338110075,1.884645658899262,1.8469781200466047,1.770464176436588,1.7141126547290806,0.06296415266417629,1.0,1.0,0.2,0.8,0.9,58,3645144.446682127,1266425.5639109488
17,35,1.7223888666581995,1.8850533338807298,1.8496671883482378,1.7877690395188446,1.7159038549914358,0.06456987424824902,1.0,1.0,0.2,0.8,0.9,59,3318856.322344028,1337680.2768752952
17,36,1.722485959083976,1.8868979258096106,1.8561363954425198,1.81263438901379,1.7147011250405089,0.06527095908019385,1.0,1.0,0.2,0.8,0.9,60,3322853.152961603,1349959.066341308
17,37,1.7218774802203758,1.88365146393503,1.852776111307603,1.8140614765115433,1.716684392648335,0.06327433969862348,1.0,1.0,0.2,0.8,0.9,62,3591588.411015389,1194500.3402096815
17,38,1.7213987608097745,1.8764469561996444,1.8452817481404602,1.8197102555719336,1.7167947206788434,0.06347325811435033,1.0,1.0,0.2,0.8,0.9,67,3070216.5818072697,1177250.7383022683
17,39,1.7200911966008228,1.8512433943426667,1.8145048654886424,1.7606737889736213,1.7784153251243862,0.06460109529028786,1.0,1.0,0.2,0.8,0.9,68,3175177.8442424056,1088128.5122306894
17,40,1.7198799895246975,1.8456376021949135,1.8063942445297738,1.7746284527086749,1.7193971650299542,0.06494163165483788,1.0,1.0,0.2,0.8,0.9,70,2970480.426453182,1018080.0533648658
17,41,1.7198696942234546,1.8454495695643294,1.8061987171848077,1.7699360651223914,1.7131723068336546,0.06494911884545798,1.0,1.0,0.2,0.8,0.9,73,3009645.5220366525,1021544.916436371
17,42,1.7198692695318387,1.8454483585435542,1.8061973923214332,1.7736139073041,1.7129917431842603,0.06494725070922551,1.0,1.0,0.2,0.8,0.9,74,3008781.6932519083,1021272.7162385436
17,43,1.719737718702845,1.8412272355863557,1.80180218071298,1.7849046355057754,1.7254361368218913,0.06559991111586928,1.0,1.0,0.2,0.8,0.9,75,3110082.834852856,1082440.9789243194
17,44,1.719636973441872,1.84089555644731,1.8037358269555286,1.7960165900456144,1.7151671424675436,0.06552837615790975,1.0,1.0,0.2,0.8,0.9,77,3021161.1096571246,1046743.7835338851
17,45,1.719469229031592,1.8351923817868505,1.7909717367773608,1.773178083822143,1.7162353220564759,0.0653471085618913,1.0,1.0,0.2,0.8,0.9,79,2969905.259153372,1028688.4721889772
17,46,1.7194816058036562,1.836317322468596,1.7944192040526896,1.792969055208168,1.7131144090912147,0.06541849721811739,1.0,1.0,0.2,0.8,0.9,82,2967248.045777577,1023900.5125302732
17,47,1.7195153304998563,1.834818405602815,1.7928551945155862,1.8077215748521396,1.7178179995931435,0.06606058667837608,1.0,1.0,0.2,0.8,0.9,83,2958840.5655569565,1006967.6655393776
17,48,1.7196581620749598,1.8360632652387685,1.7964220773370414,1.8409512905274792,1.713400767442716,0.06680693552324354,1.0,1.0,0.2,0.8,0.9,91,2505447.667820415,913784.6380107768
17,49,1.7194615285991515,1.8338204200259844,1.7940925584071867,1.8592490177754604,1.7162859789073337,0.06643416434684071,1.0,1.0,0.2,0.8,0.9,93,2660602.275005873,955100.553886808
17,50,1.7215133709967922,1.8439694624752772,1.8250633528836957,1.9726818106450636,1.7220128448324257,0.07735154470284701,1.0,1.0,0.2,0.8,0.9,94,2686368.599771101,952093.3607064948
17,51,1.722832784017371,1.8466367553580345,1.832338348884214,1.9910656338894457,1.7178266478582542,0.08424147459996877,1.0,1.0,0.2,0.8,0.9,97,2995730.952137892,1546543.5147265026
17,52,1.7217222425686536,1.837769387715189,1.8208673558589084,1.9977588751289406,1.722682405058491,0.08061173148154695,1.0,1.0,0.2,0.8,0.9,100,3500599.6459993185,1893154.5678302208
17,53,1.720686623540551,1.8204626367088064,1.8028743160297562,1.995916824413753,1.7645526942265017,0.07989685660326726,1.0,1.0,0.2,0.8,0.9,101,3229383.9778265352,1717146.610099433
17,54,1.7208681259326777,1.805243374804661,1.787008221772697,1.985174680287975,1.7398426972561296,0.0846690358244822,1.0,1.0,0.2,0.8,0.9,103,3349808.357158473,2133759.2686583395
17,55,1.720587645086899,1.8048093678084833,1.7933957175152753,2.011434803237675,1.7221088025083158,0.08411377469849281,1.0,1.0,0.2,0.8,0.9,105,3344844.147080224,1783042.7590318818
17,56,1.7200918724909613,1.7993573695027925,1.78318409748305,1.9985274980324452,1.7204665388814862,0.08226728111633078,1.0,1.0,0.2,0.8,0.9,107,3274223.281381334,2365540.703309745
17,57,1.720087440052751,1.798165042524786,1.7796661163359095,2.0052191189160316,1.7165164366164491,0.08225532724914711,1.0,1.0,0.2,0.8,0.9,109,3273960.0064027524,2363300.492968952
17,58,1.720089774280403,1.7993088006781162,1.7831335630637302,2.0192247361300755,1.7164551783109177,0.08226728111633078,1.0,1.0,0.2,0.8,0.9,111,3274502.2289169985,2365464.3460738747
17,59,1.7200598369731421,1.799739392802401,1.78585944764968,2.018468097939524,1.718437057985457,0.08227232733612187,1.0,1.0,0.2,0.8,0.9,112,3278688.786451057,2364341.3296817825
17,60,1.7301333934660903,1.8068572056269607,1.7883015786898124,2.0384888825714564,1.727554169020474,0.13279490939100472,1.0,1.0,0.2,0.8,0.9,114,3269377.074683147,2314506.753653964
17,61,1.7200273658943979,1.7989709080370337,1.7850601631097476,2.030104640398509,1.7166407599017388,0.08227912243047221,1.0,1.0,0.2,0.8,0.9,115,3278029.012609248,2356904.407893807
17,62,1.7347442252238832,1.8102392223514685,1.7961843377228845,2.0494639016176475,1.741501325388171,0.1566455897122604,1.0,1.0,0.2,0.8,0.9,116,3266934.3309137123,2217257.879027114
17,63,1.7347447381364771,1.810229866855456,1.7961745492216925,2.0678117125682394,1.7313452064271675,0.15665045149981266,1.0,1.0,0.2,0.8,0.9,118,3267010.2669345564,2216759.28723442
17,64,1.722135440765627,1.797519800172757,1.783460263385438,2.067659409899247,1.7190176526033834,0.09362628035364459,1.0,1.0,0.2,0.8,0.9,119,3269923.673694433,2277386.9322709143
17,65,1.7333310115305327,1.8023069761248105,1.7902561582808825,2.0766912957963797,1.7525584528890832,0.15126864530809717,1.0,1.0,0.2,0.8,0.9,120,3097453.5854024887,1965794.9743919552
17,66,1.723175572611618,1.7941605297823535,1.791298070405085,2.3255158253372734,1.720411604598818,0.10103897532218209,1.0,1.0,0.2,0.8,0.9,157,3177339.8433644725,2037344.624623132
17,67,1.7201071381199804,1.7861370035801651,1.783067869366018,2.3084784879311337,1.7222304297685527,0.08673958246316857,1.0,1.0,0.2,0.8,0.9,160,3260508.306623454,2271883.0956560853
17,68,1.7200926573821556,1.7857906644276484,1.7827077651622676,2.3255664793186726,1.7178354682293966,0.08673570868188664,1.0,1.0,0.2,0.8,0.9,162,3262760.9724349887,2267757.7379315067
17,69,1.7198038941404987,1.786546738121642,1.7857836396811615,2.3320734995603494,1.7172238099352661,0.08531446768149084,1.0,1.0,0.2,0.8,0.9,164,3247789.481694569,2223566.3451559027
18,0,0.4584945737940204,0.8354069523202081,0.8014868296304583,0.5176774329280316,0.0,0.0,0.0,0.0,0.2,0.8,0.9,1,1425506.5019732343,10436539.181842322
18,1,2.277846481543638,2.699319199061003,2.666234018712836,2.398445577169347,1.9210911526825614,1.0,1.0,1.0,0.2,0.8,0.9,6,2561973.105759569,8944869.349476827
18,2,2.2746391288080474,2.6976700920714185,2.664518821068858,2.400494114930136,1.9046410759925605,1.0,1.0,1.0,0.2,0.8,0.9,7,2812906.8984617474,8909405.479444677
18,3,2.0858006790884733,2.517383845407749,2.483850783026413,2.2223051790082873,1.7562126580920658,0.14631136307611484,1.0,1.0,0.2,0.8,0.9,8,3824172.993069452,7550172.725236081
18,4,2.064185932324493,2.5403609724371923,2.5009186919623345,2.243751774062729,2.318919561437568,1.0,1.0,1.0,0.2,0.8,0.9,9,4266093.579423919,2486888.2733766083
18,5,1.9656271391461733,2.370922486667997,2.3269821932758425,2.063408580118812,2.381955595883669,1.0,1.0,1.0,0.2,0.8,0.9,10,1835069.8220432056,488913.92773631547
18,6,1.9409580443948857,2.28619417202017,2.236587115780122,1.9806666641475474,2.1370749472468047,1.0,1.0,1.0,0.2,0.8,0.9,11,970883.0295735474,573205.3927706368
18,7,1.9409344282017527,2.2872328191271847,2.2399455738358696,1.9879634537905067,1.9001418037916857,1.0,1.0,1.0,0.2,0.8,0.9,13,970678.6632461704,572192.9484484533
18,8,1.7457081280251336,2.092689030302986,2.0477018928030954,1.8192268674181902,1.7053140521038577,0.02454277903949621,1.0,1.0,0.2,0.8,0.9,17,982852.6159614424,544630.8478276394
18,9,1.7454189511043416,2.0921201012612416,2.047118091119551,1.8186399708508847,1.7052920667611282,0.02357529099139579,1.0,1.0,0.2,0.8,0.9,19,966323.4800883322,542218.9274227081
18,10,1.745168465253724,2.092143391672818,2.0494200912315654,1.829186346397949,1.707759952885393,0.023580090578757578,1.0,1.0,0.2,0.8,0.9,20,973960.6354489347,532577.9866332529
18,11,1.7451085362333325,2.090736900039527,2.0456794185890113,1.824411022508463,1.705430034901325,0.023574759775672048,1.0,1.0,0.2,0.8,0.9,21,975622.0966832236,530196.4919336279
18,12,1.7451041575949777,2.091854712009888,2.0491198406240563,1.8330903713477396,1.7047851015454623,0.02358119610146513,1.0,1.0,0.2,0.8,0.9,22,975839.585798568,529908.8961444173
18,13,1.7468615735482436,2.091518312082323,2.046411842159283,1.8405867888435146,1.709712740675581,0.033596188406516445,1.0,1.0,0.2,0.8,0.9,23,1002180.3492382,520172.5188689249
18,14,1.744563177833061,2.0879754256177487,2.042803252952174,1.839755118513582,1.7097746372477616,0.02412031275215922,1.0,1.0,0.2,0.8,0.9,24,959728.1646549454,506867.3590556683
18,15,1.7441071828622232,2.0874144464650954,2.044502065826272,1.8405291159027692,1.7068566320196048,0.02357079689340235,1.0,1.0,0.2,0.8,0.9,26,963036.1213374157,480351.8658818105
18,16,1.934322529610455,2.2590333129102356,2.2151744932690827,2.0018287089260034,1.9669215364628694,1.0,1.0,1.0,0.2,0.8,0.9,27,1063480.048863918,442031.9778466217
18,17,1.739799351615079,2.066394418240298,2.027163323209984,1.8960131974069598,1.7056958744770228,0.027888681223385746,1.0,1.0,0.2,0.8,0.9,39,1152001.4818176732,450832.34922861954
18,18,1.7380395593137719,2.065094564036082,2.0281530691766703,1.9037696703146079,1.7064427263342457,0.019958862923765842,1.0,1.0,0.2,0.8,0.9,40,1068803.040797258,428449.1253149047
18,19,1.7377899303697504,2.06079451304906,2.0213841476642798,1.900680553494789,1.707886356451826,0.02231176265942883,1.0,1.0,0.2,0.8,0.9,43,948602.3216317988,1632711.41994843
18,20,1.7375529221817214,2.0626748423572154,2.0301708227506956,1.93857740915157,1.7091196556301753,0.022710033108627938,1.0,1.0,0.2,0.8,0.9,44,971197.6529370036,1545864.6958955352
18,21,1.7362098367789973,2.0525531740191227,2.0128129136247246,1.8919600304440571,1.723190707305875,0.022335533561111683,1.0,1.0,0.2,0.8,0.9,45,1004907.5909754304,1583397.5768975455
18,22,1.7466793741729387,2.060981739414829,2.018873376549779,1.897637141731654,1.7182769884494353,0.07572315997691298,1.0,1.0,0.2,0.8,0.9,46,979241.308434625,1631458.8815829407
18,23,1.7426755811608308,2.0532023403370188,2.017712697358542,1.9431363982127792,1.7377401751900778,0.06379023621850402,1.0,1.0,0.2,0.8,0.9,47,1043829.3990919295,1638217.0973193198
18,24,1.734511676781846,2.047143361243094,2.0162928295745335,1.939437457651596,1.7047835327453638,0.02316190460222971,1.0,1.0,0.2,0.8,0.9,51,1061982.065093298,1610471.3794936102
18,25,1.7345224518584392,2.0448666087208425,2.009368135752219,1.9247308025013767,1.704644281344075,0.02321693759577387,1.0,1.0,0.2,0.8,0.9,55,1063032.495844644,1610579.1500456296
18,26,1.734026711334872,2.0442734509399245,2.013306918916935,1.9551662079329901,1.7128661330873398,0.02331182203932183,1.0,1.0,0.2,0.8,0.9,56,1060594.224134754,1355280.0595573608
18,27,1.7282059894346047,2.024922410703416,1.9955729065781806,1.9554032502719783,1.7102311184608951,0.00919340560058413,1.0,1.0,0.2,0.8,0.9,62,795804.366882112,966682.226038778
18,28,1.7281954721881454,2.0214308303560604,1.9851073542643416,1.9325795715199834,1.7019236383034237,0.00918957631788536,1.0,1.0,0.2,0.8,0.9,64,795503.0905470327,966468.2363471296
18,29,1.7284719127396664,2.0276400787422606,2.0052164654434863,1.9945795773158959,1.7029458154310118,0.01134015887824363,1.0,1.0,0.2,0.8,0.9,68,781712.8795994292,659519.9326617095
18,30,1.72795678261149,2.0268425194324258,2.0089446905850323,2.0504708131844867,1.7043983948840764,0.01118902034732166,1.0,1.0,0.2,0.8,0.9,72,769702.533486678,651094.3972383456
18,31,1.7281384272995854,2.0200011109648393,1.992691587643498,1.9765329316987845,1.7069821848509923,0.014367412107217889,1.0,1.0,0.2,0.8,0.9,74,733899.882963557,692522.1197439103
18,32,1.725623666194965,2.005600009520809,1.9845428603332391,2.0252445488031405,1.7539135630084894,0.015124424269236738,1.0,1.0,0.2,0.8,0.9,75,964441.9684745364,607058.835552173
18,33,1.7264218901551436,1.9990576192992737,1.9685761957594599,2.005931170074565,1.7060970642468134,0.02137499840548579,1.0,1.0,0.2,0.8,0.9,80,932328.5153084872,626053.7366312725
18,34,1.7252939414893005,2.0041084698542697,1.9875388911558698,2.073206408973238,1.7034605220123753,0.016284901004823223,1.0,1.0,0.2,0.8,0.9,91,814763.3449451547,611288.9908385223
18,35,1.724314289101944,1.9871663019641592,1.9607752279213284,2.0474909214403465,1.7164474036166044,0.02020379265325169,1.0,1.0,0.2,0.8,0.9,94,865524.9895197009,708135.8589542044
18,36,1.7241615931227785,1.9859847166760045,1.9595463861813665,2.064464036766166,1.705712596817031,0.02020367755888032,1.0,1.0,0.2,0.8,0.9,96,862672.9879786691,733361.8164986713
18,37,1.7239399062254912,1.9877407930386886,1.96593590852641,2.1103632380987953,1.7043696091102205,0.01932472501641758,1.0,1.0,0.2,0.8,0.9,98,837300.3542733291,727285.8994631544
18,38,1.7239612264620483,1.9885926836227088,1.9690973954648272,2.1637787465795264,1.7049502161345307,0.019662384909495352,1.0,1.0,0.2,0.8,0.9,99,836294.4463109857,728815.4875080582
18,39,1.7239521385946457,1.988521226041576,1.969023080142298,2.1596761305662593,1.7040327103721378,0.019662384909495352,1.0,1.0,0.2,0.8,0.9,101,836715.9910557468,727719.3960804149
18,40,1.723815912245694,1.9844269968823474,1.960204295395529,2.1040727788262474,1.7094558732597391,0.02020283840938275,1.0,1.0,0.2,0.8,0.9,102,846149.2245471668,698654.2565585688
18,41,1.9197193659445646,2.1799456810730917,2.155705350804291,2.3194819442147927,1.900124797766587,1.0,1.0,1.0,0.2,0.8,0.9,112,826249.6660675212,691415.3355796479
18,42,1.7276342956009323,1.9916656563872017,1.9789572698593845,2.1744115858457094,1.7143804487479248,0.04095320360482286,1.0,1.0,0.2,0.8,0.9,113,805865.1637100504,724990.7744201039
18,43,1.7215207189235662,1.9928671394717021,1.996394434345064,2.2559166016365113,1.7033058320768193,0.01088431014634703,1.0,1.0,0.2,0.8,0.9,115,707312.8237886063,742400.4928433249
18,44,1.7205616161360793,1.9837877866020088,1.9846731291149111,2.202480815532453,1.7134321927640168,0.01094824482608528,1.0,1.0,0.2,0.8,0.9,117,709593.3347465605,742764.3690384887
18,45,1.7205556190226123,1.9848501844899769,1.9880560125369997,2.23307803903356,1.7022541296160565,0.0109693028191473,1.0,1.0,0.2,0.8,0.9,121,709797.7935675986,742570.5838920189
18,46,1.7220926608464056,1.9770139701112877,1.968434475038336,2.17155051838002,1.7081290168693257,0.02110931412214279,1.0,1.0,0.2,0.8,0.9,124,823720.651324351,752118.5762538532
18,47,1.7203256459254626,1.9748617316128376,1.9730813023463694,2.185308174550636,1.7151800421691048,0.01477932905366551,1.0,1.0,0.2,0.8,0.9,125,749296.4818054304,736625.8576884773
18,48,1.7218465107764178,1.9687439724397504,1.966619341326568,2.2118952255719484,1.7094979509696957,0.02720883442380314,1.0,1.0,0.2,0.8,0.9,131,810400.7587524705,740123.618607075
18,49,1.7220745838731548,1.9728453062372178,1.9799849775278906,2.3005645701270345,1.7068668825637618,0.028779244410904757,1.0,1.0,0.2,0.8,0.9,133,827671.3034345862,739551.4299655352
18,50,1.725735048291063,1.9746991617632315,1.9817577065866856,2.304727742466852,1.7153732863666025,0.04818377505244917,1.0,1.0,0.2,0.8,0.9,134,809341.677598039,743422.7515235887
18,51,1.7239173611476102,1.9677683957271137,1.9655071761349094,2.2439208388428438,1.7083124960583504,0.039422152785509854,1.0,1.0,0.2,0.8,0.9,138,806341.4361270656,724941.1230672579
18,52,1.7257605076136642,1.9697743674407175,1.9697932485057983,2.2466806623240765,1.7108818420911587,0.04922870641248782,1.0,1.0,0.2,0.8,0.9,141,768718.7805923618,807905.6138363112
18,53,1.725759438978424,1.9697548360802792,1.969772791682744,2.2589903550422576,1.7098757902510258,0.04923432814552814,1.0,1.0,0.2,0.8,0.9,143,768706.3668622224,807939.5645809239
18,54,1.7300649130913717,1.9860967328955619,2.0116531257279275,2.640652437473512,1.7142588868071806,0.07108552712014851,1.0,1.0,0.2,0.8,0.9,184,784159.0617517566,5537149592.89439
18,55,1.7300613053211875,1.9872062799395511,2.0150850079405287,2.6563038822910885,1.7142647922956238,0.07108553021111921,1.0,1.0,0.2,0.8,0.9,186,776978.1460143019,5537629833.212867
18,56,1.7300504248393804,1.9860119605413011,2.0115653215106013,2.665340845671178,1.7143387657437104,0.0710552403074286,1.0,1.0,0.2,0.8,0.9,187,784085.4848718598,699307.9397087222
19,0,0.429395944099535,0.8227670552637859,0.7883415786679114,0.5043175824933477,0.0,0.0,0.0,0.0,0.2,0.8,0.9,1,4473267.398120835,10439326.104633132
19,1,2.1445518667363053,2.540739881320147,2.506221992332379,2.231888930253349,1.721921113530204,0.1014173696688883,1.0,1.0,0.2,0.8,0.9,5,4423271.446272906,10497050.557139914
19,2,2.0665618266768373,2.5014679054813067,2.4653957656586067,2.2007764375147194,1.774859874196836,0.09937605451226356,1.0,1.0,0.2,0.8,0.9,7,4536217.157216345,7822195.975557485
19,3,2.061079488020486,2.4984510930566994,2.462254091691112,2.2066877303870385,1.7288163913343844,0.09990379907972377,1.0,1.0,0.2,0.8,0.9,8,7376411.979558897,7003199.601880248
19,4,1.9295750579511757,2.4051108849546625,2.365291416411117,2.1108718949924,1.8455336944401564,0.08609588342910049,1.0,1.0,0.2,0.8,0.9,10,6062574.799419613,3766883.5801801183
19,5,1.8919228791104337,2.3515818362242062,2.3096129860128594,2.049803143826235,1.9322720333589705,0.37197194934864536,1.0,1.0,0.2,0.8,0.9,12,3103480.465413064,2635844.8001151667
19,6,1.751947243111473,2.124892151937767,2.076785174239362,1.8270332466907102,2.135996302191394,0.0059318926404084696,1.0,1.0,0.2,0.8,0.9,13,458295.1551966593,574813.371583569
19,7,1.7557130425834766,2.116602833429886,2.0700932020103338,1.8271167456787984,1.7357199060041015,0.04964403502268781,1.0,1.0,0.2,0.8,0.9,15,629160.0443394063,591513.8914298213
19,8,1.7456767178349946,2.105224743736947,2.0609050448446773,1.830635375203118,1.7101697944598224,0.0037597288395269804,1.0,1.0,0.2,0.8,0.9,16,526696.071042039,540865.8756313933
19,9,1.7456690474370344,2.105189667724195,2.060868764702062,1.8398969454362057,1.7008058788684133,0.0037685753521250398,1.0,1.0,0.2,0.8,0.9,18,526403.3611030892,540482.1873250096
19,10,1.7457488203555371,2.104787000440039,2.0604399476845234,1.8425584291135,1.7028645158192783,0.005008512791130159,1.0,1.0,0.2,0.8,0.9,19,520721.191596083,535115.5810471644
19,11,1.7452998738172987,2.10149939931397,2.057000611368372,1.8359523851034014,1.7122095846266454,0.007541657558056509,1.0,1.0,0.2,0.8,0.9,20,549170.2792527907,543511.0332184521
19,12,1.7452808225197223,2.1025651221450854,2.0603867741763593,1.8445767129404116,1.7016160306724053,0.007541657558056509,1.0,1.0,0.2,0.8,0.9,22,548658.220813815,542415.5916686822
19,13,1.7466061706488716,2.1021073178282714,2.0620976055341727,1.8640221146624745,1.7147641162907954,0.01896914197740033,1.0,1.0,0.2,0.8,0.9,23,543192.6877090998,513427.4513154111
19,14,1.8996270915854656,2.242756964263181,2.1953066202747373,1.9898483207022513,1.8662309845065965,0.7980112581087428,1.0,1.0,0.2,0.8,0.9,28,591501.0234176017,1939225.5082805064
19,15,1.9140564033148775,2.2502066747713667,2.202395889820333,1.9998798073005442,1.9015507376453518,0.8803199564398854,1.0,1.0,0.2,0.8,0.9,29,571012.2117699527,1055901.716603735
19,16,1.7650001070778987,2.084669390759235,2.0382910699232304,1.8381569686864419,1.7951372053448365,0.15837959120896322,1.0,1.0,0.2,0.8,0.9,30,470874.4323282268,1105346.594693653
19,17,1.7649947138509625,2.085785387597316,2.0417295397913655,1.8474615660993354,1.7317129473615922,0.15837834752923757,1.0,1.0,0.2,0.8,0.9,32,470742.5160216196,1105067.1957718967
19,18,1.79093746139427,2.108147873324543,2.061647452974562,1.8771717840876447,1.7667075560035803,0.2910293141320969,1.0,1.0,0.2,0.8,0.9,33,446858.6024511857,502751.7179464963
19,19,1.7523537929549797,2.058515930435783,2.016008186614567,1.8274073380114024,1.7690453260428907,0.11332370424246123,1.0,1.0,0.2,0.8,0.9,34,452400.22967440594,471974.0495553833
19,20,1.9286088839363154,2.2284168098376993,2.18333364743943,2.047855899021656,1.902181248467206,1.0,1.0,1.0,0.2,0.8,0.9,42,503719.8540451413,546935.4109120573
19,21,1.7349083653650683,2.0399219235899304,2.006433507784827,1.8709801272218762,1.7072784081546326,0.032028331461972946,1.0,1.0,0.2,0.8,0.9,44,553132.9343879205,703990.9763337789
19,22,1.7533120879912278,2.0471787799598413,2.0040779198817904,1.8717152321273636,1.7374936295906689,0.13079473147054674,1.0,1.0,0.2,0.8,0.9,46,454022.6400797272,490167.1287084722
19,23,1.9213444779613065,2.182100294622957,2.1374430439936605,2.021985612514792,1.954985372906473,1.0,1.0,1.0,0.2,0.8,0.9,48,398806.6437299241,378079.5783249269
19,24,1.92060266302616,2.1776512228039007,2.135094085279152,2.0234964560812405,1.9078809284849663,1.0,1.0,1.0,0.2,0.8,0.9,50,378404.2872202336,349638.13292632165
19,25,1.92043663021013,2.1764068560199523,2.1338000474310115,2.043146903608376,1.900897591611976,1.0,1.0,1.0,0.2,0.8,0.9,54,370033.5787785253,347066.3752515705
19,26,1.9182972281365225,2.1626736021459605,2.126351987450342,2.0599186319438365,1.9048484196519628,1.0,1.0,1.0,0.2,0.8,0.9,64,314565.74735749915,288566.05917008163
19,27,1.9179579874089803,2.1598130658512313,2.1233770559111034,2.07596278298215,1.9040474826352485,1.0,1.0,1.0,0.2,0.8,0.9,66,292311.63170707255,270605.7643339023
19,28,1.9179465133405516,2.1597159282018787,2.1232759870724633,2.1078841514788835,1.900045984623488,1.0,1.0,1.0,0.2,0.8,0.9,72,294810.0064836448,294874.2475446914
19,29,1.9179443240630398,2.1596969472818905,2.1232562489227997,2.11325668892816,1.900052770111933,1.0,1.0,1.0,0.2,0.8,0.9,73,294928.1459538547,295534.92599874985
19,30,1.9177570690168722,2.1592419634645204,2.125061338380909,2.1043268204040837,1.9045224526750273,1.0,1.0,1.0,0.2,0.8,0.9,74,298564.2552516585,277844.9006799124
19,31,1.9177446676626353,2.1591358936175262,2.12495093553776,2.1223154077403135,1.9003008365637006,1.0,1.0,1.0,0.2,0.8,0.9,75,298714.348670952,276752.9303497476
19,32,1.9172003295295337,2.1544135523768717,2.12003982231147,2.1575764387417022,1.913367594469329,1.0,1.0,1.0,0.2,0.8,0.9,76,369096.1131725112,503965.9925679558
19,33,1.917050471819819,2.1542351875552157,2.122132303984865,2.169020827974578,1.9003116114395073,1.0,1.0,1.0,0.2,0.8,0.9,88,400387.53852314857,572519.9583497731
19,34,1.9169660701282156,2.1523440738357786,2.1178875911187602,2.160916086064823,1.9010582105229,1.0,1.0,1.0,0.2,0.8,0.9,90,396281.7759817799,583065.4418771464
19,35,1.9169367743494288,2.1532269657464176,2.1210836850578465,2.186900331737275,1.900368274632887,1.0,1.0,1.0,0.2,0.8,0.9,92,399785.1584604392,573290.917094257
19,36,1.9167236680776392,2.15133138592816,2.1191123076340443,2.1886918326580513,1.9053869645668322,1.0,1.0,1.0,0.2,0.8,0.9,93,397866.4646426992,484470.6138717683
19,37,1.9157940595847016,2.1450799641037306,2.1171674459173215,2.2327065171237135,1.903449101186196,1.0,1.0,1.0,0.2,0.8,0.9,100,526435.9506748884,354929.8012278257
19,38,1.914859557129688,2.13496843724224,2.1043733199906614,2.215648338104258,1.9084566993604333,1.0,1.0,1.0,0.2,0.8,0.9,103,501291.994317686,352237.4566993388
19,39,1.914817052950736,2.1356944574317978,2.107406574195021,2.258216750542618,1.9002364955845286,1.0,1.0,1.0,0.2,0.8,0.9,108,389199.7450382336,343090.7151763844
19,40,1.9134713538072203,2.1242659896805205,2.100077180921366,2.277251626000497,1.9097028877946678,1.0,1.0,1.0,0.2,0.8,0.9,112,414881.5726510286,417099.7742010401
19,41,1.9131672323262725,2.121028347166609,2.0967099239314306,2.2856413499620145,1.9022908033383326,1.0,1.0,1.0,0.2,0.8,0.9,116,526350.7073745582,356388.4191809003
19,42,1.9130629849514436,2.1187623602774006,2.0920752042526916,2.2935686490845217,1.9007939804405787,1.0,1.0,1.0,0.2,0.8,0.9,120,389985.6270484149,407043.0678495508
19,43,1.9124840566627919,2.1124090555736217,2.085467799200474,2.3171114979812235,1.903595988923961,1.0,1.0,1.0,0.2,0.8,0.9,125,423940.95509307866,388512.9346894157
19,44,1.9119080807980753,2.1058754321299524,2.078672881726451,2.322017453194887,1.9184889176548228,1.0,1.0,1.0,0.2,0.8,0.9,126,415538.0468148092,431225.1788794843
19,45,1.9114897376879387,2.1032756043538883,2.08052553299098,2.3059008483724033,1.9069140368447481,1.0,1.0,1.0,0.2,0.8,0.9,128,270777.27608198154,334035.96239109075
19,46,1.9111403941893363,2.0991020350058407,2.076185042537199,2.3481723226814473,1.9014774059445116,1.0,1.0,1.0,0.2,0.8,0.9,136,386454.9019108359,494487.6726889133
19,47,1.9110204249574831,2.107935141079875,2.1058744895057555,2.6258813727981565,1.9000686097648725,1.0,1.0,1.0,0.2,0.8,0.9,196,373988.8503331339,308835.03945095267
20,0,0.3801610510120741,0.7993169660115923,0.7639536679040863,0.4795319275306283,0.0,0.0,0.0,0.0,0.2,0.8,0.9,1,9611296.68353237,10479272.10173049
20,1,0.39991578442984527,0.8190827989146281,0.7837191323161173,0.5032799380504861,0.01979288648040312,0.09805284611357146,8.999999999997e-05,0.000104921030415,0.2,0.8,0.9,3,9611706.109135468,10480241.971215962
20,2,1.0013021529290562,1.4219373062398029,1.388883893277774,1.1245061634122275,0.6227649719802748,0.13082964212111534,0.33480058381101624,0.3642389681428913,0.2,0.8,0.9,4,9559422.96537612,10404268.567034258
20,3,2.2471420047253106,2.670752929814277,2.637588298511714,2.3594074056432537,1.8817371040743143,0.8670833931485704,1.0,1.0,0.2,0.8,0.9,5,9839319.690623492,10372434.440085009
20,4,2.2402513718426604,2.6654892222432958,2.6322567050421886,2.3573158749853627,1.87471950056818,0.8492630039561375,1.0,1.0,0.2,0.8,0.9,6,9432048.354058376,10207172.388625408
20,5,2.070344904768942,2.5088244021113093,2.4725709517014915,2.2072698598448492,1.7806182346083141,0.15881142827495615,1.0,1.0,0.2,0.8,0.9,7,8407193.894049164,9432357.94675243
20,6,2.227218889472866,2.67163831856962,2.6374460463326903,2.3678859896379656,1.918554465028452,1.0,1.0,1.0,0.2,0.8,0.9,8,8446906.597468218,8944556.918715479
20,7,2.048139493150927,2.4928310651319108,2.4586266873440086,2.1928772725474097,1.7224579071040074,0.107490580345817,1.0,1.0,0.2,0.8,0.9,9,8081313.860103042,9110410.198301015
20,8,2.187761740390046,2.646991873095802,2.6118137998084325,2.349576948208919,1.9687899291919768,1.0,1.0,1.0,0.2,0.8,0.9,10,7970280.346074238,7995568.988249737
20,9,2.1311560468457844,2.605356108576445,2.5685129367221675,2.30966455740944,2.0185349890066107,1.0,1.0,1.0,0.2,0.8,0.9,11,5838604.011982887,6402282.607708983
20,10,1.933549634324196,2.2506099714030112,2.1973019554620543,1.9525864863167315,2.9,1.0,1.0,1.0,0.2,0.8,0.9,12,2096809.4662697853,595143.5066977998
20,11,1.9324536118292408,2.245000551284073,2.1914681431912393,1.9410963444497682,1.9159151711550564,1.0,1.0,1.0,0.2,0.8,0.9,13,2082518.1196126228,555353.2040852931
20,12,1.9317465750641754,2.2424691106462027,2.191113451019871,1.949533478959303,1.9105160391247793,1.0,1.0,1.0,0.2,0.8,0.9,14,2039977.1480425573,530030.3463350578
20,13,1.9316928877157138,2.242188025551668,2.1908210648149113,1.944446654805898,1.900403489983796,1.0,1.0,1.0,0.2,0.8,0.9,16,2026273.356883074,528891.44232567
20,14,1.9313110802549325,2.241208833385205,2.1920808581624294,1.961106923330508,1.905772288330923,1.0,1.0,1.0,0.2,0.8,0.9,17,1899557.2047832056,478224.73950503307
20,15,1.931291320687175,2.241203250761679,2.1920751507456595,1.9580301263975937,1.9001498038961397,1.0,1.0,1.0,0.2,0.8,0.9,19,2199852.582166324,1143770.5745263428
20,16,1.9277908069458878,2.22144857915253,2.171530590654022,1.9464522175286727,1.95596898166148,1.0,1.0,1.0,0.2,0.8,0.9,20,1889026.559653583,1918459.698554305
20,17,1.9266877423075153,2.214779018826002,2.164594295710419,1.9638764022574522,1.9094410067481529,1.0,1.0,1.0,0.2,0.8,0.9,22,1620727.2758798862,1731425.0542947713
20,18,1.926647230271215,2.2156834038372164,2.1678130409598118,1.9727547686779605,1.9003530559812747,1.0,1.0,1.0,0.2,0.8,0.9,24,1613937.1721383804,1754097.2843990307
20,19,1.9266278632700717,2.2167027908930663,2.1711510474388,1.991949424293304,1.9001689233132262,1.0,1.0,1.0,0.2,0.8,0.9,26,1613241.965525092,1752496.2650926856
20,20,1.926609292550041,2.217727481441266,2.1744948802390742,1.981772014703989,1.9001621554047259,1.0,1.0,1.0,0.2,0.8,0.9,28,1612573.882119228,1750952.3417620172
20,21,1.740860818814432,2.0293318402164324,1.9837045972447243,1.8413025627320418,1.715186108562664,0.07259104562284488,1.0,1.0,0.2,0.8,0.9,35,1357749.9830802754,1574446.3661635236
20,22,1.7576021876035735,2.016358904368839,1.9806942590380996,1.8915371168720934,1.7567948504748063,0.1862879755202823,1.0,1.0,0.2,0.8,0.9,41,2102091.088930602,694465.8499011847
20,23,1.7585019497502197,2.0137342782154106,1.9779077585650717,1.8812880952681166,1.7444423756657539,0.19338789847612217,1.0,1.0,0.2,0.8,0.9,43,2092165.8964481645,576569.3087860976
20,24,1.8646824183149575,2.1187827270101818,2.082904472044158,1.9972513261102387,1.8485943537721419,0.72511156836368,1.0,1.0,0.2,0.8,0.9,44,2650203.758666092,972259.895863322
20,25,1.8711296887731264,2.1103208052057525,2.0714919639260074,1.9596882358845717,1.8977181209227854,0.7668678957079984,1.0,1.0,0.2,0.8,0.9,45,2353202.9827904487,1258273.7990701124
20,26,1.752689100734424,1.9822811716720357,1.940746985356102,1.8397519363497552,1.7495259492644963,0.1800996221510022,1.0,1.0,0.2,0.8,0.9,47,2146632.5744629214,1332384.4567799997
20,27,1.7529418011793418,1.9774898237150165,1.9425470738253123,1.8970761240635046,1.744033622212595,0.1865207282827064,1.0,1.0,0.2,0.8,0.9,51,1356198.8085020268,487965.6454472109
20,28,1.749221847656312,1.9707255225209668,1.93791941700573,1.9044300788239794,1.7406766145632298,0.17036124749288128,1.0,1.0,0.2,0.8,0.9,53,1521875.9524559423,567523.9202818467
20,29,1.754091982879053,1.9725998977615071,1.9396602255064797,1.9061168087461224,1.7424340220005656,0.19642237672659799,1.0,1.0,0.2,0.8,0.9,56,1052349.6813383207,434401.9675507692
20,30,1.7612589867880304,1.9775720888550685,1.9468080385190523,1.921606275038958,1.7573235100282285,0.23412336630423577,1.0,1.0,0.2,0.8,0.9,57,1571537.1041528035,585362.937650236
20,31,1.7607170852680576,1.974772332306602,1.9461813471806662,1.951549547099706,1.7573336745057067,0.23327584893330675,1.0,1.0,0.2,0.8,0.9,58,1181069.390853123,374102.9644883199
20,32,1.760202078866123,1.968289622889566,1.937161124936853,1.9307548725798975,1.7542154565373855,0.2332764096960404,1.0,1.0,0.2,0.8,0.9,60,1414393.4637966093,496379.61554759816
20,33,1.7622222655133948,1.9669659340128365,1.9334163022026138,1.9294973460184486,1.7557779823335529,0.2445251519073969,1.0,1.0,0.2,0.8,0.9,61,1091226.8577777313,455234.8339254322
20,34,1.7453099027551766,1.9571628243097643,1.9398409955095848,2.0170479406799426,1.7322161776778184,0.1604242101869256,1.0,1.0,0.2,0.8,0.9,82,1284060.7099586085,350426.9042649993
20,35,1.7453023405943495,1.9570826211581593,1.9397574320353126,2.028911610731176,1.7321978775606528,0.16042374766689207,1.0,1.0,0.2,0.8,0.9,84,1283702.71493154,349979.49725201336
20,36,1.912748893465623,2.1188206986932476,2.0989705365905165,2.3309246824508407,1.900496963388132,1.0,1.0,1.0,0.2,0.8,0.9,113,907292.254233512,1419369.3187097404
20,37,1.912453448390056,2.1166515703222153,2.0989925933782434,2.356383587167539,1.9046324592814132,1.0,1.0,1.0,0.2,0.8,0.9,115,909764.3592914664,1387011.79258048
20,38,1.912341557363412,2.1153932469794516,2.097683989726888,2.3486484574505915,1.9017747605303446,1.0,1.0,1.0,0.2,0.8,0.9,117,904753.5039838268,1383090.2604241658
20,39,1.912327890495991,2.116381371343556,2.100989891986543,2.375232793410864,1.900217655297824,1.0,1.0,1.0,0.2,0.8,0.9,119,904650.3271492198,1381184.2871499031
20,40,1.9122881305098498,2.11593587798618,2.1005265210875077,2.386970734798478,1.9012680830090867,1.0,1.0,1.0,0.2,0.8,0.9,120,907698.4215842657,1382773.328404365
20,41,1.9118551708934692,2.1121271330855578,2.0988436654718945,2.395124442576023,1.9069992763485364,1.0,1.0,1.0,0.2,0.8,0.9,122,987206.4965098252,1271205.9845673337
20,42,1.9115992053842987,2.1079971082010136,2.092270267111267,2.382643800721839,1.9084466620822487,1.0,1.0,1.0,0.2,0.8,0.9,123,945509.7702809068,1287717.8562887623
20,43,1.9114353765362577,2.111778219115182,2.1075932542852147,2.3929023048673472,1.901824599771233,1.0,1.0,1.0,0.2,0.8,0.9,126,1934602.429218585,674347.9213072347
20,44,1.9112935308391141,2.1112308428784567,2.1093021499898423,2.4053017117138182,1.9023923720834244,1.0,1.0,1.0,0.2,0.8,0.9,128,1894022.701654125,676975.9249603647
20,45,1.9112910874012874,2.111201534104945,2.1092715915292186,2.413793504809914,1.9000414087432977,1.0,1.0,1.0,0.2,0.8,0.9,130,1893681.895699685,677021.7310356606
20,46,1.7258707662595034,1.923733341087956,1.9239881877140808,2.269302110568223,1.717341569643545,0.07434486161088089,1.0,1.0,0.2,0.8,0.9,134,1865363.0518361488,470513.4545688945
20,47,1.910901347264256,2.109916693300433,2.114769736351233,2.4719046248511307,1.900496900855905,1.0,1.0,1.0,0.2,0.8,0.9,141,1849856.64181712,930564.1237678484
20,48,1.7383491467686136,1.928203171483632,1.9303839569743966,2.325474077519095,1.7527709066872497,0.14070881312423006,1.0,1.0,0.2,0.8,0.9,142,1871720.100703603,702392.8499282011
20,49,1.743914065809515,1.9245560044156478,1.9286127638538635,2.311384510893458,1.7424824283094287,0.17277799837721122,1.0,1.0,0.2,0.8,0.9,146,1832464.499408132,684763.016147722
20,50,1.743913300785286,1.9256887187290759,1.9320688425172867,2.3303906348188823,1.734562984977442,0.17277799837721114,1.0,1.0,0.2,0.8,0.9,150,1832363.1654291488,684303.4868298826
20,51,1.7462095305670422,1.9276911802853571,1.9340586748668471,2.360219635258245,1.737770394624929,0.1843757712400056,1.0,1.0,0.2,0.8,0.9,151,2257320.7786491103,1117309.024517685
20,52,1.7438931260333077,1.926461981013011,1.9351509620560563,2.379822358705675,1.7347370301438265,0.1728160257139222,1.0,1.0,0.2,0.8,0.9,152,1830338.311188327,684459.6486311535
20,53,1.7465389120544135,1.9184467095390967,1.9221269659648796,2.3673918796170974,1.7633849080321813,0.1892832707275735,1.0,1.0,0.2,0.8,0.9,153,2273131.359719082,1056842.3063888787
20,54,1.9085660608562884,2.076640628380104,2.0756067504234044,2.5320726820587214,1.901569628896227,1.0,1.0,1.0,0.2,0.8,0.9,156,1151608.9869171174,563994.0502624834
20,55,1.9079873220801375,2.06699413405833,2.0632962686157654,2.557458137219945,1.9240672621200954,1.0,1.0,1.0,0.2,0.8,0.9,157,928352.0432272924,1382287.151548207
20,56,1.9079315603044433,2.0650240262160002,2.0589690360155237,2.557967966229301,1.901187831174123,1.0,1.0,1.0,0.2,0.8,0.9,159,964909.7585367694,1409829.738193771
20,57,1.9079156125798278,2.0659258990466274,2.0621854031745963,2.5778177905639033,1.9003406221553423,1.0,1.0,1.0,0.2,0.8,0.9,161,963793.3786218056,1408963.438533346
20,58,1.9078691130944865,2.0652099275794162,2.0614407041905936,2.5942396384792605,1.900663719323874,1.0,1.0,1.0,0.2,0.8,0.9,164,916643.6785156636,1380745.6396252585
20,59,1.9077870494514357,2.0651041368635985,2.063608928040711,2.6001685496152054,1.9035312166449545,1.0,1.0,1.0,0.2,0.8,0.9,165,986159.9108944046,1376784.2956153064
20,60,1.9074876965789667,2.062768925442667,2.065736486546341,2.600407449959357,1.906538680736928,1.0,1.0,1.0,0.2,0.8,0.9,167,1036559.5681519716,1269491.9923315342
20,61,1.9073658261681423,2.06199908165843,2.067214112967257,2.6247596559230324,1.9013535590968473,1.0,1.0,1.0,0.2,0.8,0.9,171,1036009.9246303844,1210206.4077523155
20,62,1.907062405644759,2.054865884448067,2.055239179703903,2.6460118333185436,1.9034288798807415,1.0,1.0,1.0,0.2,0.8,0.9,175,1001715.168378848,1203618.9661518426
21,0,0.32326517460483956,0.7681572736699749,0.7315477878141775,0.44659762621322924,0.0,0.0,0.0,0.0,0.2,0.8,0.9,1,15614256.642406212,10495295.111027332
21,1,0.3439046991052141,0.7888066367758163,0.7521965598057324,0.47122902564672436,0.020682695709009095,0.10245341000320289,8.854838709674e-05,0.00011279980351351,0.2,0.8,0.9,3,15612927.316033969,10494306.768563788
21,2,0.3474753178626106,0.7923870513106901,0.7557764890626381,0.4774638055235836,0.02427882357113969,0.1178440744466979,0.00035419354838698,0.00045119921405418,0.2,0.8,0.9,5,15612150.578304864,10493709.942922736
21,3,2.1943940000516378,2.6452543966233377,2.6107022382778777,2.33521105123405,1.9021831153045818,0.9130749402323712,1.0,1.0,0.2,0.8,0.9,6,14067589.80006638,9973220.464691022
21,4,1.992038691329559,2.4563532448703276,2.4207326567892444,2.152913210510146,1.7578343341189062,0.10215298850952059,1.0,1.0,0.2,0.8,0.9,8,13532023.523813857,8861786.620443488
21,5,1.9532562588869684,2.425768516675163,2.3866517826809837,2.1241690015042014,1.8033544827703176,0.10153029560273694,1.0,1.0,0.2,0.8,0.9,9,11671079.873950548,7508383.113970165
21,6,1.952095766992799,2.4270802431584912,2.3925717671361326,2.1488754039269207,1.7216747661718155,0.10157679767628369,1.0,1.0,0.2,0.8,0.9,11,11713714.462607175,7532132.804465036
21,7,1.9416939184538098,2.418883867346191,2.3788369899734523,2.1302147977513575,1.802868103103048,0.18341403184294844,1.0,1.0,0.2,0.8,0.9,12,8204050.255417965,5903310.232910696
21,8,1.9184260325158773,2.3949207541187554,2.35391542661446,2.1048134560928102,1.7690699507723946,0.1834071491975357,1.0,1.0,0.2,0.8,0.9,14,8653708.567028444,5675468.782948111
21,9,1.8888218328556432,2.36581863157384,2.3265960961540406,2.088304009225434,1.759413843391224,0.0998231835911374,1.0,1.0,0.2,0.8,0.9,15,6971969.198530331,4579477.669805418
21,10,1.7693324109627766,2.140562679761436,2.096879465828219,1.8606902322972312,2.363683738025949,0.10089004543688115,1.0,1.0,0.2,0.8,0.9,16,1773770.5081004165,805466.1561271191
21,11,1.7498517991574847,2.1001178979223583,2.053041259484021,1.8291469229982953,1.7830567891377718,0.03808936749190213,1.0,1.0,0.2,0.8,0.9,17,1638876.773179336,690779.2338931691
21,12,1.7441758869829553,2.0759975753049815,2.030231446508607,1.7931306870379655,1.7793724340700368,0.03847995408429615,1.0,1.0,0.2,0.8,0.9,18,1652504.1593134108,621336.1850695581
21,13,1.934742404871523,2.262244996224751,2.2207927316523053,2.0142378869876083,1.9118052406423534,1.0,1.0,1.0,0.2,0.8,0.9,20,1414836.844927393,484893.48162474594
21,14,1.9344400676008142,2.260755831399187,2.2192440003307925,2.005816390283323,1.9021068311151414,1.0,1.0,1.0,0.2,0.8,0.9,22,1491592.885959962,505743.0635225764
21,15,1.9342082954267434,2.2596066483463573,2.2180490099445196,2.0135214486364847,1.901626010121097,1.0,1.0,1.0,0.2,0.8,0.9,24,1481092.4366782643,561698.4361923481
21,16,1.7411158383923593,2.051094790754069,2.0065063911703027,1.7960390593776174,1.72697896037063,0.051527457634217774,1.0,1.0,0.2,0.8,0.9,27,1186777.398093857,382375.9158542576
21,17,1.740384248910762,2.050692913203976,2.010656666193151,1.820792198669293,1.7133949874779173,0.05005260608637028,1.0,1.0,0.2,0.8,0.9,29,1285971.8264870956,415116.2753182194
21,18,1.7388442062480587,2.0411341219498884,1.998439621066105,1.8187481875672291,1.7336125714935497,0.04977514995759075,1.0,1.0,0.2,0.8,0.9,30,1283081.9037774035,568893.2741441245
21,19,1.734513871883629,2.0211944643976447,1.9800213498429566,1.8061330698164804,1.7373321814659721,0.0446939570270011,1.0,1.0,0.2,0.8,0.9,32,1310610.1858567365,1345530.495536283
21,20,1.7340027810525283,2.0186164399038877,1.979615244590934,1.836831579254885,1.7143950636154839,0.04508908289424693,1.0,1.0,0.2,0.8,0.9,34,1419954.6468951378,1877849.317405355
21,21,1.7337748558315123,2.0149842759230507,1.97355240886119,1.837748933432104,1.7129734707066975,0.045987339707870376,1.0,1.0,0.2,0.8,0.9,36,1408441.9456838025,1925017.033732367
21,22,1.732281472381655,2.0110927897098154,1.9740883877996778,1.8099094158472377,1.7241179206354653,0.04263996448188342,1.0,1.0,0.2,0.8,0.9,37,1478581.169151188,690864.0205654944
21,23,1.730637648975181,2.006638497884899,1.9695018674551004,1.8080168679890898,1.7169221268733699,0.036886092714892585,1.0,1.0,0.2,0.8,0.9,38,1217327.860745983,572746.8042156285
21,24,1.727226917845488,1.9835707401059803,1.9455238334527678,1.7935814627622522,1.7712864854519208,0.0353546670215994,1.0,1.0,0.2,0.8,0.9,39,1578899.6839267835,829361.5158409602
21,25,1.7271758368627608,1.981366273590063,1.9432207044557708,1.7802002458751138,1.7090841336548563,0.03668249333743494,1.0,1.0,0.2,0.8,0.9,43,1472051.2826482602,831926.3380305556
21,26,1.7271740380763347,1.9824953591981993,1.9466730970791963,1.7900731061936188,1.7073564576646363,0.03668249333743494,1.0,1.0,0.2,0.8,0.9,45,1472384.2576477458,832452.6226078877
21,27,1.7310960050909543,1.9838450271595782,1.9479049340085797,1.8954203796882187,1.7130196355565293,0.05815360703830724,1.0,1.0,0.2,0.8,0.9,51,1936543.7657555896,1112595.66247587
21,28,1.7309587478266457,1.977093279860699,1.943123541588054,1.9023868261987293,1.725090151148136,0.06288985106753524,1.0,1.0,0.2,0.8,0.9,53,1735519.8622558378,1079291.9849823376
21,29,1.7281869728164685,1.9561593773067552,1.9190973095013604,1.8808515216892365,1.7663635257332682,0.05999854345643868,1.0,1.0,0.2,0.8,0.9,54,2443102.571845133,1236128.3563192266
21,30,1.7277354770804592,1.9523093259751518,1.91736780258053,1.8874237083575407,1.7192929968972412,0.06046890440406153,1.0,1.0,0.2,0.8,0.9,56,2250551.108629674,1094396.2808150002
21,31,1.7277351965377195,1.9534498559615163,1.9208318478465283,1.8992962157659912,1.712097507082808,0.06046890440406154,1.0,1.0,0.2,0.8,0.9,58,2251250.788778058,1094885.869372582
21,32,1.7337550696863804,1.9593667657033023,1.9267441648818369,1.9241571876152963,1.718238810719478,0.09063125464793408,1.0,1.0,0.2,0.8,0.9,61,2294988.5546330307,1173683.6663364249
21,33,1.7337458649220583,1.958116917010312,1.9231662836675554,1.9050991373536985,1.718437684036596,0.09064292346740645,1.0,1.0,0.2,0.8,0.9,62,2278382.0293133985,1160202.603235469
21,34,1.7332481238727877,1.958055771694644,1.92539705024322,1.9265863482372625,1.7199625920808608,0.08857308785484769,1.0,1.0,0.2,0.8,0.9,63,2233574.007276568,1122116.6568819294
21,35,1.733412651286979,1.9582184518751693,1.925559900774238,1.9267483599558393,1.7178810840931784,0.08939625834864372,1.0,1.0,0.2,0.8,0.9,64,2289116.3523793505,1168791.7284862269
21,36,1.7326957817481936,1.9548990125456198,1.919851353856826,1.927223997311995,1.7219530679238644,0.08666769419539402,1.0,1.0,0.2,0.8,0.9,65,2298873.7987641995,1120011.3287065465
21,37,1.7326695684584772,1.9512851241845248,1.9160775690121619,1.934588945077969,1.7290495174517213,0.0886049794512686,1.0,1.0,0.2,0.8,0.9,66,2274769.425073557,1125459.098043482
21,38,1.7326679767290556,1.951243656670345,1.916034288950529,1.9420156119690528,1.7177862861018394,0.08861955116552686,1.0,1.0,0.2,0.8,0.9,68,2274366.3121411125,1125530.447972366
21,39,1.7326607082837397,1.952315241256163,1.9194266347933508,1.9621987845368234,1.7178244604355206,0.08861955116552686,1.0,1.0,0.2,0.8,0.9,70,2275053.3667823533,1126009.6518062025
21,40,1.7322552351645828,1.9225636538993522,1.8974751490577613,1.960092962721939,1.8266076647469736,0.10398237211096506,1.0,1.0,0.2,0.8,0.9,71,2501129.820225024,757600.5886935358
21,41,1.7309677388818794,1.9196041332327707,1.8989905603766069,1.9912078118416652,1.7229262821169598,0.09934793490716236,1.0,1.0,0.2,0.8,0.9,75,2531188.970244606,730207.4046780817
21,42,1.730830694366273,1.9177874451321832,1.894826658135615,1.9905011414742737,1.7206079445174853,0.09890360431073142,1.0,1.0,0.2,0.8,0.9,77,2608553.3926893,726723.5143194931
21,43,1.7307346703996844,1.9192367821022263,1.9008913299724304,2.0106464337613565,1.7208921778000896,0.09875470864485912,1.0,1.0,0.2,0.8,0.9,79,2588540.040723761,725083.9806351392
21,44,1.7294694201917882,1.9079017300280596,1.886844605190518,2.040699566266745,1.7214636513689365,0.09630765754983484,1.0,1.0,0.2,0.8,0.9,89,2654027.3044174444,782507.9840078788
21,45,1.7249352645064309,1.8921466552745159,1.875153028188052,2.1073492133412537,1.7189479511210468,0.07912955611226113,1.0,1.0,0.2,0.8,0.9,104,2691545.231179781,991397.2756373702
21,46,1.7249332754126974,1.8932617843238368,1.8785909739127775,2.1295581691084604,1.715864781203801,0.07912955611226113,1.0,1.0,0.2,0.8,0.9,106,2691693.905766161,991449.451286416
21,47,1.7229552690923478,1.8892553866551807,1.8790461559358274,2.1834065830904703,1.7158482042671985,0.0709201687411938,1.0,1.0,0.2,0.8,0.9,114,2970814.24204023,1114885.0174064478
21,48,1.7222426781316493,1.886964695545848,1.8789622710236367,2.202623326440985,1.7178157277505626,0.06838216296557227,1.0,1.0,0.2,0.8,0.9,116,3064354.574556713,1215478.4071610982
21,49,1.722424966067058,1.885156080421671,1.8770683043899572,2.179383818734686,1.717011894148918,0.07002841574112059,1.0,1.0,0.2,0.8,0.9,118,2959890.3442742066,1030223.0669655916
21,50,1.725159873654662,1.8836215327071169,1.8685261895895806,2.2030789005508726,1.7192682104472103,0.08400229989046618,1.0,1.0,0.2,0.8,0.9,119,2995609.653021836,1009443.149873813
21,51,1.725152414700281,1.8846537597970767,1.8718777511833984,2.2176215961704355,1.71695455761945,0.0840022998904662,1.0,1.0,0.2,0.8,0.9,121,2996116.603018897,1009783.6689073294
21,52,1.7249129425712484,1.883123660815462,1.8748420537705925,2.234187528863952,1.7195152052982394,0.08409629946885389,1.0,1.0,0.2,0.8,0.9,125,2800994.3425618666,884983.4536730386
21,53,1.724550767352523,1.8814159935035732,1.8753514907212827,2.242665130223031,1.7204003379045194,0.08317266139889229,1.0,1.0,0.2,0.8,0.9,127,2882160.035323842,965845.5052450276
21,54,1.7247433755160047,1.877789806934031,1.8738369460519118,2.275241606641904,1.7247029011740305,0.08587328823849785,1.0,1.0,0.2,0.8,0.9,129,2827280.7767672325,923378.244055726
21,55,1.7248747751793663,1.8765034526688305,1.8747651486373806,2.2899802567047924,1.7194225885380146,0.08740792068411582,1.0,1.0,0.2,0.8,0.9,133,2798896.171421591,942860.2728432012
21,56,1.723948006606535,1.876047808310806,1.876604237651857,2.3293810073196997,1.717025375732347,0.08301109326587222,1.0,1.0,0.2,0.8,0.9,138,2757545.180396958,979561.417492821
21,57,1.7239844518089655,1.874047942889665,1.8722425523383017,2.3090931091008584,1.7180886765081167,0.08350291142142613,1.0,1.0,0.2,0.8,0.9,140,2851651.169853338,970782.1780972896
21,58,1.7237695568256068,1.87404627116995,1.87452469867497,2.3490977843369163,1.719505416387245,0.08275625086153654,1.0,1.0,0.2,0.8,0.9,141,2715644.7250640523,957539.6850602383
21,59,1.7234111616744747,1.8678577494843656,1.8635376253931084,2.344964825186027,1.7268179270169266,0.08210495768575944,1.0,1.0,0.2,0.8,0.9,142,2928085.700730788,1166376.1821601412
21,60,1.7233486434396603,1.8626489610596098,1.855834547802882,2.314467159224985,1.7286469449335675,0.08308370473964707,1.0,1.0,0.2,0.8,0.9,143,2830949.53009411,960017.6227664432
21,61,1.722467441227959,1.8622993211039818,1.862333094925786,2.360674157833507,1.7248101963167186,0.07961466125961361,1.0,1.0,0.2,0.8,0.9,144,2926629.4724075906,956520.0762057938
21,62,1.7224716129799253,1.8498363812005811,1.8447905278292622,2.341016739996057,1.7471535191076089,0.0827478486498225,1.0,1.0,0.2,0.8,0.9,145,2715034.7580427565,1001684.3671061612
21,63,1.7222060436077409,1.8488453059677163,1.8460443479625066,2.3498431072209103,1.7218198470834558,0.08195431832414192,1.0,1.0,0.2,0.8,0.9,146,2822590.007868612,1074833.5970221723
21,64,1.7220910169125627,1.8477732184624769,1.8449316892173768,2.35308570670371,1.7178290685020563,0.0816712768948529,1.0,1.0,0.2,0.8,0.9,148,2748376.710035995,1021374.0694430332
21,65,1.7221960519393824,1.8472437985543015,1.8443755407029174,2.3679101199986796,1.7182835886135304,0.08237235581370307,1.0,1.0,0.2,0.8,0.9,149,2783712.8433314613,984934.8126426552
21,66,1.7218939280359697,1.8414755868612414,1.836100401340644,2.3738043423379462,1.7196429208835973,0.08209897758689087,1.0,1.0,0.2,0.8,0.9,153,2892342.564679289,1168953.2753420854
21,67,1.7218854411458162,1.841573118337771,1.8407534364157598,2.4107636550532603,1.7174808813964852,0.0826801439135995,1.0,1.0,0.2,0.8,0.9,160,2864730.756342693,1211301.1899177618
21,68,1.7225071267857563,1.8442779282416213,1.8480975157386346,2.442879130175225,1.7174041449511401,0.08585400941562375,1.0,1.0,0.2,0.8,0.9,163,2660271.560041165,1059276.415636643
21,69,1.7217095146313586,1.840313551830635,1.8394481873684256,2.451693197544417,1.7176741603188934,0.08210031352443954,1.0,1.0,0.2,0.8,0.9,165,2783925.515656574,1067317.8160760144
21,70,1.721861084943626,1.8406693072728928,1.8420881647914866,2.2853418421905687,1.7193784355385153,0.08311427131266402,1.0,1.0,0.2,0.8,0.9,166,2693364.0276802354,1024412.356670124
21,71,1.7227932977458065,1.8460885558722713,1.8567994735823863,2.593796010505074,1.7175792523377331,0.0878102374114289,1.0,1.0,0.2,0.8,0.9,188,2836629.3307331805,1038875.1332961348
21,72,1.7227867617150285,1.847104035091653,1.8601335562123449,2.619152969731592,1.7177373448679276,0.0878102374114289,1.0,1.0,0.2,0.8,0.9,190,2837061.890129766,1039193.886307843
22,0,0.3581866025967416,0.787865330372682,0.7520439537677839,0.4674283245723804,0.0,0.0,0.0,0.0,0.2,0.8,0.9,1,11929316.784385044,10454775.48379149
22,1,0.3787448828729194,0.8084340691235613,0.7726121739248316,0.4919791548845588,0.020598864553313792,0.10207200421779453,9.05278592375e-05,0.00010497391429321,0.2,0.8,0.9,3,11928747.590646064,10454422.030730857
22,2,0.3581255901396215,0.788975714192006,0.7554767271460612,0.4740943583456363,5.74483352733933e-05,0.0,0.0,0.0,0.2,0.8,0.9,4,11929943.26331659,10461542.60617925
22,3,0.3907373193348133,0.8216171990327464,0.7881168375064451,0.5097575412816051,0.03277469314512964,0.13076493899213984,0.00353836189419694,0.00410299880443606,0.2,0.8,0.9,5,11925740.39997297,10451165.09968609
22,4,0.4438041892289903,0.874789361269708,0.8412840313664561,0.5668125534681165,0.08614380920614068,0.14385411508848803,0.028541620591103167,0.038185198265976786,0.2,0.8,0.9,7,11908614.376757745,10444108.610991783
22,5,2.022559807206981,2.4779194993092855,2.4430330859948453,2.180913144370483,1.7725136720018673,0.11820453428077568,1.0,1.0,0.2,0.8,0.9,9,10409482.217909103,8769401.32683615
22,6,2.0002435913805687,2.4617010695904704,2.426338679162501,2.1751357640116358,1.7361610512429415,0.09661338288282716,1.0,1.0,0.2,0.8,0.9,11,9947414.834145669,8315197.528747737
22,7,2.00021827030086,2.462827558142291,2.4297881483875616,2.191498848875386,1.7193519219778808,0.096625519407116,1.0,1.0,0.2,0.8,0.9,13,9958003.211386109,8313533.859861468
22,9,1.9462582922821365,2.3073003967849672,2.258537424512725,2.0210457593162463,1.930005585075778,1.0,1.0,1.0,0.2,0.8,0.9,16,397165.145396084,563348.2893359446
22,10,1.9434555321241702,2.29632160935871,2.2471196183593096,2.0161590311576267,1.9310253301977474,1.0,1.0,1.0,0.2,0.8,0.9,17,639616.9952318628,1497609.432446441
22,14,1.74119351319837,2.032822478622373,1.9896150784989177,1.8088512553378477,1.733187542455004,0.0723221992692208,1.0,1.0,0.2,0.8,0.9,29,607096.0985586643,443911.5636248468
22,15,1.7363651569520901,2.0138947881294067,1.9722896853584522,1.801722161942922,1.729459104739718,0.06220048002057908,1.0,1.0,0.2,0.8,0.9,32,1202238.1920508477,1993137.532803949
22,16,1.736127800700265,1.9785886603060794,1.9376360424944319,1.7940427513657498,1.734691069409436,0.08892758086254701,1.0,1.0,0.2,0.8,0.9,39,1150270.8482895645,2139558.4475818607
22,17,1.7294521222333825,1.9509724633035077,1.911348371363736,1.774149507895519,1.7491599545097398,0.06954573291565727,1.0,1.0,0.2,0.8,0.9,41,1029463.9660924992,1309471.0353472007
22,18,1.7288658505550485,1.937768251257356,1.8975824056956547,1.7673872002398023,1.754528966879891,0.0737568679539052,1.0,1.0,0.2,0.8,0.9,42,1028136.2214262936,1453335.5833379
22,19,1.7277995290196406,1.9061003568841919,1.8645696298948091,1.7338076790660004,1.8119594430060308,0.08357299497100174,1.0,1.0,0.2,0.8,0.9,43,1103232.968392654,1914448.92822658
22,20,1.7267247663718455,1.8955707341074577,1.8536289384303655,1.7263089352708731,1.7454757254338893,0.08231711761192377,1.0,1.0,0.2,0.8,0.9,44,1035443.9003077344,1754791.4531329751
22,21,1.7272191124115666,1.8957022750943469,1.856019349389683,1.7357348420632053,1.7193065342019613,0.08540186812430414,1.0,1.0,0.2,0.8,0.9,46,1030643.4866704856,1554691.0377245082
22,22,1.7162909202595447,1.8639282245474107,1.8278950624165025,1.8042415060881505,1.7111743731112417,0.03984072944122588,1.0,1.0,0.2,0.8,0.9,68,770388.5246580434,990470.5029497496
22,23,1.7161890278957626,1.8623141369860496,1.8262161309434952,1.806272445998689,1.7125699866037558,0.03988323927359867,1.0,1.0,0.2,0.8,0.9,69,726285.3004871133,1002072.4708777252
22,24,1.7161204654315998,1.8622524869619557,1.8284295798838723,1.8215112758464032,1.7097145161154943,0.03995181624113462,1.0,1.0,0.2,0.8,0.9,71,758839.8914395605,1027950.5293393064
22,25,1.7147118352625226,1.8590256356758388,1.8228499338916355,1.8140782620349962,1.708677577955475,0.033151706346044106,1.0,1.0,0.2,0.8,0.9,72,740132.7969195142,655885.5943594131
22,26,1.7149587455865904,1.8596713045075477,1.8280625988573271,1.831004028653596,1.7098816001970145,0.03506255135244981,1.0,1.0,0.2,0.8,0.9,74,782451.2551768865,1057421.7068615863
22,27,1.7142601500538355,1.8580123223726612,1.8263624493063473,1.8493832623270618,1.7092861349587762,0.031909236945474914,1.0,1.0,0.2,0.8,0.9,75,559598.8681544847,920729.1785617664
22,28,1.7150010235157338,1.8553326294700816,1.8258111155183137,1.859501317765948,1.7102024250463819,0.03720418730943084,1.0,1.0,0.2,0.8,0.9,80,652563.3041773342,996099.1536312104
22,29,1.7132186583256772,1.8442221283253004,1.8120278213802923,1.8522680882703204,1.7185691770045535,0.03104254757604365,1.0,1.0,0.2,0.8,0.9,82,760517.4645045195,642367.851535825
22,30,1.7147065438943914,1.8230265805630186,1.7944201627465635,1.8673538928307343,1.718593309603798,0.04610725205564571,1.0,1.0,0.2,0.8,0.9,90,761626.0538072196,825787.2365668655
22,31,1.713561351222141,1.81431926710595,1.7808424544689925,1.8516548360656322,1.724136680058119,0.04185700217873871,1.0,1.0,0.2,0.8,0.9,91,787908.1027063577,857643.2923612893
22,32,1.713598366492214,1.815387685430224,1.7842298134965366,1.8671322873243579,1.7085812859378935,0.04207284974734689,1.0,1.0,0.2,0.8,0.9,93,831063.6803925053,854506.1134259378
22,33,1.7146252950059138,1.8157695496622361,1.7868601749975324,1.8924250641694877,1.714877240169792,0.04769740686396949,1.0,1.0,0.2,0.8,0.9,94,760962.9292971458,987511.348843324
22,34,1.7146252950148013,1.8169128709209053,1.7903276090027793,1.90437350077532,1.7095396462982118,0.04769740666667726,1.0,1.0,0.2,0.8,0.9,96,760962.7958361213,987512.5410478754
22,35,1.7146251858753987,1.8180542383007987,1.793792724409422,1.9336739052586842,1.7095423476138127,0.04769740666667728,1.0,1.0,0.2,0.8,0.9,98,760955.6083335774,987515.038059011
22,36,1.714608690146601,1.817801357577459,1.793529895981536,1.933406834734936,1.7102414863666646,0.047679323752161204,1.0,1.0,0.2,0.8,0.9,99,762352.4367916784,829240.8143230038
22,37,1.7109531504979323,1.814151616580372,1.794431659935209,1.879656370771257,1.709412324824549,0.03001958554872029,1.0,1.0,0.2,0.8,0.9,101,787076.0664659583,920242.0184822364
22,38,1.7114216228921102,1.8084243277315255,1.781616250517495,1.943362938821755,1.7076485480145611,0.0330980255557682,1.0,1.0,0.2,0.8,0.9,109,691568.0012407955,954061.8790658942
22,39,1.7142077507827078,1.8112931571578232,1.7867643769873418,1.9547195810935971,1.7126195263577384,0.04730818972263242,1.0,1.0,0.2,0.8,0.9,110,708316.7243595816,941691.8639196026
22,40,1.7108982100663805,1.803179675055266,1.778448724221367,1.9583983757807757,1.713551708322674,0.03200633763269959,1.0,1.0,0.2,0.8,0.9,112,767197.1577395578,863773.7771794914
22,41,1.710906842148157,1.8001173998488587,1.772981538260764,1.954502027177989,1.7122400464522136,0.03253984282336844,1.0,1.0,0.2,0.8,0.9,113,739930.733965552,950719.1138903754
22,42,1.7096399323130256,1.7908116274042318,1.7633383630239399,1.9765834255337107,1.711613135559464,0.02819467961866966,1.0,1.0,0.2,0.8,0.9,117,867201.9472293119,947807.9090365762
22,43,1.7094390752064053,1.7914426615322372,1.7662803418503046,1.9903420983572637,1.7059095813813727,0.027264765493536867,1.0,1.0,0.2,0.8,0.9,119,871171.5285827353,947949.8289574436
22,44,1.709707705077863,1.800222479693043,1.7936242504308662,2.0330649003286094,1.7066937159813413,0.02876103930573464,1.0,1.0,0.2,0.8,0.9,121,819789.3433812361,1005816.7438380938
22,45,1.7094417186889137,1.7904378559259138,1.7675088956349978,2.0162532572393586,1.706682777009005,0.02779405221442079,1.0,1.0,0.2,0.8,0.9,125,926287.722659508,796233.8315771642
22,46,1.7094153423396037,1.7859337831687454,1.7628174717566107,2.0155078586288786,1.7123780132865043,0.02871652027018969,1.0,1.0,0.2,0.8,0.9,127,841451.0762693837,912934.7910426012
22,47,1.7094113798265758,1.7867946577660758,1.7659907249849147,2.0297929178269474,1.7061642218710715,0.02876135150649304,1.0,1.0,0.2,0.8,0.9,129,858427.3357442295,717900.1472521392
22,48,1.710000522501029,1.7868123975496815,1.765984493129231,2.0338455815764305,1.7080615346800583,0.03183954532270174,1.0,1.0,0.2,0.8,0.9,130,874345.4457395539,702766.6248571443
22,49,1.7090912197741952,1.7848141541880027,1.7662167889681402,2.069802448824199,1.7068826711401588,0.02780638347244424,1.0,1.0,0.2,0.8,0.9,135,930169.2796247648,667834.3845126296
22,50,1.7132604906496725,1.7940724588206534,1.7756880265331358,2.1245754961460106,1.7097194395548678,0.0474729793842601,1.0,1.0,0.2,0.8,0.9,150,803755.3645571417,990810.6108111144
22,51,1.7098913005405196,1.789977287168079,1.7829424537911278,2.1390413137301105,1.7067386391989494,0.03211499123886154,1.0,1.0,0.2,0.8,0.9,152,849312.0306061605,752447.8053735374
22,52,1.7098021886215085,1.788660199149061,1.7792979433220308,2.1542938134521217,1.7064624935013835,0.03168858054884396,1.0,1.0,0.2,0.8,0.9,154,848732.5875912837,766557.0513470368
22,53,1.7125768518177833,1.7794983455334967,1.7650853801643651,2.135522573681992,1.723808493003112,0.04769151580692037,1.0,1.0,0.2,0.8,0.9,156,776493.1687491066,1106205.2222828604
22,54,1.7125358010152534,1.7801772031290573,1.7680707862386957,2.15880401059735,1.7101339040191772,0.04757712489862344,1.0,1.0,0.2,0.8,0.9,158,822539.1373175269,853207.8377084363
22,55,1.7124800008475929,1.7777820143825265,1.7633015729279993,2.154260859884534,1.7106871931957914,0.04755357813516322,1.0,1.0,0.2,0.8,0.9,161,806158.6590246011,1123704.5408797404
22,56,1.7125572206764965,1.7786585068110021,1.7664877392932432,2.1945425534813285,1.7099411649580976,0.048012851594636544,1.0,1.0,0.2,0.8,0.9,164,874430.0661241807,883609.8132683526
22,57,1.7123954195243904,1.7759131861681001,1.76363471662403,2.179193736655667,1.71716814426394,0.0477487450131075,1.0,1.0,0.2,0.8,0.9,165,850762.0668675747,840511.3034433279
22,58,1.7122136729444755,1.77726715348478,1.7718813734484193,2.2494632403947863,1.7102470517149835,0.047234653550940045,1.0,1.0,0.2,0.8,0.9,172,843471.3577593527,1063887.581979574
22,59,1.7122135734499135,1.7772649172685524,1.771879170548055,2.2622450333450685,1.709453463649979,0.04723463771685475,1.0,1.0,0.2,0.8,0.9,173,843325.6476266789,1063980.1948079213
22,60,1.712193595838694,1.7771117274999237,1.7717202399870504,2.2706065268848974,1.7095071747544632,0.047162329846818576,1.0,1.0,0.2,0.8,0.9,178,855452.7419466351,1092328.1753543457
22,61,1.7122243196752014,1.7770926157634968,1.7739751617734845,2.293845535004382,1.7103921918574088,0.04756222900261737,1.0,1.0,0.2,0.8,0.9,182,861793.4061105957,1087081.001192347
22,62,1.7122022687891318,1.7767876900725814,1.773658361987971,2.302116575299082,1.7103324188712876,0.04751001750302619,1.0,1.0,0.2,0.8,0.9,183,857724.0801766987,1088941.0387180543
22,63,1.712197738843713,1.7790151100551839,1.7805314979656717,2.3526437829169913,1.7095197839086405,0.04749861823459084,1.0,1.0,0.2,0.8,0.9,191,857459.6277270427,1090386.1966454494
22,64,1.7122137973998681,1.7788922826447808,1.7804029057440505,2.373019627855797,1.7097249022976828,0.04760743092919409,1.0,1.0,0.2,0.8,0.9,193,844955.1518704828,1128109.816790131
22,65,1.7122102108029842,1.7785446747329667,1.780040835830397,2.3726516433662477,1.7100389251236294,0.04766001786609251,1.0,1.0,0.2,0.8,0.9,195,837432.1854903807,1127025.3557972554
22,66,1.7119592146198568,1.774983321989073,1.7808943995582411,2.382579134934493,1.7177174563892958,0.04753342285350682,1.0,1.0,0.2,0.8,0.9,197,860939.9049649887,1123808.0253589058
23,0,0.35044926071023785,0.783666918349944,0.747677779938537,0.4629905622944542,0.0,0.0,0.0,0.0,0.2,0.8,0.9,1,12743919.558340585,10486368.651424646
23,1,0.3699992891261951,0.8032244408551333,0.767235037671488,0.48653042304817434,0.019578598239236,0.09705861533471824,8.947214076243e-05,9.208310233473e-05,0.2,0.8,0.9,3,12739357.500748975,10481910.392441044
23,2,0.8643661567367633,1.2992535688006455,1.2655624334338373,1.0009125669368726,0.5168736795531317,0.12985026934660787,0.28639657700353516,0.2888854431791231,0.2,0.8,0.9,4,12687690.844708618,10446895.638046624
23,3,2.0649863653279628,2.5018966255859563,2.4681050725253213,2.2075392403363163,1.7237906813415034,0.10119028024747785,1.0,1.0,0.2,0.8,0.9,6,12484932.750732137,10389009.203135898
23,4,2.0634730308638014,2.5030501111619494,2.4715049236602664,2.2143167402661255,1.7249338647448182,0.11094230566913561,1.0,1.0,0.2,0.8,0.9,8,12252446.47539934,10139029.582634056
23,5,2.0298755696738833,2.4820008581394326,2.447336765545907,2.2012428105921593,1.7784121924739615,0.1108014893366771,1.0,1.0,0.2,0.8,0.9,9,11022399.292849151,9188693.737245295
23,6,2.037877263564703,2.494616648409727,2.4620371608981535,2.227847434256443,1.7480850166848272,0.1980839049851786,1.0,1.0,0.2,0.8,0.9,11,10249439.294117484,8838129.538097821
23,7,2.033370502257487,2.4947262639627548,2.461792180826545,2.2325582625737903,1.7736757408734045,0.24295382657921488,1.0,1.0,0.2,0.8,0.9,12,9890331.76457843,8428119.405071093
23,8,1.974961811536427,2.45201743896065,2.4196464594281077,2.1810931978290378,1.8110775744840617,0.24385920604107256,1.0,1.0,0.2,0.8,0.9,14,8064460.693500674,6752837.376705979
23,9,1.963240768534268,2.4402676299488997,2.402591071054757,2.162001217294082,1.8022840127862625,0.27875727497530606,1.0,1.0,0.2,0.8,0.9,15,6720409.535323388,5196924.999886882
23,10,1.932178169341173,2.4118883772311595,2.3777179540877658,2.1384006754332043,1.8344371940678137,0.26819222983605817,1.0,1.0,0.2,0.8,0.9,16,5859876.988338392,5069322.952872448
23,11,1.7691054120310108,2.121213485173994,2.076497698189687,1.849152771068939,2.472893016163094,0.13324224153871972,1.0,1.0,0.2,0.8,0.9,17,787184.7350161754,534340.3643510273
23,12,1.767941029943365,2.118922097135564,2.074146715401361,1.8374780318918411,1.7279500981616698,0.1292241471949815,1.0,1.0,0.2,0.8,0.9,19,793721.0219453828,579895.3285280833
23,13,1.7669880107199316,2.1174000968946305,2.072594763266107,1.8441720458994966,1.7261315853923245,0.12536148203214942,1.0,1.0,0.2,0.8,0.9,21,801465.3023269748,637209.7805650167
23,14,1.7664550578813865,2.1167313029566084,2.071918884426851,1.8498711039138076,1.7248339380002042,0.12291073210620071,1.0,1.0,0.2,0.8,0.9,23,777973.1759003482,626574.0878996315
23,15,1.789251883273054,2.1283154684296193,2.085184335656892,1.8734824709952747,1.796539991023931,0.255427970681722,1.0,1.0,0.2,0.8,0.9,24,621837.6667867173,769790.46121059
23,16,1.780213541292746,2.119074150694904,2.0781978167263233,1.8809584809562605,1.7473429173991752,0.21214946804753984,1.0,1.0,0.2,0.8,0.9,25,608196.2051733271,827093.2773154819
23,17,1.7773342679585529,2.108042233538242,2.064485035469573,1.8786236820768898,1.7667293450228487,0.2073270029424068,1.0,1.0,0.2,0.8,0.9,26,566181.6114733346,692028.4913978843
23,18,1.7762515522239717,2.1062767640521365,2.0649512823507132,1.8755834890715173,1.7441273265215103,0.20431674922598497,1.0,1.0,0.2,0.8,0.9,28,577362.8021038919,738588.6075825702
23,19,1.7771747216858302,2.102394720224781,2.0585609928816817,1.8800730787219626,1.7470917290235377,0.21366262387170054,1.0,1.0,0.2,0.8,0.9,31,647537.3276304348,623400.0315665264
23,20,1.7709127961127005,2.095554769213181,2.0652940449247668,1.9576380269278575,1.7420266976985461,0.19147248767403519,1.0,1.0,0.2,0.8,0.9,38,618322.1416916602,564508.797573615
23,21,1.7715279583486474,2.090605495844758,2.057802603626468,1.929547712590948,1.7476563937044816,0.199731986773592,1.0,1.0,0.2,0.8,0.9,40,585439.7042740746,544167.0969712862
23,22,1.7688703375421961,2.0856305794065193,2.057249367281068,1.9723297822377552,1.7463382394763225,0.1916736622986292,1.0,1.0,0.2,0.8,0.9,42,641705.4483182606,520968.6285937049
23,23,1.756425395763415,2.040572584760421,2.010629012779339,1.9250514744982614,1.8429286894970347,0.1617154992756858,1.0,1.0,0.2,0.8,0.9,43,1080705.807180573,636814.2036221989
23,24,1.7580125696094524,2.0319711635210833,2.001551313394006,1.9122058004970097,1.7693088845132134,0.17825544691921463,1.0,1.0,0.2,0.8,0.9,44,1000187.3424516192,633551.8271862803
23,25,1.7573708864274762,2.0275642597377925,1.9992405312469055,1.924118516804041,1.743853834758414,0.17898407543007785,1.0,1.0,0.2,0.8,0.9,46,903208.2668835208,677168.4218067663
23,26,1.756643507463765,2.0252774693088917,2.0014236652218895,1.9501951434411913,1.7419572576198432,0.17834133456135812,1.0,1.0,0.2,0.8,0.9,48,902403.746322317,668305.2023730291
23,27,1.7501169580232283,2.008235220816545,1.9793554955086643,1.923677069224048,1.7437553010685858,0.15185789593739818,1.0,1.0,0.2,0.8,0.9,50,1039814.8888858148,538094.974810003
23,28,1.7506256159616451,2.0087726860802095,1.9821658293699183,1.9353418390601886,1.7328473229153083,0.15520815879943356,1.0,1.0,0.2,0.8,0.9,52,1174919.7232288397,693922.7562654032
23,29,1.7575943043877675,2.0037104198063993,1.9788275387348624,1.9585884979184573,1.7610551783274426,0.19915206358233678,1.0,1.0,0.2,0.8,0.9,54,548366.4403854198,1551337.9282147328
23,30,1.7573848510383507,1.9964398944570982,1.9689659961353434,1.9624497346891618,1.7498359310276954,0.20193641906494425,1.0,1.0,0.2,0.8,0.9,56,778567.452816749,1240115.1066198407
23,31,1.755808558091722,1.9925378792437618,1.9695041296707925,1.9759083006447633,1.7467420136013005,0.19694674678942287,1.0,1.0,0.2,0.8,0.9,58,534384.5293901764,1244161.3543082268
23,32,1.7555759094905143,1.98878529177408,1.9633208421982564,1.9693548226569306,1.7469825243792545,0.19723590787941442,1.0,1.0,0.2,0.8,0.9,59,607424.634431217,1327729.1239269497
23,33,1.7548006951671988,1.9864757044409345,1.9632152366367204,1.9645225809238815,1.747480446648975,0.19497187413744704,1.0,1.0,0.2,0.8,0.9,60,570311.4516855445,1142830.355229101
23,34,1.7550468416022624,1.9866792906002515,1.9656897823068769,1.9963317698883185,1.7406363241209848,0.1969095421599416,1.0,1.0,0.2,0.8,0.9,63,600877.7952431702,1215448.512663755
23,35,1.753152262065861,1.9678795463234788,1.9438644897496973,1.9687994691421626,1.7889171773957169,0.19632625589273348,1.0,1.0,0.2,0.8,0.9,64,575967.2373697666,927587.2356331876
23,36,1.7530096102843784,1.9662192960644833,1.94441059372574,1.9708661456525016,1.7477230033162514,0.1970255893775711,1.0,1.0,0.2,0.8,0.9,65,617636.8301907853,907834.5003070286
23,37,1.7518752028897802,1.967869721542297,1.9530040746085073,2.010870416427657,1.739341085089647,0.19169100676020462,1.0,1.0,0.2,0.8,0.9,67,768762.6790079355,802338.798650985
23,38,1.7528843149474729,1.9678838134611594,1.9529742370823655,2.0099701663991003,1.7410074843645016,0.19725755921587715,1.0,1.0,0.2,0.8,0.9,69,751578.4780894069,823805.7419089646
23,39,1.7539438172869222,1.9599437853909265,1.9423641324905536,2.001546487416976,1.7535590672257975,0.20655610555252862,1.0,1.0,0.2,0.8,0.9,71,871527.0014357105,747616.6757597806
23,40,1.753926369766571,1.9598520876965773,1.944542746684863,1.9974327332242647,1.743307903842483,0.20707178488607186,1.0,1.0,0.2,0.8,0.9,73,843239.1586891023,815028.3690527888
23,41,1.7552189005390422,1.9598562500644392,1.9444903815993118,2.020978263648734,1.7448351688218198,0.2141671763887215,1.0,1.0,0.2,0.8,0.9,75,784449.384315778,784762.3857228676
23,42,1.758425757060953,1.9588154254621193,1.940989374365223,2.0623084519567767,1.7477201947505576,0.23170805727797877,1.0,1.0,0.2,0.8,0.9,82,801933.9764998655,1218146.685064974
23,43,1.7584257570388786,1.959958746738932,1.9444566894840971,2.0760125427819642,1.746341824392166,0.2317080571714055,1.0,1.0,0.2,0.8,0.9,84,801933.9830704891,1218146.6788005522
23,44,1.7587851075600507,1.9595037594662053,1.9439660529643707,2.0794421577567563,1.7492960276019531,0.23389363700505608,1.0,1.0,0.2,0.8,0.9,85,805100.3222421996,1218906.51103134
23,45,1.7572224260431462,1.9575899394665761,1.9420367620291863,2.0814440018180935,1.7463380088851317,0.2262477508116235,1.0,1.0,0.2,0.8,0.9,86,828756.2469988877,1167551.0480356428
23,46,1.7576497327930958,1.9582357996017876,1.9449661071631912,2.112386638722094,1.7463381177266744,0.2288238845351354,1.0,1.0,0.2,0.8,0.9,91,855414.5466223607,1134291.3041269665
23,47,1.7614291039345154,1.961450549227043,1.9504297233752466,2.118286055887095,1.7523467181597234,0.24852494229743988,1.0,1.0,0.2,0.8,0.9,93,800162.1488522135,950495.7552095022
23,48,1.7591726637529965,1.9556299832422201,1.9421797214336198,2.1186871248752817,1.7514276478053605,0.2383723279323763,1.0,1.0,0.2,0.8,0.9,95,731877.8982381743,925042.3416192414
23,49,1.7590548693333699,1.9565816347626113,1.945451732404147,2.1329531340464056,1.7477904886754665,0.23781732359345029,1.0,1.0,0.2,0.8,0.9,96,737295.9788674818,919288.1129413988
23,50,1.7537275040531266,1.9497302673084933,1.9385339260522962,2.126002478481444,1.7447225156163533,0.21187859537661852,1.0,1.0,0.2,0.8,0.9,98,831662.4337897769,880466.4086436346
23,51,1.748439423338648,1.9499250470632652,1.9548857558801487,2.3027132510367965,1.7376405942858308,0.1865820634929423,1.0,1.0,0.2,0.8,0.9,122,1067508.468005133,935957.8748725302
23,52,1.7570983773118538,1.9572822949133966,1.9621863594899032,2.326241981633334,1.7474303868496461,0.23046102593339976,1.0,1.0,0.2,0.8,0.9,125,1399188.4837489778,1058709.0997402396
23,53,1.7313484785461877,1.908063256233647,1.9005779994330894,2.314984209142773,1.7490924304645823,0.10923516425274624,1.0,1.0,0.2,0.8,0.9,127,1037248.6159293612,618147.9944069193
23,54,1.7483800470943627,1.9162592864001682,1.91294239988955,2.3316960831790956,1.7567044051162517,0.1987143569675888,1.0,1.0,0.2,0.8,0.9,129,1097173.2371604051,493898.7934521144
23,55,1.746833418558822,1.9110104947916975,1.9052595631413083,2.3238967838351106,1.7422778021102907,0.19193561150456195,1.0,1.0,0.2,0.8,0.9,131,1074041.3330178452,485329.2375753331
23,56,1.7486501935515273,1.9135615036314007,1.9101168493348855,2.34541611523012,1.7408561759593342,0.20117081156992644,1.0,1.0,0.2,0.8,0.9,133,1072149.5310619387,499794.9298453904
23,57,1.7391395618210033,1.9001568631757428,1.8965451579183337,2.3359231801894405,1.7428328978183107,0.1550391821818583,1.0,1.0,0.2,0.8,0.9,134,1103945.4982066886,484373.59026458114
23,58,1.746306152119612,1.903783342174815,1.8977450776589238,2.340920973435024,1.7419798338901318,0.19173100908944848,1.0,1.0,0.2,0.8,0.9,136,1048905.245374861,516016.2490651179
23,59,1.746304515465774,1.9037634542739648,1.897724336815913,2.3532303744178424,1.7383732340902371,0.1917292654969034,1.0,1.0,0.2,0.8,0.9,138,1048864.7615294384,515866.1671087846
23,60,1.7194749354003822,1.8798198254065555,1.8830039757357895,2.3184147670586643,1.714194012580323,0.058178775718279105,1.0,1.0,0.2,0.8,0.9,140,993479.4895030672,477808.497009151
23,61,1.7181636252862886,1.871944013357766,1.8748475834919551,2.318589808668442,1.720706268146305,0.05389069130296775,1.0,1.0,0.2,0.8,0.9,142,976511.596607336,476731.2559589509
23,62,1.7180344925676017,1.872409462347944,1.8776134775662507,2.3534404339209702,1.711515188206917,0.05343081145849462,1.0,1.0,0.2,0.8,0.9,144,971350.5989568024,457943.6896218697
23,63,1.738358683005739,1.8932103977408916,1.900709909914032,2.4016191788974135,1.7320613734884636,0.1552764087745483,1.0,1.0,0.2,0.8,0.9,146,901398.0967448883,480431.0203631651
23,64,1.7195624776147125,1.8727093218088928,1.8778608967546284,2.346553283832753,1.7139920317166895,0.061484108782778324,1.0,1.0,0.2,0.8,0.9,147,911377.1078087364,459073.81791128014
23,65,1.7155285090493042,1.8667030910787261,1.8717706346049743,2.3518348802907347,1.7143493268305674,0.041972013510835085,1.0,1.0,0.2,0.8,0.9,148,911087.2059157868,417053.5282638087
23,66,1.7216224846615922,1.874016595765089,1.885961466644173,2.4144962352723023,1.7212990771528522,0.07317044876650636,1.0,1.0,0.2,0.8,0.9,149,925281.2068189954,460298.6509312824
23,67,1.7225405335388078,1.8756883552556203,1.8899406051904166,2.437721583244744,1.7161659366590398,0.07788798002432099,1.0,1.0,0.2,0.8,0.9,151,925743.0547559402,520705.7990130973
23,68,1.7222503889601972,1.8721337040705457,1.886246819768034,2.4489436362273413,1.720416463280152,0.07749343113542612,1.0,1.0,0.2,0.8,0.9,153,913421.1325750794,502420.0433429904
23,69,1.7226099066558795,1.8732810837414866,1.8897027231722925,2.4663806359576057,1.7164164012748035,0.07940483671893028,1.0,1.0,0.2,0.8,0.9,155,917751.1215591588,470010.08794178703
23,70,1.7226123734585554,1.8732827650048747,1.8897042905930812,2.4794729743285546,1.7158847093390135,0.07941743000351412,1.0,1.0,0.2,0.8,0.9,157,917973.7415920892,470062.2228053988
23,71,1.7570836642156418,1.9109395122042785,1.936597626675181,2.621625546378413,1.7507226299785903,0.25221636399525604,1.0,1.0,0.2,0.8,0.9,172,1069057.8085767175,787462.4917735761
24,0,0.32941180250737173,0.7717739763213023,0.7353091538225515,0.4504202770667948,0.0,0.0,0.0,0.0,0.2,0.8,0.9,1,14999405.0988084,10518363.116433112
24,1,0.34770963506683095,0.7900791951462699,0.7536138620599677,0.4727077069766156,0.018330707768636607,0.09085378777025747,9.171554252196e-05,7.966202399764e-05,0.2,0.8,0.9,3,14999701.318507563,10518839.096734712
24,2,0.7735499656193906,1.2174303547630836,1.1832682519818407,0.9184184718392969,0.44649787761275783,0.12201359041874298,0.2639894725484975,0.23271658143159324,0.2,0.8,0.9,4,14930363.80410989,10490419.15591176
24,3,1.3105460829383542,1.7558542002237696,1.7239998247415773,1.4673413242921864,0.9832873455939153,0.11222511569381041,0.5200970013853503,0.604664080627209,0.2,0.8,0.9,6,14860180.725224145,10463715.553190617
24,4,2.1883885299555104,2.647404149843198,2.6122426883978145,2.3422676560521984,1.969576800091196,1.0,1.0,1.0,0.2,0.8,0.9,7,11405685.742568431,8808238.173771665
24,5,2.1875797120995077,2.6468712884276404,2.6116885339007774,2.3653808823897693,1.9007614385831468,1.0,1.0,1.0,0.2,0.8,0.9,9,12028063.872044103,8986714.701632362
24,6,2.158430188408273,2.626409298417745,2.590408192663841,2.3505291994051234,1.9578968571975905,1.0,1.0,1.0,0.2,0.8,0.9,10,10003701.416731644,7863600.714246597
24,7,2.1538197716734757,2.6229882667210043,2.58685039118694,2.3440248412009614,1.909740452353505,1.0,1.0,1.0,0.2,0.8,0.9,11,10274267.116941797,7847807.009420241
24,8,1.950189220679169,2.3229080165078178,2.2770474688825395,2.0343493212306836,2.7525717921203534,1.0,1.0,1.0,0.2,0.8,0.9,12,829849.5611969162,830048.8115126071
24,9,1.9423078005427712,2.293936433457221,2.249195453400458,2.002498929912278,1.942510104102971,1.0,1.0,1.0,0.2,0.8,0.9,14,646217.4977063022,453865.8771062619
24,10,1.9408842569041203,2.2879839611226096,2.24300498703376,1.9982085321821366,1.9084290118501568,1.0,1.0,1.0,0.2,0.8,0.9,16,651008.6732342048,442114.242577593
24,11,1.9381156165807965,2.2747012249671674,2.2269127470932455,1.9934114530041547,1.9343399368018113,1.0,1.0,1.0,0.2,0.8,0.9,17,741294.3727969368,395268.5611376688
24,12,1.9313587792089892,2.24151029505561,2.1923944688235033,1.9645445031439666,1.9940507057276355,1.0,1.0,1.0,0.2,0.8,0.9,18,440086.0785048136,467744.83914193447
24,13,1.929495453918507,2.231231289488339,2.181704417760554,1.9629737238869662,1.9290288357101835,1.0,1.0,1.0,0.2,0.8,0.9,19,644449.8753873601,442183.5060305994
24,14,1.9281426154582517,2.2245544717512273,2.1770388423599005,1.9538398837973099,1.9220760139972821,1.0,1.0,1.0,0.2,0.8,0.9,20,807138.3667511498,454135.3754570889
24,15,1.9281386364952047,2.225674066899369,2.180481128099462,1.974601304412043,1.9000331920664246,1.0,1.0,1.0,0.2,0.8,0.9,22,807287.4144634235,453888.2718336826
24,16,1.9266580223358156,2.2167561049477396,2.1712065758477936,1.9595571277928876,1.9126111046123553,1.0,1.0,1.0,0.2,0.8,0.9,24,763222.3147686663,408716.5511758874
24,17,1.925423250753584,2.2078551699978646,2.1596716487460714,1.957902338895635,1.910976667847819,1.0,1.0,1.0,0.2,0.8,0.9,26,1088968.6231382876,401196.4359199872
24,18,1.9248276819412373,2.2040000893219767,2.1556624262739983,1.963645324466155,1.9109097152670462,1.0,1.0,1.0,0.2,0.8,0.9,27,1068726.702600426,468814.1303674962
24,19,1.924552245241344,2.202191040168372,2.1537811190211023,1.9715506376946923,1.9051193345455757,1.0,1.0,1.0,0.2,0.8,0.9,28,1137720.070198063,469221.5099422137
24,20,1.9237459699272161,2.1979401514844894,2.1516380434761286,1.974869179941737,1.9152645722661887,1.0,1.0,1.0,0.2,0.8,0.9,29,1254793.1363895878,512523.28883020935
24,21,1.9236065401140725,2.1981408468002495,2.15412499088151,1.984497657975124,1.9006708410938242,1.0,1.0,1.0,0.2,0.8,0.9,33,1033613.1628108028,358134.9112069328
24,22,1.9231971075055814,2.1953671203013503,2.151240367322209,1.9983500743603506,1.903977377885795,1.0,1.0,1.0,0.2,0.8,0.9,35,1270934.154675908,455184.6230809833
24,23,1.9183227521309707,2.161743816197703,2.1231067264938703,1.9798092152585984,1.9523678078067328,1.0,1.0,1.0,0.2,0.8,0.9,37,749222.9099979335,2166514.1233780487
24,24,1.9179862832895438,2.1566239921619967,2.1132259990193947,1.9628451759272734,1.9080190243768747,1.0,1.0,1.0,0.2,0.8,0.9,38,1338099.6157718496,1638314.7683122728
24,25,1.9160746463695348,2.15233569990049,2.13382596861551,2.187781842440222,1.9011409645212018,1.0,1.0,1.0,0.2,0.8,0.9,80,1379107.0306234043,2136412.381033813
24,26,1.916054216474,2.1532406431740565,2.137044951673935,2.2080406161663193,1.900267537661684,1.0,1.0,1.0,0.2,0.8,0.9,82,1125513.4005888014,1654386.0965075104
24,27,1.9158522939880744,2.1525545387427094,2.138609616200598,2.210069985405292,1.9053186291882778,1.0,1.0,1.0,0.2,0.8,0.9,83,1225743.07427451,2064657.919307212
24,28,1.9154550318290333,2.1511117096924113,2.1416653433584907,2.243764166400307,1.9035385274283794,1.0,1.0,1.0,0.2,0.8,0.9,86,1054448.699021444,1918928.6554230568
24,29,1.915286648316716,2.148344403210567,2.136509346281401,2.225360079554423,1.9045628814676827,1.0,1.0,1.0,0.2,0.8,0.9,87,1296695.3325310086,2098829.7998253866
24,30,1.9142976256013946,2.1386482235394113,2.126425351536743,2.2109690703292904,1.9275841938646678,1.0,1.0,1.0,0.2,0.8,0.9,88,1237656.949658491,2075828.2709933785
24,31,1.9141384801941714,2.1393131140013595,2.131673202352478,2.2298326518409706,1.9022850774359417,1.0,1.0,1.0,0.2,0.8,0.9,90,1216909.4483103787,2053063.199762792
24,32,1.9108787695035057,2.102771214318313,2.09366977326514,2.2041110975162996,2.00305790464554,1.0,1.0,1.0,0.2,0.8,0.9,91,829763.3437377485,1669448.327988349
24,33,1.9108782408349154,2.1039081155993853,2.0971302513956567,2.2167396526067096,1.9000092898874952,1.0,1.0,1.0,0.2,0.8,0.9,93,829621.170089776,1669792.601313329
24,34,1.9098537807047737,2.092042249294845,2.0870679567251775,2.2156459309222023,1.9184078027264397,1.0,1.0,1.0,0.2,0.8,0.9,95,1289809.4041396398,1936362.287678713
24,35,1.9098526831139093,2.093171055771805,2.0905201115395706,2.236969397591952,1.9000203670474107,1.0,1.0,1.0,0.2,0.8,0.9,97,1289448.3093782435,1937135.8199482705
24,36,1.9093405827335155,2.0828973536968833,2.073001136311008,2.1998069015517694,1.9193675419555483,1.0,1.0,1.0,0.2,0.8,0.9,98,1209234.8275812473,2094144.8564377
24,37,1.909224510018967,2.0835985312117504,2.078286501501556,2.223907027852182,1.902243125785009,1.0,1.0,1.0,0.2,0.8,0.9,100,1303028.200721105,1943171.829249476
24,38,1.9089455102233428,2.0797356348629257,2.0742690746178756,2.2241232063540086,1.9054674103549432,1.0,1.0,1.0,0.2,0.8,0.9,102,1199842.176890417,2090067.910061451
24,39,1.9082946126288904,2.0715543000855536,2.0680388346905594,2.2227842408246716,1.913193133842236,1.0,1.0,1.0,0.2,0.8,0.9,104,1183679.4620646967,2069419.3391445272
24,40,1.9081958285337546,2.0700991892634986,2.0665254180103125,2.2472285422309204,1.9020586002726807,1.0,1.0,1.0,0.2,0.8,0.9,106,1164322.2074514197,2089502.3351185585
24,41,1.9081919269257654,2.071185009539308,2.069932983631188,2.268926142989408,1.9000816273048726,1.0,1.0,1.0,0.2,0.8,0.9,108,1163605.1455152582,2090629.1209226884
24,42,1.9079290327685294,2.063827949125552,2.0554473220592437,2.2686649134310386,1.9111129351994571,1.0,1.0,1.0,0.2,0.8,0.9,109,1168303.4692864253,2070639.262867267
24,43,1.9077524979323943,2.0622893780817826,2.0561251372529696,2.2354637711857746,1.9037950081653725,1.0,1.0,1.0,0.2,0.8,0.9,111,1141137.2105917404,2068775.9720832168
24,44,1.9077193028433315,2.0629241223766903,2.059063565105782,2.256700380822162,1.9003594964948518,1.0,1.0,1.0,0.2,0.8,0.9,115,1157441.1869414558,2051968.64542451
24,45,1.9074848916886586,2.0604462749246695,2.0587648175092133,2.2747977710714093,1.9051346853723334,1.0,1.0,1.0,0.2,0.8,0.9,117,1188141.7001874875,2040068.2747630456
24,46,1.9074440852510612,2.065517251004523,2.075429166528688,2.385707396380472,1.9001207436226877,1.0,1.0,1.0,0.2,0.8,0.9,132,1175183.8923607217,2066308.8828156367
24,47,1.9070660701346949,2.056069498080275,2.058769276428565,2.385804440850381,1.9024323514586734,1.0,1.0,1.0,0.2,0.8,0.9,139,1209153.0348074066,2172114.356612809
24,48,1.9066633588407287,2.0505946191883146,2.05535356584834,2.3885264954504133,1.909370281652372,1.0,1.0,1.0,0.2,0.8,0.9,141,1291327.3231666626,1986200.0294042616
24,49,1.9065497794887705,2.048680337581245,2.053362688083907,2.3689140966912445,1.9054019290295017,1.0,1.0,1.0,0.2,0.8,0.9,142,1286428.9792098529,2162675.39193854
24,50,1.9064519637037232,2.0470214610004898,2.0516373835560646,2.367162043305289,1.9046955727532344,1.0,1.0,1.0,0.2,0.8,0.9,143,1272493.2590342234,2158894.8179683774
24,51,1.9062503603277237,2.0469888026528626,2.0584379489946,2.45018246294216,1.9049036064697256,1.0,1.0,1.0,0.2,0.8,0.9,145,1595023.6692069513,2414076.494771094
24,52,1.906009720065383,2.0381944958123346,2.0401791498671926,2.4934532625712715,1.9014921600441737,1.0,1.0,1.0,0.2,0.8,0.9,153,1419586.8410424336,1952836.784096883
24,53,1.9057606860639527,2.033731188303287,2.0355374742742653,2.480010001334398,1.912631992631248,1.0,1.0,1.0,0.2,0.8,0.9,154,1458484.6783244717,1957404.1843549456
24,54,1.905730167554455,2.0320340707513793,2.031494364015118,2.4860595361557127,1.9015700821556623,1.0,1.0,1.0,0.2,0.8,0.9,155,1455373.2797792307,1957171.7995827675
24,55,1.9057213433875417,2.0341604920524374,2.0382621712594826,2.551380385955606,1.9000565273038985,1.0,1.0,1.0,0.2,0.8,0.9,163,1433218.8147129074,1941616.817053604
24,56,1.9057088395142237,2.0362188053464787,2.0449591114122834,2.568427385427705,1.900644367414825,1.0,1.0,1.0,0.2,0.8,0.9,164,1461287.3086655438,1956640.0281801173
24,57,1.9056782391029814,2.034521687794571,2.040916060605394,2.561482094481034,1.9015816937048067,1.0,1.0,1.0,0.2,0.8,0.9,165,1445110.2677633043,1962198.7692343348
25,0,0.4067356150636361,0.8123233623024972,0.777480186197338,0.4932790824244826,0.0,0.0,0.0,0.0,0.2,0.8,0.9,1,6814894.779009701,10458369.746295314
25,1,1.0765370882416816,1.4840359953399638,1.4514888174801674,1.187324163146982,0.6719156899988219,0.1255274317879539,0.3229514871612217,0.43088382136927705,0.2,0.8,0.9,4,6808064.292668201,10414237.61711072
25,2,2.066309313268992,2.5063426524415626,2.4723900316194283,2.193841916844847,1.8281507474925274,0.14354018971325888,1.0,1.0,0.2,0.8,0.9,5,6743373.815941589,8858628.88850467
25,3,2.064883524036873,2.5054081852855643,2.471429670669193,2.1996064704893508,1.729344762644293,0.14211973213717055,1.0,1.0,0.2,0.8,0.9,7,6723803.940093103,8829448.660941817
25,4,2.0220514460751247,2.4769152511968815,2.4444677202532614,2.1762777669994953,1.7466728107556224,0.0930802664015834,1.0,1.0,0.2,0.8,0.9,9,6921997.435831745,8157938.290534552
25,5,1.776878358190577,2.1379367969769265,2.0914368594403268,1.8332230119500061,2.7254030782276613,0.1550870712380488,1.0,1.0,0.2,0.8,0.9,10,597436.0098195213,559548.1221111009
25,6,1.7721719394264328,2.1326662308352513,2.08839809525455,1.8332117627972377,1.7301655377359175,0.13454016899672547,1.0,1.0,0.2,0.8,0.9,12,579394.2490199421,536674.1644096336
25,7,1.7766132729721194,2.1358534974222523,2.091517834310178,1.8560017440699919,1.736552724529378,0.1589104504236549,1.0,1.0,0.2,0.8,0.9,13,656461.6264069336,576735.8215448548
25,8,1.9406313079514224,2.288043695194338,2.2453450279095652,2.0205931964349366,1.9242902019710049,1.0,1.0,1.0,0.2,0.8,0.9,15,1047307.2481518664,2556705.41692378
25,9,1.9406124439081651,2.2879633054155635,2.245261497487042,2.0324040619785815,1.9001141358318883,1.0,1.0,1.0,0.2,0.8,0.9,17,1046513.1065323672,2556072.406771068
25,10,1.7748472513996856,2.120305135373021,2.0752405146309307,1.869433388369847,1.7353837299762178,0.1723133431749478,1.0,1.0,0.2,0.8,0.9,20,597686.8993789256,1042440.3045475944
25,11,1.7714459007309324,2.117828465285173,2.0796050019375345,1.8661170903472384,1.7410310055705969,0.15906608174505707,1.0,1.0,0.2,0.8,0.9,21,613405.1660976189,1019125.935552342
25,12,1.770914620238182,2.1138285833398434,2.070896154244737,1.883452046232565,1.7337971747848893,0.15815505750973005,1.0,1.0,0.2,0.8,0.9,23,696214.2539092381,877737.6975164171
25,13,1.7704534249652344,2.1166391709652137,2.0806703091080228,1.8854404003392995,1.731795061129171,0.1560811919258111,1.0,1.0,0.2,0.8,0.9,24,633140.5025448896,990874.959926948
25,14,1.7704072876488914,2.116042471958804,2.080045213988787,1.8908643470933733,1.7333458969560116,0.1566566193915953,1.0,1.0,0.2,0.8,0.9,25,634548.1195850543,1025547.4385788748
25,15,1.7561216745547767,2.096189848147953,2.0576409960817097,1.9197933569396923,1.719387601043048,0.0915689259077107,1.0,1.0,0.2,0.8,0.9,40,855813.2384559469,1249625.2678173513
25,16,1.756062753786193,2.094981779313018,2.0541085627961557,1.9197000858705504,1.7182783246901936,0.09128287093247388,1.0,1.0,0.2,0.8,0.9,41,787872.4818891578,2149381.295607161
25,17,1.7587855451491512,2.0957620073170973,2.05705530995058,1.9261289821322678,1.7329972299866387,0.10918243944434718,1.0,1.0,0.2,0.8,0.9,42,802103.6375333599,1036692.2933246272
25,18,1.758141812875726,2.0936354628230482,2.052587267625731,1.9249597989432825,1.7225478743497649,0.10644215098400449,1.0,1.0,0.2,0.8,0.9,43,636943.6294905514,2237841.39878684
25,19,1.8264824036612446,2.1408422889012257,2.0987366024764342,1.974084119446168,1.8697605180222632,0.47468257606204806,1.0,1.0,0.2,0.8,0.9,44,815698.9481525031,1267091.6337662798
25,20,1.8264691246508868,2.14191415261822,2.102129542841836,1.9952023369144745,1.7950367385967887,0.47468257606204806,1.0,1.0,0.2,0.8,0.9,46,815714.9184462792,1265643.1581573293
25,21,1.8622468928649198,2.175239056122912,2.139869744377468,2.019082966309654,1.8399934555926618,0.6589258534336037,1.0,1.0,0.2,0.8,0.9,48,500288.6338284269,1052306.480012301
25,22,1.867256195113038,2.170131937968231,2.13427149650947,2.0203966502583186,1.8563429412950763,0.6947991214463417,1.0,1.0,0.2,0.8,0.9,50,705336.433172018,770319.9855099929
25,23,1.863620565024613,2.1637384402596656,2.1277452124828202,2.024486211840063,1.8405786374500912,0.6794287726463506,1.0,1.0,0.2,0.8,0.9,52,653420.1418854498,798075.4970217794
25,24,1.7782886803581635,2.0617187447641085,2.0249308675653572,1.9468594965072374,1.8102050002331738,0.26868982868454305,1.0,1.0,0.2,0.8,0.9,53,633108.7824304742,988167.4749179572
25,25,1.7787688726554436,2.0581930938443094,2.0234872388821845,1.9457926663614047,1.7636448422015516,0.2755874348912033,1.0,1.0,0.2,0.8,0.9,55,633709.3250005551,1002495.9769680562
25,26,1.7777077465276916,2.0573636316853765,2.0249389175125647,1.966204671533827,1.7557523441700233,0.2710772535673485,1.0,1.0,0.2,0.8,0.9,57,612347.6542115826,955190.7337939984
25,27,1.77791261090637,2.0536148320593917,2.0210054794658467,1.9618227438360556,1.7616082582134787,0.27542996462042096,1.0,1.0,0.2,0.8,0.9,59,607753.5329177341,953795.8068228224
25,28,1.77801629136891,2.0520442223570625,2.0170859737576334,1.9650377420545486,1.7569994664359578,0.2763821090651798,1.0,1.0,0.2,0.8,0.9,60,613399.0622826288,1026071.4676252664
25,29,1.7878473572531979,2.0385806638294808,2.0070917565922657,1.951942019224429,1.8522372834769683,0.344957933953358,1.0,1.0,0.2,0.8,0.9,61,470389.3961740539,691707.4474687832
25,30,1.7878399464008035,2.0385100214003455,2.0070182201615068,1.9632344210372485,1.7690945731788137,0.3449648010251093,1.0,1.0,0.2,0.8,0.9,63,470274.7579384531,691543.9531662225
25,31,1.846720580149095,2.0922031184337677,2.0582037524912975,2.0484102355472857,1.831027430248894,0.6421431146423879,1.0,1.0,0.2,0.8,0.9,68,426203.0698181765,1000130.953737158
25,32,1.8463638115711665,2.0907428139282263,2.0566933519226653,2.05411932748378,1.8299944033703954,0.6411052957108665,1.0,1.0,0.2,0.8,0.9,70,413049.9422427476,959673.9303538002
25,33,1.8509146202313227,2.0914973664508203,2.0572758488471874,2.0599355371920502,1.845449485125024,0.6663837198019197,1.0,1.0,0.2,0.8,0.9,71,399653.4042347856,852417.5092271768
25,34,1.8434623265705183,2.0803128204047536,2.0481947951852595,2.054651366569886,1.8420312932467842,0.6322722996877189,1.0,1.0,0.2,0.8,0.9,72,317605.2419936636,770395.8038797602
25,35,1.8453288496185913,2.0751840788564584,2.042751512775939,2.0542447882148536,1.85144546145332,0.6459539877193599,1.0,1.0,0.2,0.8,0.9,73,319273.95060033543,772741.238085933
25,36,1.915481921291538,2.1432776140983574,2.117570888940269,2.1359169192489187,1.9174019537903408,1.0,1.0,1.0,0.2,0.8,0.9,74,365984.14987224346,1094104.1212188134
25,37,1.9153812188009103,2.142317402851883,2.116572328814506,2.124309233392185,1.9027206312981928,1.0,1.0,1.0,0.2,0.8,0.9,75,364480.4846356984,1097486.937262316
25,38,1.9153330687106047,2.140709886407568,2.1126224991481983,2.1312675106414734,1.900435030667384,1.0,1.0,1.0,0.2,0.8,0.9,78,344738.50264681736,1040046.3325369492
25,39,1.915323198812826,2.1406149818076257,2.112523808399879,2.142836630191923,1.9001340394073658,1.0,1.0,1.0,0.2,0.8,0.9,80,344473.0150781627,1039890.8712066072
25,40,1.9152959704447952,2.1403539941577847,2.1122524088420014,2.1301937705409286,1.9007395151543225,1.0,1.0,1.0,0.2,0.8,0.9,81,369463.1680809656,1131222.5419596855
25,41,1.8597989282568608,2.08287059034028,2.0524072774362754,2.0728059185141854,1.8472624374911586,0.7230029477237803,1.0,1.0,0.2,0.8,0.9,82,414418.3635300343,895311.587046974
25,42,1.859791569327359,2.0839424540572744,2.055800336706193,2.0852454979940127,1.8447011804200413,0.7230029477237802,1.0,1.0,0.2,0.8,0.9,84,414571.250616819,896127.6239575489
25,43,1.8306367004010258,2.0547262045890884,2.026581291893233,2.059867199810446,1.8156523252050412,0.5772650317296996,1.0,1.0,0.2,0.8,0.9,85,406051.773514682,864093.0029712548
25,44,1.9134764765359353,2.1220351733195257,2.093201051662883,2.1698757390275403,1.9487761813978564,1.0,1.0,1.0,0.2,0.8,0.9,86,325375.7167333128,819071.5110256518
25,45,1.912568212178606,2.112203335896688,2.0829758578054185,2.1672633802304775,1.9139104424389544,1.0,1.0,1.0,0.2,0.8,0.9,88,339384.18356191186,826058.7822746718
25,46,1.911937336102302,2.1039349121923103,2.072098472677437,2.1505199786440725,1.9100927597847224,1.0,1.0,1.0,0.2,0.8,0.9,90,303102.2174343696,745414.9383471323
25,47,1.9118885097558573,2.1045088058907844,2.0749735838754537,2.1630215708721665,1.9007966001617205,1.0,1.0,1.0,0.2,0.8,0.9,92,306529.5827194736,789130.1884005298
25,48,1.9116113494194034,2.1012789790498094,2.0716145312971253,2.1751638060077148,1.9091334819732313,1.0,1.0,1.0,0.2,0.8,0.9,93,296797.8632094608,798071.4083908143
25,49,1.9115882075049684,2.0998646213794943,2.0678654719061624,2.170989062033866,1.9007693158350194,1.0,1.0,1.0,0.2,0.8,0.9,94,296277.5343632916,784628.2081954001
25,50,1.9112678536460708,2.0972050595317016,2.0673779633903697,2.1786398146165995,1.9107640484171924,1.0,1.0,1.0,0.2,0.8,0.9,95,285332.2613562051,772514.7303119024
25,51,1.9112619001589608,2.09827664411752,2.0707703092331915,2.19193598136197,1.9001009801606519,1.0,1.0,1.0,0.2,0.8,0.9,97,285370.8295668237,773300.1505521798
25,52,1.9110821821443444,2.0949644735795365,2.0650476132326223,2.1840487810342233,1.9061341694569358,1.0,1.0,1.0,0.2,0.8,0.9,98,272791.5599791957,755681.3205448226
25,53,1.910981792754181,2.0926016281721513,2.0603120625242752,2.186652424310815,1.903456436121672,1.0,1.0,1.0,0.2,0.8,0.9,99,242751.4054930727,695823.3310739029
25,54,1.9109719523648554,2.0936249230644695,2.0636544684703573,2.1961030977953,1.900169804709519,1.0,1.0,1.0,0.2,0.8,0.9,101,257014.9050634165,729748.0040036654
25,55,1.9107257400788882,2.0905963498016074,2.0605046878402717,2.192903015524388,1.908575270695915,1.0,1.0,1.0,0.2,0.8,0.9,102,247995.69914981865,700060.621991198
25,56,1.9105913577262061,2.0889215627438036,2.0587630339414726,2.2087836312043385,1.9023682698635458,1.0,1.0,1.0,0.2,0.8,0.9,104,266884.62936776166,807557.6955137417
25,57,1.9105798635514946,2.0876333723651763,2.0551450667794517,2.21251930299639,1.9004073014167964,1.0,1.0,1.0,0.2,0.8,0.9,105,257865.727388483,805742.6311500169
25,58,1.9105781256324867,2.088754921431552,2.058589730609334,2.234264274648231,1.9000308945659206,1.0,1.0,1.0,0.2,0.8,0.9,107,257844.16895439,805961.0226561278
25,59,1.9102868261994148,2.0907895085756074,2.07209627294389,2.2612465295961126,1.9104190340871092,1.0,1.0,1.0,0.2,0.8,0.9,108,390127.26078450505,980080.318454714
25,60,1.9088737013634467,2.071894560989464,2.0524456964561524,2.241286627148755,1.917847670845465,1.0,1.0,1.0,0.2,0.8,0.9,111,366295.3203095262,792110.6719636517
25,61,1.9086192763591083,2.068278974862842,2.048685578945197,2.253904160287632,1.9051086959609815,1.0,1.0,1.0,0.2,0.8,0.9,113,358057.05336279987,752445.4288116331
25,62,1.9084942088387913,2.0676043148097234,2.050262074471207,2.2740023404589387,1.9016976789061837,1.0,1.0,1.0,0.2,0.8,0.9,116,371236.06199717615,700313.2973058623
25,63,1.9084546563264206,2.0670533098677057,2.049689133060634,2.2651292679119237,1.9016197576497933,1.0,1.0,1.0,0.2,0.8,0.9,117,380499.5244846651,885574.0363639734
25,64,1.9078224520136047,2.056496568780015,2.036431874043971,2.257879541068968,1.9265685250602194,1.0,1.0,1.0,0.2,0.8,0.9,118,343704.51264177007,841286.7532177665
25,65,1.9072821697659825,2.0538155138316476,2.045034437423199,2.442180081119454,1.9007424120284804,1.0,1.0,1.0,0.2,0.8,0.9,150,753009.1953969602,578211.126769023
25,66,1.9068568067042055,2.0480832759951375,2.041350953872836,2.450662937058857,1.9097390990403715,1.0,1.0,1.0,0.2,0.8,0.9,152,820954.9753992727,536841.9699533358
25,67,1.9063233536620725,2.040248901269907,2.035481470247207,2.4484666237298387,1.9084760699348289,1.0,1.0,1.0,0.2,0.8,0.9,155,991101.9462635688,472392.79196350975
26,0,0.4263419984335414,0.821392055089329,0.786911514053414,0.5028642939975541,0.0,0.0,0.0,0.0,0.2,0.8,0.9,1,4808562.818475504,10436800.783848085
26,1,0.44606969677972313,0.8411362477114156,0.8066550793009858,0.5265904898658234,0.019778155681133003,0.09787976650550692,8.828445747797e-05,0.00012427493888234,0.2,0.8,0.9,3,4809171.048332845,10436082.891293606
26,2,0.4460694542364856,0.842279569009543,0.810122216084401,0.5390682499649478,0.01975859692815108,0.09787976650550692,8.828445747797e-05,0.00012427493888234,0.2,0.8,0.9,5,4809007.501910574,10436112.79584698
26,3,1.147138812917269,1.5433770507596825,1.5112187099753023,1.251345689740901,0.7209455067439002,0.1436751067161136,0.2215625154930556,0.5721048037148437,0.2,0.8,0.9,6,4852719.640597529,10437475.991174148
26,4,2.2604390858660084,2.6902320836165354,2.6567834877774184,2.3875457257001007,1.99136060348355,1.0,1.0,1.0,0.2,0.8,0.9,7,4122316.08867875,8901028.854589185
26,5,2.0716193471861777,2.5049237184168294,2.471309187213665,2.2208714609392395,1.7246798185624432,0.09419064212120232,1.0,1.0,0.2,0.8,0.9,9,4646143.882392006,8727779.614603017
26,6,2.251657398945391,2.6854807127335456,2.651841994447278,2.3888365366434914,1.9017353457305992,1.0,1.0,1.0,0.2,0.8,0.9,10,4533311.569831298,9753351.03905132
26,7,2.146549178263635,2.6174190414914538,2.5810583738535153,2.3279424666553656,2.0926098102158384,1.0,1.0,1.0,0.2,0.8,0.9,11,2508198.570297072,4981340.277855531
26,8,2.1465229782539446,2.6173981066532312,2.581036554874821,2.335212825607494,1.9000574962340764,1.0,1.0,1.0,0.2,0.8,0.9,12,2507807.896179559,4980033.661234309
26,9,1.9557113841881066,2.3414442805324147,2.296325041903438,2.0709405982163163,2.684179311700184,1.0,1.0,1.0,0.2,0.8,0.9,13,385880.1083501026,502391.9576836573
26,10,1.7529359706466072,2.1233756929706544,2.0773879910389845,1.857074115299933,1.7653680462987538,0.01825025501920078,1.0,1.0,0.2,0.8,0.9,14,263188.40289514634,618265.0316382108
26,11,1.7498887176619333,2.1162008787186797,2.069985934900017,1.8321396361199564,1.7181535761589215,0.010770802668511539,1.0,1.0,0.2,0.8,0.9,15,287508.2101927568,479499.0915185918
26,12,1.9367092960430723,2.299471761712569,2.253062909298379,2.015930422657236,1.8971380944129215,0.9513565950526178,1.0,1.0,0.2,0.8,0.9,17,311485.1377066395,511702.47918502736
26,13,1.9374626761444818,2.2707305839842906,2.2205051016279875,1.9944282864445548,1.9529001870547407,1.0,1.0,1.0,0.2,0.8,0.9,19,265130.12442214054,1669958.8451793932
26,14,1.9355291826304866,2.2616532381309935,2.2110647370286913,1.987837868035184,1.9257148805179356,1.0,1.0,1.0,0.2,0.8,0.9,20,247667.9250474008,1077897.412918595
26,15,1.8077903852414599,2.128741202602492,2.0778929037990728,1.863561355092572,1.7918916453767688,0.36791952603183614,1.0,1.0,0.2,0.8,0.9,21,291688.36061740585,512651.792027456
26,16,1.932780366844109,2.2491127117733343,2.200300965165793,1.9880955683458996,1.9204449349026365,1.0,1.0,1.0,0.2,0.8,0.9,22,382349.7963676406,548105.3290941513
26,17,1.9309599110843338,2.2406128883238035,2.1937393978045114,1.9899766357508772,1.9090832643063802,1.0,1.0,1.0,0.2,0.8,0.9,25,364153.0050879852,481265.7632771514
26,18,1.8211340495070767,2.1216658562321977,2.0743491227702746,1.8860475534837708,1.799875905300437,0.4606807519729392,1.0,1.0,0.2,0.8,0.9,29,385997.7563434138,999439.7495959369
26,19,1.8198082952093393,2.1179552848625844,2.0705231682969134,1.888717842244313,1.7953904388583066,0.4565478116925631,1.0,1.0,0.2,0.8,0.9,31,387145.81660083344,1065018.5255794262
26,20,1.8188027556628925,2.1160650209694425,2.068590328364646,1.8933113441274836,1.7919953973156364,0.452433480317722,1.0,1.0,0.2,0.8,0.9,33,394514.5846299666,1151571.089474188
26,21,1.7293271962055998,2.0264560853862803,1.9812428443084964,1.8323527738911523,1.7059038299215352,0.0064432078594841595,1.0,1.0,0.2,0.8,0.9,34,279215.24675687344,407123.16103358153
26,22,1.7293162309872567,2.0275326943332717,1.9846407192113142,1.8424449599297907,1.7013801265118782,0.0064432078594841595,1.0,1.0,0.2,0.8,0.9,36,279134.6826005709,406696.92541683774
26,23,1.7539566930027934,2.0475209213586116,2.0044061823867265,1.8655931223333384,1.7320347351620946,0.13423744741334337,1.0,1.0,0.2,0.8,0.9,39,366581.5173231351,1208256.804495575
26,24,1.8124747459761703,2.1048645686800826,2.0639629555706174,1.9639718044916679,1.7873776172848523,0.4290825882186927,1.0,1.0,0.2,0.8,0.9,44,442227.5211890852,797191.4175890116
26,25,1.7515044326351714,2.041842976706129,1.9985741170125362,1.8841402244471106,1.7280861912635834,0.1251077753156744,1.0,1.0,0.2,0.8,0.9,45,361534.61938238464,1202700.4751498683
26,26,1.7259171254559416,2.003542554429912,1.9619420856875784,1.8652094432972302,1.748359586601416,0.00986290564404557,1.0,1.0,0.2,0.8,0.9,46,354032.42791978177,412138.4752561128
26,27,1.7244378228955253,2.002203587698361,1.9651501581111073,1.875675803212356,1.7014141143623878,0.00432507071205529,1.0,1.0,0.2,0.8,0.9,59,316161.8295529108,471824.5556370791
26,28,1.7222185860227786,1.986875078745249,1.9492112131579238,1.8671307414628182,1.744001240466404,0.00398721995592211,1.0,1.0,0.2,0.8,0.9,60,284369.93023275875,467459.5546893512
26,29,1.7213430614234797,1.9823591889601557,1.9467985088357755,1.864773843707289,1.7084616741224607,0.00329305090830709,1.0,1.0,0.2,0.8,0.9,62,297477.4828989595,521619.90245555225
26,30,1.7214210574254674,1.981179004331978,1.9432889753674671,1.8676978216400268,1.7011597579463253,0.00377725342529733,1.0,1.0,0.2,0.8,0.9,63,272107.6642682637,477656.83502136497
26,31,1.7214065240830942,1.9818141372864555,1.9462252562453966,1.882292934155342,1.7013472134403056,0.00407507577002548,1.0,1.0,0.2,0.8,0.9,66,292217.3007737645,523582.16092804726
26,32,1.7214074741338083,1.9837401654051914,1.952782318678472,1.8715161673000913,1.702017659353817,0.0043459480223425,1.0,1.0,0.2,0.8,0.9,67,343508.4246772483,529872.4678163625
26,33,1.720705090334239,1.9775125031475391,1.9417583444884468,1.8886155670038551,1.7112063900334875,0.0032533165510842004,1.0,1.0,0.2,0.8,0.9,68,286893.94400042336,539331.558937085
26,34,1.7208859340564806,1.9770390602129946,1.9412548358169817,1.8998788523834462,1.7030450769054828,0.0046376248878419605,1.0,1.0,0.2,0.8,0.9,69,353107.557193036,431180.58036482864
26,35,1.720922527695353,1.9779502782254994,1.9444778152097792,1.862864910254725,1.7018593507089965,0.00501372558526428,1.0,1.0,0.2,0.8,0.9,70,314171.5572738164,520336.4004413546
26,36,1.7204184139473444,1.9733658826523541,1.9442498257570122,1.904592542859366,1.7220126798269582,0.0070586357837484305,1.0,1.0,0.2,0.8,0.9,71,304398.4033628952,503808.79875252704
26,37,1.72033213845859,1.96959555304988,1.9380397456558067,1.8901378570781557,1.7057732110440942,0.00839515009732294,1.0,1.0,0.2,0.8,0.9,73,325135.6656202323,510186.5039946744
26,38,1.7195693984668026,1.9690343275122122,1.944303344801782,1.9232956951309466,1.7025124916892191,0.00678789081119433,1.0,1.0,0.2,0.8,0.9,82,284476.7158227533,639228.9819356337
26,39,1.7390240736953484,1.980531185343926,1.9622573475793121,2.0355560589841746,1.7274593387947528,0.11147744884984712,1.0,1.0,0.2,0.8,0.9,90,332790.0435108246,773628.9529085484
26,40,1.739006262182096,1.9815435556080065,1.9655882980619395,2.048173639921945,1.7225237546825583,0.11145911276157919,1.0,1.0,0.2,0.8,0.9,92,332340.7823669162,772882.5295049812
26,41,1.7390086357706354,1.9815257622886935,1.965569571273729,2.0553122764112,1.722310510581643,0.11148319429141476,1.0,1.0,0.2,0.8,0.9,93,332069.1292837121,770045.9666651789
26,42,1.7392193444197932,1.9780046408881513,1.9596084519055204,2.037550227913032,1.728016555955746,0.1141397193763688,1.0,1.0,0.2,0.8,0.9,94,330213.3110846104,582039.1706374955
26,43,1.741208298788377,1.97008073913039,1.9512407211527574,2.0531648817545713,1.7301387419525542,0.13000869712436788,1.0,1.0,0.2,0.8,0.9,96,306012.2380637996,895422.1438066241
26,44,1.7405063080102754,1.9692698452209254,1.9526976890861514,2.064055879590287,1.7361733167773963,0.12721310918216083,1.0,1.0,0.2,0.8,0.9,98,293803.6967862209,792373.7845553277
26,45,1.738099884599377,1.9569479996555912,1.9376622596087683,2.0482472963709797,1.7514151719198978,0.12007074778703282,1.0,1.0,0.2,0.8,0.9,99,284820.937460724,726480.1056587748
26,46,1.735008115427533,1.9573234752384154,1.947283928133484,2.081536024096696,1.7238858650889246,0.10521142037016759,1.0,1.0,0.2,0.8,0.9,100,261348.0029566892,742038.9887660673
26,47,1.734558099755747,1.950293639983204,1.9331431748924075,2.064597003200247,1.731061519076509,0.10463961855835387,1.0,1.0,0.2,0.8,0.9,101,276730.7653229828,725105.7326382785
26,48,1.7379963573376251,1.9581900635253406,1.943510379337404,2.0846946294739137,1.7240370555505369,0.12006202452780253,1.0,1.0,0.2,0.8,0.9,105,304059.1433565513,686174.7691291599
26,49,1.7344549346757387,1.9518387464360027,1.939307974517718,2.091002284709371,1.7216384454723443,0.1044601559095136,1.0,1.0,0.2,0.8,0.9,108,282523.40973535285,707883.3972918773
26,50,1.7336714816939915,1.9412082683386522,1.9236961096537892,2.0916285206469563,1.7316294518841855,0.10443340655218,1.0,1.0,0.2,0.8,0.9,110,313926.7413044359,839138.5196417266
26,51,1.7336632331700321,1.9423468088523976,1.927158719474416,2.1119693820995717,1.7209027362762281,0.10438996344792997,1.0,1.0,0.2,0.8,0.9,113,314622.81680356467,838781.7461974435
26,52,1.7321877839522732,1.9483643346941828,1.9494209540212273,2.1622780624972373,1.7200944917527912,0.09726242857657286,1.0,1.0,0.2,0.8,0.9,116,301110.53241366026,699674.6946005798
26,53,1.7321864146076433,1.9472160955071183,1.9459485860750227,2.153612003321537,1.7194619037663943,0.09725737831422857,1.0,1.0,0.2,0.8,0.9,119,301042.3202268031,699638.5561222687
26,54,1.7323042345165653,1.9496468964892553,1.950754696277925,2.1636346090220226,1.7236894356126558,0.0972594074646638,1.0,1.0,0.2,0.8,0.9,120,297959.29108186846,663745.8155156663
26,55,1.7376734132961706,1.940138144354275,1.9292244184638583,2.0729301571741345,1.729074721940511,0.1285925345887997,1.0,1.0,0.2,0.8,0.9,125,304744.63789209106,471747.913982734
26,56,1.7376516313603774,1.9398866471644283,1.928962828528555,2.072663172390693,1.7262375577711828,0.1285925345887997,1.0,1.0,0.2,0.8,0.9,127,304565.1354567006,467728.3532906364
26,57,1.7368469236760558,1.9432155479715347,1.9347467825370073,2.1561030740192826,1.7297613920980337,0.12313403642896603,1.0,1.0,0.2,0.8,0.9,129,296898.677137021,403835.1263282845
26,58,1.7368469074360386,1.944304399088649,1.938157115053761,2.212471327112339,1.724705522325492,0.12316035588254264,1.0,1.0,0.2,0.8,0.9,130,296910.7337710303,406461.339633252
26,59,1.7368400546103893,1.9442461489025127,1.9380965699865684,2.2081134630541177,1.724659760543977,0.12315102743992375,1.0,1.0,0.2,0.8,0.9,132,297064.1217863736,404652.680697526
26,60,1.736842609922316,1.945370632787256,1.941543822045103,2.2305214968461606,1.7247258630916638,0.12317407546704781,1.0,1.0,0.2,0.8,0.9,134,297038.9569706827,405681.194110958
26,61,1.7367727521645913,1.944502457823353,1.9406406100229647,2.2200647743691153,1.7254725853856494,0.12320997749192864,1.0,1.0,0.2,0.8,0.9,137,298009.50276583526,407088.311596883
26,62,1.737466129786898,1.935472068969085,1.9311850037529998,2.2362070496833346,1.727640111045874,0.13122135705880936,1.0,1.0,0.2,0.8,0.9,138,361417.4149309413,262227.36397205194
26,63,1.7356913548806951,1.933518618907239,1.936045798233819,2.2761854698758275,1.7276650311727964,0.12396628733628576,1.0,1.0,0.2,0.8,0.9,149,294901.1510952781,620928.6660579431
26,64,1.7323143451267295,1.9230447783367883,1.9252635340920041,2.2926336370790215,1.7483760844727343,0.11016324345761168,1.0,1.0,0.2,0.8,0.9,150,287565.1229767439,602770.1973145612
26,65,1.73541025827251,1.9260895001177358,1.9283060748344942,2.2824883594166776,1.7252947042787676,0.12566458788276755,1.0,1.0,0.2,0.8,0.9,153,287830.94776833407,599293.3826293724
26,66,1.735523850708195,1.9260646850449317,1.9282752512527117,2.2824554302257387,1.7258754840650223,0.1262913753829949,1.0,1.0,0.2,0.8,0.9,154,289111.84271602606,601379.402351421
26,67,1.73535159016941,1.925890883654521,1.9281013410816183,2.2822811321133605,1.7254579380229307,0.1254307423662304,1.0,1.0,0.2,0.8,0.9,157,287771.2913958274,590734.357536384
26,68,1.735351308264128,1.9258872549492292,1.928097595589363,2.2822772797423396,1.7250862729171894,0.12543074236623036,1.0,1.0,0.2,0.8,0.9,159,287751.78959068074,590807.916218339
26,69,1.7353811256716292,1.924623745750106,1.9245038627066586,2.2645643264102993,1.7254148649519132,0.12564347024017047,1.0,1.0,0.2,0.8,0.9,160,288128.304284982,594120.695955386
26,70,1.735344756677541,1.9263822488002287,1.930888726837908,2.35772840017366,1.725241535719706,0.12566987089906095,1.0,1.0,0.2,0.8,0.9,173,288276.2029572051,604845.6929939532
26,71,1.7352742905325762,1.927369130099709,1.93419580570724,2.367684460328772,1.7251307523838664,0.12535381997024628,1.0,1.0,0.2,0.8,0.9,174,282628.8860399038,608116.8168731848
26,72,1.7353341024253321,1.9263311957638605,1.9308359569665727,2.370956557745266,1.7252232961781298,0.1256337236906154,1.0,1.0,0.2,0.8,0.9,176,287815.2446923918,601810.5328130964
26,73,1.7352700836301311,1.9317554608745215,1.9455954603728123,2.4440435962934832,1.7268862773803728,0.12492567096674559,1.0,1.0,0.2,0.8,0.9,179,288968.77045412816,706729.1860830939
26,74,1.7352066264307706,1.930904397095246,1.944710005866742,2.4567794628334116,1.725715528120292,0.12494245472364958,1.0,1.0,0.2,0.8,0.9,181,288641.4048186846,704250.5694641336
27,0,0.23985219718159945,0.7110068401094752,0.6721118197093627,0.3861922424106952,0.0,0.0,0.0,0.0,0.2,0.8,0.9,1,24563521.953562524,10583363.325425474
27,1,0.260063393985873,0.73122047898843,0.6923250487751691,0.41038807346505746,0.020239652455241886,0.10018312139553047,8.749266862167e-05,0.00013100731203,0.2,0.8,0.9,3,24561549.82497893,10582764.41645109
27,2,0.7597930852956556,1.2321923075226155,1.1956050586880616,0.9297271443346952,0.5215362109156276,0.13413676644865324,0.23766804638814665,0.337198218635744,0.2,0.8,0.9,4,24374179.5939935,10519623.067528654
27,3,0.3184628146040177,0.7908899902784876,0.7542984337573614,0.4925450528557858,0.07956000543739675,0.10013857492073977,0.03307650993916111,0.036399115341612845,0.2,0.8,0.9,5,24382217.38677572,10517389.387321943
27,4,1.4942687406698338,1.9667113389043112,1.930117189414027,1.6665879297564195,1.255309499404048,0.1341561413183634,0.6027655964616765,0.828987304944895,0.2,0.8,0.9,6,24308774.41006532,10502417.712290194
27,5,0.8900258482369776,1.3636425805946764,1.3293674746996171,1.0763302943337005,0.6513874647336111,0.11142409372557105,0.2327557602364378,0.4917252818504848,0.2,0.8,0.9,7,24390278.61169497,10527010.262516998
27,6,1.9442302384722119,2.4204616197088984,2.3856963879723216,2.127145841894535,1.754803942886821,0.10057818307936792,1.0,1.0,0.2,0.8,0.9,8,22554720.217442323,9780896.331809564
27,7,2.1210558375082837,2.5977232665605037,2.5628530817583295,2.3042554518789826,1.9037073302310756,1.0,1.0,1.0,0.2,0.8,0.9,10,19066028.87219099,8861558.504632495
27,8,2.1085801898578946,2.5877995949806634,2.5548109748154886,2.3159944241366652,1.9313181822821441,1.0,1.0,1.0,0.2,0.8,0.9,11,20435164.69203228,8993179.019988487
27,9,2.009286736973783,2.487709067771504,2.452247566191749,2.200631896945509,1.8153811771678445,0.5238694590011616,1.0,1.0,0.2,0.8,0.9,12,20308167.370095536,8972382.414286124
27,10,1.790664429974024,2.209664544228527,2.1666135712710015,1.9312427503788054,2.253468599063046,0.08251838372328825,1.0,1.0,0.2,0.8,0.9,13,3350276.5388261406,1471260.2592415195
27,11,1.7321672162998323,1.998066228735624,1.9491059878763735,1.7236504649815956,2.0009773778266715,0.04816502992379151,1.0,1.0,0.2,0.8,0.9,15,2719865.138142496,570978.5812650487
27,12,1.7319969606718022,1.9973429659138868,1.9483571192246676,1.725891203228083,1.7104482170660777,0.04776011999844395,1.0,1.0,0.2,0.8,0.9,17,2845450.251959301,605048.6449779783
27,13,1.7287779133454595,1.9835098284364543,1.9340323523970118,1.7294606979548774,1.7427263552980683,0.040032600170935725,1.0,1.0,0.2,0.8,0.9,18,2732017.3077295576,558228.7278780249
27,14,1.7261219630692979,1.9707226355774954,1.9207803848780989,1.7443909352898972,1.7232884776399762,0.03420895547017266,1.0,1.0,0.2,0.8,0.9,20,2844546.930583745,763175.0259457137
27,15,1.7254953566738134,1.9685196767621798,1.9185055647084437,1.7229504995061968,1.708983268014486,0.03219055920576559,1.0,1.0,0.2,0.8,0.9,22,2887924.8820356154,851278.8371650198
27,16,1.7257816214810728,1.9686358763959126,1.9186140389982316,1.7198664823276328,1.7072973678146677,0.03374153821207282,1.0,1.0,0.2,0.8,0.9,23,2853213.954730065,737975.0659752468
27,17,1.7250521317305143,1.9676443729153088,1.9176106272803541,1.722046555095371,1.7068980646423553,0.0302773726022627,1.0,1.0,0.2,0.8,0.9,24,2935662.713280871,952088.0957928548
27,18,1.7252123254013179,1.9668576061217942,1.9167806237573362,1.7243874697208916,1.7094021883785537,0.03174053992846202,1.0,1.0,0.2,0.8,0.9,25,2898256.250624714,822229.8701564185
27,19,1.7251575873628298,1.9655663463893354,1.91316117422129,1.7272964750320392,1.7065973975951854,0.03152980133589539,1.0,1.0,0.2,0.8,0.9,26,2886514.2418742552,844239.1269435013
27,20,1.7260196342902998,1.966720126576961,1.9166002388869656,1.7369178088756874,1.7100184536395215,0.036429208659848,1.0,1.0,0.2,0.8,0.9,27,2709127.789269182,611903.7240725557
27,21,1.725357202052707,1.9641477807137702,1.911668983972357,1.7290810784244859,1.7091989338739242,0.0336469061201086,1.0,1.0,0.2,0.8,0.9,28,2752133.633265627,691402.6072762517
27,22,1.7252594185317567,1.9635110432314389,1.9132796753730354,1.740095042831077,1.7122750789703503,0.03431104197375669,1.0,1.0,0.2,0.8,0.9,29,2750376.037964328,686266.2508768752
27,23,1.724552021168069,1.9606785683689734,1.9080785823904511,1.735072766629071,1.7094495893739752,0.03144231505455511,1.0,1.0,0.2,0.8,0.9,30,2689346.1343555846,750518.5446684184
27,24,1.725551374981238,1.9606544044986474,1.9102801133101952,1.743579603049673,1.714530595804515,0.03789503490480486,1.0,1.0,0.2,0.8,0.9,31,2706549.236841073,663284.1940098098
27,25,1.7245569050530785,1.9588298017255754,1.9084180145999956,1.7483285667619812,1.7093565848120356,0.03347538136011134,1.0,1.0,0.2,0.8,0.9,32,2650241.650394377,625051.273090677
27,26,1.7240516837386919,1.9557614452875591,1.90523354396495,1.748446051323807,1.7147376318342555,0.032637255090610925,1.0,1.0,0.2,0.8,0.9,33,2612089.5476405723,596956.1340118112
27,27,1.7176620802762184,1.9568240808289996,1.922536545091428,1.7890875070593941,1.7007166988241802,0.0012572440172122499,1.0,1.0,0.2,0.8,0.9,39,3751420.731219562,1518285.5454773589
27,28,1.7168721789103727,1.9463899688985213,1.911669884201895,1.8002114231043094,1.730361885759965,0.003185097643649,1.0,1.0,0.2,0.8,0.9,40,3262868.380371016,1309949.2995190674
27,29,1.7159666834066307,1.928539738069727,1.8885171674443755,1.7511349694916725,1.7477755190394266,0.007205626060536589,1.0,1.0,0.2,0.8,0.9,41,3748093.374742438,1226544.3620081954
27,30,1.714606707162435,1.9177057457915847,1.8772633802071441,1.764644470522192,1.7308057229462717,0.00552069974963609,1.0,1.0,0.2,0.8,0.9,42,3746425.211958013,1458628.0730866909
27,31,1.7147432067824568,1.9160265246725992,1.8732308449613952,1.7605256673902243,1.7023566869956044,0.00655364529014406,1.0,1.0,0.2,0.8,0.9,44,1923175.5147849072,1258287.890680452
27,32,1.7146377240979191,1.9172385170623056,1.8790476696592693,1.7812142811979532,1.7043333269196688,0.006529943251204311,1.0,1.0,0.2,0.8,0.9,45,3802578.601096139,1419516.0315033186
27,33,1.7145716332215934,1.9161299721884233,1.877892965800313,1.7875095302726993,1.7029714951206585,0.0067373211135868995,1.0,1.0,0.2,0.8,0.9,47,3828997.419843099,1546745.7185910724
27,34,1.7127384107328347,1.9054587625305013,1.8736541157113482,1.821489883796554,1.7134477067051344,0.00365698464336678,1.0,1.0,0.2,0.8,0.9,50,1903514.756112965,5692848.263133456
27,35,1.7126977087407917,1.905078654953689,1.8732591333751838,1.8210882715713343,1.7017752066097576,0.00361546039346866,1.0,1.0,0.2,0.8,0.9,51,1991223.4243014485,5475360.622411207
27,36,1.7126185645350178,1.902674518412359,1.8684793170045317,1.8306721379467623,1.7019854440198143,0.00378443615586668,1.0,1.0,0.2,0.8,0.9,54,1772436.9372083156,4645827.598780186
27,37,1.7123040221994161,1.8957884033249157,1.8567582539679695,1.8130790067379234,1.7140767496341107,0.00420897070331202,1.0,1.0,0.2,0.8,0.9,55,1841062.3248812847,5768487.3746883385
27,38,1.712118539283447,1.897265807903226,1.862855918350307,1.8286893704470173,1.7026461547116158,0.00356957662034001,1.0,1.0,0.2,0.8,0.9,56,1638632.7409285917,4639488.619944294
27,39,1.7119545381845915,1.8923413006229424,1.8531759996639527,1.8203023600156647,1.7084084622854439,0.0038762455743317796,1.0,1.0,0.2,0.8,0.9,57,1575608.9983816736,4566587.843956268
27,40,1.7120293997033609,1.8897766742629742,1.8459483308501112,1.7957156171628177,1.7019693130202742,0.0044095405604767,1.0,1.0,0.2,0.8,0.9,58,1777808.7233024354,5703750.276628424
27,41,1.9102828356289963,2.083903621587447,2.0512662231092236,2.075587375098483,1.9151885422021033,1.0,1.0,1.0,0.2,0.8,0.9,60,3187833.5302953874,2432756.431567016
27,42,1.909688968047457,2.077313334514989,2.04669059897496,2.09149862580102,1.910938778687263,1.0,1.0,1.0,0.2,0.8,0.9,62,3047354.0482548024,2211497.056016732
27,43,1.727548587665063,1.8852936065285726,1.854244548926645,1.8939843039893405,1.7286848913350137,0.0932000625266458,1.0,1.0,0.2,0.8,0.9,65,3165927.33213441,2033538.3727454029
27,44,1.9088579525270988,2.0670826186412175,2.0383286388839528,2.126149504953633,1.901006326037666,1.0,1.0,1.0,0.2,0.8,0.9,67,3079779.505740688,2064207.568266213
27,45,1.90851428963547,2.0621919613012536,2.0332424387577834,2.0937547373282963,1.913862318676205,1.0,1.0,1.0,0.2,0.8,0.9,68,3391220.2725992417,2664721.58727348
27,46,1.7454731263918202,1.8993778650768731,1.874987733054768,1.9334480529749474,1.738144777240381,0.1855499004783271,1.0,1.0,0.2,0.8,0.9,74,1772098.186682213,5301328.796605715
27,47,1.7663603705322708,1.9016127960664018,1.8787001049158272,1.9500248385610108,1.789325667883698,0.29685728230030295,1.0,1.0,0.2,0.8,0.9,76,1799469.8333892794,5333241.056774499
27,48,1.7653796045488845,1.8995781143966672,1.876620446489592,1.9678390169288171,1.7595177661769927,0.2922972019070346,1.0,1.0,0.2,0.8,0.9,79,1796547.9768519702,5337650.538499403
27,49,1.7479262297443983,1.8787537220034873,1.8533772231262393,1.898709846785557,1.7445070658889739,0.2057507344569062,1.0,1.0,0.2,0.8,0.9,81,1796906.3531963166,5359915.707986282
27,50,1.708187281445229,1.8310472603354753,1.809882763105069,1.9192876180315621,1.7174636647633272,0.01025347522299758,1.0,1.0,0.2,0.8,0.9,83,2239112.370834939,2800684.5653529507
27,51,1.7079773491893557,1.8295361249399331,1.8105919856316426,1.9294169769475924,1.7056538896611237,0.00993846095852636,1.0,1.0,0.2,0.8,0.9,85,2197669.501675289,2762688.7971629947
27,52,1.7079688719547585,1.8303314245277504,1.813696827183515,1.9461340606916333,1.7025089754260114,0.00999735283823337,1.0,1.0,0.2,0.8,0.9,87,2217331.5785672595,2794377.6935782167
27,53,1.7080482956922425,1.8260911085723195,1.8069980243568042,2.000953680162743,1.7033312108888392,0.01133701120323677,1.0,1.0,0.2,0.8,0.9,96,1889039.299835156,4959958.322709097
27,54,1.7117108014556575,1.8233365941722073,1.797145527271931,1.9889927174158362,1.715034391609151,0.03051447890908592,1.0,1.0,0.2,0.8,0.9,97,1940174.8569253152,5066288.805649175
27,55,1.70825405309989,1.8170264663701414,1.7975414465844173,2.0162267392035087,1.7123876139846992,0.01500411294487338,1.0,1.0,0.2,0.8,0.9,99,1888260.877272821,4955506.603414652
27,56,1.7071617745909622,1.8063178093025876,1.7909788274201088,2.042663227715983,1.7096388305209294,0.012731642070006991,1.0,1.0,0.2,0.8,0.9,104,1946868.032788489,4966131.605423585
27,57,1.70505537452855,1.7671375958137365,1.7502467406216704,2.001274183661807,1.7570867981179548,0.01087000748702782,1.0,1.0,0.2,0.8,0.9,106,2029200.086710524,4977753.854864386
27,58,1.7050581949529144,1.767121398681917,1.7502297318698339,2.0097074827629804,1.7022057086951987,0.01088811339551636,1.0,1.0,0.2,0.8,0.9,108,2029572.5616833388,4977934.141282564
27,59,1.7050542934348103,1.7693843305448276,1.7571396070497358,2.057671696167881,1.7021844278254108,0.01087283826402562,1.0,1.0,0.2,0.8,0.9,114,2029162.2103107315,4977542.877687785
27,60,1.7058794174624285,1.7670543022745113,1.7546782597098143,2.0807241918246437,1.7054572603713383,0.01565654491714538,1.0,1.0,0.2,0.8,0.9,118,1903789.153777744,5048014.762771549
27,61,1.70849054482444,1.7672208093889372,1.759295434144192,2.197984687888053,1.7074844464233507,0.02967802856948038,1.0,1.0,0.2,0.8,0.9,127,1849589.0762126287,5009912.02424143
27,62,1.7073501642803262,1.7513561436462726,1.740542637523462,2.169337578985404,1.7110262025769154,0.026610545909731047,1.0,1.0,0.2,0.8,0.9,134,1839219.264706644,5818066.688069395
27,63,1.7072862200588728,1.7496841436866948,1.7456333129062536,2.187774839871703,1.7202097510447534,0.02721763515050074,1.0,1.0,0.2,0.8,0.9,135,1977725.1143739328,5859472.472005654
27,64,1.7072857197089863,1.750813229294831,1.7490858838864527,2.211685850279176,1.7054635356432502,0.02721763515050074,1.0,1.0,0.2,0.8,0.9,137,1977840.646471612,5859733.872737308
27,65,1.7072754420806797,1.7506289229325112,1.748894264937701,2.2047488157145096,1.7059479439180723,0.02719769703835274,1.0,1.0,0.2,0.8,0.9,138,1979434.883050345,5858801.949801399
27,66,1.7078429547904097,1.7506345814889388,1.74887672933218,2.2092929607389813,1.7076796425958023,0.030137327989306316,1.0,1.0,0.2,0.8,0.9,139,1982322.496216453,5893097.14197433
27,67,1.7086919211816636,1.772582334316315,1.7694241459153885,2.2401978846973534,1.7110045212845,0.03010077876654992,1.0,1.0,0.2,0.8,0.9,140,1968911.420166528,5904229.651108186
27,68,1.7060107468658101,1.736100762135735,1.7201576756800694,2.1514148659668084,1.7104693005144107,0.02201592008693056,1.0,1.0,0.2,0.8,0.9,142,2230404.9623962026,4437773.083752592
27,69,1.7062056177258424,1.7238365781582177,1.7073784186038916,2.1384209249115385,1.7414800298613984,0.025100332163073707,1.0,1.0,0.2,0.8,0.9,143,2242201.7851659376,4457551.865730134
27,70,1.706205251583984,1.723800802675965,1.7073411598605999,2.151167240277935,1.7050725366829722,0.02510428567228788,1.0,1.0,0.2,0.8,0.9,145,2242294.112845018,4457793.386701559
27,71,1.7067551670369463,1.7228938322933627,1.706374041991595,2.1544390269285203,1.7098910293567169,0.0280920189605778,1.0,1.0,0.2,0.8,0.9,146,2246484.055057573,4485506.489481128
27,72,1.7112062978626468,1.7266409226855592,1.7100920726362228,2.177787447404107,1.7107704776881327,0.05046036318111383,1.0,1.0,0.2,0.8,0.9,149,2249910.478444336,6571006.9839415
27,73,1.7086121250591422,1.7830889454207963,1.778095913401473,2.254770988960143,1.7055825108791092,0.02722210882563462,1.0,1.0,0.2,0.8,0.9,152,2217246.371898319,4564240.758605919
27,74,1.7082088726244224,1.785776243751687,1.7877406283647548,2.319728874631723,1.7056436622513846,0.0252798683218049,1.0,1.0,0.2,0.8,0.9,159,1896874.5913525685,4560675.016038281
27,75,1.7077111494997586,1.776134092298146,1.784546089854361,2.3702864334648055,1.7144561151896218,0.02543835693935605,1.0,1.0,0.2,0.8,0.9,163,1792417.6748742198,5138837.53122366
27,76,1.712892194763052,1.8335961883016894,1.8555760919870674,2.5968343674492735,1.7081366665243058,0.040534531205157195,1.0,1.0,0.2,0.8,0.9,181,1944795.6454802768,5955311.225885808
27,77,1.712746735435769,1.829072162654433,1.8576952119453312,2.6226915995284217,1.7089466995062639,0.04182198821902578,1.0,1.0,0.2,0.8,0.9,186,2003077.0419999787,5849289.51387843
27,78,1.7126261386835946,1.831739433251417,1.8582041947254786,2.6683811177928574,1.7152395152913589,0.04021505368068996,1.0,1.0,0.2,0.8,0.9,189,1984855.472490483,5698028.100853399
27,79,1.7128959527301242,1.8333425569316402,1.8621391210628087,2.671396271285632,1.7085098825553149,0.04151477598001212,1.0,1.0,0.2,0.8,0.9,191,1985408.353724012,5699318.61696843
28,0,0.4438183382741178,0.8291340373952036,0.7949631333575382,0.5110471910408055,0.0,0.0,0.0,0.0,0.2,0.8,0.9,1,2981875.55723249,10434937.566111656
28,1,0.4648353587417518,0.8501688247575645,0.8159973658658397,0.5360640459214119,0.021066888855358762,0.10438118560153116,9.079178885627e-05,0.00011003997361741998,0.2,0.8,0.9,3,2983261.041403136,10434149.490910731
28,2,1.0943194508992025,1.4817314455684363,1.4498549447900468,1.1859747172282153,0.6542272650827163,0.14075720197839522,0.32185770838241484,0.4072781284844317,0.2,0.8,0.9,4,2927448.1210773606,10414558.925165882
28,3,2.0825653927744665,2.5104897918026747,2.4771245608039387,2.2079170573567115,1.7708521901491405,0.09085740887234162,1.0,1.0,0.2,0.8,0.9,6,3267215.444683251,8756318.584292185
28,4,2.062346918143898,2.4920519450740777,2.4586055905524877,2.195675116343143,1.7074697131099763,0.00878947168201919,1.0,1.0,0.2,0.8,0.9,7,3965312.8452199455,8745174.770376397
28,5,2.074932794107466,2.5060774639169203,2.470187501518508,2.2056468333875556,1.7284172163552345,0.09963557745714718,1.0,1.0,0.2,0.8,0.9,8,3647111.899266429,7927084.682466581
28,6,1.8549448967651,2.2852652206854436,2.240763965523487,1.979884895623726,2.5451946583254625,0.35700317796501185,1.0,1.0,0.2,0.8,0.9,9,486752.458726002,1533960.3451334657
28,7,1.8771362888540528,2.2996444953533084,2.254587307888533,2.002172604173876,1.8390168768985127,0.4984227533855372,1.0,1.0,0.2,0.8,0.9,10,467359.10460770095,1334230.6507303845
28,8,1.8210590514668799,2.206158274817112,2.161002694225634,1.9145724400732274,1.9370326190376508,0.3281295791883581,1.0,1.0,0.2,0.8,0.9,11,326430.08132432867,698995.8525773516
28,9,1.788319554037338,2.1588182602523607,2.1150958655721714,1.8757685332467608,1.8024399773452409,0.1970513478208832,1.0,1.0,0.2,0.8,0.9,12,366654.3879172845,540796.8750319473
28,10,1.9476721561311598,2.313747210432807,2.267520422891046,2.015959728627509,1.9128075195870338,1.0,1.0,1.0,0.2,0.8,0.9,13,355358.18744210893,568880.629341541
28,11,1.7870655294793596,2.15538789025536,2.1138063380287155,1.8791103522888275,1.7395858265544153,0.19705071296367296,1.0,1.0,0.2,0.8,0.9,14,337298.6702463658,553260.8680297276
28,12,1.7699354852473355,2.1236302857947202,2.0789985744964086,1.8950992023529336,1.7301679045312197,0.1347946253605266,1.0,1.0,0.2,0.8,0.9,30,412896.57190930325,965663.0413385476
28,13,1.7605134779671898,2.1105038444257,2.067940245271871,1.8866245124967227,1.7371882382320054,0.09542726654943531,1.0,1.0,0.2,0.8,0.9,31,434597.4361507011,2015683.9735961824
28,14,1.7672033992620597,2.11259318587678,2.0697891063848353,1.904778250574143,1.7441939070416828,0.1359238405894811,1.0,1.0,0.2,0.8,0.9,32,320961.31009757,705869.1777805366
28,15,1.7667206903584574,2.1117664269255014,2.068944557598103,1.8908680806362916,1.7274357898914627,0.13402449089937535,1.0,1.0,0.2,0.8,0.9,34,291274.4171862939,735024.0295791022
28,16,1.7527741303834108,2.0895706956526476,2.044058288589874,1.889247203672952,1.7409196083156218,0.07462648460370262,1.0,1.0,0.2,0.8,0.9,35,408238.097468368,1411361.397620487
28,17,1.7580656642204617,2.0975307348889083,2.0589510387815912,1.9245842476630073,1.7217836372850646,0.10213513943660717,1.0,1.0,0.2,0.8,0.9,37,327069.2725321479,973679.8552456192
28,18,1.7634324254028175,2.0988636284959696,2.0578125102162694,1.9233604612899438,1.7370424346846396,0.1329681803719045,1.0,1.0,0.2,0.8,0.9,38,295651.536510526,659876.0539413675
28,19,1.7506761515545222,2.0849912422754966,2.0461491293615093,1.9186577475885849,1.7225681366165264,0.07224256786428176,1.0,1.0,0.2,0.8,0.9,39,317109.6435695158,1495798.4648382335
28,20,1.7610807878767885,2.0924915758756892,2.053502532977546,1.9258563692886077,1.736028347930111,0.12811664988935362,1.0,1.0,0.2,0.8,0.9,40,360571.27185104624,574242.5010849453
28,21,1.746817755152438,2.0652273680950004,2.023321728629875,1.8847371744347945,1.7352827625834366,0.07160200560202708,1.0,1.0,0.2,0.8,0.9,42,493449.7653038456,2356450.256631674
28,22,1.7425472000338935,2.0588048364175497,2.0145253558069496,1.8885017852628985,1.7120558498630316,0.05144593115161146,1.0,1.0,0.2,0.8,0.9,44,380731.4740614016,2271650.474528905
28,23,1.7411218435485252,2.0501389897801987,2.005503564374188,1.882600007842682,1.7357215547796054,0.052633933617166305,1.0,1.0,0.2,0.8,0.9,45,564372.7624572742,2638722.6465359647
28,24,1.7413352246273495,2.051232943454568,2.0089086107321914,1.893599801925642,1.7112527455817395,0.053993495417985704,1.0,1.0,0.2,0.8,0.9,47,485445.1952937376,2761382.530197278
28,25,1.7399845683211028,2.0476050097990792,2.0051693448935692,1.8998649941455454,1.713885489240127,0.04975595537619558,1.0,1.0,0.2,0.8,0.9,49,502125.0145089129,2607039.3381816447
28,26,1.745878339301652,2.0378240873806828,1.9946320384614555,1.8900654102000822,1.7726862094420364,0.09543912934133132,1.0,1.0,0.2,0.8,0.9,50,464311.2648480156,3339309.496982237
28,27,1.7458641165356834,2.0377423342945424,1.9945468887924211,1.8968265884643118,1.7192008361860736,0.0954337084603839,1.0,1.0,0.2,0.8,0.9,52,463853.7735072799,3339467.301910965
28,28,1.740717729594076,2.0280941528833183,1.9846843245036756,1.8971438387960522,1.7223898514187685,0.07401172482322922,1.0,1.0,0.2,0.8,0.9,54,416953.68923959567,3342521.34842796
28,29,1.7456113539956943,2.03157638840431,1.9926391419118854,1.928950265290684,1.7265619514771018,0.1019042780982777,1.0,1.0,0.2,0.8,0.9,56,450232.3720050972,3418790.710992676
28,30,1.7445927433569826,2.0297479901533846,1.9930420307942023,1.9367022395970026,1.7229738790044766,0.09858496318128132,1.0,1.0,0.2,0.8,0.9,58,388796.025137267,3333150.1628226493
28,31,1.7450704227709695,2.025600119433929,1.9818661840479161,1.9078745939496984,1.7244089474328947,0.10205186519279448,1.0,1.0,0.2,0.8,0.9,59,403154.07118654094,3370395.663268785
28,32,1.7441254421190213,2.0278225834355372,1.9933177510509315,1.941447084452669,1.724418832416808,0.09858516386265373,1.0,1.0,0.2,0.8,0.9,60,443220.8243069484,3306097.8550960887
28,33,1.7441172209549183,2.025471059654081,1.9863161062216959,1.9181958265972554,1.7198132338511851,0.09859431969232582,1.0,1.0,0.2,0.8,0.9,62,442803.7608593356,3306564.175865589
28,34,1.7404271095865647,2.0201471989803714,1.9854555652666903,1.951904043028204,1.7297742526151572,0.08358129063436051,1.0,1.0,0.2,0.8,0.9,63,500905.0509117773,2719707.522784849
28,35,1.7288696891804847,2.0088285909438195,1.9832297335803966,1.9994164222498845,1.7073260039283396,0.02947112226479464,1.0,1.0,0.2,0.8,0.9,73,332645.725347887,964152.5829095708
28,36,1.7288107667138652,2.0057439690333396,1.9777333394645829,2.0170339961795354,1.7123567159520565,0.03074145271105617,1.0,1.0,0.2,0.8,0.9,74,352754.42380274204,877929.5309071444
28,37,1.7285719056849724,2.005392511622408,1.9796473183334808,2.0078405839170936,1.708185873759139,0.030580795984837587,1.0,1.0,0.2,0.8,0.9,76,319058.13716189715,924840.1304970608
28,38,1.7285656371537734,2.005346454304862,1.9795994404622017,2.015757512755816,1.7061822332323717,0.03058218827343659,1.0,1.0,0.2,0.8,0.9,78,319047.5860453105,924949.489860403
28,39,1.7273462379761997,1.9995429311242314,1.97585365754942,2.0407515783062546,1.7246316033939086,0.02908551069764524,1.0,1.0,0.2,0.8,0.9,79,436614.7168246768,522031.3995032567
28,40,1.948008547350479,2.326780961578989,2.3038567512111463,2.3097455886236573,1.9168602816587952,1.0,1.0,1.0,0.2,0.8,0.9,81,587364.4227019768,4051438.021482919
28,41,1.9479825580831056,2.326679357830816,2.303751045096381,2.309637766316509,1.9002332662485695,1.0,1.0,1.0,0.2,0.8,0.9,83,587047.6189139839,4049707.4580617175
28,42,1.947689403556824,2.326628555956729,2.305976521470975,2.3203646288043998,1.9010478578264154,1.0,1.0,1.0,0.2,0.8,0.9,85,592076.704624938,4030770.748401923
28,43,1.9476867844123786,2.3266185072343823,2.305965998421305,2.3203539639801014,1.900024413781837,1.0,1.0,1.0,0.2,0.8,0.9,87,592048.50707846,4030582.080554331
28,44,1.9465254863376509,2.3221490588394564,2.3013178425322525,2.303619429961618,1.909909778538648,1.0,1.0,1.0,0.2,0.8,0.9,89,583851.2449951196,3932761.233705435
28,45,1.9469878672079304,2.322904387802526,2.2998249963332817,2.3282332743285834,1.9008369742123263,1.0,1.0,1.0,0.2,0.8,0.9,91,530195.4565762451,4015362.6187906167
28,46,1.9466108208184876,2.3248234146395927,2.3086554402175143,2.3559385978591916,1.9142646587043308,1.0,1.0,1.0,0.2,0.8,0.9,92,490589.7057598634,4030488.733960821
28,47,1.946571186217048,2.323502286782162,2.305003109650356,2.3394666694630644,1.900951785760157,1.0,1.0,1.0,0.2,0.8,0.9,93,487936.1077878495,4020304.7649158873
28,48,1.9480474525631322,2.330180500175155,2.314226711316898,2.369566805104608,1.9028721157626687,1.0,1.0,1.0,0.2,0.8,0.9,96,544636.1041346671,4375748.295189467
28,49,1.9461752854097552,2.32309950049476,2.3068623601155256,2.362074110049567,1.9000537861119176,1.0,1.0,1.0,0.2,0.8,0.9,97,489046.2358575274,4021244.869048167
28,50,1.9470214265779995,2.3274776729950357,2.3136940190850073,2.389394499715912,1.9093067411598517,1.0,1.0,1.0,0.2,0.8,0.9,98,530780.369671408,4307763.814967358
28,51,1.9435773400118554,2.309426259823673,2.2858079374590785,2.3613822685070263,1.9494998666804437,1.0,1.0,1.0,0.2,0.8,0.9,99,621784.0919428614,4010580.440335928
28,52,1.9447160670403791,2.313995916310891,2.290560372608704,2.3687228068022095,1.900393994373455,1.0,1.0,1.0,0.2,0.8,0.9,102,492182.9725508852,4188279.690914053
28,53,1.943151290405027,2.308839805222265,2.287476167819218,2.388150674090989,1.9013879941921417,1.0,1.0,1.0,0.2,0.8,0.9,103,629045.6183973247,3948560.065531543
28,54,1.9426682725887177,2.3057297256559233,2.281963754455278,2.367654006398191,1.9245935669795182,1.0,1.0,1.0,0.2,0.8,0.9,104,561301.9946418917,3985017.959527762
28,55,1.9426607886348712,2.3068417842623052,2.2853983114012966,2.380777460418749,1.9000239557051222,1.0,1.0,1.0,0.2,0.8,0.9,106,561883.1220857481,3984376.073721808
28,56,1.9121956341480355,2.2711545646201725,2.251700468856781,2.3762784185837083,1.871693105485567,0.8576471889497211,1.0,1.0,0.2,0.8,0.9,116,509596.57449310046,4322069.370025321
28,57,1.9175700715870216,2.2706308872116674,2.255400878862354,2.39019400360381,1.8868871347047476,0.896602599305413,1.0,1.0,0.2,0.8,0.9,117,745316.5542129348,3947814.923836746
28,58,1.9337277983866024,2.2674940579950844,2.246754938208593,2.37866538879758,1.9856862185768667,1.0,1.0,1.0,0.2,0.8,0.9,118,449127.5170846136,4190144.658947463
28,59,1.9337484640286462,2.2767536765065057,2.2746101046603497,2.4809682119644654,1.9046347913050825,1.0,1.0,1.0,0.2,0.8,0.9,124,550039.9194413575,4186298.114924525
28,60,1.9337166577561655,2.276595967391896,2.274446016428205,2.492497801280897,1.900977626112438,1.0,1.0,1.0,0.2,0.8,0.9,126,651852.426577459,4126225.003142204
28,61,1.9328027839011548,2.267356167193992,2.25572420311531,2.4807523649482497,1.9111335833473708,1.0,1.0,1.0,0.2,0.8,0.9,127,572402.3498018765,4135338.478762812
28,62,1.932104763544797,2.2603019641065223,2.2415534601541163,2.423129034392419,1.9018848143437097,1.0,1.0,1.0,0.2,0.8,0.9,128,503918.608825078,4183299.81304534
28,63,1.9320175215626807,2.2701243110693654,2.272271847352285,2.5095693910632604,1.9121910459939588,1.0,1.0,1.0,0.2,0.8,0.9,130,530845.8903186249,4168654.499806761
28,64,1.9320151530288103,2.2712550714645596,2.275726023543451,2.523309766327398,1.9000270387020275,1.0,1.0,1.0,0.2,0.8,0.9,132,530845.7327771174,4168203.928875478
28,65,1.933750595147246,2.27561705435661,2.271149983243381,2.4955968214483124,1.9046558458211948,1.0,1.0,1.0,0.2,0.8,0.9,134,599749.2117669603,4310205.896331073
28,66,1.933505031135967,2.2743779910650113,2.2698612366462054,2.5067367474564186,1.9016652878261011,1.0,1.0,1.0,0.2,0.8,0.9,136,589026.4223496689,4299206.410563868
28,67,1.933492000986209,2.275454879143179,2.2732593493580557,2.545734346840221,1.9000554351159886,1.0,1.0,1.0,0.2,0.8,0.9,141,589161.5123876375,4296807.267602597
28,68,1.9330007014687625,2.272951909885291,2.270656351145012,2.5361032735720794,1.902061383962152,1.0,1.0,1.0,0.2,0.8,0.9,143,564844.3044738967,4272843.88740104
28,69,1.9315325506617178,2.2709773359441403,2.2799935066243786,2.6030777747831997,1.900828674812542,1.0,1.0,1.0,0.2,0.8,0.9,149,546605.7652981329,4194620.208539343
28,70,1.9317155977177074,2.2730951041787333,2.2844740665980625,2.640038333085726,1.900387164484715,1.0,1.0,1.0,0.2,0.8,0.9,152,552495.7087997562,4199116.410271445
28,71,1.9314558752809745,2.272854493104762,2.286502102023761,2.63857565182189,1.9005506694999115,1.0,1.0,1.0,0.2,0.8,0.9,153,542429.6622287758,4199150.111312968
28,72,1.931537628219469,2.272149686884603,2.2834908451548697,2.637483413899436,1.9000480653298357,1.0,1.0,1.0,0.2,0.8,0.9,155,541070.6647680777,4126617.519446529
28,73,1.931541589041958,2.272170900854002,2.2835129019425966,2.624616649771725,1.9000296175087743,1.0,1.0,1.0,0.2,0.8,0.9,156,541200.4911372977,4127812.6039995295
28,74,1.9315348750112777,2.272134892932259,2.283475447020042,2.6374677090986007,1.9000217046486405,1.0,1.0,1.0,0.2,0.8,0.9,157,541093.5045416296,4125958.4090053984
28,75,1.9314057211341478,2.272585968913161,2.2862229142200823,2.687621879121063,1.900451238598817,1.0,1.0,1.0,0.2,0.8,0.9,162,557308.3363656976,4210227.513129863
28,76,1.9313206501839617,2.272129868571086,2.285748485201055,2.6871402103197077,1.9002968587346398,1.0,1.0,1.0,0.2,0.8,0.9,164,560922.3387736885,4198533.758289973
28,77,1.9314051130891712,2.2680110089335934,2.272352286257391,2.7011803067937086,1.9018217076301398,1.0,1.0,1.0,0.2,0.8,0.9,165,528529.6375013525,4162038.7625012575
28,78,1.9311233663883893,2.2676378105508794,2.2742423924444743,2.6844657640603877,1.9072337690453072,1.0,1.0,1.0,0.2,0.8,0.9,167,517944.4637818523,4395034.748135569
28,79,1.9311135660901568,2.268728376056686,2.2776544764369597,2.682332637844218,1.9002418230163856,1.0,1.0,1.0,0.2,0.8,0.9,169,517501.2259604604,4395099.922484499
28,80,1.9311114091163963,2.2687166525472815,2.277642169819549,2.6909130769176133,1.9000054648081566,1.0,1.0,1.0,0.2,0.8,0.9,171,517705.5926117002,4394763.210004267
28,81,1.9311056749312678,2.2675423476885848,2.2741431071735754,2.709933161220062,1.9000358426448702,1.0,1.0,1.0,0.2,0.8,0.9,172,517188.16497954,4393802.553832333
28,82,1.9309402568040395,2.266646894875012,2.273211787551637,2.6962024265118316,1.9017578030095708,1.0,1.0,1.0,0.2,0.8,0.9,173,515758.0424198971,4946091.066337174
28,83,1.9308420017343675,2.2706870395207877,2.2865261207360024,2.776043758686521,1.9008277392149635,1.0,1.0,1.0,0.2,0.8,0.9,177,525161.3000725912,4345570.41293626
28,84,1.930588320638321,2.2670147897653763,2.27815048662565,2.757122453091531,1.9081992908520133,1.0,1.0,1.0,0.2,0.8,0.9,179,568738.9469346825,5.412547507695828e+19
28,85,1.9303373441911194,2.265647605263856,2.2767287453272753,2.7905962596255343,1.9009847825802977,1.0,1.0,1.0,0.2,0.8,0.9,187,604850.5388505014,4258043.143098411
29,0,0.39115280778250083,0.8048021727570763,0.7696582309659582,0.48532955018862184,0.0,0.0,0.0,0.0,0.2,0.8,0.9,1,8453180.116940647,10461493.589169333
29,1,0.40998947348666326,0.8236521560106153,0.7885076180432935,0.5081616136852211,0.018880945955592327,0.09344756891462846,8.934017595304999e-05,0.00011315262662288,0.2,0.8,0.9,3,8452562.663727183,10460887.068386124
29,2,2.113268751892582,2.5296629697306,2.4967801784340287,2.2186824995941943,1.7274751390966006,0.12640444696928063,1.0,1.0,0.2,0.8,0.9,5,8414381.32172871,10444537.819345308
29,3,2.2433669485090237,2.6808867718339897,2.6470642326357345,2.383972949458221,1.9664877932202933,1.0,1.0,1.0,0.2,0.8,0.9,6,7494511.66869417,9067108.721358877
29,4,2.1219380536880776,2.5961966981573155,2.556709285414179,2.2931578952092213,2.136433176556053,1.0,1.0,1.0,0.2,0.8,0.9,7,5800702.087363093,5894260.611888195
29,5,1.985345315293865,2.4553560204031686,2.4125586866676976,2.170134148023108,1.9590579747882644,0.7096323062449582,1.0,1.0,0.2,0.8,0.9,9,3061998.2856060253,3555559.846727684
29,6,1.9159034579455696,2.3849733247755394,2.3420180972381814,2.0915713802859184,1.7867738618503883,0.3774478196477419,1.0,1.0,0.2,0.8,0.9,10,3025352.2630339894,3566492.855902078
29,7,1.8607325846908864,2.265006651939583,2.2187501052350616,1.9774151036587924,2.1929154485785722,0.4751800129138551,1.0,1.0,0.2,0.8,0.9,11,1945132.1696141835,1328943.485245159
29,8,1.887885552557433,2.2795480529720904,2.230265661189801,1.9900264206827796,1.8779598795013244,0.6413847968900565,1.0,1.0,0.2,0.8,0.9,12,1740697.2238048974,1117399.132904979
29,9,1.8377399062206288,2.223699154816848,2.1740790469685103,1.9299743620979384,1.8047547331118676,0.4043435443146207,1.0,1.0,0.2,0.8,0.9,13,2180774.885436162,1120865.700326871
29,10,1.7831301645295494,2.170037094718534,2.124986296842161,1.899626768998066,1.7324460361143785,0.1344003264416923,1.0,1.0,0.2,0.8,0.9,14,2907176.82819103,4667654.658420836
29,11,1.8576976709791397,2.223654941709306,2.1728998121804217,1.9377098187215793,1.8839682846746308,0.546045329711093,1.0,1.0,0.2,0.8,0.9,15,1430234.3099883548,804012.9436251186
29,12,1.7719492046361847,2.1141317412525193,2.0621035916502937,1.8290474510864208,1.8215985987432055,0.15758852849790742,1.0,1.0,0.2,0.8,0.9,16,2179527.8888425333,3422368.8265932947
29,13,1.7678754113245043,2.0947132670498787,2.0418966919785384,1.8167263426121614,1.7876177613044035,0.15906993673939612,1.0,1.0,0.2,0.8,0.9,17,1954864.674415029,3588675.6937291976
29,14,1.7660177962748689,2.084447961620903,2.0312084538910886,1.8058558498344008,1.762039035204169,0.16061643700938408,1.0,1.0,0.2,0.8,0.9,18,1882567.56789292,3198500.673326047
29,15,1.7647123458035898,2.077119419279697,2.023580444879461,1.8010033238558227,1.753500782924963,0.1614247552276126,1.0,1.0,0.2,0.8,0.9,19,1833931.831638832,3424919.23782587
29,16,1.773989332166476,2.072653343524081,2.0207083356591764,1.8029041091039517,1.7968076877118921,0.2246048166533559,1.0,1.0,0.2,0.8,0.9,20,1577362.35504856,3185844.295835402
29,17,1.8023132871702812,2.0964900402996585,2.042060459517454,1.8828346580475863,1.7751579541984739,0.3696190995861029,1.0,1.0,0.2,0.8,0.9,29,1372280.386366602,1237482.9419232327
29,18,1.7978237326891313,2.0913713134911207,2.0369112651651284,1.8776765905436958,1.7706412457204423,0.3478216495411048,1.0,1.0,0.2,0.8,0.9,31,1308810.433612347,835548.3890570666
29,19,1.7995665057682215,2.091719726571388,2.0394613318200845,1.8869336695088794,1.7761424322249968,0.35911837510721073,1.0,1.0,0.2,0.8,0.9,33,1243728.224800415,886395.115360572
29,20,1.800330872691415,2.087049183170805,2.032261448300787,1.8821823874221941,1.7879979564760433,0.3672028068351581,1.0,1.0,0.2,0.8,0.9,34,1053240.58219898,1048243.930740652
29,21,1.7401346889787705,2.0271878762120092,1.9860324035075014,1.8574645913646968,1.7254832374696099,0.07245169283840566,1.0,1.0,0.2,0.8,0.9,36,1174366.650130503,926424.9404736174
29,22,1.7430035248471976,2.0282313896136226,1.9937989182202633,1.8610110469649106,1.7271167646753374,0.09160348816739976,1.0,1.0,0.2,0.8,0.9,38,1253288.417654121,1001117.5470152368
29,23,1.7429957480634766,2.028189292271045,1.9937550837950524,1.872003987946869,1.7183762711928732,0.09159537155732887,1.0,1.0,0.2,0.8,0.9,40,1253247.4923748896,1001081.915402804
29,24,1.749324877045244,2.021782853275779,1.9867519730241368,1.8936779302651225,1.7690638907697767,0.13417214869439842,1.0,1.0,0.2,0.8,0.9,41,1463589.7180594616,2404064.790617201
29,25,1.7453207078252437,2.0168418503373178,1.9817674605776538,1.8922326280269266,1.7260669064517506,0.1149171702193645,1.0,1.0,0.2,0.8,0.9,42,1340254.591983028,1561279.7882631142
29,26,1.7560585525486165,2.0083464244698437,1.9746569653597774,1.8998288044139153,1.753432045938694,0.1841106549287104,1.0,1.0,0.2,0.8,0.9,46,1890053.9452865089,3997470.854941554
29,27,1.7696126283189155,2.0172180526116237,1.983315196365723,1.9192564507001615,1.766132510504201,0.2551523404360718,1.0,1.0,0.2,0.8,0.9,47,1958781.563237933,5975973.122272904
29,28,1.7538314352912745,1.9895776108777357,1.9551376834948084,1.8944713343365744,1.7748192503578926,0.18409234491398824,1.0,1.0,0.2,0.8,0.9,48,1431036.307300378,3189785.3704005983
29,29,1.7580172894001704,1.9921328563928187,1.9576195118740567,1.8969220874548318,1.7438092421728393,0.2060533838455762,1.0,1.0,0.2,0.8,0.9,50,1456507.1512941143,3271745.0275168144
29,30,1.753230432561717,1.9869279525713468,1.9523957527755207,1.8989306385429408,1.737142700743004,0.18238194055443294,1.0,1.0,0.2,0.8,0.9,52,1420842.8501280523,3014013.942984021
29,31,1.7471640167799412,1.9805011558375885,1.9459527198702502,1.871215658037595,1.7308393831719577,0.15227584488146353,1.0,1.0,0.2,0.8,0.9,55,994372.5855568215,1878301.5468170207
29,32,1.7533646815227741,1.981294851891953,1.948776003777398,1.881575802698396,1.75827100087746,0.18729627286085293,1.0,1.0,0.2,0.8,0.9,56,1207209.612353052,2071645.825585148
29,33,1.750038576631856,1.97298697729723,1.9379727476123874,1.885772550099241,1.7376256096608995,0.17294148514715627,1.0,1.0,0.2,0.8,0.9,60,1373359.3690802765,3604765.1738942494
29,34,1.7472939822188411,1.968554583577407,1.9357377107313267,1.9106541560218857,1.741113245028898,0.16086173463602282,1.0,1.0,0.2,0.8,0.9,61,1258319.3315781048,2944617.9926648736
29,35,1.7494574231423887,1.9685069897860648,1.9355915741902323,1.8912639160335611,1.7415603171354441,0.1729418244894588,1.0,1.0,0.2,0.8,0.9,62,1356216.6568386196,3455711.268738905
29,36,1.868429042125089,2.096756240979405,2.091529857575417,2.3482445991813354,1.8543486987744031,0.7702863290475939,1.0,1.0,0.2,0.8,0.9,110,1014294.7481974936,953964.649227898
29,37,1.8697786028251362,2.096496012994949,2.091198085281648,2.3478807461294746,1.858107336975027,0.7779159911110525,1.0,1.0,0.2,0.8,0.9,112,1095812.7098197087,1243031.947879569
29,38,1.8140704930203848,2.0378748204482866,2.030174588018146,2.291932062649961,1.8056141539299249,0.5003353044035834,1.0,1.0,0.2,0.8,0.9,113,1081109.6198927318,1029236.6940384044
29,39,1.813866388789426,2.0374849074477654,2.0320493903280066,2.302904284266642,1.802230384108832,0.5000744830175953,1.0,1.0,0.2,0.8,0.9,115,1104864.3010508374,946678.3039747776
29,40,1.8133423391965615,2.0256338495855797,2.019698759383475,2.3045078669395713,1.8076930182060327,0.5032761900598175,1.0,1.0,0.2,0.8,0.9,120,1018919.1898614364,979321.7904979708
29,41,1.8130433363633518,2.0234567565254724,2.0197126621747086,2.3178854270892018,1.8029790556589171,0.50326009276443,1.0,1.0,0.2,0.8,0.9,124,1011971.997728105,1014632.4211920864
29,42,1.8130499196371241,2.022832467611939,2.021334272499084,2.3260503514060926,1.8063874215802973,0.504163719759019,1.0,1.0,0.2,0.8,0.9,125,1004013.600637526,935671.8552732806
29,43,1.8158741085026517,2.023037096029827,2.02369815680931,2.333388848814985,1.8098270488034613,0.5200785101040976,1.0,1.0,0.2,0.8,0.9,127,995093.8698996748,967512.6516017911
29,44,1.9101055022802176,2.1010392053693674,2.107815605730223,2.4647613618357163,1.9303017252065016,1.0,1.0,1.0,0.2,0.8,0.9,129,621126.0870705184,901427.6285992844
29,45,1.9094665890985314,2.0914636103663735,2.095578725818017,2.4799383171310057,1.9059640504575217,1.0,1.0,1.0,0.2,0.8,0.9,133,1056095.4193250032,1071362.3260488117
29,46,1.9068387942427512,2.0523587282225346,2.054909992551227,2.4560608655371508,1.9276654661623787,1.0,1.0,1.0,0.2,0.8,0.9,137,761563.2243627639,681378.079166371
29,47,1.906744691783182,2.0519453349504335,2.0567583038009194,2.4822592529282,1.9022028136337572,1.0,1.0,1.0,0.2,0.8,0.9,139,741316.2889553056,743696.9046888053
29,48,1.9060084184608446,2.039314649222829,2.0436224462951404,2.4689107228565286,1.9357443230643012,1.0,1.0,1.0,0.2,0.8,0.9,140,756213.4802091426,774375.3943795414
29,49,1.9059513190000916,2.0383000073969764,2.0425673470719974,2.467837795157505,1.902871039749336,1.0,1.0,1.0,0.2,0.8,0.9,141,730354.099275747,758193.7562553292
29,50,1.9057900278932713,2.0365481801345133,2.0430235837000694,2.4927825640688672,1.9040959414636562,1.0,1.0,1.0,0.2,0.8,0.9,143,722199.8738912663,826836.5397979609
29,51,1.9057545908548357,2.0370514536453834,2.0458249146458796,2.5306388978959364,1.9006040401854043,1.0,1.0,1.0,0.2,0.8,0.9,146,753202.9072406352,886843.4188525062
29,52,1.9057026918183255,2.036107711138311,2.0448434767704278,2.5386166200875167,1.9013361790699976,1.0,1.0,1.0,0.2,0.8,0.9,148,776694.438915557,901590.1670601245
29,53,1.8433975082482252,1.9633296791638482,1.9693474140451612,2.469370691839621,1.8521728444174534,0.6911112427618475,1.0,1.0,0.2,0.8,0.9,150,686536.04395463,969679.5677992431
29,54,1.8358914623072402,1.9548118598352016,1.9653383625746779,2.5199578711999777,1.832300399832978,0.6544788054208708,1.0,1.0,0.2,0.8,0.9,157,911389.3043887292,1081686.9195394292
29,55,1.842785776496405,1.9519517551402652,1.9575160708623907,2.493005976870422,1.860434001136238,0.6909243297976462,1.0,1.0,0.2,0.8,0.9,158,688268.8157607474,965857.3092714372
29,56,1.8427948792505529,1.9529202415945535,1.9608005053614752,2.5125488657657504,1.8384767747878745,0.691017345104331,1.0,1.0,0.2,0.8,0.9,160,689347.7709105154,964575.4032319704
29,57,1.8361973301604206,1.9360912144920048,1.9458177600223787,2.5091320843216263,1.865978525555486,0.6608771139263563,1.0,1.0,0.2,0.8,0.9,161,743154.0470153899,963171.252481625
29,58,1.83619477597705,1.9360572468521573,1.945782544812971,2.5181297128663425,1.8322210017940486,0.6608719631211352,1.0,1.0,0.2,0.8,0.9,163,743219.2826717282,963094.9698860558
29,59,1.8339633055886548,1.9387963034459257,1.960109497499411,2.533172304324884,1.8300868577599658,0.6498948414167628,1.0,1.0,0.2,0.8,0.9,169,678725.9736520773,687079.4094563596
29,60,1.8265959253614454,1.9284358479978296,1.9496235712640275,2.540700145297057,1.8242339957834943,0.6137741536608543,1.0,1.0,0.2,0.8,0.9,175,676698.1151040259,695496.5936144466
29,61,1.8265996991172717,1.9283935221648791,1.9495792385142892,2.578869166083231,1.8228366869116743,0.6138039729636017,1.0,1.0,0.2,0.8,0.9,177,676860.6395096038,695956.3019580576
29,62,1.8352556758779142,1.9367662061855215,1.9579400817561967,2.567077798320503,1.8321740012535503,0.65715097526885,1.0,1.0,0.2,0.8,0.9,178,702828.8879528189,728294.238440076
29,63,1.8263639434698127,1.9257479812773397,1.9468328207913497,2.5694829371216237,1.8280181688276413,0.6131929976946926,1.0,1.0,0.2,0.8,0.9,179,668000.5684703483,687515.4416446517
29,64,1.825423657603393,1.923172348932415,1.9464648526476442,2.5494695619616157,1.8268511381336225,0.6091367767970526,1.0,1.0,0.2,0.8,0.9,181,674742.3138945074,684912.1989391568
30,0,0.3556145563121219,0.7864794440823493,0.750602831033294,0.4659632709940844,0.0,0.0,0.0,0.0,0.2,0.8,0.9,1,12192485.73603883,10470745.206401909
30,1,0.3760051059550495,0.8068769923295571,0.7709998716373149,0.4903432079956887,0.020416629044365062,0.10118593590894512,9.184750733135e-05,0.00010522081387789001,0.2,0.8,0.9,3,12190689.597978247,10466465.676472465
30,2,0.9531370705962987,1.3856881303720654,1.3521095979499804,1.087507333348202,0.6004968103461938,0.13649915653392955,0.30775070435025376,0.3613395291713441,0.2,0.8,0.9,4,12141863.481692472,10431986.457789157
30,3,2.041524760765838,2.498097280503964,2.4631226870193834,2.193225278994007,1.7954158607608672,0.2301149347503983,1.0,1.0,0.2,0.8,0.9,6,11134990.678867836,8788385.439374255
30,4,2.1301570835820134,2.6031774897454185,2.5639693573549787,2.3005525088503553,2.0352688271868886,1.0,1.0,1.0,0.2,0.8,0.9,7,8537506.817380633,6903961.480380057
30,5,2.1055809278759194,2.582775512938428,2.54502929480288,2.2843647667656204,1.9304470495156774,1.0,1.0,1.0,0.2,0.8,0.9,9,9238934.4641825,574559.4890976262
30,6,1.7813907856390365,2.1430115858482517,2.0965276045251757,1.8333460892598596,2.5213106631575677,0.17846383202824284,1.0,1.0,0.2,0.8,0.9,10,1413052.5738948677,955326.7174154042
30,7,1.7895682085000615,2.1289125635913666,2.081265481519946,1.8277937094641037,1.8302240257213853,0.2533848983494032,1.0,1.0,0.2,0.8,0.9,11,1000276.5129963284,557332.3140318325
30,8,1.7887897580613745,2.128099380362006,2.0827155354018436,1.8476796866632283,1.75238699686519,0.2511947437073405,1.0,1.0,0.2,0.8,0.9,13,998408.6714006516,605615.579997247
30,9,1.789983914607658,2.1268576538479578,2.0790835190713595,1.8425034664269355,1.756443821567226,0.2589915179079836,1.0,1.0,0.2,0.8,0.9,14,907719.7176701936,579769.1595992702
30,10,1.7941022404255005,2.131136277027147,2.0856355475720836,1.8588440959991548,1.7597888009409046,0.28098337017709574,1.0,1.0,0.2,0.8,0.9,15,991047.3663705525,1221615.6291210258
30,11,1.775537948588318,2.1045259153558273,2.0586144515613842,1.8361256516217193,1.769248218692812,0.1992889069480533,1.0,1.0,0.2,0.8,0.9,16,1055603.8482832168,1471931.3127880665
30,12,1.7722742370104405,2.098000798555648,2.054191709430945,1.837703969844982,1.7454875011175333,0.1886155943073219,1.0,1.0,0.2,0.8,0.9,18,913129.5874384023,1301414.100030103
30,13,1.7704661215312212,2.094528981998976,2.0506370154294125,1.8352764035681788,1.7420938173666023,0.18163181734705536,1.0,1.0,0.2,0.8,0.9,19,822807.1303860463,1188874.4273465914
30,14,1.7693099974026465,2.0940780544261117,2.0524882447137163,1.8493197680441333,1.7360005878368678,0.17636674974633065,1.0,1.0,0.2,0.8,0.9,21,756872.4819743808,1103949.862105679
30,15,1.768699367769714,2.092861716338934,2.0512416899599795,1.8290375327916055,1.7369738886002337,0.17407566068460495,1.0,1.0,0.2,0.8,0.9,22,764560.4018762336,1167689.7926672332
30,16,1.783029873333161,2.106829471246056,2.0651917798248913,1.8573026868826514,1.7503445049451984,0.24612096716887222,1.0,1.0,0.2,0.8,0.9,23,1066073.439099681,2055441.1879698671
30,17,1.7844956629714506,2.1077206035027105,2.066054189626671,1.8777874897140916,1.7518447365937542,0.25416067275584575,1.0,1.0,0.2,0.8,0.9,25,1086654.0879060118,2104480.9166430407
30,18,1.7845494081255286,2.09600281756231,2.0514866267494107,1.8442415351391155,1.7905956735537423,0.2670307198426914,1.0,1.0,0.2,0.8,0.9,26,896088.6584744595,1537993.3124921324
30,19,1.78454579840732,2.097126599678097,2.054933609217356,1.8533503910649751,1.7534336033880629,0.26703071984269133,1.0,1.0,0.2,0.8,0.9,28,895921.9409748933,1537864.0046125778
30,20,1.7290815771882897,2.026946219200836,1.988574439958263,1.8069585216146034,1.7606764410056253,0.00805229643571579,1.0,1.0,0.2,0.8,0.9,29,1420860.7288441963,540512.5800477053
30,21,1.7290122961777854,2.027869415799793,1.9918139581549381,1.8127045649035534,1.701847795086001,0.007867223198132529,1.0,1.0,0.2,0.8,0.9,31,1378556.3137808607,512507.476561924
30,22,1.7259420840197195,2.009129398373985,1.9723293540544504,1.8073804066649521,1.7540077513328347,0.0072518007418309605,1.0,1.0,0.2,0.8,0.9,32,1205506.772615241,625146.7326518997
30,23,1.7263397934864695,2.0037996619060086,1.9667305800820611,1.8016676817426909,1.721893066173895,0.01424261211382108,1.0,1.0,0.2,0.8,0.9,33,1242519.5315185704,672367.2261711865
30,24,1.7263223095602174,2.0048182115683297,1.9700682298475014,1.8224661047021347,1.7030179124744746,0.01424261211382108,1.0,1.0,0.2,0.8,0.9,35,1241675.0684301192,671272.8371189622
30,25,1.726297540197601,2.0057848428318588,1.9733517780581398,1.8324476330683748,1.7030886650045503,0.01424261211382108,1.0,1.0,0.2,0.8,0.9,37,1240473.736268174,669714.1590327163
30,26,1.72475233320529,2.0024771098484426,1.969961150326561,1.8188574826729398,1.7075851191990101,0.00804854859044178,1.0,1.0,0.2,0.8,0.9,38,1221153.3302214874,1589296.633326507
30,27,1.7245478886847665,2.002344347368302,1.9721027274636636,1.8276679081145404,1.7031640765575937,0.0078383243512282,1.0,1.0,0.2,0.8,0.9,40,1122911.6498314186,1345907.3461595646
30,28,1.724531742192816,1.999079340584276,1.9641449548434533,1.8244892941106317,1.7049553743461345,0.00857657923835556,1.0,1.0,0.2,0.8,0.9,41,1120683.253583706,1383036.7839308863
30,29,1.7232138367222387,1.9913355652797935,1.9583733882869203,1.8770068309219896,1.7265698547049633,0.0081321696102869,1.0,1.0,0.2,0.8,0.9,42,1136941.3729991026,1364975.068123583
30,30,1.7231484195986262,1.9906289470521603,1.9576369944041883,1.850113133974837,1.703841137564903,0.00832827098749735,1.0,1.0,0.2,0.8,0.9,43,1149970.704595985,1267758.4478247708
30,31,1.7217020894989994,1.9832270381703472,1.947687321841034,1.869673570975374,1.7175485258510061,0.00500706824615866,1.0,1.0,0.2,0.8,0.9,44,1236960.4521940693,667639.5860152725
30,32,1.7216933943466433,1.9842824285435805,1.9510630497631127,1.8770818480314806,1.7012380773231637,0.00501821047141232,1.0,1.0,0.2,0.8,0.9,45,1236566.3232281564,666726.8112655926
30,33,1.7214979769621805,1.9806465623459015,1.9449987835055529,1.8632422495783882,1.7079193451295698,0.0056132424009991706,1.0,1.0,0.2,0.8,0.9,46,1316527.4650975417,1169298.2576570185
30,34,1.720937790934836,1.976024599672673,1.9379185595286912,1.866547146764702,1.7106831802351479,0.00501814971526733,1.0,1.0,0.2,0.8,0.9,47,1202745.523136485,633808.459165193
30,35,1.718458657084335,1.960305589946517,1.93295520694124,1.859101718607145,1.7629798183197014,0.00583452508613933,1.0,1.0,0.2,0.8,0.9,48,1368649.485007852,2625820.118506226
30,36,1.7174458694221477,1.9501245884529053,1.9200899620679475,1.8497781129616593,1.7261058559297702,0.00570068727540506,1.0,1.0,0.2,0.8,0.9,49,1309388.3767845104,2316878.226423265
30,37,1.7169641016968362,1.94639256578595,1.9139388073983539,1.8622202562284205,1.708077461334086,0.00466212510048829,1.0,1.0,0.2,0.8,0.9,50,1303655.98501869,2319563.171535671
30,38,1.7164818426895203,1.9394564012268596,1.9044412764509007,1.8598791069723304,1.7095191032744912,0.00541700513640371,1.0,1.0,0.2,0.8,0.9,52,1234696.6442326468,2241269.134002432
30,39,1.7164614571683536,1.9389046266216954,1.9061394629549047,1.8350338777080948,1.7023511811575078,0.00614168919081376,1.0,1.0,0.2,0.8,0.9,56,1231031.47988083,2230961.5096472283
30,40,1.7162460595396225,1.9400729333171092,1.9119148778826176,1.9106766574194385,1.7027342494452398,0.00565113193350252,1.0,1.0,0.2,0.8,0.9,58,1219633.718368841,2184457.635066167
30,41,1.7160720464452925,1.9383628370828965,1.9101367093868062,1.897490620794772,1.7056810800351032,0.00560856901608451,1.0,1.0,0.2,0.8,0.9,59,1211694.1647669233,2147518.746780724
30,42,1.7143442567834473,1.9203172619819968,1.8936397918339598,1.9089163333498411,1.7199033548020977,0.00655749659430927,1.0,1.0,0.2,0.8,0.9,62,1281714.5157484673,1292266.508994346
30,43,1.7130045364990347,1.8959802186015513,1.870571906433882,1.9182951183489911,1.7113362711752558,0.01103398875644955,1.0,1.0,0.2,0.8,0.9,70,1134287.8043959187,632293.54590405
30,44,1.7132313524055793,1.8932436834507764,1.86770651615431,1.942844876005212,1.7045179414423837,0.01346276449864706,1.0,1.0,0.2,0.8,0.9,75,1252394.3708129593,869103.5456259089
30,45,1.7124467935914736,1.8865702080765985,1.8607775528831403,1.9119046837959441,1.7204739370718367,0.01204195075536754,1.0,1.0,0.2,0.8,0.9,76,1185147.766964734,744558.2781740179
30,46,1.7118025637486154,1.878152174433609,1.8520231928402084,1.9069906944947745,1.7261903374903196,0.011993124658940781,1.0,1.0,0.2,0.8,0.9,77,1117627.2455227156,629169.2998488193
30,47,1.7116377220462222,1.8746909947558268,1.8529691701475448,1.9384228313439689,1.7111924661496882,0.01335831065278043,1.0,1.0,0.2,0.8,0.9,79,1144857.899402002,655274.134091389
30,48,1.7113611894355887,1.8702602759823188,1.848359671359455,1.9419555558786872,1.7090359216875075,0.013557541383397079,1.0,1.0,0.2,0.8,0.9,81,1122168.2215362154,633726.5584100116
30,49,1.7119424503563552,1.8693346003797586,1.8450944707002073,1.9295502941658857,1.7044313939815279,0.01660108375121842,1.0,1.0,0.2,0.8,0.9,82,1138338.0288115724,634007.9244048273
30,50,1.711541346533178,1.8663444862487424,1.8397181539335976,1.8984576850911776,1.7074193310531918,0.01513534022322204,1.0,1.0,0.2,0.8,0.9,83,1128643.522426923,641061.6152872887
30,51,1.7113965886761382,1.8671794017988375,1.8474194170062361,1.9539109800986756,1.7105101134465974,0.015316946496716291,1.0,1.0,0.2,0.8,0.9,84,1153098.0475963622,649864.6752727226
30,52,1.7115610591973605,1.8670845680548456,1.8473135823574736,1.940352161049821,1.7036403846850432,0.01623424669061585,1.0,1.0,0.2,0.8,0.9,86,1144188.4345778984,765539.6582785286
30,53,1.712298767923206,1.8703253997379665,1.8597608473626124,2.071715014385069,1.7047675846377608,0.02068000430455515,1.0,1.0,0.2,0.8,0.9,96,1155741.8792067573,424137.7087797646
30,54,1.71307028480954,1.8665890868567678,1.8558315353359414,2.0080429145724943,1.7097821218814928,0.026146077960330548,1.0,1.0,0.2,0.8,0.9,99,1170113.635678895,452626.7609499783
30,55,1.712862773909417,1.8556105418103321,1.8421175854051253,2.0828498078764,1.7202386419394968,0.02840685673159197,1.0,1.0,0.2,0.8,0.9,101,1132458.0054378512,456645.5063633648
30,56,1.708861605611967,1.8526804682006555,1.8415082148909343,2.131058947195271,1.7017982022009726,0.00844880936585118,1.0,1.0,0.2,0.8,0.9,105,1008974.189800267,424645.4699579096
30,57,1.7088590243213888,1.8537810824288088,1.8449310597421222,2.1579084894990777,1.7017483403561213,0.00844880936585118,1.0,1.0,0.2,0.8,0.9,107,1008832.6511850384,424447.0009392826
30,58,1.706795409974797,1.8095238611266955,1.79433532259823,2.0769645777534325,1.7617169675001263,0.00996799909022348,1.0,1.0,0.2,0.8,0.9,109,942850.4268635872,354430.47521433124
30,59,1.7071980541835636,1.813116536584337,1.8048894757327107,2.105000399457522,1.7026414338352973,0.012043229823398529,1.0,1.0,0.2,0.8,0.9,112,946626.5645397186,389085.8609114282
30,60,1.7059697936278742,1.8051546526446196,1.8057475866394181,2.1379725030971133,1.7186132872238946,0.0087999942201954,1.0,1.0,0.2,0.8,0.9,114,1049044.495944236,439751.5959367932
30,61,1.7055555833125131,1.7904646485603406,1.7813554870923962,2.076763633203513,1.7305389825675928,0.00906293483627502,1.0,1.0,0.2,0.8,0.9,115,982820.943694383,1063968.9185485602
30,62,1.7055851444422996,1.7826750402100995,1.775515021065765,2.1149273746048505,1.707550523928514,0.011258828471785911,1.0,1.0,0.2,0.8,0.9,120,1038460.9979087962,675822.0380455243
30,63,1.7063751459239933,1.7617459188077333,1.753680742746574,2.115688029903488,1.7359856474510327,0.01977020902047432,1.0,1.0,0.2,0.8,0.9,122,1090885.4977043956,804253.151284935
30,64,1.706227079417478,1.760346457052354,1.7522294934027207,2.1142179498487654,1.7056954756786677,0.01927665665138198,1.0,1.0,0.2,0.8,0.9,124,1028004.0525293518,705002.3737699689
30,65,1.7051272463515188,1.7358313334540787,1.7244667938293086,2.0665440100304613,1.7199146697172791,0.01789002581857542,1.0,1.0,0.2,0.8,0.9,128,1030235.738622242,1114973.3794349264
30,66,1.7051876518177345,1.7349825542340138,1.723580280863084,2.0526499746223603,1.7063311931035363,0.0183494900389174,1.0,1.0,0.2,0.8,0.9,129,1032294.173040834,1119111.4776430812
30,67,1.7068675345257454,1.7297938334295333,1.720384294534524,2.1064723574651194,1.708562518376548,0.028102576497723207,1.0,1.0,0.2,0.8,0.9,137,995673.5899623472,1014252.0559807935
30,68,1.7100401965994778,1.735672003855436,1.7332039957821967,2.1738465763230486,1.7089799681453566,0.04408815388539783,1.0,1.0,0.2,0.8,0.9,150,1032081.0984018712,1217370.8425940217
30,69,1.70657877163577,1.7323884992047562,1.7344813257093303,2.189550812464382,1.7084998374769311,0.027124929182331742,1.0,1.0,0.2,0.8,0.9,152,987806.6896392872,1059223.852600786
30,70,1.7035313362177944,1.715022686930821,1.723355372205045,2.2484420487267185,1.7093975904273853,0.01463966530856845,1.0,1.0,0.2,0.8,0.9,160,970806.8204884874,1039256.106889694
30,71,1.70425448696794,1.709309642415994,1.7128234877110735,2.216786962072573,1.7158627281691512,0.01886119070270766,1.0,1.0,0.2,0.8,0.9,161,990733.5826663336,1106640.2381688638
30,72,1.7032101762524055,1.7050149653716349,1.7129491951523097,2.2316263221047006,1.7109473983916619,0.01442736813818607,1.0,1.0,0.2,0.8,0.9,163,947512.9760921478,1019648.198698574
30,73,1.70292755303456,1.709624901404982,1.7336980810937956,2.460204805789231,1.703119801373345,0.01344664533719849,1.0,1.0,0.2,0.8,0.9,184,912116.7231676287,938803.1721266792
30,74,1.7029400170802065,1.7035073046776155,1.725051963874012,2.4457377781900536,1.7064591650409766,0.01418694927246926,1.0,1.0,0.2,0.8,0.9,188,962067.9042194335,971865.7889958598
30,75,1.703028732264976,1.7044400407334352,1.7282959856920599,2.4777104822169695,1.7032236418215605,0.014670640186466249,1.0,1.0,0.2,0.8,0.9,191,962521.6251155416,968415.8028886664
30,76,1.7030519659315986,1.7029668188742844,1.7244846124297668,2.472759777265575,1.703993918971974,0.01483409437142195,1.0,1.0,0.2,0.8,0.9,192,963432.6626719268,970281.2915141336
30,77,1.7030001128821022,1.7065306769954158,1.73730472927504,2.493936117817268,1.7034969393832842,0.01470245902918435,1.0,1.0,0.2,0.8,0.9,197,963687.8474288572,958019.7894487568
30,78,1.7028387410476455,1.704748867283726,1.7354562015344417,2.496604075618374,1.7075309470202948,0.01411012386861297,1.0,1.0,0.2,0.8,0.9,198,959513.9376861332,965011.0055763848
30,79,1.7029834651736375,1.7042585363869787,1.7349398861928882,2.5188025966302448,1.7039088319084637,0.01491732586818651,1.0,1.0,0.2,0.8,0.9,200,956956.4385423976,968043.2239510396
