Run,Equation_Index,Hybrid_MSE_Train,Hybrid_AIC_Train,Hybrid_BIC_Train,Hybrid_MDL_Train,Hybrid_PSM_Train,Extrapolation_Divergence,Sensitivity_Interpolation,Sensitivity_Extrapolation,Lambda1,Lambda2,Lambda3,Complexity,MSE_Test_Interpolation,MSE_Test_Extrapolation
1,0,0.958861607812368,0.9898691722920645,0.9889662225597706,0.3747819200515281,0.0,0.0,0.0,0.0,0.1,0.1,0.7,1,1.0094663212642194,1.0620153632287783
1,1,0.8918366936170606,1.0003959244992366,0.9966421825248867,0.39887857929521425,0.14104097294550094,0.38038088941578063,1.002929206981e-05,0.006389566498480935,0.1,0.1,0.7,3,0.8385570780375898,0.9214147557526132
1,2,0.7035611818365818,0.9972894313659015,0.9834339409521293,0.4419465134449134,0.8510080680899396,0.4299659691289394,0.00023581550116468002,0.15674630555879157,0.1,0.1,0.7,4,0.5981960541189545,0.490580057113599
1,3,0.7000739633740367,1.0060632273674155,0.9946255075371935,0.4618548779652426,0.20065906175381537,0.42872939840577245,0.00029133538025057,0.18153638688266635,0.1,0.1,0.7,6,0.5383502396241586,0.4512201094317997
1,4,0.7009757345470872,1.0071204326002252,0.995669406425998,0.46296692486601887,0.17210220349699873,0.4289385667193756,0.00029522711224998,0.183229329125674,0.1,0.1,0.7,7,0.5348745692798487,0.4494004855096459
1,5,0.6265756577116337,0.9592168988703381,0.9487153484005819,0.4342844847930651,0.3111794977124936,0.43005307771330914,0.00026426061395109,0.15026153360338257,0.1,0.1,0.7,8,0.5852154529160795,0.4477145984981034
1,6,0.5511290709325555,0.8985058650694535,0.8863342306667866,0.37785590540499925,0.16391672821444214,0.4290486879149747,0.0001348743257262,0.09046207264972378,0.1,0.1,0.7,10,0.5335132852425363,0.518122411873298
1,7,0.5172379163927016,0.882242870333572,0.8711773064490652,0.3769237574028239,0.18934873803182847,0.43002503113144624,0.00017326093449256,0.10019462953061212,0.1,0.1,0.7,12,0.4562146328107506,0.4771385304404615
1,8,0.5151983391432935,0.8822090488942966,0.8743660963056319,0.38303277191990365,0.11536681979064028,0.43011568710657705,0.00016872068505462,0.09932061104940747,0.1,0.1,0.7,14,0.4575047007478605,0.4742426017943781
1,9,0.5140805455141062,0.8812463954696201,0.8733790813322362,0.38076868951362847,0.11354579259405082,0.43013034915686416,0.00016729389053096998,0.09833406114293596,0.1,0.1,0.7,15,0.4546801317241514,0.474497085943533
1,10,0.5076912480509439,0.8785920142738076,0.8736610532511652,0.3945168522566279,0.1370944153729193,0.42997998089231393,0.00016581354856157,0.09833908530822211,0.1,0.1,0.7,16,0.4366185162153317,0.4755919407922204
1,11,0.4559649440299932,0.8434778203659486,0.8351975108612426,0.3741078539466336,0.23008285936742162,0.4300880134923393,0.00018251100486823998,0.10184154534577142,0.1,0.1,0.7,18,0.3873110423689189,0.4050144277332576
1,12,0.3903228677018706,0.7881122446336196,0.7801786347129986,0.3497394134278525,0.14177508431278285,0.43004894763911,0.00011568043283612999,0.06804508605678447,0.1,0.1,0.7,22,0.3627609087669706,0.3669661483213226
1,13,0.3938812217655118,0.7917285527894055,0.7837672548708168,0.3560966731436006,0.09648487945932689,0.4300839095800341,0.00012757821782175,0.07364783880508588,0.1,0.1,0.7,23,0.3526511352130063,0.3868595843784385
1,14,0.4138215621174066,0.8144866956995641,0.8091394825407662,0.37580646982364363,0.17138066879158065,0.46023594265896456,0.00018728482234606,0.11078358903533453,0.1,0.1,0.7,24,0.3604090907287733,0.3681809542237821
1,15,0.40309585768057654,0.8052267582347379,0.7988700739820586,0.38220634121292996,0.1954338662154893,0.46005112218928684,0.00019706316945941003,0.11375983131418352,0.1,0.1,0.7,25,0.3245352016161735,0.371735224819154
1,16,0.4276322676121174,0.8328969851518072,0.8330396685497978,0.43921012195998105,0.15244223366641577,0.4748791964537273,0.00018957977867143,0.14867739131084232,0.1,0.1,0.7,34,0.3470165577567347,0.4132453790799933
1,17,0.36756756145908703,0.7753406981193274,0.7754009401426374,0.4148360325423639,0.24760943076358438,0.4783354171023516,0.00018744776777086,0.11812060445517432,0.1,0.1,0.7,36,0.2699150996740633,0.305889753472491
1,18,0.36384266941035615,0.7716065674427061,0.7716486825785288,0.4198322849895582,0.1282600425903615,0.47760100100826763,0.00018456671269009,0.11318237091849503,0.1,0.1,0.7,37,0.2754080720547137,0.3067359608711638
1,19,0.34316507974938487,0.7522937339327044,0.7553993832446984,0.4073875476709214,0.11448423337781385,0.4756705555878592,0.00015417907280853,0.08760969723910414,0.1,0.1,0.7,40,0.2750229547038954,0.315223982093969
1,20,0.343243325277392,0.7523628314553122,0.7554534820288938,0.4104900389888541,0.11018101817828882,0.4765271099539756,0.00015356040189011,0.08782600862736048,0.1,0.1,0.7,41,0.2740102147817546,0.3104593726708647
1,21,0.3207255307549688,0.7413474155661246,0.7722564545305679,0.4644766588217899,0.11237134665193661,0.4381840067974899,0.00014282344859076,0.08924572850058529,0.1,0.1,0.7,63,0.2095102667919781,0.2966191428955199
1,22,0.32637033263753945,0.7478975503682128,0.7817195816270894,0.5235652050838533,0.11802061287584285,0.46820071698969895,0.00015119353782712,0.0984635241635688,0.1,0.1,0.7,75,0.2545832353423875,0.2824003279748933
1,23,0.30483947266754796,0.7269020539892939,0.7634640039466782,0.5120102031077096,0.11915769922570008,0.46827572110711896,0.00013395284453929002,0.07538540665276432,0.1,0.1,0.7,77,0.2534294726041502,0.2686458874731035
1,24,0.3042455344959747,0.7261562339463258,0.7626352010374821,0.5024492076259809,0.1055247047650815,0.4682168942934844,0.00013469928498964,0.07565714394715117,0.1,0.1,0.7,78,0.2527768016550539,0.2712362998811817
1,25,0.309101642196736,0.7307406702456837,0.7670748104015392,0.5233575113448014,0.11601807551572307,0.468254822845299,0.00013390476898861,0.08452269978421331,0.1,0.1,0.7,79,0.2511646326539036,0.2762148440959164
1,26,0.30907131375809416,0.7322029538914323,0.7718393163483463,0.5325866534738418,0.10611702840418949,0.468254822845299,0.00013390476898861,0.08452269978421331,0.1,0.1,0.7,81,0.2504870671907048,0.2762119231959066
1,27,0.3078516110175184,0.7278687830233154,0.7634081417088798,0.5275727846823344,0.16685940323299608,0.46826500067448523,0.0001471228721749,0.09315579891286255,0.1,0.1,0.7,82,0.245265583928281,0.2551588742158161
1,28,0.29687567164044637,0.7188724263420395,0.7605829041924871,0.5493490779722782,0.1125686485365848,0.4681172519747061,0.00013690734761513,0.0830932478859834,0.1,0.1,0.7,86,0.2558751165153439,0.2495887091177665
1,29,0.2803562531726891,0.7036888261583267,0.7486364185678632,0.571169673069789,0.09002065650442526,0.468266747814423,0.00011402981138745,0.0603390623792679,0.1,0.1,0.7,91,0.2842801142339302,0.2594763019384058
1,30,0.2774762408390466,0.7002255329213867,0.7449340306095094,0.5618479178013135,0.10482038190120593,0.46811173892014174,0.00011392588578125,0.059245846027380575,0.1,0.1,0.7,92,0.2747799124161666,0.2542884047477472
1,31,0.2774554735238646,0.7016994905444319,0.7497116691586188,0.5720973412603624,0.08841175574898597,0.4680597957957957,0.00011381561400650999,0.05924574945130019,0.1,0.1,0.7,93,0.2848569537936281,0.254358427754856
1,32,0.2796296366281796,0.7011831882837914,0.7454259170433809,0.5818369277250927,0.12654816407821629,0.468090343925039,0.00011974500707327999,0.06808155118600237,0.1,0.1,0.7,94,0.2633017208299273,0.244748470793809
1,33,0.27355502401287024,0.6960461848063026,0.7433855374053673,0.5794847600110367,0.09740299715978465,0.4681860723066821,0.00010239375572847,0.06193786164621229,0.1,0.1,0.7,96,0.2642842283230391,0.2459248433942153
1,34,0.2723181079368773,0.6962826432335945,0.7469181113812153,0.5983293627065841,0.08935090097542739,0.47277609005256654,0.00010340520109127,0.059628379775505266,0.1,0.1,0.7,98,0.2639071237750325,0.2549169838169409
1,35,0.2686688611447451,0.6924736020114581,0.743050731583597,0.6080577345312295,0.08789159260825785,0.46802742869845426,8.76342198408e-05,0.055803281705115206,0.1,0.1,0.7,100,0.2636777344591127,0.2404688306740147
1,36,0.2670811228711476,0.6892264439749403,0.7364398756193077,0.6129250933780872,0.08880333375444528,0.46807942678303305,8.777910261027e-05,0.054231331639356284,0.1,0.1,0.7,101,0.2651638471848893,0.245655465490132
1,37,0.2706624704032913,0.6957133424276968,0.7495044435663646,0.6200476810396779,0.09093590803977968,0.47249026892419616,9.410985323457e-05,0.05911715745745961,0.1,0.1,0.7,102,0.2648960085745306,0.2462929036253393
1,38,0.26080819925992726,0.6827109276197066,0.7298371793204873,0.6407034230521612,0.07998667985687155,0.4680316927910289,7.753284450187e-05,0.0463284908860739,0.1,0.1,0.7,107,0.2710638756961893,0.2405199742931613
1,39,0.26414840550296037,0.6886106548868685,0.742192832019212,0.6452720780267746,0.08656157802435607,0.47271798841650803,8.363933316808e-05,0.05228901504863527,0.1,0.1,0.7,111,0.2691667515001317,0.2441710497695396
1,40,0.27603211382417064,0.7003634159210886,0.7538997826869911,0.6833926461618082,0.09773101252868216,0.46828721284511954,8.528010578859e-05,0.07044485893860318,0.1,0.1,0.7,113,0.2751071677834791,0.246050229738552
1,41,0.2791096399178198,0.703221330832257,0.7566815100829353,0.707478785085418,0.10249117612913092,0.4680159901686611,7.640002227443001e-05,0.07578865653068055,0.1,0.1,0.7,115,0.2621085789181699,0.2425559957775515
1,42,0.2702572651298237,0.6973473683437218,0.7574118676019658,0.7578838736089378,0.09110285013693721,0.46822510549340557,6.869633558125e-05,0.06319274420036883,0.1,0.1,0.7,127,0.2704482166643706,0.2471539825163573
1,43,0.271717717025182,0.7017497807719375,0.7684060026420982,0.763056177986406,0.09401185026311124,0.4682769181067868,7.609167260051001e-05,0.0654987452173906,0.1,0.1,0.7,128,0.2860800987652475,0.2474028510006152
1,44,0.2700434285309224,0.6999964429455927,0.7666237595486899,0.7866215135852466,0.0922780289258828,0.47256897844573054,7.184540680745999e-05,0.06284520980115382,0.1,0.1,0.7,130,0.2687736311240719,0.248462345300526
1,45,0.3180161415694479,0.7477383068524391,0.8142885291029223,0.811594573471029,0.14250467614211204,0.46828243502973244,5.7781296771799993e-05,0.13289783135397126,0.1,0.1,0.7,132,0.2648060207058532,0.2441574747547409
1,46,0.2618130675320556,0.6898889455169667,0.7530836733915428,0.7889877769777737,0.08580107282828052,0.4680920510629332,6.237743510599999e-05,0.05322502335927428,0.1,0.1,0.7,134,0.2727647519293701,0.24729113729496
1,47,0.2607087231999008,0.6887128506827329,0.751883380715459,0.7916379134947926,0.08484336679029802,0.4680919940291998,6.0744264763569995e-05,0.051933369656312504,0.1,0.1,0.7,135,0.2737880763586848,0.2460452576023782
1,48,0.2605284306589251,0.6914216576465333,0.7611665896394723,0.807890706295189,0.0845486104534025,0.4681067118837274,7.108454010991999e-05,0.05210239339608282,0.1,0.1,0.7,137,0.2578998056086288,0.2441336342621299
1,49,0.251565804958769,0.6869087791301784,0.7665544592202889,0.8392674903696293,0.07452870100939313,0.47259190989656635,7.479227810543e-05,0.03884197046803779,0.1,0.1,0.7,152,0.2672684556606918,0.2403783958416807
1,50,0.25292410424016926,0.68640318450744,0.762621904839866,0.8647096800511066,0.08520731763852193,0.46807077370174693,7.255806592975e-05,0.04285402639858621,0.1,0.1,0.7,153,0.2721287152848007,0.2459302562719834
1,51,0.25076556790704996,0.6886720994054084,0.7747844391819583,0.8787668916541739,0.07506529364863479,0.47275677368195446,7.044098660184e-05,0.03936778949176585,0.1,0.1,0.7,160,0.2673586547787349,0.2409430849592709
1,52,0.2537544989956641,0.694506143796289,0.7871792833011176,0.911666197849482,0.07881734919171149,0.472699280639931,7.487403933943e-05,0.044231336301904234,0.1,0.1,0.7,166,0.2665837134923887,0.24180291965095
1,53,0.2528166977292494,0.6948979499749729,0.7908212671643268,0.9219561052917552,0.07966314515394066,0.47258390722338545,7.420967287332999e-05,0.043552577456547885,0.1,0.1,0.7,168,0.2721467888901548,0.2525639501381289
1,54,0.2548922600644129,0.6927252111344557,0.7788133285828427,0.9603545734854925,0.0799154038091594,0.4681321906406974,7.339191444122e-05,0.046206422580540016,0.1,0.1,0.7,172,0.2709133144952429,0.2352277611161059
1,55,0.2845560874323112,0.7337845023504247,0.8461227712773144,1.0052442148097462,0.11119963702979921,0.46825664549286605,6.68433306654e-05,0.09081884100501253,0.1,0.1,0.7,178,0.2774041804871097,0.2262050170034867
1,56,0.2811021670758553,0.7302132702017212,0.842513882794397,1.0249235564396098,0.10777790536050781,0.4682217411023047,6.188247434516e-05,0.08632668342824673,0.1,0.1,0.7,183,0.2815032979816682,0.2268064837978895
1,57,0.2736220745059089,0.7209266534201084,0.8298237517639455,1.047802595683688,0.1016996918407565,0.46830212302681706,5.619519442467e-05,0.07676271071969788,0.1,0.1,0.7,189,0.2750137996829778,0.2244338466386834
1,58,0.2734586954273271,0.7236745363847003,0.8391551861080947,1.077623993101978,0.10094261020716705,0.4682960894532086,5.6415022006569995e-05,0.07684543406550547,0.1,0.1,0.7,195,0.2773404782997873,0.2244250259975523
2,0,0.9606724838843782,0.9903673797264383,0.9895088392528655,0.3737830917450948,0.0,0.0,0.0,0.0,0.1,0.1,0.7,1,1.00269719571668,1.060828202190338
2,1,0.8994480324687534,1.0079271883815586,1.0041766396886618,0.406396596473683,0.14996008988933646,0.45060417133731834,1.236962834404e-05,0.007064922906804609,0.1,0.1,0.7,3,0.8393516481953667,0.9237743021080884
2,2,0.6997126928924968,1.0130222704882892,0.9975005468246633,0.4645531680873177,1.0008335878320305,0.4297076705832156,0.00030045921407510003,0.20595606302959618,0.1,0.1,0.7,4,0.5960276811951204,0.4440621186652964
2,3,0.654234471897066,0.9965036401387076,0.9814649706151136,0.4624486361877411,0.2984500419297547,0.4298235591766749,0.000307578136213,0.22543685394575788,0.1,0.1,0.7,6,0.5786514041209068,0.4079446209939489
2,4,0.6611259131655935,1.0067176849547197,0.994766001004448,0.477913555724152,0.2195102227655623,0.43403076237295984,0.00031232828902273,0.2407874893500439,0.1,0.1,0.7,8,0.5772228538948154,0.410495417425433
2,5,0.6841888654629965,1.033870947001625,1.0249048835468684,0.511148254239579,0.2522284556774391,0.44506181541320144,0.00036825325307723,0.28097983029213575,0.1,0.1,0.7,10,0.5733835808277542,0.4090556523559743
2,6,0.6834600145041205,1.0334463820543336,1.0244424513662993,0.5065815689525281,0.24384244056612678,0.445061815413201,0.00036825325307722,0.28097983029213053,0.1,0.1,0.7,11,0.5719022146166318,0.4119031142299975
2,7,0.5661405596880369,0.9439225073723646,0.9269588608776301,0.4507876895510522,0.527189071483409,0.42950656578671526,0.00018238784943887,0.23207683432570494,0.1,0.1,0.7,12,0.4562611623260728,0.3268865796246652
2,8,0.6197696411206464,1.0046954274380375,0.9933902102807111,0.5259480332011397,0.29035730956335604,0.45335075601428293,0.00025648042538919003,0.32646255976365085,0.1,0.1,0.7,16,0.4397275135650549,0.3132615327050809
2,9,0.37118829102675577,0.7700378771376764,0.7501651613727376,0.337985939715876,0.4318017397771412,0.44599090170410716,0.00013812855962204998,0.12962623649576324,0.1,0.1,0.7,18,0.3024333717953745,0.2308181096153557
2,10,0.42291544107805146,0.8208560941493623,0.801936010120689,0.4036531339690794,0.2925923649997747,0.4651224406328545,0.00019761252269095,0.23505195868392595,0.1,0.1,0.7,20,0.2813189315319628,0.2262148678550867
2,11,0.4057704595396958,0.8034210725586437,0.7868639839600549,0.39536509764273786,0.2346827551142251,0.46494781643544286,0.00020042824066831,0.2231337719853611,0.1,0.1,0.7,22,0.2625186209160504,0.2129151429464312
2,12,0.4190978896873663,0.817384383349115,0.8036988394076332,0.4272819150958268,0.22753988190185037,0.5115291247331447,0.00020547806686073002,0.2412398154544291,0.1,0.1,0.7,26,0.2567031342174225,0.2015796768486384
2,13,0.4151286772343955,0.8118648264835316,0.7974758792153117,0.42197868264521976,0.27103134089305725,0.5086629469743471,0.00020505778243764001,0.2450377564112919,0.1,0.1,0.7,27,0.2381203219129453,0.2089190881555523
2,14,0.4097081692044646,0.8051193924858795,0.7901864131466743,0.420162831298601,0.25938104101956305,0.5043316483215637,0.00020554765609626,0.24474060149783763,0.1,0.1,0.7,28,0.2357346437106486,0.2041339767084419
2,15,0.4072535035435073,0.8020774625825262,0.7869164390431513,0.42074680123792363,0.23705262600489202,0.5015137332611421,0.00020579435650741,0.24445264875755188,0.1,0.1,0.7,29,0.2356876079787967,0.2019242563883608
2,16,0.3816648190359973,0.7656310688614835,0.7441741596420678,0.4164130947346732,0.3232457771421481,0.4665086883104275,0.00021890490956675,0.24745665479372717,0.1,0.1,0.7,31,0.2078534901350157,0.2118419569957363
2,17,0.2862437338926183,0.670370979887582,0.6547666254363187,0.33379707481589893,0.1353861679401586,0.488777373807135,0.00014530954896967,0.11607329797617696,0.1,0.1,0.7,41,0.2084676760144167,0.1846921522654653
2,18,0.2806720796901204,0.6646187557569301,0.6489675629859193,0.315726935244399,0.12653751834301782,0.4994048498163995,0.00014339901170359,0.10708850148799301,0.1,0.1,0.7,43,0.2099670860320898,0.1834323237191724
2,19,0.2994717870608649,0.6859598745059214,0.6768024430383976,0.3626670246809905,0.14862184856686156,0.4898873312323344,0.00015769270471179,0.13652889559051504,0.1,0.1,0.7,45,0.2014141715155003,0.1850119472014979
2,20,0.602611854246234,0.9808336484488316,0.9637795426272662,0.6502433906648041,0.5457796129340156,0.5793056739976108,0.00024562810776743,0.5698810074384532,0.1,0.1,0.7,46,0.1839341318623349,0.1998657031889982
2,21,0.405958996126376,0.7813539070245478,0.7666289571286573,0.46104879429513507,0.33430420223996066,0.4981481781881114,0.00018336649529946,0.31001995946699124,0.1,0.1,0.7,47,0.1669939648834893,0.1842516805624648
2,22,0.43148907365959044,0.8058046445370394,0.7908437932834165,0.4893622004759116,0.30212476382534975,0.4890737445682239,0.0002021517392549,0.35002423809511835,0.1,0.1,0.7,49,0.1680204527863181,0.1773251408731578
2,23,0.4314454829332245,0.8057524008299267,0.7907896808761375,0.48931768703269807,0.29404285689464615,0.48885820658481843,0.00020217173453143,0.3500104179979164,0.1,0.1,0.7,50,0.1680310853885357,0.1773838845835183
2,24,0.3310834979883822,0.7022608727118884,0.6866363088998922,0.4169447704459149,0.20437440959645048,0.4968542651513143,0.00015148463538371002,0.2116383387973859,0.1,0.1,0.7,57,0.171903288610747,0.1529391901007355
2,25,0.3976311091377187,0.7715862840255084,0.7625269517467024,0.5006366988959494,0.2657407376579951,0.4895808257213388,0.00017910016795543,0.30815959586728764,0.1,0.1,0.7,60,0.1715347058194452,0.1642447519538725
2,26,0.36592103830141287,0.7378915677804094,0.7254259631620243,0.4682671535779918,0.2406070165562914,0.49217459300802463,0.00015208194044484,0.26341445352314174,0.1,0.1,0.7,61,0.1627725211702893,0.1828705527775438
2,27,0.3960771592546137,0.7657178488182022,0.7557844560788689,0.4954017332631607,0.32205840951572934,0.5055815532825505,0.00017861792015858,0.31149985434406696,0.1,0.1,0.7,62,0.1544954467047469,0.1495952772425777
2,28,0.39586202065751813,0.7653525870298328,0.7553894871422102,0.492673429772701,0.27064642515443826,0.5051086201604247,0.00017874370579144,0.31152162543574674,0.1,0.1,0.7,63,0.1536985431066205,0.1496611892966611
2,29,0.429435491619369,0.797089627288142,0.7897830135805367,0.5364792319305761,0.3509778857804217,0.4944359029727232,0.00021255116817961998,0.3666409625810952,0.1,0.1,0.7,64,0.1587430603133185,0.1470069701784987
2,30,0.4560610137904525,0.8234464374050926,0.8191087128252578,0.5894951931606935,0.33863319174787854,0.5060162077725876,0.00021552188594472,0.40589242706040873,0.1,0.1,0.7,70,0.1619145147121571,0.1501255623538343
2,31,0.3823277715232708,0.7510062522085569,0.7499351969410577,0.5340205196546522,0.2617813896263086,0.4830106527641946,0.00021031360455728,0.3041745215954286,0.1,0.1,0.7,75,0.1636712604631359,0.1584235143479242
2,32,0.45056941202945155,0.8117221566875753,0.8092784929638739,0.5973424233621899,0.3847736563240936,0.5114359622351595,0.00023479705985702,0.4088474257921437,0.1,0.1,0.7,77,0.1615788596802786,0.1391711773348858
2,33,0.4080527338701493,0.7762598683405139,0.7902630530704134,0.653731093671775,0.2956901973486078,0.4817640733456304,0.00020252547590343,0.3530145513407951,0.1,0.1,0.7,92,0.1527157665736211,0.1322381886520759
2,34,0.46417108896131576,0.8265478457343107,0.8334472560347193,0.6779884443678394,0.37106239174442884,0.5105006064033815,0.00023099697161774998,0.432927019990677,0.1,0.1,0.7,94,0.1595353446607966,0.1378227684516766
2,35,0.489927437280306,0.8515841468921447,0.8583591175687432,0.6909619150187656,0.38227431563167663,0.5141822613448623,0.00022889278514048,0.4701616444735581,0.1,0.1,0.7,99,0.1617861325737865,0.1385199149026161
2,36,0.4967936567592338,0.8669802563597506,0.8935083348045882,0.8041554558086674,0.3880634802930733,0.5197839084166335,0.00023876703592741003,0.4797847616077024,0.1,0.1,0.7,125,0.1596749787954277,0.1387810765425558
2,37,0.4992672428266185,0.8669406235836548,0.8899895215951994,0.7997620300673001,0.40326942955928624,0.5197961287446842,0.00023675066918817,0.48465246628869796,0.1,0.1,0.7,126,0.1590276181921175,0.138481377818868
2,38,0.42651800669944573,0.7970410751333656,0.8266756475083459,0.7737391478196549,0.31951886920504785,0.5197960029975209,0.00018142768398061,0.38092622400923015,0.1,0.1,0.7,128,0.1588651375340357,0.1384384752562728
2,39,0.4278777486141416,0.7983926196154095,0.8280258238599988,0.7717543543219353,0.32002399488462274,0.5197965050920988,0.0001813877758994,0.38287931607302045,0.1,0.1,0.7,137,0.1589309642299616,0.1384540569318033
2,40,0.42662435323757875,0.7986185263374281,0.8315538702216536,0.7805214649752521,0.31882384092383115,0.5197962609381476,0.00018162725220076,0.38111424018186163,0.1,0.1,0.7,142,0.1588514068452695,0.1384365145199033
2,41,0.4278870040124555,0.7980871996210023,0.8276667869301885,0.7750123213441548,0.32378480899298684,0.5199377079023748,0.00018114947249769,0.38328213526430666,0.1,0.1,0.7,143,0.1580466856575652,0.136978684682998
3,0,0.9305226788084358,0.9819507295626261,0.9803420370612588,0.36977489421431353,0.0,0.0,0.0,0.0,0.1,0.1,0.7,1,1.1235889883864492,1.0617700274324902
3,1,0.9000895406684195,1.0679952088704006,1.058558986881792,0.47786320213538114,0.30049864819482563,0.43109641697209644,0.00040787322726129995,0.13589783345043294,0.1,0.1,0.7,3,0.7197902454396196,0.6730443985845096
3,2,0.8193452557671849,1.0217895633869063,1.0105492685362916,0.4412165942956541,0.23291301680828636,0.40522525636170525,0.00033069422523389,0.10251255677964705,0.1,0.1,0.7,4,0.7010887044177767,0.6354617119750107
3,3,0.7814695395690666,0.9980746556280103,0.9860182082206511,0.42217186236357823,0.15186899185386707,0.38653516605191995,0.00028532780876174,0.08439139855067392,0.1,0.1,0.7,5,0.7002903740570261,0.6236309022021381
3,4,0.5114201999326274,0.8541414131185582,0.8355602834738022,0.31982130241586115,0.73667413604829,0.4300640927930372,5.424864776654e-05,0.028003890637486258,0.1,0.1,0.7,6,0.4649554739960603,0.5253477545610601
3,5,0.5814282804041644,0.94721382123424,0.9257793098937108,0.43640817473018684,0.3950075136569781,0.4279859178956254,0.00019819941554799,0.20697499756309515,0.1,0.1,0.7,7,0.4631048857476466,0.4511368543623415
3,6,0.4436094742040995,0.8143918508591027,0.7952302387954394,0.308367755441209,0.12655371702677337,0.42977831076650047,7.428734606204e-05,0.0313994145768155,0.1,0.1,0.7,8,0.3854976952268457,0.4326452013563502
3,7,0.540312602045665,0.9189037280899872,0.8981178160286545,0.4272145988519854,0.2996863575433647,0.4279859178956254,0.00019819941554799,0.20697499756309515,0.1,0.1,0.7,9,0.4240868026706013,0.4152135187504233
3,8,0.40912560057581954,0.7936624343337657,0.7750576737299666,0.298564721502111,0.11242903976654961,0.4257772597343051,7.735036938186e-05,0.04427072179974601,0.1,0.1,0.7,11,0.3564733051961193,0.3775643950109065
3,9,0.33503469978203676,0.7308426757962158,0.7075395443528444,0.26525727226654566,0.3923108334977793,0.44126291978764587,5.1696275869469996e-05,0.027625516735240357,0.1,0.1,0.7,12,0.2684334988135323,0.3829897693904665
3,10,0.32565181734662557,0.7230232911685334,0.7019015333113583,0.26647873713282394,0.10358782824910444,0.4490370584693606,5.4393479081269995e-05,0.031220056326517455,0.1,0.1,0.7,14,0.2900367724526521,0.3734092271403784
3,11,0.2526139133778868,0.6403822915316343,0.6116046995747838,0.2177705979501539,0.5991868243638906,0.46033096892402026,6.01029716187e-05,0.034254195126433885,0.1,0.1,0.7,15,0.1710922582630198,0.2214122360738434
3,12,0.22450733234555453,0.5895870442007275,0.557727895236277,0.2019573640308162,0.23654687552527065,0.4823333897046247,0.00010290945099803,0.058770243907413394,0.1,0.1,0.7,18,0.1266707829261803,0.1631886962666685
3,13,0.22576241750015175,0.5921149984106939,0.5635136220069714,0.2096895105056951,0.09259585946408813,0.4836142812188287,0.00010648816178360999,0.06082151302576297,0.1,0.1,0.7,20,0.1272585189144417,0.1620551750766754
3,14,0.1749991120300391,0.5024121638361749,0.46685246548954606,0.1527258663828097,0.5602974275499555,0.4824163856530396,7.725431379721e-05,0.0443778634743956,0.1,0.1,0.7,21,0.0948109209730658,0.1096705984485954
3,15,0.1747684529971832,0.503183401192518,0.47085128906625656,0.15906829210933188,0.08215214360059475,0.48352754693792843,7.73569195434e-05,0.04442826620119438,0.1,0.1,0.7,23,0.0941378767856238,0.1072677660654189
3,16,0.17268665809887448,0.49769966981521296,0.4679145784561443,0.15789960112840246,0.1072001851290722,0.487312855188845,9.71041165642e-05,0.04606582007255489,0.1,0.1,0.7,25,0.100166025311347,0.1037434964655056
3,17,0.1707825937087301,0.48716242216545863,0.4560560462542841,0.1696512121205122,0.10877074200517872,0.48820386213224376,9.641901386691001e-05,0.05206300987653709,0.1,0.1,0.7,29,0.1026560928242503,0.1064398477378622
3,18,0.15764758291798903,0.4636350805213358,0.43414496479185843,0.1661317830976586,0.13625451068689026,0.4816625882963611,8.210964489210999e-05,0.044322373771936555,0.1,0.1,0.7,31,0.089451279566082,0.0981791078456523
3,19,0.15775167485905392,0.4651440013699742,0.4389460953983812,0.17021036198310643,0.07981749428196301,0.48292964557216395,8.220320050474e-05,0.0443683305386658,0.1,0.1,0.7,33,0.0894020030286571,0.0969183293459526
3,20,0.15394809427610714,0.455526961561654,0.42541940642587894,0.14878393450267766,0.11978308196685127,0.47716702029377794,7.859223124299e-05,0.04327854199883128,0.1,0.1,0.7,34,0.0855068006245048,0.09545031365958
3,21,0.14143124812161467,0.4297827416776248,0.40097714913779514,0.15197837770872558,0.21193694749302153,0.4727548517200924,7.067210384242999e-05,0.037103482928888,0.1,0.1,0.7,35,0.0769965928819205,0.0882501261887412
3,22,0.13270633431353301,0.4107973493020847,0.3837573880087372,0.15136744975589397,0.12317417678432249,0.4744306882565227,7.05537726055e-05,0.03228137863754365,0.1,0.1,0.7,37,0.0737274416726452,0.0846799489878035
3,23,0.16371890163442068,0.4458082119947011,0.43173288397023957,0.21296707048750022,0.104488468979554,0.47755309124406076,7.947972643201e-05,0.07740791579779761,0.1,0.1,0.7,44,0.0941222361741939,0.1173808676632643
3,24,0.13163458758559288,0.4125624823468884,0.3983377833398701,0.18346515892291576,0.07556698856298372,0.4755346404065506,7.210018800199e-05,0.032597650940322784,0.1,0.1,0.7,46,0.0740853157767943,0.0839172955566915
3,25,0.1446836100481213,0.4144144574327926,0.3925370220425098,0.20102629423399776,0.10494690748393087,0.4841877811685759,9.238591239262e-05,0.05498443825303733,0.1,0.1,0.7,50,0.0714489266772235,0.0717517458284178
3,26,0.1369746284207872,0.41208663888236874,0.4064722340701219,0.22672295283627436,0.08207266054385945,0.4824971587289444,9.462569728401e-05,0.04543071761731555,0.1,0.1,0.7,59,0.0723545597911298,0.0815269490911303
3,27,0.1361111991081343,0.41146467476637044,0.40899833910140976,0.23917464045206127,0.08515362942101415,0.4861465472258022,9.145844497957e-05,0.04440278593362276,0.1,0.1,0.7,61,0.0724271705364465,0.0793869468642807
3,28,0.13594036026531273,0.4126537272931861,0.4134756064701148,0.24215680933959777,0.08017779353799558,0.4834840734518527,9.189836181642e-05,0.044617202342366186,0.1,0.1,0.7,63,0.0717193472786432,0.0786978365815474
3,29,0.13117669365492632,0.4073245053333426,0.4080757854020461,0.24251719115734277,0.07749219244985317,0.49177117528840697,7.199300177578e-05,0.03695449366296609,0.1,0.1,0.7,65,0.0712027234635695,0.0775527324408005
3,30,0.13121617687011716,0.4066892016878154,0.40735635781871604,0.24873802428399538,0.08117552549238427,0.4929385790303161,7.257635303487e-05,0.03722839881689599,0.1,0.1,0.7,66,0.0704655852206871,0.0766780201896591
3,31,0.13397393930286344,0.40256736077830785,0.4023825930426251,0.25790346602973335,0.13982997256490234,0.49223718440184844,9.604009589012e-05,0.045091571652701064,0.1,0.1,0.7,67,0.0714894119304233,0.0718811373927744
3,32,0.13011248111857132,0.3903833164584997,0.38918464064718644,0.23789245091966393,0.1499312869612414,0.4919673204096206,8.739190420512e-05,0.043976524627450844,0.1,0.1,0.7,68,0.0687947133284225,0.0692135133166934
3,33,0.12843774273358882,0.38822901373381513,0.3900968774336282,0.24397086240898,0.0872738079001836,0.49035708709877834,8.564167732342e-05,0.042817651678603484,0.1,0.1,0.7,70,0.0670028334187913,0.0689477156542038
3,34,0.12599368376371367,0.3864627633577523,0.39778816686348933,0.28854848273581946,0.08142682221782967,0.48587272309771007,9.155104009323e-05,0.04186536554930592,0.1,0.1,0.7,79,0.0643130724516644,0.0687077565316883
3,35,0.12599368375054695,0.3864627633502824,0.3977881668560194,0.2895279152970245,0.07790224310939817,0.48587272294178735,9.155104021724e-05,0.04186536556089153,0.1,0.1,0.7,81,0.0643130724224054,0.0687077565953797
3,36,0.11950436767843292,0.37927781884738454,0.3905199615391485,0.31117327812116624,0.0730902824672207,0.47904846201556683,7.35837753493e-05,0.03391313716946207,0.1,0.1,0.7,85,0.0645532419570674,0.070254551933153
3,37,0.12038283576827388,0.3807565880853159,0.3951967328688478,0.3174615467982698,0.08027920963645793,0.48718534485445086,7.017782163673e-05,0.03444508151710733,0.1,0.1,0.7,86,0.0625986010760163,0.0684209826505603
3,38,0.12179696311739086,0.38159492127739164,0.3959664020723064,0.3288474550458379,0.07917578770147618,0.48604714967589313,6.977666822367e-05,0.03690581228348366,0.1,0.1,0.7,87,0.0630910765327599,0.0718369537124158
3,39,0.12003867088417394,0.37871619720526795,0.39608130278923753,0.33857499763936716,0.08434453315409902,0.48650172627551547,6.878728257358e-05,0.03558570975488635,0.1,0.1,0.7,89,0.0653668391464048,0.0663121703730441
3,40,0.3206336974407134,0.5834708594549132,0.6107123578045521,0.6211747020898015,0.2743838360888483,0.4868379811095607,5.9516133247720004e-05,0.3222634160438697,0.1,0.1,0.7,113,0.0655741285239399,0.0701545663100833
3,41,0.32063929082208925,0.5849791635400926,0.615526598967469,0.6309536163547662,0.2743574731004493,0.48683798106297527,5.9480533749469996e-05,0.32226957105565374,0.1,0.1,0.7,115,0.0655741538555606,0.0701545682115016
3,42,0.11441283868637653,0.37824014880447765,0.4118546062081158,0.42138680640755677,0.07692818264313085,0.48768609079017244,5.968361642118e-05,0.02848741362433822,0.1,0.1,0.7,117,0.0631311106345913,0.0669120766837831
3,43,0.11505279790196415,0.38277888251090114,0.4262389001267293,0.4615567826754933,0.07025647082589175,0.49000536977055575,5.7977063600789996e-05,0.029352157682978938,0.1,0.1,0.7,124,0.0643667106197367,0.0695109430701158
3,44,0.11496801852950123,0.38261421058409234,0.4260647663217549,0.4685607576796786,0.06982377242655857,0.4901013132972756,5.808969106226e-05,0.029254885447650557,0.1,0.1,0.7,126,0.0647136273072112,0.0694112740101715
3,45,0.1126186112850568,0.37993612702492147,0.42647596285984596,0.4724093592028446,0.07526273847174328,0.4924085717494243,5.221288794729e-05,0.026424148812872236,0.1,0.1,0.7,128,0.0624145334816012,0.0674078824598234
3,46,0.11264241281174431,0.37993573520161883,0.4264726837500103,0.47955049896219226,0.06787943096330383,0.49237162127198325,5.203710760423e-05,0.026475221586013346,0.1,0.1,0.7,130,0.0629404061558625,0.0675893414901672
3,47,0.11227478795234123,0.37880902904265196,0.4252567202397976,0.48235534203356106,0.0737826430075445,0.4929798783608266,5.1492750030769996e-05,0.026209332199693604,0.1,0.1,0.7,131,0.0645439117781754,0.0668450566830032
3,48,0.11188582603611674,0.3782914951583225,0.42785377710087985,0.4949510401197038,0.07432230920697952,0.49237162134485873,5.2037107741419996e-05,0.026475221587629695,0.1,0.1,0.7,133,0.0613573703083604,0.065689912103012
3,49,0.20724125982318875,0.4835945897759758,0.556231285854625,0.7693477471283819,0.16341611251425972,0.4844716160305074,7.593044402434e-05,0.16406874461134044,0.1,0.1,0.7,172,0.0642469994948996,0.0657565368232127
3,50,0.18890298432053404,0.47053241145940594,0.5531770471617637,0.8488205519693524,0.14582372430392426,0.48445392950836885,0.00019405709708156,0.1375036134344555,0.1,0.1,0.7,185,0.0619443689554329,0.0705817247317255
4,0,0.9629356213797863,0.990988721058474,0.9901855593194192,0.3741760028969935,0.0,0.0,0.0,0.0,0.1,0.1,0.7,1,0.9990949624210448,1.0589599315371836
4,1,0.9989961658232196,1.034796055485634,1.0303732501474798,0.42209210208256825,0.07054739895877465,0.42986847632407815,1.338903515802e-05,0.008346923213448069,0.1,0.1,0.7,2,1.201954081280457,1.169100962955094
4,2,0.8715523081403171,0.9993052190773207,0.9947643370432528,0.4010351618711529,0.28689958589394454,0.4412614797281052,1.333660167583e-05,0.00874971324008088,0.1,0.1,0.7,3,0.957980259896314,0.9259707508716316
4,3,0.8363003745701748,0.9932274515320859,0.9840384825694483,0.4064975697957377,0.15354494453355919,0.4300311695953525,4.673368764272e-05,0.025327548997948913,0.1,0.1,0.7,4,0.9163802708609592,1.0856347567940356
4,4,0.7905029625670714,0.9717726040474388,0.9614311488677396,0.3887394834871997,0.13187517785656108,0.4299568364338177,2.227825330186e-05,0.013163728466059389,0.1,0.1,0.7,5,0.8788243629643596,0.9545900212966916
4,5,0.5077966376236723,0.8536328795096347,0.8346708042088808,0.3219225991102204,0.8907922508910555,0.4294048262070907,5.3451216479459996e-05,0.033477108895957286,0.1,0.1,0.7,6,0.4946121539737949,0.5267917775322173
4,6,0.4915721633627754,0.842315616370574,0.8192679861719085,0.31874341574483317,0.12072497354290289,0.42980455206528806,7.40254941653e-05,0.03189420854325861,0.1,0.1,0.7,7,0.4970186666570683,0.5162864996362663
4,7,0.4229238303309728,0.7986303103874896,0.7748528137773298,0.29235977717287254,0.34282386896265926,0.45411582955177476,4.138055660078e-05,0.02855523035352207,0.1,0.1,0.7,8,0.3892018017075074,0.4326085019984124
4,8,0.4191551967533905,0.7977566195687028,0.773305892127326,0.29820502561422846,0.1186234082246654,0.42967748753228274,9.897606227116001e-05,0.041581269839157706,0.1,0.1,0.7,9,0.3578890284928031,0.3958689187899187
4,9,0.3672227050038705,0.7568134220038323,0.732678559648174,0.2692155832198244,0.2698931012320784,0.45795985900618225,4.006260514483e-05,0.024834699183180514,0.1,0.1,0.7,10,0.370663207553446,0.378730049536237
4,10,0.2901195532170442,0.6856371612415543,0.658455239195449,0.2269364045557851,0.2821974471345001,0.44394805405142723,5.4705006563230007e-05,0.024831347292814426,0.1,0.1,0.7,12,0.2577508002984799,0.3112243910150087
4,11,0.24818588619671694,0.6338081148732223,0.5987318665176777,0.2010726451135926,0.37840506147274283,0.4147824392823122,7.044304451470001e-05,0.030645365185967027,0.1,0.1,0.7,13,0.2476974054039878,0.2455110624430192
4,12,0.2031466089993342,0.5668589168983701,0.5257579135498429,0.1655182643889739,0.27177705052762485,0.41900522775249655,5.778726959945e-05,0.030966913950345093,0.1,0.1,0.7,15,0.1905304085177165,0.2255170747414902
4,13,0.20450374337332333,0.5645425020039614,0.525645661389252,0.1738927937561171,0.11018644037955314,0.4497420071867826,8.902887390799e-05,0.03877301387373245,0.1,0.1,0.7,17,0.1793196399378091,0.1892707618379744
4,14,0.18821477577342471,0.5407359665941752,0.5003469912113491,0.15624291169661397,0.1682036079785616,0.4229833362772464,6.66781655277e-05,0.03250544190099571,0.1,0.1,0.7,18,0.1647994944124364,0.1990431204373583
4,15,0.1683536108778098,0.5046890797122435,0.4613970325788194,0.13847644313988636,0.1619247530726449,0.43519387836750084,5.308201314025e-05,0.025797889002398235,0.1,0.1,0.7,20,0.1914956349378893,0.1414889606254638
4,16,0.14314852929233157,0.4487081377862044,0.4006122006315508,0.104742401087415,0.39155196679628107,0.4233773215122739,5.031865881726e-05,0.024510109249498993,0.1,0.1,0.7,21,0.1554054943118041,0.1328111601601604
4,17,0.13787205361364918,0.4350826343223519,0.388884200741071,0.10197675020956817,0.10885351779795761,0.43267467804044046,5.155264367276e-05,0.024142461445694135,0.1,0.1,0.7,23,0.1436386226333146,0.1185891836645967
4,18,0.13719332051594635,0.43321513726477817,0.38685005406459355,0.10079654366404418,0.07169013970381093,0.43309320457574724,5.1435967480790006e-05,0.024085797054280156,0.1,0.1,0.7,24,0.1440164279496263,0.1180318682009108
4,19,0.13797944448387076,0.43315706696190076,0.389770830325046,0.10728978888689576,0.08486637325212237,0.43652107194378553,5.681410094584e-05,0.02660643846634353,0.1,0.1,0.7,25,0.1418185595068499,0.1140745927698399
4,20,0.12532485299813428,0.38963703298068125,0.3452495711751012,0.09657842289506484,0.1655867007379758,0.4479571109081127,6.732750249803e-05,0.029686067566233997,0.1,0.1,0.7,28,0.1088466846182947,0.0888051582660136
4,21,0.11474834511806765,0.35053973015075024,0.30575804442136495,0.08113909199977903,0.19421027563478369,0.44776045919576885,7.370634486256e-05,0.03101754006052676,0.1,0.1,0.7,30,0.0924961961556368,0.0784963960422679
4,22,0.11502025194841768,0.34562926751814466,0.30023893295877796,0.07870920407465094,0.1084562019312796,0.4428140439688253,8.730890102232e-05,0.034462656143974195,0.1,0.1,0.7,31,0.0899577595854794,0.0727119687103938
4,23,0.1121770159098533,0.34276843409104835,0.30050322330193563,0.09153260151751574,0.07234159819924843,0.4482152849418067,7.211339754967e-05,0.0303557444724342,0.1,0.1,0.7,33,0.0903585298653581,0.0762483333286852
4,24,0.10813249187252402,0.3196338549149785,0.27513838655837347,0.09294208772189139,0.14500007419281388,0.4578524132478608,8.235253248825e-05,0.03167471667978053,0.1,0.1,0.7,35,0.0802501792532669,0.0665696596137987
4,25,0.10769048181408493,0.3208068917925487,0.28276321516891706,0.11112074077076997,0.07012663584809337,0.4576982551539929,8.155226067642e-05,0.03164097660945006,0.1,0.1,0.7,40,0.0797791946485046,0.0665052323535689
4,26,0.0992939447940194,0.30783786449725536,0.2755390796330183,0.1231263601947356,0.07165396544496966,0.446632097326264,6.509433965318e-05,0.02429564092901639,0.1,0.1,0.7,46,0.0770461874434946,0.0686034699086666
4,27,0.10034720190571764,0.30341748877590696,0.2673619705250778,0.13110250528892592,0.07421596476364832,0.4552431726375971,5.583506814179e-05,0.026126081584397356,0.1,0.1,0.7,49,0.0764382638651223,0.063836821772805
4,28,0.10078989402051138,0.30490126255010336,0.2720993890393413,0.1427359486679772,0.06617549404262046,0.455079270715121,5.592720283523e-05,0.026958558770558434,0.1,0.1,0.7,51,0.077165155217064,0.0631728085713638
4,29,0.09778744959168596,0.30228425037185114,0.2726619263991713,0.144532510637555,0.07038639994109112,0.44441074047339696,6.647757466308999e-05,0.024619659440568886,0.1,0.1,0.7,52,0.076901938284965,0.0677636874757663
5,0,0.9407117653853548,0.984824616185992,0.9834720653000991,0.37159212429631855,0.0,0.0,0.0,0.0,0.1,0.1,0.7,1,1.0830534953977555,1.063283298777294
5,1,0.8977791846907912,1.0038883128313059,1.0002324026406806,0.40409918815973694,0.12451474031347316,0.4174976399013355,7.251887426561239e-06,0.0045086408427574805,0.1,0.1,0.7,3,0.9590234662935496,0.9758503448351128
5,2,0.6768549052198397,0.9806371358888257,0.9659543424532828,0.4287070550698222,0.9075877260423002,0.43010137537360665,0.00031182568889529,0.14618746210328726,0.1,0.1,0.7,4,0.5197570640187078,0.4441522290790153
5,3,0.5395744095598473,0.8750865728475935,0.8608460421115248,0.3520557319646598,0.12021906457158954,0.42967279768450417,6.297328875581e-05,0.0392482176304103,0.1,0.1,0.7,8,0.3802544880569072,0.5314950053471543
5,4,0.5063470749644399,0.857721670437997,0.845081841277721,0.3458516393010297,0.1295423195099765,0.42976151255368283,6.661452507375e-05,0.03961107194552569,0.1,0.1,0.7,10,0.3543624141619326,0.4924060669265522
5,5,0.5014865531170596,0.8595204489198682,0.8495240019214235,0.35475474438727916,0.10167647230802243,0.43011669205146535,7.456338896652e-05,0.050599399621260664,0.1,0.1,0.7,12,0.359816524692753,0.4759211443648765
5,6,0.48477423539253583,0.8503964649546278,0.842758678539872,0.36137912706831793,0.11032745238091957,0.43011669205146535,7.456338896652e-05,0.050599399621260664,0.1,0.1,0.7,14,0.3435809285929482,0.4629456920583916
5,7,0.4247034779871857,0.804379293057242,0.7869942675009923,0.3297025467621149,0.17899198074887557,0.46218363105506,6.161816453934e-05,0.03483255403636203,0.1,0.1,0.7,16,0.3295378553404172,0.3947635667188487
5,8,0.2576141545304726,0.6486501281237704,0.6235940712692055,0.2430156263425205,0.4029343845252112,0.39200629197860365,6.126498963223e-05,0.04701604231387176,0.1,0.1,0.7,19,0.2117528516909928,0.2683753149725521
5,9,0.23962824780125383,0.6247703622950423,0.6007721274931422,0.23362241110673823,0.14701633983438578,0.3945629374076339,6.101229123718e-05,0.046421094284436644,0.1,0.1,0.7,21,0.1761204874777358,0.2378411177825874
5,10,0.21825552215323363,0.5959940802098865,0.5758740275575601,0.2324360248050854,0.10862347569971868,0.43252757430010513,6.385400813216e-05,0.03940653681817755,0.1,0.1,0.7,26,0.2006708070878794,0.1912371093071578
5,11,0.20484940675665284,0.5760251409067224,0.554423840382882,0.21857768611878953,0.16988363137845128,0.3987247341886212,6.966562104443e-05,0.03944896567525157,0.1,0.1,0.7,27,0.1719477340094592,0.1960246064121305
5,12,0.20233887984980065,0.5756500753954716,0.5604715778270172,0.23810790220784556,0.07062040259844861,0.4569703146075433,5.7147787247169994e-05,0.02932739353330856,0.1,0.1,0.7,30,0.2004549194875857,0.1769848868841041
5,13,0.17749755704669157,0.5265188818397761,0.5067224741396255,0.21372200823176643,0.22905894844606237,0.477330992246275,5.3452635769489994e-05,0.03024759748041382,0.1,0.1,0.7,32,0.1720828194108671,0.1469919606195461
5,14,0.20979720880737582,0.5520843974892291,0.5281137393523004,0.24299766139251006,0.16466917864196967,0.43115465265097863,9.447487422352e-05,0.08942647707664647,0.1,0.1,0.7,33,0.1403874278798016,0.1704782716950833
5,15,0.20331879050337337,0.544922533726805,0.5238972856844604,0.23582225735014206,0.1135462333669362,0.4307021126264797,8.779498957851e-05,0.08289082595905631,0.1,0.1,0.7,35,0.1293671872890004,0.1635991983289527
5,16,0.20376646792812028,0.5432478477867754,0.5249415914493545,0.24777484987658868,0.12472458072865025,0.427008210396737,9.556597646582e-05,0.08828402013456883,0.1,0.1,0.7,37,0.1342631924209299,0.1641893302323199
5,17,0.18236558102699407,0.5148249085729246,0.4954100927297997,0.22676508973785098,0.12684557343089412,0.4271884863880346,0.00011295390014049,0.06541948349651873,0.1,0.1,0.7,39,0.1228110697207228,0.1483957251570512
5,18,0.17856747162916492,0.5075919426789922,0.49072609573269793,0.23482262684975846,0.11442378046822888,0.4296455680118441,0.00011150849399030999,0.06471976876025554,0.1,0.1,0.7,41,0.1140516801151447,0.1396708498321409
5,19,0.17496398930987234,0.5034161023163632,0.4895435610719457,0.2304303044449783,0.09687193593048958,0.43283016366185584,0.00011219105151654999,0.061161367519449616,0.1,0.1,0.7,43,0.1213675900287035,0.1407891344555606
5,20,0.1498357841902853,0.4706522994753821,0.4525470635636028,0.2374519267012465,0.07622654091945512,0.41268842115898813,6.322277495373e-05,0.03424293158059057,0.1,0.1,0.7,49,0.1216347956477782,0.1328515695568949
5,21,0.14551001306114528,0.46056764697906993,0.44473544003331716,0.2386111951424596,0.10003803867586833,0.4126884211589882,6.322277495373e-05,0.03424293158059057,0.1,0.1,0.7,51,0.1200737812430509,0.1294664869734164
5,22,0.14627515007908753,0.4486969531335849,0.4372979530012097,0.24130918810223848,0.15042931226470857,0.4329696336398968,7.933270170826e-05,0.04500764726755892,0.1,0.1,0.7,53,0.1104039365540064,0.1210312104495728
5,23,0.14642909914215085,0.4462112880160466,0.43755418197782686,0.24217367593758118,0.09703694464977497,0.43598785901116915,8.34325961572e-05,0.047916536857505035,0.1,0.1,0.7,55,0.1064921825423677,0.1156340512395556
5,24,0.14507119321584264,0.4425934079547318,0.4367484988609381,0.24767068273468212,0.09408951513357325,0.43612105225996667,8.537547953470001e-05,0.04849385562384092,0.1,0.1,0.7,57,0.1072489787003531,0.1124430280333485
5,25,0.14517817676810055,0.44450885482916175,0.44822862713705214,0.28218104973747077,0.08369677138145519,0.44969376834802893,8.187907386202e-05,0.04850589087497375,0.1,0.1,0.7,62,0.0998042166282488,0.1111819003133621
5,26,0.14282708436982128,0.4379411431358634,0.4411087441310025,0.2842725027792553,0.09764176089444945,0.43911139735571014,8.392536139529999e-05,0.04948515311515785,0.1,0.1,0.7,64,0.0935579052546941,0.1053849424230811
5,27,0.14182062065660508,0.43708791915240286,0.44338599666591266,0.2986000176294701,0.08421883539175855,0.43780923023864216,8.370067647441e-05,0.04911588419156255,0.1,0.1,0.7,66,0.096095621889235,0.1034594920553927
5,28,0.14067589060782393,0.41954717699982463,0.4206391323680541,0.2935913556097634,0.12724843025001695,0.4422298865989247,8.719847375414e-05,0.05603024948500284,0.1,0.1,0.7,69,0.0931977303676058,0.0961468242382429
5,29,0.13948855654696818,0.4179769535395198,0.4221387859332669,0.29787602061903307,0.09116730783933588,0.44119312077105466,8.744036013680001e-05,0.055570115725348736,0.1,0.1,0.7,71,0.0916405275627826,0.0958678653774589
5,30,0.1251061849766692,0.4025258985420721,0.4065543527095005,0.30085139328416544,0.0713765153798059,0.4377319036095774,5.818324788848e-05,0.036133705684016276,0.1,0.1,0.7,75,0.0931869455485111,0.0925765787621402
5,31,0.12416476113031405,0.40266382889829283,0.4099454695638361,0.3089293215990756,0.07010523544156737,0.4382871924003251,5.835043019852e-05,0.03494821368814356,0.1,0.1,0.7,77,0.092900383408024,0.0930669353625039
5,32,0.12382938259615206,0.4031707784245011,0.4136761494916313,0.32484399332026553,0.07104878985604823,0.4355462013885282,5.8083465924409995e-05,0.03523296018267635,0.1,0.1,0.7,79,0.0921153224570749,0.0921585047315986
5,33,0.12432653988931056,0.40582420452595425,0.4228359096414519,0.3606108624257075,0.06995654020950759,0.43749585978069433,6.173744509628e-05,0.036138612664096674,0.1,0.1,0.7,87,0.0925887326262772,0.0930139645421531
5,34,0.12305534126302978,0.40487091020040655,0.42504157637217477,0.36550285822823597,0.0733092135719819,0.4316352821925303,6.145389581947e-05,0.035821169419251155,0.1,0.1,0.7,89,0.0925264608896832,0.0936514098552694
5,35,0.11766468992203503,0.3964247123841626,0.4099772796817593,0.369140187199979,0.06312235106282676,0.44049379245196746,4.492996779739e-05,0.02688911541414313,0.1,0.1,0.7,91,0.0912348212886049,0.0936879659288716
5,36,0.1194018093760528,0.4004008804479465,0.423590791119334,0.38093098566513,0.07513159754583945,0.43868126605919555,4.8759047420819996e-05,0.03087693370997021,0.1,0.1,0.7,93,0.0913984271482407,0.0935603710874675
5,37,0.11840460118477979,0.40118233945606535,0.43083302697048376,0.39281241903219377,0.06755070669355409,0.43628340165362467,4.8859389125570004e-05,0.030460408417597416,0.1,0.1,0.7,97,0.0914377147483254,0.0940291914082774
5,38,0.11548740289846365,0.397926558680619,0.42753559469814445,0.4229801234727916,0.0631263838742474,0.43690299261703924,4.234334900088e-05,0.026389230703054094,0.1,0.1,0.7,100,0.0913831756183589,0.0945759818356228
5,39,0.11686543815485992,0.39871181477053186,0.42824800733335333,0.43582779622747175,0.06502861861480874,0.4358501424365974,4.327437188041e-05,0.028828928033017436,0.1,0.1,0.7,104,0.0913713087296129,0.0946525353329099
5,40,0.1162347976637406,0.3994173769381006,0.43223906536438955,0.43511687371702107,0.06389010231238128,0.4368402964123778,4.444562336996e-05,0.02787415645746226,0.1,0.1,0.7,106,0.0912806301612513,0.0945487346471318
5,41,0.1137581094403434,0.39386395275827835,0.4200649885725902,0.3683378686703488,0.06088786009472373,0.43573482963734916,3.8203872023370004e-05,0.024537497859327646,0.1,0.1,0.7,111,0.0920327696125136,0.0953694981214468
5,42,0.11088213138156022,0.40939004328039225,0.47842938592474066,0.6718638738528253,0.05849809898618759,0.4487508397739091,3.746190443504e-05,0.019151161543581884,0.1,0.1,0.7,154,0.0934724772534113,0.090357589328276
5,43,0.10967694929360623,0.40812311736187945,0.47715489599801125,0.6818072926299182,0.05736407397747452,0.44872137075966706,3.41375647842e-05,0.017467197600333738,0.1,0.1,0.7,156,0.0935035720086612,0.0894750212971066
5,44,0.11280232016368313,0.412589181162162,0.4849070371125276,0.6995137779156976,0.060961137272095844,0.4440928362063347,3.468580010404e-05,0.022678214543422212,0.1,0.1,0.7,158,0.0927434377048183,0.0884882674775575
5,45,0.11057088406959142,0.41296860451518475,0.4949724008084813,0.7226891383780358,0.06141041708952916,0.44250040876184477,3.38744361012e-05,0.02071831132778221,0.1,0.1,0.7,164,0.0946535887192453,0.0875945346497083
6,0,0.9287843492826371,0.9814574163804997,0.9798047502222643,0.3681491036686368,0.0,0.0,0.0,0.0,0.1,0.1,0.7,1,1.1308005547727409,1.0611955391313597
6,1,0.8886904224774609,0.9971119569450146,0.9933637240304201,0.3977036892674326,0.1115921615187441,0.3603930962263588,7.108088242445401e-06,0.004465721116903491,0.1,0.1,0.7,3,0.9744132840821812,0.976066119321542
6,2,0.6602398392473515,0.9753961267865116,0.9597047982642598,0.42762694392904455,0.9769944093972338,0.42998741036833077,0.00033259791268275003,0.15487837411611022,0.1,0.1,0.7,4,0.6176692593019328,0.4421831543280665
6,3,0.5003946316578597,0.8496397295681184,0.83024139670743,0.3214247037007089,0.19540646202647097,0.4298434560426069,5.785104184398e-05,0.034702153453865216,0.1,0.1,0.7,6,0.5327738065038727,0.5239945965372743
6,4,0.4349199765369228,0.811297524490758,0.791022695838094,0.30469706360955845,0.21906385906354908,0.4283723115549951,8.098330635319e-05,0.04502176344914302,0.1,0.1,0.7,8,0.4398487873930588,0.426577127626814
6,5,0.4267298994656852,0.805458111363541,0.7809784168369006,0.30602878967585573,0.14198985992694824,0.42277500216002645,0.00010167599067165999,0.05403328711902456,0.1,0.1,0.7,9,0.3639471306212865,0.3986580545098654
6,6,0.4030031737156612,0.7874377625092237,0.7613560161633786,0.2965853052362607,0.19076625755745502,0.42898790771781203,9.972565515781e-05,0.05308029116879259,0.1,0.1,0.7,10,0.3510239270006267,0.3743593274562065
6,7,0.3918156700112072,0.7784581885046037,0.7516015509910453,0.29277165168227154,0.13333068070023216,0.4300917119664362,9.84734042109e-05,0.05251465572859918,0.1,0.1,0.7,11,0.3478112275120791,0.3630265351441569
6,8,0.3806655113623035,0.7707822612741728,0.7464197821580936,0.29037397710047735,0.13595041774383554,0.43003040453613334,9.780393836246999e-05,0.05242000272736382,0.1,0.1,0.7,12,0.3466278162061866,0.3480761639204771
6,9,0.37662122455495806,0.7672804937926121,0.7426504972354192,0.2900551300339178,0.09761045964588647,0.4294522011760174,9.655157901474e-05,0.051788445443021046,0.1,0.1,0.7,13,0.3516167129062854,0.3435285760479696
6,10,0.3900887512379417,0.7848004363118555,0.7619039705899686,0.31750323519037976,0.2217786360479459,0.46797087865252746,0.00017606619735599998,0.09435686105753316,0.1,0.1,0.7,14,0.2892614315612568,0.3047221966796335
6,11,0.376898943037437,0.7748234142188847,0.7583911679750399,0.31723712229601597,0.10500562252838738,0.46245612546177867,0.00014728866570285,0.07896506072542722,0.1,0.1,0.7,17,0.3159161222925716,0.316205613309107
6,12,0.359918566770648,0.7565341282844414,0.7365109544749995,0.3048769444830178,0.0975191443485029,0.458726881467846,0.00010608899304668,0.060092574260030965,0.1,0.1,0.7,19,0.315589563599896,0.3229176339197633
6,13,0.3289123105973943,0.7269201739952428,0.7063353036429367,0.28408768382673777,0.10888498375501433,0.428319772602559,5.389592499157999e-05,0.031140803130024937,0.1,0.1,0.7,20,0.3145840108798837,0.3386107564386904
6,14,0.34462688047350437,0.74190526772317,0.7209872360665495,0.3052580377979716,0.08923553917546223,0.4294777887409887,9.013119739714e-05,0.05771776171424547,0.1,0.1,0.7,23,0.2608166316769524,0.2671891889934343
6,15,0.32430088639927146,0.7211548978097774,0.6974038752475089,0.2986247361494325,0.29021323075707783,0.4595942838277467,0.00011161497887753,0.06917604556991686,0.1,0.1,0.7,24,0.2175707120742446,0.2522015182630718
6,16,0.31773011378664096,0.7159080440614698,0.6951090726048597,0.3026856003731374,0.10426905978042852,0.46015128831565555,0.00011444862361425,0.06512416358189499,0.1,0.1,0.7,26,0.2269559655519805,0.2489811978499752
6,17,0.3121660332200712,0.7117080664253622,0.6962718202421906,0.3193797027802122,0.14111671606734552,0.4813247374785524,0.00012268041693286,0.07182215363348976,0.1,0.1,0.7,28,0.231374836259321,0.2574626194570713
6,18,0.2923494680429756,0.690483361358647,0.6741867800076862,0.30170079038526837,0.14629252356774916,0.4596952455717065,9.945664103588e-05,0.05838314673791428,0.1,0.1,0.7,29,0.2350368545637075,0.2478818732813213
6,19,0.29070809562841904,0.6882901259623786,0.6716970520051645,0.3034162854891121,0.10847815757221002,0.4601101983356693,0.00010278401631079,0.05994275317899051,0.1,0.1,0.7,30,0.231778161319065,0.2326912971344095
6,20,0.2850794773458142,0.6826696865268068,0.6712217238477047,0.3296813277932473,0.10518582709831295,0.45885354847234705,0.00012574253084835998,0.07130153263246496,0.1,0.1,0.7,41,0.2016444348249284,0.2445493206203733
6,21,0.2981628432051577,0.6954006128761787,0.6838698522920801,0.3539032555611724,0.11098951624668324,0.48155760362748284,0.00014359091666982,0.0875692269948963,0.1,0.1,0.7,44,0.1888931695987875,0.2453020806308782
6,22,0.2780820886756201,0.6734823399683411,0.6612720719586643,0.3347800272186712,0.14170833882589268,0.46026337123826916,0.00011935502192817,0.07019477162070555,0.1,0.1,0.7,45,0.1956475521483432,0.2363305437811463
6,23,0.3416684396878399,0.7368237795994617,0.7273163809315375,0.42384830236234144,0.20520466735621762,0.46785905294686625,0.00017908681831992,0.16710622863259775,0.1,0.1,0.7,46,0.1660688745758696,0.1932387043675814
6,24,0.3388474230604454,0.733435201759299,0.7237373295787304,0.42413267415434613,0.16911423104086115,0.46760688872720046,0.00018039103343883,0.1653542016569663,0.1,0.1,0.7,48,0.164754689173123,0.1946117383544349
6,25,0.32170247976168653,0.7154701842411947,0.7055030648932185,0.40469196924102036,0.1662321469443224,0.4683991343361972,0.00017090283306644998,0.14389347243244072,0.1,0.1,0.7,49,0.1599397798534381,0.1801827254427137
6,26,0.3215732419351208,0.7156609601229628,0.7086258360907668,0.41584436106178,0.1763292538799152,0.46797400825934027,0.00017459693276042002,0.1480711424606981,0.1,0.1,0.7,50,0.1537867091486671,0.1765750164390943
6,27,0.3198420892642703,0.7136374176214364,0.7065082686927844,0.40876958196113794,0.15610727715629974,0.4678936902657517,0.00017385084764536001,0.14669854786683315,0.1,0.1,0.7,51,0.1532868956128076,0.17618758482757
6,28,0.3019042265505019,0.6971204274012268,0.6932795030103157,0.4016750822732019,0.1319245477002803,0.46816542497364994,0.00014428855402586,0.12120353485244799,0.1,0.1,0.7,55,0.1561806911248475,0.181612247952002
6,29,0.28985985553486765,0.6816727950715088,0.6768341237515445,0.4255205038860016,0.1965884781895705,0.4660124110101362,0.00013245104328366,0.11543660802994311,0.1,0.1,0.7,56,0.1933275495393846,0.1730199524137979
6,30,0.28455062881373455,0.6736382477137369,0.6680375267984292,0.4059271403400751,0.18159375582675924,0.46755645785332295,0.00012983616694601,0.11595264383933755,0.1,0.1,0.7,57,0.1541261290158002,0.15478180746528
6,31,0.28236866163524665,0.6709717654241556,0.6652737260582445,0.4275152415423858,0.1320570859045299,0.4684079650436899,0.00014024875812026,0.113580074396727,0.1,0.1,0.7,58,0.1886960657952936,0.1661756362156203
6,32,0.2742740841877865,0.6593829266229737,0.6557536231977737,0.43456035012616573,0.14855333007498833,0.4682699194929992,0.00012573102614516998,0.11472763918311399,0.1,0.1,0.7,62,0.1662334899516256,0.1392308443844473
6,33,0.2696092384347756,0.6575785294965326,0.6634904656072612,0.466384849864896,0.13018737266328728,0.4675145219950908,0.00013828965350814998,0.11184578765642147,0.1,0.1,0.7,67,0.1672892495327569,0.1726609828915295
6,34,0.2580950544009823,0.6472107627344222,0.6563471013565747,0.4732436826815614,0.11522180907619128,0.4674907005467909,0.00011774123032654001,0.09619933706738405,0.1,0.1,0.7,72,0.169752385201986,0.1673108705336589
6,35,0.24169546998025607,0.6326263405673604,0.6481014503176858,0.5414091086903638,0.1004748919798279,0.4716772045287602,0.00012027038869009,0.07484573441404051,0.1,0.1,0.7,93,0.1791206826279107,0.1387463235476544
6,36,0.23866497424770117,0.626206912804876,0.6409397516779147,0.5380417828765313,0.1526099149214759,0.47227273150825605,0.00011569194415474999,0.07748765569582856,0.1,0.1,0.7,94,0.1755138100291598,0.1307551040823139
6,37,0.23769436254585297,0.6241018237792608,0.6385921429893745,0.5369367177914743,0.11885964567193795,0.4718107098649946,0.00011655628554843,0.07843334052493853,0.1,0.1,0.7,95,0.1710313368070584,0.1283090359757667
6,38,0.2370388704134419,0.6244705296014867,0.6421658481690519,0.556104861670625,0.10556609584983842,0.47177798192883896,0.00011597891457672,0.07843406583716092,0.1,0.1,0.7,97,0.1671521588324661,0.1287840532825959
6,39,0.2270345348305628,0.6232081284912283,0.6636761832172967,0.768388727908051,0.0950565717636846,0.47308683418502817,7.966917722066e-05,0.06731949519824006,0.1,0.1,0.7,138,0.1520513836509565,0.1290763952795795
6,40,0.22681282246199821,0.6243034131380425,0.6680392931207106,0.7638518969814561,0.09532634779746782,0.4725677109068206,8.120770213593999e-05,0.06741986932260303,0.1,0.1,0.7,141,0.1554032312633706,0.1292630712870872
6,41,0.2191873881695123,0.6209874462570755,0.6746012347651483,0.8852499566636581,0.08719390475718622,0.4760779136551323,7.462505528751e-05,0.05637580462237017,0.1,0.1,0.7,164,0.1547334696401391,0.1333354192297026
6,42,0.21814120028889766,0.619590523704643,0.6731322331428947,0.8912798253538334,0.08898195876134862,0.47599452757137606,7.186263973096e-05,0.05554798270410579,0.1,0.1,0.7,166,0.1582596688115836,0.135165289307497
6,43,0.21830271502920207,0.6210601886727164,0.6778683394063361,0.884282634169548,0.08960037517093768,0.47601866770082407,7.382642430887e-05,0.0561288764654897,0.1,0.1,0.7,167,0.1538974749871487,0.1349801576433603
6,44,0.21827171849554863,0.6210092078434513,0.6778132256453548,0.8878132473745544,0.0871773357146105,0.4760172861804475,7.378637409434e-05,0.0561218223160126,0.1,0.1,0.7,168,0.1539321521178293,0.1352898910076442
6,45,0.21762928887729438,0.6196711273875417,0.6763333709457502,0.8834955286713392,0.09695066297100213,0.4762545554469158,7.364668810416999e-05,0.05644955135153697,0.1,0.1,0.7,169,0.1528910959812742,0.1387702855591981
6,46,0.21352385118838782,0.616892213563672,0.6768249316232818,0.9135783714413467,0.08386634284252374,0.4754291761186951,6.644108874123e-05,0.05101785010093139,0.1,0.1,0.7,173,0.1561624353477429,0.1393663545248112
6,47,0.21637495568219642,0.6256578856923088,0.698796108167339,0.9716951713489159,0.08631042734977226,0.4760434478135055,7.152729152177999e-05,0.055149434543152194,0.1,0.1,0.7,185,0.1539770079059406,0.1353776485872398
6,48,0.21327913138807778,0.6195378344184287,0.6860597196539465,0.9903659968447097,0.0832002340458024,0.4755303293406143,6.723159793948e-05,0.050848818303381095,0.1,0.1,0.7,193,0.1570888392319146,0.1375529641913777
6,49,0.2135864768191867,0.6212467505883709,0.6910544330810344,0.9990961943774759,0.08426580977124631,0.47621868930363,6.71539230774e-05,0.05136625805692723,0.1,0.1,0.7,195,0.1556228206151714,0.1359699759244983
6,50,0.2189330662736574,0.6340926663987212,0.7234333584956564,1.0614566263903626,0.11152354334230466,0.47594246473041013,7.815344581312e-05,0.06171326479132948,0.1,0.1,0.7,196,0.1543067127201513,0.1232252281836566
7,0,1.0,0.9994667552084163,0.996247390932351,0.38574002217678494,0.0,0.0,0.0,0.0,0.1,0.1,0.7,1,0.8440036815950732,1.0612590918865954
7,1,0.9162385072845699,1.0099743311621792,1.0068038812732518,0.40605076457308276,0.15809749659790362,0.4082036584740356,1.162352495873e-05,0.006749028253246428,0.1,0.1,0.7,3,0.7513722056396336,0.9223982010617702
7,2,0.685057164345227,0.9846909969112385,0.9703564460153888,0.43132652584842335,0.9172267638555776,0.42557579477693575,0.00029647502382883,0.1470457273493658,0.1,0.1,0.7,4,0.4951314226648805,0.4491935655788708
7,3,0.5474299350147936,0.8741166902827846,0.8573081419289769,0.3324869118269343,0.14823242255608746,0.4285127293079973,4.9925191805160005e-05,0.028351205583610838,0.1,0.1,0.7,6,0.4549228668391893,0.5699596833215717
7,4,0.44640070358202044,0.8185235053927858,0.7991278689158886,0.30531915953626404,0.27570512486610005,0.4300147479567367,7.815614113854e-05,0.0410185761999377,0.1,0.1,0.7,8,0.3722815511788879,0.4249028884729962
7,5,0.42166994295595706,0.8043705067130944,0.782552889840965,0.3072072835199058,0.2514498732172146,0.4297944514668551,0.00012325200379429001,0.05964462361764864,0.1,0.1,0.7,9,0.3387553867332161,0.3331252903180812
7,6,0.4359063493587795,0.8268586578653092,0.8060824992445358,0.3439832989724757,0.20938073579329208,0.4762798735834068,0.00024643995047640997,0.11925824845047334,0.1,0.1,0.7,11,0.3591184523827666,0.3049390664108134
7,7,0.4231779226641556,0.817181839338722,0.7989788348988534,0.3415278198856701,0.1534847844784483,0.476508666216096,0.00023161873236672,0.11500030967306374,0.1,0.1,0.7,13,0.3476551039986972,0.3068975406020088
7,8,0.4071991707719959,0.8060624457377059,0.793311888858613,0.35674578270505836,0.1384953409552951,0.4555203790567814,0.00016725083767055,0.11640929959777828,0.1,0.1,0.7,20,0.284112659341502,0.2903787624826848
7,9,0.3927160252321594,0.7978288055018599,0.7935255849405203,0.3994197327606037,0.14234598764258277,0.4665012724486821,0.00016780296691215,0.12019989336008317,0.1,0.1,0.7,29,0.257311459714135,0.2470089050618299
7,10,0.38380228735793187,0.790306609713476,0.7885411619666077,0.4031019930527997,0.15577791954149278,0.46576118530416005,0.00015921198097512001,0.11972449677052117,0.1,0.1,0.7,31,0.2593838707699569,0.2558480877252682
7,11,0.3532729899344696,0.7583165326412538,0.7528562755983791,0.3855746948149552,0.11324772265740107,0.46678516454714497,0.0001132117232217,0.08226606602135035,0.1,0.1,0.7,34,0.2580059760121202,0.2493797309705583
7,12,0.35024558496987757,0.7567800477403712,0.7544205148202706,0.39700740984176797,0.10825410263529428,0.46650221802290426,0.00011836249620727,0.08125128376325974,0.1,0.1,0.7,37,0.2445961821181721,0.2532327624831912
7,13,0.3770369707885191,0.785068946668379,0.786014617391347,0.4163583332168999,0.13034188471335476,0.46565768989796585,0.00015724339256574998,0.11964254203978139,0.1,0.1,0.7,39,0.2512373832457947,0.2526239462355867
7,14,0.3867545343252422,0.7962851052782242,0.8005330158312947,0.4312616509232741,0.1403060630078741,0.46584319669622315,0.00019832240710493002,0.13354343025983756,0.1,0.1,0.7,40,0.2522020803049617,0.253215064885407
7,15,0.3492674019625492,0.7572664746345492,0.7579785856336911,0.4113863010676462,0.1210776421164664,0.4671642934126012,0.00011341786089341,0.08345930411204355,0.1,0.1,0.7,41,0.252133949386805,0.2407081170628814
7,16,0.3589392724888437,0.769470066959205,0.7757252604499272,0.44086913898843516,0.14110163357498473,0.5024863669813995,0.00016914000655544,0.10867177907790948,0.1,0.1,0.7,46,0.305257407817556,0.3256620222776796
7,17,0.3483731924681158,0.7627516699348384,0.7780273391068547,0.48971051401236776,0.13145548862565004,0.4669834335935943,0.00012757144741688998,0.11208851562245667,0.1,0.1,0.7,56,0.221763373571352,0.2524546903934679
7,18,0.3181600325449346,0.729020953596605,0.7395964669016614,0.46633277645160165,0.20407827615277424,0.46534985653937955,0.00013803040103522999,0.08862869839857121,0.1,0.1,0.7,57,0.2359893202998242,0.2571347324428605
7,19,0.3266640839301645,0.7362702995129855,0.7487137341665883,0.48426030735795295,0.18015298344571953,0.4671493674229356,0.00013668763409514,0.11962824707034067,0.1,0.1,0.7,59,0.2141814173748632,0.2112845820497652
7,20,0.32702505206102794,0.7305891543247887,0.7297893467721703,0.42303891247770964,0.1324960528143935,0.4675424502396591,0.0001375267193403,0.12036260974831922,0.1,0.1,0.7,60,0.2141384713897758,0.2109046816161538
7,21,0.32801319553633645,0.7376308748539002,0.7527359739371304,0.4778836230239747,0.14293094892428243,0.47523069052012845,0.00014211712547575,0.12859363825033013,0.1,0.1,0.7,68,0.1984418392003768,0.2307302818558712
7,22,0.3253435693470698,0.7363904893194058,0.7547725183246408,0.4841565689982622,0.13562841419819585,0.47512437817239667,0.00014231165964217002,0.12515392114632762,0.1,0.1,0.7,72,0.1975128048684098,0.2295920842689716
7,23,0.32173741779477993,0.7338044814401612,0.7552317746237491,0.5278074472415708,0.15329426423138115,0.47921470489831597,0.00017114876725449,0.1229001305362871,0.1,0.1,0.7,73,0.2373972314670674,0.2717080127632055
7,24,0.3245487398551783,0.7359572441011671,0.7571937028340314,0.4930210431089526,0.15011520823484573,0.470290319289444,0.00014423293039837,0.13031336680173597,0.1,0.1,0.7,74,0.1967139171648289,0.221500026547661
7,25,0.23577230091173396,0.5958673588454284,0.6084776591454719,0.447238235303159,0.9553907298035317,0.4904005154002168,0.00014840422189215998,0.11641002927505034,0.1,0.1,0.7,75,0.1456954354839801,0.1423692335306736
7,26,0.23035847227158784,0.5883887101634367,0.6006563271610037,0.4610120024214624,0.13084491860293612,0.5000131517094153,0.00016130644655683,0.10984370878929176,0.1,0.1,0.7,81,0.149064638363533,0.1467995444732423
7,27,0.24322306508057323,0.6028112481603214,0.6214524202064314,0.4953602421833496,0.14510528917327117,0.4923629073027116,0.00016099210755312,0.13106277148553103,0.1,0.1,0.7,85,0.1428439659850807,0.133812338078422
7,28,0.22885641807098595,0.5899041379172267,0.6118447274748285,0.4945200000735822,0.12673542250389963,0.499362478389682,0.00016000232827381,0.109580094462075,0.1,0.1,0.7,90,0.1454378208479284,0.1431020615424941
7,29,0.19058538082008045,0.556897531460792,0.5919401533674258,0.53571234903247,0.08943807850010639,0.49937043788781255,8.292295469958e-05,0.05579367735860597,0.1,0.1,0.7,109,0.1479817485427113,0.1451934856378824
7,30,0.18993950836587714,0.5539186980556488,0.5855200128150282,0.5379876883658125,0.09843135603915373,0.49934195451790536,8.352258863237e-05,0.05586049625903424,0.1,0.1,0.7,110,0.1504109349124352,0.1456536976521282
7,31,0.18907443551589065,0.557807179762162,0.6024297324495136,0.5916728449145103,0.09091815151734053,0.49987415536499763,8.134262356646e-05,0.0559909689853526,0.1,0.1,0.7,118,0.1441874413968376,0.1438715832554059
7,32,0.18888439164065007,0.5574579114074791,0.602054761722844,0.5949019999497235,0.09090721187008642,0.4998245645540603,8.124698378697e-05,0.05591117039714582,0.1,0.1,0.7,119,0.1440222742859401,0.1433304164693807
7,33,0.18786006258855353,0.5550091585833989,0.5993771404403986,0.5933979584077628,0.09715990566984814,0.49976517331109005,8.105894818514e-05,0.05608980021046196,0.1,0.1,0.7,121,0.1476736316719138,0.1458541937616218
7,34,0.17466825694817445,0.546193124337889,0.6004582203141442,0.6858739054341308,0.07621585086128083,0.4997710159208703,5.3881713148059995e-05,0.03738429197865158,0.1,0.1,0.7,142,0.1457243176921856,0.1455939207353194
7,35,0.17482334341934008,0.5477987417715254,0.6053615660968158,0.6466337084574078,0.07688487777946784,0.49977007145342267,5.39609903874e-05,0.03766072961616887,0.1,0.1,0.7,143,0.1457994368316721,0.145819597593954
7,36,0.18858675816572712,0.5748362127858246,0.6621137385909864,0.8533614961157262,0.09036217300106537,0.49977510764321476,6.0613005083869995e-05,0.05756677080955054,0.1,0.1,0.7,172,0.1429739300317593,0.1413801293237468
8,0,0.9848139176747754,0.9969223844092543,0.996648150252913,0.3792418376619306,0.0,0.0,0.0,0.0,0.1,0.1,0.7,1,0.9083356092290732,1.0657848208140923
8,1,0.9031181079259982,1.006476793862054,1.0029300541955901,0.4041064750782567,0.15937279151232306,0.4025221747634775,1.1775005813300001e-05,0.008595400031265046,0.1,0.1,0.7,3,0.8071543417291923,0.922427474526655
8,2,0.6505093825321647,0.962090687851772,0.9467255266823297,0.41297541752873984,0.9514074944944714,0.42949900812257186,0.00029807820725456,0.1307172135126844,0.1,0.1,0.7,4,0.5886293493970881,0.4486941353718879
8,3,0.5884780113184653,0.9258770168176309,0.9113907164135939,0.39055875770181425,0.20786990295328878,0.4301202024886096,0.00028922637860062,0.11564901018127054,0.1,0.1,0.7,6,0.5362047130023682,0.4168334696133515
8,4,0.5863150818294153,0.9239016916986413,0.9093948481094368,0.39152598257969695,0.12368308718859095,0.4299299638252408,0.00028479699974055,0.11318412904832043,0.1,0.1,0.7,7,0.5356145636306079,0.4189866743421599
8,5,0.5874596403779142,0.9276358079515444,0.9163118415051691,0.3962376908877048,0.13433274084529298,0.4299161326097995,0.00030438321055806,0.11834119968967957,0.1,0.1,0.7,8,0.5309461610349908,0.4085577505283069
8,6,0.3908357219613434,0.7781369727762982,0.7548947773307513,0.28893266408854434,0.3721521166551659,0.5232086871438145,5.9308280351150005e-05,0.03166528616625019,0.1,0.1,0.7,10,0.3395687740108687,0.4235590228104645
8,7,0.3879661172407068,0.7806626424042012,0.763085004138471,0.30478391274219796,0.1009932275258201,0.49986690983599014,0.00012740277014763,0.049484543509334726,0.1,0.1,0.7,14,0.3559941070233593,0.3508354432742656
8,8,0.38750842648482,0.7825982563195478,0.7679097375641122,0.3129379483536413,0.10413567380176947,0.5048527506619278,0.00014087673926495,0.05606743917354073,0.1,0.1,0.7,16,0.3653840721964425,0.3326840080337544
8,9,0.3121552925941611,0.711105919550845,0.6930049609299099,0.2738712521090023,0.3245133379280749,0.5240119828180709,0.00015484251227381,0.05673030188351135,0.1,0.1,0.7,18,0.2806655476117982,0.2943954870408505
8,10,0.30547479472391403,0.7038580331351043,0.6853168298714323,0.27094073960847975,0.12025729752524754,0.5142038307191883,0.00015257958963736,0.054833949569481066,0.1,0.1,0.7,19,0.2884168100958965,0.2788293800821886
8,11,0.306252010728536,0.7061294857865448,0.690888294001793,0.2756103916350478,0.09104790816367853,0.5170156055249284,0.00015332525310506,0.05562274887895479,0.1,0.1,0.7,20,0.2863987591511817,0.2793767516707233
8,12,0.3062520122559593,0.7076283176615015,0.6956925916367226,0.28215030937866015,0.09065292344130091,0.5170156067972638,0.00015332525837209,0.055622750738892085,0.1,0.1,0.7,22,0.2863987606169763,0.2793767518520725
8,13,0.3061445867727357,0.7090243723791101,0.7003845581255486,0.28734465428048117,0.09085450343317839,0.5178254122945387,0.00015126375996343,0.055514094252066715,0.1,0.1,0.7,26,0.28491396941477,0.2910381306899673
8,14,0.2792881415185248,0.6772804803973492,0.6660939432795476,0.282576068468196,0.2629656636695283,0.5235509166276173,0.00013331279512268998,0.05016883351791321,0.1,0.1,0.7,27,0.2388651617726067,0.2582869889816914
8,15,0.2749665932786479,0.6625301319940465,0.6478342411827585,0.28231988033055355,0.35522891187432076,0.5212249933910778,0.00017216710735215,0.08567188714914403,0.1,0.1,0.7,28,0.1999059883602404,0.2221277458082294
8,16,0.23876342086012725,0.6068218168769794,0.5905596881763011,0.2611183241919301,0.2776707503239077,0.5190643167752568,0.00017088349475524002,0.08233998823921497,0.1,0.1,0.7,30,0.1597216678782417,0.200225720980384
8,17,0.23771285702847642,0.606594423667887,0.5935026107592121,0.2673054767127494,0.11401766341709388,0.5186035851547333,0.00017061125723023,0.08210576380009581,0.1,0.1,0.7,32,0.1596108372139223,0.2012065892526298
8,18,0.21274779942019648,0.5558907338035418,0.5412398600555541,0.2456039318886508,0.17897970252050466,0.5117091345697594,0.00018245374754704,0.0864828006930116,0.1,0.1,0.7,37,0.1388932545548417,0.1493783349057639
8,19,0.2127477948175731,0.5573895576153822,0.5460441496273674,0.2532010025682891,0.11172718038946153,0.5117091310200558,0.00018245372848719,0.0864827917265493,0.1,0.1,0.7,39,0.1388932585138453,0.1493783373874822
8,20,0.18246062942121785,0.49921927154833257,0.4836301996517519,0.22327728749876044,0.24785158267437254,0.5266221866175043,0.00014609110908813,0.06927457074189174,0.1,0.1,0.7,41,0.1109760885949189,0.1200732544538957
8,21,0.18419672969771617,0.490119079223891,0.4761028963105841,0.22592466074843703,0.16987626448259682,0.5298371037059807,0.00017167203926236999,0.08143990069568598,0.1,0.1,0.7,43,0.1012177014010054,0.1035102863474483
8,22,0.1732137188541638,0.47687613434798876,0.462549747627214,0.22311557478079333,0.11098160787179527,0.5155806146267188,0.00014653168936885002,0.06953373386638785,0.1,0.1,0.7,45,0.0962047156726471,0.0988906970674995
8,23,0.17829800986064676,0.48194937206039634,0.4676215132934461,0.2300158945998555,0.10543098486864118,0.516218451855786,0.00016184215908378,0.07671140060248346,0.1,0.1,0.7,46,0.0964603105512844,0.100714346602745
8,24,0.16090061618082202,0.42920942145285007,0.41339028966023034,0.21479467198890234,0.43646041706820665,0.5318495109292145,0.00015870554731187999,0.07387708474961707,0.1,0.1,0.7,47,0.0828484591031016,0.0836899425938191
8,25,0.15624641086948066,0.4098477878854017,0.3953457403234876,0.19897597227234048,0.15217437181490298,0.5439977378831851,0.00014132753566394,0.07421338959335765,0.1,0.1,0.7,50,0.0927715114544601,0.0808536144459733
8,26,0.1542886607482437,0.400936081861728,0.3855988124667368,0.19666781092047794,0.13568896374526632,0.5381154325633942,0.00014569843938217999,0.07570904198994798,0.1,0.1,0.7,52,0.0899539246732062,0.0778713742641003
8,27,0.15543114950934664,0.4034869517954212,0.3914443437607664,0.2141892238740323,0.10836888982613013,0.5406534250159772,0.00014972913066765,0.077021872493314,0.1,0.1,0.7,54,0.089524702040856,0.076493620084565
8,28,0.15205355169106277,0.39738582978035597,0.3850187820920705,0.2094292132549478,0.1279733869671065,0.533874608396439,0.00014508044929407,0.07447514437685135,0.1,0.1,0.7,55,0.0857680784121311,0.0765677085463757
8,29,0.15704159708352877,0.3895502076784136,0.3756747928080665,0.20594988048461227,0.21887301734545964,0.5522495769569101,0.00016560223583022,0.08482957451844692,0.1,0.1,0.7,56,0.0662732540226532,0.0563763935051079
8,30,0.15464014241653537,0.3885580401428179,0.37797766890747675,0.21181228340493874,0.11260898771161892,0.5502734501608207,0.00015821479779732,0.08172151464667572,0.1,0.1,0.7,58,0.0657756052140576,0.0562688164877819
8,31,0.1466711768445627,0.38031843596550513,0.3697065536851747,0.2133731457491637,0.10545114403321429,0.5518659294825757,0.00013707517266274002,0.07023124950674899,0.1,0.1,0.7,60,0.0665773271981224,0.0562393534297755
8,32,0.15317819104680544,0.37771981432381496,0.3691883207994283,0.23990269361552904,0.19869084047889915,0.5656876823189381,0.00015746626422932,0.08203582177456081,0.1,0.1,0.7,61,0.067535973351215,0.0563571687254905
8,33,0.1522480315079393,0.3762323688999302,0.37077090947957336,0.24782909568711728,0.12180228433558066,0.5607295369316666,0.00015802284950421,0.0822515787384431,0.1,0.1,0.7,63,0.0671522897866221,0.0574529755074144
8,34,0.15223140997891582,0.37602745573780927,0.3705444653316761,0.2584672716667073,0.11419733990161679,0.5612698926643406,0.00015795991475587,0.08222670901490928,0.1,0.1,0.7,66,0.06707194408959,0.0572097724998427
8,35,0.14976432293505565,0.37146606761387513,0.37201387607046565,0.26677967737601505,0.15275272477044938,0.5664910186227958,0.00015225475312171,0.07998156397127909,0.1,0.1,0.7,67,0.067387715612324,0.059743589354549
8,36,0.13953924295735443,0.35925836047854076,0.35958131643333074,0.2677710765859861,0.11073738517449043,0.5654153819956727,0.00012552709013758,0.06630333809003217,0.1,0.1,0.7,69,0.0695420045480181,0.0637554721920035
8,37,0.1442628306158912,0.357951778310261,0.35759431156040383,0.2738476984458339,0.12497195476963474,0.5378432658805526,0.00015198784131152998,0.07927773693305795,0.1,0.1,0.7,72,0.069211380815718,0.0632845749731174
8,38,0.1434547362227569,0.3547534166624511,0.36040293279699714,0.29710565546816586,0.11684193788255604,0.5596617537072991,0.00015258749516866,0.07698933008935976,0.1,0.1,0.7,78,0.072250422796376,0.059646407611344
8,39,0.1344725431410929,0.34098935537987635,0.35866465550353394,0.35927217877841783,0.1127209616010113,0.5614511685599611,0.00013116402451721,0.06768009762612101,0.1,0.1,0.7,87,0.0749383464438617,0.0657699042168972
8,40,0.14446319862938964,0.34806612106022383,0.3654203522132489,0.37361686262516874,0.11974750933601225,0.5390040950560484,0.00016722119015012,0.08613739131073248,0.1,0.1,0.7,91,0.0647959641059168,0.0490180200767995
8,41,0.1351168539205258,0.3327510733288687,0.34945085054453695,0.37072824415469374,0.12887458507184751,0.5394022703408639,0.00013856446732161,0.07469550901458168,0.1,0.1,0.7,93,0.0662973216754318,0.0527472988639877
8,42,0.12947682631916868,0.3290112702025703,0.3522021718023081,0.35325815710679576,0.10581702100923038,0.5578447145649174,0.00015381535848075999,0.06435426709566747,0.1,0.1,0.7,95,0.0637077876811078,0.04829613351754
8,43,0.12170261334599304,0.31810793812115395,0.3409577442123917,0.3569182403731992,0.10601464858645851,0.5549541543193875,0.00012946422964289,0.05466161585096907,0.1,0.1,0.7,97,0.0658891479878013,0.0478754556985181
8,44,0.10782224392760612,0.30284157058139954,0.32554066155263434,0.3678336242696082,0.08167470677325894,0.5451724846820367,8.321059040700001e-05,0.03667213880671397,0.1,0.1,0.7,104,0.0646704496638312,0.0535815755178847
8,45,0.10528851353074331,0.2989431775776278,0.3214940496762013,0.3815123180870168,0.08305335375230435,0.5478360615324529,7.50447925097e-05,0.033099301490807864,0.1,0.1,0.7,106,0.0660482593557859,0.0507471845186383
8,46,0.1216862589200465,0.3192079485120315,0.35474987760744636,0.42280830166038924,0.09683413135351102,0.5481784387788218,0.00010733543160613,0.05713004732055973,0.1,0.1,0.7,113,0.0574920106190936,0.0471593287576133
8,47,0.10165172459248813,0.29417604852270396,0.32289053981453675,0.4271485659194164,0.07850829986770005,0.5335681332900851,7.486248477202e-05,0.031214602724876347,0.1,0.1,0.7,118,0.0677403142349065,0.0393749225572288
8,48,0.10123494042225419,0.2899555431184612,0.3214038779911591,0.43933283070400286,0.09478648027415475,0.5235180837712642,7.708664380732001e-05,0.03364157983850532,0.1,0.1,0.7,120,0.0599525528329187,0.0466751765600943
8,49,0.09536798077207308,0.29523011424508,0.35303085090138103,0.5706935426686938,0.07050585044390359,0.49579117044638527,7.424855455221999e-05,0.029472546686342055,0.1,0.1,0.7,142,0.0646531079578472,0.04351217806355
8,50,0.10213754369250355,0.2847585942195795,0.3061181714925258,0.4531463002447408,0.07946184349157415,0.509046898140154,8.31445164647e-05,0.03746978306298371,0.1,0.1,0.7,146,0.0665956441600318,0.0395844335199188
8,51,0.09855727475806358,0.27630643388488696,0.297143924255659,0.4468460287446202,0.09260430369950791,0.5108706095465009,8.061336800890999e-05,0.033503160188843285,0.1,0.1,0.7,148,0.0673767637551317,0.0390026392811255
8,52,0.09646662437609471,0.2718600519788419,0.292445889509325,0.4434368577944822,0.0783886558251894,0.508114917485074,7.656768757374e-05,0.03157887969800636,0.1,0.1,0.7,151,0.065787367243845,0.0387939852586374
8,53,0.09427832890080556,0.26523536372310097,0.30108184216570055,0.5563614420966898,0.0769391231739491,0.5174429882166842,7.948342606893e-05,0.030378761643409306,0.1,0.1,0.7,173,0.0678082714758932,0.0344890697157677
8,54,0.09018618742920773,0.2663567453489228,0.32163736213314326,0.7006730747386677,0.07125532085890376,0.5185496170892949,6.694944501571e-05,0.02536725767705203,0.1,0.1,0.7,190,0.0660038085680582,0.0349192550209889
8,55,0.08784171259954843,0.2568125744723118,0.3018923750298761,0.6804101096887832,0.07760600421933334,0.514333841111229,6.224922535723e-05,0.023317727766760235,0.1,0.1,0.7,192,0.067912806469486,0.0357651680955054
9,0,0.9715776789457479,0.9933481165670919,0.992755234612546,0.37566788428171444,0.0,0.0,0.0,0.0,0.1,0.1,0.7,1,0.9670373138272752,1.058641089467916
9,1,0.82038198706882,1.0079546241711126,0.9974537661562072,0.4221954100686994,0.3217735050783421,0.43002639762189826,0.00043237271921352005,0.06733894586743432,0.1,0.1,0.7,3,0.8470792649581966,0.6730443985845096
9,2,0.6606194686482936,0.968417909558523,0.9533886290829572,0.41791845323443716,0.6717586766800547,0.4293613737751748,0.0002911522258489,0.1343938597945199,0.1,0.1,0.7,4,0.5645501907436737,0.4512034629375223
9,3,0.6089979304110462,0.9406155968083793,0.926760356188328,0.39998055840692115,0.20539903687115513,0.43008481693979606,0.00030566031933925,0.1265920002859734,0.1,0.1,0.7,6,0.4687175658031523,0.4089315933032654
9,4,0.5442732563999465,0.8831751828864461,0.8650428804790108,0.35361516156060957,0.15360885696089407,0.42762801735301414,0.00016719993577195,0.06261874744892576,0.1,0.1,0.7,7,0.4487653733105864,0.3892646293642762
9,5,0.4983937271314277,0.8642586147758666,0.8459473301847441,0.34656083686923095,0.34615025929376064,0.5313080619069379,0.00016251594189487,0.07449229497331292,0.1,0.1,0.7,8,0.4673118156644058,0.3524045853553289
9,6,0.4621357163027763,0.8386421500586113,0.8219460631848033,0.3313751756949098,0.1555664479415002,0.49640411066731377,0.00015464818631061,0.06783478350931028,0.1,0.1,0.7,10,0.4087951040298759,0.3086602273299905
9,7,0.4376317690600624,0.8146641217674995,0.7942304714837118,0.31715785880721614,0.10937766113453906,0.42967424031030993,0.00011552099855691999,0.05218579827117404,0.1,0.1,0.7,11,0.3634510390792858,0.4061904525269995
9,8,0.41496993377455504,0.7977231212175663,0.7758913820697962,0.3081649717583901,0.17488352624100814,0.4291200083924403,0.00011359527276287002,0.05047269954142065,0.1,0.1,0.7,12,0.3415945352447126,0.3795383783135213
9,9,0.4332213444144644,0.8211647158776484,0.8015278003996504,0.34164971944218275,0.1510667553571255,0.4708473425805502,0.00021076157400836,0.0936456715237422,0.1,0.1,0.7,14,0.3113840922216958,0.3648624912253181
9,10,0.41739397996531324,0.8080621090133301,0.7874080758540398,0.335095794851043,0.1812405124416135,0.4699587950278057,0.00020836178158205,0.0913572432732485,0.1,0.1,0.7,15,0.3006759156326,0.3445898095230771
9,11,0.3958244435613505,0.7886380853264696,0.7710089337997397,0.32140454911011795,0.10288313145440453,0.45132753233049594,0.00015653579004465,0.06863388354378691,0.1,0.1,0.7,17,0.30385053520419,0.3402414485719242
9,12,0.40631314801682644,0.8037159836838133,0.7877054940926833,0.3476577563522319,0.1647416463240096,0.46765135681354436,0.00026119024963003996,0.11272215541644837,0.1,0.1,0.7,20,0.3070803316177553,0.3045112040201252
9,13,0.43748370131804054,0.8351750425335577,0.8188549901712411,0.39345078378921255,0.18149348545465502,0.4715995809942058,0.00030245910903381,0.1620551008340381,0.1,0.1,0.7,21,0.3343050452243826,0.3231434413299585
9,14,0.3674227726402982,0.767178201648956,0.7536108055595044,0.32204874687523105,0.13554693218085603,0.46749412505354276,0.00015854962484485,0.07224278738578611,0.1,0.1,0.7,22,0.3191177495503037,0.3391504493011162
9,15,0.36154454863066116,0.7632027533578061,0.7523976636125673,0.32720151957020843,0.11672389038030778,0.471197463719312,0.00016714050932661,0.07259826297249748,0.1,0.1,0.7,24,0.3187149051707281,0.3148528215465398
9,16,0.4090766867356418,0.8109286479496313,0.7997514960432884,0.38159493954384893,0.17556843097095803,0.4728721760461715,0.00028118140764706,0.146485003915469,0.1,0.1,0.7,25,0.2802473531889632,0.2760753851360012
9,17,0.40902315213077967,0.8108770524679958,0.799695340765784,0.38669527238161194,0.1501727979500821,0.4728721760461715,0.00028118140764705,0.146485003915469,0.1,0.1,0.7,26,0.2805519658928024,0.2761562091194779
9,18,0.34917483392811566,0.7463993339698003,0.7295124085712583,0.35739779677802674,0.5454335832616473,0.5140001324372937,0.00035542534062791,0.1399314652164729,0.1,0.1,0.7,27,0.2088210701367245,0.160532933656017
9,19,0.2875509160798197,0.6814181160242463,0.6631444434051967,0.3008053739995773,0.1472285913583409,0.5086905491664957,0.00016110315097894,0.07011386565939741,0.1,0.1,0.7,29,0.2061410802128205,0.1554470923964705
9,20,0.2634583132095002,0.6463555335743255,0.6275155042906437,0.293629057531255,0.19593901773078257,0.5008138022017804,0.00019477323733048,0.08106136362345794,0.1,0.1,0.7,32,0.204094409873597,0.1457289644324594
9,21,0.24777368052551224,0.6227333794280515,0.6049377606501812,0.2854256055437406,0.18523492175177245,0.498321423109919,0.00019822200317423,0.08177007587765611,0.1,0.1,0.7,34,0.1629212083189758,0.1282120929896753
9,22,0.2278625039639403,0.5995668653135152,0.5810631619682093,0.28123346836738966,0.10818367820142755,0.49674938711988237,0.00014817075751791999,0.06025595879478464,0.1,0.1,0.7,37,0.1710724791633959,0.1442870255375904
9,23,0.23198673689670815,0.6037039633183787,0.5881310699281224,0.29847923986332486,0.10355089856412075,0.5113957885988136,0.00016408328105479,0.067935426053925,0.1,0.1,0.7,43,0.2278017025712984,0.2437084655820339
9,24,0.2097158422910197,0.5808352613202827,0.5681952552927352,0.29321522774597514,0.10113370073201347,0.49418896544716306,9.372033288297e-05,0.0415642146681001,0.1,0.1,0.7,44,0.1645055363993931,0.1414765835274345
9,25,0.2071776305940215,0.5791987598622882,0.5697426190248626,0.2989418568606653,0.08515945597599697,0.48613250164259864,8.747560561032e-05,0.04018625614253024,0.1,0.1,0.7,45,0.1848414247915412,0.1651989697973932
9,26,0.2115578383920276,0.5800680125265552,0.563897022805091,0.28919858685037975,0.08537653129052923,0.5007194613862381,0.00010348145192221999,0.04528979642226016,0.1,0.1,0.7,47,0.1649189051666654,0.1424474157501345
9,27,0.202259298815785,0.5618288867306501,0.5499884542339395,0.30295844406721145,0.1255792343491872,0.532740715639241,0.00010496286757164,0.04692652782327965,0.1,0.1,0.7,51,0.1722481358106407,0.1544758206241293
9,28,0.2092980651187394,0.5699603702781975,0.5643876970699191,0.33195699363631204,0.09808808641980185,0.5220114994160941,0.00014257344449854,0.06128854266674212,0.1,0.1,0.7,59,0.1856101781361335,0.1924312735464467
9,29,0.20945084045101064,0.5680940938283694,0.5621644027736186,0.34714782460910776,0.12188001571358757,0.5161563410550768,0.00014564257616489002,0.06518073535601057,0.1,0.1,0.7,60,0.1798680645107021,0.1937753865055244
9,30,0.20662242548609847,0.564240430540419,0.561172365655078,0.3526011507526147,0.11235924251173851,0.5126911449196374,0.00014626519634396,0.06514320401025993,0.1,0.1,0.7,62,0.192642845095278,0.1901070465919855
9,31,0.20512624993075065,0.5597017914421792,0.5561185996706887,0.3530741727034091,0.13331608247051144,0.5248143901677181,0.00014365150486411,0.06518446634231688,0.1,0.1,0.7,63,0.1645745059058677,0.1804183592313259
9,32,0.19706308938420497,0.5450678838205558,0.5403930029672064,0.37340298652250714,0.10412373843813458,0.5159960940387093,0.00013557069959861,0.06303723687921356,0.1,0.1,0.7,72,0.1474289852958139,0.1560672978575217
9,33,0.19625105070316923,0.5452366709019845,0.5437829683283917,0.3784391817108448,0.09826735485304153,0.5181253601954908,0.00013717868945178,0.062183747852736004,0.1,0.1,0.7,74,0.1456074508479207,0.1525813788094046
9,34,0.18823288852254086,0.5563349165223431,0.5977924955386268,0.6493083432816291,0.08771224392223902,0.5153375536161071,0.00011444887477370001,0.0515632896660432,0.1,0.1,0.7,131,0.1697529729312512,0.1747715910357148
10,0,0.9595220777225393,0.9900509914760194,0.9891642760203293,0.37358303169227364,0.0,0.0,0.0,0.0,0.1,0.1,0.7,1,1.0077736864675095,1.060471040411037
10,1,0.8934363424465701,1.0010747659709238,0.997357828518785,0.3994055306497377,0.1405932622683158,0.38910114007903157,1.0139964028380001e-05,0.005523258038952874,0.1,0.1,0.7,3,0.8333367921974102,0.9214105405416042
10,2,0.6869192686424476,0.985401787934403,0.9711619240200828,0.4316452237983071,0.872550679513748,0.42961904085150804,0.00029408732719106,0.14596620201075525,0.1,0.1,0.7,4,0.4872859425677081,0.4496324157879532
10,3,0.5183182529995035,0.8643552389954019,0.8453675084326278,0.335470558642434,0.2414968620106834,0.4300455008797568,8.008727004798e-05,0.04911103593350536,0.1,0.1,0.7,6,0.5134540024665576,0.5025020221091339
10,4,0.5017538494096254,0.8558762707476395,0.8394068772791753,0.34084982117915513,0.1044613614645457,0.42942824952204506,7.168846538796e-05,0.04756234805606011,0.1,0.1,0.7,8,0.4227441115968313,0.515031434300284
10,5,0.4990512029243094,0.8542807821013036,0.8376581944388051,0.33657574381621763,0.08692270766328407,0.4295551759416728,7.194668972845e-05,0.04772059549075652,0.1,0.1,0.7,9,0.4214761082346372,0.5116655818268105
10,6,0.45447569050740966,0.8268162821966563,0.8109584373635698,0.3213868460477201,0.25002887612134655,0.43015586583986953,7.384578912063e-05,0.04698111758482773,0.1,0.1,0.7,10,0.3945562247465328,0.4441660932953815
10,7,0.40080478486996407,0.7880623744759819,0.768648522097525,0.30721568575016456,0.19970959685648035,0.5087870853206513,6.772851587571e-05,0.037381860561977814,0.1,0.1,0.7,12,0.2550461587508879,0.3514668608417506
10,8,0.4090715652178269,0.7985005117033972,0.7821729937961039,0.32453522045538946,0.0960349991176228,0.5065870980969724,9.773691897073001e-05,0.05397452621441182,0.1,0.1,0.7,14,0.2820920914776624,0.33351509276183
10,9,0.40654837129581006,0.7966844621264261,0.7801142254623387,0.32508603047572804,0.10613707814550832,0.5128386082093087,9.847659942871e-05,0.05437743159202352,0.1,0.1,0.7,15,0.2678512666142901,0.3363873270428484
10,10,0.35423142095544097,0.7538117678696106,0.7360299420571196,0.3042545475095397,0.4121832677064691,0.5298926073489616,0.00010501680932952001,0.06095177081881943,0.1,0.1,0.7,16,0.191209486761028,0.3113982948542996
10,11,0.2944534398031777,0.6910199627222015,0.6689899241059626,0.260343389752645,0.1769784392979621,0.4961300833923108,7.32753193633e-05,0.044167036109789476,0.1,0.1,0.7,19,0.202046930993852,0.2399946412437569
10,12,0.2718547259259103,0.660402857257355,0.6374682868408958,0.25203660553995033,0.24116445320157961,0.5045710894890594,0.00010676634836105,0.06455417478937309,0.1,0.1,0.7,21,0.1760625304816788,0.2062244761735857
10,13,0.2554314260729781,0.6407563953055321,0.6196809789284884,0.25983199420719805,0.1107302790532651,0.5154622711132019,9.885360720727999e-05,0.055973562439474656,0.1,0.1,0.7,26,0.1444952813426655,0.1841122824914093
10,14,0.26502261064442617,0.6496070184403874,0.6283220557135037,0.26954706637211473,0.11642365149958858,0.5277345788214,0.0001240122679786,0.0702190706142431,0.1,0.1,0.7,27,0.1470259469005932,0.1958076925537586
10,15,0.26112722155142243,0.645067082646872,0.6236028911745309,0.26574645985504836,0.10188782148936362,0.5252330849558501,0.00011826404132216,0.06696427058457506,0.1,0.1,0.7,32,0.1445296316270917,0.1911053989316706
10,16,0.21914676976716208,0.5994300213961912,0.582865459835414,0.26191221449171964,0.0847622332245999,0.47660135283045646,5.1835247106649996e-05,0.031871829524254776,0.1,0.1,0.7,40,0.1824724223879392,0.2025630928288508
10,17,0.1832263716866626,0.5170639589199618,0.5009364379068503,0.23853540977324603,0.3078824980500386,0.5047376759415788,9.658243420232999e-05,0.05569179966757671,0.1,0.1,0.7,43,0.1537035248754585,0.1617475766983392
10,18,0.18592649206462114,0.51730276192917,0.49771924943410023,0.2360360008025612,0.103453503645773,0.5075436179807229,9.618217651716999e-05,0.06018580271710862,0.1,0.1,0.7,44,0.13844228200098,0.1463145900245344
10,19,0.184950546600653,0.5157207421845184,0.49604381081229987,0.23781124262300596,0.09882473608692526,0.5045996012574865,9.555134751682e-05,0.05984408616856432,0.1,0.1,0.7,45,0.1370497144734191,0.1433411593218003
10,20,0.18222778680534918,0.5088036361795052,0.48848906533705866,0.22757131848824283,0.10357551492828124,0.5083394031921992,9.733762543486e-05,0.059647799949579104,0.1,0.1,0.7,49,0.1396641343803002,0.1426915378565955
10,21,0.18300582515453223,0.5107332523818958,0.4936716899924875,0.23907178135580265,0.095433963211691,0.5057822670391559,9.607270874283e-05,0.061469718034674554,0.1,0.1,0.7,51,0.1321525653211216,0.147279145388807
10,22,0.17113825258164211,0.49759237317538846,0.48033916637415447,0.23468164242905148,0.08925804228782548,0.5037043547294815,7.179219623664e-05,0.04606886572643994,0.1,0.1,0.7,53,0.1301769531085509,0.1421060198920041
10,23,0.1713992589606787,0.49761631480284235,0.480327818951335,0.23179719028264556,0.08425261713205492,0.5087782419106412,7.339264133391e-05,0.045943532831570204,0.1,0.1,0.7,55,0.1356690117381578,0.1400543511968122
10,24,0.1601377478224476,0.4871090020754806,0.4730140599399372,0.23945003037851276,0.08008708853881397,0.5090117689124424,4.906759220554e-05,0.030555832328657665,0.1,0.1,0.7,56,0.1390470452763322,0.1591982713301723
10,26,0.15755606291724536,0.48458274752731706,0.47666255687748355,0.27979484132434523,0.09192697002105547,0.5067743016708528,4.970669661247e-05,0.029975255930321566,0.1,0.1,0.7,58,0.1332159123578564,0.1576384507511554
10,27,0.15958543566931163,0.4827350220622346,0.47116016120884446,0.2524293544787459,0.09936942382641689,0.49980317272810587,5.674667589252e-05,0.03606877838320272,0.1,0.1,0.7,59,0.1235669910351159,0.1439905474218727
10,28,0.15923496807025042,0.4823585911536994,0.47077992797316814,0.2551921881739029,0.07516165990490208,0.49758327588921447,5.645479779056e-05,0.03590897584931287,0.1,0.1,0.7,60,0.1232799340861293,0.1433918915831515
10,29,0.15858459191005683,0.4804998385560736,0.468744995966398,0.25928688762644747,0.08719742152645275,0.5028614109063129,5.630895888265e-05,0.03532356414914572,0.1,0.1,0.7,61,0.1241979299374117,0.142195530808975
10,30,0.15451053016493782,0.47818082612506224,0.47285645731781234,0.2631286653112933,0.07422449030995745,0.5020478851616478,4.945666294017e-05,0.030738055694427016,0.1,0.1,0.7,66,0.1274473132261323,0.1689268400952519
10,31,0.15440885735797621,0.47290607964338893,0.4606572038532837,0.2717173042517623,0.09462810103892097,0.5132487880575867,5.094543177506e-05,0.030910556644424977,0.1,0.1,0.7,67,0.1404589896732177,0.1555197858403599
10,32,0.15309554636171385,0.47014802460295635,0.4576921871099166,0.2730050621840663,0.08684147099009851,0.5076340659274763,5.0872831489629994e-05,0.031090015697441152,0.1,0.1,0.7,68,0.1393469962821958,0.152735719053023
10,33,0.15306596713780082,0.4714959447872705,0.46232825555222246,0.28152458196130864,0.07317152691454473,0.5080655567569703,5.087930445894999e-05,0.03109013898994253,0.1,0.1,0.7,70,0.1393767850681291,0.1526860525215767
10,34,0.15252987489237013,0.47059841753175496,0.4613791453020868,0.2840632816573831,0.07582090534295748,0.5059495412712266,5.0600045180740005e-05,0.030937015049553648,0.1,0.1,0.7,71,0.1389553945630598,0.1514579910478976
10,35,0.15240032613066168,0.4686762318314848,0.45610962858396253,0.27517992402347435,0.07519391859290857,0.5064970048859152,5.0591190158870005e-05,0.03092494803080832,0.1,0.1,0.7,72,0.1389034049391911,0.150635459503401
10,36,0.1490928627690351,0.4698603274197774,0.46720943993428304,0.30449210461101334,0.06904732673154251,0.5110485503944858,4.218068494498e-05,0.025555320980652257,0.1,0.1,0.7,73,0.1404137277938892,0.160040492558535
10,37,0.14373261034032242,0.45781465728109466,0.4542221723676212,0.3118019160404469,0.10005905876635506,0.5117915075325372,3.8323318913080005e-05,0.02333341149492558,0.1,0.1,0.7,75,0.1467180427019836,0.1609126572614977
10,38,0.14315570488980503,0.4583109759938893,0.4579647305725362,0.320985195773462,0.07127298597484441,0.5093088973227727,3.8105976485530004e-05,0.02320535458523853,0.1,0.1,0.7,76,0.1460793296342021,0.159515373495671
10,39,0.14307978758434392,0.4565940007159198,0.4529225172393242,0.31185889781133436,0.06745562121943137,0.5092952814540388,3.80614028572e-05,0.023212669816829404,0.1,0.1,0.7,81,0.1456105734604205,0.1594585488785805
10,40,0.14305094171865665,0.4580155064159271,0.45764272769492087,0.3207992474664152,0.06764579456308407,0.5094163217087562,3.804499860997e-05,0.023192897438975606,0.1,0.1,0.7,82,0.1455310030774378,0.1592521849952244
10,41,0.14232291710355366,0.4569654284564096,0.45654793137315347,0.3199335604407167,0.06817829119269653,0.5080221612081851,3.712693664178e-05,0.022609149769416175,0.1,0.1,0.7,84,0.1445631697548024,0.157844391320857
10,42,0.13817355708965975,0.44424838154749896,0.4457596917032895,0.36968117835015757,0.07738435171064854,0.5190625950555322,3.648439637579e-05,0.022788599170970102,0.1,0.1,0.7,94,0.1087521775300124,0.1215352050001631
10,43,0.1366733957142972,0.4361740096948969,0.43680852586796104,0.32265562526819275,0.13016609935915743,0.5167550692991474,4.099042626521e-05,0.025635986748335098,0.1,0.1,0.7,95,0.1055807538271866,0.1169880113171621
10,44,0.1345360888013836,0.43194939426043,0.42920065243769406,0.3648689356882492,0.06956569439701421,0.5143724615170858,3.663478107102e-05,0.023329893773810183,0.1,0.1,0.7,98,0.1104351637756314,0.1183715720471841
10,45,0.13239568089799542,0.4282975280243242,0.43156784478084514,0.34946374425224397,0.10867276417585245,0.5165861644038561,3.674201740081e-05,0.02300113912395955,0.1,0.1,0.7,99,0.1052364016588669,0.1165997577388079
10,46,0.13078428451403287,0.42817159152413037,0.43474562019804325,0.38220394051761025,0.06616991159595742,0.5196558311323415,3.245267186443e-05,0.0202700832526615,0.1,0.1,0.7,109,0.1014170324214746,0.1185547779459481
10,47,0.13080220436130727,0.42963631235555244,0.43950902009390647,0.3959878949137272,0.06666965104538984,0.5192621280498552,3.2499234118950004e-05,0.02038642201375437,0.1,0.1,0.7,110,0.1010713520866544,0.1174563677064164
10,48,0.1292917460994929,0.4280782827928256,0.43794479987130563,0.3997056645969868,0.0651409257193492,0.5195567606912869,2.9191569648020004e-05,0.018218549946256102,0.1,0.1,0.7,111,0.1006515091359323,0.1176033662841941
10,49,0.1262520055585166,0.43189690274964804,0.4582071719999054,0.5195457633793255,0.062267647778657155,0.5173153497693861,2.364482829977e-05,0.014628282850853602,0.1,0.1,0.7,131,0.1302639051699382,0.1400052962729699
10,50,0.12599309305024672,0.43123972322094484,0.4574987965169493,0.5227218906269222,0.06533064043332226,0.5169453800227791,2.351799093e-05,0.014562880934608469,0.1,0.1,0.7,132,0.1290267971309718,0.1396453827380603
10,51,0.12473458555858956,0.42828733738402724,0.4512155484607644,0.51048751229521,0.0611610190961941,0.5134869759595247,2.19718484553e-05,0.013387515139012858,0.1,0.1,0.7,136,0.1252921586563509,0.1345630429735239
10,52,0.12604540440782114,0.4273675858839001,0.4468952719692291,0.48494239459875416,0.06346325315168896,0.514171156333852,2.5670824215960002e-05,0.015640548922349805,0.1,0.1,0.7,142,0.1274347686414404,0.1363859623353386
11,0,0.9687558265764163,0.9925799476676361,0.9919186189229817,0.37649600956759866,0.0,0.0,0.0,0.0,0.1,0.1,0.7,1,0.9700695928228766,1.0631955216716045
11,1,1.0856389108755442,1.2650910320524407,1.2551352461137055,0.6771067537964671,0.5548237743794173,0.42850163466022567,0.00045356477674675003,0.426155063634587,0.1,0.1,0.7,3,0.7897561319889108,0.6730443985845096
11,2,0.6411498007320049,0.9596537446267771,0.9436485541206265,0.4131791512116467,0.7726074731928461,0.42983264720163356,0.00031030765147497,0.1374451748951848,0.1,0.1,0.7,4,0.6390177410036493,0.4448334152434134
11,3,0.5943345860670028,0.9368622592881023,0.9217947815381884,0.4039501667192434,0.22344226657899643,0.42611500883964964,0.00032433295404115,0.14122426148152967,0.1,0.1,0.7,6,0.597240341860345,0.4059008589671316
11,4,0.5361492728580333,0.8840354323187976,0.864812546925218,0.35897403545338463,0.15824376337870844,0.4297064101733306,0.00018651089082810998,0.08102786761636421,0.1,0.1,0.7,7,0.5147418546605801,0.3684086377327828
11,5,0.5028225608132358,0.8637969349304626,0.8462644115818133,0.34981146385375844,0.20773442222655233,0.4406130905632081,0.00017228239201611,0.07430554340599861,0.1,0.1,0.7,8,0.4981642460838187,0.3449744870155415
11,6,0.5049459243872357,0.8646345249140093,0.8437639980119269,0.3503110598157835,0.10104245946414213,0.4295256126546842,0.00018385333780775,0.07974693765250006,0.1,0.1,0.7,9,0.5128053648259283,0.3514180637644381
11,7,0.5257439763675567,0.8869350025887985,0.8693694119538149,0.3754120910189256,0.11963809500601838,0.44959682057223516,0.00024547743102228,0.10659601773382084,0.1,0.1,0.7,10,0.5210079137845546,0.3443084662144264
11,8,0.40673096380439594,0.792661500159407,0.7698853165320504,0.3091811585700868,0.4439638013331639,0.4517020396732521,0.0001264802730945,0.055150928779290925,0.1,0.1,0.7,11,0.3540079704868847,0.2396370736877933
11,9,0.39719298711802775,0.7864456378551004,0.7663448642463203,0.3098745002812002,0.10491834735048211,0.44600146312854394,0.00012383897840314,0.05504350684676311,0.1,0.1,0.7,13,0.3416991875630035,0.2361754409482003
11,10,0.4143238814852973,0.8037077796834481,0.7835585872739464,0.3310120403952812,0.10429801445618558,0.4705135758021718,0.00017660070871195,0.07697039956970302,0.1,0.1,0.7,14,0.3464043282641572,0.2265852524736104
11,11,0.3891363734775361,0.7812679718295541,0.7639325083661945,0.3128211853857909,0.11651470309704169,0.4451152068136939,0.00011455254365253999,0.05429138442766618,0.1,0.1,0.7,15,0.32692033158432,0.2509261876891123
11,12,0.40325463553523555,0.7968158550379423,0.7759489220191241,0.3342271689430864,0.13007350034137655,0.46578505389426444,0.00028118361062126997,0.07928965821398398,0.1,0.1,0.7,16,0.3366347721359591,0.2986779422029739
11,13,0.2842862422514739,0.6779257052440267,0.6492506701605917,0.2498416659652979,0.5990574295050852,0.46383654899893056,6.227082292775e-05,0.03490391440924443,0.1,0.1,0.7,17,0.2728845024467783,0.2700056818064235
11,14,0.29474037969529066,0.6875407259574988,0.6607946650108161,0.2717121476665192,0.14220370819485792,0.48596756461978047,0.00013104770959473,0.06538956494201249,0.1,0.1,0.7,19,0.2821765813026623,0.2545043612253176
11,15,0.2888665567674223,0.6805606592619614,0.6532632722684013,0.2695121784215976,0.1321871747345606,0.4840094741077576,0.00012901245259288,0.06453466742991645,0.1,0.1,0.7,20,0.2788957590724836,0.2462482991682572
11,16,0.28452547736067124,0.6745572219972082,0.6493312315009877,0.2832652597041502,0.1420549949024355,0.494529772783875,0.00014857406401137,0.07209115332747748,0.1,0.1,0.7,22,0.2658230023619116,0.2455512318805115
11,17,0.6394732965439776,1.0378239486740495,1.0322175551275503,0.7086698962235513,0.4572046900796075,0.478448491589809,0.00104346180297335,0.5837838279532498,0.1,0.1,0.7,45,0.2914534517687268,0.2331599376404153
11,18,0.6406944732699319,1.0388019162500468,1.0331073922912388,0.7158702586385195,0.46465446392185417,0.47815366233036455,0.00104362697603676,0.5866351973631203,0.1,0.1,0.7,46,0.2916629056827764,0.2255498384663391
11,19,0.6547964397858883,1.052623027378979,1.0468279559722027,0.7359651950965576,0.48046361846657193,0.4794751972567298,0.00103414942444464,0.6078037797404464,0.1,0.1,0.7,47,0.2890390946156254,0.2202862708704722
11,20,0.6589557812639076,1.0567793766968494,1.050983239758196,0.7342668885895043,0.47770668915108805,0.4800575345266508,0.00104413714180683,0.6136738911771741,0.1,0.1,0.7,50,0.2897235828813945,0.2200031634197621
11,21,0.6746291766781232,1.0706628087185197,1.0670758819515263,0.7741660377748246,0.5402583805317689,0.48342049684241867,0.00113886804986482,0.6484430132714497,0.1,0.1,0.7,52,0.2860594141131536,0.2252835684364573
11,22,0.6781229034298513,1.0749046990264528,1.0743904653863705,0.7953091470819427,0.5100184419780247,0.4840200306698765,0.0011392932601044599,0.6560070613328857,0.1,0.1,0.7,59,0.2829488407948742,0.2226291215909826
11,23,0.67775171129774,1.0744076208966087,1.0738548902576805,0.7949708786328487,0.5089859038404078,0.4840009056792921,0.00114095778331873,0.6559163877641376,0.1,0.1,0.7,61,0.2851529528013997,0.2249390405654561
11,24,0.677643653515162,1.0757784167213025,1.0785250583465589,0.8034455475013274,0.5078072229987908,0.4839879783090617,0.00114245532563335,0.6558330643846845,0.1,0.1,0.7,63,0.2877902996131232,0.2269451500868848
11,25,0.6765389378971008,1.07419353394564,1.0767947589404971,0.8149670058058363,0.5109932847403054,0.48397670872777415,0.00113471775614914,0.6559022795305206,0.1,0.1,0.7,66,0.2836159158242919,0.2282663876408517
11,26,0.5155290003716106,0.9146783234814388,0.920583745967432,0.6738050393034007,0.3466848097368427,0.4840012175422717,0.0007052680030946101,0.42595977095622,0.1,0.1,0.7,68,0.2855104416495816,0.2248713563118433
11,27,0.470229814967399,0.8708625723012865,0.8800688715816009,0.6688065525808395,0.30144376355112235,0.4838929128726539,0.00059160205898339,0.3613304970019406,0.1,0.1,0.7,73,0.2871842502551445,0.2227705100720271
11,28,0.514220187602688,0.9143308409277695,0.9233814618454081,0.697420575277788,0.3573559108949329,0.48392029585679086,0.0007069090826220101,0.4259029891884795,0.1,0.1,0.7,74,0.2840393649790986,0.2256685155214534
11,29,0.5757884874148914,0.9788159300475199,0.9944535402962575,0.7749640583905071,0.40876509668405486,0.4833435871793135,0.00089354042332871,0.5141816293000654,0.1,0.1,0.7,78,0.2796874044060655,0.2244660705207768
11,30,0.4358725025247963,0.8373049879605962,0.8496088327082367,0.6529456445952115,0.26996351370722704,0.48400750545933774,0.00058319671139915,0.314567661816022,0.1,0.1,0.7,81,0.299808985808786,0.231332742982908
11,31,0.5723526500743567,0.9776476586116387,0.9996827676315136,0.7940184333165403,0.4120667048067863,0.48114213282845764,0.0009003354098401001,0.5119647652704601,0.1,0.1,0.7,83,0.277978036836483,0.2216401694615239
11,32,0.5838222903644705,0.9890877780816644,1.0111136862998982,0.8117109980148363,0.4188899928715969,0.4825288581463602,0.0008955071119407,0.528258611684369,0.1,0.1,0.7,84,0.2748422915656375,0.2167767246450897
11,33,0.5749731406784316,0.9776018019450449,0.9959988393313387,0.7968424863155708,0.42281515007675086,0.4836763949385546,0.0010259838136781401,0.5189918246235995,0.1,0.1,0.7,86,0.2713501350207319,0.2201210087947648
11,34,0.5803216561923374,0.9859654564258706,1.0109776776815396,0.8277468602668682,0.41709519705505477,0.4825309792181019,0.00089228273256435,0.5267719437587007,0.1,0.1,0.7,90,0.2792566517314807,0.2161014413288414
11,35,0.46137272480553904,0.8664576984628719,0.8913147076612482,0.754361039254438,0.30046530976712615,0.4807358237945949,0.00063968695421803,0.3588268484349817,0.1,0.1,0.7,99,0.2816083669559001,0.2250295498772272
11,36,0.38905951480063905,0.8016212440315953,0.8430008018857355,0.8313444388757643,0.2270509687424776,0.4838043861388557,0.0005069957360157,0.25515500788590867,0.1,0.1,0.7,132,0.2776224314167452,0.230709056261802
11,37,0.3483498477081005,0.7609789774010393,0.8023766120474336,0.8146670831921485,0.18623384815440344,0.4825319160319892,0.00032583781890726003,0.1970123902663055,0.1,0.1,0.7,134,0.2793340165687275,0.2182678167692801
11,38,0.34809768004663044,0.7605025055073191,0.8018381171761706,0.8324851875747002,0.18781586957060942,0.48253180198148565,0.00032226509402400003,0.19732631837454742,0.1,0.1,0.7,135,0.2791141731083979,0.2159249480014606
11,39,0.33619624551676897,0.7427031625415794,0.7708439251960111,0.7857770959544559,0.17433435210629883,0.4825317562950012,0.00029383319818413,0.18003436767145203,0.1,0.1,0.7,140,0.2812878538171112,0.2149541477407828
11,40,0.3481388979578799,0.7574411694612184,0.7921370688553837,0.7976082898510357,0.19074589162269043,0.4825291601069762,0.00032502307230427,0.19769676267738984,0.1,0.1,0.7,141,0.2805327515148576,0.2162383841373763
11,41,0.33957828604183754,0.7593465963578653,0.8142884218612745,0.9355855347447107,0.17495337945324452,0.4838043861388557,0.0003804289971997,0.18075945379431316,0.1,0.1,0.7,164,0.2788246106305288,0.231758494143812
12,0,0.986142471839496,0.9972785213064296,0.9970360134486993,0.3794670318510113,0.0,0.0,0.0,0.0,0.1,0.1,0.7,1,0.8996302409875321,1.0621754530397591
12,1,1.036686992019805,1.1954147260503711,1.1863954364456772,0.6035616496678404,0.4558739948564311,0.428289045602547,0.00042962002398148,0.31164101419947526,0.1,0.1,0.7,3,0.8252175095044072,0.877705589400566
12,2,0.7152000667467142,1.0022598860596328,0.9889247629287323,0.4447712245303164,0.6671732166089267,0.4286680000446487,0.00028614628874712,0.15568496513373103,0.1,0.1,0.7,4,0.3991567622410151,0.4491129777407016
12,3,0.6568523666219589,0.9769518614999202,0.9676933386159209,0.43703782015652476,0.19582610872048042,0.42981198155996025,0.00030092402432458997,0.15570319862349866,0.1,0.1,0.7,8,0.3591947661785681,0.4060637754446485
12,4,0.6486518130563519,0.9728989143122359,0.9666911681449795,0.4466094166800319,0.15805947637451725,0.42847536253062035,0.00029419179664388,0.15204628496031153,0.1,0.1,0.7,10,0.3624163797118421,0.4109436201751956
12,5,0.8137573802735983,1.1493309502349855,1.1350459582000756,0.6264578363246652,0.44654198769777786,0.4264428367331677,0.00043967040289188996,0.4321456257011777,0.1,0.1,0.7,11,0.5447446088312353,0.5494131082002336
12,6,0.8268471603854358,1.1674070775515464,1.1525618888204392,0.6477285341973227,0.40827588605193904,0.42975741674244977,0.00034267679020115,0.4664881654440878,0.1,0.1,0.7,12,0.5030771210165427,0.5099139849033358
12,7,0.9847077180851723,1.3305383234994443,1.315066787175263,0.8155282481085071,0.5830144899067227,0.42149108220719594,0.00048150341275826,0.7107329077786442,0.1,0.1,0.7,13,0.5276867190794401,0.4850478974096945
12,8,0.9202140195329366,1.28065419503289,1.2667315731836306,0.7749692340964502,0.6294435080643528,0.42945473663523737,0.00026721302958203,0.6643757331284117,0.1,0.1,0.7,14,0.4716802483063062,0.4180715181367507
12,9,0.7774155894535522,1.1477001631402786,1.1322513530519343,0.6606261066445647,0.49906470394489955,0.41271531640535253,0.00023207826444008,0.5012994225474308,0.1,0.1,0.7,15,0.398456436008954,0.3784620674581263
12,10,0.6050808195436701,0.9763316190320406,0.9570750740296963,0.4878242347253337,0.26145877204754536,0.4229830170854446,0.00023890479948706,0.26521116829490615,0.1,0.1,0.7,16,0.3845631292809688,0.4179840481817886
12,11,0.7641363119874329,1.1400152265577808,1.1270533495842643,0.6688053425721379,0.4139715971696566,0.4127153164053526,0.00023207826444008,0.5012994225474308,0.1,0.1,0.7,17,0.3859832242564718,0.3614366633594848
12,12,0.7022687868762709,1.083621265830633,1.0658616634877922,0.6072331467528131,0.45754726495867126,0.43241124031835293,0.00039779928110764997,0.44395803304708825,0.1,0.1,0.7,18,0.3721750420519382,0.3963979708840732
12,13,0.6330093651888526,1.0231326323547665,1.0027031116353113,0.5601798766294535,0.5077400557809278,0.47659312106107643,0.00036856618422307,0.3940317819229263,0.1,0.1,0.7,19,0.3305317801677222,0.3391322854208853
12,14,0.6303800734875485,1.0206311762049547,1.0001497421741024,0.5603228686384929,0.3251764912276942,0.4620354122178378,0.00036747023152619996,0.393370190619912,0.1,0.1,0.7,20,0.3303140076333601,0.3448513733873609
12,15,0.620931259351706,1.0141151013804621,0.9963211981870053,0.5588338763191099,0.363243753190267,0.45027472336194,0.00036772569092588,0.3935048122970667,0.1,0.1,0.7,21,0.3080933410465492,0.352940150762422
12,16,0.80531547112592,1.2022165979418398,1.190677129917082,0.7655637684274955,0.5342148501797592,0.42553343118102027,0.00035248259618783,0.6671895669867343,0.1,0.1,0.7,22,0.3296047965283578,0.2691754283679205
12,17,0.9054362726458637,1.3032331312780854,1.29119890308213,0.8713050295125393,0.6503841981052934,0.49163104972971383,0.00047324805372839,0.8099693880728871,0.1,0.1,0.7,23,0.3643631778426313,0.2560779772794637
12,18,0.7834809337645325,1.184470984930051,1.174485475257195,0.76053948957044,0.5968970656632282,0.4218780789650528,0.00035448519898131,0.6682918365887284,0.1,0.1,0.7,24,0.3014985711378928,0.271917217287876
12,19,0.8793385319352403,1.2807504785929744,1.2702976161142043,0.8614852934065294,0.6438519707475694,0.4539890363570265,0.00047116447486869,0.8087205152696811,0.1,0.1,0.7,25,0.31569062376609,0.2626561313586439
12,20,0.9740959988874216,1.377248876501104,1.369760968354106,0.965062061843156,0.7221495789543516,0.43431537324182684,0.0005154718098471899,0.9526967422170012,0.1,0.1,0.7,27,0.3189246585606866,0.2599167611268394
12,21,0.8277644705830928,1.231266263470351,1.2229151411133632,0.828218357161258,0.5939558355618708,0.46589615787581085,0.00049576284405297,0.7534766744518263,0.1,0.1,0.7,30,0.3205343751452508,0.2433839053637576
12,22,0.907370009743804,1.31092290158736,1.3024088720241829,0.9113468943290414,0.6669681348819857,0.45499169764098113,0.00052493811410913,0.8714366230158662,0.1,0.1,0.7,31,0.3244709744601688,0.2194480641318864
12,23,0.9664360401296861,1.3714108217136314,1.3653964793283038,0.9839184529917646,0.7791350135532829,0.4545546140650686,0.00049907129466247,0.9686881586105119,0.1,0.1,0.7,32,0.3225356342408995,0.2343598471245902
12,24,0.9077903101651528,1.3140950227844714,1.3109136989698502,0.943283438279489,0.6864021337533571,0.4244500402176185,0.00052743117960059,0.8965362302796795,0.1,0.1,0.7,34,0.2984352046168833,0.251006725870927
12,25,0.9243390493673358,1.3304112656364202,1.3267909148592976,0.9585323046993619,0.7014612081757562,0.4123823923131941,0.0005195710953888,0.9286068359958828,0.1,0.1,0.7,37,0.283321528910282,0.2353809914493265
12,26,0.9246303474019015,1.3322006738070624,1.33188487557085,0.9703684139709841,0.6916477062227163,0.41499257171709064,0.0005196662719314899,0.9286638837110688,0.1,0.1,0.7,39,0.2845374961747482,0.2341769579880181
12,27,0.9243718415644591,1.3319419222285447,1.3316256315846609,0.975882536102037,0.6913792214102782,0.4127962057356594,0.00051958582020652,0.9286156618879219,0.1,0.1,0.7,41,0.2834992338551194,0.2351782284992279
12,28,0.839920418432735,1.2459780149849196,1.2423367485260397,0.8914977343639304,0.6077875606311388,0.41456221368853075,0.00041970995945553996,0.8080258524344962,0.1,0.1,0.7,43,0.2937429522901858,0.2302242011033161
12,29,0.9220904004407812,1.330972536986164,1.3337191782244626,0.9941453660436859,0.7069487984960816,0.4149925743820434,0.00051966627203147,0.928663883770999,0.1,0.1,0.7,44,0.2839411728859753,0.2324944544350147
12,30,0.7325499163164824,1.1428492862451587,1.148797803046392,0.8078801922608768,0.5067367041154978,0.4543365725405034,0.00061125170769462,0.6538019280729941,0.1,0.1,0.7,46,0.2923037822083879,0.240715529648387
12,31,0.7321066714378444,1.142389269450018,1.1483171847265181,0.8079215695414982,0.5043512853320657,0.4523658334107905,0.0006111756798781,0.653756357888839,0.1,0.1,0.7,47,0.2909664379244117,0.2410218407937855
12,32,0.6714921964238856,1.081687468952309,1.0875114928025487,0.7534195583524046,0.4505732225485329,0.4381522603548284,0.0005364489130420299,0.5707458423330044,0.1,0.1,0.7,48,0.2850868524666707,0.2225180562139082
12,33,0.5741746780610257,0.9828062548632479,0.9852512034157246,0.6589415800212217,0.3519197937263613,0.4151374260367857,0.00036774742609037997,0.4361197371133219,0.1,0.1,0.7,49,0.2882711670683281,0.2283077548972356
12,34,0.5911283908884167,1.0012380548270594,1.0069064326341286,0.6762275374712468,0.37072390840156266,0.40382838539800936,0.00042200874696508996,0.46323256359751824,0.1,0.1,0.7,50,0.3104711734322756,0.2293390571297884
12,35,0.5893905173483777,0.999128688521054,1.004435862387207,0.6840361439626852,0.3915516014190711,0.421166361111613,0.00042255970518184,0.46353151735220727,0.1,0.1,0.7,51,0.3056449883702681,0.2242220858301651
12,36,0.5207532693161618,0.9362363483543024,0.9545104306215781,0.6742851242628519,0.3019807909084189,0.40786222029222813,0.00031320969592696,0.3711232892831978,0.1,0.1,0.7,64,0.318162390507856,0.2308084691363548
12,37,0.5205970137686308,0.9375556009086732,0.959119146483832,0.6894747756236288,0.301142970068044,0.40786222029222813,0.00031320969592696,0.3711232892831978,0.1,0.1,0.7,66,0.3359592827247412,0.2430242013571383
12,38,0.4937353507008564,0.9105972407961953,0.9320916431495517,0.6971941042013416,0.27520332960748,0.4061534337314964,0.00027863981004837003,0.3339687264185354,0.1,0.1,0.7,72,0.3146840019769313,0.2287145146564514
12,39,0.5237372401547222,0.9405094762617279,0.9619171200584851,0.7118002861386262,0.3083704738075414,0.4071069192288655,0.00031781118966621,0.37794939580182363,0.1,0.1,0.7,74,0.3121153377349459,0.2275828652926291
12,40,0.6653259390402051,1.0858418636299088,1.1166755995395476,0.9355236348625182,0.4540236093717267,0.3706407900090828,0.00030657388354511,0.5922137481662629,0.1,0.1,0.7,88,0.3147376968342429,0.2980987391521886
12,41,0.59436277808804,1.0148136927101878,1.0456029314406179,0.8738174805858498,0.38418900391706046,0.36933005838906835,0.00024384842903101998,0.491653323033166,0.1,0.1,0.7,89,0.3136883273004257,0.2966959262966329
12,42,0.5983801363424134,1.0201654245140288,1.0541504050766797,0.8951048884410298,0.3880973776051908,0.3693354275163152,0.00025616997843827,0.4989144210073713,0.1,0.1,0.7,93,0.3140114509313573,0.2762404048547729
12,43,0.5964384145709944,1.0163684191306968,1.046821732248855,0.8971353738136612,0.3942512504747835,0.36847680271677874,0.00025637510460899,0.4993789265170686,0.1,0.1,0.7,95,0.3184128352079566,0.265548050889493
12,44,0.5666885038895668,0.9880543941801586,1.021774472282105,0.9077477301290662,0.35744291199235684,0.3724265147930042,0.00024395724350744,0.4568473961268609,0.1,0.1,0.7,102,0.313715943048082,0.2878669581326735
12,45,0.5670604570672239,0.9893216205798909,1.025991859915195,0.9258991762148343,0.38537278503809447,0.37323667187227483,0.00024580755911736,0.46209544224325005,0.1,0.1,0.7,103,0.3172455455038919,0.3000169782943256
12,46,0.5632929367074895,0.9855196781370795,1.0221706971702997,0.9256484226174913,0.35855406279244684,0.37156265304747826,0.00024131557876919002,0.45721161988267656,0.1,0.1,0.7,104,0.3157362541043768,0.2950761997585045
12,47,0.5636516536701451,0.9858399916831538,1.0224695369475558,0.9260575698480032,0.359278784794391,0.37078472757947967,0.00024270038973855002,0.45812535645254104,0.1,0.1,0.7,105,0.3169740786030746,0.2986947148101295
12,48,0.493455226624118,0.9170769749144079,0.9569757214812207,0.8913433413254777,0.28824834940624205,0.3815064418367822,0.00017565461536268,0.3568092506118969,0.1,0.1,0.7,113,0.3398060665788366,0.3187535843762291
12,49,0.487723951382953,0.9158243374720083,0.9656311791923842,0.9048486191251244,0.2823484270134734,0.3683577254118323,0.00017974847704168,0.350607706182873,0.1,0.1,0.7,121,0.3166190622922812,0.3077874017477838
12,50,0.4631108949764811,0.8895142476174532,0.9359065422612464,0.9293513534258747,0.25977073505265846,0.37305793595007264,0.00015911238820562,0.3162431725895425,0.1,0.1,0.7,128,0.3228013885210721,0.3042914925146375
12,51,0.4620141964665805,0.8927300615868807,0.9489407987482917,0.9826371908386007,0.259030694781513,0.37345625512086456,0.00015903077880128,0.3159269544507339,0.1,0.1,0.7,141,0.3221685834197524,0.3069475600873765
12,52,0.49825061040911256,0.9392839668289498,1.0185408816550476,1.2067215393698087,0.29578787259381517,0.3827409887767771,0.00019651845368902,0.3675892207102857,0.1,0.1,0.7,176,0.3372179743981777,0.3226218244518773
13,0,0.969172391069325,0.9926935217641795,0.9920422748029514,0.3765678372324984,0.0,0.0,0.0,0.0,0.1,0.1,0.7,1,0.969427789187901,1.0643451285724657
13,1,0.8804383389236806,0.9983235673234455,0.994192068373309,0.3983646577700238,0.16496320255286795,0.39802114561369767,1.259583216369e-05,0.006963280832624357,0.1,0.1,0.7,3,0.8952493705984318,0.9241443684445928
13,2,0.505158091211861,0.85198390299658,0.8328962599282436,0.3207886991586835,0.4107488396482826,0.4290279313510349,5.378014786675e-05,0.03318853178634155,0.1,0.1,0.7,6,0.5062951175574579,0.5286366362354773
13,3,0.4642189866854931,0.8364794109689028,0.82061381749528,0.32690151751243074,0.14422217795557243,0.4273821909882056,8.488895821317e-05,0.06130440218968518,0.1,0.1,0.7,10,0.3902782232545123,0.4209494297740977
13,4,0.45020455450430685,0.8408771180449219,0.8241159058468952,0.3535822102795401,0.2809218422740879,0.47541950022150065,0.00017434290791601,0.1259055119861759,0.1,0.1,0.7,12,0.3412465421000103,0.3284845271755883
13,5,0.3022134304668732,0.6988390393168682,0.6748185395431092,0.24603274029947111,0.32597344741591483,0.44449165879827424,6.184850158565e-05,0.04377977497804502,0.1,0.1,0.7,14,0.2708577124153422,0.3383540154437237
13,6,0.3001912425263305,0.696641763262167,0.6724351639344772,0.2468761585033718,0.08786191158281353,0.4398718875084836,6.157898188518e-05,0.04428382582119182,0.1,0.1,0.7,15,0.2686154735372862,0.3334913441175539
13,7,0.2617702666215316,0.6373965568828692,0.6079350462388627,0.22503894596839422,0.7020454829966648,0.4703459194505931,0.00012397195407303,0.09034977758059969,0.1,0.1,0.7,16,0.1876599291646611,0.2320631655051483
13,8,0.26324709437256155,0.6391704034279098,0.6127224421399282,0.23258757616950831,0.12389887441168068,0.4672570978038634,0.00013396861559482,0.09586149956248394,0.1,0.1,0.7,18,0.1987629744000757,0.2564175879127975
13,9,0.2625544373373229,0.6383914882834579,0.6119226939751413,0.2343254644671276,0.11473683822698351,0.46754561586945537,0.00013263621310557,0.09504164404756177,0.1,0.1,0.7,19,0.1968563710028516,0.2505325075942339
13,10,0.22506198415530135,0.5794464806683829,0.5454523546474362,0.19812565806786328,0.3949020282495169,0.49607467267420385,0.00011363029956086,0.0765386011948228,0.1,0.1,0.7,20,0.1649294687044487,0.1789223566152302
13,11,0.22146905138371895,0.5727236997537993,0.5381450330992081,0.19631467373898864,0.14343008353451142,0.48377331686323305,0.00011497019682032,0.07806080342133152,0.1,0.1,0.7,21,0.1641219333336156,0.1860321032629014
13,12,0.22459668263363358,0.5758266014096852,0.5442719953614095,0.20559324408695642,0.11759461037973022,0.488473334275123,0.00011993689338091,0.084190746461489,0.1,0.1,0.7,23,0.1707067314847407,0.1859323410704268
13,13,0.22230631315930938,0.5728144233251639,0.5411308954240217,0.20823936815373945,0.11499492635993586,0.4831166180764603,0.00012500381727305,0.08271842589587375,0.1,0.1,0.7,24,0.1650917454586581,0.1814175972477656
13,14,0.2213742086151578,0.5674236324426727,0.5319045991325964,0.20990178332439322,0.12049542485275286,0.4917920168227236,0.00012262158122716,0.08441483031818446,0.1,0.1,0.7,27,0.1393712945492537,0.1834133469813181
13,15,0.19343494991394583,0.5345437972037429,0.501215004897232,0.1914234415690521,0.16350101360507927,0.4586020801283407,0.00010769959375004,0.057920771771088043,0.1,0.1,0.7,28,0.1153191125312109,0.1580055406694004
13,16,0.18207370267568757,0.5195989764354347,0.49479418462095986,0.19208132677892648,0.1027963213385103,0.5124737594591203,6.842740268948999e-05,0.044774849792262136,0.1,0.1,0.7,33,0.1187076658081715,0.1630939231501064
13,17,0.16498100417827677,0.4759233616770953,0.45022928926297917,0.17148217350936526,0.22707977681479014,0.5108582794634017,7.532353659541e-05,0.04770317646684785,0.1,0.1,0.7,35,0.1006928240554273,0.1361144902517093
13,18,0.1614621057563066,0.45481659001690494,0.42978445069756993,0.15700378106855215,0.18304119784699857,0.5530363208926823,7.866514436699e-05,0.051754082242222145,0.1,0.1,0.7,37,0.0870169926097698,0.1264843599277969
13,19,0.15160097239788461,0.43817234757066836,0.4215657064657827,0.18288482033981876,0.10425928687211683,0.528046119895751,7.869866437883e-05,0.04901942420068718,0.1,0.1,0.7,43,0.0749065450589003,0.1033329489705749
13,20,0.1476855638072575,0.42492568943942677,0.410230690507763,0.1859339729107937,0.11210144794849863,0.5320290316868005,7.432421944041999e-05,0.04972637923642229,0.1,0.1,0.7,47,0.0702649115537839,0.0956553328369432
13,21,0.14643266926430257,0.4231639970575065,0.4084043679599689,0.1844388685580235,0.08921555471147169,0.541337191603435,6.887111821581e-05,0.046916531643249666,0.1,0.1,0.7,49,0.0711417140058535,0.0988974070970573
13,22,0.14542695963540347,0.4205970553913573,0.40875566346287473,0.19000910660112394,0.10065083936460374,0.5480630535208554,6.785361560681001e-05,0.04635403157796469,0.1,0.1,0.7,51,0.0679199265424547,0.0917813845643575
13,23,0.14098879757911825,0.404977211598055,0.3917334604748628,0.1944865890185536,0.18592087412301211,0.5450989337812783,7.678070851929e-05,0.04693928688729025,0.1,0.1,0.7,52,0.06128937667195,0.0917896348232633
13,24,0.13320165175148657,0.38140946411862586,0.36938500422582066,0.17896410250430222,0.2282952325307534,0.5263850355756694,8.5959915844e-05,0.04723921026954772,0.1,0.1,0.7,53,0.0692480724425501,0.096776332550106
13,25,0.1370039778615734,0.3643817844225103,0.3499092011482514,0.17933232976678998,0.2657969050557199,0.5221409905026989,9.732331329521e-05,0.06275703189605253,0.1,0.1,0.7,54,0.0472628130104898,0.0716755538940024
13,26,0.13502336601045797,0.36425665145643477,0.3562648747127968,0.19342390935128095,0.0959197944609726,0.5103441008523181,9.957853492606999e-05,0.06206648969266909,0.1,0.1,0.7,60,0.0505591237585353,0.0604700408919449
13,27,0.1275570965943561,0.35373252347591067,0.34538845748314806,0.1854534414932285,0.11230211360928401,0.5006186220928189,8.830711719214e-05,0.054069639142706266,0.1,0.1,0.7,61,0.0669450445326291,0.0778065416412313
13,28,0.12222560880275543,0.328200355916078,0.3175644652209379,0.18105310403833286,0.16742845591321265,0.503012287991568,8.580333893474e-05,0.05398684289950211,0.1,0.1,0.7,63,0.0519000670750874,0.049921492365897
13,29,0.12220561601675523,0.3295480495040033,0.3222028917548744,0.18838934701996474,0.08863278212743456,0.5036914459276319,8.575207457945e-05,0.053910233795797076,0.1,0.1,0.7,65,0.0518300245382475,0.0499271417055191
13,30,0.12053211389188973,0.32029377975250684,0.315243936561984,0.18829936705275802,0.12346544939390981,0.5136052281884577,8.542528023318e-05,0.05332311760647821,0.1,0.1,0.7,67,0.044652082492644,0.0487023024500359
13,31,0.11990425311530294,0.31440591732239115,0.3056347609115613,0.19538978899819856,0.1033443659545867,0.5121881378820318,8.564656804381e-05,0.053920649605466484,0.1,0.1,0.7,69,0.0547754556358211,0.0604923806487103
13,32,0.11345653929591783,0.30498143865030936,0.29588234722607154,0.19605573317626143,0.09456460839742464,0.517514726421635,7.150632842044e-05,0.044954346463608665,0.1,0.1,0.7,71,0.0571182230985029,0.0598926714457915
13,33,0.11348366665784576,0.30524528403086293,0.2993129726394699,0.20417640973113654,0.08833687873663885,0.5206610030263245,7.152207488561e-05,0.04496344520519655,0.1,0.1,0.7,73,0.0572923541240996,0.0628632980382079
13,34,0.11221446139842989,0.3045053420596056,0.3017720707873871,0.21455324197920506,0.08495519963755098,0.5252929285782113,6.944271262127e-05,0.04280972345121772,0.1,0.1,0.7,76,0.0546314037989007,0.060487271011641
13,35,0.11367928291670748,0.30971540212445736,0.3199521808564977,0.2810294545081263,0.08590003258233087,0.5537575494206431,8.238372789771999e-05,0.04165595307325531,0.1,0.1,0.7,90,0.0451749294957395,0.0488744230975895
13,36,0.10735691622834234,0.2728478443925092,0.2766495797478615,0.26253407431135967,0.2990310471718131,0.5579794567275197,8.236745936477001e-05,0.040686865200978035,0.1,0.1,0.7,91,0.0389180595399024,0.0538267685846854
13,37,0.09822632826947539,0.23597236490421947,0.24000182569760686,0.24634932251500546,0.18687853816642874,0.528198850884791,8.25050878993e-05,0.039450884392758054,0.1,0.1,0.7,93,0.0334747905275312,0.0451666549883941
13,38,0.09776570189815545,0.2342193763971816,0.2412644632367161,0.2538004582433725,0.09039555403199684,0.528198850884791,8.25050878993e-05,0.039450884392758054,0.1,0.1,0.7,95,0.0340425251862871,0.0420720500030297
13,39,0.09680091096754964,0.23844761248050028,0.2586312830362427,0.2824557665821439,0.08033088178914033,0.5385231010459787,6.800080810017e-05,0.03678869503476973,0.1,0.1,0.7,103,0.0353410702504746,0.0375476683433932
13,40,0.11114673979797624,0.24156680772907504,0.24483625686672603,0.32507621489375904,0.09991391599391082,0.5218358103143088,8.824426224975001e-05,0.0605325920749862,0.1,0.1,0.7,108,0.0307704233835034,0.0382658065497622
13,41,0.10926731767118147,0.23196615913566251,0.23443844049133541,0.3256581023931033,0.12145944565563349,0.5147384855853578,8.963833120985e-05,0.06060808836002914,0.1,0.1,0.7,110,0.0290992602209046,0.0335431872524697
13,42,0.09623173857135875,0.21801971888123733,0.2203982322208078,0.31453317517817064,0.08425476832319954,0.5348988723741456,5.553540487978e-05,0.03931232677307257,0.1,0.1,0.7,112,0.0342467152636048,0.0393412981616899
13,43,0.09684629102930462,0.21702626509647957,0.22239083180521194,0.33083913534373516,0.09314461952454026,0.5362047342240762,5.772260607474e-05,0.040684516308975134,0.1,0.1,0.7,114,0.034131970676224,0.0386240529438344
13,44,0.09717048110148932,0.21739153132005876,0.22591190293814833,0.265592401928298,0.08610273124839776,0.5350806775646844,5.9386918466809996e-05,0.04162435032463928,0.1,0.1,0.7,117,0.0346922447847353,0.0408405444895654
13,45,0.09806176553324386,0.21445794256269327,0.2225863587153888,0.345459781080516,0.11119910628324603,0.5332820500069261,6.057982950661e-05,0.043972538657337384,0.1,0.1,0.7,118,0.0357755455765156,0.0412246028409146
13,46,0.09376354198219737,0.20900271431182668,0.21701274661598866,0.35820468734494293,0.08271553845436287,0.5320889515950001,5.323977826903e-05,0.03824830054613958,0.1,0.1,0.7,121,0.0358042649148678,0.0417923756088493
13,47,0.09488113116074331,0.20921210018692155,0.21712926160007365,0.2834161523462259,0.08284500875973597,0.5260195169218449,5.494955333166e-05,0.040902773326367464,0.1,0.1,0.7,125,0.0373782282544666,0.0434803043615618
13,48,0.09109239123774052,0.20478770331173912,0.21579228746670487,0.38478759249968386,0.08529881856951613,0.5248271635985811,4.891723652586e-05,0.036107132265116436,0.1,0.1,0.7,127,0.0369876485537365,0.043707973957462
13,49,0.09054974792851359,0.20485813692034255,0.21907779684807072,0.3074233954576755,0.0835945470048094,0.5295901238680412,4.776960983317e-05,0.03483517496581635,0.1,0.1,0.7,128,0.0359429526909735,0.0418202864693271
13,50,0.08636285260230855,0.19331612815903376,0.2067869880460515,0.39573413040822253,0.1259713430626354,0.5396370698281323,4.813962835413e-05,0.028913025247383317,0.1,0.1,0.7,129,0.0324620513785735,0.0404068049304164
13,51,0.08403004329986881,0.19055638589763874,0.20398389076243134,0.39678077950824653,0.07343111560492044,0.5163781821576161,4.786689680809e-05,0.028988172374981427,0.1,0.1,0.7,131,0.0311896797430779,0.0334692152656308
13,52,0.08415221177514062,0.1888687830351951,0.20526605539645656,0.4082071039566009,0.08411853333832811,0.5430280271401104,4.3240514746100005e-05,0.026010140617319526,0.1,0.1,0.7,133,0.0343473971852474,0.0413612038560841
13,53,0.08215608485317695,0.18709106179076407,0.20666408143697185,0.43048689783869737,0.072933480756859,0.5222044453158405,4.178100474107e-05,0.02638359880146032,0.1,0.1,0.7,137,0.0409344883145003,0.0456529166986818
13,54,0.08226847544822488,0.18611191234413588,0.20557440768222174,0.3372855076399593,0.07477429314842685,0.5333249607885013,4.194825219998e-05,0.025167615924701955,0.1,0.1,0.7,139,0.0382739957758807,0.0427426730923348
13,55,0.08397086459848227,0.1901830720860572,0.21934672965808286,0.46043785749065314,0.07459684996358928,0.5331539324530439,4.749365997655e-05,0.028033564864169226,0.1,0.1,0.7,148,0.0346121613896192,0.0397241248513397
13,56,0.08278441602451053,0.1808986511119173,0.20924544548063925,0.46139712682169237,0.10105654093774166,0.5435412018111574,4.445048340172e-05,0.026379325630716672,0.1,0.1,0.7,150,0.0334627170807841,0.0376806539280907
13,57,0.08227136245127492,0.1808293139023739,0.21237541718486844,0.4708218185834406,0.07611585252290876,0.5425697019655806,4.317849904783e-05,0.025979639317834896,0.1,0.1,0.7,152,0.0341200387609708,0.0383443945463802
13,58,0.08270913714559941,0.180105798486316,0.21153486604010155,0.48488429642061676,0.07577949203742436,0.5420062004839368,4.244463672666e-05,0.026902508677683293,0.1,0.1,0.7,155,0.0372195172030731,0.0343276477917553
14,0,0.9889246309552481,0.9980228135734265,0.9978465920255832,0.3799376657193966,0.0,0.0,0.0,0.0,0.1,0.1,0.7,1,0.8885407810310084,1.0626028581794889
14,1,0.9184926870938805,1.0132360202129589,1.0100265633062429,0.4116052107993675,0.15407991562552079,0.4382670846711308,1.11109036484e-05,0.007739157130780357,0.1,0.1,0.7,3,0.9008205704030292,0.9789629261693428
14,2,0.7156444564435592,1.0142745225099523,1.0000225199188573,0.4605673822683678,0.9374745082246684,0.4289508407579918,0.00031825244118222,0.18749956458828843,0.1,0.1,0.7,4,0.5346954717723651,0.4451609936432334
14,3,0.7061189366526407,1.0085574411339406,0.993988447916504,0.4561579259804771,0.19392718673342108,0.42792858745990076,0.00031142076661982,0.18455999578937418,0.1,0.1,0.7,5,0.5335354701967521,0.4425392153066464
14,4,0.6526321810831536,0.9820025468093285,0.9683776498435404,0.4431334281968836,0.33372813996369066,0.42855980115542414,0.00030945455767953,0.1822414753215556,0.1,0.1,0.7,6,0.4814856630333173,0.4052710317094117
14,5,0.5754900672420876,0.9171552980363215,0.8986997769696694,0.3889284658807742,0.229597280896216,0.4232651077332842,0.0001793299925882,0.11696383255948564,0.1,0.1,0.7,7,0.4552801630691618,0.368371819174807
14,6,0.5577135616004774,0.9062388762448886,0.8869337179201726,0.38348748596628557,0.18156576886848755,0.4245328435266017,0.00017740991500484,0.11480628866791333,0.1,0.1,0.7,8,0.4345473920461539,0.3562268533460841
14,7,0.550100945818202,0.9013982770106076,0.881727992630095,0.3821236953315575,0.14732950950217616,0.4279614071096566,0.00017619518172708,0.11325358762660896,0.1,0.1,0.7,9,0.4251324510872464,0.3514065526281677
14,8,0.5463364554466447,0.898858693778912,0.8790225597980623,0.3822389908538354,0.13287734317632646,0.4295692881612995,0.00017531769181666,0.11205429165560661,0.1,0.1,0.7,10,0.420419222871684,0.3493359482258791
14,9,0.4633935618755272,0.8303141501136149,0.8119037493924062,0.3259677441760157,0.10541093940875354,0.42541747810183617,5.797048983652001e-05,0.0427306108520104,0.1,0.1,0.7,14,0.4481363935265813,0.4888363279414955
14,10,0.44962684036510436,0.8219583195492755,0.8060792967530714,0.33307353089470776,0.09710586424548104,0.424801474971788,5.2645350324220006e-05,0.04114850837102947,0.1,0.1,0.7,16,0.4486897076847981,0.4592007886262091
14,11,0.35832481388857557,0.7507567603399649,0.7292863417590366,0.28711989008805766,0.25606971048852223,0.4370127397590899,3.470205894223e-05,0.027309012954674916,0.1,0.1,0.7,18,0.3466502892337861,0.3625908876159033
14,12,0.34276406564572626,0.737186940165524,0.7144765156580024,0.28084732855523376,0.14887603703710858,0.43427888957285976,3.723136753885e-05,0.028188394356733,0.1,0.1,0.7,19,0.3397170923342318,0.3484646780471233
14,13,0.32447030358922296,0.7217259660593531,0.7008400801434438,0.27833544938045796,0.09694135013728396,0.42168074821268714,4.023142232925e-05,0.02949574731492163,0.1,0.1,0.7,22,0.3120318729073865,0.3531258914802333
14,14,0.26874616407632956,0.6690325572850331,0.6564195324652432,0.2620993699580451,0.1736871968362565,0.38601173971514496,4.10654685804e-05,0.030072949994452213,0.1,0.1,0.7,25,0.2523607069454972,0.2988623269457926
14,15,0.23825047693107693,0.6289350577419306,0.609498505950635,0.2423819458374527,0.3042385511873603,0.4351947605976279,3.409594234787e-05,0.024294184060777595,0.1,0.1,0.7,26,0.1993974958509879,0.2198156601312924
14,16,0.23672475353686673,0.627544813297515,0.613787477082908,0.25782041923637716,0.08278678739805546,0.44653421592701137,4.398188287346e-05,0.0313381557622009,0.1,0.1,0.7,30,0.1943455156263337,0.2227676450688969
14,17,0.2232777001032471,0.608661549549433,0.5933785627507198,0.26793478139306925,0.08230640910199279,0.4853955556160786,3.7738561072049996e-05,0.0232644322952886,0.1,0.1,0.7,36,0.1735242276521165,0.2046935609099946
14,18,0.2069307676397302,0.5683115864254277,0.5444324557305769,0.24720700983158242,0.46765139856311455,0.48569015106659347,8.332712590686001e-05,0.05251314828299353,0.1,0.1,0.7,37,0.1635631310547231,0.1458183578784475
14,19,0.1883833190976465,0.5497941595446203,0.5322380826775504,0.2354018364719278,0.07011485767852595,0.4760311914629739,4.301891121811e-05,0.02777727028502444,0.1,0.1,0.7,38,0.1213890168501556,0.1721346192458628
14,20,0.18225170482223801,0.5192576022829851,0.49748968662713505,0.2259235048263679,0.3748318540080038,0.5042167485528637,6.836987678645e-05,0.04763064696460757,0.1,0.1,0.7,39,0.1791427291144401,0.1665161505983027
14,21,0.18203616430345043,0.5187630428194372,0.496950556060656,0.2284520081061197,0.08685691829513681,0.5043280775434394,6.834977223197e-05,0.04762273419449338,0.1,0.1,0.7,40,0.1784898400913697,0.1662607860063991
14,22,0.18448185993934538,0.5187257676009339,0.49339691808987896,0.2317209404163795,0.10698858593476046,0.49282412551959687,7.802159115232e-05,0.054732701120559196,0.1,0.1,0.7,41,0.1193771546555609,0.1302149706559224
14,23,0.14915233773039008,0.4372883928082941,0.40845528248238105,0.186726030127666,0.3140365454522086,0.4992629788261855,7.268230714979e-05,0.044479602987272514,0.1,0.1,0.7,43,0.1046987551139281,0.1001931728521297
14,24,0.14640487027216462,0.42293590740111686,0.3956949435691065,0.18595784417146133,0.1436407627533667,0.5067518677433382,7.471575694938e-05,0.04822604712766328,0.1,0.1,0.7,45,0.1091940916016773,0.0948784325917382
14,25,0.1442857608269646,0.42061806532897,0.39334867202556073,0.18441015382354436,0.08485342872051121,0.5040414254134813,7.206008503394e-05,0.045757990385401966,0.1,0.1,0.7,46,0.09594623614922,0.089236474488756
14,26,0.13087648251265113,0.3739557553860099,0.3425609581208857,0.16052789033201142,0.3668733486980747,0.5115772050575506,6.302407596768e-05,0.04414421813898713,0.1,0.1,0.7,47,0.0728392438516679,0.0764229210962469
14,27,0.12247588637558333,0.34046523406528795,0.3092479718931739,0.14421316692823244,0.1902826871322273,0.5072963083021387,6.414805885777e-05,0.04490535048156415,0.1,0.1,0.7,49,0.064985012955259,0.071585389997048
14,28,0.10693157326273693,0.27181161219492167,0.23466930433682948,0.108321453051559,0.2847195295543657,0.4731502239428327,5.830838431254e-05,0.0466741879371103,0.1,0.1,0.7,51,0.0527799396889419,0.0527693233973353
14,29,0.10689555221683447,0.27323614924159845,0.23939516785676118,0.12259464664590951,0.08006044406969806,0.4733346599540061,5.825240421386e-05,0.046608169172847665,0.1,0.1,0.7,54,0.0528185107958651,0.0524818445845569
14,30,0.10093357816621615,0.24348045869842805,0.2102363191684778,0.11103953435205621,0.14151112886538605,0.47651255567110357,5.646220145122e-05,0.04491893850490012,0.1,0.1,0.7,57,0.0455060081963356,0.0542702028398332
14,31,0.10624514505230954,0.24426826112636674,0.21054579858072334,0.11716572736395324,0.11835094675368561,0.4763567167372411,6.770379469237e-05,0.053731589207586646,0.1,0.1,0.7,58,0.0478375202033747,0.0386046230487674
14,32,0.10017990771437271,0.1892847294639784,0.1473361248771009,0.08697784196346636,0.2578629328726312,0.48220501343749117,6.902208424045e-05,0.055357769158990294,0.1,0.1,0.7,60,0.035033472653828,0.0287071590429013
14,33,0.0987256944317296,0.17876055481958525,0.1390458069896657,0.08807126025736634,0.123178188469424,0.48220501343749117,6.902208424045e-05,0.055357769158990294,0.1,0.1,0.7,62,0.0339003420801647,0.0283174192018488
14,34,0.09898161506649551,0.17830444985998203,0.1385174828083554,0.09668649497672399,0.0898360880228052,0.48859393831141934,6.772884053531e-05,0.054951237642843924,0.1,0.1,0.7,64,0.0322790802076395,0.0271943909449325
14,35,0.09147350718421296,0.15909062469239946,0.1275852136538472,0.12523996405954305,0.09451849417479462,0.47956365623392444,6.233149740594e-05,0.04857353086074758,0.1,0.1,0.7,73,0.0339799445360634,0.0262514875908143
14,36,0.09617702438574871,0.16676956438715235,0.14502782115678314,0.0957324569771198,0.08949972319805616,0.48706087767952294,6.767322896104999e-05,0.054496262544586775,0.1,0.1,0.7,77,0.028654890442451,0.0253281132813836
14,37,0.09345569682059121,0.1460701970591703,0.11937578043108407,0.15451344236865905,0.11460616944394095,0.4885220873084907,6.586876857380001e-05,0.05325969404322115,0.1,0.1,0.7,81,0.0348886407131998,0.0265093833412172
14,38,0.09362640898978802,0.13548787993999606,0.10772577152651269,0.15427570302837532,0.12443741638704961,0.4867509404702725,6.826362733705e-05,0.05550770315683429,0.1,0.1,0.7,83,0.0290402786939171,0.021925710952889
14,39,0.0925446081176909,0.12403085055677152,0.09840129364641517,0.1591765613555871,0.12827948895835806,0.48879785387133884,6.859131140344e-05,0.055506417159592036,0.1,0.1,0.7,85,0.0280495917889671,0.0209265652541772
14,40,0.09228839230333788,0.12375924140330039,0.09812817204738696,0.15857524468658007,0.08759080659477378,0.4883775892364078,6.826865949275e-05,0.05520279588300732,0.1,0.1,0.7,86,0.0279122723199559,0.020921469889808
14,41,0.09338541351637422,0.12448646808172471,0.10197684411994361,0.16841680663731298,0.10149969228629421,0.48984640541033053,7.023920324676e-05,0.05683994716824181,0.1,0.1,0.7,87,0.0278895311965846,0.0208166798249256
14,42,0.09195758791491344,0.11457240949154038,0.08807046810862734,0.166388704254936,0.13554735478148067,0.4923900065965006,6.815510913402999e-05,0.05546378848294839,0.1,0.1,0.7,88,0.0287235498789046,0.0201596899833635
14,43,0.08545833267010373,0.1080309111277352,0.08784172774039035,0.1938951015776877,0.08482177389739201,0.49501633972898085,5.6825643096379994e-05,0.04624228931989631,0.1,0.1,0.7,95,0.0297631610778266,0.0199261931410665
14,44,0.09192491281765083,0.11202838211068389,0.09159726850882867,0.19236877597650148,0.10531241102513822,0.49512301372157536,6.875280261157e-05,0.05581365219986136,0.1,0.1,0.7,96,0.0272177166610013,0.0189031002241145
14,45,0.09185844468353424,0.1112398462555122,0.0907380299585591,0.19187205727337692,0.0934810515403322,0.4952500907278947,6.877430299044e-05,0.05580227337743832,0.1,0.1,0.7,97,0.0271556246093528,0.0188662762505204
14,46,0.09266873812939665,0.11191569089923478,0.09455949376309106,0.20154410834741704,0.09508880013632334,0.4962276527734248,7.031065099097e-05,0.05704883942610165,0.1,0.1,0.7,99,0.0269128877712643,0.0187287942224556
14,47,0.0810899915300312,0.0961357354792652,0.0815279244086013,0.2399499194379859,0.0823856348851709,0.5054452044309049,4.887695310385e-05,0.03997980629805524,0.1,0.1,0.7,109,0.0294031052301163,0.0237810764599534
14,48,0.08109326416855722,0.10062822339437649,0.09593610687249213,0.1764445905199976,0.07855576011845948,0.5053409816689022,4.888197519058e-05,0.040000377871206055,0.1,0.1,0.7,112,0.0293073869138329,0.0236488962216785
14,49,0.0742861390581903,0.09008967984828949,0.0818742472275778,0.2861479799741042,0.07310213069691977,0.492837303865651,4.012167034268e-05,0.03236577097276807,0.1,0.1,0.7,125,0.0333808993270087,0.0208907303457808
14,50,0.07384128277561616,0.09343789459447502,0.10138905823270405,0.39989643275852543,0.07323071733058492,0.48876411525282093,4.346885122736e-05,0.032806455144249985,0.1,0.1,0.7,143,0.03064094894354,0.0186963406252455
14,51,0.07305146308594121,0.08967171685775109,0.09733314040309408,0.47629902494359716,0.07223962391492789,0.4850136937485672,4.098310314993e-05,0.0326062509084215,0.1,0.1,0.7,165,0.0364435515324695,0.0255339484060191
14,52,0.06593786657959153,0.07645767585421648,0.08352621259708773,0.462567707450146,0.10577491093066725,0.49053805666697636,2.833599301681e-05,0.02244445013636251,0.1,0.1,0.7,166,0.0330117293107999,0.0223665635924658
14,53,0.06590993343428284,0.07764460096666947,0.0879910404772368,0.47708760722562915,0.06572040622029432,0.4900691650106195,2.8330364225589997e-05,0.022507776682311336,0.1,0.1,0.7,168,0.0332904818967057,0.0229804922695817
14,54,0.06764829347695353,0.07439229450781842,0.08425475376051175,0.49276929357380705,0.07530200063343762,0.4872457314995239,3.168168117859e-05,0.02602168726367922,0.1,0.1,0.7,172,0.0355437626621516,0.0256130051727125
14,55,0.06562543880833774,0.07229523293308748,0.08531078469573622,0.5089457992529733,0.07032647265831588,0.4868557919767339,2.8442371976739998e-05,0.023383255764883475,0.1,0.1,0.7,174,0.0352178384287338,0.0249450016334097
14,56,0.06598387278560647,0.07169176523320105,0.0846141797095364,0.5607803003079352,0.06599321377387984,0.48949650187341215,2.8968480345349997e-05,0.02363661922881611,0.1,0.1,0.7,187,0.0361994365227904,0.0246467030120307
14,57,0.06745214815692568,0.07039867500373648,0.07989342707347637,0.5485833511600917,0.07552123564629393,0.48969229910604134,3.270535660595e-05,0.02586054664678929,0.1,0.1,0.7,188,0.0342358611666644,0.0252065602639911
14,58,0.06713695191670037,0.07285673568918,0.08894070204479435,0.6042650695525552,0.0669658523928412,0.48933471320231026,3.201899930688e-05,0.025488859485203436,0.1,0.1,0.7,196,0.0343741604801308,0.0248045687334209
14,59,0.0655841264759745,0.0688916266067483,0.08474227774416883,0.6094012479261739,0.0815599367537959,0.4895595551278223,2.9973547047839996e-05,0.023532184116778206,0.1,0.1,0.7,197,0.0351483216478849,0.0256003089834621
14,60,0.06579458913884319,0.06868567961522985,0.08449607680261503,0.6056923822888696,0.06845950728187007,0.48976289746171064,3.0033753255630002e-05,0.023854121518897025,0.1,0.1,0.7,198,0.0351393943359753,0.0262491294823538
14,61,0.06705256751934734,0.06987693225766672,0.08568087791422305,0.613387480004368,0.06738737773756293,0.4889576795586778,3.276179260067e-05,0.02577392634316259,0.1,0.1,0.7,199,0.0345440070809199,0.0259193093966261
14,62,0.06416448406672234,0.06416448406672234,0.07653486321891233,0.6179015568304069,0.07302232134724217,0.48985466697963065,2.7671975054240002e-05,0.02168035738750551,0.1,0.1,0.7,200,0.0352552596856768,0.0253979329992136
15,0,0.9903316341685897,0.9983985274795911,0.9982558399346052,0.3801752415775947,0.0,0.0,0.0,0.0,0.1,0.1,0.7,1,0.8829391916661531,1.0627532136653417
15,1,0.8986188857264021,1.0027123972308227,0.9991365513407671,0.4004616017405321,0.1614876618234058,0.3820328284253232,1.218639761945e-05,0.00661136683947137,0.1,0.1,0.7,3,0.8132968462150766,0.9235323653580444
15,2,0.7979479878931643,1.0239630248107103,1.0146385872330879,0.44992989607993084,0.5259426181009121,0.4270218354751756,0.00023697882377853,0.12264847854195565,0.1,0.1,0.7,4,0.5454824767994169,0.7955571256207533
15,3,0.669816687094316,0.9635603963495613,0.949703736899267,0.41350631037391744,0.27566790282908094,0.42899949996654696,0.00021112413971255,0.10872257923383424,0.1,0.1,0.7,6,0.4688382329101995,0.5463863982733312
15,4,0.5956104471008645,0.9210292674566889,0.9043475793789293,0.38447348159658207,0.3034675767545405,0.4295226889761538,0.00018933285946749,0.09317147790907651,0.1,0.1,0.7,7,0.4194299493924817,0.5181947855206225
15,5,0.5546700010635311,0.9025061022441471,0.8867852903472667,0.37810999636639536,0.2765390523416651,0.48657063167621184,0.00018690076008232,0.09399876156251247,0.1,0.1,0.7,8,0.508656091208372,0.3851008096460568
15,6,0.5276153938379742,0.8832043298393986,0.8664706057473728,0.36396740416921264,0.17691867704584568,0.4298562813690035,0.00017406845666212,0.09076361809769792,0.1,0.1,0.7,9,0.3602799667164159,0.4652921306062656
15,7,0.5277699184012191,0.883351404684273,0.8666157827222983,0.3641206296953169,0.10675766087902286,0.42955453596800486,0.00017630507057813,0.09104696220945506,0.1,0.1,0.7,10,0.3597946596713795,0.4640958605997772
15,8,0.542104401719824,0.9023934838653926,0.8885144293231588,0.38880197457403043,0.16058738264900915,0.44914763357389703,0.00023352229260421,0.12049682787091787,0.1,0.1,0.7,11,0.3583819834492215,0.4551629476599953
15,9,0.4366958718597382,0.820018262432377,0.8017411623996973,0.3291076161963634,0.39970835042710406,0.5052515240096622,0.00013247782514616,0.0653088801697057,0.1,0.1,0.7,12,0.3075875070313754,0.4492547008419504
15,10,0.43869377876054444,0.8225271888129607,0.804176317480509,0.3424367031853211,0.10576099573139403,0.5028099552122698,0.00012383259438373,0.07042568377445876,0.1,0.1,0.7,13,0.331874534302884,0.5005356357965852
15,11,0.3723624611937807,0.7685169715340288,0.7490066480269805,0.30062930353001716,0.4022969742113809,0.48430842889564474,0.00012422719497752,0.06533422447732429,0.1,0.1,0.7,14,0.2301363068973897,0.3674185881303446
15,12,0.3673716226743831,0.7654146624686867,0.7487743469335595,0.31250835617595474,0.10925094975782382,0.48606048658475837,0.00012451519058254,0.06549046790974346,0.1,0.1,0.7,16,0.2298263423379328,0.3626609056537777
15,13,0.36505387216676694,0.7631620567014751,0.7464505962410399,0.3130482428896332,0.09789754977379059,0.47718958969148756,0.00012309401317547002,0.06467998733863375,0.1,0.1,0.7,17,0.2262812370488351,0.3561811448363668
15,14,0.3511748571204197,0.7487081662272088,0.726449856734101,0.31433933440446893,0.18265994457452123,0.46808732661701163,0.00011625923904835999,0.0833991114464607,0.1,0.1,0.7,19,0.2878128238059795,0.3570613471639162
15,15,0.33314449838813676,0.7266461428431171,0.7003574625585556,0.32324226375179,0.40696037652766215,0.4966015618589059,0.00015089627566280001,0.11240151220357164,0.1,0.1,0.7,20,0.2374198702067481,0.3224075867771225
15,16,0.30285208691705373,0.6962084845254063,0.6723923493200371,0.30697152821771334,0.12019063840454058,0.5253303156890785,0.00013636413581437002,0.07602609267150505,0.1,0.1,0.7,24,0.1978083926687909,0.3196178357747692
15,17,0.2767936984515407,0.6632098987330632,0.6395891957930204,0.28793283883249676,0.3211901632462652,0.4300475821824009,0.00012814874148263,0.0902048252827592,0.1,0.1,0.7,25,0.2219858876200495,0.2641813484152544
15,18,0.26226047881370573,0.6334642757870872,0.6059176379296429,0.270898601441664,0.39164389913328257,0.4582501918803953,0.00015591596953159,0.1066029606741087,0.1,0.1,0.7,26,0.2227622764655698,0.2630693266943482
15,19,0.2409940150447458,0.6098341117533529,0.5846026062026618,0.2625544037637917,0.18219241135147288,0.4470052135479889,0.00012692633471042,0.0881881217994949,0.1,0.1,0.7,27,0.220514058399491,0.2450591791105689
15,20,0.21560018379143797,0.5623173132732747,0.5330001621946243,0.22635114334654935,0.37989557075832153,0.4430729746270852,0.0001234371442759,0.08635389832123927,0.1,0.1,0.7,28,0.175147901686864,0.1921404260792799
15,21,0.215157632277977,0.5629068648360404,0.5368141502865222,0.2414177008416104,0.10756341590645069,0.4430729746270852,0.0001234371442759,0.08635389832123927,0.1,0.1,0.7,30,0.1738138615653428,0.1911424850741129
15,22,0.21316875338829364,0.5483865879574052,0.5171366834375639,0.24999735813785884,0.1445585141915613,0.5338448270097054,0.00010636939226904002,0.08446615727082506,0.1,0.1,0.7,34,0.111536857222821,0.1667289655823221
15,23,0.20217662236086892,0.5371258296235736,0.5088961477903368,0.24826379156274858,0.10788948105721241,0.5328982674116145,8.843630075909e-05,0.07094793448924519,0.1,0.1,0.7,38,0.112567792870161,0.1726871066219888
15,24,0.20102612630671307,0.5372349943723556,0.5122740318697618,0.25778903751881665,0.10278373957897148,0.5329521073669411,8.699577726564e-05,0.06954418868403399,0.1,0.1,0.7,41,0.1077885915721665,0.1667414813495553
15,25,0.19993155064887896,0.5349222955710631,0.5097664679036109,0.2850480052351081,0.11533021793910586,0.5307243614391736,8.7595125586e-05,0.06968193172922073,0.1,0.1,0.7,42,0.1110217645955921,0.1673941871703106
15,26,0.19848797143659463,0.5322359247754742,0.5099514539830869,0.27892919615353157,0.1325526775800484,0.5382464029401789,8.675110686422e-05,0.06958658952758986,0.1,0.1,0.7,43,0.1060138173068261,0.1637035204000285
15,27,0.19350450908031774,0.527331398907507,0.505042954206803,0.2914507582073589,0.09826983464752705,0.46819569023671437,9.871948238952e-05,0.07264933646018651,0.1,0.1,0.7,46,0.0966377962175843,0.1366620868231392
15,28,0.1927054682158669,0.518048906277727,0.4944691268984076,0.2881563237577963,0.19066477310441568,0.5383122999923731,8.751111422901e-05,0.0700708878391835,0.1,0.1,0.7,47,0.0999581665533455,0.1554302141346478
15,29,0.1658568860959312,0.46400587020892486,0.44272623300021335,0.2488985454677095,0.15380989079416804,0.486720883833667,8.722727752706e-05,0.06504796501850858,0.1,0.1,0.7,52,0.0948765695300871,0.1276802476726088
15,30,0.16368266036952972,0.45673603015564684,0.43477008213159113,0.24497149111893957,0.1420845371245482,0.48791596722610775,8.796656063963e-05,0.06549161003085044,0.1,0.1,0.7,53,0.0862866461255053,0.1187301452321213
15,31,0.15396009750428294,0.4362501754623986,0.41286556936913277,0.23585067292958278,0.18813758756393673,0.4613026671865694,8.712714154805e-05,0.06276640098953816,0.1,0.1,0.7,54,0.0766117162939702,0.1030160234680463
15,32,0.15422723204341635,0.43066034082147403,0.4096334771626804,0.23607452968158338,0.12637660383439375,0.45757873549073114,9.277707676786e-05,0.06836113655093078,0.1,0.1,0.7,56,0.0757150042762639,0.0972921515552142
15,33,0.15842674111126814,0.42715062368192724,0.4051466874199281,0.24849011705511342,0.13491618519344606,0.487154980107476,9.773138599773999e-05,0.07478186570866091,0.1,0.1,0.7,58,0.077117502396837,0.1043122514478986
15,34,0.15193256922408344,0.42046789139992663,0.401558820410238,0.2708013463991352,0.09731204885712505,0.4444501848177479,0.00011288758858698,0.0725680026397241,0.1,0.1,0.7,65,0.0691653499480666,0.0945614448996586
15,35,0.15123427657054217,0.41676539485564923,0.4006010114789701,0.27687949304168247,0.11572750067660874,0.4515568246266467,0.00011589510998711,0.07311014298940913,0.1,0.1,0.7,67,0.0712281839346955,0.0923550558775952
15,36,0.1416780593362152,0.4076131386156893,0.3946186760752261,0.27326011636263664,0.09658026441770004,0.46230440016248675,8.254332574358e-05,0.05853631820320319,0.1,0.1,0.7,68,0.0659047904975756,0.0856216696994375
15,37,0.14202928970996448,0.40500216668147787,0.39164239361735437,0.27833147310057843,0.11395306488563706,0.4616492253208625,8.38330712476e-05,0.06075506695915876,0.1,0.1,0.7,69,0.0638716598168239,0.0847302536153463
15,38,0.1422681977765395,0.4066912656875624,0.39663096669406483,0.287762393720361,0.08916599194295187,0.46157388468690314,8.404759210791e-05,0.06113350354919146,0.1,0.1,0.7,71,0.0636784588386326,0.0847442044388242
15,39,0.14677424262593727,0.41240359161384366,0.40561278279977314,0.30107374263312897,0.09606722895085967,0.47211999213995587,9.18657425533e-05,0.06622177104882838,0.1,0.1,0.7,72,0.0685372806388099,0.0809887235933992
15,40,0.14672732649946618,0.4011045658052134,0.3898197079887341,0.2934849549304635,0.17945428161533555,0.47656994875013237,0.00010156596910629,0.07063489927023571,0.1,0.1,0.7,73,0.0690189520195915,0.0880089557449143
15,41,0.14751790434369935,0.40251489532290535,0.3944302727150739,0.3029081601235616,0.10176596248617202,0.47207225627821703,0.00010521651639755998,0.07283726077702517,0.1,0.1,0.7,75,0.0711201932236379,0.0899741820324177
15,42,0.14734880687903038,0.40209781061280614,0.39398330277049476,0.3058057970104989,0.10018897656561276,0.4723943762281526,0.00010483472637499999,0.07267443309586756,0.1,0.1,0.7,76,0.0718683739739997,0.0909561925707957
15,43,0.14579415121070222,0.3945454810765206,0.388839362491673,0.32917675877345887,0.11153554560519284,0.46280959365932484,0.00010782910850009,0.07549115527976462,0.1,0.1,0.7,81,0.0653636651745036,0.0842652354802129
15,44,0.14621815601408286,0.3937556139748393,0.3910331757535174,0.3410336915018884,0.11157292922660941,0.47118423010405636,0.00010795025821935,0.07618300996579797,0.1,0.1,0.7,83,0.0647823925709964,0.0840429017193194
15,45,0.14287126757729252,0.38131538191932607,0.37752411672933756,0.33613905981113623,0.17388008163071497,0.4717623923601548,0.00010703306347816001,0.07545987803267931,0.1,0.1,0.7,84,0.0612347811233067,0.0787717187102303
16,0,0.9343351187278541,0.9830297063501253,0.9815171597019771,0.3704571577483596,0.0,0.0,0.0,0.0,0.1,0.1,0.7,1,1.1082280589162576,1.0620655799069914
16,1,1.280084269632527,1.4437772609468162,1.4345987690523043,0.8525905872807239,0.6692032061397878,0.4266629110971931,0.00045112661903861,0.6692252829018692,0.1,0.1,0.7,3,0.6911828759522332,0.6730443985845096
16,2,1.1422490889709862,1.3412989201025125,1.3302795020156137,0.7598220851602615,0.551606507721933,0.40251915782868325,0.00036941954272621,0.5557949586248588,0.1,0.1,0.7,4,0.6774407382143217,0.6354617119750107
16,3,0.7097414930532278,1.0497458653170653,1.0289972594945085,0.5108268372403475,0.9397099807107512,0.4276201120507333,0.00017386564272247,0.2916722476423603,0.1,0.1,0.7,5,0.3967779159180651,0.4817891061661191
16,4,0.6300084905913643,0.997794566969143,0.9755874281990826,0.48218924370320615,0.3966514575752941,0.4276201120507333,0.00017386564272247,0.2916722476423603,0.1,0.1,0.7,7,0.3819377695221434,0.4149894358876762
16,5,0.6176063961401379,0.9885956276989525,0.9695727393789499,0.4757268871185136,0.24394004312369819,0.427595954600189,0.00019472303101069,0.278332993422505,0.1,0.1,0.7,9,0.401540863057283,0.4331949680186766
16,6,0.38140532569787183,0.768588618958504,0.745389294306061,0.2760114801567142,0.3488772246829295,0.49041820541951314,4.041023139737e-05,0.022024613992480024,0.1,0.1,0.7,10,0.3011954497211244,0.3731874848043419
16,7,0.31048930788203305,0.7065511794356084,0.6806117910338417,0.2460927503012315,0.27802565020558906,0.48864012766824194,5.571774955474001e-05,0.028408430220386277,0.1,0.1,0.7,12,0.236063020754013,0.3366874043477527
16,8,0.3101665476300551,0.7062230894311318,0.6802724430876919,0.24925771277706113,0.06931763998165925,0.48730655090542757,5.5503558954320004e-05,0.02831035935144351,0.1,0.1,0.7,13,0.2371223046665973,0.3351128217075618
16,9,0.30760985546437236,0.70486030630728,0.6814208672002671,0.24841436566443148,0.13000689577325356,0.49741008518351426,6.93212945444e-05,0.03550754868917247,0.1,0.1,0.7,14,0.2117348194969343,0.3251289052831231
16,10,0.2984091607236719,0.6962146783233728,0.6751765554217589,0.257609567398681,0.10527597807549924,0.49741008518351426,6.93212945444e-05,0.03550754868917247,0.1,0.1,0.7,16,0.2033927245167514,0.3110460610721625
16,11,0.36591155608293796,0.7532614758790337,0.7242418419586958,0.35492715502907013,0.23983832790283888,0.9718272934552022,0.00017429492765942,0.12630235347664173,0.1,0.1,0.7,22,0.1906142472351111,0.1626636473148364
16,12,0.37421720553273374,0.7608032860062329,0.7343925664292679,0.37822768457110345,0.2227257867516872,1.0,0.00019523760675796,0.14207203211147923,0.1,0.1,0.7,24,0.1798751330884935,0.1575498265923879
16,13,0.2945189188268194,0.6556151620731011,0.6199201337516073,0.29920493348488053,0.5763157026555168,0.8879596268414044,0.00015432074764194,0.1057849537540478,0.1,0.1,0.7,25,0.1484797310200216,0.0858941177030144
16,14,0.29060136622900945,0.6522676745288376,0.6196776550812805,0.31011792731032034,0.1650788664760544,0.8800756853519314,0.00015203918059043,0.10320113600474441,0.1,0.1,0.7,28,0.1474546460596737,0.0861659286897868
16,15,0.244277624042043,0.5968531569671826,0.5685785572787779,0.27896295017706196,0.28501476302067474,0.808051469706841,9.734447140805999e-05,0.06684500563338082,0.1,0.1,0.7,29,0.1472372502297143,0.0947415431027074
16,16,0.24049743411847171,0.5851322308735815,0.5554460609584929,0.2698813068015655,0.2299639839911666,0.8512444499528811,9.715619982081e-05,0.0665549407932122,0.1,0.1,0.7,30,0.1320068495176291,0.0735898374365484
16,17,0.23708416093666124,0.5763294141919753,0.5426867648317194,0.26576229890666575,0.17605507292922606,0.851244444797616,9.715619920425001e-05,0.06655494029070372,0.1,0.1,0.7,31,0.1303554734486386,0.0685737449828797
16,18,0.2492598406307877,0.5827407173423771,0.5573449269406417,0.29507711635401984,0.21007724933112892,0.8972842579341235,0.00012987620422846,0.08946824617287831,0.1,0.1,0.7,33,0.1150477016309219,0.0658617807324545
16,19,0.2441374007666789,0.5776116350220859,0.5522143532235859,0.29563538732655137,0.14728543048010076,0.8831067906347742,0.00012254248758817,0.08419135070707917,0.1,0.1,0.7,38,0.1151444092990488,0.0642408007965154
16,20,0.20584620159227726,0.5178939858118706,0.4830917999173928,0.25089251510901683,0.3149596893266389,0.8292962367426436,7.273822248696e-05,0.05563872410956411,0.1,0.1,0.7,39,0.1125816122428221,0.1120624322672015
16,21,0.20032527471154177,0.4972122182605344,0.4602501592555855,0.2530710102648428,0.14691785891019377,0.7909457947404317,9.75818838084e-05,0.06618676732372139,0.1,0.1,0.7,46,0.0884728911115934,0.0607869969901037
16,22,0.1989883805023458,0.49431256087494985,0.46644543707954256,0.28304284349445963,0.15510592874177542,0.8014731817947074,9.895389492361e-05,0.06728333252352414,0.1,0.1,0.7,48,0.0848954500182103,0.0574400632992053
16,23,0.17257661645635958,0.43403410453378555,0.3923758784719055,0.22607264320404136,0.38941242211575244,0.7164366005816648,9.899946930872999e-05,0.06184652158176439,0.1,0.1,0.7,49,0.0906830534510771,0.0432004219180584
16,24,0.16655804237593383,0.4227758715810243,0.3804983713070467,0.22290394051773016,0.12891087706225823,0.7219533312288984,8.852632335302999e-05,0.054902449955079424,0.1,0.1,0.7,51,0.0681023650207099,0.0409562820734545
16,25,0.1659508306633927,0.41111186868933325,0.3705936000066733,0.2248149754485086,0.1683449387325118,0.7147326821020435,9.889561239348e-05,0.06191155693359609,0.1,0.1,0.7,53,0.0610492808175938,0.0430307778361552
16,26,0.1593022523973624,0.4069886175767999,0.3730267243217877,0.24971538315805705,0.10938853196159581,0.7037054648023525,8.724068130664e-05,0.05419027094223142,0.1,0.1,0.7,56,0.0643453296234579,0.0332331815670712
16,27,0.1468021473353016,0.38430691535604666,0.3459926182287558,0.21560675817682062,0.1712423622477431,0.634369771872462,8.650615249662e-05,0.0506145228907529,0.1,0.1,0.7,57,0.0734547720629327,0.0349999819639571
16,28,0.16469510499642423,0.3959538133743568,0.3600241528781564,0.250206107735059,0.18300636181523336,0.7552764225509456,0.0001002193582855,0.06259643756506415,0.1,0.1,0.7,58,0.0609486892885986,0.0401942634578261
16,29,0.14768888484086384,0.3640352369238461,0.32322775945062826,0.22322017401386518,0.16137265229885894,0.668848240693258,9.507924885664e-05,0.05668885144162126,0.1,0.1,0.7,60,0.0524876009668335,0.0306145346231143
16,30,0.15573067612737318,0.37155696818775785,0.3338254969517576,0.24512864000240123,0.12265147302614299,0.7234026758285643,0.00010021175407845999,0.06117658318171839,0.1,0.1,0.7,62,0.0572326797748319,0.0325834875523006
16,31,0.1444044257153712,0.35235824367037216,0.3137229935137288,0.23262969209406073,0.1685871332475459,0.6772463616196005,9.030944261064e-05,0.05483075277930398,0.1,0.1,0.7,63,0.0504788469596363,0.0274206955330185
16,32,0.14067057690059973,0.3315384046101936,0.2878355165833485,0.22355142488933272,0.16747137397943634,0.6664446710025187,9.637263970365e-05,0.05701565987684595,0.1,0.1,0.7,65,0.0475472491628538,0.0278747688248005
16,33,0.15029062603023852,0.34076031802040313,0.3001503156000445,0.25944070518709894,0.12037623095685711,0.7307013576643274,8.991568637098e-05,0.062277319537141204,0.1,0.1,0.7,69,0.0459822039128698,0.0285714622250357
16,34,0.13080147125670785,0.3186628868038626,0.284037248959256,0.2404553545683691,0.12059750085702972,0.6411017627635138,8.454973932543e-05,0.049270588609423786,0.1,0.1,0.7,71,0.0567615139262009,0.036035472441737
16,35,0.1473749566076123,0.3236094110180546,0.28142242605428547,0.2548114585871115,0.14966883629493183,0.7486974519060675,0.00010048684750029,0.06047951543317768,0.1,0.1,0.7,73,0.0454921794644539,0.0243681621559212
16,36,0.1320787529565097,0.30656498704962404,0.27361010242308603,0.26445899789060257,0.11911872759263836,0.6356334939136765,9.664094443507e-05,0.056827413862511014,0.1,0.1,0.7,76,0.0480469011837518,0.0264742959535597
16,37,0.13068762309840098,0.2976949747073297,0.26392625555606136,0.26203430112302245,0.15986810343432015,0.6336265427334441,9.696359920871001e-05,0.05748675860172314,0.1,0.1,0.7,77,0.0495516977210034,0.0264406824792249
16,38,0.13387540392510988,0.2938166368759016,0.2498532723668725,0.2564415326243382,0.1111994510585551,0.6643974024754147,9.584146829296e-05,0.05843374338005833,0.1,0.1,0.7,82,0.045088354781059,0.0270960333050852
16,39,0.13229792909428592,0.29395704469048517,0.2564662981443793,0.2800406038878759,0.10843775469301409,0.6557522796699138,9.493935141447e-05,0.05780405220075214,0.1,0.1,0.7,86,0.0445136246050036,0.0268181209506219
16,40,0.1357029845964086,0.2973645106331663,0.26930573705276856,0.2971313701391705,0.14042111898858795,0.6232448389772713,0.00011689217630662,0.06865366325279186,0.1,0.1,0.7,87,0.0428136983628057,0.0294990905327973
16,41,0.13414210563229712,0.27335776925655836,0.2429084258887675,0.28533726773746027,0.19758599335281626,0.6387631533884575,0.00013318402871584,0.07045513777170656,0.1,0.1,0.7,89,0.0415976328287684,0.0231433105222671
16,42,0.13328919825258667,0.272909266231803,0.24250270867862722,0.30422568569416086,0.11253351057142502,0.6374870890464748,0.00011447121175942,0.06931360392145319,0.1,0.1,0.7,90,0.0375741661090327,0.0262706031183136
16,43,0.13435025090799702,0.2722190078748225,0.2447753995699523,0.2878297168743218,0.13434681395253895,0.6390782314160935,0.00013328104412951,0.07144620221465835,0.1,0.1,0.7,91,0.0410090502820493,0.0229838546598264
16,44,0.12917415734224785,0.2655108357769147,0.23475826390366306,0.30533985311013057,0.11679441705100282,0.6340716650165026,0.00012453312776861,0.06477682404073962,0.1,0.1,0.7,92,0.0379553991616611,0.0213542629442738
16,45,0.11429797921500637,0.2437427366628294,0.20911822872431368,0.2855082916727409,0.10727397168883523,0.580810510143883,0.00010224145555144001,0.05251190953101702,0.1,0.1,0.7,95,0.0381781512275633,0.022991296728145
16,46,0.11842948789095063,0.23372700470523625,0.19762750208259433,0.28466539269595603,0.1974449021771833,0.5774748115870896,0.00010359607732727001,0.06232125453731677,0.1,0.1,0.7,96,0.0351599922850486,0.0200816457668172
16,47,0.12473481067838073,0.2406426900901173,0.2077563839951183,0.3103056817487452,0.10998237748834244,0.5966143791586913,0.00011340376631540001,0.0688030184324513,0.1,0.1,0.7,99,0.0367159867304379,0.0209439497034125
16,48,0.12422848170509243,0.2401437530257337,0.2104085621412694,0.33528550550408287,0.10968829215123806,0.603652494523144,0.00011346791450612999,0.06741756039366939,0.1,0.1,0.7,104,0.0363981093455505,0.020146773825804
16,49,0.1242284817124984,0.24014375301802604,0.21040856213356174,0.3352855054968731,0.10756910822581728,0.6036524948051456,0.00011346791449782999,0.06741756034237364,0.1,0.1,0.7,105,0.0363981090910137,0.0201467737767073
16,50,0.12870508479795972,0.24567264027729416,0.21919654406976774,0.35021762164999637,0.11375081610389429,0.6134552998916998,0.00012130125105343001,0.07251648521600378,0.1,0.1,0.7,107,0.0368857258172632,0.0216056348153192
16,51,0.10407779797626046,0.20607361404495164,0.17490311000328154,0.318286128434984,0.113661975255727,0.5262629666916683,0.00011135976183724,0.05280708852842198,0.1,0.1,0.7,111,0.0377892511902802,0.0223449587237322
16,52,0.11272155083979563,0.20992588253325645,0.17826489167749665,0.3428999914949369,0.11021283257835907,0.530326117526605,0.00012071185404126999,0.06559005828550168,0.1,0.1,0.7,114,0.0383250867966835,0.021942450708532
16,53,0.10542917245919423,0.21907608974339648,0.2237708226961494,0.3435974744137651,0.0918204751379811,0.5299710572201661,0.00011191872175314,0.055231708142619455,0.1,0.1,0.7,115,0.037535056464079,0.021218860770319
16,54,0.09906523308705187,0.19285266347933924,0.16399552901397754,0.35013662704866766,0.09174190496648164,0.5392980318522292,9.69510394893e-05,0.04582002449417268,0.1,0.1,0.7,121,0.0341495632689394,0.0225735515829909
16,55,0.10641940937863403,0.2026891940958646,0.18354322226313396,0.39659847620950034,0.09568303708144218,0.5489752584940212,0.00010220611420996999,0.055355207741137155,0.1,0.1,0.7,128,0.0340587022877395,0.0220805726237025
16,56,0.11714393963103276,0.2062302477562622,0.1737414330681517,0.4581826566081472,0.10495025355293369,0.547610646046894,0.00010102959876002,0.07111249780027756,0.1,0.1,0.7,149,0.0354499977074432,0.0209728584863797
16,57,0.11629635075217234,0.2024609079379174,0.1665218772722443,0.4408791425695973,0.11385102337277542,0.5369943509022984,9.62464403403e-05,0.07170624227239747,0.1,0.1,0.7,150,0.0357419237729723,0.0210061604795068
16,58,0.11628591463304844,0.2038752093415816,0.17123411282939785,0.46895026034433546,0.10442301782013191,0.5369943500494881,9.624644005411e-05,0.07170624200313915,0.1,0.1,0.7,151,0.0357925187562495,0.0210372142149909
16,59,0.11628407937161925,0.20375751912710624,0.1711046434247075,0.4657575266843933,0.10432536220017197,0.5369729865183335,9.626851880785e-05,0.07172997287711123,0.1,0.1,0.7,153,0.0358317178019059,0.0210548647339064
16,60,0.11687557908488373,0.20510529084999457,0.17568239620571124,0.4753145346887237,0.10982583833610354,0.5376195961461708,9.748826510093e-05,0.07263143583623596,0.1,0.1,0.7,154,0.0360009659923054,0.021181419444336
16,61,0.10651175872459924,0.1977799566417122,0.17812474177979798,0.5372664580083617,0.09623574502260737,0.5462026078002077,9.570245283065e-05,0.056901130200697446,0.1,0.1,0.7,160,0.0320616252453872,0.0231598240064897
16,62,0.09457574642394315,0.18709445492243193,0.1738727177263792,0.556319176996898,0.08584338042642066,0.5418296257502906,8.435744529591e-05,0.04082443869662017,0.1,0.1,0.7,164,0.0338483510662736,0.0235222624976604
17,0,0.9611833029944328,0.9905077121179787,0.9896617154661876,0.3738718282510999,0.0,0.0,0.0,0.0,0.1,0.1,0.7,1,1.0083008590098037,1.0586968411577515
17,1,0.935904425242475,1.1116122846732106,1.10174259342557,0.5232584460116698,0.388896515853511,0.4272683751889439,0.00045554939708295996,0.2056956758157387,0.1,0.1,0.7,3,0.7707898342956797,0.6730443985845096
17,2,0.6668120889520022,0.9692792219330845,0.9547080604022343,0.4168908888149789,0.6772251126021196,0.43002498814737605,0.00034925878290657,0.12817812574362938,0.1,0.1,0.7,4,0.6196611975769344,0.451520399358181
17,3,0.6477927448722091,0.9605084602929781,0.9484817190515747,0.4140206278967487,0.1573332456778972,0.42998864967595735,0.00032825791510336,0.12571379053772966,0.1,0.1,0.7,6,0.5876139051677423,0.4421002688693886
17,4,0.6167888731037166,0.9403752582507572,0.9307811625304611,0.40700697448338374,0.13930027005682355,0.4319997824755552,0.00024925479365389,0.10852406587696538,0.1,0.1,0.7,9,0.5506317695459997,0.472811604260042
17,5,0.6032475059426948,0.9454257396877647,0.9373506167310043,0.4233957633181984,0.20455043945799184,0.43981014548658887,0.00034672545375713,0.1411025439463314,0.1,0.1,0.7,11,0.5105920391505159,0.4132934116015254
17,6,0.4405853808118645,0.8196987321340085,0.8024424257758938,0.3400575714520102,0.287559021619048,0.42957148864345546,0.00016100064788622,0.059298654446612115,0.1,0.1,0.7,13,0.4421664899396579,0.3439599222510289
17,7,0.43908820811611915,0.8197673991419966,0.8021512328981837,0.34411264169513756,0.11347704695244022,0.43531888104361904,0.00017469222244616002,0.06434144128827896,0.1,0.1,0.7,14,0.4381100044045283,0.3389641721961769
17,8,0.45229951641474564,0.8364769221486674,0.8216749107569982,0.36135012959514967,0.14327271419414017,0.4584995966359768,0.00024605236163578,0.09062431834886328,0.1,0.1,0.7,15,0.4343554718387438,0.33661625045511
17,9,0.42755501069638924,0.8126839682624424,0.7976313307789552,0.34108898852782904,0.1056114723436197,0.4377497526529663,0.00017896816851954998,0.0636253732362864,0.1,0.1,0.7,16,0.4260734959797106,0.3331763065087382
17,10,0.4353087994136774,0.8241769733355204,0.8118062103292407,0.36144710186899676,0.1485091964328295,0.45532707970787173,0.0002345372404398,0.08537896740358836,0.1,0.1,0.7,17,0.4206206297940389,0.3275798917049058
17,11,0.4398966966332934,0.8298457852498243,0.813337897114359,0.37743373838661604,0.14095220426122895,0.41495669148338393,0.0003045501724007,0.11470526984070407,0.1,0.1,0.7,20,0.3785675012896135,0.283992563738846
17,12,0.4255842475476568,0.8187662989448768,0.8049191461069077,0.3805133694692221,0.16103949231356696,0.46925062969038583,0.00031904955169205,0.09931169637223422,0.1,0.1,0.7,21,0.3904582848747776,0.2824668954081895
17,13,0.4114509884888181,0.807242937652963,0.7962328437134586,0.3764601802533136,0.12489706477064563,0.46475100537722996,0.00028568584812834,0.08886381343313032,0.1,0.1,0.7,23,0.3803367443395897,0.2782018062286048
17,14,0.5857082197594488,0.9836182872452393,0.9671034909984367,0.5590008443322151,0.45556852925010216,0.4854157327295271,1.0,0.2324503562631793,0.1,0.1,0.7,24,0.3881020665705356,0.2880898833122233
17,15,0.5718734557967011,0.9721865302079721,0.9577944350120164,0.5580418673454586,0.3520214035185857,0.48940031037341464,1.0,0.23236647795652549,0.1,0.1,0.7,26,0.3728513688780654,0.2793060754981268
17,16,0.40929080705776194,0.8095451750747972,0.7952698158627385,0.3976039959265189,0.14769524848261212,0.46210811409842995,0.00043480412333587,0.1448442163632206,0.1,0.1,0.7,27,0.346423723175628,0.2609492010894819
17,17,0.5718461080303296,0.9721697203916588,0.9577559031137062,0.5581149293803627,0.3132640485321728,0.4886042400559436,1.0,0.23280427480262697,0.1,0.1,0.7,28,0.3724557410921928,0.2787030325475682
17,18,0.3375133106447095,0.7380597620614893,0.7227348642182649,0.3486718276480059,0.12373833453613015,0.47885825232539453,0.00014325744457176,0.05719327990556204,0.1,0.1,0.7,30,0.2927479891745548,0.2610672924084563
17,19,0.38116255964167267,0.7815773840745762,0.7654314484921152,0.39557668830254794,0.1546497555165423,0.47643221910597466,0.00038701100984309003,0.1328329845658029,0.1,0.1,0.7,34,0.3240061601979792,0.2147243996079964
17,20,0.33397696428143897,0.731662583295828,0.715123868117474,0.3949032101989459,0.18131563054404204,0.480604866710051,0.0003848101664737,0.11806450285445531,0.1,0.1,0.7,39,0.2648343648576863,0.2018876666119575
17,21,0.32917296853750466,0.7255449716723728,0.7083568373402078,0.39704463404168117,0.17512595840468362,0.4763834634943196,0.00038382235624654,0.12033589360161943,0.1,0.1,0.7,40,0.2600698790136875,0.1911242058654386
17,22,0.32074623817388076,0.716527895242878,0.7017426432999925,0.40418562196390256,0.14078400368391225,0.464953959080211,0.00036378651397734,0.12141633229615059,0.1,0.1,0.7,47,0.2354621002233499,0.1867003464564293
17,23,0.32981251751521873,0.7349428683686757,0.7428495726247832,0.5144747531077524,0.14632500256192507,0.4533639273447576,0.00044349767654461997,0.1415331747345896,0.1,0.1,0.7,65,0.2298018180070749,0.174898419555957
17,24,0.2994730081848135,0.7045109950413531,0.7123786550300125,0.49360715126230537,0.11538944123325516,0.44364871355741853,0.00036117906733568,0.1000845805909918,0.1,0.1,0.7,68,0.2257873520743319,0.1745549870510921
17,25,0.3240671756051191,0.7296479329253437,0.7404732583644928,0.5248248485176518,0.15397772135239624,0.4536264179779632,0.00042335073743343,0.13799391098498587,0.1,0.1,0.7,70,0.2258240040076888,0.1679693201760154
17,26,0.32406280021467526,0.729642078118917,0.740466867436835,0.521733279755747,0.14203593749035642,0.4536264179779632,0.00042335073743343,0.13799391098498587,0.1,0.1,0.7,71,0.2257897828948716,0.1679373369589374
17,27,0.305898368897321,0.7065522097229825,0.7186290838822069,0.5735490588587784,0.15464423871976068,0.48751935932007745,0.00042714250906231995,0.13093646525522618,0.1,0.1,0.7,81,0.2209360759240166,0.1574495880475154
17,28,0.2965237718289935,0.6975392416471599,0.7125986624381598,0.5714628873223361,0.14472092515613455,0.46731848607408916,0.00038194109055606,0.12398752934947024,0.1,0.1,0.7,83,0.2121583107100885,0.1509481030172944
17,29,0.3027986188711209,0.7025655122550232,0.7172807017465336,0.5862547750778702,0.14839902584821593,0.49952583007018525,0.00043531572010259,0.13207680880554307,0.1,0.1,0.7,87,0.2152271940905596,0.1559601519002361
17,30,0.2848963527767179,0.6824441342727617,0.6965691815491426,0.5767203105252883,0.16981026820434217,0.4752091921746064,0.00036150069775371,0.11627468836884354,0.1,0.1,0.7,88,0.2027566239844108,0.1604957268030666
17,31,0.28756146527800747,0.6876336287765906,0.7082496913175969,0.5972686397716266,0.1341311628773721,0.48832421957473743,0.00036980658829340003,0.11945376128496606,0.1,0.1,0.7,93,0.2059318752621803,0.1492972933633657
17,32,0.24099689224058407,0.6420271653036087,0.665810398998879,0.6001033754015949,0.0879973950596059,0.4645517057518375,0.00020183996364388,0.057797211358736195,0.1,0.1,0.7,102,0.2100198743928524,0.1543882652274268
17,33,0.2458465096687359,0.6452620103591057,0.6686421890293299,0.6181376048374038,0.12253234885687111,0.4764839870585207,0.00019603050832861998,0.06717380832169371,0.1,0.1,0.7,103,0.2015699186533582,0.1510731529465986
17,34,0.25212272408746916,0.6512873766313857,0.6746057237491997,0.6145656744474325,0.10569694515530402,0.47287738042341265,0.00025103598021509,0.07728053653013321,0.1,0.1,0.7,104,0.2043215694988348,0.1508055068040898
17,35,0.23153356752893492,0.6288314836393547,0.6487545505992683,0.6144268073770132,0.08301155304469063,0.4863652777030845,0.00017069005617006999,0.04686597031844811,0.1,0.1,0.7,108,0.1955414868542439,0.1517341144797907
17,36,0.23052659705531411,0.6292025743177234,0.6524018550473328,0.6315920133205046,0.0816694097331217,0.4895848100215156,0.00014972830484382,0.045266947464721055,0.1,0.1,0.7,110,0.1967037713630033,0.1514167716059115
17,37,0.22973639483712902,0.6280568904325338,0.6511698886890064,0.6304348920487922,0.08645650290116275,0.4657204949523177,0.00017479076167639,0.048418931046885896,0.1,0.1,0.7,111,0.1954121106637508,0.1530005429165012
17,38,0.22557952969414946,0.625395443840241,0.6518130607281535,0.6473928797931112,0.07634583823040358,0.4657186491495126,0.00015405885614998,0.042492070303106706,0.1,0.1,0.7,115,0.1954268053972198,0.1529867194436061
17,39,0.22116369042179046,0.6196396519293533,0.6457321298289025,0.6500994529019134,0.08557488398738619,0.4747998160069286,0.0001397054738135,0.03818600923964835,0.1,0.1,0.7,117,0.181937058627369,0.1454602049104634
18,0,0.9963523388914388,1.0,1.0,0.3811878895883399,0.0,0.0,0.0,0.0,0.1,0.1,0.7,1,0.858908301603275,1.0631344595938668
18,1,1.0255594648283557,1.0382630666782364,1.0346147539911457,0.4230218957426884,0.05545771872638964,0.404501070371379,7.5894720342682154e-06,0.004510782114486171,0.1,0.1,0.7,3,0.7889820631132953,1.09937549079326
18,2,0.6794165829507595,0.984682744845573,0.9698730261660595,0.4332761991392774,1.1508420597545472,0.42886370209050634,0.00032859355662084,0.15417547169976345,0.1,0.1,0.7,4,0.5341322784170862,0.4426163974357818
18,3,0.6688998730210104,0.9749561478049033,0.9600783255798607,0.4238305998649875,0.14658825559518993,0.4295972845721362,0.00030481549339353,0.14127069701244607,0.1,0.1,0.7,5,0.5484446009588815,0.4503580271663138
18,4,0.6275242445645158,0.9606924107163954,0.9466698776196139,0.42346499679815286,0.3230446980517999,0.4301110278736701,0.00031683204495876,0.1579491410125204,0.1,0.1,0.7,6,0.4798388458146586,0.4082661695434438
18,5,0.5743441130075428,0.9074506855196284,0.8899656819384802,0.3742076341389403,0.11440498522364638,0.4295598530137975,0.00018568369585125,0.08664458525774939,0.1,0.1,0.7,7,0.5000943051166519,0.5296517284553277
18,6,0.5128461876697653,0.8732006478184268,0.855762021046364,0.35488595993602656,0.3297203185382964,0.4722413424203672,0.00017184975536963,0.0817158334504684,0.1,0.1,0.7,8,0.4229996475084302,0.3610573603021846
18,7,0.5087467268193006,0.8696986487147318,0.8521764908496874,0.3537097074428706,0.10783084761969655,0.43014404969684855,0.00017310882965005,0.08406585296326416,0.1,0.1,0.7,9,0.4125681644203421,0.4700877124556111
18,8,0.48140462392176214,0.8454498907943628,0.8238879294826869,0.3371820585888293,0.13798508758875083,0.42748220509760154,0.00014024588886233,0.06372064395965771,0.1,0.1,0.7,10,0.3656638837902335,0.4617922959683709
18,9,0.422682242035899,0.8061009551092104,0.784083846445772,0.31392538342963494,0.34862176419239554,0.4619648637634984,0.0001272925617602,0.060717680888069316,0.1,0.1,0.7,11,0.3509936198650989,0.4461218862054641
18,10,0.4218646977239555,0.807718453096437,0.7887594551138754,0.31845978200201225,0.10908015000675714,0.4536831474128259,0.00013416652283155002,0.06603386664122905,0.1,0.1,0.7,12,0.3668793108069777,0.3771491115472189
18,11,0.35376226371974656,0.7493447328001935,0.7255390826847808,0.2822619111458798,0.4226397145010897,0.46285305440949837,0.00011777026863605,0.05901756211916423,0.1,0.1,0.7,13,0.281233531228317,0.3664327061152406
18,12,0.3705410396420692,0.7679958040877795,0.7468542429440069,0.3091907153768788,0.13416571526497859,0.4751090472083407,0.00019137375311129,0.09203941314660018,0.1,0.1,0.7,15,0.3140154261496184,0.3978658328575309
18,13,0.35239187007208345,0.7498831912611259,0.7286892391887463,0.29365094741714903,0.09815122535159301,0.4697500107502198,0.00013687338989665,0.06777754385319064,0.1,0.1,0.7,16,0.2878511795174412,0.3904728484218187
18,14,0.35815051198470993,0.7571901544742241,0.7383100812302222,0.31601942490713375,0.17934086739515215,0.47658610422747993,0.00018419280060852,0.09098458668845334,0.1,0.1,0.7,17,0.2809889956804213,0.3642504737997037
18,15,0.3545744716643614,0.752018071731188,0.729334625891161,0.31840065964981856,0.12016615151272494,0.44100634515220777,0.00019754562969843,0.09879817815612005,0.1,0.1,0.7,22,0.2638850440810012,0.3231891048393535
18,16,0.3981970144535574,0.7970886814420447,0.7774771304085657,0.36895216809435016,0.17584320626525127,0.4525536243315262,0.00033084014820114,0.1631188633312556,0.1,0.1,0.7,23,0.2855250897632784,0.3195557642698163
18,17,0.36967305390549027,0.7670938682403481,0.7456960359854192,0.3488235579770077,0.27286665770942387,0.45248114144186713,0.00030491201178009,0.1489134537059357,0.1,0.1,0.7,24,0.2692635435375988,0.3036017790667067
18,18,0.3516846032666442,0.7474900089268908,0.7249640166166196,0.3363728039660354,0.22050559433629846,0.45236924890668256,0.00029051640144566,0.13900831597581015,0.1,0.1,0.7,25,0.2604185545590087,0.2960369503612946
18,19,0.33907824223121025,0.733489277365566,0.7101925232584353,0.3280516086078508,0.1904734237613242,0.45126214658267993,0.00028112797547058,0.13152044379906222,0.1,0.1,0.7,26,0.2549916563378344,0.2921960933981154
18,20,0.332723997194942,0.7262733472514015,0.7025527055100295,0.3250860074384567,0.164068860720125,0.4512374349485991,0.00027652868281732,0.12801005464331333,0.1,0.1,0.7,27,0.2504764229329433,0.2911287523293804
18,21,0.32272906485672775,0.7150722100026774,0.6908096312092509,0.31861989522794953,0.16706950803025417,0.4499890199376238,0.00026890071789038,0.1208739209195319,0.1,0.1,0.7,28,0.2487910370828269,0.289228051565651
18,22,0.3341225223239618,0.7272071832232472,0.7059299446215641,0.3351067457864173,0.16602737799878925,0.45270528789335324,0.00028301489396203997,0.1408095449532343,0.1,0.1,0.7,29,0.2581586220175935,0.2953908325823957
18,23,0.3270833164832977,0.7193345085774017,0.6977238947048456,0.33117559861001,0.16277267526082845,0.4519871204956278,0.00027957183941537,0.13500924908545114,0.1,0.1,0.7,30,0.2563026515293819,0.2948554708499697
18,24,0.32159537347212774,0.7132110461680308,0.6913563305356004,0.32862552496892794,0.15321892372497467,0.4514455227000871,0.00027678697607891003,0.1302516759206526,0.1,0.1,0.7,31,0.2549953838399512,0.2948035150102804
18,25,0.31724479455432686,0.7083767553612549,0.6863414653121739,0.3271026378142905,0.1460215078776498,0.451028519857046,0.00027442660417812,0.12629969645122685,0.1,0.1,0.7,32,0.254050036187172,0.2950506376864598
18,26,0.3137522680559914,0.7045184248600762,0.6823493095887688,0.3263629139867036,0.14043304538778856,0.45070237589274975,0.00027236049436352,0.12297962650879457,0.1,0.1,0.7,33,0.2533567367229908,0.2954896567300096
18,27,0.3109216417097799,0.7014144744517391,0.6791468229673646,0.3262320313124528,0.13599676654961942,0.4504442674495395,0.00027051088279151996,0.12016187600393617,0.1,0.1,0.7,34,0.2528466973923905,0.2960546311383661
18,28,0.3086108525243238,0.698903772409323,0.6765647834519006,0.3265822388600112,0.13240763128000624,0.4502382247381849,0.00026882841203787,0.117748285362897,0.1,0.1,0.7,35,0.252474501313138,0.2967031016932525
18,29,0.3067144436252013,0.6968661412389278,0.6744770979744229,0.32731772111045293,0.12946044104965287,0.4500727566543871,0.00026728002430547,0.11566350195808729,0.1,0.1,0.7,36,0.2522087863058223,0.2974067128903443
18,30,0.3051525271344567,0.6952102497119028,0.6727880241801362,0.3283653366262164,0.12700980213294624,0.44993939753194667,0.00026584251280647997,0.11384896731696993,0.1,0.1,0.7,37,0.2520270662751432,0.2981459714549577
18,31,0.30386354171019725,0.6938655037206956,0.6714236159855469,0.329668363691066,0.12495200636923594,0.44983178372921656,0.00026449890869634,0.11225865288317875,0.1,0.1,0.7,38,0.2519127065735964,0.2989071687367405
18,32,0.30279934800507746,0.6927765679641279,0.6703259243961311,0.33118221855581365,0.12320770271638394,0.44974504774859075,0.00026323636253652004,0.11085599279288877,0.1,0.1,0.7,39,0.251853077178203,0.2996804945963386
18,33,0.30209903330557775,0.6929772426784792,0.6736280779222878,0.335854773653649,0.13762542118812046,0.44983178372921656,0.00026449890869634,0.11225865288317875,0.1,0.1,0.7,40,0.2488190298305593,0.2949834374665626
18,34,0.3150209258724486,0.7039732413394287,0.6868294423712856,0.37109947626366424,0.17077764325011496,0.4520228689184929,0.00022538966969735003,0.14315095509556997,0.1,0.1,0.7,43,0.2049338248066383,0.2996937123513045
18,35,0.29359152859129944,0.6806466575464857,0.6600763215769371,0.33882955487425703,0.13335813313311123,0.45013426200956447,0.00021609338559688,0.11417996412689009,0.1,0.1,0.7,44,0.2153236205914701,0.3100505273316551
18,36,0.29993789462214837,0.6890926860781248,0.6777448728527318,0.38547944500687165,0.14867990671273926,0.4740495516222626,0.00024463122990679004,0.12752339317467237,0.1,0.1,0.7,48,0.216727366806888,0.2291657775397128
18,37,0.33431363308452217,0.727808855670132,0.7263331794645722,0.5152202470077754,0.1715181060968533,0.4512765102215924,0.00020868470088456002,0.1803764472022745,0.1,0.1,0.7,77,0.3122378743507337,0.2607826334380306
18,38,0.2923460895477716,0.6854754599978908,0.6838982663194819,0.48613044601719624,0.13372023271197864,0.4570552527099035,0.00016664614510347,0.12070769969827991,0.1,0.1,0.7,79,0.3458611679179266,0.2883911770563847
18,39,0.3028538770001198,0.6947583365820614,0.6928463653202244,0.5058106617074445,0.16640150110847013,0.4501080772583627,0.00018278575684351,0.14032497121914478,0.1,0.1,0.7,80,0.333845773749512,0.2515441568466312
18,40,0.2902342969016763,0.6808826537662853,0.67863664481959,0.5030530602223207,0.14467950023421366,0.4528586558084779,0.00016921304127771002,0.12546528369290894,0.1,0.1,0.7,82,0.3249334801987174,0.2519202629762761
18,41,0.28992203535184535,0.6800332041606114,0.6776474643601715,0.5027793895260149,0.14349841125352453,0.45065574089415994,0.00016485887111075,0.12680702927613094,0.1,0.1,0.7,83,0.3302012999426535,0.2483675398352341
18,42,0.30045579776865333,0.6903051352565617,0.6878518487928181,0.5163558067909803,0.1495406512868143,0.4505618513006402,0.00018188119234208998,0.14257468334568407,0.1,0.1,0.7,84,0.3310908691533765,0.2484775238180462
18,43,0.28706869570106697,0.6758340232181144,0.6731039985443172,0.5126335041379111,0.143081735065903,0.4498106401754957,0.00016891531066229,0.12644650359819243,0.1,0.1,0.7,86,0.3228518085332034,0.2503348572413557
18,44,0.2870570200775616,0.6757947432241223,0.6730583236608583,0.5220915833961569,0.13375278738811522,0.45064074856392794,0.00016829189390875002,0.1263742852366096,0.1,0.1,0.7,88,0.3192443703115373,0.247836170676583
18,45,0.275151917954144,0.6648864363722895,0.6653295048084832,0.5262824931980382,0.12545212053787852,0.44759071301876013,0.00014691397136060998,0.11110786418709094,0.1,0.1,0.7,91,0.328414363050244,0.2464823620543293
18,46,0.27509845652657516,0.6630632549122039,0.6601333481747801,0.5261830458852637,0.1276478173500602,0.4500258189237975,0.00014679190774834,0.11137854841629626,0.1,0.1,0.7,92,0.317623746437891,0.2505104492436909
18,47,0.2747603978276687,0.6640010624983307,0.664321338375586,0.5355742821898724,0.12495254823895761,0.4506091999482843,0.00014697138396752,0.11137991431343473,0.1,0.1,0.7,94,0.318381503259913,0.2522656499158836
18,48,0.3020347533298136,0.6926383497477646,0.6962303797070848,0.5531826777695552,0.15172647967035063,0.45430308076954456,0.00016131484951675,0.15015988341415132,0.1,0.1,0.7,96,0.3075439240503634,0.2517372070498382
18,49,0.27013249521687,0.6589593408628632,0.6591775713903706,0.540694693421258,0.12071728475043947,0.45324508585340784,0.00013968115372636,0.10543752969608744,0.1,0.1,0.7,99,0.321150199984383,0.251979711710681
18,50,0.28267833552226784,0.6727217522769725,0.6761762972627742,0.5532433729942262,0.13696463239033002,0.4530616402003853,0.00016470769244392,0.1240880549740028,0.1,0.1,0.7,100,0.3304222926590994,0.2578406439713036
18,51,0.3107093289680892,0.7037470432568752,0.7138114945478987,0.5943203139673752,0.16024237234342875,0.4543362944717698,0.00017299425812285,0.1639603565199375,0.1,0.1,0.7,104,0.3262775781924017,0.2502624924040576
18,52,0.30723017885152215,0.699851419321047,0.709814568639527,0.5908419327467461,0.15921411530854512,0.45449085599098743,0.00017545839570519,0.1599966065458013,0.1,0.1,0.7,108,0.3151065588379349,0.2531741158676912
18,53,0.3283485277463945,0.7296782232717657,0.7594053462474093,0.6953473377529175,0.17933465278946054,0.45090934177218644,0.00021718497728238,0.19136819007945932,0.1,0.1,0.7,126,0.3019079006962743,0.2427697929974782
18,54,0.3064644694838266,0.7076275752326192,0.7373145885733936,0.6940501892360996,0.1580245567482844,0.45097278637778276,0.00017775478477707,0.16050711093179815,0.1,0.1,0.7,131,0.3032404108191392,0.2426563125028851
18,55,0.29021344498008284,0.692832326568042,0.7258144351728025,0.7154432401464925,0.141649805799152,0.4509252635561773,0.00015474740303379,0.13740587143924055,0.1,0.1,0.7,133,0.3051399468860273,0.2424803555861716
18,56,0.2889945866186122,0.6910432369829246,0.7238887836935369,0.7176402296546879,0.1457559960593388,0.45105894574451266,0.00015587022885492,0.1370196586558261,0.1,0.1,0.7,135,0.3090121464598656,0.2438762549060622
19,0,0.9380931979254756,0.9840890146472848,0.9826709057915639,0.3711269843549048,0.0,0.0,0.0,0.0,0.1,0.1,0.7,1,1.0930922266050016,1.0619763177738015
19,1,0.9931415069322919,1.1782665087562978,1.168126971361439,0.5910521793355294,0.45234657258583366,0.43220674480655497,0.00042173309024599,0.30454071439684993,0.1,0.1,0.7,3,0.8209008747425375,0.6730443985845096
19,2,0.6610390330603293,0.9672122483451432,0.9523243067581033,0.41612845545832083,0.6735188440331985,0.429686276932244,0.00031756437943503997,0.1303556324002934,0.1,0.1,0.7,4,0.5398832469132983,0.4430044081427925
19,3,0.5117679733832627,0.8566322662285815,0.8377895733357159,0.32612435216207336,0.20472524768616399,0.42972678921020324,5.330338157066e-05,0.03580296774555009,0.1,0.1,0.7,6,0.487818250296585,0.5289534092606195
19,4,0.45008363454204636,0.8210019760926516,0.8018256539209082,0.30790278839607,0.19778159606060092,0.4297102549326561,7.677264138998999e-05,0.04108783972860791,0.1,0.1,0.7,8,0.377913275675651,0.4346735510964269
19,5,0.409018754223452,0.7918572786738833,0.7700019517292165,0.2937342031693753,0.25729526643016326,0.43010925057937094,6.342116520213e-05,0.042336328498186686,0.1,0.1,0.7,9,0.4291045345702389,0.422856432616774
19,6,0.4225511674492285,0.8085815805518037,0.7897779437073986,0.3256698028019497,0.09604036377072037,0.43895891802529574,0.00011119059725158999,0.06688372315244069,0.1,0.1,0.7,13,0.5483979099456383,0.2731842402807309
19,7,0.40618857498982475,0.7963947950333088,0.779796475415466,0.32733780916953464,0.16171130994437458,0.4176688593601846,0.00011455763453162,0.06800696013169814,0.1,0.1,0.7,14,0.5590023434457363,0.2567575644550313
19,8,0.3583697779078429,0.7529512631735431,0.7304167460568403,0.2877741724374784,0.26094980478367885,0.4538856075692327,8.361773275573999e-05,0.04508174889570117,0.1,0.1,0.7,15,0.4169001240676006,0.3736149936533515
19,9,0.34627722443849096,0.7430152023240196,0.7231676979458929,0.28982418378852437,0.09360773509683312,0.44813002033416127,7.323282518823001e-05,0.0394828193405134,0.1,0.1,0.7,17,0.3996960505493621,0.3518331385971441
19,10,0.3497628161205285,0.7478793631703922,0.7311580668836822,0.3003065678586699,0.08318504916803446,0.4566194074357142,8.533299308e-05,0.04594949592218179,0.1,0.1,0.7,19,0.4059671322685226,0.3627879361483906
19,11,0.34896180913168034,0.7486135799777156,0.7351587356403766,0.3037072440336486,0.07885339721233972,0.4494263849149119,8.656057700693e-05,0.04650934228138382,0.1,0.1,0.7,21,0.4078482818606376,0.363644647540132
19,12,0.2970058485852268,0.6961371603508678,0.6782395977781662,0.27622310315064824,0.3820024773321245,0.4664512732776907,7.614624494505e-05,0.04032062307680301,0.1,0.1,0.7,22,0.3237171245013928,0.2696638500192584
19,13,0.27769447240521,0.6760310800418875,0.6571510263008397,0.26970286509554614,0.10152595681649765,0.451369222045616,5.3700534544329994e-05,0.02950238270697985,0.1,0.1,0.7,24,0.3145157143981804,0.240172089379779
19,14,0.26304649264339774,0.6593311890271885,0.6421025517203419,0.2582820131903397,0.12152787303612568,0.4519101212564076,5.447157479989999e-05,0.029937927047873448,0.1,0.1,0.7,26,0.2972983967720039,0.2210906896465972
19,15,0.26666342163336015,0.6626900412696695,0.6453430434554799,0.2718651153965762,0.07902295420953112,0.4583896664942308,6.462404984769e-05,0.03570598817809263,0.1,0.1,0.7,27,0.2998084266981473,0.2161205622296102
19,16,0.26272588559212695,0.6545510018804029,0.6327682682770501,0.28543905786172896,0.1552241142341978,0.47629157499519775,7.571184886745e-05,0.041777223784129965,0.1,0.1,0.7,28,0.30694857168126,0.1826197765221464
19,17,0.23334661236899554,0.6190945410808298,0.5981403319338247,0.2559019644477219,0.23872329251538682,0.46744922798263455,5.343445061863e-05,0.029950911868610076,0.1,0.1,0.7,29,0.2750385758986768,0.162691294501531
19,18,0.23102273438827267,0.6162992981716267,0.595209956996836,0.26388228369599154,0.07577190076392709,0.461659462290461,5.295728853269e-05,0.02895080425008112,0.1,0.1,0.7,30,0.2770056147109543,0.167294311070596
19,19,0.22944482644450376,0.6138651230772514,0.5925342710478227,0.26528213655664185,0.08340201234823558,0.4614171687733143,5.500854543703e-05,0.029378536220548868,0.1,0.1,0.7,31,0.275745074955017,0.168947224510242
19,20,0.21658863254326832,0.595787697520851,0.5789639645233317,0.252887299801343,0.21466882516844613,0.4947682112954276,5.1255990302849994e-05,0.028227429736953732,0.1,0.1,0.7,32,0.2494089994475977,0.1330597280260469
19,21,0.2255759890188253,0.6038498463554425,0.5897683686779555,0.26177322411497894,0.12105219788184829,0.4860019731387335,0.00011030372962129,0.04787469950958255,0.1,0.1,0.7,33,0.1779389537251542,0.2184412980977094
19,22,0.2021550175407102,0.5751335005755263,0.5568925167515059,0.24747753565916072,0.12404709858220415,0.4704124109612034,5.8430619493339996e-05,0.02491557599557643,0.1,0.1,0.7,34,0.1511775958312028,0.2188869251055097
19,23,0.2004843576347436,0.5610244117155159,0.54633263110588,0.25659843108887626,0.1872886289370278,0.5168738500039674,7.736473100067e-05,0.04291042085963686,0.1,0.1,0.7,36,0.2265094176713154,0.1193173648663974
19,24,0.20029840651427505,0.5621633564776692,0.550744976850514,0.2721287532306839,0.08283958608918678,0.5168738526572415,7.736473496118001e-05,0.042910423264968134,0.1,0.1,0.7,38,0.2271941810385141,0.1195789647066499
19,25,0.1851740052337854,0.5386880821069244,0.5166118181813778,0.21352662624702945,0.12514889803892917,0.4923536800428946,7.244149313947001e-05,0.031186032130501383,0.1,0.1,0.7,39,0.1306422892491706,0.1747588077933298
19,26,0.17777312657705935,0.5230212147377983,0.49954856370961603,0.20358058129295986,0.11792412581360051,0.49235368004289465,7.244149313947001e-05,0.031186032130501383,0.1,0.1,0.7,41,0.1287518361893172,0.158739823403586
19,27,0.17761468872759104,0.5226857983664925,0.49918324424587446,0.2033676067155046,0.07313755598387349,0.4923536800428946,7.244149313947001e-05,0.031186032130501383,0.1,0.1,0.7,42,0.1280587784577454,0.1594026819419118
19,28,0.17749842739153548,0.5160675694075387,0.49455022643409496,0.23532668325105033,0.16906500932587137,0.4842915513066956,7.665015009004e-05,0.04190250368101401,0.1,0.1,0.7,43,0.1328483134980833,0.1032609825428401
19,29,0.16813617332910286,0.48988533397628536,0.46576633656444744,0.23082229143733973,0.26057822386627094,0.4735821679833503,8.335381352589999e-05,0.04772768565516275,0.1,0.1,0.7,44,0.1454514482633062,0.0894133564213615
19,30,0.13774066642983138,0.4150035290488918,0.38474475211737225,0.184199180504409,0.2869860687498572,0.4708739173691687,6.886962421796e-05,0.039550893658111125,0.1,0.1,0.7,46,0.1047773204710699,0.0767680477202333
19,31,0.134259397265514,0.3985608545362396,0.36665066293885895,0.18042731395876924,0.13393860223185258,0.47722313038251535,7.114649152553001e-05,0.04162280847371566,0.1,0.1,0.7,48,0.1047647075196728,0.0624468743615247
19,32,0.11472965901081987,0.35247885683280245,0.3235739058246433,0.15745424269754954,0.3174814020120548,0.4702871092683957,5.2540052244659996e-05,0.03029464663392071,0.1,0.1,0.7,49,0.0961431729650651,0.0540347704967175
19,33,0.10858057448272207,0.3404712350521185,0.31087353801377204,0.15721765858897174,0.07597371716581325,0.4409467146408567,5.020331488054e-05,0.028436040202906937,0.1,0.1,0.7,53,0.0946780108248505,0.052354696591075
19,34,0.11065340268994306,0.3434194065392269,0.31705383306614215,0.16745401358657447,0.06881249640342388,0.4513540480894327,5.308541164506e-05,0.030195019796749756,0.1,0.1,0.7,55,0.0955054483397809,0.055314912904075
19,35,0.12454153819259853,0.35000014909765775,0.32277999111913286,0.17799376287242089,0.14154401664632102,0.507228530702668,7.665712234980999e-05,0.04530788548524279,0.1,0.1,0.7,56,0.0788521089697999,0.0534004577852253
19,36,0.12463041098010336,0.34985152066100755,0.3257352930967402,0.18879101678983284,0.09001112914014711,0.5092380484739253,7.755915282467e-05,0.04589740912316186,0.1,0.1,0.7,58,0.0789092780420692,0.054116846564621
19,37,0.10914230884964679,0.3309046849601692,0.30952091235888723,0.17887969614900792,0.10865154613748104,0.448841614803689,6.0916231130460004e-05,0.03450402431706209,0.1,0.1,0.7,59,0.0830622818433007,0.0510738863443527
19,38,0.09978087413853468,0.3010421337664928,0.2741917672826442,0.1723461789954137,0.11472283123374782,0.4355099698923996,5.5145872009700005e-05,0.03052820146476046,0.1,0.1,0.7,62,0.0763590344118649,0.0442384634647837
19,39,0.10324620418178357,0.2911177649277136,0.26277483620310826,0.18620889530339735,0.09238104758592516,0.4648390662586678,6.674728370889e-05,0.03608183398201046,0.1,0.1,0.7,67,0.0723388398667149,0.0426221608373299
19,40,0.09905547771705579,0.2871475809310103,0.26196881866102284,0.19976703804973905,0.07030615906841252,0.4677599322225341,5.574902600853e-05,0.030118110354171425,0.1,0.1,0.7,71,0.0724490985605543,0.0427160317172804
19,41,0.10163970410760162,0.29185394240089885,0.2731894385231569,0.1412063844782082,0.07199445824209755,0.45863265188924124,6.573442672955999e-05,0.03541107993115718,0.1,0.1,0.7,76,0.0709432443960166,0.0426848743034089
19,42,0.0978859787248336,0.28805887050517737,0.26938980895128595,0.22316515840018072,0.06722723402407117,0.4593884862931959,5.5553540403110005e-05,0.029956081113155973,0.1,0.1,0.7,77,0.0702991025728624,0.042696401360984
19,43,0.09425258570784961,0.2768690122602788,0.2699369848354073,0.2401188043043874,0.1177137930311345,0.432200073414881,6.340429631307e-05,0.03308783072199281,0.1,0.1,0.7,79,0.0618769885392346,0.0451689448353355
19,44,0.12049269263657225,0.2895857018937575,0.2686157909771511,0.250139623950822,0.15126988177131326,0.4604437583372054,0.00010282824096803,0.0688577567855471,0.1,0.1,0.7,80,0.0601833131783204,0.0386864689596836
19,45,0.08269634787702485,0.20087986746905223,0.18713184492197418,0.20164300626540346,0.48098740451880556,0.4215034336296073,7.36141927285e-05,0.035305244382411685,0.1,0.1,0.7,81,0.0425414101497868,0.0308661577288783
19,46,0.08361571550328306,0.19956540781906373,0.18558707315390838,0.21121979616697728,0.07344729617017184,0.43089472350251146,7.599091937268e-05,0.03577696103187563,0.1,0.1,0.7,84,0.0420569502958233,0.024343653690674
19,47,0.08229716235401612,0.1903178489524755,0.1755247465305328,0.19870492602935164,0.12435354239323457,0.4318134974785246,7.427729772852e-05,0.035494247488725005,0.1,0.1,0.7,85,0.0434019208124097,0.0242368684642627
19,48,0.08174555483141592,0.1840950587955985,0.17187420440181633,0.21014923379421097,0.09388112909776744,0.42906878477123106,7.769056389504e-05,0.0366070941296209,0.1,0.1,0.7,87,0.0396127336402024,0.0248014958064254
19,49,0.08188497874875011,0.18968613342016102,0.19063167598686004,0.2630490456201443,0.06923811454528107,0.42929340313364656,7.789524443878e-05,0.03688671201231119,0.1,0.1,0.7,95,0.0384451295064298,0.0250475271496973
19,50,0.0777153454762322,0.18447788879771285,0.1884702858840465,0.28779689785824647,0.06644123850059165,0.43121958180767644,6.678915176885e-05,0.031176516375674965,0.1,0.1,0.7,107,0.0317919361372938,0.0225293081410461
19,51,0.07238370990495724,0.18057018255749974,0.18786042558688346,0.3406904772679452,0.05966418774211526,0.42876125261116677,4.9605883352000004e-05,0.02392879546761025,0.1,0.1,0.7,123,0.0371921674616269,0.0267489963598421
19,52,0.07795795495238454,0.18188459696895834,0.19504828845990715,0.3522255023710886,0.09171157352126046,0.43114597680446337,6.750076248179e-05,0.03300152567901847,0.1,0.1,0.7,125,0.0383515582443128,0.0233016269020897
19,53,0.07305925056411365,0.18403996880664888,0.21368637914534208,0.46314688990008024,0.061498397762176776,0.43751017865002223,5.2604993440619996e-05,0.02518280828424539,0.1,0.1,0.7,152,0.0385639314430778,0.0234663462651884
19,54,0.07323185635276157,0.18488930709007254,0.21775786938990468,0.4920381896146047,0.06455027917122892,0.43751412066006734,5.1597228441420004e-05,0.02559000751747047,0.1,0.1,0.7,154,0.0387683453238907,0.0239576857932519
19,55,0.07263828927956428,0.1836507842465414,0.2164540067362404,0.48750459438763777,0.06568044493298161,0.4380184757952172,5.480218514349e-05,0.024795446015833868,0.1,0.1,0.7,155,0.0380968918520518,0.0225740917482905
19,56,0.07207939404287105,0.18090972255756582,0.21349205084893005,0.49280403782524906,0.0761692448360946,0.4369982947270984,5.332912015609e-05,0.02456608581416717,0.1,0.1,0.7,156,0.0381205152621847,0.0234392843149301
19,57,0.07206697914372795,0.18087509856788267,0.21345518048808074,0.4927786866013901,0.06104841156746407,0.4369656646742526,5.33062943325e-05,0.024557292114486873,0.1,0.1,0.7,157,0.0380822688060589,0.0234119368273243
19,58,0.07558072435986307,0.18372933159423036,0.21939667447660052,0.5299865575993531,0.06720958060590239,0.42446275278069373,6.128506394413e-05,0.03177606734836242,0.1,0.1,0.7,163,0.0365022198580632,0.0280014763560099
20,0,0.9273478453897422,0.9810489978915607,0.9793599155385447,0.3692047073602086,0.0,0.0,0.0,0.0,0.1,0.1,0.7,1,1.1364197221528327,1.0623954658849082
20,1,0.870209910086084,0.9992463491961472,0.9946514778945427,0.40119885566729374,0.15122866107069027,0.46603537538122913,9.684011233056188e-06,0.005992486176792831,0.1,0.1,0.7,3,0.9594045998641596,0.9214077341661504
20,2,0.6706787599614411,0.9888259791721398,0.9728548841523138,0.442212637791076,0.9543873401010076,0.43011836767634054,0.00031985290332526,0.1785310137874503,0.1,0.1,0.7,4,0.6480440305393388,0.4420728582907975
20,3,0.6225321974895688,0.9653304632627837,0.9502335763618524,0.43254149993863106,0.2544689070932147,0.4301218356373495,0.00030232483682267,0.18179518947712106,0.1,0.1,0.7,6,0.5711452228943513,0.4059811315916478
20,4,0.6225400034028887,0.9653437445210729,0.9502458841988541,0.4344027299745069,0.1703795920375808,0.4301303197248869,0.00030279460090829,0.1818281086920504,0.1,0.1,0.7,7,0.5714405510669264,0.4058515111095576
20,5,0.5122037599427213,0.8778587177245685,0.8595827803177148,0.36817016374262757,0.33790474326353054,0.5373995276732356,0.00016505230050101,0.09248364942967108,0.1,0.1,0.7,8,0.4755914234486977,0.344729448575405
20,6,0.5101259608421553,0.8758067254440487,0.8575264772659722,0.3682183138139977,0.11678842982108262,0.5226314551863179,0.00016418435743622,0.09173108359466958,0.1,0.1,0.7,9,0.4768945291965782,0.3434975397222238
20,7,0.4617437038931295,0.8445713096429417,0.8264471903311059,0.3518698700363637,0.3372139447744837,0.531950299425083,0.00015630539608097,0.09411544699555822,0.1,0.1,0.7,10,0.393790814293772,0.2920685385425254
20,8,0.461490617883226,0.8443204903764874,0.8261958364771678,0.3538034415938203,0.11888284083072839,0.53035288668989,0.00015610837783941,0.09399353170025859,0.1,0.1,0.7,11,0.3949016410835327,0.2914777976391031
20,9,0.4540654758951972,0.8403283242546563,0.8249653954954673,0.3540766593766693,0.156604436895385,0.5342970354235649,0.00015660603818319,0.09430148495010976,0.1,0.1,0.7,12,0.4066410923906233,0.2901782694862138
20,10,0.4285312401676431,0.81538429687755,0.7998842765668824,0.3380176059102869,0.09937690336854416,0.5183307255292723,0.00010483788083657001,0.06315257765193338,0.1,0.1,0.7,15,0.3676889492008134,0.2842080782098392
20,11,0.3616892449981152,0.7582438248255221,0.7427556146843064,0.29675081179648105,0.30159984191302047,0.5257892944991283,4.566027383846e-05,0.031115840426498762,0.1,0.1,0.7,16,0.3085522574589766,0.3453299932841389
20,12,0.4143315925838032,0.8116910542692725,0.7906293516216152,0.3659161446084401,0.23316110954667713,0.6668223235880073,0.00016715028229462,0.1257969632369839,0.1,0.1,0.7,18,0.3627569832113755,0.2344024589719215
20,13,0.42622717403201205,0.8252362477581742,0.8069494873048736,0.3881246138933626,0.20932274159288206,0.5368450296486662,0.00015033519672117,0.17008028923097565,0.1,0.1,0.7,19,0.3036191514827778,0.2708329692773992
20,14,0.36654709212776393,0.7692001500893392,0.7568740719379006,0.3420863265279575,0.13078155084180373,0.6244674939280985,0.00013952700421824,0.08365267178399292,0.1,0.1,0.7,24,0.3154719387150508,0.2680929856319181
20,15,0.3504434216762379,0.7517558458222762,0.7378749622194257,0.33791923582602507,0.22464084818438596,0.6244674939280985,0.00013952700421824,0.08365267178399292,0.1,0.1,0.7,25,0.3132039594059579,0.2241892203202692
20,16,0.3235683946658329,0.7247956061496627,0.7102089694240635,0.3139148667109113,0.15480984760055316,0.567516883776699,0.00013642596186261,0.06458523833359558,0.1,0.1,0.7,26,0.2711897611801881,0.2362314088961547
20,17,0.31869742335533807,0.7167590172902594,0.7029655220385993,0.3244186710308808,0.2902176041071804,0.6007570540838036,0.00016413512589523,0.08647826393393121,0.1,0.1,0.7,27,0.2456006104049497,0.1957940998502219
20,18,0.31226348381563984,0.7112182214863573,0.7004509132212973,0.3202627057660572,0.1263712545162572,0.5943931895633161,0.00015944142224729,0.08180825228083914,0.1,0.1,0.7,29,0.239042604349687,0.1946501953357922
20,19,0.31491600343487114,0.7151422109653278,0.7075787214626866,0.33032809481808584,0.12379961479902504,0.5923463047947559,0.00016958325086196998,0.08719291329850615,0.1,0.1,0.7,31,0.2365701166566836,0.194040932092363
20,20,0.3094941157470701,0.7016143274661024,0.6882958255018009,0.33214032142376243,0.22040126421046113,0.6251373713467354,0.00021308318008249,0.10457930998805663,0.1,0.1,0.7,33,0.1803066656685339,0.16905804525046
20,21,0.3097321149885454,0.7033413704502499,0.6933251959898549,0.34333886230640176,0.1360584152670664,0.6254338299313221,0.0002132611036626,0.10491336401521931,0.1,0.1,0.7,37,0.1800926202550519,0.1689755800514122
20,22,0.30435150795994137,0.6991322602321289,0.6923173701058224,0.3676081251552587,0.1329048326428777,0.6451680330001348,0.00019230059278832,0.09561252020440288,0.1,0.1,0.7,42,0.1667825376000765,0.1669794027083348
20,23,0.3036605605402106,0.6997377311021293,0.6961644782455776,0.3641387275706488,0.13239072351668493,0.6126555041444773,0.00022586434160589,0.09999929795849241,0.1,0.1,0.7,46,0.190568999509743,0.1833678786421438
20,24,0.3691494373341779,0.761261485686433,0.7594058421763166,0.44969696895853195,0.24571411980035557,0.6179712779424026,0.00034099122751257,0.2104237196923297,0.1,0.1,0.7,49,0.1870343519211744,0.1471554495414486
20,25,0.37695280163789013,0.7671636767073077,0.7618941611334841,0.46675052763474173,0.22024236095793462,0.599528499699542,0.00035100494896541,0.22536715576380248,0.1,0.1,0.7,52,0.195820267732191,0.1437274949366963
20,26,0.3881027770708326,0.7798054306526324,0.7778394894327337,0.48627338481660665,0.2289746522222181,0.5993059620501899,0.00037587516534999,0.24134417564477093,0.1,0.1,0.7,54,0.1961736461812734,0.1424727863081008
20,27,0.3584854423954539,0.7497114500276141,0.7476183877840542,0.4645808734344329,0.2090288429739121,0.6192760515850009,0.00031700263927748,0.1975459315721172,0.1,0.1,0.7,55,0.177541217998531,0.1593118156133194
20,28,0.3718954243507444,0.7661107655134027,0.7706261280797218,0.49004339332286306,0.2137635241009076,0.61521469789937,0.00039272191539701,0.2173008132328673,0.1,0.1,0.7,57,0.1927474279192021,0.1494396915244181
20,29,0.3938208097366668,0.7878063469515053,0.7922612119958685,0.5119862239534493,0.24021669103571133,0.608665781453697,0.00039239973244668,0.25019977616247485,0.1,0.1,0.7,58,0.1939869606542163,0.1430126584305242
20,30,0.3300187754806051,0.7206519203988605,0.7213212841639108,0.4516739723805283,0.19236831303707927,0.6305470076873324,0.0003066606619812,0.1609863673754331,0.1,0.1,0.7,60,0.1675255786454949,0.1486297908769762
20,31,0.5663869214531722,0.9579620055017933,0.9617961810114736,0.7085333545358479,0.4155949719997214,0.5896382201935138,0.00066354444870421,0.5059071772813142,0.1,0.1,0.7,64,0.186265515491636,0.1587098647586189
20,32,0.305104063960612,0.6930117423814861,0.6900676841986391,0.4030282388140161,0.15887187018602994,0.616144363399418,0.00034689105238392,0.1306293328209669,0.1,0.1,0.7,66,0.1921195382193123,0.1387214864369206
20,33,0.29981097395021267,0.6876772600484231,0.6847228768635806,0.39773743190821387,0.14858711299468194,0.6203697582602365,0.00033105500399984003,0.1225727941295343,0.1,0.1,0.7,67,0.1829043691507966,0.1389376829220751
20,34,0.5920292544283945,0.9838060555904409,0.9906235130292249,0.7430227391812527,0.4511139440930816,0.6196393490342103,0.00064674582952033,0.5415666436274977,0.1,0.1,0.7,68,0.1816255769187599,0.1362718026360243
20,35,0.43425710032825837,0.826015660050996,0.8328286076246882,0.5883394051661297,0.2837007555209774,0.6214162765091676,0.00049244951524849,0.3159923566878981,0.1,0.1,0.7,69,0.188044490130625,0.1375801283390187
20,36,0.33751201630609085,0.7336087803257925,0.7502993625027905,0.5177488430248978,0.1882556792877008,0.6392935430067368,0.00038447246326325996,0.1756414945469884,0.1,0.1,0.7,71,0.1900296625820312,0.1370900311655211
20,37,0.39910830686331417,0.7886957482140848,0.792039310699149,0.5596277279032684,0.25228100803292,0.6109258939478117,0.00047707289258845,0.2689475177238792,0.1,0.1,0.7,74,0.1885191031407384,0.145025827426362
20,38,0.48882824505034167,0.8807874728586238,0.8905909941457406,0.6702147368823153,0.34551684680662054,0.6182987055056126,0.00041011526427056996,0.3976005765987392,0.1,0.1,0.7,76,0.1947939810938138,0.142190766918059
20,39,0.47613316500820346,0.8680405861600283,0.8778316740050488,0.6606771936180239,0.3289864573969212,0.6182752673265903,0.00040881144006553,0.3795935063422231,0.1,0.1,0.7,77,0.1946589172518363,0.1423274965620933
20,40,0.5246642464741323,0.9165240170756231,0.9292546223115117,0.7431175728271568,0.38358601538013626,0.633300451480923,0.00033366188766518004,0.4504445271326707,0.1,0.1,0.7,82,0.1894410340207386,0.1295976384448809
20,41,0.5158475487586542,0.9088333150829462,0.9247824912869185,0.7468484727249445,0.37196108010089557,0.6343918921585774,0.00033099305684271003,0.43855356165566756,0.1,0.1,0.7,86,0.1905246897974665,0.1295969582189421
20,42,0.5206300148701327,0.9180008119732077,0.9438405342509318,0.8061591811799955,0.375619815861614,0.6352765758434658,0.00033624639811575,0.44551403010920215,0.1,0.1,0.7,95,0.1902201280821788,0.1299501833631339
20,43,0.5209946643849639,0.9228328996915578,0.9585822958233878,0.8709643631805251,0.3758535146432216,0.6464783405899011,0.00039089386586383,0.4444934406344423,0.1,0.1,0.7,117,0.178318356379636,0.1281477097187798
20,44,0.5245410754729445,0.9275981793585255,0.9665882898451958,0.8880956939475242,0.38430319562100423,0.6058390654534693,0.00031586548098391,0.4560143083795496,0.1,0.1,0.7,118,0.1931564198739641,0.1331830800952985
20,45,0.37333840870083257,0.7729584919322923,0.8082020204014067,0.749913719946665,0.24687728663594447,0.6661147427472298,0.00034038564138556,0.2356967916844254,0.1,0.1,0.7,120,0.1873257366092254,0.1346318414979413
20,46,0.4762763096049297,0.8750655237467918,0.9041920665514981,0.8529807573842177,0.3326307768229271,0.6303350660217288,0.00030962938205277,0.3830453654390108,0.1,0.1,0.7,122,0.188820812736061,0.1259540036915261
20,47,0.5159574785351129,0.9156573701115024,0.9509188428628996,0.9202294734981102,0.37674399300973394,0.6246236936458842,0.00031805948910146,0.44519559535112985,0.1,0.1,0.7,127,0.1956163678633098,0.1323490831010066
20,48,0.4755192798965656,0.8750105395484946,0.9102252046836743,0.9073926568294124,0.33607616693618747,0.6257184539932541,0.00027572795364813,0.3877283312875714,0.1,0.1,0.7,132,0.1954695320553807,0.1321376538821528
20,49,0.507634295057744,0.9079130608226608,0.9433050923848046,0.9323238861970572,0.36728515601872547,0.6294555785267487,0.00031960788719015,0.43134887596065036,0.1,0.1,0.7,134,0.194965724437221,0.130931814800714
20,50,0.4837036622483156,0.8846220060150674,0.9231260794327432,0.9399973350375503,0.3423340239512598,0.6260632571468874,0.00028264767569642,0.39952505252246306,0.1,0.1,0.7,137,0.1955083585056871,0.1370783492281633
20,51,0.5002130358904496,0.9011701793847922,0.9396829684003907,0.9634045192822094,0.3598462034843395,0.6281818904891848,0.00029160085738111997,0.4227221115774012,0.1,0.1,0.7,139,0.1917107519209728,0.1339079204252398
20,52,0.5955120063257364,0.9987506844613687,1.0437148382903816,1.0724361216678029,0.4552574645658796,0.6616814389813968,0.00032841218130725,0.5556066843170638,0.1,0.1,0.7,146,0.1960396772643038,0.1373756807545979
20,53,0.4654265567392549,0.8717533007358936,0.9263246537370357,0.98893482934162,0.3271652522272026,0.6536315762713065,0.00024950369197943,0.37387567724749765,0.1,0.1,0.7,157,0.1745239992772643,0.1295183686907254
20,54,0.5266668412583702,0.9340990249113093,0.9918905069023114,1.078289987725119,0.38960566021448584,0.6502884822870267,1.0,0.3198238040940993,0.1,0.1,0.7,165,0.1826799687681418,0.1362540865245964
20,55,0.5946237356424544,1.0035600583472157,1.0646581330371279,1.1525702757647405,0.4569043835567742,0.6601932778938961,1.0,0.41547936576636096,0.1,0.1,0.7,169,0.1700404084953739,0.135204541123524
20,56,0.5341083249273241,0.9429137702708426,1.003983574471641,1.1033156294420023,0.3985197891800333,0.6523754799326936,1.0,0.3304122237902302,0.1,0.1,0.7,170,0.1737099045821614,0.1354699332808317
20,57,0.5485574445981699,0.955422537165209,1.01309171875826,1.124754627732272,0.41817063471137894,0.6500014413084719,1.0,0.35228692557167673,0.1,0.1,0.7,171,0.1802786249668707,0.1363298658074331
20,58,0.5455310731006676,0.9537951997873341,1.0147484426940199,1.1252363919299533,0.40945917072035876,0.6519552733443622,1.0,0.34788533247529163,0.1,0.1,0.7,173,0.180100338806102,0.1366248673175671
20,59,0.5455305236415396,0.9552930925487327,1.0195516778256757,1.1436531989931489,0.40871635923922883,0.6519552733443622,1.0,0.34788533247529163,0.1,0.1,0.7,175,0.1800251205272879,0.136678334826491
20,60,0.3737071828177291,0.7847509613136954,0.8522683976932733,1.046243419445103,0.2373983125261473,0.6680135779163427,0.0003259966514829,0.24337646110445385,0.1,0.1,0.7,191,0.197351168142614,0.1353046129706421
20,61,0.3712952086918224,0.7837939341961154,0.8546074407947143,1.0662699159774598,0.23497692312661636,0.6680115332459637,0.00032598601328361,0.2400189062664266,0.1,0.1,0.7,196,0.1973583224355042,0.1356773500058507
20,62,0.3733417124204229,0.7858247314225447,0.8566349072173373,1.0676424506868663,0.23714756505308326,0.668011291208232,0.00032596355596864,0.24297389358352434,0.1,0.1,0.7,197,0.1973575078184192,0.1353042111027702
21,0,0.9668920667190278,0.9920714028406652,0.9913647385259688,0.3761744436573063,0.0,0.0,0.0,0.0,0.1,0.1,0.7,1,0.9771586428627652,1.0622610578988507
21,1,0.9126723963786846,1.007143111774698,1.0039442227596342,0.40546894664845873,0.12917014659087764,0.39491314407085354,8.516564562182642e-06,0.005059356394864597,0.1,0.1,0.7,3,0.8883454543246859,0.9758097623890992
21,2,0.6573637433246368,0.9666916525586476,0.9515276381608063,0.4167466864663417,0.963894978687358,0.4300984031488207,0.00029810369421587,0.13398052060237084,0.1,0.1,0.7,4,0.5642394792667461,0.4450590617344546
21,3,0.591286409419085,0.9322494992353639,0.9173592324498772,0.39860027933138087,0.23970499570311543,0.4297426590483464,0.00028895578267108,0.1312809918142149,0.1,0.1,0.7,6,0.5572548589944635,0.4145629920033068
21,4,0.6049179559711284,0.9488074484341319,0.937056606958744,0.42017762843841494,0.15757190771546362,0.4409312453162218,0.00033870945489201,0.15385032204870996,0.1,0.1,0.7,8,0.5584198470150665,0.4093538913839547
21,5,0.46508848192458013,0.8395414929566504,0.8232619435109694,0.3364726278830498,0.24989517931015276,0.42916208944275813,0.00014044816603884,0.07205160844998029,0.1,0.1,0.7,10,0.4252789090920807,0.4154536679288109
21,6,0.47360812844853606,0.8534761927551543,0.8396982800684801,0.3561698221344921,0.1426608125059416,0.4517070238101693,0.00019333271630762,0.09947265223816622,0.1,0.1,0.7,12,0.4150292408567591,0.3976838682822406
21,7,0.43153196016963535,0.8172249115621153,0.8020276944697703,0.3348437864974922,0.19253372656239412,0.4256714725855293,0.00013243585367523,0.07416138169071863,0.1,0.1,0.7,13,0.3404406936054428,0.323072588616095
21,8,0.4515665111898777,0.8433505841619512,0.8300587457407255,0.3728061337253663,0.18335213740485506,0.4617942098010702,0.00022609722416409,0.12660984223776783,0.1,0.1,0.7,15,0.3077798146928741,0.3056055827104387
21,9,0.43533089233305916,0.8305562547134355,0.8237084393905258,0.378243516188489,0.12319861037853669,0.45157294970277373,0.0001932042280173,0.1081904338647619,0.1,0.1,0.7,20,0.3099740633493297,0.3005297144049736
21,10,0.38569486852344514,0.7834718437401261,0.7671251368388976,0.34863676133525656,0.30885774597722643,0.47078556407272065,0.00018657480337446998,0.08875357989853534,0.1,0.1,0.7,21,0.3041294704161406,0.3011495105912306
21,11,0.3824652937607588,0.7851485879358402,0.7782702717745429,0.3777086391735569,0.11654150334047172,0.4671475442048654,0.00018685868666726,0.09242509074290985,0.1,0.1,0.7,27,0.3141553574657972,0.2748219693459376
21,12,0.354341526347009,0.7559342476724389,0.7453031009464002,0.35721909198846713,0.11992784229671907,0.4614255403254725,0.00012871580494148999,0.06082794084863709,0.1,0.1,0.7,28,0.3029572193383431,0.315191622604643
21,13,0.42069770031997233,0.8239926494582757,0.8162722259471946,0.44625588365188384,0.16359322357817754,0.46343066551901596,0.00014497026479785,0.16195086306144835,0.1,0.1,0.7,35,0.2891192486803702,0.2844849741355289
21,14,0.36003208485745863,0.7663769697535654,0.7651361626466768,0.40540411093592366,0.10509379712115695,0.4707688186749546,0.00014830060589494001,0.07641651366945539,0.1,0.1,0.7,37,0.2920086968675831,0.2903551445541311
21,15,1.0056558331054772,1.4105277934576528,1.4059546845692825,1.0375268606950248,0.7484733210862657,0.46518379669293597,0.00015565360286676,1.0,0.1,0.1,0.7,38,0.2847995659659788,0.283216220570984
21,16,0.36347147156420684,0.769889598732026,0.7684571409960945,0.41783554176415044,0.11754313665042385,0.4700043604135435,0.00011859189972250001,0.08462014726968148,0.1,0.1,0.7,39,0.2985205649673617,0.2937318498042622
21,17,0.3214111133886346,0.729134857722615,0.7290253639110753,0.40252471932009604,0.1319966944356732,0.47059272597942536,0.00010931910760055999,0.05595050308083857,0.1,0.1,0.7,42,0.2858898784261632,0.2918458096170552
21,18,0.3166163266345654,0.7257188891418789,0.7287052111535993,0.40068137937432297,0.09094889229910097,0.4684514072272312,0.00011120927128127,0.05259530030295979,0.1,0.1,0.7,44,0.2782973949395477,0.29059463123593
21,19,0.3228140332678533,0.7304586229661957,0.7301192258679435,0.41921235699648157,0.09189400533351139,0.47034774107761174,8.773189984514999e-05,0.0615644814668878,0.1,0.1,0.7,45,0.2914325559578602,0.2890883990523121
21,20,0.3077470878716937,0.7162986334229307,0.7186359045051001,0.44854562962380384,0.08766503336022974,0.4706090753128513,0.00010578965592710999,0.04923332586004477,0.1,0.1,0.7,52,0.2733409370991283,0.2917919867025319
21,21,0.29514390070734536,0.7185889876465037,0.7539017881994607,0.6256635753671895,0.06983384143153078,0.471408449281952,6.965630149707e-05,0.03225281685555085,0.1,0.1,0.7,101,0.346740654262814,0.3021771953252443
21,22,0.3077554738741659,0.7326622816373042,0.7712427943285924,0.665977980158887,0.08309583360147053,0.47120641875060126,0.00010297655728773,0.05084565215112138,0.1,0.1,0.7,108,0.3455833609277309,0.307150344085924
21,23,0.30689100055112983,0.7317278177038244,0.7702388638960304,0.6724597523856508,0.08737579800723658,0.4712009637734022,0.00010994343999104,0.050625187943058585,0.1,0.1,0.7,109,0.3403944325867218,0.3072826648465808
21,24,0.30440896166564513,0.7306987473448188,0.7724706714587178,0.6828030424930327,0.08156636931570871,0.471194830022837,0.00010341142506967,0.04772939569581933,0.1,0.1,0.7,112,0.3454268050117516,0.3065932734345025
21,25,0.3040285021386158,0.7302076968086872,0.7718754508907568,0.6971726973707482,0.08481768565549519,0.4710738289555903,0.00010617189398369001,0.04871425574526253,0.1,0.1,0.7,114,0.3453005337372399,0.3061313809994563
21,26,0.30327593051443313,0.7353781738256675,0.790201957933094,0.8012449023927631,0.08127445568723302,0.4709341742346918,9.675335563725e-05,0.04861296238996363,0.1,0.1,0.7,146,0.3352964698423615,0.3042054629579163
21,27,0.29587672608557053,0.7339369557297181,0.8019453869103729,0.9097834731094522,0.07417536288807855,0.4719567878271076,0.00014026717844823998,0.03843368451410285,0.1,0.1,0.7,187,0.3634895739456491,0.3283407250627655
21,28,0.2947386014866915,0.7372357357352598,0.8151039485538321,1.0288451144474222,0.07489517811720896,0.4718677743459656,0.00013103940257225,0.03764472054013581,0.1,0.1,0.7,190,0.3554989598937881,0.3199219090279089
21,29,0.2924525103363894,0.7348398061221151,0.8126148022249022,1.0572843551478446,0.07381038357593145,0.4718677799208826,0.00012371857381885998,0.0357168994385093,0.1,0.1,0.7,194,0.3516303356663451,0.3258993757277362
21,30,0.30942563350919516,0.7547674573736204,0.8391159747015189,1.0895508006048547,0.08998761923492435,0.47186324509527383,0.00011500830015780999,0.06050425037901635,0.1,0.1,0.7,200,0.3471437813709984,0.3140593099753065
22,0,0.918601004628125,0.9785489040660007,0.9766370048995071,0.36762383721278247,0.0,0.0,0.0,0.0,0.1,0.1,0.7,1,1.1742449081445068,1.0652948690231634
22,1,0.8408717076164979,0.9807815736449528,0.9757218564941854,0.3846520552099484,0.14634407402342584,0.342367925451617,1.066342966484e-05,0.004731572618580567,0.1,0.1,0.7,3,1.022349351052816,0.9217675652594808
22,2,0.652631731785674,0.9766804775498279,0.9601359684506667,0.43243081396932714,0.9561700946911162,0.4300869211973962,0.0002962148427191,0.17037877492995634,0.1,0.1,0.7,4,0.6914433728344263,0.448398053470645
22,3,0.5981235618199737,0.9500880915478819,0.9338347753895582,0.4275920479068569,0.27221717569677784,0.4249406366590916,0.00030206255334294,0.17929581393278007,0.1,0.1,0.7,6,0.6570723881554356,0.4096842690664538
22,4,0.48480452203264396,0.8563969394635583,0.8370700106888385,0.3498137605369014,0.21504738653649114,0.46710622726736334,0.00015824403730455,0.08871208404490247,0.1,0.1,0.7,8,0.5324430717243048,0.3456186811386349
22,5,0.4290058240956866,0.8167368362205047,0.7971678575959003,0.3365289473612908,0.2300814397010223,0.46522928500227595,0.00014058524328856,0.08704384455528087,0.1,0.1,0.7,10,0.5065342165826491,0.3055389617774311
22,6,0.42903518535806545,0.8167682570845493,0.7971985838086819,0.3387454686880733,0.10755508645678624,0.46545210096943856,0.00014071189831143,0.08706812169522644,0.1,0.1,0.7,11,0.5061921681011868,0.3055580346801697
22,7,0.4361003443026278,0.8255518710148664,0.8092149059376408,0.3501393053380945,0.12064484099445398,0.4704973295379251,0.00015795781205614,0.09791813182284051,0.1,0.1,0.7,12,0.501961378424804,0.3028405359612486
22,8,0.3630680454192588,0.7579409193474345,0.7348587684191077,0.3020587837527555,0.32589490610992783,0.4694857809843892,0.00010278695186384,0.0587561300546393,0.1,0.1,0.7,13,0.3918027326134521,0.2522903883217713
22,9,0.27560451606749076,0.6675959115240148,0.640545214045843,0.24021743407129137,0.32923058762211044,0.45129214678271534,8.679657209774999e-05,0.0467396446676317,0.1,0.1,0.7,15,0.2895384316619082,0.2106564560350821
22,10,0.2668569857370699,0.654145101371076,0.6279845351166448,0.2415349446810488,0.17348447134636652,0.4629962631533338,0.00011571692951175001,0.06241997767924778,0.1,0.1,0.7,17,0.2493155923138561,0.1877920646914057
22,11,0.27228162190689353,0.660260458566968,0.6371396298198627,0.26451861078322625,0.1037252289627281,0.47340249713919486,0.00013327349265149002,0.0717850132590451,0.1,0.1,0.7,20,0.2351390742617746,0.1961288378626755
22,12,0.21516478484596294,0.5900151006935589,0.5662466090613875,0.23574246186788575,0.09761124959928266,0.43661791867412725,7.137555438269e-05,0.03791799611697701,0.1,0.1,0.7,30,0.2185782576472268,0.2064051828562988
22,13,0.19647969622152142,0.5417876650781477,0.5152583623230063,0.21812055589489368,0.5083369305738912,0.459357966082101,0.00011800795698207,0.06085550038136806,0.1,0.1,0.7,31,0.1642575374403589,0.1690289844373385
22,14,0.1983417323254813,0.5444441875565087,0.5211097323950882,0.2272624650768646,0.0944150881402632,0.46531814765001794,0.00012156927229974,0.06343048747649173,0.1,0.1,0.7,33,0.1639133760335018,0.1924947039321931
22,15,0.20056909102149648,0.5464414781139278,0.5230564569282787,0.23221882915203043,0.09788461088108065,0.4642266339578674,0.00013040569606629,0.06724888730345141,0.1,0.1,0.7,34,0.1597653061818638,0.1722967621191902
22,16,0.19172526430082906,0.5354262541693601,0.5147487678175483,0.23475461642539083,0.12764591190501903,0.4595742886794786,0.00011227016141434999,0.05962285662397098,0.1,0.1,0.7,35,0.1573643155620097,0.1838185432333481
22,17,0.19172466837882723,0.5354249508976973,0.5147473397868785,0.23759298602236922,0.08771271767308511,0.4595742890186133,0.000112270162231,0.059622857057664534,0.1,0.1,0.7,36,0.1572263716364514,0.1837772123803512
22,18,0.1934747713254601,0.5375806881513289,0.520027629740495,0.24973323860398838,0.09664277119183806,0.4659687150793456,0.00012164549244463,0.06254573928333787,0.1,0.1,0.7,38,0.1572466486576392,0.1887189125490607
22,19,0.2020517775559369,0.524783254563982,0.5008108136903967,0.24393710487979484,0.3292753230228564,0.5307775269955527,0.00015219406786346,0.08705213130104732,0.1,0.1,0.7,39,0.1751269476698958,0.1800836778417868
22,20,0.19890737933822966,0.5221208236921937,0.5013021651730145,0.24836486397671403,0.11681281823522965,0.5288718802213365,0.00014652904642843,0.08381184607372211,0.1,0.1,0.7,41,0.1726455771249255,0.1757015111587418
22,21,0.19126620483806184,0.5203236721614561,0.515787544497257,0.29674263737517464,0.10656409666281216,0.5259270107030142,0.00013765599711575,0.07488441471102157,0.1,0.1,0.7,52,0.1685246282731633,0.1637808072387987
22,22,0.1774741484775997,0.5110019733842103,0.5163783953843673,0.36480677504475983,0.09126438973296196,0.48936267324367144,0.00010848852836597999,0.06043340590611278,0.1,0.1,0.7,71,0.1527037321012463,0.1769233233144997
22,23,0.17509952775699664,0.5071533930671319,0.5153983688509902,0.3640581500906517,0.1059065480830643,0.4867069770049678,0.00011022065322653001,0.06017631545114888,0.1,0.1,0.7,73,0.1403058205915864,0.177325203558167
22,24,0.1667199799624993,0.5024139542887274,0.5204504443758768,0.41185163911074935,0.08404961874802092,0.48879013118245357,8.772259089204001e-05,0.04868968879504847,0.1,0.1,0.7,81,0.1433391176705344,0.180306120066888
22,25,0.15430973544905732,0.48611920651312523,0.5066850647830115,0.4264813258679098,0.07984506234632376,0.48065422798188523,7.618432466651e-05,0.03687340450521963,0.1,0.1,0.7,90,0.1318931183904352,0.1678205779427636
22,26,0.15110779591859436,0.4844016782115861,0.508270942403944,0.4529169122016712,0.07071956973293445,0.4806664559211588,6.737347363959e-05,0.03231110043408732,0.1,0.1,0.7,95,0.1319015480386688,0.1678717724457903
22,27,0.1542836150564465,0.48905368946954053,0.5162252132948439,0.4942768520119992,0.07391779194073528,0.4806657784877827,7.619103056518e-05,0.036866266556175906,0.1,0.1,0.7,101,0.1319179785855715,0.1677814501921353
22,28,0.1503093209305132,0.4847385247092349,0.5118614290239725,0.5106422933208358,0.0717916380926373,0.48038266626508674,6.580291540251001e-05,0.031523029851454505,0.1,0.1,0.7,103,0.1313026351135743,0.1679669565566934
22,29,0.1490818513922001,0.48678258862400314,0.5236476312620036,0.5624144694849114,0.07069459369000303,0.479682212398938,6.805872319774e-05,0.03091226298715807,0.1,0.1,0.7,113,0.1296508452193232,0.1724745108967959
22,30,0.1448627955117902,0.4839849496082977,0.524144488612702,0.5914721357621808,0.06560576532621938,0.47980331773202733,5.3611181466220006e-05,0.024935281571827127,0.1,0.1,0.7,123,0.1306275524827138,0.1732186914958823
22,31,0.14331022955014117,0.4870236122862076,0.5371130087610977,0.6421940341383633,0.06388049409603738,0.47951627954945863,5.071782064413e-05,0.022678551399472405,0.1,0.1,0.7,131,0.1292568720481244,0.1731768738556234
22,32,0.14037339403633672,0.48221095710126743,0.5289413987895112,0.6494269884405177,0.06381977186921617,0.47929869086906124,4.414719553087e-05,0.018833719068386275,0.1,0.1,0.7,132,0.130473545587762,0.1725858501754146
22,33,0.14085150619420803,0.4841725359282395,0.5372997978549965,0.6767543664198283,0.06544710806623717,0.48619277880759754,5.1477802571989995e-05,0.019799460737033713,0.1,0.1,0.7,137,0.1458558598274318,0.1734497249343592
22,34,0.1405722215220831,0.48027890279775476,0.5267083351807264,0.6927121763905741,0.06857005250051526,0.4855272070497387,5.483690704119e-05,0.020006644386617645,0.1,0.1,0.7,138,0.1456744586772925,0.174686194745724
22,35,0.1376936696966473,0.4820685987283863,0.5415335548573842,0.7886272775783391,0.06092492865284721,0.48761033873063075,4.372852326248e-05,0.01668930686099283,0.1,0.1,0.7,165,0.1522195387961979,0.1722098062445528
22,36,0.136272661445113,0.48199256134688134,0.5447414540716209,0.8625877346571752,0.05922941965928157,0.4877555294435966,3.779156192799e-05,0.014765026064440998,0.1,0.1,0.7,178,0.1491081842792414,0.1721657972387136
22,37,0.13613454601395383,0.48270975179670134,0.5486740788905475,0.8966674078273486,0.06557010431972869,0.4818583154631693,4.012478769397e-05,0.01593346192897562,0.1,0.1,0.7,179,0.1415629249935135,0.1730455111319829
22,38,0.1358572423356183,0.48313363881678684,0.5522921203868387,0.9072650192436996,0.06336429131179559,0.48302106053401866,4.049404714833e-05,0.01601581698285349,0.1,0.1,0.7,181,0.1395833934765787,0.1689162844171672
23,0,0.9616501954200366,0.9906360147119393,0.9898014506916056,0.37526681329488537,0.0,0.0,0.0,0.0,0.1,0.1,0.7,1,0.9990204623965926,1.0636378695125477
23,1,0.8722955678852953,0.9962728592669005,0.9918898582555421,0.39735144608914286,0.16808903789202426,0.41070869430917334,1.222988224457e-05,0.006252630298200376,0.1,0.1,0.7,3,0.9288608831445456,0.9230250450575024
23,2,0.7055051730131068,0.9996725053154588,0.9857820240542549,0.44447412265308756,0.8127070946403754,0.429291795749109,0.00032225196678346997,0.1607958974164292,0.1,0.1,0.7,4,0.4453183338710907,0.4445206632651598
23,3,0.5510530277816407,0.8811450274750224,0.8639819957853005,0.34370696024208336,0.18681350169406583,0.4273206701276832,7.817079789782e-05,0.04424004907473587,0.1,0.1,0.7,6,0.4067293476306741,0.5239841156229181
23,4,0.4855838981588911,0.8431246122318652,0.8261037924438295,0.3290060760649746,0.1790494791361612,0.42860447029992493,7.232139811427e-05,0.03830175603116895,0.1,0.1,0.7,8,0.3600591051365163,0.4844070810488874
23,5,0.4530285064754636,0.8214025666116183,0.7990916724861309,0.31176151617637554,0.208880590770792,0.42859406064799865,9.408146630466e-05,0.04121900353540093,0.1,0.1,0.7,9,0.3932447492006395,0.4579855611932511
23,6,0.41980819139942643,0.7997528739901025,0.7787649619758746,0.3020281919222874,0.14042153804115232,0.4245505692294461,8.763072192786001e-05,0.040504033726973025,0.1,0.1,0.7,11,0.3362600541632876,0.4054005431793721
23,7,0.4163631779539571,0.8018011331724885,0.7830754588169088,0.3137832599354442,0.11911247470032318,0.436950539246862,0.00012397176839198,0.05623327728593832,0.1,0.1,0.7,13,0.3309218594895129,0.3820997111176185
23,8,0.4123047191076071,0.8027420823232847,0.7860612793686097,0.3232394006814022,0.1391207825556841,0.46013003131154295,0.0001589153072824,0.07232472314946913,0.1,0.1,0.7,15,0.3635559573864428,0.3430951782706019
23,9,0.39661557628859273,0.788696462526637,0.7713820637436709,0.3195853361990152,0.1335149551039787,0.4486077997833893,0.00014039204189303,0.06406344528982541,0.1,0.1,0.7,16,0.3328251626616324,0.3384457461363363
23,10,0.37615777892986674,0.7723692159021892,0.7570812699348136,0.31158246883734486,0.11571478637623125,0.46541290936240803,0.00013021463002872,0.0566982700080928,0.1,0.1,0.7,19,0.3283983220381261,0.3311746292961157
23,11,0.3520426289577383,0.7493248406911901,0.7287952844343918,0.30051853372095316,0.22167942681373007,0.47414931804196936,0.00012890007503446,0.055703353442125764,0.1,0.1,0.7,20,0.3081201430697459,0.3129554089890184
23,12,0.3477832996925107,0.7479245520605489,0.7338448404206434,0.3030874844530238,0.09353967670737279,0.459074428116291,0.00012294824883135998,0.054157231523505114,0.1,0.1,0.7,21,0.3094857477809002,0.2928237189011819
23,13,0.33557970367385115,0.7346273225645651,0.7159106877178301,0.2991347250183488,0.17899727608885507,0.47426381473125834,0.00012881284254897,0.05647206827034675,0.1,0.1,0.7,22,0.3001491054304884,0.2678137249053125
23,14,0.3346303539872036,0.7351751408356094,0.7196912431106148,0.3171440817085194,0.08851081889140913,0.47435638496854254,0.00012843059350719,0.0562657821417797,0.1,0.1,0.7,25,0.3026593764202938,0.2640781045258267
23,15,0.3125540641511159,0.7118392002222468,0.6928489103961377,0.3061701039457117,0.07241762016772685,0.4773395922599273,6.450038304749e-05,0.02787360251913595,0.1,0.1,0.7,28,0.2902052008037482,0.2899431886372726
23,16,0.32122466603597116,0.7232329021012323,0.7107504458412457,0.319390125850404,0.0795632161438019,0.47466972701638344,9.048564248882e-05,0.04189805849284163,0.1,0.1,0.7,30,0.2951792376426165,0.2579203043315298
23,17,0.3128746420298103,0.7145239127661949,0.7011220413306201,0.3272289801636295,0.1419848867677263,0.4748908083962108,9.96455809712e-05,0.044160614966572,0.1,0.1,0.7,31,0.2707830693834253,0.233375737916968
23,18,0.3106100405793315,0.7151786526253094,0.7082670022418707,0.33845059387348636,0.07908669319637546,0.4747664885692454,9.970933653607e-05,0.04276525153693207,0.1,0.1,0.7,36,0.2832600327240211,0.236924320736127
23,19,0.3105962491798949,0.7151640156092428,0.7082510534900912,0.3439199830880254,0.07751216571412423,0.4747664885692455,9.970933653607e-05,0.04276525153693207,0.1,0.1,0.7,37,0.2830103420093204,0.2370827967632721
23,20,0.2950673001959131,0.6968913331549457,0.6853462962551656,0.3244025537266755,0.16723838972460556,0.4731462280799592,9.544620734852001e-05,0.04029756020224477,0.1,0.1,0.7,38,0.2537676430306401,0.225730119385158
23,21,0.26008394915990185,0.65104837033209,0.6289532062271765,0.2615875623953768,0.34918777328811357,0.46575927684592555,0.00010606869335626,0.04328136553668447,0.1,0.1,0.7,39,0.1900783066309997,0.2627722868301382
23,22,0.19616387535670318,0.5533315267165612,0.5256926537557463,0.22422272941403462,0.3895501751221023,0.45419521536173985,0.00010055119545614,0.04503196794685364,0.1,0.1,0.7,41,0.1660057692316653,0.16932792820106
23,23,0.18859333807617726,0.5557689120088181,0.5512224896591956,0.3261047603094819,0.06942315587856915,0.4527174861232068,7.695030906651e-05,0.03447487681892661,0.1,0.1,0.7,73,0.165148351606139,0.1687909078976783
24,0,0.9171849703243873,0.9781419492786684,0.9761937781503325,0.36605265277042387,0.0,0.0,0.0,0.0,0.1,0.1,0.7,1,1.1783495022087702,1.0604061558664513
24,1,0.8488640544791266,0.9886276210731502,0.9835742355421302,0.3924714737053322,0.15264609548470756,0.41278803981855006,1.050477521425e-05,0.00577860848572258,0.1,0.1,0.7,3,1.0215857058737643,0.921661328170348
24,2,0.7149337149062077,1.0130912058504875,0.9988779900111778,0.45922462723100094,0.8057166777774258,0.42965980136146725,0.00035761589791925,0.18508039697289919,0.1,0.1,0.7,4,0.6774021566136319,0.4636803640211925
24,3,0.5151439706894939,0.859557773849785,0.8407730020351881,0.32881606966308796,0.22835452999540098,0.428823686361303,5.54548693175e-05,0.03918250132166117,0.1,0.1,0.7,6,0.48337925311393,0.5289483735075144
24,4,0.4677971208859833,0.8337855343232695,0.8154726658547665,0.3210646192996775,0.17296024048274833,0.4294283141075933,7.278461711338001e-05,0.04555148337202078,0.1,0.1,0.7,8,0.4412057911506212,0.4817921793354009
24,5,0.4453670726364117,0.8209214550105307,0.8008548206548403,0.3174140864854392,0.14254697361261007,0.42961259182907974,8.396138385309e-05,0.055255975715471195,0.1,0.1,0.7,10,0.4197710777293156,0.4234463210081205
24,6,0.43324299272585265,0.8113460080926678,0.7906953478879737,0.31221048376122307,0.11842689383851425,0.4283297566714748,8.090045366037e-05,0.051120902392464584,0.1,0.1,0.7,11,0.41496883416157,0.4165361360061174
24,7,0.3173652166545446,0.7135660703357923,0.6879285914894445,0.25985994222613135,0.6462176840422685,0.48757299125506764,5.486030704163e-05,0.03374330211159145,0.1,0.1,0.7,12,0.3043793740224687,0.371331117178809
24,8,0.3115381110164157,0.7089478575528054,0.6861727465548688,0.25554530567986444,0.08600026317405521,0.4823395783809586,5.2341761720119996e-05,0.03285474842702668,0.1,0.1,0.7,14,0.3065561324511311,0.3460605673887433
24,9,0.3112324455086875,0.7086394845049884,0.6858569310258916,0.266007358667296,0.07127031697228506,0.48099832456403513,5.210645060103e-05,0.032725305311696574,0.1,0.1,0.7,16,0.306093580626235,0.3446224940348001
24,10,0.31056537122977984,0.7091556200757414,0.6890483437763378,0.27304745972021455,0.12066273671744122,0.49272319024817196,6.33199505183e-05,0.03974572071294816,0.1,0.1,0.7,17,0.298572594090296,0.3454012165422401
24,11,0.2572631566820899,0.643719834353876,0.6172861895584557,0.2437144431313587,0.3012930224674301,0.474173891204393,8.363555246284e-05,0.0503113779967219,0.1,0.1,0.7,19,0.2424243631504649,0.2018755398915249
24,12,0.21355578354443527,0.5722015250090082,0.5360191205756837,0.1985284332470171,0.30770098446604105,0.49681390234236567,6.832273527294e-05,0.050324355660534593,0.1,0.1,0.7,21,0.1741742499752719,0.1856763589646292
24,13,0.21124004719645179,0.5706517989252117,0.5376308412505459,0.2028284287266599,0.08840455005760695,0.4990279750915494,7.027980122792e-05,0.047961165750854386,0.1,0.1,0.7,23,0.169253838004926,0.1798949456249491
24,14,0.17424244581063764,0.5004499115887552,0.46162302251679277,0.1660556272914077,0.27939632418918003,0.47476112254212943,5.52235322484e-05,0.044198977440850974,0.1,0.1,0.7,25,0.1418310256923382,0.1379311070429309
24,15,0.16753035549896128,0.48835742519686154,0.45177612205084416,0.16392176036913347,0.11319462527107499,0.4729567193386706,5.624295605624e-05,0.042028507221470675,0.1,0.1,0.7,27,0.134259127777394,0.127471082485283
24,16,0.16789727414339078,0.49018541711495717,0.4569037289994394,0.17148421597586208,0.07732336144711632,0.47344371783495615,5.689120178435e-05,0.04252285879682389,0.1,0.1,0.7,29,0.1337348239524177,0.1272939137676751
24,17,0.16413778859585879,0.48201053348940043,0.448067576296971,0.17139204387563095,0.09901482659296207,0.47779786076158076,5.915689311654e-05,0.04082073038966402,0.1,0.1,0.7,31,0.1311142248561043,0.1254904968369883
24,18,0.15833106928065577,0.47185908946720234,0.44035925854821045,0.18105205493900958,0.10421158727099547,0.4770304467376717,5.4332603542349996e-05,0.03810957112051733,0.1,0.1,0.7,33,0.1287308656801829,0.1264934093891717
24,19,0.15805386564947926,0.47130366331987766,0.4397632108844143,0.18345530188348474,0.07710272361021536,0.47624441407366747,5.429188999522999e-05,0.03807955257606821,0.1,0.1,0.7,34,0.1280763458342749,0.125934423974059
24,20,0.14783855484051245,0.45326318258124154,0.42059988473979204,0.1656137609504682,0.14640557516290403,0.4612948128961295,5.446384604086e-05,0.03244006536107945,0.1,0.1,0.7,35,0.1091344042859854,0.1123525610124051
24,21,0.15090332611537174,0.4573058098908526,0.42787429542935723,0.17847002910745954,0.07475964796767015,0.4662811752863233,6.129716845915001e-05,0.03654162441866979,0.1,0.1,0.7,37,0.103220545877418,0.1099865755068726
24,22,0.14638460338834772,0.44867108864900607,0.4186619839151534,0.18092272898040637,0.08336989779281855,0.46372537863090174,5.6301815303940004e-05,0.033829934099249406,0.1,0.1,0.7,40,0.1118421439075495,0.117850743995804
24,23,0.1427390408062248,0.4432896522953579,0.41613752932873666,0.18393389992968714,0.08371292181780751,0.4584028318430274,5.582405405949e-05,0.03194962606073125,0.1,0.1,0.7,42,0.1068171706994174,0.1136180427998841
24,24,0.1426418226162744,0.44383175752525617,0.41986674648073574,0.20840571763450189,0.07267091142035341,0.4625568512060423,5.516339319892e-05,0.03188661696397663,0.1,0.1,0.7,44,0.1047713799753601,0.1086615774592788
24,25,0.14283317103199286,0.44590743715398923,0.42840045165457247,0.22788794214069372,0.07201945466490761,0.46030261632896724,5.8257067693939994e-05,0.033342106557195154,0.1,0.1,0.7,48,0.1038901854663942,0.1118146213553819
24,26,0.14228400452385923,0.4416073057895695,0.42358803515543086,0.2613673270034018,0.0740537322403823,0.4528263027641191,5.2840459670010005e-05,0.03647844589866509,0.1,0.1,0.7,59,0.1057222574706725,0.1089914221254315
24,27,0.13521919811028968,0.4195696810472405,0.39645324034752444,0.17478981497267576,0.09101264691855723,0.45465589509337223,5.3430946510590007e-05,0.03559332263256914,0.1,0.1,0.7,65,0.0937965694331562,0.1024081011881003
24,28,0.13521735695152892,0.41956536344568746,0.3964485923469662,0.17478683467066275,0.07039311274623689,0.4546497676430613,5.343320235733999e-05,0.035593224491958196,0.1,0.1,0.7,68,0.0937956924515876,0.1024082511039688
24,29,0.1352173087635115,0.419565254125493,0.39644847656287074,0.17478675925622986,0.07038565952199993,0.45464960715315733,5.343326145528e-05,0.03559322192658191,0.1,0.1,0.7,73,0.0937956695063664,0.1024082550586949
24,30,0.13436455495959587,0.4179303465720462,0.3947114815620912,0.1735729435141728,0.07342408420168353,0.45394418495869904,5.253491055058e-05,0.03499481728228465,0.1,0.1,0.7,75,0.0941024107410768,0.1024277158252849
24,31,0.13123671050166935,0.42516585101602916,0.4281793069783862,0.3551734073806743,0.0711542430995673,0.4634098115313903,4.486743617725e-05,0.030239485667862054,0.1,0.1,0.7,79,0.0990774307435247,0.1033366662879565
24,32,0.1274883135409639,0.4198392377437812,0.41953684957587234,0.26118667256503225,0.06390620332932766,0.45912324397450893,3.840120188922e-05,0.025551027421733482,0.1,0.1,0.7,86,0.0958948727118386,0.1021103592887264
24,33,0.1309475149271042,0.4167461791413576,0.42182879529333783,0.3698817471526621,0.15619286257648274,0.4535953106049987,6.273160619611e-05,0.03728531179446714,0.1,0.1,0.7,87,0.0985117795087947,0.0987513184145024
24,34,0.13129454417809422,0.41732487336419044,0.42555231035661667,0.392405883987604,0.07358169402105916,0.4608017212562438,6.300475988671e-05,0.037516276529770985,0.1,0.1,0.7,96,0.0953831399231802,0.0950864871521953
24,35,0.12971451994491018,0.4168346275551053,0.43143194513654914,0.40651113195955496,0.07989529983476962,0.4615887795055434,6.232384068886e-05,0.03628469918616947,0.1,0.1,0.7,98,0.0940612620573091,0.0983108261390538
24,36,0.11869410784064507,0.418765315701662,0.46304403113311493,0.6273161100491682,0.06086869144641596,0.44962279974908415,3.926698840286e-05,0.02257218866579958,0.1,0.1,0.7,144,0.0944497744171621,0.099976344840889
24,37,0.11918132934425674,0.42658484834675875,0.4873705064303066,0.6938501286054197,0.06152194993407726,0.45152934433742725,3.896237105065e-05,0.02309130259673923,0.1,0.1,0.7,151,0.0928275783252189,0.1017834929161759
24,38,0.119508384124266,0.4192641149276916,0.4728563347984322,0.6645205798316649,0.1037991533655929,0.4433544763801037,4.667734467259e-05,0.02741870944716551,0.1,0.1,0.7,152,0.0926536597727622,0.0972689721289506
24,39,0.11966537397059719,0.4236062553072013,0.49019512159533984,0.7409358619575357,0.06560509416203997,0.45964266607550675,4.004957923292e-05,0.026341265118822794,0.1,0.1,0.7,165,0.0939218189565004,0.0974345858918403
24,40,0.11946957640118722,0.4239693887168042,0.49374709143538575,0.7627075719558192,0.06659541544233197,0.461333059871307,3.976657269303e-05,0.02634662174804856,0.1,0.1,0.7,169,0.0922241612134348,0.0968632133024967
24,41,0.11836772502129274,0.42955437889324105,0.515759457506743,0.8733175564337559,0.06402272480475157,0.44578494687158626,4.812485817203e-05,0.027441736906357272,0.1,0.1,0.7,199,0.0944709726699717,0.0951247334471174
25,0,0.932985389429828,0.9826481833782091,0.9811016514589659,0.3702159309758543,0.0,0.0,0.0,0.0,0.1,0.1,0.7,1,1.1136649871484865,1.0618371712640278
25,1,0.9821710787460335,1.0309309965330689,1.0260581819932701,0.4200855160894202,0.05146130424585899,0.42955616768761967,1.36566765483e-05,0.010083096158034403,0.1,0.1,0.7,2,1.27447052617074,1.169100962955094
25,2,0.8462441204256398,0.9929719392033903,0.9876138054741325,0.3980736785306798,0.31511546710359506,0.4690396560403625,1.282508850257e-05,0.008833147300879807,0.1,0.1,0.7,3,1.0663256348750183,0.9239289933704498
25,3,0.7949182195696872,1.0200457677911143,1.0107719399512807,0.445802762415781,0.39475843923490617,0.4250185587336084,0.00071508027437084,0.11645910106689866,0.1,0.1,0.7,4,0.7126870094177226,0.6953965353642529
25,4,0.701020294845015,0.9608426981529075,0.9460368851528149,0.4025661739188698,0.16832309908975995,0.5292040763956074,9.151181673039001e-05,0.05491632686744091,0.1,0.1,0.7,6,0.8399179922179189,0.851642799053969
25,5,0.6019519575936803,0.9096677031145557,0.8946455540306198,0.3692478840622504,0.1999297689422751,0.5302282872911109,6.430906420543e-05,0.03597303144346485,0.1,0.1,0.7,8,0.7049264028045933,0.6252219976892089
25,6,0.38176207889994096,0.7699922821593673,0.746409565425312,0.27773298852172346,0.4802973645398725,0.5516741314766146,4.203534603873e-05,0.021424224143511174,0.1,0.1,0.7,10,0.3330159766798301,0.3743958357203866
25,7,0.3620723549179732,0.7535802203465688,0.724868542033719,0.276938226956346,0.20690279687252242,0.5486216219678743,5.5711637817679994e-05,0.02978012342270003,0.1,0.1,0.7,11,0.3303399248224123,0.3229270364411389
25,8,0.2576184767943497,0.6425441858279584,0.607211812016692,0.2189434433057347,0.4150256907254968,0.5362399067229756,5.5609549125920003e-05,0.02988174444339344,0.1,0.1,0.7,13,0.259485613350936,0.2795807225018476
25,9,0.24348923270084555,0.6254169822715661,0.5918875124792632,0.20792116746952585,0.1247319907970364,0.541133858038269,5.093443187071e-05,0.026657808020306328,0.1,0.1,0.7,15,0.2416638473338031,0.2556040371915095
25,10,0.2284442835553799,0.601421346152413,0.5683739684729094,0.2002241871982178,0.17653419985564556,0.5536422219801439,6.450670976326e-05,0.03370104636026787,0.1,0.1,0.7,17,0.2067500874672366,0.240125923834516
25,11,0.22611322869574513,0.5959698141771879,0.5651509429222656,0.2040535742065737,0.12131826426698972,0.5575254192161647,7.785309565198e-05,0.04047682609387653,0.1,0.1,0.7,19,0.1843915580914062,0.2268479028370103
25,12,0.22840914929870118,0.5976357130815456,0.5666565839474639,0.21033865007490826,0.09951794635379835,0.552221110207414,8.990134693912e-05,0.04618151524232045,0.1,0.1,0.7,20,0.182624882085096,0.2062907057115838
25,13,0.2207750303049055,0.58900310960493,0.5607488066221505,0.20368047945651782,0.12573968318670037,0.5521079139384935,8.121925497160001e-05,0.04103194519921544,0.1,0.1,0.7,21,0.191646660499934,0.2118036372421542
25,14,0.22139627829205896,0.589390135846897,0.56108282161911,0.20678834989966133,0.08872589343033295,0.5527951695389857,8.386699325046e-05,0.04233594792468611,0.1,0.1,0.7,22,0.1889717883650361,0.2101938705048379
25,15,0.21323841490590942,0.5768802278188265,0.550717284683763,0.21450260293110593,0.12272519511431547,0.5521079125641225,8.121924976724001e-05,0.041031942636081196,0.1,0.1,0.7,24,0.1800465436453233,0.2043324171244026
25,16,0.2074254663277489,0.5659591627497517,0.535776684144062,0.19519715492505652,0.1072508229089089,0.5667542833340407,7.241838495779e-05,0.036925627107249934,0.1,0.1,0.7,26,0.1389305313348801,0.1588186327519277
25,17,0.1890542358046005,0.5404492160346632,0.5119591996696724,0.20465942174194438,0.12936533135284686,0.49955430007475954,6.454711269704999e-05,0.03379596686175815,0.1,0.1,0.7,28,0.1489029834381794,0.1712497259085076
25,18,0.17764386158138476,0.5176542972471225,0.48719449279241867,0.19461747009558394,0.14094821194406865,0.4987320593627312,5.8797727793500006e-05,0.032921994433279284,0.1,0.1,0.7,30,0.1274570813937245,0.1637558044845516
25,19,0.17769922061091453,0.5171104664576278,0.48655088378776423,0.19722539169763842,0.0803985393910727,0.49930364976114944,6.344816027931e-05,0.033662095895403026,0.1,0.1,0.7,31,0.1301584993684083,0.1584876222374399
25,20,0.17397945591669461,0.5119997832556454,0.4842694314964665,0.20563807445170265,0.08869254346253128,0.49939985449750124,5.8320779997229997e-05,0.031840028354464665,0.1,0.1,0.7,33,0.1237559553812333,0.1603644283405505
25,21,0.17409826236043752,0.5100771772154608,0.4820149530173426,0.2162492693809912,0.09698664787607829,0.5004947973782499,6.522554291378e-05,0.03425538797040033,0.1,0.1,0.7,34,0.1271439038970457,0.1515717510467943
25,22,0.16601602212588254,0.4967774986653087,0.47095448477203,0.21701018460846716,0.08593803395406245,0.5018202255872488,5.621008105153e-05,0.030016428973208133,0.1,0.1,0.7,39,0.1225830026343394,0.1317860117765993
25,23,0.17366848960711784,0.5017737366709227,0.48169083588557177,0.2965001381988612,0.08597809451369928,0.5033034756836106,7.970605219351e-05,0.046614007731554094,0.1,0.1,0.7,59,0.1415400346124874,0.1482416266656784
25,24,0.16019057559831296,0.49186756154061223,0.4846400974799259,0.34255102804745646,0.073125665141382,0.49683931008307947,4.9097076415070006e-05,0.03069847853695953,0.1,0.1,0.7,72,0.1538231373691704,0.1429763004487529
25,25,0.15935009383636345,0.4896833691107,0.4822543358099318,0.3411996996743088,0.08519342878343587,0.49803954664531125,4.815831129233e-05,0.030637882325413368,0.1,0.1,0.7,73,0.1526479258833639,0.1496321450490841
25,26,0.16290932961948984,0.4923839282970369,0.48482673591230996,0.37756003848583725,0.07716494677526159,0.5032846990032013,6.253588766489e-05,0.03579861098080341,0.1,0.1,0.7,78,0.138932098004526,0.1374307209581269
25,27,0.1616222510989228,0.4930541466127613,0.49503692234540375,0.3891234229719036,0.08879941236547617,0.5045870623629838,6.572998779413e-05,0.036179226189908695,0.1,0.1,0.7,80,0.1401062603541935,0.1353127173415244
25,28,0.1794051080690982,0.506146924606739,0.5043565484714512,0.3926640195010271,0.12795949012400634,0.5049448682447024,0.00011622417117545,0.06446245911040056,0.1,0.1,0.7,81,0.141055953541488,0.1604566905263255
25,29,0.15848317479404644,0.4821853286660778,0.4799547481229784,0.4020255877869197,0.08421335065779867,0.5053844072801496,6.456709280755e-05,0.03723133581837534,0.1,0.1,0.7,85,0.1381337737436841,0.1345912170823288
25,30,0.15702322314668832,0.48020299199633876,0.4809879349178486,0.42753115515684764,0.07860613031881453,0.5050656778194538,6.337505615544e-05,0.03695153866715636,0.1,0.1,0.7,94,0.1361046162233304,0.1332882095131676
25,31,0.1533061695311303,0.47824513008004493,0.48546437815756227,0.4514732311386016,0.0774747763266034,0.5050536262792811,5.2580955011050006e-05,0.03270657045494414,0.1,0.1,0.7,97,0.1373675061185664,0.1346000367227733
25,32,0.15338054033326412,0.48054254952927133,0.4942626632414663,0.49063733290231126,0.07584257429443043,0.5052317315237455,5.280765398518e-05,0.03344516342121346,0.1,0.1,0.7,101,0.1367067791447207,0.1335799014091643
25,33,0.15623963908784344,0.4818992521375505,0.49231337200730374,0.47642417545951676,0.07681842890434112,0.5066465361200578,6.430090398857e-05,0.037328858489474384,0.1,0.1,0.7,103,0.1352267736802993,0.1331522726005311
25,34,0.14819484627831386,0.4727172948843296,0.482970365059575,0.48914166686356897,0.07499337299412365,0.5047536994669255,4.522646398783e-05,0.027066494228147314,0.1,0.1,0.7,105,0.1378431101863902,0.1330130933834422
25,35,0.14859094507346873,0.47451037353095654,0.48805451011871254,0.4960045350961423,0.07037984504957781,0.5048500207203404,4.545915901571e-05,0.027703784414867788,0.1,0.1,0.7,107,0.1375997918565562,0.1319517033301041
25,36,0.15110092158234084,0.4784248654641208,0.49526113722821524,0.5114932266128488,0.07275434031547795,0.5058360621189811,5.277068110989e-05,0.031226398118825154,0.1,0.1,0.7,110,0.1368890847898409,0.1348102975935922
25,37,0.1454662167070383,0.4720592844222749,0.4887924453458581,0.530417547798531,0.06902053925045382,0.505313868878172,3.92316418138e-05,0.023862001717951404,0.1,0.1,0.7,114,0.1389022994715503,0.1353674431976156
25,38,0.1584727006633264,0.5012417827969469,0.5542912766863916,0.7988839020838212,0.08050146721170309,0.5056436739348893,7.525964508952e-05,0.042648321458679105,0.1,0.1,0.7,154,0.1338494106986144,0.1322880164832682
25,39,0.1590174420857125,0.5031467210982004,0.5594821740067729,0.8184419028498496,0.08150002549339935,0.5059015948984671,7.418939496579e-05,0.0435044854385063,0.1,0.1,0.7,157,0.1340947497658122,0.1323502440480123
25,40,0.14985229599695302,0.4982811264695517,0.5645052792520214,0.8740812534854876,0.07211218394112431,0.5059739627620892,5.503594999122e-05,0.030566535134671093,0.1,0.1,0.7,174,0.1359857950824999,0.1309178077497711
26,0,0.9807026244048755,0.9958171982148604,0.9954444031124552,0.37722914521563067,0.0,0.0,0.0,0.0,0.1,0.1,0.7,1,0.9243271269983102,1.05965314386398
26,1,1.0233618703332692,1.0411806627211109,1.0373637786344503,0.4259774412599949,0.05800171758782462,0.42784502939232383,1.348976891165e-05,0.008045637395988075,0.1,0.1,0.7,2,1.102178401288912,1.169100962955094
26,2,0.9484305843447804,1.1260810075350989,1.1161206322195723,0.5381016988735063,0.6360490805367065,0.42987818204923284,0.00039357580846554,0.2274545503176871,0.1,0.1,0.7,3,0.7827080074141206,0.6730443985845096
26,3,0.7995593837170163,1.0336342497092306,1.0238415023930718,0.46153338918425696,0.3512612372035381,0.43011270892029724,0.00018337178663231998,0.1435366637118872,0.1,0.1,0.7,4,0.724048950393182,0.8194095529920952
26,4,0.5895482483852456,0.9295412952607995,0.9082568750517592,0.3927936675763378,0.7122332529703453,0.42942485238761097,0.00017664384917939,0.12828089742430418,0.1,0.1,0.7,5,0.4209379173011592,0.4817891061661191
26,5,0.5315730506167268,0.8898851530146425,0.869559035856973,0.36658768031556105,0.19662432148843684,0.42873103259813544,0.00015955160861444998,0.10721042870086603,0.1,0.1,0.7,7,0.4561720116004641,0.4735223385261408
26,6,0.4711692292042542,0.8486528356484451,0.8282131306522753,0.34375597731815555,0.22829607287529693,0.4299759601649913,0.00015910795805636001,0.10078894053340694,0.1,0.1,0.7,9,0.3578215144377569,0.3992190213038812
26,7,0.46732927935455243,0.8462441147944739,0.8254209171973137,0.3470819217063497,0.1408319926660498,0.4298991205226343,0.00016614253001585,0.10350471086095082,0.1,0.1,0.7,10,0.3301091486342796,0.3851916360412023
26,8,0.4674332089579321,0.8507875811751734,0.8325627654167335,0.3585104618036095,0.15103986751630816,0.4391073078991986,0.00018919859093842999,0.1178683474274371,0.1,0.1,0.7,12,0.3239788768628269,0.3728595706523962
26,9,0.45518752922232775,0.8497424647880184,0.8313837886138311,0.39181142441169026,0.2021554057868976,0.4606045117189658,0.00015337540428366,0.16629423447122815,0.1,0.1,0.7,18,0.4145096955232291,0.3328784045027781
26,10,0.4411254821091838,0.8386757138811589,0.8224901134391422,0.39956684247616103,0.2011321124184024,0.4648681979704444,0.00015209708157525,0.1658841924412006,0.1,0.1,0.7,20,0.3943304668328093,0.3098820226034877
26,11,0.4290048321238598,0.8286533644260902,0.815226986933151,0.39710638388630287,0.1761165579447193,0.4526636409393625,0.00014535809350402,0.15992512285759566,0.1,0.1,0.7,22,0.3793545445208007,0.2938732479240181
26,12,0.3805990256563154,0.7804463789415682,0.7667695017317935,0.4101543689406555,0.11278654219149238,0.47315848325222293,0.00013760268354567,0.09214652119390333,0.1,0.1,0.7,40,0.292340763088349,0.2619709728583866
26,13,0.377490102581772,0.7788810412418697,0.768454525773344,0.41520439089003464,0.11128778576341014,0.4732527189652933,0.00014108248195196998,0.08863725502041238,0.1,0.1,0.7,42,0.2915094589305017,0.2665212359837003
26,14,0.3651694377448816,0.7666633440282062,0.7561030034196821,0.41232842605946285,0.10175371438338941,0.47402460707394495,0.00013187930994669,0.07321955384673341,0.1,0.1,0.7,45,0.2807337460005308,0.2675352300282396
26,15,0.3636113692367651,0.7666563334571702,0.7593281293746009,0.4192167010726389,0.10052042460922239,0.47403322391627006,0.00012821136751431998,0.0722431154182544,0.1,0.1,0.7,47,0.2818566996477185,0.2680050111062437
26,16,0.3621002411606903,0.7637776437243671,0.7529405274916745,0.42461872234311226,0.11294901900549481,0.47364570255906374,0.00015681139834573002,0.07358362301249147,0.1,0.1,0.7,48,0.3088556949591275,0.3182527292775448
26,17,0.3579164550789678,0.7612119510169331,0.7534605508016627,0.42970337469331893,0.1048856720390994,0.47282457324003097,0.00016185190997544,0.07141616953516128,0.1,0.1,0.7,50,0.292751706181854,0.3202879085706743
26,18,0.3428431834216926,0.7522194000046797,0.7574965119726584,0.471211626044208,0.08558572271079082,0.47395447431448207,0.00010146021873868,0.0529517198165765,0.1,0.1,0.7,62,0.3213495829576027,0.2667220904567541
26,19,0.3386008928726943,0.7435056222908438,0.7388002571849382,0.47285276527718473,0.08555982937285325,0.473391170391522,0.00011569797422759001,0.048063902238953474,0.1,0.1,0.7,63,0.319293521712774,0.2719412125393775
26,20,0.359783253307743,0.7692043400456468,0.774358578491468,0.5070548674419645,0.1034921622879621,0.4734216059503882,0.00029999767654491003,0.07923307887616579,0.1,0.1,0.7,69,0.2873291154847938,0.2720020131260753
26,21,0.34129633021264727,0.7508069458379789,0.7556341389344718,0.5013867312128462,0.11074040584553518,0.47335240738259743,0.00022618315696858,0.05821307225179277,0.1,0.1,0.7,70,0.2868126528097845,0.3596654011485226
26,22,0.3390603204114239,0.7485966912260261,0.7531588541175411,0.4978103858386135,0.10716167835543305,0.4731252960148789,0.00024139650759229,0.059333969346690135,0.1,0.1,0.7,71,0.2852858332598123,0.3590604319559512
26,23,0.319809828864368,0.7368440545643699,0.7578431506537393,0.599273606918857,0.0708699641843143,0.4705691947815326,0.00015825355091084,0.0336646561246528,0.1,0.1,0.7,98,0.280993681468574,0.2833660342091755
26,24,0.3172045255463592,0.7357369465240455,0.7599654037662696,0.6100612979945746,0.07151482241718217,0.4726640537838198,0.00012227290129244,0.030868122595176982,0.1,0.1,0.7,100,0.2838384169363755,0.2868710547657161
26,25,0.31857430913917484,0.7385949644497166,0.7659594688415828,0.6252756191969571,0.07799170771768973,0.4771432342976266,0.0001437516580779,0.034882426214743835,0.1,0.1,0.7,102,0.288843612053317,0.2848488782412046
26,26,0.31806145381149764,0.7380774853205786,0.765402454735529,0.6310667036057235,0.074804578849931,0.4775039165972655,0.00012418093170374,0.034728079130507884,0.1,0.1,0.7,103,0.2901418008630944,0.2832551030591469
26,27,0.31524104075416537,0.7412439202694651,0.7817280481877592,0.6937402470204187,0.07023643326781456,0.47553572095499896,0.00013788974471485002,0.031971404672811024,0.1,0.1,0.7,118,0.2905821445939405,0.3016324256809914
26,28,0.3149840671363144,0.7379880238491845,0.7718522063234265,0.7050746111092111,0.06999579290755782,0.4753744698453243,0.00015626490153504,0.031766206624551686,0.1,0.1,0.7,121,0.2903761324315845,0.2922937964497203
26,29,0.31468751430699454,0.737684173075882,0.7715036904739437,0.7121280598582286,0.07153009090486682,0.47490515614218853,0.00014210091192361,0.03211710924392208,0.1,0.1,0.7,123,0.2920355067787735,0.2952232635602224
26,30,0.31435318503724186,0.7388438901266334,0.7759425783145439,0.7184230634703438,0.07085218756717306,0.47530511184030855,0.00013913550082496998,0.03199767766478804,0.1,0.1,0.7,125,0.2881461584218888,0.3018508080482074
27,0,0.9206809026564331,0.9791454996927484,0.9772867736977005,0.36668722256443625,0.0,0.0,0.0,0.0,0.1,0.1,0.7,1,1.1673512154241368,1.0593026685307223
27,1,0.8613209637031046,0.9932100862706272,0.9884945373140861,0.3956606764597024,0.14485356351874948,0.4130364081942913,9.918702343941537e-06,0.006874743392388609,0.1,0.1,0.7,3,0.9760051489366772,0.9214129587603356
27,2,0.6871351782148439,0.9635809278686885,0.9510332460267282,0.4028433304701889,0.6457466890181787,0.42994477439556783,0.00017812390861329,0.08764157890438525,0.1,0.1,0.7,4,0.7095187920325807,0.5484663370324387
27,3,0.6612061810438233,0.9559023138534266,0.9419695317736024,0.4024038059123282,0.20796393896423215,0.4284280239216912,0.00021533672433576,0.09908372954631561,0.1,0.1,0.7,5,0.6674642130993159,0.5058126949198509
27,4,0.6028868824012596,0.9240443392874023,0.9146925479764095,0.39515336941972035,0.1353039774939984,0.41761857316689494,0.00019600726627728,0.0833728635806689,0.1,0.1,0.7,9,0.6002837223784229,0.4938133273055829
27,5,0.5940172310671856,0.9247458469389402,0.9144394742573196,0.4005629784068819,0.1772087474626346,0.4224556924048025,0.0002328550573882,0.0989787308464757,0.1,0.1,0.7,10,0.5651758646752899,0.4432595133156465
27,6,0.6228000224562682,0.9628721515772121,0.9550344618154442,0.4455834727987861,0.21546985392817342,0.44514159711813706,0.00040626356190012004,0.16145015859011028,0.1,0.1,0.7,11,0.5134056262187897,0.4170020054099669
27,7,0.5801336513334706,0.9251491930694379,0.9167453861072655,0.41246309629120154,0.16527338094001132,0.42228129330088027,0.00030654943824289,0.11991399420033202,0.1,0.1,0.7,12,0.532716706436941,0.3936712345963242
27,8,0.5817750814374925,0.9310014389662965,0.9290655551937025,0.4320719693513881,0.13313127262431187,0.4204951790451832,0.00029920862214114,0.12654083397737764,0.1,0.1,0.7,16,0.5277802468292743,0.3841800521087436
27,9,0.5032074195353808,0.8711210840821595,0.8666677491562176,0.387582696388711,0.18605534723015826,0.49233279192466955,0.00016348305273715,0.07110415301489124,0.1,0.1,0.7,18,0.4059466841035168,0.3486262927892066
27,10,0.4960725890927391,0.8662638516539662,0.8614481920653883,0.38671557389325617,0.12321705245134904,0.4888434103544571,0.00016280418489758,0.0704708043578392,0.1,0.1,0.7,19,0.4010341871916749,0.3455111489838306
27,11,0.4771485695676558,0.8630947296953237,0.8552072468432722,0.3937180124694993,0.23569412724781091,0.44922241334772334,0.00020169784909696998,0.1208332055729132,0.1,0.1,0.7,21,0.3667148139642591,0.3021948542437938
27,12,0.47679017988902306,0.8661000414776312,0.8647335864578186,0.41712410519423027,0.13209428166318882,0.4507969147945414,0.00020083467235615,0.12205976915737121,0.1,0.1,0.7,25,0.3676023077408717,0.304858984472826
27,13,0.34044676959742315,0.7443611946125338,0.7311252547808946,0.3296144294367919,0.7124735687338845,0.49167900513644563,0.00013607750195332,0.08172104986141766,0.1,0.1,0.7,26,0.2417869728513881,0.2734507727674806
27,14,0.3300245555234344,0.7340380732734886,0.7236057770437025,0.329627563955013,0.11410016955723207,0.4861667335389295,0.00012049170272887999,0.07366573896171752,0.1,0.1,0.7,28,0.2505623359273566,0.2664181915577949
27,15,0.30993387165583597,0.7106504020053647,0.7007401912552567,0.33071125285198455,0.19911612399248219,0.4919151202444724,0.00013597624494647,0.08190217485472605,0.1,0.1,0.7,30,0.2167563836445969,0.2383517139994213
27,16,0.30577567487932306,0.7073337427482423,0.700392950536551,0.33471752084906464,0.1171060172818177,0.4744439282543722,0.00013685901793467,0.08290475750441224,0.1,0.1,0.7,32,0.21912637928078,0.234211893222833
27,17,0.31680172041780424,0.7211197603914751,0.7206735461549576,0.3849230550639344,0.11873541665729964,0.49801923454877706,0.00014104867491784,0.09681399111467834,0.1,0.1,0.7,39,0.2186592239907597,0.2485894409472184
27,18,0.3094974951945391,0.7120142774720607,0.7081116830972424,0.38388930663342263,0.11693897160712755,0.494615788594604,0.00011784281669209001,0.08885553529979275,0.1,0.1,0.7,41,0.2169590312719264,0.2445276688715755
27,19,0.29974863494315623,0.7048445270411258,0.7073649572569882,0.3796002340343561,0.10790920285520764,0.49232440643015885,0.00012194908113965,0.07766904708305043,0.1,0.1,0.7,44,0.2142062449824955,0.2432576969212928
27,20,0.29563268730426473,0.7002058253400447,0.7024925630754256,0.3970094956680293,0.10967338542101335,0.492176999639806,0.00012082727804695001,0.0748092853024681,0.1,0.1,0.7,46,0.2112776811301884,0.2434214016761834
27,21,0.30282455641581574,0.7071365145666357,0.709308360531973,0.41044067232870274,0.11379919458007745,0.4926786330263447,0.00013380522762808,0.08647811023107409,0.1,0.1,0.7,48,0.2063597253897401,0.2433100718275333
27,22,0.3026660707283291,0.7084018391277651,0.713848187076688,0.42493414461529816,0.11098840544940274,0.4928176769038901,0.00013434500224965,0.08662074551326301,0.1,0.1,0.7,50,0.2065051481369102,0.2425591318284475
27,23,0.3004243118543626,0.7057768067644464,0.7110602704597455,0.4204293223744139,0.12040951179175477,0.49179596539140563,0.00013124589537598998,0.08562843594466935,0.1,0.1,0.7,51,0.2040147058884537,0.2422895173847473
27,24,0.3000260787206816,0.7053155690822299,0.710572880013228,0.4226291763216903,0.11076855631971587,0.49176425233627946,0.00013076871735776002,0.08539297747207804,0.1,0.1,0.7,52,0.2035060206649672,0.2420408448069223
27,25,0.3008265345572552,0.7060552646768422,0.7112863745287373,0.42957971889328106,0.11182927768174492,0.4938310794754824,0.00013319211229722,0.08657423901892151,0.1,0.1,0.7,53,0.2028073309083627,0.2423389479130276
27,26,0.2994351741922433,0.706058626350996,0.7145540443251616,0.43695401559499514,0.11177351484662341,0.49176425233627935,0.00013076871735776002,0.08539297747207804,0.1,0.1,0.7,54,0.2031975019433689,0.2410782882807632
27,27,0.2899066686719344,0.6908948965991941,0.6889818339208527,0.3791705510601085,0.11078282601006614,0.4990448084061448,0.00010062526090204001,0.0770056508920616,0.1,0.1,0.7,59,0.1937943572383517,0.2374774759675183
27,28,0.3358747342261056,0.7447066470326561,0.7622013530291464,0.5148956571328495,0.15829263721851838,0.5696908531747217,0.00021130065825625,0.13773681190585108,0.1,0.1,0.7,65,0.1996173183218477,0.2023976368006594
27,29,0.28824787403584945,0.6890740467680163,0.7069758592937049,0.4725276588003222,0.22859423974185988,0.5494351897611608,0.00016150972446649,0.10547653675594369,0.1,0.1,0.7,67,0.1767118051878811,0.1749394086489677
27,30,0.27188521343824773,0.6731677499768973,0.6970155506916644,0.4814326882335232,0.12883951947679229,0.5204641384768965,0.00016348064330542,0.0932669656447515,0.1,0.1,0.7,71,0.1587453124766596,0.1716238757644069
27,31,0.2628147055645561,0.6632039632206815,0.6868260707361248,0.48197252336766433,0.11511619656498476,0.5101150122334817,0.00014751605843517,0.08413055770202632,0.1,0.1,0.7,74,0.162002915892849,0.1680494660137186
27,32,0.23579745210855316,0.6366018430714405,0.6632606063972774,0.4900864093256162,0.08715519665265564,0.505438664418673,8.526786959112e-05,0.048971664395023366,0.1,0.1,0.7,82,0.1694326661333354,0.1700351240301484
27,33,0.22465279537631005,0.6226560303594928,0.645693126005755,0.48855217471343976,0.08686184679519635,0.4639168992544061,7.29776358146e-05,0.042191895143078105,0.1,0.1,0.7,84,0.1665344221033568,0.1689734933576783
27,34,0.22854266564227077,0.6292213592042375,0.6617437471289458,0.5618204440390433,0.08513253440902271,0.497730973425081,8.38122006594e-05,0.047225029907965024,0.1,0.1,0.7,97,0.1675021635025352,0.1637802004913788
27,35,0.21750833979697629,0.618100794307791,0.6506035040338206,0.5532960977121244,0.07328492622956621,0.4636662122642924,6.279716704587e-05,0.03652374458884402,0.1,0.1,0.7,98,0.1651269692162735,0.1597021071749425
27,36,0.2284135732711561,0.6288160924846014,0.6612744543589699,0.5917572729112651,0.08366429264496467,0.49668785029895557,9.201670952353e-05,0.04782024570404568,0.1,0.1,0.7,104,0.161012387309982,0.1579164903523267
27,37,0.22231538846799656,0.6220610572371439,0.6543678508102153,0.5925954925779051,0.08857221534567371,0.49531184770284,7.261438512016e-05,0.040799283577698166,0.1,0.1,0.7,105,0.1617708340607598,0.155671094587261
27,38,0.22673847956591642,0.627901197481278,0.6634946590218334,0.6071227576353085,0.08308172179861767,0.49422810352976254,8.323691024429e-05,0.047455137407215325,0.1,0.1,0.7,108,0.1619202697434899,0.1604588830978466
27,39,0.22606166166581643,0.6302164128952543,0.6724195201578747,0.6502499428643932,0.08198905040117993,0.4960519846036061,8.321027316705e-05,0.04624021529603241,0.1,0.1,0.7,120,0.1610170749249893,0.1551701152953654
27,40,0.2220182853533122,0.624386419618657,0.6632180547040494,0.6642533986755895,0.08296081641177241,0.4942063755002571,7.268770545684e-05,0.04137627735473598,0.1,0.1,0.7,121,0.1663989013718092,0.1636015695134825
27,41,0.2252640921703994,0.6289513560707346,0.6710474516734397,0.7027997020360772,0.0822725514679087,0.4943085550013968,7.633003697755e-05,0.04639873557880208,0.1,0.1,0.7,129,0.1632574962750157,0.1596378662680481
27,42,0.22078989153883632,0.6239018050055909,0.6658667308480883,0.7230852342167654,0.08038309519576689,0.49623077159493,8.599176196642e-05,0.04101092528084678,0.1,0.1,0.7,133,0.1576563622932965,0.1543649247367348
27,43,0.2270200513416921,0.6345316138012421,0.6863918452650533,0.7437225718916246,0.0858809145359538,0.5000886722745825,7.043884872453e-05,0.04956287161789575,0.1,0.1,0.7,135,0.1609915822336229,0.1757660946408409
27,44,0.21948651242268846,0.6283594859327624,0.6834942647919224,0.7364727683687213,0.07845305789209836,0.5193231396268744,5.31159679164e-05,0.03635462093205962,0.1,0.1,0.7,137,0.1610942521642718,0.1789111396395959
27,45,0.24321172235870842,0.6515054035350726,0.7065100121576005,0.7926259543971627,0.10379420012673028,0.5084605624487573,8.36724874194e-05,0.07305420794482734,0.1,0.1,0.7,142,0.1697075073023877,0.1778359025692807
27,46,0.2446875857605319,0.6525269723451297,0.7074303290081191,0.8122817699577528,0.10765081243967398,0.5152095878349664,9.057357392983e-05,0.07517114273089051,0.1,0.1,0.7,144,0.167630028387957,0.1810842902577015
27,47,0.235028517822432,0.6431526465072149,0.7010941278770508,0.8096481150508934,0.10089759803318829,0.5234808543060314,8.399416641707e-05,0.06274250988707512,0.1,0.1,0.7,148,0.1704156298923168,0.2118490759045146
27,48,0.2176954159856545,0.6348034568224606,0.7125759774991475,0.9005448168989091,0.07895881777444569,0.5210809794184076,6.061138170457e-05,0.038342549507667946,0.1,0.1,0.7,171,0.1677634026201021,0.1892941981040683
27,49,0.2149817929379607,0.6319888640046318,0.7097393272701628,0.9516545018208022,0.07660422247207771,0.5155235857710524,5.525028532389e-05,0.03546959790250465,0.1,0.1,0.7,178,0.1677057815393759,0.1893362705457638
27,50,0.21746112608041449,0.6359499856202498,0.7170022048814564,0.9424952300780034,0.07902037886956542,0.5138895473771601,6.112945296394e-05,0.03927957316129961,0.1,0.1,0.7,180,0.1676917932573499,0.1896833676496226
27,51,0.2343513548761796,0.6542630870906333,0.7386040297611529,0.9887310149648122,0.09612697949133284,0.5097064357693246,8.36329555932e-05,0.06416302672147393,0.1,0.1,0.7,185,0.1700584734948921,0.2118097551402489
27,52,0.23326229723566444,0.6512796653437395,0.7322291996293222,1.0341235330147036,0.09735212208164101,0.5240248450622688,7.265604162124e-05,0.0613754494802584,0.1,0.1,0.7,188,0.1675009525259066,0.1809648588419145
27,53,0.23312525307511878,0.6510643621300203,0.7319969417965881,1.0377046055988182,0.09652036830413441,0.5239376908888245,7.261637640117e-05,0.06135216002170908,0.1,0.1,0.7,189,0.1674897847382138,0.1805398643195085
27,54,0.23368959641382064,0.653077362011799,0.7373045430009347,1.042606664569474,0.09635765055335335,0.5238493508502763,7.210399711236e-05,0.0622731628846231,0.1,0.1,0.7,191,0.1677307736149168,0.1810221672751913
27,55,0.23063748904915385,0.6500214672616742,0.7342477493288405,1.05078895519436,0.09296852789211879,0.523526990166351,6.974688871262e-05,0.05796803613359102,0.1,0.1,0.7,193,0.1679193904890031,0.1810238052924784
27,56,0.23037516529343424,0.6497559772821537,0.7339816148755185,1.0430364154666607,0.09272301183568432,0.5095545003845229,6.723132040468e-05,0.05959558373766448,0.1,0.1,0.7,194,0.1674480939595986,0.1806208773116472
28,0,0.9369497238237848,0.9837670917751656,0.9823203107639585,0.370923424420394,0.0,0.0,0.0,0.0,0.1,0.1,0.7,1,1.0976996531175498,1.0618684473600557
28,1,0.8730545181578092,0.9964909031469763,0.9921304047622503,0.3974769114733445,0.1461179885606374,0.4097185576212314,1.099607734304e-05,0.006345178703283597,0.1,0.1,0.7,3,0.9244328110368396,0.921761812341192
28,2,0.6593893983062189,0.9684263008863504,0.9532880262746107,0.41837534315961655,0.8832657183721513,0.4297591354412846,0.00026681806482355,0.13609920631783995,0.1,0.1,0.7,4,0.6495590065570978,0.4731441145726103
28,3,0.6352325215944586,0.9722676644920323,0.957826951914634,0.43404783769295396,0.26009111609461477,0.4285574741985574,0.00033372042879922,0.18140699189859277,0.1,0.1,0.7,6,0.5424408696974563,0.4048489149888454
28,4,0.6355284861936611,0.9725726160397329,0.9581305287858145,0.43993564243320105,0.17027949939905163,0.4287094440064534,0.00033440226990054,0.1818431771753388,0.1,0.1,0.7,7,0.544216410697938,0.4048835609752181
28,5,0.6206821345553009,0.9614876047795402,0.9500937114170047,0.42739740067576537,0.17819263050604528,0.42995870693152427,0.00031844763119457997,0.16781385680059532,0.1,0.1,0.7,8,0.547533974129303,0.4086356675721525
28,6,0.5243212240237151,0.8747376266929888,0.8621854788397705,0.35357274680926953,0.1267398976419223,0.42334790752372137,0.00011618813808940999,0.06342265987058922,0.1,0.1,0.7,10,0.5510137108206548,0.4337041841515517
28,7,0.5233192819713206,0.8743772158122272,0.8617430266879308,0.3556334435736702,0.09297593569515034,0.4195053704527118,0.00011653661978276998,0.06477197705551342,0.1,0.1,0.7,11,0.5483100602014671,0.4348738104862667
28,8,0.44192399376544184,0.8284238251174174,0.8129940167923798,0.3333479713636574,0.530026910439112,0.46472519515710387,0.00016479463513475,0.08830436081173176,0.1,0.1,0.7,12,0.4087385579416347,0.287602953064827
28,9,0.3779959261654745,0.7700433731372385,0.7527428311166023,0.2917850079266472,0.13556664173302524,0.4217596350573419,7.520839783154e-05,0.041038704448721666,0.1,0.1,0.7,14,0.3863744580873111,0.3384262085024411
28,10,0.31786599334966414,0.7169492557636794,0.6979948412454219,0.264900459931123,0.2435232746096735,0.4367440240134711,7.394085021655001e-05,0.04039687051849299,0.1,0.1,0.7,16,0.3090735073971042,0.2757575130843792
28,11,0.3120603619136235,0.7108975873777093,0.691211958885082,0.2652796677243268,0.12443780746379887,0.44954070439963634,7.8747565335e-05,0.04164245655366007,0.1,0.1,0.7,17,0.2996696714327543,0.2564688300491278
28,12,0.2722425938739363,0.6637144794821435,0.6364197805990194,0.2373477263110184,0.37417307911879655,0.4559145397372328,8.723268387079999e-05,0.044445099984872026,0.1,0.1,0.7,18,0.2494694895792172,0.2109919027834605
28,13,0.2690114549155373,0.6534515358123989,0.6350203454115411,0.2652652705181274,0.15237930767843255,0.4164477570449281,0.00015269214113378002,0.09670397162596753,0.1,0.1,0.7,25,0.1995336897831456,0.1735220333906126
28,14,0.4374597380412476,0.8344655675598314,0.8455369833991255,0.5894452520819611,0.28010523921789493,0.3756587529040015,0.00038933759486374996,0.3457707409598479,0.1,0.1,0.7,62,0.2333821834197164,0.1178810307506786
28,15,0.43574887571868504,0.8320552082951448,0.8429435072095816,0.5909803181826037,0.29193590295094857,0.3755085448396605,0.00038780145546178,0.34528380271842024,0.1,0.1,0.7,63,0.2323865453974227,0.1175558766786873
28,16,0.3856636630145519,0.7832833728323676,0.7974284144915667,0.5690142776577416,0.23024264232055824,0.3719627219876154,0.00031842579942981,0.27476630604116814,0.1,0.1,0.7,68,0.2474515380733528,0.1263581098394768
28,17,0.38220550531717823,0.7795875579100068,0.7965963307000822,0.5746332226468668,0.2445797129801118,0.3670799469912453,0.00031930295474603997,0.27512260511737796,0.1,0.1,0.7,70,0.2365950795286524,0.1211755311168738
28,18,0.38281913443699567,0.7800374152518732,0.7970052182685163,0.5785066071907558,0.23306659680704878,0.3674153121195606,0.00031882544848786003,0.2763739594228362,0.1,0.1,0.7,71,0.2357091055427206,0.1209700974846427
28,19,0.3991535182618914,0.7962327048647291,0.8161024043250259,0.6064173154681631,0.2587670458835995,0.36765747972409296,0.00032532152108719,0.3038021220121653,0.1,0.1,0.7,74,0.2119848922691154,0.1143640144503564
28,20,0.3416076233907208,0.7383848535525469,0.7581814147928184,0.5704595088264447,0.19496294839922584,0.3759019735447274,0.00023386436326642998,0.2211698830618531,0.1,0.1,0.7,76,0.2212635236781547,0.1171987060785742
28,21,0.37821465784834407,0.7760247741966828,0.7990155789562554,0.5987224855141354,0.23365073122339328,0.37745659509025764,0.00031979471000728,0.27434832483381894,0.1,0.1,0.7,78,0.2214697948077469,0.1129884624804663
28,22,0.37872047508615614,0.7764875501762176,0.8024179305017676,0.6251149021103586,0.23923030408623025,0.37100007818112435,0.00032073965659659,0.2796551776074577,0.1,0.1,0.7,82,0.21367960475316,0.1189019938994613
28,23,0.38732243668648114,0.789499319463534,0.8253273900178122,0.6694681568871961,0.24192178966007963,0.3695431539607018,0.0003208304976969,0.29232731949697016,0.1,0.1,0.7,86,0.2246127365783726,0.1223674235674618
28,24,0.38724412856802715,0.7887484535680631,0.8244205836427614,0.6693612253976678,0.2533973155769309,0.36835062317490896,0.00031967834187985,0.29392516934197244,0.1,0.1,0.7,87,0.2275844632969769,0.1217778582346543
28,25,0.37922462493844433,0.7788517344449946,0.8111301924788021,0.6511432587286423,0.24135580060320666,0.36773914071897545,0.00031923139447453,0.2834294809453084,0.1,0.1,0.7,88,0.2125342855164451,0.1154121072979076
28,26,0.38082069669958674,0.7818344328236086,0.8173937894286718,0.6724840946286522,0.238615107822043,0.3681366230953852,0.00032094580202979,0.28588615672407347,0.1,0.1,0.7,89,0.2234340216445608,0.1209727287445466
28,27,0.3902538831847159,0.790135967459771,0.8254383821018814,0.672839130444457,0.26590464660398466,0.3641833693489805,0.00031976158003955,0.30242801988256474,0.1,0.1,0.7,90,0.2171867504807473,0.1188652850237719
28,28,0.39958644530464715,0.7993757542723516,0.8346572954125171,0.6956433202029875,0.2579846417693405,0.3575682677353916,0.00032133823665789,0.31690706497591675,0.1,0.1,0.7,94,0.2145222522087642,0.1188680232988282
28,29,0.3984474667804433,0.8005460232296809,0.8422844354222057,0.7143697781471273,0.2601879709911415,0.3583151763516722,0.00032049866318998,0.31665965886557,0.1,0.1,0.7,98,0.2136747714046164,0.1177873090534451
28,30,0.39626130337570875,0.7993394068782329,0.8442680174143744,0.7288152649535046,0.25876914489348724,0.36826461668186344,0.00031887529689266,0.31322108403285454,0.1,0.1,0.7,101,0.2126626361239864,0.1165867262249143
28,31,0.39447537526253573,0.7972692427654858,0.8421351227450197,0.7406930609770415,0.2558308562590227,0.3690094635508356,0.00031911732902728,0.3111628415298971,0.1,0.1,0.7,105,0.213287849756773,0.1181858767632516
28,32,0.3965777098309425,0.8007099587070415,0.8488460057415372,0.7598912955875265,0.2583048166806409,0.3669016216187385,0.00031895917412075,0.3148039186893947,0.1,0.1,0.7,107,0.212376477972575,0.1192932908233928
28,33,0.388200841043511,0.8216939934554583,0.9358046132224755,1.0406019223992709,0.2497509801802395,0.3562779430165263,0.00031996995386001,0.3056364164338032,0.1,0.1,0.7,171,0.2156806727026945,0.1172646858447553
28,34,0.35577155904983515,0.7920456991311288,0.9127200945449132,1.049408710646939,0.21775935497925386,0.3557198720617687,0.00027029250439449,0.2598415333352679,0.1,0.1,0.7,183,0.2153638703246501,0.1174607581561643
28,35,0.353268806156652,0.790898854442559,0.9148476562507046,1.0746325331501956,0.21561985561297387,0.35565312889448786,0.0002699611345237,0.25656917270901003,0.1,0.1,0.7,188,0.2152108838372229,0.1162897466114441
29,0,0.9208892763520959,0.9792051912738958,0.9773517930204622,0.36672496664698045,0.0,0.0,0.0,0.0,0.1,0.1,0.7,1,1.1683208056545966,1.05897183593265
29,1,0.8312109566112413,0.981153988703845,0.9756531589385848,0.38684378313065276,0.16893297188612585,0.38206539350086427,1.184135252308e-05,0.006662560503249925,0.1,0.1,0.7,3,1.0839393826755497,0.9230387731753577
29,2,0.6328546614931525,0.9543700892621683,0.9380751343412747,0.40909094009943203,0.8833185295537692,0.42937542216984603,0.00032755210416224,0.13460419695673922,0.1,0.1,0.7,4,0.6651104661988156,0.4430495201090844
29,3,0.6071583183260922,0.9475067529327743,0.9326901652542416,0.41355706121331914,0.2125422911130529,0.4297691093589891,0.0003339183430708,0.1518859731398342,0.1,0.1,0.7,6,0.5605213522692236,0.4050866008383151
29,4,0.5134600019151576,0.8666172468369869,0.850204514751199,0.34407397931090583,0.1414598595852365,0.42594013645158735,0.00015995653416691,0.062484339352474084,0.1,0.1,0.7,8,0.5368412733376217,0.4566949542788823
29,5,0.39060039999025037,0.7746613422182269,0.752460132225729,0.2811644518401645,0.25939061685304243,0.4154714687408644,5.269001839564e-05,0.025407380912881364,0.1,0.1,0.7,10,0.4034254368722929,0.4600501973835291
29,6,0.31407898007756113,0.7103271704475768,0.6822912177107626,0.2673112187895709,0.22501219557440524,0.5050630002745451,0.00014080569208753,0.06504813677744078,0.1,0.1,0.7,15,0.2595986184315046,0.3064437734427598
29,7,0.306154592762788,0.7012826930196994,0.6755497178353388,0.2646796103541235,0.12732636006948198,0.5192219581451173,0.00014301152973119,0.06403148679446725,0.1,0.1,0.7,17,0.2658146176444831,0.2943773794391721
29,8,0.28662657076440584,0.6814410819338339,0.6547049897345373,0.2528572110138313,0.1690653830341139,0.46936625155715633,0.00012052883620098001,0.05888910829731822,0.1,0.1,0.7,18,0.2126919923051909,0.2837088009594062
29,9,0.284531803385785,0.6744620279472614,0.6492333979020907,0.2628703787866543,0.2077789416176583,0.5184290279074759,0.00015004100187233,0.06858308308619857,0.1,0.1,0.7,19,0.232551625966477,0.2661407829521083
29,10,0.2642858626067994,0.6495461148777388,0.6313374984829295,0.2700505294664838,0.13155245926584053,0.5002846253023719,0.00017568350417396,0.07557734029729872,0.1,0.1,0.7,26,0.1876920533570565,0.2068082898195676
29,11,0.31802016177524817,0.6942853632600022,0.6591449238892082,0.32582070648724626,0.16371233654851464,0.49226601165196054,0.00012589765597825,0.15783226513992424,0.1,0.1,0.7,33,0.2031955742864037,0.21067371188995
29,12,0.2514229210878046,0.6251451786237896,0.601072722487738,0.27471197119518703,0.18457815291930496,0.51091004899444,0.00013858569620198998,0.08235299614064741,0.1,0.1,0.7,35,0.2011696712931959,0.1737020786750371
29,13,0.2670678580887534,0.6301217843592857,0.5948460656892963,0.29197254944620343,0.21884948549057953,0.47146694893764673,6.119537664329e-05,0.12215745560847963,0.1,0.1,0.7,36,0.1751817801988482,0.1596195013141358
29,14,0.2103734292694563,0.5678922364734362,0.5496154472686633,0.25163922295870944,0.14220695818683754,0.5073856210827892,8.652267741414001e-05,0.06069776031924698,0.1,0.1,0.7,40,0.1527073093767723,0.2004394132779053
29,15,0.20042538687868502,0.5533010084982619,0.5372342343316415,0.2564388520163116,0.10836808899485005,0.5105405043423467,7.85257231721e-05,0.054820390303044794,0.1,0.1,0.7,44,0.1403028675739284,0.1734158382848731
29,16,0.18231789962194833,0.5191831500061779,0.503527710149644,0.24069646415997925,0.1863453222142658,0.4864314359056209,7.626503635354e-05,0.053770676613932214,0.1,0.1,0.7,46,0.1224073393905986,0.1522708598548727
29,17,0.16880560004901402,0.4941334056634977,0.47671146839818057,0.2200035082574583,0.12175679370483003,0.4680279086180485,6.978070615295e-05,0.048928774494949784,0.1,0.1,0.7,49,0.1205459695548068,0.1372447210263435
29,18,0.16781421213013115,0.5327877304596355,0.6044913916214983,0.8084407328091286,0.08068797853941165,0.5576201997810971,0.00010759869160159,0.035489789824393735,0.1,0.1,0.7,165,0.1099691122454829,0.2823205747245901
29,19,0.16567251332915978,0.534582176984614,0.616119003823319,0.8431633155674099,0.08076491684648665,0.5539306474745908,0.00014313220243526,0.033485902310205304,0.1,0.1,0.7,168,0.109475814570776,0.5528026490900021
29,20,0.16315660649848768,0.5286265816122988,0.6034869334227793,0.8440060674048468,0.08115461320126394,0.556731854995095,0.00012710267887073,0.029912800985137135,0.1,0.1,0.7,169,0.1102682167488366,0.5520658965571915
29,21,0.16547196618075208,0.5335869338348259,0.6150059912716918,0.8539963473913272,0.0809798291408546,0.5547441330150603,0.00014380370956959,0.03383522551499095,0.1,0.1,0.7,171,0.1102641660201917,0.5496692064566107
29,22,0.16946560031180657,0.5459710577236546,0.6471339391367847,0.8879217483048916,0.08444116358170538,0.5554141002030455,0.00011718281745628,0.04001400060771266,0.1,0.1,0.7,178,0.1097384937885902,0.2636965916325258
29,23,0.19886704733178343,0.5766519644455063,0.6810879601556719,0.9552166474291187,0.1133877298065876,0.5558147179290422,0.00016678871308918,0.08215696458377339,0.1,0.1,0.7,186,0.1097271041914124,0.2807443336385252
30,0,0.9242653456916524,0.9801705482241766,0.978403186322272,0.36864924204193805,0.0,0.0,0.0,0.0,0.1,0.1,0.7,1,1.148919435595451,1.061334737529692
30,1,1.0877885430871062,1.288039963327015,1.2771031098690795,0.7041107416908634,0.5858295018109128,0.4295072175570706,0.00047095228430107,0.4745177111761152,0.1,0.1,0.7,3,0.9178292890560448,0.6730443985845096
30,2,0.6733119216154703,0.9736309848950294,0.9592394166085783,0.4204996083504044,0.5863892489223063,0.42755243946446164,0.00022925025979624999,0.13188709597452572,0.1,0.1,0.7,4,0.7131192996465235,0.5063692571371241
30,3,0.6158582739309173,0.9585494064406935,0.9434569451274566,0.42301342700443323,0.3019573212763953,0.4283329869771564,0.00031514264529165,0.17229052471680667,0.1,0.1,0.7,6,0.5727657089876936,0.4099013863442375
30,4,0.6153572179338851,0.9580599571363285,0.9429674536432787,0.4242241656453324,0.16302113482563108,0.4294143943965935,0.00031100089842988,0.17143793907934843,0.1,0.1,0.7,7,0.5683752475395988,0.4114423256941903
30,5,0.49850930743961813,0.8659012241212424,0.8473313572951083,0.3492701673617812,0.3501170479810371,0.467310977729115,0.0001674404074617,0.09012478737190671,0.1,0.1,0.7,8,0.488984026645119,0.3556002582958383
30,6,0.49308168768732735,0.8664044190849789,0.850346437986782,0.3576281496178147,0.14525232451893183,0.4732223324089982,0.00017961292679154,0.10057586510431403,0.1,0.1,0.7,10,0.4312763875705743,0.3365445484441773
30,7,0.3981271209721793,0.786523023722234,0.7667282598699436,0.30069708066274303,0.20885502254007152,0.4407982069123305,9.000031260845e-05,0.05099750723842805,0.1,0.1,0.7,12,0.3849679586192108,0.3720657633236797
30,8,0.3852897586069787,0.7764011933212652,0.75555604395596,0.2949087440420771,0.15405895999593383,0.4448505485983102,0.00010401970803131,0.05279280715239458,0.1,0.1,0.7,13,0.3730539678302234,0.3600351576091673
30,9,0.3512330338004516,0.7485403873166364,0.7278545306825586,0.2819980353579967,0.30584053632486125,0.44985571569043886,0.00010931817456783001,0.06056097320608794,0.1,0.1,0.7,14,0.2896013566845256,0.3231815264597727
30,10,0.3312409060149967,0.7273176579809258,0.7013012271022094,0.2751725065086404,0.2303031933721824,0.4721582155509334,0.00011819358726361,0.0616553294394897,0.1,0.1,0.7,15,0.2982681316748375,0.2968375431858814
30,11,0.31076017797625954,0.7053451814136951,0.6774393893821173,0.26325885827688156,0.2197006870151374,0.47004027165162443,0.00011712845136259,0.06085160283046735,0.1,0.1,0.7,16,0.2739504273672649,0.2808788520148059
30,12,0.2519125849647872,0.6368264875902575,0.6070703866999376,0.21962333100674009,0.4334940682478049,0.4544870325784604,8.600630786092e-05,0.04568921817042895,0.1,0.1,0.7,17,0.1946578339952797,0.2278177829625595
30,13,0.2502667560891863,0.6360311487297277,0.6093760505677507,0.2244332334772418,0.08447007574030614,0.4544870325784604,8.600630786092e-05,0.04568921817042895,0.1,0.1,0.7,19,0.194047818761392,0.23039876396309
30,14,0.2636286382035065,0.6428463562104216,0.6143048504371021,0.24153072532019454,0.23581329636848386,0.4843945562417048,0.00015320123753304,0.08137826793647396,0.1,0.1,0.7,20,0.1372215718457864,0.2119985645633534
30,15,0.2518405610395309,0.6279047250012573,0.6014747012849736,0.233974893960089,0.18555801124176888,0.47624240462207723,0.00014684004383359,0.07819464104406748,0.1,0.1,0.7,21,0.1306143835991027,0.2020828544182585
30,16,0.23626982392141396,0.5939331543642167,0.5605694485836079,0.21751237033139667,0.36075300070167254,0.45551725029391216,0.00016497779864292002,0.09291605492871478,0.1,0.1,0.7,22,0.1208916170006847,0.2102398826043538
30,17,0.2310154413357467,0.5880550157730509,0.5575807016444043,0.21850321489571134,0.12246092949090803,0.48262765685228703,0.00017204063380445,0.08517252863638658,0.1,0.1,0.7,24,0.1049103965876826,0.170513097307619
30,18,0.2185968375178731,0.5654077790939753,0.5330641011805524,0.20355548180954422,0.2350962199497873,0.47750474084396743,0.00016858541446541,0.08351384004757963,0.1,0.1,0.7,25,0.0999907740870029,0.1570140031895838
30,19,0.2351324380607116,0.5774638707127747,0.5473940023922418,0.2311988643079923,0.15212582093215465,0.4601012637181103,0.00021750300808835,0.11761037997766279,0.1,0.1,0.7,28,0.1184737366553819,0.1432624681184534
30,20,0.23415188010665094,0.5774014517483096,0.5505389599705902,0.23713306840588494,0.1312892132830334,0.4592653637081352,0.00021736312675715,0.11707172831474907,0.1,0.1,0.7,30,0.1186709240159341,0.14297631421893
30,21,0.22970349416926628,0.5722501393790064,0.545269405471278,0.23246892616392106,0.13224642489448815,0.4504640425294618,0.00021336343309632,0.1128658458314418,0.1,0.1,0.7,31,0.1205987736095768,0.1288312171174034
30,22,0.21166543797315387,0.5509111285872569,0.5233817211916314,0.2206034881246029,0.14682010884991162,0.4708648887533557,0.00016651395119899,0.08826803111145323,0.1,0.1,0.7,32,0.1118169639304809,0.1302761346663914
30,23,0.20748848649345514,0.544960349715147,0.5202027622531084,0.22815411374097816,0.11665020448235883,0.45282993211262995,0.00016043245429361,0.08875643149749003,0.1,0.1,0.7,36,0.1129358549838951,0.1273914086033402
30,24,0.20748849505065234,0.5449603109020063,0.5202027120459128,0.2281540917506631,0.10742875016357915,0.45282993604588073,0.0001604324712341,0.0887564408296548,0.1,0.1,0.7,37,0.1129358522959501,0.1273914069372533
30,25,0.2043106670923448,0.5364956028339466,0.5139662739355645,0.23778620526420993,0.18401296061384806,0.4532761112547425,0.00016081212991316001,0.09172424708600718,0.1,0.1,0.7,38,0.1040679309753947,0.1102501436361052
30,26,0.22941301318037416,0.5599609084460829,0.5371772208623619,0.25810521573697914,0.15344777163659498,0.4659112585962183,0.00022748392556484,0.12750858006013863,0.1,0.1,0.7,39,0.1165437742738316,0.1177556580802186
30,27,0.21851846129138597,0.5486619253854405,0.5258156901792282,0.2603789316675494,0.12743449758136383,0.45855730719034965,0.00022020807269939,0.11342131716674038,0.1,0.1,0.7,41,0.1141608545511512,0.116418642153011
30,28,0.188783925110265,0.5187213293270306,0.4958432315458036,0.229967723940243,0.0978934864841498,0.4509828333331197,0.00012966460107554002,0.07225448915822254,0.1,0.1,0.7,42,0.1035963030671631,0.125858640706992
30,29,0.21412530726445916,0.5450616989758654,0.5254120342146272,0.27526300428273276,0.1267176423559501,0.45674160009991377,0.00020963765074243998,0.10814304980945369,0.1,0.1,0.7,43,0.1141646382579945,0.1170829366578281
30,30,0.20084957034135503,0.5259075007171213,0.5022845996162787,0.24361882605570565,0.15739199158079203,0.46357517292178996,0.0001706241419199,0.09265369711475291,0.1,0.1,0.7,44,0.1094889412653692,0.117001863253125
30,31,0.19507782511223876,0.5195631042516876,0.49893427149828695,0.2582386726293765,0.11764508730632503,0.4459296555849329,0.0001861814094571,0.08895859773408647,0.1,0.1,0.7,46,0.1039767159048849,0.0922834545490043
30,32,0.18841205017668228,0.5090723098567804,0.4817089158796122,0.23565977076793032,0.10932618123419417,0.4528945232817967,0.00013621152814000998,0.07924791182775567,0.1,0.1,0.7,47,0.0962175958803412,0.1007831822724303
30,33,0.18605953843112613,0.505833785703387,0.48142195514878994,0.23760259308081208,0.12446788785320315,0.46065013185432546,0.00013659456944593,0.07704435236437644,0.1,0.1,0.7,48,0.1027248603198416,0.111137720111968
30,34,0.18571841040540393,0.5043615079359757,0.4797830117260643,0.23965734580098028,0.11192989815905834,0.4509825856064265,0.00013577385981452,0.07899382683401247,0.1,0.1,0.7,49,0.0952910015694244,0.1005678697287218
30,35,0.18080754605300212,0.501807383836747,0.4837449426027782,0.26138750761822316,0.09923925148906282,0.44699256208476573,0.00013137921834548,0.07315385464597451,0.1,0.1,0.7,51,0.1050763142749979,0.0956735716127527
30,36,0.1816311010530554,0.4951052614952654,0.472864427525863,0.24679473731387866,0.16076921537357602,0.459067334568033,0.00013719333586152,0.07798597282742534,0.1,0.1,0.7,52,0.0973059812157457,0.102311470855688
30,37,0.17600232315500117,0.48968003284207084,0.4705594720394424,0.2513190293235445,0.1020655165735706,0.44672564246742713,0.00013690786290297,0.0728263163276743,0.1,0.1,0.7,54,0.1131428877732724,0.0913148404867591
30,38,0.16493957228175843,0.47752604424853745,0.4582500769782171,0.24574956126904368,0.0906246147709303,0.4386926682465936,0.00011242656784389,0.05910521833431764,0.1,0.1,0.7,56,0.1122975852577358,0.0870034456993222
30,39,0.15724422083065936,0.4690016176722062,0.4496072186682894,0.24612448130514297,0.08633308328868167,0.4209304204992458,9.786419937925e-05,0.05136500336650655,0.1,0.1,0.7,57,0.1158940743548478,0.0942096364792205
30,40,0.15655277755394206,0.4669945581755572,0.4474148951055039,0.2629466421038003,0.08067321888151496,0.44385136867848485,0.00010097072610058999,0.04819232984688697,0.1,0.1,0.7,62,0.1052135719397562,0.1082231379613935
30,41,0.1558800614699593,0.4672381219111477,0.45088183141321087,0.27072350507075055,0.08063329653188625,0.4427075906510995,0.00010138918554024,0.047878371661179794,0.1,0.1,0.7,64,0.1057725058401048,0.1040327860971999
30,42,0.1514926816987196,0.46416580455474094,0.4510891448525907,0.28378644657749796,0.0739619260147433,0.4439399413438215,8.824982323999e-05,0.04158856134571193,0.1,0.1,0.7,68,0.1074490385009866,0.1128059541428424
30,43,0.15070223525530607,0.46320191312802944,0.4531960466968402,0.30375640712893826,0.07692860512270777,0.4437563113851773,8.782144083171e-05,0.04185752861517525,0.1,0.1,0.7,73,0.1051320483797961,0.1040386137928443
30,44,0.147376024843303,0.459776860971604,0.4497571896948631,0.30670455891532955,0.07089261774799202,0.44166790298021585,7.86193119239e-05,0.03748585284626548,0.1,0.1,0.7,75,0.1069067867393787,0.1044869521262135
30,45,0.14945005557105973,0.4631650336812216,0.4564249830932759,0.32096832573505285,0.07318878236539786,0.4392498937876315,8.824148869343e-05,0.04094292162255995,0.1,0.1,0.7,78,0.1106409121019066,0.1040505005795877
30,46,0.15035591825741296,0.46327618267205906,0.4564251851348318,0.3279198283490938,0.07778450370299442,0.44486094379912255,8.786393054489e-05,0.04207844802346594,0.1,0.1,0.7,80,0.107733236520374,0.1009436252549196
30,47,0.14870618058973997,0.4622854288122615,0.46172055578048304,0.31888846984113944,0.09605957171281554,0.4466037388071767,0.00010936202688044,0.041335119485461466,0.1,0.1,0.7,81,0.1099566346906166,0.0933391433720445
30,48,0.1432404527037323,0.45798851443467375,0.46068345747691564,0.3467645268180984,0.0685852031022374,0.4485421088443904,8.841011465877e-05,0.03351317291328817,0.1,0.1,0.7,93,0.1110097820900709,0.0929122990496773
30,49,0.13489404530821697,0.4538622153234601,0.46953434175581504,0.526750410057435,0.06143681352645209,0.44636597474430706,5.363993532662001e-05,0.02329172284780063,0.1,0.1,0.7,128,0.1071628504283349,0.1066743195385714
30,50,0.13369281542840528,0.45512087338683804,0.47733006440902825,0.5710601011062649,0.06052414910192358,0.44581797732003053,5.27622600534e-05,0.022069792193215945,0.1,0.1,0.7,138,0.1074159642526597,0.1061687040581454
30,51,0.1467164995571608,0.4739578865067145,0.5124643265307272,0.656331064246005,0.07482579214635403,0.4468968318047289,6.872887495181e-05,0.04180510574123635,0.1,0.1,0.7,156,0.1048854600301111,0.1056269504536903
30,52,0.13704646671334725,0.4672395295551077,0.5123497114089843,0.6716911628956174,0.06445712185346977,0.4601658189535778,5.5183700749630004e-05,0.026147185928966598,0.1,0.1,0.7,161,0.1055758550305386,0.1009454464810565
