Run,Equation_Index,Hybrid_MSE_Train,Hybrid_AIC_Train,Hybrid_BIC_Train,Hybrid_MDL_Train,Hybrid_PSM_Train,Extrapolation_Divergence,Sensitivity_Interpolation,Sensitivity_Extrapolation,Lambda1,Lambda2,Lambda3,Complexity,MSE_Test_Interpolation,MSE_Test_Extrapolation
1,0,0.958861607812368,0.9898691722920645,0.9889662225597706,0.3747819200515281,0.0,0.0,0.0,0.0,0.9,0.0,0.7,1,1.0094663212642194,1.0620153632287783
1,1,1.1942547736318618,1.302814004514038,1.2990602625396879,0.7012966593100155,0.44345905296030225,0.38038088941578063,1.002929206981e-05,0.0036958113718862985,0.9,0.0,0.7,3,0.8385570780375898,0.9214147557526132
1,2,1.001252884570171,1.2949811340994906,1.2811256436857184,0.7396382161785026,1.1486997708235287,0.4299659691289394,0.00023581550116468002,0.09066417553101157,0.9,0.0,0.7,4,0.5981960541189545,0.490580057113599
1,3,0.9894550425998205,1.295444306593199,1.2840065867629773,0.7512359571910263,0.4900401409795992,0.42872939840577245,0.00029133538025057,0.10500309265293906,0.9,0.0,0.7,6,0.5383502396241586,0.4512201094317997
1,4,0.9900241541062842,1.2961688521594223,1.284717825985195,0.752015344425216,0.46115062305619586,0.4289385667193756,0.00029522711224998,0.10598231326127638,0.9,0.0,0.7,7,0.5348745692798487,0.4494004855096459
1,5,0.9262479275263776,1.258889168685082,1.2483876182153257,0.733956754607809,0.6108517675272375,0.43005307771330914,0.00026426061395109,0.08691329603979918,0.9,0.0,0.7,8,0.5852154529160795,0.4477145984981034
1,6,0.9042033318809093,1.2515801260178074,1.2394084916151407,0.7309301663533532,0.5169909891627961,0.4290486879149747,0.00026947800321561004,0.10453178414821916,0.9,0.0,0.7,10,0.5335132852425363,0.518122411873298
1,7,0.8720882992154113,1.2370932531562817,1.226027689271775,0.7317741402255336,0.5441991208545383,0.43002503113144624,0.00034598745747249,0.1156913209749007,0.9,0.0,0.7,12,0.4562146328107506,0.4771385304404615
1,8,0.8700408407247069,1.23705155047571,1.2292085978870453,0.737875273501317,0.4702093213720536,0.43011568710657705,0.00033696413951236003,0.1147017881417749,0.9,0.0,0.7,14,0.4575047007478605,0.4742426017943781
1,9,0.8688273242631217,1.2359931742186359,1.2281258600812517,0.7355154682626439,0.46829257134306634,0.43013034915686416,0.00033412484529038,0.11356153087518923,0.9,0.0,0.7,15,0.4546801317241514,0.474497085943533
1,10,0.8623246747928404,1.233225441015704,1.2282944799930615,0.7491502789985244,0.4917278421148157,0.42997998089231393,0.00033117785299757003,0.11357626156950981,0.9,0.0,0.7,16,0.4366185162153317,0.4755919407922204
1,11,0.8110324015130522,1.1985452778490076,1.1902649683443016,0.7291753114296927,0.5851503168504807,0.4300880134923393,0.00036436396732423003,0.11757768504530619,0.9,0.0,0.7,18,0.3873110423689189,0.4050144277332576
1,12,0.7690490619494491,1.166838438881198,1.1589048289605772,0.728465607675431,0.5205012785603613,0.43004894763911,0.00034599773619433,0.11761452059903321,0.9,0.0,0.7,22,0.3627609087669706,0.3669661483213226
1,13,0.7754432723472896,1.173290603371183,1.1653293054525944,0.7376587237253783,0.47804693004110455,0.4300839095800341,0.00038142263077971,0.12723023986156098,0.9,0.0,0.7,23,0.3526511352130063,0.3868595843784385
1,14,0.8383776760022191,1.2390428095843766,1.2336955964255787,0.8003625837084561,0.5959367826763932,0.46023594265896456,0.00055976465566552,0.19133514366372814,0.9,0.0,0.7,24,0.3604090907287733,0.3681809542237821
1,15,0.8290531339091858,1.2311840344633471,1.224827350210668,0.8081636174415392,0.6213911424440985,0.46005112218928684,0.00058916289793307,0.19652566673436306,0.9,0.0,0.7,25,0.3245352016161735,0.371735224819154
1,16,0.942937194026195,1.348201911565885,1.3483445949638757,0.9545150483740587,0.6677471600804934,0.4748791964537273,0.00075323865202871,0.34213528735221804,0.9,0.0,0.7,34,0.3470165577567347,0.4132453790799933
1,17,0.8575414450280552,1.2653145816882958,1.2653748237116056,0.904809916111332,0.7375833143325526,0.4783354171023516,0.00074233605648885,0.2714410254035514,0.9,0.0,0.7,36,0.2699150996740633,0.305889753472491
1,18,0.8487553849465266,1.2565192829788763,1.256561398114699,0.9047450005257285,0.6131727581265318,0.47760100100826763,0.0007314588620472801,0.260111472919674,0.9,0.0,0.7,37,0.2754080720547137,0.3067359608711638
1,19,0.8382258135090002,1.2473544676923196,1.2504601170043135,0.9024482814305366,0.6095449671374291,0.4756705555878592,0.00076392199565901,0.25123785037711677,0.9,0.0,0.7,40,0.2750229547038954,0.315223982093969
1,20,0.839324261103104,1.2484437672810242,1.2515344178546057,0.906570974814566,0.6062619540040006,0.4765271099539756,0.0007608537236122399,0.2519325856312467,0.9,0.0,0.7,41,0.2740102147817546,0.3104593726708647
1,21,0.7170256234574763,1.1376475082686321,1.1685565472330754,0.8607767515242974,0.5086714393544443,0.4381840067974899,0.00042804010219423,0.15462739937112058,0.9,0.0,0.7,63,0.2095102667919781,0.2966191428955199
1,22,0.7907274948910408,1.2122547126217142,1.2460767438805909,0.9879223673373547,0.5823777751293442,0.46820071698969895,0.0006030658319035,0.22676596418574724,0.9,0.0,0.7,75,0.2545832353423875,0.2824003279748933
1,23,0.7484701542080836,1.1705327355298296,1.207094685487214,0.9556408846482454,0.5627883807662357,0.46827572110711896,0.00053404510201217,0.1739904065660421,0.9,0.0,0.7,77,0.2534294726041502,0.2686458874731035
1,24,0.7480583917565214,1.1699690912068728,1.2064480582980288,0.9462620648865278,0.5493375620256283,0.4682168942934844,0.00053697712285933,0.17458973216752013,0.9,0.0,0.7,78,0.2527768016550539,0.2712362998811817
1,25,0.7608944334983299,1.1825334615472776,1.218867601703133,0.9751503026463952,0.5678108668173169,0.468254822845299,0.00053410051402279,0.194811733358861,0.9,0.0,0.7,79,0.2511646326539036,0.2762148440959164
1,26,0.7608641050596878,1.183995745193026,1.2236321076499401,0.9843794447754355,0.5579098197057832,0.468254822845299,0.00053410051402279,0.194811733358861,0.9,0.0,0.7,81,0.2504870671907048,0.2762119231959066
1,27,0.7673075867008875,1.1873247587066844,1.222864117392249,0.9870287603657034,0.6263153789163651,0.46826500067448523,0.00058649588493282,0.21438249524286035,0.9,0.0,0.7,82,0.245265583928281,0.2551588742158161
1,28,0.747077346516269,1.169074101217862,1.2107845790683096,0.9995507528481007,0.5627703234124074,0.4681172519747061,0.00054590987923121,0.1912669107871537,0.9,0.0,0.7,86,0.2558751165153439,0.2495887091177665
1,29,0.7345092943987578,1.1578418673843953,1.202789459793932,1.0253227142958576,0.544173697730494,0.468266747814423,0.00056806158762128,0.1739834137445094,0.9,0.0,0.7,91,0.2842801142339302,0.2594763019384058
1,30,0.7301958265280373,1.1529451186103776,1.1976536162985003,1.0145675034903043,0.5575399675901966,0.46811173892014174,0.00056748491399375,0.1710195419437455,0.9,0.0,0.7,92,0.2747799124161666,0.2542884047477472
1,31,0.7300505474196718,1.1542945644402394,1.202306743054426,1.0246924151561696,0.5410068296447932,0.4680597957957957,0.00056701400475278,0.17090091919497352,0.9,0.0,0.7,93,0.2848569537936281,0.254358427754856
1,32,0.7435147116929801,1.1650682633485918,1.2093109921081813,1.045722002789893,0.5904332391430167,0.468090343925039,0.0005964047438245599,0.19583122893668325,0.9,0.0,0.7,94,0.2633017208299273,0.244748470793809
1,33,0.7545377208282851,1.1770288816217174,1.224368234220782,1.0604674568264514,0.5783856939751995,0.4681860723066821,0.00061209927753148,0.21400083071141518,0.9,0.0,0.7,96,0.2642842283230391,0.2459248433942153
1,34,0.752924945879534,1.1768894811762511,1.227524949323872,1.0789362006492407,0.5699577389180841,0.47277609005256654,0.00061834636012186,0.20590881751938042,0.9,0.0,0.7,98,0.2639071237750325,0.2549169838169409
1,35,0.7614651449631118,1.1852698858298247,1.2358470154019636,1.100854018349596,0.5806878764266246,0.46802742869845426,0.00061099066397469,0.22492200210738286,0.9,0.0,0.7,100,0.2636777344591127,0.2404688306740147
1,36,0.7565895926318933,1.1787349137356857,1.2259483453800533,1.102433563138833,0.5783118035151908,0.46807942678303305,0.00061200443596591,0.21859376913161377,0.9,0.0,0.7,101,0.2651638471848893,0.245655465490132
1,37,0.7740896996627651,1.1991405716871706,1.2529316728258384,1.1234749102991517,0.5943631372992535,0.47249026892419616,0.00065600319572529,0.2383234790366601,0.9,0.0,0.7,102,0.2648960085745306,0.2462929036253393
1,38,0.7571393408919296,1.179042069251709,1.2261683209524896,1.1370345646841635,0.5763178214888738,0.4680316927910289,0.0006055246596350799,0.22049069186268724,0.9,0.0,0.7,107,0.2710638756961893,0.2405199742931613
1,39,0.7743025935969731,1.198764842980881,1.2523470201132247,1.1554262661207872,0.5967157661183687,0.47271798841650803,0.00066608261170916,0.2408435311830968,0.9,0.0,0.7,111,0.2691667515001317,0.2441710497695396
1,40,0.7640626447626421,1.1883939468595601,1.2419303136254625,1.1714231771002797,0.5857615434671537,0.46828721284511954,0.00065108443812237,0.23245812847139563,0.9,0.0,0.7,113,0.2751071677834791,0.246050229738552
1,41,0.7637544892799695,1.1878661801944068,1.241326359445085,1.1921236344475676,0.5871360254912805,0.4680159901686611,0.0006533272494892,0.23327393828703516,0.9,0.0,0.7,115,0.2621085789181699,0.2425559957775515
1,42,0.7801200438907884,1.2072101471046865,1.2672746463629303,1.2677466523699024,0.6009656288979018,0.46822510549340557,0.00066337895842406,0.2564635499143664,0.9,0.0,0.7,127,0.2704482166643706,0.2471539825163573
1,43,0.7571154760839125,1.187147539830668,1.2538037617008289,1.2484539370451366,0.5794096093218417,0.4682769181067868,0.0006571432196273501,0.22376136484676365,0.9,0.0,0.7,128,0.2860800987652475,0.2474028510006152
1,44,0.808298550997848,1.2382515654125184,1.3048788820156154,1.3248766360521722,0.6305331513928085,0.47256897844573054,0.00068389410752477,0.2917125301597567,0.9,0.0,0.7,130,0.2687736311240719,0.248462345300526
1,45,0.7715584949971114,1.2012806602801025,1.2678308825305857,1.2651369268986925,0.5960470295697755,0.46828243502973244,0.0006426152464782599,0.2456438078304779,0.9,0.0,0.7,132,0.2648060207058532,0.2441574747547409
1,46,0.78120422828172,1.2092801062666312,1.272474834141207,1.3083789377274382,0.605192233577945,0.4680920510629332,0.00064427171964454,0.26025896284902933,0.9,0.0,0.7,134,0.2727647519293701,0.24729113729496
1,47,0.7897372329663018,1.217741360449134,1.2809118904818602,1.3206664232611935,0.6138718765566991,0.4680919940291998,0.00063924354615524,0.27273478246990895,0.9,0.0,0.7,135,0.2737880763586848,0.2460452576023782
1,48,0.7691924539549964,1.2000856809426044,1.2698306129355434,1.31655472959126,0.5932126337494736,0.4681067118837274,0.0006688457969381901,0.2437963394576546,0.9,0.0,0.7,137,0.2578998056086288,0.2441336342621299
1,49,0.7681154770350821,1.2034584512064916,1.2831041312966018,1.3558171624459425,0.5910783730857062,0.47259190989656635,0.00067869362707432,0.23667571816356722,0.9,0.0,0.7,152,0.2672684556606918,0.2403783958416807
1,50,0.770297134752933,1.2037762150202038,1.2799949353526296,1.3820827105638704,0.6025803481512858,0.46807077370174693,0.00066994811824117,0.2470306940528138,0.9,0.0,0.7,153,0.2721287152848007,0.2459302562719834
1,51,0.7754920808722967,1.2133986123706553,1.2995109521472048,1.4034934046194207,0.5997918066138815,0.47275677368195446,0.0006640252318361099,0.24869370108939923,0.9,0.0,0.7,160,0.2673586547787349,0.2409430849592709
1,52,0.7753794394153573,1.2161310842159823,1.3088042237208108,1.433291138269175,0.6004422896114047,0.472699280639931,0.00067481431832951,0.24919276960430764,0.9,0.0,0.7,166,0.2665837134923887,0.24180291965095
1,53,0.769745966825789,1.2118272190715125,1.3077505362608663,1.4388853743882946,0.5965924142504802,0.47258390722338545,0.00068060130478652,0.24193766929243146,0.9,0.0,0.7,168,0.2721467888901548,0.2525639501381289
1,54,0.7575577546781197,1.1953907057481623,1.2814788231965495,1.4630200680991992,0.5825808984228662,0.4681321906406974,0.0006947898161575201,0.22930225299853,0.9,0.0,0.7,172,0.2709133144952429,0.2352277611161059
1,55,0.7631989173450735,1.212427332263187,1.3247656011900766,1.4838870447225085,0.5898424669425615,0.46825664549286605,0.0006162567140501299,0.23945340936434972,0.9,0.0,0.7,178,0.2774041804871097,0.2262050170034867
1,56,0.7651619331824164,1.2142730363082823,1.326573648900958,1.5089833225461708,0.5918376714670689,0.4682217411023047,0.00062014415120411,0.24273891410274942,0.9,0.0,0.7,183,0.2815032979816682,0.2268064837978895
1,57,0.7620957557287278,1.2094003346429272,1.3182974329867643,1.536276276906507,0.5901733730635753,0.46830212302681706,0.00061702037964874,0.23938785689228023,0.9,0.0,0.7,189,0.2750137996829778,0.2244338466386834
1,58,0.7634089073392828,1.213624748296656,1.3291053980200505,1.5675742050139339,0.5908928221191228,0.4682960894532086,0.00061903950234944,0.24158683671063333,0.9,0.0,0.7,195,0.2773404782997873,0.2244250259975523
2,0,0.9606724838843782,0.9903673797264383,0.9895088392528655,0.3737830917450948,0.0,0.0,0.0,0.0,0.9,0.0,0.7,1,1.00269719571668,1.060828202190338
2,1,1.257845199174954,1.3663243550877593,1.3625738063948625,0.7647937631798838,0.5083572565955372,0.45060417133731834,1.236962834404e-05,0.004086446619919529,0.9,0.0,0.7,3,0.8393516481953667,0.9237743021080884
2,2,0.9826689730170668,1.2959785506128592,1.2804568269492334,0.7475094482118878,1.2837898679566004,0.4297076705832156,0.00030045921407510003,0.11912776242874626,0.9,0.0,0.7,4,0.5960276811951204,0.4440621186652964
2,3,0.9315337637623943,1.2738029320040358,1.2587642624804418,0.7397479280530694,0.575749333795083,0.4298235591766749,0.000307578136213,0.1303957144280574,0.9,0.0,0.7,6,0.5786514041209068,0.4079446209939489
2,4,0.9372603578634318,1.282852129652558,1.270900445702286,0.7540480004219903,0.4956446674634005,0.43403076237295984,0.00031232828902273,0.1392747288191477,0.9,0.0,0.7,8,0.5772228538948154,0.410495417425433
2,5,0.9572813755950078,1.3069634571336364,1.2979973936788798,0.7842407643715903,0.5253209658094503,0.44506181541320144,0.00036825325307723,0.16252252047321833,0.9,0.0,0.7,10,0.5733835808277542,0.4090556523559743
2,6,0.9565525246361329,1.306538892186346,1.2975349614983118,0.7796740790845406,0.5169349506981392,0.445061815413201,0.00036825325307722,0.1625225204732153,0.9,0.0,0.7,11,0.5719022146166318,0.4119031142299975
2,7,0.9293815399446942,1.307163487629022,1.2901998411342874,0.8140286698077095,0.8904300517400663,0.42950656578671526,0.00036253647478165,0.2601539292003178,0.9,0.0,0.7,12,0.4562611623260728,0.3268865796246652
2,8,1.0100933055815164,1.3950190918989076,1.3837138747415811,0.9162716976620098,0.6806809740242261,0.45335075601428293,0.0005098301602233,0.3659892850379118,0.9,0.0,0.7,16,0.4397275135650549,0.3132615327050809
2,9,0.7919573050658817,1.1908068911768024,1.1709341754118636,0.7587549537550019,0.8525707538162671,0.44599090170410716,0.00041023731106516997,0.22104067296976676,0.9,0.0,0.7,18,0.3024333717953745,0.2308181096153557
2,10,0.9049133840463326,1.3028540371176436,1.2839339530889702,0.8856510769373607,0.7745903079680558,0.4651224406328545,0.00058625796676849,0.39208017541859264,0.9,0.0,0.7,20,0.2813189315319628,0.2262148678550867
2,11,0.8826500966610199,1.2803007096799677,1.2637436210813788,0.872244734764062,0.7115623922355492,0.46494781643544286,0.00059417831858885,0.37305009598112765,0.9,0.0,0.7,22,0.2625186209160504,0.2129151429464312
2,12,0.9401233986278621,1.338409892289611,1.3247243483481292,0.9483074240363227,0.7485653908423462,0.5115291247331447,0.00061051921527769,0.40098661111252365,0.9,0.0,0.7,26,0.2567031342174225,0.2015796768486384
2,13,0.9356578964985756,1.3323940457477117,1.3180050984794918,0.9425079019093998,0.7915605601572373,0.5086629469743471,0.0006093586948484299,0.40735113850121485,0.9,0.0,0.7,27,0.2381203219129453,0.2089190881555523
2,14,0.9266084928943437,1.3220197161757585,1.3070867368365533,0.93706315498848,0.776281364709442,0.5043316483215637,0.00061078881541323,0.4068199726381771,0.9,0.0,0.7,28,0.2357346437106486,0.2041339767084419
2,15,0.9217579196912908,1.3165818787303099,1.301420855190935,0.9352512173857073,0.7515570421526756,0.5015137332611421,0.000611510914548,0.40632980443543854,0.9,0.0,0.7,29,0.2356876079787967,0.2019242563883608
2,16,0.8692709482026373,1.2532371980281236,1.2317802888087077,0.9040192239013132,0.8108519063087881,0.4665086883104275,0.00065028111168373,0.41091532480694815,0.9,0.0,0.7,31,0.2078534901350157,0.2118419569957363
2,17,0.7313791600793709,1.1155064060743345,1.099902051623071,0.7789325010026515,0.5805215941269112,0.488777373807135,0.00043472465020224,0.19339909525609342,0.9,0.0,0.7,41,0.2084676760144167,0.1846921522654653
2,18,0.7284979941438486,1.1124446702106583,1.0967934774396475,0.7635528496981273,0.5743634327967461,0.4994048498163995,0.00042892028425254994,0.17611189363339158,0.9,0.0,0.7,43,0.2099670860320898,0.1834323237191724
2,19,0.7555796688017349,1.1420677562467914,1.1329103247792676,0.8187749064218605,0.6047297303077315,0.4898873312323344,0.00047162555765591996,0.22826287562690595,0.9,0.0,0.7,45,0.2014141715155003,0.1850119472014979
2,20,1.3295508753761762,1.7077726695787738,1.6907185637572082,1.3771824117947462,1.2727186340639576,0.5793056739976108,0.00073234464138046,0.9463367856422107,0.9,0.0,0.7,46,0.1839341318623349,0.1998657031889982
2,21,0.9510898884929345,1.3264847993911062,1.3117598494952158,1.0061796866616937,0.8794350946065191,0.4981481781881114,0.00054710285429262,0.5194923687035616,0.9,0.0,0.7,47,0.1669939648834893,0.1842516805624648
2,22,0.9881746448372406,1.3624902157146896,1.3475293644610669,1.0460477716535619,0.858810335003,0.4890737445682239,0.00060297236727097,0.5863767962336849,0.9,0.0,0.7,49,0.1680204527863181,0.1773251408731578
2,23,0.9879552673674132,1.3622621852641155,1.3472994653103263,1.0458274714668867,0.8505526413288349,0.48885820658481843,0.00060303186330888,0.5863581841976123,0.9,0.0,0.7,50,0.1680310853885357,0.1773838845835183
2,24,0.8344514613847729,1.2056288361082792,1.190004272296283,0.9203127338423056,0.7077423729928412,0.4968542651513143,0.00045265504523289994,0.36292362413863966,0.9,0.0,0.7,57,0.171903288610747,0.1529391901007355
2,25,0.9347868536994832,1.308742028587273,1.299682696308467,1.0377924434577142,0.8028964822197597,0.4895808257213388,0.0005341389538036,0.5160295872979862,0.9,0.0,0.7,60,0.1715347058194452,0.1642447519538725
2,26,0.9859970444321045,1.357967573911101,1.345501969292716,1.0883431597086834,0.860683022686983,0.49217459300802463,0.00060449648826946,0.5867737962635937,0.9,0.0,0.7,61,0.1627725211702893,0.1828705527775438
2,27,0.9474215886635077,1.317062278227096,1.3071288854877627,1.0467461626720547,0.8734028389246233,0.5055815532825505,0.00053282737006703,0.5213527808795948,0.9,0.0,0.7,62,0.1544954467047469,0.1495952772425777
2,28,0.9468495221344437,1.3163400885067584,1.3063769886191359,1.0436609312496266,0.8216339266313638,0.5051086201604247,0.0005332006150834099,0.5214051678916967,0.9,0.0,0.7,63,0.1536985431066205,0.1496611892966611
2,29,0.998511103726103,1.366165239394876,1.3588586256872706,1.10555484403731,0.9200534978871555,0.4944359029727232,0.00063363391357866,0.6145668837887712,0.9,0.0,0.7,64,0.1587430603133185,0.1470069701784987
2,30,1.0513091504109338,1.418694574025574,1.4143568494457393,1.184743329781175,0.9338813283683599,0.5060162077725876,0.00064323619601456,0.6779734593332741,0.9,0.0,0.7,70,0.1619145147121571,0.1501255623538343
2,31,0.9168911306484235,1.2855696113337096,1.2844985560662106,1.068583878779805,0.7963447487514614,0.4830106527641946,0.0006274229684004,0.5158543334157899,0.9,0.0,0.7,75,0.1636712604631359,0.1584235143479242
2,32,1.0526573435298197,1.4138100881879434,1.4113664244642419,1.199430354862558,0.9868615878244615,0.5114359622351595,0.00066636493035284,0.6845083421038953,0.9,0.0,0.7,77,0.1615788596802786,0.1391711773348858
2,33,0.9688081660996014,1.3370153005699659,1.3510184852998655,1.214486525901227,0.8564456295780598,0.4817640733456304,0.0005993462944175901,0.6035351600558495,0.9,0.0,0.7,92,0.1527157665736211,0.1322381886520759
2,34,1.0500084633681497,1.4123852201411449,1.4192846304415532,1.2638258187746734,0.9568997661512628,0.5105006064033815,0.00066761895021288,0.6864412899639493,0.9,0.0,0.7,94,0.1595353446607966,0.1378227684516766
2,35,1.0799989191954646,1.4416556288073035,1.4484305994839017,1.2810333969339243,0.9723457975468353,0.5141822613448623,0.00068181583740321,0.7255167332132478,0.9,0.0,0.7,99,0.1617861325737865,0.1385199149026161
2,36,1.085945530094269,1.456132129694786,1.4826602081396236,1.3933073291437028,0.9772153536281086,0.5197839084166335,0.0006838437058962001,0.7274256520438758,0.9,0.0,0.7,125,0.1596749787954277,0.1387810765425558
2,37,1.0912394198002735,1.4589128005573098,1.4819616985688544,1.391734207040955,0.9952416065329412,0.5197961287446842,0.00068565174756198,0.7363081077813073,0.9,0.0,0.7,126,0.1590276181921175,0.138481377818868
2,38,1.0907218583437945,1.4612449267777146,1.4908794991526946,1.4379429994640038,0.9837227208493966,0.5197960029975209,0.00068631194230315,0.7357622126017018,0.9,0.0,0.7,128,0.1588651375340357,0.1384384752562728
2,39,1.0921689247594812,1.462683795760749,1.4923170000053383,1.436045530467275,0.9843151710299624,0.5197965050920988,0.0006862590861330599,0.7378394744290926,0.9,0.0,0.7,137,0.1589309642299616,0.1384540569318033
2,40,1.090657347768791,1.4626515208686406,1.495586864752866,1.4445544595064645,0.9828568354550435,0.5197962609381476,0.00068631547657274,0.7357058809045964,0.9,0.0,0.7,142,0.1588514068452695,0.1384365145199033
2,41,1.091639369470746,1.4618395650792928,1.491419152388479,1.4387646868024453,0.9875371744512773,0.5199377079023748,0.0006844522848679601,0.7373111553837931,0.9,0.0,0.7,143,0.1580466856575652,0.136978684682998
3,0,0.9305226788084358,0.9819507295626261,0.9803420370612588,0.36977489421431353,0.0,0.0,0.0,0.0,0.9,0.0,0.7,1,1.1235889883864492,1.0617700274324902
3,1,1.2048210003170463,1.3727266685190274,1.363290446530419,0.782594661784008,0.6052301078434525,0.43109641697209644,0.00040787322726129995,0.07860513829854132,0.9,0.0,0.7,3,0.7197902454396196,0.6730443985845096
3,2,1.1132398527364782,1.3156841603561995,1.3044438655055848,0.7351111912649472,0.5268076137775796,0.40522525636170525,0.00033069422523389,0.059294644354578964,0.9,0.0,0.7,4,0.7010887044177767,0.6354617119750107
3,3,1.0657643462015196,1.2823694622604633,1.270313014853104,0.7064666689960312,0.43616379848632003,0.38653516605191995,0.00028532780876174,0.048813122224664204,0.9,0.0,0.7,5,0.7002903740570261,0.6236309022021381
3,4,0.8585144758585983,1.201235689044529,1.182654559399773,0.666915578341832,1.083768411974261,0.4300640927930372,0.00010834434567357999,0.03235878571794017,0.9,0.0,0.7,6,0.4649554739960603,0.5253477545610601
3,5,0.8691978237587986,1.2349833645888741,1.213548853248345,0.724177718084821,0.6827770570116123,0.4279859178956254,0.00039432631050624004,0.12897589610550747,0.9,0.0,0.7,7,0.4631048857476466,0.4511368543623415
3,6,0.7908538684932511,1.161636245148254,1.1424746330845907,0.6556121497303605,0.4737981113159249,0.42977831076650047,0.00014834676667397,0.03629823516332601,0.9,0.0,0.7,8,0.3854976952268457,0.4326452013563502
3,7,0.8280821454002992,1.2066732714446213,1.1858873593832884,0.7149841422066195,0.5874559008979988,0.4279859178956254,0.00039432631050624004,0.12897589610550747,0.9,0.0,0.7,9,0.4240868026706013,0.4152135187504233
3,8,0.7545192395796442,1.1390560733375905,1.1204513127337914,0.6439583605059357,0.4578226787703743,0.4257772597343051,0.00015457421837811002,0.05109867359020148,0.9,0.0,0.7,11,0.3564733051961193,0.3775643950109065
3,9,0.7022150849519712,1.09802306096615,1.0747199295227787,0.63243765743648,0.7594912186677136,0.44126291978764587,0.00015489809810909002,0.04787582954581827,0.9,0.0,0.7,12,0.2684334988135323,0.3829897693904665
3,10,0.7008794018877235,1.0982508757096314,1.0771291178524565,0.6417063216739219,0.4788154127902025,0.4490370584693606,0.00016297920709795,0.05408202363154271,0.9,0.0,0.7,14,0.2900367724526521,0.3734092271403784
3,11,0.6384069585232752,1.0261753366770228,0.9973977447201723,0.6035636430955422,0.9849798695092791,0.46033096892402026,0.00018003901101381,0.059303166988339664,0.9,0.0,0.7,15,0.1710922582630198,0.2214122360738434
3,12,0.6404435704111235,1.0055232822662965,0.9736641333018461,0.6178936020963852,0.6524831135908398,0.4823333897046247,0.00030825419349225,0.10174141140308354,0.9,0.0,0.7,18,0.1266707829261803,0.1631886962666685
3,13,0.6437726471892341,1.0101252280997763,0.9815238516960537,0.6276997401947775,0.5106060891531705,0.4836142812188287,0.00031897308104190003,0.10529216092604551,0.9,0.0,0.7,20,0.1272585189144417,0.1620551750766754
3,14,0.6015566724335314,0.9289697242396673,0.8934100258930384,0.5792834267863021,0.9868549879534478,0.4824163856530396,0.00030854274297299,0.10242383106359604,0.9,0.0,0.7,21,0.0948109209730658,0.1096705984485954
3,15,0.6022612803852746,0.9306762285806094,0.898344116454348,0.5865611194974233,0.5096449709886861,0.48352754693792843,0.00030895316595775,0.10254044552934155,0.9,0.0,0.7,23,0.0941378767856238,0.1072677660654189
3,16,0.6047285682638694,0.929741579980208,0.8999564886211393,0.5899415112933974,0.5392420952940673,0.487312855188845,0.00038760308223,0.1063534435376627,0.9,0.0,0.7,25,0.100166025311347,0.1037434964655056
3,17,0.6090134348898381,0.9253932633465665,0.894286887435392,0.6078820533016202,0.5470015831862867,0.48820386213224376,0.00038500923984162,0.12017357184325082,0.9,0.0,0.7,29,0.1026560928242503,0.1064398477378622
3,18,0.5835595436938982,0.889547041297245,0.8600569255677677,0.5920437438735678,0.5621664714627994,0.4816625882963611,0.00032787528667488,0.10230823249095013,0.9,0.0,0.7,31,0.089451279566082,0.0981791078456523
3,19,0.5847195320004864,0.8921118585114066,0.8659139525398137,0.597178219124539,0.5067853514233954,0.48292964557216395,0.00032824950910968,0.10241456054402548,0.9,0.0,0.7,33,0.0894020030286571,0.0969183293459526
3,20,0.5753141925355607,0.8768930598211075,0.8467855046853323,0.5701500327621312,0.5411491802263046,0.47716702029377794,0.00031389547133816003,0.09990760092391043,0.9,0.0,0.7,34,0.0855068006245048,0.09545031365958
3,21,0.5528054957065186,0.8411569892625288,0.8123513967226991,0.5633526252936295,0.6233111950779254,0.4727548517200924,0.00028246050323869,0.08449981638490839,0.9,0.0,0.7,35,0.0769965928819205,0.0882501261887412
3,22,0.5414344270882177,0.8195254420767693,0.7924854807834218,0.5600955425305785,0.531902269559007,0.4744306882565227,0.00028196211191095996,0.07398223227572498,0.9,0.0,0.7,37,0.0737274416726452,0.0846799489878035
3,23,0.6167388196297734,0.8988281299900538,0.8847528019655923,0.6659869884828529,0.5575083869749067,0.47755309124406076,0.00031729932349759996,0.1788156200445794,0.9,0.0,0.7,44,0.0941222361741939,0.1173808676632643
3,24,0.5415947410627607,0.8225226358240563,0.808297936817038,0.5934253124000837,0.4855271420401515,0.4755346404065506,0.00028811432710146,0.07479715261279071,0.9,0.0,0.7,46,0.0740853157767943,0.0839172955566915
3,25,0.5822243859332016,0.851955233317873,0.8300777979275902,0.6385670701190781,0.5424876833690112,0.4841877811685759,0.00036898604108192,0.12669842331226425,0.9,0.0,0.7,50,0.0714489266772235,0.0717517458284178
3,26,0.5643646944680225,0.839476704929604,0.8338623001173572,0.6541130188835097,0.5094627265910948,0.4824971587289444,0.00037731586798858,0.1045761485227559,0.9,0.0,0.7,59,0.0723545597911298,0.0815269490911303
3,27,0.5654705866249212,0.8408240622831572,0.8383577266181966,0.6685340279688481,0.514513016937801,0.4861465472258022,0.00036457035788625003,0.10219035104882711,0.9,0.0,0.7,61,0.0724271705364465,0.0793869468642807
3,28,0.5633568302150218,0.8400701972428952,0.8408920764198238,0.6695732792893068,0.5075942634877046,0.4834840734518527,0.00036635448254644,0.10267206094866409,0.9,0.0,0.7,63,0.0717193472786432,0.0786978365815474
3,29,0.5731399442162679,0.8492877558946841,0.8500390359633876,0.6844804417186843,0.5194554430111946,0.49177117528840697,0.00035865469073573,0.10631665027838538,0.9,0.0,0.7,65,0.0712027234635695,0.0775527324408005
3,30,0.5744652902578629,0.8499383150755611,0.8506054712064617,0.6919871376717411,0.5244246388801299,0.4929385790303161,0.00036156143686999996,0.10709340995803353,0.9,0.0,0.7,66,0.0704655852206871,0.0766780201896591
3,31,0.5689321757127861,0.8375255971882305,0.8373408294525477,0.692861702439656,0.574788208974825,0.49223718440184844,0.00038296697425569,0.103917418649891,0.9,0.0,0.7,67,0.0714894119304233,0.0718811373927744
3,32,0.5634519442509269,0.8237227795908554,0.8225241037795421,0.6712319140520195,0.5832707500935971,0.4919673204096206,0.00034841503875654,0.10079701890613613,0.9,0.0,0.7,68,0.0687947133284225,0.0692135133166934
3,33,0.5591151846003238,0.8189064556005501,0.8207743193003632,0.674648304275715,0.5179512497669186,0.49035708709877834,0.00034147135399652,0.09767527504352443,0.9,0.0,0.7,70,0.0670028334187913,0.0689477156542038
3,34,0.5514851525101071,0.8119542321041457,0.8232796356098828,0.7140399514822129,0.5069182909642231,0.48587272309771007,0.00036525312204702,0.09444028750964124,0.9,0.0,0.7,79,0.0643130724516644,0.0687077565316883
3,35,0.5514851523873274,0.8119542319870628,0.8232796354927999,0.7150193839338049,0.5033937117461786,0.48587272294178735,0.00036525312254056,0.09444028754285201,0.9,0.0,0.7,81,0.0643130724224054,0.0687077565953797
3,36,0.5457822450806135,0.805555696249565,0.8167978389413291,0.7374511555233468,0.49936815986940125,0.47904846201556683,0.00036683043724801,0.09540808883697922,0.9,0.0,0.7,85,0.0645532419570674,0.070254551933153
3,37,0.5541308745636935,0.8145046268807354,0.8289447716642675,0.7512095855936893,0.5140272484318775,0.48718534485445086,0.00035009776545407,0.09731191107999669,0.9,0.0,0.7,86,0.0625986010760163,0.0684209826505603
3,38,0.5576925845143175,0.8174905426743182,0.8318620234692329,0.7647430764427645,0.5150714090984028,0.48604714967589313,0.00034795048621963,0.10414135417353279,0.9,0.0,0.7,87,0.0630910765327599,0.0718369537124158
3,39,0.5550642047763744,0.8137417310974684,0.831106836681438,0.7736005315315677,0.5193700670462995,0.48650172627551547,0.0003432652029667,0.10105861204066559,0.9,0.0,0.7,89,0.0653668391464048,0.0663121703730441
3,40,0.6874361440590662,0.950273306073266,0.9775148044229048,0.9879771487081543,0.6411862827072011,0.4868379811095607,0.00041739023105867,0.28988914939248256,0.9,0.0,0.7,113,0.0655741285239399,0.0701545663100833
3,41,0.687433481521305,0.9517733542393084,0.9823207896666848,0.997747807053982,0.641151663799665,0.48683798106297527,0.00041735435760011997,0.2898835052016687,0.9,0.0,0.7,115,0.0655741538555606,0.0701545682115016
3,42,0.5518831126336696,0.8157104227517706,0.8493248801554089,0.8588570803548499,0.5143984565904239,0.48768609079017244,0.00035710174528471,0.09609794173404859,0.9,0.0,0.7,117,0.0631311106345913,0.0669120766837831
3,43,0.5573048728503585,0.8250309574592953,0.8684909750751235,0.9038088576238876,0.512508545774286,0.49000536977055575,0.00034664422411967,0.1011429817377071,0.9,0.0,0.7,124,0.0643667106197367,0.0695109430701158
3,44,0.5571440585975879,0.8247902506521788,0.8682408063898415,0.9107367977477651,0.5119998124946452,0.4901013132972756,0.00034732179142827,0.10082745458961107,0.9,0.0,0.7,126,0.0647136273072112,0.0694112740101715
3,45,0.5622517230291348,0.8295692387689995,0.876109074603924,0.9220424709469226,0.5248958502158212,0.4924085717494243,0.00036431807881208,0.10601197114620542,0.9,0.0,0.7,128,0.0624145334816012,0.0674078824598234
3,46,0.5623214713350477,0.8296147937249223,0.8761517422733137,0.9292295574854957,0.5175584894866073,0.49237162127198325,0.00036309988186275,0.10617088618098088,0.9,0.0,0.7,130,0.0629404061558625,0.0675893414901672
3,47,0.5618177177817943,0.8283519588721051,0.8747996500692508,0.9318982718630142,0.5233255728369977,0.4929798783608266,0.00035929324860155,0.10501529850797206,0.9,0.0,0.7,131,0.0645439117781754,0.0668450566830032
3,48,0.561564884624093,0.8279705537462989,0.8775328356888562,0.9446300987076801,0.5240013677949559,0.49237162134485873,0.00036309988281471,0.1061708861917204,0.9,0.0,0.7,133,0.0613573703083604,0.065689912103012
3,49,0.6123268638364288,0.8886801937892159,0.961316889867865,1.174433351141622,0.5685017165274998,0.4844716160305074,0.00051108990119429,0.1890914649445355,0.9,0.0,0.7,172,0.0642469994948996,0.0657565368232127
3,50,0.6865245454714612,0.9681539726103332,1.050798608312691,1.3464421131202795,0.6434452854548515,0.48445392950836885,0.0006122060176653699,0.29475764665437015,0.9,0.0,0.7,185,0.0619443689554329,0.0705817247317255
4,0,0.9629356213797863,0.990988721058474,0.9901855593194192,0.3741760028969935,0.0,0.0,0.0,0.0,0.9,0.0,0.7,1,0.9990949624210448,1.0589599315371836
4,1,1.3404263427414884,1.3762262324039027,1.3718034270657486,0.7635222790008369,0.41197757587704337,0.42986847632407815,1.338903515802e-05,0.004827972874193751,0.9,0.0,0.7,2,1.201954081280457,1.169100962955094
4,2,1.2219780254322432,1.3497309363692467,1.345190054335179,0.7514608791630791,0.6373253031858708,0.4412614797281052,1.333660167583e-05,0.005060952053808806,0.9,0.0,0.7,3,0.957980259896314,0.9259707508716316
4,3,1.1830781670058665,1.3400052439677776,1.33081627500514,0.7532753622314294,0.5003227369692509,0.4300311695953525,9.336083860859e-05,0.029266877752483225,0.9,0.0,0.7,4,0.9163802708609592,1.0856347567940356
4,4,1.1358993185189596,1.317168959999327,1.3068275048196278,0.734135839439088,0.47727153380844933,0.4299568364338177,4.450705622674e-05,0.015211035080579735,0.9,0.0,0.7,5,0.8788243629643596,0.9545900212966916
4,5,0.8549591130993418,1.2007953549853043,1.1818332796845505,0.66908507458589,1.2379547263667252,0.4294048262070907,0.00010675452625551001,0.03868276551259291,0.9,0.0,0.7,6,0.4946121539737949,0.5267917775322173
4,6,0.8388917367982993,1.1896351898060977,1.1665875596074324,0.666062989180357,0.4680445469784268,0.42980455206528806,0.00014782651033669,0.03687040044713003,0.9,0.0,0.7,7,0.4970186666570683,0.5162864996362663
4,7,0.8008541169632372,1.1765605970197541,1.1527831004095943,0.6702900638051369,0.7207541555949236,0.45411582955177476,0.00012396374170558,0.04947203184852869,0.9,0.0,0.7,8,0.3892018017075074,0.4326085019984124
4,8,0.7674125081624171,1.1460139309777293,1.1215632035363525,0.6464623370232551,0.466880719633692,0.42967748753228274,0.00019761516721604,0.04804586839548271,0.9,0.0,0.7,9,0.3578890284928031,0.3958689187899187
4,9,0.7463369728152898,1.1359276898152517,1.1117928274595932,0.6483298510312437,0.6490073690434978,0.45795985900618225,0.0001200408599783,0.043049537564591914,0.9,0.0,0.7,10,0.370663207553446,0.378730049536237
4,10,0.6580417295274842,1.0535593375519943,1.026377415505889,0.594858580866225,0.6501196234449401,0.44394805405142723,0.0001638913901211,0.04307306667846375,0.9,0.0,0.7,12,0.2577508002984799,0.3112243910150087
4,11,0.5957278120024423,0.9813500406789479,0.9462737923234033,0.548614570919318,0.7259469872784683,0.4147824392823122,0.00021095176889188,0.05310682044929151,0.9,0.0,0.7,13,0.2476974054039878,0.2455110624430192
4,12,0.554198891471254,0.9179111993702899,0.8768101960217627,0.5165705468608938,0.6228293329995447,0.41900522775249655,0.00017301836080475,0.053615312517320164,0.9,0.0,0.7,15,0.1905304085177165,0.2255170747414902
4,13,0.5841158379309339,0.944154596561572,0.9052577559468625,0.5535048883137277,0.48979853493716374,0.4497420071867826,0.000266558678223,0.06709785915312576,0.9,0.0,0.7,17,0.1793196399378091,0.1892707618379744
4,14,0.5432412056319537,0.8957623964527041,0.855373421069878,0.5112693415551429,0.5232300378370905,0.4229833362772464,0.00019963744592361,0.05628605426283087,0.9,0.0,0.7,18,0.1647994944124364,0.1990431204373583
4,15,0.540137985399522,0.8764734542339556,0.8331814071005316,0.5102608176615985,0.5337091275943571,0.43519387836750084,0.00021189298885619,0.0595615747581489,0.9,0.0,0.7,20,0.1914956349378893,0.1414889606254638
4,16,0.5042944689430204,0.8098540774368932,0.7617581402822395,0.4658883407381038,0.7526979064469699,0.4233773215122739,0.00020083632614311,0.05658027254485814,0.9,0.0,0.7,21,0.1554054943118041,0.1328111601601604
4,17,0.5060934777539031,0.8033040584626059,0.7571056248813249,0.47019817434982214,0.4770749419382116,0.43267467804044046,0.0002057895867569,0.05569508569179253,0.9,0.0,0.7,23,0.1436386226333146,0.1185891836645967
4,18,0.5056979925213387,0.8017198092701705,0.755354726069986,0.46930121566943667,0.4401948117092034,0.43309320457574724,0.00020532411603453,0.05556472839934123,0.9,0.0,0.7,24,0.1440164279496263,0.1180318682009108
4,19,0.5115316378088778,0.8067092602869077,0.763323023650053,0.4808419822119027,0.4584185665771293,0.43652107194378553,0.0002267924498659,0.06137932015216232,0.9,0.0,0.7,25,0.1418185595068499,0.1140745927698399
4,20,0.5108373951082862,0.7751495750908332,0.7307621132852531,0.48209096500521675,0.5510992428481277,0.4479571109081127,0.00026861053855742,0.06847690490039339,0.9,0.0,0.7,28,0.1088466846182947,0.0888051582660136
4,21,0.5013217842294098,0.7371131692620924,0.6923314835327071,0.46771253111112115,0.5807837147461258,0.44776045919576885,0.00029408076214702003,0.07154960061654583,0.9,0.0,0.7,30,0.0924961961556368,0.0784963960422679
4,22,0.5007905164059528,0.7313995319756798,0.6860091974163132,0.46447946853218613,0.4942264663888148,0.4428140439688253,0.00034840780233408,0.07950231353337016,0.9,0.0,0.7,31,0.0899577595854794,0.0727119687103938
4,23,0.4985077937335388,0.7290992119147339,0.6868340011256212,0.47786337934120127,0.458672376022934,0.4482152849418067,0.00028773453349363,0.07002111762957011,0.9,0.0,0.7,33,0.0903585298653581,0.0762483333286852
4,24,0.503406883546267,0.7149082465887213,0.6704127782321163,0.4882164793956343,0.5402744658665568,0.4578524132478608,0.00032862048220235,0.0731042828636421,0.9,0.0,0.7,35,0.0802501792532669,0.0665696596137987
4,25,0.5028084092300282,0.715924819208492,0.6778811425848603,0.5062386681867134,0.46524456326403674,0.4576982551539929,0.00032542626259005,0.07302308877918819,0.9,0.0,0.7,40,0.0797791946485046,0.0665052323535689
4,26,0.48863748362097387,0.69718140332421,0.6648826184599729,0.5124698990216902,0.46099750427192415,0.446632097326264,0.00032466790481883,0.07007331292888577,0.9,0.0,0.7,46,0.0770461874434946,0.0686034699086666
4,27,0.5000981874440713,0.7031684743142605,0.6671129560634315,0.5308534908272795,0.4739669503020019,0.4552431726375971,0.00033199040277712003,0.07692898292024039,0.9,0.0,0.7,49,0.0764382638651223,0.063836821772805
4,28,0.5007154222914241,0.7048267908210161,0.672024917310254,0.5426614769388899,0.4661010223135332,0.455079270715121,0.00033235783642053,0.07819813651212904,0.9,0.0,0.7,51,0.077165155217064,0.0631728085713638
4,29,0.48558532549299027,0.6900821262731555,0.6604598023004756,0.5323303865388593,0.45818427584239546,0.44441074047339696,0.00032693202729421,0.07072813269778762,0.9,0.0,0.7,52,0.076901938284965,0.0677636874757663
5,0,0.9407117653853548,0.984824616185992,0.9834720653000991,0.37159212429631855,0.0,0.0,0.0,0.0,0.9,0.0,0.7,1,1.0830534953977555,1.063283298777294
5,1,1.2304460238701762,1.3365551520106909,1.3328992418200656,0.7367660273391219,0.4571815794928581,0.4174976399013355,7.251887426561239e-06,0.002607858624270618,0.9,0.0,0.7,3,0.9590234662935496,0.9758503448351128
5,2,0.9777633582034012,1.2815455888723872,1.2668627954368445,0.7296155080533838,1.208496179025862,0.43010137537360665,0.00031182568889529,0.08455679817980981,0.9,0.0,0.7,4,0.5197570640187078,0.4441522290790153
5,3,0.8875860117354133,1.2230981750231595,1.2088576442870909,0.7000673341402257,0.46823066674715563,0.42967279768450417,0.0001258128118171,0.045362019568750696,0.9,0.0,0.7,8,0.3802544880569072,0.5314950053471543
5,4,0.8544710720653079,1.2058456675388651,1.1932058383785893,0.6939756364018979,0.47766631661084474,0.42976151255368283,0.00013306951756394999,0.04578456981756762,0.9,0.0,0.7,10,0.3543624141619326,0.4924060669265522
5,5,0.85107428868525,1.2091081844880587,1.199111737489614,0.7043424799554696,0.4512642078762129,0.43011669205146535,0.00014895581105502,0.05845916857256762,0.9,0.0,0.7,12,0.359816524692753,0.4759211443648765
5,6,0.8343619709607263,1.1999842005228183,1.1923464141080624,0.7109668626365084,0.45991518794911007,0.43011669205146535,0.00014895581105502,0.05845916857256762,0.9,0.0,0.7,14,0.3435809285929482,0.4629456920583916
5,7,0.7982373481632572,1.1779131632333135,1.1605281376770638,0.7032364169381864,0.5525258509249471,0.46218363105506,0.00012318248923992,0.040251307105615614,0.9,0.0,0.7,16,0.3295378553404172,0.3947635667188487
5,8,0.5952834171010937,0.9863193906943915,0.9612633338398267,0.5806848889131416,0.7406036470958324,0.39200629197860365,0.00018361039731386,0.08140226443773103,0.9,0.0,0.7,19,0.2117528516909928,0.2683753149725521
5,9,0.5790472225131837,0.9641893370069723,0.9401911022050722,0.5730413858186681,0.4864353145463158,0.3945629374076339,0.00018284462104765,0.08038498859150317,0.9,0.0,0.7,21,0.1761204874777358,0.2378411177825874
5,10,0.5844879012337884,0.9622264592904411,0.9421064066381147,0.5986684038856401,0.4748558547802734,0.43252757430010513,0.00019133613100602,0.06828754402001161,0.9,0.0,0.7,26,0.2006708070878794,0.1912371093071578
5,11,0.5440563521670648,0.9152320863171345,0.893630785793294,0.5577846315292015,0.5090905767888633,0.3987247341886212,0.00020871730396049,0.06835485799185088,0.9,0.0,0.7,27,0.1719477340094592,0.1960246064121305
5,12,0.5948124823904897,0.9681236779361607,0.9529451803677061,0.6305815047485346,0.4630940051391377,0.4569703146075433,0.00022826732836744003,0.0677603444381359,0.9,0.0,0.7,30,0.2004549194875857,0.1769848868841041
5,13,0.587102387979993,0.9361237127730776,0.9163273050729269,0.6233268391650679,0.6386637793793638,0.477330992246275,0.00021353721534426003,0.06988385805164024,0.9,0.0,0.7,32,0.1720828194108671,0.1469919606195461
5,14,0.5997473870463372,0.9420345757281905,0.9180639175912618,0.6329478396314715,0.5546193568809311,0.43115465265097863,0.00028229838702166,0.15376348222750486,0.9,0.0,0.7,33,0.1403874278798016,0.1704782716950833
5,15,0.5896434098484687,0.9312471530719004,0.9102219050295558,0.6221468766952375,0.4998708527120316,0.4307021126264797,0.00026230394631135,0.142564695591727,0.9,0.0,0.7,35,0.1293671872890004,0.1635991983289527
5,16,0.5898834733856119,0.929364853244267,0.9110585969068461,0.6338918553340802,0.510841586186142,0.427008210396737,0.00028555874951908,0.15188401118849545,0.9,0.0,0.7,37,0.1342631924209299,0.1641893302323199
5,17,0.5577467980757039,0.8902061256216346,0.8707913097785095,0.6021463067865608,0.502226790479604,0.4271884863880346,0.00033768246575663997,0.11347908825122759,0.9,0.0,0.7,39,0.1228110697207228,0.1483957251570512
5,18,0.5555511141935378,0.884575585243365,0.8677097382970709,0.6118062694141313,0.4914074230326017,0.4296455680118441,0.00033340056494438996,0.11226025305210775,0.9,0.0,0.7,41,0.1140516801151447,0.1396708498321409
5,19,0.5526862971901028,0.8811384101965937,0.8672658689521761,0.6081526123252088,0.47459424381072,0.43283016366185584,0.0003354458008267,0.10611764759930307,0.9,0.0,0.7,43,0.1213675900287035,0.1407891344555606
5,20,0.5114162508899999,0.8322327661750968,0.8141275302633174,0.5990323934009611,0.43780700761916974,0.41268842115898813,0.00025238005665812,0.07915157736633267,0.9,0.0,0.7,49,0.1216347956477782,0.1328515695568949
5,21,0.5070904797608599,0.8221481136787846,0.8063159067330319,0.6001916618421743,0.46161850537558297,0.4126884211589882,0.00025238005665812,0.07915157736633267,0.9,0.0,0.7,51,0.1200737812430509,0.1294664869734164
5,22,0.53372860865706,0.8361504117115572,0.8247514115791821,0.628762646680211,0.537882770842681,0.4329696336398968,0.00031623971722601,0.10370148289073865,0.9,0.0,0.7,53,0.1104039365540064,0.1210312104495728
5,23,0.538962765577507,0.8387449544514026,0.830087848413183,0.6347073423729374,0.48957061108513117,0.43598785901116915,0.00033264494189014996,0.110418997551843,0.9,0.0,0.7,55,0.1064921825423677,0.1156340512395556
5,24,0.5381952047870726,0.8357174195259618,0.829872510432168,0.6407946943059122,0.4872135267048032,0.43612105225996667,0.00034037290256254003,0.11168772321128397,0.9,0.0,0.7,57,0.1072489787003531,0.1124430280333485
5,25,0.5492611330411469,0.848591811102208,0.8523115834100984,0.6862640060105171,0.4877797276545015,0.44969376834802893,0.00032696348508615,0.11184321873498713,0.9,0.0,0.7,62,0.0998042166282488,0.1111819003133621
5,26,0.539222260934672,0.834336319700714,0.8375039206958531,0.680667679344106,0.4940369374593001,0.43911139735571014,0.00033492153227569,0.11393436913861794,0.9,0.0,0.7,64,0.0935579052546941,0.1053849424230811
5,27,0.5368176493323512,0.832084947828149,0.8383830253416589,0.6935970463052162,0.4792158640675047,0.43780923023864216,0.00033404306865879,0.11305590498081952,0.9,0.0,0.7,66,0.096095621889235,0.1034594920553927
5,28,0.5361211130526229,0.8149923994446235,0.816084354812853,0.6890365780545623,0.5226936526948159,0.4422298865989247,0.00033270435631551,0.11555886807505225,0.9,0.0,0.7,69,0.0931977303676058,0.0961468242382429
5,29,0.5312605152109081,0.8097489122034597,0.8139107445972068,0.689647979282973,0.4829392665032758,0.44119312077105466,0.0003308797423756,0.11103612441550566,0.9,0.0,0.7,71,0.0916405275627826,0.0958678653774589
5,30,0.5309571376611626,0.8083768512265654,0.8124053053939939,0.7067023459686588,0.4772274680642993,0.4377319036095774,0.00033772496859743996,0.11566406014347379,0.9,0.0,0.7,75,0.0931869455485111,0.0925765787621402
5,31,0.5308713176821838,0.8093703854501626,0.816652026115706,0.7156358781509453,0.47681179199343715,0.4382871924003251,0.00033878305035044,0.11506626750904296,0.9,0.0,0.7,77,0.092900383408024,0.0930669353625039
5,32,0.5268259879319637,0.8061673837603128,0.816672754827443,0.7278405986560772,0.47404539519185984,0.4355462013885282,0.00033614900590886,0.11318360671350707,0.9,0.0,0.7,79,0.0921153224570749,0.0921585047315986
5,33,0.5285557093695172,0.810053374006161,0.8270650791216586,0.7648400319059142,0.4741857096897143,0.43749585978069433,0.00034394857432584,0.11362240609289795,0.9,0.0,0.7,87,0.0925887326262772,0.0930139645421531
5,34,0.527740038241432,0.8095556071788088,0.829726273350577,0.7701875552066383,0.4779939105503841,0.4316352821925303,0.0003455244135606,0.12065347886776533,0.9,0.0,0.7,89,0.0925264608896832,0.0936514098552694
5,35,0.530733291263361,0.8094933137254886,0.8230458810230853,0.7822087885413049,0.4761909524041528,0.44049379245196746,0.00034249311549259,0.11357205880918858,0.9,0.0,0.7,91,0.0912348212886049,0.0936879659288716
5,36,0.5303076502346763,0.81130672130657,0.8344966319779575,0.7918368265237535,0.486037438404463,0.43868126605919555,0.00033236048165436003,0.11654222501855475,0.9,0.0,0.7,93,0.0913984271482407,0.0935603710874675
5,37,0.5264576683125516,0.8092354065838371,0.8388860940982554,0.8008654861599656,0.47560377382132596,0.43628340165362467,0.00033346797051989,0.11479073948014687,0.9,0.0,0.7,97,0.0914377147483254,0.0940291914082774
5,38,0.5259536797526994,0.8083928355348546,0.8380018715523802,0.8334464003270273,0.47359266072848316,0.43690299261703924,0.00033127201130848,0.11345796941091753,0.9,0.0,0.7,100,0.0913831756183589,0.0945759818356228
5,39,0.5252934333908951,0.807139810006567,0.8366760025693885,0.8442557914635068,0.47345661385084387,0.4358501424365974,0.00033526778162146,0.11418922621008201,0.9,0.0,0.7,104,0.0913713087296129,0.0946525353329099
5,40,0.528650394770184,0.811832974044544,0.844654662470833,0.8475324708234645,0.4763056994188247,0.4368402964123778,0.00033809295501858,0.11779959151300257,0.9,0.0,0.7,106,0.0912806301612513,0.0945487346471318
5,41,0.5275546939795834,0.8076605372975184,0.8338615731118304,0.782134453209589,0.47468444463396386,0.43573482963734916,0.00033397666634458003,0.11769827102584639,0.9,0.0,0.7,111,0.0920327696125136,0.0953694981214468
5,42,0.5314704787718058,0.8299783906706377,0.8990177333149862,1.0924522212430707,0.47908644637643316,0.4487508397739091,0.00033502482296134,0.10713890691724161,0.9,0.0,0.7,154,0.0934724772534113,0.090357589328276
5,43,0.531627139844402,0.8300733079126752,0.899105086548807,1.103757483180714,0.4793142645282703,0.44872137075966706,0.00033490111961449997,0.10743363717110602,0.9,0.0,0.7,156,0.0935035720086612,0.0894750212971066
5,44,0.5314659244255923,0.8312527854240711,0.9035706413744368,1.1181773821776066,0.4796247415340049,0.4440928362063347,0.00034218784031217,0.11323936293892463,0.9,0.0,0.7,158,0.0927434377048183,0.0884882674775575
5,45,0.5303333252506012,0.8327310456961946,0.9147348419894911,1.1424515795590455,0.4811728582705389,0.44250040876184477,0.00034402216755353,0.11466902792084512,0.9,0.0,0.7,164,0.0946535887192453,0.0875945346497083
6,0,0.9287843492826371,0.9814574163804997,0.9798047502222643,0.3681491036686368,0.0,0.0,0.0,0.0,0.9,0.0,0.7,1,1.1308005547727409,1.0611955391313597
6,1,1.1756863071613908,1.2841078416289444,1.2803596087143498,0.6846995739513624,0.39858804620267396,0.3603930962263588,7.108088242445401e-06,0.00258303327642783,0.9,0.0,0.7,3,0.9744132840821812,0.976066119321542
6,2,0.9584902630374061,1.2736465505765662,1.2579552220543144,0.7258773677190992,1.2752448331872885,0.42998741036833077,0.00033259791268275003,0.0895837388113363,0.9,0.0,0.7,4,0.6176692593019328,0.4421831543280665
6,3,0.8480298614059697,1.1972749593162284,1.1778766264555398,0.6690599334488189,0.543041691774581,0.4298434560426069,0.00011553111120563001,0.04008251062273504,0.9,0.0,0.7,6,0.5327738065038727,0.5239945965372743
6,4,0.7825040152687053,1.1588815632225404,1.1386067345698765,0.652281102341341,0.5666478977953315,0.4283723115549951,0.00016171135710128,0.05201360318974542,0.9,0.0,0.7,8,0.4398487873930588,0.426577127626814
6,5,0.7708590026233608,1.1495872145212167,1.1251075199945764,0.6501578928335313,0.4861189630846239,0.42277500216002645,0.00020297501094418999,0.062489385731484035,0.9,0.0,0.7,9,0.3639471306212865,0.3986580545098654
6,6,0.7519965640272076,1.1364311528207702,1.110349406474925,0.6455786955478071,0.5397596478690014,0.42898790771781203,0.00019907474807853001,0.06138462931566767,0.9,0.0,0.7,10,0.3510239270006267,0.3743593274562065
6,7,0.7416286032274844,1.128271121720881,1.1014144842073226,0.6425845848985487,0.48314361391650945,0.4300917119664362,0.00019656958548785,0.06072809999081256,0.9,0.0,0.7,11,0.3478112275120791,0.3630265351441569
6,8,0.7304298054471667,1.1205465553590361,1.0961840762429569,0.6401382711853406,0.48571471182869885,0.43003040453613334,0.00019527257512926,0.060633932512782186,0.9,0.0,0.7,12,0.3466278162061866,0.3480761639204771
6,9,0.7258519842376542,1.1165112534753083,1.0918812569181153,0.6392858897166139,0.4468412193285826,0.4294522011760174,0.00019276694819021,0.05990080815699773,0.9,0.0,0.7,13,0.3516167129062854,0.3435285760479696
6,10,0.7748043911178064,1.1695160761917203,1.1466196104698334,0.7022188750702445,0.6064942759278107,0.46797087865252746,0.00035154990306222,0.10915192331121655,0.9,0.0,0.7,14,0.2892614315612568,0.3047221966796335
6,11,0.7555038168576065,1.1534282880390543,1.1369960417952094,0.6958419961161855,0.48361049634855685,0.46245612546177867,0.00029410456234661003,0.091328921178737,0.9,0.0,0.7,17,0.3159161222925716,0.316205613309107
6,12,0.7334408595650841,1.1300564210788775,1.1100332472694356,0.6783992372774539,0.47104143714293895,0.458726881467846,0.00021193243233269,0.0694517121449794,0.9,0.0,0.7,19,0.315589563599896,0.3229176339197633
6,13,0.6875440965686277,1.0855519599664762,1.06496708961417,0.6427194697979712,0.4675167697262477,0.428319772602559,0.00016141551271634,0.053971313818146925,0.9,0.0,0.7,20,0.3145840108798837,0.3386107564386904
6,14,0.7176788270077682,1.1149572142574338,1.0940391826008133,0.6783099843322354,0.4622874857097261,0.4294777887409887,0.00026943306849725997,0.09983023123026345,0.9,0.0,0.7,23,0.2608166316769524,0.2671891889934343
6,15,0.7274123450907756,1.1242663565012814,1.100515333939013,0.7017361948409366,0.6933246894485819,0.4595942838277467,0.00033410337279218,0.11981489289448038,0.9,0.0,0.7,24,0.2175707120742446,0.2522015182630718
6,16,0.7191915168499123,1.1173694471247413,1.0965704756681312,0.7041470034364088,0.5057304628436999,0.46015128831565555,0.00034278009625804,0.11276961682919262,0.9,0.0,0.7,26,0.2269559655519805,0.2489811978499752
6,17,0.7340541767914106,1.1335962099967019,1.1181599638135302,0.7412678463515516,0.5630048596386851,0.4813247374785524,0.00036743269621703,0.12445161310519101,0.9,0.0,0.7,28,0.231374836259321,0.2574626194570713
6,18,0.6900256427585497,1.0881595360742211,1.0718629547232603,0.6993769651008426,0.5439686982833234,0.4596952455717065,0.00029784145778294997,0.1011401809126465,0.9,0.0,0.7,29,0.2350368545637075,0.2478818732813213
6,19,0.6895002426892624,1.087082273023222,1.070489199066008,0.7022084325499555,0.5072703046330534,0.4601101983356693,0.00030774742261487,0.10382027717033197,0.9,0.0,0.7,30,0.231778161319065,0.2326912971344095
6,20,0.7105580395542979,1.1081482487352905,1.0967002860561883,0.7551598900017311,0.5306643893067966,0.45885354847234705,0.00041649829164618995,0.15474195789488054,0.9,0.0,0.7,41,0.2016444348249284,0.2445493206203733
6,21,0.7544370732694741,1.151674842940495,1.1401440823563964,0.8101774856254886,0.5672637463109995,0.48155760362748284,0.00046195262367644004,0.18905852164346348,0.9,0.0,0.7,44,0.1888931695987875,0.2453020806308782
6,22,0.7040371607072774,1.0994374119999983,1.0872271439903216,0.7607350992503285,0.56766341085755,0.46026337123826916,0.0003791423721871,0.1527037866824695,0.9,0.0,0.7,45,0.1956475521483432,0.2363305437811463
6,23,0.7241847319731597,1.1193400718847812,1.1098326732168573,0.8063645946476613,0.5877209596415374,0.46785905294686625,0.00057398010155011,0.1788875980749674,0.9,0.0,0.7,46,0.1660688745758696,0.1932387043675814
6,24,0.7177842518739824,1.112372030572836,1.1026741583922675,0.8030695029678833,0.5480510598543982,0.46760688872720046,0.0005754123811355101,0.1723104258499957,0.9,0.0,0.7,48,0.164754689173123,0.1946117383544349
6,25,0.7062891519234916,1.100056856403,1.0900897370550238,0.7892786414028256,0.5508188191061276,0.4683991343361972,0.0005590677240844501,0.1580141223983751,0.9,0.0,0.7,49,0.1599397798534381,0.1801827254427137
6,26,0.7116305310377651,1.105718249225607,1.098683125193411,0.8059016501644243,0.5663865429825594,0.46797400825934027,0.00057757587644303,0.17049334558705254,0.9,0.0,0.7,50,0.1537867091486671,0.1765750164390943
6,27,0.7089575440649014,1.1027528724220674,1.0956237234934154,0.7978850367617691,0.5452227319569308,0.4678936902657517,0.00057484299388525,0.16786695882796776,0.9,0.0,0.7,51,0.1532868956128076,0.17618758482757
6,28,0.7063711142656774,1.1015873151164024,1.0977463907254914,0.8061419699883775,0.5363914354154559,0.46816542497364994,0.0005862159353846399,0.16398778712624548,0.9,0.0,0.7,55,0.1561806911248475,0.181612247952002
6,29,0.6889138273194915,1.0807267668561327,1.0758880955361683,0.8245744756706255,0.5956424499741944,0.4660124110101362,0.00055601593284994,0.15294701957400486,0.9,0.0,0.7,56,0.1933275495393846,0.1730199524137979
6,30,0.6819473594839921,1.0710349783839943,1.0654342574686866,0.8033238710103326,0.5789904864970167,0.46755645785332295,0.00053513026809058,0.14933056955975718,0.9,0.0,0.7,57,0.1541261290158002,0.15478180746528
6,31,0.682802832378314,1.0714059361672228,1.0657078968013118,0.8279494122854529,0.5324912566475971,0.4684079650436899,0.00059029539131498,0.1503255366594803,0.9,0.0,0.7,58,0.1886960657952936,0.1661756362156203
6,32,0.6671348476029528,1.0522436900381402,1.0486143866129403,0.8274211135413321,0.5414140934901548,0.4682699194929992,0.00053093455592825,0.14080964050223055,0.9,0.0,0.7,62,0.1662334899516256,0.1392308443844473
6,33,0.6578385657914855,1.0458078568532425,1.051719792963971,0.8546141772216058,0.5184167000199972,0.4675145219950908,0.0005827890885993,0.13217655726497574,0.9,0.0,0.7,67,0.1672892495327569,0.1726609828915295
6,34,0.6590168298330588,1.0481325381664988,1.0572688767886513,0.874165458113638,0.5161435845082678,0.4674907005467909,0.0005912927760980699,0.13468646437835044,0.9,0.0,0.7,72,0.169752385201986,0.1673108705336589
6,35,0.6608335644549712,1.0517644350420756,1.067239544792401,0.9605472031650789,0.519612986454543,0.4716772045287602,0.00048799504444374,0.13457195997200622,0.9,0.0,0.7,93,0.1791206826279107,0.1387463235476544
6,36,0.6551459040134346,1.0426878425706094,1.0574206814436482,0.9545227126422648,0.5690908446872094,0.47227273150825605,0.00047185177731716996,0.13273667534374875,0.9,0.0,0.7,94,0.1755138100291598,0.1307551040823139
6,37,0.6536633833567199,1.0400708445901277,1.0545611638002415,0.9529057386023413,0.5348286664828049,0.4718107098649946,0.00047422809191653,0.13347920987840428,0.9,0.0,0.7,95,0.1710313368070584,0.1283090359757667
6,38,0.6529753962844985,1.0404070554725433,1.0581023740401083,0.9720413875416817,0.5215026217208949,0.47177798192883896,0.00047142482587223005,0.1334708347220795,0.9,0.0,0.7,97,0.1671521588324661,0.1287840532825959
6,39,0.6478614381297401,1.0440350317904057,1.084503086516474,1.1892156312072284,0.5158834750628619,0.47308683418502817,0.00044780251496406,0.12784149929663552,0.9,0.0,0.7,138,0.1520513836509565,0.1290763952795795
6,40,0.6483663840636674,1.0458569747397117,1.0895928547223799,1.185405458583125,0.516879909399137,0.4725677109068206,0.00045607061732424,0.1295734602460692,0.9,0.0,0.7,141,0.1554032312633706,0.1292630712870872
6,41,0.6552127679309298,1.0570128260184932,1.110626614526566,1.3212753364250758,0.5232192845186038,0.4760779136551323,0.00052233665201911,0.13519082082642794,0.9,0.0,0.7,164,0.1547334696401391,0.1333354192297026
6,42,0.6565478777490588,1.057997201164804,1.1115389106030558,1.3296865028139946,0.5273886362215097,0.47599452757137606,0.0005077382346901701,0.13785975651415341,0.9,0.0,0.7,166,0.1582596688115836,0.135165289307497
6,43,0.6535943021371997,1.056351775780714,1.1131599265143335,1.3195742212775454,0.5248919622789353,0.47601866770082407,0.00051517943143223,0.1339632130223029,0.9,0.0,0.7,167,0.1538974749871487,0.1349801576433603
6,44,0.6535614277159084,1.056298917063811,1.1131029348657147,1.3231029565949144,0.5224670449349703,0.4760172861804475,0.0005148107783667099,0.13395504933517155,0.9,0.0,0.7,168,0.1539321521178293,0.1352898910076442
6,45,0.6537991132525842,1.0558409517628313,1.1125031953210398,1.319665353046629,0.5331204873462919,0.4762545554469158,0.00051391508164458,0.13526890090377625,0.9,0.0,0.7,169,0.1528910959812742,0.1387702855591981
6,46,0.6522647647694515,1.0556331271447355,1.1155658452043453,1.3523192850224104,0.5226072564235873,0.4754291761186951,0.00051368115038376,0.1344524455223337,0.9,0.0,0.7,173,0.1561624353477429,0.1393663545248112
6,47,0.6552424938211211,1.0645254238312334,1.1376636463062635,1.4105627094878406,0.5251779654886969,0.4760434478135055,0.00050492804097455,0.1380636239963985,0.9,0.0,0.7,185,0.1539770079059406,0.1353776485872398
6,48,0.6522553538573272,1.058514056887678,1.125035942123196,1.429342219313959,0.522176456515052,0.4755303293406143,0.00051883176611856,0.13450407852702692,0.9,0.0,0.7,193,0.1570888392319146,0.1375529641913777
6,49,0.6548174312807176,1.0624777050499017,1.1322853875425651,1.4403271488390066,0.5254967642327771,0.47621868930363,0.0005180752785206701,0.13745585578683375,0.9,0.0,0.7,195,0.1556228206151714,0.1359699759244983
6,50,0.6486369225981464,1.0637965227232105,1.1531372148201458,1.4911604827148517,0.5412273996667938,0.47594246473041013,0.0004938926974475701,0.13165283605524705,0.9,0.0,0.7,196,0.1543067127201513,0.1232252281836566
7,0,1.0,0.9994667552084163,0.996247390932351,0.38574002217678494,0.0,0.0,0.0,0.0,0.9,0.0,0.7,1,0.8440036815950732,1.0612590918865954
7,1,1.240808562160627,1.3345443860382364,1.331373936149309,0.73062081944914,0.48266755147396084,0.4082036584740356,1.162352495873e-05,0.0039037288951386745,0.9,0.0,0.7,3,0.7513722056396336,0.9223982010617702
7,2,0.9820934047750401,1.2817272373410518,1.267392686445202,0.7283627662782365,1.2142630042853906,0.42557579477693575,0.00029647502382883,0.08505323036457632,0.9,0.0,0.7,4,0.4951314226648805,0.4491935655788708
7,3,0.8933297064039004,1.2200164616718914,1.2032079133180835,0.6783866832160411,0.49413219394519425,0.4285127293079973,9.973356299386e-05,0.0327720348148815,0.9,0.0,0.7,6,0.4549228668391893,0.5699596833215717
7,4,0.7948812000275443,1.1670040018383097,1.1476083653614124,0.6537996559817879,0.6241856213116238,0.4300147479567367,0.00015609613481259,0.04741359576314953,0.9,0.0,0.7,8,0.3722815511788879,0.4249028884729962
7,5,0.7719683213258773,1.1546688850830147,1.1328512682108853,0.6575056618898261,0.6017482515871349,0.4297944514668551,0.00024625875426303003,0.06889482704167098,0.9,0.0,0.7,9,0.3387553867332161,0.3331252903180812
7,6,0.8298525237325665,1.2208048322390959,1.2000286736183225,0.7379294733462627,0.6033269101670791,0.4762798735834068,0.0004923895217659299,0.13775384773920069,0.9,0.0,0.7,11,0.3591184523827666,0.3049390664108134
7,7,0.8168526983656224,1.210856615040189,1.1926536106003203,0.735202595587137,0.5471595601799152,0.476508666216096,0.00046273165197805,0.13284460196138767,0.9,0.0,0.7,13,0.3476551039986972,0.3068975406020088
7,8,0.7837842938829224,1.1826475688486324,1.1698970119695395,0.7333309058159848,0.5150804640662215,0.4555203790567814,0.00033369342594892,0.1338172209538759,0.9,0.0,0.7,20,0.284112659341502,0.2903787624826848
7,9,0.7784985553316355,1.183611335601336,1.1793081150399964,0.7852022628600798,0.5281285177420588,0.4665012724486821,0.0003348087556421,0.13819745398468547,0.9,0.0,0.7,29,0.257311459714135,0.2470089050618299
7,10,0.7689150392552307,1.1754193616107749,1.1736539138639066,0.7882147449500986,0.5408906714387917,0.46576118530416005,0.00031782710155735,0.13760981798776162,0.9,0.0,0.7,31,0.2593838707699569,0.2558480877252682
7,11,0.7683519779898623,1.1733955206966462,1.1679352636537716,0.800653682870348,0.5283267107127938,0.46678516454714497,0.00033864250851567,0.14178346257849161,0.9,0.0,0.7,34,0.2580059760121202,0.2493797309705583
7,12,0.7643718951473423,1.1709063579178358,1.1685468249977353,0.8111337200192326,0.5223804128127589,0.46650221802290426,0.00033711333771245,0.13973181520434821,0.9,0.0,0.7,37,0.2445961821181721,0.2532327624831912
7,13,0.7620537877367625,1.1700857636166222,1.1710314343395902,0.8013751501651433,0.515358701661598,0.46565768989796585,0.00031383403110631997,0.13750881256710595,0.9,0.0,0.7,39,0.2512373832457947,0.2526239462355867
7,14,0.773481762486255,1.183012333439237,1.1872602439923075,0.8179888790842869,0.5270332911688869,0.46584319669622315,0.00039541353543004,0.15364700603804432,0.9,0.0,0.7,40,0.2522020803049617,0.253215064885407
7,15,0.7652803510120548,1.1732794236840551,1.173991534683197,0.8273992501171518,0.5370905911659721,0.4671642934126012,0.00033924992105882,0.14387766997706375,0.9,0.0,0.7,41,0.252133949386805,0.2407081170628814
7,16,0.8142666595994652,1.2247974540698263,1.2310526475605486,0.8961965260990565,0.5964290206856062,0.5024863669813995,0.00050642490422376,0.18489350411527716,0.9,0.0,0.7,46,0.305257407817556,0.3256620222776796
7,17,0.7782281763059298,1.1926066537726523,1.2078823229446687,0.9195654978501817,0.561310472463464,0.4669834335935943,0.00038169872507189,0.19248993577628545,0.9,0.0,0.7,56,0.221763373571352,0.2524546903934679
7,18,0.7337440097819756,1.1446049308336461,1.1551804441387024,0.8819167536886428,0.6196622533898153,0.46534985653937955,0.00041267344479466997,0.15051140560662965,0.9,0.0,0.7,57,0.2359893202998242,0.2571347324428605
7,19,0.760804885521631,1.170411101104452,1.1828545357580547,0.9184011089494194,0.614293785037186,0.4671493674229356,0.00040833906117553,0.20596392766537994,0.9,0.0,0.7,59,0.2141814173748632,0.2112845820497652
7,20,0.761851228569852,1.1654153308336126,1.1646155232809943,0.8578650889865337,0.5673222293232175,0.4675424502396591,0.00041084573475665,0.20722827973264887,0.9,0.0,0.7,60,0.2141384713897758,0.2109046816161538
7,21,0.7702930868921645,1.1799107662097283,1.1950158652929586,0.9201635143798026,0.5852108402801104,0.47523069052012845,0.00042437352629365,0.21732156775357694,0.9,0.0,0.7,68,0.1984418392003768,0.2307302818558712
7,22,0.7659255315103004,1.1769724514826363,1.1953544804878713,0.9247385311614928,0.5762103763614265,0.47512437817239667,0.00042494402069279005,0.21157776513386692,0.9,0.0,0.7,72,0.1975128048684098,0.2295920842689716
7,23,0.7626571648238846,1.1747242284692658,1.1961515216528538,0.9687271942706754,0.5942140112604858,0.47921470489831597,0.00049667203439939,0.20513598480368328,0.9,0.0,0.7,73,0.2373972314670674,0.2717080127632055
7,24,0.7642168939645578,1.1756253982105465,1.196861856943411,0.9326891972183321,0.5897833623442252,0.470290319289444,0.00043048715123576996,0.22095668390297038,0.9,0.0,0.7,74,0.1967139171648289,0.221500026547661
7,25,0.6803950451753183,1.0404901031090126,1.0531004034090563,0.8918609795667434,1.4000134740671162,0.4904005154002168,0.00044206134134209,0.19114884694019343,0.9,0.0,0.7,75,0.1456954354839801,0.1423692335306736
7,26,0.6817536955492032,1.0397839334410521,1.052051550438619,0.9124072256990778,0.5822401418805514,0.5000131517094153,0.00045973865025485003,0.18327346958177576,0.9,0.0,0.7,81,0.149064638363533,0.1467995444732423
7,27,0.7023899306074461,1.0619781136871942,1.0806192857333041,0.9545271077102225,0.6042721547001441,0.4923629073027116,0.00048015883443078,0.22433796990761518,0.9,0.0,0.7,85,0.1428439659850807,0.133812338078422
7,28,0.6795522507167693,1.04059997056301,1.0625405601206117,0.9452158327193655,0.577431255149683,0.499362478389682,0.00045693199114509,0.18275416612902515,0.9,0.0,0.7,90,0.1454378208479284,0.1431020615424941
7,29,0.6797523415887937,1.0460644922295055,1.081107114136139,1.0248793098011832,0.5786050392688196,0.49937043788781255,0.00046146499659026005,0.18390639557851046,0.9,0.0,0.7,109,0.1479817485427113,0.1451934856378824
7,30,0.67929579640295,1.0432749860927215,1.0748763008521012,1.0273439764028853,0.5877876440762266,0.49934195451790536,0.00046547066385319,0.18427632008990824,0.9,0.0,0.7,110,0.1504109349124352,0.1456536976521282
7,31,0.6796180895277952,1.0483508337740663,1.0929733864614182,1.0822164989264147,0.5814618055292451,0.49987415536499763,0.00046280553497187,0.18549448896001425,0.9,0.0,0.7,118,0.1441874413968376,0.1438715832554059
7,32,0.6792563326714074,1.0478298524382366,1.0924267027536012,1.0852739409804808,0.5812791529008438,0.4998245645540603,0.0004621919156154,0.18522604766269973,0.9,0.0,0.7,119,0.1440222742859401,0.1433304164693807
7,33,0.6784725113537269,1.0456216073485722,1.089989589205572,1.0840104071729362,0.5877723544350214,0.49976517331109005,0.00045970173059154,0.18581610879777588,0.9,0.0,0.7,121,0.1476736316719138,0.1458541937616218
7,34,0.6782844105082937,1.0498092778980084,1.1040743738742635,1.18949005899425,0.5798320044214,0.4997710159208703,0.00045845705083501003,0.18567676197113406,0.9,0.0,0.7,142,0.1457243176921856,0.1455939207353194
7,35,0.6778411058720444,1.0508165042242297,1.10837932854952,1.149651470910112,0.5799026402321721,0.49977007145342267,0.00045859922504944996,0.18509944588617586,0.9,0.0,0.7,143,0.1457994368316721,0.145819597593954
7,36,0.6899980139755797,1.076247468595677,1.163524994400839,1.3547727519255788,0.591773428810918,0.49977510764321476,0.00048907102302562,0.20270567223210645,0.9,0.0,0.7,172,0.1429739300317593,0.1413801293237468
8,0,0.9848139176747754,0.9969223844092543,0.996648150252913,0.3792418376619306,0.0,0.0,0.0,0.0,0.9,0.0,0.7,1,0.9083356092290732,1.0657848208140923
8,1,1.22259807686427,1.3259567628003257,1.3224100231338618,0.7235864440165284,0.47885276045059477,0.4025221747634775,1.1775005813300001e-05,0.004971695214223615,0.9,0.0,0.7,3,0.8071543417291923,0.922427474526655
8,2,0.955502750287466,1.2670840556070735,1.2517188944376312,0.7179687852840412,1.2564008622497729,0.42949900812257186,0.00029807820725456,0.07560859790978351,0.9,0.0,0.7,4,0.5886293493970881,0.4486941353718879
8,3,0.8984160057696957,1.2358150112688613,1.2213287108648243,0.7004967521530445,0.5178078974045192,0.4301202024886096,0.00028922637860062,0.0668929460358459,0.9,0.0,0.7,6,0.5362047130023682,0.4168334696133515
8,4,0.8968287407551668,1.234415350624393,1.2199085070351885,0.7020396415054486,0.43419674611434267,0.4299299638252408,0.00028479699974055,0.0654672255705106,0.9,0.0,0.7,7,0.5356145636306079,0.4189866743421599
8,5,0.8964383696721342,1.2366145372457644,1.225290570799389,0.7052164201819248,0.4433114701395129,0.4299161326097995,0.00030438321055806,0.06845014472887406,0.9,0.0,0.7,8,0.5309461610349908,0.4085577505283069
8,6,0.8256499266977055,1.2129511775126605,1.1897089820671134,0.7237468688249066,0.8069663213915281,0.5232086871438145,0.00017765108727907,0.05488412309388692,0.9,0.0,0.7,10,0.3395687740108687,0.4235590228104645
8,7,0.8131281341491706,1.2058246593126651,1.188247021046935,0.7299459296506617,0.526155244434284,0.49986690983599014,0.00038198176379352,0.08560058539031545,0.9,0.0,0.7,14,0.3559941070233593,0.3508354432742656
8,8,0.8200402397206651,1.2151300695553928,1.200441550799957,0.7454697615894863,0.5366674870376146,0.5048527506619278,0.00042241437174761996,0.09701558257386832,0.9,0.0,0.7,16,0.3653840721964425,0.3326840080337544
8,9,0.7603078209094045,1.1592584478660886,1.1411574892451535,0.7220237804242459,0.7726658662433183,0.5240119828180709,0.00046418970463542997,0.09809948232924579,0.9,0.0,0.7,18,0.2806655476117982,0.2943954870408505
8,10,0.7448044943372896,1.1431877327484798,1.1246465294848076,0.7102704392218553,0.5595869971386231,0.5142038307191883,0.00045740079781722,0.09480808242232196,0.9,0.0,0.7,19,0.2884168100958965,0.2788293800821886
8,11,0.7482375665147027,1.1481150415727117,1.1328738497879598,0.7175959474212147,0.5330334639498453,0.5170156055249284,0.00045963792713244996,0.09617761158114702,0.9,0.0,0.7,20,0.2863987591511817,0.2793767516707233
8,12,0.7482375700083015,1.1496138754138436,1.1376781493890646,0.7241358671310023,0.5326384811936431,0.5170156067972638,0.00045963794292162,0.09617761479656113,0.9,0.0,0.7,22,0.2863987606169763,0.2793767518520725
8,13,0.7487253960978447,1.151605181704219,1.1429653674506575,0.7299254636055902,0.5334353127582874,0.5178254122945387,0.00045343009848622005,0.09599353120274437,0.9,0.0,0.7,26,0.28491396941477,0.2910381306899673
8,14,0.7439552056325015,1.1419475445113256,1.1307610073935241,0.7472431325821727,0.727632727783505,0.5235509166276173,0.00053281908657843,0.11565406507704892,0.9,0.0,0.7,27,0.2388651617726067,0.2582869889816914
8,15,0.7699514152148965,1.1575149539302951,1.1428190631190072,0.7773047022668023,0.8502137338105693,0.5212249933910778,0.00068558140354935,0.19713194991217498,0.9,0.0,0.7,28,0.1999059883602404,0.2221277458082294
8,16,0.7291010084055811,1.0971594044224333,1.080897275721755,0.751455911737384,0.7680083378693615,0.5190643167752568,0.00068065100555978,0.18963030606024928,0.9,0.0,0.7,30,0.1597216678782417,0.200225720980384
8,17,0.7274771089931454,1.096358675632556,1.083266862723881,0.7570697286774184,0.603781915381763,0.5186035851547333,0.00067958090398238,0.18910354232381787,0.9,0.0,0.7,32,0.1596108372139223,0.2012065892526298
8,18,0.7008897422330648,1.04403267661641,1.0293818028684223,0.7337458747015191,0.667121645333373,0.5117091345697594,0.00072580489705505,0.19904405859560514,0.9,0.0,0.7,37,0.1388932545548417,0.1493783349057639
8,19,0.7008897266265777,1.0455314894243868,1.034186081436372,0.7413429343772937,0.5998691121984661,0.5117091310200558,0.00072580482125026,0.19904403796341882,0.9,0.0,0.7,39,0.1388932585138453,0.1493783373874822
8,20,0.694710885691777,1.0114695278188917,0.995880455922311,0.7355275437693196,0.7601018389449317,0.5266221866175043,0.0007263443088461,0.19922759372398383,0.9,0.0,0.7,41,0.1109760885949189,0.1200732544538957
8,21,0.7149543093084284,1.0208766588346034,1.0068604759212965,0.7566822403591493,0.7006338440933091,0.5298371037059807,0.00085347320499025,0.23416142048119168,0.9,0.0,0.7,43,0.1012177014010054,0.1035102863474483
8,22,0.676973921340317,0.980636336834142,0.9663099501133672,0.7268757772669465,0.6147418103579485,0.5155806146267188,0.00072854721024971,0.19997711094312373,0.9,0.0,0.7,45,0.0962047156726471,0.0988906970674995
8,23,0.691987135558784,0.9956384977585336,0.9813106389915833,0.7437050202979928,0.6191201105667785,0.516218451855786,0.00080464429908643,0.2206121840730791,0.9,0.0,0.7,46,0.0964603105512844,0.100714346602745
8,24,0.6832441935817755,0.9515529988538036,0.9357338670611839,0.7371382493898557,0.9588039944691602,0.5318495109292145,0.0007888562530600701,0.21227685505292138,0.9,0.0,0.7,47,0.0828484591031016,0.0836899425938191
8,25,0.6889132991979113,0.9425146762138323,0.9280126286519184,0.7316428606007711,0.6848412601433336,0.5439977378831851,0.0007023156627985799,0.21347457641542766,0.9,0.0,0.7,50,0.0927715114544601,0.0808536144459733
8,26,0.6842132046916634,0.9308606258051477,0.9155233564101564,0.7265923548638975,0.665613507688686,0.5381154325633942,0.00072410190274406,0.2177758530422944,0.9,0.0,0.7,52,0.0899539246732062,0.0778713742641003
8,27,0.6891108609812202,0.9371666632672947,0.92512405523264,0.7478689353459059,0.6420486012980037,0.5406534250159772,0.00074420204330791,0.22155322159639762,0.9,0.0,0.7,54,0.089524702040856,0.076493620084565
8,28,0.6769640602182685,0.9222963383075617,0.9099292906192762,0.7343397217821536,0.6528838954943122,0.533874608396439,0.00072106831932895,0.21422561559825715,0.9,0.0,0.7,55,0.0857680784121311,0.0765677085463757
8,29,0.7102644351655747,0.9427730457604595,0.9288976308901123,0.7591727185666582,0.7720958554275056,0.5522495769569101,0.0008233752241975799,0.24402919843287665,0.9,0.0,0.7,56,0.0662732540226532,0.0563763935051079
8,30,0.7022115288066182,0.9361294265329007,0.9255490552975595,0.7593836697950215,0.6601803741017017,0.5502734501608207,0.00078662808513646,0.235105011419827,0.9,0.0,0.7,58,0.0657756052140576,0.0562688164877819
8,31,0.7086622889867673,0.9423095481077097,0.9316976658273793,0.7753642578913682,0.6674422561754189,0.5518659294825757,0.0008177680958201801,0.24239135818304935,0.9,0.0,0.7,60,0.0665773271981224,0.0562393534297755
8,32,0.7135428700530482,0.9380844933300576,0.9295529998056709,0.8002673726217717,0.7590555194851418,0.5656876823189381,0.00078288712389578,0.23607907859958246,0.9,0.0,0.7,61,0.067535973351215,0.0563571687254905
8,33,0.7089270523908843,0.9329113897828752,0.9274499303625183,0.8045081165700623,0.6784813052185257,0.5607295369316666,0.0007856563706907001,0.23669614105638903,0.9,0.0,0.7,63,0.0671522897866221,0.0574529755074144
8,34,0.7093103124430407,0.9331063582019341,0.927623367795801,0.8155461741308321,0.6712762423657417,0.5612698926643406,0.00078534319153197,0.23662497233509194,0.9,0.0,0.7,66,0.06707194408959,0.0572097724998427
8,35,0.7080619597316437,0.9297637044104632,0.9303115128670537,0.8250773141726032,0.7110503615670375,0.5664910186227958,0.00075691429491479,0.23015306021936985,0.9,0.0,0.7,67,0.067387715612324,0.059743589354549
8,36,0.7056879016339579,0.9254070191551442,0.9257299751099343,0.8339197352625896,0.676886043851094,0.5654153819956727,0.0007487995597717,0.22891606064585937,0.9,0.0,0.7,69,0.0695420045480181,0.0637554721920035
8,37,0.6787170598243013,0.892406007518671,0.8920485407688139,0.808301927654244,0.6594261839780449,0.5378432658805526,0.00075559555325825,0.22812747305891384,0.9,0.0,0.7,72,0.069211380815718,0.0632845749731174
8,38,0.6923301074811312,0.9036287879208256,0.9092783040553716,0.8459810267265404,0.6657173091409305,0.5596617537072991,0.0007585546729395999,0.2215053687208626,0.9,0.0,0.7,78,0.072250422796376,0.059646407611344
8,39,0.6904867320409224,0.8970035442797059,0.9146788444033634,0.9152863676782473,0.6687351505008409,0.5614511685599611,0.00076348803074805,0.22034634113228144,0.9,0.0,0.7,87,0.0749383464438617,0.0657699042168972
8,40,0.6875779073006762,0.8911808297315105,0.9085350608845355,0.9167315712964554,0.6628622180072988,0.5390040950560484,0.0008188655990768601,0.2460347552328223,0.9,0.0,0.7,91,0.0647959641059168,0.0490180200767995
8,41,0.6933924892443462,0.8910267086526891,0.9077264858683572,0.9290038794785141,0.687150220395668,0.5394022703408639,0.00081679658377903,0.2557921882972409,0.9,0.0,0.7,93,0.0662973216754318,0.0527472988639877
8,42,0.6593375520611837,0.8588719959445854,0.8820628975443232,0.8831188828488108,0.6356777467512456,0.5578447145649174,0.00075592677768458,0.18378331798985206,0.9,0.0,0.7,95,0.0637077876811078,0.04829613351754
8,43,0.6584318854507383,0.8548372102258992,0.877687016317137,0.8936475124779445,0.6427439206912038,0.5549541543193875,0.00076211525285048,0.18720289452553984,0.9,0.0,0.7,97,0.0658891479878013,0.0478754556985181
8,44,0.649679278038591,0.8446986046923844,0.8673976956636192,0.9096906583805932,0.6235317408842438,0.5451724846820367,0.00073307834723296,0.18771123512728002,0.9,0.0,0.7,104,0.0646704496638312,0.0535815755178847
8,45,0.6518597805232845,0.845514444570169,0.8680653166687425,0.928083585079558,0.6296246207448456,0.5478360615324529,0.0007343292512234999,0.18782776184199343,0.9,0.0,0.7,106,0.0660482593557859,0.0507471845186383
8,46,0.6651093097954097,0.8626309993873948,0.8981729284828097,0.9662313525357524,0.6402571822288743,0.5481784387788218,0.00073444119433952,0.20697438074265473,0.9,0.0,0.7,113,0.0574920106190936,0.0471593287576133
8,47,0.6352491737976815,0.8277734977278974,0.8564879890197303,0.9607460151246099,0.6121057490728935,0.5335681332900851,0.00075701478682689,0.18371521532716573,0.9,0.0,0.7,118,0.0677403142349065,0.0393749225572288
8,48,0.6303355990689097,0.8190562017651166,0.8505045366378146,0.9684334893506583,0.6238871389208102,0.5235180837712642,0.0007409707253536199,0.19120429454425503,0.9,0.0,0.7,120,0.0599525528329187,0.0466751765600943
8,49,0.5982781427472875,0.7981402762202944,0.8559410128765955,1.0736037046439082,0.5734160124191181,0.49579117044638527,0.000760275353074,0.1813077616485727,0.9,0.0,0.7,142,0.0646531079578472,0.04351217806355
8,50,0.6255523407228015,0.8081733912498774,0.8295329685228238,0.9765610972750387,0.6028766405218721,0.509046898140154,0.00078627188227793,0.20344920159129973,0.9,0.0,0.7,146,0.0665956441600318,0.0395844335199188
8,51,0.6197037921257967,0.7974529512526202,0.8182904416233923,0.9679925461123534,0.6137508210672411,0.5108706095465009,0.00079257137817771,0.1941575759993196,0.9,0.0,0.7,148,0.0673767637551317,0.0390026392811255
8,52,0.6111876228453138,0.786581050448061,0.8071668879785441,0.9581578562637012,0.5931096542944085,0.508114917485074,0.00077498140076698,0.18620276719788822,0.9,0.0,0.7,151,0.065787367243845,0.0387939852586374
8,53,0.6204576150344764,0.7914146498567718,0.8272611282993714,1.0825407282303607,0.60311840930762,0.5174429882166842,0.0007957814165868301,0.19071139579045268,0.9,0.0,0.7,173,0.0678082714758932,0.0344890697157677
8,54,0.6153238485701956,0.7914944064899108,0.8467750232741311,1.2258107358796557,0.5963929819998917,0.5185496170892949,0.00077889046024711,0.18294534683998573,0.9,0.0,0.7,190,0.0660038085680582,0.0349192550209889
8,55,0.6097686725496095,0.778739534422373,0.8238193349799372,1.2023370696388445,0.5995329641693945,0.514333841111229,0.00078186272198467,0.1811264591719226,0.9,0.0,0.7,192,0.067912806469486,0.0357651680955054
9,0,0.9715776789457479,0.9933481165670919,0.992755234612546,0.37566788428171444,0.0,0.0,0.0,0.0,0.9,0.0,0.7,1,0.9670373138272752,1.058641089467916
9,1,1.1444874334366018,1.3320600705388943,1.321559212523989,0.7463008564364811,0.6458789514461238,0.43002639762189826,0.00043237271921352005,0.03894975378484078,0.9,0.0,0.7,3,0.8470792649581966,0.6730443985845096
9,2,0.9644184043570185,1.272216845267248,1.2571875647916821,0.7217173889431621,0.9755576123887796,0.4293613737751748,0.0002911522258489,0.07773521966761976,0.9,0.0,0.7,4,0.5645501907436737,0.4512034629375223
9,3,0.9156765810209024,1.2472942474182354,1.2334390067981842,0.7066592090167774,0.5120776874810115,0.43008481693979606,0.00030566031933925,0.07322251898590676,0.9,0.0,0.7,6,0.4687175658031523,0.4089315933032654
9,4,0.8931327410951337,1.2320346675816334,1.213902365174198,0.7024746462557967,0.5024683416560813,0.42762801735301414,0.00033369579501623997,0.07229559145800164,0.9,0.0,0.7,7,0.4487653733105864,0.3892646293642762
9,5,0.9315618992846602,1.2974267869290992,1.2791155023379766,0.7797290090224633,0.779318431446993,0.5313080619069379,0.00032495381464987003,0.08611797243312934,0.9,0.0,0.7,8,0.4673118156644058,0.3524045853553289
9,6,0.8666509633641938,1.2431573971200292,1.226461310246221,0.7358904227563273,0.5600816950029177,0.49640411066731377,0.00030922268628768,0.0784168168610211,0.9,0.0,0.7,10,0.4087951040298759,0.3086602273299905
9,7,0.8080771843332857,1.1851095370407227,1.164675886756935,0.6876032740804393,0.47982307640776234,0.42967424031030993,0.00034575164457127,0.09035376273521831,0.9,0.0,0.7,11,0.3634510390792858,0.4061904525269995
9,8,0.7841038307112652,1.1668570181542766,1.1450252790065063,0.6772988686951003,0.5440174231777183,0.4291200083924403,0.00034002164449804,0.08740019918432668,0.9,0.0,0.7,12,0.3415945352447126,0.3795383783135213
9,9,0.8578381360056151,1.245781507468799,1.2261445919908012,0.7662665110333334,0.5756835469482762,0.4708473425805502,0.00063086689479516,0.16215994821532992,0.9,0.0,0.7,14,0.3113840922216958,0.3648624912253181
9,10,0.8401391473251267,1.2308072763731435,1.2101532432138533,0.7578409622108564,0.6039856798014269,0.4699587950278057,0.00062373543745305,0.1582129111528586,0.9,0.0,0.7,15,0.3006759156326,0.3445898095230771
9,11,0.7920294389767901,1.1848430807419092,1.1672139292151793,0.7176095445255577,0.4990881268698442,0.45132753233049594,0.00046859322635475,0.11886048801528319,0.9,0.0,0.7,17,0.30385053520419,0.3402414485719242
9,12,0.7926598128205183,1.1900626484875052,1.1740521588963753,0.7340044211559238,0.5510883111277015,0.46765135681354436,0.0005218105112502101,0.1302245816704761,0.9,0.0,0.7,20,0.3070803316177553,0.3045112040201252
9,13,0.831768294724323,1.2294596359398402,1.2131395835775234,0.787735377195495,0.5757780788609375,0.4715995809942058,0.0006033234852995,0.18639106443663989,0.9,0.0,0.7,21,0.3343050452243826,0.3231434413299585
9,14,0.749189198599751,1.1489446276084088,1.1353772315189572,0.7038151728346839,0.5173133581403088,0.46749412505354276,0.00031677700342135,0.08336704578450463,0.9,0.0,0.7,22,0.3191177495503037,0.3391504493011162
9,15,0.7462432200679228,1.1479014247950678,1.137096335049829,0.71190019100747,0.5014225618175694,0.471197463719312,0.00033392020116723004,0.08368028370498987,0.9,0.0,0.7,24,0.3187149051707281,0.3148528215465398
9,16,0.8032648513566429,1.2051168125706322,1.1939396606642894,0.77578310416485,0.5697565955919591,0.4728721760461715,0.00056161450237157,0.1692257780937956,0.9,0.0,0.7,25,0.2802473531889632,0.2760753851360012
9,17,0.8032113167517808,1.2050652170889968,1.193883505386785,0.7808834370026131,0.5443609625710832,0.4728721760461715,0.00056161450237157,0.1692257780937956,0.9,0.0,0.7,26,0.2805519658928024,0.2761562091194779
9,18,0.8314890895866189,1.2287135896283035,1.2118266642297615,0.83971205243653,1.0277478389201504,0.5140001324372937,0.00106195700414318,0.24157388270608865,0.9,0.0,0.7,27,0.2088210701367245,0.160532933656017
9,19,0.7587266540259263,1.1525938539703529,1.1343201813513033,0.7719811119456839,0.6184043293044476,0.5086905491664957,0.00064320256587773,0.16188444984226588,0.9,0.0,0.7,29,0.2061410802128205,0.1554470923964705
9,20,0.7055751225217426,1.088472342886568,1.0696323136028862,0.7357458668434974,0.638055827043025,0.5008138022017804,0.00058313120613591,0.14032599915853108,0.9,0.0,0.7,32,0.204094409873597,0.1457289644324594
9,21,0.6882439507854419,1.063203649687981,1.0454080309101108,0.7258958758036702,0.625705192011702,0.498321423109919,0.00059338199948658,0.14153143869524432,0.9,0.0,0.7,34,0.1629212083189758,0.1282120929896753
9,22,0.6803801108813455,1.0520844722309204,1.0335807688856145,0.7337510752847949,0.5607012851188328,0.49674938711988237,0.0005912656501608101,0.13901726493371477,0.9,0.0,0.7,37,0.1710724791633959,0.1442870255375904
9,23,0.7033479980194919,1.0750652244411625,1.0594923310509063,0.7698405009861087,0.5749121596869046,0.5113957885988136,0.0006546409774213699,0.156879766870837,0.9,0.0,0.7,43,0.2278017025712984,0.2437084655820339
9,24,0.6599979627801138,1.0311173818093768,1.0184773757818293,0.7434973482350693,0.5514158212211075,0.49418896544716306,0.00046820073192887,0.12005038633188861,0.9,0.0,0.7,44,0.1645055363993931,0.1414765835274345
9,25,0.6491970201150478,1.0212181493833146,1.011762008545889,0.7409612463816916,0.5271788454970232,0.48613250164259864,0.00043689063524305,0.11607502152468509,0.9,0.0,0.7,45,0.1848414247915412,0.1651989697973932
9,26,0.6719877738928214,1.0404979480273489,1.0243269583058847,0.7496285223511735,0.5458064667913229,0.5007194613862381,0.00051697422147933,0.13081081718939655,0.9,0.0,0.7,47,0.1649189051666654,0.1424474157501345
9,27,0.690471082539155,1.0500406704540202,1.0382002379573094,0.7911702277905814,0.6137910180725572,0.532740715639241,0.00052435491139139,0.13554039567861456,0.9,0.0,0.7,51,0.1722481358106407,0.1544758206241293
9,28,0.6830500112471736,1.0437123164066318,1.0381396431983534,0.8057089397647462,0.571840032548236,0.5220114994160941,0.00056961612798098,0.14151283400961173,0.9,0.0,0.7,59,0.1856101781361335,0.1924312735464467
9,29,0.6820465229546591,1.0406897763320178,1.034760085277267,0.8197435071127561,0.5944756982172359,0.5161563410550768,0.0005819055672987401,0.150445269523444,0.9,0.0,0.7,60,0.1798680645107021,0.1937753865055244
9,30,0.6763980488236819,1.0340160538780026,1.0309479889926616,0.8223767740901982,0.582134865849322,0.5126911449196374,0.00058433061386522,0.15033939532669988,0.9,0.0,0.7,62,0.192642845095278,0.1901070465919855
9,31,0.6846149362841463,1.0391904777955752,1.0356072860240846,0.8325628590568047,0.6128047688239071,0.5248143901677181,0.0005735979150073599,0.15040095115618488,0.9,0.0,0.7,63,0.1645745059058677,0.1804183592313259
9,32,0.6676082333207564,1.0156130277571072,1.0109381469037577,0.8439481304590586,0.5746688823746859,0.5159960940387093,0.00054163665568861,0.14555413084427615,0.9,0.0,0.7,72,0.1474289852958139,0.1560672978575217
9,33,0.6677365524579554,1.0167221726567703,1.0152684700831778,0.8499246834656309,0.5697528566078276,0.5181253601954908,0.00054803141716036,0.14361079280607686,0.9,0.0,0.7,74,0.1456074508479207,0.1525813788094046
9,34,0.6884561220271908,1.056558150026993,1.0980157290432766,1.1495315767862788,0.5879354774268889,0.5153375536161071,0.00073133651095264,0.1772270546649596,0.9,0.0,0.7,131,0.1697529729312512,0.1747715910357148
10,0,0.9595220777225393,0.9900509914760194,0.9891642760203293,0.37358303169227364,0.0,0.0,0.0,0.0,0.9,0.0,0.7,1,1.0077736864675095,1.060471040411037
10,1,1.2030862687049717,1.3107246922293256,1.3070077547771866,0.7090554569081393,0.45024318852671735,0.38910114007903157,1.0139964028380001e-05,0.0031947268840659925,0.9,0.0,0.7,3,0.8333367921974102,0.9214105405416042
10,2,0.9875089240357365,1.285991443327692,1.2717515794133718,0.7322348791915959,1.1731403349070368,0.42961904085150804,0.00029408732719106,0.0844288183604717,0.9,0.0,0.7,4,0.4872859425677081,0.4496324157879532
10,3,0.8676654976160658,1.2137024836119643,1.1947147530491902,0.6848178032589964,0.5908441066272456,0.4300455008797568,0.00015992177815029,0.05670939684745056,0.9,0.0,0.7,6,0.5134540024665576,0.5025020221091339
10,4,0.8504506611625162,1.2045730825005303,1.1881036890320662,0.6895466329320459,0.4531581732174365,0.42942824952204506,0.0001432045471033,0.054935749458622285,0.9,0.0,0.7,8,0.4227441115968313,0.515031434300284
10,5,0.8478663841249464,1.203095963301941,1.1864733756394423,0.6853909250168547,0.4357378888639212,0.4295551759416728,0.00014371945405752,0.05511807422828754,0.9,0.0,0.7,9,0.4214761082346372,0.5116655818268105
10,6,0.8036851190150093,1.176025710704256,1.1601678658711694,0.6705962745553198,0.5992383046289462,0.43015586583986953,0.00014747156157256,0.05425557531999359,0.9,0.0,0.7,10,0.3945562247465328,0.4441660932953815
10,7,0.8270105240264247,1.2142681136324427,1.1948542612539859,0.7334214249066253,0.6259153360129411,0.5087870853206513,0.00020296230315652001,0.06478592306415959,0.9,0.0,0.7,12,0.2550461587508879,0.3514668608417506
10,8,0.8420255919732235,1.2314545384587936,1.2151270205515006,0.757489247210786,0.5289890258730193,0.5065870980969724,0.00029287496672969,0.0935375575997199,0.9,0.0,0.7,14,0.2820920914776624,0.33351509276183
10,9,0.8447108947990665,1.2348469856296826,1.2182767489655952,0.7632485539789845,0.5442996016487648,0.5128386082093087,0.00029509400810363,0.09423669530024119,0.9,0.0,0.7,15,0.2678512666142901,0.3363873270428484
10,10,0.8094186020972255,1.208998949011395,1.191217123198904,0.7594417286513242,0.8673704488482537,0.5298926073489616,0.0003147175788134,0.10564262359531688,0.9,0.0,0.7,16,0.191209486761028,0.3113982948542996
10,11,0.7139795068521033,1.1105460297711272,1.0885159911548883,0.6798694568015706,0.5965045063468878,0.4961300833923108,0.00021947693163843,0.07649464734837993,0.9,0.0,0.7,19,0.202046930993852,0.2399946412437569
10,12,0.70857141786915,1.0971195492005947,1.0741849787841355,0.68875329748319,0.6778811451448193,0.5045710894890594,0.00031977406161767,0.11179774191341361,0.9,0.0,0.7,21,0.1760625304816788,0.2062244761735857
10,13,0.696505021887067,1.0818299911196207,1.0607545747425773,0.7009055900212868,0.5518038748673539,0.5154622711132019,0.00029618191666636,0.0969930828455433,0.9,0.0,0.7,26,0.1444952813426655,0.1841122824914093
10,14,0.7232192856579721,1.1078036934539333,1.0865187307270496,0.7277437413856607,0.5746203265131345,0.5277345788214,0.00037156146606795004,0.12167823230456284,0.9,0.0,0.7,27,0.1470259469005932,0.1958076925537586
10,15,0.715653608843438,1.0995934699388874,1.0781292784665464,0.720272847147064,0.5564142087813793,0.5252330849558501,0.00035433881899783997,0.11603819305810037,0.9,0.0,0.7,32,0.1445296316270917,0.1911053989316706
10,16,0.6167079983549522,0.9969912499839813,0.980426688423204,0.6594734430795097,0.48232346181239,0.47660135283045646,0.00015522876256967,0.05513658645016281,0.9,0.0,0.7,40,0.1824724223879392,0.2025630928288508
10,17,0.6154919582981861,0.9493295455314854,0.9332020245183739,0.6708009963847696,0.7401480846615622,0.5047376759415788,0.00028926721054079,0.09638480552712075,0.9,0.0,0.7,43,0.1537035248754585,0.1617475766983392
10,18,0.6226891685057547,0.9540654383703037,0.9344819258752339,0.6727986772436949,0.5402161800869066,0.5075436179807229,0.00028799685804781,0.10409637453740442,0.9,0.0,0.7,44,0.13844228200098,0.1463145900245344
10,19,0.6191820085661236,0.9499522041499889,0.9302752727777704,0.6720427045884766,0.5330561980523959,0.5045996012574865,0.00028610412629768,0.10350313773175449,0.9,0.0,0.7,45,0.1370497144734191,0.1433411593218003
10,20,0.6193669530344421,0.9459428024085981,0.9256282315661515,0.6647104847173357,0.5407146811573741,0.5083394031921992,0.0002914859905141,0.10318691057511764,0.9,0.0,0.7,49,0.1396641343803002,0.1426915378565955
10,21,0.61900954678957,0.9467369740169336,0.9296754116275252,0.6750755029908404,0.5314376848467288,0.5057822670391559,0.00028765967779767,0.10630902556979938,0.9,0.0,0.7,51,0.1321525653211216,0.147279145388807
10,22,0.6161997419369178,0.9426538625306642,0.9254006557294302,0.6797431317843272,0.5343195316431012,0.5037043547294815,0.00028656644728587,0.10621912971403163,0.9,0.0,0.7,53,0.1301769531085509,0.1421060198920041
10,23,0.6204150613580939,0.9466321172002575,0.9293436213487501,0.6808129926800607,0.53326841952947,0.5087782419106412,0.00029298678495382,0.1059443158787638,0.9,0.0,0.7,55,0.1356690117381578,0.1400543511968122
10,24,0.6199295158519529,0.946900770104986,0.9328058279694426,0.699241798408018,0.5398788565683192,0.5090117689124424,0.00029377181172374,0.10568048898404611,0.9,0.0,0.7,56,0.1390470452763322,0.1591982713301723
10,26,0.6145793232814124,0.9416060078914841,0.9336858172416505,0.7368181016885123,0.5489502303852225,0.5067743016708528,0.00029764407752609997,0.1037020983548159,0.9,0.0,0.7,58,0.1332159123578564,0.1576384507511554
10,27,0.6069456992491946,0.9300952856421175,0.9185204247887274,0.6997896180586288,0.5467296874062998,0.49980317272810587,0.00028314542961266,0.10395934990461346,0.9,0.0,0.7,59,0.1235669910351159,0.1439905474218727
10,28,0.6046075369748258,0.9277311600582747,0.9161524968777435,0.7005647570784782,0.5205342288094774,0.49758327588921447,0.00028168577168834,0.10349696681071692,0.9,0.0,0.7,60,0.1232799340861293,0.1433918915831515
10,29,0.6074101503166107,0.9293253969626276,0.917570554372952,0.7081124460330015,0.5360229799330067,0.5028614109063129,0.00028096202124316,0.10181222211684851,0.9,0.0,0.7,61,0.1241979299374117,0.142195530808975
10,30,0.6090390266417375,0.9327093226018619,0.9273849537946119,0.7176571617880929,0.5287529867867571,0.5020478851616478,0.00029607957139427996,0.10630253285696331,0.9,0.0,0.7,66,0.1274473132261323,0.1689268400952519
10,31,0.6181853684066577,0.9366825906920705,0.9244337149019652,0.7354938153004439,0.5584046120876025,0.5132487880575867,0.00030496867769735003,0.1068856639955531,0.9,0.0,0.7,67,0.1404589896732177,0.1555197858403599
10,32,0.6126837468320644,0.9297362250733068,0.9172803875802671,0.7325932626544167,0.5464296714604491,0.5076340659274763,0.00030451749481777,0.10749863714246759,0.9,0.0,0.7,68,0.1393469962821958,0.152735719053023
10,33,0.6129995718812605,0.9314295495307303,0.9222618602956822,0.7414581867047684,0.5331051316580044,0.5080655567569703,0.00030455633929236004,0.1074990636589845,0.9,0.0,0.7,70,0.1393767850681291,0.1526860525215767
10,34,0.6105057612125556,0.9285743038519405,0.9193550316222724,0.7420391679775686,0.533796791663143,0.5059495412712266,0.00030288051233657,0.10696746263201411,0.9,0.0,0.7,71,0.1389553945630598,0.1514579910478976
10,35,0.6107933108557907,0.9270692165566138,0.9145026133090915,0.7335729087486034,0.5335869033180376,0.5064970048859152,0.0003028273897082,0.1069255765099694,0.9,0.0,0.7,72,0.1389034049391911,0.150635459503401
10,36,0.6224935711986618,0.943261035849404,0.9406101483639098,0.7778928130406401,0.5424480351611691,0.5110485503944858,0.00033633028739176,0.11779258695569868,0.9,0.0,0.7,73,0.1404137277938892,0.160040492558535
10,37,0.6215387277200698,0.9356207746608419,0.9320282897473685,0.7896080334201943,0.5778651761461024,0.5117915075325372,0.00034411963093218,0.12101447390293829,0.9,0.0,0.7,75,0.1467180427019836,0.1609126572614977
10,38,0.6185986154755944,0.9337538865796787,0.9334076411583256,0.7964281063592514,0.5467158965606338,0.5093088973227727,0.00034216345284685,0.12034764504983823,0.9,0.0,0.7,76,0.1460793296342021,0.159515373495671
10,39,0.6185323906139272,0.9320466037455032,0.9283751202689076,0.7873115008409177,0.5429082242490146,0.5092952814540388,0.00034175818713744,0.12038436125488365,0.9,0.0,0.7,81,0.1456105734604205,0.1594585488785805
10,40,0.6185426517741078,0.9335072164713784,0.9331344377503721,0.7962909575218664,0.5431375046185353,0.5094163217087562,0.00034161146801402,0.12028212199370021,0.9,0.0,0.7,82,0.1455310030774378,0.1592521849952244
10,41,0.6149894532503126,0.9296319646031685,0.9292144675199124,0.7926000965874757,0.5408448273394555,0.5080221612081851,0.00033337239999065,0.1172556067320948,0.9,0.0,0.7,84,0.1445631697548024,0.157844391320857
10,42,0.610994512267862,0.9170693367257013,0.9185806468814919,0.84250213352836,0.5502053068888508,0.5190625950555322,0.0002911611550215,0.10503792427584745,0.9,0.0,0.7,94,0.1087521775300124,0.1215352050001631
10,43,0.604503455626572,0.9040040696071717,0.9046385857802359,0.7904856851804676,0.5979961592714322,0.5167550692991474,0.00028626606764297,0.10339327748488295,0.9,0.0,0.7,95,0.1055807538271866,0.1169880113171621
10,44,0.6049582366066413,0.9023715420656877,0.8996228002429516,0.8352910834935068,0.5399878422022718,0.5143724615170858,0.00029234655625568,0.10751252530194734,0.9,0.0,0.7,98,0.1104351637756314,0.1183715720471841
10,45,0.6037536528622249,0.8996554999885538,0.9029258167450747,0.8208217162164735,0.5800307361400819,0.5165861644038561,0.00029321361961333,0.10599073147093778,0.9,0.0,0.7,99,0.1052364016588669,0.1165997577388079
10,46,0.6058917144223508,0.9032790214324482,0.9098530501063612,0.8573113704259281,0.5412773415042753,0.5196558311323415,0.00029133449756481,0.105107240780706,0.9,0.0,0.7,109,0.1014170324214746,0.1185547779459481
10,47,0.6055030157073913,0.9043371237016364,0.9142098314399905,0.8706887062598112,0.5413704623914739,0.5192621280498552,0.00029122577037038,0.10509264891319973,0.9,0.0,0.7,110,0.1010713520866544,0.1174563677064164
10,48,0.6056558757269432,0.9044424124202759,0.9143089294987559,0.8760697942244371,0.5415050553467995,0.5195567606912869,0.00029117307113629,0.10496375027680693,0.9,0.0,0.7,111,0.1006515091359323,0.1176033662841941
10,49,0.6063873893175281,0.9120322865086595,0.9383425557589169,0.999681147138337,0.5424030315376687,0.5173153497693861,0.00030625113156873996,0.10932180917418591,0.9,0.0,0.7,131,0.1302639051699382,0.1400052962729699
10,50,0.6055445977411719,0.91079122791187,0.9370503012078745,1.0022733953178473,0.5448821451242474,0.5169453800227791,0.00030464839132,0.10884509875145822,0.9,0.0,0.7,132,0.1290267971309718,0.1396453827380603
10,51,0.601515953736939,0.9050687055623767,0.927996916639114,0.9872688804735597,0.5379423872745436,0.5134869759595247,0.00030610432558907,0.10766463598983456,0.9,0.0,0.7,136,0.1252921586563509,0.1345630429735239
10,52,0.6019072808426904,0.9032294623187693,0.9227571484040984,0.9608042710336233,0.5393251295865582,0.514171156333852,0.0003067464074771,0.1078227181369344,0.9,0.0,0.7,142,0.1274347686414404,0.1363859623353386
11,0,0.9687558265764163,0.9925799476676361,0.9919186189229817,0.37649600956759866,0.0,0.0,0.0,0.0,0.9,0.0,0.7,1,0.9700695928228766,1.0631955216716045
11,1,1.302631999909342,1.4820841210862383,1.4721283351475032,0.8940998428302649,0.771816863413215,0.42850163466022567,0.00045356477674675003,0.24649383189643242,0.9,0.0,0.7,3,0.7897561319889108,0.6730443985845096
11,2,0.9444233643116169,1.2629273082063892,1.2469221177002385,0.7164527147912589,1.075881036772458,0.42983264720163356,0.00031030765147497,0.07950014144297443,0.9,0.0,0.7,4,0.6390177410036493,0.4448334152434134
11,3,0.8935173880436825,1.236045061264782,1.220977583514868,0.7031329686959231,0.5226250685556761,0.42611500883964964,0.00032433295404115,0.08168601605347842,0.9,0.0,0.7,6,0.597240341860345,0.4059008589671316
11,4,0.8886601687373497,1.236546328198114,1.2173234428045345,0.7114849313327011,0.5107546592580249,0.4297064101733306,0.00037219934961364,0.09354846594455668,0.9,0.0,0.7,7,0.5147418546605801,0.3684086377327828
11,5,0.8633933637600009,1.2243677378772277,1.2068352145285786,0.7103822668005235,0.5683052251733175,0.4406130905632081,0.00034442891217867003,0.08587348445657042,0.9,0.0,0.7,8,0.4981642460838187,0.3449744870155415
11,6,0.8571870174310452,1.2168756179578188,1.1960050910557365,0.7025521528595928,0.4532835525079516,0.4295256126546842,0.00036699187188068,0.09208834944370423,0.9,0.0,0.7,9,0.5128053648259283,0.3514180637644381
11,7,0.8969376094712671,1.258128635692509,1.2405630450575251,0.746605724122636,0.4908317281097288,0.44959682057223516,0.0004899442450460001,0.12308276686099874,0.9,0.0,0.7,10,0.5210079137845546,0.3443084662144264
11,8,0.7963077391734434,1.1822382755284544,1.1594620919010978,0.6987579339391342,0.8335405767022113,0.4517020396732521,0.00037854524882369,0.09547634543322683,0.9,0.0,0.7,11,0.3540079704868847,0.2396370736877933
11,9,0.7821454893811344,1.171398140118207,1.1512973665094268,0.6948270025443068,0.4898708496135887,0.44600146312854394,0.00037064863076226,0.09527738635835123,0.9,0.0,0.7,13,0.3416991875630035,0.2361754409482003
11,10,0.8301122546152826,1.2194961528134334,1.1993469604039317,0.7468004135252665,0.5200863875861709,0.4705135758021718,0.00052854947809814,0.1332492175113017,0.9,0.0,0.7,14,0.3464043282641572,0.2265852524736104
11,11,0.7729865980516041,1.165118196403622,1.1477827329402623,0.6966714099598589,0.5003649276711096,0.4451152068136939,0.00034293661199897,0.09396211925263492,0.9,0.0,0.7,15,0.32692033158432,0.2509261876891123
11,12,0.8140233458439061,1.2075845653466128,1.1867176323277946,0.7449958792517569,0.5408422106500471,0.46578505389426444,0.00083361014047319,0.13381649472015694,0.9,0.0,0.7,16,0.3366347721359591,0.2986779422029739
11,13,0.6731986233748448,1.0668380863673976,1.0381630512839626,0.6387540470886688,0.9879698106284561,0.46383654899893056,0.00018627631924144,0.060403012989986175,0.9,0.0,0.7,17,0.2728845024467783,0.2700056818064235
11,14,0.7169691548091512,1.1097695010713593,1.0830234401246766,0.6939409227803798,0.5644324833087184,0.48596756461978047,0.00039239078874375,0.11320074806914912,0.9,0.0,0.7,19,0.2821765813026623,0.2545043612253176
11,15,0.7090995269352822,1.1007936294298213,1.0734962424362613,0.6897451485894575,0.5524201449024205,0.4840094741077576,0.00038627921015585003,0.11173222761122097,0.9,0.0,0.7,20,0.2788957590724836,0.2462482991682572
11,16,0.7170354990382399,1.1070672436747768,1.0818412531785564,0.7157752813817189,0.5745650165800043,0.494529772783875,0.00044487538191226,0.12480695455157738,0.9,0.0,0.7,22,0.2658230023619116,0.2455512318805115
11,17,1.0292969735611108,1.4276476256911828,1.4220412321446836,1.0984935732406846,0.8470283670967408,0.478448491589809,0.0026638038216796897,0.5940255849897975,0.9,0.0,0.7,45,0.2914534517687268,0.2331599376404153
11,18,1.033695330667803,1.4318027736479177,1.42610824968911,1.1088711160363907,0.8576553213197253,0.47815366233036455,0.0026605107179733497,0.601752754836239,0.9,0.0,0.7,46,0.2916629056827764,0.2255498384663391
11,19,1.0607252161782799,1.4585518037713705,1.4527567323645942,1.1418939714889491,0.8863923948589636,0.4794751972567298,0.00264357690613916,0.6398781133539496,0.9,0.0,0.7,47,0.2890390946156254,0.2202862708704722
11,20,1.0655662683174834,1.4633898637504248,1.4575937268117714,1.14087737564308,0.8843171762046635,0.4800575345266508,0.00266910832194777,0.646057995672082,0.9,0.0,0.7,50,0.2897235828813945,0.2200031634197621
11,21,1.078435401695895,1.4744690337362916,1.4708821069692983,1.1779722627925966,0.9440646055495409,0.48342049684241867,0.00290878330679827,0.6729911766269119,0.9,0.0,0.7,52,0.2860594141131536,0.2252835684364573
11,22,1.085339938483113,1.4821217340797148,1.4816075004396325,1.2025261821352045,0.9172354770312866,0.4840200306698765,0.0029164147078503,0.6847426896805587,0.9,0.0,0.7,59,0.2829488407948742,0.2226291215909826
11,23,1.0849196078710155,1.4815755174698841,1.481022786830956,1.202138775206124,0.9161538004136831,0.4840009056792921,0.00292149807061634,0.6846039132043857,0.9,0.0,0.7,61,0.2851529528013997,0.2249390405654561
11,24,1.0847897404507318,1.4829245036568723,1.4856711452821287,1.2105916344368972,0.9149533099343606,0.4839879783090617,0.00292587741794092,0.6845044212716614,0.9,0.0,0.7,63,0.2877902996131232,0.2269451500868848
11,25,1.0811856934741866,1.4788402895227257,1.4814415145175825,1.2196137613829219,0.915640040317391,0.48397670872777415,0.00290439394183083,0.6810149372026367,0.9,0.0,0.7,66,0.2836159158242919,0.2282663876408517
11,26,1.0827328538165777,1.481882176926406,1.487787599412399,1.2410088927483678,0.9138886631818097,0.4840012175422717,0.00292683771133431,0.6832074941154473,0.9,0.0,0.7,68,0.2855104416495816,0.2248713563118433
11,27,1.0819872034553397,1.4826199607892272,1.4918262600695416,1.2805639410687804,0.913201152039063,0.4838929128726539,0.00292651616514371,0.6823336661386776,0.9,0.0,0.7,73,0.2871842502551445,0.2227705100720271
11,28,1.081408291478605,1.4815189448036865,1.4905695657213252,1.264608679153705,0.9245440147708499,0.48392029585679086,0.0029345684590435803,0.683220929329546,0.9,0.0,0.7,74,0.2840393649790986,0.2256685155214534
11,29,1.0750023374650384,1.478029780097667,1.4936673903464046,1.2741779084406542,0.9079789467342019,0.4833435871793135,0.003002717999494,0.6750792497986783,0.9,0.0,0.7,78,0.2796874044060655,0.2244660705207768
11,30,1.0813745086666167,1.4828069941024165,1.4951108388500571,1.298447650737032,0.9154655198490476,0.48400750545933774,0.00300929021985568,0.683645263881008,0.9,0.0,0.7,81,0.299808985808786,0.231332742982908
11,31,1.0640600735249162,1.4693550820621981,1.491390191082073,1.2857258567670997,0.9037741282573458,0.48114213282845764,0.00302815502544172,0.6646558377401421,0.9,0.0,0.7,83,0.277978036836483,0.2216401694615239
11,32,1.0914592150331748,1.4967247027503685,1.5187506109686024,1.3193479226835403,0.926526917540301,0.4825288581463602,0.00301725847096661,0.7021205957740978,0.9,0.0,0.7,84,0.2748422915656375,0.2167767246450897
11,33,1.0726540600900627,1.475282721356676,1.4936797587429698,1.294523405727202,0.920496069488382,0.4836763949385546,0.00307743711774077,0.6773381129695357,0.9,0.0,0.7,86,0.2713501350207319,0.2201210087947648
11,34,1.0892877416023374,1.4949315418358706,1.5199437630915393,1.3367129456768683,0.9260612824650547,0.4825309792181019,0.00299818741316518,0.7025298441998077,0.9,0.0,0.7,90,0.2792566517314807,0.2161014413288414
11,35,1.0625024462836918,1.4675874199410246,1.492444429139401,1.3554907607325908,0.901595031245279,0.4807358237945949,0.00308183225603684,0.6682626072034084,0.9,0.0,0.7,99,0.2816083669559001,0.2250295498772272
11,36,1.0740657788646837,1.4866275080956401,1.5280070659497802,1.5163507029398091,0.9120572328065224,0.4838043861388557,0.00325590194640415,0.6808885146381398,0.9,0.0,0.7,132,0.2776224314167452,0.230709056261802
11,37,1.089227010370169,1.5018561400631074,1.5432537747095019,1.5555442458542168,0.9271110108164718,0.4825319160319892,0.0030343181859454602,0.7039898382925452,0.9,0.0,0.7,134,0.2793340165687275,0.2182678167692801
11,38,1.0892212031643953,1.501626028625084,1.5429616402939357,1.5736087106924652,0.9289393926883744,0.48253180198148565,0.0030270800766758698,0.7046553298630887,0.9,0.0,0.7,135,0.2791141731083979,0.2159249480014606
11,39,1.0893927000971988,1.4958996171220094,1.524040379776441,1.5389735505348858,0.9275308066867287,0.4825317562950012,0.0030108278359163203,0.7046064146203768,0.9,0.0,0.7,140,0.2812878538171112,0.2149541477407828
11,40,1.0892649786754611,1.4985672501787999,1.533263149572965,1.538734370568617,0.9318719723402716,0.4825291601069762,0.0030161404493469,0.705032841162005,0.9,0.0,0.7,141,0.2805327515148576,0.2162383841373763
11,41,1.0776758144321739,1.4974441247482015,1.5523859502516109,1.673683063135047,0.9130509078435808,0.4838043861388557,0.00324243504431927,0.6823195429071299,0.9,0.0,0.7,164,0.2788246106305288,0.231758494143812
12,0,0.986142471839496,0.9972785213064296,0.9970360134486993,0.3794670318510113,0.0,0.0,0.0,0.0,0.9,0.0,0.7,1,0.8996302409875321,1.0621754530397591
12,1,1.2873067102758573,1.4460344443064235,1.4370151547017296,0.8541813679238929,0.7064937131124835,0.428289045602547,0.00042962002398148,0.18025736245149382,0.9,0.0,0.7,3,0.8252175095044072,0.877705589400566
12,2,1.0121615739081282,1.2992213932210468,1.2858862700901463,0.7417327316917307,0.9641347237703409,0.4286680000446487,0.00028614628874712,0.09005028192597374,0.9,0.0,0.7,4,0.3991567622410151,0.4491129777407016
12,3,0.9547222003265713,1.2748216952045326,1.2655631723205332,0.7349076538611371,0.49369594242509274,0.42981198155996025,0.00030092402432458997,0.09006082842217945,0.9,0.0,0.7,8,0.3591947661785681,0.4060637754446485
12,4,0.9465322186227934,1.2707793198786772,1.264571573711421,0.7444898222464733,0.4559398819409587,0.42847536253062035,0.00029419179664388,0.08794562027689659,0.9,0.0,0.7,10,0.3624163797118421,0.4109436201751956
12,5,1.1888100521641198,1.5243836221255074,1.5100986300905972,1.001510508215187,0.8215946595882995,0.4264428367331677,0.0006375446170487199,0.4806347250501444,0.9,0.0,0.7,11,0.5447446088312353,0.5494131082002336
12,6,0.9471977469612768,1.2877576641273871,1.2729124753962802,0.7680791207731635,0.52862647262778,0.42975741674244977,0.00050325080295958,0.14731519524537523,0.9,0.0,0.7,12,0.5030771210165427,0.5099139849033358
12,7,1.0162801064572164,1.3621107118714886,1.346639175547307,0.8471006364805513,0.6145868782787669,0.42149108220719594,0.00080701634582302,0.2742010119894488,0.9,0.0,0.7,13,0.5276867190794401,0.4850478974096945
12,8,1.0183727989033224,1.378812974403276,1.3648903525540164,0.8731280134668361,0.7276022874347388,0.42945473663523737,0.00045768349502138,0.31383532079291776,0.9,0.0,0.7,14,0.4716802483063062,0.4180715181367507
12,9,0.995224991188429,1.3655095648751554,1.3500607547868113,0.8784355083794415,0.7168741056797765,0.41271531640535253,0.00088000812789202,0.34081421745748647,0.9,0.0,0.7,15,0.398456436008954,0.3784620674581263
12,10,1.1760252483122176,1.5472760478005883,1.528019502798244,1.0587686634938813,0.8324032008160929,0.4229830170854446,0.00070715118707191,0.5974710334093927,0.9,0.0,0.7,16,0.3845631292809688,0.4179840481817886
12,11,0.98194571372231,1.3578246282926578,1.3448627513191411,0.8866147443070149,0.6317809989045337,0.4127153164053526,0.00088000812789202,0.34081421745748647,0.9,0.0,0.7,17,0.3859832242564718,0.3614366633594848
12,12,1.4373873760698808,1.8187398550242428,1.8009802526814018,1.342351735946423,1.192665854152281,0.43241124031835293,0.00117289228357218,1.0,0.9,0.0,0.7,18,0.3721750420519382,0.3963979708840732
12,13,1.2940817960572297,1.6842050632231431,1.663775542503688,1.2212523074978303,1.1688124866493048,0.47659312106107643,0.00112528781224349,0.7937957685485519,0.9,0.0,0.7,19,0.3305317801677222,0.3391322854208853
12,14,1.2791955778633448,1.669446680580751,1.6489652465498987,1.2091383730142893,0.9739919956034906,0.4620354122178378,0.00112089255048195,0.7922615072265959,0.9,0.0,0.7,20,0.3303140076333601,0.3448513733873609
12,15,1.260464477114914,1.6536483191436697,1.635854415950213,1.1983670940823177,1.0027769709534748,0.45027472336194,0.00112192583905473,0.7925765432152787,0.9,0.0,0.7,21,0.3080933410465492,0.352940150762422
12,16,1.0290249133924458,1.4259260402083656,1.414386572183608,0.9892732106940214,0.757924292446285,0.42553343118102027,0.00127324442348897,0.5005009178172034,0.9,0.0,0.7,22,0.3296047965283578,0.2691754283679205
12,17,1.158877387946532,1.5566742465787538,1.5446400183827984,1.1247461448132074,0.9038253134059617,0.49163104972971383,0.0016547061603755498,0.6102316742475586,0.9,0.0,0.7,23,0.3643631778426313,0.2560779772794637
12,18,1.005279494535769,1.4062695457012875,1.3962840360284314,0.9823380503416765,0.8186956264344647,0.4218780789650528,0.00128125483466289,0.5030511881874317,0.9,0.0,0.7,24,0.3014985711378928,0.271917217287876
12,19,1.1015178342503344,1.5029297809080684,1.4924769184292985,1.0836645957216235,0.8660312730626637,0.4539890363570265,0.0016463718449367102,0.6073422148081954,0.9,0.0,0.7,25,0.31569062376609,0.2626561313586439
12,20,1.1545069359074631,1.5576598135211452,1.5501719053741474,1.1454729988631973,0.902560515974393,0.43431537324182684,0.0018526008910713502,0.7141398645135221,0.9,0.0,0.7,27,0.3189246585606866,0.2599167611268394
12,21,1.1517991089713335,1.555300901858592,1.546949779501604,1.1522529955494987,0.9179904739501117,0.46589615787581085,0.0017139713437676798,0.6840013721261082,0.9,0.0,0.7,30,0.3205343751452508,0.2433839053637576
12,22,1.1646584519776857,1.568211343821242,1.5596973142580648,1.1686353365629232,0.9242565771158675,0.45499169764098113,0.0018991057238047198,0.7190760200623061,0.9,0.0,0.7,31,0.3244709744601688,0.2194480641318864
12,23,1.216591312534207,1.6215660941181522,1.6155517517328246,1.2340737253962855,1.0292902859578037,0.4545546140650686,0.00174887113983444,0.8066331418704152,0.9,0.0,0.7,32,0.3225356342408995,0.2343598471245902
12,24,1.0397022512182406,1.4460069638375592,1.442825640022938,1.0751953793325768,0.818314074806445,0.4244500402176185,0.00188158756934887,0.5999714474181839,0.9,0.0,0.7,34,0.2984352046168833,0.251006725870927
12,25,1.0476816902017319,1.4537539064708165,1.4501335556936938,1.081874945533758,0.8248038490101524,0.4123823923131941,0.0018709110930354498,0.6335906704149966,0.9,0.0,0.7,37,0.283321528910282,0.2353809914493265
12,26,1.0501135809094846,1.457683907314646,1.4573681090784332,1.0958516474785673,0.8171309397302996,0.41499257171709064,0.00187129179920621,0.6337226590840742,0.9,0.0,0.7,39,0.2845374961747482,0.2341769579880181
12,27,1.048053647581632,1.4556237282457176,1.4553074376018338,1.09956434211921,0.8150610274274512,0.4127962057356594,0.00187096999230632,0.6336110904745877,0.9,0.0,0.7,41,0.2834992338551194,0.2351782284992279
12,28,1.0500667839908728,1.4561243805430573,1.4524831140841774,1.1016440999220682,0.8179339261892766,0.41456221368853075,0.00187320379888185,0.6345095175820087,0.9,0.0,0.7,43,0.2937429522901858,0.2302242011033161
12,29,1.0475736361354238,1.4564557726808063,1.4592024139191049,1.1196286017383283,0.8324320341907241,0.4149925743820434,0.00187129179960614,0.6337226592227289,0.9,0.0,0.7,44,0.2839411728859753,0.2324944544350147
12,30,1.022503183837444,1.4328025537661204,1.4387510705673534,1.0978334597818384,0.7966899716364594,0.4543365725405034,0.00211250324306345,0.548866406157749,0.9,0.0,0.7,46,0.2923037822083879,0.240715529648387
12,31,1.020441450842525,1.4307240488546986,1.4366519641311988,1.096256348946179,0.7926860647367464,0.4523658334107905,0.00211219913179737,0.5487609725231763,0.9,0.0,0.7,47,0.2909664379244117,0.2410218407937855
12,32,1.1629236864979116,1.5731189590263353,1.5789429828765749,1.2448510484264306,0.942004712622559,0.4381522603548284,0.00201692511868172,0.7721220233065295,0.9,0.0,0.7,48,0.2850868524666707,0.2225180562139082
12,33,1.1188305125055638,1.527462089307786,1.5299070378602626,1.2035974144657597,0.8965756281708992,0.4151374260367857,0.0020565066391528197,0.7398092633386337,0.9,0.0,0.7,49,0.2882711670683281,0.2283077548972356
12,34,1.1041405207581354,1.5142501846967784,1.5199185625038476,1.1892396673409655,0.8837360382712814,0.40382838539800936,0.00196844638764907,0.7346491670632437,0.9,0.0,0.7,50,0.3104711734322756,0.2293390571297884
12,35,1.1167434306856618,1.526481601858338,1.5317887757244908,1.2113890572999693,0.918904514756355,0.421166361111613,0.0019712110448601,0.735620203664367,0.9,0.0,0.7,51,0.3056449883702681,0.2242220858301651
12,36,1.1114234032598553,1.526906482297996,1.5451805645652716,1.2649552582065453,0.8926509248521123,0.40786222029222813,0.0020357030664601198,0.7488542588253458,0.9,0.0,0.7,64,0.318162390507856,0.2308084691363548
12,37,1.1112671477123242,1.528225734852367,1.5497892804275253,1.2801449095673223,0.8918131040117374,0.40786222029222813,0.0020357030664601198,0.7488542588253458,0.9,0.0,0.7,66,0.3359592827247412,0.2430242013571383
12,38,1.1064082367033778,1.523270126798717,1.544764529152073,1.309866990203863,0.8878762156100015,0.4061534337314964,0.00204362971904796,0.7450801592732914,0.9,0.0,0.7,72,0.3146840019769313,0.2287145146564514
12,39,1.1265844664353983,1.543356702542404,1.5647643463391612,1.3146475124193024,0.9112177000882176,0.4071069192288655,0.00204668829785146,0.7739400701111813,0.9,0.0,0.7,74,0.3121153377349459,0.2275828652926291
12,40,1.0550565734476056,1.4755724980373093,1.5064062339469484,1.3252542692699187,0.8437542437791272,0.3706407900090828,0.0021128091312282203,0.7254261192926755,0.9,0.0,0.7,88,0.3147376968342429,0.2980987391521886
12,41,1.056620779738617,1.4770716943607647,1.5078609330911947,1.3360754822364265,0.8464470055676373,0.36933005838906835,0.00210105274837101,0.7299652370077736,0.9,0.0,0.7,89,0.3136883273004257,0.2966959262966329
12,42,1.0598349765733808,1.481620264744996,1.5156052453076467,1.356559728671997,0.8495522178361581,0.3693354275163152,0.00211194022222829,0.7360745856013128,0.9,0.0,0.7,93,0.3140114509313573,0.2762404048547729
12,43,1.051033865477369,1.4709638700370713,1.5014171831552297,1.3517308247200357,0.848846701381158,0.36847680271677874,0.00212045699644055,0.7277212782933721,0.9,0.0,0.7,95,0.3184128352079566,0.265548050889493
12,44,1.0623301071875209,1.4836959974781125,1.5174160755800588,1.40338933342702,0.8530845152903107,0.3724265147930042,0.00214346205259634,0.7393113778238627,0.9,0.0,0.7,102,0.313715943048082,0.2878669581326735
12,45,1.0771363951609665,1.4993975586736337,1.5360677980089377,1.435975114308577,0.8954487231318371,0.37323667187227483,0.0021809948319181298,0.7642542727458708,0.9,0.0,0.7,103,0.3172455455038919,0.3000169782943256
12,46,1.0619447248802016,1.4841714663097916,1.5208224853430117,1.4243002107902032,0.857205850965159,0.37156265304747826,0.00217005645132522,0.7449627588721142,0.9,0.0,0.7,104,0.3157362541043768,0.2950761997585045
12,47,1.0637043769508314,1.48589271496384,1.522522260228242,1.4261102931286893,0.8593315080750772,0.37078472757947967,0.00217784076688247,0.7487670868183642,0.9,0.0,0.7,105,0.3169740786030746,0.2986947148101295
12,48,1.084467279248677,1.5080890275389667,1.5479877741057795,1.4823553939500367,0.879260402030801,0.3815064418367822,0.00214440271970192,0.765129914349996,0.9,0.0,0.7,113,0.3398060665788366,0.3187535843762291
12,49,1.0314579601283762,1.4595583462174315,1.5093651879378074,1.4485826278705476,0.8260824357588965,0.3683577254118323,0.00196983003758652,0.7064159965595322,0.9,0.0,0.7,121,0.3166190622922812,0.3077874017477838
12,50,1.0748236626956293,1.5012270153366014,1.5476193099803945,1.541064121145023,0.8714835027718066,0.37305793595007264,0.0021472064799027,0.7637893585865577,0.9,0.0,0.7,128,0.3228013885210721,0.3042914925146375
12,51,1.073882866859592,1.504598731979892,1.560809469141303,1.594505861231612,0.8708993651745243,0.37345625512086456,0.00214264701200984,0.7632406249853049,0.9,0.0,0.7,141,0.3221685834197524,0.3069475600873765
12,52,1.118712321590071,1.5597456780099082,1.6390025928360061,1.827183250550767,0.9162495837747735,0.3827409887767771,0.0021999673858988803,0.816572895003008,0.9,0.0,0.7,176,0.3372179743981777,0.3226218244518773
13,0,0.969172391069325,0.9926935217641795,0.9920422748029514,0.3765678372324984,0.0,0.0,0.0,0.0,0.9,0.0,0.7,1,0.969427789187901,1.0643451285724657
13,1,1.1967990580806875,1.3146842864804524,1.3105527875303158,0.7147253769270304,0.4813239217098747,0.39802114561369767,1.259583216369e-05,0.0040276554744315225,0.9,0.0,0.7,3,0.8952493705984318,0.9241443684445928
13,2,0.8519796897367289,1.1988055015214478,1.1797178584531116,0.6676102976835514,0.7575704381731505,0.4290279313510349,0.00010741277885695001,0.03833800529895109,0.9,0.0,0.7,6,0.5062951175574579,0.5286366362354773
13,3,0.812220361072614,1.1844807853560237,1.168615191882401,0.6749028918995517,0.4922235523426933,0.4273821909882056,0.00016940177636642,0.07002456003593903,0.9,0.0,0.7,10,0.3902782232545123,0.4209494297740977
13,4,0.8430591962278868,1.233731759768502,1.216970547570475,0.7464368520031202,0.6737764839976679,0.47541950022150065,0.00034791330839159,0.1438147631821346,0.9,0.0,0.7,12,0.3412465421000103,0.3284845271755883
13,5,0.6796786664663438,1.076304275316339,1.0522837755425798,0.6234979762989417,0.7034386834153853,0.44449165879827424,0.00018506858747576,0.07503419470805892,0.9,0.0,0.7,14,0.2708577124153422,0.3383540154437237
13,6,0.6742142484354355,1.070664769171272,1.0464581698435822,0.6208991644124768,0.4618849174919185,0.4398718875084836,0.00018422810066874,0.07590047410762985,0.9,0.0,0.7,15,0.2686154735372862,0.3334913441175539
13,7,0.6831274565510549,1.0587537468123924,1.029292236168386,0.6463961358979176,1.1234026729261881,0.4703459194505931,0.00037086238551836,0.15476813695839414,0.9,0.0,0.7,16,0.1876599291646611,0.2320631655051483
13,8,0.684889376944029,1.0608126859993772,1.0343647247113956,0.6542298587409756,0.5455411569831481,0.4672570978038634,0.00040082151968713,0.16421864411953552,0.9,0.0,0.7,18,0.1987629744000757,0.2564175879127975
13,9,0.684005644349013,1.0598426952951479,1.0333739009868312,0.6557766714788177,0.5361880452386736,0.46754561586945537,0.00039682394419148,0.16279589824389934,0.9,0.0,0.7,19,0.1968563710028516,0.2505325075942339
13,10,0.6602003689408475,1.0145848654539291,0.9805907394329825,0.6332640428534094,0.8300404130350632,0.49607467267420385,0.00033997997786345,0.1312386150178787,0.9,0.0,0.7,20,0.1649294687044487,0.1789223566152302
13,11,0.6475966466600955,0.9988512950301759,0.9642726283755848,0.6224422690153653,0.569557678810888,0.48377331686323305,0.00034388392990756004,0.13394714457200615,0.9,0.0,0.7,21,0.1641219333336156,0.1860321032629014
13,12,0.6573442214737761,1.0085741402498278,0.977019534201552,0.6383407829270991,0.5503421492198728,0.488473334275123,0.00035878463933542,0.14416341090346357,0.9,0.0,0.7,23,0.1707067314847407,0.1859323410704268
13,13,0.6503647667978347,1.0008728769636894,0.9691893490625472,0.6362978217922649,0.5430533799984613,0.4831166180764603,0.00037387629664742,0.14211508240885165,0.9,0.0,0.7,24,0.1650917454586581,0.1814175972477656
13,14,0.6574030956178781,1.0034525194453932,0.9679334861353168,0.6459306703271136,0.5565243118554732,0.4917920168227236,0.00036705072870797,0.14528273846484754,0.9,0.0,0.7,27,0.1393712945492537,0.1834133469813181
13,15,0.611830425690862,0.952939272980659,0.9196104806741481,0.6098189173459683,0.5818964893819953,0.4586020801283407,0.00041792817813431006,0.13152731696197173,0.9,0.0,0.7,28,0.1153191125312109,0.1580055406694004
13,16,0.6330910717840464,0.9706163455437936,0.9458115537293187,0.6430986958872853,0.5538136904468691,0.5124737594591203,0.00027281508183022,0.10341085590844999,0.9,0.0,0.7,33,0.1187076658081715,0.1630939231501064
13,17,0.6172530672363287,0.9281954247351473,0.902501352321031,0.6237542365674171,0.679351839872842,0.5108582794634017,0.00030026591638840003,0.10997885052540511,0.9,0.0,0.7,35,0.1006928240554273,0.1361144902517093
13,18,0.651517577554812,0.9448720618154104,0.9198399224960753,0.6470592528670576,0.673096669645504,0.5530363208926823,0.0003136454202134,0.1198030559547882,0.9,0.0,0.7,37,0.0870169926097698,0.1264843599277969
13,19,0.6188728504574897,0.9054442256302735,0.8888375845253879,0.6501566983994239,0.571531164931722,0.528046119895751,0.00031371402616106,0.11308064135703318,0.9,0.0,0.7,43,0.0749065450589003,0.1033329489705749
13,20,0.6187737121109561,0.8960138377431254,0.8813188388114617,0.6570221212144923,0.5831895962521972,0.5320290316868005,0.0002963229578206,0.11468688691671121,0.9,0.0,0.7,47,0.0702649115537839,0.0956553328369432
13,21,0.6223612958308737,0.8990926236240777,0.88433299452654,0.6603674951245947,0.5651441812780429,0.541337191603435,0.00027459136629847,0.10815333220845653,0.9,0.0,0.7,49,0.0711417140058535,0.0988974070970573
13,22,0.6262191262006108,0.9013892219565646,0.889547830028082,0.6708012731663313,0.5814430059298111,0.5480630535208554,0.00027052135586248,0.10685190173522714,0.9,0.0,0.7,51,0.0679199265424547,0.0917813845643575
13,23,0.6200586574289805,0.8840470714479173,0.8708033203247251,0.6735564488684158,0.6649907339728743,0.5450989337812783,0.00030612764007126997,0.10836555959542107,0.9,0.0,0.7,52,0.06128937667195,0.0917896348232633
13,24,0.5975330219715731,0.8457408343387123,0.8337163744459072,0.6432954727243887,0.6926266027508399,0.5263850355756694,0.00034270816697589,0.10899912134259834,0.9,0.0,0.7,53,0.0692480724425501,0.096776332550106
13,25,0.6120117851049188,0.8393895916658558,0.8249170083915969,0.6543401370101354,0.7408047122990653,0.5221409905026989,0.00038777407084730997,0.1446209564282179,0.9,0.0,0.7,54,0.0472628130104898,0.0716755538940024
13,26,0.5999154558118495,0.8291487412578262,0.8211569645141882,0.6583159991526724,0.5608118842623641,0.5103441008523181,0.00039663562752051,0.14296187108271133,0.9,0.0,0.7,60,0.0505591237585353,0.0604700408919449
13,27,0.5985089109713809,0.8246843378529356,0.8163402718601729,0.6564052558702533,0.5832539279863088,0.5006186220928189,0.00042279714152680003,0.15473499259197615,0.9,0.0,0.7,61,0.0669450445326291,0.0778065416412313
13,28,0.5949997783634068,0.8009745254767293,0.7903386347815893,0.6538272735989842,0.640202625473864,0.503012287991568,0.00041034408734085,0.15451958504420257,0.9,0.0,0.7,63,0.0519000670750874,0.049921492365897
13,29,0.5954237614051306,0.8027661948923788,0.7954210371432497,0.6616074924083402,0.5618509275158099,0.5036914459276319,0.00041009092505519,0.1543010393011225,0.9,0.0,0.7,65,0.0518300245382475,0.0499271417055191
13,30,0.6008928137102865,0.8006544795709036,0.7956046363803808,0.6686600668711548,0.6038261492123066,0.5136052281884577,0.00041032768055596005,0.15258748874312672,0.9,0.0,0.7,67,0.044652082492644,0.0487023024500359
13,31,0.5999241582972145,0.7944258225043026,0.7856546660934728,0.6754096941801101,0.5833642711364982,0.5121881378820318,0.00040955186882176006,0.15431773465273854,0.9,0.0,0.7,69,0.0547754556358211,0.0604923806487103
13,32,0.6040229720194664,0.795547871373858,0.78644877994962,0.68662216589981,0.5851310411209732,0.517514726421635,0.00040958362897314,0.15432834963372674,0.9,0.0,0.7,71,0.0571182230985029,0.0598926714457915
13,33,0.6065828538773479,0.7983444712503651,0.7924121598589721,0.6972755969506387,0.581436065956141,0.5206610030263245,0.00040967810776414,0.15435992664224094,0.9,0.0,0.7,73,0.0572923541240996,0.0628632980382079
13,34,0.6054128188933466,0.7977036995545222,0.7949704282823038,0.7077515994741218,0.5781535571324677,0.5252929285782113,0.00039728258010443,0.14705395045637454,0.9,0.0,0.7,76,0.0546314037989007,0.060487271011641
13,35,0.6111544951769594,0.8071906143847093,0.8174273931167496,0.7785046667683782,0.5833752448425829,0.5537575494206431,0.00039200085294314,0.11948082606829422,0.9,0.0,0.7,90,0.0451749294957395,0.0488744230975895
13,36,0.6069475280990587,0.7724384562632256,0.7762401916185778,0.7621246861820761,0.7986216590425295,0.5579794567275197,0.00039198565970311003,0.11670869839331682,0.9,0.0,0.7,91,0.0389180595399024,0.0538267685846854
13,37,0.5723857533364076,0.7101317899711518,0.7141612507645391,0.7205087475819377,0.6610379632333611,0.528198850884791,0.00039276289747624995,0.11317744848974286,0.9,0.0,0.7,93,0.0334747905275312,0.0451666549883941
13,38,0.5719251269650877,0.7083788014641138,0.7154238883036483,0.7279598833103048,0.5645549790989292,0.528198850884791,0.00039276289747624995,0.11317744848974286,0.9,0.0,0.7,95,0.0340425251862871,0.0420720500030297
13,39,0.5721549219645671,0.7138016234775176,0.7339852940332602,0.7578097775791613,0.5556848927861577,0.5385231010459787,0.00032424267893704,0.10042059537911892,0.9,0.0,0.7,103,0.0353410702504746,0.0375476683433932
13,40,0.5821573710037745,0.7125774389348734,0.7158468880725244,0.7960868460995574,0.5709245471997091,0.5218358103143088,0.00043389804737282,0.1370337454758094,0.9,0.0,0.7,108,0.0307704233835034,0.0382658065497622
13,41,0.5747060807082249,0.6974049221727059,0.6998772035283788,0.7910968654301466,0.5868982086926768,0.5147384855853578,0.00044086635299674,0.13726085750556927,0.9,0.0,0.7,110,0.0290992602209046,0.0335431872524697
13,42,0.5826273648140696,0.7044153451239482,0.7067938584635187,0.8009288014208816,0.5706503945659104,0.5348988723741456,0.00038204454003139,0.12285815803576175,0.9,0.0,0.7,112,0.0342467152636048,0.0393412981616899
13,43,0.5849625565294808,0.7051425305966558,0.7105070973053881,0.8189554008439113,0.5812608850247164,0.5362047342240762,0.00039673947520129,0.1251963025682932,0.9,0.0,0.7,114,0.034131970676224,0.0386240529438344
13,44,0.585234324032567,0.7054553742511365,0.713975745869226,0.7536562448593758,0.5741665741794755,0.5350806775646844,0.00040799023633206,0.12734612114060628,0.9,0.0,0.7,117,0.0346922447847353,0.0408405444895654
13,45,0.5845560123533554,0.7009521893828048,0.7090806055355003,0.8319540279006276,0.5976933531033576,0.5332820500069261,0.00041507982846516995,0.12950777408236788,0.9,0.0,0.7,118,0.0357755455765156,0.0412246028409146
13,46,0.5830421638324176,0.6982813361620469,0.7062913684662089,0.8474833091951632,0.5719941603045832,0.5320889515950001,0.00041706331363718996,0.12912370704906392,0.9,0.0,0.7,121,0.0358042649148678,0.0417923756088493
13,47,0.5859257881633633,0.7002567571895415,0.7081739186026934,0.7744608093488459,0.5738896657623558,0.5260195169218449,0.00043073729418176,0.14123782821276332,0.9,0.0,0.7,125,0.0373782282544666,0.0434803043615618
13,48,0.5819177158350788,0.6956130279090774,0.7066176120640432,0.8756129170970222,0.5761241431668543,0.5248271635985811,0.00043089152558678,0.13749068289672498,0.9,0.0,0.7,127,0.0369876485537365,0.043707973957462
13,49,0.5794007619464004,0.6937091509382295,0.7079288108659576,0.7962744094755624,0.5724455610226963,0.5295901238680412,0.00042027848711793996,0.1279547348007267,0.9,0.0,0.7,128,0.0359429526909735,0.0418202864693271
13,50,0.5961077582920303,0.7030610338487555,0.7165318937357733,0.9054790360979443,0.6357162487523572,0.5396370698281323,0.00042232710260771005,0.14039883066174247,0.9,0.0,0.7,129,0.0324620513785735,0.0404068049304164
13,51,0.5751001982191811,0.6816265408169511,0.6950540456817436,0.8878509344275589,0.5645012705242327,0.5163781821576161,0.00041944362465672996,0.14037730935055315,0.9,0.0,0.7,131,0.0311896797430779,0.0334692152656308
13,52,0.5984872685610205,0.703203839821075,0.7196011121823365,0.9225421607424809,0.598453590124208,0.5430280271401104,0.00042151803483212,0.14017722508198555,0.9,0.0,0.7,133,0.0343473971852474,0.0413612038560841
13,53,0.5892131921073026,0.6941481690448897,0.7137211886910976,0.937544005092823,0.5799905880109847,0.5222044453158405,0.00044408439984328996,0.15395178323278505,0.9,0.0,0.7,137,0.0409344883145003,0.0456529166986818
13,54,0.5939984919680683,0.6978419288639793,0.7173044242020652,0.8490155241598027,0.5865043096682703,0.5333249607885013,0.00044689862547184005,0.1467022483736481,0.9,0.0,0.7,139,0.0382739957758807,0.0427426730923348
13,55,0.5861082829514311,0.6923204904390061,0.7214841480110319,0.9625752758436021,0.5767342683165382,0.5331539324530439,0.00041455757528287995,0.13606073880204272,0.9,0.0,0.7,148,0.0346121613896192,0.0397241248513397
13,56,0.5981289012156641,0.6962431363030708,0.7245899306717928,0.9767416120128458,0.6164010261288952,0.5435412018111574,0.00043263956049420006,0.14140213818867062,0.9,0.0,0.7,150,0.0334627170807841,0.0376806539280907
13,57,0.5959473502673112,0.6945053017184102,0.7260514050009047,0.9844978063994768,0.589791840338945,0.5425697019655806,0.00042044992328613,0.13972898802280143,0.9,0.0,0.7,152,0.0341200387609708,0.0383443945463802
13,58,0.5989088662315694,0.696305527572286,0.7277345951260715,1.0010840255065867,0.5919792211233944,0.5420062004839368,0.0004129800056035,0.1449010989098165,0.9,0.0,0.7,155,0.0372195172030731,0.0343276477917553
14,0,0.9889246309552481,0.9980228135734265,0.9978465920255832,0.3799376657193966,0.0,0.0,0.0,0.0,0.9,0.0,0.7,1,0.8885407810310084,1.0626028581794889
14,1,1.2668213366958558,1.3615646698149344,1.3583552129082181,0.759933860401343,0.5024085652274962,0.4382670846711308,1.11109036484e-05,0.004476432781402772,0.9,0.0,0.7,3,0.9008205704030292,0.9789629261693428
14,2,1.0034402010945895,1.3020702671609823,1.2878182645698875,0.7483631269193982,1.2252702528756987,0.4289508407579918,0.00031825244118222,0.10845227500079575,0.9,0.0,0.7,4,0.5346954717723651,0.4451609936432334
14,3,0.9939650596459654,1.2964035641272653,1.2818345709098287,0.7440040489738017,0.4817733097267457,0.42792858745990076,0.00031142076661982,0.1067519887923257,0.9,0.0,0.7,5,0.5335354701967521,0.4425392153066464
14,4,0.9416676915423311,1.271038057268506,1.2574131603027179,0.7321689386560613,0.6227636504228682,0.42855980115542414,0.00030945455767953,0.10541092530813592,0.9,0.0,0.7,6,0.4814856630333173,0.4052710317094117
14,5,0.9267373869232758,1.2684026177175096,1.2499470966508577,0.7401757855619623,0.5808446005774042,0.4232651077332842,0.00035789027302999003,0.1350397846935137,0.9,0.0,0.7,7,0.4552801630691618,0.368371819174807
14,6,0.909744067042484,1.258269381686895,1.238964223362179,0.7355179914082922,0.5335962743104942,0.4245328435266017,0.00035410412403592,0.13255196239966432,0.9,0.0,0.7,8,0.4345473920461539,0.3562268533460841
14,7,0.9047074175311494,1.256004748723555,1.2363344643430425,0.736730167044505,0.5019359812151236,0.4279614071096566,0.00035171425628087,0.1307606812600302,0.9,0.0,0.7,9,0.4251324510872464,0.3514065526281677
14,8,0.9020999988607558,1.2546222371930231,1.2347861032121734,0.7380025342679465,0.4886408865904376,0.4295692881612995,0.00034998998519601,0.12937664116168257,0.9,0.0,0.7,10,0.420419222871684,0.3493359482258791
14,9,0.8083662145337411,1.1752868027718286,1.1568764020506201,0.6709403968342296,0.45038359206696743,0.42541747810183617,0.00011578189475554999,0.049365564031622684,0.9,0.0,0.7,14,0.4481363935265813,0.4888363279414955
14,10,0.7939325274072939,1.1662640065914651,1.150384983795261,0.6773792179368973,0.4414115512876706,0.424801474971788,0.00010516277272029,0.04753389637073172,0.9,0.0,0.7,16,0.4486897076847981,0.4592007886262091
14,11,0.7219342687831637,1.114366215234553,1.0928957966536248,0.6507293449826458,0.6196791653831104,0.4370127397590899,0.00010396479110646999,0.047312917659261246,0.9,0.0,0.7,18,0.3466502892337861,0.3625908876159033
14,12,0.704639201320092,1.0990620758398897,1.076351651332368,0.6427224642295994,0.5107511727114743,0.43427888957285976,0.00011153125995991,0.04883946171792125,0.9,0.0,0.7,19,0.3397170923342318,0.3484646780471233
14,13,0.6769390551676306,1.0741947176377609,1.0533088317218515,0.6308042009588657,0.4494101017156917,0.42168074821268714,0.00012055288126747,0.051107427529908725,0.9,0.0,0.7,22,0.3120318729073865,0.3531258914802333
14,14,0.5929522660444249,0.9932386592531284,0.9806256344333385,0.5863054719261405,0.49789329880435174,0.38601173971514496,0.00012302545266553,0.05207411676993412,0.9,0.0,0.7,25,0.2523607069454972,0.2988623269457926
14,15,0.6086563848132712,0.9993409656241249,0.9799044138328293,0.6127878537196471,0.6746444590695547,0.4351947605976279,0.00013618652223890002,0.05608491120124447,0.9,0.0,0.7,26,0.1993974958509879,0.2198156601312924
14,16,0.6226535257215442,1.0134735854821924,0.9997162492675855,0.6437491914210546,0.4687155595827329,0.44653421592701137,0.00017567309356345,0.07234643809270905,0.9,0.0,0.7,30,0.1943455156263337,0.2227676450688969
14,17,0.6328726491368023,1.0182564985829883,1.002973511784275,0.6775297304266243,0.4919013581355479,0.4853955556160786,0.00015057972649975,0.05366768714785921,0.9,0.0,0.7,36,0.1735242276521165,0.2046935609099946
14,18,0.6434758054663982,1.0048566242520955,0.9809774935572447,0.6837520476582504,0.9041964363897825,0.48569015106659347,0.00033227678465012,0.12108636212011334,0.9,0.0,0.7,37,0.1635631310547231,0.1458183578784475
14,19,0.5946073810139348,0.9560182214609086,0.9384621445938387,0.6416258983882162,0.4763389195948143,0.4760311914629739,0.00017169750582958,0.06406785690935443,0.9,0.0,0.7,38,0.1213890168501556,0.1721346192458628
14,20,0.6292909801096672,0.9662968775704143,0.9445289619145643,0.6729627801137971,0.8218711292954329,0.5042167485528637,0.00027300619373323996,0.11002023758291739,0.9,0.0,0.7,39,0.1791427291144401,0.1665161505983027
14,21,0.629157294696914,0.9658841732129008,0.9440716864541195,0.6755731384995832,0.5339780486886004,0.5043280775434394,0.00027292679314199,0.11000202467440082,0.9,0.0,0.7,40,0.1784898400913697,0.1662607860063991
14,22,0.62872275337388,0.9629666610354685,0.9376378115244136,0.6759618338509141,0.5512294793692951,0.49282412551959687,0.00031118958009668,0.12614612280337686,0.9,0.0,0.7,41,0.1193771546555609,0.1302149706559224
14,23,0.6071464376189688,0.8952824926968729,0.8664493823709598,0.6447201300162447,0.7720306453407874,0.4992629788261855,0.00036216007641129,0.1281810102134802,0.9,0.0,0.7,43,0.1046987551139281,0.1001931728521297
14,24,0.6153344487648946,0.8918654858938467,0.8646245220618365,0.6548874226641913,0.6125703412460967,0.5067518677433382,0.00037240743341663,0.13899112694731228,0.9,0.0,0.7,45,0.1091940916016773,0.0948784325917382
14,25,0.6077826577040473,0.8841149622060528,0.8568455689026434,0.647907050700627,0.5483503255975939,0.5040414254134813,0.00035909584849221,0.1318593654636892,0.9,0.0,0.7,46,0.09594623614922,0.089236474488756
14,26,0.598240458171066,0.8413197310444248,0.8099249337793005,0.6278918659904262,0.8342373243564896,0.5115772050575506,0.00031416327195002,0.12715638102466031,0.9,0.0,0.7,47,0.0728392438516679,0.0764229210962469
14,27,0.5874218205932771,0.8054111682829818,0.7741939061108677,0.6091591011459263,0.6552286213499211,0.5072963083021387,0.0003197442679522,0.12935578245566218,0.9,0.0,0.7,49,0.064985012955259,0.071585389997048
14,28,0.5469218223605982,0.7118018612927829,0.6746595534346906,0.5483117021494203,0.7247097786522269,0.4731502239428327,0.00029086330329577,0.13449690334000505,0.9,0.0,0.7,51,0.0527799396889419,0.0527693233973353
14,29,0.546946349340266,0.71328694636503,0.6794459649801927,0.5626454437693411,0.5201112411931296,0.4733346599540061,0.00029058435015167,0.1343065897452021,0.9,0.0,0.7,54,0.0528185107958651,0.0524818445845569
14,30,0.5413190575200836,0.6838659380522955,0.6506217985223453,0.5514250137059237,0.5818966082192535,0.47651255567110357,0.00028171280545348,0.129463339986514,0.9,0.0,0.7,57,0.0455060081963356,0.0542702028398332
14,31,0.5580967615945924,0.6961198776686496,0.6623974151230062,0.5690173439062362,0.5702025632959685,0.4763567167372411,0.00033772838796804997,0.15483589425324273,0.9,0.0,0.7,58,0.0478375202033747,0.0386046230487674
14,32,0.5588459302992071,0.6479507520488129,0.6060021474619354,0.5456438645483008,0.7165289554574656,0.48220501343749117,0.00034426581613099,0.15951336064936972,0.9,0.0,0.7,60,0.035033472653828,0.0287071590429013
14,33,0.5573917170165641,0.6374265774044198,0.5977118295745002,0.5467372828422008,0.5818442110542585,0.48220501343749117,0.00034426581613099,0.15951336064936972,0.9,0.0,0.7,62,0.0339003420801647,0.0283174192018488
14,34,0.5622296556590723,0.6415524904525588,0.6017655234009323,0.5599345355693008,0.553084128615382,0.48859393831141934,0.00033784980455629,0.1583507559678366,0.9,0.0,0.7,64,0.0322790802076395,0.0271943909449325
14,35,0.5390847000762683,0.6067018175844548,0.5751964065459025,0.5728511569515984,0.5421296870668499,0.47956365623392444,0.00031088162212006,0.13995424665311385,0.9,0.0,0.7,73,0.0339799445360634,0.0262514875908143
14,36,0.5576011703553615,0.6281937103567651,0.6064519671263959,0.5571566029467325,0.550923869167669,0.48706087767952294,0.00033758071607169996,0.1570422784715732,0.9,0.0,0.7,77,0.028654890442451,0.0253281132813836
14,37,0.5544192637255009,0.6070337639640799,0.5803393473359938,0.6154770092735687,0.5755697363488507,0.4885220873084907,0.00032857372336821003,0.15347752823604183,0.9,0.0,0.7,81,0.0348886407131998,0.0265093833412172
14,38,0.5561266766172972,0.5979881475675053,0.5702260391540219,0.6167759706558845,0.5869376840145588,0.4867509404702725,0.00034049680029235,0.15994533403401273,0.9,0.0,0.7,83,0.0290402786939171,0.021925710952889
14,39,0.5566819518781105,0.5881681943171913,0.5625386374068349,0.6233139051160068,0.5924168327187778,0.48879785387133884,0.00034212812779174,0.15994344543743344,0.9,0.0,0.7,85,0.0280495917889671,0.0209265652541772
14,40,0.5556896948515542,0.5871605439515166,0.5615294745956032,0.6219765472347963,0.55099210914299,0.4883775892364078,0.00034052223407879,0.15906859306163493,0.9,0.0,0.7,86,0.0279122723199559,0.020921469889808
14,41,0.5601177880800616,0.5912188426454121,0.568709218683631,0.6351491812010004,0.5682320668499816,0.48984640541033053,0.00035034768417028996,0.1637860531050241,0.9,0.0,0.7,87,0.0278895311965846,0.0208166798249256
14,42,0.5589105342092088,0.5815253557858358,0.5550234144029227,0.6333416505492314,0.602500301075776,0.4923900065965006,0.00033997526607124,0.15981772638010305,0.9,0.0,0.7,88,0.0287235498789046,0.0201596899833635
14,43,0.5610177665071329,0.5835903449647644,0.5634011615774195,0.6694545354147169,0.5603812077344212,0.49501633972898085,0.00034012154249445,0.1598880673458308,0.9,0.0,0.7,95,0.0297631610778266,0.0199261931410665
14,44,0.5615276025418763,0.5816310718349094,0.5611999582330541,0.661971465700727,0.5749151007493637,0.49512301372157536,0.00034296504249150997,0.16082958652447032,0.9,0.0,0.7,96,0.0272177166610013,0.0189031002241145
14,45,0.5615479071369678,0.5809293087089458,0.5604274924119926,0.6615615197268104,0.5631705139937658,0.4952500907278947,0.00034307195007568,0.16079694095089092,0.9,0.0,0.7,97,0.0271556246093528,0.0188662762505204
14,46,0.5647819284664949,0.584028881236333,0.5666726841001893,0.6736572986845153,0.5672019904734216,0.4962276527734248,0.00035073582861196,0.16438898111675526,0.9,0.0,0.7,99,0.0269128877712643,0.0187287942224556
14,47,0.5703734858090975,0.5854192297583315,0.5708114186876676,0.7292334137170522,0.5716691291642372,0.5054452044309049,0.00034125701550648003,0.16131154691184493,0.9,0.0,0.7,109,0.0294031052301163,0.0237810764599534
14,48,0.570336666994823,0.5898716262206423,0.5851795096987579,0.6656879933462634,0.5677991629447253,0.5053409816689022,0.00034129074234787003,0.16139395742643906,0.9,0.0,0.7,112,0.0293073869138329,0.0236488962216785
14,49,0.5633713435721036,0.5791748843622028,0.5709594517414911,0.7752331844880175,0.5621873352108331,0.492837303865651,0.00036009356136161,0.1678220189562349,0.9,0.0,0.7,125,0.0333808993270087,0.0208907303457808
14,50,0.5676865081779009,0.5872831199967598,0.5952342836349888,0.8937416581608102,0.5670759427328697,0.48876411525282093,0.00038290578409264,0.1797182838373225,0.9,0.0,0.7,143,0.03064094894354,0.0186963406252455
14,51,0.5486088718723464,0.5652291256441563,0.5728905491894992,0.9518564337300023,0.5477970327013331,0.4850136937485672,0.00033925552927467,0.15767846819108783,0.9,0.0,0.7,165,0.0364435515324695,0.0255339484060191
14,52,0.5481930736366565,0.5587128829112814,0.5657814196541526,0.9448229145072109,0.5880301179877322,0.49053805666697636,0.00033296821703032,0.1507695863117704,0.9,0.0,0.7,166,0.0330117293107999,0.0223665635924658
14,53,0.5478837084780067,0.5596183760103933,0.5699648155209607,0.959061382269353,0.5476941812640181,0.4900691650106195,0.00033285135994484997,0.1509667424989554,0.9,0.0,0.7,168,0.0332904818967057,0.0229804922695817
14,54,0.5505521019564659,0.5572961029873308,0.5671585622400241,0.9756731020533195,0.5582058091129499,0.4872457314995239,0.00033638472781062997,0.15903653218940939,0.9,0.0,0.7,172,0.0355437626621516,0.0256130051727125
14,55,0.5482859600525837,0.5549557541773334,0.5679713059399821,0.9916063204972193,0.5529869939025618,0.4868557919767339,0.00033346454007615004,0.1564957299078213,0.9,0.0,0.7,174,0.0352178384287338,0.0249450016334097
14,56,0.551416897152389,0.5571247895999835,0.5700472040763188,1.0462133246747176,0.5514262381406623,0.48949650187341215,0.00033644959855111997,0.15769193310894078,0.9,0.0,0.7,187,0.0361994365227904,0.0246467030120307
14,57,0.5538269932515142,0.556773520098325,0.5662682721680649,1.03495819625468,0.5618960807408825,0.48969229910604134,0.00034331508052524003,0.16103808428309796,0.9,0.0,0.7,188,0.0342358611666644,0.0252065602639911
14,58,0.5526727088559649,0.5583924926284445,0.5744764589840587,1.0898008264918195,0.5525016093321057,0.48933471320231026,0.00034086677360335,0.1598762713099848,0.9,0.0,0.7,196,0.0343741604801308,0.0248045687334209
14,59,0.5529582664828374,0.5562657666136112,0.5721164177510317,1.0967753879330366,0.5689340767606588,0.4895595551278223,0.00034413218329893997,0.16028860305864934,0.9,0.0,0.7,197,0.0351483216478849,0.0256003089834621
14,60,0.5539655939427689,0.5568566844191556,0.5726670816065408,1.0938633870927954,0.5566305120857958,0.48976289746171064,0.00034445924661523,0.16151653610444386,0.9,0.0,0.7,198,0.0351393943359753,0.0262491294823538
14,61,0.5526571313118749,0.5554814960501944,0.5712854417067506,1.0989920437968956,0.5529919415300906,0.4889576795586778,0.00034395659142519004,0.16069063537865597,0.9,0.0,0.7,199,0.0345440070809199,0.0259193093966261
14,62,0.5524584945101559,0.5524584945101559,0.5648288736623459,1.1061955672738404,0.5613163317906757,0.48985466697963065,0.00034286271972789,0.15941327746926903,0.9,0.0,0.7,200,0.0352552596856768,0.0253979329992136
15,0,0.9903316341685897,0.9983985274795911,0.9982558399346052,0.3801752415775947,0.0,0.0,0.0,0.0,0.9,0.0,0.7,1,0.8829391916661531,1.0627532136653417
15,1,1.2022928456140183,1.3063863571184389,1.3028105112283832,0.704135561628148,0.4651616217110219,0.3820328284253232,1.218639761945e-05,0.003824103678213432,0.9,0.0,0.7,3,0.8132968462150766,0.9235323653580444
15,2,1.103346896416491,1.3293619333340367,1.3200374957564145,0.7553288046032576,0.8313415266242389,0.4270218354751756,0.00023697882377853,0.07094153286418996,0.9,0.0,0.7,4,0.5454824767994169,0.7955571256207533
15,3,1.0247148729960787,1.318458582251324,1.3046019228010297,0.7684044962756803,0.6305660887308437,0.42899949996654696,0.00042154517488824,0.12546500543740066,0.9,0.0,0.7,6,0.4688382329101995,0.5463863982733312
15,4,0.9492871296260049,1.2747059499818292,1.2580242619040696,0.7381501641217224,0.6571442592796809,0.4295226889761538,0.0003782919020329,0.10756785595216797,0.9,0.0,0.7,7,0.4194299493924817,0.5181947855206225
15,5,0.9541272065711867,1.3019633077518027,1.2862424958549223,0.7775672018740508,0.6759962578493206,0.48657063167621184,0.00037357885055912,0.10859789048064714,0.9,0.0,0.7,8,0.508656091208372,0.3851008096460568
15,6,0.8812988842498823,1.2368878202513067,1.220154096159281,0.7176508945811207,0.5306021674577538,0.4298562813690035,0.00034770655116451,0.10478629261537155,0.9,0.0,0.7,9,0.3602799667164159,0.4652921306062656
15,7,0.8812423740885733,1.236823860371627,1.2200882384096525,0.7175930853826711,0.4602301165663771,0.42955453596800486,0.00035218579842067,0.1051133299523238,0.9,0.0,0.7,10,0.3597946596713795,0.4640958605997772
15,8,0.9144305245004737,1.2747196066460424,1.2608405521038084,0.7611280973546801,0.5329135054296589,0.44914763357389703,0.00046648384030184,0.13911306808633575,0.9,0.0,0.7,11,0.3583819834492215,0.4551629476599953
15,9,0.8742746948482938,1.2575970854209324,1.2393199853882528,0.766686439184919,0.8372871734156596,0.5052515240096622,0.00039687619587917995,0.11301009668876341,0.9,0.0,0.7,12,0.3075875070313754,0.4492547008419504
15,10,0.8769516517543055,1.2607850618067218,1.24243419047427,0.7806945761790822,0.5440188687251551,0.5028099552122698,0.00037078062560326003,0.12188610103643542,0.9,0.0,0.7,13,0.331874534302884,0.5005356357965852
15,11,0.7931885636162953,1.1893430739565434,1.169832750449495,0.7214554059525317,0.8231230766338955,0.48430842889564474,0.00037206577733516,0.11303677022803357,0.9,0.0,0.7,14,0.2301363068973897,0.3674185881303446
15,12,0.7896797559904878,1.1877227957847913,1.1710824802496642,0.7348164894920594,0.5315590830739285,0.48606048658475837,0.00037292976415019996,0.11330789014882381,0.9,0.0,0.7,16,0.2298263423379328,0.3626609056537777
15,13,0.7798477392242532,1.1779559237589612,1.1612444632985262,0.7278421099471194,0.5126914168312767,0.47718958969148756,0.0003686655893681,0.11190070834665332,0.9,0.0,0.7,17,0.2262812370488351,0.3561811448363668
15,14,0.768345388808489,1.1658786979152782,1.1436203884221705,0.7315098660925383,0.5998304762625907,0.46808732661701163,0.00034804362155941,0.1444166776155535,0.9,0.0,0.7,19,0.2878128238059795,0.3570613471639162
15,15,0.7880229583689132,1.1815246028238935,1.1552359225393318,0.7781207237325665,0.8618388365084386,0.4966015618589059,0.00045176252210583,0.19470479809102598,0.9,0.0,0.7,20,0.2374198702067481,0.3224075867771225
15,16,0.792164145741812,1.1855205433501645,1.1617044081447954,0.7962835870424716,0.609502697229299,0.5253303156890785,0.00054220096802427,0.17468529651018638,0.9,0.0,0.7,24,0.1978083926687909,0.3196178357747692
15,17,0.7012613907445668,1.0876775910260892,1.0640568880860464,0.7124005311255228,0.7456578555392912,0.4300475821824009,0.0005068954814401499,0.20512259874169284,0.9,0.0,0.7,25,0.2219858876200495,0.2641813484152544
15,18,0.7255895444398889,1.0967933414132702,1.069246703555826,0.7342276670678471,0.8549729647594657,0.4582501918803953,0.00061817093987013,0.24480939455813738,0.9,0.0,0.7,26,0.2227622764655698,0.2630693266943482
15,19,0.6782731236024522,1.0471132203110594,1.0218817147603683,0.699833512321498,0.6194715199091794,0.4470052135479889,0.00050257654448111,0.20202759373204696,0.9,0.0,0.7,27,0.220514058399491,0.2450591791105689
15,20,0.6480456571075015,0.9947627865893383,0.965445635510688,0.6587966166626129,0.8123410440743851,0.4430729746270852,0.00048861641716805,0.19778166593384353,0.9,0.0,0.7,28,0.175147901686864,0.1921404260792799
15,21,0.6476031055940406,0.9953523381521039,0.9692596236025859,0.6738631741576739,0.5400088892225143,0.4430729746270852,0.00048861641716805,0.19778166593384353,0.9,0.0,0.7,30,0.1738138615653428,0.1911424850741129
15,22,0.7515409927561276,1.0867588273252393,1.055508922805398,0.7883695975056928,0.6829307535593954,0.5338448270097054,0.00053011114115548,0.2434761782698202,0.9,0.0,0.7,34,0.111536857222821,0.1667289655823221
15,23,0.7505896406556437,1.0855388479183483,1.0573091660851115,0.7966768098575234,0.6563024993519871,0.5328982674116145,0.00052883236743122,0.24538114591147248,0.9,0.0,0.7,38,0.112567792870161,0.1726871066219888
15,24,0.7470705877876174,1.0832794558532597,1.058318493350666,0.803833498999721,0.6488282010598758,0.5329521073669411,0.0005202273855126,0.2405320103484311,0.9,0.0,0.7,41,0.1077885915721665,0.1667414813495553
15,25,0.7444278218837063,1.0794185668058902,1.054262739138438,0.8295442764699353,0.6598264891739332,0.5307243614391736,0.0005238092890553499,0.24100413400928786,0.9,0.0,0.7,42,0.1110217645955921,0.1673941871703106
15,26,0.7488262211634859,1.0825741745023654,1.060289703709978,0.8292674458804228,0.6828909273069396,0.5382464029401789,0.00051874599217145,0.2406577359353535,0.9,0.0,0.7,43,0.1060138173068261,0.1637035204000285
15,27,0.6931434270726313,1.0269703168998205,1.0046818721991166,0.7910896761996724,0.5979087526398406,0.46819569023671437,0.00058996225181514,0.25135253324758794,0.9,0.0,0.7,46,0.0966377962175843,0.1366620868231392
15,28,0.7439447652606695,1.0692882033225295,1.0457084239432102,0.839395620802599,0.7419040701492183,0.5383122999923731,0.0005232992212037,0.24235404235679364,0.9,0.0,0.7,47,0.0999581665533455,0.1554302141346478
15,29,0.6407072265707515,0.9388562106837451,0.9175765734750337,0.7237488859425298,0.6286602312689883,0.486720883833667,0.00043373724283413996,0.1871656166408505,0.9,0.0,0.7,52,0.0948765695300871,0.1276802476726088
15,30,0.6400762756982086,0.9331296454843256,0.9111636974602699,0.7213651064476183,0.618478152453227,0.48791596722610775,0.00043743508589765,0.1884482360363597,0.9,0.0,0.7,53,0.0862866461255053,0.1187301452321213
15,31,0.6055168061068392,0.8878068840649549,0.864422277971689,0.6874073815321391,0.6396942961664931,0.4613026671865694,0.00043340240658892,0.18065681180018905,0.9,0.0,0.7,54,0.0766117162939702,0.1030160234680463
15,32,0.6101632128836695,0.8865963216617272,0.8655694580029336,0.6920105105218366,0.582312584674647,0.45757873549073114,0.00046148099344496004,0.19676437962999518,0.9,0.0,0.7,56,0.0757150042762639,0.0972921515552142
15,33,0.6464671818687159,0.9151910644393749,0.8931871281773758,0.7365305578125612,0.6229566259508937,0.487154980107476,0.00048599443474181997,0.2152479082944705,0.9,0.0,0.7,58,0.077117502396837,0.1043122514478986
15,34,0.5903156581998638,0.858850980375707,0.8399419093860183,0.7091844353749156,0.5356951378329053,0.4444501848177479,0.0004999520163232599,0.19090261675463943,0.9,0.0,0.7,65,0.0691653499480666,0.0945614448996586
15,35,0.6010310156428884,0.8665621339279954,0.8503977505513163,0.7266762321140287,0.5655242397489549,0.4515568246266467,0.00051053597272592,0.1996285271065914,0.9,0.0,0.7,67,0.0712281839346955,0.0923550558775952
15,36,0.5884642830894447,0.8543993623689188,0.8414048998284556,0.7200463401158661,0.5433664881709295,0.46230440016248675,0.00041066071003452995,0.16846625814008082,0.9,0.0,0.7,68,0.0659047904975756,0.0856216696994375
15,37,0.5911666510667244,0.8541395280382378,0.8407797549741143,0.7274688344573383,0.5630904262423969,0.4616492253208625,0.00041696542292118,0.1747927303980083,0.9,0.0,0.7,69,0.0638716598168239,0.0847302536153463
15,38,0.591836422681141,0.8562594905921639,0.8461991915986663,0.7373306186249624,0.5387342168475533,0.46157388468690314,0.00041801371084919,0.17587282056960543,0.9,0.0,0.7,71,0.0636784588386326,0.0847442044388242
15,39,0.6115472251247374,0.8771765741126436,0.8703857652985731,0.765846725131929,0.5608402114496598,0.47211999213995587,0.00045720794050190997,0.1906305929932437,0.9,0.0,0.7,72,0.0685372806388099,0.0809887235933992
15,40,0.6207926649880298,0.875169904293777,0.8638850464772976,0.767550293419027,0.6535196201038991,0.47656994875013237,0.0005051564594791499,0.2032342365350475,0.9,0.0,0.7,73,0.0690189520195915,0.0880089557449143
15,41,0.6208623426088572,0.8758593335880632,0.8677747109802317,0.7762525983887194,0.5751104007513299,0.47207225627821703,0.00052319280502651,0.20954748205448806,0.9,0.0,0.7,75,0.0711201932236379,0.0899741820324177
15,42,0.6207429641507551,0.8754919678845309,0.8673774600422196,0.7791999542822238,0.5735831338373375,0.4723943762281526,0.0005212922162231199,0.20908748989849638,0.9,0.0,0.7,76,0.0718683739739997,0.0909561925707957
15,43,0.6152102723350306,0.863961602200849,0.8582554836160015,0.7985928798977873,0.5809516667295213,0.46280959365932484,0.00053605017841676,0.2171757682907911,0.9,0.0,0.7,81,0.0653636651745036,0.0842652354802129
15,44,0.6232212031780464,0.870758661138803,0.868036222917481,0.818036738665852,0.5885759763905729,0.47118423010405636,0.00053663190828335,0.2191350929751414,0.9,0.0,0.7,83,0.0647823925709964,0.0840429017193194
15,45,0.6194039644952778,0.8578480788373114,0.8540568136473229,0.8126717567291215,0.6504127785487003,0.4717623923601548,0.00053208565679078,0.217079144227264,0.9,0.0,0.7,84,0.0612347811233067,0.0787717187102303
16,0,0.9343351187278541,0.9830297063501253,0.9815171597019771,0.3704571577483596,0.0,0.0,0.0,0.0,0.9,0.0,0.7,1,1.1082280589162576,1.0620655799069914
16,1,1.4238740335411566,1.5875670248554457,1.578388532960934,0.9963803511893534,0.8129929700484173,0.4266629110971931,0.00045112661903861,0.38708892246298193,0.9,0.0,0.7,3,0.6911828759522332,0.6730443985845096
16,2,1.3002065082202974,1.4992563393518237,1.488236921264925,0.9177795044095727,0.709563926971244,0.40251915782868325,0.00036941954272621,0.3214792942543404,0.9,0.0,0.7,4,0.6774407382143217,0.6354617119750107
16,3,1.0809255486684606,1.420929920932298,1.4001813151097413,0.8820108928555803,1.3108940363259838,0.4276201120507333,0.0003451094492423,0.3332513226979581,0.9,0.0,0.7,5,0.3967779159180651,0.4817891061661191
16,4,1.0011925462065971,1.3689786225843759,1.3467714838143152,0.8533732993184389,0.7678355131905268,0.4276201120507333,0.0003451094492423,0.3332513226979581,0.9,0.0,0.7,7,0.3819377695221434,0.4149894358876762
16,5,0.9855021757721769,1.3564914073309913,1.3374685190109887,0.8436226667505524,0.6118358227557371,0.427595954600189,0.00038711057796447996,0.31524511950106043,0.9,0.0,0.7,9,0.401540863057283,0.4331949680186766
16,6,0.7850342857330046,1.1722175789936369,1.1490182543411938,0.6796404401918469,0.7525061847180622,0.49041820541951314,0.00012107721231517,0.03816523788199706,0.9,0.0,0.7,10,0.3011954497211244,0.3731874848043419
16,7,0.7159691151739408,1.1120309867275162,1.0860915983257493,0.6515725575931394,0.6835054574974968,0.48864012766824194,0.00016691081543698,0.04922739726648579,0.9,0.0,0.7,12,0.236063020754013,0.3366874043477527
16,8,0.7145290409633017,1.1105855827643782,1.0846349364209384,0.6536202061103077,0.4736801333149058,0.48730655090542757,0.00016626824363573001,0.04905722072972917,0.9,0.0,0.7,13,0.2371223046665973,0.3351128217075618
16,9,0.7237448107268523,1.12099526156976,1.0975558224627469,0.6645493209269114,0.5461418510357335,0.49741008518351426,0.00020765835883418,0.061527290467919576,0.9,0.0,0.7,14,0.2117348194969343,0.3251289052831231
16,10,0.7145441159861519,1.1123496335858527,1.0913115106842388,0.6737445226611609,0.5214109333379792,0.49741008518351426,0.00020765835883418,0.061527290467919576,0.9,0.0,0.7,16,0.2033927245167514,0.3110460610721625
16,11,1.2082994922989612,1.595649412095057,1.5666297781747192,1.1973150912450934,1.082226264118862,0.9718272934552022,0.0005225586553547501,0.21907882625468078,0.9,0.0,0.7,22,0.1906142472351111,0.1626636473148364
16,12,1.2472498729663513,1.6338359534398506,1.6074252338628854,1.251260352004721,1.095758454185305,1.0,0.00058534556588998,0.24643230524618426,0.9,0.0,0.7,24,0.1798751330884935,0.1575498265923879
16,13,1.1020679054685674,1.463164148714849,1.4274691203933552,1.1067539201266283,1.3838646892972648,0.8879596268414044,0.00061689742717527,0.24463740695888872,0.9,0.0,0.7,25,0.1484797310200216,0.0858941177030144
16,14,1.0894713059821832,1.4511376142820114,1.4185475948344541,1.108987867063494,0.9639488062292283,0.8800756853519314,0.00060780048397037,0.2386648437042983,0.9,0.0,0.7,28,0.1474546460596737,0.0861659286897868
16,15,0.9791747871656311,1.3317503200907705,1.303475720402366,1.01386011330065,1.0199119261442628,0.808051469706841,0.00048640606473701,0.19322460821231802,0.9,0.0,0.7,29,0.1472372502297143,0.0947415431027074
16,16,1.009564577207642,1.3541993739627518,1.3245132040476633,1.0389484498907358,0.9990311270803368,0.8512444499528811,0.00048546294650058004,0.19238536757442284,0.9,0.0,0.7,30,0.1320068495176291,0.0735898374365484
16,17,1.0061512992366926,1.3453965524920064,1.3117539031317507,1.034829437206697,0.9451222112292573,0.851244444797616,0.0004854629434201,0.19238536612193066,0.9,0.0,0.7,31,0.1303554734486386,0.0685737449828797
16,18,1.085479720533922,1.4189605972455113,1.393564806843776,1.1312969962571542,1.046297129234263,0.8972842579341235,0.00064895349423935,0.2586189049961045,0.9,0.0,0.7,33,0.1150477016309219,0.0658617807324545
16,19,1.06203243945082,1.395506673706227,1.370109391907727,1.1135304260106924,0.9651804691642417,0.8831067906347742,0.00061231052980368,0.24336543702862282,0.9,0.0,0.7,38,0.1151444092990488,0.0642408007965154
16,20,0.9430055231891602,1.2550533074087535,1.2202511215142757,0.9880518367058997,1.052119010923522,0.8292962367426436,0.00036385113000067,0.16096673271673081,0.9,0.0,0.7,39,0.1125816122428221,0.1120624322672015
16,21,0.9206125825611688,1.2174995261101615,1.1805374671052127,0.97335831811447,0.8672051667598208,0.7909457947404317,0.00048734118687342,0.19124452481752519,0.9,0.0,0.7,46,0.0884728911115934,0.0607869969901037
16,22,0.9291484354542655,1.2244726158268695,1.1966054920314624,1.0132028984463792,0.8852659836936951,0.8014731817947074,0.000494196121199,0.1944139109601615,0.9,0.0,0.7,48,0.0848954500182103,0.0574400632992053
16,23,0.8275050261734105,1.0889625142508363,1.0473042881889565,0.8810010529210921,1.0443408318328034,0.7164366005816648,0.00049440374378809,0.17868799186554987,0.9,0.0,0.7,49,0.0906830534510771,0.0432004219180584
16,24,0.8167148740566164,1.0729327032617069,1.0306552029877294,0.8730607721984127,0.7790677087429407,0.7219533312288984,0.00044215062013936,0.15862104899779247,0.9,0.0,0.7,51,0.0681023650207099,0.0409562820734545
16,25,0.8195990899349394,1.0647601279608798,1.0242418592782199,0.8784632347200553,0.8219931980040585,0.7147326821020435,0.00049393225996837,0.1788715614352407,0.9,0.0,0.7,53,0.0610492808175938,0.0430307778361552
16,26,0.793917058959873,1.0416034241393104,1.0076415308842983,0.8843301897205678,0.7440033385241065,0.7037054648023525,0.00043570986044184,0.15656049778331613,0.9,0.0,0.7,56,0.0643453296234579,0.0332331815670712
16,27,0.7212251971496145,0.9587299651703597,0.9204156680430687,0.7900298079911335,0.745665412062056,0.634369771872462,0.0004320741824377,0.14623721279302865,0.9,0.0,0.7,57,0.0734547720629327,0.0349999819639571
16,28,0.8516964523265488,1.0829551607044814,1.047025500208281,0.9372074550651835,0.8700077091453579,0.7552764225509456,0.00050053423659319,0.1808681964582022,0.9,0.0,0.7,58,0.0609486892885986,0.0401942634578261
16,29,0.75771908425604,0.9740654363390222,0.9332579588658044,0.8332503734290413,0.7714028517140351,0.668848240693258,0.00047476787016635994,0.1637761582779862,0.9,0.0,0.7,60,0.0524876009668335,0.0306145346231143
16,30,0.8153542048371101,1.0311804968974947,0.9934490256614945,0.9047521687121381,0.7822750017358798,0.7234026758285643,0.0005004954241144899,0.17676431064213727,0.9,0.0,0.7,62,0.0572326797748319,0.0325834875523006
16,31,0.7587006561924746,0.9666544741474756,0.9280192239908323,0.8469259225711642,0.7828833637246494,0.6772463616196005,0.00045102101355785006,0.15841385581599546,0.9,0.0,0.7,63,0.0504788469596363,0.0274206955330185
16,32,0.7492062667328376,0.9400740944424315,0.8963712064155863,0.8320871147215706,0.7760070638116742,0.6664446710025187,0.00048120607761958,0.1647150745828363,0.9,0.0,0.7,65,0.0475472491628538,0.0278747688248005
16,33,0.8171898392402526,1.0076595312304173,0.9670495288100587,0.926339918397113,0.7872754441668712,0.7307013576643274,0.00044896018783535,0.1799160604616973,0.9,0.0,0.7,69,0.0459822039128698,0.0285714622250357
16,34,0.708823666905194,0.8966850824523488,0.8620594446077422,0.8184775502168553,0.6986196965055159,0.6411017627635138,0.00042206772270367,0.14234093205457768,0.9,0.0,0.7,71,0.0567615139262009,0.036035472441737
16,35,0.8261641538496974,1.0023986082601397,0.9602116232963706,0.9336006558291966,0.828458033537017,0.7486974519060675,0.0005017995041839901,0.1745384931502936,0.9,0.0,0.7,73,0.0454921794644539,0.0243681621559212
16,36,0.7156869622028146,0.890173196295929,0.857218311669391,0.8480672071369075,0.7027269368389433,0.6356334939136765,0.00048237753123397,0.16412895416223555,0.9,0.0,0.7,76,0.0480469011837518,0.0264742959535597
16,37,0.7135608956993369,0.8805682473082657,0.8467995281569973,0.8449075737239584,0.742741376035256,0.6336265427334441,0.00048397361846709997,0.1660320939932967,0.9,0.0,0.7,77,0.0495516977210034,0.0264406824792249
16,38,0.7426229421345026,0.9025641750852943,0.8586008105762652,0.865189070833731,0.7199469892679479,0.6643974024754147,0.00047843203168765,0.1687754582027586,0.9,0.0,0.7,82,0.045088354781059,0.0270960333050852
16,39,0.7332983437060875,0.8949574593022868,0.8574667127561808,0.8810410184996774,0.7094381693048156,0.6557522796699138,0.00047391900225527003,0.1669584590736264,0.9,0.0,0.7,86,0.0445136246050036,0.0268181209506219
16,40,0.6974975674337875,0.8591590934705453,0.8311003198901475,0.8589259529765495,0.7022157018259669,0.6232448389772713,0.00047663912899075,0.15895423592878133,0.9,0.0,0.7,87,0.0428136983628057,0.0294990905327973
16,41,0.7210475011481439,0.860263164772405,0.8298138214046142,0.8722426632533069,0.7844913888686631,0.6387631533884575,0.00055031145274379,0.1788954109259242,0.9,0.0,0.7,89,0.0415976328287684,0.0231433105222671
16,42,0.7070484569126252,0.8466685248918415,0.8162619673386657,0.8779849443541994,0.6862927692314635,0.6374870890464748,0.0005109882932006,0.1604293675557884,0.9,0.0,0.7,90,0.0375741661090327,0.0262706031183136
16,43,0.7216416256257385,0.8595103825925641,0.8320667742876938,0.8751210915920633,0.7216381886702805,0.6390782314160935,0.00055440650545969,0.1800777989136293,0.9,0.0,0.7,91,0.0410090502820493,0.0229838546598264
16,44,0.7091168210371321,0.8454534994717989,0.8147009275985473,0.8852825168050148,0.696737080745887,0.6340716650165026,0.00054735493406473,0.16863080260425256,0.9,0.0,0.7,92,0.0379553991616611,0.0213542629442738
16,45,0.6354467938901933,0.7648915513380163,0.7302670433995007,0.8066571063479278,0.6284227863640222,0.580810510143883,0.00042779821061702996,0.1332413819676395,0.9,0.0,0.7,95,0.0381781512275633,0.022991296728145
16,46,0.6367285568134625,0.7520260736277481,0.7159265710051063,0.8029644616184679,0.7157439710996952,0.5774748115870896,0.00046219735060907,0.1427920820524211,0.9,0.0,0.7,96,0.0351599922850486,0.0200816457668172
16,47,0.6668764501598362,0.7827843295715727,0.7498980234765737,0.8524473212302006,0.6521240169697979,0.5966143791586913,0.00051108772931758,0.16146227061978552,0.9,0.0,0.7,99,0.0367159867304379,0.0209439497034125
16,48,0.6696225809391121,0.7855378522597534,0.7558026613752891,0.8806796047381025,0.6550823913852577,0.603652494523144,0.0005041678598551299,0.1566796324036053,0.9,0.0,0.7,104,0.0363981093455505,0.020146773825804
16,49,0.6696225811050346,0.7855378524105622,0.7558026615260979,0.8806796048894093,0.6529632076183535,0.6036524948051456,0.00050416785981466,0.15667963225647297,0.9,0.0,0.7,105,0.0363981090910137,0.0201467737767073
16,50,0.6871050053718971,0.8040725608512316,0.7775964646437052,0.9086175422239339,0.6721507366778318,0.6134552998916998,0.00053959019420156,0.16915621490983654,0.9,0.0,0.7,107,0.0368857258172632,0.0216056348153192
16,51,0.5953830714832303,0.6973788875519215,0.6662083835102514,0.8095914019419538,0.6049672487626969,0.5262629666916683,0.00045624930031446,0.15324428299959186,0.9,0.0,0.7,111,0.0377892511902802,0.0223449587237322
16,52,0.6010238609663803,0.698228192659841,0.6665672018040812,0.8312023016215215,0.5985151427049437,0.530326117526605,0.00046778523711371,0.15709504012936562,0.9,0.0,0.7,114,0.0383250867966835,0.021942450708532
16,53,0.592969768948359,0.7066166862325611,0.711311419185314,0.8311380709029298,0.5793610716271458,0.5299710572201661,0.00045281825432757,0.1460530546929153,0.9,0.0,0.7,115,0.037535056464079,0.021218860770319
16,54,0.6031935301906215,0.6969809605829089,0.6681238261175472,0.8542649241522372,0.5958702020700513,0.5392980318522292,0.00048276562501811004,0.14967654838808003,0.9,0.0,0.7,121,0.0341495632689394,0.0225735515829909
16,55,0.6116998058321058,0.7079695905493364,0.6888236187166058,0.9018788726629722,0.600963433534914,0.5489752584940212,0.00047628837058521,0.14979865098353123,0.9,0.0,0.7,128,0.0340587022877395,0.0220805726237025
16,56,0.6208700034961775,0.7099563116214069,0.6774674969332964,0.9619087204732919,0.6086763174180784,0.547610646046894,0.00047764061731149005,0.1648948549252854,0.9,0.0,0.7,149,0.0354499977074432,0.0209728584863797
16,57,0.6120252866262518,0.6981898438119969,0.6622508131463236,0.9366080784436768,0.6095799592468548,0.5369943509022984,0.00047726265694793995,0.16619635626707566,0.9,0.0,0.7,150,0.0357419237729723,0.0210061604795068
16,58,0.612014849358185,0.6996041440667181,0.6669630475545344,0.964679195069472,0.6001519525452684,0.5369943500494881,0.00047726265525569996,0.16619635533106963,0.9,0.0,0.7,151,0.0357925187562495,0.0210372142149909
16,59,0.6120177415901982,0.6994911813456851,0.6668383056432863,0.9614911889029721,0.6000590244187508,0.5369729865183335,0.00047741948505877,0.16625125838538674,0.9,0.0,0.7,153,0.0358317178019059,0.0210548647339064
16,60,0.6139580015388659,0.7021877133039769,0.6727648186596935,0.9723969571427058,0.6069082607900858,0.5376195961461708,0.00048342056349103,0.16834071349845833,0.9,0.0,0.7,154,0.0360009659923054,0.021181419444336
16,61,0.6074601078679287,0.6987283057850417,0.6790730909231275,1.038214807151691,0.5971840941659368,0.5462026078002077,0.00045451329440202997,0.14832374898419226,0.9,0.0,0.7,160,0.0320616252453872,0.0231598240064897
16,62,0.5979945354858316,0.6905132439843202,0.6772915067882677,1.0597379660587865,0.589262169488309,0.5418296257502906,0.00045894971950186,0.14077233041974224,0.9,0.0,0.7,164,0.0338483510662736,0.0235222624976604
17,0,0.9611833029944328,0.9905077121179787,0.9896617154661876,0.3738718282510999,0.0,0.0,0.0,0.0,0.9,0.0,0.7,1,1.0083008590098037,1.0586968411577515
17,1,1.2169706030515,1.3926784624822355,1.382808771234595,0.8043246238206947,0.6699626936625358,0.4272683751889439,0.00045554939708295996,0.1189771509551358,0.9,0.0,0.7,3,0.7707898342956797,0.6730443985845096
17,2,0.972970434299326,1.2754375672804081,1.260866405749558,0.7230492341623027,0.9833834579494434,0.43002498814737605,0.00034925878290657,0.07413995532607742,0.9,0.0,0.7,4,0.6196611975769344,0.451520399358181
17,3,0.9546513708876674,1.2673670863084365,1.255340345067033,0.7208792539122071,0.4641918716933557,0.42998864967595735,0.00032825791510336,0.07271455063230528,0.9,0.0,0.7,6,0.5876139051677423,0.4421002688693886
17,4,0.9303371750524321,1.2539235601994727,1.2443294644791767,0.7205552764320993,0.452848572005539,0.4319997824755552,0.00024925479365389,0.06277178223073207,0.9,0.0,0.7,9,0.5506317695459997,0.472811604260042
17,5,0.9134200981177113,1.2555983318627812,1.2475232089060209,0.7335683554932149,0.5147230316330084,0.43981014548658887,0.00034672545375713,0.08161561299079009,0.9,0.0,0.7,11,0.5105920391505159,0.4132934116015254
17,6,0.7906825504426617,1.1697959017648056,1.152539595406691,0.6901547410828074,0.6376561912498451,0.42957148864345546,0.00032139063664328004,0.06852162413349983,0.9,0.0,0.7,13,0.4421664899396579,0.3439599222510289
17,7,0.7943309506355793,1.175010141661457,1.1573939754176439,0.6993553842145979,0.46871978947190046,0.43531888104361904,0.00034872185500941,0.07434873686943552,0.9,0.0,0.7,14,0.4381100044045283,0.3389641721961769
17,8,0.8289412160555327,1.2131186217894545,1.1983166103977854,0.7379918292359369,0.5199144138349274,0.4584995966359768,0.0004911714716178799,0.10471950058910529,0.9,0.0,0.7,15,0.4343554718387438,0.33661625045511
17,9,0.7846570666466391,1.1697860242126923,1.1547333867292051,0.698191044478079,0.46271352829386964,0.4377497526529663,0.00035709218572883004,0.07351130272875618,0.9,0.0,0.7,16,0.4260734959797106,0.3331763065087382
17,10,0.808821353348057,1.1976895272699,1.1853187642636203,0.7349596558033764,0.5220217503672092,0.45532707970787173,0.00046802867221042995,0.09862803010662594,0.9,0.0,0.7,17,0.4206206297940389,0.3275798917049058
17,11,0.7839583219994263,1.1739074106159573,1.1573995224804918,0.7214953637527489,0.4850138296273619,0.41495669148338393,0.00060753249311173,0.13202916583594101,0.9,0.0,0.7,20,0.3785675012896135,0.283992563738846
17,12,0.8113140610013728,1.2044961123985929,1.1906489595606238,0.7662431829229381,0.5467693057672829,0.46925062969038583,0.00062146627653215,0.11411343159591501,0.9,0.0,0.7,21,0.3904582848747776,0.2824668954081895
17,13,0.7924475306897313,1.188239479853876,1.1772293859143717,0.7574567224542269,0.5058936069715588,0.46475100537722996,0.0005563381764603799,0.10204139412447606,0.9,0.0,0.7,23,0.3803367443395897,0.2782018062286048
17,14,0.8486004921939057,1.2465105596796964,1.2299957634328937,0.8218931167666721,0.7184608016845591,0.4854157327295271,0.00067380960790403,0.19610705090722977,0.9,0.0,0.7,24,0.3881020665705356,0.2880898833122233
17,15,0.8381981944948942,1.238511268906165,1.2241191737102095,0.8243666060436515,0.6183461422167787,0.48940031037341464,0.00068175146495968,0.19637289281289871,0.9,0.0,0.7,26,0.3728513688780654,0.2793060754981268
17,16,0.7867402941419203,1.1869946621589555,1.1727193029468967,0.7750534830106771,0.5251447355667704,0.46210811409842995,0.00078565127552748,0.15599632524571763,0.9,0.0,0.7,27,0.346423723175628,0.2609492010894819
17,17,0.8378054073942324,1.2381290197555617,1.223715202477609,0.8240742287442654,0.5792233478960755,0.4886042400559436,0.00068289502054094,0.19719842811569535,0.9,0.0,0.7,28,0.3724557410921928,0.2787030325475682
17,18,0.7499185251450471,1.150464976561827,1.1351400787186026,0.7610770421483435,0.5361435490364679,0.47885825232539453,0.00042898122735812,0.0990974775976752,0.9,0.0,0.7,30,0.2927479891745548,0.2610672924084563
17,19,0.7723941898114617,1.1728090142443652,1.1566630786619043,0.7868083184723369,0.5458813856863314,0.47643221910597466,0.00069764282172871,0.14729663597436526,0.9,0.0,0.7,34,0.3240061601979792,0.2147243996079964
17,20,0.7309429513791834,1.1286285703935726,1.1120898552152185,0.7918691972966904,0.5782816176417865,0.480604866710051,0.00070289116244087,0.1359510382063854,0.9,0.0,0.7,39,0.2648343648576863,0.2018876666119575
17,21,0.724688942548245,1.121060945683113,1.1038728113509482,0.7925606080524216,0.570641932415424,0.4763834634943196,0.00070607888408359,0.14097530138863273,0.9,0.0,0.7,40,0.2600698790136875,0.1911242058654386
17,22,0.7080891679258352,1.1038708249948326,1.089085573051947,0.791528551715857,0.5281269334358667,0.464953959080211,0.00066584282014802,0.14343939106641262,0.9,0.0,0.7,47,0.2354621002233499,0.1867003464564293
17,23,0.7376183401775995,1.1427486910310567,1.150655395287164,0.9222805757701332,0.5541308252243059,0.4533639273447576,0.00093291891735977,0.2060460755263456,0.9,0.0,0.7,65,0.2298018180070749,0.174898419555957
17,24,0.7169349813427908,1.1219729681993302,1.1298406281879898,0.9110691244202826,0.5328514143912324,0.44364871355741853,0.0010024831441667,0.18948332376067167,0.9,0.0,0.7,68,0.2257873520743319,0.1745549870510921
17,25,0.7333265361715948,1.1389072934918194,1.1497326189309685,0.9340842090841275,0.563237081918872,0.4536264179779632,0.0008815270127657499,0.20428042706762656,0.9,0.0,0.7,70,0.2258240040076888,0.1679693201760154
17,26,0.733322160781151,1.1389014386853926,1.1497262280033107,0.9309926403222227,0.5512952980568322,0.4536264179779632,0.0008815270127657499,0.20428042706762656,0.9,0.0,0.7,71,0.2257897828948716,0.1679373369589374
17,27,0.7360603603781477,1.136714201203809,1.1487910753630335,1.003711050339605,0.5848062302005872,0.48751935932007745,0.0008882526779957799,0.18834963422047024,0.9,0.0,0.7,81,0.2209360759240166,0.1574495880475154
17,28,0.7116187410952939,1.1126342109134602,1.1276936317044601,0.9865578565886364,0.559815894422435,0.46731848607408916,0.00083338157074668,0.1829566358010197,0.9,0.0,0.7,83,0.2121583107100885,0.1509481030172944
17,29,0.742514777836897,1.142281671220799,1.1569968607123096,1.0259709340436463,0.588115184813992,0.49952583007018525,0.0009063657456944299,0.1894182752078832,0.9,0.0,0.7,87,0.2152271940905596,0.1559601519002361
17,30,0.7066906315902529,1.1042384130862968,1.1183634603626775,0.9985145893388233,0.5916045470178772,0.4752091921746064,0.00078834240682013,0.17579336714545113,0.9,0.0,0.7,88,0.2027566239844108,0.1604957268030666
17,31,0.7206322846897414,1.1207044481883246,1.1413205107293307,1.0303394591833606,0.567201982289106,0.48832421957473743,0.0008050957438378101,0.1800943675860708,0.9,0.0,0.7,93,0.2059318752621803,0.1492972933633657
17,32,0.6897539860575053,1.09078425912053,1.1145674928158003,1.0488604692185162,0.5367544888765271,0.4645517057518375,0.0008221178690586099,0.16799137308990128,0.9,0.0,0.7,102,0.2100198743928524,0.1543882652274268
17,33,0.7036583670429658,1.1030738677333356,1.12645404640356,1.0759494622116337,0.5803442062311011,0.4764839870585207,0.0007928374196889901,0.1766656237191884,0.9,0.0,0.7,103,0.2015699186533582,0.1510731529465986
17,34,0.699140560138681,1.0983052126825976,1.1216235598004116,1.0615835104986444,0.552714781206516,0.47287738042341265,0.0008864936574881299,0.1754820155451379,0.9,0.0,0.7,104,0.2043215694988348,0.1508055068040898
17,35,0.6992870457253413,1.096584961835761,1.1165080287956748,1.0821802855734195,0.550765031241097,0.4863652777030845,0.0008017183170420499,0.1592635775178136,0.9,0.0,0.7,108,0.1955414868542439,0.1517341144797907
17,36,0.7035670263896372,1.1022430036520465,1.1254422843816558,1.1046324426548277,0.5547098390674448,0.4895848100215156,0.0008084919782059601,0.16153488196128538,0.9,0.0,0.7,110,0.1967037713630033,0.1514167716059115
17,37,0.6845124968078105,1.0828329924032152,1.1059459906596878,1.0852109940194736,0.5412326048718441,0.4657204949523177,0.00080955289294273,0.1658720525968785,0.9,0.0,0.7,111,0.1954121106637508,0.1530005429165012
17,38,0.6845107176265149,1.0843266317726066,1.110744248660519,1.1063240677254766,0.5352770261627691,0.4657186491495126,0.00080958700471858,0.16588017672935018,0.9,0.0,0.7,115,0.1954268053972198,0.1529867194436061
17,39,0.6919395921920148,1.0904155536995777,1.116508031599127,1.1208753546721377,0.5563507857576107,0.4747998160069286,0.00082520064354576,0.1681146085425953,0.9,0.0,0.7,117,0.181937058627369,0.1454602049104634
18,0,0.9963523388914388,1.0,1.0,0.3811878895883399,0.0,0.0,0.0,0.0,0.9,0.0,0.7,1,0.858908301603275,1.0631344595938668
18,1,1.3478283827134017,1.3605319845632826,1.3568836718761916,0.7452908136277346,0.37772663661143585,0.404501070371379,7.5894720342682154e-06,0.0026090971646953987,0.9,0.0,0.7,3,0.7889820631132953,1.09937549079326
18,2,0.9769758744843947,1.2822420363792082,1.2674323176996949,0.7308354906729125,1.4484013512881821,0.42886370209050634,0.00032859355662084,0.089177170581038,0.9,0.0,0.7,4,0.5341322784170862,0.4426163974357818
18,3,0.9708567437139128,1.2769130184978057,1.2620351962727632,0.72578747055789,0.4485451262880924,0.4295972845721362,0.00030481549339353,0.08171287499035015,0.9,0.0,0.7,5,0.5484446009588815,0.4503580271663138
18,4,0.9249689231874367,1.2581370893393162,1.2441145562425346,0.7209096754210736,0.6204893766747207,0.4301110278736701,0.00031683204495876,0.09135991176749268,0.9,0.0,0.7,6,0.4798388458146586,0.4082661695434438
18,5,0.9273130926474524,1.260419665159538,1.2429346615783898,0.72717661377885,0.46737396486355615,0.4295598530137975,0.0003709594868751,0.09998696468411632,0.9,0.0,0.7,7,0.5000943051166519,0.5296517284553277
18,6,0.8995284952892043,1.2598829554378659,1.2424443286658031,0.7415682675554657,0.7164026261577355,0.4722413424203672,0.00034360561845286,0.09443928867715742,0.9,0.0,0.7,8,0.4229996475084302,0.3610573603021846
18,7,0.8618984945219608,1.222850416417392,1.2053282585523477,0.7068614751455309,0.4609826153223567,0.43014404969684855,0.00034577367758299,0.09699990843204462,0.9,0.0,0.7,9,0.4125681644203421,0.4700877124556111
18,8,0.8558748836056373,1.219920150478238,1.198358189166562,0.7116523182727046,0.512455347272626,0.42748220509760154,0.00041942825192638,0.11014710138062933,0.9,0.0,0.7,10,0.3656638837902335,0.4617922959683709
18,9,0.8232778533418414,1.2066965664151528,1.1846794577517143,0.7145209947355773,0.749217375498338,0.4619648637634984,0.00038139958364645,0.10505546596138315,0.9,0.0,0.7,11,0.3509936198650989,0.4461218862054641
18,10,0.818554161662422,1.2044079170349034,1.1854489190523416,0.7151492459404787,0.5057696139452236,0.4536831474128259,0.00040172679379232,0.11425724187049884,0.9,0.0,0.7,12,0.3668793108069777,0.3771491115472189
18,11,0.7541924333043842,1.1497749023848312,1.1259692522694187,0.6826920807305176,0.8230698840857275,0.46285305440949837,0.0003527768948607,0.10210256652473945,0.9,0.0,0.7,13,0.281233531228317,0.3664327061152406
18,12,0.7976214789261113,1.1950762433718216,1.1739346822280492,0.7362711546609211,0.5612461545490208,0.4751090472083407,0.0005732695911746601,0.15919989727900133,0.9,0.0,0.7,15,0.3140154261496184,0.3978658328575309
18,13,0.7627974507166752,1.1602887719057178,1.1390948198333382,0.7040565280617408,0.5085568059961848,0.4697500107502198,0.00040998715805059995,0.11723362868662718,0.9,0.0,0.7,16,0.2878511795174412,0.3904728484218187
18,14,0.7858774961746718,1.1849171386641861,1.1660370654201841,0.7437464090970957,0.6070678515851141,0.47658610422747993,0.0005517126749876699,0.15737961538565168,0.9,0.0,0.7,17,0.2809889956804213,0.3642504737997037
18,15,0.7567363254860661,1.1541799255528924,1.1314964797128657,0.7205625134715232,0.5223280053344295,0.44100634515220777,0.00058710598847193,0.16933608138884607,0.9,0.0,0.7,22,0.2638850440810012,0.3231891048393535
18,16,0.8410811774024591,1.2399728443909461,1.2203612933574672,0.8118363310432517,0.6187273692141528,0.4525536243315262,0.00098202993765421,0.278653645471971,0.9,0.0,0.7,23,0.2855250897632784,0.3195557642698163
18,17,0.8059652544962649,1.2033860688311226,1.1819882365761938,0.7851157585677824,0.7091588583001985,0.45248114144186713,0.0009060806590634,0.2551102803323056,0.9,0.0,0.7,24,0.2692635435375988,0.3036017790667067
18,18,0.7832171679806778,1.1790225736409243,1.1564965813306531,0.767905368680069,0.652038159050332,0.45236924890668256,0.0008640298366775999,0.2385314834455703,0.9,0.0,0.7,25,0.2604185545590087,0.2960369503612946
18,19,0.7661206008708936,1.1605316360052493,1.1372348818981186,0.7550939672475341,0.6175157824010076,0.45126214658267993,0.00083663076734171,0.2258929497577571,0.9,0.0,0.7,26,0.2549916563378344,0.2921960933981154
18,20,0.7580761902904216,1.151625540346881,1.127904898605509,0.7504382005339363,0.5894210538156046,0.4512374349485991,0.00082328693794191,0.21999562322171634,0.9,0.0,0.7,27,0.2504764229329433,0.2911287523293804
18,21,0.743525280542458,1.1358684256884077,1.1116058468949812,0.7394161109136798,0.5878657237159846,0.4499890199376238,0.00080090770525464,0.2077766206444181,0.9,0.0,0.7,28,0.2487910370828269,0.289228051565651
18,22,0.7670440590192922,1.1601287199185775,1.1388514813168946,0.7680282824817477,0.5989489146941197,0.45270528789335324,0.0008422447958864101,0.2419318419104401,0.9,0.0,0.7,29,0.2581586220175935,0.2953908325823957
18,23,0.7565718755573624,1.1488230676514664,1.1272124537789103,0.7606641576840747,0.5922612343348932,0.4519871204956278,0.0008324182703283301,0.23204756317331407,0.9,0.0,0.7,30,0.2563026515293819,0.2948554708499697
18,24,0.7482961680174264,1.1399118407133293,1.118057125080899,0.7553263195142266,0.5799197182702732,0.4514455227000871,0.0008244486736774401,0.22392604032470514,0.9,0.0,0.7,31,0.2549953838399512,0.2948035150102804
18,25,0.7416510547811591,1.1327830155880871,1.1107477255390061,0.7515088980411228,0.570427768104482,0.451028519857046,0.00081767016422051,0.2171723921678172,0.9,0.0,0.7,32,0.254050036187172,0.2950506376864598
18,26,0.7362475649843891,1.1270137217884741,1.1048446065171666,0.7488582109151014,0.5629283423161864,0.45070237589274975,0.0008117145017698301,0.21149481545684373,0.9,0.0,0.7,33,0.2533567367229908,0.2954896567300096
18,27,0.7318086770446912,1.1223015097866507,1.1000338583022762,0.7471190666473642,0.5568838018845308,0.4504442674495395,0.00080636337677048,0.2066742652375918,0.9,0.0,0.7,34,0.2528466973923905,0.2960546311383661
18,28,0.7281316380637811,1.1184245579487802,1.096085568991358,0.7461030243994685,0.5519284168194636,0.4502382247381849,0.0008014791083136,0.2025441262059158,0.9,0.0,0.7,35,0.252474501313138,0.2967031016932525
18,29,0.725064753025221,1.1152164506389477,1.0928274073744428,0.7456680305104728,0.5478107504496728,0.4500727566543871,0.00079696996304762,0.19897611921371683,0.9,0.0,0.7,36,0.2522087863058223,0.2974067128903443
18,30,0.7224924276643325,1.1125501502417787,1.090127924710012,0.7457052371560923,0.5443497026628221,0.44993939753194667,0.0007927717910178499,0.19587034839639733,0.9,0.0,0.7,37,0.2520270662751432,0.2981459714549577
18,31,0.7203251863913376,1.1103271484018358,1.0878852606666871,0.7461300083722062,0.5414136510503762,0.44983178372921656,0.00078883779945875,0.19314817800980252,0.9,0.0,0.7,38,0.2519127065735964,0.2989071687367405
18,32,0.7184928199623369,1.1084700399213874,1.0860193963533906,0.746875690513073,0.5389011746736433,0.44974504774859075,0.00078513259387213,0.19074707478523228,0.9,0.0,0.7,39,0.251853077178203,0.2996804945963386
18,33,0.718560677986718,1.1094388873596195,1.090089722603428,0.7523164183347892,0.5540870658692607,0.44983178372921656,0.00078883779945875,0.19314817800980252,0.9,0.0,0.7,40,0.2488190298305593,0.2949834374665626
18,34,0.7487383502207836,1.137690665687764,1.1205468667196208,0.8048169006119992,0.60449506759845,0.4520228689184929,0.0006674391353812599,0.24618190963915632,0.9,0.0,0.7,43,0.2049338248066383,0.2996937123513045
18,35,0.711293948816021,1.0983490777712073,1.0777787418016587,0.7565319750989786,0.5510605533578328,0.45013426200956447,0.0006428796966934999,0.19648942120636106,0.9,0.0,0.7,44,0.2153236205914701,0.3100505273316551
18,36,0.7937139405024269,1.1828687319584033,1.1715209187330102,0.8792554908871502,0.6424559525930178,0.4740495516222626,0.0009663895735162799,0.2911817756110425,0.9,0.0,0.7,48,0.216727366806888,0.2291657775397128
18,37,1.0007975473014952,1.394292769887105,1.3928170936815452,1.1817041612247483,0.8380020203138263,0.4512765102215924,0.00120091200419363,0.6167815536448281,0.9,0.0,0.7,77,0.3122378743507337,0.2607826334380306
18,38,0.913731056962731,1.3068604274128504,1.3052832337344413,1.1075154134321556,0.755105200126938,0.4570552527099035,0.00114274077784326,0.48607545664334706,0.9,0.0,0.7,79,0.3458611679179266,0.2883911770563847
18,39,0.9432027676975265,1.3351072272794682,1.3331952560176312,1.1461595524048513,0.8067503918058769,0.4501080772583627,0.00113975771529024,0.540725981885432,0.9,0.0,0.7,80,0.333845773749512,0.2515441568466312
18,40,0.9184204230725794,1.3090687799371885,1.3068227709904932,1.1312391863932239,0.7728656264051168,0.4528586558084779,0.00116009796181276,0.5053454591618355,0.9,0.0,0.7,82,0.3249334801987174,0.2519202629762761
18,41,0.918440838371284,1.30855200718005,1.3061662673796102,1.1312981925454535,0.7720172142729631,0.45065574089415994,0.00113340946860735,0.5096794524064477,0.9,0.0,0.7,83,0.3302012999426535,0.2483675398352341
18,42,0.9457557948142052,1.3356051323021134,1.3331518458383698,1.161655803836532,0.7948406483323661,0.4505618513006402,0.00113775403840213,0.5495299749517896,0.9,0.0,0.7,84,0.3310908691533765,0.2484775238180462
18,43,0.9146698440672143,1.3034351715842618,1.3007051469104647,1.1402346525040585,0.7706828834320503,0.4498106401754957,0.00115714107059233,0.5089744003936453,0.9,0.0,0.7,86,0.3228518085332034,0.2503348572413557
18,44,0.9152396379161041,1.3039773610626648,1.3012409414994008,1.1502742012346994,0.7619354052266578,0.45064074856392794,0.00115297691213748,0.5087840683463112,0.9,0.0,0.7,88,0.3192443703115373,0.247836170676583
18,45,0.913204308282218,1.3029388267003634,1.3033818951365572,1.164334883526112,0.7635045108659525,0.44759071301876013,0.00114967507669745,0.5111000232016651,0.9,0.0,0.7,91,0.328414363050244,0.2464823620543293
18,46,0.9157159735119946,1.3036807718976235,1.3007508651601998,1.1668005628706832,0.7682653343354797,0.4500258189237975,0.00114892032453852,0.5122521784693769,0.9,0.0,0.7,92,0.317623746437891,0.2505104492436909
18,47,0.9158257730261161,1.3050664376967782,1.3053867135740336,1.17663965738832,0.7660179234374052,0.4506091999482843,0.00115033846733587,0.512226646282316,0.9,0.0,0.7,94,0.318381503259913,0.2522656499158836
18,48,0.9709693079388986,1.3615729043568494,1.3651649343161698,1.2221172323786402,0.8206610342794356,0.45430308076954456,0.0011070756551854,0.5866001998118671,0.9,0.0,0.7,96,0.3075439240503634,0.2517372070498382
18,49,0.9407238090458834,1.3295506546918767,1.329768885219384,1.2112860072502714,0.7913085985794529,0.45324508585340784,0.0012297663358969099,0.5454506914984586,0.9,0.0,0.7,99,0.321150199984383,0.251979711710681
18,50,0.9579022332720614,1.347945650026766,1.3514001950125678,1.2284672707440198,0.8121885301401235,0.4530616402003853,0.0012891543333032299,0.5709324212007594,0.9,0.0,0.7,100,0.3304222926590994,0.2578406439713036
18,51,0.988942469273619,1.3819801835624048,1.3920446348534283,1.272553454272905,0.8384755126489585,0.4543362944717698,0.00112640543408799,0.6136480767398321,0.9,0.0,0.7,104,0.3262775781924017,0.2502624924040576
18,52,0.9861216838614841,1.378742924331009,1.388706073649489,1.269733437756708,0.8381056203185071,0.45449085599098743,0.00113147366139357,0.6104485580554335,0.9,0.0,0.7,108,0.3151065588379349,0.2531741158676912
18,53,0.9383927629458524,1.3397224584712235,1.369449581446867,1.3053915729523753,0.7893788879889183,0.45090934177218644,0.00107218081757977,0.5475660190500835,0.9,0.0,0.7,126,0.3019079006962743,0.2427697929974782
18,54,0.9404301065604306,1.3415932123092233,1.3712802256499976,1.3280158263127038,0.7919901938248883,0.45097278637778276,0.00105483620045915,0.5508002301501632,0.9,0.0,0.7,131,0.3032404108191392,0.2426563125028851
18,55,0.9399867360027079,1.3426056175906669,1.3755877261954275,1.3652165311691176,0.791423096821777,0.4509252635561773,0.00107016293907041,0.5503323784649358,0.9,0.0,0.7,133,0.3051399468860273,0.2424803555861716
18,56,0.9380573183498118,1.3401059687141241,1.3729515154247365,1.3667029613858874,0.7948187277905383,0.45105894574451266,0.00107591564213102,0.5487784617393617,0.9,0.0,0.7,135,0.3090121464598656,0.2438762549060622
19,0,0.9380931979254756,0.9840890146472848,0.9826709057915639,0.3711269843549048,0.0,0.0,0.0,0.0,0.9,0.0,0.7,1,1.0930922266050016,1.0619763177738015
19,1,1.248991546741508,1.4341165485655138,1.4239770111706553,0.8469022191447456,0.7081966123950498,0.43220674480655497,0.00042173309024599,0.17615045335827392,0.9,0.0,0.7,3,0.8209008747425375,0.6730443985845096
19,2,0.9662869736530388,1.2724601889378528,1.2575722473508129,0.7213763960510304,0.978766784625908,0.429686276932244,0.00031756437943503997,0.07539945452151897,0.9,0.0,0.7,4,0.5398832469132983,0.4430044081427925
19,3,0.8594299184957914,1.2042942113411101,1.1854515184482446,0.673786297274602,0.5523871927986926,0.42972678921020324,0.00010646339675917,0.04135417357772601,0.9,0.0,0.7,6,0.487818250296585,0.5289534092606195
19,4,0.7983126822072433,1.1692310237578485,1.1500547015861051,0.6561318360612668,0.5460106437257977,0.4297102549326561,0.00015334263856082,0.04747144113319491,0.9,0.0,0.7,8,0.377913275675651,0.4346735510964269
19,5,0.7576737650314467,1.1405122894818782,1.1186569625372114,0.6423892139773699,0.605950277238158,0.43010925057937094,0.00012664142985414,0.048870546299641174,0.9,0.0,0.7,9,0.4291045345702389,0.422856432616774
19,6,0.8079271110939851,1.19395752419656,1.175153887352155,0.7110457464467062,0.48141630741547686,0.43895891802529574,0.00033291946162003,0.11576933498707649,0.9,0.0,0.7,13,0.5483979099456383,0.2731842402807309
19,7,0.7751139026364714,1.1653201226799557,1.148721803062113,0.6962631368161813,0.5306366375910213,0.4176688593601846,0.00034303153784131,0.11772366859162994,0.9,0.0,0.7,14,0.5590023434457363,0.2567575644550313
19,8,0.7445713561903033,1.1391528414560035,1.1166183243393006,0.6739757507199388,0.6471513830661392,0.4538856075692327,0.0002505066185547,0.07808382603905804,0.9,0.0,0.7,15,0.4169001240676006,0.3736149936533515
19,9,0.7250062854467599,1.1217442633322885,1.1018967589541617,0.6685532447967933,0.4723367961051021,0.44813002033416127,0.00021939493933301,0.06838620223116874,0.9,0.0,0.7,17,0.3996960505493621,0.3518331385971441
19,10,0.7385967435897238,1.1367132906395876,1.1199919943528776,0.6891404953278653,0.4720189766372298,0.4566194074357142,0.00025564827432364,0.07958797423637032,0.9,0.0,0.7,19,0.4059671322685226,0.3627879361483906
19,11,0.7323339328099235,1.1319857036559589,1.1185308593186198,0.6870793677118917,0.4622255208905829,0.4494263849149119,0.00025934493282927997,0.08056601628711854,0.9,0.0,0.7,21,0.4078482818606376,0.363644647540132
19,12,0.6907963960887017,1.0899277078543426,1.072030145281641,0.6700136506541232,0.7757930248355994,0.4664512732776907,0.00022804036074075,0.0698022566565413,0.9,0.0,0.7,22,0.3237171245013928,0.2696638500192584
19,13,0.6658048228045703,1.0641414304412478,1.0452613767002,0.6578132154949065,0.48963630721585794,0.451369222045616,0.00021442580234581999,0.06810287244458262,0.9,0.0,0.7,24,0.3145157143981804,0.240172089379779
19,14,0.6519881498360693,1.04827284621986,1.0310442089130134,0.6472236703830112,0.5104695302287973,0.4519101212564076,0.00021750374410798998,0.06910793754076695,0.9,0.0,0.7,26,0.2972983967720039,0.2210906896465972
19,15,0.6660672776001396,1.0620938972364486,1.044746899422259,0.6712689713633556,0.4784268101763105,0.4583896664942308,0.00025803103865268,0.08241825271577762,0.9,0.0,0.7,27,0.2998084266981473,0.2161205622296102
19,16,0.6988726875646953,1.0906978038529713,1.0689150702496186,0.7215858598342973,0.5913709162067662,0.47629157499519775,0.00037781333099245996,0.12052167115741137,0.9,0.0,0.7,28,0.30694857168126,0.1826197765221464
19,17,0.6468251700013725,1.0325730987132067,1.0116188895662015,0.6693805220800988,0.6522018501477638,0.46744922798263455,0.00026668575252902,0.08641450999908311,0.9,0.0,0.7,29,0.2750385758986768,0.162691294501531
19,18,0.6385511725810441,1.023827736364398,1.0027383951896074,0.6714107218887629,0.48330033895669844,0.461659462290461,0.00026429563410496,0.08353103866330368,0.9,0.0,0.7,30,0.2770056147109543,0.167294311070596
19,19,0.6373507405318876,1.0217710371646354,1.0004401851352067,0.6731880506440256,0.4913079264356193,0.4614171687733143,0.00027453162596697997,0.08477522182522895,0.9,0.0,0.7,31,0.275745074955017,0.168947224510242
19,20,0.6496165580447638,1.0288156230223464,1.011991890024827,0.6859152253028385,0.6476967506699416,0.4947682112954276,0.00025580273661004,0.08139668982864472,0.9,0.0,0.7,32,0.2494089994475977,0.1330597280260469
19,21,0.658000675693089,1.036274533029706,1.0221930553522192,0.6941979107892425,0.5534768845561119,0.4860019731387335,0.00044023741375355,0.11020918313278105,0.9,0.0,0.7,33,0.1779389537251542,0.2184412980977094
19,22,0.621313505582144,0.9942919886169602,0.9760510047929397,0.6666360237005946,0.543205586623638,0.4704124109612034,0.00034978614910509,0.08610757933046287,0.9,0.0,0.7,34,0.1511775958312028,0.2188869251055097
19,23,0.670565757492144,1.0311058115729164,1.0164140309632805,0.7266798309462766,0.6573700287944282,0.5168738500039674,0.00038612144773194,0.12375335847010341,0.9,0.0,0.7,36,0.2265094176713154,0.1193173648663974
19,24,0.6703798116755184,1.0322447616389125,1.0208263820117573,0.7422101583919273,0.55292099125043,0.5168738526572415,0.00038612146752111,0.12375336542060558,0.9,0.0,0.7,38,0.2271941810385141,0.1195789647066499
19,25,0.6201021000037596,0.9736161768768987,0.9515399129513521,0.6484547210170037,0.5600769928089034,0.4923536800428946,0.00036138463473804,0.08983231053760507,0.9,0.0,0.7,39,0.1306422892491706,0.1747588077933298
19,26,0.6127012213470336,0.9579493095077727,0.9344766584795903,0.6385086760629342,0.5528522205835749,0.49235368004289465,0.00036138463473804,0.08983231053760507,0.9,0.0,0.7,41,0.1287518361893172,0.158739823403586
19,27,0.6125427834975653,0.9576138931364668,0.9341113390158486,0.6382957014854789,0.5080656507538478,0.4923536800428946,0.00036138463473804,0.08983231053760507,0.9,0.0,0.7,42,0.1280587784577454,0.1594026819419118
19,28,0.603307303850427,0.9418764458664303,0.9203591028929866,0.6611355597099419,0.5948738857847629,0.4842915513066956,0.00030596515226666,0.09673579000750551,0.9,0.0,0.7,43,0.1328483134980833,0.1032609825428401
19,29,0.5907307320567493,0.9124798927039318,0.8883608952920938,0.6534168501649861,0.6831727825939173,0.4735821679833503,0.00033278379686988997,0.11020934240133237,0.9,0.0,0.7,44,0.1454514482633062,0.0894133564213615
19,30,0.5666557622572288,0.8439186248762892,0.8136598479447698,0.6131142763318065,0.7159011645772547,0.4708739173691687,0.00034368994121694,0.11415496350737427,0.9,0.0,0.7,46,0.1047773204710699,0.0767680477202333
19,31,0.5709957665348365,0.8352972238055622,0.8033870322081815,0.6171636832280918,0.5706749715011752,0.47722313038251535,0.00035506737160528,0.12014420792009112,0.9,0.0,0.7,48,0.1047647075196728,0.0624468743615247
19,32,0.5309450811051356,0.7686942789271183,0.7397893279189591,0.5736696647918653,0.7336968241063706,0.4702871092683957,0.00026219211823620003,0.08742463046938316,0.9,0.0,0.7,49,0.0961431729650651,0.0540347704967175
19,33,0.49887778166692237,0.7307684422363188,0.7011707451979723,0.547514865773172,0.46627092435001355,0.4409467146408567,0.00025057137036383,0.08207154849291122,0.9,0.0,0.7,53,0.0946780108248505,0.052354696591075
19,34,0.511601072025482,0.7443670758747659,0.7180015024016811,0.5684016829221135,0.46976016573896284,0.4513540480894327,0.00026498563126158,0.08715179037554589,0.9,0.0,0.7,55,0.0955054483397809,0.055314912904075
19,35,0.5901506355218572,0.8156092464269163,0.7883890884483915,0.6436028602016796,0.6071531139755797,0.507228530702668,0.00038256569906062,0.130784940455756,0.9,0.0,0.7,56,0.0788521089697999,0.0534004577852253
19,36,0.5926285107206245,0.8178496204015288,0.7937333928372614,0.656789116530354,0.5580092288806683,0.5092380484739253,0.00038707051143893,0.13249086180410957,0.9,0.0,0.7,58,0.0789092780420692,0.054116846564621
19,37,0.513766084751737,0.7355284608622595,0.7141446882609775,0.5835034720510981,0.5132753220395713,0.448841614803689,0.00030404094924962996,0.09958484672027935,0.9,0.0,0.7,59,0.0830622818433007,0.0510738863443527
19,38,0.48847263826636955,0.6897338978943276,0.6628835314104791,0.5610379431232486,0.5034145953615827,0.4355099698923996,0.00027519271277411003,0.08808434832349789,0.9,0.0,0.7,62,0.0763590344118649,0.0442384634647837
19,39,0.5227672111075149,0.7106387718534449,0.6822958431288396,0.6057299022291287,0.5119020545116566,0.4648390662586678,0.00033309632150255,0.1041624463351077,0.9,0.0,0.7,67,0.0723388398667149,0.0426221608373299
19,40,0.5252034513779549,0.7132955545919094,0.6881167923219219,0.6259150117106381,0.4964541327293116,0.4677599322225341,0.00033383749106375,0.10432611433341805,0.9,0.0,0.7,71,0.0724490985605543,0.0427160317172804
19,41,0.5153226817539501,0.7055369200472473,0.6868724161695055,0.5548893621245568,0.4856774358884461,0.45863265188924124,0.00032809598284435,0.10224455075634076,0.9,0.0,0.7,76,0.0709432443960166,0.0426848743034089
19,42,0.5170567171665179,0.7072296089468617,0.6885605473929703,0.6423358968418651,0.48639797246575556,0.4593884862931959,0.00033266545892431,0.1037639450576816,0.9,0.0,0.7,77,0.0702991025728624,0.042696401360984
19,43,0.4837444675577989,0.666360894110228,0.6594288666853565,0.6296106861543366,0.5072056748810837,0.432200073414881,0.00031650144235221,0.09557092150438673,0.9,0.0,0.7,79,0.0618769885392346,0.0451689448353355
19,44,0.5402476630279575,0.7093406722851427,0.6883707613685364,0.6698945943422072,0.5710248521626985,0.4604437583372054,0.00039825843985391,0.14230096613657237,0.9,0.0,0.7,80,0.0601833131783204,0.0386864689596836
19,45,0.46651691934073175,0.5847004389327591,0.5709524163856811,0.5854635777291104,0.8648079759825124,0.4215034336296073,0.00036733505190432,0.10191265292426012,0.9,0.0,0.7,81,0.0425414101497868,0.0308661577288783
19,46,0.47555711870204964,0.5915068110178303,0.5775284763526749,0.6031611993657437,0.46538869936893834,0.43089472350251146,0.00037917533466052,0.10325299458715366,0.9,0.0,0.7,84,0.0420569502958233,0.024343653690674
19,47,0.4746033333501271,0.5826240199485865,0.5678309175266437,0.5910110970254626,0.5166597133893455,0.4318134974785246,0.00037062467386944,0.10244110569310229,0.9,0.0,0.7,85,0.0434019208124097,0.0242368684642627
19,48,0.4733180957647921,0.5756675997289747,0.5634467453351926,0.6017217747275871,0.4854536700311437,0.42906878477123106,0.0003876307354007,0.10564321151930786,0.9,0.0,0.7,87,0.0396127336402024,0.0248014958064254
19,49,0.4739576538791818,0.5817588085505927,0.5827043511172917,0.655121720750576,0.46131078967571276,0.42929340313364656,0.00038857455843962,0.10638062936653733,0.9,0.0,0.7,95,0.0384451295064298,0.0250475271496973
19,50,0.4763783623125472,0.583140905634028,0.5871333027203616,0.6864599146945616,0.4651042553369067,0.43121958180767644,0.00039978538376538,0.1078822739547475,0.9,0.0,0.7,107,0.0317919361372938,0.0225293081410461
19,51,0.47529008040456533,0.5834765530571079,0.5907667960864916,0.7435968477675534,0.46257055824172333,0.42876125261116677,0.00039557463878996,0.10950355118048155,0.9,0.0,0.7,123,0.0371921674616269,0.0267489963598421
19,52,0.4772404659565364,0.5811671079731101,0.594330799464059,0.7515080133752403,0.4909940845254123,0.43114597680446337,0.00040159539290158,0.11067649658877464,0.9,0.0,0.7,125,0.0383515582443128,0.0233016269020897
19,53,0.48114855809480817,0.5921292763373434,0.6217756866760366,0.8712361974307747,0.4695877052928712,0.43751017865002223,0.00040588827315726,0.10816341558427507,0.9,0.0,0.7,152,0.0385639314430778,0.0234663462651884
19,54,0.4787931793147826,0.5904506300520935,0.6233191923519257,0.8975995125766257,0.47011160213324993,0.43751412066006734,0.00040535333122550005,0.10495455917005807,0.9,0.0,0.7,154,0.0387683453238907,0.0239576857932519
19,55,0.48223276728334485,0.593245262250322,0.6260484847400211,0.8970990723914184,0.4752749229367622,0.4380184757952172,0.00040933339367190004,0.10934569971029275,0.9,0.0,0.7,155,0.0380968918520518,0.0225740917482905
19,56,0.4775450190219603,0.5863753475366551,0.6189576758280193,0.8982696628043383,0.48163486981518383,0.4369982947270984,0.00040581070608189005,0.10438368882763308,0.9,0.0,0.7,156,0.0381205152621847,0.0234392843149301
19,57,0.4774824731663525,0.5862905925905073,0.6188706745107053,0.8981941806240148,0.46646390559008866,0.4369656646742526,0.00040562959921961004,0.10434056770399512,0.9,0.0,0.7,157,0.0380822688060589,0.0234119368273243
19,58,0.47375461632094773,0.5819032235553151,0.6175705664376852,0.9281604495604379,0.46538347256698703,0.42446275278069373,0.00039948742910498003,0.11550437912396828,0.9,0.0,0.7,163,0.0365022198580632,0.0280014763560099
20,0,0.9273478453897422,0.9810489978915607,0.9793599155385447,0.3692047073602086,0.0,0.0,0.0,0.0,0.9,0.0,0.7,1,1.1364197221528327,1.0623954658849082
20,1,1.2412687959999797,1.3703052351100429,1.3657103638084382,0.7722577415811896,0.5222875469845861,0.46603537538122913,9.684011233056188e-06,0.0034661347625582544,0.9,0.0,0.7,3,0.9594045998641596,0.9214077341661504
20,2,0.962055080207838,1.280202299418537,1.2642312043987107,0.7335889580374729,1.2457636603474047,0.43011836767634054,0.00031985290332526,0.10326474435267466,0.9,0.0,0.7,4,0.6480440305393388,0.4420728582907975
20,3,0.9129497521747136,1.2557480179479286,1.2406511310469972,0.722959054623776,0.5448864617783595,0.4301218356373495,0.00030232483682267,0.1051527875613318,0.9,0.0,0.7,6,0.5711452228943513,0.4059811315916478
20,4,0.9129545835734907,1.2557583246916748,1.240660464369456,0.724817310145109,0.46079417220818275,0.4301303197248869,0.00030279460090829,0.10517182847888362,0.9,0.0,0.7,7,0.5714405510669264,0.4058515111095576
20,5,0.9521974481842175,1.3178524059660646,1.2995764685592108,0.8081638519841237,0.7778984315050266,0.5373995276732356,0.00033000593165159,0.10689875133389638,0.9,0.0,0.7,8,0.4755914234486977,0.344729448575405
20,6,0.9382233125222578,1.303904077124151,1.2856238289460746,0.7963156654941002,0.5448857815011849,0.5226314551863179,0.00032827007682003,0.10602909211865759,0.9,0.0,0.7,9,0.4768945291965782,0.3434975397222238
20,7,0.8975609712511254,1.2803885770009376,1.2622644576891018,0.7876871373943596,0.7730312121324796,0.531950299425083,0.00031248870176225,0.10879067322061199,0.9,0.0,0.7,10,0.393790814293772,0.2920685385425254
20,8,0.8960165910318869,1.2788464635251484,1.2607218096258288,0.7883294147424813,0.5534088139793893,0.53035288668989,0.00031209466527911,0.10864963832101986,0.9,0.0,0.7,11,0.3949016410835327,0.2914777976391031
20,9,0.8917805250236659,1.278043373383125,1.262680444623936,0.791791708505138,0.5943194860238536,0.5342970354235649,0.00031308998596667,0.10900588694073121,0.9,0.0,0.7,12,0.4066410923906233,0.2901782694862138
20,10,0.8756084929287306,1.2624615496386373,1.24696152932797,0.7850948586713744,0.5464541561296317,0.5183307255292723,0.0003143497352052,0.10947137211729527,0.9,0.0,0.7,15,0.3676889492008134,0.2842080782098392
20,11,0.7982730957337162,1.194827675561123,1.1793394654199074,0.733334662532082,0.7381836926486214,0.5257892944991283,0.00013678633154086,0.053911527803187684,0.9,0.0,0.7,16,0.3085522574589766,0.3453299932841389
20,12,1.0152488813593292,1.4126083430447984,1.3915466403971413,0.9668334333839661,0.8340783983222031,0.6668223235880073,0.00050445528076615,0.22219145599891188,0.9,0.0,0.7,18,0.3627569832113755,0.2344024589719215
20,13,0.9421570649131743,1.3411661386393365,1.322879378186036,0.9040545047745248,0.7252526324740443,0.5368450296486662,0.00044543105204853,0.2936072902051205,0.9,0.0,0.7,19,0.3036191514827778,0.2708329692773992
20,14,0.9087973630720568,1.3114504210336322,1.2991243428821933,0.8843365974722505,0.6730318217860966,0.6244674939280985,0.00041865378775268996,0.1446387125014727,0.9,0.0,0.7,24,0.3154719387150508,0.2680929856319181
20,15,0.8926936926205308,1.2940061167665688,1.2801252331637185,0.880169506770318,0.7668911191286788,0.6244674939280985,0.00041865378775268996,0.1446387125014727,0.9,0.0,0.7,25,0.3132039594059579,0.2241892203202692
20,16,0.8104027921115851,1.2116300035954148,1.1970433668698157,0.8007492641566635,0.6416442450463054,0.567516883776699,0.00040847324185326996,0.1114917140772803,0.9,0.0,0.7,26,0.2711897611801881,0.2362314088961547
20,17,0.8418384469993853,1.2399000409343064,1.2261065456826463,0.8475596946749279,0.8133586277512276,0.6007570540838036,0.00049095590356715,0.14726654091906508,0.9,0.0,0.7,27,0.2456006104049497,0.1957940998502219
20,18,0.8281400829224469,1.2270948205931647,1.2163275123281045,0.8361393048728644,0.6422478536230644,0.5943931895633161,0.00047697194742637994,0.1394910974213805,0.9,0.0,0.7,29,0.239042604349687,0.1946501953357922
20,19,0.8317040453606123,1.231930252891069,1.2243667633884279,0.847116136743827,0.6405876567247661,0.5923463047947559,0.0005072261947875101,0.14851856531996696,0.9,0.0,0.7,31,0.2365701166566836,0.194040932092363
20,20,0.8568147650560427,1.2489349767750748,1.2356164748107732,0.879460970732735,0.7677219135194338,0.6251373713467354,0.00062660010877422,0.1720536822017602,0.9,0.0,0.7,33,0.1803066656685339,0.16905804525046
20,21,0.8574568362275398,1.251066091689244,1.241049917228849,0.891063583545396,0.6837831365060607,0.6254338299313221,0.00062713540135628,0.17262619744993765,0.9,0.0,0.7,37,0.1800926202550519,0.1689755800514122
20,22,0.8654626135217582,1.2602433657939458,1.2534284756676395,0.9287192307170756,0.6940159382046946,0.6451680330001348,0.00056767927029449,0.15989239052009988,0.9,0.0,0.7,42,0.1667825376000765,0.1669794027083348
20,23,0.8394246529524256,1.2355018235143445,1.2319285706577925,0.8999028199828638,0.6681548159288999,0.6126555041444773,0.0006613698456665,0.16523112014534055,0.9,0.0,0.7,46,0.190568999509743,0.1833678786421438
20,24,0.8652041283366751,1.2573161766889303,1.2554605331788138,0.9457516599610292,0.7417688108028528,0.6179712779424026,0.00095659600827261,0.212869102222796,0.9,0.0,0.7,49,0.1870343519211744,0.1471554495414486
20,25,0.8498768129613722,1.2400876880307898,1.234818172456966,0.9396745389582237,0.6931663722814166,0.599528499699542,0.0010174318057609298,0.2158476015620096,0.9,0.0,0.7,52,0.195820267732191,0.1437274949366963
20,26,0.8602466870480496,1.2519493406298494,1.2499833994099507,0.9584172947938238,0.7011185621994351,0.5993059620501899,0.00108948296148039,0.23096807257848528,0.9,0.0,0.7,54,0.1961736461812734,0.1424727863081008
20,27,0.8622638664515341,1.2534898740836944,1.2513968118401344,0.9683592974905129,0.7128072670299921,0.6192760515850009,0.0011616504774385398,0.209530621646413,0.9,0.0,0.7,55,0.177541217998531,0.1593118156133194
20,28,0.8631516049803487,1.257366946143007,1.261882308709326,0.9812995739524674,0.7050197047305119,0.61521469789937,0.00104594644820121,0.21604894823522156,0.9,0.0,0.7,57,0.1927474279192021,0.1494396915244181
20,29,0.8737450772665716,1.2677306144814102,1.2721854795257734,0.9919104914833541,0.7201409585656161,0.608665781453697,0.0011310285884065,0.2402438937913203,0.9,0.0,0.7,58,0.1939869606542163,0.1430126584305242
20,30,0.8788866522953197,1.269519797213575,1.2701891609786253,1.000541849195243,0.7412361898517938,0.6305470076873324,0.00086308039832472,0.22450199127692844,0.9,0.0,0.7,60,0.1675255786454949,0.1486297908769762
20,31,0.9499535301274376,1.3415286141760587,1.3453627896857387,1.0920999632101134,0.7991615806739867,0.5896382201935138,0.00153173923703622,0.3800820158017781,0.9,0.0,0.7,64,0.186265515491636,0.1587098647586189
20,32,0.8595218883643555,1.2474295667852298,1.2444855086023825,0.9574460632177596,0.7132896945897734,0.616144363399418,0.00114626304580698,0.21853936537732044,0.9,0.0,0.7,66,0.1921195382193123,0.1387214864369206
20,33,0.8685564457294614,1.256422731827672,1.2534683486428293,0.9664829036874627,0.7173325847739307,0.6203697582602365,0.00107266836768517,0.22611960937447653,0.9,0.0,0.7,67,0.1829043691507966,0.1389376829220751
20,34,1.1122636979170062,1.5040404990790528,1.5108579565178366,1.2632571826698646,0.9713483875816933,0.6196393490342103,0.0018552130515602301,0.5766918419763486,0.9,0.0,0.7,68,0.1816255769187599,0.1362718026360243
20,35,0.9738233851599868,1.3655819448827247,1.3723948924564167,1.1279056899978581,0.8232670403527058,0.6214162765091676,0.00153411611141352,0.376681654653497,0.9,0.0,0.7,69,0.188044490130625,0.1375801283390187
20,36,0.9210482209754306,1.3171449849951322,1.3338355671721303,1.1012850476942375,0.7717918839570405,0.6392935430067368,0.00120094970062303,0.27869837670452635,0.9,0.0,0.7,71,0.1900296625820312,0.1370900311655211
20,37,0.8798590001052324,1.269446441456003,1.2727900039410673,1.0403784211451867,0.7330317012748382,0.6109258939478117,0.0012342102662797,0.2576013539709187,0.9,0.0,0.7,74,0.1885191031407384,0.145025827426362
20,38,0.947805567341985,1.3397647951502671,1.3495683164373837,1.1291920591739586,0.8044941690982639,0.6182987055056126,0.00131207069972793,0.34671396147528244,0.9,0.0,0.7,76,0.1947939810938138,0.142190766918059
20,39,0.9440953653857211,1.336002786537546,1.3457938743825664,1.1286393939955417,0.7969486577744389,0.6182752673265903,0.00131910974522462,0.3415690315711544,0.9,0.0,0.7,77,0.1946589172518363,0.1423274965620933
20,40,0.8942711236440405,1.2861308942455314,1.2988614994814198,1.112724449997065,0.7531928925500443,0.633300451480923,0.00142673908984585,0.2547300730954367,0.9,0.0,0.7,82,0.1894410340207386,0.1295976384448809
20,41,0.8839965147403586,1.2769822810646505,1.2929314572686228,1.1149974387066488,0.7401100460825999,0.6343918921585774,0.00142850298128674,0.2395086353135627,0.9,0.0,0.7,86,0.1905246897974665,0.1295969582189421
20,42,0.8872748123848426,1.2846456094879177,1.3104853317656417,1.1728039786947053,0.7422646133763239,0.6352765758434658,0.00145117538084995,0.24330997508027194,0.9,0.0,0.7,95,0.1902201280821788,0.1299501833631339
20,43,0.9165269787522566,1.3183652140588502,1.3541146101906802,1.2664966775478177,0.7713858290105142,0.6464783405899011,0.00170237430303333,0.2707630567515254,0.9,0.0,0.7,117,0.178318356379636,0.1281477097187798
20,44,0.9133193014177734,1.3163764053033544,1.3553665157900245,1.2768739198923529,0.773081421565833,0.6058390654534693,0.00149508128204802,0.31906939427976644,0.9,0.0,0.7,118,0.1931564198739641,0.1331830800952985
20,45,0.9979213816703866,1.3975414649018463,1.4327849933709604,1.3744966929162188,0.8714602596054984,0.6661147427472298,0.00156685315495345,0.3667328164500091,0.9,0.0,0.7,120,0.1873257366092254,0.1346318414979413
20,46,1.0343046293403442,1.4330938434822063,1.4622203862869125,1.4110090771196322,0.8906590965583414,0.6303350660217288,0.0015025476860879299,0.45988997951934873,0.9,0.0,0.7,122,0.188820812736061,0.1259540036915261
20,47,0.9250502222680079,1.3247501138443973,1.3600115865957947,1.3293222172310053,0.7858367367426291,0.6246236936458842,0.0014347403228197899,0.3158035878726982,0.9,0.0,0.7,127,0.1956163678633098,0.1323490831010066
20,48,0.9499545931569248,1.3494458528088538,1.3846605179440334,1.3818279700897715,0.8105114801965466,0.6257184539932541,0.00142666621989576,0.3504256496606008,0.9,0.0,0.7,132,0.1954695320553807,0.1321376538821528
20,49,0.9172088108712053,1.3174875766361223,1.3528796081982661,1.3418984020105187,0.7768596718321867,0.6294555785267487,0.00148576113244627,0.2971231813617666,0.9,0.0,0.7,134,0.194965724437221,0.130931814800714
20,50,0.9521743536695662,1.3530926974363178,1.3915967708539938,1.408468026458801,0.8108047153725104,0.6260632571468874,0.00139809815760574,0.3533084103386206,0.9,0.0,0.7,137,0.1955083585056871,0.1370783492281633
20,51,0.931888858463469,1.3328460019578114,1.37135879097341,1.395080341855229,0.791522026057359,0.6281818904891848,0.00143717781290767,0.32152135481655786,0.9,0.0,0.7,139,0.1917107519209728,0.1339079204252398
20,52,0.9725314465791914,1.3757701247148237,1.4207342785438366,1.449455561921258,0.8322769048193347,0.6616814389813968,0.00145858069602129,0.3380454418691614,0.9,0.0,0.7,146,0.1960396772643038,0.1373756807545979
20,53,0.9114634094909737,1.3177901534876126,1.3723615064887544,1.434971682093339,0.7732021049789215,0.6536315762713065,0.00153371899011947,0.26409930882445704,0.9,0.0,0.7,157,0.1745239992772643,0.1295183686907254
20,54,0.9325550544994777,1.339987238152417,1.397778720143419,1.4841782009662268,0.7954938734555934,0.6502884822870267,0.0016370738441576198,0.2993344146819367,0.9,0.0,0.7,165,0.1826799687681418,0.1362540865245964
20,55,0.922869663857226,1.3318059865619876,1.3929040612518995,1.480816203979512,0.7851503117715458,0.6601932778938961,0.0015981212787042499,0.27275265990872477,0.9,0.0,0.7,169,0.1700404084953739,0.135204541123524
20,56,0.8958106143322571,1.3046160596757754,1.365685863876574,1.4650179188469352,0.7602220785849662,0.6523754799326936,0.00154497083655387,0.24441494587419882,0.9,0.0,0.7,170,0.1737099045821614,0.1354699332808317
20,57,0.899072377208217,1.305937469775256,1.363606651368307,1.475269560342319,0.7686855673214261,0.6500014413084719,0.0016094003206074,0.2530208963763475,0.9,0.0,0.7,171,0.1802786249668707,0.1363298658074331
20,58,0.9001989096586784,1.3084630363453449,1.3694162792520308,1.4799042284879642,0.7641270072783695,0.6519552733443622,0.00160207533675107,0.2523190723074646,0.9,0.0,0.7,173,0.180100338806102,0.1366248673175671
20,59,0.9001983601995505,1.3099609291067436,1.3742195143836866,1.4983210355511598,0.7633841957972396,0.6519552733443622,0.00160207533675107,0.2523190723074646,0.9,0.0,0.7,175,0.1800251205272879,0.136678334826491
20,60,1.0379446302492514,1.4489884087452178,1.5165058451247957,1.7104808668766254,0.9016357599576696,0.6680135779163427,0.0017582248950598698,0.42888958219530576,0.9,0.0,0.7,191,0.197351168142614,0.1353046129706421
20,61,1.0263222144205661,1.4388209399248595,1.5096344465234584,1.7212969217062035,0.8900039288553603,0.6680115332459637,0.0017581515781467099,0.4123765887425712,0.9,0.0,0.7,196,0.1973583224355042,0.1356773500058507
20,62,1.036875178772093,1.4493581977742147,1.5201683735690072,1.7311759170385361,0.9006810314047533,0.668011291208232,0.0017581764235419,0.42748393607021185,0.9,0.0,0.7,197,0.1973575078184192,0.1353042111027702
21,0,0.9668920667190278,0.9920714028406652,0.9913647385259688,0.3761744436573063,0.0,0.0,0.0,0.0,0.9,0.0,0.7,1,0.9771586428627652,1.0622610578988507
21,1,1.2271089904474457,1.3215797058434589,1.318380816828395,0.7199055407172197,0.4436067406596386,0.39491314407085354,8.516564562182642e-06,0.0029263999213423376,0.9,0.0,0.7,3,0.8883454543246859,0.9758097623890992
21,2,0.9618735881485648,1.2712014973825758,1.2560374829847345,0.7212565312902699,1.2684048235112861,0.4300984031488207,0.00029810369421587,0.07749613870850398,0.9,0.0,0.7,4,0.5642394792667461,0.4450590617344546
21,3,0.896309233223558,1.237272323039837,1.2223820562543504,0.703623103135854,0.5447278195075886,0.4297426590483464,0.00028895578267108,0.07593469487716221,0.9,0.0,0.7,6,0.5572548589944635,0.4145629920033068
21,4,0.9122262255932062,1.2561157180562095,1.2443648765808217,0.7274858980604927,0.46488017733754133,0.4409312453162218,0.00033870945489201,0.08898909964098063,0.9,0.0,0.7,8,0.5584198470150665,0.4093538913839547
21,5,0.8162528923890335,1.1907059034211038,1.1744263539754227,0.6876370383475032,0.6010595897746062,0.42916208944275813,0.00028074357592769,0.0832641566311956,0.9,0.0,0.7,10,0.4252789090920807,0.4154536679288109
21,6,0.8457904282232709,1.2256584925298892,1.211880579843215,0.7283521219092268,0.5148431122806764,0.4517070238101693,0.00038645374621154,0.11495267223563782,0.9,0.0,0.7,12,0.4150292408567591,0.3976838682822406
21,7,0.7800760561290818,1.1657690075215619,1.1505717904292168,0.6833878824569387,0.5410778225218407,0.4256714725855293,0.00026446851863251,0.08561875522841957,0.9,0.0,0.7,13,0.3404406936054428,0.323072588616095
21,8,0.8346714545952899,1.2264555275673634,1.2131636891461377,0.7559110771307785,0.5664570808102674,0.4617942098010702,0.00045150611622313003,0.14617010693344287,0.9,0.0,0.7,15,0.3077798146928741,0.3056055827104387
21,9,0.8082701552899301,1.2034955176703066,1.196647702347397,0.7511827791453599,0.49613787333540765,0.45157294970277373,0.00038582026360335,0.12490503903255289,0.9,0.0,0.7,20,0.3099740633493297,0.3005297144049736
21,10,0.8076265829656204,1.2054035581823015,1.1890568512810729,0.7705684757774319,0.7307894604194018,0.47078556407272065,0.00055917304132889,0.15349918084758712,0.9,0.0,0.7,21,0.3041294704161406,0.3011495105912306
21,11,0.8032548958102903,1.2059381899853718,1.1990598738240745,0.7984982412230885,0.5373311053900033,0.4671475442048654,0.0005599637359267799,0.15969688010620403,0.9,0.0,0.7,27,0.3141553574657972,0.2748219693459376
21,12,0.7791366963209351,1.180729417646365,1.170098270920326,0.7820142619623932,0.5447230122706451,0.4614255403254725,0.00051428374322202,0.14035309698298307,0.9,0.0,0.7,28,0.3029572193383431,0.315191622604643
21,13,0.9027137732092902,1.3060087223475936,1.2982882988365123,0.9282719565412016,0.6456092964674954,0.46343066551901596,0.0005791517262123,0.3209309166337124,0.9,0.0,0.7,35,0.2891192486803702,0.2844849741355289
21,14,0.8067513751323214,1.2130962600284283,1.2118554529215397,0.8521234012107863,0.5518130873960196,0.4707688186749546,0.00059249484009632,0.17658660709158186,0.9,0.0,0.7,37,0.2920086968675831,0.2903551445541311
21,15,1.2376691159061919,1.6425410762583672,1.6379679673699972,1.2695401434957394,0.9804866038869804,0.46518379669293597,0.00067288196797106,0.7998311582952178,0.9,0.0,0.7,38,0.2847995659659788,0.283216220570984
21,16,0.8510061832710899,1.257424310438909,1.2559918527029774,0.9053702534710336,0.6050778483573069,0.4700043604135435,0.00059213879546253,0.24396740807828227,0.9,0.0,0.7,39,0.2985205649673617,0.2937318498042622
21,17,0.7714806832814921,1.1792044276154725,1.179094933803933,0.8525942892129535,0.5820662643285307,0.47059272597942536,0.00054576219751721,0.16110239025237758,0.9,0.0,0.7,42,0.2858898784261632,0.2918458096170552
21,18,0.7605846846809596,1.169687247188273,1.1726735691999934,0.8446497374207171,0.5349172503454951,0.4684514072272312,0.0005552017312362701,0.1514786620054417,0.9,0.0,0.7,44,0.2782973949395477,0.29059463123593
21,19,0.8050961962673546,1.2127407859656971,1.2124013888674448,0.9014945199959828,0.5741761683330125,0.47034774107761174,0.00052526430120913,0.2130112576488826,0.9,0.0,0.7,45,0.2914325559578602,0.2890883990523121
21,20,0.763386503393255,1.171938048944492,1.1742753200266614,0.9041850451453651,0.543304448881791,0.4706090753128513,0.0006299408360825001,0.16232294619843474,0.9,0.0,0.7,52,0.2733409370991283,0.2917919867025319
21,21,0.8002610738521827,1.223706160791341,1.2590189613442981,1.130780748512027,0.5749510145763681,0.471408449281952,0.0007321893293849001,0.2151062159261586,0.9,0.0,0.7,101,0.346740654262814,0.3021771953252443
21,22,0.8047475825866741,1.2296543903498123,1.2682349030411006,1.1629700888713952,0.5800879423139789,0.47120641875060126,0.00076964648825067,0.2223274683907729,0.9,0.0,0.7,108,0.3455833609277309,0.307150344085924
21,23,0.8035091070445199,1.2283459241972143,1.2668569703894204,1.169077858879041,0.5839939045006266,0.4712009637734022,0.00077796767068484,0.22157994482686919,0.9,0.0,0.7,109,0.3403944325867218,0.3072826648465808
21,24,0.8092663156659361,1.2355561013451097,1.2773280254590087,1.1876603964933237,0.5864237233159997,0.471194830022837,0.00079273502142462,0.23046058301657407,0.9,0.0,0.7,112,0.3454268050117516,0.3065932734345025
21,25,0.8080516090071705,1.234230803677242,1.2758985577593114,1.201195804239303,0.58884079252405,0.4710738289555903,0.00079419292024797,0.2303923427359495,0.9,0.0,0.7,114,0.3453005337372399,0.3061313809994563
21,26,0.8029369439795606,1.2350391872907949,1.2898629713982215,1.3009059158578906,0.5809354691523605,0.4709341742346918,0.00075700370719746,0.22421774726558902,0.9,0.0,0.7,146,0.3352964698423615,0.3042054629579163
21,27,0.8109526354107975,1.2490128650549452,1.3170212962356,1.4248593824346794,0.5892512722133056,0.4719567878271076,0.00080763079050127,0.23489726420179685,0.9,0.0,0.7,187,0.3634895739456491,0.3283407250627655
21,28,0.8135224977790317,1.2560196320276003,1.3338878448461724,1.5476290107397626,0.5936790744095491,0.4718677743459656,0.00084956934527857,0.23950583590560004,0.9,0.0,0.7,190,0.3554989598937881,0.3199219090279089
21,29,0.8128832500463818,1.2552705458321076,1.3330455419348948,1.5777150948578371,0.5942411232859239,0.4718677799208826,0.0008600993136912901,0.23992959605374975,0.9,0.0,0.7,194,0.3516303356663451,0.3258993757277362
21,30,0.845050579811315,1.2903924036757402,1.3747409210036388,1.6251757469069745,0.6256125655370441,0.47186324509527383,0.0008940214865661499,0.28642689474461147,0.9,0.0,0.7,200,0.3471437813709984,0.3140593099753065
22,0,0.918601004628125,0.9785489040660007,0.9766370048995071,0.36762383721278247,0.0,0.0,0.0,0.0,0.9,0.0,0.7,1,1.1742449081445068,1.0652948690231634
22,1,1.1133686445592457,1.2532785105877005,1.248218793436933,0.6571489921526961,0.41884101096617343,0.342367925451617,1.066342966484e-05,0.00273680536775277,0.9,0.0,0.7,3,1.022349351052816,0.9217675652594808
22,2,0.9463910704818933,1.2704398162460473,1.2538953071468861,0.7261901526655464,1.2499294333873356,0.4300869211973962,0.0002962148427191,0.09854937953363374,0.9,0.0,0.7,4,0.6914433728344263,0.448398053470645
22,3,0.8851337756834748,1.237098305411383,1.2208449892530595,0.7146022617703581,0.559227389560279,0.4249406366590916,0.00030206255334294,0.10370711506358317,0.9,0.0,0.7,6,0.6570723881554356,0.4096842690664538
22,4,0.8681550935312751,1.2397475109621894,1.2204205821874696,0.7331643320355324,0.5983979580351222,0.46710622726736334,0.00031641300483817,0.10254267559986074,0.9,0.0,0.7,8,0.5324430717243048,0.3456186811386349
22,5,0.8106918242496606,1.1984228363744787,1.178853857749874,0.7182149475152648,0.6117674398549963,0.46522928500227595,0.00028109120278377997,0.10063903123596954,0.9,0.0,0.7,10,0.5065342165826491,0.3055389617774311
22,6,0.8109020863468361,1.1986351580733199,1.1790654847974527,0.720612369676844,0.4894219874455569,0.46545210096943856,0.0002813448331344,0.10066710941387066,0.9,0.0,0.7,11,0.5061921681011868,0.3055580346801697
22,7,0.8231878110092478,1.2126393377214864,1.1963023726442608,0.7372267720447145,0.5077323077010739,0.4704973295379251,0.0003158261636382,0.11321155876210548,0.9,0.0,0.7,12,0.501961378424804,0.3028405359612486
22,8,0.7687938782821704,1.163666752210346,1.1405846012820193,0.7077846166156672,0.7316207389728393,0.4694857809843892,0.00030807104901425,0.1018239682983344,0.9,0.0,0.7,13,0.3918027326134521,0.2522903883217713
22,9,0.6606381298654181,1.0526295253219422,1.0255788278437705,0.6252510478692188,0.7142642014200379,0.45129214678271534,0.00026015935671803,0.0810376104232959,0.9,0.0,0.7,15,0.2895384316619082,0.2106564560350821
22,10,0.6693049566242883,1.0565930722582944,1.030432506003863,0.6439829155682673,0.575932442233585,0.4629962631533338,0.00034684068247985004,0.10822359490425139,0.9,0.0,0.7,17,0.2493155923138561,0.1877920646914057
22,11,0.6878637447055811,1.0758425813656556,1.0527217526185502,0.6801007335819138,0.5193073517614156,0.47340249713919486,0.00039946627184240006,0.12446137388275484,0.9,0.0,0.7,20,0.2351390742617746,0.1961288378626755
22,12,0.5839120110211822,0.9587623268687782,0.9349938352366067,0.604489688043105,0.46635847577450185,0.43661791867412725,0.00021377222316051,0.06571803724748512,0.9,0.0,0.7,30,0.2185782576472268,0.2064051828562988
22,13,0.5952011393554711,0.9405091082120973,0.9139798054569559,0.6168419990288434,0.9070583737078408,0.459357966082101,0.00035343327205015,0.10549388761560678,0.9,0.0,0.7,31,0.1642575374403589,0.1690289844373385
22,14,0.6031459970196078,0.9492484522506351,0.9259139970892147,0.6320667297709911,0.49921935283438973,0.46531814765001794,0.00036410199516504003,0.10994749247840907,0.9,0.0,0.7,33,0.1639133760335018,0.1924947039321931
22,15,0.6064669777515146,0.952339364843946,0.9289543436582969,0.6381167158820485,0.5037824976110987,0.4642266339578674,0.00039056444187676,0.11657691606535261,0.9,0.0,0.7,34,0.1597653061818638,0.1722967621191902
22,16,0.5899728745039508,0.9336738643724818,0.91299637802067,0.6330022266285125,0.5258935221081407,0.4595742886794786,0.00033625411659955,0.10333629416065698,0.9,0.0,0.7,35,0.1573643155620097,0.1838185432333481
22,17,0.5899722790757542,0.9336725615946242,0.9129949504838055,0.6358405967192962,0.485960328370012,0.4595742890186133,0.00033625411904545,0.10333629491232085,0.9,0.0,0.7,36,0.1572263716364514,0.1837772123803512
22,18,0.5983537026708393,0.9424596194967081,0.9249065610858742,0.6546121699493676,0.5015217025372173,0.4659687150793456,0.00036434058000167,0.10842591618497671,0.9,0.0,0.7,38,0.1572466486576392,0.1887189125490607
22,19,0.6712961789978272,0.9940276560058724,0.970055215132287,0.7131815063216852,0.7985197244647467,0.5307775269955527,0.00045547531075956,0.1508201302328109,0.9,0.0,0.7,39,0.1751269476698958,0.1800836778417868
22,20,0.664966313352277,0.9881797577062409,0.9673610991870618,0.7144237979907613,0.5828717522492769,0.5288718802213365,0.00043852144761102,0.14520624999032344,0.9,0.0,0.7,41,0.1726455771249255,0.1757015111587418
22,21,0.650416530182984,0.9794739975063783,0.9749378698421791,0.7558929627200968,0.5657144220077343,0.5259270107030142,0.00041198710739475,0.12977367525705347,0.9,0.0,0.7,52,0.1685246282731633,0.1637808072387987
22,22,0.6243207407322614,0.9578485656388719,0.963224987639029,0.8116533672994216,0.5381109819876237,0.48936267324367144,0.00043259879985259997,0.13952955235262873,0.9,0.0,0.7,71,0.1527037321012463,0.1769233233144997
22,23,0.6195679045141033,0.9516217698242386,0.9598667456080969,0.8085265268477584,0.5503749248401709,0.4867069770049678,0.00043961197632850997,0.13891034004894187,0.9,0.0,0.7,73,0.1403058205915864,0.177325203558167
22,24,0.6219860468711256,0.9576800211973537,0.9757165112845032,0.8671177060193758,0.5393156856566472,0.48879013118245357,0.0004373204340618,0.14046502339755218,0.9,0.0,0.7,81,0.1433391176705344,0.180306120066888
22,25,0.6146042931931537,0.9464137642572216,0.9669796225271078,0.8867758836120062,0.5401396200904202,0.48065422798188523,0.00047049946148447,0.14512882420672665,0.9,0.0,0.7,90,0.1318931183904352,0.1678205779427636
22,26,0.6146717651045477,0.9479656473975394,0.9718349115898973,0.9164808813876245,0.5342835389188878,0.4806664559211588,0.00047072836291859,0.14522187442893048,0.9,0.0,0.7,95,0.1319015480386688,0.1678717724457903
22,27,0.6145905081501158,0.9493605825632099,0.9765321063885133,0.9545837451056687,0.5342246850344047,0.4806657784877827,0.00047054791286862995,0.14512610856546126,0.9,0.0,0.7,101,0.1319179785855715,0.1677814501921353
22,28,0.6123594519644879,0.9467886557432097,0.9739115600579473,0.9726924243548105,0.5338417691266121,0.48038266626508674,0.00046697198579585006,0.14259528458494822,0.9,0.0,0.7,103,0.1313026351135743,0.1679669565566934
22,29,0.6106681425522709,0.9483688797840739,0.9852339224220743,1.0240007606449821,0.5322808848500737,0.479682212398938,0.00049245748246192,0.1421227302917869,0.9,0.0,0.7,113,0.1296508452193232,0.1724745108967959
22,30,0.611544634921505,0.9506667890180125,0.9908263280224168,1.0581539751718956,0.5322876047359342,0.47980331773202733,0.00047482450692564,0.1432846334893121,0.9,0.0,0.7,123,0.1306275524827138,0.1732186914958823
22,31,0.6113153988463409,0.9550287815824073,1.0051181780572973,1.110199203434563,0.5318856633922371,0.47951627954945863,0.00047980152808285004,0.1432460048833255,0.9,0.0,0.7,131,0.1292568720481244,0.1731768738556234
22,32,0.6090437585164925,0.9508813215814231,0.997611763269667,1.1180973529206735,0.5324901363493719,0.47929869086906124,0.00047881251165187994,0.1405991855033288,0.9,0.0,0.7,132,0.130473545587762,0.1725858501754146
22,33,0.6116509014876272,0.9549719312216589,1.008099193148416,1.1475537617132479,0.5362465033596565,0.48619277880759754,0.00058554676031633,0.13672848934788873,0.9,0.0,0.7,137,0.1458558598274318,0.1734497249343592
22,34,0.6111885647153912,0.9508952459910627,0.9973246783740344,1.1633285195838823,0.5391863956938233,0.4855272070497387,0.0006149889719916,0.13743530330693365,0.9,0.0,0.7,138,0.1456744586772925,0.174686194745724
22,35,0.6102166437630846,0.9545915727948235,1.0140565289238215,1.2611502516447763,0.5334479027192844,0.48761033873063075,0.00057975188632867,0.13445941533850556,0.9,0.0,0.7,165,0.1522195387961979,0.1722098062445528
22,36,0.6111399549422315,0.9568598548439998,1.0196087475687396,1.3374550281542938,0.5340967131564002,0.4877555294435966,0.00056944204753504,0.1357173819193468,0.9,0.0,0.7,178,0.1491081842792414,0.1721657972387136
22,37,0.6065183118799331,0.9530935176626807,1.0190578447565268,1.367051173693328,0.535953870185708,0.4818583154631693,0.00055194090481219,0.13722078474928026,0.9,0.0,0.7,179,0.1415629249935135,0.1730455111319829
22,38,0.6075679209848527,0.9548443174660213,1.0240027990360732,1.378975697892934,0.53507496996103,0.48302106053401866,0.00054860672967798,0.13786993073533096,0.9,0.0,0.7,181,0.1395833934765787,0.1689162844171672
23,0,0.9616501954200366,0.9906360147119393,0.9898014506916056,0.37526681329488537,0.0,0.0,0.0,0.0,0.9,0.0,0.7,1,0.9990204623965926,1.0636378695125477
23,1,1.199016083075423,1.3229933744570281,1.3186103734456698,0.7240719612792705,0.49480955308215196,0.41070869430917334,1.222988224457e-05,0.003616605628219634,0.9,0.0,0.7,3,0.9288608831445456,0.9230250450575024
23,2,1.0014538160493471,1.2956211483516993,1.2817306670904953,0.740422765689328,1.1086557376766157,0.429291795749109,0.00032225196678346997,0.09300651403590285,0.9,0.0,0.7,4,0.4453183338710907,0.4445206632651598
23,3,0.8976992781504424,1.2277912778438242,1.2106282461541022,0.6903532106108852,0.5334597520628677,0.4273206701276832,0.00015608871950138,0.05109366528394303,0.9,0.0,0.7,6,0.4067293476306741,0.5239841156229181
23,4,0.8326269222726729,1.190167636345647,1.1731468165576113,0.6760491001787564,0.5260925032499429,0.42860447029992493,0.00014442712856835,0.04425415605067364,0.9,0.0,0.7,8,0.3600591051365163,0.4844070810488874
23,5,0.8003724707289565,1.168746530865111,1.1464356367396238,0.6591054804298685,0.5562245550242849,0.42859406064799865,0.00018782769842892998,0.047616323366435793,0.9,0.0,0.7,9,0.3932447492006395,0.4579855611932511
23,6,0.7638461111910896,1.1437907937817657,1.122802881767538,0.6460661117139505,0.4844594578328154,0.4245505692294461,0.00017496956234593,0.04679864441311444,0.9,0.0,0.7,11,0.3362600541632876,0.4054005431793721
23,7,0.7720286296943379,1.1574665849128694,1.1387409105572897,0.669448711675825,0.47477792644070405,0.436950539246862,0.00024752871083436,0.0649724451712675,0.9,0.0,0.7,13,0.3309218594895129,0.3820997111176185
23,8,0.7882624027083579,1.1786997659240357,1.1620189629693607,0.6991970842821531,0.515078466156435,0.46013003131154295,0.00031729775053688,0.083566937552676,0.9,0.0,0.7,15,0.3635559573864428,0.3430951782706019
23,9,0.7624891666285754,1.1545700528666196,1.1372556540836536,0.6854589265389979,0.4993885454439614,0.4486077997833893,0.00028023489217345,0.07406543060048328,0.9,0.0,0.7,16,0.3328251626616324,0.3384457461363363
23,10,0.7546434895458725,1.1508549265181949,1.1355669805508193,0.6900681794533505,0.49420049699223695,0.46541290936240803,0.00025987784501169,0.06551027656392444,0.9,0.0,0.7,19,0.3283983220381261,0.3311746292961157
23,11,0.7374077721836603,1.134689983917112,1.1141604276603136,0.6858836769468751,0.6070445700396521,0.47414931804196936,0.00025733911483893,0.06435846601333996,0.9,0.0,0.7,20,0.3081201430697459,0.3129554089890184
23,12,0.7209374616217066,1.121078713989745,1.1069990023498393,0.6762416463822196,0.46669383863656866,0.459074428116291,0.00024548907581298,0.06259568046785687,0.9,0.0,0.7,21,0.3094857477809002,0.2928237189011819
23,13,0.7211322552590012,1.120179874149715,1.10146323930298,0.6846872766034988,0.5645498276740052,0.47426381473125834,0.00025721566812033,0.06526404124805858,0.9,0.0,0.7,22,0.3001491054304884,0.2678137249053125
23,14,0.7202339768761178,1.1207787637245237,1.105294865999529,0.7027477045974336,0.47411444178032336,0.47435638496854254,0.00025644746456871,0.06502486496096668,0.9,0.0,0.7,25,0.3026593764202938,0.2640781045258267
23,15,0.7199848860136072,1.119270022084738,1.1002797322586289,0.713600925808203,0.47984844203021815,0.4773395922599273,0.00025747941570869,0.06439588550892776,0.9,0.0,0.7,28,0.2902052008037482,0.2899431886372726
23,16,0.7224707872719259,1.124479023337187,1.1119965670772005,0.7206362470863588,0.4808093373797566,0.47466972701638344,0.00027081110693754,0.0726400416172658,0.9,0.0,0.7,30,0.2951792376426165,0.2579203043315298
23,17,0.7154246119520525,1.1170738826884372,1.1036720112528624,0.7297789500858717,0.5445348566899685,0.4748908083962108,0.00029827381199609997,0.07651388319995875,0.9,0.0,0.7,31,0.2707830693834253,0.233375737916968
23,18,0.7123528005075473,1.1169214125535252,1.1100097621700864,0.7401933538017021,0.48082945312459136,0.4747664885692454,0.00029845918000443,0.0741074515461794,0.9,0.0,0.7,36,0.2832600327240211,0.236924320736127
23,19,0.7123390091081109,1.1169067755374587,1.109993813418307,0.7456627430162414,0.4792549256423402,0.4747664885692455,0.00029845918000443,0.0741074515461794,0.9,0.0,0.7,37,0.2830103420093204,0.2370827967632721
23,20,0.6942056069935422,1.0960296399525746,1.0844846030527946,0.7235408605243046,0.5663766965222347,0.4731462280799592,0.00028581532573861,0.06977023013709695,0.9,0.0,0.7,38,0.2537676430306401,0.225730119385158
23,21,0.6549000990840259,1.045864520256214,1.0237693561513006,0.6564037123195009,0.7440039232122377,0.46575927684592555,0.00031780790507022,0.07502327313199772,0.9,0.0,0.7,39,0.1900783066309997,0.2627722868301382
23,22,0.5825145348624108,0.9396821862222687,0.9120433132614538,0.6105733889197422,0.7759008346278099,0.45419521536173985,0.00030102705967503,0.07789559985522701,0.9,0.0,0.7,41,0.1660057692316653,0.16932792820106
23,23,0.582266350651817,0.9494419245844578,0.9448955022348354,0.7197777728851217,0.4630961684542089,0.4527174861232068,0.00030707512173192,0.0794844749731852,0.9,0.0,0.7,73,0.165148351606139,0.1687909078976783
24,0,0.9171849703243873,0.9781419492786684,0.9761937781503325,0.36605265277042387,0.0,0.0,0.0,0.0,0.9,0.0,0.7,1,1.1783495022087702,1.0604061558664513
24,1,1.1773881074330397,1.3171516740270632,1.3120982884960435,0.7209955266592454,0.4811701484386207,0.41278803981855006,1.050477521425e-05,0.00334242502371476,0.9,0.0,0.7,3,1.0215857058737643,0.921661328170348
24,2,1.0040066136196142,1.3021641045638939,1.2879508887245843,0.7482975259444073,1.0947895764908324,0.42965980136146725,0.00035761589791925,0.10705299585007712,0.9,0.0,0.7,4,0.6774021566136319,0.4636803640211925
24,3,0.8624530763829743,1.2068668795432655,1.1880821077286685,0.6761251753565685,0.5756636356888815,0.428823686361303,0.00011075392306903,0.04526207573790381,0.9,0.0,0.7,6,0.48337925311393,0.5289483735075144
24,4,0.8162885388073277,1.182276952244614,1.163964083776111,0.6695560372210219,0.5214516584040927,0.4294283141075933,0.00014535368885152002,0.05263154779627944,0.9,0.0,0.7,8,0.4412057911506212,0.4817921793354009
24,5,0.7950581106269801,1.1706124930010993,1.150545858645409,0.6671051244760076,0.4922380116031785,0.42961259182907974,0.00016768799014252,0.06384077666645681,0.9,0.0,0.7,10,0.4197710777293156,0.4234463210081205
24,6,0.7814603102561194,1.1595633256229343,1.1389126654182402,0.6604278012914898,0.466644211368781,0.4283297566714748,0.0001615615903521,0.059066048447397324,0.9,0.0,0.7,11,0.41496883416157,0.4165361360061174
24,7,0.724732193171079,1.1209330468523269,1.095295568005979,0.6672269187426657,1.053584660558803,0.48757299125506764,0.00016435144042969,0.05847768717328353,0.9,0.0,0.7,12,0.3043793740224687,0.371331117178809
24,8,0.7142615407122491,1.111671287248639,1.0888961762507021,0.6582687353756977,0.4887236928698886,0.4823395783809586,0.00015680276859903998,0.05693617866593886,0.9,0.0,0.7,14,0.3065561324511311,0.3460605673887433
24,9,0.7128162754138911,1.110223314410192,1.0874407609310952,0.6675911885724997,0.4728541468774886,0.48099832456403513,0.00015609683524178,0.05671156373889018,0.9,0.0,0.7,16,0.306093580626235,0.3446224940348001
24,10,0.7251301889280042,1.1237204377739658,1.1036131614745621,0.6876122774184389,0.5352275544156656,0.49272319024817196,0.00018969066425408,0.068878002848289,0.9,0.0,0.7,17,0.298572594090296,0.3454012165422401
24,11,0.6624056641744762,1.0488623418462624,1.022428697050842,0.648856950623745,0.7064355299598164,0.474173891204393,0.00025053719450694,0.08718531811689073,0.9,0.0,0.7,19,0.2424243631504649,0.2018755398915249
24,12,0.6368328611652162,0.9954786026297893,0.9592961981964647,0.6218055108677981,0.730978062086822,0.49681390234236567,0.00020456128410518,0.08722833854684284,0.9,0.0,0.7,21,0.1741742499752719,0.1856763589646292
24,13,0.6350903350307191,0.994502086759479,0.9614811290848133,0.6266787165609272,0.5122548378918742,0.4990279750915494,0.00021041777816068998,0.08315393109535518,0.9,0.0,0.7,23,0.169253838004926,0.1798949456249491
24,14,0.5945484803049329,0.9207559460830506,0.881929057011088,0.5863616617857029,0.6997023586834753,0.47476112254212943,0.00022036062705852,0.10205991860344611,0.9,0.0,0.7,25,0.1418310256923382,0.1379311070429309
24,15,0.5844203480617988,0.905247417759699,0.8686661146136816,0.5808117529319708,0.5300846178339125,0.4729567193386706,0.00022443301207332,0.09707170920362299,0.9,0.0,0.7,27,0.134259127777394,0.127471082485283
24,16,0.5856299352676424,0.9079180782392087,0.8746363901236909,0.5892168771001136,0.4950560225713679,0.47344371783495615,0.00022701933897299997,0.09821339590605968,0.9,0.0,0.7,29,0.1337348239524177,0.1272939137676751
24,17,0.5837614736220154,0.901634218515557,0.8676912613231276,0.5910157289017874,0.5186385116191187,0.47779786076158076,0.00023609211511345,0.09423689054138347,0.9,0.0,0.7,31,0.1311142248561043,0.1254904968369883
24,18,0.5748865522614887,0.8884145724480352,0.8569147415290432,0.5976075379198424,0.5207670702518283,0.4770304467376717,0.00021687762308833,0.08801894090773132,0.9,0.0,0.7,33,0.1287308656801829,0.1264934093891717
24,19,0.5739541838392167,0.8872039815096151,0.8556635290741518,0.5993556200732223,0.49300304179995286,0.47624441407366747,0.00021671277668794,0.08795128989007252,0.9,0.0,0.7,34,0.1280763458342749,0.125934423974059
24,20,0.546597742936207,0.8520223706769361,0.8193590728354866,0.5643729490461628,0.5451647632585985,0.4612948128961295,0.00021738634107333,0.07490975702307229,0.9,0.0,0.7,35,0.1091344042859854,0.1123525610124051
24,21,0.5574088294046199,0.8638113131801007,0.8343797987186053,0.5849755323967076,0.4812651512569183,0.4662811752863233,0.00024465640976531,0.08437975695729183,0.9,0.0,0.7,37,0.103220545877418,0.1099865755068726
24,22,0.5483106463470715,0.8505971316077299,0.8205880268738771,0.5828487719391301,0.48529594075154225,0.46372537863090174,0.00021730204842662,0.0780461772928676,0.9,0.0,0.7,40,0.1118421439075495,0.117850743995804
24,23,0.538708685631118,0.839259297120251,0.8121071741536299,0.5799035447545803,0.4796825666427007,0.4584028318430274,0.00021497877916242,0.07373957142627012,0.9,0.0,0.7,42,0.1068171706994174,0.1136180427998841
24,24,0.5418911571972281,0.84308109210621,0.8191160810616895,0.6076550522154557,0.4719202460013071,0.4625568512060423,0.00021637186961325,0.07361428832889064,0.9,0.0,0.7,44,0.1047713799753601,0.1086615774592788
24,25,0.5415973502290731,0.8446716163510695,0.8271646308516527,0.6266521213377739,0.4707836338619879,0.46030261632896724,0.00022434832996773,0.07695340918673212,0.9,0.0,0.7,48,0.1038901854663942,0.1118146213553819
24,26,0.5379517230192976,0.8372750242850079,0.8192557536508692,0.6570350454988402,0.46972145073582067,0.4528263027641191,0.00021088817291402,0.08420981779882232,0.9,0.0,0.7,59,0.1057222574706725,0.1089914221254315
24,27,0.5459308167225535,0.8302812996595044,0.8071648589597883,0.5855014335849396,0.5017242655308211,0.45465589509337223,0.0002664988299209,0.10272510210716498,0.9,0.0,0.7,65,0.0937965694331562,0.1024081011881003
24,28,0.5459239303114478,0.8302719368056064,0.8071551657068852,0.5854934080305816,0.4810996861061558,0.4546497676430613,0.00026651002588576,0.10272479958582327,0.9,0.0,0.7,68,0.0937956924515876,0.1024082511039688
24,29,0.5459237499851448,0.8302716953471262,0.807154917784504,0.5854932004778631,0.4810921007436332,0.45464960715315733,0.00026651031919411,0.10272479167694332,0.9,0.0,0.7,73,0.0937956695063664,0.1024082550586949
24,30,0.5437167021255197,0.82728249373797,0.8040636287280151,0.5829250906800966,0.48277623136760733,0.45394418495869904,0.00026202959384097997,0.10099774969659843,0.9,0.0,0.7,75,0.0941024107410768,0.1024277158252849
24,31,0.5540860267011621,0.848015167215522,0.8510286231778789,0.778022723580167,0.49400355929906004,0.4634098115313903,0.00026855785889888,0.10470513383643089,0.9,0.0,0.7,79,0.0990774307435247,0.1033366662879565
24,32,0.5491465816570258,0.8414975058598431,0.8411951176919341,0.6828449406810941,0.4855644714453895,0.45912324397450893,0.00026811001144551,0.10321318893122441,0.9,0.0,0.7,86,0.0958948727118386,0.1021103592887264
24,33,0.5473362480839712,0.8331349122982246,0.8382175284502047,0.7862704803095291,0.5725815957333497,0.4535953106049987,0.0003263638299347,0.11374068012802083,0.9,0.0,0.7,87,0.0985117795087947,0.0987513184145024
24,34,0.5548300597298799,0.8408603889159761,0.8490878259084024,0.8159413995393897,0.4971172095728448,0.4608017212562438,0.000327902453713,0.11594547513374134,0.9,0.0,0.7,96,0.0953831399231802,0.0950864871521953
24,35,0.5519075189490338,0.8390276265592289,0.8536249441406727,0.8287041309636786,0.5020882988388933,0.4615887795055434,0.00032384530778179003,0.11189642459153776,0.9,0.0,0.7,98,0.0940612620573091,0.0983108261390538
24,36,0.5419582346128847,0.8420294424739015,0.8863081579053544,1.0505802368214079,0.4841328182186556,0.44962279974908415,0.0003160559387132,0.11338620819696045,0.9,0.0,0.7,144,0.0944497744171621,0.099976344840889
24,37,0.5438960457251015,0.8512995647276035,0.9120852228111513,1.1185648449862646,0.486236666314922,0.45152934433742725,0.00032859995635817,0.11379864137960789,0.9,0.0,0.7,151,0.0928275783252189,0.1017834929161759
24,38,0.530567336255025,0.8303230670584504,0.883915286929191,1.0755795319624237,0.5148581054963518,0.4433544763801037,0.00031877479721107,0.10796162196308429,0.9,0.0,0.7,152,0.0926536597727622,0.0972689721289506
24,39,0.5491469624277279,0.8530878437643319,0.9196767100524705,1.1704174504146663,0.49508668261917066,0.45964266607550675,0.00030643567910424,0.11458620876832071,0.9,0.0,0.7,165,0.0939218189565004,0.0974345858918403
24,40,0.5506521081507615,0.8551519204663783,0.92492962318496,1.1938901037053933,0.4977779471919062,0.461333059871307,0.00030490927007127,0.11508956533347414,0.9,0.0,0.7,169,0.0922241612134348,0.0968632133024967
24,41,0.5315611525927995,0.8427478064647478,0.9289528850782498,1.2865109840052626,0.47721615237625825,0.44578494687158626,0.00032859255617601003,0.1082564262778643,0.9,0.0,0.7,199,0.0944709726699717,0.0951247334471174
25,0,0.932985389429828,0.9826481833782091,0.9811016514589659,0.3702159309758543,0.0,0.0,0.0,0.0,0.9,0.0,0.7,1,1.1136649871484865,1.0618371712640278
25,1,1.322839019009897,1.3715989367969323,1.3667261222571339,0.7607534563532836,0.3921292445097226,0.42955616768761967,1.36566765483e-05,0.005832198702923913,0.9,0.0,0.7,2,1.27447052617074,1.169100962955094
25,2,1.2188678076457469,1.3655956264234976,1.3602374926942395,0.7706973657507871,0.6877391543237024,0.4690396560403625,1.282508850257e-05,0.005109211438976272,0.9,0.0,0.7,3,1.0663256348750183,0.9239289933704498
25,3,1.1004932472472213,1.3256207954686485,1.3163469676288149,0.7513777900933148,0.70033346691244,0.4250185587336084,0.00071508027437084,0.06736151352130483,0.9,0.0,0.7,4,0.7126870094177226,0.6953965353642529
25,4,1.1526693118813918,1.4124917151892844,1.3976859021891916,0.8542151909552466,0.6199721161261368,0.5292040763956074,0.00027471000525206,0.09533762272681798,0.9,0.0,0.7,6,0.8399179922179189,0.851642799053969
25,5,1.0446652315682856,1.352380977089161,1.337358828005225,0.8119611580368558,0.6426430429168805,0.5302282872911109,0.00019305866877875,0.062454567226517904,0.9,0.0,0.7,8,0.7049264028045933,0.6252219976892089
25,6,0.8340917487165307,1.2223219519759572,1.1987392352419017,0.7300626583383132,0.9326270343564622,0.5516741314766146,0.00012594351163686,0.037130750100513955,0.9,0.0,0.7,10,0.3330159766798301,0.3743958357203866
25,7,0.8162486667795343,1.20775653220813,1.1790448538952802,0.7311145388179071,0.6610791087340835,0.5486216219678743,0.00016687073684874002,0.05161524549561912,0.9,0.0,0.7,11,0.3303399248224123,0.3229270364411389
25,8,0.7019429103751499,1.0868686194087585,1.0515362455974921,0.6632678768865349,0.859350124306297,0.5362399067229756,0.00016660124519649,0.051793271811010934,0.9,0.0,0.7,13,0.259485613350936,0.2795807225018476
25,9,0.6900779654750171,1.0720057150457376,1.0384762452534348,0.6545099002436974,0.571320723571208,0.541133858038269,0.00015260880909111,0.04621029342993992,0.9,0.0,0.7,15,0.2416638473338031,0.2556040371915095
25,10,0.6886544872529399,1.0616315498499729,1.0285841721704694,0.6604343908957777,0.6367444035532055,0.5536422219801439,0.00019327792784271,0.05841944176658374,0.9,0.0,0.7,17,0.2067500874672366,0.240125923834516
25,11,0.6929064774738053,1.0627630629552478,1.0319441917003256,0.6708468229846338,0.5881115130450498,0.5575254192161647,0.00023326252771306002,0.07016353854343875,0.9,0.0,0.7,19,0.1843915580914062,0.2268479028370103
25,12,0.6938809719414658,1.0631075357243103,1.0321284065902285,0.6758104727176728,0.5649897689965628,0.552221110207414,0.00026934146776422,0.08004426468735933,0.9,0.0,0.7,20,0.182624882085096,0.2062907057115838
25,13,0.683512860955408,1.0517409402554325,1.023486637272653,0.6664183101070205,0.5884775138372029,0.5521079139384935,0.00024334458095873998,0.07111711866379386,0.9,0.0,0.7,21,0.191646660499934,0.2118036372421542
25,14,0.6853527481886748,1.0533466057435128,1.0250392915157258,0.6707448197962771,0.5526823633269486,0.5527951695389857,0.00025127687941229996,0.07337697787433214,0.9,0.0,0.7,22,0.1889717883650361,0.2101938705048379
25,15,0.6759762431422637,1.0396180560551809,1.0134551129201175,0.6772404311674602,0.5854630233506698,0.5521079125641225,0.00024334456536711998,0.0711171142218427,0.9,0.0,0.7,24,0.1800465436453233,0.2043324171244026
25,16,0.6946833125739358,1.0532170089959385,1.0230345303902488,0.6824550011712434,0.5945086691550958,0.5667542833340407,0.00028914761629670997,0.08529942913217857,0.9,0.0,0.7,26,0.1389305313348801,0.1588186327519277
25,17,0.6196791240322388,0.9710741042623016,0.9425840878973107,0.6352843099695826,0.5599902195804851,0.49955430007475954,0.00025778703017736,0.0780643995461871,0.9,0.0,0.7,28,0.1489029834381794,0.1712497259085076
25,18,0.6067992725174606,0.9468097081831984,0.9163499037284947,0.6237728810316598,0.5701036228801445,0.4987320593627312,0.00023492225046359999,0.07603005617423687,0.9,0.0,0.7,30,0.1274570813937245,0.1637558044845516
25,19,0.6079937487281161,0.9474049945748293,0.9168454119049657,0.6275199198148399,0.5106930675082741,0.49930364976114944,0.00025338664946099,0.07774488607298853,0.9,0.0,0.7,31,0.1301584993684083,0.1584876222374399
25,20,0.6026867762687084,0.9407071036076591,0.9129767518484802,0.6343453948037163,0.517399863814545,0.49939985449750124,0.00023299635359557,0.07354469811448239,0.9,0.0,0.7,33,0.1237559553812333,0.1603644283405505
25,21,0.6058989465710213,0.9418778614260445,0.9138156372279264,0.648049953591575,0.5287873320866621,0.5004947973782499,0.00026053086930217,0.07912877205936494,0.9,0.0,0.7,34,0.1271439038970457,0.1515717510467943
25,22,0.5950090688761985,0.9257705454156248,0.8999475315223461,0.6460032313587832,0.5149310807043784,0.5018202255872488,0.00022456673817729,0.06936283938552544,0.9,0.0,0.7,39,0.1225830026343394,0.1317860117765993
25,23,0.6185830537428367,0.9466883008066417,0.9266054000212907,0.7414147023345801,0.5308926586494181,0.5033034756836106,0.00031816996059342,0.1070136565801966,0.9,0.0,0.7,59,0.1415400346124874,0.1482416266656784
25,24,0.5979335703303591,0.9296105562726583,0.9223830922119721,0.7802940227795027,0.5108686598734281,0.49683931008307947,0.00024490769962042,0.08823627335585106,0.9,0.0,0.7,72,0.1538231373691704,0.1429763004487529
25,25,0.5980151839118024,0.928348459186139,0.9209194258853708,0.7798647897497478,0.5238585188588748,0.49803954664531125,0.00024025943132334,0.08812112316872653,0.9,0.0,0.7,73,0.1526479258833639,0.1496321450490841
25,26,0.6131986008171357,0.9426731994946828,0.9351160071099559,0.8278493096834831,0.5274542179729075,0.5032846990032013,0.00031166353394715,0.10389541895773395,0.9,0.0,0.7,78,0.138932098004526,0.1374307209581269
25,27,0.6131666567107478,0.9445985522245862,0.9465813279572286,0.8406678285837286,0.540343817977301,0.5045870623629838,0.0003277403570906,0.10458112436164774,0.9,0.0,0.7,80,0.1401062603541935,0.1353127173415244
25,28,0.6236028508191797,0.9503446673568203,0.9485542912215326,0.8368617622511085,0.5721572328740878,0.5049448682447024,0.00039483040556167,0.12196741706959632,0.9,0.0,0.7,81,0.141055953541488,0.1604566905263255
25,29,0.6119699804973158,0.9356721343693473,0.9334415538262479,0.8555123934901891,0.5377001563610682,0.5053844072801496,0.00032198787696456003,0.10749667380184752,0.9,0.0,0.7,85,0.1381337737436841,0.1345912170823288
25,30,0.6099109592347699,0.9330907280844204,0.9338756710059303,0.8804188912449292,0.5314938664068961,0.5050656778194538,0.00031603051036331,0.1067251548644908,0.9,0.0,0.7,94,0.1361046162233304,0.1332882095131676
25,31,0.6136315126844428,0.9385704732333575,0.9457897213108749,0.9117985742919142,0.5378001194799159,0.5050536262792811,0.00031447521654008,0.11311757077692812,0.9,0.0,0.7,97,0.1373675061185664,0.1346000367227733
25,32,0.6150539195417439,0.9422159287377512,0.9559360424499461,0.952310712110791,0.5375159535029101,0.5052317315237455,0.00031586696069171004,0.11557841307104474,0.9,0.0,0.7,101,0.1367067791447207,0.1335799014091643
25,33,0.6107233233398082,0.9363829363895153,0.9467970562592685,0.9309078597114815,0.5313021131563059,0.5066465361200578,0.00032054666046961,0.10757583769849925,0.9,0.0,0.7,103,0.1352267736802993,0.1331522726005311
25,34,0.6095961905122463,0.9341186391182621,0.9443717092935074,0.9505430110975014,0.5363947172280561,0.5047536994669255,0.00031571048457567,0.10935636180927706,0.9,0.0,0.7,105,0.1378431101863902,0.1330130933834422
25,35,0.611365863465421,0.9372852919229088,0.9508294285106648,0.9587794534880946,0.5331547634415301,0.5048500207203404,0.00031735146731112004,0.11184585260284147,0.9,0.0,0.7,107,0.1375997918565562,0.1319517033301041
25,36,0.6095579725262679,0.9368819164080477,0.9537181881721423,0.9699502775567759,0.531211391259405,0.5058360621189811,0.00031566715072972997,0.10807422428575816,0.9,0.0,0.7,110,0.1368890847898409,0.1348102975935922
25,37,0.6099228155137588,0.9365158832289954,0.9532490441525786,0.9948741466052514,0.5334771380571743,0.505313868878172,0.00031300680584632,0.10987546867275748,0.9,0.0,0.7,114,0.1389022994715503,0.1353674431976156
25,38,0.6176954468394932,0.9604645289731137,1.0135140228625583,1.258106648259988,0.5397242133878699,0.5056436739348893,0.00034258648081437,0.12081308287691385,0.9,0.0,0.7,154,0.1338494106986144,0.1322880164832682
25,39,0.6189925009254128,0.9631217799379006,1.019457232846473,1.27841696168955,0.5414750843330995,0.5059015948984671,0.00034392298194602,0.12244905952482507,0.9,0.0,0.7,157,0.1340947497658122,0.1323502440480123
25,40,0.6073252996831088,0.9557541301557075,1.0219782829381772,1.3315542571716434,0.5295851876272801,0.5059739627620892,0.00032853243614806,0.10585130237964761,0.9,0.0,0.7,174,0.1359857950824999,0.1309178077497711
26,0,0.9807026244048755,0.9958171982148604,0.9954444031124552,0.37722914521563067,0.0,0.0,0.0,0.0,0.9,0.0,0.7,1,0.9243271269983102,1.05965314386398
26,1,1.3632621922610075,1.3810809846488492,1.3772641005621886,0.7658777631877332,0.3979020395155628,0.42784502939232383,1.348976891165e-05,0.004653705097088461,0.9,0.0,0.7,2,1.102178401288912,1.169100962955094
26,2,1.2251695312217237,1.4028199544120423,1.3928595790965155,0.8148406457504497,0.9127880274136498,0.42987818204923284,0.00039357580846554,0.13156277720112072,0.9,0.0,0.7,3,0.7827080074141206,0.6730443985845096
26,3,1.1012720275429375,1.3353468935351518,1.3255541462189928,0.7632460330101782,0.6529738810294593,0.43011270892029724,0.00018337178663231998,0.08302354066666812,0.9,0.0,0.7,4,0.724048950393182,0.8194095529920952
26,4,0.9451389236205482,1.285131970496102,1.2638475502870619,0.7483843428116405,1.067823928205648,0.42942485238761097,0.00035095451710007,0.14552155129592104,0.9,0.0,0.7,5,0.4209379173011592,0.4817891061661191
26,5,0.8854804991766242,1.2437926015745402,1.2234664844168706,0.7204951288754585,0.5505317700483342,0.42873103259813544,0.00031587701197992996,0.12283696818979534,0.9,0.0,0.7,7,0.4561720116004641,0.4735223385261408
26,6,0.8254888955067985,1.2029725019509891,1.1825327969548196,0.6980756436206998,0.5826157391778413,0.4299759601649913,0.00031577562228137,0.11558152477105955,0.9,0.0,0.7,9,0.3578215144377569,0.3992190213038812
26,7,0.8218779772776373,1.2007928127175589,1.1799696151203987,0.7016306196294347,0.49538069058913475,0.4298991205226343,0.00032973843575034997,0.11871330480092102,0.9,0.0,0.7,10,0.3301091486342796,0.3851916360412023
26,8,0.8308235283888308,1.214177900606072,1.195953084847632,0.7219007812345082,0.5144301869472068,0.4391073078991986,0.00037549715546197004,0.13518748024262797,0.9,0.0,0.7,12,0.3239788768628269,0.3728595706523962
26,9,0.9070874658709487,1.3016424014366392,1.2832837252624518,0.8437113610603112,0.6540553424355185,0.4606045117189658,0.00045610804104691,0.2854823270624805,0.9,0.0,0.7,18,0.4145096955232291,0.3328784045027781
26,10,0.8962268597844456,1.2937770915564206,1.2775914911144042,0.8546682201514227,0.6562334900936642,0.4648681979704444,0.0004522765088701,0.28477280530843463,0.9,0.0,0.7,20,0.3943304668328093,0.3098820226034877
26,11,0.8718000724977957,1.2714486048000262,1.258022227307087,0.8399016242602388,0.6189117983186553,0.4526636409393625,0.00043255619831251,0.27518064204587617,0.9,0.0,0.7,22,0.3793545445208007,0.2938732479240181
26,12,0.9164986946252092,1.3163460479104618,1.3026691707006872,0.9460540379095492,0.648686211160386,0.47315848325222293,0.00081773700955845,0.3169845821017175,0.9,0.0,0.7,40,0.292340763088349,0.2619709728583866
26,13,0.9069647021358886,1.3083556407959864,1.2979291253274607,0.9446789904441513,0.6407623853175268,0.4732527189652933,0.00083874097336022,0.3041894444919513,0.9,0.0,0.7,42,0.2915094589305017,0.2665212359837003
26,14,0.8691151835909807,1.2706090898743054,1.2600487492657813,0.916274171905562,0.6056994602294886,0.47402460707394495,0.00078371089654215,0.2514184797295019,0.9,0.0,0.7,45,0.2807337460005308,0.2675352300282396
26,15,0.8660422973174489,1.2690872615378541,1.2617590574552848,0.9216476291533227,0.6029513526899062,0.47403322391627006,0.00076181279502695,0.24826764411028165,0.9,0.0,0.7,47,0.2818566996477185,0.2680050111062437
26,16,0.8973767930990905,1.2990541956627673,1.2882170794300747,0.9598952742815126,0.648225570943895,0.47364570255906374,0.00104755543156855,0.29697743877103966,0.9,0.0,0.7,48,0.3088556949591275,0.3182527292775448
26,17,0.8888949622335762,1.2921904581715415,1.284439057956271,0.9606818818479275,0.6358641791937079,0.47282457324003097,0.00107865782559758,0.2896090748974202,0.9,0.0,0.7,50,0.292751706181854,0.3202879085706743
26,18,0.8553287195875963,1.2647049361705833,1.2699820481385622,0.9836971622101117,0.5980712588766945,0.47395447431448207,0.00078611667098645,0.24342615229685063,0.9,0.0,0.7,62,0.3213495829576027,0.2667220904567541
26,19,0.9052685139226955,1.310173243340845,1.3054678782349396,1.039520386327186,0.6522274504228546,0.473391170391522,0.0010377756549677,0.31658712300210545,0.9,0.0,0.7,63,0.319293521712774,0.2719412125393775
26,20,0.878950752706537,1.2883718394444408,1.293526077890262,1.0262223668407584,0.6226596616867561,0.4734216059503882,0.00129671269071316,0.2798905280277915,0.9,0.0,0.7,69,0.2873291154847938,0.2720020131260753
26,21,0.8618393832236522,1.2713499988489836,1.2761771919454765,1.021929784223851,0.6312834588565399,0.47335240738259743,0.00128987187041406,0.2609041371383981,0.9,0.0,0.7,70,0.2868126528097845,0.3596654011485226
26,22,0.8604154831098789,1.269951853924481,1.274514016815996,1.0191655485370683,0.6285168410538879,0.4731252960148789,0.00139641502762215,0.26344692011427734,0.9,0.0,0.7,71,0.2852858332598123,0.3590604319559512
26,23,0.8570010066615675,1.2740352323615693,1.295034328450939,1.1364647847160565,0.6080611419815138,0.4705691947815326,0.00135336713813193,0.2633098665918879,0.9,0.0,0.7,98,0.280993681468574,0.2833660342091755
26,24,0.8480757029639603,1.2666081239416465,1.2908365811838707,1.1409324754121757,0.6023859998347831,0.4726640537838198,0.00128480432723547,0.2490854964247118,0.9,0.0,0.7,100,0.2838384169363755,0.2868710547657161
26,25,0.8742846072800377,1.2943052625905793,1.3216697669824455,1.1809859173378197,0.6337020058585525,0.4771432342976266,0.00145735102512583,0.2834682631698428,0.9,0.0,0.7,102,0.288843612053317,0.2848488782412046
26,26,0.8733195862021568,1.2933356177112378,1.320660587126188,1.1863248359963827,0.6300627112405902,0.4775039165972655,0.0013431862558811601,0.2822529608533896,0.9,0.0,0.7,103,0.2901418008630944,0.2832551030591469
26,27,0.8711809148773826,1.2971837943926823,1.3376679223109766,1.2496801211436361,0.6261763073910318,0.47553572095499896,0.00149140327785,0.28272152800665323,0.9,0.0,0.7,118,0.2905821445939405,0.3016324256809914
26,28,0.8708565369792894,1.2938604936921596,1.3277246761664014,1.260947080952186,0.6258682627505328,0.4753744698453243,0.00154948192016779,0.28260695013436465,0.9,0.0,0.7,121,0.2903761324315845,0.2922937964497203
26,29,0.8703279178891531,1.2933245766580403,1.3271440940561021,1.267768463440387,0.6271704944870253,0.47490515614218853,0.0015107991354137902,0.2831606646147793,0.9,0.0,0.7,123,0.2920355067787735,0.2952232635602224
26,30,0.8696267331515352,1.2941174382409268,1.3312161264288374,1.2736966115846373,0.6261257356814665,0.47530511184030855,0.0014935060600659,0.28205963793925803,0.9,0.0,0.7,125,0.2881461584218888,0.3018508080482074
27,0,0.9206809026564331,0.9791454996927484,0.9772867736977005,0.36668722256443625,0.0,0.0,0.0,0.0,0.9,0.0,0.7,1,1.1673512154241368,1.0593026685307223
27,1,1.1897202889717067,1.3216094115392292,1.316893862582688,0.7240600017283043,0.4732528887873515,0.4130364081942913,9.918702343941537e-06,0.00397644422582197,0.9,0.0,0.7,3,0.9760051489366772,0.9214129587603356
27,2,1.005209229347043,1.2816549790008875,1.2691072971589272,0.7209173816023879,0.9638207401503778,0.42994477439556783,0.00017812390861329,0.05069307034239387,0.9,0.0,0.7,4,0.7095187920325807,0.5484663370324387
27,3,0.9746864109582182,1.2693825437678212,1.2554497616879972,0.715884035826723,0.521444168878627,0.4284280239216912,0.00021533672433576,0.057311364474137545,0.9,0.0,0.7,5,0.6674642130993159,0.5058126949198509
27,4,0.9123579272118691,1.2335153840980118,1.2241635927870191,0.7046244142303298,0.44477502230460797,0.41761857316689494,0.00019600726627728,0.04822398787169936,0.9,0.0,0.7,9,0.6002837223784229,0.4938133273055829
27,5,0.9027488301605484,1.233477446032303,1.2231710733506824,0.7092945775002447,0.48594034655599744,0.4224556924048025,0.0002328550573882,0.05725063181113234,0.9,0.0,0.7,10,0.5651758646752899,0.4432595133156465
27,6,0.9312270260426604,1.2712991551636044,1.2634614654018366,0.7540104763851783,0.5238968575145657,0.44514159711813706,0.00040626356190012004,0.09338494751592832,0.9,0.0,0.7,11,0.5134056262187897,0.4170020054099669
27,7,0.8825401442788683,1.2275556860148356,1.2191518790526632,0.714869589236599,0.467679873885409,0.42228129330088027,0.00030654943824289,0.069359870269643,0.9,0.0,0.7,12,0.532716706436941,0.3936712345963242
27,8,0.8807977666196901,1.2300241241484942,1.2280882403759001,0.7310946545335858,0.43215395780650956,0.4204951790451832,0.00029920862214114,0.07319292370347084,0.9,0.0,0.7,16,0.5277802468292743,0.3841800521087436
27,9,0.9048028713029788,1.2727165358497574,1.2682632009238155,0.7891781481563088,0.5876507989977561,0.49233279192466955,0.00032688054981445003,0.08216924806222829,0.9,0.0,0.7,18,0.4059466841035168,0.3486262927892066
27,10,0.8948071710871732,1.2649984336484004,1.2601827740598224,0.7854501558876903,0.5219516344457831,0.4888434103544571,0.00032552207689466,0.08143671025692228,0.9,0.0,0.7,19,0.4010341871916749,0.3455111489838306
27,11,0.8494270279538267,1.2353731880814949,1.2274857052294432,0.7659964708556704,0.6079725856339819,0.44922241334772334,0.00040289628225235005,0.1392913448484876,0.9,0.0,0.7,21,0.3667148139642591,0.3021948542437938
27,12,0.8504231831643244,1.2397330447529327,1.23836658973312,0.7907571084695317,0.5057272849384902,0.4507969147945414,0.00040115158197555,0.1406534190243767,0.9,0.0,0.7,25,0.3676023077408717,0.304858984472826
27,13,0.7754511950993882,1.1793656201144989,1.1661296802828596,0.764618854938757,1.1474779942358495,0.49167900513644563,0.00040759357063978,0.14125652006570902,0.9,0.0,0.7,26,0.2417869728513881,0.2734507727674806
27,14,0.7564765522934432,1.1604900700434972,1.1500577738137112,0.7560795607250218,0.5405521663272408,0.4861667335389295,0.0003608938994932,0.12728096626048616,0.9,0.0,0.7,28,0.2505623359273566,0.2664181915577949
27,15,0.7452127141713047,1.1459292445208336,1.1360190337707254,0.7659900953674532,0.6343949665079509,0.4919151202444724,0.00040728805937894,0.14155980906099092,0.9,0.0,0.7,30,0.2167563836445969,0.2383517139994213
27,16,0.7275629193757494,1.1291209872446684,1.1221801950329773,0.7565047653454908,0.5388932617782439,0.4744439282543722,0.00040993416306426,0.14325588292544356,0.9,0.0,0.7,32,0.21912637928078,0.234211893222833
27,17,0.7644051958883278,1.1687232358619988,1.1682770216254814,0.832526530534458,0.5663388921278233,0.49801923454877706,0.00042225428584174,0.16710283782752655,0.9,0.0,0.7,39,0.2186592239907597,0.2485894409472184
27,18,0.7858317027724362,1.1883484850499577,1.1844458906751394,0.8602235142113197,0.5932731791850246,0.494615788594604,0.00046917083284959,0.2040746224196258,0.9,0.0,0.7,41,0.2169590312719264,0.2445276688715755
27,19,0.7331940096791997,1.1382899017771693,1.1408103319930316,0.8130456087703996,0.541354577591251,0.49232440643015885,0.00036489937841027,0.13423768208309378,0.9,0.0,0.7,44,0.2142062449824955,0.2432576969212928
27,20,0.7275355142542871,1.132108652290067,1.134395390025448,0.8289123226180517,0.5415762123710357,0.492176999639806,0.00036135986735767,0.12934258525387132,0.9,0.0,0.7,46,0.2112776811301884,0.2434214016761834
27,21,0.7390866990282219,1.143398657179042,1.1455705031443792,0.8467028149411089,0.5500613371924836,0.4926786330263447,0.00038406540818906,0.1466675626797787,0.9,0.0,0.7,48,0.2063597253897401,0.2433100718275333
27,22,0.7390637882458042,1.1447995566452402,1.150245904594163,0.8613318621327734,0.5473861229668778,0.4928176769038901,0.00038522723135833,0.14684504621981728,0.9,0.0,0.7,50,0.2065051481369102,0.2425591318284475
27,23,0.7358367317424611,1.1411892266525447,1.146472690347844,0.8558417422625124,0.5558219316798533,0.49179596539140563,0.00037912612457985,0.145612396179686,0.9,0.0,0.7,51,0.2040147058884537,0.2422895173847473
27,24,0.7353758425179981,1.1406653328795464,1.1459226438105445,0.8579789401190068,0.5461183201170324,0.49176425233627946,0.00037847406145631,0.14532360432926192,0.9,0.0,0.7,52,0.2035060206649672,0.2420408448069223
27,25,0.7383452106001153,1.1435739407197023,1.1488050505715974,0.867098394936141,0.549347953724605,0.4938310794754824,0.00038585600292859,0.14724156998135557,0.9,0.0,0.7,53,0.2028073309083627,0.2423389479130276
27,26,0.7347849379895597,1.1414083901483123,1.149903808122478,0.8723037793923116,0.5471232786439398,0.49176425233627935,0.00037847406145631,0.14532360432926192,0.9,0.0,0.7,54,0.2031975019433689,0.2410782882807632
27,27,0.7283050222904482,1.129293250217708,1.1273801875393663,0.8175689046786223,0.5491811796285799,0.4990448084061448,0.00030108233768519,0.13296646434875906,0.9,0.0,0.7,59,0.1937943572383517,0.2374774759675183
27,28,0.8567604751855314,1.265592387992082,1.2830870939885723,1.0357813980922754,0.6791783781779442,0.5696908531747217,0.00059916708628574,0.230814224027957,0.9,0.0,0.7,65,0.1996173183218477,0.2023976368006594
27,29,0.7791990074383107,1.1800251801704775,1.1979269926961662,0.9634787922027834,0.7195453731443211,0.5494351897611608,0.00046524279182100995,0.17893244042162823,0.9,0.0,0.7,67,0.1767118051878811,0.1749394086489677
27,30,0.7329125652341999,1.1341951017728495,1.1580429024876167,0.9424600400294754,0.5898668712727446,0.5204641384768965,0.00046884471688709,0.15708466432870233,0.9,0.0,0.7,71,0.1587453124766596,0.1716238757644069
27,31,0.711940914730918,1.1123301723870433,1.1359522799024866,0.9310987325340262,0.5642424057313467,0.5101150122334817,0.00042628960084415,0.14277191625262636,0.9,0.0,0.7,74,0.162002915892849,0.1680494660137186
27,32,0.7025855481247569,1.1033899390876445,1.1300487024134813,0.95687450534182,0.5539432926688594,0.505438664418673,0.00040738981894453,0.13817979477820116,0.9,0.0,0.7,82,0.1694326661333354,0.1700351240301484
27,33,0.6674922089880511,1.0654954439712339,1.0885325396174959,0.9313915883251808,0.5297012604069373,0.4639168992544061,0.00042257093966795005,0.14463931224564608,0.9,0.0,0.7,84,0.1665344221033568,0.1689734933576783
27,34,0.7171778560376392,1.1178565495996058,1.150378937524314,1.0504556344344116,0.5737677248043911,0.497730973425081,0.00057437797124134,0.1764518768727786,0.9,0.0,0.7,97,0.1675021635025352,0.1637802004913788
27,35,0.6781107063612961,1.0787031608721107,1.1112058705981405,1.0138984642764441,0.533887292793886,0.4636662122642924,0.0004775970600994,0.16463185383111614,0.9,0.0,0.7,98,0.1651269692162735,0.1597021071749425
27,36,0.7156850952853179,1.116087614498763,1.1485459763731316,1.079028794925427,0.5709358146591265,0.49668785029895557,0.00057682303121902,0.17629230776968807,0.9,0.0,0.7,104,0.161012387309982,0.1579164903523267
27,37,0.7116704795139339,1.1114161482830813,1.1437229418561528,1.0819505836238426,0.5779273063916109,0.49531184770284,0.0005687012242477499,0.17381767546652288,0.9,0.0,0.7,105,0.1617708340607598,0.155671094587261
27,38,0.7116147308157966,1.1127774487311584,1.1483709102717137,1.0919990088851887,0.5679579730484979,0.49422810352976254,0.00056851892671128,0.17531526900306482,0.9,0.0,0.7,108,0.1619202697434899,0.1604588830978466
27,39,0.7112275183415019,1.1153822695709399,1.1575853768335602,1.1354157995400787,0.5671549070768654,0.4960519846036061,0.0005666774104770499,0.1724296296104857,0.9,0.0,0.7,120,0.1610170749249893,0.1551701152953654
27,40,0.7106663175070206,1.1130344517723654,1.1518660868577577,1.152901430829298,0.5716088485654808,0.4942063755002571,0.0005677868936843501,0.1746479923890908,0.9,0.0,0.7,121,0.1663989013718092,0.1636015695134825
27,41,0.712023370681341,1.115710634581676,1.1578067301843813,1.1895589805470188,0.5690318299788503,0.4943085550013968,0.0005865352260846499,0.17685597488383334,0.9,0.0,0.7,129,0.1632574962750157,0.1596378662680481
27,42,0.7221710180054557,1.1252829314722104,1.1672478573147078,1.224466360683385,0.5817642216623863,0.49623077159493,0.0006560263334546999,0.1901610800906639,0.9,0.0,0.7,133,0.1576563622932965,0.1543649247367348
27,43,0.7452441340574191,1.152755696516969,1.2046159279807802,1.2619466546073514,0.6041049972516808,0.5000886722745825,0.00055060893142741,0.21836314130494341,0.9,0.0,0.7,135,0.1609915822336229,0.1757660946408409
27,44,0.7529323206004224,1.1618052941104964,1.2169400729696565,1.2699185765464553,0.6118988660698322,0.5193231396268744,0.00052160350091617,0.20491548960781114,0.9,0.0,0.7,137,0.1610942521642718,0.1789111396395959
27,45,0.7767233308598122,1.1850170120361763,1.240021620658704,1.3261375628982663,0.637305808627834,0.5084605624487573,0.00060148712644564,0.2541278162174558,0.9,0.0,0.7,142,0.1697075073023877,0.1778359025692807
27,46,0.7816527140549345,1.1894921006395323,1.2443954573025218,1.3492468982521555,0.6446159407340767,0.5152095878349664,0.00063852415290089,0.25346616470777983,0.9,0.0,0.7,144,0.167630028387957,0.1810842902577015
27,47,0.7763819276187902,1.1845060563035732,1.2424475376734092,1.3510015248472516,0.6422510078295465,0.5234808543060314,0.00061936936412125,0.23785268955589633,0.9,0.0,0.7,148,0.1704156298923168,0.2118490759045146
27,48,0.7600230677994836,1.17713110863629,1.2549036293129767,1.4428724687127383,0.6212864695882748,0.5210809794184076,0.00056199628585904,0.2175838772466301,0.9,0.0,0.7,171,0.1677634026201021,0.1892941981040683
27,49,0.756683647461232,1.173690718527903,1.251441181793434,1.4933563563440735,0.618306076995349,0.5155235857710524,0.0005624258275111,0.22016747066673573,0.9,0.0,0.7,178,0.1677057815393759,0.1893362705457638
27,50,0.7543722757305484,1.172861135270384,1.2539133545315904,1.4794063797281376,0.6159315285196996,0.5138895473771601,0.00056396039904559,0.21900189415230303,0.9,0.0,0.7,180,0.1676917932573499,0.1896833676496226
27,51,0.7658058237074036,1.1857175559218573,1.270058498592377,1.5201854837960362,0.6275814483225568,0.5097064357693246,0.00061854563633439,0.24087400316622193,0.9,0.0,0.7,185,0.1700584734948921,0.2118097551402489
27,52,0.7817591806747474,1.1997765487828225,1.2807260830684053,1.5826204164537867,0.645849005520724,0.5240248450622688,0.0006175295528956,0.2460672680423014,0.9,0.0,0.7,188,0.1675009525259066,0.1809648588419145
27,53,0.7814937941817409,1.1994329032366424,1.2803654829032103,1.5860731467054403,0.6448889094107566,0.5239376908888245,0.00061920302738209,0.24596023149771293,0.9,0.0,0.7,189,0.1674897847382138,0.1805398643195085
27,54,0.7822763147148152,1.2016640803127936,1.2858912613019293,1.5911933828704687,0.6449443688543478,0.5238493508502763,0.00061681949340383,0.24729380291388697,0.9,0.0,0.7,191,0.1677307736149168,0.1810221672751913
27,55,0.7816131118982793,1.2009970901107996,1.2852233721779658,1.6017645780434855,0.6439441507412442,0.523526990166351,0.0006204506620380599,0.24676947242632805,0.9,0.0,0.7,193,0.1679193904890031,0.1810238052924784
27,56,0.7744127703114765,1.193793582300196,1.2780192198935607,1.587074020484703,0.6367606168537265,0.5095545003845229,0.00061823076688986,0.2544537663697564,0.9,0.0,0.7,194,0.1674480939595986,0.1806208773116472
28,0,0.9369497238237848,0.9837670917751656,0.9823203107639585,0.370923424420394,0.0,0.0,0.0,0.0,0.9,0.0,0.7,1,1.0976996531175498,1.0618684473600557
28,1,1.1989557353658271,1.3223921203549942,1.3180316219702681,0.7233781286813623,0.47201920576865525,0.4097185576212314,1.099607734304e-05,0.003670136872950842,0.9,0.0,0.7,3,0.9244328110368396,0.921761812341192
28,2,0.9630057109854757,1.2720426135656073,1.2569043389538677,0.7219916558388735,1.186882031051408,0.4297591354412846,0.00026681806482355,0.07872161507885642,0.9,0.0,0.7,4,0.6495590065570978,0.4731441145726103
28,3,0.9245100087766589,1.2615451516742324,1.2471044390968342,0.7233253248751541,0.5493686032768149,0.4285574741985574,0.00033372042879922,0.10492824885035593,0.9,0.0,0.7,6,0.5424408696974563,0.4048489149888454
28,4,0.9247987581539786,1.2618428880000503,1.247400800746132,0.7292059143935185,0.45954977135936903,0.4287094440064534,0.00033440226990054,0.10518054429268844,0.9,0.0,0.7,7,0.544216410697938,0.4048835609752181
28,5,0.9150936130019802,1.2558990832262196,1.244505189863684,0.7218088791224448,0.4726041089527247,0.42995870693152427,0.00031844763119457997,0.0970657963214231,0.9,0.0,0.7,8,0.547533974129303,0.4086356675721525
28,6,0.8699126371744236,1.2203290398436972,1.2077768919904788,0.6991641599599779,0.4723313107926308,0.42334790752372137,0.00023222339191298,0.07331509693564678,0.9,0.0,0.7,10,0.5510137108206548,0.4337041841515517
28,7,0.8659801507467617,1.217038084587668,1.2044038954633718,0.6982943123491112,0.4356368044705914,0.4195053704527118,0.00023290085863009999,0.07486944287729896,0.9,0.0,0.7,11,0.5483100602014671,0.4348738104862667
28,8,0.8233367461471981,1.2098365774991735,1.194406769174136,0.7147607237454137,0.9114396628208682,0.46472519515710387,0.00032945660902463996,0.1020887546968555,0.9,0.0,0.7,12,0.4087385579416347,0.287602953064827
28,9,0.7364728168079114,1.1285202637796754,1.1112197217590392,0.6502618985690841,0.49404353237546217,0.4217596350573419,0.0002254430482543,0.07114828078635961,0.9,0.0,0.7,14,0.3863744580873111,0.3384262085024411
28,10,0.6879997328730959,1.087082995287111,1.0681285807688536,0.6350341994545546,0.6136570141331052,0.4367440240134711,0.00022164190190569,0.0700338910866023,0.9,0.0,0.7,16,0.3090735073971042,0.2757575130843792
28,11,0.6930811285011571,1.0919183539652428,1.0722327254726156,0.6463004343118605,0.5054585740513325,0.44954070439963634,0.00023612329506465,0.07220828201702874,0.9,0.0,0.7,17,0.2996696714327543,0.2564688300491278
28,12,0.6597683932908723,1.0512402788990793,1.0239455800159551,0.6248735257279544,0.7616988785357325,0.4559145397372328,0.00026124056802618,0.07702065840706745,0.9,0.0,0.7,18,0.2494694895792172,0.2109919027834605
28,13,0.6513986511766442,1.035838732073506,1.0174075416726482,0.6476524667792344,0.5347665039395395,0.4164477570449281,0.00045681662025965,0.1670529142535073,0.9,0.0,0.7,25,0.1995336897831456,0.1735220333906126
28,14,0.9552949574924124,1.3523007870109964,1.3633722028502904,1.1072804715331261,0.7979404586690597,0.3756587529040015,0.00105016863616547,0.6562666707990622,0.9,0.0,0.7,62,0.2333821834197164,0.1178810307506786
28,15,0.9538646477202214,1.350170980296681,1.3610592792111178,1.10909609018414,0.8100516749524849,0.3755085448396605,0.0010440285872552401,0.656351968826069,0.9,0.0,0.7,63,0.2323865453974227,0.1175558766786873
28,16,0.9715566819939172,1.3691763918117328,1.383321433470932,1.154907296637107,0.8161356612999235,0.3719627219876154,0.0010469207759309898,0.6867015688543339,0.9,0.0,0.7,68,0.2474515380733528,0.1263581098394768
28,17,0.9647032411183789,1.3620852937112073,1.3790940665012827,1.1571309584480676,0.8270774487813125,0.3670799469912453,0.00105127689259732,0.6877879029797767,0.9,0.0,0.7,70,0.2365950795286524,0.1211755311168738
28,18,0.9654530036160779,1.3626712844309554,1.3796390874475986,1.1611404763698379,0.815700465986131,0.3674153121195606,0.0010500356008239099,0.6888503908918113,0.9,0.0,0.7,71,0.2357091055427206,0.1209700974846427
28,19,0.9661278340146431,1.3632070206174807,1.3830767200777774,1.1733916312209147,0.8257413616363511,0.36765747972409296,0.00107818759386624,0.6936319279058596,0.9,0.0,0.7,74,0.2119848922691154,0.1143640144503564
28,20,0.9717348314960439,1.36851206165787,1.3883086228981416,1.2005867169317679,0.825090156504549,0.3759019735447274,0.00104851273713205,0.6917827626416644,0.9,0.0,0.7,76,0.2212635236781547,0.1171987060785742
28,21,0.9510784692942207,1.3488885856425594,1.371879390402132,1.1715862969600122,0.8065145426692699,0.37745659509025764,0.00104949468133448,0.6613919174690636,0.9,0.0,0.7,78,0.2214697948077469,0.1129884624804663
28,22,0.9664412126205365,1.364208287710598,1.390138668036148,1.212835639644739,0.8269510416206105,0.37100007818112435,0.00105065497476023,0.695301961829087,0.9,0.0,0.7,82,0.21367960475316,0.1189019938994613
28,23,0.9741756382215561,1.376352520998609,1.412180591552887,1.256321358422271,0.8287749911951545,0.3695431539607018,0.00106166124420013,0.7083998358059461,0.9,0.0,0.7,86,0.2246127365783726,0.1223674235674618
28,24,0.9751662206789503,1.3766705456789863,1.4123426757536846,1.2572833175085911,0.8413194076878541,0.36835062317490896,0.00105458713732199,0.7128873999208067,0.9,0.0,0.7,87,0.2275844632969769,0.1217778582346543
28,25,0.9567586144206983,1.3563857239272485,1.3886641819610561,1.2286772482108963,0.8188897900854607,0.36773914071897545,0.0010521799435058,0.6882503381546243,0.9,0.0,0.7,88,0.2125342855164451,0.1154121072979076
28,26,0.9603391760645745,1.3613529121885963,1.3969122687936595,1.25200257399364,0.8181335871870308,0.3681366230953852,0.00106122868724621,0.6930879788224772,0.9,0.0,0.7,89,0.2234340216445608,0.1209727287445466
28,27,0.9749538063651445,1.3748358906401996,1.41013830528231,1.2575390536248858,0.8506045697844133,0.3641833693489805,0.00105365921569683,0.7215497396814907,0.9,0.0,0.7,90,0.2171867504807473,0.1188652850237719
28,28,0.9698125309420552,1.3696018399097598,1.4048833810499253,1.2658694058403954,0.8282107274067486,0.3575682677353916,0.00106001844500047,0.7229122153655747,0.9,0.0,0.7,94,0.2145222522087642,0.1188680232988282
28,29,0.9678992204711356,1.3699977769203733,1.411736189112898,1.2838215318378197,0.8296397246818339,0.3583151763516722,0.00105712988256438,0.7207048909736752,0.9,0.0,0.7,98,0.2136747714046164,0.1177873090534451
28,30,0.9682886061425162,1.3713667096450401,1.4162953201811819,1.300842567720312,0.8307964476602947,0.36826461668186344,0.0010516371695641,0.7095746511057202,0.9,0.0,0.7,101,0.2126626361239864,0.1165867262249143
28,31,0.9718384454432422,1.3746323129461921,1.419498192925726,1.318056131157748,0.8331939264397291,0.3690094635508356,0.00105123002052586,0.714287714491241,0.9,0.0,0.7,105,0.213287849756773,0.1181858767632516
28,32,0.9739678024924753,1.3781000513685744,1.42623609840307,1.3372813882490595,0.8356949093421737,0.3669016216187385,0.0010501341322846501,0.720376334809329,0.9,0.0,0.7,107,0.212376477972575,0.1192932908233928
28,33,0.9498938151863487,1.383386967598296,1.4974975873653134,1.6022948965421087,0.8114439543230773,0.3562779430165263,0.0010502872297791402,0.7009258688980927,0.9,0.0,0.7,171,0.2156806727026945,0.1172646858447553
28,34,0.9487540389623419,1.3850281790436356,1.50570257445742,1.6423911905594457,0.8107418348917605,0.3557198720617687,0.0010430533933350398,0.7004609783545983,0.9,0.0,0.7,183,0.2153638703246501,0.1174607581561643
28,35,0.9488930589972562,1.3865231072831632,1.5104719090913088,1.6702567859907997,0.811244108453578,0.35565312889448786,0.00104252580747031,0.7010388096211047,0.9,0.0,0.7,188,0.2152108838372229,0.1162897466114441
29,0,0.9208892763520959,0.9792051912738958,0.9773517930204622,0.36672496664698045,0.0,0.0,0.0,0.0,0.9,0.0,0.7,1,1.1683208056545966,1.05897183593265
29,1,1.1348958952726844,1.284838927365288,1.279338097600028,0.6905287217920959,0.472617910547569,0.38206539350086427,1.184135252308e-05,0.003853714783255737,0.9,0.0,0.7,3,1.0839393826755497,0.9230387731753577
29,2,0.9365991232106989,1.2581145509797147,1.241819596058821,0.7128354018169785,1.1870629912713158,0.42937542216984603,0.00032755210416224,0.07785688151686185,0.9,0.0,0.7,4,0.6651104661988156,0.4430495201090844
29,3,0.9061170584127326,1.2464654930194146,1.2316489053408821,0.7125158012999596,0.5115010311996934,0.4297691093589891,0.0003339183430708,0.08785289375948595,0.9,0.0,0.7,6,0.5605213522692236,0.4050866008383151
29,4,0.8609913118845212,1.2141485568063506,1.1977358247205625,0.6916052892802693,0.48899116955460004,0.42594013645158735,0.00031973562294696,0.07219176286891747,0.9,0.0,0.7,8,0.5368412733376217,0.4566949542788823
29,5,0.7360109747220994,1.120071916950076,1.097870706957578,0.6265750265720136,0.6048011915848914,0.4154714687408644,0.00015784477135185,0.04403405054287727,0.9,0.0,0.7,10,0.4034254368722929,0.4600501973835291
29,6,0.7512341712921426,1.1474823616621586,1.1194464089253442,0.7044664100041526,0.6621673867889868,0.5050630002745451,0.0004215908159603,0.11236081044051827,0.9,0.0,0.7,15,0.2595986184315046,0.3064437734427598
29,7,0.7541171429985124,1.1492452432554239,1.1235122680710634,0.7126421605898479,0.5752889103052063,0.5192219581451173,0.00042815637910270004,0.1106018937553296,0.9,0.0,0.7,17,0.2658146176444831,0.2943773794391721
29,8,0.6920753605804427,1.086889871749871,1.0601537795505742,0.6583060008298682,0.5745141728501508,0.46936625155715633,0.00036087113722582003,0.10170031037436382,0.9,0.0,0.7,18,0.2126919923051909,0.2837088009594062
29,9,0.7341814441516148,1.1241116687130912,1.0988830386679205,0.7125200195524841,0.6574285823834882,0.5184290279074759,0.00044923766204859,0.11847082957196478,0.9,0.0,0.7,19,0.232551625966477,0.2661407829521083
29,10,0.7030653404126384,1.0883255926835778,1.0701169762887686,0.7088300072723227,0.5703319370716795,0.5002846253023719,0.00052610167620694,0.13067640588923995,0.9,0.0,0.7,26,0.1876920533570565,0.2068082898195676
29,11,0.8604998427805375,1.2367650442652913,1.2016246048944974,0.8683003874925355,0.7061920175538039,0.49226601165196054,0.0005064775529976301,0.370231495781808,0.9,0.0,0.7,33,0.2031955742864037,0.21067371188995
29,12,0.7032486502497263,1.0769709077857115,1.0528984516496598,0.7265377003571087,0.6364038820812267,0.51091004899444,0.00041577096733903,0.143940922620633,0.9,0.0,0.7,35,0.2011696712931959,0.1737020786750371
29,13,0.7573550578039498,1.1204089840744822,1.0851332654044927,0.7822597491613998,0.7091366852057761,0.47146694893764673,0.00024475215706354,0.28375711289811306,0.9,0.0,0.7,36,0.1751817801988482,0.1596195013141358
29,14,0.6958422333478729,1.0533610405518528,1.03508425134708,0.737108027037126,0.6276757622652541,0.5073856210827892,0.0004303750108478,0.17436770243342797,0.9,0.0,0.7,40,0.1527073093767723,0.2004394132779053
29,15,0.6807148979551105,1.0335905195746875,1.017523745408067,0.7367283630927371,0.5886576000712755,0.5105405043423467,0.00039056190146474,0.15748461912428108,0.9,0.0,0.7,44,0.1403028675739284,0.1734158382848731
29,16,0.6419625493612795,0.978827799745509,0.9631723598889752,0.7003411138993104,0.645989971953597,0.4864314359056209,0.00037934497568408,0.15449514449746057,0.9,0.0,0.7,46,0.1224073393905986,0.1522708598548727
29,17,0.6073449890239978,0.9326727946384815,0.9152508573731644,0.658542897232442,0.5602961826798137,0.4680279086180485,0.00034708680508443,0.14053454613946442,0.9,0.0,0.7,49,0.1205459695548068,0.1372447210263435
29,18,0.7884475199739678,1.1534210383034722,1.225124699465335,1.4290740406529654,0.7013212863832483,0.5576201997810971,1.0,0.2848439439502782,0.9,0.0,0.7,165,0.1099691122454829,0.2823205747245901
29,19,0.8001530794335194,1.1690627430889737,1.2505995699276786,1.4776438816717696,0.7152454829508463,0.5539306474745908,0.09874523572634102,0.30684356137439184,0.9,0.0,0.7,168,0.109475814570776,0.5528026490900021
29,20,0.8063916561298214,1.1718616312436325,1.246721983054113,1.4872411170361806,0.7243896628325976,0.556731854995095,0.09875218978425351,0.31257319513248677,0.9,0.0,0.7,169,0.1102682167488366,0.5520658965571915
29,21,0.8023363398692842,1.170451307523358,1.2518703649602239,1.4908607210798595,0.7178442028293868,0.5547441330150603,0.09875865039065104,0.30966872215419217,0.9,0.0,0.7,171,0.1102641660201917,0.5496692064566107
29,22,0.8040170418087919,1.1805224992206398,1.2816853806337702,1.522473189801877,0.7189926050786907,0.5554141002030455,0.10070789858851663,0.3117738286309906,0.9,0.0,0.7,178,0.1097384937885902,0.2636965916325258
29,23,0.9619658563100377,1.3397507734237606,1.4441867691339263,1.718315456407373,0.876486538784842,0.5558147179290422,1.0,0.5371051267356727,0.9,0.0,0.7,186,0.1097271041914124,0.2807443336385252
30,0,0.9242653456916524,0.9801705482241766,0.978403186322272,0.36864924204193805,0.0,0.0,0.0,0.0,0.9,0.0,0.7,1,1.148919435595451,1.061334737529692
30,1,1.2913120313775335,1.4915634516174425,1.4806265981595068,0.9076342299812908,0.7893529901013401,0.4295072175570706,0.00047095228430107,0.2744674389949739,0.9,0.0,0.7,3,0.9178292890560448,0.6730443985845096
30,2,0.9764096725630574,1.2767287358426167,1.2623371675561654,0.7235973592979916,0.8894869998698934,0.42755243946446164,0.00022925025979624999,0.07628527369166502,0.9,0.0,0.7,4,0.7131192996465235,0.5063692571371241
30,3,0.9076483949082154,1.2503395274179916,1.2352470661047545,0.7148035479817314,0.5937474422536934,0.4283329869771564,0.00031514264529165,0.09965516137409546,0.9,0.0,0.7,6,0.5727657089876936,0.4099013863442375
30,4,0.9082644860518205,1.2509672252542638,1.2358747217612143,0.7171314337632678,0.4559284029435664,0.4294143943965935,0.00031100089842988,0.0991620143514963,0.9,0.0,0.7,7,0.5683752475395988,0.4114423256941903
30,5,0.8821817249012611,1.2495736415828853,1.2310037747567513,0.7329425848234241,0.73378946544268,0.467310977729115,0.00033479794116211,0.10418247211347409,0.9,0.0,0.7,8,0.488984026645119,0.3556002582958383
30,6,0.8825944672588049,1.2559171986564566,1.2398592175582595,0.7471409291892922,0.5347651040904093,0.4732223324089982,0.00035902881810466003,0.1162228292999685,0.9,0.0,0.7,10,0.4312763875705743,0.3365445484441773
30,7,0.776941487459874,1.1653373902099289,1.1455426263576385,0.6795114471504377,0.5876693890277662,0.4407982069123305,0.00026986425309768997,0.08840436579427255,0.9,0.0,0.7,12,0.3849679586192108,0.3720657633236797
30,8,0.7682290826862342,1.159340517400521,1.1384953680352154,0.6778480681213326,0.5369982840751893,0.4448505485983102,0.00031184561407369,0.09146321739726672,0.9,0.0,0.7,13,0.3730539678302234,0.3600351576091673
30,9,0.742135084559706,1.139442438075891,1.118756581441813,0.672900086117251,0.6967425870841156,0.44985571569043886,0.0003275945903412,0.10488727324088805,0.9,0.0,0.7,14,0.2896013566845256,0.3231815264597727
30,10,0.7404432334550555,1.1365199854209846,1.1105035545422681,0.6843748339486991,0.6395055208122411,0.4721582155509334,0.0003541334688128,0.1066375785224017,0.9,0.0,0.7,15,0.2982681316748375,0.2968375431858814
30,11,0.7178688916291383,1.1124538950665739,1.0845481030349962,0.6703675719297603,0.6268094006680162,0.47004027165162443,0.00035094917333915,0.10526333022577522,0.9,0.0,0.7,16,0.2739504273672649,0.2808788520148059
30,12,0.6573607996482644,1.0422747022737346,1.0125186013834149,0.6250715456902173,0.838942282931282,0.4544870325784604,0.00034356293627943,0.10549948852970745,0.9,0.0,0.7,17,0.1946578339952797,0.2278177829625595
30,13,0.6557149707726635,1.041479363413205,1.0148242652512278,0.629881448160719,0.48991829042378326,0.4544870325784604,0.00034356293627943,0.10549948852970745,0.9,0.0,0.7,19,0.194047818761392,0.23039876396309
30,14,0.7256183537138718,1.104836071720787,1.0762945659474674,0.7035204408305599,0.6978030118788492,0.4843945562417048,0.00061135416208426,0.18779168313755232,0.9,0.0,0.7,20,0.1372215718457864,0.2119985645633534
30,15,0.704435444317681,1.0804996082794074,1.0540695845631238,0.6865697772382391,0.638152894519919,0.47624240462207723,0.00058630387380012,0.1805027033081698,0.9,0.0,0.7,21,0.1306143835991027,0.2020828544182585
30,16,0.6855760718402877,1.0432394022830904,1.0098756965024818,0.6668186182502704,0.8100592486205465,0.45551725029391216,0.00065802145532144,0.21421454844815527,0.9,0.0,0.7,22,0.1208916170006847,0.2102398826043538
30,17,0.6950779494716969,1.052117523909001,1.0216432097803545,0.6825657230316615,0.5865234376268582,0.48262765685228703,0.0006866340315480901,0.19656908108995946,0.9,0.0,0.7,24,0.1049103965876826,0.170513097307619
30,18,0.6770350778705239,1.0238460194466261,0.9915023415332032,0.661993722162195,0.693534460302438,0.47750474084396743,0.00067292579845533,0.19272999178889874,0.9,0.0,0.7,25,0.0999907740870029,0.1570140031895838
30,19,0.6632786161200079,1.0056100487720712,0.9755401804515382,0.6593450423672886,0.5802719989914511,0.4601012637181103,0.00065132166999813,0.2034488333856871,0.9,0.0,0.7,28,0.1184737366553819,0.1432624681184534
30,20,0.661358865169837,1.0046084368114956,0.9777459450337762,0.664340053469071,0.5584961983462193,0.4592653637081352,0.00065089913516332,0.20252377175668268,0.9,0.0,0.7,30,0.1186709240159341,0.14297631421893
30,21,0.647742135989806,0.9902887811995461,0.9633080472918177,0.6505075679844609,0.5502850667150279,0.4504640425294618,0.00063887705984448,0.19527833746041307,0.9,0.0,0.7,31,0.1205987736095768,0.1288312171174034
30,22,0.6689863131908025,1.0082320038049055,0.9807025964092799,0.6779243633422516,0.6041409840675602,0.4708648887533557,0.00066478617247865,0.20347605341157315,0.9,0.0,0.7,32,0.1118169639304809,0.1302761346663914
30,23,0.6508921554832073,0.9883640187048991,0.9636064312428605,0.6715577827307303,0.560053873472111,0.45282993211262995,0.0006403764534553,0.20469324084760088,0.9,0.0,0.7,36,0.1129358549838951,0.1273914086033402
30,24,0.6508921757170629,0.9883639915684168,0.9636063927123235,0.6715577724170738,0.5508324308299899,0.45282993604588073,0.0006403765210712999,0.20469326236798258,0.9,0.0,0.7,37,0.1129358522959501,0.1273914069372533
30,25,0.6508189842300254,0.9830039199716272,0.9604745910732451,0.6842945224018905,0.6305212777515287,0.4532761112547425,0.00064191891732072,0.21158640329583275,0.9,0.0,0.7,38,0.1040679309753947,0.1102501436361052
30,26,0.6671625340766502,0.997710429342359,0.9749267417586379,0.6958547366332551,0.591197292532871,0.4659112585962183,0.00068109202475368,0.22042752636279273,0.9,0.0,0.7,39,0.1165437742738316,0.1177556580802186
30,27,0.6433520671129127,0.9734955312069673,0.9506492960007551,0.6852125374890763,0.5522681034028907,0.45855730719034965,0.00065911932468408,0.19629243270462188,0.9,0.0,0.7,41,0.1141608545511512,0.116418642153011
30,28,0.6447674600561247,0.9747048642728903,0.9518267664916633,0.6859512588861026,0.5538770214300095,0.4509828333331197,0.00064690147246638,0.20826911021461034,0.9,0.0,0.7,42,0.1035963030671631,0.125858640706992
30,29,0.6348055252045339,0.9657419169159402,0.9460922521547019,0.6959432222228075,0.547397860296025,0.45674160009991377,0.00062748584436215,0.18715433784547947,0.9,0.0,0.7,43,0.1141646382579945,0.1170829366578281
30,30,0.6563168947512471,0.9813748251270135,0.9577519240261708,0.6990861504655977,0.6128593159906841,0.46357517292178996,0.00068088229642504,0.21354548066711304,0.9,0.0,0.7,44,0.1094889412653692,0.117001863253125
30,31,0.633054913008414,0.9575401921478628,0.9369113593944622,0.6962157605255518,0.5556221752025003,0.4459296555849329,0.00074266626054548,0.20503285711862168,0.9,0.0,0.7,46,0.1039767159048849,0.0922834545490043
30,32,0.6550383818496566,0.9756986415297546,0.9483352475525865,0.7022861024409045,0.5759525129071684,0.4528945232817967,0.0006792702259965299,0.2282826749711141,0.9,0.0,0.7,47,0.0962175958803412,0.1007831822724303
30,33,0.6559766815422933,0.975750928814554,0.9513390982599571,0.7075197361919792,0.5943850309643702,0.46065013185432546,0.00068127864978964,0.22191677677102123,0.9,0.0,0.7,48,0.1027248603198416,0.111137720111968
30,34,0.6505030192747417,0.9691461168053135,0.944567620595402,0.7044419546703181,0.5767145070283961,0.4509825856064265,0.00067716367479971,0.2275825665056954,0.9,0.0,0.7,49,0.0952910015694244,0.1005678697287218
30,35,0.6348758962201098,0.9558757340038545,0.9378132927698859,0.7154558577853308,0.5533076016561704,0.44699256208476573,0.00065540125940407,0.21099305239044544,0.9,0.0,0.7,51,0.1050763142749979,0.0956735716127527
30,36,0.6515391226840923,0.9650132831263024,0.9427724491569001,0.7167027589449156,0.630677237004613,0.459067334568033,0.00068427077557372,0.22465436327056348,0.9,0.0,0.7,52,0.0973059812157457,0.102311470855688
30,37,0.6294206245998576,0.9430983342869271,0.9239777734842988,0.704737330768401,0.5554838180184271,0.44672564246742713,0.00068294594320485,0.2100427138379672,0.9,0.0,0.7,54,0.1131428877732724,0.0913148404867591
30,38,0.6176887617437573,0.9302752337105363,0.9109992664402161,0.6984987507310426,0.5433738042329292,0.4386926682465936,0.00067284610875733,0.20454278622218686,0.9,0.0,0.7,56,0.1122975852577358,0.0870034456993222
30,39,0.603078555822629,0.9148359526641757,0.895441553660259,0.6919588162971125,0.5321674182806513,0.4209304204992458,0.00068320872341348,0.20722183909866498,0.9,0.0,0.7,57,0.1158940743548478,0.0942096364792205
30,40,0.6139802197151237,0.9244220003367388,0.9048423372666856,0.720374084264982,0.5381006610426966,0.44385136867848485,0.00070468482342968,0.19441582169117816,0.9,0.0,0.7,62,0.1052135719397562,0.1082231379613935
30,41,0.6117202852771172,0.9230783457183056,0.9067220552203688,0.7265637288779084,0.5364735203390442,0.4427075906510995,0.00070757588863874,0.19314164338236886,0.9,0.0,0.7,64,0.1057725058401048,0.1040327860971999
30,42,0.6117190970681672,0.9243922199241885,0.9113155602220382,0.7440128619469455,0.5341883413841908,0.4439399413438215,0.00070382204539322,0.19170754316958957,0.9,0.0,0.7,68,0.1074490385009866,0.1128059541428424
30,43,0.6114954043027718,0.9239950821754952,0.9139892157443059,0.764549576176404,0.5377217741701735,0.4437563113851773,0.00070044889495736,0.19299596016289963,0.9,0.0,0.7,73,0.1051320483797961,0.1040386137928443
30,44,0.6105645550042796,0.9229653911325806,0.9129457198558397,0.7698930890763063,0.5340811479089687,0.44166790298021585,0.00070539588818038,0.19443166671483167,0.9,0.0,0.7,75,0.1069067867393787,0.1044869521262135
30,45,0.6043101679609442,0.9180251460711061,0.9112850954831604,0.7758284381249374,0.5280488947552824,0.4392498937876315,0.00070377724835324,0.18875580949205803,0.9,0.0,0.7,78,0.1106409121019066,0.1040505005795877
30,46,0.6125760598255783,0.9254963242402243,0.9186453267029973,0.7901399699172591,0.5400046452711598,0.44486094379912255,0.00070071424426439,0.19399298076906857,0.9,0.0,0.7,80,0.107733236520374,0.1009436252549196
30,47,0.6035895414720498,0.9171687896945714,0.916603916662793,0.7737718307234492,0.5509429325951254,0.4466037388071767,0.0008461554152366201,0.18077984239868508,0.9,0.0,0.7,81,0.1099566346906166,0.0933391433720445
30,48,0.6062244740791521,0.9209725358100936,0.9236674788523355,0.8097485481935182,0.5315692244776572,0.4485421088443904,0.0008556344320296601,0.18231199478667873,0.9,0.0,0.7,93,0.1110097820900709,0.0929122990496773
30,49,0.616124862025684,0.9350930320409271,0.950765158473282,1.007981226774902,0.5426676302439192,0.44636597474430706,0.00072921015143951,0.20063943844144932,0.9,0.0,0.7,128,0.1071628504283349,0.1066743195385714
30,50,0.6165080405044601,0.9379360984628928,0.960145289485083,1.0538753261823197,0.5433393741779784,0.44581797732003053,0.00072963857687778,0.20230710568755275,0.9,0.0,0.7,138,0.1074159642526597,0.1061687040581454
30,51,0.6223838442362315,0.9496252311857852,0.9881316712097978,1.1319984089250754,0.5504931368254247,0.4468968318047289,0.00075021282257547,0.2106004659166403,0.9,0.0,0.7,156,0.1048854600301111,0.1056269504536903
30,52,0.6331628915163401,0.9633559543581005,1.0084661362119773,1.1678075876986103,0.5605735466564625,0.4601658189535778,0.00074249584365751,0.20898902594354601,0.9,0.0,0.7,161,0.1055758550305386,0.1009454464810565
