Run,Equation_Index,Hybrid_MSE_Train,Hybrid_AIC_Train,Hybrid_BIC_Train,Hybrid_MDL_Train,Hybrid_PSM_Train,Extrapolation_Divergence,Sensitivity_Interpolation,Sensitivity_Extrapolation,Lambda1,Lambda2,Lambda3,Complexity,MSE_Test_Interpolation,MSE_Test_Extrapolation
1,0,0.958861607812368,0.9898691722920645,0.9889662225597706,0.3747819200515281,0.0,0.0,0.0,0.0,0.9,0.6,0.1,1,1.0094663212642194,1.0620153632287783
1,1,1.1923126798966315,1.3008719107788076,1.2971181688044575,0.6993545655747851,0.4415169592250718,0.38038088941578063,1.002929206981e-05,0.006389566498480935,0.9,0.6,0.1,3,0.8385570780375898,0.9214147557526132
1,2,0.9536040815550407,1.2473323310843605,1.2334768406705883,0.6919894131633724,1.1010509678083986,0.4299659691289394,0.00023581550116468002,0.15674630555879157,0.9,0.6,0.1,4,0.5981960541189545,0.490580057113599
1,3,0.9342813176591802,1.2402705816525588,1.228832861822337,0.696062232250386,0.4348664160389588,0.42872939840577245,0.00029133538025057,0.18153638688266635,0.9,0.6,0.1,6,0.5383502396241586,0.4512201094317997
1,4,0.9343366040033081,1.2404813020564462,1.229030275882219,0.6963277943222399,0.4054630729532198,0.4289385667193756,0.00029522711224998,0.183229329125674,0.9,0.6,0.1,7,0.5348745692798487,0.4494004855096459
1,5,0.8805933300272272,1.2132345711859314,1.202733020716175,0.6883021571086585,0.565197170028087,0.43005307771330914,0.00026426061395109,0.15026153360338257,0.9,0.6,0.1,8,0.5852154529160795,0.4477145984981034
1,6,0.840158214837564,1.187535008974462,1.1753633745717953,0.6668850493100079,0.4529458721194508,0.4290486879149747,0.0001348743257262,0.09046207264972378,0.9,0.6,0.1,10,0.5335132852425363,0.518122411873298
1,7,0.8012277940467376,1.166232747987608,1.1551671841031013,0.6609136350568598,0.4733386156858645,0.43002503113144624,0.00017326093449256,0.10019462953061212,0.9,0.6,0.1,12,0.4562146328107506,0.4771385304404615
1,8,0.7997828825414379,1.166793592292441,1.1589506397037763,0.667617315318048,0.39995136318878477,0.43011568710657705,0.00016872068505462,0.09932061104940747,0.9,0.6,0.1,14,0.4575047007478605,0.4742426017943781
1,9,0.7992680350991015,1.1664338850546154,1.1585665709172313,0.6659561790986237,0.3987332821790461,0.43013034915686416,0.00016729389053096998,0.09833406114293596,0.9,0.6,0.1,15,0.4546801317241514,0.474497085943533
1,10,0.7927546883541426,1.1636554545770061,1.1587244935543637,0.6795802925598267,0.422157855676118,0.42997998089231393,0.00016581354856157,0.09833908530822211,0.9,0.6,0.1,16,0.4366185162153317,0.4755919407922204
1,11,0.739021683118836,1.1265345594547913,1.1182542499500854,0.6571645930354765,0.5131395984562644,0.4300880134923393,0.00018251100486823998,0.10184154534577142,0.9,0.6,0.1,18,0.3873110423689189,0.4050144277332576
1,12,0.693592814395506,1.091382191327255,1.0834485814066341,0.6530093601214879,0.44504503100641823,0.43004894763911,0.00011568043283612999,0.06804508605678447,0.9,0.6,0.1,22,0.3627609087669706,0.3669661483213226
1,13,0.6938234352553985,1.0916707662792922,1.0837094683607036,0.6560388866334872,0.3964270929492135,0.4300839095800341,0.00012757821782175,0.07364783880508588,0.9,0.6,0.1,23,0.3526511352130063,0.3868595843784385
1,14,0.7156338052345506,1.1162989388167082,1.1109517256579102,0.6776187129407876,0.4731929119087246,0.46023594265896456,0.00018728482234606,0.11078358903533453,0.9,0.6,0.1,24,0.3604090907287733,0.3681809542237821
1,15,0.7029793882282256,1.1051102887823872,1.098753604529708,0.682089871760579,0.4953173967631384,0.46005112218928684,0.00019706316945941003,0.11375983131418352,0.9,0.6,0.1,25,0.3245352016161735,0.371735224819154
1,16,0.7184239798779295,1.1236886974176195,1.1238313808156102,0.7300018342257931,0.4432339459322279,0.4748791964537273,0.00018957977867143,0.14867739131084232,0.9,0.6,0.1,34,0.3470165577567347,0.4132453790799933
1,17,0.6794572563517491,1.0872303930119898,1.0872906350352995,0.726725727435026,0.5594991256562466,0.4783354171023516,0.00018744776777086,0.11812060445517432,0.9,0.6,0.1,36,0.2699150996740633,0.305889753472491
1,18,0.6781063310222183,1.085870229054568,1.0859123441903908,0.7340959466014203,0.44252370420222364,0.47760100100826763,0.00018456671269009,0.11318237091849503,0.9,0.6,0.1,37,0.2754080720547137,0.3067359608711638
1,19,0.671212795412614,1.0803414495959334,1.0834470989079272,0.7354352633341504,0.442531949041043,0.4756705555878592,0.00015417907280853,0.08760969723910414,0.9,0.6,0.1,40,0.2750229547038954,0.315223982093969
1,20,0.6718461882651013,1.0809656944430217,1.0840563450166032,0.7390929019765634,0.4387838811659981,0.4765271099539756,0.00015356040189011,0.08782600862736048,0.9,0.6,0.1,41,0.2740102147817546,0.3104593726708647
1,21,0.617796710816905,1.0384185956280607,1.069327634592504,0.7615478388837261,0.40944252671387277,0.4381840067974899,0.00014282344859076,0.08924572850058529,0.9,0.6,0.1,63,0.2095102667919781,0.2966191428955199
1,22,0.641928388500071,1.063455606230744,1.0972776374896207,0.8391232609463848,0.4335786687383743,0.46820071698969895,0.00015119353782712,0.0984635241635688,0.9,0.6,0.1,75,0.2545832353423875,0.2824003279748933
1,23,0.6342957819838543,1.0563583633056,1.0929203132629843,0.8414665124240159,0.44861400854200634,0.46827572110711896,0.00013395284453929002,0.07538540665276432,0.9,0.6,0.1,77,0.2534294726041502,0.2686458874731035
1,24,0.6334921132049662,1.0554028126553177,1.0918817797464737,0.8316957863349725,0.43477128347407307,0.4682168942934844,0.00013469928498964,0.07565714394715117,0.9,0.6,0.1,78,0.2527768016550539,0.2712362998811817
1,25,0.6330588329869415,1.0546978610358893,1.0910320011917447,0.8473147021350069,0.4399752663059287,0.468254822845299,0.00013390476898861,0.08452269978421331,0.9,0.6,0.1,79,0.2511646326539036,0.2762148440959164
1,26,0.6330285045482996,1.0561601446816378,1.0957965071385518,0.8565438442640473,0.4300742191943951,0.468254822845299,0.00013390476898861,0.08452269978421331,0.9,0.6,0.1,81,0.2504870671907048,0.2762119231959066
1,27,0.6266436936454765,1.0466608656512735,1.082200224336838,0.8463648673102924,0.48565148586095414,0.46826500067448523,0.0001471228721749,0.09315579891286255,0.9,0.6,0.1,82,0.245265583928281,0.2551588742158161
1,28,0.6215819781624289,1.0435787328640218,1.0852892107144694,0.8740553844942606,0.4372749550585672,0.4681172519747061,0.00013690734761513,0.0830932478859834,0.9,0.6,0.1,86,0.2558751165153439,0.2495887091177665
1,29,0.6188232289023604,1.0421558018879982,1.0871033942975346,0.9096366487994604,0.42848763223409664,0.468266747814423,0.00011402981138745,0.0603390623792679,0.9,0.6,0.1,91,0.2842801142339302,0.2594763019384058
1,30,0.6164750873016223,1.0392243793839624,1.083932877072085,0.9008467642638892,0.44381922836378157,0.46811173892014174,0.00011392588578125,0.059245846027380575,0.9,0.6,0.1,92,0.2747799124161666,0.2542884047477472
1,31,0.6164127682967242,1.0406567853172917,1.0886689639314784,0.911054636033222,0.4273690505218457,0.4680597957957957,0.00011381561400650999,0.05924574945130019,0.9,0.6,0.1,93,0.2848569537936281,0.254358427754856
1,32,0.6133128535601461,1.034866405215758,1.0791091339753474,0.915520144657059,0.4602313810101827,0.468090343925039,0.00011974500707327999,0.06808155118600237,0.9,0.6,0.1,94,0.2633017208299273,0.244748470793809
1,33,0.6109923617483528,1.033483522541785,1.0808228751408497,0.9169220977465191,0.4348403348952672,0.4681860723066821,0.00010239375572847,0.06193786164621229,0.9,0.6,0.1,96,0.2642842283230391,0.2459248433942153
1,34,0.6148136547141729,1.0387781900108901,1.089413658158511,0.9408249094838796,0.43184644775272313,0.47277609005256654,0.00010340520109127,0.059628379775505266,0.9,0.6,0.1,98,0.2639071237750325,0.2549169838169409
1,35,0.6096526521903598,1.0334573930570727,1.0840345226292116,0.9490415255768442,0.42887538365387257,0.46802742869845426,8.76342198408e-05,0.055803281705115206,0.9,0.6,0.1,100,0.2636777344591127,0.2404688306740147
1,36,0.6090497548652655,1.031195075969058,1.0784085076134255,0.954893725372205,0.4307719657485631,0.46807942678303305,8.777910261027e-05,0.054231331639356284,0.9,0.6,0.1,101,0.2651638471848893,0.245655465490132
1,37,0.6132314459947897,1.0382823180191951,1.092073419157863,0.9626166566311763,0.43350488363127815,0.47249026892419616,9.410985323457e-05,0.05911715745745961,0.9,0.6,0.1,102,0.2648960085745306,0.2462929036253393
1,38,0.607475225383357,1.0293779537431365,1.0765042054439171,0.9873704491755909,0.4266537059803013,0.4680316927910289,7.753284450187e-05,0.0463284908860739,0.9,0.6,0.1,107,0.2710638756961893,0.2405199742931613
1,39,0.6109912068735697,1.0354534562574778,1.0890356333898215,0.9921148793973839,0.4334043793949654,0.47271798841650803,8.363933316808e-05,0.05228901504863527,0.9,0.6,0.1,111,0.2691667515001317,0.2441710497695396
1,40,0.6084376087899986,1.0327689108869167,1.086305277652819,1.0157981411276362,0.4301365074945102,0.46828721284511954,8.528010578859e-05,0.07044485893860318,0.9,0.6,0.1,113,0.2751071677834791,0.246050229738552
1,41,0.6080874381454775,1.0321991290599148,1.085659308310593,1.0364565833130757,0.43146897435678866,0.4680159901686611,7.640002227443001e-05,0.07578865653068055,0.9,0.6,0.1,115,0.2621085789181699,0.2425559957775515
1,42,0.6069560511721176,1.0340461543860155,1.0941106536442595,1.0945826596512316,0.427801636179231,0.46822510549340557,6.869633558125e-05,0.06319274420036883,0.9,0.6,0.1,127,0.2704482166643706,0.2471539825163573
1,43,0.6070780502164773,1.0371101139632328,1.1037663358333938,1.0984165111777016,0.42937218345440653,0.4682769181067868,7.609167260051001e-05,0.0654987452173906,0.9,0.6,0.1,128,0.2860800987652475,0.2474028510006152
1,44,0.6104274081102182,1.0403804225248887,1.1070077391279858,1.1270054931645426,0.43266200850517866,0.47256897844573054,7.184540680745999e-05,0.06284520980115382,0.9,0.6,0.1,130,0.2687736311240719,0.248462345300526
1,45,0.6129322814292371,1.042654446712228,1.1092046689627113,1.106510713330818,0.4374208160019012,0.46828243502973244,5.7781296771799993e-05,0.13289783135397126,0.9,0.6,0.1,132,0.2648060207058532,0.2441574747547409
1,46,0.6043828830843906,1.0324587610693017,1.0956534889438776,1.1315575925301087,0.4283708883806155,0.4680920510629332,6.237743510599999e-05,0.05322502335927428,0.9,0.6,0.1,134,0.2727647519293701,0.24729113729496
1,47,0.604052668761855,1.032056796244687,1.095227326277413,1.1349818590567464,0.42818731235225216,0.4680919940291998,6.0744264763569995e-05,0.051933369656312504,0.9,0.6,0.1,135,0.2737880763586848,0.2460452576023782
1,48,0.6037879063983124,1.0346811333859205,1.1044260653788596,1.1511501820345762,0.4278080861927897,0.4681067118837274,7.108454010991999e-05,0.05210239339608282,0.9,0.6,0.1,137,0.2578998056086288,0.2441336342621299
1,49,0.6063715467342521,1.0417145209056615,1.1213602009957717,1.1940732321451124,0.4293344427848762,0.47259190989656635,7.479227810543e-05,0.03884197046803779,0.9,0.6,0.1,152,0.2672684556606918,0.2403783958416807
1,50,0.6017045863953799,1.0351836666626506,1.1114023869950764,1.2134901622063172,0.4339877997937326,0.46807077370174693,7.255806592975e-05,0.04285402639858621,0.9,0.6,0.1,153,0.2721287152848007,0.2459302562719834
1,51,0.6053855336508549,1.0432920651492135,1.1294044049257632,1.233386857397979,0.4296852593924398,0.47275677368195446,7.044098660184e-05,0.03936778949176585,0.9,0.6,0.1,160,0.2673586547787349,0.2409430849592709
1,52,0.6054125587461361,1.0461642035467609,1.1388373430515895,1.2633242575999537,0.43047540894218345,0.472699280639931,7.487403933943e-05,0.044231336301904234,0.9,0.6,0.1,166,0.2665837134923887,0.24180291965095
1,53,0.6047893818704658,1.0468706341161893,1.1427939513055432,1.2739287894329714,0.43163582929515687,0.47258390722338545,7.420967287332999e-05,0.043552577456547885,0.9,0.6,0.1,168,0.2721467888901548,0.2525639501381289
1,54,0.6017108549858674,1.0395438060559101,1.1256319235042973,1.307173168406947,0.4267339987306139,0.4681321906406974,7.339191444122e-05,0.046206422580540016,0.9,0.6,0.1,172,0.2709133144952429,0.2352277611161059
1,55,0.6047035208889292,1.0539319358070427,1.1662702047339322,1.3253916482663641,0.43134707048641724,0.46825664549286605,6.68433306654e-05,0.09081884100501253,0.9,0.6,0.1,178,0.2774041804871097,0.2262050170034867
1,56,0.6039144911379236,1.0530255942637894,1.1653262068564652,1.347735880501678,0.4305902294225761,0.4682217411023047,6.188247434516e-05,0.08632668342824673,0.9,0.6,0.1,183,0.2815032979816682,0.2268064837978895
1,57,0.6022342440927562,1.0495388230069558,1.1584359213507929,1.3764147652705356,0.43031186142760375,0.46830212302681706,5.619519442467e-05,0.07676271071969788,0.9,0.6,0.1,189,0.2750137996829778,0.2244338466386834
1,58,0.602016514061594,1.0522323550189672,1.1677130047423616,1.4061818117362448,0.42950042884143397,0.4682960894532086,5.6415022006569995e-05,0.07684543406550547,0.9,0.6,0.1,195,0.2773404782997873,0.2244250259975523
2,0,0.9606724838843782,0.9903673797264383,0.9895088392528655,0.3737830917450948,0.0,0.0,0.0,0.0,0.9,0.6,0.1,1,1.00269719571668,1.060828202190338
2,1,1.2556986006086974,1.3641777565215027,1.360427207828606,0.7626471646136269,0.5062106580292803,0.45060417133731834,1.236962834404e-05,0.007064922906804609,0.9,0.6,0.1,3,0.8393516481953667,0.9237743021080884
2,2,0.920055421148349,1.2333649987441413,1.2178432750805155,0.68489589634317,1.2211763160878826,0.4297076705832156,0.00030045921407510003,0.20595606302959618,0.9,0.6,0.1,4,0.5960276811951204,0.4440621186652964
2,3,0.8629849959390576,1.2052541641806993,1.1902154946571053,0.6711991602297328,0.5072005659717465,0.4298235591766749,0.000307578136213,0.22543685394575788,0.9,0.6,0.1,6,0.5786514041209068,0.4079446209939489
2,4,0.8640341935984464,1.2096259653875725,1.1976742814373007,0.6808218361570049,0.4224185031984152,0.43403076237295984,0.00031232828902273,0.2407874893500439,0.9,0.6,0.1,8,0.5772228538948154,0.410495417425433
2,5,0.8718345462448149,1.2215166277834435,1.212550564328687,0.6987939350213974,0.43987413645925744,0.44506181541320144,0.00036825325307723,0.28097983029213575,0.9,0.6,0.1,10,0.5733835808277542,0.4090556523559743
2,6,0.8711056952859416,1.2210920628361546,1.2120881321481205,0.6942272497343492,0.43148812134794795,0.445061815413201,0.00036825325307722,0.28097983029213053,0.9,0.6,0.1,11,0.5719022146166318,0.4119031142299975
2,7,0.7705909056467056,1.1483728533310333,1.1314092068362989,0.6552380355097209,0.7316394174420777,0.42950656578671526,0.00018238784943887,0.23207683432570494,0.9,0.6,0.1,12,0.4562611623260728,0.3268865796246652
2,8,0.7867009502865768,1.1716267366039679,1.1603215194466414,0.6928793423670702,0.4572886187292864,0.45335075601428293,0.00025648042538919003,0.32646255976365085,0.9,0.6,0.1,16,0.4397275135650549,0.3132615327050809
2,9,0.6502743347723946,1.0491239208833152,1.0292512051183764,0.6170719834615148,0.71088778352278,0.44599090170410716,0.00013812855962204998,0.12962623649576324,0.9,0.6,0.1,18,0.3024333717953745,0.2308181096153557
2,10,0.654081024635325,1.0520216777066358,1.0331015936779624,0.634818717526353,0.5237579485570483,0.4651224406328545,0.00019761252269095,0.23505195868392595,0.9,0.6,0.1,20,0.2813189315319628,0.2262148678550867
2,11,0.6439486636171676,1.0415992766361155,1.0250421880375267,0.6335433017202097,0.4728609591916969,0.46494781643544286,0.00020042824066831,0.2231337719853611,0.9,0.6,0.1,22,0.2625186209160504,0.2129151429464312
2,12,0.6836800392346549,1.0819665328964037,1.0682809889549219,0.6918640646431156,0.4921220314491391,0.5115291247331447,0.00020547806686073002,0.2412398154544291,0.9,0.6,0.1,26,0.2567031342174225,0.2015796768486384
2,13,0.6751389098583169,1.071875059107453,1.0574861118392331,0.6819889152691412,0.5310415735169787,0.5086629469743471,0.00020505778243764001,0.2450377564112919,0.9,0.6,0.1,27,0.2381203219129453,0.2089190881555523
2,14,0.6664319007910612,1.061843124072476,1.0469101447332707,0.6768865628851976,0.5161047726061596,0.5043316483215637,0.00020554765609626,0.24474060149783763,0.9,0.6,0.1,28,0.2357346437106486,0.2041339767084419
2,15,0.6618957980761435,1.0567197571151625,1.0415587335757877,0.6753890957705599,0.49169492053752833,0.5015137332611421,0.00020579435650741,0.24445264875755188,0.9,0.6,0.1,29,0.2356876079787967,0.2019242563883608
2,16,0.6065072292628864,0.9904734790883726,0.9690165698689569,0.6412555049615623,0.5480881873690372,0.4665086883104275,0.00021890490956675,0.24745665479372717,0.9,0.6,0.1,31,0.2078534901350157,0.2118419569957363
2,17,0.607694308927105,0.9918215549220686,0.9762172004708053,0.6552476498503856,0.45683674297464527,0.488777373807135,0.00014530954896967,0.11607329797617696,0.9,0.6,0.1,41,0.2084676760144167,0.1846921522654653
2,18,0.6160145581562959,0.9999612342231057,0.9843100414520949,0.6510694137105746,0.46187999680919345,0.4994048498163995,0.00014339901170359,0.10708850148799301,0.9,0.6,0.1,43,0.2099670860320898,0.1834323237191724
2,19,0.6095431610447793,0.9960312484898358,0.986873817022312,0.6727383986649049,0.458693222550776,0.4898873312323344,0.00015769270471179,0.13652889559051504,0.9,0.6,0.1,45,0.2014141715155003,0.1850119472014979
2,20,0.7242506030351344,1.1024723972377322,1.0854182914161665,0.7718821394537045,0.667418361722916,0.5793056739976108,0.00024562810776743,0.5698810074384532,0.9,0.6,0.1,46,0.1839341318623349,0.1998657031889982
2,21,0.6185572462443202,0.9939521571424919,0.9792272072466014,0.6736470444130792,0.5469024523579048,0.4981481781881114,0.00018336649529946,0.31001995946699124,0.9,0.6,0.1,47,0.1669939648834893,0.1842516805624648
2,22,0.612834602326726,0.987150173204175,0.9721893219505522,0.6707077291430472,0.4834702924924854,0.4890737445682239,0.0002021517392549,0.35002423809511835,0.9,0.6,0.1,49,0.1680204527863181,0.1773251408731578
2,23,0.6126268832695952,0.9869338011662975,0.9719710812125083,0.6704990873690687,0.47522425723101674,0.48885820658481843,0.00020217173453143,0.3500104179979164,0.9,0.6,0.1,50,0.1680310853885357,0.1773838845835183
2,24,0.6016596491486941,0.9728370238722004,0.9572124600602041,0.6875209216062267,0.47495056075676223,0.4968542651513143,0.00015148463538371002,0.2116383387973859,0.9,0.6,0.1,57,0.171903288610747,0.1529391901007355
2,25,0.6044895622783949,0.9784447371661847,0.9693854048873786,0.7074951520366257,0.4725991907986714,0.4895808257213388,0.00017910016795543,0.30815959586728764,0.9,0.6,0.1,60,0.1715347058194452,0.1642447519538725
2,26,0.60168808156417,0.9736586110431666,0.9611930064247816,0.704034196840749,0.4763740598190485,0.49217459300802463,0.00015208194044484,0.26341445352314174,0.9,0.6,0.1,61,0.1627725211702893,0.1828705527775438
2,27,0.6137317982342931,0.9833724877978816,0.9734390950585483,0.7130563722428402,0.5397130484954088,0.5055815532825505,0.00017861792015858,0.31149985434406696,0.9,0.6,0.1,62,0.1544954467047469,0.1495952772425777
2,28,0.6131253133773057,0.9826158797496204,0.9726527798619978,0.7099367224924885,0.4879097178742257,0.5051086201604247,0.00017874370579144,0.31152162543574674,0.9,0.6,0.1,63,0.1536985431066205,0.1496611892966611
2,29,0.6051059120329804,0.9727600477017534,0.9654534339941481,0.7121496523441875,0.526648306194033,0.4944359029727232,0.00021255116817961998,0.3666409625810952,0.9,0.6,0.1,64,0.1587430603133185,0.1470069701784987
2,30,0.6174462847152498,0.9848317083298899,0.980493983750055,0.7508804640854909,0.5000184626726758,0.5060162077725876,0.00021552188594472,0.40589242706040873,0.9,0.6,0.1,70,0.1619145147121571,0.1501255623538343
2,31,0.5863367375796479,0.9550152182649339,0.9539441629974348,0.7380294857110293,0.4657903556826857,0.4830106527641946,0.00021031360455728,0.3041745215954286,0.9,0.6,0.1,75,0.1636712604631359,0.1584235143479242
2,32,0.6145271248722215,0.9756798695303452,0.9732362058066438,0.7613001362049598,0.5487313691668635,0.5114359622351595,0.00023479705985702,0.4088474257921437,0.9,0.6,0.1,77,0.1615788596802786,0.1391711773348858
2,33,0.5817565244801284,0.949963658950493,0.9639668436803924,0.8274348842817539,0.4693939879585867,0.4817640733456304,0.00020252547590343,0.3530145513407951,0.9,0.6,0.1,92,0.1527157665736211,0.1322381886520759
2,34,0.6129308605754236,0.9753076173484188,0.9822070276488271,0.8267482159819473,0.5198221633585367,0.5105006064033815,0.00023099697161774998,0.432927019990677,0.9,0.6,0.1,94,0.1595353446607966,0.1378227684516766
2,35,0.6192907060646313,0.98094741567647,0.9877223863530685,0.8203251838030908,0.5116375844160019,0.5141822613448623,0.00022889278514048,0.4701616444735581,0.9,0.6,0.1,99,0.1617861325737865,0.1385199149026161
2,36,0.6248693100458828,0.9950559096463997,1.0215839880912374,0.9322311090953165,0.5161391335797223,0.5197839084166335,0.00023876703592741003,0.4797847616077024,0.9,0.6,0.1,125,0.1596749787954277,0.1387810765425558
2,37,0.6244310413837412,0.9921044221407774,1.0151533201523222,0.9249258286244227,0.5284332281164089,0.5197961287446842,0.00023675066918817,0.48465246628869796,0.9,0.6,0.1,126,0.1590276181921175,0.138481377818868
2,38,0.6138897885339147,0.9844128569678348,1.0140474293428148,0.961110929654124,0.5068906510395168,0.5197960029975209,0.00018142768398061,0.38092622400923015,0.9,0.6,0.1,128,0.1588651375340357,0.1384384752562728
2,39,0.6140780569319582,0.9845929279332261,1.0142261321778154,0.9579546626397518,0.5062243032024393,0.5197965050920988,0.0001813877758994,0.38287931607302045,0.9,0.6,0.1,137,0.1589309642299616,0.1384540569318033
2,40,0.6138836315050802,0.9858778046049297,1.0188131484891552,0.9677807432427535,0.5060831191913326,0.5197962609381476,0.00018162725220076,0.38111424018186163,0.9,0.6,0.1,142,0.1588514068452695,0.1384365145199033
2,41,0.6139584639120202,0.984158659520567,1.013738246829753,0.9610837812437195,0.5098562688925515,0.5199377079023748,0.00018114947249769,0.38328213526430666,0.9,0.6,0.1,143,0.1580466856575652,0.136978684682998
3,0,0.9305226788084358,0.9819507295626261,0.9803420370612588,0.36977489421431353,0.0,0.0,0.0,0.0,0.9,0.6,0.1,1,1.1235889883864492,1.0617700274324902
3,1,1.1636319107894675,1.3315375789914485,1.3221013570028401,0.7414055722564292,0.5640410183158737,0.43109641697209644,0.00040787322726129995,0.13589783345043294,0.9,0.6,0.1,3,0.7197902454396196,0.6730443985845096
3,2,1.082183273901378,1.2846275815210992,1.2733872866704845,0.7040546124298469,0.4957510349424793,0.40522525636170525,0.00033069422523389,0.10251255677964705,0.9,0.6,0.1,4,0.7010887044177767,0.6354617119750107
3,3,1.040205497184579,1.2568106132435228,1.2447541658361636,0.6809078199790907,0.41060494946937953,0.38653516605191995,0.00028532780876174,0.08439139855067392,0.9,0.6,0.1,5,0.7002903740570261,0.6236309022021381
3,4,0.8386962641084487,1.1814174772943795,1.1628363476496235,0.6470973665916824,1.0639502002241115,0.4300640927930372,5.424864776654e-05,0.028003890637486258,0.9,0.6,0.1,6,0.4649554739960603,0.5253477545610601
3,5,0.7997311158905817,1.1655166567206572,1.144082145380128,0.654711010216604,0.6133103491433953,0.4279859178956254,0.00019819941554799,0.20697499756309515,0.9,0.6,0.1,7,0.4631048857476466,0.4511368543623415
3,6,0.7686296177442418,1.1394119943992447,1.1202503823355814,0.6333878989813512,0.45157386056691545,0.42977831076650047,7.428734606204e-05,0.0313994145768155,0.9,0.6,0.1,8,0.3854976952268457,0.4326452013563502
3,7,0.7586154375320823,1.1372065635764044,1.1164206515150714,0.6455174343384026,0.5179891930297819,0.4279859178956254,0.00019819941554799,0.20697499756309515,0.9,0.6,0.1,9,0.4240868026706013,0.4152135187504233
3,8,0.7232236504681069,1.107760484226053,1.089155723622254,0.6126627713943984,0.426527089658837,0.4257772597343051,7.735036938186e-05,0.04427072179974601,0.9,0.6,0.1,11,0.3564733051961193,0.3775643950109065
3,9,0.6714955737089441,1.0673035497231231,1.0440004182797518,0.6017181461934529,0.7287717074246866,0.44126291978764587,5.1696275869469996e-05,0.027625516735240357,0.9,0.6,0.1,12,0.2684334988135323,0.3829897693904665
3,10,0.6661766270657441,1.063548100887652,1.042426343030477,0.6070035468519426,0.4441126379682231,0.4490370584693606,5.4393479081269995e-05,0.031220056326517455,0.9,0.6,0.1,14,0.2900367724526521,0.3734092271403784
3,11,0.600356222927052,0.9881246010807996,0.9593470091239491,0.5655129074993192,0.9469291339130559,0.46033096892402026,6.01029716187e-05,0.034254195126433885,0.9,0.6,0.1,15,0.1710922582630198,0.2214122360738434
3,12,0.5751633524903053,0.9402430643454782,0.9083839153810277,0.5526133841755669,0.5872028956700214,0.4823333897046247,0.00010290945099803,0.058770243907413394,0.9,0.6,0.1,18,0.1266707829261803,0.1631886962666685
3,13,0.5762141787406487,0.942566759651191,0.9139653832474683,0.5601412717461921,0.4430476207045851,0.4836142812188287,0.00010648816178360999,0.06082151302576297,0.9,0.6,0.1,20,0.1272585189144417,0.1620551750766754
3,14,0.534344129624732,0.8617571814308679,0.826197483084239,0.5120708839775027,0.9196424451446484,0.4824163856530396,7.725431379721e-05,0.0443778634743956,0.9,0.6,0.1,21,0.0948109209730658,0.1096705984485954
3,15,0.534972209286581,0.8633871574819157,0.8310550453556543,0.5192720483987296,0.44235589988999247,0.48352754693792843,7.73569195434e-05,0.04442826620119438,0.9,0.6,0.1,23,0.0941378767856238,0.1072677660654189
3,16,0.5349460022646997,0.8599590139810381,0.8301739226219694,0.5201589452942277,0.46945952929489737,0.487312855188845,9.71041165642e-05,0.04606582007255489,0.9,0.6,0.1,25,0.100166025311347,0.1037434964655056
3,17,0.5301560869955364,0.8465359154522648,0.8154295395410903,0.5290247054073185,0.46814423529198496,0.48820386213224376,9.641901386691001e-05,0.05206300987653709,0.9,0.6,0.1,29,0.1026560928242503,0.1064398477378622
3,18,0.5164252841143621,0.8224127817177089,0.7929226659882316,0.5249094842940317,0.4950322118832633,0.4816625882963611,8.210964489210999e-05,0.044322373771936555,0.9,0.6,0.1,31,0.089451279566082,0.0981791078456523
3,19,0.5175154945938379,0.8249078211047581,0.7987099151331652,0.5299741817178905,0.43958131401674705,0.48292964557216395,8.220320050474e-05,0.0443683305386658,0.9,0.6,0.1,33,0.0894020030286571,0.0969183293459526
3,20,0.5097538814274523,0.8113327487129991,0.781225193577224,0.5045897216540227,0.4755888691181963,0.47716702029377794,7.859223124299e-05,0.04327854199883128,0.9,0.6,0.1,34,0.0855068006245048,0.09545031365958
3,21,0.49740837579227704,0.7857598693482872,0.7569542768084575,0.5079555053793879,0.5679140751636839,0.4727548517200924,7.067210384242999e-05,0.037103482928888,0.9,0.6,0.1,35,0.0769965928819205,0.0882501261887412
3,22,0.4929173346225278,0.7710083496110793,0.7439683883177319,0.5115784500648887,0.48338517709331724,0.4744306882565227,7.05537726055e-05,0.03228137863754365,0.9,0.6,0.1,37,0.0737274416726452,0.0846799489878035
3,23,0.49935636501420677,0.7814456753744872,0.7673703473500256,0.5486045338672862,0.44012593235934006,0.47755309124406076,7.947972643201e-05,0.07740791579779761,0.9,0.6,0.1,44,0.0941222361741939,0.1173808676632643
3,24,0.49253975944064066,0.7734676542019362,0.7592429551949179,0.5443703307779636,0.4364721604180315,0.4755346404065506,7.210018800199e-05,0.032597650940322784,0.9,0.6,0.1,46,0.0740853157767943,0.0839172955566915
3,25,0.49908936498735595,0.7688202123720274,0.7469427769817445,0.5554320491732324,0.4593526624231655,0.4841877811685759,9.238591239262e-05,0.05498443825303733,0.9,0.6,0.1,50,0.0714489266772235,0.0717517458284178
3,26,0.4957612376821954,0.7708732481437769,0.76525884333153,0.5855095620976826,0.44085926980526763,0.4824971587289444,9.462569728401e-05,0.04543071761731555,0.9,0.6,0.1,59,0.0723545597911298,0.0815269490911303
3,27,0.49843249455109223,0.7737859702093283,0.7713196345443677,0.6014959358950192,0.44747492486397206,0.4861465472258022,9.145844497957e-05,0.04440278593362276,0.9,0.6,0.1,61,0.0724271705364465,0.0793869468642807
3,28,0.4960032468022834,0.7727166138301569,0.7735384930070854,0.6022196958765684,0.44024068007496625,0.4834840734518527,9.189836181642e-05,0.044617202342366186,0.9,0.6,0.1,63,0.0717193472786432,0.0786978365815474
3,29,0.5024569341887601,0.7786047458671764,0.7793560259358799,0.6137974316911766,0.448772432983687,0.49177117528840697,7.199300177578e-05,0.03695449366296609,0.9,0.6,0.1,65,0.0712027234635695,0.0775527324408005
3,30,0.5032662889807499,0.7787393137984482,0.7794064699293488,0.6207881363946283,0.453225637603017,0.4929385790303161,7.257635303487e-05,0.03722839881689599,0.9,0.6,0.1,66,0.0704655852206871,0.0766780201896591
3,31,0.5007567638806666,0.769350185356111,0.7691654176204282,0.6246862906075364,0.5066127971427055,0.49223718440184844,9.604009589012e-05,0.045091571652701064,0.9,0.6,0.1,67,0.0714894119304233,0.0718811373927744
3,32,0.49734411862189987,0.7576149539618282,0.7564162781505149,0.6051240884229924,0.5171629244645699,0.4919673204096206,8.739190420512e-05,0.043976524627450844,0.9,0.6,0.1,68,0.0687947133284225,0.0692135133166934
3,33,0.4950756422441111,0.7548669132443374,0.7567347769441505,0.6106087619195023,0.4539117074107059,0.49035708709877834,8.564167732342e-05,0.042817651678603484,0.9,0.6,0.1,70,0.0670028334187913,0.0689477156542038
3,34,0.48961841843234477,0.7500874980263834,0.7614129015321205,0.6521732174044506,0.4450515568864608,0.48587272309771007,9.155104009323e-05,0.04186536554930592,0.9,0.6,0.1,79,0.0643130724516644,0.0687077565316883
3,35,0.48961841828755054,0.7500874978872859,0.761412901393023,0.653152649834028,0.44152697764640175,0.48587272294178735,9.155104021724e-05,0.04186536556089153,0.9,0.6,0.1,81,0.0643130724224054,0.0687077565953797
3,36,0.48243204687688385,0.7422054980458354,0.7534476407375994,0.6741009573196172,0.43601796166567164,0.47904846201556683,7.35837753493e-05,0.03391313716946207,0.9,0.6,0.1,85,0.0645532419570674,0.070254551933153
3,37,0.48949915165238855,0.7498729039694304,0.7643130487529625,0.6865778626823844,0.4493955255205726,0.48718534485445086,7.017782163673e-05,0.03444508151710733,0.9,0.6,0.1,86,0.0625986010760163,0.0684209826505603
3,38,0.48852608382212703,0.7483240419821278,0.7626955227770424,0.6955765757505741,0.44590490840621233,0.48604714967589313,6.977666822367e-05,0.03690581228348366,0.9,0.6,0.1,87,0.0630910765327599,0.0718369537124158
3,39,0.4879230196929413,0.7466005460140352,0.7639656515980048,0.7064593464481345,0.45222888196286637,0.48650172627551547,6.878728257358e-05,0.03558570975488635,0.9,0.6,0.1,89,0.0653668391464048,0.0663121703730441
3,40,0.516775790768664,0.7796129527828638,0.8068544511325026,0.8173167954177522,0.47052592941679894,0.4868379811095607,5.9516133247720004e-05,0.3222634160438697,0.9,0.6,0.1,113,0.0655741285239399,0.0701545663100833
3,41,0.5167776733059519,0.7811175460239553,0.8116649814513317,0.8270919988386289,0.470495855584312,0.48683798106297527,5.9480533749469996e-05,0.32226957105565374,0.9,0.6,0.1,115,0.0655741538555606,0.0701545682115016
3,42,0.4874991049521222,0.7513264150702231,0.7849408724738614,0.7944730726733024,0.4500144489088765,0.48768609079017244,5.968361642118e-05,0.02848741362433822,0.9,0.6,0.1,117,0.0631311106345913,0.0669120766837831
3,43,0.48947478764042185,0.7572008722493587,0.8006608898651869,0.835978772413951,0.4446784605643494,0.49000536977055575,5.7977063600789996e-05,0.029352157682978938,0.9,0.6,0.1,124,0.0643667106197367,0.0695109430701158
3,44,0.4895251827442625,0.7571713747988534,0.8006219305365161,0.8431179218944397,0.44438093664131983,0.4901013132972756,5.808969106226e-05,0.029254885447650557,0.9,0.6,0.1,126,0.0647136273072112,0.0694112740101715
3,45,0.4907170858408466,0.7580346015807112,0.8045744374156357,0.8505078337586344,0.45336121302753307,0.4924085717494243,5.221288794729e-05,0.026424148812872236,0.9,0.6,0.1,128,0.0624145334816012,0.0674078824598234
3,46,0.490680595431525,0.7579739178213996,0.804510866369791,0.857588681581973,0.4459176135830845,0.49237162127198325,5.203710760423e-05,0.026475221586013346,0.9,0.6,0.1,130,0.0629404061558625,0.0675893414901672
3,47,0.49095883769620174,0.7574930787865125,0.8039407699836582,0.8610393917774216,0.452466692751405,0.4929798783608266,5.1492750030769996e-05,0.026209332199693604,0.9,0.6,0.1,131,0.0645439117781754,0.0668450566830032
3,48,0.4899240087132966,0.7563296778355024,0.8058919597780597,0.8729892227968836,0.4523604918841594,0.49237162134485873,5.2037107741419996e-05,0.026475221587629695,0.9,0.6,0.1,133,0.0613573703083604,0.065689912103012
3,49,0.4964152711028026,0.7727686010555898,0.8454052971342388,1.0585217584079958,0.4525901237938736,0.4844716160305074,7.593044402434e-05,0.16406874461134044,0.9,0.6,0.1,172,0.0642469994948996,0.0657565368232127
3,50,0.4940609884150966,0.7756904155539686,0.8583350512563264,1.1539785560639149,0.4509817283984868,0.48445392950836885,0.00019405709708156,0.1375036134344555,0.9,0.6,0.1,185,0.0619443689554329,0.0705817247317255
4,0,0.9629356213797863,0.990988721058474,0.9901855593194192,0.3741760028969935,0.0,0.0,0.0,0.0,0.9,0.6,0.1,1,0.9990949624210448,1.0589599315371836
4,1,1.3378894874719922,1.3736893771344065,1.3692665717962524,0.7609854237313409,0.4094407206075473,0.42986847632407815,1.338903515802e-05,0.008346923213448069,0.9,0.6,0.1,2,1.201954081280457,1.169100962955094
4,2,1.2193183322795909,1.3470712432165943,1.3425303611825266,0.7488011860104264,0.6346656100332181,0.4412614797281052,1.333660167583e-05,0.00874971324008088,0.9,0.6,0.1,3,0.957980259896314,0.9259707508716316
4,3,1.1651521476915088,1.3220792246534199,1.3128902556907822,0.7353493429170717,0.48239671765489317,0.4300311695953525,4.673368764272e-05,0.025327548997948913,0.9,0.6,0.1,4,0.9163802708609592,1.0856347567940356
4,4,1.1265813337611408,1.3078509752415082,1.297509520061809,0.7248178546812691,0.4679535490506306,0.4299568364338177,2.227825330186e-05,0.013163728466059389,0.9,0.6,0.1,5,0.8788243629643596,0.9545900212966916
4,5,0.8312609588600102,1.1770972007459726,1.1581351254452188,0.6453869203465583,1.2142565721273935,0.4294048262070907,5.3451216479459996e-05,0.033477108895957286,0.9,0.6,0.1,6,0.4946121539737949,0.5267917775322173
4,6,0.8163162926361334,1.1670597456439318,1.1440121154452665,0.643487545018191,0.44546910281626084,0.42980455206528806,7.40254941653e-05,0.03189420854325861,0.9,0.6,0.1,7,0.4970186666570683,0.5162864996362663
4,7,0.7691040460385797,1.1448105260950967,1.1210330294849369,0.6385399928804795,0.6890040846702662,0.45411582955177476,4.138055660078e-05,0.02855523035352207,0.9,0.6,0.1,8,0.3892018017075074,0.4326085019984124
4,8,0.7379979129068578,1.11659933572217,1.0921486082807932,0.6170477417676957,0.43746612437813254,0.42967748753228274,9.897606227116001e-05,0.041581269839157706,0.9,0.6,0.1,9,0.3578890284928031,0.3958689187899187
4,9,0.7187098040014803,1.1083005210014423,1.0841656586457837,0.6207026822174343,0.6213802002296883,0.45795985900618225,4.006260514483e-05,0.024834699183180514,0.9,0.6,0.1,10,0.370663207553446,0.378730049536237
4,10,0.6304065405857789,1.025924148610289,0.9987422265641837,0.5672233919245198,0.6224844345032349,0.44394805405142723,5.4705006563230007e-05,0.024831347292814426,0.9,0.6,0.1,12,0.2577508002984799,0.3112243910150087
4,11,0.5616598400332439,0.9472820687097494,0.9122058203542048,0.5145465989501196,0.6918790153092698,0.4147824392823122,7.044304451470001e-05,0.030645365185967027,0.9,0.6,0.1,13,0.2476974054039878,0.2455110624430192
4,12,0.5197995364659241,0.88351184436496,0.8424108410164328,0.48217119185556384,0.5884299779942148,0.41900522775249655,5.778726959945e-05,0.030966913950345093,0.9,0.6,0.1,15,0.1905304085177165,0.2255170747414902
4,13,0.541078055235464,0.9011168138661021,0.8622199732513927,0.5104671056182578,0.4467607522416937,0.4497420071867826,8.902887390799e-05,0.03877301387373245,0.9,0.6,0.1,17,0.1793196399378091,0.1892707618379744
4,14,0.5071315187373883,0.8596527095581387,0.8192637341753126,0.4751596546605775,0.48712035094252515,0.4229833362772464,6.66781655277e-05,0.03250544190099571,0.9,0.6,0.1,18,0.1647994944124364,0.1990431204373583
4,15,0.5010565211769417,0.8373919900113753,0.7940999428779513,0.4711793534390182,0.4946276633717767,0.43519387836750084,5.308201314025e-05,0.025797889002398235,0.9,0.6,0.1,20,0.1914956349378893,0.1414889606254638
4,16,0.46716948028186,0.7727290887757328,0.7246331516210791,0.4287633520769434,0.7155729177858094,0.4233773215122739,5.031865881726e-05,0.024510109249498993,0.9,0.6,0.1,21,0.1554054943118041,0.1328111601601604
4,17,0.46955209550042143,0.7667626762091242,0.7205642426278432,0.43365679209634045,0.4405335596847299,0.43267467804044046,5.155264367276e-05,0.024142461445694135,0.9,0.6,0.1,23,0.1436386226333146,0.1185891836645967
4,18,0.4692421239277164,0.7652639406765482,0.7188988574763637,0.4328453470758143,0.403738943115581,0.43309320457574724,5.1435967480790006e-05,0.024085797054280156,0.9,0.6,0.1,24,0.1440164279496263,0.1180318682009108
4,19,0.47126084600956597,0.7664384684875959,0.7230522318507412,0.44057119041259096,0.41814777477781756,0.43652107194378553,5.681410094584e-05,0.02660643846634353,0.9,0.6,0.1,25,0.1418185595068499,0.1140745927698399
4,20,0.4659125649361331,0.73022474491868,0.6858372831130999,0.43716613483306366,0.5061744126759745,0.4479571109081127,6.732750249803e-05,0.029686067566233997,0.9,0.6,0.1,28,0.1088466846182947,0.0888051582660136
4,21,0.4543830416107979,0.6901744266434805,0.6453927409140953,0.4207737884925093,0.5338449721275139,0.44776045919576885,7.370634486256e-05,0.03101754006052676,0.9,0.6,0.1,30,0.0924961961556368,0.0784963960422679
4,22,0.4486375478876046,0.6792465634573315,0.6338562288979649,0.41232650001383786,0.4420734978704665,0.4428140439688253,8.730890102232e-05,0.034462656143974195,0.9,0.6,0.1,31,0.0899577595854794,0.0727119687103938
4,23,0.45257185387861293,0.6831632720598081,0.6408980612706954,0.4319274394862754,0.4127364361680081,0.4482152849418067,7.211339754967e-05,0.0303557444724342,0.9,0.6,0.1,33,0.0903585298653581,0.0762483333286852
4,24,0.4554507687291885,0.6669521317716429,0.6224566634150379,0.44026036457855583,0.49231835104947835,0.4578524132478608,8.235253248825e-05,0.03167471667978053,0.9,0.6,0.1,35,0.0802501792532669,0.0665696596137987
4,25,0.4549052761019474,0.6680216860804112,0.6299780094567795,0.4583355350586325,0.41734143013595587,0.4576982551539929,8.155226067642e-05,0.03164097660945006,0.9,0.6,0.1,40,0.0797791946485046,0.0665052323535689
4,26,0.44205478526744735,0.6505987049706834,0.6182999201064463,0.4658872006681636,0.41441480591839763,0.446632097326264,6.509433965318e-05,0.02429564092901639,0.9,0.6,0.1,46,0.0770461874434946,0.0686034699086666
4,27,0.4488940085992278,0.6519642954694171,0.615908777218588,0.47964931198243604,0.42276277145715846,0.4552431726375971,5.583506814179e-05,0.026126081584397356,0.9,0.6,0.1,49,0.0764382638651223,0.063836821772805
4,28,0.44870613893169076,0.6528175074612828,0.6200156339505207,0.49065219357915657,0.41409173895379986,0.455079270715121,5.592720283523e-05,0.026958558770558434,0.9,0.6,0.1,51,0.077165155217064,0.0631728085713638
4,29,0.4385774850933937,0.6430742858735589,0.613451961900879,0.4853225461392628,0.4111764354427989,0.44441074047339696,6.647757466308999e-05,0.024619659440568886,0.9,0.6,0.1,52,0.076901938284965,0.0677636874757663
5,0,0.9407117653853548,0.984824616185992,0.9834720653000991,0.37159212429631855,0.0,0.0,0.0,0.0,0.9,0.6,0.1,1,1.0830534953977555,1.063283298777294
5,1,1.2290757380499184,1.335184866190433,1.3315289559998078,0.7353957415188641,0.45581129367260037,0.4174976399013355,7.251887426561239e-06,0.0045086408427574805,0.9,0.6,0.1,3,0.9590234662935496,0.9758503448351128
5,2,0.9333794411012003,1.237161671770186,1.2224788783346434,0.6852315909511829,1.1641122619236608,0.43010137537360665,0.00031182568889529,0.14618746210328726,0.9,0.6,0.1,4,0.5197570640187078,0.4441522290790153
5,3,0.8597952037735823,1.1953073670613286,1.1810668363252599,0.6722765261783947,0.44043985878532466,0.42967279768450417,6.297328875581e-05,0.0392482176304103,0.9,0.6,0.1,8,0.3802544880569072,0.5314950053471543
5,4,0.8264229491026075,1.1777975445761648,1.165157715415889,0.6659275134391974,0.4496181936481442,0.42976151255368283,6.661452507375e-05,0.03961107194552569,0.9,0.6,0.1,10,0.3543624141619326,0.4924060669265522
5,5,0.8152575486799587,1.1732914444827673,1.1632949974843227,0.6685257399501783,0.4154474678709215,0.43011669205146535,7.456338896652e-05,0.050599399621260664,0.9,0.6,0.1,12,0.359816524692753,0.4759211443648765
5,6,0.798545230955435,1.164167460517527,1.156529674102771,0.6751501226312171,0.4240984479438187,0.43011669205146535,7.456338896652e-05,0.050599399621260664,0.9,0.6,0.1,14,0.3435809285929482,0.4629456920583916
5,7,0.7735816594916861,1.1532574745617423,1.1358724490054926,0.6785807282666153,0.527870162253376,0.46218363105506,6.161816453934e-05,0.03483255403636203,0.9,0.6,0.1,16,0.3295378553404172,0.3947635667188487
5,8,0.5430401952198485,0.9340761688131463,0.9090201119585815,0.5284416670318964,0.6883604252145872,0.39200629197860365,6.126498963223e-05,0.04701604231387176,0.9,0.6,0.1,19,0.2117528516909928,0.2683753149725521
5,9,0.5274564473023176,0.9125985617961061,0.888600326994206,0.521450610607802,0.43484453933544953,0.3945629374076339,6.101229123718e-05,0.046421094284436644,0.9,0.6,0.1,21,0.1761204874777358,0.2378411177825874
5,10,0.5406655865064772,0.91840414456313,0.8982840919108036,0.554846089158329,0.4310335400529623,0.43252757430010513,6.385400813216e-05,0.03940653681817755,0.9,0.6,0.1,26,0.2006708070878794,0.1912371093071578
5,11,0.500194647512921,0.8713703816629906,0.8497690811391502,0.5139229268750577,0.4652288721347195,0.3987247341886212,6.966562104443e-05,0.03944896567525157,0.9,0.6,0.1,27,0.1719477340094592,0.1960246064121305
5,12,0.5503472693094738,0.9236584648551448,0.9084799672866902,0.5861162916675187,0.4186287920581217,0.4569703146075433,5.7147787247169994e-05,0.02932739353330856,0.9,0.6,0.1,30,0.2004549194875857,0.1769848868841041
5,13,0.541240518673348,0.8902618434664326,0.8704654357662819,0.5774649698584229,0.5928019100727188,0.477330992246275,5.3452635769489994e-05,0.03024759748041382,0.9,0.6,0.1,32,0.1720828194108671,0.1469919606195461
5,14,0.5011122821192826,0.8433994708011359,0.8194288126642072,0.5343127347044169,0.4559842519538765,0.43115465265097863,9.447487422352e-05,0.08942647707664647,0.9,0.6,0.1,33,0.1403874278798016,0.1704782716950833
5,15,0.4981898825239126,0.8397936257473443,0.8187683777049997,0.5306933493706814,0.40841732538747544,0.4307021126264797,8.779498957851e-05,0.08289082595905631,0.9,0.6,0.1,35,0.1293671872890004,0.1635991983289527
5,16,0.4924504071530014,0.8319317870116566,0.8136255306742357,0.5364587891014698,0.41340851995353145,0.427008210396737,9.556597646582e-05,0.08828402013456883,0.9,0.6,0.1,37,0.1342631924209299,0.1641893302323199
5,17,0.4849211569895808,0.8173804845355114,0.7979656686923863,0.5293206657004376,0.42940114939348084,0.4271884863880346,0.00011295390014049,0.06541948349651873,0.9,0.6,0.1,39,0.1228110697207228,0.1483957251570512
5,18,0.4835078190294821,0.8125322900793093,0.7956664431330152,0.5397629742500756,0.41936412786854604,0.4296455680118441,0.00011150849399030999,0.06471976876025554,0.9,0.6,0.1,41,0.1140516801151447,0.1396708498321409
5,19,0.48458739525344546,0.8130395082599364,0.7991669670155188,0.5400537103885515,0.4064953418740627,0.43283016366185584,0.00011219105151654999,0.061161367519449616,0.9,0.6,0.1,43,0.1213675900287035,0.1407891344555606
5,20,0.45947237355659826,0.7802888888416952,0.7621836529299159,0.5470885160675596,0.38586313028576813,0.41268842115898813,6.322277495373e-05,0.03424293158059057,0.9,0.6,0.1,49,0.1216347956477782,0.1328515695568949
5,21,0.4551466024274583,0.770204236345383,0.7543720293996303,0.5482477845087728,0.40967462804218135,0.4126884211589882,6.322277495373e-05,0.03424293158059057,0.9,0.6,0.1,51,0.1200737812430509,0.1294664869734164
5,22,0.46568593498132377,0.768107738035821,0.7567087379034458,0.5607199730044747,0.46984009716694475,0.4329696336398968,7.933270170826e-05,0.04500764726755892,0.9,0.6,0.1,53,0.1104039365540064,0.1210312104495728
5,23,0.4665111805346618,0.7662933694085574,0.7576362633703377,0.5622557573300921,0.4171190260422859,0.43598785901116915,8.34325961572e-05,0.047916536857505035,0.9,0.6,0.1,55,0.1064921825423677,0.1156340512395556
5,24,0.46491440938927875,0.7624366241281679,0.7565917150343743,0.5675138989081183,0.41393273130700936,0.43612105225996667,8.537547953470001e-05,0.04849385562384092,0.9,0.6,0.1,57,0.1072489787003531,0.1124430280333485
5,25,0.47587059645847046,0.7752012745195316,0.7789210468274219,0.6128734694278406,0.4143891910718251,0.44969376834802893,8.187907386202e-05,0.04850589087497375,0.9,0.6,0.1,62,0.0998042166282488,0.1111819003133621
5,26,0.46446707306599233,0.7595811318320344,0.7627487328271735,0.6059124914754264,0.41928174959062053,0.43911139735571014,8.392536139529999e-05,0.04948515311515785,0.9,0.6,0.1,64,0.0935579052546941,0.1053849424230811
5,27,0.46264032467081845,0.7579076231666163,0.7642057006801262,0.6194197216436835,0.40503853940597195,0.43780923023864216,8.370067647441e-05,0.04911588419156255,0.9,0.6,0.1,66,0.096095621889235,0.1034594920553927
5,28,0.4608852494328391,0.7397565358248398,0.7408484911930693,0.6138007144347786,0.4474577890750321,0.4422298865989247,8.719847375414e-05,0.05603024948500284,0.9,0.6,0.1,69,0.0931977303676058,0.0961468242382429
5,29,0.45914470390867107,0.7376331009012227,0.7417949332949698,0.617532167980736,0.41082345520103875,0.44119312077105466,8.744036013680001e-05,0.055570115725348736,0.9,0.6,0.1,71,0.0916405275627826,0.0958678653774589
5,30,0.45364057607786556,0.7310602896432685,0.735088743810697,0.6293857843853619,0.3999109064810023,0.4377319036095774,5.818324788848e-05,0.036133705684016276,0.9,0.6,0.1,75,0.0931869455485111,0.0925765787621402
5,31,0.45385476205278724,0.732353829820766,0.7396354704863094,0.6386193225215488,0.3997952363640406,0.4382871924003251,5.835043019852e-05,0.03494821368814356,0.9,0.6,0.1,77,0.092900383408024,0.0930669353625039
5,32,0.451155609330331,0.7304970051586801,0.7410023762258102,0.6521702200544445,0.39837501659022717,0.4355462013885282,5.8083465924409995e-05,0.03523296018267635,0.9,0.6,0.1,79,0.0921153224570749,0.0921585047315986
5,33,0.4526709288379561,0.7341685934745997,0.7511802985900974,0.688955251374353,0.3983009291581532,0.43749585978069433,6.173744509628e-05,0.036138612664096674,0.9,0.6,0.1,87,0.0925887326262772,0.0930139645421531
5,34,0.44690159231341303,0.7287171612507899,0.7488878274225581,0.6893491092786194,0.3971554646223652,0.4316352821925303,6.145389581947e-05,0.035821169419251155,0.9,0.6,0.1,89,0.0925264608896832,0.0936514098552694
5,35,0.4539487196190218,0.7327087420811493,0.746261309378746,0.7054242168969657,0.39940638075981355,0.44049379245196746,4.492996779739e-05,0.02688911541414313,0.9,0.6,0.1,91,0.0912348212886049,0.0936879659288716
5,36,0.4518450415211375,0.7328441125930312,0.7560340232644187,0.7133742178102147,0.4075748296909242,0.43868126605919555,4.8759047420819996e-05,0.03087693370997021,0.9,0.6,0.1,93,0.0913984271482407,0.0935603710874675
5,37,0.4491795071516839,0.7319572454229694,0.7616079329373877,0.7235873249990978,0.39832561266045824,0.43628340165362467,4.8859389125570004e-05,0.030460408417597416,0.9,0.6,0.1,97,0.0914377147483254,0.0940291914082774
5,38,0.449197430244763,0.7316365860269183,0.7612456220444438,0.756690150819091,0.3968364112205468,0.43690299261703924,4.234334900088e-05,0.026389230703054094,0.9,0.6,0.1,100,0.0913831756183589,0.0945759818356228
5,39,0.44826983247026764,0.7301162090859395,0.759652401648761,0.7672321905428794,0.39643301293021643,0.4358501424365974,4.327437188041e-05,0.028828928033017436,0.9,0.6,0.1,104,0.0913713087296129,0.0946525353329099
5,40,0.44900476373085046,0.7321873430052105,0.7650090314314995,0.767886839784131,0.39666006837949114,0.4368402964123778,4.444562336996e-05,0.02787415645746226,0.9,0.6,0.1,106,0.0912806301612513,0.0945487346471318
5,41,0.4476425763706378,0.7277484196885726,0.7539494555028846,0.7022223356006432,0.3947723270250182,0.43573482963734916,3.8203872023370004e-05,0.024537497859327646,0.9,0.6,0.1,111,0.0920327696125136,0.0953694981214468
5,42,0.45841083722675585,0.7569187491255879,0.8259580917699364,1.019392579698021,0.40602680483138326,0.4487508397739091,3.746190443504e-05,0.019151161543581884,0.9,0.6,0.1,154,0.0934724772534113,0.090357589328276
5,43,0.45819079612353175,0.7566369641918049,0.8256687428279368,1.0303211394598437,0.40587792080740004,0.44872137075966706,3.41375647842e-05,0.017467197600333738,0.9,0.6,0.1,156,0.0935035720086612,0.0894750212971066
5,44,0.45448700330274966,0.7542738643012284,0.8265917202515941,1.041198461054764,0.40264582041116237,0.4440928362063347,3.468580010404e-05,0.022678214543422212,0.9,0.6,0.1,158,0.0927434377048183,0.0884882674775575
5,45,0.45215716150044855,0.7545548819460419,0.8365586782393384,1.0642754158088932,0.4029966945203863,0.44250040876184477,3.38744361012e-05,0.02071831132778221,0.9,0.6,0.1,164,0.0946535887192453,0.0875945346497083
6,0,0.9287843492826371,0.9814574163804997,0.9798047502222643,0.3681491036686368,0.0,0.0,0.0,0.0,0.9,0.6,0.1,1,1.1308005547727409,1.0611955391313597
6,1,1.1743290208325272,1.2827505553000809,1.2790023223854863,0.6833422876224987,0.3972307598738103,0.3603930962263588,7.108088242445401e-06,0.004465721116903491,0.9,0.6,0.1,3,0.9744132840821812,0.976066119321542
6,2,0.9114690420286914,1.2266253295678513,1.2109340010455996,0.6788561467103844,1.2282236121785737,0.42998741036833077,0.00033259791268275003,0.15487837411611022,0.9,0.6,0.1,4,0.6176692593019328,0.4421831543280665
6,3,0.823477029940548,1.1727221278508069,1.1533237949901183,0.6445071019833972,0.5184888603091593,0.4298434560426069,5.785104184398e-05,0.034702153453865216,0.9,0.6,0.1,6,0.5327738065038727,0.5239945965372743
6,4,0.7506452593646098,1.1270228073184447,1.1067479786657808,0.6204223464372455,0.534789141891236,0.4283723115549951,8.098330635319e-05,0.04502176344914302,0.9,0.6,0.1,8,0.4398487873930588,0.426577127626814
6,5,0.7325807669176274,1.1113089788154833,1.086829284288843,0.6118796571277979,0.4478407273788905,0.42277500216002645,0.00010167599067165999,0.05403328711902456,0.9,0.6,0.1,9,0.3639471306212865,0.3986580545098654
6,6,0.7143951880162142,1.0988297768097768,1.0727480304639316,0.6079773195368137,0.502158271858008,0.42898790771781203,9.972565515781e-05,0.05308029116879259,0.9,0.6,0.1,10,0.3510239270006267,0.3743593274562065
6,7,0.7044294828493021,1.0910720013426987,1.0642153638291403,0.6053854645203665,0.4459444935383271,0.4300917119664362,9.84734042109e-05,0.05251465572859918,0.9,0.6,0.1,11,0.3478112275120791,0.3630265351441569
6,8,0.6932867353239731,1.0834034852358425,1.0590410061197633,0.602995201062147,0.4485716417055052,0.43003040453613334,9.780393836246999e-05,0.05242000272736382,0.9,0.6,0.1,12,0.3466278162061866,0.3480761639204771
6,9,0.6891581940194667,1.079817463257121,1.055187466699928,0.6025920994984264,0.4101474291103952,0.4294522011760174,9.655157901474e-05,0.051788445443021046,0.9,0.6,0.1,13,0.3516167129062854,0.3435285760479696
6,10,0.7079393706241217,1.1026510556980358,1.079754589976149,0.6353538545765598,0.539629255434126,0.46797087865252746,0.00017606619735599998,0.09435686105753316,0.9,0.6,0.1,14,0.2892614315612568,0.3047221966796335
6,11,0.699558451304455,1.0974829224859026,1.0810506762420578,0.639896630563034,0.4276651307954054,0.46245612546177867,0.00014728866570285,0.07896506072542722,0.9,0.6,0.1,17,0.3159161222925716,0.316205613309107
6,12,0.6908975718854297,1.087513133399223,1.067489959589781,0.6358559495977995,0.4284981494632845,0.458726881467846,0.00010608899304668,0.060092574260030965,0.9,0.6,0.1,19,0.315589563599896,0.3229176339197633
6,13,0.6529105947639223,1.0509184581617708,1.0303335878094646,0.6080859679932659,0.4328832679215423,0.428319772602559,5.389592499157999e-05,0.031140803130024937,0.9,0.6,0.1,20,0.3145840108798837,0.3386107564386904
6,14,0.6536235200364466,1.050901907286112,1.0299838756294917,0.6142546773609139,0.3982321787384045,0.4294777887409887,9.013119739714e-05,0.05771776171424547,0.9,0.6,0.1,23,0.2608166316769524,0.2671891889934343
6,15,0.6505264936089574,1.0473805050194633,1.023629482457195,0.6248503433591185,0.6164388379667638,0.4595942838277467,0.00011161497887753,0.06917604556991686,0.9,0.6,0.1,24,0.2175707120742446,0.2522015182630718
6,16,0.6468338706018355,1.0450118008766645,1.0242128294200543,0.631789357188332,0.4333728165956231,0.46015128831565555,0.00011444862361425,0.06512416358189499,0.9,0.6,0.1,26,0.2269559655519805,0.2489811978499752
6,17,0.6541938712312856,1.0537359044365768,1.0382996582534052,0.6614075407914266,0.48314455407856005,0.4813247374785524,0.00012268041693286,0.07182215363348976,0.9,0.6,0.1,28,0.231374836259321,0.2574626194570713
6,18,0.6251255047781101,1.0232593980937814,1.0069628167428206,0.634476827120403,0.47906856030288375,0.4596952455717065,9.945664103588e-05,0.05838314673791428,0.9,0.6,0.1,29,0.2350368545637075,0.2478818732813213
6,19,0.6228819943977155,1.020464024731675,1.003870950774461,0.6355901842584086,0.44065205634150656,0.4601101983356693,0.00010278401631079,0.05994275317899051,0.9,0.6,0.1,30,0.231778161319065,0.2326912971344095
6,20,0.609444267809637,1.0070344769906296,0.9955865143115276,0.6540461182570703,0.4295506175621358,0.45885354847234705,0.00012574253084835998,0.07130153263246496,0.9,0.6,0.1,41,0.2016444348249284,0.2445493206203733
6,21,0.6309391853685411,1.0281769550395623,1.0166461944554637,0.6866795977245558,0.44376585841006666,0.48155760362748284,0.00014359091666982,0.0875692269948963,0.9,0.6,0.1,44,0.1888931695987875,0.2453020806308782
6,22,0.6042356002047762,0.9996358514974972,0.9874255834878205,0.6609335387478272,0.4678618503550488,0.46026337123826916,0.00011935502192817,0.07019477162070555,0.9,0.6,0.1,45,0.1956475521483432,0.2363305437811463
6,23,0.6157814882749342,1.0109368281865558,1.001429429518632,0.6979613509494358,0.4793177159433119,0.46785905294686625,0.00017908681831992,0.16710622863259775,0.9,0.6,0.1,46,0.1660688745758696,0.1932387043675814
6,24,0.6138106085647453,1.0083983872635989,0.9987005150830305,0.6990958596586462,0.4440774165451612,0.46760688872720046,0.00018039103343883,0.1653542016569663,0.9,0.6,0.1,48,0.164754689173123,0.1946117383544349
6,25,0.610171155187713,1.0039388596672214,0.9939717403192451,0.693160644667047,0.454700822370349,0.4683991343361972,0.00017090283306644998,0.14389347243244072,0.9,0.6,0.1,49,0.1599397798534381,0.1801827254427137
6,26,0.6071970615325545,1.0012847797203963,0.9942496556882003,0.7014681806592137,0.4619530734773487,0.46797400825934027,0.00017459693276042002,0.1480711424606981,0.9,0.6,0.1,50,0.1537867091486671,0.1765750164390943
6,27,0.6062248381805945,1.0000201665377604,0.9928910176091085,0.6951523308774622,0.44249002607262394,0.4678936902657517,0.00017385084764536001,0.14669854786683315,0.9,0.6,0.1,51,0.1532868956128076,0.17618758482757
6,28,0.6037865898949659,0.9990027907456909,0.9951618663547799,0.703557445617666,0.4338069110447444,0.46816542497364994,0.00014428855402586,0.12120353485244799,0.9,0.6,0.1,55,0.1561806911248475,0.181612247952002
6,29,0.5934740450466526,0.9852869845832939,0.9804483132633295,0.7291346933977866,0.5002026677013555,0.4660124110101362,0.00013245104328366,0.11543660802994311,0.9,0.6,0.1,56,0.1933275495393846,0.1730199524137979
6,30,0.5890891268762635,0.9781767457762658,0.9725760248609581,0.710465638402604,0.48613225388928805,0.46755645785332295,0.00012983616694601,0.11595264383933755,0.9,0.6,0.1,57,0.1541261290158002,0.15478180746528
6,31,0.5890171134112225,0.9776202172001314,0.9719221778342204,0.7341636933183616,0.43870553768050574,0.4684079650436899,0.00014024875812026,0.113580074396727,0.9,0.6,0.1,58,0.1886960657952936,0.1661756362156203
6,32,0.5801163017853901,0.9652251442205774,0.9615958407953774,0.7404025677237693,0.4543955476725919,0.4682699194929992,0.00012573102614516998,0.11472763918311399,0.9,0.6,0.1,62,0.1662334899516256,0.1392308443844473
6,33,0.5765825282637494,0.9645518193255065,0.9704637554362351,0.7733581396938698,0.43716066249226115,0.4675145219950908,0.00013828965350814998,0.11184578765642147,0.9,0.6,0.1,67,0.1672892495327569,0.1726609828915295
6,34,0.5744268832131478,0.9635425915465878,0.9726789301687404,0.7895755114937271,0.4315536378883568,0.4674907005467909,0.00011774123032654001,0.09619933706738405,0.9,0.6,0.1,72,0.169752385201986,0.1673108705336589
6,35,0.574189928149185,0.9651207987362893,0.9805959084866147,0.8739035668592927,0.4329693501487568,0.4716772045287602,0.00012027038869009,0.07484573441404051,0.9,0.6,0.1,93,0.1791206826279107,0.1387463235476544
6,36,0.5700484120088862,0.957590350566061,0.9723231894390998,0.8694252206377163,0.48399335268266097,0.47227273150825605,0.00011569194415474999,0.07748765569582856,0.9,0.6,0.1,94,0.1755138100291598,0.1307551040823139
6,37,0.5681412042656597,0.9545486654990675,0.9690389847091813,0.8673835595112811,0.44930648739174484,0.4718107098649946,0.00011655628554843,0.07843334052493853,0.9,0.6,0.1,95,0.1710313368070584,0.1283090359757667
6,38,0.567458805911505,0.9548904650995498,0.9725857836671149,0.8865247971686882,0.43598603134790137,0.47177798192883896,0.00011597891457672,0.07843406583716092,0.9,0.6,0.1,97,0.1671521588324661,0.1287840532825959
6,39,0.5651521396482517,0.9613257333089172,1.0017937880349856,1.1065063327257398,0.43317417658137347,0.47308683418502817,7.966917722066e-05,0.06731949519824006,0.9,0.6,0.1,138,0.1520513836509565,0.1290763952795795
6,40,0.564455673444961,0.9619462641210051,1.0056821441036732,1.1014947479644184,0.43296919878043044,0.4725677109068206,8.120770213593999e-05,0.06741986932260303,0.9,0.6,0.1,141,0.1554032312633706,0.1292630712870872
6,41,0.5662615488478397,0.9680616069354031,1.0216753954434759,1.2323241173419857,0.4342680654355137,0.4760779136551323,7.462505528751e-05,0.05637580462237017,0.9,0.6,0.1,164,0.1547334696401391,0.1333354192297026
6,42,0.5656439640434006,0.9670932874591458,1.0206349968973976,1.2387825891083364,0.4364847225158514,0.47599452757137606,7.186263973096e-05,0.05554798270410579,0.9,0.6,0.1,166,0.1582596688115836,0.135165289307497
6,43,0.565477236522722,0.9682347101662363,1.0250428608998559,1.2314571556630678,0.4367748966644576,0.47601866770082407,7.382642430887e-05,0.0561288764654897,0.9,0.6,0.1,167,0.1538974749871487,0.1349801576433603
6,44,0.5654493472373463,0.9681868365852491,1.0249908543871527,1.2349908761163522,0.4343549644564081,0.4760172861804475,7.378637409434e-05,0.0561218223160126,0.9,0.6,0.1,168,0.1539321521178293,0.1352898910076442
6,45,0.5648000257679571,0.9668418642782043,1.0235041078364127,1.2306662655620018,0.4441213998616647,0.4762545554469158,7.364668810416999e-05,0.05644955135153697,0.9,0.6,0.1,169,0.1528910959812742,0.1387702855591981
6,46,0.5632897025671558,0.9666580649424399,1.0265907830020495,1.2633442228201146,0.43363219422129157,0.4754291761186951,6.644108874123e-05,0.05101785010093139,0.9,0.6,0.1,173,0.1561624353477429,0.1393663545248112
6,47,0.5641558168528704,0.9734387468629828,1.046576969338013,1.31947603251959,0.43409128852044626,0.4760434478135055,7.152729152177999e-05,0.055149434543152194,0.9,0.6,0.1,185,0.1539770079059406,0.1353776485872398
6,48,0.5632277196775102,0.969486422707861,1.036008307943379,1.3403145851341423,0.43314882233523494,0.4755303293406143,6.723159793948e-05,0.050848818303381095,0.9,0.6,0.1,193,0.1570888392319146,0.1375529641913777
6,49,0.5637752503894731,0.9714355241586572,1.0412432066513206,1.349284967947762,0.43445458334153275,0.47621868930363,6.71539230774e-05,0.05136625805692723,0.9,0.6,0.1,195,0.1556228206151714,0.1359699759244983
6,50,0.5626981559060944,0.9778577560311583,1.0671984481280936,1.4052217160227995,0.45528863297474165,0.47594246473041013,7.815344581312e-05,0.06171326479132948,0.9,0.6,0.1,196,0.1543067127201513,0.1232252281836566
7,0,1.0,0.9994667552084163,0.996247390932351,0.38574002217678494,0.0,0.0,0.0,0.0,0.9,0.6,0.1,1,0.8440036815950732,1.0612590918865954
7,1,1.23875782887433,1.3324936527519393,1.329323202863012,0.7285700861628428,0.4806168181876636,0.4082036584740356,1.162352495873e-05,0.006749028253246428,0.9,0.6,0.1,3,0.7513722056396336,0.9223982010617702
7,2,0.9374386012690705,1.2370724338350823,1.2227378829392326,0.6837079627722669,1.169608200779421,0.42557579477693575,0.00029647502382883,0.1470457273493658,0.9,0.6,0.1,4,0.4951314226648805,0.4491935655788708
7,3,0.8732543577069275,1.1999411129749185,1.1831325646211106,0.6583113345190682,0.4740568452482214,0.4285127293079973,4.9925191805160005e-05,0.028351205583610838,0.9,0.6,0.1,6,0.4549228668391893,0.5699596833215717
7,4,0.7658404342980165,1.137963236108782,1.1185675996318847,0.6247588902522602,0.5951448555820961,0.4300147479567367,7.815614113854e-05,0.0410185761999377,0.9,0.6,0.1,8,0.3722815511788879,0.4249028884729962
7,5,0.7297803559607491,1.1124809197178864,1.090663302845757,0.6153176965246978,0.5595602862220066,0.4297944514668551,0.00012325200379429001,0.05964462361764864,0.9,0.6,0.1,9,0.3387553867332161,0.3331252903180812
7,6,0.7454985191304592,1.1364508276369887,1.1156746690162154,0.6535754687441554,0.5189729055649718,0.4762798735834068,0.00024643995047640997,0.11925824845047334,0.9,0.6,0.1,11,0.3591184523827666,0.3049390664108134
7,7,0.7355004791993774,1.129504395873944,1.1113013914340752,0.653850376420892,0.4658073410136702,0.476508666216096,0.00023161873236672,0.11500030967306374,0.9,0.6,0.1,13,0.3476551039986972,0.3068975406020088
7,8,0.7018535196775895,1.1007167946432992,1.0879662377642063,0.6514001316106519,0.43314968986088853,0.4555203790567814,0.00016725083767055,0.11640929959777828,0.9,0.6,0.1,20,0.284112659341502,0.2903787624826848
7,9,0.6938810086585113,1.0989937889282118,1.0946905683668722,0.7005847161869556,0.4435109710689346,0.4665012724486821,0.00016780296691215,0.12019989336008317,0.9,0.6,0.1,29,0.257311459714135,0.2470089050618299
7,10,0.6846561435294348,1.091160465884979,1.0893950181381107,0.7039558492243027,0.45663177571299574,0.46576118530416005,0.00015921198097512001,0.11972449677052117,0.9,0.6,0.1,31,0.2593838707699569,0.2558480877252682
7,11,0.6773980878209862,1.0824416305277702,1.0769813734848956,0.7096997927014719,0.43737282054391774,0.46678516454714497,0.0001132117232217,0.08226606602135035,0.9,0.6,0.1,34,0.2580059760121202,0.2493797309705583
7,12,0.6747557703783488,1.0812902331488423,1.0789307002287418,0.7215175952502391,0.4327642880437655,0.46650221802290426,0.00011836249620727,0.08125128376325974,0.9,0.6,0.1,37,0.2445961821181721,0.2532327624831912
7,13,0.6778562191793059,1.0858881950591657,1.0868338657821337,0.7171775816076867,0.43116113310414145,0.46565768989796585,0.00015724339256574998,0.11964254203978139,0.9,0.6,0.1,39,0.2512373832457947,0.2526239462355867
7,14,0.6794021947298706,1.0889327656828527,1.093180676235923,0.7239093113279025,0.4329537234125026,0.46584319669622315,0.00019832240710493002,0.13354343025983756,0.9,0.6,0.1,40,0.2522020803049617,0.253215064885407
7,15,0.6729799631558506,1.0809790358278508,1.0816911468269927,0.7350988622609476,0.4447902033097679,0.4671642934126012,0.00011341786089341,0.08345930411204355,0.9,0.6,0.1,41,0.252133949386805,0.2407081170628814
7,16,0.6958098686304953,1.1063406631008565,1.1125958565915788,0.7777397351300868,0.4779722297166364,0.5024863669813995,0.00016914000655544,0.10867177907790948,0.9,0.6,0.1,46,0.305257407817556,0.3256620222776796
7,17,0.6547706156932258,1.0691490931599483,1.0844247623319647,0.7961079372374777,0.43785291185076,0.4669834335935943,0.00012757144741688998,0.11208851562245667,0.9,0.6,0.1,56,0.221763373571352,0.2524546903934679
7,18,0.6373317139378131,1.0481926349894837,1.05876814829454,0.7855044578444802,0.5232499575456527,0.46534985653937955,0.00013803040103522999,0.08862869839857121,0.9,0.6,0.1,57,0.2359893202998242,0.2571347324428605
7,19,0.6286749734433561,1.0382811890261772,1.0507246236797798,0.7862711968711446,0.4821638729589112,0.4671493674229356,0.00013668763409514,0.11962824707034067,0.9,0.6,0.1,59,0.2141814173748632,0.2112845820497652
7,20,0.6289102097634338,1.0324743120271946,1.0316745044745763,0.7249240701801155,0.43438121051679945,0.4675424502396591,0.0001375267193403,0.12036260974831922,0.9,0.6,0.1,60,0.2141384713897758,0.2109046816161538
7,21,0.6311126235649791,1.0407303028825428,1.055835401965773,0.7809830510526173,0.44603037695292497,0.47523069052012845,0.00014211712547575,0.12859363825033013,0.9,0.6,0.1,68,0.1984418392003768,0.2307302818558712
7,22,0.6304218750270116,1.0414687949993475,1.0598508240045825,0.7892348746782041,0.4407067198781377,0.47512437817239667,0.00014231165964217002,0.12515392114632762,0.9,0.6,0.1,72,0.1975128048684098,0.2295920842689716
7,23,0.6314546777752877,1.043521741420669,1.064949034604257,0.8375247072220786,0.4630115242118889,0.47921470489831597,0.00017114876725449,0.1229001305362871,0.9,0.6,0.1,73,0.2373972314670674,0.2717080127632055
7,24,0.6226650916708912,1.0340735959168799,1.0553100546497443,0.7911373949246655,0.44823156005055853,0.470290319289444,0.00014423293039837,0.13031336680173597,0.9,0.6,0.1,74,0.1967139171648289,0.221500026547661
7,25,0.5583208977778232,0.9184159557115176,0.9310262560115612,0.7697868321692483,1.277939326669621,0.4904005154002168,0.00014840422189215998,0.11641002927505034,0.9,0.6,0.1,75,0.1456954354839801,0.1423692335306736
7,26,0.5645434215888235,0.9225736594806724,0.9348412764782393,0.7951969517386981,0.4650298679201717,0.5000131517094153,0.00016130644655683,0.10984370878929176,0.9,0.6,0.1,81,0.149064638363533,0.1467995444732423
7,27,0.5585562240852004,0.9181444071649486,0.9367855792110585,0.8106934011879768,0.4604384481778984,0.4923629073027116,0.00016099210755312,0.13106277148553103,0.9,0.6,0.1,85,0.1428439659850807,0.133812338078422
7,28,0.5626783452696235,0.9237260651158643,0.945666654673466,0.8283419272722197,0.46055734970253714,0.499362478389682,0.00016000232827381,0.109580094462075,0.9,0.6,0.1,90,0.1454378208479284,0.1431020615424941
7,29,0.5566469861925168,0.9229591368332285,0.9580017587398623,0.9017739544049064,0.45549968387254264,0.49937043788781255,8.292295469958e-05,0.05579367735860597,0.9,0.6,0.1,109,0.1479817485427113,0.1451934856378824
7,30,0.5559385355190971,0.9199177252088687,0.9515190399682483,0.9039867155190324,0.4644303831923737,0.49934195451790536,8.352258863237e-05,0.05586049625903424,0.9,0.6,0.1,110,0.1504109349124352,0.1456536976521282
7,31,0.5554198497284604,0.9241525939747316,0.9687751466620832,0.9580182591270799,0.45726356572991034,0.49987415536499763,8.134262356646e-05,0.0559909689853526,0.9,0.6,0.1,118,0.1441874413968376,0.1438715832554059
7,32,0.5552379645375044,0.9238114843043335,0.9684083346196983,0.9612555728465778,0.4572607847669407,0.4998245645540603,8.124698378697e-05,0.05591117039714582,0.9,0.6,0.1,119,0.1440222742859401,0.1433304164693807
7,33,0.554058850585241,0.9212079465800864,0.9655759284370861,0.9595967464044503,0.4633586936665356,0.49976517331109005,8.105894818514e-05,0.05608980021046196,0.9,0.6,0.1,121,0.1476736316719138,0.1458541937616218
7,34,0.5520814353542538,0.9236063027439685,0.9778713987202237,1.0632870838402102,0.4536290292673602,0.4997710159208703,5.3881713148059995e-05,0.03738429197865158,0.9,0.6,0.1,142,0.1457243176921856,0.1455939207353194
7,35,0.5520699433075705,0.9250453416597558,0.9826081659850463,1.0238803083456383,0.4541314776676984,0.49977007145342267,5.39609903874e-05,0.03766072961616887,0.9,0.6,0.1,143,0.1457994368316721,0.145819597593954
7,36,0.5538970882971105,0.940146542917208,1.02742406872237,1.2186718262471097,0.45567250313244884,0.49977510764321476,6.0613005083869995e-05,0.05756677080955054,0.9,0.6,0.1,172,0.1429739300317593,0.1413801293237468
8,0,0.9848139176747754,0.9969223844092543,0.996648150252913,0.3792418376619306,0.0,0.0,0.0,0.0,0.9,0.6,0.1,1,0.9083356092290732,1.0657848208140923
8,1,1.219984495220928,1.3233431811569838,1.31979644149052,0.7209728623731864,0.4762391788072527,0.4025221747634775,1.1775005813300001e-05,0.008595400031265046,0.9,0.6,0.1,3,0.8071543417291923,0.922427474526655
8,2,0.9158273000262388,1.227408605345846,1.2120434441764036,0.678293335022814,1.2167254119885453,0.42949900812257186,0.00029807820725456,0.1307172135126844,0.9,0.6,0.1,4,0.5886293493970881,0.4486941353718879
8,3,0.863329380389891,1.2007283858890567,1.1862420854850197,0.6654101267732399,0.4827212720247145,0.4301202024886096,0.00028922637860062,0.11564901018127054,0.9,0.6,0.1,6,0.5362047130023682,0.4168334696133515
8,4,0.8624909739604858,1.200077583829712,1.1855707402405076,0.6677018747107676,0.39985897931966163,0.4299299638252408,0.00028479699974055,0.11318412904832043,0.9,0.6,0.1,7,0.5356145636306079,0.4189866743421599
8,5,0.8605400182572253,1.2007161858308553,1.18939221938448,0.6693180687670158,0.40741311872460384,0.4299161326097995,0.00030438321055806,0.11834119968967957,0.9,0.6,0.1,8,0.5309461610349908,0.4085577505283069
8,6,0.7904331541168204,1.1777344049317753,1.1544922094862282,0.6885300962440214,0.771749548810643,0.5232086871438145,5.9308280351150005e-05,0.03166528616625019,0.9,0.6,0.1,10,0.3395687740108687,0.4235590228104645
8,7,0.7582326203889719,1.1509291455524664,1.1333515072867362,0.675050415890463,0.4712597306740853,0.49986690983599014,0.00012740277014763,0.049484543509334726,0.9,0.6,0.1,14,0.3559941070233593,0.3508354432742656
8,8,0.7578206018798703,1.1529104317145982,1.1382219129591624,0.6832501237486915,0.47444784919681976,0.5048527506619278,0.00014087673926495,0.05606743917354073,0.9,0.6,0.1,16,0.3653840721964425,0.3326840080337544
8,9,0.6974041189746478,1.0963547459313319,1.0782537873103968,0.6591200784894893,0.7097621643085616,0.5240119828180709,0.00015484251227381,0.05673030188351135,0.9,0.6,0.1,18,0.2806655476117982,0.2943954870408505
8,10,0.6840137793523946,1.082397017763585,1.0638558144999128,0.6494797242369603,0.49879628215372823,0.5142038307191883,0.00015257958963736,0.054833949569481066,0.9,0.6,0.1,19,0.2884168100958965,0.2788293800821886
8,11,0.6865675084476585,1.086444983505667,1.0712037917209152,0.6559258893541704,0.4713634058828009,0.5170156055249284,0.00015332525310506,0.05562274887895479,0.9,0.6,0.1,20,0.2863987591511817,0.2793767516707233
8,12,0.6865675098796211,1.0879438152851635,1.0760080892603845,0.6624658070023219,0.47096842106496273,0.5170156067972638,0.00015332525837209,0.055622750738892085,0.9,0.6,0.1,22,0.2863987606169763,0.2793767518520725
8,13,0.6871720919371084,1.0900518775434829,1.0814120632899213,0.6683721594448538,0.47188200859755103,0.5178254122945387,0.00015126375996343,0.055514094252066715,0.9,0.6,0.1,26,0.28491396941477,0.2910381306899673
8,14,0.6680942311074322,1.0660865699862565,1.054900032868455,0.6713821580571033,0.6517717532584356,0.5235509166276173,0.00013331279512268998,0.05016883351791321,0.9,0.6,0.1,27,0.2388651617726067,0.2582869889816914
8,15,0.6406295392556998,1.0281930779710984,1.0134971871598104,0.6479828263076054,0.7208918578513726,0.5212249933910778,0.00017216710735215,0.08567188714914403,0.9,0.6,0.1,28,0.1999059883602404,0.2221277458082294
8,16,0.6046963230841813,0.9727547191010335,0.9564925904003552,0.6270512264159842,0.6436036525479617,0.5190643167752568,0.00017088349475524002,0.08233998823921497,0.9,0.6,0.1,30,0.1597216678782417,0.200225720980384
8,17,0.6034175725008206,0.9722991391402312,0.9592073262315564,0.6330101921850936,0.47972237888943814,0.5186035851547333,0.00017061125723023,0.08210576380009581,0.9,0.6,0.1,32,0.1596108372139223,0.2012065892526298
8,18,0.5703166535339705,0.9134595879173159,0.8988087141693282,0.6031727860024249,0.5365485566342788,0.5117091345697594,0.00018245374754704,0.0864828006930116,0.9,0.6,0.1,37,0.1388932545548417,0.1493783349057639
8,19,0.5703166514619319,0.914958414259741,0.9036130062717261,0.6107698592126478,0.46929603703382017,0.5117091310200558,0.00018245372848719,0.0864827917265493,0.9,0.6,0.1,39,0.1388932585138453,0.1493783373874822
8,20,0.5622666818246304,0.879025323951745,0.8634362520551644,0.603083339902173,0.627657635077785,0.5266221866175043,0.00014609110908813,0.06927457074189174,0.9,0.6,0.1,41,0.1109760885949189,0.1200732544538957
8,21,0.5592883082647202,0.8652106577908951,0.8511944748775881,0.6010162393154411,0.5449678430496009,0.5298371037059807,0.00017167203926236999,0.08143990069568598,0.9,0.6,0.1,43,0.1012177014010054,0.1035102863474483
8,22,0.5440312360803905,0.8476936515742155,0.8333672648534407,0.59393309200702,0.481799125098022,0.5155806146267188,0.00014653168936885002,0.06953373386638785,0.9,0.6,0.1,45,0.0962047156726471,0.0988906970674995
8,23,0.5453268520633273,0.848978214263077,0.8346503554961267,0.5970447368025361,0.4724598270713217,0.516218451855786,0.00016184215908378,0.07671140060248346,0.9,0.6,0.1,46,0.0964603105512844,0.100714346602745
8,24,0.5421333268480792,0.8104421321201074,0.7946230003274877,0.5960273826561596,0.817693127735464,0.5318495109292145,0.00015870554731187999,0.07387708474961707,0.9,0.6,0.1,47,0.0828484591031016,0.0836899425938191
8,25,0.5469872311878461,0.8005886082037671,0.7860865606418531,0.5897167925907059,0.5429151921332683,0.5439977378831851,0.00014132753566394,0.07421338959335765,0.9,0.6,0.1,50,0.0927715114544601,0.0808536144459733
8,26,0.5394284308246814,0.7860758519381658,0.7707385825431744,0.5818075809969155,0.5208287338217039,0.5381154325633942,0.00014569843938217999,0.07570904198994798,0.9,0.6,0.1,52,0.0899539246732062,0.0778713742641003
8,27,0.5418156305914739,0.7898714328775484,0.7778288248428936,0.6005737049561596,0.49475337090825733,0.5406534250159772,0.00014972913066765,0.077021872493314,0.9,0.6,0.1,54,0.089524702040856,0.076493620084565
8,28,0.53454069200675,0.7798729700960433,0.7675059224077577,0.5919163535706351,0.5104605272827938,0.533874608396439,0.00014508044929407,0.07447514437685135,0.9,0.6,0.1,55,0.0857680784121311,0.0765677085463757
8,29,0.5480263150559038,0.7805349256507886,0.7666595107804415,0.5969345984569874,0.6098577353178347,0.5522495769569101,0.00016560223583022,0.08482957451844692,0.9,0.6,0.1,56,0.0662732540226532,0.0563763935051079
8,30,0.5459051011560851,0.7798229988823676,0.7692426276470264,0.6030772421444884,0.5038739464511688,0.5502734501608207,0.00015821479779732,0.08172151464667572,0.9,0.6,0.1,58,0.0657756052140576,0.0562688164877819
8,31,0.5460937083129054,0.7797409674338478,0.7691290851535174,0.6127956772175063,0.5048736755015569,0.5518659294825757,0.00013707517266274002,0.07023124950674899,0.9,0.6,0.1,60,0.0665773271981224,0.0562393534297755
8,32,0.5565855769693341,0.7811272002463435,0.7725957067219569,0.6433100795380576,0.6020982264014277,0.5656876823189381,0.00015746626422932,0.08203582177456081,0.9,0.6,0.1,61,0.067535973351215,0.0563571687254905
8,33,0.5515597252349588,0.7755440626269497,0.7700826032065928,0.6471407894141368,0.5211139780626002,0.5607295369316666,0.00015802284950421,0.0822515787384431,0.9,0.6,0.1,63,0.0671522897866221,0.0574529755074144
8,34,0.5519902786588208,0.7757863244177142,0.7703033340115811,0.6582261403466122,0.5139562085815218,0.5612698926643406,0.00015795991475587,0.08222670901490928,0.9,0.6,0.1,66,0.06707194408959,0.0572097724998427
8,35,0.5550443268270856,0.7767460715059051,0.7772938799624957,0.6720596812680452,0.5580327286624794,0.5664910186227958,0.00015225475312171,0.07998156397127909,0.9,0.6,0.1,67,0.067387715612324,0.059743589354549
8,36,0.5521523092449421,0.7718714267661284,0.7721943827209184,0.6803841428735737,0.5233504514620781,0.5654153819956727,0.00012552709013758,0.06630333809003217,0.9,0.6,0.1,69,0.0695420045480181,0.0637554721920035
8,37,0.5270467950811544,0.7407357427755241,0.740378276025667,0.6566316629110971,0.5077559192348978,0.5378432658805526,0.00015198784131152998,0.07927773693305795,0.9,0.6,0.1,72,0.069211380815718,0.0632845749731174
8,38,0.5450668348825647,0.7563655153222589,0.7620150314568049,0.6987177541279738,0.5184540365423639,0.5596617537072991,0.00015258749516866,0.07698933008935976,0.9,0.6,0.1,78,0.072250422796376,0.059646407611344
8,39,0.5430910014256477,0.7496078136644312,0.7672831137880888,0.7678906370629727,0.5213394198855662,0.5614511685599611,0.00013116402451721,0.06768009762612101,0.9,0.6,0.1,87,0.0749383464438617,0.0657699042168972
8,40,0.5240676504828639,0.7276705729136981,0.7450248040667232,0.753221314478643,0.49935196118948655,0.5390040950560484,0.00016722119015012,0.08613739131073248,0.9,0.6,0.1,91,0.0647959641059168,0.0490180200767995
8,41,0.5218906470181287,0.7195248664264716,0.7362246436421398,0.7575020372522967,0.5156483781694505,0.5394022703408639,0.00013856446732161,0.07469550901458168,0.9,0.6,0.1,93,0.0662973216754318,0.0527472988639877
8,42,0.5372169453929425,0.7367513892763442,0.7599422908760819,0.7609982761805696,0.5135571400830042,0.5578447145649174,0.00015381535848075999,0.06435426709566747,0.9,0.6,0.1,95,0.0637077876811078,0.04829613351754
8,43,0.5329336994057431,0.729339024180904,0.7521888302721418,0.7681493264329493,0.5172457346462086,0.5549541543193875,0.00012946422964289,0.05466161585096907,0.9,0.6,0.1,97,0.0658891479878013,0.0478754556985181
8,44,0.5219985536844106,0.717017880338204,0.7397169713094388,0.7820099340264127,0.4958510165300634,0.5451724846820367,8.321059040700001e-05,0.03667213880671397,0.9,0.6,0.1,104,0.0646704496638312,0.0535815755178847
8,45,0.5237353042584757,0.7173899683053602,0.7399408404039337,0.7999591088147492,0.5015001444800369,0.5478360615324529,7.50447925097e-05,0.033099301490807864,0.9,0.6,0.1,106,0.0660482593557859,0.0507471845186383
8,46,0.5260046492665711,0.7235263388585561,0.759068267953971,0.8271266920069138,0.5011525217000357,0.5481784387788218,0.00010733543160613,0.05713004732055973,0.9,0.6,0.1,113,0.0574920106190936,0.0471593287576133
8,47,0.5098149008320164,0.7023392247622323,0.7310537160540651,0.8353117421589447,0.48667147610722833,0.5335681332900851,7.486248477202e-05,0.031214602724876347,0.9,0.6,0.1,118,0.0677403142349065,0.0393749225572288
8,48,0.49990300285806605,0.688623605554273,0.7200719404269709,0.8380008931398146,0.4934545427099666,0.5235180837712642,7.708664380732001e-05,0.03364157983850532,0.9,0.6,0.1,120,0.0599525528329187,0.0466751765600943
8,49,0.4743545133946522,0.674216646867659,0.7320173835239602,0.9496800752912729,0.4494923830664827,0.49579117044638527,7.424855455221999e-05,0.029472546686342055,0.9,0.6,0.1,142,0.0646531079578472,0.04351217806355
8,50,0.4869347646250689,0.6695558151521448,0.6909153924250911,0.8379435211773061,0.4642590644241395,0.509046898140154,8.31445164647e-05,0.03746978306298371,0.9,0.6,0.1,146,0.0665956441600318,0.0395844335199188
8,51,0.4871921729659627,0.6649413320927862,0.6857788224635583,0.8354809269525194,0.48123920190740704,0.5108706095465009,8.061336800890999e-05,0.033503160188843285,0.9,0.6,0.1,148,0.0673767637551317,0.0390026392811255
8,52,0.48404951438913696,0.6594429419918841,0.6800287795223673,0.8310197478075244,0.46597154583823164,0.508114917485074,7.656768757374e-05,0.03157887969800636,0.9,0.6,0.1,151,0.065787367243845,0.0387939852586374
8,53,0.49004520420114184,0.6610022390234371,0.6968487174660367,0.9521283173970261,0.47270599847428535,0.5174429882166842,7.948342606893e-05,0.030378761643409306,0.9,0.6,0.1,173,0.0678082714758932,0.0344890697157677
8,54,0.48983900121692026,0.6660095591366354,0.7212901759208558,1.1003258885263802,0.4709081346466163,0.5185496170892949,6.694944501571e-05,0.02536725767705203,0.9,0.6,0.1,190,0.0660038085680582,0.0349192550209889
8,55,0.4853492734411541,0.6543201353139176,0.6993999358714819,1.077917670530389,0.475113565060939,0.514333841111229,6.224922535723e-05,0.023317727766760235,0.9,0.6,0.1,192,0.067912806469486,0.0357651680955054
9,0,0.9715776789457479,0.9933481165670919,0.992755234612546,0.37566788428171444,0.0,0.0,0.0,0.0,0.9,0.6,0.1,1,0.9670373138272752,1.058641089467916
9,1,1.1242159240054848,1.3117885611077773,1.301287703092872,0.7260293470053641,0.6256074420150068,0.43002639762189826,0.00043237271921352005,0.06733894586743432,0.9,0.6,0.1,3,0.8470792649581966,0.6730443985845096
9,2,0.9236178279046461,1.2314162688148755,1.2163869883393097,0.6809168124907896,0.934757035936407,0.4293613737751748,0.0002911522258489,0.1343938597945199,0.9,0.6,0.1,4,0.5645501907436737,0.4512034629375223
9,3,0.8772634139509686,1.2088810803483017,1.1950258397282505,0.6682460419468436,0.4736645204110776,0.43008481693979606,0.00030566031933925,0.1265920002859734,0.9,0.6,0.1,6,0.4687175658031523,0.4089315933032654
9,4,0.8488880217808884,1.187789948267388,1.1696576458599526,0.6582299269415514,0.45822362234183595,0.42762801735301414,0.00016719993577195,0.06261874744892576,0.9,0.6,0.1,7,0.4487653733105864,0.3892646293642762
9,5,0.8788260576439377,1.244690945288377,1.2263796606972543,0.7269931673817409,0.7265825898062706,0.5313080619069379,0.00016251594189487,0.07449229497331292,0.9,0.6,0.1,8,0.4673118156644058,0.3524045853553289
9,6,0.8186354588241964,1.1951418925800317,1.1784458057062235,0.68787491821633,0.5120661904629203,0.49640411066731377,0.00015464818631061,0.06783478350931028,0.9,0.6,0.1,10,0.4087951040298759,0.3086602273299905
9,7,0.7501174428448844,1.1271497955523215,1.1067161452685337,0.629643532592038,0.4218633349193611,0.42967424031030993,0.00011552099855691999,0.05218579827117404,0.9,0.6,0.1,11,0.3634510390792858,0.4061904525269995
9,8,0.7280391184000363,1.1107923058430478,1.0889605666952777,0.6212341563838714,0.4879527108664894,0.4291200083924403,0.00011359527276287002,0.05047269954142065,0.9,0.6,0.1,12,0.3415945352447126,0.3795383783135213
9,9,0.7538171963516634,1.1417605678148475,1.1221236523368496,0.6622455713793818,0.47166260729432447,0.4708473425805502,0.00021076157400836,0.0936456715237422,0.9,0.6,0.1,14,0.3113840922216958,0.3648624912253181
9,10,0.7386508509143997,1.1293189799624166,1.1086649468031264,0.6563526658001295,0.5024973833906999,0.4699587950278057,0.00020836178158205,0.0913572432732485,0.9,0.6,0.1,15,0.3006759156326,0.3445898095230771
9,11,0.7157844071944974,1.1085980489596166,1.0909688974328866,0.6413645127432649,0.42284309508755147,0.45132753233049594,0.00015653579004465,0.06863388354378691,0.9,0.6,0.1,17,0.30385053520419,0.3402414485719242
9,12,0.7129315353426079,1.110334371009595,1.094323881418465,0.6542761436780133,0.47136003364979107,0.46765135681354436,0.00026119024963003996,0.11272215541644837,0.9,0.6,0.1,20,0.3070803316177553,0.3045112040201252
9,13,0.7176815351674991,1.1153728763830164,1.0990528240206996,0.6736486176386711,0.4616913193041137,0.4715995809942058,0.00030245910903381,0.1620551008340381,0.9,0.6,0.1,21,0.3343050452243826,0.3231434413299585
9,14,0.6981516750640832,1.097907104072741,1.0843397079832895,0.652777649299016,0.466275834604641,0.46749412505354276,0.00015854962484485,0.07224278738578611,0.9,0.6,0.1,22,0.3191177495503037,0.3391504493011162
9,15,0.6950271320772755,1.0966853368044205,1.0858802470591817,0.6606841030168228,0.4502064738269222,0.471197463719312,0.00016714050932661,0.07259826297249748,0.9,0.6,0.1,24,0.3187149051707281,0.3148528215465398
9,16,0.6996240159271211,1.1014759771411105,1.0902988252347676,0.6721422687353281,0.4661157601624374,0.4728721760461715,0.00028118140764706,0.146485003915469,0.9,0.6,0.1,25,0.2802473531889632,0.2760753851360012
9,17,0.699570481322259,1.101424381659475,1.0902426699572632,0.6772426015730912,0.44072012714156145,0.4728721760461715,0.00028118140764705,0.146485003915469,0.9,0.6,0.1,26,0.2805519658928024,0.2761562091194779
9,18,0.6765937734183809,1.0738182734600654,1.0569313480615234,0.684816736268292,0.8728525227519125,0.5140001324372937,0.00035542534062791,0.1399314652164729,0.9,0.6,0.1,27,0.2088210701367245,0.160532933656017
9,19,0.6525155875928672,1.046382787537294,1.0281091149182444,0.6657700455126248,0.5121932628713884,0.5086905491664957,0.00016110315097894,0.07011386565939741,0.9,0.6,0.1,29,0.2061410802128205,0.1554470923964705
9,20,0.615569923415515,0.9984671437803403,0.9796271144966585,0.6457406677372698,0.5480506279367974,0.5008138022017804,0.00019477323733048,0.08106136362345794,0.9,0.6,0.1,32,0.204094409873597,0.1457289644324594
9,21,0.597467884488441,0.9724275833909803,0.95463196461311,0.6351198095066694,0.5349291257147012,0.498321423109919,0.00019822200317423,0.08177007587765611,0.9,0.6,0.1,34,0.1629212083189758,0.1282120929896753
9,22,0.5891825237617344,0.9608868851113093,0.9423831817660034,0.6425534881651838,0.46950369799922165,0.49674938711988237,0.00014817075751791999,0.06025595879478464,0.9,0.6,0.1,37,0.1710724791633959,0.1442870255375904
9,23,0.6004241537839314,0.972141380205602,0.9565684868153457,0.6669166567505482,0.47198831545134406,0.5113957885988136,0.00016408328105479,0.067935426053925,0.9,0.6,0.1,43,0.2278017025712984,0.2437084655820339
9,24,0.5801753460143316,0.9512947650435947,0.9386547590160471,0.6636747314692871,0.4715932044553253,0.49418896544716306,9.372033288297e-05,0.0415642146681001,0.9,0.6,0.1,44,0.1645055363993931,0.1414765835274345
9,25,0.5720156160253874,0.9440367452936542,0.9345806044562286,0.6637798422920312,0.4499974414073629,0.48613250164259864,8.747560561032e-05,0.04018625614253024,0.9,0.6,0.1,45,0.1848414247915412,0.1651989697973932
9,26,0.5850112703736231,0.9535214445081507,0.9373504547866865,0.6626520188319752,0.4588299632721248,0.5007194613862381,0.00010348145192221999,0.04528979642226016,0.9,0.6,0.1,47,0.1649189051666654,0.1424474157501345
9,27,0.6003484360669958,0.9599180239818609,0.9480775914851503,0.7010475813184223,0.523668371600398,0.532740715639241,0.00010496286757164,0.04692652782327965,0.9,0.6,0.1,51,0.1722481358106407,0.1544758206241293
9,28,0.5902054257738187,0.9508677309332768,0.9452950577249984,0.7128643542913914,0.4789954470748812,0.5220114994160941,0.00014257344449854,0.06128854266674212,0.9,0.6,0.1,59,0.1856101781361335,0.1924312735464467
9,29,0.5833402933695483,0.941983546746907,0.9360538556921562,0.7210372775276453,0.4957694686321251,0.5161563410550768,0.00014564257616489002,0.06518073535601057,0.9,0.6,0.1,60,0.1798680645107021,0.1937753865055244
9,30,0.5777625516138243,0.9353805566681449,0.932312491782804,0.7237412768803405,0.48349936863946447,0.5126911449196374,0.00014626519634396,0.06514320401025993,0.9,0.6,0.1,62,0.192642845095278,0.1901070465919855
9,31,0.5859389080119671,0.9405144495233959,0.9369312577519053,0.7338868307846256,0.514128740551728,0.5248143901677181,0.00014365150486411,0.06518446634231688,0.9,0.6,0.1,63,0.1645745059058677,0.1804183592313259
9,32,0.5721054078374436,0.9201102022737944,0.9154353214204449,0.7484453049757458,0.47916605689137315,0.5159960940387093,0.00013557069959861,0.06303723687921356,0.9,0.6,0.1,72,0.1474289852958139,0.1560672978575217
9,33,0.5735096794926463,0.9224952996914614,0.9210415971178687,0.7556978105003218,0.4755259836425185,0.5181253601954908,0.00013717868945178,0.062183747852736004,0.9,0.6,0.1,74,0.1456074508479207,0.1525813788094046
9,34,0.5696221820531876,0.9377242100529898,0.9791817890692734,1.0306976368122756,0.4691015374528857,0.5153375536161071,0.00011444887477370001,0.0515632896660432,0.9,0.6,0.1,131,0.1697529729312512,0.1747715910357148
10,0,0.9595220777225393,0.9900509914760194,0.9891642760203293,0.37358303169227364,0.0,0.0,0.0,0.0,0.9,0.6,0.1,1,1.0077736864675095,1.060471040411037
10,1,1.201408369668438,1.3090467931927918,1.3053298557406527,0.7073775578716055,0.4485652894901835,0.38910114007903157,1.0139964028380001e-05,0.005523258038952874,0.9,0.6,0.1,3,0.8333367921974102,0.9214105405416042
10,2,0.9431818237807965,1.2416643430727519,1.2274244791584317,0.6879077789366559,1.1288132346520967,0.42961904085150804,0.00029408732719106,0.14596620201075525,0.9,0.6,0.1,4,0.4872859425677081,0.4496324157879532
10,3,0.8329280757782298,1.178965061774128,1.159977331211354,0.6500803814211603,0.5561066847894096,0.4300455008797568,8.008727004798e-05,0.04911103593350536,0.9,0.6,0.1,6,0.5134540024665576,0.5025020221091339
10,4,0.8167948844263195,1.1709173057643336,1.1544479122958695,0.6558908561958492,0.41950239648123966,0.42942824952204506,7.168846538796e-05,0.04756234805606011,0.9,0.6,0.1,8,0.4227441115968313,0.515031434300284
10,5,0.8140989597280579,1.1693285389050523,1.1527059512425537,0.6516235006199662,0.40197046446703266,0.4295551759416728,7.194668972845e-05,0.04772059549075652,0.9,0.6,0.1,9,0.4214761082346372,0.5116655818268105
10,6,0.7704486355229689,1.1427892272122158,1.1269313823791292,0.6373597910632794,0.5660018211369059,0.43015586583986953,7.384578912063e-05,0.04698111758482773,0.9,0.6,0.1,10,0.3945562247465328,0.4441660932953815
10,7,0.7854392010472362,1.1726967906532542,1.1532829382747973,0.6918501019274368,0.5843440130337526,0.5087870853206513,6.772851587571e-05,0.037381860561977814,0.9,0.6,0.1,12,0.2550461587508879,0.3514668608417506
10,8,0.7820053964262431,1.1714343429118133,1.1551068250045202,0.6974690516638057,0.4689688303260391,0.5065870980969724,9.773691897073001e-05,0.05397452621441182,0.9,0.6,0.1,14,0.2820920914776624,0.33351509276183
10,9,0.7842420372077572,1.1743781280383734,1.157807891374286,0.7027796963876752,0.4838307440574556,0.5128386082093087,9.847659942871e-05,0.05437743159202352,0.9,0.6,0.1,15,0.2678512666142901,0.3363873270428484
10,10,0.7416269527479833,1.141207299662153,1.1234254738496618,0.691650079302082,0.7995787994990115,0.5298926073489616,0.00010501680932952001,0.06095177081881943,0.9,0.6,0.1,16,0.191209486761028,0.3113982948542996
10,11,0.6648939225108342,1.0614604454298582,1.0394304068136193,0.6307838724603015,0.5474189220056187,0.4961300833923108,7.32753193633e-05,0.044167036109789476,0.9,0.6,0.1,19,0.202046930993852,0.2399946412437569
10,12,0.6368324758177144,1.0253806071491591,1.0024460367327,0.6170143554317544,0.6061422030933837,0.5045710894890594,0.00010676634836105,0.06455417478937309,0.9,0.6,0.1,21,0.1760625304816788,0.2062244761735857
10,13,0.6342665323034585,1.0195915015360124,0.9985160851589687,0.6386671004376784,0.48956538528374544,0.5154622711132019,9.885360720727999e-05,0.055973562439474656,0.9,0.6,0.1,26,0.1444952813426655,0.1841122824914093
10,14,0.6451408374669896,1.0297252452629508,1.0084402825360672,0.6496652931946781,0.496541878322152,0.5277345788214,0.0001240122679786,0.0702190706142431,0.9,0.6,0.1,27,0.1470259469005932,0.1958076925537586
10,15,0.6411942591860186,1.025134120281468,1.003669928809127,0.6458134974896446,0.4819548591239598,0.5252330849558501,0.00011826404132216,0.06696427058457506,0.9,0.6,0.1,32,0.1445296316270917,0.1911053989316706
10,16,0.5813306719405277,0.9616139235695568,0.9450493620087795,0.6240961166650852,0.4469461353979655,0.47660135283045646,5.1835247106649996e-05,0.031871829524254776,0.9,0.6,0.1,40,0.1824724223879392,0.2025630928288508
10,17,0.5536497238564807,0.88748731108978,0.8713597900766684,0.6089587619430642,0.6783058502198568,0.5047376759415788,9.658243420232999e-05,0.05569179966757671,0.9,0.6,0.1,43,0.1537035248754585,0.1617475766983392
10,18,0.5558979959071928,0.8872742657717417,0.867690753276672,0.606007504645133,0.47342500748834476,0.5075436179807229,9.618217651716999e-05,0.06018580271710862,0.9,0.6,0.1,44,0.13844228200098,0.1463145900245344
10,19,0.552771551579262,0.8835417471631274,0.8638648157909089,0.605632247601615,0.4666457410655343,0.5045996012574865,9.555134751682e-05,0.05984408616856432,0.9,0.6,0.1,45,0.1370497144734191,0.1433411593218003
10,20,0.5531592982020785,0.8797351475762345,0.859420576733788,0.5985028298849722,0.4745070263250106,0.5083394031921992,9.733762543486e-05,0.059647799949579104,0.9,0.6,0.1,49,0.1396641343803002,0.1426915378565955
10,21,0.5507978443194236,0.8785252715467872,0.8614637091573789,0.606863800520694,0.46322598237658236,0.5057822670391559,9.607270874283e-05,0.061469718034674554,0.9,0.6,0.1,51,0.1321525653211216,0.147279145388807
10,22,0.5464963130274816,0.8729504336212279,0.8556972268199939,0.610039702874891,0.4646161027336651,0.5037043547294815,7.179219623664e-05,0.04606886572643994,0.9,0.6,0.1,53,0.1301769531085509,0.1421060198920041
10,23,0.5508924291109166,0.8771094849530803,0.8598209891015729,0.6112903604328834,0.46374578728229277,0.5087782419106412,7.339264133391e-05,0.045943532831570204,0.9,0.6,0.1,55,0.1356690117381578,0.1400543511968122
10,24,0.5490381973513097,0.8760094516043427,0.8619145094687993,0.6283504799073748,0.46898753806767607,0.5090117689124424,4.906759220554e-05,0.030555832328657665,0.9,0.6,0.1,56,0.1390470452763322,0.1591982713301723
10,26,0.5450152040440409,0.8720418886541126,0.864121698004279,0.6672539824511408,0.47938611114785107,0.5067743016708528,4.970669661247e-05,0.029975255930321566,0.9,0.6,0.1,58,0.1332159123578564,0.1576384507511554
10,27,0.5378150801598209,0.8609646665527438,0.8493898056993537,0.6306589989692551,0.47759906831692617,0.49980317272810587,5.674667589252e-05,0.03606877838320272,0.9,0.6,0.1,59,0.1235669910351159,0.1439905474218727
10,28,0.5357844306709295,0.8589080537543784,0.8473293905738472,0.6317416507745819,0.4517111225055812,0.49758327588921447,5.645479779056e-05,0.03590897584931287,0.9,0.6,0.1,60,0.1232799340861293,0.1433918915831515
10,29,0.539707736625061,0.8616229832710778,0.8498681406814022,0.6404100323414517,0.46832056624145696,0.5028614109063129,5.630895888265e-05,0.03532356414914572,0.9,0.6,0.1,61,0.1241979299374117,0.142195530808975
10,30,0.5377307332090699,0.8614010291691944,0.8560766603619444,0.6463488683554254,0.45744469335408955,0.5020478851616478,4.945666294017e-05,0.030738055694427016,0.9,0.6,0.1,66,0.1274473132261323,0.1689268400952519
10,31,0.5464870265332781,0.8649842488186908,0.8527353730285856,0.6637954734270642,0.4867062702142229,0.5132487880575867,5.094543177506e-05,0.030910556644424977,0.9,0.6,0.1,67,0.1404589896732177,0.1555197858403599
10,32,0.540574226100975,0.8576267043422174,0.8451708668491777,0.6604837419233274,0.4743201507293597,0.5076340659274763,5.0872831489629994e-05,0.031090015697441152,0.9,0.6,0.1,68,0.1393469962821958,0.152735719053023
10,33,0.540889768801641,0.8593197464511108,0.8501520572160627,0.6693483836251488,0.46099532857838493,0.5080655567569703,5.087930445894999e-05,0.03109013898994253,0.9,0.6,0.1,70,0.1393767850681291,0.1526860525215767
10,34,0.5387525989022095,0.8568211415415944,0.8476018693119263,0.6702860056672225,0.4620436293527969,0.5059495412712266,5.0600045180740005e-05,0.030937015049553648,0.9,0.6,0.1,71,0.1389553945630598,0.1514579910478976
10,35,0.5390682568159882,0.8553441625168113,0.8427775592692891,0.6618478547088009,0.4618618492782352,0.5064970048859152,5.0591190158870005e-05,0.03092494803080832,0.9,0.6,0.1,72,0.1389034049391911,0.150635459503401
10,36,0.542619600838705,0.8633870654894472,0.860736178003953,0.6980188426806833,0.4625740648012123,0.5110485503944858,4.218068494498e-05,0.025555320980652257,0.9,0.6,0.1,73,0.1404137277938892,0.160040492558535
10,37,0.5391849311288535,0.8532669780696256,0.8496744931561522,0.7072542368289779,0.4955113795548861,0.5117915075325372,3.8323318913080005e-05,0.02333341149492558,0.9,0.6,0.1,75,0.1467180427019836,0.1609126572614977
10,38,0.5366986629851228,0.8518539340892072,0.8515076886678541,0.7145281538687799,0.46481594407016225,0.5093088973227727,3.8105976485530004e-05,0.02320535458523853,0.9,0.6,0.1,76,0.1460793296342021,0.159515373495671
10,39,0.5366074415589058,0.8501216546904818,0.8464501712138862,0.7053865517858964,0.4609832751939934,0.5092952814540388,3.80614028572e-05,0.023212669816829404,0.9,0.6,0.1,81,0.1456105734604205,0.1594585488785805
10,40,0.5366872831215813,0.8516518478188518,0.8512790690978456,0.7144355888693399,0.46128213596600864,0.5094163217087562,3.804499860997e-05,0.023192897438975606,0.9,0.6,0.1,82,0.1455310030774378,0.1592521849952244
10,41,0.5351937196767729,0.8498362310296288,0.8494187339463727,0.7128043630139359,0.46104909376591585,0.5080221612081851,3.712693664178e-05,0.022609149769416175,0.9,0.6,0.1,84,0.1445631697548024,0.157844391320857
10,42,0.5397687158296912,0.8458435402875305,0.847354850443321,0.7712763370901892,0.47897951045068016,0.5190625950555322,3.648439637579e-05,0.022788599170970102,0.9,0.6,0.1,94,0.1087521775300124,0.1215352050001631
10,43,0.5347163543177467,0.8342169682983464,0.8348514844714106,0.7206985838716422,0.5282090579626069,0.5167550692991474,4.099042626521e-05,0.025635986748335098,0.9,0.6,0.1,95,0.1055807538271866,0.1169880113171621
10,44,0.5320544391413017,0.8294677446003481,0.8267190027776121,0.7623872860281672,0.4670840447369323,0.5143724615170858,3.663478107102e-05,0.023329893773810183,0.9,0.6,0.1,98,0.1104351637756314,0.1183715720471841
10,45,0.5318822999554049,0.8277841470817338,0.8310544638382547,0.7489503633096535,0.5081593832332619,0.5165861644038561,3.674201740081e-05,0.02300113912395955,0.9,0.6,0.1,99,0.1052364016588669,0.1165997577388079
10,46,0.5343631258042414,0.8317504328143388,0.8383244614882518,0.7857827818078187,0.4697487528861659,0.5196558311323415,3.245267186443e-05,0.0202700832526615,0.9,0.6,0.1,109,0.1014170324214746,0.1185547779459481
10,47,0.5339963032099982,0.8328304112042435,0.8427031189425975,0.7991819937624183,0.46986374989408086,0.5192621280498552,3.2499234118950004e-05,0.02038642201375437,0.9,0.6,0.1,110,0.1010713520866544,0.1174563677064164
10,48,0.5340206204695928,0.8328071571629255,0.8426736742414055,0.8044345389670867,0.46986980008944906,0.5195567606912869,2.9191569648020004e-05,0.018218549946256102,0.9,0.6,0.1,111,0.1006515091359323,0.1176033662841941
10,49,0.5313391380776632,0.8369840352687946,0.863294304519052,0.9246328958984721,0.46735478029780375,0.5173153497693861,2.364482829977e-05,0.014628282850853602,0.9,0.6,0.1,131,0.1302639051699382,0.1400052962729699
10,50,0.53082342750317,0.8360700576738681,0.8623291309698726,0.9275522250798455,0.4701609748862454,0.5169453800227791,2.351799093e-05,0.014562880934608469,0.9,0.6,0.1,132,0.1290267971309718,0.1396453827380603
10,51,0.5275026431670293,0.8310553949924671,0.8539836060692042,0.9132555699036499,0.46392907670463385,0.5134869759595247,2.19718484553e-05,0.013387515139012858,0.9,0.6,0.1,136,0.1252921586563509,0.1345630429735239
10,52,0.5280108355336008,0.8293330170096799,0.8488607030950089,0.8869078257245339,0.4654286842774687,0.514171156333852,2.5670824215960002e-05,0.015640548922349805,0.9,0.6,0.1,142,0.1274347686414404,0.1363859623353386
11,0,0.9687558265764163,0.9925799476676361,0.9919186189229817,0.37649600956759866,0.0,0.0,0.0,0.0,0.9,0.6,0.1,1,0.9700695928228766,1.0631955216716045
11,1,1.1729739628113462,1.3524260839882425,1.3424702980495073,0.7644418057322689,0.642158826315219,0.42850163466022567,0.00045356477674675003,0.426155063634587,0.9,0.6,0.1,3,0.7897561319889108,0.6730443985845096
11,2,0.9027039673819381,1.2212079112767107,1.20520272077056,0.6747333178615802,1.0341616398427795,0.42983264720163356,0.00031030765147497,0.1374451748951848,0.9,0.6,0.1,4,0.6390177410036493,0.4448334152434134
11,3,0.8506542027268252,1.1931818759479247,1.1781143981980107,0.6602697833790658,0.4797618832388189,0.42611500883964964,0.00032433295404115,0.14122426148152967,0.9,0.6,0.1,6,0.597240341860345,0.4059008589671316
11,4,0.8313909358722933,1.1792770953330574,1.160054209939478,0.6542156984676447,0.4534854263929685,0.4297064101733306,0.00018651089082810998,0.08102786761636421,0.9,0.6,0.1,7,0.5147418546605801,0.3684086377327828
11,5,0.8108158484162112,1.171790222533438,1.1542576991847888,0.6578047514567339,0.5157277098295279,0.4406130905632081,0.00017228239201611,0.07430554340599861,0.9,0.6,0.1,8,0.4981642460838187,0.3449744870155415
11,6,0.8008101785883869,1.1604987791151606,1.1396282522130783,0.6461753140169345,0.3969067136652933,0.4295256126546842,0.00018385333780775,0.07974693765250006,0.9,0.6,0.1,9,0.5128053648259283,0.3514180637644381
11,7,0.8215865609005635,1.1827775871218051,1.1652119964868215,0.6712546755519324,0.4154806795390252,0.44959682057223516,0.00024547743102228,0.10659601773382084,0.9,0.6,0.1,10,0.5210079137845546,0.3443084662144264
11,8,0.7350652784119704,1.1209958147669814,1.0982196311396248,0.6375154731776612,0.7722981159407383,0.4517020396732521,0.0001264802730945,0.055150928779290925,0.9,0.6,0.1,11,0.3540079704868847,0.2396370736877933
11,9,0.7210299730020067,1.1102826237390793,1.0901818501302991,0.6337114861651791,0.428755333234461,0.44600146312854394,0.00012383897840314,0.05504350684676311,0.9,0.6,0.1,13,0.3416991875630035,0.2361754409482003
11,10,0.7446408027395689,1.1340247009377196,1.113875508528218,0.6613289616495528,0.4346149357104572,0.4705135758021718,0.00017660070871195,0.07697039956970302,0.9,0.6,0.1,14,0.3464043282641572,0.2265852524736104
11,11,0.7127109845437178,1.1048425828957358,1.0875071194323762,0.6363957964519726,0.44008931416322333,0.4451152068136939,0.00011455254365253999,0.05429138442766618,0.9,0.6,0.1,15,0.32692033158432,0.2509261876891123
11,12,0.7284494755275673,1.1220106950302742,1.101143762011456,0.6594220089354181,0.4552683403337084,0.46578505389426444,0.00028118361062126997,0.07928965821398398,0.9,0.6,0.1,16,0.3366347721359591,0.2986779422029739
11,13,0.6344442682165355,1.0280837312090882,0.9994086961256533,0.5999996919303595,0.9492154554701469,0.46383654899893056,6.227082292775e-05,0.03490391440924443,0.9,0.6,0.1,17,0.2728845024467783,0.2700056818064235
11,14,0.6443462162807049,1.037146562542913,1.0104005015962303,0.6213179842519334,0.4918095447802722,0.48596756461978047,0.00013104770959473,0.06538956494201249,0.9,0.6,0.1,19,0.2821765813026623,0.2545043612253176
11,15,0.6374178418219749,1.029111944316514,1.001814557322954,0.6180634634761502,0.48073845978911317,0.4840094741077576,0.00012901245259288,0.06453466742991645,0.9,0.6,0.1,20,0.2788957590724836,0.2462482991682572
11,16,0.6369688906232903,1.0270006352598273,1.001774644763607,0.6357086729667693,0.4944984081650547,0.494529772783875,0.00014857406401137,0.07209115332747748,0.9,0.6,0.1,22,0.2658230023619116,0.2455512318805115
11,17,0.6724835239453615,1.0708341760754336,1.0652277825289345,0.7416801236249353,0.49021491748099155,0.478448491589809,0.00104346180297335,0.5837838279532498,0.9,0.6,0.1,45,0.2914534517687268,0.2331599376404153
11,18,0.6717580982043698,1.0698655411844846,1.0641710172256769,0.7469338835729574,0.4957180888562921,0.47815366233036455,0.00104362697603676,0.5866351973631203,0.9,0.6,0.1,46,0.2916629056827764,0.2255498384663391
11,19,0.6742114044592267,1.0720379920523173,1.066242920645541,0.7553801597698959,0.4998785831399103,0.4794751972567298,0.00103414942444464,0.6078037797404464,0.9,0.6,0.1,47,0.2890390946156254,0.2202862708704722
11,20,0.6753195427498274,1.073143138182769,1.0673470012441155,0.750630650075424,0.4940704506370077,0.4800575345266508,0.00104413714180683,0.6136738911771741,0.9,0.6,0.1,50,0.2897235828813945,0.2200031634197621
11,21,0.6728692002141206,1.068902832254517,1.0653159054875239,0.7724060613108221,0.5384984040677665,0.48342049684241867,0.00113886804986482,0.6484430132714497,0.9,0.6,0.1,52,0.2860594141131536,0.2252835684364573
11,22,0.6723043377960733,1.0690861333926749,1.0685718997525926,0.7894905814481648,0.5041998763442468,0.4840200306698765,0.0011392932601044599,0.6560070613328857,0.9,0.6,0.1,59,0.2829488407948742,0.2226291215909826
11,23,0.6719730820743505,1.0686289916732192,1.068076261034291,0.7891922494094591,0.5032072746170182,0.4840009056792921,0.00114095778331873,0.6559163877641376,0.9,0.6,0.1,61,0.2851529528013997,0.2249390405654561
11,24,0.6719054251944173,1.070040188400558,1.0727868300258143,0.7977073191805827,0.5020689946780461,0.4839879783090617,0.00114245532563335,0.6558330643846845,0.9,0.6,0.1,63,0.2877902996131232,0.2269451500868848
11,25,0.6707462960390824,1.0684008920876213,1.0710021170824784,0.8091743639478178,0.5052006428822868,0.48397670872777415,0.00113471775614914,0.6559022795305206,0.9,0.6,0.1,66,0.2836159158242919,0.2282663876408517
11,26,0.6475067458332434,1.0466560689430715,1.0525614914290646,0.8057827847650335,0.47866255519847545,0.4840012175422717,0.0007052680030946101,0.42595977095622,0.9,0.6,0.1,68,0.2855104416495816,0.2248713563118433
11,27,0.6408416480938495,1.0414744054277372,1.0506807047080515,0.8394183857072901,0.4720555966775728,0.4838929128726539,0.00059160205898339,0.3613304970019406,0.9,0.6,0.1,73,0.2871842502551445,0.2227705100720271
11,28,0.646168085316344,1.0462787386414256,1.0553293595590643,0.829368472991444,0.4893038086085889,0.48392029585679086,0.0007069090826220101,0.4259029891884795,0.9,0.6,0.1,74,0.2840393649790986,0.2256685155214534
11,29,0.6544011497899673,1.057428592422596,1.0730662026713336,0.853576720765583,0.4873777590591309,0.4833435871793135,0.00089354042332871,0.5141816293000654,0.9,0.6,0.1,78,0.2796874044060655,0.2244660705207768
11,30,0.6346295081583528,1.0360619935941529,1.0483658383417933,0.8517026502287681,0.4687205193407836,0.48400750545933774,0.00058319671139915,0.314567661816022,0.9,0.6,0.1,81,0.299808985808786,0.231332742982908
11,31,0.6505376648797667,1.055832673417049,1.0778677824369238,0.8722034481219503,0.4902517196121964,0.48114213282845764,0.0009003354098401001,0.5119647652704601,0.9,0.6,0.1,83,0.277978036836483,0.2216401694615239
11,32,0.6533379634269078,1.0586034511441014,1.0806293593623353,0.8812266710772734,0.488405665934034,0.4825288581463602,0.0008955071119407,0.528258611684369,0.9,0.6,0.1,84,0.2748422915656375,0.2167767246450897
11,33,0.6510321537619547,1.0536608150285678,1.0720578524148616,0.8729014993990937,0.49887416316027394,0.4836763949385546,0.0010259838136781401,0.5189918246235995,0.9,0.6,0.1,86,0.2713501350207319,0.2201210087947648
11,34,0.6507294146778806,1.056373214911414,1.081385436167083,0.8981546187524114,0.487502955540598,0.4825309792181019,0.00089228273256435,0.5267719437587007,0.9,0.6,0.1,90,0.2792566517314807,0.2161014413288414
11,35,0.630985118257335,1.036070091914668,1.0609271011130441,0.923973432706234,0.4700777032189221,0.4807358237945949,0.00063968695421803,0.3588268484349817,0.9,0.6,0.1,99,0.2816083669559001,0.2250295498772272
11,36,0.6232635168481861,1.0358252460791424,1.0772048039332824,1.0655484409233114,0.4612549707900248,0.4838043861388557,0.0005069957360157,0.25515500788590867,0.9,0.6,0.1,132,0.2776224314167452,0.230709056261802
11,37,0.6163308652833623,1.0289599949763006,1.070357629622695,1.08264810076741,0.45421486572966513,0.4825319160319892,0.00032583781890726003,0.1970123902663055,0.9,0.6,0.1,134,0.2793340165687275,0.2182678167692801
11,38,0.6158884631541025,1.028293288614791,1.0696289002836428,1.1002759706821723,0.45560665267808154,0.48253180198148565,0.00032226509402400003,0.19732631837454742,0.9,0.6,0.1,135,0.2791141731083979,0.2159249480014606
11,39,0.6143479465489908,1.0208548635738013,1.048995626228233,1.0639287969866777,0.4524860531385207,0.4825317562950012,0.00029383319818413,0.18003436767145203,0.9,0.6,0.1,140,0.2812878538171112,0.2149541477407828
11,40,0.6157066799731791,1.025008951476518,1.059704850870683,1.065176071866335,0.4583136736379897,0.4825291601069762,0.00032502307230427,0.19769676267738984,0.9,0.6,0.1,141,0.2805327515148576,0.2162383841373763
11,41,0.618356337174934,1.0381246474909618,1.093066472994371,1.2143635858778072,0.453731430586341,0.4838043861388557,0.0003804289971997,0.18075945379431316,0.9,0.6,0.1,164,0.2788246106305288,0.231758494143812
12,0,0.986142471839496,0.9972785213064296,0.9970360134486993,0.3794670318510113,0.0,0.0,0.0,0.0,0.9,0.6,0.1,1,0.8996302409875321,1.0621754530397591
12,1,1.192548429994148,1.3512761640247142,1.3422568744200203,0.7594230876421837,0.6117354328307744,0.428289045602547,0.00042962002398148,0.31164101419947526,0.9,0.6,0.1,3,0.8252175095044072,0.877705589400566
12,2,0.9648665608465681,1.2519263801594867,1.2385912570285862,0.6944377186301705,0.9168397107087807,0.4286680000446487,0.00028614628874712,0.15568496513373103,0.9,0.6,0.1,4,0.3991567622410151,0.4491129777407016
12,3,0.9074304947079903,1.2275299895859515,1.218271466701952,0.6876159482425561,0.44640423680651176,0.42981198155996025,0.00030092402432458997,0.15570319862349866,0.9,0.6,0.1,8,0.3591947661785681,0.4060637754446485
12,4,0.9003514280029832,1.2245985292588673,1.218390783091611,0.6983090316266631,0.40975909132114857,0.42847536253062035,0.00029419179664388,0.15204628496031153,0.9,0.6,0.1,10,0.3624163797118421,0.4109436201751956
12,5,0.8958441094408719,1.231417679402259,1.217132687367349,0.7085445654919388,0.5286287168650514,0.4264428367331677,0.00043967040289188996,0.4321456257011777,0.9,0.6,0.1,11,0.5447446088312353,0.5494131082002336
12,6,0.8909315329080436,1.2314914500741538,1.2166462613430469,0.7118129067199304,0.4723602585745468,0.42975741674244977,0.00034267679020115,0.4664881654440878,0.9,0.6,0.1,12,0.5030771210165427,0.5099139849033358
12,7,0.8957015908901217,1.2415321963043937,1.2260606599802122,0.7265221209134566,0.49400836271167214,0.42149108220719594,0.00048150341275826,0.7107329077786442,0.9,0.6,0.1,13,0.5276867190794401,0.4850478974096945
12,8,0.8652859754788704,1.225726150978824,1.2118035291295643,0.7200411900423841,0.5745154640102867,0.42945473663523737,0.00026721302958203,0.6643757331284117,0.9,0.6,0.1,14,0.4716802483063062,0.4180715181367507
12,9,0.8069242281815957,1.177208801868322,1.161759991779978,0.6901347453726082,0.5285733426729431,0.41271531640535253,0.00023207826444008,0.5012994225474308,0.9,0.6,0.1,15,0.398456436008954,0.3784620674581263
12,10,0.7844599846348256,1.1557107841231962,1.1364542391208519,0.6672033998164892,0.44083793713870095,0.4229830170854446,0.00023890479948706,0.26521116829490615,0.9,0.6,0.1,16,0.3845631292809688,0.4179840481817886
12,11,0.7936449507154767,1.1695238652858244,1.1565619883123077,0.6983139813001815,0.4434802358977003,0.4127153164053526,0.00023207826444008,0.5012994225474308,0.9,0.6,0.1,17,0.3859832242564718,0.3614366633594848
12,12,0.7820218589432543,1.1633743378976162,1.1456147355547754,0.6869862188197965,0.5373003370256545,0.43241124031835293,0.00039779928110764997,0.44395803304708825,0.9,0.6,0.1,18,0.3721750420519382,0.3963979708840732
12,13,0.7780490759760698,1.1681723431419833,1.1477428224225281,0.7052195874166705,0.6527797665681448,0.47659312106107643,0.00036856618422307,0.3940317819229263,0.9,0.6,0.1,19,0.3305317801677222,0.3391322854208853
12,14,0.7641700240056346,1.1544211267230409,1.1339396926921885,0.694112819156579,0.4589664417457804,0.4620354122178378,0.00036747023152619996,0.393370190619912,0.9,0.6,0.1,20,0.3303140076333601,0.3448513733873609
12,15,0.745232013508481,1.138415855537237,1.1206219523437804,0.6831346304758849,0.487544507347042,0.45027472336194,0.00036772569092588,0.3935048122970667,0.9,0.6,0.1,21,0.3080933410465492,0.352940150762422
12,16,0.7456047171767896,1.1425058439927094,1.1309663759679518,0.7058530144783651,0.47450409623062884,0.42553343118102027,0.00035248259618783,0.6671895669867343,0.9,0.6,0.1,22,0.3296047965283578,0.2691754283679205
12,17,0.8129961036127668,1.2107929622449884,1.198758734049033,0.7788648604794423,0.5579440290721964,0.49163104972971383,0.00047324805372839,0.8099693880728871,0.9,0.6,0.1,23,0.3643631778426313,0.2560779772794637
12,18,0.7201855375828284,1.1211755887483468,1.1111900790754907,0.6972440933887359,0.5336016694815241,0.4218780789650528,0.00035448519898131,0.6682918365887284,0.9,0.6,0.1,24,0.3014985711378928,0.271917217287876
12,19,0.7575330340964871,1.158944980754221,1.148492118275451,0.7396797955677762,0.5220464729088162,0.4539890363570265,0.00047116447486869,0.8087205152696811,0.9,0.6,0.1,25,0.31569062376609,0.2626561313586439
12,20,0.7501879880556062,1.1533408656692883,1.1458529575222904,0.7411540510113404,0.498241568122536,0.43431537324182684,0.0005154718098471899,0.9526967422170012,0.9,0.6,0.1,27,0.3189246585606866,0.2599167611268394
12,21,0.7486432736346722,1.1521450665219308,1.143793944164943,0.7490971602128373,0.5148346386134504,0.46589615787581085,0.00049576284405297,0.7534766744518263,0.9,0.6,0.1,30,0.3205343751452508,0.2433839053637576
12,22,0.7487638631041237,1.1523167549476798,1.1438027253845027,0.7527407476893611,0.5083619882423054,0.45499169764098113,0.00052493811410913,0.8714366230158662,0.9,0.6,0.1,31,0.3244709744601688,0.2194480641318864
12,23,0.749116371862765,1.1540911534467102,1.1480768110613826,0.7665987847248436,0.5618153452863619,0.4545546140650686,0.00049907129466247,0.9686881586105119,0.9,0.6,0.1,32,0.3225356342408995,0.2343598471245902
12,24,0.7096923197612403,1.1159970323805588,1.1128157085659376,0.7451854478755764,0.4883041433494446,0.4244500402176185,0.00052743117960059,0.8965362302796795,0.9,0.6,0.1,34,0.2984352046168833,0.251006725870927
12,25,0.6973406471680559,1.1034128634371403,1.0997925126600177,0.7315339025000821,0.4744628059764763,0.4123823923131941,0.0005195710953888,0.9286068359958828,0.9,0.6,0.1,37,0.283321528910282,0.2353809914493265
12,26,0.6996859076848985,1.1072562340900598,1.106940435853847,0.7454239742539812,0.4667032665057134,0.41499257171709064,0.0005196662719314899,0.9286638837110688,0.9,0.6,0.1,39,0.2845374961747482,0.2341769579880181
12,27,0.6976992019303367,1.1052692825944221,1.1049529919505383,0.7492098964679147,0.4647065817761559,0.4127962057356594,0.00051958582020652,0.9286156618879219,0.9,0.6,0.1,41,0.2834992338551194,0.2351782284992279
12,28,0.6869645329025897,1.0930221294547744,1.0893808629958945,0.7385418488337852,0.4548316751009935,0.41456221368853075,0.00041970995945553996,0.8080258524344962,0.9,0.6,0.1,43,0.2937429522901858,0.2302242011033161
12,29,0.6971459628198323,1.106028099365215,1.1087747406035136,0.769200928422737,0.48200436087513276,0.4149925743820434,0.00051966627203147,0.928663883770999,0.9,0.6,0.1,44,0.2839411728859753,0.2324944544350147
12,30,0.7040436433589361,1.1143430132876124,1.1202915300888454,0.7793739193033304,0.4782304311579513,0.4543365725405034,0.00061125170769462,0.6538019280729941,0.9,0.6,0.1,46,0.2923037822083879,0.240715529648387
12,31,0.7020511112731125,1.1123337092852859,1.1182616245617862,0.7778660093767662,0.4742957251673338,0.4523658334107905,0.0006111756798781,0.653756357888839,0.9,0.6,0.1,47,0.2909664379244117,0.2410218407937855
12,32,0.6798347237644667,1.0900299962928903,1.09585402014313,0.7617620856929858,0.4589157498891141,0.4381522603548284,0.0005364489130420299,0.5707458423330044,0.9,0.6,0.1,48,0.2850868524666707,0.2225180562139082
12,33,0.6447966503355065,1.0534282271377287,1.0558731756902053,0.7295635522957025,0.4225417660008419,0.4151374260367857,0.00036774742609037997,0.4361197371133219,0.9,0.6,0.1,49,0.2882711670683281,0.2283077548972356
12,34,0.6364625654217959,1.0465722293604385,1.0522406071675077,0.7215617120046259,0.4160580829349418,0.40382838539800936,0.00042200874696508996,0.46323256359751824,0.9,0.6,0.1,50,0.3104711734322756,0.2293390571297884
12,35,0.6484159756789346,1.058154146851611,1.0634613207177637,0.7430616022932421,0.45057705974962803,0.421166361111613,0.00042255970518184,0.46353151735220727,0.9,0.6,0.1,51,0.3056449883702681,0.2242220858301651
12,36,0.6245256768279892,1.0400087558661297,1.0582828381334053,0.7780575317746792,0.40575319842024615,0.40786222029222813,0.00031320969592696,0.3711232892831978,0.9,0.6,0.1,64,0.318162390507856,0.2308084691363548
12,37,0.624369421280458,1.0413280084205006,1.0628915539956592,0.7932471831354562,0.4049153775798713,0.40786222029222813,0.00031320969592696,0.3711232892831978,0.9,0.6,0.1,66,0.3359592827247412,0.2430242013571383
12,38,0.6184161817399564,1.0352780718352956,1.056772474188652,0.8218749352404416,0.3998841606465801,0.4061534337314964,0.00027863981004837003,0.3339687264185354,0.9,0.6,0.1,72,0.3146840019769313,0.2287145146564514
12,39,0.6228120436515535,1.0395842797585593,1.0609919235553165,0.8108750896354575,0.40744527730437274,0.4071069192288655,0.00031781118966621,0.37794939580182363,0.9,0.6,0.1,74,0.3121153377349459,0.2275828652926291
12,40,0.606663609089486,1.0271795336791898,1.058013269588829,0.8768613049117991,0.3953612794210078,0.3706407900090828,0.00030657388354511,0.5922137481662629,0.9,0.6,0.1,88,0.3147376968342429,0.2980987391521886
12,41,0.5949567551939106,1.0154076698160583,1.0461969085464884,0.8744114576917204,0.384782981022931,0.36933005838906835,0.00024384842903101998,0.491653323033166,0.9,0.6,0.1,89,0.3136883273004257,0.2966959262966329
12,42,0.594627910740262,1.0164131989118774,1.0503981794745278,0.8913526628388783,0.3843451520030393,0.3693354275163152,0.00025616997843827,0.4989144210073713,0.9,0.6,0.1,93,0.3140114509313573,0.2762404048547729
12,43,0.5917206883864808,1.011650692946183,1.0421040060643414,0.8924176476291477,0.3895335242902699,0.36847680271677874,0.00025637510460899,0.4993789265170686,0.9,0.6,0.1,95,0.3184128352079566,0.265548050889493
12,44,0.5906432566696074,1.0120091469601993,1.0457292250621455,0.9317024829091067,0.38139766477239745,0.3724265147930042,0.00024395724350744,0.4568473961268609,0.9,0.6,0.1,102,0.313715943048082,0.2878669581326735
12,45,0.5885154329986524,1.0107765965113196,1.0474468358466236,0.947354152146263,0.406827760969523,0.37323667187227483,0.00024580755911736,0.46209544224325005,0.9,0.6,0.1,103,0.3172455455038919,0.3000169782943256
12,46,0.5863367450052509,1.0085634864348407,1.0452145054680608,0.9486922309152526,0.3815978710902082,0.37156265304747826,0.00024131557876919002,0.45721161988267656,0.9,0.6,0.1,104,0.3157362541043768,0.2950761997585045
12,47,0.5855255720570737,1.0077139100700823,1.0443434553344841,0.9479314882349317,0.38115270318131944,0.37078472757947967,0.00024270038973855002,0.45812535645254104,0.9,0.6,0.1,105,0.3169740786030746,0.2986947148101295
12,48,0.584662657034087,1.008284405324377,1.0481831518911895,0.9825507717354467,0.3794557798162111,0.3815064418367822,0.00017565461536268,0.3568092506118969,0.9,0.6,0.1,113,0.3398060665788366,0.3187535843762291
12,49,0.5721353822412159,1.0002357683302712,1.050042610050647,0.9892600499833873,0.36675985787173637,0.3683577254118323,0.00017974847704168,0.350607706182873,0.9,0.6,0.1,121,0.3166190622922812,0.3077874017477838
12,50,0.5718908963769165,0.9982942490178885,1.044686543661682,1.0381313548263102,0.36855073645309394,0.37305793595007264,0.00015911238820562,0.3162431725895425,0.9,0.6,0.1,128,0.3228013885210721,0.3042914925146375
12,51,0.5713025432822325,1.0020184084025328,1.0582291455639439,1.0919255376542527,0.368319041597165,0.37345625512086456,0.00015903077880128,0.3159269544507339,0.9,0.6,0.1,141,0.3221685834197524,0.3069475600873765
12,52,0.5839881282312073,1.0250214846510444,1.1042783994771423,1.2924590571919035,0.38152539041590994,0.3827409887767771,0.00019651845368902,0.3675892207102857,0.9,0.6,0.1,176,0.3372179743981777,0.3226218244518773
13,0,0.969172391069325,0.9926935217641795,0.9920422748029514,0.3765678372324984,0.0,0.0,0.0,0.0,0.9,0.6,0.1,1,0.969427789187901,1.0643451285724657
13,1,1.194683584831146,1.3125688132309108,1.3084373142807741,0.7126099036774891,0.4792084484603333,0.39802114561369767,1.259583216369e-05,0.006963280832624357,0.9,0.6,0.1,3,0.8952493705984318,0.9241443684445928
13,2,0.8284942072948173,1.1753200190795363,1.1562323760112,0.6441248152416398,0.7340849557312389,0.4290279313510349,5.378014786675e-05,0.03318853178634155,0.9,0.6,0.1,6,0.5062951175574579,0.5286366362354773
13,3,0.769384542641353,1.1416449669247628,1.12577937345114,0.6320670734682907,0.44938773391143244,0.4273821909882056,8.488895821317e-05,0.06130440218968518,0.9,0.6,0.1,10,0.3902782232545123,0.4209494297740977
13,4,0.7550840189437599,1.145756582484375,1.128995370286348,0.6584616747189932,0.5858013067135409,0.47541950022150065,0.00017434290791601,0.1259055119861759,0.9,0.6,0.1,12,0.3412465421000103,0.3284845271755883
13,5,0.6315698167694584,1.0281954256194537,1.0041749258456945,0.5753891266020563,0.6553298337185,0.44449165879827424,6.184850158565e-05,0.04377977497804502,0.9,0.6,0.1,14,0.2708577124153422,0.3383540154437237
13,6,0.6255492465313449,1.0219997672671814,0.9977931679394916,0.5722341625083862,0.41321991558782795,0.4398718875084836,6.157898188518e-05,0.04428382582119182,0.9,0.6,0.1,15,0.2686154735372862,0.3334913441175539
13,7,0.5838991216106827,0.9595254118720203,0.9300639012280139,0.5471678009575454,1.0241743379858161,0.4703459194505931,0.00012397195407303,0.09034977758059969,0.9,0.6,0.1,16,0.1876599291646611,0.2320631655051483
13,8,0.5796028571859594,0.9555261662413076,0.9290782049533262,0.5489433389829061,0.44025463722507846,0.4672570978038634,0.00013396861559482,0.09586149956248394,0.9,0.6,0.1,18,0.1987629744000757,0.2564175879127975
13,9,0.5796322617109031,0.9554693126570379,0.9290005183487213,0.5514032888407078,0.4318146626005635,0.46754561586945537,0.00013263621310557,0.09504164404756177,0.9,0.6,0.1,19,0.1968563710028516,0.2505325075942339
13,10,0.5760553767275512,0.9304398732406328,0.8964457472196862,0.5491190506401131,0.7458954208217669,0.49607467267420385,0.00011363029956086,0.0765386011948228,0.9,0.6,0.1,20,0.1649294687044487,0.1789223566152302
13,11,0.5617087079199166,0.9129633562899969,0.8783846896354058,0.5365543302751863,0.4836697400707091,0.48377331686323305,0.00011497019682032,0.07806080342133152,0.9,0.6,0.1,21,0.1641219333336156,0.1860321032629014
13,12,0.564920870623529,0.9161507893995807,0.8845961833513049,0.545917432076852,0.4579187983696257,0.488473334275123,0.00011993689338091,0.084190746461489,0.9,0.6,0.1,23,0.1707067314847407,0.1859323410704268
13,13,0.5592310539915898,0.9097391641574444,0.8780556362563022,0.54516410898602,0.4519196671922163,0.4831166180764603,0.00012500381727305,0.08271842589587375,0.9,0.6,0.1,24,0.1650917454586581,0.1814175972477656
13,14,0.5642202346730396,0.9102696585005546,0.8747506251904783,0.5527478093822751,0.46334145091063467,0.4917920168227236,0.00012262158122716,0.08441483031818446,0.9,0.6,0.1,27,0.1393712945492537,0.1834133469813181
13,15,0.5256180007508406,0.8667268480406376,0.8333980557341267,0.5236064924059469,0.495684064441974,0.4586020801283407,0.00010769959375004,0.057920771771088043,0.9,0.6,0.1,28,0.1153191125312109,0.1580055406694004
13,16,0.5652220140689713,0.9027472878287185,0.8779424960142436,0.5752296381722102,0.48594463273179406,0.5124737594591203,6.842740268948999e-05,0.044774849792262136,0.9,0.6,0.1,33,0.1187076658081715,0.1630939231501064
13,17,0.5450833836371871,0.8560257411360057,0.8303316687218895,0.5515845529682756,0.6071821562737004,0.5108582794634017,7.532353659541e-05,0.04770317646684785,0.9,0.6,0.1,35,0.1006928240554273,0.1361144902517093
13,18,0.5728780456973027,0.8662325299579011,0.841200390638566,0.5684197210095483,0.5944571377879947,0.5530363208926823,7.866514436699e-05,0.051754082242222145,0.9,0.6,0.1,37,0.0870169926097698,0.1264843599277969
13,19,0.5446655631262625,0.8312369382990462,0.8146302971941606,0.5759494110681966,0.49732387760049473,0.528046119895751,7.869866437883e-05,0.04901942420068718,0.9,0.6,0.1,43,0.0749065450589003,0.1033329489705749
13,20,0.5435101237245648,0.820750249356734,0.8060552504250703,0.581758532828101,0.5079260078658059,0.5320290316868005,7.432421944041999e-05,0.04972637923642229,0.9,0.6,0.1,47,0.0702649115537839,0.0956553328369432
13,21,0.5513869391202086,0.8281182669134126,0.8133586378158749,0.5893931384139296,0.49416982456737774,0.541337191603435,6.887111821581e-05,0.046916531643249666,0.9,0.6,0.1,49,0.0711417140058535,0.0988974070970573
13,22,0.5560989103131123,0.8312690060690661,0.8194276141405835,0.6006810572788328,0.5113227900423126,0.5480630535208554,6.785361560681001e-05,0.04635403157796469,0.9,0.6,0.1,51,0.0679199265424547,0.0917813845643575
13,23,0.5489427628260263,0.8129311768449631,0.7996874257217709,0.6024405542654616,0.5938748393699201,0.5450989337812783,7.678070851929e-05,0.04693928688729025,0.9,0.6,0.1,52,0.06128937667195,0.0917896348232633
13,24,0.5260091340082155,0.7742169463753547,0.7621924864825496,0.5717715847610311,0.6211027147874822,0.5263850355756694,8.5959915844e-05,0.04723921026954772,0.9,0.6,0.1,53,0.0692480724425501,0.096776332550106
13,25,0.5171112127827486,0.7444890193436856,0.7300164360694267,0.5594395646879652,0.6459041399768951,0.5221409905026989,9.732331329521e-05,0.06275703189605253,0.9,0.6,0.1,54,0.0472628130104898,0.0716755538940024
13,26,0.506108542144174,0.7353418275901509,0.7273500508465128,0.564509085484997,0.46700497059468865,0.5103441008523181,9.957853492606999e-05,0.06206648969266909,0.9,0.6,0.1,60,0.0505591237585353,0.0604700408919449
13,27,0.4956543643415836,0.7218297912231383,0.7134857252303756,0.553550709240456,0.4803993813565115,0.5006186220928189,8.830711719214e-05,0.054069639142706266,0.9,0.6,0.1,61,0.0669450445326291,0.0778065416412313
13,28,0.492286235125776,0.6982609822390985,0.6876250915439585,0.5511137303613534,0.5374890822362332,0.503012287991568,8.580333893474e-05,0.05398684289950211,0.9,0.6,0.1,63,0.0519000670750874,0.049921492365897
13,29,0.4928555085186722,0.7001979420059204,0.6928527842567914,0.5590392395218818,0.4592826746293515,0.5036914459276319,8.575207457945e-05,0.053910233795797076,0.9,0.6,0.1,65,0.0518300245382475,0.0499271417055191
13,30,0.4994651385188855,0.6992268043795027,0.6941769611889799,0.5672323916797538,0.5023984740209056,0.5136052281884577,8.542528023318e-05,0.05332311760647821,0.9,0.6,0.1,67,0.044652082492644,0.0487023024500359
13,31,0.4973451969416704,0.6918468611487586,0.6830757047379288,0.5728307328245661,0.4807853097809542,0.5121881378820318,8.564656804381e-05,0.053920649605466484,0.9,0.6,0.1,69,0.0547754556358211,0.0604923806487103
13,32,0.5005314657192708,0.6920563650736623,0.6829572736494245,0.5831306595996144,0.48163953482077765,0.517514726421635,7.150632842044e-05,0.044954346463608665,0.9,0.6,0.1,71,0.0571182230985029,0.0598926714457915
13,33,0.5030701629932303,0.6948317803662474,0.6888994689748543,0.5937629060665209,0.4779233750720233,0.5206610030263245,7.152207488561e-05,0.04496344520519655,0.9,0.6,0.1,73,0.0572923541240996,0.0628632980382079
13,34,0.506797691546579,0.6990885722077547,0.6963553009355362,0.6091364721273542,0.47953842978570005,0.5252929285782113,6.944271262127e-05,0.04280972345121772,0.9,0.6,0.1,76,0.0546314037989007,0.060487271011641
13,35,0.5317329424732177,0.7277690616809676,0.7380058404130079,0.6990831140646364,0.5039536921388411,0.5537575494206431,8.238372789771999e-05,0.04165595307325531,0.9,0.6,0.1,90,0.0451749294957395,0.0488744230975895
13,36,0.5293695462194536,0.6948604743836205,0.6986622097389728,0.684546704302471,0.7210436771629244,0.5579794567275197,8.236745936477001e-05,0.040686865200978035,0.9,0.6,0.1,91,0.0389180595399024,0.0538267685846854
13,37,0.49715613088560306,0.6349021675203471,0.6389316283137344,0.6452791251311331,0.5858083407825564,0.528198850884791,8.25050878993e-05,0.039450884392758054,0.9,0.6,0.1,93,0.0334747905275312,0.0451666549883941
13,38,0.4966955045142831,0.6331491790133091,0.6401942658528437,0.6527302608595001,0.48932535664812454,0.528198850884791,8.25050878993e-05,0.039450884392758054,0.9,0.6,0.1,95,0.0340425251862871,0.0420720500030297
13,39,0.5055801751875209,0.6472268767004714,0.667410547256214,0.6912350308021151,0.4891101460091115,0.5385231010459787,6.800080810017e-05,0.03678869503476973,0.9,0.6,0.1,103,0.0353410702504746,0.0375476683433932
13,40,0.4923399549355564,0.6227600228666553,0.6260294720043064,0.7062694300313394,0.481107131131491,0.5218358103143088,8.824426224975001e-05,0.0605325920749862,0.9,0.6,0.1,108,0.0307704233835034,0.0382658065497622
13,41,0.48473807228905524,0.6074369137535363,0.6099091951092092,0.7011288570109769,0.49693020027350726,0.5147384855853578,8.963833120985e-05,0.06060808836002914,0.9,0.6,0.1,110,0.0290992602209046,0.0335431872524697
13,42,0.5005912081092716,0.6223791884191501,0.6247577017587206,0.7188926447160835,0.48861423786111235,0.5348988723741456,5.553540487978e-05,0.03931232677307257,0.9,0.6,0.1,112,0.0342467152636048,0.0393412981616899
13,43,0.5014282299262179,0.6216082039933929,0.6269727707021252,0.7354210742406484,0.4977265584214536,0.5362047342240762,5.772260607474e-05,0.040684516308975134,0.9,0.6,0.1,114,0.034131970676224,0.0386240529438344
13,44,0.5002901064176867,0.620511156636256,0.6290315282543456,0.6687120272444953,0.4892223565645951,0.5350806775646844,5.9386918466809996e-05,0.04162435032463928,0.9,0.6,0.1,117,0.0346922447847353,0.0408405444895654
13,45,0.4983341722591356,0.614730349288585,0.6228587654412806,0.7457321878064078,0.5114715130091378,0.5332820500069261,6.057982950661e-05,0.043972538657337384,0.9,0.6,0.1,118,0.0357755455765156,0.0412246028409146
13,46,0.4965123428196483,0.6117515151492775,0.6197615474534395,0.7609534881823938,0.4854643392918138,0.5320889515950001,5.323977826903e-05,0.03824830054613958,0.9,0.6,0.1,121,0.0358042649148678,0.0417923756088493
13,47,0.49118255547906464,0.6055135245052429,0.6134306859183949,0.6797175766645472,0.47914643307805727,0.5260195169218449,5.494955333166e-05,0.040902773326367464,0.9,0.6,0.1,125,0.0373782282544666,0.0434803043615618
13,48,0.48931430137579845,0.6030096134497971,0.6140141976047628,0.7830095026377418,0.48352072870757407,0.5248271635985811,4.891723652586e-05,0.036107132265116436,0.9,0.6,0.1,127,0.0369876485537365,0.043707973957462
13,49,0.49334462684837327,0.6076530158402023,0.6218726757679304,0.7102182743775352,0.4863894259246691,0.5295901238680412,4.776960983317e-05,0.03483517496581635,0.9,0.6,0.1,128,0.0359429526909735,0.0418202864693271
13,50,0.5007487631305615,0.6077020386872867,0.6211728985743045,0.8101200409364755,0.5403572535908884,0.5396370698281323,4.813962835413e-05,0.028913025247383317,0.9,0.6,0.1,129,0.0324620513785735,0.0404068049304164
13,51,0.4797636190493769,0.5862899616471469,0.5997174665119395,0.7925143552577547,0.46916469135442856,0.5163781821576161,4.786689680809e-05,0.028988172374981427,0.9,0.6,0.1,131,0.0311896797430779,0.0334692152656308
13,52,0.5029901693742103,0.6077067406342648,0.6241040129955262,0.8270450615556706,0.5029564909373977,0.5430280271401104,4.3240514746100005e-05,0.026010140617319526,0.9,0.6,0.1,133,0.0343473971852474,0.0413612038560841
13,53,0.4841103723273437,0.5890453492649309,0.6086183689111387,0.8324411853128642,0.4748877682310258,0.5222044453158405,4.178100474107e-05,0.02638359880146032,0.9,0.6,0.1,137,0.0409344883145003,0.0456529166986818
13,54,0.4938488486503048,0.5976922855462158,0.6171547808843016,0.7488658808420392,0.4863546663505068,0.5333249607885013,4.194825219998e-05,0.025167615924701955,0.9,0.6,0.1,139,0.0382739957758807,0.0427426730923348
13,55,0.4936976184724041,0.599909825959979,0.6290734835320048,0.870164611364575,0.48432360383751116,0.5331539324530439,4.749365997655e-05,0.028033564864169226,0.9,0.6,0.1,148,0.0346121613896192,0.0397241248513397
13,56,0.5018120073367074,0.599926242424114,0.628273036792836,0.880424718133889,0.5200841322499384,0.5435412018111574,4.445048340172e-05,0.026379325630716672,0.9,0.6,0.1,150,0.0334627170807841,0.0376806539280907
13,57,0.5007609296825624,0.5993188811336614,0.6308649844161559,0.889311385814728,0.4946054197541962,0.5425697019655806,4.317849904783e-05,0.025979639317834896,0.9,0.6,0.1,152,0.0341200387609708,0.0383443945463802
13,58,0.5001938146445022,0.5975904759852187,0.6290195435390042,0.9023689739195195,0.4932641695363272,0.5420062004839368,4.244463672666e-05,0.026902508677683293,0.9,0.6,0.1,155,0.0372195172030731,0.0343276477917553
14,0,0.9889246309552481,0.9980228135734265,0.9978465920255832,0.3799376657193966,0.0,0.0,0.0,0.0,0.9,0.6,0.1,1,0.8885407810310084,1.0626028581794889
14,1,1.2644684160041408,1.3592117491232194,1.3560022922165031,0.7575809397096283,0.5000556445357814,0.4382670846711308,1.11109036484e-05,0.007739157130780357,0.9,0.6,0.1,3,0.9008205704030292,0.9789629261693428
14,2,0.9464645165175707,1.2450945825839637,1.2308425799928688,0.6913874423423794,1.16829456829868,0.4289508407579918,0.00031825244118222,0.18749956458828843,0.9,0.6,0.1,4,0.5346954717723651,0.4451609936432334
14,3,0.9378815195302467,1.2403200240115468,1.2257510307941102,0.687920508858083,0.42568976961102706,0.42792858745990076,0.00031142076661982,0.18455999578937418,0.9,0.6,0.1,5,0.5335354701967521,0.4425392153066464
14,4,0.8862898640933992,1.2156602298195742,1.202035332853786,0.6767911112071293,0.5673858229739362,0.42855980115542414,0.00030945455767953,0.1822414753215556,0.9,0.6,0.1,6,0.4814856630333173,0.4052710317094117
14,5,0.8440135188893177,1.1856787496835515,1.1672232286168995,0.6574519175280042,0.49812073254344613,0.4232651077332842,0.0001793299925882,0.11696383255948564,0.9,0.6,0.1,7,0.4552801630691618,0.368371819174807
14,6,0.8285447681785132,1.1770700828229244,1.1577649244982082,0.6543186925443214,0.45239697544652335,0.4245328435266017,0.00017740991500484,0.11480628866791333,0.9,0.6,0.1,8,0.4345473920461539,0.3562268533460841
14,7,0.8246060165208254,1.175903347713231,1.1562330633327185,0.6566287660341811,0.4218345802047996,0.4279614071096566,0.00017619518172708,0.11325358762660896,0.9,0.6,0.1,9,0.4251324510872464,0.3514065526281677
14,8,0.8228469698282286,1.1753692081604958,1.1555330741796461,0.6587495052354193,0.40938785755791046,0.4295692881612995,0.00017531769181666,0.11205429165560661,0.9,0.6,0.1,10,0.420419222871684,0.3493359482258791
14,9,0.7781181630907082,1.1450387513287958,1.1266283506075874,0.6406923453911967,0.4201355406239345,0.42541747810183617,5.797048983652001e-05,0.0427306108520104,0.9,0.6,0.1,14,0.4481363935265813,0.4888363279414955
14,10,0.7648052379950793,1.1371367171792504,1.1212576943830463,0.6482519285246826,0.4122842618754559,0.424801474971788,5.2645350324220006e-05,0.04114850837102947,0.9,0.6,0.1,16,0.4486897076847981,0.4592007886262091
14,11,0.6915669489525136,1.083998895403903,1.0625284768229748,0.6203620251519957,0.5893118455524603,0.4370127397590899,3.470205894223e-05,0.027309012954674916,0.9,0.6,0.1,18,0.3466502892337861,0.3625908876159033
14,12,0.6732927563737436,1.0677156308935416,1.04500520638602,0.6113760192832511,0.47940472776512605,0.43427888957285976,3.723136753885e-05,0.028188394356733,0.9,0.6,0.1,19,0.3397170923342318,0.3484646780471233
14,13,0.6441375694815843,1.0413932319517145,1.0205073460358052,0.5980027152728193,0.4166086160296453,0.42168074821268714,4.023142232925e-05,0.02949574731492163,0.9,0.6,0.1,22,0.3120318729073865,0.3531258914802333
14,14,0.5595323185860644,0.959818711794768,0.9472056869749781,0.55288552446778,0.4644733513459914,0.38601173971514496,4.10654685804e-05,0.030072949994452213,0.9,0.6,0.1,25,0.2523607069454972,0.2988623269457926
14,15,0.5718468229438866,0.9625314037547402,0.9430948519634447,0.5759782918502624,0.6378348972001701,0.4351947605976279,3.409594234787e-05,0.024294184060777595,0.9,0.6,0.1,26,0.1993974958509879,0.2198156601312924
14,16,0.575171223762592,0.9659912835232403,0.9522339473086333,0.5962668894621024,0.4212332576237808,0.44653421592701137,4.398188287346e-05,0.0313381557622009,0.9,0.6,0.1,30,0.1943455156263337,0.2227676450688969
14,17,0.597654354499473,0.9830382039456589,0.9677552171469457,0.6423114357892951,0.4566830634982186,0.4853955556160786,3.7738561072049996e-05,0.0232644322952886,0.9,0.6,0.1,36,0.1735242276521165,0.2046935609099946
14,18,0.5640166630861623,0.9253974818718597,0.9015183511770088,0.6042929052780145,0.8247372940095467,0.48569015106659347,8.332712590686001e-05,0.05251314828299353,0.9,0.6,0.1,37,0.1635631310547231,0.1458183578784475
14,19,0.55256341955262,0.9139742599995938,0.8964181831325239,0.5995819369269013,0.43429495813349944,0.4760311914629739,4.301891121811e-05,0.02777727028502444,0.9,0.6,0.1,38,0.1213890168501556,0.1721346192458628
14,20,0.5570809004241577,0.8940867978849047,0.8723188822290547,0.6007527004282875,0.7496610496099234,0.5042167485528637,6.836987678645e-05,0.04763064696460757,0.9,0.6,0.1,39,0.1791427291144401,0.1665161505983027
14,21,0.556959160707622,0.8936860392236088,0.8718735524648276,0.6033750045102912,0.46177991469930835,0.5043280775434394,6.834977223197e-05,0.04762273419449338,0.9,0.6,0.1,40,0.1784898400913697,0.1662607860063991
14,22,0.5459405504782635,0.880184458139852,0.8548556086287972,0.5931796309552977,0.46844727647367856,0.49282412551959687,7.802159115232e-05,0.054732701120559196,0.9,0.6,0.1,41,0.1193771546555609,0.1302149706559224
14,23,0.5219113001525498,0.8100473552304539,0.7812142449045408,0.5594849925498258,0.6867955078743684,0.4992629788261855,7.268230714979e-05,0.044479602987272514,0.9,0.6,0.1,43,0.1046987551139281,0.1001931728521297
14,24,0.522908094068712,0.7994391311976641,0.7721981673656538,0.5624610679680087,0.520143986549914,0.5067518677433382,7.471575694938e-05,0.04822604712766328,0.9,0.6,0.1,45,0.1091940916016773,0.0948784325917382
14,25,0.5201001369690255,0.796432441471031,0.7691630481676216,0.5602245299656052,0.4606678048625721,0.5040414254134813,7.206008503394e-05,0.045757990385401966,0.9,0.6,0.1,46,0.09594623614922,0.089236474488756
14,26,0.5136832277132831,0.756762500586642,0.7253677033215177,0.5433346355326434,0.7496800938987067,0.5115772050575506,6.302407596768e-05,0.04414421813898713,0.9,0.6,0.1,47,0.0728392438516679,0.0764229210962469
14,27,0.5014017967577846,0.7193911444474893,0.6881738822753752,0.5231390773104339,0.5692085975144286,0.5072963083021387,6.414805885777e-05,0.04490535048156415,0.9,0.6,0.1,49,0.064985012955259,0.071585389997048
14,28,0.45747639384689315,0.6223564327790779,0.5852141249209857,0.45886627363571525,0.6352643501385219,0.4731502239428327,5.830838431254e-05,0.0466741879371103,0.9,0.6,0.1,51,0.0527799396889419,0.0527693233973353
14,29,0.4576275048784376,0.6239681019032016,0.5901271205183644,0.4733265993075127,0.4307923967313012,0.4733346599540061,5.825240421386e-05,0.046608169172847665,0.9,0.6,0.1,54,0.0528185107958651,0.0524818445845569
14,30,0.45522049070088455,0.5977673712330963,0.5645232317031461,0.46532644688672464,0.49579804140005446,0.47651255567110357,5.646220145122e-05,0.04491893850490012,0.9,0.6,0.1,57,0.0455060081963356,0.0542702028398332
14,31,0.45512541681489666,0.5931485328889538,0.5594260703433104,0.4660459991265404,0.46723121851627275,0.4763567167372411,6.770379469237e-05,0.053731589207586646,0.9,0.6,0.1,58,0.0478375202033747,0.0386046230487674
14,32,0.4527637680110917,0.5418685897606974,0.4999199851738199,0.43956170226018537,0.6104467931693501,0.48220501343749117,6.902208424045e-05,0.055357769158990294,0.9,0.6,0.1,60,0.035033472653828,0.0287071590429013
14,33,0.4513095547284486,0.5313444151163043,0.4916296672863847,0.44065512055408534,0.47576204876614303,0.48220501343749117,6.902208424045e-05,0.055357769158990294,0.9,0.6,0.1,62,0.0339003420801647,0.0283174192018488
14,34,0.4569198875501923,0.5362427223436788,0.4964557552920522,0.4546247674604208,0.447774360506502,0.48859393831141934,6.772884053531e-05,0.054951237642843924,0.9,0.6,0.1,64,0.0322790802076395,0.0271943909449325
14,35,0.4460114794036069,0.5136285969117934,0.48212318587324116,0.479777936278937,0.44905646639418856,0.47956365623392444,6.233149740594e-05,0.04857353086074758,0.9,0.6,0.1,73,0.0339799445360634,0.0262514875908143
14,36,0.45316180561709557,0.5237543456184991,0.5020126023881301,0.45271723820846665,0.446484504429403,0.48706087767952294,6.767322896104999e-05,0.054496262544586775,0.9,0.6,0.1,77,0.028654890442451,0.0253281132813836
14,37,0.452350484625738,0.5049649848643171,0.4782705682362309,0.5134082301738058,0.47350095724908775,0.4885220873084907,6.586876857380001e-05,0.05325969404322115,0.9,0.6,0.1,81,0.0348886407131998,0.0265093833412172
14,38,0.44975667128557395,0.491618142235782,0.4638560338222986,0.5104059653241613,0.4805676786828355,0.4867509404702725,6.826362733705e-05,0.05550770315683429,0.9,0.6,0.1,83,0.0290402786939171,0.021925710952889
14,39,0.45031333657470846,0.4817995790137891,0.4561700221034327,0.5169452898126047,0.4860482174153756,0.48879785387133884,6.859131140344e-05,0.055506417159592036,0.9,0.6,0.1,85,0.0280495917889671,0.0209265652541772
14,40,0.4499029204924061,0.4813737695923686,0.4557427002364552,0.5161897728756483,0.445205334783842,0.4883775892364078,6.826865949275e-05,0.05520279588300732,0.9,0.6,0.1,86,0.0279122723199559,0.020921469889808
14,41,0.45119368914531693,0.48229474371066744,0.45978511974888636,0.5262250822662558,0.4593079679152369,0.48984640541033053,7.023920324676e-05,0.05683994716824181,0.9,0.6,0.1,87,0.0278895311965846,0.0208166798249256
14,42,0.45262539765691195,0.47524021923353893,0.44873827785062587,0.5270565139969344,0.4962151645234792,0.4923900065965006,6.815510913402999e-05,0.05546378848294839,0.9,0.6,0.1,88,0.0287235498789046,0.0201596899833635
14,43,0.45375444368289874,0.47632702214053024,0.45613783875318537,0.5621912125904829,0.45311788491018706,0.49501633972898085,5.6825643096379994e-05,0.04624228931989631,0.9,0.6,0.1,95,0.0297631610778266,0.0199261931410665
14,44,0.4545695088763001,0.4746729781693332,0.45424186456747795,0.5550133720351508,0.4679570070837875,0.49512301372157536,6.875280261157e-05,0.05581365219986136,0.9,0.6,0.1,96,0.0272177166610013,0.0189031002241145
14,45,0.45461154039088225,0.4739929419628602,0.4534911256659071,0.5546251529807249,0.45623414724768024,0.4952500907278947,6.877430299044e-05,0.05580227337743832,0.9,0.6,0.1,97,0.0271556246093528,0.0188662762505204
14,46,0.45545671201797094,0.47470366478780907,0.45734746765166534,0.5643320822359914,0.4578767740248976,0.4962276527734248,7.031065099097e-05,0.05704883942610165,0.9,0.6,0.1,99,0.0269128877712643,0.0187287942224556
14,47,0.46148270977247385,0.4765284537217079,0.46192064265104393,0.6203426376804286,0.46277835312761356,0.5054452044309049,4.887695310385e-05,0.03997980629805524,0.9,0.6,0.1,109,0.0294031052301163,0.0237810764599534
14,48,0.46139026376855063,0.4809252229943699,0.4762331064724855,0.556741590119991,0.4588527597184529,0.5053409816689022,4.888197519058e-05,0.040000377871206055,0.9,0.6,0.1,112,0.0293073869138329,0.0236488962216785
14,49,0.4491565804022216,0.4649601211923208,0.4567446885716091,0.6610184213181355,0.4479725720409511,0.492837303865651,4.012167034268e-05,0.03236577097276807,0.9,0.6,0.1,125,0.0333808993270087,0.0208907303457808
14,50,0.4451904363169365,0.4647870481357954,0.4727382117740244,0.7712455862998459,0.4445798708719053,0.48876411525282093,4.346885122736e-05,0.032806455144249985,0.9,0.6,0.1,143,0.03064094894354,0.0186963406252455
14,51,0.441519159091317,0.45813941286312687,0.46580083640846986,0.8447667209489729,0.4407073199203037,0.4850136937485672,4.098310314993e-05,0.0326062509084215,0.9,0.6,0.1,165,0.0364435515324695,0.0255339484060191
14,52,0.4449158098278635,0.4554356191024884,0.4625041558453597,0.841545650698418,0.4847528541789392,0.49053805666697636,2.833599301681e-05,0.02244445013636251,0.9,0.6,0.1,166,0.0330117293107999,0.0223665635924658
14,53,0.4444747646155044,0.45620943214789106,0.46655587165845835,0.8556524384068508,0.4442852374015159,0.4900691650106195,2.8330364225589997e-05,0.022507776682311336,0.9,0.6,0.1,168,0.0332904818967057,0.0229804922695817
14,54,0.44184770715895444,0.4485917081898193,0.45845416744251266,0.8669687072558079,0.4495014143154385,0.4872457314995239,3.168168117859e-05,0.02602168726367922,0.9,0.6,0.1,172,0.0355437626621516,0.0256130051727125
14,55,0.4410943401167831,0.4477641342415329,0.4607796860041816,0.8844147005614188,0.4457953739667613,0.4868557919767339,2.8442371976739998e-05,0.023383255764883475,0.9,0.6,0.1,174,0.0352178384287338,0.0249450016334097
14,56,0.4434135869872192,0.4491214794348138,0.46204389391114914,0.938210014509548,0.4434229279754926,0.48949650187341215,2.8968480345349997e-05,0.02363661922881611,0.9,0.6,0.1,187,0.0361994365227904,0.0246467030120307
14,57,0.4437060121319882,0.446652538978799,0.45614729104853885,0.9248372151351542,0.4517750996213564,0.48969229910604134,3.270535660595e-05,0.02586054664678929,0.9,0.6,0.1,188,0.0342358611666644,0.0252065602639911
14,58,0.44332741628707995,0.44904720005955956,0.4651311664151739,0.9804555339229347,0.44315631676322076,0.48933471320231026,3.201899930688e-05,0.025488859485203436,0.9,0.6,0.1,196,0.0343741604801308,0.0248045687334209
14,59,0.44312744688168937,0.4464349470124631,0.4622855981498837,0.9869445683318887,0.4591032571595107,0.4895595551278223,2.9973547047839996e-05,0.023532184116778206,0.9,0.6,0.1,197,0.0351483216478849,0.0256003089834621
14,60,0.4433074510735013,0.4461985415498879,0.4620089387372731,0.9832052442235277,0.44597236921652816,0.48976289746171064,3.0033753255630002e-05,0.023854121518897025,0.9,0.6,0.1,198,0.0351393943359753,0.0262491294823538
14,61,0.4427707362566924,0.4455951009950118,0.4613990466515681,0.989105648741713,0.443105546474908,0.4889576795586778,3.276179260067e-05,0.02577392634316259,0.9,0.6,0.1,199,0.0345440070809199,0.0259193093966261
14,62,0.4430538392054507,0.4430538392054507,0.4554242183576407,0.996790911969135,0.4519116764859705,0.48985466697963065,2.7671975054240002e-05,0.02168035738750551,0.9,0.6,0.1,200,0.0352552596856768,0.0253979329992136
15,0,0.9903316341685897,0.9983985274795911,0.9982558399346052,0.3801752415775947,0.0,0.0,0.0,0.0,0.9,0.6,0.1,1,0.8829391916661531,1.0627532136653417
15,1,1.2002844215617876,1.3043779330662082,1.3008020871761525,0.7021271375759176,0.46315319765879126,0.3820328284253232,1.218639761945e-05,0.00661136683947137,0.9,0.6,0.1,3,0.8132968462150766,0.9235323653580444
15,2,1.0660948585600207,1.2921098954775665,1.2827854578999442,0.7180767667467872,0.7940894887677685,0.4270218354751756,0.00023697882377853,0.12264847854195565,0.9,0.6,0.1,4,0.5454824767994169,0.7955571256207533
15,3,0.9478883015971092,1.2416320108523546,1.2277753514020604,0.6915779248767108,0.5537395173318742,0.42899949996654696,0.00021112413971255,0.10872257923383424,0.9,0.6,0.1,6,0.4688382329101995,0.5463863982733312
15,4,0.8834203779660754,1.2088391983218998,1.1921575102441402,0.6722834124617929,0.5912775076197514,0.4295226889761538,0.00018933285946749,0.09317147790907651,0.9,0.6,0.1,7,0.4194299493924817,0.5181947855206225
15,5,0.8876206998470343,1.2354568010276503,1.21973598913077,0.7110606951498984,0.6094897511251682,0.48657063167621184,0.00018690076008232,0.09399876156251247,0.9,0.6,0.1,8,0.508656091208372,0.3851008096460568
15,6,0.8171292823028894,1.1727182183043137,1.1559844942122879,0.6534812926341278,0.4664325655107608,0.4298562813690035,0.00017406845666212,0.09076361809769792,0.9,0.6,0.1,9,0.3602799667164159,0.4652921306062656
15,7,0.816873522385239,1.172455008668293,1.1557193867063185,0.6532242336793368,0.3958612648630428,0.42955453596800486,0.00017630507057813,0.09104696220945506,0.9,0.6,0.1,10,0.3597946596713795,0.4640958605997772
15,8,0.829241173002693,1.1895302551482616,1.1756512006060276,0.6759387458568995,0.4477241539318782,0.44914763357389703,0.00023352229260421,0.12049682787091787,0.9,0.6,0.1,11,0.3583819834492215,0.4551629476599953
15,9,0.8017780018782177,1.1851003924508563,1.1668232924181767,0.6941897462148429,0.7647904804455835,0.5052515240096622,0.00013247782514616,0.0653088801697057,0.9,0.6,0.1,12,0.3075875070313754,0.4492547008419504
15,10,0.7987482489628768,1.182581659015293,1.1642307876828413,0.7024911733876535,0.4658154659337265,0.5028099552122698,0.00012383259438373,0.07042568377445876,0.9,0.6,0.1,13,0.331874534302884,0.5005356357965852
15,11,0.7206707832213908,1.116825293561639,1.0973149700545906,0.6489376255576271,0.750605296238991,0.48430842889564474,0.00012422719497752,0.06533422447732429,0.9,0.6,0.1,14,0.2301363068973897,0.3674185881303446
15,12,0.716987988791635,1.1150310285859386,1.0983907130508115,0.6621247222932065,0.45886731587507573,0.48606048658475837,0.00012451519058254,0.06549046790974346,0.9,0.6,0.1,16,0.2298263423379328,0.3626609056537777
15,13,0.7080590985233646,1.1061672830580724,1.0894558225976374,0.6560534692462308,0.44090277613038814,0.47718958969148756,0.00012309401317547002,0.06467998733863375,0.9,0.6,0.1,17,0.2262812370488351,0.3561811448363668
15,14,0.6756633811656767,1.073196690272466,1.0509383807793582,0.638827858449726,0.5071484686197784,0.46808732661701163,0.00011625923904835999,0.0833991114464607,0.9,0.6,0.1,19,0.2878128238059795,0.3570613471639162
15,15,0.6630602886909499,1.0565619331459304,1.0302732528613687,0.6531580540546031,0.7368761668304753,0.4966015618589059,0.00015089627566280001,0.11240151220357164,0.9,0.6,0.1,20,0.2374198702067481,0.3224075867771225
15,16,0.6775688659333207,1.070925263541673,1.0471091283363039,0.6816883072339802,0.4949074174208076,0.5253303156890785,0.00013636413581437002,0.07602609267150505,0.9,0.6,0.1,24,0.1978083926687909,0.3196178357747692
15,17,0.5667729433985473,0.9531891436800697,0.9295684407400269,0.5779120837795033,0.6111694081932717,0.4300475821824009,0.00012814874148263,0.0902048252827592,0.9,0.6,0.1,25,0.2219858876200495,0.2641813484152544
15,18,0.5649768138983225,0.936180610871704,0.9086339730142597,0.5736149365262808,0.6943602342178994,0.4582501918803953,0.00015591596953159,0.1066029606741087,0.9,0.6,0.1,26,0.2227622764655698,0.2630693266943482
15,19,0.5457487759707951,0.9145888726794023,0.8893573671287112,0.5673091646898409,0.48694717227752227,0.4470052135479889,0.00012692633471042,0.0881881217994949,0.9,0.6,0.1,27,0.220514058399491,0.2450591791105689
15,20,0.5183079430725006,0.8650250725543374,0.8357079214756871,0.529058902627612,0.6826033300393842,0.4430729746270852,0.0001234371442759,0.08635389832123927,0.9,0.6,0.1,28,0.175147901686864,0.1921404260792799
15,21,0.5178653915590397,0.865614624117103,0.839521909567585,0.544125460122673,0.41027117518751327,0.4430729746270852,0.0001234371442759,0.08635389832123927,0.9,0.6,0.1,30,0.1738138615653428,0.1911424850741129
15,22,0.5896181053296975,0.9248359398988091,0.8935860353789677,0.6264467100792627,0.5210078661329651,0.5338448270097054,0.00010636939226904002,0.08446615727082506,0.9,0.6,0.1,34,0.111536857222821,0.1667289655823221
15,23,0.585970693746993,0.9209199010096977,0.8926902191764609,0.6320578629488727,0.4916835524433364,0.5328982674116145,8.843630075909e-05,0.07094793448924519,0.9,0.6,0.1,38,0.112567792870161,0.1726871066219888
15,24,0.5857047968784784,0.9219136649441209,0.8969527024415271,0.6424677080905821,0.4874624101507368,0.5329521073669411,8.699577726564e-05,0.06954418868403399,0.9,0.6,0.1,41,0.1077885915721665,0.1667414813495553
15,25,0.5827456783254784,0.9177364232476625,0.8925805955802103,0.6678621329117075,0.4981443456157053,0.5307243614391736,8.7595125586e-05,0.06968193172922073,0.9,0.6,0.1,42,0.1110217645955921,0.1673941871703106
15,26,0.5873765156256159,0.9211244689644954,0.8988399981721081,0.6678177403425528,0.5214412217690696,0.5382464029401789,8.675110686422e-05,0.06958658952758986,0.9,0.6,0.1,43,0.1060138173068261,0.1637035204000285
15,27,0.5245208191347721,0.8583477089619613,0.8360592642612574,0.6224670682618132,0.42928614470198145,0.46819569023671437,9.871948238952e-05,0.07264933646018651,0.9,0.6,0.1,46,0.0966377962175843,0.1366620868231392
15,28,0.5813565310633697,0.9066999691252298,0.8831201897459104,0.6768073866052992,0.5793158359519185,0.5383122999923731,8.751111422901e-05,0.0700708878391835,0.9,0.6,0.1,47,0.0999581665533455,0.1554302141346478
15,29,0.5162484277905233,0.8143974119035169,0.7931177746948055,0.5992900871623016,0.50420143248876,0.486720883833667,8.722727752706e-05,0.06504796501850858,0.9,0.6,0.1,52,0.0948765695300871,0.1276802476726088
15,30,0.5147644514122255,0.8078178211983426,0.7858518731742868,0.5960532821616352,0.493166328167244,0.48791596722610775,8.796656063963e-05,0.06549161003085044,0.9,0.6,0.1,53,0.0862866461255053,0.1187301452321213
15,31,0.48538595423058956,0.7676760321887053,0.7442914260954394,0.5672765296558895,0.5195634442902435,0.4613026671865694,8.712714154805e-05,0.06276640098953816,0.9,0.6,0.1,54,0.0766117162939702,0.1030160234680463
15,32,0.4793199270438267,0.7557530358218844,0.7347261721630908,0.5611672246819938,0.45146929883480413,0.45757873549073114,9.277707676786e-05,0.06836113655093078,0.9,0.6,0.1,56,0.0757150042762639,0.0972921515552142
15,33,0.5033304714650513,0.7720543540357103,0.7500504177737112,0.5933938474088966,0.47981991554722914,0.487154980107476,9.773138599773999e-05,0.07478186570866091,0.9,0.6,0.1,58,0.077117502396837,0.1043122514478986
15,34,0.4640083592887408,0.732543681464584,0.7136346104748954,0.5828771364637927,0.4093878389217824,0.4444501848177479,0.00011288758858698,0.0725680026397241,0.9,0.6,0.1,65,0.0691653499480666,0.0945614448996586
15,35,0.4686715980332076,0.7342027163183146,0.7180383329416354,0.5943168145043478,0.4331648221392742,0.4515568246266467,0.00011589510998711,0.07311014298940913,0.9,0.6,0.1,67,0.0712281839346955,0.0923550558775952
15,36,0.47644106020715454,0.7423761394866286,0.7293816769461654,0.6080231172335759,0.43134326528863937,0.46230440016248675,8.254332574358e-05,0.05853631820320319,0.9,0.6,0.1,68,0.0659047904975756,0.0856216696994375
15,37,0.47493754632678303,0.7379104232982964,0.7245506502341729,0.6112397297173969,0.4468613215024556,0.4616492253208625,8.38330712476e-05,0.06075506695915876,0.9,0.6,0.1,69,0.0638716598168239,0.0847302536153463
15,38,0.4748892271926011,0.739312295103624,0.7292519961101264,0.6203834231364225,0.42178702135901347,0.46157388468690314,8.404759210791e-05,0.06113350354919146,0.9,0.6,0.1,71,0.0636784588386326,0.0847442044388242
15,39,0.48478310657988155,0.7504124555677879,0.7436216467537174,0.6390826065870733,0.434076092904804,0.47211999213995587,9.18657425533e-05,0.06622177104882838,0.9,0.6,0.1,72,0.0685372806388099,0.0809887235933992
15,40,0.48565312892198376,0.740030368227731,0.7287455104112517,0.6324107573529811,0.5183800840378532,0.47656994875013237,0.00010156596910629,0.07063489927023571,0.9,0.6,0.1,73,0.0690189520195915,0.0880089557449143
15,41,0.48152596115825663,0.7365229521374628,0.7284383295296313,0.636916216938119,0.4357740193007293,0.47207225627821703,0.00010521651639755998,0.07283726077702517,0.9,0.6,0.1,75,0.0711201932236379,0.0899741820324177
15,42,0.4817120653672194,0.7364610691009952,0.7283465612586839,0.6401690554986881,0.4345522350538018,0.4723943762281526,0.00010483472637499999,0.07267443309586756,0.9,0.6,0.1,76,0.0718683739739997,0.0909561925707957
15,43,0.4708010475245534,0.7195523773903718,0.7138462588055242,0.65418365508731,0.436542441919044,0.46280959365932484,0.00010782910850009,0.07549115527976462,0.9,0.6,0.1,81,0.0653636651745036,0.0842652354802129
15,44,0.47750970924695885,0.7250471672077153,0.7223247289863933,0.6723252447347644,0.4428644824594854,0.47118423010405636,0.00010795025821935,0.07618300996579797,0.9,0.6,0.1,83,0.0647823925709964,0.0840429017193194
15,45,0.47505877117754786,0.7135028855195815,0.709711620329593,0.6683265634113916,0.5060675852309704,0.4717623923601548,0.00010703306347816001,0.07545987803267931,0.9,0.6,0.1,84,0.0612347811233067,0.0787717187102303
16,0,0.9343351187278541,0.9830297063501253,0.9815171597019771,0.3704571577483596,0.0,0.0,0.0,0.0,0.9,0.6,0.1,1,1.1082280589162576,1.0620655799069914
16,1,1.2201049920786795,1.3837979833929686,1.3746194914984569,0.7926113097268762,0.6092239285859401,0.4266629110971931,0.00045112661903861,0.6692252829018692,0.9,0.6,0.1,3,0.6911828759522332,0.6730443985845096
16,2,1.1309721498303806,1.330021980961907,1.3190025628750082,0.748545146019656,0.5403295685813274,0.40251915782868325,0.00036941954272621,0.5557949586248588,0.9,0.6,0.1,4,0.6774407382143217,0.6354617119750107
16,3,0.8769211669297595,1.216925539193597,1.1961769333710401,0.6780065111168793,1.1068896545872826,0.4276201120507333,0.00017386564272247,0.2916722476423603,0.9,0.6,0.1,5,0.3967779159180651,0.4817891061661191
16,4,0.7971881644678961,1.1649742408456747,1.142767102075614,0.6493689175797378,0.5638311314518257,0.4276201120507333,0.00017386564272247,0.2916722476423603,0.9,0.6,0.1,7,0.3819377695221434,0.4149894358876762
16,5,0.7927807252822915,1.163769956841106,1.1447470685211034,0.6509012162606671,0.4191143722658517,0.427595954600189,0.00019472303101069,0.278332993422505,0.9,0.6,0.1,9,0.401540863057283,0.4331949680186766
16,6,0.760545326753693,1.1477286200143253,1.1245292953618822,0.6551514812125353,0.7280172257387506,0.49041820541951314,4.041023139737e-05,0.022024613992480024,0.9,0.6,0.1,10,0.3011954497211244,0.3731874848043419
16,7,0.6843842107591721,1.0804460823127477,1.0545066939109808,0.6199876531783707,0.6519205530827281,0.48864012766824194,5.571774955474001e-05,0.028408430220386277,0.9,0.6,0.1,12,0.236063020754013,0.3366874043477527
16,8,0.6830533245230082,1.079109866324085,1.0531592199806452,0.6221444896700141,0.44220441687461237,0.48730655090542757,5.5503558954320004e-05,0.02831035935144351,0.9,0.6,0.1,13,0.2371223046665973,0.3351128217075618
16,9,0.6842680550449525,1.0815185058878602,1.058079066780847,0.6250725652450116,0.5066650953538337,0.49741008518351426,6.93212945444e-05,0.03550754868917247,0.9,0.6,0.1,14,0.2117348194969343,0.3251289052831231
16,10,0.6750673603042521,1.072872877903953,1.051834755002339,0.6342677669792611,0.48193417765607943,0.49741008518351426,6.93212945444e-05,0.03550754868917247,0.9,0.6,0.1,16,0.2033927245167514,0.3110460610721625
16,11,1.0676791262249445,1.4550290460210404,1.4260094121007025,1.0566947251710768,0.9416058980448453,0.9718272934552022,0.00017429492765942,0.12630235347664173,0.9,0.6,0.1,22,0.1906142472351111,0.1626636473148364
16,12,1.089071605069225,1.4756576855427244,1.4492469659657592,1.0930820841075948,0.9375801862881786,1.0,0.00019523760675796,0.14207203211147923,0.9,0.6,0.1,24,0.1798751330884935,0.1575498265923879
16,13,0.9414928084213352,1.3025890516676166,1.2668940233461228,0.9461788230793963,1.2232895922500324,0.8879596268414044,0.00015432074764194,0.1057849537540478,0.9,0.6,0.1,25,0.1484797310200216,0.0858941177030144
16,14,0.9328172524980031,1.2944835607978313,1.261893541350274,0.952333813579314,0.8072947527450481,0.8800756853519314,0.00015203918059043,0.10320113600474441,0.9,0.6,0.1,28,0.1474546460596737,0.0861659286897868
16,15,0.8506604686631914,1.2032360015883308,1.1749614018999261,0.8853457947982104,0.8913976076418232,0.808051469706841,9.734447140805999e-05,0.06684500563338082,0.9,0.6,0.1,29,0.1472372502297143,0.0947415431027074
16,16,0.8816086077047597,1.2262434044598696,1.196557234544781,0.9109924803878535,0.8710751575774546,0.8512444499528811,9.715619982081e-05,0.0665549407932122,0.9,0.6,0.1,30,0.1320068495176291,0.0735898374365484
16,17,0.878195330699934,1.217440583955248,1.1837979345949923,0.9068734686699386,0.8171662426924988,0.851244444797616,9.715619920425001e-05,0.06655494029070372,0.9,0.6,0.1,31,0.1303554734486386,0.0685737449828797
16,18,0.9134712373764737,1.2469521140880633,1.221556323686328,0.9592885130997059,0.8742886460768149,0.8972842579341235,0.00012987620422846,0.08946824617287831,0.9,0.6,0.1,33,0.1150477016309219,0.0658617807324545
16,19,0.9001692940940448,1.2336435283494516,1.2082462465509516,0.9516672806539173,0.8033173238074666,0.8831067906347742,0.00012254248758817,0.08419135070707917,0.9,0.6,0.1,38,0.1151444092990488,0.0642408007965154
16,20,0.8359363256318972,1.1479841098514905,1.1131819239570127,0.8809826391486367,0.9450498133662588,0.8292962367426436,7.273822248696e-05,0.05563872410956411,0.9,0.6,0.1,39,0.1125816122428221,0.1120624322672015
16,21,0.7934186410515585,1.0903055846005512,1.0533435255956023,0.8461643766048595,0.7400112252502105,0.7909457947404317,9.75818838084e-05,0.06618676732372139,0.9,0.6,0.1,46,0.0884728911115934,0.0607869969901037
16,22,0.7998464033714591,1.095170583744063,1.067303459948656,0.8839008663635729,0.7559639516108887,0.8014731817947074,9.895389492361e-05,0.06728333252352414,0.9,0.6,0.1,48,0.0848954500182103,0.0574400632992053
16,23,0.7086674837072872,0.9701249717847131,0.9284667457228332,0.7621635104549689,0.92550328936668,0.7164366005816648,9.899946930872999e-05,0.06184652158176439,0.9,0.6,0.1,49,0.0906830534510771,0.0432004219180584
16,24,0.7112235005476815,0.9674413297527719,0.9251638294787944,0.7675693986894777,0.6735763352340058,0.7219533312288984,8.852632335302999e-05,0.054902449955079424,0.9,0.6,0.1,51,0.0681023650207099,0.0409562820734545
16,25,0.7006394899910666,0.9458005280170071,0.9052822593343471,0.7595036347761825,0.7030335980601857,0.7147326821020435,9.889561239348e-05,0.06191155693359609,0.9,0.6,0.1,53,0.0610492808175938,0.0430307778361552
16,26,0.6897960820145589,0.9374824471939963,0.9035205539389842,0.7802092127752536,0.6398823615787923,0.7037054648023525,8.724068130664e-05,0.05419027094223142,0.9,0.6,0.1,56,0.0643453296234579,0.0332331815670712
16,27,0.6239725041750678,0.8614772721958129,0.823162975068522,0.6927771150165868,0.6484127190875093,0.634369771872462,8.650615249662e-05,0.0506145228907529,0.9,0.6,0.1,57,0.0734547720629327,0.0349999819639571
16,28,0.731408490177285,0.9626671985552177,0.9267375380590172,0.8169194929159198,0.7497197469960941,0.7552764225509456,0.0001002193582855,0.06259643756506415,0.9,0.6,0.1,58,0.0609486892885986,0.0401942634578261
16,29,0.6488017061549257,0.865148058237908,0.8243405807646902,0.724332995327927,0.6624854736129209,0.668848240693258,9.507924885664e-05,0.05668885144162126,0.9,0.6,0.1,60,0.0524876009668335,0.0306145346231143
16,30,0.6977969727582328,0.9136232648186176,0.8758917935826173,0.7871949366332609,0.6647177696570026,0.7234026758285643,0.00010021175407845999,0.06117658318171839,0.9,0.6,0.1,62,0.0572326797748319,0.0325834875523006
16,31,0.6533482180647745,0.8613020360197755,0.8226667858631321,0.741573484443464,0.6775309255969493,0.6772463616196005,9.030944261064e-05,0.05483075277930398,0.9,0.6,0.1,63,0.0504788469596363,0.0274206955330185
16,32,0.639665104096359,0.8305329318059529,0.7868300437791077,0.722545952085092,0.6664659011751956,0.6664446710025187,9.637263970365e-05,0.05701565987684595,0.9,0.6,0.1,65,0.0475472491628538,0.0278747688248005
16,33,0.6975302782826012,0.8879999702727658,0.8473899678524072,0.8066803574394615,0.6676158832092197,0.7307013576643274,8.991568637098e-05,0.062277319537141204,0.9,0.6,0.1,69,0.0459822039128698,0.0285714622250357
16,34,0.6141628031715273,0.802024218718682,0.7673985808740754,0.7238166864831885,0.6039588327718491,0.6411017627635138,8.454973932543e-05,0.049270588609423786,0.9,0.6,0.1,71,0.0567615139262009,0.036035472441737
16,35,0.7100954522963099,0.8863299067067522,0.844142921742983,0.817531954275809,0.7123893319836294,0.7486974519060675,0.00010048684750029,0.06047951543317768,0.9,0.6,0.1,73,0.0454921794644539,0.0243681621559212
16,36,0.6065374202421618,0.7810236543352762,0.7480687697087383,0.7389176651762548,0.5935773948782905,0.6356334939136765,9.664094443507e-05,0.056827413862511014,0.9,0.6,0.1,76,0.0480469011837518,0.0264742959535597
16,37,0.6031452839237268,0.7701526355326556,0.7363839163813872,0.7344919619483483,0.6323257642596459,0.6336265427334441,9.696359920871001e-05,0.05748675860172314,0.9,0.6,0.1,77,0.0495516977210034,0.0264406824792249
16,38,0.6303810006115532,0.7903222335623449,0.7463588690533158,0.7529471293107816,0.6077050477449985,0.6643974024754147,9.584146829296e-05,0.05843374338005833,0.9,0.6,0.1,82,0.045088354781059,0.0270960333050852
16,39,0.622264791185473,0.7839239067816722,0.7464331602355663,0.7700074659790629,0.5984046167842011,0.6557522796699138,9.493935141447e-05,0.05780405220075214,0.9,0.6,0.1,86,0.0445136246050036,0.0268181209506219
16,40,0.5931651039147038,0.7548266299514615,0.7267678563710638,0.7545934894574657,0.5978832383068832,0.6232448389772713,0.00011689217630662,0.06865366325279186,0.9,0.6,0.1,87,0.0428136983628057,0.0294990905327973
16,41,0.6029461376943971,0.7421618013186584,0.7117124579508675,0.7541412997995602,0.6663900254149163,0.6387631533884575,0.00013318402871584,0.07045513777170656,0.9,0.6,0.1,89,0.0415976328287684,0.0231433105222671
16,42,0.6017479427427743,0.7413680107219907,0.7109614531688149,0.7726844301843485,0.5809922550616127,0.6374870890464748,0.00011447121175942,0.06931360392145319,0.9,0.6,0.1,90,0.0375741661090327,0.0262706031183136
16,43,0.6028117552341415,0.7406805122009671,0.7132369038960968,0.7562912212004663,0.6028083182786835,0.6390782314160935,0.00013328104412951,0.07144620221465835,0.9,0.6,0.1,91,0.0410090502820493,0.0229838546598264
16,44,0.5976276614948905,0.7339643399295573,0.7032117680563057,0.7737933572627732,0.5852479212036454,0.6340716650165026,0.00012453312776861,0.06477682404073962,0.9,0.6,0.1,92,0.0379553991616611,0.0213542629442738
16,45,0.5474903623392782,0.6769351197871012,0.6423106118485855,0.7187006747970127,0.5404663548131071,0.580810510143883,0.00010224145555144001,0.05251190953101702,0.9,0.6,0.1,95,0.0381781512275633,0.022991296728145
16,46,0.5430683824768958,0.6583658992911814,0.6222663966685396,0.7093042872819012,0.6220837967631285,0.5774748115870896,0.00010359607732727001,0.06232125453731677,0.9,0.6,0.1,96,0.0351599922850486,0.0200816457668172
16,47,0.5608012048290208,0.6767090842407574,0.6438227781457584,0.7463720758993853,0.5460487716389826,0.5966143791586913,0.00011340376631540001,0.0688030184324513,0.9,0.6,0.1,99,0.0367159867304379,0.0209439497034125
16,48,0.566756675044659,0.6826719463653003,0.652936755480836,0.7778136988436494,0.5522164854908046,0.603652494523144,0.00011346791450612999,0.06741756039366939,0.9,0.6,0.1,104,0.0363981093455505,0.020146773825804
16,49,0.5667566753084395,0.6826719466139671,0.6529367557295028,0.7778136990928143,0.5500973018217584,0.6036524948051456,0.00011346791449782999,0.06741756034237364,0.9,0.6,0.1,105,0.0363981090910137,0.0201467737767073
16,50,0.576020084207244,0.6929876396865785,0.6665115434790522,0.7975326210592808,0.5610658155131787,0.6134552998916998,0.00012130125105343001,0.07251648521600378,0.9,0.6,0.1,107,0.0368857258172632,0.0216056348153192
16,51,0.49345959809346057,0.5954554141621516,0.5642849101204815,0.707667928552184,0.5030437753729271,0.5262629666916683,0.00011135976183724,0.05280708852842198,0.9,0.6,0.1,111,0.0377892511902802,0.0223449587237322
16,52,0.4976887658167993,0.59489309751026,0.5632321066545002,0.7278672064719405,0.4951800475553627,0.530326117526605,0.00012071185404126999,0.06559005828550168,0.9,0.6,0.1,114,0.0383250867966835,0.021942450708532
16,53,0.4963229527106321,0.6099698699948343,0.6146646029475872,0.7344912546652029,0.4827142553894189,0.5299710572201661,0.00011191872175314,0.055231708142619455,0.9,0.6,0.1,115,0.037535056464079,0.021218860770319
16,54,0.5030601193920763,0.5968475497843638,0.5679904153190021,0.7541315133536921,0.4957367912715061,0.5392980318522292,9.69510394893e-05,0.04582002449417268,0.9,0.6,0.1,121,0.0341495632689394,0.0225735515829909
16,55,0.5124375945862736,0.6087073793035042,0.5895614074707736,0.8026166614171399,0.5017012222890818,0.5489752584940212,0.00010220611420996999,0.055355207741137155,0.9,0.6,0.1,128,0.0340587022877395,0.0220805726237025
16,56,0.5126154725877615,0.601701780712991,0.5692129660248805,0.8536541895648759,0.5004217865096624,0.547610646046894,0.00010102959876002,0.07111249780027756,0.9,0.6,0.1,149,0.0354499977074432,0.0209728584863797
16,57,0.5029162093307428,0.5890807665164879,0.5531417358508147,0.8274990011481678,0.5004708819513458,0.5369943509022984,9.62464403403e-05,0.07170624227239747,0.9,0.6,0.1,150,0.0357419237729723,0.0210061604795068
16,58,0.5029057726907825,0.5904950673993157,0.557853970887132,0.8555701184020695,0.491042875877866,0.5369943500494881,9.624644005411e-05,0.07170624200313915,0.9,0.6,0.1,151,0.0357925187562495,0.0210372142149909
16,59,0.5028726191194233,0.5903460588749103,0.5576931831725115,0.8523460664321973,0.49091390194797596,0.5369729865183335,9.626851880785e-05,0.07172997287711123,0.9,0.6,0.1,153,0.0358317178019059,0.0210548647339064
16,60,0.5034411386326293,0.5916708503977401,0.5622479557534569,0.8618800942364692,0.4963913978838492,0.5376195961461708,9.748826510093e-05,0.07263143583623596,0.9,0.6,0.1,154,0.0360009659923054,0.021181419444336
16,61,0.5093810180707623,0.6006492159878752,0.580994001125961,0.9401357173545246,0.49910500436877037,0.5462026078002077,9.570245283065e-05,0.056901130200697446,0.9,0.6,0.1,160,0.0320616252453872,0.0231598240064897
16,62,0.5035869625288515,0.5961056710273404,0.5828839338312877,0.9653303931018065,0.49485459653132896,0.5418296257502906,8.435744529591e-05,0.04082443869662017,0.9,0.6,0.1,164,0.0338483510662736,0.0235222624976604
17,0,0.9611833029944328,0.9905077121179787,0.9896617154661876,0.3738718282510999,0.0,0.0,0.0,0.0,0.9,0.6,0.1,1,1.0083008590098037,1.0586968411577515
17,1,1.1545294946027285,1.330237354033464,1.3203676627858234,0.7418835153719233,0.6075215852137644,0.4272683751889439,0.00045554939708295996,0.2056956758157387,0.9,0.6,0.1,3,0.7707898342956797,0.6730443985845096
17,2,0.9340998334151788,1.2365669663962608,1.2219958048654107,0.6841786332781554,0.9445128570652962,0.43002498814737605,0.00034925878290657,0.12817812574362938,0.9,0.6,0.1,4,0.6196611975769344,0.451520399358181
17,3,0.9165195192478887,1.229235234668658,1.2172084934272545,0.6827474022724284,0.42606002005357696,0.42998864967595735,0.00032825791510336,0.12571379053772966,0.9,0.6,0.1,6,0.5876139051677423,0.4421002688693886
17,4,0.8973988869548084,1.220985272101849,1.211391176381553,0.6876169883344756,0.41991028390791546,0.4319997824755552,0.00024925479365389,0.10852406587696538,0.9,0.6,0.1,9,0.5506317695459997,0.472811604260042
17,5,0.8706074586910456,1.2127856924361156,1.2047105694793552,0.6907557160665492,0.4719103922063427,0.43981014548658887,0.00034672545375713,0.1411025439463314,0.9,0.6,0.1,11,0.5105920391505159,0.4132934116015254
17,6,0.7487438793826048,1.1278572307047485,1.110600924346634,0.6482160700227505,0.5957175201897882,0.42957148864345546,0.00016100064788622,0.059298654446612115,0.9,0.6,0.1,13,0.4421664899396579,0.3439599222510289
17,7,0.7488257942892701,1.1295049853151475,1.1118888190713345,0.6538502278682886,0.42321463312559116,0.43531888104361904,0.00017469222244616002,0.06434144128827896,0.9,0.6,0.1,14,0.4381100044045283,0.3389641721961769
17,8,0.7648476288950269,1.1490250346289488,1.1342230232372796,0.673898242075431,0.45582082667442153,0.4584995966359768,0.00024605236163578,0.09062431834886328,0.9,0.6,0.1,15,0.4343554718387438,0.33661625045511
17,9,0.7396690729612503,1.1247980305273033,1.1097453930438161,0.6532030507926901,0.41772553460848066,0.4377497526529663,0.00017896816851954998,0.0636253732362864,0.9,0.6,0.1,16,0.4260734959797106,0.3331763065087382
17,10,0.7484603513580417,1.1373285252798846,1.1249577622736049,0.674598653813361,0.46166074837719373,0.45532707970787173,0.0002345372404398,0.08537896740358836,0.9,0.6,0.1,17,0.4206206297940389,0.3275798917049058
17,11,0.7031911630017783,1.0931402516183095,1.076632363482844,0.640728204755101,0.40424667062971403,0.41495669148338393,0.0003045501724007,0.11470526984070407,0.9,0.6,0.1,20,0.3785675012896135,0.283992563738846
17,12,0.741557258252471,1.1347393096496912,1.120892156811722,0.6964863801740363,0.47701250301838105,0.46925062969038583,0.00031904955169205,0.09931169637223422,0.9,0.6,0.1,21,0.3904582848747776,0.2824668954081895
17,13,0.730076347654788,1.1258682968189329,1.1148582028794285,0.6950855394192836,0.4435224239366156,0.46475100537722996,0.00028568584812834,0.08886381343313032,0.9,0.6,0.1,23,0.3803367443395897,0.2782018062286048
17,14,1.3345705921851627,1.7324806596709534,1.7159658634241508,1.307863216757929,1.204430901675816,0.4854157327295271,1.0,0.2324503562631793,0.9,0.6,0.1,24,0.3881020665705356,0.2880898833122233
17,15,1.3239738173215176,1.7242868917327883,1.7098947965368327,1.3101422288702749,1.104121765043402,0.48940031037341464,1.0,0.23236647795652549,0.9,0.6,0.1,26,0.3728513688780654,0.2793060754981268
17,16,0.6922881705802414,1.092542538597277,1.078267179385218,0.6806013594489982,0.4306926120050917,0.46210811409842995,0.00043480412333587,0.1448442163632206,0.9,0.6,0.1,27,0.346423723175628,0.2609492010894819
17,17,1.3230469351935084,1.7233705475548378,1.708956730276885,1.3093157565435414,1.0644648756953514,0.4886042400559436,1.0,0.23280427480262697,0.9,0.6,0.1,28,0.3724557410921928,0.2787030325475682
17,18,0.6863555732839738,1.0869020247007537,1.0715771268575294,0.6975140902872702,0.4725805971753944,0.47885825232539453,0.00014325744457176,0.05719327990556204,0.9,0.6,0.1,30,0.2927479891745548,0.2610672924084563
17,19,0.6828020496918922,1.0832168741247958,1.067070938542335,0.6972161783527674,0.4562892455667618,0.47643221910597466,0.00038701100984309003,0.1328329845658029,0.9,0.6,0.1,34,0.3240061601979792,0.2147243996079964
17,20,0.6478145610200434,1.0455001800344326,1.0289614648560785,0.7087408069375504,0.49515322728264644,0.480604866710051,0.0003848101664737,0.11806450285445531,0.9,0.6,0.1,39,0.2648343648576863,0.2018876666119575
17,21,0.6382701143501119,1.03464211748498,1.017453983152815,0.7061417798542885,0.484223104217291,0.4763834634943196,0.00038382235624654,0.12033589360161943,0.9,0.6,0.1,40,0.2600698790136875,0.1911242058654386
17,22,0.6200414993173479,1.0158231563863451,1.0010379044434596,0.7034808831073697,0.44007926482737936,0.464953959080211,0.00036378651397734,0.12141633229615059,0.9,0.6,0.1,47,0.2354621002233499,0.1867003464564293
17,23,0.6078055033885433,1.0129358542420004,1.020842558498108,0.792467738981077,0.42431798843524965,0.4533639273447576,0.00044349767654461997,0.1415331747345896,0.9,0.6,0.1,65,0.2298018180070749,0.174898419555957
17,24,0.5945218202098211,0.9995598070663607,1.00742746705502,0.788655963287313,0.4104382532582628,0.44364871355741853,0.00036117906733568,0.1000845805909918,0.9,0.6,0.1,68,0.2257873520743319,0.1745549870510921
17,25,0.604383638765215,1.0099643960854394,1.0207897215245885,0.8051413116777476,0.434294184512492,0.4536264179779632,0.00042335073743343,0.13799391098498587,0.9,0.6,0.1,70,0.2258240040076888,0.1679693201760154
17,26,0.6043792633747711,1.0099585412790126,1.0207833305969307,0.8020497429158429,0.4223524006504522,0.4536264179779632,0.00042335073743343,0.13799391098498587,0.9,0.6,0.1,71,0.2257897828948716,0.1679373369589374
17,27,0.6175655484547785,1.0182193892804399,1.0302962634396644,0.8852162384162358,0.4663114182772181,0.48751935932007745,0.00042714250906231995,0.13093646525522618,0.9,0.6,0.1,81,0.2209360759240166,0.1574495880475154
17,28,0.5961770136238608,0.997192483442027,1.012251904233027,0.8711161291172034,0.4443741669510018,0.46731848607408916,0.00038194109055606,0.12398752934947024,0.9,0.6,0.1,83,0.2121583107100885,0.1509481030172944
17,29,0.6233908555039946,1.023157748887897,1.0378729383794074,0.9068470117107439,0.46899126248108963,0.49952583007018525,0.00043531572010259,0.13207680880554307,0.9,0.6,0.1,87,0.2152271940905596,0.1559601519002361
17,30,0.5954796438439737,0.9930274253400175,1.0071524726163983,0.8873036015925441,0.48039355927159805,0.4752091921746064,0.00036150069775371,0.11627468836884354,0.9,0.6,0.1,88,0.2027566239844108,0.1604957268030666
17,31,0.6067334874609644,1.0068056509595478,1.027421713500554,0.9164406619545836,0.45330318506032913,0.48832421957473743,0.00036980658829340003,0.11945376128496606,0.9,0.6,0.1,93,0.2059318752621803,0.1492972933633657
17,32,0.5780608500086344,0.979091123071659,1.0028743567669292,0.9371673331696452,0.4250613528276561,0.4645517057518375,0.00020183996364388,0.057797211358736195,0.9,0.6,0.1,102,0.2100198743928524,0.1543882652274268
17,33,0.5868274295767004,0.9862429302670702,1.0096231089372947,0.9591185247453683,0.4635132687648358,0.4764839870585207,0.00019603050832861998,0.06717380832169371,0.9,0.6,0.1,103,0.2015699186533582,0.1510731529465986
17,34,0.5841818244982269,0.9833464770421434,1.0066648241599574,0.9466247748581902,0.4377560455660618,0.47287738042341265,0.00025103598021509,0.07728053653013321,0.9,0.6,0.1,104,0.2043215694988348,0.1508055068040898
17,35,0.5925915525284187,0.9898894686388384,1.0098125355987522,0.9754847923764969,0.4440695380441744,0.4863652777030845,0.00017069005617006999,0.04686597031844811,0.9,0.6,0.1,108,0.1955414868542439,0.1517341144797907
17,36,0.595109140746116,0.9937851180085252,1.0169843987381346,0.9961745570113064,0.44625195342392343,0.4895848100215156,0.00014972830484382,0.045266947464721055,0.9,0.6,0.1,110,0.1967037713630033,0.1514167716059115
17,37,0.5733488275516899,0.9716693231470946,0.9947823214035673,0.9740473247633531,0.4300689356157236,0.4657204949523177,0.00017479076167639,0.048418931046885896,0.9,0.6,0.1,111,0.1954121106637508,0.1530005429165012
17,38,0.5727362362599704,0.9725521504060621,0.9989697672939746,0.9945495863589322,0.4235025447962246,0.4657186491495126,0.00015405885614998,0.042492070303106706,0.9,0.6,0.1,115,0.1954268053972198,0.1529867194436061
17,39,0.5781617904204511,0.9766377519280139,1.002730229827563,1.0070975529005741,0.44257298398604683,0.4747998160069286,0.0001397054738135,0.03818600923964835,0.9,0.6,0.1,117,0.181937058627369,0.1454602049104634
18,0,0.9963523388914388,1.0,1.0,0.3811878895883399,0.0,0.0,0.0,0.0,0.9,0.6,0.1,1,0.858908301603275,1.0631344595938668
18,1,1.346457646592784,1.359161248442665,1.355512935755574,0.7439200775071171,0.37635590049081824,0.404501070371379,7.5894720342682154e-06,0.004510782114486171,0.9,0.6,0.1,3,0.7889820631132953,1.09937549079326
18,2,0.930166558381617,1.2354327202764306,1.220623001596917,0.6840261745701348,1.4015920351854045,0.42886370209050634,0.00032859355662084,0.15417547169976345,0.9,0.6,0.1,4,0.5341322784170862,0.4426163974357818
18,3,0.9279676902179484,1.2340239650018412,1.2191461427767987,0.6828984170619256,0.405656072792128,0.4295972845721362,0.00030481549339353,0.14127069701244607,0.9,0.6,0.1,5,0.5484446009588815,0.4503580271663138
18,4,0.8770019982784191,1.2101701644302987,1.196147631333517,0.672942750512056,0.572522451765703,0.4301110278736701,0.00031683204495876,0.1579491410125204,0.9,0.6,0.1,6,0.4798388458146586,0.4082661695434438
18,5,0.8660980861118567,1.1992046586239424,1.1817196550427942,0.6659616072432543,0.40615895832796045,0.4295598530137975,0.00018568369585125,0.08664458525774939,0.9,0.6,0.1,7,0.5000943051166519,0.5296517284553277
18,6,0.8416956864134628,1.2020501465621243,1.1846115197900615,0.6837354586797242,0.658569817281994,0.4722413424203672,0.00017184975536963,0.0817158334504684,0.9,0.6,0.1,8,0.4229996475084302,0.3610573603021846
18,7,0.802509009213646,1.1634609311090771,1.145938773244033,0.6474719898372161,0.40159313001404195,0.43014404969684855,0.00017310882965005,0.08406585296326416,0.9,0.6,0.1,9,0.4125681644203421,0.4700877124556111
18,8,0.78522812456848,1.1492733914410804,1.1277114301294044,0.6410055592355473,0.44180858823546865,0.42748220509760154,0.00014024588886233,0.06372064395965771,0.9,0.6,0.1,10,0.3656638837902335,0.4617922959683709
18,9,0.7558871707947362,1.1393058838680477,1.1172887752046092,0.6471303121884722,0.6818266929512328,0.4619648637634984,0.0001272925617602,0.060717680888069316,0.9,0.6,0.1,11,0.3509936198650989,0.4461218862054641
18,10,0.7452579789308946,1.131111734303376,1.1121527363208144,0.6418530632089513,0.4324734312136962,0.4536831474128259,0.00013416652283155002,0.06603386664122905,0.9,0.6,0.1,12,0.3668793108069777,0.3771491115472189
18,11,0.6886930551101648,1.0842755241906117,1.060469874075199,0.6171927025362981,0.757570505891508,0.46285305440949837,0.00011777026863605,0.05901756211916423,0.9,0.6,0.1,13,0.281233531228317,0.3664327061152406
18,12,0.6955003163973373,1.0929550808430475,1.071813519699275,0.6341499921321471,0.45912499202024665,0.4751090472083407,0.00019137375311129,0.09203941314660018,0.9,0.6,0.1,15,0.3140154261496184,0.3978658328575309
18,13,0.6875937890552932,1.0850851102443357,1.0638911581719561,0.6288528664003589,0.4333531443348029,0.4697500107502198,0.00013687338989665,0.06777754385319064,0.9,0.6,0.1,16,0.2878511795174412,0.3904728484218187
18,14,0.6849207397539261,1.0839603822434405,1.0650803089994385,0.6427896526763499,0.5061110951643684,0.47658610422747993,0.00018419280060852,0.09098458668845334,0.9,0.6,0.1,17,0.2809889956804213,0.3642504737997037
18,15,0.6481994137073048,1.0456430137741313,1.0229595679341046,0.612025601692762,0.4137910935556683,0.44100634515220777,0.00019754562969843,0.09879817815612005,0.9,0.6,0.1,22,0.2638850440810012,0.3231891048393535
18,16,0.6625340159941255,1.0614256829826128,1.0418141319491339,0.6332891696349182,0.44018020780581946,0.4525536243315262,0.00033084014820114,0.1631188633312556,0.9,0.6,0.1,23,0.2855250897632784,0.3195557642698163
18,17,0.6424623508413125,1.0398831651761704,1.0184853329212415,0.62161285491283,0.5456559546452462,0.45248114144186713,0.00030491201178009,0.1489134537059357,0.9,0.6,0.1,24,0.2692635435375988,0.3036017790667067
18,18,0.630320271007227,1.0261256766674736,1.0035996843572024,0.6150084717066182,0.49914126207688125,0.45236924890668256,0.00029051640144566,0.13900831597581015,0.9,0.6,0.1,25,0.2604185545590087,0.2960369503612946
18,19,0.6213162572056522,1.015727292340008,0.9924305382328772,0.6102896235822927,0.4727114387357662,0.45126214658267993,0.00028112797547058,0.13152044379906222,0.9,0.6,0.1,26,0.2549916563378344,0.2921960933981154
18,20,0.617046176709242,1.0105955267657012,0.9868748850243293,0.6094081869527567,0.4483910402344249,0.4512374349485991,0.00027652868281732,0.12801005464331333,0.9,0.6,0.1,27,0.2504764229329433,0.2911287523293804
18,21,0.6103303786140528,1.0026735237600024,0.9784109449665761,0.6062212089852745,0.4546708217875793,0.4499890199376238,0.00026890071789038,0.1208739209195319,0.9,0.6,0.1,28,0.2487910370828269,0.289228051565651
18,22,0.6119425331136847,1.0050271940129702,0.9837499554112871,0.6129267565761403,0.4438473887885123,0.45270528789335324,0.00028301489396203997,0.1408095449532343,0.9,0.6,0.1,29,0.2581586220175935,0.2953908325823957
18,23,0.6078072493482369,1.0000584414423408,0.9784478275697849,0.6118995314749492,0.44349660812576763,0.4519871204956278,0.00027957183941537,0.13500924908545114,0.9,0.6,0.1,30,0.2563026515293819,0.2948554708499697
18,24,0.6047391795678454,0.9963548522637484,0.9745001366313181,0.6117693310646456,0.43636272982069224,0.4514455227000871,0.00027678697607891003,0.1302516759206526,0.9,0.6,0.1,31,0.2549953838399512,0.2948035150102804
18,25,0.6024250058713166,0.9935569666782447,0.9715216766291637,0.6122828491312803,0.4312017191946396,0.451028519857046,0.00027442660417812,0.12629969645122685,0.9,0.6,0.1,32,0.254050036187172,0.2950506376864598
18,26,0.6006625731120961,0.991428729916181,0.9692596146448736,0.6132732190428084,0.4273433504438933,0.45070237589274975,0.00027236049436352,0.12297962650879457,0.9,0.6,0.1,33,0.2533567367229908,0.2954896567300096
18,27,0.5993151855084454,0.9898080182504048,0.9675403667660303,0.6146255751111184,0.4243903103482851,0.4504442674495395,0.00027051088279151996,0.12016187600393617,0.9,0.6,0.1,34,0.2528466973923905,0.2960546311383661
18,28,0.5982868753031525,0.9885797951881516,0.9662408062307293,0.6162582616388399,0.42208365405883497,0.4502382247381849,0.00026882841203787,0.117748285362897,0.9,0.6,0.1,35,0.252474501313138,0.2967031016932525
18,29,0.5975081877860113,0.9876598853997379,0.9652708421352331,0.618111465271263,0.4202541852104629,0.4500727566543871,0.00026728002430547,0.11566350195808729,0.9,0.6,0.1,36,0.2522087863058223,0.2974067128903443
18,30,0.5969275860262352,0.9869853086036814,0.9645630830719147,0.6201403955179949,0.4187848610247249,0.44993939753194667,0.00026584251280647997,0.11384896731696993,0.9,0.6,0.1,37,0.2520270662751432,0.2981459714549577
18,31,0.5965060264180115,0.9865079884285097,0.9640661006933611,0.6223108483988803,0.4175944910770501,0.44983178372921656,0.00026449890869634,0.11225865288317875,0.9,0.6,0.1,38,0.2519127065735964,0.2989071687367405
18,32,0.5962134087094851,0.9861906286685356,0.9637399851005388,0.6245962792602212,0.41662176342079155,0.44974504774859075,0.00026323636253652004,0.11085599279288877,0.9,0.6,0.1,39,0.251853077178203,0.2996804945963386
18,33,0.594741518013392,0.9856197273862934,0.966270562630102,0.6284972583614632,0.4302679058959346,0.44983178372921656,0.00026449890869634,0.11225865288317875,0.9,0.6,0.1,40,0.2488190298305593,0.2949834374665626
18,34,0.5908613427847497,0.97981365825173,0.9626698592835868,0.6469398931759652,0.44661806016241595,0.4520228689184929,0.00022538966969735003,0.14315095509556997,0.9,0.6,0.1,43,0.2049338248066383,0.2996937123513045
18,35,0.5852990064156155,0.9723541353708017,0.9517837994012531,0.6305370326985731,0.42506561095742723,0.45013426200956447,0.00021609338559688,0.11417996412689009,0.9,0.6,0.1,44,0.2153236205914701,0.3100505273316551
18,36,0.6027858156301085,0.9919406070860849,0.9805927938606919,0.6883273660148317,0.45152782772069927,0.4740495516222626,0.00024463122990679004,0.12752339317467237,0.9,0.6,0.1,48,0.216727366806888,0.2291657775397128
18,37,0.5872133152908736,0.9807085378764836,0.9792328616709237,0.7681199292141268,0.4244177883032048,0.4512765102215924,0.00020868470088456002,0.1803764472022745,0.9,0.6,0.1,77,0.3122378743507337,0.2607826334380306
18,38,0.5856489949692782,0.9787783654193976,0.9772011717409885,0.7794333514387028,0.4270231381334852,0.4570552527099035,0.00016664614510347,0.12070769969827991,0.9,0.6,0.1,79,0.3458611679179266,0.2883911770563847
18,39,0.5788367489537448,0.9707412085356865,0.9688292372738494,0.7817935336610695,0.44238437306209516,0.4501080772583627,0.00018278575684351,0.14032497121914478,0.9,0.6,0.1,80,0.333845773749512,0.2515441568466312
18,40,0.5773266578533521,0.9679750147179612,0.9657290057712659,0.7901454211739966,0.4317718611858895,0.4528586558084779,0.00016921304127771002,0.12546528369290894,0.9,0.6,0.1,82,0.3249334801987174,0.2519202629762761
18,41,0.5744448399370502,0.9645560087458162,0.9621702689453763,0.7873021941112198,0.42802121583872926,0.45065574089415994,0.00016485887111075,0.12680702927613094,0.9,0.6,0.1,83,0.3302012999426535,0.2483675398352341
18,42,0.5754514093979262,0.9653007468858344,0.9628474604220908,0.7913514184202531,0.4245362629160871,0.4505618513006402,0.00018188119234208998,0.14257468334568407,0.9,0.6,0.1,84,0.3310908691533765,0.2484775238180462
18,43,0.5711337633378792,0.9598990908549266,0.9571690661811295,0.7966985717747234,0.42714680270271527,0.4498106401754957,0.00016891531066229,0.12644650359819243,0.9,0.6,0.1,86,0.3228518085332034,0.2503348572413557
18,44,0.5718291937336926,0.9605669168802532,0.9578304973169893,0.8068637570522879,0.4185249610442462,0.45064074856392794,0.00016829189390875002,0.1263742852366096,0.9,0.6,0.1,88,0.3192443703115373,0.247836170676583
18,45,0.5666332268425779,0.9563677452607233,0.956810813696917,0.817763802086472,0.4169334294263124,0.44759071301876013,0.00014691397136060998,0.11110786418709094,0.9,0.6,0.1,91,0.328414363050244,0.2464823620543293
18,46,0.5683653785697096,0.9563301769553384,0.9534002702179146,0.8194499679283981,0.42091473939319457,0.4500258189237975,0.00014679190774834,0.11137854841629626,0.9,0.6,0.1,92,0.317623746437891,0.2505104492436909
18,47,0.568493294890219,0.9577339595608811,0.9580542354381365,0.8293071792524227,0.41868544530150803,0.4506091999482843,0.00014697138396752,0.11137991431343473,0.9,0.6,0.1,94,0.318381503259913,0.2522656499158836
18,48,0.5754619453217169,0.9660655417396677,0.9696575716989881,0.8266098697614586,0.4251536716622539,0.45430308076954456,0.00016131484951675,0.15015988341415132,0.9,0.6,0.1,96,0.3075439240503634,0.2517372070498382
18,49,0.569535886658807,0.9583627323048002,0.9585809628323075,0.8400980848631949,0.4201206761923765,0.45324508585340784,0.00013968115372636,0.10543752969608744,0.9,0.6,0.1,99,0.321150199984383,0.251979711710681
18,50,0.5707571685443965,0.9608005852991012,0.9642551302849028,0.8413222060163549,0.4250434654124586,0.4530616402003853,0.00016470769244392,0.1240880549740028,0.9,0.6,0.1,100,0.3304222926590994,0.2578406439713036
18,51,0.575888647762604,0.9689263620513899,0.9789908133424134,0.8594996327618899,0.4254216911379435,0.4543362944717698,0.00017299425812285,0.1639603565199375,0.9,0.6,0.1,104,0.3262775781924017,0.2502624924040576
18,52,0.5749126289146839,0.9675338693842088,0.9774970187026888,0.8585243828099078,0.42689656537170695,0.45449085599098743,0.00017545839570519,0.1599966065458013,0.9,0.6,0.1,108,0.3151065588379349,0.2531741158676912
18,53,0.5743636796051093,0.9756933751304804,1.0054204981061239,0.9413624896116322,0.42534980464817534,0.45090934177218644,0.00021718497728238,0.19136819007945932,0.9,0.6,0.1,126,0.3019079006962743,0.2427697929974782
18,54,0.5710273094193623,0.9721904151681551,1.0018774285089296,0.9586130291716355,0.4225873966838202,0.45097278637778276,0.00017775478477707,0.16050711093179815,0.9,0.6,0.1,131,0.3032404108191392,0.2426563125028851
18,55,0.5685875066629972,0.9712063882509562,1.0041884968557169,0.9938173018294068,0.42002386748206644,0.4509252635561773,0.00015474740303379,0.13740587143924055,0.9,0.6,0.1,133,0.3051399468860273,0.2424803555861716
18,56,0.5677078831351542,0.9697565334994666,1.002602080210079,0.9963535261712299,0.42446929257588073,0.45105894574451266,0.00015587022885492,0.1370196586558261,0.9,0.6,0.1,135,0.3090121464598656,0.2438762549060622
19,0,0.9380931979254756,0.9840890146472848,0.9826709057915639,0.3711269843549048,0.0,0.0,0.0,0.0,0.9,0.6,0.1,1,1.0930922266050016,1.0619763177738015
19,1,1.156393340684549,1.3415183425085548,1.3313788051136963,0.7543040130877865,0.6155984063380907,0.43220674480655497,0.00042173309024599,0.30454071439684993,0.9,0.6,0.1,3,0.8209008747425375,0.6730443985845096
19,2,0.9267334573556659,1.23290667264048,1.21801873105344,0.6818228797536575,0.9392132683285351,0.429686276932244,0.00031756437943503997,0.1303556324002934,0.9,0.6,0.1,4,0.5398832469132983,0.4430044081427925
19,3,0.8340942757948806,1.1789585686401995,1.160115875747334,0.6484506545736912,0.5270515500977818,0.42972678921020324,5.330338157066e-05,0.03580296774555009,0.9,0.6,0.1,6,0.487818250296585,0.5289534092606195
19,4,0.7692375209717015,1.140155862522307,1.1209795403505636,0.627056674825725,0.5169354824902559,0.4297102549326561,7.677264138998999e-05,0.04108783972860791,0.9,0.6,0.1,8,0.377913275675651,0.4346735510964269
19,5,0.7277360681706379,1.1105745926210693,1.0887192656764024,0.6124515171165611,0.5760125803773491,0.43010925057937094,6.342116520213e-05,0.042336328498186686,0.9,0.6,0.1,9,0.4291045345702389,0.422856432616774
19,6,0.7336436632766266,1.1196740763792017,1.1008704395347966,0.6367622986293476,0.4071328595981183,0.43895891802529574,0.00011119059725158999,0.06688372315244069,0.9,0.6,0.1,13,0.5483979099456383,0.2731842402807309
19,7,0.6995767652162193,1.0897829852597034,1.0731846656418607,0.6207259993959292,0.45509950017076917,0.4176688593601846,0.00011455763453162,0.06800696013169814,0.9,0.6,0.1,14,0.5590023434457363,0.2567575644550313
19,8,0.6944710234921863,1.0890525087578864,1.0665179916411835,0.6238754180218217,0.5970510503680221,0.4538856075692327,8.361773275573999e-05,0.04508174889570117,0.9,0.6,0.1,15,0.4169001240676006,0.3736149936533515
19,9,0.6811281655141062,1.0778661433996346,1.0580186390215078,0.6246751248641396,0.42845867617244826,0.44813002033416127,7.323282518823001e-05,0.0394828193405134,0.9,0.6,0.1,17,0.3996960505493621,0.3518331385971441
19,10,0.6875313110123308,1.0856478580621944,1.0689265617754844,0.6380750627504722,0.42095354405983676,0.4566194074357142,8.533299308e-05,0.04594949592218179,0.9,0.6,0.1,19,0.4059671322685226,0.3627879361483906
19,11,0.6806405919832831,1.0802923628293184,1.0668375184919794,0.6353860268852513,0.41053218006394243,0.4494263849149119,8.656057700693e-05,0.04650934228138382,0.9,0.6,0.1,21,0.4078482818606376,0.363644647540132
19,12,0.64601256648377,1.0451438782494111,1.0272463156767095,0.6252298210491916,0.7310091952306678,0.4664512732776907,7.614624494505e-05,0.04032062307680301,0.9,0.6,0.1,22,0.3237171245013928,0.2696638500192584
19,13,0.621115270684787,1.0194518783214646,1.0005718245804167,0.6131236633751231,0.4449467550960747,0.451369222045616,5.3700534544329994e-05,0.02950238270697985,0.9,0.6,0.1,24,0.3145157143981804,0.240172089379779
19,14,0.6066390692071998,1.0029237655909904,0.9856951282841439,0.6018745897541417,0.46512044959992765,0.4519101212564076,5.447157479989999e-05,0.029937927047873448,0.9,0.6,0.1,26,0.2972983967720039,0.2210906896465972
19,15,0.6119838739468132,1.0080104935831222,0.9906634957689328,0.6171855677100292,0.4243434065229841,0.4583896664942308,6.462404984769e-05,0.03570598817809263,0.9,0.6,0.1,27,0.2998084266981473,0.2161205622296102
19,16,0.6187306672422408,1.0105557835305168,0.9887730499271641,0.6414438395118428,0.5112288958843116,0.47629157499519775,7.571184886745e-05,0.041777223784129965,0.9,0.6,0.1,28,0.30694857168126,0.1826197765221464
19,17,0.5893621648592465,0.9751100935710808,0.9541558844240756,0.6119175169379729,0.5947388450056378,0.46744922798263455,5.343445061863e-05,0.029950911868610076,0.9,0.6,0.1,29,0.2750385758986768,0.162691294501531
19,18,0.5830063003148592,0.9682828640982132,0.9471935229234225,0.6158658496225781,0.4277554666905136,0.461659462290461,5.295728853269e-05,0.02895080425008112,0.9,0.6,0.1,30,0.2770056147109543,0.167294311070596
19,19,0.5809789440035444,0.9653992406362921,0.9440683886068635,0.6168162541156825,0.4349361299072762,0.4614171687733143,5.500854543703e-05,0.029378536220548868,0.9,0.6,0.1,31,0.275745074955017,0.168947224510242
19,20,0.5954923717325895,0.9746914367101722,0.9578677037126528,0.6317910389906642,0.5935725643577673,0.4947682112954276,5.1255990302849994e-05,0.028227429736953732,0.9,0.6,0.1,32,0.2494089994475977,0.1330597280260469
19,21,0.5857078996888733,0.9639817570254904,0.9499002793480034,0.6219051347850268,0.4811841085518962,0.4860019731387335,0.00011030372962129,0.04787469950958255,0.9,0.6,0.1,33,0.1779389537251542,0.2184412980977094
19,22,0.5635648160220738,0.9365432990568899,0.9183023152328694,0.6088873341405243,0.48545689706356765,0.4704124109612034,5.8430619493339996e-05,0.02491557599557643,0.9,0.6,0.1,34,0.1511775958312028,0.2188869251055097
19,23,0.5882758674876356,0.9488159215684079,0.934124140958772,0.6443899409417683,0.5750801387899198,0.5168738500039674,7.736473100067e-05,0.04291042085963686,0.9,0.6,0.1,36,0.2265094176713154,0.1193173648663974
19,24,0.588089917048568,0.9499548670119621,0.9385364873848069,0.6599202637649768,0.4706310966234797,0.5168738526572415,7.736473496118001e-05,0.042910423264968134,0.9,0.6,0.1,38,0.2271941810385141,0.1195789647066499
19,25,0.56038155073637,0.913895627609509,0.8918193636839624,0.5887341717496141,0.5003564435415138,0.4923536800428946,7.244149313947001e-05,0.031186032130501383,0.9,0.6,0.1,39,0.1306422892491706,0.1747588077933298
19,26,0.552980672079644,0.898228760240383,0.8747561092122006,0.5787881267955445,0.4931316713161851,0.49235368004289465,7.244149313947001e-05,0.031186032130501383,0.9,0.6,0.1,41,0.1287518361893172,0.158739823403586
19,27,0.5528222342301756,0.8978933438690772,0.874390789748459,0.5785751522180892,0.44834510148645806,0.4923536800428946,7.244149313947001e-05,0.031186032130501383,0.9,0.6,0.1,42,0.1280587784577454,0.1594026819419118
19,28,0.5398284913033286,0.8783976333193318,0.8568802903458882,0.5976567471628434,0.5313950732376644,0.4842915513066956,7.665015009004e-05,0.04190250368101401,0.9,0.6,0.1,43,0.1328483134980833,0.1032609825428401
19,29,0.5184069732294484,0.8401561338766309,0.8160371364647929,0.5810930913376852,0.6108490237666164,0.4735821679833503,8.335381352589999e-05,0.04772768565516275,0.9,0.6,0.1,44,0.1454514482633062,0.0894133564213615
19,30,0.4907436989424087,0.7680065615614691,0.7377477846299496,0.5372022130169863,0.6399891012624346,0.4708739173691687,6.886962421796e-05,0.039550893658111125,0.9,0.6,0.1,46,0.1047773204710699,0.0767680477202333
19,31,0.4910997897330596,0.7554012470037853,0.7234910554064047,0.5372677064263149,0.49077899469939823,0.47722313038251535,7.114649152553001e-05,0.04162280847371566,0.9,0.6,0.1,48,0.1047647075196728,0.0624468743615247
19,32,0.4728088284713063,0.7105580262932889,0.6816530752851298,0.5155334121580359,0.6755605714725412,0.4702871092683957,5.2540052244659996e-05,0.03029464663392071,0.9,0.6,0.1,49,0.0961431729650651,0.0540347704967175
19,33,0.44430142373110354,0.6761920843005,0.6465943872621536,0.4929385078373532,0.4116945664141947,0.4409467146408567,5.020331488054e-05,0.028436040202906937,0.9,0.6,0.1,53,0.0946780108248505,0.052354696591075
19,34,0.4536461719892619,0.6864121758385457,0.660046602365461,0.5104467828858933,0.41180526570274273,0.4513540480894327,5.308541164506e-05,0.030195019796749756,0.9,0.6,0.1,55,0.0955054483397809,0.055314912904075
19,35,0.5031779600247622,0.7286365709298214,0.7014164129512965,0.5566301847045846,0.5201804384784847,0.507228530702668,7.665712234980999e-05,0.04530788548524279,0.9,0.6,0.1,56,0.0788521089697999,0.0534004577852253
19,36,0.5045211838617588,0.7297422935426631,0.7056260659783957,0.5686817896714883,0.4699019020218026,0.5092380484739253,7.755915282467e-05,0.04589740912316186,0.9,0.6,0.1,58,0.0789092780420692,0.054116846564621
19,37,0.447543644217926,0.6693060203284485,0.6479222477271666,0.5172810315172871,0.4470528815057602,0.448841614803689,6.0916231130460004e-05,0.03450402431706209,0.9,0.6,0.1,59,0.0830622818433007,0.0510738863443527
19,38,0.4298995021096029,0.631160761737561,0.6043103952537124,0.5024648069664819,0.44484145920481605,0.4355099698923996,5.5145872009700005e-05,0.03052820146476046,0.9,0.6,0.1,62,0.0763590344118649,0.0442384634647837
19,39,0.45350173044136594,0.6413732911872959,0.6130303624626906,0.5364644215629797,0.4426365738455076,0.4648390662586678,6.674728370889e-05,0.03608183398201046,0.9,0.6,0.1,67,0.0723388398667149,0.0426221608373299
19,40,0.45522043179558447,0.643312535009539,0.6181337727395515,0.5559319921282677,0.42647111314694125,0.4677599322225341,5.574902600853e-05,0.030118110354171425,0.9,0.6,0.1,71,0.0724490985605543,0.0427160317172804
19,41,0.44733204487366507,0.6375462831669623,0.6188817792892204,0.4868987252442717,0.417686799008161,0.45863265188924124,6.573442672955999e-05,0.03541107993115718,0.9,0.6,0.1,76,0.0709432443960166,0.0426848743034089
19,42,0.44745089586169834,0.6376237876420421,0.6189547260881506,0.5727300755370454,0.41679215116093593,0.4593884862931959,5.5553540403110005e-05,0.029956081113155973,0.9,0.6,0.1,77,0.0702991025728624,0.042696401360984
19,43,0.42019164815471527,0.6028080747071445,0.595876047282273,0.566057866751253,0.44365285547800015,0.432200073414881,6.340429631307e-05,0.03308783072199281,0.9,0.6,0.1,79,0.0618769885392346,0.0451689448353355
19,44,0.44758445935549235,0.6166774686126777,0.5957075576960713,0.5772313906697422,0.4783616484902333,0.4604437583372054,0.00010282824096803,0.0688577567855471,0.9,0.6,0.1,80,0.0601833131783204,0.0386864689596836
19,45,0.39875275524762793,0.5169362748396554,0.5031882522925772,0.5176994136360067,0.7970438118894086,0.4215034336296073,7.36141927285e-05,0.035305244382411685,0.9,0.6,0.1,81,0.0425414101497868,0.0308661577288783
19,46,0.40690331314585326,0.5228530054616339,0.5088746707964785,0.5345073938095474,0.396734893812742,0.43089472350251146,7.599091937268e-05,0.03577696103187563,0.9,0.6,0.1,84,0.0420569502958233,0.024343653690674
19,47,0.4064885504924651,0.5145092370909246,0.49971613466898174,0.5228963141678007,0.4485449305316835,0.4318134974785246,7.427729772852e-05,0.035494247488725005,0.9,0.6,0.1,85,0.0434019208124097,0.0242368684642627
19,48,0.40307517145257576,0.5054246754167583,0.49320382102297616,0.5314788504153707,0.4152107457189273,0.42906878477123106,7.769056389504e-05,0.0366070941296209,0.9,0.6,0.1,87,0.0396127336402024,0.0248014958064254
19,49,0.40322662167050005,0.5110277763419109,0.5119733189086099,0.5843906885418941,0.390579757467031,0.42929340313364656,7.789524443878e-05,0.03688671201231119,0.9,0.6,0.1,95,0.0384451295064298,0.0250475271496973
19,50,0.4040184956728528,0.5107810389943335,0.5147734360806671,0.6141000480548671,0.3927443886972123,0.43121958180767644,6.678915176885e-05,0.031176516375674965,0.9,0.6,0.1,107,0.0317919361372938,0.0225293081410461
19,51,0.40106023765500054,0.509246710307543,0.5165369533369267,0.6693670050179885,0.38834071549215854,0.42876125261116677,4.9605883352000004e-05,0.02392879546761025,0.9,0.6,0.1,123,0.0371921674616269,0.0267489963598421
19,52,0.4031075713697851,0.5070342133863588,0.5201979048773077,0.677375118788489,0.416861189938661,0.43114597680446337,6.750076248179e-05,0.03300152567901847,0.9,0.6,0.1,125,0.0383515582443128,0.0233016269020897
19,53,0.4079840110103045,0.5189647292528397,0.5486111395915328,0.798071650346271,0.3964231582083676,0.43751017865002223,5.2604993440619996e-05,0.02518280828424539,0.9,0.6,0.1,152,0.0385639314430778,0.0234663462651884
19,54,0.40791494698455383,0.5195723977218649,0.5524409600216971,0.8267212802463971,0.39923336980302115,0.43751412066006734,5.1597228441420004e-05,0.02559000751747047,0.9,0.6,0.1,154,0.0387683453238907,0.0239576857932519
19,55,0.40820320339880944,0.5192156983657866,0.5520189208554857,0.823069508506883,0.4012453590522268,0.4380184757952172,5.480218514349e-05,0.024795446015833868,0.9,0.6,0.1,155,0.0380968918520518,0.0225740917482905
19,56,0.4069650428961275,0.5157953714108223,0.5483776997021866,0.8276896866785056,0.41105489368935105,0.4369982947270984,5.332912015609e-05,0.02456608581416717,0.9,0.6,0.1,156,0.0381205152621847,0.0234392843149301
19,57,0.4069317887616042,0.5157399081857589,0.5483199901059569,0.8276434962192664,0.3959132211853403,0.4369656646742526,5.33062943325e-05,0.024557292114486873,0.9,0.6,0.1,157,0.0380822688060589,0.0234119368273243
19,58,0.39611592870737267,0.50426453594174,0.5399318788241101,0.8505217619468628,0.38774478495341197,0.42446275278069373,6.128506394413e-05,0.03177606734836242,0.9,0.6,0.1,163,0.0365022198580632,0.0280014763560099
20,0,0.9273478453897422,0.9810489978915607,0.9793599155385447,0.3692047073602086,0.0,0.0,0.0,0.0,0.9,0.6,0.1,1,1.1364197221528327,1.0623954658849082
20,1,1.2394475606906081,1.3684839998006713,1.3638891284990666,0.7704365062718179,0.5204663116752144,0.46603537538122913,9.684011233056188e-06,0.005992486176792831,0.9,0.6,0.1,3,0.9594045998641596,0.9214077341661504
20,2,0.907814772281706,1.2259619914924047,1.2099908964725785,0.6793486501113409,1.1915233524212725,0.43011836767634054,0.00031985290332526,0.1785310137874503,0.9,0.6,0.1,4,0.6480440305393388,0.4420728582907975
20,3,0.857703714731587,1.200501980504802,1.1854050936038707,0.6677130171806493,0.48964042433523297,0.4301218356373495,0.00030232483682267,0.18179518947712106,0.9,0.6,0.1,6,0.5711452228943513,0.4059811315916478
20,4,0.8576987912680222,1.2005025323862062,1.1854046720639875,0.6695615178396404,0.40553837990271424,0.4301303197248869,0.00030279460090829,0.1818281086920504,0.9,0.6,0.1,7,0.5714405510669264,0.4058515111095576
20,5,0.8867157185737577,1.2523706763556048,1.234094738948751,0.7426821223736639,0.7124167018945669,0.5373995276732356,0.00016505230050101,0.09248364942967108,0.9,0.6,0.1,8,0.4755914234486977,0.344729448575405
20,6,0.8732745670131261,1.2389553316150195,1.220675083436943,0.7313669199849685,0.47993703599205334,0.5226314551863179,0.00016418435743622,0.09173108359466958,0.9,0.6,0.1,9,0.4768945291965782,0.3434975397222238
20,7,0.8309128279339015,1.2137404336837136,1.1956163143718779,0.7210389940771357,0.7063830688152557,0.531950299425083,0.00015630539608097,0.09411544699555822,0.9,0.6,0.1,10,0.393790814293772,0.2920685385425254
20,8,0.8294548624039024,1.212284734897164,1.1941600809978443,0.7217676861144968,0.48684708535140503,0.53035288668989,0.00015610837783941,0.09399353170025859,0.9,0.6,0.1,11,0.3949016410835327,0.2914777976391031
20,9,0.8250005162830749,1.211263364642534,1.195900435883345,0.725011699764547,0.5275394772832627,0.5342970354235649,0.00015660603818319,0.09430148495010976,0.9,0.6,0.1,12,0.4066410923906233,0.2901782694862138
20,10,0.8053566929403192,1.192209749650226,1.1767097293395585,0.714843058682963,0.47620235614122025,0.5183307255292723,0.00010483788083657001,0.06315257765193338,0.9,0.6,0.1,15,0.3676889492008134,0.2842080782098392
20,11,0.7636740064784378,1.1602285863058446,1.144740376164629,0.6987355732768036,0.7035846033933429,0.5257892944991283,4.566027383846e-05,0.031115840426498762,0.9,0.6,0.1,16,0.3085522574589766,0.3453299932841389
20,12,0.8723948486531661,1.2697543103386353,1.2486926076909781,0.823979400677803,0.69122436561604,0.6668223235880073,0.00016715028229462,0.1257969632369839,0.9,0.6,0.1,18,0.3627569832113755,0.2344024589719215
20,13,0.7537301918107203,1.1527392655368824,1.1344525050835819,0.7156276316720708,0.5368257593715903,0.5368450296486662,0.00015033519672117,0.17008028923097565,0.9,0.6,0.1,19,0.3036191514827778,0.2708329692773992
20,14,0.8159992477019561,1.2186523056635314,1.2063262275120927,0.7915384821021497,0.5802337064159958,0.6244674939280985,0.00013952700421824,0.08365267178399292,0.9,0.6,0.1,24,0.3154719387150508,0.2680929856319181
20,15,0.79989557725043,1.2012080013964683,1.187327117793618,0.7873713914002173,0.6740930037585781,0.6244674939280985,0.00013952700421824,0.08365267178399292,0.9,0.6,0.1,25,0.3132039594059579,0.2241892203202692
20,16,0.738898971667966,1.140126183151796,1.1255395464261968,0.7292454437130445,0.5701404246026863,0.567516883776699,0.00013642596186261,0.06458523833359558,0.9,0.6,0.1,26,0.2711897611801881,0.2362314088961547
20,17,0.7474981758249699,1.1455597697598912,1.131766274508231,0.7532194235005125,0.7190183565768122,0.6007570540838036,0.00016413512589523,0.08647826393393121,0.9,0.6,0.1,27,0.2456006104049497,0.1957940998502219
20,18,0.7387728048089128,1.1377275424796305,1.1269602342145704,0.7467720267593303,0.5528805755095303,0.5943931895633161,0.00015944142224729,0.08180825228083914,0.9,0.6,0.1,29,0.239042604349687,0.1946501953357922
20,19,0.7365620909170032,1.1367882984474598,1.1292248089448187,0.751974182300218,0.5454457022811571,0.5923463047947559,0.00016958325086196998,0.08719291329850615,0.9,0.6,0.1,31,0.2365701166566836,0.194040932092363
20,20,0.7469629684216657,1.139083180140698,1.1257646781763964,0.769609174098358,0.6578701168850567,0.6251373713467354,0.00021308318008249,0.10457930998805663,0.9,0.6,0.1,33,0.1803066656685339,0.16905804525046
20,21,0.7472377910763028,1.1408470465380074,1.1308308720776123,0.7808445383941591,0.5735640913548238,0.6254338299313221,0.0002132611036626,0.10491336401521931,0.9,0.6,0.1,37,0.1800926202550519,0.1689755800514122
20,22,0.7632145725338018,1.157995324805989,1.1511804346796828,0.8264711897291191,0.5917678972167382,0.6451680330001348,0.00019230059278832,0.09561252020440288,0.9,0.6,0.1,42,0.1667825376000765,0.1669794027083348
20,23,0.7338983172515,1.129975487813419,1.126402234956867,0.7943764842819382,0.5626284802279744,0.6126555041444773,0.00022586434160589,0.09999929795849241,0.9,0.6,0.1,46,0.190568999509743,0.1833678786421438
20,24,0.7374427234864585,1.1295547718387136,1.127699128328597,0.8179902551108126,0.6140074059526361,0.6179712779424026,0.00034099122751257,0.2104237196923297,0.9,0.6,0.1,49,0.1870343519211744,0.1471554495414486
20,25,0.721530810413725,1.1117416854831426,1.1064721699093187,0.8113285364105766,0.5648203697337695,0.599528499699542,0.00035100494896541,0.22536715576380248,0.9,0.6,0.1,52,0.195820267732191,0.1437274949366963
20,26,0.7229289789067971,1.1146316324885968,1.112665691268698,0.8210995866525712,0.5638008540581826,0.5993059620501899,0.00037587516534999,0.24134417564477093,0.9,0.6,0.1,54,0.1961736461812734,0.1424727863081008
20,27,0.7355372260398232,1.1267632336719833,1.1246701714284233,0.8416326570788021,0.5860806266182813,0.6192760515850009,0.00031700263927748,0.1975459315721172,0.9,0.6,0.1,55,0.177541217998531,0.1593118156133194
20,28,0.7338830556882185,1.1280983968508769,1.1326137594171959,0.8520310246603372,0.5757511554383817,0.61521469789937,0.00039272191539701,0.2173008132328673,0.9,0.6,0.1,57,0.1927474279192021,0.1494396915244181
20,29,0.7308297690683629,1.1248153062832014,1.1292701713275646,0.8489951832851454,0.5772256503674075,0.608665781453697,0.00039239973244668,0.25019977616247485,0.9,0.6,0.1,58,0.1939869606542163,0.1430126584305242
20,30,0.7380178915362018,1.1286510364544573,1.1293204002195076,0.859673088436125,0.6003674290926759,0.6305470076873324,0.0003066606619812,0.1609863673754331,0.9,0.6,0.1,60,0.1675255786454949,0.1486297908769762
20,31,0.7348849634635468,1.1264600475121682,1.1302942230218482,0.8770313965462226,0.5840930140100961,0.5896382201935138,0.00066354444870421,0.5059071772813142,0.9,0.6,0.1,64,0.186265515491636,0.1587098647586189
20,32,0.7198154005137583,1.1077230789346324,1.1047790207517854,0.8177395753671624,0.5735832067391762,0.616144363399418,0.00034689105238392,0.1306293328209669,0.9,0.6,0.1,66,0.1921195382193123,0.1387214864369206
20,33,0.7227286315826812,1.1105949176808918,1.1076405344960492,0.8206550895406824,0.5715047706271504,0.6203697582602365,0.00033105500399984003,0.1225727941295343,0.9,0.6,0.1,67,0.1829043691507966,0.1389376829220751
20,34,0.7631241203940241,1.1549009215560708,1.1617183789948546,0.9141176051468826,0.6222088100587113,0.6196393490342103,0.00064674582952033,0.5415666436274977,0.9,0.6,0.1,68,0.1816255769187599,0.1362718026360243
20,35,0.7420409322804778,1.1337994920032155,1.1406124395769075,0.8961232371183492,0.5914845874731969,0.6214162765091676,0.00049244951524849,0.3159923566878981,0.9,0.6,0.1,69,0.188044490130625,0.1375801283390187
20,36,0.743754190214919,1.1398509542346205,1.1565415364116185,0.9239910169337259,0.5944978531965288,0.6392935430067368,0.00038447246326325996,0.1756414945469884,0.9,0.6,0.1,71,0.1900296625820312,0.1370900311655211
20,37,0.7267190478335303,1.1163064891843009,1.1196500516693653,0.8872384688734846,0.579891749003136,0.6109258939478117,0.00047707289258845,0.2689475177238792,0.9,0.6,0.1,74,0.1885191031407384,0.145025827426362
20,38,0.7451119211277235,1.137071148936006,1.1468746702231225,0.9264984129596971,0.6018005228840024,0.6182987055056126,0.00041011526427056996,0.3976005765987392,0.9,0.6,0.1,76,0.1947939810938138,0.142190766918059
20,39,0.7432016807841747,1.1351091019359996,1.14490018978102,0.9277457093939951,0.5960549731728925,0.6182752673265903,0.00040881144006553,0.3795935063422231,0.9,0.6,0.1,77,0.1946589172518363,0.1423274965620933
20,40,0.761204722323101,1.153064492924592,1.1657950981604803,0.9796580486761254,0.6201264912291048,0.633300451480923,0.00033366188766518004,0.4504445271326707,0.9,0.6,0.1,82,0.1894410340207386,0.1295976384448809
20,41,0.7603944220205371,1.153380188344829,1.1693293645488012,0.9913953459868273,0.6165079533627784,0.6343918921585774,0.00033099305684271003,0.43855356165566756,0.9,0.6,0.1,86,0.1905246897974665,0.1295969582189421
20,42,0.761710980678442,1.159081777781517,1.184921500059241,1.0472401469883046,0.6167007816699233,0.6352765758434658,0.00033624639811575,0.44551403010920215,0.9,0.6,0.1,95,0.1902201280821788,0.1299501833631339
20,43,0.7716767194091514,1.1735149547157449,1.2092643508475749,1.1216464182047123,0.626535569667409,0.6464783405899011,0.00039089386586383,0.4444934406344423,0.9,0.6,0.1,117,0.178318356379636,0.1281477097187798
20,44,0.7357616755484823,1.1388187794340632,1.1778088899207333,1.0993162940230616,0.5955237956965419,0.6058390654534693,0.00031586548098391,0.4560143083795496,0.9,0.6,0.1,118,0.1931564198739641,0.1331830800952985
20,45,0.7649823207086541,1.1646024039401137,1.199845932409228,1.1415576319544865,0.638521198643766,0.6661147427472298,0.00034038564138556,0.2356967916844254,0.9,0.6,0.1,120,0.1873257366092254,0.1346318414979413
20,46,0.7508719578499328,1.1496611719917946,1.178787714796501,1.1275764056292206,0.6072264250679301,0.6303350660217288,0.00030962938205277,0.3830453654390108,0.9,0.6,0.1,122,0.188820812736061,0.1259540036915261
20,47,0.7486981059856931,1.1483979975620824,1.1836594703134797,1.1529701009486903,0.6094846204603143,0.6246236936458842,0.00031805948910146,0.44519559535112985,0.9,0.6,0.1,127,0.1956163678633098,0.1323490831010066
20,48,0.7435949082954502,1.1430861679473792,1.1783008330825588,1.175468285228297,0.604151795335072,0.6257184539932541,0.00027572795364813,0.3877283312875714,0.9,0.6,0.1,132,0.1954695320553807,0.1321376538821528
20,49,0.752549236246348,1.152828002011265,1.1882200335734088,1.1772388273856613,0.6122000972073294,0.6294555785267487,0.00031960788719015,0.43134887596065036,0.9,0.6,0.1,134,0.194965724437221,0.130931814800714
20,50,0.7449805602901958,1.1458989040569474,1.1844029774746234,1.2012742330794306,0.60361092199314,0.6260632571468874,0.00028264767569642,0.39952505252246306,0.9,0.6,0.1,137,0.1955083585056871,0.1370783492281633
20,51,0.7492710817640473,1.1502282252583897,1.1887410142739883,1.2124625651558072,0.6089042493579373,0.6281818904891848,0.00029160085738111997,0.4227221115774012,0.9,0.6,0.1,139,0.1917107519209728,0.1339079204252398
20,52,0.7916573530112692,1.1948960311469017,1.2398601849759145,1.2685814683533359,0.6514028112514124,0.6616814389813968,0.00032841218130725,0.5556066843170638,0.9,0.6,0.1,146,0.1960396772643038,0.1373756807545979
20,53,0.7641311632537912,1.1704579072504302,1.225029260251572,1.2876394358561565,0.625869858741739,0.6536315762713065,0.00024950369197943,0.37387567724749765,0.9,0.6,0.1,157,0.1745239992772643,0.1295183686907254
20,54,1.355003344631532,1.7624355282844713,1.8202270102754734,1.9066264910982809,1.2179421635876477,0.6502884822870267,1.0,0.3198238040940993,0.9,0.6,0.1,165,0.1826799687681418,0.1362540865245964
20,55,1.3734907384977546,1.7824270612025164,1.8435251358924283,1.9314372786200409,1.2357713864120745,0.6601932778938961,1.0,0.41547936576636096,0.9,0.6,0.1,169,0.1700404084953739,0.135204541123524
20,56,1.3577613745993409,1.7665668199428595,1.8276366241436581,1.9269686791140193,1.22217283885205,0.6523754799326936,1.0,0.3304122237902302,0.9,0.6,0.1,170,0.1737099045821614,0.1354699332808317
20,57,1.3571864423019413,1.7640515348689805,1.8217207164620315,1.9333836254360435,1.2267996324151504,0.6500014413084719,1.0,0.35228692557167673,0.9,0.6,0.1,171,0.1802786249668707,0.1363298658074331
20,58,1.3583640922909823,1.7666282189776488,1.8275814618843347,1.938069411120268,1.2222921899106733,0.6519552733443622,1.0,0.34788533247529163,0.9,0.6,0.1,173,0.180100338806102,0.1366248673175671
20,59,1.3583635428318543,1.7681261117390474,1.8323846970159905,1.9564862181834637,1.2215493784295435,0.6519552733443622,1.0,0.34788533247529163,0.9,0.6,0.1,175,0.1800251205272879,0.136678334826491
20,60,0.7622551668138725,1.1732989453098388,1.2408163816894167,1.4347914034412463,0.6259462965222907,0.6680135779163427,0.0003259966514829,0.24337646110445385,0.9,0.6,0.1,191,0.197351168142614,0.1353046129706421
20,61,0.7618560845353792,1.1743548100396723,1.2451683166382712,1.4568307918210164,0.6255377989701733,0.6680115332459637,0.00032598601328361,0.2400189062664266,0.9,0.6,0.1,196,0.1973583224355042,0.1356773500058507
20,62,0.7621293910148783,1.1746124100170001,1.2454225858117927,1.4564301292813215,0.6259352436475386,0.668011291208232,0.00032596355596864,0.24297389358352434,0.9,0.6,0.1,197,0.1973575078184192,0.1353042111027702
21,0,0.9668920667190278,0.9920714028406652,0.9913647385259688,0.3761744436573063,0.0,0.0,0.0,0.0,0.9,0.6,0.1,1,0.9771586428627652,1.0622610578988507
21,1,1.2255715560807299,1.320042271476743,1.3168433824616792,0.7183681063505037,0.4420693062929228,0.39491314407085354,8.516564562182642e-06,0.005059356394864597,0.9,0.6,0.1,3,0.8883454543246859,0.9758097623890992
21,2,0.9212032053293786,1.2305311145633895,1.2153671001655482,0.6805861484710837,1.2277344406920998,0.4300984031488207,0.00029810369421587,0.13398052060237084,0.9,0.6,0.1,4,0.5642394792667461,0.4450590617344546
21,3,0.8564564194605686,1.1974195092768476,1.182529242491361,0.6637702893728645,0.5048750057445992,0.4297426590483464,0.00028895578267108,0.1312809918142149,0.9,0.6,0.1,6,0.5572548589944635,0.4145629920033068
21,4,0.8655221137223259,1.2094116061853293,1.1976607647099415,0.6807817861896124,0.41817606546666103,0.4409312453162218,0.00033870945489201,0.15385032204870996,0.9,0.6,0.1,8,0.5584198470150665,0.4093538913839547
21,5,0.7652574124918179,1.1397104235238882,1.123430874078207,0.6366415584502876,0.5500641098773905,0.42916208944275813,0.00014044816603884,0.07205160844998029,0.9,0.6,0.1,10,0.4252789090920807,0.4154536679288109
21,6,0.7753868225119256,1.155254886818544,1.1414769741318698,0.6579485161978815,0.4444395065693311,0.4517070238101693,0.00019333271630762,0.09947265223816622,0.9,0.6,0.1,12,0.4150292408567591,0.3976838682822406
21,7,0.7276385271504652,1.1133314785429451,1.0981342614506,0.6309503534783221,0.48864029354322397,0.4256714725855293,0.00013243585367523,0.07416138169071863,0.9,0.6,0.1,13,0.3404406936054428,0.323072588616095
21,8,0.7451490223001552,1.1369330952722287,1.123641256851003,0.6663886448356439,0.47693464851513256,0.4617942098010702,0.00022609722416409,0.12660984223776783,0.9,0.6,0.1,15,0.3077798146928741,0.3056055827104387
21,9,0.7317715938904297,1.126996956270806,1.1201491409478963,0.6746842177458595,0.4196393119359072,0.45157294970277373,0.0001932042280173,0.1081904338647619,0.9,0.6,0.1,20,0.3099740633493297,0.3005297144049736
21,10,0.7091644592441876,1.1069414344608686,1.09059472755964,0.6721063520559991,0.632327336697969,0.47078556407272065,0.00018657480337446998,0.08875357989853534,0.9,0.6,0.1,21,0.3041294704161406,0.3011495105912306
21,11,0.7008217040222389,1.1035049981973202,1.0966266820360229,0.6960650494350371,0.43489791360195174,0.4671475442048654,0.00018685868666726,0.09242509074290985,0.9,0.6,0.1,27,0.3141553574657972,0.2748219693459376
21,12,0.6870495520006754,1.0886422733261056,1.0780111266000667,0.6899271176421335,0.4526358679503856,0.4614255403254725,0.00012871580494148999,0.06082794084863709,0.9,0.6,0.1,28,0.3029572193383431,0.315191622604643
21,13,0.6943442000307152,1.0976391491690185,1.0899187256579372,0.7199023833626266,0.4372397232889203,0.46343066551901596,0.00014497026479785,0.16195086306144835,0.9,0.6,0.1,35,0.2891192486803702,0.2844849741355289
21,14,0.6908713818986966,1.0972162667948033,1.0959754596879148,0.7362434079771615,0.4359330941623949,0.4707688186749546,0.00014830060589494001,0.07641651366945539,0.9,0.6,0.1,37,0.2920086968675831,0.2903551445541311
21,15,0.7778806972612595,1.182752657613435,1.1781795487250648,0.8097517248508069,0.5206981852420479,0.46518379669293597,0.00015565360286676,1.0,0.9,0.6,0.1,38,0.2847995659659788,0.283216220570984
21,16,0.6887621674830939,1.095180294650913,1.0937478369149816,0.7431262376830376,0.442833832569311,0.4700043604135435,0.00011859189972250001,0.08462014726968148,0.9,0.6,0.1,39,0.2985205649673617,0.2937318498042622
21,17,0.664369651877472,1.0720933962114525,1.071983902399913,0.7454832578089334,0.47495523292451064,0.47059272597942536,0.00010931910760055999,0.05595050308083857,0.9,0.6,0.1,42,0.2858898784261632,0.2918458096170552
21,18,0.6598758768702152,1.0689784393775286,1.071964761389249,0.7439409296099727,0.4342084425347507,0.4684514072272312,0.00011120927128127,0.05259530030295979,0.9,0.6,0.1,44,0.2782973949395477,0.29059463123593
21,19,0.6621974031997326,1.0698419928980751,1.0695025957998228,0.7585957269283609,0.4312773752653906,0.47034774107761174,8.773189984514999e-05,0.0615644814668878,0.9,0.6,0.1,45,0.2914325559578602,0.2890883990523121
21,20,0.6547472474339116,1.0632987929851485,1.065636064067318,0.7955457891860217,0.43466519292244743,0.4706090753128513,0.00010578965592710999,0.04923332586004477,0.9,0.6,0.1,52,0.2733409370991283,0.2917919867025319
21,21,0.6529537981703251,1.0763988851094834,1.1117116856624405,0.9834734728301692,0.4276437388945104,0.471408449281952,6.965630149707e-05,0.03225281685555085,0.9,0.6,0.1,101,0.346740654262814,0.3021771953252443
21,22,0.654264705862618,1.079171513625756,1.1177520263170444,1.012487212147339,0.42960506558992256,0.47120641875060126,0.00010297655728773,0.05084565215112138,0.9,0.6,0.1,108,0.3455833609277309,0.307150344085924
21,23,0.6535316305240121,1.0783684476767064,1.1168794938689124,1.019100382358533,0.4340164279801187,0.4712009637734022,0.00010994343999104,0.050625187943058585,0.9,0.6,0.1,109,0.3403944325867218,0.3072826648465808
21,24,0.652778893978958,1.0790686796581317,1.1208406037720307,1.0311729748063456,0.4299363016290215,0.471194830022837,0.00010341142506967,0.04772939569581933,0.9,0.6,0.1,112,0.3454268050117516,0.3065932734345025
21,25,0.6517120978029224,1.077891292472994,1.1195590465550633,1.044856293035055,0.43250128131980176,0.4710738289555903,0.00010617189398369001,0.04871425574526253,0.9,0.6,0.1,114,0.3453005337372399,0.3061313809994563
21,26,0.650903869146027,1.0830061124572614,1.137829896564688,1.1488728410243572,0.4289023943188269,0.4709341742346918,9.675335563725e-05,0.04861296238996363,0.9,0.6,0.1,146,0.3352964698423615,0.3042054629579163
21,27,0.650452079228019,1.0885123088721667,1.1565207400528215,1.2643588262519008,0.42875071603052706,0.4719567878271076,0.00014026717844823998,0.03843368451410285,0.9,0.6,0.1,187,0.3634895739456491,0.3283407250627655
21,28,0.6497115083406686,1.092208642589237,1.1700768554078091,1.3838180213013993,0.4298680849711861,0.4718677743459656,0.00013103940257225,0.03764472054013581,0.9,0.6,0.1,190,0.3554989598937881,0.3199219090279089
21,29,0.6485784538968993,1.090965749682625,1.1687407457854122,1.4134102987083546,0.42993632713644137,0.4718677799208826,0.00012371857381885998,0.0357168994385093,0.9,0.6,0.1,194,0.3516303356663451,0.3258993757277362
21,30,0.6506711835080834,1.0960130073725085,1.1803615247004071,1.4307963506037429,0.43123316923381255,0.47186324509527383,0.00011500830015780999,0.06050425037901635,0.9,0.6,0.1,200,0.3471437813709984,0.3140593099753065
22,0,0.918601004628125,0.9785489040660007,0.9766370048995071,0.36762383721278247,0.0,0.0,0.0,0.0,0.9,0.6,0.1,1,1.1742449081445068,1.0652948690231634
22,1,1.1119324361214757,1.2518423021499305,1.2467825849991632,0.655712783714926,0.41740480252840345,0.342367925451617,1.066342966484e-05,0.004731572618580567,0.9,0.6,0.1,3,1.022349351052816,0.9217675652594808
22,2,0.8946221112069769,1.2186708569711306,1.2021263478719695,0.67442119339063,1.198160474112419,0.4300869211973962,0.0002962148427191,0.17037877492995634,0.9,0.6,0.1,4,0.6914433728344263,0.448398053470645
22,3,0.8306496140642504,1.1826141437921587,1.166360827633835,0.6601181001511337,0.5047432279410545,0.4249406366590916,0.00030206255334294,0.17929581393278007,0.9,0.6,0.1,6,0.6570723881554356,0.4096842690664538
22,4,0.8053413754382456,1.1769337928691597,1.15760686409444,0.670350613942503,0.5355842399420927,0.46710622726736334,0.00015824403730455,0.08871208404490247,0.9,0.6,0.1,8,0.5324430717243048,0.3456186811386349
22,5,0.7490332379859832,1.1367642501108013,1.1171952714861966,0.6565563612515875,0.5501088535913189,0.46522928500227595,0.00014058524328856,0.08704384455528087,0.9,0.6,0.1,10,0.5065342165826491,0.3055389617774311
22,6,0.7492263490656361,1.1369594207921199,1.1173897475162526,0.6589366323956439,0.42774625016435697,0.46545210096943856,0.00014071189831143,0.08706812169522644,0.9,0.6,0.1,11,0.5061921681011868,0.3055580346801697
22,7,0.7538263077452917,1.1432778344575303,1.1269408693803047,0.6678652687807585,0.43837080443711784,0.4704973295379251,0.00015795781205614,0.09791813182284051,0.9,0.6,0.1,12,0.501961378424804,0.3028405359612486
22,8,0.7034543856499185,1.0983272595780944,1.0752451086497676,0.6424451239834152,0.6662812463405875,0.4694857809843892,0.00010278695186384,0.0587561300546393,0.9,0.6,0.1,13,0.3918027326134521,0.2522903883217713
22,9,0.6086378449791329,1.000629240435657,0.9735785429574851,0.5732507629829335,0.6622639165337526,0.45129214678271534,8.679657209774999e-05,0.0467396446676317,0.9,0.6,0.1,15,0.2895384316619082,0.2106564560350821
22,10,0.5998598681169441,0.9871479837509503,0.960987417496519,0.574537827060923,0.5064873537262408,0.4629962631533338,0.00011571692951175001,0.06241997767924778,0.9,0.6,0.1,17,0.2493155923138561,0.1877920646914057
22,11,0.6079992484091481,0.9959780850692226,0.9728572563221172,0.6002362372854807,0.4394428554649827,0.47340249713919486,0.00013327349265149002,0.0717850132590451,0.9,0.6,0.1,20,0.2351390742617746,0.1961288378626755
22,12,0.5417440098922699,0.9165943257398659,0.8928258341076944,0.5623216869141927,0.42419047464558957,0.43661791867412725,7.137555438269e-05,0.03791799611697701,0.9,0.6,0.1,30,0.2185782576472268,0.2064051828562988
22,13,0.5275117728368725,0.8728197416934986,0.8462904389383572,0.5491526325102447,0.8393690071892421,0.459357966082101,0.00011800795698207,0.06085550038136806,0.9,0.6,0.1,31,0.1642575374403589,0.1690289844373385
22,14,0.5325987425957505,0.8787011978267778,0.8553667426653574,0.5615194753471338,0.4286720984105324,0.46531814765001794,0.00012156927229974,0.06343048747649173,0.9,0.6,0.1,33,0.1639133760335018,0.1924947039321931
22,15,0.5316662686537527,0.8775386557461841,0.854153634560535,0.5633160067842866,0.4289817885133369,0.4642266339578674,0.00013040569606629,0.06724888730345141,0.9,0.6,0.1,34,0.1597653061818638,0.1722967621191902
22,16,0.5236671163507366,0.8673681062192676,0.8466906198674559,0.5666964684752983,0.45958776395492645,0.4595742886794786,0.00011227016141434999,0.05962285662397098,0.9,0.6,0.1,35,0.1573643155620097,0.1838185432333481
22,17,0.5236665204402347,0.8673668029591046,0.846689191848286,0.5695348380837766,0.4196545697344925,0.4595742890186133,0.000112270162231,0.059622857057664534,0.9,0.6,0.1,36,0.1572263716364514,0.1837772123803512
22,18,0.5287831225651562,0.872889039391025,0.8553359809801911,0.5850415898436845,0.43195112243153416,0.4659687150793456,0.00012164549244463,0.06254573928333787,0.9,0.6,0.1,38,0.1572466486576392,0.1887189125490607
22,19,0.5745186174056823,0.8972500944137275,0.8732776535401421,0.6164039447295403,0.7017421628726018,0.5307775269955527,0.00015219406786346,0.08705213130104732,0.9,0.6,0.1,39,0.1751269476698958,0.1800836778417868
22,20,0.5717910403942799,0.8950044847482438,0.8741858262290647,0.6212485250327642,0.48969647929127974,0.5288718802213365,0.00014652904642843,0.08381184607372211,0.9,0.6,0.1,41,0.1726455771249255,0.1757015111587418
22,21,0.5671459925724182,0.8962034598958125,0.8916673322316133,0.672622425109531,0.48244388439716845,0.5259270107030142,0.00013765599711575,0.07488441471102157,0.9,0.6,0.1,52,0.1685246282731633,0.1637808072387987
22,22,0.5327584877930522,0.8662863126996627,0.8716627346998198,0.7200911143602124,0.44654872904841447,0.48936267324367144,0.00010848852836597999,0.06043340590611278,0.9,0.6,0.1,71,0.1527037321012463,0.1769233233144997
22,23,0.5284144304168947,0.8604682957270301,0.8687132715108884,0.7173730527505499,0.45922145074296244,0.4867069770049678,0.00011022065322653001,0.06017631545114888,0.9,0.6,0.1,73,0.1403058205915864,0.177325203558167
22,24,0.5285821329268791,0.8642761072531072,0.8823125973402567,0.7737137920751292,0.4459117717124007,0.48879013118245357,8.772259089204001e-05,0.04868968879504847,0.9,0.6,0.1,81,0.1433391176705344,0.180306120066888
22,25,0.5167471672937669,0.8485566383578348,0.869122496627721,0.7889187577126194,0.4422824941910334,0.48065422798188523,7.618432466651e-05,0.03687340450521963,0.9,0.6,0.1,90,0.1318931183904352,0.1678205779427636
22,26,0.5162879871318887,0.8495818694248805,0.8734511336172384,0.8180971034149656,0.43589976094622895,0.4806664559211588,6.737347363959e-05,0.03231110043408732,0.9,0.6,0.1,95,0.1319015480386688,0.1678717724457903
22,27,0.5167345734282497,0.8515046478413437,0.8786761716666471,0.8567278103838025,0.4363687503125385,0.4806657784877827,7.619103056518e-05,0.036866266556175906,0.9,0.6,0.1,101,0.1319179785855715,0.1677814501921353
22,28,0.5157345374894111,0.8501637412681329,0.8772866455828705,0.8760675098797337,0.43721685465153526,0.48038266626508674,6.580291540251001e-05,0.031523029851454505,0.9,0.6,0.1,103,0.1313026351135743,0.1679669565566934
22,29,0.5143142928806544,0.8520150301124576,0.888880072750458,0.9276469109733657,0.43592703517845743,0.479682212398938,6.805872319774e-05,0.03091226298715807,0.9,0.6,0.1,113,0.1296508452193232,0.1724745108967959
22,30,0.513771086345049,0.8528932404415565,0.8930527794459607,0.9603804265954395,0.43451405615947813,0.47980331773202733,5.3611181466220006e-05,0.024935281571827127,0.9,0.6,0.1,123,0.1306275524827138,0.1732186914958823
22,31,0.5133414812603467,0.8570548639964132,0.9071442604713031,1.0122252858485687,0.4339117458062429,0.47951627954945863,5.071782064413e-05,0.022678551399472405,0.9,0.6,0.1,131,0.1292568720481244,0.1731768738556234
22,32,0.5125341888883195,0.8543717519532501,0.901102193641494,1.0215877832925004,0.43598056672119884,0.47929869086906124,4.414719553087e-05,0.018833719068386275,0.9,0.6,0.1,132,0.130473545587762,0.1725858501754146
22,33,0.5179517916993517,0.8612728214333832,0.9144000833601403,1.0538546519249723,0.442547393571381,0.48619277880759754,5.1477802571989995e-05,0.019799460737033713,0.9,0.6,0.1,137,0.1458558598274318,0.1734497249343592
22,34,0.517017418983424,0.8567241002590956,0.9031535326420673,1.0691573738519153,0.4450152499618562,0.4855272070497387,5.483690704119e-05,0.020006644386617645,0.9,0.6,0.1,138,0.1456744586772925,0.174686194745724
22,35,0.5177902208261874,0.8621651498579264,0.9216301059869243,1.1687238287078792,0.44102147978238737,0.48761033873063075,4.372852326248e-05,0.01668930686099283,0.9,0.6,0.1,165,0.1522195387961979,0.1722098062445528
22,36,0.5176369651422896,0.863356865044058,0.9261057577687977,1.2439520383543519,0.4405937233564583,0.4877555294435966,3.779156192799e-05,0.014765026064440998,0.9,0.6,0.1,178,0.1491081842792414,0.1721657972387136
22,37,0.5120811836209508,0.8586563894036984,0.9246207164975446,1.2726140454343458,0.4415167419267258,0.4818583154631693,4.012478769397e-05,0.01593346192897562,0.9,0.6,0.1,179,0.1415629249935135,0.1730455111319829
22,38,0.5126848475966954,0.859961244077864,0.9291197256479159,1.2840926245047766,0.4401918965728726,0.48302106053401866,4.049404714833e-05,0.01601581698285349,0.9,0.6,0.1,181,0.1395833934765787,0.1689162844171672
23,0,0.9616501954200366,0.9906360147119393,0.9898014506916056,0.37526681329488537,0.0,0.0,0.0,0.0,0.9,0.6,0.1,1,0.9990204623965926,1.0636378695125477
23,1,1.1971170600948362,1.3210943514764413,1.316711350465083,0.7221729382986836,0.492910530101565,0.41070869430917334,1.222988224457e-05,0.006252630298200376,0.9,0.6,0.1,3,0.9288608831445456,0.9230250450575024
23,2,0.9526221971459282,1.24678952944828,1.2328990481870763,0.691591146785909,1.0598241187731965,0.429291795749109,0.00032225196678346997,0.1607958974164292,0.9,0.6,0.1,4,0.4453183338710907,0.4445206632651598
23,3,0.8664046198378946,1.1964966195312763,1.1793335878415543,0.6590585522983374,0.5021650937503198,0.4273206701276832,7.817079789782e-05,0.04424004907473587,0.9,0.6,0.1,6,0.4067293476306741,0.5239841156229181
23,4,0.8055225814791869,1.163063295552161,1.1460424757641252,0.6489447593852704,0.4989881624564569,0.42860447029992493,7.232139811427e-05,0.03830175603116895,0.9,0.6,0.1,8,0.3600591051365163,0.4844070810488874
23,5,0.7712193936057743,1.1395934537419288,1.1172825596164415,0.6299524033066863,0.5270714779011028,0.42859406064799865,9.408146630466e-05,0.04121900353540093,0.9,0.6,0.1,9,0.3932447492006395,0.4579855611932511
23,6,0.7351900419077636,1.1151347244984395,1.0941468124842118,0.6174100424306245,0.4558033885494893,0.4245505692294461,8.763072192786001e-05,0.040504033726973025,0.9,0.6,0.1,11,0.3362600541632876,0.4054005431793721
23,7,0.7322456288640797,1.1176835840826111,1.0989579097270314,0.6296657108455668,0.4349949256104458,0.436950539246862,0.00012397176839198,0.05623327728593832,0.9,0.6,0.1,13,0.3309218594895129,0.3820997111176185
23,8,0.7370933679208012,1.1275307311364786,1.1108499281818036,0.6480280494945964,0.46390943136887813,0.46013003131154295,0.0001589153072824,0.07232472314946913,0.9,0.6,0.1,15,0.3635559573864428,0.3430951782706019
23,9,0.7171339449623555,1.1092148312003998,1.0919004324174337,0.6401037048727779,0.45403332377774147,0.4486077997833893,0.00014039204189303,0.06406344528982541,0.9,0.6,0.1,16,0.3328251626616324,0.3384457461363363
23,10,0.7145342517299519,1.1107456887022742,1.0954577427348986,0.6499589416374301,0.4540912591763163,0.46541290936240803,0.00013021463002872,0.0566982700080928,0.9,0.6,0.1,19,0.3283983220381261,0.3311746292961157
23,11,0.6980045213635556,1.0952867330970073,1.0747571768402089,0.6464804261267705,0.5676413192195474,0.47414931804196936,0.00012890007503446,0.055703353442125764,0.9,0.6,0.1,20,0.3081201430697459,0.3129554089890184
23,12,0.682609977395856,1.0827512297638946,1.068671518123989,0.6379141621563691,0.4283663544107182,0.459074428116291,0.00012294824883135998,0.054157231523505114,0.9,0.6,0.1,21,0.3094857477809002,0.2928237189011819
23,13,0.6811719209179242,1.080219539808638,1.061502904961903,0.6447269422624219,0.5245894933329283,0.47426381473125834,0.00012881284254897,0.05647206827034675,0.9,0.6,0.1,22,0.3001491054304884,0.2678137249053125
23,14,0.6804202079737234,1.0809649948221294,1.0654810970971347,0.6629339356950392,0.43430067287792895,0.47435638496854254,0.00012843059350719,0.0562657821417797,0.9,0.6,0.1,25,0.3026593764202938,0.2640781045258267
23,15,0.6777338266391,1.0770189627102307,1.0580286728841215,0.6713498664336958,0.43759738265571085,0.4773395922599273,6.450038304749e-05,0.02787360251913595,0.9,0.6,0.1,28,0.2902052008037482,0.2899431886372726
23,16,0.6758668553746173,1.0778750914398785,1.065392635179892,0.6740323151890502,0.43420540548244807,0.47466972701638344,9.048564248882e-05,0.04189805849284163,0.9,0.6,0.1,30,0.2951792376426165,0.2579203043315298
23,17,0.6663407425573213,1.0679900132937061,1.0545881418581313,0.6806950806911405,0.4954509872952373,0.4748908083962108,9.96455809712e-05,0.044160614966572,0.9,0.6,0.1,31,0.2707830693834253,0.233375737916968
23,18,0.6648139351808366,1.0693825472268146,1.0624708968433758,0.6926544884749914,0.4332905877978806,0.4747664885692454,9.970933653607e-05,0.04276525153693207,0.9,0.6,0.1,36,0.2832600327240211,0.236924320736127
23,19,0.6648001437814002,1.069367910210748,1.0624549480915964,0.6981238776895307,0.4317160603156294,0.4747664885692455,9.970933653607e-05,0.04276525153693207,0.9,0.6,0.1,37,0.2830103420093204,0.2370827967632721
23,20,0.6494534696422078,1.0512775026012404,1.0397324657014604,0.6787887231729702,0.5216245591709003,0.4731462280799592,9.544620734852001e-05,0.04029756020224477,0.9,0.6,0.1,38,0.2537676430306401,0.225730119385158
23,21,0.6067755856613097,0.9977400068334978,0.9756448427285844,0.6082791988967847,0.6958794097895216,0.46575927684592555,0.00010606869335626,0.04328136553668447,0.9,0.6,0.1,39,0.1900783066309997,0.2627722868301382
23,22,0.532551142475711,0.889718793835569,0.862079920874754,0.5606099965330424,0.7259374422411101,0.45419521536173985,0.00010055119545614,0.04503196794685364,0.9,0.6,0.1,41,0.1660057692316653,0.16932792820106
23,23,0.5301208760379199,0.8972964499705607,0.8927500276209384,0.6676322982712246,0.41095069384031185,0.4527174861232068,7.695030906651e-05,0.03447487681892661,0.9,0.6,0.1,73,0.165148351606139,0.1687909078976783
24,0,0.9171849703243873,0.9781419492786684,0.9761937781503325,0.36605265277042387,0.0,0.0,0.0,0.0,0.9,0.6,0.1,1,1.1783495022087702,1.0604061558664513
24,1,1.17563257363014,1.3153961402241636,1.3103427546931439,0.7192399928563459,0.47941461463572116,0.41278803981855006,1.050477521425e-05,0.00577860848572258,0.9,0.6,0.1,3,1.0215857058737643,0.921661328170348
24,2,0.9477921257606016,1.2459496167048814,1.2317364008655718,0.6920830380853948,1.03857508863182,0.42965980136146725,0.00035761589791925,0.18508039697289919,0.9,0.6,0.1,4,0.6774021566136319,0.4636803640211925
24,3,0.8347211464201982,1.1791349495804897,1.1603501777658927,0.6483932453937924,0.5479317057261054,0.428823686361303,5.54548693175e-05,0.03918250132166117,0.9,0.6,0.1,6,0.48337925311393,0.5289483735075144
24,4,0.7840452744574021,1.1500336878946884,1.1317208194261854,0.6373127728710963,0.48920839405416716,0.4294283141075933,7.278461711338001e-05,0.04555148337202078,0.9,0.6,0.1,8,0.4412057911506212,0.4817921793354009
24,5,0.7559455413623193,1.1314999237364385,1.1114332893807481,0.6279925552113468,0.4531254423385177,0.42961259182907974,8.396138385309e-05,0.055255975715471195,0.9,0.6,0.1,10,0.4197710777293156,0.4234463210081205
24,6,0.7452747068543839,1.123377722221199,1.1027270620165048,0.6242421978897543,0.4304586079670455,0.4283297566714748,8.090045366037e-05,0.051120902392464584,0.9,0.6,0.1,11,0.41496883416157,0.4165361360061174
24,7,0.6872050585451647,1.0834059122264124,1.0577684333800645,0.6296997841167514,1.0160575259328886,0.48757299125506764,5.486030704163e-05,0.03374330211159145,0.9,0.6,0.1,12,0.3043793740224687,0.371331117178809
24,8,0.6777230955458267,1.0751328420822164,1.0523577310842795,0.6217302902092753,0.45218524770346613,0.4823395783809586,5.2341761720119996e-05,0.03285474842702668,0.9,0.6,0.1,14,0.3065561324511311,0.3460605673887433
24,9,0.6764219751981981,1.073829014194499,1.0510464607154022,0.6311968883568067,0.43645984666179577,0.48099832456403513,5.210645060103e-05,0.032725305311696574,0.9,0.6,0.1,16,0.306093580626235,0.3446224940348001
24,10,0.6809281509758076,1.0795183998217694,1.0594111235223658,0.6434102394662423,0.49102551646346904,0.49272319024817196,6.33199505183e-05,0.03974572071294816,0.9,0.6,0.1,17,0.298572594090296,0.3454012165422401
24,11,0.6064572606238027,0.9929139382955888,0.9664802935001685,0.5929085470730715,0.6504871264091429,0.474173891204393,8.363555246284e-05,0.0503113779967219,0.9,0.6,0.1,19,0.2424243631504649,0.2018755398915249
24,12,0.5808464533896435,0.9394921948542165,0.903309790420892,0.5658191030922254,0.6749916543112493,0.49681390234236567,6.832273527294e-05,0.050324355660534593,0.9,0.6,0.1,21,0.1741742499752719,0.1856763589646292
24,13,0.5817208677197926,0.9411326194485525,0.9081116617738868,0.5733092492500007,0.4588853705809478,0.4990279750915494,7.027980122792e-05,0.047961165750854386,0.9,0.6,0.1,23,0.169253838004926,0.1798949456249491
24,14,0.5275595691459548,0.8537670349240725,0.8149401458521099,0.5193727506267248,0.6327134475244972,0.47476112254212943,5.52235322484e-05,0.044198977440850974,0.9,0.6,0.1,25,0.1418310256923382,0.1379311070429309
24,15,0.5207067481150436,0.8415338178129438,0.8049525146669264,0.5170981529852157,0.4663710178871572,0.4729567193386706,5.624295605624e-05,0.042028507221470675,0.9,0.6,0.1,27,0.134259127777394,0.127471082485283
24,16,0.5211669787341536,0.8434551217057199,0.8101734335902021,0.5247539205666248,0.4305930660378791,0.47344371783495615,5.689120178435e-05,0.04252285879682389,0.9,0.6,0.1,29,0.1337348239524177,0.1272939137676751
24,17,0.5219132174178832,0.8397859623114249,0.8058430051189954,0.5291674726976553,0.4567902554149866,0.47779786076158076,5.915689311654e-05,0.04082073038966402,0.9,0.6,0.1,31,0.1311142248561043,0.1254904968369883
24,18,0.5171168503002539,0.8306448704868005,0.7991450395678085,0.5398378359586077,0.46299736829059357,0.4770304467376717,5.4332603542349996e-05,0.03810957112051733,0.9,0.6,0.1,33,0.1287308656801829,0.1264934093891717
24,19,0.5162288113077699,0.8294786089781683,0.797938156542705,0.5416302475417755,0.43527766926850603,0.47624441407366747,5.429188999522999e-05,0.03807955257606821,0.9,0.6,0.1,34,0.1280763458342749,0.125934423974059
24,20,0.4974375978637888,0.8028622256045179,0.7701989277630684,0.5152128039737446,0.4960046181861804,0.4612948128961295,5.446384604086e-05,0.03244006536107945,0.9,0.6,0.1,35,0.1091344042859854,0.1123525610124051
24,21,0.5020339402774581,0.808436424052939,0.7790049095914436,0.5296006432695459,0.42589026212975656,0.4662811752863233,6.129716845915001e-05,0.03654162441866979,0.9,0.6,0.1,37,0.103220545877418,0.1099865755068726
24,22,0.4970950967411714,0.79938158200183,0.7693724772679772,0.5316332223332302,0.43408039114564223,0.46372537863090174,5.6301815303940004e-05,0.033829934099249406,0.9,0.6,0.1,40,0.1118421439075495,0.117850743995804
24,23,0.4903194426712377,0.7908700541603708,0.7637179311937496,0.5315143017947,0.4312933236828204,0.4584028318430274,5.582405405949e-05,0.03194962606073125,0.9,0.6,0.1,42,0.1068171706994174,0.1136180427998841
24,24,0.4935829150993216,0.7947728500083034,0.770807838963783,0.5593468101175492,0.42361200390340065,0.4625568512060423,5.516339319892e-05,0.03188661696397663,0.9,0.6,0.1,44,0.1047713799753601,0.1086615774592788
24,25,0.4910991286946966,0.7941733948166929,0.7766664093172762,0.5761538998033974,0.42028541232761135,0.46030261632896724,5.8257067693939994e-05,0.033342106557195154,0.9,0.6,0.1,48,0.1038901854663942,0.1118146213553819
24,26,0.4826843994257905,0.7820077006915008,0.7639884300573622,0.6017677219053331,0.41445412714231356,0.4528263027641191,5.2840459670010005e-05,0.03647844589866509,0.9,0.6,0.1,59,0.1057222574706725,0.1089914221254315
24,27,0.47761463607870125,0.7619651190156521,0.738848678315936,0.5171852529410873,0.4334080848869688,0.45465589509337223,5.3430946510590007e-05,0.03559332263256914,0.9,0.6,0.1,65,0.0937965694331562,0.1024081011881003
24,28,0.4776079529719817,0.7619559594661403,0.738839188367419,0.5171774306911155,0.41278370876668974,0.4546497676430613,5.343320235733999e-05,0.035593224491958196,0.9,0.6,0.1,68,0.0937956924515876,0.1024082511039688
24,29,0.4776077779608159,0.7619557233227973,0.7388389457601751,0.5171772284535342,0.41277612871930425,0.45464960715315733,5.343326145528e-05,0.03559322192658191,0.9,0.6,0.1,73,0.0937956695063664,0.1024082550586949
24,30,0.4765492800124596,0.7601150716249099,0.7368962066149549,0.5157576685670364,0.41560880925454724,0.45394418495869904,5.253491055058e-05,0.03499481728228465,0.9,0.6,0.1,75,0.0941024107410768,0.1024277158252849
24,31,0.48384330204415305,0.777772442558513,0.7807858985208699,0.707779998923158,0.423760834642051,0.4634098115313903,4.486743617725e-05,0.030239485667862054,0.9,0.6,0.1,79,0.0990774307435247,0.1033366662879565
24,32,0.4794754928684756,0.7718264170712928,0.7715240289033839,0.6131738518925439,0.4158933826568393,0.45912324397450893,3.840120188922e-05,0.025551027421733482,0.9,0.6,0.1,86,0.0958948727118386,0.1021103592887264
24,33,0.471483942137521,0.7572826063517744,0.7623652225037545,0.7104181743630789,0.4967292897868995,0.4535953106049987,6.273160619611e-05,0.03728531179446714,0.9,0.6,0.1,87,0.0985117795087947,0.0987513184145024
24,34,0.47745765764517,0.7634879868312663,0.7717154238236925,0.7385689974546799,0.419744807488135,0.4608017212562438,6.300475988671e-05,0.037516276529770985,0.9,0.6,0.1,96,0.0953831399231802,0.0950864871521953
24,35,0.4772458859579876,0.7643659935681828,0.7789633111496266,0.7540424979726325,0.42742666584784705,0.4615887795055434,6.232384068886e-05,0.03628469918616947,0.9,0.6,0.1,98,0.0940612620573091,0.0983108261390538
24,36,0.4648686679346341,0.7649398757956509,0.8092185912271038,0.9734906701431572,0.407043251540405,0.44962279974908415,3.926698840286e-05,0.02257218866579958,0.9,0.6,0.1,144,0.0944497744171621,0.099976344840889
24,37,0.4665695044416803,0.7739730234441823,0.8347586815277301,1.0412383037028432,0.4089101250315008,0.45152934433742725,3.896237105065e-05,0.02309130259673923,0.9,0.6,0.1,151,0.0928275783252189,0.1017834929161759
24,38,0.457764078232386,0.7575198090358115,0.8111120289065521,1.0027762739397847,0.44205484747371293,0.4433544763801037,4.667734467259e-05,0.02741870944716551,0.9,0.6,0.1,152,0.0926536597727622,0.0972689721289506
24,39,0.47159477254932536,0.7755356538859295,0.8421245201740681,1.0928652605362639,0.41753449274076815,0.45964266607550675,4.004957923292e-05,0.026341265118822794,0.9,0.6,0.1,165,0.0939218189565004,0.0974345858918403
24,40,0.47274793453575026,0.7772477468513672,0.8470254495699489,1.115985930090382,0.419873773576895,0.461333059871307,3.976657269303e-05,0.02634662174804856,0.9,0.6,0.1,169,0.0922241612134348,0.0968632133024967
24,41,0.45855470280383337,0.7697413566757817,0.8559464352892837,1.2135045342162964,0.4042097025872922,0.44578494687158626,4.812485817203e-05,0.027441736906357272,0.9,0.6,0.1,199,0.0944709726699717,0.0951247334471174
25,0,0.932985389429828,0.9826481833782091,0.9811016514589659,0.3702159309758543,0.0,0.0,0.0,0.0,0.9,0.6,0.1,1,1.1136649871484865,1.0618371712640278
25,1,1.3197729835395826,1.3685329013266179,1.3636600867868194,0.7576874208829694,0.3890632090394083,0.42955616768761967,1.36566765483e-05,0.010083096158034403,0.9,0.6,0.1,2,1.27447052617074,1.169100962955094
25,2,1.2161823694216531,1.362910188199404,1.3575520544701458,0.7680119275266931,0.6850537160996084,0.4690396560403625,1.282508850257e-05,0.008833147300879807,0.9,0.6,0.1,3,1.0663256348750183,0.9239289933704498
25,3,1.0654151460536203,1.2905426942750475,1.2812688664352139,0.716299688899714,0.6652553657188391,0.4250185587336084,0.00071508027437084,0.11645910106689866,0.9,0.6,0.1,4,0.7126870094177226,0.6953965353642529
25,4,1.0914795157494015,1.3513019190572941,1.3364961060572014,0.7930253948232563,0.5587823199941465,0.5292040763956074,9.151181673039001e-05,0.05491632686744091,0.9,0.6,0.1,6,0.8399179922179189,0.851642799053969
25,5,1.004582923092593,1.3122986686134683,1.2972765195295324,0.771878849561163,0.6025607344411877,0.5302282872911109,6.430906420543e-05,0.03597303144346485,0.9,0.6,0.1,8,0.7049264028045933,0.6252219976892089
25,6,0.8102678672681454,1.1984980705275718,1.1749153537935164,0.7062387768899279,0.9088031529080769,0.5516741314766146,4.203534603873e-05,0.021424224143511174,0.9,0.6,0.1,10,0.3330159766798301,0.3743958357203866
25,7,0.7831294342575615,1.1746372996861574,1.1459256213733076,0.6979953062959343,0.6279598762121107,0.5486216219678743,5.5711637817679994e-05,0.02978012342270003,0.9,0.6,0.1,11,0.3303399248224123,0.3229270364411389
25,8,0.668709160281257,1.0536348693148658,1.0183024955035995,0.630034126792642,0.8261163742124041,0.5362399067229756,5.5609549125920003e-05,0.02988174444339344,0.9,0.6,0.1,13,0.259485613350936,0.2795807225018476
25,9,0.6604271015352122,1.0423548511059328,1.00882538131363,0.6248590363038925,0.5416698596314031,0.541133858038269,5.093443187071e-05,0.026657808020306328,0.9,0.6,0.1,15,0.2416638473338031,0.2556040371915095
25,10,0.651169686678216,1.0241467492752492,0.9910993715957456,0.6229495903210538,0.5992596029784816,0.5536422219801439,6.450670976326e-05,0.03370104636026787,0.9,0.6,0.1,17,0.2067500874672366,0.240125923834516
25,11,0.647886394960177,1.0177429804416196,0.9869241091866974,0.6258267404710055,0.5430914305314215,0.5575254192161647,7.785309565198e-05,0.04047682609387653,0.9,0.6,0.1,19,0.1843915580914062,0.2268479028370103
25,12,0.6425220789927097,1.0117486427755542,0.9807695136414725,0.6244515797689169,0.5136308760478069,0.552221110207414,8.990134693912e-05,0.04618151524232045,0.9,0.6,0.1,20,0.182624882085096,0.2062907057115838
25,13,0.6378828039636568,1.0061108832636811,0.9778565802809018,0.6207882531152692,0.5428474568454517,0.5521079139384935,8.121925497160001e-05,0.04103194519921544,0.9,0.6,0.1,21,0.191646660499934,0.2118036372421542
25,14,0.6382727786650612,1.006266636219899,0.9779593219921122,0.6236648502726635,0.5056023938033352,0.5527951695389857,8.386699325046e-05,0.04233594792468611,0.9,0.6,0.1,22,0.1889717883650361,0.2101938705048379
25,15,0.6303461890004423,0.9939880019133595,0.967825058778296,0.6316103770256388,0.5398329692088484,0.5521079125641225,8.121924976724001e-05,0.041031942636081196,0.9,0.6,0.1,24,0.1800465436453233,0.2043324171244026
25,16,0.6387097259231105,0.9972434223451132,0.9670609437394235,0.6264814145204181,0.5385350825042705,0.5667542833340407,7.241838495779e-05,0.036925627107249934,0.9,0.6,0.1,26,0.1389305313348801,0.1588186327519277
25,17,0.5684523693037018,0.9198473495337646,0.8913573331687737,0.5840575552410456,0.5087634648519481,0.49955430007475954,6.454711269704999e-05,0.03379596686175815,0.9,0.6,0.1,28,0.1489029834381794,0.1712497259085076
25,18,0.5569057112754988,0.8969161469412367,0.8664563424865329,0.5738793197896981,0.5202100616381827,0.4987320593627312,5.8797727793500006e-05,0.032921994433279284,0.9,0.6,0.1,30,0.1274570813937245,0.1637558044845516
25,19,0.5569766069627319,0.8963878528094451,0.8658282701395815,0.5765027780494557,0.4596759257428901,0.49930364976114944,6.344816027931e-05,0.033662095895403026,0.9,0.6,0.1,31,0.1301584993684083,0.1584876222374399
25,20,0.5544244828920155,0.8924448102309662,0.8647144584717873,0.5860831014270235,0.4691375704378521,0.49939985449750124,5.8320779997229997e-05,0.031840028354464665,0.9,0.6,0.1,33,0.1237559553812333,0.1603644283405505
25,21,0.5539734802522541,0.8899523951072773,0.8618901709091592,0.5961244872728079,0.4768618657678949,0.5004947973782499,6.522554291378e-05,0.03425538797040033,0.9,0.6,0.1,34,0.1271439038970457,0.1515717510467943
25,22,0.5494904502522825,0.8802519267917087,0.85442891289843,0.6004846127348672,0.4694124620804624,0.5018202255872488,5.621008105153e-05,0.030016428973208133,0.9,0.6,0.1,39,0.1225830026343394,0.1317860117765993
25,23,0.5483827185411705,0.8764879656049754,0.8564050648196244,0.6712143671329138,0.4606923234477521,0.5033034756836106,7.970605219351e-05,0.046614007731554094,0.9,0.6,0.1,59,0.1415400346124874,0.1482416266656784
25,24,0.5392674850808082,0.8709444710231075,0.8637170069624213,0.7216279375299518,0.4522025746238774,0.49683931008307947,4.9097076415070006e-05,0.03069847853695953,0.9,0.6,0.1,72,0.1538231373691704,0.1429763004487529
25,25,0.5394230809130106,0.8697563561873471,0.862327322886579,0.721272686750956,0.465266415860083,0.49803954664531125,4.815831129233e-05,0.030637882325413368,0.9,0.6,0.1,73,0.1526479258833639,0.1496321450490841
25,26,0.5440891901774013,0.8735637888549483,0.8660065964702215,0.7587398990437487,0.458344807333173,0.5032846990032013,6.253588766489e-05,0.03579861098080341,0.9,0.6,0.1,78,0.138932098004526,0.1374307209581269
25,27,0.5436172302692617,0.8750491257831001,0.8770319015157425,0.7711184021422425,0.470794391535815,0.5045870623629838,6.572998779413e-05,0.036179226189908695,0.9,0.6,0.1,80,0.1401062603541935,0.1353127173415244
25,28,0.5447416392842076,0.8714834558218483,0.8696930796865605,0.7580005507161365,0.49329602133911565,0.5049448682447024,0.00011622417117545,0.06446245911040056,0.9,0.6,0.1,81,0.141055953541488,0.1604566905263255
25,29,0.5404841826735446,0.864186336545576,0.8619557560024766,0.7840265956664179,0.46621435853729687,0.5053844072801496,6.456709280755e-05,0.03723133581837534,0.9,0.6,0.1,85,0.1381337737436841,0.1345912170823288
25,30,0.5389365297300351,0.8621162985796856,0.8629012415011955,0.8094444617401945,0.4605194369021615,0.5050656778194538,6.337505615544e-05,0.03695153866715636,0.9,0.6,0.1,94,0.1361046162233304,0.1332882095131676
25,31,0.5377514187590942,0.8626903793080088,0.8699096273855262,0.8359184803665656,0.4619200255545673,0.5050536262792811,5.2580955011050006e-05,0.03270657045494414,0.9,0.6,0.1,97,0.1373675061185664,0.1346000367227733
25,32,0.537525231326525,0.8646872405225322,0.8784073542347272,0.8747820238955721,0.45998726528769135,0.5052317315237455,5.280765398518e-05,0.03344516342121346,0.9,0.6,0.1,101,0.1367067791447207,0.1335799014091643
25,33,0.5391917033421993,0.8648513163919065,0.8752654362616596,0.8593762397138727,0.45977049315869706,0.5066465361200578,6.430090398857e-05,0.037328858489474384,0.9,0.6,0.1,103,0.1352267736802993,0.1331522726005311
25,34,0.5357805225469597,0.8603029711529755,0.8705560413282208,0.8767273431322148,0.4625790492627696,0.5047536994669255,4.522646398783e-05,0.027066494228147314,0.9,0.6,0.1,105,0.1378431101863902,0.1330130933834422
25,35,0.5358714205803281,0.8617908490378159,0.8753349856255719,0.8832850106030017,0.45766032055643724,0.5048500207203404,4.545915901571e-05,0.027703784414867788,0.9,0.6,0.1,107,0.1375997918565562,0.1319517033301041
25,36,0.5370603177467856,0.8643842616285655,0.88122053339266,0.8974526227772937,0.4587137364799227,0.5058360621189811,5.277068110989e-05,0.031226398118825154,0.9,0.6,0.1,110,0.1368890847898409,0.1348102975935922
25,37,0.535419726599712,0.8620127943149486,0.8787459552385318,0.9203710576912046,0.4589740491431275,0.505313868878172,3.92316418138e-05,0.023862001717951404,0.9,0.6,0.1,114,0.1389022994715503,0.1353674431976156
25,38,0.5374362767585751,0.8802053588921956,0.9332548527816403,1.17784747817907,0.45946504330695187,0.5056436739348893,7.525964508952e-05,0.042648321458679105,0.9,0.6,0.1,154,0.1338494106986144,0.1322880164832682
25,39,0.5376731214388653,0.881802400451353,0.9381378533599255,1.1970975822030026,0.46015570484655216,0.5059015948984671,7.418939496579e-05,0.0435044854385063,0.9,0.6,0.1,157,0.1340947497658122,0.1323502440480123
25,40,0.5363190631008172,0.884747893573416,0.9509720463558857,1.2605480205893518,0.45857895104498864,0.5059739627620892,5.503594999122e-05,0.030566535134671093,0.9,0.6,0.1,174,0.1359857950824999,0.1309178077497711
26,0,0.9807026244048755,0.9958171982148604,0.9954444031124552,0.37722914521563067,0.0,0.0,0.0,0.0,0.9,0.6,0.1,1,0.9243271269983102,1.05965314386398
26,1,1.3608172562939913,1.378636048681833,1.3748191645951724,0.763432827220717,0.3954571035485467,0.42784502939232383,1.348976891165e-05,0.008045637395988075,0.9,0.6,0.1,2,1.102178401288912,1.169100962955094
26,2,1.1560571876977872,1.3337076108881059,1.323747235572579,0.7457283022265132,0.8436756838897134,0.42987818204923284,0.00039357580846554,0.2274545503176871,0.9,0.6,0.1,3,0.7827080074141206,0.6730443985845096
26,3,1.057619238519438,1.2916941045116523,1.2819013571954934,0.7195932439866787,0.6093210920059597,0.43011270892029724,0.00018337178663231998,0.1435366637118872,0.9,0.6,0.1,4,0.724048950393182,0.8194095529920952
26,4,0.8562079137653416,1.1962009606408954,1.1749165404318553,0.6594533329564338,0.9788929183504413,0.42942485238761097,0.00017664384917939,0.12828089742430418,0.9,0.6,0.1,5,0.4209379173011592,0.4817891061661191
26,5,0.8103113952790227,1.1686234976769385,1.1482973805192689,0.6453260249778571,0.4753626661507328,0.42873103259813544,0.00015955160861444998,0.10721042870086603,0.9,0.6,0.1,7,0.4561720116004641,0.4735223385261408
26,6,0.7547561869952313,1.1322397934394222,1.1118000884432526,0.6273429351091326,0.511883030666274,0.4299759601649913,0.00015910795805636001,0.10078894053340694,0.9,0.6,0.1,9,0.3578215144377569,0.3992190213038812
26,7,0.7492288205210973,1.1281436559610187,1.1073204583638585,0.6289814628728947,0.42273153383259465,0.4298991205226343,0.00016614253001585,0.10350471086095082,0.9,0.6,0.1,10,0.3301091486342796,0.3851916360412023
26,8,0.7480926461162979,1.1314470183335392,1.1132222025750993,0.6391698989619753,0.431699304674674,0.4391073078991986,0.00018919859093842999,0.1178683474274371,0.9,0.6,0.1,12,0.3239788768628269,0.3728595706523962
26,9,0.7239712856169054,1.118526221182596,1.1001675450084085,0.6605951808062679,0.47093916218147525,0.4606045117189658,0.00015337540428366,0.16629423447122815,0.9,0.6,0.1,18,0.4145096955232291,0.3328784045027781
26,10,0.7135655735616065,1.1111158053335817,1.0949302048915652,0.6720069339285837,0.47357220387082516,0.4648681979704444,0.00015209708157525,0.1658841924412006,0.9,0.6,0.1,20,0.3943304668328093,0.3098820226034877
26,11,0.6952533502075444,1.094901882509775,1.0814755050168356,0.6633549019699876,0.4423650760284039,0.4526636409393625,0.00014535809350402,0.15992512285759566,0.9,0.6,0.1,22,0.3793545445208007,0.2938732479240181
26,12,0.7039067008835247,1.1037540541687774,1.0900771769590027,0.7334620441678648,0.4360942174187016,0.47315848325222293,0.00013760268354567,0.09214652119390333,0.9,0.6,0.1,40,0.292340763088349,0.2619709728583866
26,13,0.7029804659827352,1.1043714046428328,1.093944889174307,0.7406947542909978,0.4367781491643734,0.4732527189652933,0.00014108248195196998,0.08863725502041238,0.9,0.6,0.1,42,0.2915094589305017,0.2665212359837003
26,14,0.7005233307509708,1.1020172370342953,1.0914568964257712,0.7476823190655522,0.4371076073894786,0.47402460707394495,0.00013187930994669,0.07321955384673341,0.9,0.6,0.1,45,0.2807337460005308,0.2675352300282396
26,15,0.6995561848025857,1.1026011490229908,1.0952729449404215,0.7551615166384595,0.436465240175043,0.47403322391627006,0.00012821136751431998,0.0722431154182544,0.9,0.6,0.1,47,0.2818566996477185,0.2680050111062437
26,16,0.6969450350996194,1.098622437663296,1.0877853214306035,0.7594635162820415,0.4477938129444238,0.47364570255906374,0.00015681139834573002,0.07358362301249147,0.9,0.6,0.1,48,0.3088556949591275,0.3182527292775448
26,17,0.6934073379048835,1.0967028338428488,1.0889514336275783,0.7651942575192348,0.4403765548650151,0.47282457324003097,0.00016185190997544,0.07141616953516128,0.9,0.6,0.1,50,0.292751706181854,0.3202879085706743
26,18,0.6902864610927016,1.0996626776756888,1.1049397896436677,0.8186549037152171,0.4330290003817999,0.47395447431448207,0.00010146021873868,0.0529517198165765,0.9,0.6,0.1,62,0.3213495829576027,0.2667220904567541
26,19,0.6885333368296537,1.093438066247803,1.0887327011418975,0.8227852092341441,0.4354922733298126,0.473391170391522,0.00011569797422759001,0.048063902238953474,0.9,0.6,0.1,63,0.319293521712774,0.2719412125393775
26,20,0.6911306895806265,1.1005517763185304,1.1057060147643516,0.8384023037148479,0.4348395985608456,0.4734216059503882,0.00029999767654491003,0.07923307887616579,0.9,0.6,0.1,69,0.2873291154847938,0.2720020131260753
26,21,0.6851635043461338,1.0946741199714656,1.0995013130679585,0.8452539053463327,0.45460757997902174,0.47335240738259743,0.00022618315696858,0.05821307225179277,0.9,0.6,0.1,70,0.2868126528097845,0.3596654011485226
26,22,0.6820808738691091,1.0916172446837114,1.0961794075752265,0.8408309392962986,0.4501822318131182,0.4731252960148789,0.00024139650759229,0.059333969346690135,0.9,0.6,0.1,71,0.2852858332598123,0.3590604319559512
26,23,0.6761455177902578,1.0931797434902595,1.114178839579629,0.9556092958447469,0.4272056531102041,0.4705691947815326,0.00015825355091084,0.0336646561246528,0.9,0.6,0.1,98,0.280993681468574,0.2833660342091755
26,24,0.6768760314669552,1.0954084524446415,1.1196369096868657,0.9697328039151706,0.4311863283377781,0.4726640537838198,0.00012227290129244,0.030868122595176982,0.9,0.6,0.1,100,0.2838384169363755,0.2868710547657161
26,25,0.6794313166774688,1.0994519719880105,1.1268164763798767,0.9861326267352509,0.4388487152559837,0.4771432342976266,0.0001437516580779,0.034882426214743835,0.9,0.6,0.1,102,0.288843612053317,0.2848488782412046
26,26,0.6792898300768572,1.0993058615859381,1.1266308310008883,0.992295079871083,0.4360329551152905,0.4775039165972655,0.00012418093170374,0.034728079130507884,0.9,0.6,0.1,103,0.2901418008630944,0.2832551030591469
26,27,0.6765557195868354,1.1025585991021352,1.1430427270204293,1.0550549258530888,0.4315511121004845,0.47553572095499896,0.00013788974471485002,0.031971404672811024,0.9,0.6,0.1,118,0.2905821445939405,0.3016324256809914
26,28,0.6763020514886103,1.0993060082014807,1.1331701906757226,1.0663925954615072,0.4313137772598537,0.4753744698453243,0.00015626490153504,0.031766206624551686,0.9,0.6,0.1,121,0.2903761324315845,0.2922937964497203
26,29,0.675412424130354,1.0984090828992414,1.132228600297303,1.072852969681588,0.43225500072822626,0.47490515614218853,0.00014210091192361,0.03211710924392208,0.9,0.6,0.1,123,0.2920355067787735,0.2952232635602224
26,30,0.6754682356610283,1.09995894075042,1.1370576289383305,1.0795381140941305,0.43196723819095956,0.47530511184030855,0.00013913550082496998,0.03199767766478804,0.9,0.6,0.1,125,0.2881461584218888,0.3018508080482074
27,0,0.9206809026564331,0.9791454996927484,0.9772867736977005,0.36668722256443625,0.0,0.0,0.0,0.0,0.9,0.6,0.1,1,1.1673512154241368,1.0593026685307223
27,1,1.1876302035742765,1.319519326141799,1.3148037771852579,0.7219699163308742,0.47116280338992134,0.4130364081942913,9.918702343941537e-06,0.006874743392388609,0.9,0.6,0.1,3,0.9760051489366772,0.9214129587603356
27,2,0.9785951123429737,1.2550408619968183,1.242493180154858,0.6943032645983187,0.9372066231463085,0.42994477439556783,0.00017812390861329,0.08764157890438525,0.9,0.6,0.1,4,0.7095187920325807,0.5484663370324387
27,3,0.9446060308155548,1.2393021636251582,1.2253693815453341,0.6858036556840597,0.4913637887359637,0.4284280239216912,0.00021533672433576,0.09908372954631561,0.9,0.6,0.1,5,0.6674642130993159,0.5058126949198509
27,4,0.8870560264195129,1.2082134833056555,1.1988616919946629,0.6793225134379736,0.4194731215122517,0.41761857316689494,0.00019600726627728,0.0833728635806689,0.9,0.6,0.1,9,0.6002837223784229,0.4938133273055829
27,5,0.8727109740118364,1.2034395898835908,1.1931332172019702,0.6792567213515327,0.4559024904072853,0.4224556924048025,0.0002328550573882,0.0989787308464757,0.9,0.6,0.1,10,0.5651758646752899,0.4432595133156465
27,6,0.8822463367776617,1.2223184658986057,1.214480776136838,0.7050297871201796,0.47491616824956695,0.44514159711813706,0.00040626356190012004,0.16145015859011028,0.9,0.6,0.1,11,0.5134056262187897,0.4170020054099669
27,7,0.8461635641730972,1.1911791059090644,1.182775298946892,0.678493009130828,0.4313032937796378,0.42228129330088027,0.00030654943824289,0.11991399420033202,0.9,0.6,0.1,12,0.532716706436941,0.3936712345963242
27,8,0.842396328598283,1.191622686127087,1.189686802354493,0.6926932165121786,0.3937525197851024,0.4204951790451832,0.00029920862214114,0.12654083397737764,0.9,0.6,0.1,16,0.5277802468292743,0.3841800521087436
27,9,0.8544929027925504,1.222406567339329,1.217953232413387,0.7388681796458805,0.5373408304873277,0.49233279192466955,0.00016348305273715,0.07110415301489124,0.9,0.6,0.1,18,0.4059466841035168,0.3486262927892066
27,10,0.8449462368540501,1.215137499415277,1.210321839826699,0.7355892216545672,0.47209070021266,0.4888434103544571,0.00016280418489758,0.0704708043578392,0.9,0.6,0.1,19,0.4010341871916749,0.3455111489838306
27,11,0.764127425826635,1.150073585954303,1.1421861031022513,0.6806968687284785,0.52267298350679,0.44922241334772334,0.00020169784909696998,0.1208332055729132,0.9,0.6,0.1,21,0.3667148139642591,0.3021948542437938
27,12,0.7642922675664114,1.15360212915502,1.1522356741352073,0.7046261928716188,0.4195963693405773,0.4507969147945414,0.00020083467235615,0.12205976915737121,0.9,0.6,0.1,25,0.3676023077408717,0.304858984472826
27,13,0.6848253825407057,1.0887398075558163,1.075503867724177,0.6739930423800745,1.056852181677167,0.49167900513644563,0.00013607750195332,0.08172104986141766,0.9,0.6,0.1,26,0.2417869728513881,0.2734507727674806
27,14,0.674818744828912,1.0788322625789661,1.06839996634918,0.6744217532604906,0.4588943588627096,0.4861667335389295,0.00012049170272887999,0.07366573896171752,0.9,0.6,0.1,28,0.2505623359273566,0.2664181915577949
27,15,0.6543926510610516,1.0551091814105804,1.0451989706604723,0.6751700322572001,0.5435749033976978,0.4919151202444724,0.00013597624494647,0.08190217485472605,0.9,0.6,0.1,30,0.2167563836445969,0.2383517139994213
27,16,0.6356563924891407,1.03721446035806,1.030273668146369,0.6645982384588823,0.4469867348916355,0.4744439282543722,0.00013685901793467,0.08290475750441224,0.9,0.6,0.1,32,0.21912637928078,0.234211893222833
27,17,0.6571992377254777,1.0615172776991488,1.0610710634626315,0.725320572371608,0.45913293396497323,0.49801923454877706,0.00014104867491784,0.09681399111467834,0.9,0.6,0.1,39,0.2186592239907597,0.2485894409472184
27,18,0.6519357262986927,1.0544525085762142,1.0505499142013959,0.7263275377375762,0.45937720271128113,0.494615788594604,0.00011784281669209001,0.08885553529979275,0.9,0.6,0.1,41,0.2169590312719264,0.2445276688715755
27,19,0.6470677063780228,1.0521635984759925,1.0546840286918548,0.7269193054692227,0.4552282742900743,0.49232440643015885,0.00012194908113965,0.07766904708305043,0.9,0.6,0.1,44,0.2142062449824955,0.2432576969212928
27,20,0.6445491294736522,1.049122267509432,1.051409005244813,0.7459259378374168,0.45858982759040073,0.492176999639806,0.00012082727804695001,0.0748092853024681,0.9,0.6,0.1,46,0.2112776811301884,0.2434214016761834
27,21,0.6451474993120611,1.0494594574628813,1.0516313034282185,0.7527636152249481,0.45612213747632285,0.4926786330263447,0.00013380522762808,0.08647811023107409,0.9,0.6,0.1,48,0.2063597253897401,0.2433100718275333
27,22,0.6450149374446082,1.0507507058440442,1.056197053792967,0.7672830113315774,0.4533372721656818,0.4928176769038901,0.00013434500224965,0.08662074551326301,0.9,0.6,0.1,50,0.2065051481369102,0.2425591318284475
27,23,0.6425496455483735,1.0479021404584572,1.0531856041537564,0.7625546560684248,0.4625348454857656,0.49179596539140563,0.00013124589537598998,0.08562843594466935,0.9,0.6,0.1,51,0.2040147058884537,0.2422895173847473
27,24,0.6422670784651373,1.0475565688266855,1.0528138797576836,0.7648701760661459,0.45300955606417154,0.49176425233627946,0.00013076871735776002,0.08539297747207804,0.9,0.6,0.1,52,0.2035060206649672,0.2420408448069223
27,25,0.6440134507824369,1.0492421809020238,1.054473290753919,0.7727666351184627,0.45501619390692655,0.4938310794754824,0.00013319211229722,0.08657423901892151,0.9,0.6,0.1,53,0.2028073309083627,0.2423389479130276
27,26,0.6416761739366988,1.0482996260954514,1.056795044069617,0.7791950153394508,0.45401451459107894,0.49176425233627935,0.00013076871735776002,0.08539297747207804,0.9,0.6,0.1,54,0.2031975019433689,0.2410782882807632
27,27,0.6429894374920643,1.0439776654193238,1.0420646027409823,0.7322533198802383,0.46386559483019596,0.4990448084061448,0.00010062526090204001,0.0770056508920616,0.9,0.6,0.1,59,0.1937943572383517,0.2374774759675183
27,28,0.7090909799515004,1.1179228927580511,1.1354175987545414,0.8881119028582444,0.5315088829439132,0.5696908531747217,0.00021130065825625,0.13773681190585108,0.9,0.6,0.1,65,0.1996173183218477,0.2023976368006594
27,29,0.6645908586534452,1.065417031385612,1.0833188439113006,0.848870643417918,0.6049372243594556,0.5494351897611608,0.00016150972446649,0.10547653675594369,0.9,0.6,0.1,67,0.1767118051878811,0.1749394086489677
27,30,0.6323780851545667,1.0336606216932165,1.0575084224079836,0.8419255599498422,0.48933239119311134,0.5204641384768965,0.00016348064330542,0.0932669656447515,0.9,0.6,0.1,71,0.1587453124766596,0.1716238757644069
27,31,0.6205021387593433,1.0208913964154687,1.044513503930912,0.8396599565624515,0.4728036297597719,0.5101150122334817,0.00014751605843517,0.08413055770202632,0.9,0.6,0.1,74,0.162002915892849,0.1680494660137186
27,32,0.6108080189412731,1.0116124099041606,1.0382711732299974,0.8650969761583361,0.4621657634853756,0.505438664418673,8.526786959112e-05,0.048971664395023366,0.9,0.6,0.1,82,0.1694326661333354,0.1700351240301484
27,33,0.5705076665118953,0.968510901495078,0.9915479971413402,0.834407045849025,0.43271671793078165,0.4639168992544061,7.29776358146e-05,0.042191895143078105,0.9,0.6,0.1,84,0.1665344221033568,0.1689734933576783
27,34,0.5984343325378864,0.999113026099853,1.0316354140245612,0.9317121109346588,0.4550242013046382,0.497730973425081,8.38122006594e-05,0.047225029907965024,0.9,0.6,0.1,97,0.1675021635025352,0.1637802004913788
27,35,0.5665584614386268,0.9671509159494415,0.9996536256754711,0.9023462193537749,0.4223350478712166,0.4636662122642924,6.279716704587e-05,0.03652374458884402,0.9,0.6,0.1,98,0.1651269692162735,0.1597021071749425
27,36,0.5971177144426548,0.9975202336561001,1.0299785955304688,0.960461414082764,0.4523684338164635,0.49668785029895557,9.201670952353e-05,0.04782024570404568,0.9,0.6,0.1,104,0.161012387309982,0.1579164903523267
27,37,0.5941216036762098,0.9938672724453572,1.0261740660184284,0.9644017077861184,0.46037843055388683,0.49531184770284,7.261438512016e-05,0.040799283577698166,0.9,0.6,0.1,105,0.1617708340607598,0.155671094587261
27,38,0.5936894984005194,0.994852216315881,1.0304456778564364,0.9740737764699116,0.45003274063322063,0.49422810352976254,8.323691024429e-05,0.047455137407215325,0.9,0.6,0.1,108,0.1619202697434899,0.1604588830978466
27,39,0.5952007253076654,0.9993554765371033,1.0415585837997237,1.019389006506242,0.4511281140430289,0.4960519846036061,8.321027316705e-05,0.04624021529603241,0.9,0.6,0.1,120,0.1610170749249893,0.1551701152953654
27,40,0.5925939631934047,0.9949620974587495,1.033793732544142,1.0348290765156822,0.453536494251865,0.4942063755002571,7.268770545684e-05,0.04137627735473598,0.9,0.6,0.1,121,0.1663989013718092,0.1636015695134825
27,41,0.5929098598427244,0.9965971237430595,1.038693219345765,1.0704454697084025,0.44991831914023367,0.4943085550013968,7.633003697755e-05,0.04639873557880208,0.9,0.6,0.1,129,0.1632574962750157,0.1596378662680481
27,42,0.5932109495272555,0.9963228629940101,1.0382877888365074,1.0955062922051846,0.45280415318418604,0.49623077159493,8.599176196642e-05,0.04101092528084678,0.9,0.6,0.1,133,0.1576563622932965,0.1543649247367348
27,43,0.5973884856149829,1.004900048074533,1.0567602795383442,1.1140910061649154,0.45624934880924467,0.5000886722745825,7.043884872453e-05,0.04956287161789575,0.9,0.6,0.1,135,0.1609915822336229,0.1757660946408409
27,44,0.6131588095489104,1.0220317830589842,1.0771665619181443,1.1301450654949432,0.4721253550183203,0.5193231396268744,5.31159679164e-05,0.03635462093205962,0.9,0.6,0.1,137,0.1610942521642718,0.1789111396395959
27,45,0.6061894837945275,1.0144831649708916,1.0694877735934194,1.1556037158329817,0.4667719615625494,0.5084605624487573,8.36724874194e-05,0.07305420794482734,0.9,0.6,0.1,142,0.1697075073023877,0.1778359025692807
27,46,0.6117978571769357,1.0196372437615333,1.0745406004245228,1.1793920413741565,0.47476108385607774,0.5152095878349664,9.057357392983e-05,0.07517114273089051,0.9,0.6,0.1,144,0.167630028387957,0.1810842902577015
27,47,0.6162096924182205,1.0243338211030035,1.0822753024728393,1.1908292896466819,0.4820787726289768,0.5234808543060314,8.399416641707e-05,0.06274250988707512,0.9,0.6,0.1,148,0.1704156298923168,0.2118490759045146
27,48,0.6115849755066322,1.0286930163434382,1.106465537020125,1.2944343764198867,0.4728483772954233,0.5210809794184076,6.061138170457e-05,0.038342549507667946,0.9,0.6,0.1,171,0.1677634026201021,0.1892941981040683
27,49,0.6061465279559617,1.0231535990226328,1.1009040622881638,1.3428192368388032,0.4677689574900788,0.5155235857710524,5.525028532389e-05,0.03546959790250465,0.9,0.6,0.1,178,0.1677057815393759,0.1893362705457638
27,50,0.6050355848118447,1.0235244443516802,1.1045766636128866,1.3300696888094339,0.4665948376009957,0.5138895473771601,6.112945296394e-05,0.03927957316129961,0.9,0.6,0.1,180,0.1676917932573499,0.1896833676496226
27,51,0.6036605039365517,1.0235722361510051,1.1079131788215248,1.358040164025184,0.4654361285517048,0.5097064357693246,8.36329555932e-05,0.06416302672147393,0.9,0.6,0.1,185,0.1700584734948921,0.2118097551402489
27,52,0.615693231618135,1.0337105997262102,1.114660134011793,1.4165544673971744,0.4797830564641116,0.5240248450622688,7.265604162124e-05,0.0613754494802584,0.9,0.6,0.1,188,0.1675009525259066,0.1809648588419145
27,53,0.6155004179613536,1.0334395270162549,1.1143721066828227,1.4200797704850527,0.47889553319036915,0.5239376908888245,7.261637640117e-05,0.06135216002170908,0.9,0.6,0.1,189,0.1674897847382138,0.1805398643195085
27,54,0.615441231361824,1.0348289969598023,1.119056177948938,1.4243582995174775,0.4781092855013567,0.5238493508502763,7.210399711236e-05,0.0622731628846231,0.9,0.6,0.1,191,0.1677307736149168,0.1810221672751913
27,55,0.6147131329464364,1.0340971111589567,1.118323393226123,1.4348645990916427,0.47704417178940123,0.523526990166351,6.974688871262e-05,0.05796803613359102,0.9,0.6,0.1,193,0.1679193904890031,0.1810238052924784
27,56,0.6022950310186563,1.0216758430073756,1.1059014806007403,1.4149562811918825,0.46464287756090633,0.5095545003845229,6.723132040468e-05,0.05959558373766448,0.9,0.6,0.1,194,0.1674480939595986,0.1806208773116472
28,0,0.9369497238237848,0.9837670917751656,0.9823203107639585,0.370923424420394,0.0,0.0,0.0,0.0,0.9,0.6,0.1,1,1.0976996531175498,1.0618684473600557
28,1,1.1970277550714958,1.320464140060663,1.3161036416759369,0.7214501483870309,0.47009122547432386,0.4097185576212314,1.099607734304e-05,0.006345178703283597,0.9,0.6,0.1,3,0.9244328110368396,0.921761812341192
28,2,0.9216705919009544,1.2307074944810859,1.2155692198693462,0.6806565367543521,1.1455469119668866,0.4297591354412846,0.00026681806482355,0.13609920631783995,0.9,0.6,0.1,4,0.6495590065570978,0.4731441145726103
28,3,0.8694011660285486,1.206436308926122,1.191995596348724,0.6682164821270438,0.49425976052870463,0.4285574741985574,0.00033372042879922,0.18140699189859277,0.9,0.6,0.1,6,0.5424408696974563,0.4048489149888454
28,4,0.8695573362285709,1.2066014660746427,1.1921593788207243,0.6739644924681107,0.4043083494339613,0.4287094440064534,0.00033440226990054,0.1818431771753388,0.9,0.6,0.1,7,0.544216410697938,0.4048835609752181
28,5,0.8641200098357603,1.2049254800599998,1.1935315866974643,0.6708352759562249,0.42163050578650485,0.42995870693152427,0.00031844763119457997,0.16781385680059532,0.9,0.6,0.1,8,0.547533974129303,0.4086356675721525
28,6,0.8250040481893833,1.1754204508586572,1.1628683030054388,0.6542555709749377,0.4274227218075906,0.42334790752372137,0.00011618813808940999,0.06342265987058922,0.9,0.6,0.1,10,0.5510137108206548,0.4337041841515517
28,7,0.8201186604100734,1.1711765942509798,1.1585424051266835,0.6524328220124229,0.3897753141339031,0.4195053704527118,0.00011653661978276998,0.06477197705551342,0.9,0.6,0.1,11,0.5483100602014671,0.4348738104862667
28,8,0.7608039307216533,1.1473037620736286,1.1318739537485913,0.6522279083198689,0.8489068473953234,0.46472519515710387,0.00016479463513475,0.08830436081173176,0.9,0.6,0.1,12,0.4087385579416347,0.287602953064827
28,9,0.6908180157410307,1.082865462712795,1.0655649206921587,0.6046070975022034,0.44838873130858153,0.4217596350573419,7.520839783154e-05,0.041038704448721666,0.9,0.6,0.1,14,0.3863744580873111,0.3384262085024411
28,10,0.6430600606744535,1.0421433230884687,1.0231889085702113,0.5900945272559123,0.5687173419344629,0.4367440240134711,7.394085021655001e-05,0.04039687051849299,0.9,0.6,0.1,16,0.3090735073971042,0.2757575130843792
28,11,0.646746825283804,1.0455840507478897,1.0258984222552625,0.5999661310945074,0.45912427083397944,0.44954070439963634,7.8747565335e-05,0.04164245655366007,0.9,0.6,0.1,17,0.2996696714327543,0.2564688300491278
28,12,0.6103507820147348,1.0018226676229418,0.9745279687398177,0.5754559144518169,0.712281267259595,0.4559145397372328,8.723268387079999e-05,0.044445099984872026,0.9,0.6,0.1,18,0.2494694895792172,0.2109919027834605
28,13,0.5442236236464661,0.9286637045433279,0.9102325141424701,0.5404774392490563,0.4275914764093614,0.4164477570449281,0.00015269214113378002,0.09670397162596753,0.9,0.6,0.1,25,0.1995336897831456,0.1735220333906126
28,14,0.530718964585972,0.9277247941045559,0.9387962099438499,0.6827044786266856,0.3733644657626193,0.3756587529040015,0.00038933759486374996,0.3457707409598479,0.9,0.6,0.1,62,0.2333821834197164,0.1178810307506786
28,15,0.5291793306870922,0.925485663263552,0.9363739621779887,0.6844107731510108,0.3853663579193557,0.3755085448396605,0.00038780145546178,0.34528380271842024,0.9,0.6,0.1,63,0.2323865453974227,0.1175558766786873
28,16,0.5185332698796582,0.9161529796974739,0.9302980213566729,0.7018838845228479,0.36311224918566454,0.3719627219876154,0.00031842579942981,0.27476630604116814,0.9,0.6,0.1,68,0.2474515380733528,0.1263581098394768
28,17,0.5109555513171208,0.9083376039099492,0.9253463767000246,0.7033832686468093,0.37332975898005427,0.3670799469912453,0.00031930295474603997,0.27512260511737796,0.9,0.6,0.1,70,0.2365950795286524,0.1211755311168738
28,18,0.5110864212031864,0.9083047020180639,0.925272505034707,0.7067738939569463,0.3613338835732395,0.3674153121195606,0.00031882544848786003,0.2763739594228362,0.9,0.6,0.1,71,0.2357091055427206,0.1209700974846427
28,19,0.5111608895944102,0.908240076197248,0.9281097756575447,0.718424686800682,0.3707744172161183,0.36765747972409296,0.00032532152108719,0.3038021220121653,0.9,0.6,0.1,74,0.2119848922691154,0.1143640144503564
28,20,0.5097442045710241,0.9065214347328502,0.9263179959731217,0.738596090006748,0.3630995295795292,0.3759019735447274,0.00023386436326642998,0.2211698830618531,0.9,0.6,0.1,76,0.2212635236781547,0.1171987060785742
28,21,0.5157308363752625,0.9135409527236013,0.9365317574831739,0.7362386640410539,0.3711669097503117,0.37745659509025764,0.00031979471000728,0.27434832483381894,0.9,0.6,0.1,78,0.2214697948077469,0.1129884624804663
28,22,0.5078878008948794,0.9056548759849409,0.9315852563104908,0.7542822279190818,0.3683976298949534,0.37100007818112435,0.00032073965659659,0.2796551776074577,0.9,0.6,0.1,82,0.21367960475316,0.1189019938994613
28,23,0.5077209834057089,0.9098978661827618,0.94572593673704,0.7898667036064239,0.3623203363793074,0.3695431539607018,0.0003208304976969,0.29232731949697016,0.9,0.6,0.1,86,0.2246127365783726,0.1223674235674618
28,24,0.5057293646737108,0.9072336896737466,0.9429058197484449,0.7878464615033515,0.3718825516826146,0.36835062317490896,0.00031967834187985,0.29392516934197244,0.9,0.6,0.1,87,0.2275844632969769,0.1217778582346543
28,25,0.5035178646436769,0.9031449741502271,0.9354234321840347,0.775436498433875,0.36564904030843925,0.36773914071897545,0.00031923139447453,0.2834294809453084,0.9,0.6,0.1,88,0.2125342855164451,0.1154121072979076
28,26,0.5039587740424657,0.9049725101664876,0.9405318667715508,0.7956221719715312,0.361753185164922,0.3681366230953852,0.00032094580202979,0.28588615672407347,0.9,0.6,0.1,89,0.2234340216445608,0.1209727287445466
28,27,0.5003036475243812,0.9001857317994363,0.9354881464415467,0.7828888947841224,0.37595441094365,0.3641833693489805,0.00031976158003955,0.30242801988256474,0.9,0.6,0.1,90,0.2171867504807473,0.1188652850237719
28,28,0.4956574896257393,0.8954467985934438,0.9307283397336094,0.7917143645240796,0.3540556860904327,0.3575682677353916,0.00032133823665789,0.31690706497591675,0.9,0.6,0.1,94,0.2145222522087642,0.1188680232988282
28,29,0.495264061874034,0.8973626183232717,0.9391010305157964,0.8111863732407181,0.35700456608473224,0.3583151763516722,0.00032049866318998,0.31665965886557,0.9,0.6,0.1,98,0.2136747714046164,0.1177873090534451
28,30,0.5030997839499332,0.9061778874524572,0.9511064979885987,0.8356537455277289,0.36560762546771164,0.36826461668186344,0.00031887529689266,0.31322108403285454,0.9,0.6,0.1,101,0.2126626361239864,0.1165867262249143
28,31,0.5031447998497796,0.9059386673527297,0.9508045473322635,0.8493624855642854,0.36450028084626657,0.3690094635508356,0.00031911732902728,0.3111628415298971,0.9,0.6,0.1,105,0.213287849756773,0.1181858767632516
28,32,0.5013761354993569,0.905508384375456,0.9536444314099517,0.864689721255941,0.36310324234905533,0.3669016216187385,0.00031895917412075,0.3148039186893947,0.9,0.6,0.1,107,0.212376477972575,0.1192932908233928
28,33,0.4900013305733802,0.9234944829853273,1.0376051027523447,1.14240241192914,0.3515514697101087,0.3562779430165263,0.00031996995386001,0.3056364164338032,0.9,0.6,0.1,171,0.2156806727026945,0.1172646858447553
28,34,0.48457768295028664,0.9208518230315803,1.0415262184453646,1.1782148345473904,0.3465654788797053,0.3557198720617687,0.00027029250439449,0.2598415333352679,0.9,0.6,0.1,183,0.2153638703246501,0.1174607581561643
28,35,0.4839847862140982,0.9216148345000053,1.0455636363081506,1.2053485132076416,0.34633583567042003,0.35565312889448786,0.0002699611345237,0.25656917270901003,0.9,0.6,0.1,188,0.2152108838372229,0.1162897466114441
29,0,0.9208892763520959,0.9792051912738958,0.9773517930204622,0.36672496664698045,0.0,0.0,0.0,0.0,0.9,0.6,0.1,1,1.1683208056545966,1.05897183593265
29,1,1.1328716557862442,1.2828146878788478,1.2773138581135877,0.6885044823056558,0.4705936710611288,0.38206539350086427,1.184135252308e-05,0.006662560503249925,0.9,0.6,0.1,3,1.0839393826755497,0.9230387731753577
29,2,0.8957562571070669,1.2172716848760827,1.2009767299551892,0.6719925357133464,1.1462201251676838,0.42937542216984603,0.00032755210416224,0.13460419695673922,0.9,0.6,0.1,4,0.6651104661988156,0.4430495201090844
29,3,0.8600089811009184,1.2003574157076002,1.1855408280290678,0.6664077239881454,0.4653929538878791,0.4297691093589891,0.0003339183430708,0.1518859731398342,0.9,0.6,0.1,6,0.5605213522692236,0.4050866008383151
29,4,0.8168014857320265,1.169958730653856,1.1535459985680678,0.6474154631277746,0.44480134340210536,0.42594013645158735,0.00015995653416691,0.062484339352474084,0.9,0.6,0.1,8,0.5368412733376217,0.4566949542788823
29,5,0.7077594914444109,1.0918204336723873,1.0696192236798894,0.598323543294325,0.5765497083072029,0.4154714687408644,5.269001839564e-05,0.025407380912881364,0.9,0.6,0.1,10,0.4034254368722929,0.4600501973835291
29,6,0.6791709010767764,1.0754190914467923,1.0473831387099781,0.6324031397887863,0.5901041165736205,0.5050630002745451,0.00014080569208753,0.06504813677744078,0.9,0.6,0.1,15,0.2595986184315046,0.3064437734427598
29,7,0.683184772967067,1.0783128732239784,1.052579898039618,0.6417097905584025,0.5043565402737611,0.5192219581451173,0.00014301152973119,0.06403148679446725,0.9,0.6,0.1,17,0.2658146176444831,0.2943773794391721
29,8,0.6268463714498406,1.0216608826192686,0.9949247904199721,0.5930770116992661,0.5092851837195487,0.46936625155715633,0.00012052883620098001,0.05888910829731822,0.9,0.6,0.1,18,0.2126919923051909,0.2837088009594062
29,9,0.6582001963609827,1.0481304209224591,1.0229017908772884,0.636538771761852,0.5814473345928561,0.5184290279074759,0.00015004100187233,0.06858308308619857,0.9,0.6,0.1,19,0.232551625966477,0.2661407829521083
29,10,0.6192550004224048,1.004515252693344,0.9863066362985349,0.6250196672820891,0.4865215970814458,0.5002846253023719,0.00017568350417396,0.07557734029729872,0.9,0.6,0.1,26,0.1876920533570565,0.2068082898195676
29,11,0.6171965608408513,0.9934617623256052,0.9583213229548113,0.6249971055528494,0.46288873561411764,0.49226601165196054,0.00012589765597825,0.15783226513992424,0.9,0.6,0.1,33,0.2031955742864037,0.21067371188995
29,12,0.6108084554470692,0.9845307129830543,0.9604582568470026,0.6340975055544517,0.5439636872785696,0.51091004899444,0.00013858569620198998,0.08235299614064741,0.9,0.6,0.1,35,0.2011696712931959,0.1737020786750371
29,13,0.5709775415621046,0.9340314678326369,0.8987557491626476,0.5958822329195547,0.5227591689639308,0.47146694893764673,6.119537664329e-05,0.12215745560847963,0.9,0.6,0.1,36,0.1751817801988482,0.1596195013141358
29,14,0.5799065312828465,0.9374253384868265,0.9191485492820536,0.6211723249720996,0.5117400602002278,0.5073856210827892,8.652267741414001e-05,0.06069776031924698,0.9,0.6,0.1,40,0.1527073093767723,0.2004394132779053
29,15,0.5760048190323216,0.9288804406518985,0.912813666485278,0.6320182841699482,0.4839475211484865,0.5105405043423467,7.85257231721e-05,0.054820390303044794,0.9,0.6,0.1,44,0.1403028675739284,0.1734158382848731
29,16,0.5392387748962625,0.876104025280492,0.8604485854239582,0.5976173394342934,0.54326619748858,0.4864314359056209,7.626503635354e-05,0.053770676613932214,0.9,0.6,0.1,46,0.1224073393905986,0.1522708598548727
29,17,0.5139055525995595,0.8392333582140432,0.8218114209487261,0.5651034608080037,0.4668567462553754,0.4680279086180485,6.978070615295e-05,0.048928774494949784,0.9,0.6,0.1,49,0.1205459695548068,0.1372447210263435
29,18,0.5926702974061734,0.9576438157356777,1.0293474768975406,1.2332968180851709,0.5055440638154539,0.5576201997810971,0.00010759869160159,0.035489789824393735,0.9,0.6,0.1,165,0.1099691122454829,0.2823205747245901
29,19,0.5887970560239268,0.9577067196793811,1.039243546518086,1.266287858262177,0.5038894595412537,0.5539306474745908,0.00014313220243526,0.033485902310205304,0.9,0.6,0.1,168,0.109475814570776,0.5528026490900021
29,20,0.5906579612429168,0.9561279363567279,1.0309882881672083,1.271507422149276,0.508655967945693,0.556731854995095,0.00012710267887073,0.029912800985137135,0.9,0.6,0.1,169,0.1102682167488366,0.5520658965571915
29,21,0.5890380391385905,0.9571530067926645,1.0385720642295302,1.2775624203491658,0.5045459020986931,0.5547441330150603,0.00014380370956959,0.03383522551499095,0.9,0.6,0.1,171,0.1102641660201917,0.5496692064566107
29,22,0.5898470715183435,0.9663525289301915,1.0675154103433218,1.3083032195114286,0.5048226347882423,0.5554141002030455,0.00011718281745628,0.04001400060771266,0.9,0.6,0.1,178,0.1097384937885902,0.2636965916325258
29,23,0.5943080372812979,0.9720929543950206,1.0765289501051862,1.350657637378633,0.5088287197561021,0.5558147179290422,0.00016678871308918,0.08215696458377339,0.9,0.6,0.1,186,0.1097271041914124,0.2807443336385252
30,0,0.9242653456916524,0.9801705482241766,0.978403186322272,0.36864924204193805,0.0,0.0,0.0,0.0,0.9,0.6,0.1,1,1.148919435595451,1.061334737529692
30,1,1.146919166569244,1.347170586809153,1.3362337333512173,0.7632413651730013,0.6449601252930506,0.4295072175570706,0.00047095228430107,0.4745177111761152,0.9,0.6,0.1,3,0.9178292890560448,0.6730443985845096
30,2,0.9363362407322223,1.2366553040117816,1.2222637357253303,0.6835239274671565,0.8494135680390583,0.42755243946446164,0.00022925025979624999,0.13188709597452572,0.9,0.6,0.1,4,0.7131192996465235,0.5063692571371241
30,3,0.8553079200052043,1.1979990525149804,1.1829065912017434,0.6624630730787203,0.5414069673506823,0.4283329869771564,0.00031514264529165,0.17229052471680667,0.9,0.6,0.1,6,0.5727657089876936,0.4099013863442375
30,4,0.8561814704527659,1.1988842096552093,1.1837917061621595,0.6650484181642132,0.4038453873445118,0.4294143943965935,0.00031100089842988,0.17143793907934843,0.9,0.6,0.1,7,0.5683752475395988,0.4114423256941903
30,5,0.818366937403497,1.1857588540851212,1.1671889872589871,0.6691277973256601,0.6699746779449159,0.467310977729115,0.0001674404074617,0.09012478737190671,0.9,0.6,0.1,8,0.488984026645119,0.3556002582958383
30,6,0.8114038410153332,1.184726572412985,1.1686685913147878,0.6759503029458206,0.4635744778469378,0.4732223324089982,0.00017961292679154,0.10057586510431403,0.9,0.6,0.1,10,0.4312763875705743,0.3365445484441773
30,7,0.7202121823152912,1.108608085065346,1.0888133212130555,0.6227821420058548,0.5309400838831834,0.4407982069123305,9.000031260845e-05,0.05099750723842805,0.9,0.6,0.1,12,0.3849679586192108,0.3720657633236797
30,8,0.7095465230482058,1.1006579577624924,1.079812808397187,0.6191655084833041,0.4783157244371609,0.4448505485983102,0.00010401970803131,0.05279280715239458,0.9,0.6,0.1,13,0.3730539678302234,0.3600351576091673
30,9,0.6748356815164338,1.0721430350326187,1.0514571783985407,0.6056006830739789,0.6294431840408434,0.44985571569043886,0.00010931817456783001,0.06056097320608794,0.9,0.6,0.1,14,0.2896013566845256,0.3231815264597727
30,10,0.6720333775856815,1.0681101295516107,1.0420936986728941,0.6159649780793252,0.5710956649428671,0.4721582155509334,0.00011819358726361,0.0616553294394897,0.9,0.6,0.1,15,0.2982681316748375,0.2968375431858814
30,11,0.6503399978249599,1.0449250012623956,1.017019209230818,0.6028386781255819,0.5592805068638378,0.47004027165162443,0.00011712845136259,0.06085160283046735,0.9,0.6,0.1,16,0.2739504273672649,0.2808788520148059
30,12,0.5881316832792287,0.973045585904699,0.9432894850143791,0.5558424293211816,0.7697131665622463,0.4544870325784604,8.600630786092e-05,0.04568921817042895,0.9,0.6,0.1,17,0.1946578339952797,0.2278177829625595
30,13,0.5864858544036278,0.9722502470441692,0.9455951488821922,0.5606523317916833,0.4206891740547475,0.4544870325784604,8.600630786092e-05,0.04568921817042895,0.9,0.6,0.1,19,0.194047818761392,0.23039876396309
30,14,0.6023939230537525,0.9816116410606677,0.9530701352873481,0.5802960101704405,0.5745785812187298,0.4843945562417048,0.00015320123753304,0.08137826793647396,0.9,0.6,0.1,20,0.1372215718457864,0.2119985645633534
30,15,0.585991120132669,0.9620552840943953,0.9356252603781117,0.568125453053227,0.5197085703349069,0.47624240462207723,0.00014684004383359,0.07819464104406748,0.9,0.6,0.1,21,0.1306143835991027,0.2020828544182585
30,16,0.5450164800986362,0.9026798105414389,0.8693161047608302,0.5262590265086189,0.6694996568788949,0.45551725029391216,0.00016497779864292002,0.09291605492871478,0.9,0.6,0.1,22,0.1208916170006847,0.2102398826043538
30,17,0.5661000699526466,0.9231396443899508,0.8926653302613043,0.5535878435126113,0.4575455581078079,0.48262765685228703,0.00017204063380445,0.08517252863638658,0.9,0.6,0.1,24,0.1049103965876826,0.170513097307619
30,18,0.550576618871732,0.8973875604478343,0.8650438825344113,0.5355352631634032,0.5670760013036462,0.47750474084396743,0.00016858541446541,0.08351384004757963,0.9,0.6,0.1,25,0.0999907740870029,0.1570140031895838
30,19,0.5327559725526463,0.8750874052047095,0.8450175368841766,0.528822398799927,0.4497493554240894,0.4601012637181103,0.00021750300808835,0.11761037997766279,0.9,0.6,0.1,28,0.1184737366553819,0.1432624681184534
30,20,0.5314298156476883,0.8746793872893469,0.8478168955116275,0.5344110039469223,0.4285671488240707,0.4592653637081352,0.00021736312675715,0.11707172831474907,0.9,0.6,0.1,30,0.1186709240159341,0.14297631421893
30,21,0.5224619024105187,0.8650085476202588,0.8380278137125304,0.5252273344051736,0.4250048331357407,0.4504640425294618,0.00021336343309632,0.1128658458314418,0.9,0.6,0.1,31,0.1205987736095768,0.1288312171174034
30,22,0.535479787284566,0.8747254778986691,0.8471960705030435,0.5444178374360151,0.4706344581613237,0.4708648887533557,0.00016651395119899,0.08826803111145323,0.9,0.6,0.1,32,0.1118169639304809,0.1302761346663914
30,23,0.5165787895122119,0.8540506527339037,0.8292930652718651,0.5372444167597349,0.4257405075011156,0.45282993211262995,0.00016043245429361,0.08875643149749003,0.9,0.6,0.1,36,0.1129358549838951,0.1273914086033402
30,24,0.5165787956251812,0.854050611476535,0.8292930126204416,0.5372443923251919,0.41651905073810797,0.45282993604588073,0.0001604324712341,0.0887564408296548,0.9,0.6,0.1,37,0.1129358522959501,0.1273914069372533
30,25,0.511977413909491,0.8441623496510928,0.8216330207527107,0.5454529520813561,0.4916797074309943,0.4532761112547425,0.00016081212991316001,0.09172424708600718,0.9,0.6,0.1,38,0.1040679309753947,0.1102501436361052
30,26,0.525750613984048,0.8562985092497568,0.8335148216660357,0.554442816540653,0.4497853724402689,0.4659112585962183,0.00022748392556484,0.12750858006013863,0.9,0.6,0.1,39,0.1165437742738316,0.1177556580802186
30,27,0.5174216207799712,0.8475650848740257,0.8247188496678135,0.5592820911561347,0.42633765706994897,0.45855730719034965,0.00022020807269939,0.11342131716674038,0.9,0.6,0.1,41,0.1141608545511512,0.116418642153011
30,28,0.506282330582365,0.8362197347991306,0.8133416370179036,0.547466129412343,0.41539189195624987,0.4509828333331197,0.00012966460107554002,0.07225448915822254,0.9,0.6,0.1,42,0.1035963030671631,0.125858640706992
30,29,0.5147375762840892,0.8456739679954955,0.8260243032342572,0.5758752733023628,0.4273299113755802,0.45674160009991377,0.00020963765074243998,0.10814304980945369,0.9,0.6,0.1,43,0.1141646382579945,0.1170829366578281
30,30,0.5162028024808952,0.8412607328566616,0.817637831755819,0.5589720581952459,0.47274522372033223,0.46357517292178996,0.0001706241419199,0.09265369711475291,0.9,0.6,0.1,44,0.1094889412653692,0.117001863253125
30,31,0.4985394816444617,0.8230247607839105,0.80239592803051,0.5617003291615995,0.421106743838548,0.4459296555849329,0.0001861814094571,0.08895859773408647,0.9,0.6,0.1,46,0.1039767159048849,0.0922834545490043
30,32,0.5032470274695363,0.8239072871496343,0.7965438931724662,0.5504947480607842,0.4241611585270481,0.4528945232817967,0.00013621152814000998,0.07924791182775567,0.9,0.6,0.1,47,0.0962175958803412,0.1007831822724303
30,33,0.5084213297806836,0.8281955770529443,0.8037837464983474,0.5599643844303694,0.4468296792027606,0.46065013185432546,0.00013659456944593,0.07704435236437644,0.9,0.6,0.1,48,0.1027248603198416,0.111137720111968
30,34,0.4991760697200449,0.8178191672506168,0.7932406710407053,0.5531150051156214,0.42538755747369933,0.4509825856064265,0.00013577385981452,0.07899382683401247,0.9,0.6,0.1,49,0.0952910015694244,0.1005678697287218
30,35,0.4945749725424027,0.8155748103261474,0.7975123690921788,0.5751549341076237,0.41300667797846347,0.44699256208476573,0.00013137921834548,0.07315385464597451,0.9,0.6,0.1,51,0.1050763142749979,0.0956735716127527
30,36,0.5021619816789574,0.8156361421211674,0.7933953081517651,0.5673256179397806,0.481300095999478,0.459067334568033,0.00013719333586152,0.07798597282742534,0.9,0.6,0.1,52,0.0973059812157457,0.102311470855688
30,37,0.48975550126378975,0.8034332109508594,0.784312650148231,0.5650722074323332,0.4158186946823592,0.44672564246742713,0.00013690786290297,0.0728263163276743,0.9,0.6,0.1,54,0.1131428877732724,0.0913148404867591
30,38,0.48048678916236465,0.7930732611291437,0.7737972938588235,0.56129677814965,0.40617183165153653,0.4386926682465936,0.00011242656784389,0.05910521833431764,0.9,0.6,0.1,56,0.1122975852577358,0.0870034456993222
30,39,0.4632184873098417,0.7749758841513885,0.7555814851474718,0.5520987477843253,0.39230734976786397,0.4209304204992458,9.786419937925e-05,0.05136500336650655,0.9,0.6,0.1,57,0.1158940743548478,0.0942096364792205
30,40,0.4827689599516481,0.7932107405732631,0.7736310775032099,0.5891628245015063,0.40688940127922096,0.44385136867848485,0.00010097072610058999,0.04819232984688697,0.9,0.6,0.1,62,0.1052135719397562,0.1082231379613935
30,41,0.4813698055869011,0.7927278660280895,0.7763715755301527,0.5962132491876924,0.40612304064882804,0.4427075906510995,0.00010138918554024,0.047878371661179794,0.9,0.6,0.1,64,0.1057725058401048,0.1040327860971999
30,42,0.4817356228779696,0.794408745733991,0.7813320860318407,0.614029387756748,0.4042048671939933,0.4439399413438215,8.824982323999e-05,0.04158856134571193,0.9,0.6,0.1,68,0.1074490385009866,0.1128059541428424
30,43,0.4806366779147586,0.7931363557874821,0.7831304893562928,0.6336908497883909,0.4068630477821603,0.4437563113851773,8.782144083171e-05,0.04185752861517525,0.9,0.6,0.1,73,0.1051320483797961,0.1040386137928443
30,44,0.4782581451756784,0.7906589813039794,0.7806393100272385,0.637586679247705,0.4017747380803674,0.44166790298021585,7.86193119239e-05,0.03748585284626548,0.9,0.6,0.1,75,0.1069067867393787,0.1044869521262135
30,45,0.47632833837197563,0.7900433164821375,0.7833032658941919,0.6478466085359689,0.4000670651663138,0.4392498937876315,8.824148869343e-05,0.04094292162255995,0.9,0.6,0.1,78,0.1106409121019066,0.1040505005795877
30,46,0.4810415364479039,0.79396180086255,0.7871108033253228,0.6586054465395847,0.40847012189348536,0.44486094379912255,8.786393054489e-05,0.04207844802346594,0.9,0.6,0.1,80,0.107733236520374,0.1009436252549196
30,47,0.48124278095764467,0.7948220291801663,0.7942571561483879,0.6514250702090442,0.42859617208072026,0.4466037388071767,0.00010936202688044,0.041335119485461466,0.9,0.6,0.1,81,0.1099566346906166,0.0933391433720445
30,48,0.4820104410886011,0.7967585028195427,0.7994534458617846,0.6855345152029673,0.4073551914871062,0.4485421088443904,8.841011465877e-05,0.03351317291328817,0.9,0.6,0.1,93,0.1110097820900709,0.0929122990496773
30,49,0.4780386113626455,0.7970067813778886,0.8126789078102435,0.8698949761118634,0.4045813795808807,0.44636597474430706,5.363993532662001e-05,0.02329172284780063,0.9,0.6,0.1,128,0.1071628504283349,0.1066743195385714
30,50,0.47713170309852687,0.7985597610569596,0.8207689520791498,0.9144989887763865,0.4039630367720452,0.44581797732003053,5.27622600534e-05,0.022069792193215945,0.9,0.6,0.1,138,0.1074159642526597,0.1061687040581454
30,51,0.47918526599367794,0.8064266529432317,0.8449330929672443,0.988799830682522,0.40729455858287117,0.4468968318047289,6.872887495181e-05,0.04180510574123635,0.9,0.6,0.1,156,0.1048854600301111,0.1056269504536903
30,52,0.4895184021692043,0.8197114650109648,0.8648216468648415,1.0241630983514745,0.4169290573093268,0.4601658189535778,5.5183700749630004e-05,0.026147185928966598,0.9,0.6,0.1,161,0.1055758550305386,0.1009454464810565
