Run,Equation_Index,Hybrid_MSE_Train,Hybrid_AIC_Train,Hybrid_BIC_Train,Hybrid_MDL_Train,Hybrid_PSM_Train,Extrapolation_Divergence,Sensitivity_Interpolation,Sensitivity_Extrapolation,Lambda1,Lambda2,Lambda3,Complexity,MSE_Test_Interpolation,MSE_Test_Extrapolation
1,0,0.9187282286116847,0.8821578422210643,0.8812328840003815,0.8771202716829996,0.0,0.0,0.0,0.0,0.4,0.6,0.2,1,255.55771723636607,1310.0613653974242
1,1,0.8867130330477256,0.8996995591084345,0.8986162542882336,0.8942065911514183,0.06677884724240762,0.09410015139910047,8.329263027050499e-05,0.00010983846297283001,0.4,0.6,0.2,3,237.03784792167585,1223.5456086397571
1,2,0.8570440877916105,0.8995333772672338,0.8983476039770122,0.8941410992077046,0.08841048437231445,0.12364727529617507,0.0010533460604679108,0.00261933166410343,0.4,0.6,0.2,4,225.8945102351237,1220.0473984040823
1,3,0.715740086616542,1.0264562152565408,1.0230342686669016,1.0102818145326624,1.283459113611505,0.1834448994567688,0.31510611482121403,1.0,0.4,0.6,0.2,5,68.35879190383643,257.1114928456474
1,4,0.715740086616542,1.0264562152565408,1.0230342686669016,1.0102818145326624,0.4624417402546302,0.1834448994567688,0.31510611482121403,1.0,0.4,0.6,0.2,6,68.35879190383643,257.1114928456474
1,5,0.4785729563259043,0.7891029918999126,0.7853281874897462,0.7719613935126977,0.3996120228102705,0.17619509531072444,0.15775030358936615,0.5245757170834285,0.4,0.6,0.2,7,57.23324197850672,220.7135018084312
1,6,0.39937130815305305,0.6978866881262383,0.6936099473921152,0.6785071055535374,0.4271077431146052,0.12398164902906712,0.148022626488456,0.5218667807428687,0.4,0.6,0.2,8,45.02717178553619,259.94764865617964
1,7,0.30234656637817703,0.58375102264883,0.5790848813207421,0.5632017964851836,0.24973040364507898,0.12346681931464905,0.09874312561736819,0.34807560664274373,0.4,0.6,0.2,10,38.1739369157898,236.30870104284816
1,8,0.2769765751704228,0.537404148892762,0.532374909789654,0.5154922535044246,0.24486369254947965,0.12309731657078411,0.09882339411725374,0.34821700627078167,0.4,0.6,0.2,12,32.87352429364309,217.5123948021188
1,9,0.29323578851185594,0.5457408822738996,0.5408928552465977,0.523246895327023,0.24700480933751898,0.1684237087116343,0.10763122723906987,0.3503621867333721,0.4,0.6,0.2,13,31.403051574678194,125.46565212961444
1,10,0.25885534795467324,0.4984928068639798,0.49315832360408296,0.4754975728025522,0.24527681607350615,0.12273671357098981,0.09895717495039635,0.34845267231751165,0.4,0.6,0.2,14,29.12593391909605,203.55872993399163
1,11,0.2757124829352128,0.5104307543407863,0.5053246197027705,0.48712850410981545,0.23074016649658646,0.16214257199818607,0.10770715261327998,0.3505606298281026,0.4,0.6,0.2,15,27.337754517688,97.54316194032158
1,12,0.21291522934772183,0.43232690109729016,0.4267252972840556,0.4086415211068282,0.21295512416115778,0.12296331656481865,0.07425123866143059,0.26143405517213825,0.4,0.6,0.2,16,26.24040515271828,201.17143584849708
1,13,0.2241046376004415,0.4305344092103456,0.42506843570467856,0.4063123347289954,0.23146671955731485,0.1611313165126435,0.08081389644714365,0.2630149592030252,0.4,0.6,0.2,17,23.181306542836044,87.67724788979918
1,14,0.17146974452001162,0.3763303061357851,0.3705490928559012,0.35235899980784774,0.11296039422770338,0.12097064697909007,0.049467008142974146,0.17423020609758863,0.4,0.6,0.2,18,24.11608584601836,203.4561094436096
1,15,0.21535106062698003,0.402793430719646,0.3974129671276341,0.3780401040659299,0.24148520496422735,0.1611313165126435,0.08081389644714362,0.2630149592030252,0.4,0.6,0.2,19,21.16371037372821,98.1036444074568
1,16,0.20178615594417307,0.3789087300376395,0.373108333830627,0.35415123011278526,0.19925937144509082,0.162735533943629,0.07285074532545313,0.23863809091737007,0.4,0.6,0.2,20,19.78269886824836,64.5260971672418
1,17,0.1640248821539102,0.2786123165772471,0.2724552643209423,0.2506639887577497,0.38272033025668006,0.1495600775875892,0.06386991069306054,0.21076424640610184,0.4,0.6,0.2,21,14.531693118210365,75.17436966208031
1,18,0.1463453884927674,0.2487576473930772,0.24247944514297998,0.22087278154274131,0.1481275828990587,0.1470267617786511,0.05323171646565192,0.17565876592600344,0.4,0.6,0.2,23,13.598981060002922,62.072862944864646
1,19,0.1338943805951932,0.22805733269081813,0.22169806172158985,0.20044432664489215,0.13039386290718946,0.14506213296261214,0.04562761895593315,0.15054050643843303,0.4,0.6,0.2,25,13.208269645199175,62.0313365380116
1,20,0.1430206819085952,0.23428328505250828,0.22789569886727157,0.20713593575171085,0.1305423549207295,0.14555550539837403,0.05328165975428432,0.1757599368655883,0.4,0.6,0.2,27,12.924398547713816,58.42023440188756
1,21,0.1427833511801618,0.23243667425943504,0.22633630428657106,0.20581233682423788,0.1285528020652404,0.14603233234235752,0.053264600790158996,0.1757153505376427,0.4,0.6,0.2,29,12.814695151586216,58.43881519405798
1,22,0.13184424607606446,0.21750140729767256,0.2116651144668076,0.19147686269588118,0.12282456659174558,0.1450829811459176,0.045647541175383784,0.15060468371955815,0.4,0.6,0.2,31,12.573285257873293,63.68179113569642
1,23,0.12448366813968227,0.20099689489489353,0.19446671180257252,0.17566793721568807,0.11815939651982972,0.15003267240259538,0.03978035175722623,0.13172508356483986,0.4,0.6,0.2,35,11.909971044628875,61.12110088789822
1,24,0.12213316892684695,0.1897258475860274,0.18311044488371617,0.16450399195794793,0.12544975245176632,0.1489684041606107,0.03978770853624345,0.13174793690901423,0.4,0.6,0.2,37,11.365966133194483,62.46475384118765
1,25,0.1236040231998537,0.1862402877049876,0.17988078959540646,0.16113798861647635,0.1299242084089272,0.1511067257651208,0.04094005380513061,0.13663471712008618,0.4,0.6,0.2,38,11.134855766659465,40.97487414206454
1,26,0.11592658995636188,0.17391489681007766,0.16751152568397268,0.14962789002804253,0.11365155629876914,0.15047363499423708,0.035826184364665586,0.11957143766398363,0.4,0.6,0.2,40,11.071989982846986,38.5294880589448
1,27,0.12010271861144402,0.17608600205987923,0.16936082398728408,0.15262722532397424,0.11236473577562703,0.1498263893614054,0.0397916146852794,0.13176061451703228,0.4,0.6,0.2,43,10.769620913404868,58.539950291056016
1,28,0.11982691019030572,0.17470405435960124,0.1679684955352434,0.15119506375917827,0.11391834533347481,0.1496988136250213,0.039783129120285275,0.13175623482134474,0.4,0.6,0.2,44,10.703575676238296,58.3734649333755
1,29,0.11382304250360809,0.16723973683227977,0.16049043798446488,0.144724898925854,0.10943728693992882,0.14933470622549586,0.035373320750946284,0.11713402219459856,0.4,0.6,0.2,45,10.76845482458254,55.0683065708654
1,30,0.1136007557224178,0.1659637449918771,0.159507479157749,0.14409896216605633,0.10634661156069432,0.14933470622549586,0.035373320750946284,0.11713402219459856,0.4,0.6,0.2,47,10.709673266989371,54.993737770558624
1,31,0.11338638173922734,0.16305592001873967,0.1562715118764894,0.14121103761751155,0.11362757102993798,0.15005310310925074,0.03537399303768569,0.11713828662819421,0.4,0.6,0.2,48,10.5750553844074,53.83168721504256
1,32,0.11271920638689271,0.15973090129946071,0.15322457523471636,0.1421774888875335,0.10570769510639508,0.14964680519280665,0.03538290997434222,0.11720432864368706,0.4,0.6,0.2,56,10.489981556813106,54.776031949927926
1,33,0.11322088916274033,0.15888943952832651,0.15479412453474317,0.1522918063306066,0.1057132471035323,0.14951450246147996,0.036834244710848285,0.11756277820340581,0.4,0.6,0.2,80,10.470259567641872,55.97628747724265
1,34,0.5753952834697907,0.6201390109564036,0.6172469777988405,0.6166148129318236,0.5684604615864679,0.9096222032910608,0.006639781828012866,1.0,0.4,0.6,0.2,87,10.534881546483875,39.98854632020439
1,35,0.5741103476033642,0.6154846994457697,0.6125613259070312,0.6127673949299149,0.572917108495101,0.9096734549357306,0.005497643345991351,1.0,0.4,0.6,0.2,89,10.490523220278748,37.31034904785884
1,36,0.5716502535796244,0.6100533223674719,0.607405349198554,0.6074103630093122,0.5673457428760007,0.8999447079012535,0.008806613516272424,1.0,0.4,0.6,0.2,94,10.348290556321915,38.96562986543632
1,37,0.19714905443763753,0.2348290534519182,0.23126551148863472,0.23279565533789157,0.19115045584624435,0.15883691668685504,0.00944005444759348,0.6082160536956838,0.4,0.6,0.2,99,9.676756284877628,28.80873038614332
1,38,0.5680220858952254,0.6046303852174582,0.5998451395634387,0.5910037847169842,0.56305017811291,0.8949669358120355,0.006425643893937428,1.0,0.4,0.6,0.2,101,10.39376144288316,39.69788807162397
1,39,0.2100052456231516,0.2472224766711356,0.24456354877434694,0.24946767944589704,0.20386486802149706,0.15989303599087507,0.010501359487467743,0.6678552770305883,0.4,0.6,0.2,103,9.621283633950286,30.16604623416908
1,40,0.20934468232989004,0.2441181336998362,0.2417395337000467,0.24815418480332857,0.20791710740666433,0.15893172522461668,0.01043653873716423,0.6689153147744826,0.4,0.6,0.2,105,9.558894500591956,29.85757690263597
1,41,0.19251973799391006,0.22583802059107305,0.22405194085207508,0.23128412472710172,0.1898480939004928,0.15956345086991194,0.00738667620458781,0.5941096594957236,0.4,0.6,0.2,107,9.614178354431733,33.596463768622485
1,42,0.19438901068376715,0.22632765585142073,0.22422580683387908,0.23316565858315264,0.19026392207128268,0.16591298984857808,0.005521796190053456,0.5974735036547282,0.4,0.6,0.2,111,9.520397420057478,34.10198978476532
1,43,0.19351963804155503,0.2239345121607234,0.22151574761206788,0.23046505014641988,0.1909743628077985,0.16461547005839672,0.0054094161160893215,0.5972972838543182,0.4,0.6,0.2,113,9.409518080923842,36.36550301373386
1,44,0.19287082140445563,0.22268229497978567,0.2208639432397047,0.2310259512078996,0.18891908216707443,0.16321482490488898,0.005434006329468062,0.597453607914787,0.4,0.6,0.2,116,9.455838058893764,36.08843678457544
1,45,0.1930057033936002,0.22248488040371142,0.2206634483837128,0.23115598040538676,0.18878965023028682,0.1642461299035838,0.00524053486263331,0.5969303654309528,0.4,0.6,0.2,118,9.42573032949691,36.04497991336065
1,46,0.05639548098486657,0.08388901626161493,0.08295821469600993,0.09321689137963189,0.05960995115969773,0.1102836159793992,0.006456518131484958,0.02007523719423853,0.4,0.6,0.2,119,9.598095656665391,46.03110724063755
1,47,0.0563310609726026,0.08360325485812627,0.08297341324741463,0.09419693141805749,0.052515178739061794,0.11024301399330087,0.006469104441668485,0.020059740399448002,0.4,0.6,0.2,121,9.576857684757174,46.172912047325184
1,48,0.053956054305588544,0.0784592395961312,0.0771980343179869,0.08739594607677147,0.05877769848824134,0.10892661711533921,0.005297512075390873,0.01650723031736305,0.4,0.6,0.2,122,9.504008716397903,43.969966865346535
1,49,0.05375584425376983,0.07713991483726615,0.07617148821587078,0.08764340167791813,0.052075804844133405,0.1089266171153392,0.005297512075390873,0.01650723031736305,0.4,0.6,0.2,124,9.460299504823372,43.90884118551338
1,50,0.054588760786252966,0.07780060239141606,0.07683059726046412,0.088308302074882,0.05149087213186153,0.1094733867651386,0.00582845018126615,0.01812809120281603,0.4,0.6,0.2,125,9.414123285537082,33.71195642425942
1,51,0.05380278243848066,0.07512451404990562,0.07413723170502041,0.087259994272985,0.056782215599680705,0.10809114368509849,0.005874871196506989,0.01837969758822758,0.4,0.6,0.2,126,9.393927368106734,34.12512244265142
1,52,0.05265676825993637,0.0727685079318257,0.07177019070185015,0.08520782654441235,0.053545850424357846,0.10735021852766317,0.005337785122872907,0.01673107866925162,0.4,0.6,0.2,127,9.369887104655866,36.60805310587642
1,53,0.05397696782108063,0.07248326762316501,0.07328801807293484,0.09553861152114236,0.05155588682179648,0.11134968198342947,0.005448170767242877,0.016739642321020022,0.4,0.6,0.2,145,9.346762811936154,46.05547122644421
1,54,0.053975475503721754,0.07256255016363777,0.07367109624986552,0.09661232643429268,0.05117224387997226,0.11134968198342947,0.005448170767242877,0.01673964232102003,0.4,0.6,0.2,147,9.346276427455145,46.03831863341519
2,0,0.9573109778095157,0.8926967947352175,0.8918545723482778,0.8880582138336627,0.0,0.0,0.0,0.0,0.4,0.6,0.2,1,222.6864925921627,1403.192237348839
2,1,0.9340662747033618,0.9137120802727143,0.9127376611410317,0.9087448843284547,0.062188595940183757,0.09446177315543527,8.373978300297374e-05,0.00011431080981810001,0.4,0.6,0.2,3,208.93296326121063,1348.8525393392188
2,2,0.8884463777619714,0.9128446954202135,0.9117228204466666,0.907760406358753,0.10990213045680738,0.1363960543116488,0.0010926115668664941,0.0028381720905722298,0.4,0.6,0.2,4,195.39269782999176,1206.3210252721508
2,3,0.7417773955491092,1.0525033063461902,1.0490804328654164,1.0363243834548035,1.3334822666664448,0.22322353276077123,0.33219807624365044,1.0,0.4,0.6,0.2,5,68.4732427053786,256.57218536759825
2,4,0.5177045799996194,0.8281715842956368,0.8243910721094996,0.8110026834670985,0.3754862558895455,0.2142272147345977,0.16630588927126874,0.6217967087914452,0.4,0.6,0.2,7,57.87195229681685,215.38200415785303
2,5,0.49273962070210325,0.8004309963296303,0.796474518572206,0.7831097874158222,0.369350008557984,0.1970269454029264,0.1674162321074607,0.6263155522222071,0.4,0.6,0.2,8,55.29376314486826,166.55243618744566
2,6,0.3770361820689706,0.6172893847324714,0.6122657873946815,0.5934001125222668,0.7991308649358165,0.17458338736937104,0.16804040671354167,0.6264077128243816,0.4,0.6,0.2,9,26.51403585767104,105.35146769110511
2,7,0.2778840353415867,0.48357063057954697,0.4781019149205926,0.4580835431310119,0.30066173611591207,0.17030311293625547,0.11209042662389324,0.4177887210729988,0.4,0.6,0.2,11,21.18923456107312,89.56014051414432
2,8,0.22715292418201807,0.4067561059767576,0.4009835234276987,0.38015395849367417,0.23664704264656122,0.16920024160740607,0.08410596019270171,0.3134107772224909,0.4,0.6,0.2,13,18.06246911444192,91.38862576739108
2,9,0.21432706161631165,0.36488016389799227,0.35879048906344446,0.33719758665955535,0.23766952185058188,0.16539665033966847,0.08416484835892632,0.31350988709402566,0.4,0.6,0.2,15,15.35120190200793,80.11050906526559
2,10,0.1835020239549472,0.31119505193969693,0.3051706348312336,0.2833376606378174,0.19967954613652286,0.1604311281175424,0.06829344644130497,0.2541647054662562,0.4,0.6,0.2,17,13.980402263884187,51.437263881767066
2,11,0.16980260292825544,0.2818619988592001,0.2756796280915606,0.2534747814875923,0.17576816969255832,0.15619868341422788,0.06277395136834356,0.23315011361927004,0.4,0.6,0.2,19,12.956834374089883,49.0953149747622
2,12,0.16019005412594503,0.2669235902724997,0.26099103363535076,0.24084952613219143,0.14522552983429582,0.16287860526434972,0.05465207686708473,0.2033861423488999,0.4,0.6,0.2,22,12.81604510011702,46.57973309673769
2,13,0.14888281371403117,0.24142650817747863,0.23535428747429274,0.2133186318619443,0.18219602466418783,0.15865041166998403,0.050235947013331804,0.18657247294277418,0.4,0.6,0.2,23,11.958180289948547,44.07665341994071
2,14,0.14672904365476058,0.2238903062115201,0.21766921308314088,0.19624413124689635,0.1596808435461021,0.16278032246016902,0.05004141720415438,0.18605059751268566,0.4,0.6,0.2,25,11.356901634932935,42.04350925214666
2,15,0.13381444835983852,0.19831572924132151,0.19197388600213056,0.17052723060816122,0.1443291988423237,0.1652832518556667,0.04171380703481612,0.1550807227338826,0.4,0.6,0.2,27,10.941663870430943,40.66186747154597
2,16,0.12441188668233492,0.1843034526221914,0.17791800942532307,0.15727439672386054,0.12170858552021671,0.16414168624844508,0.03575902843837022,0.13294558057883582,0.4,0.6,0.2,29,10.768417201216828,36.457875024176296
2,17,0.12702401769395136,0.18527811777811584,0.17887721544541216,0.15843910778454187,0.11947817091245432,0.1714891361092385,0.03576338659806567,0.13294917468008768,0.4,0.6,0.2,31,10.695631949224452,40.707938968005806
2,18,0.11968112745644545,0.1735875976288729,0.1671458052056313,0.14754842741663735,0.11767373780706691,0.17029159518837195,0.031296392996610384,0.1163460044530692,0.4,0.6,0.2,33,10.54702210492674,36.69144427721985
2,19,0.10305760144725326,0.15277703525660433,0.14629600266072562,0.1281984130795043,0.09615342991517764,0.1473402802692843,0.026679607032340204,0.09704215466821817,0.4,0.6,0.2,41,10.307688158131192,31.847750102104364
2,20,0.0968943043111993,0.1454051504901432,0.13860990569528084,0.12137624930414738,0.09224065793755329,0.15012248183702803,0.02136563525309534,0.07767193965639878,0.4,0.6,0.2,42,10.539088934586522,35.84086721839941
2,21,0.09673961579499722,0.1428097050849654,0.13629460121840545,0.11935934617118343,0.09306509317567556,0.1509977638761309,0.021343040821718097,0.0776119610983533,0.4,0.6,0.2,44,10.329276600118185,35.535351004506694
2,22,0.10408411328133939,0.14812350076517666,0.14219542350187933,0.1260230346422846,0.10404917376015625,0.15275133893082996,0.026625719725890867,0.0970464267513642,0.4,0.6,0.2,45,10.117009796042884,39.25256215968419
2,23,0.10406093927103714,0.14785097271095815,0.1422234866015638,0.1263372109701569,0.09768485958074981,0.16165953721808324,0.02397877919880539,0.0873701302721667,0.4,0.6,0.2,46,10.268835788610644,35.61499824483407
2,24,0.10576182648232405,0.14459795484268007,0.13892447642036346,0.12264221174310919,0.11602538684057537,0.15931314981520997,0.026649965910479956,0.09709022925086577,0.4,0.6,0.2,47,9.876150417072006,35.94122657678055
2,25,0.10332240878201931,0.14084577414639737,0.13516012606338343,0.12114134611261727,0.09841874836646435,0.15388134311412877,0.0266269250739201,0.09700837020886104,0.4,0.6,0.2,50,9.67999400130048,39.03482994060083
2,26,0.10224312394209549,0.13849745754057585,0.13310299090284544,0.11824757877725167,0.10071220109420397,0.1605763629718357,0.02398137516844472,0.08737424433316897,0.4,0.6,0.2,51,9.981613738451273,35.09460497076227
2,27,0.10089161947590122,0.13588944316074406,0.13018043303344817,0.11661858919750309,0.09890949554658704,0.15784684133381316,0.023938406100886232,0.08724125500271666,0.4,0.6,0.2,52,9.657091151944783,37.832757734104206
2,28,0.10194498167797789,0.13438214895597947,0.12864946118533452,0.11587600902002779,0.10079362176982634,0.16161143186864635,0.023936882333148342,0.08723682519136061,0.4,0.6,0.2,54,9.604002289455458,37.222538184471766
2,29,0.09780926670448348,0.12892758519067835,0.12318279282711976,0.11121500448356635,0.09478006835883257,0.1590599271892251,0.0217666226267236,0.07932102699701693,0.4,0.6,0.2,56,9.409287786286423,43.18595298644281
2,30,0.10276223919353884,0.1325365630081171,0.12647646842405508,0.11402272025125548,0.09983920267728048,0.15838353821136839,0.02586916380165393,0.09421670910347486,0.4,0.6,0.2,58,9.38629028099719,37.29018076931545
2,31,0.10270200637413371,0.13221635647270435,0.1264567838480678,0.11446550607459348,0.09830868089759284,0.15838353821136839,0.02586916380165393,0.09421670910347486,0.4,0.6,0.2,60,9.389163246144244,37.23559656292058
2,32,0.10245406359681511,0.12773366742884254,0.1216322882021133,0.11046686911842216,0.10516836016612205,0.16809853955102505,0.023288862671238367,0.08481920190284134,0.4,0.6,0.2,62,9.299864254165216,34.49781548780418
2,33,0.10238879442317754,0.12737012797496738,0.12156892563839408,0.11058374850212192,0.09882920181738691,0.16809853955102505,0.023288862671238374,0.08481920190284134,0.4,0.6,0.2,64,9.300947151749464,34.43084196502928
2,34,0.10260839030208074,0.12581432988349722,0.11999684330161832,0.11012104597478385,0.10068466497659306,0.16938704166199825,0.023289527247441377,0.0848246369255802,0.4,0.6,0.2,67,9.310698127947266,34.116097859778
2,35,0.09991338175448075,0.1204357586772802,0.11489667761773185,0.10750416671938147,0.09878694181313463,0.16924079079561424,0.021721625606594148,0.07864122453463532,0.4,0.6,0.2,71,9.092542661345288,27.488352631738955
2,36,0.10111325488105005,0.12074064929573418,0.11489045200863472,0.10723276408483697,0.10048953556543981,0.17521073496933076,0.020932384588998366,0.07572841922185965,0.4,0.6,0.2,72,9.116716785182724,33.13563545960046
2,37,0.09629662020857618,0.11546916838584616,0.11022077705996894,0.10332397491298333,0.09520516911873782,0.16846468777119292,0.019406453446148643,0.07023381017298969,0.4,0.6,0.2,73,9.092822517871552,30.85786155996419
2,38,0.10249092233311942,0.12013997479352469,0.11427172496692106,0.10771670112014524,0.10174121447343752,0.1759537355034895,0.021984467497137686,0.07958579699753504,0.4,0.6,0.2,75,9.080553887517585,35.787947397824205
2,39,0.09594736712566465,0.11228215873315084,0.10640192711766461,0.09955709491920064,0.09755582581013653,0.17015586479852757,0.01891515992748965,0.06873242403986703,0.4,0.6,0.2,76,9.028097338265647,36.72283615343021
2,40,0.102523334036234,0.11823781080699548,0.11386673705137143,0.11093858007223348,0.10020402998593868,0.17954978547925216,0.021280050008157,0.07658878397382424,0.4,0.6,0.2,88,9.111979975140247,37.994184885931375
2,41,0.10079348873072602,0.11467231563692273,0.11028454145941874,0.107610320739908,0.10460236478941551,0.1759507350078031,0.02128329849050093,0.076590400148854,0.4,0.6,0.2,89,9.128815210837866,38.73234315659288
2,42,0.10122248784827723,0.11516551074713724,0.11108132371954033,0.1092810764599506,0.09893072561566076,0.17702696656410424,0.021285701953214702,0.07659653603985418,0.4,0.6,0.2,92,9.136617762738975,37.83155853071908
2,43,0.10076095267760964,0.11449062420055577,0.11040450856432056,0.1082812385086388,0.09918413179785933,0.17597779021786342,0.02127623366366923,0.07658424457798159,0.4,0.6,0.2,93,9.109979635549962,38.67147730772345
2,44,0.10114841759352443,0.11471328383945163,0.11092860950905885,0.11031861145666007,0.09975231653048879,0.17702696656410422,0.021285701953214702,0.07659653603985417,0.4,0.6,0.2,94,9.082105851168537,37.7729774763667
2,45,0.09910269339357117,0.11092818316077976,0.1068247852807993,0.10559239165833284,0.10261797494455563,0.17239049491205877,0.021285472990661795,0.07694067937401583,0.4,0.6,0.2,95,9.122724235375,38.25213580748968
2,46,0.09662587476711518,0.1077803616591832,0.10367083107778222,0.10337752556504684,0.09698150871847366,0.1733957770082765,0.019064836469242986,0.06973354269447565,0.4,0.6,0.2,96,9.069088548395404,38.53096782914638
2,47,0.10037377443002779,0.11041184452184764,0.10629222062829702,0.10660178593048748,0.10238543146595067,0.17455809968748984,0.02229819613303021,0.07731870637874803,0.4,0.6,0.2,97,9.126434149297385,38.17628469952591
2,48,0.09734129572006127,0.10549552511015796,0.10135882253619179,0.10484298707458464,0.09717884058663534,0.1759839275421223,0.019568137984283456,0.0689523663841074,0.4,0.6,0.2,102,8.650086320297891,39.51204284393174
2,49,0.09970897696943869,0.1073248466102204,0.10318325664098109,0.1072962885914182,0.09927059468746778,0.18204989996682358,0.01959161866502968,0.06900240580387078,0.4,0.6,0.2,104,8.574740383061997,37.54171073747805
3,0,0.9499654437733195,0.8907171923222155,0.8898594453240266,0.8860032533577022,0.0,0.0,0.0,0.0,0.4,0.6,0.2,1,222.84538292405804,1334.0713690135167
3,1,0.9255965471488882,0.9100454004523849,0.9090555725708446,0.9050034114185871,0.06043479784871544,0.09020594070366636,8.399636384213458e-05,0.00011510700581725,0.4,0.6,0.2,3,207.98503268306223,1328.8047029076745
3,2,0.8746721235513674,0.9070133652438177,0.9058633150550053,0.901792426439976,0.11231556886812002,0.13077633349636567,0.0010891494050749657,0.00286309110042079,0.4,0.6,0.2,4,192.9156181475794,1153.7500808484986
3,3,0.7442243732258473,1.053972259019729,1.0506288128946122,1.0381781078057697,1.2855494082393337,0.20520822995674162,0.3297733946819729,1.0,0.4,0.6,0.2,5,65.78972534582853,232.13474605311404
3,4,0.4281718996639397,0.7290116621365973,0.7247922976898595,0.710094129275669,0.4280194512430128,0.12450768723494592,0.1538016395471262,0.6225692811912608,0.4,0.6,0.2,7,53.47838100532301,245.6745188431533
3,5,0.3222089497991974,0.6067387864817436,0.6021285386736284,0.5864626398222528,0.2659616099490751,0.12380307827636247,0.10259664290678565,0.41523693634624925,0.4,0.6,0.2,9,46.08214976480373,224.72609102020144
3,6,0.29554661868314147,0.559245378377895,0.5542637674258832,0.5377617730345908,0.2621667083542886,0.123158985891814,0.1026748619094764,0.41538424191041934,0.4,0.6,0.2,11,40.413968628684735,208.6203045698517
3,7,0.27922960661541435,0.5251963694939827,0.5199458064328872,0.5028054745504955,0.24389158461317945,0.12274427118121412,0.10297785854313353,0.41639078910769645,0.4,0.6,0.2,13,37.13083429537426,207.695214789112
3,8,0.24258796045302788,0.48055698963453025,0.47519872916348643,0.4579645610362661,0.17267042496309204,0.1256846481058509,0.08890035681778609,0.2981628340922727,0.4,0.6,0.2,17,26.438548598199585,122.16073271374812
3,9,0.2282517413931629,0.4461966233236727,0.4405757792944433,0.42215666320634027,0.25879664110507455,0.12787605908485727,0.08761660124773814,0.2930945125549406,0.4,0.6,0.2,18,22.582450502975743,113.86625093241724
3,10,0.22447632311224633,0.43562660919260865,0.4299218985741316,0.411725334681071,0.19284190517855154,0.12216326826275714,0.08940563292731525,0.29973338382946546,0.4,0.6,0.2,19,22.661835802614128,100.93053004310448
3,11,0.1754723808943956,0.3653222141846288,0.35936267326367566,0.3402886710052538,0.21911475428132732,0.12612304918608983,0.05844583024427423,0.1954745692483256,0.4,0.6,0.2,20,19.36564911965249,92.435265551043
3,12,0.14059813497531257,0.3031948749485556,0.2972345595653989,0.277252915759284,0.15663826329157804,0.12665319382284065,0.03983453134039033,0.13314350186282176,0.4,0.6,0.2,22,16.73999370257213,66.92350604924538
3,13,0.13626276379437408,0.26710564465895875,0.26081063381664943,0.23995983080016747,0.1692062354737272,0.1282184592216779,0.04461660994154415,0.14847523581784489,0.4,0.6,0.2,24,14.96964606073363,55.63119446535771
3,14,0.11299233009112701,0.21160410315145958,0.20498555544223726,0.1835843273244702,0.1528855231656688,0.12775834980037773,0.03348560403492081,0.11140701991531984,0.4,0.6,0.2,26,12.970565732776052,50.90464166586121
3,15,0.09759691603902591,0.16879652286855878,0.16191259745009784,0.14019443709497462,0.13321426073924592,0.1264265602797211,0.0268010238987545,0.08916085032812679,0.4,0.6,0.2,28,11.480469625860978,45.8084786578971
3,16,0.09036551046743876,0.15498093889065634,0.14803439244677669,0.1270172747663358,0.09014936924503048,0.12595422771900977,0.022337766641831062,0.07431749242494465,0.4,0.6,0.2,30,11.230319917063408,40.84274169064602
3,17,0.09508110563287214,0.1556015668570121,0.14861622085746018,0.12745126768963908,0.09845493716915893,0.12572352764457273,0.026809873025181744,0.08915932403206425,0.4,0.6,0.2,31,10.99264327168938,44.77410987776821
3,18,0.08322030818300277,0.13880741270851976,0.13177560340575994,0.11115905547438838,0.09043788382612603,0.12275624724553916,0.019154035534751347,0.06371786150037632,0.4,0.6,0.2,32,11.062577475268297,42.65702521036107
3,19,0.0878861849196009,0.1410534078768293,0.13399883404316776,0.11353450268791276,0.08262926901633588,0.1255162438926477,0.02235036311357286,0.0743070459836595,0.4,0.6,0.2,34,10.665579486579546,44.528353887752566
3,20,0.08764855720914923,0.1402233433483682,0.13346614380597346,0.11332577552238372,0.08072499002718607,0.12525851083908673,0.02234514067690231,0.07431621958633233,0.4,0.6,0.2,35,10.776696160818329,39.95334042638754
3,21,0.08148754024726172,0.12961672050651324,0.1228178962819937,0.1032693999705451,0.08070857577265951,0.1220744515413398,0.019159526267461303,0.06371585939131565,0.4,0.6,0.2,37,10.854282242843864,42.88846299695149
3,22,0.08030549973822679,0.12780290854454507,0.12130111635796813,0.10312411914248233,0.07326222472362673,0.12119617475746211,0.018602627850059658,0.06191863633965998,0.4,0.6,0.2,39,10.7193904593528,38.84614911146885
3,23,0.0802397003242449,0.12738918025407353,0.12088415712513309,0.10295928164244833,0.07321489480536476,0.12119617475746214,0.018602627850059658,0.06191863633966001,0.4,0.6,0.2,40,10.688278160315294,38.641524032347945
3,24,0.08048629247555782,0.12404842932195248,0.11720701279018911,0.098508361574007,0.08497202393137539,0.12481434831484961,0.01816135175109299,0.06053637187161428,0.4,0.6,0.2,41,9.877770905507408,35.51850255529823
3,25,0.08017034712079864,0.1206442786863971,0.11407713398281695,0.09644413466720152,0.07858228982756414,0.12504235331996252,0.01830091111300226,0.0609884222811277,0.4,0.6,0.2,43,9.848382473954596,36.60892253724592
3,26,0.07996515477957442,0.11840032907087517,0.11181424225261583,0.09409618328146269,0.07567479715127703,0.12539840638273508,0.018326501460999112,0.06102511781711798,0.4,0.6,0.2,46,9.822087140188064,36.681840185844656
3,27,0.07996085681880732,0.11855221458267166,0.11257355038164318,0.09705393536509457,0.07338053777410214,0.12539840685737014,0.018326501754669072,0.06102511876789953,0.4,0.6,0.2,50,9.827332594340218,36.717943885633794
3,28,0.07339884798456783,0.11093093709844239,0.10463942640029378,0.09031218799665813,0.06807178182125276,0.1221610011227868,0.014335185416150257,0.047536939188221,0.4,0.6,0.2,53,9.983300390437556,36.56089962112593
3,29,0.07645059454686567,0.11143913250730847,0.10542712227623138,0.0920120976484819,0.07273108557468067,0.12502968606797785,0.016209526468391845,0.053785600694587446,0.4,0.6,0.2,57,9.515813093480736,35.28404784234052
3,30,0.07559910612061287,0.10991489279546746,0.10389661147401465,0.09157725644185029,0.0703326977546689,0.12435139337291412,0.01590537982478749,0.05239228069678137,0.4,0.6,0.2,61,9.53681188673698,36.4292178145259
3,31,0.07311297163757022,0.10589355528633768,0.09986116060611333,0.0883662922689799,0.07014793133203365,0.12380049735767211,0.014292044139273211,0.04725391163267287,0.4,0.6,0.2,63,9.463179247496766,35.50035916644046
3,32,0.07333489576306414,0.10569649212433106,0.09905426054614627,0.08300844691603639,0.06821466776793113,0.12406535560648593,0.014418765003392009,0.047662920500387077,0.4,0.6,0.2,65,9.496770665140554,36.6269044367769
3,33,0.0714622046459195,0.1010033351184994,0.09554693105888043,0.08696097766218679,0.06783431723539878,0.12624087031605474,0.0126660613486385,0.04196713873442367,0.4,0.6,0.2,73,9.098958911174485,44.26545309316342
3,34,0.07129893865986518,0.10065813772675002,0.0945942013158871,0.08639170476752316,0.06633209975952506,0.1257490718775407,0.012704013715279412,0.04202193759712821,0.4,0.6,0.2,74,9.085007477431462,30.39689614067669
3,35,0.0697055007238263,0.09830617469297143,0.09284113936728888,0.08543464387165595,0.06806287679438355,0.12589099873791976,0.011512649958652275,0.038150659428392956,0.4,0.6,0.2,75,9.08094977061407,44.31261485948063
3,36,0.0717842213626723,0.09851849503740033,0.09243041813969972,0.08470468183366249,0.07295449362021025,0.1280783111498471,0.012706099304660113,0.04202855095189159,0.4,0.6,0.2,76,9.034008398869124,42.53802126678237
3,37,0.07003390913621253,0.09376148959557755,0.08855480119621778,0.08455625161099616,0.06763784432936187,0.12539755222166452,0.012640462496718963,0.04159349906265124,0.4,0.6,0.2,83,8.857825192233276,44.06032399323647
3,38,0.06838110144817086,0.0918476319852494,0.08633548676774923,0.08147523799287236,0.06504497927306002,0.12517698995833165,0.011363963920037128,0.03775039542540361,0.4,0.6,0.2,84,8.98199217112734,43.43748130509009
3,39,0.0675451452268072,0.09031092348650321,0.08479236777996332,0.08020783567202314,0.06604407800664593,0.1233752482940498,0.01136350375786344,0.03775142751842447,0.4,0.6,0.2,85,8.986687141432814,44.05573455938525
3,40,0.06780622289873267,0.08803242280730778,0.08279369071162446,0.0786727635008125,0.07324424229660001,0.1249614802155645,0.011460997971337879,0.037762969833092255,0.4,0.6,0.2,86,8.75070581460541,43.88254863269854
3,41,0.06792024817228506,0.08739425289274971,0.0818456077430725,0.07804803226313271,0.06685689967236959,0.1255656997468318,0.011425863221076426,0.037772053041505674,0.4,0.6,0.2,87,8.730628885641707,43.50446560087866
3,42,0.0686531446833734,0.08767262498802254,0.0824228373925128,0.07886856606929571,0.06728461482374173,0.127706303452582,0.01136348601361044,0.03778715451226586,0.4,0.6,0.2,88,8.733315644649506,43.174250900324026
3,43,0.0677102963722549,0.08672217666474816,0.0814723342555273,0.07918330996804966,0.06452857996495306,0.12532264636376475,0.011393972224358038,0.03775471663445236,0.4,0.6,0.2,90,8.737368274924705,43.35231945218744
3,44,0.06891820262402948,0.08749162314782254,0.08254069944704083,0.08322613964238837,0.06600737255928273,0.12489383399040437,0.012579351226220618,0.041526264959147394,0.4,0.6,0.2,99,8.67380222020752,42.18567249483334
3,45,0.06923347973487948,0.08697932537601259,0.08202090266986801,0.08319909657854864,0.06718344491761312,0.12596926273705936,0.012582482881335032,0.04161333493774737,0.4,0.6,0.2,102,8.602808734363434,41.54549232019045
3,46,0.06886149969273063,0.08612431325323086,0.08116142968905106,0.08250650830936784,0.06637032816195522,0.12527794913139473,0.012580080240158031,0.04153376211046263,0.4,0.6,0.2,106,8.64655407601493,42.09188468200021
3,47,0.06882325817779977,0.08582155647839942,0.08115923771490502,0.08374055308715,0.06717132681574775,0.12537805951680572,0.012558370893429151,0.04149338937557218,0.4,0.6,0.2,107,8.620810772704539,42.16156269498011
3,48,0.06927372640946441,0.08584430113887466,0.08117804631163249,0.08435320342568053,0.06722008780475294,0.1265844165747395,0.012585780826726867,0.04159524167610759,0.4,0.6,0.2,109,8.594432605555577,41.5779418412494
3,49,0.06915424055154562,0.08550126930141677,0.08083300631039543,0.08430470306049705,0.06716820467289428,0.12642364908030057,0.01255974677027918,0.04157707030932079,0.4,0.6,0.2,110,8.566529758787487,41.47404066067291
3,50,0.06664297364052307,0.08277606465218329,0.07901478897336278,0.08674500418823859,0.06416711538736022,0.12537594087999807,0.01016270209794641,0.03869579853002851,0.4,0.6,0.2,119,8.82280532824673,43.60773785568363
3,51,0.06542069132818228,0.08162549874750999,0.07816777431997593,0.0872886319252564,0.06278786791016142,0.12291304405001395,0.010853465810733199,0.03545235717577453,0.4,0.6,0.2,122,8.908754023711051,44.65674949631467
3,52,0.06691881181621433,0.08200294775364089,0.07944397955626407,0.09380408482843706,0.06495293426466063,0.1252070043276999,0.01070557664055128,0.03990931463168325,0.4,0.6,0.2,132,8.85979529478971,43.18394869443777
3,53,0.06669536042967586,0.08163003430923654,0.07906968865072687,0.09375673456671721,0.06478775117923416,0.1250335951712394,0.01065569617763533,0.03940742599864655,0.4,0.6,0.2,133,8.849982370142397,43.12190587327838
3,54,0.06689051726202987,0.08188657293813541,0.07962971305549822,0.09633828894868089,0.06450695932483415,0.1252070043276999,0.01070557664055128,0.03990931463168327,0.4,0.6,0.2,138,8.844000659172039,43.11222114831717
3,55,0.0668186674159692,0.08154559705639398,0.07898334411265166,0.09632006132133662,0.06504358559272203,0.12523417666625608,0.010614615814084247,0.03991105884589012,0.4,0.6,0.2,139,8.848548568780144,43.02640508266402
4,0,0.945099056548053,0.8894050750670298,0.8885370409519461,0.8846418389150097,0.0,0.0,0.0,0.0,0.4,0.6,0.2,1,233.6816693288458,1400.507258122149
4,1,0.9167354944805431,0.9077748203290135,0.9067639986190851,0.9026315320462178,0.06280243462845585,0.09122629829888615,8.384031403627752e-05,0.00010682105879583001,0.4,0.6,0.2,3,217.10955745449203,1188.0663782347358
4,2,0.5390555144682705,0.7744971693879565,0.7723162646443469,0.7647462102708951,0.482892231819874,0.12308061401596522,0.0025784150683065593,0.00793151495734787,0.4,0.6,0.2,4,121.57249159453072,517.3581423985672
4,3,0.3627723787014664,0.6705043795625544,0.6675732730233107,0.6560596886375418,0.27570863255673994,0.1552200739124097,0.012366491252823625,0.065223470945292,0.4,0.6,0.2,6,76.22737648333609,38022.77867341579
4,4,0.33515303375922517,0.6432638955179241,0.6403120576540273,0.62936321720617,0.06162646781471934,0.13585684372649434,0.0024422986604592163,0.01067993583290802,0.4,0.6,0.2,8,73.57168628248054,8053.6169879318195
4,5,0.34862216640465477,0.6572825551792798,0.6540005541623605,0.6434075282797916,0.08539799431451812,0.15835039781083265,0.007242459287587795,0.03876627552320005,0.4,0.6,0.2,9,71.22507275190364,8356.958611447093
4,6,0.2908574387370907,0.6024982775141341,0.5992423111595162,0.5876793121302987,0.15767940644721581,0.13376075081496694,0.0016544201970671167,0.0071893141210883,0.4,0.6,0.2,10,64.55538121471874,8025.726436596004
4,7,0.18387050321870443,0.47703510975137975,0.47283320824336345,0.45809971911954495,0.23347040916218892,0.11753208196718282,0.0032315067535449824,0.01019256704739705,0.4,0.6,0.2,12,41.944606979078095,7748.07327921333
4,8,0.15052966986471178,0.40372913837457947,0.3991919659742122,0.3822019929709272,0.16801864757310553,0.12753083200927023,0.005534519955792054,0.02349054548346659,0.4,0.6,0.2,14,31.619760385557928,34213.10797783806
4,9,0.14969814642825224,0.3963959948343059,0.3914632566977081,0.3751856490017015,0.07987307130658614,0.1344105334220424,0.006438896517933518,0.02920683659514329,0.4,0.6,0.2,16,32.06656755257396,62009.54470310082
4,10,0.1150879943805555,0.3218387849803511,0.3166857136886335,0.29864600391378837,0.24810580387122275,0.12311582463374363,0.005746777164645081,0.0145768792411573,0.4,0.6,0.2,17,23.960209146879148,161.81841019731786
4,11,0.10784281028555974,0.3029717790542112,0.2976803241046973,0.2800026507983535,0.07977998654392875,0.12316148556215858,0.00461392335045621,0.01170037505000934,0.4,0.6,0.2,19,22.54751554708165,159.160868822622
4,12,0.10006069647907428,0.26619190531225617,0.26057296928528473,0.24236271112062832,0.17957236175015498,0.1316162825849901,0.0057598603119023,0.01607127955335485,0.4,0.6,0.2,20,18.13260497671593,146.86713566524563
4,13,0.09781943072816005,0.2572064991521303,0.25151437569002943,0.23350365299251055,0.0730943605872776,0.13278914390287394,0.005667767082645697,0.01569944393530513,0.4,0.6,0.2,22,17.34622870023785,146.22698018817965
4,14,0.09141792235912724,0.23783613816618876,0.23230879729085152,0.21475102196056023,0.08345203253617724,0.13140513500243373,0.004624436795699835,0.01289605455726712,0.4,0.6,0.2,24,16.449491063499888,143.5703193299405
4,15,0.0911275066397195,0.23573681085210754,0.23019018681292455,0.21307859623511857,0.061969874505791785,0.13256089920812977,0.004550762212294557,0.01259858606282734,0.4,0.6,0.2,26,16.182508065799148,140.01086366482727
4,16,0.08714551105460416,0.2235777551911288,0.21794614326473957,0.20097689408839273,0.08784320688712063,0.13118128188947578,0.003858684526421079,0.01076097533768273,0.4,0.6,0.2,27,15.81695902248477,142.081856507832
4,17,0.08677834198205721,0.22169092520762815,0.2160436743137946,0.1998081650088707,0.05993596406516301,0.13156268436299984,0.00381882730362461,0.01069147468944703,0.4,0.6,0.2,29,15.655603554053569,144.50860870011726
4,18,0.07540953628831872,0.19573030598249402,0.18963098514246823,0.17175798554439295,0.10446253015084546,0.11870759907189261,0.002116646842527705,0.0065391386360286,0.4,0.6,0.2,30,14.99701383340715,7446.561609085992
4,19,0.06972938514008463,0.1744957963625109,0.1682408619197487,0.15026646560545365,0.07722926923952693,0.11536925572401824,0.002074119868308707,0.00630743437228803,0.4,0.6,0.2,32,14.112020475870631,8305.518890128564
4,20,0.06776247720057701,0.1709711064687588,0.16470074919641198,0.14767211704168912,0.04993291346697018,0.1127756748347978,0.0016233694910078832,0.00504889536015533,0.4,0.6,0.2,34,14.241356551992332,8291.087883470878
4,21,0.06420155595306067,0.15635331483966466,0.1499744074905243,0.13356642994065718,0.05959119955914341,0.11118411781990419,0.0015187273970203698,0.0046178096309764,0.4,0.6,0.2,37,13.666392413081722,8300.246246507617
4,22,0.6186184002092405,0.7105127289956985,0.7047370656211063,0.6901422539454503,0.6013538727024947,1.0,0.0013858116644407971,1.0,0.4,0.6,0.2,40,13.543043563820993,8265.7272691688
4,23,0.6185600916360096,0.7101979486549201,0.7044197880264329,0.6906549155356491,0.6012945864379691,1.0,0.0013922184305746464,1.0,0.4,0.6,0.2,42,13.678942572410447,8287.329137667883
4,24,0.6185420972412227,0.7100991009205482,0.7043201283591998,0.6902724316453674,0.6011255866242025,1.0,0.0013947683286094242,1.0,0.4,0.6,0.2,43,13.683301242704625,8287.745071053649
4,25,0.6177417151610222,0.706058073688949,0.7005505180580895,0.6879330999023135,0.6127356038105811,1.0,0.0013912676899579032,1.0,0.4,0.6,0.2,44,13.362823561010645,8292.714844647755
4,26,0.4242261559816473,0.5104933402330245,0.5052688123066793,0.4927471328274177,0.41163380441569986,0.517195677493387,0.001575976109356278,1.0,0.4,0.6,0.2,46,13.344186253935924,8357.111315218588
4,27,0.6172853434701515,0.7034062877942078,0.6981803754640906,0.6856295458411914,0.6010909858763391,1.0,0.0015289056694680954,1.0,0.4,0.6,0.2,49,12.850581843035826,8271.003210221548
4,28,0.6169907580426537,0.7023564325431069,0.69682028984155,0.6840941154270617,0.6032013117593896,1.0,0.0013031237626780034,1.0,0.4,0.6,0.2,50,13.193799676535786,7639.425128757291
4,29,0.6167900329212082,0.7012840087334526,0.6957394524088887,0.6838146962095858,0.6038463945998025,1.0,0.0013031237626780034,1.0,0.4,0.6,0.2,51,13.198046175568292,7622.713890380642
4,30,0.6157211160859908,0.696507017754616,0.6909264268562697,0.6777475206815183,0.6141425999722029,1.0,0.000985234874794764,1.0,0.4,0.6,0.2,52,12.605535665990532,7381.000348690386
4,31,0.5855719508614277,0.6571255384921747,0.6514566326144846,0.6393607670321833,0.6045767290534318,0.9291117711744242,0.0013624142851232082,1.0,0.4,0.6,0.2,53,11.391465560859189,7625.457669423999
4,32,0.5783084372074704,0.6337937622006122,0.6279727228830843,0.6161464432937674,0.5964440508917375,0.9194625285254364,0.0012189280448003526,1.0,0.4,0.6,0.2,55,10.79616522606366,7575.02354740363
4,33,0.6102778493470469,0.6642863148162315,0.6587543126051194,0.6479214826926899,0.6025899165149267,1.0,0.0013221756527155982,1.0,0.4,0.6,0.2,58,11.041000638346988,7569.110668586066
4,34,0.5836066609900726,0.6369141135130807,0.631375536070756,0.6208087152021755,0.5767268510184516,0.9338539016590801,0.0012007469214976023,1.0,0.4,0.6,0.2,59,10.696334866964976,7980.291431897908
4,35,0.6094215593048271,0.6594621244502612,0.653892971892708,0.6437943441165048,0.6118932034409473,1.0,0.001177151278500405,1.0,0.4,0.6,0.2,60,10.73272415256469,7561.931102792238
4,36,0.6094200732005324,0.6595429012293017,0.6542774107546147,0.6446647392667348,0.6007195737720072,1.0,0.001177151278500405,1.0,0.4,0.6,0.2,62,10.73062282104034,7562.369186489784
4,37,0.6087193876441712,0.6551215502225203,0.6495183690410972,0.6407637084865399,0.6131482096365237,1.0,0.0011590077229310487,1.0,0.4,0.6,0.2,63,10.55697361142026,7966.51431902697
4,38,0.6086973785540568,0.6548998739376348,0.6489919153083168,0.6374107877209303,0.6010706871371951,1.0,0.0011568076490185268,1.0,0.4,0.6,0.2,64,10.530689514935254,7964.979753192055
4,39,0.056859515224367815,0.10224967200748263,0.09724302449187319,0.0946177825786579,0.049254154381599,0.1195702767325367,0.0010549447694481635,0.00299048131556513,0.4,0.6,0.2,83,10.5061292964769,8303.71672647428
4,40,0.056792343911977176,0.10198702976785631,0.09728147004098343,0.09613354559326588,0.04953277776756995,0.11956189599637683,0.0010454433716118505,0.00296626964988043,0.4,0.6,0.2,85,10.461315436954802,8310.265749924885
4,41,0.05678883532802227,0.10198018168698428,0.09757752621515804,0.09762404372094056,0.049218764755185135,0.11957027673253669,0.0010549447694481635,0.00299048131556513,0.4,0.6,0.2,87,10.472738996439892,8307.561153483657
4,42,0.05452879228298447,0.09848119285670998,0.0940669771034269,0.09313565432960216,0.048088333741347196,0.11492447466993283,0.0008375957859247587,0.0027860076916528297,0.4,0.6,0.2,91,10.108130205816792,8307.852452117211
4,43,0.05384581055510588,0.09608077727864524,0.09165059509299038,0.09096965079507001,0.05252850135140655,0.11404899922041253,0.0008323005583332447,0.00272301517351412,0.4,0.6,0.2,92,10.06552492267754,8643.939423110842
4,44,0.054775021938726014,0.09455966142962309,0.08980381789614707,0.08912157715295556,0.05606713541846043,0.11768078625422776,0.000773918886320087,0.00243478511493285,0.4,0.6,0.2,93,9.909834478684187,8633.058101457493
4,45,0.05318958114867916,0.09294725796236561,0.08849412045145792,0.08775152602802797,0.04685766821563861,0.1137696763894872,0.0007613954288612771,0.00247339397905667,0.4,0.6,0.2,94,9.817850024498556,8620.356831071409
4,46,0.05428295441401165,0.0939080469905771,0.08945365602672518,0.08933546987504636,0.04802852766765404,0.11655054158289964,0.0007770857283371979,0.0024516946370925,0.4,0.6,0.2,95,9.870862427887344,8629.415662259818
4,47,0.05428223288624247,0.09399330648532055,0.08984263050521889,0.09029848046378786,0.04758357935645775,0.11655054158289964,0.0007770857283371979,0.0024516946370925,0.4,0.6,0.2,97,9.86986658444389,8629.567420617137
4,48,0.053423463938087765,0.0908016674316656,0.08662937326109008,0.0866639881302936,0.05507546652086216,0.11512297119562165,0.0008847669446173269,0.0027910495582146597,0.4,0.6,0.2,98,9.83524335281832,8631.57922534917
4,49,0.051943891145261954,0.08781032159390394,0.08392706442315348,0.08512080743296824,0.04775634683623605,0.11211815642656442,0.0008698807817870376,0.00287425597088015,0.4,0.6,0.2,101,9.45951557659206,8638.424448773261
4,50,0.05219491982514447,0.08710689924272438,0.08412370536462911,0.09584846303951025,0.04663160031510206,0.11244578424384355,0.0011753929556147724,0.0036440856899967997,0.4,0.6,0.2,120,9.512091794581968,8201.749515855507
4,51,0.05174020519913226,0.08325683302953041,0.08024234100944075,0.08962312627925487,0.05803494120000898,0.1130776918489361,0.0010738431133537223,0.00337564210809436,0.4,0.6,0.2,121,9.385189093665849,8606.409763477754
4,52,0.051095178335373394,0.08172036271931997,0.07869767813730418,0.09090666171003908,0.04907679297665738,0.11162664178739208,0.0011520876043844919,0.00358917374808302,0.4,0.6,0.2,122,9.387569580241223,8627.148740690485
4,53,0.05089381163639552,0.0808989602404807,0.07817348340132242,0.09202702836077825,0.04717883102597063,0.11141771928845408,0.0011576153172644184,0.00359440864412106,0.4,0.6,0.2,124,9.324393853880494,8635.052989101256
4,54,0.058367981350512195,0.08748530833899693,0.08475164115177922,0.0942539610591885,0.055135814466357305,0.13106180795291017,0.0009863534962294752,0.002965770908195,0.4,0.6,0.2,126,9.246597951092197,8421.28435303225
4,55,0.051389707104672375,0.07926525317557691,0.07712610284810899,0.09101609275739476,0.048055928275256746,0.11366221459353831,0.0011449293956781704,0.00359510362394883,0.4,0.6,0.2,130,9.267685402242824,8629.173817592382
4,56,0.05289662292882514,0.07714416457974088,0.07436586313015522,0.08645370054745526,0.0605781748934551,0.11971393060731887,0.0008462389605945046,0.00282601325648096,0.4,0.6,0.2,131,8.93499413016619,8747.554844470898
4,57,0.057287079084104416,0.07872816400568701,0.07683309830170312,0.0920947130446755,0.054796338988931693,0.13194836667510168,0.0009046352525807627,0.0026778893913806,0.4,0.6,0.2,142,9.001156192690496,8403.696265432454
4,58,0.057062782185191355,0.07832408178190946,0.0770332198318353,0.09397300859833248,0.05399421892262457,0.13153243666854453,0.0009049117126446349,0.00268258131375537,0.4,0.6,0.2,146,8.970058294652533,8412.267631137089
4,59,0.056400812230122534,0.0745740319114355,0.07386098287461604,0.0964014789904783,0.054474460566876215,0.1302886948950363,0.001305138893742846,0.00331612094730102,0.4,0.6,0.2,158,8.75090878384045,8427.872010803187
4,60,0.051690207041381345,0.06982271072962626,0.06910928061832577,0.09053203300741902,0.04888060292246601,0.11894134839396468,0.0011033822642230965,0.00309591920819427,0.4,0.6,0.2,164,8.80105368621406,8749.267726280712
4,61,0.050988387597753336,0.06684355319192303,0.06610938259946343,0.08847213372332191,0.051058485248616815,0.11830232682142934,0.0009983179485161871,0.00300419447778669,0.4,0.6,0.2,167,8.667769854921863,8665.070498222105
5,0,0.9164085874693096,0.8815088153043782,0.8805788480885482,0.8764464234478062,0.0,0.0,0.0,0.0,0.4,0.6,0.2,1,254.69822863080464,1356.2959231874397
5,1,0.8850115560419259,0.8970088428441503,0.8959289848909909,0.8915319585072322,0.06211921795336932,0.08631508673951681,8.302373255722234e-05,0.00010361646004345001,0.4,0.6,0.2,3,237.40602949819424,1299.6183555298785
5,2,0.6237643033383086,0.8567170718858319,0.8545515592974471,0.846216830089159,0.5313244582920577,0.09957364632831932,0.08044151385798719,0.2226420349188452,0.4,0.6,0.2,4,137.94577214110646,765.3256789612047
5,3,0.5310986936966842,0.7965787934805177,0.7941131183429926,0.7851677623616714,0.22143969678468398,0.09911888241120911,0.06697862027592873,0.15445073962768296,0.4,0.6,0.2,5,122.7790954317796,561.1513291835531
5,4,0.5429522238983873,0.8546058724645256,0.8510172573744027,0.8376296633648099,0.7238759932660394,0.19396127525038087,0.1898374223900554,0.6016925357622112,0.4,0.6,0.2,6,67.62588142167225,220.9074550047796
5,5,0.3794981831574879,0.6872776443205941,0.6833244933542676,0.6690961701730718,0.2578766146159871,0.18392197205246502,0.09511934303186072,0.3015020973866222,0.4,0.6,0.2,8,56.91804445121175,186.61187312762732
5,6,0.34032065005415546,0.6374003712648935,0.6330830056533213,0.6181899140969053,0.2543539161265701,0.17493078091537412,0.0952341696741346,0.30179394162873846,0.4,0.6,0.2,10,47.87825173045714,157.523381010569
5,7,0.3212529018316787,0.6084647841033762,0.6039153098789704,0.5883173138566494,0.23070575777169344,0.1706028270737331,0.09730371113424689,0.3073909475151437,0.4,0.6,0.2,12,42.75175497348537,143.06660273626542
5,8,0.3127655909783006,0.597422621088266,0.5928210969769248,0.5773864582513939,0.2025722066940177,0.16478404692584195,0.09555920045093264,0.30220486274643066,0.4,0.6,0.2,13,42.3549803810818,175.6710673434046
5,9,0.2949955344551425,0.5703587839318868,0.5655798366309055,0.5504347378183274,0.24441140396897765,0.1496172240985301,0.09674876665682298,0.3067170195253812,0.4,0.6,0.2,14,38.21628415253966,135.41605085158045
5,10,0.283932891607554,0.5482730089035082,0.5433059944674532,0.5268385735961223,0.2501755864291661,0.15779675209409047,0.09575057818805595,0.3026912698166244,0.4,0.6,0.2,15,35.74066770835503,150.06469109023027
5,11,0.28035080227377696,0.5358011500806003,0.5306945901492548,0.5136944325485076,0.23787864264202796,0.15980590655964771,0.09964765406403957,0.31357797693178596,0.4,0.6,0.2,16,32.61404853464536,109.68684223482514
5,12,0.27589992623493703,0.5308268819049016,0.5257127266239708,0.5086830538552771,0.18504079911998508,0.15490113295924487,0.09796226731552657,0.30838203375980294,0.4,0.6,0.2,17,33.16114453217044,136.9338547658141
5,13,0.3051659706821174,0.5586087039311,0.5537747116105471,0.5392058795669126,0.22166415598998618,0.09076824647612304,0.15046839124075873,0.4325572701759011,0.4,0.6,0.2,18,41.43246331691737,229.4429754265433
5,14,0.10047254384336847,0.30807017497811034,0.30292737450969387,0.28438023846380217,0.2655194360735604,0.09171078568828374,0.0021162880677635604,0.0128914884489926,0.4,0.6,0.2,19,23.417227081152763,159.5785935789729
5,15,0.2715264682712183,0.4782909490608105,0.4728353314588852,0.45608499134812225,0.21529954151485323,0.09078803450307123,0.1669194122387246,0.37762466810108974,0.4,0.6,0.2,20,30.42444877489838,160.34155724160215
5,16,0.24181026856970483,0.43336979169953416,0.4277339328307468,0.41029525095042174,0.25619144534029403,0.09081334140776884,0.15499203875130171,0.30353076300497805,0.4,0.6,0.2,21,27.124999675406784,137.0094710567322
5,17,0.08842786918156087,0.26901129765078907,0.2635524680696979,0.24451814608944833,0.08856178673414399,0.09180279321873842,0.0022474437572177083,0.018342776724423658,0.4,0.6,0.2,22,19.853913835616805,95.5182355405051
5,18,0.20235851055950801,0.36424036427721856,0.35827231102882756,0.3402372424456889,0.23838238773450804,0.09020947012681337,0.12938551942096338,0.24752938721887188,0.4,0.6,0.2,23,23.99644147444439,121.31177516627731
5,19,0.07493091346793614,0.2252795859056639,0.21949079710275946,0.19984701341801156,0.08585427315715395,0.09070422503133033,0.0017218698506401462,0.013651736443427421,0.4,0.6,0.2,24,16.643304695130283,100.31507435962926
5,20,0.21596964816112757,0.35718286008953076,0.35129806319613555,0.3342302297444018,0.19122456145664224,0.10054910755210807,0.10297270478460173,0.41089820655194786,0.4,0.6,0.2,29,22.00169150914072,84.27261651415928
5,21,0.15804723425760636,0.2570290239101715,0.2510198913970354,0.23188057081445262,0.29568975118930235,0.10022754136443775,0.09386941910475595,0.2103520587861763,0.4,0.6,0.2,30,21.654191006297783,90.42209690530107
5,22,0.15420753052052172,0.2511343640007071,0.2448021410158554,0.22650078675403984,0.13868035812432267,0.10025344443897517,0.0904419745182556,0.2038538233856987,0.4,0.6,0.2,32,21.170439130030665,88.5181152368817
5,23,0.14204229899208218,0.23884928117385587,0.23251590832396107,0.2152137980309038,0.12344556526995532,0.10031360764750444,0.07940810896684301,0.17616251203756778,0.4,0.6,0.2,33,21.47756916021717,87.00913252236381
5,24,0.14181958715696746,0.23676920168500465,0.23072048051193755,0.2137050758500873,0.1255952015555842,0.10015999966189597,0.07963792877972221,0.17708151703846298,0.4,0.6,0.2,36,21.451762165724507,87.04144196028909
5,25,0.13722678324973775,0.22649816796977906,0.2203940667006546,0.20370688245332982,0.14038966508520712,0.09998878365027089,0.07641890707069979,0.17101316835201005,0.4,0.6,0.2,37,20.88503306042908,83.43952819521049
5,26,0.15428354855054677,0.23559094963470467,0.22940973110067242,0.21298714355043435,0.15312610457989595,0.09965003578457317,0.07105223050968347,0.2823754975935298,0.4,0.6,0.2,39,17.420422559808635,54.620479227345314
6,0,0.9444874155477033,0.8892531901114455,0.8883839638921377,0.8844846405434111,0.0,0.0,0.0,0.0,0.4,0.6,0.2,1,240.35242612401865,1276.1822621505582
6,1,0.900787033875641,0.9034737246457611,0.9024247994516299,0.898146015361692,0.07008189580291785,0.09260764042864113,8.34822794646522e-05,0.00010616682567734,0.4,0.6,0.2,3,221.2683020890657,1236.364186769955
6,2,0.8407066663371375,0.8874091993145323,0.886207525067353,0.8815502281741666,0.06856138100170202,0.10056952763286395,0.00033392911785863996,0.00042466730270937,0.4,0.6,0.2,5,205.91791832615573,1153.406529000058
6,3,0.5263251984764792,0.8377163882660109,0.8354391930889496,0.8256349059948226,0.7404147542257181,0.29194817099601766,0.016394934153413625,0.19912366793940464,0.4,0.6,0.2,6,91.83804136748763,392.7440469245827
6,4,0.40019202886545324,0.7119417574132543,0.7089806238374095,0.6954325650739949,0.31406289305818386,0.2919481709960176,0.016394934153413778,0.19912366793940464,0.4,0.6,0.2,8,60.846948800148766,224.92260618268068
6,5,0.40046264122598263,0.7122208682622028,0.7092407484196706,0.6959142405155655,0.1760883833967004,0.2920270727596396,0.017273825719238904,0.2097981915861904,0.4,0.6,0.2,9,60.44742677724157,251.9155989819704
6,6,0.3420904803268554,0.652060263579422,0.6488102051941872,0.6349649038747718,0.2436804739544506,0.2913339691243021,0.008884224600575565,0.107544948612379,0.4,0.6,0.2,10,53.08545124000079,239.16178717700532
6,7,0.3107927956644797,0.6128380439326879,0.6092677175409422,0.595074018568553,0.26145613274261303,0.2915537725874279,0.009932201856048518,0.11186661400460447,0.4,0.6,0.2,11,45.47015845503223,185.0972412969094
6,8,0.25175199449657704,0.5321115116527239,0.528009329265869,0.5116656943458062,0.3324471016084775,0.2847414658240373,0.006100475719718008,0.07214860773510465,0.4,0.6,0.2,12,35.06992298178121,159.94159394398048
6,9,0.22896700122151298,0.4789090230449887,0.4749302274298605,0.4578619600397499,0.3130465653308138,0.27300917158212723,0.012029428125148674,0.1193378617926553,0.4,0.6,0.2,13,28.476967571810405,126.41727903330526
6,10,0.2003034884814702,0.42912787956416415,0.42455542332885354,0.40591417566954613,0.2337979283373217,0.2732539615868137,0.006255709398296019,0.07241306355180875,0.4,0.6,0.2,14,24.40635663563269,96.47251200208096
6,11,0.20027867300522592,0.429066176300958,0.42449328538161263,0.4053608478506345,0.12771532985282988,0.27325396158681364,0.006255709398296019,0.07241306355180872,0.4,0.6,0.2,15,24.39981965982492,96.05394906228322
6,12,0.16513830129704862,0.3320131954863967,0.32670525660200905,0.3057324913687615,0.39406307111367583,0.2632454715407365,0.006786651496141911,0.07383591664974573,0.4,0.6,0.2,16,17.47241383507171,70.96411075640225
6,13,0.14965111817478657,0.2950999035960274,0.28956237487055436,0.26833676321512334,0.15863779944829887,0.2558286642420326,0.005110872325955639,0.05540405958653688,0.4,0.6,0.2,18,15.622440239633455,71.3288676610379
6,14,0.14157587869746513,0.2743370041998056,0.2686674310038229,0.24757935052908636,0.136762829141849,0.25299020628899227,0.004100872250107918,0.044357945736771195,0.4,0.6,0.2,20,15.11886268661834,67.91440682138357
6,15,0.1412488609799813,0.27295254821866743,0.267272093917025,0.24559509846911928,0.11650569206172513,0.25299020628899227,0.004100872250107918,0.04435794573677121,0.4,0.6,0.2,21,15.037394179552471,67.54150559495201
6,16,0.1410276451674542,0.27116299613048916,0.2654664316766684,0.24478106014735465,0.11870741002354322,0.2540781451205715,0.004008682586655804,0.043769263872054646,0.4,0.6,0.2,22,14.868700331511352,55.32316227097993
6,17,0.08059298423700983,0.19812074217117623,0.19229603199463352,0.17112175776224378,0.10320364783735816,0.13112543849273678,0.0030391873926297734,0.00900566172042714,0.4,0.6,0.2,23,13.684967673903396,45.69521657242931
6,18,0.07422564496659695,0.17221586352478235,0.1661969399275063,0.14469000512274846,0.09056258292188711,0.1297077065735666,0.0025465812974442515,0.00752277779849612,0.4,0.6,0.2,25,12.780735097264085,46.972697860730094
6,19,0.07271463138427506,0.16663634573034672,0.1608804677863245,0.1395001141402448,0.06188562143133159,0.12863232592638557,0.0025002312532818893,0.00740143643441344,0.4,0.6,0.2,27,12.39463999324934,46.69302535442138
6,20,0.061128854891583526,0.1436895178711063,0.13752041418406027,0.11673391650237896,0.08572570733662027,0.10696470213748113,0.0018675664017545163,0.00809063805910889,0.4,0.6,0.2,28,11.749042219401725,44.3437524957488
6,21,0.06951684148206828,0.14922952963151875,0.14333586171742602,0.12222314038162525,0.06499234768669025,0.12871632253378262,0.0026014836156495933,0.00767816615152269,0.4,0.6,0.2,29,11.73892480218559,43.29002628033777
6,22,0.05691294602798916,0.11990368932282015,0.1135475239372674,0.0925642165767432,0.10384119113093666,0.10683963382535815,0.001968140731092504,0.00826049233980566,0.4,0.6,0.2,30,10.860196326513366,41.07152408923053
6,23,0.05517051628024733,0.11353098316107092,0.1071310853618159,0.08669694220214358,0.052800175756046314,0.10585134215188859,0.0016941738632344759,0.00705859994927565,0.4,0.6,0.2,32,10.857611124947802,40.76876821624156
6,24,0.05536728722852001,0.11356065116313543,0.10715918048621467,0.087175803730315,0.04557576490120404,0.1064241584949017,0.001687823897710983,0.00708325493820709,0.4,0.6,0.2,33,10.852957223768108,37.03299148086148
6,25,0.05512830253336311,0.11337790508313646,0.1072799076075581,0.0871715896505832,0.04488485519494626,0.10585444733412816,0.0016909017064268951,0.00705272458801465,0.4,0.6,0.2,34,10.842620328510083,40.73018431366084
6,26,0.05501912139554679,0.11284990025428054,0.10674795102343962,0.08708645088461044,0.04619027966850913,0.10581786253590272,0.0016781287004623468,0.00703802570721615,0.4,0.6,0.2,35,10.79788473255353,40.118773125597095
6,27,0.05471484970079908,0.11037434628237466,0.10425194310686936,0.08459036688660522,0.05237232469997312,0.10618078496316752,0.0016469242400974466,0.007045479190235441,0.4,0.6,0.2,36,10.672159500104724,36.323545162125285
6,28,0.05435613812653731,0.10883471087996195,0.1027011920600677,0.08394099232404509,0.04882856062654367,0.10655342522913558,0.001472456709669965,0.00619756748190751,0.4,0.6,0.2,37,10.762928358834383,34.17812530460564
6,29,0.05701119970794177,0.11159356774893027,0.10606696334661249,0.08727176682782307,0.04749874639937513,0.11154093382814072,0.0022424272939099883,0.007260409233444789,0.4,0.6,0.2,40,10.39176144904892,31.37856922486744
6,30,0.056684717633876815,0.10975009083760165,0.10420927009068973,0.08612415318580446,0.05000043530205773,0.11238060117913647,0.0019565442240251497,0.006292246254076569,0.4,0.6,0.2,42,10.400394128797132,28.791681459323364
6,31,0.057407403048656575,0.10893793396437698,0.10338270809793806,0.08582009321782944,0.05016576091709622,0.11494034498240124,0.0019516404220829313,0.0062907629263756395,0.4,0.6,0.2,45,10.339374859347089,31.014314209633508
6,32,0.05608785545592663,0.10275784528574035,0.0971571954505962,0.08020178739319285,0.05635383723874597,0.11462877130546187,0.0017373021315416322,0.00559768540477786,0.4,0.6,0.2,47,10.293374782125843,31.672908362266504
6,33,0.05511744150289615,0.09939282255305786,0.09407279398745597,0.07742369765884066,0.05175899304042418,0.11351893312468878,0.0016829834760180718,0.00545374871627586,0.4,0.6,0.2,49,10.181940626824172,31.67034818768585
6,34,0.055071914700983104,0.09922217379624486,0.09420396348427258,0.07794917907104718,0.04786999086507229,0.11350432651361582,0.0016825229645760923,0.0054564467563538,0.4,0.6,0.2,51,10.176405086162974,31.603162541753274
6,35,0.05426321076268938,0.09489717774159959,0.08984631777208742,0.0752708268335366,0.051341418441948124,0.11310294894334853,0.0016850987542113471,0.005443874393970019,0.4,0.6,0.2,54,10.124099066844728,30.897843558061734
6,36,0.05417460750869284,0.09402176166804883,0.0889635602982589,0.0757937363992718,0.04793153334991577,0.11327185505488242,0.0016774464349138913,0.00540165759808031,0.4,0.6,0.2,59,10.03241761434309,31.665277349194128
6,37,0.054097012389903554,0.0933604471118191,0.08859979724340783,0.07554238131876621,0.04973669542613191,0.11334609096966161,0.0016892247821635267,0.00544119682077557,0.4,0.6,0.2,60,10.014396163657135,31.55738776974936
6,38,0.053151055148825115,0.09079107101135382,0.08601539879841749,0.07351618749255981,0.04954661099405478,0.11165179157970151,0.0017249572711227987,0.00545466581411083,0.4,0.6,0.2,62,9.875022896700925,31.51959891186576
6,39,0.05369198204888353,0.09075897220914893,0.08658381127501873,0.07465474048769219,0.04831652455282398,0.11331308699185123,0.0017319192201424543,0.005490722091307449,0.4,0.6,0.2,65,9.938216073296989,31.19002354720609
6,40,0.053501255423215856,0.08939277357706589,0.08550973686531767,0.07408557585688343,0.05178975171028179,0.11334789099705489,0.001758240538157283,0.00551430154755796,0.4,0.6,0.2,66,9.926081589213034,31.3375119840665
6,41,0.052675489521948705,0.08708955940498067,0.08349583717963727,0.07248644523193634,0.05229196814807562,0.11217088532584336,0.0013253939276344604,0.00643031241003989,0.4,0.6,0.2,67,9.777911471831716,31.50872990406047
6,42,0.052565573438407606,0.08659403316367842,0.08299671994385696,0.0725211716379055,0.04821143351578555,0.11206615479138601,0.0013258786310936267,0.006427096483673731,0.4,0.6,0.2,68,9.787563516769165,31.52568096554824
6,43,0.05264568074200514,0.08632138302233708,0.08272083604420671,0.07295603795278158,0.048226909969001676,0.11237123570484182,0.0013633757499333715,0.00641027352782559,0.4,0.6,0.2,69,9.73937308560112,31.07669162169105
6,44,0.052406152366613695,0.08532156825953349,0.08171400081104402,0.0725575892825759,0.0482260759561966,0.11215210953216632,0.0013220542000645127,0.00643855313450428,0.4,0.6,0.2,71,9.704086658564824,31.218148493800825
6,45,0.05231698586767246,0.08484964432360595,0.08154149030556175,0.07286123553834949,0.0477352335255045,0.11213254607299099,0.0013243278140991392,0.00643741739542817,0.4,0.6,0.2,73,9.700981529345649,31.2024347078002
6,46,0.05218742009083769,0.08419322459405547,0.08088022230293446,0.07415423012995065,0.047342774752947035,0.11138908040693504,0.0014913431114336457,0.00723383854092647,0.4,0.6,0.2,77,9.663784243855998,30.69545148552902
6,47,0.05324611244460866,0.08261555292850419,0.07958133119467364,0.07484458506286644,0.05298471788312308,0.11344993740942977,0.00267505370756781,0.007207002258420051,0.4,0.6,0.2,79,9.680995825563352,32.065622721510444
6,48,0.05324611248617447,0.0827055588264732,0.07997506806894715,0.0764632871782098,0.04842644892017366,0.11344993740341831,0.002675053708298029,0.00720700226007,0.4,0.6,0.2,81,9.68099583865708,32.06562275856828
6,49,0.05333338694362128,0.08262194507828337,0.07988989552281855,0.077966005736917,0.04872634622132604,0.11349085906434402,0.002759845202846428,0.007453416072030659,0.4,0.6,0.2,84,9.68291936943158,32.009154095260435
6,50,0.052599283616813354,0.08189092659760716,0.07915890178357213,0.07917215048841529,0.04781181291299936,0.11272927835646096,0.0023854571740843235,0.0064266304115037,0.4,0.6,0.2,88,9.659832413517192,32.04923863672861
6,51,0.05360086358437712,0.08209047317072826,0.07904814627587003,0.07881288020996412,0.051530755637697954,0.11232174454169039,0.004022987341480741,0.00794535602435212,0.4,0.6,0.2,89,9.656403363841395,35.40207250120776
6,52,0.0528447656417186,0.0811503724777761,0.07871223957824292,0.0789699809854925,0.048581728588380155,0.11392826594643095,0.00233599328463422,0.006323780811249629,0.4,0.6,0.2,92,9.74155091959783,35.40052073485819
6,53,0.05266364119359401,0.08002689110431314,0.07697422449271571,0.07897253825063326,0.050856425334379125,0.11377389452029765,0.002349914448719229,0.00633239597869676,0.4,0.6,0.2,93,9.729427202223036,32.50243185265073
6,54,0.05252637239170946,0.07974703877353757,0.07699600978743354,0.07990132721821423,0.048434301931426844,0.11353097218065607,0.002349887034526691,0.006329228327162489,0.4,0.6,0.2,95,9.638322637795646,32.32697829752568
6,55,0.05295809829970111,0.07987998284384626,0.07712619953755523,0.08100920385675571,0.04914226581939894,0.11229303466878829,0.003694824231150276,0.0071815133090164605,0.4,0.6,0.2,97,9.663392762942053,35.446508480430104
6,56,0.05279277414776321,0.07906310540304454,0.0763033393491091,0.08049287488171931,0.05076449554307681,0.11233589454483821,0.003602301477168404,0.00709664607081857,0.4,0.6,0.2,98,9.663048668704397,35.46785616850287
6,57,0.053437792447461496,0.07958672977827146,0.07924949565371797,0.08764053206421266,0.04934429226788755,0.11493932268209484,0.0013501506271798819,0.012578854680022131,0.4,0.6,0.2,162,9.454309787236385,34.235145265176214
7,0,0.9300282590981627,0.8852850198540357,0.8843846839666273,0.8803655138369915,0.0,0.0,0.0,0.0,0.4,0.6,0.2,1,241.4859715670441,1347.157118780107
7,1,0.9007741110642914,0.9061057028350549,0.9050480355432802,0.900735770573467,0.06973878038684311,0.10196520406576352,8.346508151239509e-05,0.00012009712984608,0.4,0.6,0.2,3,223.85759526010085,1259.7020391117308
7,2,0.6580513580269116,0.8794782173783624,0.8774063894186616,0.8694324978700502,0.5168840941536962,0.0989337853552924,0.07629310114756753,0.29048140753590196,0.4,0.6,0.2,4,128.4146651250029,718.5887438631855
7,3,0.565953349437676,0.8076699800575196,0.8054422735830327,0.7976283928893059,0.12056542461607195,0.09974461298686932,0.03788409205477976,0.1443509302264272,0.4,0.6,0.2,6,118.68941183195986,675.5401131120827
7,4,0.3173026185866992,0.6270631798758087,0.6240340775025827,0.6119649355652115,0.45588647133633897,0.09933949390218748,0.0038297553400182876,0.04780582213353213,0.4,0.6,0.2,7,72.45973855355149,247.7034266088273
7,5,0.3059792079046861,0.6169925242909509,0.6138531865198972,0.601360354033896,0.09566215872640732,0.09888000334584944,0.0076178927384408365,0.057259178867521895,0.4,0.6,0.2,8,68.56220764592115,290.3591143815169
7,6,0.21789024168831042,0.5211340663344023,0.5172986499259634,0.5029754193266618,0.3044759419306019,0.10553972466498021,0.002143836057907181,0.024499853829457068,0.4,0.6,0.2,9,49.20519356730382,173.6902085943655
7,7,0.20635405510488633,0.5052908972824289,0.5013271360156718,0.4865112901578284,0.0955717951309123,0.10158696033919097,0.004041136836666383,0.029247426922041592,0.4,0.6,0.2,10,46.190155745290944,210.76348811079416
7,8,0.1554063029679042,0.4209707234615428,0.41662742725839685,0.39935658930259443,0.30284004776086804,0.11045924694477298,0.003212703282663847,0.027280146605224997,0.4,0.6,0.2,11,33.43153903237706,122.49587966194834
7,9,0.14745723081415832,0.40554686917041627,0.4010857863718663,0.3833636841098459,0.09413145688259253,0.10419668808123103,0.0051100040614230485,0.03202771969780953,0.4,0.6,0.2,12,31.63758094763641,151.84494499699144
7,10,0.1267027833621567,0.3670741164325248,0.3623544744435533,0.34421743514501546,0.1406679601330105,0.10228039274841624,0.002046548829975583,0.01741265103197532,0.4,0.6,0.2,13,29.0557889338324,95.98261799895268
7,11,0.12378129337037697,0.3576004895850447,0.352791557747932,0.3345369715102611,0.08036037865910872,0.1029864818852306,0.0034335681908910375,0.021402648830237618,0.4,0.6,0.2,14,27.08931627045808,132.89340097875635
7,12,0.11696581266341731,0.3452916685798321,0.340409856264372,0.32224729386478973,0.0712033133908244,0.10237673532362815,0.0015558328874115995,0.01308977108666207,0.4,0.6,0.2,15,26.711717919420195,89.77210036834539
7,13,0.10385787756820156,0.30683116899849094,0.30132272276603533,0.2826286338762482,0.17068236834876208,0.10282485290272163,0.0021646028835017686,0.02415274817794379,0.4,0.6,0.2,16,22.40719185194536,68.71241152789798
7,14,0.09105895352770199,0.2658336141552137,0.26000716293245224,0.24009030478467489,0.15854859587339834,0.10098650412186023,0.0023605112780332106,0.0248340217055636,0.4,0.6,0.2,17,19.23450876172945,87.62602868955099
7,15,0.08112479692466637,0.23739353789348733,0.231365007657506,0.2110708117093918,0.08117848500948371,0.09818610331353037,0.0017951421316564499,0.01864513863555968,0.4,0.6,0.2,19,17.493922749857465,83.91444790001908
7,16,0.06932866332149967,0.1534157946333208,0.1469584589366717,0.12393619711010748,0.322528739770623,0.10133522335956775,0.0007480619598504882,0.0618884338112163,0.4,0.6,0.2,20,11.68762347663132,48.426372757631285
7,17,0.0653537786483977,0.14940020156023137,0.1432454444599377,0.12064818183890595,0.049570600972495826,0.09960767911437168,0.0005159617125282199,0.04627213192188527,0.4,0.6,0.2,22,11.741311362929814,50.71583321983942
7,18,0.06316697462868236,0.1395605947016194,0.13302923238064357,0.11079369085423589,0.07566846021799886,0.09899962051591568,0.0006993857650257119,0.04458168487306581,0.4,0.6,0.2,23,11.401050379477802,53.949527736228205
7,19,0.059803576240489695,0.12890507541966964,0.12260692325811794,0.09987599444539125,0.0731074515044704,0.09799348645886892,0.00044634747882610587,0.0385738959811809,0.4,0.6,0.2,24,10.932780836560331,50.0116273415396
7,20,0.06085162493125817,0.12734841187604967,0.12072261182734284,0.09854659407396557,0.0575196551991651,0.10255867506894911,0.0005457948259445907,0.03704037691379389,0.4,0.6,0.2,25,10.848343971283066,48.98559375592531
7,21,0.060509928684161184,0.12473332829515749,0.11778304773907192,0.0969334870362384,0.05648185749656865,0.10740099688841157,0.0005043773328668881,0.02805267923756738,0.4,0.6,0.2,26,10.719606822926076,39.51820224135744
7,22,0.057774210101440966,0.11710524874326647,0.1104116061673403,0.08865718160919545,0.06446088603045283,0.10130135838969304,0.00047505389019613693,0.03176523627454347,0.4,0.6,0.2,27,10.64606474799714,49.00373951073379
7,23,0.056736541464351864,0.11186196857150693,0.10543163092899359,0.08425790451720479,0.061833029018605365,0.10147271803148279,0.00034764671446521964,0.03090689174270871,0.4,0.6,0.2,28,10.6001559087024,46.823493726667984
7,24,0.05557291213602473,0.1088665159690723,0.1021160863657534,0.0816323945026779,0.04816591978096281,0.10072313248908529,0.00041563933289429057,0.02809980235914917,0.4,0.6,0.2,31,10.238615054727084,59.26273196846974
7,25,0.0554618716651827,0.1056462133552923,0.09947243886657,0.07853464112565779,0.057987609338779486,0.10084669926429175,0.0003081816181280406,0.030804248811792778,0.4,0.6,0.2,32,10.241320099602683,45.00413739960602
7,26,0.056116264552638156,0.10592596522083156,0.09974872303715017,0.08082107616231485,0.047668424882368415,0.10118088267513117,0.0007054874817911383,0.03257573142162214,0.4,0.6,0.2,37,10.448299199786312,46.90954648452078
7,27,0.05577672835199024,0.1054758027538304,0.09990345465704631,0.08334899895756268,0.04729314800811973,0.10181097547609452,0.0003791652019933701,0.03087520013879742,0.4,0.6,0.2,43,10.440544686262587,46.62982138643796
7,28,0.05547572532383857,0.104638096733244,0.09936361554245723,0.08428590681598894,0.04766284486736469,0.10137015047887543,0.0003611454608176038,0.03090486980145345,0.4,0.6,0.2,46,10.308267230308816,46.86732764424857
7,29,0.0553380802807798,0.10366020808711691,0.09837790163019754,0.08507423381850468,0.04840963546115126,0.1013944169263554,0.00036019906120485885,0.03097103725706955,0.4,0.6,0.2,48,10.286693227952576,46.94015614798409
7,30,0.0562102971063602,0.1037734944256892,0.09848412143357499,0.08403028383026115,0.05058244195975393,0.10155023933087803,0.001559181508775219,0.03214367468219219,0.4,0.6,0.2,49,10.351353952177298,47.06084964782874
7,31,0.05513116385838227,0.10206786059840103,0.09677258914255603,0.08432166270460453,0.0491745795000022,0.10143641990318293,0.0003746136541702462,0.031120578371972917,0.4,0.6,0.2,50,10.304813885291734,46.97685516761236
7,32,0.05426162001850866,0.10116111219493626,0.09586550160275197,0.08341340802432237,0.04622814998899488,0.09961995227076784,0.00029356066629691266,0.03068574792245459,0.4,0.6,0.2,52,10.014284520609587,44.514896245134025
7,33,0.05194499234618379,0.09645957594742612,0.09235350978930175,0.09358467127960103,0.04461882927746651,0.10320883925768949,0.0017880814028094726,0.01000864719825016,0.4,0.6,0.2,88,9.94176161730834,58.3470807218163
7,34,0.05027680851751644,0.09377407322308733,0.09087045312981043,0.10270525457595303,0.04311943376251747,0.10005006490004656,0.0014589999705561887,0.01024830651334853,0.4,0.6,0.2,115,10.050771745523264,69.78903470868525
7,35,0.05050015069317604,0.09342319217414713,0.09051420967520861,0.10199637695039843,0.0452316151502544,0.10107350549908596,0.001385940194240684,0.01006559214096142,0.4,0.6,0.2,116,9.961637492102907,69.04006403172009
7,36,0.05037176739424453,0.09279684689935606,0.08988322250661566,0.10234406196256801,0.04493605162477095,0.10097893480013398,0.0013821897212760248,0.01008142441756439,0.4,0.6,0.2,117,10.12366932468557,68.96423652781337
7,37,0.05036872187974497,0.09273058620476368,0.08981637968911856,0.10327131349956135,0.043461211580231224,0.10101913953211925,0.0013749768816651942,0.01006534912331342,0.4,0.6,0.2,118,9.914388812768784,68.89473581403736
7,38,0.050063642132465176,0.09066590841436256,0.0874323856711132,0.10049719961966211,0.04893606847849344,0.10102996385605671,0.0013690079804152566,0.01006033035625107,0.4,0.6,0.2,119,9.851264331862458,69.01720771120115
7,39,0.04962907576541237,0.09008416056457798,0.08715223752878327,0.1028643378018612,0.04295502948846602,0.10009147184110886,0.0012997372813129834,0.010187865616590169,0.4,0.6,0.2,127,10.048345879605137,68.90184816637999
7,40,0.05004116541534396,0.08961945013163297,0.08728529772655406,0.10296670366347631,0.044656986314404595,0.10056608765792999,0.0017040627916366743,0.011043129202803901,0.4,0.6,0.2,130,9.826398313647248,68.12848932830615
7,41,0.049482858091059866,0.08901439457754005,0.08667979190350258,0.10726413916659788,0.04293908822670294,0.0991347775274736,0.0017132913574315262,0.01112834116702282,0.4,0.6,0.2,135,9.820792503664096,68.0758716844547
7,42,0.04948285809105986,0.0891044004771455,0.08707357413557824,0.1083362007358107,0.042907593559629295,0.0991347775274736,0.0017132913574315262,0.01112834116702282,0.4,0.6,0.2,137,9.820792503664093,68.07587168445471
7,43,0.04993179716545634,0.08944598951647131,0.08771714395683995,0.11034927377854534,0.04372841042618643,0.10040128695982158,0.0017034363444363195,0.01104786964076418,0.4,0.6,0.2,139,9.820744680919962,67.7916266057867
8,0,0.9198805902722161,0.8824767303106821,0.881554323147896,0.8774509968383972,0.0,0.0,0.0,0.0,0.4,0.6,0.2,1,251.9048862840797,1329.1297799137778
8,1,0.8941492425584269,0.900889515780968,0.8998272898695961,0.8954982022106691,0.061909045116127596,0.0903831703478042,8.295834010699271e-05,0.00011060405172968,0.4,0.6,0.2,3,235.39129935588585,1196.2884832735238
8,2,0.5083495444810748,0.7589284111956752,0.7569148779269076,0.7489060685022807,0.5149139273330284,0.12682057729148616,0.0026392921049278634,0.00880534000423104,0.4,0.6,0.2,4,119.0591691363419,594.1129814471676
8,3,0.47128287070524866,0.7370946970342274,0.7349265594249447,0.7271776598169396,0.08031970674942031,0.12555017927404374,0.0013617580032817818,0.00448664189322057,0.4,0.6,0.2,6,111.99682137671876,569.2016440546845
8,4,0.33977199919266166,0.6485632319968593,0.6455788286527453,0.6349156285872233,0.36713694339430436,0.0992541986092249,0.01633916379749025,0.08948847702138636,0.4,0.6,0.2,7,65.30770544457621,413.72785652600095
8,5,0.2814947111090599,0.5931267858997864,0.5898107076395048,0.5788144390255311,0.11512910417846867,0.10025542406102741,0.008445927044107116,0.04528729760203911,0.4,0.6,0.2,9,56.76934615511093,376.3325522825781
8,6,0.2624798403910606,0.5729015315209701,0.5694114326982243,0.5584232295702869,0.1201228494051792,0.10148768660330221,0.009568914113121505,0.04916400361897947,0.4,0.6,0.2,10,54.68657192841036,319.2377614576298
8,7,0.17915589234255008,0.4594535154758508,0.4553701806656888,0.4404900060747635,0.3862973726176098,0.10469071602630861,0.009296261857393177,0.047370516479339306,0.4,0.6,0.2,11,37.20293151257844,282.8816932498135
8,8,0.16465319371436868,0.43291862651037516,0.42862089548083515,0.4129217067548281,0.13646809279420097,0.10440009827020902,0.010121398461635338,0.04939200274974842,0.4,0.6,0.2,12,34.651020523844416,263.3938907109433
8,9,0.12048529629689753,0.3451566960496895,0.34022711276644496,0.322881143224829,0.28276929236771586,0.09993281524323988,0.006685345412885067,0.0323826143789312,0.4,0.6,0.2,13,25.806350768324105,221.7115681931554
8,10,0.10207108870839586,0.2942003627234322,0.28887133974570595,0.2702489305544783,0.1245644998726429,0.10068490018614007,0.0061585844502812185,0.03209051410023087,0.4,0.6,0.2,15,21.796946419973214,181.63791452290008
8,11,0.09569052449330871,0.2796205787788356,0.2741974788341625,0.25611630413278685,0.06507931084179257,0.10064023537024169,0.004581821497981866,0.02394072699581425,0.4,0.6,0.2,17,20.95279485325201,174.45415279762395
8,12,0.09406800419124262,0.27357097748789616,0.268403167921349,0.25014708556823034,0.055775450986141006,0.10113630340663612,0.004458347773483046,0.02360445232633755,0.4,0.6,0.2,19,20.13649497028093,161.6110580847647
8,13,0.09618413982627116,0.2747121517408062,0.2695333302243622,0.25082564362238036,0.05440851537376288,0.10068490015441571,0.006158584463737761,0.03209051413557717,0.4,0.6,0.2,20,20.33198104294505,175.5694606719479
8,14,0.11164945721226266,0.24174359534927967,0.23574343489008526,0.21741812152539972,0.2739123542512452,0.09700349877054042,0.04001597482201472,0.10315785373430116,0.4,0.6,0.2,21,15.299894214072191,81.74370149715304
8,15,0.11202825623174523,0.22170889420884102,0.21550276966073573,0.19664762440382366,0.12725060133650115,0.10663847724770567,0.039120403659108266,0.11759788769939136,0.4,0.6,0.2,23,12.810421496871454,66.3335435387805
8,16,0.10039459759246468,0.20069612935488118,0.19439708675478717,0.17662953758271643,0.0918404738895138,0.10567198025390936,0.031815359610444634,0.09557161612011941,0.4,0.6,0.2,26,12.746988050958908,85.94949892253933
8,17,0.08440142268465628,0.16605100866578618,0.15987293618812498,0.14175190325243422,0.0858737916994459,0.10340743190276089,0.023020943607128665,0.06925609739500375,0.4,0.6,0.2,30,11.907479295890484,68.32310696262998
8,18,0.08149259696966417,0.14914417663990606,0.1428320980882794,0.12502410815088616,0.09382454405567697,0.10336900621923725,0.023122756891729955,0.06988029328247478,0.4,0.6,0.2,32,11.175568283101263,65.02231766715522
8,19,0.08302136748224652,0.14584158419952048,0.13948381928204476,0.12122500591587264,0.08823371276190503,0.10467214814025452,0.02195757157678515,0.0833590966983512,0.4,0.6,0.2,33,11.0257773169025,56.43683462505725
8,20,0.08098303547899886,0.14204157305736942,0.13566714845199793,0.11734408916518788,0.0761045897277027,0.10487260024325502,0.018430009502748375,0.08513980874972402,0.4,0.6,0.2,34,10.954699845670891,50.16939578427036
8,21,0.0774710515328528,0.13370894852547427,0.12728894999762144,0.1095494623415604,0.08440377621033804,0.1051885526326473,0.018802241571567412,0.07074224275174626,0.4,0.6,0.2,35,10.994548308835514,55.52140576719359
8,22,0.07834427393658254,0.13451577978512275,0.12809504284002846,0.11083382127190897,0.06898759995430104,0.10519077689181655,0.019468510404974798,0.07327063757807524,0.4,0.6,0.2,36,10.652462952738087,57.54963127570331
8,23,0.07594537143211098,0.1264682724943601,0.11999476012065889,0.10253018690839656,0.08604597251571848,0.10576715003418968,0.016351390728055783,0.07485252112474827,0.4,0.6,0.2,37,10.413315233330446,50.89829121783366
8,24,0.07685042334416572,0.12526468512352734,0.11907438179114634,0.10190553056464347,0.07591399388997479,0.10519077689181655,0.019468510404974798,0.07327063757807525,0.4,0.6,0.2,38,10.335809599521772,53.92889290588523
8,25,0.06902982764295534,0.11647331722758733,0.11027394613887154,0.0945142277716486,0.062440459543157384,0.10733271767728003,0.014351690729922631,0.0461560470985755,0.4,0.6,0.2,40,10.4481052165104,51.83170742598307
8,26,0.07103433452780805,0.1167187639220597,0.11050297080116218,0.0943920459233647,0.06914635644936419,0.10906679917441968,0.013820570089219646,0.05596419413506235,0.4,0.6,0.2,41,10.39109438263781,42.89837166819181
8,27,0.070687948518286,0.1138952190363932,0.1076563619725296,0.091957544709703,0.07168781350254622,0.10917924009660711,0.013862605775279207,0.05618736177981211,0.4,0.6,0.2,42,10.323033421085547,43.150836459824646
8,28,0.06968686836403185,0.10762019574402079,0.10133237661785763,0.08603225134029582,0.0721768378590493,0.1090152851930479,0.01401448661143902,0.05586971100576475,0.4,0.6,0.2,44,10.15083961728578,42.48230948204856
8,29,0.06666879118014393,0.10455613043879625,0.09857093707139084,0.08545781699988744,0.06027238573629518,0.10857439363588832,0.013710167336462232,0.04269658992808869,0.4,0.6,0.2,50,10.01929268281873,51.45618765782664
8,30,0.06777650819636036,0.10173412574352228,0.09571258682544907,0.08246077366095346,0.07535077944461635,0.11036762885202411,0.012808670927122748,0.050854295998037494,0.4,0.6,0.2,51,10.060003005281567,48.80152521465643
8,31,0.06769075550268279,0.10095732727321408,0.09492939697564008,0.08218644731065348,0.06437826752785819,0.11097535285531768,0.012577296499104136,0.05051154990029718,0.4,0.6,0.2,52,9.913736926770335,45.54897388854799
8,32,0.056202112961837476,0.08870331758512355,0.08327418317304094,0.0726767901146181,0.05107295752654403,0.10946634460875329,0.002559925578571404,0.026968820744449267,0.4,0.6,0.2,61,9.966632636614843,48.14411894863345
8,35,0.05555077169425913,0.08174224420931925,0.076255100292299,0.066957320904832,0.05857583342792746,0.11060708876528555,0.0025205465169788337,0.02697195972057919,0.4,0.6,0.2,66,9.776239166636348,48.48864699562624
8,36,0.05422124380198291,0.07997659715174485,0.0735765273268875,0.06126714729228439,0.05040899422888528,0.10897590430539197,0.00227575368077972,0.024461815424158078,0.4,0.6,0.2,67,9.875522025724658,48.04575482773275
8,42,0.05199690789806646,0.06922443419772974,0.06486712430387441,0.0613325563430369,0.05263559016229967,0.10625963667556522,0.0011310020801548323,0.02976849332416446,0.4,0.6,0.2,82,9.651885089156348,39.249219423513246
8,43,0.047287718506831035,0.062188035072468555,0.05750659818834048,0.05877878336282024,0.04525337956244167,0.10010376097050773,0.0007415425532064149,0.02149675603863792,0.4,0.6,0.2,98,9.579911325646462,45.1720212872086
8,44,0.047569245899723875,0.06217800095499843,0.057493898054699934,0.059718321509822765,0.04560122838688164,0.10094337446692228,0.0007407084735049785,0.02146010820675473,0.4,0.6,0.2,100,9.557485910959045,45.21282450952391
8,45,0.04730171026320812,0.06072550059446012,0.0560306077084637,0.05853461244501407,0.048991990670752425,0.10074339235991954,0.0007457400996782078,0.02144806247605458,0.4,0.6,0.2,101,9.535141520241345,45.84602315699146
8,46,0.04619176140815931,0.059215439655354085,0.055122905383282336,0.060097790538353485,0.04466137996915569,0.10010682829232645,0.0006490627411122156,0.01791981939908677,0.4,0.6,0.2,104,9.40564224533605,47.36665756818832
8,47,0.04650458413549004,0.05866357552028009,0.05456319627045776,0.059508059109904865,0.04590753911140283,0.10052790135651697,0.0007016966374185454,0.01916483166231166,0.4,0.6,0.2,106,9.381480814759472,46.91419562702613
8,48,0.046028878832976294,0.058353899984618984,0.05486091811510985,0.06097745190283341,0.04400093428339781,0.10007824441168314,0.0006391448574826417,0.01788422889285371,0.4,0.6,0.2,111,9.400460080177275,45.683455873936985
8,49,0.045870104002814015,0.0581491109358632,0.054655692576083034,0.06109725270639482,0.04391710008563734,0.09975321280656799,0.0006318054400560647,0.017798691162175202,0.4,0.6,0.2,113,9.351761036765389,45.84574339966986
8,50,0.050484806782685965,0.06191989665720935,0.05720695434869363,0.06483609783556893,0.04933789003975788,0.10535219844006098,0.002341946567876376,0.02492340353335669,0.4,0.6,0.2,115,9.44971497740639,46.49625463424026
8,51,0.05067008984390048,0.06174999598014086,0.05733676178536212,0.0672138463520592,0.049082215158754564,0.10540336362035596,0.0026103285687130405,0.0252908794425937,0.4,0.6,0.2,120,9.415400133426926,51.49395183380544
8,52,0.050052048376830964,0.06020509040472957,0.05578346793045256,0.06758823168837179,0.049113620734948495,0.10445061252833224,0.0023757800099243145,0.02553366313683786,0.4,0.6,0.2,124,9.352217980873364,49.79988245104549
8,53,0.05027117897101893,0.059758533042287176,0.05502787924343386,0.07014607274743842,0.048913175968084505,0.1055885139733653,0.0023431340657733783,0.02489904002389751,0.4,0.6,0.2,133,9.368004141865663,46.08854621249263
9,0,0.9632993941798542,0.8942893014628068,0.8934595456337232,0.8897105196048011,0.0,0.0,0.0,0.0,0.4,0.6,0.2,1,209.8085151809085,1341.542105955278
9,1,0.9287983008464187,0.9122140212647104,0.9112272852279086,0.9071858678461397,0.06677480378680237,0.09466030442865976,8.412122249237467e-05,0.00010835683126481999,0.4,0.6,0.2,3,194.31831230576088,1254.2270293155111
9,2,0.8902880494307258,0.9142512453834556,0.9131305293248667,0.9091717612429439,0.10623716001773945,0.13956621988920687,0.0011058299896999928,0.00275084791023846,0.4,0.6,0.2,4,184.54202407483064,1083.628357454457
9,3,0.7884453941193479,1.0959529360363642,1.0928151025903285,1.0811565706705641,1.242475640527577,0.23372061769381927,0.3370897385121663,1.0,0.4,0.6,0.2,5,75.73234245705936,204.12155201202543
9,4,0.5652993781964503,0.8791254181022766,0.8756620735234847,0.863494576833881,0.3808681390466657,0.22509364863195006,0.1687541760285803,0.6454776429755692,0.4,0.6,0.2,7,64.62960007740821,172.86552824475257
9,5,0.4510465800817147,0.7579875659642621,0.7542982817405567,0.7397417894497047,0.4536755669482846,0.16380506229883537,0.16128422613495896,0.5217244437141362,0.4,0.6,0.2,8,50.62948443728322,205.93465143568315
9,6,0.30632720586622203,0.5988227362160813,0.5946939839241164,0.5791156117168927,0.24414275099849372,0.1570326924235247,0.08071729099868732,0.2610817671828862,0.4,0.6,0.2,10,41.19529554527364,171.53668633153814
9,7,0.28533358721105206,0.5672034157635423,0.5628476839298334,0.5469860612411739,0.24428038917878037,0.1466108643116074,0.08178623106105178,0.26522825678885803,0.4,0.6,0.2,11,36.873556179723565,125.33882335388634
9,8,0.2570807915939464,0.5302204190553235,0.5257040183644474,0.5090328246403748,0.2030948539755717,0.1494817719609663,0.067746262215356,0.2190519801546132,0.4,0.6,0.2,12,34.32607724048403,145.22020367861154
9,9,0.2438558772420794,0.4917713954781626,0.4871508913424596,0.46930306252785003,0.31096473582837175,0.136574313959784,0.08249703327664122,0.2678053179529865,0.4,0.6,0.2,13,27.614214170389577,86.09521778738893
9,10,0.1901479025374754,0.3605705569746056,0.3553015880199539,0.3337332312321306,0.4939683980674772,0.13125036744099347,0.07652268561860975,0.24658552731389743,0.4,0.6,0.2,14,17.556058212374914,81.66899078026444
9,11,0.1445399143351837,0.2793939089947824,0.2737459204989682,0.2513322076171137,0.18441236190178584,0.12828381450852072,0.05104775068630359,0.16446147039441703,0.4,0.6,0.2,16,14.643126875287658,67.73854356979051
9,12,0.12470892935802436,0.24250227865270285,0.23667996616225667,0.21398405661099268,0.13235955065088134,0.1317878813288608,0.03810186710216902,0.12286530893988087,0.4,0.6,0.2,18,13.571235711845906,58.41108553429139
9,13,0.11700271534287121,0.20842452826278313,0.20234120066408395,0.17936609740719966,0.14717611706711795,0.12959459800965537,0.03816066103264171,0.12297791514152508,0.4,0.6,0.2,20,12.035386677551957,51.64762914212344
9,14,0.11233192900696559,0.193876187074793,0.18800017744911457,0.16491317855289628,0.11456414757443921,0.12858633357326868,0.036584447882709724,0.11797927222989839,0.4,0.6,0.2,22,11.852184678800205,45.64380190530624
9,15,0.10228649482234256,0.17646178534683335,0.17051498878806728,0.1478245894702077,0.10157990896202376,0.1303287528639561,0.02928069808475397,0.09442276266392466,0.4,0.6,0.2,24,11.594077711925252,46.10380320550454
9,16,0.0991249109843768,0.172118858004997,0.16585784019733235,0.14402734076467227,0.08757774426615796,0.13838342567334921,0.024367761402997932,0.07843654202344556,0.4,0.6,0.2,26,11.620139706622991,52.823199967405046
9,17,0.09720468449169294,0.16952272679460131,0.16325525746287334,0.1418339269950224,0.08626034703382687,0.13047778237787194,0.025462755688500316,0.08209661955018341,0.4,0.6,0.2,27,11.49523488936276,45.99239955132013
9,18,0.10303595690071121,0.17381756621105524,0.16814135704557462,0.14683356916842683,0.09309753073785476,0.13207852373806178,0.029877557044832633,0.09666036931446044,0.4,0.6,0.2,29,11.334417227958737,47.22606186871687
9,19,0.09511586030002855,0.15981739175053775,0.15408336537966766,0.133001166051366,0.09407459936575771,0.1293369021718776,0.025724850634684247,0.08142944524840127,0.4,0.6,0.2,31,11.04584712197392,47.10465466504213
9,20,0.09491568479837498,0.15864845770868924,0.15290523897121688,0.13178769190596878,0.08681615111371907,0.1293369021718776,0.025724850634684247,0.08142944524840132,0.4,0.6,0.2,32,10.888013119176753,46.70596462272859
9,21,0.08908639176993033,0.14905639638465387,0.14327759082745184,0.12302096051158323,0.09145974390647219,0.12796917433903857,0.02205304444293676,0.06988321712136122,0.4,0.6,0.2,33,10.63453261939018,42.9015471819079
9,22,0.09689190416472963,0.15497835589474854,0.14887878463838614,0.13250158809729295,0.08725491390695815,0.13525496190927916,0.026146793892901993,0.08386807557169243,0.4,0.6,0.2,42,10.972860565012688,39.008093332959646
9,23,0.08876327177128794,0.14244106595514378,0.1363000500427141,0.12085828114944945,0.08691597692004831,0.13228500012394265,0.021265770583633416,0.06817352812796337,0.4,0.6,0.2,44,10.798567058650711,32.31950084470035
9,24,0.08864696417876766,0.14187484863337996,0.13572961635467717,0.12084071427091446,0.08083054082373854,0.1324699251964056,0.021176629915406524,0.06792964280070254,0.4,0.6,0.2,45,10.75301648968572,31.67346387820936
9,25,0.08476108987428002,0.13803047798816756,0.13218866308738705,0.11746701473143102,0.07556960510318693,0.1318463287028406,0.018263794779548835,0.058533077064285066,0.4,0.6,0.2,46,10.780929211158206,38.21891666779186
9,26,0.08119533995912931,0.12795107991139065,0.12144239246680069,0.10782434301919579,0.07740658023967738,0.1361222765549533,0.014988982907650798,0.04805842559041304,0.4,0.6,0.2,51,10.371881292460596,47.09685543774293
9,27,0.08834168728368423,0.1337936814407526,0.1272727902430811,0.11334105359838405,0.08267674937100515,0.15794362341865492,0.014101554737466328,0.04403557462021286,0.4,0.6,0.2,53,10.5260642622691,45.49652265308643
9,28,0.08184393266088857,0.12082170422935964,0.11424063977730434,0.10117947342885236,0.08620272047051578,0.13555021192279346,0.01686435622918049,0.054017147690068636,0.4,0.6,0.2,55,9.912064940493607,41.05347721825866
9,29,0.08147141934421456,0.11961666084201333,0.11333080099884851,0.10098446332314315,0.07597862818980897,0.13537642877078507,0.016751883405758197,0.05367030923522402,0.4,0.6,0.2,58,9.900615937276289,39.97384512114795
9,30,0.08866968632063868,0.12561251192026174,0.11961856800737652,0.10855512714322339,0.08674846902940028,0.15778420111929092,0.0157529922657849,0.04900084106452524,0.4,0.6,0.2,59,10.387253866235044,30.4285873130571
9,31,0.0933444408499291,0.1285152097314109,0.12250485163210115,0.11016504611773403,0.09337692826881672,0.15100190370577632,0.02201781718022536,0.0687247829726657,0.4,0.6,0.2,60,10.201621424552275,36.18007881456404
9,32,0.0859423699363874,0.11836772686058142,0.11233202832445247,0.10169781420911919,0.08974112782476407,0.15734950605299955,0.014303059169156555,0.044580806717074324,0.4,0.6,0.2,61,10.220012697654,35.59599449963069
9,33,0.08588740214555769,0.11583181916806934,0.10977326367032829,0.0984630151634449,0.08920738735542698,0.15061623510136965,0.016662096071158993,0.052851175329833786,0.4,0.6,0.2,62,9.882443793156112,34.903699661779804
9,34,0.08749242113288513,0.11615910020629974,0.1100888033913354,0.0990180735675589,0.08695616410458237,0.1561076423531355,0.016464781746464603,0.05158504162521528,0.4,0.6,0.2,63,9.789384593965838,31.73150060368353
9,35,0.08627679766831882,0.11393804070367945,0.10816144793140205,0.09814890152455004,0.08530707301521148,0.15976992922678723,0.01445026021278256,0.045162504778581,0.4,0.6,0.2,64,9.895959290207804,30.857072216390154
9,36,0.09188995216832782,0.11949611646228017,0.11402194167087937,0.10566079256111993,0.08730210449792004,0.15388181810873008,0.02217725848156534,0.0619471605953044,0.4,0.6,0.2,73,9.868000108563404,33.76469947776748
9,37,0.07320339662037913,0.09841575106603224,0.09201072585558183,0.08592799935595587,0.070116213912118,0.13779910118073396,0.011077359088797582,0.03577943456749494,0.4,0.6,0.2,79,9.669277646382872,37.54979115929935
9,38,0.08145192841245731,0.10684821407268368,0.1019597275456088,0.0967097526413539,0.07811268326105239,0.14699604775463224,0.014858387153617638,0.04750951184259778,0.4,0.6,0.2,80,9.839909261086747,35.43378158796457
9,39,0.08589070172139412,0.1083153445692619,0.10370256968993236,0.09981527646904428,0.08731405850601878,0.1603646304924036,0.014752158200239274,0.04584159673432734,0.4,0.6,0.2,82,9.7771177841454,31.69631219652917
9,40,0.08024947764685822,0.10105470153319758,0.09612415976665716,0.09504061933544358,0.07806789157414526,0.14904738065005127,0.014327325043906524,0.042812740671537494,0.4,0.6,0.2,86,9.710867447656428,33.74384537002782
9,41,0.07983836628997032,0.09739372614488662,0.09364538640241937,0.09439215123408728,0.08097909895737848,0.14014609525916494,0.017474838349116,0.05205215987726528,0.4,0.6,0.2,89,9.448820417747417,29.665685020773928
9,42,0.07972282770227525,0.09634599749243736,0.09258915552190715,0.09361795814728417,0.0785475843290225,0.1402620261815766,0.017465084055547836,0.052022258675518886,0.4,0.6,0.2,91,9.386441599794432,29.41772328451558
9,43,0.08460455223782745,0.09709309310140285,0.09299567958085479,0.09351002275358446,0.09602458383190891,0.15629466041078546,0.016783210883815257,0.04962744661869411,0.4,0.6,0.2,92,9.508260871962577,31.854654800603168
9,44,0.08193089457147001,0.09184441819945245,0.08802657133005941,0.0907751124895013,0.08247690635835035,0.15598365478964676,0.01499484138905442,0.044329838343659875,0.4,0.6,0.2,96,9.42171957364348,30.82859783525525
9,45,0.07931063219833441,0.08846541661674233,0.08554963114415953,0.09010937280767958,0.07828524841665842,0.1596225900229626,0.011114844080037526,0.0363882196306559,0.4,0.6,0.2,103,9.471722807230478,27.45908007713377
9,46,0.08179560451476753,0.09070161042554872,0.08778356756865191,0.09423858050203024,0.08043673127945046,0.15555755692776713,0.014938662091837885,0.045663148818503044,0.4,0.6,0.2,110,9.122315744074598,32.180545894941865
9,47,0.08046665127658914,0.0892955426608458,0.0869827067805588,0.09443981025692381,0.07917917747009875,0.16267800140793823,0.01112496068764319,0.03642456792725446,0.4,0.6,0.2,116,9.23034681209981,28.479437246664418
9,48,0.07904486386257378,0.08648618556592565,0.08446379583066575,0.09419107392664933,0.07946169134897335,0.15949307813447672,0.011144737821567965,0.0367532305258278,0.4,0.6,0.2,119,9.318189211248278,29.18502403736161
9,49,0.07961118333033478,0.08580433986886746,0.08377065536627941,0.09344320880745592,0.08273530014164378,0.1614418891811113,0.011130428066395021,0.03668143102452093,0.4,0.6,0.2,120,9.27625437194582,28.84492692987238
9,50,0.07905893107446124,0.08245018138014822,0.08099710273771035,0.09352835654379688,0.07990215785850054,0.1613079011152899,0.01110172977885853,0.03652422260106986,0.4,0.6,0.2,127,9.136157497205913,28.35503091519633
9,51,0.07785258487767592,0.08046407618662392,0.07900394951645161,0.09416817809093532,0.07783165060990123,0.15630565963171408,0.012480248752309272,0.03694621734711699,0.4,0.6,0.2,133,9.05333690266913,29.583515600832108
9,52,0.07703542840634213,0.07932696388822792,0.07937888929225684,0.10795716998518871,0.07677614799562288,0.15415494356396137,0.012648732247662295,0.037227678247019544,0.4,0.6,0.2,165,9.004596208672975,29.0508784335288
9,53,0.07747352317386492,0.07825477204856883,0.07829305639486009,0.10751314422019086,0.07985733181311637,0.15612147826329395,0.012438795893541169,0.03723311877842186,0.4,0.6,0.2,167,9.04040865474094,29.84634823435727
9,54,0.07614824827277526,0.07667387362281124,0.0767098820773281,0.10451602073057381,0.07610765938453909,0.15566950927152906,0.01153691340364153,0.03440476330883626,0.4,0.6,0.2,190,9.201120777098737,34.07250284647592
9,55,0.07612439281379525,0.07651283804937906,0.07624456016553473,0.09835934769418105,0.07609308335712242,0.15562723843189138,0.011536842211023014,0.034405091066740515,0.4,0.6,0.2,194,9.203270807370382,34.074196513407124
9,56,0.07693554548289169,0.07715918508645316,0.0768894310767958,0.10113206224693655,0.0771618545945198,0.15772525067023063,0.011521365181201965,0.03443255849991181,0.4,0.6,0.2,196,9.136352688164006,34.326812076221195
9,57,0.0759844778084807,0.0759844778084807,0.07601572820676446,0.10165796520869114,0.07650280156512144,0.15544598189493616,0.011535103549547374,0.03442511460388905,0.4,0.6,0.2,198,9.14040658557644,34.11030524424859
10,0,0.9293631093956363,0.8851018437849169,0.88420008437154,0.8801754794098869,0.0,0.0,0.0,0.0,0.4,0.6,0.2,1,243.04278526694745,1327.0991075282952
10,1,0.8996732091595813,0.9018543555321392,0.9008071744928555,0.896535452666021,0.06197378792891499,0.08800537456430561,8.353797716083603e-05,0.0001061914253493,0.4,0.6,0.2,3,227.89234374698367,1315.605015102864
10,2,0.6385382987500575,0.8685148916255904,0.8663727132230729,0.8581264091732853,0.5435313019904101,0.09958912468290779,0.08578365212301,0.2507052094012256,0.4,0.6,0.2,4,138.58687077456702,811.2534433081811
10,3,0.5445634923923047,0.795393714312453,0.7930732335057837,0.7849000342776002,0.12378043644281098,0.10023805433248392,0.04299753102389019,0.12574569000087005,0.4,0.6,0.2,6,127.4658097692974,775.5724404936092
10,4,0.5251760166149885,0.7980151010156838,0.7954604047677215,0.7860263368799021,0.2095124472302681,0.09910777278146776,0.07154434681833444,0.20467685503675298,0.4,0.6,0.2,7,115.828347663142,627.5311506366819
10,5,0.44437498835594114,0.7550442882127522,0.7515087409809103,0.7375455897582899,0.7186476122199674,0.13885094552260852,0.15890095152380906,0.46612141112340133,0.4,0.6,0.2,8,59.13053229240319,255.61773377835925
10,6,0.2501271462479565,0.5230557804253263,0.5184876006924951,0.5012427810069303,0.3393679459020704,0.12251368549622903,0.07980615924244769,0.23397629849922347,0.4,0.6,0.2,10,34.87266011840084,159.7295378852615
10,7,0.20999355632472633,0.45257120805313933,0.44747850155857705,0.4286278570912285,0.255027949903493,0.11070920542692979,0.08076601586773575,0.2364086340535386,0.4,0.6,0.2,12,24.924967727120777,107.60083273914348
10,8,0.1793876540432321,0.34194973841149634,0.3362919429853294,0.31426886505082585,0.27336944879827674,0.11070920542692977,0.08076601586773575,0.2364086340535386,0.4,0.6,0.2,14,17.78046364274904,75.80027026562342
10,9,0.1335676871374013,0.26090267402957984,0.2548746370585147,0.23202434028294944,0.17413743717870786,0.10526191483876797,0.054071492825562006,0.15802756791965156,0.4,0.6,0.2,16,14.626207739234228,45.919809308183474
10,10,0.12630829551042833,0.23366257983759428,0.22743330274146684,0.20445942918548982,0.14149329656520684,0.10536491732438047,0.05254636730735547,0.1543766476970489,0.4,0.6,0.2,18,12.905092779608337,41.50353095636863
10,11,0.10799895297091748,0.20270086366464019,0.19634687464281436,0.17353129685657578,0.11238638310317911,0.1066429476082325,0.03942798323703295,0.11583691825120224,0.4,0.6,0.2,20,12.267864114358426,38.96455749319696
10,12,0.10797171721579335,0.20256304213086937,0.1962079487067573,0.1738072845962831,0.08987820016427395,0.10664294760823252,0.03942798323703299,0.11583691825120228,0.4,0.6,0.2,21,12.261601214592776,38.92209614959658
10,13,0.10699558133005507,0.1951095634198155,0.18869135826838127,0.16607845861182619,0.11326214893549781,0.1083292218330166,0.03934169888566639,0.11568029206017201,0.4,0.6,0.2,22,11.96789885350289,41.90880374169571
10,14,0.10665198048618688,0.19466507248039386,0.18824586500937768,0.16606449333276496,0.09011095002959735,0.10731275899066657,0.039409990318202956,0.1159095136111898,0.4,0.6,0.2,23,11.863822711419363,39.95478905440196
10,15,0.09775614598390676,0.1817285056658206,0.1752701750877167,0.15317157576107554,0.0962036316907239,0.11099175322998316,0.03148710828341834,0.09258672642479357,0.4,0.6,0.2,24,11.530731562696658,41.210099938934334
10,16,0.11386414981886257,0.18686325440757193,0.1802994049573625,0.15802594348551513,0.13909749701751642,0.13010275263988286,0.04095901102011929,0.11881691356397887,0.4,0.6,0.2,25,10.717555064501198,35.99960256664879
10,17,0.12872906289622166,0.1959753987469706,0.19026549224820208,0.1706255674753798,0.11954845507506431,0.15705024386338856,0.042985869562267624,0.13962215919132823,0.4,0.6,0.2,32,11.307638162713374,55.06250635590307
10,18,0.11874539449178431,0.17838664230247767,0.1726047435897886,0.1539865124086411,0.12133925176902716,0.15279933678963092,0.03761088404645692,0.12217695324544262,0.4,0.6,0.2,34,10.848469841498256,57.94679352174479
10,19,0.11140448605865652,0.16457053805024321,0.15872772364582605,0.14036298950858916,0.11326321199149691,0.15063958848274034,0.033461755446426406,0.10867616119333542,0.4,0.6,0.2,36,10.485410618771684,42.95346068663228
10,20,0.11105829539484541,0.16201554562904513,0.156454966707899,0.13916040693471293,0.10611198845613792,0.1509064339133022,0.03345392123433413,0.10865897037953194,0.4,0.6,0.2,38,10.390215767215704,42.71322938901933
10,21,0.11702395035397298,0.16793164297168955,0.16237057214448253,0.14458142775726995,0.1083149425510754,0.15255455324459286,0.037751571109208085,0.12234647962749443,0.4,0.6,0.2,39,10.58177831614925,50.52880601527957
10,22,0.11003357843275666,0.1560699495320292,0.1504633689470062,0.13328194173843147,0.11043315227927103,0.15047427301131877,0.033560188798694476,0.1087627059677797,0.4,0.6,0.2,41,10.179256331779298,42.944407093942765
10,23,0.11007780319885849,0.15581093814854646,0.15050446646335947,0.1337814408818695,0.10286918544533034,0.15081039984861436,0.03354544128955726,0.10872457590810714,0.4,0.6,0.2,43,10.183026847912505,42.712478165446456
10,24,0.1184733669066951,0.16179017871138887,0.15555233432777077,0.14031120881839887,0.11221724209873848,0.16627717726501964,0.03554831304301843,0.11576268609326516,0.4,0.6,0.2,49,9.849439617322462,44.31349109010525
10,25,0.11768880679702873,0.1602013080351405,0.15395601945987078,0.13733497737853329,0.11172946378986448,0.15076002932770077,0.04002626834138681,0.13018362579469217,0.4,0.6,0.2,51,10.16273637325991,53.16513920019513
10,26,0.11857104007101478,0.16002616459671992,0.15377102670557502,0.1376523975224781,0.1150380925134995,0.15345617156259336,0.040024426841162995,0.1301798108223487,0.4,0.6,0.2,52,10.009297863937682,53.262532792749546
10,27,0.11842082815029725,0.15905359108194034,0.15279083460497722,0.13610277629061407,0.11423089082487968,0.15345617156259336,0.040024426841162995,0.13017981082234875,0.4,0.6,0.2,53,9.961664508802013,52.90801122506961
10,28,0.1119808279915028,0.15040150960715082,0.1441182055506553,0.12844016110279016,0.11297811836193365,0.1522579848264306,0.03558038999913902,0.1157295066248057,0.4,0.6,0.2,54,9.941600343880571,49.822072031072864
10,29,0.11195256152709632,0.1475678120217449,0.14156161386320928,0.1267697060276074,0.11078411780852951,0.15327408537076104,0.03564210603029588,0.1159534496410763,0.4,0.6,0.2,56,9.74035653738175,49.43704468640571
10,30,0.11205317724320688,0.1472982381156774,0.1412886011303063,0.12704315932348356,0.10730513029292721,0.1534551815967291,0.03571877820417136,0.1161923225543825,0.4,0.6,0.2,57,9.68613729877547,49.24269861113317
10,31,0.10711531253502468,0.13781137473321464,0.13175974858587086,0.11952747804027367,0.11732265128926474,0.16350310328342624,0.02919318023219504,0.09497352105178498,0.4,0.6,0.2,58,9.290557697527184,46.60575810031239
10,32,0.11881339191090141,0.14906125581373458,0.14361135306207806,0.13384737439148592,0.11402204496807733,0.17277786791061245,0.03566291513255803,0.11604875001796681,0.4,0.6,0.2,65,9.148040444904376,65.47842477855819
10,33,0.11999530583496786,0.1491970007196527,0.14343457822713387,0.13436095428042122,0.11668057011740722,0.17614214158729372,0.03566214255699175,0.1160559874934733,0.4,0.6,0.2,67,9.080639292302452,66.76600882709637
10,34,0.11977449196257581,0.14755457361565927,0.14208197673173617,0.1322717693164975,0.11765501895323802,0.17619498356277186,0.03568112083535917,0.11608368823899355,0.4,0.6,0.2,69,9.026525720488534,61.69930483877811
10,35,0.11986011563942356,0.14762714146881767,0.14215445999994153,0.1341294730596375,0.1152371936853144,0.17668305901313114,0.035593521292489244,0.11581008457071851,0.4,0.6,0.2,70,8.957951264433605,61.94393455245558
10,36,0.11877834295668788,0.14621650323603907,0.14074079157218383,0.13300848447507393,0.11527299506666479,0.173904511987957,0.03565544012197035,0.11605228286556968,0.4,0.6,0.2,71,9.018424835255509,66.96690285845496
10,37,0.11357014487359057,0.13866890936012558,0.1328687917142207,0.12545136573171495,0.11691881190027456,0.17297411125035797,0.032094225766871286,0.10445984484773514,0.4,0.6,0.2,72,8.911203709771844,66.04648673715306
10,38,0.1063926398011196,0.13091449628395235,0.12662386467150685,0.12366477906198037,0.1025799837603064,0.1651206928933924,0.028782337922449833,0.09507686318152776,0.4,0.6,0.2,86,8.895064872110842,41.53398916718025
10,39,0.10630824590599808,0.12917895702524532,0.12487318911971007,0.12219467383251395,0.105299965617555,0.16556000727129438,0.028804404387784952,0.09508646423253424,0.4,0.6,0.2,88,8.820093172534305,40.88927936461244
10,40,0.10630495088202285,0.1292458461752451,0.12524374899486082,0.12375700761528455,0.10255732314289473,0.1655600072712944,0.028804404387784952,0.09508646423253424,0.4,0.6,0.2,90,8.817996041376777,40.88482957148675
10,41,0.10601414156989683,0.12762707180372554,0.12361281029349533,0.12272120824734617,0.10691344527449816,0.165288602125799,0.028827068770216062,0.09520580737143068,0.4,0.6,0.2,91,8.757066597478072,41.05633112779667
10,42,0.10673406823718226,0.1271250333405183,0.12370548943742213,0.12642154494179325,0.1038308609339331,0.1651266897530948,0.02985298631628792,0.09720324711952513,0.4,0.6,0.2,102,8.838372078076606,41.824432482072005
10,43,0.10669211834013421,0.12691645521574904,0.12379842422128794,0.12776223713047646,0.10383308048525759,0.1651266897530948,0.02985298631628792,0.09720324711952508,0.4,0.6,0.2,104,8.815984523164614,41.74241698023438
10,44,0.10670007811788228,0.1260734529820265,0.12294761432577488,0.12789705600805099,0.10640294869365648,0.16551096254693437,0.02984528483418443,0.09719180084204863,0.4,0.6,0.2,105,8.847309905605625,41.804178682421885
10,45,0.10677523524524549,0.12518068713709077,0.12234898338190628,0.12722990320446492,0.10734070865421799,0.1660980121391583,0.029876494945806388,0.09715856482405356,0.4,0.6,0.2,106,8.76110983733833,41.552778806836606
10,46,0.10796496198605053,0.12555816064035202,0.12241612191611759,0.12725053800489897,0.1075213644871177,0.16929981931913946,0.02989517286924599,0.09723116874586987,0.4,0.6,0.2,107,8.589403102381517,45.0680829196801
10,47,0.10827270934794939,0.1259062767845161,0.1230675278175426,0.12857480394265117,0.1055855821842551,0.17013287186278658,0.029877991223059244,0.0971954599671028,0.4,0.6,0.2,108,8.649108707518904,45.091962448910266
10,48,0.10818037415369644,0.12574324392072944,0.12290386053204605,0.1287352459797424,0.10557471739464798,0.1699154187996123,0.029884761311844255,0.09720536763234014,0.4,0.6,0.2,109,8.630429082310343,45.13414715269509
10,49,0.11738552025476444,0.13326085987427433,0.13161797561355687,0.14153784021802282,0.11532812157015165,0.1773141502014516,0.03405916260806297,0.11755229881051792,0.4,0.6,0.2,124,8.573396581177372,63.979356141059576
10,50,0.1055060256278603,0.12060718301142198,0.12016912601360624,0.14460124309520656,0.10329099800016547,0.16660808910702238,0.029057563831955208,0.09547404627327588,0.4,0.6,0.2,156,8.710935095284343,39.65038410256446
10,51,0.10544994350949044,0.12052617293755939,0.12039080104653645,0.14521202480454498,0.10332662220570679,0.1665113328990083,0.029058376572421427,0.09547585572704101,0.4,0.6,0.2,158,8.712344689876112,39.664397432678086
10,52,0.10619529986615359,0.12122582524196711,0.1219989550080362,0.15626063641669802,0.10397593318297105,0.16575687110216075,0.03003229994336271,0.09803986655353648,0.4,0.6,0.2,181,8.759704854139683,40.01524567877305
10,53,0.10593855397104504,0.12079295657397218,0.12217044748585429,0.15997174349671145,0.10402716275078762,0.16562154261829062,0.02989349316581099,0.09772503022321706,0.4,0.6,0.2,185,8.725916698534094,40.090843357865886
11,0,0.9614517036883364,0.8937974332848848,0.8929638027407736,0.8892001286602014,0.0,0.0,0.0,0.0,0.4,0.6,0.2,1,213.8377028396203,1315.7916634610342
11,1,0.9281772418274565,0.9128620825756069,0.9118713171412287,0.9078146768719907,0.06796124166278596,0.09755802682151808,8.420924006418662e-05,0.0001072235341654,0.4,0.6,0.2,3,197.92046435239524,1229.1285350943042
11,2,0.5288763104899618,0.7695319358991474,0.7676071528958369,0.7599380638946377,0.5079093782280492,0.12525097002510238,0.0026734560174357432,0.00830275653057882,0.4,0.6,0.2,4,109.4115862929295,542.5658354336056
11,3,0.38417890796854903,0.6837357322953966,0.6810516138968237,0.6704804576636527,0.2037486005419377,0.14287273296222858,0.004926302442963051,0.021096109957108332,0.4,0.6,0.2,6,72.6846867125563,8116.862898393702
11,4,0.3370677604031134,0.6452473736227493,0.6422935047664706,0.6315429967883934,0.10970288712236304,0.14138343568295877,0.0025042672511634773,0.01065207147882055,0.4,0.6,0.2,8,64.04197413922351,8086.800499723243
11,5,0.3354389324739337,0.6442691158414288,0.6415911053630959,0.6310305428268767,0.07291825402215467,0.12065229195562074,0.013749390689476441,0.030886789386661152,0.4,0.6,0.2,9,61.4013897357344,8202.887949781107
11,6,0.24878435441594293,0.5569329172582383,0.553296338967623,0.5404959051808664,0.299611125840516,0.13637781746620814,0.0031201114554672473,0.01220930881428289,0.4,0.6,0.2,10,46.25253045795158,8027.2252158993215
11,7,0.2353011591743368,0.5404804998849868,0.5367141366154519,0.5239997423845418,0.10674976853027411,0.13562326539499933,0.0034678216420086436,0.01308853651606012,0.4,0.6,0.2,11,43.33643062926421,8018.524075317855
11,8,0.17655705910868016,0.4584108866141915,0.4540506948255654,0.43884472845102734,0.27132886426372266,0.12331429669192732,0.0024785110427509,0.00860865412085038,0.4,0.6,0.2,12,32.772848922030576,7661.222900721043
11,9,0.16855538903159992,0.44430070392331045,0.4401329285477933,0.4251621367162879,0.07240733901512143,0.12331429669192732,0.0024785110427509,0.00860865412085038,0.4,0.6,0.2,14,31.239265827102816,7616.374200040533
11,10,0.1267663667382261,0.35896181668618443,0.35412669436690414,0.33771904995070184,0.29973074888777607,0.11350269523414169,0.006117670312698037,0.01574136310903131,0.4,0.6,0.2,15,23.63591195488065,185.705573352373
11,11,0.11905087821769567,0.3386361289321199,0.3339445612401167,0.31767797756599847,0.08041767978485541,0.11350269523414167,0.006117670312698037,0.01574136310903131,0.4,0.6,0.2,17,21.89836719038217,177.5977978053815
11,12,0.11844705703315599,0.33725547975701003,0.33225144935172213,0.31609902987929583,0.055249953279526504,0.11295338947351907,0.006147099939658034,0.01584473134951523,0.4,0.6,0.2,18,21.79204267437799,177.23205827119585
11,13,0.11620796537244364,0.3333504162581441,0.3286281425000843,0.3131830560802549,0.05893291608981838,0.11348346895571174,0.00489798090293111,0.012611214677671869,0.4,0.6,0.2,19,21.61474370372702,173.943408861581
11,14,0.13195049134884285,0.348473868326196,0.34344112755069156,0.3260332474909386,0.06934448749909337,0.1471113322957412,0.006011928679896856,0.022303476904460807,0.4,0.6,0.2,20,18.81570087827576,56273.24132826828
11,15,0.11553918129119066,0.31404713979967847,0.3094006259248908,0.2919960068269491,0.14181951980098226,0.14328677446503568,0.002247407557465558,0.00914024636839424,0.4,0.6,0.2,21,18.42686628768761,7978.27040858878
11,16,0.10860580419704984,0.29909558483465465,0.2943554968617233,0.2772769656967951,0.0746218395088182,0.13696105032961886,0.0019113237590147906,0.0076666848787557305,0.4,0.6,0.2,23,17.72938173958511,7861.588813308572
11,17,0.10789078977690021,0.2969350916585785,0.2924812440195133,0.2756372733336069,0.06068978264271176,0.13696105032961886,0.0019113237590147906,0.00766668487875574,0.4,0.6,0.2,25,17.51177969999565,7879.4674813398115
11,18,0.10513797493572814,0.28146002749178095,0.2768611959212375,0.26038947570814813,0.11442525507164876,0.1423329409527469,0.002541243271639753,0.01002462080300428,0.4,0.6,0.2,26,16.956501585181087,7718.000071724407
11,19,0.10265306798997904,0.2699711447354366,0.2649707377257217,0.24761359713810835,0.09667515065245821,0.14289791847396144,0.0031276885331736576,0.0123856506381734,0.4,0.6,0.2,27,15.725223281374342,7857.894731638076
11,20,0.10255435467014207,0.26962202028892013,0.2646189553032407,0.2472511697069639,0.06251850483992395,0.14289791847396144,0.0031276885331736576,0.0123856506381734,0.4,0.6,0.2,28,15.690046891217987,7860.771853684727
11,21,0.09712726202514779,0.25222760541792233,0.24709504581547248,0.22994902669563244,0.10812730920571967,0.14277251398771848,0.002514521863788228,0.00994278496983079,0.4,0.6,0.2,29,14.695305111157232,7806.543063387166
11,22,0.09684096489072137,0.25176807173886445,0.24663366901584763,0.229800337674511,0.060722634097709276,0.14245132788105258,0.002427661162798546,0.00972764039543685,0.4,0.6,0.2,31,14.80233974592205,7782.25916137366
11,23,0.09427844654507847,0.24445351587272388,0.239268581928805,0.22264911624632838,0.07807601096172437,0.14145695342238732,0.0021057695172194595,0.00831803672683059,0.4,0.6,0.2,32,14.296461545635132,7734.36610101771
11,24,0.09198931350384787,0.23136476230490222,0.22667228568360817,0.21148711172627388,0.10323449696566939,0.14425258010732228,0.0022584731488420632,0.00932799681785553,0.4,0.6,0.2,33,14.115531482708954,7884.908824499596
11,25,0.08550291878967733,0.2051531976971763,0.20025859610441782,0.1840265934916084,0.0975447103700374,0.14256414330627684,0.002434659373933638,0.00981901446706664,0.4,0.6,0.2,35,12.761712051887416,7835.239835201186
11,26,0.08162577051572073,0.19074134056533573,0.1857411611600666,0.16988114049511416,0.0788877032736665,0.1416994759187576,0.0019987476372598013,0.00807093496481835,0.4,0.6,0.2,37,12.080154508442808,7837.245166225958
11,27,0.07641370184644963,0.16707045861114989,0.16188851856431533,0.14640221328134911,0.09239018129312697,0.14111574635329513,0.0018040150616874318,0.0072431047202904,0.4,0.6,0.2,39,11.556180405810933,7743.318965912416
11,28,0.07484823544772298,0.16018961439785423,0.15495615830828707,0.14006710788754606,0.06809946455520022,0.14110272882079558,0.001586255039268607,0.00636200198535556,0.4,0.6,0.2,41,11.192545561192908,7676.263573028936
11,29,0.07480359956457208,0.16004133319410968,0.15510973428592006,0.14120723023268394,0.05900546204199446,0.1411027288207956,0.001586255039268607,0.00636200198535556,0.4,0.6,0.2,43,11.180077232735748,7676.673697068069
11,30,0.0663214974755537,0.14049022511635323,0.1357551484570049,0.12097382065843047,0.09208721526284143,0.12506719800613236,0.002186182896805553,0.00680582493950387,0.4,0.6,0.2,44,11.086218785642922,7559.895546117673
11,31,0.07043129883266153,0.1411068648992157,0.13633841716734943,0.1223202533993058,0.06981462250375688,0.13744491132607467,0.0019062894247206554,0.00722178954436589,0.4,0.6,0.2,45,11.09223662305549,7696.358382030239
11,32,0.06446773093831562,0.13438164997276705,0.12960593908501564,0.11578120137061261,0.054430706886256536,0.12346588302158978,0.0019454162695414865,0.00605974090776918,0.4,0.6,0.2,46,10.981133189280296,7553.077750385109
11,33,0.06514957721558341,0.1339004989340916,0.12911370277527184,0.11502559730513502,0.05676157870665597,0.1250491469537731,0.0021913635951164977,0.006802861394627791,0.4,0.6,0.2,47,10.78012888214776,7543.412661046105
11,34,0.07397408148645447,0.13635591980954961,0.1315087524649072,0.1189710930553768,0.07024440422791194,0.15091792581733765,0.0018646338960424363,0.00680978782583788,0.4,0.6,0.2,50,10.531958371604704,7788.570339038496
11,35,0.07418544835482656,0.13604651863843856,0.13119440033593635,0.11952882607169009,0.06500079100684271,0.15157713739136944,0.0019172018349031222,0.00693070874478442,0.4,0.6,0.2,51,10.569440638108397,7766.106844033987
11,36,0.0726228428381886,0.13020148361354872,0.1253089715543027,0.11374419300545766,0.06987195111663222,0.1505218494714222,0.0017071230635359962,0.00617449701799455,0.4,0.6,0.2,53,10.480089238292395,7760.625745872204
11,37,0.0708002502221363,0.1266671496382556,0.12175857559894254,0.11159490108747726,0.0639399729799485,0.1473306089500114,0.001542690303357788,0.0056365542319302495,0.4,0.6,0.2,55,10.164021248970894,7705.790081087222
11,38,0.07208869962302612,0.12318256040716359,0.11822914553175905,0.10789440754687951,0.07964790267646696,0.15288982434605075,0.001540018951757291,0.00562776611405522,0.4,0.6,0.2,56,10.06826343258997,7768.648964066913
11,39,0.48019302215359055,0.5289302345127578,0.524257731162454,0.5152314182412729,0.47387891549947186,1.0,0.0016093219468805427,0.3540637045964065,0.4,0.6,0.2,60,10.089820469511135,7785.678644763104
11,40,0.07124648895771933,0.12024769999228169,0.11648647334058385,0.11020385995607354,0.06283690649445625,0.15195208077791628,0.0015419721024647472,0.005635308477687289,0.4,0.6,0.2,66,9.942730509872828,7768.36962374071
11,41,0.06484014985174702,0.11293446267374928,0.1073471166728306,0.1013480227382947,0.05775335577755796,0.13644545640665867,0.0014289832509784633,0.0053039814428222695,0.4,0.6,0.2,67,10.090737048938054,7974.366410714109
11,42,0.06480049650201035,0.11277563390364473,0.10749007930765002,0.10291917755643328,0.05685468406206347,0.13644545640665867,0.0014289832509784633,0.0053039814428222695,0.4,0.6,0.2,69,10.0893380552603,7972.903235712391
11,43,0.0676103308514826,0.11482940412646511,0.10953681336859636,0.1058519740422129,0.06204113388980966,0.13697759932253717,0.0020846757614239354,0.01703736935478662,0.4,0.6,0.2,70,10.009915575048042,8000.375872010099
11,44,0.06356882461907631,0.10625317700974371,0.1009183662702366,0.09676775110809716,0.07176310756301743,0.13594050811187333,0.0014033736651993844,0.00517940633784935,0.4,0.6,0.2,71,9.771623763994226,8393.670405455689
11,45,0.0631016311832745,0.10430529370882341,0.09895669567686607,0.09599796865427972,0.05858465322032741,0.13585616597192002,0.0012832430965238875,0.00473233553662576,0.4,0.6,0.2,73,9.72986840884249,8413.57081102354
11,46,0.06308667355605391,0.1042526767964416,0.09890373962814497,0.09594366548873764,0.05617939241452714,0.13583088300760676,0.0012850249024621758,0.00473728882488366,0.4,0.6,0.2,74,9.730539698253246,8413.502190742298
11,47,0.06285516993289969,0.10280106792769035,0.09774383940728006,0.09621910623985973,0.05829003989479907,0.13588979825890857,0.0012728748759850306,0.00469238515976812,0.4,0.6,0.2,76,9.60786223725186,8400.966955511654
11,48,0.41269312343750447,0.44754236004895276,0.4427408583090817,0.44473825473482453,0.4082954869728067,0.5152660916222408,0.001199174276734372,1.0,0.4,0.6,0.2,88,9.456164325397502,8394.536050844592
11,49,0.41296049582243044,0.4459512126419962,0.4411325351688174,0.443064376208385,0.41371840329535636,0.5167464593081237,0.0012027763908764024,1.0,0.4,0.6,0.2,89,9.312905286064142,8393.46386806379
11,50,0.3688446417569295,0.4000322819559593,0.3948940552216439,0.3967952635330293,0.3693955624698646,0.40719332196384295,0.0012090281511021599,1.0,0.4,0.6,0.2,90,9.11397773691894,8396.039959139083
11,51,0.3688446417582192,0.4001222878555648,0.39528783745371976,0.39873183983771665,0.36360278651913147,0.4071933219638429,0.0012090281511021599,1.0,0.4,0.6,0.2,92,9.113977735202957,8396.039959389003
11,52,0.41225824707576975,0.4426947471864193,0.4375496051814338,0.4338215912018145,0.4096862013370096,0.5160535739536874,0.0012083841576044226,1.0,0.4,0.6,0.2,93,9.295535494827636,8381.38496303129
11,53,0.2981917477979034,0.32826729894743034,0.3237247429580108,0.3274148956912827,0.2937876073003293,0.23109435662391511,0.001227034805240792,1.0,0.4,0.6,0.2,96,9.032021603401398,8389.097811425161
11,54,0.29935010478379986,0.3268188433800839,0.32225231818100847,0.3274394271167579,0.2977107063562638,0.23505963948356393,0.0012577420914075279,1.0,0.4,0.6,0.2,99,8.956894884777247,8400.446494575306
11,55,0.2997068015644505,0.32674622253640695,0.32187278842613837,0.32768423610769365,0.29575971029406534,0.23608274804603174,0.0012654791408935344,1.0,0.4,0.6,0.2,101,8.932897653903236,8399.61714680054
11,56,0.29955780766655904,0.32649208760044934,0.3219206502646708,0.3286772874460653,0.2952958176020106,0.23579550910601363,0.0012638485671470688,1.0,0.4,0.6,0.2,104,8.951010140646389,8395.176926016784
11,57,0.299548348875251,0.32651687438139537,0.32224866605623637,0.32996090258624455,0.29526458637897923,0.23579550910601363,0.0012638485671470688,1.0,0.4,0.6,0.2,105,8.940712136604049,8396.172364972761
11,58,0.39813009999246174,0.4249625472086205,0.42099613078387343,0.42966335030984065,0.39395060482261124,0.48249350812888575,0.0011652813147500017,1.0,0.4,0.6,0.2,108,8.953078619630341,8379.564514530446
11,59,0.2979822638681404,0.3208441705895786,0.31653829999926036,0.32625024229980004,0.3007294688852914,0.23239558940135394,0.0020686667811471208,1.0,0.4,0.6,0.2,110,8.837604425456151,8383.276687741436
11,60,0.2983643147622604,0.3209520234580038,0.31664366436266644,0.32729926919460395,0.29485774802640047,0.23342527452636702,0.0020949099009821693,1.0,0.4,0.6,0.2,114,8.839580099427002,8383.627266879808
11,61,0.26001878969493225,0.2825554392237759,0.27854962734176425,0.2900772272767237,0.25654113018605845,0.1377052995552639,0.0020378533960679493,1.0,0.4,0.6,0.2,116,8.847681787947263,8393.854721817004
11,62,0.29795506939611216,0.3190379008816332,0.314412865823723,0.3271276093471561,0.2987287667460964,0.2332112450303403,0.0019448963131978188,1.0,0.4,0.6,0.2,117,8.768190775638532,8389.041464717431
11,63,0.2978054428845992,0.3170403581642694,0.312398446076446,0.3253694602372261,0.3008036447275506,0.2343283770886257,0.0014553183800791656,1.0,0.4,0.6,0.2,118,8.743492856079188,8385.93671601187
11,64,0.2976886596170663,0.3169980688577156,0.31265971868288167,0.32684036232556624,0.2945006058364112,0.23330683382433737,0.0019458864780032355,1.0,0.4,0.6,0.2,123,8.764212465314301,8387.400541144263
11,65,0.2971774008668429,0.31572368690164254,0.311378408580569,0.32681550764633144,0.2949556951543324,0.2332067876476723,0.0013674707023851114,1.0,0.4,0.6,0.2,126,8.795491298505079,8374.616989854767
11,66,0.2979531322083258,0.3163046328714029,0.3122605994299298,0.32761477831962105,0.2958795093865486,0.23442402262820816,0.0019259104838390412,1.0,0.4,0.6,0.2,127,8.780760056950406,8369.548252877323
11,67,0.297016636801788,0.3154394479007162,0.31200195947375026,0.3297621054964755,0.29405819506469466,0.23276678720370478,0.001499251328947159,1.0,0.4,0.6,0.2,134,8.703902738142185,8393.428372385466
11,68,0.297592943008982,0.31582002848552626,0.3129867192654887,0.33349899336206906,0.2948007437680756,0.23431368256263768,0.0015299046505208994,1.0,0.4,0.6,0.2,142,8.62338760882134,8390.12066620978
11,69,0.2983415579922197,0.3157431773772332,0.31290233164142445,0.33371791525162253,0.29828782117650077,0.23653661594760478,0.0015176736896192692,1.0,0.4,0.6,0.2,143,8.599672900395216,8390.570779517697
11,70,0.2988089004862404,0.31602025798681554,0.313480610570284,0.33501479934142087,0.2963503794656416,0.23805611187467507,0.0013587882918780045,1.0,0.4,0.6,0.2,146,8.64218837324986,8387.464240456993
11,71,0.2966906284552044,0.31285246261326455,0.310606204543471,0.3347196900724626,0.2946466913620154,0.23277994696614682,0.0016504181689700652,1.0,0.4,0.6,0.2,153,8.621746461311705,8392.261933924367
11,72,0.29621304620629835,0.31223154195683317,0.30998399281709604,0.33624739847160123,0.2937677595094395,0.23184593552620938,0.0015153913064474848,1.0,0.4,0.6,0.2,157,8.658547699958284,8384.376150836626
11,73,0.29635447545021515,0.31205070073415553,0.3094972784931128,0.33682087508293523,0.29460117351516024,0.23231676703593096,0.0014989689743889665,1.0,0.4,0.6,0.2,158,8.63539599296741,8387.026169467135
11,74,0.2964201257368248,0.31191561157830683,0.3096632768249614,0.337257839285937,0.2949145183931935,0.23258595259613962,0.0015065973930725694,1.0,0.4,0.6,0.2,159,8.681553544975484,8384.123676757483
11,75,0.29650208986227977,0.3109659831163982,0.3087042887393717,0.3362628327950137,0.2976258858803733,0.23321092405498178,0.001499553740888217,1.0,0.4,0.6,0.2,160,8.59330310014073,8384.19720722944
11,76,0.2961460007922132,0.31014472141442995,0.3078788278678424,0.33609569783240945,0.29467785696708715,0.2324752607168783,0.0015192345433834911,1.0,0.4,0.6,0.2,162,8.570616692288569,8389.514075723375
11,77,0.29623662471291357,0.3098657406195946,0.3072934980581948,0.3357327574352811,0.2949699275663118,0.23280885603420062,0.001521563318539494,1.0,0.4,0.6,0.2,163,8.5618314593403,8385.193743932903
11,78,0.2963769321347787,0.31010460359456626,0.30813925070931303,0.3374524104025419,0.2944614501887626,0.23319981380170735,0.0015161981373626508,1.0,0.4,0.6,0.2,164,8.54488770038885,8388.062414512027
11,79,0.2962596154458943,0.3097155052556709,0.30714168981660533,0.3369138380939741,0.2942400555612482,0.2329259214358776,0.0015274267002368428,1.0,0.4,0.6,0.2,166,8.522355762816645,8385.374734361527
12,0,0.91969743842568,0.882425574613836,0.8815027531873026,0.8773978663621953,0.0,0.0,0.0,0.0,0.4,0.6,0.2,1,251.36735570128133,1350.004899816205
12,1,0.8868429145683545,0.8989498651317607,0.8978695982457057,0.8934708450157532,0.06549977273625378,0.0912894740551056,8.318742445918314e-05,0.00010733000067162999,0.4,0.6,0.2,3,233.136648122186,1262.479100025832
12,2,0.8531741248601236,0.8952260341481246,0.8940414633227907,0.8898391230856008,0.08449245195023593,0.11125017636625172,0.0012962855328011904,0.00436571767303639,0.4,0.6,0.2,4,218.88828891452687,1659.574264832211
12,3,0.7450763539393536,0.8596783969074635,0.8585308955229306,0.8527728552810606,0.14798476254940057,0.10509034239239068,0.0028582441237396034,0.00368776104940212,0.4,0.6,0.2,5,186.49289551314948,726.7700566899497
12,4,0.809596543210376,1.1133686595222403,1.1104786512987967,1.0997729241071645,1.0228334906967549,0.23133073314851504,0.31508387625993395,1.0,0.4,0.6,0.2,6,79.956221862162,189.8859854651156
12,5,0.40081620810863594,0.7117568278214376,0.7083118943290675,0.6960730264397855,0.24329404594615434,0.15644922042962653,0.07395568019751401,0.21858310996597718,0.4,0.6,0.2,8,64.85016998051583,297.2146082920288
12,6,0.45118678579049987,0.7591831876846656,0.7552442474310426,0.7414185754762359,0.35172971403613157,0.15707446027253752,0.16640028044440658,0.49181199742344867,0.4,0.6,0.2,10,48.62345275583024,216.8259806655317
12,7,0.2547423573659677,0.5488474390271445,0.5450582739588546,0.5297660835807387,0.19297508499406715,0.1397502305215428,0.044465653060443866,0.13134859970849339,0.4,0.6,0.2,12,41.48508561991871,200.46503153029005
12,8,0.263086332876249,0.6001427395308955,0.5961154393974997,0.5817404829887719,0.23373849815898867,0.12841758387143504,0.08445126494791384,0.24912557226336637,0.4,0.6,0.2,14,34.00704358828027,65.81769236000099
12,9,0.19746341415899166,0.3755389940197639,0.3700519178150631,0.34991596672577535,0.3818035214815458,0.12841758387143506,0.08445126494791384,0.24912557226336637,0.4,0.6,0.2,16,18.342866783579623,78.7792638515484
12,10,0.15940614480998247,0.33245789447400204,0.3269054626353132,0.3071627618044867,0.1333273426041094,0.12519439730781853,0.056335578233987244,0.16615705772063064,0.4,0.6,0.2,18,18.123242839479826,60.971516524061485
12,11,0.1362663860246642,0.29293527052403323,0.2872071246550495,0.26744312734761744,0.13132219303946788,0.1242088633764171,0.04226725333174659,0.12465602853595754,0.4,0.6,0.2,20,17.147355775157873,57.309582172353416
12,12,0.14977080393677114,0.2946417049175128,0.28879400426551716,0.2681412922660395,0.1550982719392495,0.12461445852115131,0.056351193310558184,0.16623467120358487,0.4,0.6,0.2,21,16.032112608546147,59.15522516515541
12,13,0.123567533005929,0.2385214964106847,0.2323679296481297,0.21143543059722877,0.21119012384411873,0.12681188177318553,0.04110666255516561,0.12188173216211103,0.4,0.6,0.2,22,13.537874648280487,52.49333682562345
12,14,0.122966100633772,0.2365714689066566,0.23040369867507696,0.2096510467095764,0.10165808782672897,0.12641042934280236,0.04111837362810418,0.12193994910024779,0.4,0.6,0.2,25,13.586360254168897,48.10510530595171
12,15,0.11919556767549258,0.2193238243968236,0.21332571520395685,0.19307253084665865,0.14777335502103717,0.12567543642435378,0.04116605950551288,0.12199677297850305,0.4,0.6,0.2,26,13.101618081855866,45.74883181395397
12,16,0.11765797229890376,0.21151985583982208,0.20546050248059078,0.1849531680936018,0.12153611092884561,0.12567543642435378,0.04116605950551288,0.12199677297850302,0.4,0.6,0.2,27,12.701179056244678,47.37289045517333
12,17,0.10579494658833323,0.19271870429587826,0.18659168441538213,0.16656676645808324,0.1141527282073699,0.12472574909452502,0.032946445784130925,0.09763647914517516,0.4,0.6,0.2,28,12.315404185653655,47.74950279267333
12,18,0.09787914757229806,0.17920734841918395,0.17302636532699905,0.15352524080302402,0.09241159360298512,0.12496168695261485,0.02730091301632846,0.08095937345392952,0.4,0.6,0.2,30,11.980330461251976,45.12026902480915
12,19,0.09567420267881574,0.17081850929956965,0.16457806914371845,0.1453558556527394,0.09265047386946898,0.12474710958352149,0.026626860453660882,0.07932258491200025,0.4,0.6,0.2,32,11.546073296934946,40.323114040775
12,20,0.09129302021890981,0.16338550934483131,0.1571159103560414,0.13853530065063668,0.08338548578647562,0.12699695631799193,0.02276349584058591,0.06784290551936527,0.4,0.6,0.2,34,11.26825345631942,35.5561220314191
12,21,0.09075821489484871,0.1622024522883904,0.1559266751354232,0.138084022648329,0.07877073285249175,0.12593532980904706,0.022790883498660194,0.06791306061754086,0.4,0.6,0.2,36,11.261783310402734,35.812291925941096
12,22,0.056083252449859955,0.12203195431721789,0.11782437338080665,0.11148308941758958,0.04494646804501456,0.10475477979981966,0.0015887893559553426,0.00700561979123696,0.4,0.6,0.2,67,11.896039272117571,262.8945358481354
12,23,0.055930360230498216,0.12124114089527459,0.1170274857902175,0.11035554473259472,0.045352976088403246,0.10451641615084784,0.0015934039535991462,0.007371769100776091,0.4,0.6,0.2,69,11.592961253980064,252.1901377299917
12,24,0.054959161859860765,0.11820705073683918,0.11397388386213729,0.1077811566875896,0.05086027076874763,0.10390738733803917,0.001436989516754589,0.006334308067634679,0.4,0.6,0.2,70,11.787525937935344,299.3725274332195
12,25,0.05867286044561458,0.12171265413062889,0.11838631365160958,0.11475293238142963,0.04792801160232753,0.10490412333265345,0.005546884755209108,0.01107911202055301,0.4,0.6,0.2,74,12.035906880469083,719.1541051397743
12,26,0.05821631180396932,0.11737799953373981,0.11401505985578445,0.10992352536110395,0.054541355170538756,0.10574068463263464,0.005541297952432884,0.011066190729079339,0.4,0.6,0.2,76,11.83741361613059,718.3054315332624
12,27,0.057465702159919585,0.11395196238047461,0.11056382256748251,0.10637615445911436,0.05070040400653943,0.10516276017647178,0.005565058708732273,0.011065177967488531,0.4,0.6,0.2,79,11.560817857957163,719.6551524683781
12,28,0.05723394895628332,0.11131494217268709,0.10820717339899326,0.10574556049651335,0.05217843259717536,0.10582733897067112,0.005563240808703439,0.011035544760947601,0.4,0.6,0.2,81,11.492825541804534,724.740586589218
12,29,0.056129291166395166,0.10838448243008099,0.10525955673157894,0.10399740714138865,0.050268624351899376,0.10550392717351305,0.004940647678156409,0.0098009562766069,0.4,0.6,0.2,83,11.41336496672877,724.3424835578262
12,30,0.05612928991203354,0.10847448832968644,0.10565342967598654,0.1049438291448956,0.04712616936701622,0.10550392717351309,0.004940647678156409,0.0098009562766069,0.4,0.6,0.2,85,11.413364304349448,724.3424286294959
12,31,0.056219402595631365,0.10694474553764868,0.10350257181329311,0.10292187919333692,0.04996930299381233,0.1063856831068444,0.0049238785269356475,0.00992569488038666,0.4,0.6,0.2,87,11.152197630240911,573.3759697986205
12,32,0.05412014753279167,0.10331640362164556,0.10016285334203767,0.09908456245335126,0.051260252660260186,0.10313257344455165,0.004462849785572615,0.008865055449866011,0.4,0.6,0.2,88,11.129632025429068,708.7813444220346
12,33,0.05427183119378901,0.10191937688799703,0.09905437512017747,0.09883026974602216,0.0480382657905626,0.10316588674897076,0.004923041858210327,0.00972820129156575,0.4,0.6,0.2,91,10.925199244638463,743.7496486164522
12,34,0.05523486282925418,0.10198234743427519,0.09880595145683672,0.0992897375010917,0.05005827908618234,0.10727844324087692,0.004314777226714739,0.00890597054727793,0.4,0.6,0.2,92,11.075943841551798,583.6106686185819
12,35,0.05180275064541527,0.09557944688397357,0.09176957155517654,0.09390429835994499,0.04754981941782823,0.0988704438340796,0.0047475746512712046,0.00986353873379105,0.4,0.6,0.2,95,10.447526906217774,858.1241893350444
12,36,0.053145612763172284,0.09266882974723145,0.09033417256052215,0.09323671034428443,0.050582316487393246,0.10278386237398321,0.005438744339038225,0.01097696828171392,0.4,0.6,0.2,99,10.169277564067697,793.6844438081567
12,37,0.0518704192963145,0.08783146357060466,0.0848579524599755,0.0891185333686448,0.04819886501529965,0.10177722790693582,0.004874441499791102,0.01133083478496497,0.4,0.6,0.2,104,10.0447721658703,809.1653553384095
12,38,0.052155553957205926,0.08772762286541116,0.08475055575580631,0.08965052053690062,0.04691527086293278,0.10267712431647509,0.004870704903916222,0.01131230960959825,0.4,0.6,0.2,106,9.972770596477934,816.8996738337611
12,39,0.05052656357015863,0.08366136818420912,0.0803587719883594,0.08524327556987384,0.05299486783536689,0.09996456717513727,0.005030270317414764,0.01017809536200997,0.4,0.6,0.2,107,9.837178271243095,807.1508447026765
12,40,0.047896817045928235,0.0771878798175535,0.07475877243517388,0.08430145294550716,0.045439184016496596,0.0960309774125529,0.0038072600999587256,0.0121230148149234,0.4,0.6,0.2,113,9.27294828646023,765.7522694130863
12,41,0.04983744069728748,0.07438846135945616,0.07191585298511878,0.0812923516669052,0.06183448013289583,0.10193840210643941,0.004547407988705278,0.01179732837045351,0.4,0.6,0.2,114,9.43137755788727,762.1336531854422
12,42,0.049806715778393726,0.07434434030160234,0.07187163889447565,0.08157977970211405,0.04588012677690962,0.10187781956783692,0.004542629295649888,0.01179045202139227,0.4,0.6,0.2,115,9.417829357252396,760.5087308468208
12,43,0.05042180504369511,0.07411983627532358,0.07194238393013494,0.08025326702247797,0.047646678670476665,0.10244209101402195,0.005037735270287491,0.01302636964859874,0.4,0.6,0.2,118,9.507197685823742,768.022959445038
12,44,0.047564687045163,0.06853040317660221,0.06935759692631595,0.08672742423001292,0.04487582419461035,0.09948764842639071,0.004055698089670555,0.01058617126297696,0.4,0.6,0.2,141,8.767168258804192,759.021361497792
12,45,0.04658539672942056,0.06319018827538836,0.06337173774181874,0.08033569023217878,0.05103879746469423,0.09867262864687948,0.004113156172833473,0.01052156089552087,0.4,0.6,0.2,143,8.811377270870116,758.5235068698748
12,46,0.04742238528535909,0.06389471107928102,0.06407505747874502,0.08138573894164972,0.045342779059759225,0.10088730882407534,0.004080363170932608,0.01048140798284941,0.4,0.6,0.2,144,8.767119761111463,762.4159106145179
12,47,0.04734647029350093,0.06377875868703203,0.06486767060721418,0.08666865256498836,0.04504560049486272,0.10082195592128902,0.004079515986044411,0.01048228598827898,0.4,0.6,0.2,150,8.758658919541737,761.3536101815158
12,48,0.046918815894814565,0.06276842986279281,0.06385203227819736,0.08634798520978974,0.04648495928519296,0.10102445190332583,0.0037033528484445516,0.00953111847873986,0.4,0.6,0.2,151,8.675621397549227,763.162761605932
12,49,0.04703782000917124,0.06127143532976584,0.062946251050055,0.09098104020365598,0.04527414632484518,0.10123999787866889,0.003879966767698265,0.01058549302200845,0.4,0.6,0.2,169,8.829100263080559,758.6946158514833
12,50,0.04702017815979147,0.061030497286100265,0.06240031389533487,0.09153540733674398,0.04516656425211259,0.1010472543396002,0.003966150041885463,0.01072906034735966,0.4,0.6,0.2,171,8.73500913483735,758.7533647515792
12,51,0.046956283504985784,0.06095429346481702,0.06262699612267729,0.09243144983256874,0.045010231077606,0.10088037990559466,0.004034293405461803,0.01061931268215398,0.4,0.6,0.2,174,8.841173889913035,758.3109226939422
12,52,0.04711589614889169,0.06112757747172629,0.06310331282055508,0.09400107666957613,0.04532292839505169,0.10133747030084914,0.003967673166451566,0.01076306248652045,0.4,0.6,0.2,175,8.794110682881543,752.8677630850276
12,53,0.04652908064812965,0.060075958680146944,0.062350508033213625,0.09396833895293487,0.045493566385799336,0.10108955918753096,0.003599963828815492,0.00986342581710683,0.4,0.6,0.2,177,8.747652464133063,759.0663603656691
12,54,0.04627039149384459,0.05750420101219443,0.05975777564641226,0.0912351573593455,0.048523083946248435,0.10135136725408697,0.0035974220860834558,0.00985636848795081,0.4,0.6,0.2,179,8.702266532965547,757.7816473422212
12,55,0.046038262050821344,0.05689984545043748,0.05975591880591369,0.09328778030712111,0.044753364074448264,0.1009996114562582,0.0035953014015579483,0.00983284674659146,0.4,0.6,0.2,187,8.701825536757074,757.3289299403749
13,0,0.9344640512010458,0.8865030879758447,0.8856122485958754,0.8816296736518676,0.0,0.0,0.0,0.0,0.4,0.6,0.2,1,237.26197763590508,1348.4670617473562
13,1,0.9273836984913404,0.9128322841836853,0.911840132840338,0.9083742731344879,0.05798199604031536,0.09791817050707705,8.382638192859766e-05,0.00010663011095751,0.4,0.6,0.2,3,226.76430128041693,1371.2902907022026
13,2,0.868496382417761,0.9113065023088707,0.910118989291535,0.9059047686675064,0.1340652027733866,0.1536140419295709,0.0010774119230756644,0.00255771467798437,0.4,0.6,0.2,4,205.620396255518,1122.8382657203229
13,3,0.7717704135396473,1.0817565892648802,1.0784095721579428,1.065946611861634,1.3018084277600634,0.2831380232273469,0.32488420412981894,1.0,0.4,0.6,0.2,5,72.23787107470261,225.20814014378303
13,4,0.43441228649890795,0.7375076511924201,0.7333403179307085,0.7188437559244547,0.4205118285805156,0.16069015094202477,0.15175066034136525,0.5656440453385371,0.4,0.6,0.2,7,56.69840836017495,242.0062217725157
13,5,0.38523393013247176,0.6270134310270331,0.6220099391466137,0.6030183703512473,0.5109017988012566,0.2260689461322769,0.16460889664992115,0.5695369427986863,0.4,0.6,0.2,9,29.544000596080995,100.09155923429304
13,6,0.2908735647931673,0.4998011912432383,0.4943711201563681,0.47428766200960437,0.3085490529003728,0.22097184277491788,0.10980205745371675,0.3798634578344749,0.4,0.6,0.2,11,24.29606030458104,87.30201014424145
13,7,0.23819611740389918,0.41358977529461316,0.40777015636935654,0.38653626240075145,0.26496886604295233,0.21809004899029003,0.08238975185425616,0.28496211310261976,0.4,0.6,0.2,13,20.80172523259755,87.78315265025995
13,8,0.23439323662355127,0.38690745433540896,0.3811376399333317,0.35921746215015515,0.24799080059219983,0.2154991170247793,0.08752919165925284,0.3026935760585676,0.4,0.6,0.2,15,16.77803426039951,41.10120821931526
13,9,0.21963193077800502,0.3454409919984931,0.3390935219287226,0.3166554369590557,0.29040719140905613,0.21654847562485524,0.08216431489730791,0.2843070237816292,0.4,0.6,0.2,16,15.76093123239472,68.54852876210582
13,10,0.18844945981947242,0.28872580636924516,0.28242636167230384,0.25884730052566773,0.26145936962145266,0.2092689456148523,0.06570594717518817,0.22712942346504658,0.4,0.6,0.2,17,13.376630361288898,41.754858951296434
13,11,0.16500717905468987,0.24208293728063696,0.23555807123781164,0.2117308402034216,0.19193950380219738,0.20683106036227733,0.05258180159922593,0.1817547773067476,0.4,0.6,0.2,19,11.980132184349216,38.934207579069934
13,12,0.16524210145860246,0.24225076378255975,0.23572523234262505,0.2122805642156858,0.151135793236279,0.20750836306738404,0.052562907542288324,0.1817112970023865,0.4,0.6,0.2,20,11.965032200206254,38.69720310398263
13,13,0.16261236629407452,0.22498606138940067,0.2183211179199094,0.19443775955512635,0.20257628089859084,0.20626389450878543,0.05337107296929981,0.18428075338326813,0.4,0.6,0.2,21,11.422941477135469,43.43762904899381
13,14,0.16150406768326658,0.2219305311519435,0.2155501491424361,0.19250450127902724,0.1541559178969653,0.2043736718622055,0.05342431085050091,0.18440326806001583,0.4,0.6,0.2,23,11.407060925371985,44.41177080495332
13,15,0.1497719521093668,0.2053736245366544,0.19864479442190036,0.1755700222588833,0.15632755634813086,0.20622471889351549,0.04448823760584799,0.15360937113180675,0.4,0.6,0.2,24,10.962647018225775,46.21002408969216
13,16,0.14805621859765516,0.20238561451326031,0.19594778169103866,0.1726829144595382,0.1431232212590287,0.20912650090530263,0.0424572557333176,0.14665447071427834,0.4,0.6,0.2,25,10.57999290836164,37.937493202678354
13,17,0.1385948563616342,0.1879749235691068,0.18149073737213908,0.1587231324124283,0.13846835088975185,0.20742824720803205,0.03639672839091882,0.12572547568123685,0.4,0.6,0.2,27,10.38555266086275,34.929511971031395
13,18,0.14169400387306433,0.18959197853148543,0.18309393675070793,0.1614905973958692,0.13503156633757216,0.21199389671150826,0.037597131734043276,0.12990172019888735,0.4,0.6,0.2,30,10.098811387827578,43.47752049355304
13,19,0.13198539357063277,0.17817263964453003,0.17196152915141838,0.1500711581659186,0.13013955186653417,0.20711816009163214,0.03185533057752127,0.11003765283081526,0.4,0.6,0.2,31,10.077887793437927,37.52996293223001
13,20,0.13460503017294906,0.1799647491299308,0.17344302527807115,0.15273006025269398,0.12925057024571956,0.21062366787822978,0.03290101123365547,0.11368004914524413,0.4,0.6,0.2,32,10.010172401370935,40.91961721747442
13,21,0.6261811395207371,0.6673851259865369,0.6608247083807727,0.6425478863352264,0.6211145644961491,1.0,0.03179369550172978,1.0,0.4,0.6,0.2,39,9.58960513719556,28.57854687479868
13,22,0.6266849374045143,0.6672457725215345,0.6609823312368837,0.6426290416765883,0.6221394990147782,1.0,0.03285058672628304,1.0,0.4,0.6,0.2,40,9.633314442342437,34.96363583205812
13,23,0.6256738027557561,0.6641586254370087,0.657875922612957,0.6396646884545583,0.6261459726534835,1.0,0.03179369550172978,1.0,0.4,0.6,0.2,41,9.434985976833202,28.749412048923265
13,24,0.6291007209478615,0.6662772560713311,0.6596795074909896,0.642153475870217,0.62479438644674,1.0,0.0378708118830594,1.0,0.4,0.6,0.2,43,9.805728701910269,32.8241692558809
13,25,0.6263557711279297,0.662281405264893,0.6556721088710338,0.638886618928312,0.6223261677001375,1.0,0.03366878999485625,1.0,0.4,0.6,0.2,45,9.536864297316647,32.381248167824495
13,26,0.6255863156751154,0.6569718388141343,0.650017705322164,0.6335092912345891,0.6353028974764928,1.0,0.03369353174115,1.0,0.4,0.6,0.2,46,9.265439642129111,29.45565760407457
13,27,0.6255679573688038,0.6569151939356825,0.6502636387390281,0.6344360483808253,0.6203649550932249,1.0,0.03370020445468047,1.0,0.4,0.6,0.2,49,9.25966787305297,29.47531027772605
13,28,0.6250192318211318,0.6547645293460871,0.6484011110189707,0.6334586609179955,0.6257034852369778,1.0,0.033275785054686,1.0,0.4,0.6,0.2,50,9.120557041915609,29.038990595788235
13,29,0.6241373444602956,0.6497014799062173,0.6436026828193753,0.6300555881852521,0.6270096606650217,1.0,0.033019643925350554,1.0,0.4,0.6,0.2,52,8.889939277285483,27.89841760992141
13,30,0.6245958480621705,0.6495546672927195,0.6428443702134072,0.6298705500822896,0.6206282808898306,1.0,0.03390325284875448,1.0,0.4,0.6,0.2,57,9.158648170003833,30.15975163454302
13,31,0.624328968534605,0.6485060753592882,0.6430004536762745,0.6318765060088184,0.6212281314059132,1.0,0.03377816691808449,1.0,0.4,0.6,0.2,61,9.15085745340115,30.87457629452206
13,32,0.6242579792493672,0.6481001698472004,0.642894501672804,0.6319369335748576,0.6209807852326361,1.0,0.033778166918084475,1.0,0.4,0.6,0.2,63,9.12002399891968,30.756304712765427
13,33,0.13154210771895922,0.1554209847790162,0.15112445309105207,0.14689262692077365,0.12762140404378328,0.227170759229064,0.027967768683812278,0.09970517743399128,0.4,0.6,0.2,88,8.975317165000424,44.31307384230586
13,34,0.13242269060037515,0.15633089411876108,0.15294349790752002,0.149665249836548,0.12932003933902878,0.22963573141360394,0.027881752798977505,0.09963688369573523,0.4,0.6,0.2,89,9.016429127511778,46.19922912506704
13,35,0.13573703716426805,0.15928043974606212,0.15558679870998884,0.1582150683895366,0.13191701923015514,0.2282812630588992,0.030922118396046572,0.11002527185326043,0.4,0.6,0.2,109,9.114485917542394,39.69575534287461
13,36,0.13555712291157432,0.15842442785664035,0.15472457737995088,0.15700844522649565,0.13407558530879668,0.2282964600276156,0.030863823388376,0.1098318564187855,0.4,0.6,0.2,110,9.201181565887376,39.41764028093408
13,37,0.1347948666080149,0.15730431864791963,0.15360121811932773,0.1571877806175978,0.13230273482287178,0.2265077574777922,0.030874478621674393,0.10986253102262626,0.4,0.6,0.2,111,9.228386124967956,40.4662648411484
13,38,0.13507628063636204,0.15674238346917027,0.15303156730186798,0.15591498757915387,0.13435348074031683,0.22758471205210604,0.030867119979735038,0.1098344299021096,0.4,0.6,0.2,112,9.168560899720005,39.66776536157087
13,39,0.1336598131273273,0.15447873543360122,0.15076012508215647,0.15590637960367626,0.13095485656747663,0.22436630413572792,0.030873904334633526,0.10986539769335839,0.4,0.6,0.2,116,9.129484058837097,39.423793371964464
13,40,0.13349818202350547,0.15414351735493745,0.15042333161092097,0.15481597838729155,0.13069324954809047,0.22402506175141146,0.030877393742903842,0.10987169280476435,0.4,0.6,0.2,117,9.087695729797192,39.19972862147027
13,41,0.13263321136283895,0.15270716742494428,0.14898178049282387,0.15398987394142213,0.12997815778107466,0.2220434767906883,0.03090992695318751,0.10988019425845655,0.4,0.6,0.2,120,9.088500051895114,39.87109373169134
13,42,0.13364413750455553,0.15374456638142356,0.15123128364677763,0.16436094369263304,0.13045159287362607,0.23167526473221742,0.02892982649736453,0.1018845487433971,0.4,0.6,0.2,144,8.882054697144143,38.900881155484825
13,43,0.13344347154080552,0.15294658227143929,0.1507307468481922,0.16418363731774366,0.13261835178881856,0.23162069303228963,0.028840250069697846,0.10181868058295451,0.4,0.6,0.2,145,8.88859335365433,38.92463335530477
13,44,0.13367280488197048,0.15300192721130637,0.15078455611976244,0.1656354650332734,0.13086504372970004,0.23221892255558205,0.028867424836614624,0.10182866985972094,0.4,0.6,0.2,147,8.899042884728122,38.54988056268646
14,0,0.9043512879007126,0.8781205854039964,0.8771639823602614,0.8729299755120405,0.0,0.0,0.0,0.0,0.4,0.6,0.2,1,266.0299991795642,1351.245347321788
14,1,0.8753246133242341,0.8966924885975222,0.8955807703921207,0.8910616309652237,0.06683777850134334,0.09567956124888688,8.253067240509627e-05,0.00011338301732157,0.4,0.6,0.2,3,247.1497971789456,1280.5909223653562
14,2,0.8195402810688015,0.8788351134330816,0.8775865438201568,0.8731390058007442,0.0881347209662935,0.09102505745625791,0.0012955361607927777,0.0036229123043806702,0.4,0.6,0.2,4,233.4330195440492,1696.3129331458526
14,3,0.7532567780457629,1.0628688522816625,1.059552611532826,1.0472074655080534,1.2456562732861884,0.24818527335957694,0.3101904236294503,1.0,0.4,0.6,0.2,5,72.12058849868751,221.43314226191328
14,4,0.7474228468274413,1.0574769363584235,1.0541183532315477,1.041610177631799,0.5003153052609601,0.24818527335957694,0.3101904236294503,1.0,0.4,0.6,0.2,6,70.70415491260721,228.53805133315896
14,5,0.4430782227714959,0.7493190304308981,0.7452477132998833,0.7311187042566115,0.5342013399428528,0.1336798875719569,0.14593636667677373,0.6350473549556008,0.4,0.6,0.2,7,52.9196443826323,240.07270558822387
14,6,0.44147336733837605,0.7470453267092244,0.7429560930193456,0.7285766781534124,0.2739384293651294,0.1336798875719569,0.14593636667677373,0.6350473549556008,0.4,0.6,0.2,8,52.528180868752926,240.7987588499232
14,7,0.3375585669766777,0.6310805223500934,0.6266437747378882,0.6118391164471343,0.3255267828908436,0.13309709998548364,0.09735135001986112,0.42355056065826824,0.4,0.6,0.2,9,45.13941683627107,220.40618904730863
14,8,0.7560818830560259,1.0101706291056567,1.0050408994295774,0.9871222779058584,0.9138240535726061,1.0,0.10623895183371583,1.0,0.4,0.6,0.2,10,31.21353001013708,81.86921227274811
14,9,0.7173917139718122,0.9305659547018617,0.9251888165420925,0.9055202413312311,0.7548218656529,1.0,0.09044031940164335,1.0,0.4,0.6,0.2,12,23.24781042623884,69.22341359344078
14,10,0.27355402732425077,0.4540126930638377,0.44855059593309293,0.42780390442634614,0.2994402405218334,0.20066277733191665,0.1043377295681607,0.42143328284795045,0.4,0.6,0.2,14,20.08034907369664,71.74212460743676
14,11,0.6790537046891798,0.8581676664114684,0.852389704755524,0.8323571855206607,0.6355798355115108,1.0,0.06868193497519261,0.9586139244874191,0.4,0.6,0.2,15,19.61006062059864,52.415684582448506
14,12,0.24244912024906481,0.3806871931224042,0.37507431381443423,0.3530269931539849,0.3742276481455171,0.20331887860523387,0.09169391185385538,0.3766208450875115,0.4,0.6,0.2,16,15.992996992188717,47.58760846967368
14,13,0.1953896976039093,0.294320545447071,0.2883109106672105,0.26561566743819365,0.24864282687147168,0.1899550492781356,0.07038174729859281,0.2881367299441577,0.4,0.6,0.2,18,13.722755935416654,52.90206492069535
14,14,0.17303738614742123,0.2679988088540569,0.26195019227860006,0.23951196777263775,0.16162845755955146,0.18643793449385704,0.05632502058388456,0.23053945380665836,0.4,0.6,0.2,20,13.177837118030416,58.19330333245588
14,15,0.19265749784548472,0.28583767830681517,0.2797714982819697,0.2575807476842208,0.1779217186648369,0.1902524644636487,0.06936336940738372,0.2841969233998152,0.4,0.6,0.2,22,12.872309915064212,46.14634544948811
14,16,0.19095486871645737,0.27701026623524655,0.27087475971161146,0.24884572934530935,0.20009290688942577,0.1946469204641137,0.0680141850818943,0.27949303037904294,0.4,0.6,0.2,23,12.492722693985309,34.092979147946345
14,17,0.16750696746081126,0.23320451473647466,0.2268739744114087,0.203911829396089,0.2269640856876093,0.1957381768473721,0.054348751432470345,0.22350949506483864,0.4,0.6,0.2,24,11.547983795157622,35.19556100986892
14,18,0.15393320440914435,0.2137279963460073,0.2073414847520642,0.18572597015121164,0.15016729968059603,0.19548776612459068,0.04577513951687295,0.18799713719204506,0.4,0.6,0.2,27,11.135570230466527,37.524702181872925
14,19,0.14411519134831002,0.1966449029990142,0.19019021034359135,0.16934823391397852,0.13982588228696058,0.1934691085599236,0.04052640195792839,0.16581589788332396,0.4,0.6,0.2,32,10.496541530634326,41.06708400688989
14,20,0.13536796623330227,0.18228296877584635,0.17577576872085093,0.1554607221849251,0.13684051116353993,0.1922426503426124,0.03546398224564781,0.14510504076063943,0.4,0.6,0.2,34,10.25212727382436,37.84355705985229
14,21,0.13529562586926833,0.1819169682231539,0.17570991156800908,0.15599487698650952,0.12785301910703312,0.1922426503426124,0.03546398224564781,0.14510504076063943,0.4,0.6,0.2,36,10.226267317790937,37.96834657064813
14,22,0.3453165232849339,0.38867069165587453,0.3818273211719644,0.3625207694124094,0.3484583855991751,0.29888753708403476,0.030408233434478293,1.0,0.4,0.6,0.2,37,9.929082396799304,29.65672961342746
14,23,0.14240045254768707,0.18368501673189983,0.17712535474008886,0.15788777556036834,0.14256330671951134,0.1971710372870032,0.03977191912374181,0.16272960955944163,0.4,0.6,0.2,38,9.838299633092802,35.494119392661496
14,24,0.13547957717432088,0.1758542524338767,0.1689832462107944,0.1501562661280335,0.13132344540468602,0.19344733146154286,0.03609966816449652,0.14734493899513781,0.4,0.6,0.2,39,9.72315249241364,39.99626213438205
14,25,0.1342701964624286,0.17160184572230128,0.16500555757625793,0.14638483508479938,0.1385002365055784,0.1962575864075773,0.0348016163176523,0.14240080023611804,0.4,0.6,0.2,40,9.7113702294709,35.538897378389045
14,26,0.14211030828362223,0.17909453015626328,0.1724950045328474,0.15391474101252012,0.13694592722521856,0.19850798505403863,0.039735070772948126,0.16261148703061884,0.4,0.6,0.2,41,9.708696911831872,36.79005118972823
14,27,0.13247560726375987,0.16719071721632922,0.1605702168740645,0.14240702509577272,0.13424227509744904,0.1929849118227544,0.034779583350923425,0.1423727529751135,0.4,0.6,0.2,42,9.640198709148654,35.78374650877803
14,28,0.34184409197943866,0.37204599610181316,0.36538385448279076,0.3477667231732806,0.3443379635462253,0.3009799172080145,0.02717178249257373,1.0,0.4,0.6,0.2,44,9.369486867614803,29.397142343530653
14,29,0.34028512563373653,0.37001129142804356,0.3633447903250203,0.34599528798580836,0.336826382048398,0.29731541470869016,0.02715355346991528,1.0,0.4,0.6,0.2,45,9.355251015483894,30.033472326565487
14,30,0.1327465232097569,0.1625286607551568,0.15616561002487325,0.13988598478796424,0.1277239695204419,0.1931484836132261,0.03548250515467767,0.14568334907115651,0.4,0.6,0.2,48,9.331262266796475,38.408068149653815
14,31,0.13260167088642327,0.16209730880811554,0.15573161428818555,0.13944193880000127,0.12855879715244684,0.19286351843306693,0.03548606688076753,0.14576553446083118,0.4,0.6,0.2,49,9.310113173012407,38.24872570402109
14,32,0.1400530441921814,0.16932694996965708,0.1629592332062208,0.14694157761865195,0.13545408243802792,0.216989834810475,0.03418680212491938,0.13885844985320728,0.4,0.6,0.2,51,9.248516172227207,27.82428494848637
14,33,0.13260591029710603,0.16168919925492592,0.15562274959761402,0.1400408906830971,0.12862927858093975,0.19322792758181878,0.035468314026925636,0.14554348692111665,0.4,0.6,0.2,52,9.287322663826934,37.337541106062986
14,34,0.1333259884827232,0.1622258397886411,0.15585468198450278,0.14174855296909925,0.12857782114444447,0.2139458009877337,0.03029623264647423,0.12330612934989664,0.4,0.6,0.2,54,9.27004041750899,27.718414765206603
14,35,0.13510127850216558,0.1619818811510222,0.1555921344482711,0.14199235861588233,0.13734576988753291,0.21888541388801505,0.030469773598398253,0.1235067935395893,0.4,0.6,0.2,55,9.19066101105626,27.3310603479918
14,36,0.13960300890776794,0.1665639235018068,0.16047795272389567,0.14735018156038412,0.13505165271129493,0.21688954475958666,0.03416900829475727,0.13891770313245,0.4,0.6,0.2,58,9.207296170494308,27.52013191871372
14,37,0.1443104804222704,0.16940105352863327,0.16299491637117847,0.15018841995296425,0.14604915747718003,0.228746599374026,0.03473706383108698,0.13854335751441688,0.4,0.6,0.2,59,9.000996575880059,29.525623402970407
14,38,0.1305962426209317,0.15302635684923238,0.14720178713752569,0.13466284582597476,0.13636671843568304,0.21046020319027753,0.03059853565785256,0.12133588995297809,0.4,0.6,0.2,60,8.932931393350895,29.48305456240812
14,39,0.1354938045652527,0.15634126445858892,0.15050223541572283,0.13849380250208465,0.13462818541876614,0.22741009873612344,0.029727563070763602,0.11584564352344137,0.4,0.6,0.2,62,8.817187056105823,23.58713554767629
14,40,0.13731156647919857,0.15799766186132447,0.1524600622584404,0.13889389173566208,0.13467163373065116,0.21529600275384012,0.03432369082627411,0.1355808845695789,0.4,0.6,0.2,63,8.800450128776363,24.9684985400084
14,41,0.13871968188050535,0.15898739113376528,0.15344597816457384,0.14073381691809458,0.13600754548108285,0.21983515330604364,0.034187756716011576,0.1342946410234633,0.4,0.6,0.2,65,8.775413843974256,24.045703290768937
14,42,0.13908776617813728,0.1592746925838062,0.15403558474449325,0.14150106464997836,0.13627515066773527,0.22122139118053288,0.03412401022275835,0.13369399063585302,0.4,0.6,0.2,66,8.763589750941783,23.85923508889557
14,43,0.13908232764819947,0.15932602407329222,0.15439036067378892,0.14234151501026193,0.1357388319661697,0.22122139118041897,0.034124010222731635,0.1336939906354975,0.4,0.6,0.2,69,8.762934628914856,23.867130989612264
14,44,0.13257514770452752,0.15096651160927121,0.14571101522808186,0.140576705046055,0.12987616819200498,0.21670724163820682,0.030681101595377878,0.12195351987218032,0.4,0.6,0.2,84,8.834906128666686,24.938518513743432
14,45,0.12288564408062927,0.14112623437761512,0.13617229797960542,0.13846839630401245,0.11987269042491339,0.20305300424193784,0.026734550888472264,0.1128508600453509,0.4,0.6,0.2,104,8.958813851356986,34.44202956202629
14,46,0.6154457373033743,0.6319756840999444,0.6288239454115321,0.6327030484508607,0.6146372014538743,1.0,0.021258529352083867,1.0,0.4,0.6,0.2,108,8.97460796957735,25.93602006762164
14,47,0.12327400759693186,0.13980602529702027,0.13695724286142025,0.14076326785129925,0.1208918043447958,0.21519708618748265,0.02488923528724589,0.09792562482956649,0.4,0.6,0.2,109,8.959881347935296,25.90175357204759
14,48,0.12328316653373295,0.13978867192207622,0.13693967496040424,0.14106848727146395,0.12069962626173288,0.21525203707280852,0.024880678155832014,0.09790844625451972,0.4,0.6,0.2,110,8.97060706733495,25.87829418694972
14,49,0.12324576567406413,0.13962019058758357,0.13646702495517862,0.14093825080759276,0.12071679573396765,0.21465619887408877,0.02509291625080469,0.0983092303995688,0.4,0.6,0.2,111,8.980217929175646,26.106955034164773
14,50,0.12308205038741482,0.138090017891831,0.1346213876172072,0.1401395009670628,0.12488763684887753,0.2136235531162523,0.02505591479766407,0.10068688646899929,0.4,0.6,0.2,112,8.799860835951758,28.90362490427667
14,51,0.12425922046394013,0.13934113190230735,0.1364791990042821,0.14258396177115296,0.12188532697691257,0.2168309982931273,0.025026293836841518,0.10033120527644664,0.4,0.6,0.2,117,8.793287536027186,28.81604473033173
14,52,0.12390330232965116,0.13788320776636998,0.13592013670582123,0.14717531077747653,0.12223100023503375,0.2156928370231433,0.02550461609627159,0.10048132208048954,0.4,0.6,0.2,125,8.823239980710996,28.83831689834913
14,53,0.12520879411002014,0.13759311068414715,0.13531252206351338,0.14757874530635548,0.12425269200663724,0.21956288427264664,0.025463167650224675,0.10057872526570306,0.4,0.6,0.2,130,8.763745711576458,28.685057389756487
14,54,0.12422183710393642,0.136594599897051,0.13552582390758483,0.1554462566711396,0.12237207358053137,0.21697363457801905,0.025538507649205004,0.1008875993762803,0.4,0.6,0.2,145,8.76944092159502,28.74698611367296
14,55,0.1231800743965481,0.1350824410924153,0.13249452768505354,0.14929174716226065,0.1213624984824433,0.2152892833317646,0.025656698764439708,0.09870886314772952,0.4,0.6,0.2,147,8.902620734908535,28.650915843327475
14,56,0.12517423461855007,0.13748841551848945,0.13641914661325327,0.15489463546621426,0.12330413809779206,0.21955703365539825,0.025517985663515225,0.10059028585509885,0.4,0.6,0.2,150,8.762539974176018,28.705286438239902
14,57,0.12418687495771012,0.13633477094360472,0.13556690392097537,0.15712140480375533,0.12294792379591422,0.2172091058261157,0.025529863668820645,0.10051418819887876,0.4,0.6,0.2,151,8.744804140012524,28.65493074532176
14,58,0.12401538568001332,0.1355836396810344,0.133295627590076,0.15211840144393118,0.12272669029323156,0.21690050143440773,0.02578557025832163,0.09960808508456905,0.4,0.6,0.2,152,8.899038505234309,28.862495639747834
15,0,0.9313263095760255,0.8856420549753222,0.884744494430467,0.8807360710386398,0.0,0.0,0.0,0.0,0.4,0.6,0.2,1,240.477374853456,1356.504837733076
15,1,0.904098094300781,0.9084522654540111,0.9073978322215848,0.9030979588513848,0.07159332390283724,0.10680202889779826,8.317712968985863e-05,0.00011807519264210001,0.4,0.6,0.2,3,222.8901041088253,1268.818332168701
15,2,0.8682097489214194,0.9124147712328998,0.9112221860654607,0.9069886384082735,0.1150850721652303,0.15771736635128147,0.0010673461601785224,0.0031492840857009997,0.4,0.6,0.2,4,207.9221786884337,1138.9389458104756
15,3,0.7715195449547823,1.0818132233848325,1.0784308207010374,1.065830652386097,1.3170319969530782,0.2984663096996361,0.32229187101441464,1.0,0.4,0.6,0.2,5,69.45914014163984,234.5411107678852
15,4,0.47491111254260965,0.7816924228603515,0.7776575471287391,0.7636666624856273,0.4171556355408914,0.15101818452343282,0.15273925050632867,0.7186006936949105,0.4,0.6,0.2,7,45.33756724138282,241.4961185963626
15,5,0.4380675935373875,0.6940626908436991,0.6892672050073146,0.6709469144370435,0.5374156841097564,0.24740398817844333,0.16232369324380855,0.7364693604296652,0.4,0.6,0.2,9,29.30442353864836,116.60851599061982
15,6,0.28283099652753907,0.42770981371578515,0.42156045632875716,0.39859864901772646,0.4983864341044364,0.21485604393209426,0.10895227084215958,0.4923957844931085,0.4,0.6,0.2,11,13.69687579500276,63.91168406005245
15,7,0.262372081310695,0.39789535835842854,0.3919513971718314,0.36899304126884364,0.25051641886116915,0.2143699910407181,0.09720080806083073,0.44181052812849864,0.4,0.6,0.2,13,13.55445368567934,44.79051487927503
15,8,0.2204161206347739,0.3416602954889711,0.335570294140721,0.3130227119432968,0.22163546577218785,0.2118951166935364,0.07293701022217154,0.33143182072084254,0.4,0.6,0.2,15,12.339823818735894,44.597648483907015
15,9,0.21716505391336255,0.3188151823071322,0.312529435394467,0.28907916750321805,0.23281826396227262,0.21756746574703198,0.07275299798378428,0.3311029675905161,0.4,0.6,0.2,17,11.237554880202596,44.38645118519951
15,10,0.20053419914242826,0.2943633498962193,0.28769792120201787,0.26566587356203675,0.1914941017214024,0.23289924151062347,0.05855630908125226,0.2695787445653966,0.4,0.6,0.2,20,11.099780725740963,45.47230849551093
15,11,0.19273992756425215,0.2732737079011979,0.2667819972006611,0.24409316600515454,0.22561207469509745,0.22672294356985315,0.057038149587804884,0.2634329999469417,0.4,0.6,0.2,21,10.328775501625644,34.54496765418994
15,12,0.19290174969118234,0.26461831928267143,0.25773929664995915,0.23535541887032188,0.21009485639410974,0.22637811979787242,0.05863537509291515,0.2697200455226897,0.4,0.6,0.2,22,9.79813472628077,39.40180812754218
15,13,0.17784633408099132,0.24429445930469573,0.23736529467235962,0.21546343970978382,0.17496037162530365,0.22864097599327865,0.048876461873444244,0.22481573327250146,0.4,0.6,0.2,24,9.500488276815744,39.93181096303317
15,14,0.1761909361008,0.24243354629894046,0.23580532322062847,0.21488508469798384,0.1646662683230885,0.224676652300224,0.048869422820588766,0.22479827630646412,0.4,0.6,0.2,26,9.544077316220417,35.73642092759484
15,15,0.16834331549880724,0.23438075070536582,0.22775055959517995,0.20727484237758584,0.15658638921852192,0.22946701269961284,0.04251685033927614,0.19525283144071104,0.4,0.6,0.2,29,9.660984000097043,50.72209510532362
15,16,0.1596208861542257,0.22330141076279342,0.21664888466933752,0.19733313416884504,0.15632042504359075,0.22905008166213844,0.03720604247193258,0.1708607530269839,0.4,0.6,0.2,30,9.41680070632573,44.44142754695738
15,17,0.15855262648849375,0.21931135036609456,0.2123282899103109,0.19309429602978642,0.15746560957264863,0.22784299036070305,0.037203458513795355,0.17084881687123327,0.4,0.6,0.2,31,9.245028407352835,39.17223808175748
15,18,0.15723036077447478,0.2153638673109808,0.2083560206828679,0.189286339110995,0.15593462672511246,0.22587621327324311,0.03720019047173956,0.17083655606292242,0.4,0.6,0.2,32,9.285749306235754,38.70050194442962
15,19,0.15717143498019628,0.21530301818735728,0.2085980870780725,0.1898758120747115,0.14695663501344733,0.225774845432265,0.037200408296040176,0.17083635246200585,0.4,0.6,0.2,34,9.279285857827754,38.63241310612149
15,20,0.155435342163322,0.21358740978949958,0.20718555864017651,0.18930806167917513,0.14511759307446398,0.22648715030018493,0.03610292671065763,0.16409626072167177,0.4,0.6,0.2,40,8.909515134918085,49.67656737391535
15,21,0.15514612879687253,0.21217516537522477,0.20606566615096442,0.18851622143606708,0.14712228663895907,0.22636759694451639,0.03610384193051468,0.1640974330647192,0.4,0.6,0.2,42,8.859639748325922,49.58111782933551
15,22,0.1497579338660125,0.20496815518340514,0.19884153000973606,0.18335976025491998,0.1415718763730226,0.22748449718812463,0.03254486922905556,0.14740377266426613,0.4,0.6,0.2,46,8.773490441022386,51.64463971606492
15,23,0.14993675856382258,0.20495878606279952,0.19883038354501673,0.1839193646640826,0.14086754985300362,0.2280347992320561,0.03253897059392715,0.14740085055155522,0.4,0.6,0.2,47,8.783492699428434,51.7760564871545
15,24,0.1496053149383826,0.20437342501557934,0.1985456326546478,0.18315561386557735,0.14114047320988019,0.22736296242304213,0.032545978593001616,0.14740519880616082,0.4,0.6,0.2,48,8.757831396248239,51.7073510054738
15,25,0.14969427495574983,0.20412382953506042,0.19829290076975167,0.18376929789959656,0.14127643368704976,0.227759294191418,0.03254171599029646,0.14740291789798424,0.4,0.6,0.2,49,8.753485091299575,51.73106586349115
15,26,0.14848915334916368,0.1938855933501004,0.18736422301534658,0.17199120855820985,0.1710169530784029,0.22891509469458823,0.03249999401763676,0.14768648522332445,0.4,0.6,0.2,50,8.503507738268482,48.250246312512566
15,27,0.16973442076330375,0.21508385929444118,0.20886487878110974,0.19447517534893297,0.1621900985133186,0.2684734566382278,0.03648311073706353,0.16301518531273945,0.4,0.6,0.2,52,9.206769409675692,47.97077204701927
15,28,0.16858843692643022,0.20780530572481976,0.2018324363996209,0.18817259584655815,0.17242078854905268,0.26939738743198377,0.03614976332409951,0.16212942246738976,0.4,0.6,0.2,54,9.005631821117438,47.865252353622175
15,29,0.16159109606532596,0.1955351224032006,0.18921041442462178,0.1761127284874957,0.1616764341572895,0.26688229568985306,0.032844094919399616,0.14672499208973544,0.4,0.6,0.2,57,8.785640228827456,42.25780370622251
15,30,0.09694519925337161,0.13139321610727736,0.12689090864959818,0.12851081167962985,0.0911673168513861,0.1860484396775628,0.01254660604137767,0.04608553464393924,0.4,0.6,0.2,97,8.58311612814803,70.57134417356288
15,31,0.1042658778461509,0.135751727282004,0.13031325517172485,0.13185355542450147,0.10351543386983647,0.20024689674998167,0.014299786520507058,0.051389557113995586,0.4,0.6,0.2,99,8.57273937007355,72.45086236426664
15,32,0.10035365762121448,0.12688233033930302,0.12109530019531556,0.12316287272446712,0.1123196750055815,0.1972639711109628,0.012872149279771043,0.046256710553060895,0.4,0.6,0.2,100,8.379984510461682,72.34022068498705
15,33,0.10026982513091619,0.12639265957103937,0.12090484965483105,0.12357169163083612,0.09671451105214272,0.1972639711109628,0.01287214927977103,0.04625671055306091,0.4,0.6,0.2,102,8.361873064949897,72.33828607829878
15,34,0.10006065073785059,0.12587437671692875,0.12068678049261512,0.12395556343927054,0.09641086959881008,0.1969087824025037,0.012872912765819146,0.04625612383654405,0.4,0.6,0.2,104,8.318183299454988,72.38640139344885
15,35,0.100061230034348,0.12550358743063145,0.1191006420933437,0.11185445801429696,0.09577938663082579,0.19691505921791538,0.012872900861824433,0.04625613925000902,0.4,0.6,0.2,105,8.318631536373678,72.38450914469514
15,36,0.1000484942861391,0.12588017787842676,0.12099565598218397,0.1258211161616628,0.09594270330919498,0.1969087824025037,0.012872912765819146,0.04625612383654405,0.4,0.6,0.2,106,8.316064316803761,72.40135941355973
15,37,0.09905449382008796,0.12373440844538337,0.11914229419103259,0.12359591788938222,0.09704401364234794,0.19492064531793082,0.012882003452934632,0.0462794590813353,0.4,0.6,0.2,108,8.360949472411015,73.6292745539205
15,38,0.10079472580412523,0.12352680217657731,0.12255244067860942,0.14202056442759428,0.09750612083187539,0.20085967790845416,0.012797941800643382,0.04587445651505812,0.4,0.6,0.2,141,8.184400153417913,31.58114376683716
15,39,0.09427884046672326,0.11699902684645959,0.11784223369545938,0.15839068389594693,0.09081803492932322,0.1899576201401873,0.01116157086718467,0.04046388102529328,0.4,0.6,0.2,182,8.096094590210924,29.93176190813592
15,40,0.0946398847686646,0.11739060409620838,0.11853712875533218,0.1598432930949408,0.09124635181290788,0.19088599577500984,0.011161336425420252,0.04046332003960701,0.4,0.6,0.2,184,8.102322852008593,29.10376280613026
15,41,0.09475505124552044,0.11667016391972122,0.11811199838742446,0.16051159933958237,0.09295656632800632,0.19155209887344754,0.011161353262599382,0.040463365577518166,0.4,0.6,0.2,186,8.069995167492142,28.80840311114264
16,0,0.9511367156073486,0.8910329161419253,0.8901775734714328,0.8863309298174867,0.0,0.0,0.0,0.0,0.4,0.6,0.2,1,221.81111616956608,1332.7729270525765
16,1,0.9183796183550328,0.9097512299236992,0.9087391165417487,0.9046009168793587,0.0675009796412177,0.09657690664629612,8.406781176457622e-05,0.00010440623712032999,0.4,0.6,0.2,3,205.27273469469017,1245.544411013793
16,2,0.6641666947733135,0.8829657004809804,0.8809080183606477,0.8729853816222071,0.52915154716769,0.09885320144381961,0.08061290887711842,0.286124372542057,0.4,0.6,0.2,4,111.6006224636718,761.5018153814104
16,3,0.5613083450253615,0.8226054052451862,0.8201814430938024,0.8113934967666332,0.26591543602313805,0.09888208862798652,0.07322106553870984,0.23976600435143197,0.4,0.6,0.2,5,98.26223481649882,585.2111897725621
16,4,0.5465983481710991,0.8198474877571804,0.8173078730951874,0.8080835325815414,0.18871340876933423,0.0989099443651652,0.08309051387096926,0.26994404223566015,0.4,0.6,0.2,6,99.70705764795562,444.67525267414806
16,5,0.4736390507725064,0.7520086126145514,0.7493834206987686,0.7404103120234733,0.11503720732463499,0.09950455608269523,0.03734346404381717,0.1213272368670026,0.4,0.6,0.2,7,87.71421523433945,549.6612287116351
16,6,0.45018004690390345,0.7396394027786489,0.7368754926909123,0.7276840007558296,0.14591285628889042,0.09785847823809955,0.04222394203101005,0.13654776339178182,0.4,0.6,0.2,8,88.59748408404701,411.0904732741445
16,7,0.41180153715058787,0.7108236558265779,0.7081517547653259,0.6980674312299116,0.1643926297019096,0.10320079040919136,0.039352781527645424,0.12477563915363817,0.4,0.6,0.2,9,71.97663731762206,507.0102289208325
16,8,0.33943508751574736,0.6519321671028369,0.6487739162796764,0.6371603680375104,0.275120393447302,0.0981186487289072,0.043178079403928996,0.13886156326091165,0.4,0.6,0.2,10,60.54364005404548,327.8993254202289
16,9,0.25415883423041635,0.5556241247534857,0.5517351241005635,0.5377531597402353,0.35445239910685167,0.10270576241909188,0.03970448519039684,0.12406541086859665,0.4,0.6,0.2,11,43.08533813816479,330.2661749018261
16,10,0.21428640937974375,0.5067680012481887,0.5026337299551863,0.487502922353358,0.16312489906205635,0.10639384705377793,0.022903659736471467,0.0790425323229026,0.4,0.6,0.2,12,39.677077897869445,150.166729786539
16,11,0.1945028024723605,0.4747211650129557,0.47032851143860455,0.4549987532150155,0.12069014279260545,0.09362247858047709,0.028986098766951025,0.090724034001952,0.4,0.6,0.2,14,34.94573032306433,196.84772189814467
16,12,0.7221328161163953,0.9911932697381476,0.987211118202509,0.9724227045654588,0.6321689278351953,1.0,0.02401510165327497,1.0,0.4,0.6,0.2,18,29.28670353535539,821.484682896886
16,13,0.7117504324581523,0.9720394910741519,0.9679151563996884,0.9530759948485197,0.639405794203344,1.0,0.02226345078610148,1.0,0.4,0.6,0.2,20,28.17157217486304,976.6049437602376
16,14,0.6570256774998202,0.8543136695561451,0.8499547090106514,0.8306199923647528,0.7577445351066923,1.0,0.004580684513864957,1.0,0.4,0.6,0.2,22,17.19196390467967,1651.9242169590325
16,15,0.6380102288846414,0.7895586840967408,0.784691193187578,0.7643174272940485,0.7888176898480779,1.0,0.00465282668428078,1.0,0.4,0.6,0.2,23,13.58884013582026,1495.8689985286053
16,16,0.6315799200536503,0.7658805244507516,0.7608325507933582,0.7407030270044539,0.6352457907233813,1.0,0.0035114657397735693,1.0,0.4,0.6,0.2,25,12.470267063902998,1496.5168659767726
16,17,0.6291224258216701,0.7571606127023052,0.7520471503528201,0.732629412255611,0.6144740287239636,1.0,0.00288290183440506,1.0,0.4,0.6,0.2,27,12.005738161892609,1491.952677243563
16,18,0.6255523905315221,0.7408504067570885,0.735912020752862,0.7167621790622911,0.6246340027776685,1.0,0.0028813292266399006,1.0,0.4,0.6,0.2,29,11.29327694901711,1494.7053649397842
16,19,0.625256592117476,0.7395482834763827,0.7345998032568881,0.7162366632724146,0.6035690257371655,1.0,0.0028549166214698225,1.0,0.4,0.6,0.2,31,11.628310101366209,1371.3244839867616
16,20,0.6242402473363519,0.7358037748033623,0.7308280030108474,0.7127155778481158,0.6114588926565355,1.0,0.002408491608157991,1.0,0.4,0.6,0.2,32,11.060472831321295,1494.4701657560963
16,21,0.6235135317784237,0.7325632319292505,0.7278652438118862,0.7095443413848748,0.610954383146137,1.0,0.0023697058662437167,1.0,0.4,0.6,0.2,33,10.91687927081552,1495.662685162776
16,22,0.6234190753476693,0.7284116815595609,0.7230676543057446,0.7054116098691667,0.6164998538391302,1.0,0.00392527832638807,1.0,0.4,0.6,0.2,34,11.559680025031698,1335.1736587806586
16,23,0.6222676127631748,0.7270043679051141,0.7219606618633392,0.7058646583308272,0.6019454476167727,1.0,0.002161629646504081,1.0,0.4,0.6,0.2,36,11.224143309986008,1221.2590033158906
16,24,0.6221832644549463,0.7265760920079436,0.7215290006422959,0.705419998819999,0.6025587401550312,1.0,0.0021713702380546864,1.0,0.4,0.6,0.2,37,11.20413690859417,1221.1578179498283
16,25,0.6206263112138111,0.7202216614000863,0.7151265899780244,0.6999031453175274,0.6195748401618614,1.0,0.0017641813849086768,1.0,0.4,0.6,0.2,38,11.427286819336448,1311.3600785168903
16,26,0.6207174658802118,0.7187093569719456,0.7135992112075928,0.6978784258420696,0.6060685501103114,1.0,0.0024511596359589037,1.0,0.4,0.6,0.2,39,10.781505506576671,1238.3574343692983
16,27,0.6169762513046322,0.7011378134424857,0.6958929235945565,0.6809597496991883,0.625801722170958,1.0,0.0017745020472223834,1.0,0.4,0.6,0.2,41,10.592538427366264,1313.4472793908274
16,28,0.6168028576090925,0.7001027630423777,0.6948495563232944,0.680462174262481,0.6026203924113572,1.0,0.0018176003521172509,1.0,0.4,0.6,0.2,43,10.468888381648034,1327.6982803874623
16,29,0.6165626598074093,0.6989539489310629,0.6936919753729062,0.6797881475518177,0.6042784912018981,1.0,0.0017652880990208532,1.0,0.4,0.6,0.2,44,10.591997676437456,1313.5044173508134
16,30,0.6164775884858443,0.6985435926262525,0.6935813800827169,0.6807329202660672,0.6025404223537272,1.0,0.0017820416173918358,1.0,0.4,0.6,0.2,45,10.510573912592792,1301.2603582364118
16,31,0.615438633464551,0.6900229603290027,0.6858976058225228,0.6713340467042728,0.6108792930827353,1.0,0.0029421997462071247,1.0,0.4,0.6,0.2,48,10.76256143367375,788.1685077588636
16,32,0.6171352288942447,0.6848387850061655,0.680344948238822,0.6667127166335949,0.6128585835434985,1.0,0.008204918449771635,1.0,0.4,0.6,0.2,51,10.517197271320338,857.5393233951719
16,33,0.612205432215764,0.6727596856584803,0.6685010765652943,0.655141676678245,0.6266383325167448,1.0,0.0024800363935676617,1.0,0.4,0.6,0.2,52,10.183490923677551,781.3886092003972
16,34,0.6130912057661886,0.6728801739962982,0.6686143064759996,0.6548921714725653,0.6051841966328981,1.0,0.004214642231449489,1.0,0.4,0.6,0.2,53,9.93675202212454,794.593151657564
16,35,0.6101369615530444,0.6614072694809064,0.6567584394528092,0.6434240759006451,0.6303184101193786,1.0,0.002061825075423196,1.0,0.4,0.6,0.2,54,9.909634148377902,734.2159490618351
16,36,0.6098396111197393,0.6597891511148574,0.6554309016006394,0.643099088414853,0.6024226456773054,1.0,0.0020179670595059456,1.0,0.4,0.6,0.2,58,9.81174569168532,752.5067712614506
16,37,0.6097165523697148,0.6589058844198765,0.6545405348801585,0.6424822396553016,0.6038430014351852,1.0,0.0020548903605727134,1.0,0.4,0.6,0.2,59,9.82902285660322,734.4154068861577
16,38,0.6093491079525768,0.6572416083359534,0.6531670341245686,0.6417777767819408,0.6059127375407836,1.0,0.001883855380678047,1.0,0.4,0.6,0.2,60,9.764702213269326,761.1746132483966
16,39,0.6085696869264619,0.6520964293284041,0.6476782508571162,0.6363203893913989,0.6157520183221111,1.0,0.0019155176785110354,1.0,0.4,0.6,0.2,61,9.661697206389793,775.5474572580671
16,40,0.6077408597187959,0.648352417422144,0.6445131112112708,0.6364014181237694,0.6022079331436638,1.0,0.001480468176159513,1.0,0.4,0.6,0.2,69,9.564098915523328,790.9171292397214
16,41,0.6075509413602083,0.6477565977936457,0.6466400457584762,0.6514041639692967,0.6010088840922951,1.0,0.0015314980376599846,1.0,0.4,0.6,0.2,115,9.50259814585682,790.5188359931698
16,42,0.6074530298941407,0.6471096837196584,0.647199846219966,0.6648465454813224,0.6010957596408064,1.0,0.0016418135515529357,1.0,0.4,0.6,0.2,143,9.473642343818726,790.5307149617345
16,43,0.608360295190013,0.6477968228977498,0.6500055637848571,0.677250210741517,0.6021557559041726,1.0,0.003408033484484696,1.0,0.4,0.6,0.2,169,9.525247336895454,772.6314937537434
17,0,0.947665990739457,0.8900964680419287,0.8892338477281937,0.8853590320986229,0.0,0.0,0.0,0.0,0.4,0.6,0.2,1,224.6826983619305,1349.700923484295
17,1,0.9197087613512807,0.9093077777220484,0.9083014153649583,0.9041855849811726,0.06392929499798648,0.0936337228020915,8.400228301427408e-05,0.00011546190432843,0.4,0.6,0.2,3,208.9718064789693,1308.0042467600167
17,2,0.6596991438804443,0.8828845236842721,0.880796111766162,0.8727572615350205,0.5466477799898446,0.09948789179263842,0.08150813897967975,0.3013397007173789,0.4,0.6,0.2,4,123.91060532601146,738.6566483643294
17,3,0.7514089932664909,1.0619297914562427,1.0585254339605406,1.045840220708214,0.9785646393555307,0.2445487317821581,0.3297581361484827,1.0,0.4,0.6,0.2,5,66.26260994250772,251.75485939498185
17,4,0.4992822483641306,0.8086832767049212,0.8048235664775956,0.791496258773984,0.3840275499576745,0.1851800544590895,0.15584140627230042,0.6642866765025558,0.4,0.6,0.2,7,52.61725830332555,223.81475474210995
17,5,0.527201274621757,0.8359175171648165,0.8320129286788482,0.818846788977734,0.3501480366372106,0.24312098074631322,0.16868823817572529,0.6746792048956538,0.4,0.6,0.2,8,55.41887938755188,209.62649156642564
17,6,0.7614863252408755,1.0171233416150254,1.0120169351620711,0.9941874422997525,1.1100637250070875,1.0,0.1128735516581526,1.0,0.4,0.6,0.2,9,29.099615944395826,82.10179548870673
17,7,0.7173026057871357,0.9360613657655381,0.9304514667055945,0.9112329755657973,0.7426435843911343,1.0,0.08468888785145247,1.0,0.4,0.6,0.2,11,22.94558696364723,76.38873162208755
17,8,0.7074183153334985,0.908896182548792,0.9030727863021906,0.8834719057956362,0.6905971410154537,1.0,0.08474819465736587,1.0,0.4,0.6,0.2,13,20.040541847313484,64.1987177157606
17,9,0.6948437916717629,0.8803956944764482,0.8743880853895132,0.854885322069677,0.7123615958088487,1.0,0.07636771885684167,1.0,0.4,0.6,0.2,14,18.560275890296264,53.990044513634544
17,10,0.23000645469379988,0.38461709142278766,0.37856952131056515,0.35713980884465146,0.3212580745403004,0.1913157859515717,0.08347954467411417,0.3355958560421613,0.4,0.6,0.2,15,15.510783349433243,75.0686643630156
17,11,0.252157315074408,0.39525150996233394,0.38908344278548923,0.3680853812848247,0.26261105192211076,0.1949145707308228,0.10016084766564534,0.4082714420061199,0.4,0.6,0.2,16,14.99334236368645,52.82437087247741
17,12,0.2221670088363531,0.3566899185836192,0.35043190843501426,0.3286455520543483,0.2266205184501992,0.18828310167585585,0.08357838935063652,0.33577608930987146,0.4,0.6,0.2,17,13.782023967660708,70.9507085130467
17,13,0.25932275818143974,0.3596559965951454,0.3539628251646131,0.3302054098986569,0.36600409636390246,0.2076386188749991,0.09995349929141144,0.4821713614473325,0.4,0.6,0.2,18,12.075239439082871,41.6951187207448
17,14,0.2156353323722789,0.30070534341308625,0.29486332520190855,0.2714143169952793,0.22672981730871639,0.20529954178744764,0.07500092046114375,0.3617924291290064,0.4,0.6,0.2,20,11.181597716503276,41.65043285593768
17,15,0.21517545409080147,0.2988985569080402,0.2930435661532189,0.269692416995444,0.20399349322194021,0.2048907518582573,0.0750084132358357,0.36181454000762997,0.4,0.6,0.2,21,10.904410542898583,41.256661407153246
17,16,0.2095667154484871,0.284537835546065,0.27859863061782064,0.2550244991136237,0.2266760025372186,0.20942343656687817,0.07148095248227637,0.3451825371507169,0.4,0.6,0.2,22,11.313629080564828,37.920392981201005
17,17,0.2148410527754716,0.2872744463408795,0.28131094845711535,0.2577985870359977,0.21039583510251436,0.21097878820978816,0.07479333993123397,0.3612677127998586,0.4,0.6,0.2,23,10.841844482259155,38.57710706108793
17,18,0.18515816268199892,0.25181345968321883,0.24579496559382374,0.2220718507415389,0.193247039651748,0.20871897895673247,0.05721753476859171,0.27626025548378236,0.4,0.6,0.2,24,10.847173194658142,34.30583881781636
17,19,0.16990813537814042,0.23573295235656902,0.2297065632044849,0.20739319200842185,0.1594481310053783,0.208399162389181,0.04766214841561459,0.23018986589704565,0.4,0.6,0.2,26,11.09291557959252,35.17160452660197
17,20,0.17070453095833774,0.23561786797030995,0.22958281376081724,0.207236603311799,0.1605807606923645,0.21097527768546764,0.04761798179105539,0.2301093325254154,0.4,0.6,0.2,28,11.052543016677282,34.52176888518646
17,21,0.16988878268819047,0.23028999011434909,0.22421229723173763,0.20213130364484294,0.17473950281277129,0.21123566608648486,0.047622970555327444,0.23012406829914905,0.4,0.6,0.2,29,10.61667211722631,31.829806394172085
17,22,0.1689567765669327,0.2281957024184882,0.22210702634751273,0.19903723893637584,0.1624237202743651,0.20938697131502443,0.04766152954133837,0.23022210511824198,0.4,0.6,0.2,30,10.444162671511506,32.08804757403924
17,23,0.1577888627916164,0.21386520620624386,0.20774673849240763,0.18621014221074703,0.158800004286498,0.20975253584021442,0.04083519309518725,0.1972943341544851,0.4,0.6,0.2,31,10.021094863691928,32.11000687498773
17,24,0.15940603021962674,0.21473607248780754,0.20921650515048196,0.18894597172088648,0.1503010517744432,0.21447756342535143,0.040755162481826465,0.19708666314142448,0.4,0.6,0.2,36,10.575437546082885,32.64901546476811
17,25,0.17018044871190358,0.2234844230306943,0.2179458177299548,0.19918900881451637,0.16783840760073115,0.21397509318272462,0.04813583810033868,0.23181531753447931,0.4,0.6,0.2,37,10.484924007429331,36.23478508576428
17,26,0.1510027134956168,0.2038005913961003,0.19825720269561922,0.1792961561929623,0.14232956761639956,0.21465096925485497,0.0356643754189168,0.1724775966501365,0.4,0.6,0.2,40,10.29328022296163,31.380246834969352
17,27,0.1575911616325609,0.20440418250490236,0.19910778592544418,0.18097953089735566,0.1703699147391681,0.21248994403369115,0.04126902027121305,0.1987467335820824,0.4,0.6,0.2,41,10.195648655887885,42.425148641740726
17,28,0.15835074674561603,0.20324310752256833,0.19792879307349745,0.17952791793005737,0.15391338909722574,0.21579102411627332,0.04109957792509724,0.19825164218842847,0.4,0.6,0.2,43,10.085889144131317,32.52803555123772
17,29,0.15838393587149627,0.20335126219424127,0.19834065135854817,0.1811163635748045,0.15067955818181175,0.21582407986166857,0.04112217391123601,0.1982977014316876,0.4,0.6,0.2,46,10.08898829281891,32.5574451184796
17,30,0.14716987152913807,0.19106986283361543,0.1863522552403673,0.16889576731791045,0.1436198962726059,0.20800816791139085,0.03612359788421293,0.17393117695707155,0.4,0.6,0.2,47,10.084842601170488,43.5362654088804
17,31,0.08139342371921464,0.12380617745149668,0.1196805516526558,0.10584716205103073,0.07490777083637333,0.1549704321274049,0.008668178602193035,0.0350313373967443,0.4,0.6,0.2,55,10.134887462014806,33.85062844263203
17,32,0.08042779094418058,0.11894485791802677,0.11448021021060083,0.10099940797609848,0.08688267411382548,0.15489626724399008,0.00847559307977284,0.034390464450719846,0.4,0.6,0.2,56,10.089970499483297,46.754109128755104
17,33,0.08012782856630032,0.11624075211204564,0.1123597973807358,0.09937121440063916,0.07628899401036751,0.15423687080209283,0.008813977333619842,0.03551431045530148,0.4,0.6,0.2,60,9.831070745448953,37.03813784571609
17,34,0.08001921437877353,0.11384595755359608,0.11024680121320754,0.09858083723364049,0.07840711039648339,0.15502672215750785,0.008811986081304225,0.03548683085498147,0.4,0.6,0.2,62,9.742859951628027,36.57046514883003
17,35,0.08018995962462074,0.11352550670570735,0.10992182493498762,0.0939282790520108,0.07520670675770984,0.15549425658465788,0.008874840319264533,0.035647462374547315,0.4,0.6,0.2,65,9.741912230569822,36.12289080387824
17,36,0.07839651909627265,0.11015655070016808,0.10684129132577233,0.09643459354459283,0.07596776746536768,0.15501506330806905,0.007928954085193726,0.03192805004767322,0.4,0.6,0.2,67,9.656958312807928,33.287793352991365
17,37,0.07797269537168941,0.10968149570013282,0.10636576161638801,0.09692845596682607,0.07279182409278126,0.1540752971826776,0.007891896221136396,0.03184408653171217,0.4,0.6,0.2,70,9.686771373280967,32.84105467200394
17,38,0.07727202474580153,0.10595479778797723,0.10230830013402688,0.09510407167122696,0.0745230747395203,0.15577793254498404,0.007287292410665144,0.02927752169212474,0.4,0.6,0.2,75,9.544208101356048,31.34773401834404
17,39,0.07674898959478857,0.10382607018097204,0.1010737022538526,0.09580604090127331,0.0729674628879215,0.15530642533900194,0.007280043559217041,0.029221980481124836,0.4,0.6,0.2,85,9.490500184605402,31.85770950541844
17,40,0.07674081744985507,0.10348386594657118,0.10072842085651894,0.09615008897372003,0.07294615339483417,0.15544941843799015,0.0072869348989519165,0.02915691731433704,0.4,0.6,0.2,87,9.52763855286114,31.831403911722813
17,41,0.3616945957425225,0.38808366586323884,0.38714280789381383,0.3894916351350852,0.3576187395633005,0.3825587410744582,0.00744052719107601,1.0,0.4,0.6,0.2,110,9.4826617699551,44.96661296667156
17,42,0.3617340764394422,0.38820999134438366,0.38757283679388776,0.3918181868687127,0.35752993823841184,0.3826587368751627,0.007440548706882054,1.0,0.4,0.6,0.2,115,9.48270441576679,44.97691089951058
17,43,0.36109954968538893,0.3866282878621534,0.3859824122363804,0.39047377184018583,0.3602401613418431,0.38143550504398366,0.007463344333317868,1.0,0.4,0.6,0.2,116,9.418893232486049,43.68788916359296
17,44,0.40020175597850344,0.4256039514910585,0.42556282784416416,0.4311028179839673,0.39654943509456686,0.4780199914530662,0.008329483424692257,1.0,0.4,0.6,0.2,119,9.321605587295752,45.91850180357751
17,45,0.348014470419719,0.37192221134206915,0.3718673749280535,0.3776997033034466,0.3467795226874456,0.3494350626780983,0.007488617409940646,1.0,0.4,0.6,0.2,121,9.269042924160424,37.73737548726555
17,46,0.40137302745441295,0.4248626386806261,0.4248039804524667,0.43131085211058773,0.398397262207246,0.48178917872159566,0.00829889471556905,1.0,0.4,0.6,0.2,123,9.32817228642616,42.19449892681895
17,47,0.3208679598794024,0.3432206687938667,0.3422428158692189,0.35263514978411187,0.317696965769892,0.3234272927730872,0.007506626273037624,0.9172909031616839,0.4,0.6,0.2,131,9.482241490257502,163.12400646154484
17,48,0.40891295718756887,0.43128133787080525,0.4318184070074891,0.44128261384130785,0.4061786325884641,0.5011755199893482,0.008298914653192145,1.0,0.4,0.6,0.2,133,9.279048756038502,41.90558101094688
17,49,0.4083745093045975,0.4305460684176873,0.43108132983693676,0.4419138015572154,0.4052734656917999,0.4998303526534558,0.008352153587209199,1.0,0.4,0.6,0.2,135,9.279453222257947,42.28859372524459
17,50,0.41830269864789466,0.44009622274287175,0.44123401093624287,0.4547100887639872,0.415899177898549,0.5261471002786846,0.007507149872019648,1.0,0.4,0.6,0.2,137,9.308761717508032,85.60992664102889
17,51,0.30487027906881825,0.3239756285028239,0.32387694129880823,0.33050233813253616,0.3045104212979863,0.24351197803167798,0.007508148305120468,1.0,0.4,0.6,0.2,140,9.220555501892957,630.4682684171286
17,52,0.3049929194581535,0.3238893964333043,0.32469773224566145,0.3328863657447269,0.3029115375539479,0.24400547949492507,0.007512558097569682,1.0,0.4,0.6,0.2,142,9.2244682979022,618.669619840218
17,53,0.2957051865615524,0.31375713158412294,0.3136488668123301,0.32929425594607464,0.29329920100450957,0.22103925721550163,0.007498183653695158,1.0,0.4,0.6,0.2,147,9.209891872863285,406.5662254959371
17,54,0.35554149804628377,0.3722155381331306,0.3733066266783283,0.39367409207751713,0.35367519980342405,0.372231108803848,0.006894972510566742,1.0,0.4,0.6,0.2,156,9.33290500839024,203.4192815995268
17,55,0.35550557300982766,0.3718130427224917,0.3729008120213094,0.394669466398751,0.35366405241230614,0.37222532533435493,0.0069363008523676654,1.0,0.4,0.6,0.2,158,9.304383804901358,203.42377772859217
17,56,0.35550557242426817,0.3719030480507735,0.37329459368206164,0.39575640168239223,0.35305195404053646,0.37222532392865204,0.00693630083729681,1.0,0.4,0.6,0.2,160,9.304383789137288,203.42377679735856
17,57,0.35545395789106515,0.3724759462260809,0.37599390204531047,0.3905417780724509,0.35301982549613387,0.3720986415249104,0.0069362112969105,1.0,0.4,0.6,0.2,161,9.318530998314648,204.26039017824493
17,58,0.3554002010733033,0.3716859965994989,0.372773595524253,0.3959554269786742,0.3530040851597912,0.3719509337657504,0.0069493823039349515,1.0,0.4,0.6,0.2,162,9.322535280951982,215.7366774077795
17,59,0.3500701650458552,0.36553133907037016,0.36630838740243576,0.39255478009879463,0.34798208817413273,0.35892215405245936,0.006946423393633174,1.0,0.4,0.6,0.2,172,9.253167064236322,211.1664024871217
17,60,0.35446780889205753,0.3697193792441181,0.37049449806442725,0.3967336385539878,0.3525178038489746,0.3699834552761669,0.006957052393140134,1.0,0.4,0.6,0.2,174,9.27030042637676,199.65265034197856
17,61,0.3544784001550514,0.36973043914592596,0.37080859678458244,0.397349034638233,0.3523417826212326,0.37004425459031176,0.006957805747170114,1.0,0.4,0.6,0.2,176,9.273090855531033,199.9284503576457
17,62,0.2999486271041614,0.31522860957671484,0.3172158714156553,0.3506611680913897,0.29775864375648814,0.275874131703154,0.006999543920185041,0.9157577422771516,0.4,0.6,0.2,190,9.270164959411108,108.9217229817228
17,63,0.32872155038602685,0.34369124471565377,0.34597872527630114,0.3792901687228578,0.32787345072461344,0.30487668312691296,0.007644081698156422,1.0,0.4,0.6,0.2,191,9.219253371475958,108.447566938106
17,64,0.34803895397725587,0.3629949786337077,0.3652823151735093,0.4031439415676463,0.3458718560080368,0.35410446175797944,0.007024821390102089,1.0,0.4,0.6,0.2,194,9.306003105928722,89.75175126961196
17,65,0.3008068355552518,0.31566758264555833,0.31795406118766306,0.3531336847221327,0.29895726313881965,0.273424178855246,0.006944258718925878,0.9255168237024909,0.4,0.6,0.2,195,9.232058066796307,105.74870473990616
17,66,0.34989230889335365,0.36423679669176284,0.36621552814318636,0.4047316991172704,0.34921467271725315,0.3589405553468437,0.007026732723167579,1.0,0.4,0.6,0.2,196,9.234699451208686,89.18478940800588
17,67,0.3497599939491709,0.36415370853932816,0.3664359287770182,0.40536290900718386,0.3477343464703119,0.3586119718748585,0.007035965550192628,1.0,0.4,0.6,0.2,198,9.233036930471435,89.33804458317701
18,0,0.9510472162710626,0.8910090083248425,0.8901535347035222,0.8863061171163182,0.0,0.0,0.0,0.0,0.4,0.6,0.2,1,221.683707709939,1356.8996424895995
18,1,0.9479982649355494,0.9201061137045607,0.9191546376246402,0.9152481726422838,0.05896222778322777,0.10326247146534684,2.073732655007983e-05,6.986205701064e-05,0.4,0.6,0.2,3,213.02404876195115,1230.3900985548216
18,2,0.6556307572793404,0.8766390562515604,0.8745648532399172,0.8665787296806472,0.5531576523250353,0.09949555276506752,0.08557968459612014,0.2487701863884523,0.4,0.6,0.2,4,118.83912434968876,800.6329748637446
18,3,0.5616365748562447,0.8253384782604808,0.8228886649577173,0.8140012744893167,0.27542131404534415,0.09891228398839048,0.06712823399149444,0.28811422443672474,0.4,0.6,0.2,5,94.66863209593669,618.4627941590924
18,4,0.5418540876139235,0.8235333443226073,0.8208629917383815,0.8111339033124957,0.2448269504686711,0.09893300170491416,0.07478559880027882,0.39656860880333983,0.4,0.6,0.2,6,83.34851944162841,489.73350554031816
18,5,1.1686821524092175,1.4659615157550714,1.463029237465051,1.4529223537758114,0.8879470604660376,0.09890221709711963,1.0,1.0,0.4,0.6,0.2,8,76.89351724242975,540.8989208895108
18,6,0.8074376402748664,1.1123660851146249,1.1092282513675498,1.0990648504184626,0.5869718786630396,0.09936358054366892,0.45401400117239876,1.0,0.4,0.6,0.2,9,73.54737570567944,411.3477079632248
18,7,0.6527139820028203,0.9634316925030924,0.9600095849969352,0.9500453609513246,0.4516215261076842,0.10010189144617791,0.293259506664842,0.9171849703623458,0.4,0.6,0.2,11,62.71342636340943,373.1961223472573
18,8,0.57739203606162,0.8889414126640193,0.88531334760396,0.8747719596993292,0.4269000582714152,0.10051607764007937,0.2487743332956406,0.8085777181885326,0.4,0.6,0.2,12,58.42506105419006,284.55991737887365
18,9,0.6247036658326786,0.9359211823791811,0.9322248764141189,0.9216011305000711,0.431876755556865,0.10107336916129286,0.2993581164757835,0.9341202243804071,0.4,0.6,0.2,13,53.73847780444412,343.3634616398141
18,10,0.6336055305120263,0.9423396358545324,0.9384400421773929,0.9272705918561164,0.5138207103752387,0.10055476295650445,0.33160257871911536,1.0,0.4,0.6,0.2,14,50.62488456787682,300.84113011920743
18,11,0.22433322311445097,0.518253791397451,0.5138569681634918,0.500363462014362,0.26114833241276025,0.10132237448033668,0.01893004620729185,0.13279481206588484,0.4,0.6,0.2,15,45.61584481838788,250.4395570013285
18,12,0.5346478674511064,0.8212428518670409,0.816681219847798,0.8033934389331274,0.4628863104784396,0.10062014638227305,0.2703054650469273,1.0,0.4,0.6,0.2,16,36.10558341547953,244.51645050812547
18,13,0.1950564128759118,0.47998067245523446,0.47538440987100816,0.46175893634727405,0.07833396442516369,0.10144702894400463,0.012630713716835844,0.08714883265723714,0.4,0.6,0.2,17,42.15295241166738,230.57694228852327
18,14,0.44209730521439305,0.7158725196581549,0.71106488481556,0.6974937161616714,0.40606331559957143,0.09987051278030336,0.21779347335668525,0.7889256911232196,0.4,0.6,0.2,18,32.082327754529786,227.23124098551563
18,15,0.1393136936094123,0.3945488107184137,0.3909515668540943,0.37507028596860686,0.1591033796943708,0.10504765276383421,0.0017701767276885238,0.014280801852268248,0.4,0.6,0.2,19,32.71607500745208,135.0156054540541
18,16,0.12354792896560379,0.3604619621204419,0.356300184590361,0.3396718752502991,0.09302882224005704,0.10022013249937126,0.001894421762011032,0.01966702643821484,0.4,0.6,0.2,21,27.25932348233109,115.10824454216272
18,17,0.12022187930641076,0.3540823805905038,0.3498793209326617,0.33401506265169006,0.059202075045290424,0.09742185270888992,0.00178772933333573,0.01998435444648073,0.4,0.6,0.2,22,26.50719392889504,123.6723344611298
18,18,0.11898393185536081,0.3410335924209876,0.33697875391906346,0.32080763683831937,0.07931688738085921,0.09721860378096636,0.002468453978162101,0.051831716577722786,0.4,0.6,0.2,24,24.05752533842488,102.10646123389525
18,19,0.11258278872267621,0.32653185173248106,0.32237496276208005,0.30623947535440876,0.08663402386629307,0.09714485455110072,0.0013570298923899103,0.04771626515948914,0.4,0.6,0.2,25,22.32816815008984,97.70220961998233
18,20,0.11258278872456685,0.32653185173248106,0.32237496276208005,0.30607929734648615,0.04921547863346384,0.09714485455110075,0.0013570298923899103,0.04771626515948914,0.4,0.6,0.2,26,22.328168152160007,97.70220933417964
18,21,0.0988858912648478,0.29181882092959055,0.28741004926742475,0.271287942324174,0.13917345076554252,0.09708612487527449,0.0010297986537455071,0.035819382766564975,0.4,0.6,0.2,27,19.775906421160744,81.92630456249171
18,22,0.09018844372493025,0.2646296476800939,0.2600107619412761,0.24291913860236294,0.12335305171601803,0.09602071026567892,0.0010382992346292664,0.03582658214033299,0.4,0.6,0.2,28,17.644896979740636,78.9423452668284
18,23,0.08395815501869346,0.2502786623775944,0.24557015571323515,0.2280287106835878,0.05968692841879468,0.09586628709730216,0.0020432600679842513,0.01837697356812504,0.4,0.6,0.2,30,17.461471219422744,125.6918335128477
18,24,0.07815448662261108,0.23463596865642478,0.22982109004548432,0.21286537611016643,0.08022786813592496,0.09426209446257848,0.0015597157400665258,0.01261700599446588,0.4,0.6,0.2,31,16.210223615233108,124.66300746545733
18,25,0.07505455018871805,0.21649008613456627,0.21151614443235112,0.19351015939085678,0.10170449710045484,0.09571408372505802,0.0021263581291288765,0.0186150366775427,0.4,0.6,0.2,32,15.131264119215608,113.41491427100804
18,26,0.07356701742496541,0.2106934806165588,0.20567473558866045,0.18832248403657578,0.059639670339233675,0.09695746793286272,0.002159847598067165,0.01558472890755153,0.4,0.6,0.2,33,15.12962191160178,103.90542843433477
18,27,0.0723564386381578,0.20435938878732837,0.19928772652384383,0.18200839191948545,0.0630155353230269,0.09648260481814155,0.0022041402720608676,0.01841652906729132,0.4,0.6,0.2,34,14.308837471618878,109.32728081717664
18,28,0.06679429536901454,0.18413058145829983,0.17890982499987146,0.1615224759639424,0.09714712169725262,0.09670239508385682,0.0018197326721142788,0.013004765208604972,0.4,0.6,0.2,35,13.547605987060546,102.37860575841331
18,29,0.06639869797874519,0.18117458504702333,0.17592804039772303,0.15900267363551612,0.05221372642518239,0.09652589877974038,0.0017261605627334681,0.015270944826710969,0.4,0.6,0.2,36,13.218380509116,89.76975788736301
18,30,0.06453812784478538,0.1745348942159844,0.1692405767926634,0.15241231762302737,0.059658601256532225,0.09491884742704744,0.0017864848787503306,0.015531833522038,0.4,0.6,0.2,37,12.949428056624331,104.34925157362878
18,31,0.06309163421947955,0.16650509697593163,0.16114545459298277,0.14482781187163607,0.0664565414264965,0.0972511836904294,0.0015126985026382928,0.01317121782825241,0.4,0.6,0.2,38,12.268628924055417,85.04026874701319
18,32,0.06163448527642894,0.16175853003729265,0.1566693232876168,0.14031038753185293,0.04796389353516621,0.0958532189227554,0.0014942587426549127,0.013069216643445769,0.4,0.6,0.2,40,12.114818160379508,87.85689665752324
18,33,0.059014175256455144,0.1497916843126914,0.14430812132216925,0.12857367200906494,0.07476235964734801,0.09608816447878477,0.0013155478246975982,0.01147149761966028,0.4,0.6,0.2,41,11.504549169544616,87.88040412360317
18,34,0.05868596999992798,0.14855665556648207,0.14336711262534424,0.12798274972538384,0.04321082368621031,0.09591374091018616,0.0013070216752376844,0.01140118438119978,0.4,0.6,0.2,43,11.393230738018948,87.51736911749663
18,35,0.058014838906366044,0.14635882999428024,0.14085155335519758,0.12531538581356946,0.04622964830194211,0.09482988197092254,0.0013550072370278503,0.01178184047218303,0.4,0.6,0.2,44,11.309169505996945,87.0247269267891
18,36,0.057439883362082146,0.14320524431066686,0.13797588812390216,0.1232278057425501,0.050658665173837214,0.09603925315498149,0.0011743476055746792,0.01017384426689525,0.4,0.6,0.2,45,11.170968904685813,86.32424548489699
18,37,0.0575962018285748,0.1421758417229645,0.13693495311315776,0.12244059700828183,0.04373860203661773,0.09336349935051848,0.002132296786934694,0.014839884314687371,0.4,0.6,0.2,47,10.70483611649806,82.68476466103382
18,38,0.05516811583728133,0.13495580066097934,0.12936581664864652,0.11517768286107466,0.0568307683721161,0.09369068006968184,0.0011827863569418356,0.01025915971077331,0.4,0.6,0.2,48,10.740843291304918,89.54651954345616
18,39,0.056204271717048636,0.13566191546316902,0.13037166772402747,0.11657839766505596,0.04210287125974444,0.0943571455739562,0.0016337281420821328,0.01322403819611496,0.4,0.6,0.2,50,10.781693760729228,91.57439263548652
18,40,0.05734364909815633,0.13587620992628308,0.13057708823555175,0.11682426778445629,0.04598656198520039,0.0961655201982334,0.0019392470717603451,0.015429763464876681,0.4,0.6,0.2,51,10.80600603667508,82.0628307265396
18,41,0.055510384460620836,0.13206730453186413,0.12674919687548475,0.11344326588048098,0.048282426716225596,0.09384560321590055,0.0017292412282578942,0.013735567325624079,0.4,0.6,0.2,52,10.706000044374337,81.51262729700652
18,42,0.055126800568374844,0.12998888663408645,0.12465456482999719,0.11158340966403914,0.0472770502687856,0.09412623384623311,0.0016663448056766905,0.01331631051526117,0.4,0.6,0.2,53,10.560183130019356,91.09307386217182
18,43,0.05539270025809384,0.13023599059321264,0.12490147810136319,0.11212648489100117,0.0416499157297181,0.09481021909071809,0.001663187341736322,0.01330803699790831,0.4,0.6,0.2,54,10.567356596760064,91.72758060657452
18,44,0.05509194884342485,0.12988534469098567,0.12485322483650405,0.11220501718171047,0.041805053263494124,0.09412623384623314,0.0016663448056766905,0.01331631051526117,0.4,0.6,0.2,55,10.5410878746044,91.287563370931
18,45,0.05363704193197988,0.12417046363861353,0.11909766349089324,0.10719602919201604,0.045763662462180194,0.09371527472740535,0.001498901911277081,0.01198767546785201,0.4,0.6,0.2,58,10.422870505147898,87.31330727794479
18,46,0.6128090734370981,0.6796298630636204,0.675733450352526,0.6634851876113929,0.615046338084976,1.0,0.0013642251966398814,1.0,0.4,0.6,0.2,59,10.40068464500446,80.42374243673275
18,47,0.6110938550078806,0.6697680024625776,0.6657945701415462,0.6554899089797843,0.6149204748766774,1.0,0.0012892636956081832,1.0,0.4,0.6,0.2,61,9.92511069502564,76.89005820569096
18,48,0.6106694605593375,0.667289793840703,0.6629940908265749,0.651932484062399,0.6075295237888972,1.0,0.0012346714267659042,1.0,0.4,0.6,0.2,62,9.962716046510677,75.62479208530894
18,49,0.6100840509819686,0.6642601250604625,0.660244395115479,0.6495533664134578,0.6093996088428892,1.0,0.001091306756877028,1.0,0.4,0.6,0.2,63,9.81504222523894,77.82577138655202
18,50,0.6099528899119859,0.6634351941432715,0.6594129459946532,0.6492395094658021,0.6030481938530987,1.0,0.0010984460760081155,1.0,0.4,0.6,0.2,64,9.591025535938218,77.13444951940855
18,51,0.6091486172062603,0.6585005936356874,0.6544397049350881,0.6447539669904686,0.6077510713303816,1.0,0.0010852458139948924,1.0,0.4,0.6,0.2,66,9.387203849019077,72.97808300044727
18,52,0.6091411414804434,0.658541271044151,0.654783786651456,0.6455709540110466,0.6007234709422407,1.0,0.001086093747176985,1.0,0.4,0.6,0.2,68,9.389302660534383,72.7401790606154
18,53,0.6091098542606452,0.6584358504504146,0.6549805995848054,0.6459172104646027,0.6009330527203558,1.0,0.0010860390363059901,1.0,0.4,0.6,0.2,70,9.406802883600918,72.65713910585892
18,54,0.6090852395096706,0.6582125608684866,0.6547554415388015,0.6463326425763831,0.6013504166560368,1.0,0.0011083980137524747,1.0,0.4,0.6,0.2,71,9.459697608954974,73.86495176303383
18,55,0.6091194299081353,0.6561343153911812,0.652657499235982,0.6461016237185317,0.6029078878445135,1.0,0.0018311604326389141,1.0,0.4,0.6,0.2,75,9.58929131188971,79.3242546778021
18,56,0.608663160956481,0.6526727610187236,0.6491679609380979,0.6443825038464108,0.6046295745548264,1.0,0.002005603283054597,1.0,0.4,0.6,0.2,78,9.465679700429613,79.90097729719398
18,57,0.6085025478118575,0.6521312480022813,0.6486228735218105,0.6438239156864753,0.6024139890431277,1.0,0.0018553281620212266,1.0,0.4,0.6,0.2,79,9.42193445311054,80.13485250377629
18,58,0.6079098402332868,0.6482684437571604,0.6447297264863237,0.6411211895852269,0.6048369253155821,1.0,0.001865985964150446,1.0,0.4,0.6,0.2,82,9.227112239926798,78.93738618024949
18,59,0.6078828344236706,0.6481827447804853,0.6449463928906805,0.6425185335319772,0.6013728380780444,1.0,0.001865985964150446,1.0,0.4,0.6,0.2,84,9.2407244849293,78.93850094092203
18,60,0.4345495215270217,0.4737749497845248,0.4711346126991762,0.47093162859870835,0.4287247308516736,0.5690075372591007,0.000683625958237503,1.0,0.4,0.6,0.2,90,8.876836935192646,73.93289213215185
18,61,0.6067719220535467,0.6451141052653717,0.642768514975237,0.6447852113717761,0.6012380149584525,1.0,0.0006843640848074436,1.0,0.4,0.6,0.2,94,8.855632749450145,73.26198423719914
18,62,0.6065257511999058,0.6434794066037679,0.6411209311708879,0.6434308595699043,0.6019852378518533,1.0,0.0006877306653260625,1.0,0.4,0.6,0.2,97,8.641932134529647,73.92520597310381
18,63,0.6064801653491485,0.6432467421416408,0.6411894794088043,0.6444646801727307,0.6013565080849883,1.0,0.0006938788665320313,1.0,0.4,0.6,0.2,98,8.83853437390086,68.50755091086654
18,64,0.6064577891063698,0.6432570623019515,0.6415031367898174,0.6460350983895653,0.6005014706794498,1.0,0.0006735766755476078,1.0,0.4,0.6,0.2,100,8.828294450026908,68.6085654249898
18,65,0.608236653392134,0.6442555980553535,0.6418884826075342,0.6453010954645756,0.6026970374466308,1.0,0.003815927161391784,1.0,0.4,0.6,0.2,105,8.878048483339406,99.10057222634238
18,66,0.6061645819040751,0.6403141988353955,0.6385357821352633,0.6427749746118303,0.6023155130492372,1.0,0.0009645061214349517,1.0,0.4,0.6,0.2,109,9.140234595171906,70.04820883387166
18,67,0.6060078491604348,0.6392445055058147,0.6374576554710578,0.6440260661491609,0.6013568373108207,1.0,0.00097008237939822,1.0,0.4,0.6,0.2,113,9.189904817672089,69.80481162839972
18,68,0.6058605478825613,0.638245775558726,0.63645108587707,0.6446757582492311,0.6013011110429495,1.0,0.000971022494625271,1.0,0.4,0.6,0.2,117,9.063828864374768,69.55342150016267
18,69,0.6058621704010306,0.6379178256616056,0.6364230660578858,0.6459321694891138,0.6020764406877306,1.0,0.0010950887604821032,1.0,0.4,0.6,0.2,118,9.11415394605962,70.29354459850428
18,70,0.605393915051414,0.6364404518483009,0.6361481807617912,0.6470329259640991,0.601968258561262,1.0,0.000708911716837155,1.0,0.4,0.6,0.2,121,8.731033125782334,69.57389451822691
18,71,0.12251473414629882,0.15204170530114128,0.15143255408665032,0.16060297665802212,0.12020446974135209,0.2599810199426179,0.0007094286426863406,0.06686615534350153,0.4,0.6,0.2,123,8.684937976735162,67.34332374773977
18,72,0.6050478230696883,0.6336851208100588,0.6327648389872503,0.6526458196199596,0.6005690738417596,1.0,0.0007678770965784506,1.0,0.4,0.6,0.2,150,8.601873397163724,79.89717683296246
18,73,0.6049780966600933,0.6339748485897729,0.6351786139632725,0.6581218482863953,0.6005511583515882,1.0,0.0007283592066603516,1.0,0.4,0.6,0.2,156,8.679356678688501,82.47443478525985
18,74,0.6047768687174859,0.6324197007521946,0.6330050893826712,0.6556280193387337,0.6024129880741577,1.0,0.0007244087456407326,1.0,0.4,0.6,0.2,158,8.723305215596126,86.85125292334287
18,75,0.6048665108066701,0.6328779477759563,0.6349814362082048,0.6635064817241021,0.6005563667877958,1.0,0.0008967575991967508,1.0,0.4,0.6,0.2,173,8.717558300637219,85.66344643047405
18,76,0.5329716980302648,0.5598374182316632,0.5604156223582776,0.588583765982024,0.5299312675956114,0.8207464788535619,0.000769714587732125,1.0,0.4,0.6,0.2,175,8.691672948581811,67.55039600796802
18,77,0.5139077790703874,0.5402145896418737,0.5407877090438549,0.570692970548718,0.5104924516027969,0.7733213097373034,0.000769790451086196,1.0,0.4,0.6,0.2,178,8.69881595895131,67.57076885398453
18,78,0.45110047530473407,0.47543291859071835,0.4765939254096042,0.5064855018402352,0.4545898331588324,0.61718058659268,0.0007837157181416221,1.0,0.4,0.6,0.2,179,8.74965107557623,70.98972558815422
18,79,0.6042273195015107,0.6285564431720614,0.6297174168016811,0.6606756427079579,0.6004726160452475,1.0,0.0007830934838310916,1.0,0.4,0.6,0.2,183,8.697277297707329,68.19803556856249
18,80,0.6041905935921729,0.6282943680848325,0.629453274716859,0.6608410526849687,0.6007249442119693,1.0,0.0007841721697007772,1.0,0.4,0.6,0.2,186,8.61173949715383,77.88704849818187
18,81,0.6041735162790696,0.6282723503856917,0.6297341640887102,0.6622360415722905,0.6005120297374937,1.0,0.0007819020891135516,1.0,0.4,0.6,0.2,188,8.599930780402662,77.6141051138947
18,82,0.6041702706107497,0.6282392591143701,0.6297007741139939,0.6629043122462084,0.6006345064605046,1.0,0.0007847615852240705,1.0,0.4,0.6,0.2,190,8.599083530656277,77.73424353665683
18,83,0.6041714733832901,0.6283158254045444,0.630080933292557,0.6645059692016859,0.600524141814368,1.0,0.0007907820677534463,1.0,0.4,0.6,0.2,191,8.68506791033551,94.22133183639394
18,84,0.6041464312898523,0.6281606169665481,0.6299245837383932,0.66460060940203,0.6009114448246455,1.0,0.0007849499424456341,1.0,0.4,0.6,0.2,192,8.580537620508045,77.71576592575502
18,85,0.6041133150838911,0.6277553966158066,0.6292129927483945,0.6634556293670821,0.6008430864532845,1.0,0.0008074799986972573,1.0,0.4,0.6,0.2,194,8.757063560728701,111.21605625800537
19,0,0.9475011001010447,0.890051992470444,0.8891890358363148,0.8853128694506784,0.0,0.0,0.0,0.0,0.4,0.6,0.2,1,224.81754832483225,1346.3982449737778
19,1,0.9181805918471685,0.9118122253147117,0.9107928437470638,0.9066268213262739,0.07041234531306263,0.10404539459931943,8.339773664612007e-05,0.00011270981830787,0.4,0.6,0.2,3,208.33538513288627,1267.6567667907482
19,2,0.8566481831202957,0.8931134947849116,0.8919488311844701,0.8878218331670017,0.0948555785498744,0.09959046667173535,0.0014107241009548536,0.00410182874067057,0.4,0.6,0.2,4,202.1248655241461,1711.3071909631262
19,3,0.7396829421183053,1.0502218263219842,1.0468162266371193,1.034126665307935,1.3070337281265008,0.21588827246545989,0.3296123000940192,1.0,0.4,0.6,0.2,5,68.01951662962242,244.2111500392869
19,4,0.4192234420907464,0.7210578381622088,0.7168762239836075,0.7023204946408863,0.39652865316795866,0.11564034689938758,0.15667890367967113,0.5678616300028757,0.4,0.6,0.2,7,43.90434626712585,282.3614490647484
19,5,0.37461320707431073,0.6282179304533242,0.6233781432569415,0.6050158625853548,0.4615159670072068,0.16755311278159385,0.1670014648087529,0.5811278556258296,0.4,0.6,0.2,9,29.220219212120394,97.37814308733924
19,6,0.2791809470008218,0.5035339770442578,0.49829148501205495,0.47892915718443,0.28421007313341856,0.16428787108602042,0.11139741625687567,0.38759477938257475,0.4,0.6,0.2,11,23.72877621408907,85.87361677175184
19,7,0.2488705472967941,0.423459753965605,0.41762814258976316,0.39644374947848215,0.3127274719881225,0.15632382939786543,0.11004375522483899,0.3825303001055529,0.4,0.6,0.2,13,18.13806287051126,61.568126281279085
19,8,0.25141525592780156,0.4226593371961622,0.4167871477163768,0.39588087323097765,0.21843809409565615,0.16365227835534485,0.11105446359601305,0.386631508835545,0.4,0.6,0.2,15,17.369766866252096,66.89895950174459
19,9,0.24254724121250715,0.38535851350895517,0.3791875222399384,0.3575060839749035,0.3140568293381838,0.16658402841255998,0.11060997653167519,0.3860064142283784,0.4,0.6,0.2,16,14.79769000462319,79.50223006329243
19,10,0.2415818539459833,0.38247150784619266,0.37628038175619405,0.3551942516590469,0.21724525099375827,0.1655752563045546,0.11067875157941824,0.3861732871265907,0.4,0.6,0.2,17,14.601808696535889,79.07180916985087
19,11,0.18579948877139688,0.29844027807395984,0.29196085364393265,0.27040788679264655,0.26851854572559425,0.16127701086118976,0.07522732690098188,0.26470475125117826,0.4,0.6,0.2,18,13.361499440625218,52.90399184854373
19,12,0.16199149780050034,0.252295799269042,0.24559588534145171,0.22409206734696424,0.1850916187136194,0.16573366057379144,0.05995416020808347,0.2113531359879742,0.4,0.6,0.2,20,11.659896296895004,42.97937675866457
19,13,0.15653408418014128,0.22682814008477267,0.21993552486747334,0.1979345286543468,0.1789658140973354,0.16334112733739242,0.06000190394673291,0.21141980018767725,0.4,0.6,0.2,22,10.574112084877218,38.5642946937362
19,14,0.14326078231377734,0.20664338359837903,0.19968511404369718,0.1781127830431581,0.14382441907143473,0.166364736588353,0.050015006431494105,0.17622707656150555,0.4,0.6,0.2,24,10.07816947153915,40.27813294864391
19,15,0.1409484483449956,0.20269832776198005,0.19602753963275998,0.17539656482083954,0.13282328270721477,0.16044733784288953,0.050349653986736284,0.17726186748686887,0.4,0.6,0.2,26,9.917009912973478,39.159157377451415
19,16,0.12561020075584048,0.1822229874527077,0.1752008048995453,0.15478149639257194,0.12426178641545235,0.16674742696030037,0.03739793987028208,0.13192144454902155,0.4,0.6,0.2,28,9.64473108035424,37.31778664452552
19,17,0.13195206606611035,0.18540809921062987,0.1783562436919439,0.15808250191317405,0.13338265298740132,0.1666081947838829,0.042790164016315815,0.15085047365244242,0.4,0.6,0.2,29,9.674488483017448,37.69893662588958
19,18,0.12060433000604445,0.17305017998207192,0.1659888483762344,0.1461360773980325,0.11481765630396319,0.16982347550767346,0.03325016934099279,0.1172879028652852,0.4,0.6,0.2,30,9.305165502408064,40.85470046727553
19,19,0.11865651408379013,0.16912987470182753,0.16205007126292661,0.14258361850063367,0.11655875111162711,0.1659185408409682,0.03324740891685944,0.11727824801923917,0.4,0.6,0.2,31,9.268534728871511,36.96758358339408
19,20,0.1208500578280114,0.1705194177101112,0.16343208057138453,0.14447679619528878,0.11350073784810452,0.17178002642203144,0.033251109615300554,0.1172848797499706,0.4,0.6,0.2,33,9.373113373918542,40.19056107890762
19,21,0.11513131572991715,0.16055345314557234,0.15342645935659477,0.1350617103649543,0.11448954449277071,0.1703420375871072,0.02992834248470962,0.10556559172237905,0.4,0.6,0.2,35,9.09760977265881,36.87661885394777
19,22,0.12032115615348771,0.1651572309971909,0.15863063976271535,0.14181593375927773,0.11306588803050814,0.17275026894547976,0.0332938367108821,0.11732055406384234,0.4,0.6,0.2,40,9.224540096351715,36.24072074806315
19,23,0.1173050291024295,0.1590502290779235,0.15249485264686297,0.13563572513195352,0.11537391783449605,0.16780201216330196,0.032918194329388514,0.11612615260630058,0.4,0.6,0.2,42,8.927883094673277,38.07304667071457
19,24,0.11431761585695052,0.15469226757855356,0.14782126668632267,0.13181359212801205,0.11171119897567844,0.17172644804554138,0.0295826646701358,0.10451988135883712,0.4,0.6,0.2,43,9.021049492779618,39.63912185598529
19,25,0.11352848118132139,0.15190165737454486,0.1450120819644676,0.1287101789081117,0.11373525915553497,0.17065995825221053,0.02958347773377416,0.1045225110699107,0.4,0.6,0.2,44,8.827357877548895,35.1825610292323
19,26,0.11352524912167075,0.15010903057056635,0.14380872487389035,0.12867156829481088,0.11061710563150338,0.17937085844256068,0.027212928357777798,0.09596599170101258,0.4,0.6,0.2,46,8.948876077747046,37.42526576265824
19,27,0.11351936693626608,0.1497130406734249,0.1437121705271273,0.12986966248516166,0.10816480542086418,0.1795591128195022,0.027215481535342093,0.0959812291067759,0.4,0.6,0.2,48,8.943530426955897,41.29773587486861
19,28,0.11798352767586776,0.1530939884658824,0.1470830842488794,0.1332780663487771,0.11568374409075916,0.1823352037319901,0.02993476269144828,0.10555546249585075,0.4,0.6,0.2,49,8.77569311585855,40.507433440428144
19,29,0.1156038620103835,0.14869584525629806,0.14236326977240563,0.12894238015932963,0.11214619485971941,0.1775928452349102,0.029802050320277565,0.10524153767382305,0.4,0.6,0.2,52,8.71123221902323,35.854967039943354
19,30,0.1111232616838537,0.14429271228483515,0.13826388516840746,0.12491624152199643,0.10553668714156847,0.17488897929196898,0.027227271953255423,0.09598306171574515,0.4,0.6,0.2,53,8.736996427786888,33.8302084838372
19,31,0.11678176935396765,0.14827567089838764,0.14192839088290377,0.12903693432071744,0.1167878558070289,0.18123335134161206,0.029802590800925833,0.10524580577126634,0.4,0.6,0.2,54,8.66831050722019,35.0134604891327
19,32,0.11168507650696373,0.143059121805528,0.13731668046115159,0.1243373250111485,0.10739926467278749,0.1771118780022558,0.02722842864075418,0.09598987805226328,0.4,0.6,0.2,55,8.705901884063614,33.82849277695195
19,33,0.11237252046315904,0.14264145140501838,0.1368888103446458,0.12387056532378846,0.11099489386631864,0.1793016338203956,0.027230167348683776,0.09600003574560202,0.4,0.6,0.2,56,8.695180192403797,35.401735442447965
19,34,0.11239822945164037,0.14249550501844382,0.1370442482363358,0.12445730262069593,0.10821370584897455,0.17947347544618958,0.02723138727941992,0.09600716269435584,0.4,0.6,0.2,57,8.698541280316846,36.971522834488894
19,35,0.11560962889848861,0.14500359566178317,0.13893996801393893,0.12674920654175637,0.1123959389689872,0.17915923673426964,0.029828696356160273,0.10535093001989997,0.4,0.6,0.2,58,8.572300374441578,41.32029241386436
19,36,0.11177886442806316,0.13929058559283877,0.13411857784340073,0.12406241346036027,0.10862193074938276,0.17904154663563496,0.027247648955945804,0.09601821589729367,0.4,0.6,0.2,63,8.644451456049788,35.75251730314848
19,37,0.1129079772368057,0.13811085022523972,0.13170574234266358,0.12210532084579682,0.1119123145897536,0.18273513820228623,0.02727997184051311,0.09583039278867131,0.4,0.6,0.2,65,8.566052425832646,36.33422187141122
19,38,0.11284623687347954,0.13792746238082923,0.13152120001102824,0.12310411289773286,0.1086896994335068,0.1826183722997628,0.02728282734207712,0.09584950063241122,0.4,0.6,0.2,69,8.582990767913785,44.643026439275445
19,39,0.11283405170186722,0.13753019853766257,0.1314234487584749,0.12439280192797769,0.10945403031732755,0.18278378394718914,0.02729083538186385,0.09583319342088475,0.4,0.6,0.2,71,8.595631528712449,44.95142172121796
19,40,0.11629175788695724,0.1396128987743051,0.13470539369439485,0.12846340828808508,0.11337633211169973,0.18378258022846367,0.029735956864786677,0.10524104123401072,0.4,0.6,0.2,77,8.572238055785853,32.84101255718621
19,41,0.11510939037196274,0.13640371205300228,0.13117471190660535,0.12587370345290436,0.11804464070644738,0.1823482416287617,0.029497468083407932,0.10451737408393702,0.4,0.6,0.2,78,8.532603479046912,35.61973171316993
19,42,0.11488452600362567,0.13449015556619714,0.12924570443076167,0.12571181609373933,0.11301022582854953,0.18229081658613372,0.029561939657786127,0.10470091937763382,0.4,0.6,0.2,82,8.431920947853204,35.71627518022343
19,43,0.1153454460046463,0.13458706936220194,0.12994518111269038,0.12722330863579456,0.11305551468496931,0.18370735985104336,0.02954286012872826,0.10467385132696175,0.4,0.6,0.2,84,8.447037550917086,31.900104501116427
19,44,0.11430758760612214,0.1328978871196717,0.12794714062900192,0.12620872384232773,0.11182416024055314,0.1813432890331608,0.029532137616577248,0.10470187160911712,0.4,0.6,0.2,87,8.427339133322153,35.815379429152934
19,45,0.11182435711777827,0.12935753097516187,0.12439713430421329,0.12296153301529153,0.10977030673907806,0.18339210377732007,0.027307553995401895,0.09571885122068832,0.4,0.6,0.2,91,8.277058485017076,27.65695926552147
19,46,0.11245285088697357,0.1296068374414341,0.12464298876704122,0.1254181646581146,0.10982877832045249,0.18506022410478423,0.027319203653476152,0.09579643788248288,0.4,0.6,0.2,96,8.207839852675486,27.47503936012286
19,47,0.11195693148637319,0.12863524783080357,0.1236670384682523,0.12474339016583552,0.11074745260016153,0.1839905965589553,0.02732720295594844,0.0958154514721682,0.4,0.6,0.2,97,8.184813913365415,27.167467560047704
19,48,0.11214550003585519,0.12844937522799024,0.12378073176456655,0.12734714987074025,0.10964096767665099,0.18420798061508886,0.02735186815212898,0.09662307742811241,0.4,0.6,0.2,104,8.217678791435977,27.210242264616184
19,49,0.11223427816667034,0.12829428363412157,0.12392634718599287,0.13022385554041455,0.10978458139662013,0.1847113225130612,0.02739181222745803,0.09620831029359925,0.4,0.6,0.2,109,8.137416170102266,27.34072510856106
19,50,0.11251217559380683,0.12807277242277426,0.1233973173831724,0.131107985147408,0.11127378610435133,0.1855226833348807,0.027324202795993402,0.09650585074437444,0.4,0.6,0.2,110,8.150565601802898,27.30866340815263
19,51,0.11288826358045846,0.128141360068073,0.12346314094969944,0.13212539892610725,0.11084422988994704,0.18638628648744743,0.027522491061537674,0.09631013554780758,0.4,0.6,0.2,112,8.10669985948053,27.059948696487385
19,52,0.11295266475932804,0.1271805113582981,0.12218998582097661,0.13175952125808615,0.1136825269449762,0.1864618671167514,0.027657359297750483,0.09682292308455612,0.4,0.6,0.2,113,8.043102297810762,27.135106220864195
20,0,0.8887280274304046,0.8736649417879813,0.8726733590898906,0.8683057322752258,0.0,0.0,0.0,0.0,0.4,0.6,0.2,1,281.0998748562102,1356.2156534693563
20,1,0.8667468090569296,0.8943638740145562,0.8932305082550694,0.888629482625173,0.06480751364823975,0.09672968896646904,8.215241533018288e-05,0.00011291047792415999,0.4,0.6,0.2,3,263.4517793402608,1318.5353123957184
20,2,0.8278143105387927,0.8922296868783156,0.8909616405978393,0.8864400649838956,0.10322970733949655,0.13154023781570762,0.0010193285993480568,0.00279885849922577,0.4,0.6,0.2,4,242.29262598372688,1177.016475657248
20,3,0.7189675323735152,1.0296080092971363,1.0261931439244978,1.0134678045059806,1.2530425190027845,0.20761306504487487,0.3027460172061818,1.0,0.4,0.6,0.2,5,68.17363440001033,248.3867410315092
20,4,0.7186653317085372,1.0293293777524593,1.025912298545436,1.013178556038405,0.46549501845984637,0.20761306504487487,0.3027460172061818,1.0,0.4,0.6,0.2,6,68.03629408301411,250.9804555990632
20,5,0.42238286322103397,0.7236541066839071,0.7194566416332865,0.7048397044724669,0.545232237503544,0.121995054875726,0.14426351394547582,0.6154702310123559,0.4,0.6,0.2,7,42.61949433808245,252.25389135748617
20,6,0.4198232067254414,0.7201437008065218,0.715918588558499,0.7010137886354337,0.2684058378165664,0.12199505487572601,0.14426351394547582,0.6154702310123559,0.4,0.6,0.2,8,42.02299641261638,256.31342178328373
20,7,0.3855408672790689,0.6467051525090518,0.6419897198956075,0.6238913294721485,0.5776647368731176,0.1748785034250186,0.1523915744844219,0.6235341480823614,0.4,0.6,0.2,9,32.963978470005245,120.75502722243397
20,8,0.23580043957231223,0.3687677095076539,0.3624945654742745,0.3389718796357869,0.4926487545893815,0.15487032691063465,0.10220740602025374,0.41679192263523995,0.4,0.6,0.2,11,15.60990502289457,62.921576917008025
20,9,0.23565766647458558,0.3684886455174531,0.3622141252270983,0.33901688595806484,0.2070464113088766,0.15457579091537801,0.10222493109529222,0.4168274451805768,0.4,0.6,0.2,12,15.59745076873292,62.89341111573278
20,10,0.1952781933590756,0.314962099745978,0.30855349232131984,0.28506796742277,0.2193240209405095,0.15384552165268664,0.07669299085078443,0.31266482848356736,0.4,0.6,0.2,13,14.76685140504862,63.862569517251416
20,11,0.19517441888768366,0.3144958094164791,0.3080835570867497,0.28458390972750464,0.17142888738074324,0.15384552165268664,0.07669299085078443,0.31266482848356736,0.4,0.6,0.2,14,14.794458468465171,63.81171413243831
20,12,0.170880783846059,0.28023346160165874,0.27372122689861267,0.25041759758222026,0.18527629163463474,0.15427447042898748,0.06136437676606026,0.2501707556482528,0.4,0.6,0.2,15,13.95527150604075,52.8309677788953
20,13,0.17411769439307268,0.27439854373070016,0.26809929696519774,0.24405523746591876,0.18753082976411511,0.15349089487782946,0.06557093243585857,0.26731010589076926,0.4,0.6,0.2,16,13.377387214286928,44.153883678750006
20,14,0.16791111351708632,0.2654783900980317,0.25884960254090794,0.235564968164975,0.1581338920787197,0.15479749865829928,0.06124095042756321,0.2499731694156869,0.4,0.6,0.2,17,13.369572033187591,65.58115546825596
20,15,0.15001614498019744,0.23153855501573678,0.22505654709532324,0.20091271050203374,0.19227188222755015,0.1509088253835961,0.05247426538228207,0.21390504026038362,0.4,0.6,0.2,18,12.319672026472984,41.15883427562592
20,16,0.14999016937113174,0.2314888935574584,0.22530954378854118,0.2020201873798395,0.13483024701304833,0.1509088253835961,0.052474265382282066,0.21390504026038362,0.4,0.6,0.2,20,12.308177340218576,41.22863975978348
20,17,0.13830391232287909,0.21916172332674108,0.21267329365350615,0.18950447138553767,0.12501900504559235,0.1529307088821698,0.04373503362562521,0.1782762787876219,0.4,0.6,0.2,21,12.398929674714129,42.02540609364626
20,18,0.138844559377361,0.21754091329620098,0.2107285298227022,0.18823626918445113,0.1319053964860839,0.15532316323895695,0.04376332497047137,0.1786064429222393,0.4,0.6,0.2,22,12.288380858124494,53.1059950739192
20,19,0.12657396344616006,0.19351409221546154,0.1868925116500125,0.16411842989760583,0.15549450528779926,0.15330291242523053,0.03749893843975192,0.15283783586403998,0.4,0.6,0.2,23,11.800564333965324,41.95219876984732
20,20,0.1364744682072927,0.20199424793579163,0.19535912588040305,0.17264244328015993,0.12709935141076445,0.1520384385916573,0.045058035781025324,0.1837019185600363,0.4,0.6,0.2,25,11.471824552319758,45.45907298321372
20,21,0.13670812011588487,0.20131513982027952,0.19467138649882723,0.1721744604295391,0.12817181059644173,0.15309726633299392,0.04505509726730295,0.18370688353635,0.4,0.6,0.2,26,11.502881534644745,44.61484421741868
20,22,0.1356638224883392,0.19469769554845565,0.18769833143678785,0.1659023924902403,0.14408869327903934,0.157735198668233,0.043780564311490015,0.17863834028996825,0.4,0.6,0.2,27,11.365674824269904,54.51482143130824
20,23,0.12967150197659458,0.18636634030810062,0.1799507519512657,0.15744557467432396,0.1283227385559552,0.15277707481596953,0.041328317253406854,0.1684761882757215,0.4,0.6,0.2,28,11.427878033462486,36.26805921479532
20,24,0.12650544473179517,0.18063970664769258,0.17359424844143767,0.1525678442418461,0.12512311680564733,0.15664010556743585,0.038311416682596446,0.15632451304251968,0.4,0.6,0.2,29,11.167156648152208,52.18182149746923
20,25,0.12879895076799702,0.17883388564249042,0.17235583405977034,0.1501296796975299,0.13476380185646694,0.15160447383576928,0.041998413540456504,0.17096061727279396,0.4,0.6,0.2,30,10.852416134786417,41.75637504831485
20,27,0.11871356596796237,0.16302868121111255,0.15680015913521547,0.138432128464296,0.11171988312285694,0.15368770879165516,0.03687917687371235,0.13721996449924656,0.4,0.6,0.2,39,10.719627604897028,38.54988681689845
21,0,0.9385419575145226,0.8876183173256434,0.8867362650984442,0.8827871449263255,0.0,0.0,0.0,0.0,0.4,0.6,0.2,1,233.8112404219848,1360.4232062486074
21,1,0.9054272753883208,0.9034109689642768,0.9023774581518941,0.898157744535867,0.06289291625599196,0.08753835406896,8.329236869252802e-05,0.00010735176944450999,0.4,0.6,0.2,3,216.6508181441957,1290.0700501587294
21,2,0.8605476935502175,0.900831105537526,0.8996527435507296,0.8954733903238301,0.10416070405978156,0.12457808771607255,0.0010745560686564876,0.00244422396396749,0.4,0.6,0.2,4,202.1208152533084,1121.914811546341
21,3,0.7154095994798007,1.0257625970367388,1.0223720878811675,1.0097396007866217,1.2701029737441107,0.18621714232334857,0.32486869762922144,0.941701488925222,0.4,0.6,0.2,5,64.71825071800276,249.62106343920595
21,4,0.3792578597413347,0.6789249245290667,0.6746806518146384,0.6598841661634083,0.37644639467404556,0.09149421728390697,0.15327716369931974,0.4555792842357101,0.4,0.6,0.2,7,44.21536232663789,255.51808737582704
21,5,0.3383858425982677,0.5834685538400224,0.5785124652239637,0.5597006624128494,0.4400227391656708,0.149915205009339,0.16416106752630785,0.4752790284495794,0.4,0.6,0.2,9,27.549024316755823,103.10625161469834
21,6,0.21595314997174025,0.3546453648489596,0.34843137988452144,0.3253504181520145,0.41586079705753554,0.13934611711658096,0.1097038113354818,0.31700768174090127,0.4,0.6,0.2,11,14.299314942044749,63.19634838820063
21,7,0.21630188622997537,0.35491300861599306,0.3486981963282181,0.3256140622577753,0.1856537831283147,0.1404980274700921,0.1096205641486994,0.3168315052414804,0.4,0.6,0.2,12,14.281204885345538,62.73773634193568
21,8,0.1795764445403784,0.30643960475594667,0.30010387258537524,0.276897043396241,0.1966952442522445,0.1383428912814247,0.08230426650884838,0.23778944484757694,0.4,0.6,0.2,13,13.907817253560651,64.53345061900504
21,9,0.18742598089764662,0.31219110268060085,0.306136878237762,0.2826747510494287,0.16895646421601704,0.13473341436629144,0.09078016987791193,0.262087809908065,0.4,0.6,0.2,14,13.662360800448411,41.50766570113805
21,10,0.15791020847353066,0.26923547268492065,0.26274289125745925,0.23951499903419166,0.1845240321885039,0.14432737881774343,0.06562472232305815,0.1897766332383104,0.4,0.6,0.2,15,12.984111839888904,63.84175078648303
21,11,0.16722184118944172,0.2739426682876527,0.2674041887842157,0.24492986361639224,0.16257979897699748,0.14586343973012159,0.07379870011038396,0.21497442877439316,0.4,0.6,0.2,16,12.474791293559068,43.05475334550157
21,12,0.14393529088101134,0.2302685825004783,0.22383294454944397,0.20147162313314357,0.20125832581912098,0.14407940021963533,0.059035314595923455,0.17197484150260345,0.4,0.6,0.2,17,11.53044534435735,36.05408718926511
21,13,0.1271706956548696,0.19478047511970836,0.1881652608912907,0.16486988613084347,0.14773597983535897,0.14161960523617328,0.04921566048580322,0.14333461469719427,0.4,0.6,0.2,19,10.93716594663057,36.31296721770744
21,14,0.12746185649122155,0.19297682107126404,0.18664455791475623,0.16419869746800966,0.11939834402150608,0.14173452706201564,0.049830745619333275,0.14500819551763117,0.4,0.6,0.2,21,10.743339300986266,38.45912560519399
21,15,0.12554319409412634,0.1878965414129938,0.18123146548747765,0.15865237945952465,0.12499927885496014,0.14028128028484418,0.049222302931877626,0.14332907259226296,0.4,0.6,0.2,22,10.656835167544068,36.012094011728884
21,16,0.11599006680271265,0.17298707544792968,0.16627144265696375,0.14400528938880694,0.12441055143060023,0.14109101307543118,0.04175684256963889,0.12176433370699162,0.4,0.6,0.2,23,10.3791716129842,38.11931708776781
21,17,0.12568275211931007,0.18200942923825647,0.17528744700593152,0.15368465533699077,0.11809546928352102,0.143906221569431,0.0491307015531252,0.14317305575661726,0.4,0.6,0.2,24,10.288551801907008,36.73565143390341
21,18,0.11055426225830736,0.1624662651886514,0.15570284081516497,0.1339415283474925,0.11660694177982565,0.1445350815231249,0.03685561973664676,0.10742619861361727,0.4,0.6,0.2,25,10.472702451189988,36.664409166987966
21,19,0.1164846982177048,0.1648378614853419,0.15804114901250285,0.13685144012404676,0.12019732091787133,0.14554730486148837,0.04211140869823665,0.12269253543726907,0.4,0.6,0.2,26,10.286767176563965,38.46205927447249
21,21,0.10864206543538442,0.15090115809174917,0.1440476777010563,0.12362146165704495,0.11836967246224885,0.14434433098827287,0.03685119287513737,0.10737200837215484,0.4,0.6,0.2,28,10.000409979616268,36.960477085947886
21,22,0.10856682135489079,0.15050703069543,0.14395347294454608,0.12384573933019358,0.1020198753045001,0.14434433098827287,0.03685119287513737,0.1073720083721548,0.4,0.6,0.2,30,9.966724210644346,36.6895820838331
21,23,0.10002622500850397,0.13743072654391247,0.13053219139313502,0.11139765992410168,0.10116346622935905,0.1467929393620539,0.02948468086670303,0.08591462678347123,0.4,0.6,0.2,32,9.829653348741951,31.747400525014108
21,24,0.09795608133978631,0.1334590873678926,0.1265429377796697,0.10808771535167266,0.09509132146601412,0.1503854428606211,0.026806206059731108,0.07811495603046287,0.4,0.6,0.2,34,9.755504531220756,32.62969455618991
21,25,0.10304773516853492,0.1372341725068164,0.13060879633409953,0.11152323002731725,0.09958796611790828,0.15574768159355643,0.029515610414015,0.08596750129094313,0.4,0.6,0.2,36,9.585702168894269,31.312106022651623
21,26,0.10279942013898914,0.1359212452762612,0.12958897694359958,0.11158887883960779,0.09911395081421805,0.15564062600614406,0.029513841879650907,0.08596224826231588,0.4,0.6,0.2,38,9.449284694438663,30.28937864187384
21,27,0.09926515858484597,0.13091638394741464,0.12426760127736824,0.1074789005003629,0.09620242565346923,0.15532344800019238,0.026835680080304323,0.07816789105690394,0.4,0.6,0.2,40,9.501307514622155,30.916464807346536
21,28,0.10178535046637459,0.13287239214380575,0.1262184445919063,0.10920120337485947,0.09839148467532824,0.15401873100628605,0.029489743500308422,0.08590711160370398,0.4,0.6,0.2,41,9.366453369383478,27.378801420445395
21,29,0.10192349308013748,0.1328396044663127,0.1264870042843484,0.11014186944826687,0.09711096180444882,0.1544765393991419,0.02949069669374282,0.0859075803298521,0.4,0.6,0.2,43,9.361540456500547,27.61156206952454
21,30,0.10029542380212993,0.1310160782663875,0.12466167318293427,0.10931772939376964,0.09539951360787638,0.15827160575719657,0.026846666430747766,0.07827719731702673,0.4,0.6,0.2,45,9.241303696794247,29.588779739283243
21,31,0.10145777617709348,0.13122244126954752,0.12485923334180932,0.11020580265210045,0.09801574167014915,0.15295067113032573,0.029739410298236596,0.08687956046831254,0.4,0.6,0.2,47,9.311605416621802,29.632195978463656
21,32,0.09760723595028817,0.12459195159146363,0.11850619312575789,0.1043394235127493,0.10272972774616096,0.1532775517865648,0.026832030921237888,0.07815344587499748,0.4,0.6,0.2,48,9.291258605566268,27.739267038968176
21,33,0.09823385685180855,0.12507450893811373,0.11898743154404984,0.10571764147190417,0.09393518162090955,0.15490003980962377,0.026834066667464972,0.0781580756683866,0.4,0.6,0.2,50,9.265030159359394,27.819824282842056
21,34,0.09590150346764212,0.12258698688534624,0.11649849411211055,0.10344673779852584,0.09164750479267127,0.15574725032251374,0.02459795228614168,0.07164191771163186,0.4,0.6,0.2,52,9.285550051360811,27.876747303299982
21,35,0.09792097562517785,0.124339621197507,0.11824865812567317,0.10586610543554717,0.09390068403874786,0.1542938106306772,0.026835578542373104,0.07815969022676479,0.4,0.6,0.2,54,9.213306941577924,27.9089919577438
21,36,0.09802650752940736,0.12457382921250043,0.11908990155603769,0.10760961023366988,0.09365151855857015,0.1545736108905047,0.026838113797809062,0.07816363117904335,0.4,0.6,0.2,56,9.228890401941586,27.585853693429303
21,37,0.09799591871716223,0.12424019965950395,0.11814764741641075,0.10812386771261252,0.09376268006797044,0.15454320549047068,0.026838637097002054,0.07817421523474381,0.4,0.6,0.2,58,9.228399730685387,27.631776035388164
21,38,0.09893286733522949,0.12486586574202545,0.11937634294740836,0.10966183087939914,0.09623091502436501,0.15709734005506698,0.026836793832424155,0.07817176173928327,0.4,0.6,0.2,59,9.2020126692067,28.02592671830044
21,39,0.10293414128788733,0.12585631004261205,0.12064219726980932,0.1111372787941336,0.1025748839071343,0.1512155686143295,0.031747243498127374,0.09780928735779128,0.4,0.6,0.2,62,9.112045074513324,32.32587459380647
21,40,0.09529194915930737,0.11718570920577676,0.11226516892275423,0.10383027264106165,0.09239123482080233,0.14661763696151536,0.026544190013791255,0.08533055240857607,0.4,0.6,0.2,67,9.057698006180416,33.869049041661974
21,41,0.09229538825545315,0.11418833710097671,0.10926776584255486,0.1017305681530996,0.08864484901829298,0.14661801649901465,0.02413258751065201,0.07758257462024333,0.4,0.6,0.2,69,9.066835480324375,33.87169103715422
21,42,0.09227849817783966,0.11403650148452943,0.10911470241771125,0.10219531758117333,0.08887525295079576,0.14662156435531898,0.024136148647307856,0.07759185059118337,0.4,0.6,0.2,71,9.032892500204689,33.89180487711291
21,43,0.09235174257571023,0.11403385135488966,0.10911135118679009,0.10369025985165667,0.08898920462708944,0.1467835585929287,0.02413728230299615,0.07769332932395756,0.4,0.6,0.2,72,9.046166647122424,33.4071277182849
21,44,0.09845443887050023,0.11996635069965292,0.11504226015613636,0.10718050528972731,0.09515099465319271,0.1504460546481559,0.02849286628628414,0.08795555322529662,0.4,0.6,0.2,74,9.08480230053855,30.83056667556597
21,45,0.08960974939074584,0.11024924156318663,0.10562014140352807,0.10071887079659136,0.08940945266185904,0.14658694956172752,0.022164127994537482,0.07122867668565544,0.4,0.6,0.2,75,9.01452767924309,33.77047800850372
21,46,0.08958517924463288,0.11014670143615157,0.10551686950085154,0.10093062852492926,0.08642943201062162,0.14656346660385605,0.02213277387218967,0.07131098916867865,0.4,0.6,0.2,76,8.972340047896019,33.73399166871123
21,47,0.10326867005515275,0.12358235490593172,0.11925321429441171,0.11365573395131603,0.1010468948981762,0.153683172872428,0.03160687382473024,0.09734551471479248,0.4,0.6,0.2,77,9.128007997156946,47.11733974613386
21,48,0.10311994305991568,0.122521709212046,0.11818421482104216,0.1131837640203679,0.10295718982517874,0.153683172872428,0.03160687382473024,0.09734551471479248,0.4,0.6,0.2,78,9.082399517724456,46.85954532021962
21,49,0.09651031510615829,0.10973565512385786,0.10443311211239827,0.09424602654585966,0.1008639538124349,0.14593760758262977,0.030566910187575586,0.08765418700131199,0.4,0.6,0.2,81,8.436274973992258,31.800128756823057
21,50,0.09638982524948878,0.10888750661377564,0.10388126889442917,0.09446054341825819,0.0969864531355919,0.14590954126968275,0.030588349654488155,0.08768888906401771,0.4,0.6,0.2,82,8.395337405695257,31.96780422355315
21,51,0.0960775919574309,0.10793865770313558,0.10383557984995549,0.10003823471591211,0.09484403793958308,0.14500489337854075,0.030826425338812614,0.0879357205643582,0.4,0.6,0.2,86,8.252979030048342,32.38285587730166
21,52,0.0962941728296265,0.10758522706985861,0.10347694682441715,0.10030139792266556,0.09486723268816943,0.14564498772096743,0.030731099903491977,0.08847090898851787,0.4,0.6,0.2,90,8.272365247787308,32.17220129755543
21,53,0.09630557237056894,0.10757208144559287,0.10346357199227364,0.10028717624958887,0.09444724879341916,0.14566104984136077,0.030747183263934847,0.08846675920900235,0.4,0.6,0.2,92,8.262917525868016,32.286192263637574
21,54,0.0962857215465359,0.10754266032596217,0.10343406820051719,0.10025733922992021,0.0943934332808365,0.14569516164530477,0.030711394705432313,0.08841417040185866,0.4,0.6,0.2,97,8.267733581795207,32.14804866342307
21,55,0.09219237541628156,0.10336440879488276,0.09925507231926622,0.09734033182034452,0.09045071572999572,0.143616040372751,0.027942336608199086,0.08047967038287282,0.4,0.6,0.2,99,8.336175935360405,31.816473910398745
21,56,0.09613463057316901,0.10727239569263283,0.1034656813633013,0.10082899682830686,0.09468195452487915,0.14567755453068487,0.030591004090696185,0.08821865808658112,0.4,0.6,0.2,100,8.284918581502138,31.96956570651145
21,57,0.09566156576827184,0.10641798277130685,0.10291073920103785,0.10469692471586636,0.09395909434963717,0.14518554091748237,0.03031620985081351,0.08802976190431379,0.4,0.6,0.2,118,8.277663336316724,32.076792491394954
22,0,0.9383336031889432,0.8875613604672994,0.886678798836288,0.8827279947302504,0.0,0.0,0.0,0.0,0.4,0.6,0.2,1,233.6129380728691,1351.2288162688592
22,1,0.905707500735446,0.90551221497763,0.9044726982879607,0.9002300483130984,0.06676466195949483,0.09468339566201324,8.330612368150826e-05,0.00012058127474219001,0.4,0.6,0.2,3,216.46897780706544,1249.3374984675722
22,2,0.5191298782016924,0.764991054331689,0.763020782592929,0.7551780739633105,0.5079710432772434,0.127332907323618,0.002615921955700698,0.01055838801197187,0.4,0.6,0.2,4,118.18210830473072,545.3826304090777
22,3,0.36349108939474684,0.6697127908343795,0.6668372879671801,0.6555346132090968,0.24086598125066308,0.15710348698052218,0.0068399717276492545,0.03864986330429257,0.4,0.6,0.2,6,76.86534706025805,16439.404051220816
22,4,0.31581273827581,0.6270199050251187,0.6238574360294489,0.612308803121648,0.12123282637625218,0.1564547839574954,0.003460261541504295,0.0194288751587817,0.4,0.6,0.2,8,66.29726354591148,16413.90120154448
22,5,0.30993103486247886,0.6217469158793882,0.6185304664753177,0.6073941751112178,0.09079959286874326,0.15753528546215617,0.004399517936881575,0.02249571352035763,0.4,0.6,0.2,9,64.06960576221734,15896.079798634177
22,6,0.22125114509895188,0.5187436495436633,0.5150415616932875,0.5005678454960493,0.35674035854994945,0.15230401051353196,0.004213530019358023,0.02096837760534031,0.4,0.6,0.2,10,42.050575757424525,15923.168260698798
22,7,0.20898844999337696,0.5008639857692975,0.49702253285731884,0.48201594104558737,0.1187054903476381,0.14952113394639815,0.005128655199050597,0.02319039751365695,0.4,0.6,0.2,11,38.307534466126135,15931.343454334572
22,8,0.15542407123879562,0.4142769725429797,0.40982784990886695,0.39285333546667683,0.2815056797457881,0.13398324536132117,0.0031589687319764463,0.014350795751626089,0.4,0.6,0.2,12,29.95269808368453,15387.875629165992
22,9,0.15474290549367198,0.4127616990476125,0.4086021432374244,0.3917779984515556,0.06119522710516757,0.13426000711113167,0.00321887736018946,0.01468930434187811,0.4,0.6,0.2,14,29.816798814447825,15764.608539118595
22,10,0.13830978487383236,0.3796077423809918,0.3752038600185704,0.3583102330633934,0.10140464221829976,0.13230972877805355,0.0024203616268728724,0.0108537561555166,0.4,0.6,0.2,16,25.79847787394874,15354.520453538236
22,11,0.14007433930801905,0.37783358342492224,0.3733802570471734,0.35728563619224907,0.07956205197720888,0.14250110042248335,0.0027596338787645638,0.012097650650492089,0.4,0.6,0.2,17,24.004627763668413,15476.231339309285
22,12,0.12458859837617926,0.3405038872115482,0.33576577474836866,0.3190759846855153,0.1123174817577153,0.1396792150774612,0.002813395324670827,0.01235067629204754,0.4,0.6,0.2,19,20.95768515570837,15354.727972179531
22,13,0.1165836154563815,0.31998246273995545,0.31509138579453766,0.2983099509839507,0.08706162557999424,0.1368003567974791,0.0029088098324178487,0.01266399257097409,0.4,0.6,0.2,21,19.730583063351247,15237.119776670635
22,14,0.11121215508375018,0.3053855029440315,0.3003853127140059,0.2838800400707898,0.0782790371604194,0.13727577688056453,0.0022802220444414433,0.01006105163116966,0.4,0.6,0.2,23,18.616639992564902,15173.30225857958
22,15,0.10855679831720283,0.29809391278353864,0.2936456674197157,0.27801729123792307,0.06806217112927804,0.13798254120525405,0.0017900716443690528,0.00822439834130863,0.4,0.6,0.2,25,18.39060944488936,15357.407011657117
22,16,0.10798790725452008,0.2954823122895343,0.2904051491164861,0.274308899306214,0.06595476486551002,0.13698752005083775,0.0023090915158560828,0.01008382406954725,0.4,0.6,0.2,26,17.23325199758924,15108.641817024867
22,17,0.10522109482993311,0.2898799344655137,0.2853758916249014,0.2702653635725854,0.06945944672289774,0.13615996311434758,0.001542907961447251,0.007077662976375359,0.4,0.6,0.2,27,17.251542105805697,15237.98760194156
22,18,0.10516679535147706,0.28979485076354294,0.28559332908407775,0.270825348555057,0.057057329457951576,0.13615996311434758,0.001542907961447251,0.007077662976375359,0.4,0.6,0.2,29,17.26036756264101,15233.237013057787
22,19,0.0965874687611803,0.2553546881000113,0.2502614738698875,0.235912435014887,0.09347992516218824,0.1386965123064791,0.0024970718092937882,0.00872768698188821,0.4,0.6,0.2,32,16.91616877458491,15303.75335904502
22,20,0.08657871369663972,0.21635782056034747,0.21096041025681314,0.19650827737669796,0.11436810934521921,0.1380381168095762,0.0025010105613091976,0.00884051868158787,0.4,0.6,0.2,34,14.327402985616402,15289.148320450651
22,21,0.0766904558128103,0.17434715985579585,0.16862787014796732,0.1532065710198516,0.11655075333818693,0.13652330583081385,0.002225277874027092,0.007690483144595151,0.4,0.6,0.2,36,12.143278506640153,15234.068470125098
22,22,0.06968441960225885,0.13900045891953444,0.13300728364251346,0.11761950859800467,0.10732514406692384,0.13542251834487462,0.002207363745764834,0.00769892818593401,0.4,0.6,0.2,38,10.619292602865114,15206.094628209985
22,23,0.06603004593801969,0.12643503561664296,0.12035730773852905,0.10546431298734038,0.0707461932749056,0.1318022941798469,0.0019369390878157075,0.006751280965983,0.4,0.6,0.2,40,10.17036193411233,15205.11112761671
22,24,0.06445813700813119,0.11971703212509552,0.1135908678820878,0.09905595874314344,0.06359334832607338,0.1311395238427297,0.0017235086535159917,0.00601080926943115,0.4,0.6,0.2,42,9.87296525905642,15197.094971107665
22,25,0.06592078007390836,0.11796933445535071,0.11241895404604316,0.10064958547589083,0.058116498732182914,0.13745616687186826,0.0014064416116006233,0.0049595231625463995,0.4,0.6,0.2,51,9.776031700996231,15320.286781755109
22,26,0.06633907173322232,0.11773736838802755,0.11157498602056498,0.10085434371558427,0.05814509989615244,0.13735868736684098,0.0019028018397005187,0.0062165565826837205,0.4,0.6,0.2,53,9.612850598853516,16166.461140247293
22,27,0.06472304585185004,0.11046189841483955,0.10485257004463852,0.09256669867909566,0.07684377210408187,0.13748701806356206,0.001407320073012717,0.00492228381969247,0.4,0.6,0.2,54,9.51316340252043,15318.280514012997
22,28,0.0653098711093777,0.10589046956438593,0.10023313609530159,0.08833280520708962,0.0671731394431374,0.14110103184562267,0.0015283143571193745,0.00503570267912301,0.4,0.6,0.2,56,9.233005045365404,15292.103640046786
22,29,0.07045628503145923,0.1094619399665614,0.10409293214194815,0.09647174238911882,0.06444343153060078,0.1466189856645565,0.004612328653639247,0.01199199874105359,0.4,0.6,0.2,65,9.736340326480295,16145.184947558851
22,30,0.06491918891719325,0.10202885919079212,0.09694533769787964,0.09341766497573334,0.05938436339447881,0.14234879614501197,0.0013326264215668014,0.00447307887966659,0.4,0.6,0.2,74,9.089525250336024,15326.348913943744
22,31,0.06401076086258428,0.09676186920999597,0.09194098413640209,0.08727498615046281,0.07359989898889371,0.14197234819488808,0.0013761245529942752,0.0044878027614514695,0.4,0.6,0.2,75,8.989529854324156,15292.3786401761
22,32,0.06379327423158486,0.09582612307582623,0.09099862083287809,0.08692983684134899,0.06085142870470034,0.14174032306677004,0.0013767130242131882,0.00448950451332433,0.4,0.6,0.2,76,8.957704166079814,15323.532066821515
22,33,0.06350329064768927,0.09435540467690257,0.08982000131282776,0.08561753015246257,0.05978372061847421,0.14157995171623927,0.0013764783340832524,0.00446445920865976,0.4,0.6,0.2,79,8.893116135451377,15324.836318477866
22,34,0.06348026820656882,0.09421518054168217,0.08998157301026459,0.08757889215035793,0.058596978604800426,0.1416130281591203,0.0013760077239713835,0.00446373552016395,0.4,0.6,0.2,82,8.883788050034306,15324.306061920595
22,35,0.0637556369940111,0.09362976509116376,0.08908533470473835,0.08642121879613168,0.060074048329288914,0.14263822773240661,0.0013818313072625284,0.00443757109055563,0.4,0.6,0.2,84,8.840124155525679,15326.69392615776
22,36,0.06267684638947268,0.08970635023912829,0.08483286191722741,0.08681352214501914,0.06002355038377962,0.1410824978116068,0.0013844175167430567,0.00450233546988805,0.4,0.6,0.2,89,8.78873716381707,15329.441460933784
22,37,0.06241070826383994,0.08742734490930122,0.08283830439985894,0.08535099329326987,0.06179507277983497,0.1412674680266684,0.0014003987466776086,0.00452906793994126,0.4,0.6,0.2,91,8.682898669806523,15321.405144742615
22,38,0.06228531263306423,0.08704251634579016,0.08245107161524241,0.08526924870195249,0.05904451933813061,0.14107284506103573,0.0013980808725639147,0.00451601889444929,0.4,0.6,0.2,92,8.682599650922025,15328.154966573726
22,39,0.06228531262996537,0.08704251634358591,0.08245107161303816,0.08589833862941237,0.058171274427412295,0.1410728450562901,0.0013980808721737207,0.00451601889408989,0.4,0.6,0.2,93,8.682599649432168,15328.154966668262
22,40,0.06420703777435335,0.0890697916287567,0.0853881947399951,0.09191196370935566,0.060182030948440796,0.14584583201411322,0.0013973600631113786,0.00471876335809578,0.4,0.6,0.2,102,8.887706415199506,15343.733979826631
22,41,0.06384848560599717,0.08806144909162715,0.0843739170252536,0.09151662387180726,0.06060037047045441,0.14528225751077697,0.0013922388130854222,0.0046127319814183495,0.4,0.6,0.2,105,8.903836234213559,15344.773795256227
22,42,0.06406517468023214,0.08658051978626018,0.08287745747674628,0.09060217301036845,0.06322159124405012,0.14645362379769478,0.0014060268029323676,0.00472287994007993,0.4,0.6,0.2,107,8.824529634808806,15351.870805125356
22,43,0.06123580523612842,0.08233855750626994,0.07953147397708435,0.09267185274997844,0.05805303999220825,0.1406085252251581,0.0012793124825518376,0.00403332774650983,0.4,0.6,0.2,131,8.497277527985563,15115.864077130767
22,44,0.06170562312271477,0.08260170922285835,0.07979276939649685,0.09357910041624044,0.058668024515233674,0.1418521192584258,0.0012941863277506544,0.00402013877429326,0.4,0.6,0.2,133,8.47556162356153,15117.133828420156
22,45,0.06294165762064725,0.08323812044211795,0.07981772980510668,0.09523222744075244,0.06009538891162338,0.14474643289904188,0.0014273721476873182,0.00435583073794674,0.4,0.6,0.2,136,8.460929437626149,15138.257508818564
22,46,0.061909613270263134,0.08242087562642741,0.07991134299654162,0.0967852140643166,0.05865928157467389,0.14238593635118676,0.0013346825164310139,0.00423984144694013,0.4,0.6,0.2,139,8.430372495468069,15108.755199829144
22,47,0.06225045789827093,0.08042091621016348,0.07698110935120268,0.09361643393326466,0.06623734114997509,0.14387313363121676,0.00143409870132119,0.0043562182991324595,0.4,0.6,0.2,140,8.330436827634442,15142.635334082548
22,48,0.06231395342076375,0.08023621751418411,0.0770971698627326,0.09591678608518205,0.059534221738785434,0.14399862305131672,0.0014771410163325865,0.00456707377052685,0.4,0.6,0.2,147,8.342174193122544,15143.792542002528
22,49,0.06224232015776451,0.07951871541074498,0.07697967264468135,0.09824586496230192,0.060199254307016906,0.14403841581764004,0.0015144649270253622,0.004683134348973,0.4,0.6,0.2,151,8.302046555618539,15143.830517944292
22,50,0.06218396518998822,0.07934802108740707,0.07650500627130076,0.0980000130164339,0.059512170853822426,0.1438993774774021,0.0015208287882828681,0.00466832449685591,0.4,0.6,0.2,154,8.283080388959071,15143.990842952651
22,51,0.05930995655926269,0.07613019458201367,0.07540480179136966,0.10731534861750705,0.05679970500358467,0.1376901569959449,0.0013268346420347856,0.00408026756273418,0.4,0.6,0.2,181,8.31192157491539,15143.927676590807
22,52,0.059085925332359124,0.0759567654998715,0.07553477048212281,0.1097746299179719,0.05648540887726784,0.13712814100870724,0.0013397884658626336,0.0040772332433863705,0.4,0.6,0.2,190,8.400170469681937,15145.30854949476
22,53,0.05888248409328302,0.07489167214676108,0.07506783315535166,0.11124038554195058,0.05701330464896462,0.13702797844806788,0.0013410165659271736,0.00408770900783611,0.4,0.6,0.2,196,8.314818503511525,15144.901223647572
22,54,0.05899677658709676,0.07450605009240242,0.07467766344413802,0.11201892032557279,0.05746210898582655,0.1375175097344083,0.0013372817848832765,0.00408880540004408,0.4,0.6,0.2,198,8.302520283977117,15148.538218712434
22,55,0.05893994795100811,0.07434326206124463,0.07451393504419694,0.1116991368720577,0.056941263772653405,0.13740878291163297,0.0013422274899225818,0.00409143803322704,0.4,0.6,0.2,199,8.280651465427178,15148.810040268949
22,56,0.05891397769129736,0.07427215404534529,0.07444237615726018,0.1119706404989073,0.05671894937711949,0.1373660424761808,0.0013405381504593547,0.00408793859236628,0.4,0.6,0.2,200,8.28455042765535,15149.712908705638
23,0,0.9744056264855037,0.8972310177206146,0.8964244781965881,0.8927638651720184,0.0,0.0,0.0,0.0,0.4,0.6,0.2,1,203.24283102098133,1388.9102398334662
23,1,0.9583485319758885,0.9223177280717145,0.9213918761491628,0.917584963627586,0.06225982035273829,0.10050598240145714,8.43044078508353e-05,0.00011290944885867,0.4,0.6,0.2,3,190.9852959276052,1355.741472067577
23,2,0.8942977140059061,0.9119881163425018,0.9108890125414564,0.9070131189593642,0.11547883228017192,0.12697118035998128,0.0011109907081846857,0.0028381937977416402,0.4,0.6,0.2,4,177.7200828152219,1179.1499327683875
23,3,0.7380970197800074,1.048503033492609,1.0451082406891146,1.0324595083136496,1.3240275792190888,0.19344020054402492,0.3394236187833187,1.0,0.4,0.6,0.2,5,64.78144722133668,257.69256969268343
23,4,0.41606927982107955,0.7166593663539362,0.7124398472246496,0.6977392370157729,0.40587690370603374,0.09854065356630344,0.15953165221328355,0.5956467597140094,0.4,0.6,0.2,7,46.97443551771484,250.04505237845223
23,5,0.37242615168650894,0.6164409638124497,0.6114700857788071,0.592805450590403,0.4819199074257005,0.15732090753014547,0.17128391904001886,0.6134187698984489,0.4,0.6,0.2,9,28.363654177367994,111.63105141298637
23,6,0.26905038025929723,0.4727745133205525,0.4672821710063056,0.4471734995668459,0.3068835468651308,0.15139936421023492,0.11444220847462454,0.4096160586929295,0.4,0.6,0.2,11,22.31737715677816,89.59709060348325
23,7,0.2528518880569265,0.4229737200064547,0.4170957549548272,0.3959435304550268,0.28129401698543266,0.1500700000622524,0.114332917115448,0.4092796418642827,0.4,0.6,0.2,13,18.640899280526,77.81979854030844
23,8,0.555890954347186,0.710110081824352,0.7040594435991118,0.6836822168433404,0.5514366591693,1.0,0.059732819865235855,0.4188979175781772,0.4,0.6,0.2,15,17.035924102194357,56.880861859180165
23,9,0.5567205865175359,0.7103032087483011,0.7042458040020091,0.684478841011711,0.5231211860528122,1.0,0.06057660900286079,0.42163734978765965,0.4,0.6,0.2,16,17.0111742679788,56.08036258936027
23,10,0.5537878234243989,0.698644502186899,0.692494401653857,0.672374265463481,0.5553484704571753,1.0,0.060698493893132026,0.4220621132031792,0.4,0.6,0.2,17,16.426312285824856,47.86975726623075
23,11,0.5825875765977069,0.7190006622660298,0.7127625534093868,0.6919022088361987,0.5845656128907823,1.0,0.0769652959039146,0.531051842865885,0.4,0.6,0.2,18,15.763346523771933,47.452577268760656
23,12,0.17663916175753458,0.2987395464799424,0.2923554192805401,0.270933941711034,0.2038728555353378,0.1516988176665373,0.06842377265449269,0.2450748086827545,0.4,0.6,0.2,19,14.967988263681663,66.36168676172424
23,13,0.16259792569098916,0.2837692439662771,0.27737568422965264,0.2567280489438565,0.1404337099373823,0.15490525768664282,0.056978300084701027,0.20414224629539643,0.4,0.6,0.2,20,14.77173381094258,72.59351134503068
23,14,0.17533042754356215,0.28939541892819726,0.28293027500742973,0.26143139129866855,0.17801128477922185,0.15406455744194741,0.06845653637767413,0.24512265535491978,0.4,0.6,0.2,21,14.34394795099806,69.9393070316007
23,15,0.15498730116091453,0.2522256151069273,0.24559358474157977,0.2240348190396556,0.19709971690712752,0.1518427102948385,0.05704424371164719,0.2042653272931056,0.4,0.6,0.2,22,13.429169114214154,66.98100502036937
23,16,0.14249055462204158,0.23850389066787983,0.23185985125731373,0.21091598865816677,0.1258375909168761,0.1481557869149709,0.04890360239362096,0.17511000898905216,0.4,0.6,0.2,24,13.411750366471312,73.86589499374601
23,17,0.14228111161166537,0.23753738200375726,0.23118880678328005,0.21049394737658486,0.12514460860614796,0.14815578691497092,0.04890360239362095,0.1751100089890522,0.4,0.6,0.2,26,13.328122920640508,74.23823908021564
23,18,0.13955923602699988,0.2193856154912986,0.2128872434693992,0.19127120275984688,0.17958815267780287,0.15051747529584492,0.04889144441833153,0.17508986437765034,0.4,0.6,0.2,27,12.208485871303507,57.56560272039143
23,19,0.12662988318141977,0.18903592358098142,0.1823712904862967,0.1608061676339395,0.1458971601317826,0.14767523460115245,0.0427877227128388,0.15322494898396896,0.4,0.6,0.2,29,11.388497562304895,57.783462082987285
23,20,0.141047026884687,0.2007663690515153,0.1937734958871466,0.1735474045608097,0.13934369872085206,0.15586065690849013,0.05133076428041125,0.18595960882667648,0.4,0.6,0.2,30,11.479900795419065,39.323686216041125
23,21,0.12465108669242352,0.18260700737878266,0.17620329621322012,0.15534570009772103,0.12108795946197268,0.15155529770910353,0.04068150067075516,0.1465044383661423,0.4,0.6,0.2,31,11.393892466435869,45.54499807513655
23,22,0.12814296290277014,0.17787995198899917,0.17079324394113096,0.15094034561275624,0.14709122080248177,0.15277844021242235,0.044007111493989844,0.1594201524781535,0.4,0.6,0.2,32,11.115469399630578,39.73070782099335
23,23,0.11993068380902723,0.16720236138551092,0.16009260598930974,0.14115200487971236,0.11589708012302555,0.15163017472274187,0.03850950563186549,0.13950376039958556,0.4,0.6,0.2,34,10.693487478289525,36.959055062737626
23,24,0.1285481841827296,0.17549183754062123,0.1692878029336587,0.15012431106552807,0.12140429909859088,0.15300518419297562,0.044729419641290645,0.16174230572018372,0.4,0.6,0.2,36,10.96993455171623,42.17663566196632
23,25,0.11200820614937029,0.15761313478216632,0.1510937099517232,0.1322164668817885,0.1062214067455157,0.15832954967813515,0.03075393689078492,0.1114954331956092,0.4,0.6,0.2,38,10.48585629268385,43.519346281569845
23,26,0.11145044807857567,0.15365778912904124,0.14710672360223997,0.1291449457519185,0.10803334331238214,0.1585106461315501,0.030758357326727128,0.11149349728227027,0.4,0.6,0.2,41,10.33431136863249,42.88810149280077
23,27,0.46591136885107975,0.5062927769660446,0.5012395656763107,0.48443813349381465,0.4609722158223347,0.5872746060794212,0.0402087777155418,1.0,0.4,0.6,0.2,45,10.550310600665457,42.08617174327975
23,28,0.4658147147553881,0.5061628160202456,0.5011092956664538,0.4851111211249214,0.45905816463904986,0.586984291599425,0.040251348427670086,1.0,0.4,0.6,0.2,46,10.546270773022126,42.18866282289142
23,29,0.5737828661016051,0.6140910605992385,0.6093400653388392,0.5937548223255577,0.5671594627389692,0.8568457284391766,0.04033033963297651,1.0,0.4,0.6,0.2,48,10.555477790318273,42.35616932350322
23,30,0.4612614025240969,0.5003295148408949,0.4955670603720342,0.4805390215736696,0.45885899933930335,0.5821652130689868,0.03628942907960876,1.0,0.4,0.6,0.2,49,10.26028196033472,40.84210458630589
23,31,0.11509328673764305,0.15249644974599802,0.1471126212273621,0.13353171492634036,0.10958077750776793,0.157857108751002,0.034475639742065946,0.12455382195988629,0.4,0.6,0.2,55,9.817552253756892,46.02914599293948
23,32,0.11473925573611746,0.15214795007169474,0.1467641941655606,0.1352341656580442,0.10838806837248399,0.15723014710502398,0.034435262659382314,0.12416088817634004,0.4,0.6,0.2,58,9.799098124406132,47.82987063066033
23,33,0.11358555745364562,0.14990635439858446,0.14511846274105164,0.13416600019396463,0.10959796788807971,0.15062986890245894,0.03571133739003221,0.12889110208307758,0.4,0.6,0.2,60,10.02789584241352,39.18981567202896
23,34,0.11467282356005307,0.14611178673993946,0.1412788209117437,0.13049166955248281,0.11767486162622023,0.15981320881723232,0.03442175739624435,0.12412288889885696,0.4,0.6,0.2,62,9.599595515716592,44.724090127709815
23,35,0.10857104959452263,0.13817424149820273,0.13332436514978835,0.12515976494727965,0.10672141375779867,0.15669105992550586,0.030983358561210744,0.11176020637684773,0.4,0.6,0.2,64,9.634104281082427,42.74629765270558
23,36,0.11298612843710151,0.14222317917417238,0.1379758190447676,0.1305246884524859,0.109049550254042,0.1566120016800509,0.034423943967686554,0.12414106397659305,0.4,0.6,0.2,66,9.554402782920826,41.67553559232708
23,37,0.113119874136903,0.14206219389876018,0.13781211827032527,0.12972809437569852,0.10930681295592938,0.15706997150143712,0.03442511327433761,0.12414297506439538,0.4,0.6,0.2,67,9.541725620342984,41.44633404213982
23,38,0.11174959509924687,0.13927522715233015,0.13440627240755712,0.1270927666417662,0.11135618337307301,0.16550815210451345,0.030990380421259848,0.1117826552526415,0.4,0.6,0.2,68,9.505956600894487,36.04906925977148
23,39,0.10470592516125364,0.1309514326810592,0.1266765793281313,0.1234884824865239,0.10076560184039618,0.15648983878138217,0.02862863169860755,0.10291935686356612,0.4,0.6,0.2,80,9.50997274941916,1313.483928667473
23,40,0.10866118997558988,0.1337664895032871,0.1294811746392979,0.12814008109850059,0.10641840131153356,0.16830636100952223,0.028200579844251096,0.10130434282818523,0.4,0.6,0.2,82,9.385647240795432,43.58502642739869
23,41,0.10881142308591077,0.1337696629587798,0.12978605762411613,0.12900755281253523,0.1050929610149284,0.1687425358304579,0.02821039866488822,0.10135274258859053,0.4,0.6,0.2,84,9.373373171363903,43.59114253033127
23,42,0.10870023565649065,0.13363488552571315,0.1299539821935148,0.1297439679893406,0.10479268189790199,0.1685511129672557,0.028203633438762102,0.10129514556489869,0.4,0.6,0.2,86,9.36895420633866,43.63983324734912
23,43,0.10776775619781015,0.13230258053165603,0.1292239632008806,0.13042670825631017,0.10571724383457645,0.16487142012982053,0.02863453487869405,0.10318469330940261,0.4,0.6,0.2,87,9.256172545317968,42.40550559301953
23,44,0.10863354771140268,0.13108711946239493,0.12798947603406596,0.13144417919228657,0.10614396737884146,0.16787148460033208,0.028642675588191963,0.10321913043657105,0.4,0.6,0.2,93,9.170891778194555,43.8587647342906
23,45,0.10837048146389269,0.1302513288937028,0.12714840824674414,0.13157955170855062,0.10545078829994184,0.16744912619972327,0.02864316148566925,0.10321998352711385,0.4,0.6,0.2,96,9.501625523723364,45.08472692822704
23,46,0.10833206037080975,0.13006955916676524,0.12726832994930212,0.1322853162227268,0.10520090624604608,0.16744912619972327,0.02864316148566925,0.10321998352711385,0.4,0.6,0.2,98,9.47044004031169,45.2026918682913
23,47,0.11335934853442436,0.13469167936089407,0.13158375887529458,0.137988347342468,0.11041793788097831,0.16793639537036303,0.03261635659732131,0.11572176686619198,0.4,0.6,0.2,100,9.246383100442644,41.67370170667078
23,48,0.10955594679146902,0.1304400036931694,0.12823680761015674,0.134773460732787,0.10700634320496132,0.17097334031623007,0.028631009740094433,0.10317624232938385,0.4,0.6,0.2,103,9.480876730241016,46.25336222554069
23,49,0.10919018629877711,0.1294424408851198,0.12753652505087545,0.1339708907933045,0.10837650409265911,0.17035329781295463,0.02863090375241349,0.10317805161778282,0.4,0.6,0.2,104,9.455385818468995,46.73769851565677
23,50,0.10916116302843537,0.12914543899569908,0.12693401374346994,0.13444655837634142,0.10625362790375018,0.17035329781295463,0.02863090375241349,0.10317805161778279,0.4,0.6,0.2,106,9.459047084123878,46.75277798989341
23,51,0.10923442399731284,0.12917424357511037,0.1272654403625754,0.1353878538272617,0.10627591646293828,0.17059212787290293,0.028630693724944038,0.10317685333575981,0.4,0.6,0.2,108,9.453027380716136,46.15005908049643
23,52,0.10903251399869211,0.12658070804815286,0.12434707745273331,0.13176375371551718,0.11393050708010265,0.17098811745995954,0.028642049754685175,0.10320571415243374,0.4,0.6,0.2,109,9.401133026953802,46.051203752945845
23,53,0.10901899353802276,0.1262203287730747,0.12458948614476299,0.14216553751471636,0.10637308584876091,0.17150155081459442,0.028634968818736336,0.10255648964203741,0.4,0.6,0.2,131,9.992173407206108,114.30710216883008
23,54,0.1115429583958143,0.12768406189874218,0.12664955661659313,0.14376606698193445,0.11316103304685596,0.17820548013960497,0.02868620436861497,0.10260741071412438,0.4,0.6,0.2,132,9.02938059498152,39.1434820666322
23,55,0.33031266072223525,0.34455121535726335,0.3431963861970764,0.3623400867991421,0.3311023663948162,0.2770627147999692,0.028746989818906925,1.0,0.4,0.6,0.2,134,10.75090864611542,189.7428531697288
23,56,0.11036530331186474,0.12340491515584077,0.12203918859640034,0.1414856394553629,0.11231090354964718,0.17617823721786474,0.028729801526676767,0.10302799925288067,0.4,0.6,0.2,135,10.784906086069768,189.31002432134616
23,57,0.1102439068157273,0.12315128532460419,0.12178433005364929,0.14225997091970702,0.10843479484291203,0.1762550907993818,0.02862556172518217,0.10268400038118013,0.4,0.6,0.2,137,10.813081483019594,187.88338340209447
23,58,0.10981572915360967,0.12241855851811533,0.12074595241109336,0.14120345226038616,0.10853495290082064,0.1761698119076288,0.028359290710789645,0.10168086364847499,0.4,0.6,0.2,138,10.776751316103608,188.05309384882457
23,59,0.11009870311762841,0.12232503616803019,0.12155789810509686,0.14234453832041394,0.11035953475088452,0.1760274897782022,0.028689304735440305,0.10289687786349344,0.4,0.6,0.2,139,10.753227649294733,188.4567907286903
23,60,0.1097752054232341,0.11938934441250362,0.11829559336918449,0.1442048784759013,0.108918800497669,0.17780621606997749,0.02806601932551045,0.10155231515648595,0.4,0.6,0.2,152,9.713401557751736,110.06556395886466
23,61,0.10952750664706645,0.11899832483456152,0.11790326552458705,0.14450134219798688,0.10828506039198327,0.177245168894612,0.02806504552500111,0.1015493380144322,0.4,0.6,0.2,154,9.70906238858942,109.60550879291522
23,62,0.10961845667539712,0.11865298843278425,0.11785694267027436,0.14621407228314226,0.10909373306917357,0.1776773064381011,0.028063684593645756,0.10154925436242716,0.4,0.6,0.2,156,9.697957724862286,109.2738643112822
23,63,0.10880272156752517,0.11617227378454124,0.11505816213038648,0.14609308702988638,0.1086918741013884,0.17626337626411512,0.028057477813413865,0.10152452490774214,0.4,0.6,0.2,161,9.640201237019848,108.74857860568927
24,0,0.9410941208169114,0.8883139293270864,0.8874373353542832,0.8835090406200891,0.0,0.0,0.0,0.0,0.4,0.6,0.2,1,231.02656801260332,1353.033786490156
24,1,0.9059551988071243,0.9043396896653967,0.9033048711884372,0.8990798946067476,0.06523310392461869,0.09028194294031328,8.370552690093721e-05,0.00010370647492360999,0.4,0.6,0.2,3,214.63187305994668,1265.4329777445816
24,2,0.8681644138651002,0.9076689764963205,0.9064933954839681,0.9023248115891062,0.10913059381761707,0.140768914484866,0.0010876100402474702,0.00242670873528536,0.4,0.6,0.2,4,201.3489914607155,1114.7806963910575
24,3,0.747032265440869,1.0577627082889325,1.0543469379506434,1.0416196346331257,1.3158271059578102,0.2377660728630763,0.32976188236364135,1.0,0.4,0.6,0.2,5,74.89022137082044,233.0599791918609
24,4,0.431411155061776,0.7407074648017388,0.7367061937782553,0.7228478346006683,0.3625508086854869,0.1338539715450305,0.15485055427428657,0.5202509476691801,0.4,0.6,0.2,7,56.87671388048126,236.9870197345413
24,5,0.3700006903167995,0.6182180664045326,0.6133071393600353,0.5948726411118551,0.5006524543897015,0.1992336646495418,0.16622280399616532,0.5154245488049912,0.4,0.6,0.2,9,30.633206699223024,109.41987664067732
24,6,0.26996778140784156,0.479903225577352,0.47448599588884904,0.45509580705945246,0.3016924044941262,0.18400271555402742,0.10501372428771906,0.36046472406968283,0.4,0.6,0.2,11,27.026968846124,144.98711055537387
24,7,0.25654302108091737,0.42930626501664076,0.4234574221906618,0.40241711179083056,0.2923022063647603,0.1943458532775875,0.11095615596105028,0.34393173720207476,0.4,0.6,0.2,13,19.68053324008248,77.41741376639891
24,8,0.21047609682685994,0.35142789829659526,0.34523743508879967,0.32325810319806436,0.2414728977839203,0.19297817863383654,0.08325560718977619,0.2580109886563787,0.4,0.6,0.2,15,16.768867984811685,76.5627867267736
24,9,0.24230351490508906,0.3794827901566504,0.3732530752113969,0.35157151012659926,0.22619643057499744,0.1917046520943295,0.11062156353279393,0.34372533256894106,0.4,0.6,0.2,16,16.352836848686323,79.50714120840153
24,10,0.20121170831237073,0.31440324956117327,0.3079293666597469,0.2853142466180707,0.2675628655228659,0.19048918337845305,0.08335302343504872,0.25819880274172713,0.4,0.6,0.2,17,14.707960756449737,68.69702033526188
24,11,0.1924933904114718,0.30454949894110556,0.29806407325597356,0.27625726083381463,0.17396124625859458,0.19379200863917043,0.07493512838517788,0.2349363302514706,0.4,0.6,0.2,18,14.675854661395492,48.19439516501638
24,12,0.17576672001201607,0.2710226558129363,0.2643712129447027,0.24169612809604196,0.21779671272976264,0.18936649939953007,0.06670124992558071,0.20661257946896439,0.4,0.6,0.2,19,13.384653140189492,68.43171249715729
24,13,0.1664744050645649,0.2501027787823468,0.2433381070351881,0.22110755356222367,0.19227172157199396,0.1925272700795791,0.05996670462832496,0.18800196834019406,0.4,0.6,0.2,20,12.913172635734815,43.09249738310041
24,14,0.16156168266900525,0.22498255247945578,0.2180246477056613,0.19553435618658738,0.18555162022128438,0.1912030380490614,0.06000520027478602,0.1880559955497631,0.4,0.6,0.2,22,11.853721778446571,38.58262352263065
24,15,0.14785339883302953,0.20394445184503196,0.19691734619242438,0.1748354026066854,0.15054968821402914,0.19127085341145175,0.050017824661421094,0.15675488644384722,0.4,0.6,0.2,24,11.415875585925289,40.23054363280144
24,16,0.15932273911349892,0.21399605566572946,0.20695566116174147,0.18531553773783893,0.1544988602571572,0.1900019784294876,0.06001349164414134,0.1880509296274599,0.4,0.6,0.2,25,11.497642925374365,38.24048525797525
24,17,0.13739590038694627,0.18772810492512443,0.1806469881897562,0.1592975755374886,0.14348739400482238,0.18983877009663822,0.04287735441980235,0.13438115149662933,0.4,0.6,0.2,26,11.109467051603652,38.93835360474707
24,18,0.13070761433072592,0.17404676228970184,0.166900360726611,0.1462654837694014,0.129163559897424,0.19303215314615327,0.03745546660884848,0.117429205352932,0.4,0.6,0.2,30,10.514662070671388,37.42752936537831
24,19,0.1306200698544875,0.1735762529336589,0.1667292319127867,0.14640546531097495,0.12397888824298525,0.19303215314615327,0.03745546660884848,0.117429205352932,0.4,0.6,0.2,32,10.502382293172284,37.06912678127128
24,20,0.13061951362754753,0.17366265508142464,0.16711934029542705,0.14740392183784526,0.12317708664300277,0.19303215314615324,0.03745546660884848,0.117429205352932,0.4,0.6,0.2,34,10.50148969524569,37.09878627658799
24,21,0.12431532971188301,0.1627786394135462,0.15558697701213497,0.1375830202205051,0.1251739518780203,0.1922323802316498,0.0332263649730778,0.10422039881152056,0.4,0.6,0.2,36,10.496691728405942,36.33653382205547
24,22,0.13210595486874113,0.17000886246639083,0.1628120039066878,0.14555565216708255,0.1265217395213569,0.21192077085609634,0.03325880609546946,0.10420714788706165,0.4,0.6,0.2,38,10.383785827181502,33.68380709950227
24,23,0.1416894474451058,0.17548976893054463,0.1682549672010783,0.1503858235102445,0.14980730255675945,0.20856873445843868,0.04276670807567325,0.1339626743403694,0.4,0.6,0.2,39,10.115133533101202,29.32964662489968
24,24,0.12658016846791198,0.16044052094962225,0.15350917713761378,0.13676808663472778,0.12082848385187314,0.2000078616916102,0.03322251897169273,0.10419782900179067,0.4,0.6,0.2,41,10.27066661356544,37.9875757188348
24,25,0.13199870183193255,0.16324133008588854,0.15689172067566753,0.14318016996145572,0.12763200232072808,0.2078092153842785,0.035689560793805676,0.11073636500747353,0.4,0.6,0.2,51,9.70787871242525,41.134569939236
24,26,0.13057167652319626,0.16044795840909476,0.15408576849245348,0.1423236491395175,0.1270347046742571,0.20483543097923418,0.03568901225388838,0.11073443200502416,0.4,0.6,0.2,54,9.714361470802125,41.06903150851754
24,27,0.1313866186151835,0.16049882706940713,0.15443264795603587,0.14311064886033686,0.1278992718699994,0.20723051568252876,0.035696184089703174,0.11073319957814658,0.4,0.6,0.2,56,9.67276306462722,41.36788085976267
24,28,0.1325371385959815,0.15784709962783675,0.15204892215539112,0.13818858336713544,0.1348417394420304,0.21288898629316813,0.035248657295122596,0.10982764158918008,0.4,0.6,0.2,58,9.452450567859811,46.68945982336969
24,29,0.1323178278634002,0.1564074447160812,0.15090100295340939,0.13745623016279634,0.1304683482082135,0.21288898629316813,0.035248657295122596,0.10982764158918008,0.4,0.6,0.2,60,9.384249319442574,46.74435708191103
24,30,0.12405288711075396,0.14718046001820895,0.14166521852823705,0.13375959987688069,0.12046024292410712,0.21256451729933187,0.028710121412044494,0.08957076644991133,0.4,0.6,0.2,71,9.417198293927465,45.993550317823534
24,31,0.12633892012611891,0.14874384178907493,0.14352501068431434,0.13521936942573992,0.12531793755421744,0.21308589283892326,0.03049707640687703,0.09527252392976984,0.4,0.6,0.2,72,9.506908066088275,46.31519652641332
24,32,0.12896845539536,0.15151640562369628,0.14690472549465927,0.13958048616805266,0.1252912782185015,0.21522504108906984,0.031984858809859525,0.09971206291761991,0.4,0.6,0.2,74,9.289310083173746,45.87497008977823
24,33,0.12889384412035865,0.14988070193246317,0.14555772067662093,0.1396362372506063,0.1281874113190734,0.21571703206758194,0.03198549982340525,0.09971347463064514,0.4,0.6,0.2,76,9.240176644840307,45.68280172760456
24,34,0.13012719772117087,0.15053604517819344,0.14590481697326071,0.14067805951202803,0.12837977647068138,0.2189826081538313,0.03199475263230994,0.09972387889213452,0.4,0.6,0.2,77,9.279873411553035,45.831639742725
24,35,0.13024699369475973,0.1492555900262046,0.14491451399167693,0.13924171650367456,0.13208636649693023,0.21462419676144892,0.03418803617100479,0.10367556897725276,0.4,0.6,0.2,78,9.230673509182033,66.41142102112829
24,36,0.12977454113369125,0.14801037737869216,0.14366224798557867,0.13859794467656955,0.12804537916851574,0.21386948972760456,0.034134593353566535,0.10361075360133334,0.4,0.6,0.2,80,9.239329600469718,66.76026151703614
24,37,0.12966930899165818,0.14724646362823804,0.1428923211141594,0.13812282909187362,0.1289581164624637,0.21387700897791012,0.03413319310298502,0.10360691627922289,0.4,0.6,0.2,81,9.212271136114198,66.67655814929319
24,38,0.1288646446768465,0.14421373390405506,0.1404452768383569,0.1366599154469197,0.13441785663947295,0.21602070087552624,0.03316324844846066,0.10013986581181751,0.4,0.6,0.2,82,9.061826916607457,45.844853404631
24,39,0.1281433677880247,0.14204565881658904,0.1379610963464019,0.13455547165312182,0.12691107034102905,0.21549911382458814,0.032844188014032286,0.09961308599906628,0.4,0.6,0.2,86,9.021988043997077,45.295986080788026
24,40,0.12821360329708387,0.14206317949021904,0.13828108790179222,0.13635547586980923,0.12605098645305307,0.2157374603512793,0.03284199873841053,0.09960720015613812,0.4,0.6,0.2,89,9.027844909346944,45.280451705550966
24,41,0.12826538041766625,0.1418365402751749,0.13835484945393034,0.13634934707296542,0.1264416584083955,0.21602148977946758,0.03283890947837483,0.09959886828486499,0.4,0.6,0.2,92,9.029443376445986,45.85588714605011
24,42,0.12099380525679351,0.13425548668126655,0.1301651130416561,0.13447391507006684,0.1188386508790506,0.2117418090272591,0.0278155966823757,0.08697271537921654,0.4,0.6,0.2,104,9.223510933495676,46.79434344276751
24,43,0.12112714709273749,0.1311857929824206,0.12676331220940737,0.1323589347958526,0.1245915089019517,0.2102725501785984,0.028822330947874453,0.08999816602424605,0.4,0.6,0.2,106,9.133596347714798,46.7085967066234
24,44,0.12112149785251242,0.13132379030896413,0.12750855937080308,0.1349641436643375,0.11943229210353036,0.2102725501785984,0.028822330947874453,0.08999816602424605,0.4,0.6,0.2,110,9.128549395774312,46.66655378044874
24,45,0.12100051317327624,0.13111249668928107,0.126993523511034,0.13382709377397292,0.11928219260084551,0.20992673591010197,0.028844758407906877,0.09001783150848022,0.4,0.6,0.2,111,9.084848237253086,46.26153004209654
24,46,0.12263426526527504,0.1326276772798335,0.1288105647009879,0.1356000907358334,0.12164203299482634,0.21409803319100001,0.0288293819533178,0.09005229922181782,0.4,0.6,0.2,112,9.034023661093324,46.27367416057543
24,47,0.12240643010013182,0.1312145370001374,0.12708373641451715,0.1348520041669256,0.12453493916138482,0.2137660770085254,0.028879275773141522,0.0902758821873976,0.4,0.6,0.2,113,9.058951957635736,46.43845475800892
24,48,0.12577519236724335,0.13384027571446444,0.129096794596971,0.1272448032656288,0.12451512897092425,0.2196568349023607,0.029864681300435226,0.09281643178828324,0.4,0.6,0.2,124,9.149308912350268,45.42330892038461
24,49,0.12418313021352542,0.12996902229264726,0.12702275282479802,0.14090762963317274,0.12435527016633527,0.2170027854779059,0.0297990760746231,0.09251782301429759,0.4,0.6,0.2,132,9.042050044275769,48.91249720995104
24,50,0.1230578973966123,0.1286135073874146,0.1259680855376819,0.14016161858959025,0.1231705719696399,0.2144335345775667,0.02977627398228646,0.09234163273500277,0.4,0.6,0.2,133,8.993940534534051,48.69348636186894
24,51,0.12409541196628622,0.12942331929355902,0.12647289641994466,0.14173504271168447,0.12339418942058003,0.2169486775548969,0.02980019683721251,0.09253149264904134,0.4,0.6,0.2,135,9.043671805691876,49.02435857027204
24,52,0.1255396221215681,0.13088588491126163,0.1288445824249342,0.14504329219907333,0.12548379419707403,0.2206657627321654,0.029772665069589675,0.092591629120511,0.4,0.6,0.2,136,8.992412106475664,48.07573047105368
24,53,0.12427214659296883,0.12770318859627355,0.12594753195955916,0.1427239420423388,0.1270077238558,0.21832933896566448,0.029739008584968876,0.09253833574067262,0.4,0.6,0.2,138,8.944065338006622,48.16604095335592
24,54,0.12538477786018506,0.12827422348350534,0.12651363158044593,0.14397844848839667,0.12577383582280727,0.2209542577102229,0.029871947101266037,0.09285814714275398,0.4,0.6,0.2,140,8.968705961706378,47.98294318989474
24,55,0.1253477670156356,0.1282661892605129,0.1268088500997938,0.1456348007642874,0.12489911774282685,0.22117325663334547,0.02977109673077201,0.09258320637647191,0.4,0.6,0.2,144,8.98838371022741,47.8996388535728
24,56,0.12514164396834224,0.1275859135446629,0.1267302754465165,0.15136843343519468,0.1249808966998823,0.2189089024034408,0.030223678457989428,0.09521162104087436,0.4,0.6,0.2,153,9.16160394653114,48.717997319249
24,57,0.12485915542566804,0.1271971231468145,0.12603756248148515,0.15204232811216528,0.12447801375889629,0.21831945794717647,0.030215732149352192,0.09501403603954509,0.4,0.6,0.2,156,9.079852630026302,48.94911167551304
24,58,0.12499141467750022,0.12710951400788564,0.1262509427676523,0.15227442866095844,0.12566411812234127,0.2187597814253722,0.03022052491103927,0.0950108374286732,0.4,0.6,0.2,157,9.083568901057593,48.78339228511697
24,59,0.12496269861989336,0.12700481912842893,0.12614553803803866,0.15286471150342182,0.12487258666224121,0.21871860667498413,0.030220260531508857,0.0950069112289026,0.4,0.6,0.2,158,9.08548877236478,48.7217908658314
24,60,0.12484600796653846,0.12685590094184554,0.1259963414617572,0.1534126787900221,0.1246155767022494,0.21857761285649172,0.0300967626801324,0.09509982338033168,0.4,0.6,0.2,159,9.106180288558466,48.80024860458242
25,0,0.944770449279811,0.8893124322758343,0.8884436072502557,0.8845453241988901,0.0,0.0,0.0,0.0,0.4,0.6,0.2,1,227.423601739274,1347.3619939317666
25,1,0.911043740182087,0.9068710266812808,0.9058445081798033,0.9016513484955504,0.066615442193207,0.09395699939301431,8.413625095935061e-05,0.00010707645313331,0.4,0.6,0.2,3,211.0067590550981,1259.901820133312
25,2,0.8744993463383192,0.9109795392452099,0.9098148089651966,0.9056876834003457,0.11013762359191973,0.14554406705128212,0.0010897457324875602,0.0025194280875505603,0.4,0.6,0.2,4,197.9809902187582,1105.3760480191963
25,3,0.7776369985618385,1.0866578566634282,1.0834173547086572,1.0713641167579657,1.2650863229287856,0.25417069779935847,0.32977779901661847,1.0,0.4,0.6,0.2,5,75.54881910038502,211.7719783135556
25,4,0.40431419482475894,0.7154832765311678,0.7120100578950708,0.6996631854601427,0.18538511227053595,0.1687319105725592,0.07729489398216638,0.22064493832612025,0.4,0.6,0.2,8,68.54209479574817,288.9160215138013
25,5,0.4571104798340384,0.7642469376718113,0.7602664074305264,0.7462821712134438,0.3645663827380079,0.1694062385820298,0.1739135114598744,0.4964511112337706,0.4,0.6,0.2,10,54.69765904110849,201.78360219723385
25,6,0.3115835725661117,0.6049120701361658,0.6005014836425167,0.5856144577964815,0.24583090069453742,0.16239143378022086,0.08703353090383552,0.24843254548658447,0.4,0.6,0.2,12,44.22003842728245,168.18613253336446
25,7,0.22270596984301255,0.5039809502685881,0.4999164076193294,0.48521437305401804,0.1950358683354998,0.12654833773797178,0.041075636970073645,0.1189819548991792,0.4,0.6,0.2,13,37.381597390018925,167.59564159219636
25,8,0.2752146782424316,0.5462053932884233,0.541349455847708,0.5251242386619335,0.23244433503715933,0.15715851146416038,0.08714653520858413,0.24871861156785732,0.4,0.6,0.2,14,35.48930063742552,140.2954426097146
25,9,0.2191877273025465,0.4249857880402494,0.41982113172564517,0.4013460983910746,0.49668372371330033,0.13799098180066924,0.08940664655116137,0.2569468102581282,0.4,0.6,0.2,15,23.026382158593865,96.23622201886766
25,10,0.16966763185051564,0.347569769742656,0.342081059913648,0.3230202641996522,0.18359440577094244,0.135110500375981,0.05963914319576073,0.17137067633938205,0.4,0.6,0.2,17,19.56717118314682,81.67335002360994
25,11,0.16954496860358959,0.34741037872138664,0.34192123923815626,0.32285912470126016,0.12421252815119128,0.13474000905342506,0.05967744906766515,0.17149336019278788,0.4,0.6,0.2,18,19.582225734518616,80.55536071236642
25,12,0.14401410531373954,0.30327923526545686,0.2975858266663427,0.2784098735639826,0.18086049822309028,0.1333305574942646,0.044747441888131324,0.12857892546445773,0.4,0.6,0.2,19,17.46023197037951,75.58657099371088
25,13,0.13860507225226595,0.285494856054906,0.2796696439524293,0.26045395764887064,0.12912018706314307,0.13072600935752554,0.04480589351814749,0.12868631550310244,0.4,0.6,0.2,21,16.295569817060866,68.53313270310974
25,14,0.13140108583097238,0.2589682497682256,0.2529425888588119,0.23342549569444776,0.14071084014880908,0.13145179506454388,0.043600595842654105,0.12587787771091188,0.4,0.6,0.2,23,14.895794290557037,59.86885302243519
25,15,0.1186411541318067,0.24202498826163854,0.23595672911205068,0.2169877589277633,0.1002241855524216,0.12830138733091553,0.03489074244506735,0.10073303149196726,0.4,0.6,0.2,25,14.559026820609205,59.68407214145476
25,16,0.1465444545341799,0.2617961500807789,0.2550399657251797,0.23408398060988259,0.1520685799884938,0.13895224420384716,0.0571305844633239,0.16361852232790897,0.4,0.6,0.2,26,13.968622078827336,53.69510039566058
25,17,0.1247517160638139,0.22355275036016287,0.21663310119010726,0.19628162259307785,0.1251737348988909,0.137250823830731,0.04285901689058677,0.12274683970498682,0.4,0.6,0.2,29,12.941858511528231,51.9274987312776
25,18,0.11214704808135549,0.20192617317264405,0.1949182841506525,0.1749536632580348,0.1109949696490757,0.1363868166673978,0.034304326159018024,0.09823555603593026,0.4,0.6,0.2,31,12.408249873947526,50.25428247596221
25,19,0.10509728364867021,0.19398828155151188,0.18757757379365267,0.16900858883719033,0.08929313943040748,0.1364519522852428,0.02848670916230675,0.08161314601353573,0.4,0.6,0.2,34,11.835671073568085,46.22869606461868
25,20,0.10313575955751438,0.18510443748752603,0.17832382465150418,0.16014183606583676,0.1118447775046458,0.13548788053298041,0.02849329982387089,0.08167754882563436,0.4,0.6,0.2,35,11.46625499721024,44.25214133686894
25,21,0.10321284043970022,0.18178684635877332,0.17527644588107702,0.15805140903812073,0.10081108233131188,0.1407022209643579,0.02752433591591429,0.07849549414704804,0.4,0.6,0.2,36,11.3595962326164,50.50912658476016
25,22,0.10154668612215781,0.1794611971036664,0.1729444296868598,0.15523299381896727,0.08930355389519029,0.13643086283804756,0.02745035577257762,0.079669425060371,0.4,0.6,0.2,37,11.260137383256868,45.10410585497157
25,23,0.09366714497356715,0.15999874199144204,0.15337134342052125,0.13624871626229193,0.12223325641519164,0.1368870071653187,0.02294564156482095,0.0654356444759305,0.4,0.6,0.2,38,10.841075057931064,50.56631116320783
25,24,0.08836665955059457,0.1494893071661248,0.14281256042861146,0.12656160030903493,0.08644751299909549,0.1359109148073369,0.019670664008283618,0.05610216978900935,0.4,0.6,0.2,40,10.545091939453574,47.81658637221803
25,25,0.08505957190619969,0.14256207987612377,0.13585118734260027,0.12028223969064207,0.08108325360738641,0.13665808250624104,0.017214648480658568,0.049098494960916075,0.4,0.6,0.2,42,10.409272513900849,41.61307121937337
25,26,0.08903883122096254,0.14574433373468212,0.1390259409916383,0.12369290063962166,0.08170558140698045,0.139820568344435,0.019672738966783437,0.056091205571621484,0.4,0.6,0.2,43,10.277475311761036,38.01185020638288
25,27,0.08884376865486812,0.14436884585113746,0.13733646227123045,0.11743791710389082,0.07991331067046362,0.13998884523563845,0.019634279525393948,0.055977716517578865,0.4,0.6,0.2,47,10.184554904304832,43.31804492608003
25,28,0.08549453750363628,0.13665300641101563,0.13018545707334106,0.11728246653971348,0.08173482257257324,0.13796451974106355,0.01869610230997633,0.050542721466073415,0.4,0.6,0.2,50,10.168573861411804,42.316447427528026
25,29,0.0842965537689555,0.1340084897185518,0.12752740230896178,0.11512278557053962,0.0780785953175179,0.13575996405962332,0.018677885362281786,0.05040917260061949,0.4,0.6,0.2,52,10.036771208355162,39.71587881292856
25,30,0.0873355407325948,0.133470751800494,0.12695626073119884,0.11437092436763424,0.09158218368346224,0.13872147152169395,0.020911268005041575,0.056379232698895866,0.4,0.6,0.2,53,9.857166331945262,39.14426322754263
25,31,0.06639967531927166,0.11334265827097056,0.109865146044302,0.10819536513688804,0.05840288336617207,0.12373800474760725,0.007716055955573914,0.021338194772508208,0.4,0.6,0.2,83,9.782930312549937,437.25636723777967
25,32,0.06622570154012918,0.11132145372790031,0.10782675319339395,0.10768669997386625,0.06172430636446307,0.12641766526493695,0.006872044253765518,0.01936952084108878,0.4,0.6,0.2,85,9.640757684397329,437.51171373675913
25,33,0.06535374612297115,0.10884899526684354,0.1056423107106713,0.10601078334128973,0.05993107108285623,0.1228088058720516,0.00770635938225037,0.02129172099817515,0.4,0.6,0.2,88,9.67852652184714,444.6879669091701
25,34,0.06555563993091068,0.10654574308023902,0.1008922235795409,0.09190465945177921,0.06462564608990473,0.1241972091976817,0.007640116693304259,0.0213627631022292,0.4,0.6,0.2,89,9.68126298734204,449.4547695527295
25,35,0.06588805427025429,0.10758011092463812,0.10435670462318031,0.10595566993221284,0.05893387032687371,0.1272050537234926,0.006872805501375066,0.01932784445549933,0.4,0.6,0.2,90,9.46660723172233,436.9761826040231
25,36,0.06559307767990427,0.10353043599533474,0.09754568354593346,0.08945555263971017,0.06913550903111933,0.12849678951041876,0.006649448678036549,0.01861015007891689,0.4,0.6,0.2,91,9.545349310514217,470.0061080987308
25,37,0.06585325363036289,0.10273032154344139,0.09703867100116509,0.08939778418418867,0.06153255334099957,0.12900650981480893,0.006880621081280334,0.01923043360012669,0.4,0.6,0.2,93,9.458637124311355,464.8387659775959
25,38,0.06582109156075427,0.10182471530574241,0.09612498776189249,0.08876108061915709,0.06266732018442446,0.12902118344436803,0.006954426821465492,0.01959841083371321,0.4,0.6,0.2,94,9.489798046674604,463.8617672415048
25,39,0.0682100787179265,0.10359104628837713,0.0997033134711948,0.10215069593652218,0.06624258456348407,0.13433460526242147,0.007372848948318364,0.0206935887916384,0.4,0.6,0.2,95,9.22883279371471,443.68395717356617
25,40,0.06760737906077373,0.10276355157899515,0.09917666104907794,0.10221296392368412,0.062283129205629464,0.13374581908141336,0.007109040069618236,0.01992750108679525,0.4,0.6,0.2,97,9.276310262370872,448.4678637174063
25,41,0.06753682889648775,0.102511161289307,0.09922555577089567,0.10285293271324512,0.06218761111740176,0.1336840094878364,0.007111153933395994,0.0199320724854849,0.4,0.6,0.2,99,9.293342162125017,448.7263599936075
25,42,0.6096832757236419,0.6433243670414925,0.6394205938686881,0.6437130121581869,0.6079881624826949,1.0,0.006793762235295126,1.0,0.4,0.6,0.2,100,9.301335956671393,473.06621397500106
25,43,0.07050134541125523,0.10320098762636634,0.09837961657964188,0.09678932648815641,0.0652641289783872,0.1435275826150743,0.006060857273766074,0.0198210914096025,0.4,0.6,0.2,109,9.235324797094966,473.3468380076535
25,44,0.07017992009110416,0.10140154138872323,0.09656657212552085,0.09557169107181841,0.06744858178169609,0.1440381676291078,0.00610586323917092,0.01834480355594351,0.4,0.6,0.2,111,9.159082215496076,471.1206451203722
25,45,0.06994809382719815,0.10097806490095287,0.09644426670069169,0.09411055259966825,0.06524111079761336,0.14376100298862962,0.006056978308255765,0.018130827755835018,0.4,0.6,0.2,113,9.1655854703967,473.0450160382636
25,46,0.07133089477085124,0.1019860110783732,0.09775168675415942,0.09723839327375086,0.06702443799848885,0.1474213479553892,0.006060741870830959,0.01811992872897663,0.4,0.6,0.2,115,9.12776629616592,452.5479255641637
25,47,0.07112043517258462,0.09764811587863331,0.09367890128273026,0.09291926621929955,0.0809523617729022,0.1462494708312853,0.006935263474255861,0.02038763121772681,0.4,0.6,0.2,116,8.987948617341617,420.8791829933799
25,48,0.07080269012685593,0.09596441368950738,0.09198264835842596,0.09280852964193993,0.06780353566393982,0.14804936032260435,0.006204458406475745,0.018544506299603213,0.4,0.6,0.2,120,8.942281644403893,451.6720927148591
25,49,0.07207021862537127,0.09650062497545805,0.09251217106667814,0.09331254666311653,0.07051238031698387,0.151399620886575,0.006250229063886327,0.01865949400498907,0.4,0.6,0.2,121,8.903504558250493,431.80456901806417
25,50,0.07178362859140226,0.09495068050965674,0.09095063594609937,0.09203312291800345,0.07219631990041477,0.15132610953002776,0.006209946502217037,0.01854335924882783,0.4,0.6,0.2,122,8.858345991818023,431.9763930346871
25,51,0.07255259423357344,0.09570970090134961,0.09170955676999412,0.09279169828785774,0.06874686659604462,0.15324578602478922,0.0062135773757279,0.0185462272122167,0.4,0.6,0.2,125,8.853773712674785,421.1579580445537
25,52,0.07174330008256374,0.0946673905123285,0.09066516429394361,0.09173903844943679,0.06874751417585298,0.15132610966915203,0.006209946502469484,0.018543359248944243,0.4,0.6,0.2,126,8.846574044203738,431.0498768275691
25,53,0.07170055161801818,0.09564974909361003,0.09559528218925446,0.10011468588837723,0.0684336722646047,0.15132448715748884,0.006194874555256138,0.01849835330056012,0.4,0.6,0.2,127,8.843325343880974,430.8693103544626
25,54,0.06386104459700057,0.08634179173452795,0.08445621277939844,0.10144083138647154,0.06046873223666616,0.129894549729834,0.0073522483123048986,0.0194573986201637,0.4,0.6,0.2,142,8.591157058734135,277.26320885694423
25,55,0.06610120278931474,0.08812361691963945,0.08623381787917346,0.10387694147994019,0.06334456140520883,0.1354911677234289,0.007421691945860413,0.01963393142888004,0.4,0.6,0.2,144,8.455800316251706,276.3559961543625
25,56,0.0638066907650702,0.08499554456712548,0.08309813508763808,0.10104967366080402,0.06322363875709687,0.1304798368676161,0.007286149500144349,0.01927737613228015,0.4,0.6,0.2,145,8.463415524253255,277.7033698296179
25,57,0.06805675022762295,0.08840346558058987,0.08558944676807675,0.09457519011619725,0.06485457663576183,0.14113884051298145,0.006649411131202254,0.021589232106022198,0.4,0.6,0.2,166,8.727946805582212,413.1904746818884
25,58,0.06799521801255513,0.08579197494211044,0.08325768429934961,0.09343099429240005,0.06954646427201129,0.1431438197681721,0.006384018150253405,0.02020896563677141,0.4,0.6,0.2,168,8.584491539520975,413.42182032053415
26,0,1.0,0.9038802035539674,0.9031258517037523,0.8996643437294283,0.0,0.0,0.0,0.0,0.4,0.6,0.2,1,174.95909586692204,1337.0014691661363
26,1,0.9613015156508895,0.9206837415930154,0.9197709918541865,0.916012549540433,0.06603773943428372,0.09224490199072938,8.535645514831991e-05,0.00011709881642790001,0.4,0.6,0.2,3,162.49038299385842,1249.800160671014
26,2,0.8085233529520913,1.1451915548047142,1.1451915548047142,1.1451915548047142,0.38837060639158183,0.2396400422998099,0.01820586994174545,0.1920600795987146,0.4,0.6,0.2,4,182.57916154741136,565.3336360984604
26,3,0.321270571463144,0.6316392730681767,0.6283074736157064,0.61617427656683,0.3798262377786712,0.0988515610370245,0.007894390611372938,0.059303881769189645,0.4,0.6,0.2,6,82.69459941526598,240.5275586572607
26,4,0.30435276677485823,0.6151536704012597,0.6120364984435701,0.5996285250773943,0.08143278761675636,0.09944699538290527,0.003905441198880027,0.04398376301756613,0.4,0.6,0.2,7,78.85209198311482,306.139080849297
26,5,0.2710053668871926,0.5833054504122901,0.5796540793258175,0.567070800027698,0.13566973712740954,0.1004431749580027,0.003988074464024945,0.02976664668173696,0.4,0.6,0.2,8,69.98319235456259,207.92212072870385
26,6,0.2567823892696914,0.5676115723072859,0.5641606218285453,0.5513038819463479,0.08130447148411117,0.10072430302588661,0.0019898271584023177,0.02208861585150353,0.4,0.6,0.2,9,65.70605168216082,247.2270605246917
26,7,0.2355037186147295,0.543746467209316,0.5397797461859656,0.5263802048032118,0.12984785515375954,0.10169015611850118,0.004097330737542934,0.030048617020633613,0.4,0.6,0.2,10,59.25733303699258,180.5237725602408
26,8,0.21821333283479333,0.5225886280860745,0.5190805826802901,0.5058007042380304,0.10035730952911258,0.1022804709963353,0.0022059681864268076,0.02264643607508551,0.4,0.6,0.2,11,52.74840482199474,163.14157909179482
26,9,0.730374274685593,1.023746569527691,1.0192046737571978,1.004423500253477,0.7843801551385521,1.0,0.0040365362727827255,1.0,0.4,0.6,0.2,12,40.61638586915468,99.35645460688497
26,10,0.14945978760628117,0.42801352039339846,0.423459380999207,0.4073862636791681,0.1770331722354544,0.10553418924497479,0.0021575534401290183,0.016725471975757338,0.4,0.6,0.2,13,32.34536844464703,79.36301995436666
26,11,0.11318942604674134,0.3318715740580098,0.3268659873696893,0.30892575974117903,0.16486490707161405,0.10553418924497482,0.0021575534401290183,0.016725471975757338,0.4,0.6,0.2,15,23.011096967516,97.17437446861427
26,12,0.10783696953188533,0.31521294148112267,0.3100674252126364,0.29159271611415616,0.09939464325856884,0.1038875935051301,0.00349055666596103,0.02184815285245112,0.4,0.6,0.2,16,23.593553299019423,110.11469479885872
26,13,0.07237598846861225,0.2052059683806829,0.1995356608941528,0.17838111717154875,0.1964714902215422,0.1022920592256148,0.0010016831434561508,0.009858084116118571,0.4,0.6,0.2,18,15.86327489096108,46.40262603575394
26,14,0.06325518258243946,0.1690680654732544,0.16282349267271595,0.14198316410239947,0.054107966887140146,0.1010291254214292,0.0004560876813264839,0.00609552624951342,0.4,0.6,0.2,26,14.223181297120163,56.1132755185056
26,15,0.05706515396286019,0.13792096579341848,0.13143252545848055,0.11037916665687243,0.08661408439560173,0.10046316312341533,0.0005988918762052063,0.0064318292363179305,0.4,0.6,0.2,28,13.141790501454643,52.7530014825547
26,16,0.052455087652982416,0.11504382429729511,0.10838091091706757,0.08732886134589037,0.07323094400674317,0.1002355903660869,0.00034796335898669157,0.0043805750995284,0.4,0.6,0.2,30,11.740161413402204,49.05478726887725
26,17,0.05500098647175967,0.11455974715869643,0.10786820728453578,0.0876767413160972,0.04961846843930406,0.10124857770512954,0.0003287059749772904,0.0182419135748917,0.4,0.6,0.2,32,11.72135315347976,48.67558461431944
26,18,0.054541876309760956,0.10903062080566418,0.10259432042816369,0.08274783089761191,0.05378196279199183,0.10183537386613777,0.00028646634937175665,0.020020009132815438,0.4,0.6,0.2,34,11.350180824130314,47.79205170690064
26,19,0.05410632165634305,0.10465340803814115,0.09818013553402037,0.07900224235930826,0.05202701733106629,0.1018078427906968,0.00021870650849672537,0.02193709197584793,0.4,0.6,0.2,36,11.002840787599895,52.47953704570034
26,20,0.05473272808426628,0.10396413366714946,0.09747853681978265,0.07852361776030235,0.05064070526761855,0.10260070082875354,0.00024518469721782684,0.02466680610341954,0.4,0.6,0.2,37,10.948140349223095,44.53925441931252
26,21,0.05400981191400092,0.09923854946294831,0.09301854620974727,0.07428102141638142,0.05318636764585965,0.10222385639673082,0.0002448090628195382,0.02567910435383694,0.4,0.6,0.2,39,10.814786368702462,43.786653153677385
26,22,0.04843969418009515,0.09299262226604665,0.08676629371083763,0.0682112289451991,0.041507994470508985,0.09870188515812243,0.00020936380985813952,0.00561661146086824,0.4,0.6,0.2,42,10.768561484164076,40.437864472786266
26,23,0.04809318730622833,0.08894724579381715,0.08298956475947379,0.06446531043259607,0.04753862141286328,0.0996200363507344,0.00020968335350238584,0.00553843067908101,0.4,0.6,0.2,44,10.544333596909658,40.55353767078352
26,24,0.057609647343319026,0.09755705749847146,0.09128793468447675,0.07361798134082598,0.053528318997087446,0.10242737864288812,0.00020648406859116896,0.04826014099017066,0.4,0.6,0.2,45,10.542404411352583,43.2217514138193
26,25,0.05856126840422052,0.09743578193565748,0.09115670832516201,0.07373315863931115,0.05554740559844597,0.10239641431163726,0.00020871278995077054,0.054047214093028616,0.4,0.6,0.2,46,10.530846730739626,44.32718585387931
26,26,0.04724136654861443,0.08412087385819891,0.07812635345429979,0.06092742044903139,0.04803946384461565,0.09954229158649311,0.00019306409345999976,0.00507937449676682,0.4,0.6,0.2,47,10.425337132161127,41.30381920581957
26,27,0.053627932524278166,0.08887940736523732,0.08256677481040914,0.06558391813350149,0.05283277098231219,0.10154432085214889,0.00020762695066388207,0.03433556289417804,0.4,0.6,0.2,48,10.291104307468617,47.42325329774405
26,28,0.04665251487995209,0.081941265547712,0.07593200591775837,0.05926273779408848,0.040823179227081646,0.09877169205179595,0.00019800406501747908,0.00507966429185803,0.4,0.6,0.2,49,10.242164726658718,40.52591884551084
26,29,0.053001220041760624,0.08643028568736899,0.0801008371503085,0.06362239125544991,0.05330558706646967,0.10079842693205543,0.0002059919095349064,0.0343091276372276,0.4,0.6,0.2,50,10.252726803157758,47.10561775800266
26,30,0.046547437466290933,0.0791628357362939,0.0728259210820973,0.057695328412688096,0.043750853111849085,0.09913093336709412,0.0002155059489441004,0.006060765273950041,0.4,0.6,0.2,51,10.237701238248736,39.617228399073625
26,31,0.05899533383574121,0.09091653919708023,0.08457317996145958,0.06861041319328898,0.05591371316761229,0.1051795003343472,0.0002055224278964521,0.056840052050458834,0.4,0.6,0.2,52,10.1476768168858,40.933601818692594
26,32,0.05839760915034923,0.08824870105001764,0.08218931571403384,0.06679282127342381,0.056993787058490564,0.10731630219536407,0.00018774638731337273,0.05150565460804897,0.4,0.6,0.2,54,10.05801602866276,41.839482096233446
26,33,0.057774198263037375,0.08519466350473366,0.07911290346120477,0.06421679834329191,0.05723728976708186,0.10678480018901097,0.00019349843152258897,0.051518671419999496,0.4,0.6,0.2,56,9.933762197867765,41.73079135993527
26,34,0.05891750395452329,0.0851023252166356,0.07900922373886426,0.06465552222589413,0.05656987068936443,0.10724755651653639,0.00019497404080944916,0.05735476034479724,0.4,0.6,0.2,58,9.884597726146776,41.21217997610536
26,35,0.05709516010945888,0.08262052549212134,0.07652136674137654,0.06273038044807429,0.05388715136314956,0.10586716150944948,0.00019632993648766522,0.05155718007201855,0.4,0.6,0.2,60,9.862426279340545,41.24895817576235
26,36,0.04492015812588111,0.07051373804273012,0.06471817117066508,0.05281192618968961,0.04064282158582245,0.09875238635038648,0.00017648209000867263,0.00499019642671326,0.4,0.6,0.2,62,9.807396991565833,40.07549716674978
26,37,0.04472427575667319,0.0682084256949124,0.06239353713888401,0.050713959268259785,0.047861404429525085,0.09915498101146167,0.00017755056803862943,0.0049721605482904805,0.4,0.6,0.2,63,9.705169255393226,39.75925017251306
26,38,0.05592012434976626,0.0776109909977511,0.07268854534232337,0.06887951659735488,0.05264807197081949,0.10397663223755582,0.0003142546716919804,0.052610983238849496,0.4,0.6,0.2,83,9.706711114474553,40.54192823497789
26,39,0.05522053994689562,0.07676549017614237,0.07184172589339574,0.06865352541306273,0.051870737816095545,0.10469688592608302,0.0002828658290625244,0.04788709633748428,0.4,0.6,0.2,85,9.717443147927616,40.64957871846968
26,40,0.05702699156345496,0.07839494487758394,0.07407543191877948,0.07325072499783596,0.05373121438338253,0.10508210186578489,0.0005376894686723314,0.05567903655105394,0.4,0.6,0.2,90,9.728731886182416,40.754071243792936
26,41,0.05681164005608508,0.07712903513317045,0.07249699338358864,0.0726435752277578,0.056656944290116515,0.10500858911734663,0.0005689953435750768,0.05544459329771586,0.4,0.6,0.2,91,9.726898986777838,40.61991313679498
26,42,0.055554312788588786,0.07570503785043464,0.07167742050821325,0.07395983668176126,0.05246565947506934,0.10487597079361799,0.0003658673557554742,0.0503163905652511,0.4,0.6,0.2,96,9.68596186840622,42.13029389934095
26,43,0.05618405114811196,0.07632984554806205,0.07260514090872339,0.07449152625829428,0.05319701963246584,0.10650817560236878,0.00042712194446073947,0.0500946549598492,0.4,0.6,0.2,97,9.691999595853824,42.450308836629205
26,44,0.055624652334323024,0.07532164937831534,0.07128990990676774,0.0742039503650386,0.053580746731620346,0.10518899945962415,0.0004259332919846945,0.050232721545548,0.4,0.6,0.2,98,9.614213994325118,42.7532070341594
26,45,0.05561855466311807,0.07537700231144905,0.0716487911559944,0.0751547038642174,0.052400266862017784,0.10518083714655588,0.000411692040453759,0.050284629264088845,0.4,0.6,0.2,102,9.610615132746736,42.62891609184888
26,46,0.055761982923287066,0.07511776189706085,0.07138583292299397,0.07520488427120203,0.053048060086455746,0.10573485996605363,0.0004247391847384058,0.05019115000892319,0.4,0.6,0.2,105,9.462541366339366,42.21305291560073
26,47,0.05687499302653645,0.07517297552293924,0.07203734386972055,0.07667552512459597,0.058013063187194035,0.10900591225588244,0.0004252214064325014,0.050209576962211774,0.4,0.6,0.2,106,9.508383910904332,43.50872383301062
27,0,0.9092004231843308,0.8794886047608902,0.878542809802683,0.8743497610897583,0.0,0.0,0.0,0.0,0.4,0.6,0.2,1,261.43796362838856,1352.5917196050896
27,1,0.8773139582999079,0.8962844315077461,0.89518077794257,0.8906931444451616,0.06584389787357638,0.09204326775188801,8.27212703444588e-05,0.00010824607087413999,0.4,0.6,0.2,3,242.4378264784744,1259.0083046588545
27,2,0.6106164345434342,0.8490784227499452,0.8468791774251397,0.8384199084712981,0.5337073052084006,0.09946436003633861,0.07520488956347723,0.2218520798158905,0.4,0.6,0.2,4,167.80605665234967,705.6750147090984
27,3,0.5957933883126673,0.8409578514093706,0.8389978632628902,0.8303828964578672,0.1404408489603074,0.09946436003633861,0.07520488956347722,0.2218520798158905,0.4,0.6,0.2,6,163.69505922435195,718.2487328224253
27,4,0.4029656998061192,0.714216836925875,0.7107315547318876,0.6983383691300685,0.38220426707771227,0.1680124661709043,0.07340272317505862,0.23513665460573258,0.4,0.6,0.2,8,70.04733248971966,297.0816066596583
27,5,0.45940249243311765,0.7668069860595289,0.7628388622315373,0.74890207725251,0.3610420279501118,0.16868391782574357,0.16515612714388198,0.5290574728628981,0.4,0.6,0.2,10,53.5727755502709,201.4262404023248
27,6,0.20928801736273378,0.4793710599985533,0.4748017874282567,0.4580825075731845,0.266262563936057,0.13371695373590042,0.037724931822120875,0.12008422359903037,0.4,0.6,0.2,12,37.33290296014915,158.2339812427665
27,7,0.17850038282196648,0.3851965318875896,0.3800428436719132,0.36010326796473274,0.28215264940338763,0.1339138827542986,0.052955464717686536,0.16856533753151598,0.4,0.6,0.2,14,22.78551243364671,88.77379469608076
27,8,0.19690154013069053,0.3619038670127425,0.3565755085771139,0.33500410947716935,0.24448838716025834,0.13937996607846478,0.08148423692657082,0.25995377336934883,0.4,0.6,0.2,16,16.56114765393529,77.02896286865187
27,9,0.15074687390762753,0.2839875283816409,0.2783229624624263,0.2560775799164012,0.18327229033695575,0.13562192201587012,0.05436805224345628,0.17339275183436603,0.4,0.6,0.2,18,14.038950492979566,61.444863820124965
27,10,0.14397444367710638,0.2581248352301748,0.2519634150420331,0.22965964704124167,0.15581205919056537,0.1374342072006805,0.05264978762058112,0.1690300994100149,0.4,0.6,0.2,20,13.170625458705963,51.02268496024505
27,11,0.12466250888089493,0.22516344037545186,0.2191692559825512,0.1967726999509278,0.1297805004612731,0.13866259916386492,0.039663274416074486,0.12724756767474404,0.4,0.6,0.2,22,12.19041210440598,50.113358712060254
27,12,0.12158947327121362,0.21414337306386322,0.20837415085267064,0.18480378198784148,0.1132960184718279,0.1358321435256212,0.03973029918979392,0.12736389392969982,0.4,0.6,0.2,25,11.661609334427125,44.657309774235614
27,13,0.10701720372811828,0.1994333817281306,0.19305695222230645,0.17150448416626662,0.08907771032404167,0.14456691626732202,0.025150050496067403,0.08077556396346391,0.4,0.6,0.2,26,12.445584941668695,38.27905292002033
27,14,0.10788884581441774,0.19136044420101317,0.18520013209447045,0.1636062935214303,0.10809322577217376,0.14678362943540513,0.0268447356372447,0.08627075484984095,0.4,0.6,0.2,28,11.812738770735134,46.2579488380218
27,15,0.10488199899718245,0.17386034230778383,0.16725811038159447,0.14576995490030822,0.14299496819311142,0.1472927771690502,0.02684289857218627,0.08620803416085973,0.4,0.6,0.2,29,10.919154525384023,45.022210267693104
27,16,0.10277779534314958,0.17078018737627051,0.1644715849674392,0.1430298809248726,0.09410680769541288,0.14217470442292016,0.026987161913947743,0.08662140934968156,0.4,0.6,0.2,30,10.60775993994928,43.56939944259694
27,17,0.0968303328369978,0.1632180293508267,0.15659101436929307,0.13596391756021475,0.09041958626222385,0.1421413710801117,0.022482099204608506,0.07217006805182956,0.4,0.6,0.2,31,10.422080386361165,41.57477098442676
27,18,0.09884923268591841,0.16179852888682536,0.15544203120098157,0.13453863305532596,0.09948179029859586,0.1489259862517368,0.022499791682053127,0.07221709767331104,0.4,0.6,0.2,32,10.38774638390204,44.73888765456458
27,19,0.09194582682097889,0.15227030035581962,0.14558601830669265,0.12546397539667795,0.08999412781110522,0.14325254962050787,0.01918332602588933,0.06160743633064556,0.4,0.6,0.2,33,10.372577534058706,39.97006476075229
27,20,0.09472019337039124,0.15424346405279382,0.1475516232613719,0.12765330882151862,0.0867949263061637,0.14030105645541202,0.02249115051592925,0.07225674467064302,0.4,0.6,0.2,34,10.068357058656268,41.01231493856199
27,21,0.0898306875826443,0.1421706407499032,0.1354112088656635,0.11550809550279884,0.1054816851859487,0.14240222679687864,0.01904964337178658,0.06107612753430423,0.4,0.6,0.2,35,10.104895988748057,37.56102917263856
27,22,0.0898131298477692,0.13834376639421261,0.13154873199872824,0.11201455419441424,0.08782687858386794,0.14448468997104055,0.01894577567569316,0.06078240048324061,0.4,0.6,0.2,37,9.823511792030114,38.205038473683736
27,23,0.08685401224892984,0.13492212905974174,0.12842566548748155,0.10947517183216401,0.07941455339672478,0.14363529053200821,0.016910993352496503,0.054317291900974674,0.4,0.6,0.2,39,9.752270912414112,38.8098524618836
27,24,0.08671401599476458,0.1340427257144756,0.12753936065023277,0.10932649866286548,0.08099409675922734,0.14363529053200821,0.016910993352496496,0.054317291900974674,0.4,0.6,0.2,40,9.712818168566914,38.98404423922832
27,25,0.08671077905140506,0.13411233965245167,0.12791259653916984,0.1100776426218129,0.07852270698391166,0.14363529053200821,0.016910993352496496,0.054317291900974674,0.4,0.6,0.2,41,9.71325332207208,38.9418328267075
27,26,0.08598929495228741,0.13057157028731406,0.12434553731851491,0.1076933764856769,0.08068575373144064,0.14890485455392893,0.015051064974625007,0.04839968220737642,0.4,0.6,0.2,45,9.722940963753109,38.441076460497
27,27,0.08557366855022196,0.12815409415076875,0.12160645749776984,0.10509713636449602,0.0847450477190399,0.14819837489203383,0.015295425725558679,0.04877556814750112,0.4,0.6,0.2,46,9.694075750408109,38.03997367497095
27,28,0.08533076172169507,0.12790033962571928,0.12165555523000114,0.1055480666492213,0.07815938031549673,0.14699432692420392,0.015476710123470377,0.049518264711287105,0.4,0.6,0.2,48,9.696131391272996,37.53895859439409
27,29,0.08463088088639593,0.12544234623921807,0.11918122841637406,0.10331244856646264,0.08361316319009045,0.14565449113800538,0.01588147582389873,0.04910016490984157,0.4,0.6,0.2,49,9.454995861720093,38.10331304533258
27,30,0.0839989539114093,0.1238895678828807,0.117922926204719,0.10326669643648839,0.07802296108671901,0.14450437766969054,0.015812760124717988,0.0493673745253155,0.4,0.6,0.2,53,9.299166437602995,38.85464782972649
27,31,0.08494612637054579,0.12233142325852857,0.11634154324323427,0.10213735941839498,0.08708805332632213,0.14773888281820136,0.015692694868975326,0.05025772232015877,0.4,0.6,0.2,54,9.254307933605286,37.58638132311022
27,32,0.08240552244607832,0.11903422490961929,0.1130373525834198,0.0999300614171136,0.07744354739813819,0.14651973155896367,0.014129454257607272,0.04536049653461437,0.4,0.6,0.2,56,9.205446455488833,38.03133797111128
27,33,0.08467302838763738,0.12106597551381004,0.11536987748455577,0.1015998352298293,0.07958948316507777,0.14755589093592564,0.015697158987929262,0.05021344419017355,0.4,0.6,0.2,57,9.132322023299867,37.18869613269512
27,34,0.08249788210274256,0.11808752239006479,0.11238400994040085,0.09972169220109964,0.07781513241122368,0.14725895080490484,0.014143539527548715,0.045307819172891686,0.4,0.6,0.2,59,9.099883430068624,37.52764257333948
27,35,0.08249531790342261,0.11807055838750244,0.11236686530970229,0.10025936121703186,0.07650021664216088,0.14725895080490484,0.014143539527548715,0.04530781917289168,0.4,0.6,0.2,60,9.098952741128354,37.509897133816544
27,36,0.08333961830425325,0.11891491910761832,0.11351414909336445,0.10130658208625601,0.07761670778990082,0.1468460664540035,0.0156664605454571,0.04586617465118034,0.4,0.6,0.2,61,9.096775683816292,37.65042726749789
27,37,0.08316338915958928,0.11854408652835037,0.11344456511276049,0.10142679229287961,0.07766896497755507,0.14658206873619928,0.015632834842185986,0.04586659940768232,0.4,0.6,0.2,63,9.081671792243252,37.91023057124017
27,42,0.08034115103003014,0.10916459119000042,0.10339868350477124,0.09664918062259321,0.07812360499764748,0.1465595868045657,0.013971893819202013,0.04235137678861501,0.4,0.6,0.2,75,8.90357989958513,272101.12834511715
27,43,0.0814190560875716,0.10898243777290054,0.10350785153369793,0.09728770291733038,0.0813406796877837,0.14953851286577516,0.014166276254532722,0.04235366331771265,0.4,0.6,0.2,76,8.862002211684093,366000.1742471719
27,44,0.4580430549695374,0.48182164821817464,0.4778272225244926,0.47042255552397344,0.46124420306292074,1.0,0.013532499078198316,0.2300159237661176,0.4,0.6,0.2,78,8.942744149539772,26.818114010962454
27,45,0.4433321089002463,0.4665796500298568,0.4653069796103207,0.47170733785486857,0.4397754462132707,1.0,0.010062040829522573,0.16798674409846548,0.4,0.6,0.2,110,9.037471513688883,29.518289791206723
27,46,0.4430063212196999,0.464228289137543,0.46293709398405963,0.46995115447873376,0.44304220947916717,1.0,0.01004487523363147,0.16807757095245016,0.4,0.6,0.2,112,8.921429506858344,29.15402885833418
27,47,0.4431012241990448,0.46425491007279374,0.46326612464679917,0.4777821777613408,0.4397986950121311,1.0,0.010093118910724662,0.16853706922817158,0.4,0.6,0.2,127,8.885147803853387,29.08960418596434
27,48,0.4429597414607031,0.4609946650332552,0.46058329747289817,0.47593773693104935,0.4456764918785216,1.0,0.010655139335665297,0.16882168354665408,0.4,0.6,0.2,129,8.726577277393941,29.040604559733048
28,0,0.9396226400660435,0.8879234935789931,0.8870438252592026,0.8831044463094554,0.0,0.0,0.0,0.0,0.4,0.6,0.2,1,243.82029849412888,1418.420251216742
28,1,0.9126014674153587,0.9096515593669167,0.9086213670922441,0.9044146971263807,0.0685733861128349,0.10209641441425385,8.379317079143167e-05,0.0001174470044271,0.4,0.6,0.2,3,227.3753486041692,1335.9565588197515
28,2,0.6392831208220742,0.8716250740309798,0.8694644213870837,0.8611487703950194,0.5619779127850207,0.09955615180706254,0.08225497424405649,0.288625568078836,0.4,0.6,0.2,4,136.85606616400457,763.7144546850803
28,3,0.3597274849164846,0.6706301517910744,0.6675217189206347,0.6546855029794358,0.2586189169020557,0.09953067024134932,0.0239016163787703,0.2555708625629268,0.4,0.6,0.2,7,74.19077801661473,425.4961881601448
28,4,0.3666429163394481,0.6777860969374938,0.6746317584463606,0.6617847173177975,0.1346165422039916,0.09985311175679393,0.02876344913021036,0.305398493297486,0.4,0.6,0.2,8,71.42707388363819,376.188542087818
28,5,0.28758435502006735,0.5989485059169761,0.595522003182895,0.5823518775664118,0.17501683242171065,0.10017966783179369,0.012529796224721345,0.13263400680409024,0.4,0.6,0.2,9,62.44395010540244,385.1593388487704
28,6,0.26732434597975807,0.5760462667885402,0.5724323052889171,0.5592892560605169,0.14373502583711045,0.09781634436204503,0.013687588458380641,0.13878683808987252,0.4,0.6,0.2,10,53.43015872942779,341.9489839987472
28,7,0.24303563518695215,0.5495373346210181,0.5458087933290032,0.5320142984891032,0.10622959622247605,0.10045520892563291,0.00849967859291695,0.08952524760754257,0.4,0.6,0.2,11,54.19749442986485,348.718185732395
28,8,0.18974550419717834,0.46337171090751805,0.4591660471759484,0.44358658764412684,0.36149884616950245,0.09724516249309903,0.014865496890853787,0.14306767897990463,0.4,0.6,0.2,12,33.41798470812349,237.0397779772448
28,9,0.18142906551136292,0.4494490627236489,0.44544941925355674,0.4280604445049523,0.11085823085576843,0.10011417559756901,0.013237446354046499,0.1344734666937446,0.4,0.6,0.2,13,32.04305406448432,230.4307119733899
28,10,0.10690534636555943,0.2789731129256081,0.27372232393667345,0.25212946409898596,0.2935128952262109,0.09952192515263678,0.009469861300632603,0.09164122637489311,0.4,0.6,0.2,15,17.61836858132075,172.40135326543944
28,11,0.09672627296803765,0.2577713816434585,0.2524000235794784,0.2309453840666934,0.08010486701069017,0.09960496806532392,0.007162078439133899,0.06917435789644012,0.4,0.6,0.2,17,16.671997879480454,160.9282603390384
28,12,0.09512123537688597,0.2519969225602684,0.2468833987073655,0.22597045964567394,0.0663755738524751,0.09955344643845464,0.007162851423310147,0.06917303195636357,0.4,0.6,0.2,19,16.23419401479421,163.6674116870352
28,13,0.1052254303780827,0.2544565137480734,0.24895869960354722,0.22750134498940439,0.10054368017427565,0.1032068541971923,0.01514050353157641,0.102038225121912,0.4,0.6,0.2,20,19.284590654148303,123.51492156355324
28,14,0.08849477038028361,0.2273761389168148,0.22146711564088045,0.20071081194183374,0.07712469209051623,0.1000856041501856,0.006946039634964817,0.06635367242989718,0.4,0.6,0.2,22,14.590344695048838,140.222956295253
28,15,0.08606163556458735,0.21397058253567758,0.20855402403922824,0.18805350402380092,0.07967735953877374,0.10007588938503895,0.00764061745020238,0.06960778375405782,0.4,0.6,0.2,24,14.412963266908791,115.62089447362222
28,16,0.06930273701171084,0.17320348815965486,0.1675453793566435,0.1470702516162129,0.09310142941848097,0.10019444334174032,0.003206221386953239,0.0327124429572128,0.4,0.6,0.2,26,13.417657924038595,131.01487815141064
28,17,0.06750151849823544,0.16424763745975351,0.1588223908243604,0.13891993315353718,0.06133458323024671,0.1001944433417403,0.003206221386953239,0.0327124429572128,0.4,0.6,0.2,28,13.003011071749784,127.71035806589413
28,18,0.06690692569541679,0.1607926097926073,0.15503638708035478,0.13497783129580804,0.05859134309098057,0.10040547438397576,0.0032154561851092923,0.0327144813382723,0.4,0.6,0.2,29,12.778456338415346,126.27435157890172
28,19,0.06551475547587526,0.15926929312713503,0.15351178437475113,0.134164545452139,0.04750975674584775,0.10050320721521569,0.00268943326479223,0.027297058538420238,0.4,0.6,0.2,31,12.837237043212555,126.83199301505744
28,20,0.0667500419077974,0.15906418107592626,0.1532926213231999,0.1344987712652793,0.050583048206395906,0.1009278398867062,0.0032577920271211805,0.03267731427524015,0.4,0.6,0.2,34,12.71735548813076,124.9925423283202
28,21,0.06327065738671131,0.15219891808606675,0.1463943764821003,0.12814431095979958,0.05830366679828162,0.1003240129555201,0.0023038567542226717,0.02342417948525109,0.4,0.6,0.2,35,12.586016289221227,123.07162749327723
28,22,0.06759949319978562,0.15486384662715053,0.14934612909174272,0.1355521971804831,0.051723780435456355,0.10214959116837083,0.0036395236249519296,0.039490565583754425,0.4,0.6,0.2,43,11.359984900246982,450.8034192476996
28,23,0.0615771676470238,0.13481532551328307,0.1291625466834438,0.11343059481663827,0.0976924506672766,0.10329181877404665,0.002455725792082193,0.02654788124485342,0.4,0.6,0.2,44,11.093169554764351,817.1629453293205
28,24,0.05935112190489354,0.12781671810863793,0.12211841292634969,0.10649723155896505,0.055267274135654694,0.10240936549021096,0.002155528848556283,0.02321999636287114,0.4,0.6,0.2,46,10.900034956159292,814.5788204511122
28,25,0.059116319257491834,0.12538416840819785,0.11996788016300569,0.10606017115218622,0.05112858926184481,0.10304103410917224,0.002159387595309042,0.02317642521391246,0.4,0.6,0.2,48,10.676925284253668,810.5755184929255
28,26,0.058503400487783436,0.11724955790733778,0.11176213293101571,0.09840286646790918,0.06114253039841887,0.10786303229977057,0.0019552250804560326,0.01879959082320205,0.4,0.6,0.2,50,10.733631994448908,908.5404803148324
28,27,0.05715959986989533,0.11211804614393825,0.10689788600308855,0.09383179670692376,0.05420624058285638,0.10631237636565372,0.0018579900198768147,0.01933141633368711,0.4,0.6,0.2,52,10.475833680756477,799.5899339083983
28,28,0.05735079423776745,0.10841150926284797,0.10345782504766035,0.09135835206229481,0.053051433188261624,0.10722943894402397,0.0020871989088328945,0.02164950819455411,0.4,0.6,0.2,55,10.236036338662812,809.4848300398012
28,29,0.056657788987238125,0.10756484274762337,0.10291261019894155,0.09217418628139742,0.04810704635213918,0.10257314515478777,0.0025302077069899198,0.026402634570497067,0.4,0.6,0.2,58,9.979347439239408,909.9265672262818
28,30,0.055915137290375956,0.10369013186814902,0.09900864373467576,0.0890717045757034,0.05127110068743885,0.10220902641366698,0.002529406159458161,0.02641221444178311,0.4,0.6,0.2,61,9.67498401932338,912.992846445384
28,31,0.05585689596054463,0.10348868747366288,0.09880584662048655,0.08947217904875637,0.04789136782865345,0.102333265778168,0.0024923374384487754,0.02611592003149637,0.4,0.6,0.2,63,9.68140540999689,904.4440268426026
28,32,0.05575666124583615,0.10293400183130388,0.09854984856586166,0.090324709537632,0.048587300149378676,0.10229793210732745,0.002496829555816257,0.026185998256050343,0.4,0.6,0.2,65,9.676097812945905,909.5772192903044
28,33,0.05470885886484217,0.10089573219875295,0.09710825793071864,0.09072569154140842,0.047503546815255426,0.10269820197138976,0.0017648988929302675,0.02345343456504187,0.4,0.6,0.2,71,10.21948239932819,152.55299708595456
28,34,0.05398112497818793,0.09594813714694186,0.0924243745313495,0.08581231308261211,0.061597409667690575,0.10274157332824785,0.001786177301252216,0.023650070544938808,0.4,0.6,0.2,72,9.89235146199776,125.55633682324712
28,35,0.05346503147679965,0.09274175035093239,0.08889007061499268,0.08252501844433419,0.05569663047892789,0.10270357203061682,0.0017698020648012765,0.0235558247708936,0.4,0.6,0.2,73,9.81914203001885,150.82009611243774
28,36,0.05309896607822465,0.0903793215379004,0.08650915588917037,0.081035730069303,0.05024124940657449,0.10267793218245069,0.0017545081047356226,0.02361676064128663,0.4,0.6,0.2,75,9.735792359078465,149.95859018875046
28,37,0.05093678948425936,0.08621487995787287,0.08293206104579665,0.08460889323327649,0.0456903926328113,0.10149517136638837,0.0015503916487743684,0.01772369539091629,0.4,0.6,0.2,87,9.701255182340164,826.0106323517515
28,38,0.05256074671213687,0.08514723413409839,0.08123372529294395,0.08103881120247827,0.05566297604970392,0.10291453357017946,0.0013543120394375982,0.02580207207447737,0.4,0.6,0.2,88,9.547110475704727,741.3551882184796
28,39,0.05237764718525271,0.08414204794712195,0.08022095280629718,0.08161547906853375,0.047790037447722096,0.10267211174102682,0.0013478492542272741,0.02610280838971606,0.4,0.6,0.2,92,9.456243504159588,734.8419627304169
28,40,0.05095379525678324,0.08289729025535679,0.08079553074598932,0.08629630789717284,0.0458592149518298,0.10342273119495349,0.001761380407235442,0.01655531348648502,0.4,0.6,0.2,102,9.606731544980976,775.0143874974802
28,41,0.05053716909924494,0.07815410207439898,0.07570966418655432,0.0811567722096719,0.05319888412853726,0.10404308580194987,0.0017800384164239791,0.01680850559168716,0.4,0.6,0.2,104,9.570830318533478,776.1895220736442
28,42,0.05109940666488792,0.0779740950741474,0.07491691590778832,0.08318862183742665,0.047651798259822145,0.10307177225306477,0.0013650571951643112,0.02328342519690399,0.4,0.6,0.2,106,9.40243032300388,739.0061891191364
28,43,0.05127297067915867,0.07822519547622357,0.07638056735827338,0.08332282883844364,0.047402496866963066,0.10617952659643967,0.001783990997918867,0.01691807221936788,0.4,0.6,0.2,108,9.58495055600497,772.5410244729578
28,44,0.05060835699334418,0.0763648363418868,0.0736003513539146,0.08076642262979258,0.04719622366902651,0.10268896583519885,0.0011795950203158055,0.02316893914815361,0.4,0.6,0.2,112,9.38904468777509,736.1674085434595
28,45,0.050884574685870994,0.0741434298884643,0.07165900003968384,0.08035741807983726,0.05002667997389316,0.1049279712672824,0.0012449807938797817,0.02203655044251446,0.4,0.6,0.2,115,9.312509065756378,794.6521750286494
28,46,0.05090775149134962,0.07378120011099394,0.07159617212783796,0.08327618209182383,0.047546903165440704,0.10504960760466327,0.0012412293867963883,0.02231428718278587,0.4,0.6,0.2,120,9.30200651117466,798.2041846828839
28,47,0.05088899376419024,0.0734144740703422,0.07062043006541098,0.0746607823056479,0.047349314863074136,0.10501609140917631,0.0012641182376814328,0.022357808075723372,0.4,0.6,0.2,125,9.30933181524952,798.1945476420673
28,48,0.051975986308513675,0.07416617136035517,0.0731868338620581,0.09439261787327442,0.048663878653198406,0.10630441078291857,0.0016774650271843415,0.0246983077928348,0.4,0.6,0.2,140,9.519299832271448,802.2367837072451
28,49,0.05027506627198353,0.07023475949923365,0.07044689282976821,0.10131039723096105,0.04767343630638012,0.10361433273166136,0.0012893537904878555,0.02485677419038671,0.4,0.6,0.2,158,9.211905226501909,762.5973474015638
28,50,0.050246243810666724,0.07001044318521092,0.07052375069567154,0.10425014095101462,0.04734472063614155,0.10365354451436697,0.0012916522897743789,0.02485888835101887,0.4,0.6,0.2,165,9.220803396152707,762.5934632454641
28,51,0.050246255564620104,0.07027948719857222,0.07170413245531952,0.11111574054470856,0.047208555955543005,0.10365330039115712,0.0012916900491434394,0.02486010815716773,0.4,0.6,0.2,181,9.220852247172203,762.6120910227456
28,52,0.05004577991788355,0.0696610792851096,0.0713848818091281,0.11227946929248057,0.047656518695397075,0.10325788346047302,0.0013090394941277896,0.02500750630745645,0.4,0.6,0.2,184,9.178200207721677,765.8672318803967
29,0,0.9174146813137899,0.8817897321550998,0.8808618705635719,0.876738020817791,0.0,0.0,0.0,0.0,0.4,0.6,0.2,1,254.215718575625,1329.6230879536738
29,1,0.8865902333815904,0.8986617560817813,0.8975815819274761,0.8931835967040203,0.0642554702737305,0.0905241497350486,8.303048676564244e-05,0.00011264470922666,0.4,0.6,0.2,3,236.7344804211289,1295.6646055817412
29,2,0.8464229967376627,0.8992661603837475,0.8980418139297862,0.8936867797420641,0.10820506364469028,0.13520887986448651,0.0010565929996729263,0.0027023948869567198,0.4,0.6,0.2,4,219.67551663115265,1122.551631309744
29,3,0.7432800719081754,1.0532536962216335,1.0499180413581228,1.0374985431349657,1.2546531476579665,0.21935479983193668,0.3175218831553473,1.0,0.4,0.6,0.2,5,75.15226291312791,298.35412428823224
29,4,0.4126103261457614,0.7167985490585413,0.7126619417689524,0.6982829678730267,0.39239849546438993,0.13140314519342441,0.14863328331978085,0.5104914632962145,0.4,0.6,0.2,7,55.74856918381968,296.8605302562919
29,5,0.3193860431163986,0.6125270934649955,0.6080738715218034,0.5932072363007763,0.2395677283798495,0.13079173848803316,0.09914955899500356,0.3404917039388762,0.4,0.6,0.2,9,48.70843885605306,268.0611285600661
29,6,0.38570417587640016,0.6558553171977378,0.651287059220514,0.6351404148276334,0.42313329009191814,0.18011154673781568,0.1613300965009519,0.5382328170184952,0.4,0.6,0.2,10,35.22416717540425,124.11120430706448
29,7,0.28984788216135254,0.5314173669188057,0.5267146564724194,0.5096997771646009,0.28826478373884423,0.17875532691384027,0.10756525794702919,0.3588186839732637,0.4,0.6,0.2,12,28.533067558401346,107.46300630575654
29,8,0.2678545204931555,0.47707980521860427,0.4719568515294779,0.45403220393380006,0.284182780747596,0.17659478678342888,0.10764283864814911,0.3589595170761723,0.4,0.6,0.2,14,23.39639876420292,92.6267322815662
29,9,0.2529671936059944,0.4332329562255842,0.4277708202736825,0.4090144633096515,0.2686484811135321,0.1746914499147274,0.10777213981668234,0.3591942389143536,0.4,0.6,0.2,16,20.042353565174203,82.63309962997805
29,10,0.20904539476483483,0.3654307705742943,0.35970636606119516,0.34085356360975033,0.22014556402866753,0.17394981338121884,0.08086649890756183,0.26945783655876376,0.4,0.6,0.2,18,18.04626532728773,82.72209644648456
29,11,0.20435623488459834,0.3489144750876628,0.34306475328972763,0.3242118603978894,0.19448256167180958,0.17228066446577572,0.0810022651345217,0.269704294488854,0.4,0.6,0.2,20,17.294804653953797,78.44260815422284
29,12,0.1588140796680588,0.2906805765639207,0.284698925554789,0.26802013817719084,0.1421165026391577,0.17015341007440857,0.048684301050889375,0.1637158945512973,0.4,0.6,0.2,24,15.50589789850599,67.63907406588243
29,13,0.15697623628657983,0.2834952337128969,0.2774588742387867,0.2610766619047649,0.13986128320498006,0.16725004978011812,0.04944652281296944,0.16619443237040116,0.4,0.6,0.2,26,15.35842848352114,74.42655973158486
29,14,0.1569762379837478,0.28358523961250237,0.27785261111469667,0.2618418214617726,0.12980689868102455,0.16725004978011812,0.049446522812969455,0.16619443237040124,0.4,0.6,0.2,28,15.358427789015469,74.42655132293812
29,15,0.1552579069155287,0.28123489062955986,0.27549582720232396,0.2599685805826749,0.1306435377551995,0.16820844056004364,0.04787394633024303,0.16134839658578892,0.4,0.6,0.2,29,15.121352253727157,68.13352195750907
29,16,0.14756657535850007,0.2696556952447165,0.2641799699401594,0.2493867880887589,0.13660081380310177,0.16956940008156124,0.042391923327614725,0.14247578650477796,0.4,0.6,0.2,30,14.997221518313818,63.52004608686556
29,17,0.16774239248398082,0.2827094438484111,0.2774648500342729,0.26176275341286775,0.17068900088545458,0.17150266085635396,0.05925002923029389,0.19917417740146484,0.4,0.6,0.2,31,14.20584293366475,61.57775874483491
29,18,0.12642041331516674,0.24191565250783625,0.23758384651361936,0.21819680686420068,0.10310243109589408,0.15465335789801987,0.03221223527452036,0.10778112441425632,0.4,0.6,0.2,34,13.663143153906242,56.40403348917128
29,19,0.12289103813515327,0.2246982446636815,0.22053432769491532,0.20199800414935182,0.12689396972672934,0.15465335789801987,0.03221223527452036,0.10778112441425632,0.4,0.6,0.2,36,12.761343529302316,58.28163306355393
29,20,0.12375508088940942,0.2150350456318857,0.2107679651313385,0.19248598506991726,0.1441424216926138,0.1579877499465182,0.033754961515100164,0.1138975236186254,0.4,0.6,0.2,37,11.993190326911394,42.19175434879733
29,21,0.22125341886642708,0.3068754319889549,0.30255345173359016,0.28329536946486666,0.22520654977698445,0.20853478894362598,0.08698129991166252,0.34731220035430266,0.4,0.6,0.2,38,12.008403416419632,50.087591497404574
29,22,0.19383795455729966,0.27538504538538827,0.2710236893843767,0.25238113089890934,0.1858188666299659,0.20308784217379347,0.06961058890777712,0.2779400565352019,0.4,0.6,0.2,40,11.91009623393292,49.90255113545809
29,23,0.21771384511132602,0.29326018782798047,0.28914406169331436,0.2712268382450756,0.2145730392318194,0.20521261037010846,0.08707827578806242,0.34748824173293846,0.4,0.6,0.2,42,11.6622778445904,45.92387547640222
29,24,0.19619168119821692,0.2698998698035574,0.2654632731485105,0.2483773235488845,0.1888262913009019,0.20711211584591122,0.07132619613991284,0.2852478300891707,0.4,0.6,0.2,43,11.549958290698685,50.32356513040788
29,25,0.19256915137734043,0.2650564084635407,0.2609110377068252,0.24367273840864473,0.18399033164230177,0.2048000173440651,0.06969093481386933,0.27810025639059327,0.4,0.6,0.2,44,11.53763854473505,48.6149780417606
29,26,0.1949183747604113,0.2589144370425921,0.2543854414979534,0.2375238801079658,0.21277654148247402,0.20888177804814564,0.07140654204600508,0.28540802994456216,0.4,0.6,0.2,45,11.17267059594606,49.51462505280524
29,27,0.19428014467262003,0.2551015593647154,0.25054250073015716,0.23385515359128406,0.19451755916863242,0.20893034802274882,0.07140141859753661,0.2853872466536727,0.4,0.6,0.2,46,11.000443761785151,45.7059250320314
29,28,0.17700759129863858,0.23612851720014028,0.23155344636941394,0.2159038317317178,0.1695229421795857,0.20819879160806282,0.05951389951332359,0.23787664787236323,0.4,0.6,0.2,48,11.02561647720046,42.851664191293565
29,29,0.19138181471241383,0.24858070466823173,0.244290437681976,0.22875993333769057,0.18826668520779377,0.2069251790472967,0.07032478238766125,0.28186635071950966,0.4,0.6,0.2,49,11.038979243843515,39.91396149999683
29,30,0.1769583686856523,0.23410887543324282,0.22981806735910582,0.21511118589062483,0.16710314475919977,0.21099073967808818,0.058924300938300846,0.2359168076823107,0.4,0.6,0.2,51,10.831485658892731,42.44579221609612
29,31,0.16504922188200943,0.22092605870191512,0.2166233489961154,0.2024636696217056,0.1595045990631721,0.21166086662686018,0.05036918179790892,0.2019119672440854,0.4,0.6,0.2,52,10.593730151268376,42.606688750129386
29,32,0.1646831039260537,0.21953444987379425,0.21522210688338814,0.20126213110076607,0.15687075951190652,0.20526543727750468,0.0528973515813366,0.20630027451923216,0.4,0.6,0.2,54,11.00766312504764,45.12469603817389
29,33,0.164858728164887,0.21882392905819054,0.21359444751273782,0.19650306345955723,0.1575378088133982,0.20540206892211846,0.05307710853678487,0.20696676492129926,0.4,0.6,0.2,55,10.902900349392844,45.19585699110675
29,34,0.11580622503059944,0.16662019564669614,0.1628759461947883,0.14857825952424647,0.11942275215288185,0.15710554103850016,0.03409825732333432,0.11872481846878243,0.4,0.6,0.2,56,10.512572904835014,44.14161434834775
29,35,0.11580350188356822,0.1667834151547841,0.1636465433715716,0.1501065119427726,0.10705589121021256,0.15710554100280966,0.034098250759800816,0.1187248178240975,0.4,0.6,0.2,61,10.510342089880114,44.147187745992
29,36,0.1158267710152017,0.16673357077107454,0.16389900884651332,0.15084405473184537,0.107380747594955,0.1572605243307789,0.03409261532672965,0.11870464008364552,0.4,0.6,0.2,63,10.501660157380089,42.88998474706275
29,37,0.09946495418209149,0.14443685557892275,0.14033505587201006,0.12914925960061618,0.110900869682363,0.159919611089509,0.02193306725294196,0.07332694062331002,0.4,0.6,0.2,64,10.173379051135232,35.30384805443104
29,38,0.09674969317069101,0.14143800201536164,0.13733356163578697,0.1282501626937182,0.08962421627758893,0.16169083854345412,0.019183534412129638,0.06472510859185829,0.4,0.6,0.2,66,10.273777053682124,32.70964998006579
29,39,0.09555968106828007,0.138134725753354,0.13401064054603096,0.12391795453781045,0.09553153921433098,0.15898496010834634,0.019499275694135124,0.0651892662379707,0.4,0.6,0.2,67,10.102092007911883,35.29375394179751
29,40,0.09525416267113435,0.13643476728166382,0.13260073145337187,0.12388006744036179,0.09336027863883734,0.15890109437526934,0.019498654272527068,0.06519120755297694,0.4,0.6,0.2,68,10.090392384521076,33.06157750367734
29,41,0.09438298771934653,0.1333768271368673,0.1298254348216239,0.12247226587636365,0.09171597924071759,0.1584815812630472,0.019175466818732802,0.06470909198967509,0.4,0.6,0.2,70,10.060158741648475,33.96175580580123
29,42,0.09263864117145981,0.1303982818872922,0.12653256774564295,0.11921490897416115,0.08824647241985681,0.16169249535579355,0.016963605231283475,0.057229715323227494,0.4,0.6,0.2,72,9.891208573034742,41.237711265531686
29,43,0.09170217061606978,0.12826796354351422,0.12439118324033571,0.118620002667021,0.08760633363378531,0.1599700327602956,0.016954711519565988,0.05708583565647855,0.4,0.6,0.2,74,9.80128719378826,45.90653580869825
29,44,0.09383725585305278,0.1300540248014571,0.12677989317331315,0.12111652555144717,0.08870468986507034,0.1594169690105519,0.01886061889986831,0.06361997572230807,0.4,0.6,0.2,76,9.786271662291131,46.194177662756985
29,45,0.09414517857857513,0.12975575466944386,0.1264759929076432,0.1211120234097767,0.09027983532570888,0.16046049666779977,0.0188600623783016,0.06361183259758416,0.4,0.6,0.2,77,9.787399374482764,42.67061238994052
29,46,0.09414377814161148,0.1298363556557116,0.12686038641338399,0.12202258551757675,0.08823601180930196,0.1604604966677997,0.0188600623783016,0.06361183259758414,0.4,0.6,0.2,79,9.784518187078884,42.63885892264492
29,47,0.09480021831353912,0.1304741331173124,0.12749800416262397,0.1229832729004113,0.08894587093911761,0.16128830992664228,0.01917910457995179,0.06429783726586918,0.4,0.6,0.2,80,9.766571036153428,41.42532493793595
29,48,0.090956603750702,0.12557016512106914,0.1225842738437737,0.11928506875048417,0.08882227120423872,0.15945498123958696,0.016848864155865544,0.05667338246910708,0.4,0.6,0.2,81,9.58244175973206,43.38705217545812
29,49,0.09365296131590406,0.12590054610652718,0.12289279586605928,0.11761008067036824,0.09234702439863175,0.15711713919875517,0.02022586947223536,0.0667720874733812,0.4,0.6,0.2,83,9.727544171516769,38.23720034669288
29,50,0.09360560339754373,0.1256078368771375,0.12290073823617459,0.1181329531403059,0.08891273139159019,0.1571477881578483,0.020222193406148375,0.06677536323462281,0.4,0.6,0.2,85,9.72210333757806,38.23061697249388
29,51,0.09468712206666328,0.12676791970202922,0.1243644868629963,0.11979680085564522,0.0894679304520633,0.1579089866327707,0.02096193065078082,0.06845094043092546,0.4,0.6,0.2,86,9.835333355783964,39.53709651804003
29,52,0.0902464717041665,0.12008097101286143,0.11735394382360066,0.11343344138882101,0.09264770573884552,0.15462503281093415,0.018675459459939203,0.06153568494565159,0.4,0.6,0.2,87,9.6831318056778,43.99135478279687
29,53,0.09052890611153445,0.11992895273253489,0.11750084988360392,0.11409506505371529,0.08662043898324755,0.15507003983870196,0.0188376123944042,0.06202106988941488,0.4,0.6,0.2,89,9.656047204069964,43.53450710228171
29,54,0.09060690397508304,0.11983904669869348,0.11740940697730828,0.11399770021534888,0.08640781431771559,0.15529272922438506,0.018824181529397466,0.06214957462500165,0.4,0.6,0.2,90,9.656500968167308,43.70909139222855
29,55,0.09308173897550706,0.11869447863177676,0.1165345487009534,0.11359532908545625,0.10144760760248336,0.15651089822343986,0.0210287103782082,0.06861653202142211,0.4,0.6,0.2,91,9.635843156777437,39.57788080320688
29,56,0.09314955931653371,0.11882618107016968,0.11696986674974674,0.11457372827363116,0.08906105056328276,0.15651258243043492,0.021085809997779932,0.06880284767294273,0.4,0.6,0.2,93,9.630573615888512,39.73853516208821
29,57,0.09604594437177068,0.12001595213335708,0.11814398265848702,0.11645074028762205,0.09411541024652824,0.155926443644908,0.023813713145878445,0.07770112909687596,0.4,0.6,0.2,96,9.567873936184691,38.568061267439255
29,58,0.09198843491567014,0.11124130713433895,0.1093262371525707,0.10804461179488396,0.0968275334584664,0.15635365475682284,0.02113629877911152,0.06846587451462065,0.4,0.6,0.2,98,9.380851537129924,39.27837204474098
29,59,0.0878952720444936,0.10707685249593435,0.1072818742361478,0.13089526550695177,0.08497511640220134,0.1621562859924086,0.015983232275453653,0.05242352679242248,0.4,0.6,0.2,160,8.970338855002767,43.65570050831197
29,60,0.0878149737755969,0.10704109989856798,0.10754947837665316,0.13187994922910315,0.08493943030898031,0.16195513037856832,0.016098759465329255,0.05211415312461755,0.4,0.6,0.2,162,8.945642777962226,43.53560447902684
29,61,0.08796290237496583,0.10670377676905939,0.1075106771895877,0.13247457253110764,0.08606609466716125,0.16158530795978626,0.016580847990294734,0.05261094992238595,0.4,0.6,0.2,164,9.130912192384528,44.15484188464142
29,62,0.08807606076671125,0.10627529732050335,0.10677436656088549,0.13099703925107425,0.08680200563362338,0.1625760195759928,0.01635008138341109,0.05225140797019765,0.4,0.6,0.2,165,8.969832490212541,42.9961866115092
29,63,0.0887137044484659,0.10705238718572715,0.10815863364845969,0.1331269828288308,0.08607114171740933,0.16359330460204727,0.01658689231776702,0.05272735776045913,0.4,0.6,0.2,166,8.986516234116985,42.28776963328371
29,64,0.08735879001215564,0.10482409782651667,0.1050134985046672,0.13030137317054688,0.0866947241609452,0.16118224162176134,0.016287516450333432,0.05215760557095397,0.4,0.6,0.2,167,8.943479336506847,43.03718335214072
29,65,0.08846829162751196,0.10589273583165515,0.10699066260728807,0.13333254003051093,0.08687644258436897,0.16346759009716644,0.016563061699527842,0.05255700825173358,0.4,0.6,0.2,168,8.976670466135639,42.26997326540408
29,66,0.08854435062859492,0.10387422877461663,0.10495309847729671,0.13340407183524078,0.08764567125482163,0.16408983942334182,0.016500991475045357,0.05354731283187682,0.4,0.6,0.2,173,8.823363470488111,36.68755584644652
29,67,0.08850642105218492,0.10272335452424669,0.10227725059713852,0.11471727936093101,0.088525715714255,0.1643981883282326,0.01645843581751801,0.05339293290607723,0.4,0.6,0.2,174,8.78248438740551,35.79685515566198
29,68,0.08839019002373581,0.10261206575740314,0.10307489595755503,0.1181417780960409,0.08632704374938403,0.16420049735510409,0.01649972007222792,0.053292600665287,0.4,0.6,0.2,184,8.791870499931333,35.74424972022741
29,69,0.08852220262680686,0.10296926070544192,0.10464600503436917,0.13810164790363627,0.08684177140787415,0.16429905564888853,0.016624447612138955,0.05348767811671089,0.4,0.6,0.2,185,8.865906221514942,36.77946486125777
30,0,0.922988561076214,0.8833398728244766,0.8824242090530998,0.8783467719929454,0.0,0.0,0.0,0.0,0.4,0.6,0.2,1,248.2266192396678,1343.3165830443804
30,1,0.8898378698593551,0.8996698823769235,0.8985972084321384,0.8942276864602677,0.0651618428076494,0.09065457929492052,8.330005125398515e-05,0.00011092391905210999,0.4,0.6,0.2,3,230.0176748585822,1261.7682022550327
30,2,0.8552710229133952,0.9037240867221928,0.9025159882072862,0.8982231818093679,0.1073868761936015,0.14119543046186328,0.0010632609335538197,0.0026482431281599503,0.4,0.6,0.2,4,214.9394973086972,1103.1760186769295
30,3,0.8312613037792724,0.8838138999485623,0.8825906522649961,0.8778507953778031,0.04523625595339924,0.09844855322138708,0.00033320020501596137,0.00044369567620843996,0.4,0.6,0.2,5,213.37947700651569,1172.4929502908365
30,4,0.5058830256825593,0.8138353574156113,0.8101927249690073,0.7950436729618855,1.316539753430319,0.21542829189613322,0.17248277261513867,0.6343938655139121,0.4,0.6,0.2,6,54.48907297915811,195.304811616364
30,5,0.3458011603328915,0.6407160989258014,0.6366460101655109,0.6205965696662122,0.276359500129946,0.2063132970919641,0.08637400534564886,0.317695543752678,0.4,0.6,0.2,8,44.00343374492778,168.9801393466609
30,6,0.3186616183989128,0.600422960603797,0.5960604349927007,0.5792612526994407,0.2491944580422734,0.19840363694112984,0.08648610204651289,0.31797147772935197,0.4,0.6,0.2,10,37.17134968632588,119.54415048809874
30,7,0.6881943997472793,0.8804390337207022,0.8751138635325191,0.8538748583865521,0.8680503212399298,1.0,0.06022922039912058,1.0,0.4,0.6,0.2,12,21.08792542748572,56.29043646274236
30,8,0.23713784439240052,0.42722307860549424,0.42247843381920214,0.4018644925679894,0.18946351891564686,0.17367455699463458,0.08760837487286936,0.32073403185898225,0.4,0.6,0.2,15,20.08969702958141,73.68107155887587
30,9,0.18492938675008858,0.34952148001264866,0.344491287293003,0.3224200987974738,0.197303457653053,0.16728985920920647,0.05852618779735335,0.2141409303176391,0.4,0.6,0.2,17,17.710080242410033,55.59221298647351
30,10,0.1832395464036589,0.3409977063720955,0.3355909446314277,0.31439210683385443,0.1546273258599628,0.17003503882865406,0.05830807634742433,0.21357875933466,0.4,0.6,0.2,20,16.73655176237313,56.513225803373786
30,11,0.15862716504319394,0.29872605433462907,0.2931325292978097,0.27185523216131796,0.16153037016582317,0.17233394265527607,0.04375123058656452,0.16026274560671153,0.4,0.6,0.2,22,15.442801695096852,45.85321682900292
30,12,0.1554076394586644,0.28909931842862385,0.2831364795930524,0.2622349744619789,0.15007461606798403,0.16923224836879652,0.04377877619492161,0.16040009040884645,0.4,0.6,0.2,23,14.866390150188662,43.866691845150434
30,13,0.15669355074939006,0.26314624239793316,0.25721088165669803,0.23509193383377094,0.23664985681635645,0.17836588271685555,0.04772021490939744,0.1760959409480531,0.4,0.6,0.2,24,12.918415964436422,43.14145301080793
30,14,0.15154048825045968,0.2460356238144971,0.2399824858288121,0.21787785047671024,0.15473803913709822,0.17263604042116917,0.047895988058982986,0.17652861901782518,0.4,0.6,0.2,26,12.328501214469552,41.28097749951292
30,15,0.15027127442002297,0.2443385473954104,0.2379783154426629,0.21648655753499887,0.13309829037748033,0.16952012235294178,0.04792320189507767,0.1767397898626423,0.4,0.6,0.2,27,12.257026576981914,39.74991574377948
30,16,0.15116796052406029,0.24422671618375474,0.23846241928587406,0.2165876530527123,0.13736192260288196,0.17263604042116917,0.04789598805898297,0.17652861901782513,0.4,0.6,0.2,28,12.255028864551008,40.69030560713761
30,17,0.13108313980815678,0.22248563805392801,0.2160993426375956,0.19543705476635478,0.1187569075322004,0.17048241803176942,0.033883069907687136,0.12427511462006671,0.4,0.6,0.2,29,12.236200739407243,47.77246258537425
30,18,0.4701771196896645,0.5615173792217927,0.5560392682516971,0.5370767021045414,0.4526842731628511,1.0,0.02259506407924928,0.19494650789391663,0.4,0.6,0.2,37,11.974789043673391,38.56827916906881
30,19,0.1121881973003013,0.19794537814907062,0.19241305756269675,0.1743950470778137,0.11580640499816486,0.16619519609111946,0.021945688703568094,0.08119674542472116,0.4,0.6,0.2,38,11.903414548047776,44.87624526699887
30,20,0.10982642794962877,0.1944822859804572,0.188939271859199,0.1714405018597362,0.09575508688708517,0.16070832981898675,0.0220297770734303,0.08140373490888332,0.4,0.6,0.2,40,12.224014894953145,44.70736803848595
30,21,0.4720953149486484,0.5559034788983462,0.5500493217008313,0.5300626829889362,0.4566654402137983,1.0,0.025360248285285603,0.20503864917318743,0.4,0.6,0.2,46,11.65278425308568,43.72500290455149
30,22,0.46817346965240786,0.5508849963331975,0.5456260940050434,0.5288551522398142,0.45715828252787083,1.0,0.02264208061957053,0.19506608847958332,0.4,0.6,0.2,47,11.63936607033698,46.3153448893122
30,23,0.21035697445185547,0.2928791352751166,0.28701254350485444,0.27454579422890607,0.1947869460376791,0.22801430173398848,0.013103798941065932,0.4785727452110485,0.4,0.6,0.2,49,11.773526804583794,42.26660577282831
30,24,0.22037444696738467,0.29802789498943644,0.2921144103683348,0.27950072193996,0.21450526144513354,0.2216427529431017,0.015225091555728973,0.5405528475121094,0.4,0.6,0.2,51,11.659890858212991,39.030539663399566
30,25,0.21914467213685673,0.28957681282990866,0.2835943010154909,0.271569801498002,0.2189409085849453,0.22237252519244968,0.015298759993371235,0.5406314418412537,0.4,0.6,0.2,53,11.356096913278344,39.43878189466552
30,26,0.21660579748502878,0.2826661306021574,0.2769449597093815,0.26493318250848874,0.22024594784945334,0.21968341262445817,0.01479329454266062,0.5395604300926167,0.4,0.6,0.2,54,10.90476852128311,38.9402551458069
30,27,0.21803892650152856,0.28136349671341687,0.2753134088956174,0.2638840344681949,0.21124998265467362,0.22240563683180467,0.015653031419831813,0.5414523151722925,0.4,0.6,0.2,56,11.011512904863867,38.918978603898765
30,28,0.339759035194855,0.4002068396528715,0.3950383958945084,0.38361072435770793,0.33993417900358314,0.3766660783989463,0.0420102224479974,0.7656795829417853,0.4,0.6,0.2,57,10.396227945603297,35.557273270357975
30,29,0.23294829605954898,0.29075003003504374,0.285859612229727,0.2769395254717605,0.22511715039492042,0.24487353500436923,0.012474691210953308,0.5865720521715336,0.4,0.6,0.2,61,10.44264869093874,37.16578799279266
30,30,0.23288920907541166,0.2904847587410894,0.285895307532266,0.2774446350997596,0.22326027394702241,0.2448735350043692,0.012474691210953319,0.5865720521715336,0.4,0.6,0.2,63,10.431561655933344,37.06449505887242
30,31,0.19308070062308313,0.24793285352004762,0.24301474264694162,0.23368082637579965,0.1926316653897712,0.22461885694272202,0.012281918580228273,0.4312462910482256,0.4,0.6,0.2,64,10.373181528134907,35.24242479059861
30,32,0.07086192093055428,0.125027741436212,0.11919432326276605,0.11260673519427997,0.061567595663845835,0.12268819273052478,0.011129884915719377,0.02787791368394525,0.4,0.6,0.2,70,10.58787166317742,33.11456471877938
30,33,0.07454513928614383,0.12208448950144304,0.11649195830497483,0.10896532346545551,0.08939623873057359,0.12683079161080943,0.01407594084832575,0.03564352116970046,0.4,0.6,0.2,71,10.319612391502217,34.580283908858405
30,34,0.06821889242216654,0.10598881474189918,0.09969948911660238,0.09291661775484622,0.09448969541327763,0.12317171140382059,0.01129051807159866,0.02853608255121029,0.4,0.6,0.2,72,9.873510622064128,31.95836421485843
30,35,0.06775060510473427,0.10363758925659383,0.0976338455106931,0.09189909804840907,0.0638709183609695,0.12279353360588621,0.011389233783143061,0.02842146289139701,0.4,0.6,0.2,75,9.74806886654292,32.05182098951771
30,36,0.06764280564126526,0.10301255805337668,0.09730696362327418,0.09268560568896583,0.0626642777511973,0.12279353360588621,0.011389233783143061,0.02842146289139701,0.4,0.6,0.2,77,9.728881569220976,32.00934374100385
30,39,0.1764967774128044,0.2079254543301901,0.2033953063658515,0.20173168564606514,0.17189734032899673,0.21695442412972982,0.01102918675600522,0.3892249449543077,0.4,0.6,0.2,109,9.255310575369734,35.58016193370408
30,41,0.1753533607844151,0.20294747155957432,0.19868497453500109,0.19839982687364355,0.17778497507633448,0.21582052820235523,0.011000362717176028,0.3892342786850632,0.4,0.6,0.2,112,9.03083758098724,33.33575513493418
30,42,0.17531787012015015,0.20271988147665757,0.19845567217575427,0.19816373511645363,0.17142016756704237,0.2157534086082483,0.010998559582609493,0.3893597321616661,0.4,0.6,0.2,113,9.020785312919774,33.351021357774485
30,43,0.1752829283476169,0.20252197399554578,0.19825623788181237,0.19795861798607867,0.17087509817215807,0.2156665470872606,0.01099642278900516,0.38950356448868184,0.4,0.6,0.2,118,9.011845763946075,33.3686258448438
