Run,Equation_Index,Hybrid_MSE_Train,Hybrid_AIC_Train,Hybrid_BIC_Train,Hybrid_MDL_Train,Hybrid_PSM_Train,Extrapolation_Divergence,Sensitivity_Interpolation,Sensitivity_Extrapolation,Lambda1,Lambda2,Lambda3,Complexity,MSE_Test_Interpolation,MSE_Test_Extrapolation
1,0,0.9187282286116847,0.8821578422210643,0.8812328840003815,0.8771202716829996,0.0,0.0,0.0,0.0,1.0,0.4,0.6,1,255.55771723636607,1310.0613653974242
1,1,0.9432004007463208,0.9561869268070297,0.9551036219868287,0.9506939588500135,0.12326621494100294,0.09410015139910047,8.329263027050499e-05,0.00010983846297283001,1.0,0.4,0.6,3,237.03784792167585,1223.5456086397571
1,2,0.9320695164228632,0.9745588058984865,0.9733730326082649,0.9691665278389573,0.16343591300356727,0.12364727529617507,0.0010533460604679108,0.00261933166410343,1.0,0.4,0.6,4,225.8945102351237,1220.0473984040823
1,3,1.1627858033263605,1.4735019319663594,1.47007998537672,1.457327531242481,1.7305048303213235,0.1834448994567688,0.31510611482121403,1.0,1.0,0.4,0.6,5,68.35879190383643,257.1114928456474
1,4,1.1627858033263605,1.4735019319663594,1.47007998537672,1.457327531242481,0.9094874569644487,0.1834448994567688,0.31510611482121403,1.0,1.0,0.4,0.6,6,68.35879190383643,257.1114928456474
1,5,0.7625702396278371,1.0731002752018455,1.069325470791679,1.0559586768146305,0.6836093061122033,0.17619509531072444,0.15775030358936615,0.5245757170834285,1.0,0.4,0.6,7,57.23324197850672,220.7135018084312
1,6,0.6529024845699496,0.9514178645431348,0.9471411238090117,0.932038281970434,0.6806389195315017,0.12398164902906712,0.148022626488456,0.5218667807428687,1.0,0.4,0.6,8,45.02717178553619,259.94764865617964
1,7,0.49590827550059036,0.7773127317712434,0.7726465904431554,0.756763505607597,0.44329211276749225,0.12346681931464905,0.09874312561736819,0.34807560664274373,1.0,0.4,0.6,10,38.1739369157898,236.30870104284816
1,8,0.4703570887977552,0.7307846625200943,0.7257554234169863,0.7088727671317571,0.438244206176812,0.12309731657078411,0.09882339411725374,0.34821700627078167,1.0,0.4,0.6,12,32.87352429364309,217.5123948021188
1,9,0.5129086429843713,0.765413736746415,0.7605657097191131,0.7429197497995385,0.4666776638100344,0.1684237087116343,0.10763122723906987,0.3503621867333721,1.0,0.4,0.6,13,31.403051574678194,125.46565212961444
1,10,0.4520870100341925,0.691724468943499,0.6863899856836022,0.6687292348820715,0.4385084781530254,0.12273671357098981,0.09895717495039635,0.34845267231751165,1.0,0.4,0.6,14,29.12593391909605,203.55872993399163
1,11,0.4916808475427094,0.7263991189482829,0.7212929843102671,0.7030968687173121,0.44670853110408315,0.16214257199818607,0.10770715261327998,0.3505606298281026,1.0,0.4,0.6,15,27.337754517688,97.54316194032158
1,12,0.3764165936231822,0.5958282653727505,0.5902266615595159,0.5721428853822885,0.37645648843661816,0.12296331656481865,0.07425123866143059,0.26143405517213825,1.0,0.4,0.6,16,26.24040515271828,201.17143584849708
1,13,0.40982663189980895,0.6162564035097129,0.6107904300040459,0.5920343290283627,0.41718871385668227,0.1611313165126435,0.08081389644714365,0.2630149592030252,1.0,0.4,0.6,17,23.181306542836044,87.67724788979918
1,14,0.30385081351790627,0.5087113751336797,0.5029301618537958,0.48474006880574244,0.24534146322559802,0.12097064697909007,0.049467008142974146,0.17423020609758863,1.0,0.4,0.6,18,24.11608584601836,203.4561094436096
1,15,0.4010730549263475,0.5885154250190134,0.5831349614270016,0.5637620983652973,0.4272071992635948,0.1611313165126435,0.08081389644714362,0.2630149592030252,1.0,0.4,0.6,19,21.16371037372821,98.1036444074568
1,16,0.3803125636122079,0.5574351377056742,0.5516347414986618,0.5326776377808201,0.3777857791131256,0.162735533943629,0.07285074532545313,0.23863809091737007,1.0,0.4,0.6,20,19.78269886824836,64.5260971672418
1,17,0.3252926451302923,0.4398800795536293,0.4337230272973245,0.4119317517341319,0.5439880932330622,0.1495600775875892,0.06386991069306054,0.21076424640610184,1.0,0.4,0.6,21,14.531693118210365,75.17436966208031
1,18,0.29417860863722906,0.3965908675375388,0.3903126652874416,0.3687060016872029,0.29596080304352035,0.1470267617786511,0.05323171646565192,0.17565876592600344,1.0,0.4,0.6,23,13.598981060002922,62.072862944864646
1,19,0.27202233915694707,0.36618529125257204,0.35982602028334376,0.338572285206646,0.2685218214689433,0.14506213296261214,0.04562761895593315,0.15054050643843303,1.0,0.4,0.6,25,13.208269645199175,62.0313365380116
1,20,0.29000162794299805,0.38126423108691115,0.3748766449016744,0.35411688178611367,0.2775233009551324,0.14555550539837403,0.05328165975428432,0.1757599368655883,1.0,0.4,0.6,27,12.924398547713816,58.42023440188756
1,21,0.29003597064260156,0.3796892937218748,0.3735889237490108,0.35306495628667767,0.2758054215276802,0.14603233234235752,0.053264600790158996,0.1757153505376427,1.0,0.4,0.6,29,12.814695151586216,58.43881519405798
1,22,0.2700064000163615,0.3556635612379696,0.3498272684071046,0.3296390166361783,0.26098672053204264,0.1450829811459176,0.045647541175383784,0.15060468371955815,1.0,0.4,0.6,31,12.573285257873293,63.68179113569642
1,23,0.25923723465573023,0.33575046141094145,0.32922027831862044,0.31042150373173594,0.2529129630358776,0.15003267240259538,0.03978035175722623,0.13172508356483986,1.0,0.4,0.6,35,11.909971044628875,61.12110088789822
1,24,0.2562558444795704,0.3238485231387508,0.3172331204364396,0.29862666751067135,0.25957242800448976,0.1489684041606107,0.03978770853624345,0.13174793690901423,1.0,0.4,0.6,37,11.365966133194483,62.46475384118765
1,25,0.26073393474593454,0.32337019925106847,0.3170107011414873,0.2982679001625572,0.26705411995500805,0.1511067257651208,0.04094005380513061,0.13663471712008618,1.0,0.4,0.6,38,11.134855766659465,40.97487414206454
1,26,0.24687410914556446,0.3048624159992802,0.29845904487317526,0.2805754092172451,0.24459907548797172,0.15047363499423708,0.035826184364665586,0.11957143766398363,1.0,0.4,0.6,40,11.071989982846986,38.5294880589448
1,27,0.25474447509804427,0.3107277585464795,0.30400258047388434,0.2872689818105745,0.24700649226222732,0.1498263893614054,0.0397916146852794,0.13176061451703228,1.0,0.4,0.6,43,10.769620913404868,58.539950291056016
1,28,0.25439206646979934,0.30926921063909485,0.302533651814737,0.28576022003867185,0.24848350161296842,0.1496988136250213,0.039783129120285275,0.13175623482134474,1.0,0.4,0.6,44,10.703575676238296,58.3734649333755
1,29,0.24320281096655574,0.2966195052952275,0.28987020644741257,0.2741046673888017,0.23881705540287648,0.14933470622549586,0.035373320750946284,0.11713402219459856,1.0,0.4,0.6,45,10.76845482458254,55.0683065708654
1,30,0.24298052418536548,0.2953435134548248,0.2888872476206966,0.27347873062900396,0.235726380023642,0.14933470622549586,0.035373320750946284,0.11713402219459856,1.0,0.4,0.6,47,10.709673266989371,54.993737770558624
1,31,0.24319875964851834,0.2928682979280307,0.28608388978578037,0.27102341552680254,0.24343994893922896,0.15005310310925074,0.03537399303768569,0.11713828662819421,1.0,0.4,0.6,48,10.5750553844074,53.83168721504256
1,32,0.2423124389651831,0.28932413387775113,0.2828178078130067,0.2717707214658239,0.23530092768468544,0.14964680519280665,0.03538290997434222,0.11720432864368706,1.0,0.4,0.6,56,10.489981556813106,54.776031949927926
1,33,0.24258785297882096,0.28825640334440716,0.2841610883508238,0.2816587701466872,0.23508021091961295,0.14951450246147996,0.036834244710848285,0.11756277820340581,1.0,0.4,0.6,80,10.470259567641872,55.97628747724265
1,34,1.5198406490788248,1.5645843765654375,1.5616923434078744,1.5610601785408575,1.5129058271955018,0.9096222032910608,0.006639781828012866,1.0,1.0,0.4,0.6,87,10.534881546483875,39.98854632020439
1,35,1.5188148918956041,1.5601892437380098,1.5572658701992712,1.557471939222155,1.5176216527873412,0.9096734549357306,0.005497643345991351,1.0,1.0,0.4,0.6,89,10.490523220278748,37.31034904785884
1,36,1.509855755617122,1.5482588244049693,1.5456108512360516,1.5456158650468097,1.5055512449134982,0.8999447079012535,0.008806613516272424,1.0,1.0,0.4,0.6,94,10.348290556321915,38.96562986543632
1,37,0.5338496150385054,0.571529614052786,0.5679660720895026,0.5694962159387594,0.5278510164471122,0.15883691668685504,0.00944005444759348,0.6082160536956838,1.0,0.4,0.6,99,9.676756284877628,28.80873038614332
1,38,1.503717118603659,1.5403254179258918,1.5355401722718724,1.5266988174254181,1.498745210821344,0.8949669358120355,0.006425643893937428,1.0,1.0,0.4,0.6,101,10.39376144288316,39.69788807162397
1,39,0.5709829061324184,0.6082001371804024,0.6055412092836138,0.6104453399551639,0.5648425285307639,0.15989303599087507,0.010501359487467743,0.6678552770305883,1.0,0.4,0.6,103,9.621283633950286,30.16604623416908
1,40,0.5701825356270203,0.6049559869969664,0.6025773869971769,0.6089920381004588,0.5687549607037945,0.15893172522461668,0.01043653873716423,0.6689153147744826,1.0,0.4,0.6,105,9.558894500591956,29.85757690263597
1,41,0.5244243370732291,0.5577426196703921,0.5559565399313942,0.5631887238064207,0.5217526929798117,0.15956345086991194,0.00738667620458781,0.5941096594957236,1.0,0.4,0.6,107,9.614178354431733,33.596463768622485
1,42,0.5318218468167946,0.5637604919844481,0.5616586429669065,0.5705984947161801,0.5276967582043101,0.16591298984857808,0.005521796190053456,0.5974735036547282,1.0,0.4,0.6,111,9.520397420057478,34.10198978476532
1,43,0.5301259503951025,0.5605408245142709,0.5581220599656154,0.5670713624999674,0.527580675161346,0.16461547005839672,0.0054094161160893215,0.5972972838543182,1.0,0.4,0.6,113,9.409518080923842,36.36550301373386
1,44,0.5286943582474102,0.5585058318227403,0.5566874800826592,0.5668494880508541,0.5247426190100289,0.16321482490488898,0.005434006329468062,0.597453607914787,1.0,0.4,0.6,116,9.455838058893764,36.08843678457544
1,45,0.5292774205356049,0.5587565975457162,0.5569351655257175,0.5674276975473915,0.5250613673722915,0.1642461299035838,0.00524053486263331,0.5969303654309528,1.0,0.4,0.6,118,9.42573032949691,36.04497991336065
1,46,0.1293044418239045,0.15679797710065288,0.15586717553504786,0.16612585221866982,0.13251891199873567,0.1102836159793992,0.006456518131484958,0.02007523719423853,1.0,0.4,0.6,119,9.598095656665391,46.03110724063755
1,47,0.1292069446400286,0.1564791385255523,0.15584929691484067,0.16707281508548352,0.1253910624064878,0.11024301399330087,0.006469104441668485,0.020059740399448002,1.0,0.4,0.6,121,9.576857684757174,46.172912047325184
1,48,0.12485541428665912,0.14935859957720177,0.14809739429905747,0.15829530605784203,0.1296770584693119,0.10892661711533921,0.005297512075390873,0.01650723031736305,1.0,0.4,0.6,122,9.504008716397903,43.969966865346535
1,49,0.1246552042348404,0.1480392748183367,0.14707084819694133,0.15854276165898867,0.12297516482520397,0.1089266171153392,0.005297512075390873,0.01650723031736305,1.0,0.4,0.6,124,9.460299504823372,43.90884118551338
1,50,0.12635833929020931,0.1495701808953724,0.14860017576442047,0.16007788057883834,0.12326045063581786,0.1094733867651386,0.00582845018126615,0.01812809120281603,1.0,0.4,0.6,125,9.414123285537082,33.71195642425942
1,51,0.1248343734455294,0.14615610505695437,0.14516882271206913,0.15829158528003373,0.12781380660672945,0.10809114368509849,0.005874871196506989,0.01837969758822758,1.0,0.4,0.6,126,9.393927368106734,34.12512244265142
1,52,0.12269177381966034,0.14280351349154966,0.14180519626157412,0.1552428321041363,0.12358085598408182,0.10735021852766317,0.005337785122872907,0.01673107866925162,1.0,0.4,0.6,127,9.369887104655866,36.60805310587642
1,53,0.12639299978609775,0.14489929958818212,0.14570405003795198,0.1679546434861595,0.12397191878681359,0.11134968198342947,0.005448170767242877,0.016739642321020022,1.0,0.4,0.6,145,9.346762811936154,46.05547122644421
1,54,0.12639150746873887,0.14497858212865491,0.14608712821488265,0.16902835839930982,0.12358827584498935,0.11134968198342947,0.005448170767242877,0.01673964232102003,1.0,0.4,0.6,147,9.346276427455145,46.03831863341519
2,0,0.9573109778095157,0.8926967947352175,0.8918545723482778,0.8880582138336627,0.0,0.0,0.0,0.0,1.0,0.4,0.6,1,222.6864925921627,1403.192237348839
2,1,0.9907723149639496,0.9704181205333021,0.9694437014016195,0.9654509245890425,0.11889463620077156,0.09446177315543527,8.373978300297374e-05,0.00011431080981810001,1.0,0.4,0.6,3,208.93296326121063,1348.8525393392188
2,2,0.9712007568718163,0.9955990745300584,0.9944771995565115,0.9905147854685978,0.19265650956665226,0.1363960543116488,0.0010926115668664941,0.0028381720905722298,1.0,0.4,0.6,4,195.39269782999176,1206.3210252721508
2,3,1.2092718999568417,1.5199978107539227,1.516574937273149,1.503818887862536,1.8009767710741773,0.22322353276077123,0.33219807624365044,1.0,1.0,0.4,0.6,5,68.4732427053786,256.57218536759825
2,4,0.8616984145027023,1.1721654187987196,1.1683849066125824,1.1549965179701815,0.7194800903926284,0.2142272147345977,0.16630588927126874,0.6217967087914452,1.0,0.4,0.6,7,57.87195229681685,215.38200415785303
2,5,0.8279987624112497,1.135690138038777,1.1317336602813524,1.1183689291249688,0.7046091502671306,0.1970269454029264,0.1674162321074607,0.6263155522222071,1.0,0.4,0.6,8,55.29376314486826,166.55243618744566
2,6,0.6987412182776376,0.9389944209411383,0.9339708236033484,0.9151051487309336,1.1208359011444835,0.17458338736937104,0.16804040671354167,0.6264077128243816,1.0,0.4,0.6,9,26.51403585767104,105.35146769110511
2,7,0.5247633062077608,0.7304499014457211,0.7249811857867667,0.704962813997186,0.5475410069820863,0.17030311293625547,0.11209042662389324,0.4177887210729988,1.0,0.4,0.6,11,21.18923456107312,89.56014051414432
2,8,0.43721618799691775,0.6168193697916573,0.6110467872425984,0.5902172223085739,0.4467103064614609,0.16920024160740607,0.08410596019270171,0.3134107772224909,1.0,0.4,0.6,13,18.06246911444192,91.38862576739108
2,9,0.42213603698593777,0.5726891392676183,0.5665994644330705,0.5450065620291814,0.44547849722020794,0.16539665033966847,0.08416484835892632,0.31350988709402566,1.0,0.4,0.6,15,15.35120190200793,80.11050906526559
2,10,0.3677678937237141,0.4954609217084638,0.48943650460000043,0.4676035304065843,0.38394541590528974,0.1604311281175424,0.06829344644130497,0.2541647054662562,1.0,0.4,0.6,17,13.980402263884187,51.437263881767066
2,11,0.3442270681508315,0.45628646408177614,0.45010409331413664,0.4278992467101683,0.3501926349151343,0.15619868341422788,0.06277395136834356,0.23315011361927004,1.0,0.4,0.6,19,12.956834374089883,49.0953149747622
2,12,0.32834125885069787,0.43507479499725255,0.42914223836010357,0.4090007308569443,0.31337673455904863,0.16287860526434972,0.05465207686708473,0.2033861423488999,1.0,0.4,0.6,22,12.81604510011702,46.57973309673769
2,13,0.30865486049046487,0.4011985549539123,0.39512633425072646,0.373090678638378,0.3419680714406215,0.15865041166998403,0.050235947013331804,0.18657247294277418,1.0,0.4,0.6,23,11.958180289948547,44.07665341994071
2,14,0.3088091926951054,0.38597045525186485,0.37974936212348565,0.3583242802872411,0.3217609925864469,0.16278032246016902,0.05004141720415438,0.18605059751268566,1.0,0.4,0.6,25,11.356901634932935,42.04350925214666
2,15,0.28667392715982837,0.35117520804131136,0.3448333648021204,0.323386709408151,0.29718867764231355,0.1652832518556667,0.04171380703481612,0.1550807227338826,1.0,0.4,0.6,27,10.941663870430943,40.66186747154597
2,16,0.2689233249752622,0.32881489091511873,0.3224294477182504,0.30178583501678785,0.266220023813144,0.16414168624844508,0.03575902843837022,0.13294558057883582,1.0,0.4,0.6,29,10.768417201216828,36.457875024176296
2,17,0.2759444919119164,0.3341985919960809,0.3277976896633772,0.3073595820025069,0.26839864513041933,0.1714891361092385,0.03576338659806567,0.13294917468008768,1.0,0.4,0.6,31,10.695631949224452,40.707938968005806
2,18,0.2621352077513742,0.3160416779238016,0.30959988550056,0.2900025077115661,0.26012781810199564,0.17029159518837195,0.031296392996610384,0.1163460044530692,1.0,0.4,0.6,33,10.54702210492674,36.69144427721985
2,19,0.22494271006964306,0.2746621438789942,0.26818111128311545,0.25008352170189413,0.21803853853756747,0.1473402802692843,0.026679607032340204,0.09704215466821817,1.0,0.4,0.6,41,10.307688158131192,31.847750102104364
2,20,0.21376344222535656,0.2622742884043004,0.25547904360943813,0.23824538721830466,0.20910979585171055,0.15012248183702803,0.02136563525309534,0.07767193965639878,1.0,0.4,0.6,42,10.539088934586522,35.84086721839941
2,21,0.21411445039567342,0.26018453968564165,0.2536694358190817,0.23673418077185965,0.21043992777635176,0.1509977638761309,0.021343040821718097,0.0776119610983533,1.0,0.4,0.6,44,10.329276600118185,35.535351004506694
2,22,0.22922834339520487,0.27326773087904216,0.2673396536157448,0.2511672647561501,0.22919340387402173,0.15275133893082996,0.026625719725890867,0.0970464267513642,1.0,0.4,0.6,45,10.117009796042884,39.25256215968419
2,23,0.2312089578709927,0.27499899131091365,0.2693715052015193,0.25348522957011244,0.22483287818070535,0.16165953721808324,0.02397877919880539,0.0873701302721667,1.0,0.4,0.6,46,10.268835788610644,35.61499824483407
2,24,0.2348558148897003,0.27369194325005636,0.2680184648277398,0.2517362001504855,0.2451193752479517,0.15931314981520997,0.026649965910479956,0.09709022925086577,1.0,0.4,0.6,47,9.876150417072006,35.94122657678055
2,25,0.22912917771925698,0.26665254308363506,0.2609668950006211,0.24694811504985495,0.224225517303702,0.15388134311412877,0.0266269250739201,0.09700837020886104,1.0,0.4,0.6,50,9.67999400130048,39.03482994060083
2,26,0.22874236442477558,0.2649966980232559,0.2596022313855255,0.24474681925993175,0.227211441576884,0.1605763629718357,0.02398137516844472,0.08737424433316897,1.0,0.4,0.6,51,9.981613738451273,35.09460497076227
2,27,0.22570854505709853,0.26070636874194136,0.25499735861464545,0.2414355147787004,0.22372642112778435,0.15784684133381316,0.023938406100886232,0.08724125500271666,1.0,0.4,0.6,52,9.657091151944783,37.832757734104206
2,28,0.22901919440908025,0.2614563616870818,0.2557236739164369,0.24295022175113018,0.22786783450092873,0.16161143186864635,0.023936882333148342,0.08723682519136061,1.0,0.4,0.6,54,9.604002289455458,37.222538184471766
2,29,0.22062030929148058,0.25173862777767547,0.24599383541411685,0.23402604707056346,0.21759111094582967,0.1590599271892251,0.0217666226267236,0.07932102699701693,1.0,0.4,0.6,56,9.409287786286423,43.18595298644281
2,30,0.23030521300141904,0.26007953681599727,0.25401944223193523,0.24156569405913567,0.22738217648516065,0.15838353821136839,0.02586916380165393,0.09421670910347486,1.0,0.4,0.6,58,9.38629028099719,37.29018076931545
2,31,0.2302449801820139,0.2597593302805845,0.253999757655948,0.24200847988247368,0.22585165470547303,0.15838353821136839,0.02586916380165393,0.09421670910347486,1.0,0.4,0.6,60,9.389163246144244,37.23559656292058
2,32,0.23258309555431902,0.25786269938634643,0.25176132015961716,0.24059590107592607,0.23529739212362596,0.16809853955102505,0.023288862671238367,0.08481920190284134,1.0,0.4,0.6,62,9.299864254165216,34.49781548780418
2,33,0.23251782638068144,0.2574991599324713,0.25169795759589797,0.24071278045962582,0.2289582337748908,0.16809853955102505,0.023288862671238374,0.08481920190284134,1.0,0.4,0.6,64,9.300947151749464,34.43084196502928
2,34,0.23351256462002348,0.25671850420143993,0.2509010176195611,0.2410252202927266,0.2315888392945358,0.16938704166199825,0.023289527247441377,0.0848246369255802,1.0,0.4,0.6,67,9.310698127947266,34.116097859778
2,35,0.22857002092438458,0.249092397847184,0.2435533167876357,0.2361608058892853,0.22744358098303846,0.16924079079561424,0.021721625606594148,0.07864122453463532,1.0,0.4,0.6,71,9.092542661345288,27.488352631738955
2,36,0.2323445866335927,0.25197198104827684,0.24612178376117735,0.23846409583737962,0.23172086731798244,0.17521073496933076,0.020932384588998366,0.07572841922185965,1.0,0.4,0.6,72,9.116716785182724,33.13563545960046
2,37,0.22158766625125806,0.24076021442852805,0.2355118231026508,0.2286150209556652,0.2204962151614197,0.16846468777119292,0.019406453446148643,0.07023381017298969,1.0,0.4,0.6,73,9.092822517871552,30.85786155996419
2,38,0.2355005889347996,0.25314964139520485,0.24728139156860124,0.24072636772182543,0.2347508810751177,0.1759537355034895,0.021984467497137686,0.07958579699753504,1.0,0.4,0.6,75,9.080553887517585,35.787947397824205
2,39,0.22175082363523008,0.23808561524271624,0.23220538362723,0.22536055142876607,0.22335928231970192,0.17015586479852757,0.01891515992748965,0.06873242403986703,1.0,0.4,0.6,76,9.028097338265647,36.72283615343021
2,40,0.23663270891168356,0.2523471856824451,0.247976111926821,0.24504795494768306,0.23431340486138824,0.17954978547925216,0.021280050008157,0.07658878397382424,1.0,0.4,0.6,88,9.111979975140247,37.994184885931375
2,41,0.23274343009684928,0.246622257003046,0.242234482825542,0.23956026210603126,0.23655230615553877,0.1759507350078031,0.02128329849050093,0.076590400148854,1.0,0.4,0.6,89,9.128815210837866,38.73234315659288
2,42,0.2338201418120385,0.24776316471089851,0.2436789776833016,0.24187873042371189,0.23152837957942204,0.17702696656410424,0.021285701953214702,0.07659653603985418,1.0,0.4,0.6,92,9.136617762738975,37.83155853071908
2,43,0.23272607790678648,0.2464557494297326,0.2423696337934974,0.24024636373781563,0.23114925702703618,0.17597779021786342,0.02127623366366923,0.07658424457798159,1.0,0.4,0.6,93,9.109979635549962,38.67147730772345
2,44,0.23374607155728566,0.24731093780321287,0.24352626347282008,0.2429162654204213,0.23234997049425002,0.17702696656410422,0.021285701953214702,0.07659653603985417,1.0,0.4,0.6,94,9.082105851168537,37.7729774763667
2,45,0.22905616749228036,0.24088165725948896,0.23677825937950853,0.23554586575704206,0.23257144904326482,0.17239049491205877,0.021285472990661795,0.07694067937401583,1.0,0.4,0.6,95,9.122724235375,38.25213580748968
2,46,0.2247437907560227,0.23589827764809074,0.23178874706668973,0.23149544155395435,0.2250994247073812,0.1733957770082765,0.019064836469242986,0.06973354269447565,1.0,0.4,0.6,96,9.069088548395404,38.53096782914638
2,47,0.2315764775674149,0.24161454765923474,0.2374949237656841,0.23780448906787455,0.23358813460333772,0.17455809968748984,0.02229819613303021,0.07731870637874803,1.0,0.4,0.6,97,9.126434149297385,38.17628469952591
2,48,0.2265989712021209,0.2347532005922176,0.23061649801825143,0.2341006625566443,0.226436516068695,0.1759839275421223,0.019568137984283456,0.0689523663841074,1.0,0.4,0.6,102,8.650086320297891,39.51204284393174
2,49,0.2326215555380752,0.24023742517885693,0.2360958352096176,0.2402088671600547,0.2321831732561043,0.18204989996682358,0.01959161866502968,0.06900240580387078,1.0,0.4,0.6,104,8.574740383061997,37.54171073747805
3,0,0.9499654437733195,0.8907171923222155,0.8898594453240266,0.8860032533577022,0.0,0.0,0.0,0.0,1.0,0.4,0.6,1,222.84538292405804,1334.0713690135167
3,1,0.9797493551006465,0.9641982084041432,0.9632083805226029,0.9591562193703453,0.11458760580047371,0.09020594070366636,8.399636384213458e-05,0.00011510700581725,1.0,0.4,0.6,3,207.98503268306223,1328.8047029076745
3,2,0.95406533020834,0.9864065719007903,0.9852565217119779,0.9811856330969486,0.19170877552509277,0.13077633349636567,0.0010891494050749657,0.00286309110042079,1.0,0.4,0.6,4,192.9156181475794,1153.7500808484986
3,3,1.2013946322634976,1.5111425180573792,1.5077990719322627,1.49534836684342,1.742719667276984,0.20520822995674162,0.3297733946819729,1.0,1.0,0.4,0.6,5,65.78972534582853,232.13474605311404
3,4,0.7211438965719863,1.0219836590446438,1.017764294597906,1.0030661261837155,0.7209914481510594,0.12450768723494592,0.1538016395471262,0.6225692811912608,1.0,0.4,0.6,7,53.47838100532301,245.6745188431533
3,5,0.5420662427221574,0.8265960794047036,0.8219858315965884,0.8063199327452129,0.4858189028720351,0.12380307827636247,0.10259664290678565,0.41523693634624925,1.0,0.4,0.6,9,46.08214976480373,224.72609102020144
3,6,0.5150607346005023,0.7787594942952558,0.773777883343244,0.7572758889519517,0.4816808242716495,0.123158985891814,0.1026748619094764,0.41538424191041934,1.0,0.4,0.6,11,40.413968628684735,208.6203045698517
3,7,0.49883691325859464,0.744803676137163,0.7395531130760675,0.7224127811936758,0.46349889125635974,0.12274427118121412,0.10297785854313353,0.41639078910769645,1.0,0.4,0.6,13,37.13083429537426,207.695214789112
3,8,0.41948381158989023,0.6574528407713927,0.6520945803003488,0.6348604121731285,0.3495662760999544,0.1256846481058509,0.08890035681778609,0.2981628340922727,1.0,0.4,0.6,17,26.438548598199585,122.16073271374812
3,9,0.4046918616165059,0.6226367435470157,0.6170158995177862,0.5985967834296833,0.4352367613284175,0.12787605908485727,0.08761660124773814,0.2930945125549406,1.0,0.4,0.6,18,22.582450502975743,113.86625093241724
3,10,0.39978651101622376,0.610936797096586,0.605232086478109,0.5870355225850483,0.36815209308252894,0.12216326826275714,0.08940563292731525,0.29973338382946546,1.0,0.4,0.6,19,22.661835802614128,100.93053004310448
3,11,0.31764687205652486,0.5074967053467581,0.501537164425805,0.48246316216738305,0.3612892454434566,0.12612304918608983,0.05844583024427423,0.1954745692483256,1.0,0.4,0.6,20,19.36564911965249,92.435265551043
3,12,0.2618805457460676,0.4244772857193106,0.4185169703361539,0.39853532653003904,0.27792067406233306,0.12665319382284065,0.03983453134039033,0.13314350186282176,1.0,0.4,0.6,22,16.73999370257213,66.92350604924538
3,13,0.2636606116662099,0.39450349253079464,0.3882084816884853,0.3673576786720034,0.2966040833455631,0.1282184592216779,0.04461660994154415,0.14847523581784489,1.0,0.4,0.6,24,14.96964606073363,55.63119446535771
3,14,0.22751302713049742,0.32612480019083,0.3195062524816077,0.29810502436384057,0.26740622020503924,0.12775834980037773,0.03348560403492081,0.11140701991531984,1.0,0.4,0.6,26,12.970565732776052,50.90464166586121
3,15,0.20375698755835836,0.2749565943878913,0.2680726689694303,0.24635450861430708,0.23937433225857838,0.1264265602797211,0.0268010238987545,0.08916085032812679,1.0,0.4,0.6,28,11.480469625860978,45.8084786578971
3,16,0.19119749074045628,0.2558129191636738,0.24886637271979417,0.22784925503935333,0.190981349518048,0.12595422771900977,0.022337766641831062,0.07431749242494465,1.0,0.4,0.6,30,11.230319917063408,40.84274169064602
3,17,0.2008169772274051,0.26133743845154506,0.2543520924519932,0.23318713928417203,0.20419080876369192,0.12572352764457273,0.026809873025181744,0.08915932403206425,1.0,0.4,0.6,31,10.99264327168938,44.77410987776821
3,18,0.17853039402352655,0.2341174985490435,0.2270856892462837,0.20646914131491212,0.1857479696666498,0.12275624724553916,0.019154035534751347,0.06371786150037632,1.0,0.4,0.6,32,11.062577475268297,42.65702521036107
3,19,0.18844867702593876,0.24161589998316713,0.23456132614950562,0.2140969947942506,0.18319176112267374,0.1255162438926477,0.02235036311357286,0.0743070459836595,1.0,0.4,0.6,34,10.665579486579546,44.528353887752566
3,20,0.1880611234117537,0.2406359095509727,0.23387871000857796,0.2137383417249882,0.18113755622979055,0.12525851083908673,0.02234514067690231,0.07431621958633233,1.0,0.4,0.6,35,10.776696160818329,39.95334042638754
3,21,0.1763866496750996,0.22451582993435112,0.21771700570983157,0.19816850939838299,0.17560768520049738,0.1220744515413398,0.019159526267461303,0.06371585939131565,1.0,0.4,0.6,37,10.854282242843864,42.88846299695149
3,22,0.17407013355855608,0.22156754236487436,0.21506575017829743,0.19688875296281164,0.16702685854395605,0.12119617475746211,0.018602627850059658,0.06191863633965998,1.0,0.4,0.6,39,10.7193904593528,38.84614911146885
3,23,0.17400433414457425,0.22115381407440288,0.21464879094546244,0.19672391546277768,0.16697952862569412,0.12119617475746214,0.018602627850059658,0.06191863633966001,1.0,0.4,0.6,40,10.688278160315294,38.641524032347945
3,24,0.17595717986289472,0.21951931670928937,0.21267790017752597,0.1939792489613439,0.18044291131871226,0.12481434831484961,0.01816135175109299,0.06053637187161428,1.0,0.4,0.6,41,9.877770905507408,35.51850255529823
3,25,0.1759309458026268,0.21640487736822522,0.20983773266464512,0.19220473334902966,0.17434288850939228,0.12504235331996252,0.01830091111300226,0.0609884222811277,1.0,0.4,0.6,43,9.848382473954596,36.60892253724592
3,26,0.1759489454438628,0.21438411973516358,0.20779803291690424,0.1900799739457511,0.17165858781556545,0.12539840638273508,0.018326501460999112,0.06102511781711798,1.0,0.4,0.6,46,9.822087140188064,36.681840185844656
3,27,0.17594464808945542,0.21453600585331978,0.20855734165229128,0.19303772663574265,0.16936432904475024,0.12539840685737014,0.018326501754669072,0.06102511876789953,1.0,0.4,0.6,50,9.827332594340218,36.717943885633794
3,28,0.16284318725029825,0.20037527636417282,0.19408376566602423,0.17975652726238855,0.1575161210869832,0.1221610011227868,0.014335185416150257,0.047536939188221,1.0,0.4,0.6,53,9.983300390437556,36.56089962112593
3,29,0.16974074117180898,0.20472927913225175,0.1987172689011747,0.18530224427342518,0.16602123219962395,0.12502968606797785,0.016209526468391845,0.053785600694587446,1.0,0.4,0.6,57,9.515813093480736,35.28404784234052
3,30,0.16798577845811638,0.20230156513297096,0.19628328381151816,0.1839639287793538,0.1627193700921724,0.12435139337291412,0.01590537982478749,0.05239228069678137,1.0,0.4,0.6,61,9.53681188673698,36.4292178145259
3,31,0.163436425877388,0.19621700952615545,0.19018461484593108,0.17868974650879765,0.16047138557185142,0.12380049735767211,0.014292044139273211,0.04725391163267287,1.0,0.4,0.6,63,9.463179247496766,35.50035916644046
3,32,0.16395552432643212,0.19631712068769908,0.18967488910951424,0.17362907547940437,0.15883529633129911,0.12406535560648593,0.014418765003392009,0.047662920500387077,1.0,0.4,0.6,65,9.496770665140554,36.6269044367769
3,33,0.16146037005959413,0.19100150053217402,0.18554509647255504,0.17695914307586139,0.1578324826490734,0.12624087031605474,0.0126660613486385,0.04196713873442367,1.0,0.4,0.6,73,9.098958911174485,44.26545309316342
3,34,0.161016354082185,0.19037555314906984,0.18431161673820695,0.17610912018984298,0.1560495151818449,0.1257490718775407,0.012704013715279412,0.04202193759712821,1.0,0.4,0.6,74,9.085007477431462,30.39689614067669
3,35,0.15819783374620489,0.18679850771535,0.1813334723896675,0.17392697689403452,0.15655520981676213,0.12589099873791976,0.011512649958652275,0.038150659428392956,1.0,0.4,0.6,75,9.08094977061407,44.31261485948063
3,36,0.16290140857240515,0.18963568224713317,0.1835476053494326,0.17582186904339536,0.1640716808299431,0.1280783111498471,0.012706099304660113,0.04202855095189159,1.0,0.4,0.6,76,9.034008398869124,42.53802126678237
3,37,0.15938174759492796,0.18310932805429297,0.1779026396549332,0.17390409006971158,0.15698568278807729,0.12539755222166452,0.012640462496718963,0.04159349906265124,1.0,0.4,0.6,83,8.857825192233276,44.06032399323647
3,38,0.15631466080932388,0.1797811913464024,0.1742690461289022,0.16940879735402536,0.152978538634213,0.12517698995833165,0.011363963920037128,0.03775039542540361,1.0,0.4,0.6,84,8.98199217112734,43.43748130509009
3,39,0.15439816445903415,0.17716394271873018,0.1716453870121903,0.1670608549042501,0.15289709723887288,0.1233752482940498,0.01136350375786344,0.03775142751842447,1.0,0.4,0.6,85,8.986687141432814,44.05573455938525
3,40,0.15559609936704066,0.1758222992756158,0.17058356717993248,0.16646263996912053,0.16103411876490803,0.1249614802155645,0.011460997971337879,0.037762969833092255,1.0,0.4,0.6,86,8.75070581460541,43.88254863269854
3,41,0.1560833165927711,0.17555732131323576,0.17000867616355855,0.16621110068361877,0.15501996809285565,0.1255656997468318,0.011425863221076426,0.037772053041505674,1.0,0.4,0.6,87,8.730628885641707,43.50446560087866
3,42,0.15811909135710686,0.177138571661756,0.17188878406624625,0.16833451274302916,0.1567505614974752,0.127706303452582,0.01136348601361044,0.03778715451226586,1.0,0.4,0.6,88,8.733315644649506,43.174250900324026
3,43,0.1557269763994231,0.17473885669191636,0.16948901428269547,0.16719998999521785,0.15254525999212126,0.12532264636376475,0.011393972224358038,0.03775471663445236,1.0,0.4,0.6,90,8.737368274924705,43.35231945218744
3,44,0.15794913875668692,0.17652255928048,0.1715716355796983,0.1722570757750458,0.15503830869194019,0.12489383399040437,0.012579351226220618,0.041526264959147394,1.0,0.4,0.6,99,8.67380222020752,42.18567249483334
3,45,0.15894387477594704,0.17668972041708017,0.17173129771093557,0.1729094916196162,0.1568938399586807,0.12596926273705936,0.012582482881335032,0.04161333493774737,1.0,0.4,0.6,102,8.602808734363434,41.54549232019045
3,46,0.1581257579677209,0.17538857152822113,0.17042568796404134,0.1717707665843581,0.1556345864369455,0.12527794913139473,0.012580080240158031,0.04153376211046263,1.0,0.4,0.6,106,8.64655407601493,42.09188468200021
3,47,0.15813577545942625,0.1751340737600259,0.1704717549965315,0.17305307036877648,0.15648384409737423,0.12537805951680572,0.012558370893429151,0.04149338937557218,1.0,0.4,0.6,107,8.620810772704539,42.16156269498011
3,48,0.15934531685940578,0.17591589158881604,0.17124963676157387,0.1744247938756219,0.1572916782546943,0.1265844165747395,0.012585780826726867,0.04159524167610759,1.0,0.4,0.6,109,8.594432605555577,41.5779418412494
3,49,0.15912730876939843,0.1754743375192696,0.17080607452824825,0.17427777127834987,0.1571412728907471,0.12642364908030057,0.01255974677027918,0.04157707030932079,1.0,0.4,0.6,110,8.566529758787487,41.47404066067291
3,50,0.15531431716094402,0.17144740817260423,0.16768613249378372,0.17541634770865952,0.1528384589077812,0.12537594087999807,0.01016270209794641,0.03869579853002851,1.0,0.4,0.6,119,8.82280532824673,43.60773785568363
3,51,0.15117876746635384,0.16738357488568156,0.1639258504581475,0.17304670806342795,0.14854594404833296,0.12291304405001395,0.010853465810733199,0.03545235717577453,1.0,0.4,0.6,122,8.908754023711051,44.65674949631467
3,52,0.15586562493739733,0.1709497608748239,0.16839079267744708,0.18275089794962004,0.15389974738584364,0.1252070043276999,0.01070557664055128,0.03990931463168325,1.0,0.4,0.6,132,8.85979529478971,43.18394869443777
3,53,0.15534734869635106,0.17028202257591174,0.16772167691740206,0.1824087228333924,0.15343973944590936,0.1250335951712394,0.01065569617763533,0.03940742599864655,1.0,0.4,0.6,133,8.849982370142397,43.12190587327838
3,54,0.15583733038321285,0.17083338605931842,0.16857652617668123,0.1852851020698639,0.15345377244601716,0.1252070043276999,0.01070557664055128,0.03990931463168327,1.0,0.4,0.6,138,8.844000659172039,43.11222114831717
3,55,0.15580067379126206,0.17052760343168682,0.16796535048794453,0.18530206769662946,0.15402559196801488,0.12523417666625608,0.010614615814084247,0.03991105884589012,1.0,0.4,0.6,139,8.848548568780144,43.02640508266402
4,0,0.945099056548053,0.8894050750670298,0.8885370409519461,0.8846418389150097,0.0,0.0,0.0,0.0,1.0,0.4,0.6,1,233.6816693288458,1400.507258122149
4,1,0.971497233820586,0.9625365596690563,0.9615257379591279,0.9573932713862606,0.11756417396849861,0.09122629829888615,8.384031403627752e-05,0.00010682105879583001,1.0,0.4,0.6,3,217.10955745449203,1188.0663782347358
4,2,0.6155608058471275,0.8510024607668136,0.848821556023204,0.8412515016497522,0.559397523198731,0.12308061401596522,0.0025784150683065593,0.00793151495734787,1.0,0.4,0.6,4,121.57249159453072,517.3581423985672
4,3,0.4795205131764642,0.7872525140375524,0.7843214074983087,0.7728078231125398,0.3924567670317378,0.1552200739124097,0.012366491252823625,0.065223470945292,1.0,0.4,0.6,6,76.22737648333609,38022.77867341579
4,4,0.42045065459619313,0.728561516354892,0.7256096784909952,0.7146608380431378,0.14692408865168732,0.13585684372649434,0.0024422986604592163,0.01067993583290802,1.0,0.4,0.6,8,73.57168628248054,8053.6169879318195
4,5,0.4576904234429168,0.7663508122175418,0.7630688112006225,0.7524757853180537,0.19446625135278015,0.15835039781083265,0.007242459287587795,0.03876627552320005,1.0,0.4,0.6,9,71.22507275190364,8356.958611447093
4,6,0.3736587308350927,0.6852995696121362,0.6820436032575183,0.6704806042283008,0.2404806985452179,0.13376075081496694,0.0016544201970671167,0.0071893141210883,1.0,0.4,0.6,10,64.55538121471874,8025.726436596004
4,7,0.257820477867264,0.5509850843999392,0.5467831828919228,0.5320496937681044,0.30742038381074843,0.11753208196718282,0.0032315067535449824,0.01019256704739705,1.0,0.4,0.6,12,41.944606979078095,7748.07327921333
4,8,0.23533748327250215,0.48853695178236983,0.48399977938200256,0.4670098063787176,0.2528264609808959,0.12753083200927023,0.005534519955792054,0.02349054548346659,1.0,0.4,0.6,14,31.619760385557928,34213.10797783806
4,9,0.24073942181594832,0.4874372702220019,0.4825045320854041,0.4662269243893975,0.17091434669428218,0.1344105334220424,0.006438896517933518,0.02920683659514329,1.0,0.4,0.6,16,32.06656755257396,62009.54470310082
4,10,0.1936388854243356,0.40038967602413117,0.39523660473241357,0.3771968949575684,0.3266566949150029,0.12311582463374363,0.005746777164645081,0.0145768792411573,1.0,0.4,0.6,17,23.960209146879148,161.81841019731786
4,11,0.18549706697276735,0.38062603574141884,0.37533458079190496,0.3576569074855611,0.1574342432311364,0.12316148556215858,0.00461392335045621,0.01170037505000934,1.0,0.4,0.6,19,22.54751554708165,159.160868822622
4,12,0.18430700578902984,0.3504382146222117,0.34481927859524025,0.3266090204305839,0.2638186710601105,0.1316162825849901,0.0057598603119023,0.01607127955335485,1.0,0.4,0.6,20,18.13260497671593,146.86713566524563
4,13,0.18263914122747732,0.34202620965144753,0.33633408618934674,0.3183233634918278,0.1579140710865949,0.13278914390287394,0.005667767082645697,0.01569944393530513,1.0,0.4,0.6,22,17.34622870023785,146.22698018817965
4,14,0.17449453782435434,0.32091275363141586,0.3153854127560786,0.2978276374257874,0.16652864800140432,0.13140513500243373,0.004624436795699835,0.01289605455726712,1.0,0.4,0.6,24,16.449491063499888,143.5703193299405
4,15,0.1747933281472694,0.3194026323596574,0.3138560083204744,0.2967444177426684,0.14563569601334167,0.13256089920812977,0.004550762212294557,0.01259858606282734,1.0,0.4,0.6,26,16.182508065799148,140.01086366482727
4,16,0.1693869334180785,0.3058191775546031,0.30018756562821386,0.283218316451867,0.17008462925059498,0.13118128188947578,0.003858684526421079,0.01076097533768273,1.0,0.4,0.6,27,15.81695902248477,142.081856507832
4,17,0.16922877701491099,0.30414136024048194,0.2984941093466484,0.2822586000417245,0.14238639909801679,0.13156268436299984,0.00381882730362461,0.01069147468944703,1.0,0.4,0.6,29,15.655603554053569,144.50860870011726
4,18,0.1488264218173602,0.2691471915115355,0.2630478706715097,0.24517487107343441,0.17787941567988694,0.11870759907189261,0.002116646842527705,0.0065391386360286,1.0,0.4,0.6,30,14.99701383340715,7446.561609085992
4,19,0.14105908834974903,0.2458254995721753,0.23957056512941313,0.22159616881511807,0.14855897244919133,0.11536925572401824,0.002074119868308707,0.00630743437228803,1.0,0.4,0.6,32,14.112020475870631,8305.518890128564
4,20,0.13712276634731627,0.24033139561549804,0.23406103834315123,0.21703240618842834,0.1192932026137094,0.1127756748347978,0.0016233694910078832,0.00504889536015533,1.0,0.4,0.6,34,14.241356551992332,8291.087883470878
4,21,0.13245540501798966,0.22460716390459368,0.21822825655545328,0.20182027900558616,0.12784504862407242,0.11118411781990419,0.0015187273970203698,0.0046178096309764,1.0,0.4,0.6,37,13.666392413081722,8300.246246507617
4,22,1.6183412378763524,1.7102355666628104,1.704459903288218,1.6898650916125622,1.6010767103696066,1.0,0.0013858116644407971,1.0,1.0,0.4,0.6,40,13.543043563820993,8265.7272691688
4,23,1.6182816479498947,1.7099195049688052,1.704141344340318,1.6903764718495342,1.6010161427518543,1.0,0.0013922184305746464,1.0,1.0,0.4,0.6,42,13.678942572410447,8287.329137667883
4,24,1.6182631435755006,1.7098201472548262,1.7040411746934776,1.6899934779796455,1.6008466329584805,1.0,0.0013947683286094242,1.0,1.0,0.4,0.6,43,13.683301242704625,8287.745071053649
4,25,1.6174634616230308,1.7057798201509575,1.7002722645200978,1.687654846364322,1.6124573502725896,1.0,0.0013912676899579032,1.0,1.0,0.4,0.6,44,13.362823561010645,8292.714844647755
4,26,1.1342283672558082,1.2204955515071854,1.2152710235808402,1.2027493441015786,1.1216360156898608,0.517195677493387,0.001575976109356278,1.0,1.0,0.4,0.6,46,13.344186253935924,8357.111315218588
4,27,1.6169795623362577,1.7031005066603142,1.6978745943301967,1.6853237647072978,1.6007852047424453,1.0,0.0015289056694680954,1.0,1.0,0.4,0.6,49,12.850581843035826,8271.003210221548
4,28,1.616730133290118,1.7020958077905712,1.6965596650890142,1.6838334906745263,1.6029406870068539,1.0,0.0013031237626780034,1.0,1.0,0.4,0.6,50,13.193799676535786,7639.425128757291
4,29,1.6165294081686725,1.701023383980917,1.6954788276563533,1.68355407145705,1.603585769847267,1.0,0.0013031237626780034,1.0,1.0,0.4,0.6,51,13.198046175568292,7622.713890380642
4,30,1.6155240691110317,1.696309970779657,1.6907293798813106,1.6775504737065594,1.6139455529972437,1.0,0.000985234874794764,1.0,1.0,0.4,0.6,52,12.605535665990532,7381.000348690386
4,31,1.5427665307090574,1.6143201183398044,1.6086512124621146,1.596555346879813,1.5617713089010616,0.9291117711744242,0.0013624142851232082,1.0,1.0,0.4,0.6,53,11.391465560859189,7625.457669423999
4,32,1.529742168713772,1.585227493706914,1.5794064543893858,1.567580174800069,1.5478777823980392,0.9194625285254364,0.0012189280448003526,1.0,1.0,0.4,0.6,55,10.79616522606366,7575.02354740363
4,33,1.6100134142165037,1.6640218796856883,1.658489877474576,1.6476570475621468,1.6023254813843835,1.0,0.0013221756527155982,1.0,1.0,0.4,0.6,58,11.041000638346988,7569.110668586066
4,34,1.543678852601221,1.5969863051242292,1.5914477276819046,1.580880906813324,1.5367990426296,0.9338539016590801,0.0012007469214976023,1.0,1.0,0.4,0.6,59,10.696334866964976,7980.291431897908
4,35,1.6091861290491267,1.6592266941945608,1.6536575416370076,1.6435589138608044,1.611657773185247,1.0,0.001177151278500405,1.0,1.0,0.4,0.6,60,10.73272415256469,7561.931102792238
4,36,1.6091846429448324,1.6593074709736015,1.6540419804989144,1.6444293090110347,1.600484143516307,1.0,0.001177151278500405,1.0,1.0,0.4,0.6,62,10.73062282104034,7562.369186489784
4,37,1.608487586099585,1.6548897486779341,1.6492865674965111,1.6405319069419537,1.6129164080919374,1.0,0.0011590077229310487,1.0,1.0,0.4,0.6,63,10.55697361142026,7966.51431902697
4,38,1.608466017024253,1.6546685124078313,1.648760553778513,1.6371794261911266,1.6008393256073914,1.0,0.0011568076490185268,1.0,1.0,0.4,0.6,64,10.530689514935254,7964.979753192055
4,39,0.12958688483622624,0.17497704161934105,0.1699703941037316,0.16734515219051632,0.12198152399345744,0.1195702767325367,0.0010549447694481635,0.00299048131556513,1.0,0.4,0.6,83,10.5061292964769,8303.71672647428
4,40,0.12950690069543308,0.1747015865513122,0.16999602682443932,0.16884810237672176,0.12224733455102585,0.11956189599637683,0.0010454433716118505,0.00296626964988043,1.0,0.4,0.6,85,10.461315436954802,8310.265749924885
4,41,0.1295162049398807,0.1747075512988427,0.17030489582701644,0.17035141333279896,0.12194613436704355,0.11957027673253669,0.0010549447694481635,0.00299048131556513,1.0,0.4,0.6,87,10.472738996439892,8307.561153483657
4,42,0.12443036100442034,0.16838276157814586,0.16396854582486275,0.16303722305103802,0.11798990246278307,0.11492447466993283,0.0008375957859247587,0.0027860076916528297,1.0,0.4,0.6,91,10.108130205816792,8307.852452117211
4,43,0.1231979560450924,0.16543292276863175,0.16100274058297692,0.16032179628505655,0.12188064684139308,0.11404899922041253,0.0008323005583332447,0.00272301517351412,1.0,0.4,0.6,92,10.06552492267754,8643.939423110842
4,44,0.12620262395997178,0.16598726345086887,0.16123141991739284,0.16054917917420133,0.1274947374397062,0.11768078625422776,0.000773918886320087,0.00243478511493285,1.0,0.4,0.6,93,9.909834478684187,8633.058101457493
4,45,0.12228846548822189,0.16204614230190834,0.15759300479100063,0.1568504103675707,0.11595655255518134,0.1137696763894872,0.0007613954288612771,0.00247339397905667,1.0,0.4,0.6,94,9.817850024498556,8620.356831071409
4,46,0.12503854007292098,0.16466363264948644,0.16020924168563452,0.16009105553395572,0.11878411332656338,0.11655054158289964,0.0007770857283371979,0.0024516946370925,1.0,0.4,0.6,95,9.870862427887344,8629.415662259818
4,47,0.1250378185451518,0.16474889214422989,0.16059821616412825,0.1610540661226972,0.11833916501536709,0.11655054158289964,0.0007770857283371979,0.0024516946370925,1.0,0.4,0.6,97,9.86986658444389,8629.567420617137
4,48,0.12343671308982314,0.160814916583401,0.15664262241282548,0.15667723728202898,0.12508871567259755,0.11512297119562165,0.0008847669446173269,0.0027910495582146597,1.0,0.4,0.6,98,9.83524335281832,8631.57922534917
4,49,0.12019051123319524,0.15605694168183726,0.1521736845110868,0.15336742752090157,0.11600296692416934,0.11211815642656442,0.0008698807817870376,0.00287425597088015,1.0,0.4,0.6,101,9.45951557659206,8638.424448773261
4,50,0.12088494605632637,0.15579692547390628,0.15281373159581102,0.16453848927069215,0.11532162654628395,0.11244578424384355,0.0011753929556147724,0.0036440856899967997,1.0,0.4,0.6,120,9.512091794581968,8201.749515855507
4,51,0.12072230852906092,0.15223893635945906,0.1492244443393694,0.15860522960918352,0.12701704452993764,0.1130776918489361,0.0010738431133537223,0.00337564210809436,1.0,0.4,0.6,121,9.385189093665849,8606.409763477754
4,52,0.11927641538616496,0.1499015997701115,0.1468789151880957,0.15908789876083063,0.11725803002744895,0.11162664178739208,0.0011520876043844919,0.00358917374808302,1.0,0.4,0.6,122,9.387569580241223,8627.148740690485
4,53,0.11895068360366351,0.14895583220774866,0.1462303553685904,0.16008390032804623,0.11523570299323863,0.11141771928845408,0.0011576153172644184,0.00359440864412106,1.0,0.4,0.6,124,9.324393853880494,8635.052989101256
4,54,0.1379941037862904,0.16711143077477514,0.16437776358755743,0.17388008349496673,0.13476193690213553,0.13106180795291017,0.0009863534962294752,0.002965770908195,1.0,0.4,0.6,126,9.246597951092197,8421.28435303225
4,55,0.12079609143123926,0.1486716375021438,0.14653248717467587,0.16042247708396168,0.11746231260182363,0.11366221459353831,0.0011449293956781704,0.00359510362394883,1.0,0.4,0.6,130,9.267685402242824,8629.173817592382
4,56,0.12568613880368995,0.14993368045460564,0.14715537900502002,0.15924321642232003,0.1333676907683199,0.11971393060731887,0.0008462389605945046,0.00282601325648096,1.0,0.4,0.6,131,8.93499413016619,8747.554844470898
4,57,0.1373463277952015,0.15878741271678412,0.15689234701280022,0.1721539617557726,0.13485558770002878,0.13194836667510168,0.0009046352525807627,0.0026778893913806,1.0,0.4,0.6,142,9.001156192690496,8403.696265432454
4,58,0.1368742943692913,0.1581355939660094,0.15684473201593524,0.17378452078243242,0.13380573110672453,0.13153243666854453,0.0009049117126446349,0.00268258131375537,1.0,0.4,0.6,146,8.970058294652533,8412.267631137089
4,59,0.13563944976731615,0.15381266944862912,0.15309962041180966,0.17564011652767192,0.13371309810406984,0.1302886948950363,0.001305138893742846,0.00331612094730102,1.0,0.4,0.6,158,8.75090878384045,8427.872010803187
4,60,0.12407270730819324,0.14220521099643818,0.14149178088513767,0.16291453327423094,0.12126310318927791,0.11894134839396468,0.0011033822642230965,0.00309591920819427,1.0,0.4,0.6,164,8.80105368621406,8749.267726280712
4,61,0.12297179789202238,0.13882696348619203,0.13809279289373244,0.16045554401759093,0.12304189554288586,0.11830232682142934,0.0009983179485161871,0.00300419447778669,1.0,0.4,0.6,167,8.667769854921863,8665.070498222105
5,0,0.9164085874693096,0.8815088153043782,0.8805788480885482,0.8764464234478062,0.0,0.0,0.0,0.0,1.0,0.4,0.6,1,254.69822863080464,1356.2959231874397
5,1,0.936825449923142,0.9488227367253663,0.947742878772207,0.9433458523884483,0.11393311183458535,0.08631508673951681,8.302373255722234e-05,0.00010361646004345001,1.0,0.4,0.6,3,237.40602949819424,1299.6183555298785
5,2,0.7564770023312407,0.9894297708787642,0.9872642582903793,0.9789295290820913,0.6640371572849899,0.09957364632831932,0.08044151385798719,0.2226420349188452,1.0,0.4,0.6,4,137.94577214110646,765.3256789612047
5,3,0.6389545949392972,0.9044346947231308,0.9019690195856056,0.8930236636042844,0.32929559802729685,0.09911888241120911,0.06697862027592873,0.15445073962768296,1.0,0.4,0.6,5,122.7790954317796,561.1513291835531
5,4,0.8620385188754891,1.1736921674416274,1.1701035523515046,1.1567159583419118,1.042962288243141,0.19396127525038087,0.1898374223900554,0.6016925357622112,1.0,0.4,0.6,6,67.62588142167225,220.9074550047796
5,5,0.5914283367372437,0.8992077979003499,0.8952546469340235,0.8810263237528275,0.46980676819574285,0.18392197205246502,0.09511934303186072,0.3015020973866222,1.0,0.4,0.6,8,56.91804445121175,186.61187312762732
5,6,0.5469498613200484,0.8440295825307865,0.8397122169192143,0.8248191253627982,0.46098312739246305,0.17493078091537412,0.0952341696741346,0.30179394162873846,1.0,0.4,0.6,10,47.87825173045714,157.523381010569
5,7,0.5271102348551266,0.8143221171268243,0.8097726429024185,0.7941746468800974,0.43656309079514133,0.1706028270737331,0.09730371113424689,0.3073909475151437,1.0,0.4,0.6,12,42.75175497348537,143.06660273626542
5,8,0.5134061241421913,0.7980631542521568,0.7934616301408156,0.7780269914152846,0.4032127398579086,0.16478404692584195,0.09555920045093264,0.30220486274643066,1.0,0.4,0.6,13,42.3549803810818,175.6710673434046
5,9,0.4881029233930484,0.7634661728697928,0.7586872255688114,0.7435421267562333,0.43751879290688356,0.1496172240985301,0.09674876665682298,0.3067170195253812,1.0,0.4,0.6,14,38.21628415253966,135.41605085158045
5,10,0.48053733515304686,0.7448774524490009,0.7399104380129461,0.7234430171416151,0.44678002997465893,0.15779675209409047,0.09575057818805595,0.3026912698166244,1.0,0.4,0.6,15,35.74066770835503,150.06469109023027
5,11,0.481736006169472,0.7371863539762953,0.7320797940449498,0.7150796364442027,0.4392638465377231,0.15980590655964771,0.09964765406403957,0.31357797693178596,1.0,0.4,0.6,16,32.61404853464536,109.68684223482514
5,12,0.4726009660512998,0.7275279217212643,0.7224137664403335,0.7053840936716399,0.38174183893634783,0.15490113295924487,0.09796226731552657,0.30838203375980294,1.0,0.4,0.6,17,33.16114453217044,136.9338547658141
5,13,0.50255614839,0.7559988816389824,0.7511648893184295,0.7365960572747949,0.4190543336978687,0.09076824647612304,0.15046839124075873,0.4325572701759011,1.0,0.4,0.6,18,41.43246331691737,229.4429754265433
5,14,0.16023235302238306,0.3678299841571249,0.36268718368870845,0.34414004764281675,0.32527924525257496,0.09171078568828374,0.0021162880677635604,0.0128914884489926,1.0,0.4,0.6,19,23.417227081152763,159.5785935789729
5,15,0.443665273765752,0.6504297545553441,0.6449741369534189,0.628223796842656,0.38743834700938695,0.09078803450307123,0.1669194122387246,0.37762466810108974,1.0,0.4,0.6,20,30.42444877489838,160.34155724160215
5,16,0.386712170866097,0.5782716939959264,0.572635835127139,0.555197153246814,0.40109334763668625,0.09081334140776884,0.15499203875130171,0.30353076300497805,1.0,0.4,0.6,21,27.124999675406784,137.0094710567322
5,17,0.15039716705112985,0.3309805955203581,0.32552176593926685,0.30648744395901734,0.15053108460371295,0.09180279321873842,0.0022474437572177083,0.018342776724423658,1.0,0.4,0.6,22,19.853913835616805,95.5182355405051
5,18,0.3296188436389521,0.4915006973566627,0.48553264410827157,0.46749757552513305,0.3656427208139521,0.09020947012681337,0.12938551942096338,0.24752938721887188,1.0,0.4,0.6,23,23.99644147444439,121.31177516627731
5,19,0.13446976909397726,0.2848184415317051,0.27902965272880065,0.2593858690440527,0.14539312878319507,0.09070422503133033,0.0017218698506401462,0.013651736443427421,1.0,0.4,0.6,24,16.643304695130283,100.31507435962926
5,20,0.4200638543562512,0.5612770662846545,0.5553922693912592,0.5383244359395254,0.3953187676517659,0.10054910755210807,0.10297270478460173,0.41089820655194786,1.0,0.4,0.6,29,22.00169150914072,84.27261651415928
5,21,0.28355069876978833,0.38253248842235343,0.37652335590921737,0.35738403532663465,0.42119321570148427,0.10022754136443775,0.09386941910475595,0.2103520587861763,1.0,0.4,0.6,30,21.654191006297783,90.42209690530107
5,22,0.2778127316345351,0.3747395651147205,0.36840734212986886,0.35010598786805325,0.26228555923833613,0.10025344443897517,0.0904419745182556,0.2038538233856987,1.0,0.4,0.6,32,21.170439130030665,88.5181152368817
5,23,0.2568138466022433,0.35362082878401707,0.34728745593412225,0.32998534564106496,0.2382171128801165,0.10031360764750444,0.07940810896684301,0.17616251203756778,1.0,0.4,0.6,33,21.47756916021717,87.00913252236381
5,24,0.2568206080135458,0.35177022254158297,0.34572150136851587,0.3287060967066656,0.24059622241216252,0.10015999966189597,0.07963792877972221,0.17708151703846298,1.0,0.4,0.6,36,21.451762165724507,87.04144196028909
5,25,0.25034153936656434,0.33961292408660565,0.3335088228174812,0.3168216385701564,0.2535044212020337,0.09998878365027089,0.07641890707069979,0.17101316835201005,1.0,0.4,0.6,37,20.88503306042908,83.43952819521049
5,26,0.3128133229567659,0.3941207240409238,0.38793950550689155,0.3715169179566535,0.311655878986115,0.09965003578457317,0.07105223050968347,0.2823754975935298,1.0,0.4,0.6,39,17.420422559808635,54.620479227345314
6,0,0.9444874155477033,0.8892531901114455,0.8883839638921377,0.8844846405434111,0.0,0.0,0.0,0.0,1.0,0.4,0.6,1,240.35242612401865,1276.1822621505582
6,1,0.9563773884072035,0.9590640791773237,0.9580151539831925,0.9537363698932546,0.1256722503344805,0.09260764042864113,8.34822794646522e-05,0.00010616682567734,1.0,0.4,0.6,3,221.2683020890657,1236.364186769955
6,2,0.901151464014368,0.9478539969917628,0.9466523227445834,0.941995025851397,0.12900617867893238,0.10056952763286395,0.00033392911785863996,0.00042466730270937,1.0,0.4,0.6,5,205.91791832615573,1153.406529000058
6,3,0.7778645814191688,1.0892557712087005,1.0869785760316393,1.0771742889375122,0.9919541371684079,0.29194817099601766,0.016394934153413625,0.19912366793940464,1.0,0.4,0.6,6,91.83804136748763,392.7440469245827
6,4,0.6517314118081429,0.9634811403559439,0.9605200067800991,0.9469719480166844,0.5656022760008735,0.2919481709960176,0.016394934153413778,0.19912366793940464,1.0,0.4,0.6,8,60.846948800148766,224.92260618268068
6,5,0.6561433963723948,0.967901623408615,0.9649215035660826,0.9515949956619777,0.4317691385431126,0.2920270727596396,0.017273825719238904,0.2097981915861904,1.0,0.4,0.6,9,60.44742677724157,251.9155989819704
6,6,0.5581319963262732,0.8681017795788397,0.8648517211936049,0.8510064198741895,0.4597219899538683,0.2913339691243021,0.008884224600575565,0.107544948612379,1.0,0.4,0.6,10,53.08545124000079,239.16178717700532
6,7,0.5284852644475685,0.8305305127157767,0.826960186324031,0.8127664873516419,0.4791486015257018,0.2915537725874279,0.009932201856048518,0.11186661400460447,1.0,0.4,0.6,11,45.47015845503223,185.0972412969094
6,8,0.45023622194109775,0.7305957390972445,0.7264935567103896,0.710149921790327,0.5309313290529982,0.2847414658240373,0.006100475719718008,0.07214860773510465,1.0,0.4,0.6,12,35.06992298178121,159.94159394398048
6,9,0.4381017632628217,0.6880437850862975,0.6840649894711693,0.6669967220810586,0.5221813273721226,0.27300917158212723,0.012029428125148674,0.1193378617926553,1.0,0.4,0.6,13,28.476967571810405,126.41727903330526
6,10,0.39196994897462273,0.6207943400573165,0.6162218838220059,0.5975806361626985,0.42546438883047427,0.2732539615868137,0.006255709398296019,0.07241306355180875,1.0,0.4,0.6,14,24.40635663563269,96.47251200208096
6,11,0.39194513349837834,0.6207326367941105,0.6161597458747651,0.5970273083437869,0.31938179034598235,0.27325396158681364,0.006255709398296019,0.07241306355180872,1.0,0.4,0.6,15,24.39981965982492,96.05394906228322
6,12,0.3512626205821604,0.5181375147715085,0.5128295758871209,0.4918568106538733,0.5801873903987878,0.2632454715407365,0.006786651496141911,0.07383591664974573,1.0,0.4,0.6,16,17.47241383507171,70.96411075640225
6,13,0.3242877660894298,0.4697365515106706,0.46419902278519753,0.4429734111297665,0.3332744473629421,0.2558286642420326,0.005110872325955639,0.05540405958653688,1.0,0.4,0.6,18,15.622440239633455,71.3288676610379
6,14,0.31029300631554735,0.4430541318178878,0.4373845586219052,0.4162964781471686,0.3054799567599312,0.25299020628899227,0.004100872250107918,0.044357945736771195,1.0,0.4,0.6,20,15.11886268661834,67.91440682138357
6,15,0.3099659885980635,0.44166967583674965,0.4359892215351072,0.41431222608720153,0.2852228196798074,0.25299020628899227,0.004100872250107918,0.04435794573677121,1.0,0.4,0.6,21,15.037394179552471,67.54150559495201
6,16,0.31018050127128777,0.44031585223432274,0.43461928778050196,0.41393391625118825,0.28786026612737675,0.2540781451205715,0.004008682586655804,0.043769263872054646,1.0,0.4,0.6,22,14.868700331511352,55.32316227097993
6,17,0.16226267454229681,0.2797904324764632,0.2739657222999205,0.25279144806753073,0.18487333814264514,0.13112543849273678,0.0030391873926297734,0.00900566172042714,1.0,0.4,0.6,23,13.684967673903396,45.69521657242931
6,18,0.1545500637706465,0.25254028232883197,0.24652135873155587,0.22501442392679802,0.17088700172593665,0.1297077065735666,0.0025465812974442515,0.00752277779849612,1.0,0.4,0.6,25,12.780735097264085,46.972697860730094
6,19,0.1523545552632154,0.24627626960928703,0.24052039166526487,0.21914003801918513,0.14152554531027192,0.12863232592638557,0.0025002312532818893,0.00740143643441344,1.0,0.4,0.6,27,12.39463999324934,46.69302535442138
6,20,0.12817041811736485,0.2107310810968876,0.20456197740984158,0.1837754797281603,0.15276727056240158,0.10696470213748113,0.0018675664017545163,0.00809063805910889,1.0,0.4,0.6,28,11.749042219401725,44.3437524957488
6,21,0.14929760473981699,0.2290102928892675,0.22311662497517476,0.20200390363937398,0.14477311094443895,0.12871632253378262,0.0026014836156495933,0.00767816615152269,1.0,0.4,0.6,29,11.73892480218559,43.29002628033777
6,22,0.12392729511290781,0.1869180384077388,0.18056187302218604,0.15957856566166184,0.1708555402158553,0.10683963382535815,0.001968140731092504,0.00826049233980566,1.0,0.4,0.6,30,10.860196326513366,41.07152408923053
6,23,0.12116592677844384,0.17952639365926745,0.1731264958600124,0.1526923527003401,0.11879558625424283,0.10585134215188859,0.0016941738632344759,0.00705859994927565,1.0,0.4,0.6,32,10.857611124947802,40.76876821624156
6,24,0.12171751952120166,0.17991088345581707,0.1735094127788963,0.15352603602299664,0.1119259971938857,0.1064241584949017,0.001687823897710983,0.00708325493820709,1.0,0.4,0.6,33,10.852957223768108,37.03299148086148
6,25,0.12112388042776048,0.17937348297753386,0.17327548550195548,0.1531671675449806,0.11088043308934364,0.10585444733412816,0.0016909017064268951,0.00705272458801465,1.0,0.4,0.6,34,10.842620328510083,40.73018431366084
6,26,0.12098942345988241,0.17882020231861617,0.17271825308777525,0.15305675294894608,0.11216058173284475,0.10581786253590272,0.0016781287004623468,0.00703802570721615,1.0,0.4,0.6,35,10.79788473255353,40.118773125597095
6,27,0.12091212750677427,0.17657162408834984,0.17044922091284453,0.1507876446925804,0.11856960250594832,0.10618078496316752,0.0016469242400974466,0.007045479190235441,1.0,0.4,0.6,36,10.672159500104724,36.323545162125285
6,28,0.12047272891484767,0.17495130166827227,0.16881778284837803,0.15005758311235542,0.11494515141485404,0.10655342522913558,0.001472456709669965,0.00619756748190751,1.0,0.4,0.6,37,10.762928358834383,34.17812530460564
6,29,0.12639143823942212,0.1809738062804106,0.17544720187809282,0.1566520053593034,0.11687898493085548,0.11154093382814072,0.0022424272939099883,0.007260409233444789,1.0,0.4,0.6,40,10.39176144904892,31.37856922486744
6,30,0.12623866799818428,0.17930404120190913,0.1737632204549972,0.15567810355011194,0.1195543856663652,0.11238060117913647,0.0019565442240251497,0.006292246254076569,1.0,0.4,0.6,42,10.400394128797132,28.791681459323364
6,31,0.12849758712423098,0.1800281180399514,0.17447289217351244,0.15691027729340384,0.12125594499267063,0.11494034498240124,0.0019516404220829313,0.0062907629263756395,1.0,0.4,0.6,45,10.339374859347089,31.014314209633508
6,32,0.12675673197480658,0.1734267218046203,0.16782607196947613,0.1508706639120728,0.12702271375762592,0.11462877130546187,0.0017373021315416322,0.00559768540477786,1.0,0.4,0.6,47,10.293374782125843,31.672908362266504
6,33,0.12507370416901614,0.16934908521917783,0.16402905665357595,0.14737996032496065,0.12171525570654416,0.11351893312468878,0.0016829834760180718,0.00545374871627586,1.0,0.4,0.6,49,10.181940626824172,31.67034818768585
6,34,0.1250205847187789,0.16917084381404063,0.16415263350206838,0.14789784908884296,0.11781866088286808,0.11350432651361582,0.0016825229645760923,0.0054564467563538,1.0,0.4,0.6,51,10.176405086162974,31.603162541753274
6,35,0.12396551013544425,0.16459947711435444,0.15954861714484228,0.14497312620629146,0.121043717814703,0.11310294894334853,0.0016850987542113471,0.005443874393970019,1.0,0.4,0.6,54,10.124099066844728,30.897843558061734
6,36,0.12396289429387164,0.16381004845322764,0.1587518470834377,0.1455820231844506,0.11771982013509456,0.11327185505488242,0.0016774464349138913,0.00540165759808031,1.0,0.4,0.6,59,10.03241761434309,31.665277349194128
6,37,0.12394330074357804,0.16320673546549358,0.15844608559708231,0.14538866967244068,0.1195829837798064,0.11334609096966161,0.0016892247821635267,0.00544119682077557,1.0,0.4,0.6,60,10.014396163657135,31.55738776974936
6,38,0.12197900496806578,0.15961902083059454,0.1548433486176582,0.1423441373118005,0.11837456081329545,0.11165179157970151,0.0017249572711227987,0.00545466581411083,1.0,0.4,0.6,62,9.875022896700925,31.51959891186576
6,39,0.12352973923648876,0.16059672939675412,0.15642156846262392,0.1444924976752974,0.1181542817404292,0.11331308699185123,0.0017319192201424543,0.005490722091307449,1.0,0.4,0.6,65,9.938216073296989,31.19002354720609
6,40,0.12336406253284052,0.15925558068669055,0.15537254397494232,0.14394838296650808,0.12165255881990644,0.11334789099705489,0.001758240538157283,0.00551430154755796,1.0,0.4,0.6,66,9.926081589213034,31.3375119840665
6,41,0.12228506689594379,0.15669913677897576,0.15310541455363233,0.14209602260593143,0.1219015455220707,0.11217088532584336,0.0013253939276344604,0.00643031241003989,1.0,0.4,0.6,67,9.777911471831716,31.50872990406047
6,42,0.12211092918048998,0.15613938890576082,0.15254207568593936,0.1420665273799879,0.11775678925786791,0.11206615479138601,0.0013258786310936267,0.006427096483673731,1.0,0.4,0.6,68,9.787563516769165,31.52568096554824
6,43,0.12235985642605379,0.15603555870638575,0.15243501172825535,0.14267021363683025,0.11794108565305034,0.11237123570484182,0.0013633757499333715,0.00641027352782559,1.0,0.4,0.6,69,9.73937308560112,31.07669162169105
6,44,0.1220084284997023,0.15492384439262208,0.15131627694413258,0.14215986541566447,0.1178283520892852,0.11215210953216632,0.0013220542000645127,0.00643855313450428,1.0,0.4,0.6,71,9.704086658564824,31.218148493800825
6,45,0.12190661490681849,0.15443927336275198,0.1511311193447078,0.1424508645774955,0.11732486256465054,0.11213254607299099,0.0013243278140991392,0.00643741739542817,1.0,0.4,0.6,73,9.700981529345649,31.2024347078002
6,46,0.12161613512908256,0.15362193963230034,0.15030893734117934,0.14358294516819553,0.11677148979119191,0.11138908040693504,0.0014913431114336457,0.00723383854092647,1.0,0.4,0.6,77,9.663784243855998,30.69545148552902
6,47,0.12366386505212097,0.15303330553601652,0.14999908380218596,0.14526233767037877,0.1234024704906354,0.11344993740942977,0.00267505370756781,0.007207002258420051,1.0,0.4,0.6,79,9.680995825563352,32.065622721510444
6,48,0.12366386509059385,0.15312331143089256,0.15039282067336654,0.14688103978262917,0.11884420152459305,0.11344993740341831,0.002675053708298029,0.00720700226007,1.0,0.4,0.6,81,9.68099583865708,32.06562275856828
6,49,0.12385729977047068,0.15314585790513274,0.15041380834966794,0.1484899185637664,0.11925025904817543,0.11349085906434402,0.002759845202846428,0.007453416072030659,1.0,0.4,0.6,84,9.68291936943158,32.009154095260435
6,50,0.12233041136047454,0.15162205434126835,0.14889002952723332,0.14890327823207647,0.11754294065666054,0.11272927835646096,0.0023854571740843235,0.0064266304115037,1.0,0.4,0.6,88,9.659832413517192,32.04923863672861
6,51,0.12336745525083605,0.15185706483718717,0.14881473794232897,0.14857947187642304,0.12129734730415688,0.11232174454169039,0.004022987341480741,0.00794535602435212,1.0,0.4,0.6,89,9.656403363841395,35.40207250120776
6,52,0.12326403887715018,0.15156964571320766,0.14913151281367448,0.14938925422092408,0.11900100182381174,0.11392826594643095,0.00233599328463422,0.006323780811249629,1.0,0.4,0.6,92,9.74155091959783,35.40052073485819
6,53,0.12299095340750747,0.15035420331822658,0.14730153670662915,0.1492998504645467,0.12118373754829258,0.11377389452029765,0.002349914448719229,0.00633239597869676,1.0,0.4,0.6,93,9.729427202223036,32.50243185265073
6,54,0.12270666962406276,0.14992733600589087,0.14717630701978685,0.15008162445056755,0.11861459916378014,0.11353097218065607,0.002349887034526691,0.006329228327162489,1.0,0.4,0.6,95,9.638322637795646,32.32697829752568
6,55,0.12246755957835061,0.14938944412249575,0.14663566081620472,0.15051866513540518,0.11865172709804843,0.11229303466878829,0.003694824231150276,0.0071815133090164605,1.0,0.4,0.6,97,9.663392762942053,35.446508480430104
6,56,0.12231250900755988,0.14858284026284121,0.14582307420890578,0.15001260974151598,0.1202842304028735,0.11233589454483821,0.003602301477168404,0.00709664607081857,1.0,0.4,0.6,98,9.663048668704397,35.46785616850287
6,57,0.12716289780329126,0.1533118351341012,0.1529746010095477,0.1613656374200424,0.12306939762371734,0.11493932268209484,0.0013501506271798819,0.012578854680022131,1.0,0.4,0.6,162,9.454309787236385,34.235145265176214
7,0,0.9300282590981627,0.8852850198540357,0.8843846839666273,0.8803655138369915,0.0,0.0,0.0,0.0,1.0,0.4,0.6,1,241.4859715670441,1347.157118780107
7,1,0.9619845793393855,0.967316171110149,0.9662585038183743,0.9619462388485611,0.1309492486619372,0.10196520406576352,8.346508151239509e-05,0.00012009712984608,1.0,0.4,0.6,3,223.85759526010085,1259.7020391117308
7,2,0.8183455720249343,1.0397724313763852,1.0377006034166842,1.0297267118680729,0.6771783081517189,0.0989337853552924,0.07629310114756753,0.29048140753590196,1.0,0.4,0.6,4,128.4146651250029,718.5887438631855
7,3,0.6759636709094125,0.9176803015292561,0.9154525950547692,0.9076387143610424,0.23057574608780845,0.09974461298686932,0.03788409205477976,0.1443509302264272,1.0,0.4,0.6,6,118.68941183195986,675.5401131120827
7,4,0.3952626927134209,0.7050232540025304,0.7019941516293043,0.6899250096919332,0.5338465454630607,0.09933949390218748,0.0038297553400182876,0.04780582213353213,1.0,0.4,0.6,7,72.45973855355149,247.7034266088273
7,5,0.3866873029115163,0.697700619297781,0.6945612815267274,0.6820684490407262,0.17637025373323756,0.09888000334584944,0.0076178927384408365,0.057259178867521895,1.0,0.4,0.6,8,68.56220764592115,290.3591143815169
7,6,0.2905852508075,0.5938290754535916,0.5899936590451529,0.5756704284458513,0.37717095104979137,0.10553972466498021,0.002143836057907181,0.024499853829457068,1.0,0.4,0.6,9,49.20519356730382,173.6902085943655
7,7,0.27819697470988425,0.5771338168874269,0.5731700556206698,0.5583542097628263,0.16741471473591021,0.10158696033919097,0.004041136836666383,0.029247426922041592,1.0,0.4,0.6,10,46.190155745290944,210.76348811079416
7,8,0.2319513691203252,0.49751578961396387,0.4931724934108179,0.4759016554550155,0.3793851139132891,0.11045924694477298,0.003212703282663847,0.027280146605224997,1.0,0.4,0.6,11,33.43153903237706,122.49587966194834
7,9,0.22176433072973614,0.4798539690859941,0.47539288628744414,0.4576707840254237,0.16843855679817035,0.10419668808123103,0.0051100040614230485,0.03202771969780953,1.0,0.4,0.6,12,31.63758094763641,151.84494499699144
7,10,0.19462676965800146,0.4349981027283696,0.430278460739398,0.4121414214408602,0.20859194642885526,0.10228039274841624,0.002046548829975583,0.01741265103197532,1.0,0.4,0.6,13,29.0557889338324,95.98261799895268
7,11,0.1934475283954322,0.42726672461009985,0.42245779277298723,0.4042032065353163,0.15002661368416395,0.1029864818852306,0.0034335681908910375,0.021402648830237618,1.0,0.4,0.6,14,27.08931627045808,132.89340097875635
7,12,0.1833165957147767,0.41164245163119156,0.4067606393157314,0.38859807691614906,0.1375540964421838,0.10237673532362815,0.0015558328874115995,0.01308977108666207,1.0,0.4,0.6,15,26.711717919420195,89.77210036834539
7,13,0.1747809680043117,0.3777542594346011,0.3722458132021455,0.3535517243123584,0.2416054587848722,0.10282485290272163,0.0021646028835017686,0.02415274817794379,1.0,0.4,0.6,16,22.40719185194536,68.71241152789798
7,14,0.16111236242743693,0.33588702305494866,0.3300605718321872,0.31014371368440985,0.2286020047731333,0.10098650412186023,0.0023605112780332106,0.0248340217055636,1.0,0.4,0.6,17,19.23450876172945,87.62602868955099
7,15,0.14713548594067716,0.30340422690949814,0.2973756966735168,0.27708150072540266,0.14718917402549447,0.09818610331353037,0.0017951421316564499,0.01864513863555968,1.0,0.4,0.6,19,17.493922749857465,83.91444790001908
7,16,0.15473555846975676,0.2388226897815779,0.23236535408492875,0.20934309225836456,0.4079356349188801,0.10133522335956775,0.0007480619598504882,0.0618884338112163,1.0,0.4,0.6,20,11.68762347663132,48.426372757631285
7,17,0.14352404654326917,0.2275704694551029,0.22141571235480917,0.19881844973377744,0.1277408688673673,0.09960767911437168,0.0005159617125282199,0.04627213192188527,1.0,0.4,0.6,22,11.741311362929814,50.71583321983942
7,18,0.14025954373445293,0.21665316380739,0.21012180148641416,0.1878862599600065,0.15276102932376948,0.09899962051591568,0.0006993857650257119,0.04458168487306581,1.0,0.4,0.6,23,11.401050379477802,53.949527736228205
7,19,0.13393995701251818,0.20304145619169814,0.19674330403014642,0.17401237521741972,0.14724383227649887,0.09799348645886892,0.00044634747882610587,0.0385738959811809,1.0,0.4,0.6,24,10.932780836560331,50.0116273415396
7,20,0.13709382177295626,0.20359060871774776,0.19696480866904092,0.17478879091566366,0.1337618520408632,0.10255867506894911,0.0005457948259445907,0.03704037691379389,1.0,0.4,0.6,25,10.848343971283066,48.98559375592531
7,21,0.1360707230456617,0.200294122656658,0.19334384210057243,0.1724942813977389,0.13204265185806918,0.10740099688841157,0.0005043773328668881,0.02805267923756738,1.0,0.4,0.6,26,10.719606822926076,39.51820224135744
7,22,0.13116610886703495,0.19049714750886046,0.18380350493293426,0.1620490803747894,0.13785278479604682,0.10130135838969304,0.00047505389019613693,0.03176523627454347,1.0,0.4,0.6,27,10.64606474799714,49.00373951073379
7,23,0.12991339963743198,0.18503882674458705,0.1786084891020737,0.1574347626902849,0.13500988719168547,0.10147271803148279,0.00034764671446521964,0.03090689174270871,1.0,0.4,0.6,28,10.6001559087024,46.823493726667984
7,24,0.12716358470655673,0.18045718853960427,0.17370675893628537,0.15322306707320987,0.1197565923514948,0.10072313248908529,0.00041563933289429057,0.02809980235914917,1.0,0.4,0.6,31,10.238615054727084,59.26273196846974
7,25,0.12822995442484927,0.17841429611495885,0.17224052162623654,0.15130272388532434,0.13075569209844604,0.10084669926429175,0.0003081816181280406,0.030804248811792778,1.0,0.4,0.6,32,10.241320099602683,45.00413739960602
7,26,0.1297139892300075,0.17952368989820086,0.17334644771451949,0.15441880083968415,0.12126614955973772,0.10118088267513117,0.0007054874817911383,0.03257573142162214,1.0,0.4,0.6,37,10.448299199786312,46.90954648452078
7,27,0.12913756065276724,0.1788366350546074,0.1732642869578233,0.15670983125833968,0.12065398030889674,0.10181097547609452,0.0003791652019933701,0.03087520013879742,1.0,0.4,0.6,43,10.440544686262587,46.62982138643796
7,28,0.12858753443958168,0.1777499058489871,0.17247542465820034,0.15739771593173205,0.1207746539831078,0.10137015047887543,0.0003611454608176038,0.03090486980145345,1.0,0.4,0.6,46,10.308267230308816,46.86732764424857
7,29,0.12849110552717988,0.176813233333517,0.17153092687659763,0.15822725906490476,0.12156266070755134,0.1013944169263554,0.00036019906120485885,0.03097103725706955,1.0,0.4,0.6,48,10.286693227952576,46.94015614798409
7,30,0.12968607427600884,0.17724927159533785,0.17195989860322364,0.1575060609999098,0.12405821912940257,0.10155023933087803,0.001559181508775219,0.03214367468219219,1.0,0.4,0.6,49,10.351353952177298,47.06084964782874
7,31,0.12836632441824714,0.17530302115826588,0.17000774970242089,0.1575568232644694,0.12240974005986707,0.10143641990318293,0.0003746136541702462,0.031120578371972917,1.0,0.4,0.6,50,10.304813885291734,46.97685516761236
7,32,0.1262491784166918,0.1731486705931194,0.1678530600009351,0.1554009664225055,0.11821570838717804,0.09961995227076784,0.00029356066629691266,0.03068574792245459,1.0,0.4,0.6,52,10.014284520609587,44.514896245134025
7,33,0.11751613849953564,0.16203072210077799,0.1579246559426536,0.1591558174329529,0.11018997543081836,0.10320883925768949,0.0017880814028094726,0.01000864719825016,1.0,0.4,0.6,88,9.94176161730834,58.3470807218163
7,34,0.11411437006877256,0.15761163477434342,0.1547080146810665,0.16654281612720911,0.10695699531377359,0.10005006490004656,0.0014589999705561887,0.01024830651334853,1.0,0.4,0.6,115,10.050771745523264,69.78903470868525
7,35,0.11489330281016405,0.15781634429113514,0.1549073617921966,0.16638952906738644,0.1096247672672424,0.10107350549908596,0.001385940194240684,0.01006559214096142,1.0,0.4,0.6,116,9.961637492102907,69.04006403172009
7,36,0.11471526009709546,0.157140339602207,0.1542267152094666,0.16668755466541896,0.10927954432762188,0.10097893480013398,0.0013821897212760248,0.01008142441756439,1.0,0.4,0.6,117,10.12366932468557,68.96423652781337
7,37,0.11473134987200884,0.15709321419702757,0.15417900768138243,0.16763394149182523,0.1078238395724951,0.10101913953211925,0.0013749768816651942,0.01006534912331342,1.0,0.4,0.6,118,9.914388812768784,68.89473581403736
7,38,0.11443195099251657,0.15503421727441397,0.1518006945311646,0.1648655084797135,0.11330437733854484,0.10102996385605671,0.0013690079804152566,0.01006033035625107,1.0,0.4,0.6,119,9.851264331862458,69.01720771120115
7,39,0.11349915766045114,0.15395424245961675,0.15102231942382205,0.1667344196969,0.1068251113835048,0.10009147184110886,0.0012997372813129834,0.010187865616590169,1.0,0.4,0.6,127,10.048345879605137,68.90184816637999
7,40,0.11445725713289617,0.1540355418491852,0.15170138944410627,0.16738279538102852,0.1090730780319568,0.10056608765792999,0.0017040627916366743,0.011043129202803901,1.0,0.4,0.6,130,9.826398313647248,68.12848932830615
7,41,0.11307240280286684,0.152603939289347,0.15026933661530953,0.17085368387840486,0.10652863293850992,0.0991347775274736,0.0017132913574315262,0.01112834116702282,1.0,0.4,0.6,135,9.820792503664096,68.0758716844547
7,42,0.11307240280286683,0.15269394518895246,0.1506631188473852,0.17192574544761766,0.10649713827143627,0.0991347775274736,0.0017132913574315262,0.01112834116702282,1.0,0.4,0.6,137,9.820792503664093,68.07587168445471
7,43,0.11425102992876769,0.15376522227978265,0.1520363767201513,0.1746685065418567,0.10804764318949778,0.10040128695982158,0.0017034363444363195,0.01104786964076418,1.0,0.4,0.6,139,9.820744680919962,67.7916266057867
8,0,0.9198805902722161,0.8824767303106821,0.881554323147896,0.8774509968383972,0.0,0.0,0.0,0.0,1.0,0.4,0.6,1,251.9048862840797,1329.1297799137778
8,1,0.94840679471978,0.9551470679423211,0.9540848420309492,0.9497557543720222,0.11616659727748059,0.0903831703478042,8.295834010699271e-05,0.00011060405172968,1.0,0.4,0.6,3,235.39129935588585,1196.2884832735238
8,2,0.5874361684366735,0.8380150351512737,0.8360015018825061,0.8279926924578792,0.5940005512886269,0.12682057729148616,0.0026392921049278634,0.00880534000423104,1.0,0.4,0.6,4,119.0591691363419,594.1129814471676
8,3,0.5481352834263068,0.8139471097552856,0.8117789721460029,0.8040300725379979,0.1571721194704784,0.12555017927404374,0.0013617580032817818,0.00448664189322057,1.0,0.4,0.6,6,111.99682137671876,569.2016440546845
8,4,0.4318520764072531,0.7406433092114507,0.7376589058673367,0.7269957058018147,0.4592170206088958,0.0992541986092249,0.01633916379749025,0.08948847702138636,1.0,0.4,0.6,7,65.30770544457621,413.72785652600095
8,5,0.35807369917767057,0.669705773968397,0.6663896957081155,0.6553934270941417,0.19170809224707933,0.10025542406102741,0.008445927044107116,0.04528729760203911,1.0,0.4,0.6,9,56.76934615511093,376.3325522825781
8,6,0.3411242709780094,0.6515459621079189,0.6480558632851731,0.6370676601572357,0.19876727999212804,0.10148768660330221,0.009568914113121505,0.04916400361897947,1.0,0.4,0.6,10,54.68657192841036,319.2377614576298
8,7,0.25905927617859237,0.5393568993118931,0.535273564501731,0.5203933899108057,0.4662007564536521,0.10469071602630861,0.009296261857393177,0.047370516479339306,1.0,0.4,0.6,11,37.20293151257844,282.8816932498135
8,8,0.2450257740840664,0.5132912068800728,0.5089934758505328,0.4932942871245258,0.2168406731638987,0.10440009827020902,0.010121398461635338,0.04939200274974842,1.0,0.4,0.6,12,34.651020523844416,263.3938907109433
8,9,0.1920609621118369,0.4167323618646289,0.41180277858138437,0.39445680903976843,0.35434495818265527,0.09993281524323988,0.006685345412885067,0.0323826143789312,1.0,0.4,0.6,13,25.806350768324105,221.7115681931554
8,10,0.174086517570116,0.3662157915851524,0.3608867686074261,0.3422643594161984,0.19657992873436303,0.10068490018614007,0.0061585844502812185,0.03209051410023087,1.0,0.4,0.6,15,21.796946419973214,181.63791452290008
8,11,0.16473459221418307,0.34866464649970996,0.3432415465550369,0.32516037185366126,0.1341233785626669,0.10064023537024169,0.004581821497981866,0.02394072699581425,1.0,0.4,0.6,17,20.95279485325201,174.45415279762395
8,12,0.16329989761106267,0.3428028709077162,0.33763506134116905,0.3193789789880504,0.1250073444059611,0.10113630340663612,0.004458347773483046,0.02360445232633755,1.0,0.4,0.6,19,20.13649497028093,161.6110580847647
8,13,0.1681995686804039,0.34672758059493897,0.34154875907849497,0.3228410724765131,0.12642394422789563,0.10068490015441571,0.006158584463737761,0.03209051413557717,1.0,0.4,0.6,20,20.33198104294505,175.5694606719479
8,14,0.2031115030039044,0.3332056411409214,0.327205480681727,0.30888016731704143,0.36537440004288696,0.09700349877054042,0.04001597482201472,0.10315785373430116,1.0,0.4,0.6,21,15.299894214072191,81.74370149715304
8,15,0.21522641692830352,0.3249070549053993,0.318700930357294,0.29984578510038196,0.23044876203305947,0.10663847724770567,0.039120403659108266,0.11759788769939136,1.0,0.4,0.6,23,12.810421496871454,66.3335435387805
8,16,0.19566336027076914,0.29596489203318566,0.2896658494330916,0.27189830026102085,0.18710923656781825,0.10567198025390936,0.031815359610444634,0.09557161612011941,1.0,0.4,0.6,26,12.746988050958908,85.94949892253933
8,17,0.16954413206288857,0.25119371804401847,0.2450156455663573,0.22689461263066654,0.17101650107767818,0.10340743190276089,0.023020943607128665,0.06925609739500375,1.0,0.4,0.6,30,11.907479295890484,68.32310696262998
8,18,0.16684156663585042,0.23449314630609233,0.2281810677544657,0.21037307781707246,0.17917351372186327,0.10336900621923725,0.023122756891729955,0.06988029328247478,1.0,0.4,0.6,32,11.175568283101263,65.02231766715522
8,19,0.17477678073038266,0.23759699744765664,0.23123923253018092,0.2129804191640088,0.1799891260100412,0.10467214814025452,0.02195757157678515,0.0833590966983512,1.0,0.4,0.6,33,11.0257773169025,56.43683462505725
8,20,0.1742765172242918,0.2353350548026623,0.22896063019729085,0.2106375709104808,0.16939807147299563,0.10487260024325502,0.018430009502748375,0.08513980874972402,1.0,0.4,0.6,34,10.954699845670891,50.16939578427036
8,21,0.1651206318988262,0.2213585288914477,0.21493853036359484,0.1971990427075338,0.17205335657631143,0.1051885526326473,0.018802241571567412,0.07074224275174626,1.0,0.4,0.6,35,10.994548308835514,55.52140576719359
8,22,0.1668732930219076,0.2230447988704478,0.21662406192535352,0.19936284035723403,0.1575166190396261,0.10519077689181655,0.019468510404974798,0.07327063757807524,1.0,0.4,0.6,36,10.652462952738087,57.54963127570331
8,23,0.16607639175691294,0.21659929281916204,0.21012578044546085,0.19266120723319854,0.17617699284052044,0.10576715003418968,0.016351390728055783,0.07485252112474827,1.0,0.4,0.6,37,10.413315233330446,50.89829121783366
8,24,0.1653794424294908,0.2137937042088524,0.2076034008764714,0.19043454964996853,0.16444301297529984,0.10519077689181655,0.019468510404974798,0.07327063757807525,1.0,0.4,0.6,38,10.335809599521772,53.92889290588523
8,25,0.14902153894276904,0.196465028527401,0.19026565743868523,0.17450593907146228,0.14243217084297105,0.10733271767728003,0.014351690729922631,0.0461560470985755,1.0,0.4,0.6,40,10.4481052165104,51.83170742598307
8,26,0.15609597766864086,0.20178040706289252,0.195564613941995,0.17945368906419754,0.15420799959019701,0.10906679917441968,0.013820570089219646,0.05596419413506235,1.0,0.4,0.6,41,10.39109438263781,42.89837166819181
8,27,0.15589791613311926,0.19910518665122648,0.19286632958736288,0.17716751232453626,0.15689778111737948,0.10917924009660711,0.013862605775279207,0.05618736177981211,1.0,0.4,0.6,42,10.323033421085547,43.150836459824646
8,28,0.15464102655987869,0.19257435393986763,0.18628653481370447,0.17098640953614266,0.15713099605489614,0.1090152851930479,0.01401448661143902,0.05586971100576475,1.0,0.4,0.6,44,10.15083961728578,42.48230948204856
8,29,0.14615002986561995,0.18403736912427227,0.17805217575686685,0.16493905568536346,0.1397536244217712,0.10857439363588832,0.013710167336462232,0.04269658992808869,1.0,0.4,0.6,50,10.01929268281873,51.45618765782664
8,30,0.15177706972136526,0.18573468726852718,0.17971314835045396,0.16646133518595838,0.15935134096962128,0.11036762885202411,0.012808670927122748,0.050854295998037494,1.0,0.4,0.6,51,10.060003005281567,48.80152521465643
8,31,0.15196512787617145,0.18523169964670272,0.17920376934912874,0.16646081968414214,0.14865263990134683,0.11097535285531768,0.012577296499104136,0.05051154990029718,1.0,0.4,0.6,52,9.913736926770335,45.54897388854799
8,32,0.13215746290915487,0.16465866753244093,0.1592295331203583,0.14863214006193548,0.12702830747386143,0.10946634460875329,0.002559925578571404,0.026968820744449267,1.0,0.4,0.6,61,9.966632636614843,48.14411894863345
8,35,0.13219969953826635,0.1583911720533265,0.15290402813630624,0.14360624874883926,0.1352247612719347,0.11060708876528555,0.0025205465169788337,0.02697195972057919,1.0,0.4,0.6,66,9.776239166636348,48.48864699562624
8,36,0.12893636181872536,0.15469171516848731,0.14829164534362999,0.13598226530902685,0.12512411224562775,0.10897590430539197,0.00227575368077972,0.024461815424158078,1.0,0.4,0.6,67,9.875522025724658,48.04575482773275
8,42,0.1274338868170404,0.1446614131167037,0.14030410322284836,0.13676953526201086,0.12807256908127362,0.10625963667556522,0.0011310020801548323,0.02976849332416446,1.0,0.4,0.6,82,9.651885089156348,39.249219423513246
8,43,0.11580036899394956,0.13070068555958708,0.126019248675459,0.12729143384993877,0.1137660300495602,0.10010376097050773,0.0007415425532064149,0.02149675603863792,1.0,0.4,0.6,98,9.579911325646462,45.1720212872086
8,44,0.11657117216787814,0.1311799272231527,0.1264958243228542,0.12872024777797703,0.1146031546550359,0.10094337446692228,0.0007407084735049785,0.02146010820675473,1.0,0.4,0.6,100,9.557485910959045,45.21282450952391
8,45,0.11617782264964602,0.12960161298089803,0.1249067200949016,0.12741072483145197,0.11786810305719032,0.10074339235991954,0.0007457400996782078,0.02144806247605458,1.0,0.4,0.6,101,9.535141520241345,45.84602315699146
8,46,0.11329397359496743,0.1263176518421622,0.12222511757009047,0.12720000272516163,0.11176359215596382,0.10010682829232645,0.0006490627411122156,0.01791981939908677,1.0,0.4,0.6,104,9.40564224533605,47.36665756818832
8,47,0.11434691828684117,0.12650590967163122,0.1224055304218089,0.127350393261256,0.11374987326275396,0.10052790135651697,0.0007016966374185454,0.01916483166231166,1.0,0.4,0.6,106,9.381480814759472,46.91419562702613
8,48,0.11310168806563112,0.1254267092172738,0.12193372734776467,0.12805026113548823,0.11107374351605263,0.10007824441168314,0.0006391448574826417,0.01788422889285371,1.0,0.4,0.6,111,9.400460080177275,45.683455873936985
8,49,0.11271514706361369,0.12499415399666286,0.1215007356368827,0.12794229576719449,0.110762143146437,0.09975321280656799,0.0006318054400560647,0.017798691162175202,1.0,0.4,0.6,113,9.351761036765389,45.84574339966986
8,50,0.12319709794648996,0.13463218782101333,0.12991924551249762,0.1375483889993729,0.12205018120356187,0.10535219844006098,0.002341946567876376,0.02492340353335669,1.0,0.4,0.6,115,9.44971497740639,46.49625463424026
8,51,0.12350639407940892,0.1345863002156493,0.13017306602087056,0.14005015058756765,0.121918519394263,0.10540336362035596,0.0026103285687130405,0.0252908794425937,1.0,0.4,0.6,120,9.415400133426926,51.49395183380544
8,52,0.12246072514658057,0.13261376717447917,0.12819214470020218,0.1399969084581214,0.1215222975046981,0.10445061252833224,0.0023757800099243145,0.02553366313683786,1.0,0.4,0.6,124,9.352217980873364,49.79988245104549
8,53,0.12311527655144244,0.1326026306227107,0.12787197682385737,0.14299017032786193,0.121757273548508,0.1055885139733653,0.0023431340657733783,0.02489904002389751,1.0,0.4,0.6,133,9.368004141865663,46.08854621249263
9,0,0.9632993941798542,0.8942893014628068,0.8934595456337232,0.8897105196048011,0.0,0.0,0.0,0.0,1.0,0.4,0.6,1,209.8085151809085,1341.542105955278
9,1,0.985621001991622,0.9690367224099137,0.9680499863731119,0.964008568991343,0.12359750493200568,0.09466030442865976,8.412122249237467e-05,0.00010835683126481999,1.0,0.4,0.6,3,194.31831230576088,1254.2270293155111
9,2,0.9749069545304051,0.9988701504831349,0.997749434424546,0.9937906663426231,0.19085606511741898,0.13956621988920687,0.0011058299896999928,0.00275084791023846,1.0,0.4,0.6,4,184.54202407483064,1083.628357454457
9,3,1.261259817033206,1.5687673589502225,1.5656295255041868,1.5539709935844224,1.7152900634414352,0.23372061769381927,0.3370897385121663,1.0,1.0,0.4,0.6,5,75.73234245705936,204.12155201202543
9,4,0.924795789360132,1.2386218292659583,1.2351584846871664,1.2229909879975627,0.7403645502103473,0.22509364863195006,0.1687541760285803,0.6454776429755692,1.0,0.4,0.6,7,64.62960007740821,172.86552824475257
9,5,0.7257625497196786,1.032703535602226,1.0290142513785205,1.0144577590876687,0.7283915365862484,0.16380506229883537,0.16128422613495896,0.5217244437141362,1.0,0.4,0.6,8,50.62948443728322,205.93465143568315
9,6,0.48883606999375384,0.7813316003436129,0.7772028480516482,0.7616244758444245,0.42665161512602556,0.1570326924235247,0.08071729099868732,0.2610817671828862,1.0,0.4,0.6,10,41.19529554527364,171.53668633153814
9,7,0.4630341623013494,0.7449039908538396,0.7405482590201308,0.7246866363314712,0.4219809642690776,0.1466108643116074,0.08178623106105178,0.26522825678885803,1.0,0.4,0.6,11,36.873556179723565,125.33882335388634
9,8,0.42084139438930024,0.6939810218506772,0.6894646211598011,0.6727934274357287,0.36685545677092557,0.1494817719609663,0.067746262215356,0.2190519801546132,1.0,0.4,0.6,12,34.32607724048403,145.22020367861154
9,9,0.41642318614381624,0.6643387043798994,0.6597182002441964,0.6418703714295868,0.4835320447301086,0.136574313959784,0.08249703327664122,0.2678053179529865,1.0,0.4,0.6,13,27.614214170389577,86.09521778738893
9,10,0.35222779680390853,0.5226504512410387,0.5173814822863869,0.4958131254985637,0.6560482923339103,0.13125036744099347,0.07652268561860975,0.24658552731389743,1.0,0.4,0.6,14,17.556058212374914,81.66899078026444
9,11,0.27708524106080223,0.411939235720401,0.4062912472245867,0.38387753434273225,0.31695768862740437,0.12828381450852072,0.05104775068630359,0.16446147039441703,1.0,0.4,0.6,16,14.643126875287658,67.73854356979051
9,12,0.24530740831085937,0.3631007576055379,0.35727844511509166,0.3345825355638277,0.2529580296037164,0.1317878813288608,0.03810186710216902,0.12286530893988087,1.0,0.4,0.6,18,13.571235711845906,58.41108553429139
9,13,0.2363185079987461,0.327740320918658,0.32165699331995884,0.2986818900630746,0.26649190972299286,0.12959459800965537,0.03816066103264171,0.12297791514152508,1.0,0.4,0.6,20,12.035386677551957,51.64762914212344
9,14,0.2293585484663442,0.3109028065341716,0.3050267969084932,0.28193979801227487,0.2315907670338178,0.12858633357326868,0.036584447882709724,0.11797927222989839,1.0,0.4,0.6,22,11.852184678800205,45.64380190530624
9,15,0.2123967119893353,0.2865720025138261,0.28062520595506,0.2579348066372004,0.2116901261290165,0.1303287528639561,0.02928069808475397,0.09442276266392466,1.0,0.4,0.6,24,11.594077711925252,46.10380320550454
9,16,0.20865603091716495,0.2816499779377851,0.2753889601301205,0.25355846069746046,0.19710886419894613,0.13838342567334921,0.024367761402997932,0.07843654202344556,1.0,0.4,0.6,26,11.620139706622991,52.823199967405046
9,17,0.20323745060078938,0.2755554929036978,0.26928802357196985,0.24786669310411888,0.19229311314292333,0.13047778237787194,0.025462755688500316,0.08209661955018341,1.0,0.4,0.6,27,11.49523488936276,45.99239955132013
9,18,0.21497170746036592,0.2857533167707099,0.28007710760522936,0.25876931972808154,0.20503328129750947,0.13207852373806178,0.029877557044832633,0.09666036931446044,1.0,0.4,0.6,29,11.334417227958737,47.22606186871687
9,19,0.20014480957557879,0.26484634102608795,0.2591123146552179,0.2380301153269162,0.19910354864130794,0.1293369021718776,0.025724850634684247,0.08142944524840127,1.0,0.4,0.6,31,11.04584712197392,47.10465466504213
9,20,0.1999446340739252,0.26367740698423947,0.2579341882467671,0.23681664118151902,0.19184510038926933,0.1293369021718776,0.025724850634684247,0.08142944524840132,1.0,0.4,0.6,32,10.888013119176753,46.70596462272859
9,21,0.1894105743333106,0.24938057894803412,0.2436017733908321,0.2233451430749635,0.19178392646985243,0.12796917433903857,0.02205304444293676,0.06988321712136122,1.0,0.4,0.6,33,10.63453261939018,42.9015471819079
9,22,0.20636275276039368,0.26444920449041265,0.25834963323405025,0.241972436692957,0.19672576250262222,0.13525496190927916,0.026146793892901993,0.08386807557169243,1.0,0.4,0.6,42,10.972860565012688,39.008093332959646
9,23,0.1911505289801122,0.24482832316396802,0.23868730725153833,0.2232455383582737,0.18930323412887257,0.13228500012394265,0.021265770583633416,0.06817352812796337,1.0,0.4,0.6,44,10.798567058650711,32.31950084470035
9,24,0.1910654504338107,0.24429333488842303,0.23814810260972025,0.22325920052595752,0.1832490270787816,0.1324699251964056,0.021176629915406524,0.06792964280070254,1.0,0.4,0.6,45,10.75301648968572,31.67346387820936
9,25,0.1836293589657886,0.2368987470796762,0.2310569321788957,0.21633528382293962,0.17443787419469556,0.1318463287028406,0.018263794779548835,0.058533077064285066,1.0,0.4,0.6,46,10.780929211158206,38.21891666779186
9,26,0.17909427954673632,0.22585001949899766,0.21934133205440773,0.2057232826068028,0.1753055198272844,0.1361222765549533,0.014988982907650798,0.04805842559041304,1.0,0.4,0.6,51,10.371881292460596,47.09685543774293
9,27,0.19790178023546906,0.24335377439253741,0.23683288319486592,0.22290114655016888,0.19223684232278998,0.15794362341865492,0.014101554737466328,0.04403557462021286,1.0,0.4,0.6,53,10.5260642622691,45.49652265308643
9,28,0.18140804764475602,0.22038581921322709,0.21380475476117178,0.2007435884127198,0.18576683545438322,0.13555021192279346,0.01686435622918049,0.054017147690068636,1.0,0.4,0.6,55,9.912064940493607,41.05347721825866
9,29,0.18081502361962357,0.21896026511742236,0.21267440527425754,0.20032806759855215,0.17532223246521797,0.13537642877078507,0.016751883405758197,0.05367030923522402,1.0,0.4,0.6,58,9.900615937276289,39.97384512114795
9,30,0.19978994496486635,0.23673277056448944,0.23073882665160417,0.21967538578745105,0.19786872767362795,0.15778420111929092,0.0157529922657849,0.04900084106452524,1.0,0.4,0.6,59,10.387253866235044,30.4285873130571
9,31,0.20703193282641608,0.2422027017078979,0.23619234360858815,0.22385253809422104,0.2070644202453037,0.15100190370577632,0.02201781718022536,0.0687247829726657,1.0,0.4,0.6,60,10.201621424552275,36.18007881456404
9,32,0.19532378442118553,0.22774914134537957,0.22171344280925062,0.21107922869391735,0.19912254230956222,0.15734950605299955,0.014303059169156555,0.044580806717074324,1.0,0.4,0.6,61,10.220012697654,35.59599449963069
9,33,0.1940651941240812,0.22400961114659285,0.2179510556488518,0.20664080714196842,0.1973851793339505,0.15061623510136965,0.016662096071158993,0.052851175329833786,1.0,0.4,0.6,62,9.882443793156112,34.903699661779804
9,34,0.19849806684555962,0.2271647459189742,0.22109444910400985,0.21002371928023336,0.19796180981725683,0.1561076423531355,0.016464781746464603,0.05158504162521528,1.0,0.4,0.6,63,9.789384593965838,31.73150060368353
9,35,0.19731370507326704,0.2249749481086277,0.2191983553363503,0.20918580892949826,0.1963439804201597,0.15976992922678723,0.01445026021278256,0.045162504778581,1.0,0.4,0.6,64,9.895959290207804,30.857072216390154
9,36,0.20456245557537456,0.2321686198693269,0.2266944450779261,0.21833329596816667,0.1999746079049668,0.15388181810873008,0.02217725848156534,0.0619471605953044,1.0,0.4,0.6,73,9.868000108563404,33.76469947776748
9,37,0.167979159338058,0.1931915137837111,0.18678648857326066,0.18070376207363473,0.16489197662979685,0.13779910118073396,0.011077359088797582,0.03577943456749494,1.0,0.4,0.6,79,9.669277646382872,37.54979115929935
9,38,0.18568168437155225,0.2110779700317786,0.20618948350470373,0.20093950860044882,0.1823424392201473,0.14699604775463224,0.014858387153617638,0.04750951184259778,1.0,0.4,0.6,80,9.839909261086747,35.43378158796457
9,39,0.19749568707051934,0.21992032991838714,0.2153075550390576,0.2114202618181695,0.19891904385514403,0.1603646304924036,0.014752158200239274,0.04584159673432734,1.0,0.4,0.6,82,9.7771177841454,31.69631219652917
9,40,0.1839375372967227,0.20474276118306206,0.1998122194165216,0.19872867898530805,0.18175595122400973,0.14904738065005127,0.014327325043906524,0.042812740671537494,1.0,0.4,0.6,86,9.710867447656428,33.74384537002782
9,41,0.1812519197265522,0.1988072795814685,0.19505893983900124,0.19580570467066918,0.18239265239396038,0.14014609525916494,0.017474838349116,0.05205215987726528,1.0,0.4,0.6,89,9.448820417747417,29.665685020773928
9,42,0.18119593007031917,0.1978190998604813,0.1940622578899511,0.19509106051532812,0.18002068669706645,0.1402620261815766,0.017465084055547836,0.052022258675518886,1.0,0.4,0.6,91,9.386441599794432,29.41772328451558
9,43,0.19487568495501334,0.2073642258185887,0.20326681229804067,0.20378115547077033,0.2062957165490948,0.15629466041078546,0.016783210883815257,0.04962744661869411,1.0,0.4,0.6,92,9.508260871962577,31.854654800603168
9,44,0.19025405450491112,0.2001675781328936,0.19634973126350053,0.19909827242294242,0.19080006629179147,0.15598365478964676,0.01499484138905442,0.044329838343659875,1.0,0.4,0.6,96,9.42171957364348,30.82859783525525
9,45,0.18741650524836684,0.19657128966677476,0.19365550419419195,0.198215245857712,0.18639112146669082,0.1596225900229626,0.011114844080037526,0.0363882196306559,1.0,0.4,0.6,103,9.471722807230478,27.45908007713377
9,46,0.19040766578046145,0.19931367169124264,0.19639562883434583,0.20285064176772416,0.1890487925451444,0.15555755692776713,0.014938662091837885,0.045663148818503044,1.0,0.4,0.6,110,9.122315744074598,32.180545894941865
9,47,0.19041828715472525,0.1992471785389819,0.1969343426586949,0.2043914461350599,0.18913081334823484,0.16267800140793823,0.01112496068764319,0.03642456792725446,1.0,0.4,0.6,116,9.23034681209981,28.479437246664418
9,48,0.18721305538927735,0.1946543770926292,0.1926319873573693,0.2023592654533529,0.1876298828756769,0.15949307813447672,0.011144737821567965,0.0367532305258278,1.0,0.4,0.6,119,9.318189211248278,29.18502403736161
9,49,0.1889228036355309,0.19511596017406357,0.19308227567147554,0.20275482911265205,0.1920469204468399,0.1614418891811113,0.011130428066395021,0.03668143102452093,1.0,0.4,0.6,120,9.27625437194582,28.84492692987238
9,50,0.1882330148282914,0.1916242651339784,0.19017118649154052,0.20270244029762705,0.18907624161233072,0.1613079011152899,0.01110172977885853,0.03652422260106986,1.0,0.4,0.6,127,9.136157497205913,28.35503091519633
9,51,0.1839184178450893,0.18652990915403733,0.185069782483865,0.2002340110583487,0.1838974835773146,0.15630565963171408,0.012480248752309272,0.03694621734711699,1.0,0.4,0.6,133,9.05333690266913,29.583515600832108
9,52,0.1818897193939943,0.1841812548758801,0.18423318027990904,0.21281146097284087,0.18163043898327508,0.15415494356396137,0.012648732247662295,0.037227678247019544,1.0,0.4,0.6,165,9.004596208672975,29.0508784335288
9,53,0.1835518984645018,0.1843331473392057,0.18437143168549697,0.21359151951082772,0.18593570710375323,0.15612147826329395,0.012438795893541169,0.03723311877842186,1.0,0.4,0.6,167,9.04040865474094,29.84634823435727
9,54,0.1810044764784989,0.18153010182853485,0.18156611028305172,0.20937224893629744,0.18096388759026272,0.15566950927152906,0.01153691340364153,0.03440476330883626,1.0,0.4,0.6,190,9.201120777098737,34.07250284647592
9,55,0.18095540385742168,0.1813438490930055,0.18107557120916115,0.20319035873780747,0.18092409440074886,0.15562723843189138,0.011536842211023014,0.034405091066740515,1.0,0.4,0.6,194,9.203270807370382,34.074196513407124
9,56,0.1830394462487544,0.18326308585231585,0.1829933318426585,0.20723596301279926,0.1832657553603825,0.15772525067023063,0.011521365181201965,0.03443255849991181,1.0,0.4,0.6,196,9.136352688164006,34.326812076221195
9,57,0.18071509207708852,0.18071509207708852,0.18074634247537227,0.20638857947729897,0.18123341583372926,0.15544598189493616,0.011535103549547374,0.03442511460388905,1.0,0.4,0.6,198,9.14040658557644,34.11030524424859
10,0,0.9293631093956363,0.8851018437849169,0.88420008437154,0.8801754794098869,0.0,0.0,0.0,0.0,1.0,0.4,0.6,1,243.04278526694745,1327.0991075282952
10,1,0.9525022028728722,0.9546833492454302,0.9536361682061465,0.9493644463793119,0.11480278164220589,0.08800537456430561,8.353797716083603e-05,0.0001061914253493,1.0,0.4,0.6,3,227.89234374698367,1315.605015102864
10,2,0.7814171268956904,1.0113937197712233,1.0092515413687058,1.0010052373189182,0.686410130136043,0.09958912468290779,0.08578365212301,0.2507052094012256,1.0,0.4,0.6,4,138.58687077456702,811.2534433081811
10,3,0.6464050947873651,0.8972353167075132,0.894914835900844,0.8867416366726605,0.2256220388378713,0.10023805433248392,0.04299753102389019,0.12574569000087005,1.0,0.4,0.6,6,127.4658097692974,775.5724404936092
10,4,0.6522025529349034,0.9250416373355989,0.9224869410876365,0.9130528731998171,0.3365389835501831,0.09910777278146776,0.07154434681833444,0.20467685503675298,1.0,0.4,0.6,7,115.828347663142,627.5311506366819
10,5,0.6823539298141049,0.9930232296709159,0.989487682439074,0.9755245312164537,0.9566265536781312,0.13885094552260852,0.15890095152380906,0.46612141112340133,1.0,0.4,0.6,8,59.13053229240319,255.61773377835925
10,6,0.40126464509689375,0.6741932792742635,0.6696250995414325,0.6523802798558676,0.49050544475100766,0.12251368549622903,0.07980615924244769,0.23397629849922347,1.0,0.4,0.6,10,34.87266011840084,159.7295378852615
10,7,0.3548293300287525,0.5974069817571654,0.5923142752626032,0.5734636307952548,0.3998637236075191,0.11070920542692979,0.08076601586773575,0.2364086340535386,1.0,0.4,0.6,12,24.924967727120777,107.60083273914348
10,8,0.3242234277472582,0.48678551211552257,0.4811277166893556,0.4591046387548521,0.41820522250230285,0.11070920542692977,0.08076601586773575,0.2364086340535386,1.0,0.4,0.6,14,17.78046364274904,75.80027026562342
10,9,0.2491215646434103,0.3764565515355888,0.3704285145645237,0.3475782177889584,0.2896913146847168,0.10526191483876797,0.054071492825562006,0.15802756791965156,1.0,0.4,0.6,16,14.626207739234228,45.919809308183474
10,10,0.24076863152240507,0.348122915849571,0.3418936387534436,0.31891976519746656,0.2559536325771836,0.10536491732438047,0.05254636730735547,0.1543766476970489,1.0,0.4,0.6,18,12.905092779608337,41.50353095636863
10,11,0.21043389218893127,0.30513580288265396,0.29878181386082814,0.2759662360745896,0.2148213223211929,0.1066429476082325,0.03942798323703295,0.11583691825120224,1.0,0.4,0.6,20,12.267864114358426,38.96455749319696
10,12,0.21040665643380718,0.30499798134888323,0.2986428879247711,0.2762422238142969,0.19231313938228778,0.10664294760823252,0.03942798323703299,0.11583691825120228,1.0,0.4,0.6,21,12.261601214592776,38.92209614959658
10,13,0.21039689147680057,0.29851087356656103,0.29209266841512677,0.2694797687585717,0.2166634590822433,0.1083292218330166,0.03934169888566639,0.11568029206017201,1.0,0.4,0.6,22,11.96789885350289,41.90880374169571
10,14,0.20952144326142214,0.2975345352556291,0.2911153277846129,0.2689339561080002,0.1929804128048326,0.10731275899066657,0.039409990318202956,0.1159095136111898,1.0,0.4,0.6,23,11.863822711419363,39.95478905440196
10,15,0.19508846683513043,0.2790608265170442,0.27260249593894037,0.2505038966122992,0.19353595254194755,0.11099175322998316,0.03148710828341834,0.09258672642479357,1.0,0.4,0.6,24,11.530731562696658,41.210099938934334
10,16,0.23126076462436,0.30425986921306936,0.29769601976285986,0.2754225582910126,0.25649411182301385,0.13010275263988286,0.04095901102011929,0.11881691356397887,1.0,0.4,0.6,25,10.717555064501198,35.99960256664879
10,17,0.27021089897833256,0.33745723482908146,0.33174732833031295,0.31210740355749067,0.26103029115717524,0.15705024386338856,0.042985869562267624,0.13962215919132823,1.0,0.4,0.6,32,11.307638162713374,55.06250635590307
10,18,0.2517736010544485,0.31141484886514187,0.3056329501524528,0.2870147189713053,0.2543674583316914,0.15279933678963092,0.03761088404645692,0.12217695324544262,1.0,0.4,0.6,34,10.848469841498256,57.94679352174479
10,19,0.2385663525363496,0.2917324045279363,0.28588959012351917,0.26752485598628223,0.24042507846918998,0.15063958848274034,0.033461755446426406,0.10867616119333542,1.0,0.4,0.6,36,10.485410618771684,42.95346068663228
10,20,0.23837495964777267,0.2893322098819724,0.28377163096082625,0.2664770711876402,0.23342865270906515,0.1509064339133022,0.03345392123433413,0.10865897037953194,1.0,0.4,0.6,38,10.390215767215704,42.71322938901933
10,21,0.24994495992988483,0.3008526525476014,0.2952915817203944,0.2775024373331818,0.24123595212698726,0.15255455324459286,0.037751571109208085,0.12234647962749443,1.0,0.4,0.6,39,10.58177831614925,50.52880601527957
10,22,0.2371111868669209,0.28314755796619345,0.27754097738117045,0.2603595501725957,0.23751076071343524,0.15047427301131877,0.033560188798694476,0.1087627059677797,1.0,0.4,0.6,41,10.179256331779298,42.944407093942765
10,23,0.2373447852133585,0.28307792016304645,0.27777144847785945,0.26104842289636954,0.23013616745983037,0.15081039984861436,0.03354544128955726,0.10872457590810714,1.0,0.4,0.6,43,10.183026847912505,42.712478165446456
10,24,0.25743508509440927,0.300751896899103,0.2945140525154849,0.27927292700611306,0.25117896028645265,0.16627717726501964,0.03554831304301843,0.11576268609326516,1.0,0.4,0.6,49,9.849439617322462,44.31349109010525
10,25,0.2522130210432487,0.29472552228136045,0.28848023370609077,0.27185919162475325,0.24625367803608444,0.15076002932770077,0.04002626834138681,0.13018362579469217,1.0,0.4,0.6,51,10.16273637325991,53.16513920019513
10,26,0.2547117819692777,0.2961669064949828,0.28991176860383794,0.273793139420741,0.25117883441176236,0.15345617156259336,0.040024426841162995,0.1301798108223487,1.0,0.4,0.6,52,10.009297863937682,53.262532792749546
10,27,0.25456157004856017,0.29519433298020326,0.2889315765032401,0.27224351818887693,0.25037163272314256,0.15345617156259336,0.040024426841162995,0.13017981082234875,1.0,0.4,0.6,53,9.961664508802013,52.90801122506961
10,28,0.24251134353745563,0.28093202515310367,0.2746487210966081,0.258970676648743,0.2435086339078865,0.1522579848264306,0.03558038999913902,0.1157295066248057,1.0,0.4,0.6,54,9.941600343880571,49.822072031072864
10,29,0.2431699713999243,0.2787852218945729,0.27277902373603724,0.2579871159004353,0.24200152768135746,0.15327408537076104,0.03564210603029588,0.1159534496410763,1.0,0.4,0.6,56,9.74035653738175,49.43704468640571
10,30,0.24345945958216308,0.2787045204546336,0.2726948834692625,0.25844944166243977,0.2387114126318834,0.1534551815967291,0.03571877820417136,0.1161923225543825,1.0,0.4,0.6,57,9.68613729877547,49.24269861113317
10,31,0.23736794687935542,0.2680640090775454,0.26201238293020157,0.2497801123846044,0.2475752856335955,0.16350310328342624,0.02919318023219504,0.09497352105178498,1.0,0.4,0.6,58,9.290557697527184,46.60575810031239
10,32,0.261767029637944,0.2920148935407772,0.2865649907891207,0.2768010121185285,0.25697568269511994,0.17277786791061245,0.03566291513255803,0.11604875001796681,1.0,0.4,0.6,65,9.148040444904376,65.47842477855819
10,33,0.2649705572733351,0.2941722521580199,0.28840982966550105,0.27933620571878837,0.2616558215557744,0.17614214158729372,0.03566214255699175,0.1160559874934733,1.0,0.4,0.6,67,9.080639292302452,66.76600882709637
10,34,0.2647887332287645,0.29256881488184794,0.28709621799792484,0.2772860105826862,0.2626692602194267,0.17619498356277186,0.03568112083535917,0.11608368823899355,1.0,0.4,0.6,69,9.026525720488534,61.69930483877811
10,35,0.2650752806170918,0.2928423064464859,0.28736962497760976,0.27934463803730575,0.26045235866298266,0.17668305901313114,0.035593521292489244,0.11581008457071851,1.0,0.4,0.6,70,8.957951264433605,61.94393455245558
10,36,0.2624108752712959,0.28984903555064706,0.2843733238867918,0.27664101678968195,0.2589055273812728,0.173904511987957,0.03565544012197035,0.11605228286556968,1.0,0.4,0.6,71,9.018424835255509,66.96690285845496
10,37,0.2527197044095252,0.2778184688960601,0.2720183512501553,0.26460092526764956,0.2560683714362091,0.17297411125035797,0.032094225766871286,0.10445984484773514,1.0,0.4,0.6,72,8.911203709771844,66.04648673715306
10,38,0.23773933322527618,0.26226118970810897,0.25797055809566344,0.255011472486137,0.23392667718446297,0.1651206928933924,0.028782337922449833,0.09507686318152776,1.0,0.4,0.6,86,8.895064872110842,41.53398916718025
10,39,0.23791795508423144,0.2607886662034787,0.2564828982979434,0.25380438301074726,0.23690967479578834,0.16556000727129438,0.028804404387784952,0.09508646423253424,1.0,0.4,0.6,88,8.820093172534305,40.88927936461244
10,40,0.2379146600602562,0.2608555553534785,0.2568534581730942,0.2553667167935179,0.2341670323211281,0.1655600072712944,0.028804404387784952,0.09508646423253424,1.0,0.4,0.6,90,8.817996041376777,40.88482957148675
10,41,0.23750421203990524,0.259117142273734,0.2551028807635038,0.2542112787173546,0.23840351574450658,0.165288602125799,0.028827068770216062,0.09520580737143068,1.0,0.4,0.6,91,8.757066597478072,41.05633112779667
10,42,0.23872078367359162,0.25911174877692766,0.2556922048738315,0.25840826037820264,0.23581757637034245,0.1651266897530948,0.02985298631628792,0.09720324711952513,1.0,0.4,0.6,102,8.838372078076606,41.824432482072005
10,43,0.23867883377654356,0.25890317065215834,0.2557851396576973,0.2597489525668858,0.23581979592166694,0.1651266897530948,0.02985298631628792,0.09720324711952508,1.0,0.4,0.6,104,8.815984523164614,41.74241698023438
10,44,0.23891431901602547,0.2582876938801697,0.25516185522391804,0.26011129690619417,0.23861718959179967,0.16551096254693437,0.02984528483418443,0.09719180084204863,1.0,0.4,0.6,105,8.847309905605625,41.804178682421885
10,45,0.23932216946920062,0.2577276213610459,0.2548959176058614,0.25977683742842006,0.23988764287817313,0.1660980121391583,0.029876494945806388,0.09715856482405356,1.0,0.4,0.6,106,8.76110983733833,41.552778806836606
10,46,0.24245828650203294,0.26005148515633447,0.2569094464321,0.2617438625208814,0.2420146890031001,0.16929981931913946,0.02989517286924599,0.09723116874586987,1.0,0.4,0.6,107,8.589403102381517,45.0680829196801
10,47,0.2432550182078506,0.2608885856444173,0.25804983667744386,0.2635571128025524,0.24056789104415632,0.17013287186278658,0.029877991223059244,0.0971954599671028,1.0,0.4,0.6,108,8.649108707518904,45.091962448910266
10,48,0.24303482022403106,0.26059768999106403,0.25775830660238064,0.263589692050077,0.24042916346498258,0.1699154187996123,0.029884761311844255,0.09720536763234014,1.0,0.4,0.6,109,8.630429082310343,45.13414715269509
10,49,0.26398309737822995,0.2798584369977398,0.2782155527370224,0.28813541734148834,0.2619256986936172,0.1773141502014516,0.03405916260806297,0.11755229881051792,1.0,0.4,0.6,124,8.573396581177372,63.979356141059576
10,50,0.23784898483499303,0.2529501422185547,0.252512085220739,0.2769442023023393,0.2356339572072982,0.16660808910702238,0.029057563831955208,0.09547404627327588,1.0,0.4,0.6,156,8.710935095284343,39.65038410256446
10,51,0.2377354102252275,0.2528116396532965,0.25267626776227353,0.2774974915202821,0.23561208892144386,0.1665113328990083,0.029058376572421427,0.09547585572704101,1.0,0.4,0.6,158,8.712344689876112,39.664397432678086
10,52,0.23885890916019206,0.2538894345360056,0.25466256430207473,0.28892424571073655,0.23663954247700952,0.16575687110216075,0.03003229994336271,0.09803986655353648,1.0,0.4,0.6,181,8.759704854139683,40.01524567877305
10,53,0.23842279299814403,0.25327719560107115,0.25465468651295325,0.29245598252381044,0.2365114017778866,0.16562154261829062,0.02989349316581099,0.09772503022321706,1.0,0.4,0.6,185,8.725916698534094,40.090843357865886
11,0,0.9614517036883364,0.8937974332848848,0.8929638027407736,0.8892001286602014,0.0,0.0,0.0,0.0,1.0,0.4,0.6,1,213.8377028396203,1315.7916634610342
11,1,0.9867381054860206,0.9714229462341709,0.9704321807997928,0.9663755405305547,0.12652210532135016,0.09755802682151808,8.420924006418662e-05,0.0001072235341654,1.0,0.4,0.6,3,197.92046435239524,1229.1285350943042
11,2,0.6068133039137675,0.8474689293229533,0.8455441463196428,0.8378750573184436,0.585846371651855,0.12525097002510238,0.0026734560174357432,0.00830275653057882,1.0,0.4,0.6,4,109.4115862929295,542.5658354336056
11,3,0.47735573124013686,0.7769125555669845,0.7742284371684115,0.7636572809352405,0.2969254238135255,0.14287273296222858,0.004926302442963051,0.021096109957108332,1.0,0.4,0.6,6,72.6846867125563,8116.862898393702
11,4,0.42565779695418426,0.7338374101738201,0.7308835413175414,0.7201330333394642,0.19829292367343385,0.14138343568295877,0.0025042672511634773,0.01065207147882055,1.0,0.4,0.6,8,64.04197413922351,8086.800499723243
11,5,0.4174351452640753,0.7262653286315705,0.7235873181532376,0.7130267556170183,0.1549144668122963,0.12065229195562074,0.013749390689476441,0.030886789386661152,1.0,0.4,0.6,9,61.4013897357344,8202.887949781107
11,6,0.33487074613028756,0.6430193089725829,0.6393827306819676,0.626582296895211,0.38569751755486065,0.13637781746620814,0.0031201114554672473,0.01220930881428289,1.0,0.4,0.6,10,46.25253045795158,8027.2252158993215
11,7,0.3212169686893587,0.6263963094000088,0.6226299461304737,0.6099155518995638,0.19266557804529605,0.13562326539499933,0.0034678216420086436,0.01308853651606012,1.0,0.4,0.6,11,43.33643062926421,8018.524075317855
11,8,0.2534933965636265,0.5353472240691378,0.5309870322805117,0.5157810659059736,0.34826520171866904,0.12331429669192732,0.0024785110427509,0.00860865412085038,1.0,0.4,0.6,12,32.772848922030576,7661.222900721043
11,9,0.2454917264865463,0.5212370413782568,0.5170692660027396,0.5020984741712342,0.1493436764700678,0.12331429669192732,0.0024785110427509,0.00860865412085038,1.0,0.4,0.6,14,31.239265827102816,7616.374200040533
11,10,0.19994099505978405,0.43213644500774234,0.42730132268846205,0.41089367827225975,0.372905377209334,0.11350269523414169,0.006117670312698037,0.01574136310903131,1.0,0.4,0.6,15,23.63591195488065,185.705573352373
11,11,0.19222550653925358,0.41181075725367783,0.40711918956167453,0.3908526058875564,0.15359230810641333,0.11350269523414167,0.006117670312698037,0.01574136310903131,1.0,0.4,0.6,17,21.89836719038217,177.5977978053815
11,12,0.1913275632691419,0.410135985992996,0.4051319555877081,0.3889795361152818,0.12813045951551244,0.11295338947351907,0.006147099939658034,0.01584473134951523,1.0,0.4,0.6,18,21.79204267437799,177.23205827119585
11,13,0.1883629364363532,0.4055053873220537,0.40078311356399393,0.3853380271441644,0.13108788715372793,0.11348346895571174,0.00489798090293111,0.012611214677671869,1.0,0.4,0.6,19,21.61474370372702,173.943408861581
11,14,0.22793629575209254,0.4444596727294456,0.43942693195394117,0.4220190518941882,0.16533029190234305,0.1471113322957412,0.006011928679896856,0.022303476904460807,1.0,0.4,0.6,20,18.81570087827576,56273.24132826828
11,15,0.20471786300607664,0.40322582151456443,0.3985793076397768,0.38117468854183506,0.23099820151586825,0.14328677446503568,0.002247407557465558,0.00914024636839424,1.0,0.4,0.6,21,18.42686628768761,7978.27040858878
11,16,0.19346684359452046,0.3839566242321253,0.37921653625919394,0.36213800509426575,0.15948287890628884,0.13696105032961886,0.0019113237590147906,0.0076666848787557305,1.0,0.4,0.6,23,17.72938173958511,7861.588813308572
11,17,0.1927518291743709,0.38179613105604915,0.37734228341698395,0.3604983127310775,0.14555082204018244,0.13696105032961886,0.0019113237590147906,0.00766668487875574,1.0,0.4,0.6,25,17.51177969999565,7879.4674813398115
11,18,0.19403933917425004,0.3703613917303028,0.3657625601597594,0.34929083994667004,0.20332661931017065,0.1423329409527469,0.002541243271639753,0.01002462080300428,1.0,0.4,0.6,26,16.956501585181087,7718.000071724407
11,19,0.19272054162299054,0.3600386183684481,0.35503821135873326,0.33768107077111986,0.18674262428546973,0.14289791847396144,0.0031276885331736576,0.0123856506381734,1.0,0.4,0.6,27,15.725223281374342,7857.894731638076
11,20,0.19262182830315358,0.3596894939219316,0.3546864289362522,0.3373186433399754,0.15258597847293545,0.14289791847396144,0.0031276885331736576,0.0123856506381734,1.0,0.4,0.6,28,15.690046891217987,7860.771853684727
11,21,0.18626498003295353,0.3413653234257282,0.33623276382327827,0.31908674470343823,0.19726502721352543,0.14277251398771848,0.002514521863788228,0.00994278496983079,1.0,0.4,0.6,29,14.695305111157232,7806.543063387166
11,22,0.18571728554496794,0.340644392393111,0.3355099896700942,0.3186766583287576,0.14959895475195584,0.14245132788105258,0.002427661162798546,0.00972764039543685,1.0,0.4,0.6,31,14.80233974592205,7782.25916137366
11,23,0.1820586793857992,0.3322337487134446,0.32704881476952574,0.3104293490870491,0.1658562438024451,0.14145695342238732,0.0021057695172194595,0.00831803672683059,1.0,0.4,0.6,32,14.296461545635132,7734.36610101771
11,24,0.18182036566561502,0.32119581446666934,0.3165033378453753,0.301318163888041,0.19306554912743654,0.14425258010732228,0.0022584731488420632,0.00932799681785553,1.0,0.4,0.6,33,14.115531482708954,7884.908824499596
11,25,0.17448207868548338,0.29413235759298234,0.28923775600022383,0.27300575338741445,0.18652387026584344,0.14256414330627684,0.002434659373933638,0.00981901446706664,1.0,0.4,0.6,35,12.761712051887416,7835.239835201186
11,26,0.16947408052545068,0.27858965057506563,0.27358947116979654,0.2577294505048441,0.16673601328339643,0.1416994759187576,0.0019987476372598013,0.00807093496481835,1.0,0.4,0.6,37,12.080154508442808,7837.245166225958
11,27,0.16361958853420538,0.25427634529890564,0.24909440525207108,0.23360809996910487,0.17959606798088273,0.14111574635329513,0.0018040150616874318,0.0072431047202904,1.0,0.4,0.6,39,11.556180405810933,7743.318965912416
11,28,0.16173742252648884,0.2470788014766201,0.24184534538705296,0.22695629496631195,0.15498865163396608,0.14110272882079558,0.001586255039268607,0.00636200198535556,1.0,0.4,0.6,41,11.192545561192908,7676.263573028936
11,29,0.16169278664333794,0.2469305202728756,0.24199892136468598,0.2280964173114498,0.14589464912076033,0.1411027288207956,0.001586255039268607,0.00636200198535556,1.0,0.4,0.6,43,11.180077232735748,7676.673697068069
11,30,0.14364690967567356,0.21781563731647308,0.21308056065712475,0.19829923285855033,0.1694126274629613,0.12506719800613236,0.002186182896805553,0.00680582493950387,1.0,0.4,0.6,44,11.086218785642922,7559.895546117673
11,31,0.15540570356110853,0.22608126962766273,0.22131282189579643,0.20729465812775283,0.1547890272322039,0.13744491132607467,0.0019062894247206554,0.00722178954436589,1.0,0.4,0.6,45,11.09223662305549,7696.358382030239
11,32,0.14058207386046886,0.2104959928949203,0.20572028200716888,0.19189554429276587,0.13054504980840978,0.12346588302158978,0.0019454162695414865,0.00605974090776918,1.0,0.4,0.6,46,10.981133189280296,7553.077750385109
11,33,0.14246193722667508,0.21121285894518324,0.2064260627863635,0.1923379573162267,0.13407393871774761,0.1250491469537731,0.0021913635951164977,0.006802861394627791,1.0,0.4,0.6,47,10.78012888214776,7543.412661046105
11,34,0.16687582532798373,0.22925766365107886,0.22441049630643645,0.21187283689690606,0.1631461480694412,0.15091792581733765,0.0018646338960424363,0.00680978782583788,1.0,0.4,0.6,50,10.531958371604704,7788.570339038496
11,35,0.16752057392058137,0.22938164420419338,0.22452952590169117,0.21286395163744487,0.15833591657259752,0.15157713739136944,0.0019172018349031222,0.00693070874478442,1.0,0.4,0.6,51,10.569440638108397,7766.106844033987
11,36,0.1650643267155325,0.22264296749089263,0.21775045543164662,0.20618567688280157,0.16231343499397613,0.1505218494714222,0.0017071230635359962,0.00617449701799455,1.0,0.4,0.6,53,10.480089238292395,7760.625745872204
11,37,0.16114469922424368,0.21701159864036298,0.21210302460104993,0.20193935008958463,0.15428442198205586,0.1473306089500114,0.001542690303357788,0.0056365542319302495,1.0,0.4,0.6,55,10.164021248970894,7705.790081087222
11,38,0.16576569688592718,0.21685955767006465,0.2119061427946601,0.20157140480978056,0.173324899939368,0.15288982434605075,0.001540018951757291,0.00562776611405522,1.0,0.4,0.6,56,10.06826343258997,7768.648964066913
11,39,1.2214966396027769,1.2702338519619443,1.2655613486116404,1.2565350356904594,1.2151825329486583,1.0,0.0016093219468805427,0.3540637045964065,1.0,0.4,0.6,60,10.089820469511135,7785.678644763104
11,40,0.16436346639505106,0.2133646774296134,0.20960345077791556,0.20332083739340526,0.15595388393178797,0.15195208077791628,0.0015419721024647472,0.005635308477687289,1.0,0.4,0.6,66,9.942730509872828,7768.36962374071
11,41,0.14854321962267542,0.1966375324446777,0.191050186443759,0.1850510925092231,0.14145642554848636,0.13644545640665867,0.0014289832509784633,0.0053039814428222695,1.0,0.4,0.6,67,10.090737048938054,7974.366410714109
11,42,0.14850356627293876,0.19647870367457315,0.19119314907857843,0.18662224732736168,0.14055775383299188,0.13644545640665867,0.0014289832509784633,0.0053039814428222695,1.0,0.4,0.6,69,10.0893380552603,7972.903235712391
11,43,0.15619490303463476,0.20341397630961727,0.19812138555174852,0.19443654622536508,0.15062570607296183,0.13697759932253717,0.0020846757614239354,0.01703736935478662,1.0,0.4,0.6,70,10.009915575048042,8000.375872010099
11,44,0.14692421728830019,0.18960856967896755,0.18427375893946046,0.180123143777321,0.15511850023224127,0.13594050811187333,0.0014033736651993844,0.00517940633784935,1.0,0.4,0.6,71,9.771623763994226,8393.670405455689
11,45,0.14625161636177203,0.18745527888732094,0.1821066808553636,0.17914795383277726,0.14173463839882494,0.13585616597192002,0.0012832430965238875,0.00473233553662576,1.0,0.4,0.6,73,9.72986840884249,8413.57081102354
11,46,0.14622311391007897,0.18738911715046666,0.18204017998217006,0.1790801058427627,0.13931583276855222,0.13583088300760676,0.0012850249024621758,0.00473728882488366,1.0,0.4,0.6,74,9.730539698253246,8413.502190742298
11,47,0.14601142797695507,0.18595732597174575,0.18090009745133545,0.1793753642839151,0.14144629793885444,0.13588979825890857,0.0012728748759850306,0.00469238515976812,1.0,0.4,0.6,76,9.60786223725186,8400.966955511654
11,48,1.121612943555502,1.1564621801669503,1.1516606784270793,1.1536580748528222,1.1172153070908042,0.5152660916222408,0.001199174276734372,1.0,1.0,0.4,0.6,88,9.456164325397502,8394.536050844592
11,49,1.1227678161291292,1.155758532948695,1.1509398554755164,1.152871696515084,1.1235257236020553,0.5167464593081237,0.0012027763908764024,1.0,1.0,0.4,0.6,89,9.312905286064142,8393.46386806379
11,50,1.0129188293050149,1.0441064695040447,1.0389682427697293,1.0408694510811145,1.01346975001795,0.40719332196384295,0.0012090281511021599,1.0,1.0,0.4,0.6,90,9.11397773691894,8396.039959139083
11,51,1.0129188293063045,1.0441964754036501,1.039362025001805,1.042806027385802,1.0076769740672167,0.4071933219638429,0.0012090281511021599,1.0,1.0,0.4,0.6,92,9.113977735202957,8396.039959389003
11,52,1.121648714616461,1.1520852147271108,1.1469400727221253,1.143212058742506,1.1190766688777012,0.5160535739536874,0.0012083841576044226,1.0,1.0,0.4,0.6,93,9.295535494827636,8381.38496303129
11,53,0.8366029548112043,0.8666785059607311,0.8621359499713117,0.8658261027045836,0.8321988143136302,0.23109435662391511,0.001227034805240792,1.0,1.0,0.4,0.6,96,9.032021603401398,8389.097811425161
11,54,0.8401343400556567,0.8676030786519406,0.8630365534528652,0.8682236623886147,0.8384949416281207,0.23505963948356393,0.0012577420914075279,1.0,1.0,0.4,0.6,99,8.956894884777247,8400.446494575306
11,55,0.8411033545638908,0.8681427755358473,0.8632693414255787,0.8690807891071339,0.8371562632935057,0.23608274804603174,0.0012654791408935344,1.0,1.0,0.4,0.6,101,8.932897653903236,8399.61714680054
11,56,0.8407823434167377,0.867716623350628,0.8631451860148496,0.869901823196244,0.8365203533521893,0.23579550910601363,0.0012638485671470688,1.0,1.0,0.4,0.6,104,8.951010140646389,8395.176926016784
11,57,0.8407728846254297,0.8677414101315741,0.8634732018064151,0.8711854383364233,0.8364891221291579,0.23579550910601363,0.0012638485671470688,1.0,1.0,0.4,0.6,105,8.940712136604049,8396.172364972761
11,58,1.087393148606843,1.1142255958230018,1.1102591793982548,1.1189263989242222,1.0832136534369927,0.48249350812888575,0.0011652813147500017,1.0,1.0,0.4,0.6,108,8.953078619630341,8379.564514530446
11,59,0.8370058841527233,0.8598677908741615,0.8555619202838433,0.865273862584383,0.8397530891698742,0.23239558940135394,0.0020686667811471208,1.0,1.0,0.4,0.6,110,8.837604425456151,8383.276687741436
11,60,0.8380004974978842,0.8605882061936275,0.8562798470982902,0.8669354519302277,0.8344939307620243,0.23342527452636702,0.0020949099009821693,1.0,1.0,0.4,0.6,114,8.839580099427002,8383.627266879808
11,61,0.7422343987488769,0.7647710482777206,0.7607652363957089,0.7722928363306684,0.7387567392400032,0.1377052995552639,0.0020378533960679493,1.0,1.0,0.4,0.6,116,8.847681787947263,8393.854721817004
11,62,0.8374928371516768,0.8585756686371978,0.8539506335792876,0.8666653771027206,0.8382665345016609,0.2332112450303403,0.0019448963131978188,1.0,1.0,0.4,0.6,117,8.768190775638532,8389.041464717431
11,63,0.8381114054617588,0.8573463207414289,0.8527044086536055,0.8656754228143857,0.8411096073047102,0.2343283770886257,0.0014553183800791656,1.0,1.0,0.4,0.6,118,8.743492856079188,8385.93671601187
11,64,0.8372835826160681,0.8565929918567173,0.8522546416818834,0.866435285324568,0.8340955288354129,0.23330683382433737,0.0019458864780032355,1.0,1.0,0.4,0.6,123,8.764212465314301,8387.400541144263
11,65,0.8368279793149692,0.8553742653497689,0.8510289870286953,0.8664660860944577,0.8346062736024586,0.2332067876476723,0.0013674707023851114,1.0,1.0,0.4,0.6,126,8.795491298505079,8374.616989854767
11,66,0.8382223636884829,0.8565738643515599,0.8525298309100868,0.8678840097997781,0.8361487408667057,0.23442402262820816,0.0019259104838390412,1.0,1.0,0.4,0.6,127,8.780760056950406,8369.548252877323
11,67,0.8363768588582214,0.8547996699571496,0.8513621815301837,0.8691223275529089,0.8334184171211281,0.23276678720370478,0.001499251328947159,1.0,1.0,0.4,0.6,134,8.703902738142185,8393.428372385466
11,68,0.8378751716164604,0.8561022570930046,0.8532689478729671,0.8737812219695474,0.835082972375554,0.23431368256263768,0.0015299046505208994,1.0,1.0,0.4,0.6,142,8.62338760882134,8390.12066620978
11,69,0.8399599928228587,0.8573616122078722,0.8545207664720634,0.8753363500822615,0.8399062560071398,0.23653661594760478,0.0015176736896192692,1.0,1.0,0.4,0.6,143,8.599672900395216,8390.570779517697
11,70,0.8413708099526698,0.858582167453245,0.8560425200367133,0.8775767088078502,0.838912288932071,0.23805611187467507,0.0013587882918780045,1.0,1.0,0.4,0.6,146,8.64218837324986,8387.464240456993
11,71,0.8360285130010985,0.8521903471591586,0.849944089089365,0.8740575746183566,0.8339845759079094,0.23277994696614682,0.0016504181689700652,1.0,1.0,0.4,0.6,153,8.621746461311705,8392.261933924367
11,72,0.8350175292607345,0.8510360250112693,0.8487884758715322,0.8750518815260374,0.8325722425638756,0.23184593552620938,0.0015153913064474848,1.0,1.0,0.4,0.6,157,8.658547699958284,8384.376150836626
11,73,0.8354447418768959,0.8511409671608363,0.8485875449197936,0.875911141509616,0.8336914399418409,0.23231676703593096,0.0014989689743889665,1.0,1.0,0.4,0.6,158,8.63539599296741,8387.026169467135
11,74,0.835670377815894,0.851165863657376,0.8489135289040306,0.8765080913650062,0.8341647704722628,0.23258595259613962,0.0015065973930725694,1.0,1.0,0.4,0.6,159,8.681553544975484,8384.123676757483
11,75,0.8361287335470912,0.8505926268012096,0.8483309324241831,0.8758894764798251,0.8372525295651847,0.23321092405498178,0.001499553740888217,1.0,1.0,0.4,0.6,160,8.59330310014073,8384.19720722944
11,76,0.8353273103136634,0.8493260309358802,0.8470601373892925,0.8752770073538596,0.8338591664885374,0.2324752607168783,0.0015192345433834911,1.0,1.0,0.4,0.6,162,8.570616692288569,8389.514075723375
11,77,0.8356176256697261,0.849246741576407,0.8466744990150072,0.8751137583920936,0.8343509285231242,0.23280885603420062,0.001521563318539494,1.0,1.0,0.4,0.6,163,8.5618314593403,8385.193743932903
11,78,0.8359935807883305,0.8497212522481181,0.8477558993628649,0.8770690590560938,0.8340780988423144,0.23319981380170735,0.0015161981373626508,1.0,1.0,0.4,0.6,164,8.54488770038885,8388.062414512027
11,79,0.8357096829673735,0.84916557277715,0.8465917573380844,0.8763639056154533,0.8336901230827274,0.2329259214358776,0.0015274267002368428,1.0,1.0,0.4,0.6,166,8.522355762816645,8385.374734361527
12,0,0.91969743842568,0.882425574613836,0.8815027531873026,0.8773978663621953,0.0,0.0,0.0,0.0,1.0,0.4,0.6,1,251.36735570128133,1350.004899816205
12,1,0.9416428935167946,0.9537498440802008,0.9526695771941458,0.9482708239641934,0.12029975168469396,0.0912894740551056,8.318742445918314e-05,0.00010733000067162999,1.0,0.4,0.6,3,233.136648122186,1262.479100025832
12,2,0.9214112606425288,0.9634631699305298,0.9622785991051959,0.958076258868006,0.15272958773264128,0.11125017636625172,0.0012962855328011904,0.00436571767303639,1.0,0.4,0.6,4,218.88828891452687,1659.574264832211
12,3,0.8090340149698009,0.9236360579379108,0.9224885565533779,0.9167305163115079,0.21194242357984788,0.10509034239239068,0.0028582441237396034,0.00368776104940212,1.0,0.4,0.6,5,186.49289551314948,726.7700566899497
12,4,1.285378207847498,1.5891503241593625,1.586260315935919,1.5755545887442866,1.498615155333877,0.23133073314851504,0.31508387625993395,1.0,1.0,0.4,0.6,6,79.956221862162,189.8859854651156
12,5,0.5673278483132999,0.8782684680261015,0.8748235345337314,0.8625846666444494,0.40980568615081836,0.15644922042962653,0.07395568019751401,0.21858310996597718,1.0,0.4,0.6,8,64.85016998051583,297.2146082920288
12,6,0.7088762048345205,1.0168726067286862,1.012933666475063,0.9991079945202564,0.6094191330801522,0.15707446027253752,0.16640028044440658,0.49181199742344867,1.0,0.4,0.6,10,48.62345275583024,216.8259806655317
12,7,0.3822388049502019,0.6763438866113789,0.6725547215430889,0.6572625311649731,0.32047153257830135,0.1397502305215428,0.044465653060443866,0.13134859970849339,1.0,0.4,0.6,12,41.48508561991871,200.46503153029005
12,8,0.4228968591148738,0.7599532657695202,0.7559259656361245,0.7415510092273966,0.39354902439761347,0.12841758387143504,0.08445126494791384,0.24912557226336637,1.0,0.4,0.6,14,34.00704358828027,65.81769236000099
12,9,0.35727394039761645,0.5353495202583888,0.5298624440536879,0.5097264929644001,0.5416140477201706,0.12841758387143506,0.08445126494791384,0.24912557226336637,1.0,0.4,0.6,16,18.342866783579623,78.7792638515484
12,10,0.28971849063612837,0.4627702403001479,0.4572178084614591,0.4374751076306326,0.26363968843025526,0.12519439730781853,0.056335578233987244,0.16615705772063064,1.0,0.4,0.6,18,18.123242839479826,60.971516524061485
12,11,0.25220066479854814,0.40886954929791713,0.40314140342893345,0.38337740612150134,0.2472564718133518,0.1242088633764171,0.04226725333174659,0.12465602853595754,1.0,0.4,0.6,20,17.147355775157873,57.309582172353416
12,12,0.27976310886878425,0.42463400984952593,0.4187863091975303,0.39813359719805264,0.2850905768712626,0.12461445852115131,0.056351193310558184,0.16623467120358487,1.0,0.4,0.6,21,16.032112608546147,59.15522516515541
12,13,0.24018602242365159,0.35513998582840733,0.3489864190658523,0.3280539200149514,0.32780861326184135,0.12681188177318553,0.04110666255516561,0.12188173216211103,1.0,0.4,0.6,22,13.537874648280487,52.49333682562345
12,14,0.2393646631539317,0.35297003142681627,0.3468022611952366,0.32604960922973614,0.21805665034688868,0.12641042934280236,0.04111837362810418,0.12193994910024779,1.0,0.4,0.6,25,13.586360254168897,48.10510530595171
12,15,0.23516632682040345,0.33529458354173447,0.3292964743488678,0.30904328999156955,0.26374411416594806,0.12567543642435378,0.04116605950551288,0.12199677297850305,1.0,0.4,0.6,26,13.101618081855866,45.74883181395397
12,16,0.23362873144381466,0.327490614984733,0.3214312616255017,0.3009239272385127,0.23750687007375648,0.12567543642435378,0.04116605950551288,0.12199677297850302,1.0,0.4,0.6,27,12.701179056244678,47.37289045517333
12,17,0.21309569854629212,0.30001945625383714,0.293892436373341,0.2738675184160422,0.2214534801653288,0.12472574909452502,0.032946445784130925,0.09763647914517516,1.0,0.4,0.6,28,12.315404185653655,47.74950279267333
12,18,0.1997797265221731,0.281107927369059,0.2749269442768741,0.255425819752899,0.19431217255286015,0.12496168695261485,0.02730091301632846,0.08095937345392952,1.0,0.4,0.6,30,11.980330461251976,45.12026902480915
12,19,0.19692613030299655,0.2720704369237505,0.26582999676789926,0.24660778327692023,0.1939024014936498,0.12474710958352149,0.026626860453660882,0.07932258491200025,1.0,0.4,0.6,32,11.546073296934946,40.323114040775
12,20,0.1900756570493339,0.2621681461752554,0.2558985471864655,0.23731793748106078,0.18216812261689969,0.12699695631799193,0.02276349584058591,0.06784290551936527,1.0,0.4,0.6,34,11.26825345631942,35.5561220314191
12,21,0.18892646032756125,0.26037069772110294,0.2540949205681357,0.23625226808104152,0.17693897828520427,0.12593532980904706,0.022790883498660194,0.06791306061754086,1.0,0.4,0.6,36,11.261783310402734,35.812291925941096
12,22,0.12142061037505546,0.18736931224241338,0.18316173130600216,0.17682044734278507,0.11028382597021005,0.10475477979981966,0.0015887893559553426,0.00700561979123696,1.0,0.4,0.6,67,11.896039272117571,262.8945358481354
12,23,0.12127023677059753,0.18658101743537386,0.18236736233031678,0.175695421272694,0.11069285262850256,0.10451641615084784,0.0015934039535991462,0.007371769100776091,1.0,0.4,0.6,69,11.592961253980064,252.1901377299917
12,24,0.11954991958638722,0.18279780846336563,0.17856464158866373,0.17237191441411606,0.11545102849527407,0.10390738733803917,0.001436989516754589,0.006334308067634679,1.0,0.4,0.6,70,11.787525937935344,299.3725274332195
12,25,0.12493760230238604,0.18797739598740035,0.18465105550838104,0.1810176742382011,0.11419275345909899,0.10490412333265345,0.005546884755209108,0.01107911202055301,1.0,0.4,0.6,74,12.035906880469083,719.1541051397743
12,26,0.12497893928469526,0.18414062701446576,0.1807776873365104,0.1766861528418299,0.12130398265126469,0.10574068463263464,0.005541297952432884,0.011066190729079339,1.0,0.4,0.6,76,11.83741361613059,718.3054315332624
12,27,0.12387641771105161,0.18036267793160662,0.17697453811861452,0.17278687001024637,0.11711111955767145,0.10516276017647178,0.005565058708732273,0.011065177967488531,1.0,0.4,0.6,79,11.560817857957163,719.6551524683781
12,28,0.12403192208132435,0.1781129152977281,0.17500514652403426,0.17254353362155433,0.11897640572221639,0.10582733897067112,0.005563240808703439,0.011035544760947601,1.0,0.4,0.6,81,11.492825541804534,724.740586589218
12,29,0.12236390044551447,0.1746190917092003,0.17149416601069828,0.17023201642050798,0.11650323363101868,0.10550392717351305,0.004940647678156409,0.0098009562766069,1.0,0.4,0.6,83,11.41336496672877,724.3424835578262
12,30,0.12236389919115287,0.1747090976088058,0.1718880389551059,0.17117843842401495,0.11336077864613554,0.10550392717351309,0.004940647678156409,0.0098009562766069,1.0,0.4,0.6,85,11.413364304349448,724.3424286294959
12,31,0.12303631470650554,0.17376165764852283,0.17031948392416726,0.1697387913042111,0.11678621510468651,0.1063856831068444,0.0049238785269356475,0.00992569488038666,1.0,0.4,0.6,87,11.152197630240911,573.3759697986205
12,32,0.11865314382235455,0.16784939991120842,0.16469584963160055,0.16361755874291414,0.11579324894982305,0.10313257344455165,0.004462849785572615,0.008865055449866011,1.0,0.4,0.6,88,11.129632025429068,708.7813444220346
12,33,0.1190780353881557,0.16672558108236368,0.16386057931454412,0.16363647394038883,0.11284446998492928,0.10316588674897076,0.004923041858210327,0.00972820129156575,1.0,0.4,0.6,91,10.925199244638463,743.7496486164522
12,34,0.12230136154734857,0.16904884615236956,0.16587245017493107,0.16635623621918605,0.11712477780427671,0.10727844324087692,0.004314777226714739,0.00890597054727793,1.0,0.4,0.6,92,11.075943841551798,583.6106686185819
12,35,0.11412091750912522,0.15789761374768352,0.15408773841888648,0.15622246522365493,0.10986798628153817,0.0988704438340796,0.0047475746512712046,0.00986353873379105,1.0,0.4,0.6,95,10.447526906217774,858.1241893350444
12,36,0.11811896863244013,0.1576421856164993,0.15530752842978998,0.15821006621355227,0.1155556723566611,0.10278386237398321,0.005438744339038225,0.01097696828171392,1.0,0.4,0.6,99,10.169277564067697,793.6844438081567
12,37,0.11649420165450376,0.1524552459287939,0.14948173481816474,0.15374231572683406,0.1128226473734889,0.10177722790693582,0.004874441499791102,0.01133083478496497,1.0,0.4,0.6,104,10.0447721658703,809.1653553384095
12,38,0.11731261141014702,0.15288468031835228,0.14990761320874743,0.15480757798984174,0.1120723283158739,0.10267712431647509,0.004870704903916222,0.01131230960959825,1.0,0.4,0.6,106,9.972770596477934,816.8996738337611
12,39,0.11357048795656204,0.1467052925706125,0.14340269637476277,0.14828719995627723,0.11603879222177028,0.09996456717513727,0.005030270317414764,0.01017809536200997,1.0,0.4,0.6,107,9.837178271243095,807.1508447026765
12,40,0.10960315739943759,0.13889422017106284,0.13646511278868323,0.1460077932990165,0.10714552437000595,0.0960309774125529,0.0038072600999587256,0.0121230148149234,1.0,0.4,0.6,113,9.27294828646023,765.7522694130863
12,41,0.11480993171159147,0.13936095237376017,0.1368883439994228,0.14626484268120918,0.12680697114719983,0.10193840210643941,0.004547407988705278,0.01179732837045351,1.0,0.4,0.6,114,9.43137755788727,762.1336531854422
12,42,0.11474106246852281,0.13927868699173143,0.13680598558460474,0.14651412639224312,0.1108144734670387,0.10187781956783692,0.004542629295649888,0.01179045202139227,1.0,0.4,0.6,115,9.417829357252396,760.5087308468208
12,43,0.11609006045749026,0.1397880916891187,0.13761063934393009,0.1459215224362731,0.11331493408427182,0.10244209101402195,0.005037735270287491,0.01302636964859874,1.0,0.4,0.6,118,9.507197685823742,768.022959445038
12,44,0.1106806049882541,0.13164632111969332,0.13247351486940706,0.14984334217310402,0.10799174213770145,0.09948764842639071,0.004055698089670555,0.01058617126297696,1.0,0.4,0.6,141,8.767168258804192,759.021361497792
12,45,0.10917496704118991,0.1257797585871577,0.1259613080535881,0.1429252605439481,0.11362836777646358,0.09867262864687948,0.004113156172833473,0.01052156089552087,1.0,0.4,0.6,143,8.811377270870116,758.5235068698748
12,46,0.11133126113875753,0.12780358693267946,0.12798393333214347,0.14529461479504815,0.10925165491315768,0.10088730882407534,0.004080363170932608,0.01048140798284941,1.0,0.4,0.6,144,8.767119761111463,762.4159106145179
12,47,0.11121665504437704,0.12764894343790817,0.12873785535809032,0.15053883731586448,0.10891578524573883,0.10082195592128902,0.004079515986044411,0.01048228598827898,1.0,0.4,0.6,150,8.758658919541737,761.3536101815158
12,48,0.1106052638586171,0.12645487782659534,0.1275384802419999,0.15003443317359225,0.11017140724899549,0.10102445190332583,0.0037033528484445516,0.00953111847873986,1.0,0.4,0.6,151,8.675621397549227,763.162761605932
12,49,0.11124002259163629,0.1254736379122309,0.12714845363252006,0.15518324278612103,0.10947634890731021,0.10123999787866889,0.003879966767698265,0.01058549302200845,1.0,0.4,0.6,169,8.829100263080559,758.6946158514833
12,50,0.11114692489411834,0.12515724402042716,0.12652706062966174,0.15566215407107087,0.10929331098643946,0.1010472543396002,0.003966150041885463,0.01072906034735966,1.0,0.4,0.6,171,8.73500913483735,758.7533647515792
12,51,0.11092537784011182,0.12492338779994305,0.12659609045780332,0.15640054416769475,0.10897932541273204,0.10088037990559466,0.004034293405461803,0.01061931268215398,1.0,0.4,0.6,174,8.841173889913035,758.3109226939422
12,52,0.11143006869071903,0.12544175001355365,0.12741748536238245,0.1583152492114035,0.10963710093687903,0.10133747030084914,0.003967673166451566,0.01076306248652045,1.0,0.4,0.6,175,8.794110682881543,752.8677630850276
12,53,0.11040819372172785,0.12395507175374515,0.12622962110681182,0.15784745202653305,0.10937267945939753,0.10108955918753096,0.003599963828815492,0.00986342581710683,1.0,0.4,0.6,177,8.747652464133063,759.0663603656691
12,54,0.1103042748242604,0.12153808434261024,0.12379165897682808,0.15526904068976133,0.11255696727666425,0.10135136725408697,0.0035974220860834558,0.00985636848795081,1.0,0.4,0.6,179,8.702266532965547,757.7816473422212
12,55,0.10985210734290125,0.1207136907425174,0.1235697640979936,0.157101625599201,0.10856720936652817,0.1009996114562582,0.0035953014015579483,0.00983284674659146,1.0,0.4,0.6,187,8.701825536757074,757.3289299403749
13,0,0.9344640512010458,0.8865030879758447,0.8856122485958754,0.8816296736518676,0.0,0.0,0.0,0.0,1.0,0.4,0.6,1,237.26197763590508,1348.4670617473562
13,1,0.986160487563584,0.9716090732559289,0.9706169219125816,0.9671510622067315,0.11675878511255887,0.09791817050707705,8.382638192859766e-05,0.00010663011095751,1.0,0.4,0.6,3,226.76430128041693,1371.2902907022026
13,2,0.9614724110620821,1.0042825309531918,1.003095017935856,0.9988807973118276,0.22704123141770774,0.1536140419295709,0.0010774119230756644,0.00255771467798437,1.0,0.4,0.6,4,205.620396255518,1122.8382657203229
13,3,1.2766763866500916,1.5866625623753245,1.5833155452683871,1.5708525849720782,1.8067144008705078,0.2831380232273469,0.32488420412981894,1.0,1.0,0.4,0.6,5,72.23787107470261,225.20814014378303
13,4,0.7267338631312645,1.0298292278247767,1.0256618945630651,1.0111653325568113,0.7128334052128722,0.16069015094202477,0.15175066034136525,0.5656440453385371,1.0,0.4,0.6,7,56.69840836017495,242.0062217725157
13,5,0.7157682956013282,0.9575477964958895,0.9525443046154701,0.9335527358201037,0.841436164270113,0.2260689461322769,0.16460889664992115,0.5695369427986863,1.0,0.4,0.6,9,29.544000596080995,100.09155923429304
13,6,0.5534416421011645,0.7623692685512357,0.7569391974643654,0.7368557393176016,0.5711171302083702,0.22097184277491788,0.10980205745371675,0.3798634578344749,1.0,0.4,0.6,11,24.29606030458104,87.30201014424145
13,7,0.4665570416682699,0.6419506995589839,0.6361310806337273,0.614897186665122,0.49332979030732305,0.21809004899029003,0.08238975185425616,0.28496211310261976,1.0,0.4,0.6,13,20.80172523259755,87.78315265025995
13,8,0.4672642989299953,0.619778516641853,0.6140087022397758,0.5920885244565992,0.48086186289864385,0.2154991170247793,0.08752919165925284,0.3026935760585676,1.0,0.4,0.6,15,16.77803426039951,41.10120821931526
13,9,0.4468509626861083,0.5726600239065964,0.5663125538368259,0.5438744688671588,0.5176262233171594,0.21654847562485524,0.08216431489730791,0.2843070237816292,1.0,0.4,0.6,16,15.76093123239472,68.54852876210582
13,10,0.39172140713936476,0.49199775368913756,0.48569830899219624,0.46211924784556013,0.46473131694134506,0.2092689456148523,0.06570594717518817,0.22712942346504658,1.0,0.4,0.6,17,13.376630361288898,41.754858951296434
13,11,0.3512913658749101,0.42836712410085714,0.4218422580580318,0.3980150270236418,0.37822369062241756,0.20683106036227733,0.05258180159922593,0.1817547773067476,1.0,0.4,0.6,19,11.980132184349216,38.934207579069934
13,12,0.35191905659152983,0.4289277189154871,0.4224021874755524,0.3989575193486132,0.33781274836920633,0.20750836306738404,0.052562907542288324,0.1817112970023865,1.0,0.4,0.6,20,11.965032200206254,38.69720310398263
13,13,0.3494087897587931,0.4117824848541193,0.40511754138462797,0.3812341830198449,0.3893727043633094,0.20626389450878543,0.05337107296929981,0.18428075338326813,1.0,0.4,0.6,21,11.422941477135469,43.43762904899381
13,14,0.3472047158544961,0.40763117932317294,0.40125079731366553,0.37820514945025674,0.3398565660681948,0.2043736718622055,0.05342431085050091,0.18440326806001583,1.0,0.4,0.6,23,11.407060925371985,44.41177080495332
13,15,0.32605288437702923,0.38165455680431676,0.37492572668956275,0.3518509545265457,0.3326084886157933,0.20622471889351549,0.04448823760584799,0.15360937113180675,1.0,0.4,0.6,24,10.962647018225775,46.21002408969216
13,16,0.3237024562798846,0.37803185219548974,0.3715940193732681,0.34832915214176763,0.3187694589412581,0.20912650090530263,0.0424572557333176,0.14665447071427834,1.0,0.4,0.6,25,10.57999290836164,37.937493202678354
13,17,0.3060626492807644,0.355442716488237,0.3489585302912693,0.32619092533155847,0.305936143808882,0.20742824720803205,0.03639672839091882,0.12572547568123685,1.0,0.4,0.6,27,10.38555266086275,34.929511971031395
13,18,0.31333160363271556,0.36122957829113667,0.35473153651035916,0.33312819715552044,0.3066691660972234,0.21199389671150826,0.037597131734043276,0.12990172019888735,1.0,0.4,0.6,30,10.098811387827578,43.47752049355304
13,19,0.2939002846424339,0.3400875307163312,0.33387642022321956,0.3119860492377197,0.2920544429383353,0.20711816009163214,0.03185533057752127,0.11003765283081526,1.0,0.4,0.6,31,10.077887793437927,37.52996293223001
13,20,0.2998710483112535,0.3452307672682352,0.33870904341637553,0.3179960783909984,0.294516588384024,0.21062366787822978,0.03290101123365547,0.11368004914524413,1.0,0.4,0.6,32,10.010172401370935,40.91961721747442
13,21,1.6198224004203912,1.6610263868861912,1.6544659692804267,1.6361891472348806,1.6147558253958034,1.0,0.03179369550172978,1.0,1.0,0.4,0.6,39,9.58960513719556,28.57854687479868
13,22,1.6201148200592574,1.660675655176278,1.6544122138916268,1.6360589243313317,1.6155693816695216,1.0,0.03285058672628304,1.0,1.0,0.4,0.6,40,9.633314442342437,34.96363583205812
13,23,1.6193150636554101,1.657799886336663,1.651517183512611,1.6333059493542121,1.6197872335531378,1.0,0.03179369550172978,1.0,1.0,0.4,0.6,41,9.434985976833202,28.749412048923265
13,24,1.6215265585712495,1.6587030936947191,1.6521053451143777,1.6345793134936053,1.6172202240701279,1.0,0.0378708118830594,1.0,1.0,0.4,0.6,43,9.805728701910269,32.8241692558809
13,25,1.6196220131289585,1.6555476472659216,1.6489383508720628,1.6321528609293408,1.6155924097011662,1.0,0.03366878999485625,1.0,1.0,0.4,0.6,45,9.536864297316647,32.381248167824495
13,26,1.6188476093268855,1.6502331324659045,1.6432789989739338,1.626770584886359,1.628564191128263,1.0,0.03369353174115,1.0,1.0,0.4,0.6,46,9.265439642129111,29.45565760407457
13,27,1.6188279164778674,1.6501751530447462,1.643523597848092,1.627696007489889,1.6136249142022887,1.0,0.03370020445468047,1.0,1.0,0.4,0.6,49,9.25966787305297,29.47531027772605
13,28,1.6183640748101946,1.6481093723351496,1.6417459540080337,1.626803503907058,1.6190483282260404,1.0,0.033275785054686,1.0,1.0,0.4,0.6,50,9.120557041915609,29.038990595788235
13,29,1.6175334156752252,1.643097551121147,1.636998754034305,1.6234516594001822,1.6204057318799516,1.0,0.033019643925350554,1.0,1.0,0.4,0.6,52,8.889939277285483,27.89841760992141
13,30,1.6178151974924195,1.6427740167229685,1.6360637196436563,1.6230898995125385,1.6138476303200795,1.0,0.03390325284875448,1.0,1.0,0.4,0.6,57,9.158648170003833,30.15975163454302
13,31,1.617573335150988,1.6417504419756712,1.6362448202926574,1.6251208726252013,1.614472498022296,1.0,0.03377816691808449,1.0,1.0,0.4,0.6,61,9.15085745340115,30.87457629452206
13,32,1.6175023458657503,1.6413445364635835,1.636138868289187,1.6251813001912407,1.614225151849019,1.0,0.033778166918084475,1.0,1.0,0.4,0.6,63,9.12002399891968,30.756304712765427
13,33,0.3021330804932316,0.3260119575532886,0.32171542586532453,0.317483599695046,0.29821237681805574,0.227170759229064,0.027967768683812278,0.09970517743399128,1.0,0.4,0.6,88,8.975317165000424,44.31307384230586
13,34,0.3044825323670361,0.328390735885422,0.32500333967418094,0.32172509160320895,0.3013798811056897,0.22963573141360394,0.027881752798977505,0.09963688369573523,1.0,0.4,0.6,89,9.016429127511778,46.19922912506704
13,35,0.3105314800617024,0.3340748826434965,0.3303812416074232,0.333009511286971,0.30671146212758954,0.2282812630588992,0.030922118396046572,0.11002527185326043,1.0,0.4,0.6,109,9.114485917542394,39.69575534287461
13,36,0.3102949768179827,0.3331622817630487,0.3294624312863592,0.331746299132904,0.30881343921520504,0.2282964600276156,0.030863823388376,0.1098318564187855,1.0,0.4,0.6,110,9.201181565887376,39.41764028093408
13,37,0.30846963777940584,0.33097908981931057,0.3272759892907186,0.33086255178898877,0.3059775059942627,0.2265077574777922,0.030874478621674393,0.10986253102262626,1.0,0.4,0.6,111,9.228386124967956,40.4662648411484
13,38,0.3093874558325225,0.3310535586653307,0.3273427424980284,0.3302261627753143,0.3086646559364773,0.22758471205210604,0.030867119979735038,0.1098344299021096,1.0,0.4,0.6,112,9.168560899720005,39.66776536157087
13,39,0.30605097381918067,0.3268698961254547,0.32315128577400987,0.3282975402955297,0.30334601725932997,0.22436630413572792,0.030873904334633526,0.10986539769335839,1.0,0.4,0.6,116,9.129484058837097,39.423793371964464
13,40,0.3056864174476773,0.3263317527791093,0.32261156703509286,0.3270042138114634,0.3028814849722623,0.22402506175141146,0.030877393742903842,0.10987169280476435,1.0,0.4,0.6,117,9.087695729797192,39.19972862147027
13,41,0.30362938974999704,0.32370334581210236,0.3199779588799819,0.3249860523285802,0.30097433616823277,0.2220434767906883,0.03090992695318751,0.10988019425845655,1.0,0.4,0.6,120,9.088500051895114,39.87109373169134
13,42,0.3076171505417719,0.3277175794186399,0.325204296683994,0.3383339567298494,0.30442460591084247,0.23167526473221742,0.02892982649736453,0.1018845487433971,1.0,0.4,0.6,144,8.882054697144143,38.900881155484825
13,43,0.30737530957942155,0.3268784203100553,0.3246625848868082,0.33811547535635966,0.3065501898274346,0.23162069303228963,0.028840250069697846,0.10181868058295451,1.0,0.4,0.6,145,8.88859335365433,38.92463335530477
13,44,0.30796214139188516,0.3272912637212211,0.3250738926296771,0.33992480154318805,0.3051543802396147,0.23221892255558205,0.028867424836614624,0.10182866985972094,1.0,0.4,0.6,147,8.899042884728122,38.54988056268646
14,0,0.9043512879007126,0.8781205854039964,0.8771639823602614,0.8729299755120405,0.0,0.0,0.0,0.0,1.0,0.4,0.6,1,266.0299991795642,1351.245347321788
14,1,0.9327611971460137,0.9541290724193018,0.9530173542139003,0.9484982147870034,0.12427436232312307,0.09567956124888688,8.253067240509627e-05,0.00011338301732157,1.0,0.4,0.6,3,247.1497971789456,1280.5909223653562
14,2,0.8753453732321499,0.93464020559643,0.9333916359835052,0.9289440979640926,0.14393981312964196,0.09102505745625791,0.0012955361607927777,0.0036229123043806702,1.0,0.4,0.6,4,233.4330195440492,1696.3129331458526
14,3,1.240129857335619,1.5497419315715186,1.546425690822682,1.5340805447979098,1.7325293525760448,0.24818527335957694,0.3101904236294503,1.0,1.0,0.4,0.6,5,72.12058849868751,221.43314226191328
14,4,1.2342959261172974,1.5443500156482797,1.5409914325214038,1.528483256921655,0.9871883845508163,0.24818527335957694,0.3101904236294503,1.0,1.0,0.4,0.6,6,70.70415491260721,228.53805133315896
14,5,0.7481178239615556,1.0543586316209579,1.050287314489943,1.0361583054466712,0.8392409411329125,0.1336798875719569,0.14593636667677373,0.6350473549556008,1.0,0.4,0.6,7,52.9196443826323,240.07270558822387
14,6,0.7465129685284357,1.052084927899284,1.0479956942094053,1.0336162793434722,0.5789780305551891,0.1336798875719569,0.14593636667677373,0.6350473549556008,1.0,0.4,0.6,8,52.528180868752926,240.7987588499232
14,7,0.5673667812273029,0.8608887366007185,0.8564519889885134,0.8416473306977594,0.5553349971414687,0.13309709998548364,0.09735135001986112,0.42355056065826824,1.0,0.4,0.6,9,45.13941683627107,220.40618904730863
14,8,1.7348340926892827,1.9889228387389135,1.9837931090628342,1.9658744875391152,1.892576263205863,1.0,0.10623895183371583,1.0,1.0,0.4,0.6,10,31.21353001013708,81.86921227274811
14,9,1.6993036500914838,1.912477890821533,1.9071007526617638,1.8874321774509024,1.736733801772571,1.0,0.09044031940164335,1.0,1.0,0.4,0.6,12,23.24781042623884,69.22341359344078
14,10,0.5416574609489488,0.7221161266885356,0.716654029557791,0.6959073380510441,0.5675436741465314,0.20066277733191665,0.1043377295681607,0.42143328284795045,1.0,0.4,0.6,14,20.08034907369664,71.74212460743676
14,11,1.648762887489109,1.8278768492113975,1.8220988875554531,1.80206636832059,1.6052890183114399,1.0,0.06868193497519261,0.9586139244874191,1.0,0.4,0.6,15,19.61006062059864,52.415684582448506
14,12,0.49675000307643863,0.6349880759497779,0.6293751966418081,0.6073278759813587,0.628528530972891,0.20331887860523387,0.09169391185385538,0.3766208450875115,1.0,0.4,0.6,16,15.992996992188717,47.58760846967368
14,13,0.41054106968873516,0.5094719175318969,0.5034622827520363,0.48076703952301947,0.46379419895629753,0.1899550492781356,0.07038174729859281,0.2881367299441577,1.0,0.4,0.6,18,13.722755935416654,52.90206492069535
14,14,0.36585092424962184,0.46081234695625756,0.45476373038080076,0.4323255058748384,0.3544419956617521,0.18643793449385704,0.05632502058388456,0.23053945380665836,1.0,0.4,0.6,20,13.177837118030416,58.19330333245588
14,15,0.40661507200212327,0.4997952524634538,0.49372907243860825,0.47153832184085936,0.39187929282147543,0.1902524644636487,0.06936336940738372,0.2841969233998152,1.0,0.4,0.6,22,12.872309915064212,46.14634544948811
14,16,0.4059373961301639,0.4919927936489531,0.48585728712531795,0.46382825675901584,0.4150754343031323,0.1946469204641137,0.0680141850818943,0.27949303037904294,1.0,0.4,0.6,23,12.492722693985309,34.092979147946345
14,17,0.3634839213086759,0.42918146858433925,0.4228509282592733,0.39988878324395366,0.42294103953547396,0.1957381768473721,0.054348751432470345,0.22350949506483864,1.0,0.4,0.6,24,11.547983795157622,35.19556100986892
14,18,0.33726969105734217,0.3970644829942051,0.39067797140026206,0.36906245679940947,0.33350378632879385,0.19548776612459068,0.04577513951687295,0.18799713719204506,1.0,0.4,0.6,27,11.135570230466527,37.524702181872925
14,19,0.3184177352460081,0.3709474468967122,0.3644927542412894,0.3436507778116766,0.31412842618465864,0.1934691085599236,0.04052640195792839,0.16581589788332396,1.0,0.4,0.6,32,10.496541530634326,41.06708400688989
14,20,0.3016627762939959,0.34857777883654,0.34207057878154457,0.32175553224561876,0.3031353212242336,0.1922426503426124,0.03546398224564781,0.14510504076063943,1.0,0.4,0.6,34,10.25212727382436,37.84355705985229
14,21,0.301590435929962,0.34821177828384753,0.3420047216287027,0.3222896870472032,0.29414782916772675,0.1922426503426124,0.03546398224564781,0.14510504076063943,1.0,0.4,0.6,36,10.226267317790937,37.96834657064813
14,22,0.9185673988484591,0.9619215672193997,0.9550781967354895,0.9357716449759346,0.9217092611627002,0.29888753708403476,0.030408233434478293,1.0,1.0,0.4,0.6,37,9.929082396799304,29.65672961342746
14,23,0.3178405349189173,0.35912509910313,0.35256543711131905,0.3333278579315985,0.3180033890907415,0.1971710372870032,0.03977191912374181,0.16272960955944163,1.0,0.4,0.6,38,9.838299633092802,35.494119392661496
14,24,0.3032660180164024,0.34364069327595825,0.33676968705287597,0.31794270697011506,0.29910988624676754,0.19344733146154286,0.03609966816449652,0.14734493899513781,1.0,0.4,0.6,39,9.72315249241364,39.99626213438205
14,25,0.3020247451378917,0.3393563943977644,0.33276010625172103,0.3141393837602625,0.30625478518104154,0.1962575864075773,0.0348016163176523,0.14240080023611804,1.0,0.4,0.6,40,9.7113702294709,35.538897378389045
14,26,0.31831267997370327,0.3552969018463443,0.34869737622292846,0.3301171127026012,0.31314829891529966,0.19850798505403863,0.039735070772948126,0.16261148703061884,1.0,0.4,0.6,41,9.708696911831872,36.79005118972823
14,27,0.2982597388772732,0.3329748488298426,0.32635434848757783,0.3081911567092861,0.3000264067109624,0.1929849118227544,0.034779583350923425,0.1423727529751135,1.0,0.4,0.6,42,9.640198709148654,35.78374650877803
14,28,0.9169976858057325,0.947199589928107,0.9405374483090847,0.9229203169995746,0.9194915573725193,0.3009799172080145,0.02717178249257373,1.0,1.0,0.4,0.6,44,9.369486867614803,29.397142343530653
14,29,0.9132436637649676,0.9429698295592747,0.9363033284562514,0.9189538261170394,0.909784920179629,0.29731541470869016,0.02715355346991528,1.0,1.0,0.4,0.6,45,9.355251015483894,30.033472326565487
14,30,0.2998124519752196,0.3295945895206195,0.323231538790336,0.30695191355342694,0.29478989828590463,0.1931484836132261,0.03548250515467767,0.14568334907115651,1.0,0.4,0.6,48,9.331262266796475,38.408068149653815
14,31,0.29952878235444236,0.32902442027613465,0.32265872575620463,0.30636905026802036,0.2954859086204659,0.19286351843306693,0.03548606688076753,0.14576553446083118,1.0,0.4,0.6,49,9.310113173012407,38.24872570402109
14,32,0.3189529645947654,0.3482268703722411,0.3418591536088048,0.32584149802123596,0.31435400284061193,0.216989834810475,0.03418680212491938,0.13885844985320728,1.0,0.4,0.6,51,9.248516172227207,27.82428494848637
14,33,0.2996663988092588,0.32874968776707875,0.3226832381097668,0.30710137919524993,0.2956897670930926,0.19322792758181878,0.035468314026925636,0.14554348692111665,1.0,0.4,0.6,52,9.287322663826934,37.337541106062986
14,34,0.30495667428602724,0.3338565255919451,0.3274853677878068,0.31337923877240326,0.3002085069477485,0.2139458009877337,0.03029623264647423,0.12330612934989664,1.0,0.4,0.6,54,9.27004041750899,27.718414765206603
14,35,0.30974128953113067,0.3366218921799873,0.3302321454772362,0.3166323696448474,0.311985780916498,0.21888541388801505,0.030469773598398253,0.1235067935395893,1.0,0.4,0.6,55,9.19066101105626,27.3310603479918
14,36,0.31847001535754843,0.34543092995158736,0.33934495917367624,0.32621718801016464,0.3139186591610755,0.21688954475958666,0.03416900829475727,0.13891770313245,1.0,0.4,0.6,58,9.207296170494308,27.52013191871372
14,37,0.33002837028623533,0.3551189433925982,0.34871280623514345,0.33590630981692926,0.3317670473411449,0.228746599374026,0.03473706383108698,0.13854335751441688,1.0,0.4,0.6,59,9.000996575880059,29.525623402970407
14,38,0.2992870133847189,0.32171712761301957,0.3158925579013129,0.303353616589762,0.3050574891994703,0.21046020319027753,0.03059853565785256,0.12133588995297809,1.0,0.4,0.6,60,8.932931393350895,29.48305456240812
14,39,0.31233260860215056,0.3331800684954868,0.3273410394526207,0.31533260653898254,0.311466989455664,0.22741009873612344,0.029727563070763602,0.11584564352344137,1.0,0.4,0.6,62,8.817187056105823,23.58713554767629
14,40,0.31385678379407933,0.3345428791762053,0.3290052795733212,0.31543910905054284,0.311216851045532,0.21529600275384012,0.03432369082627411,0.1355808845695789,1.0,0.4,0.6,63,8.800450128776363,24.9684985400084
14,41,0.31750107893031454,0.3377687881835745,0.332227375214383,0.3195152139679038,0.314788942530892,0.21983515330604364,0.034187756716011576,0.1342946410234633,1.0,0.4,0.6,65,8.775413843974256,24.045703290768937
14,42,0.31847339509624656,0.3386603215019154,0.33342121366260247,0.32088669356808763,0.31566077958584454,0.22122139118053288,0.03412401022275835,0.13369399063585302,1.0,0.4,0.6,66,8.763589750941783,23.85923508889557
14,43,0.31846795656610355,0.33871165299119627,0.33377598959169297,0.321727143928166,0.31512446088407375,0.22122139118041897,0.034124010222731635,0.1336939906354975,1.0,0.4,0.6,69,8.762934628914856,23.867130989612264
14,44,0.30524468031724816,0.3236360442219918,0.3183805478408025,0.31324623765877563,0.30254570080472565,0.21670724163820682,0.030681101595377878,0.12195351987218032,1.0,0.4,0.6,84,8.834906128666686,24.938518513743432
14,45,0.28451088046623785,0.30275147076322373,0.297797534365214,0.3000936326896211,0.281497926810522,0.20305300424193784,0.026734550888472264,0.1128508600453509,1.0,0.4,0.6,104,8.958813851356986,34.44202956202629
14,46,1.6111940314329574,1.6277239782295276,1.624572239541115,1.6284513425804437,1.6103854955834573,1.0,0.021258529352083867,1.0,1.0,0.4,0.6,108,8.97460796957735,25.93602006762164
14,47,0.28658466218379886,0.3031166798838873,0.30026789744828725,0.3040739224381663,0.2842024589316628,0.21519708618748265,0.02488923528724589,0.09792562482956649,1.0,0.4,0.6,109,8.959881347935296,25.90175357204759
14,48,0.28662163164805954,0.3031271370364028,0.30027814007473086,0.3044069523857905,0.28403809137605945,0.21525203707280852,0.024880678155832014,0.09790844625451972,1.0,0.4,0.6,110,8.97060706733495,25.87829418694972
14,49,0.28634459390818395,0.30271901882170343,0.29956585318929846,0.30403707904171257,0.2838156239680875,0.21465619887408877,0.02509291625080469,0.0983092303995688,1.0,0.4,0.6,111,8.980217929175646,26.106955034164773
14,50,0.2865197538852331,0.3015277213896493,0.2980590911150255,0.30357720446488107,0.2883253403466958,0.2136235531162523,0.02505591479766407,0.10068688646899929,1.0,0.4,0.6,112,8.799860835951758,28.90362490427667
14,51,0.2894850427830269,0.30456695422139407,0.30170502132336885,0.3078097840902397,0.2871111492959993,0.2168309982931273,0.025026293836841518,0.10033120527644664,1.0,0.4,0.6,117,8.793287536027186,28.81604473033173
14,52,0.2884106101564786,0.30239051559319746,0.3004274445326487,0.311682618604304,0.28673830806186124,0.2156928370231433,0.02550461609627159,0.10048132208048954,1.0,0.4,0.6,125,8.823239980710996,28.83831689834913
14,53,0.2920853812498444,0.30446969782397143,0.30218910920333764,0.31445533244617974,0.29112927914646153,0.21956288427264664,0.025463167650224675,0.10057872526570306,1.0,0.4,0.6,130,8.763745711576458,28.685057389756487
14,54,0.28965335607141895,0.30202611886453357,0.30095734287506737,0.3208777756386221,0.2878035925480139,0.21697363457801905,0.025538507649205004,0.1008875993762803,1.0,0.4,0.6,145,8.76944092159502,28.74698611367296
14,55,0.28670584990181075,0.2986082165976779,0.2960203031903162,0.3128175226675233,0.28488827398770594,0.2152892833317646,0.025656698764439708,0.09870886314772952,1.0,0.4,0.6,147,8.902620734908535,28.650915843327475
14,56,0.2920409720211255,0.3043551529210649,0.30328588401582873,0.32176137286878975,0.29017087550036746,0.21955703365539825,0.025517985663515225,0.10059028585509885,1.0,0.4,0.6,150,8.762539974176018,28.705286438239902
14,57,0.2896120409991669,0.3017599369850615,0.30099206996243216,0.3225465708452121,0.28837308983737103,0.2172091058261157,0.025529863668820645,0.10051418819887876,1.0,0.4,0.6,151,8.744804140012524,28.65493074532176
14,58,0.28884180652282127,0.30041006052384234,0.2981220484328839,0.3169448222867391,0.2875531111360395,0.21690050143440773,0.02578557025832163,0.09960808508456905,1.0,0.4,0.6,152,8.899038505234309,28.862495639747834
15,0,0.9313263095760255,0.8856420549753222,0.884744494430467,0.8807360710386398,0.0,0.0,0.0,0.0,1.0,0.4,0.6,1,240.477374853456,1356.504837733076
15,1,0.9682099062905789,0.972564077443809,0.9715096442113826,0.9672097708411826,0.13570513589263505,0.10680202889779826,8.317712968985863e-05,0.00011807519264210001,1.0,0.4,0.6,3,222.8901041088253,1268.818332168701
15,2,0.9638864131344329,1.0080914354459134,1.0068988502784741,1.002665302621287,0.21076173637824386,0.15771736635128147,0.0010673461601785224,0.0031492840857009997,1.0,0.4,0.6,4,207.9221786884337,1138.9389458104756
15,3,1.286140956571681,1.596434635001731,1.5930522323179361,1.5804520640029955,1.8316534085699767,0.2984663096996361,0.32229187101441464,1.0,1.0,0.4,0.6,5,69.45914014163984,234.5411107678852
15,4,0.8224144506333678,1.1291957609511094,1.1251608852194972,1.1111700005763854,0.7646589736316496,0.15101818452343282,0.15273925050632867,0.7186006936949105,1.0,0.4,0.6,7,45.33756724138282,241.4961185963626
15,5,0.8486329919675579,1.1046280892738696,1.099832603437485,1.0815123128672137,0.9479810825399266,0.24740398817844333,0.16232369324380855,0.7364693604296652,1.0,0.4,0.6,9,29.30442353864836,116.60851599061982
15,6,0.5869124825156071,0.7317912997038531,0.7256419423168252,0.7026801350057945,0.8024679200925044,0.21485604393209426,0.10895227084215958,0.4923957844931085,1.0,0.4,0.6,11,13.69687579500276,63.91168406005245
15,7,0.5482781255743592,0.6838014026220927,0.6778574414354955,0.6548990855325078,0.5364224631248333,0.2143699910407181,0.09720080806083073,0.44181052812849864,1.0,0.4,0.6,13,13.55445368567934,44.79051487927503
15,8,0.4655385168947984,0.5867826917489957,0.5806926904007456,0.5581451082033213,0.46675786203221237,0.2118951166935364,0.07293701022217154,0.33143182072084254,1.0,0.4,0.6,15,12.339823818735894,44.597648483907015
15,9,0.46559612080103135,0.5672462491948009,0.5609605022821358,0.5375102343908869,0.4812493308499414,0.21756746574703198,0.07275299798378428,0.3311029675905161,1.0,0.4,0.6,17,11.237554880202596,44.38645118519951
15,10,0.43639398005871055,0.5302231308125016,0.5235577021183001,0.501525654478319,0.4273538826376847,0.23289924151062347,0.05855630908125226,0.2695787445653966,1.0,0.4,0.6,20,11.099780725740963,45.47230849551093
15,11,0.4227392637673797,0.5032730441043255,0.4967813334037887,0.47409250220828214,0.455611410898225,0.22672294356985315,0.057038149587804884,0.2634329999469417,1.0,0.4,0.6,21,10.328775501625644,34.54496765418994
15,12,0.42488956476039863,0.4966061343518877,0.4897271117191755,0.46734323393953814,0.442082671463326,0.22637811979787242,0.05863537509291515,0.2697200455226897,1.0,0.4,0.6,22,9.79813472628077,39.40180812754218
15,13,0.3951819206112702,0.4616300458349747,0.4547008812026385,0.4327990262400627,0.3922959581555826,0.22864097599327865,0.048876461873444244,0.22481573327250146,1.0,0.4,0.6,24,9.500488276815744,39.93181096303317
15,14,0.3911423534394023,0.4573849636375428,0.45075674055923076,0.42983650203658613,0.37961768566169074,0.224676652300224,0.048869422820588766,0.22479827630646412,1.0,0.4,0.6,26,9.544077316220417,35.73642092759484
15,15,0.3756212856270041,0.44165872083356267,0.43502852972337686,0.4145528125057827,0.3638643593467188,0.22946701269961284,0.04251685033927614,0.19525283144071104,1.0,0.4,0.6,29,9.660984000097043,50.72209510532362
15,16,0.35795402786791586,0.4216345524764835,0.4149820263830276,0.39566627588253517,0.3546535667572809,0.22905008166213844,0.03720604247193258,0.1708607530269839,1.0,0.4,0.6,30,9.41680070632573,44.44142754695738
15,17,0.35615725575064977,0.4169159796282506,0.40993291917246694,0.39069892529194244,0.35507023883480465,0.22784299036070305,0.037203458513795355,0.17084881687123327,1.0,0.4,0.6,31,9.245028407352835,39.17223808175748
15,18,0.3536506730692417,0.4117841796057477,0.4047763329776348,0.3857066514057619,0.35235493901987935,0.22587621327324311,0.03720019047173956,0.17083655606292242,1.0,0.4,0.6,32,9.285749306235754,38.70050194442962
15,19,0.3535308015651496,0.4116623847723106,0.40495745366302577,0.3862351786596648,0.34331600159840064,0.225774845432265,0.037200408296040176,0.17083635246200585,1.0,0.4,0.6,34,9.279285857827754,38.63241310612149
15,20,0.3497455512899701,0.40789761891614773,0.4014957677668246,0.3836182708058232,0.3394278022011121,0.22648715030018493,0.03610292671065763,0.16409626072167177,1.0,0.4,0.6,40,8.909515134918085,49.67656737391535
15,21,0.3493848918033671,0.40641392838171936,0.400304429157459,0.3827549844425616,0.3413610496454536,0.22636759694451639,0.03610384193051468,0.1640974330647192,1.0,0.4,0.6,42,8.859639748325922,49.58111782933551
15,22,0.3387011673987826,0.39391138871617526,0.3877847635425062,0.3723029937876901,0.3305151099057927,0.22748449718812463,0.03254486922905556,0.14740377266426613,1.0,0.4,0.6,46,8.773490441022386,51.64463971606492
15,23,0.3392101842048929,0.3942322117038699,0.3881038091860871,0.37319279030515295,0.33014097549407395,0.2280347992320561,0.03253897059392715,0.14740085055155522,1.0,0.4,0.6,47,8.783492699428434,51.7760564871545
15,24,0.33847597619607184,0.39324408627326857,0.38741629391233706,0.3720262751232666,0.33001113446756947,0.22736296242304213,0.032545978593001616,0.14740519880616082,1.0,0.4,0.6,48,8.757831396248239,51.7073510054738
15,25,0.33880267543173503,0.39323223001104557,0.3874013012457369,0.3728776983755817,0.33038483416303494,0.227759294191418,0.03254171599029646,0.14740291789798424,1.0,0.4,0.6,49,8.753485091299575,51.73106586349115
15,26,0.33841280545171903,0.38380924545265577,0.37728787511790196,0.3619148606607652,0.3609406051809583,0.22891509469458823,0.03249999401763676,0.14768648522332445,1.0,0.4,0.6,50,8.503507738268482,48.250246312512566
15,27,0.3887279467239235,0.4340773852550609,0.4278584047417295,0.4134687013095527,0.38118362447393833,0.2684734566382278,0.03648311073706353,0.16301518531273945,1.0,0.4,0.6,52,9.206769409675692,47.97077204701927
15,28,0.38784868570775644,0.42706555450614603,0.4210926851809471,0.4074328446278844,0.39168103733037896,0.26939738743198377,0.03614976332409951,0.16212942246738976,1.0,0.4,0.6,54,9.005631821117438,47.865252353622175
15,29,0.373841651331252,0.40778567766912666,0.4014609696905478,0.3883632837534218,0.37392698942321556,0.26688229568985306,0.032844094919399616,0.14672499208973544,1.0,0.4,0.6,57,8.785640228827456,42.25780370622251
15,30,0.22449915570920942,0.25894717256311517,0.254444865105436,0.2560647681354677,0.2187212733072239,0.1860484396775628,0.01254660604137767,0.04608553464393924,1.0,0.4,0.6,97,8.58311612814803,70.57134417356288
15,31,0.24210988143763673,0.2735957308734898,0.26815725876321067,0.2696975590159873,0.2413594374613223,0.20024689674998167,0.014299786520507058,0.051389557113995586,1.0,0.4,0.6,99,8.57273937007355,72.45086236426664
15,32,0.23464029465306233,0.26116896737115086,0.2553819372271634,0.257449509756315,0.24660631203742936,0.1972639711109628,0.012872149279771043,0.046256710553060895,1.0,0.4,0.6,100,8.379984510461682,72.34022068498705
15,33,0.23455646216276405,0.26067929660288724,0.2551914866866789,0.257858328662684,0.23100114808399058,0.1972639711109628,0.01287214927977103,0.04625671055306091,1.0,0.4,0.6,102,8.361873064949897,72.33828607829878
15,34,0.23413378716080657,0.25994751313988473,0.2547599169155711,0.25802869986222654,0.23048400602176608,0.1969087824025037,0.012872912765819146,0.04625612383654405,1.0,0.4,0.6,104,8.318183299454988,72.38640139344885
15,35,0.23413814109273592,0.2595804984890194,0.2531775531517316,0.2459313690726849,0.22985629768921373,0.19691505921791538,0.012872900861824433,0.04625613925000902,1.0,0.4,0.6,105,8.318631536373678,72.38450914469514
15,36,0.2341216307090951,0.25995331430138274,0.25506879240513997,0.2598942525846188,0.23001583973215098,0.1969087824025037,0.012872912765819146,0.04625612383654405,1.0,0.4,0.6,106,8.316064316803761,72.40135941355973
15,37,0.23194226395279363,0.25662217857808906,0.25203006432373826,0.2564836880220879,0.2299317837750536,0.19492064531793082,0.012882003452934632,0.0462794590813353,1.0,0.4,0.6,108,8.360949472411015,73.6292745539205
15,38,0.2371007267950923,0.25983280316754437,0.2588584416695765,0.2783265654185613,0.23381212182284247,0.20085967790845416,0.012797941800643382,0.04587445651505812,1.0,0.4,0.6,141,8.184400153417913,31.58114376683716
15,39,0.222206650787516,0.24492683716725233,0.24577004401625213,0.2863184942167397,0.21874584525011598,0.1899576201401873,0.01116157086718467,0.04046388102529328,1.0,0.4,0.6,182,8.096094590210924,29.93176190813592
15,40,0.22312454296442924,0.24587526229197304,0.24702178695109683,0.28832795129070543,0.21973101000867254,0.19088599577500984,0.011161336425420252,0.04046332003960701,1.0,0.4,0.6,184,8.102322852008593,29.10376280613026
15,41,0.22363938614807635,0.24555449882227712,0.24699633328998039,0.2893959342421383,0.22184090123056222,0.19155209887344754,0.011161353262599382,0.040463365577518166,1.0,0.4,0.6,186,8.069995167492142,28.80840311114264
16,0,0.9511367156073486,0.8910329161419253,0.8901775734714328,0.8863309298174867,0.0,0.0,0.0,0.0,1.0,0.4,0.6,1,221.81111616956608,1332.7729270525765
16,1,0.9763507112753056,0.967722322843972,0.9667102094620215,0.9625720097996315,0.1254720725614906,0.09657690664629612,8.406781176457622e-05,0.00010440623712032999,1.0,0.4,0.6,3,205.27273469469017,1245.544411013793
16,2,0.8218057828810044,1.0406047885886713,1.0385471064683385,1.030624469729898,0.6867906352753808,0.09885320144381961,0.08061290887711842,0.286124372542057,1.0,0.4,0.6,4,111.6006224636718,761.5018153814104
16,3,0.7018997868349842,0.9631968470548089,0.960772884903425,0.9519849385762559,0.40650687783276074,0.09888208862798652,0.07322106553870984,0.23976600435143197,1.0,0.4,0.6,5,98.26223481649882,585.2111897725621
16,4,0.6973038289102684,0.9705529684963496,0.9680133538343566,0.9587890133207106,0.3394188895085035,0.0989099443651652,0.08309051387096926,0.26994404223566015,1.0,0.4,0.6,6,99.70705764795562,444.67525267414806
16,5,0.5744039863601612,0.8527735482022063,0.8501483562864235,0.8411752476111282,0.21580214291228972,0.09950455608269523,0.03734346404381717,0.1213272368670026,1.0,0.4,0.6,7,87.71421523433945,549.6612287116351
16,6,0.5550694507972739,0.8445288066720195,0.8417648965842829,0.8325734046492002,0.25080226018226087,0.09785847823809955,0.04222394203101005,0.13654776339178182,1.0,0.4,0.6,8,88.59748408404701,411.0904732741445
16,7,0.5157617107520288,0.8147838294280189,0.8121119283667668,0.8020276048313525,0.2683528033033506,0.10320079040919136,0.039352781527645424,0.12477563915363817,1.0,0.4,0.6,9,71.97663731762206,507.0102289208325
16,8,0.4452152861766705,0.7577123657637601,0.7545541149405997,0.7429405666984337,0.38090059210822513,0.0981186487289072,0.043178079403928996,0.13886156326091165,1.0,0.4,0.6,10,60.54364005404548,327.8993254202289
16,9,0.3574675589912307,0.6589328495143001,0.6550438488613779,0.6410618845010496,0.457761123867666,0.10270576241909188,0.03970448519039684,0.12406541086859665,1.0,0.4,0.6,11,43.08533813816479,330.2661749018261
16,10,0.3051589985938773,0.5976405904623222,0.5935063191693198,0.5783755115674916,0.25399748827618984,0.10639384705377793,0.022903659736471467,0.0790425323229026,1.0,0.4,0.6,12,39.677077897869445,150.166729786539
16,11,0.2811686834680373,0.5613870460086325,0.5569943924342814,0.5416646342106923,0.20735602378828227,0.09362247858047709,0.028986098766951025,0.090724034001952,1.0,0.4,0.6,14,34.94573032306433,196.84772189814467
16,12,1.7173297957857403,1.986390249407493,1.9824080978718541,1.967619684234804,1.6273659075045406,1.0,0.02401510165327497,1.0,1.0,0.4,0.6,18,29.28670353535539,821.484682896886
16,13,1.707297742300932,1.9675868009169317,1.963462466242468,1.9486233046912993,1.6349531040461236,1.0,0.02226345078610148,1.0,1.0,0.4,0.6,20,28.17157217486304,976.6049437602376
16,14,1.6561095405970474,1.8533975326533723,1.8490385721078786,1.8297038554619798,1.7568283982039192,1.0,0.004580684513864957,1.0,1.0,0.4,0.6,22,17.19196390467967,1651.9242169590325
16,15,1.6370796635477856,1.7886281187598847,1.7837606278507216,1.7633868619571924,1.7878871245112218,1.0,0.00465282668428078,1.0,1.0,0.4,0.6,23,13.58884013582026,1495.8689985286053
16,16,1.6308776269056953,1.765178231302797,1.7601302576454034,1.740000733856499,1.6345434975754265,1.0,0.0035114657397735693,1.0,1.0,0.4,0.6,25,12.470267063902998,1496.5168659767726
16,17,1.6285458454547888,1.7565840323354238,1.7514705699859392,1.7320528318887298,1.6138974483570823,1.0,0.00288290183440506,1.0,1.0,0.4,0.6,27,12.005738161892609,1491.952677243563
16,18,1.624976124686194,1.7402741409117604,1.735335754907534,1.7161859132169628,1.6240577369323406,1.0,0.0028813292266399006,1.0,1.0,0.4,0.6,29,11.29327694901711,1494.7053649397842
16,19,1.624685608793182,1.7389773001520887,1.7340288199325942,1.7156656799481205,1.6029980424128714,1.0,0.0028549166214698225,1.0,1.0,0.4,0.6,31,11.628310101366209,1371.3244839867616
16,20,1.6237585490147204,1.7353220764817308,1.7303463046892156,1.712233879526484,1.6109771943349038,1.0,0.002408491608157991,1.0,1.0,0.4,0.6,32,11.060472831321295,1494.4701657560963
16,21,1.6230395906051749,1.7320892907560017,1.7273913026386376,1.7090704002116262,1.6104804419728884,1.0,0.0023697058662437167,1.0,1.0,0.4,0.6,33,10.91687927081552,1495.662685162776
16,22,1.6226340196823918,1.7276266258942834,1.7222825986404673,1.7046265542038892,1.6157147981738524,1.0,0.00392527832638807,1.0,1.0,0.4,0.6,34,11.559680025031698,1335.1736587806586
16,23,1.621835286833874,1.7265720419758135,1.7215283359340385,1.7054323324015264,1.6015131216874718,1.0,0.002161629646504081,1.0,1.0,0.4,0.6,36,11.224143309986008,1221.2590033158906
16,24,1.6217489904073354,1.7261418179603325,1.7210947265946848,1.704985724772388,1.60212446610742,1.0,0.0021713702380546864,1.0,1.0,0.4,0.6,37,11.20413690859417,1221.1578179498283
16,25,1.620273474936829,1.7198688251231045,1.7147737537010426,1.6995503090405455,1.6192220038848797,1.0,0.0017641813849086768,1.0,1.0,0.4,0.6,38,11.427286819336448,1311.3600785168903
16,26,1.62022723395302,1.7182191250447536,1.7131089792804013,1.6973881939148776,1.6055783181831198,1.0,0.0024511596359589037,1.0,1.0,0.4,0.6,39,10.781505506576671,1238.3574343692983
16,27,1.6166213508951879,1.7007829130330414,1.695538023185112,1.680604849289744,1.6254468217615137,1.0,0.0017745020472223834,1.0,1.0,0.4,0.6,41,10.592538427366264,1313.4472793908274
16,28,1.6164393375386688,1.6997392429719542,1.6944860362528709,1.6800986541920575,1.6022568723409338,1.0,0.0018176003521172509,1.0,1.0,0.4,0.6,43,10.468888381648034,1327.6982803874623
16,29,1.6162096021876051,1.698600891311259,1.6933389177531022,1.6794350899320136,1.603925433582094,1.0,0.0017652880990208532,1.0,1.0,0.4,0.6,44,10.591997676437456,1313.5044173508134
16,30,1.616121180162366,1.6981871843027743,1.6932249717592387,1.680376511942589,1.6021840140302488,1.0,0.0017820416173918358,1.0,1.0,0.4,0.6,45,10.510573912592792,1301.2603582364118
16,31,1.6148501935153097,1.6894345203797614,1.6853091658732815,1.6707456067550313,1.6102908531334936,1.0,0.0029421997462071247,1.0,1.0,0.4,0.6,48,10.76256143367375,788.1685077588636
16,32,1.6154942452042902,1.6831978013162114,1.6787039645488675,1.6650717329436406,1.611217599853544,1.0,0.008204918449771635,1.0,1.0,0.4,0.6,51,10.517197271320338,857.5393233951719
16,33,1.6117094249370503,1.6722636783797666,1.6680050692865809,1.6546456693995313,1.6261423252380314,1.0,0.0024800363935676617,1.0,1.0,0.4,0.6,52,10.183490923677551,781.3886092003972
16,34,1.6122482773198987,1.6720372455500083,1.6677713780297094,1.6540492430262752,1.6043412681866078,1.0,0.004214642231449489,1.0,1.0,0.4,0.6,53,9.93675202212454,794.593151657564
16,35,1.6097245965379599,1.6609949044658219,1.6563460744377245,1.6430117108855602,1.6299060451042942,1.0,0.002061825075423196,1.0,1.0,0.4,0.6,54,9.909634148377902,734.2159490618351
16,36,1.609436017707838,1.6593855577029561,1.6550273081887381,1.6426954950029518,1.6020190522654043,1.0,0.0020179670595059456,1.0,1.0,0.4,0.6,58,9.81174569168532,752.5067712614506
16,37,1.6093055742976001,1.6584949063477619,1.6541295568080439,1.6420712615831872,1.6034320233630708,1.0,0.0020548903605727134,1.0,1.0,0.4,0.6,59,9.82902285660322,734.4154068861577
16,38,1.6089723368764415,1.6568648372598176,1.6527902630484328,1.6414010057058053,1.605535966464648,1.0,0.001883855380678047,1.0,1.0,0.4,0.6,60,9.764702213269326,761.1746132483966
16,39,1.6081865833907596,1.6517133257927021,1.647295147321414,1.6359372858556966,1.615368914786409,1.0,0.0019155176785110354,1.0,1.0,0.4,0.6,61,9.661697206389793,775.5474572580671
16,40,1.6074447660835638,1.648056323786912,1.6442170175760387,1.6361053244885375,1.601911839508432,1.0,0.001480468176159513,1.0,1.0,0.4,0.6,69,9.564098915523328,790.9171292397214
16,41,1.6072446417526765,1.6474502981861137,1.6463337461509444,1.6510978643617644,1.6007025844847633,1.0,0.0015314980376599846,1.0,1.0,0.4,0.6,115,9.50259814585682,790.5188359931698
16,42,1.6071246671838302,1.6467813210093474,1.6468714835096554,1.6645181827710118,1.6007673969304959,1.0,0.0016418135515529357,1.0,1.0,0.4,0.6,143,9.473642343818726,790.5307149617345
16,43,1.6076786884931162,1.647115216200853,1.6493239570879603,1.6765686040446202,1.6014741492072755,1.0,0.003408033484484696,1.0,1.0,0.4,0.6,169,9.525247336895454,772.6314937537434
17,0,0.947665990739457,0.8900964680419287,0.8892338477281937,0.8853590320986229,0.0,0.0,0.0,0.0,1.0,0.4,0.6,1,224.6826983619305,1349.700923484295
17,1,0.975918379337664,0.9655173957084318,0.9645110333513417,0.960395202967556,0.12013891298436989,0.0936337228020915,8.400228301427408e-05,0.00011546190432843,1.0,0.4,0.6,3,208.9718064789693,1308.0042467600167
17,2,0.8236261314470429,1.0468115112508707,1.0447230993327608,1.0366842491016193,0.7105747675564432,0.09948789179263842,0.08150813897967975,0.3013397007173789,1.0,0.4,0.6,4,123.91060532601146,738.6566483643294
17,3,1.2321866051060892,1.5427074032958408,1.5393030458001387,1.5266178325478124,1.459342251195129,0.2445487317821581,0.3297581361484827,1.0,1.0,0.4,0.6,5,66.26260994250772,251.75485939498185
17,4,0.8449366703861465,1.1543376987269371,1.1504779884996115,1.137150680796,0.7296819719796903,0.1851800544590895,0.15584140627230042,0.6642866765025558,1.0,0.4,0.6,7,52.61725830332555,223.81475474210995
17,5,0.9092078973926614,1.2179241399357208,1.2140195514497525,1.2008534117486382,0.732154659408115,0.24312098074631322,0.16868823817572529,0.6746792048956538,1.0,0.4,0.6,8,55.41887938755188,209.62649156642564
17,6,1.7389116149092447,1.9945486312833944,1.9894422248304404,1.971612731968122,2.0874890146754566,1.0,0.1128735516581526,1.0,1.0,0.4,0.6,9,29.099615944395826,82.10179548870673
17,7,1.7003648282168449,1.9191235881952475,1.913513689135304,1.8942951979955067,1.7257058068208435,1.0,0.08468888785145247,1.0,1.0,0.4,0.6,11,22.94558696364723,76.38873162208755
17,8,1.6904686764020251,1.8919465436173186,1.8861231473707174,1.866522266864163,1.6736475020839805,1.0,0.08474819465736587,1.0,1.0,0.4,0.6,13,20.040541847313484,64.1987177157606
17,9,1.6795702479003944,1.86512215070508,1.859114541618145,1.839611778298309,1.6970880520374805,1.0,0.07636771885684167,1.0,1.0,0.4,0.6,14,18.560275890296264,53.990044513634544
17,10,0.4623383597467846,0.6169489964757724,0.6109014263635499,0.5894717138976362,0.5535899795932852,0.1913157859515717,0.08347954467411417,0.3355958560421613,1.0,0.4,0.6,15,15.510783349433243,75.0686643630156
17,11,0.5123824647822206,0.6554766596701465,0.6493085924933018,0.6283105309926373,0.5228362016299233,0.1949145707308228,0.10016084766564534,0.4082714420061199,1.0,0.4,0.6,16,14.99334236368645,52.82437087247741
17,12,0.45273162769568787,0.587254537442954,0.580996527294349,0.5592101709136831,0.45718513730953403,0.18828310167585585,0.08357838935063652,0.33577608930987146,1.0,0.4,0.6,17,13.782023967660708,70.9507085130467
17,13,0.5567837742270898,0.6571170126407955,0.6514238412102633,0.627666425944307,0.6634651124095525,0.2076386188749991,0.09995349929141144,0.4821713614473325,1.0,0.4,0.6,18,12.075239439082871,41.6951187207448
17,14,0.46853184500412126,0.5536018560449286,0.5477598378337509,0.5243108296271217,0.47962632994055876,0.20529954178744764,0.07500092046114375,0.3617924291290064,1.0,0.4,0.6,20,11.181597716503276,41.65043285593768
17,15,0.46783403856164074,0.5515571413788795,0.5457021506240581,0.5223510014662832,0.45665207769277943,0.2048907518582573,0.0750084132358357,0.36181454000762997,1.0,0.4,0.6,21,10.904410542898583,41.256661407153246
17,16,0.4589976017524455,0.5339687218500234,0.5280295169217791,0.5044553854175821,0.476106888841177,0.20942343656687817,0.07148095248227637,0.3451825371507169,1.0,0.4,0.6,22,11.313629080564828,37.920392981201005
17,17,0.4709767428350411,0.543410136400449,0.5374466385166848,0.5139342770955672,0.46653152516208385,0.21097878820978816,0.07479333993123397,0.3612677127998586,1.0,0.4,0.6,23,10.841844482259155,38.57710706108793
17,18,0.409450145295833,0.47610544229705287,0.47008694820765784,0.446363833355373,0.41753902226558204,0.20871897895673247,0.05721753476859171,0.27626025548378236,1.0,0.4,0.6,24,10.847173194658142,34.30583881781636
17,19,0.3774911494873443,0.4433159664657729,0.43728957731368884,0.4149762061176258,0.36703114511458224,0.208399162389181,0.04766214841561459,0.23018986589704565,1.0,0.4,0.6,26,11.09291557959252,35.17160452660197
17,20,0.37980983422157344,0.44472317123354566,0.43868811702405286,0.41634190657503467,0.3696860639556001,0.21097527768546764,0.04761798179105539,0.2301093325254154,1.0,0.4,0.6,28,11.052543016677282,34.52176888518646
17,21,0.3791552155486755,0.4395564229748341,0.4334787300922227,0.41139773650532796,0.3840059356732563,0.21123566608648486,0.047622970555327444,0.23012406829914905,1.0,0.4,0.6,29,10.61667211722631,31.829806394172085
17,22,0.37714549549497645,0.436384421346532,0.4302957452755565,0.4072259578644196,0.3706124392024089,0.20938697131502443,0.04766152954133837,0.23022210511824198,1.0,0.4,0.6,30,10.444162671511506,32.08804757403924
17,23,0.35439107933850167,0.4104674227531291,0.40434895503929286,0.38281235875763225,0.3554022208333832,0.20975253584021442,0.04083519309518725,0.1972943341544851,1.0,0.4,0.6,31,10.021094863691928,32.11000687498773
17,24,0.3587762010350421,0.4141062433032229,0.4085866759658973,0.3883161425363018,0.3496712225898585,0.21447756342535143,0.040755162481826465,0.19708666314142448,1.0,0.4,0.6,36,10.575437546082885,32.64901546476811
17,25,0.38166446401526233,0.434968438334053,0.42942983303331356,0.41067302411787515,0.3793224229040899,0.21397509318272462,0.04813583810033868,0.23181531753447931,1.0,0.4,0.6,37,10.484924007429331,36.23478508576428
17,26,0.341651458624801,0.39444933652528447,0.3889059478248034,0.36994490132214647,0.33297831274558376,0.21465096925485497,0.0356643754189168,0.1724775966501365,1.0,0.4,0.6,40,10.29328022296163,31.380246834969352
17,27,0.35633001743136594,0.4031430383037074,0.3978466417242492,0.3797183866961607,0.36910877053797314,0.21248994403369115,0.04126902027121305,0.1987467335820824,1.0,0.4,0.6,41,10.195648655887885,42.425148641740726
17,28,0.35890610250573196,0.40379846328268426,0.3984841488336134,0.3800832736901733,0.35446874485734164,0.21579102411627332,0.04109957792509724,0.19825164218842847,1.0,0.4,0.6,43,10.085889144131317,32.52803555123772
17,29,0.35897302957892524,0.40394035590167027,0.3989297450659771,0.3817054572822335,0.3512686518892407,0.21582407986166857,0.04112217391123601,0.1982977014316876,1.0,0.4,0.6,46,10.08898829281891,32.5574451184796
17,30,0.3343225234819586,0.378222514786436,0.37350490719318785,0.356048419270731,0.33077254822542645,0.20800816791139085,0.03612359788421293,0.17393117695707155,1.0,0.4,0.6,47,10.084842601170488,43.5362654088804
17,31,0.18665458223391668,0.22906733596619874,0.22494171016735784,0.21110832056573278,0.18016892935107537,0.1549704321274049,0.008668178602193035,0.0350313373967443,1.0,0.4,0.6,55,10.134887462014806,33.85062844263203
17,32,0.185426618454908,0.22394368542875417,0.21947903772132826,0.2059982354868259,0.1918815016245529,0.15489626724399008,0.00847559307977284,0.034390464450719846,1.0,0.4,0.6,56,10.089970499483297,46.754109128755104
17,33,0.18511287976295263,0.22122580330869795,0.21734484857738812,0.20435626559729148,0.1812740452070198,0.15423687080209283,0.008813977333619842,0.03551431045530148,1.0,0.4,0.6,60,9.831070745448953,37.03813784571609
17,34,0.18546758279900996,0.21929432597383253,0.21569516963344398,0.20402920565387692,0.18385547881671982,0.15502672215750785,0.008811986081304225,0.03548683085498147,1.0,0.4,0.6,62,9.742859951628027,36.57046514883003
17,35,0.18597053046138148,0.21930607754246811,0.21570239577174838,0.19970884988877155,0.18098727759447059,0.15549425658465788,0.008874840319264533,0.035647462374547315,1.0,0.4,0.6,65,9.741912230569822,36.12289080387824
17,36,0.18259098628314463,0.21435101788704006,0.2110357585126443,0.2006290607314648,0.18016223465223966,0.15501506330806905,0.007928954085193726,0.03192805004767322,1.0,0.4,0.6,67,9.656958312807928,33.287793352991365
17,37,0.18157712904975357,0.21328592937819696,0.20997019529445216,0.20053288964489022,0.1763962577708454,0.1540752971826776,0.007891896221136396,0.03184408653171217,1.0,0.4,0.6,70,9.686771373280967,32.84105467200394
17,38,0.18099233446750881,0.2096751075096845,0.20602860985573415,0.19882438139293424,0.1782433844612276,0.15577793254498404,0.007287292410665144,0.02927752169212474,1.0,0.4,0.6,75,9.544208101356048,31.34773401834404
17,39,0.18016562827879626,0.20724270886497972,0.20449034093786028,0.199222679585281,0.17638410157192919,0.15530642533900194,0.007280043559217041,0.029221980481124836,1.0,0.4,0.6,85,9.490500184605402,31.85770950541844
17,40,0.18021584845859356,0.20695889695530967,0.20420345186525746,0.19962511998245855,0.17642118440357266,0.15544941843799015,0.0072869348989519165,0.02915691731433704,1.0,0.4,0.6,87,9.52763855286114,31.831403911722813
17,41,0.9897417349489821,1.0161308050696984,1.0151899471002734,1.0175387743415447,0.9856658787697601,0.3825587410744582,0.00744052719107601,1.0,1.0,0.4,0.6,110,9.4826617699551,44.96661296667156
17,42,0.9898412088231634,1.016317123728105,1.015679969177609,1.019925319252434,0.985637070622133,0.3826587368751627,0.007440548706882054,1.0,1.0,0.4,0.6,115,9.48270441576679,44.97691089951058
17,43,0.9884681838451155,1.01399692202188,1.013351046396107,1.0178424059999125,0.9876087955015697,0.38143550504398366,0.007463344333317868,1.0,1.0,0.4,0.6,116,9.418893232486049,43.68788916359296
17,44,1.0853478541654047,1.1107500496779596,1.1107089260310654,1.1162489161708686,1.081695533281468,0.4780199914530662,0.008329483424692257,1.0,1.0,0.4,0.6,119,9.321605587295752,45.91850180357751
17,45,0.9561777845445898,0.9800855254669399,0.9800306890529242,0.9858630174283174,0.9549428368123164,0.3494350626780983,0.007488617409940646,1.0,1.0,0.4,0.6,121,9.269042924160424,37.73737548726555
17,46,1.0887867557442565,1.1122763669704696,1.1122177087423102,1.1187245804004313,1.0858109904970896,0.48178917872159566,0.00829889471556905,1.0,1.0,0.4,0.6,123,9.32817228642616,42.19449892681895
17,47,0.8803393715533208,0.9026920804677849,0.9017142275431371,0.9121065614580302,0.8771683774438103,0.3234272927730872,0.007506626273037624,0.9172909031616839,1.0,0.4,0.6,131,9.482241490257502,163.12400646154484
17,48,1.1079584862505394,1.1303268669337756,1.1308639360704595,1.1403281429042784,1.1052241616514347,0.5011755199893482,0.008298914653192145,1.0,1.0,0.4,0.6,133,9.279048756038502,41.90558101094688
17,49,1.1066022901792292,1.128773849292319,1.1293091107115685,1.140141582431847,1.1035012465664316,0.4998303526534558,0.008352153587209199,1.0,1.0,0.4,0.6,135,9.279453222257947,42.28859372524459
17,50,1.1324895288407015,1.1542830529356785,1.1554208411290496,1.168896918956794,1.130086008091356,0.5261471002786846,0.007507149872019648,1.0,1.0,0.4,0.6,137,9.308761717508032,85.60992664102889
17,51,0.8494758362268009,0.8685811856608066,0.8684824984567909,0.8751078952905188,0.8491159784559689,0.24351197803167798,0.007508148305120468,1.0,1.0,0.4,0.6,140,9.220555501892957,630.4682684171286
17,52,0.8498936955355946,0.8687901725107453,0.8695985083231025,0.8777871418221679,0.847812313631389,0.24400547949492507,0.007512558097569682,1.0,1.0,0.4,0.6,142,9.2244682979022,618.669619840218
17,53,0.8268291041601143,0.8448810491826848,0.844772784410892,0.8604181735446366,0.8244231186030715,0.22103925721550163,0.007498183653695158,1.0,1.0,0.4,0.6,147,9.209891872863285,406.5662254959371
17,54,0.9775011688264792,0.994175208913326,0.9952662974585238,1.0156337628577126,0.9756348705836195,0.372231108803848,0.006894972510566742,1.0,1.0,0.4,0.6,156,9.33290500839024,203.4192815995268
17,55,0.9774535080399671,0.9937609777526311,0.9948487470514489,1.0166174014288905,0.9756119874424456,0.37222532533435493,0.0069363008523676654,1.0,1.0,0.4,0.6,158,9.304383804901358,203.42377772859217
17,56,0.977453506614,0.9938509822405053,0.9952425278717935,1.017704335872124,0.9749998882302683,0.37222532392865204,0.00693630083729681,1.0,1.0,0.4,0.6,160,9.304383789137288,203.42377679735856
17,57,0.9773259005466293,0.994347888881645,0.9978658447008746,1.012413720728015,0.974891768151698,0.3720986415249104,0.0069362112969105,1.0,1.0,0.4,0.6,161,9.318530998314648,204.26039017824493
17,58,0.9771808848719665,0.9934666803981622,0.9945542793229163,1.0177361107773375,0.9747847689584545,0.3719509337657504,0.0069493823039349515,1.0,1.0,0.4,0.6,162,9.322535280951982,215.7366774077795
17,59,0.9640341727986041,0.9794953468231191,0.9802723951551847,1.0065187878515436,0.9619460959268817,0.35892215405245936,0.006946423393633174,1.0,1.0,0.4,0.6,172,9.253167064236322,211.1664024871217
17,60,0.9750664715791295,0.9903180419311901,0.9910931607514993,1.0173323012410598,0.9731164665360468,0.3699834552761669,0.006957052393140134,1.0,1.0,0.4,0.6,174,9.27030042637676,199.65265034197856
17,61,0.9751133917598044,0.9903654307506791,0.9914435883893354,1.017984026242986,0.9729767742259856,0.37004425459031176,0.006957805747170114,1.0,1.0,0.4,0.6,176,9.273090855531033,199.9284503576457
17,62,0.8303762942528774,0.8456562767254308,0.8476435385643714,0.8810888352401056,0.8281863109052041,0.275874131703154,0.006999543920185041,0.9157577422771516,1.0,0.4,0.6,190,9.270164959411108,108.9217229817228
17,63,0.9101187439225433,0.9250884382521702,0.9273759188128177,0.9606873622593743,0.9092706442611298,0.30487668312691296,0.007644081698156422,1.0,1.0,0.4,0.6,191,9.219253371475958,108.447566938106
17,64,0.959096666754023,0.974052691410475,0.9763400279502765,1.0142016543444135,0.9569295687848041,0.35410446175797944,0.007024821390102089,1.0,1.0,0.4,0.6,194,9.306003105928722,89.75175126961196
17,65,0.8336792206056105,0.848539967695917,0.8508264462380217,0.8860060697724914,0.8318296481891783,0.273424178855246,0.006944258718925878,0.9255168237024909,1.0,0.4,0.6,195,9.232058066796307,105.74870473990616
17,66,0.9638512955568262,0.9781957833552355,0.980174514806659,1.0186906857807432,0.9631736593807259,0.3589405553468437,0.007026732723167579,1.0,1.0,0.4,0.6,196,9.234699451208686,89.18478940800588
17,67,0.9635199839640475,0.9779136985542047,0.9801959187918947,1.0191228990220604,0.9614943364851884,0.3586119718748585,0.007035965550192628,1.0,1.0,0.4,0.6,198,9.233036930471435,89.33804458317701
18,0,0.9510472162710626,0.8910090083248425,0.8901535347035222,0.8863061171163182,0.0,0.0,0.0,0.0,1.0,0.4,0.6,1,221.683707709939,1356.8996424895995
18,1,1.0099795451722515,0.9820873939412632,0.9811359178613427,0.9772294528789862,0.1209435080199301,0.10326247146534684,2.073732655007983e-05,6.986205701064e-05,1.0,0.4,0.6,3,213.02404876195115,1230.3900985548216
18,2,0.7977202265745378,1.0187285255467575,1.0166543225351146,1.0086681989758446,0.6952471216202328,0.09949555276506752,0.08557968459612014,0.2487701863884523,1.0,0.4,0.6,4,118.83912434968876,800.6329748637446
18,3,0.72280398822567,0.9865058916299061,0.9840560783271426,0.975168687858742,0.43658872741476945,0.09891228398839048,0.06712823399149444,0.28811422443672474,1.0,0.4,0.6,5,94.66863209593669,618.4627941590924
18,4,0.7448842123981521,1.026563469106836,1.0238931165226102,1.0141640280967243,0.4478570752528997,0.09893300170491416,0.07478559880027882,0.39656860880333983,1.0,0.4,0.6,6,83.34851944162841,489.73350554031816
18,5,1.4280234826674891,1.725302846013343,1.7223705677233228,1.7122636840340832,1.1472883907243094,0.09890221709711963,1.0,1.0,1.0,0.4,0.6,8,76.89351724242975,540.8989208895108
18,6,1.176252988366588,1.4811814332063462,1.4780435994592716,1.467880198510184,0.9557872267547611,0.09936358054366892,0.45401400117239876,1.0,1.0,0.4,0.6,9,73.54737570567944,411.3477079632248
18,7,1.020997203682497,1.3317149141827689,1.3282928066766118,1.3183285826310012,0.8199047477873609,0.10010189144617791,0.293259506664842,0.9171849703623458,1.0,0.4,0.6,11,62.71342636340943,373.1961223472573
18,8,0.9113779032619524,1.2229272798643518,1.2192992148042925,1.2087578268996617,0.7608859254717477,0.10051607764007937,0.2487743332956406,0.8085777181885326,1.0,0.4,0.6,12,58.42506105419006,284.55991737887365
18,9,0.9991241537864604,1.3103416703329631,1.3066453643679008,1.296021618453853,0.8062972435106468,0.10107336916129286,0.2993581164757835,0.9341202243804071,1.0,0.4,0.6,13,53.73847780444412,343.3634616398141
18,10,1.027617872542106,1.336351977884612,1.3324523842074725,1.321282933886196,0.9078330524053182,0.10055476295650445,0.33160257871911536,1.0,1.0,0.4,0.6,14,50.62488456787682,300.84113011920743
18,11,0.33445856338754854,0.6283791316705486,0.6239823084365894,0.6104888022874596,0.37127367268585776,0.10132237448033668,0.01893004620729185,0.13279481206588484,1.0,0.4,0.6,15,45.61584481838788,250.4395570013285
18,12,0.9409588622710847,1.2275538466870195,1.2229922146677765,1.2097044337531058,0.8691973052984179,0.10062014638227305,0.2703054650469273,1.0,1.0,0.4,0.6,16,36.10558341547953,244.51645050812547
18,13,0.28825802056184224,0.5731822801411649,0.5685860175569386,0.5549605440332045,0.17153557211109416,0.10144702894400463,0.012630713716835844,0.08714883265723714,1.0,0.4,0.6,17,42.15295241166738,230.57694228852327
18,14,0.7740311946605258,1.0478064091042878,1.0429987742616929,1.0294276056078042,0.7379972050457042,0.09987051278030336,0.21779347335668525,0.7889256911232196,1.0,0.4,0.6,18,32.082327754529786,227.23124098551563
18,15,0.2077005706630824,0.4629356877720838,0.45933844390776446,0.44345716302227695,0.2274902567480409,0.10504765276383421,0.0017701767276885238,0.014280801852268248,1.0,0.4,0.6,19,32.71607500745208,135.0156054540541
18,16,0.19116793468811025,0.42808196784294844,0.4239201903128675,0.4072918809728056,0.1606488279625635,0.10022013249937126,0.001894421762011032,0.01966702643821484,1.0,0.4,0.6,21,27.25932348233109,115.10824454216272
18,17,0.18631118684366985,0.4201716881277629,0.41596862846992083,0.4001043701889492,0.12529138258254954,0.09742185270888992,0.00178772933333573,0.01998435444648073,1.0,0.4,0.6,22,26.50719392889504,123.6723344611298
18,18,0.1975540899593973,0.4196037505250241,0.41554891202309996,0.39937779494235587,0.1578870454848957,0.09721860378096636,0.002468453978162101,0.051831716577722786,1.0,0.4,0.6,24,24.05752533842488,102.10646123389525
18,19,0.18968480153865433,0.4036338645484592,0.39947697557805817,0.3833414881703869,0.16373603668227119,0.09714485455110072,0.0013570298923899103,0.04771626515948914,1.0,0.4,0.6,25,22.32816815008984,97.70220961998233
18,20,0.18968480154054498,0.4036338645484592,0.39947697557805817,0.38318131016246426,0.12631749144944196,0.09714485455110075,0.0013570298923899103,0.04771626515948914,1.0,0.4,0.6,26,22.328168152160007,97.70220933417964
18,21,0.1712593595658894,0.3641922892306321,0.3597835175684663,0.3436614106252156,0.2115469190665841,0.09708612487527449,0.0010297986537455071,0.035819382766564975,1.0,0.4,0.6,27,19.775906421160744,81.92630456249171
18,22,0.16192384289354492,0.3363650468487086,0.33174616110989075,0.3146545377709777,0.1950884508846327,0.09602071026567892,0.0010382992346292664,0.03582658214033299,1.0,0.4,0.6,28,17.644896979740636,78.9423452668284
18,23,0.14842006469072794,0.31474057204962885,0.3100320653852696,0.2924906203556223,0.12414883809082915,0.09586628709730216,0.0020432600679842513,0.01837697356812504,1.0,0.4,0.6,30,17.461471219422744,125.6918335128477
18,24,0.13944660254993121,0.2959280845837449,0.29111320597280443,0.27415749203748657,0.14151998406324512,0.09426209446257848,0.0015597157400665258,0.01261700599446588,1.0,0.4,0.6,31,16.210223615233108,124.66300746545733
18,25,0.13950374346894415,0.2809392794147924,0.2759653377125773,0.2579593526710829,0.16615369038068095,0.09571408372505802,0.0021263581291288765,0.0186150366775427,1.0,0.4,0.6,32,15.131264119215608,113.41491427100804
18,26,0.1375434202280902,0.27466988341968357,0.26965113839178523,0.2522988868397006,0.12361607314235848,0.09695746793286272,0.002159847598067165,0.01558472890755153,1.0,0.4,0.6,33,15.12962191160178,103.90542843433477
18,27,0.13717178510154707,0.26917473525071767,0.2641030729872331,0.24682373838287472,0.12783088178641616,0.09648260481814155,0.0022041402720608676,0.01841652906729132,1.0,0.4,0.6,34,14.308837471618878,109.32728081717664
18,28,0.12965369196834778,0.24698997805763304,0.2417692215992047,0.2243818725632756,0.16000651829658585,0.09670239508385682,0.0018197326721142788,0.013004765208604972,1.0,0.4,0.6,35,13.547605987060546,102.37860575841331
18,29,0.1300773830647271,0.24485327013300526,0.23960672548370496,0.22268135872149802,0.11589241151116432,0.09652589877974038,0.0017261605627334681,0.015270944826710969,1.0,0.4,0.6,36,13.218380509116,89.76975788736301
18,30,0.12734487273407896,0.237341639105278,0.23204732168195702,0.21521906251232098,0.12246534614582583,0.09491884742704744,0.0017864848787503306,0.015531833522038,1.0,0.4,0.6,37,12.949428056624331,104.34925157362878
18,31,0.1264082918645105,0.22982175462096258,0.2244621122380137,0.208144469516667,0.12977319907152746,0.0972511836904294,0.0015126985026382928,0.01317121782825241,1.0,0.4,0.6,38,12.268628924055417,85.04026874701319
18,32,0.12407525153892951,0.22419929629979318,0.21911008955011735,0.20275115379435346,0.11040465979766678,0.0958532189227554,0.0014942587426549127,0.013069216643445769,1.0,0.4,0.6,40,12.114818160379508,87.85689665752324
18,33,0.12099256342665059,0.21177007248288685,0.20628650949236468,0.19055206017926038,0.13674074781754347,0.09608816447878477,0.0013155478246975982,0.01147149761966028,1.0,0.4,0.6,41,11.504549169544616,87.88040412360317
18,34,0.12053328396347206,0.21040396953002616,0.20521442658888833,0.1898300636889279,0.1050581376497544,0.09591374091018616,0.0013070216752376844,0.01140118438119978,1.0,0.4,0.6,43,11.393230738018948,87.51736911749663
18,35,0.1193545028303872,0.2076984939183014,0.20219121727921877,0.18665504973759062,0.10756931222596326,0.09482988197092254,0.0013550072370278503,0.01178184047218303,1.0,0.4,0.6,44,11.309169505996945,87.0247269267891
18,36,0.11889810344071419,0.20466346438929894,0.19943410820253424,0.18468602582118218,0.11211688525246927,0.09603925315498149,0.0011743476055746792,0.01017384426689525,1.0,0.4,0.6,45,11.170968904685813,86.32424548489699
18,37,0.1191237958073739,0.2037034357017636,0.19846254709195685,0.18396819098708095,0.10526619601541681,0.09336349935051848,0.002132296786934694,0.014839884314687371,1.0,0.4,0.6,47,10.70483611649806,82.68476466103382
18,38,0.1152496304920114,0.19503731531570942,0.1894473313033766,0.1752591975158047,0.11691228302684617,0.09369068006968184,0.0011827863569418356,0.01025915971077331,1.0,0.4,0.6,48,10.740843291304918,89.54651954345616
18,39,0.11778142871145192,0.19723907245757233,0.19194882471843078,0.17815555465945923,0.10368002825414772,0.0943571455739562,0.0016337281420821328,0.01322403819611496,1.0,0.4,0.6,50,10.781693760729228,91.57439263548652
18,40,0.12082701718869497,0.1993595780168217,0.19406045632609037,0.18030763587499493,0.10946993007573903,0.0961655201982334,0.0019392470717603451,0.015429763464876681,1.0,0.4,0.6,51,10.80600603667508,82.0628307265396
18,41,0.1169661250747592,0.19352304514600246,0.1882049374896231,0.17489900649461937,0.10973816733036397,0.09384560321590055,0.0017292412282578942,0.013735567325624079,1.0,0.4,0.6,52,10.706000044374337,81.51262729700652
18,42,0.11659579612108384,0.19145788218679544,0.18612356038270617,0.17305240521674814,0.1087460458214946,0.09412623384623311,0.0016663448056766905,0.01331631051526117,1.0,0.4,0.6,53,10.560183130019356,91.09307386217182
18,43,0.11726940904334074,0.19211269937845954,0.1867781868866101,0.17400319367624809,0.103526624514965,0.09481021909071809,0.001663187341736322,0.01330803699790831,1.0,0.4,0.6,54,10.567356596760064,91.72758060657452
18,44,0.11656094439613386,0.1913543402436947,0.18632222038921303,0.17367401273441946,0.10327404881620314,0.09412623384623314,0.0016663448056766905,0.01331631051526117,1.0,0.4,0.6,55,10.5410878746044,91.287563370931
18,45,0.11436149657330848,0.18489491827994212,0.17982211813222182,0.16792048383334462,0.10648811710350878,0.09371527472740535,0.001498901911277081,0.01198767546785201,1.0,0.4,0.6,58,10.422870505147898,87.31330727794479
18,46,1.6125362283977704,1.6793570180242923,1.675460605313198,1.663212342572065,1.6147734930456483,1.0,0.0013642251966398814,1.0,1.0,0.4,0.6,59,10.40068464500446,80.42374243673275
18,47,1.610836002268759,1.6695101497234557,1.6655367174024245,1.6552320562406626,1.6146626221375557,1.0,0.0012892636956081832,1.0,1.0,0.4,0.6,61,9.92511069502564,76.89005820569096
18,48,1.6104225262739842,1.66704285955535,1.6627471565412217,1.6516855497770457,1.6072825895035439,1.0,0.0012346714267659042,1.0,1.0,0.4,0.6,62,9.962716046510677,75.62479208530894
18,49,1.609865789630593,1.664041863709087,1.6600261337641036,1.6493351050620824,1.6091813474915138,1.0,0.001091306756877028,1.0,1.0,0.4,0.6,63,9.81504222523894,77.82577138655202
18,50,1.6097332006967844,1.6632155049280697,1.6591932567794516,1.6490198202506008,1.602828504637897,1.0,0.0010984460760081155,1.0,1.0,0.4,0.6,64,9.591025535938218,77.13444951940855
18,51,1.6089315680434613,1.6582835444728885,1.6542226557722888,1.6445369178276694,1.6075340221675827,1.0,0.0010852458139948924,1.0,1.0,0.4,0.6,66,9.387203849019077,72.97808300044727
18,52,1.608923922731008,1.6583240522947156,1.6545665679020205,1.6453537352616112,1.600506252192805,1.0,0.001086093747176985,1.0,1.0,0.4,0.6,68,9.389302660534383,72.7401790606154
18,53,1.6088926464533837,1.6582186426431536,1.6547633917775442,1.6457000026573412,1.6007158449130947,1.0,0.0010860390363059901,1.0,1.0,0.4,0.6,70,9.406802883600918,72.65713910585892
18,54,1.6088635599069203,1.6579908812657362,1.654533761936051,1.6461109629736326,1.6011287370532865,1.0,0.0011083980137524747,1.0,1.0,0.4,0.6,71,9.459697608954974,73.86495176303383
18,55,1.6087531978216076,1.655768083304653,1.652291267149454,1.6457353916320039,1.6025416557579857,1.0,0.0018311604326389141,1.0,1.0,0.4,0.6,75,9.58929131188971,79.3242546778021
18,56,1.60826204029987,1.6522716403621125,1.6487668402814868,1.6439813831898,1.6042284538982154,1.0,0.002005603283054597,1.0,1.0,0.4,0.6,78,9.465679700429613,79.90097729719398
18,57,1.6081314821794535,1.6517601823698773,1.6482518078894062,1.643452850054071,1.6020429234107234,1.0,0.0018553281620212266,1.0,1.0,0.4,0.6,79,9.42193445311054,80.13485250377629
18,58,1.6075366430404565,1.6478952465643304,1.6443565292934936,1.6407479923923969,1.6044637281227518,1.0,0.001865985964150446,1.0,1.0,0.4,0.6,82,9.227112239926798,78.93738618024949
18,59,1.6075096372308404,1.6478095475876553,1.6445731956978502,1.642145336339147,1.6009996408852145,1.0,0.001865985964150446,1.0,1.0,0.4,0.6,84,9.2407244849293,78.93850094092203
18,60,1.1758173186908345,1.2150427469483376,1.212402409862989,1.2121994257625213,1.1699925280154864,0.5690075372591007,0.000683625958237503,1.0,1.0,0.4,0.6,90,8.876836935192646,73.93289213215185
18,61,1.6066350492365853,1.6449772324484102,1.6426316421582756,1.6446483385548145,1.601101142141491,1.0,0.0006843640848074436,1.0,1.0,0.4,0.6,94,8.855632749450145,73.26198423719914
18,62,1.6063882050668403,1.6433418604707026,1.6409833850378224,1.643293313436839,1.6018476917187878,1.0,0.0006877306653260625,1.0,1.0,0.4,0.6,97,8.641932134529647,73.92520597310381
18,63,1.6063413895758423,1.6431079663683343,1.6410507036354982,1.6443259043994245,1.601217732311682,1.0,0.0006938788665320313,1.0,1.0,0.4,0.6,98,8.83853437390086,68.50755091086654
18,64,1.6063230737712604,1.643122346966842,1.641368421454708,1.6459003830544559,1.6003667553443401,1.0,0.0006735766755476078,1.0,1.0,0.4,0.6,100,8.828294450026908,68.6085654249898
18,65,1.6074734679598555,1.643492412623075,1.6411252971752557,1.6445379100322972,1.6019338520143527,1.0,0.003815927161391784,1.0,1.0,0.4,0.6,105,8.878048483339406,99.10057222634238
18,66,1.605971680679788,1.6401212976111084,1.6383428809109764,1.6425820733875431,1.6021226118249503,1.0,0.0009645061214349517,1.0,1.0,0.4,0.6,109,9.140234595171906,70.04820883387166
18,67,1.6058138326845555,1.6390504890299349,1.637263638995178,1.6438320496732812,1.6011628208349409,1.0,0.00097008237939822,1.0,1.0,0.4,0.6,113,9.189904817672089,69.80481162839972
18,68,1.605666343383636,1.6380515710598007,1.6362568813781446,1.644481553750306,1.6011069065440244,1.0,0.000971022494625271,1.0,1.0,0.4,0.6,117,9.063828864374768,69.55342150016267
18,69,1.605643152648934,1.637698807909509,1.6362040483057894,1.6457131517370174,1.6018574229356344,1.0,0.0010950887604821032,1.0,1.0,0.4,0.6,118,9.11415394605962,70.29354459850428
18,70,1.6052521327080465,1.6362986695049337,1.636006398418424,1.6468911436207319,1.6018264762178944,1.0,0.000708911716837155,1.0,1.0,0.4,0.6,121,8.731033125782334,69.57389451822691
18,71,0.3051079225207329,0.33463489367557536,0.3340257424610844,0.3431961650324562,0.3027976581157862,0.2599810199426179,0.0007094286426863406,0.06686615534350153,1.0,0.4,0.6,123,8.684937976735162,67.34332374773977
18,72,1.6048942476503725,1.6335315453907429,1.6326112635679344,1.6524922442006438,1.6004154984224441,1.0,0.0007678770965784506,1.0,1.0,0.4,0.6,150,8.601873397163724,79.89717683296246
18,73,1.604832424818761,1.6338291767484407,1.6350329421219403,1.6579761764450631,1.600405486510256,1.0,0.0007283592066603516,1.0,1.0,0.4,0.6,156,8.679356678688501,82.47443478525985
18,74,1.6046319869683576,1.6322748190030665,1.6328602076335432,1.6554831375896057,1.6022681063250297,1.0,0.0007244087456407326,1.0,1.0,0.4,0.6,158,8.723305215596126,86.85125292334287
18,75,1.6046871592868306,1.632698596256117,1.6348020846883653,1.6633271302042627,1.6003770152679566,1.0,0.0008967575991967508,1.0,1.0,0.4,0.6,173,8.717558300637219,85.66344643047405
18,76,1.4252656424248555,1.452131362626254,1.4527095667528682,1.4808777103766146,1.4222252119902021,0.8207464788535619,0.000769714587732125,1.0,1.0,0.4,0.6,175,8.691672948581811,67.55039600796802
18,77,1.3777466068225521,1.4040534173940387,1.4046265367960196,1.434531798300883,1.3743312793549616,0.7733213097373034,0.000769790451086196,1.0,1.0,0.4,0.6,178,8.69881595895131,67.57076885398453
18,78,1.2212520841167138,1.245584527402698,1.2467455342215839,1.276637110652215,1.2247414419708123,0.61718058659268,0.0007837157181416221,1.0,1.0,0.4,0.6,179,8.74965107557623,70.98972558815422
18,79,1.6040707008047441,1.628399824475295,1.6295607981049147,1.6605190240111916,1.6003159973484813,1.0,0.0007830934838310916,1.0,1.0,0.4,0.6,183,8.697277297707329,68.19803556856249
18,80,1.6040337591582325,1.628137533650892,1.6292964402829186,1.6606842182510282,1.6005681097780289,1.0,0.0007841721697007772,1.0,1.0,0.4,0.6,186,8.61173949715383,77.88704849818187
18,81,1.604017135861247,1.628115969967869,1.6295777836708876,1.662079661154468,1.600355649319671,1.0,0.0007819020891135516,1.0,1.0,0.4,0.6,188,8.599930780402662,77.6141051138947
18,82,1.6040133182937049,1.6280823067973254,1.6295438217969491,1.6627473599291633,1.6004775541434597,1.0,0.0007847615852240705,1.0,1.0,0.4,0.6,190,8.599083530656277,77.73424353665683
18,83,1.6040133169697395,1.6281576689909936,1.629922776879006,1.6643478127881353,1.600365985400817,1.0,0.0007907820677534463,1.0,1.0,0.4,0.6,191,8.68506791033551,94.22133183639394
18,84,1.6039894413013633,1.628003626978059,1.629767593749904,1.6644436194135408,1.600754454836156,1.0,0.0007849499424456341,1.0,1.0,0.4,0.6,192,8.580537620508045,77.71576592575502
18,85,1.6039518190841515,1.6275939006160671,1.6290514967486551,1.6632941333673426,1.600681590453545,1.0,0.0008074799986972573,1.0,1.0,0.4,0.6,194,8.757063560728701,111.21605625800537
19,0,0.9475011001010447,0.890051992470444,0.8891890358363148,0.8853128694506784,0.0,0.0,0.0,0.0,1.0,0.4,0.6,1,224.81754832483225,1346.3982449737778
19,1,0.980636232986754,0.9742678664542972,0.9732484848866493,0.9690824624658594,0.13286798645264822,0.10404539459931943,8.339773664612007e-05,0.00011270981830787,1.0,0.4,0.6,3,208.33538513288627,1267.6567667907482
19,2,0.9177610497994141,0.9542263614640301,0.9530616978635885,0.9489346998461201,0.1559684452289929,0.09959046667173535,0.0014107241009548536,0.00410182874067057,1.0,0.4,0.6,4,202.1248655241461,1711.3071909631262
19,3,1.2032934455787774,1.5138323297824563,1.5104267300975915,1.4977371687684071,1.770644231586973,0.21588827246545989,0.3296123000940192,1.0,1.0,0.4,0.6,5,68.01951662962242,244.2111500392869
19,4,0.6844165214955951,0.9862509175670574,0.982069303388456,0.9675135740457349,0.6617217325728073,0.11564034689938758,0.15667890367967113,0.5678616300028757,1.0,0.4,0.6,7,43.90434626712585,282.3614490647484
19,5,0.6741959240318482,0.9278006474108615,0.922960860214479,0.9045985795428921,0.7610986839647444,0.16755311278159385,0.1670014648087529,0.5811278556258296,1.0,0.4,0.6,9,29.220219212120394,97.37814308733924
19,6,0.5105120981540888,0.7348651281975249,0.729622636165322,0.710260308337697,0.5155412242866856,0.16428787108602042,0.11139741625687567,0.38759477938257475,1.0,0.4,0.6,11,23.72877621408907,85.87361677175184
19,7,0.4736682139327667,0.6482574206015775,0.6424258092257357,0.6212414161144547,0.5375251386240951,0.15632382939786543,0.11004375522483899,0.3825303001055529,1.0,0.4,0.6,13,18.13806287051126,61.568126281279085
19,8,0.4820483337560239,0.6532924150243844,0.6474202255445991,0.6265139510591999,0.4490711719238784,0.16365227835534485,0.11105446359601305,0.386631508835545,1.0,0.4,0.6,15,17.369766866252096,66.89895950174459
19,9,0.4747782286450595,0.6175895009415076,0.6114185096724907,0.5897370714074559,0.5462878167707361,0.16658402841255998,0.11060997653167519,0.3860064142283784,1.0,0.4,0.6,16,14.79769000462319,79.50223006329243
19,10,0.4732605722634686,0.6141502261636781,0.6079591000736794,0.5868729699765323,0.4489239693112436,0.1655752563045546,0.11067875157941824,0.3861732871265907,1.0,0.4,0.6,17,14.601808696535889,79.07180916985087
19,11,0.37340213040838566,0.4860429197109486,0.47956349528092146,0.45801052842963536,0.456121187362583,0.16127701086118976,0.07522732690098188,0.26470475125117826,1.0,0.4,0.6,18,13.361499440625218,52.90399184854373
19,12,0.3339821164983482,0.4242864179668898,0.41758650403929953,0.39608268604481206,0.3570822374114672,0.16573366057379144,0.05995416020808347,0.2113531359879742,1.0,0.4,0.6,20,11.659896296895004,42.97937675866457
19,13,0.32710629986830103,0.3974003557729324,0.3905077405556331,0.3685067443425065,0.3495380297854951,0.16334112733739242,0.06000190394673291,0.21141980018767725,1.0,0.4,0.6,22,10.574112084877218,38.5642946937362
19,14,0.3035674536050925,0.36695005488969423,0.3599917853350124,0.3384194543344733,0.30413109036274993,0.166364736588353,0.050015006431494105,0.17622707656150555,1.0,0.4,0.6,24,10.07816947153915,40.27813294864391
19,15,0.2980516672481296,0.35980154666511405,0.35313075853589404,0.33249978372397354,0.2899265016103488,0.16044733784288953,0.050349653986736284,0.17726186748686887,1.0,0.4,0.6,26,9.917009912973478,39.159157377451415
19,16,0.2709476467775729,0.3275604334744401,0.3205382509212777,0.3001189424143043,0.26959923243718475,0.16674742696030037,0.03739793987028208,0.13192144454902155,1.0,0.4,0.6,28,9.64473108035424,37.31778664452552
19,17,0.2836991395941538,0.33715517273867335,0.3301033172199874,0.3098295754412176,0.2851297265154448,0.1666081947838829,0.042790164016315815,0.15085047365244242,1.0,0.4,0.6,29,9.674488483017448,37.69893662588958
19,18,0.26276354258856405,0.31520939256459146,0.30814806095875397,0.2882952899805521,0.25697686888648275,0.16982347550767346,0.03325016934099279,0.1172879028652852,1.0,0.4,0.6,30,9.305165502408064,40.85470046727553
19,19,0.25846945601269483,0.3089428166307322,0.3018630131918313,0.28239656042953837,0.2563716930405318,0.1659185408409682,0.03324740891685944,0.11727824801923917,1.0,0.4,0.6,31,9.268534728871511,36.96758358339408
19,20,0.2641818036581584,0.31385116354025816,0.3067638264015315,0.28780854202543577,0.2568324836782515,0.17178002642203144,0.033251109615300554,0.1172848797499706,1.0,0.4,0.6,33,9.373113373918542,40.19056107890762
19,21,0.2535771064741911,0.2989992438898464,0.29187225010086876,0.27350750110922833,0.2529353352370447,0.1703420375871072,0.02992834248470962,0.10556559172237905,1.0,0.4,0.6,35,9.09760977265881,36.87661885394777
19,22,0.2642407718041361,0.3090768466478393,0.3025502554133637,0.2857355494099261,0.2569855036811565,0.17275026894547976,0.0332938367108821,0.11732055406384234,1.0,0.4,0.6,40,9.224540096351715,36.24072074806315
19,23,0.2578530585770532,0.2995982585525472,0.29304288212148666,0.27618375460657724,0.25592194730911977,0.16780201216330196,0.032918194329388514,0.11612615260630058,1.0,0.4,0.6,42,8.927883094673277,38.07304667071457
19,24,0.25324490429378305,0.29361955601538603,0.28674855512315517,0.2707408805648446,0.25063848741251094,0.17172644804554138,0.0295826646701358,0.10451988135883712,1.0,0.4,0.6,43,9.021049492779618,39.63912185598529
19,25,0.25181676501385714,0.29018994120708064,0.28330036579700335,0.2669984627406474,0.2520235429880707,0.17065995825221053,0.02958347773377416,0.1045225110699107,1.0,0.4,0.6,44,8.827357877548895,35.1825610292323
19,26,0.25409157519605663,0.2906753566449522,0.2843750509482762,0.26923789436919676,0.25118343170588925,0.17937085844256068,0.027212928357777798,0.09596599170101258,1.0,0.4,0.6,46,8.948876077747046,37.42526576265824
19,27,0.25420422996360936,0.2903979037007682,0.28439703355447055,0.2705545255125049,0.24884966844820744,0.1795591128195022,0.027215481535342093,0.0959812291067759,1.0,0.4,0.6,48,8.943530426955897,41.29773587486861
19,28,0.26361988237511247,0.2987303431651271,0.2927194389481241,0.2789144210480218,0.26132009879000384,0.1823352037319901,0.02993476269144828,0.10555546249585075,1.0,0.4,0.6,49,8.77569311585855,40.507433440428144
19,29,0.2582957741568033,0.2913877574027179,0.28505518191882545,0.2716342923057494,0.25483810700613924,0.1775928452349102,0.029802050320277565,0.10524153767382305,1.0,0.4,0.6,52,8.71123221902323,35.854967039943354
19,30,0.24900441955468203,0.28217387015566353,0.2761450430392358,0.26279739939282476,0.2434178450123968,0.17488897929196898,0.027227271953255423,0.09598306171574515,1.0,0.4,0.6,53,8.736996427786888,33.8302084838372
19,31,0.2616595843072562,0.2931534858516762,0.2868062058361924,0.27391474927400605,0.2616656707603175,0.18123335134161206,0.029802590800925833,0.10524580577126634,1.0,0.4,0.6,54,8.66831050722019,35.0134604891327
19,32,0.2509024688010717,0.28227651409963594,0.27653407275525954,0.2635547173052564,0.24661665696689547,0.1771118780022558,0.02722842864075418,0.09598987805226328,1.0,0.4,0.6,55,8.705901884063614,33.82849277695195
19,33,0.2529074815839005,0.2831764125257598,0.2774237714653872,0.26440552644452986,0.25152985498706004,0.1793016338203956,0.027230167348683776,0.09600003574560202,1.0,0.4,0.6,56,8.695180192403797,35.401735442447965
19,34,0.25303890234121246,0.2831361779080159,0.27768492112590787,0.26509797551026804,0.24885437873854666,0.17947347544618958,0.02723138727941992,0.09600716269435584,1.0,0.4,0.6,57,8.698541280316846,36.971522834488894
19,35,0.2592798036757783,0.2886737704390729,0.28261014279122865,0.2704193813190461,0.2560661137462769,0.17915923673426964,0.029828696356160273,0.10535093001989997,1.0,0.4,0.6,58,8.572300374441578,41.32029241386436
19,36,0.2521615489771724,0.27967327014194804,0.27450126239251,0.2644450980094695,0.24900461529849205,0.17904154663563496,0.027247648955945804,0.09601821589729367,1.0,0.4,0.6,63,8.644451456049788,35.75251730314848
19,37,0.25542522290554337,0.28062809589397736,0.2742229880114012,0.2646225665145345,0.2544295602584912,0.18273513820228623,0.02727997184051311,0.09583039278867131,1.0,0.4,0.6,65,8.566052425832646,36.33422187141122
19,38,0.2553004950378863,0.28038172054523597,0.273975458175435,0.2655583710621396,0.2511439575979135,0.1826183722997628,0.02728282734207712,0.09584950063241122,1.0,0.4,0.6,69,8.582990767913785,44.643026439275445
19,39,0.2553794323621619,0.2800755791979572,0.2739688294187695,0.2669381825882723,0.25199941097762213,0.18278378394718914,0.02729083538186385,0.09583319342088475,1.0,0.4,0.6,71,8.595631528712449,44.95142172121796
19,40,0.26271053114468235,0.2860316720320302,0.28112416695212,0.27488218154581023,0.25979510536942485,0.18378258022846367,0.029735956864786677,0.10524104123401072,1.0,0.4,0.6,77,8.572238055785853,32.84101255718621
19,41,0.260425791366113,0.2817201130471525,0.27649111290075556,0.2711901044470546,0.2633610417005976,0.1823482416287617,0.029497468083407932,0.10451737408393702,1.0,0.4,0.6,78,8.532603479046912,35.61973171316993
19,42,0.26022699577480224,0.27983262533737363,0.27458817420193815,0.27105428586491587,0.25835269559972607,0.18229081658613372,0.029561939657786127,0.10470091937763382,1.0,0.4,0.6,82,8.431920947853204,35.71627518022343
19,43,0.26153083042031133,0.28077245377786697,0.2761305655283554,0.27340869305145965,0.25924089910063436,0.18370735985104336,0.02954286012872826,0.10467385132696175,1.0,0.4,0.6,84,8.447037550917086,31.900104501116427
19,44,0.25908788214635003,0.2776781816598996,0.2727274351692298,0.2709890183825556,0.256604454780781,0.1813432890331608,0.029532137616577248,0.10470187160911712,1.0,0.4,0.6,87,8.427339133322153,35.815379429152934
19,45,0.2546856490733653,0.27221882293074884,0.2672584262598003,0.2658228249708785,0.25263159869466506,0.18339210377732007,0.027307553995401895,0.09571885122068832,1.0,0.4,0.6,91,8.277058485017076,27.65695926552147
19,46,0.25634371977214204,0.27349770632660253,0.26853385765220966,0.26930903354328306,0.25371964720562096,0.18506022410478423,0.027319203653476152,0.09579643788248288,1.0,0.4,0.6,96,8.207839852675486,27.47503936012286
19,47,0.25521202941942395,0.27189034576385435,0.2669221364013031,0.26799848809888627,0.2540025505332123,0.1839905965589553,0.02732720295594844,0.0958154514721682,1.0,0.4,0.6,97,8.184813913365415,27.167467560047704
19,48,0.2558491457457277,0.2721530209378627,0.26748437747443904,0.27105079558061274,0.2533446133865235,0.18420798061508886,0.02735186815212898,0.09662307742811241,1.0,0.4,0.6,104,8.217678791435977,27.210242264616184
19,49,0.2560660333464551,0.2721260388139064,0.2677581023657777,0.27405561072019935,0.2536163365764049,0.1847113225130612,0.02739181222745803,0.09620831029359925,1.0,0.4,0.6,109,8.137416170102266,27.34072510856106
19,50,0.25696328533328633,0.27252388216225376,0.26784842712265194,0.2755590948868875,0.25572489584383085,0.1855226833348807,0.027324202795993402,0.09650585074437444,1.0,0.4,0.6,110,8.150565601802898,27.30866340815263
19,51,0.2577395914797424,0.27299268796735693,0.2683144688489834,0.2769767268253912,0.255695557789231,0.18638628648744743,0.027522491061537674,0.09631013554780758,1.0,0.4,0.6,112,8.10669985948053,27.059948696487385
19,52,0.2580274824036512,0.2722553290026213,0.26726480346529974,0.2768343389024093,0.25875734458929933,0.1864618671167514,0.027657359297750483,0.09682292308455612,1.0,0.4,0.6,113,8.043102297810762,27.135106220864195
20,0,0.8887280274304046,0.8736649417879813,0.8726733590898906,0.8683057322752258,0.0,0.0,0.0,0.0,1.0,0.4,0.6,1,281.0998748562102,1356.2156534693563
20,1,0.9248133561449148,0.9524304211025414,0.9512970553430546,0.9466960297131582,0.1228740607362248,0.09672968896646904,8.215241533018288e-05,0.00011291047792415999,1.0,0.4,0.6,3,263.4517793402608,1318.5353123957184
20,2,0.907654130908038,0.972069507247561,0.9708014609670846,0.966279885353141,0.1830695277087418,0.13154023781570762,0.0010193285993480568,0.00279885849922577,1.0,0.4,0.6,4,242.29262598372688,1177.016475657248
20,3,1.182986167959204,1.4936266448828248,1.4902117795101866,1.4774864400916692,1.7170611545884733,0.20761306504487487,0.3027460172061818,1.0,1.0,0.4,0.6,5,68.17363440001033,248.3867410315092
20,4,1.1826839672942258,1.493348013338148,1.4899309341311247,1.4771971916240938,0.9295136540455349,0.20761306504487487,0.3027460172061818,1.0,1.0,0.4,0.6,6,68.03629408301411,250.9804555990632
20,5,0.7129152857623167,1.01418652922519,1.0099890641745692,0.9953721270137497,0.8357646600448267,0.121995054875726,0.14426351394547582,0.6154702310123559,1.0,0.4,0.6,7,42.61949433808245,252.25389135748617
20,6,0.7103556292667241,1.0106761233478045,1.0064510110997817,0.9915462111767164,0.5589382603578492,0.12199505487572601,0.14426351394547582,0.6154702310123559,1.0,0.4,0.6,8,42.02299641261638,256.31342178328373
20,7,0.7094033136701403,0.9705675989001231,0.9658521662866787,0.9477537758632198,0.901527183264189,0.1748785034250186,0.1523915744844219,0.6235341480823614,1.0,0.4,0.6,9,32.963978470005245,120.75502722243397
20,8,0.4749979235687382,0.60796519350408,0.6016920494707005,0.5781693636322129,0.7318462385858076,0.15487032691063465,0.10220740602025374,0.41679192263523995,1.0,0.4,0.6,11,15.60990502289457,62.921576917008025
20,9,0.47468913287698467,0.6075201119198521,0.6012455916294974,0.5780483523604638,0.44607787771127566,0.15457579091537801,0.10222493109529222,0.4168274451805768,1.0,0.4,0.6,12,15.59745076873292,62.89341111573278
20,10,0.3973128395739576,0.5169967459608601,0.5105881385362019,0.48710261363765206,0.4213586671553915,0.15384552165268664,0.07669299085078443,0.31266482848356736,1.0,0.4,0.6,13,14.76685140504862,63.862569517251416
20,11,0.3972090651025657,0.5165304556313611,0.5101182033016317,0.4866185559423867,0.3734635335956253,0.15384552165268664,0.07669299085078443,0.31266482848356736,1.0,0.4,0.6,14,14.794458468465171,63.81171413243831
20,12,0.35124089300954053,0.4605935707651403,0.4540813360620942,0.4307777067457018,0.36563640079811627,0.15427447042898748,0.06136437676606026,0.2501707556482528,1.0,0.4,0.6,15,13.95527150604075,52.8309677788953
20,13,0.3600220871889064,0.46030293652653387,0.4540036897610314,0.42995963026175243,0.37343522255994877,0.15349089487782946,0.06557093243585857,0.26731010589076926,1.0,0.4,0.6,16,13.377387214286928,44.153883678750006
20,14,0.348530690392828,0.44609796697377335,0.43946917941664954,0.41618454504071667,0.3387534689544614,0.15479749865829928,0.06124095042756321,0.2499731694156869,1.0,0.4,0.6,17,13.369572033187591,65.58115546825596
20,15,0.31562860323805214,0.3971510132735915,0.39066900535317794,0.36652516875988844,0.3578843404854048,0.1509088253835961,0.05247426538228207,0.21390504026038362,1.0,0.4,0.6,18,12.319672026472984,41.15883427562592
20,16,0.31560262762898644,0.3971013518153131,0.3909220020463959,0.36763264563769416,0.300442705270903,0.1509088253835961,0.052474265382282066,0.21390504026038362,1.0,0.4,0.6,20,12.308177340218576,41.22863975978348
20,17,0.2926258424421047,0.3734836534459666,0.36699522377273175,0.34382640150476323,0.27934093516481795,0.1529307088821698,0.04373503362562521,0.1782762787876219,1.0,0.4,0.6,21,12.398929674714129,42.02540609364626
20,18,0.2947283694955366,0.3734247234143766,0.36661233994087783,0.3441200793026267,0.2877892066042595,0.15532316323895695,0.04376332497047137,0.1786064429222393,1.0,0.4,0.6,22,12.288380858124494,53.1059950739192
20,19,0.272191057558964,0.33913118632826544,0.3325096057628164,0.30973552401040977,0.30111159940060317,0.15330291242523053,0.03749893843975192,0.15283783586403998,1.0,0.4,0.6,23,11.800564333965324,41.95219876984732
20,20,0.2921666916300965,0.35768647135859544,0.3510513493032069,0.32833466670296374,0.2827915748335683,0.1520384385916573,0.045058035781025324,0.1837019185600363,1.0,0.4,0.6,25,11.471824552319758,45.45907298321372
20,21,0.2930382138767606,0.35764523358115524,0.35100148025970296,0.3285045541904148,0.2845019043573174,0.15309726633299392,0.04505509726730295,0.18370688353635,1.0,0.4,0.6,26,11.502881534644745,44.61484421741868
20,22,0.29300416494296827,0.3520380380030847,0.34503867389141696,0.3232427349448694,0.3014290357336684,0.157735198668233,0.043780564311490015,0.17863834028996825,1.0,0.4,0.6,27,11.365674824269904,54.51482143130824
20,23,0.2804625587257835,0.33715739705728953,0.33074180870045466,0.30823663142351293,0.27911379530514413,0.15277707481596953,0.041328317253406854,0.1684761882757215,1.0,0.4,0.6,28,11.427878033462486,36.26805921479532
20,24,0.27535702995274525,0.3294912918686427,0.32244583366238777,0.3014194294627962,0.2739747020265974,0.15664010556743585,0.038311416682596446,0.15632451304251968,1.0,0.4,0.6,29,11.167156648152208,52.18182149746923
20,25,0.2797461992704849,0.3297811341449783,0.3233030825622582,0.30107692820001775,0.2857110503589548,0.15160447383576928,0.041998413540456504,0.17096061727279396,1.0,0.4,0.6,30,10.852416134786417,41.75637504831485
20,27,0.25843834166791163,0.3027534569110618,0.29652493483516473,0.27815690416424527,0.2514446588228062,0.15368770879165516,0.03687917687371235,0.13721996449924656,1.0,0.4,0.6,39,10.719627604897028,38.54988681689845
21,0,0.9385419575145226,0.8876183173256434,0.8867362650984442,0.8827871449263255,0.0,0.0,0.0,0.0,1.0,0.4,0.6,1,233.8112404219848,1360.4232062486074
21,1,0.957976570063736,0.955960263639692,0.9549267528273093,0.9507070392112823,0.11544221093140725,0.08753835406896,8.329236869252802e-05,0.00010735176944450999,1.0,0.4,0.6,3,216.6508181441957,1290.0700501587294
21,2,0.9360573245517168,0.9763407365390252,0.9751623745522288,0.9709830213253293,0.17967033506128077,0.12457808771607255,0.0010745560686564876,0.00244422396396749,1.0,0.4,0.6,4,202.1208152533084,1121.914811546341
21,3,1.1388467409180543,1.4491997384749924,1.4458092293194214,1.4331767422248753,1.6935401151823641,0.18621714232334857,0.32486869762922144,0.941701488925222,1.0,0.4,0.6,5,64.71825071800276,249.62106343920595
21,4,0.585730671066099,0.885397735853831,0.8811534631394027,0.8663569774881725,0.5829192059988098,0.09149421728390697,0.15327716369931974,0.4555792842357101,1.0,0.4,0.6,7,44.21536232663789,255.51808737582704
21,5,0.5856143634784412,0.830697074720196,0.8257409861041372,0.806929183293023,0.6872512600458444,0.149915205009339,0.16416106752630785,0.4752790284495794,1.0,0.4,0.6,9,27.549024316755823,103.10625161469834
21,6,0.404423130670953,0.5431153455481723,0.5369013605837342,0.5138203988512272,0.6043307777567481,0.13934611711658096,0.1097038113354818,0.31700768174090127,1.0,0.4,0.6,11,14.299314942044749,63.19634838820063
21,7,0.40540919197888287,0.5440203143649005,0.5378055020771256,0.5147213680066828,0.37476108887722226,0.1404980274700921,0.1096205641486994,0.3168315052414804,1.0,0.4,0.6,12,14.281204885345538,62.73773634193568
21,8,0.3412371039464943,0.4681002641620626,0.4617645319914911,0.4385577028023569,0.35835590365836045,0.1383428912814247,0.08230426650884838,0.23778944484757694,1.0,0.4,0.6,13,13.907817253560651,64.53345061900504
21,9,0.35494511950506513,0.4797102412880193,0.47365601684518044,0.45019388965684715,0.3364756028234356,0.13473341436629144,0.09078016987791193,0.262087809908065,1.0,0.4,0.6,14,13.662360800448411,41.50766570113805
21,10,0.30729234459488924,0.41861760880627924,0.41212502737881784,0.38889713515555024,0.3339061683098625,0.14432737881774343,0.06562472232305815,0.1897766332383104,1.0,0.4,0.6,15,12.984111839888904,63.84175078648303
21,11,0.3259699365151951,0.4326907636134061,0.4261522841099692,0.40367795894214564,0.3213278943027509,0.14586343973012159,0.07379870011038396,0.21497442877439316,1.0,0.4,0.6,16,12.474791293559068,43.05475334550157
21,12,0.28736580469464923,0.3736990963141162,0.36726345836308183,0.3449021369467815,0.34468883963275887,0.14407940021963533,0.059035314595923455,0.17197484150260345,1.0,0.4,0.6,17,11.53044534435735,36.05408718926511
21,13,0.25963317257829066,0.32724295204312936,0.32062773781471177,0.29733236305426447,0.28019845675877997,0.14161960523617328,0.04921566048580322,0.14333461469719427,1.0,0.4,0.6,19,10.93716594663057,36.31296721770744
21,14,0.2605397018116168,0.32605466639165925,0.31972240323515144,0.2972765427884049,0.2524761893419013,0.14173452706201564,0.049830745619333275,0.14500819551763117,1.0,0.4,0.6,21,10.743339300986266,38.45912560519399
21,15,0.25719913071556255,0.31955247803443,0.31288740210891386,0.29030831608096086,0.2566552154763963,0.14028128028484418,0.049222302931877626,0.14332907259226296,1.0,0.4,0.6,22,10.656835167544068,36.012094011728884
21,16,0.24099903961684022,0.2979960482620573,0.2912804154710913,0.2690142622029345,0.2494195242447278,0.14109101307543118,0.04175684256963889,0.12176433370699162,1.0,0.4,0.6,23,10.3791716129842,38.11931708776781
21,17,0.2594695670529905,0.3157962441719369,0.30907426193961196,0.2874714702706712,0.2518822842172015,0.143906221569431,0.0491307015531252,0.14317305575661726,1.0,0.4,0.6,24,10.288551801907008,36.73565143390341
21,18,0.23287466667029982,0.2847866696006439,0.27802324522715743,0.25626193275948494,0.23892734619181813,0.1445350815231249,0.03685561973664676,0.10742619861361727,1.0,0.4,0.6,25,10.472702451189988,36.664409166987966
21,19,0.24446781356985808,0.29282097683749525,0.28602426436465617,0.2648345554762001,0.24818043627002462,0.14554730486148837,0.04211140869823665,0.12269253543726907,1.0,0.4,0.6,26,10.286767176563965,38.46205927447249
21,21,0.2308272288021826,0.2730863214585474,0.2662328410678545,0.24580662502384312,0.24055483582904702,0.14434433098827287,0.03685119287513737,0.10737200837215484,1.0,0.4,0.6,28,10.000409979616268,36.960477085947886
21,22,0.23075198472168895,0.27269219406222817,0.26613863631134427,0.24603090269699174,0.22420503867129826,0.14434433098827287,0.03685119287513737,0.1073720083721548,1.0,0.4,0.6,30,9.966724210644346,36.6895820838331
21,23,0.2165709031657842,0.2539754047011927,0.24707686955041525,0.2279423380813819,0.2177081443866393,0.1467929393620539,0.02948468086670303,0.08591462678347123,1.0,0.4,0.6,32,9.829653348741951,31.747400525014108
21,24,0.2140720882563979,0.2495750942845042,0.2426589446962813,0.22420372226828425,0.2112073283826257,0.1503854428606211,0.026806206059731108,0.07811495603046287,1.0,0.4,0.6,34,9.755504531220756,32.62969455618991
21,25,0.22498022255824304,0.2591666598965245,0.25254128372380763,0.23345571741702534,0.2215204535076164,0.15574768159355643,0.029515610414015,0.08596750129094313,1.0,0.4,0.6,36,9.585702168894269,31.312106022651623
21,26,0.22466592667167173,0.2577877518089438,0.2514554834762822,0.23345538537229038,0.22098045734690064,0.15564062600614406,0.029513841879650907,0.08596224826231588,1.0,0.4,0.6,38,9.449284694438663,30.28937864187384
21,27,0.2183592477916621,0.2500104731542308,0.24336169048418438,0.22657298970717904,0.2152965148602854,0.15532344800019238,0.026835680080304323,0.07816789105690394,1.0,0.4,0.6,40,9.501307514622155,30.916464807346536
21,28,0.22266148501156613,0.2537485266889973,0.24709457913709781,0.23007733792005103,0.21926761922051977,0.15401873100628605,0.029489743500308422,0.08590711160370398,1.0,0.4,0.6,41,9.366453369383478,27.378801420445395
21,29,0.22307430951281493,0.25399042089899015,0.24763782071702584,0.23129268588094432,0.21826177823712625,0.1544765393991419,0.02949069669374282,0.0859075803298521,1.0,0.4,0.6,43,9.361540456500547,27.61156206952454
21,30,0.22119993289710901,0.2519205873613666,0.24556618227791333,0.2302222384887487,0.21630402270285545,0.15827160575719657,0.026846666430747766,0.07827719731702673,1.0,0.4,0.6,45,9.241303696794247,29.588779739283243
21,31,0.2220321209829666,0.25179678607542066,0.24543357814768244,0.23078014745797357,0.21859008647602227,0.15295067113032573,0.029739410298236596,0.08687956046831254,1.0,0.4,0.6,47,9.311605416621802,29.632195978463656
21,32,0.2154687391879785,0.24245345482915392,0.23636769636344818,0.22220092675043956,0.22059123098385125,0.1532775517865648,0.026832030921237888,0.07815344587499748,1.0,0.4,0.6,48,9.291258605566268,27.739267038968176
21,33,0.21707029767144448,0.24391094975774963,0.23782387236368574,0.22455408229154006,0.21277162244054548,0.15490003980962377,0.026834066667464972,0.0781580756683866,1.0,0.4,0.6,50,9.265030159359394,27.819824282842056
21,34,0.21308703028857476,0.2397725137062789,0.2336840209330432,0.22063226461945848,0.2088330316136039,0.15574725032251374,0.02459795228614168,0.07164191771163186,1.0,0.4,0.6,52,9.285550051360811,27.876747303299982
21,35,0.21639402238581545,0.2428126679581446,0.23672170488631078,0.22433915219618478,0.21237373079938549,0.1542938106306772,0.026835578542373104,0.07815969022676479,1.0,0.4,0.6,54,9.213306941577924,27.9089919577438
21,36,0.21666850377576574,0.24321582545885878,0.23773189780239606,0.22625160648002823,0.21229351480492853,0.1545736108905047,0.026838113797809062,0.07816363117904335,1.0,0.4,0.6,56,9.228890401941586,27.585853693429303
21,37,0.21662380068594175,0.24286808162828344,0.23677552938519025,0.22675174968139203,0.21239056203674994,0.15454320549047068,0.026838637097002054,0.07817421523474381,1.0,0.4,0.6,58,9.228399730685387,27.631776035388164
21,38,0.21909261729749815,0.2450256157042941,0.23953609290967703,0.22982158084166782,0.21639066498663367,0.15709734005506698,0.026836793832424155,0.07817176173928327,1.0,0.4,0.6,59,9.2020126692067,28.02592671830044
21,39,0.22643774869997607,0.24935991745470076,0.24414580468189803,0.23464088620622234,0.22607849131922303,0.1512155686143295,0.031747243498127374,0.09780928735779128,1.0,0.4,0.6,62,9.112045074513324,32.32587459380647
21,40,0.21208591429688875,0.23397967434335815,0.2290591340603356,0.22062423777864304,0.2091851999583837,0.14661763696151536,0.026544190013791255,0.08533055240857607,1.0,0.4,0.6,67,9.057698006180416,33.869049041661974
21,41,0.20647271050082888,0.22836565934635245,0.22344508808793057,0.21590789039847536,0.2028221712636687,0.14661801649901465,0.02413258751065201,0.07758257462024333,1.0,0.4,0.6,69,9.066835480324375,33.87169103715422
21,42,0.20646094729804282,0.2282189506047326,0.22329715153791443,0.2163777667013765,0.20305770207099894,0.14662156435531898,0.024136148647307856,0.07759185059118337,1.0,0.4,0.6,71,9.032892500204689,33.89180487711291
21,43,0.20667175300045124,0.22835386177963068,0.22343136161153113,0.2180102702763977,0.20330921505183044,0.1467835585929287,0.02413728230299615,0.07769332932395756,1.0,0.4,0.6,72,9.046166647122424,33.4071277182849
21,44,0.21820571969225558,0.23971763152140826,0.23479354097789173,0.22693178611148268,0.21490227547494808,0.1504460546481559,0.02849286628628414,0.08795555322529662,1.0,0.4,0.6,74,9.08480230053855,30.83056667556597
21,45,0.201620564203137,0.22226005637557783,0.21763095621591927,0.21272968560898253,0.20142026747425024,0.14658694956172752,0.022164127994537482,0.07122867668565544,1.0,0.4,0.6,75,9.01452767924309,33.77047800850372
21,46,0.20162110009998002,0.2221826222914987,0.21755279035619868,0.21296654938027637,0.19846535286596878,0.14656346660385605,0.02213277387218967,0.07131098916867865,1.0,0.4,0.6,76,8.972340047896019,33.73399166871123
21,47,0.2280954048995805,0.24840908975035944,0.24407994913883943,0.23848246879574378,0.22587362974260392,0.153683172872428,0.03160687382473024,0.09734551471479248,1.0,0.4,0.6,77,9.128007997156946,47.11733974613386
21,48,0.2279466779043434,0.24734844405647374,0.2430109496654699,0.2380104988647956,0.22778392466960648,0.153683172872428,0.03160687382473024,0.09734551471479248,1.0,0.4,0.6,78,9.082399517724456,46.85954532021962
21,49,0.21302117241874582,0.22624651243644542,0.22094396942498581,0.2107568838584472,0.21737481112502244,0.14593760758262977,0.030566910187575586,0.08765418700131199,1.0,0.4,0.6,81,8.436274973992258,31.800128756823057
21,50,0.21289343570600786,0.22539111707029472,0.22038487935094828,0.21096415387477727,0.213490063592111,0.14590954126968275,0.030588349654488155,0.08768888906401771,1.0,0.4,0.6,82,8.395337405695257,31.96780422355315
21,51,0.2120895311425361,0.2239505968882408,0.2198475190350607,0.2160501739010173,0.2108559771246883,0.14500489337854075,0.030826425338812614,0.0879357205643582,1.0,0.4,0.6,86,8.252979030048342,32.38285587730166
21,52,0.2129233090769157,0.2242143633171478,0.22010608307170634,0.21693053416995475,0.21149636893545865,0.14564498772096743,0.030731099903491977,0.08847090898851787,1.0,0.4,0.6,90,8.272365247787308,32.17220129755543
21,53,0.21293946930619936,0.2242059783812233,0.22009746892790405,0.2169210731852193,0.2110811457290496,0.14566104984136077,0.030747183263934847,0.08846675920900235,1.0,0.4,0.6,92,8.262917525868016,32.286192263637574
21,54,0.21292620775337578,0.22418314653280202,0.22007455440735707,0.21689782543676006,0.21103391948767636,0.14569516164530477,0.030711394705432313,0.08841417040185866,1.0,0.4,0.6,97,8.267733581795207,32.14804866342307
21,55,0.20496540047144146,0.2161374338500427,0.21202809737442613,0.21011335687550442,0.2032237407851556,0.143616040372751,0.027942336608199086,0.08047967038287282,1.0,0.4,0.6,99,8.336175935360405,31.816473910398745
21,56,0.21271042570807314,0.22384819082753699,0.22004147649820543,0.217404791963211,0.2112577496597833,0.14567755453068487,0.030591004090696185,0.08821865808658112,1.0,0.4,0.6,100,8.284918581502138,31.96956570651145
21,57,0.21192155311032407,0.22267797011335907,0.21917072654309008,0.2209569120579186,0.21021908169168937,0.14518554091748237,0.03031620985081351,0.08802976190431379,1.0,0.4,0.6,118,8.277663336316724,32.076792491394954
22,0,0.9383336031889432,0.8875613604672994,0.886678798836288,0.8827279947302504,0.0,0.0,0.0,0.0,1.0,0.4,0.6,1,233.6129380728691,1351.2288162688592
22,1,0.9625491094178145,0.9623538236599984,0.9613143069703292,0.9570716569954668,0.12360627064186334,0.09468339566201324,8.330612368150826e-05,0.00012058127474219001,1.0,0.4,0.6,3,216.46897780706544,1249.3374984675722
22,2,0.5992297934095118,0.8450909695395085,0.8431206978007485,0.8352779891711299,0.5880709584850627,0.127332907323618,0.002615921955700698,0.01055838801197187,1.0,0.4,0.6,4,118.18210830473072,545.3826304090777
22,3,0.47184513255924726,0.7780668339988801,0.7751913311316807,0.7638886563735974,0.34922002441516353,0.15710348698052218,0.0068399717276492545,0.03864986330429257,1.0,0.4,0.6,6,76.86534706025805,16439.404051220816
22,4,0.416765106405519,0.7279722731548279,0.724809804159158,0.7132611712513572,0.22218519450596122,0.1564547839574954,0.003460261541504295,0.0194288751587817,1.0,0.4,0.6,8,66.29726354591148,16413.90120154448
22,5,0.41257058796053925,0.7243864689774487,0.7211700195733782,0.7100337282092782,0.1934391459668037,0.15753528546215617,0.004399517936881575,0.02249571352035763,1.0,0.4,0.6,9,64.06960576221734,15896.079798634177
22,6,0.32017819644533557,0.6176707008900468,0.6139686130396711,0.5994948968424328,0.4556674098963332,0.15230401051353196,0.004213530019358023,0.02096837760534031,1.0,0.4,0.6,10,42.050575757424525,15923.168260698798
22,7,0.3069515583268685,0.598827094102789,0.5949856411908104,0.5799790493790791,0.21666859868112964,0.14952113394639815,0.005128655199050597,0.02319039751365695,1.0,0.4,0.6,11,38.307534466126135,15931.343454334572
22,8,0.24092254300984348,0.49977544431402754,0.4953263216799148,0.4783518072377247,0.3670041515168359,0.13398324536132117,0.0031589687319764463,0.014350795751626089,1.0,0.4,0.6,12,29.95269808368453,15387.875629165992
22,9,0.24053085602506435,0.4985496495790049,0.49439009376881676,0.477565948982948,0.14698317763655994,0.13426000711113167,0.00321887736018946,0.01468930434187811,1.0,0.4,0.6,14,29.816798814447825,15764.608539118595
22,10,0.22155305227749655,0.46285100978465593,0.45844712742223453,0.4415535004670575,0.18464790962196395,0.13230972877805355,0.0024203616268728724,0.0108537561555166,1.0,0.4,0.6,16,25.79847787394874,15354.520453538236
22,11,0.229862133045953,0.4676213771628561,0.46316805078510737,0.44707342993018295,0.1693498457151428,0.14250110042248335,0.0027596338787645638,0.012097650650492089,1.0,0.4,0.6,17,24.004627763668413,15476.231339309285
22,12,0.21277371887454083,0.4286890077099097,0.42395089524673024,0.4072611051838768,0.20050260225607686,0.1396792150774612,0.002813395324670827,0.01235067629204754,1.0,0.4,0.6,19,20.95768515570837,15354.727972179531
22,13,0.20314766459677502,0.406546511880349,0.40165543493493117,0.38487400012434425,0.17362567472038778,0.1368003567974791,0.0029088098324178487,0.01266399257097409,1.0,0.4,0.6,21,19.730583063351247,15237.119776670635
22,14,0.1971459974556685,0.3913193453159498,0.38631915508592424,0.3698138824427081,0.1642128795323377,0.13727577688056453,0.0022802220444414433,0.01006105163116966,1.0,0.4,0.6,23,18.616639992564902,15173.30225857958
22,15,0.1942780680480049,0.3838151825143407,0.3793669371505178,0.3637385609687252,0.1537834408600801,0.13798254120525405,0.0017900716443690528,0.00822439834130863,1.0,0.4,0.6,25,18.39060944488936,15357.407011657117
22,16,0.19375213060967042,0.3812465356446846,0.3761693724716364,0.3600731226613643,0.15171898822066035,0.13698752005083775,0.0023090915158560828,0.01008382406954725,1.0,0.4,0.6,26,17.23325199758924,15108.641817024867
22,17,0.18943955629680237,0.3740983959323829,0.3695943530917707,0.35448382503945464,0.153677908189767,0.13615996311434758,0.001542907961447251,0.007077662976375359,1.0,0.4,0.6,27,17.251542105805697,15237.98760194156
22,18,0.18938525681834634,0.3740133122304121,0.36981179055094704,0.3550438100219263,0.14127579092482084,0.13615996311434758,0.001542907961447251,0.007077662976375359,1.0,0.4,0.6,29,17.26036756264101,15233.237013057787
22,19,0.18279703657596427,0.3415642559147953,0.33647104168467146,0.32212200282967096,0.1796894929769722,0.1386965123064791,0.0024970718092937882,0.00872768698188821,1.0,0.4,0.6,32,16.91616877458491,15303.75335904502
22,20,0.17243758914275875,0.30221669600646645,0.2968192857029321,0.28236715282281694,0.20022698479133824,0.1380381168095762,0.0025010105613091976,0.00884051868158787,1.0,0.4,0.6,34,14.327402985616402,15289.148320450651
22,21,0.16123557699433125,0.2588922810373169,0.25317299132948834,0.23775169220137257,0.20109587451970787,0.13652330583081385,0.002225277874027092,0.007690483144595151,1.0,0.4,0.6,36,12.143278506640153,15234.068470125098
22,22,0.15357602913440424,0.22289206845167983,0.21689889317465888,0.20151111813015005,0.19121675359906923,0.13542251834487462,0.002207363745764834,0.00769892818593401,1.0,0.4,0.6,38,10.619292602865114,15206.094628209985
22,23,0.14742454701475788,0.20782953669338117,0.20175180881526728,0.1868588140640786,0.1521406943516438,0.1318022941798469,0.0019369390878157075,0.006751280965983,1.0,0.4,0.6,40,10.17036193411233,15205.11112761671
22,24,0.14520147329083824,0.20046036840780257,0.19433420416479488,0.1797992950258505,0.14433668460878044,0.1311395238427297,0.0017235086535159917,0.00601080926943115,1.0,0.4,0.6,42,9.87296525905642,15197.094971107665
22,25,0.15009700113972776,0.20214555552117008,0.19659517511186256,0.1848258065417102,0.1422927197980023,0.13745616687186826,0.0014064416116006233,0.0049595231625463995,1.0,0.4,0.6,51,9.776031700996231,15320.286781755109
22,26,0.1508603464184603,0.20225864307326552,0.19609626070580297,0.18537561840082226,0.14266637458139042,0.13735868736684098,0.0019028018397005187,0.0062165565826837205,1.0,0.4,0.6,53,9.612850598853516,16166.461140247293
22,27,0.1489027062032617,0.19464155876625122,0.1890322303960502,0.1767463590305073,0.16102343245549355,0.13748701806356206,0.001407320073012717,0.00492228381969247,1.0,0.4,0.6,54,9.51316340252043,15318.280514012997
22,28,0.15167910841697665,0.19225970687198488,0.18660237340290053,0.17470204251468857,0.15354237675073634,0.14110103184562267,0.0015283143571193745,0.00503570267912301,1.0,0.4,0.6,56,9.233005045365404,15292.103640046786
22,29,0.16230201019588672,0.20130766513098888,0.19593865730637564,0.1883174675535463,0.1562891566950283,0.1466189856645565,0.004612328653639247,0.01199199874105359,1.0,0.4,0.6,65,9.736340326480295,16145.184947558851
22,30,0.15185117287175368,0.18896084314535255,0.18387732165244008,0.18034964893029376,0.14631634734903923,0.14234879614501197,0.0013326264215668014,0.00447307887966659,1.0,0.4,0.6,74,9.089525250336024,15326.348913943744
22,31,0.15071406597349887,0.18346517432091056,0.17864428924731668,0.1739782912613774,0.1603032040998083,0.14197234819488808,0.0013761245529942752,0.0044878027614514695,1.0,0.4,0.6,75,8.989529854324156,15292.3786401761
22,32,0.15035792727213396,0.18239077611637536,0.17756327387342719,0.17349448988189808,0.14741608174524945,0.14174032306677004,0.0013767130242131882,0.00448950451332433,1.0,0.4,0.6,76,8.957704166079814,15323.532066821515
22,33,0.14996174969408008,0.18081386372329336,0.17627846035921857,0.17207598919885336,0.14624217966486502,0.14157995171623927,0.0013764783340832524,0.00446445920865976,1.0,0.4,0.6,79,8.893116135451377,15324.836318477866
22,34,0.14995837776531232,0.18069329010042565,0.17645968256900807,0.1740570017091014,0.14507508816354392,0.1416130281591203,0.0013760077239713835,0.00446373552016395,1.0,0.4,0.6,82,8.883788050034306,15324.306061920595
22,35,0.15083723580822483,0.18071136390537748,0.17616693351895207,0.17350281761034542,0.14715564714350265,0.14263822773240661,0.0013818313072625284,0.00443757109055563,1.0,0.4,0.6,84,8.840124155525679,15326.69392615776
22,36,0.14885039576104336,0.175879899610699,0.17100641128879812,0.17298707151658982,0.1461970997553503,0.1410824978116068,0.0013844175167430567,0.00450233546988805,1.0,0.4,0.6,89,8.78873716381707,15329.441460933784
22,37,0.14870273650648197,0.17371937315194327,0.169130332642501,0.1716430215359119,0.148087101022477,0.1412674680266684,0.0014003987466776086,0.00452906793994126,1.0,0.4,0.6,91,8.682898669806523,15321.405144742615
22,38,0.1484558110529526,0.17321301476567855,0.16862157003513079,0.17143974712184087,0.145215017758019,0.14107284506103573,0.0013980808725639147,0.00451601889444929,1.0,0.4,0.6,92,8.682599650922025,15328.154966573726
22,39,0.14845581104694064,0.17321301476056117,0.1686215700300134,0.17206883704638762,0.14434177284438754,0.1410728450562901,0.0013980808721737207,0.00451601889408989,1.0,0.4,0.6,93,8.682599649432168,15328.154966668262
22,40,0.15332257031343735,0.17818532416784066,0.1745037272790791,0.18102749624843964,0.1492975634875248,0.14584583201411322,0.0013973600631113786,0.00471876335809578,1.0,0.4,0.6,102,8.887706415199506,15343.733979826631
22,41,0.1525844851424136,0.17679744862804359,0.17310991656167002,0.18025262340822368,0.14933637000687083,0.14528225751077697,0.0013922388130854222,0.0046127319814183495,1.0,0.4,0.6,105,8.903836234213559,15344.773795256227
22,42,0.1535452955742945,0.1760606406803225,0.17235757837080862,0.18008229390443078,0.15270171213811246,0.14645362379769478,0.0014060268029323676,0.00472287994007993,1.0,0.4,0.6,107,8.824529634808806,15351.870805125356
22,43,0.14695838897331687,0.1680611412434584,0.1652540577142728,0.17839443648716688,0.14377562372939667,0.1406085252251581,0.0012793124825518376,0.00403332774650983,1.0,0.4,0.6,131,8.497277527985563,15115.864077130767
22,44,0.14816611292193743,0.16906219902208103,0.1662532591957195,0.18003959021546312,0.14512851431445634,0.1418521192584258,0.0012941863277506544,0.00402013877429326,1.0,0.4,0.6,133,8.47556162356153,15117.133828420156
22,45,0.15124637522571363,0.17154283804718432,0.16812244741017301,0.1835369450458188,0.14840010651668975,0.14474643289904188,0.0014273721476873182,0.00435583073794674,1.0,0.4,0.6,136,8.460929437626149,15138.257508818564
22,46,0.14877017515646504,0.1692814375126293,0.16677190488274352,0.18364577595051848,0.1455198434608758,0.14238593635118676,0.0013346825164310139,0.00423984144694013,1.0,0.4,0.6,139,8.430372495468069,15108.755199829144
22,47,0.15003000565638971,0.16820046396828225,0.16476065710932147,0.18139598169138343,0.15401688890809387,0.14387313363121676,0.00143409870132119,0.0043562182991324595,1.0,0.4,0.6,140,8.330436827634442,15142.635334082548
22,48,0.150244528556498,0.16816679264991838,0.16502774499846687,0.1838473612209163,0.1474647968745197,0.14399862305131672,0.0014771410163325865,0.00456707377052685,1.0,0.4,0.6,147,8.342174193122544,15143.792542002528
22,49,0.15023573040253266,0.16751212565551316,0.16497308288944953,0.1862392752070701,0.14819266455178506,0.14403841581764004,0.0015144649270253622,0.004683134348973,1.0,0.4,0.6,151,8.302046555618539,15143.830517944292
22,50,0.15008675571751526,0.16725081161493413,0.16440779679882783,0.18590280354396096,0.14741496138134946,0.1438993774774021,0.0015208287882828681,0.00466832449685591,1.0,0.4,0.6,154,8.283080388959071,15143.990842952651
22,51,0.14329079085351634,0.16011102887626733,0.1593856360856233,0.1912961829117607,0.14078053929783832,0.1376901569959449,0.0013268346420347856,0.00408026756273418,1.0,0.4,0.6,181,8.31192157491539,15143.927676590807
22,52,0.1427257455417655,0.15959658570927787,0.1591745906915292,0.1934144501273783,0.1401252290866742,0.13712814100870724,0.0013397884658626336,0.0040772332433863705,1.0,0.4,0.6,190,8.400170469681937,15145.30854949476
22,53,0.14246615145207275,0.15847533950555082,0.1586515005141414,0.1948240529007403,0.14059697200775434,0.13702797844806788,0.0013410165659271736,0.00408770900783611,1.0,0.4,0.6,196,8.314818503511525,15144.901223647572
22,54,0.1428753482307827,0.15838462173608836,0.15855623508782396,0.1958974919692587,0.1413406806295125,0.1375175097344083,0.0013372817848832765,0.00408880540004408,1.0,0.4,0.6,198,8.302520283977117,15148.538218712434
22,55,0.1427533474132942,0.15815666152353072,0.15832733450648304,0.1955125363343438,0.1407546632349395,0.13740878291163297,0.0013422274899225818,0.00409143803322704,1.0,0.4,0.6,199,8.280651465427178,15148.810040268949
22,56,0.14270067098386047,0.1580588473379084,0.1582290694498233,0.19575733379147042,0.1405056426696826,0.1373660424761808,0.0013405381504593547,0.00408793859236628,1.0,0.4,0.6,200,8.28455042765535,15149.712908705638
23,0,0.9744056264855037,0.8972310177206146,0.8964244781965881,0.8927638651720184,0.0,0.0,0.0,0.0,1.0,0.4,0.6,1,203.24283102098133,1388.9102398334662
23,1,1.0186804243147363,0.9826496204105621,0.9817237684880105,0.9779168559664336,0.12259171269158586,0.10050598240145714,8.43044078508353e-05,0.00011290944885867,1.0,0.4,0.6,3,190.9852959276052,1355.741472067577
23,2,0.9713935015993546,0.9890839039359501,0.9879848001349049,0.9841089065528127,0.1925746198736204,0.12697118035998128,0.0011109907081846857,0.0028381937977416402,1.0,0.4,0.6,4,177.7200828152219,1179.1499327683875
23,3,1.1862764163497586,1.4966824300623602,1.4932876372588657,1.4806389048834008,1.7722069757888401,0.19344020054402492,0.3394236187833187,1.0,1.0,0.4,0.6,5,64.78144722133668,257.69256969268343
23,4,0.6815460454038086,0.9821361319366655,0.9779166128073786,0.963216002598502,0.6713536692887628,0.09854065356630344,0.15953165221328355,0.5956467597140094,1.0,0.4,0.6,7,46.97443551771484,250.04505237845223
23,5,0.677929420355972,0.9219442324819128,0.9169733544482703,0.8983087192598662,0.7874231760951637,0.15732090753014547,0.17128391904001886,0.6134187698984489,1.0,0.4,0.6,9,28.363654177367994,111.63105141298637
23,6,0.5008479805676851,0.7045721136289402,0.6990797713146935,0.6789710998752336,0.5386811471735187,0.15139936421023492,0.11444220847462454,0.4096160586929295,1.0,0.4,0.6,11,22.31737715677816,89.59709060348325
23,7,0.4837391614169014,0.6538609933664297,0.6479830283148021,0.6268308038150017,0.5121812903454076,0.1500700000622524,0.114332917115448,0.4092796418642827,1.0,0.4,0.6,13,18.640899280526,77.81979854030844
23,8,1.3115035574054097,1.4657226848825757,1.4596720466573354,1.439294819901564,1.3070492622275236,1.0,0.059732819865235855,0.4188979175781772,1.0,0.4,0.6,15,17.035924102194357,56.880861859180165
23,9,1.3132602046320274,1.4668428268627927,1.4607854221165009,1.4410184591262025,1.279660804167304,1.0,0.06057660900286079,0.42163734978765965,1.0,0.4,0.6,16,17.0111742679788,56.08036258936027
23,10,1.310472969927044,1.4553296486895442,1.4491795481565022,1.4290594119661262,1.3120336169598206,1.0,0.060698493893132026,0.4220621132031792,1.0,0.4,0.6,17,16.426312285824856,47.86975726623075
23,11,1.379615254563278,1.5160283402316008,1.5097902313749578,1.4889298868017697,1.3815932908563535,1.0,0.0769652959039146,0.531051842865885,1.0,0.4,0.6,18,15.763346523771933,47.452577268760656
23,12,0.35200362129966023,0.47410400602206804,0.46771987882266575,0.4462984012531596,0.37923731507746344,0.1516988176665373,0.06842377265449269,0.2450748086827545,1.0,0.4,0.6,19,14.967988263681663,66.36168676172424
23,13,0.3258023188041932,0.4469736370794811,0.44058007734285665,0.4199324420570605,0.30363810305058636,0.15490525768664282,0.056978300084701027,0.20414224629539643,1.0,0.4,0.6,20,14.77173381094258,72.59351134503068
23,14,0.35212691687516373,0.4661919082597987,0.45972676433903126,0.4382278806302701,0.3548077741108234,0.15406455744194741,0.06845653637767413,0.24512265535491978,1.0,0.4,0.6,21,14.34394795099806,69.9393070316007
23,15,0.3163902095127304,0.41362852345874324,0.4069964930933957,0.38543772739147153,0.3585026252589434,0.1518427102948385,0.05704424371164719,0.2042653272931056,1.0,0.4,0.6,22,13.429169114214154,66.98100502036937
23,16,0.29164730988792076,0.38766064593375904,0.38101660652319297,0.360072743924046,0.2749943461827553,0.1481557869149709,0.04890360239362096,0.17511000898905216,1.0,0.4,0.6,24,13.411750366471312,73.86589499374601
23,17,0.29143786687754464,0.3866941372696365,0.38034556204915926,0.35965070264246407,0.2743013638720272,0.14815578691497092,0.04890360239362095,0.1751100089890522,1.0,0.4,0.6,26,13.328122920640508,74.23823908021564
23,18,0.29012737807190064,0.36995375753619936,0.36345538551429996,0.34183934480474765,0.33015629472270364,0.15051747529584492,0.04889144441833153,0.17508986437765034,1.0,0.4,0.6,27,12.208485871303507,57.56560272039143
23,19,0.267967458993131,0.33037349939269267,0.323708866298008,0.30214374344565076,0.2872347359434939,0.14767523460115245,0.0427877227128388,0.15322494898396896,1.0,0.4,0.6,29,11.388497562304895,57.783462082987285
23,20,0.2986811117043694,0.3584004538711977,0.351407580706829,0.3311814893804921,0.2969777835405345,0.15586065690849013,0.05133076428041125,0.18595960882667648,1.0,0.4,0.6,30,11.479900795419065,39.323686216041125
23,21,0.26604974053019154,0.32400566121655067,0.3176019500509881,0.29674435393548904,0.2624866132997407,0.15155529770910353,0.04068150067075516,0.1465044383661423,1.0,0.4,0.6,31,11.393892466435869,45.54499807513655
23,22,0.27477666572268694,0.324513654808916,0.31742694676104777,0.29757404843267304,0.29372492362239855,0.15277844021242235,0.044007111493989844,0.1594201524781535,1.0,0.4,0.6,32,11.115469399630578,39.73070782099335
23,23,0.2590083916761335,0.3062800692526172,0.299170313856416,0.2802297127468186,0.2549747879901318,0.15163017472274187,0.03850950563186549,0.13950376039958556,1.0,0.4,0.6,34,10.693487478289525,36.959055062737626
23,24,0.2761023330583303,0.32304598641622195,0.3168419518092594,0.2976784599411288,0.2689584479741916,0.15300518419297562,0.044729419641290645,0.16174230572018372,1.0,0.4,0.6,36,10.96993455171623,42.17663566196632
23,25,0.24545332185633806,0.2910582504891341,0.28453882565869093,0.2656615825887563,0.2396665224524835,0.15832954967813515,0.03075393689078492,0.1114954331956092,1.0,0.4,0.6,38,10.48585629268385,43.519346281569845
23,26,0.2450025632050684,0.287209904255534,0.2806588387287327,0.26269706087841127,0.24158545843887488,0.1585106461315501,0.030758357326727128,0.11149349728227027,1.0,0.4,0.6,41,10.33431136863249,42.88810149280077
23,27,1.210234376955624,1.2506157850705888,1.2455625737808549,1.228761141598359,1.205295223926879,0.5872746060794212,0.0402087777155418,1.0,1.0,0.4,0.6,45,10.550310600665457,42.08617174327975
23,28,1.209955020029509,1.2503031212943667,1.2452496009405747,1.2292514263990424,1.2031984699131708,0.586984291599425,0.040251348427670086,1.0,1.0,0.4,0.6,46,10.546270773022126,42.18866282289142
23,29,1.4798242352385156,1.5201324297361491,1.5153814344757497,1.4997961914624682,1.4732008318758798,0.8568457284391766,0.04033033963297651,1.0,1.0,0.4,0.6,48,10.555477790318273,42.35616932350322
23,30,1.2033026445495671,1.2423707568663653,1.2376083023975044,1.2225802635991398,1.2009002413647736,0.5821652130689868,0.03628942907960876,1.0,1.0,0.4,0.6,49,10.26028196033472,40.84210458630589
23,31,0.2527339528237856,0.2901371158321405,0.28475328731350463,0.27117238101248287,0.24722144359391046,0.157857108751002,0.034475639742065946,0.12455382195988629,1.0,0.4,0.6,55,9.817552253756892,46.02914599293948
23,32,0.2518546467377914,0.28926334107336865,0.28387958516723455,0.27234955665971816,0.24550345937415793,0.15723014710502398,0.034435262659382314,0.12416088817634004,1.0,0.4,0.6,58,9.799098124406132,47.82987063066033
23,33,0.24837765215034557,0.2846984490952844,0.27991055743775156,0.2689580948906646,0.2443900625847797,0.15062986890245894,0.03571133739003221,0.12889110208307758,1.0,0.4,0.6,60,10.02789584241352,39.18981567202896
23,34,0.25332555293068637,0.28476451611057274,0.27993155028237704,0.26914439892311615,0.25632759099685354,0.15981320881723232,0.03442175739624435,0.12412288889885696,1.0,0.4,0.6,62,9.599595515716592,44.724090127709815
23,35,0.2410930963883231,0.2706962882920032,0.2658464119435888,0.2576818117410801,0.23924346055159912,0.15669105992550586,0.030983358561210744,0.11176020637684773,1.0,0.4,0.6,64,9.634104281082427,42.74629765270558
23,36,0.24972496624223195,0.27896201697930284,0.27471465684989804,0.26726352625761635,0.24578838805917247,0.1566120016800509,0.034423943967686554,0.12414106397659305,1.0,0.4,0.6,66,9.554402782920826,41.67553559232708
23,37,0.2501340244086559,0.2790763441705131,0.27482626854207814,0.26674224464745144,0.2463209632276823,0.15706997150143712,0.03442511327433761,0.12414297506439538,1.0,0.4,0.6,67,9.541725620342984,41.44633404213982
23,38,0.2495694723787596,0.2770951044318428,0.2722261496870698,0.2649126439212789,0.24917606065258568,0.16550815210451345,0.030990380421259848,0.1117826552526415,1.0,0.4,0.6,68,9.505956600894487,36.04906925977148
23,39,0.2340418448357879,0.2602873523555934,0.25601249900266554,0.25282440216105817,0.23010152151493043,0.15648983878138217,0.02862863169860755,0.10291935686356612,1.0,0.4,0.6,80,9.50997274941916,1313.483928667473
23,40,0.24452662774372708,0.2696319272714243,0.2653466124074351,0.2640055188666378,0.24228383907967077,0.16830636100952223,0.028200579844251096,0.10130434282818523,1.0,0.4,0.6,82,9.385647240795432,43.58502642739869
23,41,0.2449559618866441,0.2699142017595131,0.2659305964248494,0.2651520916132685,0.2412374998156617,0.1687425358304579,0.02821039866488822,0.10135274258859053,1.0,0.4,0.6,84,9.373373171363903,43.59114253033127
23,42,0.24470823497505115,0.2696428848442736,0.2659619815120753,0.26575196730790107,0.24080068121646248,0.1685511129672557,0.028203633438762102,0.10129514556489869,1.0,0.4,0.6,86,9.36895420633866,43.63983324734912
23,43,0.24223757862372475,0.2667724029575706,0.26369378562679513,0.26489653068222474,0.24018706626049102,0.16487142012982053,0.02863453487869405,0.10318469330940261,1.0,0.4,0.6,87,9.256172545317968,42.40550559301953
23,44,0.24491555552859195,0.26736912727958423,0.26427148385125526,0.26772618700947587,0.24242597519603074,0.16787148460033208,0.028642675588191963,0.10321913043657105,1.0,0.4,0.6,93,9.170891778194555,43.8587647342906
23,45,0.24439931829743833,0.26628016572724844,0.2631772450802898,0.2676083885420963,0.24147962513348747,0.16744912619972327,0.02864316148566925,0.10321998352711385,1.0,0.4,0.6,96,9.501625523723364,45.08472692822704
23,46,0.2443608972043554,0.2660983960003109,0.26329716678284776,0.26831415305627243,0.24122974307959172,0.16744912619972327,0.02864316148566925,0.10321998352711385,1.0,0.4,0.6,98,9.47044004031169,45.2026918682913
23,47,0.2538866211836547,0.2752189520101244,0.2721110315245249,0.2785156199916983,0.25094521053020863,0.16793639537036303,0.03261635659732131,0.11572176686619198,1.0,0.4,0.6,100,9.246383100442644,41.67370170667078
23,48,0.2476842459649417,0.2685683028666421,0.2663651067836294,0.2729017599062597,0.245134642378434,0.17097334031623007,0.028631009740094433,0.10317624232938385,1.0,0.4,0.6,103,9.480876730241016,46.25336222554069
23,49,0.2469472048831803,0.267199459469523,0.2652935436352787,0.2717279093777077,0.24613352267706232,0.17035329781295463,0.02863090375241349,0.10317805161778282,1.0,0.4,0.6,104,9.455385818468995,46.73769851565677
23,50,0.24691818161283857,0.2669024575801023,0.2646910323278731,0.2722035769607446,0.2440106464881534,0.17035329781295463,0.02863090375241349,0.10317805161778279,1.0,0.4,0.6,106,9.459047084123878,46.75277798989341
23,51,0.24713430331036973,0.2670741228881673,0.2651653196756323,0.27328773314031857,0.24417579577599516,0.17059212787290293,0.028630693724944038,0.10317685333575981,1.0,0.4,0.6,108,9.453027380716136,46.15005908049643
23,52,0.24717926018470432,0.2647274542341651,0.2624938236387455,0.2699104999015294,0.25207725326611485,0.17098811745995954,0.028642049754685175,0.10320571415243374,1.0,0.4,0.6,109,9.401133026953802,46.051203752945845
23,53,0.24721552611984712,0.26441686135489906,0.2627860187265873,0.28036207009654074,0.24456961843058528,0.17150155081459442,0.028634968818736336,0.10255648964203741,1.0,0.4,0.6,131,9.992173407206108,114.30710216883008
23,54,0.253771969891504,0.26991307339443193,0.2688785681122829,0.2859950784776242,0.2553900445425457,0.17820548013960497,0.02868620436861497,0.10260741071412438,1.0,0.4,0.6,132,9.02938059498152,39.1434820666322
23,55,0.8908008916384353,0.9050394462734634,0.9036846171132764,0.9228283177153421,0.8915905973110163,0.2770627147999692,0.028746989818906925,1.0,1.0,0.4,0.6,134,10.75090864611542,189.7428531697288
23,56,0.25153748503840045,0.2645770968823765,0.26321137032293607,0.28265782118189864,0.2534830852761829,0.17617823721786474,0.028729801526676767,0.10302799925288067,1.0,0.4,0.6,135,10.784906086069768,189.31002432134616
23,57,0.251345449102792,0.26425282761166885,0.262885872340714,0.2833615132067717,0.2495363371299767,0.1762550907993818,0.02862556172518217,0.10268400038118013,1.0,0.4,0.6,137,10.813081483019594,187.88338340209447
23,58,0.250518103615419,0.26312093297992467,0.2614483268729027,0.2819058267221955,0.24923732736263,0.1761698119076288,0.028359290710789645,0.10168086364847499,1.0,0.4,0.6,138,10.776751316103608,188.05309384882457
23,59,0.25113608718285907,0.2633624202332608,0.26259528217032746,0.2833819223856446,0.25139691881611514,0.1760274897782022,0.028689304735440305,0.10289687786349344,1.0,0.4,0.6,139,10.753227649294733,188.4567907286903
23,60,0.2514666572627129,0.2610807962519824,0.2599870452086633,0.2858963303153801,0.2506102523371478,0.17780621606997749,0.02806601932551045,0.10155231515648595,1.0,0.4,0.6,152,9.713401557751736,110.06556395886466
23,61,0.2508813340846063,0.2603521522721014,0.2592570929621269,0.2858551696355267,0.2496388878295231,0.177245168894612,0.02806504552500111,0.1015493380144322,1.0,0.4,0.6,154,9.70906238858942,109.60550879291522
23,62,0.25123180536449946,0.2602663371218866,0.2594702913593767,0.2878274209722446,0.25070708175827594,0.1776773064381011,0.028063684593645756,0.10154925436242716,1.0,0.4,0.6,156,9.697957724862286,109.2738643112822
23,63,0.24955906172640832,0.25692861394342437,0.2558145022892696,0.2868494271887695,0.24944821426027156,0.17626337626411512,0.028057477813413865,0.10152452490774214,1.0,0.4,0.6,161,9.640201237019848,108.74857860568927
24,0,0.9410941208169114,0.8883139293270864,0.8874373353542832,0.8835090406200891,0.0,0.0,0.0,0.0,1.0,0.4,0.6,1,231.02656801260332,1353.033786490156
24,1,0.9601491060559015,0.958533596914174,0.9574987784372144,0.9532738018555249,0.11942701117339591,0.09028194294031328,8.370552690093721e-05,0.00010370647492360999,1.0,0.4,0.6,3,214.63187305994668,1265.4329777445816
24,2,0.9533789240420844,0.9928834866733048,0.9917079056609525,0.9875393217660903,0.1943451039946013,0.140768914484866,0.0010876100402474702,0.00242670873528536,1.0,0.4,0.6,4,201.3489914607155,1114.7806963910575
24,3,1.2237395326859863,1.53446997553405,1.531054205195761,1.5183269018782433,1.7925343732029275,0.2377660728630763,0.32976188236364135,1.0,1.0,0.4,0.6,5,74.89022137082044,233.0599791918609
24,4,0.6888538062016091,0.9981501159415718,0.9941488449180882,0.9802904857405013,0.6199934598253198,0.1338539715450305,0.15485055427428657,0.5202509476691801,1.0,0.4,0.6,7,56.87671388048126,236.9870197345413
24,5,0.662466147829288,0.910683523917021,0.9057725968725239,0.8873380986243435,0.79311791190219,0.1992336646495418,0.16622280399616532,0.5154245488049912,1.0,0.4,0.6,9,30.633206699223024,109.41987664067732
24,6,0.5035525555105873,0.7134879996800977,0.7080707699915948,0.6886805811621982,0.535277178596872,0.18400271555402742,0.10501372428771906,0.36046472406968283,1.0,0.4,0.6,11,27.026968846124,144.98711055537387
24,7,0.4885319967360897,0.6612952406718131,0.655446397845834,0.6344060874460029,0.5242911820199326,0.1943458532775875,0.11095615596105028,0.34393173720207476,1.0,0.4,0.6,13,19.68053324008248,77.41741376639891
24,8,0.4128162780317581,0.5537680795014934,0.5475776162936978,0.5255982844029625,0.4438130789888185,0.19297817863383654,0.08325560718977619,0.2580109886563787,1.0,0.4,0.6,15,16.768867984811685,76.5627867267736
24,9,0.4726921264827044,0.6098714017342657,0.6036416867890122,0.5819601217042146,0.45658504215261275,0.1917046520943295,0.11062156353279393,0.34372533256894106,1.0,0.4,0.6,16,16.352836848686323,79.50714120840153
24,10,0.4021141347491236,0.5153056759979262,0.5088317930964998,0.48621667305482363,0.4684652919596188,0.19048918337845305,0.08335302343504872,0.25819880274172713,1.0,0.4,0.6,17,14.707960756449737,68.69702033526188
24,11,0.3877561020185267,0.4998122105481605,0.4933267848630285,0.47151997244086963,0.3692239578656495,0.19379200863917043,0.07493512838517788,0.2349363302514706,1.0,0.4,0.6,18,14.675854661395492,48.19439516501638
24,12,0.35869140145420375,0.45394733725512393,0.4472958943868904,0.4246208095382296,0.4007213941719503,0.18936649939953007,0.06670124992558071,0.20661257946896439,1.0,0.4,0.6,19,13.384653140189492,68.43171249715729
24,13,0.34519821352272495,0.42882658724050693,0.42206191549334815,0.3998313620203837,0.37099553003015406,0.1925272700795791,0.05996670462832496,0.18800196834019406,1.0,0.4,0.6,20,12.913172635734815,43.09249738310041
24,14,0.33950486366339017,0.4029257334738407,0.39596782870004615,0.37347753718097226,0.3634948012156693,0.1912030380490614,0.06000520027478602,0.1880559955497631,1.0,0.4,0.6,22,11.853721778446571,38.58262352263065
24,15,0.31531430052515524,0.37140535353715765,0.36437824788455003,0.3422963042988111,0.31801058990615483,0.19127085341145175,0.050017824661421094,0.15675488644384722,1.0,0.4,0.6,24,11.415875585925289,40.23054363280144
24,16,0.3365415996933472,0.3912149162455777,0.3841745217415897,0.3625343983176872,0.3317177208370054,0.1900019784294876,0.06001349164414134,0.1880509296274599,1.0,0.4,0.6,25,11.497642925374365,38.24048525797525
24,17,0.2964761521596205,0.3468083566977986,0.33972723996243037,0.3183778273101628,0.30256764577749656,0.18983877009663822,0.04287735441980235,0.13438115149662933,1.0,0.4,0.6,26,11.109467051603652,38.93835360474707
24,18,0.28600749503782097,0.32934664299679683,0.322200241433706,0.30156536447649646,0.2844634406045191,0.19303215314615327,0.03745546660884848,0.117429205352932,1.0,0.4,0.6,30,10.514662070671388,37.42752936537831
24,19,0.2859199505615826,0.3288761336407539,0.32202911261988176,0.30170534601807003,0.2792787689500803,0.19303215314615327,0.03745546660884848,0.117429205352932,1.0,0.4,0.6,32,10.502382293172284,37.06912678127128
24,20,0.2859193943346426,0.32896253578851964,0.32241922100252207,0.30270380254494034,0.2784769673500978,0.19303215314615324,0.03745546660884848,0.117429205352932,1.0,0.4,0.6,34,10.50148969524569,37.09878627658799
24,21,0.2746976443808656,0.3131609540825287,0.3059692916811175,0.2879653348894876,0.2755562665470028,0.1922323802316498,0.0332263649730778,0.10422039881152056,1.0,0.4,0.6,36,10.496691728405942,36.33653382205547
24,22,0.2942895153181297,0.3321924229157794,0.32499556435607635,0.3077392126164711,0.28870529997074545,0.21192077085609634,0.03325880609546946,0.10420714788706165,1.0,0.4,0.6,38,10.383785827181502,33.68380709950227
24,23,0.31186241624118216,0.34566273772662093,0.3384279359971546,0.3205587923063208,0.3199802713528358,0.20856873445843868,0.04276670807567325,0.1339626743403694,1.0,0.4,0.6,39,10.115133533101202,29.32964662489968
24,24,0.28161951328925583,0.3154798657709661,0.3085485219589576,0.29180743145607163,0.27586782867321696,0.2000078616916102,0.03322251897169273,0.10419782900179067,1.0,0.4,0.6,41,10.27066661356544,37.9875757188348
24,25,0.2938408649067279,0.32508349316068386,0.31873388375046285,0.30502233303625104,0.28947416539552345,0.2078092153842785,0.035689560793805676,0.11073636500747353,1.0,0.4,0.6,51,9.70787871242525,41.134569939236
24,26,0.29062890546196873,0.32050518734786726,0.314142997431226,0.30238087807829,0.2870919336130296,0.20483543097923418,0.03568901225388838,0.11073443200502416,1.0,0.4,0.6,54,9.714361470802125,41.06903150851754
24,27,0.29287897103801874,0.3219911794922424,0.3159250003788711,0.3046030012831721,0.2893916242928346,0.20723051568252876,0.035696184089703174,0.11073319957814658,1.0,0.4,0.6,56,9.67276306462722,41.36788085976267
24,28,0.2971518555485299,0.3224618165803851,0.3166636391079395,0.30280330031968383,0.29945645639457874,0.21288898629316813,0.035248657295122596,0.10982764158918008,1.0,0.4,0.6,58,9.452450567859811,46.68945982336969
24,29,0.29693254481594855,0.32102216166862957,0.3155157199059577,0.3020709471153447,0.2950830651607619,0.21288898629316813,0.035248657295122596,0.10982764158918008,1.0,0.4,0.6,60,9.384249319442574,46.74435708191103
24,30,0.2816778797879087,0.3048054526953637,0.2992902112053918,0.2913845925540354,0.27808523560126186,0.21256451729933187,0.028710121412044494,0.08957076644991133,1.0,0.4,0.6,71,9.417198293927465,45.993550317823534
24,31,0.2862000501200054,0.3086049717829614,0.3033861406782008,0.29508049941962644,0.2851790675481039,0.21308589283892326,0.03049707640687703,0.09527252392976984,1.0,0.4,0.6,72,9.506908066088275,46.31519652641332
24,32,0.291591333453878,0.3141392836822142,0.3095276035531772,0.30220336422657057,0.28791415627701944,0.21522504108906984,0.031984858809859525,0.09971206291761991,1.0,0.4,0.6,74,9.289310083173746,45.87497008977823
24,33,0.2918123532484848,0.31279921106058933,0.3084762298047471,0.3025547463787325,0.2911059204471995,0.21571703206758194,0.03198549982340525,0.09971347463064514,1.0,0.4,0.6,76,9.240176644840307,45.68280172760456
24,34,0.2950073636438615,0.315416211100884,0.3107849828959513,0.3055582254347186,0.293259942393372,0.2189826081538313,0.03199475263230994,0.09972387889213452,1.0,0.4,0.6,77,9.279873411553035,45.831639742725
24,35,0.29365413210832925,0.31266272843977405,0.30832165240524645,0.3026488549172441,0.29549350491049975,0.21462419676144892,0.03418803617100479,0.10367556897725276,1.0,0.4,0.6,78,9.230673509182033,66.41142102112829
24,36,0.29271361774007404,0.3109494539850749,0.30660132459196143,0.30153702128295234,0.2909844557748985,0.21386948972760456,0.034134593353566535,0.10361075360133334,1.0,0.4,0.6,80,9.239329600469718,66.76026151703614
24,37,0.29261164226949643,0.31018879690607626,0.3058346543919976,0.3010651623697118,0.2919004497403019,0.21387700897791012,0.03413319310298502,0.10360691627922289,1.0,0.4,0.6,81,9.212271136114198,66.67655814929319
24,38,0.2919003618371971,0.30724945106440565,0.3034809939987075,0.2996956326072703,0.29745357379982357,0.21602070087552624,0.03316324844846066,0.10013986581181751,1.0,0.4,0.6,82,9.061826916607457,45.844853404631
24,39,0.2907192328795976,0.30462152390816194,0.30053696143797487,0.2971313367446948,0.28948693543260196,0.21549911382458814,0.032844188014032286,0.09961308599906628,1.0,0.4,0.6,86,9.021988043997077,45.295986080788026
24,40,0.2909305598226246,0.30478013601575976,0.30099804442733297,0.29907243239535,0.2887679429785938,0.2157374603512793,0.03284199873841053,0.09960720015613812,1.0,0.4,0.6,89,9.027844909346944,45.280451705550966
24,41,0.29115003970361786,0.3047211995611264,0.3012395087398819,0.29923400635891695,0.289326317694347,0.21602148977946758,0.03283890947837483,0.09959886828486499,1.0,0.4,0.6,92,9.029443376445986,45.85588714605011
24,42,0.2772648574883605,0.2905265389128335,0.286436165273223,0.2907449673016338,0.27510970311061755,0.2117418090272591,0.0278155966823757,0.08697271537921654,1.0,0.4,0.6,104,9.223510933495676,46.79434344276751
24,43,0.2775254774200201,0.2875841233097032,0.2831616425366899,0.28875726512313515,0.28098983922923426,0.2102725501785984,0.028822330947874453,0.08999816602424605,1.0,0.4,0.6,106,9.133596347714798,46.7085967066234
24,44,0.277519828179795,0.2877221206362467,0.28390688969808564,0.2913624739916201,0.27583062243081297,0.2102725501785984,0.028822330947874453,0.08999816602424605,1.0,0.4,0.6,110,9.128549395774312,46.66655378044874
24,45,0.27719473564114816,0.28730671915715295,0.2831877459789059,0.29002131624184485,0.2754764150687174,0.20992673591010197,0.028844758407906877,0.09001783150848022,1.0,0.4,0.6,111,9.084848237253086,46.26153004209654
24,46,0.2813481284779386,0.29134154049249705,0.28752442791365146,0.29431395394849696,0.2803558962074899,0.21409803319100001,0.0288293819533178,0.09005229922181782,1.0,0.4,0.6,112,9.034023661093324,46.27367416057543
24,47,0.28100057402557777,0.2898086809255834,0.2856778803399631,0.2934461480923716,0.28312908308683077,0.2137660770085254,0.028879275773141522,0.0902758821873976,1.0,0.4,0.6,113,9.058951957635736,46.43845475800892
24,48,0.288722929763886,0.29678801311110714,0.29204453199361363,0.29019254066227146,0.2874628663675669,0.2196568349023607,0.029864681300435226,0.09281643178828324,1.0,0.4,0.6,124,9.149308912350268,45.42330892038461
24,49,0.28543211549106334,0.2912180075701852,0.288271738102336,0.30215661491071066,0.2856042554438732,0.2170027854779059,0.0297990760746231,0.09251782301429759,1.0,0.4,0.6,132,9.042050044275769,48.91249720995104
24,50,0.2826994164406961,0.2882550264314985,0.28560960458176576,0.29980313763367405,0.28281209101372373,0.2144335345775667,0.02977627398228646,0.09234163273500277,1.0,0.4,0.6,133,8.993940534534051,48.69348636186894
24,51,0.2853171761913984,0.29064508351867124,0.2876946606450569,0.30295680693679666,0.28461595364569225,0.2169486775548969,0.02980019683721251,0.09253149264904134,1.0,0.4,0.6,135,9.043671805691876,49.02435857027204
24,52,0.28902119839515383,0.29436746118484736,0.2923261586985199,0.30852486847265903,0.28896537047065973,0.2206657627321654,0.029772665069589675,0.092591629120511,1.0,0.4,0.6,136,8.992412106475664,48.07573047105368
24,53,0.2863372825516428,0.2897683245549475,0.2880126679182331,0.30478907800101274,0.28907285981447395,0.21832933896566448,0.029739008584968876,0.09253833574067262,1.0,0.4,0.6,138,8.944065338006622,48.16604095335592
24,54,0.2891262019231672,0.29201564754648746,0.2902550556434281,0.30771987255137884,0.28951525988578936,0.2209542577102229,0.029871947101266037,0.09285814714275398,1.0,0.4,0.6,140,8.968705961706378,47.98294318989474
24,55,0.28913078420007726,0.2920492064449546,0.29059186728423547,0.309417817948729,0.2886821349272685,0.22117325663334547,0.02977109673077201,0.09258320637647191,1.0,0.4,0.6,144,8.98838371022741,47.8996388535728
24,56,0.2885268981351586,0.29097116771147924,0.2901155296133328,0.314753687602011,0.28836615086669865,0.2189089024034408,0.030223678457989428,0.09521162104087436,1.0,0.4,0.6,153,9.16160394653114,48.717997319249
24,57,0.2878132981799215,0.290151265901068,0.2889917052357386,0.31499647086641874,0.2874321565131498,0.21831945794717647,0.030215732149352192,0.09501403603954509,1.0,0.4,0.6,156,9.079852630026302,48.94911167551304
24,58,0.2882075135219849,0.29032561285237035,0.28946704161213704,0.31549052750544315,0.288880216966826,0.2187597814253722,0.03022052491103927,0.0950108374286732,1.0,0.4,0.6,157,9.083568901057593,48.78339228511697
24,59,0.2881525750101431,0.29019469551867866,0.2893354144282884,0.3160545878936716,0.28806246305249095,0.21871860667498413,0.030220260531508857,0.0950069112289026,1.0,0.4,0.6,158,9.08548877236478,48.7217908658314
24,60,0.2880131524965397,0.29002304547184676,0.2891634859917584,0.3165798233200233,0.2877827212322506,0.21857761285649172,0.0300967626801324,0.09509982338033168,1.0,0.4,0.6,159,9.106180288558466,48.80024860458242
25,0,0.944770449279811,0.8893124322758343,0.8884436072502557,0.8845453241988901,0.0,0.0,0.0,0.0,1.0,0.4,0.6,1,227.423601739274,1347.3619939317666
25,1,0.967443943148957,0.9632712296481508,0.9622447111466733,0.9580515514624204,0.12301564516007706,0.09395699939301431,8.413625095935061e-05,0.00010707645313331,1.0,0.4,0.6,3,211.0067590550981,1259.901820133312
25,2,0.9626156086576112,0.999095801564502,0.9979310712844887,0.9938039457196376,0.1982538859112117,0.14554406705128212,0.0010897457324875602,0.0025194280875505603,1.0,0.4,0.6,4,197.9809902187582,1105.3760480191963
25,3,1.2641838574381299,1.5732047155397195,1.5699642135849485,1.557910975634257,1.7516331818050772,0.25417069779935847,0.32977779901661847,1.0,1.0,0.4,0.6,5,75.54881910038502,211.7719783135556
25,4,0.5783523377023092,0.8895214194087182,0.8860482007726209,0.8737013283376929,0.35942325514808626,0.1687319105725592,0.07729489398216638,0.22064493832612025,1.0,0.4,0.6,8,68.54209479574817,288.9160215138013
25,5,0.7225519651847896,1.0296884230225627,1.0257078927812777,1.011723656564195,0.6300078680887591,0.1694062385820298,0.1739135114598744,0.4964511112337706,1.0,0.4,0.6,10,54.69765904110849,201.78360219723385
25,6,0.49098474484811094,0.784313242418165,0.7799026559245159,0.7650156300784807,0.42523207297653665,0.16239143378022086,0.08703353090383552,0.24843254548658447,1.0,0.4,0.6,12,44.22003842728245,168.18613253336446
25,7,0.3380126270514526,0.6192876074770282,0.6152230648277695,0.6005210302624581,0.3103425255439398,0.12654833773797178,0.041075636970073645,0.1189819548991792,1.0,0.4,0.6,13,37.381597390018925,167.59564159219636
25,8,0.45156792270635393,0.7225586377523456,0.7177027003116303,0.7014774831258558,0.40879757950108164,0.15715851146416038,0.08714653520858413,0.24871861156785732,1.0,0.4,0.6,14,35.48930063742552,140.2954426097146
25,9,0.386879711175967,0.59267777191367,0.5875131155990658,0.5690380822644951,0.6643757075867209,0.13799098180066924,0.08940664655116137,0.2569468102581282,1.0,0.4,0.6,15,23.026382158593865,96.23622201886766
25,10,0.30735437397270493,0.48525651186484525,0.47976780203583724,0.4607070063218415,0.32128114789313167,0.135110500375981,0.05963914319576073,0.17137067633938205,1.0,0.4,0.6,17,19.56717118314682,81.67335002360994
25,11,0.3070508282992267,0.48491623841702386,0.4794270989337934,0.4603649843968974,0.26171838784682844,0.13474000905342506,0.05967744906766515,0.17149336019278788,1.0,0.4,0.6,18,19.582225734518616,80.55536071236642
25,12,0.2664945216184551,0.4257596515701725,0.4200662429710582,0.40089028986869824,0.30334091452780587,0.1333305574942646,0.044747441888131324,0.12857892546445773,1.0,0.4,0.6,19,17.46023197037951,75.58657099371088
25,13,0.25955402536439276,0.4064438091670328,0.40061859706455616,0.38140291076099747,0.2500691401752699,0.13072600935752554,0.04480589351814749,0.12868631550310244,1.0,0.4,0.6,21,16.295569817060866,68.53313270310974
25,14,0.25190319478553264,0.3794703587227859,0.37344469781337214,0.353927604649008,0.26121294910336934,0.13145179506454388,0.043600595842654105,0.12587787771091188,1.0,0.4,0.6,23,14.895794290557037,59.86885302243519
25,15,0.22893705063812944,0.35232088476796125,0.3462526256183734,0.32728365543408605,0.21052008205874434,0.12830138733091553,0.03489074244506735,0.10073303149196726,1.0,0.4,0.6,25,14.559026820609205,59.68407214145476
25,16,0.283937093094987,0.399188788641586,0.3924326042859868,0.37147661917068975,0.2894612185493009,0.13895224420384716,0.0571305844633239,0.16361852232790897,1.0,0.4,0.6,26,13.968622078827336,53.69510039566058
25,17,0.2476291428661299,0.34643017716247887,0.33951052799242326,0.31915904939539386,0.24805116170120686,0.137250823830731,0.04285901689058677,0.12274683970498682,1.0,0.4,0.6,29,12.941858511528231,51.9274987312776
25,18,0.22641249526436266,0.3161916203556512,0.3091837313336596,0.289219110441042,0.22526041683208284,0.1363868166673978,0.034304326159018024,0.09823555603593026,1.0,0.4,0.6,31,12.408249873947526,50.25428247596221
25,19,0.2139163715927688,0.3028073694956105,0.29639666173775125,0.27782767678128895,0.19811222737450607,0.1364519522852428,0.02848670916230675,0.08161314601353573,1.0,0.4,0.6,34,11.835671073568085,46.22869606461868
25,20,0.21140084744278217,0.2933695253727938,0.286588912536772,0.2684069239511046,0.2201098653899136,0.13548788053298041,0.02849329982387089,0.08167754882563436,1.0,0.4,0.6,35,11.46625499721024,44.25214133686894
25,21,0.2135275034939513,0.2921015094130244,0.2855911089353281,0.2683660720923718,0.21112574538556295,0.1407022209643579,0.02752433591591429,0.07849549414704804,1.0,0.4,0.6,36,11.3595962326164,50.50912658476016
25,22,0.20978290269461922,0.2876974136761278,0.2811806462593212,0.2634692103914287,0.19753977046765173,0.13643086283804756,0.02745035577257762,0.079669425060371,1.0,0.4,0.6,37,11.260137383256868,45.10410585497157
25,23,0.1973844787501664,0.2637160757680413,0.2570886771971205,0.23996605003889115,0.22595059019179087,0.1368870071653187,0.02294564156482095,0.0654356444759305,1.0,0.4,0.6,38,10.841075057931064,50.56631116320783
25,24,0.18841994354894373,0.24954259116447397,0.24286584442696063,0.22661488430738408,0.18650079699744462,0.1359109148073369,0.019670664008283618,0.05610216978900935,1.0,0.4,0.6,40,10.545091939453574,47.81658637221803
25,25,0.18325088969817901,0.2407533976681031,0.2340425051345796,0.2184735574826214,0.17927457139936576,0.13665808250624104,0.017214648480658568,0.049098494960916075,1.0,0.4,0.6,42,10.409272513900849,41.61307121937337
25,26,0.19143310666291544,0.24813860917663502,0.2414202164335912,0.22608717608157453,0.18409985684893332,0.139820568344435,0.019672738966783437,0.056091205571621484,1.0,0.4,0.6,43,10.277475311761036,38.01185020638288
25,27,0.19130130649820395,0.24682638369447332,0.23979400011456628,0.21989545494722665,0.18237084851379945,0.13998884523563845,0.019634279525393948,0.055977716517578865,1.0,0.4,0.6,47,10.184554904304832,43.31804492608003
25,28,0.18475111747270848,0.23590958638008788,0.22944203704241325,0.2165390465087857,0.18099140254164545,0.13796451974106355,0.01869610230997633,0.050542721466073415,1.0,0.4,0.6,50,10.168573861411804,42.316447427528026
25,29,0.18218062417252096,0.23189256012211723,0.2254114727125272,0.21300685597410507,0.17596266572108332,0.13575996405962332,0.018677885362281786,0.05040917260061949,1.0,0.4,0.6,52,10.036771208355162,39.71587881292856
25,30,0.1889378631241612,0.23507307419206036,0.22855858312276522,0.21597324675920063,0.19318450607502863,0.13872147152169395,0.020911268005041575,0.056379232698895866,1.0,0.4,0.6,53,9.857166331945262,39.14426322754263
25,31,0.14763454488572453,0.1945775278374234,0.19110001561075485,0.18943023470334086,0.13963775293262493,0.12373800474760725,0.007716055955573914,0.021338194772508208,1.0,0.4,0.6,83,9.782930312549937,437.25636723777967
25,32,0.14844970018477377,0.1935454523725449,0.19005075183803852,0.18991069861851081,0.14394830500910766,0.12641766526493695,0.006872044253765518,0.01936952084108878,1.0,0.4,0.6,85,9.640757684397329,437.51171373675913
25,33,0.1460144461690221,0.18950969531289447,0.18630301075672223,0.1866714833873407,0.14059177112890717,0.1228088058720516,0.00770635938225037,0.02129172099817515,1.0,0.4,0.6,88,9.67852652184714,444.6879669091701
25,34,0.14709104735175052,0.18808115050107885,0.18242763100038073,0.17344006687261904,0.14616105351074457,0.1241972091976817,0.007640116693304259,0.0213627631022292,1.0,0.4,0.6,89,9.68126298734204,449.4547695527295
25,35,0.14856766318627457,0.1902597198406584,0.18703631353920058,0.1886352788482331,0.14161347924289397,0.1272050537234926,0.006872805501375066,0.01932784445549933,1.0,0.4,0.6,90,9.46660723172233,436.9761826040231
25,36,0.14880532168211497,0.18674267999754546,0.18075792754814415,0.17266779664192086,0.15234775303333004,0.12849678951041876,0.006649448678036549,0.01861015007891689,1.0,0.4,0.6,91,9.545349310514217,470.0061080987308
25,37,0.14957320874304283,0.18645027665612132,0.18075862611384502,0.17311773929686863,0.1452525084536795,0.12900650981480893,0.006880621081280334,0.01923043360012669,1.0,0.4,0.6,93,9.458637124311355,464.8387659775959
25,38,0.1496822805965673,0.18568590434155544,0.1799861767977055,0.1726222696549701,0.1465285092202375,0.12902118344436803,0.006954426821465492,0.01959841083371321,1.0,0.4,0.6,94,9.489798046674604,463.8617672415048
25,39,0.1556137076023711,0.19099467517282173,0.18710694235563938,0.18955432482096676,0.15364621344792864,0.13433460526242147,0.007372848948318364,0.0206935887916384,1.0,0.4,0.6,95,9.22883279371471,443.68395717356617
25,40,0.1544040629304162,0.18956023544863762,0.18597334491872042,0.1890096477933266,0.14907981307527193,0.13374581908141336,0.007109040069618236,0.01992750108679525,1.0,0.4,0.6,97,9.276310262370872,448.4678637174063
25,41,0.15429783279670434,0.1892721651895236,0.18598655967111227,0.18961393661346174,0.14894861501761836,0.1336840094878364,0.007111153933395994,0.0199320724854849,1.0,0.4,0.6,99,9.293342162125017,448.7263599936075
25,42,1.608324523276583,1.6419656145944335,1.6380618414216292,1.6423542597111278,1.606629410035636,1.0,0.006793762235295126,1.0,1.0,0.4,0.6,100,9.301335956671393,473.06621397500106
25,43,0.1633341600893876,0.1960338023044987,0.19121243125777423,0.18962214116628878,0.15809694365651958,0.1435275826150743,0.006060857273766074,0.0198210914096025,1.0,0.4,0.6,109,9.235324797094966,473.3468380076535
25,44,0.16271956944311206,0.19394119074073113,0.18910622147752873,0.1881113404238263,0.15998823113370397,0.1440381676291078,0.00610586323917092,0.01834480355594351,1.0,0.4,0.6,111,9.159082215496076,471.1206451203722
25,45,0.16224563106105877,0.1932756021348135,0.1887418039345523,0.18640808983352888,0.157538648031474,0.14376100298862962,0.006056978308255765,0.018130827755835018,1.0,0.4,0.6,113,9.1655854703967,473.0450160382636
25,46,0.16581952666150923,0.1964746429690312,0.19224031864481742,0.19172702516440887,0.16151306988914685,0.1474213479553892,0.006060741870830959,0.01811992872897663,1.0,0.4,0.6,115,9.12776629616592,452.5479255641637
25,47,0.16563811746359536,0.19216579816964405,0.188196583573741,0.1874369485103103,0.17547004406391292,0.1462494708312853,0.006935263474255861,0.02038763121772681,1.0,0.4,0.6,116,8.987948617341617,420.8791829933799
25,48,0.1658092171589647,0.19097094072161616,0.18698917539053472,0.1878150566740487,0.16281006269604859,0.14804936032260435,0.006204458406475745,0.018544506299603213,1.0,0.4,0.6,120,8.942281644403893,451.6720927148591
25,49,0.16912374294653465,0.19355414929662143,0.18956569538784152,0.1903660709842799,0.16756590463814725,0.151399620886575,0.006250229063886327,0.01865949400498907,1.0,0.4,0.6,121,8.903504558250493,431.80456901806417
25,50,0.16875464870850665,0.19192170062676114,0.18792165606320377,0.18900414303510785,0.16916734001751915,0.15132610953002776,0.006209946502217037,0.01854335924882783,1.0,0.4,0.6,122,8.858345991818023,431.9763930346871
25,51,0.17067584125818805,0.19383294792596426,0.18983280379460876,0.19091494531247238,0.16687011362065926,0.15324578602478922,0.0062135773757279,0.0185462272122167,1.0,0.4,0.6,125,8.853773712674785,421.1579580445537
25,52,0.16871432028313874,0.1916384107129035,0.1876361844945186,0.18871005865001178,0.16571853437642797,0.15132610966915203,0.006209946502469484,0.018543359248944243,1.0,0.4,0.6,126,8.846574044203738,431.0498768275691
25,53,0.1686556103216843,0.19260480779727615,0.19255034089292059,0.19706974459204335,0.1653887309682708,0.15132448715748884,0.006194874555256138,0.01849835330056012,1.0,0.4,0.6,127,8.843325343880974,430.8693103544626
25,54,0.14811028422050543,0.17059103135803283,0.16870545240290336,0.18569007100997642,0.14471797186017105,0.129894549729834,0.0073522483123048986,0.0194573986201637,1.0,0.4,0.6,142,8.591157058734135,277.26320885694423
25,55,0.15376513760575203,0.17578755173607674,0.17389775269561075,0.19154087629637748,0.1510084962216461,0.1354911677234289,0.007421691945860413,0.01963393142888004,1.0,0.4,0.6,144,8.455800316251706,276.3559961543625
25,56,0.14834831343852306,0.16953716724057832,0.1676397577610909,0.18559129633425686,0.14776526143054972,0.1304798368676161,0.007286149500144349,0.01927737613228015,1.0,0.4,0.6,145,8.463415524253255,277.7033698296179
25,57,0.16004586515158023,0.18039258050454715,0.17757856169203404,0.18656430504015453,0.1568436915597191,0.14113884051298145,0.006649411131202254,0.021589232106022198,1.0,0.4,0.6,166,8.727946805582212,413.1904746818884
25,58,0.16068829249811628,0.17848504942767157,0.17595075878491076,0.1861240687779612,0.1622395387575724,0.1431438197681721,0.006384018150253405,0.02020896563677141,1.0,0.4,0.6,168,8.584491539520975,413.42182032053415
26,0,1.0,0.9038802035539674,0.9031258517037523,0.8996643437294283,0.0,0.0,0.0,0.0,1.0,0.4,0.6,1,174.95909586692204,1337.0014691661363
26,1,1.0166782250808686,0.9760604510229944,0.9751477012841656,0.9713892589704121,0.12141444886426284,0.09224490199072938,8.535645514831991e-05,0.00011709881642790001,1.0,0.4,0.6,3,162.49038299385842,1249.800160671014
26,2,1.0254902361831137,1.3621584380357368,1.3621584380357368,1.3621584380357368,0.6053374896226045,0.2396400422998099,0.01820586994174545,0.1920600795987146,1.0,0.4,0.6,4,182.57916154741136,565.3336360984604
26,3,0.4027241826707599,0.7130928842757926,0.7097610848233223,0.697627887774446,0.4612798489862871,0.0988515610370245,0.007894390611372938,0.059303881769189645,1.0,0.4,0.6,6,82.69459941526598,240.5275586572607
26,4,0.3808333809718519,0.6916342845982534,0.6885171126405638,0.676109139274388,0.15791340181374997,0.09944699538290527,0.003905441198880027,0.04398376301756613,1.0,0.4,0.6,7,78.85209198311482,306.139080849297
26,5,0.34238031564188404,0.6546803991669816,0.651029028080509,0.6384457487823896,0.20704468588210093,0.1004431749580027,0.003988074464024945,0.02976664668173696,1.0,0.4,0.6,8,69.98319235456259,207.92212072870385
26,6,0.3256544519941443,0.6364836350317388,0.6330326845529982,0.6201759446708008,0.15017653420856408,0.10072430302588661,0.0019898271584023177,0.02208861585150353,1.0,0.4,0.6,9,65.70605168216082,247.2270605246917
26,7,0.30771779294657503,0.6159605415411615,0.6119938205178111,0.5985942791350574,0.20206192948560514,0.10169015611850118,0.004097330737542934,0.030048617020633613,1.0,0.4,0.6,10,59.25733303699258,180.5237725602408
26,8,0.28819899622534334,0.5925742914766244,0.58906624607084,0.5757863676285804,0.17034297291966258,0.1022804709963353,0.0022059681864268076,0.02264643607508551,1.0,0.4,0.6,11,52.74840482199474,163.14157909179482
26,9,1.7295669674310363,2.0229392622731344,2.0183973665026413,2.0036161929989205,1.7835728478839958,1.0,0.0040365362727827255,1.0,1.0,0.4,0.6,12,40.61638586915468,99.35645460688497
26,10,0.2190389792555432,0.4975927120426604,0.49303857264846895,0.47696545532843004,0.2466123638847164,0.10553418924497479,0.0021575534401290183,0.016725471975757338,1.0,0.4,0.6,13,32.34536844464703,79.36301995436666
26,11,0.18276861769600336,0.4014507657072718,0.39644517901895127,0.378504951390441,0.2344440987208761,0.10553418924497482,0.0021575534401290183,0.016725471975757338,1.0,0.4,0.6,15,23.011096967516,97.17437446861427
26,12,0.17821067544275163,0.38558664739198895,0.3804411311235027,0.3619664220250225,0.16976834916943515,0.1038875935051301,0.00349055666596103,0.02184815285245112,1.0,0.4,0.6,16,23.593553299019423,110.11469479885872
26,13,0.13749412102173733,0.27032410093380793,0.26465379344727785,0.24349924972467382,0.2615896227746673,0.1022920592256148,0.0010016831434561508,0.009858084116118571,1.0,0.4,0.6,18,15.86327489096108,46.40262603575394
26,14,0.12621965079883704,0.232032533689652,0.22578796088911357,0.2049476323187971,0.11707243510353774,0.1010291254214292,0.0004560876813264839,0.00609552624951342,1.0,0.4,0.6,26,14.223181297120163,56.1132755185056
26,15,0.11979600515619551,0.20065181698675383,0.1941633766518159,0.17311001785020774,0.14934493558893705,0.10046316312341533,0.0005988918762052063,0.0064318292363179305,1.0,0.4,0.6,28,13.141790501454643,52.7530014825547
26,16,0.11427907924064858,0.17686781588496125,0.17020490250473372,0.1491528529335565,0.13505493559440931,0.1002355903660869,0.00034796335898669157,0.0043805750995284,1.0,0.4,0.6,30,11.740161413402204,49.05478726887725
26,17,0.12298115732979861,0.1825399180167354,0.17584837814257473,0.15565691217413616,0.11759863929734302,0.10124857770512954,0.0003287059749772904,0.0182419135748917,1.0,0.4,0.6,32,11.72135315347976,48.67558461431944
26,18,0.12359381101269544,0.17808255550859864,0.17164625513109816,0.15179976560054637,0.12283389749492632,0.10183537386613777,0.00028646634937175665,0.020020009132815438,1.0,0.4,0.6,34,11.350180824130314,47.79205170690064
26,19,0.12392212281940095,0.17446920920119904,0.16799593669707827,0.14881804352236616,0.12184281849412418,0.1018078427906968,0.00021870650849672537,0.02193709197584793,1.0,0.4,0.6,36,11.002840787599895,52.47953704570034
26,20,0.12611083408344265,0.1753422396663258,0.168856642818959,0.14990172375947872,0.12201881126679492,0.10260070082875354,0.00024518469721782684,0.02466680610341954,1.0,0.4,0.6,37,10.948140349223095,44.53925441931252
26,21,0.12556680568101025,0.17079554322995766,0.1645755399767566,0.14583801518339076,0.124743361412869,0.10222385639673082,0.0002448090628195382,0.02567910435383694,1.0,0.4,0.6,39,10.814786368702462,43.786653153677385
26,22,0.10986559709734428,0.15441852518329577,0.14819219662808678,0.1296371318624482,0.10293389738775811,0.09870188515812243,0.00020936380985813952,0.00561661146086824,1.0,0.4,0.6,42,10.768561484164076,40.437864472786266
26,23,0.11003864471760089,0.1508927032051897,0.1449350221708463,0.12641076784396862,0.10948407882423584,0.0996200363507344,0.00020968335350238584,0.00553843067908101,1.0,0.4,0.6,44,10.544333596909658,40.55353767078352
26,24,0.13832883411140193,0.17827624426655433,0.17200712145255964,0.15433716810890885,0.13424750576517033,0.10242737864288812,0.00020648406859116896,0.04826014099017066,1.0,0.4,0.6,45,10.542404411352583,43.2217514138193
26,25,0.14157626007042418,0.18045077360186113,0.17417169999136564,0.15674815030551478,0.1385623972646496,0.10239641431163726,0.00020871278995077054,0.054047214093028616,1.0,0.4,0.6,46,10.530846730739626,44.32718585387931
26,26,0.10895987848052502,0.14583938579010947,0.13984486538621035,0.12264593238094199,0.10975797577652625,0.09954229158649311,0.00019306409345999976,0.00507937449676682,1.0,0.4,0.6,47,10.425337132161127,41.30381920581957
26,27,0.12824722480310594,0.16349869964406508,0.1571860670892369,0.14020321041232925,0.12745206326113995,0.10154432085214889,0.00020762695066388207,0.03433556289417804,1.0,0.4,0.6,48,10.291104307468617,47.42325329774405
26,28,0.10790779501476938,0.1431965456825293,0.13718728605257566,0.12051801792890578,0.10207845936189894,0.09877169205179595,0.00019800406501747908,0.00507966429185803,1.0,0.4,0.6,49,10.242164726658718,40.52591884551084
26,29,0.12716272887397795,0.1605917945195863,0.15426234598252583,0.13778390008766722,0.127467095898687,0.10079842693205543,0.0002059919095349064,0.0343091276372276,1.0,0.4,0.6,50,10.252726803157758,47.10561775800266
26,30,0.1084072024063386,0.14102260067634156,0.13468568602214495,0.11955509335273577,0.10561061805189675,0.09913093336709412,0.0002155059489441004,0.006060765273950041,1.0,0.4,0.6,51,10.237701238248736,39.617228399073625
26,31,0.14479795037095378,0.17671915573229277,0.17037579649667214,0.15441302972850154,0.14171632970282486,0.1051795003343472,0.0002055224278964521,0.056840052050458834,1.0,0.4,0.6,52,10.1476768168858,40.933601818692594
26,32,0.14335210303332457,0.17320319493299297,0.1671438095970092,0.15174731515639917,0.14194828094146592,0.10731630219536407,0.00018774638731337273,0.05150565460804897,1.0,0.4,0.6,54,10.05801602866276,41.839482096233446
26,33,0.14241384725813921,0.16983431249983552,0.16375255245630663,0.14885644733839376,0.1418769387621837,0.10678480018901097,0.00019349843152258897,0.051518671419999496,1.0,0.4,0.6,56,9.933762197867765,41.73079135993527
26,34,0.14616894719420215,0.17235376845631442,0.16626066697854308,0.15190696546557297,0.14382131392904327,0.10724755651653639,0.00019497404080944916,0.05735476034479724,1.0,0.4,0.6,58,9.884597726146776,41.21217997610536
26,35,0.14119906305663846,0.1667244284393009,0.16062526968855612,0.14683428339525387,0.13799105431032913,0.10586716150944948,0.00019632993648766522,0.05155718007201855,1.0,0.4,0.6,60,9.862426279340545,41.24895817576235
26,36,0.10613237208879657,0.13172595200564557,0.12593038513358054,0.11402414015260508,0.10185503554873791,0.09875238635038648,0.00017648209000867263,0.00499019642671326,1.0,0.4,0.6,62,9.807396991565833,40.07549716674978
26,37,0.10617061846925865,0.12965476840749787,0.12383987985146946,0.11216030198084524,0.10930774714211054,0.09915498101146167,0.00017755056803862943,0.0049721605482904805,1.0,0.4,0.6,63,9.705169255393226,39.75925017251306
26,38,0.13928764605350114,0.16097851270148597,0.15605606704605826,0.15224703830108974,0.13601559367455437,0.10397663223755582,0.0003142546716919804,0.052610983238849496,1.0,0.4,0.6,83,9.706711114474553,40.54192823497789
26,39,0.13713693687172665,0.15868188710097336,0.15375812281822673,0.15056992233789374,0.13378713474092657,0.10469688592608302,0.0002828658290625244,0.04788709633748428,1.0,0.4,0.6,85,9.717443147927616,40.64957871846968
26,40,0.14224032940961298,0.163608282723742,0.15928876976493753,0.158464062843994,0.13894455222954058,0.10508210186578489,0.0005376894686723314,0.05567903655105394,1.0,0.4,0.6,90,9.728731886182416,40.754071243792936
26,41,0.1418808317768644,0.16219822685394975,0.15756618510436796,0.15771276694853711,0.14172613601089581,0.10500858911734663,0.0005689953435750768,0.05544459329771586,1.0,0.4,0.6,91,9.726898986777838,40.61991313679498
26,42,0.1385332780197089,0.15868400308155478,0.15465638573933338,0.1569388019128814,0.13544462470618945,0.10487597079361799,0.0003658673557554742,0.0503163905652511,1.0,0.4,0.6,96,9.68596186840622,42.13029389934095
26,43,0.14004139410458075,0.16018718850453081,0.15646248386519215,0.15834886921476307,0.13705436258893464,0.10650817560236878,0.00042712194446073947,0.0500946549598492,1.0,0.4,0.6,97,9.691999595853824,42.450308836629205
26,44,0.1387459539699198,0.15844295101391206,0.15441121154236448,0.15732525200063532,0.1367020483672171,0.10518899945962415,0.0004259332919846945,0.050232721545548,1.0,0.4,0.6,98,9.614213994325118,42.7532070341594
26,45,0.1387585702485964,0.15851701789692735,0.1547888067414727,0.1582947194496957,0.13554028244749608,0.10518083714655588,0.000411692040453759,0.050284629264088845,1.0,0.4,0.6,102,9.610615132746736,42.62891609184888
26,46,0.13919441106954084,0.1585501900433146,0.15481826106924773,0.1586373124174558,0.1364804882327095,0.10573485996605363,0.0004247391847384058,0.05019115000892319,1.0,0.4,0.6,105,9.462541366339366,42.21305291560073
26,47,0.14227732688366412,0.16057530938006692,0.1574396777268482,0.1620778589817236,0.1434153970443217,0.10900591225588244,0.0004252214064325014,0.050209576962211774,1.0,0.4,0.6,106,9.508383910904332,43.50872383301062
27,0,0.9092004231843308,0.8794886047608902,0.878542809802683,0.8743497610897583,0.0,0.0,0.0,0.0,1.0,0.4,0.6,1,261.43796362838856,1352.5917196050896
27,1,0.9325666731253214,0.9515371463331596,0.9504334927679836,0.9459458592705752,0.12109661269898994,0.09204326775188801,8.27212703444588e-05,0.00010824607087413999,1.0,0.4,0.6,3,242.4378264784744,1259.0083046588545
27,2,0.743994904578898,0.982456892785409,0.9802576474606036,0.971798378506762,0.6670857752438645,0.09946436003633861,0.07520488956347723,0.2218520798158905,1.0,0.4,0.6,4,167.80605665234967,705.6750147090984
27,3,0.7291718583481311,0.9743363214448345,0.972376333298354,0.9637613664933311,0.2738193189957713,0.09946436003633861,0.07520488956347722,0.2218520798158905,1.0,0.4,0.6,6,163.69505922435195,718.2487328224253
27,4,0.583147296715943,0.894398433835699,0.8909131516417116,0.8785199660398925,0.5623858639875362,0.1680124661709043,0.07340272317505862,0.23513665460573258,1.0,0.4,0.6,8,70.04733248971966,297.0816066596583
27,5,0.7392046068449465,1.0466091004713578,1.0426409766433662,1.028704191664339,0.6408441423619408,0.16868391782574357,0.16515612714388198,0.5290574728628981,1.0,0.4,0.6,10,53.5727755502709,201.4262404023248
27,6,0.3300068926794619,0.6000899353152815,0.5955206627449849,0.5788013828899127,0.38698143925278516,0.13371695373590042,0.037724931822120875,0.12008422359903037,1.0,0.4,0.6,12,37.33290296014915,158.2339812427665
27,7,0.3156837545436147,0.5223799036092378,0.5172262153935614,0.497286639686381,0.4193360211250358,0.1339138827542986,0.052955464717686536,0.16856533753151598,1.0,0.4,0.6,14,22.78551243364671,88.77379469608076
27,8,0.36821418174019477,0.5332165086222467,0.5278881501866182,0.5063167510866735,0.4158010287697626,0.13937996607846478,0.08148423692657082,0.25995377336934883,1.0,0.4,0.6,16,16.56114765393529,77.02896286865187
27,9,0.29060351740220475,0.4238441718762181,0.41817960595700354,0.3959342234109784,0.32312893383153296,0.13562192201587012,0.05436805224345628,0.17339275183436603,1.0,0.4,0.6,18,14.038950492979566,61.444863820124965
27,10,0.2835170502374044,0.39766744179047286,0.39150602160233117,0.3692022536015397,0.2953546657508634,0.1374342072006805,0.05264978762058112,0.1690300994100149,1.0,0.4,0.6,20,13.170625458705963,51.02268496024505
27,11,0.2508264405658966,0.35132737206045356,0.3453331876675529,0.3229366316359295,0.25594443214627477,0.13866259916386492,0.039663274416074486,0.12724756767474404,1.0,0.4,0.6,22,12.19041210440598,50.113358712060254
27,12,0.2460882571205075,0.33864215691315713,0.33287293470196455,0.30930256583713533,0.23779480232112174,0.1358321435256212,0.03973029918979392,0.12736389392969982,1.0,0.4,0.6,25,11.661609334427125,44.657309774235614
27,13,0.22103756897468357,0.3134537469746959,0.3070773174688718,0.2855248494128319,0.20309807557060697,0.14456691626732202,0.025150050496067403,0.08077556396346391,1.0,0.4,0.6,26,12.445584941668695,38.27905292002033
27,14,0.22509837828814822,0.30856997667474373,0.30240966456820095,0.28081582599516086,0.22530275824590423,0.14678362943540513,0.0268447356372447,0.08627075484984095,1.0,0.4,0.6,28,11.812738770735134,46.2579488380218
27,15,0.2223722992485192,0.29135064255912063,0.28474841063293127,0.26326025515164503,0.2604852684444482,0.1472927771690502,0.02684289857218627,0.08620803416085973,1.0,0.4,0.6,29,10.919154525384023,45.022210267693104
27,16,0.21733374935398475,0.28533614138710567,0.27902753897827437,0.25758583493570775,0.20866276170624803,0.14217470442292016,0.026987161913947743,0.08662140934968156,1.0,0.4,0.6,30,10.60775993994928,43.56939944259694
27,17,0.20648676286487494,0.2728744593787038,0.2662474443971702,0.24562034758809187,0.20007601629010097,0.1421413710801117,0.022482099204608506,0.07217006805182956,1.0,0.4,0.6,31,10.422080386361165,41.57477098442676
27,18,0.21259170516987427,0.2755410013707812,0.2691845036849374,0.24828110553928182,0.21322426278255172,0.1489259862517368,0.022499791682053127,0.07221709767331104,1.0,0.4,0.6,32,10.38774638390204,44.73888765456458
27,19,0.19870366592036398,0.2590281394552047,0.25234385740607773,0.23222181449606302,0.1967519669104903,0.14325254962050787,0.01918332602588933,0.06160743633064556,1.0,0.4,0.6,33,10.372577534058706,39.97006476075229
27,20,0.2033052950087098,0.2628285656911124,0.25613672489969047,0.2362384104598372,0.19538002794448225,0.14030105645541202,0.02249115051592925,0.07225674467064302,1.0,0.4,0.6,34,10.068357058656268,41.01231493856199
27,21,0.19589254600013584,0.24823249916739476,0.24147306728315504,0.22156995392029039,0.21154354360344024,0.14240222679687864,0.01904964337178658,0.06107612753430423,1.0,0.4,0.6,35,10.104895988748057,37.56102917263856
27,22,0.19702774888855112,0.24555838543499453,0.23876335103951019,0.2192291732351962,0.1950414976246499,0.14448468997104055,0.01894577567569316,0.06078240048324061,1.0,0.4,0.6,37,9.823511792030114,38.205038473683736
27,23,0.19137990465802532,0.23944802146883723,0.23295155789657704,0.2140010642412595,0.18394044580582025,0.14363529053200821,0.016910993352496503,0.054317291900974674,1.0,0.4,0.6,39,9.752270912414112,38.8098524618836
27,24,0.19123990840386007,0.23856861812357108,0.2320652530593283,0.21385239107196097,0.18551998916832282,0.14363529053200821,0.016910993352496496,0.054317291900974674,1.0,0.4,0.6,40,9.712818168566914,38.98404423922832
27,25,0.19123667146050055,0.2386382320615472,0.23243848894826533,0.21460353503090837,0.18304859939300716,0.14363529053200821,0.016910993352496496,0.054317291900974674,1.0,0.4,0.6,41,9.71325332207208,38.9418328267075
27,26,0.19168186757267033,0.23626414290769698,0.23003810993889784,0.21338594910605982,0.18637832635182358,0.14890485455392893,0.015051064974625007,0.04839968220737642,1.0,0.4,0.6,45,9.722940963753109,38.441076460497
27,27,0.19094383559933095,0.23352426119987774,0.22697662454687884,0.210467303413605,0.19011521476814888,0.14819837489203383,0.015295425725558679,0.04877556814750112,1.0,0.4,0.6,46,9.694075750408109,38.03997367497095
27,28,0.1902393217360382,0.23280889964006243,0.22656411524434428,0.21045662666356443,0.18306794032983986,0.14699432692420392,0.015476710123470377,0.049518264711287105,1.0,0.4,0.6,48,9.696131391272996,37.53895859439409
27,29,0.188487346368356,0.22929881172117816,0.22303769389833417,0.20716891404842275,0.18746962867205053,0.14565449113800538,0.01588147582389873,0.04910016490984157,1.0,0.4,0.6,49,9.454995861720093,38.10331304533258
27,30,0.18728597829840624,0.22717659226987763,0.22120995059171594,0.20655372082348533,0.18130998547371593,0.14450437766969054,0.015812760124717988,0.0493673745253155,1.0,0.4,0.6,53,9.299166437602995,38.85464782972649
27,31,0.19055400601573505,0.22793930290371783,0.22194942288842354,0.20774523906358425,0.1926959329715114,0.14773888281820136,0.015692694868975326,0.05025772232015877,1.0,0.4,0.6,54,9.254307933605286,37.58638132311022
27,32,0.1856356691437808,0.22226437160732176,0.2162674992811223,0.20316020811481608,0.18067369409584066,0.14651973155896367,0.014129454257607272,0.04536049653461437,1.0,0.4,0.6,56,9.205446455488833,38.03133797111128
27,33,0.19015250882767634,0.226545455953849,0.22084935792459473,0.20707931566986826,0.1850689636051167,0.14755589093592564,0.015697158987929262,0.05021344419017355,1.0,0.4,0.6,57,9.132322023299867,37.18869613269512
27,34,0.1861476723493324,0.2217373126366546,0.21603380018699067,0.20337148244768946,0.18146492265781353,0.14725895080490484,0.014143539527548715,0.045307819172891686,1.0,0.4,0.6,59,9.099883430068624,37.52764257333948
27,35,0.18614510815001248,0.22172034863409226,0.2160166555562921,0.20390915146362168,0.18015000688875069,0.14725895080490484,0.014143539527548715,0.04530781917289168,1.0,0.4,0.6,60,9.098952741128354,37.509897133816544
27,36,0.18666043592803608,0.22223573673140115,0.21683496671714728,0.20462739971003882,0.18093752541368363,0.1468460664540035,0.0156664605454571,0.04586617465118034,1.0,0.4,0.6,61,9.096775683816292,37.65042726749789
27,37,0.18633270319594458,0.22171340056470568,0.21661387914911578,0.20459610632923492,0.18083827901391036,0.14658206873619928,0.015632834842185986,0.04586659940768232,1.0,0.4,0.6,63,9.081671792243252,37.91023057124017
27,42,0.18242307506437516,0.21124651522434545,0.20548060753911626,0.19873110465693825,0.1802055290319925,0.1465595868045657,0.013971893819202013,0.04235137678861501,1.0,0.4,0.6,75,8.90357989958513,272101.12834511715
27,43,0.1852503738832152,0.21281375556854412,0.20733916932934152,0.20111902071297397,0.1851719974834273,0.14953851286577516,0.014166276254532722,0.04235366331771265,1.0,0.4,0.6,76,8.862002211684093,366000.1742471719
27,44,1.1473429246603448,1.1711215179089818,1.1671270922153,1.1597224252147806,1.150544072753728,1.0,0.013532499078198316,0.2300159237661176,1.0,0.4,0.6,78,8.942744149539772,26.818114010962454
27,45,1.108514398373728,1.1317619395033385,1.1304892690838024,1.1368896273283502,1.1049577356867524,1.0,0.010062040829522573,0.16798674409846548,1.0,0.4,0.6,110,9.037471513688883,29.518289791206723
27,46,1.1082283745539536,1.1294503424717968,1.1281591473183135,1.1351732078129875,1.108264262813421,1.0,0.01004487523363147,0.16807757095245016,1.0,0.4,0.6,112,8.921429506858344,29.15402885833418
27,47,1.1084974281081683,1.1296511139819172,1.1286623285559227,1.1431783816704644,1.1051948989212546,1.0,0.010093118910724662,0.16853706922817158,1.0,0.4,0.6,127,8.885147803853387,29.08960418596434
27,48,1.1083573870122316,1.1263923105847837,1.1259809430244268,1.141335382482578,1.1110741374300501,1.0,0.010655139335665297,0.16882168354665408,1.0,0.4,0.6,129,8.726577277393941,29.040604559733048
28,0,0.9396226400660435,0.8879234935789931,0.8870438252592026,0.8831044463094554,0.0,0.0,0.0,0.0,1.0,0.4,0.6,1,243.82029849412888,1418.420251216742
28,1,0.9738895362315236,0.9709396281830815,0.969909435908409,0.9657027659425456,0.12986145492899975,0.10209641441425385,8.379317079143167e-05,0.0001174470044271,1.0,0.4,0.6,3,227.3753486041692,1335.9565588197515
28,2,0.7980160442890348,1.0303579974979404,1.0281973448540445,1.0198816938619801,0.7207108362519813,0.09955615180706254,0.08225497424405649,0.288625568078836,1.0,0.4,0.6,4,136.85606616400457,763.7144546850803
28,3,0.5168939088107108,0.8277965756853007,0.824688142814861,0.8118519268736621,0.41578534079628193,0.09953067024134932,0.0239016163787703,0.2555708625629268,1.0,0.4,0.6,7,74.19077801661473,425.4961881601448
28,4,0.5429614908864768,0.8541046714845224,0.8509503329933892,0.8381032918648261,0.31093511675102026,0.09985311175679393,0.02876344913021036,0.305398493297486,1.0,0.4,0.6,8,71.42707388363819,376.188542087818
28,5,0.39823979919583535,0.7096039500927441,0.7061774473586631,0.6930073217421798,0.2856722765974787,0.10017966783179369,0.012529796224721345,0.13263400680409024,1.0,0.4,0.6,9,62.44395010540244,385.1593388487704
28,6,0.37879137014125797,0.68751329095004,0.6838993294504169,0.6707562802220167,0.25520204999861035,0.09781634436204503,0.013687588458380641,0.13878683808987252,1.0,0.4,0.6,10,53.43015872942779,341.9489839987472
28,7,0.33741892386676553,0.6439206233008314,0.6401920820088165,0.6263975871689166,0.20061288490228946,0.10045520892563291,0.00849967859291695,0.08952524760754257,1.0,0.4,0.6,11,54.19749442986485,348.718185732395
28,8,0.30234657390682884,0.5759727806171685,0.5717671168855989,0.5561876573537773,0.4740999158791529,0.09724516249309903,0.014865496890853787,0.14306767897990463,1.0,0.4,0.6,12,33.41798470812349,237.0397779772448
28,9,0.2926394682765929,0.5606594654888788,0.5566598220187866,0.5392708472701822,0.22206863362099838,0.10011417559756901,0.013237446354046499,0.1344734666937446,1.0,0.4,0.6,13,32.04305406448432,230.4307119733899
28,10,0.2013810197469722,0.37344878630702094,0.3681979973180862,0.34660513748039873,0.3879885686076237,0.09952192515263678,0.009469861300632603,0.09164122637489311,1.0,0.4,0.6,15,17.61836858132075,172.40135326543944
28,11,0.18272658127798125,0.3437716899534021,0.338400331889422,0.31694569237663706,0.1661051753206338,0.09960496806532392,0.007162078439133899,0.06917435789644012,1.0,0.4,0.6,17,16.671997879480454,160.9282603390384
28,12,0.18108994573784215,0.33796563292122456,0.3328521090683217,0.31193917000663013,0.15234428421343127,0.09955344643845464,0.007162851423310147,0.06917303195636357,1.0,0.4,0.6,19,16.23419401479421,163.6674116870352
28,13,0.20493673223884756,0.35416781560883825,0.34867000146431215,0.32721264685016926,0.20025498203504055,0.1032068541971923,0.01514050353157641,0.102038225121912,1.0,0.4,0.6,20,19.284590654148303,123.51492156355324
28,14,0.17369839391536085,0.312579762451892,0.30667073917595766,0.285914435476911,0.1623283156255935,0.1000856041501856,0.006946039634964817,0.06635367242989718,1.0,0.4,0.6,22,14.590344695048838,140.222956295253
28,15,0.17242215920719334,0.30033110617828357,0.2949145476818343,0.27441402766640693,0.16603788318137974,0.10007588938503895,0.00764061745020238,0.06960778375405782,1.0,0.4,0.6,24,14.412963266908791,115.62089447362222
28,16,0.14186313592224953,0.24576388707019353,0.24010577826718216,0.21963065052675151,0.16566182832901966,0.10019444334174032,0.003206221386953239,0.0327124429572128,1.0,0.4,0.6,26,13.417657924038595,131.01487815141064
28,17,0.1400619174087741,0.23680803637029213,0.231382789734899,0.21148033206407585,0.13389498214078538,0.1001944433417403,0.003206221386953239,0.0327124429572128,1.0,0.4,0.6,28,13.003011071749784,127.71035806589413
28,18,0.13959291162408932,0.23347859572127977,0.2277223730090273,0.20766381722448057,0.13127732901965308,0.10040547438397576,0.0032154561851092923,0.0327144813382723,1.0,0.4,0.6,29,12.778456338415346,126.27435157890172
28,19,0.1361976165674143,0.2299521542186741,0.22419464546629023,0.20484740654367808,0.11819261783738681,0.10050320721521569,0.00268943326479223,0.027297058538420238,1.0,0.4,0.6,31,12.837237043212555,126.83199301505744
28,20,0.13972611314449296,0.23204025231262182,0.22626869255989546,0.20747484250197484,0.12355911944309145,0.1009278398867062,0.0032577920271211805,0.03267731427524015,1.0,0.4,0.6,34,12.71735548813076,124.9925423283202
28,21,0.13237396560327927,0.2213022263026347,0.21549768469866826,0.19724761917636757,0.12740697501484957,0.1003240129555201,0.0023038567542226717,0.02342417948525109,1.0,0.4,0.6,35,12.586016289221227,123.07162749327723
28,22,0.14395756940931947,0.2312219228366844,0.2257042053012766,0.211910273390017,0.12808185664499022,0.10214959116837083,0.0036395236249519296,0.039490565583754425,1.0,0.4,0.6,43,11.359984900246982,450.8034192476996
28,23,0.1336802662509767,0.20691842411723602,0.20126564528739674,0.1855336934205912,0.16979554927122953,0.10329181877404665,0.002455725792082193,0.02654788124485342,1.0,0.4,0.6,44,11.093169554764351,817.1629453293205
28,24,0.1296536339744573,0.19811923017820166,0.19242092499591346,0.1767997436285288,0.12556978620521847,0.10240936549021096,0.002155528848556283,0.02321999636287114,1.0,0.4,0.6,46,10.900034956159292,814.5788204511122
28,25,0.12977963228949835,0.19604748144020434,0.19063119319501218,0.1767234841841927,0.12179190229385133,0.10304103410917224,0.002159387595309042,0.02317642521391246,1.0,0.4,0.6,48,10.676925284253668,810.5755184929255
28,26,0.1303500111808354,0.18909616860038975,0.18360874362406768,0.17024947716096114,0.13298914109147084,0.10786303229977057,0.0019552250804560326,0.01879959082320205,1.0,0.4,0.6,50,10.733631994448908,908.5404803148324
28,27,0.12830799421878702,0.18326644049282997,0.17804628035198028,0.16498019105581546,0.1253546349317481,0.10631237636565372,0.0018579900198768147,0.01933141633368711,1.0,0.4,0.6,52,10.475833680756477,799.5899339083983
28,28,0.1299308211002369,0.1809915361253174,0.17603785191012977,0.16393837892476423,0.12563146005073106,0.10722943894402397,0.0020871989088328945,0.02164950819455411,1.0,0.4,0.6,55,10.236036338662812,809.4848300398012
28,29,0.12825668836691162,0.17916374212729688,0.17451150957861505,0.1637730856610709,0.11970594573181269,0.10257314515478777,0.0025302077069899198,0.026402634570497067,1.0,0.4,0.6,58,9.979347439239408,909.9265672262818
28,30,0.12729955768339773,0.1750745522611708,0.17039306412769753,0.1604561249687252,0.12265552108046064,0.10220902641366698,0.002529406159458161,0.02641221444178311,1.0,0.4,0.6,61,9.67498401932338,912.992846445384
28,31,0.12720475595235423,0.17483654746547247,0.17015370661229615,0.16082003904056594,0.11923922782046302,0.102333265778168,0.0024923374384487754,0.02611592003149637,1.0,0.4,0.6,63,9.68140540999689,904.4440268426026
28,32,0.1271104539014895,0.17428779448695725,0.169903641221515,0.16167850219328533,0.11994109280503204,0.10229793210732745,0.002496829555816257,0.026185998256050343,1.0,0.4,0.6,65,9.676097812945905,909.5772192903044
28,33,0.12535617409510671,0.1715430474290175,0.1677555731609832,0.16137300677167296,0.11815086204551996,0.10269820197138976,0.0017648988929302675,0.02345343456504187,1.0,0.4,0.6,71,10.21948239932819,152.55299708595456
28,34,0.12472886173286173,0.16669587390161564,0.16317211128602327,0.1565600498372859,0.13234514642236436,0.10274157332824785,0.001786177301252216,0.023650070544938808,1.0,0.4,0.6,72,9.89235146199776,125.55633682324712
28,35,0.12415554419056694,0.16343226306469966,0.15958058332875993,0.15321553115810144,0.12638714319269517,0.10270357203061682,0.0017698020648012765,0.0235558247708936,1.0,0.4,0.6,73,9.81914203001885,150.82009611243774
28,36,0.1238015280232626,0.16108188348293837,0.15721171783420831,0.15173829201434094,0.12094381135161243,0.10267793218245069,0.0017545081047356226,0.02361676064128663,1.0,0.4,0.6,75,9.735792359078465,149.95859018875046
28,37,0.11861329213070403,0.15389138260431753,0.1506085636922413,0.15228539587972115,0.11336689527925596,0.10149517136638837,0.0015503916487743684,0.01772369539091629,1.0,0.4,0.6,87,9.701255182340164,826.0106323517515
28,38,0.12435943327614798,0.1569459206981095,0.15303241185695507,0.1528374977664894,0.12746166261371503,0.10291453357017946,0.0013543120394375982,0.02580207207447737,1.0,0.4,0.6,88,9.547110475704727,741.3551882184796
28,39,0.12415246773490976,0.15591686849677902,0.15199577335595424,0.1533902996181908,0.11956485799737915,0.10267211174102682,0.0013478492542272741,0.02610280838971606,1.0,0.4,0.6,92,9.456243504159588,734.8419627304169
28,40,0.11927728328690225,0.15122077828547578,0.1491190187761083,0.15461979592729183,0.11418270298194882,0.10342273119495349,0.001761380407235442,0.01655531348648502,1.0,0.4,0.6,102,9.606731544980976,775.0143874974802
28,41,0.11933041513380493,0.146947348108959,0.14450291022111433,0.14995001824423188,0.12199213016309725,0.10404308580194987,0.0017800384164239791,0.01680850559168716,1.0,0.4,0.6,104,9.570830318533478,776.1895220736442
28,42,0.12198282865645552,0.148857517065715,0.1458003378993559,0.15407204382899423,0.11853522025138974,0.10307177225306477,0.0013650571951643112,0.02328342519690399,1.0,0.4,0.6,106,9.40243032300388,739.0061891191364
28,43,0.12139111732518584,0.14834334212225075,0.14649871400430056,0.1534409754844708,0.11752064351299023,0.10617952659643967,0.001783990997918867,0.01691807221936788,1.0,0.4,0.6,108,9.58495055600497,772.5410244729578
28,44,0.12125339314966176,0.1470098724982044,0.14424538751023222,0.1514114587861102,0.11784125982534409,0.10268896583519885,0.0011795950203158055,0.02316893914815361,1.0,0.4,0.6,112,9.38904468777509,736.1674085434595
28,45,0.12240698146447027,0.14566583666706354,0.14318140681828306,0.15187982485843649,0.12154908675249243,0.1049279712672824,0.0012449807938797817,0.02203655044251446,1.0,0.4,0.6,115,9.312509065756378,794.6521750286494
28,46,0.12261498504990266,0.14548843366954697,0.143303405686391,0.15498341565037685,0.11925413672399374,0.10504960760466327,0.0012412293867963883,0.02231428718278587,1.0,0.4,0.6,120,9.30200651117466,798.2041846828839
28,47,0.12258894819244909,0.14511442849860104,0.14232038449366982,0.14636073673390673,0.11904926929133298,0.10501609140917631,0.0012641182376814328,0.022357808075723372,1.0,0.4,0.6,125,9.30933181524952,798.1945476420673
28,48,0.12530246288996186,0.14749264794180336,0.1465133104435063,0.1677190944547226,0.12199035523464659,0.10630441078291857,0.0016774650271843415,0.0246983077928348,1.0,0.4,0.6,140,9.519299832271448,802.2367837072451
28,49,0.12212850482903746,0.14208819805628756,0.14230033138682213,0.17316383578801497,0.11952687486343405,0.10361433273166136,0.0012893537904878555,0.02485677419038671,1.0,0.4,0.6,158,9.211905226501909,762.5973474015638
28,50,0.12212359540173957,0.14188779477628377,0.14240110228674438,0.17612749254208745,0.1192220722272144,0.10365354451436697,0.0012916522897743789,0.02485888835101887,1.0,0.4,0.6,165,9.220803396152707,762.5934632454641
28,51,0.12212394105235279,0.1421571726863049,0.1435818179430522,0.18299342603244123,0.11908624144327569,0.10365330039115712,0.0012916900491434394,0.02486010815716773,1.0,0.4,0.6,181,9.220852247172203,762.6120910227456
28,52,0.12174170461832437,0.14135700398555043,0.14308080650956892,0.18397539399292143,0.11935244339583789,0.10325788346047302,0.0013090394941277896,0.02500750630745645,1.0,0.4,0.6,184,9.178200207721677,765.8672318803967
29,0,0.9174146813137899,0.8817897321550998,0.8808618705635719,0.876738020817791,0.0,0.0,0.0,0.0,1.0,0.4,0.6,1,254.215718575625,1329.6230879536738
29,1,0.9409331750089571,0.9530046977091481,0.9519245235548428,0.947526538331387,0.11859841190109721,0.0905241497350486,8.303048676564244e-05,0.00011264470922666,1.0,0.4,0.6,3,236.7344804211289,1295.6646055817412
29,2,0.9284179640112027,0.9812611276572875,0.9800367812033262,0.9756817470156041,0.1902000309182303,0.13520887986448651,0.0010565929996729263,0.0027023948869567198,1.0,0.4,0.6,4,219.67551663115265,1122.551631309744
29,3,1.2113885751762679,1.521362199489726,1.5180265446262156,1.5056070464030582,1.722761650926059,0.21935479983193668,0.3175218831553473,1.0,1.0,0.4,0.6,5,75.15226291312791,298.35412428823224
29,4,0.6659221419163456,0.9701103648291256,0.9659737575395367,0.951594783643611,0.6457103112349742,0.13140314519342441,0.14863328331978085,0.5104914632962145,1.0,0.4,0.6,7,55.74856918381968,296.8605302562919
29,5,0.5142278559857683,0.8073689063343652,0.8029156843911731,0.788049049170146,0.43440954124921916,0.13079173848803316,0.09914955899500356,0.3404917039388762,1.0,0.4,0.6,9,48.70843885605306,268.0611285600661
29,6,0.6767982114262973,0.946949352747635,0.9423810947704111,0.9262344503775305,0.7142273256418152,0.18011154673781568,0.1613300965009519,0.5382328170184952,1.0,0.4,0.6,10,35.22416717540425,124.11120430706448
29,7,0.5191155003095563,0.7606849850670095,0.7559822746206233,0.7389673953128048,0.5175324018870481,0.17875532691384027,0.10756525794702919,0.3588186839732637,1.0,0.4,0.6,12,28.533067558401346,107.46300630575654
29,8,0.495866631664052,0.7050919163895008,0.6999689627003743,0.6820443151046965,0.5121948919184924,0.17659478678342888,0.10764283864814911,0.3589595170761723,1.0,0.4,0.6,14,23.39639876420292,92.6267322815662
29,9,0.47990533115723577,0.6601710937768256,0.6547089578249239,0.6359526008608929,0.4955866186647736,0.1746914499147274,0.10777213981668234,0.3591942389143536,1.0,0.4,0.6,16,20.042353565174203,82.63309962997805
29,10,0.40502511763555926,0.5614104934450187,0.5556860889319196,0.5368332864804748,0.416125286899392,0.17394981338121884,0.08086649890756183,0.26945783655876376,1.0,0.4,0.6,18,18.04626532728773,82.72209644648456
29,11,0.399405898332701,0.5439641385357655,0.5381144167378303,0.5192615238459921,0.38953222511991226,0.17228066446577572,0.0810022651345217,0.269704294488854,1.0,0.4,0.6,20,17.294804653953797,78.44260815422284
29,12,0.316655623323045,0.4485221202189069,0.4425404692097752,0.425861681832177,0.2999580462941439,0.17015341007440857,0.048684301050889375,0.1637158945512973,1.0,0.4,0.6,24,15.50589789850599,67.63907406588243
29,13,0.3139147345402173,0.4404337319665343,0.4343973724924241,0.4180151601584024,0.2967997814586175,0.16725004978011812,0.04944652281296944,0.16619443237040116,1.0,0.4,0.6,26,15.35842848352114,74.42655973158486
29,14,0.31391473623738525,0.44052373786613985,0.43479110936833415,0.4187803197154101,0.28674539693466206,0.16725004978011812,0.049446522812969455,0.16619443237040124,1.0,0.4,0.6,28,15.358427789015469,74.42655132293812
29,15,0.3111475406198218,0.43712452433385296,0.43138546090661706,0.415858214286968,0.2865331714594926,0.16820844056004364,0.04787394633024303,0.16134839658578892,1.0,0.4,0.6,29,15.121352253727157,68.13352195750907
29,16,0.29782014534382506,0.41990926523004146,0.4144335399254844,0.3996403580740838,0.28685438378842676,0.16956940008156124,0.042391923327614725,0.14247578650477796,1.0,0.4,0.6,30,14.997221518313818,63.52004608686556
29,17,0.3384636541123203,0.45343070547675063,0.4481861116626124,0.43248401504120726,0.34141026251379414,0.17150266085635396,0.05925002923029389,0.19917417740146484,1.0,0.4,0.6,31,14.20584293366475,61.57775874483491
29,18,0.2558824307647771,0.37137766995744664,0.36704586396322975,0.347658824313811,0.23256444854550445,0.15465335789801987,0.03221223527452036,0.10778112441425632,1.0,0.4,0.6,34,13.663143153906242,56.40403348917128
29,19,0.2523530555847637,0.3541602621132919,0.3499963451445257,0.3314600215989622,0.25635598717633973,0.15465335789801987,0.03221223527452036,0.10778112441425632,1.0,0.4,0.6,36,12.761343529302316,58.28163306355393
29,20,0.2573557480017505,0.3486357127442268,0.34436863224367953,0.32608665218225835,0.27774308880495485,0.1579877499465182,0.033754961515100164,0.1138975236186254,1.0,0.4,0.6,37,11.993190326911394,42.19175434879733
29,21,0.4679029123919912,0.5535249255145189,0.5492029452591543,0.5299448629904308,0.4718560433025486,0.20853478894362598,0.08698129991166252,0.34731220035430266,1.0,0.4,0.6,38,12.008403416419632,50.087591497404574
29,22,0.4129445646941011,0.49449165552218965,0.49013029952117804,0.4714877410357107,0.4049254767667673,0.20308784217379347,0.06961058890777712,0.2779400565352019,1.0,0.4,0.6,40,11.91009623393292,49.90255113545809
29,23,0.462421052868954,0.5379673955856085,0.5338512694509423,0.5159340460027035,0.45928024698944736,0.20521261037010846,0.08707827578806242,0.34748824173293846,1.0,0.4,0.6,42,11.6622778445904,45.92387547640222
29,24,0.4202928435134493,0.4940010321187898,0.4895644354637429,0.47247848586411695,0.4129274536161343,0.20711211584591122,0.07132619613991284,0.2852478300891707,1.0,0.4,0.6,43,11.549958290698685,50.32356513040788
29,25,0.4127510773772429,0.4852383344634432,0.4810929637067277,0.4638546644085473,0.40417225764220427,0.2048000173440651,0.06969093481386933,0.27810025639059327,1.0,0.4,0.6,44,11.53763854473505,48.6149780417606
29,26,0.42012934515792255,0.48412540744010335,0.47959641189546465,0.462734850505477,0.43798751187998525,0.20888177804814564,0.07140654204600508,0.28540802994456216,1.0,0.4,0.6,45,11.17267059594606,49.51462505280524
29,27,0.41951296842823105,0.4803343831203265,0.4757753244857682,0.4590879773468951,0.4197503829242435,0.20893034802274882,0.07140141859753661,0.2853872466536727,1.0,0.4,0.6,46,11.000443761785151,45.7059250320314
29,28,0.38517474550975683,0.4442956714112586,0.4397206005805322,0.4240709859428361,0.37769009639070394,0.20819879160806282,0.05951389951332359,0.23787664787236323,1.0,0.4,0.6,48,11.02561647720046,42.851664191293565
29,29,0.41421850595106346,0.47141739590688136,0.4671271289206256,0.4515966245763402,0.4111033764464434,0.2069251790472967,0.07032478238766125,0.28186635071950966,1.0,0.4,0.6,49,11.038979243843515,39.91396149999683
29,30,0.3861346753777693,0.44328518212535983,0.4389943740512228,0.42428749258274184,0.3762794514513168,0.21099073967808818,0.058924300938300846,0.2359168076823107,1.0,0.4,0.6,51,10.831485658892731,42.44579221609612
29,31,0.3627366923961779,0.4186135292160836,0.41431081951028387,0.40015114013587405,0.35719206957734057,0.21166086662686018,0.05036918179790892,0.2019119672440854,1.0,0.4,0.6,52,10.593730151268376,42.606688750129386
29,32,0.35978300578398204,0.41463435173172264,0.4103220087413165,0.39636203295869443,0.3519706613698349,0.20526543727750468,0.0528973515813366,0.20630027451923216,1.0,0.4,0.6,54,11.00766312504764,45.12469603817389
29,33,0.3602712537793208,0.4142364546726243,0.4090069731271716,0.39191558907399104,0.352950334427832,0.20540206892211846,0.05307710853678487,0.20696676492129926,1.0,0.4,0.6,55,10.902900349392844,45.19585699110675
29,34,0.2507398255765456,0.3015537961926424,0.2978095467407345,0.2835118600701927,0.25435635269882806,0.15710554103850016,0.03409825732333432,0.11872481846878243,1.0,0.4,0.6,56,10.512572904835014,44.14161434834775
29,35,0.2507371034629329,0.3017170167341487,0.29858014495093627,0.2850401135221372,0.24198949278957715,0.15710554100280966,0.034098250759800816,0.1187248178240975,1.0,0.4,0.6,61,10.510342089880114,44.147187745992
29,36,0.2508464185817813,0.3017532183376541,0.2989186564130929,0.28586370229842495,0.2424003951615346,0.1572605243307789,0.03409261532672965,0.11870464008364552,1.0,0.4,0.6,63,10.501660157380089,42.88998474706275
29,37,0.22036088363453252,0.2653327850313638,0.2612309853244511,0.2500451890530572,0.23179679913480403,0.159919611089509,0.02193306725294196,0.07332694062331002,1.0,0.4,0.6,64,10.173379051135232,35.30384805443104
29,38,0.2158175328510809,0.26050584169575147,0.25640140131617684,0.24731800237410806,0.2086920559579788,0.16169083854345412,0.019183534412129638,0.06472510859185829,1.0,0.4,0.6,66,10.273777053682124,32.70964998006579
29,39,0.21312650848964912,0.2557015531747231,0.25157746796740005,0.24148478195917952,0.21309836663570006,0.15898496010834634,0.019499275694135124,0.0651892662379707,1.0,0.4,0.6,67,10.102092007911883,35.29375394179751
29,40,0.21277157146298128,0.2539521760735108,0.25011814024521883,0.24139747623220875,0.2108776874306843,0.15890109437526934,0.019498654272527068,0.06519120755297694,1.0,0.4,0.6,68,10.090392384521076,33.06157750367734
29,41,0.21152047990929834,0.2505143193268191,0.24696292701157568,0.23960975806631546,0.2088534714306694,0.1584815812630472,0.019175466818732802,0.06470909198967509,1.0,0.4,0.6,70,10.060158741648475,33.96175580580123
29,42,0.20915330346797026,0.2469129441838026,0.24304723004215337,0.23572957127067157,0.20476113471636725,0.16169249535579355,0.016963605231283475,0.057229715323227494,1.0,0.4,0.6,72,9.891208573034742,41.237711265531686
29,43,0.20712758223092534,0.24369337515836978,0.2398165948551913,0.23404541428187656,0.20303174524864087,0.1599700327602956,0.016954711519565988,0.05708583565647855,1.0,0.4,0.6,74,9.80128719378826,45.90653580869825
29,44,0.21116330376833348,0.24738007271673784,0.24410594108859385,0.23844257346672787,0.20603073778035105,0.1594169690105519,0.01886061889986831,0.06361997572230807,1.0,0.4,0.6,76,9.786271662291131,46.194177662756985
29,45,0.2120941971426283,0.24770477323349707,0.2444250114716964,0.2390610419738299,0.2082288538897621,0.16046049666779977,0.0188600623783016,0.06361183259758416,1.0,0.4,0.6,77,9.787399374482764,42.67061238994052
29,46,0.21209279670566464,0.24778537421976476,0.24480940497743717,0.23997160408162993,0.20618503037335514,0.1604604966677997,0.0188600623783016,0.06361183259758414,1.0,0.4,0.6,79,9.784518187078884,42.63885892264492
29,47,0.2134565182598818,0.2491304330636551,0.24615430410896663,0.241639572846754,0.2076021708854603,0.16128830992664228,0.01917910457995179,0.06429783726586918,1.0,0.4,0.6,80,9.766571036153428,41.42532493793595
29,48,0.2059291726509239,0.24054273402129103,0.23755684274399558,0.23425763765070606,0.2037948401044606,0.15945498123958696,0.016848864155865544,0.05667338246910708,1.0,0.4,0.6,81,9.58244175973206,43.38705217545812
29,49,0.21058690593006257,0.2428344907206857,0.2398267404802178,0.23454402528452675,0.20928096901279028,0.15711713919875517,0.02022586947223536,0.0667720874733812,1.0,0.4,0.6,83,9.727544171516769,38.23720034669288
29,50,0.21055998290487216,0.24256221638446596,0.23985511774350304,0.23508733264763435,0.20586711089891863,0.1571477881578483,0.020222193406148375,0.06677536323462281,1.0,0.4,0.6,85,9.72210333757806,38.23061697249388
29,51,0.21262050408853972,0.2447013017239057,0.24229786888487276,0.23773018287752168,0.20740131247393973,0.1579089866327707,0.02096193065078082,0.06845094043092546,1.0,0.4,0.6,86,9.835333355783964,39.53709651804003
29,52,0.2039006734769998,0.23373517278569472,0.23100814559643396,0.2270876431616543,0.20630190751167882,0.15462503281093415,0.018675459459939203,0.06153568494565159,1.0,0.4,0.6,87,9.6831318056778,43.99135478279687
29,53,0.20461183549164075,0.23401188211264118,0.2315837792637102,0.22817799443382158,0.20070336836335384,0.15507003983870196,0.0188376123944042,0.06202106988941488,1.0,0.4,0.6,89,9.656047204069964,43.53450710228171
29,54,0.20487753505383527,0.2341096777774457,0.2316800380560605,0.2282683312941011,0.2006784453964678,0.15529272922438506,0.018824181529397466,0.06214957462500165,1.0,0.4,0.6,90,9.656500968167308,43.70909139222855
29,55,0.2102291486424982,0.23584188829876787,0.2336819583679445,0.23074273875244738,0.2185950172694745,0.15651089822343986,0.0210287103782082,0.06861653202142211,1.0,0.4,0.6,91,9.635843156777437,39.57788080320688
29,56,0.21036108584441576,0.23603770759805176,0.23418139327762882,0.23178525480151319,0.2062725770911648,0.15651258243043492,0.021085809997779932,0.06880284767294273,1.0,0.4,0.6,93,9.630573615888512,39.73853516208821
29,57,0.21591951956829014,0.23988952732987656,0.2380175578550065,0.2363243154841415,0.2139889854430477,0.155926443644908,0.023813713145878445,0.07770112909687596,1.0,0.4,0.6,96,9.567873936184691,38.568061267439255
29,58,0.2089597178197898,0.2282125900384586,0.22629752005669035,0.22501589469900363,0.21379881636258605,0.15635365475682284,0.02113629877911152,0.06846587451462065,1.0,0.4,0.6,98,9.380851537129924,39.27837204474098
29,59,0.202961807901817,0.22214338835325775,0.2223484100934712,0.2459618013642752,0.20004165225952475,0.1621562859924086,0.015983232275453653,0.05242352679242248,1.0,0.4,0.6,160,8.970338855002767,43.65570050831197
29,60,0.20261396135951903,0.22184008748249012,0.22234846596057528,0.24667893681302533,0.19973841789290248,0.16195513037856832,0.016098759465329255,0.05211415312461755,1.0,0.4,0.6,162,8.945642777962226,43.53560447902684
29,61,0.20264229752173302,0.22138317191582654,0.22219007233635488,0.24715396767787481,0.20074548981392842,0.16158530795978626,0.016580847990294734,0.05261094992238595,1.0,0.4,0.6,164,9.130912192384528,44.15484188464142
29,62,0.20325221942370375,0.22145145597749585,0.22195052521787798,0.24617319790806677,0.20197816429061588,0.1625760195759928,0.01635008138341109,0.05225140797019765,1.0,0.4,0.6,165,8.969832490212541,42.9961866115092
29,63,0.2046432518503245,0.22298193458758575,0.2240881810503183,0.24905653023068938,0.2020006891192679,0.16359330460204727,0.01658689231776702,0.05272735776045913,1.0,0.4,0.6,166,8.986516234116985,42.28776963328371
29,64,0.20167367392352736,0.21913898173788837,0.2193283824160389,0.2446162570819186,0.2010096080723169,0.16118224162176134,0.016287516450333432,0.05215760557095397,1.0,0.4,0.6,167,8.943479336506847,43.03718335214072
29,65,0.2042590366465997,0.22168348085074288,0.22278140762637577,0.24912328504959866,0.2026671876034567,0.16346759009716644,0.016563061699527842,0.05255700825173358,1.0,0.4,0.6,168,8.976670466135639,42.26997326540408
29,66,0.20511698112034168,0.2204468592663634,0.2215257289690435,0.24997670232698754,0.2042183017465684,0.16408983942334182,0.016500991475045357,0.05354731283187682,1.0,0.4,0.6,173,8.823363470488111,36.68755584644652
29,67,0.20521082004805177,0.21942775352011354,0.21898164959300537,0.2314216783567979,0.20523011471012184,0.1643981883282326,0.01645843581751801,0.05339293290607723,1.0,0.4,0.6,174,8.78248438740551,35.79685515566198
29,68,0.20492758468846747,0.21914946042213482,0.2196122906222867,0.23467917276077258,0.2028644384141157,0.16420049735510409,0.01649972007222792,0.053292600665287,1.0,0.4,0.6,184,8.791870499931333,35.74424972022741
29,69,0.20517181774039656,0.2196188758190316,0.22129562014795884,0.25475126301722595,0.2034913865214638,0.16429905564888853,0.016624447612138955,0.05348767811671089,1.0,0.4,0.6,185,8.865906221514942,36.77946486125777
30,0,0.922988561076214,0.8833398728244766,0.8824242090530998,0.8783467719929454,0.0,0.0,0.0,0.0,1.0,0.4,0.6,1,248.2266192396678,1343.3165830443804
30,1,0.9442583269936773,0.9540903395112458,0.9530176655664607,0.9486481435945899,0.11958229994197175,0.09065457929492052,8.330005125398515e-05,0.00011092391905210999,1.0,0.4,0.6,3,230.0176748585822,1261.7682022550327
30,2,0.9408349262550663,0.9892879900638639,0.9880798915489574,0.983787085151039,0.1929507795352727,0.14119543046186328,0.0010632609335538197,0.0026482431281599503,1.0,0.4,0.6,4,214.9394973086972,1103.1760186769295
30,3,0.8904412739415849,0.9429938701108748,0.9417706224273086,0.9370307655401156,0.10441622611571168,0.09844855322138708,0.00033320020501596137,0.00044369567620843996,1.0,0.4,0.6,5,213.37947700651569,1172.4929502908365
30,4,0.8544009925027762,1.1623533242358284,1.1587106917892243,1.1435616397821025,1.6650577202505359,0.21542829189613322,0.17248277261513867,0.6343938655139121,1.0,0.4,0.6,6,54.48907297915811,195.304811616364
30,5,0.5793925550200113,0.8743074936129211,0.8702374048526307,0.8541879643533321,0.5099508948170658,0.2063132970919641,0.08637400534564886,0.317695543752678,1.0,0.4,0.6,8,44.00343374492778,168.9801393466609
30,6,0.5475951712460289,0.8293565134509131,0.8249939878398167,0.8081948055465569,0.47812801088938944,0.19840363694112984,0.08648610204651289,0.31797147772935197,1.0,0.4,0.6,10,37.17134968632588,119.54415048809874
30,7,1.6761485556674551,1.8683931896408783,1.8630680194526952,1.841829014306728,1.8560044771601056,1.0,0.06022922039912058,1.0,1.0,0.4,0.6,12,21.08792542748572,56.29043646274236
30,8,0.45211451635820027,0.642199750571294,0.6374551057850019,0.6168411645337892,0.4044401908814466,0.17367455699463458,0.08760837487286936,0.32073403185898225,1.0,0.4,0.6,15,20.08969702958141,73.68107155887587
30,9,0.35925443684319747,0.5238465301057574,0.5188163373861118,0.49674514889058263,0.37162850774616185,0.16728985920920647,0.05852618779735335,0.2141409303176391,1.0,0.4,0.6,17,17.710080242410033,55.59221298647351
30,10,0.35903045816523044,0.5167886181336672,0.5113818563929993,0.49018301859542607,0.3304182376215343,0.17003503882865406,0.05830807634742433,0.21357875933466,1.0,0.4,0.6,20,16.73655176237313,56.513225803373786
30,11,0.31738238276173125,0.4574812720531664,0.4518877470163471,0.43061044987985536,0.3202855878843605,0.17233394265527607,0.04375123058656452,0.16026274560671153,1.0,0.4,0.6,22,15.442801695096852,45.85321682900292
30,12,0.31235126940449653,0.44604294837445596,0.4400801095388845,0.419178604407811,0.3070182460138162,0.16923224836879652,0.04377877619492161,0.16040009040884645,1.0,0.4,0.6,23,14.866390150188662,43.866691845150434
30,13,0.32460741377684516,0.43106010542538825,0.4251247446841532,0.40300579686122606,0.40456371984381156,0.17836588271685555,0.04772021490939744,0.1760959409480531,1.0,0.4,0.6,24,12.918415964436422,43.14145301080793
30,14,0.31615436249849466,0.4106494980625321,0.4045963600768471,0.38249172472474524,0.3193519133851332,0.17263604042116917,0.047895988058982986,0.17652861901782518,1.0,0.4,0.6,26,12.328501214469552,41.28097749951292
30,15,0.3130946233978294,0.40716189637321687,0.4008016644204694,0.3793099065128054,0.29592163935528676,0.16952012235294178,0.04792320189507767,0.1767397898626423,1.0,0.4,0.6,27,12.257026576981914,39.74991574377948
30,16,0.31578183477209526,0.40884059043178966,0.403076293533909,0.38120152730074724,0.3019757968509169,0.17263604042116917,0.04789598805898297,0.17652861901782513,1.0,0.4,0.6,28,12.255028864551008,40.69030560713761
30,17,0.27630602249370767,0.3677085207394789,0.3613222253231464,0.3406599374519057,0.2639797902177513,0.17048241803176942,0.033883069907687136,0.12427511462006671,1.0,0.4,0.6,29,12.236200739407243,47.77246258537425
30,18,1.1436367100313813,1.2349769695635093,1.229498858593414,1.2105362924462582,1.1261438635045677,1.0,0.02259506407924928,0.19494650789391663,1.0,0.4,0.6,37,11.974789043673391,38.56827916906881
30,19,0.23999487538414782,0.32575205623291714,0.32021973564654327,0.3022017251616602,0.24361308308201138,0.16619519609111946,0.021945688703568094,0.08119674542472116,1.0,0.4,0.6,38,11.903414548047776,44.87624526699887
30,20,0.2344069643898881,0.3190628224207165,0.31351980829945836,0.2960210382999955,0.2203356233273445,0.16070832981898675,0.0220297770734303,0.08140373490888332,1.0,0.4,0.6,40,12.224014894953145,44.70736803848595
30,21,1.1490387249608662,1.232846888910564,1.226992731713049,1.207006093001154,1.1336088502260162,1.0,0.025360248285285603,0.20503864917318743,1.0,0.4,0.6,46,11.65278425308568,43.72500290455149
30,22,1.141671488920327,1.2243830156011166,1.2191241132729624,1.2023531715077334,1.13065630179579,1.0,0.02264208061957053,0.19506608847958332,1.0,0.4,0.6,47,11.63936607033698,46.3153448893122
30,23,0.5359738937884548,0.6184960546117159,0.6126294628414537,0.6001627135655054,0.5204038653742784,0.22801430173398848,0.013103798941065932,0.4785727452110485,1.0,0.4,0.6,49,11.773526804583794,42.26660577282831
30,24,0.5665362194269437,0.6441896674489953,0.6382761828278938,0.6256624943995189,0.5606670339046925,0.2216427529431017,0.015225091555728973,0.5405528475121094,1.0,0.4,0.6,51,11.659890858212991,39.030539663399566
30,25,0.5657610119901537,0.6361931526832056,0.6302106408687879,0.618186141351299,0.5655572484382423,0.22237252519244968,0.015298759993371235,0.5406314418412537,1.0,0.4,0.6,53,11.356096913278344,39.43878189466552
30,26,0.5612813581882182,0.6273416913053468,0.6216205204125709,0.6096087432116781,0.5649215085526428,0.21968341262445817,0.01479329454266062,0.5395604300926167,1.0,0.4,0.6,54,10.90476852128311,38.9402551458069
30,27,0.564932628385562,0.6282571985974503,0.6222071107796507,0.6107777363522283,0.558143684538707,0.22240563683180467,0.015653031419831813,0.5414523151722925,1.0,0.4,0.6,56,11.011512904863867,38.918978603898765
30,28,0.8636284709213373,0.9240762753793539,0.9189078316209908,0.9074801600841903,0.8638036147300654,0.3766660783989463,0.0420102224479974,0.7656795829417853,1.0,0.4,0.6,57,10.396227945603297,35.557273270357975
30,29,0.6120062996885933,0.669808033664088,0.6649176158587713,0.6559975291008048,0.6041751540239647,0.24487353500436923,0.012474691210953308,0.5865720521715336,1.0,0.4,0.6,61,10.44264869093874,37.16578799279266
30,30,0.6119472127044558,0.6695427623701337,0.6649533111613103,0.6565026387288039,0.6023182775760667,0.2448735350043692,0.012474691210953319,0.5865720521715336,1.0,0.4,0.6,63,10.431561655933344,37.06449505887242
30,31,0.4978941474919609,0.5527463003889254,0.5478281895158194,0.5384942732446774,0.49744511225864896,0.22461885694272202,0.012281918580228273,0.4312462910482256,1.0,0.4,0.6,64,10.373181528134907,35.24242479059861
30,32,0.15340002505930336,0.2075658455649611,0.20173242739151515,0.19514483932302906,0.14410569979259494,0.12268819273052478,0.011129884915719377,0.02787791368394525,1.0,0.4,0.6,70,10.58787166317742,33.11456471877938
30,33,0.16208583455084452,0.20962518476614375,0.20403265356967554,0.19650601873015622,0.1769369339952743,0.12683079161080943,0.01407594084832575,0.03564352116970046,1.0,0.4,0.6,71,10.319612391502217,34.580283908858405
30,34,0.15127824867062328,0.18904817099035592,0.18275884536505912,0.17597597400330295,0.17754905166173438,0.12317171140382059,0.01129051807159866,0.02853608255121029,1.0,0.4,0.6,72,9.873510622064128,31.95836421485843
30,35,0.15051746366819618,0.18640444782005575,0.180400704074155,0.17466595661187098,0.14663777692443142,0.12279353360588621,0.011389233783143061,0.02842146289139701,1.0,0.4,0.6,75,9.74806886654292,32.05182098951771
30,36,0.15040966420472718,0.18577941661683858,0.1800738221867361,0.17545246425242775,0.14543113631465923,0.12279353360588621,0.011389233783143061,0.02842146289139701,1.0,0.4,0.6,77,9.728881569220976,32.00934374100385
30,39,0.4601535725211643,0.49158224943855,0.4870521014742114,0.4853884807544251,0.45555413543735657,0.21695442412972982,0.01102918675600522,0.3892249449543077,1.0,0.4,0.6,109,9.255310575369734,35.58016193370408
30,41,0.4583393166364183,0.4859334274115775,0.48167093038700426,0.4813857827256468,0.46077093092833765,0.21582052820235523,0.011000362717176028,0.3892342786850632,1.0,0.4,0.6,112,9.03083758098724,33.33575513493418
30,42,0.4583140962332436,0.48571610758975103,0.48145189828884777,0.4811599612295471,0.45441639368013587,0.2157534086082483,0.010998559582609493,0.3893597321616661,1.0,0.4,0.6,113,9.020785312919774,33.351021357774485
30,43,0.458284997837645,0.4855240434855738,0.48125830737184044,0.48096068747610676,0.4538771676621861,0.2156665470872606,0.01099642278900516,0.38950356448868184,1.0,0.4,0.6,118,9.011845763946075,33.3686258448438
