Run,Equation_Index,Hybrid_MSE_Train,Hybrid_AIC_Train,Hybrid_BIC_Train,Hybrid_MDL_Train,Hybrid_PSM_Train,Extrapolation_Divergence,Sensitivity_Interpolation,Sensitivity_Extrapolation,Lambda1,Lambda2,Lambda3,Complexity,MSE_Test_Interpolation,MSE_Test_Extrapolation
1,0,0.9187282286116847,0.8821578422210643,0.8812328840003815,0.8771202716829996,0.0,0.0,0.0,0.0,0.4,0.5,0.3,1,255.55771723636607,1310.0613653974242
1,1,0.8867156876309958,0.8997022136917047,0.8986189088715038,0.8942092457346885,0.06678150182567787,0.09410015139910047,8.329263027050499e-05,0.00010983846297283001,0.4,0.5,0.3,3,237.03784792167585,1223.5456086397571
1,2,0.857200686351974,0.8996899758275974,0.8985042025373757,0.8942976977680681,0.08856708293267802,0.12364727529617507,0.0010533460604679108,0.00261933166410343,0.4,0.5,0.3,4,225.8945102351237,1220.0473984040823
1,3,0.7842294751344205,1.0949456037744194,1.0915236571847802,1.078771203050541,1.3519485021293838,0.1834448994567688,0.31510611482121403,1.0,0.4,0.5,0.3,5,68.35879190383643,257.1114928456474
1,4,0.7842294751344205,1.0949456037744194,1.0915236571847802,1.078771203050541,0.5309311287725088,0.1834448994567688,0.31510611482121403,1.0,0.4,0.5,0.3,6,68.35879190383643,257.1114928456474
1,5,0.7365986508533109,1.0471286864273193,1.0433538820171528,1.0299870880401043,0.6576377173376771,0.17619509531072444,0.31518204019542423,1.0,0.4,0.5,0.3,7,57.23324197850672,220.7135018084312
1,6,0.6540538334797303,0.9525692134529156,0.9482924727187925,0.9331896308802148,0.6817902684412824,0.12398164902906712,0.29573891473664926,1.0,0.4,0.5,0.3,8,45.02717178553619,259.94764865617964
1,7,0.6213951612974749,0.9027996175681279,0.8981334762400399,0.8822503914044815,0.5687789985643767,0.12346681931464905,0.29581918323653483,1.0,0.4,0.5,0.3,10,38.1739369157898,236.30870104284816
1,8,0.5960691318140099,0.856496705536349,0.8514674664332411,0.8345848101480118,0.5639562491930667,0.12309731657078411,0.2960599887361915,1.0,0.4,0.5,0.3,12,32.87352429364309,217.5123948021188
1,9,0.6198170119596416,0.8723221057216852,0.8674740786943833,0.8498281187748087,0.5735860327853046,0.1684237087116343,0.32246479427580393,1.0,0.4,0.5,0.3,13,31.403051574678194,125.46565212961444
1,10,0.5780211741387428,0.8176586330480493,0.8123241497881524,0.7946633989866216,0.5644426422575757,0.12273671357098981,0.2964613312356193,1.0,0.4,0.5,0.3,14,29.12593391909605,203.55872993399163
1,11,0.6023223506008415,0.837040622006415,0.8319344873683991,0.8137383717754441,0.5573500341622151,0.16214257199818607,0.3226925703984344,1.0,0.4,0.5,0.3,15,27.337754517688,97.54316194032158
1,12,0.5643490917876854,0.7837607635372537,0.7781591597240192,0.7600753835467917,0.5643889866011214,0.12296331656481865,0.2965428333424992,1.0,0.4,0.5,0.3,16,26.24040515271828,201.17143584849708
1,13,0.5844003441442074,0.7908301157541113,0.7853641422484443,0.7666080412727612,0.5917624261010808,0.1611313165126435,0.3227740725053142,1.0,0.4,0.5,0.3,17,23.181306542836044,87.67724788979918
1,14,0.5550874983481935,0.759948059963967,0.7541668466840832,0.7359767536360295,0.4965781480558853,0.12097064697909007,0.29628799986696824,1.0,0.4,0.5,0.3,18,24.11608584601836,203.4561094436096
1,15,0.5756467671707459,0.7630891372634119,0.7577086736713999,0.7383358106096958,0.6017809115079933,0.1611313165126435,0.3227740725053142,1.0,0.4,0.5,0.3,19,21.16371037372821,98.1036444074568
1,16,0.5417202064828326,0.718842780576299,0.7130423843692866,0.6940852806514448,0.5391934219837504,0.162735533943629,0.2909380859895095,0.9530102430755024,0.4,0.5,0.3,20,19.78269886824836,64.5260971672418
1,17,0.5429694819460361,0.6575569163693731,0.6513998641130683,0.6296085885498757,0.7616649300488061,0.1495600775875892,0.3188387909783653,1.0,0.4,0.5,0.3,21,14.531693118210365,75.17436966208031
1,18,0.5387038099560479,0.6411160688563577,0.6348378666062604,0.6132312030060219,0.5404860043623392,0.1470267617786511,0.31885840905574464,1.0,0.4,0.5,0.3,23,13.598981060002922,62.072862944864646
1,19,0.5358328839637616,0.6299958360593865,0.6236365650901583,0.6023828300134606,0.5323323662757579,0.14506213296261214,0.3188463520596298,1.0,0.4,0.5,0.3,25,13.208269645199175,62.0313365380116
1,20,0.5354787330766765,0.6267413362205896,0.6203537500353529,0.5995939869197922,0.5230004060888107,0.14555550539837403,0.31915806878753905,1.0,0.4,0.5,0.3,27,12.924398547713816,58.42023440188756
1,21,0.5352093780999314,0.6248627011792047,0.6187623312063406,0.5982383637440074,0.52097882898501,0.14603233234235752,0.3190557150027871,1.0,0.4,0.5,0.3,29,12.814695151586216,58.43881519405798
1,22,0.5338276884248147,0.6194848496464227,0.6136485568155579,0.5934603050446314,0.5248080089404958,0.1450829811459176,0.3189858075957842,1.0,0.4,0.5,0.3,31,12.573285257873293,63.68179113569642
1,23,0.5331128849917713,0.6096261117469826,0.6030959286546616,0.584297154067777,0.5267886133719187,0.15003267240259538,0.3176848892387855,1.0,0.4,0.5,0.3,35,11.909971044628875,61.12110088789822
1,24,0.5307828281587597,0.5983755068179402,0.5917601041156288,0.5731536511898606,0.534099411683679,0.1489684041606107,0.3177437434709232,1.0,0.4,0.5,0.3,37,11.365966133194483,62.46475384118765
1,25,0.5011444327068184,0.5637806972119523,0.5574211991023712,0.5386783981234411,0.5074646179158919,0.1511067257651208,0.28605265006355945,0.9546835339409354,0.4,0.5,0.3,38,11.134855766659465,40.97487414206454
1,26,0.49998461546456296,0.5579729223182788,0.5515695511921738,0.5336859155362437,0.4977095818069702,0.15047363499423708,0.28607079182681333,0.9547754258213017,0.4,0.5,0.3,40,11.071989982846986,38.5294880589448
1,27,0.5287631159924335,0.5847463994408686,0.5780212213682735,0.5612876227049637,0.5210251331566165,0.1498263893614054,0.3177749781911271,1.0,0.4,0.5,0.3,43,10.769620913404868,58.539950291056016
1,28,0.5284593408584093,0.5833364850277047,0.576600926203347,0.5598274944272819,0.5225507760015784,0.1496988136250213,0.3177071102090875,1.0,0.4,0.5,0.3,44,10.703575676238296,58.3734649333755
1,29,0.5280688055913111,0.5814854999199828,0.5747362010721679,0.558970662013557,0.5236830500276318,0.14933470622549586,0.317793119954381,1.0,0.4,0.5,0.3,45,10.76845482458254,55.0683065708654
1,30,0.5278465188101208,0.5802095080795802,0.5737532422454519,0.5583447252537592,0.5205923746483974,0.14933470622549586,0.317793119954381,1.0,0.4,0.5,0.3,47,10.709673266989371,54.993737770558624
1,31,0.5276337077321709,0.5773032460116831,0.570518837869433,0.5554583636104551,0.5278748970228815,0.15005310310925074,0.31779875828238763,1.0,0.4,0.5,0.3,48,10.5750553844074,53.83168721504256
1,32,0.527312688587772,0.57432438350034,0.5678180574355958,0.5567709710884128,0.5203011773072744,0.14964680519280665,0.31852818782844416,1.0,0.4,0.5,0.3,56,10.489981556813106,54.776031949927926
1,33,0.5301150115837389,0.575783561949325,0.5716882469557416,0.5691859287516051,0.5226073695245308,0.14951450246147996,0.32501444977637733,1.0,0.4,0.5,0.3,80,10.470259567641872,55.97628747724265
1,34,0.6973108767736916,0.7420546042603045,0.7391625711027414,0.7385304062357245,0.6903760548903688,0.9096222032910608,0.05179892480141725,1.0,0.4,0.5,0.3,87,10.534881546483875,39.98854632020439
1,35,0.6949641477393547,0.7363384995817601,0.7334151260430216,0.7336211950659054,0.6937709086310915,0.9096734549357306,0.04830477228717055,1.0,0.4,0.5,0.3,89,10.490523220278748,37.31034904785884
1,36,0.7040666277807563,0.7424696965686038,0.739821723399686,0.7398267372104441,0.6997621170771327,0.8999447079012535,0.0754006846217908,1.0,0.4,0.5,0.3,94,10.348290556321915,38.96562986543632
1,37,0.41670283666204144,0.4543828356763221,0.45081929371303864,0.4523494375622955,0.41070423807064826,0.15883691668685504,0.09372205126419354,1.0,0.4,0.5,0.3,99,9.676756284877628,28.80873038614332
1,38,0.6923452633427483,0.728953562664981,0.7241683170109616,0.7153269621645073,0.6873733555604329,0.8949669358120355,0.056357127567770844,1.0,0.4,0.5,0.3,101,10.39376144288316,39.69788807162397
1,39,0.41711361726193263,0.4543308483099166,0.451671920413128,0.456576051084678,0.4109732396602781,0.15989303599087507,0.09396048547475865,1.0,0.4,0.5,0.3,103,9.621283633950286,30.16604623416908
1,40,0.41595118276967774,0.45072463413962394,0.44834603413983437,0.4547606852431163,0.41452360784645204,0.15893172522461668,0.09330297327396553,1.0,0.4,0.5,0.3,105,9.558894500591956,29.85757690263597
1,41,0.400975686641,0.434293969238163,0.432507889499165,0.43974007337419163,0.39830404254758267,0.15956345086991194,0.06341977253797466,1.0,0.4,0.5,0.3,107,9.614178354431733,33.596463768622485
1,42,0.39822924038736063,0.43016788555501423,0.42806603653747255,0.43700588828674614,0.3941041517748762,0.16591298984857808,0.05329601629714243,1.0,0.4,0.5,0.3,111,9.520397420057478,34.10198978476532
1,43,0.39683343130554327,0.42724830542471165,0.4248295408760561,0.4337788434104081,0.39428815607178674,0.16461547005839672,0.05203779940901101,1.0,0.4,0.5,0.3,113,9.409518080923842,36.36550301373386
1,44,0.3964392622628468,0.42625073583817685,0.4244323840980959,0.4345943920662908,0.39248752302546563,0.16321482490488898,0.05263913247805886,1.0,0.4,0.5,0.3,116,9.455838058893764,36.08843678457544
1,45,0.39581092990784844,0.42529010691795965,0.42346867489796103,0.433961206919635,0.391594876744535,0.1642461299035838,0.050671241036037595,1.0,0.4,0.5,0.3,118,9.42573032949691,36.04497991336065
1,46,0.12667341836507215,0.15416695364182054,0.15323615207621552,0.16349482875983748,0.12988788853990332,0.1102836159793992,0.05647771909130239,0.16642678717431023,0.4,0.5,0.3,119,9.598095656665391,46.03110724063755
1,47,0.12661696966940622,0.1538891635549299,0.15325932194421826,0.16448284011486114,0.12280108743586542,0.11024301399330087,0.0565899754667753,0.16628110569435556,0.4,0.5,0.3,121,9.576857684757174,46.172912047325184
1,48,0.12582498175600726,0.15032816704654992,0.14906696176840561,0.15926487352719018,0.13064662593866005,0.10892661711533921,0.056598546590494535,0.1668320248795953,0.4,0.5,0.3,122,9.504008716397903,43.969966865346535
1,49,0.12562477170418856,0.14900884228768488,0.1480404156662895,0.15951232912833685,0.12394473229455213,0.1089266171153392,0.056598546590494535,0.1668320248795953,0.4,0.5,0.3,124,9.460299504823372,43.90884118551338
1,50,0.1258096586087978,0.1490215002139609,0.14805149508300897,0.15952919989742684,0.12271176995440636,0.1094733867651386,0.05663029009420013,0.16676147041589223,0.4,0.5,0.3,125,9.414123285537082,33.71195642425942
1,51,0.1257050259437681,0.14702675755519304,0.14603947521030783,0.15916223777827243,0.12868445910496812,0.10809114368509849,0.05701395008191763,0.1686537689995944,0.4,0.5,0.3,126,9.393927368106734,34.12512244265142
1,52,0.12519061243941026,0.14530235211129958,0.14430403488132404,0.15774167072388623,0.12607969460383173,0.10735021852766317,0.05696087417025707,0.1686743130063981,0.4,0.5,0.3,127,9.369887104655866,36.60805310587642
1,53,0.12836763712768937,0.14687393692977374,0.14767868737954357,0.1699292808277511,0.12594655612840522,0.11134968198342947,0.05810069135145702,0.17319051518476652,0.4,0.5,0.3,145,9.346762811936154,46.05547122644421
1,54,0.12836614481033048,0.14695321947024653,0.14806176555647427,0.17100299574090144,0.125562913186581,0.11134968198342947,0.05810069135145704,0.17319051518476652,0.4,0.5,0.3,147,9.346276427455145,46.03831863341519
2,0,0.9573109778095157,0.8926967947352175,0.8918545723482778,0.8880582138336627,0.0,0.0,0.0,0.0,0.4,0.5,0.3,1,222.6864925921627,1403.192237348839
2,1,0.9340693318060433,0.9137151373753959,0.9127407182437133,0.9087479414311362,0.062191653042865266,0.09446177315543527,8.373978300297374e-05,0.00011431080981810001,0.4,0.5,0.3,3,208.93296326121063,1348.8525393392188
2,2,0.888620933814342,0.9130192514725841,0.9118973764990372,0.9079349624111236,0.11007668650917796,0.1363960543116488,0.0010926115668664941,0.0028381720905722298,0.4,0.5,0.3,4,195.39269782999176,1206.3210252721508
2,3,0.808557587924744,1.119283498721825,1.1158606252410512,1.1031045758304383,1.4002624590420798,0.22322353276077123,0.33219807624365044,1.0,0.4,0.5,0.3,5,68.4732427053786,256.57218536759825
2,4,0.7596996706153927,1.07016667491141,1.0663861627252729,1.0529977740828718,0.6174813465053188,0.2142272147345977,0.3322759318736472,1.0,0.4,0.5,0.3,7,57.87195229681685,215.38200415785303
2,5,0.7342753697531186,1.0419667453806456,1.0380102676232212,1.0246455364668374,0.6108857576089992,0.1970269454029264,0.3344971975198663,1.0,0.4,0.5,0.3,8,55.29376314486826,166.55243618744566
2,6,0.6188028788550657,0.8590560815185666,0.8540324841807767,0.835166809308362,1.0408975617219116,0.17458338736937104,0.33574496675819293,1.0,0.4,0.5,0.3,9,26.51403585767104,105.35146769110511
2,7,0.5949837773092306,0.8006703725471909,0.7952016568882365,0.7751832850986557,0.6177614780835559,0.17030311293625547,0.3358234843131591,1.0,0.4,0.5,0.3,11,21.18923456107312,89.56014051414432
2,8,0.5819672280056345,0.7615704098003739,0.7557978272513151,0.7349682623172906,0.5914613464701777,0.16920024160740607,0.3359200707674712,1.0,0.4,0.5,0.3,13,18.06246911444192,91.38862576739108
2,9,0.5692039868983356,0.7197570891800162,0.7136674143454684,0.6920745119415792,0.5925464471326058,0.16539665033966847,0.3361556234323697,1.0,0.4,0.5,0.3,15,15.35120190200793,80.11050906526559
2,10,0.5280760871509402,0.6557691151356899,0.6497446980272266,0.6279117238338103,0.5442536093325159,0.1604311281175424,0.2727661443080545,1.0,0.4,0.5,0.3,17,13.980402263884187,51.437263881767066
2,11,0.4902397679886439,0.6022991639195885,0.5961167931519491,0.5739119465479807,0.49620533475294676,0.15619868341422788,0.25072800224117753,0.9312251916155327,0.4,0.5,0.3,19,12.956834374089883,49.0953149747622
2,12,0.5231343629158971,0.6298678990624518,0.6239353424253029,0.6037938349221434,0.5081698386242479,0.16287860526434972,0.2728255667599658,1.0,0.4,0.5,0.3,22,12.81604510011702,46.57973309673769
2,13,0.4862390820254347,0.5787827764888822,0.5727105557856963,0.5506749001733479,0.5195522929755914,0.15865041166998403,0.2507874116189825,0.9313954176615541,0.4,0.5,0.3,23,11.958180289948547,44.07665341994071
2,14,0.48303726726961177,0.5601985298263712,0.553977436697992,0.5325523548617475,0.4959890671609533,0.16278032246016902,0.24981476257309546,0.9287860405111108,0.4,0.5,0.3,25,11.356901634932935,42.04350925214666
2,15,0.48139398553476215,0.5458952664162451,0.5395534231770542,0.5181067677830848,0.49190873601724733,0.1652832518556667,0.24987417195090042,0.928956266557132,0.4,0.5,0.3,27,10.941663870430943,40.66186747154597
2,16,0.48002798028246796,0.5399195462223245,0.5335341030254561,0.5128904903239936,0.47732467912034976,0.16414168624844508,0.24989285251750964,0.9290473350672253,0.4,0.5,0.3,29,10.768417201216828,36.457875024176296
2,17,0.48265959246546364,0.5409136925496281,0.5345127902169244,0.5140746825560542,0.4751137456839666,0.1714891361092385,0.24992336623520303,0.9290725284958923,0.4,0.5,0.3,31,10.695631949224452,40.707938968005806
2,18,0.48135419327056717,0.5352606634429946,0.528818871019753,0.509221493230759,0.47934680362118864,0.17029159518837195,0.24994204680181215,0.9291635970059856,0.4,0.5,0.3,33,10.54702210492674,36.69144427721985
2,19,0.40673229740989014,0.4564517312192412,0.4499706986233625,0.43187310904214116,0.3998281258778145,0.1473402802692843,0.2131105190833591,0.7751187719133503,0.4,0.5,0.3,41,10.307688158131192,31.847750102104364
2,20,0.4078393553977687,0.4563502015767126,0.44955495678185026,0.4323213003907168,0.4031857090241227,0.15012248183702803,0.21331939108686307,0.7754637487542495,0.4,0.5,0.3,42,10.539088934586522,35.84086721839941
2,21,0.4074190926961111,0.4534891819860793,0.44697407811951934,0.4300388230722973,0.40374457007678943,0.1509977638761309,0.213094823058848,0.7748676069479714,0.4,0.5,0.3,44,10.329276600118185,35.535351004506694
2,22,0.4499133030643782,0.4939526905482155,0.4880246132849182,0.47185222442532343,0.4498783635431951,0.15275133893082996,0.23924434363237285,0.871972450508866,0.4,0.5,0.3,45,10.117009796042884,39.25256215968419
2,23,0.45356937484210047,0.4973594082820214,0.49173192217262707,0.4758456465412202,0.4471932951518131,0.16165953721808324,0.23939604909278206,0.8722390153279628,0.4,0.5,0.3,46,10.268835788610644,35.61499824483407
2,24,0.45179528179019407,0.4906314101505501,0.4849579317282335,0.4686756670509792,0.4620588421484454,0.15931314981520997,0.23946264800723852,0.8723671890023731,0.4,0.5,0.3,47,9.876150417072006,35.94122657678055
2,25,0.44906105976979793,0.486584425134176,0.4808987770511621,0.4668799971003959,0.444157399354243,0.15388134311412877,0.23925513752029223,0.8716297043791894,0.4,0.5,0.3,50,9.67999400130048,39.03482994060083
2,26,0.45177443844917037,0.4880287720476507,0.4826343054099203,0.46777889328432654,0.45024351560127884,0.1605763629718357,0.2394219612335883,0.8722800261932713,0.4,0.5,0.3,51,9.981613738451273,35.09460497076227
2,27,0.4498615041588212,0.48485932784366403,0.4791503177163682,0.46558847388042307,0.447879380229507,0.15784684133381316,0.23899223562838223,0.8709502050993466,0.4,0.5,0.3,52,9.657091151944783,37.832757734104206
2,28,0.45089546529674895,0.48333263257475056,0.4775999448041056,0.4648264926387989,0.44974410538859744,0.16161143186864635,0.2389768954198279,0.8709051011567277,0.4,0.5,0.3,54,9.604002289455458,37.222538184471766
2,29,0.44971975329639957,0.4808380717825944,0.47509327941903584,0.4631254910754824,0.4466905549507486,0.1590599271892251,0.23903703783297245,0.8710538221695581,0.4,0.5,0.3,56,9.409287786286423,43.18595298644281
2,30,0.43858439500818325,0.46835871882276153,0.4622986242386995,0.4498448760658999,0.4356613584919249,0.15838353821136839,0.23244631688586773,0.8465461249113264,0.4,0.5,0.3,58,9.38629028099719,37.29018076931545
2,31,0.43852416218877815,0.4680385122873488,0.4622789396627122,0.4502876618892379,0.4341308367122373,0.15838353821136839,0.23244631688586773,0.8465461249113264,0.4,0.5,0.3,60,9.389163246144244,37.23559656292058
2,32,0.44180207053700354,0.467081674369031,0.46098029514230177,0.4498148760586106,0.4445163671063105,0.16809853955102505,0.23250786567297987,0.846770773623366,0.4,0.5,0.3,62,9.299864254165216,34.49781548780418
2,33,0.44173680136336596,0.4667181349151558,0.4609169325785825,0.44993175544231034,0.4381772087575754,0.16809853955102505,0.23250786567297987,0.846770773623366,0.4,0.5,0.3,64,9.300947151749464,34.43084196502928
2,34,0.44197498892169723,0.46518092850311366,0.4593634419212348,0.4494876445944003,0.44005126359620955,0.16938704166199825,0.23251469653648105,0.8468263136165228,0.4,0.5,0.3,67,9.310698127947266,34.116097859778
2,35,0.4151115673965401,0.43563394431933955,0.43009486325979124,0.4227023523614408,0.413985127455194,0.16924079079561424,0.21686571943482422,0.7850884873184361,0.4,0.5,0.3,71,9.092542661345288,27.488352631738955
2,36,0.40470516547781243,0.4243325598924965,0.41848236260539706,0.41082467468159933,0.4040814461622022,0.17521073496933076,0.20898688095169704,0.7560119490622828,0.4,0.5,0.3,72,9.116716785182724,33.13563545960046
2,37,0.40854571683145025,0.42771826500872023,0.42246987368284306,0.41557307153585743,0.4074542657416119,0.16846468777119292,0.21312349476300466,0.771259944478863,0.4,0.5,0.3,73,9.092822517871552,30.85786155996419
2,38,0.42148385219504303,0.4391329046554483,0.43326465482884463,0.4267096309820688,0.4207341443353611,0.1759537355034895,0.21949001612788863,0.794519205652563,0.4,0.5,0.3,75,9.080553887517585,35.787947397824205
2,39,0.4011426181339326,0.4174774097414188,0.41159717812593255,0.40475234592746856,0.4027510768184045,0.17015586479852757,0.20772722023888912,0.7547574055109686,0.4,0.5,0.3,76,9.028097338265647,36.72283615343021
2,40,0.41007514780549137,0.4257896245762529,0.42141855082062885,0.4184903938414909,0.4077558437551961,0.17954978547925216,0.21248238154847437,0.7646546993155976,0.4,0.5,0.3,88,9.111979975140247,37.994184885931375
2,41,0.40836401471824907,0.4222428416244458,0.4178550674469418,0.41518084672743105,0.4121728907769386,0.1759507350078031,0.21251484246657973,0.7646705462610153,0.4,0.5,0.3,89,9.128815210837866,38.73234315659288
2,42,0.40882069320666287,0.4227637161055229,0.41867952907792594,0.4168792818183362,0.4065289309740464,0.17702696656410424,0.21253879246212162,0.7647317916907483,0.4,0.5,0.3,92,9.136617762738975,37.83155853071908
2,43,0.40828245065532864,0.4220121221782748,0.4179260065420396,0.4158027364863578,0.40670562977557834,0.17597779021786342,0.21244371447087218,0.7646074328536027,0.4,0.5,0.3,93,9.109979635549962,38.67147730772345
2,44,0.40874662295191,0.42231148919783723,0.4185268148674444,0.41791681681504567,0.4073505218888744,0.17702696656410422,0.21253879246212162,0.7647317916907481,0.4,0.5,0.3,94,9.082105851168537,37.7729774763667
2,45,0.4076608933298089,0.4194863830970176,0.4153829852170371,0.4141505915945707,0.41117617488079344,0.17239049491205877,0.21253255934599585,0.7681711331081338,0.4,0.5,0.3,95,9.122724235375,38.25213580748968
2,46,0.4056686024416598,0.4168230893337278,0.41271355875232685,0.41242025323959147,0.40602423639301827,0.1733957770082765,0.20938568949406297,0.7657849778265136,0.4,0.5,0.3,96,9.069088548395404,38.53096782914638
2,47,0.41447459184295626,0.4245126619347761,0.4203930380412255,0.42070260334341597,0.41648624887887914,0.17455809968748984,0.2227080871774445,0.7719647759325798,0.4,0.5,0.3,97,9.126434149297385,38.17628469952591
2,48,0.40643433517335353,0.4145885645634502,0.410451861989484,0.4139360265278769,0.4062718800399276,0.1759839275421223,0.21492992280614204,0.757198113725376,0.4,0.5,0.3,102,8.650086320297891,39.51204284393174
2,49,0.4090736296572846,0.4166894992980663,0.412547909328827,0.4166609412792641,0.4086352473753137,0.18204989996682358,0.21518919438666587,0.7577516928476832,0.4,0.5,0.3,104,8.574740383061997,37.54171073747805
3,0,0.9499654437733195,0.8907171923222155,0.8898594453240266,0.8860032533577022,0.0,0.0,0.0,0.0,0.4,0.5,0.3,1,222.84538292405804,1334.0713690135167
3,1,0.9255996582130857,0.9100485115165824,0.909058683635042,0.9050065224827846,0.06043790891291295,0.09020594070366636,8.399636384213458e-05,0.00011510700581725,0.4,0.5,0.3,3,207.98503268306223,1328.8047029076745
3,2,0.8748495177209019,0.9071907594133523,0.9060407092245398,0.9019698206095106,0.1124929630376546,0.13077633349636567,0.0010891494050749657,0.00286309110042079,0.4,0.5,0.3,4,192.9156181475794,1153.7500808484986
3,3,0.8112470337576501,1.1209949195515316,1.117651473426415,1.1052007683375724,1.3525720687711364,0.20520822995674162,0.3297733946819729,1.0,0.4,0.5,0.3,5,65.78972534582853,232.13474605311404
3,4,0.6650184541528197,0.9658582166254772,0.9616388521787396,0.9469406837645489,0.6648660057318929,0.12450768723494592,0.30728278891081584,1.0,0.4,0.5,0.3,7,53.47838100532301,245.6745188431533
3,5,0.6312840807426294,0.9158139174251756,0.9112036696170605,0.8955377707656849,0.575036740892507,0.12380307827636247,0.3073610079135065,1.0,0.4,0.5,0.3,9,46.08214976480373,224.72609102020144
3,6,0.6046626856161611,0.8683614453109147,0.863379834358903,0.8468778399676105,0.5712827752873082,0.123158985891814,0.30759566492157875,1.0,0.4,0.5,0.3,11,40.413968628684735,208.6203045698517
3,7,0.5884171566542338,0.8343839195328022,0.8291333564717067,0.811993024589315,0.553079134651999,0.12274427118121412,0.3085048459724779,1.0,0.4,0.5,0.3,13,37.13083429537426,207.695214789112
3,8,0.3972954683899819,0.6352644975714843,0.6299062371004405,0.6126720689732201,0.3273779329000461,0.1256846481058509,0.1777223587841925,0.5960636981799466,0.4,0.5,0.3,17,26.438548598199585,122.16073271374812
3,9,0.38041844369841804,0.5983633256289278,0.5927424815996984,0.5743233655115954,0.4109633434103297,0.12787605908485727,0.1751549947915093,0.5859268938971048,0.4,0.5,0.3,18,22.582450502975743,113.86625093241724
3,10,0.3800141613878891,0.5911644474682515,0.5854597368497744,0.5672631729567138,0.3483797434541944,0.12216326826275714,0.17873291100325087,0.5992047976543322,0.4,0.5,0.3,19,22.661835802614128,100.93053004310448
3,11,0.36474883563364846,0.5545986689238817,0.5486391280029286,0.5295651257445066,0.4083912090205801,0.12612304918608983,0.17523321379420004,0.5860741994612749,0.4,0.5,0.3,20,19.36564911965249,92.435265551043
3,12,0.2695627164658861,0.4321594564391291,0.4261991410559724,0.4062174972498575,0.2856028447821516,0.12665319382284065,0.11944600428874884,0.3992366617433255,0.4,0.5,0.3,22,16.73999370257213,66.92350604924538
3,13,0.2802580529892019,0.41110093385378665,0.40480592301147733,0.3839551199949953,0.3132015246685551,0.1282184592216779,0.13378866605206324,0.44521989765763914,0.4,0.5,0.3,24,14.96964606073363,55.63119446535771
3,14,0.27117533022715107,0.3697871032874836,0.3631685555782613,0.3417673274604942,0.3110685233016929,0.12775834980037773,0.13387360689554287,0.44539654364089687,0.4,0.5,0.3,26,12.970565732776052,50.90464166586121
3,15,0.2643171770831604,0.33551678391269324,0.3286328584942323,0.3069146981391091,0.29993452178338037,0.1264265602797211,0.13393172296668943,0.4455572798855593,0.4,0.5,0.3,28,11.480469625860978,45.8084786578971
3,16,0.2627687322564282,0.32738416067964576,0.3204376142357661,0.29942049655532527,0.26255259103401996,0.12595422771900977,0.13395014513527484,0.4456476923047986,0.4,0.5,0.3,30,11.230319917063408,40.84274169064602
3,17,0.26181612336693094,0.32233658459107095,0.31535123859151903,0.29418628542369796,0.2651899549032178,0.12572352764457273,0.13397592916392814,0.4455494725787223,0.4,0.5,0.3,31,10.99264327168938,44.77410987776821
3,18,0.25971224473799964,0.31529934926351666,0.30826753996075684,0.28765099202938527,0.2669298203811229,0.12275624724553916,0.133999609607099,0.4457604179079115,0.4,0.5,0.3,32,11.062577475268297,42.65702521036107
3,19,0.2603027586482676,0.313469981605496,0.3064154077718344,0.28595107641657946,0.2550458427450025,0.1255162438926477,0.13402558277132431,0.4455846980262671,0.4,0.5,0.3,34,10.665579486579546,44.528353887752566
3,20,0.2600673700513866,0.31264215619060565,0.30588495664821086,0.28574458836462113,0.25314380286942345,0.12525851083908673,0.13399435133251356,0.4456398849979616,0.4,0.5,0.3,35,10.776696160818329,39.95334042638754
3,21,0.25799152752808935,0.3061207077873409,0.2993218835628213,0.2797733872513727,0.25721256305348716,0.1220744515413398,0.13403800773838617,0.4457462368345815,0.4,0.5,0.3,37,10.854282242843864,42.88846299695149
3,22,0.2517816639425789,0.2992790727488972,0.2927772805623202,0.27460028334683445,0.24473838892797886,0.12119617475746211,0.13014098844877725,0.43316991319310433,0.4,0.5,0.3,39,10.7193904593528,38.84614911146885
3,23,0.251715864528597,0.2988653444584256,0.2923603213294852,0.27443544584680046,0.24469105900971688,0.12119617475746214,0.13014098844877725,0.4331699131931043,0.4,0.5,0.3,40,10.688278160315294,38.641524032347945
3,24,0.24805752543309603,0.29161966227949065,0.28477824574772737,0.26607959453154517,0.2525432568889136,0.12481434831484961,0.12705276171976607,0.4234964584087795,0.4,0.5,0.3,41,9.877770905507408,35.51850255529823
3,25,0.24900471560274307,0.2894786471683415,0.2829115024647614,0.2652785031491459,0.24741665830950854,0.12504235331996252,0.12802935653829728,0.4266597377894089,0.4,0.5,0.3,43,9.848382473954596,36.60892253724592
3,26,0.24894339731698933,0.2873785716082901,0.28079248479003077,0.26307442581887763,0.24465303968869195,0.12539840638273508,0.12820845573109255,0.42691646370630576,0.4,0.5,0.3,46,9.822087140188064,36.681840185844656
3,27,0.24893910201333636,0.2875304597772007,0.2815517955761722,0.2660321805596236,0.24235878296863117,0.12539840685737014,0.12820845778610818,0.42691647035952096,0.4,0.5,0.3,50,9.827332594340218,36.717943885633794
3,28,0.24803034866900156,0.28556243778287616,0.2792709270847275,0.26494368868109186,0.24270328250568649,0.1221610011227868,0.12893702824840284,0.4275716188252222,0.4,0.5,0.3,53,9.983300390437556,36.56089962112593
3,29,0.24977231731069904,0.2847608552711418,0.27874884504006475,0.26533382041231524,0.246052808338514,0.12502968606797785,0.12959693666214936,0.4300203015090376,0.4,0.5,0.3,57,9.515813093480736,35.28404784234052
3,30,0.24482217310296056,0.2791379597778152,0.2731196784563623,0.260800323424198,0.2395557647370166,0.12435139337291412,0.12715769226909832,0.4188863496067577,0.4,0.5,0.3,61,9.53681188673698,36.4292178145259
3,31,0.2468635556650202,0.2796441393137876,0.2736117446335633,0.2621168762964299,0.24389851535948362,0.12380049735767211,0.12854689516735018,0.42501048417957793,0.4,0.5,0.3,63,9.463179247496766,35.50035916644046
3,32,0.24860161949436083,0.2809632158556278,0.27432098427744295,0.2582751706473331,0.24348139149922782,0.12406535560648593,0.12968698895872582,0.42869024118015464,0.4,0.5,0.3,65,9.496770665140554,36.6269044367769
3,33,0.24457823330160675,0.27411936377418666,0.26866295971456766,0.260077006317874,0.24095034589108602,0.12624087031605474,0.1265788990641686,0.4193988122655693,0.4,0.5,0.3,73,9.098958911174485,44.26545309316342
3,34,0.2447336940889602,0.27409289315584506,0.2680289567449821,0.25982646019661815,0.23976685518862006,0.1257490718775407,0.1269570913670001,0.4199433516472942,0.4,0.5,0.3,74,9.085007477431462,30.39689614067669
3,35,0.24426058190471928,0.2728612558738644,0.2673962205481819,0.2599897250525489,0.24261795797527655,0.12589099873791976,0.12655659393064653,0.41938168692146566,0.4,0.5,0.3,75,9.08094977061407,44.31261485948063
3,36,0.24524665716274763,0.27198093083747565,0.265892853939775,0.2581671176337378,0.2464169294202856,0.1280783111498471,0.1269779418633781,0.4200094488052023,0.4,0.5,0.3,76,9.034008398869124,42.53802126678237
3,37,0.24199340590687948,0.2657209863662445,0.26051429796688474,0.25651574838166313,0.23959734110002884,0.12539755222166452,0.12632412109411864,0.41566804511389754,0.4,0.5,0.3,83,8.857825192233276,44.06032399323647
3,38,0.2409713697778473,0.26443790031492587,0.25892575509742566,0.25406550632254876,0.23763524760273647,0.12517698995833165,0.12492400048183415,0.41498908508620785,0.4,0.5,0.3,84,8.98199217112734,43.43748130509009
3,39,0.24013636527364476,0.2629021435333408,0.25738358782680093,0.25279905571886074,0.2386352980534835,0.1233752482940498,0.1249189426987354,0.41500045485290943,0.4,0.5,0.3,85,8.986687141432814,44.05573455938525
3,40,0.24090641420640074,0.26113261411497585,0.25589388201929253,0.25177295480848055,0.2463444336042681,0.1249614802155645,0.12598794160547433,0.41511804418117365,0.4,0.5,0.3,86,8.75070581460541,43.88254863269854
3,41,0.24087875152136934,0.260352756241834,0.2548041110921568,0.251006535612217,0.23981540302145388,0.1255656997468318,0.1256028450721236,0.4152233645132316,0.4,0.5,0.3,87,8.730628885641707,43.50446560087866
3,42,0.2413545891234194,0.2603740694280685,0.2551242818325588,0.2515700105093417,0.23998605926378774,0.127706303452582,0.12491820940944891,0.4153928741531366,0.4,0.5,0.3,88,8.733315644649506,43.174250900324026
3,43,0.24045988494294002,0.2594717652354333,0.2542219228262124,0.2519328985387348,0.2372781685356382,0.12532264636376475,0.12525301222483037,0.4150346970659175,0.4,0.5,0.3,90,8.737368274924705,43.35231945218744
3,44,0.2404018632954769,0.25897528381926993,0.2540243601184883,0.2547098003138358,0.23749103323073015,0.12489383399040437,0.12568094667623678,0.4149868368696363,0.4,0.5,0.3,99,8.67380222020752,42.18567249483334
3,45,0.24097255779429871,0.25871840343543184,0.25375998072928724,0.25493817463796786,0.23892252297703237,0.12596926273705936,0.12571517494812173,0.41584549100569623,0.4,0.5,0.3,102,8.602808734363434,41.54549232019045
3,46,0.24036931559746433,0.2576321291579645,0.2526692455937848,0.25401432421410153,0.23787814406668892,0.12527794913139473,0.12568824600913364,0.4150616448878474,0.4,0.5,0.3,106,8.64655407601493,42.09188468200021
3,47,0.24011416600814672,0.2571124643087464,0.25245014554525197,0.25503146091749695,0.23846223464609473,0.12537805951680572,0.12545774571143553,0.4146524512860038,0.4,0.5,0.3,107,8.620810772704539,42.16156269498011
3,48,0.24097795067818834,0.2575485254075986,0.2528822705803564,0.2560574276944045,0.23892431207347686,0.1265844165747395,0.12574507666278953,0.4156740092286227,0.4,0.5,0.3,109,8.594432605555577,41.5779418412494
3,49,0.24068670628881655,0.2570337350386877,0.25236547204766635,0.25583716879776797,0.23870067041016524,0.12642364908030057,0.12547874464593983,0.41548118512777565,0.4,0.5,0.3,110,8.566529758787487,41.47404066067291
3,50,0.2354134610594439,0.2515465520711041,0.24778527639228362,0.2555154916071595,0.23293760280628106,0.12537594087999807,0.11151016687836685,0.42284061648170324,0.4,0.5,0.3,119,8.82280532824673,43.60773785568363
3,51,0.24385511468051416,0.26005992209984186,0.25660219767230785,0.2657230552775883,0.24122229126249328,0.12291304405001395,0.13003317167192896,0.42340129479320743,0.4,0.5,0.3,122,8.908754023711051,44.65674949631467
3,52,0.24159747532192777,0.2566816112593543,0.2541226430619775,0.2684827483341505,0.23963159777037407,0.1252070043276999,0.11661761536107182,0.4359168824528165,0.4,0.5,0.3,132,8.85979529478971,43.18394869443777
3,53,0.2396600238606143,0.25459469774017496,0.2520343520816653,0.26672139799765565,0.2377524146101726,0.1250335951712394,0.11615239677786607,0.4305445598277197,0.4,0.5,0.3,133,8.849982370142397,43.12190587327838
3,54,0.24156918076774334,0.2565652364438489,0.2543083765612117,0.2710169524543944,0.23918562283054762,0.1252070043276999,0.11661761536107182,0.4359168824528167,0.4,0.5,0.3,138,8.844000659172039,43.11222114831717
3,55,0.2407565167299564,0.25548344637038123,0.2529211934266389,0.27025791063532384,0.23898143490670926,0.12523417666625608,0.11533157493226619,0.43541014368494235,0.4,0.5,0.3,139,8.848548568780144,43.02640508266402
4,0,0.945099056548053,0.8894050750670298,0.8885370409519461,0.8846418389150097,0.0,0.0,0.0,0.0,0.4,0.5,0.3,1,233.6816693288458,1400.507258122149
4,1,0.9167377925550191,0.9077771184034894,0.906766296693561,0.9026338301206938,0.0628047327029318,0.09122629829888615,8.384031403627752e-05,0.00010682105879583001,0.4,0.5,0.3,3,217.10955745449203,1188.0663782347358
4,2,0.5395908244571747,0.7750324793768607,0.772851574633251,0.7652815202597992,0.4834275418087781,0.12308061401596522,0.0025784150683065593,0.00793151495734787,0.4,0.5,0.3,4,121.57249159453072,517.3581423985672
4,3,0.3680580766707132,0.6757900775318012,0.6728589709925575,0.6613453866067887,0.28099433052598677,0.1552200739124097,0.012366491252823625,0.065223470945292,0.4,0.5,0.3,6,76.22737648333609,38022.77867341579
4,4,0.34039841071808585,0.6485092724767848,0.6455574346128881,0.6346085941650307,0.06687184477358,0.13585684372649434,0.00488241763575416,0.02135178167946907,0.4,0.5,0.3,8,73.57168628248054,8053.6169879318195
4,5,0.351774548028216,0.6604349368028409,0.6571529357859216,0.6465599099033528,0.08855037593807935,0.15835039781083265,0.007242459287587795,0.03876627552320005,0.4,0.5,0.3,9,71.22507275190364,8356.958611447093
4,6,0.2973742476812313,0.6090150864582747,0.6057591201036568,0.5941961210744393,0.16419621539135643,0.13376075081496694,0.004960354344315674,0.02155715571480228,0.4,0.5,0.3,10,64.55538121471874,8025.726436596004
4,7,0.1939089671120912,0.48707357364476656,0.48287167213675025,0.46813818301293175,0.2435088730555757,0.11753208196718282,0.009691614013749262,0.03056691449372852,0.4,0.5,0.3,12,41.944606979078095,7748.07327921333
4,8,0.17193947310403193,0.42513894161389965,0.4206017692135324,0.4036117962102474,0.18942845081242568,0.12753083200927023,0.016594482143681748,0.07043794412549277,0.4,0.5,0.3,14,31.619760385557928,34213.10797783806
4,9,0.18789273215624774,0.4345905805623014,0.4296578424257036,0.413380234729697,0.11806765703458161,0.1344105334220424,0.025739034087517938,0.11676591304675091,0.4,0.5,0.3,16,32.06656755257396,62009.54470310082
4,10,0.13770652951835657,0.3444573201181522,0.3393042488264346,0.32126453905158947,0.2707243390090238,0.12311582463374363,0.022984016879978388,0.058299896149434594,0.4,0.5,0.3,17,23.960209146879148,161.81841019731786
4,11,0.13181577700992658,0.32694474577857807,0.3216532908290642,0.3039756175227204,0.10375295326829559,0.12316148556215858,0.02306639846826836,0.058493988368360894,0.4,0.5,0.3,19,22.54751554708165,159.160868822622
4,12,0.12418879299009133,0.2903200018232732,0.2847010657963018,0.26649080763164534,0.20370045826117197,0.1316162825849901,0.02303464704572868,0.0642698169532168,0.4,0.5,0.3,20,18.13260497671593,146.86713566524563
4,13,0.12144676110016814,0.2808338295241384,0.2751417060620375,0.2571309833645186,0.09672169095928568,0.13278914390287394,0.022666274128702278,0.06278247448101795,0.4,0.5,0.3,22,17.34622870023785,146.22698018817965
4,14,0.11696173620041297,0.2633799520074745,0.25785261113213725,0.24029483580184596,0.10899584637746297,0.13140513500243373,0.023117028441933613,0.06446390869730753,0.4,0.5,0.3,24,16.449491063499888,143.5703193299405
4,15,0.11614462972976347,0.2607539339421515,0.2552073099029685,0.23809571932516255,0.08698699759583575,0.13256089920812977,0.02274865552490718,0.06297656622510862,0.4,0.5,0.3,26,16.182508065799148,140.01086366482727
4,16,0.11361604624078889,0.2500482903773135,0.2444166784509243,0.22744742927457745,0.11431374207330536,0.13118128188947578,0.023146682054800652,0.06454866647391198,0.4,0.5,0.3,27,15.81695902248477,142.081856507832
4,17,0.11304201879635328,0.2479546020219242,0.24230735112809065,0.22607184182316675,0.08619964087945908,0.13156268436299984,0.0229075387180218,0.0641316625844978,0.4,0.5,0.3,29,15.655603554053569,144.50860870011726
4,18,0.09095281788172754,0.21127358757590287,0.20517426673587708,0.1873012671378018,0.12000581174425429,0.11870759907189261,0.012700676619278815,0.03923586372163923,0.4,0.5,0.3,30,14.99701383340715,7446.561609085992
4,19,0.08479987517338296,0.18956628639580922,0.18331135195304704,0.16533695563875198,0.09229975927282526,0.11536925572401824,0.012445514773964828,0.03784563813919584,0.4,0.5,0.3,32,14.112020475870631,8305.518890128564
4,20,0.08206348809429478,0.18527211736247656,0.17900176009012975,0.16197312793540689,0.06423392436068794,0.1127756748347978,0.011364171826801349,0.03534241915650962,0.4,0.5,0.3,34,14.241356551992332,8291.087883470878
4,21,0.07952489906884254,0.17167665795544654,0.16529775060630617,0.14888977305643905,0.07491454267492528,0.11118411781990419,0.01215050759791463,0.03694295893744018,0.4,0.5,0.3,37,13.666392413081722,8300.246246507617
4,22,0.7233305100643075,0.8152248388507652,0.809449175476173,0.7948543638005171,0.7060659825575615,1.0,0.011087193707462674,1.0,0.4,0.5,0.3,40,13.543043563820993,8265.7272691688
4,23,0.7232940058376929,0.8149318628566036,0.8091537022281163,0.7953888297373324,0.7060285006396525,1.0,0.01113849052005638,1.0,0.4,0.5,0.3,42,13.678942572410447,8287.329137667883
4,24,0.7232846844669881,0.8148416881463136,0.8090627155849655,0.7950150188711329,0.7058681738499679,1.0,0.011158896445862338,1.0,0.4,0.5,0.3,43,13.683301242704625,8287.745071053649
4,25,0.7224724002153766,0.8107887587433034,0.8052812031124441,0.792663784956668,0.7174662888649357,1.0,0.01113089133665842,1.0,0.4,0.5,0.3,44,13.362823561010645,8292.714844647755
4,26,0.5287968218851691,0.6150640061365462,0.6098394782102012,0.5973177987309395,0.5162044703192217,0.517195677493387,0.011032503138271185,1.0,0.4,0.5,0.3,46,13.344186253935924,8357.111315218588
4,27,0.7224841033277329,0.8086050476517894,0.8033791353216722,0.7908283056987729,0.7062897457339207,1.0,0.012232206518524762,1.0,0.4,0.5,0.3,49,12.850581843035826,8271.003210221548
4,28,0.7214217460650519,0.8067874205655052,0.8012512778639482,0.7885251034494598,0.7076322997817879,1.0,0.01042572456001009,1.0,0.4,0.5,0.3,50,13.193799676535786,7639.425128757291
4,29,0.7212210209436065,0.8057149967558508,0.8001704404312868,0.788245684231984,0.7082773826222007,1.0,0.01042572456001009,1.0,0.4,0.5,0.3,51,13.198046175568292,7622.713890380642
4,30,0.7190701980508067,0.799856099719432,0.7942755088210857,0.7810966026463343,0.7174916819370188,1.0,0.007880445779385585,1.0,0.4,0.5,0.3,52,12.605535665990532,7381.000348690386
4,31,0.6902041968075228,0.7617577844382699,0.7560888785605798,0.7439930129782784,0.709208974999527,0.9291117711744242,0.010899389034338132,1.0,0.4,0.5,0.3,53,11.391465560859189,7625.457669423999
4,32,0.6830622691453643,0.7385475941385061,0.732726554820978,0.7209002752316613,0.7011978828296314,0.9194625285254364,0.010970377529548086,1.0,0.4,0.5,0.3,55,10.79616522606366,7575.02354740363
4,33,0.7147732736166135,0.768781739085798,0.763249736874686,0.7524169069622565,0.7070853407844933,1.0,0.010577459322392,1.0,0.4,0.5,0.3,58,11.041000638346988,7569.110668586066
4,34,0.6882895865470857,0.7415970390700938,0.7360584616277691,0.7254916407591886,0.6814097765754645,0.9338539016590801,0.010806747419823374,1.0,0.4,0.5,0.3,59,10.696334866964976,7980.291431897908
4,35,0.7140124513615581,0.7640530165069923,0.7584838639494389,0.7483852361732358,0.7164840954976783,1.0,0.010594365647662541,1.0,0.4,0.5,0.3,60,10.73272415256469,7561.931102792238
4,36,0.7140109652572635,0.7641337932860327,0.7588683028113457,0.749255631323466,0.7053104658287381,1.0,0.010594365647662541,1.0,0.4,0.5,0.3,62,10.73062282104034,7562.369186489784
4,37,0.7132395198341817,0.7596416824125307,0.7540385012311077,0.7452838406765505,0.7176683418265344,1.0,0.010431073647538314,1.0,0.4,0.5,0.3,63,10.55697361142026,7966.51431902697
4,38,0.7132089285805767,0.7594114239641547,0.7535034653348367,0.7419223377474503,0.705582237163715,1.0,0.010411269231862204,1.0,0.4,0.5,0.3,64,10.530689514935254,7964.979753192055
4,39,0.06987087172037738,0.1152610285034922,0.11025438098788276,0.10762913907466747,0.06226551087760857,0.1195702767325367,0.010549214200682281,0.0298927084015012,0.4,0.5,0.3,83,10.5061292964769,8303.71672647428
4,40,0.06969410159358982,0.11488878744946895,0.11018322772259607,0.10903530327487852,0.06243453544918261,0.11956189599637683,0.010454200222319182,0.02965059174465417,0.4,0.5,0.3,85,10.461315436954802,8310.265749924885
4,41,0.06980019182403185,0.11499153818299385,0.11058888271116761,0.11063540021695013,0.06223012125119471,0.11957027673253669,0.010549214200682281,0.0298927084015012,0.4,0.5,0.3,87,10.472738996439892,8307.561153483657
4,42,0.06598427020836917,0.1099366707820947,0.10552245502881162,0.10459113225498688,0.059543811666731894,0.11492447466993283,0.00836459898020188,0.02777645815056396,0.4,0.5,0.3,91,10.108130205816792,8307.852452117211
4,43,0.06510158222866147,0.10733654895220082,0.10290636676654596,0.10222542246862559,0.06378427302496215,0.11404899922041253,0.008311735185819617,0.02714629150116187,0.4,0.5,0.3,92,10.06552492267754,8643.939423110842
4,44,0.0660858482134267,0.10587048770432378,0.10111464417084776,0.10043240342765625,0.06737796169316111,0.11768078625422776,0.00850311841280484,0.02670191807692293,0.4,0.5,0.3,93,9.909834478684187,8633.058101457493
4,45,0.06455659435416208,0.10431427116784854,0.09986113365694085,0.0991185392335109,0.05822468142112155,0.1137696763894872,0.008363852408306248,0.027122010181526362,0.4,0.5,0.3,94,9.817850024498556,8620.356831071409
4,46,0.06566120808779688,0.10528630066436233,0.10083190970051041,0.10071372354883158,0.05940678134143926,0.11655054158289964,0.008537358440062415,0.02688721606058278,0.4,0.5,0.3,95,9.870862427887344,8629.415662259818
4,47,0.06566048656002768,0.10537156015910577,0.10122088417900411,0.10167673413757308,0.058961833030242966,0.11655054158289964,0.008537358440062415,0.02688721606058277,0.4,0.5,0.3,97,9.86986658444389,8629.567420617137
4,48,0.06510100848828841,0.10247921198186624,0.09830691781129072,0.09834153268049425,0.06675301107106281,0.11512297119562165,0.008836606272306154,0.027827704974869687,0.4,0.5,0.3,98,9.83524335281832,8631.57922534917
4,49,0.06379108633046333,0.09965751677910532,0.09577425960835487,0.09696800261816962,0.05960354202143744,0.11211815642656442,0.00868560271877101,0.02867057829688044,0.4,0.5,0.3,101,9.45951557659206,8638.424448773261
4,50,0.06718777692056688,0.10209975633814677,0.09911656246005152,0.11084132013493264,0.061624457410524455,0.11244578424384355,0.011405926086919952,0.03574648987776881,0.4,0.5,0.3,120,9.512091794581968,8201.749515855507
4,51,0.06564906297656614,0.09716569080696429,0.09415119878687463,0.10353198405668874,0.07194379897744285,0.1130776918489361,0.010507507295970105,0.0332484613969331,0.4,0.5,0.3,121,9.385189093665849,8606.409763477754
4,52,0.06583273491694287,0.09645791930088946,0.09343523471887366,0.10564421829160857,0.06381434955822686,0.11162664178739208,0.011175203456853154,0.03519680721796734,0.4,0.5,0.3,122,9.387569580241223,8627.148740690485
4,53,0.06567028567703707,0.09567543428112225,0.09294995744196398,0.10680350240141981,0.0619553050666122,0.11141771928845408,0.0112306239030618,0.03524871002764509,0.4,0.5,0.3,124,9.324393853880494,8635.052989101256
4,54,0.07080602795148278,0.0999233549399675,0.09718968775274979,0.10669200766015907,0.06757386106732789,0.13106180795291017,0.009566087569981853,0.0294665636511878,0.4,0.5,0.3,126,9.246597951092197,8421.28435303225
4,55,0.06602608182277109,0.09390162789367561,0.09176247756620769,0.10565246747549346,0.06269230299335546,0.11366221459353831,0.011057919248359159,0.03504464485371932,0.4,0.5,0.3,130,9.267685402242824,8629.173817592382
4,56,0.0657249327338699,0.08997247438478563,0.08719417293519997,0.0992820103525,0.07340648469849986,0.11971393060731887,0.009254292068714703,0.030913699327801008,0.4,0.5,0.3,131,8.93499413016619,8747.554844470898
4,57,0.06981264916221792,0.09125373408380053,0.08935866837981664,0.10462028312278901,0.0673219090670452,0.13194836667510168,0.009649625920504225,0.02926372049228661,0.4,0.5,0.3,142,9.001156192690496,8403.696265432454
4,58,0.06960260929444295,0.09086390889116107,0.0895730469410869,0.10651283570758409,0.06653404603187617,0.13153243666854453,0.009651454932441534,0.0293118764445623,0.4,0.5,0.3,146,8.970058294652533,8412.267631137089
4,59,0.0712870883014513,0.08946030798276428,0.08874725894594482,0.11128775506180708,0.06936073663820498,0.1302886948950363,0.01295311476853721,0.03285342070922026,0.4,0.5,0.3,158,8.75090878384045,8427.872010803187
4,60,0.06659062812447361,0.08472313181271851,0.08400970170141803,0.10543245409051127,0.06378102400555827,0.11894134839396468,0.012059904284558966,0.03383894046995163,0.4,0.5,0.3,164,8.80105368621406,8749.267726280712
4,61,0.06507423239440274,0.08092939798857242,0.08019522739611282,0.1025579785199713,0.06514433004526622,0.11830232682142934,0.010889488791657336,0.03280310021829261,0.4,0.5,0.3,167,8.667769854921863,8665.070498222105
5,0,0.9164085874693096,0.8815088153043782,0.8805788480885482,0.8764464234478062,0.0,0.0,0.0,0.0,0.4,0.5,0.3,1,254.69822863080464,1356.2959231874397
5,1,0.8850136153146747,0.897010902116899,0.8959310441637397,0.891534017779981,0.062121277226117946,0.08631508673951681,8.302373255722234e-05,0.00010361646004345001,0.4,0.5,0.3,3,237.40602949819424,1299.6183555298785
5,2,0.6379843554443944,0.8709371239919177,0.8687716114035329,0.8604368821952448,0.5455445103981434,0.09957364632831932,0.08044151385798719,0.2226420349188452,0.4,0.5,0.3,4,137.94577214110646,765.3256789612047
5,3,0.5398459056318596,0.8053260054156932,0.802860330278168,0.7939149742968469,0.2301869087198594,0.09911888241120911,0.06697862027592873,0.15445073962768296,0.4,0.5,0.3,5,122.7790954317796,561.1513291835531
5,4,0.5841377352356029,0.8957913838017412,0.8922027687116183,0.8788151747020255,0.765061504603255,0.19396127525038087,0.1898374223900554,0.6016925357622112,0.4,0.5,0.3,6,67.62588142167225,220.9074550047796
5,5,0.537649274180586,0.8454287353436922,0.8414755843773657,0.8272472611961699,0.4160277056390852,0.18392197205246502,0.1899139734849047,0.6018870985902887,0.4,0.5,0.3,8,56.91804445121175,186.61187312762732
5,6,0.4986344094310097,0.7957141306417477,0.7913967650301755,0.7765036734737595,0.4126676755034242,0.17493078091537412,0.19014362676945254,0.6024707870745212,0.4,0.5,0.3,10,47.87825173045714,157.523381010569
5,7,0.48263328014713974,0.7698451624188374,0.7652956881944315,0.7496976921721106,0.3920861360871545,0.1706028270737331,0.19428270968967698,0.6136647988473315,0.4,0.5,0.3,12,42.75175497348537,143.06660273626542
5,8,0.47137399911261185,0.7560310292225774,0.7514295051112361,0.7359948663857052,0.3611806148283291,0.16478404692584195,0.1907938704263818,0.6032932191365539,0.4,0.5,0.3,13,42.3549803810818,175.6710673434046
5,9,0.4558852578375482,0.7312485073142925,0.7264695600133112,0.7113244612007331,0.40530112735138335,0.1496172240985301,0.19317340594597263,0.612318947695298,0.4,0.5,0.3,14,38.21628415253966,135.41605085158045
5,10,0.44281241366479196,0.707152530960746,0.7021855165246912,0.6857180956533602,0.40905510848640403,0.15779675209409047,0.1911766259006281,0.6042660332769412,0.4,0.5,0.3,15,35.74066770835503,150.06469109023027
5,11,0.445143569527812,0.7005939173346354,0.6954873574032898,0.6784871998025427,0.40267140989606304,0.15980590655964771,0.19897059554926233,0.6260388576806162,0.4,0.5,0.3,16,32.61404853464536,109.68684223482514
5,12,0.4379404295204348,0.6928673851903993,0.6877532299094686,0.6707235571407749,0.34708130240548285,0.15490113295924487,0.19560000415556955,0.6156475611632986,0.4,0.5,0.3,17,33.16114453217044,136.9338547658141
5,13,0.6320233445216659,0.8854660777706485,0.8806320854500955,0.866063253406461,0.5485215298295346,0.09076824647612304,0.40729972523836777,1.0,0.4,0.5,0.3,18,41.43246331691737,229.4429754265433
5,14,0.11632440383655945,0.3239220349713013,0.3187792345028848,0.3002320984569931,0.2813712960667513,0.09171078568828374,0.008464580426921378,0.05155880103395648,0.4,0.5,0.3,19,23.417227081152763,159.5785935789729
5,15,0.5834729049863476,0.7902373857759397,0.7847817681740143,0.7680314280632514,0.5272459782299824,0.09078803450307123,0.37524603535716394,1.0,0.4,0.5,0.3,20,30.42444877489838,160.34155724160215
5,16,0.48608403470141104,0.6776435578312403,0.6720076989624529,0.6545690170821279,0.5004652114720002,0.09081334140776884,0.30474546809908637,0.8186746931131321,0.4,0.5,0.3,21,27.124999675406784,137.0094710567322
5,17,0.10991322784744396,0.29049665631667215,0.285037826735581,0.2660035047553314,0.11004714540002708,0.09180279321873842,0.008988261050296953,0.0733608324664999,0.4,0.5,0.3,22,19.853913835616805,95.5182355405051
5,18,0.47377266345732105,0.6356545171750316,0.6296864639266406,0.6116513953435021,0.509796540632321,0.09020947012681337,0.30745241193485673,0.8160837867557904,0.4,0.5,0.3,23,23.99644147444439,121.31177516627731
5,19,0.09594561829811912,0.24629429073584688,0.24050550193294243,0.22086171824819453,0.10686897798733694,0.09070422503133033,0.008607218480206794,0.06824854929716387,0.4,0.5,0.3,24,16.643304695130283,100.31507435962926
5,20,0.430133284018988,0.5713464959473912,0.5654616990539959,0.5483938656022622,0.40538819731450265,0.10054910755210807,0.17567996486435317,0.9009563920227815,0.4,0.5,0.3,29,22.00169150914072,84.27261651415928
5,21,0.3915785705487804,0.4905603602013456,0.48455122768820946,0.46541190710562674,0.5292210874804764,0.10022754136443775,0.2391302066040601,0.7078609873641095,0.4,0.5,0.3,30,21.654191006297783,90.42209690530107
5,22,0.38083979625640957,0.4777666297365949,0.4714344067517432,0.4531330524899277,0.3653126238602106,0.10025344443897517,0.23078924634323,0.6875786398412199,0.4,0.5,0.3,32,21.170439130030665,88.5181152368817
5,23,0.38929205930220895,0.48609904148398264,0.47976566863408787,0.4624635583410306,0.3706953255800821,0.10031360764750444,0.23773936930872355,0.7041914781446145,0.4,0.5,0.3,33,21.47756916021717,87.00913252236381
5,24,0.3893653829785515,0.4843149975065887,0.4782662763335216,0.46125087167167134,0.3731409973771682,0.10015999966189597,0.23815257987276225,0.7055618885357627,0.4,0.5,0.3,36,21.451762165724507,87.04144196028909
5,25,0.37698772333886077,0.4662591080589021,0.4601550067897776,0.44346782254245287,0.3801506051743302,0.09998878365027089,0.22915751937440995,0.6841205277157999,0.4,0.5,0.3,37,20.88503306042908,83.43952819521049
5,26,0.36330922298819446,0.44461662407235236,0.43843540553832006,0.42201281798808205,0.3621517790175436,0.09965003578457317,0.14055858671521798,0.7928427296818491,0.4,0.5,0.3,39,17.420422559808635,54.620479227345314
6,0,0.9444874155477033,0.8892531901114455,0.8883839638921377,0.8844846405434111,0.0,0.0,0.0,0.0,0.4,0.5,0.3,1,240.35242612401865,1276.1822621505582
6,1,0.9007893023302622,0.9034759931003824,0.9024270679062512,0.8981482838163133,0.0700841642575391,0.09260764042864113,8.34822794646522e-05,0.00010616682567734,0.4,0.5,0.3,3,221.2683020890657,1236.364186769955
6,2,0.8407157401556226,0.8874182731330174,0.886216598885838,0.8815593019926516,0.06857045482018709,0.10056952763286395,0.00033392911785863996,0.00042466730270937,0.4,0.5,0.3,5,205.91791832615573,1153.406529000058
6,3,0.5445980718550782,0.8559892616446099,0.8537120664675486,0.8439077793734215,0.7586876276043171,0.29194817099601766,0.016394934153413625,0.19912366793940464,0.4,0.5,0.3,6,91.83804136748763,392.7440469245827
6,4,0.41846490224405236,0.7302146307918532,0.7272534972160084,0.7137054384525938,0.332335766436783,0.2919481709960176,0.016394934153413778,0.19912366793940464,0.4,0.5,0.3,8,60.846948800148766,224.92260618268068
6,5,0.41971507781267775,0.7314733048488979,0.7284931850063657,0.7151666771022607,0.19534081998339553,0.2920270727596396,0.017273825719238904,0.2097981915861904,0.4,0.5,0.3,9,60.44742677724157,251.9155989819704
6,6,0.3886578131760212,0.6986275964285878,0.695377538043353,0.6815322367239376,0.2902478068036164,0.2913339691243021,0.01776813398555811,0.21507596779735957,0.4,0.5,0.3,10,53.08545124000079,239.16178717700532
6,7,0.35950706284091427,0.6615523111091227,0.657981984717377,0.6437882857449878,0.3101703999190476,0.2915537725874279,0.019863764560505676,0.22371676270243931,0.4,0.5,0.3,11,45.47015845503223,185.0972412969094
6,8,0.30774066614420853,0.5881001833003553,0.5839980009135004,0.5676543659934378,0.388435773256109,0.2847414658240373,0.01830100687169667,0.2164272506354496,0.4,0.5,0.3,12,35.06992298178121,159.94159394398048
6,9,0.281508658020808,0.5314506798442837,0.5274718842291556,0.5104036168390449,0.3655882221301089,0.27300917158212723,0.024058217098705977,0.238659258278541,0.4,0.5,0.3,13,28.476967571810405,126.41727903330526
6,10,0.2566169895115148,0.4854413805942087,0.48086892435889805,0.46222767669959064,0.2901114293673663,0.2732539615868137,0.018766707907430714,0.2172206180855619,0.4,0.5,0.3,14,24.40635663563269,96.47251200208096
6,11,0.2565921740352704,0.4853796773310025,0.48080678641165714,0.461674348880679,0.1840288308828744,0.27325396158681364,0.018766707907430714,0.21722061808556167,0.4,0.5,0.3,15,24.39981965982492,96.05394906228322
6,12,0.22292564738371037,0.38980054157305843,0.3844926026886708,0.36351983745542327,0.4518504172003376,0.2632454715407365,0.020359534200968383,0.22148917737937288,0.4,0.5,0.3,16,17.47241383507171,70.96411075640225
6,13,0.2122038943636374,0.3576526797848782,0.35211515105940516,0.33088953940397414,0.22119057563714967,0.2558286642420326,0.020443016480433042,0.22159534420505014,0.4,0.5,0.3,18,15.622440239633455,71.3288676610379
6,14,0.20702592713284712,0.3397870526351876,0.3341174794392049,0.31302939896446835,0.202212877577231,0.25299020628899227,0.020503856905590763,0.22176744160001868,0.4,0.5,0.3,20,15.11886268661834,67.91440682138357
6,15,0.2066989094153633,0.3384025966540495,0.33272214235240705,0.3110451469045013,0.18195574049710717,0.25299020628899227,0.020503856905590753,0.22176744160001882,0.4,0.5,0.3,21,15.037394179552471,67.54150559495201
6,16,0.20553724681814572,0.3356725977811807,0.3299760333273599,0.3092906617980462,0.18321701167423474,0.2540781451205715,0.02004290858833022,0.2188240322764361,0.4,0.5,0.3,22,14.868700331511352,55.32316227097993
6,17,0.09805817827589446,0.21558593621006084,0.20976122603351816,0.1885869518011284,0.12066884187624279,0.13112543849273678,0.015194289016346757,0.04497564770124843,0.4,0.5,0.3,23,13.684967673903396,45.69521657242931
6,18,0.09235657063441462,0.19034678919260004,0.184327865595324,0.16282093079056614,0.10869350858970478,0.1297077065735666,0.015277771295811421,0.045081814526925765,0.4,0.5,0.3,25,12.780735097264085,46.972697860730094
6,19,0.09054017556382613,0.18446188990989779,0.17870601196587557,0.15732565831979586,0.07971116561088266,0.12863232592638557,0.01499940872133433,0.04435421952578577,0.4,0.5,0.3,27,12.39463999324934,46.69302535442138
6,20,0.07853868660721146,0.16109934958673422,0.1549302458996882,0.1341437482180069,0.1031355390522482,0.10696470213748113,0.011201283765472305,0.04849285761922092,0.4,0.5,0.3,28,11.749042219401725,44.3437524957488
6,21,0.08802829672908108,0.16774098487853153,0.1618473169644388,0.14073459562863805,0.08350380293370305,0.12871632253378262,0.015607004319848794,0.046014921622608965,0.4,0.5,0.3,29,11.73892480218559,43.29002628033777
6,22,0.07483612238878046,0.13782686568361144,0.13147070029805868,0.1104873929375345,0.12176436749172796,0.10683963382535815,0.011804974943287937,0.04951223931921321,0.4,0.5,0.3,30,10.860196326513366,41.07152408923053
6,23,0.07347708587231434,0.1318375527531379,0.1254376549538829,0.10500351179421058,0.07110674534811333,0.10585134215188859,0.01185505740961283,0.04935755065018803,0.4,0.5,0.3,32,10.857611124947802,40.76876821624156
6,24,0.07370331175413634,0.13189667568875177,0.125495205011831,0.10551182825593133,0.06391178942682038,0.1064241584949017,0.011811173217528581,0.049532610810400154,0.4,0.5,0.3,33,10.852957223768108,37.03299148086148
6,25,0.07341421477215983,0.1316638173219332,0.12556581984635481,0.10545750188937994,0.06317076743374297,0.10585444733412816,0.011832144904918475,0.049316419092655175,0.4,0.5,0.3,34,10.842620328510083,40.73018431366084
6,26,0.07324016215264251,0.13107094101137626,0.12496899178053535,0.10530749164170616,0.06441132042560485,0.10581786253590272,0.011742804370376314,0.049213736445427356,0.4,0.5,0.3,35,10.79788473255353,40.118773125597095
6,27,0.07285958217717,0.12851907875874558,0.12239667558324029,0.10273509936297615,0.07051705717634403,0.10618078496316752,0.011524404773781487,0.04926593490528577,0.4,0.5,0.3,36,10.672159500104724,36.323545162125285
6,28,0.07297993068437532,0.12745850343779996,0.12132498461790571,0.1025647848818831,0.06745235318438168,0.10655342522913558,0.011775969721324364,0.049529317397864384,0.4,0.5,0.3,37,10.762928358834383,34.17812530460564
6,29,0.0772851611471058,0.1318675291880943,0.12634092478577652,0.10754572826698709,0.06777270783853916,0.11154093382814072,0.015690602938179678,0.05075399397703047,0.4,0.5,0.3,40,10.39176144904892,31.37856922486744
6,30,0.07715922332378006,0.1302245965275049,0.12468377578059298,0.10659865887570771,0.07047494099196097,0.11238060117913647,0.0156481615231019,0.050276002378608985,0.4,0.5,0.3,42,10.400394128797132,28.791681459323364
6,31,0.0778617300799526,0.12939226099567303,0.1238370351292341,0.10627442024912546,0.07062008794839225,0.11494034498240124,0.015608678968550954,0.05026374795181815,0.4,0.5,0.3,45,10.339374859347089,31.014314209633508
6,32,0.07683628667003266,0.12350627649984638,0.11790562666470224,0.10095021860729889,0.077102268452852,0.11462877130546187,0.01563120228913779,0.05031582809805894,0.4,0.5,0.3,47,10.293374782125843,31.672908362266504
6,33,0.07529402054040256,0.11956940159056427,0.11424937302496238,0.09760027669634708,0.0719355720779306,0.11351893312468878,0.015142244532041209,0.04901998866783942,0.4,0.5,0.3,49,10.181940626824172,31.67034818768585
6,34,0.07525350357770985,0.11940376267297162,0.11438555236099934,0.09813076794777392,0.06805157974179904,0.11350432651361582,0.015138140586221004,0.04904440571210887,0.4,0.5,0.3,51,10.176405086162974,31.603162541753274
6,35,0.07442281688159828,0.11505678386050848,0.11000592389099631,0.0954304329524455,0.07150102456085702,0.11310294894334853,0.01516093999636642,0.04892990084015502,0.4,0.5,0.3,54,10.124099066844728,30.897843558061734
6,36,0.07419941178653705,0.11404656594589305,0.10898836457610311,0.09581854067711601,0.06795633762775999,0.11327185505488242,0.015092449202121659,0.04855126352449262,0.4,0.5,0.3,59,10.03241761434309,31.665277349194128
6,37,0.0742664076313034,0.11352984235321893,0.10876919248480767,0.09571177656016605,0.06990609066753176,0.11334609096966161,0.015198378940688467,0.04890660001502947,0.4,0.5,0.3,60,10.014396163657135,31.55738776974936
6,38,0.07349252108594963,0.11113253694847834,0.10635686473554201,0.09385765342968433,0.0698880769311793,0.11165179157970151,0.015518722206883448,0.04902670786392878,0.4,0.5,0.3,62,9.875022896700925,31.51959891186576
6,39,0.07414932790704454,0.11121631806730994,0.10704115713317974,0.0951120863458532,0.068773870410985,0.11331308699185123,0.015580934254870926,0.04934724893690839,0.4,0.5,0.3,65,9.938216073296989,31.19002354720609
6,40,0.07411545752265986,0.1100069756765099,0.10612393896476167,0.09469977795632743,0.0724039538097258,0.11334789099705489,0.01581493405505561,0.0495484656810739,0.4,0.5,0.3,66,9.926081589213034,31.3375119840665
6,41,0.07263901508805745,0.10705308497108942,0.10345936274574602,0.0924499707980451,0.07225549371418437,0.11217088532584336,0.010907554275292873,0.05530349089016989,0.4,0.5,0.3,67,9.777911471831716,31.50872990406047
6,42,0.07252305150238703,0.10655151122765784,0.10295419800783638,0.09247864970188492,0.06816891157976497,0.11206615479138601,0.01091191964232701,0.05527488239402276,0.4,0.5,0.3,68,9.787563516769165,31.52568096554824
6,43,0.07283529033027855,0.10651099261061049,0.10291044563248011,0.09314564754105499,0.06841651955727508,0.11237123570484182,0.011414964523103335,0.05527402494082293,0.4,0.5,0.3,69,9.73937308560112,31.07669162169105
6,44,0.07236355857335841,0.1052789744662782,0.10167140701778872,0.0925149954893206,0.06818348216294132,0.11215210953216632,0.010858703408733067,0.05536332549772579,0.4,0.5,0.3,71,9.704086658564824,31.218148493800825
6,45,0.07229441279739217,0.10482707125332565,0.10151891723528145,0.09283866246806918,0.06771266045522421,0.11213254607299099,0.01089831229027778,0.055367836507086446,0.4,0.5,0.3,73,9.700981529345649,31.2024347078002
6,46,0.0719290134210811,0.1039348179242989,0.10062181563317787,0.09389582346019407,0.06708436808319046,0.11138908040693504,0.010949333988422506,0.055361666370258834,0.4,0.5,0.3,77,9.663784243855998,30.69545148552902
6,47,0.07593699176940003,0.10530643225329556,0.10227221051946503,0.09753546438765781,0.07567559720791445,0.11344993740942977,0.019327997162589292,0.053577711399071415,0.4,0.5,0.3,79,9.680995825563352,32.065622721510444
6,48,0.07593699181707837,0.10539643815737709,0.10266594739985105,0.0991541665091137,0.07111732825107757,0.11344993740341831,0.01932799716843101,0.05357771141227073,0.4,0.5,0.3,81,9.68099583865708,32.06562275856828
6,49,0.07634614250574924,0.10563470064041133,0.1029026510849465,0.10097876129904496,0.071739101783454,0.11349085906434402,0.019574177452875693,0.05457419057268035,0.4,0.5,0.3,84,9.68291936943158,32.009154095260435
6,50,0.07567151917160428,0.10496316215239807,0.10223113733836303,0.10224438604320621,0.07088404846779028,0.11272927835646096,0.01936393922334214,0.05368955443290393,0.4,0.5,0.3,88,9.659832413517192,32.04923863672861
6,51,0.07690531249893379,0.10539492208528492,0.10235259519042669,0.10211732912452078,0.07483520455225462,0.11232174454169039,0.021380583658749463,0.055390068983136,0.4,0.5,0.3,89,9.656403363841395,35.40207250120776
6,52,0.07547005015218432,0.10377565698824182,0.10133752408870864,0.10159526549595822,0.07120701309884588,0.11392826594643095,0.01891701797442705,0.052777092187608864,0.4,0.5,0.3,92,9.74155091959783,35.40052073485819
6,53,0.07537242048020476,0.10273567039092388,0.09968300377932646,0.10168131753724399,0.07356520462098987,0.11377389452029765,0.019057747488515603,0.05285444469107945,0.4,0.5,0.3,93,9.729427202223036,32.50243185265073
6,54,0.07521851696198986,0.10243918334381798,0.09968815435771394,0.10259347178849464,0.07112644650170726,0.11353097218065607,0.01904360376706051,0.05282040190966223,0.4,0.5,0.3,95,9.638322637795646,32.32697829752568
6,55,0.07671373019742248,0.10363561474156763,0.1008818314352766,0.10476483575447708,0.07289789771712031,0.11229303466878829,0.021308739818642567,0.05584819729631181,0.4,0.5,0.3,97,9.663392762942053,35.446508480430104
6,56,0.0765626954711298,0.10283302672641113,0.1000732606724757,0.10426279620508591,0.07453441686644341,0.11233589454483821,0.0213916117066556,0.055516085235011815,0.4,0.5,0.3,98,9.663048668704397,35.46785616850287
6,57,0.09147142036167538,0.11762035769248534,0.11728312356793186,0.12567415997842654,0.08737792018210143,0.11493932268209484,0.011942047483071531,0.11796155161663491,0.4,0.5,0.3,162,9.454309787236385,34.235145265176214
7,0,0.9300282590981627,0.8852850198540357,0.8843846839666273,0.8803655138369915,0.0,0.0,0.0,0.0,0.4,0.5,0.3,1,241.4859715670441,1347.157118780107
7,1,0.9007777742691249,0.9061093660398883,0.9050516987481136,0.9007394337783005,0.06974244359167647,0.10196520406576352,8.346508151239509e-05,0.00012009712984608,0.4,0.5,0.3,3,223.85759526010085,1259.7020391117308
7,2,0.679470188665745,0.9008970480171958,0.898825220057495,0.8908513285088836,0.5383029247925296,0.0989337853552924,0.07629310114756753,0.29048140753590196,0.4,0.5,0.3,4,128.4146651250029,718.5887438631855
7,3,0.6385545276913291,0.8802711583111728,0.8780434518366859,0.8702295711429591,0.1931666028697252,0.09974461298686932,0.07564675572069436,0.2879281389048645,0.4,0.5,0.3,6,118.68941183195986,675.5401131120827
7,4,0.32170022526605063,0.6314607865551601,0.6284316841819341,0.6163625422445629,0.4602840780156904,0.09933949390218748,0.0038297553400182876,0.04780582213353213,0.4,0.5,0.3,7,72.45973855355149,247.7034266088273
7,5,0.3109433365175942,0.6219566529038589,0.6188173151328052,0.606324482646804,0.10062628733931542,0.09888000334584944,0.0076178927384408365,0.057259178867521895,0.4,0.5,0.3,8,68.56220764592115,290.3591143815169
7,6,0.22854519629105713,0.531789020937149,0.5279536045287101,0.5136303739294085,0.3151308965333486,0.10553972466498021,0.004286352246570835,0.04899350293365669,0.4,0.5,0.3,9,49.20519356730382,173.6902085943655
7,7,0.2196511903412688,0.5185880325188115,0.5146242712520543,0.4998084253942109,0.10886893036729477,0.10158696033919097,0.008074489644993353,0.05844685966764648,0.4,0.5,0.3,10,46.190155745290944,210.76348811079416
7,8,0.16760092157086073,0.43316534206449936,0.4288220458613534,0.411551207905551,0.3150346663638246,0.11045924694477298,0.006424086696084157,0.05455408848519255,0.4,0.5,0.3,11,33.43153903237706,122.49587966194834
7,9,0.16229403005075063,0.4203836684070086,0.41592258560845863,0.3982004833464382,0.10896825611918484,0.10419668808123103,0.010212224094506686,0.06400744521918235,0.4,0.5,0.3,12,31.63758094763641,151.84494499699144
7,10,0.14073017122858547,0.38110150429895356,0.37638186230998205,0.3582448230114442,0.15469534799943926,0.10228039274841624,0.006137886664268725,0.05222968012891601,0.4,0.5,0.3,13,29.0557889338324,95.98261799895268
7,11,0.14182897190054428,0.375648168115212,0.37083923627809934,0.35258465004042844,0.09840805718927603,0.1029864818852306,0.010290325868220554,0.06414395425546394,0.4,0.5,0.3,14,27.08931627045808,132.89340097875635
7,12,0.13222996776415713,0.36055582368057193,0.3556740113651118,0.33751144896552954,0.08646746849156423,0.10237673532362815,0.006221351745781119,0.05234977725876211,0.4,0.5,0.3,15,26.711717919420195,89.77210036834539
7,13,0.12270922595684425,0.3256825173871336,0.320174071154678,0.30147998226489087,0.18953371673740477,0.10282485290272163,0.006491758164654447,0.0724492689066843,0.4,0.5,0.3,16,22.40719185194536,68.71241152789798
7,14,0.11055326305426352,0.28532792368177523,0.27950147245901374,0.2595846143112365,0.17804290539995993,0.10098650412186023,0.007074782149934984,0.07446676519842234,0.4,0.5,0.3,17,19.23450876172945,87.62602868955099
7,15,0.10226742299978683,0.25853616396860785,0.2525076337326265,0.2322134377845123,0.10232111108460418,0.09818610331353037,0.007172972881940553,0.07454084213418669,0.4,0.5,0.3,19,17.493922749857465,83.91444790001908
7,16,0.13219574214925406,0.21628287346107516,0.20982553776442603,0.18680327593786183,0.3853958185983774,0.10133522335956775,0.0029912259570319616,0.2473266326246398,0.4,0.5,0.3,20,11.68762347663132,48.426372757631285
7,17,0.12642464719929122,0.21047107011112492,0.20431631301083125,0.18171905038979946,0.11064146952338935,0.09960767911437168,0.002577754683202148,0.2311533154039548,0.4,0.5,0.3,22,11.741311362929814,50.71583321983942
7,18,0.12239703924044468,0.19879065931338175,0.1922592969924059,0.17002375546599824,0.1348985248297612,0.09899962051591568,0.003495382911830705,0.2227278052982519,0.4,0.5,0.3,23,11.401050379477802,53.949527736228205
7,19,0.12252717896647744,0.19162867814565737,0.18533052598410565,0.16259959717137898,0.13583105423045813,0.09799348645886892,0.0026759454152077153,0.2312273923397191,0.4,0.5,0.3,24,10.932780836560331,50.0116273415396
7,20,0.12136888695395784,0.18786567389874934,0.1812398738500425,0.15906385609666523,0.11803691722186477,0.10255867506894911,0.0032731586293156126,0.22205411662122465,0.4,0.5,0.3,25,10.848343971283066,48.98559375592531
7,21,0.11511476143290669,0.179338161043903,0.17238788048781745,0.15153831978498392,0.11108669024531416,0.10740099688841157,0.003536649603863062,0.19583223398015864,0.4,0.5,0.3,26,10.719606822926076,39.51820224135744
7,22,0.11944693100810082,0.17877796964992632,0.17208432707400018,0.15032990251585532,0.12613360693711267,0.10130135838969304,0.003323720895696644,0.222163133492793,0.4,0.5,0.3,27,10.64606474799714,49.00373951073379
7,23,0.1258336201123647,0.18095904721951978,0.17452870957700645,0.15335498316521765,0.13093010766661822,0.10147271803148279,0.0027799815196234414,0.24699018088474003,0.4,0.5,0.3,28,10.6001559087024,46.823493726667984
7,24,0.11874280278779276,0.17203640662084033,0.1652859770175214,0.14480228515444593,0.11133581043273083,0.10072313248908529,0.003323641968037776,0.22459137913105182,0.4,0.5,0.3,31,10.238615054727084,59.26273196846974
7,25,0.1241989545056013,0.17438329619571089,0.1682095217069886,0.14727172396607638,0.12672469217919807,0.10084669926429175,0.0024642607484491093,0.24616903733143142,0.4,0.5,0.3,32,10.241320099602683,45.00413739960602
7,26,0.12599543985901135,0.17580514052720475,0.16962789834352335,0.15070025146868804,0.11754760018874158,0.10118088267513117,0.003895114987702081,0.24956685528640418,0.4,0.5,0.3,37,10.448299199786312,46.90954648452078
7,27,0.12488685070936982,0.17458592511121,0.1690135770144259,0.15245912131494227,0.1164032703654993,0.10181097547609452,0.0030194518086723494,0.24667645200666305,0.4,0.5,0.3,43,10.440544686262587,46.62982138643796
7,28,0.12461621362166589,0.1737785850310713,0.16850410384028455,0.15342639511381626,0.11680333316519201,0.10137015047887543,0.002888189514022679,0.24698018259199075,0.4,0.5,0.3,46,10.308267230308816,46.86732764424857
7,29,0.12459939948039936,0.1729215272867365,0.16763922082981708,0.15433555301812424,0.11767095466077081,0.1013944169263554,0.0028805403481690812,0.24743791971223947,0.4,0.5,0.3,48,10.286693227952576,46.94015614798409
7,30,0.1262038765200834,0.17376707383941242,0.1684777008472982,0.15402386324398437,0.12057602137347714,0.10155023933087803,0.005018363760472875,0.24949547125063448,0.4,0.5,0.3,49,10.351353952177298,47.06084964782874
7,31,0.1247384703719871,0.17167516711200587,0.16637989565616085,0.15392896921820937,0.11878188601360704,0.10143641990318293,0.0029603424887697806,0.24858673045372223,0.4,0.5,0.3,50,10.304813885291734,46.97685516761236
7,32,0.12263838723563703,0.1695378794120646,0.1642422688198803,0.15179017524145072,0.11460491720612323,0.09961995227076784,0.0023308204077340253,0.24508214332510136,0.4,0.5,0.3,52,10.014284520609587,44.514896245134025
7,33,0.08320116068036189,0.1277157442816042,0.12360967812347985,0.12484083961377913,0.07587499761164461,0.10320883925768949,0.01572958227542328,0.0882198515926739,0.4,0.5,0.3,88,9.94176161730834,58.3470807218163
7,34,0.08432271173104819,0.12781997643661908,0.1249163563433422,0.1367511577894848,0.07716533697604923,0.10005006490004656,0.014038430567973015,0.09983916404849555,0.4,0.5,0.3,115,10.050771745523264,69.78903470868525
7,35,0.0839565119312579,0.126879553412229,0.12397057091329047,0.1354527381884803,0.07868797638833627,0.10107350549908596,0.013452740302668045,0.09858224543828178,0.4,0.5,0.3,116,9.961637492102907,69.04006403172009
7,36,0.08385136321257,0.12627644271768151,0.12336281832494111,0.13582365778089348,0.07841564744309641,0.10097893480013398,0.013416564369301224,0.09872304116651116,0.4,0.5,0.3,117,10.12366932468557,68.96423652781337
7,37,0.08377598714236281,0.12613785146738155,0.1232236449517364,0.1366785787621792,0.07686847684284907,0.10101913953211925,0.013341487314421785,0.09858192519689586,0.4,0.5,0.3,118,9.914388812768784,68.89473581403736
7,38,0.08342965865786933,0.12403192493976672,0.12079840219651736,0.13386321614506627,0.0823020850038976,0.10102996385605671,0.013270688898106262,0.09854714311950133,0.4,0.5,0.3,119,9.851264331862458,69.01720771120115
7,39,0.0829781495757815,0.1234332343749471,0.1205013113391524,0.13621341161223033,0.07630410329883516,0.10009147184110886,0.012550377251460281,0.09963766892248274,0.4,0.5,0.3,127,10.048345879605137,68.90184816637999
7,40,0.08885587393974306,0.12843415865603208,0.12610000625095316,0.1417814121878754,0.08347169483880369,0.10056608765792999,0.017577567122461186,0.11085662826237097,0.4,0.5,0.3,130,9.826398313647248,68.12848932830615
7,41,0.08854863924824843,0.12808017573472863,0.12574557306069115,0.14632992032378644,0.08200486938389151,0.0991347775274736,0.01763746667243948,0.11166896956277436,0.4,0.5,0.3,135,9.820792503664096,68.0758716844547
7,42,0.08854863924824842,0.12817018163433408,0.12613935529276682,0.14740198189299927,0.08197337471681786,0.0991347775274736,0.01763746667243948,0.11166896956277436,0.4,0.5,0.3,137,9.820792503664093,68.07587168445471
7,43,0.08873752792289796,0.12825172027391293,0.12652287471428159,0.14915500453598696,0.08253414118362806,0.10040128695982158,0.017559801616436138,0.11085821894679396,0.4,0.5,0.3,139,9.820744680919962,67.7916266057867
8,0,0.9198805902722161,0.8824767303106821,0.881554323147896,0.8774509968383972,0.0,0.0,0.0,0.0,0.4,0.5,0.3,1,251.9048862840797,1329.1297799137778
8,1,0.8941520071295891,0.9008922803521302,0.8998300544407584,0.8955009667818313,0.06191180968728986,0.0903831703478042,8.295834010699271e-05,0.00011060405172968,0.4,0.5,0.3,3,235.39129935588585,1196.2884832735238
8,2,0.5089661492710051,0.7595450159856055,0.7575314827168379,0.749522673292211,0.5155305321229587,0.12682057729148616,0.0026392921049278634,0.00880534000423104,0.4,0.5,0.3,4,119.0591691363419,594.1129814471676
8,3,0.4736220571218107,0.7394338834507895,0.7372657458415068,0.7295168462335018,0.08265889316598239,0.12555017927404374,0.0027233755295108996,0.00897293944139939,0.4,0.5,0.3,6,111.99682137671876,569.2016440546845
8,4,0.3470869305150513,0.6558781633192489,0.6528937599751349,0.6422305599096129,0.374451874716694,0.0992541986092249,0.01633916379749025,0.08948847702138636,0.4,0.5,0.3,7,65.30770544457621,413.72785652600095
8,5,0.3024843701004059,0.6141164448911324,0.6108003666308508,0.5998040980168771,0.1361187631698147,0.10025542406102741,0.0164189634640904,0.08968397668724301,0.4,0.5,0.3,9,56.76934615511093,376.3325522825781
8,6,0.2854691423960998,0.5958908335260094,0.5924007347032635,0.5814125315753261,0.14311215141021838,0.10148768660330221,0.018664793876784005,0.09743684752771996,0.4,0.5,0.3,10,54.68657192841036,319.2377614576298
8,7,0.2013189728101306,0.4816165959434313,0.4775332611332693,0.46265308654234405,0.40846045308519036,0.10469071602630861,0.018119633090662526,0.09385041444184342,0.4,0.5,0.3,11,37.20293151257844,282.8816932498135
8,8,0.1879549233318097,0.4562203561278162,0.4519226250982762,0.4362234363722691,0.159769822411642,0.10440009827020902,0.019769906299146833,0.09789338698266162,0.4,0.5,0.3,12,34.651020523844416,263.3938907109433
8,9,0.14849842941092928,0.37316982916372127,0.3682402458804767,0.3508942763388608,0.3107824254817476,0.09993281524323988,0.019425515406490096,0.09596035178101332,0.4,0.5,0.3,13,25.806350768324105,221.7115681931554
8,10,0.1294056667609939,0.32153494077603023,0.316205917798304,0.29758350860707633,0.15189907792524096,0.10068490018614007,0.01784523251867856,0.09508405094491232,0.4,0.5,0.3,15,21.796946419973214,181.63791452290008
8,11,0.12529035528562887,0.30922040957115576,0.30379730962648266,0.285716134925107,0.09467914163411272,0.10064023537024169,0.017617950055741752,0.09442698020800414,0.4,0.5,0.3,17,20.95279485325201,174.45415279762395
8,12,0.1231586970997877,0.30266167039644126,0.2974938608298941,0.27923777847677544,0.08486614389468611,0.10113630340663612,0.017124055157746464,0.09308188153009736,0.4,0.5,0.3,19,20.13649497028093,161.6110580847647
8,13,0.12351871791572254,0.3020467298302576,0.2968679083138136,0.2781602217118317,0.08174309346321425,0.10068490015441571,0.0178452325590482,0.09508405105095122,0.4,0.5,0.3,20,20.33198104294505,175.5694606719479
8,14,0.1549135666517325,0.28500770478874954,0.2790075443295551,0.2606822309648696,0.31717646369071506,0.09700349877054042,0.052225186756177086,0.2059755723381679,0.4,0.5,0.3,21,15.299894214072191,81.74370149715304
8,15,0.21995244411927345,0.32963308209636927,0.323426957548264,0.3045718122913519,0.23517478922402937,0.10663847724770567,0.08844459832245853,0.368979028205474,0.4,0.5,0.3,23,12.810421496871454,66.3335435387805
8,16,0.2168131554656907,0.3171146872281072,0.31081564462801314,0.2930480954559424,0.2082590317627398,0.10567198025390936,0.08701068058491601,0.37038918857019554,0.4,0.5,0.3,26,12.746988050958908,85.94949892253933
8,17,0.19336919714657347,0.27501878312770334,0.26884071065004217,0.25071967771435144,0.19484156616136306,0.10340743190276089,0.07507020190206731,0.3303215305138716,0.4,0.5,0.3,30,11.907479295890484,68.32310696262998
8,18,0.1914089025969761,0.259060482267218,0.2527484037155913,0.23494041377819808,0.2037408496829889,0.10336900621923725,0.07577093934948145,0.3329351624803471,0.4,0.5,0.3,32,11.175568283101263,65.02231766715522
8,19,0.19304861985013094,0.2558688365674049,0.2495110716499292,0.23125225828375706,0.19826096512978947,0.10467214814025452,0.06900884895097868,0.3512306339271214,0.4,0.5,0.3,33,11.0257773169025,56.43683462505725
8,20,0.1862150564727424,0.24727359405111293,0.2408991694457414,0.2225761101589314,0.18133661072144622,0.10487260024325502,0.056870250428947854,0.3496095441028781,0.4,0.5,0.3,34,10.954699845670891,50.16939578427036
8,21,0.18984201839324277,0.24607991538586427,0.2396599168580114,0.22192042920195038,0.196774743070728,0.1051885526326473,0.06771320711049303,0.34648052266144386,0.4,0.5,0.3,35,10.994548308835514,55.52140576719359
8,22,0.19367153636606094,0.24984304221460119,0.24342230526950687,0.22616108370138738,0.18431486238377948,0.10519077689181655,0.07019416755185345,0.3552180413738388,0.4,0.5,0.3,36,10.652462952738087,57.54963127570331
8,23,0.185973211553619,0.23649611261586811,0.23002260024216692,0.21255802702990456,0.1960738126372265,0.10576715003418968,0.05782186999404532,0.3529941459542283,0.4,0.5,0.3,37,10.413315233330446,50.89829121783366
8,24,0.19217768577364414,0.24059194755300578,0.23440164422062476,0.2172327929941219,0.1912412563194532,0.10519077689181655,0.07019416755185347,0.3552180413738388,0.4,0.5,0.3,38,10.335809599521772,53.92889290588523
8,25,0.172789016490225,0.220232506074857,0.21403313498614118,0.19827341661891829,0.16619964839042706,0.10733271767728003,0.06368078780385995,0.2992033960100279,0.4,0.5,0.3,40,10.4481052165104,51.83170742598307
8,26,0.17666407912023768,0.22234850851448934,0.21613271539359183,0.20002179051579433,0.1747761010417938,0.10906679917441968,0.05818119151580828,0.3200810990502325,0.4,0.5,0.3,41,10.39109438263781,42.89837166819181
8,27,0.17704420179142333,0.22025147230953052,0.2140126152456669,0.19831379798284032,0.17804406677568352,0.10917924009660711,0.05845746882306953,0.322275182275775,0.4,0.5,0.3,42,10.323033421085547,43.150836459824646
8,28,0.1752571372668848,0.21319046464687375,0.20690264552071058,0.19160252024314878,0.17774710676190225,0.1090152851930479,0.05870737601346827,0.3193307168804506,0.4,0.5,0.3,44,10.15083961728578,42.48230948204856
8,29,0.17552911355888587,0.21341645281753818,0.2074312594501328,0.1943181393786294,0.1691327081150371,0.10857439363588832,0.0666534216421868,0.3076634331504787,0.4,0.5,0.3,50,10.01929268281873,51.45618765782664
8,30,0.1769402907578389,0.21089790830500083,0.2048763693869276,0.19162455622243196,0.1845145620060949,0.11036762885202411,0.05939028003527132,0.3244156809990801,0.4,0.5,0.3,51,10.060003005281567,48.80152521465643
8,31,0.17604595201946127,0.20931252378999254,0.20328459349241856,0.19054164382743197,0.1727334640446367,0.11097535285531768,0.05895715156925968,0.32175102870556854,0.4,0.5,0.3,52,9.913736926770335,45.54897388854799
8,32,0.10794137613682944,0.1404425807601155,0.1350134463480329,0.12441605328961006,0.10281222070153598,0.10946634460875329,0.017679041580098163,0.16609820626991856,0.4,0.5,0.3,61,9.966632636614843,48.14411894863345
8,35,0.10753899375776746,0.1337304662728276,0.12824332235580732,0.11894554296834034,0.11056405549143579,0.11060708876528555,0.017321862678231645,0.1674467019289855,0.4,0.5,0.3,66,9.776239166636348,48.48864699562624
8,36,0.10663970160703876,0.1323950549568007,0.12599498513194335,0.11368560509734024,0.10282745203394113,0.10897590430539197,0.01727845288486489,0.16679015551974286,0.4,0.5,0.3,67,9.875522025724658,48.04575482773275
8,42,0.10922035676808542,0.1264478830677487,0.12209057317389335,0.11855600521305586,0.10985903903231863,0.10625963667556522,0.008146244184125295,0.19927542230294035,0.4,0.5,0.3,82,9.651885089156348,39.249219423513246
8,43,0.10912347474338042,0.12402379130901794,0.11934235442488987,0.12061453959936963,0.10708913579899107,0.10010376097050773,0.005947231973204714,0.21202138996532827,0.4,0.5,0.3,98,9.579911325646462,45.1720212872086
8,44,0.10943678744955704,0.1240455425048316,0.1193614396045331,0.12158586305965594,0.10746876993671481,0.10094337446692228,0.005927567698220474,0.21213401475392288,0.4,0.5,0.3,100,9.557485910959045,45.21282450952391
8,45,0.10915398429926254,0.12257777463051454,0.11788288174451812,0.12038688648106849,0.11084426470680685,0.10074339235991954,0.005985576669583517,0.2119884741876017,0.4,0.5,0.3,101,9.535141520241345,45.84602315699146
8,46,0.09146741589661339,0.10449109414380818,0.10039855987173643,0.10537344502680758,0.08993703445760978,0.10010682829232645,0.005473576226409546,0.15504089299911333,0.4,0.5,0.3,104,9.40564224533605,47.36665756818832
8,47,0.09005008305138013,0.10220907443617018,0.09810869518634785,0.10305355802579494,0.0894530380272929,0.10052790135651697,0.006047243537844722,0.14925287153960395,0.4,0.5,0.3,106,9.381480814759472,46.91419562702613
8,48,0.09117610457541467,0.10350112572705736,0.10000814385754822,0.10612467764527178,0.0891481600258362,0.10007824441168314,0.0053971441311080484,0.15469662123314895,0.4,0.5,0.3,111,9.400460080177275,45.683455873936985
8,49,0.09109949053751022,0.10337849747055941,0.09988507911077923,0.10632663924109104,0.08914648662033355,0.09975321280656799,0.005539783608646146,0.15466105408947273,0.4,0.5,0.3,113,9.351761036765389,45.84574339966986
8,50,0.11996941976370695,0.13140450963823033,0.1266915673297146,0.13432071081658992,0.11882250302077886,0.10535219844006098,0.01588586474803649,0.22643843084799964,0.4,0.5,0.3,115,9.44971497740639,46.49625463424026
8,51,0.12129862402649975,0.13237853016274015,0.1279652959679614,0.13784238053465847,0.11971074934135384,0.10540336362035596,0.017701717607584683,0.2280068280285117,0.4,0.5,0.3,120,9.415400133426926,51.49395183380544
8,52,0.11962825807861123,0.12978130010650984,0.12535967763223282,0.13716444139015205,0.11868983043672876,0.10445061252833224,0.01598741743129574,0.22704900539818187,0.4,0.5,0.3,124,9.352217980873364,49.79988245104549
8,53,0.11954476955990587,0.1290321236311741,0.1243014698323208,0.13941966333632536,0.11818676655697144,0.1055885139733653,0.015814987075749437,0.22583928498418585,0.4,0.5,0.3,133,9.368004141865663,46.08854621249263
9,0,0.9632993941798542,0.8942893014628068,0.8934595456337232,0.8897105196048011,0.0,0.0,0.0,0.0,0.4,0.5,0.3,1,209.8085151809085,1341.542105955278
9,1,0.9288007244072959,0.9122164448255876,0.9112297087887858,0.907188291407017,0.06677722734767962,0.09466030442865976,8.412122249237467e-05,0.00010835683126481999,0.4,0.5,0.3,3,194.31831230576088,1254.2270293155111
9,2,0.8904525512227797,0.9144157471755094,0.9132950311169206,0.9093362630349977,0.1064016618097933,0.13956621988920687,0.0011058299896999928,0.00275084791023846,0.4,0.5,0.3,4,184.54202407483064,1083.628357454457
9,3,0.8547364202681313,1.1622439621851475,1.1591061287391118,1.1474475968193476,1.3087666666763604,0.23372061769381927,0.3370897385121663,1.0,0.4,0.5,0.3,5,75.73234245705936,204.12155201202543
9,4,0.8035351239841753,1.1173611638900016,1.1138978193112097,1.101730322621606,0.6191038848343906,0.22509364863195006,0.3371675599999741,1.0,0.4,0.5,0.3,7,64.62960007740821,172.86552824475257
9,5,0.4870906018396324,0.7940315877221799,0.7903423034984745,0.7757858112076225,0.48971958870620225,0.16380506229883537,0.16128422613495896,0.5217244437141362,0.4,0.5,0.3,8,50.62948443728322,205.93465143568315
9,6,0.4429401713923168,0.7354357017421761,0.7313069494502112,0.7157285772429874,0.3807557165245885,0.1570326924235247,0.16136204762276674,0.5219288991683368,0.4,0.5,0.3,10,41.19529554527364,171.53668633153814
9,7,0.4240327172528497,0.7059025458053398,0.701546813971631,0.6856851912829716,0.382979519220578,0.1466108643116074,0.163499865355921,0.5302219578607994,0.4,0.5,0.3,11,36.873556179723565,125.33882335388634
9,8,0.37171073296597656,0.6448503604273534,0.6403339597364774,0.623662766012405,0.3177247953476018,0.1494817719609663,0.13543175668499835,0.4379073879655572,0.4,0.5,0.3,12,34.32607724048403,145.22020367861154
9,9,0.3838701526357642,0.6317856708718474,0.6271651667361444,0.6093173379215349,0.4509790112220566,0.136574313959784,0.16492146978709987,0.5353760801890564,0.4,0.5,0.3,13,27.614214170389577,86.09521778738893
9,10,0.31930506088094923,0.48972771531807935,0.4844587463634277,0.46289038957560436,0.623125556410951,0.13125036744099347,0.15298690449403643,0.4929814097680031,0.4,0.5,0.3,14,17.556058212374914,81.66899078026444
9,11,0.30549108345624343,0.4403450781158421,0.4346970896200279,0.41228337673817345,0.34536353102284556,0.12828381450852072,0.1530652964013333,0.49313155137019543,0.4,0.5,0.3,16,14.643126875287658,67.73854356979051
9,12,0.30078766199664825,0.41858101129132674,0.41275869880088056,0.39006278924961657,0.3084382832895053,0.1317878813288608,0.15231976829390145,0.4911767684698359,0.4,0.5,0.3,18,13.571235711845906,58.41108553429139
9,13,0.29327636568580107,0.384698178605713,0.37861485100701386,0.3556397477501295,0.32344976741004783,0.12959459800965537,0.1525549440157922,0.4916271932764128,0.4,0.5,0.3,20,12.035386677551957,51.64762914212344
9,14,0.28140293667159744,0.36294719473942494,0.35707118511374647,0.3339841862175281,0.2836351552390711,0.12858633357326868,0.1462519134989075,0.4716385803026122,0.4,0.5,0.3,22,11.852184678800205,45.64380190530624
9,15,0.2805344882720131,0.3547097787965039,0.34876298223773783,0.32607258291987823,0.2798279024116943,0.1303287528639561,0.14631188718970975,0.4718167374615098,0.4,0.5,0.3,24,11.594077711925252,46.10380320550454
9,16,0.28296558496823154,0.3559595319888517,0.3496985141811871,0.32786801474852706,0.27141841825001267,0.13838342567334921,0.14611121935767327,0.47031009850502,0.4,0.5,0.3,26,11.620139706622991,52.823199967405046
9,17,0.28952630873999896,0.36184435104290735,0.35557688171117935,0.3341555512433284,0.2785819712821329,0.13047778237787194,0.15267907354419732,0.49226354933114747,0.4,0.5,0.3,27,11.49523488936276,45.99239955132013
9,18,0.28532399246744533,0.35610560177778927,0.35042939261230865,0.32912160473516083,0.2753855663045888,0.13207852373806178,0.14929423843507017,0.4829984147966355,0.4,0.5,0.3,29,11.334417227958737,47.22606186871687
9,19,0.2838585620628887,0.3485600935133979,0.3428260671425278,0.32174386781422615,0.28281730112861786,0.1293369021718776,0.15386433027917776,0.4784377868458735,0.4,0.5,0.3,31,11.04584712197392,47.10465466504213
9,20,0.2836583865612352,0.34739115947154947,0.3416479407340771,0.320530393668829,0.27555885287657933,0.1293369021718776,0.15386433027917776,0.4784377868458739,0.4,0.5,0.3,32,10.888013119176753,46.70596462272859
9,21,0.28236904844488186,0.34233905305960544,0.33656024750240343,0.31630361718653477,0.28474240058142375,0.12796917433903857,0.1538803834358392,0.4785031168235542,0.4,0.5,0.3,33,10.63453261939018,42.9015471819079
9,22,0.2554914805198274,0.3135779322498463,0.3074783609934839,0.29110116445239076,0.2458544902620559,0.13525496190927916,0.1306607481760084,0.41910297905724414,0.4,0.5,0.3,42,10.972860565012688,39.008093332959646
9,23,0.24876868680235908,0.3024464809862149,0.2963054650737852,0.2808636961805206,0.24692139195111945,0.13228500012394265,0.1275198891951061,0.408798794697636,0.4,0.5,0.3,44,10.798567058650711,32.31950084470035
9,24,0.24804822508247687,0.30127610953708917,0.2951308772583864,0.2802419751746237,0.24023180172744774,0.1324699251964056,0.12698504518574474,0.4073354827340709,0.4,0.5,0.3,45,10.75301648968572,31.67346387820936
9,25,0.24882571812185916,0.3020951062357467,0.2962532913349662,0.2815316429790102,0.23963423335076608,0.1318463287028406,0.12776969699528565,0.40948224010174217,0.4,0.5,0.3,46,10.780929211158206,38.21891666779186
9,26,0.25967642166052896,0.3064321616127903,0.2999234741682004,0.2863054247205955,0.25588766194107704,0.1361222765549533,0.1348179572237378,0.43225725984067964,0.4,0.5,0.3,51,10.371881292460596,47.09685543774293
9,27,0.2533097605754393,0.29876175473250766,0.29224086353483614,0.2783091268901391,0.2476448226627602,0.15794362341865492,0.1268337117792513,0.3960642172288392,0.4,0.5,0.3,53,10.5260642622691,45.49652265308643
9,28,0.2578999881892577,0.2968777597577288,0.2902966953056735,0.2772355289572215,0.2622587759988849,0.13555021192279346,0.13483304866966625,0.43187191489686,0.4,0.5,0.3,55,9.912064940493607,41.05347721825866
9,29,0.2563824592788939,0.2945277007766927,0.2882418409335279,0.2758955032578225,0.2508896681244883,0.13537642877078507,0.13393356537422194,0.4290981637935604,0.4,0.5,0.3,58,9.900615937276289,39.97384512114795
9,30,0.24991815083584917,0.28686097643547226,0.28086703252258705,0.26980359165843393,0.24799693354461078,0.15778420111929092,0.1259458453089848,0.391758351443647,0.4,0.5,0.3,59,10.387253866235044,30.4285873130571
9,31,0.2560354199837658,0.2912061888652476,0.28519583076593785,0.2728560252515707,0.2560679074026534,0.15100190370577632,0.1320303945696135,0.41210476250566097,0.4,0.5,0.3,60,10.201621424552275,36.18007881456404
9,32,0.2530592145699256,0.2854845714941196,0.27944887295799065,0.2688146588426574,0.2568579724583022,0.15734950605299955,0.1286471825822269,0.40097083395777844,0.4,0.5,0.3,61,10.220012697654,35.59599449963069
9,33,0.2586912227523803,0.288635639774892,0.2825770842771509,0.27126683577026756,0.26201120796224964,0.15061623510136965,0.13321535166038986,0.4225454582842995,0.4,0.5,0.3,62,9.882443793156112,34.903699661779804
9,34,0.2568421133096877,0.28550879238310234,0.27943849556813793,0.2683677657443615,0.2563058562813849,0.1561076423531355,0.13163790758744576,0.4124220525200051,0.4,0.5,0.3,63,9.789384593965838,31.73150060368353
9,35,0.2554205201518922,0.28308176318725287,0.27730517041497543,0.2672926240081234,0.2544507954987849,0.15976992922678723,0.1299711622120444,0.4062026615364564,0.4,0.5,0.3,64,9.895959290207804,30.857072216390154
9,36,0.2629207638271106,0.29052692812106296,0.2850527533296622,0.2766916042199027,0.25833291615670284,0.15388181810873008,0.138417456726049,0.4250595683458613,0.4,0.5,0.3,73,9.868000108563404,33.76469947776748
9,37,0.23821213538345606,0.26342448982910915,0.25701946461865877,0.25093673811903283,0.23512495267519493,0.13779910118073396,0.12172323965114035,0.3931647376809477,0.4,0.5,0.3,79,9.669277646382872,37.54979115929935
9,38,0.25804937370321146,0.2834456593634378,0.27855717283636294,0.273307197932108,0.2547101285518065,0.14699604775463224,0.13364205713546504,0.4273111712790393,0.4,0.5,0.3,80,9.839909261086747,35.43378158796457
9,39,0.2579072238726338,0.2803318667205016,0.27571909184117205,0.27183179862028395,0.25933058065725845,0.1603646304924036,0.13268654330053403,0.41230954922660573,0.4,0.5,0.3,82,9.7771177841454,31.69631219652917
9,40,0.25849712129642355,0.2793023451827629,0.27437180341622247,0.2732882629850089,0.25631553522371064,0.14904738065005127,0.13989535645551718,0.41819636194152726,0.4,0.5,0.3,86,9.710867447656428,33.74384537002782
9,41,0.2501459442685573,0.2677013041234736,0.2639529643810063,0.26469972921267426,0.2512866769359654,0.14014609525916494,0.13827439925297322,0.40688571112341,0.4,0.5,0.3,89,9.448820417747417,29.665685020773928
9,42,0.2499314353684834,0.2665546051586455,0.2627977631881153,0.26382656581349234,0.24875619199523064,0.1402620261815766,0.1381963833702111,0.40664639383178364,0.4,0.5,0.3,91,9.386441599794432,29.41772328451558
9,43,0.24761897582514658,0.26010751668872195,0.2560101031681739,0.25652444634090354,0.25903900741922803,0.15629466041078546,0.133243858420017,0.3879597007711286,0.4,0.5,0.3,92,9.508260871962577,31.854654800603168
9,44,0.24778213218264405,0.2576956558106265,0.25387780894123346,0.25662635010067536,0.24832814396952438,0.15598365478964676,0.13391772596179874,0.389184157108131,0.4,0.5,0.3,96,9.42171957364348,30.82859783525525
9,45,0.24468092307008973,0.25383570748849765,0.25091992201591484,0.2554796636794349,0.24365553928841374,0.1596225900229626,0.12153183197151719,0.3951697508671681,0.4,0.5,0.3,103,9.471722807230478,27.45908007713377
9,46,0.24845622667095735,0.25736223258173857,0.25444418972484173,0.2608992026582201,0.24709735343564032,0.15555755692776713,0.1318404808594544,0.39612069581755327,0.4,0.5,0.3,110,9.122315744074598,32.180545894941865
9,47,0.2459753430530488,0.2548042344373055,0.25249139855701846,0.2599485020333835,0.24468786924655844,0.16267800140793823,0.12162996394299816,0.3955119993433246,0.4,0.5,0.3,116,9.23034681209981,28.479437246664418
9,48,0.24499800540598615,0.25243932710933803,0.2504169373740781,0.26014421547006167,0.2454148328923857,0.15949307813447672,0.12174621886481266,0.39705840303037454,0.4,0.5,0.3,119,9.318189211248278,29.18502403736161
9,49,0.24543615593619103,0.2516293124747237,0.24959562797213566,0.2592681814133122,0.2485602727475,0.1614418891811113,0.1216575534819142,0.39670246303213447,0.4,0.5,0.3,120,9.27625437194582,28.84492692987238
9,50,0.24436460145704703,0.24775585176273396,0.24630277312029614,0.25883402692638263,0.24520782824108628,0.1613079011152899,0.12136475605052706,0.3952972491495044,0.4,0.5,0.3,127,9.136157497205913,28.35503091519633
9,51,0.2491693886097773,0.25178087991872533,0.25032075324855296,0.2654849818230367,0.2491484543420026,0.15630565963171408,0.13553112109210066,0.3947621196895334,0.4,0.5,0.3,133,9.05333690266913,29.583515600832108
9,52,0.24986319004771798,0.2521547255296038,0.2522066509336327,0.2807849316265646,0.24960390963699874,0.15415494356396137,0.13738983718716494,0.3972253934859823,0.4,0.5,0.3,165,9.004596208672975,29.0508784335288
9,53,0.24904006025234934,0.24982130912705322,0.2498595934733445,0.2790796812986752,0.25142386889160073,0.15612147826329395,0.1349550318778316,0.396663074771259,0.4,0.5,0.3,167,9.04040865474094,29.84634823435727
9,54,0.24989947793129516,0.25042510328133116,0.250461111735848,0.2782672503890937,0.249858889043059,0.15566950927152906,0.13575744202985918,0.3989186978251416,0.4,0.5,0.3,190,9.201120777098737,34.07250284647592
9,55,0.2498769963850135,0.25026544162059733,0.249997163736753,0.27211195126539933,0.2498456869283407,0.15562723843189138,0.1357566839415038,0.39892461713476096,0.4,0.5,0.3,194,9.203270807370382,34.074196513407124
9,56,0.2506902145579037,0.25091385416146517,0.25064410015180777,0.2748867313219485,0.25091652366953177,0.15772525067023063,0.13556341511175177,0.39924097442613216,0.4,0.5,0.3,196,9.136352688164006,34.326812076221195
9,57,0.24978867901056753,0.24978867901056753,0.2498199294088513,0.275462166410778,0.2503070027672083,0.15544598189493616,0.1357340072763648,0.39914427538136893,0.4,0.5,0.3,198,9.14040658557644,34.11030524424859
10,0,0.9293631093956363,0.8851018437849169,0.88420008437154,0.8801754794098869,0.0,0.0,0.0,0.0,0.4,0.5,0.3,1,243.04278526694745,1327.0991075282952
10,1,0.8996754745044002,0.9018566208769582,0.9008094398376745,0.8965377180108399,0.06197605327373383,0.08800537456430561,8.353797716083603e-05,0.0001061914253493,0.4,0.5,0.3,3,227.89234374698367,1315.605015102864
10,2,0.655030454477879,0.8850070473534118,0.8828648689508943,0.8746185649011068,0.5600234577182316,0.09958912468290779,0.08578365212301,0.2507052094012256,0.4,0.5,0.3,4,138.58687077456702,811.2534433081811
10,3,0.6118151832210728,0.862645405141221,0.8603249243345518,0.8521517251063683,0.19103212727157903,0.10023805433248392,0.08585979651316597,0.250898163955644,0.4,0.5,0.3,6,127.4658097692974,775.5724404936092
10,4,0.5384892674368303,0.8113283518375257,0.8087736555895634,0.7993395877017438,0.22282569805210997,0.09910777278146776,0.07154434681833444,0.20467685503675298,0.4,0.5,0.3,7,115.828347663142,627.5311506366819
10,5,0.47509703431590034,0.7857663341727114,0.7822307869408696,0.7682676357182491,0.7493696581799267,0.13885094552260852,0.15890095152380906,0.46612141112340133,0.4,0.5,0.3,8,59.13053229240319,255.61773377835925
10,6,0.3755415094208604,0.6484701435982302,0.643901963865399,0.6266571441798342,0.4647823090749743,0.12251368549622903,0.1595408559406677,0.46774296815961136,0.4,0.5,0.3,10,34.87266011840084,159.7295378852615
10,7,0.3367647963694717,0.5793424480978847,0.5742497416033224,0.5553990971359739,0.3817991899482383,0.11070920542692979,0.16146056919124416,0.4726076392682416,0.4,0.5,0.3,12,24.924967727120777,107.60083273914348
10,8,0.3061588940879775,0.4687209784562418,0.4630631830300748,0.4410401050955713,0.4001406888430221,0.11070920542692977,0.16146056919124416,0.4726076392682416,0.4,0.5,0.3,14,17.78046364274904,75.80027026562342
10,9,0.2927198349924772,0.42005482188465576,0.41402678491359063,0.39117648813802536,0.3332895850337838,0.10526191483876797,0.16211919508438266,0.4738031986405071,0.4,0.5,0.3,16,14.626207739234228,45.919809308183474
10,10,0.2815321862432965,0.38888647057046244,0.382657193474335,0.359683319918358,0.29671718729807506,0.10536491732438047,0.157543818529763,0.46285043797269915,0.4,0.5,0.3,18,12.905092779608337,41.50353095636863
10,11,0.2788871178683192,0.3735890285620419,0.3672350395402161,0.34441946175397753,0.28327454800058083,0.1066429476082325,0.15760473913179057,0.46303322974655553,0.4,0.5,0.3,20,12.267864114358426,38.96455749319696
10,12,0.278859882113195,0.37345120702827106,0.36709611360415895,0.3446954494936848,0.2607663650616756,0.10664294760823252,0.15760473913179052,0.46303322974655553,0.4,0.5,0.3,21,12.261601214592776,38.92209614959658
10,13,0.2776063219445133,0.36572030403427375,0.35930209888283954,0.33668919922628443,0.28387288954995604,0.1083292218330166,0.15725960172632428,0.4624067249824345,0.4,0.5,0.3,22,11.96789885350289,41.90880374169571
10,14,0.27758758470966177,0.36560067670386875,0.35918146923285255,0.33700009755623983,0.2610465542530722,0.10731275899066657,0.15753282703689417,0.4633236253939585,0.4,0.5,0.3,23,11.863822711419363,39.95478905440196
10,15,0.27778660419661005,0.3617589638785239,0.35530063330042005,0.3332020339737789,0.27623408990342724,0.11099175322998316,0.15732120134632763,0.46259822598183076,0.4,0.5,0.3,24,11.530731562696658,41.210099938934334
10,16,0.2898743156390153,0.3628734202277246,0.3563095707775152,0.33403610930566785,0.3151076628376691,0.13010275263988286,0.1637272775766528,0.4749510545223122,0.4,0.5,0.3,25,10.717555064501198,35.99960256664879
10,17,0.5178867941604375,0.5851331300111864,0.5794232235124179,0.5597832987395956,0.5087061863392801,0.15705024386338856,0.3003703201510719,0.9756284158810203,0.4,0.5,0.3,32,11.307638162713374,55.06250635590307
10,18,0.5146119837737885,0.5742532315844818,0.5684713328717927,0.5498531016906453,0.5172058410510314,0.15279933678963092,0.3003452479455039,0.9756529546207163,0.4,0.5,0.3,34,10.848469841498256,57.94679352174479
10,19,0.5127833278002154,0.5659493797918022,0.5601065653873849,0.5417418312501481,0.5146420537330558,0.15063958848274034,0.3006053742039695,0.9762948004869904,0.4,0.5,0.3,36,10.485410618771684,42.95346068663228
10,20,0.5123636066747358,0.5633208569089355,0.5577602779877894,0.5404657182146033,0.5074172997360282,0.1509064339133022,0.30053486629513904,0.976140083162759,0.4,0.5,0.3,38,10.390215767215704,42.71322938901933
10,21,0.5137383668921424,0.5646460595098589,0.5590849886826519,0.5412958442954393,0.5050293590892447,0.15255455324459286,0.301468488115543,0.977001370238072,0.4,0.5,0.3,39,10.58177831614925,50.52880601527957
10,22,0.5120091199953395,0.558045491094612,0.552438910509589,0.5352574833010142,0.5124086938418538,0.15047427301131877,0.30148897369232563,0.9770656972973087,0.4,0.5,0.3,41,10.179256331779298,42.944407093942765
10,23,0.5119012500688185,0.5576343850185064,0.5523279133333194,0.5356048877518295,0.5046926323152903,0.15081039984861436,0.30135675778997667,0.9767241597677581,0.4,0.5,0.3,43,10.183026847912505,42.712478165446456
10,24,0.5336690232035957,0.5769858350082894,0.5707479906246713,0.5555068651152995,0.527412898395639,0.16627717726501964,0.3193543626827292,1.0,0.4,0.5,0.3,49,9.849439617322462,44.31349109010525
10,25,0.5274531860490047,0.5699656872871165,0.5637203987118469,0.5470993566305092,0.5214938430418405,0.15076002932770077,0.31963373083149305,1.0,0.4,0.5,0.3,51,10.16273637325991,53.16513920019513
10,26,0.5283299276355262,0.5697850521612313,0.5635299142700865,0.5474112850869896,0.524796980078011,0.15345617156259336,0.31961901166735807,1.0,0.4,0.5,0.3,52,10.009297863937682,53.262532792749546
10,27,0.5281797157148087,0.5688124786464518,0.5625497221694886,0.5458616638551255,0.5239897783893912,0.15345617156259336,0.31961901166735807,1.0,0.4,0.5,0.3,53,9.961664508802013,52.90801122506961
10,28,0.5273057014584466,0.5657263830740946,0.559443079017599,0.543765034569734,0.5283029918288775,0.1522579848264306,0.31963801758277677,1.0,0.4,0.5,0.3,54,9.941600343880571,49.822072031072864
10,29,0.5274725323699925,0.563087782864641,0.5570815847061055,0.5422896768705034,0.5263040886514256,0.15327408537076104,0.3201918487785778,1.0,0.4,0.5,0.3,56,9.74035653738175,49.43704468640571
10,30,0.5278238575852265,0.5630689184576971,0.557059281472326,0.5428138396655032,0.5230758106349469,0.1534551815967291,0.320880823550798,1.0,0.4,0.5,0.3,57,9.68613729877547,49.24269861113317
10,31,0.5308671144636437,0.5615631766618336,0.5555115505144899,0.5432792799688926,0.5410744532178837,0.16350310328342624,0.32052482855658604,1.0,0.4,0.5,0.3,58,9.290557697527184,46.60575810031239
10,32,0.5343955854926669,0.5646434493955,0.5591935466438436,0.5494295679732514,0.5296042385498427,0.17277786791061245,0.3203793853297873,1.0,0.4,0.5,0.3,65,9.148040444904376,65.47842477855819
10,33,0.5355728608739466,0.5647745557586314,0.5590121332661127,0.5499385093194,0.532258125156386,0.17614214158729372,0.32037207614373703,1.0,0.4,0.5,0.3,67,9.080639292302452,66.76600882709637
10,34,0.5354202465458153,0.5632003281988989,0.5577277313149758,0.5479175238997371,0.5333007735364776,0.17619498356277186,0.3205423294645076,1.0,0.4,0.5,0.3,69,9.026525720488534,61.69930483877811
10,35,0.5352189527391255,0.5629859785685196,0.5575132970996435,0.5494883101593394,0.5305960307850164,0.17668305901313114,0.3197539335786783,1.0,0.4,0.5,0.3,70,8.957951264433605,61.94393455245558
10,36,0.5343306310998791,0.5617687913792304,0.5562930797153751,0.5485607726182652,0.5308252832098561,0.173904511987957,0.3203120175789748,1.0,0.4,0.5,0.3,71,9.018424835255509,66.96690285845496
10,37,0.5335956312007527,0.5586943956872877,0.5528942780413828,0.5454768520588771,0.5369442982274367,0.17297411125035797,0.32034798151366395,1.0,0.4,0.5,0.3,72,8.911203709771844,66.04648673715306
10,38,0.5281011911293934,0.552623047612226,0.5483324159997807,0.5453733303902542,0.5242885350885802,0.1651206928933924,0.31598665343609844,1.0,0.4,0.5,0.3,86,8.895064872110842,41.53398916718025
10,39,0.5281241888482534,0.5509948999675006,0.5466891320619653,0.5440106167747693,0.5271159085598103,0.16556000727129438,0.31623175684286625,1.0,0.4,0.5,0.3,88,8.820093172534305,40.88927936461244
10,40,0.5281208938242781,0.5510617891175005,0.5470596919371161,0.5455729505575398,0.52437326608515,0.1655600072712944,0.31623175684286625,1.0,0.4,0.5,0.3,90,8.817996041376777,40.88482957148675
10,41,0.5279164640311471,0.5495293942649758,0.5455151327547456,0.5446235307085965,0.5288157677357483,0.165288602125799,0.3164794503953321,1.0,0.4,0.5,0.3,91,8.757066597478072,41.05633112779667
10,42,0.5302242405622326,0.5506152056655687,0.5471956617624725,0.5499117172668436,0.5273210332589835,0.1651266897530948,0.3216852270774563,1.0,0.4,0.5,0.3,102,8.838372078076606,41.824432482072005
10,43,0.5301822906651845,0.5504066275407994,0.5472885965463383,0.5512524094555269,0.527323252810308,0.1651266897530948,0.3216852270774563,1.0,0.4,0.5,0.3,104,8.815984523164614,41.74241698023438
10,44,0.5301595967499648,0.5495329716141091,0.5464071329578575,0.5513565746401337,0.529862467325739,0.16551096254693437,0.32161009940200597,1.0,0.4,0.5,0.3,105,8.847309905605625,41.804178682421885
10,45,0.5302720982036337,0.548677550095479,0.5458458463402946,0.5507267661628532,0.5308375716126064,0.1660980121391583,0.3217089457813658,1.0,0.4,0.5,0.3,106,8.76110983733833,41.552778806836606
10,46,0.5314606645695306,0.549053863223832,0.5459118244995975,0.550746240588379,0.5310170670705977,0.16929981931913946,0.3217580801084032,1.0,0.4,0.5,0.3,107,8.589403102381517,45.0680829196801
10,47,0.5317695136954859,0.5494030811320525,0.546564332165079,0.5520716082901875,0.5290823865317915,0.17013287186278658,0.3217253821495851,1.0,0.4,0.5,0.3,108,8.649108707518904,45.091962448910266
10,48,0.5316311131036698,0.5491939828707029,0.5463545994820195,0.5521859849297157,0.5290254563446214,0.1699154187996123,0.321645338527096,1.0,0.4,0.5,0.3,109,8.630429082310343,45.13414715269509
10,49,0.5261056235723407,0.5419809631918506,0.5403380789311332,0.5502579435355992,0.524048224887728,0.1773141502014516,0.30533212128903536,1.0,0.4,0.5,0.3,124,8.573396581177372,63.979356141059576
10,50,0.5283069001323781,0.5434080575159399,0.5429700005181242,0.5674021175997244,0.5260918725046834,0.16660808910702238,0.31866044411669237,1.0,0.4,0.5,0.3,156,8.710935095284343,39.65038410256446
10,51,0.5282545490197087,0.5433307784477777,0.5431954065567547,0.5680166303147632,0.5261312277159251,0.1665113328990083,0.3186696051981587,1.0,0.4,0.5,0.3,158,8.712344689876112,39.664397432678086
10,52,0.5298716771865921,0.5449022025624056,0.5456753323284746,0.5799370137371365,0.5276523105034095,0.16575687110216075,0.32260746119432687,1.0,0.4,0.5,0.3,181,8.759704854139683,40.01524567877305
10,53,0.5291507796792095,0.5440051822821367,0.5453826731940188,0.5831839692048759,0.5272393884589521,0.16562154261829062,0.32138665530458904,1.0,0.4,0.5,0.3,185,8.725916698534094,40.090843357865886
11,0,0.9614517036883364,0.8937974332848848,0.8929638027407736,0.8892001286602014,0.0,0.0,0.0,0.0,0.4,0.5,0.3,1,213.8377028396203,1315.7916634610342
11,1,0.9281795432568667,0.912864384005017,0.9118736185706389,0.9078169783014008,0.06796354309219609,0.09755802682151808,8.420924006418662e-05,0.0001072235341654,0.4,0.5,0.3,3,197.92046435239524,1229.1285350943042
11,2,0.5294392405412761,0.7700948659504617,0.7681700829471513,0.760500993945952,0.5084723082793635,0.12525097002510238,0.0026734560174357432,0.00830275653057882,0.4,0.5,0.3,4,109.4115862929295,542.5658354336056
11,3,0.38579588871996356,0.6853527130468112,0.6826685946482383,0.6720974384150673,0.20536558129335222,0.14287273296222858,0.004926302442963051,0.021096109957108332,0.4,0.5,0.3,6,72.6846867125563,8116.862898393702
11,4,0.34232720833915903,0.6505068215587949,0.6475529527025162,0.636802444724439,0.11496233505840864,0.14138343568295877,0.00500610495219577,0.02129790035469965,0.4,0.5,0.3,8,64.04197413922351,8086.800499723243
11,5,0.3532684098632279,0.6620985932307231,0.6594205827523902,0.648860020216171,0.09074773141144887,0.12065229195562074,0.02748232255920954,0.061717694669025124,0.4,0.5,0.3,9,61.4013897357344,8202.887949781107
11,6,0.25491303496789497,0.5630615978101904,0.559425019519575,0.5466245857328185,0.30573980639246806,0.13637781746620814,0.006237793360803299,0.02441237502562433,0.4,0.5,0.3,10,46.25253045795158,8027.2252158993215
11,7,0.24192061488161626,0.5470999555922663,0.5433335923227314,0.5306191980918213,0.11336922423755358,0.13562326539499933,0.006933213733886091,0.026170830429178782,0.4,0.5,0.3,11,43.33643062926421,8018.524075317855
11,8,0.1848096601904872,0.46666348769599847,0.4623032959073724,0.4470973295328343,0.27958146534552963,0.12331429669192732,0.00743229372807778,0.02581763889196253,0.4,0.5,0.3,12,32.772848922030576,7661.222900721043
11,9,0.17680799011340695,0.4525533050051174,0.44838552962960027,0.43341473779809486,0.08065994009692848,0.12331429669192732,0.00743229372807778,0.02581763889196253,0.4,0.5,0.3,14,31.239265827102816,7616.374200040533
11,10,0.15106852499693732,0.38326397494489567,0.3784288526256154,0.3620212082094131,0.3240329071464873,0.11350269523414169,0.024467427633399895,0.06295773083812121,0.4,0.5,0.3,15,23.63591195488065,185.705573352373
11,11,0.1433530364764069,0.36293828719083115,0.3582467194988279,0.3419801358247097,0.10471983804356663,0.11350269523414167,0.024467427633399895,0.06295773083812121,0.4,0.5,0.3,17,21.89836719038217,177.5977978053815
11,12,0.14289376259209918,0.3617021853159533,0.35669815491066537,0.34054573543823907,0.07969665883846973,0.11295338947351907,0.024585130601725493,0.06337115497259445,0.4,0.5,0.3,18,21.79204267437799,177.23205827119585
11,13,0.1419046092869577,0.3590470601726582,0.3543247864145984,0.33887969999476897,0.08462956000433244,0.11348346895571174,0.024486519303675798,0.063048052466564,0.4,0.5,0.3,19,21.61474370372702,173.943408861581
11,14,0.1626472222771789,0.379170599254532,0.3741378584790276,0.3567299784192746,0.10004121842742944,0.1471113322957412,0.024029265323278697,0.08916650285175662,0.4,0.5,0.3,20,18.81570087827576,56273.24132826828
11,15,0.13168351584568794,0.33019147435417573,0.3255449604793881,0.30814034138144636,0.15796385435547955,0.14328677446503568,0.011229221489104753,0.04568739206034367,0.4,0.5,0.3,21,18.42686628768761,7978.27040858878
11,16,0.12545128110427808,0.3159410617418829,0.31120097376895156,0.29412244260402337,0.09146731641604647,0.13696105032961886,0.011459800576773118,0.04598569283333908,0.4,0.5,0.3,23,17.72938173958511,7861.588813308572
11,17,0.12473626668412847,0.3137805685658068,0.30932672092674157,0.29248275024083514,0.07753525954994002,0.13696105032961886,0.011459800576773118,0.045985692833339094,0.4,0.5,0.3,25,17.51177969999565,7879.4674813398115
11,18,0.12298971537398354,0.2993117679300364,0.2947129363594929,0.27824121614640357,0.13227699550990416,0.1423329409527469,0.012697929248231639,0.050108153125747665,0.4,0.5,0.3,26,16.956501585181087,7718.000071724407
11,19,0.11940928973210405,0.28672736647756164,0.28172695946784676,0.26436981888023336,0.11343137239458322,0.14289791847396144,0.01250289976201249,0.04952838369552543,0.4,0.5,0.3,27,15.725223281374342,7857.894731638076
11,20,0.11931057641226707,0.28637824203104517,0.28137517704536574,0.2640073914490889,0.07927472658204895,0.14289791847396144,0.01250289976201249,0.04952838369552543,0.4,0.5,0.3,28,15.690046891217987,7860.771853684727
11,21,0.11482184520535976,0.2699221885981343,0.2647896289956845,0.2476436098758444,0.12582189238593164,0.14277251398771848,0.012564322208974023,0.049698973959880224,0.4,0.5,0.3,29,14.695305111157232,7806.543063387166
11,22,0.11409082479234084,0.26901793164048393,0.2638835289174671,0.24705019757613045,0.07797249399932873,0.14245132788105258,0.012130018704025613,0.04862325108791052,0.4,0.5,0.3,31,14.80233974592205,7782.25916137366
11,23,0.11263223267471899,0.2628073020023644,0.2576223680584455,0.24100290237596889,0.09642979709136489,0.14145695342238732,0.012626041500492973,0.04989278145030608,0.4,0.5,0.3,32,14.296461545635132,7734.36610101771
11,24,0.1084001056478192,0.24777555444887353,0.24308307782757949,0.2278979038702452,0.11964528910964072,0.14425258010732228,0.011287879829295808,0.046625118273999226,0.4,0.5,0.3,33,14.115531482708954,7884.908824499596
11,25,0.1028867877052971,0.22253706661279607,0.2176424650200376,0.20141046240722818,0.11492857928565717,0.14256414330627684,0.012168810954753681,0.049080206520054806,0.4,0.5,0.3,35,12.761712051887416,7835.239835201186
11,26,0.09932928039357423,0.20844485044318925,0.2034446710379201,0.18758465037296768,0.09659121315152,0.1416994759187576,0.011987781751978564,0.04841018192394595,0.4,0.5,0.3,37,12.080154508442808,7837.245166225958
11,27,0.09539805778355433,0.18605481454825454,0.18087287450141998,0.16538656921845377,0.11137453723023166,0.14111574635329513,0.01262047757780457,0.05068382376424313,0.4,0.5,0.3,39,11.556180405810933,7743.318965912416
11,28,0.09422846983815317,0.17956984878828444,0.17433639269871729,0.15944734227797627,0.0874796989456304,0.14110272882079558,0.012682196869323521,0.050877631254669,0.4,0.5,0.3,41,11.192545561192908,7676.263573028936
11,29,0.09418383395500225,0.1794215675845399,0.17448996867635028,0.16058746462311416,0.07838569643242464,0.1411027288207956,0.012682196869323521,0.050877631254669,0.4,0.5,0.3,43,11.180077232735748,7676.673697068069
11,30,0.08872325084535179,0.16289197848615128,0.15815690182680295,0.14337557402822854,0.11448896863263952,0.12506719800613236,0.01749365196033378,0.054426007052051015,0.4,0.5,0.3,44,11.086218785642922,7559.895546117673
11,31,0.09278671404791286,0.16346228011446703,0.15869383238260076,0.14467566861455713,0.09217003771900821,0.13744491132607467,0.015241441355661228,0.057742753670421,0.4,0.5,0.3,45,11.09223662305549,7696.358382030239
11,32,0.08719980341448988,0.15711372244894128,0.15233801156118987,0.13851327384678686,0.07716277936243078,0.12346588302158978,0.017512743630609683,0.05451632868049379,0.4,0.5,0.3,46,10.981133189280296,7553.077750385109
11,33,0.08756236037723149,0.15631328209573964,0.15152648593691992,0.1374383804667831,0.07917436186830404,0.1250491469537731,0.017535074356177488,0.05440212139851595,0.4,0.5,0.3,47,10.78012888214776,7543.412661046105
11,34,0.09528598051173834,0.1576678188348335,0.15282065149019108,0.14028299208066067,0.0915563032531958,0.15091792581733765,0.014911043733841424,0.054457050203853975,0.4,0.5,0.3,50,10.531958371604704,7788.570339038496
11,35,0.09594281483726234,0.15780388512087437,0.15295176681837216,0.14128619255412586,0.0867581574892785,0.15157713739136944,0.015332089160171234,0.05542594917416312,0.4,0.5,0.3,51,10.569440638108397,7766.106844033987
11,36,0.09470790545416129,0.1522865462295214,0.14739403417027538,0.13582925562143033,0.09195701373260491,0.1505218494714222,0.015358352362542006,0.05555019892140729,0.4,0.5,0.3,53,10.480089238292395,7760.625745872204
11,37,0.09336127456118216,0.14922817397730145,0.14431959993798837,0.1341559254265231,0.08650099731899435,0.1473306089500114,0.015420964154408355,0.05634489096747467,0.4,0.5,0.3,55,10.164021248970894,7705.790081087222
11,38,0.09461319888154146,0.14570705966567893,0.14075364479027438,0.13041890680539486,0.1021724019349823,0.15288982434605075,0.015394165275379065,0.056256604048970746,0.4,0.5,0.3,56,10.06826343258997,7768.648964066913
11,39,0.7164589391953325,0.7651961515544998,0.7605236482041959,0.751497335283015,0.7101448325412139,1.0,0.016088502258303237,1.0,0.4,0.5,0.3,60,10.089820469511135,7785.678644763104
11,40,0.09380051843968405,0.14280172947424638,0.13904050282254857,0.13275788943803826,0.08539093597642097,0.15195208077791628,0.015413558494038769,0.056331650639872125,0.4,0.5,0.3,66,9.942730509872828,7768.36962374071
11,41,0.08596323671618489,0.13405754953818713,0.12847020353726846,0.12247110960273255,0.07887644264199584,0.13644545640665867,0.014281326235036612,0.05300203328690363,0.4,0.5,0.3,67,10.090737048938054,7974.366410714109
11,42,0.0859235833664482,0.1338987207680826,0.12861316617208787,0.12404226442087113,0.07797777092650132,0.13644545640665867,0.014281326235036612,0.05300203328690363,0.4,0.5,0.3,69,10.0893380552603,7972.903235712391
11,43,0.1166165364870625,0.163835609762045,0.15854301900417625,0.1548581796777928,0.11104733952538957,0.13697759932253717,0.014722736705754304,0.15434372203504812,0.4,0.5,0.3,70,10.009915575048042,8000.375872010099
11,44,0.08423037102645824,0.12691472341712565,0.12157991267761853,0.11742929751547908,0.09242465397039935,0.13594050811187333,0.014025202072524409,0.051756169459364086,0.4,0.5,0.3,71,9.771623763994226,8393.670405455689
11,45,0.0840423515878678,0.1252460141134167,0.11989741608145937,0.11693868905887302,0.07952537362492071,0.13585616597192002,0.014106267554438853,0.052013331975377865,0.4,0.5,0.3,73,9.72986840884249,8413.57081102354
11,46,0.08405143087433607,0.12521743411472375,0.11986849694642714,0.11690842280701981,0.07714414973280931,0.13583088300760676,0.014125859661634304,0.052067667313063504,0.4,0.5,0.3,74,9.730539698253246,8413.502190742298
11,47,0.08362312568909566,0.12356902368388634,0.11851179516347604,0.11698706199605571,0.07905799565099506,0.13588979825890857,0.013992900639834077,0.05157902464607864,0.4,0.5,0.3,76,9.60786223725186,8400.966955511654
11,48,0.5185649842186448,0.5534142208300931,0.5486127190902221,0.5506101155159648,0.514167347753947,0.5152660916222408,0.013182730694361966,1.0,0.4,0.5,0.3,88,9.456164325397502,8394.536050844592
11,49,0.5188498978796702,0.5518406146992361,0.5470219372260572,0.5489537782656247,0.5196078053525961,0.5167464593081237,0.01322213578353122,1.0,0.4,0.5,0.3,89,9.312905286064142,8393.46386806379
11,50,0.4747645129947242,0.5059521531937541,0.5008139264594387,0.502715134770824,0.47531543370765933,0.40719332196384295,0.013290576256912085,1.0,0.4,0.5,0.3,90,9.11397773691894,8396.039959139083
11,51,0.4747645129960139,0.5060421590933595,0.5012077086915144,0.5046517110755113,0.46952265775692625,0.4071933219638429,0.013290576256912085,1.0,0.4,0.5,0.3,92,9.113977735202957,8396.039959389003
11,52,0.5181750410432469,0.5486115411538965,0.5434663991489109,0.5397383851692916,0.5156029953044867,0.5160535739536874,0.013283648924079624,1.0,0.4,0.5,0.3,93,9.295535494827636,8381.38496303129
11,53,0.4042000502618377,0.43427560141136456,0.429733045421945,0.43342319815521696,0.3997959097642636,0.23109435662391511,0.013489046694157533,1.0,0.4,0.5,0.3,96,9.032021603401398,8389.097811425161
11,54,0.4054086145828495,0.43287735317913356,0.42831082798005815,0.4334979369158076,0.40376921615531347,0.23505963948356393,0.013626310107788408,1.0,0.4,0.5,0.3,99,8.956894884777247,8400.446494575306
11,55,0.40580339748140193,0.43284281845335837,0.42796938434308973,0.433780832024645,0.40185630621101676,0.23608274804603174,0.013711766802975034,1.0,0.4,0.5,0.3,101,8.932897653903236,8399.61714680054
11,56,0.40564946012961345,0.43258374006350375,0.42801230272772517,0.43476893990911963,0.40138747006506503,0.23579550910601363,0.013699923206685284,1.0,0.4,0.5,0.3,104,8.951010140646389,8395.176926016784
11,57,0.40564000133830536,0.4326085268444497,0.4283403185192908,0.4360525550492989,0.4013562388420336,0.23579550910601363,0.013699923206685284,1.0,0.4,0.5,0.3,105,8.940712136604049,8396.172364972761
11,58,0.504207632566038,0.5310400797821967,0.5270736633574498,0.5357408828834169,0.5000281373961875,0.48249350812888575,0.013553402724852533,1.0,0.4,0.5,0.3,108,8.953078619630341,8379.564514530446
11,59,0.4057366537075319,0.4285985604289701,0.42429268983865187,0.43400463213919155,0.40848385872468285,0.23239558940135394,0.01799117981615958,1.0,0.4,0.5,0.3,110,8.837604425456151,8383.276687741436
11,60,0.40620319118353254,0.4287908998792759,0.4244825407839386,0.43513814561587605,0.4026966244476726,0.23342527452636702,0.01819164472372289,1.0,0.4,0.5,0.3,114,8.839580099427002,8383.627266879808
11,61,0.3675691715736276,0.3901058211024713,0.3861000092204596,0.39762760915541906,0.3640915120647538,0.1377052995552639,0.01754618783267233,1.0,0.4,0.5,0.3,116,8.847681787947263,8393.854721817004
11,62,0.40594830914159324,0.4270311406271143,0.42240610556920405,0.43512084909263715,0.4067220064915774,0.2332112450303403,0.01832035506679953,1.0,0.4,0.5,0.3,117,8.768190775638532,8389.041464717431
11,63,0.40542755648597595,0.4246624717656461,0.42002055967782276,0.4329915738386028,0.40842575832892736,0.2343283770886257,0.016990609258848516,1.0,0.4,0.5,0.3,118,8.743492856079188,8385.93671601187
11,64,0.4057392786327953,0.42504868787344463,0.42071033769861066,0.4348909813412952,0.40255122485214023,0.23330683382433737,0.01843630180506195,1.0,0.4,0.5,0.3,123,8.764212465314301,8387.400541144263
11,65,0.40439479673068146,0.42294108276548104,0.41859580444440747,0.43403290351017,0.4021730910181709,0.2332067876476723,0.016075756570539224,1.0,0.4,0.5,0.3,126,8.795491298505079,8374.616989854767
11,66,0.40591365411079816,0.4242651547738753,0.42022112133240214,0.4355753002220934,0.40384003128902096,0.23442402262820816,0.018232136385551635,1.0,0.4,0.5,0.3,127,8.780760056950406,8369.548252877323
11,67,0.4043028832034175,0.42272569430234563,0.4192882058753797,0.4370483518981049,0.40134444146632414,0.23276678720370478,0.016371594397995543,1.0,0.4,0.5,0.3,134,8.703902738142185,8393.428372385466
11,68,0.4049507302674645,0.4231778157440087,0.4203445065239712,0.44085678062055156,0.4021585310265581,0.23431368256263768,0.016551460097590114,1.0,0.4,0.5,0.3,142,8.62338760882134,8390.12066620978
11,69,0.40564168958696106,0.42304330897197456,0.42020246323616584,0.4410180468463639,0.40558795277124216,0.23653661594760478,0.0164214716170259,1.0,0.4,0.5,0.3,143,8.599672900395216,8390.570779517697
11,70,0.4059155867495532,0.42312694425012837,0.42058729683359675,0.44212148560473363,0.40345706572895434,0.23805611187467507,0.015843918476879253,1.0,0.4,0.5,0.3,146,8.64218837324986,8387.464240456993
11,71,0.40391576087329595,0.4200775950313561,0.4178313369615625,0.4419448224905541,0.4018718237801069,0.23277994696614682,0.01643076663894719,1.0,0.4,0.5,0.3,153,8.621746461311705,8392.261933924367
11,72,0.40354000242250215,0.4195584981730369,0.4173109490332998,0.44357435468780504,0.40109471572564326,0.23184593552620938,0.01647238200014458,1.0,0.4,0.5,0.3,157,8.658547699958284,8384.376150836626
11,73,0.4035751844597301,0.4192714097436705,0.4167179875026278,0.4440415840924502,0.40182188252467516,0.23231676703593096,0.01624018078829671,1.0,0.4,0.5,0.3,158,8.63539599296741,8387.026169467135
11,74,0.4037066075011073,0.4192020933425894,0.41694975858924394,0.44454432105021946,0.40220100015747606,0.23258595259613962,0.016380880400252176,1.0,0.4,0.5,0.3,159,8.681553544975484,8384.123676757483
11,75,0.4037251328889549,0.4181890261430733,0.4159273317660468,0.4434858758216888,0.4048489289070484,0.23321092405498178,0.016245550542416113,1.0,0.4,0.5,0.3,160,8.59330310014073,8384.19720722944
11,76,0.40346941326954233,0.41746813389175913,0.4152022403451715,0.44341911030973863,0.40200126944441633,0.2324752607168783,0.0164699064067186,1.0,0.4,0.5,0.3,162,8.570616692288569,8389.514075723375
11,77,0.40356188425783157,0.4171910001645126,0.4146187576031128,0.4430580169801991,0.4022951871112298,0.23280885603420062,0.01647639507208345,1.0,0.4,0.5,0.3,163,8.5618314593403,8385.193743932903
11,78,0.40369126733382166,0.41741893879360925,0.415453585908356,0.4447667456015849,0.40177578538780556,0.23319981380170735,0.016448108162921152,1.0,0.4,0.5,0.3,164,8.54488770038885,8388.062414512027
11,79,0.40352264025141604,0.4169785300611926,0.4144047146221271,0.4441768628994959,0.4015030803667699,0.2329259214358776,0.016358961651327712,1.0,0.4,0.5,0.3,166,8.522355762816645,8385.374734361527
12,0,0.91969743842568,0.882425574613836,0.8815027531873026,0.8773978663621953,0.0,0.0,0.0,0.0,0.4,0.5,0.3,1,251.36735570128133,1350.004899816205
12,1,0.8868453288259757,0.8989522793893818,0.8978720125033268,0.8934732592733744,0.06550218699387503,0.0912894740551056,8.318742445918314e-05,0.00010733000067162999,0.4,0.5,0.3,3,233.136648122186,1262.479100025832
12,2,0.853481068074147,0.8955329773621481,0.8943484065368141,0.8901460662996242,0.08479939516425945,0.11125017636625172,0.0012962855328011904,0.00436571767303639,0.4,0.5,0.3,4,218.88828891452687,1659.574264832211
12,3,0.7451593056319198,0.8597613486000297,0.8586138472154968,0.8528558069736268,0.14806771424196682,0.10509034239239068,0.0028582441237396034,0.00368776104940212,0.4,0.5,0.3,5,186.49289551314948,726.7700566899497
12,4,0.8780881555843827,1.1818602718962468,1.1789702636728032,1.168264536481171,1.0913251030707614,0.23133073314851504,0.31508387625993395,1.0,0.4,0.5,0.3,6,79.956221862162,189.8859854651156
12,5,0.41527895108548224,0.7262195707982838,0.7227746373059137,0.7105357694166318,0.25775678892300063,0.15644922042962653,0.07395568019751401,0.21858310996597718,0.4,0.5,0.3,8,64.85016998051583,297.2146082920288
12,6,0.4837279574884041,0.7917243593825698,0.7877854191289468,0.7739597471741402,0.3842708857340358,0.15707446027253752,0.16640028044440658,0.49181199742344867,0.4,0.5,0.3,10,48.62345275583024,216.8259806655317
12,7,0.3250128568951898,0.6191179385563667,0.6153287734880767,0.6000365831099609,0.2632455845232893,0.1397502305215428,0.08889149763836594,0.26257954162668046,0.4,0.5,0.3,12,41.48508561991871,200.46503153029005
12,8,0.39641329535079445,0.7334697020054409,0.7294424018720451,0.7150674454633174,0.36706546063353407,0.12841758387143504,0.1688276946774939,0.4980299618574002,0.4,0.5,0.3,14,34.00704358828027,65.81769236000099
12,9,0.33079037663353705,0.5088659564943094,0.5033788802896085,0.48324292920032075,0.5151304839560913,0.12841758387143506,0.1688276946774939,0.4980299618574002,0.4,0.5,0.3,16,18.342866783579623,78.7792638515484
12,10,0.32627974241172353,0.4993314920757431,0.4937790602370543,0.4740363594062278,0.3002009402058505,0.12519439730781853,0.16890695441084994,0.49817626293611533,0.4,0.5,0.3,18,18.123242839479826,60.971516524061485
12,11,0.319940910610117,0.47660979510948603,0.4708816492405023,0.45111765193307024,0.31499671762492065,0.1242088633764171,0.1689567604994857,0.4982923401398313,0.4,0.5,0.3,20,17.147355775157873,57.309582172353416
12,12,0.31671276450391284,0.4615836654846545,0.4557359648326589,0.4350832528331812,0.3220402325063912,0.12461445852115131,0.1689537730119436,0.49840908096073927,0.4,0.5,0.3,21,16.032112608546147,59.15522516515541
12,13,0.3028429341303219,0.41779689753507754,0.4116433307725226,0.3907108317216217,0.3904655249685116,0.12681188177318553,0.16431439739316175,0.48719515464444524,0.4,0.5,0.3,22,13.537874648280487,52.49333682562345
12,14,0.3023160864347083,0.4159214547075929,0.40975368447601324,0.38900103251051266,0.2810080736276652,0.12641042934280236,0.1643612159942553,0.487427972669069,0.4,0.5,0.3,25,13.586360254168897,48.10510530595171
12,15,0.2986691653467636,0.39879742206809465,0.39279931287522785,0.3725461285179297,0.3272469526923082,0.12567543642435378,0.1645519851945508,0.48765531791001326,0.4,0.5,0.3,26,13.101618081855866,45.74883181395397
12,16,0.29713156997017487,0.39099345351109316,0.3849341001518619,0.3644267657648729,0.30100970860011667,0.12567543642435378,0.1645519851945508,0.48765531791001343,0.4,0.5,0.3,27,12.701179056244678,47.37289045517333
12,17,0.29515458061096295,0.382078338318508,0.3759513184380119,0.355926400480713,0.3035123622299996,0.12472574909452502,0.1646124925713205,0.48782850345494355,0.4,0.5,0.3,28,12.315404185653655,47.74950279267333
12,18,0.2927633823211625,0.3740915831680484,0.3679106000758635,0.3484094755518885,0.2872958283518496,0.12496168695261485,0.16368075273408106,0.48538760294135636,0.4,0.5,0.3,30,11.980330461251976,45.12026902480915
12,19,0.28632184961019114,0.361466156230945,0.3552257160750939,0.3360035025841148,0.2832981208008444,0.12474710958352149,0.15963643735807567,0.4755668716897805,0.4,0.5,0.3,32,11.546073296934946,40.323114040775
12,20,0.2860307830834601,0.35812327220938156,0.3518536732205917,0.33327306351518693,0.2781232486510259,0.12699695631799193,0.1592161819383863,0.47452116834527247,0.4,0.5,0.3,34,11.26825345631942,35.5561220314191
12,21,0.28570869665434817,0.35715293404788984,0.3508771568949226,0.33303450440782845,0.27372121461199117,0.12593532980904706,0.1594078955449063,0.4750122540325018,0.4,0.5,0.3,36,11.261783310402734,35.812291925941096
12,22,0.07606520125019942,0.14201390311755735,0.1378063221811461,0.13146503821792904,0.06492841684535403,0.10475477979981966,0.012188835911959154,0.054139761387268295,0.4,0.5,0.3,67,11.896039272117571,262.8945358481354
12,23,0.07682562831862183,0.1421364089833982,0.13792275387834113,0.13125081282071832,0.06624824417652686,0.10451641615084784,0.012215313899641691,0.05739335776872491,0.4,0.5,0.3,69,11.592961253980064,252.1901377299917
12,24,0.07524323645528061,0.13849112533225902,0.13425795845755714,0.12806523128300945,0.07114434536416746,0.10390738733803917,0.012233705300555285,0.05432092422907294,0.4,0.5,0.3,70,11.787525937935344,299.3725274332195
12,25,0.09916647766908547,0.16220627135409976,0.15887993087508046,0.1552465496049005,0.08842162882579842,0.10490412333265345,0.042124821713650416,0.08325053207960584,0.4,0.5,0.3,74,12.035906880469083,719.1541051397743
12,26,0.09866250705675898,0.15782419478652948,0.1544612551085741,0.1503697206138936,0.09498755042332842,0.10574068463263464,0.042080127291440624,0.08314716174781647,0.4,0.5,0.3,76,11.83741361613059,718.3054315332624
12,27,0.09799275055867698,0.154479010779232,0.1510908709662399,0.14690320285787176,0.09122745240529681,0.10516276017647178,0.04227307095363952,0.083141945802249,0.4,0.5,0.3,79,11.560817857957163,719.6551524683781
12,28,0.09769094096213084,0.1517719341785346,0.14866416540484076,0.14620255250236086,0.09263542460302288,0.10582733897067112,0.04226012062896109,0.08290661709592852,0.4,0.5,0.3,81,11.492825541804534,724.740586589218
12,29,0.09711957624297485,0.1493747675066607,0.14624984180815864,0.14498769221796837,0.09125890942847906,0.10550392717351305,0.0421824682868995,0.08274543598448389,0.4,0.5,0.3,83,11.41336496672877,724.3424835578262
12,30,0.09711957498861323,0.14946477340626615,0.14664371475256624,0.14593411422147531,0.08811645444359592,0.10550392717351309,0.0421824682868995,0.0827454359844839,0.4,0.5,0.3,85,11.413364304349448,724.3424286294959
12,31,0.09744598088599511,0.14817132382801243,0.14472915010365686,0.14414845748370067,0.09119588128417608,0.1063856831068444,0.042021879829272225,0.08385034822655453,0.4,0.5,0.3,87,11.152197630240911,573.3759697986205
12,32,0.09576231074385626,0.14495856683271013,0.14180501655310226,0.14072672566441585,0.09290241587132476,0.10313257344455165,0.042316169979980285,0.08311599727463737,0.4,0.5,0.3,88,11.129632025429068,708.7813444220346
12,33,0.09502117863033965,0.14266872432454766,0.1398037225567281,0.13957961718257278,0.08878761322711323,0.10316588674897076,0.04203573563205262,0.08210314997921223,0.4,0.5,0.3,91,10.925199244638463,743.7496486164522
12,34,0.09633550003989491,0.14308298464491592,0.13990658866747746,0.14039037471173244,0.09115891629682307,0.10727844324087692,0.0408316933696269,0.0835161699043724,0.4,0.5,0.3,92,11.075943841551798,583.6106686185819
12,35,0.09360521517982004,0.13738191141837833,0.1335720360895813,0.13570676289434974,0.089352283952233,0.0988704438340796,0.04312982807460212,0.08352934344874882,0.4,0.5,0.3,95,10.447526906217774,858.1241893350444
12,36,0.09998175363551476,0.13950497061957393,0.13717031343286462,0.1400728512166269,0.09741845735973573,0.10278386237398321,0.04825407747426056,0.09389247464992638,0.4,0.5,0.3,99,10.169277564067697,793.6844438081567
12,37,0.09748673037905162,0.13344777465334176,0.1304742635427126,0.1347348444513819,0.09381517609803676,0.10177722790693582,0.04450251583418676,0.09518628340837128,0.4,0.5,0.3,104,10.0447721658703,809.1653553384095
12,38,0.09770344623306282,0.13327551514126806,0.1302984480316632,0.13519841281275752,0.09246316313878968,0.10267712431647509,0.044464764946406145,0.09500131555641071,0.4,0.5,0.3,106,9.972770596477934,816.8996738337611
12,39,0.09812731580218674,0.13126212041623725,0.12795952422038753,0.13284402780190196,0.100595620067395,0.09996456717513727,0.04951415714018366,0.09299151641595713,0.4,0.5,0.3,107,9.837178271243095,807.1508447026765
12,40,0.08970271433587798,0.11899377710750325,0.11656466972512364,0.1261073502354569,0.08724508130644634,0.0960309774125529,0.034187347367942884,0.09807060876312743,0.4,0.5,0.3,113,9.27294828646023,765.7522694130863
12,41,0.09573732170829738,0.12028834237046605,0.11781573399612867,0.1271922326779151,0.10773436114390574,0.10193840210643941,0.04181550441479227,0.10026679756975879,0.4,0.5,0.3,114,9.43137755788727,762.1336531854422
12,42,0.09566235744612563,0.12019998196933425,0.11772728056220756,0.12743542136984598,0.09173576844464153,0.10187781956783692,0.04176865145355836,0.10018327974207039,0.4,0.5,0.3,115,9.417829357252396,760.5087308468208
12,43,0.09558346448591148,0.11928149571753996,0.11710404337235132,0.12541492646469435,0.09280833811269304,0.10244209101402195,0.04172771607892489,0.09975238831548724,0.4,0.5,0.3,118,9.507197685823742,768.022959445038
12,44,0.08760565536073167,0.10857137149217089,0.10939856524188463,0.1267683925455816,0.08491679251017903,0.09948764842639071,0.035472167709810785,0.08951845855687002,0.4,0.5,0.3,141,8.767168258804192,759.021361497792
12,45,0.08854645511305229,0.10515124665902008,0.10533279612545046,0.1222967486158105,0.09299985584832596,0.09867262864687948,0.03813127292550226,0.09155875934561616,0.4,0.5,0.3,143,8.811377270870116,758.5235068698748
12,46,0.08912512166040062,0.10559744745432256,0.10577779385378656,0.12308847531669125,0.08704551543480075,0.10088730882407534,0.037803132731363674,0.09115223169496381,0.4,0.5,0.3,144,8.767119761111463,762.4159106145179
12,47,0.08904988308168847,0.10548217147521957,0.10657108339540172,0.1283720653531759,0.08674901328305025,0.10082195592128902,0.03779619366492344,0.09116494248336088,0.4,0.5,0.3,150,8.758658919541737,761.3536101815158
12,48,0.08895626579779257,0.10480587976577083,0.10588948218117536,0.12838543511276776,0.08852240918817098,0.10102445190332583,0.0377062988865584,0.09104178621504504,0.4,0.5,0.3,151,8.675621397549227,763.162761605932
12,49,0.08753602781883943,0.10176964313943404,0.1034444588597232,0.13147924801332417,0.08577235413451337,0.10123999787866889,0.03517388821991099,0.09118780788244452,0.4,0.5,0.3,169,8.829100263080559,758.6946158514833
12,50,0.08820319343222417,0.10221351255853298,0.10358332916776758,0.13271842260917668,0.08634957952454529,0.1010472543396002,0.03630527984144702,0.09185292482104136,0.4,0.5,0.3,171,8.73500913483735,758.7533647515792
12,51,0.08842799210157481,0.10242600206140605,0.10409870471926633,0.13390315842915776,0.08648193967419504,0.10088037990559466,0.03694877682828508,0.09180586254051457,0.4,0.5,0.3,174,8.841173889913035,758.3109226939422
12,52,0.08840418357392393,0.10241586489675854,0.10439160024558733,0.13528936409460837,0.08661121582008394,0.10133747030084914,0.03632260076713146,0.09220067812880516,0.4,0.5,0.3,175,8.794110682881543,752.8677630850276
12,53,0.088319339230433,0.1018662172624503,0.10414076661551698,0.13575859753523822,0.08728382496810269,0.10108955918753096,0.03597761889870499,0.09311370864553845,0.4,0.5,0.3,177,8.747652464133063,759.0663603656691
12,54,0.08797585050566786,0.0992096600240177,0.10146323465823552,0.13294061637116877,0.0902285429580717,0.10135136725408697,0.03588487844689099,0.0929758224587267,0.4,0.5,0.3,179,8.702266532965547,757.7816473422212
12,55,0.08777203916993068,0.0986336225695468,0.10148969592502302,0.13502155742623043,0.08648714119355758,0.1009996114562582,0.03593269455473468,0.09297060010665013,0.4,0.5,0.3,187,8.701825536757074,757.3289299403749
13,0,0.9344640512010458,0.8865030879758447,0.8856122485958754,0.8816296736518676,0.0,0.0,0.0,0.0,0.4,0.5,0.3,1,237.26197763590508,1348.4670617473562
13,1,0.9273859788642432,0.9128345645565882,0.9118424132132409,0.9083765535073908,0.05798427641321825,0.09791817050707705,8.382638192859766e-05,0.00010663011095751,0.4,0.5,0.3,3,226.76430128041693,1371.2902907022026
13,2,0.8686444126932518,0.9114545325843615,0.9102670195670258,0.9060527989429972,0.13421323304887744,0.1536140419295709,0.0010774119230756644,0.00255771467798437,0.4,0.5,0.3,4,205.620396255518,1122.8382657203229
13,3,0.8392819931266653,1.1492681688518982,1.1459211517449608,1.1334581914486523,1.3693200073470815,0.2831380232273469,0.32488420412981894,1.0,0.4,0.5,0.3,5,72.23787107470261,225.20814014378303
13,4,0.6818257711817669,0.9849211358752792,0.9807538026135676,0.9662572406073138,0.6679253132633747,0.16069015094202477,0.3031853799107711,1.0,0.4,0.5,0.3,7,56.69840836017495,242.0062217725157
13,5,0.6370058739991169,0.8787853748936783,0.8737818830132589,0.8547903142178923,0.7626737426679018,0.2260689461322769,0.32888934083267,1.0,0.4,0.5,0.3,9,29.544000596080995,100.09155923429304
13,6,0.6135037566231691,0.8224313830732402,0.8170013119863699,0.7969178538396062,0.6311792447303748,0.22097184277491788,0.32896823573825384,1.0,0.4,0.5,0.3,11,24.29606030458104,87.30201014424145
13,7,0.5963030080289546,0.7716966659196686,0.765877046994412,0.7446431530258069,0.6230757566680079,0.21809004899029003,0.3290663287162662,1.0,0.4,0.5,0.3,13,20.80172523259755,87.78315265025995
13,8,0.5245166415620697,0.6770308592739274,0.6712610448718501,0.6493408670886736,0.5381142055307182,0.2154991170247793,0.2622383731772647,0.9068681618571709,0.4,0.5,0.3,15,16.77803426039951,41.10120821931526
13,9,0.5775542275275309,0.703363288748019,0.6970158186782487,0.6745777337085817,0.6483294881585822,0.21654847562485524,0.32816458088847317,1.0,0.4,0.5,0.3,16,15.76093123239472,68.54852876210582
13,10,0.5069615421845004,0.6072378887342732,0.6009384440373319,0.5773593828906958,0.5799714519864807,0.2092689456148523,0.2624309366751972,0.9071535567518388,0.4,0.5,0.3,17,13.376630361288898,41.754858951296434
13,11,0.5005477676370234,0.5776235258629705,0.5710986598201451,0.5472714287857551,0.5274800923845309,0.20683106036227733,0.2624899658355371,0.9073188069515001,0.4,0.5,0.3,19,11.980132184349216,38.934207579069934
13,12,0.5006902669370852,0.5776989292610424,0.5711733978211078,0.5477287296941684,0.4865839587147617,0.20750836306738404,0.26239549555084907,0.9071014054296948,0.4,0.5,0.3,20,11.965032200206254,38.69720310398263
13,13,0.5029363393790253,0.5653100344743514,0.5586450910048602,0.5347617326400771,0.5429002539835415,0.20626389450878543,0.2664363226859065,0.9199486873341032,0.4,0.5,0.3,21,11.422941477135469,43.43762904899381
13,14,0.5020884618222714,0.5625149252909483,0.5561345432814409,0.533088895418032,0.4947403120359701,0.2043736718622055,0.26670251209191204,0.9205612607178416,0.4,0.5,0.3,23,11.407060925371985,44.41177080495332
13,15,0.5016457526795348,0.5572474251068225,0.5505185949920685,0.5274438228290513,0.5082013569182989,0.20622471889351549,0.26649292338447067,0.9201405188926763,0.4,0.5,0.3,24,10.962647018225775,46.21002408969216
13,16,0.48395720083140115,0.5382865967470063,0.5318487639247846,0.5085838966932842,0.4790242034927747,0.20912650090530263,0.2543260880470255,0.8784772859769315,0.4,0.5,0.3,25,10.57999290836164,37.937493202678354
13,17,0.48236179968718546,0.5317418668946581,0.5252576806976903,0.5024900757379795,0.4822352942153031,0.20742824720803205,0.25434772534489797,0.8785873760796697,0.4,0.5,0.3,27,10.38555266086275,34.929511971031395
13,18,0.4968534350622857,0.5447514097207068,0.5382533679399293,0.5166500285850906,0.4901909975267935,0.21199389671150826,0.2627352552076616,0.9077680888853132,0.4,0.5,0.3,30,10.098811387827578,43.47752049355304
13,19,0.481700589859484,0.5278878359333812,0.5216767254402697,0.4997863544547698,0.4798547481553854,0.20711816009163214,0.254404325949646,0.8787792074223468,0.4,0.5,0.3,31,10.077887793437927,37.52996293223001
13,20,0.4958647562101537,0.5412244751671355,0.5347027513152758,0.5139897862898987,0.4905102962829242,0.21062366787822978,0.26275415002598274,0.9078642253115181,0.4,0.5,0.3,32,10.010172401370935,40.91961721747442
13,21,0.8498412876616783,0.8910452741274781,0.8844848565217138,0.8662080344761676,0.8447747126370904,1.0,0.2854727308839582,1.0,0.4,0.5,0.3,39,9.58960513719556,28.57854687479868
13,22,0.854467113394134,0.8950279485111543,0.8887645072265034,0.870411217666208,0.8499216750043979,1.0,0.29498505605077907,1.0,0.4,0.5,0.3,40,9.633314442342437,34.96363583205812
13,23,0.8493339508966973,0.8878187735779499,0.8815360707538982,0.8633248365954995,0.8498061207944247,1.0,0.2854727308839582,1.0,0.4,0.5,0.3,41,9.434985976833202,28.749412048923265
13,24,0.8575512429128469,0.8947277780363165,0.8881300294559751,0.8706039978352025,0.8532449084117253,1.0,0.30234601818964213,1.0,0.4,0.5,0.3,43,9.805728701910269,32.8241692558809
13,25,0.8573488874919917,0.8932745216289548,0.8866652252350957,0.869879735292374,0.8533192840641994,1.0,0.30238878072195136,1.0,0.4,0.5,0.3,45,9.536864297316647,32.381248167824495
13,26,0.8566765286859706,0.8880620518249895,0.881107918333019,0.8645995042454442,0.8663931104873479,1.0,0.3026126641110904,1.0,0.4,0.5,0.3,46,9.265439642129111,29.45565760407457
13,27,0.8566842087599285,0.8880314453268072,0.8813798901301528,0.86555229977195,0.8514812064843496,1.0,0.3026727481278659,1.0,0.4,0.5,0.3,49,9.25966787305297,29.47531027772605
13,28,0.8536934260949927,0.8834387236199479,0.8770753052928315,0.8621328551918563,0.8543776795108387,1.0,0.29727933061334477,1.0,0.4,0.5,0.3,50,9.120557041915609,29.038990595788235
13,29,0.852327970570514,0.8778921060164357,0.8717933089295937,0.8582462142954705,0.8552002867752402,1.0,0.2960048249308576,1.0,0.4,0.5,0.3,52,8.889939277285483,27.89841760992141
13,30,0.8562931594962122,0.881251978726761,0.8745416816474489,0.8615678615163314,0.8523255923238722,1.0,0.3040785262865885,1.0,0.4,0.5,0.3,57,9.158648170003833,30.15975163454302
13,31,0.8557315034277198,0.879908610252403,0.8744029885693894,0.8632790409019333,0.852630666299028,1.0,0.30333887008793103,1.0,0.4,0.5,0.3,61,9.15085745340115,30.87457629452206
13,32,0.855660514142482,0.8795027047403152,0.8742970365659188,0.8633394684679725,0.8523833201257509,1.0,0.30333887008793103,1.0,0.4,0.5,0.3,63,9.12002399891968,30.756304712765427
13,33,0.548327208318845,0.5722060853789019,0.5679095536909378,0.5636777275206594,0.544406504643669,0.227170759229064,0.30701359459394273,1.0,0.4,0.5,0.3,88,8.975317165000424,44.31307384230586
13,34,0.5488000864927918,0.5727082900111776,0.5693208937999366,0.5660426457289645,0.5456974352314453,0.22963573141360394,0.3060676486219002,1.0,0.4,0.5,0.3,89,9.016429127511778,46.19922912506704
13,35,0.5494719390215936,0.5730153416033879,0.5693217005673145,0.5719499702468622,0.5456519210874808,0.2282812630588992,0.30858645453121136,1.0,0.4,0.5,0.3,109,9.114485917542394,39.69575534287461
13,36,0.5490793649053447,0.5719466698504108,0.5682468193737213,0.5705306872202661,0.5475978273025671,0.2282964600276156,0.30801381462110633,1.0,0.4,0.5,0.3,110,9.201181565887376,39.41764028093408
13,37,0.5483581179941445,0.5708675700340492,0.5671644695054573,0.5707510320037275,0.5458659862090014,0.2265077574777922,0.308120889527319,1.0,0.4,0.5,0.3,111,9.228386124967956,40.4662648411484
13,38,0.548612499063532,0.5702786018963403,0.566567785729038,0.5694512060063239,0.5478896991674869,0.22758471205210604,0.30804675279086596,1.0,0.4,0.5,0.3,112,9.168560899720005,39.66776536157087
13,39,0.5472199342305287,0.5680388565368026,0.5643202461853578,0.5694665007068778,0.544514977670678,0.22436630413572792,0.30811508648530644,1.0,0.4,0.5,0.3,116,9.129484058837097,39.423793371964464
13,40,0.5470724083313627,0.5677177436627947,0.5639975579187781,0.5683902046951488,0.5442674758559477,0.22402506175141146,0.3081500022291049,1.0,0.4,0.5,0.3,117,9.087695729797192,39.19972862147027
13,41,0.5463261562160338,0.566400112278139,0.5626747253460187,0.567682818794617,0.5436711026342695,0.2220434767906883,0.3084298797535973,1.0,0.4,0.5,0.3,120,9.088500051895114,39.87109373169134
13,42,0.554693164132993,0.574793593009861,0.572280310275215,0.5854099703210704,0.5515006195020635,0.23167526473221742,0.31756766455107116,1.0,0.4,0.5,0.3,144,8.882054697144143,38.900881155484825
13,43,0.554064317779775,0.5735674285104088,0.5713515930871618,0.5848044835567132,0.553239198027788,0.23162069303228963,0.3165774647947582,1.0,0.4,0.5,0.3,145,8.88859335365433,38.92463335530477
13,44,0.5544276620967745,0.5737567844261104,0.5715394133345666,0.5863903222480775,0.5516199009445042,0.23221892255558205,0.3168820921774342,1.0,0.4,0.5,0.3,147,8.899042884728122,38.54988056268646
14,0,0.9043512879007126,0.8781205854039964,0.8771639823602614,0.8729299755120405,0.0,0.0,0.0,0.0,0.4,0.5,0.3,1,266.0299991795642,1351.245347321788
14,1,0.8753276985587257,0.8966955738320138,0.8955838556266124,0.8910647161997154,0.06684086373583499,0.09567956124888688,8.253067240509627e-05,0.00011338301732157,0.4,0.5,0.3,3,247.1497971789456,1280.5909223653562
14,2,0.8197730186831602,0.8790678510474403,0.8778192814345155,0.8733717434151029,0.0883674585806523,0.09102505745625791,0.0012955361607927777,0.0036229123043806702,0.4,0.5,0.3,4,233.4330195440492,1696.3129331458526
14,3,0.8222377356828177,1.1318498099187175,1.128533569169881,1.1161884231451085,1.3146372309232435,0.24818527335957694,0.3101904236294503,1.0,0.4,0.5,0.3,5,72.12058849868751,221.43314226191328
14,4,0.8164038044644963,1.1264578939954786,1.1230993108686027,1.110591135268854,0.5692962628980152,0.24818527335957694,0.3101904236294503,1.0,0.4,0.5,0.3,6,70.70415491260721,228.53805133315896
14,5,0.674292396279975,0.9805332039393773,0.9764618868083625,0.9623328777650908,0.7654155134513321,0.1336798875719569,0.2915709290113272,1.0,0.4,0.5,0.3,7,52.9196443826323,240.07270558822387
14,6,0.6726875408468552,0.9782595002177037,0.9741702665278249,0.9597908516618916,0.5051526028736086,0.1336798875719569,0.2915709290113272,1.0,0.4,0.5,0.3,8,52.528180868752926,240.7987588499232
14,7,0.6402626287303392,0.9337845841037546,0.9293478364915497,0.9145431782007956,0.6282308446445051,0.13309709998548364,0.29164996779446356,1.0,0.4,0.5,0.3,9,45.13941683627107,220.40618904730863
14,8,0.9514920090687089,1.2055807551183395,1.2004510254422605,1.1825324039185414,1.1092341795852891,1.0,0.3183069942258249,1.0,0.4,0.5,0.3,10,31.21353001013708,81.86921227274811
14,9,0.8985941258233356,1.111768366553385,1.106391228393616,1.0867226531827545,0.9360242775044234,1.0,0.27093320698501905,1.0,0.4,0.5,0.3,12,23.24781042623884,69.22341359344078
14,10,0.5829622624978887,0.7634209282374756,0.7579588311067309,0.7372121395999841,0.6088484756954713,0.20066277733191665,0.312595058968249,1.0,0.4,0.5,0.3,14,20.08034907369664,71.74212460743676
14,11,0.8832659787008379,1.0623799404231264,1.056601978767182,1.036569459532319,0.8397921095231689,1.0,0.274288439788515,1.0,0.4,0.5,0.3,15,19.61006062059864,52.415684582448506
14,12,0.5494491622211418,0.6876872350944812,0.6820743557865112,0.660027035126062,0.6812276901175942,0.20331887860523387,0.27468111620378505,1.0,0.4,0.5,0.3,16,15.992996992188717,47.58760846967368
14,13,0.5360698251252236,0.6350006729683854,0.6289910381885249,0.606295794959508,0.589322954392786,0.1899550492781356,0.2810730437786032,1.0,0.4,0.5,0.3,18,13.722755935416654,52.90206492069535
14,14,0.5337049302737272,0.6286663529803629,0.6226177364049061,0.6001795118989438,0.5222960016858575,0.18643793449385704,0.28114089447593693,1.0,0.4,0.5,0.3,20,13.177837118030416,58.19330333245588
14,15,0.5327036072816481,0.6258837877429786,0.619817607718133,0.5976268571203842,0.5179678281010003,0.1902524644636487,0.27700703152111333,1.0,0.4,0.5,0.3,22,12.872309915064212,46.14634544948811
14,16,0.53005289870109,0.6161082962198792,0.6099727896962441,0.5879437593299419,0.5391909368740584,0.1946469204641137,0.27161029421915567,1.0,0.4,0.5,0.3,23,12.492722693985309,34.092979147946345
14,17,0.525829591578379,0.5915271388540424,0.5851965985289764,0.5622344535136568,0.585286709805177,0.1957381768473721,0.2712675479800354,1.0,0.4,0.5,0.3,24,11.547983795157622,35.19556100986892
14,18,0.5259452416843637,0.5857400336212266,0.5793535220272836,0.557738007426431,0.5221793369558154,0.19548776612459068,0.2741530968475043,1.0,0.4,0.5,0.3,27,11.135570230466527,37.524702181872925
14,19,0.5282183670919862,0.5807480787426903,0.5742933860872674,0.5534514096576546,0.5239290580306367,0.1934691085599236,0.2831643929901959,1.0,0.4,0.5,0.3,32,10.496541530634326,41.06708400688989
14,20,0.5266588663096078,0.5735738688521519,0.5670666687971564,0.5467516222612306,0.5281314112398454,0.1922426503426124,0.2831805951516442,1.0,0.4,0.5,0.3,34,10.25212727382436,37.84355705985229
14,21,0.5265865259455739,0.5732078682994595,0.5670008116443146,0.547285777062815,0.5191439191833387,0.1922426503426124,0.2831805951516442,1.0,0.4,0.5,0.3,36,10.226267317790937,37.96834657064813
14,22,0.5636420396482977,0.6069962080192385,0.6001528375353283,0.5808462857757732,0.5667839019625389,0.29888753708403476,0.2731409128481018,1.0,0.4,0.5,0.3,37,9.929082396799304,29.65672961342746
14,23,0.5249373280776364,0.5662218922618492,0.5596622302700383,0.5404246510903177,0.5251001822494606,0.1971710372870032,0.27789189783216545,1.0,0.4,0.5,0.3,38,9.838299633092802,35.494119392661496
14,24,0.5284821876994008,0.5688568629589568,0.5619858567358744,0.5431588766531135,0.524326055929766,0.19344733146154286,0.288262798445611,1.0,0.4,0.5,0.3,39,9.72315249241364,39.99626213438205
14,25,0.5238544283251465,0.5611860775850193,0.554589789438976,0.5359690669475173,0.5280844683682964,0.1962575864075773,0.2778907234010659,1.0,0.4,0.5,0.3,40,9.7113702294709,35.538897378389045
14,26,0.524563927585589,0.5615481494582301,0.5549486238348142,0.5363683603144869,0.5193995465271853,0.19850798505403863,0.27763391834371887,1.0,0.4,0.5,0.3,41,9.708696911831872,36.79005118972823
14,27,0.5219905521892432,0.5567056621418125,0.5500851617995478,0.5319219700212561,0.5237572200229323,0.1929849118227544,0.27771449106212015,1.0,0.4,0.5,0.3,42,9.640198709148654,35.78374650877803
14,28,0.5611330494907469,0.5913349536131216,0.5846728119940992,0.567055680684589,0.5636269210575338,0.3009799172080145,0.27118405401370527,1.0,0.4,0.5,0.3,44,9.369486867614803,29.397142343530653
14,29,0.5594939434591497,0.5892201092534568,0.5825536081504334,0.5652041058112214,0.5560351998738111,0.29731541470869016,0.2710018998147246,1.0,0.4,0.5,0.3,45,9.355251015483894,30.033472326565487
14,30,0.5239828416550403,0.5537649792004402,0.5474019284701566,0.5311223032332476,0.5189602879657254,0.1931484836132261,0.28332498270464257,1.0,0.4,0.5,0.3,48,9.331262266796475,38.408068149653815
14,31,0.5238329119704144,0.5533285498921068,0.5469628553721767,0.5306731798839924,0.519790038236438,0.19286351843306693,0.28335197620923586,1.0,0.4,0.5,0.3,49,9.310113173012407,38.24872570402109
14,32,0.5282566800407142,0.55753058581819,0.5511628690547536,0.5351452134671848,0.5236577182865608,0.216989834810475,0.272974814188252,1.0,0.4,0.5,0.3,51,9.248516172227207,27.82428494848637
14,33,0.5238212433611784,0.5529045323189983,0.5468380826616864,0.5312562237471695,0.5198446116450122,0.19322792758181878,0.2832100377289023,1.0,0.4,0.5,0.3,52,9.287322663826934,37.337541106062986
14,34,0.5265549911957546,0.5554548425016723,0.5490836846975341,0.5349775556821306,0.5218068238574758,0.2139458009877337,0.27213593634179034,1.0,0.4,0.5,0.3,54,9.27004041750899,27.718414765206603
14,35,0.5289689309464125,0.5558495335952691,0.5494597868925181,0.5358600110601293,0.5312134223317799,0.21888541388801505,0.2737017506224076,1.0,0.4,0.5,0.3,55,9.19066101105626,27.3310603479918
14,36,0.5277337445856913,0.5546946591797302,0.5486086884018191,0.5354809172383075,0.5231823883892184,0.21688954475958666,0.2728313625625355,1.0,0.4,0.5,0.3,58,9.207296170494308,27.52013191871372
14,37,0.534157596394963,0.5592481695013258,0.5528420323438712,0.5400355359256569,0.5358962734498727,0.228746599374026,0.27679605154845643,1.0,0.4,0.5,0.3,59,9.000996575880059,29.525623402970407
14,38,0.5254051266623386,0.5478352408906393,0.5420106711789326,0.5294717298673817,0.53117560247709,0.21046020319027753,0.2748703668534282,1.0,0.4,0.5,0.3,60,8.932931393350895,29.48305456240812
14,39,0.5280115244512349,0.548858984344571,0.543019955301705,0.5310115223880668,0.5271459053047483,0.22741009873612344,0.2670467728662572,1.0,0.4,0.5,0.3,62,8.817187056105823,23.58713554767629
14,40,0.5266363943923953,0.5473224897745212,0.5417848901716371,0.5282187196488588,0.5239964616438479,0.21529600275384012,0.274070438645754,1.0,0.4,0.5,0.3,63,8.800450128776363,24.9684985400084
14,41,0.5278406925499566,0.5481084018032165,0.5425669888340251,0.5298548275875459,0.5251285561505341,0.21983515330604364,0.2729851858075017,1.0,0.4,0.5,0.3,65,8.775413843974256,24.045703290768937
14,42,0.5281127324776431,0.548299658883312,0.543060551043999,0.5305260309494841,0.5253001169672411,0.22122139118053288,0.2724763411206628,1.0,0.4,0.5,0.3,66,8.763589750941783,23.85923508889557
14,43,0.5281072939476885,0.5483509903727812,0.543415326973278,0.531366481309751,0.5247637982656588,0.22122139118041897,0.27247634112045516,1.0,0.4,0.5,0.3,69,8.762934628914856,23.867130989612264
14,44,0.5271625754116492,0.5455539393163928,0.5402984429352036,0.5351641327531766,0.5244635958991267,0.21670724163820682,0.274773585277569,1.0,0.4,0.5,0.3,84,8.834906128666686,24.938518513743432
14,45,0.529913839883652,0.5481544301806379,0.5432004937826282,0.5454965921070353,0.5269008862279362,0.20305300424193784,0.2912781966903527,1.0,0.4,0.5,0.3,104,8.958813851356986,34.44202956202629
14,46,0.8191997848585073,0.8357297316550774,0.832577992966665,0.8364570960059936,0.8183912490090073,1.0,0.23301833033276662,1.0,0.4,0.5,0.3,108,8.97460796957735,25.93602006762164
14,47,0.525239583434647,0.5417716011347355,0.5389228186991355,0.5427288436890145,0.522857380182511,0.21519708618748265,0.27296848395195217,1.0,0.4,0.5,0.3,109,8.959881347935296,25.90175357204759
14,48,0.5252097313398426,0.5417152367281859,0.5388662397665139,0.5429950520775736,0.5226261910678425,0.21525203707280852,0.27287332190102564,1.0,0.4,0.5,0.3,110,8.97060706733495,25.87829418694972
14,49,0.5253101097935005,0.5416845347070198,0.538531369074615,0.5430025949270291,0.5227811398534039,0.21465619887408877,0.27356387989966574,1.0,0.4,0.5,0.3,111,8.980217929175646,26.106955034164773
14,50,0.5252830338628585,0.5402910013672747,0.536822371092651,0.5423404844425065,0.5270886203243212,0.2136235531162523,0.27474381929568403,1.0,0.4,0.5,0.3,112,8.799860835951758,28.90362490427667
14,51,0.5263869224017264,0.5414688338400937,0.5386069009420684,0.5447116637089393,0.5240130289146989,0.2168309982931273,0.27441943859036105,1.0,0.4,0.5,0.3,117,8.793287536027186,28.81604473033173
14,52,0.5263937860186594,0.5403736914553783,0.5384106203948295,0.5496657944664848,0.5247214839240419,0.2156928370231433,0.27577903552573824,1.0,0.4,0.5,0.3,125,8.823239980710996,28.83831689834913
14,53,0.5278200389570162,0.5402043555311433,0.5379237669105095,0.5501899901533516,0.5268639368536334,0.21956288427264664,0.27600978098054313,1.0,0.4,0.5,0.3,130,8.763745711576458,28.685057389756487
14,54,0.526851558536991,0.5392243213301056,0.5381555453406394,0.5580759781041942,0.5250017950135859,0.21697363457801905,0.2762606917956672,1.0,0.4,0.5,0.3,145,8.76944092159502,28.74698611367296
14,55,0.5264348162159382,0.5383371829118054,0.5357492695044437,0.5525464889816508,0.5246172403018334,0.2152892833317646,0.2767810674151998,1.0,0.4,0.5,0.3,147,8.902620734908535,28.650915843327475
14,56,0.5277401125843334,0.5400542934842728,0.5389850245790366,0.5574605134319977,0.5258700160635754,0.21955703365539825,0.27598945306982453,1.0,0.4,0.5,0.3,150,8.762539974176018,28.705286438239902
14,57,0.5267832079107967,0.5389311038966913,0.538163236874062,0.5597177377568419,0.5255442567490007,0.2172091058261157,0.27603417758830945,1.0,0.4,0.5,0.3,151,8.744804140012524,28.65493074532176
14,58,0.5275641426516349,0.539132396652656,0.5368443845616975,0.5556671584155528,0.5262754472648531,0.21690050143440773,0.2778834322870567,1.0,0.4,0.5,0.3,152,8.899038505234309,28.862495639747834
15,0,0.9313263095760255,0.8856420549753222,0.884744494430467,0.8807360710386398,0.0,0.0,0.0,0.0,0.4,0.5,0.3,1,240.477374853456,1356.504837733076
15,1,0.9041015841070763,0.9084557552603064,0.90740132202788,0.90310144865768,0.07159681370913246,0.10680202889779826,8.317712968985863e-05,0.00011807519264210001,0.4,0.5,0.3,3,222.8901041088253,1268.818332168701
15,2,0.8684179427139717,0.912622965025452,0.9114303798580129,0.9071968322008257,0.11529326595778255,0.15771736635128147,0.0010673461601785224,0.0031492840857009997,0.4,0.5,0.3,4,207.9221786884337,1138.9389458104756
15,3,0.8392903578533406,1.1495840362833911,1.146201633599596,1.1336014652846556,1.3848028098516367,0.2984663096996361,0.32229187101441464,1.0,0.4,0.5,0.3,5,69.45914014163984,234.5411107678852
15,4,0.6921297900450778,0.9989111003628195,0.9948762246312073,0.9808853399880955,0.6343743130433595,0.15101818452343282,0.30516473309049486,1.0,0.4,0.5,0.3,7,45.33756724138282,241.4961185963626
15,5,0.6555402829179855,0.9115353802242971,0.9067398943879126,0.8884196038176413,0.7548883734903542,0.24740398817844333,0.32432155482563224,1.0,0.4,0.5,0.3,9,29.30442353864836,116.60851599061982
15,6,0.582191662278871,0.7270704794671172,0.7209211220800891,0.6979593147690584,0.7977470998557683,0.21485604393209426,0.32642237031049887,1.0,0.4,0.5,0.3,11,13.69687579500276,63.91168406005245
15,7,0.5612896443543168,0.6968129214020504,0.6908689602154532,0.6679106043124654,0.5494339819047909,0.2143699910407181,0.29120030701163996,1.0,0.4,0.5,0.3,13,13.55445368567934,44.79051487927503
15,8,0.5560153798930412,0.6772595547472384,0.6711695533989882,0.648621971201564,0.557234725030455,0.2118951166935364,0.29129565907147736,1.0,0.4,0.5,0.3,15,12.339823818735894,44.597648483907015
15,9,0.5525724666639529,0.6542225950577226,0.6479368481450574,0.6244865802538084,0.5682256767128631,0.21756746574703198,0.2905596101179284,1.0,0.4,0.5,0.3,17,11.237554880202596,44.38645118519951
15,10,0.5576237367769497,0.6514528875307408,0.6447874588365392,0.6227554111965581,0.5485836393559238,0.23289924151062347,0.29227814399270424,1.0,0.4,0.5,0.3,20,11.099780725740963,45.47230849551093
15,11,0.548176375345844,0.6287101556827898,0.622218444982253,0.5995296137867463,0.5810485224766893,0.22672294356985315,0.2846918750473262,1.0,0.4,0.5,0.3,21,10.328775501625644,34.54496765418994
15,12,0.5501132525564048,0.6218298221478937,0.6149507995151815,0.5925669217355443,0.5673063592593321,0.22637811979787242,0.29267347405101873,1.0,0.4,0.5,0.3,22,9.79813472628077,39.40180812754218
15,13,0.5499245076865297,0.6163726329102341,0.609443468277898,0.5875416133153222,0.5470385452308419,0.22864097599327865,0.29273439476821034,1.0,0.4,0.5,0.3,24,9.500488276815744,39.93181096303317
15,14,0.5482557073726926,0.614498317570833,0.607870094492521,0.5869498559698765,0.5367310395949811,0.224676652300224,0.2926921604510774,1.0,0.4,0.5,0.3,26,9.544077316220417,35.73642092759484
15,15,0.5523219358658746,0.6183593710724331,0.6117291799622473,0.5912534627446531,0.5405650095855893,0.22946701269961284,0.29707859371755047,1.0,0.4,0.5,0.3,29,9.660984000097043,50.72209510532362
15,16,0.5516739823053607,0.6153545069139283,0.6087019808204726,0.58938623031998,0.5483735211947258,0.22905008166213844,0.2970977444793827,1.0,0.4,0.5,0.3,30,9.41680070632573,44.44142754695738
15,17,0.5505993055967578,0.6113580294743586,0.604374969018575,0.5851409751380505,0.5495122886809127,0.22784299036070305,0.29707703518157597,1.0,0.4,0.5,0.3,31,9.245028407352835,39.17223808175748
15,18,0.549268429384264,0.6074019359207701,0.6003940892926571,0.5813244077207842,0.5479726953349017,0.22587621327324311,0.2970509882108349,1.0,0.4,0.5,0.3,32,9.285749306235754,38.70050194442962
15,19,0.5492102814874793,0.6073418646946402,0.6006369335853554,0.5819146585819944,0.5389954815207303,0.225774845432265,0.29705272395461646,1.0,0.4,0.5,0.3,34,9.279285857827754,38.63241310612149
15,20,0.5631229753130615,0.6212750429392391,0.6148731917899161,0.5969956948289148,0.5528052262242036,0.22648715030018493,0.32433728264093703,1.0,0.4,0.5,0.3,40,8.909515134918085,49.67656737391535
15,21,0.5628370947714475,0.6198661313497997,0.6137566321255394,0.596207187410642,0.5548132526135341,0.22636759694451639,0.3243455154916552,1.0,0.4,0.5,0.3,42,8.859639748325922,49.58111782933551
15,22,0.5631812240362242,0.6183914453536168,0.6122648201799477,0.5967830504251315,0.5549951665432342,0.22748449718812463,0.3248619324809963,1.0,0.4,0.5,0.3,46,8.773490441022386,51.64463971606492
15,23,0.5633346864856583,0.6183567139846351,0.6122283114668523,0.5973172925859183,0.5542654777748393,0.2280347992320561,0.324802960777006,1.0,0.4,0.5,0.3,47,8.783492699428434,51.7760564871545
15,24,0.5630331991209965,0.6178013091981933,0.6119735168372618,0.5965834980481912,0.5545683573924941,0.22736296242304213,0.32487302219929415,1.0,0.4,0.5,0.3,48,8.757831396248239,51.7073510054738
15,25,0.5631038652428297,0.6175334198221403,0.6117024910568316,0.5971788881866764,0.5546860239741296,0.227759294191418,0.32483040692170917,1.0,0.4,0.5,0.3,49,8.753485091299575,51.73106586349115
15,26,0.5616535898286973,0.607050029829634,0.6005286594948802,0.5851556450377435,0.5841813895579364,0.22891509469458823,0.32440345986956115,1.0,0.4,0.5,0.3,50,8.503507738268482,48.250246312512566
15,27,0.579120131884717,0.6244695704158545,0.618250589902523,0.6038608864703462,0.5715758096347319,0.2684734566382278,0.3277572292523985,1.0,0.4,0.5,0.3,52,9.206769409675692,47.97077204701927
15,28,0.5768524676115759,0.6160693364099654,0.6100964670847666,0.5964366265317038,0.5806848192341985,0.26939738743198377,0.3247595463461667,1.0,0.4,0.5,0.3,54,9.005631821117438,47.865252353622175
15,29,0.5764610235288051,0.6104050498666798,0.6040803418881009,0.5909826559509749,0.5765463616207687,0.26688229568985306,0.32784276566613213,1.0,0.4,0.5,0.3,57,8.785640228827456,42.25780370622251
15,30,0.28106470425652796,0.3155127211104337,0.3110104136527545,0.3126303166827862,0.27528682185454245,0.1860484396775628,0.12538973920723273,0.4605656865105149,0.4,0.5,0.3,97,8.58311612814803,70.57134417356288
15,31,0.2883363325929067,0.3198221820287598,0.31438370991848064,0.31592401017125726,0.2875858886165922,0.20024689674998167,0.1286048203886934,0.46208609295837466,0.4,0.5,0.3,99,8.57273937007355,72.45086236426664
15,32,0.28633507679554776,0.31286374951363627,0.3070767193696488,0.3091442918988004,0.2983010941799148,0.1972639711109628,0.12862696870105966,0.4621418883409275,0.4,0.5,0.3,100,8.379984510461682,72.34022068498705
15,33,0.28625124430524945,0.31237407874537265,0.3068862688291643,0.3095531108051694,0.282695930226476,0.1972639711109628,0.12862696870105966,0.4621418883409275,0.4,0.5,0.3,102,8.361873064949897,72.33828607829878
15,34,0.2860437512046679,0.31185747718374607,0.3066698809594325,0.3099386639060878,0.2823939700656274,0.1969087824025037,0.12863458930735958,0.4621359274664595,0.4,0.5,0.3,104,8.318183299454988,72.38640139344885
15,35,0.2860443223805513,0.31148667977683475,0.305083734439547,0.29783755036050025,0.2817624789770291,0.19691505921791538,0.12863447066126524,0.4621360846088905,0.4,0.5,0.3,105,8.318631536373678,72.38450914469514
15,36,0.28603159475295636,0.3118632783452441,0.30697875644900124,0.3118042166284801,0.2819258037760123,0.1969087824025037,0.12863458930735958,0.46213592746645943,0.4,0.5,0.3,106,8.316064316803761,72.40135941355973
15,37,0.28514293411100694,0.30982284873630234,0.30523073448195154,0.30968435818030116,0.2831324539332669,0.19492064531793082,0.12872548090919123,0.46236931241450396,0.4,0.5,0.3,108,8.360949472411015,73.6292745539205
15,38,0.3006085226188935,0.3233405989913456,0.32236623749337767,0.3418343612423625,0.29731991764664367,0.20085967790845416,0.13570922932738833,0.49604279511490573,0.4,0.5,0.3,141,8.184400153417913,31.58114376683716
15,39,0.2893153630693832,0.3120355494491196,0.31287875629811934,0.3534272064986069,0.2858545575319832,0.1899576201401873,0.13104203187150096,0.48101741797426323,0.4,0.5,0.3,182,8.096094590210924,29.93176190813592
15,40,0.28967321815114144,0.31242393747868524,0.31357046213780904,0.35487662647741763,0.2862796851953847,0.19088599577500984,0.13103921967006982,0.4810106313687183,0.4,0.5,0.3,184,8.102322852008593,29.10376280613026
15,41,0.2897886190998077,0.31170373177400845,0.3131455662417117,0.3555451671938696,0.2879901341822936,0.19155209887344754,0.13103942249708425,0.48101113892936126,0.4,0.5,0.3,186,8.069995167492142,28.80840311114264
16,0,0.9511367156073486,0.8910329161419253,0.8901775734714328,0.8863309298174867,0.0,0.0,0.0,0.0,0.4,0.5,0.3,1,221.81111616956608,1332.7729270525765
16,1,0.9183816521975684,0.9097532637662348,0.9087411503842843,0.9046029507218943,0.06750301348375327,0.09657690664629612,8.406781176457622e-05,0.00010440623712032999,0.4,0.5,0.3,3,205.27273469469017,1245.544411013793
16,2,0.6847178411398073,0.9035168468474742,0.9014591647271415,0.8935365279887009,0.5497026935341838,0.09885320144381961,0.08061290887711842,0.286124372542057,0.4,0.5,0.3,4,111.6006224636718,761.5018153814104
16,3,0.5779628389066337,0.8392598991264584,0.8368359369750745,0.8280479906479054,0.2825699299044102,0.09888208862798652,0.07322106553870984,0.23976600435143197,0.4,0.5,0.3,5,98.26223481649882,585.2111897725621
16,4,0.5652837010075682,0.8385328405936495,0.8359932259316565,0.8267688854180105,0.20739876160580334,0.0989099443651652,0.08309051387096926,0.26994404223566015,0.4,0.5,0.3,6,99.70705764795562,444.67525267414806
16,5,0.5361852568635208,0.8145548187055658,0.811929626789783,0.8029565181144876,0.17758341341564937,0.09950455608269523,0.07403332664626339,0.2406702285585784,0.4,0.5,0.3,7,87.71421523433945,549.6612287116351
16,6,0.5201585209315014,0.809617876806247,0.8068539667185104,0.7976624747834277,0.21589133031648838,0.09785847823809955,0.08316702866987356,0.270129591965412,0.4,0.5,0.3,8,88.59748408404701,411.0904732741445
16,7,0.47652181082308226,0.7755439294990724,0.7728720284378203,0.762787704902406,0.22911290337440404,0.10320079040919136,0.07804232516871522,0.2475530261181723,0.4,0.5,0.3,9,71.97663731762206,507.0102289208325
16,8,0.4107207364401648,0.7232178160272543,0.7200595652040939,0.7084460169619279,0.3464060423717194,0.0981186487289072,0.08507530341571144,0.2747571917036715,0.4,0.5,0.3,10,60.54364005404548,327.8993254202289
16,9,0.318753790372526,0.6202190808955953,0.6163300802426731,0.6023481158823448,0.41904735524896125,0.10270576241909188,0.07876150727394796,0.24616658597697696,0.4,0.5,0.3,11,43.08533813816479,330.2661749018261
16,10,0.2545199213854292,0.5470015132538741,0.5428672419608718,0.5277364343590435,0.20335841106774183,0.10639384705377793,0.04536588800035858,0.15700423437323197,0.4,0.5,0.3,12,39.677077897869445,150.166729786539
16,11,0.28205683764195777,0.5622752001825531,0.5578825466082019,0.5425527883846128,0.20824417796220274,0.09362247858047709,0.08525048911132439,0.2682175222483204,0.4,0.5,0.3,14,34.94573032306433,196.84772189814467
16,12,0.8431919081196226,1.1122523617413749,1.1082702102057362,1.093481796568686,0.7532280198384226,1.0,0.07093630599038454,1.0,0.4,0.5,0.3,18,29.28670353535539,821.484682896886
16,13,0.8312713204643856,1.0915603790803852,1.0874360444059217,1.072596882854753,0.7589266822095774,1.0,0.06575791695578855,1.0,0.4,0.5,0.3,20,28.17157217486304,976.6049437602376
16,14,0.7611175675825437,0.9584055596388685,0.9540465990933749,0.9347118824474765,0.8618364251894159,1.0,0.013680601582085143,1.0,0.4,0.5,0.3,22,17.19196390467967,1651.9242169590325
16,15,0.7421260535851667,0.893674508797266,0.8888070178881031,0.8684332519945737,0.892933514548603,1.0,0.01381504142218732,1.0,0.4,0.5,0.3,23,13.58884013582026,1495.8689985286053
16,16,0.7364150050134737,0.870715609410575,0.8656676357531816,0.8455381119642771,0.7400808756832045,1.0,0.013883928807374877,1.0,0.4,0.5,0.3,25,12.470267063902998,1496.5168659767726
16,17,0.7345114237492876,0.8625496106299226,0.8574361482804376,0.8380184101832284,0.7198630266515811,1.0,0.014237478056521174,1.0,0.4,0.5,0.3,27,12.005738161892609,1491.952677243563
16,18,0.7309373861892565,0.8462354024148229,0.8412970164105964,0.8221471747200255,0.7300189984354029,1.0,0.01422758638743677,1.0,0.4,0.5,0.3,29,11.29327694901711,1494.7053649397842
16,19,0.7305910049594833,0.84488269631839,0.8399342160988954,0.8215710761144219,0.7089034385791728,1.0,0.014094725629778317,1.0,0.4,0.5,0.3,31,11.628310101366209,1371.3244839867616
16,20,0.7299270701001828,0.8414905975671931,0.8365148257746784,0.8184024006119468,0.7171457154203664,1.0,0.014263835457451388,1.0,0.4,0.5,0.3,32,11.060472831321295,1494.4701657560963
16,21,0.729104105521327,0.8381538056721538,0.8334558175547895,0.815134915127778,0.7165449568890404,1.0,0.014024794525299172,1.0,0.4,0.5,0.3,33,10.91687927081552,1495.662685162776
16,22,0.730634587763668,0.8356271939755595,0.8302831667217434,0.8126271222851655,0.7237153662551289,1.0,0.01914135882366305,1.0,0.4,0.5,0.3,34,11.559680025031698,1335.1736587806586
16,23,0.7284768923482069,0.8332136474901461,0.8281699414483712,0.8120739379158592,0.7081547272018048,1.0,0.01501251474586911,1.0,0.4,0.5,0.3,36,11.224143309986008,1221.2590033158906
16,24,0.7284209074591663,0.8328137350121636,0.8277666436465159,0.811657641824219,0.7087963831592512,1.0,0.015080930294105746,1.0,0.4,0.5,0.3,37,11.20413690859417,1221.1578179498283
16,25,0.726565656464359,0.8261610066506342,0.8210659352285723,0.8058424905680752,0.7255141854124092,1.0,0.013995708162986167,1.0,0.4,0.5,0.3,38,11.427286819336448,1311.3600785168903
16,26,0.726547650191852,0.8245395412835856,0.8194293955192329,0.8037086101537096,0.7118987344219515,1.0,0.014601760186430881,1.0,0.4,0.5,0.3,39,10.781505506576671,1238.3574343692983
16,27,0.7229487015330952,0.8071102636709486,0.8018653738230195,0.7869321999276513,0.7317741723994209,1.0,0.01407430291359278,1.0,0.4,0.5,0.3,41,10.592538427366264,1313.4472793908274
16,28,0.7229140159795954,0.8062139214128807,0.8009607146937974,0.786573332632984,0.7087315507818601,1.0,0.014403437163546588,1.0,0.4,0.5,0.3,43,10.468888381648034,1327.6982803874623
16,29,0.7225036869527819,0.8048949760764355,0.7996330025182787,0.7857291746971902,0.7102195183472706,1.0,0.014000400009570198,1.0,0.4,0.5,0.3,44,10.591997676437456,1313.5044173508134
16,30,0.7224733078217307,0.8045393119621389,0.7995770994186033,0.7867286396019537,0.7085361416896137,1.0,0.014129888612643077,1.0,0.4,0.5,0.3,45,10.510573912592792,1301.2603582364118
16,31,0.7205622775638599,0.7951466044283116,0.7910212499218318,0.7764576908035817,0.7160029371820442,1.0,0.013777927894066387,1.0,0.4,0.5,0.3,48,10.76256143367375,788.1685077588636
16,32,0.7336103441614135,0.8013139002733343,0.7968200635059907,0.7831878319007637,0.7293336988106673,1.0,0.04279613267406347,1.0,0.4,0.5,0.3,51,10.517197271320338,857.5393233951719
16,33,0.7176269555386184,0.7781812089813347,0.7739225998881487,0.7605632000010993,0.7320598558395994,1.0,0.01381909031799027,1.0,0.4,0.5,0.3,52,10.183490923677551,781.3886092003972
16,34,0.7179214593450243,0.7777104275751339,0.7734445600548353,0.759722425051401,0.7100144502117338,1.0,0.014718077835410818,1.0,0.4,0.5,0.3,53,9.93675202212454,794.593151657564
16,35,0.7157893911897193,0.7670596991175813,0.762410869089484,0.7490765055373199,0.7359708397560534,1.0,0.013779049363857591,1.0,0.4,0.5,0.3,54,9.909634148377902,734.2159490618351
16,36,0.7153769992322703,0.7653265392273885,0.7609682897131704,0.7486364765273841,0.7079600337898364,1.0,0.01349633669646928,1.0,0.4,0.5,0.3,58,9.81174569168532,752.5067712614506
16,37,0.7153504400670785,0.7645397721172402,0.7601744225775222,0.7481161273526653,0.7094768891325489,1.0,0.013733643827414663,1.0,0.4,0.5,0.3,59,9.82902285660322,734.4154068861577
16,38,0.7152825922620973,0.7631750926454739,0.7591005184340891,0.7477112610914614,0.7118462218503041,1.0,0.01412759507585484,1.0,0.4,0.5,0.3,60,9.764702213269326,761.1746132483966
16,39,0.7142740325457893,0.7578007749477315,0.7533825964764436,0.7420247350107263,0.7214563639414385,1.0,0.013707312452868062,1.0,0.4,0.5,0.3,61,9.661697206389793,775.5474572580671
16,40,0.7135331836243388,0.7541447413276868,0.7503054351168136,0.7421937420293123,0.7080002570492068,1.0,0.013361209622477251,1.0,0.4,0.5,0.3,69,9.564098915523328,790.9171292397214
16,41,0.7637194427365608,0.8039250991699982,0.8028085471348287,0.807572665345649,0.7571773854686475,1.0,0.11417480039789689,1.0,0.4,0.5,0.3,115,9.50259814585682,790.5188359931698
16,42,0.7132153988853718,0.7528720527108894,0.752962215211197,0.7706089144725535,0.7068581286320375,1.0,0.013494914244325786,1.0,0.4,0.5,0.3,143,9.473642343818726,790.5307149617345
16,43,0.9060895376643345,0.9455260653720714,0.9477348062591786,0.9749794532158387,0.8998849983784942,1.0,0.3995481251300248,1.0,0.4,0.5,0.3,169,9.525247336895454,772.6314937537434
17,0,0.947665990739457,0.8900964680419287,0.8892338477281937,0.8853590320986229,0.0,0.0,0.0,0.0,0.4,0.5,0.3,1,224.6826983619305,1349.700923484295
17,1,0.9197119073134119,0.9093109236841797,0.9083045613270896,0.9041887309433039,0.0639324409601179,0.0936337228020915,8.400228301427408e-05,0.00011546190432843,0.4,0.5,0.3,3,208.9718064789693,1308.0042467600167
17,2,0.6816823000542142,0.904867679858042,0.9027792679399319,0.8947404177087904,0.5686309361636145,0.09948789179263842,0.08150813897967975,0.3013397007173789,0.4,0.5,0.3,4,123.91060532601146,738.6566483643294
17,3,0.8184331796516426,1.1289539778413944,1.1255496203456923,1.1128644070933658,1.0455888257406825,0.2445487317821581,0.3297581361484827,1.0,0.4,0.5,0.3,5,66.26260994250772,251.75485939498185
17,4,0.7286004870409399,1.0380015153817306,1.034141805154405,1.0208144974507933,0.6133457886344837,0.1851800544590895,0.31136083548140137,1.0,0.4,0.5,0.3,7,52.61725830332555,223.81475474210995
17,5,0.7595737694603639,1.0682900120034233,1.064385423517455,1.0512192838163408,0.5825205314758175,0.24312098074631322,0.3370425574463456,1.0,0.4,0.5,0.3,8,55.41887938755188,209.62649156642564
17,6,0.9628545717502386,1.2184915881243885,1.2133851816714343,1.1955556888091157,1.3114319715164506,1.0,0.3381847550085094,1.0,0.4,0.5,0.3,9,29.099615944395826,82.10179548870673
17,7,0.9356211884511278,1.1543799484295303,1.1487700493695867,1.1295515582297895,0.9609621670551265,1.0,0.3382638307497274,1.0,0.4,0.5,0.3,11,22.94558696364723,76.38873162208755
17,8,0.9258199275257695,1.127297794741063,1.1214743984944615,1.1018735179879071,0.9089987532077246,1.0,0.3385010579733809,1.0,0.4,0.5,0.3,13,20.040541847313484,64.1987177157606
17,9,0.9015213522536638,1.0870732550583493,1.0810656459714143,1.0615628826515782,0.9190391563907498,1.0,0.30499638379201216,1.0,0.4,0.5,0.3,14,18.560275890296264,53.990044513634544
17,10,0.5795086110812646,0.7341192478102523,0.7280716776980298,0.7066419652321161,0.6707602309277652,0.1913157859515717,0.33341810880073086,1.0,0.4,0.5,0.3,15,15.510783349433243,75.0686643630156
17,11,0.5604331790198174,0.7035273739077432,0.6973593067308985,0.6763612452302341,0.57088691586752,0.1949145707308228,0.30005332189204104,1.0,0.4,0.5,0.3,16,14.99334236368645,52.82437087247741
17,12,0.5717715011174069,0.7062944108646732,0.7000364007160682,0.6782500443354023,0.5762250107312531,0.18828310167585585,0.3338134875068202,1.0,0.4,0.5,0.3,17,13.782023967660708,70.9507085130467
17,13,0.5525096317113516,0.6528428701250573,0.6471496986945251,0.6233922834285688,0.6591909698938143,0.2076386188749991,0.29918649078845055,1.0,0.4,0.5,0.3,18,12.075239439082871,41.6951187207448
17,14,0.5478990062063255,0.6329690172471327,0.6271269990359551,0.6036779908293258,0.558993491142763,0.20529954178744764,0.2992454238730682,1.0,0.4,0.5,0.3,20,11.181597716503276,41.65043285593768
17,15,0.547445094645317,0.6311681974625558,0.6253132067077345,0.6019620575499596,0.5362631337764557,0.2048907518582573,0.2992751929950859,1.0,0.4,0.5,0.3,21,10.904410542898583,41.256661407153246
17,16,0.5402414176027712,0.615212537700349,0.6092733327721047,0.5856992012679076,0.5573507046915027,0.20942343656687817,0.2851995621475865,1.0,0.4,0.5,0.3,22,11.313629080564828,37.920392981201005
17,17,0.546918956145099,0.6193523497105069,0.6133888518267427,0.5898764904056251,0.5424737384721419,0.21097878820978816,0.2984148997766791,1.0,0.4,0.5,0.3,23,10.841844482259155,38.57710706108793
17,18,0.5382330733293921,0.604888370330612,0.598869876241217,0.5751467613889321,0.5463219502991412,0.20871897895673247,0.2853149652106094,1.0,0.4,0.5,0.3,24,10.847173194658142,34.30583881781636
17,19,0.5378569585175847,0.6036817754960133,0.5976553863439291,0.5753420151478661,0.5273969541448226,0.208399162389181,0.28516817073644435,1.0,0.4,0.5,0.3,26,11.09291557959252,35.17160452660197
17,20,0.538563460873166,0.6034767978851381,0.5974417436756454,0.5750955332266272,0.5284396906071926,0.21097527768546764,0.28490317098908907,1.0,0.4,0.5,0.3,28,11.052543016677282,34.52176888518646
17,21,0.5377566567507175,0.5981578641768761,0.5920801712942647,0.5699991777073701,0.5426073768752984,0.21123566608648486,0.28493294011110676,1.0,0.4,0.5,0.3,29,10.61667211722631,31.829806394172085
17,22,0.5368975848320674,0.5961365106836229,0.5900478346126474,0.5669780472015107,0.5303645285394999,0.20938697131502443,0.28516429402717236,1.0,0.4,0.5,0.3,30,10.444162671511506,32.08804757403924
17,23,0.536338123401866,0.5924144668164935,0.5862959991026573,0.5647594028209967,0.5373492648967476,0.20975253584021442,0.2850184865965181,1.0,0.4,0.5,0.3,31,10.021094863691928,32.11000687498773
17,24,0.5377648129134849,0.5930948551816657,0.5875752878443401,0.5673047544147447,0.5286598344683013,0.21447756342535143,0.28445842562247786,1.0,0.4,0.5,0.3,36,10.575437546082885,32.64901546476811
17,25,0.5389437145624448,0.5922476888812356,0.586709083580496,0.5679522746650576,0.5366016734512724,0.21397509318272462,0.28801566443528065,1.0,0.4,0.5,0.3,37,10.484924007429331,36.23478508576428
17,26,0.5373436724255589,0.5901415503260424,0.5845981616255613,0.5656371151229045,0.5286705265463417,0.21465096925485497,0.2844702070226391,1.0,0.4,0.5,0.3,40,10.29328022296163,31.380246834969352
17,27,0.5371108840247494,0.5839239048970908,0.5786275083176327,0.5604992532895441,0.5498896371313565,0.21248994403369115,0.2880609625426655,1.0,0.4,0.5,0.3,41,10.195648655887885,42.425148641740726
17,28,0.5374774883308623,0.5823698491078146,0.5770555346587437,0.5586546595153037,0.5330401306824719,0.21579102411627332,0.2868736335559806,1.0,0.4,0.5,0.3,43,10.085889144131317,32.52803555123772
17,29,0.5375669157592128,0.5825342420819577,0.5775236312462646,0.560299343462521,0.5298625380695283,0.21582407986166857,0.2870316490415913,1.0,0.4,0.5,0.3,46,10.08898829281891,32.5574451184796
17,30,0.5347842403029328,0.5786842316074101,0.5739666240141621,0.5565101360917053,0.5312342650464006,0.20800816791139085,0.2881495257914737,1.0,0.4,0.5,0.3,47,10.084842601170488,43.5362654088804
17,31,0.20249349917632953,0.24490625290861157,0.24078062710977072,0.2269472375081456,0.19600784629348822,0.1549704321274049,0.07783352818298192,0.3146349533542954,0.4,0.5,0.3,55,10.134887462014806,33.85062844263203
17,32,0.19916765317932067,0.23768472015316683,0.2332200724457409,0.21973927021123857,0.20562253634896555,0.15489626724399008,0.07609654301504175,0.3088501315520896,0.4,0.5,0.3,56,10.089970499483297,46.754109128755104
17,33,0.20300920483189738,0.23912212837764274,0.2352411736463329,0.22225259066623626,0.19917037027596457,0.15423687080209283,0.07915015332904023,0.3189918269743639,0.4,0.5,0.3,60,9.831070745448953,37.03813784571609
17,34,0.20282180775435116,0.2366485509291737,0.23304939458878515,0.2213834306092181,0.20120970377206104,0.15502672215750785,0.07913062082858983,0.3187394692702052,0.4,0.5,0.3,62,9.742859951628027,36.57046514883003
17,35,0.20363870059153594,0.23697424767262257,0.23337056590190283,0.217377020018926,0.19865544772462504,0.15549425658465788,0.07969602468998017,0.320183750961311,0.4,0.5,0.3,65,9.741912230569822,36.12289080387824
17,36,0.2023937955569483,0.23415382716084376,0.230838567786448,0.2204318700052685,0.19996504392604336,0.15501506330806905,0.07910878572915844,0.3186195535224911,0.4,0.5,0.3,67,9.656958312807928,33.287793352991365
17,37,0.20155707578266674,0.2332658761111101,0.2299501420273653,0.2205128363778034,0.1963762045037586,0.1540752971826776,0.07873926024245538,0.3177290177625796,0.4,0.5,0.3,70,9.686771373280967,32.84105467200394
17,38,0.20345573504231917,0.23213850808449488,0.22849201043054454,0.22128778196774462,0.20070678503603795,0.15577793254498404,0.07998450379102864,0.3213977939527579,0.4,0.5,0.3,75,9.544208101356048,31.34773401834404
17,39,0.20272620477944042,0.2298032853656239,0.22705091743850447,0.2217832560859252,0.19894467807257338,0.15530642533900194,0.07990623126760776,0.32078840594201063,0.4,0.5,0.3,85,9.490500184605402,31.85770950541844
17,40,0.20255120308642693,0.22929425158314304,0.22653880649309083,0.2219604746102919,0.19875653903140605,0.15544941843799015,0.07997983182535127,0.320080047087116,0.4,0.5,0.3,87,9.52763855286114,31.831403911722813
17,41,0.49805679729374147,0.5244458674144579,0.5235050094450328,0.5258538366863041,0.49398094111451946,0.3825587410744582,0.08165303573172919,1.0,0.4,0.5,0.3,110,9.4826617699551,44.96661296667156
17,42,0.49809638444982673,0.5245722993547681,0.5239351448042723,0.5281804948790972,0.4938922462487963,0.3826587368751627,0.0816532744690275,1.0,0.4,0.5,0.3,115,9.48270441576679,44.97691089951058
17,43,0.4975734941672171,0.5231022323439816,0.5224563567182086,0.526947716322014,0.49671410582367126,0.38143550504398366,0.08190390216363785,1.0,0.4,0.5,0.3,116,9.418893232486049,43.68788916359296
17,44,0.5367574492047913,0.5621596447173465,0.562118521070452,0.5676585112102552,0.5331051283208548,0.4780199914530662,0.08310676656220656,1.0,0.4,0.5,0.3,119,9.321605587295752,45.91850180357751
17,45,0.4846135269567674,0.5085212678791176,0.508466431465102,0.514298759840495,0.483378579224494,0.3494350626780983,0.08218445396602568,1.0,0.4,0.5,0.3,121,9.269042924160424,37.73737548726555
17,46,0.5377942545308645,0.5612838657570776,0.5612252075289181,0.5677320791870393,0.5348184892836975,0.48178917872159566,0.08280112781158588,1.0,0.4,0.5,0.3,123,9.32817228642616,42.19449892681895
17,47,0.47409743921868863,0.49645014813315286,0.4954722952085051,0.505864629123398,0.47092644510917814,0.3234272927730872,0.08238327147089113,1.0,0.4,0.5,0.3,131,9.482241490257502,163.12400646154484
17,48,0.5453347836551344,0.5677031643383708,0.5682402334750547,0.5777044403088734,0.5426004590560296,0.5011755199893482,0.08280235051896173,1.0,0.4,0.5,0.3,133,9.279048756038502,41.90558101094688
17,49,0.5450301462027853,0.5672017053158751,0.5677369667351246,0.5785694384554032,0.5419291025899878,0.4998303526534558,0.08333385810102686,1.0,0.4,0.5,0.3,135,9.279453222257947,42.28859372524459
17,50,0.5549934533422215,0.5767869774371986,0.5779247656305697,0.591400843458314,0.5525899325928758,0.5261471002786846,0.08239008923507732,1.0,0.4,0.5,0.3,137,9.308761717508032,85.60992664102889
17,51,0.441566610140395,0.46067195957440066,0.4605732723703849,0.4671986692041129,0.44120675236956297,0.24351197803167798,0.08240244010929805,1.0,0.4,0.5,0.3,140,9.220555501892957,630.4682684171286
17,52,0.4417110581755508,0.4606075351507016,0.46141587096305875,0.4696045044621242,0.4396296762713452,0.24400547949492507,0.08245134715187831,1.0,0.4,0.5,0.3,142,9.2244682979022,618.669619840218
17,53,0.43235185646179075,0.45040380148436127,0.45029553671256844,0.46594092584631297,0.4299458709047479,0.22103925721550163,0.08229116018491091,1.0,0.4,0.5,0.3,147,9.209891872863285,406.5662254959371
17,54,0.4926791809280853,0.5093532210149321,0.5104443095601299,0.5308117749593186,0.4908128826852256,0.372231108803848,0.08254933277628317,1.0,0.4,0.5,0.3,156,9.33290500839024,203.4192815995268
17,55,0.49261925362538783,0.5089267233380519,0.5100144926368696,0.5317831470143112,0.4907777330278663,0.37222532533435493,0.08255092225396161,1.0,0.4,0.5,0.3,158,9.304383804901358,203.42377772859217
17,56,0.49261925299549236,0.5090167286219976,0.5104082742532858,0.5328700822536163,0.49016563461176066,0.37222532392865204,0.08255092214720448,1.0,0.4,0.5,0.3,160,9.304383789137288,203.42377679735856
17,57,0.49256715330651246,0.5095891416415281,0.5131070974607577,0.5276549734878981,0.4901330209115811,0.3720986415249104,0.08254984438718718,1.0,0.4,0.5,0.3,161,9.318530998314648,204.26039017824493
17,58,0.49265469069828244,0.5089404862244781,0.5100280851492321,0.5332099166036534,0.49025857478477036,0.3719509337657504,0.08284823801468033,1.0,0.4,0.5,0.3,162,9.322535280951982,215.7366774077795
17,59,0.48730872838103184,0.5027699024055469,0.5035469507376125,0.5297933434339712,0.4852206515093094,0.35892215405245936,0.08281283474271314,1.0,0.4,0.5,0.3,172,9.253167064236322,211.1664024871217
17,60,0.49176360238189853,0.5070151727339591,0.5077902915542682,0.5340294320438288,0.4898135973388156,0.3699834552761669,0.0829400498514502,1.0,0.4,0.5,0.3,174,9.27030042637676,199.65265034197856
17,61,0.49177824564497225,0.5070302846358469,0.5081084422745032,0.5346488801281539,0.48964162811115347,0.37004425459031176,0.08294905787644594,1.0,0.4,0.5,0.3,176,9.273090855531033,199.9284503576457
17,62,0.45432566943595715,0.46960565190851056,0.47159291374745105,0.5050382104231854,0.45213568608828386,0.275874131703154,0.08345663427867415,1.0,0.4,0.5,0.3,190,9.270164959411108,108.9217229817228
17,63,0.4659137909942628,0.48088348532388975,0.4831709658845371,0.5164824093310938,0.46506569133284936,0.30487668312691296,0.08355737925425968,1.0,0.4,0.5,0.3,191,9.219253371475958,108.447566938106
17,64,0.4856390494674293,0.5005950741238812,0.5028824106636827,0.5407440370578198,0.48347195149821026,0.35410446175797944,0.08362997664846947,1.0,0.4,0.5,0.3,194,9.306003105928722,89.75175126961196
17,65,0.4531105267999173,0.4679712738902238,0.47025775243232854,0.5054373759667982,0.4512609543834851,0.273424178855246,0.08314722243303843,1.0,0.4,0.5,0.3,195,9.232058066796307,105.74870473990616
17,66,0.4875027017468815,0.5018471895452907,0.5038259209967142,0.5423420919707982,0.486825065570781,0.3589405553468437,0.08365286497485681,1.0,0.4,0.5,0.3,196,9.234699451208686,89.18478940800588
17,67,0.4874200816253186,0.5018137962154758,0.5040960164531658,0.5430229966833315,0.48539443414645955,0.3586119718748585,0.08376333401252656,1.0,0.4,0.5,0.3,198,9.233036930471435,89.33804458317701
18,0,0.9510472162710626,0.8910090083248425,0.8901535347035222,0.8863061171163182,0.0,0.0,0.0,0.0,0.4,0.5,0.3,1,221.683707709939,1356.8996424895995
18,1,0.9480031774085955,0.9201110261776069,0.9191595500976864,0.9152530851153299,0.05896714025627383,0.10326247146534684,2.073732655007983e-05,6.986205701064e-05,0.4,0.5,0.3,3,213.02404876195115,1230.3900985548216
18,2,0.6719498074585737,0.8929581064307934,0.8908839034191502,0.8828977798598805,0.5694767025042686,0.09949555276506752,0.08557968459612014,0.2487701863884523,0.4,0.5,0.3,4,118.83912434968876,800.6329748637446
18,3,0.5837351739007678,0.8474370773050038,0.8449872640022403,0.8360998735338397,0.29751991308986714,0.09891228398839048,0.06712823399149444,0.28811422443672474,0.4,0.5,0.3,5,94.66863209593669,618.4627941590924
18,4,0.5740323886142296,0.8557116453229133,0.8530412927386876,0.8433122043128017,0.27700525146897714,0.09893300170491416,0.07478559880027882,0.39656860880333983,0.4,0.5,0.3,6,83.34851944162841,489.73350554031816
18,5,1.1686821524092175,1.4659615157550714,1.463029237465051,1.4529223537758116,0.8879470604660376,0.09890221709711963,1.0,1.0,0.4,0.5,0.3,8,76.89351724242975,540.8989208895108
18,6,0.8620362401576265,1.166964684997385,1.1638268512503098,1.1536634503012226,0.6415704785457996,0.09936358054366892,0.45401400117239876,1.0,0.4,0.5,0.3,9,73.54737570567944,411.3477079632248
18,7,0.8203660278859011,1.1310837383861732,1.127661630880016,1.1176974068344054,0.6192735719907652,0.10010189144617791,0.4540894879089105,1.0,0.4,0.5,0.3,11,62.71342636340943,373.1961223472573
18,8,0.7645256610007107,1.07607503760311,1.0724469725430508,1.06190558463842,0.614033683210506,0.10051607764007937,0.3962275371083634,1.0,0.4,0.5,0.3,12,58.42506105419006,284.55991737887365
18,9,0.7904195331749635,1.101637049721466,1.097940743756404,1.087316997842356,0.5975926228991499,0.10107336916129286,0.4643095642076729,1.0,0.4,0.5,0.3,13,53.73847780444412,343.3634616398141
18,10,0.7859771193264853,1.0947112246689916,1.090811630991852,1.0796421806705756,0.6661922991896978,0.10055476295650445,0.5026662720918567,1.0,0.4,0.5,0.3,14,50.62488456787682,300.84113011920743
18,11,0.2844426726254419,0.5783632409084418,0.5739664176744826,0.5604729115253528,0.32125778192375115,0.10132237448033668,0.03739352695934765,0.2644322538962304,0.4,0.5,0.3,15,45.61584481838788,250.4395570013285
18,12,0.5748898755754249,0.8614848599913596,0.8569232279721166,0.8436354470574461,0.5031283186027581,0.10062014638227305,0.20485057430494988,1.0,0.4,0.5,0.3,16,36.10558341547953,244.51645050812547
18,13,0.26640747554635114,0.5513317351256738,0.5467354725414475,0.5331099990177134,0.14968502709560305,0.10144702894400463,0.037258102579039956,0.25910068714156104,0.4,0.5,0.3,17,42.15295241166738,230.57694228852327
18,14,0.5561033895021232,0.8298786039458852,0.82507096910329,0.8114998004494016,0.5200693998873015,0.09987051278030336,0.2049346130527704,1.0,0.4,0.5,0.3,18,32.082327754529786,227.23124098551563
18,15,0.1509010529763062,0.4061361700853076,0.40253892622098825,0.3866576453355008,0.17069073906126472,0.10504765276383421,0.005309023005030628,0.04283704757148455,0.4,0.5,0.3,19,32.71607500745208,135.0156054540541
18,16,0.13901706866027752,0.37593110181511563,0.37176932428503473,0.35514101494497285,0.10849796193473077,0.10022013249937126,0.005681579393040768,0.058994694476676414,0.4,0.5,0.3,21,27.25932348233109,115.10824454216272
18,17,0.13581528959454758,0.36967579087864066,0.3654727312207986,0.34960847293982694,0.07479548533342725,0.09742185270888992,0.005360354631635342,0.05994247153872249,0.4,0.5,0.3,22,26.50719392889504,123.6723344611298
18,18,0.15725153505956255,0.3793011956251893,0.3752463571232652,0.3590752400425211,0.11758449058506093,0.09721860378096636,0.00725336641750133,0.15496111899297632,0.4,0.5,0.3,24,24.05752533842488,102.10646123389525
18,19,0.14715486783119663,0.36110393084100145,0.35694704187060045,0.34081155446292916,0.1212061029748135,0.09714485455110072,0.004045274299439167,0.14302304308710878,0.4,0.5,0.3,25,22.32816815008984,97.70220961998233
18,20,0.1471548678330873,0.36110393084100145,0.35694704187060045,0.34065137645500654,0.08378755774198429,0.09714485455110075,0.004045274299439167,0.14302304308710878,0.4,0.5,0.3,26,22.328168152160007,97.70220933417964
18,21,0.13609002956459948,0.3290229592293422,0.3246141875671764,0.3084920806239257,0.17637758906529422,0.09708612487527449,0.004090152315035151,0.1431360596259814,0.4,0.5,0.3,27,19.775906421160744,81.92630456249171
18,22,0.12741168221168722,0.30185288616685085,0.29723400042803305,0.28014237708911993,0.160576290202775,0.09602071026567892,0.004124154638570178,0.14316485712105348,0.4,0.5,0.3,28,17.644896979740636,78.9423452668284
18,23,0.111504240029342,0.277824747388243,0.2731162407238837,0.25557479569423636,0.08723301342944323,0.09586628709730216,0.010123820571780975,0.09128508493057871,0.4,0.5,0.3,30,17.461471219422744,125.6918335128477
18,24,0.10188560308437727,0.25836708511819095,0.2535522065072505,0.23659649257193263,0.10395898459769115,0.09426209446257848,0.009300838138816799,0.07513309345096963,0.4,0.5,0.3,31,16.210223615233108,124.66300746545733
18,25,0.10306800355778435,0.24450353950363257,0.23952959780141742,0.22152361275992308,0.12971795046952114,0.09571408372505802,0.010539310877504132,0.092475400477667,0.4,0.5,0.3,32,15.131264119215608,113.41491427100804
18,26,0.0977395839722911,0.2348660471638845,0.22984730213598617,0.2124950505839015,0.08381223688655938,0.09695746793286272,0.010744236947114232,0.07737767471373064,0.4,0.5,0.3,33,15.12962191160178,103.90542843433477
18,27,0.10027996418223777,0.23228291433140832,0.22721125206792378,0.2099319174635654,0.09093906086710686,0.09648260481814155,0.010933734903955212,0.09154149356265716,0.4,0.5,0.3,34,14.308837471618878,109.32728081717664
18,28,0.09177017364059555,0.20910645972988082,0.20388570327145245,0.18649835423552338,0.12212299996883362,0.09670239508385682,0.010861145764752519,0.07746032678064768,0.4,0.5,0.3,35,13.547605987060546,102.37860575841331
18,29,0.09474748678557592,0.20952337385385408,0.20427682920455378,0.18735146244234688,0.08056251523201313,0.09652589877974038,0.010278610960817643,0.0909978954313473,0.4,0.5,0.3,36,13.218380509116,89.76975788736301
18,30,0.09345058630922508,0.20344735268042413,0.19815303525710315,0.1813247760874671,0.08857105972097193,0.09491884742704744,0.010641134601468828,0.09256716265121032,0.4,0.5,0.3,37,12.949428056624331,104.34925157362878
18,31,0.09224660570666762,0.1956600684631197,0.19030042608017086,0.17398278335882414,0.09561151291368457,0.0972511836904294,0.010500906557033535,0.09148793625301588,0.4,0.5,0.3,38,12.268628924055417,85.04026874701319
18,32,0.09056509744374697,0.19068914220461067,0.1855999354549348,0.16924099969917095,0.07689450570248424,0.0958532189227554,0.01037938717560408,0.09083772384599365,0.4,0.5,0.3,40,12.114818160379508,87.85689665752324
18,33,0.08848630407183186,0.1792638131280681,0.17378025013754594,0.15804580082444164,0.10423448846272473,0.09608816447878477,0.010442550498644603,0.09111493928268344,0.4,0.5,0.3,41,11.504549169544616,87.88040412360317
18,34,0.08797422350741259,0.17784490907396666,0.17265536613282884,0.15727100323286844,0.07249907719369492,0.09591374091018616,0.010374323317900428,0.09055180576638985,0.4,0.5,0.3,43,11.393230738018948,87.51736911749663
18,35,0.08830528863398823,0.17664927972190245,0.1711420030828198,0.15560583554119167,0.07652009802956429,0.09482988197092254,0.010754465478867528,0.09360863141613912,0.4,0.5,0.3,44,11.309169505996945,87.0247269267891
18,36,0.08721273863761156,0.17297809958619628,0.16774874339943158,0.15300066101807952,0.08043152044936663,0.09603925315498149,0.010486031786955874,0.09089738932925112,0.4,0.5,0.3,45,11.170968904685813,86.32424548489699
18,37,0.10205537596380398,0.18663501585819367,0.18139412724838697,0.16689977114351104,0.08819777617184693,0.09336349935051848,0.019115944760262987,0.13049518896731999,0.4,0.5,0.3,47,10.70483611649806,82.68476466103382
18,38,0.08513564035902516,0.16492332518272318,0.15933334117039036,0.14514520738281847,0.08679829289385992,0.09369068006968184,0.010544108218113558,0.09152324723002267,0.4,0.5,0.3,48,10.740843291304918,89.54651954345616
18,39,0.09526500261366684,0.17472264635978724,0.16943239862064569,0.15563912856167417,0.08116360215636265,0.0943571455739562,0.014558895337977985,0.11802109250700496,0.4,0.5,0.3,50,10.781693760729228,91.57439263548652
18,40,0.097517703777656,0.17605026460578277,0.17075114291505145,0.156998322463956,0.08616061666470007,0.0961655201982334,0.015371755097251682,0.12245892688968466,0.4,0.5,0.3,51,10.80600603667508,82.0628307265396
18,41,0.09622275478649567,0.17277967485773893,0.16746156720135957,0.1541556362063558,0.08899479704210042,0.09384560321590055,0.015418733980151658,0.12262553845959519,0.4,0.5,0.3,52,10.706000044374337,81.51262729700652
18,42,0.09454544665148237,0.169407532717194,0.16407321091310473,0.15100205574714665,0.08669569635189313,0.09412623384623311,0.01485250657122115,0.11885153927985066,0.4,0.5,0.3,53,10.560183130019356,91.09307386217182
18,43,0.09477833734180932,0.16962162767692812,0.16428711518507869,0.15151212197471664,0.08103555281343358,0.09481021909071809,0.01482408059812891,0.1187770552975816,0.4,0.5,0.3,54,10.567356596760064,91.72758060657452
18,44,0.09451059492653238,0.16930399077409322,0.16427187091961157,0.151623663264818,0.08122369934660165,0.09412623384623314,0.01485250657122115,0.11885153927985066,0.4,0.5,0.3,55,10.5410878746044,91.287563370931
18,45,0.09342223730531049,0.16395565901194414,0.15888285886422385,0.14698122456534665,0.0855488578355108,0.09371527472740535,0.014842633515192376,0.11886918285357029,0.4,0.5,0.3,58,10.422870505147898,87.31330727794479
18,46,0.7173960216070504,0.7842168112335726,0.7803203985224783,0.7680721357813451,0.7196332862549283,1.0,0.01081096657587235,1.0,0.4,0.5,0.3,59,10.40068464500446,80.42374243673275
18,47,0.716716233101824,0.7753903805565209,0.7714169482354896,0.7611122870737277,0.7205428529706208,1.0,0.012791872622616466,1.0,0.4,0.5,0.3,61,9.92511069502564,76.89005820569096
18,48,0.7160548576997046,0.7726751909810701,0.7683794879669419,0.7573178812027661,0.7129149209292642,1.0,0.012252399992853269,1.0,0.4,0.5,0.3,62,9.962716046510677,75.62479208530894
18,49,0.7148330792746154,0.7690091533531094,0.7649934234081259,0.7543023947061046,0.7141486371355361,1.0,0.010807624693546174,1.0,0.4,0.5,0.3,63,9.81504222523894,77.82577138655202
18,50,0.714733297864907,0.7682156020961926,0.7641933539475743,0.7540199174187232,0.7078286018060198,1.0,0.010878951197051952,1.0,0.4,0.5,0.3,64,9.591025535938218,77.13444951940855
18,51,0.7138707257849177,0.7632227022143447,0.7591618135137455,0.749476075569126,0.712473179909039,1.0,0.010746512134108764,1.0,0.4,0.5,0.3,66,9.387203849019077,72.97808300044727
18,52,0.7138669963209495,0.7632671258846572,0.7595096414919621,0.7502968088515527,0.7054493257827468,1.0,0.010755022177624706,1.0,0.4,0.5,0.3,68,9.389302660534383,72.7401790606154
18,53,0.713835468373319,0.7631614645630884,0.7597062136974791,0.7506428245772765,0.7056586668330296,1.0,0.01075447506891482,1.0,0.4,0.5,0.3,70,9.406802883600918,72.65713910585892
18,54,0.7138928402371961,0.7630201615960119,0.759563042266327,0.7511402433039085,0.7061580173835622,1.0,0.010945279071553836,1.0,0.4,0.5,0.3,71,9.459697608954974,73.86495176303383
18,55,0.7165084230488981,0.763523308531944,0.7600464923767448,0.7534906168592945,0.7102968809852763,1.0,0.01697537880069229,1.0,0.4,0.5,0.3,75,9.58929131188971,79.3242546778021
18,56,0.7167074960082127,0.7607170960704552,0.7572122959898295,0.7524268388981425,0.712673909606558,1.0,0.018495394043128933,1.0,0.4,0.5,0.3,78,9.465679700429613,79.90097729719398
18,57,0.7167850727308762,0.7604137729212999,0.7569053984408292,0.7521064406054939,0.7106965139621463,1.0,0.01879144363246261,1.0,0.4,0.5,0.3,79,9.42193445311054,80.13485250377629
18,58,0.7162444947953744,0.7566030983192482,0.7530643810484114,0.7494558441473147,0.7131715798776699,1.0,0.018908492281156118,1.0,0.4,0.5,0.3,82,9.227112239926798,78.93738618024949
18,59,0.7162174889857584,0.7565173993425731,0.7532810474527682,0.750853188094065,0.7097074926401321,1.0,0.018908492281156118,1.0,0.4,0.5,0.3,84,9.2407244849293,78.93850094092203
18,60,0.5382018394663128,0.5774272677238159,0.5747869306384674,0.5745839465379995,0.5323770487909647,0.5690075372591007,0.008124987028467343,1.0,0.4,0.5,0.3,90,8.876836935192646,73.93289213215185
18,61,0.7104124980147055,0.7487546812265307,0.7464090909363958,0.748425787332935,0.7048785909196114,1.0,0.008102388824086728,1.0,0.4,0.5,0.3,94,8.855632749450145,73.26198423719914
18,62,0.7101844776374371,0.7471381330412992,0.7447796576084192,0.7470895860074357,0.7056439642893847,1.0,0.008142729673454013,1.0,0.4,0.5,0.3,97,8.641932134529647,73.92520597310381
18,63,0.7100615607593115,0.7468281375518038,0.7447708748189674,0.7480460755828938,0.7049379034951514,1.0,0.007995445460164494,1.0,0.4,0.5,0.3,98,8.83853437390086,68.50755091086654
18,64,0.7100556645776831,0.7468549377732647,0.7451010122611308,0.7496329738608786,0.7040993461507631,1.0,0.008004042953283844,1.0,0.4,0.5,0.3,100,8.828294450026908,68.6085654249898
18,65,0.7232982114074562,0.7593171560706757,0.7569500406228564,0.7603626534798977,0.717758595461953,1.0,0.03470222862431465,1.0,0.4,0.5,0.3,105,8.878048483339406,99.10057222634238
18,66,0.710724858461093,0.7448744753924132,0.7430960586922811,0.7473352511688481,0.7068757896062551,1.0,0.010277960459757601,1.0,0.4,0.5,0.3,109,9.140234595171906,70.04820883387166
18,67,0.7105952942231277,0.7438319505685076,0.7420451005337507,0.7486135112118537,0.7059442823735134,1.0,0.01033898898066356,1.0,0.4,0.5,0.3,113,9.189904817672089,69.80481162839972
18,68,0.7104533872492693,0.742838614925434,0.741043925243778,0.7492685976159391,0.7058939504096575,1.0,0.010350905726966569,1.0,0.4,0.5,0.3,117,9.063828864374768,69.55342150016267
18,69,0.7110669195161772,0.743122574776752,0.7416278151730322,0.7511369186042602,0.7072811898028771,1.0,0.0117236047428716,1.0,0.4,0.5,0.3,118,9.11415394605962,70.29354459850428
18,70,0.7091820073516599,0.7402285441485468,0.7399362730620371,0.750821018264345,0.7057563508615079,1.0,0.008426878660696382,1.0,0.4,0.5,0.3,121,8.731033125782334,69.57389451822691
18,71,0.4129294038130996,0.44245637496794205,0.4418472237534511,0.4510176463248229,0.41061913940815287,0.2599810199426179,0.008427115842225785,1.0,0.4,0.5,0.3,123,8.684937976735162,67.34332374773977
18,72,0.7088459604076262,0.7374832581479966,0.7365629763251882,0.7564439569578973,0.7043672111796975,1.0,0.008517727191769756,1.0,0.4,0.5,0.3,150,8.601873397163724,79.89717683296246
18,73,0.7162993897745145,0.7452961417041942,0.7464999070776938,0.7694431414008165,0.7118724514660095,1.0,0.023516617276835,1.0,0.4,0.5,0.3,156,8.679356678688501,82.47443478525985
18,74,0.7086509285572113,0.73629376059192,0.7368791492223967,0.7595020791784592,0.7062870479138832,1.0,0.008617410174219919,1.0,0.4,0.5,0.3,158,8.723305215596126,86.85125292334287
18,75,0.7086145581306093,0.7366259950998955,0.738729483532144,0.7672545290480413,0.7043044141117349,1.0,0.00857220376691452,1.0,0.4,0.5,0.3,173,8.717558300637219,85.66344643047405
18,76,0.6367697705018123,0.6636354907032107,0.6642136948298251,0.6923818384535715,0.6337293400671589,0.8207464788535619,0.008519802448373618,1.0,0.4,0.5,0.3,175,8.691672948581811,67.55039600796802
18,77,0.6177172079692296,0.644024018540716,0.644597137942697,0.6745023994475603,0.614301880501639,0.7733213097373034,0.008542606338987834,1.0,0.4,0.5,0.3,178,8.69881595895131,67.57076885398453
18,78,0.554989168644721,0.5793216119307053,0.5804826187495912,0.6103741951802222,0.5584785264988193,0.61718058659268,0.008717845541743876,1.0,0.4,0.5,0.3,179,8.74965107557623,70.98972558815422
18,79,0.7081014742651128,0.7324305979356636,0.7335915715652834,0.7645497974715603,0.7043467708088498,1.0,0.008688021707801924,1.0,0.4,0.5,0.3,183,8.697277297707329,68.19803556856249
18,80,0.7080739293167189,0.7321777038093784,0.733336610441405,0.7647243884095147,0.7046082799365153,1.0,0.008707678052733016,1.0,0.4,0.5,0.3,186,8.61173949715383,77.88704849818187
18,81,0.7080623299356519,0.732161164042274,0.7336229777452925,0.7661248552288729,0.704400843394076,1.0,0.008715909820100858,1.0,0.4,0.5,0.3,188,8.599930780402662,77.6141051138947
18,82,0.7080567395792745,0.732125728082895,0.7335872430825188,0.7667907812147334,0.7045209754290296,1.0,0.008714651839318818,1.0,0.4,0.5,0.3,190,8.599083530656277,77.73424353665683
18,83,0.708153202690995,0.7322975547122492,0.7340626626002619,0.7684876985093908,0.7045058711220729,1.0,0.00891239709671388,1.0,0.4,0.5,0.3,191,8.68506791033551,94.22133183639394
18,84,0.7080339673760396,0.7320481530527354,0.7338121198245804,0.7684881454882172,0.7047989809108327,1.0,0.008717012103309267,1.0,0.4,0.5,0.3,192,8.580537620508045,77.71576592575502
18,85,0.7081269900285672,0.7317690715604827,0.7332266676930705,0.7674693043117582,0.7048567613979606,1.0,0.008996325887788923,1.0,0.4,0.5,0.3,194,8.757063560728701,111.21605625800537
19,0,0.9475011001010447,0.890051992470444,0.8891890358363148,0.8853128694506784,0.0,0.0,0.0,0.0,0.4,0.5,0.3,1,224.81754832483225,1346.3982449737778
19,1,0.9181835230553346,0.9118151565228778,0.9107957749552299,0.90662975253444,0.07041527652122881,0.10404539459931943,8.339773664612007e-05,0.00011270981830787,0.4,0.5,0.3,3,208.33538513288627,1267.6567667907482
19,2,0.8569172935842673,0.8933826052488832,0.8922179416484417,0.8880909436309733,0.09512468901384599,0.09959046667173535,0.0014107241009548536,0.00410182874067057,0.4,0.5,0.3,4,202.1248655241461,1711.3071909631262
19,3,0.8067217121089034,1.1172605963125823,1.1138549966277174,1.1011654352985332,1.3740724981170989,0.21588827246545989,0.3296123000940192,1.0,0.4,0.5,0.3,5,68.01951662962242,244.2111500392869
19,4,0.6681620497714209,0.9699964458428831,0.9658148316642818,0.9512591023215609,0.6454672608486332,0.11564034689938758,0.31303655177810463,1.0,0.4,0.5,0.3,7,43.90434626712585,282.3614490647484
19,5,0.6250216056263034,0.8786263290053167,0.8737865418089341,0.8554242611373473,0.7119243655591995,0.16755311278159385,0.3336696971248206,1.0,0.4,0.5,0.3,9,29.220219212120394,97.37814308733924
19,6,0.6016975107603715,0.8260505408038077,0.8208080487716047,0.8014457209439798,0.6067266368929682,0.16428787108602042,0.3337479387803801,1.0,0.4,0.5,0.3,11,23.72877621408907,85.87361677175184
19,7,0.5711817119829152,0.7457709186517261,0.7399393072758842,0.7187549141646032,0.6350386366742435,0.15632382939786543,0.3296869556842701,1.0,0.4,0.5,0.3,13,18.13806287051126,61.568126281279085
19,8,0.5738158164019809,0.7450598976703415,0.739187708190556,0.7182814337051568,0.5408386545698354,0.16365227835534485,0.3327190807977923,1.0,0.4,0.5,0.3,15,17.369766866252096,66.89895950174459
19,9,0.5646733373644912,0.7074846096609393,0.7013136183919224,0.6796321801268875,0.6361829254901679,0.16658402841255998,0.3313867298333296,1.0,0.4,0.5,0.3,16,14.79769000462319,79.50223006329243
19,10,0.5637364730612935,0.704626126961503,0.6984350008715043,0.6773488707743571,0.5393998701090685,0.1655752563045546,0.3315930549765588,1.0,0.4,0.5,0.3,17,14.601808696535889,79.07180916985087
19,11,0.5379354596019756,0.6505762489045386,0.6440968244745113,0.6225438576232253,0.620654516556173,0.16127701086118976,0.30042663444280704,1.0,0.4,0.5,0.3,18,13.361499440625218,52.90399184854373
19,12,0.5333763493123331,0.6236806507808748,0.6169807368532845,0.595476918858797,0.5564764702254522,0.16573366057379144,0.2992559496685555,1.0,0.4,0.5,0.3,20,11.659896296895004,42.97937675866457
19,13,0.5279963159554674,0.5982903718600987,0.5913977566427995,0.5693967604296728,0.5504280458726614,0.16334112733739242,0.29949466836180255,1.0,0.4,0.5,0.3,22,10.574112084877218,38.5642946937362
19,14,0.527783230680884,0.5911658319654857,0.5842075624108038,0.5626352314102647,0.5283468674385414,0.166364736588353,0.29955373507660843,1.0,0.4,0.5,0.3,24,10.07816947153915,40.27813294864391
19,15,0.5260670926596108,0.5878169720765953,0.5811461839473753,0.5605152091354548,0.5179419270218301,0.16044733784288953,0.30156162040806167,1.0,0.4,0.5,0.3,26,9.917009912973478,39.159157377451415
19,16,0.5260973480610083,0.5827101347578754,0.575687952204713,0.5552686436977397,0.5247489337206201,0.16674742696030037,0.29862040027428266,1.0,0.4,0.5,0.3,28,9.64473108035424,37.31778664452552
19,17,0.5255977018444942,0.5790537349890137,0.5720018794703277,0.5517281376915579,0.5270282887657851,0.1666081947838829,0.29897965783732366,1.0,0.4,0.5,0.3,29,9.674488483017448,37.69893662588958
19,18,0.526536381322936,0.5789822312989634,0.571920899693126,0.5520681287149241,0.5207497076208548,0.16982347550767346,0.29867946698908865,1.0,0.4,0.5,0.3,30,9.305165502408064,40.85470046727553
19,19,0.5245797740185747,0.5750531346366121,0.5679733311977112,0.5485068784354182,0.5224820110464117,0.1659185408409682,0.2986547097774962,1.0,0.4,0.5,0.3,31,9.268534728871511,36.96758358339408
19,20,0.5267864276566734,0.5764557875387732,0.5693684504000465,0.5504131660239507,0.5194371076767665,0.17178002642203144,0.2986880230956729,1.0,0.4,0.5,0.3,33,9.373113373918542,40.19056107890762
19,21,0.5254133385626111,0.5708354759782663,0.5637084821892888,0.5453437331976483,0.5247715673254647,0.1703420375871072,0.2987042933359911,1.0,0.4,0.5,0.3,35,9.09760977265881,36.87661885394777
19,22,0.5264167286035852,0.5712528034472886,0.5647262122128129,0.5479115062093753,0.5191614604806057,0.17275026894547976,0.29907197057879065,1.0,0.4,0.5,0.3,40,9.224540096351715,36.24072074806315
19,23,0.5221774532635708,0.5639226532390649,0.5573672768080042,0.5405081492930948,0.5202463419956374,0.16780201216330196,0.29569714256006907,1.0,0.4,0.5,0.3,42,8.927883094673277,38.07304667071457
19,24,0.5232894991385371,0.5636641508601401,0.5567931499679091,0.5407854754095985,0.5206830822572649,0.17172644804554138,0.2952509167108708,1.0,0.4,0.5,0.3,43,9.021049492779618,39.63912185598529
19,25,0.5225034179813302,0.5608765941745537,0.5539870187644764,0.5376851157081205,0.5227101959555438,0.17065995825221053,0.2952590513085109,1.0,0.4,0.5,0.3,44,8.827357877548895,35.1825610292323
19,26,0.5273828389540017,0.5639666204028972,0.5576663147062213,0.5425291581271419,0.5244746954638344,0.17937085844256068,0.2987570903744004,1.0,0.4,0.5,0.3,46,8.948876077747046,37.42526576265824
19,27,0.5273864261766239,0.5635800999137828,0.5575792297674851,0.5437367217255196,0.5220318646612221,0.1795591128195022,0.2987851879658366,1.0,0.4,0.5,0.3,48,8.943530426955897,41.29773587486861
19,28,0.528295738975554,0.5634061997655686,0.5573952955485657,0.5435902776484633,0.5259959553904454,0.1823352037319901,0.2987683228274507,1.0,0.4,0.5,0.3,49,8.77569311585855,40.507433440428144
19,29,0.5253961586589924,0.5584881419049069,0.5521555664210145,0.5387346768079385,0.5219384915083283,0.1775928452349102,0.29744366875108,1.0,0.4,0.5,0.3,52,8.71123221902323,35.854967039943354
19,30,0.5250474766624678,0.5582169272634492,0.5521881001470216,0.5388404565006105,0.5194609021201826,0.17488897929196898,0.29891438098743284,1.0,0.4,0.5,0.3,53,8.736996427786888,33.8302084838372
19,31,0.5265755524455911,0.5580694539900111,0.551722173974527,0.5388307174123408,0.5265816388986522,0.18123335134161206,0.29744899745286424,1.0,0.4,0.5,0.3,54,8.66831050722019,35.0134604891327
19,32,0.5256135988112801,0.5569876441098444,0.551245202765468,0.5382658473154649,0.5213277869771038,0.1771118780022558,0.2989271101984431,1.0,0.4,0.5,0.3,55,8.705901884063614,33.82849277695195
19,33,0.5263075351009688,0.5565764660428282,0.5508238249824555,0.5378055799615982,0.5249299085041284,0.1793016338203956,0.2989462443922809,1.0,0.4,0.5,0.3,56,8.695180192403797,35.401735442447965
19,34,0.5263377993094747,0.5564350748762781,0.5509838180941702,0.5383968724785303,0.5221532757068089,0.17947347544618958,0.29895966952871494,1.0,0.4,0.5,0.3,57,8.698541280316846,36.971522834488894
19,35,0.525495686871861,0.5548896536351555,0.5488260259873112,0.5366352645151287,0.5222819969423595,0.17915923673426964,0.297706923582097,1.0,0.4,0.5,0.3,58,8.572300374441578,41.32029241386436
19,36,0.5257959182423986,0.5533076394071741,0.5481356316577362,0.5380794672746957,0.5226389845637182,0.17904154663563496,0.2991385727347233,1.0,0.4,0.5,0.3,63,8.644451456049788,35.75251730314848
19,37,0.5271219866965926,0.5523248596850265,0.5459197518024504,0.5363193303055837,0.5261263240495404,0.18273513820228623,0.299496142243658,1.0,0.4,0.5,0.3,65,8.566052425832646,36.33422187141122
19,38,0.5270704219097399,0.5521516474170896,0.5457453850472885,0.5373282979339932,0.5229138844697672,0.1826183722997628,0.29952756313597767,1.0,0.4,0.5,0.3,69,8.582990767913785,44.643026439275445
19,39,0.5271007430596573,0.5517968898954526,0.5456901401162648,0.5386594932857677,0.5237207216751175,0.18278378394718914,0.2996156625421705,1.0,0.4,0.5,0.3,71,8.595631528712449,44.95142172121796
19,40,0.5257894100290803,0.5491105509164281,0.5442030458365179,0.5379610604302081,0.5228739842538228,0.18378258022846367,0.2967748690155944,1.0,0.4,0.5,0.3,77,8.572238055785853,32.84101255718621
19,41,0.5237031795715215,0.544997501252561,0.539768501106164,0.5344674926524631,0.5266384299060061,0.1823482416287617,0.2943914897327818,1.0,0.4,0.5,0.3,78,8.532603479046912,35.61973171316993
19,42,0.5237277071222234,0.5433333366847948,0.5380888855493593,0.534554997212337,0.5218534069471472,0.18229081658613372,0.2950410575775923,1.0,0.4,0.5,0.3,82,8.431920947853204,35.71627518022343
19,43,0.5241090181116568,0.5433506414692124,0.5387087532197008,0.535986880742805,0.5218190867919797,0.18370735985104336,0.29484811689927953,1.0,0.4,0.5,0.3,84,8.447037550917086,31.900104501116427
19,44,0.5230111101046784,0.5416014096182279,0.536650663127558,0.534912246340884,0.5205276827391093,0.1813432890331608,0.2947263587806519,1.0,0.4,0.5,0.3,87,8.427339133322153,35.815379429152934
19,45,0.5261975971659796,0.5437307710233631,0.5387703743524146,0.5373347730634928,0.5241435467872793,0.18339210377732007,0.2998030853791601,1.0,0.4,0.5,0.3,91,8.277058485017076,27.65695926552147
19,46,0.5268660843509645,0.544020070905425,0.5390562222310321,0.5398313981221055,0.5242420117844434,0.18506022410478423,0.2999280864651464,1.0,0.4,0.5,0.3,96,8.207839852675486,27.47503936012286
19,47,0.5264054684771557,0.5430837848215861,0.5381155754590348,0.539191927156618,0.525195989590944,0.1839905965589553,0.30001589811757046,1.0,0.4,0.5,0.3,97,8.184813913365415,27.167467560047704
19,48,0.5263727056147747,0.5426765808069097,0.5380079373434861,0.5415743554496597,0.5238681732555704,0.18420798061508886,0.2999258839116387,1.0,0.4,0.5,0.3,104,8.217678791435977,27.210242264616184
19,49,0.5265704054262306,0.5426304108936819,0.5382624744455531,0.5445599827999749,0.5241207086561804,0.1847113225130612,0.3000257533095099,1.0,0.4,0.5,0.3,109,8.137416170102266,27.34072510856106
19,50,0.5270913551211972,0.5426519519501646,0.5379764969105627,0.5456871646747984,0.5258529656317417,0.1855226833348807,0.3005497427077226,1.0,0.4,0.5,0.3,110,8.150565601802898,27.30866340815263
19,51,0.5275711122026239,0.5428242086902384,0.5381459895718648,0.5468082475482726,0.5255270785121124,0.18638628648744743,0.300916740737299,1.0,0.4,0.5,0.3,112,8.10669985948053,27.059948696487385
19,52,0.5279641415422237,0.5421919881411937,0.5372014626038722,0.5467709980409818,0.5286940037278718,0.1864618671167514,0.30194095395691434,1.0,0.4,0.5,0.3,113,8.043102297810762,27.135106220864195
20,0,0.8887280274304046,0.8736649417879813,0.8726733590898906,0.8683057322752258,0.0,0.0,0.0,0.0,0.4,0.5,0.3,1,281.0998748562102,1356.2156534693563
20,1,0.866749884863189,0.8943669498208157,0.8932335840613289,0.8886325584314325,0.06481058945449913,0.09672968896646904,8.215241533018288e-05,0.00011291047792415999,0.4,0.5,0.3,3,263.4517793402608,1318.5353123957184
20,2,0.8279922635287806,0.8924076398683035,0.8911395935878272,0.8866180179738835,0.10340766032948431,0.13154023781570762,0.0010193285993480568,0.00279885849922577,0.4,0.5,0.3,4,242.29262598372688,1177.016475657248
20,3,0.7886929306528971,1.0993334075765182,1.0959185422038797,1.0831932027853624,1.3227679172821665,0.20761306504487487,0.3027460172061818,1.0,0.4,0.5,0.3,5,68.17363440001033,248.3867410315092
20,4,0.788390729987919,1.0990547760318412,1.0956376968248178,1.082903954317787,0.5352204167392282,0.20761306504487487,0.3027460172061818,1.0,0.4,0.5,0.3,6,68.03629408301411,250.9804555990632
20,5,0.6568467671097036,0.9581180105725766,0.9539205455219559,0.9393036083611364,0.7796961413922134,0.121995054875726,0.2882321169168525,1.0,0.4,0.5,0.3,7,42.61949433808245,252.25389135748617
20,6,0.654287110614111,0.9546076046951912,0.9503824924471684,0.9354776925241033,0.502869741705236,0.12199505487572601,0.2882321169168525,1.0,0.4,0.5,0.3,8,42.02299641261638,256.31342178328373
20,7,0.6216376318901329,0.8828019171201158,0.8780864845066716,0.8599880940832125,0.8137615014841817,0.1748785034250186,0.30447707783637895,1.0,0.4,0.5,0.3,9,32.963978470005245,120.75502722243397
20,8,0.5442246730418494,0.6771919429771911,0.6709187989438117,0.6473961131053241,0.8010729880589187,0.15487032691063465,0.30621412321747477,1.0,0.4,0.5,0.3,11,15.60990502289457,62.921576917008025
20,9,0.54409056800259,0.6769215470454575,0.6706470267551028,0.6474497874860693,0.5154793128368811,0.15457579091537801,0.30626669844259025,1.0,0.4,0.5,0.3,12,15.59745076873292,62.89341111573278
20,10,0.5398858615041116,0.6595697678910141,0.6531611604663559,0.6296756355678061,0.5639316890855455,0.15384552165268664,0.30631285670444036,1.0,0.4,0.5,0.3,13,14.76685140504862,63.862569517251416
20,11,0.5397820870327197,0.6591034775615152,0.6526912252317858,0.6291915778725407,0.5160365555257793,0.15384552165268664,0.30631285670444036,1.0,0.4,0.5,0.3,14,14.794458468465171,63.81171413243831
20,12,0.537194091665951,0.6465467694215508,0.6400345347185047,0.6167309054021123,0.5515895994545268,0.15427447042898748,0.3063321700183575,1.0,0.4,0.5,0.3,15,13.95527150604075,52.8309677788953
20,13,0.5122587259425633,0.6125395752801908,0.6062403285146885,0.5821962690154094,0.5256718613136058,0.15349089487782946,0.2618912243783193,1.0,0.4,0.5,0.3,16,13.377387214286928,44.153883678750006
20,14,0.5340294285403471,0.6315967051212925,0.6249679175641687,0.6016832831882357,0.5242522071019804,0.15479749865829928,0.30571503832587216,1.0,0.4,0.5,0.3,17,13.369572033187591,65.58115546825596
20,15,0.5067269049597286,0.5882493149952679,0.5817673070748544,0.5576234704815648,0.5489826422070813,0.1509088253835961,0.2619526545219542,1.0,0.4,0.5,0.3,18,12.319672026472984,41.15883427562592
20,16,0.5067009293506629,0.5881996535369896,0.5820203037680722,0.5587309473593707,0.49154100699257947,0.1509088253835961,0.2619526545219542,1.0,0.4,0.5,0.3,20,12.308177340218576,41.22863975978348
20,17,0.5073946570287784,0.5882524680326404,0.5817640383594054,0.5585952160914369,0.49410974975149163,0.1529307088821698,0.2619740412775976,1.0,0.4,0.5,0.3,21,12.398929674714129,42.02540609364626
20,18,0.5297745665223103,0.6084709204411503,0.6016585369676515,0.5791662763294003,0.5228354036310332,0.15532316323895695,0.3058185814233599,1.0,0.4,0.5,0.3,22,12.288380858124494,53.1059950739192
20,19,0.5045290072437272,0.5714691360130286,0.5648475554475796,0.5420734736951729,0.5334495490853663,0.15330291242523053,0.26204394806845255,1.0,0.4,0.5,0.3,23,11.800564333965324,41.95219876984732
20,20,0.5076486411630993,0.5731684208915981,0.5665332988362096,0.5438166162359666,0.498273524366571,0.1520384385916573,0.26989875627285803,1.0,0.4,0.5,0.3,25,11.471824552319758,45.45907298321372
20,21,0.507874186743909,0.5724812064483037,0.5658374531268514,0.5433405270575633,0.4993378772244659,0.15309726633299392,0.26988100339135196,1.0,0.4,0.5,0.3,26,11.502881534644745,44.61484421741868
20,22,0.5266374233160647,0.585671296376181,0.5786719322645133,0.5568759933179657,0.5350622941067648,0.157735198668233,0.3059392149452262,1.0,0.4,0.5,0.3,27,11.365674824269904,54.51482143130824
20,23,0.4949581955920323,0.5516530339235384,0.5452374455667035,0.5227322682897617,0.4936094321713929,0.15277707481596953,0.2475578432452523,1.0,0.4,0.5,0.3,28,11.427878033462486,36.26805921479532
20,24,0.5252315246690598,0.5793657865849571,0.5723203283787022,0.5512939241791106,0.5238491967429119,0.15664010556743585,0.3059556651106527,1.0,0.4,0.5,0.3,29,11.167156648152208,52.18182149746923
20,25,0.49519698967293946,0.5452319245474329,0.5387538729647128,0.5165277186024724,0.5011618407614093,0.15160447383576928,0.25157842096755023,1.0,0.4,0.5,0.3,30,10.852416134786417,41.75637504831485
20,27,0.5165153460711704,0.5608304613143207,0.5546019392384236,0.5362339085675041,0.5095216632260651,0.15368770879165516,0.29474655825456963,1.0,0.4,0.5,0.3,39,10.719627604897028,38.54988681689845
21,0,0.9385419575145226,0.8876183173256434,0.8867362650984442,0.8827871449263255,0.0,0.0,0.0,0.0,0.4,0.5,0.3,1,233.8112404219848,1360.4232062486074
21,1,0.905429681328396,0.9034133749043519,0.9023798640919692,0.8981601504759422,0.06289532219606717,0.08753835406896,8.329236869252802e-05,0.00010735176944450999,0.4,0.5,0.3,3,216.6508181441957,1290.0700501587294
21,2,0.8606846603397486,0.900968072327057,0.8997897103402606,0.8956103571133611,0.10429767084931264,0.12457808771607255,0.0010745560686564876,0.00244422396396749,0.4,0.5,0.3,4,202.1208152533084,1121.914811546341
21,3,0.7770928786094007,1.0874458761663388,1.0840553670107675,1.0714228799162218,1.3317862528737108,0.18621714232334857,0.32486869762922144,0.941701488925222,0.4,0.5,0.3,5,64.71825071800276,249.62106343920595
21,4,0.6223661652802187,0.9220332300679509,0.9177889573535224,0.9029924717022922,0.6195547002129296,0.09149421728390697,0.306238210554327,0.910237851094848,0.4,0.5,0.3,7,44.21536232663789,255.51808737582704
21,5,0.5937120492825034,0.838794760524258,0.8338386719081994,0.8150268690970852,0.6953489458499065,0.149915205009339,0.3279936982622547,0.9496060125293632,0.4,0.5,0.3,9,27.549024316755823,103.10625161469834
21,6,0.535992181784146,0.6746843966613654,0.6684704116969271,0.6453894499644202,0.7358998288699412,0.13934611711658096,0.3286735182859642,0.9497536527296431,0.4,0.5,0.3,11,14.299314942044749,63.19634838820063
21,7,0.5361426720246822,0.6747537944106998,0.6685389821229248,0.645454848052482,0.5054945689230215,0.1404980274700921,0.3284237767256169,0.9492251232313803,0.4,0.5,0.3,12,14.281204885345538,62.73773634193568
21,8,0.5319171149411643,0.6587802751567327,0.6524445429861612,0.6292377137970269,0.5490359146530304,0.1383428912814247,0.3287244108498521,0.9497297128356144,0.4,0.5,0.3,13,13.907817253560651,64.53345061900504
21,9,0.45209495910026865,0.5768600808832229,0.570805856440384,0.5473437292520508,0.4336254424186391,0.13473341436629144,0.2719793556624295,0.785216547599225,0.4,0.5,0.3,14,13.662360800448411,41.50766570113805
21,10,0.528587073367354,0.639912337578744,0.6334197561512827,0.610191863928015,0.5552008970823272,0.14432737881774343,0.3275981127507132,0.9473598951998792,0.4,0.5,0.3,15,12.984111839888904,63.84175078648303
21,11,0.4848618950232081,0.591582722121419,0.585044242617982,0.5625699174501586,0.48021985281076385,0.14586343973012159,0.29471909135348845,0.858515379927104,0.4,0.5,0.3,16,12.474791293559068,43.05475334550157
21,12,0.4789736807379999,0.5653069723574669,0.5588713344064324,0.5365100129901321,0.5362967156761096,0.14407940021963533,0.2946691933854712,0.8583998340744257,0.4,0.5,0.3,17,11.53044534435735,36.05408718926511
21,13,0.47389866243146395,0.5415084418963028,0.534893227667885,0.5115978529074379,0.4944639466119533,0.14161960523617328,0.2947654425042505,0.8584718825179662,0.4,0.5,0.3,19,10.93716594663057,36.31296721770744
21,14,0.47834092390328375,0.5438558884833262,0.5375236253268184,0.515077764880072,0.47027741143356827,0.14173452706201564,0.2984537920531182,0.8685075262020977,0.4,0.5,0.3,21,10.743339300986266,38.45912560519399
21,15,0.47227808071448585,0.5346314280333533,0.5279663521078372,0.5053872660798842,0.4717341654753196,0.14028128028484418,0.29480521652413616,0.8584382487862353,0.4,0.5,0.3,22,10.656835167544068,36.012094011728884
21,16,0.46769349240350144,0.5246905010487184,0.5179748682577525,0.49570871498959573,0.476113977031389,0.14109101307543118,0.29175585152551625,0.8507749070707078,0.4,0.5,0.3,23,10.3791716129842,38.11931708776781
21,17,0.4719481684936305,0.528274845612577,0.521552863380252,0.49995007171131123,0.46436088565784145,0.143906221569431,0.29425560825162145,0.8575021477723611,0.4,0.5,0.3,24,10.288551801907008,36.73565143390341
21,18,0.47143975431277785,0.5233517572431219,0.5165883328696355,0.49482702040196297,0.4774924338342961,0.1445350815231249,0.2942900114620769,0.8577969929604784,0.4,0.5,0.3,25,10.472702451189988,36.664409166987966
21,19,0.47097782596027116,0.5193309892279083,0.5125342767550692,0.4913445678666132,0.4746904486604377,0.14554730486148837,0.2942362116973729,0.8572679140009191,0.4,0.5,0.3,26,10.286767176563965,38.46205927447249
21,21,0.4693932223046544,0.5116523149610192,0.5047988345703263,0.4843726185263149,0.4791208293315188,0.14434433098827287,0.2942545634266806,0.8573633085181435,0.4,0.5,0.3,28,10.000409979616268,36.960477085947886
21,22,0.46931797822416066,0.5112581875646999,0.5047046298138159,0.48459689619946344,0.46277103217376997,0.14434433098827287,0.2942545634266806,0.8573633085181432,0.4,0.5,0.3,30,9.966724210644346,36.6895820838331
21,23,0.4695367205443581,0.5069412220797666,0.5000426869289891,0.4809081554599558,0.47067396176521314,0.1467929393620539,0.29427597618623097,0.857487471064849,0.4,0.5,0.3,32,9.829653348741951,31.747400525014108
21,24,0.4706718953527823,0.5061749013808886,0.49925875179266577,0.4808035293646687,0.46780713547901015,0.1503854428606211,0.294291669219034,0.8575889808180343,0.4,0.5,0.3,34,9.755504531220756,32.62969455618991
21,25,0.47284190343792243,0.507028340776204,0.500402964603487,0.4813173982967047,0.4693821343872958,0.15574768159355643,0.2945850399366501,0.858015049358867,0.4,0.5,0.3,36,9.585702168894269,31.312106022651623
21,26,0.47257109837701833,0.5056929235142904,0.4993606551816288,0.481360557077637,0.46888562905224723,0.15564062600614406,0.2945673545930091,0.8579625190725947,0.4,0.5,0.3,38,9.449284694438663,30.28937864187384
21,27,0.47228902316858545,0.5039402485311542,0.4972914658611078,0.4805027650841024,0.46922629023720874,0.15532344800019238,0.29461564486895014,0.8581700946960927,0.4,0.5,0.3,40,9.501307514622155,30.916464807346536
21,28,0.47129700141927344,0.5023840430967046,0.49573009554480507,0.4787128543277583,0.46790313562822705,0.15401873100628605,0.29432656167849064,0.8574121284485978,0.4,0.5,0.3,41,9.366453369383478,27.378801420445395
21,29,0.47144065172452054,0.5023567631106958,0.49600416292873145,0.47965902809264993,0.46662812044883184,0.1544765393991419,0.2943360902611179,0.857416825320134,0.4,0.5,0.3,43,9.361540456500547,27.61156206952454
21,30,0.4736854862687996,0.5044061407330571,0.4980517356496039,0.48270779186043933,0.468789576074546,0.15827160575719657,0.29472030453103804,0.8593111650766823,0.4,0.5,0.3,45,9.241303696794247,29.588779739283243
21,31,0.47258084435909964,0.5023455094515537,0.4959823015238155,0.48132887083410664,0.46913880985215534,0.15295067113032573,0.2955085527655159,0.8619611669061757,0.4,0.5,0.3,47,9.311605416621802,29.632195978463656
21,32,0.4705673759008534,0.49755209154202884,0.49146633307632315,0.47729956346331454,0.47568986769672617,0.1532775517865648,0.2945741434787895,0.8580099197963756,0.4,0.5,0.3,48,9.291258605566268,27.739267038968176
21,33,0.4712178159214796,0.4980584680077848,0.49197139061372086,0.47870160054157523,0.4669191406905806,0.15490003980962377,0.29459607464601967,0.8580599229360585,0.4,0.5,0.3,50,9.265030159359394,27.819824282842056
21,34,0.47151362149503623,0.49819910491274033,0.4921106121395047,0.47905885582591995,0.4672596228200654,0.15574725032251374,0.29459252676779824,0.8580100318583547,0.4,0.5,0.3,52,9.285550051360811,27.876747303299982
21,35,0.47091783277558513,0.4973364783479143,0.49124551527608046,0.47886296258595445,0.46689754118915516,0.1542938106306772,0.2946135402723272,0.8580779072834017,0.4,0.5,0.3,54,9.213306941577924,27.9089919577438
21,36,0.4710462392482512,0.4975935609313442,0.4921096332748815,0.4806293419525137,0.46667125027741396,0.1545736108905047,0.29464179812400965,0.858114757237777,0.4,0.5,0.3,56,9.228890401941586,27.585853693429303
21,37,0.47105012986875827,0.49729441081110004,0.4912018585680068,0.4811780788642086,0.4668168912195665,0.15454320549047068,0.2946475116506664,0.8582282687713763,0.4,0.5,0.3,58,9.228399730685387,27.631776035388164
21,38,0.47197214306547397,0.49790514147226994,0.4924156186776528,0.4827011066096436,0.4692701907546095,0.15709734005506698,0.29462725546939855,0.8582069221428545,0.4,0.5,0.3,59,9.2020126692067,28.02592671830044
21,39,0.46568234703358546,0.4886045157883102,0.4833904030155075,0.47388548453983176,0.4653230896528325,0.1512155686143295,0.2842808979443267,0.8640598678132317,0.4,0.5,0.3,62,9.112045074513324,32.32587459380647
21,40,0.44849486506530367,0.47038862511177304,0.4654680848287505,0.45703318854705793,0.44559415072679864,0.14661763696151536,0.26471046443760404,0.8461343605906141,0.4,0.5,0.3,67,9.057698006180416,33.869049041661974
21,41,0.44849181627931256,0.4703847651248361,0.46546419386641424,0.45792699617695903,0.44484127704215237,0.14661801649901465,0.2647111225970169,0.8461231138526362,0.4,0.5,0.3,69,9.066835480324375,33.87169103715422
21,42,0.4486350839037523,0.47039308721044204,0.4654712881436239,0.45855190330708595,0.44523183867670835,0.14662156435531898,0.26475725663436706,0.8465933890511683,0.4,0.5,0.3,71,9.032892500204689,33.89180487711291
21,43,0.44900080725467156,0.47068291603385104,0.46576041586575145,0.460339324530618,0.44563826930605077,0.1467835585929287,0.26472178004329144,0.8476973663463495,0.4,0.5,0.3,72,9.046166647122424,33.4071277182849
21,44,0.4644074984776181,0.48591941030677077,0.4809953197632542,0.47313356489684516,0.4611040542603106,0.1504460546481559,0.28346010672349264,0.8630327888740046,0.4,0.5,0.3,74,9.08480230053855,30.83056667556597
21,45,0.4484514281358979,0.4690909203083387,0.46446182014868015,0.45956054954174347,0.4482511314070111,0.14658694956172752,0.2648325291705882,0.8465654209790386,0.4,0.5,0.3,75,9.01452767924309,33.77047800850372
21,46,0.4483338176228838,0.46889533981440246,0.4642655078791025,0.4596792669031802,0.4451780703888726,0.14656346660385605,0.2646032717130039,0.8466295489293284,0.4,0.5,0.3,76,8.972340047896019,33.73399166871123
21,47,0.4643125268682483,0.48462621171902726,0.48029707110750725,0.4746995907644116,0.46209075171127173,0.153683172872428,0.2830155031538368,0.859897774913246,0.4,0.5,0.3,77,9.128007997156946,47.11733974613386
21,48,0.4641637998730112,0.48356556602514156,0.4792280716341377,0.4742276208334634,0.46400104663827424,0.153683172872428,0.2830155031538368,0.859897774913246,0.4,0.5,0.3,78,9.082399517724456,46.85954532021962
21,49,0.4681054911050472,0.4813308311227467,0.47602828811128717,0.46584120254474853,0.47245912981132376,0.14593760758262977,0.29687437268087535,0.8634299105708632,0.4,0.5,0.3,81,8.436274973992258,31.800128756823057
21,50,0.4681793240413836,0.4806770054056705,0.47567076768632405,0.46625004221015304,0.4687759519274868,0.14590954126968275,0.29709078950922724,0.8637829721425924,0.4,0.5,0.3,82,8.395337405695257,31.96780422355315
21,51,0.46850340833767207,0.48036447408337674,0.47626139623019664,0.4724640510961533,0.46726985431982426,0.14500489337854075,0.29876485367256284,0.8637546295337298,0.4,0.5,0.3,86,8.252979030048342,32.38285587730166
21,52,0.46944996453397003,0.48074101877420217,0.4766327385287607,0.4734571896270091,0.468023024392513,0.14564498772096743,0.29795973006069604,0.8676958947126476,0.4,0.5,0.3,90,8.272365247787308,32.17220129755543
21,53,0.4695198423240755,0.4807863513990994,0.4766778419457802,0.4735014462030954,0.46766151874692574,0.14566104984136077,0.2981200057115659,0.8676530963262834,0.4,0.5,0.3,92,8.262917525868016,32.286192263637574
21,54,0.46920291811595255,0.48045985689537885,0.47635126476993384,0.4731745357993369,0.4673106298502531,0.14569516164530477,0.29778931466487996,0.8671073671353593,0.4,0.5,0.3,97,8.267733581795207,32.14804866342307
21,55,0.46865150976299363,0.4798235431415948,0.4757142066659783,0.4737994661670566,0.46690985007670777,0.143616040372751,0.29802577626669347,0.8676919408495312,0.4,0.5,0.3,99,8.336175935360405,31.816473910398745
21,56,0.46798929215085905,0.47912705727032284,0.47532034294099135,0.4726836584059969,0.4665366161025692,0.14567755453068487,0.29659827157063423,0.8651795328803562,0.4,0.5,0.3,100,8.284918581502138,31.96956570651145
21,57,0.46782465239814663,0.4785810694011816,0.4750738258309126,0.47686001134574113,0.4661221809795119,0.14518554091748237,0.2963225960974102,0.8659915562417352,0.4,0.5,0.3,118,8.277663336316724,32.076792491394954
22,0,0.9383336031889432,0.8875613604672994,0.886678798836288,0.8827279947302504,0.0,0.0,0.0,0.0,0.4,0.5,0.3,1,233.6129380728691,1351.2288162688592
22,1,0.9057112282505521,0.905515942492736,0.9044764258030668,0.9002337758282044,0.06676838947460091,0.09468339566201324,8.330612368150826e-05,0.00012058127474219001,0.4,0.5,0.3,3,216.46897780706544,1249.3374984675722
22,2,0.5199241248073195,0.7657853009373161,0.7638150291985562,0.7559723205689376,0.5087652898828705,0.127332907323618,0.002615921955700698,0.01055838801197187,0.4,0.5,0.3,4,118.18210830473072,545.3826304090777
22,3,0.3666720785524112,0.6728937799920439,0.6700182771248445,0.6587156023667612,0.24404697040832743,0.15710348698052218,0.0068399717276492545,0.03864986330429257,0.4,0.5,0.3,6,76.86534706025805,16439.404051220816
22,4,0.32495967459649694,0.6361668413458056,0.6330043723501357,0.6214557394423349,0.1303797626969391,0.1564547839574954,0.00691642973539651,0.03883551136549193,0.4,0.5,0.3,8,66.29726354591148,16413.90120154448
22,5,0.32068017640077706,0.6324960574176864,0.6292796080136159,0.618143316649516,0.10154873440704149,0.15753528546215617,0.008794775653503666,0.044968690592489556,0.4,0.5,0.3,9,64.06960576221734,15896.079798634177
22,6,0.23131541868882563,0.5288079231335371,0.5251058352831613,0.510632119085923,0.3668046321398232,0.15230401051353196,0.008423074161426769,0.04191510013947742,0.4,0.5,0.3,10,42.050575757424525,15923.168260698798
22,7,0.22030758161845435,0.5121831173943749,0.5083416644823964,0.49333507267066484,0.13002462197271553,0.14952113394639815,0.010253324520811919,0.0463591399561107,0.4,0.5,0.3,11,38.307534466126135,15931.343454334572
22,8,0.16830138084370524,0.42715428214788925,0.4227051595137765,0.4057306450715864,0.2943829893506977,0.13398324536132117,0.009471591692876957,0.04302351382660733,0.4,0.5,0.3,12,29.95269808368453,15387.875629165992
22,9,0.16791078367792053,0.4259295772318611,0.42177002142167297,0.40494587663580417,0.07436310528941611,0.13426000711113167,0.00965117428375226,0.04403826108953905,0.4,0.5,0.3,14,29.816798814447825,15764.608539118595
22,10,0.1525393131169626,0.393837270624122,0.3894333882617006,0.37253976130652355,0.11563417046142997,0.13230972877805355,0.009675467691557561,0.0433825420152616,0.4,0.5,0.3,16,25.79847787394874,15354.520453538236
22,11,0.15602169735489121,0.3937809414717944,0.38932761509404556,0.3732329942391212,0.09550941002408102,0.14250110042248335,0.011031952317475646,0.04835564115163827,0.4,0.5,0.3,17,24.004627763668413,15476.231339309285
22,12,0.14086424808887563,0.3567795369242446,0.35204142446106507,0.3353516343982117,0.12859313147041165,0.1396792150774612,0.011246998101100697,0.04936774371786007,0.4,0.5,0.3,19,20.95768515570837,15354.727972179531
22,13,0.13330616175885024,0.3367050090424242,0.3318139320970064,0.3150324972864194,0.10378417188246297,0.1368003567974791,0.011628656132088765,0.05062100883356625,0.4,0.5,0.3,21,19.730583063351247,15237.119776670635
22,14,0.1286094568063496,0.3227828046666309,0.3177826144366053,0.3012773417933892,0.09567633888301884,0.13727577688056453,0.011394200768000039,0.050268482971660686,0.4,0.5,0.3,23,18.616639992564902,15173.30225857958
22,15,0.12599666025119757,0.31553377471753336,0.3110855293537104,0.2954571531719178,0.0855020330632728,0.13798254120525405,0.01073312001983977,0.04930741526319342,0.4,0.5,0.3,25,18.39060944488936,15357.407011657117
22,16,0.1254701279799468,0.312964533014961,0.30788736984191284,0.2917911200316407,0.08343698559093674,0.13698752005083775,0.011538803909607593,0.050383461646820046,0.4,0.5,0.3,26,17.23325199758924,15108.641817024867
22,17,0.12312739354087328,0.30778623317645387,0.3032821903358416,0.2881716622835256,0.08736574543383789,0.13615996311434758,0.010792885944473904,0.04950377703615545,0.4,0.5,0.3,27,17.251542105805697,15237.98760194156
22,18,0.12307309406241722,0.3077011494744831,0.30349962779501793,0.2887316472659972,0.07496362816889174,0.13615996311434758,0.010792885944473904,0.04950377703615545,0.4,0.5,0.3,29,17.26036756264101,15233.237013057787
22,19,0.11652090464832672,0.2752881239871577,0.2701949097570339,0.2558458709020334,0.11341336104933467,0.1386965123064791,0.014983591988669437,0.0522847345825521,0.4,0.5,0.3,32,16.91616877458491,15303.75335904502
22,20,0.10667319019091032,0.23645229705461804,0.2310548867510837,0.21660275387096853,0.1344625858394898,0.1380381168095762,0.01500284250202736,0.052872551054533354,0.4,0.5,0.3,34,14.327402985616402,15289.148320450651
22,21,0.09773075951028763,0.19538746355327322,0.18966817384544468,0.17424687471732897,0.13759105703566427,0.13652330583081385,0.01557790590259091,0.053748713665057235,0.4,0.5,0.3,36,12.143278506640153,15234.068470125098
22,22,0.09065925920995876,0.15997529852723436,0.15398212325021338,0.1385943482057046,0.12829998367462375,0.13542251834487462,0.015447994072232147,0.05371682152076512,0.4,0.5,0.3,38,10.619292602865114,15206.094628209985
22,23,0.08741270310480252,0.1478176927834258,0.14173996490531188,0.12684697015412322,0.09212885044168843,0.1318022941798469,0.015491712092683619,0.05383073588775682,0.4,0.5,0.3,40,10.17036193411233,15205.11112761671
22,24,0.08615009836895454,0.14140899348591887,0.13528282924291116,0.12074792010396679,0.08528530968689674,0.1311395238427297,0.015507584023797125,0.05391478798306872,0.4,0.5,0.3,42,9.87296525905642,15197.094971107665
22,25,0.08376692731407907,0.1358154816955214,0.13026510128621385,0.11849573271606154,0.07596264597235362,0.13745616687186826,0.012654003345880661,0.04451638388900012,0.4,0.5,0.3,51,9.776031700996231,15320.286781755109
22,26,0.08927927455170226,0.14067757120650748,0.13451518883904492,0.12379454653406421,0.08108530271463235,0.13735868736684098,0.01712519513898122,0.05587532556448789,0.4,0.5,0.3,53,9.612850598853516,16166.461140247293
22,27,0.08247943462610982,0.12821828718909933,0.1226089588188983,0.11032308745335544,0.09460016087834165,0.13748701806356206,0.01266184804778497,0.04418104519371137,0.4,0.5,0.3,54,9.51316340252043,15318.280514012997
22,28,0.0838218866362429,0.12440248509125112,0.11874515162216678,0.10684482073395482,0.08568515497000259,0.14110103184562267,0.013750826147242679,0.045202438677800286,0.4,0.5,0.3,56,9.233005045365404,15292.103640046786
22,29,0.1068103487904774,0.1458160037255796,0.14044699590096635,0.13282580614813702,0.10079749528961898,0.1466189856645565,0.02649705365590487,0.0942377795715334,0.4,0.5,0.3,65,9.736340326480295,16145.184947558851
22,30,0.08326594864028185,0.1203756189138807,0.11529209742096823,0.11176442469882193,0.0777311231175674,0.14234879614501197,0.013321709340878965,0.04460032227174166,0.4,0.5,0.3,74,9.089525250336024,15326.348913943744
22,31,0.08259304894912257,0.11534415729653426,0.11052327222294038,0.1058572742370011,0.092182187075432,0.14197234819488808,0.013756911426395572,0.04475689219142454,0.4,0.5,0.3,75,8.989529854324156,15292.3786401761
22,32,0.08237774105495413,0.11441058989919552,0.10958308765624737,0.10551430366471827,0.07943589552806962,0.14174032306677004,0.01376193179118659,0.04475809881656254,0.4,0.5,0.3,76,8.957704166079814,15323.532066821515
22,33,0.08201659125364501,0.1128687052828583,0.1083333019187835,0.10413083075841831,0.07829702122442996,0.14157995171623927,0.013759577856960236,0.04450763506552509,0.4,0.5,0.3,79,8.893116135451377,15324.836318477866
22,34,0.08198818447009455,0.1127230968052079,0.10848948927379032,0.10608680841388365,0.07710489486832615,0.1416130281591203,0.013754710423932141,0.044496375966584276,0.4,0.5,0.3,82,8.883788050034306,15324.306061920595
22,35,0.08221700110585628,0.11209112920300893,0.10754669881658352,0.10488258290797686,0.0785354124411341,0.14263822773240661,0.013813114762080957,0.044238065777577815,0.4,0.5,0.3,84,8.840124155525679,15326.69392615776
22,36,0.08132868835248899,0.10835819220214463,0.10348470388024375,0.10546536410803548,0.07867539234679594,0.1410824978116068,0.013833644553904526,0.04488712430029166,0.4,0.5,0.3,89,8.78873716381707,15329.441460933784
22,37,0.0812067954184149,0.10622343206387619,0.1016343915544339,0.10414708044784483,0.08059115993440993,0.1412674680266684,0.01399295054322508,0.04515221572985746,0.4,0.5,0.3,91,8.682898669806523,15321.405144742615
22,38,0.08103494640082029,0.10579215011354622,0.10120070538299847,0.10401888246970854,0.07779415310588667,0.14107284506103573,0.013970156701083753,0.04502202573214132,0.4,0.5,0.3,92,8.682599650922025,15328.154966573726
22,39,0.08103494639502472,0.10579215010864526,0.10120070537809751,0.10464797239447172,0.07692090819247165,0.1410728450562901,0.013970156697191495,0.045022025728619394,0.4,0.5,0.3,93,8.682599649432168,15328.154966668262
22,40,0.08352378145000035,0.10838653530440369,0.10470493841564209,0.11122870738500265,0.07949877462408779,0.14584583201411322,0.013965370643706895,0.04705409021093176,0.4,0.5,0.3,102,8.887706415199506,15343.733979826631
22,41,0.08284329061720597,0.10705625410283595,0.1033687220364624,0.11051142888301606,0.07959517548166323,0.14528225751077697,0.013913004109416762,0.04598730880211785,0.4,0.5,0.3,105,8.903836234213559,15344.773795256227
22,42,0.08342911062844707,0.1059444557344751,0.1022413934249612,0.10996610895858337,0.08258552719226504,0.14645362379769478,0.014050991631638794,0.0470887740072365,0.4,0.5,0.3,107,8.824529634808806,15351.870805125356
22,43,0.07997161662324583,0.10107436889338735,0.09826728536420176,0.11140766413709585,0.07678885137932566,0.1406085252251581,0.014066748051716935,0.04425563466697336,0.4,0.5,0.3,131,8.497277527985563,15115.864077130767
22,44,0.08047270912623977,0.10136879522638335,0.09855985540002185,0.11234618641976545,0.07743511051875868,0.1418521192584258,0.014230228981365734,0.04410837021450393,0.4,0.5,0.3,133,8.47556162356153,15117.133828420156
22,45,0.08240942895247098,0.10270589177394167,0.0992855011369304,0.11469999877257615,0.0795631602434471,0.14474643289904188,0.015171754371049404,0.045364945275002524,0.4,0.5,0.3,136,8.460929437626149,15138.257508818564
22,46,0.08083548342835764,0.10134674578452191,0.09883721315463612,0.1157110842224111,0.0775851517327684,0.14238593635118676,0.014334951274181194,0.04469057440083513,0.4,0.5,0.3,139,8.430372495468069,15108.755199829144
22,47,0.08175011602733069,0.09992057433922324,0.09648076748026245,0.11311609206232442,0.08573699927903486,0.14387313363121676,0.01524379691270557,0.04536487517775395,0.4,0.5,0.3,140,8.330436827634442,15142.635334082548
22,48,0.08203271847886644,0.0999549825722868,0.09681593492083529,0.11563555114328473,0.07925298679688812,0.14399862305131672,0.015358928186256319,0.04613000109626486,0.4,0.5,0.3,147,8.342174193122544,15143.792542002528
22,49,0.08212229327293351,0.09939868852591399,0.09685964575985036,0.11812583807747093,0.0800792274221859,0.14403841581764004,0.01553555764185832,0.04652500040083218,0.4,0.5,0.3,151,8.302046555618539,15143.830517944292
22,50,0.08201932475394455,0.09918338065136342,0.09634036583525711,0.11783537258039026,0.07934753041777876,0.1438993774774021,0.015407354519958161,0.04659281492106052,0.4,0.5,0.3,154,8.283080388959071,15143.990842952651
22,51,0.07841580341998089,0.09523604144273187,0.09451064865208786,0.12642119547822525,0.07590555186430287,0.1376901569959449,0.014588976591564582,0.04474504287567871,0.4,0.5,0.3,181,8.31192157491539,15143.927676590807
22,52,0.07820586053280629,0.09507670070031865,0.09465470568256996,0.12889456511841907,0.07560534407771499,0.13712814100870724,0.014658682763845802,0.04469971182239705,0.4,0.5,0.3,190,8.400170469681937,15145.30854949476
22,53,0.0780440761648344,0.09405326421831246,0.09422942522690304,0.13040197761350195,0.076174896720516,0.13702797844806788,0.0146794403241423,0.044813412168679165,0.4,0.5,0.3,196,8.314818503511525,15144.901223647572
22,54,0.07816185764780786,0.09367113115311351,0.09384274450484911,0.1311840013862839,0.07662719004653765,0.1375175097344083,0.014678565644346341,0.044819761298255725,0.4,0.5,0.3,198,8.302520283977117,15148.538218712434
22,55,0.07811675296962628,0.0935200670798628,0.09369074006281511,0.13087594189067586,0.07611806879127159,0.13740878291163297,0.014688317053901874,0.04485423530755398,0.4,0.5,0.3,199,8.280651465427178,15148.810040268949
22,56,0.07807195593866881,0.09343013229271672,0.09360035440463162,0.13112861874627874,0.07587692762449094,0.1373660424761808,0.014669842027947619,0.04481655947382168,0.4,0.5,0.3,200,8.28455042765535,15149.712908705638
23,0,0.9744056264855037,0.8972310177206146,0.8964244781965881,0.8927638651720184,0.0,0.0,0.0,0.0,0.4,0.5,0.3,1,203.24283102098133,1388.9102398334662
23,1,0.9583513924799894,0.9223205885758153,0.9213947366532637,0.9175878241316868,0.06226268085683907,0.10050598240145714,8.43044078508353e-05,0.00011290944885867,0.4,0.5,0.3,3,190.9852959276052,1355.741472067577
23,2,0.8944704343148618,0.9121608366514575,0.9110617328504121,0.90718583926832,0.11565155258912763,0.12697118035998128,0.0011109907081846857,0.0028381937977416402,0.4,0.5,0.3,4,177.7200828152219,1179.1499327683875
23,3,0.8041546579016756,1.1145606716142773,1.1111658788107828,1.0985171464353178,1.390085217340757,0.19344020054402492,0.3394236187833187,1.0,0.4,0.5,0.3,5,64.78144722133668,257.69256969268343
23,4,0.6605874809553307,0.9611775674881875,0.9569580483589009,0.9422574381500242,0.650395104840285,0.09854065356630344,0.3187330888100465,1.0,0.4,0.5,0.3,7,46.97443551771484,250.04505237845223
23,5,0.6180843895373795,0.8620992016633202,0.8571283236296776,0.8384636884412735,0.727578145276571,0.15732090753014547,0.3422246865091432,1.0,0.4,0.5,0.3,9,28.363654177367994,111.63105141298637
23,6,0.5898963884339439,0.793620521495199,0.7881281791809521,0.7680195077414924,0.6277295550397775,0.15139936421023492,0.3428690899960144,1.0,0.4,0.5,0.3,11,22.31737715677816,89.59709060348325
23,7,0.5736668173740436,0.7437886493235718,0.7379106842719443,0.7167584597721439,0.6021089463025497,0.1500700000622524,0.34254121591848485,1.0,0.4,0.5,0.3,13,18.640899280526,77.81979854030844
23,8,0.8853471570455398,1.0395662845227058,1.0335156462974657,1.0131384195416944,0.8808928618676539,1.0,0.29815095626626154,1.0,0.4,0.5,0.3,15,17.035924102194357,56.880861859180165
23,9,0.8872308888658693,1.0408135110966346,1.0347561063503425,1.0149891433600444,0.8536314884011458,1.0,0.3023674754151638,1.0,0.4,0.5,0.3,16,17.0111742679788,56.08036258936027
23,10,0.884445960830355,1.029302639592855,1.023152539059813,1.003032402869437,0.8860066078631315,1.0,0.30297931276494244,1.0,0.4,0.5,0.3,17,16.426312285824856,47.86975726623075
23,11,0.8838872871780052,1.020300372846328,1.014062263989685,0.9932019194164969,0.8858653234710807,1.0,0.307378513391648,1.0,0.4,0.5,0.3,18,15.763346523771933,47.452577268760656
23,12,0.5573548468078042,0.679455231530212,0.6730711043308097,0.6516496267613037,0.5845885405856075,0.1516988176665373,0.34156982075903236,1.0,0.4,0.5,0.3,19,14.967988263681663,66.36168676172424
23,13,0.5582314369927803,0.6794027552680683,0.6730091955314438,0.6523615602456476,0.5360672212391735,0.15490525768664282,0.3412978812233821,1.0,0.4,0.5,0.3,20,14.77173381094258,72.59351134503068
23,14,0.5560987943334434,0.6701637857180786,0.663698641797311,0.6421997580885499,0.5587796515691033,0.15406455744194741,0.3417336393749395,1.0,0.4,0.5,0.3,21,14.34394795099806,69.9393070316007
23,15,0.5507544609678345,0.6479927749138474,0.6413607445484999,0.6198019788465756,0.5928668767140476,0.1518427102948385,0.341693542985059,1.0,0.4,0.5,0.3,22,13.429169114214154,66.98100502036937
23,16,0.5489948698478224,0.6450082058936606,0.6383641664830946,0.6174203038839476,0.5323419061426569,0.1481557869149709,0.34173695691952766,1.0,0.4,0.5,0.3,24,13.411750366471312,73.86589499374601
23,17,0.5487854268374462,0.6440416972295382,0.6376931220090609,0.6169982626023658,0.5316489238319289,0.14815578691497092,0.34173695691952777,1.0,0.4,0.5,0.3,26,13.328122920640508,74.23823908021564
23,18,0.5460323220467218,0.6258587015110204,0.619360329489121,0.5977442887795688,0.5860612386975248,0.15051747529584492,0.34165185109250173,1.0,0.4,0.5,0.3,27,12.208485871303507,57.56560272039143
23,19,0.5411628929837453,0.603568933383307,0.5969043002886223,0.5753391774362651,0.5604301699341081,0.14767523460115245,0.34170126645364524,1.0,0.4,0.5,0.3,29,11.388497562304895,57.783462082987285
23,20,0.5267727996417745,0.5864921418086027,0.579499268644234,0.5592731773178972,0.5250694714779395,0.15586065690849013,0.307432306181339,1.0,0.4,0.5,0.3,30,11.479900795419065,39.323686216041125
23,21,0.5333720069494867,0.5913279276358459,0.5849242164702833,0.5640666203547842,0.5298088797190358,0.15155529770910353,0.3248614166654894,1.0,0.4,0.5,0.3,31,11.393892466435869,45.54499807513655
23,22,0.5235955262819868,0.5733325153682158,0.5662458073203476,0.5463929089919729,0.5425437841816985,0.15277844021242235,0.3074817215424826,1.0,0.4,0.5,0.3,32,11.115469399630578,39.73070782099335
23,23,0.5226723041393603,0.569943981715844,0.5628342263196429,0.5438936252100455,0.5186387004533586,0.15163017472274187,0.307496151578739,1.0,0.4,0.5,0.3,34,10.693487478289525,36.959055062737626
23,24,0.5256294505522459,0.5725731039101374,0.5663690693031749,0.5472055774350443,0.5184855654681071,0.15300518419297562,0.3125347585966547,1.0,0.4,0.5,0.3,36,10.96993455171623,42.17663566196632
23,25,0.5247282130649855,0.5703331416977816,0.5638137168673385,0.5449364737974038,0.518941413661131,0.15832954967813515,0.30694291137841617,1.0,0.4,0.5,0.3,38,10.48585629268385,43.519346281569845
23,26,0.524190267213616,0.5663976082640816,0.5598465427372803,0.5418847648869588,0.5207731624474224,0.1585106461315501,0.3069870659750613,1.0,0.4,0.5,0.3,41,10.33431136863249,42.88810149280077
23,27,0.7023257372886411,0.742707145403606,0.7376539341138721,0.7208525019313761,0.6973865842598961,0.5872746060794212,0.32107927013377313,1.0,0.4,0.5,0.3,45,10.550310600665457,42.08617174327975
23,28,0.7023737200928934,0.742721821357751,0.7376683010039591,0.7216701264624268,0.6956171699765552,0.586984291599425,0.32141962878821484,1.0,0.4,0.5,0.3,46,10.546270773022126,42.18866282289142
23,29,0.8106089155187732,0.8509171100164066,0.8461661147560073,0.8305808717427259,0.8039855121561374,0.8568457284391766,0.32204850639390814,1.0,0.4,0.5,0.3,48,10.555477790318273,42.35616932350322
23,30,0.7024885858142291,0.7415566981310271,0.7367942436621664,0.7217662048638018,0.7000861826294356,0.5821652130689868,0.32600168147579484,1.0,0.4,0.5,0.3,49,10.26028196033472,40.84210458630589
23,31,0.5243492838726066,0.5617524468809616,0.5563686183623257,0.5427877120613038,0.5188367746427315,0.157857108751002,0.30970429074436073,1.0,0.4,0.5,0.3,55,9.817552253756892,46.02914599293948
23,32,0.5239170995991818,0.5613257939347589,0.5559420380286249,0.5444120095211085,0.5175659122355483,0.15723014710502398,0.3093423581879233,1.0,0.4,0.5,0.3,58,9.799098124406132,47.82987063066033
23,33,0.5267829799354266,0.5631037768803653,0.5583158852228325,0.5473634226757456,0.5227953903698606,0.15062986890245894,0.32080489066483153,1.0,0.4,0.5,0.3,60,10.02789584241352,39.18981567202896
23,34,0.5238055874443075,0.5552445506241939,0.5504115847959983,0.5396244334367373,0.5268076255104748,0.15981320881723232,0.309220792203545,1.0,0.4,0.5,0.3,62,9.599595515716592,44.724090127709815
23,35,0.5222546741905134,0.5518578660941935,0.5470079897457791,0.5388433895432705,0.5204050383537895,0.15669105992550586,0.3092513620161736,1.0,0.4,0.5,0.3,64,9.634104281082427,42.74629765270558
23,36,0.5221237717408311,0.5513608224779021,0.5471134623484972,0.5396623317562156,0.5181871935577717,0.1566120016800509,0.3092404449593204,1.0,0.4,0.5,0.3,66,9.554402782920826,41.67553559232708
23,37,0.5222616955190114,0.5512040152808685,0.5469539396524337,0.5388699157578068,0.5184486343380377,0.15706997150143712,0.30925096871917995,1.0,0.4,0.5,0.3,67,9.541725620342984,41.44633404213982
23,38,0.5254596292576468,0.55298526131073,0.548116306565957,0.5408028008001661,0.5250662175314729,0.16550815210451345,0.3093215869233682,1.0,0.4,0.5,0.3,68,9.505956600894487,36.04906925977148
23,39,0.524157540948117,0.5504030484679224,0.5461281951149946,0.5429400982733872,0.5202172176272595,0.15648983878138217,0.31442533235748205,1.0,0.4,0.5,0.3,80,9.50997274941916,1313.483928667473
23,40,0.5263337171091576,0.5514390166368548,0.5471537017728656,0.5458126082320683,0.5240909284451013,0.16830636100952223,0.3097074872115109,1.0,0.4,0.5,0.3,82,9.385647240795432,43.58502642739869
23,41,0.5265151841648921,0.5514734240377611,0.5474898187030974,0.5467113138915165,0.5227967220939097,0.1687425358304579,0.30980109759126473,1.0,0.4,0.5,0.3,84,9.373373171363903,43.59114253033127
23,42,0.5263908382188036,0.5513254880880261,0.5476445847558278,0.5474345705516535,0.522483284460215,0.1685511129672557,0.3097436234770998,1.0,0.4,0.5,0.3,86,9.36895420633866,43.63983324734912
23,43,0.5271440267908142,0.55167885112466,0.5486002337938847,0.5498029788493142,0.5250935144275805,0.16487142012982053,0.31438786036420197,1.0,0.4,0.5,0.3,87,9.256172545317968,42.40550559301953
23,44,0.5280428263949075,0.5504963981458999,0.5473987547175709,0.5508534578757915,0.5255532460623464,0.16787148460033208,0.3144774202474686,1.0,0.4,0.5,0.3,93,9.170891778194555,43.8587647342906
23,45,0.5277819592993145,0.5496628067291246,0.5465598860821659,0.5509910295439724,0.5248622661353636,0.16744912619972327,0.3144827428644922,1.0,0.4,0.5,0.3,96,9.501625523723364,45.08472692822704
23,46,0.5277435382062314,0.549481037002187,0.5466798077847239,0.5516967940581485,0.5246123840814678,0.16744912619972327,0.3144827428644922,1.0,0.4,0.5,0.3,98,9.47044004031169,45.2026918682913
23,47,0.5334163734686593,0.5547487042951291,0.5516407838095296,0.5580453722767029,0.5304749628152132,0.16793639537036303,0.32554238453173234,1.0,0.4,0.5,0.3,100,9.246383100442644,41.67370170667078
23,48,0.5289165806208649,0.5498006375225652,0.5475974414395526,0.5541340945621829,0.5263669770343572,0.17097334031623007,0.3143489762786587,1.0,0.4,0.5,0.3,103,9.480876730241016,46.25336222554069
23,49,0.5285499354108159,0.5488021899971586,0.5468962741629142,0.5533306399053433,0.5277362532046979,0.17035329781295463,0.31434780337408685,1.0,0.4,0.5,0.3,104,9.455385818468995,46.73769851565677
23,50,0.5285209121404741,0.5485051881077379,0.5462937628555087,0.5538063074883801,0.5256133770157889,0.17035329781295463,0.31434780337408685,1.0,0.4,0.5,0.3,106,9.459047084123878,46.75277798989341
23,51,0.5285933836420574,0.548533203219855,0.5466244000073199,0.5547468134720064,0.5256348761076829,0.17059212787290293,0.314345493093726,1.0,0.4,0.5,0.3,108,9.453027380716136,46.15005908049643
23,52,0.5284406576812606,0.5459888517307214,0.5437552211353018,0.5511718973980857,0.5333386507626712,0.17098811745995954,0.31446903273173277,1.0,0.4,0.5,0.3,109,9.401133026953802,46.051203752945845
23,53,0.5285239171458223,0.5457252523808742,0.5440944097525625,0.5616704611225158,0.5258780094565605,0.17150155081459442,0.3143944056548976,1.0,0.4,0.5,0.3,131,9.992173407206108,114.30710216883008
23,54,0.5312861400718712,0.5474272435747991,0.5463927382926501,0.5635092486579913,0.5329042147229128,0.17820548013960497,0.3149527728801016,1.0,0.4,0.5,0.3,132,9.02938059498152,39.1434820666322
23,55,0.5708708476752689,0.585109402310297,0.5837545731501099,0.6028982737521758,0.5716605533478498,0.2770627147999692,0.3156127616887556,1.0,0.4,0.5,0.3,134,10.75090864611542,189.7428531697288
23,56,0.5302335684653656,0.5432731803093417,0.5419074537499012,0.5613539046088638,0.5321791687031481,0.17617823721786474,0.31542349184016627,1.0,0.4,0.5,0.3,135,10.784906086069768,189.31002432134616
23,57,0.5296701871513789,0.5425775656602558,0.541210610389301,0.5616862512553586,0.5278610751785637,0.1762550907993818,0.31427683489399405,1.0,0.4,0.5,0.3,137,10.813081483019594,187.88338340209447
23,58,0.5281463493232046,0.5407491786877102,0.5390765725806883,0.5595340724299811,0.5268655730704155,0.1761698119076288,0.31136473465152736,1.0,0.4,0.5,0.3,138,10.776751316103608,188.05309384882457
23,59,0.5297948744626781,0.5420212075130799,0.5412540694501465,0.5620407096654636,0.5300557060959342,0.1760274897782022,0.31497825951802516,1.0,0.4,0.5,0.3,139,10.753227649294733,188.4567907286903
23,60,0.5266933076874019,0.5363074466766713,0.5352136956333522,0.561122980740069,0.5258369027618367,0.17780621606997749,0.30813635378154236,1.0,0.4,0.5,0.3,152,9.713401557751736,110.06556395886466
23,61,0.5264414373882798,0.5359122555757748,0.5348171962658004,0.5614152729392001,0.5251989911331966,0.177245168894612,0.3081256513182008,1.0,0.4,0.5,0.3,154,9.70906238858942,109.60550879291522
23,62,0.5265257309122396,0.5355602626696268,0.534764216907117,0.5631213465199847,0.5260010073060161,0.1776773064381011,0.30811067173103085,1.0,0.4,0.5,0.3,156,9.697957724862286,109.2738643112822
23,63,0.52568444007591,0.533053992292926,0.5319398806387714,0.5629748055382713,0.5255735926097733,0.17626337626411512,0.30804222035596324,1.0,0.4,0.5,0.3,161,9.640201237019848,108.74857860568927
24,0,0.9410941208169114,0.8883139293270864,0.8874373353542832,0.8835090406200891,0.0,0.0,0.0,0.0,0.4,0.5,0.3,1,231.02656801260332,1353.033786490156
24,1,0.9059571989019265,0.9043416897601989,0.9033068712832394,0.8990818947015499,0.06523510401942095,0.09028194294031328,8.370552690093721e-05,0.00010370647492360999,0.4,0.5,0.3,3,214.63187305994668,1265.4329777445816
24,2,0.868298323734604,0.9078028863658244,0.906627305353472,0.90245872145861,0.10926450368712086,0.140768914484866,0.0010876100402474702,0.00242670873528536,0.4,0.5,0.3,4,201.3489914607155,1114.7806963910575
24,3,0.8140560772045047,1.1247865200525684,1.1213707497142793,1.1086434463967616,1.382850917721446,0.2377660728630763,0.32976188236364135,1.0,0.4,0.5,0.3,5,74.89022137082044,233.0599791918609
24,4,0.6891407015719015,0.9984370113118644,0.9944357402883808,0.9805773811107938,0.6202803551956124,0.1338539715450305,0.3093801372170669,1.0,0.4,0.5,0.3,7,56.87671388048126,236.9870197345413
24,5,0.6332382102953451,0.8814555863830784,0.8765446593385811,0.858110161090401,0.7638899743682472,0.1992336646495418,0.3321122242744863,1.0,0.4,0.5,0.3,9,30.633206699223024,109.41987664067732
24,6,0.5921712511641861,0.8021066953336966,0.7966894656451937,0.7772992768157971,0.6238958742504708,0.18400271555402742,0.31460929828582535,1.0,0.4,0.5,0.3,11,27.026968846124,144.98711055537387
24,7,0.5873949581935514,0.7601582021292748,0.7543093593032958,0.7332690489034646,0.6231541434773943,0.1943458532775875,0.3324239562593583,1.0,0.4,0.5,0.3,13,19.68053324008248,77.41741376639891
24,8,0.5751817113728875,0.7161335128426228,0.7099430496348272,0.6879637177440919,0.6061785123299479,0.19297817863383654,0.33252235318233814,1.0,0.4,0.5,0.3,15,16.768867984811685,76.5627867267736
24,9,0.5728961840382547,0.7100754592898161,0.7038457443445626,0.682164179259765,0.5567890997081633,0.1917046520943295,0.3314213475332606,1.0,0.4,0.5,0.3,16,16.352836848686323,79.50714120840153
24,10,0.5660161427847101,0.6792076840335127,0.6727338011320864,0.6501186810904102,0.6323672999952052,0.19048918337845305,0.33291201816342825,1.0,0.4,0.5,0.3,17,14.707960756449737,68.69702033526188
24,11,0.5316458082912685,0.6437019168209022,0.6372164911357702,0.6154096787136113,0.5131136641383912,0.19379200863917043,0.29925763226587504,0.9382398160941999,0.4,0.5,0.3,18,14.675854661395492,48.19439516501638
24,12,0.5609098720025509,0.6561658078034711,0.6495143649352377,0.626839280086577,0.6029398647202975,0.18936649939953007,0.3329728356793525,1.0,0.4,0.5,0.3,19,13.384653140189492,68.43171249715729
24,13,0.5240744044489835,0.6077027781667654,0.6009381064196067,0.5787075529466421,0.5498717209564126,0.1925272700795791,0.2993184497817992,0.9384039697951758,0.4,0.5,0.3,20,12.913172635734815,43.09249738310041
24,14,0.5193050591541396,0.5827259289645901,0.5757680241907956,0.5532777326717218,0.5432949967064187,0.1912030380490614,0.2995109280141046,0.938674105843021,0.4,0.5,0.3,22,11.853721778446571,38.58262352263065
24,15,0.5179338939851259,0.5740249469971284,0.5669978413445207,0.5449158977587818,0.5206301833661254,0.19127085341145175,0.2995704132187083,0.9388565354278808,0.4,0.5,0.3,24,11.415875585925289,40.23054363280144
24,16,0.5170751809004221,0.5717484974526528,0.5647081029486647,0.5430679795247622,0.5122513020440804,0.1900019784294876,0.2995523081355072,0.9386485621038216,0.4,0.5,0.3,25,11.497642925374365,38.24048525797525
24,17,0.5162723107783427,0.5666045153165209,0.5595233985811526,0.538173985928885,0.5223638043962189,0.18983877009663822,0.29958961662451766,0.938947483434483,0.4,0.5,0.3,26,11.109467051603652,38.93835360474707
24,18,0.5155918451145178,0.5589309930734936,0.5517845915104028,0.5311497145531933,0.5140477906812159,0.19303215314615327,0.2990803713834787,0.9376772204264933,0.4,0.5,0.3,30,10.514662070671388,37.42752936537831
24,19,0.5155043006382795,0.5584604837174508,0.5516134626965787,0.5312896960947668,0.5088631190267772,0.19303215314615327,0.2990803713834787,0.9376772204264936,0.4,0.5,0.3,32,10.502382293172284,37.06912678127128
24,20,0.5155037444113394,0.5585468858652165,0.5520035710792188,0.5322881526216372,0.5080613174267946,0.19303215314615324,0.2990803713834787,0.9376772204264933,0.4,0.5,0.3,34,10.50148969524569,37.09878627658799
24,21,0.5136275578900418,0.552090867591705,0.5448992051902938,0.5268952483986639,0.5144861800561791,0.1922323802316498,0.29846488971453866,0.9361989402234675,0.4,0.5,0.3,36,10.496691728405942,36.33653382205547
24,22,0.521509284742311,0.5594121923399606,0.5522153337802576,0.5349589820406524,0.5159250693949267,0.21192077085609634,0.2987613223040213,0.936064606520844,0.4,0.5,0.3,38,10.383785827181502,33.68380709950227
24,23,0.5194495048290835,0.5532498263145222,0.5460150245850559,0.5281458808942221,0.5275673599407371,0.20856873445843868,0.2988185376560541,0.9360111608980946,0.4,0.5,0.3,39,10.115133533101202,29.32964662489968
24,24,0.5158162750496578,0.549676627531368,0.5427452837193595,0.5260041932164735,0.5100645904336188,0.2000078616916102,0.2984302459369872,0.9359802026554196,0.4,0.5,0.3,41,10.27066661356544,37.9875757188348
24,25,0.54719925401285,0.5784418822668059,0.5720922728565849,0.5583807221423731,0.5428325545016455,0.2078092153842785,0.3206268666075907,0.994827094516334,0.4,0.5,0.3,51,9.70787871242525,41.134569939236
24,26,0.545765007782558,0.5756412896684565,0.5692790997518152,0.5575169803988792,0.5422280359336188,0.20483543097923418,0.32062163017044637,0.9948093664249213,0.4,0.5,0.3,54,9.714361470802125,41.06903150851754
24,27,0.5466049782653972,0.5757171867196209,0.5696510076062496,0.5583290085105506,0.5431176315202131,0.20723051568252876,0.320686214948922,0.9947986751506799,0.4,0.5,0.3,56,9.67276306462722,41.36788085976267
24,28,0.5437462448684909,0.5690562059003461,0.5632580284279005,0.5493976896396449,0.5460508457145398,0.21288898629316813,0.3166586441545104,0.9866483563005459,0.4,0.5,0.3,58,9.452450567859811,46.68945982336969
24,29,0.5435269341359096,0.5676165509885907,0.5621101092259188,0.5486653364353058,0.5416774544807229,0.21288898629316813,0.3166586441545104,0.9866483563005459,0.4,0.5,0.3,60,9.384249319442574,46.74435708191103
24,30,0.5415526071335353,0.5646801800409902,0.5591649385510182,0.5512593198996619,0.5379599629468884,0.21256451729933187,0.31521870098946186,0.9834353188841977,0.4,0.5,0.3,71,9.417198293927465,45.993550317823534
24,31,0.5264672883797212,0.5488722100426773,0.5436533789379167,0.5353477376793423,0.5254463058078198,0.21308589283892326,0.30439756902083087,0.9509411145775571,0.4,0.5,0.3,72,9.506908066088275,46.31519652641332
24,32,0.548042117808871,0.5705900680372071,0.5659783879081701,0.5586541485815636,0.5443649406320125,0.21522504108906984,0.31925089232220805,0.9952718137394887,0.4,0.5,0.3,74,9.289310083173746,45.87497008977823
24,33,0.5479742855949032,0.5689611434070079,0.5646381621511656,0.558716678725151,0.5472678527936181,0.21571703206758194,0.3192573002030194,0.9952859539773572,0.4,0.5,0.3,76,9.240176644840307,45.68280172760456
24,34,0.5492773931664222,0.5696862406234448,0.5650550124185121,0.5598282549572793,0.5475299719159328,0.2189826081538313,0.3193497284968182,0.9953898618488504,0.4,0.5,0.3,77,9.279873411553035,45.831639742725
24,35,0.555961093571419,0.5749696899028638,0.5706286138683361,0.5649558163803337,0.5578004663735894,0.21462419676144892,0.3339240707494252,1.0,0.4,0.5,0.3,78,9.230673509182033,66.41142102112829
24,36,0.5552635132252253,0.5734993494702261,0.5691512200771127,0.5640869167681035,0.5535343512600497,0.21386948972760456,0.3333837576478812,1.0,0.4,0.5,0.3,80,9.239329600469718,66.76026151703614
24,37,0.5551529353158353,0.5727300899524153,0.5683759474383365,0.5636064554160507,0.5544417427866408,0.21387700897791012,0.3333698508836255,1.0,0.4,0.5,0.3,81,9.212271136114198,66.67655814929319
24,38,0.5493099949846942,0.5646590842119028,0.5608906271462046,0.5571052657547675,0.5548632069473207,0.21602070087552624,0.32266517274792994,0.9967956205510757,0.4,0.5,0.3,82,9.061826916607457,45.844853404631
24,39,0.5461584452422634,0.5600607362708279,0.5559761738006408,0.5525705491073607,0.5449261477952678,0.21549911382458814,0.3203744356249727,0.9915232988332836,0.4,0.5,0.3,86,9.021988043997077,45.295986080788026
24,40,0.5462080507915251,0.5600576269846602,0.5562755353962334,0.5543499233642505,0.5440454339474943,0.2157374603512793,0.3203553380763986,0.9914780591017196,0.4,0.5,0.3,89,9.027844909346944,45.280451705550966
24,41,0.5462229526348173,0.559794112492326,0.5563124216710814,0.5543069192901164,0.5443992306255465,0.21602148977946758,0.32032455034008683,0.9913947213036852,0.4,0.5,0.3,92,9.029443376445986,45.85588714605011
24,42,0.5253355721403885,0.5385972535648615,0.534506879925251,0.5388156819536618,0.5231804177626456,0.2117418090272591,0.3049374709930084,0.953189774907865,0.4,0.5,0.3,104,9.223510933495676,46.79434344276751
24,43,0.539676484140879,0.5497351300305622,0.5453126492575489,0.5509082718439942,0.5431408459500933,0.2102725501785984,0.3159951965969146,0.986149235077527,0.4,0.5,0.3,106,9.133596347714798,46.7085967066234
24,44,0.5396708349006539,0.5498731273571056,0.5460578964189446,0.5535134807124791,0.5379816291516719,0.2102725501785984,0.3159951965969146,0.986149235077527,0.4,0.5,0.3,110,9.128549395774312,46.66655378044874
24,45,0.5397603375462163,0.5498723210622212,0.545753347883974,0.552586918146913,0.5380420169737856,0.20992673591010197,0.31613058810282346,0.9866831722265619,0.4,0.5,0.3,111,9.084848237253086,46.26153004209654
24,46,0.541260524681326,0.5512539366958844,0.5474368241170389,0.5542263501518843,0.5402682924108773,0.21409803319100001,0.3160047498415254,0.9864399117054748,0.4,0.5,0.3,112,9.034023661093324,46.27367416057543
24,47,0.5412421540222256,0.5500502609222312,0.5459194603366109,0.5536877280890193,0.5433706630834786,0.2137660770085254,0.3159694456160767,0.9874458100513996,0.4,0.5,0.3,113,9.058951957635736,46.43845475800892
24,48,0.5527268068521436,0.5607918901993647,0.5560484090818713,0.554196417750529,0.5514667434558245,0.2196568349023607,0.3268674192456361,1.0,0.4,0.5,0.3,124,9.149308912350268,45.42330892038461
24,49,0.5508554789136546,0.5566413709927764,0.5536951015249272,0.5675799783333018,0.5510276188664645,0.2170027854779059,0.326110717895525,1.0,0.4,0.5,0.3,132,9.042050044275769,48.91249720995104
24,50,0.5497539454795508,0.5553095554703531,0.5526641336206204,0.5668576666725288,0.5498666200525785,0.2144335345775667,0.326060278038622,1.0,0.4,0.5,0.3,133,8.993940534534051,48.69348636186894
24,51,0.550778728558222,0.5561066358854948,0.5531562130118804,0.5684183593036203,0.5500775060125158,0.2169486775548969,0.3261394664481431,1.0,0.4,0.5,0.3,135,9.043671805691876,49.02435857027204
24,52,0.5521790347677906,0.5575252975574841,0.5554839950711568,0.5716827048452959,0.5521232068432966,0.2206657627321654,0.32604267502415707,1.0,0.4,0.5,0.3,136,8.992412106475664,48.07573047105368
24,53,0.5507048274236792,0.554135869426984,0.5523802127902695,0.5691566228730492,0.5534404046865105,0.21832933896566448,0.3255675062596526,1.0,0.4,0.5,0.3,138,8.944065338006622,48.16604095335592
24,54,0.5524571854898102,0.5553466311131303,0.5535860392100709,0.5710508561180216,0.5528462434524323,0.2209542577102229,0.3271344106378709,1.0,0.4,0.5,0.3,140,8.968705961706378,47.98294318989474
24,55,0.5519809171305463,0.5548993393754236,0.5534420002147045,0.5722679508791981,0.5515322678577375,0.22117325663334547,0.3260248988573365,1.0,0.4,0.5,0.3,144,8.98838371022741,47.8996388535728
24,56,0.551960272916797,0.5544045424931177,0.5535489043949713,0.5781870623836494,0.551799525648337,0.2189089024034408,0.3279903204628466,1.0,0.4,0.5,0.3,153,9.16160394653114,48.717997319249
24,57,0.5516120459612294,0.5539500136823758,0.5527904530170464,0.5787952186477265,0.5512309042944576,0.21831945794717647,0.3277702740661633,1.0,0.4,0.5,0.3,156,9.079852630026302,48.94911167551304
24,58,0.5517482900474151,0.5538663893778004,0.553007818137567,0.5790313040308732,0.5524209934922562,0.2187597814253722,0.3277827156045461,1.0,0.4,0.5,0.3,157,9.083568901057593,48.78339228511697
24,59,0.551722760933185,0.5537648814417206,0.5529056003513303,0.5796247738167135,0.5516326489755329,0.21871860667498413,0.327787201755955,1.0,0.4,0.5,0.3,158,9.08548877236478,48.7217908658314
24,60,0.550949595327173,0.5529594883024801,0.5520999288223918,0.5795162661506567,0.5507191640628839,0.21857761285649172,0.3263632192895607,1.0,0.4,0.5,0.3,159,9.106180288558466,48.80024860458242
25,0,0.944770449279811,0.8893124322758343,0.8884436072502557,0.8845453241988901,0.0,0.0,0.0,0.0,0.4,0.5,0.3,1,227.423601739274,1347.3619939317666
25,1,0.9110460342023043,0.9068733207014982,0.9058468022000207,0.9016536425157677,0.0666177362134244,0.09395699939301431,8.413625095935061e-05,0.00010707645313331,0.4,0.5,0.3,3,211.0067590550981,1259.901820133312
25,2,0.8746423145738256,0.9111225074807163,0.909957777200703,0.9058306516358521,0.11028059182742603,0.14554406705128212,0.0010897457324875602,0.0025194280875505603,0.4,0.5,0.3,4,197.9809902187582,1105.3760480191963
25,3,0.8446592186601767,1.1536800767617663,1.1504395748069953,1.1383863368563039,1.332108543027124,0.25417069779935847,0.32977779901661847,1.0,0.4,0.5,0.3,5,75.54881910038502,211.7719783135556
25,4,0.41864919925915434,0.7298182809655632,0.7263450623294662,0.7139981898945381,0.19972011670493134,0.1687319105725592,0.07729489398216638,0.22064493832612025,0.4,0.5,0.3,8,68.54209479574817,288.9160215138013
25,5,0.48936423981142807,0.796500697649201,0.7925201674079161,0.7785359311908334,0.39682014271539745,0.1694062385820298,0.1739135114598744,0.4964511112337706,0.4,0.5,0.3,10,54.69765904110849,201.78360219723385
25,6,0.4456639153443993,0.7389924129144534,0.7345818264208043,0.7196948005747691,0.379911243472825,0.16239143378022086,0.17398884766304015,0.49664182195461903,0.4,0.5,0.3,12,44.22003842728245,168.18613253336446
25,7,0.2866818205177073,0.5679568009432828,0.563892258294024,0.5491902237287127,0.2590117190101945,0.12654833773797178,0.08211637639843243,0.23786478545786177,0.4,0.5,0.3,13,37.381597390018925,167.59564159219636
25,8,0.40945464917512775,0.6804453642211195,0.6755894267804041,0.6593642095946296,0.36668430596985546,0.15715851146416038,0.17421485627253738,0.49721395411716474,0.4,0.5,0.3,14,35.48930063742552,140.2954426097146
25,9,0.35762316176794784,0.5634212225056507,0.5582565661910466,0.539781532856476,0.6351191581787017,0.13799098180066924,0.17873499387614045,0.513670958365512,0.4,0.5,0.3,15,23.026382158593865,96.23622201886766
25,10,0.34316071888170857,0.5210628567738489,0.5155741469448409,0.4965133512308451,0.35708749280213536,0.135110500375981,0.17881292938282864,0.5138141450837049,0.4,0.5,0.3,17,19.56717118314682,81.67335002360994
25,11,0.3431584096168806,0.5210238197346777,0.5155346802514472,0.49647256571455123,0.2978259691644823,0.13474000905342506,0.1789278469985419,0.5141821966439224,0.4,0.5,0.3,18,19.582225734518616,80.55536071236642
25,12,0.3350800006268996,0.49434513057861695,0.4886517219795028,0.4694757688771427,0.37192639353625034,0.1333305574942646,0.17887216685893612,0.5139802070315412,0.4,0.5,0.3,19,17.46023197037951,75.58657099371088
25,13,0.32986018988609345,0.4767499736887335,0.4709247615862568,0.4517090752826981,0.3203753046969705,0.13072600935752554,0.1791059733790007,0.5144097671861203,0.4,0.5,0.3,21,16.295569817060866,68.53313270310974
25,14,0.3181603489269186,0.4457275128641718,0.4397018519547581,0.42018475879039396,0.32747010324475523,0.13145179506454388,0.17428478267702718,0.5031760160173581,0.4,0.5,0.3,23,14.895794290557037,59.86885302243519
25,15,0.3157163568150372,0.4391001909448691,0.4330319317952812,0.41406296161099376,0.2972993882356521,0.12830138733091553,0.17432825123826612,0.5033070960984377,0.4,0.5,0.3,25,14.559026820609205,59.68407214145476
25,16,0.3123534958102004,0.4276051913567993,0.4208490070012001,0.39989302188590303,0.31787762126451424,0.13895224420384716,0.17128746786379717,0.49055787495899345,0.4,0.5,0.3,26,13.968622078827336,53.69510039566058
25,17,0.3073419048542956,0.40614293915064453,0.3992232899805889,0.3788718113835595,0.30776392368937255,0.137250823830731,0.17131867495868316,0.49065209795496506,0.4,0.5,0.3,29,12.941858511528231,51.9274987312776
25,18,0.30486162520633253,0.39464075029762113,0.38763286127562957,0.3676682403830118,0.30370954677405276,0.1363868166673978,0.17139642495215365,0.49082023850499035,0.4,0.5,0.3,31,12.408249873947526,50.25428247596221
25,19,0.30386960629672954,0.3927606041995712,0.38634989644171197,0.36778091148524966,0.2880654620784668,0.1364519522852428,0.1707898980661224,0.48930676105029774,0.4,0.5,0.3,34,11.835671073568085,46.22869606461868
25,20,0.3020268985381558,0.3839955764681674,0.3772149636321456,0.35903297504647813,0.3107359164852872,0.13548788053298041,0.1708294196525344,0.4896930627127453,0.4,0.5,0.3,35,11.46625499721024,44.25214133686894
25,21,0.25745174197774173,0.33602574789681483,0.32951534741911853,0.31229031057616224,0.2550499838693534,0.1407022209643579,0.13754717292885163,0.3922633848419129,0.4,0.5,0.3,36,11.3595962326164,50.50912658476016
25,22,0.29471190515984874,0.3726264161413573,0.3661096487245507,0.3483982128566582,0.2824687729328812,0.13643086283804756,0.16456501560147224,0.4776226990419186,0.4,0.5,0.3,37,11.260137383256868,45.10410585497157
25,23,0.25332800850171155,0.31965960551958644,0.3130322069486657,0.29590957979043636,0.281894119943336,0.1368870071653187,0.1375962382944259,0.39239086071670043,0.4,0.5,0.3,38,10.841075057931064,50.56631116320783
25,24,0.2518969801737083,0.3130196277892386,0.30634288105172525,0.2900919209321487,0.24997783362220927,0.1359109148073369,0.1376148195036427,0.3924858107802148,0.4,0.5,0.3,40,10.545091939453574,47.81658637221803
25,25,0.25149507289609374,0.3089975808660178,0.3022866883324943,0.2867177406805361,0.24751875459728043,0.13665808250624104,0.13763569619604374,0.3925538032415017,0.4,0.5,0.3,42,10.409272513900849,41.61307121937337
25,26,0.25255424604117477,0.30925974855489435,0.30254135581185054,0.2872083154598339,0.24522099622719268,0.139820568344435,0.13762930068843057,0.3924088299013044,0.4,0.5,0.3,43,10.277475311761036,38.01185020638288
25,27,0.2520320218923699,0.30755709908863926,0.3005247155087322,0.2806261703413926,0.2431015639079654,0.13998884523563845,0.13736008459870414,0.39161440652300616,0.4,0.5,0.3,47,10.184554904304832,43.31804492608003
25,28,0.25807392354331604,0.30923239245069545,0.3027648431130208,0.2898618525793933,0.254314208612253,0.13796451974106355,0.14786621476741812,0.39990828111723736,0.4,0.5,0.3,50,10.168573861411804,42.316447427528026
25,29,0.2563891124000748,0.3061010483496711,0.2996199609400811,0.28721534420165895,0.2501711539486372,0.13575996405962332,0.14768770207978804,0.39845757776239416,0.4,0.5,0.3,52,10.036771208355162,39.71587881292856
25,30,0.25296190938647867,0.29909712045437786,0.29258262938508267,0.2799972930215181,0.2572085523373461,0.13872147152169395,0.14471108722029802,0.3903114412884632,0.4,0.5,0.3,53,9.857166331945262,39.14426322754263
25,31,0.14979880040108834,0.1967417833527872,0.19326427112611866,0.19159449021870467,0.14180200844798874,0.12373800474760725,0.06941730537888297,0.19195914973407055,0.4,0.5,0.3,83,9.782930312549937,437.25636723777967
25,32,0.15066304698736224,0.19575879917513336,0.192264098640627,0.1921240454210993,0.14616165181169613,0.12641766526493695,0.06869447413535935,0.19362413033343484,0.4,0.5,0.3,85,9.640757684397329,437.51171373675913
25,33,0.14859795065042752,0.19209319979429995,0.18888651523812772,0.18925498786874612,0.14317527561031262,0.1228088058720516,0.06932970950857563,0.1915383653405128,0.4,0.5,0.3,88,9.67852652184714,444.6879669091701
25,34,0.1479467360733952,0.18893683922272356,0.18328331972202544,0.17429575559426375,0.14701674223238925,0.1241972091976817,0.06873594577142943,0.18959915297732738,0.4,0.5,0.3,89,9.68126298734204,449.4547695527295
25,35,0.15021197525334112,0.19190403190772493,0.18868062560626714,0.19027959091529967,0.14325779130996052,0.1272050537234926,0.06870202558551326,0.19320720127418364,0.4,0.5,0.3,90,9.46660723172233,436.9761826040231
25,36,0.14572188995162672,0.1836592482670572,0.17767449581765593,0.16958436491143264,0.14926432130284178,0.12849678951041876,0.0664703776611452,0.1820177422125172,0.4,0.5,0.3,91,9.545349310514217,470.0061080987308
25,37,0.14915073270097443,0.18602780061405294,0.18033615007177664,0.17269526325480022,0.14483003241161113,0.12900650981480893,0.06878076889314365,0.18960517997611087,0.4,0.5,0.3,93,9.458637124311355,464.8387659775959
25,38,0.15005044527666064,0.18605406902164878,0.18035434147779886,0.17299043433506348,0.14689667390033084,0.12902118344436803,0.06951590235164956,0.1918791359990118,0.4,0.5,0.3,94,9.489798046674604,463.8617672415048
25,39,0.15855330172885287,0.19393426929930352,0.1900465364821212,0.19249391894744858,0.15658580757441046,0.13433460526242147,0.07369810030572446,0.20685533328460948,0.4,0.5,0.3,95,9.22883279371471,443.68395717356617
25,40,0.1546468882814541,0.18980306079967552,0.18621617026975829,0.1892524731443645,0.14932263842630983,0.13374581908141336,0.07106158241237034,0.19919880757875058,0.4,0.5,0.3,97,9.276310262370872,448.4678637174063
25,41,0.1545984390341213,0.1895727714269405,0.18628716590852917,0.18991454285087866,0.1492492212550353,0.1336840094878364,0.07108272105014796,0.19924452156564712,0.4,0.5,0.3,99,9.293342162125017,448.7263599936075
25,42,0.7395646109236984,0.773205702241549,0.7693019290687446,0.7735943473582434,0.7378694976827515,1.0,0.0679151850824672,1.0,0.4,0.5,0.3,100,9.301335956671393,473.06621397500106
25,43,0.1528727123318194,0.1855723545469305,0.18075098350020605,0.17916069340872057,0.14763549589895136,0.1435275826150743,0.06596223621185897,0.18996993820271613,0.4,0.5,0.3,109,9.235324797094966,473.3468380076535
25,44,0.1538850361592612,0.18510665745688026,0.1802716881936779,0.17927680713997546,0.1511536978498531,0.1440381676291078,0.06691487641562449,0.19193385505012012,0.4,0.5,0.3,111,9.159082215496076,471.1206451203722
25,45,0.15349180499370962,0.18452177606746437,0.17998797786720316,0.17765426376617974,0.14878482196412485,0.14376100298862962,0.06666866296668322,0.19156577406430114,0.4,0.5,0.3,113,9.1655854703967,473.0450160382636
25,46,0.1548679752337801,0.18552309154130206,0.18128876721708828,0.18077547373667974,0.15056151846141771,0.1474213479553892,0.06671060688076862,0.19147402630279484,0.4,0.5,0.3,115,9.12776629616592,452.5479255641637
25,47,0.15657268323210738,0.18310036393815607,0.17913114934225302,0.1783715142788223,0.16640460983242497,0.1462494708312853,0.06820750060957355,0.19862394027611624,0.4,0.5,0.3,116,8.987948617341617,420.8791829933799
25,48,0.15638810308105877,0.18154982664371022,0.1775680613126288,0.17839394259614277,0.15338894861814267,0.14804936032260435,0.06755484417466194,0.1974652239022599,0.4,0.5,0.3,120,8.942281644403893,451.6720927148591
25,49,0.15823014024761828,0.18266054659770506,0.17867209268892514,0.17947246828536353,0.15667230193923087,0.151399620886575,0.06805846223748249,0.1987090891427846,0.4,0.5,0.3,121,8.903504558250493,431.80456901806417
25,50,0.15738730476518278,0.18055435668343728,0.17655431211987987,0.17763679909178398,0.1577999960741953,0.15132610953002776,0.06761487380918785,0.19743626340094125,0.4,0.5,0.3,122,8.858345991818023,431.9763930346871
25,51,0.15818006910423993,0.18133717577201613,0.17733703164066061,0.17841917315852424,0.15437434146671114,0.15324578602478922,0.06765462255514429,0.19745851820324817,0.4,0.5,0.3,125,8.853773712674785,421.1579580445537
25,52,0.15734697625773084,0.1802710666874956,0.1762688404691107,0.17734271462460388,0.15435119035102007,0.15132610966915203,0.06761487381195073,0.19743626340154088,0.4,0.5,0.3,126,8.846574044203738,431.0498768275691
25,53,0.15709646205992694,0.18104565953551882,0.18099119263116326,0.185510596330286,0.15382958270651348,0.15132448715748884,0.06745076808116461,0.1969570726486406,0.4,0.5,0.3,127,8.843325343880974,430.8693103544626
25,54,0.1504629676523451,0.1729437147898725,0.17105813583474297,0.1880427544418161,0.1470706552920107,0.129894549729834,0.07348974991292394,0.19386625603432747,0.4,0.5,0.3,142,8.591157058734135,277.26320885694423
25,55,0.15349807248099276,0.17552048661131747,0.17363068757085148,0.1912738111716182,0.15074143109688687,0.1354911677234289,0.07418269333701136,0.195617748254882,0.4,0.5,0.3,144,8.455800316251706,276.3559961543625
25,56,0.1496140766772796,0.17080293047933487,0.16890552099984749,0.1868570595730134,0.14903102466930626,0.1304798368676161,0.07282806188957114,0.19206839964655492,0.4,0.5,0.3,145,8.463415524253255,277.7033698296179
25,57,0.15178054339122243,0.17212725874418935,0.16931323993167624,0.17829898327979674,0.14857836979936132,0.14113884051298145,0.0640921765928173,0.1999506598903888,0.4,0.5,0.3,166,8.727946805582212,413.1904746818884
25,58,0.14861705285999588,0.16641380978955117,0.16387951914679036,0.1740528291398408,0.150168299119452,0.1431438197681721,0.0626398031395562,0.19058045765056325,0.4,0.5,0.3,168,8.584491539520975,413.42182032053415
26,0,1.0,0.9038802035539674,0.9031258517037523,0.8996643437294283,0.0,0.0,0.0,0.0,0.4,0.5,0.3,1,174.95909586692204,1337.0014691661363
26,1,0.9613046898870174,0.9206869158291433,0.9197741660903145,0.9160157237765609,0.06604091367041166,0.09224490199072938,8.535645514831991e-05,0.00011709881642790001,0.4,0.5,0.3,3,162.49038299385842,1249.800160671014
26,2,0.8259087739177882,1.1625769757704112,1.1625769757704112,1.1625769757704112,0.4057560273572788,0.2396400422998099,0.01820586994174545,0.1920600795987146,0.4,0.5,0.3,4,182.57916154741136,565.3336360984604
26,3,0.3264115205789257,0.6367802221839582,0.6334484227314879,0.6213152256826115,0.3849671868944529,0.0988515610370245,0.007894390611372938,0.059303881769189645,0.4,0.5,0.3,6,82.69459941526598,240.5275586572607
26,4,0.3083605989567269,0.6191615025831283,0.6160443306254387,0.6036363572592629,0.08544061979862497,0.09944699538290527,0.003905441198880027,0.04398376301756613,0.4,0.5,0.3,7,78.85209198311482,306.139080849297
26,5,0.2844903655344923,0.5967904490595898,0.5931390779731172,0.5805557986749977,0.1491547357747092,0.1004431749580027,0.007967228127051586,0.05949186199512074,0.4,0.5,0.3,8,69.98319235456259,207.92212072870385
26,6,0.2664114321346777,0.5772406151722722,0.5737896646935317,0.5609329248113343,0.09093351434909756,0.10072430302588661,0.0039782787145586345,0.04417174324349723,0.4,0.5,0.3,9,65.70605168216082,247.2270605246917
26,7,0.249145207906995,0.5573879565015815,0.5534212354782311,0.5400216940954773,0.14348934444602504,0.10169015611850118,0.00818574067408755,0.06005580267291403,0.4,0.5,0.3,10,59.25733303699258,180.5237725602408
26,8,0.22815196020042233,0.5325272554517034,0.529019210045919,0.5157393316036594,0.11029593689474156,0.1022804709963353,0.004410560770607613,0.04528738369066121,0.4,0.5,0.3,11,52.74840482199474,163.14157909179482
26,9,0.8340103915867547,1.1273826864288528,1.1228407906583595,1.1080596171546386,0.8880162720397138,1.0,0.012116077329662769,1.0,0.4,0.5,0.3,12,40.61638586915468,99.35645460688497
26,10,0.16310630363345952,0.4416600364205768,0.4371058970263853,0.4210327797063464,0.19067968826263273,0.10553418924497479,0.00647082618405904,0.05016909798125894,0.4,0.5,0.3,13,32.34536844464703,79.36301995436666
26,11,0.12683594207391966,0.34551809008518813,0.3405125033968676,0.32257227576835734,0.1785114230987924,0.10553418924497482,0.00647082618405904,0.05016909798125894,0.4,0.5,0.3,15,23.011096967516,97.17437446861427
26,12,0.12624965777995922,0.33362562972919657,0.3284801134607103,0.31000540436223006,0.11780733150664273,0.1038875935051301,0.010459775596552003,0.06548921673288242,0.4,0.5,0.3,16,23.593553299019423,110.11469479885872
26,13,0.0801740581201747,0.21300403803224532,0.20733373054571524,0.1861791868231112,0.20426955987310463,0.1022920592256148,0.0030039224083755955,0.029562450522240193,0.4,0.5,0.3,18,15.86327489096108,46.40262603575394
26,14,0.07203712065005305,0.177850003540868,0.17160543074032955,0.15076510217001307,0.06288990495475373,0.1010291254214292,0.002276845379520209,0.03045424412184018,0.4,0.5,0.3,26,14.223181297120163,56.1132755185056
26,15,0.0665556138835892,0.1474114257141475,0.14092298537920958,0.11986962657760145,0.09610454431633074,0.10046316312341533,0.002990866353913811,0.03213575905586273,0.4,0.5,0.3,28,13.141790501454643,52.7530014825547
26,16,0.061777831956782575,0.12436656860109525,0.11770365522086772,0.09665160564969051,0.08255368831054331,0.1002355903660869,0.002431893841000877,0.03063896806199138,0.4,0.5,0.3,30,11.740161413402204,49.05478726887725
26,17,0.09620065633015457,0.1557594170170913,0.14906787714293065,0.12887641117449208,0.09081813829769896,0.10124857770512954,0.002618835470547766,0.1457861947436191,0.4,0.5,0.3,32,11.72135315347976,48.67558461431944
26,18,0.0995067488493833,0.15399549334528653,0.14755919296778605,0.12771270343723426,0.09874683533161419,0.10183537386613777,0.0022841413547407476,0.1599956116614604,0.4,0.5,0.3,34,11.350180824130314,47.79205170690064
26,19,0.10973841488830753,0.16028550127010566,0.15381222876598488,0.13463433559127275,0.10765911056303078,0.1018078427906968,0.00196640790518756,0.1972251052654611,0.4,0.5,0.3,36,11.002840787599895,52.47953704570034
26,20,0.10977069301351225,0.1590020985963954,0.15251650174902862,0.13356158268954832,0.10567867019686453,0.10260070082875354,0.0019595114179972355,0.19712893753087318,0.4,0.5,0.3,37,10.948140349223095,44.53925441931252
26,21,0.11127118587081913,0.15649992341976654,0.1502799201665655,0.13154239537319962,0.11044774160267787,0.10222385639673082,0.0019570864116557588,0.2052184568648315,0.4,0.5,0.3,39,10.814786368702462,43.786653153677385
26,22,0.06328128846350692,0.10783421654945843,0.10160788799424941,0.08305282322861088,0.05634958875392076,0.09870188515812243,0.001884133823352671,0.0504948931660799,0.4,0.5,0.3,42,10.768561484164076,40.437864472786266
26,23,0.06274042798670591,0.10359448647429474,0.09763680543995139,0.07911255111307366,0.06218586209334087,0.0996200363507344,0.001886942523359823,0.04979088522238439,0.4,0.5,0.3,44,10.544333596909658,40.55353767078352
26,24,0.17836991166625857,0.218317321821411,0.21204819900741628,0.19437824566376552,0.174288583320027,0.10242737864288812,0.0018582474923694013,0.43202353071981225,0.4,0.5,0.3,45,10.542404411352583,43.2217514138193
26,25,0.19334259156920128,0.23221710510063823,0.22593803149014274,0.20851448180429188,0.1903287287634267,0.10239641431163726,0.001878135597003281,0.4825897528635177,0.4,0.5,0.3,46,10.530846730739626,44.32718585387931
26,26,0.06229624046188875,0.09917574777147323,0.09318122736757409,0.07598229436230572,0.06309433775788997,0.09954229158649311,0.0019303901012015742,0.05073797406034297,0.4,0.5,0.3,47,10.425337132161127,41.30381920581957
26,27,0.1397882014058927,0.17503967624685185,0.16872704369202368,0.15174418701511605,0.13899303986392675,0.10154432085214889,0.001867915579904878,0.3073933328029868,0.4,0.5,0.3,48,10.291104307468617,47.42325329774405
26,28,0.06172979783542547,0.09701854850318538,0.09100928887323174,0.07434002074956185,0.055900462182555025,0.09877169205179595,0.00197970754540752,0.05074054826717237,0.4,0.5,0.3,49,10.242164726658718,40.52591884551084
26,29,0.13908870256422215,0.1725177682098305,0.16618831967277004,0.14970987377791142,0.1393930695889312,0.10079842693205543,0.0018531529719545414,0.3071544223655024,0.4,0.5,0.3,50,10.252726803157758,47.10561775800266
26,30,0.06252330477657544,0.09513870304657841,0.08880178839238181,0.07367119572297261,0.0597267204221336,0.09913093336709412,0.0019393138200327878,0.05449222341474863,0.4,0.5,0.3,51,10.237701238248736,39.617228399073625
26,31,0.20076105972824354,0.23268226508958256,0.2263389058539619,0.21037613908579128,0.19767943906011462,0.1051795003343472,0.0018494431062058149,0.5077744273540968,0.4,0.5,0.3,52,10.1476768168858,40.933601818692594
26,32,0.2027169779747265,0.2325680698743949,0.2265086845384111,0.21111219009780108,0.20131315588286783,0.10731630219536407,0.0018773410504797042,0.5126482568437841,0.4,0.5,0.3,54,10.05801602866276,41.839482096233446
26,33,0.20215517055223808,0.22957563579393436,0.22349387575040547,0.2085977706324926,0.20161826205628255,0.10678480018901097,0.001934733844139109,0.512778129033482,0.4,0.5,0.3,56,9.933762197867765,41.73079135993527
26,34,0.21956073060547082,0.24574555186758315,0.2396524503898118,0.22529874887684168,0.21721309734031197,0.10724755651653639,0.0019494502360343387,0.5708547934212517,0.4,0.5,0.3,58,9.884597726146776,41.21217997610536
26,35,0.20159621103008746,0.22712157641274994,0.22102241766200514,0.20723143136870287,0.19838820228377815,0.10586716150944948,0.0019628807260190684,0.5131628151130512,0.4,0.5,0.3,60,9.862426279340545,41.24895817576235
26,36,0.06123732140296969,0.08683090131981869,0.08103533444775365,0.06912908946677819,0.056959984862911026,0.09875238635038648,0.0019409233114577034,0.054835433869025264,0.4,0.5,0.3,62,9.807396991565833,40.07549716674978
26,37,0.060990664319639815,0.08447481425787903,0.07865992570185062,0.06698034783122642,0.06412779299249172,0.09915498101146167,0.0019526643362741869,0.05463672948436936,0.4,0.5,0.3,63,9.705169255393226,39.75925017251306
26,38,0.20072177855432882,0.22241264520231366,0.21749019954688595,0.21368117080191745,0.19744972617538206,0.10397663223755582,0.002529587301336627,0.5141587000155978,0.4,0.5,0.3,83,9.706711114474553,40.54192823497789
26,39,0.20078171707476836,0.22232666730401507,0.21740290302126847,0.21421470254093544,0.19743191494396828,0.10469688592608302,0.0025726029730984397,0.5134067146875263,0.4,0.5,0.3,85,9.717443147927616,40.64957871846968
26,40,0.2090068816886525,0.2303748350027815,0.22605532204397702,0.2252306151230335,0.20571110450858007,0.10508210186578489,0.0030374667852650053,0.5397319257465975,0.4,0.5,0.3,90,9.728731886182416,40.754071243792936
26,41,0.20844687583280808,0.22876427090989346,0.22413222916031167,0.22427881100448083,0.20829218006683953,0.10500858911734663,0.0030886537706616333,0.5384040825236014,0.4,0.5,0.3,91,9.726898986777838,40.61991313679498
26,42,0.20837614403791696,0.2285268690997628,0.22449925175754143,0.22678166793108942,0.2052874907243975,0.10487597079361799,0.0027396467025634216,0.5391160214151666,0.4,0.5,0.3,96,9.68596186840622,42.13029389934095
26,43,0.20894710283577972,0.22909289723572981,0.22536819259639113,0.22725457794596204,0.2059600713201336,0.10650817560236878,0.0028754144570030294,0.5386684953927084,0.4,0.5,0.3,97,9.691999595853824,42.450308836629205
26,44,0.20824393905553415,0.22794093609952645,0.22390919662797887,0.2268232370862497,0.20620003345283147,0.10518899945962415,0.0028072391523619815,0.5383925714311019,0.4,0.5,0.3,98,9.614213994325118,42.7532070341594
26,45,0.20824938350208427,0.22800783115041523,0.2242796199949606,0.22778553270318358,0.205031095700984,0.10518083714655588,0.0028033223252963125,0.5384436958446935,0.4,0.5,0.3,102,9.610615132746736,42.62891609184888
26,46,0.20831846177232832,0.2276742407461021,0.22394231177203522,0.2277613631202433,0.20560453893549702,0.10573485996605363,0.0028891521074224423,0.5380165876931924,0.4,0.5,0.3,105,9.462541366339366,42.21305291560073
26,47,0.20955929053252112,0.2278572730289239,0.22472164137570522,0.22935982263058063,0.2106973606931787,0.10900591225588244,0.002836153525125874,0.538544229932412,0.4,0.5,0.3,106,9.508383910904332,43.50872383301062
27,0,0.9092004231843308,0.8794886047608902,0.878542809802683,0.8743497610897583,0.0,0.0,0.0,0.0,0.4,0.5,0.3,1,261.43796362838856,1352.5917196050896
27,1,0.8773165107799609,0.896286983987799,0.895183330422623,0.8906956969252146,0.06584645035362933,0.09204326775188801,8.27212703444588e-05,0.00010824607087413999,0.4,0.5,0.3,3,242.4378264784744,1259.0083046588545
27,2,0.6252811535686754,0.8637431417751864,0.861543896450381,0.8530846274965393,0.5483720242336418,0.09946436003633861,0.07520488956347723,0.2218520798158905,0.4,0.5,0.3,4,167.80605665234967,705.6750147090984
27,3,0.6104581073379085,0.8556225704346119,0.8536625822881314,0.8450476154831085,0.1551055679855487,0.09946436003633861,0.07520488956347722,0.2218520798158905,0.4,0.5,0.3,6,163.69505922435195,718.2487328224253
27,4,0.41913909294918655,0.7303902300689424,0.7269049478749551,0.714511762273136,0.39837766022077964,0.1680124661709043,0.07340272317505862,0.23513665460573258,0.4,0.5,0.3,8,70.04733248971966,297.0816066596583
27,5,0.49579262700501925,0.8031971206314305,0.7992289968034388,0.7852922118244116,0.3974321625220134,0.16868391782574357,0.16515612714388198,0.5290574728628981,0.4,0.5,0.3,10,53.5727755502709,201.4262404023248
27,6,0.27236344941252,0.5424464920483395,0.5378772194780429,0.5211579396229707,0.3293379959858432,0.13371695373590042,0.07541685222863334,0.24006269916182715,0.4,0.5,0.3,12,37.33290296014915,158.2339812427665
27,7,0.26704100185382623,0.47373715091944935,0.46858346270377293,0.44864388699659247,0.37069326843524736,0.1339138827542986,0.10586459045555,0.336982233803333,0.4,0.5,0.3,14,22.78551243364671,88.77379469608076
27,8,0.333371568906588,0.49837389578864,0.4930455373530114,0.47147413825306683,0.38095841593615576,0.13937996607846478,0.16289648591204836,0.5196769421656184,0.4,0.5,0.3,16,16.56114765393529,77.02896286865187
27,9,0.3209128134208339,0.45415346789484723,0.4484889019756326,0.4262435194296075,0.35343822985016204,0.13562192201587012,0.16300817280891114,0.5198707827389925,0.4,0.5,0.3,18,14.038950492979566,61.444863820124965
27,10,0.3095400883326793,0.4236904798857477,0.417529059697606,0.39522529169681453,0.3213777038461383,0.1374342072006805,0.15785337894028564,0.5067828254659391,0.4,0.5,0.3,20,13.170625458705963,51.02268496024505
27,11,0.3072808977244377,0.40778182921899464,0.40178764482609397,0.3793910887944706,0.31239888930481585,0.13866259916386492,0.15854511575265803,0.5086443638393575,0.4,0.5,0.3,22,12.19041210440598,50.113358712060254
27,12,0.30441802305291926,0.3969719228455689,0.39120270063437634,0.3676323317695471,0.2961245682535335,0.1358321435256212,0.15881321484753572,0.5091096688591804,0.4,0.5,0.3,25,11.661609334427125,44.657309774235614
27,13,0.25969190165070005,0.3521080796507124,0.3457316501448882,0.3241791820888484,0.24175240824662342,0.14456691626732202,0.12566929117630768,0.4036173180825372,0.4,0.5,0.3,26,12.445584941668695,38.27905292002033
27,14,0.2709230161228285,0.35439461450942394,0.3482343024028812,0.3266404638298411,0.2711273960805845,0.14678362943540513,0.13413991830565664,0.43108401169299154,0.4,0.5,0.3,28,11.812738770735134,46.2579488380218
27,15,0.2678310478880076,0.33680939119860903,0.33020715927241967,0.3087190037911334,0.3059440170839366,0.1472927771690502,0.1341306746642211,0.43077019178066117,0.4,0.5,0.3,29,10.919154525384023,45.022210267693104
27,16,0.2665384264270889,0.3345408184602098,0.3282322160513785,0.3067905120088119,0.25786743877935214,0.14217470442292016,0.1348520496891718,0.4328372841921945,0.4,0.5,0.3,30,10.60775993994928,43.56939944259694
27,17,0.2661315672143486,0.3325192637281775,0.3258922487466439,0.30526515193756554,0.2597208206395747,0.1421413710801117,0.134805317850197,0.43273949528461114,0.4,0.5,0.3,31,10.422080386361165,41.57477098442676
27,18,0.26826816326353164,0.3312174594644386,0.3248609617785948,0.30395756363293924,0.2689007208762091,0.1489259862517368,0.1349115002167282,0.43302158337714414,0.4,0.5,0.3,32,10.38774638390204,44.73888765456458
27,19,0.2644999110586611,0.3248243845935018,0.31814010254437486,0.2980180596343601,0.2625482120487874,0.14325254962050787,0.13419347083987287,0.4309627723313615,0.4,0.5,0.3,33,10.372577534058706,39.97006476075229
27,20,0.26418179000013686,0.32370506068253946,0.3170132198911175,0.29711490545126423,0.2562565229359093,0.14030105645541202,0.13485959564111044,0.4332594601762552,0.4,0.5,0.3,34,10.068357058656268,41.01231493856199
27,21,0.2609916257445538,0.31333157891181274,0.30657214702757296,0.2866690336647083,0.2766426233478582,0.14240222679687864,0.13326056827951113,0.4272522185069558,0.4,0.5,0.3,35,10.104895988748057,37.56102917263856
27,22,0.26011188859188117,0.3086425251383246,0.30184749074284023,0.28231331293852624,0.2581256373279799,0.14448468997104055,0.1325315564941718,0.42518975333030024,0.4,0.5,0.3,37,9.823511792030114,38.205038473683736
27,23,0.2637283806095977,0.3117964974204096,0.30530003384814935,0.2863495401928318,0.2562889217573926,0.14363529053200821,0.13520198136251235,0.4342781069036817,0.4,0.5,0.3,39,9.752270912414112,38.8098524618836
27,24,0.2635883843554324,0.31091709407514345,0.30441372901090064,0.2862008670235333,0.25786846511989514,0.14363529053200821,0.13520198136251238,0.4342781069036817,0.4,0.5,0.3,40,9.712818168566914,38.98404423922832
27,25,0.2635851474120729,0.3109867080131195,0.3047869648998377,0.28695201098248074,0.2553970753445795,0.14363529053200821,0.13520198136251235,0.4342781069036817,0.4,0.5,0.3,41,9.71325332207208,38.9418328267075
27,26,0.2652917784172315,0.3098740537522582,0.303648020783459,0.286995859950621,0.25998823719638475,0.14890485455392893,0.1352860417394881,0.4345667934048345,0.4,0.5,0.3,45,9.722940963753109,38.441076460497
27,27,0.26214017294128783,0.30472059854183464,0.2981729618888357,0.28166364075556194,0.2613115521101058,0.14819837489203383,0.1332364981721771,0.4296020812327092,0.4,0.5,0.3,46,9.694075750408109,38.03997367497095
27,28,0.26760955374619755,0.31017913165022176,0.30393434725450363,0.28782685867372376,0.2604381723399992,0.14699432692420392,0.1374137165004828,0.44253870930200245,0.4,0.5,0.3,48,9.696131391272996,37.53895859439409
27,29,0.26750128007508933,0.30831274542791154,0.30205162760506754,0.2861828477551561,0.2664835623787839,0.14565449113800538,0.14161706796479182,0.43803594560868364,0.4,0.5,0.3,49,9.454995861720093,38.10331304533258
27,30,0.26681084487841084,0.30670145884988226,0.30073481717172057,0.28607858740348996,0.2608348520537206,0.14450437766969054,0.14097844851559202,0.4389459922969981,0.4,0.5,0.3,53,9.299166437602995,38.85464782972649
27,31,0.2648182735420328,0.30220357043001567,0.29621369041472134,0.282009506589882,0.2669602004978092,0.14773888281820136,0.13538068397789485,0.4388298885598553,0.4,0.5,0.3,54,9.254307933605286,37.58638132311022
27,32,0.26443605984935864,0.30106476231289964,0.29506788998670014,0.2819605988203939,0.25947408480141854,0.14651973155896367,0.13528813078003124,0.4397874795825065,0.4,0.5,0.3,56,9.205446455488833,38.03133797111128
27,33,0.2644654425730825,0.30085838969925516,0.2951622916700009,0.2813922494152744,0.25938189735052286,0.14755589093592564,0.1354205240249918,0.438477121345805,0.4,0.5,0.3,57,9.132322023299867,37.18869613269512
27,34,0.26448012686235545,0.30006976714967765,0.2943662547000137,0.2817039369607125,0.2597973771708365,0.14725895080490484,0.13542922535473947,0.43938439877783564,0.4,0.5,0.3,59,9.099883430068624,37.52764257333948
27,35,0.26447756266303546,0.3000528031471153,0.2943491100693152,0.2822416059766447,0.2584824614017738,0.14725895080490484,0.13542922535473947,0.43938439877783564,0.4,0.5,0.3,60,9.098952741128354,37.509897133816544
27,36,0.2618012349164366,0.29737653571980166,0.2919757657055478,0.27976819869843933,0.2560783244020841,0.1468460664540035,0.13156247260361684,0.4375116385596175,0.4,0.5,0.3,61,9.096775683816292,37.65042726749789
27,37,0.261503379520389,0.2968840768891501,0.2917845554735602,0.2797667826536793,0.25600895533835477,0.14658206873619928,0.13127020768625688,0.4375263576817311,0.4,0.5,0.3,63,9.081671792243252,37.91023057124017
27,42,0.26023529886507707,0.2890587390250473,0.2832928313398182,0.2765433284576402,0.2580177528326944,0.1465595868045657,0.13966053391263453,0.42305764175991295,0.4,0.5,0.3,75,8.90357989958513,272101.12834511715
27,43,0.26215687900131757,0.28972026068664647,0.28424567444744386,0.2780255258310763,0.26207850260152965,0.14953851286577516,0.14159035436341308,0.42304381382767187,0.4,0.5,0.3,76,8.862002211684093,366000.1742471719
27,44,0.7580042519021699,0.7817828451508072,0.7777884194571252,0.770383752456606,0.7612053999955533,1.0,0.10816776226555014,1.0,0.4,0.5,0.3,78,8.942744149539772,26.818114010962454
27,45,0.7589833734838219,0.7822309146134324,0.7809582441938963,0.7873586024384442,0.7554267107968463,1.0,0.1105716758019646,1.0,0.4,0.5,0.3,110,9.037471513688883,29.518289791206723
27,46,0.7585449065526237,0.7797668744704669,0.7784756793169835,0.7854897398116576,0.7585807948120911,1.0,0.11036204932718552,1.0,0.4,0.5,0.3,112,8.921429506858344,29.15402885833418
27,47,0.7596209714509432,0.7807746573246922,0.7797858718986976,0.7943019250132393,0.7563184422640296,1.0,0.11256606488793523,1.0,0.4,0.5,0.3,127,8.885147803853387,29.08960418596434
27,48,0.7591879473075294,0.7772228708800815,0.7768115033197244,0.7921659427778756,0.7619046977253479,1.0,0.11277125231511241,1.0,0.4,0.5,0.3,129,8.726577277393941,29.040604559733048
28,0,0.9396226400660435,0.8879234935789931,0.8870438252592026,0.8831044463094554,0.0,0.0,0.0,0.0,0.4,0.5,0.3,1,243.82029849412888,1418.420251216742
28,1,0.9126048327987223,0.9096549247502802,0.9086247324756076,0.9044180625097442,0.06857675149619846,0.10209641441425385,8.379317079143167e-05,0.0001174470044271,0.4,0.5,0.3,3,227.3753486041692,1335.9565588197515
28,2,0.6599201802055522,0.8922621334144578,0.8901014807705617,0.8817858297784974,0.5826149721684987,0.09955615180706254,0.08225497424405649,0.288625568078836,0.4,0.5,0.3,4,136.85606616400457,763.7144546850803
28,3,0.3828944095349002,0.6937970764094901,0.6906886435390504,0.6778524275978515,0.28178584152047137,0.09953067024134932,0.0239016163787703,0.2555708625629268,0.4,0.5,0.3,7,74.19077801661473,425.4961881601448
28,4,0.3943064207561757,0.7054496013542214,0.7022952628630881,0.6894482217345251,0.16228004662071915,0.09985311175679393,0.02876344913021036,0.305398493297486,0.4,0.5,0.3,8,71.42707388363819,376.188542087818
28,5,0.3422563393946381,0.6536204902915468,0.6501939875574657,0.6370238619409825,0.2296888167962814,0.10017966783179369,0.023975530441273055,0.2557629941652836,0.4,0.5,0.3,9,62.44395010540244,385.1593388487704
28,6,0.32486342668058765,0.6335853474893697,0.6299713859897466,0.6168283367613464,0.20127410653794003,0.09781634436204503,0.026272935598911158,0.26790844531458957,0.4,0.5,0.3,10,53.43015872942779,341.9489839987472
28,7,0.308828303463252,0.6153300028973179,0.611601461605303,0.597806966765403,0.17202226449877592,0.10045520892563291,0.024053619767858015,0.2559023835654318,0.4,0.5,0.3,11,54.19749442986485,348.718185732395
28,8,0.24946808462701003,0.5230942913373497,0.51888862760578,0.5033091680739585,0.42122142659933415,0.09724516249309903,0.02862875246385747,0.27647012709465385,0.4,0.5,0.3,12,33.41798470812349,237.0397779772448
28,9,0.23711989389352545,0.5051398911058114,0.5011402476357192,0.4837512728871147,0.16654905923793095,0.10011417559756901,0.02539083069992336,0.2594419139445922,0.4,0.5,0.3,13,32.04305406448432,230.4307119733899
28,10,0.17505236421594872,0.34712013077599746,0.3418693417870628,0.32027648194937525,0.3616599130766002,0.09952192515263678,0.026964167891004986,0.2622503198674834,0.4,0.5,0.3,15,17.61836858132075,172.40135326543944
28,11,0.1708372354238344,0.3318823440992552,0.3265109860352751,0.30505634652249014,0.1542158294664869,0.09960496806532392,0.027022220744281168,0.26243990242141507,0.4,0.5,0.3,17,16.671997879480454,160.9282603390384
28,12,0.16923195407045288,0.3261076412538353,0.3209941174009324,0.30008117833924086,0.14048629254604203,0.09955344643845464,0.027025312680986156,0.26243459866110885,0.4,0.5,0.3,19,16.23419401479421,163.6674116870352
28,13,0.22303034665466465,0.3722614300246553,0.3667636158801291,0.3453062612659863,0.21834859645085758,0.1032068541971923,0.05998954995296681,0.3910069614780893,0.4,0.5,0.3,20,19.284590654148303,123.51492156355324
28,14,0.17816188479623546,0.3170432533327667,0.31113423005683233,0.2903779263577856,0.16679180650646808,0.1000856041501856,0.031127283386375024,0.3051394366324089,0.4,0.5,0.3,22,14.590344695048838,140.222956295253
28,15,0.16518736066820333,0.29309630763929356,0.2876797491428442,0.26717922912741693,0.1588030846423897,0.10007588938503895,0.030398488251410442,0.27477469399614585,0.4,0.5,0.3,24,14.412963266908791,115.62089447362222
28,16,0.11712644801761271,0.22102719916555671,0.21536909036254534,0.19489396262211472,0.14092514042438284,0.10019444334174032,0.015818135457185207,0.16126954900307922,0.4,0.5,0.3,26,13.417657924038595,131.01487815141064
28,17,0.11532522950413732,0.21207134846565534,0.20664610183026222,0.18674364415943903,0.10915829423614858,0.1001944433417403,0.015818135457185207,0.16126954900307922,0.4,0.5,0.3,28,13.003011071749784,127.71035806589413
28,18,0.11475075153722908,0.20863643563441955,0.20288021292216707,0.18282165713762033,0.10643516893279285,0.10040547438397576,0.01586427722817479,0.1612795240214831,0.4,0.5,0.3,29,12.778456338415346,126.27435157890172
28,19,0.11481722610639467,0.20857176375765446,0.20281425500527056,0.18346701608265842,0.09681222737636716,0.10050320721521569,0.015914719167858443,0.16139394237716523,0.4,0.5,0.3,31,12.837237043212555,126.83199301505744
28,20,0.11462512066404476,0.20693925983217365,0.2011677000794473,0.18237385002152667,0.09845812696264328,0.1009278398867062,0.016076510655320616,0.16108987166635932,0.4,0.5,0.3,34,12.71735548813076,124.9925423283202
28,21,0.11360671534038036,0.2025349760397358,0.19673043443576935,0.17848036891346866,0.10863972475195068,0.1003240129555201,0.0158987689145393,0.1615127448199441,0.4,0.5,0.3,35,12.586016289221227,123.07162749327723
28,22,0.1462122055676203,0.23347655899498523,0.22795884145957743,0.21416490954831782,0.13033649280329104,0.10214959116837083,0.023082153776516887,0.25717820923766094,0.4,0.5,0.3,43,11.359984900246982,450.8034192476996
28,23,0.11552957087332925,0.18876772873958853,0.18311494990974925,0.1673829980429437,0.15164485389358207,0.10329181877404665,0.015927569723489594,0.1759054336292689,0.4,0.5,0.3,44,11.093169554764351,817.1629453293205
28,24,0.11407875834953879,0.18254435455328316,0.17684604937099493,0.1612248680036103,0.10999491058029993,0.10240936549021096,0.015956297226362656,0.17562268137723971,0.4,0.5,0.3,46,10.900034956159292,814.5788204511122
28,25,0.11369846651328439,0.1799663156639904,0.17455002741879827,0.16064231840797877,0.10571073651763736,0.10304103410917224,0.015958543568338132,0.17511264357197137,0.4,0.5,0.3,48,10.676925284253668,810.5755184929255
28,26,0.11029507332951424,0.16904123074906857,0.1635538057727465,0.15019453930963997,0.11293420324014966,0.10786303229977057,0.016541131351110197,0.1615138679302991,0.4,0.5,0.3,50,10.733631994448908,908.5404803148324
28,27,0.10940073878585392,0.16435918505989686,0.15913902491904716,0.14607293562288237,0.10644737949881497,0.10631237636565372,0.015525876687387767,0.16486425950309408,0.4,0.5,0.3,52,10.475833680756477,799.5899339083983
28,28,0.10880714462417729,0.1598678596492578,0.15491417543407018,0.14281470244870464,0.10450778357467144,0.10722943894402397,0.015524436525050485,0.16425451036031716,0.4,0.5,0.3,55,10.236036338662812,809.4848300398012
28,29,0.11835591274312751,0.16926296650351275,0.16461073395483092,0.1538723100372868,0.10980517010802857,0.10257314515478777,0.018460072230439037,0.19755579726321076,0.4,0.5,0.3,58,9.979347439239408,909.9265672262818
28,30,0.11760367273086839,0.16537866730864145,0.16069717917516818,0.15076024001619584,0.11295963612793128,0.10220902641366698,0.018447468461511244,0.19754962597922776,0.4,0.5,0.3,61,9.67498401932338,912.992846445384
28,31,0.11680701271600621,0.16443880422912444,0.1597559633759481,0.15042229580421795,0.10884148458411502,0.102333265778168,0.01815963537280653,0.19529628512808953,0.4,0.5,0.3,63,9.68140540999689,904.4440268426026
28,32,0.11685916917502512,0.16403650976049283,0.1596523564950506,0.15142721746682097,0.10968980807856765,0.10229793210732745,0.01819059478360335,0.1958083597402904,0.4,0.5,0.3,65,9.676097812945905,909.5772192903044
28,33,0.12334736153729492,0.16953423487120567,0.1657467606031714,0.15936419421386117,0.11614204948770818,0.10269820197138976,0.015859130602425282,0.22152854540002215,0.4,0.5,0.3,71,10.21948239932819,152.55299708595456
28,34,0.12315658149612263,0.16512359366487656,0.16159983104928421,0.15498776960054683,0.13077286618562528,0.10274157332824785,0.016049245234317826,0.22317518130171626,0.4,0.5,0.3,72,9.89235146199776,125.55633682324712
28,35,0.12238939196859083,0.16166611084272356,0.15781443110678384,0.15144937893612537,0.12462099097071906,0.10270357203061682,0.015910352952514587,0.2224741006953112,0.4,0.5,0.3,73,9.81914203001885,150.82009611243774
28,36,0.12206263453691184,0.15934298999658758,0.15547282434785756,0.14999939852799019,0.11920491786526168,0.10267793218245069,0.01573712350373908,0.2229038789930545,0.4,0.5,0.3,75,9.735792359078465,149.95859018875046
28,37,0.10356090699211007,0.1388389974657236,0.13555617855364735,0.1372330107411272,0.098314510140662,0.10149517136638837,0.014435628673901758,0.16627092412782568,0.4,0.5,0.3,87,9.701255182340164,826.0106323517515
28,38,0.12184742428244892,0.15443391170441043,0.150520402863256,0.15032548877279034,0.12494965362001598,0.10291453357017946,0.01406264539262684,0.2274278550418556,0.4,0.5,0.3,88,9.547110475704727,741.3551882184796
28,39,0.12183531510196811,0.15359971586383736,0.14967862072301258,0.15107314698524915,0.1172477053644375,0.10267211174102682,0.013317121386542417,0.22942792817974592,0.4,0.5,0.3,92,9.456243504159588,734.8419627304169
28,40,0.10480731067191004,0.1367508056704836,0.13464904616111611,0.14014982331229964,0.0997127303669566,0.10342273119495349,0.01586202449054998,0.16763464703830028,0.4,0.5,0.3,102,9.606731544980976,775.0143874974802
28,41,0.10449378318766925,0.1321107161628233,0.12966627827497865,0.13511338629809622,0.10715549821696158,0.10404308580194987,0.016226005613583134,0.16757778483274857,0.4,0.5,0.3,104,9.570830318533478,776.1895220736442
28,42,0.12124088049378418,0.14811556890304367,0.14505838973668456,0.15333009566632289,0.1177932720887184,0.10307177225306477,0.015507836858098508,0.2262109158544213,0.4,0.5,0.3,106,9.40243032300388,739.0061891191364
28,43,0.10562916711838896,0.13258139191545387,0.13073676379750368,0.13767902527767395,0.10175869330619336,0.10617952659643967,0.016342972639316868,0.16879573054065589,0.4,0.5,0.3,108,9.58495055600497,772.5410244729578
28,44,0.11939895456029345,0.14515543390883606,0.14239094892086387,0.14955702019674186,0.11598682123597578,0.10268896583519885,0.012847403017287184,0.2256948030004197,0.4,0.5,0.3,112,9.38904468777509,736.1674085434595
28,45,0.11636283662002755,0.13962169182262085,0.1371372619738404,0.14583568001399383,0.11550494190804972,0.1049279712672824,0.012211665378893647,0.21508909269846832,0.4,0.5,0.3,115,9.312509065756378,794.6521750286494
28,46,0.11644012110513816,0.13931356972478248,0.1371285417416265,0.14880855170561236,0.11307927277922925,0.10504960760466327,0.011585692143953486,0.216490395368156,0.4,0.5,0.3,120,9.30200651117466,798.2041846828839
28,47,0.11645481348266468,0.13898029378881663,0.1361862497838854,0.14022660202412235,0.11291513458154856,0.10501609140917631,0.011755856791364516,0.21639307960181905,0.4,0.5,0.3,125,9.30933181524952,798.1945476420673
28,48,0.12342429819367905,0.14561448324552054,0.14463514574722347,0.16584092975843978,0.12011219053836378,0.10630441078291857,0.016387270788084607,0.2306693902200021,0.4,0.5,0.3,140,9.519299832271448,802.2367837072451
28,49,0.12150321506420245,0.14146290829145258,0.14167504162198713,0.17253854602317997,0.11890158509859904,0.10361433273166136,0.0135711261804754,0.2339585093811709,0.4,0.5,0.3,158,9.211905226501909,762.5973474015638
28,50,0.12149229645157536,0.14125649582611954,0.14176980333658018,0.17549619359192326,0.11859077327705017,0.10365354451436697,0.013596791900085132,0.2339814191164482,0.4,0.5,0.3,165,9.220803396152707,762.5934632454641
28,51,0.1214961309972461,0.1415293626311982,0.1429540078879455,0.18236561597733453,0.118458431388169,0.10365330039115712,0.013597205247652937,0.23399436156573042,0.4,0.5,0.3,181,9.220852247172203,762.6120910227456
28,52,0.12180282032086726,0.1414181196880933,0.1431419222121118,0.18403650969546426,0.11941355909838078,0.10325788346047302,0.013785788238925496,0.2355035708049631,0.4,0.5,0.3,184,9.178200207721677,765.8672318803967
29,0,0.9174146813137899,0.8817897321550998,0.8808618705635719,0.876738020817791,0.0,0.0,0.0,0.0,0.4,0.5,0.3,1,254.215718575625,1329.6230879536738
29,1,0.8865931948038365,0.8986647175040274,0.8975845433497222,0.8931865581262664,0.06425843169597661,0.0905241497350486,8.303048676564244e-05,0.00011264470922666,0.4,0.5,0.3,3,236.7344804211289,1295.6646055817412
29,2,0.8465875769263912,0.899430740572476,0.8982063941185147,0.8938513599307926,0.10836964383341866,0.13520887986448651,0.0010565929996729263,0.0027023948869567198,0.4,0.5,0.3,4,219.67551663115265,1122.551631309744
29,3,0.8115278835926407,1.1215015079060988,1.1181658530425882,1.105746354819431,1.322900959342432,0.21935479983193668,0.3175218831553473,1.0,0.4,0.5,0.3,5,75.15226291312791,298.35412428823224
29,4,0.6698109612063239,0.9739991841191038,0.969862576829515,0.9554836029335894,0.6495991305249524,0.13140314519342441,0.29695779542334805,1.0,0.4,0.5,0.3,7,55.74856918381968,296.8605302562919
29,5,0.6403156549938553,0.9334567053424521,0.92900348339926,0.914136848178233,0.5604973402573061,0.13079173848803316,0.297035376124468,1.0,0.4,0.5,0.3,9,48.70843885605306,268.0611285600661
29,6,0.6424293660477232,0.9125805073690607,0.908012249391837,0.8918656049989564,0.679858480263241,0.18011154673781568,0.3223396229511863,1.0,0.4,0.5,0.3,10,35.22416717540425,124.11120430706448
29,7,0.6146789376839152,0.8562484224413685,0.8515457119949823,0.8345308326871637,0.613095839261407,0.17875532691384027,0.3222678941708661,1.0,0.4,0.5,0.3,12,28.533067558401346,107.46300630575654
29,8,0.5927272320261445,0.8019525167515933,0.7968295630624669,0.7789049154667891,0.6090554922805851,0.17659478678342888,0.3225006362742259,1.0,0.4,0.5,0.3,14,23.39639876420292,92.6267322815662
29,9,0.5779093318230271,0.7581750944426169,0.7527129584907151,0.7339566015266841,0.5935906193305649,0.1746914499147274,0.32288853977982557,1.0,0.4,0.5,0.3,16,20.042353565174203,82.63309962997805
29,10,0.5681261586836819,0.7245115344931414,0.7187871299800422,0.6999343275285974,0.5792263279475146,0.17394981338121884,0.3229844611502739,1.0,0.4,0.5,0.3,18,18.04626532728773,82.72209644648456
29,11,0.5635777799351712,0.7081360201382357,0.7022862983403005,0.6834334054484623,0.5537041067223825,0.17228066446577572,0.3235275260581134,1.0,0.4,0.5,0.3,20,17.294804653953797,78.44260815422284
29,12,0.5368261939966447,0.6686926908925066,0.6627110398833749,0.6460322525057767,0.5201286169677436,0.17015341007440857,0.29158912662898273,0.9805710351829587,0.4,0.5,0.3,24,15.50589789850599,67.63907406588243
29,13,0.5407833433547242,0.6673023407810412,0.661265981306931,0.6448837689729094,0.5236683902731245,0.16725004978011812,0.29616245720146317,0.9954422620975825,0.4,0.5,0.3,26,15.35842848352114,74.42655973158486
29,14,0.5407833450518922,0.6673923466806468,0.661659718182841,0.645648928529917,0.5136140057491689,0.16725004978011812,0.29616245720146317,0.9954422620975825,0.4,0.5,0.3,28,15.358427789015469,74.42655132293812
29,15,0.5275362890100344,0.6535132727240656,0.6477742092968296,0.6322469626771806,0.5029219198497051,0.16820844056004364,0.28672668533909756,0.9663636218008683,0.4,0.5,0.3,29,15.121352253727157,68.13352195750907
29,16,0.5404092090780037,0.6624983289642201,0.657022603659663,0.6422294218082625,0.5294434475226053,0.16956940008156124,0.29621193878372387,0.9955565854172204,0.4,0.5,0.3,30,14.997221518313818,63.52004608686556
29,17,0.5384991489984542,0.6534662003628846,0.6482216065487463,0.6325195099273411,0.541445757399928,0.17150266085635396,0.29575409421277316,0.9942152080885205,0.4,0.5,0.3,31,14.20584293366475,61.57775874483491
29,18,0.3273990307797833,0.44289426997245274,0.43856246397823584,0.41917542432881716,0.3040810485605106,0.15465335789801987,0.16084848174155544,0.538126475471341,0.4,0.5,0.3,34,13.663143153906242,56.40403348917128
29,19,0.32386965559976977,0.42567686212829803,0.42151294515953186,0.4029766216139683,0.3278725871913459,0.15465335789801987,0.16084848174155544,0.538126475471341,0.4,0.5,0.3,36,12.761343529302316,58.28163306355393
29,20,0.3355576720775896,0.4268376368200659,0.4225705563195187,0.40428857625809744,0.35594501288079394,0.1579877499465182,0.1685255730801722,0.5685742876029308,0.4,0.5,0.3,37,11.993190326911394,42.19175434879733
29,21,0.5729405960555101,0.6585626091780379,0.6542406289226732,0.6349825466539498,0.5768937269660676,0.20853478894362598,0.34667679441388227,1.0,0.4,0.5,0.3,38,12.008403416419632,50.087591497404574
29,22,0.569844246050893,0.6513913368789815,0.64702998087797,0.6283874223925026,0.5618251581235592,0.20308784217379347,0.3467213122905999,1.0,0.4,0.5,0.3,40,11.91009623393292,49.90255113545809
29,23,0.5695015802516418,0.6450479229682962,0.6409317968336301,0.6230145733853913,0.5663607743721351,0.20521261037010846,0.3470646979194818,1.0,0.4,0.5,0.3,42,11.6622778445904,45.92387547640222
29,24,0.5739746925559379,0.6476828811612783,0.6432462845062314,0.6261603349066054,0.5666093026586229,0.20711211584591122,0.3552565901190056,1.0,0.4,0.5,0.3,43,11.549958290698685,50.32356513040788
29,25,0.5686960601214306,0.6411833172076309,0.6370379464509155,0.619799647152735,0.5601172403863919,0.2048000173440651,0.3471230418210609,1.0,0.4,0.5,0.3,44,11.53763854473505,48.6149780417606
29,26,0.5728220033686291,0.63681806565081,0.6322890701061712,0.6154275087161836,0.5906801700906918,0.20888177804814564,0.3556583196494667,1.0,0.4,0.5,0.3,45,11.17267059594606,49.51462505280524
29,27,0.5721783497038291,0.6329997643959244,0.6284407057613662,0.611753358622493,0.5724157641998415,0.20893034802274882,0.35563301104093115,1.0,0.4,0.5,0.3,46,11.000443761785151,45.7059250320314
29,28,0.5715499161199965,0.6306708420214981,0.6260957711907719,0.6104461565530757,0.5640652670009436,0.20819879160806282,0.3556519882076494,1.0,0.4,0.5,0.3,48,11.02561647720046,42.851664191293565
29,29,0.567938435814789,0.6251373257706069,0.6208470587843511,0.6053165544400656,0.5648233063101689,0.2069251790472967,0.3502495213577477,1.0,0.4,0.5,0.3,49,11.038979243843515,39.91396149999683
29,30,0.570477473436934,0.6276279801845244,0.6233371721103874,0.6086302906419065,0.5606222495104813,0.21099073967808818,0.3521140937014485,1.0,0.4,0.5,0.3,51,10.831485658892731,42.44579221609612
29,31,0.5700012134596866,0.6258780502795922,0.6215753405737925,0.6074156611993827,0.5644565906408492,0.21166086662686018,0.35111178821047917,1.0,0.4,0.5,0.3,52,10.593730151268376,42.606688750129386
29,32,0.5718641815677011,0.6267155275154417,0.6224031845250355,0.6084432087424134,0.5640518371535539,0.20526543727750468,0.36035908698859165,1.0,0.4,0.5,0.3,54,11.00766312504764,45.12469603817389
29,33,0.5720074474250387,0.6259726483183423,0.6207431667728895,0.603651782719709,0.56468652807355,0.20540206892211846,0.3607766747329651,1.0,0.4,0.5,0.3,55,10.902900349392844,45.19585699110675
29,34,0.334339419591677,0.3851533902077737,0.3814091407558659,0.3671114540853241,0.33795594671395945,0.15710554103850016,0.17037367735275843,0.5918342465748515,0.4,0.5,0.3,56,10.512572904835014,44.14161434834775
29,35,0.3343366831132275,0.3853165963844434,0.3821797246012309,0.3686396931724319,0.32558907243987184,0.15710554100280966,0.1703736445398332,0.5918342432681423,0.4,0.5,0.3,61,10.510342089880114,44.147187745992
29,36,0.33432301385943825,0.38522981361531106,0.38239525169074984,0.3693402975760819,0.32587699043919155,0.1572605243307789,0.1703454673744774,0.5917333545658825,0.4,0.5,0.3,63,10.501660157380089,42.88998474706275
29,37,0.3349161320911589,0.37988803348799016,0.37578623378107745,0.36460043750968363,0.3463520475914304,0.159919611089509,0.17518874089330141,0.585606786462813,0.4,0.5,0.3,64,10.173379051135232,35.30384805443104
29,38,0.33294868422373347,0.37763699306840404,0.37353255268882946,0.3644491537467607,0.3258232073306314,0.16169083854345412,0.17238443000243928,0.5815397280582408,0.4,0.5,0.3,66,10.273777053682124,32.70964998006579
29,39,0.33413242340135874,0.37670746808643274,0.37258338287910964,0.3624906968708891,0.3341042815474097,0.15898496010834634,0.17521327120301475,0.5856784179854884,0.4,0.5,0.3,67,10.102092007911883,35.29375394179751
29,40,0.3338294180128887,0.3750100226234182,0.3711759867951262,0.3624553227821161,0.3319355339805917,0.15890109437526934,0.1752077180600196,0.5856961012861873,0.4,0.5,0.3,68,10.090392384521076,33.06157750367734
29,41,0.33050422735120377,0.36949806676872454,0.36594667445348117,0.3585935055082209,0.3278372188725749,0.1584815812630472,0.17230834868862704,0.5813805459223949,0.4,0.5,0.3,70,10.060158741648475,33.96175580580123
29,42,0.32709486522847125,0.36485450594430363,0.3609887918026544,0.3536711330311726,0.3227026964768683,0.16169249535579355,0.1693703545019163,0.5713171766982297,0.4,0.5,0.3,72,9.891208573034742,41.237711265531686
29,43,0.32571038780052575,0.3622761807279702,0.3583994004247917,0.35262821985147697,0.3216145508182413,0.1599700327602956,0.16927899483116715,0.5698623793730258,0.4,0.5,0.3,74,9.80128719378826,45.90653580869825
29,44,0.3260156010166256,0.36223236996502994,0.35895823833688595,0.35329487071501997,0.3208830350286431,0.1594169690105519,0.1694798145213557,0.5715960146242586,0.4,0.5,0.3,76,9.786271662291131,46.194177662756985
29,45,0.3263014242619271,0.3619120003527959,0.35863223859099524,0.3532682690931287,0.32243608100906085,0.16046049666779977,0.1694751361089689,0.5715236052512178,0.4,0.5,0.3,77,9.787399374482764,42.67061238994052
29,46,0.3263000238249635,0.36199260133906364,0.35901663209673595,0.35417883120092875,0.320392257492654,0.1604604966677997,0.1694751361089689,0.5715236052512178,0.4,0.5,0.3,79,9.784518187078884,42.63885892264492
29,47,0.3299143394837426,0.36558825428751585,0.3626121253328274,0.35809739407061475,0.324059992109321,0.16128830992664228,0.1723414145756438,0.5777014802784215,0.4,0.5,0.3,80,9.766571036153428,41.42532493793595
29,48,0.32334150874801476,0.3579550701183819,0.3549691788410865,0.3516699737477969,0.3212071762015515,0.15945498123958696,0.16821976535593924,0.5657300576889462,0.4,0.5,0.3,81,9.58244175973206,43.38705217545812
29,49,0.33906773121933775,0.37131531600996087,0.368307565769493,0.36302485057380196,0.33776179430206543,0.15711713919875517,0.18171222620372443,0.6001619865986298,0.4,0.5,0.3,83,9.727544171516769,38.23720034669288
29,50,0.3390116927521725,0.3710139262317663,0.3683068275908034,0.36353904249493474,0.334318820746219,0.1571477881578483,0.18167896007204073,0.6001833266974068,0.4,0.5,0.3,85,9.72210333757806,38.23061697249388
29,51,0.3462118793012059,0.37829267693657176,0.3758892440975389,0.37132155809018774,0.34099268768660584,0.1579089866327707,0.18769575324291435,0.6131474236324633,0.4,0.5,0.3,86,9.835333355783964,39.53709651804003
29,52,0.3432810184973124,0.3731155178060074,0.3703884906167466,0.3664679881819669,0.3456822525319915,0.15462503281093415,0.18576144427681657,0.6122207910661049,0.4,0.5,0.3,87,9.6831318056778,43.99135478279687
29,53,0.3456366684187728,0.3750367150397732,0.37260861219084224,0.3692028273609536,0.34172820129048587,0.15507003983870196,0.18738436582919868,0.6170745360238816,0.4,0.5,0.3,89,9.656047204069964,43.53450710228171
29,54,0.3459630771782493,0.3751952199018598,0.37276558018047456,0.36935387341851517,0.3417639875208819,0.15529272922438506,0.18727936179332239,0.6181363871638129,0.4,0.5,0.3,90,9.656500968167308,43.70909139222855
29,55,0.34528081026439167,0.37089354992066137,0.368733619989838,0.36579440037434086,0.35364667889136797,0.15651089822343986,0.1882966935505845,0.6146375238160057,0.4,0.5,0.3,91,9.635843156777437,39.57788080320688
29,56,0.34603343108856455,0.3717100528422006,0.3698537385217776,0.3674576000456621,0.34194492233531365,0.15651258243043492,0.18880797880655034,0.616306459673374,0.4,0.5,0.3,93,9.630573615888512,39.73853516208821
29,57,0.34664421394591083,0.37061422170749725,0.36874225223262713,0.36704900986176214,0.34471367982066836,0.155926443644908,0.18950847904836546,0.6189082791895322,0.4,0.5,0.3,96,9.567873936184691,38.568061267439255
29,58,0.34426896409392016,0.36352183631258894,0.36160676633082073,0.36032514097313395,0.34910806263671645,0.15635365475682284,0.1892177477125847,0.613488698307829,0.4,0.5,0.3,98,9.380851537129924,39.27837204474098
29,59,0.3247549755896155,0.3439365560410562,0.3441415777812697,0.36775496905207367,0.3218348199473232,0.1621562859924086,0.17341572714207104,0.5674216156594769,0.4,0.5,0.3,160,8.970338855002767,43.65570050831197
29,60,0.3249793172513903,0.3442054433743614,0.3447138218524466,0.3690442927048966,0.32210377378477373,0.16195513037856832,0.17465744930807892,0.5663923504195834,0.4,0.5,0.3,162,8.945642777962226,43.53560447902684
29,61,0.33055330747058653,0.3492941818646801,0.3501010822852084,0.3750649776267283,0.3286564997627819,0.16158530795978626,0.18157789213693,0.5742405260193657,0.4,0.5,0.3,164,9.130912192384528,44.15484188464142
29,62,0.32855367835403104,0.3467529149078231,0.34725198414820524,0.3714746568383941,0.32727962322094317,0.1625760195759928,0.17911059552403047,0.5706088341646358,0.4,0.5,0.3,165,8.969832490212541,42.9961866115092
29,63,0.33170686073774125,0.3500455434750025,0.351151789937735,0.37612013911810616,0.3290642980066847,0.16359330460204727,0.18156268598328018,0.5756980674679577,0.4,0.5,0.3,166,8.986516234116985,42.28776963328371
29,64,0.327212825768593,0.344678133582954,0.3448675342611045,0.37015540892698423,0.3265487599173825,0.16118224162176134,0.17845296548214368,0.5694386133325212,0.4,0.5,0.3,167,8.943479336506847,43.03718335214072
29,65,0.3307962097627225,0.34822065396686563,0.34931858074249855,0.37566045816572147,0.3292043607195795,0.16346759009716644,0.18135196263452355,0.5736705849600405,0.4,0.5,0.3,168,8.976670466135639,42.26997326540408
29,66,0.3281926036507914,0.3435224817968131,0.34460135149949317,0.3730523248574372,0.3272939242770181,0.16408983942334182,0.17946147406327567,0.5684252448065373,0.4,0.5,0.3,173,8.823363470488111,36.68755584644652
29,67,0.32747026954170544,0.3416872030137672,0.341241099086659,0.35368112785045147,0.3274895642037755,0.1643981883282326,0.17899166099724256,0.5667388868754182,0.4,0.5,0.3,174,8.78248438740551,35.79685515566198
29,68,0.32734400598277735,0.34156588171644464,0.34202871191659656,0.3570955940550824,0.3252808597084256,0.16420049735510409,0.17923319854567482,0.5663185628753274,0.4,0.5,0.3,184,8.791870499931333,35.74424972022741
29,69,0.32828449167272633,0.34273154975136133,0.3444082940802886,0.37786393694955567,0.32660406045379353,0.16429905564888853,0.1801574009153355,0.5678526425962575,0.4,0.5,0.3,185,8.865906221514942,36.77946486125777
30,0,0.922988561076214,0.8833398728244766,0.8824242090530998,0.8783467719929454,0.0,0.0,0.0,0.0,0.4,0.5,0.3,1,248.2266192396678,1343.3165830443804
30,1,0.8898406322461349,0.8996726447637032,0.8985999708189182,0.8942304488470475,0.06516460519442921,0.09065457929492052,8.330005125398515e-05,0.00011092391905210999,0.4,0.5,0.3,3,230.0176748585822,1261.7682022550327
30,2,0.8554295211328559,0.9038825849416535,0.9026744864267469,0.8983816800288286,0.10754537441306213,0.14119543046186328,0.0010632609335538197,0.0026482431281599503,0.4,0.5,0.3,4,214.9394973086972,1103.1760186769295
30,3,0.8312723533263917,0.8838249494956816,0.8826017018121154,0.8778618449249224,0.04524730550051849,0.09844855322138708,0.00033320020501596137,0.00044369567620843996,0.4,0.5,0.3,5,213.37947700651569,1172.4929502908365
30,4,0.5520741349724366,0.8600264667054887,0.8563838342588848,0.841234782251763,1.3627308627201962,0.21542829189613322,0.17248277261513867,0.6343938655139121,0.4,0.5,0.3,6,54.48907297915811,195.304811616364
30,5,0.507089746698999,0.8020046852919088,0.7979345965316184,0.7818851560323198,0.43764808649605347,0.2063132970919641,0.172557503749048,0.6345778214983614,0.4,0.5,0.3,8,44.00343374492778,168.9801393466609
30,6,0.4801054170360355,0.7618667592409196,0.7575042336298232,0.7407050513365634,0.410638256679396,0.19840363694112984,0.17278169715077596,0.6351296894517093,0.4,0.5,0.3,10,37.17134968632588,119.54415048809874
30,7,0.8422779053953722,1.0345225393687951,1.029197369180612,1.007958364034645,1.0221338268880227,1.0,0.1804420757751306,1.0,0.4,0.5,0.3,12,21.08792542748572,56.29043646274236
30,8,0.4001355738119179,0.5902208080250116,0.5854761632387195,0.5648622219875068,0.35246124833516423,0.17367455699463458,0.17502624280348897,0.6406547977109699,0.4,0.5,0.3,15,20.08969702958141,73.68107155887587
30,9,0.38704929595908966,0.5516413892216496,0.546611196502004,0.5245400080064748,0.39942336686205404,0.16728985920920647,0.175324554135727,0.6413384362769246,0.4,0.5,0.3,17,17.710080242410033,55.59221298647351
30,10,0.3847696356196384,0.5425277955880751,0.5371210338474072,0.515922196049834,0.35615741507594234,0.17003503882865406,0.1746702197859399,0.6396519233279873,0.4,0.5,0.3,20,16.73655176237313,56.513225803373786
30,11,0.37963278356126096,0.5197316728526961,0.5141381478158767,0.492860850679385,0.38253598868389016,0.17233394265527607,0.17471916193288342,0.6398310834163544,0.4,0.5,0.3,22,15.442801695096852,45.85321682900292
30,12,0.3765891749256849,0.5102808538956444,0.5043180150600729,0.4834165099289994,0.3712561515350046,0.16923224836879652,0.17482936916917488,0.6403804489371845,0.4,0.5,0.3,23,14.866390150188662,43.866691845150434
30,13,0.39902120934062857,0.5054739009891716,0.49953854024793654,0.4774195924250094,0.4789775154075949,0.17836588271685555,0.19055706148226548,0.7030014832845161,0.4,0.5,0.3,24,12.918415964436422,43.14145301080793
30,14,0.39454690732089004,0.4890420428849275,0.48298890489924245,0.4608842695471406,0.3977444582075286,0.17263604042116917,0.1912601540806077,0.7047321955636046,0.4,0.5,0.3,26,12.328501214469552,41.28097749951292
30,15,0.39352697422533,0.4875942472007174,0.48123401524796994,0.45974225734030594,0.37635399018278737,0.16952012235294178,0.19136903791283538,0.7055768665282147,0.4,0.5,0.3,27,12.257026576981914,39.74991574377948
30,16,0.39417437959449053,0.487233135254185,0.4814688383563043,0.4595940721231425,0.38036834167331224,0.17263604042116917,0.1912601540806077,0.7047321955636041,0.4,0.5,0.3,28,12.255028864551008,40.69030560713761
30,17,0.3564911079436708,0.447893606189442,0.4415073107731096,0.4208450229018688,0.3441648756677144,0.17048241803176942,0.16912105158242638,0.6201076907097549,0.4,0.5,0.3,29,12.236200739407243,47.77246258537425
30,18,0.7965615574674877,0.8879018169996158,0.8824237060295204,0.8634611398823646,0.7790687109406742,1.0,0.15786155560831214,1.0,0.4,0.5,0.3,37,11.974789043673391,38.56827916906881
30,19,0.3295667465810421,0.4153239274298115,0.40979160684343763,0.3917735963585546,0.3331849542789057,0.16619519609111946,0.15331550326462975,0.5670918665183703,0.4,0.5,0.3,38,11.903414548047776,44.87624526699887
30,20,0.3278421135228782,0.4124979715537066,0.40695495743244836,0.3894561874329856,0.3137707724603346,0.16070832981898675,0.15390412185366525,0.5685407929075054,0.4,0.5,0.3,40,12.224014894953145,44.70736803848595
30,21,0.8044621621999037,0.8882703261496014,0.8824161689520866,0.8624295302401914,0.7890322874650536,1.0,0.1771814521141283,1.0,0.4,0.5,0.3,46,11.65278425308568,43.72500290455149
30,22,0.7946704044804065,0.8773819311611961,0.8721230288330419,0.8553520870678128,0.7836552173558695,1.0,0.15819080179131534,1.0,0.4,0.5,0.3,47,11.63936607033698,46.3153448893122
30,23,0.4592050675324872,0.5417272283557483,0.5358606365854861,0.5233938873095378,0.4436350391183108,0.22801430173398848,0.10484984297496196,1.0,0.4,0.5,0.3,49,11.773526804583794,42.26660577282831
30,24,0.4564257164727291,0.5340791644947809,0.5281656798736792,0.5155519914453044,0.450556530950478,0.2216427529431017,0.10659378788240742,1.0,0.4,0.5,0.3,51,11.659890858212991,39.030539663399566
30,25,0.45539486721676303,0.525827007909815,0.5198444960953972,0.5078199965779082,0.4551911036648516,0.22237252519244968,0.10711147888835955,1.0,0.4,0.5,0.3,53,11.356096913278344,39.43878189466552
30,26,0.45160404245537616,0.5176643755725048,0.5119432046797289,0.4999314274788361,0.4552441928198007,0.21968341262445817,0.10357261542893426,1.0,0.4,0.5,0.3,54,10.90476852128311,38.9402551458069
30,27,0.4551520005069768,0.5184765707188651,0.5124264829010656,0.5009971084736431,0.44836305666012183,0.22240563683180467,0.10959071178361164,1.0,0.4,0.5,0.3,56,11.011512904863867,38.918978603898765
30,28,0.6491799835821452,0.7096277880401618,0.7044593442817988,0.6930316727449983,0.6493551273908733,0.3766660783989463,0.3755259968888916,1.0,0.4,0.5,0.3,57,10.396227945603297,35.557273270357975
30,29,0.46429929353493493,0.5221010275104297,0.517210609705113,0.5082905229471465,0.45646814787030643,0.24487353500436923,0.1123004452725294,1.0,0.4,0.5,0.3,61,10.44264869093874,37.16578799279266
30,30,0.4642402065507977,0.5218357562164755,0.517246305007652,0.5087956325751456,0.4546112714224084,0.2448735350043692,0.11230044527252953,1.0,0.4,0.5,0.3,63,10.431561655933344,37.06449505887242
30,31,0.45474144054198545,0.5095935934389499,0.5046754825658439,0.49534156629470194,0.4542924053086735,0.22461885694272202,0.1105582985533688,1.0,0.4,0.5,0.3,64,10.373181528134907,35.24242479059861
30,32,0.19334052685725422,0.24750634736291197,0.241672929189466,0.23508534112097992,0.1840462015905458,0.12268819273052478,0.10865902836687368,0.268008684764946,0.4,0.5,0.3,70,10.58787166317742,33.11456471877938
30,33,0.1970121460831206,0.24455149629841982,0.2389589651019516,0.2314323302624323,0.21186324552755037,0.12683079161080943,0.11178132985396041,0.2738353687097737,0.4,0.5,0.3,71,10.319612391502217,34.580283908858405
30,34,0.19388193276200755,0.2316518550817402,0.2253625294564434,0.21857965809468724,0.22015273575311864,0.12317171140382059,0.1120514590818924,0.2737294605069869,0.4,0.5,0.3,72,9.873510622064128,31.95836421485843
30,35,0.1928878869463468,0.22877487109820632,0.2227711273523056,0.21703637989002156,0.18900820020258202,0.12279353360588621,0.11124407657746847,0.27344358800347834,0.4,0.5,0.3,75,9.74806886654292,32.05182098951771
30,36,0.19278008748287778,0.22814983989498916,0.22244424546488667,0.21782288753057832,0.1878015595928098,0.12279353360588621,0.11124407657746847,0.27344358800347834,0.4,0.5,0.3,77,9.728881569220976,32.00934374100385
30,39,0.44714909610222486,0.4785777730196106,0.474047625055272,0.47238400433548566,0.4425496590184172,0.21695442412972982,0.11022963946777034,1.0,0.4,0.5,0.3,109,9.255310575369734,35.58016193370408
30,41,0.44587750872594417,0.4734716195011034,0.4692091224765301,0.4689239748151726,0.4483091230178635,0.21582052820235523,0.10994244261769467,1.0,0.4,0.5,0.3,112,9.03083758098724,33.33575513493418
30,42,0.44580745817056827,0.47320946952707565,0.4689452602261724,0.46865332316687175,0.4419097556174605,0.2157534086082483,0.10992134046463407,1.0,0.4,0.5,0.3,113,9.020785312919774,33.351021357774485
30,43,0.4457325937396158,0.4729716393875447,0.4687059032738113,0.4684082833780776,0.44132476356415695,0.2156665470872606,0.10989646392627679,1.0,0.4,0.5,0.3,118,9.011845763946075,33.3686258448438
