Run,Equation_Index,Hybrid_MSE_Train,Hybrid_AIC_Train,Hybrid_BIC_Train,Hybrid_MDL_Train,Hybrid_PSM_Train,Extrapolation_Divergence,Sensitivity_Interpolation,Sensitivity_Extrapolation,Lambda1,Lambda2,Lambda3,Complexity,MSE_Test_Interpolation,MSE_Test_Extrapolation
1,0,0.9187282286116847,0.8821578422210643,0.8812328840003815,0.8771202716829996,0.0,0.0,0.0,0.0,1.0,0.2,0.5,1,255.55771723636607,1310.0613653974242
1,1,0.9431727583739695,0.9561592844346783,0.9550759796144774,0.9506663164776622,0.12323857256865156,0.09410015139910047,8.329263027050499e-05,0.00010983846297283001,1.0,0.2,0.5,3,237.03784792167585,1223.5456086397571
1,2,0.9315969140443593,0.9740862035199827,0.972900430229761,0.9686939254604534,0.16296331062506336,0.12364727529617507,0.0010533460604679108,0.00261933166410343,1.0,0.2,0.5,4,225.8945102351237,1220.0473984040823
1,3,0.9997645803621178,1.3104807090021164,1.3070587624124772,1.2943063082782382,1.5674836073570808,0.1834448994567688,0.31510611482121403,1.0,1.0,0.2,0.5,5,68.35879190383643,257.1114928456474
1,4,0.9997645803621178,1.3104807090021164,1.3070587624124772,1.2943063082782382,0.746466234000206,0.1834448994567688,0.31510611482121403,1.0,1.0,0.2,0.5,6,68.35879190383643,257.1114928456474
1,5,0.6785626072016211,0.9890926427756295,0.985317838365463,0.9719510443884145,0.5996016736859873,0.17619509531072444,0.15775030358936615,0.5245757170834285,1.0,0.2,0.5,7,57.23324197850672,220.7135018084312
1,6,0.5711112811979715,0.8696266611711568,0.8653499204370337,0.8502470785984559,0.5988477161595237,0.12398164902906712,0.148022626488456,0.5218667807428687,1.0,0.2,0.5,8,45.02717178553619,259.94764865617964
1,7,0.44135208971284234,0.7227565459834954,0.7180904046554074,0.702207319819849,0.38873592697974424,0.12346681931464905,0.09874312561736819,0.34807560664274373,1.0,0.2,0.5,10,38.1739369157898,236.30870104284816
1,8,0.41577070934722626,0.6761982830695654,0.6711690439664574,0.6542863876812282,0.3836578267262831,0.12309731657078411,0.09882339411725374,0.34821700627078167,1.0,0.2,0.5,12,32.87352429364309,217.5123948021188
1,9,0.45634617886322015,0.7088512726252639,0.704003245597962,0.6863572856783873,0.4101151996888832,0.1684237087116343,0.10763122723906987,0.3503621867333721,1.0,0.2,0.5,13,31.403051574678194,125.46565212961444
1,10,0.3974503078123621,0.6370877667216686,0.6317532834617718,0.6140925326602411,0.38387177593119504,0.12273671357098981,0.09895717495039635,0.34845267231751165,1.0,0.2,0.5,14,29.12593391909605,203.55872993399163
1,11,0.4350833540372432,0.6698016254428166,0.6646954908048008,0.6464993752118459,0.39011103759861687,0.16214257199818607,0.10770715261327998,0.3505606298281026,1.0,0.2,0.5,15,27.337754517688,97.54316194032158
1,12,0.33542294037368225,0.5548346121232506,0.549233008310016,0.5311492321327886,0.3354628351871182,0.12296331656481865,0.07425123866143059,0.26143405517213825,1.0,0.2,0.5,16,26.24040515271828,201.17143584849708
1,13,0.36736235669007766,0.5737921282999817,0.5683261547943147,0.5495700538186316,0.37472443864695104,0.1611313165126435,0.08081389644714365,0.2630149592030252,1.0,0.2,0.5,17,23.181306542836044,87.67724788979918
1,14,0.2765343912795526,0.481394952895326,0.4756137396154421,0.4574236465673887,0.21802504098724435,0.12097064697909007,0.049467008142974146,0.17423020609758863,1.0,0.2,0.5,18,24.11608584601836,203.4561094436096
1,15,0.35860877971661625,0.5460511498092822,0.5406706862172703,0.5212978231555662,0.38474292405386357,0.1611313165126435,0.08081389644714362,0.2630149592030252,1.0,0.2,0.5,19,21.16371037372821,98.1036444074568
1,16,0.34187860545538024,0.5190011795488466,0.5132007833418342,0.4942436796239925,0.339351820956298,0.162735533943629,0.07285074532545313,0.23863809091737007,1.0,0.2,0.5,20,19.78269886824836,64.5260971672418
1,17,0.29144223835107,0.40602967277440694,0.39987262051810213,0.3780813449549095,0.51013768645384,0.1495600775875892,0.06386991069306054,0.21076424640610184,1.0,0.2,0.5,21,14.531693118210365,75.17436966208031
1,18,0.26596638875149836,0.36837864765180806,0.3621004454017108,0.3404937818014723,0.2677485831577896,0.1470267617786511,0.05323171646565192,0.17565876592600344,1.0,0.2,0.5,23,13.598981060002922,62.072862944864646
1,19,0.24784276472191716,0.3420057168175421,0.3356464458483138,0.3143927107716161,0.24434224703391338,0.14506213296261214,0.04562761895593315,0.15054050643843303,1.0,0.2,0.5,25,13.208269645199175,62.0313365380116
1,20,0.2617693023055824,0.3530319054494955,0.3466443192642587,0.325884556148698,0.24929097531771666,0.14555550539837403,0.05328165975428432,0.1757599368655883,1.0,0.2,0.5,27,12.924398547713816,58.42023440188756
1,21,0.2618115154308055,0.3514648385100788,0.3453644685372148,0.3248405010748816,0.24758096631588408,0.14603233234235752,0.053264600790158996,0.1757153505376427,1.0,0.2,0.5,29,12.814695151586216,58.43881519405798
1,22,0.2458164234093289,0.33147358463093707,0.32563729180007206,0.3054490400291457,0.23679674392501007,0.1450829811459176,0.045647541175383784,0.15060468371955815,1.0,0.2,0.5,31,12.573285257873293,63.68179113569642
1,23,0.23810865594780098,0.3146218827030123,0.30809169961069116,0.28929292502380677,0.2317843843279484,0.15003267240259538,0.03978035175722623,0.13172508356483986,1.0,0.2,0.5,35,11.909971044628875,61.12110088789822
1,24,0.23512350908142027,0.3027161877406007,0.29610078503828946,0.2774943321125212,0.23844009260633964,0.1489684041606107,0.03978770853624345,0.13174793690901423,1.0,0.2,0.5,37,11.365966133194483,62.46475384118765
1,25,0.23888245227289978,0.3015187167780337,0.29515921866845257,0.27641641768952246,0.2452026374819733,0.1511067257651208,0.04094005380513061,0.13663471712008618,1.0,0.2,0.5,38,11.134855766659465,40.97487414206454
1,26,0.227751728506233,0.28574003535994874,0.2793366642338438,0.26145302857791364,0.22547669484864022,0.15047363499423708,0.035826184364665586,0.11957143766398363,1.0,0.2,0.5,40,11.071989982846986,38.5294880589448
1,27,0.23361009070928518,0.2895933741577204,0.2828681960851252,0.2661345974218154,0.22587210787346818,0.1498263893614054,0.0397916146852794,0.13176061451703228,1.0,0.2,0.5,43,10.769620913404868,58.539950291056016
1,28,0.23325981716360783,0.28813696133290334,0.2814014025085455,0.26462797073248034,0.2273512523067769,0.1496988136250213,0.039783129120285275,0.13175623482134474,1.0,0.2,0.5,44,10.703575676238296,58.3734649333755
1,29,0.22441474459690663,0.2778314389255784,0.27108214007776343,0.25531660101915254,0.22002898903322737,0.14933470622549586,0.035373320750946284,0.11713402219459856,1.0,0.2,0.5,45,10.76845482458254,55.0683065708654
1,30,0.22419245781571637,0.2765554470851757,0.27009918125104754,0.2546906642593549,0.21693831365399288,0.14933470622549586,0.035373320750946284,0.11713402219459856,1.0,0.2,0.5,47,10.709673266989371,54.993737770558624
1,31,0.22441013237816176,0.27407967065767413,0.26729526251542385,0.25223478825644596,0.2246513216688724,0.15005310310925074,0.03537399303768569,0.11713828662819421,1.0,0.2,0.5,48,10.5750553844074,53.83168721504256
1,32,0.22351542410594594,0.27052711901851395,0.26402079295376957,0.2529737066065867,0.21650391282544829,0.14964680519280665,0.03538290997434222,0.11720432864368706,1.0,0.2,0.5,56,10.489981556813106,54.776031949927926
1,33,0.22346472621631072,0.2691332765818969,0.26503796158831355,0.262535643384177,0.2159570841571027,0.14951450246147996,0.036834244710848285,0.11756277820340581,1.0,0.2,0.5,80,10.470259567641872,55.97628747724265
1,34,1.4185126927132221,1.4632564201998348,1.4603643870422718,1.459732222175255,1.4115778708298992,0.9096222032910608,0.006639781828012866,1.0,1.0,0.2,0.5,87,10.534881546483875,39.98854632020439
1,35,1.417715363226406,1.4590897150688116,1.456166341530073,1.4563724105529567,1.416522124118143,0.9096734549357306,0.005497643345991351,1.0,1.0,0.2,0.5,89,10.490523220278748,37.31034904785884
1,36,1.4080944329138676,1.446497501701715,1.4438495285327972,1.4438545423435554,1.403789922210244,0.8999447079012535,0.008806613516272424,1.0,1.0,0.2,0.5,94,10.348290556321915,38.96562986543632
1,37,0.4711399987794183,0.508819997793699,0.5052564558304155,0.5067865996796723,0.4651414001880251,0.15883691668685504,0.00944005444759348,0.6082160536956838,1.0,0.2,0.5,99,9.676756284877628,28.80873038614332
1,38,1.4024319898248716,1.4390402891471044,1.434255043493085,1.4254136886466306,1.3974600820425565,0.8949669358120355,0.006425643893937428,1.0,1.0,0.2,0.5,101,10.39376144288316,39.69788807162397
1,39,0.502097106531866,0.53931433757985,0.5366554096830614,0.5415595403546114,0.4959567289302115,0.15989303599087507,0.010501359487467743,0.6678552770305883,1.0,0.2,0.5,103,9.621283633950286,30.16604623416908
1,40,0.5012036964021391,0.5359771477720854,0.5335985477722958,0.5400131988755776,0.4997761214789135,0.15893172522461668,0.01043653873716423,0.6689153147744826,1.0,0.2,0.5,105,9.558894500591956,29.85757690263597
1,41,0.4635360358827392,0.49685431847990214,0.4950682387409042,0.5023004226159309,0.46086439178932187,0.15956345086991194,0.00738667620458781,0.5941096594957236,1.0,0.2,0.5,107,9.614178354431733,33.596463768622485
1,42,0.47097013721331105,0.5029087823809646,0.500806933363423,0.5097467851126966,0.4668450486008266,0.16591298984857808,0.005521796190053456,0.5974735036547282,1.0,0.2,0.5,111,9.520397420057478,34.10198978476532
1,43,0.4693143387864528,0.49972921290562117,0.49731044835696564,0.5062597508913177,0.46676906355269626,0.16461547005839672,0.0054094161160893215,0.5972972838543182,1.0,0.2,0.5,113,9.409518080923842,36.36550301373386
1,44,0.4678621961900379,0.4976736697653679,0.49585531802528693,0.5060173259934818,0.46391045695265665,0.16321482490488898,0.005434006329468062,0.597453607914787,1.0,0.2,0.5,116,9.455838058893764,36.08843678457544
1,45,0.468536277019983,0.4980154540300942,0.49619402201009555,0.5066865540317695,0.4643202238566696,0.1642461299035838,0.00524053486263331,0.5969303654309528,1.0,0.2,0.5,118,9.42573032949691,36.04497991336065
1,46,0.12600561447818365,0.15349914975493203,0.15256834818932702,0.16282702487294898,0.12922008465301482,0.1102836159793992,0.006456518131484958,0.02007523719423853,1.0,0.2,0.5,119,9.598095656665391,46.03110724063755
1,47,0.12590714971175013,0.1531793435972738,0.15254950198656217,0.16377302015720502,0.12209126747820932,0.11024301399330087,0.006469104441668485,0.020059740399448002,1.0,0.2,0.5,121,9.576857684757174,46.172912047325184
1,48,0.12214518883984463,0.1466483741303873,0.145387168852243,0.15558508061102758,0.12696683302249742,0.10892661711533921,0.005297512075390873,0.01650723031736305,1.0,0.2,0.5,122,9.504008716397903,43.969966865346535
1,49,0.1219449787880259,0.14532904937152225,0.14436062275012687,0.15583253621217422,0.12026493937838947,0.1089266171153392,0.005297512075390873,0.01650723031736305,1.0,0.2,0.5,124,9.460299504823372,43.90884118551338
1,50,0.12337984013367448,0.14659168173883758,0.14562167660788564,0.1570993814223035,0.12028195147928303,0.1094733867651386,0.00582845018126615,0.01812809120281603,1.0,0.2,0.5,125,9.414123285537082,33.71195642425942
1,51,0.12182142944740523,0.14314316105883024,0.142155878713945,0.1552786412819096,0.12480086260860528,0.10809114368509849,0.005874871196506989,0.01837969758822758,1.0,0.2,0.5,126,9.393927368106734,34.12512244265142
1,52,0.11995110892816059,0.14006284860004992,0.13906453137007438,0.15250216721263657,0.12084019109258207,0.10735021852766317,0.005337785122872907,0.01673107866925162,1.0,0.2,0.5,127,9.369887104655866,36.60805310587642
1,53,0.12362940140054716,0.14213570120263153,0.14294045165240138,0.1651910451006089,0.12120832040126302,0.11134968198342947,0.005448170767242877,0.016739642321020022,1.0,0.2,0.5,145,9.346762811936154,46.05547122644421
1,54,0.1236279090831883,0.14221498374310432,0.14332352982933205,0.16626476001375923,0.12082467745943878,0.11134968198342947,0.005448170767242877,0.01673964232102003,1.0,0.2,0.5,147,9.346276427455145,46.03831863341519
2,0,0.9573109778095157,0.8926967947352175,0.8918545723482778,0.8880582138336627,0.0,0.0,0.0,0.0,1.0,0.2,0.5,1,222.6864925921627,1403.192237348839
2,1,0.9907441359263671,0.9703899414957197,0.969415522364037,0.96542274555146,0.11886645716318915,0.09446177315543527,8.373978300297374e-05,0.00011431080981810001,1.0,0.2,0.5,3,208.93296326121063,1348.8525393392188
2,2,0.9706984173493857,0.9950967350076277,0.9939748600340809,0.9900124459461672,0.19215417004422175,0.1363960543116488,0.0010926115668664941,0.0028381720905722298,1.0,0.2,0.5,4,195.39269782999176,1206.3210252721508
2,3,1.0428322847081115,1.3535581955051925,1.350135322024419,1.337379272613806,1.6345371558254473,0.22322353276077123,0.33219807624365044,1.0,1.0,0.2,0.5,5,68.4732427053786,256.57218536759825
2,4,0.766257565769304,1.0767245700653214,1.0729440578791842,1.0595556692367831,0.6240392416592302,0.2142272147345977,0.16630588927126874,0.6217967087914452,1.0,0.2,0.5,7,57.87195229681685,215.38200415785303
2,5,0.7318839607675369,1.0395753363950642,1.0356188586376396,1.022254127481256,0.6084943486234178,0.1970269454029264,0.1674162321074607,0.6263155522222071,1.0,0.2,0.5,8,55.29376314486826,166.55243618744566
2,6,0.602492365652491,0.8427455683159919,0.837721970978202,0.8188562961057873,1.024587048519337,0.17458338736937104,0.16804040671354167,0.6264077128243816,1.0,0.2,0.5,9,26.51403585767104,105.35146769110511
2,7,0.4605663487756823,0.6662529440136427,0.6607842283546883,0.6407658565651075,0.4833440495500077,0.17030311293625547,0.11209042662389324,0.4177887210729988,1.0,0.2,0.5,11,21.18923456107312,89.56014051414432
2,8,0.38905391823612834,0.5686571000308678,0.5628845174818089,0.5420549525477845,0.3985480367006715,0.16920024160740607,0.08410596019270171,0.3134107772224909,1.0,0.2,0.5,13,18.06246911444192,91.38862576739108
2,9,0.37395207860474994,0.5245051808864305,0.5184155060518827,0.4968226036479936,0.3972945388390201,0.16539665033966847,0.08416484835892632,0.31350988709402566,1.0,0.2,0.5,15,15.35120190200793,80.11050906526559
2,10,0.3286927338888275,0.45638576187357716,0.4503613447651138,0.4285283705716977,0.34487025607040317,0.1604311281175424,0.06829344644130497,0.2541647054662562,1.0,0.2,0.5,17,13.980402263884187,51.437263881767066
2,11,0.30835726651523576,0.4204166624461805,0.414234291678541,0.39202944507457266,0.31432283327953864,0.15619868341422788,0.06277395136834356,0.23315011361927004,1.0,0.2,0.5,19,12.956834374089883,49.0953149747622
2,12,0.2970722292423909,0.40380576538894564,0.39787320875179666,0.3777317012486373,0.28210770495074167,0.16287860526434972,0.05465207686708473,0.2033861423488999,1.0,0.2,0.5,22,12.81604510011702,46.57973309673769
2,13,0.2799504237935211,0.37249411825696854,0.36642189755378274,0.3443862419414343,0.3132636347436778,0.15865041166998403,0.050235947013331804,0.18657247294277418,1.0,0.2,0.5,23,11.958180289948547,44.07665341994071
2,14,0.2801958495030059,0.3573571120597654,0.35113601893138624,0.32971093709514165,0.29314764939434745,0.16278032246016902,0.05004141720415438,0.18605059751268566,1.0,0.2,0.5,25,11.356901634932935,42.04350925214666
2,15,0.2628230934794769,0.32732437436095985,0.3209825311217689,0.29953587572779955,0.2733378439619621,0.1652832518556667,0.04171380703481612,0.1550807227338826,1.0,0.2,0.5,27,10.941663870430943,40.66186747154597
2,16,0.2484769612297046,0.3083685271695611,0.3019830839726928,0.28133947127123027,0.2457736600675864,0.16414168624844508,0.03575902843837022,0.13294558057883582,1.0,0.2,0.5,29,10.768417201216828,36.457875024176296
2,17,0.25549689712429446,0.31375099720845895,0.30735009487575526,0.286911987214885,0.24795105034279746,0.1714891361092385,0.03576338659806567,0.13294917468008768,1.0,0.2,0.5,31,10.695631949224452,40.707938968005806
2,18,0.24424132870674523,0.29814779887917264,0.29170600645593103,0.27210862866693714,0.24223393905736668,0.17029159518837195,0.031296392996610384,0.1163460044530692,1.0,0.2,0.5,33,10.54702210492674,36.69144427721985
2,19,0.2099025731963532,0.2596220070057043,0.2531409744098256,0.23504338482860426,0.20299840166427763,0.1473402802692843,0.026679607032340204,0.09704215466821817,1.0,0.2,0.5,41,10.307688158131192,31.847750102104364
2,20,0.20172312120909763,0.2502339673880415,0.2434387225931792,0.22620506620204572,0.19706947483545162,0.15012248183702803,0.02136563525309534,0.07767193965639878,1.0,0.2,0.5,42,10.539088934586522,35.84086721839941
2,21,0.20208464612149452,0.2481547354114627,0.24163963154490276,0.2247043764976807,0.19841012350217285,0.1509977638761309,0.021343040821718097,0.0776119610983533,1.0,0.2,0.5,44,10.329276600118185,35.535351004506694
2,22,0.21419855677489028,0.25823794425872754,0.2523098669954302,0.23613747813583547,0.21416361725370714,0.15275133893082996,0.026625719725890867,0.0970464267513642,1.0,0.2,0.5,45,10.117009796042884,39.25256215968419
2,23,0.21767618900401492,0.2614662224439359,0.25583873633454157,0.2399524607031347,0.2113001093137276,0.16165953721808324,0.02397877919880539,0.0873701302721667,1.0,0.2,0.5,46,10.268835788610644,35.61499824483407
2,24,0.21981679878251775,0.2586529271428738,0.25297944872055717,0.23669718404330287,0.23008035914076908,0.15931314981520997,0.026649965910479956,0.09709022925086577,1.0,0.2,0.5,47,9.876150417072006,35.94122657678055
2,25,0.21410295568358687,0.2516263210479649,0.24594067296495095,0.23192189301418484,0.20919929526803188,0.15388134311412877,0.0266269250739201,0.09700837020886104,1.0,0.2,0.5,50,9.67999400130048,39.03482994060083
2,26,0.21520866495776975,0.2514629985562501,0.24606853191851968,0.23121311979292591,0.2136777421098782,0.1605763629718357,0.02398137516844472,0.08737424433316897,1.0,0.2,0.5,51,9.981613738451273,35.09460497076227
2,27,0.21219673833664962,0.24719456202149245,0.24148555189419657,0.2279237080582515,0.21021461440733544,0.15784684133381316,0.023938406100886232,0.08724125500271666,1.0,0.2,0.5,52,9.657091151944783,37.832757734104206
2,28,0.21550813542331454,0.2479453027013161,0.24221261493067117,0.22943916276536444,0.214356775515163,0.16161143186864635,0.023936882333148342,0.08723682519136061,1.0,0.2,0.5,54,9.604002289455458,37.222538184471766
2,29,0.2083348820664342,0.23945320055262906,0.23370840818907046,0.22174061984551707,0.20530568372078328,0.1590599271892251,0.0217666226267236,0.07932102699701693,1.0,0.2,0.5,56,9.409287786286423,43.18595298644281
2,30,0.21570970933074077,0.245484033145319,0.23942393856125696,0.2269701903884574,0.21278667281448238,0.15838353821136839,0.02586916380165393,0.09421670910347486,1.0,0.2,0.5,58,9.38629028099719,37.29018076931545
2,31,0.21564947651133562,0.24516382660990624,0.2394042539852697,0.2274129762117954,0.21125615103479475,0.15838353821136839,0.02586916380165393,0.09421670910347486,1.0,0.2,0.5,60,9.389163246144244,37.23559656292058
2,32,0.2194434028297872,0.24472300666181462,0.23862162743508536,0.22745620835139424,0.22215769939909413,0.16809853955102505,0.023288862671238367,0.08481920190284134,1.0,0.2,0.5,62,9.299864254165216,34.49781548780418
2,33,0.2193781336561496,0.2443594672079395,0.23855826487136617,0.227573087735094,0.21581854105035897,0.16809853955102505,0.023288862671238374,0.08481920190284134,1.0,0.2,0.5,64,9.300947151749464,34.43084196502928
2,34,0.2203721954779772,0.24357813505939363,0.23776064847751477,0.2278848511506803,0.21844847015248953,0.16938704166199825,0.023289527247441377,0.0848246369255802,1.0,0.2,0.5,67,9.310698127947266,34.116097859778
2,35,0.2163615733496022,0.23688395027240167,0.23134486921285335,0.22395235831450294,0.21523513340825612,0.16924079079561424,0.021721625606594148,0.07864122453463532,1.0,0.2,0.5,71,9.092542661345288,27.488352631738955
2,36,0.22058526779360704,0.24021266220829116,0.2343624649211917,0.22670477699739397,0.2199615484779968,0.17521073496933076,0.020932384588998366,0.07572841922185965,1.0,0.2,0.5,72,9.116716785182724,33.13563545960046
2,37,0.21068299454472939,0.22985554272199937,0.22460715139612214,0.21771034924913651,0.20959154345489103,0.16846468777119292,0.019406453446148643,0.07023381017298969,1.0,0.2,0.5,73,9.092822517871552,30.85786155996419
2,38,0.22314511573561857,0.2407941681960238,0.2349259183694202,0.2283708945226444,0.22239540787593667,0.1759537355034895,0.021984467497137686,0.07958579699753504,1.0,0.2,0.5,75,9.080553887517585,35.787947397824205
2,39,0.21109454924574544,0.2274293408532316,0.22154910923774537,0.21470427703928144,0.2127030079302173,0.17015586479852757,0.01891515992748965,0.06873242403986703,1.0,0.2,0.5,76,9.028097338265647,36.72283615343021
2,40,0.22471782051266975,0.24043229728343124,0.2360612235278072,0.23313306654866925,0.22239851646237443,0.17954978547925216,0.021280050008157,0.07658878397382424,1.0,0.2,0.5,88,9.111979975140247,37.994184885931375
2,41,0.2208277303838637,0.2347065572900604,0.2303187831125564,0.22764456239304567,0.22463660644255318,0.1759507350078031,0.02128329849050093,0.076590400148854,1.0,0.2,0.5,89,9.128815210837866,38.73234315659288
2,42,0.2219033478174101,0.23584637071627013,0.2317621836886732,0.2299619364290835,0.21961158558479366,0.17702696656410424,0.021285701953214702,0.07659653603985418,1.0,0.2,0.5,92,9.136617762738975,37.83155853071908
2,43,0.22081240671625446,0.2345420782392006,0.2304559626029654,0.2283326925472836,0.21923558583650415,0.17597779021786342,0.02127623366366923,0.07658424457798159,1.0,0.2,0.5,93,9.109979635549962,38.67147730772345
2,44,0.2218292775626573,0.2353941438085845,0.23160946947819172,0.23099947142579294,0.22043317649962166,0.17702696656410422,0.021285701953214702,0.07659653603985417,1.0,0.2,0.5,94,9.082105851168537,37.7729774763667
2,45,0.21710500495674645,0.22893049472395505,0.22482709684397462,0.22359470322150812,0.2206202865077309,0.17239049491205877,0.021285472990661795,0.07694067937401583,1.0,0.2,0.5,95,9.122724235375,38.25213580748968
2,46,0.2139574691927265,0.22511195608479456,0.22100242550339355,0.22070911999065818,0.21431310314408503,0.1733957770082765,0.019064836469242986,0.06973354269447565,1.0,0.2,0.5,96,9.069088548395404,38.53096782914638
2,47,0.21938496770293406,0.2294230377947539,0.2253034139012033,0.22561297920339374,0.2213966247388569,0.17455809968748984,0.02229819613303021,0.07731870637874803,1.0,0.2,0.5,97,9.126434149297385,38.17628469952591
2,48,0.21579010696685347,0.22394433635695016,0.21980763378298399,0.22329179832137686,0.21562765183342755,0.1759839275421223,0.019568137984283456,0.0689523663841074,1.0,0.2,0.5,102,8.650086320297891,39.51204284393174
2,49,0.2218029912246822,0.22941886086546392,0.2252772708962246,0.2293903028466617,0.2213646089427113,0.18204989996682358,0.01959161866502968,0.06900240580387078,1.0,0.2,0.5,104,8.574740383061997,37.54171073747805
3,0,0.9499654437733195,0.8907171923222155,0.8898594453240266,0.8860032533577022,0.0,0.0,0.0,0.0,1.0,0.2,0.5,1,222.84538292405804,1334.0713690135167
3,1,0.9797210451272963,0.9641698984307929,0.9631800705492527,0.9591279093969951,0.11455929582712357,0.09020594070366636,8.399636384213458e-05,0.00011510700581725,1.0,0.2,0.5,3,207.98503268306223,1328.8047029076745
3,2,0.953561191217283,0.9859024329097333,0.9847523827209209,0.9806814941058917,0.19120463653403566,0.13077633349636567,0.0010891494050749657,0.00286309110042079,1.0,0.2,0.5,4,192.9156181475794,1153.7500808484986
3,3,1.0354399533271033,1.3451878391209848,1.341844392995868,1.3293936879070256,1.5767649883405894,0.20520822995674162,0.3297733946819729,1.0,1.0,0.2,0.5,5,65.78972534582853,232.13474605311404
3,4,0.6281266405434349,0.9289664030160925,0.9247470385693548,0.9100488701551641,0.6279741921225082,0.12450768723494592,0.1538016395471262,0.6225692811912608,1.0,0.2,0.5,7,53.47838100532301,245.6745188431533
3,5,0.48002322050617535,0.7645530571887216,0.7599428093806064,0.7442769105292308,0.4237758806560531,0.12380307827636247,0.10259664290678565,0.41523693634624925,1.0,0.2,0.5,9,46.08214976480373,224.72609102020144
3,6,0.4529873380275651,0.7166860977223186,0.7117044867703068,0.6952024923790145,0.4196074276987123,0.123158985891814,0.1026748619094764,0.41538424191041934,1.0,0.2,0.5,11,40.413968628684735,208.6203045698517
3,7,0.4366022626391983,0.6825690255177668,0.6773184624566713,0.6601781305742795,0.4012642406369634,0.12274427118121412,0.10297785854313353,0.41639078910769645,1.0,0.2,0.5,13,37.13083429537426,207.695214789112
3,8,0.3718874568171058,0.6098564859986082,0.6044982255275644,0.587264057400344,0.30196992132716993,0.1256846481058509,0.08890035681778609,0.2981628340922727,1.0,0.2,0.5,17,26.438548598199585,122.16073271374812
3,9,0.3578590901114642,0.575803972041974,0.5701831280127446,0.5517640119246415,0.3884039898233759,0.12787605908485727,0.08761660124773814,0.2930945125549406,1.0,0.2,0.5,18,22.582450502975743,113.86625093241724
3,10,0.35193204604781414,0.5630823321281764,0.5573776215096994,0.5391810576166387,0.3202976281141194,0.12216326826275714,0.08940563292731525,0.29973338382946546,1.0,0.2,0.5,19,22.661835802614128,100.93053004310448
3,11,0.28641024908283746,0.47626008237307066,0.4703005414521176,0.45122653919369565,0.3300526224697692,0.12612304918608983,0.05844583024427423,0.1954745692483256,1.0,0.2,0.5,20,19.36564911965249,92.435265551043
3,12,0.24059928929170735,0.40319602926495035,0.3972357138817937,0.3772540700756788,0.2566394176079728,0.12665319382284065,0.03983453134039033,0.13314350186282176,1.0,0.2,0.5,22,16.73999370257213,66.92350604924538
3,13,0.23988976609611662,0.3707326469607013,0.36443763611839197,0.34358683310191007,0.27283323777546975,0.1282184592216779,0.04461660994154415,0.14847523581784489,1.0,0.2,0.5,24,14.96964606073363,55.63119446535771
3,14,0.20967520433198128,0.30828697739231387,0.30166842968309154,0.2802672015653245,0.2495683974065231,0.12775834980037773,0.03348560403492081,0.11140701991531984,1.0,0.2,0.5,26,12.970565732776052,50.90464166586121
3,15,0.1894806977457948,0.2606803045753277,0.25379637915686676,0.2320782188017435,0.22509804244601483,0.1264265602797211,0.0268010238987545,0.08916085032812679,1.0,0.2,0.5,28,11.480469625860978,45.8084786578971
3,16,0.17929818816959558,0.2439136165928132,0.23696707014893348,0.21594995246849263,0.17908204694718732,0.12595422771900977,0.022337766641831062,0.07431749242494465,1.0,0.2,0.5,30,11.230319917063408,40.84274169064602
3,17,0.18653907021916233,0.24705953144330228,0.24007418544375042,0.2189092322759293,0.18991290175544917,0.12572352764457273,0.026809873025181744,0.08915932403206425,1.0,0.2,0.5,31,10.99264327168938,44.77410987776821
3,18,0.16832780076653864,0.22391490529205563,0.2168830959892958,0.19626654805792423,0.1755453764096619,0.12275624724553916,0.019154035534751347,0.06371786150037632,1.0,0.2,0.5,32,11.062577475268297,42.65702521036107
3,19,0.17654789980485824,0.2297151227620866,0.2226605489284251,0.20219621757317008,0.17129098390159322,0.1255162438926477,0.02235036311357286,0.0743070459836595,1.0,0.2,0.5,34,10.665579486579546,44.528353887752566
3,20,0.17616047331774004,0.22873525945695902,0.2219780599145643,0.20183769163097454,0.16923690613577688,0.12525851083908673,0.02234514067690231,0.07431621958633233,1.0,0.2,0.5,35,10.776696160818329,39.95334042638754
3,21,0.16618315848247575,0.21431233874172728,0.20751351451720773,0.18796501820575914,0.16540419400787354,0.1220744515413398,0.019159526267461303,0.06371585939131565,1.0,0.2,0.5,37,10.854282242843864,42.88846299695149
3,22,0.16415774435457817,0.21165515316089645,0.20515336097431952,0.18697636375883372,0.15711446933997814,0.12119617475746211,0.018602627850059658,0.06191863633965998,1.0,0.2,0.5,39,10.7193904593528,38.84614911146885
3,23,0.1640919449405963,0.21124142487042494,0.2047364017414845,0.18681152625879974,0.15706713942171618,0.12119617475746214,0.018602627850059658,0.06191863633966001,1.0,0.2,0.5,40,10.688278160315294,38.641524032347945
3,24,0.16627127232551467,0.20983340917190932,0.20299199264014595,0.18429334142396384,0.17075700378133224,0.12481434831484961,0.01816135175109299,0.06053637187161428,1.0,0.2,0.5,41,9.877770905507408,35.51850255529823
3,25,0.16617192135191358,0.20664585291751203,0.2000787082139319,0.18244570889831646,0.16458386405867906,0.12504235331996252,0.01830091111300226,0.0609884222811277,1.0,0.2,0.5,43,9.848382473954596,36.60892253724592
3,26,0.16618113336995122,0.204616307661252,0.19803022084299265,0.18031216187183952,0.16189077574165386,0.12539840638273508,0.018326501460999112,0.06102511781711798,1.0,0.2,0.5,46,9.822087140188064,36.681840185844656
3,27,0.16617683586173163,0.20476819362559598,0.19878952942456748,0.18326991440801887,0.15959651681702647,0.12539840685737014,0.018326501754669072,0.06102511876789953,1.0,0.2,0.5,50,9.827332594340218,36.717943885633794
3,28,0.1552224562482461,0.19275454536212067,0.18646303466397207,0.1721357962603364,0.14989539008493105,0.1221610011227868,0.014335185416150257,0.047536939188221,1.0,0.2,0.5,53,9.983300390437556,36.56089962112593
3,29,0.1611202758086719,0.19610881376911465,0.1900968035380376,0.17668177891028808,0.15740076683648685,0.12502968606797785,0.016209526468391845,0.053785600694587446,1.0,0.2,0.5,57,9.515813093480736,35.28404784234052
3,30,0.15956547442348076,0.19388126109833534,0.18786297977688254,0.17554362474471819,0.1542990660575368,0.12435139337291412,0.01590537982478749,0.05239228069678137,1.0,0.2,0.5,61,9.53681188673698,36.4292178145259
3,31,0.15585262588626608,0.18863320953503354,0.18260081485480917,0.17110594651767574,0.1528875855807295,0.12380049735767211,0.014292044139273211,0.04725391163267287,1.0,0.2,0.5,63,9.463179247496766,35.50035916644046
3,32,0.156305479275715,0.18866707563698193,0.18202484405879713,0.16597903042868725,0.151185251280582,0.12406535560648593,0.014418765003392009,0.047662920500387077,1.0,0.2,0.5,65,9.496770665140554,36.6269044367769
3,33,0.15473044391642404,0.18427157438900393,0.17881517032938496,0.1702292169326913,0.15110255650590332,0.12624087031605474,0.0126660613486385,0.04196713873442367,1.0,0.2,0.5,73,9.098958911174485,44.26545309316342
3,34,0.1542733575794163,0.1836325566463011,0.1775686202354382,0.16936612368707424,0.14930651867907616,0.1257490718775407,0.012704013715279412,0.04202193759712821,1.0,0.2,0.5,74,9.085007477431462,30.39689614067669
3,35,0.15208023781163513,0.18068091178078025,0.17521587645509773,0.16780938095946477,0.15043761388219237,0.12589099873791976,0.011512649958652275,0.038150659428392956,1.0,0.2,0.5,75,9.08094977061407,44.31261485948063
3,36,0.15615733361628398,0.182891607291012,0.17680353039331143,0.1690777940872742,0.15732760587382194,0.1280783111498471,0.012706099304660113,0.04202855095189159,1.0,0.2,0.5,76,9.034008398869124,42.53802126678237
3,37,0.15269430518931904,0.17642188564868405,0.17121519724932427,0.16721664766410266,0.15029824038246836,0.12539755222166452,0.012640462496718963,0.04159349906265124,1.0,0.2,0.5,83,8.857825192233276,44.06032399323647
3,38,0.1502668284827761,0.17373335901985462,0.16822121380235444,0.16336096502747757,0.14693070630766525,0.12517698995833165,0.011363963920037128,0.03775039542540361,1.0,0.2,0.5,84,8.98199217112734,43.43748130509009
3,39,0.14835032095561904,0.17111609921531507,0.16559754350877517,0.161013011400835,0.14684925373545776,0.1233752482940498,0.01136350375786344,0.03775142751842447,1.0,0.2,0.5,85,8.986687141432814,44.05573455938525
3,40,0.14952760278946386,0.169753802698039,0.16451507060235568,0.16039414339154373,0.15496562218733123,0.1249614802155645,0.011460997971337879,0.037762969833092255,1.0,0.2,0.5,86,8.75070581460541,43.88254863269854
3,41,0.15002093864440527,0.16949494336486992,0.16394629821519272,0.16014872273525294,0.1489575901444898,0.1255656997468318,0.011425863221076426,0.037772053041505674,1.0,0.2,0.5,87,8.730628885641707,43.50446560087866
3,42,0.15206767870315818,0.1710871590078073,0.16583737141229754,0.16228310008908048,0.15069914884352653,0.127706303452582,0.01136348601361044,0.03778715451226586,1.0,0.2,0.5,88,8.733315644649506,43.174250900324026
3,43,0.14967271029110624,0.1686845905835995,0.1634347481743786,0.161145723886901,0.1464909938838044,0.12532264636376475,0.011393972224358038,0.03775471663445236,1.0,0.2,0.5,90,8.737368274924705,43.35231945218744
3,44,0.15128064201552807,0.16985406253932114,0.16490313883853944,0.16558857903388696,0.14836981195078133,0.12489383399040437,0.012579351226220618,0.041526264959147394,1.0,0.2,0.5,99,8.67380222020752,42.18567249483334
3,45,0.1522660447059053,0.17001189034703842,0.16505346764089382,0.16623166154957444,0.15021600988863895,0.12596926273705936,0.012582482881335032,0.04161333493774737,1.0,0.2,0.5,102,8.602808734363434,41.54549232019045
3,46,0.15145636570864304,0.16871917926914326,0.16375629570496347,0.16510137432528024,0.14896519417786763,0.12527794913139473,0.012580080240158031,0.04153376211046263,1.0,0.2,0.5,106,8.64655407601493,42.09188468200021
3,47,0.1514747623431832,0.16847306064378284,0.16381074188028844,0.16639205725253342,0.14982283098113117,0.12537805951680572,0.012558370893429151,0.04149338937557218,1.0,0.2,0.5,107,8.620810772704539,42.16156269498011
3,48,0.15266863652644963,0.1692392112558599,0.16457295642861774,0.16774811354266578,0.15061499792173816,0.1265844165747395,0.012585780826726867,0.04159524167610759,1.0,0.2,0.5,109,8.594432605555577,41.5779418412494
3,49,0.1524576523844105,0.16880468113428168,0.16413641814326033,0.16760811489336194,0.1504716165057592,0.12642364908030057,0.01255974677027918,0.04157707030932079,1.0,0.2,0.5,110,8.566529758787487,41.47404066067291
3,50,0.1494121968883519,0.1655452879000121,0.1617840122211916,0.1695142274360674,0.14693633863518907,0.12537594087999807,0.01016270209794641,0.03869579853002851,1.0,0.2,0.5,119,8.82280532824673,43.60773785568363
3,51,0.14546283858662973,0.16166764600595745,0.1582099215784234,0.16733077918370384,0.14283001516860885,0.12291304405001395,0.010853465810733199,0.03545235717577453,1.0,0.2,0.5,122,8.908754023711051,44.65674949631467
3,52,0.14973357814611873,0.16481771408354529,0.16225874588616848,0.17661885115834144,0.14776770059456504,0.1252070043276999,0.01070557664055128,0.03990931463168325,1.0,0.2,0.5,132,8.85979529478971,43.18394869443777
3,53,0.14927546686095935,0.16421014074052004,0.16164979508201036,0.1763368409980007,0.14736785761051766,0.1250335951712394,0.01065569617763533,0.03940742599864655,1.0,0.2,0.5,133,8.849982370142397,43.12190587327838
3,54,0.14970528359193427,0.16470133926803984,0.16244447938540266,0.17915305527858533,0.14732172565473858,0.1252070043276999,0.01070557664055128,0.03990931463168327,1.0,0.2,0.5,138,8.844000659172039,43.11222114831717
3,55,0.14968664474385618,0.16441357438428095,0.16185132144053865,0.17918803864922359,0.147911562920609,0.12523417666625608,0.010614615814084247,0.03991105884589012,1.0,0.2,0.5,139,8.848548568780144,43.02640508266402
4,0,0.945099056548053,0.8894050750670298,0.8885370409519461,0.8846418389150097,0.0,0.0,0.0,0.0,1.0,0.2,0.5,1,233.6816693288458,1400.507258122149
4,1,0.9714697836518991,0.9625091095003694,0.961498287790441,0.9573658212175737,0.11753672379981178,0.09122629829888615,8.384031403627752e-05,0.00010682105879583001,1.0,0.2,0.5,3,217.10955745449203,1188.0663782347358
4,2,0.6142519713377314,0.8496936262574175,0.8475127215138079,0.839942667140356,0.5580886886893349,0.12308061401596522,0.0025784150683065593,0.00793151495734787,1.0,0.2,0.5,4,121.57249159453072,517.3581423985672
4,3,0.4705248678313703,0.7782568686924584,0.7753257621532147,0.7638121777674458,0.3834611216866439,0.1552200739124097,0.012366491252823625,0.065223470945292,1.0,0.2,0.5,6,76.22737648333609,38022.77867341579
4,4,0.41889420128081045,0.7270050630395094,0.7240532251756127,0.7131043847277553,0.14536763533630467,0.13585684372649434,0.0024422986604592163,0.01067993583290802,1.0,0.2,0.5,8,73.57168628248054,8053.6169879318195
4,5,0.45236530403307923,0.7610256928077043,0.757743691790785,0.7471506659082162,0.1891411319429426,0.15835039781083265,0.007242459287587795,0.03876627552320005,1.0,0.2,0.5,9,71.22507275190364,8356.958611447093
4,6,0.37260891538357044,0.684249754160614,0.6809937878059961,0.6694307887767785,0.23943088309369565,0.13376075081496694,0.0016544201970671167,0.0071893141210883,1.0,0.2,0.5,10,64.55538121471874,8025.726436596004
4,7,0.2561549198118152,0.5493195263444905,0.5451176248364742,0.5303841357126557,0.30575482575529966,0.11753208196718282,0.0032315067535449824,0.01019256704739705,1.0,0.2,0.5,12,41.944606979078095,7748.07327921333
4,8,0.23188152473299706,0.4850809932428648,0.4805438208424975,0.46355384783921255,0.2493705024413908,0.12753083200927023,0.005534519955792054,0.02349054548346659,1.0,0.2,0.5,14,31.619760385557928,34213.10797783806
4,9,0.23653095885284728,0.4832288072589009,0.4782960691223031,0.4620184614262965,0.16670588373118114,0.1344105334220424,0.006438896517933518,0.02920683659514329,1.0,0.2,0.5,16,32.06656755257396,62009.54470310082
4,10,0.19103184206729085,0.39778263266708636,0.39262956137536875,0.3745898516005236,0.32404965155795806,0.12311582463374363,0.005746777164645081,0.0145768792411573,1.0,0.2,0.5,17,23.960209146879148,161.81841019731786
4,11,0.18340424479767517,0.37853321356632663,0.37324175861681275,0.3555640853104689,0.1553414210560442,0.12316148556215858,0.00461392335045621,0.01170037505000934,1.0,0.2,0.5,19,22.54751554708165,159.160868822622
4,12,0.18154790577131388,0.34767911460449574,0.3420601785775243,0.3238499204128679,0.2610595710423945,0.1316162825849901,0.0057598603119023,0.01607127955335485,1.0,0.2,0.5,20,18.13260497671593,146.86713566524563
4,13,0.17993564341741766,0.3393227118413879,0.3336305883792871,0.3156198656817682,0.15521057327653523,0.13278914390287394,0.005667767082645697,0.01569944393530513,1.0,0.2,0.5,22,17.34622870023785,146.22698018817965
4,14,0.17228004500948765,0.31869826081654923,0.313170919941212,0.2956131446109207,0.16431415518653766,0.13140513500243373,0.004624436795699835,0.01289605455726712,1.0,0.2,0.5,24,16.449491063499888,143.5703193299405
4,15,0.1726233170985277,0.3172326213109158,0.3116859972717328,0.2945744066939268,0.1434656849646,0.13256089920812977,0.004550762212294557,0.01259858606282734,1.0,0.2,0.5,26,16.182508065799148,140.01086366482727
4,16,0.167539098979026,0.30397134311555063,0.2983397311891614,0.28137048201281456,0.16823679481154247,0.13118128188947578,0.003858684526421079,0.01076097533768273,1.0,0.2,0.5,27,15.81695902248477,142.081856507832
4,17,0.16739586408524137,0.3023084473108123,0.29666119641697875,0.28042568711205484,0.14055348616834717,0.13156268436299984,0.00381882730362461,0.01069147468944703,1.0,0.2,0.5,29,15.655603554053569,144.50860870011726
4,18,0.14774917858525177,0.2680699482794271,0.2619706274394013,0.244097627841326,0.17680217244777852,0.11870759907189261,0.002116646842527705,0.0065391386360286,1.0,0.2,0.5,30,14.99701383340715,7446.561609085992
4,19,0.1400135209388585,0.24477993216128477,0.2385249977185226,0.22055060140422753,0.1475134050383008,0.11536925572401824,0.002074119868308707,0.00630743437228803,1.0,0.2,0.5,32,14.112020475870631,8305.518890128564
4,20,0.13629320291309915,0.23950183218128093,0.23323147490893412,0.21620284275421123,0.1184636391794923,0.1127756748347978,0.0016233694910078832,0.00504889536015533,1.0,0.2,0.5,34,14.241356551992332,8291.087883470878
4,21,0.13168987857548795,0.22384163746209196,0.21746273011295156,0.20105475256308444,0.1270795221815707,0.11118411781990419,0.0015187273970203698,0.0046178096309764,1.0,0.2,0.5,37,13.666392413081722,8300.246246507617
4,22,1.5180640755434642,1.6099584043299222,1.6041827409553298,1.5895879292796737,1.5007995480367182,1.0,0.0013858116644407971,1.0,1.0,0.2,0.5,40,13.543043563820993,8265.7272691688
4,23,1.5180032042637797,1.6096410612826901,1.6038629006542031,1.5900980281634192,1.5007376990657393,1.0,0.0013922184305746464,1.0,1.0,0.2,0.5,42,13.678942572410447,8287.329137667883
4,24,1.517984189909779,1.6095411935891044,1.603762221027756,1.5897145243139237,1.5005676792927587,1.0,0.0013947683286094242,1.0,1.0,0.2,0.5,43,13.683301242704625,8287.745071053649
4,25,1.517185208085039,1.6055015666129657,1.5999940109821063,1.5873765928263304,1.5121790967345978,1.0,0.0013912676899579032,1.0,1.0,0.2,0.5,44,13.362823561010645,8292.714844647755
4,26,1.033913172033937,1.120180356285314,1.1149558283589691,1.1024341488797074,1.0213208204679898,0.517195677493387,0.001575976109356278,1.0,1.0,0.2,0.5,46,13.344186253935924,8357.111315218588
4,27,1.5166737812023643,1.6027947255264205,1.5975688131963033,1.5850179835734042,1.500479423608552,1.0,0.0015289056694680954,1.0,1.0,0.2,0.5,49,12.850581843035826,8271.003210221548
4,28,1.5164695085375826,1.6018351830380357,1.5962990403364787,1.5835728659219905,1.5026800622543184,1.0,0.0013031237626780034,1.0,1.0,0.2,0.5,50,13.193799676535786,7639.425128757291
4,29,1.516268783416137,1.6007627592283813,1.5952182029038176,1.5832934467045146,1.5033251450947314,1.0,0.0013031237626780034,1.0,1.0,0.2,0.5,51,13.198046175568292,7622.713890380642
4,30,1.515327022136073,1.596112923804698,1.5905323329063519,1.5773534267316005,1.513748506022285,1.0,0.000985234874794764,1.0,1.0,0.2,0.5,52,12.605535665990532,7381.000348690386
4,31,1.442494047852033,1.5140476354827799,1.50837872960509,1.4962828640227883,1.461498826044037,0.9291117711744242,0.0013624142851232082,1.0,1.0,0.2,0.5,53,11.391465560859189,7625.457669423999
4,32,1.429498383104812,1.484983708097954,1.4791626687804258,1.467336389191109,1.4476339967890792,0.9194625285254364,0.0012189280448003526,1.0,1.0,0.2,0.5,55,10.79616522606366,7575.02354740363
4,33,1.5097489790859606,1.5637574445551454,1.5582254423440332,1.5473926124316038,1.5020610462538406,1.0,0.0013221756527155982,1.0,1.0,0.2,0.5,58,11.041000638346988,7569.110668586066
4,34,1.4434387032169216,1.4967461557399298,1.491207578297605,1.4806407574290246,1.4365588932453006,0.9338539016590801,0.0012007469214976023,1.0,1.0,0.2,0.5,59,10.696334866964976,7980.291431897908
4,35,1.508950698793427,1.558991263938861,1.5534221113813078,1.5433234836051046,1.5114223429295472,1.0,0.001177151278500405,1.0,1.0,0.2,0.5,60,10.73272415256469,7561.931102792238
4,36,1.5089492126891324,1.5590720407179015,1.5538065502432146,1.5441938787553349,1.500248713260607,1.0,0.001177151278500405,1.0,1.0,0.2,0.5,62,10.73062282104034,7562.369186489784
4,37,1.5082557845549986,1.5546579471333477,1.5490547659519247,1.5403001053973675,1.5126846065473512,1.0,0.0011590077229310487,1.0,1.0,0.2,0.5,63,10.55697361142026,7966.51431902697
4,38,1.5082346554944495,1.5544371508780275,1.5485291922487094,1.536948064661323,1.5006079640775878,1.0,0.0011568076490185268,1.0,1.0,0.2,0.5,64,10.530689514935254,7964.979753192055
4,39,0.1290768477507801,0.1744670045338949,0.16946035701828546,0.16683511510507018,0.12147148690801128,0.1195702767325367,0.0010549447694481635,0.00299048131556513,1.0,0.2,0.5,83,10.5061292964769,8303.71672647428
4,40,0.12900118505612268,0.1741958709120018,0.16949031118512892,0.16834238673741136,0.12174161891171544,0.11956189599637683,0.0010454433716118505,0.00296626964988043,1.0,0.2,0.5,85,10.461315436954802,8310.265749924885
4,41,0.12900616785443456,0.17419751421339655,0.1697948587415703,0.16984137624735282,0.1214360972815974,0.11957027673253669,0.0010549447694481635,0.00299048131556513,1.0,0.2,0.5,87,10.472738996439892,8307.561153483657
4,42,0.1239842410780701,0.16793664165179564,0.16352242589851254,0.1625911031246878,0.11754378253643283,0.11492447466993283,0.0008375957859247587,0.0027860076916528297,1.0,0.2,0.5,91,10.108130205816792,8307.852452117211
4,43,0.12275919441607434,0.1649941611396137,0.16056397895395885,0.15988303465603848,0.12144188521237502,0.11404899922041253,0.0008323005583332447,0.00272301517351412,1.0,0.2,0.5,92,10.06552492267754,8643.939423110842
4,44,0.12580436167121448,0.16558900116211156,0.16083315762863554,0.16015091688544403,0.1270964751509489,0.11768078625422776,0.000773918886320087,0.00243478511493285,1.0,0.2,0.5,93,9.909834478684187,8633.058101457493
4,45,0.12188884700454397,0.16164652381823041,0.1571933863073227,0.15645079188389277,0.11555693407150341,0.1137696763894872,0.0007613954288612771,0.00247339397905667,1.0,0.2,0.5,94,9.817850024498556,8620.356831071409
4,46,0.1246379534635443,0.16426304604010974,0.15980865507625783,0.15969046892457903,0.11838352671718669,0.11655054158289964,0.0007770857283371979,0.0024516946370925,1.0,0.2,0.5,95,9.870862427887344,8629.415662259818
4,47,0.12463723193577513,0.1643483055348532,0.16019762955475156,0.1606534795133205,0.1179385784059904,0.11655054158289964,0.0007770857283371979,0.0024516946370925,1.0,0.2,0.5,97,9.86986658444389,8629.567420617137
4,48,0.12298065474507822,0.16035885823865606,0.15618656406808054,0.15622117893728404,0.12463265732785263,0.11512297119562165,0.0008847669446173269,0.0027910495582146597,1.0,0.2,0.5,98,9.83524335281832,8631.57922534917
4,49,0.11972910947974982,0.15559553992839184,0.15171228275764137,0.15290602576745616,0.11554156517072392,0.11211815642656442,0.0008698807817870376,0.00287425597088015,1.0,0.2,0.5,101,9.45951557659206,8638.424448773261
4,50,0.12028545889620373,0.15519743831378363,0.15221424443568837,0.1639390021105695,0.11472213938616131,0.11244578424384355,0.0011753929556147724,0.0036440856899967997,1.0,0.2,0.5,120,9.512091794581968,8201.749515855507
4,51,0.12016997569558073,0.1516866035259789,0.14867211150588924,0.15805289677570336,0.12646471169645745,0.1130776918489361,0.0010738431133537223,0.00337564210809436,1.0,0.2,0.5,121,9.385189093665849,8606.409763477754
4,52,0.11868708049047974,0.14931226487442634,0.14628958029241054,0.15849856386514546,0.11666869513176373,0.11162664178739208,0.0011520876043844919,0.00358917374808302,1.0,0.2,0.5,122,9.387569580241223,8627.148740690485
4,53,0.1183597196757985,0.1483648682798837,0.14563939144072544,0.15949293640018128,0.11464473906537362,0.11141771928845408,0.0011576153172644184,0.00359440864412106,1.0,0.2,0.5,124,9.324393853880494,8635.052989101256
4,54,0.13750025599622498,0.16661758298470972,0.163883915797492,0.1733862357049013,0.1342680891120701,0.13106180795291017,0.0009863534962294752,0.002965770908195,1.0,0.2,0.5,126,9.246597951092197,8421.28435303225
4,55,0.12020759518970875,0.14808314126061328,0.14594399093314533,0.15983398084243114,0.11687381636029312,0.11366221459353831,0.0011449293956781704,0.00359510362394883,1.0,0.2,0.5,130,9.267685402242824,8629.173817592382
4,56,0.12523428968592293,0.14948183133683868,0.14670352988725305,0.15879136730455307,0.13291584165055292,0.11971393060731887,0.0008462389605945046,0.00282601325648096,1.0,0.2,0.5,131,8.93499413016619,8747.554844470898
4,57,0.13689761180554727,0.15833869672712989,0.15644363102314598,0.17170524576611837,0.13440687171037455,0.13194836667510168,0.0009046352525807627,0.0026778893913806,1.0,0.2,0.5,142,9.001156192690496,8403.696265432454
4,58,0.1364250538953868,0.1576863534921049,0.15639549154203075,0.17333528030852793,0.13335649063282004,0.13153243666854453,0.0009049117126446349,0.00268258131375537,1.0,0.2,0.5,146,8.970058294652533,8412.267631137089
4,59,0.13504680989383747,0.15322002957515043,0.15250698053833098,0.17504747665419323,0.13312045823059115,0.1302886948950363,0.001305138893742846,0.00331612094730102,1.0,0.2,0.5,158,8.75090878384045,8427.872010803187
4,60,0.1235424389345292,0.14167494262277414,0.1409615125114736,0.1623842649005669,0.12073283481561387,0.11894134839396468,0.0011033822642230965,0.00309591920819427,1.0,0.2,0.5,164,8.80105368621406,8749.267726280712
4,61,0.12247171485454046,0.13832688044871017,0.13759270985625058,0.15995546098010907,0.12254181250540394,0.11830232682142934,0.0009983179485161871,0.00300419447778669,1.0,0.2,0.5,167,8.667769854921863,8665.070498222105
5,0,0.9164085874693096,0.8815088153043782,0.8805788480885482,0.8764464234478062,0.0,0.0,0.0,0.0,1.0,0.2,0.5,1,254.69822863080464,1356.2959231874397
5,1,0.9367984835306262,0.9487957703328506,0.9477159123796912,0.9433188859959325,0.11390614544206955,0.08631508673951681,8.302373255722234e-05,0.00010361646004345001,1.0,0.2,0.5,3,237.40602949819424,1299.6183555298785
5,2,0.7181244960677587,0.9510772646152822,0.9489117520268974,0.9405770228186093,0.6256846510215079,0.09957364632831932,0.08044151385798719,0.2226420349188452,1.0,0.2,0.5,4,137.94577214110646,765.3256789612047
5,3,0.610113796921343,0.8755938967051766,0.8731282215676515,0.8641828655863304,0.3004548000093428,0.09911888241120911,0.06697862027592873,0.15445073962768296,1.0,0.2,0.5,5,122.7790954317796,561.1513291835531
5,4,0.7639017808212569,1.0755554293873955,1.0719668142972725,1.0585792202876796,0.944825550188909,0.19396127525038087,0.1898374223900554,0.6016925357622112,1.0,0.2,0.5,6,67.62588142167225,220.9074550047796
5,5,0.5422542583922093,0.8500337195553155,0.8460805685889891,0.8318522454077931,0.42063268985070856,0.18392197205246502,0.09511934303186072,0.3015020973866222,1.0,0.2,0.5,8,56.91804445121175,186.61187312762732
5,6,0.4977236332223476,0.7948033544330857,0.7904859888215134,0.7755928972650974,0.4117568992947622,0.17493078091537412,0.0952341696741346,0.30179394162873846,1.0,0.2,0.5,10,47.87825173045714,157.523381010569
5,7,0.4769103978767629,0.7641222801484605,0.7595728059240546,0.7439748099017336,0.3863632538167776,0.1706028270737331,0.09730371113424689,0.3073909475151437,1.0,0.2,0.5,12,42.75175497348537,143.06660273626542
5,8,0.4640737977773618,0.7487308278873273,0.7441293037759861,0.7286946650504551,0.353880413493079,0.16478404692584195,0.09555920045093264,0.30220486274643066,1.0,0.2,0.5,13,42.3549803810818,175.6710673434046
5,9,0.4380814681091457,0.71344471758589,0.7086657702849087,0.6935206714723307,0.3874973376229809,0.1496172240985301,0.09674876665682298,0.3067170195253812,1.0,0.2,0.5,14,38.21628415253966,135.41605085158045
5,10,0.43111809253377326,0.6954582098297273,0.6904911953936724,0.6740237745223414,0.39736078735538527,0.15779675209409047,0.09575057818805595,0.3026912698166244,1.0,0.2,0.5,15,35.74066770835503,150.06469109023027
5,11,0.4304486776634855,0.6858990254703088,0.6807924655389633,0.6637923079382162,0.38797651803173655,0.15980590655964771,0.09964765406403957,0.31357797693178596,1.0,0.2,0.5,16,32.61404853464536,109.68684223482514
5,12,0.4221703092122142,0.6770972648821787,0.671983109601248,0.6549534368325542,0.3313111820972623,0.15490113295924487,0.09796226731552657,0.30838203375980294,1.0,0.2,0.5,17,33.16114453217044,136.9338547658141
5,13,0.4292067431242581,0.6826494763732406,0.6778154840526878,0.6632466520090532,0.34570492843212686,0.09076824647612304,0.15046839124075873,0.4325572701759011,1.0,0.2,0.5,18,41.43246331691737,229.4429754265433
5,14,0.1585199465639311,0.3661175776986729,0.36097477723025645,0.34242764118436475,0.32356683879412296,0.09171078568828374,0.0021162880677635604,0.0128914884489926,1.0,0.2,0.5,19,23.417227081152763,159.5785935789729
5,15,0.37251892450789814,0.5792834052974902,0.573827787695565,0.557077447584802,0.31629199775153305,0.09078803450307123,0.1669194122387246,0.37762466810108974,1.0,0.2,0.5,20,30.42444877489838,160.34155724160215
5,16,0.32536068681533886,0.5169202099451682,0.5112843510763809,0.4938456691960558,0.33974186358592806,0.09081334140776884,0.15499203875130171,0.30353076300497805,1.0,0.2,0.5,21,27.124999675406784,137.0094710567322
5,17,0.14811340062724393,0.32869682909647213,0.3232379995153809,0.3042036775351314,0.14824731817982703,0.09180279321873842,0.0022474437572177083,0.018342776724423658,1.0,0.2,0.5,22,19.853913835616805,95.5182355405051
5,18,0.2789888010328722,0.4408706547505828,0.43490260150219173,0.41686753291905315,0.31501267820787227,0.09020947012681337,0.12938551942096338,0.24752938721887188,1.0,0.2,0.5,23,23.99644147444439,121.31177516627731
5,19,0.1327602214795065,0.2831088939172343,0.27732010511432986,0.2576763214295819,0.14368358116872432,0.09070422503133033,0.0017218698506401462,0.013651736443427421,1.0,0.2,0.5,24,16.643304695130283,100.31507435962926
5,20,0.35837949274413605,0.4995927046725393,0.4937079077791441,0.47664007432741035,0.3336344060396508,0.10054910755210807,0.10297270478460173,0.41089820655194786,1.0,0.2,0.5,29,22.00169150914072,84.27261651415928
5,21,0.24374160907021952,0.3427233987227847,0.3367142662096486,0.3175749456270658,0.3813841260019155,0.10022754136443775,0.09386941910475595,0.2103520587861763,1.0,0.2,0.5,30,21.654191006297783,90.42209690530107
5,22,0.23933895439231417,0.33626578787249956,0.32993356488764786,0.31163221062583224,0.22381178199611515,0.10025344443897517,0.0904419745182556,0.2038538233856987,1.0,0.2,0.5,32,21.170439130030665,88.5181152368817
5,23,0.22331597360511796,0.32012295578689165,0.3137895829369969,0.2964874726439396,0.20471923988299112,0.10031360764750444,0.07940810896684301,0.17616251203756778,1.0,0.2,0.5,33,21.47756916021717,87.00913252236381
5,24,0.22318487055375502,0.31813448508179226,0.31208576390872517,0.2950703592468749,0.2069604849523718,0.10015999966189597,0.07963792877972221,0.17708151703846298,1.0,0.2,0.5,36,21.451762165724507,87.04144196028909
5,25,0.2179564411172234,0.3072278258372647,0.30112372456814024,0.28443654032081545,0.22111932295269277,0.09998878365027089,0.07641890707069979,0.17101316835201005,1.0,0.2,0.5,37,20.88503306042908,83.43952819521049
5,26,0.2703653270954762,0.35167272817963413,0.3454915096456019,0.3290689220953638,0.26920788312482535,0.09965003578457317,0.07105223050968347,0.2823754975935298,1.0,0.2,0.5,39,17.420422559808635,54.620479227345314
6,0,0.9444874155477033,0.8892531901114455,0.8883839638921377,0.8844846405434111,0.0,0.0,0.0,0.0,1.0,0.2,0.5,1,240.35242612401865,1276.1822621505582
6,1,0.956350075268743,0.9590367660388632,0.957987840844732,0.9537090567547941,0.12564493719601982,0.09260764042864113,8.34822794646522e-05,0.00010616682567734,1.0,0.2,0.5,3,221.2683020890657,1236.364186769955
6,2,0.9010422114605253,0.9477447444379201,0.9465430701907408,0.9418857732975544,0.1288969261250897,0.10056952763286395,0.00033392911785863996,0.00042466730270937,1.0,0.2,0.5,5,205.91791832615573,1153.406529000058
6,3,0.7546732277945456,1.0660644175840774,1.0637872224070162,1.0539829353128891,0.9687627835437846,0.29194817099601766,0.016394934153413625,0.19912366793940464,1.0,0.2,0.5,6,91.83804136748763,392.7440469245827
6,4,0.6285400581835197,0.9402897867313207,0.9373286531554759,0.9237805943920612,0.5424109223762503,0.2919481709960176,0.016394934153413778,0.19912366793940464,1.0,0.2,0.5,8,60.846948800148766,224.92260618268068
6,5,0.631708812069928,0.9434670391061482,0.9404869192636158,0.9271604113595109,0.40733455424064574,0.2920270727596396,0.017273825719238904,0.2097981915861904,1.0,0.2,0.5,9,60.44742677724157,251.9155989819704
6,6,0.5456006565449201,0.8555704397974867,0.8523203814122519,0.8384750800928364,0.44719065017251525,0.2913339691243021,0.008884224600575565,0.107544948612379,1.0,0.2,0.5,10,53.08545124000079,239.16178717700532
6,7,0.5153121626758983,0.8173574109441065,0.8137870845523608,0.7995933855799717,0.4659754997540317,0.2915537725874279,0.009932201856048518,0.11186661400460447,1.0,0.2,0.5,11,45.47015845503223,185.0972412969094
6,8,0.44180126602364367,0.7221607831797904,0.7180586007929355,0.7017149658728729,0.5224963731355441,0.2847414658240373,0.006100475719718008,0.07214860773510465,1.0,0.2,0.5,12,35.06992298178121,159.94159394398048
6,9,0.4237620914585264,0.6737041132820022,0.669725317666874,0.6526570502767634,0.5078416555678273,0.27300917158212723,0.012029428125148674,0.1193378617926553,1.0,0.2,0.5,13,28.476967571810405,126.41727903330526
6,10,0.38347750073978265,0.6123018918224765,0.607729435587166,0.5890881879278586,0.41697194059563414,0.2732539615868137,0.006255709398296019,0.07241306355180875,1.0,0.2,0.5,14,24.40635663563269,96.47251200208096
6,11,0.3834526852635383,0.6122401885592705,0.6076672976399251,0.588534860108947,0.3108893421111423,0.27325396158681364,0.006255709398296019,0.07241306355180872,1.0,0.2,0.5,15,24.39981965982492,96.05394906228322
6,12,0.3425216986179575,0.5093965928073055,0.5040886539229179,0.4831158886896704,0.5714464684345847,0.2632454715407365,0.006786651496141911,0.07383591664974573,1.0,0.2,0.5,16,17.47241383507171,70.96411075640225
6,13,0.31772518566558494,0.4631739710868258,0.4576364423613527,0.4364108307059217,0.32671186693909726,0.2558286642420326,0.005110872325955639,0.05540405958653688,1.0,0.2,0.5,18,15.622440239633455,71.3288676610379
6,14,0.30503703729184867,0.4377981627941891,0.4321285895982065,0.4110405091234699,0.30022398773623254,0.25299020628899227,0.004100872250107918,0.044357945736771195,1.0,0.2,0.5,20,15.11886268661834,67.91440682138357
6,15,0.30471001957436483,0.43641370681305097,0.43073325251140854,0.40905625706350285,0.2799668506561087,0.25299020628899227,0.004100872250107918,0.04435794573677121,1.0,0.2,0.5,21,15.037394179552471,67.54150559495201
6,16,0.30500183836675115,0.4351371893297861,0.42944062487596535,0.40875525334665164,0.28268160322284014,0.2540781451205715,0.004008682586655804,0.043769263872054646,1.0,0.2,0.5,22,14.868700331511352,55.32316227097993
6,17,0.16075427089172814,0.27828202882589453,0.27245731864935185,0.2512830444169621,0.18336493449207647,0.13112543849273678,0.0030391873926297734,0.00900566172042714,1.0,0.2,0.5,23,13.684967673903396,45.69521657242931
6,18,0.15328846973130805,0.25127868828949346,0.2452597646922174,0.22375282988745956,0.1696254076865982,0.1297077065735666,0.0025465812974442515,0.00752277779849612,1.0,0.2,0.5,25,12.780735097264085,46.972697860730094
6,19,0.15111436536911768,0.24503607971518931,0.23928020177116716,0.21789984812508742,0.1402853554161742,0.12863232592638557,0.0025002312532818893,0.00740143643441344,1.0,0.2,0.5,27,12.39463999324934,46.69302535442138
6,20,0.12698784103110305,0.2095485040106258,0.2033794003235798,0.1825929026418985,0.1515846934761398,0.10696470213748113,0.0018675664017545163,0.00809063805910889,1.0,0.2,0.5,28,11.749042219401725,44.3437524957488
6,21,0.1480094914015348,0.2277221795509853,0.22182851163689257,0.2007157903010918,0.14348499760615677,0.12871632253378262,0.0026014836156495933,0.00767816615152269,1.0,0.2,0.5,29,11.73892480218559,43.29002628033777
6,22,0.12270761773270875,0.1856983610275397,0.17934219564198695,0.15835888828146275,0.1696358628356562,0.10683963382535815,0.001968140731092504,0.00826049233980566,1.0,0.2,0.5,30,10.860196326513366,41.07152408923053
6,23,0.1201212320108694,0.178481698891693,0.17208180109243795,0.15164765793276563,0.11775089148666838,0.10585134215188859,0.0016941738632344759,0.00705859994927565,1.0,0.2,0.5,32,10.857611124947802,40.76876821624156
6,24,0.12067162924783875,0.1788649931824542,0.17246352250553343,0.15248014574963376,0.11088010692052279,0.1064241584949017,0.001687823897710983,0.00708325493820709,1.0,0.2,0.5,33,10.852957223768108,37.03299148086148
6,25,0.12008042762767364,0.178330030177447,0.17223203270186863,0.15212371474489375,0.1098369802892568,0.10585444733412816,0.0016909017064268951,0.00705272458801465,1.0,0.2,0.5,34,10.842620328510083,40.73018431366084
6,26,0.11994999514906832,0.17778077400780207,0.17167882477696117,0.152017324638132,0.11112115342203066,0.10581786253590272,0.0016781287004623468,0.00703802570721615,1.0,0.2,0.5,35,10.79788473255353,40.118773125597095
6,27,0.11987819473973123,0.1755376913213068,0.1694152881458015,0.14975371192553738,0.11753566973890528,0.10618078496316752,0.0016469242400974466,0.007045479190235441,1.0,0.2,0.5,36,10.672159500104724,36.323545162125285
6,28,0.11955848082472291,0.17403705357814755,0.16790353475825331,0.1491433350222307,0.11403090332472927,0.10655342522913558,0.001472456709669965,0.00619756748190751,1.0,0.2,0.5,37,10.762928358834383,34.17812530460564
6,29,0.12521691185729564,0.17979927989828415,0.17427267549596637,0.15547747897717695,0.115704458548729,0.11154093382814072,0.0022424272939099883,0.007260409233444789,1.0,0.2,0.5,40,10.39176144904892,31.37856922486744
6,30,0.1252181345279716,0.17828350773169646,0.17274268698478454,0.15465757007989928,0.1185338521961525,0.11238060117913647,0.0019565442240251497,0.006292246254076569,1.0,0.2,0.5,42,10.400394128797132,28.791681459323364
6,31,0.12747818274717684,0.17900871366289725,0.1734534877964583,0.1558908729163497,0.12023654061561648,0.11494034498240124,0.0019516404220829313,0.0062907629263756395,1.0,0.2,0.5,45,10.339374859347089,31.014314209633508
6,32,0.12584950300802045,0.17251949283783416,0.16691884300269,0.14996343494528666,0.12611548479083978,0.11462877130546187,0.0017373021315416322,0.00559768540477786,1.0,0.2,0.5,47,10.293374782125843,31.672908362266504
6,33,0.12419173260218494,0.16846711365234662,0.16314708508674475,0.14649798875812944,0.12083328413971296,0.11351893312468878,0.0016829834760180718,0.00545374871627586,1.0,0.2,0.5,49,10.181940626824172,31.67034818768585
6,34,0.12413843545022829,0.16828869454549006,0.1632704842335178,0.1470156998202924,0.11693651161431748,0.11350432651361582,0.0016825229645760923,0.0054564467563538,1.0,0.2,0.5,51,10.176405086162974,31.603162541753274
6,35,0.12308410294520497,0.16371806992411517,0.158667209954603,0.1440917190160522,0.12016231062446371,0.11310294894334853,0.0016850987542113471,0.005443874393970019,1.0,0.2,0.5,54,10.124099066844728,30.897843558061734
6,36,0.12308723924708083,0.1629343934064368,0.15787619203664688,0.14470636813765977,0.11684416508830375,0.11327185505488242,0.0016774464349138913,0.00540165759808031,1.0,0.2,0.5,59,10.03241761434309,31.665277349194128
6,37,0.12306133610506777,0.16232477082698335,0.15756412095857208,0.14450670503393045,0.11870101914129613,0.11334609096966161,0.0016892247821635267,0.00544119682077557,1.0,0.2,0.5,60,10.014396163657135,31.55738776974936
6,38,0.12108854693243015,0.15872856279495887,0.15395289058202252,0.14145367927616484,0.11748410277765982,0.11165179157970151,0.0017249572711227987,0.00545466581411083,1.0,0.2,0.5,62,9.875022896700925,31.51959891186576
6,39,0.12263428318332951,0.1597012733435949,0.1555261124094647,0.14359704162213818,0.11725882568726996,0.11331308699185123,0.0017319192201424543,0.005490722091307449,1.0,0.2,0.5,65,9.938216073296989,31.19002354720609
6,40,0.12246098427045327,0.1583525024243033,0.15446946571255507,0.14304530470412083,0.12074948055751919,0.11334789099705489,0.001758240538157283,0.00551430154755796,1.0,0.2,0.5,66,9.926081589213034,31.3375119840665
6,41,0.1213769568694129,0.15579102675244488,0.15219730452710145,0.14118791257940055,0.12099343549553981,0.11217088532584336,0.0013253939276344604,0.00643031241003989,1.0,0.2,0.5,67,9.777911471831716,31.50872990406047
6,42,0.1212030438059039,0.1552315035311747,0.15163419031135325,0.1411586420054018,0.11684890388328183,0.11206615479138601,0.0013258786310936267,0.006427096483673731,1.0,0.2,0.5,68,9.787563516769165,31.52568096554824
6,43,0.12144615392328456,0.1551218562036165,0.1515213092254861,0.141756511134061,0.1170273831502811,0.11237123570484182,0.0013633757499333715,0.00641027352782559,1.0,0.2,0.5,69,9.73937308560112,31.07669162169105
6,44,0.12110016234623897,0.15401557823915876,0.15040801079066926,0.14125159926220116,0.11692008593582187,0.11215210953216632,0.0013220542000645127,0.00643855313450428,1.0,0.2,0.5,71,9.704086658564824,31.218148493800825
6,45,0.12099800760445584,0.15353066606038934,0.15022251204234516,0.14154225727513287,0.11641625526228788,0.11213254607299099,0.0013243278140991392,0.00643741739542817,1.0,0.2,0.5,73,9.700981529345649,31.2024347078002
6,46,0.12059448265270319,0.15260028715592097,0.14928728486479997,0.14256129269181617,0.11574983731481253,0.11138908040693504,0.0014913431114336457,0.00723383854092647,1.0,0.2,0.5,77,9.663784243855998,30.69545148552902
6,47,0.12240815408476541,0.15177759456866094,0.14874337283483038,0.1440066267030232,0.12214675952327983,0.11344993740942977,0.00267505370756781,0.007207002258420051,1.0,0.2,0.5,79,9.680995825563352,32.065622721510444
6,48,0.12240815412292726,0.15186760046322592,0.1491371097056999,0.14562532881496254,0.11758849055692645,0.11344993740341831,0.002675053708298029,0.00720700226007,1.0,0.2,0.5,81,9.68099583865708,32.06562275856828
6,49,0.12255998912269832,0.15184854725736038,0.14911649770189558,0.14719260791599403,0.11795294840040307,0.11349085906434402,0.002759845202846428,0.007453416072030659,1.0,0.2,0.5,84,9.68291936943158,32.009154095260435
6,50,0.12121065688450731,0.15050229986530111,0.14777027505126608,0.14778352375610923,0.11642318618069332,0.11272927835646096,0.0023854571740843235,0.0064266304115037,1.0,0.2,0.5,88,9.659832413517192,32.04923863672861
6,51,0.12176832218010468,0.15025793176645583,0.14721560487159763,0.1469803388056917,0.11969821423342551,0.11232174454169039,0.004022987341480741,0.00794535602435212,1.0,0.2,0.5,89,9.656403363841395,35.40207250120776
6,52,0.12216446213909837,0.15047006897515586,0.14803193607562268,0.14828967748287228,0.11790142508575993,0.11392826594643095,0.00233599328463422,0.006323780811249629,1.0,0.2,0.5,92,9.74155091959783,35.40052073485819
6,53,0.12188773091989394,0.14925098083061306,0.14619831421901563,0.14819662797693317,0.12008051506067904,0.11377389452029765,0.002349914448719229,0.00633239597869676,1.0,0.2,0.5,93,9.729427202223036,32.50243185265073
6,54,0.12160376938444117,0.14882443576626925,0.14607340678016523,0.14897872421094593,0.11751169892415855,0.11353097218065607,0.002349887034526691,0.006329228327162489,1.0,0.2,0.5,95,9.638322637795646,32.32697829752568
6,55,0.1210104434012189,0.14793232794536407,0.14517854463907304,0.1490615489582735,0.11719461092091672,0.11229303466878829,0.003694824231150276,0.0071815133090164605,1.0,0.2,0.5,97,9.663392762942053,35.446508480430104
6,56,0.12088238410504434,0.14715271536032568,0.14439294930639024,0.14858248483900044,0.11885410550035795,0.11233589454483821,0.003602301477168404,0.00709664607081857,1.0,0.2,0.5,98,9.663048668704397,35.46785616850287
6,57,0.12563498220985309,0.15178391954066303,0.15144668541610953,0.15983772182660422,0.12154148203027913,0.11493932268209484,0.0013501506271798819,0.012578854680022131,1.0,0.2,0.5,162,9.454309787236385,34.235145265176214
7,0,0.9300282590981627,0.8852850198540357,0.8843846839666273,0.8803655138369915,0.0,0.0,0.0,0.0,1.0,0.2,0.5,1,241.4859715670441,1347.157118780107
7,1,0.9619558766100984,0.9672874683808619,0.9662298010890872,0.961917536119274,0.13092054593265007,0.10196520406576352,8.346508151239509e-05,0.00012009712984608,1.0,0.2,0.5,3,223.85759526010085,1259.7020391117308
7,2,0.7740388110418306,0.9954656703932814,0.9933938424335805,0.9854199508849691,0.6328715471686152,0.0989337853552924,0.07629310114756753,0.29048140753590196,1.0,0.2,0.5,4,128.4146651250029,718.5887438631855
7,3,0.6539517594758137,0.8956683900956574,0.8934406836211705,0.8856268029274437,0.2085638346542098,0.09974461298686932,0.03788409205477976,0.1443509302264272,1.0,0.2,0.5,6,118.68941183195986,675.5401131120827
7,4,0.38971615943206406,0.6994767207211736,0.6964476183479476,0.6843784764105763,0.5283000121817039,0.09933949390218748,0.0038297553400182876,0.04780582213353213,1.0,0.2,0.5,7,72.45973855355149,247.7034266088273
7,5,0.3794378064770759,0.6904511228633406,0.687311785092287,0.6748189526062858,0.16912075729879722,0.09888000334584944,0.0076178927384408365,0.057259178867521895,1.0,0.2,0.5,8,68.56220764592115,290.3591143815169
7,6,0.2877064982129728,0.5909503228590646,0.5871149064506258,0.5727916758513242,0.3742921984552642,0.10553972466498021,0.002143836057907181,0.024499853829457068,1.0,0.2,0.5,9,49.20519356730382,173.6902085943655
7,7,0.2744640046503468,0.5734008468278895,0.5694370855611324,0.5546212397032889,0.16368174467637278,0.10158696033919097,0.004041136836666383,0.029247426922041592,1.0,0.2,0.5,10,46.190155745290944,210.76348811079416
7,8,0.22858081380326994,0.4941452342969086,0.48980193809376266,0.47253110013796024,0.37601455859623384,0.11045924694477298,0.003212703282663847,0.027280146605224997,1.0,0.2,0.5,11,33.43153903237706,122.49587966194834
7,9,0.21753955794767058,0.4756291963039285,0.47116811350537857,0.45344601124335815,0.16421378401610479,0.10419668808123103,0.0051100040614230485,0.03202771969780953,1.0,0.2,0.5,12,31.63758094763641,151.84494499699144
7,10,0.19247619478880884,0.4328475278591769,0.42812788587020534,0.4099908465716675,0.20644137155966263,0.10228039274841624,0.002046548829975583,0.01741265103197532,1.0,0.2,0.5,13,29.0557889338324,95.98261799895268
7,11,0.19062054987423022,0.42443974608889784,0.4196308142517852,0.40137622801411427,0.14719963516296197,0.1029864818852306,0.0034335681908910375,0.021402648830237618,1.0,0.2,0.5,14,27.08931627045808,132.89340097875635
7,12,0.1816964520286282,0.4100223079450431,0.40514049562958293,0.38697793323000057,0.1359339527560353,0.10237673532362815,0.0015558328874115995,0.01308977108666207,1.0,0.2,0.5,15,26.711717919420195,89.77210036834539
7,13,0.17193277260981696,0.37490606404010635,0.36939761780765074,0.3507035289178636,0.23875726339037745,0.10282485290272163,0.0021646028835017686,0.02415274817794379,1.0,0.2,0.5,16,22.40719185194536,68.71241152789798
7,14,0.1581568580012739,0.3329315186287856,0.32710506740602413,0.3071882092582468,0.22564650034697029,0.10098650412186023,0.0023605112780332106,0.0248340217055636,1.0,0.2,0.5,17,19.23450876172945,87.62602868955099
7,15,0.14491194365078988,0.3011806846196109,0.2951521543836296,0.2748579584355154,0.14496563173560723,0.09818610331353037,0.0017951421316564499,0.01864513863555968,1.0,0.2,0.5,19,17.493922749857465,83.91444790001908
7,16,0.14839710269666503,0.23248423400848614,0.226026898311837,0.2030046364852728,0.40159717914578835,0.10133522335956775,0.0007480619598504882,0.0618884338112163,1.0,0.2,0.5,20,11.68762347663132,48.426372757631285
7,17,0.138793641008575,0.2228400639204087,0.216685306820115,0.19408804419908324,0.12301046333267313,0.09960767911437168,0.0005159617125282199,0.04627213192188527,1.0,0.2,0.5,22,11.741311362929814,50.71583321983942
7,18,0.13566149809414121,0.21205511816707825,0.2055237558461024,0.18328821431969475,0.14816298368345773,0.09899962051591568,0.0006993857650257119,0.04458168487306581,1.0,0.2,0.5,23,11.401050379477802,53.949527736228205
7,19,0.12999329791863487,0.1990947970978148,0.19279664493626308,0.17006571612353638,0.14329717318261556,0.09799348645886892,0.00044634747882610587,0.0385738959811809,1.0,0.2,0.5,24,10.932780836560331,50.0116273415396
7,20,0.13328062511638794,0.1997774120611795,0.19315161201247266,0.17097559425909536,0.1299486553842949,0.10255867506894911,0.0005457948259445907,0.03704037691379389,1.0,0.2,0.5,25,10.848343971283066,48.98559375592531
7,21,0.13316457965533157,0.1973879792663279,0.19043769871024233,0.1695881380074088,0.12913650846773905,0.10740099688841157,0.0005043773328668881,0.02805267923756738,1.0,0.2,0.5,26,10.719606822926076,39.51820224135744
7,22,0.12789457446154137,0.18722561310336688,0.1805319705274407,0.15877754596929583,0.13458125039055324,0.10130135838969304,0.00047505389019613693,0.03176523627454347,1.0,0.2,0.5,27,10.64606474799714,49.00373951073379
7,23,0.12675318112026807,0.18187860822742313,0.17544827058490978,0.15427454417312098,0.13184966867452155,0.10147271803148279,0.00034764671446521964,0.03090689174270871,1.0,0.2,0.5,28,10.6001559087024,46.823493726667984
7,24,0.12427047660406293,0.1775640804371105,0.1708136508337916,0.1503299589707161,0.11686348424900102,0.10072313248908529,0.00041563933289429057,0.02809980235914917,1.0,0.2,0.5,31,10.238615054727084,59.26273196846974
7,25,0.12508789322004438,0.17527223491015398,0.16909846042143167,0.14816066268051947,0.12761363089364114,0.10084669926429175,0.0003081816181280406,0.030804248811792778,1.0,0.2,0.5,32,10.241320099602683,45.00413739960602
7,26,0.12631531859148704,0.17612501925968044,0.16994777707599906,0.15102013020116373,0.1178674789212173,0.10118088267513117,0.0007054874817911383,0.03257573142162214,1.0,0.2,0.5,37,10.448299199786312,46.90954648452078
7,27,0.12597420759848882,0.175673282000329,0.17010093390354492,0.15354647820406128,0.11749062725461831,0.10181097547609452,0.0003791652019933701,0.03087520013879742,1.0,0.2,0.5,43,10.440544686262587,46.62982138643796
7,28,0.12542481836727282,0.17458718977667825,0.1693127085858915,0.1542349998594232,0.11761193791079894,0.10137015047887543,0.0003611454608176038,0.03090486980145345,1.0,0.2,0.5,46,10.308267230308816,46.86732764424857
7,29,0.12532196198923196,0.17364408979556908,0.1683617833386497,0.15505811552695684,0.1183935171696034,0.1013944169263554,0.00036019906120485885,0.03097103725706955,1.0,0.2,0.5,48,10.286693227952576,46.94015614798409
7,30,0.12615987050603458,0.1737230678253636,0.16843369483324938,0.15397985722993554,0.12053201535942831,0.10155023933087803,0.001559181508775219,0.03214367468219219,1.0,0.2,0.5,49,10.351353952177298,47.06084964782874
7,31,0.1251793438502158,0.17211604059023453,0.16682076913438953,0.15436984269643805,0.11922275949183572,0.10143641990318293,0.0003746136541702462,0.031120578371972917,1.0,0.2,0.5,50,10.304813885291734,46.97685516761236
7,32,0.12312189149118698,0.17002138366761457,0.1647257730754303,0.15227367949700069,0.1150884214616732,0.09961995227076784,0.00029356066629691266,0.03068574792245459,1.0,0.2,0.5,52,10.014284520609587,44.514896245134025
7,33,0.11615765749914873,0.16067224110039108,0.15656617494226668,0.157797336432566,0.10883149443043146,0.10320883925768949,0.0017880814028094726,0.01000864719825016,1.0,0.2,0.5,88,9.94176161730834,58.3470807218163
7,34,0.11279773942332647,0.15629500412889735,0.15339138403562044,0.16522618548176304,0.10564036466832749,0.10005006490004656,0.0014589999705561887,0.01024830651334853,1.0,0.2,0.5,115,10.050771745523264,69.78903470868525
7,35,0.11360955555721976,0.15653259703819086,0.15362361453925233,0.16510578181444216,0.10834102001429811,0.10107350549908596,0.001385940194240684,0.01006559214096142,1.0,0.2,0.5,116,9.961637492102907,69.04006403172009
7,36,0.11343067971108381,0.15585575921619532,0.15294213482345492,0.16540297427940728,0.10799496394161023,0.10097893480013398,0.0013821897212760248,0.01008142441756439,1.0,0.2,0.5,117,10.12366932468557,68.96423652781337
7,37,0.11344981958334445,0.1558116839083632,0.15289747739271806,0.16635241120316085,0.10654230928383071,0.10101913953211925,0.0013749768816651942,0.01006534912331342,1.0,0.2,0.5,118,9.914388812768784,68.89473581403736
7,38,0.11315211636080841,0.15375438264270583,0.15052085989945646,0.16358567384800538,0.11202454270683668,0.10102996385605671,0.0013690079804152566,0.01006033035625107,1.0,0.2,0.5,119,9.851264331862458,69.01720771120115
7,39,0.11222042364252953,0.15267550844169514,0.14974358540590044,0.1654556856789784,0.10554637736558319,0.10009147184110886,0.0012997372813129834,0.010187865616590169,1.0,0.2,0.5,127,10.048345879605137,68.90184816637999
7,40,0.11301213165428846,0.15259041637057746,0.15025626396549854,0.1659376699024208,0.10762795255334909,0.10056608765792999,0.0017040627916366743,0.011043129202803901,1.0,0.2,0.5,130,9.826398313647248,68.12848932830615
7,41,0.11161691041467825,0.15114844690115845,0.14881384422712096,0.1693981914902163,0.10507314055032133,0.0991347775274736,0.0017132913574315262,0.01112834116702282,1.0,0.2,0.5,135,9.820792503664096,68.0758716844547
7,42,0.11161691041467824,0.1512384528007639,0.14920762645919664,0.1704702530594291,0.10504164588324767,0.0991347775274736,0.0017132913574315262,0.01112834116702282,1.0,0.2,0.5,137,9.820792503664093,68.07587168445471
7,43,0.11280555569580401,0.15231974804681897,0.1505909024871876,0.17322303230889302,0.1066021689565341,0.10040128695982158,0.0017034363444363195,0.01104786964076418,1.0,0.2,0.5,139,9.820744680919962,67.7916266057867
8,0,0.9198805902722161,0.8824767303106821,0.881554323147896,0.8774509968383972,0.0,0.0,0.0,0.0,1.0,0.2,0.5,1,251.9048862840797,1329.1297799137778
8,1,0.9483791426465854,0.9551194158691265,0.9540571899577547,0.9497281022988276,0.11613894520428623,0.0903831703478042,8.295834010699271e-05,0.00011060405172968,1.0,0.2,0.5,3,235.39129935588585,1196.2884832735238
8,2,0.5860277760152647,0.836606642729865,0.8345931094610973,0.8265843000364704,0.5925921588672182,0.12682057729148616,0.0026392921049278634,0.00880534000423104,1.0,0.2,0.5,4,119.0591691363419,594.1129814471676
8,3,0.5474142676363283,0.8132260939653071,0.8110579563560244,0.8033090567480193,0.1564511036805,0.12555017927404374,0.0013617580032817818,0.00448664189322057,1.0,0.2,0.5,6,111.99682137671876,569.2016440546845
8,4,0.41963539594561644,0.728426628749814,0.7254422254057,0.714779025340178,0.44700034014725915,0.0992541986092249,0.01633916379749025,0.08948847702138636,1.0,0.2,0.5,7,65.30770544457621,413.72785652600095
8,5,0.3518557840086452,0.6634878587993718,0.6601717805390902,0.6491755119251165,0.185490177078054,0.10025542406102741,0.008445927044107116,0.04528729760203911,1.0,0.2,0.5,9,56.76934615511093,376.3325522825781
8,6,0.3342940877934871,0.6447157789233968,0.641225680100651,0.6302374769727136,0.1919370968076058,0.10148768660330221,0.009568914113121505,0.04916400361897947,1.0,0.2,0.5,10,54.68657192841036,319.2377614576298
8,7,0.2524629721591798,0.5327605952924804,0.5286772604823184,0.5137970858913932,0.4596044524342396,0.10469071602630861,0.009296261857393177,0.047370516479339306,1.0,0.2,0.5,11,37.20293151257844,282.8816932498135
8,8,0.2380622941167645,0.5063277269127708,0.5020299958832308,0.4863308071572238,0.20987719319659678,0.10440009827020902,0.010121398461635338,0.04939200274974842,1.0,0.2,0.5,12,34.651020523844416,263.3938907109433
8,9,0.18748563159136677,0.41215703134415876,0.4072274480609142,0.3898814785192983,0.3497696276621851,0.09993281524323988,0.006685345412885067,0.0323826143789312,1.0,0.2,0.5,13,25.806350768324105,221.7115681931554
8,10,0.16964574927003667,0.36177502328507305,0.35644600030734674,0.3378235911161191,0.1921391604342837,0.10068490018614007,0.0061585844502812185,0.03209051410023087,1.0,0.2,0.5,15,21.796946419973214,181.63791452290008
8,11,0.16142415521500525,0.34535420950053214,0.3399311095558591,0.32184993485448343,0.1308129415634891,0.10064023537024169,0.004581821497981866,0.02394072699581425,1.0,0.2,0.5,17,20.95279485325201,174.45415279762395
8,12,0.16004778282373233,0.3395507561203859,0.3343829465538387,0.31612686420072006,0.12175522961863072,0.10113630340663612,0.004458347773483046,0.02360445232633755,1.0,0.2,0.5,19,20.13649497028093,161.6110580847647
8,13,0.16375880037409865,0.34228681228863367,0.33710799077218967,0.3184003041702078,0.12198317592159036,0.10068490015441571,0.006158584463737761,0.03209051413557717,1.0,0.2,0.5,20,20.33198104294505,175.5694606719479
8,14,0.18479252266607135,0.31488666080308836,0.308886500343894,0.2905611869792084,0.34705541970505394,0.09700349877054042,0.04001597482201472,0.10315785373430116,1.0,0.2,0.5,21,15.299894214072191,81.74370149715304
8,15,0.1956425474265427,0.3053231854036385,0.29911706085553325,0.2802619155986211,0.21086489253129864,0.10663847724770567,0.039120403659108266,0.11759788769939136,1.0,0.2,0.5,23,12.810421496871454,66.3335435387805
8,16,0.17974312673666826,0.2800446584990848,0.2737456158989907,0.25597806672692,0.1711890030337174,0.10567198025390936,0.031815359610444634,0.09557161612011941,1.0,0.2,0.5,26,12.746988050958908,85.94949892253933
8,17,0.15801433360196246,0.23966391958309236,0.2334858471054312,0.21536481416974043,0.15948670261675207,0.10340743190276089,0.023020943607128665,0.06925609739500375,1.0,0.2,0.5,30,11.907479295890484,68.32310696262998
8,18,0.155228985929257,0.22288056559949887,0.21656848704787224,0.198760497110479,0.1675609330152698,0.10336900621923725,0.023122756891729955,0.06988029328247478,1.0,0.2,0.5,32,11.175568283101263,65.02231766715522
8,19,0.16204935674519053,0.2248695734624645,0.21851180854498875,0.20025299517881667,0.16726170202484902,0.10467214814025452,0.02195757157678515,0.0833590966983512,1.0,0.2,0.5,33,11.0257773169025,56.43683462505725
8,20,0.16207653444876974,0.22313507202714028,0.21676064742176882,0.19843758813495876,0.15719808869747354,0.10487260024325502,0.018430009502748375,0.08513980874972402,1.0,0.2,0.5,34,10.954699845670891,50.16939578427036
8,21,0.15428595930933808,0.21052385630195958,0.20410385777410672,0.18636437011804569,0.16121868398682332,0.1051885526326473,0.018802241571567412,0.07074224275174626,1.0,0.2,0.5,35,10.994548308835514,55.52140576719359
8,22,0.1556525271831051,0.21182403303164532,0.20540329608655103,0.18814207451843154,0.1462958532008236,0.10519077689181655,0.019468510404974798,0.07327063757807524,1.0,0.2,0.5,36,10.652462952738087,57.54963127570331
8,23,0.15532086149882696,0.20584376256107606,0.19937025018737486,0.18190567697511253,0.16542146258243445,0.10576715003418968,0.016351390728055783,0.07485252112474827,1.0,0.2,0.5,37,10.413315233330446,50.89829121783366
8,24,0.15415867659068833,0.20257293837004992,0.1963826350376689,0.17921378381116604,0.15322224713649735,0.10519077689181655,0.019468510404974798,0.07327063757807525,1.0,0.2,0.5,38,10.335809599521772,53.92889290588523
8,25,0.14153559608692698,0.18897908567155894,0.18277971458284317,0.16701999621562022,0.134946227987129,0.10733271767728003,0.014351690729922631,0.0461560470985755,1.0,0.2,0.5,40,10.4481052165104,51.83170742598307
8,26,0.1477354442372907,0.19341987363154237,0.18720408051064485,0.17109315563284738,0.14584746615884686,0.10906679917441968,0.013820570089219646,0.05596419413506235,1.0,0.2,0.5,41,10.39109438263781,42.89837166819181
8,27,0.1475066588000822,0.1907139293181894,0.1844750722543258,0.16877625499149917,0.14850652378434243,0.10917924009660711,0.013862605775279207,0.05618736177981211,1.0,0.2,0.5,42,10.323033421085547,43.150836459824646
8,28,0.1462511581370144,0.18418448551700337,0.1778966663908402,0.1625965411132784,0.14874112763203184,0.1090152851930479,0.01401448661143902,0.05586971100576475,1.0,0.2,0.5,44,10.15083961728578,42.48230948204856
8,29,0.13913833740551862,0.17702567666417096,0.17104048329676555,0.15792736322526216,0.1327419319616699,0.10857439363588832,0.013710167336462232,0.04269658992808869,1.0,0.2,0.5,50,10.01929268281873,51.45618765782664
8,30,0.14412990593613698,0.17808752348329887,0.17206598456522565,0.15881417140073006,0.15170417718439297,0.11036762885202411,0.012808670927122748,0.050854295998037494,1.0,0.2,0.5,51,10.060003005281567,48.80152521465643
8,31,0.1443985135863209,0.17766508535685216,0.17163715505927818,0.15889420539429158,0.1410860256114963,0.11097535285531768,0.012577296499104136,0.05051154990029718,1.0,0.2,0.5,52,9.913736926770335,45.54897388854799
8,32,0.12894859571899567,0.16144980034228176,0.15602066593019914,0.1454232728717763,0.12381944028370222,0.10946634460875329,0.002559925578571404,0.026968820744449267,1.0,0.2,0.5,61,9.966632636614843,48.14411894863345
8,35,0.12899839426281268,0.1551898667778728,0.14970272286085254,0.14040494347338556,0.132023455996481,0.11060708876528555,0.0025205465169788337,0.02697195972057919,1.0,0.2,0.5,66,9.776239166636348,48.48864699562624
8,36,0.12603502954015364,0.1517903828899156,0.14539031306505826,0.13308093303045512,0.122222779967056,0.10897590430539197,0.00227575368077972,0.024461815424158078,1.0,0.2,0.5,67,9.875522025724658,48.04575482773275
8,42,0.12423083706859299,0.1414583633682563,0.13710105347440094,0.13356648551356345,0.12486951933282621,0.10625963667556522,0.0011310020801548323,0.02976849332416446,1.0,0.2,0.5,82,9.651885089156348,39.249219423513246
8,43,0.11350238487944449,0.12840270144508198,0.12372126456095392,0.12499344973543368,0.11146804593505512,0.10010376097050773,0.0007415425532064149,0.02149675603863792,1.0,0.2,0.5,98,9.579911325646462,45.1720212872086
8,44,0.11427701965250167,0.12888577470777624,0.12420167180747772,0.12642609526260057,0.11230900213965943,0.10094337446692228,0.0007407084735049785,0.02146010820675473,1.0,0.2,0.5,100,9.557485910959045,45.21282450952391
8,45,0.11388386838210492,0.12730765871335695,0.1226127658273605,0.12511677056391088,0.11557414878964922,0.10074339235991954,0.0007457400996782078,0.02144806247605458,1.0,0.2,0.5,101,9.535141520241345,45.84602315699146
8,46,0.11137217910683632,0.1243958573540311,0.12030332308195935,0.1252782082370305,0.1098417976678327,0.10010682829232645,0.0006490627411122156,0.01791981939908677,1.0,0.2,0.5,104,9.40564224533605,47.36665756818832
8,47,0.1122900957931263,0.12444908717791636,0.12034870792809403,0.12529357076754113,0.11169305076903908,0.10052790135651697,0.0007016966374185454,0.01916483166231166,1.0,0.2,0.5,106,9.381480814759472,46.91419562702613
8,48,0.11118543620484923,0.12351045735649192,0.12001747548698279,0.12613400927470636,0.10915749165527075,0.10007824441168314,0.0006391448574826417,0.01788422889285371,1.0,0.2,0.5,111,9.400460080177275,45.683455873936985
8,49,0.11080891685938495,0.12308792379243412,0.11959450543265396,0.12603606556296576,0.10885591294220825,0.09975321280656799,0.0006318054400560647,0.017798691162175202,1.0,0.2,0.5,113,9.351761036765389,45.84574339966986
8,50,0.12023636827957901,0.1316714581541024,0.12695851584558668,0.13458765933246197,0.11908945153665093,0.10535219844006098,0.002341946567876376,0.02492340353335669,1.0,0.2,0.5,115,9.44971497740639,46.49625463424026
8,51,0.12045524042140694,0.1315351465576473,0.12712191236286857,0.1369989969295657,0.11886736573626103,0.10540336362035596,0.0026103285687130405,0.0252908794425937,1.0,0.2,0.5,120,9.415400133426926,51.49395183380544
8,52,0.11943220283091192,0.12958524485881054,0.12516362238453355,0.13696838614245277,0.11849377518902945,0.10445061252833224,0.0023757800099243145,0.02553366313683786,1.0,0.2,0.5,124,9.352217980873364,49.79988245104549
8,53,0.12015674573589802,0.12964409980716626,0.12491344600831294,0.1400316395123175,0.11879874273296358,0.1055885139733653,0.0023431340657733783,0.02489904002389751,1.0,0.2,0.5,133,9.368004141865663,46.08854621249263
9,0,0.9632993941798542,0.8942893014628068,0.8934595456337232,0.8897105196048011,0.0,0.0,0.0,0.0,1.0,0.2,0.5,1,209.8085151809085,1341.542105955278
9,1,0.985593342063997,0.9690090624822887,0.9680223264454869,0.963980909063718,0.12356984500438072,0.09466030442865976,8.412122249237467e-05,0.00010835683126481999,1.0,0.2,0.5,3,194.31831230576088,1254.2270293155111
9,2,0.9744107037414413,0.9983738996941711,0.9972531836355822,0.9932944155536594,0.1903598143284551,0.13956621988920687,0.0011058299896999928,0.00275084791023846,1.0,0.2,0.5,4,184.54202407483064,1083.628357454457
9,3,1.093841869330773,1.4013494112477893,1.3982115778017534,1.3865530458819892,1.547872115739002,0.23372061769381927,0.3370897385121663,1.0,1.0,0.2,0.5,5,75.73234245705936,204.12155201202543
9,4,0.8264971898568589,1.1403232297626853,1.1368598851838934,1.1246923884942897,0.6420659507070743,0.22509364863195006,0.1687541760285803,0.6454776429755692,1.0,0.2,0.5,7,64.62960007740821,172.86552824475257
9,5,0.6413332601212731,0.9482742460038206,0.9445849617801152,0.9300284694892632,0.643962246987843,0.16380506229883537,0.16128422613495896,0.5217244437141362,1.0,0.2,0.5,8,50.62948443728322,205.93465143568315
9,6,0.4465844350757277,0.739079965425587,0.7349512131336222,0.7193728409263985,0.3843999802079995,0.1570326924235247,0.08071729099868732,0.2610817671828862,1.0,0.2,0.5,10,41.19529554527364,171.53668633153814
9,7,0.4201540904102532,0.7020239189627434,0.6976681871290346,0.681806564440375,0.3791008923779815,0.1466108643116074,0.08178623106105178,0.26522825678885803,1.0,0.2,0.5,11,36.873556179723565,125.33882335388634
9,8,0.3853869439307678,0.6585265713921447,0.6540101707012685,0.6373389769771961,0.331401006312393,0.1494817719609663,0.067746262215356,0.2190519801546132,1.0,0.2,0.5,12,34.32607724048403,145.22020367861154
9,9,0.3731432476931893,0.6210587659292724,0.6164382617935694,0.5985904329789599,0.44025210627948164,0.136574313959784,0.08249703327664122,0.2678053179529865,1.0,0.2,0.5,13,27.614214170389577,86.09521778738893
9,10,0.3122647069487968,0.48268736138592705,0.47741839243127526,0.45585003564345195,0.6160852024787986,0.13125036744099347,0.07652268561860975,0.24658552731389743,1.0,0.2,0.5,14,17.556058212374914,81.66899078026444
9,11,0.2504295438840998,0.38528353854369857,0.3796355500478843,0.35722183716602984,0.29030199145070196,0.12828381450852072,0.05104775068630359,0.16446147039441703,1.0,0.2,0.5,16,14.643126875287658,67.73854356979051
9,12,0.22540050399643752,0.343193853291116,0.3373715408006698,0.31467563124940584,0.2330511252892945,0.1317878813288608,0.03810186710216902,0.12286530893988087,1.0,0.2,0.5,18,13.571235711845906,58.41108553429139
9,13,0.21638858427806526,0.30781039719797715,0.301727069599278,0.27875196634239374,0.246561986002312,0.12959459800965537,0.03816066103264171,0.12297791514152508,1.0,0.2,0.5,20,12.035386677551957,51.64762914212344
9,14,0.21024373166681243,0.2917879897346398,0.2859119801089614,0.2628249812127431,0.21247595023428603,0.12858633357326868,0.036584447882709724,0.11797927222989839,1.0,0.2,0.5,22,11.852184678800205,45.64380190530624
9,15,0.19709829610599205,0.27127358663048284,0.2653267900717168,0.24263639075385718,0.19639171024567326,0.1303287528639561,0.02928069808475397,0.09442276266392466,1.0,0.2,0.5,24,11.594077711925252,46.10380320550454
9,16,0.1959388244342208,0.26893277145484096,0.2626717536471763,0.2408412542145163,0.18439165771600197,0.13838342567334921,0.024367761402997932,0.07843654202344556,1.0,0.2,0.5,26,11.620139706622991,52.823199967405046
9,17,0.189935237508071,0.2622532798109794,0.25598581047925145,0.2345644800114005,0.17899090005020496,0.13047778237787194,0.025462755688500316,0.08209661955018341,1.0,0.2,0.5,27,11.49523488936276,45.99239955132013
9,18,0.19933015911995333,0.2701117684302974,0.26443555926481677,0.24312777138766895,0.18939173295709688,0.13207852373806178,0.029877557044832633,0.09666036931446044,1.0,0.2,0.5,29,11.334417227958737,47.22606186871687
9,19,0.1868568949238018,0.251558426374311,0.2458244000034409,0.22474220067513923,0.18581563398953096,0.1293369021718776,0.025724850634684247,0.08142944524840127,1.0,0.2,0.5,31,11.04584712197392,47.10465466504213
9,20,0.18665671942214823,0.2503894923324625,0.24464627359499014,0.22352872652974204,0.17855718573749235,0.1293369021718776,0.025724850634684247,0.08142944524840132,1.0,0.2,0.5,32,10.888013119176753,46.70596462272859
9,21,0.1780116437325871,0.23798164834731067,0.23220284279010867,0.21194621247424006,0.18038499586912898,0.12796917433903857,0.02205304444293676,0.06988321712136122,1.0,0.2,0.5,33,10.63453261939018,42.9015471819079
9,22,0.19274658642464404,0.250833038154663,0.2447334668983006,0.2283562703572074,0.1831095961668726,0.13525496190927916,0.026146793892901993,0.08386807557169243,1.0,0.2,0.5,42,10.972860565012688,39.008093332959646
9,23,0.1800800220505892,0.23375781623444503,0.2276168003220153,0.21217503142875072,0.17823272719934957,0.13228500012394265,0.021265770583633416,0.06817352812796337,1.0,0.2,0.5,44,10.798567058650711,32.31950084470035
9,24,0.18003716017065913,0.23326504462527148,0.2271198123465687,0.21223091026280594,0.17222073681563005,0.1324699251964056,0.021176629915406524,0.06792964280070254,1.0,0.2,0.5,45,10.75301648968572,31.67346387820936
9,25,0.17412329230345036,0.22739268041733793,0.22155086551655742,0.20682921716060135,0.16493180753235728,0.1318463287028406,0.018263794779548835,0.058533077064285066,1.0,0.2,0.5,46,10.780929211158206,38.21891666779186
9,26,0.17129064040616487,0.21804638035842622,0.21153769291383628,0.19791964346623137,0.16750188068671296,0.1361222765549533,0.014988982907650798,0.04805842559041304,1.0,0.2,0.5,51,10.371881292460596,47.09685543774293
9,27,0.1906779118259545,0.23612990598302286,0.22960901478535137,0.21567727814065432,0.18501297391327542,0.15794362341865492,0.014101554737466328,0.04403557462021286,1.0,0.2,0.5,53,10.5260642622691,45.49652265308643
9,28,0.17263346162991305,0.21161123319838412,0.20503016874632882,0.19196900239787684,0.17699224943954026,0.13555021192279346,0.01686435622918049,0.054017147690068636,1.0,0.2,0.5,55,9.912064940493607,41.05347721825866
9,29,0.17209761601494955,0.21024285751274835,0.20395699766958353,0.19161065999387814,0.16660482486054395,0.13537642877078507,0.016751883405758197,0.05367030923522402,1.0,0.2,0.5,58,9.900615937276289,39.97384512114795
9,30,0.19173926240525685,0.22868208800487994,0.2226881440919947,0.21162470322784155,0.18981804511401845,0.15778420111929092,0.0157529922657849,0.04900084106452524,1.0,0.2,0.5,59,10.387253866235044,30.4285873130571
9,31,0.19575589109310443,0.23092665997458625,0.2249163018752765,0.2125764963609094,0.19578837851199205,0.15100190370577632,0.02201781718022536,0.0687247829726657,1.0,0.2,0.5,60,10.201621424552275,36.18007881456404
9,32,0.1880050919156468,0.22043044883984084,0.21439475030371188,0.2037605361883786,0.19180384980402349,0.15734950605299955,0.014303059169156555,0.044580806717074324,1.0,0.2,0.5,61,10.220012697654,35.59599449963069
9,33,0.18544765737686603,0.2153920743993777,0.20933351890163662,0.19802327039475323,0.1887676425867353,0.15061623510136965,0.016662096071158993,0.052851175329833786,1.0,0.2,0.5,62,9.882443793156112,34.903699661779804
9,34,0.19004660633374515,0.21871328540715976,0.2126429885921954,0.20157225876841892,0.1895103493054424,0.1561076423531355,0.016464781746464603,0.05158504162521528,1.0,0.2,0.5,63,9.789384593965838,31.73150060368353
9,35,0.18990740255285243,0.2175686455882131,0.21179205281593566,0.20177950640908365,0.18893767789974508,0.15976992922678723,0.01445026021278256,0.045162504778581,1.0,0.2,0.5,64,9.895959290207804,30.857072216390154
9,36,0.19393228781953106,0.22153845211348341,0.2160642773220826,0.20770312821232317,0.1893444401491233,0.15388181810873008,0.02217725848156534,0.0619471605953044,1.0,0.2,0.5,73,9.868000108563404,33.76469947776748
9,37,0.16218574406354896,0.18739809850920208,0.18099307329875167,0.1749103467991257,0.15909856135528783,0.13779910118073396,0.011077359088797582,0.03577943456749494,1.0,0.2,0.5,79,9.669277646382872,37.54979115929935
9,38,0.17795905575656892,0.2033553414167953,0.1984668548897204,0.1932168799854655,0.174619810605164,0.14699604775463224,0.014858387153617638,0.04750951184259778,1.0,0.2,0.5,80,9.839909261086747,35.43378158796457
9,39,0.18996109575703876,0.21238573860490656,0.20777296372557702,0.20388567050468892,0.19138445254166345,0.1603646304924036,0.014752158200239274,0.04584159673432734,1.0,0.2,0.5,82,9.7771177841454,31.69631219652917
9,40,0.1767907982207876,0.19759602210712698,0.19266548034058653,0.19158193990937297,0.17460921214807465,0.14904738065005127,0.014327325043906524,0.042812740671537494,1.0,0.2,0.5,86,9.710867447656428,33.74384537002782
9,41,0.17255173606900248,0.19010709592391878,0.18635875618145153,0.18710552101311947,0.17369246873641067,0.14014609525916494,0.017474838349116,0.05205215987726528,1.0,0.2,0.5,89,9.448820417747417,29.665685020773928
9,42,0.17250068739165772,0.18912385718181984,0.18536701521128965,0.18639581783666667,0.171325444018405,0.1402620261815766,0.017465084055547836,0.052022258675518886,1.0,0.2,0.5,91,9.386441599794432,29.41772328451558
9,43,0.18655629811638086,0.19904483897995623,0.19494742545940819,0.19546176863213785,0.1979763297104623,0.15629466041078546,0.016783210883815257,0.04962744661869411,1.0,0.2,0.5,92,9.508260871962577,31.854654800603168
9,44,0.18282210239273425,0.1927356260207167,0.18891777915132366,0.19166632031076555,0.1833681141796146,0.15598365478964676,0.01499484138905442,0.044329838343659875,1.0,0.2,0.5,96,9.42171957364348,30.82859783525525
9,45,0.18155471446929375,0.19070949888770167,0.18779371341511886,0.1923534550786389,0.18052933068761773,0.1596225900229626,0.011114844080037526,0.0363882196306559,1.0,0.2,0.5,103,9.471722807230478,27.45908007713377
9,46,0.18285361848024356,0.19175962439102476,0.18884158153412794,0.19529659446750627,0.1814947452449265,0.15555755692776713,0.014938662091837885,0.045663148818503044,1.0,0.2,0.5,110,9.122315744074598,32.180545894941865
9,47,0.18455083822447116,0.19337972960872782,0.1910668937284408,0.19852399720480582,0.18326336441798075,0.16267800140793823,0.01112496068764319,0.03642456792725446,1.0,0.2,0.5,116,9.23034681209981,28.479437246664418
9,48,0.181308784772381,0.18875010647573284,0.18672771674047295,0.19645499483645654,0.18172561225878053,0.15949307813447672,0.011144737821567965,0.0367532305258278,1.0,0.2,0.5,119,9.318189211248278,29.18502403736161
9,49,0.18302857491979982,0.1892217314583325,0.18718804695574445,0.19686060039692097,0.18615269173110882,0.1614418891811113,0.011130428066395021,0.03668143102452093,1.0,0.2,0.5,120,9.27625437194582,28.84492692987238
9,50,0.1823602466124127,0.1857514969180997,0.18429841827566182,0.19682967208174834,0.18320347339645202,0.1613079011152899,0.01110172977885853,0.03652422260106986,1.0,0.2,0.5,127,9.136157497205913,28.35503091519633
9,51,0.17772774635991576,0.18033923766886378,0.17887911099869144,0.19404333957317516,0.17770681209214106,0.15630565963171408,0.012480248752309272,0.03694621734711699,1.0,0.2,0.5,133,9.05333690266913,29.583515600832108
9,52,0.17563720511975991,0.1779287406016457,0.17798066600567464,0.2065589466986065,0.17537792470904068,0.15415494356396137,0.012648732247662295,0.037227678247019544,1.0,0.2,0.5,165,9.004596208672975,29.0508784335288
9,53,0.17734082740795135,0.17812207628265525,0.17816036062894652,0.20738044845427728,0.1797246360472028,0.15612147826329395,0.012438795893541169,0.03723311877842186,1.0,0.2,0.5,167,9.04040865474094,29.84634823435727
9,54,0.17525661746688698,0.17578224281692292,0.1758182512714398,0.2036243899246855,0.1752160285786508,0.15566950927152906,0.01153691340364153,0.03440476330883626,1.0,0.2,0.5,190,9.201120777098737,34.07250284647592
9,55,0.17520752630854303,0.17559597154412684,0.1753276936602825,0.19744248118892882,0.1751762168518702,0.15562723843189138,0.011536842211023014,0.034405091066740515,1.0,0.2,0.5,194,9.203270807370382,34.074196513407124
9,56,0.1772919173625228,0.1775155569660843,0.17724580295642695,0.2014884341265677,0.17751822647415094,0.15772525067023063,0.011521365181201965,0.03443255849991181,1.0,0.2,0.5,196,9.136352688164006,34.326812076221195
9,57,0.17496555990679016,0.17496555990679016,0.1749968103050739,0.2006390473070006,0.1754838836634309,0.15544598189493616,0.011535103549547374,0.03442511460388905,1.0,0.2,0.5,198,9.14040658557644,34.11030524424859
10,0,0.9293631093956363,0.8851018437849169,0.88420008437154,0.8801754794098869,0.0,0.0,0.0,0.0,1.0,0.2,0.5,1,243.04278526694745,1327.0991075282952
10,1,0.9524748761349051,0.9546560225074631,0.9536088414681794,0.9493371196413448,0.1147754549042388,0.08800537456430561,8.353797716083603e-05,0.0001061914253493,1.0,0.2,0.5,3,227.89234374698367,1315.605015102864
10,2,0.7391898755309658,0.9691664684064987,0.9670242900039812,0.9587779859541936,0.6441828787713184,0.09958912468290779,0.08578365212301,0.2507052094012256,1.0,0.2,0.5,4,138.58687077456702,811.2534433081811
10,3,0.6252310195824999,0.8760612415026481,0.8737407606959788,0.8655675614677953,0.20444796363300627,0.10023805433248392,0.04299753102389019,0.12574569000087005,1.0,0.2,0.5,6,127.4658097692974,775.5724404936092
10,4,0.6174259980675613,0.8902650824682568,0.8877103862202944,0.878276318332475,0.30176242868284087,0.09910777278146776,0.07154434681833444,0.20467685503675298,1.0,0.2,0.5,7,115.828347663142,627.5311506366819
10,5,0.603961598397003,0.914630898253814,0.9110953510219721,0.8971321997993518,0.8782342222610293,0.13885094552260852,0.15890095152380906,0.46612141112340133,1.0,0.2,0.5,8,59.13053229240319,255.61773377835925
10,6,0.3619057833984819,0.6348344175758517,0.6302662378430206,0.6130214181574557,0.4511465830525958,0.12251368549622903,0.07980615924244769,0.23397629849922347,1.0,0.2,0.5,10,34.87266011840084,159.7295378852615
10,7,0.31503526344985144,0.5576129151782644,0.5525202086837021,0.5336695642163537,0.3600696570286181,0.11070920542692979,0.08076601586773575,0.2364086340535386,1.0,0.2,0.5,12,24.924967727120777,107.60083273914348
10,8,0.2844293611683572,0.4469914455366215,0.44133365011045456,0.419310572175951,0.3784111559234019,0.11070920542692977,0.08076601586773575,0.2364086340535386,1.0,0.2,0.5,14,17.78046364274904,75.80027026562342
10,9,0.22250450928633275,0.3498394961785113,0.34381145920744616,0.3209611624318809,0.2630742593276393,0.10526191483876797,0.054071492825562006,0.15802756791965156,1.0,0.2,0.5,16,14.626207739234228,45.919809308183474
10,10,0.21482169329122908,0.322175977618395,0.3159467005222676,0.29297282696629057,0.23000669434600762,0.10536491732438047,0.05254636730735547,0.1543766476970489,1.0,0.2,0.5,18,12.905092779608337,41.50353095636863
10,11,0.19096460371640447,0.28566651441012714,0.2793125253883013,0.25649694760206276,0.1953520338486661,0.1066429476082325,0.03942798323703295,0.11583691825120224,1.0,0.2,0.5,20,12.267864114358426,38.96455749319696
10,12,0.19093736796128036,0.2855286928763564,0.2791735994522443,0.2567729353417701,0.17284385090976095,0.10664294760823252,0.03942798323703299,0.11583691825120228,1.0,0.2,0.5,21,12.261601214592776,38.92209614959658
10,13,0.1909605224936501,0.27907450458341054,0.2726562994319763,0.2500433997754212,0.1972270900990928,0.1083292218330166,0.03934169888566639,0.11568029206017201,1.0,0.2,0.5,22,11.96789885350289,41.90880374169571
10,14,0.19004849383666256,0.27806158583086954,0.2716423783598534,0.24946100668324064,0.17350746338007303,0.10731275899066657,0.039409990318202956,0.1159095136111898,1.0,0.2,0.5,23,11.863822711419363,39.95478905440196
10,15,0.17953237253596743,0.26350473221788123,0.2570464016397773,0.23494780231313617,0.17797985824278456,0.11099175322998316,0.03148710828341834,0.09258672642479357,1.0,0.2,0.5,24,11.530731562696658,41.210099938934334
10,16,0.21118727106393823,0.2841863756526476,0.27762252620243816,0.25534906473059077,0.23642061826259209,0.13010275263988286,0.04095901102011929,0.11881691356397887,1.0,0.2,0.5,25,10.717555064501198,35.99960256664879
10,17,0.24765150914674616,0.3148978449974951,0.3091879384987266,0.28954801372590433,0.23847090132558885,0.15705024386338856,0.042985869562267624,0.13962215919132823,1.0,0.2,0.5,32,11.307638162713374,55.06250635590307
10,18,0.23203372892061286,0.2916749767313062,0.28589307801861713,0.26727484683746966,0.23462758619785573,0.15279933678963092,0.03761088404645692,0.12217695324544262,1.0,0.2,0.5,34,10.848469841498256,57.94679352174479
10,19,0.22100638532773076,0.2741724373193175,0.26832962291490037,0.24996488877766343,0.22286511126057118,0.15063958848274034,0.033461755446426406,0.10867616119333542,1.0,0.2,0.5,36,10.485410618771684,42.95346068663228
10,20,0.22081827836295267,0.27177552859715237,0.26621494967600623,0.24892038990282017,0.21587197142424516,0.1509064339133022,0.03345392123433413,0.10865897037953194,1.0,0.2,0.5,38,10.390215767215704,42.71322938901933
10,21,0.23015999774529378,0.2810676903630103,0.2755066195358033,0.2577174751485907,0.2214509899423962,0.15255455324459286,0.037751571109208085,0.12234647962749443,1.0,0.2,0.5,39,10.58177831614925,50.52880601527957
10,22,0.21952287851040403,0.2655592496096766,0.2599526690246536,0.24277124181607884,0.21992245235691837,0.15047427301131877,0.033560188798694476,0.1087627059677797,1.0,0.2,0.5,41,10.179256331779298,42.944407093942765
10,23,0.21976323936463632,0.26549637431432427,0.26018990262913727,0.24346687704764733,0.2125546216111082,0.15081039984861436,0.03354544128955726,0.10872457590810714,1.0,0.2,0.5,43,10.183026847912505,42.712478165446456
10,24,0.23874915387647908,0.2820659656811728,0.2758281212975547,0.26058699578818284,0.23249302906852246,0.16627717726501964,0.03554831304301843,0.11576268609326516,1.0,0.2,0.5,49,9.849439617322462,44.31349109010525
10,25,0.23118940479550212,0.2737019060336139,0.2674566174583442,0.2508355753770066,0.22523006178833788,0.15076002932770077,0.04002626834138681,0.13018362579469217,1.0,0.2,0.5,51,10.16273637325991,53.16513920019513
10,26,0.23368891551881021,0.2751440400445153,0.26888890215337047,0.25277027297027355,0.23015596796129492,0.15345617156259336,0.040024426841162995,0.1301798108223487,1.0,0.2,0.5,52,10.009297863937682,53.262532792749546
10,27,0.23353870359809267,0.2741714665297358,0.2679087100527726,0.25122065173840946,0.22934876627267511,0.15345617156259336,0.040024426841162995,0.13017981082234875,1.0,0.2,0.5,53,9.961664508802013,52.90801122506961
10,28,0.22382231487514725,0.2622429964907953,0.2559596924342998,0.24028164798643464,0.22481960524557812,0.1522579848264306,0.03558038999913902,0.1157295066248057,1.0,0.2,0.5,54,9.941600343880571,49.822072031072864
10,29,0.22444620522975747,0.26006145572440603,0.25405525756587044,0.23926334973026853,0.22327776151119064,0.15327408537076104,0.03564210603029588,0.1159534496410763,1.0,0.2,0.5,56,9.74035653738175,49.43704468640571
10,30,0.22469647168589055,0.25994153255836105,0.25393189557299,0.23968645376616723,0.21994842473561088,0.1534551815967291,0.03571877820417136,0.1161923225543825,1.0,0.2,0.5,57,9.68613729877547,49.24269861113317
10,31,0.22203195872773787,0.2527280209259279,0.24667639477858405,0.23444412423298686,0.23223929748197794,0.16350310328342624,0.02919318023219504,0.09497352105178498,1.0,0.2,0.5,58,9.290557697527184,46.60575810031239
10,32,0.2430295716096357,0.27327743551246886,0.26782753276081234,0.2580635540902202,0.23823822466681163,0.17277786791061245,0.03566291513255803,0.11604875001796681,1.0,0.2,0.5,65,9.148040444904376,65.47842477855819
10,33,0.24623253001258935,0.27543422489727426,0.2696718024047554,0.26059817845804273,0.24291779429502872,0.17614214158729372,0.03566214255699175,0.1160559874934733,1.0,0.2,0.5,67,9.080639292302452,66.76600882709637
10,34,0.24604414023779334,0.27382422189087674,0.26835162500695364,0.258541417591715,0.24392466722845554,0.17619498356277186,0.03568112083535917,0.11608368823899355,1.0,0.2,0.5,69,9.026525720488534,61.69930483877811
10,35,0.2463755679015221,0.2741425937309162,0.26866991226204007,0.260644925321736,0.24175264594741294,0.17668305901313114,0.035593521292489244,0.11581008457071851,1.0,0.2,0.5,70,8.957951264433605,61.94393455245558
10,36,0.24367455896034487,0.27111271923969604,0.26563700757584086,0.25790470047873093,0.24016921107032177,0.173904511987957,0.03565544012197035,0.11605228286556968,1.0,0.2,0.5,71,9.018424835255509,66.96690285845496
10,37,0.23585487477137737,0.2609536392579124,0.2551535216120075,0.24773609562950175,0.23920354179806136,0.17297411125035797,0.032094225766871286,0.10445984484773514,1.0,0.2,0.5,72,8.911203709771844,66.04648673715306
10,38,0.22247517932263342,0.2469970358054662,0.2427064041930207,0.2397473185834942,0.21866252328182023,0.1651206928933924,0.028782337922449833,0.09507686318152776,1.0,0.2,0.5,86,8.895064872110842,41.53398916718025
10,39,0.22264842778342103,0.24551913890266827,0.241213370997133,0.23853485570993688,0.22164014749497793,0.16556000727129438,0.028804404387784952,0.09508646423253424,1.0,0.2,0.5,88,8.820093172534305,40.88927936461244
10,40,0.22264513275944578,0.24558602805266805,0.24158393087228378,0.2400971894927075,0.21889750502031768,0.1655600072712944,0.028804404387784952,0.09508646423253424,1.0,0.2,0.5,90,8.817996041376777,40.88482957148675
10,41,0.22221821754871898,0.24383114778254772,0.2398168862723175,0.23892528422616832,0.22311752125332032,0.165288602125799,0.028827068770216062,0.09520580737143068,1.0,0.2,0.5,91,8.757066597478072,41.05633112779667
10,42,0.22302986169838152,0.24342082680171756,0.24000128289862138,0.24271733840299253,0.22012665439513235,0.1651266897530948,0.02985298631628792,0.09720324711952513,1.0,0.2,0.5,102,8.838372078076606,41.824432482072005
10,43,0.22298791180133343,0.24321224867694824,0.24009421768248718,0.2440580305916757,0.2201288739464568,0.1651266897530948,0.02985298631628792,0.09720324711952508,1.0,0.2,0.5,104,8.815984523164614,41.74241698023438
10,44,0.22322608196498372,0.24259945682912795,0.23947361817287632,0.24442305985515245,0.22292895254075792,0.16551096254693437,0.02984528483418443,0.09719180084204863,1.0,0.2,0.5,105,8.847309905605625,41.804178682421885
10,45,0.22363101399763397,0.24203646588947925,0.23920476213429476,0.2440856819568534,0.22419648740660647,0.1660980121391583,0.029876494945806388,0.09715856482405356,1.0,0.2,0.5,106,8.76110983733833,41.552778806836606
10,46,0.22675613505359676,0.2443493337078983,0.24120729498366383,0.2460417110724452,0.22631253755466396,0.16929981931913946,0.02989517286924599,0.09723116874586987,1.0,0.2,0.5,107,8.589403102381517,45.0680829196801
10,47,0.2275598739665285,0.24519344140309524,0.24235469243612173,0.24786196856123027,0.2248727468028342,0.17013287186278658,0.029877991223059244,0.0971954599671028,1.0,0.2,0.5,108,8.649108707518904,45.091962448910266
10,48,0.2273373311984282,0.24490020096546117,0.24206081757677778,0.24789220302447412,0.2247316744393797,0.1699154187996123,0.029884761311844255,0.09720536763234014,1.0,0.2,0.5,109,8.630429082310343,45.13414715269509
10,49,0.2454160349755656,0.26129137459507545,0.25964849033435805,0.269568354938824,0.24335863629095283,0.1773141502014516,0.03405916260806297,0.11755229881051792,1.0,0.2,0.5,124,8.573396581177372,63.979356141059576
10,50,0.22249006744127442,0.2375912248248361,0.23715316782702037,0.26158528490862065,0.2202750398135796,0.16660808910702238,0.029057563831955208,0.09547404627327588,1.0,0.2,0.5,156,8.710935095284343,39.65038410256446
10,51,0.22237614933803912,0.23745237876610809,0.23731700687508517,0.26213823063309366,0.2202528280342555,0.1665113328990083,0.029058376572421427,0.09547585572704101,1.0,0.2,0.5,158,8.712344689876112,39.664397432678086
10,52,0.2230484625161659,0.23807898789197943,0.23885211765804854,0.27311379906671035,0.22082909583298335,0.16575687110216075,0.03003229994336271,0.09803986655353648,1.0,0.2,0.5,181,8.759704854139683,40.01524567877305
10,53,0.22267159134266012,0.23752599394558727,0.23890348485746934,0.27670478086832656,0.2207602001224027,0.16562154261829062,0.02989349316581099,0.09772503022321706,1.0,0.2,0.5,185,8.725916698534094,40.090843357865886
11,0,0.9614517036883364,0.8937974332848848,0.8929638027407736,0.8892001286602014,0.0,0.0,0.0,0.0,1.0,0.2,0.5,1,213.8377028396203,1315.7916634610342
11,1,0.9867105412845913,0.9713953820327417,0.9704046165983635,0.9663479763291255,0.12649454111992078,0.09755802682151808,8.420924006418662e-05,0.0001072235341654,1.0,0.2,0.5,3,197.92046435239524,1229.1285350943042
11,2,0.6054483370572226,0.8461039624664083,0.8441791794630978,0.8365100904618986,0.5844814047953101,0.12525097002510238,0.0026734560174357432,0.00830275653057882,1.0,0.2,0.5,4,109.4115862929295,542.5658354336056
11,3,0.47426085975583343,0.773817684082681,0.7711335656841081,0.7605624094509371,0.29383055232922206,0.14287273296222858,0.004926302442963051,0.021096109957108332,1.0,0.2,0.5,6,72.6846867125563,8116.862898393702
11,4,0.4240917363560695,0.7322713495757053,0.7293174807194266,0.7185669727413494,0.19672686307531909,0.14138343568295877,0.0025042672511634773,0.01065207147882055,1.0,0.2,0.5,8,64.04197413922351,8086.800499723243
11,5,0.4115965881875139,0.720426771555009,0.7177487610766762,0.7071881985404569,0.1490759097357349,0.12065229195562074,0.013749390689476441,0.030886789386661152,1.0,0.2,0.5,9,61.4013897357344,8202.887949781107
11,6,0.33302579295776574,0.6411743558000612,0.637537777509446,0.6247373437226894,0.38385256438233883,0.13637781746620814,0.0031201114554672473,0.01220930881428289,1.0,0.2,0.5,10,46.25253045795158,8027.2252158993215
11,7,0.31921455070935095,0.624393891420001,0.620627528150466,0.607913133919556,0.1906631600652883,0.13562326539499933,0.0034678216420086436,0.01308853651606012,1.0,0.2,0.5,11,43.33643062926421,8018.524075317855
11,8,0.25213682894299133,0.5339906564485026,0.5296304646598765,0.5144244982853384,0.3469086340980338,0.12331429669192732,0.0024785110427509,0.00860865412085038,1.0,0.2,0.5,12,32.772848922030576,7661.222900721043
11,9,0.24413515886591108,0.5198804737576216,0.5157126983821044,0.500741906550599,0.14798710884943259,0.12331429669192732,0.0024785110427509,0.00860865412085038,1.0,0.2,0.5,14,31.239265827102816,7616.374200040533
11,10,0.1971433246863413,0.4293387746342996,0.4245036523150193,0.408096007898817,0.3701077068358912,0.11350269523414169,0.006117670312698037,0.01574136310903131,1.0,0.2,0.5,15,23.63591195488065,185.705573352373
11,11,0.18942783616581083,0.4090130868802351,0.4043215191882318,0.38805493551411363,0.15079463773297058,0.11350269523414167,0.006117670312698037,0.01574136310903131,1.0,0.2,0.5,17,21.89836719038217,177.5977978053815
11,12,0.18851367014625878,0.40732209287011284,0.402318062464825,0.3861656429923987,0.1253165663926293,0.11295338947351907,0.006147099939658034,0.01584473134951523,1.0,0.2,0.5,18,21.79204267437799,177.23205827119585
11,13,0.18612221878799978,0.40326466967370034,0.39854239591564056,0.383097309495811,0.12884716950537453,0.11348346895571174,0.00489798090293111,0.012611214677671869,1.0,0.2,0.5,19,21.61474370372702,173.943408861581
11,14,0.22450356232566707,0.4410269393030201,0.4359941985275157,0.41858631846776273,0.16189755847591758,0.1471113322957412,0.006011928679896856,0.022303476904460807,1.0,0.2,0.5,20,18.81570087827576,56273.24132826828
11,15,0.20335435685774408,0.4018623153662319,0.39721580149144425,0.37981118239350253,0.2296346953675357,0.14328677446503568,0.002247407557465558,0.00914024636839424,1.0,0.2,0.5,21,18.42686628768761,7978.27040858878
11,16,0.19231791035484191,0.3828076909924468,0.3780676030195155,0.3609890718545873,0.1583339456666103,0.13696105032961886,0.0019113237590147906,0.0076666848787557305,1.0,0.2,0.5,23,17.72938173958511,7861.588813308572
11,17,0.19160289593469232,0.3806471978163707,0.3761933501773055,0.35934937949139906,0.14440188880050386,0.13696105032961886,0.0019113237590147906,0.00766668487875574,1.0,0.2,0.5,25,17.51177969999565,7879.4674813398115
11,18,0.19252862843962162,0.3688506809956745,0.36425184942513106,0.3477801292120417,0.20181590857554224,0.1423329409527469,0.002541243271639753,0.01002462080300428,1.0,0.2,0.5,26,16.956501585181087,7718.000071724407
11,19,0.19085643885253845,0.358174515597996,0.3531741085882812,0.3358169680006678,0.18487852151501763,0.14289791847396144,0.0031276885331736576,0.0123856506381734,1.0,0.2,0.5,27,15.725223281374342,7857.894731638076
11,20,0.19075772553270148,0.35782539115147954,0.3528223261658001,0.33545454056952334,0.15072187570248335,0.14289791847396144,0.0031276885331736576,0.0123856506381734,1.0,0.2,0.5,28,15.690046891217987,7860.771853684727
11,21,0.18476779716321282,0.3398681405559874,0.3347355809535375,0.31758956183369746,0.19576784434378472,0.14277251398771848,0.002514521863788228,0.00994278496983079,1.0,0.2,0.5,29,14.695305111157232,7806.543063387166
11,22,0.18425898927286455,0.3391860961210076,0.3340516933979908,0.31721836205665416,0.14814065847985244,0.14245132788105258,0.002427661162798546,0.00972764039543685,1.0,0.2,0.5,31,14.80233974592205,7782.25916137366
11,23,0.18080572180967222,0.33098079113731765,0.3257958571933988,0.3091763915109222,0.16460328622631812,0.14145695342238732,0.0021057695172194595,0.00831803672683059,1.0,0.2,0.5,32,14.296461545635132,7734.36610101771
11,24,0.18043587135406106,0.3198113201551154,0.31511884353382136,0.29993366957648704,0.19168105481588257,0.14425258010732228,0.0022584731488420632,0.00932799681785553,1.0,0.2,0.5,33,14.115531482708954,7884.908824499596
11,25,0.17301324536399,0.29266352427148895,0.28776892267873044,0.27153692006592106,0.18505503694435005,0.14256414330627684,0.002434659373933638,0.00981901446706664,1.0,0.2,0.5,35,12.761712051887416,7835.239835201186
11,26,0.16826723750151687,0.27738280755113187,0.2723826281458628,0.2565226074809103,0.16552917025946262,0.1416994759187576,0.0019987476372598013,0.00807093496481835,1.0,0.2,0.5,37,12.080154508442808,7837.245166225958
11,27,0.16253447504983884,0.2531912318145391,0.24800929176770453,0.23252298648473832,0.1785109544965162,0.14111574635329513,0.0018040150616874318,0.0072431047202904,1.0,0.2,0.5,39,11.556180405810933,7743.318965912416
11,28,0.16078397132009956,0.2461253502702308,0.24089189418066367,0.22600284375992266,0.1540352004275768,0.14110272882079558,0.001586255039268607,0.00636200198535556,1.0,0.2,0.5,41,11.192545561192908,7676.263573028936
11,29,0.16073933543694865,0.2459770690664863,0.2410454701582967,0.22714296610506052,0.14494119791437104,0.1411027288207956,0.001586255039268607,0.00636200198535556,1.0,0.2,0.5,43,11.180077232735748,7676.673697068069
11,30,0.14252909060236207,0.2166978182431616,0.21196274158381326,0.19718141378523885,0.1682948083896498,0.12506719800613236,0.002186182896805553,0.00680582493950387,1.0,0.2,0.5,44,11.086218785642922,7559.895546117673
11,31,0.1543022667217278,0.224977832788282,0.2202093850564157,0.2061912212883721,0.15368559039282317,0.13744491132607467,0.0019062894247206554,0.00722178954436589,1.0,0.2,0.5,45,11.09223662305549,7696.358382030239
11,32,0.13958701651578365,0.20950093555023508,0.20472522466248366,0.19090048694808065,0.12954999246372456,0.12346588302158978,0.0019454162695414865,0.00605974090776918,1.0,0.2,0.5,46,10.981133189280296,7553.077750385109
11,33,0.141343378368189,0.21009430008669716,0.20530750392787742,0.1912193984577406,0.13295537985926154,0.1250491469537731,0.0021913635951164977,0.006802861394627791,1.0,0.2,0.5,47,10.78012888214776,7543.412661046105
11,34,0.16582191976619146,0.22820375808928658,0.22335659074464417,0.21081893133511379,0.16209224250764892,0.15091792581733765,0.0018646338960424363,0.00680978782583788,1.0,0.2,0.5,50,10.531958371604704,7788.570339038496
11,35,0.1664440626791223,0.2283051329627343,0.2234530146602321,0.2117874403959858,0.15725940533113844,0.15157713739136944,0.0019172018349031222,0.00693070874478442,1.0,0.2,0.5,51,10.569440638108397,7766.106844033987
11,36,0.16410545240102586,0.221684093176386,0.21679158111713998,0.20522680256829492,0.1613545606794695,0.1505218494714222,0.0017071230635359962,0.00617449701799455,1.0,0.2,0.5,53,10.480089238292395,7760.625745872204
11,37,0.1602725057403791,0.2161394051564984,0.21123083111718535,0.20106715660572005,0.15341222849819128,0.1473306089500114,0.001542690303357788,0.0056365542319302495,1.0,0.2,0.5,55,10.164021248970894,7705.790081087222
11,38,0.16489491648417023,0.2159887772683077,0.21103536239290316,0.2007006244080236,0.17245411953761106,0.15288982434605075,0.001540018951757291,0.00562776611405522,1.0,0.2,0.5,56,10.06826343258997,7768.648964066913
11,39,1.1857684047537602,1.2345056171129276,1.2298331137626237,1.2208068008414428,1.1794542980996416,1.0,0.0016093219468805427,0.3540637045964065,1.0,0.2,0.5,60,10.089820469511135,7785.678644763104
11,40,0.16349154112678937,0.21249275216135172,0.20873152550965388,0.20244891212514357,0.15508195866352628,0.15195208077791628,0.0015419721024647472,0.005635308477687289,1.0,0.2,0.5,66,9.942730509872828,7768.36962374071
11,41,0.1477270248281975,0.19582133765019977,0.1902339916492811,0.1842348977147452,0.14064023075400844,0.13644545640665867,0.0014289832509784633,0.0053039814428222695,1.0,0.2,0.5,67,10.090737048938054,7974.366410714109
11,42,0.14768737147846084,0.19566250888009523,0.1903769542841005,0.18580605253288376,0.13974155903851396,0.13644545640665867,0.0014289832509784633,0.0053039814428222695,1.0,0.2,0.5,69,10.0893380552603,7972.903235712391
11,43,0.15407423094687128,0.2012933042218538,0.19600071346398504,0.1923158741376016,0.14850503398519835,0.13697759932253717,0.0020846757614239354,0.01703736935478662,1.0,0.2,0.5,70,10.009915575048042,8000.375872010099
11,44,0.1461256019214754,0.18880995431214276,0.18347514357263567,0.1793245284104962,0.15431988486541648,0.13594050811187333,0.0014033736651993844,0.00517940633784935,1.0,0.2,0.5,71,9.771623763994226,8393.670405455689
11,45,0.14552173418880468,0.1867253967143536,0.18137679868239626,0.1784180716598099,0.1410047562258576,0.13585616597192002,0.0012832430965238875,0.00473233553662576,1.0,0.2,0.5,73,9.72986840884249,8413.57081102354
11,46,0.1454923800470982,0.18665838328748588,0.18130944611918928,0.17834937197978193,0.13858509890557144,0.13583088300760676,0.0012850249024621758,0.00473728882488366,1.0,0.2,0.5,74,9.730539698253246,8413.502190742298
11,47,0.14528761448578126,0.18523351248057193,0.18017628396016164,0.17865155079274128,0.14072248444768062,0.13588979825890857,0.0012728748759850306,0.00469238515976812,1.0,0.2,0.5,76,9.60786223725186,8400.966955511654
11,48,1.0213731087001552,1.0562223453116033,1.0514208435717323,1.0534182399974752,1.0169754722354574,0.5152660916222408,0.001199174276734372,1.0,1.0,0.2,0.5,88,9.456164325397502,8394.536050844592
11,49,1.022527260850954,1.0555179776705197,1.050699300197341,1.0526311412369087,1.02328516832388,0.5167464593081237,0.0012027763908764024,1.0,1.0,0.2,0.5,89,9.312905286064142,8393.46386806379
11,50,0.9126770236747943,0.9438646638738242,0.9387264371395088,0.9406276454508942,0.9132279443877295,0.40719332196384295,0.0012090281511021599,1.0,1.0,0.2,0.5,90,9.11397773691894,8396.039959139083
11,51,0.9126770236760839,0.9439546697734296,0.9391202193715846,0.9425642217555814,0.9074351684369963,0.4071933219638429,0.0012090281511021599,1.0,1.0,0.2,0.5,92,9.113977735202957,8396.039959389003
11,52,1.0214070377849405,1.0518435378955902,1.0466983958906044,1.042970381910985,1.0188349920461803,0.5160535739536874,0.0012083841576044226,1.0,1.0,0.2,0.5,93,9.295535494827636,8381.38496303129
11,53,0.7363575478501562,0.766433098999683,0.7618905430102635,0.7655806957435354,0.7319534073525821,0.23109435662391511,0.001227034805240792,1.0,1.0,0.2,0.5,96,9.032021603401398,8389.097811425161
11,54,0.7398827916373751,0.7673515302336592,0.7627850050345838,0.7679721139703333,0.7382433932098391,0.23505963948356393,0.0012577420914075279,1.0,1.0,0.2,0.5,99,8.956894884777247,8400.446494575306
11,55,0.7408502587357122,0.7678896797076686,0.7630162455974,0.7688276932789553,0.736903167465327,0.23608274804603174,0.0012654791408935344,1.0,1.0,0.2,0.5,101,8.932897653903236,8399.61714680054
11,56,0.7405295737033084,0.7674638536371987,0.7628924163014201,0.7696490534828146,0.73626758363876,0.23579550910601363,0.0012638485671470688,1.0,1.0,0.2,0.5,104,8.951010140646389,8395.176926016784
11,57,0.7405201149120003,0.7674886404181447,0.7632204320929857,0.7709326686229938,0.7362363524157285,0.23579550910601363,0.0012638485671470688,1.0,1.0,0.2,0.5,105,8.940712136604049,8396.172364972761
11,58,0.9871600923438931,1.0139925395600518,1.010026123135305,1.018693342661272,0.9829805971740426,0.48249350812888575,0.0011652813147500017,1.0,1.0,0.2,0.5,108,8.953078619630341,8379.564514530446
11,59,0.7365921507964939,0.759454057517932,0.7551481869276138,0.7648601292281536,0.7393393558136448,0.23239558940135394,0.0020686667811471208,1.0,1.0,0.2,0.5,110,8.837604425456151,8383.276687741436
11,60,0.7375815155176877,0.760169224213431,0.7558608651180938,0.7665164699500313,0.7340749487818278,0.23342527452636702,0.0020949099009821693,1.0,1.0,0.2,0.5,114,8.839580099427002,8383.627266879808
11,61,0.6418268280696634,0.664363477598507,0.6603576657164953,0.6718852656514548,0.6383491685607896,0.1377052995552639,0.0020378533960679493,1.0,1.0,0.2,0.5,116,8.847681787947263,8393.854721817004
11,62,0.7371038578890372,0.7581866893745584,0.7535616543166481,0.7662763978400812,0.7378775552390213,0.2332112450303403,0.0019448963131978188,1.0,1.0,0.2,0.5,117,8.768190775638532,8389.041464717431
11,63,0.737820341785743,0.7570552570654131,0.7524133449775898,0.7653843591383698,0.7408185436286944,0.2343283770886257,0.0014553183800791656,1.0,1.0,0.2,0.5,118,8.743492856079188,8385.93671601187
11,64,0.7368944053204673,0.7562038145611167,0.7518654643862828,0.7660461080289673,0.7337063515398123,0.23330683382433737,0.0019458864780032355,1.0,1.0,0.2,0.5,123,8.764212465314301,8387.400541144263
11,65,0.7365544851744923,0.7551007712092919,0.7507554928882183,0.7661925919539807,0.7343327794619817,0.2332067876476723,0.0013674707023851114,1.0,1.0,0.2,0.5,126,8.795491298505079,8374.616989854767
11,66,0.7378371815917151,0.7561886822547922,0.752144648813319,0.7674988277030104,0.7357635587699378,0.23442402262820816,0.0019259104838390412,1.0,1.0,0.2,0.5,127,8.780760056950406,8369.548252877323
11,67,0.7360770085924321,0.7544998196913602,0.7510623312643943,0.7688224772871195,0.7331185668553386,0.23276678720370478,0.001499251328947159,1.0,1.0,0.2,0.5,134,8.703902738142185,8393.428372385466
11,68,0.7375691906863562,0.7557962761629005,0.752962966942863,0.7734752410394433,0.7347769914454498,0.23431368256263768,0.0015299046505208994,1.0,1.0,0.2,0.5,142,8.62338760882134,8390.12066620978
11,69,0.7396564580849349,0.7570580774699482,0.7542172317341396,0.7750328153443377,0.7396027212692159,0.23653661594760478,0.0015176736896192692,1.0,1.0,0.2,0.5,143,8.599672900395216,8390.570779517697
11,70,0.7410990522942942,0.7583104097948694,0.7557707623783378,0.7773049511494747,0.7386405312736954,0.23805611187467507,0.0013587882918780045,1.0,1.0,0.2,0.5,146,8.64218837324986,8387.464240456993
11,71,0.7356984293673045,0.7518602635253646,0.749614005455571,0.7737274909845626,0.7336544922741155,0.23277994696614682,0.0016504181689700652,1.0,1.0,0.2,0.5,153,8.621746461311705,8392.261933924367
11,72,0.734714450999445,0.7507329467499798,0.7484853976102427,0.7747488032647479,0.7322691643025862,0.23184593552620938,0.0015153913064474848,1.0,1.0,0.2,0.5,157,8.658547699958284,8384.376150836626
11,73,0.7351449480820181,0.7508411733659586,0.7482877511249157,0.7756113477147382,0.7333916461469632,0.23231676703593096,0.0014989689743889665,1.0,1.0,0.2,0.5,158,8.63539599296741,8387.026169467135
11,74,0.7353690583372795,0.7508645441787616,0.7486122094254162,0.7762067718863916,0.7338634509936482,0.23258595259613962,0.0015065973930725694,1.0,1.0,0.2,0.5,159,8.681553544975484,8384.123676757483
11,75,0.7358288227989136,0.7502927160530319,0.7480310216760055,0.7755895657316474,0.736952618817007,0.23321092405498178,0.001499553740888217,1.0,1.0,0.2,0.5,160,8.59330310014073,8384.19720722944
11,76,0.7350234634049867,0.7490221840272036,0.7467562904806159,0.774973160445183,0.7335553195798608,0.2324752607168783,0.0015192345433834911,1.0,1.0,0.2,0.5,162,8.570616692288569,8389.514075723375
11,77,0.7353133130060181,0.7489424289126991,0.7463701863512994,0.7748094457283856,0.7340466158594163,0.23280885603420062,0.001521563318539494,1.0,1.0,0.2,0.5,163,8.5618314593403,8385.193743932903
11,78,0.7356903411608581,0.7494180126206456,0.7474526597353923,0.7767658194286213,0.7337748592148419,0.23319981380170735,0.0015161981373626508,1.0,1.0,0.2,0.5,164,8.54488770038885,8388.062414512027
11,79,0.7354041976273261,0.7488600874371026,0.7462862719980371,0.776058420275406,0.73338463774268,0.2329259214358776,0.0015274267002368428,1.0,1.0,0.2,0.5,166,8.522355762816645,8385.374734361527
12,0,0.91969743842568,0.882425574613836,0.8815027531873026,0.8773978663621953,0.0,0.0,0.0,0.0,1.0,0.2,0.5,1,251.36735570128133,1350.004899816205
12,1,0.9416155230318356,0.9537224735952418,0.9526422067091868,0.9482434534792343,0.12027238119973496,0.0912894740551056,8.318742445918314e-05,0.00010733000067162999,1.0,0.2,0.5,3,233.136648122186,1262.479100025832
12,2,0.9207154317686649,0.962767341056666,0.961582770231332,0.9573804299941421,0.15203375885877743,0.11125017636625172,0.0012962855328011904,0.00436571767303639,1.0,0.2,0.5,4,218.88828891452687,1659.574264832211
12,3,0.8080935900401127,0.9226956330082227,0.9215481316236898,0.9157900913818198,0.21100199865015976,0.10509034239239068,0.0028582441237396034,0.00368776104940212,1.0,0.2,0.5,5,186.49289551314948,726.7700566899497
12,4,1.1223614325955114,1.4261335489073756,1.423243540683932,1.4125378134923,1.3355983800818902,0.23133073314851504,0.31508387625993395,1.0,1.0,0.2,0.5,6,79.956221862162,189.8859854651156
12,5,0.5306784012771995,0.8416190209900009,0.8381740874976308,0.8259352196083488,0.37315623911471785,0.15644922042962653,0.07395568019751401,0.21858310996597718,1.0,0.2,0.5,8,64.85016998051583,297.2146082920288
12,6,0.6264149490032943,0.9344113508974601,0.930472410643837,0.9166467386890303,0.5269578772489261,0.15707446027253752,0.16640028044440658,0.49181199742344867,1.0,0.2,0.5,10,48.62345275583024,216.8259806655317
12,7,0.3602108143672639,0.6543158960284406,0.6505267309601507,0.6352345405820349,0.29844354199536327,0.1397502305215428,0.044465653060443866,0.13134859970849339,1.0,0.2,0.5,12,41.48508561991871,200.46503153029005
12,8,0.3810940488989544,0.7181504555536008,0.7141231554202051,0.6997481990114772,0.35174621418169405,0.12841758387143504,0.08445126494791384,0.24912557226336637,1.0,0.2,0.5,14,34.00704358828027,65.81769236000099
12,9,0.31547113018169703,0.49354671004246936,0.4880596338377685,0.46792368274848073,0.4998112375042512,0.12841758387143506,0.08445126494791384,0.24912557226336637,1.0,0.2,0.5,16,18.342866783579623,78.7792638515484
12,10,0.26183566921726786,0.4348874188812874,0.4293349870425986,0.40959228621177207,0.23575686701139476,0.12519439730781853,0.056335578233987244,0.16615705772063064,1.0,0.2,0.5,18,18.123242839479826,60.971516524061485
12,11,0.23128161127860306,0.38795049577797214,0.38222234990898846,0.36245835260155634,0.22633741829340673,0.1242088633764171,0.04226725333174659,0.12465602853595754,1.0,0.2,0.5,20,17.147355775157873,57.309582172353416
12,12,0.2518694030863141,0.39674030406705585,0.39089260341506016,0.37023989141558256,0.25719687108879247,0.12461445852115131,0.056351193310558184,0.16623467120358487,1.0,0.2,0.5,21,16.032112608546147,59.15522516515541
12,13,0.21977651669640738,0.33473048010116313,0.3285769133386081,0.30764441428770717,0.30739910753459715,0.12681188177318553,0.04110666255516561,0.12188173216211103,1.0,0.2,0.5,22,13.537874648280487,52.49333682562345
12,14,0.2189469935182861,0.3325523617911707,0.32638459155959104,0.30563193959409046,0.19763898071124306,0.12641042934280236,0.04111837362810418,0.12193994910024779,1.0,0.2,0.5,25,13.586360254168897,48.10510530595171
12,15,0.21473343762145058,0.31486169434278166,0.3088635851499149,0.2886104007926167,0.24331122496699517,0.12567543642435378,0.04116605950551288,0.12199677297850305,1.0,0.2,0.5,26,13.101618081855866,45.74883181395397
12,16,0.2131958422448618,0.3070577257857801,0.3009983724265488,0.2804910380395598,0.21707398087480362,0.12567543642435378,0.04116605950551288,0.12199677297850302,1.0,0.2,0.5,27,12.701179056244678,47.37289045517333
12,17,0.19674276147494843,0.28366651918249347,0.27753949930199734,0.25751458134469846,0.2051005430939851,0.12472574909452502,0.032946445784130925,0.09763647914517516,1.0,0.2,0.5,28,12.315404185653655,47.74950279267333
12,18,0.18622360657351444,0.26755180742040036,0.26137082432821546,0.2418696998042404,0.1807560526042015,0.12496168695261485,0.02730091301632846,0.08095937345392952,1.0,0.2,0.5,30,11.980330461251976,45.12026902480915
12,19,0.18366849972106436,0.25881280634181825,0.25257236618596707,0.233350152694988,0.1806447709117176,0.12474710958352149,0.026626860453660882,0.07932258491200025,1.0,0.2,0.5,32,11.546073296934946,40.323114040775
12,20,0.1787386673292802,0.2508311564552017,0.24456155746641178,0.22598094776100708,0.17083113289684598,0.12699695631799193,0.02276349584058591,0.06784290551936527,1.0,0.2,0.5,34,11.26825345631942,35.5561220314191
12,21,0.17757697756607516,0.24902121495961685,0.24274543780664962,0.22490278531955543,0.16558949552371818,0.12593532980904706,0.022790883498660194,0.06791306061754086,1.0,0.2,0.5,36,11.261783310402734,35.812291925941096
12,22,0.12040229052474069,0.18635099239209862,0.1821434114556874,0.17580212749247032,0.10926550611989529,0.10475477979981966,0.0015887893559553426,0.00700561979123696,1.0,0.2,0.5,67,11.896039272117571,262.8945358481354
12,23,0.12021437906980008,0.18552515973457645,0.18131150462951937,0.17463956357189658,0.10963699492770511,0.10451641615084784,0.0015934039535991462,0.007371769100776091,1.0,0.2,0.5,69,11.592961253980064,252.1901377299917
12,24,0.11862909087627284,0.18187697975325126,0.17764381287854936,0.1714510857040017,0.11453019978515969,0.10390738733803917,0.001436989516754589,0.006334308067634679,1.0,0.2,0.5,70,11.787525937935344,299.3725274332195
12,25,0.12272031414928891,0.18576010783430322,0.1824337673552839,0.17880038608510396,0.11197546530600186,0.10490412333265345,0.005546884755209108,0.01107911202055301,1.0,0.2,0.5,74,12.035906880469083,719.1541051397743
12,26,0.12276406062130076,0.18192574835107125,0.17856280867311589,0.1744712741784354,0.11908910398787018,0.10574068463263464,0.005541297952432884,0.011066190729079339,1.0,0.2,0.5,76,11.83741361613059,718.3054315332624
12,27,0.12165688817255631,0.17814314839311132,0.17475500858011922,0.17056734047175107,0.11489159001917615,0.10516276017647178,0.005565058708732273,0.011065177967488531,1.0,0.2,0.5,79,11.560817857957163,719.6551524683781
12,28,0.12181571944348889,0.17589671265989268,0.17278894388619884,0.1703273309837189,0.11676020308438093,0.10582733897067112,0.005563240808703439,0.011035544760947601,1.0,0.2,0.5,81,11.492825541804534,724.740586589218
12,29,0.1203956752822225,0.17265086654590833,0.1695259408474063,0.168263791257216,0.11453500846772671,0.10550392717351305,0.004940647678156409,0.0098009562766069,1.0,0.2,0.5,83,11.41336496672877,724.3424835578262
12,30,0.1203956740278609,0.1727408724455138,0.16991981379181392,0.16921021326072297,0.11139255348284358,0.10550392717351309,0.004940647678156409,0.0098009562766069,1.0,0.2,0.5,85,11.413364304349448,724.3424286294959
12,31,0.12105896951307975,0.17178431245509704,0.16834213873074147,0.1677614461107853,0.11480886991126071,0.1063856831068444,0.0049238785269356475,0.00992569488038666,1.0,0.2,0.5,87,11.152197630240911,573.3759697986205
12,32,0.11687406832025343,0.1660703244091073,0.16291677412949943,0.161838483240813,0.11401417344772194,0.10313257344455165,0.004462849785572615,0.008865055449866011,1.0,0.2,0.5,88,11.129632025429068,708.7813444220346
12,33,0.11712060688735706,0.16476815258156507,0.1619031508137455,0.16167904543959022,0.11088704148413064,0.10316588674897076,0.004923041858210327,0.00972820129156575,1.0,0.2,0.5,91,10.925199244638463,743.7496486164522
12,34,0.12054780904727781,0.16729529365229884,0.16411889767486035,0.16460268371911532,0.11537122530420596,0.10727844324087692,0.004314777226714739,0.00890597054727793,1.0,0.2,0.5,92,11.075943841551798,583.6106686185819
12,35,0.11218504870549188,0.15596174494405016,0.15215186961525312,0.15428659642002157,0.10793211747790483,0.0988704438340796,0.0047475746512712046,0.00986353873379105,1.0,0.2,0.5,95,10.447526906217774,858.1241893350444
12,36,0.11593352293646109,0.15545673992052025,0.15312208273381095,0.15602462051757324,0.11337022666068206,0.10278386237398321,0.005438744339038225,0.01097696828171392,1.0,0.2,0.5,99,10.169277564067697,793.6844438081567
12,37,0.11438622987604904,0.15034727415033922,0.14737376303971006,0.15163434394837938,0.11071467559503419,0.10177722790693582,0.004874441499791102,0.01133083478496497,1.0,0.2,0.5,104,10.0447721658703,809.1653553384095
12,38,0.11520723946840396,0.1507793083766092,0.14780224126700434,0.15270220604809864,0.10996695637413083,0.10267712431647509,0.004870704903916222,0.01131230960959825,1.0,0.2,0.5,106,9.972770596477934,816.8996738337611
12,39,0.11154662435687808,0.14468142897092856,0.14137883277507884,0.1462633363565933,0.11401492862208633,0.09996456717513727,0.005030270317414764,0.01017809536200997,1.0,0.2,0.5,107,9.837178271243095,807.1508447026765
12,40,0.10762940389795349,0.13692046666957877,0.13449135928719916,0.14403403979753243,0.10517177086852185,0.0960309774125529,0.0038072600999587256,0.0121230148149234,1.0,0.2,0.5,113,9.27294828646023,765.7522694130863
12,41,0.11272071727680506,0.13727173793897376,0.13479912956463638,0.14417562824642277,0.1247177567124134,0.10193840210643941,0.004547407988705278,0.01179732837045351,1.0,0.2,0.5,114,9.43137755788727,762.1336531854422
12,42,0.11265349140725361,0.13719111593046224,0.13471841452333555,0.14442655533097393,0.10872690240576949,0.10187781956783692,0.004542629295649888,0.01179045202139227,1.0,0.2,0.5,115,9.417829357252396,760.5087308468208
12,43,0.11377987643857289,0.13747790767020135,0.13530045532501273,0.14361133841735574,0.11100475006535444,0.10244209101402195,0.005037735270287491,0.01302636964859874,1.0,0.2,0.5,118,9.507197685823742,768.022959445038
12,44,0.10881084824402229,0.1297765643754615,0.13060375812517525,0.1479735854288722,0.10612198539346963,0.09948764842639071,0.004055698089670555,0.01058617126297696,1.0,0.2,0.5,141,8.767168258804192,759.021361497792
12,45,0.10730017971707112,0.1239049712630389,0.1240865207294693,0.14105047321982933,0.11175358045234479,0.09867262864687948,0.004113156172833473,0.01052156089552087,1.0,0.2,0.5,143,8.811377270870116,758.5235068698748
12,46,0.10946704770628607,0.125939373500208,0.12611971989967202,0.14343040136257668,0.10738744148068621,0.10088730882407534,0.004080363170932608,0.01048140798284941,1.0,0.2,0.5,144,8.767119761111463,762.4159106145179
12,47,0.10935252324834027,0.12578481164187139,0.12687372356205354,0.14867470551982773,0.10705165344970205,0.10082195592128902,0.004079515986044411,0.01048228598827898,1.0,0.2,0.5,150,8.758658919541737,761.3536101815158
12,48,0.1089114814410542,0.12476109540903244,0.125844697824437,0.14834065075602937,0.10847762483143258,0.10102445190332583,0.0037033528484445516,0.00953111847873986,1.0,0.2,0.5,151,8.675621397549227,763.162761605932
12,49,0.1094054799358958,0.1236390952564904,0.12531391097677955,0.15334870013038052,0.10764180625156973,0.10123999787866889,0.003879966767698265,0.01058549302200845,1.0,0.2,0.5,169,8.829100263080559,758.6946158514833
12,50,0.1092807888510053,0.1232911079773141,0.12466092458654869,0.15379601802795778,0.10742717494332642,0.1010472543396002,0.003966150041885463,0.01072906034735966,1.0,0.2,0.5,171,8.73500913483735,758.7533647515792
12,51,0.10905658789080405,0.12305459785063529,0.12472730050849555,0.15453175421838702,0.10711053546342428,0.10088037990559466,0.004034293405461803,0.01061931268215398,1.0,0.2,0.5,174,8.841173889913035,758.3109226939422
12,52,0.10956022780877667,0.12357190913161128,0.12554764448044006,0.15644540832946113,0.10776726005493667,0.10133747030084914,0.003967673166451566,0.01076306248652045,1.0,0.2,0.5,175,8.794110682881543,752.8677630850276
12,53,0.10870185837425406,0.12224873640627136,0.12452328575933803,0.15614111667905928,0.10766634411192375,0.10108955918753096,0.003599963828815492,0.00986342581710683,1.0,0.2,0.5,177,8.747652464133063,759.0663603656691
12,54,0.10859915355824863,0.11983296307659848,0.1220865377108163,0.15356391942374953,0.1108518460106525,0.10135136725408697,0.0035974220860834558,0.00985636848795081,1.0,0.2,0.5,179,8.702266532965547,757.7816473422212
12,55,0.10814976238793052,0.11901134578754666,0.12186741914302286,0.15539928064423028,0.10686486441155743,0.1009996114562582,0.0035953014015579483,0.00983284674659146,1.0,0.2,0.5,187,8.701825536757074,757.3289299403749
13,0,0.9344640512010458,0.8865030879758447,0.8856122485958754,0.8816296736518676,0.0,0.0,0.0,0.0,1.0,0.2,0.5,1,237.26197763590508,1348.4670617473562
13,1,0.9861330592761025,0.9715816449684475,0.9705894936251002,0.96712363391925,0.1167313568250774,0.09791817050707705,8.382638192859766e-05,0.00010663011095751,1.0,0.2,0.5,3,226.76430128041693,1371.2902907022026
13,2,0.9610011572096685,1.0038112771007783,1.0026237640834426,0.9984095434594139,0.22656997756529418,0.1536140419295709,0.0010774119230756644,0.00255771467798437,1.0,0.2,0.5,4,205.620396255518,1122.8382657203229
13,3,1.1116995458241279,1.4216857215493608,1.4183387044424234,1.4058757441461145,1.641737560044544,0.2831380232273469,0.32488420412981894,1.0,1.0,0.2,0.5,5,72.23787107470261,225.20814014378303
13,4,0.6398193265291378,0.94291469122265,0.9387473579609384,0.9242507959546846,0.6259188686107455,0.16069015094202477,0.15175066034136525,0.5656440453385371,1.0,0.2,0.5,7,56.69840836017495,242.0062217725157
13,5,0.6258928219914753,0.8676723228860366,0.8626688310056172,0.8436772622102507,0.7515606906602601,0.2260689461322769,0.16460889664992115,0.5695369427986863,1.0,0.2,0.5,9,29.544000596080995,100.09155923429304
13,6,0.4934948848269738,0.7024225112770448,0.6969924401901746,0.6769089820434108,0.5111703729341793,0.22097184277491788,0.10980205745371675,0.3798634578344749,1.0,0.2,0.5,11,24.29606030458104,87.30201014424145
13,7,0.4215828799871567,0.5969765378778706,0.591156918952614,0.5699230249840089,0.44835562862620987,0.21809004899029003,0.08238975185425616,0.28496211310261976,1.0,0.2,0.5,13,20.80172523259755,87.78315265025995
13,8,0.419489102992288,0.5720033207041457,0.5662335063020685,0.5443133285188919,0.4330866669609365,0.2154991170247793,0.08752919165925284,0.3026935760585676,1.0,0.2,0.5,15,16.77803426039951,41.10120821931526
13,9,0.40198739732848376,0.5277964585489718,0.5214489884792013,0.49901090350953436,0.47276265795953487,0.21654847562485524,0.08216431489730791,0.2843070237816292,1.0,0.2,0.5,16,15.76093123239472,68.54852876210582
13,10,0.3558672753578225,0.4561436219075952,0.44984417721065395,0.42626511606401785,0.4288771851598027,0.2092689456148523,0.06570594717518817,0.22712942346504658,1.0,0.2,0.5,17,13.376630361288898,41.754858951296434
13,11,0.32259952782439016,0.39967528605033725,0.39315042000751194,0.3693231889731219,0.34953185257189767,0.20683106036227733,0.05258180159922593,0.1817547773067476,1.0,0.2,0.5,19,11.980132184349216,38.934207579069934
13,12,0.3232353453828335,0.4002440077067908,0.39371847626685613,0.3702738081399169,0.30912903716051,0.20750836306738404,0.052562907542288324,0.1817112970023865,1.0,0.2,0.5,20,11.965032200206254,38.69720310398263
13,13,0.3203064998266063,0.38268019492193245,0.3760152514524412,0.3521318930876581,0.36027041443112257,0.20626389450878543,0.05337107296929981,0.18428075338326813,1.0,0.2,0.5,21,11.422941477135469,43.43762904899381
13,14,0.31807952687839425,0.37850599034707116,0.37212560833756375,0.34907996047415496,0.310731377092093,0.2043736718622055,0.05342431085050091,0.18440326806001583,1.0,0.2,0.5,23,11.407060925371985,44.41177080495332
13,15,0.3017942997426789,0.3573959721699665,0.3506671420552125,0.32759236989219537,0.30834990398144296,0.20622471889351549,0.04448823760584799,0.15360937113180675,1.0,0.2,0.5,24,10.962647018225775,46.21002408969216
13,16,0.3005455580617932,0.3548749539773983,0.34843712115517667,0.3251722539236762,0.2956125607231668,0.20912650090530263,0.0424572557333176,0.14665447071427834,1.0,0.2,0.5,25,10.57999290836164,37.937493202678354
13,17,0.28621075603445695,0.33559082324192957,0.32910663704496185,0.30633903208525104,0.2860842505625746,0.20742824720803205,0.03639672839091882,0.12572547568123685,1.0,0.2,0.5,27,10.38555266086275,34.929511971031395
13,18,0.2928220052660182,0.34071997992443925,0.33422193814366175,0.31261859878882303,0.286159567730526,0.21199389671150826,0.037597131734043276,0.12990172019888735,1.0,0.2,0.5,30,10.098811387827578,43.47752049355304
13,19,0.2765254532438481,0.3227126993177454,0.31650158882463375,0.29461121783913397,0.2746796115397495,0.20711816009163214,0.03185533057752127,0.11003765283081526,1.0,0.2,0.5,31,10.077887793437927,37.52996293223001
13,20,0.28192284114999794,0.3272825601069797,0.32076083625512003,0.30004787122974286,0.27656838122276844,0.21062366787822978,0.03290101123365547,0.11368004914524413,1.0,0.2,0.5,32,10.010172401370935,40.91961721747442
13,21,1.513463661320045,1.554667647785845,1.5481072301800807,1.5298304081345344,1.5083970862954572,1.0,0.03179369550172978,1.0,1.0,0.2,0.5,39,9.58960513719556,28.57854687479868
13,22,1.513544702714001,1.5541055378310213,1.5478420965463704,1.529488806986075,1.508999264324265,1.0,0.03285058672628304,1.0,1.0,0.2,0.5,40,9.633314442342437,34.96363583205812
13,23,1.5129563245550641,1.5514411472363168,1.545158444412265,1.5269472102538661,1.5134284944527916,1.0,0.03179369550172978,1.0,1.0,0.2,0.5,41,9.434985976833202,28.749412048923265
13,24,1.5139523961946377,1.5511289313181074,1.5445311827377657,1.5270051511169933,1.5096460616935161,1.0,0.0378708118830594,1.0,1.0,0.2,0.5,43,9.805728701910269,32.8241692558809
13,25,1.5128882551299871,1.5488138892669505,1.5422045928730914,1.5254191029303694,1.5088586517021951,1.0,0.03366878999485625,1.0,1.0,0.2,0.5,45,9.536864297316647,32.381248167824495
13,26,1.5121089029786554,1.5434944261176744,1.536540292625704,1.520031878538129,1.5218254847800328,1.0,0.03369353174115,1.0,1.0,0.2,0.5,46,9.265439642129111,29.45565760407457
13,27,1.5120878755869316,1.5434351121538104,1.536783556957156,1.5209559665989532,1.5068848733113527,1.0,0.03370020445468047,1.0,1.0,0.2,0.5,49,9.25966787305297,29.47531027772605
13,28,1.5117089177992573,1.5414542153242126,1.5350907969970964,1.520148346896121,1.5123931712151033,1.0,0.033275785054686,1.0,1.0,0.2,0.5,50,9.120557041915609,29.038990595788235
13,29,1.5109294868901553,1.536493622336077,1.530394825249235,1.516847730615112,1.5138018030948814,1.0,0.033019643925350554,1.0,1.0,0.2,0.5,52,8.889939277285483,27.89841760992141
13,30,1.511034546922669,1.5359933661532177,1.5292830690739057,1.5163092489427878,1.5070669797503289,1.0,0.03390325284875448,1.0,1.0,0.2,0.5,57,9.158648170003833,30.15975163454302
13,31,1.5108177017673712,1.5349948085920544,1.5294891869090408,1.5183652392415847,1.5077168646386794,1.0,0.03377816691808449,1.0,1.0,0.2,0.5,61,9.15085745340115,30.87457629452206
13,32,1.5107467124821334,1.5345889030799666,1.5293832349055703,1.518425666807624,1.5074695184654023,1.0,0.033778166918084475,1.0,1.0,0.2,0.5,63,9.12002399891968,30.756304712765427
13,33,0.2865690090130701,0.31044788607312707,0.30615135438516294,0.3019195282148845,0.28264830533789415,0.227170759229064,0.027967768683812278,0.09970517743399128,1.0,0.2,0.5,88,8.975317165000424,44.31307384230586
13,34,0.2889424934376671,0.312850696956053,0.3094633007448119,0.3061850526738399,0.2858398421763207,0.22963573141360394,0.027881752798977505,0.09963688369573523,1.0,0.2,0.5,89,9.016429127511778,46.19922912506704
13,35,0.293344529197167,0.3168879317789611,0.3131942907428878,0.31582256042243556,0.2895245112630542,0.2282812630588992,0.030922118396046572,0.11002527185326043,1.0,0.2,0.5,109,9.114485917542394,39.69575534287461
13,36,0.2931390264984289,0.31600633144349494,0.31230648096680547,0.31459034881335024,0.2916574888956513,0.2282964600276156,0.030863823388376,0.1098318564187855,1.0,0.2,0.5,110,9.201181565887376,39.41764028093408
13,37,0.2913084889528083,0.31381794099271304,0.3101148404641211,0.31370140296239124,0.2888163571676652,0.2265077574777922,0.030874478621674393,0.10986253102262626,1.0,0.2,0.5,111,9.228386124967956,40.4662648411484
13,38,0.29223058884636455,0.3138966916791727,0.31018587551187043,0.3130692957891563,0.2915077889503193,0.22758471205210604,0.030867119979735038,0.1098344299021096,1.0,0.2,0.5,112,9.168560899720005,39.66776536157087
13,39,0.28888965318291815,0.30970857548919206,0.3059899651377473,0.3111362196592671,0.28618469662306745,0.22436630413572792,0.030873904334633526,0.10986539769335839,1.0,0.2,0.5,116,9.129484058837097,39.423793371964464
13,40,0.2885237694186201,0.3091691047500521,0.30544891900603566,0.3098415657824062,0.2857188369432051,0.22402506175141146,0.030877393742903842,0.10987169280476435,1.0,0.2,0.5,117,9.087695729797192,39.19972862147027
13,41,0.2864593849335139,0.30653334099561924,0.3028079540634988,0.30781604751209707,0.2838043313517496,0.2220434767906883,0.03090992695318751,0.10988019425845655,1.0,0.2,0.5,120,9.088500051895114,39.87109373169134
13,42,0.2916427303679593,0.3117431592448273,0.3092298765101814,0.32235953655603683,0.28845018573702985,0.23167526473221742,0.02892982649736453,0.1018845487433971,1.0,0.2,0.5,144,8.882054697144143,38.900881155484825
13,43,0.2914253915071865,0.3109285022378203,0.3087126668145732,0.32216555728412466,0.29060027175519954,0.23162069303228963,0.028840250069697846,0.10181868058295451,1.0,0.2,0.5,145,8.88859335365433,38.92463335530477
13,44,0.2920057894385901,0.31133491176792605,0.3091175406763821,0.32396844958989307,0.2891980282863197,0.23221892255558205,0.028867424836614624,0.10182866985972094,1.0,0.2,0.5,147,8.899042884728122,38.54988056268646
14,0,0.9043512879007126,0.8781205854039964,0.8771639823602614,0.8729299755120405,0.0,0.0,0.0,0.0,1.0,0.2,0.5,1,266.0299991795642,1351.245347321788
14,1,0.9327333527098006,0.9541012279830887,0.9529895097776873,0.9484703703507903,0.12424651788690991,0.09567956124888688,8.253067240509627e-05,0.00011338301732157,1.0,0.2,0.5,3,247.1497971789456,1280.5909223653562
14,2,0.8747239747695533,0.9340188071338335,0.9327702375209086,0.928322699501496,0.14331841466704534,0.09102505745625791,0.0012955361607927777,0.0036229123043806702,1.0,0.2,0.5,4,233.4330195440492,1696.3129331458526
14,3,1.0780917726097288,1.3877038468456286,1.3843876060967921,1.3720424600720196,1.5704912678501546,0.24818527335957694,0.3101904236294503,1.0,1.0,0.2,0.5,5,72.12058849868751,221.43314226191328
14,4,1.0722578413914072,1.3823119309223897,1.3789533477955138,1.3664451721957651,0.8251502998249263,0.24818527335957694,0.3101904236294503,1.0,1.0,0.2,0.5,6,70.70415491260721,228.53805133315896
14,5,0.6554258151306407,0.961666622790043,0.9575953056590282,0.9434662966157564,0.7465489323019977,0.1336798875719569,0.14593636667677373,0.6350473549556008,1.0,0.2,0.5,7,52.9196443826323,240.07270558822387
14,6,0.653820959697521,0.9593929190683693,0.9553036853784905,0.9409242705125573,0.4862860217242743,0.1336798875719569,0.14593636667677373,0.6350473549556008,1.0,0.2,0.5,8,52.528180868752926,240.7987588499232
14,7,0.5055414551575039,0.7990634105309196,0.7946266629187144,0.7798220046279605,0.49350967107166976,0.13309709998548364,0.09735135001986112,0.42355056065826824,1.0,0.2,0.5,9,45.13941683627107,220.40618904730863
14,8,1.6135863023225396,1.8676750483721702,1.8625453186960912,1.844626697172372,1.7713284728391196,1.0,0.10623895183371583,1.0,1.0,0.2,0.5,10,31.21353001013708,81.86921227274811
14,9,1.581215586211155,1.7943898269412042,1.789012688781435,1.7693441135705736,1.6186457378922425,1.0,0.09044031940164335,1.0,1.0,0.2,0.5,12,23.24781042623884,69.22341359344078
14,10,0.47864658675052163,0.6591052524901084,0.6536431553593638,0.632896463852617,0.5045327999481042,0.20066277733191665,0.1043377295681607,0.42143328284795045,1.0,0.2,0.5,14,20.08034907369664,71.74212460743676
14,11,1.5391651080453284,1.7182790697676171,1.7125011081116726,1.6924685888768094,1.4956912388676593,1.0,0.06868193497519261,0.9586139244874191,1.0,0.2,0.5,15,19.61006062059864,52.415684582448506
14,12,0.4407491361969164,0.5789872090702557,0.5733743297622859,0.5513270091018365,0.5725276640933687,0.20331887860523387,0.09169391185385538,0.3766208450875115,1.0,0.2,0.5,16,15.992996992188717,47.58760846967368
14,13,0.36765104723460085,0.4665818950777626,0.460572260297902,0.43787701706888515,0.4209041765021633,0.1899550492781356,0.07038174729859281,0.2881367299441577,1.0,0.2,0.5,18,13.722755935416654,52.90206492069535
14,14,0.3315319747521791,0.42649339745881476,0.420444780883358,0.3980065563773957,0.32012304616430937,0.18643793449385704,0.05632502058388456,0.23053945380665836,1.0,0.2,0.5,20,13.177837118030416,58.19330333245588
14,15,0.36432270578066506,0.45750288624199553,0.45143670621714993,0.42924595561940104,0.3495869266000172,0.1902524644636487,0.06936336940738372,0.2841969233998152,1.0,0.2,0.5,22,12.872309915064212,46.14634544948811
14,16,0.3643852560758807,0.45044065359466995,0.44430514707103486,0.42227611670473275,0.3735232942488491,0.1946469204641137,0.0680141850818943,0.27949303037904294,1.0,0.2,0.5,23,12.492722693985309,34.092979147946345
14,17,0.330263221515698,0.39596076879136133,0.38963022846629536,0.36666808345097573,0.38972033974249604,0.1957381768473721,0.054348751432470345,0.22350949506483864,1.0,0.2,0.5,24,11.547983795157622,35.19556100986892
14,18,0.30931494943476306,0.369109741371626,0.36272322977768295,0.34110771517683036,0.30554904470621475,0.19548776612459068,0.04577513951687295,0.18799713719204506,1.0,0.2,0.5,27,11.135570230466527,37.524702181872925
14,19,0.29373086506609003,0.34626057671679417,0.33980588406137135,0.3189639076317585,0.28944155600474053,0.1934691085599236,0.04052640195792839,0.16581589788332396,1.0,0.2,0.5,32,10.496541530634326,41.06708400688989
14,20,0.2800594757688024,0.3269744783113465,0.3204672782563511,0.30015223172042527,0.28153202069904004,0.1922426503426124,0.03546398224564781,0.14510504076063943,1.0,0.2,0.5,34,10.25212727382436,37.84355705985229
14,21,0.27998713540476844,0.32660847775865404,0.3204014211035092,0.3006863865220097,0.27254452864253326,0.1922426503426124,0.03546398224564781,0.14510504076063943,1.0,0.2,0.5,36,10.226267317790937,37.96834657064813
14,22,0.8124857521615634,0.855839920532504,0.8489965500485939,0.8296899982890389,0.8156276144758046,0.29888753708403476,0.030408233434478293,1.0,1.0,0.2,0.5,37,9.929082396799304,29.65672961342746
14,23,0.29361319013822473,0.33489775432243746,0.32833809233062655,0.30910051315090603,0.293776044310049,0.1971710372870032,0.03977191912374181,0.16272960955944163,1.0,0.2,0.5,38,9.838299633092802,35.494119392661496
14,24,0.28131159048398935,0.32168626574354514,0.31481525952046285,0.29598827943770195,0.2771554587143545,0.19344733146154286,0.03609966816449652,0.14734493899513781,1.0,0.2,0.5,39,9.72315249241364,39.99626213438205
14,25,0.28082434185074945,0.31815599111062215,0.3115597029645788,0.2929389804731202,0.28505438189389926,0.1962575864075773,0.0348016163176523,0.14240080023611804,1.0,0.2,0.5,40,9.7113702294709,35.538897378389045
14,26,0.2941045171160518,0.33108873898869284,0.324489213365277,0.3059089498449497,0.2889401360576481,0.19850798505403863,0.039735070772948126,0.16261148703061884,1.0,0.2,0.5,41,9.708696911831872,36.79005118972823
14,27,0.27706654690957716,0.31178165686214654,0.3051611565198818,0.28699796474159006,0.2788332147432664,0.1929849118227544,0.034779583350923425,0.1423727529751135,1.0,0.2,0.5,42,9.640198709148654,35.78374650877803
14,28,0.8115633293072178,0.8417652334295923,0.83510309181057,0.8174859605010598,0.8140572008740046,0.3009799172080145,0.02717178249257373,1.0,1.0,0.2,0.5,44,9.369486867614803,29.397142343530653
14,29,0.8078129530709846,0.8375391188652916,0.8308726177622683,0.8135231154230562,0.804354209485646,0.29731541470869016,0.02715355346991528,1.0,1.0,0.2,0.5,45,9.355251015483894,30.033472326565487
14,30,0.2781476160371684,0.3079297535825683,0.3015667028522848,0.28528707761537575,0.27312506234785344,0.1931484836132261,0.03548250515467767,0.14568334907115651,1.0,0.2,0.5,48,9.331262266796475,38.408068149653815
14,31,0.27785501553220576,0.307350653453898,0.30098495893396804,0.28469528344578376,0.2738121417982293,0.19286351843306693,0.03548606688076753,0.14576553446083118,1.0,0.2,0.5,49,9.310113173012407,38.24872570402109
14,32,0.2982297591844608,0.32750366496193656,0.3211359481985002,0.3051182926109314,0.2936307974303073,0.216989834810475,0.03418680212491938,0.13885844985320728,1.0,0.2,0.5,51,9.248516172227207,27.82428494848637
14,33,0.27801838731176204,0.3071016762695819,0.30103522661227,0.2854533676977531,0.27404175559559574,0.19322792758181878,0.035468314026925636,0.14554348692111665,1.0,0.2,0.5,52,9.287322663826934,37.337541106062986
14,34,0.2865668148217427,0.31546666612766056,0.3090955083235223,0.29498937930811875,0.28181864748346397,0.2139458009877337,0.03029623264647423,0.12330612934989664,1.0,0.2,0.5,54,9.27004041750899,27.718414765206603
14,35,0.2912966554574921,0.31817725810634867,0.3117875114035976,0.29818773557120887,0.2935411468428594,0.21888541388801505,0.030469773598398253,0.1235067935395893,1.0,0.2,0.5,55,9.19066101105626,27.3310603479918
14,36,0.297744443385352,0.3247053579793909,0.31861938720147975,0.3054916160379682,0.29319308718887904,0.21688954475958666,0.03416900829475727,0.13891770313245,1.0,0.2,0.5,58,9.207296170494308,27.52013191871372
14,37,0.3092266217685763,0.33431719487493916,0.3279110577174843,0.3151045612992701,0.3109652988234859,0.228746599374026,0.03473706383108698,0.13854335751441688,1.0,0.2,0.5,59,9.000996575880059,29.525623402970407
14,38,0.2810337172578506,0.30346383148615125,0.2976392617744446,0.2851003204628937,0.28680419307260197,0.21046020319027753,0.03059853565785256,0.12133588995297809,1.0,0.2,0.5,60,8.932931393350895,29.48305456240812
14,39,0.29480253163565373,0.31564999152899,0.3098109624861239,0.29780252957248565,0.29393691248916715,0.22741009873612344,0.029727563070763602,0.11584564352344137,1.0,0.2,0.5,62,8.817187056105823,23.58713554767629
14,40,0.2934339571718666,0.31412005255399256,0.30858245295110853,0.2950162824283301,0.29079402442331925,0.21529600275384012,0.03432369082627411,0.1355808845695789,1.0,0.2,0.5,63,8.800450128776363,24.9684985400084
14,41,0.2972340634847659,0.3175017727380258,0.3119603597688344,0.2992481985223551,0.2945219270853434,0.21983515330604364,0.034187756716011576,0.1342946410234633,1.0,0.2,0.5,65,8.775413843974256,24.045703290768937
14,42,0.2982791939881096,0.3184661203937784,0.3132270125544655,0.30069249245995067,0.2954665784777075,0.22122139118053288,0.03412401022275835,0.13369399063585302,1.0,0.2,0.5,66,8.763589750941783,23.85923508889557
14,43,0.29827375545800744,0.31851745188310016,0.31358178848359686,0.3015329428200699,0.2949302597759777,0.22122139118041897,0.034124010222731635,0.1336939906354975,1.0,0.2,0.5,69,8.762934628914856,23.867130989612264
14,44,0.28691310801095454,0.3053044719156982,0.3000489755345089,0.294914665352482,0.28421412849843203,0.21670724163820682,0.030681101595377878,0.12195351987218032,1.0,0.2,0.5,84,8.834906128666686,24.938518513743432
14,45,0.26787888428400836,0.2861194745809942,0.28116553818298445,0.28346163650739153,0.26486593062829245,0.20305300424193784,0.026734550888472264,0.1128508600453509,1.0,0.2,0.5,104,8.958813851356986,34.44202956202629
14,46,1.5069423255625407,1.5234722723591108,1.5203205336706984,1.524199636710027,1.5061337897130407,1.0,0.021258529352083867,1.0,1.0,0.2,0.5,108,8.97460796957735,25.93602006762164
14,47,0.27181425264339304,0.2883462703434814,0.2854974879078814,0.2893035128977604,0.2694320493912569,0.21519708618748265,0.02488923528724589,0.09792562482956649,1.0,0.2,0.5,109,8.959881347935296,25.90175357204759
14,48,0.27185465139144116,0.28836015677978444,0.2855111598181125,0.28963997212917214,0.26927111111944113,0.21525203707280852,0.024880678155832014,0.09790844625451972,1.0,0.2,0.5,110,8.97060706733495,25.87829418694972
14,49,0.2714950876180662,0.2878695125315856,0.2847163468991807,0.2891875727515948,0.2689661176779697,0.21465619887408877,0.02509291625080469,0.0983092303995688,1.0,0.2,0.5,111,8.980217929175646,26.106955034164773
14,50,0.2714398822788004,0.2864478497832165,0.2829792195085928,0.2884973328584483,0.27324546874026306,0.2136235531162523,0.02505591479766407,0.10068688646899929,1.0,0.2,0.5,112,8.799860835951758,28.90362490427667
14,51,0.2744466634880139,0.2895285749263811,0.28666664202835584,0.29277140479522673,0.27207277000098634,0.2168309982931273,0.025026293836841518,0.10033120527644664,1.0,0.2,0.5,117,8.793287536027186,28.81604473033173
14,52,0.27326155472917535,0.2872414601658942,0.2852783891053454,0.29653356317700075,0.27158925263455796,0.2156928370231433,0.02550461609627159,0.10048132208048954,1.0,0.2,0.5,125,8.823239980710996,28.83831689834913
14,53,0.2769348751932292,0.2893191917673562,0.2870386031467224,0.2993048263895645,0.2759787730898463,0.21956288427264664,0.025463167650224675,0.10057872526570306,1.0,0.2,0.5,130,8.763745711576458,28.685057389756487
14,54,0.27445689460394995,0.2868296573970645,0.28576088140759837,0.30568131417115313,0.2726071310805449,0.21697363457801905,0.025538507649205004,0.1008875993762803,1.0,0.2,0.5,145,8.76944092159502,28.74698611367296
14,55,0.2717036238341498,0.283605990530017,0.28101807712265525,0.29781529659986233,0.269886047920045,0.2152892833317646,0.025656698764439708,0.09870886314772952,1.0,0.2,0.5,147,8.902620734908535,28.650915843327475
14,56,0.2768783463029126,0.289192527202852,0.2881232582976158,0.3065987471505768,0.27500824978215455,0.21955703365539825,0.025517985663515225,0.10059028585509885,1.0,0.2,0.5,150,8.762539974176018,28.705286438239902
14,57,0.2744546494455149,0.2866025454314095,0.28583467840878013,0.3073891792915601,0.273215698283719,0.2172091058261157,0.025529863668820645,0.10051418819887876,1.0,0.2,0.5,151,8.744804140012524,28.65493074532176
14,58,0.27372388396270003,0.2852921379637211,0.2830041258727627,0.30182689972661786,0.27243518857591825,0.21690050143440773,0.02578557025832163,0.09960808508456905,1.0,0.2,0.5,152,8.899038505234309,28.862495639747834
15,0,0.9313263095760255,0.8856420549753222,0.884744494430467,0.8807360710386398,0.0,0.0,0.0,0.0,1.0,0.2,0.5,1,240.477374853456,1356.504837733076
15,1,0.9681814633453767,0.9725356344986068,0.9714812012661804,0.9671813278959804,0.1356766929474329,0.10680202889779826,8.317712968985863e-05,0.00011807519264210001,1.0,0.2,0.5,3,222.8901041088253,1268.818332168701
15,2,0.9633580154938272,1.0075630378053075,1.0063704526378683,1.0021369049806812,0.21023333873763805,0.15771736635128147,0.0010673461601785224,0.0031492840857009997,1.0,0.2,0.5,4,207.9221786884337,1138.9389458104756
15,3,1.121682582368798,1.4319762607988484,1.428593858115053,1.4159936898001129,1.667195034367094,0.2984663096996361,0.32229187101441464,1.0,1.0,0.2,0.5,5,69.45914014163984,234.5411107678852
15,4,0.720006531162611,1.0267878414803526,1.0227529657487404,1.0087620811056286,0.6622510541608928,0.15101818452343282,0.15273925050632867,0.7186006936949105,1.0,0.2,0.5,7,45.33756724138282,241.4961185963626
15,5,0.7425213172758296,0.9985164145821412,0.9937209287457569,0.9754006381754856,0.8418694078481984,0.24740398817844333,0.16232369324380855,0.7364693604296652,1.0,0.2,0.5,9,29.30442353864836,116.60851599061982
15,6,0.5158824498978642,0.6607612670861104,0.6546119096990825,0.6316501023880517,0.7314378874747617,0.21485604393209426,0.10895227084215958,0.4923957844931085,1.0,0.2,0.5,11,13.69687579500276,63.91168406005245
15,7,0.4846569111493432,0.6201801881970767,0.6142362270104795,0.5912778711074917,0.47280124869981727,0.2143699910407181,0.09720080806083073,0.44181052812849864,1.0,0.2,0.5,13,13.55445368567934,44.79051487927503
15,8,0.4178079327782799,0.5390521076324771,0.5329621062842269,0.5104145240868028,0.41902727791569383,0.2118951166935364,0.07293701022217154,0.33143182072084254,1.0,0.2,0.5,15,12.339823818735894,44.597648483907015
15,9,0.4179352244452229,0.5195853528389925,0.5132996059263273,0.48984933803507835,0.433588434494133,0.21756746574703198,0.07275299798378428,0.3311029675905161,1.0,0.2,0.5,17,11.237554880202596,44.38645118519951
15,10,0.39772484378592043,0.4915539945397115,0.48488856584551,0.46285651820552887,0.3886847463648946,0.23289924151062347,0.05855630908125226,0.2695787445653966,1.0,0.2,0.5,20,11.099780725740963,45.47230849551093
15,11,0.3849883338551246,0.4655221141920704,0.45903040349153357,0.436341572296027,0.4178604809859699,0.22672294356985315,0.057038149587804884,0.2634329999469417,1.0,0.2,0.5,21,10.328775501625644,34.54496765418994
15,12,0.38619048518954663,0.45790705478103577,0.4510280321483235,0.4286441543686862,0.403383591892474,0.22637811979787242,0.05863537509291515,0.2697200455226897,1.0,0.2,0.5,22,9.79813472628077,39.40180812754218
15,13,0.36292505490933125,0.42937318013303566,0.42244401550069954,0.40054216053812375,0.36003909245364357,0.22864097599327865,0.048876461873444244,0.22481573327250146,1.0,0.2,0.5,24,9.500488276815744,39.93181096303317
15,14,0.35888864124463815,0.4251312514427786,0.41850302836446657,0.39758278984182194,0.3473639734669266,0.224676652300224,0.048869422820588766,0.22479827630646412,1.0,0.2,0.5,26,9.544077316220417,35.73642092759484
15,15,0.34759263241507776,0.41363006762163634,0.40699987651145053,0.38652415929385636,0.33583570613479247,0.22946701269961284,0.04251685033927614,0.19525283144071104,1.0,0.2,0.5,29,9.660984000097043,50.72209510532362
15,16,0.33342674407083095,0.3971072686793986,0.3904547425859427,0.37113899208545026,0.33012628296019597,0.22905008166213844,0.03720604247193258,0.1708607530269839,1.0,0.2,0.5,30,9.41680070632573,44.44142754695738
15,17,0.3316316823607674,0.3923904062383682,0.3854073457825845,0.36617335190206,0.3305446654449223,0.22784299036070305,0.037203458513795355,0.17084881687123327,1.0,0.2,0.5,31,9.245028407352835,39.17223808175748
15,18,0.3291269793686016,0.38726048590510753,0.3802526392769947,0.36118295770512177,0.32783124531923924,0.22587621327324311,0.03720019047173956,0.17083655606292242,1.0,0.2,0.5,32,9.285749306235754,38.70050194442962
15,19,0.329007084659741,0.387138667866902,0.38043373675761716,0.36171146175425617,0.31879228469299203,0.225774845432265,0.037200408296040176,0.17083635246200585,1.0,0.2,0.5,34,9.279285857827754,38.63241310612149
15,20,0.32611533987567143,0.38426740750184907,0.37786555635252594,0.35998805939152456,0.31579759078681335,0.22648715030018493,0.03610292671065763,0.16409626072167177,1.0,0.2,0.5,40,8.909515134918085,49.67656737391535
15,21,0.3257543801107923,0.3827834166891445,0.3766739174648841,0.3591244727499867,0.31773053795287876,0.22636759694451639,0.03610384193051468,0.1640974330647192,1.0,0.2,0.5,42,8.859639748325922,49.58111782933551
15,22,0.3174518162865449,0.37266203760393757,0.36653541243026844,0.35105364267545236,0.309265758793555,0.22748449718812463,0.03254486922905556,0.14740377266426613,1.0,0.2,0.5,46,8.773490441022386,51.64463971606492
15,23,0.31796230503095196,0.3729843325299289,0.3668559300121461,0.35194491113121196,0.308893096320133,0.2280347992320561,0.03253897059392715,0.14740085055155522,1.0,0.2,0.5,47,8.783492699428434,51.7760564871545
15,24,0.31722626059685544,0.37199437067405217,0.3661665783131207,0.3507765595240502,0.30876141886835307,0.22736296242304213,0.032545978593001616,0.14740519880616082,1.0,0.2,0.5,48,8.757831396248239,51.7073510054738
15,25,0.3175540404438773,0.3719835950231879,0.3661526662578792,0.35162906338772404,0.3091361991751772,0.227759294191418,0.03254171599029646,0.14740291789798424,1.0,0.2,0.5,49,8.753485091299575,51.73106586349115
15,26,0.3171441581258593,0.36254059812679595,0.3560192277920422,0.3406462133349054,0.3396719578550985,0.22891509469458823,0.03249999401763676,0.14768648522332445,1.0,0.2,0.5,50,8.503507738268482,48.250246312512566
15,27,0.3651298060452369,0.4104792445763743,0.40426026406304283,0.3898705606308661,0.3575854837952517,0.2684734566382278,0.03648311073706353,0.16301518531273945,1.0,0.2,0.5,52,9.206769409675692,47.97077204701927
15,28,0.3644057907961976,0.4036226595945871,0.3976497902693883,0.3839899497163255,0.36823814241882014,0.26939738743198377,0.03614976332409951,0.16212942246738976,1.0,0.2,0.5,54,9.005631821117438,47.865252353622175
15,29,0.3526003331383985,0.38654435947627314,0.3802196514976943,0.36712196556056825,0.35268567123036204,0.26688229568985306,0.032844094919399616,0.14672499208973544,1.0,0.2,0.5,57,8.785640228827456,42.25780370622251
15,30,0.21738128103653998,0.2518292978904457,0.24732699043276654,0.24894689346279822,0.21160339863455446,0.1860484396775628,0.01254660604137767,0.04608553464393924,1.0,0.2,0.5,97,8.58311612814803,70.57134417356288
15,31,0.23411096842213575,0.26559681785798883,0.2601583457477097,0.2616986460004863,0.2333605244458213,0.20024689674998167,0.014299786520507058,0.051389557113995586,1.0,0.2,0.5,99,8.57273937007355,72.45086236426664
15,32,0.22744019374180202,0.25396886645989053,0.2481818363159031,0.25024940884505464,0.23940621112616906,0.1972639711109628,0.012872149279771043,0.046256710553060895,1.0,0.2,0.5,100,8.379984510461682,72.34022068498705
15,33,0.22735636125150374,0.2534791956916269,0.2479913857754186,0.25065822775142366,0.22380104717273028,0.1972639711109628,0.01287214927977103,0.04625671055306091,1.0,0.2,0.5,102,8.361873064949897,72.33828607829878
15,34,0.22693359222398835,0.25274731820306656,0.2475597219787529,0.2508285049254083,0.22328381108494785,0.1969087824025037,0.012872912765819146,0.04625612383654405,1.0,0.2,0.5,104,8.318183299454988,72.38640139344885
15,35,0.22693794699537015,0.2523803043916536,0.24597735905436585,0.23873117497531912,0.22265610359184795,0.19691505921791538,0.012872900861824433,0.04625613925000902,1.0,0.2,0.5,105,8.318631536373678,72.38450914469514
15,36,0.22692143577227689,0.25275311936456457,0.24786859746832174,0.2526940576478006,0.22281564479533275,0.1969087824025037,0.012872912765819146,0.04625612383654405,1.0,0.2,0.5,106,8.316064316803761,72.40135941355973
15,37,0.22473791735407317,0.2494178319793686,0.24482571772501782,0.24927934142336744,0.22272743717633314,0.19492064531793082,0.012882003452934632,0.0462794590813353,1.0,0.2,0.5,108,8.360949472411015,73.6292745539205
15,38,0.2299536927834578,0.2526857691559099,0.25171140765794203,0.27117953140692685,0.22666508781120798,0.20085967790845416,0.012797941800643382,0.04587445651505812,1.0,0.2,0.5,141,8.184400153417913,31.58114376683716
15,39,0.21592794851154978,0.23864813489128608,0.23949134174028588,0.28003979194077344,0.21246714297414973,0.1899576201401873,0.01116157086718467,0.04046388102529328,1.0,0.2,0.5,182,8.096094590210924,29.93176190813592
15,40,0.21684594367538448,0.23959666300292828,0.24074318766205208,0.2820493520016607,0.21345241071962778,0.19088599577500984,0.011161336425420252,0.04046332003960701,1.0,0.2,0.5,184,8.102322852008593,29.10376280613026
15,41,0.21736077893780467,0.23927589161200544,0.2407177260797087,0.28311732703186654,0.21556229402029053,0.19155209887344754,0.011161353262599382,0.040463365577518166,1.0,0.2,0.5,186,8.069995167492142,28.80840311114264
16,0,0.9511367156073486,0.8910329161419253,0.8901775734714328,0.8863309298174867,0.0,0.0,0.0,0.0,1.0,0.2,0.5,1,221.81111616956608,1332.7729270525765
16,1,0.9763234570892407,0.9676950686579071,0.9666829552759566,0.9625447556135667,0.12544481837542565,0.09657690664629612,8.406781176457622e-05,0.00010440623712032999,1.0,0.2,0.5,3,205.27273469469017,1245.544411013793
16,2,0.777070763851375,0.9958697695590419,0.9938120874387092,0.9858894507002686,0.6420556162457514,0.09885320144381961,0.08061290887711842,0.286124372542057,1.0,0.2,0.5,4,111.6006224636718,761.5018153814104
16,3,0.6632789732920992,0.9245760335119239,0.92215207136054,0.9133641250333708,0.3678860642898756,0.09888208862798652,0.07322106553870984,0.23976600435143197,1.0,0.2,0.5,5,98.26223481649882,585.2111897725621
16,4,0.6536913219125087,0.9269404614985899,0.9244008468365967,0.9151765063229509,0.29580638251074365,0.0989099443651652,0.08309051387096926,0.26994404223566015,1.0,0.2,0.5,6,99.70705764795562,444.67525267414806
16,5,0.5548025698646974,0.8331721317067425,0.8305469397909597,0.8215738311156644,0.19620072641682604,0.09950455608269523,0.03734346404381717,0.1213272368670026,1.0,0.2,0.5,7,87.71421523433945,549.6612287116351
16,6,0.5329698860518937,0.8224292419266392,0.8196653318389027,0.8104738399038199,0.22870269543688065,0.09785847823809955,0.04222394203101005,0.13654776339178182,1.0,0.2,0.5,8,88.59748408404701,411.0904732741445
16,7,0.495413590531136,0.794435709207126,0.791763808145874,0.7816794846104597,0.24800468308245768,0.10320079040919136,0.039352781527645424,0.12477563915363817,1.0,0.2,0.5,9,71.97663731762206,507.0102289208325
16,8,0.4226935139697936,0.735190593556883,0.7320323427337226,0.7204187944915565,0.35837881990134823,0.0981186487289072,0.043178079403928996,0.13886156326091165,1.0,0.2,0.5,10,60.54364005404548,327.8993254202289
16,9,0.33712012086629173,0.638585411389361,0.6346964107364388,0.6207144463761105,0.437413685742727,0.10270576241909188,0.03970448519039684,0.12406541086859665,1.0,0.2,0.5,11,43.08533813816479,330.2661749018261
16,10,0.2926740134142927,0.5851556052827377,0.5810213339897353,0.565890526387907,0.24151250309660532,0.10639384705377793,0.022903659736471467,0.0790425323229026,1.0,0.2,0.5,12,39.677077897869445,150.166729786539
16,11,0.26629906031445194,0.5465174228550471,0.542124769280696,0.5267950110571069,0.19248640063469688,0.09362247858047709,0.028986098766951025,0.090724034001952,1.0,0.2,0.5,14,34.94573032306433,196.84772189814467
16,12,1.6125267754550854,1.8815872290768378,1.877605077541199,1.862816663904149,1.5225628871738854,1.0,0.02401510165327497,1.0,1.0,0.2,0.5,18,29.28670353535539,821.484682896886
16,13,1.6028450521437116,1.8631341107597115,1.859009776085248,1.8441706145340793,1.5305004138889033,1.0,0.02226345078610148,1.0,1.0,0.2,0.5,20,28.17157217486304,976.6049437602376
16,14,1.5551934036942743,1.7524813957505991,1.7481224352051055,1.7287877185592069,1.6559122613011463,1.0,0.004580684513864957,1.0,1.0,0.2,0.5,22,17.19196390467967,1651.9242169590325
16,15,1.5361490982109292,1.6876975534230283,1.6828300625138655,1.6624562966203362,1.6869565591743654,1.0,0.00465282668428078,1.0,1.0,0.2,0.5,23,13.58884013582026,1495.8689985286053
16,16,1.5301753337577408,1.6644759381548424,1.659427964497449,1.6392984407085445,1.5338412044274718,1.0,0.0035114657397735693,1.0,1.0,0.2,0.5,25,12.470267063902998,1496.5168659767726
16,17,1.5279692650879078,1.6560074519685428,1.650893989619058,1.6314762515218488,1.5133208679902013,1.0,0.00288290183440506,1.0,1.0,0.2,0.5,27,12.005738161892609,1491.952677243563
16,18,1.524399858840866,1.6396978750664324,1.634759489062206,1.6156096473716348,1.5234814710870124,1.0,0.0028813292266399006,1.0,1.0,0.2,0.5,29,11.29327694901711,1494.7053649397842
16,19,1.524114625468888,1.6384063168277947,1.6334578366083004,1.6150946966238267,1.5024270590885775,1.0,0.0028549166214698225,1.0,1.0,0.2,0.5,31,11.628310101366209,1371.3244839867616
16,20,1.5232768506930887,1.634840378160099,1.6298646063675841,1.6117521812048525,1.5104954960132722,1.0,0.002408491608157991,1.0,1.0,0.2,0.5,32,11.060472831321295,1494.4701657560963
16,21,1.5225656494319262,1.6316153495827532,1.626917361465389,1.6085964590383774,1.5100065007996397,1.0,0.0023697058662437167,1.0,1.0,0.2,0.5,33,10.91687927081552,1495.662685162776
16,22,1.521848964017114,1.6268415702290056,1.6214975429751894,1.6038414985386116,1.5149297425085748,1.0,0.00392527832638807,1.0,1.0,0.2,0.5,34,11.559680025031698,1335.1736587806586
16,23,1.5214029609045732,1.6261397160465125,1.6210960100047376,1.6050000064722254,1.501080795758171,1.0,0.002161629646504081,1.0,1.0,0.2,0.5,36,11.224143309986008,1221.2590033158906
16,24,1.5213147163597243,1.6257075439127215,1.6206604525470738,1.6045514507247771,1.5016901920598091,1.0,0.0021713702380546864,1.0,1.0,0.2,0.5,37,11.20413690859417,1221.1578179498283
16,25,1.5199206386598476,1.6195159888461228,1.614420917424061,1.5991974727635638,1.518869167607898,1.0,0.0017641813849086768,1.0,1.0,0.2,0.5,38,11.427286819336448,1311.3600785168903
16,26,1.5197370020258283,1.617728893117562,1.6126187473532094,1.596897961987686,1.505088086255928,1.0,0.0024511596359589037,1.0,1.0,0.2,0.5,39,10.781505506576671,1238.3574343692983
16,27,1.5162664504857433,1.6004280126235968,1.5951831227756674,1.5802499488802995,1.525091921352069,1.0,0.0017745020472223834,1.0,1.0,0.2,0.5,41,10.592538427366264,1313.4472793908274
16,28,1.5160758174682456,1.5993757229015308,1.5941225161824475,1.5797351341216341,1.5018933522705105,1.0,0.0018176003521172509,1.0,1.0,0.2,0.5,43,10.468888381648034,1327.6982803874623
16,29,1.515856544567801,1.5982478336914545,1.5929858601332978,1.5790820323122092,1.5035723759622897,1.0,0.0017652880990208532,1.0,1.0,0.2,0.5,44,10.591997676437456,1313.5044173508134
16,30,1.5157647718388876,1.5978307759792958,1.5928685634357602,1.5800201036191106,1.5018276057067703,1.0,0.0017820416173918358,1.0,1.0,0.2,0.5,45,10.510573912592792,1301.2603582364118
16,31,1.5142617535660683,1.58884608043052,1.5847207259240401,1.57015716680579,1.5097024131842525,1.0,0.0029421997462071247,1.0,1.0,0.2,0.5,48,10.76256143367375,788.1685077588636
16,32,1.5138532615143359,1.5815568176262569,1.5770629808589132,1.563430749253686,1.5095766161635897,1.0,0.008204918449771635,1.0,1.0,0.2,0.5,51,10.517197271320338,857.5393233951719
16,33,1.5112134176583367,1.571767671101053,1.567509062007867,1.5541496621208177,1.5256463179593178,1.0,0.0024800363935676617,1.0,1.0,0.2,0.5,52,10.183490923677551,781.3886092003972
16,34,1.5114053488736088,1.5711943171037184,1.5669284495834197,1.5532063145799855,1.503498339740318,1.0,0.004214642231449489,1.0,1.0,0.2,0.5,53,9.93675202212454,794.593151657564
16,35,1.509312231522875,1.560582539450737,1.55593370942264,1.5425993458704756,1.5294936800892094,1.0,0.002061825075423196,1.0,1.0,0.2,0.5,54,9.909634148377902,734.2159490618351
16,36,1.5090324242959368,1.5589819642910547,1.554623714776837,1.5422919015910506,1.501615458853503,1.0,0.0020179670595059456,1.0,1.0,0.2,0.5,58,9.81174569168532,752.5067712614506
16,37,1.5088945962254854,1.5580839282756473,1.5537185787359291,1.5416602835110724,1.503021045290956,1.0,0.0020548903605727134,1.0,1.0,0.2,0.5,59,9.82902285660322,734.4154068861577
16,38,1.5085955658003056,1.556488066183682,1.5524134919722972,1.5410242346296696,1.5051591953885122,1.0,0.001883855380678047,1.0,1.0,0.2,0.5,60,9.764702213269326,761.1746132483966
16,39,1.5078034798550575,1.5513302222569998,1.5469120437857118,1.5355541823199945,1.5149858112507066,1.0,0.0019155176785110354,1.0,1.0,0.2,0.5,61,9.661697206389793,775.5474572580671
16,40,1.507148672448332,1.5477602301516802,1.543920923940807,1.5358092308533056,1.5016157458732,1.0,0.001480468176159513,1.0,1.0,0.2,0.5,69,9.564098915523328,790.9171292397214
16,41,1.5069383421451443,1.5471439985785818,1.5460274465434123,1.5507915647542325,1.5003962848772312,1.0,0.0015314980376599846,1.0,1.0,0.2,0.5,115,9.50259814585682,790.5188359931698
16,42,1.5067963044735195,1.546452958299037,1.5465431207993448,1.5641898200607012,1.5004390342201852,1.0,0.0016418135515529357,1.0,1.0,0.2,0.5,143,9.473642343818726,790.5307149617345
16,43,1.506997081796219,1.546433609503956,1.5486423503910631,1.575886997347723,1.5007925425103785,1.0,0.003408033484484696,1.0,1.0,0.2,0.5,169,9.525247336895454,772.6314937537434
17,0,0.947665990739457,0.8900964680419287,0.8892338477281937,0.8853590320986229,0.0,0.0,0.0,0.0,1.0,0.2,0.5,1,224.6826983619305,1349.700923484295
17,1,0.9758900326906284,0.9654890490613961,0.964482686704306,0.9603668563205203,0.12011056633733419,0.0936337228020915,8.400228301427408e-05,0.00011546190432843,1.0,0.2,0.5,3,208.9718064789693,1308.0042467600167
17,2,0.777190533579369,1.0003759133831969,0.9982875014650867,0.9902486512339452,0.6641391696887693,0.09948789179263842,0.08150813897967975,0.3013397007173789,1.0,0.2,0.5,4,123.91060532601146,738.6566483643294
17,3,1.0662349778763929,1.3767557760661444,1.3733514185704423,1.3606662053181156,1.2933906239654325,0.2445487317821581,0.3297581361484827,1.0,1.0,0.2,0.5,5,66.26260994250772,251.75485939498185
17,4,0.7473397214814309,1.0567407498222217,1.0528810395948958,1.0395537318912844,0.6320850230749747,0.1851800544590895,0.15584140627230042,0.6642866765025558,1.0,0.2,0.5,7,52.61725830332555,223.81475474210995
17,5,0.808002329267951,1.1167185718110104,1.112813983325042,1.099647843623928,0.6309490912834046,0.24312098074631322,0.16868823817572529,0.6746792048956538,1.0,0.2,0.5,8,55.41887938755188,209.62649156642564
17,6,1.6163369045776144,1.871973920951764,1.8668675144988098,1.8490380216364914,1.9649143043438262,1.0,0.1128735516581526,1.0,1.0,0.2,0.5,9,29.099615944395826,82.10179548870673
17,7,1.5834270506465546,1.8021858106249573,1.7965759115650137,1.7773574204252165,1.6087680292505533,1.0,0.08468888785145247,1.0,1.0,0.2,0.5,11,22.94558696364723,76.38873162208755
17,8,1.573519037470552,1.7749969046858456,1.7691735084392441,1.7495726279326898,1.5566978631525072,1.0,0.08474819465736587,1.0,1.0,0.2,0.5,13,20.040541847313484,64.1987177157606
17,9,1.564296704129026,1.7498486069337116,1.7438409978467764,1.7243382345269405,1.5818145082661121,1.0,0.07636771885684167,1.0,1.0,0.2,0.5,14,18.560275890296264,53.990044513634544
17,10,0.4120828652077456,0.5666935019367334,0.560645931824511,0.5392162193585972,0.5033344850542462,0.1913157859515717,0.08347954467411417,0.3355958560421613,1.0,0.2,0.5,15,15.510783349433243,75.0686643630156
17,11,0.4515231510484795,0.5946173459364054,0.5884492787595608,0.5674512172588962,0.4619768878961823,0.1949145707308228,0.10016084766564534,0.4082714420061199,1.0,0.2,0.5,16,14.99334236368645,52.82437087247741
17,12,0.4024383408945734,0.5369612506418395,0.5307032404932346,0.5089168841125686,0.4068918505084196,0.18828310167585585,0.08357838935063652,0.33577608930987146,1.0,0.2,0.5,17,13.782023967660708,70.9507085130467
17,13,0.48857593822407436,0.5889091766377801,0.5832160052072477,0.5594585899412914,0.5952572764065371,0.2076386188749991,0.09995349929141144,0.4821713614473325,1.0,0.2,0.5,18,12.075239439082871,41.6951187207448
17,14,0.4173524179989919,0.5024224290397993,0.4965804108286216,0.47313140262199227,0.4284469029354294,0.20529954178744764,0.07500092046114375,0.3617924291290064,1.0,0.2,0.5,20,11.181597716503276,41.65043285593768
17,15,0.41665090191371057,0.5003740047309493,0.49451901397612796,0.47116786481835304,0.4054689410448493,0.2048907518582573,0.0750084132358357,0.36181454000762997,1.0,0.2,0.5,21,10.904410542898583,41.256661407153246
17,16,0.41018315754091855,0.4851542776384964,0.4792150727102521,0.4556409412060551,0.42729244462965005,0.20942343656687817,0.07148095248227637,0.3451825371507169,1.0,0.2,0.5,22,11.313629080564828,37.920392981201005
17,17,0.41989130356880844,0.4923246971342164,0.48636119925045224,0.4628488378293345,0.4154460858958512,0.21097878820978816,0.07479333993123397,0.3612677127998586,1.0,0.2,0.5,23,10.841844482259155,38.57710706108793
17,18,0.37038061279373646,0.4370359097949563,0.4310174157055612,0.40729430085327645,0.3784694897634855,0.20871897895673247,0.05721753476859171,0.27626025548378236,1.0,0.2,0.5,24,10.847173194658142,34.30583881781636
17,19,0.3449397332145169,0.41076455019294544,0.40473816104086136,0.38242478984479833,0.33447972884175475,0.208399162389181,0.04766214841561459,0.23018986589704565,1.0,0.2,0.5,26,11.09291557959252,35.17160452660197
17,20,0.3472753046108208,0.41218864162279306,0.4061535874133003,0.3838073769642821,0.3371515343448475,0.21097527768546764,0.04761798179105539,0.2301093325254154,1.0,0.2,0.5,28,11.052543016677282,34.52176888518646
17,21,0.3466182146076951,0.4070194220338538,0.40094172915124227,0.37886073556434763,0.3514689347322759,0.21123566608648486,0.047622970555327444,0.23012406829914905,1.0,0.2,0.5,29,10.61667211722631,31.829806394172085
17,22,0.34459097907488456,0.4038299049264401,0.3977412288554647,0.37467144144432774,0.33805792278231706,0.20938697131502443,0.04766152954133837,0.23022210511824198,1.0,0.2,0.5,30,10.444162671511506,32.08804757403924
17,23,0.3264946073040157,0.3825709507186431,0.37645248300480694,0.35491588672314633,0.32750574879889727,0.20975253584021442,0.04083519309518725,0.1972943341544851,1.0,0.2,0.5,31,10.021094863691928,32.11000687498773
17,24,0.33091650222453434,0.3862465444927151,0.3807269771553896,0.3604564437257941,0.32181152377935074,0.21447756342535143,0.040755162481826465,0.19708666314142448,1.0,0.2,0.5,36,10.575437546082885,32.64901546476811
17,25,0.34885576464174667,0.40215973896053736,0.3966211336597979,0.3778643247443595,0.34651372353057425,0.21397509318272462,0.04813583810033868,0.23181531753447931,1.0,0.2,0.5,37,10.484924007429331,36.23478508576428
17,26,0.317270823876004,0.3700687017764875,0.36452531307600644,0.3455642665733495,0.3085976779967867,0.21465096925485497,0.0356643754189168,0.1724775966501365,1.0,0.2,0.5,40,10.29328022296163,31.380246834969352
17,27,0.3282015400189151,0.3750145608912565,0.3697181643117983,0.3515899092837098,0.3409802931255223,0.21248994403369115,0.04126902027121305,0.1987467335820824,1.0,0.2,0.5,41,10.195648655887885,42.425148641740726
17,28,0.3308610227018697,0.375753383478822,0.3704390690297511,0.352038193886311,0.32642366505347936,0.21579102411627332,0.04109957792509724,0.19825164218842847,1.0,0.2,0.5,43,10.085889144131317,32.52803555123772
17,29,0.3309188246535093,0.3758861509762543,0.3708755401405611,0.3536512523568175,0.3232144469638248,0.21582407986166857,0.04112217391123601,0.1982977014316876,1.0,0.2,0.5,46,10.08898829281891,32.5574451184796
17,30,0.3097046862094089,0.35360467751388625,0.3488870699206381,0.33143058199818126,0.3061547109528767,0.20800816791139085,0.03612359788421293,0.17393117695707155,1.0,0.2,0.5,47,10.084842601170488,43.5362654088804
17,31,0.18141781277380364,0.2238305665060857,0.2197049407072448,0.20587155110561975,0.17493215989096234,0.1549704321274049,0.008668178602193035,0.0350313373967443,1.0,0.2,0.5,55,10.134887462014806,33.85062844263203
17,32,0.18029245339388142,0.2188095203677276,0.2143448726603017,0.20086407042579932,0.18674733656352632,0.15489626724399008,0.00847559307977284,0.034390464450719846,1.0,0.2,0.5,56,10.089970499483297,46.754109128755104
17,33,0.17979865325069852,0.21591157679644385,0.212030622065134,0.19904203908503737,0.1759598186947657,0.15423687080209283,0.008813977333619842,0.03551431045530148,1.0,0.2,0.5,60,9.831070745448953,37.03813784571609
17,34,0.18015650249725096,0.21398324567207355,0.210384089331685,0.1987181253521179,0.17854439851496084,0.15502672215750785,0.008811986081304225,0.03548683085498147,1.0,0.2,0.5,62,9.742859951628027,36.57046514883003
17,35,0.18063081616007384,0.21396636324116047,0.21036268147044074,0.1943691355874639,0.17564756329316294,0.15549425658465788,0.008874840319264533,0.035647462374547315,1.0,0.2,0.5,65,9.741912230569822,36.12289080387824
17,36,0.17781239046133857,0.209572422065234,0.20625716269083824,0.19585046490965874,0.1753836388304336,0.15501506330806905,0.007928954085193726,0.03192805004767322,1.0,0.2,0.5,67,9.656958312807928,33.287793352991365
17,37,0.17681434115235506,0.20852314148079845,0.20520740739705365,0.1957701017474917,0.17163346987344688,0.1540752971826776,0.007891896221136396,0.03184408653171217,1.0,0.2,0.5,70,9.686771373280967,32.84105467200394
17,38,0.1766071238161633,0.20528989685833898,0.20164339920438865,0.19443917074158873,0.17385817380988208,0.15577793254498404,0.007287292410665144,0.02927752169212474,1.0,0.2,0.5,75,9.544208101356048,31.34773401834404
17,39,0.17578742151884036,0.20286450210502383,0.20011213417790438,0.1948444728253251,0.1720058948119733,0.15530642533900194,0.007280043559217041,0.029221980481124836,1.0,0.2,0.5,85,9.490500184605402,31.85770950541844
17,40,0.1758427697473695,0.2025858182440856,0.1998303731540334,0.1952520412712345,0.1720481056923486,0.15544941843799015,0.0072869348989519165,0.02915691731433704,1.0,0.2,0.5,87,9.52763855286114,31.831403911722813
17,41,0.888253629510767,0.9146426996314834,0.9137018416620583,0.9160506689033296,0.884177773331545,0.3825587410744582,0.00744052719107601,1.0,1.0,0.2,0.5,110,9.4826617699551,44.96661296667156
17,42,0.8883530990817871,0.9148290139867286,0.9141918594362326,0.9184372095110576,0.8841489608807567,0.3826587368751627,0.007440548706882054,1.0,1.0,0.2,0.5,115,9.48270441576679,44.97691089951058
17,43,0.886975514978452,0.9125042531552164,0.9118583775294433,0.9163497371332489,0.886116126634906,0.38143550504398366,0.007463344333317868,1.0,1.0,0.2,0.5,116,9.418893232486049,43.68788916359296
17,44,0.9836819574804663,1.0090841529930212,1.009043029346127,1.0145830194859302,0.9800296365965295,0.4780199914530662,0.008329483424692257,1.0,1.0,0.2,0.5,119,9.321605587295752,45.91850180357751
17,45,0.8546800610626017,0.8785878019849518,0.8785329655709362,0.8843652939463292,0.8534451133303282,0.3494350626780983,0.007488617409940646,1.0,1.0,0.2,0.5,121,9.269042924160424,37.73737548726555
17,46,0.9871269768011427,1.0106165880273559,1.0105579297991965,1.0170648014573176,0.9841512115539757,0.48178917872159566,0.00829889471556905,1.0,1.0,0.2,0.5,123,9.32817228642616,42.19449892681895
17,47,0.7871089559825448,0.809461664897009,0.8084838119723613,0.8188761458872542,0.7839379618730344,0.3234272927730872,0.007506626273037624,0.9172909031616839,1.0,0.2,0.5,131,9.482241490257502,163.12400646154484
17,48,1.006298703319901,1.0286670840031373,1.029204153139821,1.0386683599736397,1.003564378720796,0.5011755199893482,0.008298914653192145,1.0,1.0,0.2,0.5,133,9.279048756038502,41.90558101094688
17,49,1.0049318594617873,1.027103418574877,1.0276386799941266,1.0384711517144052,1.0018308158489897,0.4998303526534558,0.008352153587209199,1.0,1.0,0.2,0.5,135,9.279453222257947,42.28859372524459
17,50,1.0309880988662976,1.0527816229612745,1.0539194111546457,1.06739548898239,1.028584578116952,0.5261471002786846,0.007507149872019648,1.0,1.0,0.2,0.5,137,9.308761717508032,85.60992664102889
17,51,0.7479742065657768,0.7670795559997825,0.7669808687957668,0.7736062656294946,0.7476143487949448,0.24351197803167798,0.007508148305120468,1.0,1.0,0.2,0.5,140,9.220555501892957,630.4682684171286
17,52,0.7483911839160806,0.7672876608912313,0.7680959967035885,0.776284630202654,0.746309802011875,0.24400547949492507,0.007512558097569682,1.0,1.0,0.2,0.5,142,9.2244682979022,618.669619840218
17,53,0.7253294674293753,0.7433814124519458,0.743273147680153,0.7589185368138975,0.7229234818723325,0.22103925721550163,0.007498183653695158,1.0,1.0,0.2,0.5,147,9.209891872863285,406.5662254959371
17,54,0.8761221743243659,0.8927962144112127,0.8938873029564105,0.9142547683555993,0.8742558760815062,0.372231108803848,0.006894972510566742,1.0,1.0,0.2,0.5,156,9.33290500839024,203.4192815995268
17,55,0.8760662478694936,0.8923737175821576,0.8934614868809754,0.915230141258417,0.8742247272719721,0.37222532533435493,0.0069363008523676654,1.0,1.0,0.2,0.5,158,9.304383804901358,203.42377772859217
17,56,0.8760662464465407,0.892463722073046,0.8938552677043341,0.9163170757046647,0.8736126280628089,0.37222532392865204,0.00693630083729681,1.0,1.0,0.2,0.5,160,9.304383789137288,203.42377679735856
17,57,0.8759386582872473,0.8929606466222628,0.8964786024414924,0.9110264784686328,0.8735045258923159,0.3720986415249104,0.0069362112969105,1.0,1.0,0.2,0.5,161,9.318530998314648,204.26039017824493
17,58,0.8757910084111795,0.8920768039373752,0.8931644028621293,0.9163462343165505,0.8733948924976674,0.3719509337657504,0.0069493823039349515,1.0,1.0,0.2,0.5,162,9.322535280951982,215.7366774077795
17,59,0.8626448881198776,0.8781060621443926,0.8788831104764581,0.9051295031728169,0.8605568112481551,0.35892215405245936,0.006946423393633174,1.0,1.0,0.2,0.5,172,9.253167064236322,211.1664024871217
17,60,0.8736750611005015,0.8889266314525621,0.8897017502728712,0.9159408907624318,0.8717250560574187,0.3699834552761669,0.006957052393140134,1.0,1.0,0.2,0.5,174,9.27030042637676,199.65265034197856
17,61,0.8737218306103703,0.888973869601245,0.8900520272399014,0.916592465093552,0.8715852130765516,0.37004425459031176,0.006957805747170114,1.0,1.0,0.2,0.5,176,9.273090855531033,199.9284503576457
17,62,0.7374006112411253,0.7526805937136787,0.7546678555526192,0.7881131522283535,0.735210627893452,0.275874131703154,0.006999543920185041,0.9157577422771516,1.0,0.2,0.5,190,9.270164959411108,108.9217229817228
17,63,0.808589927582912,0.823559621912539,0.8258471024731864,0.859158545919743,0.8077418279214986,0.30487668312691296,0.007644081698156422,1.0,1.0,0.2,0.5,191,9.219253371475958,108.447566938106
17,64,0.8576917024760027,0.8726477271324545,0.874935063672256,0.9127966900663931,0.8555246045067836,0.35410446175797944,0.007024821390102089,1.0,1.0,0.2,0.5,194,9.306003105928722,89.75175126961196
17,65,0.7397386864915763,0.7545994335818829,0.7568859121239875,0.7920655356584572,0.7378891140751441,0.273424178855246,0.006944258718925878,0.9255168237024909,1.0,0.2,0.5,195,9.232058066796307,105.74870473990616
17,66,0.8624459490121927,0.8767904368106021,0.8787691682620256,0.9172853392361096,0.8617683128360923,0.3589405553468437,0.007026732723167579,1.0,1.0,0.2,0.5,196,9.234699451208686,89.18478940800588
17,67,0.8621127908540089,0.8765065054441661,0.8787887256818563,0.9177157059120219,0.8600871433751498,0.3586119718748585,0.007035965550192628,1.0,1.0,0.2,0.5,198,9.233036930471435,89.33804458317701
18,0,0.9510472162710626,0.8910090083248425,0.8901535347035222,0.8863061171163182,0.0,0.0,0.0,0.0,1.0,0.2,0.5,1,221.683707709939,1356.8996424895995
18,1,1.0099684115012406,0.982076260270252,0.9811247841903314,0.977218319207975,0.12093237434891904,0.10326247146534684,2.073732655007983e-05,6.986205701064e-05,1.0,0.2,0.5,3,213.02404876195115,1230.3900985548216
18,2,0.7557272710164685,0.9767355699886885,0.9746613669770453,0.9666752434177753,0.6532541660621637,0.09949555276506752,0.08557968459612014,0.2487701863884523,1.0,0.2,0.5,4,118.83912434968876,800.6329748637446
18,3,0.6805669189836988,0.9442688223879347,0.9418190090851712,0.9329316186167707,0.3943516581727981,0.09891228398839048,0.06712823399149444,0.28811422443672474,1.0,0.2,0.5,5,94.66863209593669,618.4627941590924
18,4,0.6902702317577624,0.9719494884664461,0.9692791358822204,0.9595500474563345,0.39324309461250995,0.09893300170491416,0.07478559880027882,0.39656860880333983,1.0,0.2,0.5,6,83.34851944162841,489.73350554031816
18,5,1.1280234826674893,1.4253028460133432,1.422370567723323,1.4122636840340832,0.8472883907243093,0.09890221709711963,1.0,1.0,1.0,0.2,0.5,8,76.89351724242975,540.8989208895108
18,6,0.9854501881321082,1.2903786329718665,1.2872407992247916,1.2770773982757042,0.7649844265202814,0.09936358054366892,0.45401400117239876,1.0,1.0,0.2,0.5,9,73.54737570567944,411.3477079632248
18,7,0.870626805313294,1.1813445158135658,1.177922408307409,1.1679581842617983,0.6695343494181579,0.10010189144617791,0.293259506664842,0.9171849703623458,1.0,0.2,0.5,11,62.71342636340943,373.1961223472573
18,8,0.7807652647839711,1.0923146413863705,1.0886865763263112,1.0781451884216804,0.6302732869937663,0.10051607764007937,0.2487743332956406,0.8085777181885326,1.0,0.2,0.5,12,58.42506105419006,284.55991737887365
18,9,0.845840508053263,1.1570580245997657,1.1533617186347034,1.1427379727206557,0.6530135977774495,0.10107336916129286,0.2993581164757835,0.9341202243804071,1.0,0.2,0.5,13,53.73847780444412,343.3634616398141
18,10,0.8612973567982828,1.170031462140789,1.1661318684636495,1.154962418142373,0.7415125366614952,0.10055476295650445,0.33160257871911536,1.0,1.0,0.2,0.5,14,50.62488456787682,300.84113011920743
18,11,0.3173930729395017,0.6113136412225016,0.6069168179885425,0.5934233118394127,0.354208182237811,0.10132237448033668,0.01893004620729185,0.13279481206588484,1.0,0.2,0.5,15,45.61584481838788,250.4395570013285
18,12,0.7868977692616993,1.073492753677634,1.068931121658391,1.0556433407437205,0.7151362122890325,0.10062014638227305,0.2703054650469273,1.0,1.0,0.2,0.5,16,36.10558341547953,244.51645050812547
18,13,0.27701699455275136,0.5619412541320741,0.5573449915478478,0.5437195180241137,0.16029454610200328,0.10144702894400463,0.012630713716835844,0.08714883265723714,1.0,0.2,0.5,17,42.15295241166738,230.57694228852327
18,14,0.6515799308768668,0.9253551453206288,0.9205475104780337,0.9069763418241453,0.6155459412620452,0.09987051278030336,0.21779347335668525,0.7889256911232196,1.0,0.2,0.5,18,32.082327754529786,227.23124098551563
18,15,0.2059184551323179,0.46115357224131925,0.4575563283769999,0.4416750474915124,0.22570814121727642,0.10504765276383421,0.0017701767276885238,0.014280801852268248,1.0,0.2,0.5,19,32.71607500745208,135.0156054540541
18,16,0.18882234769188658,0.4257363808467247,0.42157460331664376,0.4049462939765819,0.15830324096633983,0.10022013249937126,0.001894421762011032,0.01966702643821484,1.0,0.2,0.5,21,27.25932348233109,115.10824454216272
18,17,0.18395520553235462,0.4178157068164477,0.41361264715860563,0.397748388877634,0.1229354012712343,0.09742185270888992,0.00178772933333573,0.01998435444648073,1.0,0.2,0.5,22,26.50719392889504,123.6723344611298
18,18,0.1918772275059926,0.4139268880716194,0.4098720495696953,0.3937009324889512,0.152210183031491,0.09721860378096636,0.002468453978162101,0.051831716577722786,1.0,0.2,0.5,24,24.05752533842488,102.10646123389525
18,19,0.18464176904422744,0.39859083205403223,0.3944339430836312,0.37829845567595993,0.1586930041878443,0.09714485455110072,0.0013570298923899103,0.04771626515948914,1.0,0.2,0.5,25,22.32816815008984,97.70220961998233
18,20,0.1846417690461181,0.39859083205403223,0.3944339430836312,0.3781382776680373,0.12127445895501507,0.09714485455110075,0.0013570298923899103,0.04771626515948914,1.0,0.2,0.5,26,22.328168152160007,97.70220933417964
18,21,0.1674714615584838,0.3604043912232265,0.3559956195610607,0.33987351261780996,0.2077590210591785,0.09708612487527449,0.0010297986537455071,0.035819382766564975,1.0,0.2,0.5,27,19.775906421160744,81.92630456249171
18,22,0.1581335248325858,0.3325747287877494,0.32795584304893155,0.3108642197100185,0.19129813282367358,0.09602071026567892,0.0010382992346292664,0.03582658214033299,1.0,0.2,0.5,28,17.644896979740636,78.9423452668284
18,23,0.1461737153203186,0.3124942226792195,0.30778571601486027,0.29024427098521294,0.1219024887204198,0.09586628709730216,0.0020432600679842513,0.01837697356812504,1.0,0.2,0.5,30,17.461471219422744,125.6918335128477
18,24,0.1378729588024713,0.29435444083628504,0.28953956222534455,0.2725838482900267,0.1399463403157852,0.09426209446257848,0.0015597157400665258,0.01261700599446588,1.0,0.2,0.5,31,16.210223615233108,124.66300746545733
18,25,0.13721696817536413,0.27865250412121234,0.27367856241899724,0.2556725773775029,0.16386691508710094,0.09571408372505802,0.0021263581291288765,0.0186150366775427,1.0,0.2,0.5,32,15.131264119215608,113.41491427100804
18,26,0.13555297781772163,0.272679441009315,0.2676606959814167,0.25030844442933203,0.1216256307319899,0.09695746793286272,0.002159847598067165,0.01558472890755153,1.0,0.2,0.5,33,15.12962191160178,103.90542843433477
18,27,0.13488930414040576,0.26689225428957636,0.2618205920260918,0.2445412574217334,0.12554840082527485,0.09648260481814155,0.0022041402720608676,0.01841652906729132,1.0,0.2,0.5,34,14.308837471618878,109.32728081717664
18,28,0.12798926891306442,0.24532555500234968,0.24010479854392133,0.22271744950799224,0.1583420952413025,0.09670239508385682,0.0018197326721142788,0.013004765208604972,1.0,0.2,0.5,35,13.547605987060546,102.37860575841331
18,29,0.12820505646950933,0.24298094353778749,0.2377343988884872,0.22080903212628025,0.11402008491594652,0.09652589877974038,0.0017261605627334681,0.015270944826710969,1.0,0.2,0.5,36,13.218380509116,89.76975788736301
18,30,0.1254343924061251,0.23543115877732415,0.23013684135400317,0.21330858218436713,0.12055486581787196,0.09491884742704744,0.0017864848787503306,0.015531833522038,1.0,0.2,0.5,37,12.949428056624331,104.34925157362878
18,31,0.12478863038115759,0.2282020931376097,0.22284245075466083,0.20652480803331413,0.12815353758817455,0.0972511836904294,0.0015126985026382928,0.01317121782825241,1.0,0.2,0.5,38,12.268628924055417,85.04026874701319
18,32,0.12246947812605394,0.22259352288691764,0.2175043161372418,0.20114538038147792,0.10879888638479121,0.0958532189227554,0.0014942587426549127,0.013069216643445769,1.0,0.2,0.5,40,12.114818160379508,87.85689665752324
18,33,0.11958230409974506,0.2103598131559813,0.20487625016545913,0.18914180085235482,0.13533048849063792,0.09608816447878477,0.0013155478246975982,0.01147149761966028,1.0,0.2,0.5,41,11.504549169544616,87.88040412360317
18,34,0.11913176119030454,0.20900244675685864,0.20381290381572081,0.1884285409157604,0.10365661487658688,0.09591374091018616,0.0013070216752376844,0.01140118438119978,1.0,0.2,0.5,43,11.393230738018948,87.51736911749663
18,35,0.11790531733576333,0.20624930842367756,0.20074203178459493,0.18520586424296676,0.10612012673133939,0.09482988197092254,0.0013550072370278503,0.01178184047218303,1.0,0.2,0.5,44,11.309169505996945,87.0247269267891
18,36,0.11764584949290974,0.20341121044149446,0.19818185425472976,0.1834337718733777,0.11086463130466481,0.09603925315498149,0.0011743476055746792,0.01017384426689525,1.0,0.2,0.5,45,11.170968904685813,86.32424548489699
18,37,0.11721334801851824,0.20179298791290792,0.19655209930310116,0.18205774319822526,0.10335574822656116,0.09336349935051848,0.002132296786934694,0.014839884314687371,1.0,0.2,0.5,47,10.70483611649806,82.68476466103382
18,38,0.1139871572495457,0.1937748420732437,0.18818485806091087,0.17399672427333898,0.11564980978438047,0.09369068006968184,0.0011827863569418356,0.01025915971077331,1.0,0.2,0.5,48,10.740843291304918,89.54651954345616
18,39,0.116132279263424,0.1955899230095444,0.19029967527040284,0.1765064052114313,0.1020308788061198,0.0943571455739562,0.0016337281420821328,0.01322403819611496,1.0,0.2,0.5,50,10.781693760729228,91.57439263548652
18,40,0.11889619142785522,0.19742875225598197,0.19212963056525065,0.1783768101141552,0.10753910431489928,0.0961655201982334,0.0019392470717603451,0.015429763464876681,1.0,0.2,0.5,51,10.80600603667508,82.0628307265396
18,41,0.11524672009654523,0.1918036401677885,0.18648553251140915,0.1731796015164054,0.10801876235215,0.09384560321590055,0.0017292412282578942,0.013735567325624079,1.0,0.2,0.5,52,10.706000044374337,81.51262729700652
18,42,0.11493089610842239,0.18979298217413398,0.1844586603700447,0.1713875052040867,0.10708114580883314,0.09412623384623311,0.0016663448056766905,0.01331631051526117,1.0,0.2,0.5,53,10.560183130019356,91.09307386217182
18,43,0.11560596787520264,0.19044925821032146,0.18511474571847203,0.17233975250811,0.1018631833468269,0.09481021909071809,0.001663187341736322,0.01330803699790831,1.0,0.2,0.5,54,10.567356596760064,91.72758060657452
18,44,0.11489604438347241,0.18968944023103324,0.18465732037655158,0.172009112721758,0.10160914880354169,0.09412623384623314,0.0016663448056766905,0.01331631051526117,1.0,0.2,0.5,55,10.5410878746044,91.287563370931
18,45,0.11286294864426787,0.1833963703509015,0.1783235702031812,0.166421935904304,0.10498956917446817,0.09371527472740535,0.001498901911277081,0.01198767546785201,1.0,0.2,0.5,58,10.422870505147898,87.31330727794479
18,46,1.5122633833584422,1.5790841729849643,1.57518776027387,1.5629394975327369,1.5145006480063201,1.0,0.0013642251966398814,1.0,1.0,0.2,0.5,59,10.40068464500446,80.42374243673275
18,47,1.5105781495296373,1.5692522969843343,1.5652788646633031,1.554974203501541,1.5144047693984344,1.0,0.0012892636956081832,1.0,1.0,0.2,0.5,61,9.92511069502564,76.89005820569096
18,48,1.510175591988631,1.5667959252699968,1.5625002222558686,1.5514386154916928,1.507035655218191,1.0,0.0012346714267659042,1.0,1.0,0.2,0.5,62,9.962716046510677,75.62479208530894
18,49,1.5096475282792179,1.5638236023577117,1.5598078724127282,1.549116843710707,1.5089630861401384,1.0,0.001091306756877028,1.0,1.0,0.2,0.5,63,9.81504222523894,77.82577138655202
18,50,1.5095135114815825,1.562995815712868,1.5589735675642498,1.548800131035399,1.5026088154226953,1.0,0.0010984460760081155,1.0,1.0,0.2,0.5,64,9.591025535938218,77.13444951940855
18,51,1.5087145188806623,1.5580664953100896,1.55400560660949,1.5443198686648707,1.5073169730047837,1.0,0.0010852458139948924,1.0,1.0,0.2,0.5,66,9.387203849019077,72.97808300044727
18,52,1.5087067039815725,1.5581068335452801,1.554349349152585,1.5451365165121758,1.5002890334433698,1.0,0.001086093747176985,1.0,1.0,0.2,0.5,68,9.389302660534383,72.7401790606154
18,53,1.5086754386461225,1.5580014348358922,1.5545461839702828,1.54548279485008,1.5004986371058333,1.0,0.0010860390363059901,1.0,1.0,0.2,0.5,70,9.406802883600918,72.65713910585892
18,54,1.5086418803041697,1.5577692016629856,1.5543120823333005,1.5458892833708822,1.5009070574505359,1.0,0.0011083980137524747,1.0,1.0,0.2,0.5,71,9.459697608954974,73.86495176303383
18,55,1.50838696573508,1.5554018512181256,1.5519250350629266,1.5453691595454762,1.502175423671458,1.0,0.0018311604326389141,1.0,1.0,0.2,0.5,75,9.58929131188971,79.3242546778021
18,56,1.5078609196432593,1.5518705197055018,1.5483657196248761,1.5435802625331891,1.5038273332416046,1.0,0.002005603283054597,1.0,1.0,0.2,0.5,78,9.465679700429613,79.90097729719398
18,57,1.507760416547049,1.551389116737473,1.547880742257002,1.5430817844216669,1.5016718577783192,1.0,0.0018553281620212266,1.0,1.0,0.2,0.5,79,9.42193445311054,80.13485250377629
18,58,1.5071634458476264,1.5475220493715,1.5439833321006633,1.5403747951995665,1.5040905309299217,1.0,0.001865985964150446,1.0,1.0,0.2,0.5,82,9.227112239926798,78.93738618024949
18,59,1.5071364400380103,1.547436350394825,1.54419999850502,1.5417721391463168,1.5006264436923842,1.0,0.001865985964150446,1.0,1.0,0.2,0.5,84,9.2407244849293,78.93850094092203
18,60,1.075680593499187,1.1149060217566902,1.1122656846713417,1.1120627005708736,1.069855802823839,0.5690075372591007,0.000683625958237503,1.0,1.0,0.2,0.5,90,8.876836935192646,73.93289213215185
18,61,1.5064981764196237,1.5448403596314488,1.542494769341314,1.5445114657378531,1.5009642693245295,1.0,0.0006843640848074436,1.0,1.0,0.2,0.5,94,8.855632749450145,73.26198423719914
18,62,1.5062506589337754,1.5432043143376375,1.5408458389047575,1.543155767303774,1.501710145585723,1.0,0.0006877306653260625,1.0,1.0,0.2,0.5,97,8.641932134529647,73.92520597310381
18,63,1.5062026138025357,1.542969190595028,1.5409119278621917,1.544187128626118,1.5010789565383755,1.0,0.0006938788665320313,1.0,1.0,0.2,0.5,98,8.83853437390086,68.50755091086654
18,64,1.5061883584361506,1.5429876316317324,1.5412337061195982,1.545765667719346,1.5002320400092306,1.0,0.0006735766755476078,1.0,1.0,0.2,0.5,100,8.828294450026908,68.6085654249898
18,65,1.506710282527577,1.5427292271907966,1.5403621117429773,1.5437747246000186,1.501170666582074,1.0,0.003815927161391784,1.0,1.0,0.2,0.5,105,8.878048483339406,99.10057222634238
18,66,1.505778779455501,1.5399283963868213,1.5381499796866893,1.5423891721632563,1.5019297106006633,1.0,0.0009645061214349517,1.0,1.0,0.2,0.5,109,9.140234595171906,70.04820883387166
18,67,1.5056198162086756,1.5388564725540552,1.5370696225192984,1.5436380331974016,1.5009688043590612,1.0,0.00097008237939822,1.0,1.0,0.2,0.5,113,9.189904817672089,69.80481162839972
18,68,1.5054721388847112,1.537857366560876,1.5360626768792198,1.544287349251381,1.5009127020450994,1.0,0.000971022494625271,1.0,1.0,0.2,0.5,117,9.063828864374768,69.55342150016267
18,69,1.5054241348968378,1.5374797901574127,1.5359850305536928,1.5454941339849209,1.5016384051835379,1.0,0.0010950887604821032,1.0,1.0,0.2,0.5,118,9.11415394605962,70.29354459850428
18,70,1.505110350364679,1.536156887161566,1.5358646160750564,1.5467493612773642,1.501684693874527,1.0,0.000708911716837155,1.0,1.0,0.2,0.5,121,8.731033125782334,69.57389451822691
18,71,0.29827942125784546,0.32780639241268794,0.327197241198197,0.3363676637695688,0.29596915685289876,0.2599810199426179,0.0007094286426863406,0.06686615534350153,1.0,0.2,0.5,123,8.684937976735162,67.34332374773977
18,72,1.5047406722310568,1.5333779699714272,1.5324576881486187,1.552338668781328,1.5002619230031282,1.0,0.0007678770965784506,1.0,1.0,0.2,0.5,150,8.601873397163724,79.89717683296246
18,73,1.504686752977429,1.5336835049071087,1.5348872702806082,1.557830504603731,1.5002598146689239,1.0,0.0007283592066603516,1.0,1.0,0.2,0.5,156,8.679356678688501,82.47443478525985
18,74,1.5044871052192295,1.532129937253938,1.5327153258844148,1.5553382558404774,1.5021232245759013,1.0,0.0007244087456407326,1.0,1.0,0.2,0.5,158,8.723305215596126,86.85125292334287
18,75,1.5045078077669913,1.5325192447362777,1.534622733168526,1.5631477786844232,1.5001976637481171,1.0,0.0008967575991967508,1.0,1.0,0.2,0.5,173,8.717558300637219,85.66344643047405
18,76,1.3251116995073091,1.3519774197087076,1.3525556238353218,1.3807237674590682,1.3220712690726557,0.8207464788535619,0.000769714587732125,1.0,1.0,0.2,0.5,175,8.691672948581811,67.55039600796802
18,77,1.2775926487323348,1.3038994593038213,1.3044725787058025,1.3343778402106656,1.2741773212647445,0.7733213097373034,0.000769790451086196,1.0,1.0,0.2,0.5,178,8.69881595895131,67.57076885398453
18,78,1.1210953409730855,1.1454277842590697,1.1465887910779555,1.1764803675085866,1.1245846988271837,0.61718058659268,0.0007837157181416221,1.0,1.0,0.2,0.5,179,8.74965107557623,70.98972558815422
18,79,1.5039140821079782,1.528243205778529,1.5294041794081488,1.5603624053144256,1.5001593786517151,1.0,0.0007830934838310916,1.0,1.0,0.2,0.5,183,8.697277297707329,68.19803556856249
18,80,1.5038769247242925,1.5279806992169522,1.5291396058489788,1.5605273838170883,1.500411275344089,1.0,0.0007841721697007772,1.0,1.0,0.2,0.5,186,8.61173949715383,77.88704849818187
18,81,1.503860755443424,1.5279595895500462,1.5294214032530646,1.561923280736645,1.5001992689018482,1.0,0.0007819020891135516,1.0,1.0,0.2,0.5,188,8.599930780402662,77.6141051138947
18,82,1.50385636597666,1.5279253544802804,1.5293868694799042,1.5625904076121186,1.500320601826415,1.0,0.0007847615852240705,1.0,1.0,0.2,0.5,190,8.599083530656277,77.73424353665683
18,83,1.5038551605561887,1.527999512577443,1.5297646204654556,1.5641896563745845,1.5002078289872665,1.0,0.0007907820677534463,1.0,1.0,0.2,0.5,191,8.68506791033551,94.22133183639394
18,84,1.5038324513128742,1.52784663698957,1.529610603761415,1.564286629425052,1.5005974648476672,1.0,0.0007849499424456341,1.0,1.0,0.2,0.5,192,8.580537620508045,77.71576592575502
18,85,1.503790323084412,1.5274324046163277,1.5288900007489155,1.563132637367603,1.5005200944538055,1.0,0.0008074799986972573,1.0,1.0,0.2,0.5,194,8.757063560728701,111.21605625800537
19,0,0.9475011001010447,0.890051992470444,0.8891890358363148,0.8853128694506784,0.0,0.0,0.0,0.0,1.0,0.2,0.5,1,224.81754832483225,1346.3982449737778
19,1,0.9806082824575939,0.9742399159251371,0.9732205343574892,0.9690545119366993,0.1328400359234882,0.10404539459931943,8.339773664612007e-05,0.00011270981830787,1.0,0.2,0.5,3,208.33538513288627,1267.6567667907482
19,2,0.9170687221051561,0.9535340337697721,0.9523693701693305,0.9482423721518621,0.15527611753473486,0.09959046667173535,0.0014107241009548536,0.00410182874067057,1.0,0.2,0.5,4,202.1248655241461,1711.3071909631262
19,3,1.0373709855599738,1.3479098697636527,1.3445042700787875,1.3318147087496035,1.604721771568169,0.21588827246545989,0.3296123000940192,1.0,1.0,0.2,0.5,5,68.01951662962242,244.2111500392869
19,4,0.5962945777593732,0.8981289738308356,0.8939473596522343,0.8793916303095131,0.5735997888365855,0.11564034689938758,0.15667890367967113,0.5678616300028757,1.0,0.2,0.5,7,43.90434626712585,282.3614490647484
19,5,0.5826828455075147,0.8362875688865281,0.8314477816901455,0.8130855010185587,0.6695856054404108,0.16755311278159385,0.1670014648087529,0.5811278556258296,1.0,0.2,0.5,9,29.220219212120394,97.37814308733924
19,6,0.44947313696445623,0.6738261670078923,0.6685836749756894,0.6492213471480645,0.454502263097053,0.16428787108602042,0.11139741625687567,0.38759477938257475,1.0,0.2,0.5,11,23.72877621408907,85.87361677175184
19,7,0.41340643287724366,0.5879956395460545,0.5821640281702126,0.5609796350589317,0.477263357568572,0.15632382939786543,0.11004375522483899,0.3825303001055529,1.0,0.2,0.5,13,18.13806287051126,61.568126281279085
19,8,0.4211742901532668,0.5924183714216273,0.5865461819418419,0.5656399074564429,0.3881971283211213,0.16365227835534485,0.11105446359601305,0.386631508835545,1.0,0.2,0.5,15,17.369766866252096,66.89895950174459
19,9,0.4140555919158866,0.5568668642123347,0.5506958729433178,0.5290144346782829,0.48556518004156324,0.16658402841255998,0.11060997653167519,0.3860064142283784,1.0,0.2,0.5,16,14.79769000462319,79.50223006329243
19,10,0.41250749323492597,0.5533971471351353,0.5472060210451367,0.5261198909479896,0.3881708902827009,0.1655752563045546,0.11067875157941824,0.3861732871265907,1.0,0.2,0.5,17,14.601808696535889,79.07180916985087
19,11,0.33188618990307145,0.44452697920563433,0.4380475547756072,0.41649458792432115,0.41460524685726874,0.16127701086118976,0.07522732690098188,0.26470475125117826,1.0,0.2,0.5,18,13.361499440625218,52.90399184854373
19,12,0.3008559708579341,0.39116027232647577,0.3844603583988855,0.36295654040439795,0.3239560917710531,0.16573366057379144,0.05995416020808347,0.2113531359879742,1.0,0.2,0.5,20,11.659896296895004,42.97937675866457
19,13,0.29396393906018675,0.36425799496481814,0.35736537974751875,0.33536438353439224,0.3163956689773808,0.16334112733739242,0.06000190394673291,0.21141980018767725,1.0,0.2,0.5,22,10.574112084877218,38.5642946937362
19,14,0.27594174466264315,0.3393243459472448,0.332366076392563,0.3107937453920239,0.27650538142030057,0.166364736588353,0.050015006431494105,0.17622707656150555,1.0,0.2,0.5,24,10.07816947153915,40.27813294864391
19,15,0.2702555497020954,0.3320054291190799,0.32533464098985987,0.30470366617793937,0.2621303840643146,0.16044733784288953,0.050349653986736284,0.17726186748686887,1.0,0.2,0.5,26,9.917009912973478,39.159157377451415
19,16,0.2502759143486143,0.30688870104548155,0.29986651849231916,0.2794472099853458,0.24892750000822622,0.16674742696030037,0.03739793987028208,0.13192144454902155,1.0,0.2,0.5,28,9.64473108035424,37.31778664452552
19,17,0.26005605942564647,0.313512092570166,0.30646023705148007,0.2861864952727102,0.2614866463469374,0.1666081947838829,0.042790164016315815,0.15085047365244242,1.0,0.2,0.5,29,9.674488483017448,37.69893662588958
19,18,0.24438471843383697,0.29683056840986444,0.28976923680402694,0.269916465825825,0.23859804473175572,0.16982347550767346,0.03325016934099279,0.1172879028652852,1.0,0.2,0.5,30,9.305165502408064,40.85470046727553
19,19,0.24009214942739898,0.2905655100454364,0.2834857066065355,0.2640192538442426,0.23799438645523596,0.1659185408409682,0.03324740891685944,0.11727824801923917,1.0,0.2,0.5,31,9.268534728871511,36.96758358339408
19,20,0.24580309376010123,0.295472453642201,0.2883851165034743,0.2694298321273786,0.23845377378019433,0.17178002642203144,0.033251109615300554,0.1172848797499706,1.0,0.2,0.5,33,9.373113373918542,40.19056107890762
19,21,0.23703487880501134,0.28245701622066655,0.27533002243168897,0.2569652734400485,0.2363931075678649,0.1703420375871072,0.02992834248470962,0.10556559172237905,1.0,0.2,0.5,35,9.09760977265881,36.87661885394777
19,22,0.2458499490555754,0.2906860238992786,0.28415943266480304,0.26734472666136544,0.23859468093259584,0.17275026894547976,0.0332938367108821,0.11732055406384234,1.0,0.2,0.5,40,9.224540096351715,36.24072074806315
19,23,0.23965680445054544,0.28140200442603946,0.27484662799497894,0.25798750048006946,0.237725693182612,0.16780201216330196,0.032918194329388514,0.11612615260630058,1.0,0.2,0.5,42,8.927883094673277,38.07304667071457
19,24,0.23687638322387217,0.2772510349454752,0.2703800340532443,0.2543723594949337,0.23426996634260006,0.17172644804554138,0.0295826646701358,0.10451988135883712,1.0,0.2,0.5,43,9.021049492779618,39.63912185598529
19,25,0.23544781836011125,0.2738209945533347,0.26693141914325746,0.25062951608690154,0.23565459633432484,0.17065995825221053,0.02958347773377416,0.1045225110699107,1.0,0.2,0.5,44,8.827357877548895,35.1825610292323
19,26,0.2390523903543998,0.2756361718032954,0.26933586610661936,0.2541987095275399,0.23614424686423247,0.17937085844256068,0.027212928357777798,0.09596599170101258,1.0,0.2,0.5,46,8.948876077747046,37.42526576265824
19,27,0.23916301074586332,0.27535668448302214,0.2693558143367245,0.25551330629475894,0.2338084492304614,0.1795591128195022,0.027215481535342093,0.0959812291067759,1.0,0.2,0.5,48,8.943530426955897,41.29773587486861
19,28,0.24707738358723771,0.28218784437725236,0.27617694016024935,0.26237192226014705,0.24477760000212911,0.1823352037319901,0.02993476269144828,0.10555546249585075,1.0,0.2,0.5,49,8.77569311585855,40.507433440428144
19,29,0.2418112103253655,0.27490319357128007,0.26857061808738764,0.2551497284743116,0.23835354317470142,0.1775928452349102,0.029802050320277565,0.10524153767382305,1.0,0.2,0.5,52,8.71123221902323,35.854967039943354
19,30,0.23396065899245644,0.2671301095934379,0.2611012824770102,0.2477536388305992,0.2283740844501712,0.17488897929196898,0.027227271953255423,0.09598306171574515,1.0,0.2,0.5,53,8.736996427786888,33.8302084838372
19,31,0.24517448556994445,0.2766683871143644,0.2703211070988806,0.25742965053669425,0.2451805720230057,0.18123335134161206,0.029802590800925833,0.10524580577126634,1.0,0.2,0.5,54,8.66831050722019,35.0134604891327
19,32,0.23585779526769454,0.2672318405662588,0.2614893992218824,0.24851004377187927,0.23157198343351829,0.1771118780022558,0.02722842864075418,0.09598987805226328,1.0,0.2,0.5,55,8.705901884063614,33.82849277695195
19,33,0.2378614445396035,0.26813037548146285,0.26237773442109025,0.24935948940023292,0.23648381794276307,0.1793016338203956,0.027230167348683776,0.09600003574560202,1.0,0.2,0.5,56,8.695180192403797,35.401735442447965
19,34,0.2379919086158929,0.26808918418269634,0.26263792740058833,0.2500509817849485,0.2338073850132271,0.17947347544618958,0.02723138727941992,0.09600716269435584,1.0,0.2,0.5,57,8.698541280316846,36.971522834488894
19,35,0.24277897140255628,0.2721729381658508,0.2661093105180066,0.25391854904582406,0.2395652814730549,0.17915923673426964,0.029828696356160273,0.10535093001989997,1.0,0.2,0.5,58,8.572300374441578,41.32029241386436
19,36,0.2371101975962539,0.26462191876102953,0.2594499110115915,0.24939374662855102,0.23395326391757348,0.17904154663563496,0.027247648955945804,0.09601821589729367,1.0,0.2,0.5,63,8.644451456049788,35.75251730314848
19,37,0.24038618925857358,0.2655890622470076,0.2591839543644314,0.24958353286756474,0.2393905266115215,0.18273513820228623,0.02727997184051311,0.09583039278867131,1.0,0.2,0.5,65,8.566052425832646,36.33422187141122
19,38,0.24025897950622974,0.2653402050135794,0.25893394264377845,0.25051685553048303,0.23610244206625697,0.1826183722997628,0.02728282734207712,0.09584950063241122,1.0,0.2,0.5,69,8.582990767913785,44.643026439275445
19,39,0.24033794594370061,0.26503409277949597,0.2589273430003083,0.25189669616981103,0.23695792455916093,0.18278378394718914,0.02729083538186385,0.09583319342088475,1.0,0.2,0.5,71,8.595631528712449,44.95142172121796
19,40,0.24623923564832398,0.26956037653567183,0.26465287145576155,0.2584108860494518,0.24332380987306648,0.18378258022846367,0.029735956864786677,0.10524104123401072,1.0,0.2,0.5,77,8.572238055785853,32.84101255718621
19,41,0.2440745603410377,0.2653688820220772,0.2601398818756803,0.2548388734219793,0.2470098106755223,0.1823482416287617,0.029497468083407932,0.10451737408393702,1.0,0.2,0.5,78,8.532603479046912,35.61973171316993
19,42,0.24384451590548162,0.26345014546805307,0.2582056943326176,0.25467180599559525,0.24197021573040545,0.18229081658613372,0.029561939657786127,0.10470091937763382,1.0,0.2,0.5,82,8.431920947853204,35.71627518022343
19,43,0.24515487326186952,0.26439649661942516,0.2597546083699136,0.2570327358930178,0.24286494194219255,0.18370735985104336,0.02954286012872826,0.10467385132696175,1.0,0.2,0.5,84,8.447037550917086,31.900104501116427
19,44,0.24271126746212285,0.2613015669756724,0.25635082048500263,0.25461240369832844,0.24022784009655385,0.1813432890331608,0.029532137616577248,0.10470187160911712,1.0,0.2,0.5,87,8.427339133322153,35.815379429152934
19,45,0.23965225315221605,0.2571854270095996,0.25222503033865107,0.2507894290497293,0.23759820277351584,0.18339210377732007,0.027307553995401895,0.09571885122068832,1.0,0.2,0.5,91,8.277058485017076,27.65695926552147
19,46,0.24130023525319852,0.258454221807659,0.25349037313326617,0.2542655490243395,0.23867616268667743,0.18506022410478423,0.027319203653476152,0.09579643788248288,1.0,0.2,0.5,96,8.207839852675486,27.47503936012286
19,47,0.24016504368101746,0.25684336002544783,0.25187515066289656,0.2529515023604798,0.23895556479480579,0.1839905965589553,0.02732720295594844,0.0958154514721682,1.0,0.2,0.5,97,8.184813913365415,27.167467560047704
19,48,0.24071646437249067,0.25702033956462567,0.252351696101202,0.2559181142073757,0.23821193201328644,0.18420798061508886,0.02735186815212898,0.09662307742811241,1.0,0.2,0.5,104,8.217678791435977,27.210242264616184
19,49,0.2409668398716036,0.25702684533905484,0.2526589088909261,0.25895641724534785,0.23851714310155342,0.1847113225130612,0.02739181222745803,0.09620831029359925,1.0,0.2,0.5,109,8.137416170102266,27.34072510856106
19,50,0.24184785969965023,0.2574084565286176,0.2527330014890158,0.26044366925325135,0.24060947021019474,0.1855226833348807,0.027324202795993402,0.09650585074437444,1.0,0.2,0.5,110,8.150565601802898,27.30866340815263
19,51,0.24260407971265413,0.25785717620026866,0.2531789570818951,0.2618412150583029,0.2405600460221427,0.18638628648744743,0.027522491061537674,0.09631013554780758,1.0,0.2,0.5,112,8.10669985948053,27.059948696487385
19,52,0.24281371823564551,0.2570415648346156,0.25205103929729405,0.26162057473440364,0.24354358042129365,0.1864618671167514,0.027657359297750483,0.09682292308455612,1.0,0.2,0.5,113,8.043102297810762,27.135106220864195
20,0,0.8887280274304046,0.8736649417879813,0.8726733590898906,0.8683057322752258,0.0,0.0,0.0,0.0,1.0,0.2,0.5,1,281.0998748562102,1356.2156534693563
20,1,0.9247856346140562,0.9524026995716828,0.951269333812196,0.9466683081822996,0.12284633920536635,0.09672968896646904,8.215241533018288e-05,0.00011291047792415999,1.0,0.2,0.5,3,263.4517793402608,1318.5353123957184
20,2,0.9071703793382458,0.9715857556777688,0.9703177093972924,0.9657961337833488,0.18258577613894963,0.13154023781570762,0.0010193285993480568,0.00279885849922577,1.0,0.2,0.5,4,242.29262598372688,1177.016475657248
20,3,1.0224369645179676,1.3330774414415885,1.3296625760689502,1.3169372366504328,1.5565119511472367,0.20761306504487487,0.3027460172061818,1.0,1.0,0.2,0.5,5,68.17363440001033,248.3867410315092
20,4,1.0221347638529894,1.3327988098969117,1.3293817306898883,1.3166479881828574,0.7689644506042985,0.20761306504487487,0.3027460172061818,1.0,1.0,0.2,0.5,6,68.03629408301411,250.9804555990632
20,5,0.622515559871986,0.9237868033348591,0.9195893382842384,0.9049724011234189,0.745364934154496,0.121995054875726,0.14426351394547582,0.6154702310123559,1.0,0.2,0.5,7,42.61949433808245,252.25389135748617
20,6,0.6199559033763935,0.9202763974574738,0.9160512852094509,0.9011464852863856,0.4685385344675184,0.12199505487572601,0.14426351394547582,0.6154702310123559,1.0,0.2,0.5,8,42.02299641261638,256.31342178328373
20,7,0.6165715839650197,0.8777358691950026,0.8730204365815581,0.8549220461580993,0.8086954535590685,0.1748785034250186,0.1523915744844219,0.6235341480823614,1.0,0.2,0.5,9,32.963978470005245,120.75502722243397
20,8,0.4128772501011635,0.5458445200365052,0.5395713760031258,0.5160486901646382,0.6697255651182328,0.15487032691063465,0.10220740602025374,0.41679192263523995,1.0,0.2,0.5,11,15.60990502289457,62.921576917008025
20,9,0.4125614021398685,0.545392381182736,0.5391178608923812,0.5159206216233478,0.3839501469741595,0.15457579091537801,0.10222493109529222,0.4168274451805768,1.0,0.2,0.5,12,15.59745076873292,62.89341111573278
20,10,0.350707758555444,0.47039166494234647,0.46398305751768826,0.44049753261913843,0.3747535861368779,0.15384552165268664,0.07669299085078443,0.31266482848356736,1.0,0.2,0.5,13,14.76685140504862,63.862569517251416
20,11,0.35060398408405213,0.4699253746128475,0.4635131222831181,0.44001347492387305,0.32685845257711166,0.15384552165268664,0.07669299085078443,0.31266482848356736,1.0,0.2,0.5,14,14.794458468465171,63.81171413243831
20,12,0.3139509420915032,0.42330361984710296,0.4167913851440569,0.3934877558276645,0.328346449880079,0.15427447042898748,0.06136437676606026,0.2501707556482528,1.0,0.2,0.5,15,13.95527150604075,52.8309677788953
20,13,0.3201768901126577,0.4204577394502852,0.4141584926847828,0.39011443318550376,0.33359002548370015,0.15349089487782946,0.06557093243585857,0.26731010589076926,1.0,0.2,0.5,16,13.377387214286928,44.153883678750006
20,14,0.3112851833657467,0.40885245994669206,0.40222367238956824,0.3789390380136353,0.30150796192738005,0.15479749865829928,0.06124095042756321,0.2499731694156869,1.0,0.2,0.5,17,13.369572033187591,65.58115546825596
20,15,0.28374324613555735,0.3652656561710967,0.35878364825068315,0.33463981165739365,0.32599898338291006,0.1509088253835961,0.05247426538228207,0.21390504026038362,1.0,0.2,0.5,18,12.319672026472984,41.15883427562592
20,16,0.2837172705264917,0.3652159947128183,0.3590366449439011,0.3357472885351994,0.26855734816840826,0.1509088253835961,0.052474265382282066,0.21390504026038362,1.0,0.2,0.5,20,12.308177340218576,41.22863975978348
20,17,0.26605120783821745,0.3469090188420794,0.3404205891688445,0.31725176690087603,0.25276630056093075,0.1529307088821698,0.04373503362562521,0.1782762787876219,1.0,0.2,0.5,21,12.398929674714129,42.02540609364626
20,18,0.2681150602092184,0.3468114141280584,0.3399990306545596,0.3175067700163085,0.2611758973179413,0.15532316323895695,0.04376332497047137,0.1786064429222393,1.0,0.2,0.5,22,12.288380858124494,53.1059950739192
20,19,0.2494074862846096,0.31634761505391107,0.30972603448846203,0.28695195273605534,0.2783280281262488,0.15330291242523053,0.03749893843975192,0.15283783586403998,1.0,0.2,0.5,23,11.800564333965324,41.95219876984732
20,20,0.2647848926178878,0.3303046723463868,0.3236695502909982,0.3009528676907551,0.2554097758213596,0.1520384385916573,0.045058035781025324,0.1837019185600363,1.0,0.2,0.5,25,11.471824552319758,45.45907298321372
20,21,0.26565650606966507,0.3302635257740597,0.32361977245260737,0.3011228463833192,0.2571201965502219,0.15309726633299392,0.04505509726730295,0.18370688353635,1.0,0.2,0.5,26,11.502881534644745,44.61484421741868
20,22,0.26638421805167345,0.3254180911117899,0.31841872700012214,0.29662278805357456,0.2748090888423736,0.157735198668233,0.043780564311490015,0.17863834028996825,1.0,0.2,0.5,27,11.365674824269904,54.51482143130824
20,23,0.25534927644752997,0.31204411477903604,0.3056285264222011,0.2831233491452594,0.2540005130268906,0.15277707481596953,0.041328317253406854,0.1684761882757215,1.0,0.2,0.5,28,11.427878033462486,36.26805921479532
20,24,0.252062295311974,0.3061965572278714,0.2991510990216165,0.27812469482202495,0.25067996738582615,0.15664010556743585,0.038311416682596446,0.15632451304251968,1.0,0.2,0.5,29,11.167156648152208,52.18182149746923
20,25,0.25425045483511416,0.30428538970960756,0.2978073381268875,0.2755811837646471,0.2602153059235841,0.15160447383576928,0.041998413540456504,0.17096061727279396,1.0,0.2,0.5,30,10.852416134786417,41.75637504831485
20,27,0.2373405098432445,0.2816556250863947,0.2754271030104976,0.25705907233957814,0.23034682699813908,0.15368770879165516,0.03687917687371235,0.13721996449924656,1.0,0.2,0.5,39,10.719627604897028,38.54988681689845
21,0,0.9385419575145226,0.8876183173256434,0.8867362650984442,0.8827871449263255,0.0,0.0,0.0,0.0,1.0,0.2,0.5,1,233.8112404219848,1360.4232062486074
21,1,0.9579491764130532,0.9559328699890092,0.9548993591766265,0.9506796455605995,0.11541481728072431,0.08753835406896,8.329236869252802e-05,0.00010735176944450999,1.0,0.2,0.5,3,216.6508181441957,1290.0700501587294
21,2,0.9355979909415887,0.9758814029288971,0.9747030409421007,0.9705236877152013,0.17921100145115273,0.12457808771607255,0.0010745560686564876,0.00244422396396749,1.0,0.2,0.5,4,202.1208152533084,1121.914811546341
21,3,0.9797028524996878,1.2900558500566257,1.2866653409010547,1.274032853806509,1.534396226763998,0.18621714232334857,0.32486869762922144,0.941701488925222,1.0,0.2,0.5,5,64.71825071800276,249.62106343920595
21,4,0.509517309902664,0.8091843746903961,0.8049401019759677,0.7901436163247375,0.5067058448353748,0.09149421728390697,0.15327716369931974,0.4555792842357101,1.0,0.2,0.5,7,44.21536232663789,255.51808737582704
21,5,0.5052542471282218,0.7503369583699765,0.7453808697539177,0.7265690669428034,0.6068911436956248,0.149915205009339,0.16416106752630785,0.4752790284495794,1.0,0.2,0.5,9,27.549024316755823,103.10625161469834
21,6,0.35078160022976645,0.48947381510698584,0.4832598301425477,0.46017886841004074,0.5506892473155617,0.13934611711658096,0.1097038113354818,0.31700768174090127,1.0,0.2,0.5,11,14.299314942044749,63.19634838820063
21,7,0.35180192862499493,0.4904130510110126,0.4841982387232377,0.4611141046527949,0.3211538255233343,0.1404980274700921,0.1096205641486994,0.3168315052414804,1.0,0.2,0.5,12,14.281204885345538,62.73773634193568
21,8,0.30099730615996695,0.4278604663755352,0.4215247342049637,0.39831790501582953,0.31811610587183303,0.1383428912814247,0.08230426650884838,0.23778944484757694,1.0,0.2,0.5,13,13.907817253560651,64.53345061900504
21,9,0.31058030453867624,0.4353454263216304,0.42929120187879155,0.4058290746904583,0.29211078785704664,0.13473341436629144,0.09078016987791193,0.262087809908065,1.0,0.2,0.5,14,13.662360800448411,41.50766570113805
21,10,0.27518973680644654,0.3865150010178366,0.3800224195903752,0.3567945273671076,0.3018035605214199,0.14432737881774343,0.06562472232305815,0.1897766332383104,1.0,0.2,0.5,15,12.984111839888904,63.84175078648303
21,11,0.28971275361567905,0.39643358071389,0.389895101210453,0.36742077604262957,0.2850707114032348,0.14586343973012159,0.07379870011038396,0.21497442877439316,1.0,0.2,0.5,16,12.474791293559068,43.05475334550157
21,12,0.2583612576252042,0.3446945492446712,0.33825891129363683,0.3158975898773364,0.3156842925633138,0.14407940021963533,0.059035314595923455,0.17197484150260345,1.0,0.2,0.5,17,11.53044534435735,36.05408718926511
21,13,0.2354565790114106,0.3030663584762493,0.2964511442478317,0.2731557694873844,0.2560218631918999,0.14161960523617328,0.04921566048580322,0.14333461469719427,1.0,0.2,0.5,19,10.93716594663057,36.31296721770744
21,14,0.23607273313598698,0.30158769771602945,0.29525543455952163,0.27280957411277507,0.2280092206662715,0.14173452706201564,0.049830745619333275,0.14500819551763117,1.0,0.2,0.5,21,10.743339300986266,38.45912560519399
21,15,0.2330217628699607,0.29537511018882817,0.288710034263312,0.266130948235359,0.2324778476307945,0.14028128028484418,0.049222302931877626,0.14332907259226296,1.0,0.2,0.5,22,10.656835167544068,36.012094011728884
21,16,0.2204712377322133,0.27746824637743034,0.2707526135864644,0.2484864603183076,0.22889172236010089,0.14109101307543118,0.04175684256963889,0.12176433370699162,1.0,0.2,0.5,23,10.3791716129842,38.11931708776781
21,17,0.23532612116670376,0.29165279828565016,0.2849308160533252,0.26332802438438446,0.2277388383309147,0.143906221569431,0.0491307015531252,0.14317305575661726,1.0,0.2,0.5,24,10.288551801907008,36.73565143390341
21,18,0.21476092286160875,0.26667292579195284,0.25990950141846636,0.23814818895079393,0.22081360238312708,0.1445350815231249,0.03685561973664676,0.10742619861361727,1.0,0.2,0.5,25,10.472702451189988,36.664409166987966
21,19,0.22377627828648383,0.272129441554121,0.2653327290812819,0.24414302019282585,0.22748890098665037,0.14554730486148837,0.04211140869823665,0.12269253543726907,1.0,0.2,0.5,26,10.286767176563965,38.46205927447249
21,21,0.21271978938993963,0.2549788820463044,0.24812540165561153,0.22769918561160016,0.22244739641680406,0.14434433098827287,0.03685119287513737,0.10737200837215484,1.0,0.2,0.5,28,10.000409979616268,36.960477085947886
21,22,0.212644545309446,0.2545847546499852,0.2480311968991013,0.22792346328474877,0.2060975992590553,0.14434433098827287,0.03685119287513737,0.1073720083721548,1.0,0.2,0.5,30,9.966724210644346,36.6895820838331
21,23,0.20208250431409647,0.23948700584950494,0.2325884706987275,0.21345393922969416,0.20321974553495156,0.1467929393620539,0.02948468086670303,0.08591462678347123,1.0,0.2,0.5,32,9.829653348741951,31.747400525014108
21,24,0.2008993514414054,0.2364023574695117,0.2294862078812888,0.21103098545329174,0.1980345915676332,0.1503854428606211,0.026806206059731108,0.07811495603046287,1.0,0.2,0.5,34,9.755504531220756,32.62969455618991
21,25,0.2104803503463457,0.24466678768462718,0.23804141151191033,0.218955845205128,0.2070205812957191,0.15574768159355643,0.029515610414015,0.08596750129094313,1.0,0.2,0.5,36,9.585702168894269,31.312106022651623
21,26,0.21016693346951,0.24328875860678206,0.23695649027412047,0.21895639217012863,0.2064814641447389,0.15564062600614406,0.029513841879650907,0.08596224826231588,1.0,0.2,0.5,38,9.449284694438663,30.28937864187384
21,27,0.20517532266991084,0.23682654803247954,0.23017776536243312,0.21338906458542778,0.20211258973853413,0.15532344800019238,0.026835680080304323,0.07816789105690394,1.0,0.2,0.5,40,9.501307514622155,30.916464807346536
21,28,0.20817282515113406,0.2392598668285652,0.23260591927666574,0.21558867805961895,0.20477895936008766,0.15401873100628605,0.029489743500308422,0.08590711160370398,1.0,0.2,0.5,41,9.366453369383478,27.378801420445395
21,29,0.20858541214108112,0.23950152352725634,0.23314892334529203,0.2168037885092105,0.20377288086539247,0.1544765393991419,0.02949069669374282,0.0859075803298521,1.0,0.2,0.5,43,9.361540456500547,27.61156206952454
21,30,0.2080028798792568,0.23872353434351434,0.2323691292600611,0.2170251854708965,0.20310696968500325,0.15827160575719657,0.026846666430747766,0.07827719731702673,1.0,0.2,0.5,45,9.241303696794247,29.588779739283243
21,31,0.20739628287648804,0.23716094796894208,0.23079774004120387,0.216144309351495,0.2039542483695437,0.15295067113032573,0.029739410298236596,0.08687956046831254,1.0,0.2,0.5,47,9.311605416621802,29.632195978463656
21,32,0.20228698841623116,0.2292717040574066,0.22318594559170085,0.20901917597869224,0.20740948021210392,0.1532775517865648,0.026832030921237888,0.07815344587499748,1.0,0.2,0.5,48,9.291258605566268,27.739267038968176
21,33,0.2038876767711128,0.230728328857418,0.22464125146335406,0.21137146139120844,0.1995890015402138,0.15490003980962377,0.026834066667464972,0.0781580756683866,1.0,0.2,0.5,50,9.265030159359394,27.819824282842056
21,34,0.20100324806018324,0.22768873147788737,0.22160023870465168,0.20854848239106696,0.19674924938521238,0.15574725032251374,0.02459795228614168,0.07164191771163186,1.0,0.2,0.5,52,9.285550051360811,27.876747303299982
21,35,0.20321093765466436,0.2296295832269935,0.22353862015515968,0.21115606746503368,0.1991906460682344,0.1542938106306772,0.026835578542373104,0.07815969022676479,1.0,0.2,0.5,54,9.213306941577924,27.9089919577438
21,36,0.20348451789829958,0.23003183958139262,0.2245479119249299,0.2130676206025621,0.19910952892746236,0.1545736108905047,0.026838113797809062,0.07816363117904335,1.0,0.2,0.5,56,9.228890401941586,27.585853693429303
21,37,0.203438651743067,0.22968293268540868,0.2235903804423155,0.21356660073851727,0.19920541309387518,0.15454320549047068,0.026838637097002054,0.07817421523474381,1.0,0.2,0.5,58,9.228399730685387,27.631776035388164
21,38,0.205908082357085,0.23184108076388094,0.22635155796926387,0.21663704590125465,0.2032061300462205,0.15709734005506698,0.026836793832424155,0.07817176173928327,1.0,0.2,0.5,59,9.2020126692067,28.02592671830044
21,39,0.21030737126457147,0.23322954001929616,0.22801542724649343,0.21851050877081774,0.20994811388381843,0.1512155686143295,0.031747243498127374,0.09780928735779128,1.0,0.2,0.5,62,9.112045074513324,32.32587459380647
21,40,0.1982440210532729,0.2201377810997423,0.21521724081671975,0.2067823445350272,0.19534330671476785,0.14661763696151536,0.026544190013791255,0.08533055240857607,1.0,0.2,0.5,67,9.057698006180416,33.869049041661974
21,41,0.1938879355366741,0.2157808843821977,0.21086031312377582,0.20332311543432058,0.19023739629951394,0.14661801649901465,0.02413258751065201,0.07758257462024333,1.0,0.2,0.5,69,9.066835480324375,33.87169103715422
21,42,0.1938745325094629,0.21563253581615266,0.2107107367493345,0.20379135191279657,0.19047128728241902,0.14662156435531898,0.024136148647307856,0.07759185059118337,1.0,0.2,0.5,71,9.032892500204689,33.89180487711291
21,43,0.19407496360745624,0.2157570723866357,0.21083457221853613,0.2054134808834027,0.19071242565883545,0.1467835585929287,0.02413728230299615,0.07769332932395756,1.0,0.2,0.5,72,9.046166647122424,33.4071277182849
21,44,0.20371159111246911,0.2252235029416218,0.22029941239810527,0.21243765753169622,0.20040814689516162,0.1504460546481559,0.02849286628628414,0.08795555322529662,1.0,0.2,0.5,74,9.08480230053855,30.83056667556597
21,45,0.190064870935664,0.2107043631081048,0.20607526294844625,0.2011739923415095,0.18986457420677721,0.14658694956172752,0.022164127994537482,0.07122867668565544,1.0,0.2,0.5,75,9.01452767924309,33.77047800850372
21,46,0.19006344640867423,0.21062496860019292,0.20599513666489289,0.20140889568897058,0.186907699174663,0.14656346660385605,0.02213277387218967,0.07131098916867865,1.0,0.2,0.5,76,8.972340047896019,33.73399166871123
21,47,0.21203947866315517,0.23235316351393415,0.22802402290241414,0.22242654255931846,0.20981770350617862,0.153683172872428,0.03160687382473024,0.09734551471479248,1.0,0.2,0.5,77,9.128007997156946,47.11733974613386
21,48,0.2118907516679181,0.23129251782004842,0.22695502342904458,0.22195457262837032,0.21172799843318116,0.153683172872428,0.03160687382473024,0.09734551471479248,1.0,0.2,0.5,78,9.082399517724456,46.85954532021962
21,49,0.19814237168109952,0.21136771169879912,0.2060651686873395,0.1958780831208009,0.20249601038737614,0.14593760758262977,0.030566910187575586,0.08765418700131199,1.0,0.2,0.5,81,8.436274973992258,31.800128756823057
21,50,0.19800687686870846,0.21050455823299533,0.20549832051364889,0.19607759503747788,0.19860350475481162,0.14590954126968275,0.030588349654488155,0.08768888906401771,1.0,0.2,0.5,82,8.395337405695257,31.96780422355315
21,51,0.19713067401833773,0.20899173976404245,0.20488866191086236,0.20109131677681896,0.19589712000048992,0.14500489337854075,0.030826425338812614,0.0879357205643582,1.0,0.2,0.5,86,8.252979030048342,32.38285587730166
21,52,0.1979299981973655,0.20922105243759764,0.20511277219215618,0.2019372232904046,0.19650305805590845,0.14564498772096743,0.030731099903491977,0.08847090898851787,1.0,0.2,0.5,90,8.272365247787308,32.17220129755543
21,53,0.19794335673251218,0.2092098658075361,0.20510135635421683,0.2019249606115321,0.1960850331553624,0.14566104984136077,0.030747183263934847,0.08846675920900235,1.0,0.2,0.5,92,8.262917525868016,32.286192263637574
21,54,0.19794251177210345,0.20919945055152972,0.20509085842608474,0.20191412945548776,0.19605022350640405,0.14569516164530477,0.030711394705432313,0.08841417040185866,1.0,0.2,0.5,97,8.267733581795207,32.14804866342307
21,55,0.19132896611151434,0.20250099949011557,0.198391663014499,0.1964769225155773,0.18958730642522853,0.143616040372751,0.027942336608199086,0.08047967038287282,1.0,0.2,0.5,99,8.336175935360405,31.816473910398745
21,56,0.1977703590812758,0.20890812420073965,0.2051014098714081,0.20246472533641366,0.19631768303298597,0.14567755453068487,0.030591004090696185,0.08821865808658112,1.0,0.2,0.5,100,8.284918581502138,31.96956570651145
21,57,0.19705533494973,0.207811751952765,0.204304508382496,0.2060906938973245,0.1953528635310953,0.14518554091748237,0.03031620985081351,0.08802976190431379,1.0,0.2,0.5,118,8.277663336316724,32.076792491394954
22,0,0.9383336031889432,0.8875613604672994,0.886678798836288,0.8827279947302504,0.0,0.0,0.0,0.0,1.0,0.2,0.5,1,233.6129380728691,1351.2288162688592
22,1,0.962520390065604,0.962325104307788,0.9612855876181187,0.9570429376432563,0.12357755128965282,0.09468339566201324,8.330612368150826e-05,0.00012058127474219001,1.0,0.2,0.5,3,216.46897780706544,1249.3374984675722
22,2,0.5976507702171745,0.8435119463471712,0.8415416746084112,0.8336989659787927,0.5864919352927255,0.127332907323618,0.002615921955700698,0.01055838801197187,1.0,0.2,0.5,4,118.18210830473072,545.3826304090777
22,3,0.4666121518832882,0.772833853322921,0.7699583504557216,0.7586556756976383,0.34398704373920447,0.15710348698052218,0.0068399717276492545,0.03864986330429257,1.0,0.2,0.5,6,76.86534706025805,16439.404051220816
22,4,0.41413016658134,0.7253373333306488,0.7221748643349788,0.7106262314271781,0.21955025468178221,0.1564547839574954,0.003460261541504295,0.0194288751587817,1.0,0.2,0.5,8,66.29726354591148,16413.90120154448
22,5,0.40944111302112723,0.7212569940380367,0.7180405446339662,0.7069042532698662,0.1903096710273916,0.15753528546215617,0.004399517936881575,0.02249571352035763,1.0,0.2,0.5,9,64.06960576221734,15896.079798634177
22,6,0.31723865268092993,0.6147311571256412,0.6110290692752655,0.5965553530780272,0.45272786613192756,0.15230401051353196,0.004213530019358023,0.02096837760534031,1.0,0.2,0.5,10,42.050575757424525,15923.168260698798
22,7,0.30360678753569265,0.5954823233116131,0.5916408703996345,0.5766342785879032,0.21332382788995383,0.14952113394639815,0.005128655199050597,0.02319039751365695,1.0,0.2,0.5,11,38.307534466126135,15931.343454334572
22,8,0.2388556696882856,0.4977085709924696,0.4932594483583569,0.4762849339161668,0.364937278195278,0.13398324536132117,0.0031589687319764463,0.014350795751626089,1.0,0.2,0.5,12,29.95269808368453,15387.875629165992
22,9,0.23841815011883863,0.49643694367277913,0.492277387862591,0.47545324307672227,0.1448704717303342,0.13426000711113167,0.00321887736018946,0.01468930434187811,1.0,0.2,0.5,14,29.816798814447825,15764.608539118595
22,10,0.2199836043365703,0.46128156184372976,0.45687767948130836,0.4399840525261313,0.1830784616810377,0.13230972877805355,0.0024203616268728724,0.0108537561555166,1.0,0.2,0.5,16,25.79847787394874,15354.520453538236
22,11,0.22810044120515086,0.46585968532205396,0.4614063589443052,0.4453117380893808,0.16758815387434067,0.14250110042248335,0.0027596338787645638,0.012097650650492089,1.0,0.2,0.5,17,24.004627763668413,15476.231339309285
22,12,0.2109759721804019,0.42689126101577085,0.4221531485525914,0.40546335848973797,0.19870485556193793,0.1396792150774612,0.002813395324670827,0.01235067629204754,1.0,0.2,0.5,19,20.95768515570837,15354.727972179531
22,13,0.20129950337319405,0.404698350656768,0.39980727371135016,0.38302583890076325,0.1717775134968068,0.1368003567974791,0.0029088098324178487,0.01266399257097409,1.0,0.2,0.5,21,19.730583063351247,15237.119776670635
22,14,0.19568384788366325,0.38985719574394456,0.384857005513919,0.36835173287070283,0.16275072996033246,0.13727577688056453,0.0022802220444414433,0.01006105163116966,1.0,0.2,0.5,23,18.616639992564902,15173.30225857958
22,15,0.1930976138850002,0.38263472835133605,0.3781864829875131,0.36255810680572054,0.15260298669707542,0.13798254120525405,0.0017900716443690528,0.00822439834130863,1.0,0.2,0.5,25,18.39060944488936,15357.407011657117
22,16,0.19228192989954448,0.37977633493455865,0.37469917176151046,0.3586029219512384,0.15024878751053442,0.13698752005083775,0.0023090915158560828,0.01008382406954725,1.0,0.2,0.5,26,17.23325199758924,15108.641817024867
22,17,0.18842320840687535,0.373082048042456,0.36857800520184375,0.3534674771495277,0.15266156029984,0.13615996311434758,0.001542907961447251,0.007077662976375359,1.0,0.2,0.5,27,17.251542105805697,15237.98760194156
22,18,0.18836890892841932,0.3729969643404852,0.3687954426610201,0.35402746213199937,0.14025944303489382,0.13615996311434758,0.001542907961447251,0.007077662976375359,1.0,0.2,0.5,29,17.26036756264101,15233.237013057787
22,19,0.1814248535159167,0.3401920728547477,0.33509885862462385,0.32074981976962336,0.17831730991692463,0.1386965123064791,0.0024970718092937882,0.00872768698188821,1.0,0.2,0.5,32,16.91616877458491,15303.75335904502
22,20,0.17105333516233812,0.3008324420260458,0.29543503172251145,0.2809828988423963,0.1988427308109176,0.1380381168095762,0.0025010105613091976,0.00884051868158787,1.0,0.2,0.5,34,14.327402985616402,15289.148320450651
22,21,0.16002147310506631,0.2576781771480519,0.2519588874402234,0.23653758831210764,0.19988177063044293,0.13652330583081385,0.002225277874027092,0.007690483144595151,1.0,0.2,0.5,36,12.143278506640153,15234.068470125098
22,22,0.15236466356665787,0.22168070288393346,0.2156875276069125,0.20029975256240368,0.19000538803132286,0.13542251834487462,0.002207363745764834,0.00769892818593401,1.0,0.2,0.5,38,10.619292602865114,15206.094628209985
22,23,0.14636203110059642,0.2067670207792197,0.20068929290110582,0.18579629814991713,0.15107817843748234,0.1318022941798469,0.0019369390878157075,0.006751280965983,1.0,0.2,0.5,40,10.17036193411233,15205.11112761671
22,24,0.14425569063319194,0.19951458575015626,0.19338842150714858,0.17885351236820418,0.14339090195113413,0.1311395238427297,0.0017235086535159917,0.00601080926943115,1.0,0.2,0.5,42,9.87296525905642,15197.094971107665
22,25,0.149319760501153,0.20136831488259532,0.1958179344732878,0.18404856590313545,0.14151547915942753,0.13745616687186826,0.0014064416116006233,0.0049595231625463995,1.0,0.2,0.5,51,9.776031700996231,15320.286781755109
22,26,0.14985813039225182,0.20125642704705704,0.19509404467959449,0.18437340237461378,0.14166415855518194,0.13735868736684098,0.0019028018397005187,0.0062165565826837205,1.0,0.2,0.5,53,9.612850598853516,16166.461140247293
22,27,0.14812901380668994,0.19386786636967945,0.18825853799947842,0.17597266663393554,0.16024974005892179,0.13748701806356206,0.001407320073012717,0.00492228381969247,1.0,0.2,0.5,54,9.51316340252043,15318.280514012997
22,28,0.15086987527764045,0.19145047373264867,0.18579314026356433,0.17389280937535237,0.15273314361140014,0.14110103184562267,0.0015283143571193745,0.00503570267912301,1.0,0.2,0.5,56,9.233005045365404,15292.103640046786
22,29,0.16018034459105351,0.19918599952615568,0.19381699170154243,0.1861958019487131,0.1541674910901951,0.1466189856645565,0.004612328653639247,0.01199199874105359,1.0,0.2,0.5,65,9.736340326480295,16145.184947558851
22,30,0.15113733969947368,0.18824700997307256,0.1831634884801601,0.17963581575801377,0.14560251417675923,0.14234879614501197,0.0013326264215668014,0.00447307887966659,1.0,0.2,0.5,74,9.089525250336024,15326.348913943744
22,31,0.14999006078675486,0.18274116913416655,0.17792028406057267,0.1732542860746334,0.1595791989130643,0.14197234819488808,0.0013761245529942752,0.0044878027614514695,1.0,0.2,0.5,75,8.989529854324156,15292.3786401761
22,32,0.14963363421595888,0.18166648306020028,0.1768389808172521,0.172770196825723,0.14669178868907437,0.14174032306677004,0.0013767130242131882,0.00448950451332433,1.0,0.2,0.5,76,8.957704166079814,15323.532066821515
22,33,0.14924000810639743,0.1800921221356107,0.17555671877153595,0.17135424761117074,0.1455204380771824,0.14157995171623927,0.0013764783340832524,0.00446445920865976,1.0,0.2,0.5,79,8.893116135451377,15324.836318477866
22,34,0.14923680266850162,0.17997171500361495,0.17573810747219737,0.1733354266122907,0.14435351306673322,0.1416130281591203,0.0013760077239713835,0.00446373552016395,1.0,0.2,0.5,82,8.883788050034306,15324.306061920595
22,35,0.15011711243771675,0.1799912405348694,0.175446810148444,0.17278269423983733,0.14643552377299457,0.14263822773240661,0.0013818313072625284,0.00443757109055563,1.0,0.2,0.5,84,8.840124155525679,15326.69392615776
22,36,0.14812327871070596,0.1751527825603616,0.17027929423846072,0.17225995446625242,0.1454699827050129,0.1410824978116068,0.0013844175167430567,0.00450233546988805,1.0,0.2,0.5,89,8.78873716381707,15329.441460933784
22,37,0.1479697499631523,0.1729863866086136,0.1683973460991713,0.17091003499258223,0.1473541144791473,0.1412674680266684,0.0014003987466776086,0.00452906793994126,1.0,0.2,0.5,91,8.682898669806523,15321.405144742615
22,38,0.14772459298899487,0.1724817967017208,0.16789035197117305,0.17070852905788314,0.14448379969406128,0.14107284506103573,0.0013980808725639147,0.00451601889444929,1.0,0.2,0.5,92,8.682599650922025,15328.154966573726
22,39,0.14772459298309693,0.17248179669671745,0.1678903519661697,0.1713376189825439,0.14361055478054383,0.1410728450562901,0.0013980808721737207,0.00451601889408989,1.0,0.2,0.5,93,8.682599649432168,15328.154966668262
22,40,0.15257122196500547,0.17743397581940878,0.1737523789306472,0.18027614790000776,0.1485462151390929,0.14584583201411322,0.0013973600631113786,0.00471876335809578,1.0,0.2,0.5,102,8.887706415199506,15343.733979826631
22,41,0.1518447641816547,0.1760577276672847,0.17237019560091113,0.1795129024474648,0.14859664904611194,0.14528225751077697,0.0013922388130854222,0.0046127319814183495,1.0,0.2,0.5,105,8.903836234213559,15344.773795256227
22,42,0.15279180221970004,0.17530714732572805,0.17160408501621416,0.17932880054983633,0.151948218783518,0.14645362379769478,0.0014060268029323676,0.00472287994007993,1.0,0.2,0.5,107,8.824529634808806,15351.870805125356
22,43,0.1462991937021555,0.16740194597229702,0.16459486244311142,0.1777352412160055,0.1431164284582353,0.1406085252251581,0.0012793124825518376,0.00403332774650983,1.0,0.2,0.5,131,8.497277527985563,15115.864077130767
22,44,0.14750526177895795,0.16840134787910155,0.16559240805274003,0.17937873907248364,0.14446766317147686,0.1418521192584258,0.0012941863277506544,0.00402013877429326,1.0,0.2,0.5,133,8.47556162356153,15117.133828420156
22,45,0.1505253177223815,0.1708217805438522,0.1674013899068409,0.18281588754248668,0.14767904901335763,0.14474643289904188,0.0014273721476873182,0.00435583073794674,1.0,0.2,0.5,136,8.460929437626149,15138.257508818564
22,46,0.14807925450848483,0.1685905168646491,0.1660809842347633,0.18295485530253827,0.14482892281289558,0.14238593635118676,0.0013346825164310139,0.00423984144694013,1.0,0.2,0.5,139,8.430372495468069,15108.755199829144
22,47,0.14930756408621224,0.16747802239810478,0.164038215539144,0.18067354012120596,0.1532944473379164,0.14387313363121676,0.00143409870132119,0.0043562182991324595,1.0,0.2,0.5,140,8.330436827634442,15142.635334082548
22,48,0.1494923929761788,0.16741465706959918,0.16427560941814767,0.1830952256405971,0.1467126612942005,0.14399862305131672,0.0014771410163325865,0.00456707377052685,1.0,0.2,0.5,147,8.342174193122544,15143.792542002528
22,49,0.14946452398223026,0.16674091923521075,0.16420187646914713,0.1854680687867677,0.14742145813148266,0.14403841581764004,0.0015144649270253622,0.004683134348973,1.0,0.2,0.5,151,8.302046555618539,15143.830517944292
22,50,0.1493157575101731,0.16647981340759196,0.16363679859148567,0.1851318053366188,0.1466439631740073,0.1438993774774021,0.0015208287882828681,0.00466832449685591,1.0,0.2,0.5,154,8.283080388959071,15143.990842952651
22,51,0.14261739716883595,0.15943763519158693,0.15871224240094292,0.1906227892270803,0.14010714561315793,0.1376901569959449,0.0013268346420347856,0.00408026756273418,1.0,0.2,0.5,181,8.31192157491539,15143.927676590807
22,52,0.14205006452425434,0.1589209046917667,0.15849890967401803,0.19273876910986712,0.13944954806916304,0.13712814100870724,0.0013397884658626336,0.0040772332433863705,1.0,0.2,0.5,190,8.400170469681937,15145.30854949476
22,53,0.14178917723810372,0.15779836529158178,0.15797452630017236,0.19414707868677128,0.1399199977937853,0.13702797844806788,0.0013410165659271736,0.00408770900783611,1.0,0.2,0.5,196,8.314818503511525,15144.901223647572
22,54,0.14219901133380164,0.1577082848391073,0.1578798981908429,0.19522115507227764,0.14066434373253142,0.1375175097344083,0.0013372817848832765,0.00408880540004408,1.0,0.2,0.5,198,8.302520283977117,15148.538218712434
22,55,0.14207575811198697,0.1574790722222235,0.1576497452051758,0.19483494703303655,0.14007707393363225,0.13740878291163297,0.0013422274899225818,0.00409143803322704,1.0,0.2,0.5,199,8.280651465427178,15148.810040268949
22,56,0.14202376949453197,0.1573819458485799,0.1575521679604948,0.19508043230214192,0.1398287411803541,0.1373660424761808,0.0013405381504593547,0.00408793859236628,1.0,0.2,0.5,200,8.28455042765535,15149.712908705638
23,0,0.9744056264855037,0.8972310177206146,0.8964244781965881,0.8927638651720184,0.0,0.0,0.0,0.0,1.0,0.2,0.5,1,203.24283102098133,1388.9102398334662
23,1,1.0186522724882803,0.9826214685841062,0.9816956166615545,0.9778887041399776,0.12256356086512983,0.10050598240145714,8.43044078508353e-05,0.00011290944885867,1.0,0.2,0.5,3,190.9852959276052,1355.741472067577
23,2,0.9708874840779436,0.9885778864145391,0.9874787826134939,0.9836028890314017,0.1920686023522093,0.12697118035998128,0.0011109907081846857,0.0028381937977416402,1.0,0.2,0.5,4,177.7200828152219,1179.1499327683875
23,3,1.0183916925930947,1.3287977063056966,1.325402913502202,1.3127541811267371,1.6043222520321763,0.19344020054402492,0.3394236187833187,1.0,1.0,0.2,0.5,5,64.78144722133668,257.69256969268343
23,4,0.590075038989751,0.8906651255226078,0.8864456063933209,0.8717449961844443,0.5798826628747052,0.09854065356630344,0.15953165221328355,0.5956467597140094,1.0,0.2,0.5,7,46.97443551771484,250.04505237845223
23,5,0.5823307595581233,0.8263455716840642,0.8213746936504216,0.8027100584620175,0.691824515297315,0.15732090753014547,0.17128391904001886,0.6134187698984489,1.0,0.2,0.5,9,28.363654177367994,111.63105141298637
23,6,0.43699793300346723,0.6407220660647224,0.6352297237504756,0.6151210523110159,0.4748310996093008,0.15139936421023492,0.11444220847462454,0.4096160586929295,1.0,0.2,0.5,11,22.31737715677816,89.59709060348325
23,7,0.4199446138073835,0.5900664457569118,0.5841884807052843,0.5630362562054838,0.44838674273588974,0.1500700000622524,0.114332917115448,0.4092796418642827,1.0,0.2,0.5,13,18.640899280526,77.81979854030844
23,8,1.257667201674545,1.411886329151711,1.4058356909264706,1.3854584641706993,1.2532129064966588,1.0,0.059732819865235855,0.4188979175781772,1.0,0.2,0.5,15,17.035924102194357,56.880861859180165
23,9,1.2589811478526893,1.4125637700834546,1.4065063653371626,1.3867394023468644,1.2253817473879658,1.0,0.06057660900286079,0.42163734978765965,1.0,0.2,0.5,16,17.0111742679788,56.08036258936027
23,10,1.2561270598280998,1.4009837385905999,1.394833638057558,1.3747135018671819,1.2576877068608763,1.0,0.060698493893132026,0.4220621132031792,1.0,0.2,0.5,17,16.426312285824856,47.86975726623075
23,11,1.3111170110959067,1.4475300967642295,1.4412919879075865,1.4204316433343984,1.3130950473889822,1.0,0.0769652959039146,0.531051842865885,1.0,0.2,0.5,18,15.763346523771933,47.452577268760656
23,12,0.31381138590048624,0.435911770622894,0.4295276434234917,0.4081061658539856,0.34104507967828945,0.1516988176665373,0.06842377265449269,0.2450748086827545,1.0,0.2,0.5,19,14.967988263681663,66.36168676172424
23,13,0.29399243415771337,0.4151637524330013,0.4087701926963768,0.38812255741058066,0.2718282184041065,0.15490525768664282,0.056978300084701027,0.20414224629539643,1.0,0.2,0.5,20,14.77173381094258,72.59351134503068
23,14,0.3139233440641369,0.4279883354487719,0.42152319152800444,0.40002430781924325,0.3166042012997966,0.15406455744194741,0.06845653637767413,0.24512265535491978,1.0,0.2,0.5,21,14.34394795099806,69.9393070316007
23,15,0.28455482804109045,0.38179314198710324,0.3751611116217557,0.35360234591983153,0.3266672437873034,0.1518427102948385,0.05704424371164719,0.2042653272931056,1.0,0.2,0.5,22,13.429169114214154,66.98100502036937
23,16,0.2643555885102914,0.3603689245561296,0.35372488514556355,0.33278102254641656,0.2477026248051259,0.1481557869149709,0.04890360239362096,0.17511000898905216,1.0,0.2,0.5,24,13.411750366471312,73.86589499374601
23,17,0.2641461454999152,0.35940241589200705,0.3530538406715299,0.33235898126483465,0.2470096424943978,0.14815578691497092,0.04890360239362095,0.1751100089890522,1.0,0.2,0.5,26,13.328122920640508,74.23823908021564
23,18,0.2628401027504693,0.34266648221476803,0.33616811019286863,0.3145520694833163,0.3028690194012723,0.15051747529584492,0.04889144441833153,0.17508986437765034,1.0,0.2,0.5,27,12.208485871303507,57.56560272039143
23,19,0.2440874195521664,0.30649345995172805,0.2998288268570433,0.27826370400468614,0.26335469650252924,0.14767523460115245,0.0427877227128388,0.15322494898396896,1.0,0.2,0.5,29,11.388497562304895,57.783462082987285
23,20,0.26981899796561953,0.3295383401324478,0.3225454669680791,0.3023193756417422,0.2681156698017846,0.15586065690849013,0.05133076428041125,0.18595960882667648,1.0,0.2,0.5,30,11.479900795419065,39.323686216041125
23,21,0.24326299655942626,0.3012189172457854,0.2948152060802228,0.27395760996472374,0.23969986932897544,0.15155529770910353,0.04068150067075516,0.1465044383661423,1.0,0.2,0.5,31,11.393892466435869,45.54499807513655
23,22,0.25003322817607365,0.2997702172623027,0.2926835092144344,0.27283061088605975,0.26898148607578526,0.15277844021242235,0.044007111493989844,0.1594201524781535,1.0,0.2,0.5,32,11.115469399630578,39.73070782099335
23,23,0.23735611450980182,0.2846277920862855,0.27751803669008435,0.25857743558048696,0.23332251082380012,0.15163017472274187,0.03850950563186549,0.13950376039958556,1.0,0.2,0.5,34,10.693487478289525,36.959055062737626
23,24,0.2509822185580538,0.29792587191594544,0.29172183730898293,0.27255834544085233,0.2438383334739151,0.15300518419297562,0.044729419641290645,0.16174230572018372,1.0,0.2,0.5,36,10.96993455171623,42.17663566196632
23,25,0.2281529911586202,0.2737579197914162,0.26723849496097307,0.24836125189103836,0.22236619175476557,0.15832954967813515,0.03075393689078492,0.1114954331956092,1.0,0.2,0.5,38,10.48585629268385,43.519346281569845
23,26,0.22770154201149595,0.26990888306196154,0.26335781753516024,0.24539603968483878,0.22428443724530242,0.1585106461315501,0.030758357326727128,0.11149349728227027,1.0,0.2,0.5,41,10.33431136863249,42.88810149280077
23,27,1.1021926214125157,1.1425740295274807,1.1375208182377468,1.1207193860552507,1.0972534683837707,0.5872746060794212,0.0402087777155418,1.0,1.0,0.2,0.5,45,10.550310600665457,42.08617174327975
23,28,1.1019047503439752,1.1422528516088326,1.1371993312550406,1.1212011567135083,1.0951482002276367,0.586984291599425,0.040251348427670086,1.0,1.0,0.2,0.5,46,10.546270773022126,42.18866282289142
23,29,1.3717581673119204,1.4120663618095537,1.4073153665491545,1.391730123535873,1.3651347639492846,0.8568457284391766,0.04033033963297651,1.0,1.0,0.2,0.5,48,10.555477790318273,42.35616932350322
23,30,1.0960447587336455,1.1351128710504437,1.1303504165815828,1.1153223777832182,1.093642355548852,0.5821652130689868,0.03628942907960876,1.0,1.0,0.2,0.5,49,10.26028196033472,40.84210458630589
23,31,0.23338344267938374,0.2707866056877387,0.2654027771691028,0.25182187086808105,0.22787093344950865,0.157857108751002,0.034475639742065946,0.12455382195988629,1.0,0.2,0.5,55,9.817552253756892,46.02914599293948
23,32,0.23255150538828093,0.2699601997238582,0.2645764438177241,0.25304641531020766,0.22620031802464746,0.15723014710502398,0.034435262659382314,0.12416088817634004,1.0,0.2,0.5,58,9.799098124406132,47.82987063066033
23,33,0.22834627446403138,0.26466707140897017,0.2598791797514374,0.2489267172043504,0.22435868489846547,0.15062986890245894,0.03571133739003221,0.12889110208307758,1.0,0.2,0.5,60,10.02789584241352,39.18981567202896
23,34,0.23402891256155184,0.2654678757414382,0.26063490991324245,0.24984775855398156,0.23703095062771898,0.15981320881723232,0.03442175739624435,0.12412288889885696,1.0,0.2,0.5,62,9.599595515716592,44.724090127709815
23,35,0.2237204040383962,0.25332359594207626,0.24847371959366188,0.24030911939115318,0.2218707682016722,0.15669105992550586,0.030983358561210744,0.11176020637684773,1.0,0.2,0.5,64,9.634104281082427,42.74629765270558
23,36,0.23042607105103535,0.25966312178810624,0.25541576165870145,0.24796463106641975,0.22648949286797587,0.1566120016800509,0.034423943967686554,0.12414106397659305,1.0,0.2,0.5,66,9.554402782920826,41.67553559232708
23,37,0.2308347042473488,0.259777024009206,0.2555269483807711,0.24744292448614433,0.2270216430663752,0.15706997150143712,0.03442511327433761,0.12414297506439538,1.0,0.2,0.5,67,9.541725620342984,41.44633404213982
23,38,0.23219313076924347,0.2597187628223267,0.2548498080775537,0.24753630231176277,0.23179971904306956,0.16550815210451345,0.030990380421259848,0.1117826552526415,1.0,0.2,0.5,68,9.505956600894487,36.04906925977148
23,39,0.21802418280970978,0.24426969032951532,0.2399948369765874,0.23680674013498004,0.2140838594888523,0.15648983878138217,0.02862863169860755,0.10291935686356612,1.0,0.2,0.5,80,9.50997274941916,1313.483928667473
23,40,0.22875607749205834,0.25386137701975553,0.2495760621557664,0.24823496861496905,0.22651328882800204,0.16830636100952223,0.028200579844251096,0.10130434282818523,1.0,0.2,0.5,82,9.385647240795432,43.58502642739869
23,41,0.22917860789480737,0.25413684776767637,0.25015324243301273,0.2493747376214318,0.225460145823825,0.1687425358304579,0.02821039866488822,0.10135274258859053,1.0,0.2,0.5,84,9.373373171363903,43.59114253033127
23,42,0.22893799373080886,0.2538726436000313,0.250191740267833,0.24998172606365876,0.22503043997222016,0.1685511129672557,0.028203633438762102,0.10129514556489869,1.0,0.2,0.5,86,9.36895420633866,43.63983324734912
23,43,0.22619220231704565,0.2507270266508915,0.24764840932011606,0.24885115437554564,0.22414168995381192,0.16487142012982053,0.02863453487869405,0.10318469330940261,1.0,0.2,0.5,87,9.256172545317968,42.40550559301953
23,44,0.22886510736729648,0.25131867911828876,0.24822103568995976,0.2516757388481804,0.22637552703473526,0.16787148460033208,0.028642675588191963,0.10321913043657105,1.0,0.2,0.5,93,9.170891778194555,43.8587647342906
23,45,0.2283486876475931,0.2502295350774032,0.24712661443044456,0.25155775789225104,0.22542899448364226,0.16744912619972327,0.02864316148566925,0.10321998352711385,1.0,0.2,0.5,96,9.501625523723364,45.08472692822704
23,46,0.22831026655451017,0.25004776535046563,0.24724653613300254,0.2522635224064272,0.2251791124297465,0.16744912619972327,0.02864316148566925,0.10321998352711385,1.0,0.2,0.5,98,9.47044004031169,45.2026918682913
23,47,0.23579117317757126,0.25712350400404094,0.2540155835184415,0.2604201719856149,0.2328497625241252,0.16793639537036303,0.03261635659732131,0.11572176686619198,1.0,0.2,0.5,100,9.246383100442644,41.67370170667078
23,48,0.23164041978398447,0.25252447668568484,0.25032128060267217,0.25685793372530247,0.22909081619747673,0.17097334031623007,0.028631009740094433,0.10317624232938385,1.0,0.2,0.5,103,9.480876730241016,46.25336222554069
23,49,0.23090321897091934,0.25115547355726203,0.24924955772301768,0.2556839234654467,0.23008953676480134,0.17035329781295463,0.02863090375241349,0.10317805161778282,1.0,0.2,0.5,104,9.455385818468995,46.73769851565677
23,50,0.2308741957005776,0.2508584716678413,0.24864704641561214,0.2561595910484836,0.22796666057589243,0.17035329781295463,0.02863090375241349,0.10317805161778279,1.0,0.2,0.5,106,9.459047084123878,46.75277798989341
23,51,0.23109047923180495,0.2510302988096025,0.24912149559706748,0.25724390906175376,0.22813197169743038,0.17059212787290293,0.028630693724944038,0.10317685333575981,1.0,0.2,0.5,108,9.453027380716136,46.15005908049643
23,52,0.2311302788185239,0.24867847286798467,0.24644484227256508,0.253861518535349,0.23602827189993442,0.17098811745995954,0.028642049754685175,0.10320571415243374,1.0,0.2,0.5,109,9.401133026953802,46.051203752945845
23,53,0.2312328833918961,0.24843421862694803,0.2468033759986363,0.2643794273685897,0.22858697570263425,0.17150155081459442,0.028634968818736336,0.10255648964203741,1.0,0.2,0.5,131,9.992173407206108,114.30710216883008
23,54,0.2377739879463686,0.25391509144929647,0.2528805861671474,0.2699970965324887,0.23939206259741028,0.17820548013960497,0.02868620436861497,0.10260741071412438,1.0,0.2,0.5,132,9.02938059498152,39.1434820666322
23,55,0.785051493674654,0.7992900483096821,0.7979352191494951,0.8170789197515608,0.785841199347235,0.2770627147999692,0.028746989818906925,1.0,1.0,0.2,0.5,134,10.75090864611542,189.7428531697288
23,56,0.23548872480777705,0.2485283366517531,0.24716261009231266,0.26660906095127523,0.2374343250455595,0.17617823721786474,0.028729801526676767,0.10302799925288067,1.0,0.2,0.5,135,10.784906086069768,189.31002432134616
23,57,0.23535193671963753,0.24825931522851444,0.2468923599575595,0.2673680008236172,0.23354282474682228,0.1762550907993818,0.02862556172518217,0.10268400038118013,1.0,0.2,0.5,137,10.813081483019594,187.88338340209447
23,58,0.23467815910841358,0.24728098847291927,0.24560838236589727,0.26606588221519006,0.23339738285562456,0.1761698119076288,0.028359290710789645,0.10168086364847499,1.0,0.2,0.5,138,10.776751316103608,188.05309384882457
23,59,0.23510853844942164,0.2473348714998234,0.2465677334368901,0.26735437365220716,0.23536937008267775,0.1760274897782022,0.028689304735440305,0.10289687786349344,1.0,0.2,0.5,139,10.753227649294733,188.4567907286903
23,60,0.23569822188196218,0.2453123608712317,0.24421860982791257,0.2701278949346294,0.23484181695639708,0.17780621606997749,0.02806601932551045,0.10155231515648595,1.0,0.2,0.5,152,9.713401557751736,110.06556395886466
23,61,0.23511339117816288,0.24458420936565795,0.24348915005568345,0.2700872267290833,0.2338709449230797,0.177245168894612,0.02806504552500111,0.1015493380144322,1.0,0.2,0.5,154,9.70906238858942,109.60550879291522
23,62,0.23546414300952762,0.24449867476691478,0.24370262900440487,0.2720597586172728,0.2349394194033041,0.1776773064381011,0.028063684593645756,0.10154925436242716,1.0,0.2,0.5,156,9.697957724862286,109.2738643112822
23,63,0.23379511367295136,0.24116466588996743,0.24005055423581267,0.27108547913531256,0.2336842662068146,0.17626337626411512,0.028057477813413865,0.10152452490774214,1.0,0.2,0.5,161,9.640201237019848,108.74857860568927
24,0,0.9410941208169114,0.8883139293270864,0.8874373353542832,0.8835090406200891,0.0,0.0,0.0,0.0,1.0,0.2,0.5,1,231.02656801260332,1353.033786490156
24,1,0.960121994303029,0.9585064851613014,0.9574716666843419,0.9532466901026524,0.11939989942052337,0.09028194294031328,8.370552690093721e-05,0.00010370647492360999,1.0,0.2,0.5,3,214.63187305994668,1265.4329777445816
24,2,0.9529187311605064,0.9924232937917269,0.9912477127793745,0.9870791288845123,0.1938849111130233,0.140768914484866,0.0010876100402474702,0.00242670873528536,1.0,0.2,0.5,4,201.3489914607155,1114.7806963910575
24,3,1.0577871562132581,1.3685175990613216,1.3651018287230325,1.3523745254055148,1.6265819967301995,0.2377660728630763,0.32976188236364135,1.0,1.0,0.2,0.5,5,74.89022137082044,233.0599791918609
24,4,0.6058586005798337,0.9151549103197965,0.911153639296313,0.897295280118726,0.5369982542035445,0.1338539715450305,0.15485055427428657,0.5202509476691801,1.0,0.2,0.5,7,56.87671388048126,236.9870197345413
24,5,0.5776791321495558,0.8258965082372889,0.8209855811927917,0.8025510829446114,0.7083308962224578,0.1992336646495418,0.16622280399616532,0.5154245488049912,1.0,0.2,0.5,9,30.633206699223024,109.41987664067732
24,6,0.44650333824607524,0.6564387824155856,0.6510215527270827,0.6316313638976861,0.4782279613323599,0.18400271555402742,0.10501372428771906,0.36046472406968283,1.0,0.2,0.5,11,27.026968846124,144.98711055537387
24,7,0.43194759182367215,0.6047108357593955,0.5988619929334166,0.5778216825335853,0.46770677710751507,0.1943458532775875,0.11095615596105028,0.34393173720207476,1.0,0.2,0.5,13,19.68053324008248,77.41741376639891
24,8,0.370364057728165,0.5113158591979003,0.5051253959901048,0.4831460640993694,0.40136085868522536,0.19297817863383654,0.08325560718977619,0.2580109886563787,1.0,0.2,0.5,15,16.768867984811685,76.5627867267736
24,9,0.4161952805192515,0.5533745557708128,0.5471448408255594,0.5254632757407617,0.4000881961891599,0.1917046520943295,0.11062156353279393,0.34372533256894106,1.0,0.2,0.5,16,16.352836848686323,79.50714120840153
24,10,0.35962364978794115,0.4728151910367438,0.46634130813531743,0.4437261880936412,0.4259748069984364,0.19048918337845305,0.08335302343504872,0.25819880274172713,1.0,0.2,0.5,17,14.707960756449737,68.69702033526188
24,11,0.3492754433163441,0.46133155184597785,0.45484612616084585,0.433039313738687,0.33074329916346684,0.19379200863917043,0.07493512838517788,0.2349363302514706,1.0,0.2,0.5,18,14.675854661395492,48.19439516501638
24,12,0.32468989352219113,0.4199458293231113,0.41329438645487776,0.390619301606217,0.3667198862399377,0.18936649939953007,0.06670124992558071,0.20661257946896439,1.0,0.2,0.5,19,13.384653140189492,68.43171249715729
24,13,0.31440467576304054,0.3980330494808225,0.39126837773366385,0.3690378242606993,0.34020199227046966,0.1925272700795791,0.05996670462832496,0.18800196834019406,1.0,0.2,0.5,20,12.913172635734815,43.09249738310041
24,14,0.3086982240534566,0.3721190938639072,0.36516118909011264,0.34267089757103875,0.3326881616057358,0.1912030380490614,0.06000520027478602,0.1880559955497631,1.0,0.2,0.5,22,11.853721778446571,38.58262352263065
24,15,0.2896352469484863,0.34572629996048876,0.3386991943078811,0.3166172507221422,0.2923315363294859,0.19127085341145175,0.050017824661421094,0.15675488644384722,1.0,0.2,0.5,24,11.415875585925289,40.23054363280144
24,16,0.3057338084017729,0.3604071249540034,0.35336673045001543,0.3317266070261129,0.30090992954543117,0.1900019784294876,0.06001349164414134,0.1880509296274599,1.0,0.2,0.5,25,11.497642925374365,38.24048525797525
24,17,0.27446256612599707,0.3247947706641752,0.31771365392880696,0.2963642412765394,0.28055405974387315,0.18983877009663822,0.04287735441980235,0.13438115149662933,1.0,0.2,0.5,26,11.109467051603652,38.93835360474707
24,18,0.26677348118075805,0.310112629139734,0.30296622757664315,0.2823313506194336,0.2652294267474562,0.19303215314615327,0.03745546660884848,0.117429205352932,1.0,0.2,0.5,30,10.514662070671388,37.42752936537831
24,19,0.2666859367045197,0.309642119783691,0.30279509876281885,0.2824713321610071,0.2600447550930174,0.19303215314615327,0.03745546660884848,0.117429205352932,1.0,0.2,0.5,32,10.502382293172284,37.06912678127128
24,20,0.2666853804775797,0.3097285219314568,0.30318520714545916,0.2834697886878774,0.25924295349303494,0.19303215314615324,0.03745546660884848,0.117429205352932,1.0,0.2,0.5,34,10.50148969524569,37.09878627658799
24,21,0.25763033150509795,0.2960936412067611,0.28890197880534985,0.27089802201372004,0.2584889536712352,0.1922323802316498,0.0332263649730778,0.10422039881152056,1.0,0.2,0.5,36,10.496691728405942,36.33653382205547
24,22,0.27721703931032965,0.31511994690797934,0.3079230883482763,0.29066673660867104,0.2716328239629454,0.21192077085609634,0.03325880609546946,0.10420714788706165,1.0,0.2,0.5,38,10.383785827181502,33.68380709950227
24,23,0.2899128071920105,0.3237131286774494,0.31647832694798306,0.29860918325714925,0.29803066230366415,0.20856873445843868,0.04276670807567325,0.1339626743403694,1.0,0.2,0.5,39,10.115133533101202,29.32964662489968
24,24,0.2645552265947382,0.29841557907644845,0.29148423526444,0.274743144761554,0.25880354197869937,0.2000078616916102,0.03322251897169273,0.10419782900179067,1.0,0.2,0.5,41,10.27066661356544,37.9875757188348
24,25,0.2756293162472194,0.3068719445011754,0.3005223350909544,0.28681078437674257,0.2712626167360149,0.2078092153842785,0.035689560793805676,0.11073636500747353,1.0,0.2,0.5,51,9.70787871242525,41.134569939236
24,26,0.27241765981068866,0.3022939416965872,0.2959317517799459,0.2841696324270099,0.26888068796174946,0.20483543097923418,0.03568901225388838,0.11073443200502416,1.0,0.2,0.5,54,9.714361470802125,41.06903150851754
24,27,0.2746664142622634,0.30377862271648703,0.2977124436031158,0.2863904445074168,0.2711790675170793,0.20723051568252876,0.035696184089703174,0.11073319957814658,1.0,0.2,0.5,56,9.67276306462722,41.36788085976267
24,28,0.2791193599305874,0.3044293209624426,0.298631143489997,0.2847708047017413,0.28142396077663623,0.21288898629316813,0.035248657295122596,0.10982764158918008,1.0,0.2,0.5,58,9.452450567859811,46.68945982336969
24,29,0.27890004919800604,0.30298966605068706,0.2974832242880152,0.2840384514974022,0.27705056954281937,0.21288898629316813,0.035248657295122596,0.10982764158918008,1.0,0.2,0.5,60,9.384249319442574,46.74435708191103
24,30,0.2669787788605087,0.2901063517679637,0.2845911102779917,0.27668549162663536,0.26338613467386185,0.21256451729933187,0.028710121412044494,0.08957076644991133,1.0,0.2,0.5,71,9.417198293927465,45.993550317823534
24,31,0.270573382445653,0.29297830410860903,0.2877594730038484,0.279453831745274,0.2695523998737515,0.21308589283892326,0.03049707640687703,0.09527252392976984,1.0,0.2,0.5,72,9.506908066088275,46.31519652641332
24,32,0.2752231554001441,0.2977711056284803,0.2931594254994433,0.2858351861728367,0.2715459782232856,0.21522504108906984,0.031984858809859525,0.09971206291761991,1.0,0.2,0.5,74,9.289310083173746,45.87497008977823
24,33,0.27544390582073924,0.29643076363284376,0.2921077823770015,0.2861862989509869,0.274737473019454,0.21571703206758194,0.03198549982340525,0.09971347463064514,1.0,0.2,0.5,76,9.240176644840307,45.68280172760456
24,34,0.2786360252281861,0.29904487268520863,0.29441364448027585,0.28918688701904316,0.27688860397769655,0.2189826081538313,0.03199475263230994,0.09972387889213452,1.0,0.2,0.5,77,9.279873411553035,45.831639742725
24,35,0.276448967976403,0.2954575643078478,0.2911164882733202,0.28544369078531784,0.2782883407785735,0.21462419676144892,0.03418803617100479,0.10367556897725276,1.0,0.2,0.5,78,9.230673509182033,66.41142102112829
24,36,0.2755256237092274,0.29376145995422825,0.2894133305611148,0.2843490272521057,0.27379646174405187,0.21386948972760456,0.034134593353566535,0.10361075360133334,1.0,0.2,0.5,80,9.239329600469718,66.76026151703614
24,37,0.2754243120209771,0.293001466657557,0.2886473241434783,0.28387783212119255,0.2747131194917826,0.21387700897791012,0.03413319310298502,0.10360691627922289,1.0,0.2,0.5,81,9.212271136114198,66.67655814929319
24,38,0.2752537255663232,0.2906028147935318,0.2868343577278336,0.2830489963363964,0.2808069375289497,0.21602070087552624,0.03316324844846066,0.10013986581181751,1.0,0.2,0.5,82,9.061826916607457,45.844853404631
24,39,0.2741890866768846,0.2880913777054489,0.2840068152352618,0.2806011905419817,0.2729567892298889,0.21549911382458814,0.032844188014032286,0.09961308599906628,1.0,0.2,0.5,86,9.021988043997077,45.295986080788026
24,40,0.2744014400593287,0.28825101625246385,0.28446892466403706,0.28254331263205407,0.2722388232152979,0.2157374603512793,0.03284199873841053,0.09960720015613812,1.0,0.2,0.5,89,9.027844909346944,45.280451705550966
24,41,0.27462237097945635,0.288193530836965,0.2847118400157205,0.2827063376347555,0.27279864897018563,0.21602148977946758,0.03283890947837483,0.09959886828486499,1.0,0.2,0.5,92,9.029443376445986,45.85588714605011
24,42,0.26300446661396365,0.2762661480384367,0.27217577439882623,0.276484576427237,0.2608493122362207,0.2117418090272591,0.0278155966823757,0.08697271537921654,1.0,0.2,0.5,104,9.223510933495676,46.79434344276751
24,43,0.26276119462802056,0.2728198405177037,0.2683973597446904,0.27399298233113567,0.2662255564372348,0.2102725501785984,0.028822330947874453,0.08999816602424605,1.0,0.2,0.5,106,9.133596347714798,46.7085967066234
24,44,0.2627555453877955,0.27295783784424715,0.26914260690608616,0.27659819119962054,0.2610663396388134,0.2102725501785984,0.028822330947874453,0.08999816602424605,1.0,0.2,0.5,110,9.128549395774312,46.66655378044874
24,45,0.26242400080871875,0.27253598432472353,0.2684170111464765,0.27525058140941544,0.260705680236288,0.20992673591010197,0.028844758407906877,0.09001783150848022,1.0,0.2,0.5,111,9.084848237253086,46.26153004209654
24,46,0.26657702216509327,0.2765704341796517,0.2727533216008061,0.2795428476356516,0.26558478989464457,0.21409803319100001,0.0288293819533178,0.09005229922181782,1.0,0.2,0.5,112,9.034023661093324,46.27367416057543
24,47,0.26619713065220973,0.2750052375522153,0.270874436966595,0.2786427047190035,0.26832563971346274,0.2137660770085254,0.028879275773141522,0.0902758821873976,1.0,0.2,0.5,113,9.058951957635736,46.43845475800892
24,48,0.27346835032497063,0.28153343367219175,0.2767899525546983,0.27493796122335606,0.27220828692865157,0.2196568349023607,0.029864681300435226,0.09281643178828324,1.0,0.2,0.5,124,9.149308912350268,45.42330892038461
24,49,0.270220517974709,0.2760064100538308,0.2730601405859816,0.2869450173943563,0.2703926579275188,0.2170027854779059,0.0297990760746231,0.09251782301429759,1.0,0.2,0.5,132,9.042050044275769,48.91249720995104
24,50,0.2675099983707385,0.27306560836154087,0.27042018651180816,0.2846137195637165,0.2676226729437661,0.2144335345775667,0.02977627398228646,0.09234163273500277,1.0,0.2,0.5,133,8.993940534534051,48.69348636186894
24,51,0.27010398755905174,0.2754318948863246,0.2724814720127102,0.28774361830445,0.2694027650133456,0.2169486775548969,0.02980019683721251,0.09253149264904134,1.0,0.2,0.5,135,9.043671805691876,49.02435857027204
24,52,0.2738075024691848,0.2791537652588783,0.27711246277255086,0.29331117254669004,0.2737516745446907,0.2206657627321654,0.029772665069589675,0.092591629120511,1.0,0.2,0.5,136,8.992412106475664,48.07573047105368
24,53,0.27113564726058176,0.2745666892638865,0.27281103262717205,0.28958744270995174,0.2738712245234129,0.21832933896566448,0.029739008584968876,0.09253833574067262,1.0,0.2,0.5,138,8.944065338006622,48.16604095335592
24,54,0.2738659977886386,0.2767554434119589,0.27499485150889946,0.2924596684168502,0.27425505575126075,0.2209542577102229,0.029871947101266037,0.09285814714275398,1.0,0.2,0.5,140,8.968705961706378,47.98294318989474
24,55,0.27391824421627564,0.27683666646115296,0.27537932730043385,0.29420527796492746,0.2734695949434669,0.22117325663334547,0.02977109673077201,0.09258320637647191,1.0,0.2,0.5,144,8.98838371022741,47.8996388535728
24,56,0.27296100033947324,0.2754052699157939,0.2745496318176475,0.2991877898063257,0.2728002530710133,0.2189089024034408,0.030223678457989428,0.09521162104087436,1.0,0.2,0.5,153,9.16160394653114,48.717997319249
24,57,0.2722687481460966,0.274606715867243,0.27344715520191365,0.29945192083259375,0.2718876064793248,0.21831945794717647,0.030215732149352192,0.09501403603954509,1.0,0.2,0.5,156,9.079852630026302,48.94911167551304
24,58,0.27266232479690977,0.2747804241272952,0.2739218528870619,0.299945338780368,0.2733350282417508,0.2187597814253722,0.03022052491103927,0.0950108374286732,1.0,0.2,0.5,157,9.083568901057593,48.78339228511697
24,59,0.27260783178095105,0.27464995228948663,0.2737906711990964,0.30050984466447955,0.2725177198232989,0.21871860667498413,0.030220260531508857,0.0950069112289026,1.0,0.2,0.5,158,9.08548877236478,48.7217908658314
24,60,0.27248381762248003,0.2744937105977871,0.27363415111769873,0.3010504884459637,0.27225338635819096,0.21857761285649172,0.0300967626801324,0.09509982338033168,1.0,0.2,0.5,159,9.106180288558466,48.80024860458242
25,0,0.944770449279811,0.8893124322758343,0.8884436072502557,0.8845453241988901,0.0,0.0,0.0,0.0,1.0,0.2,0.5,1,227.423601739274,1347.3619939317666
25,1,0.9674164082534518,0.9632436947526456,0.9622171762511681,0.9580240165669152,0.12298811026457185,0.09395699939301431,8.413625095935061e-05,0.00010707645313331,1.0,0.2,0.5,3,211.0067590550981,1259.901820133312
25,2,0.9621457167023586,0.9986259096092494,0.9974611793292361,0.993334053764385,0.19778399395595914,0.14554406705128212,0.0010897457324875602,0.0025194280875505603,1.0,0.2,0.5,4,197.9809902187582,1105.3760480191963
25,3,1.0982282976348061,1.4072491557363958,1.404008653781625,1.3919554158309333,1.5856776220017534,0.25417069779935847,0.32977779901661847,1.0,1.0,0.2,0.5,5,75.54881910038502,211.7719783135556
25,4,0.540828865073264,0.8519979467796729,0.8485247281435757,0.8361778557086477,0.32189978251904094,0.1687319105725592,0.07729489398216638,0.22064493832612025,1.0,0.2,0.5,8,68.54209479574817,288.9160215138013
25,5,0.6381241517694377,0.9452606096072107,0.9412800793659257,0.9272958431488431,0.5455800546734071,0.1694062385820298,0.1739135114598744,0.4964511112337706,1.0,0.2,0.5,10,54.69765904110849,201.78360219723385
25,6,0.4487347841186854,0.7420632816887395,0.7376526951950904,0.7227656693490552,0.3829821122471111,0.16239143378022086,0.08703353090383552,0.24843254548658447,1.0,0.2,0.5,12,44.22003842728245,168.18613253336446
25,7,0.31789930416751994,0.5991742845930955,0.5951097419438368,0.5804077073785254,0.2902292026600072,0.12654833773797178,0.041075636970073645,0.1189819548991792,1.0,0.2,0.5,13,37.381597390018925,167.59564159219636
25,8,0.4092667545078514,0.6802574695538431,0.6754015321131278,0.6591763149273533,0.3664964113025791,0.15715851146416038,0.08714653520858413,0.24871861156785732,1.0,0.2,0.5,14,35.48930063742552,140.2954426097146
25,9,0.3433037008399219,0.5491017615776248,0.5439371052630206,0.5254620719284501,0.6207996972506757,0.13799098180066924,0.08940664655116137,0.2569468102581282,1.0,0.2,0.5,15,23.026382158593865,96.23622201886766
25,10,0.27828947769961454,0.4561916155917549,0.4507029057627469,0.43164211004875114,0.29221625162004133,0.135110500375981,0.05963914319576073,0.17137067633938205,1.0,0.2,0.5,17,19.56717118314682,81.67335002360994
25,11,0.2779660024664149,0.455831412584212,0.4503422731009816,0.4312801585640855,0.23263356201401664,0.13474000905342506,0.05967744906766515,0.17149336019278788,1.0,0.2,0.5,18,19.582225734518616,80.55536071236642
25,12,0.24468714069438308,0.4039522706461004,0.3982588620469862,0.37908290894462615,0.28153353360373384,0.1333305574942646,0.044747441888131324,0.12857892546445773,1.0,0.2,0.5,19,17.46023197037951,75.58657099371088
25,13,0.23772421511045302,0.3846139989130931,0.37878878681061645,0.3595731005070577,0.22823932992133014,0.13072600935752554,0.04480589351814749,0.12868631550310244,1.0,0.2,0.5,21,16.295569817060866,68.53313270310974
25,14,0.2305952878459106,0.35816245178316386,0.3521367908737501,0.332619697709386,0.2399050421637473,0.13145179506454388,0.043600595842654105,0.12587787771091188,1.0,0.2,0.5,23,14.895794290557037,59.86885302243519
25,15,0.21188559899991924,0.33526943312975105,0.3292011739801632,0.31023220379587585,0.19346863042053414,0.12830138733091553,0.03489074244506735,0.10073303149196726,1.0,0.2,0.5,25,14.559026820609205,59.68407214145476
25,16,0.2561491239695314,0.3714008195161303,0.3646446351605311,0.343688650045234,0.26167324942384523,0.13895224420384716,0.0571305844633239,0.16361852232790897,1.0,0.2,0.5,26,13.968622078827336,53.69510039566058
25,17,0.22678265551751386,0.3255836898138628,0.3186640406438072,0.2983125620467778,0.22720467435259084,0.137250823830731,0.04285901689058677,0.12274683970498682,1.0,0.2,0.5,29,12.941858511528231,51.9274987312776
25,18,0.20972807442896602,0.2995071995202546,0.29249931049826305,0.2725346896056453,0.20857599599668622,0.1363868166673978,0.034304326159018024,0.09823555603593026,1.0,0.2,0.5,31,12.408249873947526,50.25428247596221
25,19,0.20005771515895387,0.28894871306179554,0.28253800530393636,0.26396902034747405,0.18425357094069117,0.1364519522852428,0.02848670916230675,0.08161314601353573,1.0,0.2,0.5,34,11.835671073568085,46.22869606461868
25,20,0.19753443259544456,0.2795031105254562,0.27272249768943435,0.25454050910376697,0.20624345054257598,0.13548788053298041,0.02849329982387089,0.08167754882563436,1.0,0.2,0.5,35,11.46625499721024,44.25214133686894
25,21,0.20017308689606364,0.27874709281513677,0.2722366923374404,0.2550116554944841,0.19777132878767528,0.1407022209643579,0.02752433591591429,0.07849549414704804,1.0,0.2,0.5,36,11.3595962326164,50.50912658476016
25,22,0.1963258890340666,0.27424040001557515,0.2677236325987686,0.25001219673087605,0.1840827568070991,0.13643086283804756,0.02745035577257762,0.079669425060371,1.0,0.2,0.5,37,11.260137383256868,45.10410585497157
25,23,0.18625178598960912,0.252583383007484,0.24595598443656325,0.22883335727833393,0.21481789743123364,0.1368870071653187,0.02294564156482095,0.0654356444759305,1.0,0.2,0.5,38,10.841075057931064,50.56631116320783
25,24,0.17887559376838608,0.23999824138391632,0.23332149464640298,0.21707053452682643,0.17695644721688697,0.1359109148073369,0.019670664008283618,0.05610216978900935,1.0,0.2,0.5,40,10.545091939453574,47.81658637221803
25,25,0.1748981105059557,0.23240061847587978,0.22568972594235628,0.21012077829039807,0.17092179220714243,0.13665808250624104,0.017214648480658568,0.049098494960916075,1.0,0.2,0.5,42,10.409272513900849,41.61307121937337
25,26,0.18188943831239662,0.2385949408261162,0.2318765480830724,0.2165435077310557,0.1745561884984145,0.139820568344435,0.019672738966783437,0.056091205571621484,1.0,0.2,0.5,43,10.277475311761036,38.01185020638288
25,27,0.1817766789413673,0.23730175613763665,0.2302693725577296,0.21037082739038998,0.17284622095696278,0.13998884523563845,0.019634279525393948,0.055977716517578865,1.0,0.2,0.5,47,10.184554904304832,43.31804492608003
25,28,0.17595762486410588,0.22711609377148528,0.22064854443381066,0.2077455539001831,0.17219790993304285,0.13796451974106355,0.01869610230997633,0.050542721466073415,1.0,0.2,0.5,50,10.168573861411804,42.316447427528026
25,29,0.17340412984000264,0.22311606578959894,0.21663497838000892,0.20423036164158676,0.16718617138856504,0.13575996405962332,0.018677885362281786,0.05040917260061949,1.0,0.2,0.5,52,10.036771208355162,39.71587881292856
25,30,0.17911768625326333,0.2252528973211625,0.21873840625186736,0.20615306988830276,0.18336432920413076,0.13872147152169395,0.020911268005041575,0.056379232698895866,1.0,0.2,0.5,53,9.857166331945262,39.14426322754263
25,31,0.14395751421735892,0.1909004971690578,0.18742298494238924,0.18575320403497525,0.13596072226425931,0.12373800474760725,0.007716055955573914,0.021338194772508208,1.0,0.2,0.5,83,9.782930312549937,437.25636723777967
25,32,0.1451383392499118,0.1902340914376829,0.18673939090317654,0.18659933768364884,0.14063694407424568,0.12641766526493695,0.006872044253765518,0.01936952084108878,1.0,0.2,0.5,85,9.640757684397329,437.51171373675913
25,33,0.1423440021927545,0.18583925133662688,0.18263256678045464,0.1830010394110731,0.1369213271526396,0.1228088058720516,0.00770635938225037,0.02129172099817515,1.0,0.2,0.5,88,9.67852652184714,444.6879669091701
25,34,0.14342674770286673,0.18441685085219506,0.17876333135149694,0.16977576722373525,0.14249675386186078,0.1241972091976817,0.007640116693304259,0.0213627631022292,1.0,0.2,0.5,89,9.68126298734204,449.4547695527295
25,35,0.14526031764044964,0.18695237429483347,0.18372896799337565,0.18532793330240818,0.13830613369706904,0.1272050537234926,0.006872805501375066,0.01932784445549933,1.0,0.2,0.5,90,9.46660723172233,436.9761826040231
25,36,0.14561441693861593,0.18355177525404642,0.17756702280464512,0.16947689189842183,0.149156848289831,0.12849678951041876,0.006649448678036549,0.01861015007891689,1.0,0.2,0.5,91,9.545349310514217,470.0061080987308
25,37,0.14627404116677412,0.1831511090798526,0.17745945853757633,0.16981857172059994,0.1419533408774108,0.12900650981480893,0.006880621081280334,0.01923043360012669,1.0,0.2,0.5,93,9.458637124311355,464.8387659775959
25,38,0.14633155414890286,0.182335177893891,0.17663545035004108,0.16927154320730567,0.14317778277257306,0.12902118344436803,0.006954426821465492,0.01959841083371321,1.0,0.2,0.5,94,9.489798046674604,463.8617672415048
25,39,0.15206977893354356,0.1874507465039942,0.18356301368681185,0.18601039615213924,0.15010228477910112,0.13433460526242147,0.007372848948318364,0.0206935887916384,1.0,0.2,0.5,95,9.22883279371471,443.68395717356617
25,40,0.150989504807813,0.18614567732603443,0.18255878679611723,0.1855950896707234,0.14566525495266874,0.13374581908141336,0.007109040069618236,0.01992750108679525,1.0,0.2,0.5,97,9.276310262370872,448.4678637174063
25,41,0.15088239476147663,0.1858567271542959,0.18257112163588457,0.18619849857823403,0.14553317698239066,0.1336840094878364,0.007111153933395994,0.0199320724854849,1.0,0.2,0.5,99,9.293342162125017,448.7263599936075
25,42,1.5069657708295239,1.5406068621473745,1.53670308897457,1.5409955072640689,1.505270657588577,1.0,0.006793762235295126,1.0,1.0,0.2,0.5,100,9.301335956671393,473.06621397500106
25,43,0.16013987949367411,0.19283952170878524,0.18801815066206076,0.1864278605705753,0.1549026630608061,0.1435275826150743,0.006060857273766074,0.0198210914096025,1.0,0.2,0.5,109,9.235324797094966,473.3468380076535
25,44,0.15966391643968356,0.19088553773730263,0.18605056847410023,0.1850556874203978,0.15693257813027547,0.1440381676291078,0.00610586323917092,0.01834480355594351,1.0,0.2,0.5,111,9.159082215496076,471.1206451203722
25,45,0.1592211526238241,0.19025112369757885,0.18571732549731765,0.18338361139629422,0.15451416959423933,0.14376100298862962,0.006056978308255765,0.018130827755835018,1.0,0.2,0.5,113,9.1655854703967,473.0450160382636
25,46,0.16279538541444535,0.19345050172196732,0.18921617739775354,0.188702883917345,0.15848892864208297,0.1474213479553892,0.006060741870830959,0.01811992872897663,1.0,0.2,0.5,115,9.12776629616592,452.5479255641637
25,47,0.1622123016469715,0.1887399823530202,0.18477076775711715,0.18401113269368644,0.17204422824728907,0.1462494708312853,0.006935263474255861,0.02038763121772681,1.0,0.2,0.5,116,8.987948617341617,420.8791829933799
25,48,0.16271387484770922,0.18787559841036067,0.18389383307927923,0.18471971436279322,0.1597147203847931,0.14804936032260435,0.006204458406475745,0.018544506299603213,1.0,0.2,0.5,120,8.942281644403893,451.6720927148591
25,49,0.16600774773325847,0.19043815408334525,0.18644970017456533,0.18725007577100372,0.16444990942487106,0.151399620886575,0.006250229063886327,0.01865949400498907,1.0,0.2,0.5,121,8.903504558250493,431.80456901806417
25,50,0.16565832348318046,0.18882537540143496,0.18482533083787758,0.18590781780978166,0.16607101479219297,0.15132610953002776,0.006209946502217037,0.01854335924882783,1.0,0.2,0.5,122,8.858345991818023,431.9763930346871
25,51,0.1675785030618208,0.190735609729597,0.1867354655982415,0.18781760711610512,0.163772775424292,0.15324578602478922,0.0062135773757279,0.0185462272122167,1.0,0.2,0.5,125,8.853773712674785,421.1579580445537
25,52,0.16561799505775043,0.1885420854875152,0.1845398592691303,0.18561373342462348,0.16262220915103967,0.15132610966915203,0.006209946502469484,0.018543359248944243,1.0,0.2,0.5,126,8.846574044203738,431.0498768275691
25,53,0.16556680008057706,0.1895159975561689,0.18946153065181334,0.1939809343509361,0.16229992072716357,0.15132448715748884,0.006194874555256138,0.01849835330056012,1.0,0.2,0.5,127,8.843325343880974,430.8693103544626
25,54,0.14469409469602812,0.16717484183355552,0.16528926287842602,0.1822738814854991,0.14130178233569374,0.129894549729834,0.0073522483123048986,0.0194573986201637,1.0,0.2,0.5,142,8.591157058734135,277.26320885694423
25,55,0.15031740607369193,0.17233982020401664,0.17045002116355065,0.18809314476431738,0.147560764689586,0.1354911677234289,0.007421691945860413,0.01963393142888004,1.0,0.2,0.5,144,8.455800316251706,276.3559961543625
25,56,0.14496334592526616,0.16615219972732143,0.16425479024783401,0.18220632882099996,0.14438029391729282,0.1304798368676161,0.007286149500144349,0.01927737613228015,1.0,0.2,0.5,145,8.463415524253255,277.7033698296179
25,57,0.15655705971473757,0.1769037750677045,0.17408975625519138,0.18307549960331188,0.15335488612287645,0.14113884051298145,0.006649411131202254,0.021589232106022198,1.0,0.2,0.5,166,8.727946805582212,413.1904746818884
25,58,0.15739059230438845,0.17518734923394375,0.1726530585911829,0.18282636858423335,0.15894183856384458,0.1431438197681721,0.006384018150253405,0.02020896563677141,1.0,0.2,0.5,168,8.584491539520975,413.42182032053415
26,0,1.0,0.9038802035539674,0.9031258517037523,0.8996643437294283,0.0,0.0,0.0,0.0,1.0,0.2,0.5,1,174.95909586692204,1337.0014691661363
26,1,1.0166494439081961,0.976031669850322,0.9751189201114931,0.9713604777977396,0.12138566769159038,0.09224490199072938,8.535645514831991e-05,0.00011709881642790001,1.0,0.2,0.5,3,162.49038299385842,1249.800160671014
26,2,1.0026430542348932,1.3393112560875162,1.3393112560875162,1.3393112560875162,0.5824903076743839,0.2396400422998099,0.01820586994174545,0.1920600795987146,1.0,0.2,0.5,4,182.57916154741136,565.3336360984604
26,3,0.39521491637156636,0.7055836179765991,0.7022518185241288,0.6901186214752524,0.4537705826870936,0.0988515610370245,0.007894390611372938,0.059303881769189645,1.0,0.2,0.5,6,82.69459941526598,240.5275586572607
26,4,0.37565391643031926,0.6864548200567206,0.6833376480990311,0.6709296747328553,0.15273393727221735,0.09944699538290527,0.003905441198880027,0.04398376301756613,1.0,0.2,0.5,7,78.85209198311482,306.139080849297
26,5,0.3386060360809054,0.6509061196060029,0.6472547485195302,0.6346714692214108,0.20327040632112225,0.1004431749580027,0.003988074464024945,0.02976664668173696,1.0,0.2,0.5,8,69.98319235456259,207.92212072870385
26,6,0.3230476249773135,0.6338768080149079,0.6304258575361673,0.6175691176539699,0.14756970719173326,0.10072430302588661,0.0019898271584023177,0.02208861585150353,1.0,0.2,0.5,9,65.70605168216082,247.2270605246917
26,7,0.30389346509700316,0.6121362136915895,0.6081694926682392,0.5947699512854854,0.19823760163603316,0.10169015611850118,0.004097330737542934,0.030048617020633613,1.0,0.2,0.5,10,59.25733303699258,180.5237725602408
26,8,0.2854931589805494,0.5898684542318305,0.5863604088260461,0.5730805303837865,0.16763713567486868,0.1022804709963353,0.0022059681864268076,0.02264643607508551,1.0,0.2,0.5,11,52.74840482199474,163.14157909179482
26,9,1.6287596601764798,1.9221319550185778,1.9175900592480846,1.902808885744364,1.682765540629439,1.0,0.0040365362727827255,1.0,1.0,0.2,0.5,12,40.61638586915468,99.35645460688497
26,10,0.21693492136994166,0.49548865415705895,0.4909345147628675,0.47486139744282857,0.24450830599911488,0.10553418924497479,0.0021575534401290183,0.016725471975757338,1.0,0.2,0.5,13,32.34536844464703,79.36301995436666
26,11,0.18066455981040183,0.3993467078216703,0.3943411211333498,0.3764008935048395,0.23234004083527457,0.10553418924497482,0.0021575534401290183,0.016725471975757338,1.0,0.2,0.5,15,23.011096967516,97.17437446861427
26,12,0.1753277488243143,0.38270372077355164,0.3775582045050654,0.3590834954065852,0.1668854225509978,0.1038875935051301,0.00349055666596103,0.02184815285245112,1.0,0.2,0.5,16,23.593553299019423,110.11469479885872
26,13,0.13630797598143424,0.2691379558935048,0.26346764840697473,0.24231310468437073,0.2604034777343642,0.1022920592256148,0.0010016831434561508,0.009858084116118571,1.0,0.2,0.5,18,15.86327489096108,46.40262603575394
26,14,0.1255188806376204,0.23133176352843535,0.22508719072789693,0.20424686215758045,0.11637166494232111,0.1010291254214292,0.0004560876813264839,0.00609552624951342,1.0,0.2,0.5,26,14.223181297120163,56.1132755185056
26,15,0.11903304385732269,0.19988885568788098,0.19340041535294306,0.1723470565513349,0.1485819742900642,0.10046316312341533,0.0005988918762052063,0.0064318292363179305,1.0,0.2,0.5,28,13.141790501454643,52.7530014825547
26,16,0.1137714290588984,0.17636016570321109,0.16969725232298355,0.14864520275180634,0.13454728541265915,0.1002355903660869,0.00034796335898669157,0.0043805750995284,1.0,0.2,0.5,30,11.740161413402204,49.05478726887725
26,17,0.12109122477731397,0.18064998546425073,0.17395844559009008,0.1537669796216515,0.11570870674485838,0.10124857770512954,0.0003287059749772904,0.0182419135748917,1.0,0.2,0.5,32,11.72135315347976,48.67558461431944
26,18,0.12153451682953953,0.17602326132544277,0.1695869609479423,0.1497404714173905,0.12077460331177041,0.10183537386613777,0.00028646634937175665,0.020020009132815438,1.0,0.2,0.5,34,11.350180824130314,47.79205170690064
26,19,0.1216846723201168,0.1722317587019149,0.16575848619779412,0.14658059302308202,0.11960536799484003,0.1018078427906968,0.00021870650849672537,0.02193709197584793,1.0,0.2,0.5,36,11.002840787599895,52.47953704570034
26,20,0.12359511653365714,0.1728265221165403,0.1663409252691735,0.1473860062096932,0.1195030937170094,0.10260070082875354,0.00024518469721782684,0.02466680610341954,1.0,0.2,0.5,37,10.948140349223095,44.53925441931252
26,21,0.12294993343306267,0.16817867098201006,0.161958667728809,0.1432211429354432,0.1221264891649214,0.10222385639673082,0.0002448090628195382,0.02567910435383694,1.0,0.2,0.5,39,10.814786368702462,43.786653153677385
26,22,0.10926206318928583,0.15381499127523732,0.14758866272002832,0.12903359795438976,0.10233036347969965,0.09870188515812243,0.00020936380985813952,0.00561661146086824,1.0,0.2,0.5,42,10.768561484164076,40.437864472786266
26,23,0.10944286497899229,0.15029692346658113,0.14433924243223775,0.12581498810536004,0.10888829908562725,0.0996200363507344,0.00020968335350238584,0.00553843067908101,1.0,0.2,0.5,44,10.544333596909658,40.55353767078352
26,24,0.1334615231986666,0.17340893335381904,0.16713981053982435,0.14946985719617356,0.12938019485243504,0.10242737864288812,0.00020648406859116896,0.04826014099017066,1.0,0.2,0.5,45,10.542404411352583,43.2217514138193
26,25,0.13612979610313114,0.17500430963456812,0.16872523602407263,0.15130168633822177,0.1331159332973566,0.10239641431163726,0.00020871278995077054,0.054047214093028616,1.0,0.2,0.5,46,10.530846730739626,44.32718585387931
26,26,0.10841332821215634,0.1452928355217408,0.1392983151178417,0.1220993821125733,0.10921142550815757,0.09954229158649311,0.00019306409345999976,0.00507937449676682,1.0,0.2,0.5,47,10.425337132161127,41.30381920581957
26,27,0.12477214312355536,0.1600236179645145,0.15371098540968633,0.13672812873277868,0.12397698158158937,0.10154432085214889,0.00020762695066388207,0.03433556289417804,1.0,0.2,0.5,48,10.291104307468617,47.42325329774405
26,28,0.10736022777258007,0.14264897844034,0.13663971881038636,0.11997045068671647,0.10153089211970963,0.09877169205179595,0.00019800406501747908,0.00507966429185803,1.0,0.2,0.5,49,10.242164726658718,40.52591884551084
26,29,0.1236906177283482,0.15711968337395654,0.15079023483689608,0.1343117889420375,0.12399498475305724,0.10079842693205543,0.0002059919095349064,0.0343091276372276,1.0,0.2,0.5,50,10.252726803157758,47.10561775800266
26,30,0.10775802468915477,0.14037342295915775,0.13403650830496114,0.11890591563555195,0.10496144033471293,0.09913093336709412,0.0002155059489441004,0.006060765273950041,1.0,0.2,0.5,51,10.237701238248736,39.617228399073625
26,31,0.1390728406803286,0.1709940460416676,0.16465068680604697,0.14868792003787634,0.13599122001219965,0.1051795003343472,0.0002055224278964521,0.056840052050458834,1.0,0.2,0.5,52,10.1476768168858,40.933601818692594
26,32,0.138163988295057,0.16801508019472539,0.16195569485874162,0.1465592004181316,0.13676016620319834,0.10731630219536407,0.00018774638731337273,0.05150565460804897,1.0,0.2,0.5,54,10.05801602866276,41.839482096233446
26,33,0.13722328042983475,0.16464374567153106,0.15856198562800217,0.1436658805100893,0.13668637193387922,0.10678480018901097,0.00019349843152258897,0.051518671419999496,1.0,0.2,0.5,56,9.933762197867765,41.73079135993527
26,34,0.14039447635156052,0.16657929761367282,0.16048619613590148,0.14613249462293135,0.13804684308640164,0.10724755651653639,0.00019497404080944916,0.05735476034479724,1.0,0.2,0.5,58,9.884597726146776,41.21217997610536
26,35,0.13600407906213907,0.16152944444480152,0.15543028569405673,0.14163929940075448,0.13279607031582974,0.10586716150944948,0.00019632993648766522,0.05155718007201855,1.0,0.2,0.5,60,9.862426279340545,41.24895817576235
26,36,0.1055980560281235,0.13119163594497252,0.12539606907290748,0.113489824091932,0.10132071948806484,0.09875238635038648,0.00017648209000867263,0.00499019642671326,1.0,0.2,0.5,62,9.807396991565833,40.07549716674978
26,37,0.10563789230082188,0.1291220422390611,0.12330715368303269,0.11162757581240847,0.10877502097367377,0.09915498101146167,0.00017755056803862943,0.0049721605482904805,1.0,0.2,0.5,63,9.705169255393226,39.75925017251306
26,38,0.1339636967952778,0.15565456344326262,0.1507321177878349,0.1469230890428664,0.13069164441633102,0.10397663223755582,0.0003142546716919804,0.052610983238849496,1.0,0.2,0.5,83,9.706711114474553,40.54192823497789
26,39,0.1322916540721657,0.15383660430141244,0.14891284001866584,0.1457246395383328,0.12894185194136565,0.10469688592608302,0.0002828658290625244,0.04788709633748428,1.0,0.2,0.5,85,9.717443147927616,40.64957871846968
26,40,0.13656488786077314,0.15793284117490214,0.15361332821609766,0.15278862129515414,0.13326911068070071,0.10508210186578489,0.0005376894686723314,0.05567903655105394,1.0,0.2,0.5,90,9.728731886182416,40.754071243792936
26,41,0.1362225733783778,0.1565399684554631,0.15190792670588135,0.1520545085500505,0.1360678776124092,0.10500858911734663,0.0005689953435750768,0.05544459329771586,1.0,0.2,0.5,91,9.726898986777838,40.61991313679498
26,42,0.13342846549203272,0.1535791905538786,0.14955157321165718,0.1518339893852052,0.13033981217851326,0.10487597079361799,0.0003658673557554742,0.0503163905652511,1.0,0.2,0.5,96,9.68596186840622,42.13029389934095
26,43,0.13494650421970367,0.15509229861965376,0.1513675939803151,0.15325397932988602,0.13195947270405756,0.10650817560236878,0.00042712194446073947,0.0500946549598492,1.0,0.2,0.5,97,9.691999595853824,42.450308836629205
26,44,0.13363749515696802,0.15333449220096032,0.14930275272941274,0.15221679318768358,0.13159358955426534,0.10518899945962415,0.0004259332919846945,0.050232721545548,1.0,0.2,0.5,98,9.614213994325118,42.7532070341594
26,45,0.13364776891409674,0.1534062165624277,0.14967800540697307,0.15318391811519605,0.13042948111299646,0.10518083714655588,0.000411692040453759,0.050284629264088845,1.0,0.2,0.5,102,9.610615132746736,42.62891609184888
26,46,0.13409034823170085,0.15344612720547463,0.14971419823140775,0.1535332495796158,0.13137642539486952,0.10573485996605363,0.0004247391847384058,0.05019115000892319,1.0,0.2,0.5,105,9.462541366339366,42.21305291560073
26,47,0.13717132490615644,0.15546930740255924,0.15233367574934054,0.15697185700421595,0.13830939506681403,0.10900591225588244,0.0004252214064325014,0.050209576962211774,1.0,0.2,0.5,106,9.508383910904332,43.50872383301062
27,0,0.9092004231843308,0.8794886047608902,0.878542809802683,0.8743497610897583,0.0,0.0,0.0,0.0,1.0,0.2,0.5,1,261.43796362838856,1352.5917196050896
27,1,0.9325393042641651,0.9515097774720033,0.9504061239068273,0.9459184904094189,0.12106924383783364,0.09204326775188801,8.27212703444588e-05,0.00010824607087413999,1.0,0.2,0.5,3,242.4378264784744,1259.0083046588545
27,2,0.7067687186846136,0.9452307068911245,0.9430314615663191,0.9345721926124775,0.62985958934958,0.09946436003633861,0.07520488956347723,0.2218520798158905,1.0,0.2,0.5,4,167.80605665234967,705.6750147090984
27,3,0.6919456724538466,0.93711013555055,0.9351501474040695,0.9265351805990466,0.2365931331014868,0.09946436003633861,0.07520488956347722,0.2218520798158905,1.0,0.2,0.5,6,163.69505922435195,718.2487328224253
27,4,0.544953086620358,0.8562042237401138,0.8527189415461265,0.8403257559443074,0.5241916538919512,0.1680124661709043,0.07340272317505862,0.23513665460573258,1.0,0.2,0.5,8,70.04733248971966,297.0816066596583
27,5,0.6532676341298804,0.9606721277562916,0.9567040039283,0.9427672189492727,0.5549071696468746,0.16868391782574357,0.16515612714388198,0.5290574728628981,1.0,0.2,0.5,10,53.5727755502709,201.4262404023248
27,6,0.3104534839551348,0.5805365265909543,0.5759672540206577,0.5592479741655856,0.367428030528458,0.13371695373590042,0.037724931822120875,0.12008422359903037,1.0,0.2,0.5,12,37.33290296014915,158.2339812427665
27,7,0.2882361278469258,0.49493227691254893,0.4897785886968725,0.4698390129896921,0.391888394428347,0.1339138827542986,0.052955464717686536,0.16856533753151598,1.0,0.2,0.5,14,22.78551243364671,88.77379469608076
27,8,0.3259219570179457,0.49092428389999765,0.48559592546436914,0.4640245263644245,0.3735088040475135,0.13937996607846478,0.08148423692657082,0.25995377336934883,1.0,0.2,0.5,16,16.56114765393529,77.02896286865187
27,9,0.26239063177007693,0.3956312862440903,0.38996672032487567,0.3677213377788505,0.2949160481994051,0.13562192201587012,0.05436805224345628,0.17339275183436603,1.0,0.2,0.5,18,14.038950492979566,61.444863820124965
27,10,0.2560840827722867,0.37023447432535517,0.36407305413721347,0.341769286136422,0.2679216982857457,0.1374342072006805,0.05264978762058112,0.1690300994100149,1.0,0.2,0.5,20,13.170625458705963,51.02268496024505
27,11,0.2301690289152073,0.33066996040976426,0.3246757760168636,0.3022792199852402,0.23528702049558547,0.13866259916386492,0.039663274416074486,0.12724756767474404,1.0,0.2,0.5,22,12.19041210440598,50.113358712060254
27,12,0.22540580788957873,0.3179597076822283,0.3121904854710358,0.28862011660620657,0.217112353090193,0.1358321435256212,0.03973029918979392,0.12736389392969982,1.0,0.2,0.5,25,11.661609334427125,44.657309774235614
27,13,0.2079300024791237,0.3003461804791361,0.2939697509733119,0.272417282917272,0.18999050907504708,0.14456691626732202,0.025150050496067403,0.08077556396346391,1.0,0.2,0.5,26,12.445584941668695,38.27905292002033
27,14,0.21110235567571523,0.2945739540623107,0.28841364195576796,0.2668198033827278,0.21130673563347124,0.14678362943540513,0.0268447356372447,0.08627075484984095,1.0,0.2,0.5,28,11.812738770735134,46.2579488380218
27,15,0.20838291611799598,0.27736125942859735,0.270759027502408,0.24927087202112175,0.24649588531392497,0.1472927771690502,0.02684289857218627,0.08620803416085973,1.0,0.2,0.5,29,10.919154525384023,45.022210267693104
27,16,0.20327417603622705,0.27127656806934797,0.26496796566051667,0.24352626161795005,0.19460318838849033,0.14217470442292016,0.026987161913947743,0.08662140934968156,1.0,0.2,0.5,30,10.60775993994928,43.56939944259694
27,17,0.1947733362187703,0.26116103273259916,0.25453401775106554,0.23390692094198723,0.18836258964399633,0.1421413710801117,0.022482099204608506,0.07217006805182956,1.0,0.2,0.5,31,10.422080386361165,41.57477098442676
27,18,0.20087003706613255,0.2638193332670395,0.2574628355811957,0.2365594374355401,0.20150259467881,0.1489259862517368,0.022499791682053127,0.07221709767331104,1.0,0.2,0.5,32,10.38774638390204,44.73888765456458
27,19,0.18870625708212158,0.2490307306169623,0.24234644856783533,0.22222440565782062,0.1867545580722479,0.14325254962050787,0.01918332602588933,0.06160743633064556,1.0,0.2,0.5,33,10.372577534058706,39.97006476075229
27,20,0.19158139043845965,0.2511046611208622,0.24441282032944028,0.22451450588958705,0.1836561233742321,0.14030105645541202,0.02249115051592925,0.07225674467064302,1.0,0.2,0.5,34,10.068357058656268,41.01231493856199
27,21,0.1859750045723481,0.23831495773960704,0.23155552585536732,0.21165241249250266,0.20162600217565252,0.14240222679687864,0.01904964337178658,0.06107612753430423,1.0,0.2,0.5,35,10.104895988748057,37.56102917263856
27,22,0.18716035370508846,0.23569099025153187,0.2288959558560475,0.2093617780517335,0.1851741024411872,0.14448468997104055,0.01894577567569316,0.06078240048324061,1.0,0.2,0.5,37,9.823511792030114,38.205038473683736
27,23,0.18256597679742856,0.23063409360824047,0.22413763003598028,0.20518713638066274,0.1751265179452235,0.14363529053200821,0.016910993352496503,0.054317291900974674,1.0,0.2,0.5,39,9.752270912414112,38.8098524618836
27,24,0.1824259805432633,0.22975469026297432,0.22325132519873153,0.2050384632113642,0.17670606130772606,0.14363529053200821,0.016910993352496496,0.054317291900974674,1.0,0.2,0.5,40,9.712818168566914,38.98404423922832
27,25,0.1824227435999038,0.22982430420095043,0.22362456108766857,0.2057896071703116,0.1742346715324104,0.14363529053200821,0.016910993352496496,0.054317291900974674,1.0,0.2,0.5,41,9.71325332207208,38.9418328267075
27,26,0.1838316863570077,0.22841396169203437,0.22218792872323523,0.20553576789039718,0.17852814513616094,0.14890485455392893,0.015051064974625007,0.04839968220737642,1.0,0.2,0.5,45,9.722940963753109,38.441076460497
27,27,0.18300719363946913,0.2255876192400159,0.219039982587017,0.20253066145374318,0.18217857280828706,0.14819837489203383,0.015295425725558679,0.04877556814750112,1.0,0.2,0.5,46,9.694075750408109,38.03997367497095
27,28,0.1821921532402154,0.22476173114423964,0.21851694674852148,0.20240945816774164,0.17502077183401707,0.14699432692420392,0.015476710123470377,0.049518264711287105,1.0,0.2,0.5,48,9.696131391272996,37.53895859439409
27,29,0.18040103471259214,0.2212125000654143,0.21495138224257027,0.19908260239265885,0.17938331701628665,0.14565449113800538,0.01588147582389873,0.04910016490984157,1.0,0.2,0.5,49,9.454995861720093,38.10331304533258
27,30,0.17918668882093106,0.21907730279240245,0.21311066111424076,0.19845443134601015,0.17321069599624075,0.14450437766969054,0.015812760124717988,0.0493673745253155,1.0,0.2,0.5,53,9.299166437602995,38.85464782972649
27,31,0.18238969480992412,0.2197749916979069,0.2137851116826126,0.19958092785777332,0.18453162176570048,0.14773888281820136,0.015692694868975326,0.05025772232015877,1.0,0.2,0.5,54,9.254307933605286,37.58638132311022
27,32,0.17827372863879792,0.2149024311023389,0.20890555877613942,0.1957982676098332,0.1733117535908578,0.14651973155896367,0.014129454257607272,0.04536049653461437,1.0,0.2,0.5,56,9.205446455488833,38.03133797111128
27,33,0.18199173261107313,0.2183846797372458,0.21268858170799151,0.19891853945326504,0.1769081873885135,0.14755589093592564,0.015697158987929262,0.05021344419017355,1.0,0.2,0.5,57,9.132322023299867,37.18869613269512
27,34,0.17878818252653347,0.2143778228138557,0.20867431036419176,0.19601199262489055,0.1741054328350146,0.14725895080490484,0.014143539527548715,0.045307819172891686,1.0,0.2,0.5,59,9.099883430068624,37.52764257333948
27,35,0.17878561832721354,0.21436085881129335,0.2086571657334932,0.19654966164082277,0.17279051706595178,0.14725895080490484,0.014143539527548715,0.04530781917289168,1.0,0.2,0.5,60,9.098952741128354,37.509897133816544
27,36,0.17894052635382662,0.2145158271571917,0.20911505714293782,0.19690749013582937,0.17321761583947415,0.1468460664540035,0.0156664605454571,0.04586617465118034,1.0,0.2,0.5,61,9.096775683816292,37.65042726749789
27,37,0.17861947628673913,0.21400017365550023,0.20890065223991036,0.19688287942002947,0.17312505210470494,0.14658206873619928,0.015632834842185986,0.04586659940768232,1.0,0.2,0.5,63,9.081671792243252,37.91023057124017
27,42,0.17539355862167325,0.20421699878164354,0.19845109109641434,0.19170158821423633,0.17317601258929058,0.1465595868045657,0.013971893819202013,0.04235137678861501,1.0,0.2,0.5,75,8.90357989958513,272101.12834511715
27,43,0.1781817523005374,0.20574513398586636,0.20027054774666375,0.1940503991302962,0.17810337590074954,0.14953851286577516,0.014166276254532722,0.04235366331771265,1.0,0.2,0.5,76,8.862002211684093,366000.1742471719
27,44,1.1216348324680934,1.1454134257167305,1.1414190000230486,1.1340143330225294,1.1248359805614767,1.0,0.013532499078198316,0.2300159237661176,1.0,0.2,0.5,78,8.942744149539772,26.818114010962454
27,45,1.089703315797977,1.1129508569275874,1.1116781865080514,1.1180785447525992,1.0861466531110013,1.0,0.010062040829522573,0.16798674409846548,1.0,0.2,0.5,110,9.037471513688883,29.518289791206723
27,46,1.0894116424119822,1.1106336103298253,1.109342415176342,1.116356475671016,1.0894475306714495,1.0,0.01004487523363147,0.16807757095245016,1.0,0.2,0.5,112,8.921429506858344,29.15402885833418
27,47,1.0896250974032062,1.1107787832769551,1.1097899978509607,1.1243060509655023,1.0863225682162927,1.0,0.010093118910724662,0.16853706922817158,1.0,0.2,0.5,127,8.885147803853387,29.08960418596434
27,48,1.0893441907904333,1.1073791143629854,1.1069677468026284,1.1223221862607797,1.0920609412082518,1.0,0.010655139335665297,0.16882168354665408,1.0,0.2,0.5,129,8.726577277393941,29.040604559733048
28,0,0.9396226400660435,0.8879234935789931,0.8870438252592026,0.8831044463094554,0.0,0.0,0.0,0.0,1.0,0.2,0.5,1,243.82029849412888,1418.420251216742
28,1,0.9738610328969227,0.9709111248484806,0.969880932573808,0.9656742626079446,0.12983295159439875,0.10209641441425385,8.379317079143167e-05,0.0001174470044271,1.0,0.2,0.5,3,227.3753486041692,1335.9565588197515
28,2,0.75270249263234,0.9850444458412455,0.9828837931973495,0.9745681422052852,0.6753972845952865,0.09955615180706254,0.08225497424405649,0.288625568078836,1.0,0.2,0.5,4,136.85606616400457,763.7144546850803
28,3,0.4865564992786641,0.797459166153254,0.7943507332828144,0.7815145173416154,0.3854479312642352,0.09953067024134932,0.0239016163787703,0.2555708625629268,1.0,0.2,0.5,7,74.19077801661473,425.4961881601448
28,4,0.5066689517306862,0.8178121323287318,0.8146577938375985,0.8018107527090356,0.2746425775952296,0.09985311175679393,0.02876344913021036,0.305398493297486,1.0,0.2,0.5,8,71.42707388363819,376.188542087818
28,5,0.3824704392704821,0.6938345901673908,0.6904080874333097,0.6772379618168265,0.26990291667212535,0.10017966783179369,0.012529796224721345,0.13263400680409024,1.0,0.2,0.5,9,62.44395010540244,385.1593388487704
28,6,0.3621751686405946,0.6708970894493766,0.6672831279497535,0.6541400787213534,0.23858584849794698,0.09781634436204503,0.013687588458380641,0.13878683808987252,1.0,0.2,0.5,10,53.43015872942779,341.9489839987472
28,7,0.3267664633874279,0.6332681628214938,0.6295396215294788,0.6157451266895789,0.1899604244229518,0.10045520892563291,0.00849967859291695,0.08952524760754257,1.0,0.2,0.5,11,54.19749442986485,348.718185732395
28,8,0.28506670663066763,0.5586929133410073,0.5544872496094377,0.5389077900776161,0.45682004860299175,0.09724516249309903,0.014865496890853787,0.14306767897990463,1.0,0.2,0.5,12,33.41798470812349,237.0397779772448
28,9,0.27654463233640914,0.544564629548695,0.5405649860786029,0.5231760113299985,0.2059737976808146,0.10011417559756901,0.013237446354046499,0.1344734666937446,1.0,0.2,0.5,13,32.04305406448432,230.4307119733899
28,10,0.19032292484935637,0.3623906914094051,0.3571399024204704,0.3355470425827829,0.3769304737100079,0.09952192515263678,0.009469861300632603,0.09164122637489311,1.0,0.2,0.5,15,17.61836858132075,172.40135326543944
28,11,0.17437672980051047,0.33542183847593127,0.3300504804119512,0.3085958408991662,0.157755323843163,0.09960496806532392,0.007162078439133899,0.06917435789644012,1.0,0.2,0.5,17,16.671997879480454,160.9282603390384
28,12,0.1727400722575438,0.3296157594409262,0.3245022355880233,0.30358929652633176,0.1439944107331329,0.09955344643845464,0.007162851423310147,0.06917303195636357,1.0,0.2,0.5,19,16.23419401479421,163.6674116870352
28,13,0.19170480902034112,0.34093589239033173,0.3354380782458056,0.31398072363166274,0.18702305881653408,0.1032068541971923,0.01514050353157641,0.102038225121912,1.0,0.2,0.5,20,19.284590654148303,123.51492156355324
28,14,0.16567381874537818,0.3045551872819094,0.29864616400597505,0.2778898603069283,0.1543037404556108,0.1000856041501856,0.006946039634964817,0.06635367242989718,1.0,0.2,0.5,22,14.590344695048838,140.222956295253
28,15,0.16393325734174707,0.29184220431283736,0.2864256458163881,0.26592512580096067,0.15754898131593348,0.10007588938503895,0.00764061745020238,0.06960778375405782,1.0,0.2,0.5,24,14.412963266908791,115.62089447362222
28,16,0.1379506473491376,0.24185139849708162,0.23619328969407025,0.2157181619536396,0.16174933975590772,0.10019444334174032,0.003206221386953239,0.0327124429572128,1.0,0.2,0.5,26,13.417657924038595,131.01487815141064
28,17,0.13614942883566217,0.23289554779718022,0.2274703011617871,0.2075678434909639,0.12998249356767344,0.1001944433417403,0.003206221386953239,0.0327124429572128,1.0,0.2,0.5,28,13.003011071749784,127.71035806589413
28,18,0.13567837225324023,0.2295640563504307,0.22380783363817822,0.2037492778536315,0.127362789648804,0.10040547438397576,0.0032154561851092923,0.0327144813382723,1.0,0.2,0.5,29,12.778456338415346,126.27435157890172
28,19,0.13293002406061386,0.22668456171187362,0.22092705295948975,0.2015798140368776,0.11492502533058635,0.10050320721521569,0.00268943326479223,0.027297058538420238,1.0,0.2,0.5,31,12.837237043212555,126.83199301505744
28,20,0.1358068233115447,0.22812096247967356,0.2223494027269472,0.20355555266902658,0.11963982961014319,0.1009278398867062,0.0032577920271211805,0.03267731427524015,1.0,0.2,0.5,34,12.71735548813076,124.9925423283202
28,21,0.12957077630390962,0.2184990370032651,0.21269449539929863,0.19444442987699795,0.12460378571547992,0.1003240129555201,0.0023038567542226717,0.02342417948525109,1.0,0.2,0.5,35,12.586016289221227,123.07162749327723
28,22,0.13928060812595366,0.22654496155331857,0.22102724401791077,0.20723331210665116,0.12340489536162441,0.10214959116837083,0.0036395236249519296,0.039490565583754425,1.0,0.2,0.5,43,11.359984900246982,450.8034192476996
28,23,0.13053433296807493,0.2037724908343342,0.19811971200449494,0.1823877601376894,0.16664961598832773,0.10329181877404665,0.002455725792082193,0.02654788124485342,1.0,0.2,0.5,44,11.093169554764351,817.1629453293205
28,24,0.12690052856845893,0.1953661247722033,0.18966781958991508,0.17404663822253044,0.12281668079922009,0.10240936549021096,0.002155528848556283,0.02321999636287114,1.0,0.2,0.5,46,10.900034956159292,814.5788204511122
28,25,0.12703011224904528,0.1932979613997513,0.18788167315455914,0.17397396414373967,0.11904238225339826,0.10304103410917224,0.002159387595309042,0.02317642521391246,1.0,0.2,0.5,48,10.676925284253668,810.5755184929255
28,26,0.12807900708242398,0.18682516450197834,0.18133773952565627,0.16797847306254973,0.13071813699305943,0.10786303229977057,0.0019552250804560326,0.01879959082320205,1.0,0.2,0.5,50,10.733631994448908,908.5404803148324
28,27,0.12600325458144296,0.1809617008554859,0.1757415407146362,0.16267545141847142,0.12304989529440402,0.10631237636565372,0.0018579900198768147,0.01933141633368711,1.0,0.2,0.5,52,10.475833680756477,799.5899339083983
28,28,0.1273484304990149,0.17840914552409545,0.17345546130890782,0.16135598832354228,0.12304906944950907,0.10722943894402397,0.0020871989088328945,0.02164950819455411,1.0,0.2,0.5,55,10.236036338662812,809.4848300398012
28,29,0.12511038336846392,0.1760174371288492,0.17136520458016738,0.16062678066262323,0.116559640733365,0.10257314515478777,0.0025302077069899198,0.026402634570497067,1.0,0.2,0.5,58,9.979347439239408,909.9265672262818
28,30,0.1241524550073278,0.17192744958510087,0.1672459614516276,0.15730902229265525,0.11950841840439069,0.10220902641366698,0.002529406159458161,0.02641221444178311,1.0,0.2,0.5,61,9.67498401932338,912.992846445384
28,31,0.12409469646151483,0.17172648797463308,0.16704364712145675,0.15770997954972654,0.11612916832962364,0.102333265778168,0.0024923374384487754,0.02611592003149637,1.0,0.2,0.5,63,9.68140540999689,904.4440268426026
28,32,0.12399248816472122,0.17116982875018896,0.1667856754847467,0.15856053645651705,0.11682312706826375,0.10229793210732745,0.002496829555816257,0.026185998256050343,1.0,0.2,0.5,65,9.676097812945905,909.5772192903044
28,33,0.12265785086001649,0.16884472419392726,0.16505724992589293,0.1586746835365827,0.11545253881042973,0.10269820197138976,0.0017648988929302675,0.02345343456504187,1.0,0.2,0.5,71,10.21948239932819,152.55299708595456
28,34,0.1220066192181174,0.1639736313868713,0.16044986877127893,0.15383780732254154,0.12962290390762002,0.10274157332824785,0.001786177301252216,0.023650070544938808,1.0,0.2,0.5,72,9.89235146199776,125.55633682324712
28,35,0.12144600130051732,0.16072272017465006,0.15687104043871034,0.15050598826805184,0.12367760030264555,0.10270357203061682,0.0017698020648012765,0.0235558247708936,1.0,0.2,0.5,73,9.81914203001885,150.82009611243774
28,36,0.1210889503381868,0.15836930579786257,0.15449914014913252,0.14902571432926515,0.11823123366653664,0.10267793218245069,0.0017545081047356226,0.02361676064128663,1.0,0.2,0.5,75,9.735792359078465,149.95859018875046
28,37,0.11653084426185752,0.15180893473547105,0.1485261158233948,0.15020294801087467,0.11128444741040945,0.10149517136638837,0.0015503916487743684,0.01772369539091629,1.0,0.2,0.5,87,9.701255182340164,826.0106323517515
28,38,0.12150836366081273,0.15409485108277424,0.1501813422416198,0.14998642815115412,0.12461059299837977,0.10291453357017946,0.0013543120394375982,0.02580207207447737,1.0,0.2,0.5,88,9.547110475704727,741.3551882184796
28,39,0.12127261704509272,0.15303701780696194,0.14911592266613716,0.15051044892837373,0.11668500730756211,0.10267211174102682,0.0013478492542272741,0.02610280838971606,1.0,0.2,0.5,92,9.456243504159588,734.8419627304169
28,40,0.11726947585680664,0.1492129708553802,0.14711121134601274,0.15261198849719626,0.11217489555185323,0.10342273119495349,0.001761380407235442,0.01655531348648502,1.0,0.2,0.5,102,9.606731544980976,775.0143874974802
28,41,0.11729355689135143,0.14491048986650548,0.14246605197866083,0.1479131600017784,0.11995527192064373,0.10404308580194987,0.0017800384164239791,0.01680850559168716,1.0,0.2,0.5,104,9.570830318533478,776.1895220736442
28,42,0.11938147469773226,0.14625616310699174,0.14319898394063263,0.15147068987027096,0.11593386629266648,0.10307177225306477,0.0013650571951643112,0.02328342519690399,1.0,0.2,0.5,106,9.40243032300388,739.0061891191364
28,43,0.1193425119036653,0.1462947367007302,0.14445010858278,0.15139237006295025,0.11547203809146968,0.10617952659643967,0.001783990997918867,0.01691807221936788,1.0,0.2,0.5,108,9.58495055600497,772.5410244729578
28,44,0.11870058023078324,0.14445705957932586,0.14169257459135368,0.14885864586723166,0.11528844690646557,0.10268896583519885,0.0011795950203158055,0.02316893914815361,1.0,0.2,0.5,112,9.38904468777509,736.1674085434595
28,45,0.11995433026144285,0.14321318546403616,0.1407287556152557,0.1494271736554091,0.11909643554946502,0.1049279712672824,0.0012449807938797817,0.02203655044251446,1.0,0.2,0.5,115,9.312509065756378,794.6521750286494
28,46,0.12013531045426479,0.14300875907390911,0.14082373109075313,0.152503741054739,0.11677446212835586,0.10504960760466327,0.0012412293867963883,0.02231428718278587,1.0,0.2,0.5,120,9.30200651117466,798.2041846828839
28,47,0.12010034373734046,0.14262582404349242,0.1398317800385612,0.1438721322787981,0.11656066483622436,0.10501609140917631,0.0012641182376814328,0.022357808075723372,1.0,0.2,0.5,125,9.30933181524952,798.1945476420673
28,48,0.12249713910524151,0.14468732415708302,0.14370798665878592,0.16491377067000224,0.11918503144992625,0.10630441078291857,0.0016774650271843415,0.0246983077928348,1.0,0.2,0.5,140,9.519299832271448,802.2367837072451
28,49,0.11938495665190121,0.13934464987915135,0.13955678320968593,0.17042028761087877,0.1167833266862978,0.10361433273166136,0.0012893537904878555,0.02485677419038671,1.0,0.2,0.5,158,9.211905226501909,762.5973474015638
28,50,0.11937937610868281,0.139143575483227,0.13965688299368761,0.1733832732490307,0.11647785293415763,0.10365354451436697,0.0012916522897743789,0.02485888835101887,1.0,0.2,0.5,165,9.220803396152707,762.5934632454641
28,51,0.11937959222680733,0.13941282386075943,0.14083746911750672,0.18024907720689576,0.11634189261773023,0.10365330039115712,0.0012916900491434394,0.02486010815716773,1.0,0.2,0.5,181,9.220852247172203,762.6120910227456
28,52,0.11897914608875318,0.1385944454559792,0.1403182479799977,0.1812128354633502,0.1165898848662667,0.10325788346047302,0.0013090394941277896,0.02500750630745645,1.0,0.2,0.5,184,9.178200207721677,765.8672318803967
29,0,0.9174146813137899,0.8817897321550998,0.8808618705635719,0.876738020817791,0.0,0.0,0.0,0.0,1.0,0.2,0.5,1,254.215718575625,1329.6230879536738
29,1,0.9409053044406812,0.9529768271408722,0.9518966529865669,0.9474986677631111,0.11857054133282142,0.0905241497350486,8.303048676564244e-05,0.00011264470922666,1.0,0.2,0.5,3,236.7344804211289,1295.6646055817412
29,2,0.9279364059225725,0.9807795695686573,0.979555223114696,0.9752001889269739,0.18971847282960003,0.13520887986448651,0.0010565929996729263,0.0027023948869567198,1.0,0.2,0.5,4,219.67551663115265,1122.551631309744
29,3,1.0478841985451985,1.3578578228586566,1.354522167995146,1.3421026697719889,1.5592572742949895,0.21935479983193668,0.3175218831553473,1.0,1.0,0.2,0.5,5,75.15226291312791,298.35412428823224
29,4,0.585146338922768,0.8893345618355479,0.8851979545459591,0.8708189806500334,0.5649345082413966,0.13140314519342441,0.14863328331978085,0.5104914632962145,1.0,0.2,0.5,7,55.74856918381968,296.8605302562919
29,5,0.46034877379288,0.7534898241414768,0.7490366021982847,0.7341699669772577,0.38053045905633076,0.13079173848803316,0.09914955899500356,0.3404917039388762,1.0,0.2,0.5,9,48.70843885605306,268.0611285600661
29,6,0.5907089104242573,0.8608600517455951,0.8562917937683712,0.8401451493754906,0.6281380246397752,0.18011154673781568,0.1613300965009519,0.5382328170184952,1.0,0.2,0.5,10,35.22416717540425,124.11120430706448
29,7,0.46172058032282415,0.7032900650802772,0.698587354633891,0.6815724753260725,0.4601374819003159,0.17875532691384027,0.10756525794702919,0.3588186839732637,1.0,0.2,0.5,12,28.533067558401346,107.46300630575654
29,8,0.43844211222680485,0.6476673969522536,0.6425444432631273,0.6246197956674494,0.4547703724812454,0.17659478678342888,0.10764283864814911,0.3589595170761723,1.0,0.2,0.5,14,23.39639876420292,92.6267322815662
29,9,0.42243147930246394,0.6026972419220538,0.5972351059701521,0.5784787490061211,0.4381127668100018,0.1746914499147274,0.10777213981668234,0.3591942389143536,1.0,0.2,0.5,16,20.042353565174203,82.63309962997805
29,10,0.3619060341981705,0.51829141000763,0.5125670054945308,0.49371420304308605,0.3730062034620032,0.17394981338121884,0.08086649890756183,0.26945783655876376,1.0,0.2,0.5,18,18.04626532728773,82.72209644648456
29,11,0.3562350158569113,0.5007932560599757,0.4949435342620406,0.47609064137020235,0.34636134264412255,0.17228066446577572,0.0810022651345217,0.269704294488854,1.0,0.2,0.5,20,17.294804653953797,78.44260815422284
29,12,0.29054717365773736,0.4224136705535993,0.41643201954446757,0.3997532321668694,0.2738495966288363,0.17015341007440857,0.048684301050889375,0.1637158945512973,1.0,0.2,0.5,24,15.50589789850599,67.63907406588243
29,13,0.28740598674058326,0.4139249841669004,0.4078886246927902,0.3915064123587684,0.27029103365898355,0.16725004978011812,0.04944652281296944,0.16619443237040116,1.0,0.2,0.5,26,15.35842848352114,74.42655973158486
29,14,0.2874059884377513,0.41401499006650583,0.4082823615687001,0.39227157191577605,0.26023664913502803,0.16725004978011812,0.049446522812969455,0.16619443237040124,1.0,0.2,0.5,28,15.358427789015469,74.42655132293812
29,15,0.28543791169519434,0.4114148954092255,0.4056758319819896,0.39014858536234054,0.2608235425348651,0.16820844056004364,0.04787394633024303,0.16134839658578892,1.0,0.2,0.5,29,15.121352253727157,68.13352195750907
29,16,0.2750941820278243,0.3971833019140407,0.39170757660948363,0.3769143947580831,0.264128420472426,0.16956940008156124,0.042391923327614725,0.14247578650477796,1.0,0.2,0.5,30,14.997221518313818,63.52004608686556
29,17,0.30669623052611505,0.42166328189054536,0.41641868807640714,0.400716591455002,0.30964283892758887,0.17150266085635396,0.05925002923029389,0.19917417740146484,1.0,0.2,0.5,31,14.20584293366475,61.57775874483491
29,18,0.2386618712684474,0.354157110461117,0.3498253044669001,0.3304382648174813,0.21534388904917473,0.15465335789801987,0.03221223527452036,0.10778112441425632,1.0,0.2,0.5,34,13.663143153906242,56.40403348917128
29,19,0.23513249608843395,0.33693970261696216,0.332775785648196,0.31423946210263254,0.23913542768001,0.15465335789801987,0.03221223527452036,0.10778112441425632,1.0,0.2,0.5,36,12.761343529302316,58.28163306355393
29,20,0.2392150033368679,0.33049496807934414,0.3262278875787969,0.3079459075173757,0.25960234414007227,0.1579877499465182,0.033754961515100164,0.1138975236186254,1.0,0.2,0.5,37,11.993190326911394,42.19175434879733
29,21,0.4157754323742284,0.5013974454967562,0.49707546524139157,0.477817382972668,0.41972856328478586,0.20853478894362598,0.08698129991166252,0.34731220035430266,1.0,0.2,0.5,38,12.008403416419632,50.087591497404574
29,22,0.37122844125902543,0.4527755320871141,0.44841417608610246,0.4297716176006351,0.3632093533316917,0.20308784217379347,0.06961058890777712,0.2779400565352019,1.0,0.2,0.5,40,11.91009623393292,49.90255113545809
29,23,0.4102565735380477,0.4858029162547022,0.481686790120036,0.46376956667179725,0.407115767658541,0.20521261037010846,0.08707827578806242,0.34748824173293846,1.0,0.2,0.5,42,11.6622778445904,45.92387547640222
29,24,0.37750282127654966,0.4512110098818902,0.4467744132268433,0.42968846362721735,0.3701374313792347,0.20711211584591122,0.07132619613991284,0.2852478300891707,1.0,0.2,0.5,43,11.549958290698685,50.32356513040788
29,25,0.37100286477540967,0.4434901218616101,0.43934475110489457,0.42210645180671413,0.36242404504037107,0.2048000173440651,0.06969093481386933,0.27810025639059327,1.0,0.2,0.5,44,11.53763854473505,48.6149780417606
29,26,0.37730723375426534,0.4413032960364461,0.4367743004918074,0.41991273910181975,0.395165400476328,0.20888177804814564,0.07140654204600508,0.28540802994456216,1.0,0.2,0.5,45,11.17267059594606,49.51462505280524
29,27,0.3766939600433565,0.4375153747354519,0.4329563161008937,0.4162689689620206,0.37693137453936887,0.20893034802274882,0.07140141859753661,0.2853872466536727,1.0,0.2,0.5,46,11.000443761785151,45.7059250320314
29,28,0.3494843008198558,0.40860522672135746,0.4040301558906312,0.388380541252935,0.34199965170080293,0.20819879160806282,0.05951389951332359,0.23787664787236323,1.0,0.2,0.5,48,11.02561647720046,42.851664191293565
29,29,0.37196691440158025,0.42916580435739815,0.42487553737114236,0.409345033026857,0.3688517848969602,0.2069251790472967,0.07032478238766125,0.28186635071950966,1.0,0.2,0.5,49,11.038979243843515,39.91396149999683
29,30,0.3507581344218781,0.4079086411694686,0.4036178330953316,0.38891095162685063,0.34090291049542554,0.21099073967808818,0.058924300938300846,0.2359168076823107,1.0,0.2,0.5,51,10.831485658892731,42.44579221609612
29,31,0.3324716593121876,0.3883484961320933,0.3840457864262936,0.36988610705188374,0.32692703649335025,0.21166086662686018,0.05036918179790892,0.2019119672440854,1.0,0.2,0.5,52,10.593730151268376,42.606688750129386
29,32,0.32857350801579155,0.3834248539635321,0.379112510973126,0.3651525351905039,0.3207611636016443,0.20526543727750468,0.0528973515813366,0.20630027451923216,1.0,0.2,0.5,54,11.00766312504764,45.12469603817389
29,33,0.3289591555798339,0.38292435647313744,0.3776948749276847,0.36060349087450416,0.3216382362283451,0.20540206892211846,0.05307710853678487,0.20696676492129926,1.0,0.2,0.5,55,10.902900349392844,45.19585699110675
29,34,0.23204769226500052,0.28286166288109726,0.2791174134291894,0.26481972675864757,0.23566421938728294,0.15710554103850016,0.03409825732333432,0.11872481846878243,1.0,0.2,0.5,56,10.512572904835014,44.14161434834775
29,35,0.23204497152856296,0.2830248847997788,0.27988801301656635,0.2663479815877673,0.22329736085520724,0.15710554100280966,0.034098250759800816,0.1187248178240975,1.0,0.2,0.5,61,10.510342089880114,44.147187745992
29,36,0.2321574315080708,0.2830642312639437,0.2802296693393824,0.26717471522471453,0.2237114080878241,0.1572605243307789,0.03409261532672965,0.11870464008364552,1.0,0.2,0.5,63,10.501660157380089,42.88998474706275
29,37,0.2086415761216131,0.2536134775184444,0.24951167781153166,0.2383258815401378,0.2200774916218846,0.159919611089509,0.02193306725294196,0.07332694062331002,1.0,0.2,0.5,64,10.173379051135232,35.30384805443104
29,38,0.20550831510946915,0.2501966239541397,0.24609218357456508,0.2370087846324963,0.19838283821636704,0.16169083854345412,0.019183534412129638,0.06472510859185829,1.0,0.2,0.5,66,10.273777053682124,32.70964998006579
29,39,0.20270772672702503,0.24528277141209898,0.24115868620477593,0.23106600019655543,0.20267958487307597,0.15898496010834634,0.019499275694135124,0.0651892662379707,1.0,0.2,0.5,67,10.102092007911883,35.29375394179751
29,40,0.20235271985317815,0.24353332446370762,0.23969928863541567,0.23097862462240565,0.2004588358208812,0.15890109437526934,0.019498654272527068,0.06519120755297694,1.0,0.2,0.5,68,10.090392384521076,33.06157750367734
29,41,0.20121447734658426,0.24020831676410503,0.23665692444886166,0.22930375550360138,0.19854746886795532,0.1584815812630472,0.019175466818732802,0.06470909198967509,1.0,0.2,0.5,70,10.060158741648475,33.96175580580123
29,42,0.20003761088939084,0.2377972516052232,0.23393153746357395,0.22661387869209215,0.19564544213778784,0.16169249535579355,0.016963605231283475,0.057229715323227494,1.0,0.2,0.5,72,9.891208573034742,41.237711265531686
29,43,0.1980280563613643,0.23459384928880875,0.23071706898563027,0.22494588841231553,0.19393221937907984,0.1599700327602956,0.016954711519565988,0.05708583565647855,1.0,0.2,0.5,74,9.80128719378826,45.90653580869825
29,44,0.201029182416129,0.23724595136453336,0.23397181973638936,0.22830845211452339,0.1958966164281466,0.1594169690105519,0.01886061889986831,0.06361997572230807,1.0,0.2,0.5,76,9.786271662291131,46.194177662756985
29,45,0.20196100140720957,0.23757157749807833,0.23429181573627766,0.22892784623841117,0.19809565815434332,0.16046049666779977,0.0188600623783016,0.06361183259758416,1.0,0.2,0.5,77,9.787399374482764,42.67061238994052
29,46,0.20195960097024587,0.237652178484346,0.2346762092420184,0.22983840834621116,0.19605183463793638,0.1604604966677997,0.0188600623783016,0.06361183259758414,1.0,0.2,0.5,79,9.784518187078884,42.63885892264492
29,47,0.2031909136173045,0.2388648284210778,0.23588869946638935,0.23137396820417672,0.197336566242883,0.16128830992664228,0.01917910457995179,0.06429783726586918,1.0,0.2,0.5,80,9.766571036153428,41.42532493793595
29,48,0.19689206157284006,0.2315056229432072,0.22851973166591175,0.22522052657262223,0.19475772902637678,0.15945498123958696,0.016848864155865544,0.05667338246910708,1.0,0.2,0.5,81,9.58244175973206,43.38705217545812
29,49,0.1998645232882774,0.2321121080789005,0.2291043578384326,0.22382164264274157,0.1985585863710051,0.15711713919875517,0.02022586947223536,0.0667720874733812,1.0,0.2,0.5,83,9.727544171516769,38.23720034669288
29,50,0.19983800790018016,0.23184024137977396,0.22913314273881105,0.22436535764294235,0.19514513589422663,0.1571477881578483,0.020222193406148375,0.06677536323462281,1.0,0.2,0.5,85,9.72210333757806,38.23061697249388
29,51,0.201583023915291,0.23366382155065696,0.23126038871162402,0.22669270270427294,0.19636383230069102,0.1579089866327707,0.02096193065078082,0.06845094043092546,1.0,0.2,0.5,86,9.835333355783964,39.53709651804003
29,52,0.1940120130904468,0.22384651239914172,0.22111948520988095,0.2171989827751013,0.1964132471251258,0.15462503281093415,0.018675459459939203,0.06153568494565159,1.0,0.2,0.5,87,9.6831318056778,43.99135478279687
29,53,0.1946422060238184,0.22404225264481883,0.22161414979588787,0.21820836496599924,0.1907337388955315,0.15507003983870196,0.0188376123944042,0.06202106988941488,1.0,0.2,0.5,89,9.656047204069964,43.53450710228171
29,54,0.1948977412854556,0.22412988400906603,0.22170024428768081,0.21828853752572142,0.19069865162808813,0.15529272922438506,0.018824181529397466,0.06214957462500165,1.0,0.2,0.5,90,9.656500968167308,43.70909139222855
29,55,0.19916175336471434,0.224774493020984,0.22261456309016064,0.21967534347466353,0.20752762199169064,0.15651089822343986,0.0210287103782082,0.06861653202142211,1.0,0.2,0.5,91,9.635843156777437,39.57788080320688
29,56,0.1992636390775655,0.2249402608312015,0.22308394651077856,0.22068780803466292,0.19517513032431455,0.15651258243043492,0.021085809997779932,0.06880284767294273,1.0,0.2,0.5,93,9.630573615888512,39.73853516208821
29,57,0.2033866640294269,0.22735667179101332,0.22548470231614326,0.22379145994527827,0.20145612990418443,0.155926443644908,0.023813713145878445,0.07770112909687596,1.0,0.2,0.5,96,9.567873936184691,38.568061267439255
29,58,0.19788587061250545,0.21713874283117424,0.215223672849406,0.21394204749171927,0.2027249691553017,0.15635365475682284,0.02113629877911152,0.06846587451462065,1.0,0.2,0.5,98,9.380851537129924,39.27837204474098
29,59,0.19452280876748404,0.2137043892189248,0.21390941095913824,0.23752280222994224,0.19160265312519179,0.1621562859924086,0.015983232275453653,0.05242352679242248,1.0,0.2,0.5,160,8.970338855002767,43.65570050831197
29,60,0.19418279415399145,0.21340892027696254,0.2139172987550477,0.23824776960749772,0.19130725068737486,0.16195513037856832,0.016098759465329255,0.05211415312461755,1.0,0.2,0.5,162,8.945642777962226,43.53560447902684
29,61,0.19406503293143548,0.212805907325529,0.21361280774605734,0.23857670308757728,0.1921682252236309,0.16158530795978626,0.016580847990294734,0.05261094992238595,1.0,0.2,0.5,164,9.130912192384528,44.15484188464142
29,62,0.19475706235000179,0.2129562989037939,0.213455368144176,0.2376780408343648,0.19348300721691392,0.1625760195759928,0.01635008138341109,0.05225140797019765,1.0,0.2,0.5,165,8.969832490212541,42.9961866115092
29,63,0.19605313761072518,0.21439182034798643,0.21549806681071898,0.24046641599109006,0.1934105748796686,0.16359330460204727,0.01658689231776702,0.05272735776045913,1.0,0.2,0.5,166,8.986516234116985,42.28776963328371
29,64,0.19320041007636526,0.21066571789072627,0.2108551185688768,0.2361429932347565,0.1925363442251548,0.16118224162176134,0.016287516450333432,0.05215760557095397,1.0,0.2,0.5,167,8.943479336506847,43.03718335214072
29,65,0.19569072348152078,0.21311516768566396,0.21421309446129685,0.24055497188451974,0.19409887443837778,0.16346759009716644,0.016563061699527842,0.05255700825173358,1.0,0.2,0.5,168,8.976670466135639,42.26997326540408
29,66,0.1964620515421449,0.21179192968816662,0.21287079939084672,0.24132177274879077,0.19556337216837164,0.16408983942334182,0.016500991475045357,0.05354731283187682,1.0,0.2,0.5,173,8.823363470488111,36.68755584644652
29,67,0.19657983959394046,0.21079677306600222,0.21035066913889405,0.22279069790268657,0.19659913425601053,0.1643981883282326,0.01645843581751801,0.05339293290607723,1.0,0.2,0.5,174,8.78248438740551,35.79685515566198
29,68,0.1962983806074932,0.21052025634116053,0.21098308654131243,0.2260499686797983,0.1942352343331414,0.16420049735510409,0.01649972007222792,0.053292600665287,1.0,0.2,0.5,184,8.791870499931333,35.74424972022741
29,69,0.19649816040629767,0.21094521848493272,0.21262196281385998,0.24607760568312706,0.19481772918736495,0.16429905564888853,0.016624447612138955,0.05348767811671089,1.0,0.2,0.5,185,8.865906221514942,36.77946486125777
30,0,0.922988561076214,0.8833398728244766,0.8824242090530998,0.8783467719929454,0.0,0.0,0.0,0.0,1.0,0.2,0.5,1,248.2266192396678,1343.3165830443804
30,1,0.9442305745915214,0.9540625871090899,0.9529899131643048,0.948620391192434,0.11955454753981574,0.09065457929492052,8.330005125398515e-05,0.00011092391905210999,1.0,0.2,0.5,3,230.0176748585822,1261.7682022550327
30,2,0.9403574497555396,0.9888105135643372,0.9876024150494307,0.9833096086515123,0.19247330303574595,0.14119543046186328,0.0010632609335538197,0.0026482431281599503,1.0,0.2,0.5,4,214.9394973086972,1103.1760186769295
30,3,0.8903302643329608,0.9428828605022507,0.9416596128186845,0.9369197559314915,0.10430521650708764,0.09844855322138708,0.00033320020501596137,0.00044369567620843996,1.0,0.2,0.5,5,213.37947700651569,1172.4929502908365
30,4,0.7564650514283573,1.0644173831614094,1.0607747507148053,1.0456256987076835,1.5671217791761172,0.21542829189613322,0.17248277261513867,0.6343938655139121,1.0,0.2,0.5,6,54.48907297915811,195.304811616364
30,5,0.5303481995756137,0.8252631381685237,0.8211930494082332,0.8051436089089347,0.46090653937266823,0.2063132970919641,0.08637400534564886,0.317695543752678,1.0,0.2,0.5,8,44.00343374492778,168.9801393466609
30,6,0.49850080306379113,0.7802621452686753,0.7758996196575789,0.7591004373643191,0.4290336427071517,0.19840363694112984,0.08648610204651289,0.31797147772935197,1.0,0.2,0.5,10,37.17134968632588,119.54415048809874
30,7,1.5641027115876311,1.756347345561054,1.751022175372871,1.7297831702269038,1.7439586330802817,1.0,0.06022922039912058,1.0,1.0,0.2,0.5,12,21.08792542748572,56.29043646274236
30,8,0.4025194381977282,0.5926046724108219,0.5878600276245297,0.5672460863733171,0.3548451127209745,0.17367455699463458,0.08760837487286936,0.32073403185898225,1.0,0.2,0.5,15,20.08969702958141,73.68107155887587
30,9,0.32613510625196285,0.4907271995145229,0.48569700679487726,0.463625818299348,0.33850917715492723,0.16728985920920647,0.05852618779735335,0.2141409303176391,1.0,0.2,0.5,17,17.710080242410033,55.59221298647351
30,10,0.3260109669622796,0.4837691269307163,0.4783623651900484,0.45716352739247523,0.2973987464185835,0.17003503882865406,0.05830807634742433,0.21357875933466,1.0,0.2,0.5,20,16.73655176237313,56.513225803373786
30,11,0.29260586208374717,0.43270475137518233,0.427111226338363,0.4058339292018713,0.29550906720637643,0.17233394265527607,0.04375123058656452,0.16026274560671153,1.0,0.2,0.5,22,15.442801695096852,45.85321682900292
30,12,0.2875555051246276,0.42124718409458706,0.4152843452590156,0.3943828401279421,0.28222248173394726,0.16923224836879652,0.04377877619492161,0.16040009040884645,1.0,0.2,0.5,23,14.866390150188662,43.866691845150434
30,13,0.2974537767001604,0.4039064683487035,0.39797110760746834,0.37585215978454123,0.37741008276712673,0.17836588271685555,0.04772021490939744,0.1760959409480531,1.0,0.2,0.5,24,12.918415964436422,43.14145301080793
30,14,0.2889223029849155,0.38341743854895294,0.377364300563268,0.35525966521116614,0.2921198538715541,0.17263604042116917,0.047895988058982986,0.17652861901782518,1.0,0.2,0.5,26,12.328501214469552,41.28097749951292
30,15,0.28583600403254966,0.379903277007937,0.37354304505518954,0.35205128714752554,0.268663019990007,0.16952012235294178,0.04792320189507767,0.1767397898626423,1.0,0.2,0.5,27,12.257026576981914,39.74991574377948
30,16,0.2885497752585161,0.38160853091821056,0.3758442340203299,0.35396946778716815,0.2747437373373378,0.17263604042116917,0.04789598805898297,0.17652861901782513,1.0,0.2,0.5,28,12.255028864551008,40.69030560713761
30,17,0.25710189705016356,0.3485043952959348,0.34211809987960234,0.3214558120083616,0.2447756647742072,0.17048241803176942,0.033883069907687136,0.12427511462006671,1.0,0.2,0.5,29,12.236200739407243,47.77246258537425
30,18,1.1196230464261399,1.2109633059582678,1.2054851949881724,1.1865226288410167,1.1021301998993263,1.0,0.02259506407924928,0.19494650789391663,1.0,0.2,0.5,37,11.974789043673391,38.56827916906881
30,19,0.2274860631009621,0.31324324394973146,0.3077109233633576,0.2896929128784745,0.23110427079882565,0.16619519609111946,0.021945688703568094,0.08119674542472116,1.0,0.2,0.5,38,11.903414548047776,44.87624526699887
30,20,0.22186063548431367,0.3065164935151421,0.30097347939388397,0.2834747093944211,0.20778929442177008,0.16070832981898675,0.0220297770734303,0.08140373490888332,1.0,0.2,0.5,40,12.224014894953145,44.70736803848595
30,21,1.1234628103864903,1.207270974336188,1.201416817138673,1.181430178426778,1.1080329356516403,1.0,0.025360248285285603,0.20503864917318743,1.0,0.2,0.5,46,11.65278425308568,43.72500290455149
30,22,1.1176364639484546,1.2003479906292442,1.19508908830109,1.178318146535861,1.1066212768239176,1.0,0.02264208061957053,0.19506608847958332,1.0,0.2,0.5,47,11.63936607033698,46.3153448893122
30,23,0.48549585947913676,0.5680180203023978,0.5621514285321357,0.5496846792561874,0.46992583106496033,0.22801430173398848,0.013103798941065932,0.4785727452110485,1.0,0.2,0.5,49,11.773526804583794,42.26660577282831
30,24,0.509435916364587,0.5870893643866386,0.5811758797655371,0.5685621913371622,0.5035667308423358,0.2216427529431017,0.015225091555728973,0.5405528475121094,1.0,0.2,0.5,51,11.659890858212991,39.030539663399566
30,25,0.5086381158073542,0.5790702565004061,0.5730877446859883,0.5610632451684994,0.5084343522554426,0.22237252519244968,0.015298759993371235,0.5406314418412537,1.0,0.2,0.5,53,11.356096913278344,39.43878189466552
30,26,0.5043666562704244,0.5704269893875531,0.5647058184947771,0.5526940412938843,0.508006806634849,0.21968341262445817,0.01479329454266062,0.5395604300926167,1.0,0.2,0.5,54,10.90476852128311,38.9402551458069
30,27,0.5076567905843664,0.5709813607962548,0.5649312729784552,0.5535018985510327,0.5008678467375114,0.22240563683180467,0.015653031419831813,0.5414523151722925,1.0,0.2,0.5,56,11.011512904863867,38.918978603898765
30,28,0.7786584681375595,0.8391062725955759,0.8339378288372128,0.8225101573004123,0.7788336119462875,0.3766660783989463,0.0420102224479974,0.7656795829417853,1.0,0.2,0.5,57,10.396227945603297,35.557273270357975
30,29,0.5508541562292493,0.6086558902047441,0.6037654723994272,0.5948453856414608,0.5430230105646208,0.24487353500436923,0.012474691210953308,0.5865720521715336,1.0,0.2,0.5,61,10.44264869093874,37.16578799279266
30,30,0.5507950692451119,0.6083906189107897,0.6038011677019663,0.5953504952694599,0.5411661341167227,0.2448735350043692,0.012474691210953319,0.5865720521715336,1.0,0.2,0.5,63,10.431561655933344,37.06449505887242
30,31,0.4523131346710927,0.5071652875680572,0.5022471766949512,0.49291326042380923,0.4518640994377807,0.22461885694272202,0.012281918580228273,0.4312462910482256,1.0,0.2,0.5,64,10.373181528134907,35.24242479059861
30,32,0.14838625670776495,0.2025520772134227,0.19671865903997673,0.19013107097149065,0.13909193144105653,0.12268819273052478,0.011129884915719377,0.02787791368394525,1.0,0.2,0.5,70,10.58787166317742,33.11456471877938
30,33,0.1557062942642093,0.20324564447950855,0.1976531132830403,0.19012647844352099,0.1705573937086391,0.12683079161080943,0.01407594084832575,0.03564352116970046,1.0,0.2,0.5,71,10.319612391502217,34.580283908858405
30,34,0.14616653680118252,0.18393645912091516,0.1776471334956184,0.1708642621338622,0.17243733979229364,0.12317171140382059,0.01129051807159866,0.02853608255121029,1.0,0.2,0.5,72,9.873510622064128,31.95836421485843
30,35,0.1453974706224279,0.18128445477428745,0.17528071102838672,0.1695459635661027,0.14151778387866312,0.12279353360588621,0.011389233783143061,0.02842146289139701,1.0,0.2,0.5,75,9.74806886654292,32.05182098951771
30,36,0.14528967115895888,0.1806594235710703,0.1749538291409678,0.17033247120665945,0.14031114326889094,0.12279353360588621,0.011389233783143061,0.02842146289139701,1.0,0.2,0.5,77,9.728881569220976,32.00934374100385
30,39,0.4190252406745325,0.4504539175919182,0.4459237696275796,0.44426014890779325,0.4144258035907248,0.21695442412972982,0.01102918675600522,0.3892249449543077,1.0,0.2,0.5,109,9.255310575369734,35.58016193370408
30,41,0.4172158162244768,0.444809926999636,0.4405474299750628,0.44026228231370523,0.4196474305163962,0.21582052820235523,0.011000362717176028,0.3892342786850632,1.0,0.2,0.5,112,9.03083758098724,33.33575513493418
30,42,0.41717841110055515,0.44458042245706253,0.4403162131561593,0.4400242760968586,0.41328070854744736,0.2157534086082483,0.010998559582609493,0.3893597321616661,1.0,0.2,0.5,113,9.020785312919774,33.351021357774485
30,43,0.41713535683097575,0.4443744024789046,0.4401086663651712,0.4398110464694375,0.41272752665551693,0.2156665470872606,0.01099642278900516,0.38950356448868184,1.0,0.2,0.5,118,9.011845763946075,33.3686258448438
