Run,Equation_Index,Hybrid_MSE_Train,Hybrid_AIC_Train,Hybrid_BIC_Train,Hybrid_MDL_Train,Hybrid_PSM_Train,Extrapolation_Divergence,Sensitivity_Interpolation,Sensitivity_Extrapolation,Lambda1,Lambda2,Lambda3,Complexity,MSE_Test_Interpolation,MSE_Test_Extrapolation
1,0,0.9187282286116847,0.8821578422210643,0.8812328840003815,0.8771202716829996,0.0,0.0,0.0,0.0,0.4,1.0,0.8,1,255.55771723636607,1310.0613653974242
1,1,0.8868122531776176,0.8997987792383264,0.8987154744181255,0.8943058112813103,0.06687806737229952,0.09410015139910047,8.329263027050499e-05,0.00010983846297283001,0.4,1.0,0.8,3,237.03784792167585,1223.5456086397571
1,2,0.8590370252142597,0.9015263146898831,0.9003405413996615,0.8961340366303538,0.09040342179496368,0.12364727529617507,0.0010533460604679108,0.00261933166410343,0.4,1.0,0.8,4,225.8945102351237,1220.0473984040823
1,3,1.4417825325450278,1.7524986611850264,1.7490767145953874,1.7363242604611482,2.0095015595399905,0.1834448994567688,0.31510611482121403,1.0,0.4,1.0,0.8,5,68.35879190383643,257.1114928456474
1,4,1.4417825325450278,1.7524986611850264,1.7490767145953874,1.7363242604611482,1.188484186183116,0.1834448994567688,0.31510611482121403,1.0,0.4,1.0,0.8,6,68.35879190383643,257.1114928456474
1,5,1.394189670951023,1.7047197065250315,1.700944902114865,1.6875781081378165,1.3152287374353893,0.17619509531072444,0.31518204019542423,1.0,0.4,1.0,0.8,7,57.23324197850672,220.7135018084312
1,6,1.301923290848055,1.6004386708212404,1.596161930087117,1.5810590882485394,1.3296597258096072,0.12398164902906712,0.29573891473664926,1.0,0.4,1.0,0.8,8,45.02717178553619,259.94764865617964
1,7,1.2693047529157422,1.5507092091863952,1.5460430678583075,1.5301599830227488,1.216688590182644,0.12346681931464905,0.29581918323653483,1.0,0.4,1.0,0.8,10,38.1739369157898,236.30870104284816
1,8,1.2440991261821057,1.5045266999044449,1.499497460801337,1.4826148045161076,1.2119862435611626,0.12309731657078411,0.2960599887361915,1.0,0.4,1.0,0.8,12,32.87352429364309,217.5123948021188
1,9,1.2810494090975435,1.5335545028595872,1.5287064758322852,1.5110605159127106,1.2348184299232066,0.1684237087116343,0.32246479427580393,1.0,0.4,1.0,0.8,13,31.403051574678194,125.46565212961444
1,10,1.2262518397565525,1.465889298665859,1.4605548154059622,1.4428940646044315,1.2126733078753853,0.12273671357098981,0.2964613312356193,1.0,0.4,1.0,0.8,14,29.12593391909605,203.55872993399163
1,11,1.2636686358000588,1.4983869072056322,1.4932807725676165,1.4750846569746614,1.2186963193614324,0.16214257199818607,0.3226925703984344,1.0,0.4,1.0,0.8,15,27.337754517688,97.54316194032158
1,12,1.2126205084589352,1.4320321802085034,1.4264305763952687,1.4083468002180415,1.2126604032723711,0.12296331656481865,0.2965428333424992,1.0,0.4,1.0,0.8,16,26.24040515271828,201.17143584849708
1,13,1.2457873803968647,1.4522171520067686,1.4467511785011016,1.4279950775254184,1.2531494623537378,0.1611313165126435,0.3227740725053142,1.0,0.4,1.0,0.8,17,23.181306542836044,87.67724788979918
1,14,1.2032314982816776,1.4080920598974511,1.4023108466175673,1.3841207535695137,1.1447221479893694,0.12097064697909007,0.29628799986696824,1.0,0.4,1.0,0.8,18,24.11608584601836,203.4561094436096
1,15,1.2370338034234032,1.424476173516069,1.419095709924057,1.3997228468623528,1.2631679477606503,0.1611313165126435,0.3227740725053142,1.0,0.4,1.0,0.8,19,21.16371037372821,98.1036444074568
1,16,1.1636943710153387,1.340816945108805,1.3350165489017927,1.316059445183951,1.1611675865162563,0.162735533943629,0.2909380859895095,0.9530102430755024,0.4,1.0,0.8,20,19.78269886824836,64.5260971672418
1,17,1.2023888774352187,1.3169763118585558,1.310819259602251,1.2890279840390584,1.4210843255379888,0.1495600775875892,0.3188387909783653,1.0,0.4,1.0,0.8,21,14.531693118210365,75.17436966208031
1,18,1.1981330144839202,1.30054527338423,1.2942670711341329,1.2726604075338943,1.1999152088902116,0.1470267617786511,0.31885840905574464,1.0,0.4,1.0,0.8,23,13.598981060002922,62.072862944864646
1,19,1.1952560599935766,1.2894190120892015,1.2830597411199731,1.2618060060432756,1.1917555423055728,0.14506213296261214,0.3188463520596298,1.0,0.4,1.0,0.8,25,13.208269645199175,62.0313365380116
1,20,1.1950577674704461,1.286320370614359,1.2799327844291224,1.2591730213135617,1.1825794404825802,0.14555550539837403,0.31915806878753905,1.0,0.4,1.0,0.8,27,12.924398547713816,58.42023440188756
1,21,1.194737235601325,1.2843905586805984,1.2782901887077343,1.257766221245401,1.1805066864864036,0.14603233234235752,0.3190557150027871,1.0,0.4,1.0,0.8,29,12.814695151586216,58.43881519405798
1,22,1.1933205922227068,1.278977753444315,1.27314146061345,1.2529532088425235,1.184300912738388,0.1450829811459176,0.3189858075957842,1.0,0.4,1.0,0.8,31,12.573285257873293,63.68179113569642
1,23,1.1919553296111642,1.2684685563663753,1.2619383732740543,1.2431395986871698,1.1856310579913116,0.15003267240259538,0.3176848892387855,1.0,0.4,1.0,0.8,35,11.909971044628875,61.12110088789822
1,24,1.1896546998942212,1.2572473785534017,1.2506319758510904,1.2320255229253223,1.1929712834191406,0.1489684041606107,0.3177437434709232,1.0,0.4,1.0,0.8,37,11.365966133194483,62.46475384118765
1,25,1.1215125247090658,1.1841487892141997,1.1777892911046186,1.1590464901256885,1.1278327099181393,0.1511067257651208,0.28605265006355945,0.9546835339409354,0.4,1.0,0.8,38,11.134855766659465,40.97487414206454
1,26,1.1204077242886206,1.1783960311423363,1.1719926600162314,1.1541090243603012,1.1181326906310278,0.15047363499423708,0.28607079182681333,0.9547754258213017,0.4,1.0,0.8,40,11.071989982846986,38.5294880589448
1,27,1.1876506050879971,1.2436338885364324,1.2369087104638372,1.2201751118005273,1.17991262225218,0.1498263893614054,0.3177749781911271,1.0,0.4,1.0,0.8,43,10.769620913404868,58.539950291056016
1,28,1.187312895962953,1.2421900401322485,1.2354544813078907,1.2186810495318257,1.1814043311061222,0.1496988136250213,0.3177071102090875,1.0,0.4,1.0,0.8,44,10.703575676238296,58.3734649333755
1,29,1.1869653655685015,1.2403820598971733,1.2336327610493585,1.2178672219907476,1.1825796100048223,0.14933470622549586,0.317793119954381,1.0,0.4,1.0,0.8,45,10.76845482458254,55.0683065708654
1,30,1.1867430787873112,1.2391060680567707,1.2326498022226424,1.21724128523095,1.179488934625588,0.14933470622549586,0.317793119954381,1.0,0.4,1.0,0.8,47,10.709673266989371,54.993737770558624
1,31,1.1865330868733648,1.236202625152877,1.2294182170106267,1.214357742751649,1.1867742761640754,0.15005310310925074,0.31779875828238763,1.0,0.4,1.0,0.8,48,10.5750553844074,53.83168721504256
1,32,1.1865767825019942,1.2335884774145622,1.2270821513498178,1.216035065002635,1.1795652712214966,0.14964680519280665,0.31852818782844416,1.0,0.4,1.0,0.8,56,10.489981556813106,54.776031949927926
1,33,1.1926222364719274,1.2382907868375137,1.2341954718439303,1.2316931536397937,1.1851145944127195,0.14951450246147996,0.32501444977637733,1.0,0.4,1.0,0.8,80,10.470259567641872,55.97628747724265
1,34,1.2232103391744003,1.2679540666610132,1.2650620335034501,1.2644298686364333,1.2162755172910775,0.9096222032910608,0.05179892480141725,1.0,0.4,1.0,0.8,87,10.534881546483875,39.98854632020439
1,35,1.21911653388294,1.2604908857253454,1.257567512186607,1.2577735812094908,1.217923294774677,0.9096734549357306,0.04830477228717055,1.0,0.4,1.0,0.8,89,10.490523220278748,37.31034904785884
1,36,1.2417669700916518,1.2801700388794992,1.2775220657105812,1.2775270795213396,1.2374624593880281,0.8999447079012535,0.0754006846217908,1.0,0.4,1.0,0.8,94,10.348290556321915,38.96562986543632
1,37,0.9635638622941383,1.001243861308419,0.9976803193451355,0.9992104631943923,0.9575652637027451,0.15883691668685504,0.09372205126419354,1.0,0.4,1.0,0.8,99,9.676756284877628,28.80873038614332
1,38,1.2205238271266339,1.2571321264488664,1.252346880794847,1.2435055259483927,1.2155519193443185,0.8949669358120355,0.056357127567770844,1.0,0.4,1.0,0.8,101,10.39376144288316,39.69788807162397
1,39,0.964093859999312,1.001311091047296,0.9986521631505073,1.0035562938220575,0.9579534823976574,0.15989303599087507,0.09396048547475865,1.0,0.4,1.0,0.8,103,9.621283633950286,30.16604623416908
1,40,0.9626026694066605,0.9973761207766068,0.9949975207768171,1.001412171880099,0.9611750944834349,0.15893172522461668,0.09330297327396553,1.0,0.4,1.0,0.8,105,9.558894500591956,29.85757690263597
1,41,0.9326855729099874,0.9660038555071504,0.9642177757681524,0.971449959643179,0.9300139288165701,0.15956345086991194,0.06341977253797466,1.0,0.4,1.0,0.8,107,9.614178354431733,33.596463768622485
1,42,0.9248772485359319,0.9568158937035856,0.9547140446860438,0.9636538964353174,0.9207521599234474,0.16591298984857808,0.05329601629714243,1.0,0.4,1.0,0.8,111,9.520397420057478,34.10198978476532
1,43,0.9228523310100488,0.9532672051292173,0.9508484405805617,0.9597977431149137,0.9203070557762923,0.16461547005839672,0.05203779940901101,1.0,0.4,1.0,0.8,113,9.409518080923842,36.36550301373386
1,44,0.9227588285018763,0.9525703020772063,0.9507519503371253,0.9609139583053203,0.9188070892644951,0.16321482490488898,0.05263913247805886,1.0,0.4,1.0,0.8,116,9.455838058893764,36.08843678457544
1,45,0.9211465504258673,0.9506257274359785,0.9488042954159799,0.9592968274376539,0.9169304972625539,0.1642461299035838,0.050671241036037595,1.0,0.4,1.0,0.8,118,9.42573032949691,36.04497991336065
1,46,0.23812567149787844,0.2656192067746268,0.2646884052090218,0.27494708189264383,0.24134014167270962,0.1102836159793992,0.05647771909130239,0.16642678717431023,0.4,1.0,0.8,119,9.598095656665391,46.03110724063755
1,47,0.23805251024997165,0.26532470413549536,0.2646948625247837,0.27591838069542657,0.23423662801643086,0.11024301399330087,0.0565899754667753,0.16628110569435556,0.4,1.0,0.8,121,9.576857684757174,46.172912047325184
1,48,0.2375402674910522,0.26204345278159485,0.2607822475034506,0.2709801592622351,0.242361911673705,0.10892661711533921,0.056598546590494535,0.1668320248795953,0.4,1.0,0.8,122,9.504008716397903,43.969966865346535
1,49,0.23734005743923348,0.2607241280227298,0.2597557014013344,0.27122761486338176,0.23566001802959707,0.1089266171153392,0.056598546590494535,0.1668320248795953,0.4,1.0,0.8,124,9.460299504823372,43.90884118551338
1,50,0.23750553886384398,0.26071738046900705,0.25974737533805514,0.27122508015247304,0.23440765020945253,0.1094733867651386,0.05663029009420013,0.16676147041589223,0.4,1.0,0.8,125,9.414123285537082,33.71195642425942
1,51,0.2385388854845241,0.25986061709594904,0.25887333475106383,0.2719960973190284,0.24151831864572415,0.10809114368509849,0.05701395008191763,0.1686537689995944,0.4,1.0,0.8,126,9.393927368106734,34.12512244265142
1,52,0.23800820602773787,0.25811994569962715,0.25712162846965164,0.27055926431221383,0.23889728819215933,0.10735021852766317,0.05696087417025707,0.1686743130063981,0.4,1.0,0.8,127,9.369887104655866,36.60805310587642
1,53,0.24401324039580113,0.2625195401978855,0.26332429064765533,0.28557488409586285,0.241592159396517,0.11134968198342947,0.05810069135145702,0.17319051518476652,0.4,1.0,0.8,145,9.346762811936154,46.05547122644421
1,54,0.24401174807844228,0.26259882273835833,0.26370736882458606,0.2866485990090132,0.2412085164546928,0.11134968198342947,0.05810069135145704,0.17319051518476652,0.4,1.0,0.8,147,9.346276427455145,46.03831863341519
2,0,0.9573109778095157,0.8926967947352175,0.8918545723482778,0.8880582138336627,0.0,0.0,0.0,0.0,0.4,1.0,0.8,1,222.6864925921627,1403.192237348839
2,1,0.9341683571024539,0.9138141626718065,0.9128397435401239,0.9088469667275468,0.062290678339275804,0.09446177315543527,8.373978300297374e-05,0.00011431080981810001,0.4,1.0,0.8,3,208.93296326121063,1348.8525393392188
2,2,0.8905863256430613,0.9149846433013034,0.9138627683277565,0.9099003542398428,0.11204207833789732,0.1363960543116488,0.0010926115668664941,0.0028381720905722298,0.4,1.0,0.8,4,195.39269782999176,1206.3210252721508
2,3,1.4746566260465692,1.7853825368436502,1.7819596633628765,1.7692036139522636,2.0663614971639053,0.22322353276077123,0.33219807624365044,1.0,0.4,1.0,0.8,5,68.4732427053786,256.57218536759825
2,4,1.4258376365522163,1.7363046408482337,1.7325241286620965,1.7191357400196954,1.2836193124421424,0.2142272147345977,0.3322759318736472,1.0,0.4,1.0,0.8,7,57.87195229681685,215.38200415785303
2,5,1.4015239685130516,1.7092153441405789,1.7052588663831543,1.6918941352267707,1.2781343563689325,0.1970269454029264,0.3344971975198663,1.0,0.4,1.0,0.8,8,55.29376314486826,166.55243618744566
2,6,1.2866753622341622,1.5269285648976632,1.5219049675598733,1.5030392926874585,1.7087700451010082,0.17458338736937104,0.33574496675819293,1.0,0.4,1.0,0.8,9,26.51403585767104,105.35146769110511
2,7,1.2628955194658102,1.4685821147037705,1.4631133990448162,1.4430950272552354,1.2856732202401355,0.17030311293625547,0.3358234843131591,1.0,0.4,1.0,0.8,11,21.18923456107312,89.56014051414432
2,8,1.24992726338937,1.4295304451841098,1.4237578626350507,1.4029282977010262,1.2594213818539133,0.16920024160740607,0.3359200707674712,1.0,0.4,1.0,0.8,13,18.06246911444192,91.38862576739108
2,9,1.2372817986145206,1.387834900896201,1.3817452260616534,1.3601523236577642,1.2606242588487908,0.16539665033966847,0.3361556234323697,1.0,0.4,1.0,0.8,15,15.35120190200793,80.11050906526559
2,10,1.1644591593049676,1.2921521872897173,1.286127770181254,1.2642947959878377,1.1806366814865432,0.1604311281175424,0.2727661443080545,1.0,0.4,1.0,0.8,17,13.980402263884187,51.437263881767066
2,11,1.0812163649169992,1.1932757608479438,1.1870933900803042,1.1648885434763359,1.087181931681302,0.15619868341422788,0.25072800224117753,0.9312251916155327,0.4,1.0,0.8,19,12.956834374089883,49.0953149747622
2,12,1.15954714629588,1.2662806824424346,1.2603481258052858,1.2402066183021265,1.1445826220042308,0.16287860526434972,0.2728255667599658,1.0,0.4,1.0,0.8,22,12.81604510011702,46.57973309673769
2,13,1.0773304966657031,1.1698741911291504,1.1638019704259646,1.1417663148136161,1.1106437076158597,0.15865041166998403,0.2507874116189825,0.9313954176615541,0.4,1.0,0.8,23,11.958180289948547,44.07665341994071
2,14,1.072337668811715,1.1494989313684745,1.1432778382400954,1.1218527564038507,1.0852894687030565,0.16278032246016902,0.24981476257309546,0.9287860405111108,0.4,1.0,0.8,25,11.356901634932935,42.04350925214666
2,15,1.0708092047887785,1.1353104856702614,1.1289686424310705,1.1075219870371011,1.0813239552712637,0.1652832518556667,0.24987417195090042,0.928956266557132,0.4,1.0,0.8,27,10.941663870430943,40.66186747154597
2,16,1.0694980740748354,1.129389640014692,1.1230041968178237,1.102360584116361,1.0667947729127172,0.16414168624844508,0.24989285251750964,0.9290473350672253,0.4,1.0,0.8,29,10.768417201216828,36.457875024176296
2,17,1.0721575398310113,1.1304116399151758,1.1240107375824722,1.1035726299216018,1.0646116930495142,0.1714891361092385,0.24992336623520303,0.9290725284958923,0.4,1.0,0.8,31,10.695631949224452,40.707938968005806
2,18,1.0709070151744662,1.1248134853468934,1.118371692923652,1.098774315134658,1.0688996255250875,0.17029159518837195,0.24994204680181215,0.9291635970059856,0.4,1.0,0.8,33,10.54702210492674,36.69144427721985
2,19,0.9008469429082449,0.950566376717596,0.9440853441217172,0.925987754540496,0.8939427713761693,0.1473402802692843,0.2131105190833591,0.7751187719133503,0.4,1.0,0.8,41,10.307688158131192,31.847750102104364
2,20,0.902230925318325,0.9507417714972689,0.9439465267024066,0.9267128703112731,0.897577278944679,0.15012248183702803,0.21331939108686307,0.7754637487542495,0.4,1.0,0.8,42,10.539088934586522,35.84086721839941
2,21,0.901400307699521,0.9474703969894891,0.9409552931229291,0.9240200380757071,0.8977257850801992,0.1509977638761309,0.213094823058848,0.7748676069479714,0.4,1.0,0.8,44,10.329276600118185,35.535351004506694
2,22,1.0055217001349979,1.049561087618835,1.0436330103555376,1.027460621495943,1.0054867606138145,0.15275133893082996,0.23924434363237285,0.871972450508866,0.4,1.0,0.8,45,10.117009796042884,39.25256215968419
2,23,1.0093869070524728,1.0531769404923939,1.0475494543829995,1.0316631787515926,1.0030108273621856,0.16165953721808324,0.23939604909278206,0.8722390153279628,0.4,1.0,0.8,46,10.268835788610644,35.61499824483407
2,24,1.007710200295,1.046546328655356,1.0408728502330393,1.024590585555785,1.0179737606532513,0.15931314981520997,0.23946264800723852,0.8723671890023731,0.4,1.0,0.8,47,9.876150417072006,35.94122657678055
2,25,1.0045034807195388,1.0420268460839168,1.036341198000903,1.0223224180501367,0.9995998203039839,0.15388134311412877,0.23925513752029223,0.8716297043791894,0.4,1.0,0.8,50,9.67999400130048,39.03482994060083
2,26,1.0076254321626001,1.0438797657610805,1.0384852991233502,1.0236298869977563,1.0060945093147087,0.1605763629718357,0.2394219612335883,0.8722800261932713,0.4,1.0,0.8,51,9.981613738451273,35.09460497076227
2,27,1.0048327245226858,1.0398305482075285,1.0341215380802327,1.0205596942442876,1.0028506005933715,0.15784684133381316,0.23899223562838223,0.8709502050993466,0.4,1.0,0.8,52,9.657091151944783,37.832757734104206
2,28,1.0058364635850268,1.0382736308630283,1.0325409430923835,1.0197674909270766,1.0046851036768754,0.16161143186864635,0.2389768954198279,0.8709051011567277,0.4,1.0,0.8,54,9.604002289455458,37.222538184471766
2,29,1.004765183297665,1.0358835017838597,1.0301387094203012,1.0181709210767478,1.001735984952014,0.1590599271892251,0.23903703783297245,0.8710538221695581,0.4,1.0,0.8,56,9.409287786286423,43.18595298644281
2,30,0.9780806159067805,1.0078549397213588,1.0017948451372967,0.9893410969644971,0.9751575793905221,0.15838353821136839,0.23244631688586773,0.8465461249113264,0.4,1.0,0.8,58,9.38629028099719,37.29018076931545
2,31,0.9780203830873753,1.0075347331859459,1.0017751605613094,0.9897838827878351,0.9736270576108345,0.15838353821136839,0.23244631688586773,0.8465461249113264,0.4,1.0,0.8,60,9.389163246144244,37.23559656292058
2,32,0.9814413901851764,1.006720994017204,1.0006196147904747,0.9894541957067835,0.9841556867544834,0.16809853955102505,0.23250786567297987,0.846770773623366,0.4,1.0,0.8,62,9.299864254165216,34.49781548780418
2,33,0.9813761210115388,1.0063574545633287,1.0005562522267555,0.9895710750904833,0.9778165284057483,0.16809853955102505,0.23250786567297987,0.846770773623366,0.4,1.0,0.8,64,9.300947151749464,34.43084196502928
2,34,0.9816454939981992,1.0048514335796157,0.9990339469977367,0.9891581496709023,0.9797217686727115,0.16938704166199825,0.23251469653648105,0.8468263136165228,0.4,1.0,0.8,67,9.310698127947266,34.116097859778
2,35,0.9160886707731702,0.9366110476959697,0.9310719666364213,0.923679455738071,0.9149622308318242,0.16924079079561424,0.21686571943482422,0.7850884873184361,0.4,1.0,0.8,71,9.092542661345288,27.488352631738955
2,36,0.8872045804848024,0.9068319748994865,0.9009817776123871,0.8933240896885893,0.8865808611691921,0.17521073496933076,0.20898688095169704,0.7560119490622828,0.4,1.0,0.8,72,9.116716785182724,33.13563545960046
2,37,0.9007374364523842,0.9199099846296542,0.9146615933037769,0.9077647911567914,0.8996459853625458,0.16846468777119292,0.21312349476300466,0.771259944478863,0.4,1.0,0.8,73,9.092822517871552,30.85786155996419
2,38,0.9284884630852688,0.946137515545674,0.9402692657190704,0.9337142418722946,0.9277387552255869,0.1759537355034895,0.21949001612788863,0.794519205652563,0.4,1.0,0.8,75,9.080553887517585,35.787947397824205
2,39,0.8823849310088615,0.8987197226163477,0.8928394910008615,0.8859946588023975,0.8839933896933334,0.17015586479852757,0.20772722023888912,0.7547574055109686,0.4,1.0,0.8,76,9.028097338265647,36.72283615343021
2,40,0.8986436882375275,0.9143581650082889,0.9099870912526649,0.9070589342735269,0.8963243841872321,0.17954978547925216,0.21248238154847437,0.7646546993155976,0.4,1.0,0.8,88,9.111979975140247,37.994184885931375
2,41,0.8969567090820467,0.9108355359882434,0.9064477618107394,0.9037735410912286,0.9007655851407361,0.1759507350078031,0.21251484246657973,0.7646705462610153,0.4,1.0,0.8,89,9.128815210837866,38.73234315659288
2,42,0.8974559852830979,0.9113990081819578,0.907314821154361,0.9055145738947713,0.8951642230504815,0.17702696656410424,0.21253879246212162,0.7647317916907483,0.4,1.0,0.8,92,9.136617762738975,37.83155853071908
2,43,0.8968080243175662,0.9105376958405123,0.9064515802042771,0.9043283101485953,0.8952312034378158,0.17597779021786342,0.21244371447087218,0.7646074328536027,0.4,1.0,0.8,93,9.109979635549962,38.67147730772345
2,44,0.8973819150283449,0.9109467812742721,0.9071621069438793,0.9065521088914805,0.8959858139653092,0.17702696656410422,0.21253879246212162,0.7647317916907481,0.4,1.0,0.8,94,9.082105851168537,37.7729774763667
2,45,0.8980127395568738,0.9098382293240824,0.9057348314441019,0.9045024378216355,0.9015280211078582,0.17239049491205877,0.21253255934599585,0.7681711331081338,0.4,1.0,0.8,95,9.122724235375,38.25213580748968
2,46,0.893253936101948,0.9044084229940161,0.9002988924126151,0.9000055868998798,0.8936095700533065,0.1733957770082765,0.20938568949406297,0.7657849778265136,0.4,1.0,0.8,96,9.069088548395404,38.53096782914638
2,47,0.9118110233979684,0.9218490934897883,0.9177294695962377,0.9180390348984282,0.9138226804338914,0.17455809968748984,0.2227080871774445,0.7719647759325798,0.4,1.0,0.8,97,9.126434149297385,38.17628469952591
2,48,0.8924983534391127,0.9006525828292093,0.8965158802552431,0.900000044793636,0.8923358983056867,0.1759839275421223,0.21492992280614204,0.757198113725376,0.4,1.0,0.8,102,8.650086320297891,39.51204284393174
2,49,0.8955440732744592,0.9031599429152408,0.8990183529460016,0.9031313848964386,0.8951056909924883,0.18204989996682358,0.21518919438666587,0.7577516928476832,0.4,1.0,0.8,104,8.574740383061997,37.54171073747805
3,0,0.9499654437733195,0.8907171923222155,0.8898594453240266,0.8860032533577022,0.0,0.0,0.0,0.0,0.4,1.0,0.8,1,222.84538292405804,1334.0713690135167
3,1,0.9256992098979153,0.9101480632014121,0.9091582353198717,0.9051060741676142,0.06053746059774264,0.09020594070366636,8.399636384213458e-05,0.00011510700581725,0.4,1.0,0.8,3,207.98503268306223,1328.8047029076745
3,2,0.8768256379736499,0.9091668796661002,0.9080168294772878,0.9039459408622585,0.11446908329040249,0.13077633349636567,0.0010891494050749657,0.00286309110042079,0.4,1.0,0.8,4,192.9156181475794,1153.7500808484986
3,3,1.4761337310986364,1.7858816168925182,1.7825381707674015,1.770087465678559,2.017458766112123,0.20520822995674162,0.3297733946819729,1.0,0.4,1.0,0.8,5,65.78972534582853,232.13474605311404
3,4,1.3186598486082277,1.6194996110808852,1.6152802466341476,1.600582078219957,1.318507400187301,0.12450768723494592,0.30728278891081584,1.0,0.4,1.0,0.8,7,53.47838100532301,245.6745188431533
3,5,1.2849645846993827,1.5694944213819289,1.5648841735738137,1.5492182747224381,1.2287172448492605,0.12380307827636247,0.3073610079135065,1.0,0.4,1.0,0.8,9,46.08214976480373,224.72609102020144
3,6,1.2584605180769506,1.5221592777717041,1.5171776668196923,1.5006756724283998,1.2250806077480978,0.123158985891814,0.30759566492157875,1.0,0.4,1.0,0.8,11,40.413968628684735,208.6203045698517
3,7,1.2426695796404728,1.4886363425190412,1.4833857794579457,1.466245447575554,1.207331557638238,0.12274427118121412,0.3085048459724779,1.0,0.4,1.0,0.8,13,37.13083429537426,207.695214789112
3,8,0.7841884968720515,1.022157526053554,1.01679926558251,0.9995650974552898,0.7142709613821157,0.1256846481058509,0.1777223587841925,0.5960636981799466,0.4,1.0,0.8,17,26.438548598199585,122.16073271374812
3,9,0.7609593880427251,0.9789042699732349,0.9732834259440055,0.9548643098559024,0.7915042877546368,0.12787605908485727,0.1751549947915093,0.5859268938971048,0.4,1.0,0.8,18,22.582450502975743,113.86625093241724
3,10,0.7689830157166807,0.980133301797043,0.974428591178566,0.9562320272855054,0.7373485977829859,0.12216326826275714,0.17873291100325087,0.5992047976543322,0.4,1.0,0.8,19,22.661835802614128,100.93053004310448
3,11,0.7454025422613859,0.9352523755516191,0.929292834630666,0.9102188323722442,0.7890449156483177,0.12612304918608983,0.17523321379420004,0.5860741994612749,0.4,1.0,0.8,20,19.36564911965249,92.435265551043
3,12,0.5289040494819233,0.6915007894551664,0.6855404740720096,0.6655588302658947,0.5449441777981887,0.12665319382284065,0.11944600428874884,0.3992366617433255,0.4,1.0,0.8,22,16.73999370257213,66.92350604924538
3,13,0.5697623348440531,0.7006052157086379,0.6943102048663286,0.6734594018498465,0.6027058065234063,0.1282184592216779,0.13378866605206324,0.44521989765763914,0.4,1.0,0.8,24,14.96964606073363,55.63119446535771
3,14,0.5608104054953709,0.6594221785557035,0.6528036308464812,0.6314024027287141,0.6007035985699127,0.12775834980037773,0.13387360689554287,0.44539654364089687,0.4,1.0,0.8,26,12.970565732776052,50.90464166586121
3,15,0.5540616785092848,0.6252612853388176,0.6183773599203567,0.5966591995652335,0.5896790232095048,0.1264265602797211,0.13393172296668943,0.4455572798855593,0.4,1.0,0.8,28,11.480469625860978,45.8084786578971
3,16,0.552567650976465,0.6171830793996825,0.6102365329558028,0.589219415275362,0.5523515097540567,0.12595422771900977,0.13395014513527484,0.4456476923047986,0.4,1.0,0.8,30,11.230319917063408,40.84274169064602
3,17,0.5515788242382562,0.6120992854623962,0.6051139394628443,0.5839489862950232,0.554952655774543,0.12572352764457273,0.13397592916392814,0.4455494725787223,0.4,1.0,0.8,31,10.99264327168938,44.77410987776821
3,18,0.5495922584955049,0.6051793630210219,0.5981475537182621,0.5775310057868905,0.5568098341386282,0.12275624724553916,0.133999609607099,0.4457604179079115,0.4,1.0,0.8,32,11.062577475268297,42.65702521036107
3,19,0.5501078990470634,0.6032751220042917,0.5962205481706302,0.5757562168153751,0.5448509831437982,0.1255162438926477,0.13402558277132431,0.4455846980262671,0.4,1.0,0.8,34,10.665579486579546,44.528353887752566
3,20,0.5498844882166243,0.6024592743558432,0.5957020748134485,0.5755617065298587,0.5429609210346611,0.12525851083908673,0.13399435133251356,0.4456398849979616,0.4,1.0,0.8,35,10.776696160818329,39.95334042638754
3,21,0.5478836498145732,0.5960128300738248,0.5892140058493052,0.5696655095378566,0.547104685339971,0.1220744515413398,0.13403800773838617,0.4457462368345815,0.4,1.0,0.8,37,10.854282242843864,42.88846299695149
3,22,0.5334371147635197,0.580934523569838,0.5744327313832611,0.5562557341677753,0.5263938397489197,0.12119617475746211,0.13014098844877725,0.43316991319310433,0.4,1.0,0.8,39,10.7193904593528,38.84614911146885
3,23,0.5333713153495379,0.5805207952793664,0.574015772150426,0.5560908966677413,0.5263465098306577,0.12119617475746214,0.13014098844877725,0.4331699131931043,0.4,1.0,0.8,40,10.688278160315294,38.641524032347945
3,24,0.5233321354973688,0.5668942723437636,0.5600528558120001,0.541354204595818,0.5278178669531863,0.12481434831484961,0.12705276171976607,0.4234964584087795,0.4,1.0,0.8,41,9.877770905507408,35.51850255529823
3,25,0.5263492627665962,0.5668231943321946,0.5602560496286144,0.5426230503129991,0.5247612054733617,0.12504235331996252,0.12802935653829728,0.4266597377894089,0.4,1.0,0.8,43,9.848382473954596,36.60892253724592
3,26,0.5265058570356885,0.5649410313269894,0.5583549445087299,0.5406368855375768,0.5222154994073912,0.12539840638273508,0.12820845573109255,0.42691646370630576,0.4,1.0,0.8,46,9.822087140188064,36.681840185844656
3,27,0.526501566086151,0.5650929238500153,0.5591142596489869,0.5435946446324382,0.5199212470414458,0.12539840685737014,0.12820845778610818,0.42691647035952096,0.4,1.0,0.8,50,9.827332594340218,36.717943885633794
3,28,0.5262846722058141,0.5638167613196887,0.55752525062154,0.5431980122179044,0.520957606042499,0.1221610011227868,0.12893702824840284,0.4275716188252222,0.4,1.0,0.8,53,9.983300390437556,36.56089962112593
3,29,0.5295809363962924,0.5645694743567353,0.5585574641256582,0.5451424394979087,0.5258614274241075,0.12502968606797785,0.12959693666214936,0.4300203015090376,0.4,1.0,0.8,57,9.515813093480736,35.28404784234052
3,30,0.5178441940408886,0.5521599807157431,0.5461416993942904,0.533822344362126,0.5125777856749446,0.12435139337291412,0.12715769226909832,0.4188863496067577,0.4,1.0,0.8,61,9.53681188673698,36.4292178145259
3,31,0.5236422453384842,0.5564228289872517,0.5503904343070274,0.538895565969894,0.5206772050329477,0.12380049735767211,0.12854689516735018,0.42501048417957793,0.4,1.0,0.8,63,9.463179247496766,35.50035916644046
3,32,0.527790234563801,0.5601518309250679,0.5535095993468833,0.5374637857167733,0.522670006568668,0.12406535560648593,0.12968698895872582,0.42869024118015464,0.4,1.0,0.8,65,9.496770665140554,36.6269044367769
3,33,0.5175670889664757,0.5471082194390556,0.5416518153794366,0.5330658619827431,0.513939201555955,0.12624087031605474,0.1265788990641686,0.4193988122655693,0.4,1.0,0.8,73,9.098958911174485,44.26545309316342
3,34,0.5181839155961073,0.5475431146629921,0.5414791782521293,0.5332766817037653,0.5132170766957672,0.1257490718775407,0.1269570913670001,0.4199433516472942,0.4,1.0,0.8,74,9.085007477431462,30.39689614067669
3,35,0.5172297223307754,0.5458303962999205,0.540365360974238,0.532958865478605,0.5155870984013327,0.12589099873791976,0.12655659393064653,0.41938168692146566,0.4,1.0,0.8,75,9.08094977061407,44.31261485948063
3,36,0.5187403524970379,0.5454746261717659,0.5393865492740653,0.531660812968028,0.5199106247545758,0.1280783111498471,0.1269779418633781,0.4200094488052023,0.4,1.0,0.8,76,9.034008398869124,42.53802126678237
3,37,0.5129894890108876,0.5367170694702526,0.5315103810708928,0.5275118314856713,0.5105934242040369,0.12539755222166452,0.12632412109411864,0.41566804511389754,0.4,1.0,0.8,83,8.857825192233276,44.06032399323647
3,38,0.5109279125618683,0.5343944430989469,0.5288822978814467,0.5240220491065698,0.5075917903867575,0.12517698995833165,0.12492400048183415,0.41498908508620785,0.4,1.0,0.8,84,8.98199217112734,43.43748130509009
3,39,0.5100960640494672,0.5328618423091632,0.5273432866026233,0.5227587544946831,0.508594996829306,0.1233752482940498,0.1249189426987354,0.41500045485290943,0.4,1.0,0.8,85,8.986687141432814,44.05573455938525
3,40,0.5114594070997247,0.5316856070082998,0.5264468749126165,0.5223259477018045,0.5168974264975921,0.1249614802155645,0.12598794160547433,0.41511804418117365,0.4,1.0,0.8,86,8.75070581460541,43.88254863269854
3,41,0.5112918563140469,0.5307658610345116,0.5252172158848345,0.5214196404048946,0.5102285078141315,0.1255656997468318,0.1256028450721236,0.4152233645132316,0.4,1.0,0.8,87,8.730628885641707,43.50446560087866
3,42,0.5115101309047121,0.5305296112093613,0.5252798236138516,0.5217255522906344,0.5101416010450806,0.127706303452582,0.12491820940944891,0.4153928741531366,0.4,1.0,0.8,88,8.733315644649506,43.174250900324026
3,43,0.510603739588314,0.5296156198808073,0.5243657774715864,0.5220767531841087,0.5074220231810121,0.12532264636376475,0.12525301222483037,0.4150346970659175,0.4,1.0,0.8,90,8.737368274924705,43.35231945218744
3,44,0.5107357550684135,0.5293091755922066,0.5243582518914248,0.5250436920867724,0.5078249250036667,0.12489383399040437,0.12568094667623678,0.4149868368696363,0.4,1.0,0.8,99,8.67380222020752,42.18567249483334
3,45,0.5117528907712077,0.5294987364123409,0.5245403137061962,0.5257185076148769,0.5097028559539414,0.12596926273705936,0.12571517494812173,0.41584549100569623,0.4,1.0,0.8,102,8.602808734363434,41.54549232019045
3,46,0.5107442610459549,0.5280070746064551,0.5230441910422754,0.5243892696625921,0.5082530895151796,0.12527794913139473,0.12568824600913364,0.4150616448878474,0.4,1.0,0.8,106,8.64655407601493,42.09188468200021
3,47,0.5101692645068665,0.5271675628074661,0.5225052440439717,0.5250865594162166,0.5085173331448144,0.12537805951680572,0.12545774571143553,0.4146524512860038,0.4,1.0,0.8,107,8.620810772704539,42.16156269498011
3,48,0.5116874936238944,0.5282580683533047,0.5235918135260625,0.5267669706401106,0.509633855019183,0.1265844165747395,0.12574507666278953,0.4156740092286227,0.4,1.0,0.8,109,8.594432605555577,41.5779418412494
3,49,0.5111666711756743,0.5275136999255454,0.5228454369345241,0.5263171336846257,0.509180635297023,0.12642364908030057,0.12547874464593983,0.41548118512777565,0.4,1.0,0.8,110,8.566529758787487,41.47404066067291
3,50,0.502588852739479,0.5187219437511392,0.5149606680723187,0.5226908832871945,0.5001129944863161,0.12537594087999807,0.11151016687836685,0.42284061648170324,0.4,1.0,0.8,119,8.82280532824673,43.60773785568363
3,51,0.5205723479130824,0.5367771553324101,0.5333194309048761,0.5424402885101565,0.5179395244950615,0.12291304405001395,0.13003317167192896,0.42340129479320743,0.4,1.0,0.8,122,8.908754023711051,44.65674949631467
3,52,0.517864724228872,0.5329488601662985,0.5303898919689217,0.5447499972410947,0.5158988466773182,0.1252070043276999,0.11661761536107182,0.4359168824528165,0.4,1.0,0.8,132,8.85979529478971,43.18394869443777
3,53,0.5130085021634072,0.5279431760429679,0.5253828303844582,0.5400698763004486,0.5111008929129655,0.1250335951712394,0.11615239677786607,0.4305445598277197,0.4,1.0,0.8,133,8.849982370142397,43.12190587327838
3,54,0.5178364296746877,0.5328324853507932,0.530575625468156,0.5472842013613387,0.515452871737492,0.1252070043276999,0.11661761536107182,0.4359168824528167,0.4,1.0,0.8,138,8.844000659172039,43.11222114831717
3,55,0.5161273760385607,0.5308543056789855,0.5282920527352432,0.5456287699439282,0.5143522942153136,0.12523417666625608,0.11533157493226619,0.43541014368494235,0.4,1.0,0.8,139,8.848548568780144,43.02640508266402
4,0,0.945099056548053,0.8894050750670298,0.8885370409519461,0.8846418389150097,0.0,0.0,0.0,0.0,0.4,1.0,0.8,1,233.6816693288458,1400.507258122149
4,1,0.9168331232414352,0.9078724490899055,0.9068616273799771,0.9027291608071099,0.06290006338934785,0.09122629829888615,8.384031403627752e-05,0.00010682105879583001,0.4,1.0,0.8,3,217.10955745449203,1188.0663782347358
4,2,0.544845789470002,0.780287444389688,0.7781065396460783,0.7705364852726265,0.48868250682160536,0.12308061401596522,0.0025784150683065593,0.00793151495734787,0.4,1.0,0.8,4,121.57249159453072,517.3581423985672
4,3,0.40685305776977104,0.7145850586308591,0.7116539520916154,0.7001403677058465,0.3197893116250446,0.1552200739124097,0.012366491252823625,0.065223470945292,0.4,1.0,0.8,6,76.22737648333609,38022.77867341579
4,4,0.35351551037569745,0.6616263721343963,0.6586745342704996,0.6477256938226422,0.07998894443119163,0.13585684372649434,0.00488241763575416,0.02135178167946907,0.4,1.0,0.8,8,73.57168628248054,8053.6169879318195
4,5,0.3747789154336099,0.683439304208235,0.6801573031913156,0.6695642773087468,0.11155474334347328,0.15835039781083265,0.007242459287587795,0.03876627552320005,0.4,1.0,0.8,9,71.22507275190364,8356.958611447093
4,6,0.31063300271079025,0.6222738414878336,0.6190178751332157,0.6074548761039982,0.1774549704209154,0.13376075081496694,0.004960354344315674,0.02155715571480228,0.4,1.0,0.8,10,64.55538121471874,8025.726436596004
4,7,0.2140382313658301,0.5072028378985054,0.5030009363904892,0.4882674472666706,0.2636381373093146,0.11753208196718282,0.009691614013749262,0.03056691449372852,0.4,1.0,0.8,12,41.944606979078095,7748.07327921333
4,8,0.21545568623861922,0.4686551547484869,0.46411798234811963,0.44712800934483465,0.23294466394701296,0.12753083200927023,0.016594482143681748,0.07043794412549277,0.4,1.0,0.8,14,31.619760385557928,34213.10797783806
4,9,0.2591452057233822,0.5058430541294358,0.500910315992838,0.48463270829683136,0.18932013060171604,0.1344105334220424,0.025739034087517938,0.11676591304675091,0.4,1.0,0.8,16,32.06656755257396,62009.54470310082
4,10,0.17834848603306308,0.38509927663285864,0.37994620534114104,0.3619064955662959,0.3113662955237303,0.12311582463374363,0.022984016879978388,0.058299896149434594,0.4,1.0,0.8,17,23.960209146879148,161.81841019731786
4,11,0.1725959704282412,0.3677249391968927,0.3624334842473788,0.344755810941035,0.14453314668661021,0.12316148556215858,0.02306639846826836,0.058493988368360894,0.4,1.0,0.8,19,22.54751554708165,159.160868822622
4,12,0.16784102498956405,0.33397223382274593,0.3283532977957745,0.31014303963111806,0.24735269026064474,0.1316162825849901,0.02303464704572868,0.0642698169532168,0.4,1.0,0.8,20,18.13260497671593,146.86713566524563
4,13,0.16417113540502826,0.32355820382899847,0.3178660803668977,0.29985535766937876,0.1394460652641458,0.13278914390287394,0.022666274128702278,0.06278247448101795,0.4,1.0,0.8,22,17.34622870023785,146.22698018817965
4,14,0.16075220477003355,0.3071704205770951,0.30164307970175785,0.28408530437146656,0.15278631494708356,0.13140513500243373,0.023117028441933613,0.06446390869730753,0.4,1.0,0.8,24,16.449491063499888,143.5703193299405
4,15,0.1590072406047714,0.3036165448171594,0.29806992077797645,0.28095833020017047,0.12984960847084365,0.13256089920812977,0.02274865552490718,0.06297656622510862,0.4,1.0,0.8,26,16.182508065799148,140.01086366482727
4,16,0.1574637205051452,0.29389596464166984,0.2882643527152806,0.27129510353893377,0.15816141633766168,0.13118128188947578,0.023146682054800652,0.06454866647391198,0.4,1.0,0.8,27,15.81695902248477,142.081856507832
4,17,0.1565616194476131,0.291474202673184,0.28582695177935047,0.26959144247442657,0.12971924153071887,0.13156268436299984,0.0229075387180218,0.0641316625844978,0.4,1.0,0.8,29,15.655603554053569,144.50860870011726
4,18,0.11692108805218657,0.2372418577463619,0.2311425369063361,0.21326953730826081,0.1459740819147133,0.11870759907189261,0.012700676619278815,0.03923586372163923,0.4,1.0,0.8,30,14.99701383340715,7446.561609085992
4,19,0.10994545162996329,0.21471186285238958,0.2084569284096274,0.19048253209533234,0.11744533572940559,0.11536925572401824,0.012445514773964828,0.03784563813919584,0.4,1.0,0.8,32,14.112020475870631,8305.518890128564
4,20,0.10541678358595027,0.20862541285413205,0.20235505558178524,0.18532642342706238,0.08758721985234343,0.1127756748347978,0.011364171826801349,0.03534241915650962,0.4,1.0,0.8,34,14.241356551992332,8291.087883470878
4,21,0.10407163233651993,0.19622339122312393,0.18984448387398356,0.17343650632411645,0.09946127594260269,0.11118411781990419,0.01215050759791463,0.03694295893744018,0.4,1.0,0.8,37,13.666392413081722,8300.246246507617
4,22,1.2288741069180389,1.3207684357044966,1.3149927723299044,1.3003979606542484,1.2116095794112929,1.0,0.011087193707462674,1.0,0.4,1.0,0.8,40,13.543043563820993,8265.7272691688
4,23,1.2288632510977213,1.3205011081166318,1.3147229474881446,1.3009580749973608,1.2115977458996807,1.0,0.01113849052005638,1.0,0.4,1.0,0.8,42,13.678942572410447,8287.329137667883
4,24,1.2288641326899192,1.3204211363692449,1.3146421638078967,1.3005944670940641,1.2114476220728991,1.0,0.011158896445862338,1.0,0.4,1.0,0.8,43,13.683301242704625,8287.745071053649
4,25,1.2280378458837058,1.3163542044116328,1.3108466487807733,1.2982292306249972,1.2230317345332649,1.0,0.01113089133665842,1.0,0.4,1.0,0.8,44,13.362823561010645,8292.714844647755
4,26,1.034313073454305,1.120580257705682,1.1153557297793368,1.1028340503000753,1.0217207218883573,0.517195677493387,0.011032503138271185,1.0,0.4,1.0,0.8,46,13.344186253935924,8357.111315218588
4,27,1.2286002065869954,1.3147211509110517,1.3094952385809346,1.2969444089580353,1.212405848993183,1.0,0.012232206518524762,1.0,0.4,1.0,0.8,49,12.850581843035826,8271.003210221548
4,28,1.226634608345057,1.3120002828455104,1.3064641401439534,1.293737965729465,1.212845162061793,1.0,0.01042572456001009,1.0,0.4,1.0,0.8,50,13.193799676535786,7639.425128757291
4,29,1.2264338832236115,1.310927859035856,1.305383302711292,1.2934585465119892,1.2134902449022058,1.0,0.01042572456001009,1.0,0.4,1.0,0.8,51,13.198046175568292,7622.713890380642
4,30,1.2230104209404995,1.3037963226091247,1.2982157317107785,1.2850368255360272,1.2214319048267117,1.0,0.007880445779385585,1.0,0.4,1.0,0.8,52,12.605535665990532,7381.000348690386
4,31,1.195653891324692,1.2672074789554388,1.2615385730777489,1.2494427074954475,1.214658669516696,0.9291117711744242,0.010899389034338132,1.0,0.4,1.0,0.8,53,11.391465560859189,7625.457669423999
4,32,1.1885474579101383,1.2440327829032802,1.2382117435857523,1.2263854639964353,1.2066830715944055,0.9194625285254364,0.010970377529548086,1.0,0.4,1.0,0.8,55,10.79616522606366,7575.02354740363
4,33,1.2200620032778096,1.2740704687469941,1.268538466535882,1.2577056366234527,1.2123740704456893,1.0,0.010577459322392,1.0,0.4,1.0,0.8,58,11.041000638346988,7569.110668586066
4,34,1.1936929602569974,1.2470004127800056,1.241461835337681,1.2308950144691004,1.1868131502853763,0.9338539016590801,0.010806747419823374,1.0,0.4,1.0,0.8,59,10.696334866964976,7980.291431897908
4,35,1.2193096341853895,1.2693501993308236,1.2637810467732702,1.2536824189970672,1.2217812783215096,1.0,0.010594365647662541,1.0,0.4,1.0,0.8,60,10.73272415256469,7561.931102792238
4,36,1.2193081480810948,1.2694309761098639,1.264165485635177,1.2545528141472972,1.2106076486525694,1.0,0.010594365647662541,1.0,0.4,1.0,0.8,62,10.73062282104034,7562.369186489784
4,37,1.2184550566579508,1.2648572192363,1.259254038054877,1.2504993775003197,1.2228838786503036,1.0,0.010431073647538314,1.0,0.4,1.0,0.8,63,10.55697361142026,7966.51431902697
4,38,1.218414563196508,1.264617058580086,1.258709099950768,1.2471279723633815,1.2107878717796463,1.0,0.010411269231862204,1.0,0.4,1.0,0.8,64,10.530689514935254,7964.979753192055
4,39,0.09009183302146913,0.13548198980458392,0.1304753422889745,0.12785010037575922,0.08248647217870031,0.1195702767325367,0.010549214200682281,0.0298927084015012,0.4,1.0,0.8,83,10.5061292964769,8303.71672647428
4,40,0.0897464975770765,0.13494118343295564,0.13023562370608277,0.12908769925836522,0.08248693143266927,0.11956189599637683,0.010454200222319182,0.02965059174465417,0.4,1.0,0.8,85,10.461315436954802,8310.265749924885
4,41,0.0900211531251236,0.1352124994840856,0.13080984401225937,0.13085636151804186,0.08245108255228645,0.11957027673253669,0.010549214200682281,0.0298927084015012,0.4,1.0,0.8,87,10.472738996439892,8307.561153483657
4,42,0.08405479877375209,0.12800719934747762,0.12359298359419453,0.12266166082036979,0.07761434023211482,0.11492447466993283,0.00836459898020188,0.02777645815056396,0.4,1.0,0.8,91,10.108130205816792,8307.852452117211
4,43,0.08283059557215222,0.12506556229569157,0.12063538011003672,0.11995443581211634,0.0815132863684529,0.11404899922041253,0.008311735185819617,0.02714629150116187,0.4,1.0,0.8,92,10.06552492267754,8643.939423110842
4,44,0.08368836645829059,0.12347300594918766,0.11871716241571163,0.11803492167252012,0.084980479938025,0.11768078625422776,0.00850311841280484,0.02670191807692293,0.4,1.0,0.8,93,9.909834478684187,8633.058101457493
4,45,0.0822995256490784,0.12205720246276486,0.11760406495185716,0.11686147052842721,0.07596761271603786,0.1137696763894872,0.008363852408306248,0.027122010181526362,0.4,1.0,0.8,94,9.817850024498556,8620.356831071409
4,46,0.08337349533811947,0.12299858791468492,0.118544196950833,0.11842601079915417,0.07711906859176186,0.11655054158289964,0.008537358440062415,0.02688721606058278,0.4,1.0,0.8,95,9.870862427887344,8629.415662259818
4,47,0.08337277381035027,0.12308384740942835,0.11893317142932669,0.11938902138789567,0.07667412028056556,0.11655054158289964,0.008537358440062415,0.02688721606058277,0.4,1.0,0.8,97,9.86986658444389,8629.567420617137
4,48,0.08343316411187635,0.12081136760545416,0.11663907343487864,0.11667368830408217,0.08508516669465074,0.11512297119562165,0.008836606272306154,0.027827704974869687,0.4,1.0,0.8,98,9.83524335281832,8631.57922534917
4,49,0.08246917683828905,0.11833560728693107,0.1144523501161806,0.11564609312599536,0.07828163252926315,0.11211815642656442,0.00868560271877101,0.02867057829688044,0.4,1.0,0.8,101,9.45951557659206,8638.424448773261
4,50,0.09076398490291125,0.12567596432049116,0.12269277044239589,0.13441752811727703,0.08520066539286883,0.11244578424384355,0.011405926086919952,0.03574648987776881,0.4,1.0,0.8,120,9.512091794581968,8201.749515855507
4,51,0.08752704732301773,0.11904367515341589,0.11602918313332623,0.12540996840314034,0.09382178332389446,0.1130776918489361,0.010507507295970105,0.0332484613969331,0.4,1.0,0.8,121,9.385189093665849,8606.409763477754
4,52,0.08901874025435312,0.1196439246382997,0.11662124005628391,0.1288302236290188,0.08700035489563711,0.11162664178739208,0.011175203456853154,0.03519680721796734,0.4,1.0,0.8,122,9.387569580241223,8627.148740690485
4,53,0.08890995264239053,0.11891510124647571,0.11618962440731744,0.13004316936677326,0.08519497203196565,0.11141771928845408,0.0112306239030618,0.03524871002764509,0.4,1.0,0.8,124,9.324393853880494,8635.052989101256
4,54,0.0903223535620676,0.11943968055055233,0.11670601336333462,0.1262083332707439,0.08709018667791271,0.13106180795291017,0.009566087569981853,0.0294665636511878,0.4,1.0,0.8,126,9.246597951092197,8421.28435303225
4,55,0.08907736387381032,0.11695290994471486,0.11481375961724694,0.1287037495265327,0.0857435850443947,0.11366221459353831,0.011057919248359159,0.03504464485371932,0.4,1.0,0.8,130,9.267685402242824,8629.173817592382
4,56,0.08580892843212776,0.11005647008304349,0.10727816863345783,0.11936600605075787,0.09349048039675772,0.11971393060731887,0.009254292068714703,0.030913699327801008,0.4,1.0,0.8,131,8.93499413016619,8747.554844470898
4,57,0.08926932236861335,0.11071040729019595,0.10881534158621206,0.12407695632918443,0.08677858227344062,0.13194836667510168,0.009649625920504225,0.02926372049228661,0.4,1.0,0.8,142,9.001156192690496,8403.696265432454
4,58,0.08908427498294487,0.11034557457966297,0.10905471262958881,0.125994501396086,0.08601571172037809,0.13153243666854453,0.009651454932441534,0.0293118764445623,0.4,1.0,0.8,146,8.970058294652533,8412.267631137089
4,59,0.09419035604033005,0.11236357572164302,0.11165052668482356,0.13419102280068582,0.09226400437708374,0.1302886948950363,0.01295311476853721,0.03285342070922026,0.4,1.0,0.8,158,8.75090878384045,8427.872010803187
4,60,0.0895400505017289,0.10767255418997382,0.10695912407867333,0.12838187646776658,0.08673044638281358,0.11894134839396468,0.012059904284558966,0.03383894046995163,0.4,1.0,0.8,164,8.80105368621406,8749.267726280712
4,61,0.08692052689937771,0.1027756924935474,0.1020415219010878,0.12440427302494628,0.08699062455024119,0.11830232682142934,0.010889488791657336,0.03280310021829261,0.4,1.0,0.8,167,8.667769854921863,8665.070498222105
5,0,0.9164085874693096,0.8815088153043782,0.8805788480885482,0.8764464234478062,0.0,0.0,0.0,0.0,0.4,1.0,0.8,1,254.69822863080464,1356.2959231874397
5,1,0.885106935410975,0.8971042222131993,0.89602436426004,0.8916273378762812,0.06221459732241828,0.08631508673951681,8.302373255722234e-05,0.00010361646004345001,0.4,1.0,0.8,3,237.40602949819424,1299.6183555298785
5,2,0.7895261298328105,1.022478898380334,1.020313385791949,1.011978656583661,0.6970862847865598,0.09957364632831932,0.08044151385798719,0.2226420349188452,0.4,1.0,0.8,4,137.94577214110646,765.3256789612047
5,3,0.6505605855836655,0.916040685367499,0.9135750102299739,0.9046296542486527,0.34090158867166526,0.09911888241120911,0.06697862027592873,0.15445073962768296,0.4,1.0,0.8,5,122.7790954317796,561.1513291835531
5,4,0.9799027143117361,1.2915563628778743,1.2879677477877516,1.274580153778159,1.1608264836793882,0.19396127525038087,0.1898374223900554,0.6016925357622112,0.4,1.0,0.8,6,67.62588142167225,220.9074550047796
5,5,0.9335498102181827,1.241329271381289,1.2373761204149623,1.2231477972337665,0.8119282416766819,0.18392197205246502,0.1899139734849047,0.6018870985902887,0.4,1.0,0.8,8,56.91804445121175,186.61187312762732
5,6,0.8949416163529965,1.1920213375637345,1.1877039719521623,1.1728108803957462,0.8089748824254112,0.17493078091537412,0.19014362676945254,0.6024707870745212,0.4,1.0,0.8,10,47.87825173045714,157.523381010569
5,7,0.886607034415644,1.1738189166873416,1.1692694424629357,1.1536714464406148,0.7960598903556587,0.1706028270737331,0.19428270968967698,0.6136647988473315,0.4,1.0,0.8,12,42.75175497348537,143.06660273626542
5,8,0.8684175438940798,1.1530745740040453,1.148473049892704,1.1330384111671732,0.7582241596097969,0.16478404692584195,0.1907938704263818,0.6032932191365539,0.4,1.0,0.8,13,42.3549803810818,175.6710673434046
5,9,0.8586314346581836,1.1339946841349278,1.1292157368339466,1.1140706380213685,0.8080473041720188,0.1496172240985301,0.19317340594597263,0.612318947695298,0.4,1.0,0.8,14,38.21628415253966,135.41605085158045
5,10,0.8405337432535765,1.1048738605495307,1.0999068461134758,1.0834394252421449,0.8067764380751886,0.15779675209409047,0.1911766259006281,0.6042660332769412,0.4,1.0,0.8,15,35.74066770835503,150.06469109023027
5,11,0.8576482961427514,1.1130986439495747,1.1079920840182291,1.090991926417482,0.8151761365110024,0.15980590655964771,0.19897059554926233,0.6260388576806162,0.4,1.0,0.8,16,32.61404853464536,109.68684223482514
5,12,0.843564212179869,1.0984911678498335,1.0933770125689026,1.076347339800209,0.752705085064917,0.15490113295924487,0.19560000415556955,0.6156475611632986,0.4,1.0,0.8,17,33.16114453217044,136.9338547658141
5,13,1.3356732071408497,1.5891159403898323,1.5842819480692794,1.5697131160256448,1.2521713924487186,0.09076824647612304,0.40729972523836777,1.0,0.4,1.0,0.8,18,41.43246331691737,229.4429754265433
5,14,0.14633609456699836,0.35393372570174025,0.3487909252333238,0.3302437891874321,0.3113829867971903,0.09171078568828374,0.008464580426921378,0.05155880103395648,0.4,1.0,0.8,19,23.417227081152763,159.5785935789729
5,15,1.2710959226649297,1.4778604034545217,1.4724047858525964,1.4556544457418334,1.2148689959085646,0.09078803450307123,0.37524603535716394,1.0,0.4,1.0,0.8,20,30.42444877489838,160.34155724160215
5,16,1.0477941153075203,1.2393536384373496,1.2337177795685623,1.2162790976882372,1.0621752920781096,0.09081334140776884,0.30474546809908637,0.8186746931131321,0.4,1.0,0.8,21,27.124999675406784,137.0094710567322
5,17,0.15108777460584238,0.3316712030750706,0.3262123734939794,0.30717805151372984,0.1512216921584255,0.09180279321873842,0.008988261050296953,0.0733608324664999,0.4,1.0,0.8,22,19.853913835616805,95.5182355405051
5,18,1.0355407628026447,1.1974226165203552,1.1914545632719642,1.1734194946888257,1.0715646399776446,0.09020947012681337,0.30745241193485673,0.8160837867557904,0.4,1.0,0.8,23,23.99644147444439,121.31177516627731
5,19,0.13437350218680444,0.2847221746245322,0.27893338582162774,0.25928960213687985,0.14529686187602225,0.09070422503133033,0.008607218480206794,0.06824854929716387,0.4,1.0,0.8,24,16.643304695130283,100.31507435962926
5,20,0.9684514624625554,1.1096646743909586,1.1037798774975633,1.0867120440458296,0.94370637575807,0.10054910755210807,0.17567996486435317,0.9009563920227815,0.4,1.0,0.8,29,22.00169150914072,84.27261651415928
5,21,0.8650741675328653,0.9640559571854304,0.9580468246722943,0.9389075040897115,1.0027166844645612,0.10022754136443775,0.2391302066040601,0.7078609873641095,0.4,1.0,0.8,30,21.654191006297783,90.42209690530107
5,22,0.8400237393486345,0.9369505728288199,0.9306183498439682,0.9123169955821526,0.8244965669524356,0.10025344443897517,0.23078924634323,0.6875786398412199,0.4,1.0,0.8,32,21.170439130030665,88.5181152368817
5,23,0.860257483028878,0.9570644652106516,0.9507310923607568,0.9334289820676995,0.841660749306751,0.10031360764750444,0.23773936930872355,0.7041914781446145,0.4,1.0,0.8,33,21.47756916021717,87.00913252236381
5,24,0.8612226171828139,0.9561722317108512,0.9501235105377841,0.9331081058759338,0.8449982315814307,0.10015999966189597,0.23815257987276225,0.7055618885357627,0.4,1.0,0.8,36,21.451762165724507,87.04144196028909
5,25,0.8336267468839658,0.922898131604007,0.9167940303348826,0.9001068460875579,0.8367896287194352,0.09998878365027089,0.22915751937440995,0.6841205277157999,0.4,1.0,0.8,37,20.88503306042908,83.43952819521049
5,26,0.830009881186728,0.9113172822708859,0.9051360637368536,0.8887134761866156,0.8288524372160772,0.09965003578457317,0.14055858671521798,0.7928427296818491,0.4,1.0,0.8,39,17.420422559808635,54.620479227345314
6,0,0.9444874155477033,0.8892531901114455,0.8883839638921377,0.8844846405434111,0.0,0.0,0.0,0.0,0.4,1.0,0.8,1,240.35242612401865,1276.1822621505582
6,1,0.9008841268828331,0.9035708176529533,0.9025218924588221,0.8982431083688842,0.07017898881011012,0.09260764042864113,8.34822794646522e-05,0.00010616682567734,0.4,1.0,0.8,3,221.2683020890657,1236.364186769955
6,2,0.8410950383659066,0.8877975713433014,0.8865958970961221,0.8819386002029357,0.06894975303047109,0.10056952763286395,0.00033392911785863996,0.00042466730270937,0.4,1.0,0.8,5,205.91791832615573,1153.406529000058
6,3,0.6523573729014874,0.9637485626910192,0.9614713675139579,0.9516670804198308,0.8664469286507264,0.29194817099601766,0.016394934153413625,0.19912366793940464,0.4,1.0,0.8,6,91.83804136748763,392.7440469245827
6,4,0.5262242032904616,0.8379739318382625,0.8350127982624177,0.8214647394990031,0.44009506748319216,0.2919481709960176,0.016394934153413778,0.19912366793940464,0.4,1.0,0.8,8,60.846948800148766,224.92260618268068
6,5,0.5332510864653924,0.8450093135016126,0.8420291936590804,0.8287026857549753,0.3088768286361102,0.2920270727596396,0.017273825719238904,0.2097981915861904,0.4,1.0,0.8,9,60.44742677724157,251.9155989819704
6,6,0.5050798640674801,0.8150496473200467,0.8117995889348119,0.7979542876153964,0.40666985769507524,0.2913339691243021,0.01776813398555811,0.21507596779735957,0.4,1.0,0.8,10,53.08545124000079,239.16178717700532
6,7,0.48129732647238677,0.7833425747405951,0.7797722483488494,0.7655785493764602,0.4319606635505201,0.2915537725874279,0.019863764560505676,0.22371676270243931,0.4,1.0,0.8,11,45.47015845503223,185.0972412969094
6,8,0.4251047948977817,0.7054643120539285,0.7013621296670736,0.6850184947470109,0.5057999020096822,0.2847414658240373,0.01830100687169667,0.2164272506354496,0.4,1.0,0.8,12,35.06992298178121,159.94159394398048
6,9,0.4128673957094315,0.6628094175329073,0.6588306219177791,0.6417623545276685,0.4969469598187324,0.27300917158212723,0.024058217098705977,0.238659258278541,0.4,1.0,0.8,13,28.476967571810405,126.41727903330526
6,10,0.37461065250801107,0.603435043590705,0.5988625873553944,0.580221339696087,0.4081050923638626,0.2732539615868137,0.018766707907430714,0.2172206180855619,0.4,1.0,0.8,14,24.40635663563269,96.47251200208096
6,11,0.3745858370317666,0.6033733403274988,0.5988004494081534,0.5796680118771752,0.3020224938793706,0.27325396158681364,0.018766707907430714,0.21722061808556167,0.4,1.0,0.8,15,24.39981965982492,96.05394906228322
6,12,0.34385000317388104,0.510724897363229,0.5054169584788414,0.48444419324559396,0.5727747729905082,0.2632454715407365,0.020359534200968383,0.22148917737937288,0.4,1.0,0.8,16,17.47241383507171,70.96411075640225
6,13,0.33322307470637896,0.4786718601276198,0.4731343314021468,0.45190871974671576,0.34220975597989123,0.2558286642420326,0.020443016480433042,0.22159534420505014,0.4,1.0,0.8,18,15.622440239633455,71.3288676610379
6,14,0.3281615763856519,0.46092270188799234,0.4552531286920096,0.4341650482172731,0.32334852683003573,0.25299020628899227,0.020503856905590763,0.22176744160001868,0.4,1.0,0.8,20,15.11886268661834,67.91440682138357
6,15,0.32783455866816813,0.45953824590685427,0.45385779160521184,0.4321807961573061,0.303091389749912,0.25299020628899227,0.020503856905590753,0.22176744160001882,0.4,1.0,0.8,21,15.037394179552471,67.54150559495201
6,16,0.3249707172505289,0.4551060682135639,0.4494095037597431,0.4287241322304294,0.30265048210661794,0.2540781451205715,0.02004290858833022,0.2188240322764361,0.4,1.0,0.8,22,14.868700331511352,55.32316227097993
6,17,0.12814314663469206,0.24567090456885843,0.23984619439231575,0.21867192015992598,0.15075381023504036,0.13112543849273678,0.015194289016346757,0.04497564770124843,0.4,1.0,0.8,23,13.684967673903396,45.69521657242931
6,18,0.1225363635457832,0.22052658210396864,0.2145076585066926,0.19300072370193475,0.13887330150107338,0.1297077065735666,0.015277771295811421,0.045081814526925765,0.4,1.0,0.8,25,12.780735097264085,46.972697860730094
6,19,0.12021698968738619,0.21413870403345783,0.20838282608943562,0.1870024724433559,0.10938797973444271,0.12863232592638557,0.01499940872133433,0.04435421952578577,0.4,1.0,0.8,27,12.39463999324934,46.69302535442138
6,20,0.10838575729955807,0.19094642027908085,0.18477731659203483,0.16399081891035353,0.13298260974459483,0.10696470213748113,0.011201283765472305,0.04849285761922092,0.4,1.0,0.8,28,11.749042219401725,44.3437524957488
6,21,0.11883925970030995,0.19855194784976044,0.1926582799356677,0.17154555859986692,0.11431476590493192,0.12871632253378262,0.015607004319848794,0.046014921622608965,0.4,1.0,0.8,29,11.73892480218559,43.29002628033777
6,22,0.10549472952003103,0.16848547281486204,0.16212930742930928,0.14114600006878508,0.15242297462297855,0.10683963382535815,0.011804974943287937,0.04951223931921321,0.4,1.0,0.8,30,10.860196326513366,41.07152408923053
6,23,0.10408338990221477,0.16244385678303835,0.15604395898378332,0.13560981582411102,0.10171304937801376,0.10585134215188859,0.01185505740961283,0.04935755065018803,0.4,1.0,0.8,32,10.857611124947802,40.76876821624156
6,24,0.10437520376810071,0.16256856770271613,0.15616709702579537,0.1361837202698957,0.09458368144078474,0.1064241584949017,0.011811173217528581,0.049532610810400154,0.4,1.0,0.8,33,10.852957223768108,37.03299148086148
6,25,0.10398849677094665,0.16223809932072003,0.15614010184514165,0.13603178388816678,0.09374504943252981,0.10585444733412816,0.011832144904918475,0.049316419092655175,0.4,1.0,0.8,34,10.842620328510083,40.73018431366084
6,26,0.10371843256054433,0.1615492114192781,0.15544726218843719,0.135785762049608,0.09488959083350669,0.10581786253590272,0.011742804370376314,0.049213736445427356,0.4,1.0,0.8,35,10.79788473255353,40.118773125597095
6,27,0.10325475201670362,0.1589142485982792,0.1527918454227739,0.13313026920250975,0.10091222701587765,0.10618078496316752,0.011524404773781487,0.04926593490528577,0.4,1.0,0.8,36,10.672159500104724,36.323545162125285
6,28,0.10363257424396968,0.15811114699739434,0.15197762817750007,0.13321742844147746,0.09810499674397606,0.10655342522913558,0.011775969721324364,0.049529317397864384,0.4,1.0,0.8,37,10.762928358834383,34.17812530460564
6,29,0.11050745960471088,0.16508982764569935,0.15956322324338157,0.14076802672459215,0.10099500629614425,0.11154093382814072,0.015690602938179678,0.05075399397703047,0.4,1.0,0.8,40,10.39176144904892,31.37856922486744
6,30,0.11012130527463551,0.16318667847836035,0.15764585773144843,0.13956074082656317,0.10343702294281643,0.11238060117913647,0.0156481615231019,0.050276002378608985,0.4,1.0,0.8,42,10.400394128797132,28.791681459323364
6,31,0.11079794354013717,0.16232847445585757,0.15677324858941866,0.13921063370931003,0.1035563014085768,0.11494034498240124,0.015608678968550954,0.05026374795181815,0.4,1.0,0.8,45,10.339374859347089,31.014314209633508
6,32,0.10980980186363101,0.15647979169344475,0.15087914185830062,0.13392373380089725,0.11007578364645038,0.11462877130546187,0.01563120228913779,0.05031582809805894,0.4,1.0,0.8,47,10.293374782125843,31.672908362266504
6,33,0.10737513714034289,0.15165051819050457,0.1463304896249027,0.12968139329628742,0.10401668867787091,0.11351893312468878,0.015142244532041209,0.04901998866783942,0.4,1.0,0.8,49,10.181940626824172,31.67034818768585
6,34,0.10734477672687479,0.15149503582213655,0.14647682551016428,0.13022204109693886,0.10014285289096397,0.11350432651361582,0.015138140586221004,0.04904440571210887,0.4,1.0,0.8,51,10.176405086162974,31.603162541753274
6,35,0.10646823729985902,0.1471022042787692,0.14205134430925703,0.12747585337070622,0.10354644497911776,0.11310294894334853,0.01516093999636642,0.04892990084015502,0.4,1.0,0.8,54,10.124099066844728,30.897843558061734
6,36,0.1060212681498442,0.1458684223092002,0.14081022093941026,0.12764039704042315,0.09977819399106713,0.11327185505488242,0.015092449202121659,0.04855126352449262,0.4,1.0,0.8,59,10.03241761434309,31.665277349194128
6,37,0.10631889710916237,0.1455823318310779,0.14082168196266664,0.12776426603802504,0.10195858014539072,0.11334609096966161,0.015198378940688467,0.04890660001502947,0.4,1.0,0.8,60,10.014396163657135,31.55738776974936
6,38,0.10576523612135574,0.14340525198388446,0.13862957977094814,0.12613036846509046,0.10216079196658542,0.11165179157970151,0.015518722206883448,0.04902670786392878,0.4,1.0,0.8,62,9.875022896700925,31.51959891186576
6,39,0.10661341950293421,0.1436804096631996,0.1395052487290694,0.12757617794174286,0.10123796200687465,0.11331308699185123,0.015580934254870926,0.04934724893690839,0.4,1.0,0.8,65,9.938216073296989,31.19002354720609
6,40,0.10679715739072462,0.14268867554457465,0.13880563883282643,0.1273814778243922,0.10508565367779055,0.11334789099705489,0.01581493405505561,0.0495484656810739,0.4,1.0,0.8,66,9.926081589213034,31.3375119840665
6,41,0.10574453767078884,0.1401586075538208,0.1365648853284774,0.12555549338077648,0.10536101629691574,0.11217088532584336,0.010907554275292873,0.05530349089016989,0.4,1.0,0.8,67,9.777911471831716,31.50872990406047
6,42,0.1056164525205619,0.13964491224583273,0.13604759902601127,0.1255720507200598,0.10126231259793986,0.11206615479138601,0.01091191964232701,0.05527488239402276,0.4,1.0,0.8,68,9.787563516769165,31.52568096554824
6,43,0.10617978506224168,0.13985548734257364,0.13625494036444324,0.12649014227301814,0.10176101428923821,0.11237123570484182,0.011414964523103335,0.05527402494082293,0.4,1.0,0.8,69,9.73937308560112,31.07669162169105
6,44,0.10547457302658783,0.13838998891950763,0.13478242147101815,0.12562600994255002,0.10129449661617074,0.11215210953216632,0.010858703408733067,0.05536332549772579,0.4,1.0,0.8,71,9.704086658564824,31.218148493800825
6,45,0.10542748719607428,0.13796014565200776,0.13465199163396357,0.1259717368667513,0.10084573485390633,0.11213254607299099,0.01089831229027778,0.055367836507086446,0.4,1.0,0.8,73,9.700981529345649,31.2024347078002
6,46,0.10508451360042179,0.13709031810363956,0.13377731581251856,0.12705132363953475,0.10023986826253113,0.11138908040693504,0.010949333988422506,0.055361666370258834,0.4,1.0,0.8,77,9.663784243855998,30.69545148552902
6,47,0.11238984605023039,0.14175928653412592,0.1387250648002954,0.13398831866848818,0.11212845148874481,0.11344993740942977,0.019327997162589292,0.053577711399071415,0.4,1.0,0.8,79,9.680995825563352,32.065622721510444
6,48,0.11238984610742925,0.14184929244772795,0.1391188016902019,0.13560702079946457,0.10757018254142844,0.11344993740341831,0.01932799716843101,0.05357771141227073,0.4,1.0,0.8,81,9.68099583865708,32.06562275856828
6,49,0.11342032651852726,0.14270888465318937,0.13997683509772454,0.138052945311823,0.10881328579623203,0.11349085906434402,0.019574177452875693,0.05457419057268035,0.4,1.0,0.8,84,9.68291936943158,32.009154095260435
6,50,0.11219826599972729,0.1414899089805211,0.13875788416648607,0.13877113287132922,0.1074107952959133,0.11272927835646096,0.01936393922334214,0.05368955443290393,0.4,1.0,0.8,88,9.659832413517192,32.04923863672861
6,51,0.11529063881987651,0.14378024840622766,0.14073792151136943,0.14050265544546353,0.11322053087319735,0.11232174454169039,0.021380583658749463,0.055390068983136,0.4,1.0,0.8,89,9.656403363841395,35.40207250120776
6,52,0.11131710523320228,0.13962271206925977,0.1371845791697266,0.1374423205769762,0.10705406817986383,0.11392826594643095,0.01891701797442705,0.052777092187608864,0.4,1.0,0.8,92,9.74155091959783,35.40052073485819
6,53,0.1113285165700023,0.1386917664807214,0.13563909986912398,0.13763741362704152,0.1095213007107874,0.11377389452029765,0.019057747488515603,0.05285444469107945,0.4,1.0,0.8,93,9.729427202223036,32.50243185265073
6,54,0.11115051980035125,0.13837118618217936,0.1356201571960753,0.13852547462685602,0.10705844934006864,0.11353097218065607,0.01904360376706051,0.05282040190966223,0.4,1.0,0.8,95,9.638322637795646,32.32697829752568
6,55,0.11529219875489967,0.14221408329904484,0.13946029999275378,0.14334330431195427,0.1114763662745975,0.11229303466878829,0.021308739818642567,0.05584819729631181,0.4,1.0,0.8,97,9.663392762942053,35.446508480430104
6,56,0.1150165439419635,0.14128687519724484,0.1385271091433094,0.14271664467591963,0.11298826533727713,0.11233589454483821,0.0213916117066556,0.055516085235011815,0.4,1.0,0.8,98,9.663048668704397,35.46785616850287
6,57,0.1564232199115286,0.18257215724233855,0.18223492311778508,0.19062595952827976,0.15232971973195464,0.11493932268209484,0.011942047483071531,0.11796155161663491,0.4,1.0,0.8,162,9.454309787236385,34.235145265176214
7,0,0.9300282590981627,0.8852850198540357,0.8843846839666273,0.8803655138369915,0.0,0.0,0.0,0.0,0.4,1.0,0.8,1,241.4859715670441,1347.157118780107
7,1,0.900879555374804,0.9062111471455675,0.9051534798537928,0.9008412148839796,0.06984422469735571,0.10196520406576352,8.346508151239509e-05,0.00012009712984608,0.4,1.0,0.8,3,223.85759526010085,1259.7020391117308
7,2,0.8628574430074798,1.0842843023589306,1.0822124743992296,1.0742385828506182,0.7216901791342644,0.0989337853552924,0.07629310114756753,0.29048140753590196,0.4,1.0,0.8,4,128.4146651250029,718.5887438631855
7,3,0.8203419750041085,1.0620586056239523,1.0598308991494654,1.0520170184557385,0.3749540501825046,0.09974461298686932,0.07564675572069436,0.2879281389048645,0.4,1.0,0.8,6,118.68941183195986,675.5401131120827
7,4,0.34751801400282584,0.6572785752919353,0.6542494729187093,0.6421803309813381,0.4861018667524656,0.09933949390218748,0.0038297553400182876,0.04780582213353213,0.4,1.0,0.8,7,72.45973855355149,247.7034266088273
7,5,0.34338187232057554,0.6543951887068402,0.6512558509357866,0.6387630184497854,0.13306482314229678,0.09888000334584944,0.0076178927384408365,0.057259178867521895,0.4,1.0,0.8,8,68.56220764592115,290.3591143815169
7,6,0.25518512388117087,0.5584289485272627,0.5545935321188238,0.5402703015195223,0.3417708241234623,0.10553972466498021,0.004286352246570835,0.04899350293365669,0.4,1.0,0.8,9,49.20519356730382,173.6902085943655
7,7,0.2529118649975887,0.5518487071751313,0.5478849459083741,0.5330691000505308,0.14212960502361469,0.10158696033919097,0.008074489644993353,0.05844685966764648,0.4,1.0,0.8,10,46.190155745290944,210.76348811079416
7,8,0.1980900091614991,0.4636544296551377,0.45931113345199176,0.44204029549618934,0.34552375395446294,0.11045924694477298,0.006424086696084157,0.05455408848519255,0.4,1.0,0.8,11,33.43153903237706,122.49587966194834
7,9,0.19940386470759516,0.4574935030638531,0.45303242026530316,0.43531031800328274,0.14607809077602937,0.10419668808123103,0.010212224094506686,0.06400744521918235,0.4,1.0,0.8,12,31.63758094763641,151.84494499699144
7,10,0.16991395462517786,0.4102852876955459,0.4055656457065744,0.38742860640803656,0.18387913139603165,0.10228039274841624,0.006137886664268725,0.05222968012891601,0.4,1.0,0.8,13,29.0557889338324,95.98261799895268
7,11,0.1790461119623865,0.41286530817705425,0.4080563763399416,0.3898017901022707,0.1356251972511183,0.1029864818852306,0.010290325868220554,0.06414395425546394,0.4,1.0,0.8,14,27.08931627045808,132.89340097875635
7,12,0.16151553226642876,0.38984138818284364,0.3849595758673835,0.36679701346780125,0.11575303299383585,0.10237673532362815,0.006221351745781119,0.05234977725876211,0.4,1.0,0.8,15,26.711717919420195,89.77210036834539
7,13,0.16217973949251363,0.36515303092280305,0.35964458469034744,0.34095049580056025,0.22900423027307412,0.10282485290272163,0.006491758164654447,0.0724492689066843,0.4,1.0,0.8,16,22.40719185194536,68.71241152789798
7,14,0.1513240367284422,0.326098697355954,0.3202722461331925,0.3003553879854151,0.21881367907413857,0.10098650412186023,0.007074782149934984,0.07446676519842234,0.4,1.0,0.8,17,19.23450876172945,87.62602868955099
7,15,0.14312433050785045,0.29939307147667144,0.2933645412406901,0.2730703452925759,0.1431780185926678,0.09818610331353037,0.007172972881940553,0.07454084213418669,0.4,1.0,0.8,19,17.493922749857465,83.91444790001908
7,16,0.25735467144008994,0.34144180275191105,0.33498446705526197,0.3119622052286978,0.5105547478892133,0.10133522335956775,0.0029912259570319616,0.2473266326246398,0.4,1.0,0.8,20,11.68762347663132,48.426372757631285
7,17,0.2432901822428697,0.3273366051547034,0.32118184805440975,0.29858458543337796,0.22750700456696785,0.09960767911437168,0.002577754683202148,0.2311533154039548,0.4,1.0,0.8,22,11.741311362929814,50.71583321983942
7,18,0.235508633345486,0.31190225341842304,0.3053708910974472,0.28313534957103953,0.2480101189348025,0.09899962051591568,0.003495382911830705,0.2227278052982519,0.4,1.0,0.8,23,11.401050379477802,53.949527736228205
7,19,0.23947884784394086,0.3085803470231208,0.3022821948615691,0.2795512660488424,0.25278272310792155,0.09799348645886892,0.0026759454152077153,0.2312273923397191,0.4,1.0,0.8,24,10.932780836560331,50.0116273415396
7,20,0.23403252457922796,0.30052931152401946,0.29390351147531263,0.2717274937219354,0.23070055484713492,0.10255867506894911,0.0032731586293156126,0.22205411662122465,0.4,1.0,0.8,25,10.848343971283066,48.98559375592531
7,21,0.21479920322491758,0.27902260283591385,0.2720723222798283,0.2512227615769948,0.21077113203732503,0.10740099688841157,0.003536649603863062,0.19583223398015864,0.4,1.0,0.8,26,10.719606822926076,39.51820224135744
7,22,0.23219035820234565,0.29152139684417117,0.28482775426824497,0.2630733297101001,0.23887703413135752,0.10130135838969304,0.003323720895696644,0.222163133492793,0.4,1.0,0.8,27,10.64606474799714,49.00373951073379
7,23,0.2507187013145465,0.30584412842170156,0.29941379077918817,0.2782400643673994,0.25581518886879995,0.10147271803148279,0.0027799815196234414,0.24699018088474003,0.4,1.0,0.8,28,10.6001559087024,46.823493726667984
7,24,0.23270031333733757,0.28599391717038514,0.27924348756706624,0.2587597957039907,0.22529332098227564,0.10072313248908529,0.003323641968037776,0.22459137913105182,0.4,1.0,0.8,31,10.238615054727084,59.26273196846974
7,25,0.24851560354554159,0.29869994523565113,0.2925261707469289,0.2715883730060167,0.25104134121913835,0.10084669926429175,0.0024642607484491093,0.24616903733143142,0.4,1.0,0.8,32,10.241320099602683,45.00413739960602
7,26,0.25272642499606446,0.30253612566425786,0.2963588834805765,0.27743123660574115,0.24427858532579472,0.10118088267513117,0.003895114987702081,0.24956685528640418,0.4,1.0,0.8,37,10.448299199786312,46.90954648452078
7,27,0.2497348026170375,0.2994338770188777,0.2938615289220936,0.27730707322260995,0.241251222273167,0.10181097547609452,0.0030194518086723494,0.24667645200666305,0.4,1.0,0.8,43,10.440544686262587,46.62982138643796
7,28,0.24955039967467263,0.29871277108407807,0.2934382898932913,0.278360581166823,0.24173751921819875,0.10137015047887543,0.002888189514022679,0.24698018259199075,0.4,1.0,0.8,46,10.308267230308816,46.86732764424857
7,29,0.24975862951060365,0.2980807573169408,0.2927984508600214,0.27949478304832853,0.24283018469097511,0.1013944169263554,0.0028805403481690812,0.24743791971223947,0.4,1.0,0.8,48,10.286693227952576,46.94015614798409
7,30,0.2534607940256371,0.3010239913449661,0.29573461835285186,0.28128078074953805,0.24783293887903082,0.10155023933087803,0.005018363760472875,0.24949547125063448,0.4,1.0,0.8,49,10.351353952177298,47.06084964782874
7,31,0.2505120068432331,0.29744870358325187,0.29215343212740685,0.27970250568945537,0.24455542248485304,0.10143641990318293,0.0029603424887697806,0.24858673045372223,0.4,1.0,0.8,50,10.304813885291734,46.97685516761236
7,32,0.24634486910205472,0.2932443612784823,0.287948750686298,0.2754966571078684,0.23831139907254095,0.09961995227076784,0.0023308204077340253,0.24508214332510136,0.4,1.0,0.8,52,10.014284520609587,44.514896245134025
7,33,0.13517587761441047,0.1796904612156528,0.17558439505752843,0.1768155565478277,0.1278497145456932,0.10320883925768949,0.01572958227542328,0.0882198515926739,0.4,1.0,0.8,88,9.94176161730834,58.3470807218163
7,34,0.14126150903928247,0.1847587737448534,0.18185515365157648,0.19368995509771908,0.13410413428428353,0.10005006490004656,0.014038430567973015,0.09983916404849555,0.4,1.0,0.8,115,10.050771745523264,69.78903470868525
7,35,0.13997400480173283,0.18289704628270392,0.17998806378376542,0.19147023105895522,0.1347054692588112,0.10107350549908596,0.013452740302668045,0.09858224543828178,0.4,1.0,0.8,116,9.961637492102907,69.04006403172009
7,36,0.13992116598047621,0.18234624548558773,0.17943262109284733,0.1918934605487997,0.1344854502110026,0.10097893480013398,0.013416564369301224,0.09872304116651116,0.4,1.0,0.8,117,10.12366932468557,68.96423652781337
7,37,0.13973769339802164,0.18209955772304037,0.17918535120739523,0.19264028501783803,0.13283018309850791,0.10101913953211925,0.013341487314421785,0.09858192519689586,0.4,1.0,0.8,118,9.914388812768784,68.89473581403736
7,38,0.13933857466667315,0.17994084094857052,0.17670731820532115,0.18977213215387007,0.1382110010127014,0.10102996385605671,0.013270688898106262,0.09854714311950133,0.4,1.0,0.8,119,9.851264331862458,69.01720771120115
7,39,0.139072172662753,0.1795272574619186,0.1765953344261239,0.19230743469920186,0.13239812638580667,0.10009147184110886,0.012550377251460281,0.09963766892248274,0.4,1.0,0.8,127,10.048345879605137,68.90184816637999
7,40,0.15307297163215916,0.19265125634844815,0.19031710394336926,0.2059985098802915,0.14768879253121978,0.10056608765792999,0.017577567122461186,0.11085662826237097,0.4,1.0,0.8,130,9.826398313647248,68.12848932830615
7,41,0.15320185736585534,0.19273339385233557,0.19039879117829808,0.21098313844139338,0.14665808750149845,0.0991347775274736,0.01763746667243948,0.11166896956277436,0.4,1.0,0.8,135,9.820792503664096,68.0758716844547
7,42,0.15320185736585534,0.19282339975194102,0.19079257341037376,0.21205520001060618,0.14662659283442478,0.0991347775274736,0.01763746667243948,0.11166896956277436,0.4,1.0,0.8,137,9.820792503664093,68.07587168445471
7,43,0.152946538204513,0.19246073055552798,0.1907318849958966,0.213364014817602,0.1467431514652431,0.10040128695982158,0.017559801616436138,0.11085821894679396,0.4,1.0,0.8,139,9.820744680919962,67.7916266057867
8,0,0.9198805902722161,0.8824767303106821,0.881554323147896,0.8774509968383972,0.0,0.0,0.0,0.0,0.4,1.0,0.8,1,251.9048862840797,1329.1297799137778
8,1,0.8942487883255075,0.9009890615480486,0.8999268356366767,0.8955977479777497,0.0620085908832082,0.0903831703478042,8.295834010699271e-05,0.00011060405172968,0.4,1.0,0.8,3,235.39129935588585,1196.2884832735238
8,2,0.5146884653255847,0.765267332040185,0.7632537987714174,0.7552449893467905,0.5212528481775383,0.12682057729148616,0.0026392921049278634,0.00880534000423104,0.4,1.0,0.8,4,119.0591691363419,594.1129814471676
8,3,0.4794702146072659,0.7452820409362446,0.7431139033269619,0.7353650037189569,0.08850705065143752,0.12555017927404374,0.0027233755295108996,0.00897293944139939,0.4,1.0,0.8,6,111.99682137671876,569.2016440546845
8,4,0.40000075092448956,0.7087919837286871,0.7058075803845731,0.6951443803190511,0.42736569512613226,0.0992541986092249,0.01633916379749025,0.08948847702138636,0.4,1.0,0.8,7,65.30770544457621,413.72785652600095
8,5,0.3555358401760726,0.6671679149667992,0.6638518367065176,0.6528555680925439,0.18917023324548138,0.10025542406102741,0.0164189634640904,0.08968397668724301,0.4,1.0,0.8,9,56.76934615511093,376.3325522825781
8,6,0.34351996309835175,0.6539416542282613,0.6504515554055155,0.6394633522775781,0.20116297211247036,0.10148768660330221,0.018664793876784005,0.09743684752771996,0.4,1.0,0.8,10,54.68657192841036,319.2377614576298
8,7,0.2573039965763836,0.5376016197096842,0.5335182848995222,0.518638110308597,0.46444547685144333,0.10469071602630861,0.018119633090662526,0.09385041444184342,0.4,1.0,0.8,11,37.20293151257844,282.8816932498135
8,8,0.24678656997271392,0.5150520027687204,0.5107542717391804,0.4950550830131733,0.2186014690525462,0.10440009827020902,0.019769906299146833,0.09789338698266162,0.4,1.0,0.8,12,34.651020523844416,263.3938907109433
8,9,0.206191363004681,0.430862762757473,0.42593317947422843,0.4085872099326125,0.3684753590754994,0.09993281524323988,0.019425515406490096,0.09596035178101332,0.4,1.0,0.8,13,25.806350768324105,221.7115681931554
8,10,0.18587030849278935,0.3779995825078257,0.3726705595300994,0.3540481503388718,0.2083637196570364,0.10068490018614007,0.01784523251867856,0.09508405094491232,0.4,1.0,0.8,15,21.796946419973214,181.63791452290008
8,11,0.1813128204175018,0.36524287470302874,0.35981977475835564,0.34173860005698,0.15070160676598565,0.10064023537024169,0.017617950055741752,0.09442698020800414,0.4,1.0,0.8,17,20.95279485325201,174.45415279762395
8,12,0.17826166544370964,0.3577646387403632,0.352596829173816,0.33434074682069737,0.13996911223860803,0.10113630340663612,0.017124055157746464,0.09308188153009736,0.4,1.0,0.8,19,20.13649497028093,161.6110580847647
8,13,0.17998335972072227,0.3585113716352573,0.3533325501188133,0.33462486351683146,0.13820773526821398,0.10068490015441571,0.0178452325590482,0.09508405105095122,0.4,1.0,0.8,20,20.33198104294505,175.5694606719479
8,14,0.284013946198905,0.41410808433592206,0.40810792387672756,0.3897826105120421,0.44627684323788763,0.09700349877054042,0.052225186756177086,0.2059755723381679,0.4,1.0,0.8,21,15.299894214072191,81.74370149715304
8,15,0.4486642573832398,0.5583448953603356,0.5521387708122303,0.5332836255553182,0.4638866024879957,0.10663847724770567,0.08844459832245853,0.368979028205474,0.4,1.0,0.8,23,12.810421496871454,66.3335435387805
8,16,0.44551309004324646,0.545814621805663,0.5395155792055689,0.5217480300334982,0.43695896634029563,0.10567198025390936,0.08701068058491601,0.37038918857019554,0.4,1.0,0.8,26,12.746988050958908,85.94949892253933
8,17,0.39606506335454295,0.4777146493356728,0.47153657685801165,0.45341554392232086,0.39753743236933253,0.10340743190276089,0.07507020190206731,0.3303215305138716,0.4,1.0,0.8,30,11.907479295890484,68.32310696262998
8,18,0.39576195351189036,0.4634135331821323,0.45710145463050567,0.43929346469311237,0.4080939005979032,0.10336900621923725,0.07577093934948145,0.3329351624803471,0.4,1.0,0.8,32,11.175568283101263,65.02231766715522
8,19,0.403168361289181,0.465988578006455,0.45963081308897924,0.44137199972280716,0.4083807065688395,0.10467214814025452,0.06900884895097868,0.3512306339271214,0.4,1.0,0.8,33,11.0257773169025,56.43683462505725
8,20,0.3894549537386554,0.45051349131702595,0.4441390667116545,0.4258160074248444,0.3845765079873592,0.10487260024325502,0.056870250428947854,0.3496095441028781,0.4,1.0,0.8,34,10.954699845670891,50.16939578427036
8,21,0.39693888327921123,0.4531767802718327,0.4467567817439799,0.4290172940879189,0.4038716079566965,0.1051885526326473,0.06771320711049303,0.34648052266144386,0.4,1.0,0.8,35,10.994548308835514,55.52140576719359
8,22,0.4063776408289071,0.4625491466774473,0.456128409732353,0.43886718816423353,0.3970209668466256,0.10519077689181655,0.07019416755185345,0.3552180413738388,0.4,1.0,0.8,36,10.652462952738087,57.54963127570331
8,23,0.39138121952775584,0.44190412059000495,0.43543060821630375,0.4179660350040414,0.40148182061136334,0.10576715003418968,0.05782186999404532,0.3529941459542283,0.4,1.0,0.8,37,10.413315233330446,50.89829121783366
8,24,0.4048837902364903,0.45329805201585194,0.4471077486834709,0.429938897456968,0.40394736078229937,0.10519077689181655,0.07019416755185347,0.3552180413738388,0.4,1.0,0.8,38,10.335809599521772,53.92889290588523
8,25,0.3542311083971689,0.40167459798180094,0.3954752268930851,0.3797155085258622,0.347641740297371,0.10733271767728003,0.06368078780385995,0.2992033960100279,0.4,1.0,0.8,40,10.4481052165104,51.83170742598307
8,26,0.36579522440325807,0.4114796537975097,0.40526386067661224,0.3891529357988147,0.3639072463248142,0.10906679917441968,0.05818119151580828,0.3200810990502325,0.4,1.0,0.8,41,10.39109438263781,42.89837166819181
8,27,0.3674105273408456,0.4106177978589528,0.4043789407950892,0.3886801235322626,0.3684103923251058,0.10917924009660711,0.05845746882306953,0.322275182275775,0.4,1.0,0.8,42,10.323033421085547,43.150836459824646
8,28,0.3642761837138443,0.4022095110938332,0.3959216919676701,0.38062156669010827,0.36676615320886174,0.1090152851930479,0.05870737601346827,0.3193307168804506,0.4,1.0,0.8,44,10.15083961728578,42.48230948204856
8,29,0.36268754095521866,0.400574880213871,0.39458968684646556,0.38147656677496217,0.3562911355113699,0.10857439363588832,0.0666534216421868,0.3076634331504787,0.4,1.0,0.8,50,10.01929268281873,51.45618765782664
8,30,0.3688432712750146,0.4028008888221765,0.3967793499041033,0.3835275367396077,0.3764175425232706,0.11036762885202411,0.05939028003527132,0.3244156809990801,0.4,1.0,0.8,51,10.060003005281567,48.80152521465643
8,31,0.3664000421568754,0.39966661392740666,0.3936386836298327,0.38089573396484605,0.36308755418205074,0.11097535285531768,0.05895715156925968,0.32175102870556854,0.4,1.0,0.8,52,9.913736926770335,45.54897388854799
8,32,0.1998300000618378,0.23233120468512386,0.22690207027304124,0.2163046772146184,0.19470084462654436,0.10946634460875329,0.017679041580098163,0.16609820626991856,0.4,1.0,0.8,61,9.966632636614843,48.14411894863345
8,35,0.19992327606137605,0.22611474857643615,0.22062760465941592,0.21132982527194893,0.20294833779504437,0.11060708876528555,0.017321862678231645,0.1674467019289855,0.4,1.0,0.8,66,9.776239166636348,48.48864699562624
8,36,0.19867400580934266,0.2244293591591046,0.21802928933424726,0.20571990929964412,0.19486175623624502,0.10897590430539197,0.01727845288486489,0.16679015551974286,0.4,1.0,0.8,67,9.875522025724658,48.04575482773275
8,42,0.21293119001161825,0.23015871631128154,0.2258014064174262,0.2222668384565887,0.21356987227585147,0.10625963667556522,0.008146244184125295,0.19927542230294035,0.4,1.0,0.8,82,9.651885089156348,39.249219423513246
8,43,0.21810778571264694,0.23300810227828445,0.2283266653941564,0.22959885056863613,0.21607344676825757,0.10010376097050773,0.005947231973204714,0.21202138996532827,0.4,1.0,0.8,98,9.579911325646462,45.1720212872086
8,44,0.21846757867562872,0.23307633373090328,0.22839223083060478,0.2306166542857276,0.21649956116278649,0.10094337446692228,0.005927567698220474,0.21213401475392288,0.4,1.0,0.8,100,9.557485910959045,45.21282450952391
8,45,0.21814100972785516,0.23156480005910718,0.22686990717311076,0.2293739119096611,0.21983129013539948,0.10074339235991954,0.005985576669583517,0.2119884741876017,0.4,1.0,0.8,101,9.535141520241345,45.84602315699146
8,46,0.17172465050937485,0.18474832875656963,0.18065579448449787,0.18563067963956903,0.17019426907037122,0.10010682829232645,0.005473576226409546,0.15504089299911333,0.4,1.0,0.8,104,9.40564224533605,47.36665756818832
8,47,0.16770014059010446,0.1798591319748945,0.1757587527250722,0.18070361556451928,0.16710309556601724,0.10052790135651697,0.006047243537844722,0.14925287153960395,0.4,1.0,0.8,106,9.381480814759472,46.91419562702613
8,48,0.17122298725754317,0.18354800840918586,0.18005502653967673,0.1861715603274003,0.1691950427079647,0.10007824441168314,0.0053971441311080484,0.15469662123314895,0.4,1.0,0.8,111,9.400460080177275,45.683455873936985
8,49,0.17119990938656965,0.18347891631961885,0.17998549795983868,0.18642705809015048,0.16924690546939297,0.09975321280656799,0.005539783608646146,0.15466105408947273,0.4,1.0,0.8,113,9.351761036765389,45.84574339966986
8,50,0.24113156756172502,0.2525666574362484,0.2478537151277327,0.25548285861460795,0.23998465081879694,0.10535219844006098,0.01588586474803649,0.22643843084799964,0.4,1.0,0.8,115,9.44971497740639,46.49625463424026
8,51,0.24415289684454794,0.2552328029807883,0.2508195687860096,0.26069665335270664,0.24256502215940204,0.10540336362035596,0.017701717607584683,0.2280068280285117,0.4,1.0,0.8,120,9.415400133426926,51.49395183380544
8,52,0.24114646949335006,0.2512995115212487,0.24687788904697167,0.2586826528048909,0.2402080418514676,0.10445061252833224,0.01598741743129574,0.22704900539818187,0.4,1.0,0.8,124,9.352217980873364,49.79988245104549
8,53,0.24037190558987354,0.24985925966114178,0.24512860586228846,0.260246799366293,0.2390139025869391,0.1055885139733653,0.015814987075749437,0.22583928498418585,0.4,1.0,0.8,133,9.368004141865663,46.08854621249263
9,0,0.9632993941798542,0.8942893014628068,0.8934595456337232,0.8897105196048011,0.0,0.0,0.0,0.0,0.4,1.0,0.8,1,209.8085151809085,1341.542105955278
9,1,0.9288969634341745,0.9123126838524662,0.9113259478156644,0.9072845304338956,0.06687346637455821,0.09466030442865976,8.412122249237467e-05,0.00010835683126481999,0.4,1.0,0.8,3,194.31831230576088,1254.2270293155111
9,2,0.8923808901727489,0.9163440861254787,0.9152233700668898,0.911264601984967,0.10833000075976251,0.13956621988920687,0.0011058299896999928,0.00275084791023846,0.4,1.0,0.8,4,184.54202407483064,1083.628357454457
9,3,1.5232812895242145,1.8307888314412308,1.827650997995195,1.8159924660754307,1.9773115359324436,0.23372061769381927,0.3370897385121663,1.0,0.4,1.0,0.8,5,75.73234245705936,204.12155201202543
9,4,1.4721189039841625,1.7859449438899888,1.7824815993111969,1.7703141026215932,1.2876876648343778,0.22509364863195006,0.3371675599999741,1.0,0.4,1.0,0.8,7,64.62960007740821,172.86552824475257
9,5,0.8285949367641801,1.1355359226467274,1.131846638423022,1.11729014613217,0.8312239236307499,0.16380506229883537,0.16128422613495896,0.5217244437141362,0.4,1.0,0.8,8,50.62948443728322,205.93465143568315
9,6,0.7845856447878685,1.0770811751377278,1.072952422845763,1.0573740506385394,0.7224011899201404,0.1570326924235247,0.16136204762276674,0.5219288991683368,0.4,1.0,0.8,10,41.19529554527364,171.53668633153814
9,7,0.7708936288612099,1.0527634574137001,1.0484077255799913,1.0325461028913319,0.7298404308289382,0.1466108643116074,0.163499865355921,0.5302219578607994,0.4,1.0,0.8,11,36.873556179723565,125.33882335388634
9,8,0.6583803052912544,0.9315199327526313,0.9270035320617553,0.9103323383376827,0.6043943676728796,0.1494817719609663,0.13543175668499835,0.4379073879655572,0.4,1.0,0.8,12,34.32607724048403,145.22020367861154
9,9,0.7340189276238424,0.9819344458599255,0.9773139417242225,0.9594661129096129,0.8011277862101347,0.136574313959784,0.16492146978709987,0.5353760801890564,0.4,1.0,0.8,13,27.614214170389577,86.09521778738893
9,10,0.642289218011969,0.8127118724490991,0.8074429034944475,0.7858745467066242,0.9461097135419708,0.13125036744099347,0.15298690449403643,0.4929814097680031,0.4,1.0,0.8,14,17.556058212374914,81.66899078026444
9,11,0.6285895073420078,0.7634435020016065,0.7577955135057923,0.7353818006239379,0.6684619549086099,0.12828381450852072,0.1530652964013333,0.49313155137019543,0.4,1.0,0.8,16,14.643126875287658,67.73854356979051
9,12,0.622535930378517,0.7403292796731955,0.7345069671827493,0.7118110576314853,0.6301865516713739,0.1317878813288608,0.15231976829390145,0.4911767684698359,0.4,1.0,0.8,18,13.571235711845906,58.41108553429139
9,13,0.6153674343319037,0.7067892472518156,0.7007059196531163,0.6777308163962321,0.6455408360561503,0.12959459800965537,0.1525549440157922,0.4916271932764128,0.4,1.0,0.8,20,12.035386677551957,51.64762914212344
9,14,0.5903481835723574,0.6718924416401848,0.6660164320145063,0.642929433118288,0.592580402139831,0.12858633357326868,0.1462519134989075,0.4716385803026122,0.4,1.0,0.8,22,11.852184678800205,45.64380190530624
9,15,0.5895988005976229,0.6637740911221136,0.6578272945633475,0.635136895245488,0.5888922147373041,0.1303287528639561,0.14631188718970975,0.4718167374615098,0.4,1.0,0.8,24,11.594077711925252,46.10380320550454
9,16,0.5911762438995782,0.6641701909201984,0.6579091731125337,0.6360786736798737,0.5796290771813594,0.13838342567334921,0.14611121935767327,0.47031009850502,0.4,1.0,0.8,26,11.620139706622991,52.823199967405046
9,17,0.6119976201776713,0.6843156624805797,0.6780481931488518,0.6566268626810009,0.6010532827198054,0.13047778237787194,0.15267907354419732,0.49226354933114747,0.4,1.0,0.8,27,11.49523488936276,45.99239955132013
9,18,0.6014703190832982,0.6722519283936421,0.6665757192281616,0.6452679313510137,0.5915318929204417,0.13207852373806178,0.14929423843507017,0.4829984147966355,0.4,1.0,0.8,29,11.334417227958737,47.22606186871687
9,19,0.6000096206254144,0.6647111520759235,0.6589771257050534,0.6378949263767517,0.5989683596911435,0.1293369021718776,0.15386433027917776,0.4784377868458735,0.4,1.0,0.8,31,11.04584712197392,47.10465466504213
9,20,0.599809445123761,0.6635422180340753,0.6577989992966029,0.6366814522313549,0.5917099114391051,0.1293369021718776,0.15386433027917776,0.4784377868458739,0.4,1.0,0.8,32,10.888013119176753,46.70596462272859
9,21,0.5985607985745787,0.6585308031893022,0.6527519976321001,0.6324953673162315,0.6009341507111204,0.12796917433903857,0.1538803834358392,0.4785031168235542,0.4,1.0,0.8,33,10.63453261939018,42.9015471819079
9,22,0.5303733441364538,0.5884597958664726,0.5823602246101103,0.565983028069017,0.5207363538786822,0.13525496190927916,0.1306607481760084,0.41910297905724414,0.4,1.0,0.8,42,10.972860565012688,39.008093332959646
9,23,0.5169280287487301,0.570605822932586,0.5644648070201563,0.5490230381268917,0.5150807338974905,0.13228500012394265,0.1275198891951061,0.408798794697636,0.4,1.0,0.8,44,10.798567058650711,32.31950084470035
9,24,0.5152084890423847,0.568436373496997,0.5622911412182943,0.5474022391345315,0.5073920656873556,0.1324699251964056,0.12698504518574474,0.4073354827340709,0.4,1.0,0.8,45,10.75301648968572,31.67346387820936
9,25,0.5174516866703731,0.5707210747842606,0.5648792598834802,0.5501576115275242,0.50826020189928,0.1318463287028406,0.12776969699528565,0.40948224010174217,0.4,1.0,0.8,46,10.780929211158206,38.21891666779186
9,26,0.5432140301927377,0.5899697701449991,0.5834610827004092,0.5698430332528042,0.5394252704732858,0.1361222765549533,0.1348179572237378,0.43225725984067964,0.4,1.0,0.8,51,10.371881292460596,47.09685543774293
9,27,0.5147587250794845,0.5602107192365529,0.5536898280388813,0.5397580913941844,0.5090937871668054,0.15794362341865492,0.1268337117792513,0.3960642172288392,0.4,1.0,0.8,53,10.5260642622691,45.49652265308643
9,28,0.5412524699725207,0.5802302415409919,0.5736491770889366,0.5605880107404846,0.545611257782148,0.13555021192279346,0.13483304866966625,0.43187191489686,0.4,1.0,0.8,55,9.912064940493607,41.05347721825866
9,29,0.5378983238627851,0.5760435653605839,0.5697577055174191,0.5574113678417136,0.5324055327083795,0.13537642877078507,0.13393356537422194,0.4290981637935604,0.4,1.0,0.8,58,9.900615937276289,39.97384512114795
9,30,0.5087702492121652,0.5457130748117882,0.539719130898903,0.5286556900347499,0.5068490319209268,0.15778420111929092,0.1259458453089848,0.391758351443647,0.4,1.0,0.8,59,10.387253866235044,30.4285873130571
9,31,0.528102998521403,0.5632737674028848,0.5572634093035751,0.544923603789208,0.5281354859402907,0.15100190370577632,0.1320303945696135,0.41210476250566097,0.4,1.0,0.8,60,10.201621424552275,36.18007881456404
9,32,0.5178682228399283,0.5502935797641223,0.5442578812279933,0.5336236671126601,0.521666980728305,0.15734950605299955,0.1286471825822269,0.40097083395777844,0.4,1.0,0.8,61,10.220012697654,35.59599449963069
9,33,0.536571627724725,0.5665160447472367,0.5604574892494956,0.5491472407426122,0.5398916129345943,0.15061623510136965,0.13321535166038986,0.4225454582842995,0.4,1.0,0.8,62,9.882443793156112,34.903699661779804
9,34,0.5288720933634131,0.5575387724368277,0.5514684756218634,0.5403977457980869,0.5283358363351104,0.1561076423531355,0.13163790758744576,0.4124220525200051,0.4,1.0,0.8,63,9.789384593965838,31.73150060368353
9,35,0.5235074320261426,0.5511686750615032,0.5453920822892259,0.5353795358823739,0.5225377073730353,0.15976992922678723,0.1299711622120444,0.4062026615364564,0.4,1.0,0.8,64,9.895959290207804,30.857072216390154
9,36,0.5446592763630658,0.5722654406570181,0.5667912658656173,0.5584301167558579,0.540071428692658,0.15388181810873008,0.138417456726049,0.4250595683458613,0.4,1.0,0.8,73,9.868000108563404,33.76469947776748
9,37,0.4956561240495001,0.5208684784951533,0.5144634532847028,0.5083807267850768,0.49256894134123896,0.13779910118073396,0.12172323965114035,0.3931647376809477,0.4,1.0,0.8,79,9.669277646382872,37.54979115929935
9,38,0.5385259879104636,0.56392227357069,0.5590337870436151,0.5537838121393602,0.5351867427590588,0.14699604775463224,0.13364205713546504,0.4273111712790393,0.4,1.0,0.8,80,9.839909261086747,35.43378158796457
9,39,0.5304052701362036,0.5528299129840715,0.5482171381047419,0.5443298448838538,0.5318286269208283,0.1603646304924036,0.13268654330053403,0.41230954922660573,0.4,1.0,0.8,82,9.7771177841454,31.69631219652917
9,40,0.5375429804949459,0.5583482043812852,0.5534176626147447,0.5523341221835312,0.5353613944222329,0.14904738065005127,0.13989535645551718,0.41819636194152726,0.4,1.0,0.8,86,9.710867447656428,33.74384537002782
9,41,0.5227259994567489,0.5402813593116652,0.536533019569198,0.5372797844008659,0.523866732124157,0.14014609525916494,0.13827439925297322,0.40688571112341,0.4,1.0,0.8,89,9.448820417747417,29.665685020773928
9,42,0.5223528239694808,0.5389759937596429,0.5352191517891127,0.5362479544144897,0.521177580596228,0.1402620261815766,0.1381963833702111,0.40664639383178364,0.4,1.0,0.8,91,9.386441599794432,29.41772328451558
9,43,0.5082207554207194,0.5207092962842947,0.5166118827637467,0.5171262259364764,0.5196407870148008,0.15629466041078546,0.133243858420017,0.3879597007711286,0.4,1.0,0.8,92,9.508260871962577,31.854654800603168
9,44,0.5093330737176089,0.5192465973455913,0.5154287504761983,0.5181772916356402,0.5098790855044892,0.15598365478964676,0.13391772596179874,0.389184157108131,0.4,1.0,0.8,96,9.42171957364348,30.82859783525525
9,45,0.5030317144894324,0.5121864989078403,0.5092707134352575,0.5138304550987776,0.5020063307077565,0.1596225900229626,0.12153183197151719,0.3951697508671681,0.4,1.0,0.8,103,9.471722807230478,27.45908007713377
9,46,0.5124368150094613,0.5213428209202424,0.5184247780633456,0.524879790996724,0.5110779417741442,0.15555755692776713,0.1318404808594544,0.39612069581755327,0.4,1.0,0.8,110,9.122315744074598,32.180545894941865
9,47,0.5045463246962102,0.5133752160804669,0.5110623802001799,0.5185194836765449,0.5032588508897198,0.16267800140793823,0.12162996394299816,0.3955119993433246,0.4,1.0,0.8,116,9.23034681209981,28.479437246664418
9,48,0.5044003163535797,0.5118416380569316,0.5098192483216717,0.5195465264176553,0.5048171438399793,0.15949307813447672,0.12174621886481266,0.39705840303037454,0.4,1.0,0.8,119,9.318189211248278,29.18502403736161
9,49,0.5046161641932154,0.510809320731748,0.50877563622916,0.5184481896703366,0.5077402810045244,0.1614418891811113,0.1216575534819142,0.39670246303213447,0.4,1.0,0.8,120,9.27625437194582,28.84492692987238
9,50,0.5026956040570627,0.5060868543627497,0.5046337757203119,0.5171650295263984,0.5035388308411021,0.1613079011152899,0.12136475605052706,0.3952972491495044,0.4,1.0,0.8,127,9.136157497205913,28.35503091519633
9,51,0.5143160090005944,0.5169275003095424,0.51546737363937,0.5306316022138537,0.5142950747328197,0.15630565963171408,0.13553112109210066,0.3947621196895334,0.4,1.0,0.8,133,9.05333690266913,29.583515600832108
9,52,0.5171708053842916,0.5194623408661775,0.5195142662702064,0.5480925469631382,0.5169115249735724,0.15415494356396137,0.13738983718716494,0.3972253934859823,0.4,1.0,0.8,165,9.004596208672975,29.0508784335288
9,53,0.5148491135768947,0.5156303624515985,0.5156686467978898,0.5448887346232206,0.5172329222161461,0.15612147826329395,0.1349550318778316,0.396663074771259,0.4,1.0,0.8,167,9.04040865474094,29.84634823435727
9,54,0.5172375478587956,0.5177631732088315,0.5177991816633484,0.5456053203165941,0.5171969589705594,0.15566950927152906,0.13575744202985918,0.3989186978251416,0.4,1.0,0.8,190,9.201120777098737,34.07250284647592
9,55,0.517217646923146,0.5176060921587298,0.5173378142748855,0.5394526018035317,0.5171863374664731,0.15562723843189138,0.1357566839415038,0.39892461713476096,0.4,1.0,0.8,194,9.203270807370382,34.074196513407124
9,56,0.5180924093268456,0.5183160489304071,0.5180462949207497,0.5422889260908905,0.5183187184384738,0.15772525067023063,0.13556341511175177,0.39924097442613216,0.4,1.0,0.8,196,9.136352688164006,34.326812076221195
9,57,0.5172278203394345,0.5172278203394345,0.5172590707377183,0.542901307739645,0.5177461440960752,0.15544598189493616,0.1357340072763648,0.39914427538136893,0.4,1.0,0.8,198,9.14040658557644,34.11030524424859
10,0,0.9293631093956363,0.8851018437849169,0.88420008437154,0.8801754794098869,0.0,0.0,0.0,0.0,0.4,1.0,0.8,1,243.04278526694745,1327.0991075282952
10,1,0.8997703392056553,0.9019514855782133,0.9009043045389296,0.896632582712095,0.0620709179749889,0.08800537456430561,8.353797716083603e-05,0.0001061914253493,0.4,1.0,0.8,3,227.89234374698367,1315.605015102864
10,2,0.8232748852399968,1.0532514781155298,1.051109299713012,1.0428629956632247,0.7282678884803494,0.09958912468290779,0.08578365212301,0.2507052094012256,0.4,1.0,0.8,4,138.58687077456702,811.2534433081811
10,3,0.7801941634554778,1.031024385375626,1.0287039045689568,1.0205307053407733,0.35941110750598404,0.10023805433248392,0.08585979651316597,0.250898163955644,0.4,1.0,0.8,6,127.4658097692974,775.5724404936092
10,4,0.676599868364374,0.9494389527650694,0.9468842565171071,0.9374501886292876,0.3609362989796537,0.09910777278146776,0.07154434681833444,0.20467685503675298,0.4,1.0,0.8,7,115.828347663142,627.5311506366819
10,5,0.7876082156395056,1.0982775154963165,1.0947419682644748,1.0807788170418542,1.061880839503532,0.13885094552260852,0.15890095152380906,0.46612141112340133,0.4,1.0,0.8,8,59.13053229240319,255.61773377835925
10,6,0.689183421471,0.9621120556483698,0.9575438759155387,0.9402990562299738,0.7784242211251139,0.12251368549622903,0.1595408559406677,0.46774296815961136,0.4,1.0,0.8,10,34.87266011840084,159.7295378852615
10,7,0.6537989005992146,0.8963765523276277,0.8912838458330654,0.8724332013657168,0.6988332941779812,0.11070920542692979,0.16146056919124416,0.4726076392682416,0.4,1.0,0.8,12,24.924967727120777,107.60083273914348
10,8,0.6231929983177203,0.7857550826859847,0.7800972872598178,0.7580742093253141,0.717174793072765,0.11070920542692977,0.16146056919124416,0.4726076392682416,0.4,1.0,0.8,14,17.78046364274904,75.80027026562342
10,9,0.6106810318549221,0.7380160187471007,0.7319879817760355,0.7091376850004703,0.6512507818962286,0.10526191483876797,0.16211919508438266,0.4738031986405071,0.4,1.0,0.8,16,14.626207739234228,45.919809308183474
10,10,0.5917293144945276,0.6990835988216936,0.692854321725566,0.669880448169589,0.6069143155493062,0.10536491732438047,0.157543818529763,0.46285043797269915,0.4,1.0,0.8,18,12.905092779608337,41.50353095636863
10,11,0.5892061023074924,0.683908013001215,0.6775540239793891,0.6547384461931506,0.5935935324397539,0.1066429476082325,0.15760473913179057,0.46303322974655553,0.4,1.0,0.8,20,12.267864114358426,38.96455749319696
10,12,0.5891788665523681,0.6837701914674441,0.677415098043332,0.6550144339328579,0.5710853495008487,0.10664294760823252,0.15760473913179052,0.46303322974655553,0.4,1.0,0.8,21,12.261601214592776,38.92209614959658
10,13,0.5874394852988928,0.6755534673886532,0.669135262237219,0.6465223625806639,0.5937060529043355,0.1083292218330166,0.15725960172632428,0.4624067249824345,0.4,1.0,0.8,22,11.96789885350289,41.90880374169571
10,14,0.5880158109250881,0.6760289029192951,0.6696096954482789,0.6474283237716661,0.5714747804684985,0.10731275899066657,0.15753282703689417,0.4633236253939585,0.4,1.0,0.8,23,11.863822711419363,39.95478905440196
10,15,0.5877463178606893,0.6717186775426032,0.6652603469644992,0.643161747637858,0.5861938035675065,0.11099175322998316,0.15732120134632763,0.46259822598183076,0.4,1.0,0.8,24,11.530731562696658,41.210099938934334
10,16,0.6092134816884978,0.6822125862772072,0.6756487368269977,0.6533752753551504,0.6344468288871516,0.13010275263988286,0.1637272775766528,0.4749510545223122,0.4,1.0,0.8,25,10.717555064501198,35.99960256664879
10,17,1.1558861621764835,1.2231324980272325,1.217422591528464,1.1977826667556417,1.1467055543553264,0.15705024386338856,0.3003703201510719,0.9756284158810203,0.4,1.0,0.8,32,11.307638162713374,55.06250635590307
10,18,1.1526110850568987,1.212252332867592,1.206470434154903,1.1878522029737555,1.1552049423341415,0.15279933678963092,0.3003452479455039,0.9756529546207163,0.4,1.0,0.8,34,10.848469841498256,57.94679352174479
10,19,1.1512334151456953,1.2043994671372822,1.198556652732865,1.180191918595628,1.1530921410785357,0.15063958848274034,0.3006053742039695,0.9762948004869904,0.4,1.0,0.8,36,10.485410618771684,42.95346068663228
10,20,1.1507010814036849,1.2016583316378846,1.1960977527167385,1.1788031929435525,1.1457547744649774,0.1509064339133022,0.30053486629513904,0.976140083162759,0.4,1.0,0.8,38,10.390215767215704,42.71322938901933
10,21,1.1529732960689498,1.2038809886866664,1.1983199178594592,1.1805307734722468,1.1442642882660523,0.15255455324459286,0.301468488115543,0.977001370238072,0.4,1.0,0.8,39,10.58177831614925,50.52880601527957
10,22,1.1512864554901567,1.1973228265894291,1.1917162460044062,1.1745348187958315,1.151686029336671,0.15047427301131877,0.30148897369232563,0.9770656972973087,0.4,1.0,0.8,41,10.179256331779298,42.944407093942765
10,23,1.1509417088476859,1.1966748437973738,1.1913683721121868,1.174645346530697,1.1437330910941577,0.15081039984861436,0.30135675778997667,0.9767241597677581,0.4,1.0,0.8,43,10.183026847912505,42.712478165446456
10,24,1.1933462045449603,1.2366630163496541,1.230425171966036,1.2151840464566641,1.1870900797370036,0.16627717726501964,0.3193543626827292,1.0,0.4,1.0,0.8,49,9.849439617322462,44.31349109010525
10,25,1.1872700514647514,1.2297825527028632,1.2235372641275934,1.2069162220462557,1.1813107084575871,0.15076002932770077,0.31963373083149305,1.0,0.4,1.0,0.8,51,10.16273637325991,53.16513920019513
10,26,1.1881394334692055,1.2295945579949104,1.2233394201037657,1.2072207909206687,1.18460648591169,0.15345617156259336,0.31961901166735807,1.0,0.4,1.0,0.8,52,10.009297863937682,53.262532792749546
10,27,1.1879892215484877,1.228621984480131,1.2223592280031679,1.2056711696888045,1.1837992842230702,0.15345617156259336,0.31961901166735807,1.0,0.4,1.0,0.8,53,9.961664508802013,52.90801122506961
10,28,1.187124710249835,1.225545391865483,1.2192620878089877,1.2035840433611225,1.188122000620266,0.1522579848264306,0.31963801758277677,1.0,0.4,1.0,0.8,54,9.941600343880571,49.822072031072864
10,29,1.1875684567592815,1.22318370725393,1.2171775090953942,1.2023856012597924,1.1864000130407146,0.15327408537076104,0.3201918487785778,1.0,0.4,1.0,0.8,56,9.74035653738175,49.43704468640571
10,30,1.1882642693606256,1.2235093302330962,1.2174996932477251,1.2032542514409021,1.183516222410346,0.1534551815967291,0.320880823550798,1.0,0.4,1.0,0.8,57,9.68613729877547,49.24269861113317
10,31,1.1911295287419368,1.2218255909401268,1.215773964792783,1.2035416942471857,1.2013368674961769,0.16350310328342624,0.32052482855658604,1.0,0.4,1.0,0.8,58,9.290557697527184,46.60575810031239
10,32,1.1945852781575605,1.2248331420603937,1.2193832393087374,1.209619260638145,1.1897939312147365,0.17277786791061245,0.3203793853297873,1.0,0.4,1.0,0.8,65,9.148040444904376,65.47842477855819
10,33,1.1957588989458152,1.2249605938305002,1.2191981713379811,1.2101245473912685,1.1924441632282545,0.17614214158729372,0.32037207614373703,1.0,0.4,1.0,0.8,67,9.080639292302452,66.76600882709637
10,34,1.1956914112780692,1.2234714929311528,1.2179988960472297,1.208188688631991,1.1935719382687315,0.17619498356277186,0.3205423294645076,1.0,0.4,1.0,0.8,69,9.026525720488534,61.69930483877811
10,35,1.1950959195284647,1.2228629453578588,1.2173902638889826,1.2093652769486787,1.1904729975743555,0.17668305901313114,0.3197539335786783,1.0,0.4,1.0,0.8,70,8.957951264433605,61.94393455245558
10,36,1.1944866398893665,1.2219248001687177,1.2164490885048624,1.2087167814077526,1.1909812919993434,0.173904511987957,0.3203120175789748,1.0,0.4,1.0,0.8,71,9.018424835255509,66.96690285845496
10,37,1.1937696219575846,1.2188683864441199,1.2130682687982148,1.2056508428157091,1.1971182889842686,0.17297411125035797,0.32034798151366395,1.0,0.4,1.0,0.8,72,8.911203709771844,66.04648673715306
10,38,1.1860945178474427,1.2106163743302754,1.20632574271783,1.2033666571083033,1.1822818618066293,0.1651206928933924,0.31598665343609844,1.0,0.4,1.0,0.8,86,8.895064872110842,41.53398916718025
10,39,1.1862400672696864,1.2091107783889337,1.2048050104833985,1.2021264951962025,1.1852317869812434,0.16556000727129438,0.31623175684286625,1.0,0.4,1.0,0.8,88,8.820093172534305,40.88927936461244
10,40,1.1862367722457114,1.2091776675389336,1.2051755703585494,1.2036888289789731,1.1824891445065833,0.1655600072712944,0.31623175684286625,1.0,0.4,1.0,0.8,90,8.817996041376777,40.88482957148675
10,41,1.186156189228813,1.2077691194626419,1.2037548579524118,1.2028632559062626,1.1870554929334145,0.165288602125799,0.3164794503953321,1.0,0.4,1.0,0.8,91,8.757066597478072,41.05633112779667
10,42,1.1910668541009608,1.2114578192042968,1.2080382753012007,1.210754330805572,1.1881636467977117,0.1651266897530948,0.3216852270774563,1.0,0.4,1.0,0.8,102,8.838372078076606,41.824432482072005
10,43,1.1910249042039127,1.2112492410795275,1.2081312100850665,1.212095022994255,1.1881658663490362,0.1651266897530948,0.3216852270774563,1.0,0.4,1.0,0.8,104,8.815984523164614,41.74241698023438
10,44,1.190964646450968,1.210338021315112,1.2072121826588604,1.2121616243411366,1.1906675170267422,0.16551096254693437,0.32161009940200597,1.0,0.4,1.0,0.8,105,8.847309905605625,41.804178682421885
10,45,1.1911265710943169,1.2095320229861621,1.2067003192309775,1.2115812390535363,1.1916920445032892,0.1660980121391583,0.3217089457813658,1.0,0.4,1.0,0.8,106,8.76110983733833,41.552778806836606
10,46,1.1923397046237323,1.2099329032780337,1.2067908645537992,1.2116252806425807,1.1918961071247993,0.16929981931913946,0.3217580801084032,1.0,0.4,1.0,0.8,107,8.589403102381517,45.0680829196801
10,47,1.1926322047702784,1.2102657722068453,1.2074270232398716,1.21293429936498,1.189945077606584,0.17013287186278658,0.3217253821495851,1.0,0.4,1.0,0.8,108,8.649108707518904,45.091962448910266
10,48,1.1924537823672179,1.210016652134251,1.2071772687455675,1.2130086541932639,1.1898481256081694,0.1699154187996123,0.321645338527096,1.0,0.4,1.0,0.8,109,8.630429082310343,45.13414715269509
10,49,1.1787716842168585,1.1946470238363682,1.193004139575651,1.2029240041801168,1.1767142855322457,0.1773141502014516,0.30533212128903536,1.0,0.4,1.0,0.8,124,8.573396581177372,63.979356141059576
10,50,1.1876371221907243,1.202738279574286,1.2023002225764703,1.2267323396580707,1.1854220945630296,0.16660808910702238,0.31866044411669237,1.0,0.4,1.0,0.8,156,8.710935095284343,39.65038410256446
10,51,1.187589351618788,1.202665581046857,1.202530209155834,1.2273514329138426,1.1854660303150044,0.1665113328990083,0.3186696051981587,1.0,0.4,1.0,0.8,158,8.712344689876112,39.664397432678086
10,52,1.1911754077837555,1.2062059331595691,1.206979062925638,1.2412407443342999,1.188956041100573,0.16575687110216075,0.32260746119432687,1.0,0.4,1.0,0.8,181,8.759704854139683,40.01524567877305
10,53,1.189844107331504,1.2046985099344312,1.2060760008463134,1.2438772968571705,1.1879327161112467,0.16562154261829062,0.32138665530458904,1.0,0.4,1.0,0.8,185,8.725916698534094,40.090843357865886
11,0,0.9614517036883364,0.8937974332848848,0.8929638027407736,0.8892001286602014,0.0,0.0,0.0,0.0,0.4,1.0,0.8,1,213.8377028396203,1315.7916634610342
11,1,0.9282752596439814,0.9129601003921317,0.9119693349577536,0.9079126946885155,0.06805925947931088,0.09755802682151808,8.420924006418662e-05,0.0001072235341654,0.4,1.0,0.8,3,197.92046435239524,1229.1285350943042
11,2,0.5349273468152833,0.7755829722244689,0.7736581892211585,0.7659891002199593,0.5139604145533707,0.12525097002510238,0.0026734560174357432,0.00830275653057882,0.4,1.0,0.8,4,109.4115862929295,542.5658354336056
11,3,0.3988070949199992,0.6983639192468469,0.695679800848274,0.685108644615103,0.21837678749338793,0.14287273296222858,0.004926302442963051,0.021096109957108332,0.4,1.0,0.8,6,72.6846867125563,8116.862898393702
11,4,0.35547921099260676,0.6636588242122426,0.660704955355964,0.6499544473778868,0.12811433771185632,0.14138343568295877,0.00500610495219577,0.02129790035469965,0.4,1.0,0.8,8,64.04197413922351,8086.800499723243
11,5,0.39786841847734516,0.7066986018448403,0.7040205913665075,0.6934600288302882,0.1353477400255662,0.12065229195562074,0.02748232255920954,0.061717694669025124,0.4,1.0,0.8,9,61.4013897357344,8202.887949781107
11,6,0.2702381191611088,0.5783866820034043,0.5747501037127889,0.5619496699260323,0.3210648905856819,0.13637781746620814,0.006237793360803299,0.02441237502562433,0.4,1.0,0.8,10,46.25253045795158,8027.2252158993215
11,7,0.2584726369631487,0.5636519776737988,0.5598856144042639,0.5471712201733538,0.12992124631908603,0.13562326539499933,0.006933213733886091,0.026170830429178782,0.4,1.0,0.8,11,43.33643062926421,8018.524075317855
11,8,0.20143462650050734,0.48328845400601866,0.4789282622173926,0.4637222958428545,0.29620643165554983,0.12331429669192732,0.00743229372807778,0.02581763889196253,0.4,1.0,0.8,12,32.772848922030576,7661.222900721043
11,9,0.1934329564234271,0.4691782713151376,0.46501049593962046,0.45003970410811506,0.09728490640694865,0.12331429669192732,0.00743229372807778,0.02581763889196253,0.4,1.0,0.8,14,31.239265827102816,7616.374200040533
11,10,0.1947811042326979,0.42697655418065616,0.42214143186137587,0.4057337874451736,0.3677454863822478,0.11350269523414169,0.024467427633399895,0.06295773083812121,0.4,1.0,0.8,15,23.63591195488065,185.705573352373
11,11,0.18706561571216745,0.40665086642659165,0.4019592987345884,0.3856927150604702,0.14843241727932718,0.11350269523414167,0.024467427633399895,0.06295773083812121,0.4,1.0,0.8,17,21.89836719038217,177.5977978053815
11,12,0.18687190537925918,0.4056803281031133,0.40067629769782537,0.3845238782253991,0.12367480162562969,0.11295338947351907,0.024585130601725493,0.06337115497259445,0.4,1.0,0.8,18,21.79204267437799,177.23205827119585
11,13,0.1856718951720776,0.40281434605777805,0.39809207229971827,0.3826469858798888,0.12839684588945233,0.11348346895571174,0.024486519303675798,0.063048052466564,0.4,1.0,0.8,19,21.61474370372702,173.943408861581
11,14,0.21924510636469657,0.43576848334204965,0.43073574256654523,0.4133278625067923,0.1566391025149471,0.1471113322957412,0.024029265323278697,0.08916650285175662,0.4,1.0,0.8,20,18.81570087827576,56273.24132826828
11,15,0.16014182262041216,0.35864978112889995,0.3540032672541123,0.3365986481561706,0.18642216113020377,0.14328677446503568,0.011229221489104753,0.04568739206034367,0.4,1.0,0.8,21,18.42686628768761,7978.27040858878
11,16,0.1541740278093342,0.344663808446939,0.33992372047400765,0.32284518930907946,0.12019006312110256,0.13696105032961886,0.011459800576773118,0.04598569283333908,0.4,1.0,0.8,23,17.72938173958511,7861.588813308572
11,17,0.15345901338918458,0.34250331527086286,0.33804946763179766,0.32120549694589123,0.10625800625499612,0.13696105032961886,0.011459800576773118,0.045985692833339094,0.4,1.0,0.8,25,17.51177969999565,7879.4674813398115
11,18,0.1543927565609732,0.33071480911702605,0.3261159775464826,0.30964425733339324,0.16368003669689382,0.1423329409527469,0.012697929248231639,0.050108153125747665,0.4,1.0,0.8,26,16.956501585181087,7718.000071724407
11,19,0.15042493146087302,0.31774300820633056,0.3127426011966157,0.2953854606090023,0.14444701412335217,0.14289791847396144,0.01250289976201249,0.04952838369552543,0.4,1.0,0.8,27,15.725223281374342,7857.894731638076
11,20,0.15032621814103603,0.3173938837598141,0.31239081877413466,0.29502303317785783,0.11029036831081793,0.14289791847396144,0.01250289976201249,0.04952838369552543,0.4,1.0,0.8,28,15.690046891217987,7860.771853684727
11,21,0.1459534932897869,0.30105383668256147,0.29592127708011157,0.2787752579602715,0.15695354047035875,0.14277251398771848,0.012564322208974023,0.049698973959880224,0.4,1.0,0.8,29,14.695305111157232,7806.543063387166
11,22,0.1444674596883089,0.299394566536452,0.29426016381343517,0.2774268324720985,0.1083491288952968,0.14245132788105258,0.012130018704025613,0.04862325108791052,0.4,1.0,0.8,31,14.80233974592205,7782.25916137366
11,23,0.14389164415011851,0.2940667134777639,0.2888817795338451,0.27226231385136845,0.1276892085667644,0.14145695342238732,0.012626041500492973,0.04989278145030608,0.4,1.0,0.8,32,14.296461545635132,7734.36610101771
11,24,0.13735660469946673,0.27673205350052105,0.272039576879227,0.2568544029218927,0.14860178816128825,0.14425258010732228,0.011287879829295808,0.046625118273999226,0.4,1.0,0.8,33,14.115531482708954,7884.908824499596
11,25,0.13351129644270135,0.25316157535020034,0.2482669737574418,0.23203497114463242,0.1455530880230614,0.14256414330627684,0.012168810954753681,0.049080206520054806,0.4,1.0,0.8,35,12.761712051887416,7835.239835201186
11,26,0.12952826223153652,0.23864383228115152,0.23364365287588237,0.21778363221092994,0.12679019498948227,0.1416994759187576,0.011987781751978564,0.04841018192394595,0.4,1.0,0.8,37,12.080154508442808,7837.245166225958
11,27,0.12705020845457818,0.2177069652192784,0.21252502517244387,0.19703871988947763,0.1430266879012555,0.14111574635329513,0.01262047757780457,0.05068382376424313,0.4,1.0,0.8,39,11.556180405810933,7743.318965912416
11,28,0.12600838390014943,0.21134976285028068,0.20611630676071352,0.1912272563399725,0.11925961300762666,0.14110272882079558,0.012682196869323521,0.050877631254669,0.4,1.0,0.8,41,11.192545561192908,7676.263573028936
11,29,0.12596374801699853,0.21120148164653613,0.2062698827383465,0.1923673786851104,0.11016561049442089,0.1411027288207956,0.012682196869323521,0.050877631254669,0.4,1.0,0.8,43,11.180077232735748,7676.673697068069
11,30,0.1246830803515442,0.1988518079923437,0.19411673133299537,0.17933540353442096,0.1504487981388319,0.12506719800613236,0.01749365196033378,0.054426007052051015,0.4,1.0,0.8,44,11.086218785642922,7559.895546117673
11,31,0.129278811560954,0.19995437762750815,0.19518592989564187,0.18116776612759825,0.12866213523204933,0.13744491132607467,0.015241441355661228,0.057742753670421,0.4,1.0,0.8,45,11.09223662305549,7696.358382030239
11,32,0.12321433957004163,0.19312825860449304,0.18835254771674162,0.1745278100023386,0.11317731551798252,0.12346588302158978,0.017512743630609683,0.05451632868049379,0.4,1.0,0.8,46,10.981133189280296,7553.077750385109
11,33,0.12353095825457822,0.19228187997308638,0.18749508381426663,0.17340697834412983,0.11514295974565075,0.1250491469537731,0.017535074356177488,0.05440212139851595,0.4,1.0,0.8,47,10.78012888214776,7543.412661046105
11,34,0.12997002748058603,0.19235186580368116,0.18750469845903875,0.17496703904950836,0.1262403502220435,0.15091792581733765,0.014911043733841424,0.054457050203853975,0.4,1.0,0.8,50,10.531958371604704,7788.570339038496
11,35,0.1313218340044295,0.19318290428804152,0.18833078598553932,0.17666521172129304,0.12213717665644566,0.15157713739136944,0.015332089160171234,0.05542594917416312,0.4,1.0,0.8,51,10.569440638108397,7766.106844033987
11,36,0.13016218109613592,0.18774082187149607,0.18284830981225006,0.171283531263405,0.12741128937457954,0.1505218494714222,0.015358352362542006,0.05555019892140729,0.4,1.0,0.8,53,10.480089238292395,7760.625745872204
11,37,0.12924420212212367,0.18511110153824298,0.1802025274989299,0.17003885298746463,0.12238392487993587,0.1473306089500114,0.015420964154408355,0.05634489096747467,0.4,1.0,0.8,55,10.164021248970894,7705.790081087222
11,38,0.13043858354371637,0.18153244432785384,0.1765790294524493,0.16624429146756975,0.13799778659715722,0.15288982434605075,0.015394165275379065,0.056256604048970746,0.4,1.0,0.8,56,10.06826343258997,7768.648964066913
11,39,1.224503190324484,1.2732404026836515,1.2685678993333476,1.2595415864121666,1.2181890836703655,1.0,0.016088502258303237,1.0,0.4,1.0,0.8,60,10.089820469511135,7785.678644763104
11,40,0.1296731230066395,0.17867433404120187,0.17491310738950402,0.16863049400499372,0.12126354054337643,0.15195208077791628,0.015413558494038769,0.056331650639872125,0.4,1.0,0.8,66,9.942730509872828,7768.36962374071
11,41,0.119604916477155,0.16769922929915726,0.16211188329823858,0.15611278936370268,0.11251812240296594,0.13644545640665867,0.014281326235036612,0.05300203328690363,0.4,1.0,0.8,67,10.090737048938054,7974.366410714109
11,42,0.11956526312741833,0.16754040052905272,0.162254845933058,0.15768394418184126,0.11161945068747145,0.13644545640665867,0.014281326235036612,0.05300203328690363,0.4,1.0,0.8,69,10.0893380552603,7972.903235712391
11,43,0.2011497658574637,0.24836883913244623,0.24307624837457747,0.239391409048194,0.19558056889579079,0.13697759932253717,0.014722736705754304,0.15434372203504812,0.4,1.0,0.8,70,10.009915575048042,8000.375872010099
11,44,0.1171210567924025,0.15980540918306987,0.15447059844356278,0.15031998328142332,0.1253153397363436,0.13594050811187333,0.014025202072524409,0.051756169459364086,0.4,1.0,0.8,71,9.771623763994226,8393.670405455689
11,45,0.11710215135277616,0.15830581387832507,0.15295721584636773,0.14999848882378136,0.11258517338982907,0.13585616597192002,0.014106267554438853,0.052013331975377865,0.4,1.0,0.8,73,9.72986840884249,8413.57081102354
11,46,0.11714819436168497,0.15831419760207266,0.15296526043377606,0.1500051862943687,0.11024091322015821,0.13583088300760676,0.014125859661634304,0.052067667313063504,0.4,1.0,0.8,74,9.730539698253246,8413.502190742298
11,47,0.11640908833205205,0.1563549863268427,0.1512977578064324,0.1497730246390121,0.11184395829395141,0.13588979825890857,0.013992900639834077,0.05157902464607864,0.4,1.0,0.8,76,9.60786223725186,8400.966955511654
11,48,1.0251563495658258,1.0600055861772741,1.055204084437403,1.0572014808631458,1.020758713101128,0.5152660916222408,0.013182730694361966,1.0,0.4,1.0,0.8,88,9.456164325397502,8394.536050844592
11,49,1.0254609657714358,1.0584516825910018,1.0536330051178229,1.0555648461573903,1.0262188732443618,0.5167464593081237,0.01322213578353122,1.0,0.4,1.0,0.8,89,9.312905286064142,8393.46386806379
11,50,0.9814098011231803,1.01259744132221,1.0074592145878947,1.00936042289928,0.9819607218361154,0.40719332196384295,0.013290576256912085,1.0,0.4,1.0,0.8,90,9.11397773691894,8396.039959139083
11,51,0.98140980112447,1.0126874472218157,1.0078529968199705,1.0112969992039675,0.9761679458853822,0.4071933219638429,0.013290576256912085,1.0,0.4,1.0,0.8,92,9.113977735202957,8396.039959389003
11,52,1.0248168655052867,1.0552533656159364,1.050108223610951,1.0463802096313315,1.0222448197665266,0.5160535739536874,0.013283648924079624,1.0,0.4,1.0,0.8,93,9.295535494827636,8381.38496303129
11,53,0.9109445736089166,0.9410201247584434,0.9364775687690239,0.9401677215022958,0.9065404331113425,0.23109435662391511,0.013489046694157533,1.0,0.4,1.0,0.8,96,9.032021603401398,8389.097811425161
11,54,0.9122217696367437,0.9396905082330278,0.9351239830339524,0.9403110919697019,0.9105823712092077,0.23505963948356393,0.013626310107788408,1.0,0.4,1.0,0.8,99,8.956894884777247,8400.446494575306
11,55,0.9126592808828895,0.9396987018548459,0.9348252677445773,0.9406367154261326,0.9087121896125043,0.23608274804603174,0.013711766802975034,1.0,0.4,1.0,0.8,101,8.932897653903236,8399.61714680054
11,56,0.9124994217329562,0.9394337016668464,0.9348622643310679,0.9416189015124623,0.9082374316684076,0.23579550910601363,0.013699923206685284,1.0,0.4,1.0,0.8,104,8.951010140646389,8395.176926016784
11,57,0.9124899629416481,0.9394584884477925,0.9351902801226335,0.9429025166526416,0.9082062004453763,0.23579550910601363,0.013699923206685284,1.0,0.4,1.0,0.8,105,8.940712136604049,8396.172364972761
11,58,1.0109843339284643,1.037816781144623,1.033850364719876,1.0425175842458432,1.0068048387586137,0.48249350812888575,0.013553402724852533,1.0,0.4,1.0,0.8,108,8.953078619630341,8379.564514530446
11,59,0.9147322436156118,0.93759415033705,0.9332882797467317,0.9430002220472714,0.9174794486327627,0.23239558940135394,0.01799117981615958,1.0,0.4,1.0,0.8,110,8.837604425456151,8383.276687741436
11,60,0.915299013545394,0.9378867222411374,0.9335783631458001,0.9442339679777376,0.9117924468095341,0.23342527452636702,0.01819164472372289,1.0,0.4,1.0,0.8,114,8.839580099427002,8383.627266879808
11,61,0.8763422654899639,0.8988789150188075,0.8948731031367958,0.9064007030717552,0.8728646059810901,0.1377052995552639,0.01754618783267233,1.0,0.4,1.0,0.8,116,8.847681787947263,8393.854721817004
11,62,0.915108486674993,0.9361913181605142,0.9315662831026039,0.944281026626037,0.9158821840249772,0.2332112450303403,0.01832035506679953,1.0,0.4,1.0,0.8,117,8.768190775638532,8389.041464717431
11,63,0.9139228611154002,0.9331577763950705,0.9285158643072471,0.9414868784680271,0.9169210629583516,0.2343283770886257,0.016990609258848516,1.0,0.4,1.0,0.8,118,8.743492856079188,8385.93671601187
11,64,0.9149574295353263,0.9342668387759756,0.9299284886011416,0.9441091322438262,0.9117693757546712,0.23330683382433737,0.01843630180506195,1.0,0.4,1.0,0.8,123,8.764212465314301,8387.400541144263
11,65,0.9124326750159512,0.9309789610507507,0.9266336827296772,0.9420707817954397,0.9102109693034406,0.2332067876476723,0.016075756570539224,1.0,0.4,1.0,0.8,126,8.795491298505079,8374.616989854767
11,66,0.915029722303574,0.9333812229666512,0.929337189525178,0.9446913684148692,0.9129560994817969,0.23442402262820816,0.018232136385551635,1.0,0.4,1.0,0.8,127,8.780760056950406,8369.548252877323
11,67,0.9124886804024154,0.9309114915013434,0.9274740030743776,0.9452341490971028,0.909530238665322,0.23276678720370478,0.016371594397995543,1.0,0.4,1.0,0.8,134,8.703902738142185,8393.428372385466
11,68,0.9132264603162596,0.9314535457928038,0.9286202365727663,0.9491325106693467,0.9104342610753532,0.23431368256263768,0.016551460097590114,1.0,0.4,1.0,0.8,142,8.62338760882134,8390.12066620978
11,69,0.9138524253954741,0.9312540447804876,0.9284131990446789,0.9492287826548769,0.9137986885797551,0.23653661594760478,0.0164214716170259,1.0,0.4,1.0,0.8,143,8.599672900395216,8390.570779517697
11,70,0.9138375459879929,0.9310489034885681,0.9285092560720365,0.9500434448431734,0.9113790249673941,0.23805611187467507,0.015843918476879253,1.0,0.4,1.0,0.8,146,8.64218837324986,8387.464240456993
11,71,0.9121311441927695,0.9282929783508298,0.9260467202810362,0.9501602058100278,0.9100872070995806,0.23277994696614682,0.01643076663894719,1.0,0.4,1.0,0.8,153,8.621746461311705,8392.261933924367
11,72,0.9117761934225745,0.9277946891731093,0.9255471400333721,0.9518105456878774,0.9093309067257156,0.23184593552620938,0.01647238200014458,1.0,0.4,1.0,0.8,157,8.658547699958284,8384.376150836626
11,73,0.9116952748538785,0.9273915001378189,0.9248380778967762,0.9521616744865986,0.9099419729188236,0.23231676703593096,0.01624018078829671,1.0,0.4,1.0,0.8,158,8.63539599296741,8387.026169467135
11,74,0.9118970477012335,0.9273925335427156,0.9251401987893701,0.9527347612503456,0.9103914403576022,0.23258595259613962,0.016380880400252176,1.0,0.4,1.0,0.8,159,8.681553544975484,8384.123676757483
11,75,0.911847908160163,0.9263118014142815,0.9240501070372549,0.9516086510928969,0.9129717041782565,0.23321092405498178,0.016245550542416113,1.0,0.4,1.0,0.8,160,8.59330310014073,8384.19720722944
11,76,0.9117043664729017,0.9257030870951185,0.9234371935485308,0.951654063513098,0.9102362226477757,0.2324752607168783,0.0164699064067186,1.0,0.4,1.0,0.8,162,8.570616692288569,8389.514075723375
11,77,0.9118000817938734,0.9254291977005544,0.9228569551391546,0.9512962145162409,0.9105333846472715,0.23280885603420062,0.01647639507208345,1.0,0.4,1.0,0.8,163,8.5618314593403,8385.193743932903
11,78,0.9119153214152823,0.9256429928750699,0.9236776399898166,0.9529907996830456,0.9099998394692662,0.23319981380170735,0.016448108162921152,1.0,0.4,1.0,0.8,164,8.54488770038885,8388.062414512027
11,79,0.9117021210770799,0.9251580108868565,0.9225841954477909,0.9523563437251599,0.9096825611924338,0.2329259214358776,0.016358961651327712,1.0,0.4,1.0,0.8,166,8.522355762816645,8385.374734361527
12,0,0.91969743842568,0.882425574613836,0.8815027531873026,0.8773978663621953,0.0,0.0,0.0,0.0,0.4,1.0,0.8,1,251.36735570128133,1350.004899816205
12,1,0.8869405875385412,0.8990475381019474,0.8979672712158924,0.89356851798594,0.06559744570644044,0.0912894740551056,8.318742445918314e-05,0.00010733000067162999,0.4,1.0,0.8,3,233.136648122186,1262.479100025832
12,2,0.8563120696770657,0.8983639789650668,0.8971794081397328,0.8929770679025429,0.08763039676717824,0.11125017636625172,0.0012962855328011904,0.00436571767303639,0.4,1.0,0.8,4,218.88828891452687,1659.574264832211
12,3,0.7484323082184906,0.8630343511866005,0.8618868498020676,0.8561288095601977,0.1513407168285377,0.10509034239239068,0.0028582441237396034,0.00368776104940212,0.4,1.0,0.8,5,186.49289551314948,726.7700566899497
12,4,1.5356300937143497,1.8394022100262137,1.8365122018027702,1.8258064746111382,1.7488670412007283,0.23133073314851504,0.31508387625993395,1.0,0.4,1.0,0.8,6,79.956221862162,189.8859854651156
12,5,0.5615483461672279,0.8724889658800294,0.8690440323876594,0.8568051644983774,0.40402618400474627,0.15644922042962653,0.07395568019751401,0.21858310996597718,0.4,1.0,0.8,8,64.85016998051583,297.2146082920288
12,6,0.8128340964223317,1.1208304983164974,1.1168915580628744,1.1030658861080678,0.7133770246679634,0.15707446027253752,0.16640028044440658,0.49181199742344867,0.4,1.0,0.8,10,48.62345275583024,216.8259806655317
12,7,0.500748376527713,0.7948534581888899,0.7910642931205999,0.7757721027424841,0.43898110415581243,0.1397502305215428,0.08889149763836594,0.26257954162668046,0.4,1.0,0.8,12,41.48508561991871,200.46503153029005
12,8,0.7298421236182415,1.066898530272888,1.0628712301394923,1.0484962737307644,0.7004942889009811,0.12841758387143504,0.1688276946774939,0.4980299618574002,0.4,1.0,0.8,14,34.00704358828027,65.81769236000099
12,9,0.6642192049009841,0.8422947847617565,0.8368077085570556,0.8166717574677678,0.8485593122235383,0.12841758387143506,0.1688276946774939,0.4980299618574002,0.4,1.0,0.8,16,18.342866783579623,78.7792638515484
12,10,0.6598213510852062,0.8328731007492258,0.827320668910537,0.8075779680797104,0.6337425488793331,0.12519439730781853,0.16890695441084994,0.49817626293611533,0.4,1.0,0.8,18,18.123242839479826,60.971516524061485
12,11,0.6535654609297755,0.8102343454291445,0.8045061995601608,0.7847422022527287,0.6486212679445792,0.1242088633764171,0.1689567604994857,0.4982923401398313,0.4,1.0,0.8,20,17.147355775157873,57.309582172353416
12,12,0.6503941914902542,0.795265092470996,0.7894173918190004,0.7687646798195227,0.6557216594927326,0.12461445852115131,0.1689537730119436,0.49840908096073927,0.4,1.0,0.8,21,16.032112608546147,59.15522516515541
12,13,0.6285977101491254,0.7435516735538812,0.7373981067913261,0.7164656077404252,0.7162203009873152,0.12681188177318553,0.16431439739316175,0.48719515464444524,0.4,1.0,0.8,22,13.537874648280487,52.49333682562345
12,14,0.6282106807663704,0.741816049039255,0.7356482788076755,0.7148956268421749,0.6069026679593275,0.12641042934280236,0.1643612159942553,0.487427972669069,0.4,1.0,0.8,25,13.586360254168897,48.10510530595171
12,15,0.6247728168990456,0.7249010736203767,0.71890296442751,0.6986497800702118,0.6533506042445902,0.12567543642435378,0.1645519851945508,0.48765531791001326,0.4,1.0,0.8,26,13.101618081855866,45.74883181395397
12,16,0.623235221522457,0.7170971050633753,0.7110377517041441,0.690530417317155,0.6271133601523988,0.12567543642435378,0.1645519851945508,0.48765531791001343,0.4,1.0,0.8,27,12.701179056244678,47.37289045517333
12,17,0.621375078624095,0.70829883633164,0.7021718164511439,0.682146898493845,0.6297328602431317,0.12472574909452502,0.1646124925713205,0.48782850345494355,0.4,1.0,0.8,28,12.315404185653655,47.74950279267333
12,18,0.6172975601588813,0.6986257610057671,0.6924447779135823,0.6729436533896072,0.6118300061895683,0.12496168695261485,0.16368075273408106,0.48538760294135636,0.4,1.0,0.8,30,11.980330461251976,45.12026902480915
12,19,0.6039235041341193,0.6790678107548732,0.672827370599022,0.6536051571080429,0.6008997753247725,0.12474710958352149,0.15963643735807567,0.4755668716897805,0.4,1.0,0.8,32,11.546073296934946,40.323114040775
12,20,0.6028994582252896,0.6749919473512109,0.6687223483624212,0.6501417386570163,0.5949919237928553,0.12699695631799193,0.1592161819383863,0.47452116834527247,0.4,1.0,0.8,34,11.26825345631942,35.5561220314191
12,21,0.6029187714430522,0.674363008836594,0.6680872316836266,0.6502445791965326,0.5909312894006953,0.12593532980904706,0.1594078955449063,0.4750122540325018,0.4,1.0,0.8,36,11.261783310402734,35.812291925941096
12,22,0.10922949989981315,0.17517820176717108,0.17097062083075984,0.16462933686754277,0.09809271549496776,0.10475477979981966,0.012188835911959154,0.054139761387268295,0.4,1.0,0.8,67,11.896039272117571,262.8945358481354
12,23,0.11162996415280513,0.1769407448175815,0.17272708971252443,0.16605514865490162,0.10105258001071016,0.10451641615084784,0.012215313899641691,0.05739335776872491,0.4,1.0,0.8,69,11.592961253980064,252.1901377299917
12,24,0.10852055122009471,0.17176844009707315,0.16753527322237124,0.16134254604782355,0.10442166012898157,0.10390738733803917,0.012233705300555285,0.05432092422907294,0.4,1.0,0.8,70,11.787525937935344,299.3725274332195
12,25,0.16185415456571361,0.2248939482507279,0.22156760777170859,0.21793422650152866,0.15110930572242653,0.10490412333265345,0.042124821713650416,0.08325053207960584,0.4,1.0,0.8,74,12.035906880469083,719.1541051397743
12,26,0.16127615157638753,0.220437839306158,0.21707489962820264,0.21298336513352215,0.15760119494295696,0.10574068463263464,0.042080127291440624,0.08314716174781647,0.4,1.0,0.8,76,11.83741361613059,718.3054315332624
12,27,0.16070025893662124,0.21718651915717627,0.21379837934418416,0.209610711235816,0.1539349607832411,0.10516276017647178,0.04227307095363952,0.083141945802249,0.4,1.0,0.8,79,11.560817857957163,719.6551524683781
12,28,0.16027430982457563,0.21435530304097944,0.2112475342672856,0.20878592136480567,0.15521879346546769,0.10582733897067112,0.04226012062896109,0.08290661709592852,0.4,1.0,0.8,81,11.492825541804534,724.740586589218
12,29,0.15958352837866654,0.2118387196423524,0.2087137939438503,0.20745164435366004,0.15372286156417075,0.10550392717351305,0.0421824682868995,0.08274543598448389,0.4,1.0,0.8,83,11.41336496672877,724.3424835578262
12,30,0.15958352712430493,0.21192872554195785,0.20910766688825794,0.208398066357167,0.15058040657928762,0.10550392717351309,0.0421824682868995,0.0827454359844839,0.4,1.0,0.8,85,11.413364304349448,724.3424286294959
12,31,0.1603820949139085,0.2111074378559258,0.20766526413157024,0.20708457151161405,0.15413199531208946,0.1063856831068444,0.042021879829272225,0.08385034822655453,0.4,1.0,0.8,87,11.152197630240911,573.3759697986205
12,32,0.15847839437116507,0.20767465046001898,0.2045211001804111,0.20344280929172465,0.1556184994986336,0.10313257344455165,0.042316169979980285,0.08311599727463737,0.4,1.0,0.8,88,11.129632025429068,708.7813444220346
12,33,0.15709062143597208,0.20473816713018006,0.2018731653623605,0.2016490599882052,0.15085705603274568,0.10316588674897076,0.04203573563205262,0.08210314997921223,0.4,1.0,0.8,91,10.925199244638463,743.7496486164522
12,34,0.15850943167689457,0.20525691628191556,0.2020805203044771,0.20256430634873207,0.15333284793382274,0.10727844324087692,0.0408316933696269,0.0835161699043724,0.4,1.0,0.8,92,11.075943841551798,583.6106686185819
12,35,0.15693480094149553,0.20071149718005382,0.19690162185125676,0.1990363486560252,0.15268186971390849,0.0988704438340796,0.04312982807460212,0.08352934344874882,0.4,1.0,0.8,95,10.447526906217774,858.1241893350444
12,36,0.17105502969760822,0.21057824668166739,0.20824358949495808,0.21114612727872037,0.1684917334218292,0.10278386237398321,0.04825407747426056,0.09389247464992638,0.4,1.0,0.8,99,10.169277564067697,793.6844438081567
12,37,0.16733113000033062,0.20329217427462082,0.20031866316399166,0.20457924407266093,0.16365957571931578,0.10177722790693582,0.04450251583418676,0.09518628340837128,0.4,1.0,0.8,104,10.0447721658703,809.1653553384095
12,38,0.16743648648447124,0.20300855539267648,0.20003148828307166,0.20493145306416594,0.16219620339019813,0.10267712431647509,0.044464764946406145,0.09500131555641071,0.4,1.0,0.8,106,9.972770596477934,816.8996738337611
12,39,0.16938015258025713,0.20251495719430762,0.1992123609984579,0.20409686457997234,0.1718484568454654,0.09996456717513727,0.04951415714018366,0.09299151641595713,0.4,1.0,0.8,107,9.837178271243095,807.1508447026765
12,40,0.15583169240141315,0.18512275517303842,0.1826936477906588,0.19223632830099208,0.1533740593719815,0.0960309774125529,0.034187347367942884,0.09807060876312743,0.4,1.0,0.8,113,9.27294828646023,765.7522694130863
12,41,0.16677847270057294,0.1913294933627416,0.18885688498840422,0.19823338367019064,0.17877551213618126,0.10193840210643941,0.04181550441479227,0.10026679756975879,0.4,1.0,0.8,114,9.43137755788727,762.1336531854422
12,42,0.16663832304394002,0.19117594756714862,0.18870324616002193,0.19841138696766036,0.16271173404245592,0.10187781956783692,0.04176865145355836,0.10018327974207039,0.4,1.0,0.8,115,9.417829357252396,760.5087308468208
12,43,0.16632351668311757,0.19002154791474601,0.1878440955695574,0.1961549786619004,0.1635483903098991,0.10244209101402195,0.04172771607892489,0.09975238831548724,0.4,1.0,0.8,118,9.507197685823742,768.022959445038
12,44,0.15010096849407206,0.17106668462551128,0.17189387837522502,0.18926370567892198,0.14741210564351942,0.09948764842639071,0.035472167709810785,0.08951845855687002,0.4,1.0,0.8,141,8.767168258804192,759.021361497792
12,45,0.1533914712486115,0.1699962627945793,0.17017781226100967,0.1871417647513697,0.15784487198388517,0.09867262864687948,0.03813127292550226,0.09155875934561616,0.4,1.0,0.8,143,8.811377270870116,758.5235068698748
12,46,0.15360280387356437,0.1700751296674863,0.1702554760669503,0.18756615752985498,0.1515231976479645,0.10088730882407534,0.037803132731363674,0.09115223169496381,0.4,1.0,0.8,144,8.767119761111463,762.4159106145179
12,47,0.15353045115583064,0.16996273954936175,0.1710516514695439,0.19285263342731807,0.15122958135719244,0.10082195592128902,0.03779619366492344,0.09116494248336088,0.4,1.0,0.8,150,8.758658919541737,761.3536101815158
12,48,0.1533303083485943,0.16917992231657253,0.1702635247319771,0.1927594776635695,0.1528964517389727,0.10102445190332583,0.0377062988865584,0.09104178621504504,0.4,1.0,0.8,151,8.675621397549227,763.162761605932
12,49,0.1507168758700172,0.16495049119061178,0.16662530691090094,0.19466009606450194,0.14895320218569114,0.10123999787866889,0.03517388821991099,0.09118780788244452,0.4,1.0,0.8,169,8.829100263080559,758.6946158514833
12,50,0.15228229576346836,0.16629261488977717,0.16766243149901178,0.19679752494042088,0.1504286818557895,0.1010472543396002,0.03630527984144702,0.09185292482104136,0.4,1.0,0.8,171,8.73500913483735,758.7533647515792
12,51,0.15280531178597462,0.16680332174580587,0.16847602440366616,0.1982804781135576,0.15085925935859484,0.10088037990559466,0.03694877682828508,0.09180586254051457,0.4,1.0,0.8,174,8.841173889913035,758.3109226939422
12,52,0.15266582302189224,0.16667750434472683,0.16865323969355567,0.1995510035425767,0.15087285526805227,0.10133747030084914,0.03632260076713146,0.09220067812880516,0.4,1.0,0.8,175,8.794110682881543,752.8677630850276
12,53,0.15286500300255473,0.16641188103457202,0.1686864303876387,0.20030426130735995,0.15182948874022442,0.10108955918753096,0.03597761889870499,0.09311370864553845,0.4,1.0,0.8,177,8.747652464133063,759.0663603656691
12,54,0.1524062009584767,0.16364001047682653,0.16589358511104438,0.19737096682397762,0.15465889341088057,0.10135136725408697,0.03588487844689099,0.0929758224587267,0.4,1.0,0.8,179,8.702266532965547,757.7816473422212
12,55,0.15222368650062307,0.16308526990023922,0.1659413432557154,0.19947320475692282,0.15093878852425,0.1009996114562582,0.03593269455473468,0.09297060010665013,0.4,1.0,0.8,187,8.701825536757074,757.3289299403749
13,0,0.9344640512010458,0.8865030879758447,0.8856122485958754,0.8816296736518676,0.0,0.0,0.0,0.0,0.4,1.0,0.8,1,237.26197763590508,1348.4670617473562
13,1,0.9274812071106864,0.9129297928030313,0.911937641459684,0.9084717817538339,0.05807950465966131,0.09791817050707705,8.382638192859766e-05,0.00010663011095751,0.4,1.0,0.8,3,226.76430128041693,1371.2902907022026
13,2,0.8704619759937818,0.9132720958848916,0.9120845828675559,0.9078703622435272,0.13603079634940748,0.1536140419295709,0.0010774119230756644,0.00255771467798437,0.4,1.0,0.8,4,205.620396255518,1122.8382657203229
13,3,1.501724095191575,1.8117102709168078,1.8083632538098704,1.7959002935135617,2.031762109411991,0.2831380232273469,0.32488420412981894,1.0,0.4,1.0,0.8,5,72.23787107470261,225.20814014378303
13,4,1.3334184611371525,1.6365138258306646,1.6323464925689533,1.6178499305626994,1.3195180032187603,0.16069015094202477,0.3031853799107711,1.0,0.4,1.0,0.8,7,56.69840836017495,242.0062217725157
13,5,1.3014505444154518,1.5432300453100132,1.5382265534295938,1.5192349846342275,1.4271184130842367,0.2260689461322769,0.32888934083267,1.0,0.4,1.0,0.8,9,29.544000596080995,100.09155923429304
13,6,1.2779878744922961,1.4869155009423671,1.481485429855497,1.4614019717087332,1.2956633625995018,0.22097184277491788,0.32896823573825384,1.0,0.4,1.0,0.8,11,24.29606030458104,87.30201014424145
13,7,1.2608361723870878,1.4362298302778016,1.430410211352545,1.40917631738394,1.287608921026141,0.21809004899029003,0.3290663287162662,1.0,0.4,1.0,0.8,13,20.80172523259755,87.78315265025995
13,8,1.1090699090792875,1.2615841267911452,1.255814312389068,1.2338941346058916,1.1226674730479362,0.2154991170247793,0.2622383731772647,0.9068681618571709,0.4,1.0,0.8,15,16.77803426039951,41.10120821931526
13,9,1.2416365179717677,1.3674455791922557,1.3610981091224852,1.3386600241528184,1.3124117786028187,0.21654847562485524,0.32816458088847317,1.0,0.4,1.0,0.8,16,15.76093123239472,68.54852876210582
13,10,1.0917537888980187,1.1920301354477914,1.18573069075085,1.1621516296042138,1.1647636986999987,0.2092689456148523,0.2624309366751972,0.9071535567518388,0.4,1.0,0.8,17,13.376630361288898,41.754858951296434
13,11,1.0854521540305422,1.162527912256489,1.1560030462136637,1.1321758151792738,1.1123844787780495,0.20683106036227733,0.2624899658355371,0.9073188069515001,0.4,1.0,0.8,19,11.980132184349216,38.934207579069934
13,12,1.085438717427357,1.1624473797513144,1.1559218483113796,1.1324771801844404,1.0713324092050336,0.20750836306738404,0.26239549555084907,0.9071014054296948,0.4,1.0,0.8,20,11.965032200206254,38.69720310398263
13,13,1.09612884438903,1.1585025394843562,1.151837596014865,1.127954237650082,1.1360927589935463,0.20626389450878543,0.2664363226859065,0.9199486873341032,0.4,1.0,0.8,21,11.422941477135469,43.43762904899381
13,14,1.0957203482271483,1.1561468116958251,1.1497664296863177,1.1267207818229088,1.088372198440847,0.2043736718622055,0.26670251209191204,0.9205612607178416,0.4,1.0,0.8,23,11.407060925371985,44.41177080495332
13,15,1.0949624738181085,1.150564146245396,1.143835316130642,1.120760543967625,1.1015180780568725,0.20622471889351549,0.26649292338447067,0.9201405188926763,0.4,1.0,0.8,24,10.962647018225775,46.21002408969216
13,16,1.0503588878433798,1.1046882837589849,1.0982504509367632,1.0749855837052626,1.0454258905047533,0.20912650090530263,0.2543260880470255,0.8784772859769315,0.4,1.0,0.8,25,10.57999290836164,37.937493202678354
13,17,1.0488293503994692,1.098209417606942,1.0917252314099741,1.0689576264502634,1.048702844927587,0.20742824720803205,0.25434772534489797,0.8785873760796697,0.4,1.0,0.8,27,10.38555266086275,34.929511971031395
13,18,1.0821051071087733,1.1300030817671942,1.1235050399864168,1.101901700631578,1.075442669573281,0.21199389671150826,0.2627352552076616,0.9077680888853132,0.4,1.0,0.8,30,10.098811387827578,43.47752049355304
13,19,1.0482923565454805,1.0944796026193777,1.0882684921262662,1.0663781211407664,1.046446514841382,0.20711816009163214,0.254404325949646,0.8787792074223468,0.4,1.0,0.8,31,10.077887793437927,37.52996293223001
13,20,1.0811739438789043,1.126533662835886,1.1200119389840264,1.0992989739586492,1.0758194839516748,0.21062366787822978,0.26275415002598274,0.9078642253115181,0.4,1.0,0.8,32,10.010172401370935,40.91961721747442
13,21,1.4925776531036574,1.5337816395694572,1.5272212219636931,1.5089443999181467,1.4875110780790695,1.0,0.2854727308839582,1.0,0.4,1.0,0.8,39,9.58960513719556,28.57854687479868
13,22,1.5019596414195235,1.5425204765365437,1.536257035251893,1.5179037456915976,1.4974142030297874,1.0,0.29498505605077907,1.0,0.4,1.0,0.8,40,9.633314442342437,34.96363583205812
13,23,1.4920703163386766,1.530555139019929,1.5242724361958775,1.5060612020374786,1.4925424862364038,1.0,0.2854727308839582,1.0,0.4,1.0,0.8,41,9.434985976833202,28.749412048923265
13,24,1.508724252007668,1.5459007871311377,1.5393030385507962,1.5217770069300236,1.5044179175065464,1.0,0.30234601818964213,1.0,0.4,1.0,0.8,43,9.805728701910269,32.8241692558809
13,25,1.5085432778529673,1.5444689119899306,1.5378596155960715,1.5210741256533498,1.5045136744251753,1.0,0.30238878072195136,1.0,0.4,1.0,0.8,45,9.536864297316647,32.381248167824495
13,26,1.5079828607415158,1.5393683838805348,1.5324142503885643,1.5159058363009894,1.5176994425428934,1.0,0.3026126641110904,1.0,0.4,1.0,0.8,46,9.265439642129111,29.45565760407457
13,27,1.5080205828238613,1.53936781939074,1.5327162641940857,1.5168886738358829,1.5028175805482826,1.0,0.3026727481278659,1.0,0.4,1.0,0.8,49,9.25966787305297,29.47531027772605
13,28,1.502333091401665,1.5320783889266203,1.525714970599504,1.5107725204985287,1.503017344817511,1.0,0.29727933061334477,1.0,0.4,1.0,0.8,50,9.120557041915609,29.038990595788235
13,29,1.500330383035943,1.5258945184818646,1.5197957213950226,1.5062486267608994,1.503202699240669,1.0,0.2960048249308576,1.0,0.4,1.0,0.8,52,8.889939277285483,27.89841760992141
13,30,1.5083324226395063,1.5332912418700553,1.526580944790743,1.5136071246596257,1.5043648554671665,1.0,0.3040785262865885,1.0,0.4,1.0,0.8,57,9.158648170003833,30.15975163454302
13,31,1.5074009384716853,1.5315780452963685,1.5260724236133547,1.5149484759458987,1.5043001013429935,1.0,0.30333887008793103,1.0,0.4,1.0,0.8,61,9.15085745340115,30.87457629452206
13,32,1.5073299491864476,1.5311721397842808,1.5259664716098844,1.515008903511938,1.5040527551697165,1.0,0.30333887008793103,1.0,0.4,1.0,0.8,63,9.12002399891968,30.756304712765427
13,33,1.2018340056158163,1.2257128826758734,1.2214163509879092,1.2171845248176307,1.1979133019406405,0.227170759229064,0.30701359459394273,1.0,0.4,1.0,0.8,88,8.975317165000424,44.31307384230586
13,34,1.201833910803742,1.2257421143221277,1.2223547181108867,1.2190764700399148,1.1987312595423956,0.22963573141360394,0.3060676486219002,1.0,0.4,1.0,0.8,89,9.016429127511778,46.19922912506704
13,35,1.2037651662871993,1.2273085688689935,1.2236149278329203,1.226243197512468,1.1999451483530865,0.2282812630588992,0.30858645453121136,1.0,0.4,1.0,0.8,109,9.114485917542394,39.69575534287461
13,36,1.203086272215898,1.225953577160964,1.2222537266842746,1.2245375945308195,1.2016047346131202,0.2282964600276156,0.30801381462110633,1.0,0.4,1.0,0.8,110,9.201181565887376,39.41764028093408
13,37,1.2024185627578041,1.2249280147977086,1.2212249142691167,1.224811476767387,1.199926430972661,0.2265077574777922,0.308120889527319,1.0,0.4,1.0,0.8,111,9.228386124967956,40.4662648411484
13,38,1.2026358754589652,1.2243019782917735,1.220591162124471,1.223474582401757,1.20191307556292,0.22758471205210604,0.30804675279086596,1.0,0.4,1.0,0.8,112,9.168560899720005,39.66776536157087
13,39,1.201277477473182,1.2220963997794558,1.2183777894280112,1.223524043949531,1.1985725209133313,0.22436630413572792,0.30811508648530644,1.0,0.4,1.0,0.8,116,9.129484058837097,39.423793371964464
13,40,1.2011474094459151,1.2217927447773471,1.2180725590333308,1.2224652058097014,1.1983424769705002,0.22402506175141146,0.3081500022291049,1.0,0.4,1.0,0.8,117,9.087695729797192,39.19972862147027
13,41,1.2005410960928324,1.2206150521549377,1.2168896652228174,1.2218977586714157,1.1978860425110682,0.2220434767906883,0.3084298797535973,1.0,0.4,1.0,0.8,120,9.088500051895114,39.87109373169134
13,42,1.2134769964085286,1.2335774252853966,1.2310641425507507,1.2441938025966062,1.210284451777599,0.23167526473221742,0.31756766455107116,1.0,0.4,1.0,0.8,144,8.882054697144143,38.900881155484825
13,43,1.2123530501771542,1.231856160907788,1.229640325484541,1.2430932159540924,1.2115279304251672,0.23162069303228963,0.3165774647947582,1.0,0.4,1.0,0.8,145,8.88859335365433,38.92463335530477
13,44,1.2128687081854919,1.2321978305148276,1.2299804594232837,1.2448313683367946,1.2100609470332213,0.23221892255558205,0.3168820921774342,1.0,0.4,1.0,0.8,147,8.899042884728122,38.54988056268646
14,0,0.9043512879007126,0.8781205854039964,0.8771639823602614,0.8729299755120405,0.0,0.0,0.0,0.0,0.4,1.0,0.8,1,266.0299991795642,1351.245347321788
14,1,0.875425655403589,0.8967935306768771,0.8956818124714756,0.8911626730445786,0.06693882058069832,0.09567956124888688,8.253067240509627e-05,0.00011338301732157,0.4,1.0,0.8,3,247.1497971789456,1280.5909223653562
14,2,0.822232242915747,0.8815270752800272,0.8802785056671023,0.8758309676476898,0.09082668281323902,0.09102505745625791,0.0012955361607927777,0.0036229123043806702,0.4,1.0,0.8,4,233.4330195440492,1696.3129331458526
14,3,1.477332947497543,1.7869450217334428,1.783628780984606,1.7712836349598338,1.9697324427379688,0.24818527335957694,0.3101904236294503,1.0,0.4,1.0,0.8,5,72.12058849868751,221.43314226191328
14,4,1.4714990162792214,1.7815531058102039,1.7781945226833278,1.765686347083579,1.2243914747127405,0.24818527335957694,0.3101904236294503,1.0,0.4,1.0,0.8,6,70.70415491260721,228.53805133315896
14,5,1.3200778607856387,1.626318668445041,1.622247351314026,1.6081183422707543,1.4112009779569956,0.1336798875719569,0.2915709290113272,1.0,0.4,1.0,0.8,7,52.9196443826323,240.07270558822387
14,6,1.3184730053525189,1.6240449647233672,1.6199557310334884,1.6055763161675554,1.1509380673792722,0.1336798875719569,0.2915709290113272,1.0,0.4,1.0,0.8,8,52.528180868752926,240.7987588499232
14,7,1.286087612627571,1.5796095680009865,1.5751728203887816,1.5603681620980274,1.2740558285417367,0.13309709998548364,0.29164996779446356,1.0,0.4,1.0,0.8,9,45.13941683627107,220.40618904730863
14,8,1.6106455061816214,1.864734252231252,1.859604522555173,1.841685901031454,1.7683876766982016,1.0,0.3183069942258249,1.0,0.4,1.0,0.8,10,31.21353001013708,81.86921227274811
14,9,1.5340607293158453,1.7472349700458947,1.7418578318861255,1.7221892566752641,1.571490880996933,1.0,0.27093320698501905,1.0,0.4,1.0,0.8,12,23.24781042623884,69.22341359344078
14,10,1.2392597919820134,1.4197184577216002,1.4142563605908554,1.3935096690841087,1.265146005179596,0.20066277733191665,0.312595058968249,1.0,0.4,1.0,0.8,14,20.08034907369664,71.74212460743676
14,11,1.5204101985950955,1.699524160317384,1.6937461986614397,1.6737136794265766,1.4769363294174265,1.0,0.274288439788515,1.0,0.4,1.0,0.8,15,19.61006062059864,52.415684582448506
14,12,1.1867897203230344,1.3250277931963736,1.3194149138884037,1.2973675932279545,1.3185682482194867,0.20331887860523387,0.27468111620378505,1.0,0.4,1.0,0.8,16,15.992996992188717,47.58760846967368
14,13,1.1766063470145254,1.275537194857687,1.2695275600778264,1.2468323168488096,1.2298594762820878,0.1899550492781356,0.2810730437786032,1.0,0.4,1.0,0.8,18,13.722755935416654,52.90206492069535
14,14,1.1742753775116959,1.2692368002183314,1.2631881836428747,1.2407499591369122,1.162866448923826,0.18643793449385704,0.28114089447593693,1.0,0.4,1.0,0.8,20,13.177837118030416,58.19330333245588
14,15,1.1712071230422048,1.2643873035035353,1.2583211234786897,1.236130372880941,1.156471343861557,0.1902524644636487,0.27700703152111333,1.0,0.4,1.0,0.8,22,12.872309915064212,46.14634544948811
14,16,1.1658580458106678,1.2519134433294572,1.245777936805822,1.22374890643952,1.1749960839836362,0.1946469204641137,0.27161029421915567,1.0,0.4,1.0,0.8,23,12.492722693985309,34.092979147946345
14,17,1.1614633655683968,1.2271609128440601,1.2208303725189942,1.1978682275036745,1.2209204837951948,0.1957381768473721,0.2712675479800354,1.0,0.4,1.0,0.8,24,11.547983795157622,35.19556100986892
14,18,1.163021790108116,1.2228165820449788,1.2164300704510358,1.1948145558501833,1.1592558853795676,0.19548776612459068,0.2741530968475043,1.0,0.4,1.0,0.8,27,11.135570230466527,37.524702181872925
14,19,1.169800563587084,1.2223302752377883,1.2158755825823655,1.1950336061527527,1.1655112545257347,0.1934691085599236,0.2831643929901959,1.0,0.4,1.0,0.8,32,10.496541530634326,41.06708400688989
14,20,1.16824916388543,1.215164166427974,1.2086569663729785,1.1883419198370526,1.1697217088156675,0.1922426503426124,0.2831805951516442,1.0,0.4,1.0,0.8,34,10.25212727382436,37.84355705985229
14,21,1.1681768235213958,1.2147981658752816,1.2085911092201367,1.188876074638637,1.1607342167591608,0.1922426503426124,0.2831805951516442,1.0,0.4,1.0,0.8,36,10.226267317790937,37.96834657064813
14,22,1.2002124960723488,1.2435666644432894,1.2367232939593793,1.2174167421998243,1.20335435838659,0.29888753708403476,0.2731409128481018,1.0,0.4,1.0,0.8,37,9.929082396799304,29.65672961342746
14,23,1.163883276993719,1.2051678411779319,1.198608179186121,1.1793706000064004,1.1640461311655435,0.1971710372870032,0.27789189783216545,1.0,0.4,1.0,0.8,38,9.838299633092802,35.494119392661496
14,24,1.1726135869222065,1.2129882621817623,1.20611725595868,1.187290275875919,1.1684574551525717,0.19344733146154286,0.288262798445611,1.0,0.4,1.0,0.8,39,9.72315249241364,39.99626213438205
14,25,1.1627997900256797,1.2001314392855522,1.193535151139509,1.1749144286480504,1.1670298300688293,0.1962575864075773,0.2778907234010659,1.0,0.4,1.0,0.8,40,9.7113702294709,35.538897378389045
14,26,1.1633808867574484,1.2003651086300895,1.1937655830066736,1.1751853194863464,1.1582165056990448,0.19850798505403863,0.27763391834371887,1.0,0.4,1.0,0.8,41,9.708696911831872,36.79005118972823
14,27,1.1608477977203033,1.1955629076728727,1.1889424073306079,1.170779215552316,1.1626144655539925,0.1929849118227544,0.27771449106212015,1.0,0.4,1.0,0.8,42,9.640198709148654,35.78374650877803
14,28,1.1967250764975996,1.2269269806199743,1.2202648390009518,1.2026477076914417,1.1992189480643862,0.3009799172080145,0.27118405401370527,1.0,0.4,1.0,0.8,44,9.369486867614803,29.397142343530653
14,29,1.194994893366512,1.224721059160819,1.218054558057796,1.2007050557185839,1.1915361497811734,0.29731541470869016,0.2710018998147246,1.0,0.4,1.0,0.8,45,9.355251015483894,30.033472326565487
14,30,1.1656453330073617,1.1954274705527614,1.189064419822478,1.172784794585569,1.1606227793180466,0.1931484836132261,0.28332498270464257,1.0,0.4,1.0,0.8,48,9.331262266796475,38.408068149653815
14,31,1.1655089000750323,1.1950045379967247,1.1886388434767947,1.1723491679886104,1.161466026341056,0.19286351843306693,0.28335197620923586,1.0,0.4,1.0,0.8,49,9.310113173012407,38.24872570402109
14,32,1.1647440871348405,1.194017992912316,1.1876502761488799,1.171632620561311,1.1601451253806867,0.216989834810475,0.272974814188252,1.0,0.4,1.0,0.8,51,9.248516172227207,27.82428494848637
14,33,1.1654262622256297,1.1945095511834496,1.1884431015261376,1.1728612426116207,1.1614496305094635,0.19322792758181878,0.2832100377289023,1.0,0.4,1.0,0.8,52,9.287322663826934,37.337541106062986
14,34,1.1626229593666497,1.1915228106725677,1.1851516528684294,1.1710455238530257,1.157874792028371,0.2139458009877337,0.27213593634179034,1.0,0.4,1.0,0.8,54,9.27004041750899,27.718414765206603
14,35,1.1658198062576164,1.192700408906473,1.1863106622037218,1.1727108863713331,1.1680642976429838,0.21888541388801505,0.2737017506224076,1.0,0.4,1.0,0.8,55,9.19066101105626,27.3310603479918
14,36,1.1641494258669591,1.191110340460998,1.1850243696830869,1.1718965985195753,1.1595980696704862,0.21688954475958666,0.2728313625625355,1.0,0.4,1.0,0.8,58,9.207296170494308,27.52013191871372
14,37,1.1725556221691913,1.1976461952755542,1.1912400581180993,1.1784335616998851,1.174294299224101,0.228746599374026,0.27679605154845643,1.0,0.4,1.0,0.8,59,9.000996575880059,29.525623402970407
14,38,1.1628403100890528,1.1852704243173533,1.1794458546056468,1.166906913294096,1.1686107859038042,0.21046020319027753,0.2748703668534282,1.0,0.4,1.0,0.8,60,8.932931393350895,29.48305456240812
14,39,1.1615349108843636,1.1823823707776997,1.1765433417348337,1.1645349088211954,1.160669291737877,0.22741009873612344,0.2670467728662572,1.0,0.4,1.0,0.8,62,8.817187056105823,23.58713554767629
14,40,1.1636716137152723,1.1843577090973982,1.1788201094945143,1.1652539389717358,1.161031680966725,0.21529600275384012,0.274070438645754,1.0,0.4,1.0,0.8,63,8.800450128776363,24.9684985400084
14,41,1.1643332854537074,1.1846009947069676,1.179059581737776,1.1663474204912967,1.161621149054285,0.21983515330604364,0.2729851858075017,1.0,0.4,1.0,0.8,65,8.775413843974256,24.045703290768937
14,42,1.1643509030379746,1.1845378294436435,1.1792987216043305,1.1667642015098156,1.1615382875275726,0.22122139118053288,0.2724763411206628,1.0,0.4,1.0,0.8,66,8.763589750941783,23.85923508889557
14,43,1.164345464507916,1.184589160933009,1.1796534975335056,1.1676046518699787,1.1610019688258864,0.22122139118041897,0.27247634112045516,1.0,0.4,1.0,0.8,69,8.762934628914856,23.867130989612264
14,44,1.1645493680504337,1.1829407319551775,1.1776852355739882,1.1725509253919613,1.1618503885379112,0.21670724163820682,0.274773585277569,1.0,0.4,1.0,0.8,84,8.834906128666686,24.938518513743432
14,45,1.1755529382288286,1.1937935285258143,1.1888395921278048,1.1911356904522117,1.1725399845731126,0.20305300424193784,0.2912781966903527,1.0,0.4,1.0,0.8,104,8.958813851356986,34.44202956202629
14,46,1.4357089500248907,1.4522388968214608,1.4490871581330484,1.452966261172377,1.4349004141753907,1.0,0.23301833033276662,1.0,0.4,1.0,0.8,108,8.97460796957735,25.93602006762164
14,47,1.1617238254106232,1.1782558431107115,1.1754070606751117,1.1792130856649905,1.1593416221584871,0.21519708618748265,0.27296848395195217,1.0,0.4,1.0,0.8,109,8.959881347935296,25.90175357204759
14,48,1.1616463922903555,1.1781518976786987,1.1753029007170268,1.1794317130280865,1.1590628520183555,0.21525203707280852,0.27287332190102564,1.0,0.4,1.0,0.8,110,8.97060706733495,25.87829418694972
14,49,1.1620920497433334,1.1784664746568527,1.1753133090244479,1.179784534876862,1.1595630798032368,0.21465619887408877,0.27356387989966574,1.0,0.4,1.0,0.8,111,8.980217929175646,26.106955034164773
14,50,1.1626549435107005,1.1776629110151169,1.174194280740493,1.1797123940903487,1.1644605299721633,0.2136235531162523,0.27474381929568403,1.0,0.4,1.0,0.8,112,8.799860835951758,28.90362490427667
14,51,1.163596641696907,1.1786785531352741,1.1758166202372489,1.18192138300412,1.1612227482098794,0.2168309982931273,0.27441943859036105,1.0,0.4,1.0,0.8,117,8.793287536027186,28.81604473033173
14,52,1.1642833037815286,1.1782632092182475,1.1763001381576985,1.187555312229354,1.1626110016869111,0.2156928370231433,0.27577903552573824,1.0,0.4,1.0,0.8,125,8.823239980710996,28.83831689834913
14,53,1.1658249294472878,1.1782092460214149,1.1759286574007812,1.188194880643623,1.164868827343905,0.21956288427264664,0.27600978098054313,1.0,0.4,1.0,0.8,130,8.763745711576458,28.685057389756487
14,54,1.1649819044348246,1.1773546672279391,1.176285891238473,1.1962063240020278,1.1631321409114195,0.21697363457801905,0.2762606917956672,1.0,0.4,1.0,0.8,145,8.76944092159502,28.74698611367296
14,55,1.1648253499235381,1.1767277166194055,1.1741398032120438,1.1909370226892508,1.1630077740094333,0.2152892833317646,0.2767810674151998,1.0,0.4,1.0,0.8,147,8.902620734908535,28.650915843327475
14,56,1.1657348391192457,1.178049020019185,1.176979751113949,1.1954552399669098,1.1638647425984878,0.21955703365539825,0.27598945306982453,1.0,0.4,1.0,0.8,150,8.762539974176018,28.705286438239902
14,57,1.1648002967049513,1.176948192690846,1.1761803256682168,1.1977348265509966,1.1635613455431555,0.2172091058261157,0.27603417758830945,1.0,0.4,1.0,0.8,151,8.744804140012524,28.65493074532176
14,58,1.1665058587951633,1.1780741127961845,1.175786100705226,1.1946088745590813,1.1652171634083817,0.21690050143440773,0.2778834322870567,1.0,0.4,1.0,0.8,152,8.899038505234309,28.862495639747834
15,0,0.9313263095760255,0.8856420549753222,0.884744494430467,0.8807360710386398,0.0,0.0,0.0,0.0,0.4,1.0,0.8,1,240.477374853456,1356.504837733076
15,1,0.9042022102682422,0.9085563814214723,0.907501948189046,0.903202074818846,0.07169743987029845,0.10680202889779826,8.317712968985863e-05,0.00011807519264210001,0.4,1.0,0.8,3,222.8901041088253,1268.818332168701
15,2,0.8705262578369115,0.9147312801483919,0.9135386949809527,0.9093051473237656,0.11740158108072231,0.15771736635128147,0.0010673461601785224,0.0031492840857009997,0.4,1.0,0.8,4,207.9221786884337,1138.9389458104756
15,3,1.500436293360548,1.8107299717905985,1.8073475691068033,1.794747400791863,2.045948745358844,0.2984663096996361,0.32229187101441464,1.0,0.4,1.0,0.8,5,69.45914014163984,234.5411107678852
15,4,1.3447121565903253,1.651493466908067,1.6474585911764548,1.633467706533343,1.286956679588607,0.15101818452343282,0.30516473309049486,1.0,0.4,1.0,0.8,7,45.33756724138282,241.4961185963626
15,5,1.3177010603308017,1.5736961576371131,1.5689006718007288,1.5505803812304575,1.4170491509031704,0.24740398817844333,0.32432155482563224,1.0,0.4,1.0,0.8,9,29.30442353864836,116.60851599061982
15,6,1.2454028474341206,1.3902816646223666,1.3841323072353386,1.361170499924308,1.4609582850110179,0.21485604393209426,0.32642237031049887,1.0,0.4,1.0,0.8,11,13.69687579500276,63.91168406005245
15,7,1.206889797860137,1.3424130749078704,1.3364691137212732,1.3135107578182854,1.1950341354106109,0.2143699910407181,0.29120030701163996,1.0,0.4,1.0,0.8,13,13.55445368567934,44.79051487927503
15,8,1.2016632094287798,1.322907384282977,1.316817382934727,1.2942698007373028,1.2028825545661939,0.2118951166935364,0.29129565907147736,1.0,0.4,1.0,0.8,15,12.339823818735894,44.597648483907015
15,9,1.1978522717229172,1.2995024001166868,1.2932166532040217,1.2697663853127727,1.2135054817718274,0.21756746574703198,0.2905596101179284,1.0,0.4,1.0,0.8,17,11.237554880202596,44.38645118519951
15,10,1.2037628087733019,1.297591959527093,1.2909265308328914,1.2688944831929103,1.194722711352276,0.23289924151062347,0.29227814399270424,1.0,0.4,1.0,0.8,20,11.099780725740963,45.47230849551093
15,11,1.190522312869507,1.271056093206453,1.264564382505916,1.2418755513104096,1.2233944600003523,0.22672294356985315,0.2846918750473262,1.0,0.4,1.0,0.8,21,10.328775501625644,34.54496765418994
15,12,1.196449989581914,1.2681665591734033,1.2612875365406908,1.2389036587610536,1.2136430962848415,0.22637811979787242,0.29267347405101873,1.0,0.4,1.0,0.8,22,9.79813472628077,39.40180812754218
15,13,1.1962917050706348,1.2627398302943393,1.2558106656620032,1.2339088106994274,1.1934057426149471,0.22864097599327865,0.29273439476821034,1.0,0.4,1.0,0.8,24,9.500488276815744,39.93181096303317
15,14,1.1946017875982313,1.260844397796372,1.2542161747180598,1.2332959361954152,1.1830771198205199,0.224676652300224,0.2926921604510774,1.0,0.4,1.0,0.8,26,9.544077316220417,35.73642092759484
15,15,1.20086123272465,1.2668986679312084,1.2602684768210226,1.2397927596034284,1.1891043064443645,0.22946701269961284,0.29707859371755047,1.0,0.4,1.0,0.8,29,9.660984000097043,50.72209510532362
15,16,1.2002228545450522,1.2639033791536198,1.2572508530601638,1.2379351025596714,1.1969223934344173,0.22905008166213844,0.2970977444793827,1.0,0.4,1.0,0.8,30,9.41680070632573,44.44142754695738
15,17,1.199137823187546,1.2598965470651466,1.252913486609363,1.2336794927288386,1.1980508062717008,0.22784299036070305,0.29707703518157597,1.0,0.4,1.0,0.8,31,9.245028407352835,39.17223808175748
15,18,1.1977939234896815,1.2559274300261876,1.2489195833980746,1.2298499018262017,1.1964981894403193,0.22587621327324311,0.2970509882108349,1.0,0.4,1.0,0.8,32,9.285749306235754,38.70050194442962
15,19,1.1977366434647876,1.2558682266719485,1.2491632955626637,1.2304410205593026,1.1875218434980386,0.225774845432265,0.29705272395461646,1.0,0.4,1.0,0.8,34,9.279285857827754,38.63241310612149
15,20,1.2252916166335301,1.2834436842597077,1.2770418331103848,1.2591643361493832,1.2149738675446722,0.22648715030018493,0.32433728264093703,1.0,0.4,1.0,0.8,40,8.909515134918085,49.67656737391535
15,21,1.225009852517275,1.2820388890956274,1.275929389871367,1.2583799451564697,1.2169860103593617,0.22636759694451639,0.3243455154916552,1.0,0.4,1.0,0.8,42,8.859639748325922,49.58111782933551
15,22,1.2256121902767223,1.280822411594115,1.274695786420446,1.2592140166656298,1.2174261327837324,0.22748449718812463,0.3248619324809963,1.0,0.4,1.0,0.8,46,8.773490441022386,51.64463971606492
15,23,1.2257361668741613,1.280758194373138,1.2746297918553555,1.2597187729744213,1.2166669581633422,0.2280347992320561,0.324802960777006,1.0,0.4,1.0,0.8,47,8.783492699428434,51.7760564871545
15,24,1.2254697102206435,1.2802378202978404,1.2744100279369088,1.2590200091478385,1.2170048684921413,0.22736296242304213,0.32487302219929415,1.0,0.4,1.0,0.8,48,8.757831396248239,51.7073510054738
15,25,1.2255190687036843,1.2799486232829949,1.2741176945176862,1.259594091647531,1.2171012274349842,0.227759294191418,0.32483040692170917,1.0,0.4,1.0,0.8,49,8.753485091299575,51.73106586349115
15,26,1.2238553197634778,1.2692517597644146,1.2627303894296609,1.2473573749725242,1.246383119492717,0.22891509469458823,0.32440345986956115,1.0,0.4,1.0,0.8,50,8.503507738268482,48.250246312512566
15,27,1.2429987465109162,1.2883481850420537,1.2821292045287223,1.2677395010965455,1.235454424260931,0.2684734566382278,0.3277572292523985,1.0,0.4,1.0,0.8,52,9.206769409675692,47.97077204701927
15,28,1.2392322407846592,1.2784491095830488,1.27247624025785,1.2588163997047872,1.2430645924072818,0.26939738743198377,0.3247595463461667,1.0,0.4,1.0,0.8,54,9.005631821117438,47.865252353622175
15,29,1.2403824063618711,1.2743264326997459,1.268001724721167,1.254904038784041,1.2404677444538348,0.26688229568985306,0.32784276566613213,1.0,0.4,1.0,0.8,57,8.785640228827456,42.25780370622251
15,30,0.5740424171154018,0.6084904339693076,0.6039881265116284,0.60560802954166,0.5682645347134163,0.1860484396775628,0.12538973920723273,0.4605656865105149,0.4,1.0,0.8,97,8.58311612814803,70.57134417356288
15,31,0.5836817892664408,0.6151676387022937,0.6097291665920146,0.6112694668447913,0.5829313452901262,0.20024689674998167,0.1286048203886934,0.46208609295837466,0.4,1.0,0.8,99,8.57273937007355,72.45086236426664
15,32,0.5817195053165414,0.6082481780346299,0.6024611478906425,0.604528720419794,0.5936855227009084,0.1972639711109628,0.12862696870105966,0.4621418883409275,0.4,1.0,0.8,100,8.379984510461682,72.34022068498705
15,33,0.5816356728262431,0.6077585072663663,0.6022706973501579,0.604937539326163,0.5780803587474697,0.1972639711109628,0.12862696870105966,0.4621418883409275,0.4,1.0,0.8,102,8.361873064949897,72.33828607829878
15,34,0.5814290095915775,0.6072427355706556,0.602055139346342,0.6053239222929974,0.5777792284525369,0.1969087824025037,0.12863458930735958,0.4621359274664595,0.4,1.0,0.8,104,8.318183299454988,72.38640139344885
15,35,0.5814296000156292,0.6068719574119126,0.6004690120746249,0.5932228279955781,0.577147756612107,0.19691505921791538,0.12863447066126524,0.4621360846088905,0.4,1.0,0.8,105,8.318631536373678,72.38450914469514
15,36,0.5814168531398659,0.6072485367321536,0.6023640148359108,0.6071894750153897,0.5773110621629218,0.1969087824025037,0.12863458930735958,0.46213592746645943,0.4,1.0,0.8,106,8.316064316803761,72.40135941355973
15,37,0.5806903307728546,0.60537024539815,0.6007781311437992,0.6052317548421488,0.5786798505951145,0.19492064531793082,0.12872548090919123,0.46236931241450396,0.4,1.0,0.8,108,8.360949472411015,73.6292745539205
15,38,0.6164845348400405,0.6392166112124926,0.6382422497145247,0.6577103734635095,0.6131959298677907,0.20085967790845416,0.13570922932738833,0.49604279511490573,0.4,1.0,0.8,141,8.184400153417913,31.58114376683716
15,39,0.5953450879922653,0.6180652743720016,0.6189084812210015,0.659456931421489,0.5918842824548654,0.1899576201401873,0.13104203187150096,0.48101741797426323,0.4,1.0,0.8,182,8.096094590210924,29.93176190813592
15,40,0.5956981436705355,0.6184488629980793,0.6195953876572031,0.6609015519968118,0.5923046107147788,0.19088599577500984,0.13103921967006982,0.4810106313687183,0.4,1.0,0.8,184,8.102322852008593,29.10376280613026
15,41,0.5958138998130305,0.6177290124872312,0.6191708469549345,0.6615704479070924,0.5940154148955163,0.19155209887344754,0.13103942249708425,0.48101113892936126,0.4,1.0,0.8,186,8.069995167492142,28.80840311114264
16,0,0.9511367156073486,0.8910329161419253,0.8901775734714328,0.8863309298174867,0.0,0.0,0.0,0.0,0.4,1.0,0.8,1,221.81111616956608,1332.7729270525765
16,1,0.9184758892220108,0.9098475007906772,0.9088353874087267,0.9046971877463368,0.06759725050819575,0.09657690664629612,8.406781176457622e-05,0.00010440623712032999,0.4,1.0,0.8,3,205.27273469469017,1245.544411013793
16,2,0.868086481849395,1.086885487557062,1.0848278054367293,1.0769051686982887,0.7330713342437716,0.09885320144381961,0.08061290887711842,0.286124372542057,0.4,1.0,0.8,4,111.6006224636718,761.5018153814104
16,3,0.7344563738517047,0.9957534340715294,0.9933294719201455,0.9845415255929764,0.43906346484948117,0.09888208862798652,0.07322106553870984,0.23976600435143197,0.4,1.0,0.8,5,98.26223481649882,585.2111897725621
16,4,0.7418009790608829,1.0150501186469643,1.012510503984971,1.0032861634713253,0.383916039659118,0.0989099443651652,0.08309051387096926,0.26994404223566015,0.4,1.0,0.8,6,99.70705764795562,444.67525267414806
16,5,0.6935370344659416,0.9719065963079867,0.9692814043922039,0.9603082957169086,0.33493519101807023,0.09950455608269523,0.07403332664626339,0.2406702285585784,0.4,1.0,0.8,7,87.71421523433945,549.6612287116351
16,6,0.6968068312491442,0.9862661871238898,0.9835022770361532,0.9743107851010705,0.39253964063413116,0.09785847823809955,0.08316702866987356,0.270129591965412,0.4,1.0,0.8,8,88.59748408404701,411.0904732741445
16,7,0.639319486466526,0.9383416051425161,0.935669704081264,0.9255853805458497,0.39191057901784776,0.10320079040919136,0.07804232516871522,0.2475530261181723,0.4,1.0,0.8,9,71.97663731762206,507.0102289208325
16,8,0.5906369839998563,0.9031340635869458,0.8999758127637854,0.8883622645216194,0.5263222899314108,0.0981186487289072,0.08507530341571144,0.2747571917036715,0.4,1.0,0.8,10,60.54364005404548,327.8993254202289
16,9,0.4812178369979885,0.7826831275210577,0.7787941268681355,0.7648121625078074,0.5815114018744237,0.10270576241909188,0.07876150727394796,0.24616658597697696,0.4,1.0,0.8,11,43.08533813816479,330.2661749018261
16,10,0.3557049825722245,0.6481865744406694,0.644052303147667,0.6289214955458388,0.3045434722545371,0.10639384705377793,0.04536588800035858,0.15700423437323197,0.4,1.0,0.8,12,39.677077897869445,150.166729786539
16,11,0.4587908433217802,0.7390092058623755,0.7346165522880244,0.7192867940644353,0.3849781836420252,0.09362247858047709,0.08525048911132439,0.2682175222483204,0.4,1.0,0.8,14,34.94573032306433,196.84772189814467
16,12,1.378660061114815,1.6477205147365672,1.6437383632009288,1.6289499495638786,1.2886961728336148,1.0,0.07093630599038454,1.0,0.4,1.0,0.8,18,29.28670353535539,821.484682896886
16,13,1.36415027894228,1.6244393375582797,1.620315002883816,1.6054758413326473,1.2918056406874716,1.0,0.06575791695578855,1.0,0.4,1.0,0.8,20,28.17157217486304,976.6049437602376
16,14,1.2679578683735864,1.4652458604299112,1.4608868998844176,1.4415521832385192,1.3686767259804586,1.0,0.013680601582085143,1.0,0.4,1.0,0.8,22,17.19196390467967,1651.9242169590325
16,15,1.2490335742962604,1.4005820295083597,1.395714538599197,1.3753407727056675,1.3998410352596968,1.0,0.01381504142218732,1.0,0.4,1.0,0.8,23,13.58884013582026,1495.8689985286053
16,16,1.2433569694171611,1.3776575738142625,1.372609600156869,1.3524800763679647,1.247022840086892,1.0,0.013883928807374877,1.0,0.4,1.0,0.8,25,12.470267063902998,1496.5168659767726
16,17,1.2416301627775481,1.3696683496581832,1.3645548873086983,1.3451371492114892,1.2269817656798416,1.0,0.014237478056521174,1.0,0.4,1.0,0.8,27,12.005738161892609,1491.952677243563
16,18,1.238051179382975,1.3533491956085413,1.3484108096043148,1.329260967913744,1.2371327916291213,1.0,0.01422758638743677,1.0,0.4,1.0,0.8,29,11.29327694901711,1494.7053649397842
16,19,1.2376383677743725,1.351930059133279,1.3469815789137847,1.3286184389293112,1.215950801394062,1.0,0.014094725629778317,1.0,0.4,1.0,0.8,31,11.628310101366209,1371.3244839867616
16,20,1.2370589878289084,1.348622515295919,1.343646743503404,1.3255343183406725,1.224277633149092,1.0,0.014263835457451388,1.0,0.4,1.0,0.8,32,11.060472831321295,1494.4701657560963
16,21,1.2361165027839767,1.3451662029348035,1.3404682148174392,1.3221473123904277,1.2235573541516902,1.0,0.014024794525299172,1.0,0.4,1.0,0.8,33,10.91687927081552,1495.662685162776
16,22,1.2402052671754995,1.345197873387391,1.339853846133575,1.322197801696997,1.2332860456669605,1.0,0.01914135882366305,1.0,0.4,1.0,0.8,34,11.559680025031698,1335.1736587806586
16,23,1.2359831497211415,1.3407199048630807,1.3356761988213057,1.3195801952887938,1.2156609845747395,1.0,0.01501251474586911,1.0,0.4,1.0,0.8,36,11.224143309986008,1221.2590033158906
16,24,1.2359613726062193,1.3403542001592164,1.3353071087935686,1.319198106971272,1.2163368483063042,1.0,0.015080930294105746,1.0,0.4,1.0,0.8,37,11.20413690859417,1221.1578179498283
16,25,1.233563510545852,1.3331588607321274,1.3280637893100655,1.3128403446495684,1.2325120394939024,1.0,0.013995708162986167,1.0,0.4,1.0,0.8,38,11.427286819336448,1311.3600785168903
16,26,1.2338485302850675,1.3318404213768011,1.3267302756124484,1.3110094902469251,1.219199614515167,1.0,0.014601760186430881,1.0,0.4,1.0,0.8,39,10.781505506576671,1238.3574343692983
16,27,1.2299858529898917,1.314147415127745,1.3089025252798159,1.2939693513844477,1.2388113238562175,1.0,0.01407430291359278,1.0,0.4,1.0,0.8,41,10.592538427366264,1313.4472793908274
16,28,1.2301157345613687,1.3134156399946542,1.3081624332755708,1.2937750512147574,1.2159332693636336,1.0,0.014403437163546588,1.0,0.4,1.0,0.8,43,10.468888381648034,1327.6982803874623
16,29,1.229503886957567,1.3118951760812205,1.3066332025230638,1.2927293747019755,1.217219718352056,1.0,0.014000400009570198,1.0,0.4,1.0,0.8,44,10.591997676437456,1313.5044173508134
16,30,1.2295382521280525,1.3116042562684607,1.3066420437249249,1.2937935839082753,1.2156010859959352,1.0,0.014129888612643077,1.0,0.4,1.0,0.8,45,10.510573912592792,1301.2603582364118
16,31,1.2274512415108931,1.3020355683753448,1.297910213868865,1.283346654750615,1.2228919011290773,1.0,0.013777927894066387,1.0,0.4,1.0,0.8,48,10.76256143367375,788.1685077588636
16,32,1.2550084104984451,1.322711966610366,1.3182181298430224,1.3045858982377956,1.250731765147699,1.0,0.04279613267406347,1.0,0.4,1.0,0.8,51,10.517197271320338,857.5393233951719
16,33,1.2245365006976137,1.28509075414033,1.280832145047144,1.2674727451600947,1.2389694009985945,1.0,0.01381909031799027,1.0,0.4,1.0,0.8,52,10.183490923677551,781.3886092003972
16,34,1.22528049826273,1.2850694664928393,1.2808035989725408,1.2670814639691064,1.2173734891294392,1.0,0.014718077835410818,1.0,0.4,1.0,0.8,53,9.93675202212454,794.593151657564
16,35,1.222678915871648,1.27394922379951,1.269300393771413,1.2559660302192488,1.2428603644379823,1.0,0.013779049363857591,1.0,0.4,1.0,0.8,54,9.909634148377902,734.2159490618351
16,36,1.222125167580505,1.2720747075756231,1.267716458061405,1.2553846448756187,1.214708202138071,1.0,0.01349633669646928,1.0,0.4,1.0,0.8,58,9.81174569168532,752.5067712614506
16,37,1.2222172619807858,1.2714065940309476,1.2670412444912296,1.2549829492663727,1.2163437110462563,1.0,0.013733643827414663,1.0,0.4,1.0,0.8,59,9.82902285660322,734.4154068861577
16,38,1.2223463898000249,1.2702388901834014,1.2661643159720166,1.2547750586293889,1.2189100193882316,1.0,0.01412759507585484,1.0,0.4,1.0,0.8,60,9.764702213269326,761.1746132483966
16,39,1.2211276887722233,1.2646544311741654,1.2602362527028776,1.2488783912371604,1.2283100201678727,1.0,0.013707312452868062,1.0,0.4,1.0,0.8,61,9.661697206389793,775.5474572580671
16,40,1.2202137884355775,1.2608253461389256,1.2569860399280524,1.248874346840551,1.2146808618604454,1.0,0.013361209622477251,1.0,0.4,1.0,0.8,69,9.564098915523328,790.9171292397214
16,41,1.320806842935509,1.3610124993689467,1.359895947333777,1.3646600655445975,1.314264785667596,1.0,0.11417480039789689,1.0,0.4,1.0,0.8,115,9.50259814585682,790.5188359931698
16,42,1.2199628560075348,1.2596195098330525,1.25970967233336,1.2773563715947165,1.2136055857542005,1.0,0.013494914244325786,1.0,0.4,1.0,0.8,143,9.473642343818726,790.5307149617345
16,43,1.605863600229347,1.6453001279370838,1.647508868824191,1.674753515780851,1.5996590609435066,1.0,0.3995481251300248,1.0,0.4,1.0,0.8,169,9.525247336895454,772.6314937537434
17,0,0.947665990739457,0.8900964680419287,0.8892338477281937,0.8853590320986229,0.0,0.0,0.0,0.0,0.4,1.0,0.8,1,224.6826983619305,1349.700923484295
17,1,0.9198116394070833,0.9094106557778511,0.908404293420761,0.9042884630369753,0.06403217305378925,0.0936337228020915,8.400228301427408e-05,0.00011546190432843,0.4,1.0,0.8,3,208.9718064789693,1308.0042467600167
17,2,0.8731062199027435,1.0962915997065714,1.0942031877884613,1.0861643375573198,0.7600548560121438,0.09948789179263842,0.08150813897967975,0.3013397007173789,0.4,1.0,0.8,4,123.91060532601146,738.6566483643294
17,3,1.483312247725884,1.7938330459156357,1.7904286884199336,1.7777434751676071,1.7104678938149238,0.2445487317821581,0.3297581361484827,1.0,0.4,1.0,0.8,5,66.26260994250772,251.75485939498185
17,4,1.3842809047816407,1.6936819331224313,1.6898222228951054,1.676494915191494,1.2690262063751845,0.1851800544590895,0.31136083548140137,1.0,0.4,1.0,0.8,7,52.61725830332555,223.81475474210995
17,5,1.4280950481835366,1.7368112907265962,1.732906702240628,1.7197405625395137,1.2510418101989904,0.24312098074631322,0.3370425574463456,1.0,0.4,1.0,0.8,8,55.41887938755188,209.62649156642564
17,6,1.6319469492544934,1.8875839656286433,1.8824775591756888,1.8646480663133704,1.9805243490207054,1.0,0.3381847550085094,1.0,0.4,1.0,0.8,9,29.099615944395826,82.10179548870673
17,7,1.6047531038259915,1.8235118638043941,1.8179019647444505,1.7986834736046533,1.63009408242999,1.0,0.3382638307497274,1.0,0.4,1.0,0.8,11,22.94558696364723,76.38873162208755
17,8,1.59507045651246,1.7965483237277535,1.790724927481152,1.7711240469745977,1.578249282194415,1.0,0.3385010579733809,1.0,0.4,1.0,0.8,13,20.040541847313484,64.1987177157606
17,9,1.55401954414967,1.7395714469543555,1.7335638378674203,1.7140610745475844,1.571537348286756,1.0,0.30499638379201216,1.0,0.4,1.0,0.8,14,18.560275890296264,53.990044513634544
17,10,1.24621766548163,1.4008283022106178,1.3947807320983954,1.3733510196324816,1.3374692853281305,0.1913157859515717,0.33341810880073086,1.0,0.4,1.0,0.8,15,15.510783349433243,75.0686643630156
17,11,1.210459839965838,1.3535540348537638,1.347385967676919,1.3263879061762547,1.2209135768135406,0.1949145707308228,0.30005332189204104,1.0,0.4,1.0,0.8,16,14.99334236368645,52.82437087247741
17,12,1.2386782448708171,1.3732011546180831,1.3669431444694782,1.3451567880888122,1.2431317544846632,0.18828310167585585,0.3338134875068202,1.0,0.4,1.0,0.8,17,13.782023967660708,70.9507085130467
17,13,1.202102877105577,1.3024361155192827,1.2967429440887503,1.272985528822794,1.3087842152880398,0.2076386188749991,0.29918649078845055,1.0,0.4,1.0,0.8,18,12.075239439082871,41.6951187207448
17,14,1.1975217181428595,1.2825917291836668,1.2767497109724892,1.25330070276586,1.208616203079297,0.20529954178744764,0.2992454238730682,1.0,0.4,1.0,0.8,20,11.181597716503276,41.65043285593768
17,15,1.19708269114286,1.2808057939600987,1.2749508032052774,1.2515996540475025,1.1859007302739988,0.2048907518582573,0.2992751929950859,1.0,0.4,1.0,0.8,21,10.904410542898583,41.256661407153246
17,16,1.1828411986765643,1.2578123187741423,1.251873113845898,1.228298982341701,1.1999504857652958,0.20942343656687817,0.2851995621475865,1.0,0.4,1.0,0.8,22,11.313629080564828,37.920392981201005
17,17,1.1961264060334387,1.2685597995988465,1.2625963017150825,1.2390839402939648,1.1916811883604814,0.21097878820978816,0.2984148997766791,1.0,0.4,1.0,0.8,23,10.841844482259155,38.57710706108793
17,18,1.180890555934697,1.2475458529359167,1.2415273588465217,1.217804243994237,1.1889794329044459,0.20871897895673247,0.2853149652106094,1.0,0.4,1.0,0.8,24,10.847173194658142,34.30583881781636
17,19,1.1804410438858068,1.2462658608642356,1.2402394717121514,1.2179261005160884,1.1699810395130448,0.208399162389181,0.28516817073644435,1.0,0.4,1.0,0.8,26,11.09291557959252,35.17160452660197
17,20,1.1810150463677105,1.2459283833796828,1.2398933291701901,1.2175471187211717,1.1708912761017372,0.21097527768546764,0.28490317098908907,1.0,0.4,1.0,0.8,28,11.052543016677282,34.52176888518646
17,21,1.180223126806271,1.2406243342324297,1.234546641349818,1.2124656477629234,1.1850738469308517,0.21123566608648486,0.28493294011110676,1.0,0.4,1.0,0.8,29,10.61667211722631,31.829806394172085
17,22,1.1794797318456536,1.2387186576972091,1.2326299816262338,1.2095601942150969,1.172946675553086,0.20938697131502443,0.28516429402717236,1.0,0.4,1.0,0.8,30,10.444162671511506,32.08804757403924
17,23,1.1788473667001251,1.2349237101147525,1.2288052424009164,1.2072686461192559,1.1798585081950068,0.20975253584021442,0.2850184865965181,1.0,0.4,1.0,0.8,31,10.021094863691928,32.11000687498773
17,24,1.179994025724724,1.2353240679929047,1.2298045006555791,1.2095339672259837,1.1708890472795404,0.21447756342535143,0.28445842562247786,1.0,0.4,1.0,0.8,36,10.575437546082885,32.64901546476811
17,25,1.1829515467800853,1.236255521098876,1.2307169157981364,1.211960106882698,1.1806095056689128,0.21397509318272462,0.28801566443528065,1.0,0.4,1.0,0.8,37,10.484924007429331,36.23478508576428
17,26,1.1795787759368785,1.232376653837362,1.226833265136881,1.2078722186342241,1.1709056300576612,0.21465096925485497,0.2844702070226391,1.0,0.4,1.0,0.8,40,10.29328022296163,31.380246834969352
17,27,1.181141365296082,1.2279543861684235,1.2226579895889653,1.204529734560877,1.1939201184026893,0.21248994403369115,0.2880609625426655,1.0,0.4,1.0,0.8,41,10.195648655887885,42.425148641740726
17,28,1.1809143051088526,1.225806665885805,1.220492351436734,1.202091476293294,1.1764769474604624,0.21579102411627332,0.2868736335559806,1.0,0.4,1.0,0.8,43,10.085889144131317,32.52803555123772
17,29,1.1810827402800084,1.2260500666027534,1.2210394557670603,1.2038151679833167,1.173378362590324,0.21582407986166857,0.2870316490415913,1.0,0.4,1.0,0.8,46,10.08898829281891,32.5574451184796
17,30,1.1788590031986699,1.2227589945031472,1.218041386909899,1.2005848989874421,1.1753090279421374,0.20800816791139085,0.2881495257914737,1.0,0.4,1.0,0.8,47,10.084842601170488,43.5362654088804
17,31,0.39872773994496824,0.4411404936772503,0.4370148678784094,0.4231814782767843,0.39224208706212693,0.1549704321274049,0.07783352818298192,0.3146349533542954,0.4,1.0,0.8,55,10.134887462014806,33.85062844263203
17,32,0.39164099046288636,0.4301580574367325,0.4256934097293066,0.41221260749480426,0.3980958736325313,0.15489626724399008,0.07609654301504175,0.3088501315520896,0.4,1.0,0.8,56,10.089970499483297,46.754109128755104
17,33,0.4020801949835995,0.4381931185293448,0.43431216379803494,0.4213235808179383,0.39824136042766667,0.15423687080209283,0.07915015332904023,0.3189918269743639,0.4,1.0,0.8,60,9.831070745448953,37.03813784571609
17,34,0.40175685280374873,0.43558359597857127,0.4319844396381827,0.4203184756586157,0.40014474882145856,0.15502672215750785,0.07913062082858983,0.3187394692702052,0.4,1.0,0.8,62,9.742859951628027,36.57046514883003
17,35,0.4035785884171816,0.4369141354982682,0.43331045372754845,0.41731690784457165,0.39859533555027066,0.15549425658465788,0.07969602468998017,0.320183750961311,0.4,1.0,0.8,65,9.741912230569822,36.12289080387824
17,36,0.40125796518277307,0.4330179967866685,0.4297027374122728,0.4192960396310933,0.3988292135518681,0.15501506330806905,0.07910878572915844,0.3186195535224911,0.4,1.0,0.8,67,9.656958312807928,33.287793352991365
17,37,0.3997912147851842,0.4315000151136276,0.4281842810298828,0.41874697538032085,0.39461034350627605,0.1540752971826776,0.07873926024245538,0.3177290177625796,0.4,1.0,0.8,70,9.686771373280967,32.84105467200394
17,38,0.4041468839142125,0.4328296569563882,0.42918315930243783,0.4219789308396379,0.4013979339079312,0.15577793254498404,0.07998450379102864,0.3213977939527579,0.4,1.0,0.8,75,9.544208101356048,31.34773401834404
17,39,0.4030735233842497,0.43015060397043314,0.42739823604331373,0.42213057469073445,0.39929199667738263,0.15530642533900194,0.07990623126760776,0.32078840594201063,0.4,1.0,0.8,85,9.490500184605402,31.85770950541844
17,40,0.40258114254266064,0.4293241910393767,0.4265687459493245,0.4219904140665256,0.3987864784876397,0.15544941843799015,0.07997983182535127,0.320080047087116,0.4,1.0,0.8,87,9.52763855286114,31.831403911722813
17,41,1.0388833151596062,1.0652723852803225,1.0643315273108973,1.0666803545521688,1.0348074589803842,0.3825587410744582,0.08165303573172919,1.0,0.4,1.0,0.8,110,9.4826617699551,44.96661296667156
17,42,1.0389230216843406,1.065398936589282,1.064761782038786,1.069007132113611,1.03471888348331,0.3826587368751627,0.0816532744690275,1.0,0.4,1.0,0.8,115,9.48270441576679,44.97691089951058
17,43,1.038525445249036,1.0640541834258006,1.0634083078000276,1.067899667403833,1.0376660569054903,0.38143550504398366,0.08190390216363785,1.0,0.4,1.0,0.8,116,9.418893232486049,43.68788916359296
17,44,1.0783108324858945,1.1037130279984497,1.1036719043515553,1.1092118944913585,1.074658511601958,0.4780199914530662,0.08310676656220656,1.0,0.4,1.0,0.8,119,9.321605587295752,45.91850180357751
17,45,1.0257057539397803,1.0496134948621305,1.049558658448115,1.0553909868235078,1.024470806207507,0.3494350626780983,0.08218445396602568,1.0,0.4,1.0,0.8,121,9.269042924160424,37.73737548726555
17,46,1.0791948184366573,1.1026844296628706,1.1026257714347112,1.109132643092832,1.0762190531894904,0.48178917872159566,0.08280112781158588,1.0,0.4,1.0,0.8,123,9.32817228642616,42.19449892681895
17,47,1.0152890749541341,1.0376417838685985,1.0366639309439507,1.0470562648588437,1.0121180808446237,0.3234272927730872,0.08238327147089113,1.0,0.4,1.0,0.8,131,9.482241490257502,163.12400646154484
17,48,1.0867359589146153,1.1091043395978517,1.1096414087345354,1.1191056155683543,1.0840016343155106,0.5011755199893482,0.08280235051896173,1.0,0.4,1.0,0.8,133,9.279048756038502,41.90558101094688
17,49,1.086697075253299,1.1088686343663885,1.109403895785638,1.1202363675059166,1.0835960316405013,0.4998303526534558,0.08333385810102686,1.0,0.4,1.0,0.8,135,9.279453222257947,42.28859372524459
17,50,1.0961884979597603,1.1179820220547374,1.1191198102481086,1.1325958880758527,1.0937849772104147,0.5261471002786846,0.08239008923507732,1.0,0.4,1.0,0.8,137,9.308761717508032,85.60992664102889
17,51,0.9827678301950441,1.0018731796290496,1.001774492425034,1.008399889258762,0.9824079724242121,0.24351197803167798,0.08240244010929805,1.0,0.4,1.0,0.8,140,9.220555501892957,630.4682684171286
17,52,0.98293673175149,1.0018332087266408,1.002641544538998,1.0108301780380635,0.9808553498472844,0.24400547949492507,0.08245134715187831,1.0,0.4,1.0,0.8,142,9.2244682979022,618.669619840218
17,53,0.9734974365542463,0.9915493815768168,0.9914411168050239,1.0070865059387684,0.9710914509972035,0.22103925721550163,0.08229116018491091,1.0,0.4,1.0,0.8,147,9.209891872863285,406.5662254959371
17,54,1.0339538473162269,1.0506278874030737,1.0517189759482715,1.0720864413474602,1.0320875490733672,0.372231108803848,0.08254933277628317,1.0,0.4,1.0,0.8,156,9.33290500839024,203.4192815995268
17,55,1.0338947147523687,1.0502021844650327,1.0512899537638505,1.073058608141292,1.0320531941548472,0.37222532533435493,0.08255092225396161,1.0,0.4,1.0,0.8,158,9.304383804901358,203.42377772859217
17,56,1.0338947140690946,1.0502921896956,1.051683735326888,1.0741455433272187,1.0314410956853628,0.37222532392865204,0.08255092214720448,1.0,0.4,1.0,0.8,160,9.304383789137288,203.42377679735856
17,57,1.033842075500106,1.0508640638351219,1.0543820196543514,1.0689298956814919,1.0314079431051748,0.3720986415249104,0.08254984438718718,1.0,0.4,1.0,0.8,161,9.318530998314648,204.26039017824493
17,58,1.0340788097056226,1.0503646052318183,1.0514522041565724,1.0746340356109936,1.0316826937921106,0.3719509337657504,0.08284823801468033,1.0,0.4,1.0,0.8,162,9.322535280951982,215.7366774077795
17,59,1.0287151457523884,1.0441763197769034,1.044953368108969,1.0711997608053279,1.026627068880666,0.35892215405245936,0.08281283474271314,1.0,0.4,1.0,0.8,172,9.253167064236322,211.1664024871217
17,60,1.0332336273076237,1.0484851976596843,1.0492603164799934,1.075499456969554,1.0312836222645407,0.3699834552761669,0.0829400498514502,1.0,0.4,1.0,0.8,174,9.27030042637676,199.65265034197856
17,61,1.0332527745831952,1.0485048135740698,1.0495829712127263,1.076123409066377,1.0311161570493765,0.37004425459031176,0.08294905787644594,1.0,0.4,1.0,0.8,176,9.273090855531033,199.9284503576457
17,62,0.9960539865752942,1.0113339690478478,1.0133212308867883,1.0467665275625224,0.993864003227621,0.275874131703154,0.08345663427867415,1.0,0.4,1.0,0.8,190,9.270164959411108,108.9217229817228
17,63,1.0076924806213927,1.0226621749510196,1.024949655511667,1.0582610989582237,1.0068443809599792,0.30487668312691296,0.08355737925425968,1.0,0.4,1.0,0.8,191,9.219253371475958,108.447566938106
17,64,1.027454037791664,1.0424100624481158,1.0446973989879176,1.0825590253820545,1.0252869398224451,0.35410446175797944,0.08362997664846947,1.0,0.4,1.0,0.8,194,9.306003105928722,89.75175126961196
17,65,0.9946841380164366,1.009544885106743,1.0118313636488478,1.0470109871833175,0.9928345656000044,0.273424178855246,0.08314722243303843,1.0,0.4,1.0,0.8,195,9.232058066796307,105.74870473990616
17,66,1.02932913423431,1.0436736220327192,1.0456523534841426,1.0841685244582266,1.0286514980582093,0.3589405553468437,0.08365286497485681,1.0,0.4,1.0,0.8,196,9.234699451208686,89.18478940800588
17,67,1.0293017486315819,1.0436954632217392,1.0459776834594292,1.084904663689595,1.027276101152723,0.3586119718748585,0.08376333401252656,1.0,0.4,1.0,0.8,198,9.233036930471435,89.33804458317701
18,0,0.9510472162710626,0.8910090083248425,0.8901535347035222,0.8863061171163182,0.0,0.0,0.0,0.0,0.4,1.0,0.8,1,221.683707709939,1356.8996424895995
18,1,0.9480484771003759,0.9201563258693872,0.9192048497894667,0.9152983848071102,0.05901243994805419,0.10326247146534684,2.073732655007983e-05,6.986205701064e-05,0.4,1.0,0.8,3,213.02404876195115,1230.3900985548216
18,2,0.8391247429508599,1.0601330419230797,1.0580588389114365,1.0500727153521667,0.7366516379965549,0.09949555276506752,0.08557968459612014,0.2487701863884523,0.4,1.0,0.8,4,118.83912434968876,800.6329748637446
18,3,0.7613564031148774,1.0250583065191134,1.02260849321635,1.0137211027479494,0.4751411423039768,0.09891228398839048,0.06712823399149444,0.28811422443672474,0.4,1.0,0.8,5,94.66863209593669,618.4627941590924
18,4,0.809709492416039,1.0913887491247227,1.088718396540497,1.0789893081146111,0.5126823552707865,0.09893300170491416,0.07478559880027882,0.39656860880333983,0.4,1.0,0.8,6,83.34851944162841,489.73350554031816
18,5,2.1686821524092172,2.4659615157550716,2.463029237465051,2.4529223537758114,1.8879470604660376,0.09890221709711963,1.0,1.0,0.4,1.0,0.8,8,76.89351724242975,540.8989208895108
18,6,1.589043240743826,1.8939716855835844,1.8908338518365093,1.8806704508874221,1.3685774791319991,0.09936358054366892,0.45401400117239876,1.0,0.4,1.0,0.8,9,73.54737570567944,411.3477079632248
18,7,1.5474107718403565,1.8581284823406286,1.8547063748344714,1.8447421507888608,1.3463183159452203,0.10010189144617791,0.4540894879089105,1.0,0.4,1.0,0.8,11,62.71342636340943,373.1961223472573
18,8,1.4626394295548926,1.7741888061572917,1.7705607410972324,1.7600193531926016,1.3121474517646878,0.10051607764007937,0.3962275371083634,1.0,0.4,1.0,0.8,12,58.42506105419006,284.55991737887365
18,9,1.5225743152788,1.8337918318253026,1.8300955258602405,1.8194717799461926,1.3297474050029865,0.10107336916129286,0.4643095642076729,1.0,0.4,1.0,0.8,13,53.73847780444412,343.3634616398141
18,10,1.5373102553724136,1.84604436071492,1.8421447670377804,1.830975316716504,1.4175254352356261,0.10055476295650445,0.5026662720918567,1.0,0.4,1.0,0.8,14,50.62488456787682,300.84113011920743
18,11,0.43535556305323087,0.7292761313362308,0.7248793081022717,0.7113858019531418,0.4721706723515402,0.10132237448033668,0.03739352695934765,0.2644322538962304,0.4,1.0,0.8,15,45.61584481838788,250.4395570013285
18,12,1.1773151627279,1.4639101471438347,1.4593485151245917,1.446060734209921,1.105553605755233,0.10062014638227305,0.20485057430494988,1.0,0.4,1.0,0.8,16,36.10558341547953,244.51645050812547
18,13,0.41458687040665165,0.6995111299859743,0.694914867401748,0.6812893938780138,0.29786442195590357,0.10144702894400463,0.037258102579039956,0.25910068714156104,0.4,1.0,0.8,17,42.15295241166738,230.57694228852327
18,14,1.1585706960285085,1.4323459104722702,1.4275382756296753,1.4139671069757869,1.1225367064136869,0.09987051278030336,0.2049346130527704,1.0,0.4,1.0,0.8,18,32.082327754529786,227.23124098551563
18,15,0.17497408826456382,0.43020920537356516,0.4266119615092458,0.41073068062375834,0.19476377434952233,0.10504765276383421,0.005309023005030628,0.04283704757148455,0.4,1.0,0.8,19,32.71607500745208,135.0156054540541
18,16,0.17135520559513612,0.40826923874997423,0.4041074612198933,0.38747915187983145,0.14083609886958937,0.10022013249937126,0.005681579393040768,0.058994694476676414,0.4,1.0,0.8,21,27.25932348233109,115.10824454216272
18,17,0.16846670267972652,0.4023272039638196,0.39812414430597753,0.3822598860250059,0.10744689841860618,0.09742185270888992,0.005360354631635342,0.05994247153872249,0.4,1.0,0.8,22,26.50719392889504,123.6723344611298
18,18,0.23835877776480138,0.4604084383304282,0.4563535998285041,0.44018248274775995,0.19869173329029977,0.09721860378096636,0.00725336641750133,0.15496111899297632,0.4,1.0,0.8,24,24.05752533842488,102.10646123389525
18,19,0.22068902652447064,0.43463808953427546,0.43048120056387446,0.41434571315620317,0.1947402616680875,0.09714485455110072,0.004045274299439167,0.14302304308710878,0.4,1.0,0.8,25,22.32816815008984,97.70220961998233
18,20,0.22068902652636127,0.43463808953427546,0.43048120056387446,0.41418553514828055,0.15732171643525827,0.09714485455110075,0.004045274299439167,0.14302304308710878,0.4,1.0,0.8,26,22.328168152160007,97.70220933417964
18,21,0.20970313553510778,0.4026360651998505,0.3982272935376847,0.382105186594434,0.24999069503580248,0.09708612487527449,0.004090152315035151,0.1431360596259814,0.4,1.0,0.8,27,19.775906421160744,81.92630456249171
18,22,0.20105618809149906,0.3754973920466627,0.3708785063078449,0.3537868829689318,0.23422079608258684,0.09602071026567892,0.004124154638570178,0.14316485712105348,0.4,1.0,0.8,28,17.644896979740636,78.9423452668284
18,23,0.16220869278052186,0.32852920013942283,0.32382069347506354,0.3062792484454162,0.13793746618062308,0.09586628709730216,0.010123820571780975,0.09128508493057871,0.4,1.0,0.8,30,17.461471219422744,125.6918335128477
18,24,0.1441025688792705,0.30058405091308416,0.2957691723021437,0.2788134583668258,0.14617595039258438,0.09426209446257848,0.009300838138816799,0.07513309345096963,0.4,1.0,0.8,31,16.210223615233108,124.66300746545733
18,25,0.1545753592353699,0.29601089518121815,0.291036953479003,0.2730309684375086,0.18122530614710672,0.09571408372505802,0.010539310877504132,0.092475400477667,0.4,1.0,0.8,32,15.131264119215608,113.41491427100804
18,26,0.14180053980271354,0.27892700299430695,0.2739082579664086,0.2565560064143239,0.12787319271698183,0.09695746793286272,0.010744236947114232,0.07737767471373064,0.4,1.0,0.8,33,15.12962191160178,103.90542843433477
18,27,0.15151757841554397,0.28352052856471455,0.27844886630123,0.2611695316968716,0.14217667510041304,0.09648260481814155,0.010933734903955212,0.09154149356265716,0.4,1.0,0.8,34,14.308837471618878,109.32728081717664
18,28,0.13593090991329565,0.25326719600258096,0.24804643954415256,0.2306590905082235,0.16628373624153373,0.09670239508385682,0.010861145764752519,0.07746032678064768,0.4,1.0,0.8,35,13.547605987060546,102.37860575841331
18,29,0.14538573998165838,0.26016162704993656,0.25491508240063626,0.23798971563842936,0.1312007684280956,0.09652589877974038,0.010278610960817643,0.0909978954313473,0.4,1.0,0.8,36,13.218380509116,89.76975788736301
18,30,0.14505473493556467,0.2550515013067637,0.2497571838834427,0.23292892471380666,0.1401752083473115,0.09491884742704744,0.010641134601468828,0.09256716265121032,0.4,1.0,0.8,37,12.949428056624331,104.34925157362878
18,31,0.14324102711169234,0.24665448986814442,0.24129484748519558,0.22497720476384886,0.14660593431870927,0.0972511836904294,0.010500906557033535,0.09148793625301588,0.4,1.0,0.8,38,12.268628924055417,85.04026874701319
18,32,0.14117365295454581,0.24129769771540954,0.23620849096573365,0.2198495552099698,0.1275030612132831,0.0958532189227554,0.01037938717560408,0.09083772384599365,0.4,1.0,0.8,40,12.114818160379508,87.85689665752324
18,33,0.1392650489624959,0.23004255801873214,0.22455899502820997,0.20882454571510567,0.15501323335338876,0.09608816447878477,0.010442550498644603,0.09111493928268344,0.4,1.0,0.8,41,11.504549169544616,87.88040412360317
18,34,0.13843728804955774,0.2283079736161118,0.22311843067497397,0.20773406777501358,0.12296214173584007,0.09591374091018616,0.010374323317900428,0.09055180576638985,0.4,1.0,0.8,43,11.393230738018948,87.51736911749663
18,35,0.14048683708149157,0.22883082816940575,0.2233235515303231,0.20778738398869498,0.1287016464770676,0.09482988197092254,0.010754465478867528,0.09360863141613912,0.4,1.0,0.8,44,11.309169505996945,87.0247269267891
18,36,0.13790444919571504,0.22366981014429976,0.21844045395753506,0.203692371576183,0.13112323100747014,0.09603925315498149,0.010486031786955874,0.09089738932925112,0.4,1.0,0.8,45,11.170968904685813,86.32424548489699
18,37,0.17686094282759549,0.26144058272198517,0.25619969411217847,0.24170533800730254,0.1630033430356384,0.09336349935051848,0.019115944760262987,0.13049518896731999,0.4,1.0,0.8,47,10.70483611649806,82.68476466103382
18,38,0.13616931808309327,0.21595700290679126,0.21036701889445847,0.19617888510688658,0.137831970617928,0.09369068006968184,0.010544108218113558,0.09152324723002267,0.4,1.0,0.8,48,10.740843291304918,89.54651954345616
18,39,0.16155499653615832,0.24101264028227873,0.23572239254313718,0.22192912248416563,0.1474535960788541,0.0943571455739562,0.014558895337977985,0.11802109250700496,0.4,1.0,0.8,50,10.781693760729228,91.57439263548652
18,40,0.1664330447711242,0.24496560559925096,0.23966648390851963,0.22591366345742417,0.15507595765816826,0.0961655201982334,0.015371755097251682,0.12245892688968466,0.4,1.0,0.8,51,10.80600603667508,82.0628307265396
18,41,0.1652448910063691,0.2418018110776124,0.23648370342123304,0.22317777242622927,0.15801693326197386,0.09384560321590055,0.015418733980151658,0.12262553845959519,0.4,1.0,0.8,52,10.706000044374337,81.51262729700652
18,42,0.16139746957701828,0.23625955564272988,0.2309252338386406,0.21785407867268258,0.15354771927742902,0.09412623384623311,0.01485250657122115,0.11885153927985066,0.4,1.0,0.8,53,10.560183130019356,91.09307386217182
18,43,0.16157890528966457,0.2364221956247834,0.23108768313293393,0.2183126899225719,0.14783612076128885,0.09481021909071809,0.01482408059812891,0.1187770552975816,0.4,1.0,0.8,54,10.567356596760064,91.72758060657452
18,44,0.1613626178520683,0.2361560136996291,0.23112389384514748,0.2184756861903539,0.14807572227213756,0.09412623384623314,0.01485250657122115,0.11885153927985066,0.4,1.0,0.8,55,10.5410878746044,91.287563370931
18,45,0.16027814548969183,0.23081156719632548,0.22573876704860518,0.213837132749728,0.15240476601989217,0.09371527472740535,0.014842633515192376,0.11886918285357029,0.4,1.0,0.8,58,10.422870505147898,87.31330727794479
18,46,1.2228015048949867,1.2896222945215088,1.2857258818104145,1.2734776190692814,1.2250387695428646,1.0,0.01081096657587235,1.0,0.4,1.0,0.8,59,10.40068464500446,80.42374243673275
18,47,1.2231121694131322,1.2817863168678292,1.2778128845467978,1.2675082233850359,1.226938789281929,1.0,0.012791872622616466,1.0,0.4,1.0,0.8,61,9.92511069502564,76.89005820569096
18,48,1.2221810576961312,1.2788013909774967,1.2745056879633687,1.2634440811991927,1.219041120925691,1.0,0.012252399992853269,1.0,0.4,1.0,0.8,62,9.962716046510677,75.62479208530894
18,49,1.2202368916213886,1.2744129656998826,1.2703972357548992,1.2597062070528777,1.2195524494823093,1.0,0.010807624693546174,1.0,0.4,1.0,0.8,63,9.81504222523894,77.82577138655202
18,50,1.2201727734634331,1.2736550776947184,1.2696328295461003,1.2594593930172493,1.2132680774045457,1.0,0.010878951197051952,1.0,0.4,1.0,0.8,64,9.591025535938218,77.13444951940855
18,51,1.2192439818519722,1.2685959582813993,1.2645350695807998,1.2548493316361804,1.2178464359760934,1.0,0.010746512134108764,1.0,0.4,1.0,0.8,66,9.387203849019077,72.97808300044727
18,52,1.219244507409762,1.2686446369734696,1.2648871525807746,1.2556743199403653,1.2108268368715591,1.0,0.010755022177624706,1.0,0.4,1.0,0.8,68,9.389302660534383,72.7401790606154
18,53,1.2192127059077764,1.2685387020975458,1.2650834512319367,1.256020062111734,1.211035904367487,1.0,0.01075447506891482,1.0,0.4,1.0,0.8,70,9.406802883600918,72.65713910585892
18,54,1.2193654797729732,1.268492801131789,1.265035681802104,1.2566128828396854,1.2116306569193394,1.0,0.010945279071553836,1.0,0.4,1.0,0.8,71,9.459697608954974,73.86495176303383
18,55,1.2249961124492443,1.27201099793229,1.268534181777091,1.2619783062596408,1.2187845703856224,1.0,0.01697537880069229,1.0,0.4,1.0,0.8,75,9.58929131188971,79.3242546778021
18,56,1.2259551930297772,1.26996479309202,1.2664599930113942,1.261674535919707,1.2219216066281224,1.0,0.018495394043128933,1.0,0.4,1.0,0.8,78,9.465679700429613,79.90097729719398
18,57,1.2261807945471075,1.2698094947375311,1.2663011202570604,1.2615021624217253,1.2200922357783777,1.0,0.01879144363246261,1.0,0.4,1.0,0.8,79,9.42193445311054,80.13485250377629
18,58,1.2256987409359525,1.2660573444598264,1.2625186271889897,1.2589100902878927,1.2226258260182479,1.0,0.018908492281156118,1.0,0.4,1.0,0.8,82,9.227112239926798,78.93738618024949
18,59,1.2256717351263364,1.2659716454831513,1.2627352935933462,1.260307434234643,1.2191617387807103,1.0,0.018908492281156118,1.0,0.4,1.0,0.8,84,9.2407244849293,78.93850094092203
18,60,1.0422643329805465,1.0814897612380496,1.0788494241527011,1.0786464400522333,1.0364395423051984,0.5690075372591007,0.008124987028467343,1.0,0.4,1.0,0.8,90,8.876836935192646,73.93289213215185
18,61,1.214463692426749,1.252805875638574,1.2504602853484392,1.2524769817449783,1.2089297853316547,1.0,0.008102388824086728,1.0,0.4,1.0,0.8,94,8.855632749450145,73.26198423719914
18,62,1.2142558424741643,1.2512094978780262,1.2488510224451463,1.2511609508441628,1.2097153291261118,1.0,0.008142729673454013,1.0,0.4,1.0,0.8,97,8.641932134529647,73.92520597310381
18,63,1.214059283489394,1.250825860281886,1.2487685975490497,1.2520437983129762,1.2089356262252338,1.0,0.007995445460164494,1.0,0.4,1.0,0.8,98,8.83853437390086,68.50755091086654
18,64,1.214057686054325,1.2508569592499068,1.2491030337377727,1.2536349953375205,1.208101367627405,1.0,0.008004042953283844,1.0,0.4,1.0,0.8,100,8.828294450026908,68.6085654249898
18,65,1.2406493257196136,1.2766682703828331,1.2743011549350138,1.2777137677920551,1.2351097097741104,1.0,0.03470222862431465,1.0,0.4,1.0,0.8,105,8.878048483339406,99.10057222634238
18,66,1.215863838690972,1.2500134556222922,1.24823503892216,1.252474231398727,1.2120147698361339,1.0,0.010277960459757601,1.0,0.4,1.0,0.8,109,9.140234595171906,70.04820883387166
18,67,1.2157647887134595,1.2490014450588394,1.2472145950240825,1.2537830057021855,1.2111137768638454,1.0,0.01033898898066356,1.0,0.4,1.0,0.8,113,9.189904817672089,69.80481162839972
18,68,1.2156288401127526,1.2480140677889173,1.2462193781072615,1.2544440504794223,1.2110694032731408,1.0,0.010350905726966569,1.0,0.4,1.0,0.8,117,9.063828864374768,69.55342150016267
18,69,1.216928721887613,1.2489843771481879,1.247489617544468,1.256998720975696,1.2131429921743129,1.0,0.0117236047428716,1.0,0.4,1.0,0.8,118,9.11415394605962,70.29354459850428
18,70,1.213395446682008,1.2444419834788951,1.2441497123923855,1.2550344575946932,1.209969790191856,1.0,0.008426878660696382,1.0,0.4,1.0,0.8,121,8.731033125782334,69.57389451822691
18,71,0.9171429617342125,0.946669932889055,0.9460607816745641,0.9552312042459359,0.9148326973292658,0.2599810199426179,0.008427115842225785,1.0,0.4,1.0,0.8,123,8.684937976735162,67.34332374773977
18,72,1.2131048240035112,1.2417421217438815,1.240821839921073,1.2607028205537822,1.2086260747755824,1.0,0.008517727191769756,1.0,0.4,1.0,0.8,150,8.601873397163724,79.89717683296246
18,73,1.228057698412932,1.2570544503426118,1.2582582157161113,1.2812014500392341,1.223630760104427,1.0,0.023516617276835,1.0,0.4,1.0,0.8,156,8.679356678688501,82.47443478525985
18,74,1.2129596336443214,1.24060246567903,1.2411878543095067,1.2638107842655693,1.2105957530009932,1.0,0.008617410174219919,1.0,0.4,1.0,0.8,158,8.723305215596126,86.85125292334287
18,75,1.2129006600140666,1.2409120969833527,1.2430155854156013,1.2715406309314985,1.2085905159951924,1.0,0.00857220376691452,1.0,0.4,1.0,0.8,173,8.717558300637219,85.66344643047405
18,76,1.1410296717259993,1.1678953919273978,1.168473596054012,1.1966417396777584,1.1379892412913457,0.8207464788535619,0.008519802448373618,1.0,0.4,1.0,0.8,175,8.691672948581811,67.55039600796802
18,77,1.1219885111387236,1.1482953217102099,1.148868441112191,1.1787737026170542,1.118573183671133,0.7733213097373034,0.008542606338987834,1.0,0.4,1.0,0.8,178,8.69881595895131,67.57076885398453
18,78,1.059348091415593,1.0836805347015772,1.084841541520463,1.1147331179510942,1.0628374492696913,0.61718058659268,0.008717845541743876,1.0,0.4,1.0,0.8,179,8.74965107557623,70.98972558815422
18,79,1.2124454851190138,1.2367746087895646,1.2379355824191844,1.2688938083254613,1.2086907816627508,1.0,0.008688021707801924,1.0,0.4,1.0,0.8,183,8.697277297707329,68.19803556856249
18,80,1.2124277683430855,1.236531542835745,1.2376904494677716,1.2690782274358814,1.2089621189628819,1.0,0.008707678052733016,1.0,0.4,1.0,0.8,186,8.61173949715383,77.88704849818187
18,81,1.2124202848457024,1.2365191189523244,1.237980932655343,1.2704828101389234,1.2087587983041264,1.0,0.008715909820100858,1.0,0.4,1.0,0.8,188,8.599930780402662,77.6141051138947
18,82,1.212414065498934,1.2364830540025544,1.2379445690021782,1.2711481071343929,1.208878301348689,1.0,0.008714651839318818,1.0,0.4,1.0,0.8,190,8.599083530656277,77.73424353665683
18,83,1.212609401239352,1.2367537532606063,1.2385188611486189,1.2729438970577478,1.2089620696704297,1.0,0.00891239709671388,1.0,0.4,1.0,0.8,191,8.68506791033551,94.22133183639394
18,84,1.2123924734276943,1.23640665910439,1.238170625876235,1.272846651539872,1.2091574869624875,1.0,0.008717012103309267,1.0,0.4,1.0,0.8,192,8.580537620508045,77.71576592575502
18,85,1.2126251529724619,1.2362672345043773,1.237724830636965,1.271967467255653,1.209354924341855,1.0,0.008996325887788923,1.0,0.4,1.0,0.8,194,8.757063560728701,111.21605625800537
19,0,0.9475011001010447,0.890051992470444,0.8891890358363148,0.8853128694506784,0.0,0.0,0.0,0.0,0.4,1.0,0.8,1,224.81754832483225,1346.3982449737778
19,1,0.9182815768328116,0.9119132103003549,0.910893828732707,0.9067278063119171,0.07051333029870581,0.10404539459931943,8.339773664612007e-05,0.00011270981830787,0.4,1.0,0.8,3,208.33538513288627,1267.6567667907482
19,2,0.85967357000508,0.896138881669696,0.8949742180692545,0.8908472200517861,0.0978809654346587,0.09959046667173535,0.0014107241009548536,0.00410182874067057,0.4,1.0,0.8,4,202.1248655241461,1711.3071909631262
19,3,1.4715278621559131,1.782066746359592,1.778661146674727,1.7659715853455429,2.0388786481641086,0.21588827246545989,0.3296123000940192,1.0,0.4,1.0,0.8,5,68.01951662962242,244.2111500392869
19,4,1.3246803256604733,1.6265147217319356,1.6223331075533343,1.607777378210613,1.3019855367376856,0.11564034689938758,0.31303655177810463,1.0,0.4,1.0,0.8,7,43.90434626712585,282.3614490647484
19,5,1.2918564541887136,1.5454611775677272,1.5406213903713444,1.5222591096997578,1.3787592141216098,0.16755311278159385,0.3336696971248206,1.0,0.4,1.0,0.8,9,29.220219212120394,97.37814308733924
19,6,1.2685714801505616,1.4929245101939976,1.4876820181617947,1.4683196903341698,1.2736006062831584,0.16428787108602042,0.3337479387803801,1.0,0.4,1.0,0.8,11,23.72877621408907,85.87361677175184
19,7,1.2360251898250503,1.4106143964938611,1.4047827851180192,1.3835983920067383,1.2998821145163786,0.15632382939786543,0.3296869556842701,1.0,0.4,1.0,0.8,13,18.13806287051126,61.568126281279085
19,8,1.240175356800877,1.4114194380692378,1.4055472485894522,1.384640974104053,1.2071981949687316,0.16365227835534485,0.3327190807977923,1.0,0.4,1.0,0.8,15,17.369766866252096,66.89895950174459
19,9,1.230366702281156,1.373177974577604,1.3670069833085874,1.3453255450435524,1.3018762904068326,0.16658402841255998,0.3313867298333296,1.0,0.4,1.0,0.8,16,14.79769000462319,79.50223006329243
19,10,1.229533000549573,1.3704226544497824,1.3642315283597837,1.3431453982626367,1.2051963975973479,0.1655752563045546,0.3315930549765588,1.0,0.4,1.0,0.8,17,14.601808696535889,79.07180916985087
19,11,1.1881487768233792,1.300789566125942,1.2943101416959149,1.272757174844629,1.2708678337775765,0.16127701086118976,0.30042663444280704,1.0,0.4,1.0,0.8,18,13.361499440625218,52.90399184854373
19,12,1.183004324146611,1.2733086256151527,1.2666087116875624,1.2451048936930749,1.20610444505973,0.16573366057379144,0.2992559496685555,1.0,0.4,1.0,0.8,20,11.659896296895004,42.97937675866457
19,13,1.1777436501363687,1.248037706041,1.2411450908237007,1.219144094610574,1.2001753800535628,0.16334112733739242,0.29949466836180255,1.0,0.4,1.0,0.8,22,10.574112084877218,38.5642946937362
19,14,1.1775600982191883,1.24094269950379,1.233984429949108,1.212412098948569,1.1781237349768456,0.166364736588353,0.29955373507660843,1.0,0.4,1.0,0.8,24,10.07816947153915,40.27813294864391
19,15,1.1768479028636416,1.2385977822806262,1.2319269941514062,1.2112960193394857,1.168722737225861,0.16044733784288953,0.30156162040806167,1.0,0.4,1.0,0.8,26,9.917009912973478,39.159157377451415
19,16,1.1754075481981496,1.232020334895017,1.2249981523418545,1.204578843834881,1.1740591338577615,0.16674742696030037,0.29862040027428266,1.0,0.4,1.0,0.8,28,9.64473108035424,37.31778664452552
19,17,1.175087530763156,1.2285435639076756,1.2214917083889896,1.2012179666102198,1.176518117684447,0.1666081947838829,0.29897965783732366,1.0,0.4,1.0,0.8,29,9.674488483017448,37.69893662588958
19,18,1.1758761148174806,1.228321964793508,1.2212606331876703,1.2014078622094684,1.1700894411153993,0.16982347550767346,0.29867946698908865,1.0,0.4,1.0,0.8,30,9.305165502408064,40.85470046727553
19,19,1.1739071289073228,1.2243804895253603,1.2173006860864595,1.1978342333241665,1.1718093659351598,0.1659185408409682,0.2986547097774962,1.0,0.4,1.0,0.8,31,9.268534728871511,36.96758358339408
19,20,1.1761304392045098,1.2257997990866096,1.218712461947883,1.1997571775717872,1.168781119224603,0.17178002642203144,0.2986880230956729,1.0,0.4,1.0,0.8,33,9.373113373918542,40.19056107890762
19,21,1.1747654852306066,1.2201876226462618,1.2130606288572843,1.1946958798656437,1.1741237139934602,0.1703420375871072,0.2987042933359911,1.0,0.4,1.0,0.8,35,9.09760977265881,36.87661885394777
19,22,1.1759527138929806,1.2207887887366837,1.2142621975022083,1.1974474914987707,1.1686974457700012,0.17275026894547976,0.29907197057879065,1.0,0.4,1.0,0.8,40,9.224540096351715,36.24072074806315
19,23,1.1700260245436054,1.2117712245190995,1.2052158480880388,1.1883567205731294,1.168094913275672,0.16780201216330196,0.29569714256006907,1.0,0.4,1.0,0.8,42,8.927883094673277,38.07304667071457
19,24,1.1709149574939723,1.2112896092155756,1.2044186083233446,1.188410933765034,1.1683085406127003,0.17172644804554138,0.2952509167108708,1.0,0.4,1.0,0.8,43,9.021049492779618,39.63912185598529
19,25,1.1701329436355856,1.2085061198288092,1.201616544418732,1.185314641362376,1.1703397216097993,0.17065995825221053,0.2952590513085109,1.0,0.4,1.0,0.8,44,8.827357877548895,35.1825610292323
19,26,1.176761384141202,1.2133451655900975,1.2070448598934216,1.1919077033143421,1.1738532406510347,0.17937085844256068,0.2987570903744004,1.0,0.4,1.0,0.8,46,8.948876077747046,37.42526576265824
19,27,1.1767790201595423,1.2129726938967011,1.2069718237504035,1.193129315708438,1.1714244586441405,0.1795591128195022,0.2987851879658366,1.0,0.4,1.0,0.8,48,8.943530426955897,41.29773587486861
19,28,1.1776799003892795,1.212790361179294,1.2067794569622912,1.1929744390621888,1.1753801168041709,0.1823352037319901,0.2987683228274507,1.0,0.4,1.0,0.8,49,8.77569311585855,40.507433440428144
19,29,1.1741179930345325,1.207209976280447,1.2008774007965546,1.1874565111834785,1.1706603258838684,0.1775928452349102,0.29744366875108,1.0,0.4,1.0,0.8,52,8.71123221902323,35.854967039943354
19,30,1.1745046671561843,1.2076741177571657,1.201645290640738,1.188297646994327,1.1689180926138991,0.17488897929196898,0.29891438098743284,1.0,0.4,1.0,0.8,53,8.736996427786888,33.8302084838372
19,31,1.175300051172023,1.2067939527164433,1.2004466727009593,1.187555216138773,1.1753061376250844,0.18123335134161206,0.29744899745286424,1.0,0.4,1.0,0.8,54,8.66831050722019,35.0134604891327
19,32,1.1750771539105016,1.206451199209066,1.2007087578646896,1.1877294024146865,1.1707913420763254,0.1771118780022558,0.2989271101984431,1.0,0.4,1.0,0.8,55,8.705901884063614,33.82849277695195
19,33,1.1757806572971092,1.2060495882389688,1.200296947178596,1.1872787021577387,1.1744030307002689,0.1793016338203956,0.2989462443922809,1.0,0.4,1.0,0.8,56,8.695180192403797,35.401735442447965
19,34,1.1758176340738322,1.2059149096406356,1.2004636528585277,1.1878767072428877,1.1716331104711664,0.17947347544618958,0.29895966952871494,1.0,0.4,1.0,0.8,57,8.698541280316846,36.971522834488894
19,35,1.1743491486629094,1.203743115426204,1.1976794877783599,1.1854887263061773,1.1711354587334082,0.17915923673426964,0.297706923582097,1.0,0.4,1.0,0.8,58,8.572300374441578,41.32029241386436
19,36,1.1753652046097602,1.202876925774536,1.1977049180250978,1.1876487536420575,1.17220827093108,0.17904154663563496,0.2991385727347233,1.0,0.4,1.0,0.8,63,8.644451456049788,35.75251730314848
19,37,1.1768700578184217,1.2020729308068556,1.1956678229242794,1.1860674014274126,1.1758743951713695,0.18273513820228623,0.299496142243658,1.0,0.4,1.0,0.8,65,8.566052425832646,36.33422187141122
19,38,1.1768342034777288,1.2019154289850784,1.1955091666152775,1.1870920795019821,1.172677666037756,0.1826183722997628,0.29952756313597767,1.0,0.4,1.0,0.8,69,8.582990767913785,44.643026439275445
19,39,1.1769085743307426,1.2016047211665377,1.1954979713873501,1.1884673245568529,1.1735285529462027,0.18278378394718914,0.2996156625421705,1.0,0.4,1.0,0.8,71,8.595631528712449,44.95142172121796
19,40,1.1741768445368774,1.1974979854242254,1.192590480344315,1.1863484949380054,1.17126141876162,0.18378258022846367,0.2967748690155944,1.0,0.4,1.0,0.8,77,8.572238055785853,32.84101255718621
19,41,1.1708989244379124,1.192193246118952,1.186964245972555,1.181663237518854,1.173834174772397,0.1823482416287617,0.2943914897327818,1.0,0.4,1.0,0.8,78,8.532603479046912,35.61973171316993
19,42,1.1712482359110195,1.1908538654735912,1.1856094143381557,1.1820755260011333,1.1693739357359434,0.18229081658613372,0.2950410575775923,1.0,0.4,1.0,0.8,82,8.431920947853204,35.71627518022343
19,43,1.1715330765612966,1.1907746999188522,1.1861328116693406,1.1834109391924448,1.1692431452416197,0.18370735985104336,0.29484811689927953,1.0,0.4,1.0,0.8,84,8.447037550917086,31.900104501116427
19,44,1.1703742894950042,1.1889645890085538,1.184013842517884,1.18227542573121,1.1678908621294353,0.1813432890331608,0.2947263587806519,1.0,0.4,1.0,0.8,87,8.427339133322153,35.815379429152934
19,45,1.1760991398555596,1.1936323137129432,1.1886719170419946,1.187236315753073,1.1740450894768595,0.18339210377732007,0.2998030853791601,1.0,0.4,1.0,0.8,91,8.277058485017076,27.65695926552147
19,46,1.1768301275835378,1.1939841141379983,1.1890202654636055,1.1897954413546787,1.1742060550170166,0.18506022410478423,0.2999280864651464,1.0,0.4,1.0,0.8,96,8.207839852675486,27.47503936012286
19,47,1.176413417535941,1.1930917338803715,1.18812352451782,1.1891998762154032,1.1752039386497293,0.1839905965589553,0.30001589811757046,1.0,0.4,1.0,0.8,97,8.184813913365415,27.167467560047704
19,48,1.176335647570594,1.192639522762729,1.1879708792993053,1.1915372974054792,1.1738311152113898,0.18420798061508886,0.2999258839116387,1.0,0.4,1.0,0.8,104,8.217678791435977,27.210242264616184
19,49,1.1765832820809856,1.192643287548437,1.1882753511003081,1.1945728594547298,1.1741335853109354,0.1847113225130612,0.3000257533095099,1.0,0.4,1.0,0.8,109,8.137416170102266,27.34072510856106
19,50,1.1773662264750586,1.192926823304026,1.188251368264424,1.1959620360286598,1.1761278369856032,0.1855226833348807,0.3005497427077226,1.0,0.4,1.0,0.8,110,8.150565601802898,27.30866340815263
19,51,1.1780294825712734,1.193282579058888,1.1886043599405145,1.1972666179169222,1.175985448880762,0.18638628648744743,0.300916740737299,1.0,0.4,1.0,0.8,112,8.10669985948053,27.059948696487385
19,52,1.1789346185206808,1.1931624651196509,1.1881719395823294,1.197741475019439,1.179664480706329,0.1864618671167514,0.30194095395691434,1.0,0.4,1.0,0.8,113,8.043102297810762,27.135106220864195
20,0,0.8887280274304046,0.8736649417879813,0.8726733590898906,0.8683057322752258,0.0,0.0,0.0,0.0,0.4,1.0,0.8,1,281.0998748562102,1356.2156534693563
20,1,0.8668474163098162,0.8944644812674428,0.8933311155079561,0.8887300898780597,0.06490812090112631,0.09672968896646904,8.215241533018288e-05,0.00011291047792415999,0.4,1.0,0.8,3,263.4517793402608,1318.5353123957184
20,2,0.8299013570780674,0.8943167334175903,0.893048687137114,0.8885271115231703,0.10531675387877124,0.13154023781570762,0.0010193285993480568,0.00279885849922577,0.4,1.0,0.8,4,242.29262598372688,1177.016475657248
20,3,1.440065939255988,1.750706416179609,1.7472915508069706,1.7345662113884535,1.9741409258852574,0.20761306504487487,0.3027460172061818,1.0,0.4,1.0,0.8,5,68.17363440001033,248.3867410315092
20,4,1.43976373859101,1.750427784634932,1.747010705427909,1.7342769629208779,1.1865934253423192,0.20761306504487487,0.3027460172061818,1.0,0.4,1.0,0.8,6,68.03629408301411,250.9804555990632
20,5,1.30096282556813,1.6022340690310028,1.5980366039803824,1.5834196668195628,1.42381219985064,0.121995054875726,0.2882321169168525,1.0,0.4,1.0,0.8,7,42.61949433808245,252.25389135748617
20,6,1.2984031690725373,1.5987236631536177,1.594498550905595,1.5795937509825295,1.1469858001636624,0.12199505487572601,0.2882321169168525,1.0,0.4,1.0,0.8,8,42.02299641261638,256.31342178328373
20,7,1.2738761708083226,1.5350404560383053,1.530325023424861,1.512226633001402,1.4660000404023712,0.1748785034250186,0.30447707783637895,1.0,0.4,1.0,0.8,9,32.963978470005245,120.75502722243397
20,8,1.1973317346505867,1.3302990045859284,1.324025860552549,1.3005031747140614,1.4541800496676562,0.15487032691063465,0.30621412321747477,1.0,0.4,1.0,0.8,11,15.60990502289457,62.921576917008025
20,9,1.1972239172238852,1.3300548962667527,1.323780375976398,1.3005831367073646,1.1686126620581763,0.15457579091537801,0.30626669844259025,1.0,0.4,1.0,0.8,12,15.59745076873292,62.89341111573278
20,10,1.193042289856332,1.3127261962432342,1.306317588818576,1.2828320639200264,1.2170881174377657,0.15384552165268664,0.30631285670444036,1.0,0.4,1.0,0.8,13,14.76685140504862,63.862569517251416
20,11,1.19293851538494,1.3122599059137354,1.305847653584006,1.282348006224761,1.1691929838779995,0.15384552165268664,0.30631285670444036,1.0,0.4,1.0,0.8,14,14.794458468465171,63.81171413243831
20,12,1.1903601766751297,1.2997128544307297,1.2932006197276835,1.2698969904112911,1.2047556844637055,0.15427447042898748,0.3063321700183575,1.0,0.4,1.0,0.8,15,13.95527150604075,52.8309677788953
20,13,1.143204338131723,1.2434851874693504,1.2371859407038481,1.2131418812045691,1.1566174735027654,0.15349089487782946,0.2618912243783193,1.0,0.4,1.0,0.8,16,13.377387214286928,44.153883678750006
20,14,1.1868869477032833,1.2844542242842287,1.2778254367271047,1.254540802351172,1.1771097262649166,0.15479749865829928,0.30571503832587216,1.0,0.4,1.0,0.8,17,13.369572033187591,65.58115546825596
20,15,1.1377032322207057,1.219225642256245,1.2127436343358315,1.188599797742542,1.1799589694680583,0.1509088253835961,0.2619526545219542,1.0,0.4,1.0,0.8,18,12.319672026472984,41.15883427562592
20,16,1.13767725661164,1.2191759807979667,1.2129966310290494,1.1897072746203479,1.1225173342535566,0.1509088253835961,0.2619526545219542,1.0,0.4,1.0,0.8,20,12.308177340218576,41.22863975978348
20,17,1.1383816776675773,1.2192394886714393,1.2127510589982042,1.1895822367302358,1.1250967703902905,0.1529307088821698,0.2619740412775976,1.0,0.4,1.0,0.8,21,12.398929674714129,42.02540609364626
20,18,1.1826838572339904,1.2613802111528303,1.2545678276793315,1.2320755670410803,1.175744694342713,0.15532316323895695,0.3058185814233599,1.0,0.4,1.0,0.8,22,12.288380858124494,53.1059950739192
20,19,1.1355509812779534,1.202491110047255,1.195869529481806,1.1730954477293993,1.1644715231195928,0.15330291242523053,0.26204394806845255,1.0,0.4,1.0,0.8,23,11.800564333965324,41.95219876984732
20,20,1.1425980192995282,1.2081177990280274,1.2014826769726388,1.1787659943723956,1.133222902503,0.1520384385916573,0.26989875627285803,1.0,0.4,1.0,0.8,25,11.471824552319758,45.45907298321372
20,21,1.1428146884395851,1.2074217081439798,1.2007779548225275,1.1782810287532393,1.134278378920142,0.15309726633299392,0.26988100339135196,1.0,0.4,1.0,0.8,26,11.502881534644745,44.61484421741868
20,22,1.1796070307886777,1.2386409038487942,1.2316415397371263,1.209845600790579,1.1880319015793779,0.157735198668233,0.3059392149452262,1.0,0.4,1.0,0.8,27,11.365674824269904,54.51482143130824
20,23,1.1187371172146585,1.1754319555461645,1.1690163671893297,1.1465111899123879,1.117388353794019,0.15277707481596953,0.2475578432452523,1.0,0.4,1.0,0.8,28,11.427878033462486,36.26805921479532
20,24,1.1782093572243861,1.2323436191402835,1.2252981609340288,1.204271756734437,1.1768270292982383,0.15664010556743585,0.3059556651106527,1.0,0.4,1.0,0.8,29,11.167156648152208,52.18182149746923
20,25,1.1209862001567146,1.171021135031208,1.1645430834484878,1.1423169290862476,1.1269510512451846,0.15160447383576928,0.25157842096755023,1.0,0.4,1.0,0.8,30,10.852416134786417,41.75637504831485
20,27,1.1638886251984553,1.2082037404416055,1.2019752183657084,1.183607187694789,1.1568949423533499,0.15368770879165516,0.29474655825456963,1.0,0.4,1.0,0.8,39,10.719627604897028,38.54988681689845
21,0,0.9385419575145226,0.8876183173256434,0.8867362650984442,0.8827871449263255,0.0,0.0,0.0,0.0,0.4,1.0,0.8,1,233.8112404219848,1360.4232062486074
21,1,0.9055250033974646,0.9035086969734205,0.9024751861610378,0.8982554725450108,0.06299064426513569,0.08753835406896,8.329236869252802e-05,0.00010735176944450999,0.4,1.0,0.8,3,216.6508181441957,1290.0700501587294
21,2,0.8624440503560605,0.902727462343369,0.9015491003565725,0.8973697471296731,0.10605706086562465,0.12457808771607255,0.0010745560686564876,0.00244422396396749,0.4,1.0,0.8,4,202.1208152533084,1121.914811546341
21,3,1.4103779718866225,1.7207309694435606,1.7173404602879894,1.7047079731934436,1.9650713461509326,0.18621714232334857,0.32486869762922144,0.941701488925222,0.4,1.0,0.8,5,64.71825071800276,249.62106343920595
21,4,1.2306041961048062,1.5302712608925384,1.5260269881781099,1.51123050252688,1.2277927310375172,0.09149421728390697,0.306238210554327,0.910237851094848,0.4,1.0,0.8,7,44.21536232663789,255.51808737582704
21,5,1.2325119046783124,1.477594615920067,1.4726385273040083,1.453826724492894,1.3341488012457154,0.149915205009339,0.3279936982622547,0.9496060125293632,0.4,1.0,0.8,9,27.549024316755823,103.10625161469834
21,6,1.1752057672919496,1.313897982169169,1.3076839972047307,1.284603035472224,1.3751134143777448,0.13934611711658096,0.3286735182859642,0.9497536527296431,0.4,1.0,0.8,11,14.299314942044749,63.19634838820063
21,7,1.1749671220031808,1.3135782443891983,1.3073634321014236,1.2842792980309807,1.1443190189015202,0.1404980274700921,0.3284237767256169,0.9492251232313803,0.4,1.0,0.8,12,14.281204885345538,62.73773634193568
21,8,1.1711441767838977,1.2980073369994658,1.2916716048288945,1.2684647756397602,1.1882629764957637,0.1383428912814247,0.3287244108498521,0.9497297128356144,0.4,1.0,0.8,13,13.907817253560651,64.53345061900504
21,9,0.980692910731096,1.1054580325140502,1.0994038080712114,1.0759416808828781,0.9622233940494664,0.13473341436629144,0.2719793556624295,0.785216547599225,0.4,1.0,0.8,14,13.662360800448411,41.50766570113805
21,10,1.1660660773426503,1.2773913415540403,1.2708987601265789,1.2476708679033113,1.1926799010576237,0.14432737881774343,0.3275981127507132,0.9473598951998792,0.4,1.0,0.8,15,12.984111839888904,63.84175078648303
21,11,1.0614791306635043,1.1681999577617153,1.1616614782582784,1.139187153090455,1.05683708845106,0.14586343973012159,0.29471909135348845,0.858515379927104,0.4,1.0,0.8,16,12.474791293559068,43.05475334550157
21,12,1.0555081944679485,1.1418414860874153,1.1354058481363811,1.1130445267200806,1.112831229406058,0.14407940021963533,0.2946691933854712,0.8583998340744257,0.4,1.0,0.8,17,11.53044534435735,36.05408718926511
21,13,1.0505173249425723,1.118127104407411,1.1115118901789935,1.0882165154185461,1.0710826091230619,0.14161960523617328,0.2947654425042505,0.8584718825179662,0.4,1.0,0.8,19,10.93716594663057,36.31296721770744
21,14,1.0618215830308917,1.1273365476109343,1.1210042844544263,1.0985584240076798,1.0537580705611762,0.14173452706201564,0.2984537920531182,0.8685075262020977,0.4,1.0,0.8,21,10.743339300986266,38.45912560519399
21,15,1.0488998133696716,1.111253160688539,1.104588084763023,1.0820089987350698,1.0483558981305054,0.14028128028484418,0.29480521652413616,0.8584382487862353,0.4,1.0,0.8,22,10.656835167544068,36.012094011728884
21,16,1.0389588717016136,1.0959558803468306,1.0892402475558647,1.0669740942877077,1.047379356329501,0.14109101307543118,0.29175585152551625,0.8507749070707078,0.4,1.0,0.8,23,10.3791716129842,38.11931708776781
21,17,1.0478270465056219,1.1041537236245682,1.0974317413922434,1.0758289497233027,1.0402397636698328,0.143906221569431,0.29425560825162145,0.8575021477723611,0.4,1.0,0.8,24,10.288551801907008,36.73565143390341
21,18,1.0474832565240555,1.0993952594543996,1.0926318350809132,1.0708705226132407,1.0535359360455738,0.1445350815231249,0.2942900114620769,0.8577969929604784,0.4,1.0,0.8,25,10.472702451189988,36.664409166987966
21,19,1.0467298888094172,1.0950830520770545,1.0882863396042153,1.0670966307157592,1.0504425115095837,0.14554730486148837,0.2942362116973729,0.8572679140009191,0.4,1.0,0.8,26,10.286767176563965,38.46205927447249
21,21,1.0452021582770665,1.0874612509334312,1.0806077705427384,1.060181554498727,1.054929765303931,0.14434433098827287,0.2942545634266806,0.8573633085181435,0.4,1.0,0.8,28,10.000409979616268,36.960477085947886
21,22,1.0451269141965727,1.0870671235371119,1.080513565786228,1.0604058321718755,1.0385799681461818,0.14434433098827287,0.2942545634266806,0.8573633085181432,0.4,1.0,0.8,30,9.966724210644346,36.6895820838331
21,23,1.0454184441698982,1.0828229457053067,1.0759244105545291,1.0567898790854957,1.0465556853907532,0.1467929393620539,0.29427597618623097,0.857487471064849,0.4,1.0,0.8,32,9.829653348741951,31.747400525014108
21,24,1.0466122203713164,1.0821152263994227,1.0751990768111999,1.0567438543832028,1.0437474604975443,0.1503854428606211,0.294291669219034,0.8575889808180343,0.4,1.0,0.8,34,9.755504531220756,32.62969455618991
21,25,1.049141948085681,1.0833283854239624,1.0767030092512457,1.0576174429444634,1.0456821790350543,0.15574768159355643,0.2945850399366501,0.858015049358867,0.4,1.0,0.8,36,9.585702168894269,31.312106022651623
21,26,1.0488360352098203,1.0819578603470923,1.0756255920144309,1.057625493910439,1.0451505658850493,0.15564062600614406,0.2945673545930091,0.8579625190725947,0.4,1.0,0.8,38,9.449284694438663,30.28937864187384
21,27,1.048681892951107,1.0803331183136757,1.0736843356436292,1.0568956348666239,1.0456191600197302,0.15532344800019238,0.29461564486895014,0.8581700946960927,0.4,1.0,0.8,40,9.501307514622155,30.916464807346536
21,28,1.0471663464828178,1.078253388160249,1.0715994406083493,1.0545821993913025,1.0437724806917714,0.15401873100628605,0.29432656167849064,0.8574121284485978,0.4,1.0,0.8,41,9.366453369383478,27.378801420445395
21,29,1.0473171095151466,1.0782332209013217,1.0718806207193574,1.055535485883276,1.0425045782394577,0.1544765393991419,0.2943360902611179,0.857416825320134,0.4,1.0,0.8,43,9.361540456500547,27.61156206952454
21,30,1.0507012210726598,1.0814218755369174,1.0750674704534642,1.0597235266642995,1.0458053108784062,0.15827160575719657,0.29472030453103804,0.8593111650766823,0.4,1.0,0.8,45,9.241303696794247,29.588779739283243
21,31,1.0513157041949457,1.0810803692873996,1.0747171613596613,1.0600637306699525,1.047873669688001,0.15295067113032573,0.2955085527655159,0.8619611669061757,0.4,1.0,0.8,47,9.311605416621802,29.632195978463656
21,32,1.046859407538436,1.0738441231796116,1.0677583647139057,1.0535915951008972,1.0519818993343089,0.1532775517865648,0.2945741434787895,0.8580099197963756,0.4,1.0,0.8,48,9.291258605566268,27.739267038968176
21,33,1.0475458147125187,1.074386466798824,1.06829938940476,1.0550295993326144,1.0432471394816198,0.15490003980962377,0.29459607464601967,0.8580599229360585,0.4,1.0,0.8,50,9.265030159359394,27.819824282842056
21,34,1.0478149008081128,1.074500384225817,1.0684118914525813,1.0553601351389965,1.0435609021331418,0.15574725032251374,0.29459252676779824,0.8580100318583547,0.4,1.0,0.8,52,9.285550051360811,27.876747303299982
21,35,1.0472635565534496,1.0736822021257788,1.067591239053945,1.055208686363819,1.0432432649670198,0.1542938106306772,0.2946135402723272,0.8580779072834017,0.4,1.0,0.8,54,9.213306941577924,27.9089919577438
21,36,1.0474245169291445,1.0739718386122377,1.068487910955775,1.057007619633407,1.0430495279583072,0.1545736108905047,0.29464179812400965,0.858114757237777,0.4,1.0,0.8,56,9.228890401941586,27.585853693429303
21,37,1.0474880200797796,1.0737323010221214,1.0676397487790281,1.05761596907523,1.043254781430588,0.15454320549047068,0.2946475116506664,0.8582282687713763,0.4,1.0,0.8,58,9.228399730685387,27.631776035388164
21,38,1.0483892318716006,1.0743222302783964,1.0688327074837793,1.0591181954157702,1.045687279560736,0.15709734005506698,0.29462725546939855,0.8582069221428545,0.4,1.0,0.8,59,9.2020126692067,28.02592671830044
21,39,1.0398527299123648,1.0627748986670895,1.0575607858942868,1.048055867418611,1.0394934725316118,0.1512155686143295,0.2842808979443267,0.8640598678132317,0.4,1.0,0.8,62,9.112045074513324,32.32587459380647
21,40,1.0039172775794127,1.025811037625882,1.0208904973428596,1.012455601061167,1.0010165632409076,0.14661763696151536,0.26471046443760404,0.8461343605906141,0.4,1.0,0.8,67,9.057698006180416,33.869049041661974
21,41,1.0039089345041392,1.0258018833496627,1.020881312091241,1.0133441144017856,1.000258395266979,0.14661801649901465,0.2647111225970169,0.8461231138526362,0.4,1.0,0.8,69,9.066835480324375,33.87169103715422
21,42,1.00431040674652,1.0260684100532098,1.0211466109863916,1.0142272261498537,1.0009071615194762,0.14662156435531898,0.26475725663436706,0.8465933890511683,0.4,1.0,0.8,71,9.032892500204689,33.89180487711291
21,43,1.005210380449492,1.0268924892286715,1.021969989060572,1.0165488977254387,1.0018478425008714,0.1467835585929287,0.26472178004329144,0.8476973663463495,0.4,1.0,0.8,72,9.046166647122424,33.4071277182849
21,44,1.0376539462763668,1.0591658581055194,1.054241767562003,1.046380012695594,1.0343505020590593,0.1504460546481559,0.28346010672349264,0.8630327888740046,0.4,1.0,0.8,74,9.08480230053855,30.83056667556597
21,45,1.0041504032107114,1.0247898953831522,1.0201607952234937,1.015259524616557,1.0039501064818246,0.14658694956172752,0.2648325291705882,0.8465654209790386,0.4,1.0,0.8,75,9.01452767924309,33.77047800850372
21,46,1.00395022794405,1.0245117501355687,1.0198819182002687,1.0152956772243464,1.0007944807100388,0.14656346660385605,0.2646032717130039,0.8466295489293284,0.4,1.0,0.8,76,8.972340047896019,33.73399166871123
21,47,1.0357691659017898,1.0560828507525688,1.0517537101410488,1.046156229797953,1.0335473907448132,0.153683172872428,0.2830155031538368,0.859897774913246,0.4,1.0,0.8,77,9.128007997156946,47.11733974613386
21,48,1.0356204389065526,1.055022205058683,1.050684710667679,1.0456842598670049,1.0354576856718158,0.153683172872428,0.2830155031538368,0.859897774913246,0.4,1.0,0.8,78,9.082399517724456,46.85954532021962
21,49,1.0482576327309165,1.061482972748616,1.0561804297371564,1.0459933441706177,1.052611271437193,0.14593760758262977,0.29687437268087535,0.8634299105708632,0.4,1.0,0.8,81,8.436274973992258,31.800128756823057
21,50,1.0486162048672936,1.0611138862315803,1.056107648512234,1.046686923036063,1.0492128327533967,0.14590954126968275,0.29709078950922724,0.8637829721425924,0.4,1.0,0.8,82,8.395337405695257,31.96780422355315
21,51,1.0497631499408184,1.0616242156865232,1.0575211378333431,1.0537237926992997,1.0485295959229706,0.14500489337854075,0.29876485367256284,0.8637546295337298,0.4,1.0,0.8,86,8.252979030048342,32.38285587730166
21,52,1.052277776920642,1.063568831160874,1.0594605509154325,1.0562850020136811,1.050850836779185,0.14564498772096743,0.29795973006069604,0.8676958947126476,0.4,1.0,0.8,90,8.272365247787308,32.17220129755543
21,53,1.0524063933430003,1.0636729024180243,1.059564392964705,1.0563879972220203,1.0505480697658505,0.14566104984136077,0.2981200057115659,0.8676530963262834,0.4,1.0,0.8,92,8.262917525868016,32.286192263637574
21,54,1.0516512590160723,1.0629081977954984,1.0587996056700535,1.0556228766994566,1.0497589707503727,0.14569516164530477,0.29778931466487996,0.8671073671353593,0.4,1.0,0.8,97,8.267733581795207,32.14804866342307
21,55,1.051510368321106,1.0626824016997072,1.0585730652240906,1.056658324725169,1.0497687086348202,0.143616040372751,0.29802577626669347,0.8676919408495312,0.4,1.0,0.8,99,8.336175935360405,31.816473910398745
21,56,1.0488781943763543,1.0600159594958183,1.0562092451664866,1.0535725606314923,1.0474255183280645,0.14567755453068487,0.29659827157063423,0.8651795328803562,0.4,1.0,0.8,100,8.284918581502138,31.96956570651145
21,57,1.0489817285677194,1.0597381455707544,1.0562309020004854,1.0580170875153139,1.0472792571490848,0.14518554091748237,0.2963225960974102,0.8659915562417352,0.4,1.0,0.8,118,8.277663336316724,32.076792491394954
22,0,0.9383336031889432,0.8875613604672994,0.886678798836288,0.8827279947302504,0.0,0.0,0.0,0.0,0.4,1.0,0.8,1,233.6129380728691,1351.2288162688592
22,1,0.9058131719497639,0.9056178861919478,0.9045783695022785,0.9003357195274162,0.06687033317381276,0.09468339566201324,8.330612368150826e-05,0.00012058127474219001,0.4,1.0,0.8,3,216.46897780706544,1249.3374984675722
22,2,0.5265112797911558,0.7723724559211523,0.7704021841823924,0.7625594755527738,0.5153524448667067,0.127332907323618,0.002615921955700698,0.01055838801197187,0.4,1.0,0.8,4,118.18210830473072,545.3826304090777
22,3,0.3894169960683821,0.6956386975080148,0.6927631946408154,0.681460519882732,0.2667918879242983,0.15710348698052218,0.0068399717276492545,0.03864986330429257,0.4,1.0,0.8,6,76.86534706025805,16439.404051220816
22,4,0.34783564514694115,0.6590428118962498,0.65588034290058,0.6443317099927791,0.1532557332473833,0.1564547839574954,0.00691642973539651,0.03883551136549193,0.4,1.0,0.8,8,66.29726354591148,16413.90120154448
22,5,0.3475619095237737,0.659377790540683,0.6561613411366125,0.6450250497725126,0.12843046753003812,0.15753528546215617,0.008794775653503666,0.044968690592489556,0.4,1.0,0.8,9,64.06960576221734,15896.079798634177
22,6,0.25648450583927773,0.553977010283989,0.5502749224336133,0.5358012062363751,0.3919737192902753,0.15230401051353196,0.008423074161426769,0.04191510013947742,0.4,1.0,0.8,10,42.050575757424525,15923.168260698798
22,7,0.2486138138569157,0.5404893496328362,0.5366478967208576,0.5216413049091261,0.15833085421117682,0.14952113394639815,0.010253324520811919,0.0463591399561107,0.4,1.0,0.8,11,38.307534466126135,15931.343454334572
22,8,0.19454893360344735,0.4534018349076314,0.4489527122735187,0.43197819783132857,0.32063054211043984,0.13398324536132117,0.009471591692876957,0.04302351382660733,0.4,1.0,0.8,12,29.95269808368453,15387.875629165992
22,9,0.19475550136456618,0.4527742949185068,0.44861473910831867,0.43179059432244987,0.10120782297606176,0.13426000711113167,0.00965117428375226,0.04403826108953905,0.4,1.0,0.8,14,29.816798814447825,15764.608539118595
22,10,0.17906831797037215,0.4203662754775316,0.4159623931151102,0.39906876615993314,0.14216317531483955,0.13230972877805355,0.009675467691557561,0.0433825420152616,0.4,1.0,0.8,16,25.79847787394874,15354.520453538236
22,11,0.18571549408944815,0.4234747382063514,0.41902141182860253,0.40292679097367823,0.12520320675863797,0.14250110042248335,0.011031952317475646,0.04835564115163827,0.4,1.0,0.8,17,24.004627763668413,15476.231339309285
22,12,0.171171618998356,0.38708690783372496,0.38234879537054545,0.3656590053076921,0.15890050237989203,0.1396792150774612,0.011246998101100697,0.04936774371786007,0.4,1.0,0.8,19,20.95768515570837,15354.727972179531
22,13,0.16443099424167773,0.36782984152525167,0.3629387645798339,0.3461573297692469,0.13490900436529046,0.1368003567974791,0.011628656132088765,0.05062100883356625,0.4,1.0,0.8,21,19.730583063351247,15237.119776670635
22,14,0.15944079867618,0.3536141465364613,0.3486139563064357,0.3321086836632196,0.1265076807528492,0.13727577688056453,0.011394200768000039,0.050268482971660686,0.4,1.0,0.8,23,18.616639992564902,15173.30225857958
22,15,0.15601692789271418,0.34555404235905,0.3411057969952271,0.32547742081343445,0.11552230070478939,0.13798254120525405,0.01073312001983977,0.04930741526319342,0.4,1.0,0.8,25,18.39060944488936,15357.407011657117
22,16,0.1564312607581606,0.34392566579317485,0.33884850262012667,0.32275225280985453,0.11439811836915056,0.13698752005083775,0.011538803909607593,0.050383461646820046,0.4,1.0,0.8,26,17.23325199758924,15108.641817024867
22,17,0.15327572503118794,0.3379345646667686,0.3334305218261563,0.3183199937738403,0.11751407692415258,0.13615996311434758,0.010792885944473904,0.04950377703615545,0.4,1.0,0.8,27,17.251542105805697,15237.98760194156
22,18,0.1532214255527319,0.33784948096479783,0.33364795928533264,0.3188799787563119,0.10511195965920642,0.13615996311434758,0.010792885944473904,0.04950377703615545,0.4,1.0,0.8,29,17.26036756264101,15233.237013057787
22,19,0.1501550679339375,0.3089222872727685,0.30382907304264467,0.28948003418764423,0.14704752433494545,0.1386965123064791,0.014983591988669437,0.0522847345825521,0.4,1.0,0.8,32,16.91616877458491,15303.75335904502
22,20,0.14061088696919066,0.2703899938328984,0.26499258352936406,0.2505404506492489,0.16840028261777015,0.1380381168095762,0.01500284250202736,0.052872551054533354,0.4,1.0,0.8,34,14.327402985616402,15289.148320450651
22,21,0.1323940692941117,0.2300507733370973,0.22433148362926877,0.20891018450115306,0.17225436681948836,0.13652330583081385,0.01557790590259091,0.053748713665057235,0.4,1.0,0.8,36,12.143278506640153,15234.068470125098
22,22,0.1252416670064574,0.194557706323733,0.18856453104671203,0.17317675600220322,0.16288239147112238,0.13542251834487462,0.015447994072232147,0.05371682152076512,0.4,1.0,0.8,38,10.619292602865114,15206.094628209985
22,23,0.12207392709502274,0.18247891677364603,0.1764011888955321,0.16150819414434342,0.12679007443190865,0.1318022941798469,0.015491712092683619,0.05383073588775682,0.4,1.0,0.8,40,10.17036193411233,15205.11112761671
22,24,0.12086128437238747,0.1761201794893518,0.16999401524634408,0.1554591061073997,0.11999649569032966,0.1311395238427297,0.015507584023797125,0.05391478798306872,0.4,1.0,0.8,42,9.87296525905642,15197.094971107665
22,25,0.11235212093151947,0.16440067531296182,0.15885029490365427,0.14708092633350195,0.10454783958979402,0.13745616687186826,0.012654003345880661,0.04451638388900012,0.4,1.0,0.8,51,9.776031700996231,15320.286781755109
22,26,0.1257795349034368,0.17717783155824204,0.17101544919077946,0.16029480688579878,0.11758556306636692,0.13735868736684098,0.01712519513898122,0.05587532556448789,0.4,1.0,0.8,53,9.612850598853516,16166.461140247293
22,27,0.110900881246858,0.15663973380984753,0.15103040543964646,0.13874453407410361,0.12302160749908983,0.13748701806356206,0.01266184804778497,0.04418104519371137,0.4,1.0,0.8,54,9.51316340252043,15318.280514012997
22,28,0.1132985190487644,0.15387911750377262,0.14822178403468828,0.1363214531464763,0.11516178738252408,0.14110103184562267,0.013750826147242679,0.045202438677800286,0.4,1.0,0.8,56,9.233005045365404,15292.103640046786
22,29,0.16717776540419654,0.20618342033929873,0.2008144125146855,0.19319322276185616,0.16116491190333812,0.1466189856645565,0.02649705365590487,0.0942377795715334,0.4,1.0,0.8,65,9.736340326480295,16145.184947558851
22,30,0.11222696444659216,0.149336634720191,0.14425311322727855,0.14072544050513225,0.10669213892387772,0.14234879614501197,0.013321709340878965,0.04460032227174166,0.4,1.0,0.8,74,9.089525250336024,15326.348913943744
22,31,0.11184995075803264,0.14460105910544432,0.13978017403185045,0.13511417604591117,0.12143908888434207,0.14197234819488808,0.013756911426395572,0.04475689219142454,0.4,1.0,0.8,75,8.989529854324156,15292.3786401761
22,32,0.1116377563588287,0.1436706052030701,0.13884310296012195,0.13477431896859285,0.10869591083194419,0.14174032306677004,0.01376193179118659,0.04475809881656254,0.4,1.0,0.8,76,8.957704166079814,15323.532066821515
22,33,0.11115019771488768,0.14200231174410097,0.13746690838002615,0.13326443721966097,0.1074306276856726,0.14157995171623927,0.013759577856960236,0.04450763506552509,0.4,1.0,0.8,79,8.893116135451377,15324.836318477866
22,34,0.11111372766535277,0.1418486400004661,0.13761503246904852,0.13521235160914186,0.10623043806358437,0.1416130281591203,0.013754710423932141,0.044496375966584276,0.4,1.0,0.8,82,8.883788050034306,15324.306061920595
22,35,0.11124259137568566,0.14111671947283833,0.1365722890864129,0.13390817317780623,0.10756100271096349,0.14263822773240661,0.013813114762080957,0.044238065777577815,0.4,1.0,0.8,84,8.840124155525679,15326.69392615776
22,36,0.11068907277958709,0.13771857662924272,0.13284508830734185,0.13482574853513357,0.10803577677389403,0.1410824978116068,0.013833644553904526,0.04488712430029166,0.4,1.0,0.8,89,8.78873716381707,15329.441460933784
22,37,0.11077937855495618,0.13579601520041745,0.13120697469097517,0.1337196635843861,0.1101637430709512,0.1412674680266684,0.01399295054322508,0.04515221572985746,0.4,1.0,0.8,91,8.682898669806523,15321.405144742615
22,38,0.11053103761743283,0.13528824133015876,0.130696796599611,0.1335149736863211,0.1072902443224992,0.14107284506103573,0.013970156701083753,0.04502202573214132,0.4,1.0,0.8,92,8.682599650922025,15328.154966573726
22,39,0.11053103760793018,0.1352882413215507,0.13069679659100297,0.13414406360737718,0.1064169994053771,0.1410728450562901,0.013970156697191495,0.045022025728619394,0.4,1.0,0.8,93,8.682599649432168,15328.154966668262
22,40,0.11403351187731968,0.13889626573172303,0.1352146688429614,0.14173843781232198,0.11000850505140712,0.14584583201411322,0.013965370643706895,0.04705409021093176,0.4,1.0,0.8,102,8.887706415199506,15343.733979826631
22,41,0.11279344707297329,0.13700641055860327,0.1333188784922297,0.14046158533878336,0.10954533193743055,0.14528225751077697,0.013913004109416762,0.04598730880211785,0.4,1.0,0.8,105,8.903836234213559,15344.773795256227
22,42,0.11399899344788472,0.13651433855391276,0.13281127624439887,0.14053599177802104,0.1131554100117027,0.14645362379769478,0.014050991631638794,0.0470887740072365,0.4,1.0,0.8,107,8.824529634808806,15351.870805125356
22,43,0.10913280798259098,0.1302355602527325,0.12742847672354693,0.14056885549644102,0.10595004273867081,0.1406085252251581,0.014066748051716935,0.04425563466697336,0.4,1.0,0.8,131,8.497277527985563,15115.864077130767
22,44,0.1096420087241746,0.1305380948243182,0.1277291549979567,0.14151548601770028,0.1066044101166935,0.1418521192584258,0.014230228981365734,0.04410837021450393,0.4,1.0,0.8,133,8.47556162356153,15117.133828420156
22,45,0.11267777877549695,0.13297424159696764,0.12955385095995636,0.14496834859560212,0.10983151006647307,0.14474643289904188,0.015171754371049404,0.045364945275002524,0.4,1.0,0.8,136,8.460929437626149,15138.257508818564
22,46,0.1103482462658658,0.13085950862203005,0.12834997599214426,0.14522384705991925,0.10709791457027656,0.14238593635118676,0.014334951274181194,0.04469057440083513,0.4,1.0,0.8,139,8.430372495468069,15108.755199829144
22,47,0.11205445207256046,0.130224910384453,0.12678510352549222,0.14342042810755418,0.11604133532426461,0.14387313363121676,0.01524379691270557,0.04536487517775395,0.4,1.0,0.8,140,8.330436827634442,15142.635334082548
22,48,0.11277718312012705,0.1306994472135474,0.1275603995620959,0.14638001578454535,0.10999745143814874,0.14399862305131672,0.015358928186256319,0.04613000109626486,0.4,1.0,0.8,147,8.342174193122544,15143.792542002528
22,49,0.11315257229427875,0.13042896754725924,0.1278899247811956,0.14915611709881618,0.11110950644353115,0.14403841581764004,0.01553555764185832,0.04652500040083218,0.4,1.0,0.8,151,8.302046555618539,15143.830517944292
22,50,0.11301940947445391,0.13018346537187275,0.12734045055576645,0.1488354573008996,0.11034761513828811,0.1438993774774021,0.015407354519958161,0.04659281492106052,0.4,1.0,0.8,154,8.283080388959071,15143.990842952651
22,51,0.10808281315360253,0.12490305117635352,0.1241776583857095,0.1560882052118469,0.10557256159792452,0.1376901569959449,0.014588976591564582,0.04474504287567871,0.4,1.0,0.8,181,8.31192157491539,15143.927676590807
22,52,0.10788505782592772,0.12475589799344008,0.12433390297569138,0.15857376241154048,0.10528454137083643,0.13712814100870724,0.014658682763845802,0.04469971182239705,0.4,1.0,0.8,190,8.400170469681937,15145.30854949476
22,53,0.10779050241124513,0.1237996904647232,0.12397585147331378,0.1601484038599127,0.10592132296692672,0.13702797844806788,0.0146794403241423,0.044813412168679165,0.4,1.0,0.8,196,8.314818503511525,15144.901223647572
22,54,0.1079110211191089,0.12342029462441456,0.12359190797615016,0.1609331648575849,0.10637635351783868,0.1375175097344083,0.014678565644346341,0.044819761298255725,0.4,1.0,0.8,198,8.302520283977117,15148.538218712434
22,55,0.10788802915035421,0.12329134326059074,0.12346201624354305,0.1606472180714038,0.1058893449719995,0.13740878291163297,0.014688317053901874,0.04485423530755398,0.4,1.0,0.8,199,8.280651465427178,15148.810040268949
22,56,0.10781515668955345,0.12317333304360138,0.12334355515551627,0.1608718194971634,0.10562012837537559,0.1373660424761808,0.014669842027947619,0.04481655947382168,0.4,1.0,0.8,200,8.28455042765535,15149.712908705638
23,0,0.9744056264855037,0.8972310177206146,0.8964244781965881,0.8927638651720184,0.0,0.0,0.0,0.0,0.4,1.0,0.8,1,203.24283102098133,1388.9102398334662
23,1,0.958449999408344,0.92241919550417,0.9214933435816183,0.9176864310600414,0.06236128778519383,0.10050598240145714,8.43044078508353e-05,0.00011290944885867,0.4,1.0,0.8,3,190.9852959276052,1355.741472067577
23,2,0.8964450265678249,0.9141354289044206,0.9130363251033752,0.909160431521283,0.11762614484209079,0.12697118035998128,0.0011109907081846857,0.0028381937977416402,0.4,1.0,0.8,4,177.7200828152219,1179.1499327683875
23,3,1.4738664672933348,1.7842724810059367,1.7808776882024422,1.7682289558269773,2.0597970267324164,0.19344020054402492,0.3394236187833187,1.0,0.4,1.0,0.8,5,64.78144722133668,257.69256969268343
23,4,1.319954025360354,1.620544111893211,1.616324592763924,1.6016239825550476,1.3097616492453084,0.09854065356630344,0.3187330888100465,1.0,0.4,1.0,0.8,7,46.97443551771484,250.04505237845223
23,5,1.2891967327919511,1.5332115449178918,1.5282406668842494,1.5095760316958453,1.3986904885311426,0.15732090753014547,0.3422246865091432,1.0,0.4,1.0,0.8,9,28.363654177367994,111.63105141298637
23,6,1.261330933431951,1.4650550664932063,1.4595627241789595,1.4394540527394997,1.2991641000377845,0.15139936421023492,0.3428690899960144,1.0,0.4,1.0,0.8,11,22.31737715677816,89.59709060348325
23,7,1.244937425333286,1.4150592572828142,1.4091812922311868,1.3880290677313862,1.2733795542617923,0.1500700000622524,0.34254121591848485,1.0,0.4,1.0,0.8,13,18.640899280526,77.81979854030844
23,8,1.5344226351786707,1.6886417626558368,1.6825911244305964,1.662213897674825,1.5299683400007846,1.0,0.29815095626626154,1.0,0.4,1.0,0.8,15,17.035924102194357,56.880861859180165
23,9,1.5384146265734513,1.6919972488042165,1.6859398440579245,1.6661728810676264,1.5048152261087275,1.0,0.3023674754151638,1.0,0.4,1.0,0.8,16,17.0111742679788,56.08036258936027
23,10,1.5359356172128265,1.6807922959753263,1.6746421954422843,1.6545220592519083,1.5374962642456027,1.0,0.30297931276494244,1.0,0.4,1.0,0.8,17,16.426312285824856,47.86975726623075
23,11,1.5375765438738291,1.673989629542152,1.667751520685509,1.6468911761123208,1.5395545801669046,1.0,0.307378513391648,1.0,0.4,1.0,0.8,18,15.763346523771933,47.452577268760656
23,12,1.2281397571873205,1.3502401419097283,1.343856014710326,1.32243453714082,1.2553734509651235,0.1516988176665373,0.34156982075903236,1.0,0.4,1.0,0.8,19,14.967988263681663,66.36168676172424
23,13,1.2288803776044714,1.3500516958797593,1.343658136143135,1.3230105008573387,1.2067161618508646,0.15490525768664282,0.3412978812233821,1.0,0.4,1.0,0.8,20,14.77173381094258,72.59351134503068
23,14,1.2269656140209133,1.3410306054055483,1.3345654614847808,1.3130665777760195,1.2296464712565731,0.15406455744194741,0.3417336393749395,1.0,0.4,1.0,0.8,21,14.34394795099806,69.9393070316007
23,15,1.221601232460364,1.318839546406377,1.3122075160410294,1.290648750339105,1.2637136482065772,0.1518427102948385,0.341693542985059,1.0,0.4,1.0,0.8,22,13.429169114214154,66.98100502036937
23,16,1.2198633483075862,1.3158766843534244,1.3092326449428584,1.2882887823437115,1.203210384602421,0.1481557869149709,0.34173695691952766,1.0,0.4,1.0,0.8,24,13.411750366471312,73.86589499374601
23,17,1.2196539052972102,1.314910175689302,1.308561600468825,1.2878667410621296,1.2025174022916927,0.14815578691497092,0.34173695691952777,1.0,0.4,1.0,0.8,26,13.328122920640508,74.23823908021564
23,18,1.2168582475929726,1.2966846270572714,1.290186255035372,1.2685702143258197,1.2568871642437758,0.15051747529584492,0.34165185109250173,1.0,0.4,1.0,0.8,27,12.208485871303507,57.56560272039143
23,19,1.212013526210568,1.2744195666101297,1.267754933515445,1.2461898106630878,1.2312808031609308,0.14767523460115245,0.34170126645364524,1.0,0.4,1.0,0.8,29,11.388497562304895,57.783462082987285
23,20,1.180488952732444,1.2402082948992723,1.2332154217349036,1.2129893304085666,1.178785624568609,0.15586065690849013,0.307432306181339,1.0,0.4,1.0,0.8,30,11.479900795419065,39.323686216041125
23,21,1.1958027152822315,1.2537586359685906,1.247354924803028,1.226497328687529,1.1922395880517804,0.15155529770910353,0.3248614166654894,1.0,0.4,1.0,0.8,31,11.393892466435869,45.54499807513655
23,22,1.177336387053228,1.2270733761394572,1.219986668091589,1.2001337697632142,1.1962846449529398,0.15277844021242235,0.3074817215424826,1.0,0.4,1.0,0.8,32,11.115469399630578,39.73070782099335
23,23,1.1764203799287298,1.2236920575052135,1.2165823021090123,1.197641700999415,1.1723867762427282,0.15163017472274187,0.307496151578739,1.0,0.4,1.0,0.8,34,10.693487478289525,36.959055062737626
23,24,1.1818968298505732,1.2288404832084647,1.2226364486015022,1.2034729567333717,1.1747529447664344,0.15300518419297562,0.3125347585966547,1.0,0.4,1.0,0.8,36,10.96993455171623,42.17663566196632
23,25,1.1781996687541938,1.2238045973869898,1.2172851725565466,1.198407929486612,1.172412869350339,0.15832954967813515,0.30694291137841617,1.0,0.4,1.0,0.8,38,10.48585629268385,43.519346281569845
23,26,1.1776838002011467,1.2198911412516122,1.213340075724811,1.1953782978744896,1.1742666954349532,0.1585106461315501,0.3069870659750613,1.0,0.4,1.0,0.8,41,10.33431136863249,42.88810149280077
23,27,1.362865372355528,1.4032467804704927,1.3981935691807588,1.3813921369982627,1.357926219326783,0.5872746060794212,0.32107927013377313,1.0,0.4,1.0,0.8,45,10.550310600665457,42.08617174327975
23,28,1.363083534487001,1.4034316357518586,1.3983781153980666,1.3823799408565343,1.3563269843706627,0.586984291599425,0.32141962878821484,1.0,0.4,1.0,0.8,46,10.546270773022126,42.18866282289142
23,29,1.4716331687157274,1.5119413632133607,1.5071903679529615,1.4916051249396798,1.4650097653530914,0.8568457284391766,0.32204850639390814,1.0,0.4,1.0,0.8,48,10.555477790318273,42.35616932350322
23,30,1.3654894265521265,1.4045575388689246,1.3997950844000637,1.3847670456016992,1.363087023367333,0.5821652130689868,0.32600168147579484,1.0,0.4,1.0,0.8,49,10.26028196033472,40.84210458630589
23,31,1.179201429244787,1.2166045922531419,1.211220763734506,1.1976398574334843,1.1736889200149119,0.157857108751002,0.30970429074436073,1.0,0.4,1.0,0.8,55,9.817552253756892,46.02914599293948
23,32,1.1785882786931434,1.2159969730287208,1.2106132171225865,1.1990831886150701,1.17223709132951,0.15723014710502398,0.3093423581879233,1.0,0.4,1.0,0.8,58,9.799098124406132,47.82987063066033
23,33,1.1871854252678424,1.223506222212781,1.2187183305552485,1.2077658680081613,1.1831978357022765,0.15062986890245894,0.32080489066483153,1.0,0.4,1.0,0.8,60,10.02789584241352,39.18981567202896
23,34,1.1784159835460801,1.2098549467259665,1.2050219808977707,1.19423482953851,1.1814180216122472,0.15981320881723232,0.309220792203545,1.0,0.4,1.0,0.8,62,9.599595515716592,44.724090127709815
23,35,1.1768803551986002,1.2064835471022803,1.201633670753866,1.1934690705513573,1.1750307193618763,0.15669105992550586,0.3092513620161736,1.0,0.4,1.0,0.8,64,9.634104281082427,42.74629765270558
23,36,1.1767439942204914,1.2059810449575623,1.2017336848281575,1.1942825542358757,1.172807416037432,0.1566120016800509,0.3092404449593204,1.0,0.4,1.0,0.8,66,9.554402782920826,41.67553559232708
23,37,1.1768871798786014,1.2058294996404586,1.2015794240120237,1.193495400117397,1.1730741186976277,0.15706997150143712,0.30925096871917995,1.0,0.4,1.0,0.8,67,9.541725620342984,41.44633404213982
23,38,1.180120422719331,1.2076460547724142,1.202777100027641,1.1954635942618501,1.179727010993157,0.16550815210451345,0.3093215869233682,1.0,0.4,1.0,0.8,68,9.505956600894487,36.04906925977148
23,39,1.181370207126858,1.2076157146466635,1.2033408612937357,1.2001527644521284,1.1774298838060004,0.15648983878138217,0.31442533235748205,1.0,0.4,1.0,0.8,80,9.50997274941916,1313.483928667473
23,40,1.181187460714913,1.2062927602426103,1.2020074453786211,1.2006663518378238,1.1789446720508567,0.16830636100952223,0.3097074872115109,1.0,0.4,1.0,0.8,82,9.385647240795432,43.58502642739869
23,41,1.1814157329605246,1.2063739728333935,1.20239036749873,1.201611862687149,1.1776972708895421,0.1687425358304579,0.30980109759126473,1.0,0.4,1.0,0.8,84,9.373373171363903,43.59114253033127
23,42,1.1812626499573535,1.206197299826576,1.2025163964943777,1.2023063822902036,1.1773550961987649,0.1685511129672557,0.3097436234770998,1.0,0.4,1.0,0.8,86,9.36895420633866,43.63983324734912
23,43,1.1843379569729153,1.208872781306761,1.2057941639759857,1.2069969090314152,1.1822874446096816,0.16487142012982053,0.31438786036420197,1.0,0.4,1.0,0.8,87,9.256172545317968,42.40550559301953
23,44,1.185281536518642,1.2077351082696341,1.2046374648413052,1.2080921679995258,1.1827919561860807,0.16787148460033208,0.3144774202474686,1.0,0.4,1.0,0.8,93,9.170891778194555,43.8587647342906
23,45,1.1850233307315605,1.2069041781613707,1.203801257514412,1.2082324009762186,1.1821036375676097,0.16744912619972327,0.3144827428644922,1.0,0.4,1.0,0.8,96,9.501625523723364,45.08472692822704
23,46,1.1849849096384777,1.206722408434433,1.20392117921697,1.2089381654903946,1.181853755513714,0.16744912619972327,0.3144827428644922,1.0,0.4,1.0,0.8,98,9.47044004031169,45.2026918682913
23,47,1.1961875657345256,1.2175198965609952,1.2144119760753957,1.2208165645425693,1.1932461550810796,0.16793639537036303,0.32554238453173234,1.0,0.4,1.0,0.8,100,9.246383100442644,41.67370170667078
23,48,1.1860910687601942,1.2069751256618948,1.2047719295788821,1.2113085827015122,1.1835414651736866,0.17097334031623007,0.3143489762786587,1.0,0.4,1.0,0.8,103,9.480876730241016,46.25336222554069
23,49,1.1857238370978593,1.2059760916842022,1.2040701758499577,1.2105045415923867,1.1849101548917413,0.17035329781295463,0.31434780337408685,1.0,0.4,1.0,0.8,104,9.455385818468995,46.73769851565677
23,50,1.1856948138275176,1.2056790897947813,1.2034676645425522,1.2109802091754236,1.1827872787028324,0.17035329781295463,0.31434780337408685,1.0,0.4,1.0,0.8,106,9.459047084123878,46.75277798989341
23,51,1.1857661301889206,1.205705949766718,1.203797146554183,1.2119195600188695,1.182807622654546,0.17059212787290293,0.314345493093726,1.0,0.4,1.0,0.8,108,9.453027380716136,46.15005908049643
23,52,1.1856751740471272,1.2032233680965878,1.2009897375011682,1.208406413763952,1.1905731671285376,0.17098811745995954,0.31446903273173277,1.0,0.4,1.0,0.8,109,9.401133026953802,46.051203752945845
23,53,1.1857211199732711,1.202922455208323,1.2012916125800115,1.2188676639499647,1.1830752122840094,0.17150155081459442,0.3143944056548976,1.0,0.4,1.0,0.8,131,9.992173407206108,114.30710216883008
23,54,1.1887625265119222,1.20490363001485,1.203869124732701,1.2209856350980424,1.1903806011629636,0.17820548013960497,0.3149527728801016,1.0,0.4,1.0,0.8,132,9.02938059498152,39.1434820666322
23,55,1.2286772285196468,1.2429157831546749,1.2415609539944878,1.2607046545965535,1.2294669341922277,0.2770627147999692,0.3156127616887556,1.0,0.4,1.0,0.8,134,10.75090864611542,189.7428531697288
23,56,1.1879453143854488,1.2009849262294248,1.1996191996699843,1.219065650528947,1.1898909146232313,0.17617823721786474,0.31542349184016627,1.0,0.4,1.0,0.8,135,10.784906086069768,189.31002432134616
23,57,1.1868086045983761,1.199715983107253,1.198349027836298,1.2188246687023558,1.1849994926255607,0.1762550907993818,0.31427683489399405,1.0,0.4,1.0,0.8,137,10.813081483019594,187.88338340209447
23,58,1.1838287166489683,1.196431546013474,1.194758939906452,1.2152164397557448,1.1825479403961792,0.1761698119076288,0.31136473465152736,1.0,0.4,1.0,0.8,138,10.776751316103608,188.05309384882457
23,59,1.1872840042216908,1.1995103372720926,1.1987431992091593,1.2195298394244762,1.187544835854947,0.1760274897782022,0.31497825951802516,1.0,0.4,1.0,0.8,139,10.753227649294733,188.4567907286903
23,60,1.180761484578173,1.1903756235674425,1.1892818725241234,1.2151911576308403,1.1799050796526078,0.17780621606997749,0.30813635378154236,1.0,0.4,1.0,0.8,152,9.713401557751736,110.06556395886466
23,61,1.1805042630473803,1.1899750812348753,1.1888800219249007,1.2154780985983007,1.179261816792297,0.177245168894612,0.3081256513182008,1.0,0.4,1.0,0.8,154,9.70906238858942,109.60550879291522
23,62,1.180581066777755,1.1896155985351422,1.1888195527726324,1.2171766823855004,1.1800563431715316,0.1776773064381011,0.30811067173103085,1.0,0.4,1.0,0.8,156,9.697957724862286,109.2738643112822
23,63,1.1797055502538916,1.1870751024709079,1.185960990816753,1.2169959157162529,1.179594702787755,0.17626337626411512,0.30804222035596324,1.0,0.4,1.0,0.8,161,9.640201237019848,108.74857860568927
24,0,0.9410941208169114,0.8883139293270864,0.8874373353542832,0.8835090406200891,0.0,0.0,0.0,0.0,0.4,1.0,0.8,1,231.02656801260332,1353.033786490156
24,1,0.9060509049028388,0.9044353957611112,0.9034005772841517,0.8991756007024622,0.06532881002033324,0.09028194294031328,8.370552690093721e-05,0.00010370647492360999,0.4,1.0,0.8,3,214.63187305994668,1265.4329777445816
24,2,0.8700554831223705,0.9095600457535908,0.9083844647412385,0.9042158808463764,0.11102166307488728,0.140768914484866,0.0010876100402474702,0.00242670873528536,0.4,1.0,0.8,4,201.3489914607155,1114.7806963910575
24,3,1.4789370183863255,1.789667461234389,1.7862516908961,1.7735243875785822,2.0477318589032665,0.2377660728630763,0.32976188236364135,1.0,0.4,1.0,0.8,5,74.89022137082044,233.0599791918609
24,4,1.343830770180435,1.6531270799203979,1.6491258088969143,1.6352674497193274,1.2749704238041457,0.1338539715450305,0.3093801372170669,1.0,0.4,1.0,0.8,7,56.87671388048126,236.9870197345413
24,5,1.2992943224325884,1.5475116985203214,1.5426007714758243,1.524166273227644,1.4299460865054905,0.1992336646495418,0.3321122242744863,1.0,0.4,1.0,0.8,9,30.633206699223024,109.41987664067732
24,6,1.249475900307099,1.4594113444766093,1.4539941147881064,1.4346039259587098,1.2812005233933836,0.18400271555402742,0.31460929828582535,1.0,0.4,1.0,0.8,11,27.026968846124,144.98711055537387
24,7,1.2536069363232305,1.426370180258954,1.420521337432975,1.3994810270331437,1.2893661216070735,0.1943458532775875,0.3324239562593583,1.0,0.4,1.0,0.8,13,19.68053324008248,77.41741376639891
24,8,1.2414428879640567,1.382394689433792,1.3762042262259964,1.354224894335261,1.272439688921117,0.19297817863383654,0.33252235318233814,1.0,0.4,1.0,0.8,15,16.768867984811685,76.5627867267736
24,9,1.2386068578048852,1.3757861330564465,1.369556418111193,1.3478748530263953,1.2224997734747935,0.1917046520943295,0.3314213475332606,1.0,0.4,1.0,0.8,16,16.352836848686323,79.50714120840153
24,10,1.2324721518664243,1.345663693115227,1.3391898102138007,1.3165746901721245,1.2988233090769195,0.19048918337845305,0.33291201816342825,1.0,0.4,1.0,0.8,17,14.707960756449737,68.69702033526188
24,11,1.150394532471306,1.2624506410009397,1.2559652153158076,1.234158402893649,1.131862388318429,0.19379200863917043,0.29925763226587504,0.9382398160941999,0.4,1.0,0.8,18,14.675854661395492,48.19439516501638
24,12,1.2273962898422273,1.3226522256431474,1.316000782774914,1.293325697926253,1.2694262825599738,0.18936649939953007,0.3329728356793525,1.0,0.4,1.0,0.8,19,13.384653140189492,68.43171249715729
24,13,1.1429356142374711,1.226563987955253,1.2197993162080942,1.1975687627351297,1.1687329307449001,0.1925272700795791,0.2993184497817992,0.9384039697951758,0.4,1.0,0.8,20,12.913172635734815,43.09249738310041
24,14,1.1383975760827025,1.201818445893153,1.1948605411193585,1.1723702496002846,1.1623875136349815,0.1912030380490614,0.2995109280141046,0.938674105843021,0.4,1.0,0.8,22,11.853721778446571,38.58262352263065
24,15,1.1371473683084203,1.193238421320423,1.1862113156678153,1.1641293720820762,1.1398436576894202,0.19127085341145175,0.2995704132187083,0.9388565354278808,0.4,1.0,0.8,24,11.415875585925289,40.23054363280144
24,16,1.1361756160200867,1.1908489325723173,1.1838085380683292,1.1621684146444267,1.131351737163745,0.1900019784294876,0.2995523081355072,0.9386485621038216,0.4,1.0,0.8,25,11.497642925374365,38.24048525797525
24,17,1.135540860807843,1.1858730653460212,1.178791948610653,1.1574425359583853,1.1416323544257192,0.18983877009663822,0.29958961662451766,0.938947483434483,0.4,1.0,0.8,26,11.109467051603652,38.93835360474707
24,18,1.1339706410195038,1.1773097889784796,1.1701633874153887,1.1495285104581792,1.132426586586202,0.19303215314615327,0.2990803713834787,0.9376772204264933,0.4,1.0,0.8,30,10.514662070671388,37.42752936537831
24,19,1.1338830965432658,1.176839279622437,1.1699922586015647,1.149668491999753,1.1272419149317634,0.19303215314615327,0.2990803713834787,0.9376772204264936,0.4,1.0,0.8,32,10.502382293172284,37.06912678127128
24,20,1.1338825403163253,1.1769256817702025,1.1703823669842048,1.1506669485266232,1.1264401133317805,0.19303215314615324,0.2990803713834787,0.9376772204264933,0.4,1.0,0.8,34,10.50148969524569,37.09878627658799
24,21,1.130959472859045,1.1694227825607082,1.162231120159297,1.144227163367667,1.1318180950251822,0.1922323802316498,0.29846488971453866,0.9361989402234675,0.4,1.0,0.8,36,10.496691728405942,36.33653382205547
24,22,1.1389222491547437,1.1768251567523933,1.1696282981926904,1.152371946453085,1.1333380338073593,0.21192077085609634,0.2987613223040213,0.936064606520844,0.4,1.0,0.8,38,10.383785827181502,33.68380709950227
24,23,1.1368643541061578,1.1706646755915966,1.1634298738621303,1.1455607301712964,1.1449822092178115,0.20856873445843868,0.2988185376560541,0.9360111608980946,0.4,1.0,0.8,39,10.115133533101202,29.32964662489968
24,24,1.1330214993458612,1.1668818518275714,1.159950508015563,1.143209417512677,1.1272698147298224,0.2000078616916102,0.2984302459369872,0.9359802026554196,0.4,1.0,0.8,41,10.27066661356544,37.9875757188348
24,25,1.2049262345748124,1.2361688628287684,1.2298192534185473,1.2161077027043354,1.2005595350636078,0.2078092153842785,0.3206268666075907,0.994827094516334,0.4,1.0,0.8,51,9.70787871242525,41.134569939236
24,26,1.2034805060802418,1.2333567879661405,1.2269945980494992,1.2152324786965631,1.1999435342313027,0.20483543097923418,0.32062163017044637,0.9948093664249213,0.4,1.0,0.8,54,9.714361470802125,41.06903150851754
24,27,1.2043474233151983,1.233459631769422,1.2273934526560506,1.2160714535603516,1.2008600765700141,0.20723051568252876,0.320686214948922,0.9947986751506799,0.4,1.0,0.8,56,9.67276306462722,41.36788085976267
24,28,1.1953997450960192,1.2207097061278742,1.2149115286554286,1.201051189867173,1.197704345942068,0.21288898629316813,0.3166586441545104,0.9866483563005459,0.4,1.0,0.8,58,9.452450567859811,46.68945982336969
24,29,1.1951804343634378,1.2192700512161188,1.213763609453447,1.200318836662834,1.1933309547082511,0.21288898629316813,0.3166586441545104,0.9866483563005459,0.4,1.0,0.8,60,9.384249319442574,46.74435708191103
24,30,1.190879617070365,1.21400718997782,1.208491948487848,1.2005863298364918,1.187286972883718,0.21256451729933187,0.31521870098946186,0.9834353188841977,0.4,1.0,0.8,71,9.417198293927465,45.993550317823534
24,31,1.1541366301789153,1.1765415518418714,1.1713227207371109,1.1630170794785364,1.153115647607014,0.21308589283892326,0.30439756902083087,0.9509411145775571,0.4,1.0,0.8,72,9.506908066088275,46.31519652641332
24,32,1.2053034708397194,1.2278514210680556,1.2232397409390185,1.215915501612412,1.2016262936628608,0.21522504108906984,0.31925089232220805,0.9952718137394887,0.4,1.0,0.8,74,9.289310083173746,45.87497008977823
24,33,1.2052459126850916,1.2262327704971963,1.221909789241354,1.2159883058153393,1.2045394798838065,0.21571703206758194,0.3192573002030194,0.9952859539773572,0.4,1.0,0.8,76,9.240176644840307,45.68280172760456
24,34,1.2066471883392567,1.2270560357962792,1.2224248075913464,1.2171980501301136,1.2048997670887671,0.2189826081538313,0.3193497284968182,0.9953898618488504,0.4,1.0,0.8,77,9.279873411553035,45.831639742725
24,35,1.2229231289461315,1.2419317252775763,1.2375906492430486,1.2319178517550464,1.2247625017483021,0.21462419676144892,0.3339240707494252,1.0,0.4,1.0,0.8,78,9.230673509182033,66.41142102112829
24,36,1.221955392049166,1.2401912282941667,1.2358430989010534,1.2307787955920442,1.2202262300839903,0.21386948972760456,0.3333837576478812,1.0,0.4,1.0,0.8,80,9.239329600469718,66.76026151703614
24,37,1.221837860757648,1.2394150153942278,1.2350608728801493,1.2302913808578635,1.2211266682284536,0.21387700897791012,0.3333698508836255,1.0,0.4,1.0,0.8,81,9.212271136114198,66.67655814929319
24,38,1.2090403916341972,1.2243894808614058,1.2206210237957076,1.2168356624042704,1.2145936035968237,0.21602070087552624,0.32266517274792994,0.9967956205510757,0.4,1.0,0.8,82,9.061826916607457,45.844853404631
24,39,1.2021073124713917,1.216009603499956,1.2119250410297688,1.2085194163364887,1.200875015024396,0.21549911382458814,0.3203744356249727,0.9915232988332836,0.4,1.0,0.8,86,9.021988043997077,45.295986080788026
24,40,1.2021247493805842,1.2159743255737194,1.2121922339852926,1.2102666219533096,1.1999621325365535,0.2157374603512793,0.3203553380763986,0.9914780591017196,0.4,1.0,0.8,89,9.027844909346944,45.280451705550966
24,41,1.2020825884567035,1.215653748314212,1.2121720574929675,1.2101665551120027,1.2002588664474327,0.21602148977946758,0.32032455034008683,0.9913947213036852,0.4,1.0,0.8,92,9.029443376445986,45.85588714605011
24,42,1.1543991950908252,1.1676608765152983,1.1635705028756878,1.1678793049040985,1.1522440407130823,0.2117418090272591,0.3049374709930084,0.953189774907865,0.4,1.0,0.8,104,9.223510933495676,46.79434344276751
24,43,1.1907486999780998,1.200807345867783,1.1963848650947697,1.201980487681215,1.1942130617873141,0.2102725501785984,0.3159951965969146,0.986149235077527,0.4,1.0,0.8,106,9.133596347714798,46.7085967066234
24,44,1.1907430507378747,1.2009453431943264,1.1971301122561655,1.2045856965497,1.1890538449888928,0.2102725501785984,0.3159951965969146,0.986149235077527,0.4,1.0,0.8,110,9.128549395774312,46.66655378044874
24,45,1.191167217710909,1.2012792012269138,1.1971602280486668,1.2039937983116058,1.1894488971384782,0.20992673591010197,0.31613058810282346,0.9866831722265619,0.4,1.0,0.8,111,9.084848237253086,46.26153004209654
24,46,1.1924828554548261,1.2024762674693845,1.198659154890539,1.2054486809253846,1.1914906231843774,0.21409803319100001,0.3160047498415254,0.9864399117054748,0.4,1.0,0.8,112,9.034023661093324,46.27367416057543
24,47,1.1929497818559638,1.2017578887559695,1.197627088170349,1.2053953559227577,1.1950782909172168,0.2137660770085254,0.3159694456160767,0.9874458100513996,0.4,1.0,0.8,113,9.058951957635736,46.43845475800892
24,48,1.2161605164749618,1.2242255998221827,1.2194821187046894,1.2176301273733472,1.2149004530786427,0.2196568349023607,0.3268674192456361,1.0,0.4,1.0,0.8,124,9.149308912350268,45.42330892038461
24,49,1.213910837861417,1.219696729940539,1.2167504604726895,1.2306353372810643,1.2140829778142268,0.2170027854779059,0.326110717895525,1.0,0.4,1.0,0.8,132,9.042050044275769,48.91249720995104
24,50,1.2127840844988618,1.2183396944896643,1.2156942726399316,1.2298878056918399,1.2128967590718895,0.2144335345775667,0.326060278038622,1.0,0.4,1.0,0.8,133,8.993940534534051,48.69348636186894
24,51,1.2138484617822936,1.2191763691095665,1.216225946235952,1.2314880925276919,1.2131472392365874,0.2169486775548969,0.3261394664481431,1.0,0.4,1.0,0.8,135,9.043671805691876,49.02435857027204
24,52,1.2152003722798692,1.2205466350695628,1.2185053325832353,1.2347040423573745,1.215144544355375,0.2206657627321654,0.32604267502415707,1.0,0.4,1.0,0.8,136,8.992412106475664,48.07573047105368
24,53,1.2134885805535056,1.2169196225568104,1.215163965920096,1.2319403760028755,1.2162241578163369,0.21832933896566448,0.3255675062596526,1.0,0.4,1.0,0.8,138,8.944065338006622,48.16604095335592
24,54,1.2160243908087456,1.218913836432066,1.2171532445290065,1.234618061436957,1.2164134487713678,0.2209542577102229,0.3271344106378709,1.0,0.4,1.0,0.8,140,8.968705961706378,47.98294318989474
24,55,1.2149933665592145,1.2179117888040918,1.2164544496433727,1.2352804003078663,1.214544717286406,0.22117325663334547,0.3260248988573365,1.0,0.4,1.0,0.8,144,8.98838371022741,47.8996388535728
24,56,1.2159554331482203,1.218399702724541,1.2175440646263946,1.2421822226150727,1.2157946858797604,0.2189089024034408,0.3279903204628466,1.0,0.4,1.0,0.8,153,9.16160394653114,48.717997319249
24,57,1.215497182994311,1.2178351507154574,1.2166755900501283,1.2426803556808084,1.2151160413275393,0.21831945794717647,0.3277702740661633,1.0,0.4,1.0,0.8,156,9.079852630026302,48.94911167551304
24,58,1.215639647849688,1.2177577471800736,1.2168991759398402,1.2429226618331464,1.2163123512945293,0.2187597814253722,0.3277827156045461,1.0,0.4,1.0,0.8,157,9.083568901057593,48.78339228511697
24,59,1.2156163618111626,1.217658482319698,1.2167992012293078,1.2435183746946912,1.2155262498535104,0.21871860667498413,0.327787201755955,1.0,0.4,1.0,0.8,158,9.08548877236478,48.7217908658314
24,60,1.2141312049719535,1.2161410979472604,1.2152815384671722,1.242697875795437,1.2139007737076644,0.21857761285649172,0.3263632192895607,1.0,0.4,1.0,0.8,159,9.106180288558466,48.80024860458242
25,0,0.944770449279811,0.8893124322758343,0.8884436072502557,0.8845453241988901,0.0,0.0,0.0,0.0,0.4,1.0,0.8,1,227.423601739274,1347.3619939317666
25,1,0.9111416405543507,0.9069689270535445,0.905942408552067,0.901749248867814,0.06671334256547073,0.09395699939301431,8.413625095935061e-05,0.00010707645313331,0.4,1.0,0.8,3,211.0067590550981,1259.901820133312
25,2,0.8764469014838445,0.9129270943907353,0.911762364110722,0.907635238545871,0.11208517873744508,0.14554406705128212,0.0010897457324875602,0.0025194280875505603,0.4,1.0,0.8,4,197.9809902187582,1105.3760480191963
25,3,1.509548118168486,1.8185689762700756,1.8153284743153046,1.8032752363646132,1.996997442535433,0.25417069779935847,0.32977779901661847,1.0,0.4,1.0,0.8,5,75.54881910038502,211.7719783135556
25,4,0.5676191154132977,0.8787881971197066,0.8753149784836094,0.8629681060486813,0.34869003285907463,0.1687319105725592,0.07729489398216638,0.22064493832612025,0.4,1.0,0.8,8,68.54209479574817,288.9160215138013
25,5,0.8245465511582506,1.1316830089960235,1.1277024787547387,1.113718242537656,0.73200245406222,0.1694062385820298,0.1739135114598744,0.4964511112337706,0.4,1.0,0.8,10,54.69765904110849,201.78360219723385
25,6,0.7809792501532289,1.074307747723283,1.0698971612296337,1.0550101353835986,0.7152265782816547,0.16239143378022086,0.17398884766304015,0.49664182195461903,0.4,1.0,0.8,12,44.22003842728245,168.18613253336446
25,7,0.4466724014458544,0.7279473818714299,0.7238828392221712,0.7091808046568598,0.41900229993834165,0.12654833773797178,0.08211637639843243,0.23786478545786177,0.4,1.0,0.8,13,37.381597390018925,167.59564159219636
25,8,0.7451690543699789,1.0161597694159705,1.0113038319752552,0.9950786147894808,0.7023987111647065,0.15715851146416038,0.17421485627253738,0.49721395411716474,0.4,1.0,0.8,14,35.48930063742552,140.2954426097146
25,9,0.7038261378887741,0.909624198626477,0.9044595423118729,0.8859845089773022,0.981322134299528,0.13799098180066924,0.17873499387614045,0.513670958365512,0.4,1.0,0.8,15,23.026382158593865,96.23622201886766
25,10,0.6894742561149754,0.8673763940071157,0.8618876841781078,0.8428268884641119,0.7034010300354022,0.135110500375981,0.17881292938282864,0.5138141450837049,0.4,1.0,0.8,17,19.56717118314682,81.67335002360994
25,11,0.6897134314381128,0.8675788415559098,0.8620897020726794,0.8430275875357833,0.6443809909857144,0.13474000905342506,0.1789278469985419,0.5141821966439224,0.4,1.0,0.8,18,19.582225734518616,80.55536071236642
25,12,0.6815061875721383,0.8407713175238556,0.8350779089247415,0.8159019558223815,0.7183525804814891,0.1333305574942646,0.17887216685893612,0.5139802070315412,0.4,1.0,0.8,19,17.46023197037951,75.58657099371088
25,13,0.6766180601686539,0.823507843971294,0.8176826318688173,0.7984669455652587,0.6671331749795311,0.13072600935752554,0.1791059733790007,0.5144097671861203,0.4,1.0,0.8,21,16.295569817060866,68.53313270310974
25,14,0.6568907482741112,0.7844579122113644,0.7784322513019507,0.7589151581375866,0.666200502591948,0.13145179506454388,0.17428478267702718,0.5031760160173581,0.4,1.0,0.8,23,14.895794290557037,59.86885302243519
25,15,0.6545340304833891,0.777917864613221,0.7718496054636331,0.7528806352793458,0.6361170619040041,0.12830138733091553,0.17432825123826612,0.5033070960984377,0.4,1.0,0.8,25,14.559026820609205,59.68407214145476
25,16,0.6432761672215956,0.7585278627681946,0.7517716784125954,0.7308156932972985,0.6488002926759096,0.13895224420384716,0.17128746786379717,0.49055787495899345,0.4,1.0,0.8,26,13.968622078827336,53.69510039566058
25,17,0.6383272913111198,0.7371283256074688,0.7302086764374132,0.7098571978403836,0.6387493101461967,0.137250823830731,0.17131867495868316,0.49065209795496506,0.4,1.0,0.8,29,12.941858511528231,51.9274987312776
25,18,0.6359699569349045,0.7257490820261931,0.7187411930042016,0.6987765721115838,0.6348178785026248,0.1363868166673978,0.17139642495215365,0.49082023850499035,0.4,1.0,0.8,31,12.408249873947526,50.25428247596221
25,19,0.6339179358549396,0.7228089337577812,0.7163982259999221,0.6978292410434597,0.6181137916366769,0.1364519522852428,0.1707898980661224,0.48930676105029774,0.4,1.0,0.8,34,11.835671073568085,46.22869606461868
25,20,0.6322881397207957,0.7142568176508073,0.7074762048147855,0.689294216229118,0.6409971576679271,0.13548788053298041,0.1708294196525344,0.4896930627127453,0.4,1.0,0.8,35,11.46625499721024,44.25214133686894
25,21,0.5223570208631241,0.6009310267821971,0.5944206263045009,0.5771955894615446,0.5199552627547357,0.1407022209643579,0.13754717292885163,0.3922633848419129,0.4,1.0,0.8,36,11.3595962326164,50.50912658476016
25,22,0.6158057624815442,0.6937202734630528,0.6872035060462462,0.6694920701783537,0.6035626302545767,0.13643086283804756,0.16456501560147224,0.4776226990419186,0.4,1.0,0.8,37,11.260137383256868,45.10410585497157
25,23,0.5183215580072748,0.5846531550251497,0.5780257564542288,0.5609031292959995,0.5468876694488992,0.1368870071653187,0.1375962382944259,0.39239086071670043,0.4,1.0,0.8,38,10.841075057931064,50.56631116320783
25,24,0.5169472953156371,0.5780699429311673,0.571393196193654,0.5551422360740774,0.515028148764138,0.1359109148073369,0.1376148195036427,0.3924858107802148,0.4,1.0,0.8,40,10.545091939453574,47.81658637221803
25,25,0.5165898226148664,0.5740923305847905,0.5673814380512671,0.5518124903993088,0.5126135043160531,0.13665808250624104,0.13763569619604374,0.3925538032415017,0.4,1.0,0.8,42,10.409272513900849,41.61307121937337
25,26,0.5175733113360423,0.5742788138497619,0.567560421106718,0.5522273807547013,0.5102400615220601,0.139820568344435,0.13762930068843057,0.3924088299013044,0.4,1.0,0.8,43,10.277475311761036,38.01185020638288
25,27,0.5165192674532251,0.5720443446494945,0.5650119610695874,0.5451134159022478,0.5075888094688206,0.13998884523563845,0.13736008459870414,0.39161440652300616,0.4,1.0,0.8,47,10.184554904304832,43.31804492608003
25,28,0.5319611714856438,0.5831196403930232,0.5766520910553485,0.563749100521721,0.5282014565545808,0.13796451974106355,0.14786621476741812,0.39990828111723736,0.4,1.0,0.8,50,10.168573861411804,42.316447427528026
25,29,0.5294617523211659,0.5791736882707622,0.5726926008611721,0.56028798412275,0.5232437938697283,0.13575996405962332,0.14768770207978804,0.39845757776239416,0.4,1.0,0.8,52,10.036771208355162,39.71587881292856
25,30,0.5204731736408592,0.5666083847087584,0.5600938936394633,0.5475085572758986,0.5247198165917267,0.13872147152169395,0.14471108722029802,0.3903114412884632,0.4,1.0,0.8,53,9.857166331945262,39.14426322754263
25,31,0.2804870279575651,0.327430010909264,0.32395249868259546,0.32228271777518147,0.27249023600446554,0.12373800474760725,0.06941730537888297,0.19195914973407055,0.4,1.0,0.8,83,9.782930312549937,437.25636723777967
25,32,0.28182234922175936,0.3269181014095305,0.3234234008750241,0.3232833476554964,0.27732095404609325,0.12641766526493695,0.06869447413535935,0.19362413033343484,0.4,1.0,0.8,85,9.640757684397329,437.51171373675913
25,33,0.27903198807497176,0.3225272372188442,0.31932055266267195,0.31968902529329035,0.27360931303485686,0.1228088058720516,0.06932970950857563,0.1915383653405128,0.4,1.0,0.8,88,9.67852652184714,444.6879669091701
25,34,0.2771142854477736,0.318104388597102,0.31245086909640385,0.30346330496864216,0.27618429160676766,0.1241972091976817,0.06873594577142943,0.18959915297732738,0.4,1.0,0.8,89,9.68126298734204,449.4547695527295
25,35,0.28116658868318956,0.3228586453375734,0.3196352390361156,0.32123420434514816,0.274212404739809,0.1272050537234926,0.06870202558551326,0.19320720127418364,0.4,1.0,0.8,90,9.46660723172233,436.9761826040231
25,36,0.26996594988845796,0.3079033082038884,0.3019185557544871,0.2938284248482638,0.273508381239673,0.12849678951041876,0.0664703776611452,0.1820177422125172,0.4,1.0,0.8,91,9.545349310514217,470.0061080987308
25,37,0.2783437071356017,0.3152207750486802,0.3095291245064039,0.30188823768942746,0.27402300684623837,0.12900650981480893,0.06878076889314365,0.18960517997611087,0.4,1.0,0.8,93,9.458637124311355,464.8387659775959
25,38,0.28074796445199135,0.31675158819697946,0.31105186065312956,0.3036879535103941,0.2775941930756616,0.12902118344436803,0.06951590235164956,0.1918791359990118,0.4,1.0,0.8,94,9.489798046674604,463.8617672415048
25,39,0.29883001852401986,0.33421098609447053,0.3303232532772882,0.33277063574261556,0.2968625243695774,0.13433460526242147,0.07369810030572446,0.20685533328460948,0.4,1.0,0.8,95,9.22883279371471,443.68395717356617
25,40,0.28977708327701457,0.324933255795236,0.3213463652653188,0.32438266813992495,0.2844528334218703,0.13374581908141336,0.07106158241237034,0.19919880757875058,0.4,1.0,0.8,97,9.276310262370872,448.4678637174063
25,41,0.28976206034201885,0.3247363927348381,0.3214507872164268,0.3250781641587762,0.28441284256293287,0.1336840094878364,0.07108272105014796,0.19924452156564712,0.4,1.0,0.8,99,9.293342162125017,448.7263599936075
25,42,1.273522203464932,1.3071632947827827,1.3032595216099783,1.307551939899477,1.2718270902239852,1.0,0.0679151850824672,1.0,0.4,1.0,0.8,100,9.301335956671393,473.06621397500106
25,43,0.28083879953910695,0.3135384417542181,0.30871707070749366,0.3071267806160082,0.27560158310623895,0.1435275826150743,0.06596223621185897,0.18996993820271613,0.4,1.0,0.8,109,9.235324797094966,473.3468380076535
25,44,0.2833094018921335,0.31453102318975257,0.3096960539265502,0.30870117287284776,0.2805780635827254,0.1440381676291078,0.06691487641562449,0.19193385505012012,0.4,1.0,0.8,111,9.159082215496076,471.1206451203722
25,45,0.2826090235092018,0.3136389945829565,0.3091051963826954,0.30677148228167195,0.27790204047961703,0.14376100298862962,0.06666866296668322,0.19156577406430114,0.4,1.0,0.8,113,9.1655854703967,473.0450160382636
25,46,0.2839602918255618,0.3146154081330838,0.31038108380887003,0.30986779032846146,0.27965383505319946,0.1474213479553892,0.06671060688076862,0.19147402630279484,0.4,1.0,0.8,115,9.12776629616592,452.5479255641637
25,47,0.2899884036749523,0.316516084381001,0.31254686978509794,0.31178723472166725,0.2998203302752699,0.1462494708312853,0.06820750060957355,0.19862394027611624,0.4,1.0,0.8,116,8.987948617341617,420.8791829933799
25,48,0.2888981371195197,0.3140598606821712,0.31007809535108977,0.31090397663460373,0.28589898265660363,0.14804936032260435,0.06755484417466194,0.1974652239022599,0.4,1.0,0.8,120,8.942281644403893,451.6720927148591
25,49,0.2916139159377519,0.31604432228783863,0.31205586837905874,0.3128562439754971,0.2900560776293645,0.151399620886575,0.06805846223748249,0.1987090891427846,0.4,1.0,0.8,121,8.903504558250493,431.80456901806417
25,50,0.28991287337024735,0.3130799252885018,0.30907988072494447,0.3101623676968485,0.29032556467925985,0.15132610953002776,0.06761487380918785,0.19743626340094125,0.4,1.0,0.8,122,8.858345991818023,431.9763930346871
25,51,0.2907366394834362,0.31389374615121235,0.30989360201985683,0.3109757435377205,0.28693091184590735,0.15324578602478922,0.06765462255514429,0.19745851820324817,0.4,1.0,0.8,125,8.853773712674785,421.1579580445537
25,52,0.28987254486447667,0.3127966352942414,0.30879440907585654,0.30986828323134974,0.2868767589577659,0.15132610966915203,0.06761487381195073,0.19743626340154088,0.4,1.0,0.8,126,8.846574044203738,431.0498768275691
25,53,0.2893003824248296,0.3132495799004214,0.31319511299606584,0.31771451669518863,0.28603350307141606,0.15132448715748884,0.06745076808116461,0.1969570726486406,0.4,1.0,0.8,127,8.843325343880974,430.8693103544626
25,54,0.28414097062597077,0.3066217177634982,0.3047361388083687,0.3217207574154418,0.28074865826563644,0.129894549729834,0.07348974991292394,0.19386625603432747,0.4,1.0,0.8,142,8.591157058734135,277.26320885694423
25,55,0.28839829327693944,0.3104207074072642,0.3085309083667982,0.3261740319675649,0.2856416518928335,0.1354911677234289,0.07418269333701136,0.195617748254882,0.4,1.0,0.8,144,8.455800316251706,276.3559961543625
25,56,0.28206230744534266,0.3032511612473979,0.30135375176791057,0.31930529034107646,0.2814792554373693,0.1304798368676161,0.07282806188957114,0.19206839964655492,0.4,1.0,0.8,145,8.463415524253255,277.7033698296179
25,57,0.2838019616328255,0.3041486769857924,0.3013346581732793,0.31032040152139984,0.2805997880409644,0.14113884051298145,0.0640921765928173,0.1999506598903888,0.4,1.0,0.8,166,8.727946805582212,413.1904746818884
25,58,0.27522718325505563,0.2930239401846109,0.2904896495418501,0.3006629595349005,0.27677842951451176,0.1431438197681721,0.0626398031395562,0.19058045765056325,0.4,1.0,0.8,168,8.584491539520975,413.42182032053415
26,0,1.0,0.9038802035539674,0.9031258517037523,0.8996643437294283,0.0,0.0,0.0,0.0,0.4,1.0,0.8,1,174.95909586692204,1337.0014691661363
26,1,0.9614059175228055,0.9207881434649313,0.9198753937261025,0.916116951412349,0.06614214130619978,0.09224490199072938,8.535645514831991e-05,0.00011709881642790001,0.4,1.0,0.8,3,162.49038299385842,1249.800160671014
26,2,0.9310417486880181,1.2677099505406413,1.2677099505406413,1.2677099505406413,0.5108890021275088,0.2396400422998099,0.01820586994174545,0.1920600795987146,0.4,1.0,0.8,4,182.57916154741136,565.3336360984604
26,3,0.36001065676920696,0.6703793583742396,0.6670475589217693,0.6549143618728929,0.4185663230847342,0.0988515610370245,0.007894390611372938,0.059303881769189645,0.4,1.0,0.8,6,82.69459941526598,240.5275586572607
26,4,0.33230520106495,0.6431061046913514,0.6399889327336619,0.627580959367486,0.10938522190684806,0.09944699538290527,0.003905441198880027,0.04398376301756613,0.4,1.0,0.8,7,78.85209198311482,306.139080849297
26,5,0.31821991059557847,0.6305199941206759,0.6268686230342033,0.6142853437360839,0.18288428083579536,0.1004431749580027,0.007967228127051586,0.05949186199512074,0.4,1.0,0.8,8,69.98319235456259,207.92212072870385
26,6,0.2904864431137057,0.6013156261513001,0.5978646756725595,0.5850079357903621,0.1150085253281255,0.10072430302588661,0.0039782787145586345,0.04417174324349723,0.4,1.0,0.8,9,65.70605168216082,247.2270605246917
26,7,0.28326597958049576,0.5915087281750823,0.5875420071517319,0.5741424657689781,0.17761011611952585,0.10169015611850118,0.00818574067408755,0.06005580267291403,0.4,1.0,0.8,10,59.25733303699258,180.5237725602408
26,8,0.2530009324310567,0.5573762276823379,0.5538681822765534,0.5405883038342937,0.13514490912537597,0.1022804709963353,0.004410560770607613,0.04528738369066121,0.4,1.0,0.8,11,52.74840482199474,163.14157909179482
26,9,1.3400684302515862,1.6334407250936844,1.628898829323191,1.61411765581947,1.3940743107045455,1.0,0.012116077329662769,1.0,0.4,1.0,0.8,12,40.61638586915468,99.35645460688497
26,10,0.1914262657161185,0.46997999850323574,0.46542585910904427,0.44935274178900536,0.21899965034529173,0.10553418924497479,0.00647082618405904,0.05016909798125894,0.4,1.0,0.8,13,32.34536844464703,79.36301995436666
26,11,0.15515590415657865,0.3738380521678471,0.3688324654795266,0.3508922378510163,0.2068313851814514,0.10553418924497482,0.00647082618405904,0.05016909798125894,0.4,1.0,0.8,15,23.011096967516,97.17437446861427
26,12,0.16422415394467643,0.3716001258939138,0.36645460962542753,0.3479799005269473,0.15578182767135995,0.1038875935051301,0.010459775596552003,0.06548921673288242,0.4,1.0,0.8,16,23.593553299019423,110.11469479885872
26,13,0.09645724458548259,0.22928722449755323,0.22361691701102315,0.2024623732884191,0.22055274633841254,0.1022920592256148,0.0030039224083755955,0.029562450522240193,0.4,1.0,0.8,18,15.86327489096108,46.40262603575394
26,14,0.08840266540073324,0.1942155482915482,0.18797097549100975,0.16713064692069327,0.07925544970543393,0.1010291254214292,0.002276845379520209,0.03045424412184018,0.4,1.0,0.8,26,14.223181297120163,56.1132755185056
26,15,0.08411892658847747,0.1649747384190358,0.15848629808409787,0.1374329392824897,0.11366785702121901,0.10046316312341533,0.002990866353913811,0.03213575905586273,0.4,1.0,0.8,28,13.141790501454643,52.7530014825547
26,16,0.07831326290827871,0.1409019995525914,0.13423908617236385,0.11318703660118665,0.09908911926203945,0.1002355903660869,0.002431893841000877,0.03063896806199138,0.4,1.0,0.8,30,11.740161413402204,49.05478726887725
26,17,0.170403171437238,0.22996193212417476,0.2232703922500141,0.20307892628157553,0.1650206534047824,0.10124857770512954,0.002618835470547766,0.1457861947436191,0.4,1.0,0.8,32,11.72135315347976,48.67558461431944
26,18,0.18064662535748388,0.23513536985338712,0.22869906947588664,0.20885257994533485,0.17988671183971475,0.10183537386613777,0.0022841413547407476,0.1599956116614604,0.4,1.0,0.8,34,11.350180824130314,47.79205170690064
26,19,0.20933417147363187,0.25988125785543,0.2534079853513092,0.2342300921765971,0.20725486714835512,0.1018078427906968,0.00196640790518756,0.1972251052654611,0.4,1.0,0.8,36,11.002840787599895,52.47953704570034
26,20,0.20931491748794748,0.25854632307083064,0.2520607262234638,0.23310580716398355,0.20522289467129975,0.10260070082875354,0.0019595114179972355,0.19712893753087318,0.4,1.0,0.8,37,10.948140349223095,44.53925441931252
26,21,0.21485895750906278,0.26008769505801016,0.2538676918048091,0.2351301670114433,0.21403551324092152,0.10222385639673082,0.0019570864116557588,0.2052184568648315,0.4,1.0,0.8,39,10.814786368702462,43.786653153677385
26,22,0.08947080195822321,0.13402373004417473,0.1277974014889657,0.10924233672332717,0.08253910224863706,0.09870188515812243,0.001884133823352671,0.0504948931660799,0.4,1.0,0.8,42,10.768561484164076,40.437864472786266
26,23,0.08857934185957803,0.12943340034716683,0.12347571931282349,0.10495146498594576,0.08802477596621298,0.0996200363507344,0.001886942523359823,0.04979088522238439,0.4,1.0,0.8,44,10.544333596909658,40.55353767078352
26,24,0.39531080077234937,0.43525821092750183,0.4289890881135071,0.4113191347698564,0.39122947242611783,0.10242737864288812,0.0018582474923694013,0.43202353071981225,0.4,1.0,0.8,45,10.542404411352583,43.2217514138193
26,25,0.43557653579946176,0.47445104933089877,0.46817197572040326,0.4507484260345524,0.4325626729936872,0.10239641431163726,0.001878135597003281,0.4825897528635177,0.4,1.0,0.8,46,10.530846730739626,44.32718585387931
26,26,0.08863042254266103,0.12550992985224552,0.11951540944834638,0.10231647644307798,0.08942851983866225,0.09954229158649311,0.0019303901012015742,0.05073797406034297,0.4,1.0,0.8,47,10.425337132161127,41.30381920581957
26,27,0.29441882559733856,0.3296703004382977,0.32335766788346954,0.3063748112065619,0.2936236640553726,0.10154432085214889,0.001867915579904878,0.3073933328029868,0.4,1.0,0.8,48,10.291104307468617,47.42325329774405
26,28,0.08808992574171542,0.12337867640947534,0.1173694167795217,0.1007001486558518,0.08226059008884498,0.09877169205179595,0.00197970754540752,0.05074054826717237,0.4,1.0,0.8,49,10.242164726658718,40.52591884551084
26,29,0.29359249023295064,0.32702155587855897,0.3206921073414985,0.3042136614466399,0.2938968572576597,0.10079842693205543,0.0018531529719545414,0.3071544223655024,0.4,1.0,0.8,50,10.252726803157758,47.10561775800266
26,30,0.09073907339396617,0.12335447166396912,0.11701755700977254,0.10188696434036332,0.08794248903952431,0.09913093336709412,0.0019393138200327878,0.05449222341474863,0.4,1.0,0.8,51,10.237701238248736,39.617228399073625
26,31,0.4555729949583949,0.4874942003197339,0.4811508410841132,0.4651880743159426,0.4524913742902659,0.1051795003343472,0.0018494431062058149,0.5077744273540968,0.4,1.0,0.8,52,10.1476768168858,40.933601818692594
26,32,0.45997977692185843,0.4898308688215268,0.48377148348554305,0.468374989044933,0.45857595482999974,0.10731630219536407,0.0018773410504797042,0.5126482568437841,0.4,1.0,0.8,54,10.05801602866276,41.839482096233446
26,33,0.4595116019910486,0.48693206723274496,0.48085030718921606,0.46595420207130317,0.4589746934950931,0.10678480018901097,0.001934733844139109,0.512778129033482,0.4,1.0,0.8,56,9.933762197867765,41.73079135993527
26,34,0.5059628524341139,0.5321476736962262,0.5260545722184549,0.5117008707054848,0.503615219168955,0.10724755651653639,0.0019494502360343387,0.5708547934212517,0.4,1.0,0.8,58,9.884597726146776,41.21217997610536
26,35,0.4591590589496226,0.4846844243322851,0.47858526558154024,0.464794279288238,0.4559510502033133,0.10586716150944948,0.0019628807260190684,0.5131628151130512,0.4,1.0,0.8,60,9.862426279340545,41.24895817576235
26,36,0.08962549999321118,0.11521907991006017,0.10942351303799513,0.09751726805701968,0.08534816345315252,0.09875238635038648,0.0019409233114577034,0.054835433869025264,0.4,1.0,0.8,62,9.807396991565833,40.07549716674978
26,37,0.08928536122996159,0.11276951116820079,0.10695462261217241,0.09527504474154819,0.09242248990281349,0.09915498101146167,0.0019526643362741869,0.05463672948436936,0.4,1.0,0.8,63,9.705169255393226,39.75925017251306
26,38,0.4590659222127961,0.4807567888607809,0.47583434320535317,0.47202531446038465,0.4557938698338493,0.10397663223755582,0.002529587301336627,0.5141587000155978,0.4,1.0,0.8,83,9.706711114474553,40.54192823497789
26,39,0.45877137590508077,0.4803163261343275,0.47539256185158085,0.4722043613712479,0.45542157377428066,0.10469688592608302,0.0025726029730984397,0.5134067146875263,0.4,1.0,0.8,85,9.717443147927616,40.64957871846968
26,40,0.48039157795458376,0.5017595312687128,0.49744001830990825,0.49661531138896475,0.4770958007745113,0.10508210186578489,0.0030374667852650053,0.5397319257465975,0.4,1.0,0.8,90,9.728731886182416,40.754071243792936
26,41,0.4791932439799396,0.499510639057025,0.49487859730744316,0.4950251791516123,0.47903854821397107,0.10500858911734663,0.0030886537706616333,0.5384040825236014,0.4,1.0,0.8,91,9.726898986777838,40.61991313679498
26,42,0.479303978096782,0.49945470315862783,0.4954270858164065,0.49770950198995445,0.47621532478326256,0.10487597079361799,0.0027396467025634216,0.5391160214151666,0.4,1.0,0.8,96,9.68596186840622,42.13029389934095
26,43,0.47971905776063545,0.4998648521605855,0.4961401475212469,0.4980265328708178,0.47673202624498934,0.10650817560236878,0.0028754144570030294,0.5386684953927084,0.4,1.0,0.8,97,9.691999595853824,42.450308836629205
26,44,0.4788438443472661,0.4985408413912584,0.49450910191971087,0.4974231423779817,0.47679993874456345,0.10518899945962415,0.0028072391523619815,0.5383925714311019,0.4,1.0,0.8,98,9.614213994325118,42.7532070341594
26,45,0.4788728925870792,0.4986313402354102,0.49490312907995554,0.4984090417881786,0.47565460478597893,0.10518083714655588,0.0028033223252963125,0.5384436958446935,0.4,1.0,0.8,102,9.610615132746736,42.62891609184888
26,46,0.47877133167263575,0.4981271106464096,0.49439518167234264,0.49821423302055073,0.47605740883580444,0.10573485996605363,0.0028891521074224423,0.5380165876931924,0.4,1.0,0.8,105,9.462541366339366,42.21305291560073
26,47,0.4802494822612901,0.49854746475769285,0.4954118331044742,0.5000500143593496,0.4813875524219477,0.10900591225588244,0.002836153525125874,0.538544229932412,0.4,1.0,0.8,106,9.508383910904332,43.50872383301062
27,0,0.9092004231843308,0.8794886047608902,0.878542809802683,0.8743497610897583,0.0,0.0,0.0,0.0,0.4,1.0,0.8,1,261.43796362838856,1352.5917196050896
27,1,0.8774119944505702,0.8963824676584083,0.8952788140932323,0.8907911805958239,0.06594193402423865,0.09204326775188801,8.27212703444588e-05,0.00010824607087413999,0.4,1.0,0.8,3,242.4378264784744,1259.0083046588545
27,2,0.7738096382583595,1.0122716264648703,1.010072381140065,1.0016131121862233,0.6969005089233258,0.09946436003633861,0.07520488956347723,0.2218520798158905,0.4,1.0,0.8,4,167.80605665234967,705.6750147090984
27,3,0.7589865920275924,1.0041510551242958,1.0021910669778153,0.9935761001727925,0.3036340526752326,0.09946436003633861,0.07520488956347722,0.2218520798158905,0.4,1.0,0.8,6,163.69505922435195,718.2487328224253
27,4,0.5734087818395822,0.884659918959338,0.8811746367653507,0.8687814511635316,0.5526473491111753,0.1680124661709043,0.07340272317505862,0.23513665460573258,0.4,1.0,0.8,8,70.04733248971966,297.0816066596583
27,5,0.8428994270084094,1.1503039206348205,1.1463357968068288,1.1323990118278016,0.7445389625254035,0.16868391782574357,0.16515612714388198,0.5290574728628981,0.4,1.0,0.8,10,53.5727755502709,201.4262404023248
27,6,0.43010322510775023,0.7001862677435697,0.6956169951732731,0.678897715318201,0.48707777168107347,0.13371695373590042,0.07541685222863334,0.24006269916182715,0.4,1.0,0.8,12,37.33290296014915,158.2339812427665
27,7,0.48846441398326773,0.6951605630488908,0.6900068748332144,0.6700672991260339,0.5921166805646889,0.1339138827542986,0.10586459045555,0.336982233803333,0.4,1.0,0.8,14,22.78551243364671,88.77379469608076
27,8,0.6746582829454214,0.8396606098274734,0.8343322513918447,0.8127608522919002,0.7222451299749892,0.13937996607846478,0.16289648591204836,0.5196769421656184,0.4,1.0,0.8,16,16.56114765393529,77.02896286865187
27,9,0.6623522911947857,0.795592945668799,0.7899283797495844,0.7676829972035593,0.6948777076241139,0.13562192201587012,0.16300817280891114,0.5198707827389925,0.4,1.0,0.8,18,14.038950492979566,61.444863820124965
27,10,0.6418581905357916,0.7560085820888601,0.7498471619007184,0.727543393899927,0.6536958060492507,0.1374342072006805,0.15785337894028564,0.5067828254659391,0.4,1.0,0.8,20,13.170625458705963,51.02268496024505
27,11,0.6408756375204455,0.7413765690150025,0.7353823846221018,0.7129858285904784,0.6459936291008237,0.13866259916386492,0.15854511575265803,0.5086443638393575,0.4,1.0,0.8,22,12.19041210440598,50.113358712060254
27,12,0.6383794649062773,0.7309333646989269,0.7251641424877344,0.7015937736229052,0.6300860101068917,0.1358321435256212,0.15881321484753572,0.5091096688591804,0.4,1.0,0.8,25,11.661609334427125,44.657309774235614
27,13,0.5243352062801225,0.6167513842801349,0.6103749547743107,0.5888224867182709,0.5063957128760459,0.14456691626732202,0.12566929117630768,0.4036173180825372,0.4,1.0,0.8,26,12.445584941668695,38.27905292002033
27,14,0.5535349811221526,0.6370065795087481,0.6308462674022053,0.6092524288291652,0.5537393610799086,0.14678362943540513,0.13413991830565664,0.43108401169299154,0.4,1.0,0.8,28,11.812738770735134,46.2579488380218
27,15,0.5502814811104488,0.6192598244210501,0.6126575924948607,0.5911694370135745,0.5883944503063778,0.1472927771690502,0.1341306746642211,0.43077019178066117,0.4,1.0,0.8,29,10.919154525384023,45.022210267693104
27,16,0.550383093367772,0.618385485400893,0.6120768829920618,0.5906351789494951,0.5417121057200354,0.14217470442292016,0.1348520496891718,0.4328372841921945,0.4,1.0,0.8,30,10.60775993994928,43.56939944259694
27,17,0.5499039737817527,0.6162916702955816,0.6096646553140479,0.5890375585049696,0.5434932272069788,0.1421413710801117,0.134805317850197,0.43273949528461114,0.4,1.0,0.8,31,10.422080386361165,41.57477098442676
27,18,0.5522347050604679,0.6151840012613748,0.6088275035755311,0.5879241054298754,0.5528672626731453,0.1489259862517368,0.1349115002167282,0.43302158337714414,0.4,1.0,0.8,32,10.38774638390204,44.73888765456458
27,19,0.5470780326442783,0.6074025061791191,0.600718224129992,0.5805961812199774,0.5451263336344045,0.14325254962050787,0.13419347083987287,0.4309627723313615,0.4,1.0,0.8,33,10.372577534058706,39.97006476075229
27,20,0.5482413179088197,0.6077645885912223,0.6010727477998004,0.5811744333599471,0.5403160508445921,0.14030105645541202,0.13485959564111044,0.4332594601762552,0.4,1.0,0.8,34,10.068357058656268,41.01231493856199
27,21,0.5412480191377873,0.5935879723050462,0.5868285404208065,0.5669254270579418,0.5568990167410917,0.14240222679687864,0.13326056827951113,0.4272522185069558,0.4,1.0,0.8,35,10.104895988748057,37.56102917263856
27,22,0.5389725435041173,0.5875031800505606,0.5807081456550762,0.5611739678507622,0.536986292240216,0.14448468997104055,0.1325315564941718,0.42518975333030024,0.4,1.0,0.8,37,9.823511792030114,38.205038473683736
27,23,0.5484684247426947,0.5965365415535067,0.5900400779812465,0.5710895843259289,0.5410289658904897,0.14363529053200821,0.13520198136251235,0.4342781069036817,0.4,1.0,0.8,39,9.752270912414112,38.8098524618836
27,24,0.5483284284885295,0.5956571382082405,0.5891537731439977,0.5709409111566304,0.5426085092529922,0.14363529053200821,0.13520198136251238,0.4342781069036817,0.4,1.0,0.8,40,9.712818168566914,38.98404423922832
27,25,0.5483251915451699,0.5957267521462166,0.5895270090329348,0.5716920551155777,0.5401371194776765,0.14363529053200821,0.13520198136251235,0.4342781069036817,0.4,1.0,0.8,41,9.71325332207208,38.9418328267075
27,26,0.5502181959893928,0.5948004713244195,0.5885744383556204,0.5719222775227824,0.5449146547685461,0.14890485455392893,0.1352860417394881,0.4345667934048345,0.4,1.0,0.8,45,9.722940963753109,38.441076460497
27,27,0.543559462643731,0.5861398882442778,0.5795922515912788,0.5630829304580051,0.5427308418125489,0.14819837489203383,0.1332364981721771,0.4296020812327092,0.4,1.0,0.8,46,9.694075750408109,38.03997367497095
27,28,0.5575857666474402,0.6001553445514645,0.5939105601557463,0.5778030715749665,0.5504143852412419,0.14699432692420392,0.1374137165004828,0.44253870930200245,0.4,1.0,0.8,48,9.696131391272996,37.53895859439409
27,29,0.5573277868618272,0.5981392522146493,0.5918781343918053,0.5760093545418938,0.5563100691655216,0.14565449113800538,0.14161706796479182,0.43803594560868364,0.4,1.0,0.8,49,9.454995861720093,38.10331304533258
27,30,0.5567730652847059,0.5966636792561774,0.5906970375780156,0.5760408078097851,0.5507970724600156,0.14450437766969054,0.14097844851559202,0.4389459922969981,0.4,1.0,0.8,53,9.299166437602995,38.85464782972649
27,31,0.5519235598109079,0.5893088566988907,0.5833189766835964,0.5691147928587571,0.5540654867666843,0.14773888281820136,0.13538068397789485,0.4388298885598553,0.4,1.0,0.8,54,9.254307933605286,37.58638132311022
27,32,0.5519738650306276,0.5886025674941686,0.582605695167969,0.5694984040016629,0.5470118899826875,0.14651973155896367,0.13528813078003124,0.4397874795825065,0.4,1.0,0.8,56,9.205446455488833,38.03133797111128
27,33,0.5514142652584809,0.5878072123846536,0.5821111143553993,0.5683410721006729,0.5463307200359213,0.14755589093592564,0.1354205240249918,0.438477121345805,0.4,1.0,0.8,57,9.132322023299867,37.18869613269512
27,34,0.5518869389286429,0.5874765792159652,0.5817730667663013,0.5691107490270001,0.5472041892371241,0.14725895080490484,0.13542922535473947,0.43938439877783564,0.4,1.0,0.8,59,9.099883430068624,37.52764257333948
27,35,0.5518843747293231,0.5874596152134028,0.5817559221356028,0.5696484180429323,0.5458892734680613,0.14725895080490484,0.13542922535473947,0.43938439877783564,0.4,1.0,0.8,60,9.098952741128354,37.509897133816544
27,36,0.5463382904980538,0.5819135913014188,0.576512821287165,0.5643052542800566,0.5406153799837013,0.1468460664540035,0.13156247260361684,0.4375116385596175,0.4,1.0,0.8,61,9.096775683816292,37.65042726749789
27,37,0.5459016622043831,0.5812823595731441,0.5761828381575542,0.5641650653376733,0.5404072380223488,0.14658206873619928,0.13127020768625688,0.4375263576817311,0.4,1.0,0.8,63,9.081671792243252,37.91023057124017
27,42,0.5415943867013508,0.5704178268613211,0.5646519191760919,0.5579024162939139,0.5393768406689682,0.1465595868045657,0.13966053391263453,0.42305764175991295,0.4,1.0,0.8,75,8.90357989958513,272101.12834511715
27,43,0.54447396309686,0.5720373447821889,0.5665627585429863,0.5603426099266188,0.5443955866970721,0.14953851286577516,0.14159035436341308,0.42304381382767187,0.4,1.0,0.8,76,8.862002211684093,366000.1742471719
27,44,1.312088133034945,1.3358667262835824,1.3318723005899002,1.3244676335893812,1.3152892811283285,1.0,0.10816776226555014,1.0,0.4,1.0,0.8,78,8.942744149539772,26.818114010962454
27,45,1.3142692113848042,1.3375167525144147,1.3362440820948787,1.3426444403394266,1.3107125486978286,1.0,0.1105716758019646,1.0,0.4,1.0,0.8,110,9.037471513688883,29.518289791206723
27,46,1.3137259312162166,1.3349478991340598,1.3336567039805762,1.3406707644752505,1.3137618194756837,1.0,0.11036204932718552,1.0,0.4,1.0,0.8,112,8.921429506858344,29.15402885833418
27,47,1.3159040038949108,1.33705768976866,1.3360689043426652,1.3505849574572069,1.3126014747079973,1.0,0.11256606488793523,1.0,0.4,1.0,0.8,127,8.885147803853387,29.08960418596434
27,48,1.3155735734650855,1.3336084970376376,1.3331971294772806,1.3485515689354317,1.318290323882904,1.0,0.11277125231511241,1.0,0.4,1.0,0.8,129,8.726577277393941,29.040604559733048
28,0,0.9396226400660435,0.8879234935789931,0.8870438252592026,0.8831044463094554,0.0,0.0,0.0,0.0,0.4,1.0,0.8,1,243.82029849412888,1418.420251216742
28,1,0.9127054528863316,0.9097555448378896,0.908725352563217,0.9045186825973536,0.06867737158380773,0.10209641441425385,8.379317079143167e-05,0.0001174470044271,0.4,1.0,0.8,3,227.3753486041692,1335.9565588197515
28,2,0.8453604513669984,1.077702404575904,1.0755417519320079,1.0672261009399435,0.768055243329945,0.09955615180706254,0.08225497424405649,0.288625568078836,0.4,1.0,0.8,4,136.85606616400457,763.7144546850803
28,3,0.5226306490057488,0.8335333158803387,0.830424883009899,0.8175886670687001,0.42152208099131994,0.09953067024134932,0.0239016163787703,0.2555708625629268,0.4,1.0,0.8,7,74.19077801661473,425.4961881601448
28,4,0.5613873919700239,0.8725305725680695,0.8693762340769362,0.8565291929483733,0.32936101783456734,0.09985311175679393,0.02876344913021036,0.305398493297486,0.4,1.0,0.8,8,71.42707388363819,376.188542087818
28,5,0.4821256016979164,0.7934897525948252,0.7900632498607442,0.7768931242442609,0.36955807909955973,0.10017966783179369,0.023975530441273055,0.2557629941652836,0.4,1.0,0.8,9,62.44395010540244,385.1593388487704
28,6,0.47195411713733804,0.7806760379461201,0.7770620764464969,0.7639190272180968,0.34836479699469036,0.09781634436204503,0.026272935598911158,0.26790844531458957,0.4,1.0,0.8,10,53.43015872942779,341.9489839987472
28,7,0.44880630512989694,0.7553080045639629,0.751579463271948,0.737784968432048,0.31200026616542087,0.10045520892563291,0.024053619767858015,0.2559023835654318,0.4,1.0,0.8,11,54.19749442986485,348.718185732395
28,8,0.4020175244062657,0.6756437311166055,0.6714380673850358,0.6558586078532143,0.5737708663785899,0.09724516249309903,0.02862875246385747,0.27647012709465385,0.4,1.0,0.8,12,33.41798470812349,237.0397779772448
28,9,0.37953626621578324,0.6475562634280692,0.643556619957977,0.6261676452093725,0.30896543156018874,0.10011417559756901,0.02539083069992336,0.2594419139445922,0.4,1.0,0.8,13,32.04305406448432,230.4307119733899
28,10,0.31965960809519295,0.49172737465524163,0.48647658566630697,0.4648837258286195,0.5062671569558443,0.09952192515263678,0.026964167891004986,0.2622503198674834,0.4,1.0,0.8,15,17.61836858132075,172.40135326543944
28,11,0.31556829700668254,0.47661340568210336,0.47124204761812327,0.4497874081053383,0.29894689104933503,0.09960496806532392,0.027022220744281168,0.26243990242141507,0.4,1.0,0.8,17,16.671997879480454,160.9282603390384
28,12,0.3139619097415004,0.47083759692488286,0.46572407307198,0.4448111340102884,0.2852162482170896,0.09955344643845464,0.027025312680986156,0.26243459866110885,0.4,1.0,0.8,19,16.23419401479421,163.6674116870352
28,13,0.4485286023701927,0.5977596857401833,0.5922618715956571,0.5708045169815144,0.44384685216638564,0.1032068541971923,0.05998954995296681,0.3910069614780893,0.4,1.0,0.8,20,19.284590654148303,123.51492156355324
28,14,0.34629524480562746,0.4851766133421586,0.47926759006622427,0.45851128636717753,0.3349251665158601,0.1000856041501856,0.031127283386375024,0.3051394366324089,0.4,1.0,0.8,22,14.590344695048838,140.222956295253
28,15,0.3177739517919815,0.44568289876307177,0.44026634026662237,0.4197658202511951,0.31138967576616783,0.10007588938503895,0.030398488251410442,0.27477469399614585,0.4,1.0,0.8,24,14.412963266908791,115.62089447362222
28,16,0.2056702902477449,0.3095710413956889,0.3039129325926776,0.28343780485224696,0.22946898265451504,0.10019444334174032,0.015818135457185207,0.16126954900307922,0.4,1.0,0.8,26,13.417657924038595,131.01487815141064
28,17,0.2038690717342695,0.30061519069578757,0.29518994406039445,0.27528748638957123,0.19770213646628076,0.1001944433417403,0.015818135457185207,0.16126954900307922,0.4,1.0,0.8,28,13.003011071749784,127.71035806589413
28,18,0.20332265216205803,0.29720833625924853,0.29145211354699607,0.27139355776244933,0.19500706955762181,0.10040547438397576,0.01586427722817479,0.1612795240214831,0.4,1.0,0.8,29,12.778456338415346,126.27435157890172
28,19,0.2034715568789065,0.2972260945301663,0.2914685857777824,0.27212134685517025,0.18546655814887902,0.10050320721521569,0.015914719167858443,0.16139394237716523,0.4,1.0,0.8,31,12.837237043212555,126.83199301505744
28,20,0.20320831182488475,0.2955224509930136,0.28975089124028724,0.27095704118236663,0.18704131812348324,0.1009278398867062,0.016076510655320616,0.16108987166635932,0.4,1.0,0.8,34,12.71735548813076,124.9925423283202
28,21,0.20231247220762205,0.2912407329069775,0.28543619130301107,0.2671861257807103,0.19734548161919238,0.1003240129555201,0.0158987689145393,0.1615127448199441,0.4,1.0,0.8,35,12.586016289221227,123.07162749327723
28,22,0.2863423870747092,0.37360674050207415,0.36808902296666635,0.35429509105540674,0.27046667431037996,0.10214959116837083,0.023082153776516887,0.25717820923766094,0.4,1.0,0.8,43,11.359984900246982,450.8034192476996
28,23,0.2114460725497085,0.2846842304159678,0.2790314515861285,0.263299499719323,0.24756135556996128,0.10329181877404665,0.015927569723489594,0.1759054336292689,0.4,1.0,0.8,44,11.093169554764351,817.1629453293205
28,24,0.20986824765134,0.27833384385508436,0.2726355386727961,0.2570143573054115,0.20578439988210112,0.10240936549021096,0.015956297226362656,0.17562268137723971,0.4,1.0,0.8,46,10.900034956159292,814.5788204511122
28,25,0.20923406008343914,0.2755019092341452,0.270085620988953,0.25617791197813355,0.20124633008779214,0.10304103410917224,0.015958543568338132,0.17511264357197137,0.4,1.0,0.8,48,10.676925284253668,810.5755184929255
28,26,0.19932257297021888,0.25806873038977324,0.25258130541345114,0.2392220389503446,0.2019617028808543,0.10786303229977057,0.016541131351110197,0.1615138679302991,0.4,1.0,0.8,50,10.733631994448908,908.5404803148324
28,27,0.19959580688109485,0.2545542531551378,0.2493340930142881,0.2362680037181233,0.1966424475940559,0.10631237636565372,0.015525876687387767,0.16486425950309408,0.4,1.0,0.8,52,10.475833680756477,799.5899339083983
28,28,0.19869661806686112,0.24975733309194162,0.24480364887675402,0.23270417589138848,0.19439725701735527,0.10722943894402397,0.015524436525050485,0.16425451036031716,0.4,1.0,0.8,55,10.236036338662812,809.4848300398012
28,29,0.22636384748995242,0.27727090125033765,0.27261866870165585,0.2618802447841117,0.21781310485485347,0.10257314515478777,0.018460072230439037,0.19755579726321076,0.4,1.0,0.8,58,9.979347439239408,909.9265672262818
28,30,0.22560221995123791,0.273377214529011,0.26869572639553774,0.25875878723656537,0.2209581833483008,0.10220902641366698,0.018447468461511244,0.19754962597922776,0.4,1.0,0.8,61,9.67498401932338,912.992846445384
28,31,0.22353497296645425,0.2711667644795725,0.26648392362639617,0.257150256054666,0.21556944483456308,0.102333265778168,0.01815963537280653,0.19529628512808953,0.4,1.0,0.8,63,9.68140540999689,904.4440268426026
28,32,0.223858646436972,0.27103598702243975,0.2666518337569975,0.2584266947287679,0.21668928534051454,0.10229793210732745,0.01819059478360335,0.1958083597402904,0.4,1.0,0.8,65,9.676097812945905,909.5772192903044
28,33,0.24204119953851866,0.2882280728724294,0.2844405986043951,0.27805803221508485,0.23483588748893192,0.10269820197138976,0.015859130602425282,0.22152854540002215,0.4,1.0,0.8,71,10.21948239932819,152.55299708595456
28,34,0.2427687947641397,0.28473580693289363,0.2812120443173013,0.2745999828685639,0.2503850794536423,0.10274157332824785,0.016049245234317826,0.22317518130171626,0.4,1.0,0.8,72,9.89235146199776,125.55633682324712
28,35,0.24158161879250373,0.2808583376666365,0.2770066579306968,0.27064160576003826,0.24381321779463197,0.10270357203061682,0.015910352952514587,0.2224741006953112,0.4,1.0,0.8,73,9.81914203001885,150.82009611243774
28,36,0.24138313578530862,0.2786634912449844,0.27479332559625436,0.269319899776387,0.2385254191136585,0.10267793218245069,0.01573712350373908,0.2229038789930545,0.4,1.0,0.8,75,9.735792359078465,149.95859018875046
28,37,0.19391418339297378,0.2291922738665873,0.2259094549545111,0.22758628714199092,0.18866778654152572,0.10149517136638837,0.014435628673901758,0.16627092412782568,0.4,1.0,0.8,87,9.701255182340164,826.0106323517515
28,38,0.24259267449969016,0.27517916192165165,0.2712656530804972,0.27107073899003153,0.2456949038372572,0.10291453357017946,0.01406264539262684,0.2274278550418556,0.4,1.0,0.8,88,9.547110475704727,741.3551882184796
28,39,0.2432078398851123,0.27497224064698156,0.2710511455061568,0.27244567176839335,0.23862023014758169,0.10267211174102682,0.013317121386542417,0.22942792817974592,0.4,1.0,0.8,92,9.456243504159588,734.8419627304169
28,40,0.19655564643633516,0.22849914143490874,0.22639738192554126,0.23189815907672479,0.19146106613138175,0.10342273119495349,0.01586202449054998,0.16763464703830028,0.4,1.0,0.8,102,9.606731544980976,775.0143874974802
28,41,0.1963956784108351,0.22401261138598916,0.2215681734981445,0.2270152815212621,0.19905739344012746,0.10404308580194987,0.016226005613583134,0.16757778483274857,0.4,1.0,0.8,104,9.570830318533478,776.1895220736442
28,42,0.2421002568500441,0.26897494525930354,0.2659177660929445,0.2741894720225828,0.23865264844497833,0.10307177225306477,0.015507836858098508,0.2262109158544213,0.4,1.0,0.8,106,9.40243032300388,739.0061891191364
28,43,0.19819851870837535,0.2251507435054403,0.2233061153874901,0.23024837686766034,0.19432804489617977,0.10617952659643967,0.016342972639316868,0.16879573054065589,0.4,1.0,0.8,108,9.58495055600497,772.5410244729578
28,44,0.23867005756914692,0.2644265369176895,0.2616620519297173,0.2688281232055953,0.23525792424482925,0.10268896583519885,0.012847403017287184,0.2256948030004197,0.4,1.0,0.8,112,9.38904468777509,736.1674085434595
28,45,0.23001321565870853,0.2532720708613018,0.2507876410125214,0.2594860590526748,0.2291553209467307,0.1049279712672824,0.012211665378893647,0.21508909269846832,0.4,1.0,0.8,115,9.312509065756378,794.6521750286494
28,46,0.2304781648611929,0.25335161348083723,0.2511665854976812,0.2628465954616671,0.227117316535284,0.10504960760466327,0.011585692143953486,0.216490395368156,0.4,1.0,0.8,120,9.30200651117466,798.2041846828839
28,47,0.23052928167925646,0.25305476198540844,0.2502607179804772,0.25430107022071413,0.22698960277814037,0.10501609140917631,0.011755856791364516,0.21639307960181905,0.4,1.0,0.8,125,9.30933181524952,798.1945476420673
28,48,0.24695262869772241,0.2691428137495639,0.26816347625126685,0.28936926026248316,0.24364052104240713,0.10630441078291857,0.016387270788084607,0.2306693902200021,0.4,1.0,0.8,140,9.519299832271448,802.2367837072451
28,49,0.24526803284502563,0.26522772607227574,0.26543985940281034,0.29630336380400313,0.2426664028794222,0.10361433273166136,0.0135711261804754,0.2339585093811709,0.4,1.0,0.8,158,9.211905226501909,762.5973474015638
28,50,0.24528140195984205,0.26504560133438626,0.26555890884484684,0.2992852991001899,0.24237987878531686,0.10365354451436697,0.013596791900085132,0.2339814191164482,0.4,1.0,0.8,165,9.220803396152707,762.5934632454641
28,51,0.24529191440393777,0.26532514603788987,0.26674979129463716,0.3061613993840262,0.24225421479486067,0.10365330039115712,0.013597205247652937,0.23399436156573042,0.4,1.0,0.8,181,9.220852247172203,762.6120910227456
28,52,0.24644749984281158,0.2660627992100376,0.2677866017340561,0.3086811892174086,0.2440582386203251,0.10325788346047302,0.013785788238925496,0.2355035708049631,0.4,1.0,0.8,184,9.178200207721677,765.8672318803967
29,0,0.9174146813137899,0.8817897321550998,0.8808618705635719,0.876738020817791,0.0,0.0,0.0,0.0,0.4,1.0,0.8,1,254.215718575625,1329.6230879536738
29,1,0.8866910324018327,0.8987625551020236,0.8976823809477184,0.8932843957242625,0.06435626929397276,0.0905241497350486,8.303048676564244e-05,0.00011264470922666,0.4,1.0,0.8,3,236.7344804211289,1295.6646055817412
29,2,0.8484670708697061,0.9013102345157908,0.9000858880618295,0.8957308538741074,0.11024913777673348,0.13520887986448651,0.0010565929996729263,0.0027023948869567198,0.4,1.0,0.8,4,219.67551663115265,1122.551631309744
29,3,1.4702888251703143,1.7802624494837724,1.7769267946202618,1.7645072963971047,1.9816619009201055,0.21935479983193668,0.3175218831553473,1.0,0.4,1.0,0.8,5,75.15226291312791,298.35412428823224
29,4,1.318289858917998,1.622478081830778,1.618341474541189,1.6039625006452634,1.2980780282366267,0.13140314519342441,0.29695779542334805,1.0,0.4,1.0,0.8,7,55.74856918381968,296.8605302562919
29,5,1.2888333430560892,1.5819743934046862,1.577521171461494,1.562654536240467,1.2090150283195402,0.13079173848803316,0.297035376124468,1.0,0.4,1.0,0.8,9,48.70843885605306,268.0611285600661
29,6,1.3035991775233162,1.573750318844654,1.5691820608674303,1.5530354164745495,1.3410282917388343,0.18011154673781568,0.3223396229511863,1.0,0.4,1.0,0.8,10,35.22416717540425,124.11120430706448
29,7,1.2758128847693484,1.5173823695268016,1.5126796590804152,1.4956647797725968,1.2742297863468401,0.17875532691384027,0.3222678941708661,1.0,0.4,1.0,0.8,12,28.533067558401346,107.46300630575654
29,8,1.2539775501632575,1.4632028348887063,1.45807988119958,1.440155233603902,1.270305810417698,0.17659478678342888,0.3225006362742259,1.0,0.4,1.0,0.8,14,23.39639876420292,92.6267322815662
29,9,1.2393536017129398,1.4196193643325297,1.414157228380628,1.395400871416597,1.2550348892204777,0.1746914499147274,0.32288853977982557,1.0,0.4,1.0,0.8,16,20.042353565174203,82.63309962997805
29,10,1.2296183892588188,1.3860037650682784,1.3802793605551793,1.3614265581037344,1.2407185585226517,0.17394981338121884,0.3229844611502739,1.0,0.4,1.0,0.8,18,18.04626532728773,82.72209644648456
29,11,1.225341542964228,1.3698997831672926,1.3640500613693574,1.345197168477519,1.2154678697514392,0.17228066446577572,0.3235275260581134,1.0,0.4,1.0,0.8,20,17.294804653953797,78.44260815422284
29,12,1.1729062749026156,1.3047727717984774,1.2987911207893457,1.2821123334117477,1.1562086978737145,0.17015341007440857,0.29158912662898273,0.9805710351829587,0.4,1.0,0.8,24,15.50589789850599,67.63907406588243
29,13,1.1865857030042473,1.3131047004305643,1.3070683409564539,1.2906861286224323,1.1694707499226473,0.16725004978011812,0.29616245720146317,0.9954422620975825,0.4,1.0,0.8,26,15.35842848352114,74.42655973158486
29,14,1.186585704701415,1.3131947063301697,1.3074620778323638,1.2914512881794398,1.1594163653986918,0.16725004978011812,0.29616245720146317,0.9954422620975825,0.4,1.0,0.8,28,15.358427789015469,74.42655132293812
29,15,1.1540814425800174,1.2800584262940484,1.2743193628668126,1.2587921162471636,1.129467073419688,0.16820844056004364,0.28672668533909756,0.9663636218008683,0.4,1.0,0.8,29,15.121352253727157,68.13352195750907
29,16,1.1862934711784758,1.3083825910646922,1.3029068657601353,1.2881136839087346,1.1753277096230776,0.16956940008156124,0.29621193878372387,0.9955565854172204,0.4,1.0,0.8,30,14.997221518313818,63.52004608686556
29,17,1.183483800149101,1.2984508515135313,1.2932062576993932,1.277504161077988,1.1864304085505748,0.17150266085635396,0.29575409421277316,0.9942152080885205,0.4,1.0,0.8,31,14.20584293366475,61.57775874483491
29,18,0.6768865093862315,0.7923817485789011,0.7880499425846841,0.7686629029352654,0.6535685271669589,0.15465335789801987,0.16084848174155544,0.538126475471341,0.4,1.0,0.8,34,13.663143153906242,56.40403348917128
29,19,0.673357134206218,0.7751643407347462,0.77100042376598,0.7524641002204167,0.6773600657977941,0.15465335789801987,0.16084848174155544,0.538126475471341,0.4,1.0,0.8,36,12.761343529302316,58.28163306355393
29,20,0.704107602419141,0.7953875671616174,0.7911204866610702,0.772838506599649,0.7244949432223455,0.1579877499465182,0.1685255730801722,0.5685742876029308,0.4,1.0,0.8,37,11.993190326911394,42.19175434879733
29,21,1.2462789932624514,1.3319010063849792,1.3275790261296145,1.308320943860891,1.2502321241730088,0.20853478894362598,0.34667679441388227,1.0,0.4,1.0,0.8,38,12.008403416419632,50.087591497404574
29,22,1.2432049021961928,1.3247519930242815,1.3203906370232699,1.3017480785378026,1.2351858142688592,0.20308784217379347,0.3467213122905999,1.0,0.4,1.0,0.8,40,11.91009623393292,49.90255113545809
29,23,1.2430339292113828,1.3185802719280373,1.314464145793371,1.2965469223451322,1.2398931233318762,0.20521261037010846,0.3470646979194818,1.0,0.4,1.0,0.8,42,11.6622778445904,45.92387547640222
29,24,1.2516029876154406,1.3253111762207812,1.3208745795657344,1.3037886299661083,1.2442375977181257,0.20711211584591122,0.3552565901190056,1.0,0.4,1.0,0.8,43,11.549958290698685,50.32356513040788
29,25,1.2422575810319612,1.3147448381181615,1.3105994673614458,1.2933611680632655,1.2336787612969224,0.2048000173440651,0.3471230418210609,1.0,0.4,1.0,0.8,44,11.53763854473505,48.6149780417606
29,26,1.2506511631933626,1.3146472254755435,1.3101182299309047,1.293256668540917,1.2685093299154253,0.20888177804814564,0.3556583196494667,1.0,0.4,1.0,0.8,45,11.17267059594606,49.51462505280524
29,27,1.2499948552242948,1.31081626991639,1.3062572112818318,1.2895698641429587,1.250232269720307,0.20893034802274882,0.35563301104093115,1.0,0.4,1.0,0.8,46,11.000443761785151,45.7059250320314
29,28,1.2493759102238213,1.308496836125323,1.3039217652945967,1.2882721506569004,1.2418912611047683,0.20819879160806282,0.3556519882076494,1.0,0.4,1.0,0.8,48,11.02561647720046,42.851664191293565
29,29,1.243063196493663,1.3002620864494807,1.295971819463225,1.2804413151189395,1.2399480669890428,0.2069251790472967,0.3502495213577477,1.0,0.4,1.0,0.8,49,11.038979243843515,39.91396149999683
29,30,1.2465345202876583,1.303685027035249,1.2993942189611118,1.2846873374926306,1.2366792963612057,0.21099073967808818,0.3521140937014485,1.0,0.4,1.0,0.8,51,10.831485658892731,42.44579221609612
29,31,1.245557107564926,1.301433944384832,1.2971312346790322,1.2829715553046224,1.240012484746089,0.21166086662686018,0.35111178821047917,1.0,0.4,1.0,0.8,52,10.593730151268376,42.606688750129386
29,32,1.2520437250619971,1.3068950710097376,1.3025827280193314,1.2886227522367095,1.2442313806478498,0.20526543727750468,0.36035908698859165,1.0,0.4,1.0,0.8,54,11.00766312504764,45.12469603817389
29,33,1.2523957847915215,1.3063609856848248,1.3011315041393723,1.2840401200861917,1.2450748654400325,0.20540206892211846,0.3607766747329651,1.0,0.4,1.0,0.8,55,10.902900349392844,45.19585699110675
29,34,0.715443381555482,0.7662573521715788,0.762513102719671,0.748215416049129,0.7190599086777645,0.15710554103850016,0.17037367735275843,0.5918342465748515,0.4,1.0,0.8,56,10.512572904835014,44.14161434834775
29,35,0.7154406270172152,0.7664205402884311,0.7632836685052187,0.7497436370764197,0.7066930163438596,0.15710554100280966,0.1703736445398332,0.5918342432681423,0.4,1.0,0.8,61,10.510342089880114,44.147187745992
29,36,0.7153624248296182,0.7662692245854911,0.7634346626609299,0.7503797085462619,0.7069164014093715,0.1572605243307789,0.1703454673744774,0.5917333545658825,0.4,1.0,0.8,63,10.501660157380089,42.88998474706275
29,37,0.7153138957692161,0.7602857971660474,0.7561839974591347,0.7449982011877407,0.7267498112694877,0.159919611089509,0.17518874089330141,0.585606786462813,0.4,1.0,0.8,64,10.173379051135232,35.30384805443104
29,38,0.7099107632540735,0.7545990720987441,0.7504946317191695,0.7414112327771007,0.7027852863609715,0.16169083854345412,0.17238443000243928,0.5815397280582408,0.4,1.0,0.8,66,10.273777053682124,32.70964998006579
29,39,0.7145782679956103,0.7571533126806842,0.7530292274733612,0.7429365414651408,0.7145501261416612,0.15898496010834634,0.17521327120301475,0.5856784179854884,0.4,1.0,0.8,67,10.102092007911883,35.29375394179751
29,40,0.7142813276859922,0.7554619322965217,0.7516278964682297,0.7429072324552196,0.7123874436536952,0.15890109437526934,0.1752077180600196,0.5856961012861873,0.4,1.0,0.8,68,10.090392384521076,33.06157750367734
29,41,0.7073486746567148,0.7463425140742356,0.7427911217589922,0.7354379528137319,0.7046816661780859,0.1584815812630472,0.17230834868862704,0.5813805459223949,0.4,1.0,0.8,70,10.060158741648475,33.96175580580123
29,42,0.6974386308285443,0.7351982715443767,0.7313325574027274,0.7240148986312456,0.6930464620769413,0.16169249535579355,0.1693703545019163,0.5713171766982297,0.4,1.0,0.8,72,9.891208573034742,41.237711265531686
29,43,0.6952810749026223,0.7318468678300667,0.7279700875268882,0.7221989069535735,0.6911852379203378,0.1599700327602956,0.16927899483116715,0.5698623793730258,0.4,1.0,0.8,74,9.80128719378826,45.90653580869825
29,44,0.6965535155894327,0.732770284537837,0.729496152909693,0.7238327852878271,0.6914209496014503,0.1594169690105519,0.1694798145213557,0.5715960146242586,0.4,1.0,0.8,76,9.786271662291131,46.194177662756985
29,45,0.6968007949420205,0.7324113710328892,0.7291316092710887,0.723767639773222,0.6929354516891543,0.16046049666779977,0.1694751361089689,0.5715236052512178,0.4,1.0,0.8,77,9.787399374482764,42.67061238994052
29,46,0.6967993945050568,0.732491972019157,0.7295160027768294,0.724678201881022,0.6908916281727473,0.1604604966677997,0.1694751361089689,0.5715236052512178,0.4,1.0,0.8,79,9.784518187078884,42.63885892264492
29,47,0.7049357869107753,0.7406097017145485,0.7376335727598601,0.7331188414976475,0.6990814395363537,0.16128830992664228,0.1723414145756438,0.5777014802784215,0.4,1.0,0.8,80,9.766571036153428,41.42532493793595
29,48,0.6903164202704575,0.7249299816408246,0.7219440903635292,0.7186448852702396,0.6881820877239941,0.15945498123958696,0.16821976535593924,0.5657300576889462,0.4,1.0,0.8,81,9.58244175973206,43.38705217545812
29,49,0.7300048376205149,0.7622524224111381,0.7592446721706702,0.7539619569749791,0.7286989007032427,0.15711713919875517,0.18171222620372443,0.6001619865986298,0.4,1.0,0.8,83,9.727544171516769,38.23720034669288
29,50,0.7299428361368964,0.7619450696164901,0.7592379709755273,0.7544701858796585,0.7252499641309429,0.1571477881578483,0.18167896007204073,0.6001833266974068,0.4,1.0,0.8,85,9.72210333757806,38.23061697249388
29,51,0.7466334677388947,0.7787142653742607,0.7763108325352277,0.7717431465278766,0.7414142761242948,0.1579089866327707,0.18769575324291435,0.6131474236324633,0.4,1.0,0.8,86,9.835333355783964,39.53709651804003
29,52,0.7422721361687732,0.7721066354774682,0.7693796082882074,0.7654591058534277,0.7446733702034523,0.15462503281093415,0.18576144427681657,0.6122207910661049,0.4,1.0,0.8,87,9.6831318056778,43.99135478279687
29,53,0.7478661193453129,0.7772661659663134,0.7748380631173823,0.7714322782874938,0.743957652217026,0.15507003983870196,0.18738436582919868,0.6170745360238816,0.4,1.0,0.8,89,9.656047204069964,43.53450710228171
29,54,0.748670951656817,0.7779030943804274,0.7754734546590423,0.7720617478970828,0.7444718619994495,0.15529272922438506,0.18727936179332239,0.6181363871638129,0.4,1.0,0.8,90,9.656500968167308,43.70909139222855
29,55,0.7467479189476868,0.7723606586039564,0.7702007286731332,0.767261509057636,0.7551137875746631,0.15651089822343986,0.1882966935505845,0.6146375238160057,0.4,1.0,0.8,91,9.635843156777437,39.57788080320688
29,56,0.7485906503285269,0.7742672720821628,0.7724109577617398,0.7700148192856242,0.7445021415752759,0.15651258243043492,0.18880797880655034,0.616306459673374,0.4,1.0,0.8,93,9.630573615888512,39.73853516208821
29,57,0.7508525930648596,0.774822600826446,0.7729506313515759,0.7712573889807111,0.7489220589396173,0.155926443644908,0.18950847904836546,0.6189082791895322,0.4,1.0,0.8,96,9.567873936184691,38.568061267439255
29,58,0.7456221871041271,0.7648750593227959,0.7629599893410277,0.7616783639833409,0.7504612856469233,0.15635365475682284,0.1892177477125847,0.613488698307829,0.4,1.0,0.8,98,9.380851537129924,39.27837204474098
29,59,0.6951736469903895,0.7143552274418302,0.7145602491820436,0.7381736404528476,0.6922534913480972,0.1621562859924086,0.17341572714207104,0.5674216156594769,0.4,1.0,0.8,160,8.970338855002767,43.65570050831197
29,60,0.6955042171152215,0.7147303432381925,0.7152387217162777,0.7395691925687277,0.6926286736486049,0.16195513037856832,0.17465744930807892,0.5663923504195834,0.4,1.0,0.8,162,8.945642777962226,43.53560447902684
29,61,0.7084625165487344,0.7272033909428279,0.7280102913633563,0.7529741867048763,0.7065657088409298,0.16158530795978626,0.18157789213693,0.5742405260193657,0.4,1.0,0.8,164,9.130912192384528,44.15484188464142
29,62,0.7034133931983642,0.7216126297521563,0.7221116989925385,0.7463343716827273,0.7021393380652763,0.1625760195759928,0.17911059552403047,0.5706088341646358,0.4,1.0,0.8,165,8.969832490212541,42.9961866115092
29,63,0.7103372374633602,0.7286759202006214,0.7297821666633539,0.7547505158437251,0.7076946747323036,0.16359330460204727,0.18156268598328018,0.5756980674679577,0.4,1.0,0.8,166,8.986516234116985,42.28776963328371
29,64,0.7011586151759255,0.7186239229902864,0.7188133236684371,0.7441011983343166,0.700494549324715,0.16118224162176134,0.17845296548214368,0.5694386133325212,0.4,1.0,0.8,167,8.943479336506847,43.03718335214072
29,65,0.7083074835600045,0.7257319277641477,0.7268298545397807,0.7531717319630035,0.7067156345168615,0.16346759009716644,0.18135196263452355,0.5736705849600405,0.4,1.0,0.8,168,8.976670466135639,42.26997326540408
29,66,0.7021359630856979,0.7174658412317196,0.7185447109343996,0.7469956842923438,0.7012372837119246,0.16408983942334182,0.17946147406327567,0.5684252448065373,0.4,1.0,0.8,173,8.823363470488111,36.68755584644652
29,67,0.7003355434780358,0.7145524769500976,0.7141063730229894,0.7265464017867819,0.7003548381401059,0.1643981883282326,0.17899166099724256,0.5667388868754182,0.4,1.0,0.8,174,8.78248438740551,35.79685515566198
29,68,0.7001198866932785,0.7143417624269458,0.7148045926270976,0.7298714747655836,0.6980567404189266,0.16420049735510409,0.17923319854567482,0.5663185628753274,0.4,1.0,0.8,184,8.791870499931333,35.74424972022741
29,69,0.7022895134285227,0.7167365715071579,0.718413315836085,0.7518689587053522,0.7006090822095901,0.16429905564888853,0.1801574009153355,0.5678526425962575,0.4,1.0,0.8,185,8.865906221514942,36.77946486125777
30,0,0.922988561076214,0.8833398728244766,0.8824242090530998,0.8783467719929454,0.0,0.0,0.0,0.0,0.4,1.0,0.8,1,248.2266192396678,1343.3165830443804
30,1,0.8899377442312879,0.8997697567488563,0.8986970828040712,0.8943275608322006,0.06526171717958225,0.09065457929492052,8.330005125398515e-05,0.00011092391905210999,0.4,1.0,0.8,3,230.0176748585822,1261.7682022550327
30,2,0.8572852731637126,0.9057383369725103,0.9045302384576036,0.9002374320596853,0.109401126443919,0.14119543046186328,0.0010632609335538197,0.0026482431281599503,0.4,1.0,0.8,4,214.9394973086972,1103.1760186769295
30,3,0.8316608012670038,0.8842133974362937,0.8829901497527275,0.8782502928655345,0.04563575344113069,0.09844855322138708,0.00033320020501596137,0.00044369567620843996,0.4,1.0,0.8,5,213.37947700651569,1172.4929502908365
30,4,0.9555124540369621,1.263464785770014,1.2598221533234102,1.2446731013162884,1.7661691817847216,0.21542829189613322,0.17248277261513867,0.6343938655139121,0.4,1.0,0.8,6,54.48907297915811,195.304811616364
30,5,0.9106574093227038,1.2055723479156137,1.201502259155323,1.1854528186560245,0.8412157491197583,0.2063132970919641,0.172557503749048,0.6345778214983614,0.4,1.0,0.8,8,44.00343374492778,168.9801393466609
30,6,0.8840611103372781,1.1658224525421623,1.161459926931066,1.144660744637806,0.8145939499806387,0.19840363694112984,0.17278169715077596,0.6351296894517093,0.4,1.0,0.8,10,37.17134968632588,119.54415048809874
30,7,1.4324989432829376,1.6247435772563605,1.6194184070681774,1.5981794019222104,1.612354864775588,1.0,0.1804420757751306,1.0,0.4,1.0,0.8,12,21.08792542748572,56.29043646274236
30,8,0.8079760940691473,0.998061328282241,0.9933166834959489,0.9727027422447362,0.7603017685923936,0.17367455699463458,0.17502624280348897,0.6406547977109699,0.4,1.0,0.8,15,20.08969702958141,73.68107155887587
30,9,0.7953807911654155,0.9599728844279756,0.9549426917083299,0.9328715032128007,0.8077548620683799,0.16728985920920647,0.175324554135727,0.6413384362769246,0.4,1.0,0.8,17,17.710080242410033,55.59221298647351
30,10,0.791930707176602,0.9496888671450386,0.9442821054043707,0.9230832676067976,0.7633184866329059,0.17003503882865406,0.1746702197859399,0.6396519233279873,0.4,1.0,0.8,20,16.73655176237313,56.513225803373786
30,11,0.7869079062358798,0.927006795527315,0.9214132704904956,0.9001359733540039,0.7898111113585091,0.17233394265527607,0.17471916193288342,0.6398310834163544,0.4,1.0,0.8,22,15.442801695096852,45.85321682900292
30,12,0.7841940839788646,0.9178857629488241,0.9119229241132526,0.8910214189821791,0.7788610605881843,0.16923224836879652,0.17482936916917488,0.6403804489371845,0.4,1.0,0.8,23,14.866390150188662,43.866691845150434
30,13,0.8458004817240193,0.9522531733725624,0.9463178126313273,0.9241988648084002,0.9257567877909857,0.17836588271685555,0.19055706148226548,0.7030014832845161,0.4,1.0,0.8,24,12.918415964436422,43.14145301080793
30,14,0.8425430821429962,0.9370382177070337,0.9309850797213487,0.9088804443692469,0.8457406330296348,0.17263604042116917,0.1912601540806077,0.7047321955636046,0.4,1.0,0.8,26,12.328501214469552,41.28097749951292
30,15,0.8419999264458551,0.9360671994212425,0.929706967468495,0.9082152095608309,0.8248269424033124,0.16952012235294178,0.19136903791283538,0.7055768665282147,0.4,1.0,0.8,27,12.257026576981914,39.74991574377948
30,16,0.8421705544165965,0.935229310076291,0.9294650131784103,0.9075902469452486,0.8283645164954182,0.17263604042116917,0.1912601540806077,0.7047321955636041,0.4,1.0,0.8,28,12.255028864551008,40.69030560713761
30,17,0.7511054790897616,0.8425079773355327,0.8361216819192003,0.8154593940479595,0.7387792468138051,0.17048241803176942,0.16912105158242638,0.6201076907097549,0.4,1.0,0.8,29,12.236200739407243,47.77246258537425
30,18,1.3754923352716437,1.4668325948037721,1.4613544838336765,1.4423919176865208,1.3579994887448303,1.0,0.15786155560831214,1.0,0.4,1.0,0.8,37,11.974789043673391,38.56827916906881
30,19,0.6897704314725422,0.7755276123213115,0.7699952917349377,0.7519772812500547,0.6933886391704058,0.16619519609111946,0.15331550326462975,0.5670918665183703,0.4,1.0,0.8,38,11.903414548047776,44.87624526699887
30,20,0.6890645709034635,0.7737204289342918,0.7681774148130337,0.7506786448135709,0.6749932298409198,0.16070832981898675,0.15390412185366525,0.5685407929075054,0.4,1.0,0.8,40,12.224014894953145,44.70736803848595
30,21,1.393052888256968,1.4768610522066656,1.4710068950091508,1.4510202562972556,1.377623013522118,1.0,0.1771814521141283,1.0,0.4,1.0,0.8,46,11.65278425308568,43.72500290455149
30,22,1.3737658053760642,1.456477332056854,1.4512184297286996,1.4344474879634705,1.3627506182515272,1.0,0.15819080179131534,1.0,0.4,1.0,0.8,47,11.63936607033698,46.3153448893122
30,23,1.0116299890199683,1.0941521498432294,1.0882855580729671,1.0758188087970189,0.9960599606057918,0.22801430173398848,0.10484984297496196,1.0,0.4,1.0,0.8,49,11.773526804583794,42.26660577282831
30,24,1.0097226104139327,1.0873760584359846,1.0814625738148829,1.0688488853865081,1.0038534248916817,0.2216427529431017,0.10659378788240742,1.0,0.4,1.0,0.8,51,11.659890858212991,39.030539663399566
30,25,1.0089506066609428,1.0793827473539948,1.073400235539577,1.0613757360220881,1.0087468431090314,0.22237252519244968,0.10711147888835955,1.0,0.4,1.0,0.8,53,11.356096913278344,39.43878189466552
30,26,1.0033903501698433,1.069450683286972,1.063729512394196,1.0517177351933034,1.007030500534268,0.21968341262445817,0.10357261542893426,1.0,0.4,1.0,0.8,54,10.90476852128311,38.9402551458069
30,27,1.0099473563987826,1.073271926610671,1.0672218387928716,1.055792464365449,1.0031584125519277,0.22240563683180467,0.10959071178361164,1.0,0.4,1.0,0.8,56,11.011512904863867,38.918978603898765
30,28,1.3369429820265912,1.3973907864846078,1.3922223427262446,1.380794671189444,1.3371181258353193,0.3766660783989463,0.3755259968888916,1.0,0.4,1.0,0.8,57,10.396227945603297,35.557273270357975
30,29,1.0204495161711997,1.0782512501466945,1.0733608323413777,1.0644407455834113,1.0126183705065712,0.24487353500436923,0.1123004452725294,1.0,0.4,1.0,0.8,61,10.44264869093874,37.16578799279266
30,30,1.0203904291870625,1.0779859788527402,1.0733965276439168,1.0649458552114104,1.0107614940586733,0.2448735350043692,0.11230044527252953,1.0,0.4,1.0,0.8,63,10.431561655933344,37.06449505887242
30,31,1.0100205898186698,1.0648727427156344,1.0599546318425284,1.0506207155713865,1.0095715545853579,0.22461885694272202,0.1105582985533688,1.0,0.4,1.0,0.8,64,10.373181528134907,35.24242479059861
30,32,0.38167438342316407,0.4358402039288218,0.4300067857553758,0.42341919768688974,0.37238005815645564,0.12268819273052478,0.10865902836687368,0.268008684764946,0.4,1.0,0.8,70,10.58787166317742,33.11456471877938
30,33,0.3898204953649877,0.4373598455802869,0.4317673143838187,0.4242406795442994,0.40467159480941745,0.12683079161080943,0.11178132985396041,0.2738353687097737,0.4,1.0,0.8,71,10.319612391502217,34.580283908858405
30,34,0.38677239255644724,0.4245423148761799,0.41825298925088306,0.4114701178891269,0.4130431955475583,0.12317171140382059,0.1120514590818924,0.2737294605069869,0.4,1.0,0.8,72,9.873510622064128,31.95836421485843
30,35,0.3852317192368202,0.42111870338867974,0.415114959642779,0.409380212180495,0.38135203249305544,0.12279353360588621,0.11124407657746847,0.27344358800347834,0.4,1.0,0.8,75,9.74806886654292,32.05182098951771
30,36,0.3851239197733512,0.42049367218546263,0.4147880777553601,0.41016671982105174,0.3801453918832832,0.12279353360588621,0.11124407657746847,0.27344358800347834,0.4,1.0,0.8,77,9.728881569220976,32.00934374100385
30,39,1.0022639158361102,1.033692592753496,1.0291624447891572,1.027498824069371,0.9976644787523024,0.21695442412972982,0.11022963946777034,1.0,0.4,1.0,0.8,109,9.255310575369734,35.58016193370408
30,41,1.0008487300347915,1.0284428408099509,1.0241803437853776,1.0238951961240201,1.0032803443267109,0.21582052820235523,0.10994244261769467,1.0,0.4,1.0,0.8,112,9.03083758098724,33.33575513493418
30,42,1.0007681284028853,1.0281701397593928,1.0239059304584894,1.0236139933991888,0.9968704258497776,0.2157534086082483,0.10992134046463407,1.0,0.4,1.0,0.8,113,9.020785312919774,33.351021357774485
30,43,1.0006808257027542,1.0279198713506832,1.0236541352369497,1.023356515341216,0.9962729955272954,0.2156665470872606,0.10989646392627679,1.0,0.4,1.0,0.8,118,9.011845763946075,33.3686258448438
