Run,Equation_Index,Hybrid_MSE_Train,Hybrid_AIC_Train,Hybrid_BIC_Train,Hybrid_MDL_Train,Hybrid_PSM_Train,Extrapolation_Divergence,Sensitivity_Interpolation,Sensitivity_Extrapolation,Lambda1,Lambda2,Lambda3,Complexity,MSE_Test_Interpolation,MSE_Test_Extrapolation
1,0,0.871215746469741,0.8312552169956254,0.8249598445385407,0.47404566020169053,0.0,0.0,0.0,0.0,0.7,0.5,1.0,1,10286.624177713587,158278.9699778364
1,1,2.12890697124465,2.3851405679911815,2.375432910763975,2.0345290218529497,1.7990268177187885,0.12828101628117744,1.0,1.0,0.7,0.5,1.0,2,11427.059340302818,161249.52647437155
1,2,2.5943403797798235,2.9555650079933677,2.944373347623069,2.615397803651751,2.2454331685151554,1.0,1.0,1.0,0.7,0.5,1.0,5,11151.08105462072,33309737.99954164
1,3,1.5691919012081998,2.0714620284431273,2.060691552348125,1.7534167770131708,1.82690306155838,0.10365018004061122,0.6863261885648526,1.0,0.7,0.5,1.0,6,2149.4440052956274,43591.50640074312
1,4,1.6305018651502898,2.1316957621470967,2.1193041980197203,1.8338551893346628,1.796131279497227,0.1070866752768013,1.0,1.0,0.7,0.5,1.0,8,1602.463686924459,26487.14000757375
1,5,1.5759637845700967,2.0703043142617785,2.057401744329388,1.7737278022254488,1.5844315482772124,0.10707660986201786,0.9046280709939865,1.0,0.7,0.5,1.0,9,1113.605029891313,23934.41692252201
1,6,1.2810857987164328,1.7317834425146503,1.718409039367152,1.4554918929833902,1.5615093590136377,0.10943276106252935,0.36069803234520414,1.0,0.7,0.5,1.0,10,261.05886586369587,18140.84416516063
1,7,1.2964125521865528,1.7326898347292552,1.714503860824049,1.4503900095239244,1.3090089857432932,0.10974481742246475,0.3977973476941867,1.0,0.7,0.5,1.0,12,804.2788151999499,40989.641696839855
1,8,1.245986823191712,1.6802625883084579,1.6619824427821885,1.4028582129382081,1.2313451827483637,0.10947419541243153,0.2983694948856891,1.0,0.7,0.5,1.0,14,812.007567273187,41224.99079373278
1,9,1.3093332858892217,1.7303837635303925,1.7176831672605941,1.4732988851141777,1.3392272501190248,0.1050737626208641,0.43898820578175163,1.0,0.7,0.5,1.0,16,575.9555698534022,12461.227427205577
1,10,1.278024134552007,1.6767801085989247,1.6651715403304248,1.439041072848972,1.2959790331821734,0.1050673062957587,0.384355498639266,1.0,0.7,0.5,1.0,20,531.5980440429088,8434.067362305748
1,11,1.2291792702512445,1.5914500049178268,1.578323546964342,1.366408040604382,1.3106807264106237,0.10424601444792518,0.29621895053511577,1.0,0.7,0.5,1.0,22,584.2715181412958,6892.8928143255125
1,12,1.2231843813772443,1.5676473698314515,1.5538029055754945,1.3511016392514108,1.2582322326330904,0.10473554962982694,0.2864223916871714,1.0,0.7,0.5,1.0,24,550.1115604664066,6306.17332446121
1,13,1.2118685794360595,1.5331192952627388,1.5204227592930204,1.3310650467665939,1.263882445584894,0.10564753131378912,0.2656601368194928,1.0,0.7,0.5,1.0,26,469.64364409541344,6574.683707900798
1,14,1.2400943558564501,1.5568281488381528,1.5439539490663887,1.3738685038691072,1.2561147160747288,0.10596340510985743,0.3221603402276894,1.0,0.7,0.5,1.0,27,265.54922018841006,7442.874214494483
1,15,1.1966403763456215,1.499503417696845,1.4881566373559783,1.330619500519579,1.2274486002361058,0.10381702570795251,0.26994016778128793,0.9848996008464385,0.7,0.5,1.0,29,460.5429291724453,5187.1709011385055
1,16,1.1616650379669817,1.4630802955824467,1.4516768315554418,1.3013142532573307,1.1613449917809477,0.10465479073573361,0.2602605725716969,0.9542495670608917,0.7,0.5,1.0,31,441.6534957443611,6164.610997686485
1,17,1.2252120773318285,1.5235523958848483,1.5140999665165802,1.3735894747802269,1.2407523602781025,0.10482932786897377,0.2959743111941243,1.0,0.7,0.5,1.0,32,375.108214039359,8242.151996789195
1,18,1.1462877502647328,1.4401106215672006,1.4284119784916542,1.2894996373162004,1.1578635234974213,0.10469187273691882,0.2568740174674492,0.9408602565660091,0.7,0.5,1.0,33,429.9647283058075,6022.958989457219
1,19,1.2233420423560566,1.5156569039550807,1.5080412093904365,1.389650688306872,1.225848721167808,0.10481920247008525,0.29284106786829733,1.0,0.7,0.5,1.0,36,381.1814466261596,7974.155222302194
1,20,1.0019604715167252,1.2836320481245087,1.2673215160223517,1.1331424952388975,1.0107376722809247,0.10645804804699202,0.20294836002163966,0.822618649449705,0.7,0.5,1.0,38,475.14779107922175,6020.193991531305
1,21,1.2094767111019311,1.4826631214542925,1.4660248821727175,1.3299023722768692,1.245207391321249,0.1068698092747363,0.2632400201015792,1.0,0.7,0.5,1.0,39,465.34484020068857,9440.263989288327
1,22,1.211914294296768,1.4672230590994384,1.4498976732873672,1.3228858357072792,1.249597520577089,0.10680117876151132,0.26929429131714244,1.0,0.7,0.5,1.0,41,405.9479462656321,7461.943895662888
1,23,1.2113942713029873,1.4606437277293192,1.4430862248530616,1.326868824805949,1.2226708525226762,0.10679690377608138,0.2685842658453853,1.0,0.7,0.5,1.0,43,375.4818255992956,7183.344706892895
1,24,1.2109119779639854,1.454925132950465,1.4371673659280426,1.3283119177912868,1.2204548386761203,0.10679261074753577,0.2678895202326722,1.0,0.7,0.5,1.0,45,346.75881560812775,6916.645330855716
1,25,1.2180042975333296,1.4607355838233227,1.4450002299291087,1.361777007049375,1.2275598281250457,0.1074422985798903,0.28129073962842377,1.0,0.7,0.5,1.0,46,377.5203890609821,8230.190318264858
1,26,1.2165970784738038,1.4553331183976803,1.4394452250601038,1.3673476532445508,1.223495996760513,0.10749910765940171,0.2785833413884916,1.0,0.7,0.5,1.0,48,369.33173413673904,8013.847901537985
1,27,1.216751762029527,1.4518789969325234,1.4358534475563838,1.3677781158288864,1.2228561521139407,0.10747446365722571,0.2790890906268546,1.0,0.7,0.5,1.0,50,372.97486824512026,8251.646590563685
1,28,1.2162840871269893,1.4484891808579379,1.4323522089282603,1.3752539395245456,1.2209124599187864,0.107471559694674,0.27828451944351534,1.0,0.7,0.5,1.0,52,344.18736390039885,7976.457144598159
1,29,1.2169360041176742,1.4489715493937234,1.4328282035451863,1.3792764123967796,1.215786555627837,0.10745680885351164,0.2796162390371865,1.0,0.7,0.5,1.0,53,348.9512392484472,8041.0892180529745
1,30,1.2164685035273393,1.4457399888342004,1.4294913743683502,1.3798435700377654,1.2269759309490624,0.10744703456612943,0.2788109901706404,1.0,0.7,0.5,1.0,54,348.1895504843878,8219.758979304483
1,31,1.216016998361788,1.4426053502644307,1.4262545859755622,1.3840274735766211,1.2202198883460544,0.10744407531391069,0.27802169884634426,1.0,0.7,0.5,1.0,56,320.53660638812585,7950.396880738066
1,32,1.2105096362639027,1.4307225891538173,1.4141293219512472,1.3600786846534403,1.2230713155590491,0.10748371392481379,0.26719973337892977,1.0,0.7,0.5,1.0,58,310.2269707501366,14147.796466003902
1,33,1.208624836255692,1.4265528317633083,1.4098727484133244,1.382932785891141,1.2095442841368713,0.10698616694398651,0.2642117206803306,1.0,0.7,0.5,1.0,62,255.6430913755837,7338.707077775545
1,34,1.20672859472609,1.424376600493159,1.424259581354024,1.4694046962617242,1.2085385194568883,0.11374246534254959,0.2513405173226913,1.0,0.7,0.5,1.0,77,1021.5917873519608,9749.206007293868
1,35,1.205348048065459,1.4129112532377097,1.4124121423055316,1.4708942701025942,1.24912794872037,0.11382452909703619,0.24878016928827024,1.0,0.7,0.5,1.0,78,821.5340561066191,8745.243536839513
1,36,1.2039406744745704,1.4057963937078441,1.4050812831749877,1.4603116449566926,1.2282877210201748,0.1138337131550982,0.24611753548237852,1.0,0.7,0.5,1.0,79,820.0922622263712,8509.148891515299
1,37,1.2013485932368164,1.4025861916877416,1.4018476909372057,1.4650501895667098,1.202909526017216,0.11380566320679537,0.24098983729066034,1.0,0.7,0.5,1.0,80,837.1423913126135,8478.132442885637
1,38,1.2046501176028734,1.402233494709007,1.4034287900493976,1.475931206283138,1.2250864752226107,0.114050974278545,0.24738052916474743,1.0,0.7,0.5,1.0,81,758.263251582437,8472.410755215125
1,39,1.203288515855918,1.3971535808726436,1.3982083807064263,1.4712318854557176,1.210472498275558,0.1140615484646977,0.2447386651335856,1.0,0.7,0.5,1.0,83,764.2396632278175,8278.261862189907
1,40,1.2032588254522347,1.3939500582355075,1.3969569316929085,1.471129665033974,1.2122066653044188,0.11398592192602383,0.2448964348148183,1.0,0.7,0.5,1.0,85,772.9378900243977,8465.54816663752
1,41,1.1999999182218548,1.390361598150162,1.3933560380632122,1.4919415464274706,1.1997140149993184,0.11394922038362951,0.23843795932754785,1.0,0.7,0.5,1.0,87,795.4212364902066,8428.077984822608
1,42,1.2031390803919408,1.3920475475193648,1.3949871122347464,1.497840924207611,1.2053601973748933,0.11400447417461068,0.2446736862582522,1.0,0.7,0.5,1.0,89,719.465542531803,8467.779876659371
1,43,1.2030121512787977,1.387627264611593,1.392476791015073,1.5624332122698692,1.2041531536989092,0.1152369201091703,0.2428240661962128,1.0,0.7,0.5,1.0,101,799.2798168614581,26407.47935432817
1,44,1.2030118630605742,1.3889285388152421,1.3958992438177764,1.6008767415347296,1.2021061396255286,0.11523692010917037,0.24282406619621172,1.0,0.7,0.5,1.0,105,804.2589964566322,26443.11102438246
1,45,1.2032922835593656,1.3899601259690226,1.4011031959756681,1.6078826109382756,1.2065950131086216,0.11511065834354184,0.24360390643262533,1.0,0.7,0.5,1.0,107,809.6929880879884,25614.4243343959
1,46,1.1856917934262985,1.367551714651376,1.3764414695529523,1.5998049233478522,1.188668772355403,0.11511608947672117,0.2084704388280932,1.0,0.7,0.5,1.0,111,831.9769690831102,25896.778002402647
1,47,1.1854112418530238,1.368273815499663,1.3792733902705883,1.6165026107686922,1.1852580692874803,0.11511478861957063,0.2079180286005921,1.0,0.7,0.5,1.0,113,816.8365575446666,25560.267805180123
1,48,1.5800199439464229,1.7605999203204885,1.769441403651369,2.0223526805635452,1.5796295904597004,0.11308306306949163,1.0,1.0,0.7,0.5,1.0,122,755.6613302643258,17347.636948770563
1,49,1.5799893509216356,1.7589645614726863,1.7677455507529598,2.029023405243282,1.582717780043431,0.11306329229286649,1.0,1.0,0.7,0.5,1.0,124,759.4304375471365,17786.11069787879
1,50,1.1052748274290503,1.2826185324230166,1.2913380227220308,1.5728407444694814,1.1080329209728461,0.11167571715111643,0.2514411278919565,0.9005527607241899,0.7,0.5,1.0,126,681.0302917994343,18538.745607075933
1,51,1.1160904337593167,1.2854276891750174,1.2959177291196466,1.609829565312924,1.1566157243566237,0.11165886711356272,0.25277322794849494,0.9108041601893742,0.7,0.5,1.0,127,689.2223023278217,21560.368116979487
1,52,1.4676468348721539,1.6326993656139626,1.6451002394530225,1.9668535426399254,1.4793605743282734,0.1117483214893128,0.9574963496320423,0.909986551465216,0.7,0.5,1.0,129,714.7311400620987,21614.26331264874
1,53,1.116930488124312,1.2772392898639777,1.2853173931665887,1.5930708431368594,1.1208729215431958,0.11168223657807841,0.2534883905837827,0.9113383858511275,0.7,0.5,1.0,131,697.520806808772,21104.763856838286
1,54,1.4852964503061816,1.645653968382071,1.6578782033130046,1.9697530679479234,1.4904023452138886,0.11171878483139072,1.0,0.9064448200146256,0.7,0.5,1.0,133,690.606319061827,21720.660209336595
1,55,1.317478879671187,1.4743923227198072,1.4844148562556518,1.8227569624284077,1.326196285196052,0.11177756702886954,0.658981732442628,0.9091125702278156,0.7,0.5,1.0,134,698.7462052450098,22292.727297837435
1,56,1.5785399636643498,1.7305779173194515,1.7507781879129152,2.2033325092077085,1.58098555066361,0.11142400424892743,1.0,1.0,0.7,0.5,1.0,151,636.1082280310703,19020.237885662027
1,57,1.578462733385619,1.7199139860140402,1.7376443176015106,2.17592159998704,1.6188238455531543,0.11140461267160824,1.0,1.0,0.7,0.5,1.0,152,649.8108362235711,19116.127675067342
1,58,1.5784588399792796,1.7211353482902607,1.740983949368342,2.2162563419127075,1.5781283851638586,0.11139999416794419,1.0,1.0,0.7,0.5,1.0,155,654.9193266735008,19718.07460839653
1,59,1.5784691896163745,1.7198724434582888,1.7396732349118502,2.2065494544947732,1.5836171018503464,0.1114266265427287,1.0,1.0,0.7,0.5,1.0,156,660.5139928052162,19010.06196992295
1,60,1.5785312552697814,1.7171172336686507,1.7368122568344295,2.216932185717517,1.590491272395934,0.1115409243578758,1.0,1.0,0.7,0.5,1.0,157,690.5714690058016,19371.84903533944
1,61,1.5785945363414315,1.7198761539437026,1.745889182634965,2.312825175234788,1.5784834172960092,0.11164279297038919,1.0,1.0,0.7,0.5,1.0,174,660.1484965818973,19524.96141752148
1,62,1.5786327141150622,1.719768117463385,1.7457756574370844,2.3213723078763717,1.5788342358503846,0.11169862647689051,1.0,1.0,0.7,0.5,1.0,175,681.0237050878505,19302.12113134041
2,0,0.4813338179857977,0.7681299901840379,0.7594796628731127,0.4169201092736187,0.0,0.0,0.0,0.0,0.7,0.5,1.0,1,22969.17131771125,128048.94307720996
2,1,0.4796841795824958,0.7677860082217846,0.7591228554725568,0.4182656292067485,0.0007482182416398234,0.0,0.0,0.0,0.7,0.5,1.0,3,22982.411558226275,120405.70483524496
2,2,1.8219625900693102,2.19566837690588,2.1869036090302147,1.8567435776189938,1.5193087117224988,0.11564323775222218,0.6993123408696587,1.0,0.7,0.5,1.0,4,10078.72090323426,78912.1343973389
2,3,1.8724674227369573,2.315633709773863,2.307592065397132,1.9907329822266022,1.7238474339858867,0.12391987365290824,1.0,1.0,0.7,0.5,1.0,5,8805.809126726605,57724.79927382822
2,4,1.6068493148428875,2.0698528019899984,2.055034571215564,1.7751676172256625,2.578165301096322,0.11166471585188839,1.0,1.0,0.7,0.5,1.0,6,764.0981457059149,20486.942948758235
2,5,1.6066322147615277,2.0676985576002433,2.050727512736298,1.7652623478297962,1.5814120999436545,0.11166063244925792,1.0,1.0,0.7,0.5,1.0,7,756.8293375660895,20425.887198448843
2,6,1.6032020844947614,2.054254709783722,2.036784198009806,1.7539493146894838,1.6327613118131261,0.11158026416897937,1.0,1.0,0.7,0.5,1.0,8,630.7485773659342,19263.55375076328
2,7,1.5189965642835292,1.9642296305755689,1.9485301223240215,1.6832631750484743,1.5370947742578471,0.11158728993956471,0.8361065096253469,1.0,0.7,0.5,1.0,9,500.83386864079455,12105.163830870382
2,8,1.5218560783528365,1.959757501932557,1.943687207855654,1.6736822669538878,1.5540855524840556,0.11240939111645491,0.845888704534943,1.0,0.7,0.5,1.0,10,270.7205936652667,9942.354626126946
2,9,1.5181925292684828,1.9392857954008558,1.9245244543902218,1.661137110313539,1.5448006238216412,0.11240939111645491,0.8458887045349401,1.0,0.7,0.5,1.0,12,149.1908695765097,9477.278531549826
2,10,1.3769218325668293,1.7964588626007818,1.781627766400276,1.5260568420203975,1.3647602772877454,0.11241397364882752,0.563962644908102,1.0,0.7,0.5,1.0,14,145.39726070352154,9320.097054185908
2,11,1.516298502078815,1.934517314955415,1.91962739364326,1.6732565202969196,1.503815767417721,0.11077490661744585,0.8455345676128584,1.0,0.7,0.5,1.0,16,176.3296054569292,9492.71558780755
2,12,1.5496437755262806,1.9668349485750516,1.9539626127313192,1.7182251222057103,1.5462732141853763,0.11287958674532732,0.9101682737922305,1.0,0.7,0.5,1.0,17,85.35215990816467,9410.124618498305
2,13,1.5065354738009222,1.9179184779130007,1.9047890978332294,1.6731788593005525,1.5076375433823248,0.11242031352954715,0.8267597910716772,1.0,0.7,0.5,1.0,19,68.75962024454924,9419.357191348305
2,14,1.5905573065581393,1.995711323551896,1.9802460916329465,1.752710172361879,1.6023320361228592,0.10989157109693175,1.0,1.0,0.7,0.5,1.0,20,264.76804346275105,10711.576822910822
2,15,1.5963115643231338,1.989364271599059,1.9733817669844642,1.7513832379802614,1.6439958331832383,0.1206291832020642,1.0,1.0,0.7,0.5,1.0,21,256.071959041618,2578811.553385981
2,16,1.5641970322876493,1.9051337212187058,1.8890793131023003,1.680170656473473,1.6864538730054033,0.11815469096940816,0.9499748250430977,1.0,0.7,0.5,1.0,23,195.4020730431737,2496517.703707229
2,17,1.438675762839727,1.7757815053527657,1.7595740795736194,1.5599794418695216,1.4414765852196427,0.11828249201186165,0.6992947044315894,1.0,0.7,0.5,1.0,25,200.0383086831805,2489470.538080929
2,18,1.4307672168431043,1.7522409922303215,1.7395532018931434,1.5712463037661308,1.4539901202317431,0.11857251200047406,0.6853375471648155,1.0,0.7,0.5,1.0,28,158.76668335359963,2489931.9475663924
2,19,1.4306071775658593,1.7477603784922877,1.734902637493084,1.5742601444091577,1.4357234855034942,0.1186032764079858,0.6854456120039278,1.0,0.7,0.5,1.0,30,145.01643448782517,2491481.163699562
2,20,1.5673941937868319,1.8806008778718684,1.8655178956571956,1.7087533271117357,1.5648303514335444,0.12570139101277936,0.9493757941811062,1.0,0.7,0.5,1.0,36,84.73656511793459,4030471.1398884966
2,21,1.5658073258453387,1.8786365854082048,1.8656091751662292,1.715217050630419,1.5682074558510868,0.1254135803768914,0.9467613803925923,1.0,0.7,0.5,1.0,37,80.55414186588344,3928505.354504824
2,22,1.5652547014160518,1.8728137176588497,1.8595799739536125,1.7135266217771656,1.585117214507039,0.12543220130830718,0.9461498189753661,1.0,0.7,0.5,1.0,38,79.12742994596788,3924633.9277733406
2,23,1.564832339767837,1.8580464002590367,1.8442537727783386,1.7074082563811102,1.59391147261513,0.12539445467424087,0.9466286477414402,1.0,0.7,0.5,1.0,40,71.0827181837418,3928437.848496521
2,24,1.5615386351473166,1.8281226425633696,1.8153723492198048,1.6816235385830505,1.6854923855055104,0.12486766561197712,0.9427511547879719,1.0,0.7,0.5,1.0,41,81.34344864429465,3754460.865751624
2,25,1.5594419382206302,1.825211984921505,1.8124304298337037,1.6860799857787492,1.5585468585231101,0.12498649969797812,0.9384404446097119,1.0,0.7,0.5,1.0,43,90.6533062751404,3750516.699728715
2,26,1.554355847660246,1.8182063455136435,1.8053510326440874,1.6901973210001577,1.5603391793875157,0.1245624752134528,0.9289759192032989,1.0,0.7,0.5,1.0,44,95.23201255397656,2317586.0229312214
2,27,1.5431696323741295,1.786001680989422,1.7744129333369605,1.6691445922607926,1.5915268150413273,0.12502512229717183,0.907130261274974,1.0,0.7,0.5,1.0,46,80.37899073401375,2312804.382344449
2,28,1.5434608689960245,1.7819185767815293,1.7701629170215674,1.6729087476805544,1.5513946778294903,0.12498318069945431,0.9079721350635422,1.0,0.7,0.5,1.0,48,78.02617973288083,2317884.365142873
2,29,1.5377590088722748,1.7687397233386317,1.758770818332812,1.665867660825783,1.5746449253543,0.1253265416210675,0.896453720290206,1.0,0.7,0.5,1.0,49,103.6702284870032,2312257.5549238967
2,30,1.5373405004337908,1.7568738343983066,1.7464696703005038,1.6701819079963847,1.5528628667130548,0.1253008323744536,0.8960907033511744,1.0,0.7,0.5,1.0,52,103.55220298479271,2321919.217882198
2,31,1.5386613438678904,1.7571736088617798,1.7467307275364063,1.6930932822798743,1.5380053809032412,0.12521933188529633,0.8988829081220404,1.0,0.7,0.5,1.0,57,95.28259536217696,2322253.619401275
2,32,1.549435692772059,1.7662754681009578,1.7599123398583694,1.7095462537263328,1.568238895809575,0.12524702042426575,0.9205506295092288,1.0,0.7,0.5,1.0,58,47.24857459268158,2342288.878755333
2,33,1.5493592683600559,1.7451334919823616,1.7400446264288632,1.7000798401081405,1.5973751609239801,0.12490715921335771,0.921542394063444,1.0,0.7,0.5,1.0,60,31.95035657383368,2367973.6034291377
2,34,1.4717825119124854,1.6641721192175574,1.6589553361014924,1.6303445838942812,1.478183343571644,0.12494965827673354,0.7664188876897399,1.0,0.7,0.5,1.0,62,34.44638387944184,2363333.936107036
2,35,1.5476182839967414,1.7394153294279755,1.734176139573793,1.7096315234904451,1.5491422484807433,0.12448460006975233,0.9187568429014975,1.0,0.7,0.5,1.0,63,37.01900260841847,2359310.899985998
2,36,1.5443891308849607,1.735888245502458,1.732709767346765,1.7129234376800693,1.5505606324906447,0.12497788934256844,0.9116498058214306,1.0,0.7,0.5,1.0,64,45.06409965642364,2351892.3256924027
2,37,1.5454540218052921,1.7271846334892655,1.7215653124129175,1.7063820702399888,1.5818640985313341,0.12459926305741147,0.9145148414401213,1.0,0.7,0.5,1.0,65,41.78899512237284,2356152.555457276
2,38,1.5424443322185473,1.714159516286423,1.7102344538888306,1.7122959022525142,1.5667032319257856,0.12497622825389756,0.9082170471335502,1.0,0.7,0.5,1.0,67,44.90441223639053,2344087.961351537
2,39,1.5424423035546964,1.715288556469406,1.7134782207395989,1.735545282536187,1.5420253230832932,0.12497622825389758,0.9082170471335507,1.0,0.7,0.5,1.0,69,45.362787585662566,2343819.83393612
2,40,1.540568215764539,1.7112457834503456,1.707281612343057,1.7342009927800508,1.5409674832800602,0.12517393205159488,0.9042094172428576,1.0,0.7,0.5,1.0,72,53.87960697244855,2351720.4801451745
2,41,1.5431566719200651,1.712366076645096,1.708346570184377,1.7308958286865597,1.5455784251709017,0.12495422016451423,0.9097238168465624,1.0,0.7,0.5,1.0,74,40.45036565739774,2344856.58519215
2,42,1.5408586861165752,1.7105793111153353,1.708651168448117,1.7433562289305358,1.5436497962750027,0.1250699811155925,0.9049821987863689,1.0,0.7,0.5,1.0,75,51.46929319122008,2340802.1552802688
2,43,1.467513762981443,1.6331011431285034,1.6289452270525944,1.6756253266907664,1.4791366801073806,0.1252315670692603,0.758121559366068,1.0,0.7,0.5,1.0,76,44.50483600830288,2346319.7812623745
2,44,1.4675104691051382,1.6340855747851974,1.6320389392842247,1.6869044467600716,1.4674724910830346,0.1252315670692603,0.7581215593660682,1.0,0.7,0.5,1.0,78,44.68764184891281,2346132.03055254
2,45,1.5889005311922637,1.7557225450540932,1.7619736401603536,1.8571494278894667,1.5898826863493638,0.1259439964530962,1.0,1.0,0.7,0.5,1.0,91,43.74625250816721,2343773.6123031066
2,46,1.5847320949310073,1.7301176629504753,1.7169127180093477,1.8514422461871463,1.59256892003638,0.12010951658998317,1.0,1.0,0.7,0.5,1.0,96,679.5512807439305,12824839.538624687
2,47,1.584700044692985,1.7302307859334105,1.7191034594477828,1.862974099746122,1.5866511532872707,0.12007767295080571,1.0,1.0,0.7,0.5,1.0,98,701.9723487077001,12835648.199372243
2,48,1.5849260711729491,1.7281418009335816,1.7169274363592602,1.8610914185846532,1.594112997485071,0.12042646448994972,1.0,1.0,0.7,0.5,1.0,99,693.6175142327736,12826078.9047046
2,49,1.5846623798064985,1.7267310165576808,1.7175457056643026,1.8712150593166152,1.5948857430933203,0.1200776729508057,1.0,1.0,0.7,0.5,1.0,100,709.5499100663984,12837632.930726023
2,50,1.5846083423948154,1.7249444519517978,1.7136218049600882,1.870123106191052,1.5857921141915763,0.12000501977292441,1.0,1.0,0.7,0.5,1.0,101,704.1745238559167,12835050.517324004
2,51,1.584652657975368,1.7230237141403053,1.7136993967826535,1.875934803045046,1.5986061823003364,0.12010455549831556,1.0,1.0,0.7,0.5,1.0,102,729.5112918486755,12841528.663889894
2,52,1.5846511693350231,1.7228252318493205,1.7134934907562087,1.8757541014037342,1.5849415512563652,0.12010455549831553,1.0,1.0,0.7,0.5,1.0,103,730.6904175513288,12841816.179071764
2,53,1.5856712319814974,1.719792200038758,1.7103081366523796,1.88924036917853,1.6030081416332247,0.12160465973790442,1.0,1.0,0.7,0.5,1.0,104,711.2976450317823,11347259.02163041
2,54,1.58559316333873,1.7175349110710274,1.707968959013353,1.8952563543266667,1.5898674396041028,0.1215154606111187,1.0,1.0,0.7,0.5,1.0,106,727.6526772373264,11350506.79475388
2,55,1.5835360261130553,1.7108295199592405,1.7010889506393525,1.8970702289285257,1.5932863176179557,0.11862269539564965,1.0,1.0,0.7,0.5,1.0,108,702.3081018047154,11408330.775804356
2,56,1.58483982058301,1.7121231752232249,1.7023822394531294,1.9144797740195278,1.5843845956118154,0.12048535671659766,1.0,1.0,0.7,0.5,1.0,109,811.6466017030335,11356125.415296309
2,57,1.5842662380512953,1.7041754685026573,1.690013137325657,1.8950242346244355,1.6046055405508235,0.1197104803492991,1.0,1.0,0.7,0.5,1.0,110,747.9686174581553,11340532.73056074
2,58,1.5842006624301193,1.7053265353491436,1.6932821237883382,1.9241783394392873,1.5838956126808084,0.11961782324638497,1.0,1.0,0.7,0.5,1.0,113,798.2977703175831,11352149.939573113
2,59,1.5842509429307228,1.7014967611836038,1.689306693326011,1.9247179508937715,1.6009079993833624,0.11972464833785482,1.0,1.0,0.7,0.5,1.0,114,770.7235567378372,11344437.162985578
2,60,1.5838573317796072,1.6867836926904807,1.6740563448429056,1.8938970738634766,1.615037643137522,0.1192802019862906,1.0,1.0,0.7,0.5,1.0,116,754.8745900882346,11345590.805909496
2,61,1.5835680529638756,1.6808766845368208,1.6700109807944592,1.9103836417849385,1.598533072398465,0.11891822788911029,1.0,1.0,0.7,0.5,1.0,118,794.218219753274,11303978.63509874
2,62,1.5835746323929811,1.6812432561834034,1.6724633856066808,1.9189076193621029,1.5875385075937445,0.11893452769695315,1.0,1.0,0.7,0.5,1.0,119,802.4241045926552,11320129.082905456
2,63,1.5855043564236686,1.6764313023804265,1.6673987160780441,1.9432443006812201,1.614863587174788,0.12173721659555348,1.0,1.0,0.7,0.5,1.0,120,785.6124823249669,11354003.908095002
2,64,1.5855040105584495,1.672542437621432,1.6633641225744462,1.9478846601997462,1.5937999377333363,0.12176188334924498,1.0,1.0,0.7,0.5,1.0,122,777.8000487419598,11352563.26802216
2,65,1.585335110252407,1.6698354714254557,1.6584897100684846,1.9247795991055145,1.5903625030535442,0.12152817203972696,1.0,1.0,0.7,0.5,1.0,123,766.9399087619007,11351859.127947532
2,66,1.585480343545358,1.6654744039761584,1.653959804277627,1.9289246951246217,1.6050600576974092,0.12176321677987448,1.0,1.0,0.7,0.5,1.0,124,799.2399231466546,11356119.588894472
2,67,1.5854803435512477,1.6654744039820577,1.6539598042835262,1.9369824376939928,1.5852344381017596,0.12176321678830218,1.0,1.0,0.7,0.5,1.0,125,799.2399235486749,11356119.588922467
2,68,1.5854010546461588,1.6628319534396878,1.651221338605511,1.9386199130825075,1.5964356513951894,0.12166507061607543,1.0,1.0,0.7,0.5,1.0,126,786.7715638987005,10865884.719879167
2,69,1.5892919203934421,1.6680392595569205,1.658550341467709,1.968614936998105,1.589066719815347,0.12722353198109596,1.0,1.0,0.7,0.5,1.0,132,1093.1058139652716,11379664.625426266
2,70,1.5914681219015754,1.6639073747515432,1.6583269820970796,1.9740597101229123,1.6306650850297235,0.13038227931740015,1.0,1.0,0.7,0.5,1.0,133,1081.6358859083066,11376465.346966214
2,71,1.5915457866094422,1.663872489081416,1.6582878591424202,2.0155062107414916,1.5914011552035547,0.13049383247364904,1.0,1.0,0.7,0.5,1.0,142,1080.649209607972,11379873.150022443
2,72,1.5911422876744385,1.656713405386574,1.6529482798620507,2.042882025364079,1.6264981584070581,0.129958639707555,1.0,1.0,0.7,0.5,1.0,143,1087.1432557484106,11380036.38884865
2,73,1.5910794084442792,1.6535207338120272,1.64963843435006,2.0358180028198403,1.597798424015509,0.12988390089061358,1.0,1.0,0.7,0.5,1.0,145,1077.550242202892,11378447.231490336
2,74,1.5914200442695203,1.6538302031254408,1.652019134650214,2.061852034997945,1.5942483191149068,0.13037692248005756,1.0,1.0,0.7,0.5,1.0,147,1075.494996493066,11379079.997840794
2,75,1.5914155081166894,1.6529194882845184,1.6510745056214144,2.056808448918634,1.5932512115600679,0.13037465828715375,1.0,1.0,0.7,0.5,1.0,149,1080.5623533576793,11382139.984422348
2,76,1.591415336579546,1.6555210645336575,1.6579183304094984,2.0981940284929808,1.5913201662778516,0.13037465828715375,1.0,1.0,0.7,0.5,1.0,153,1080.936387567261,11382210.721983723
2,77,1.5910877444754823,1.6586270051618925,1.6673699850196138,2.173912321251681,1.5911086107806507,0.12990920374016793,1.0,1.0,0.7,0.5,1.0,167,1059.6578342687856,11376591.650841376
2,78,1.5905677229807247,1.6586159500789248,1.6694504142831545,2.1829169928048606,1.5922204569322551,0.12917007880026998,1.0,1.0,0.7,0.5,1.0,169,1053.1304601465504,11374292.483534208
2,79,1.590890452574381,1.658446752605052,1.6692628004666137,2.207352236578508,1.5911743648508825,0.12963335638892567,1.0,1.0,0.7,0.5,1.0,174,1054.504899104184,11377150.31799974
2,80,1.5905086909394348,1.6601985477073766,1.6752392759315122,2.214177934365151,1.5926530938506425,0.12909034605206726,1.0,1.0,0.7,0.5,1.0,175,1063.7561339375104,11376433.15298728
2,81,1.59046751877553,1.6593470042943035,1.6743574152349987,2.232526179935973,1.592104958021432,0.12903517939717324,1.0,1.0,0.7,0.5,1.0,177,1064.2668130455447,11376556.719772706
2,82,1.5905766334951497,1.6540727634236014,1.6688817366292796,2.2616296694058855,1.5938290038580483,0.12921456671433224,1.0,1.0,0.7,0.5,1.0,184,1094.4727484969062,11377657.627132175
2,83,1.5903579023132206,1.6510484373738978,1.6636800186125706,2.262566599296255,1.5935615878261684,0.12890847759740273,1.0,1.0,0.7,0.5,1.0,186,1054.8923031259512,11373889.794904169
2,84,1.5903502974011936,1.6497013502169617,1.664355219651477,2.2753208103411584,1.5960139052919153,0.12890847759740273,1.0,1.0,0.7,0.5,1.0,188,1059.9352721282926,11374845.01687715
2,85,1.5904944103989014,1.650405499912605,1.6671527506005277,2.303252523434185,1.5908636665525455,0.12911746750912595,1.0,1.0,0.7,0.5,1.0,195,1060.120186185593,11376069.73034076
2,86,1.5903484991675179,1.6514876302541825,1.6724257200605601,2.3240420233172463,1.5933756245475266,0.1289147563734862,1.0,1.0,0.7,0.5,1.0,197,1061.5818351370729,11374733.84310725
3,0,0.655981339199184,0.8096563740906726,0.8025552586788254,0.4546992613641596,0.0,0.0,0.0,0.0,0.7,0.5,1.0,1,36207.57608657014,163847.4660444819
3,1,1.3046913480710836,1.507267129992719,1.49775786415405,1.156072776197151,0.7468842034672869,0.08353130833331296,0.09094446250040047,0.6026619072591327,0.7,0.5,1.0,2,31572.2820258114,146505.51596146805
3,2,0.42640080167603206,0.7573946096503467,0.7504163556161608,0.4085270285695306,0.14748350587624856,0.0,0.0,0.0,0.7,0.5,1.0,3,27485.799891121114,125339.9143317226
3,3,1.8816961827420844,2.2970112402088367,2.2868315364157272,1.9650159509354248,1.7062728131897398,0.09982439802236313,1.0,1.0,0.7,0.5,1.0,4,14222.487103164429,143811.66364551964
3,4,1.7122675572944983,2.2149812350322424,2.2042163861621895,1.885257582259672,1.713933266938835,0.08441067357685808,1.0,1.0,0.7,0.5,1.0,6,4267.667472928242,40846.6913587874
3,5,1.66937507673246,2.1834423881040212,2.173517510945202,1.86278074446978,1.6351015121968095,0.0865550768930703,1.0,1.0,0.7,0.5,1.0,8,2993.989549994183,32551.939631327044
3,6,1.6671880600654012,2.181430408382835,2.1714286865891923,1.867231761058227,1.5651526366051942,0.08662240871409149,1.0,1.0,0.7,0.5,1.0,10,2985.257581624023,32718.8902921485
3,7,1.6999949090330169,2.213222733471418,2.2009506576124385,1.9144669038026856,1.6156053801034778,0.13961220218439713,1.0,1.0,0.7,0.5,1.0,11,3296.552662167086,235065.16723915708
3,8,1.6902769136642009,2.201845001575674,2.1887743288774395,1.8981543364407991,1.7011314366185986,0.15393938612645935,1.0,1.0,0.7,0.5,1.0,12,175442.77029969022,331141.73196384136
3,9,1.5951677280907488,2.0695033788572426,2.0553225600491967,1.778303052155309,1.750625973538734,0.08675638454894959,1.0,1.0,0.7,0.5,1.0,14,1263.6197241088378,19114.083841578667
3,10,1.5915024731535015,2.0484490168539238,2.0333316154502628,1.7669997422035748,1.6747715250771726,0.09254279639498333,1.0,1.0,0.7,0.5,1.0,15,977.5243352321156,17485.28645635026
3,11,1.59616355182881,2.051448699709972,2.0362465157827696,1.7998001076349301,1.5717224757787251,0.10007448720648704,1.0,1.0,0.7,0.5,1.0,21,1250.1586246876168,23009.771155598573
3,12,1.5932001842829155,2.0281361654617207,2.0119464869866426,1.7821487445749433,1.6888244239382673,0.10458527314440916,1.0,1.0,0.7,0.5,1.0,22,849.0389562717642,30040.480660135865
3,13,1.5919063926013384,2.0217909242017487,2.0053670712760447,1.7881001226384752,1.600517884660989,0.1044894961970142,1.0,1.0,0.7,0.5,1.0,23,562.7580261026204,27265.18597139953
3,14,1.5896495431615565,2.009088566541084,1.992190379242751,1.7854356753140075,1.60098013905484,0.10450619445586243,1.0,1.0,0.7,0.5,1.0,25,815.653742719482,29133.66654586151
3,15,1.5865354508995249,1.987365180389923,1.971714920629915,1.762218098050404,1.6248501907623742,0.1050501029664522,1.0,1.0,0.7,0.5,1.0,27,569.3938224995405,119014.7661059108
3,16,1.5859768513516599,1.9827768901154808,1.9669540149692577,1.7670415242482744,1.5837081952904986,0.10510654099433865,1.0,1.0,0.7,0.5,1.0,29,538.9343024316863,119027.45544247632
3,17,1.584963233835416,1.9755233645318024,1.959435374149798,1.7778440751660916,1.6045522569098651,0.1048957759747575,1.0,1.0,0.7,0.5,1.0,30,426.8766975356768,1380885.7662907876
3,18,1.5845339366046902,1.9710627940677998,1.9568713459292684,1.7610823403577136,1.6001742229651443,0.10526799542234748,1.0,1.0,0.7,0.5,1.0,31,457.5962683745639,119133.19541266274
3,19,1.5837374435159939,1.9635833368498874,1.9491059215367732,1.757825461129976,1.6145933186504675,0.10553314514691323,1.0,1.0,0.7,0.5,1.0,32,270.6372629639752,2488113.103665824
3,20,1.5824351061235928,1.9565361912322805,1.9418221413364298,1.7547108019509157,1.5999696172293945,0.10452711844691805,1.0,1.0,0.7,0.5,1.0,33,278.4618884893173,2472752.448494743
3,21,1.5821334302030976,1.9450118093696391,1.9298429266142507,1.7442485968231467,1.621070547599809,0.10547992922105749,1.0,1.0,0.7,0.5,1.0,34,230.08546963816087,1505463.1194136646
3,22,1.5817473708404794,1.9402360172238375,1.9248885260122552,1.7498965264342232,1.5843315414683337,0.1054962702016132,1.0,1.0,0.7,0.5,1.0,36,220.2503803717337,1505933.4859701816
3,23,1.5781308934194231,1.9059878282620941,1.891482386691509,1.7368907044866524,1.7228695722535676,0.10369044478277092,1.0,1.0,0.7,0.5,1.0,37,159.1786799640394,2488031.719449509
3,24,1.5767685833976328,1.893284693022637,1.8783320195515372,1.7288292826634932,1.6243851961556155,0.10267091524068157,1.0,1.0,0.7,0.5,1.0,38,163.97234298581762,2472806.1465107314
3,25,1.576384589328851,1.887252293484664,1.87207794926875,1.7268450841386858,1.5978153868705842,0.10254199408097926,1.0,1.0,0.7,0.5,1.0,39,177.37804034106412,2460987.748918953
3,26,1.5763559316117612,1.8838105847225601,1.8705728019115035,1.7324618685104658,1.5937815484139493,0.10283360461977135,1.0,1.0,0.7,0.5,1.0,40,140.02712067770253,2580040.7477631182
3,27,1.5779852768724718,1.885781362209749,1.8746270125153723,1.750384121556592,1.5760099726609191,0.10523074155504501,1.0,1.0,0.7,0.5,1.0,42,229.69575246550485,2456749.6258377223
3,28,1.5778539915118295,1.8823329445362957,1.871049118184794,1.7472779851172722,1.5888890302747445,0.1052631316072719,1.0,1.0,0.7,0.5,1.0,43,218.99297285110143,2477148.6185736274
3,29,1.577436219766118,1.8745636462157123,1.8629935872409873,1.7358725491655544,1.606996424173373,0.10512348126287799,1.0,1.0,0.7,0.5,1.0,44,225.30037169061947,1484238.236163366
3,30,1.577040459968118,1.8627394612263344,1.8507262459708511,1.7434326973876662,1.599661815192618,0.10520393389648545,1.0,1.0,0.7,0.5,1.0,46,194.7745400383781,1535514.6635187604
3,31,1.576987243931052,1.8598086216083787,1.8476840762104403,1.7480811114891732,1.5802274772682208,0.10527831342421996,1.0,1.0,0.7,0.5,1.0,48,202.35910474738083,1532908.5482144912
3,32,1.5755377389692553,1.8369436021002696,1.8219232764238589,1.7285998943546883,1.663774436523218,0.10413784844037337,1.0,1.0,0.7,0.5,1.0,49,302.2046271112104,12197.942989620156
3,33,1.5750017466669655,1.8094558679028934,1.7954762004061138,1.713088898338108,1.6365373832141548,0.10438603420095718,1.0,1.0,0.7,0.5,1.0,51,204.05269579520748,872948.6104131882
3,34,1.57501103051605,1.8080633563859008,1.7940302808708704,1.719234225049253,1.5762450468031006,0.10444214122899542,1.0,1.0,0.7,0.5,1.0,53,218.70681955498347,872334.524981459
3,35,1.5746959974841008,1.797483090880888,1.778916027422511,1.7089430206966276,1.589981120696364,0.10421434244437122,1.0,1.0,0.7,0.5,1.0,55,165.82744752669993,302416.7242713079
3,36,1.5758518964603248,1.804471432212552,1.798555951174166,1.7859309908551873,1.5755430294296908,0.10592618365997228,1.0,1.0,0.7,0.5,1.0,62,196.0619126054955,1557836.218331743
3,37,1.5748826329064345,1.7891497161571859,1.7826891971028498,1.7758202998640797,1.6371268718596483,0.10490504557003857,1.0,1.0,0.7,0.5,1.0,63,249.70446847167185,1544905.1643624392
3,38,1.5748180061902293,1.7892112612874593,1.7848273192189128,1.796974028328329,1.5787684260718065,0.10484106747222663,1.0,1.0,0.7,0.5,1.0,64,240.725240650528,1481234.7360645137
3,39,1.5746613349505036,1.7805564659912032,1.7737786780915148,1.7833091576325732,1.6055520287204312,0.10477979357226821,1.0,1.0,0.7,0.5,1.0,65,216.9521778388017,927210.3503707084
3,40,1.5747017166752248,1.775254811569607,1.7682748297929818,1.7902223030101727,1.5851745629777534,0.10494837328686155,1.0,1.0,0.7,0.5,1.0,67,248.1828877082405,921776.9987883932
3,41,1.574552664732442,1.7750086099841178,1.7680249550559388,1.7899927022473663,1.5737892199696426,0.10473761966935198,1.0,1.0,0.7,0.5,1.0,68,194.1081466072752,762766.3591736967
3,42,1.5745703443908028,1.7702409434318616,1.7651481631248525,1.796232943466111,1.6005081416277784,0.10488379001692057,1.0,1.0,0.7,0.5,1.0,69,180.83662582359543,940016.2157769653
3,43,1.574460836994357,1.7714514421983076,1.7684804831819247,1.8276046779994082,1.573315854878928,0.10472749220463196,1.0,1.0,0.7,0.5,1.0,74,201.2090595143553,927298.4644816974
3,44,1.5743660517798614,1.7675105619812375,1.7602501500461363,1.8286240709890085,1.5805768161606237,0.10462357233047641,1.0,1.0,0.7,0.5,1.0,75,202.4112127188808,798521.0158258675
3,45,1.5743225949617092,1.7638340208625862,1.7585084126472454,1.8442188093463612,1.5835080829747312,0.10464671754736751,1.0,1.0,0.7,0.5,1.0,77,201.20590532421795,922857.2214822096
3,46,1.5742680461479384,1.759767623652798,1.754290504082136,1.8530801529102259,1.5820426509853993,0.10463875889592185,1.0,1.0,0.7,0.5,1.0,79,176.4391518315781,924047.6949394244
3,47,1.574217923006509,1.7567477450774887,1.7511585846043414,1.8503328704519142,1.586077035604284,0.10461649345532031,1.0,1.0,0.7,0.5,1.0,80,177.81082350780775,799125.1931515743
3,48,1.5741710956400636,1.750688915868214,1.7448727030199134,1.8410482152319285,1.6019581619009406,0.10465472110115695,1.0,1.0,0.7,0.5,1.0,81,201.73019761920185,620936.0330263993
3,49,1.573939624399061,1.7353264013745424,1.7289401273214078,1.843543663694439,1.6055994049308824,0.10453756250658383,1.0,1.0,0.7,0.5,1.0,83,155.20890593015997,623746.9829061436
3,50,1.5739770994517275,1.7344726921213223,1.7301249882838474,1.8501429603403647,1.5781401956179713,0.10462072765998318,1.0,1.0,0.7,0.5,1.0,85,178.055396626409,621097.6642551501
3,51,1.5739827745890995,1.7328609915705433,1.728452403881513,1.8566686584771945,1.5768336468115032,0.1046500312216189,1.0,1.0,0.7,0.5,1.0,87,164.3851429264007,623485.2837486928
3,52,1.5739338082964842,1.73188753701638,1.7274441342952729,1.8597681616607675,1.5772885158425725,0.10459199080286848,1.0,1.0,0.7,0.5,1.0,88,171.74773493836884,622246.301341593
3,53,1.573914691472564,1.731397908467321,1.726936782680017,1.8792590678676233,1.5752789249562538,0.10457071749673183,1.0,1.0,0.7,0.5,1.0,89,169.9068875601892,621888.7819159596
3,54,1.5738809319621472,1.729923067026803,1.7254077598983597,1.8659698843721668,1.5795492138261553,0.10454080548850331,1.0,1.0,0.7,0.5,1.0,90,167.7689681012654,622071.8800660388
3,55,1.5739904541934395,1.7316870774125255,1.7313782813023073,1.9141573435717338,1.5739282965011587,0.10470981784183082,1.0,1.0,0.7,0.5,1.0,97,166.43599018604857,622168.0786988644
3,56,1.5740059844760075,1.7310813118540163,1.730749125526119,1.9176442264465696,1.5760678534797723,0.10473974984457726,1.0,1.0,0.7,0.5,1.0,98,168.04477969793192,621869.4866311783
3,57,1.573999643972967,1.7309636432198292,1.7306272607191675,1.9417087405542153,1.5734747875195456,0.10473205789212617,1.0,1.0,0.7,0.5,1.0,101,167.2132152021737,621870.5817085203
3,58,1.5744213879214317,1.724584416673249,1.719847840192195,1.9585385713611565,1.5763856167481944,0.10538484235987203,1.0,1.0,0.7,0.5,1.0,108,169.54242758935715,716054.8079652091
3,59,1.574420752997694,1.7258346120669126,1.7232173054092907,1.9720425597659972,1.5739381421961434,0.10538484235987203,1.0,1.0,0.7,0.5,1.0,110,169.6712048304581,716025.6923691066
3,60,1.5744260817465952,1.72122305648784,1.7142877114827075,1.9510800227278395,1.5824555372504583,0.10541550902415726,1.0,1.0,0.7,0.5,1.0,111,187.75206770365023,633110.8047825263
3,61,1.574356898275049,1.7214786745284663,1.716627750087108,1.9637919158222386,1.5781561517175433,0.10532827690991584,1.0,1.0,0.7,0.5,1.0,112,187.9241999081028,703840.6756377707
3,62,1.5743570080591978,1.7203672457005974,1.7154744823709607,1.970851965590215,1.576194724721002,0.1053411682785366,1.0,1.0,0.7,0.5,1.0,114,170.5263758962833,634907.1656497696
3,63,1.5743772839393606,1.7174193602392687,1.7124150363195274,1.9762535667781553,1.5803319697534142,0.10540340644500852,1.0,1.0,0.7,0.5,1.0,116,186.128468845798,633241.5665796184
3,64,1.574518875832223,1.7173695005921188,1.7123579449458586,1.988311309888555,1.5743487274745072,0.10560779678930184,1.0,1.0,0.7,0.5,1.0,118,177.30691202770754,633318.0471651619
3,65,1.574524858686017,1.7179804902168807,1.7150639207123022,2.0138120319946093,1.5755302828411737,0.10562427193129913,1.0,1.0,0.7,0.5,1.0,120,176.88239808644445,714693.2425391516
3,66,1.5744419144704636,1.7163923457700987,1.7113469770216443,1.9995169543545053,1.574664101858047,0.10550778287638748,1.0,1.0,0.7,0.5,1.0,121,178.73892539910702,633293.8344844253
3,67,1.574536858435048,1.7168729472508346,1.7139142717030396,2.016884887511911,1.5780895154403582,0.10565359344383751,1.0,1.0,0.7,0.5,1.0,122,184.34593759864435,632862.4288398764
3,68,1.5743745560983415,1.7153682450387626,1.7123591148029353,2.0195894446805496,1.5767732167754689,0.10543618319801418,1.0,1.0,0.7,0.5,1.0,124,179.35974783060604,633067.9258075659
3,69,1.574470534803487,1.7143588085835886,1.711308139631646,2.0268238908744745,1.578776419204197,0.10558499850804262,1.0,1.0,0.7,0.5,1.0,125,185.1700227441044,632693.933932494
3,70,1.5744718165741256,1.7135886049437772,1.7105089433877714,2.030198050046343,1.5773200445956268,0.10559493535928344,1.0,1.0,0.7,0.5,1.0,126,181.3889128421744,632868.6093371469
3,71,1.5744670837047918,1.7127330410199346,1.7096214008991268,2.0334963686424783,1.5776715829378363,0.10559704179829957,1.0,1.0,0.7,0.5,1.0,127,186.81112047610205,632409.584395465
3,72,1.5749235008074483,1.7143894185818496,1.713395089722483,2.043988752591487,1.5749373483282265,0.10625038750032471,1.0,1.0,0.7,0.5,1.0,128,204.31402215835303,622886.1448081447
3,73,1.574417249086139,1.7113333105492985,1.7102431670444758,2.06583910812691,1.5776371615313542,0.10555325860496845,1.0,1.0,0.7,0.5,1.0,131,163.98119924296668,716392.7766044223
3,74,1.5745518167203352,1.7094143654748555,1.7061748474154248,2.0735360163156127,1.575094349551567,0.10575280266550854,1.0,1.0,0.7,0.5,1.0,134,181.44573098197225,715090.0280638726
3,75,1.5746845504448834,1.7100227638685455,1.7088733474019815,2.10166172359814,1.575104651830424,0.10595092263134617,1.0,1.0,0.7,0.5,1.0,138,196.5713860155368,633775.0817280113
3,76,1.5724746766054765,1.7085582939780508,1.7136535919925757,2.1845667477891864,1.5728721952475535,0.10282567327663358,1.0,1.0,0.7,0.5,1.0,154,148.61887776294887,1023309.0794189794
3,77,1.5724683084679794,1.7089209494782929,1.7161023454178028,2.1988419825696544,1.5740743890692928,0.10282567327663358,1.0,1.0,0.7,0.5,1.0,156,149.48488402432085,1022890.0513551808
3,78,1.5723629694195909,1.7034491173963,1.7021399867329992,2.1010534156932934,1.5721288560596343,0.10267574192385201,1.0,1.0,0.7,0.5,1.0,157,148.9601048988014,1022930.2091633189
3,79,1.5724663919956465,1.7099579586888027,1.719250621713813,2.2136751415072284,1.5729917932750983,0.10282567327663358,1.0,1.0,0.7,0.5,1.0,158,149.14167340322282,1023014.4595721049
3,80,1.5723367080637525,1.6990662800177505,1.7017380571133232,2.167236125510162,1.6017821744646303,0.10270261510022435,1.0,1.0,0.7,0.5,1.0,159,145.69100432006607,854347.0532042043
3,81,1.5723344807545487,1.700030944458526,1.7048113370786049,2.190671996898646,1.5726847490937574,0.10270261510022435,1.0,1.0,0.7,0.5,1.0,161,146.12341450024823,854186.053387686
3,82,1.5722959953322753,1.701210880904586,1.7081092841482335,2.2071222489315927,1.5720939484790504,0.10264859628734443,1.0,1.0,0.7,0.5,1.0,163,146.05821563577754,854197.2505678666
3,83,1.5723048201536922,1.7009788801438996,1.7078682314971871,2.211060590047796,1.5729258707507718,0.10266332437402267,1.0,1.0,0.7,0.5,1.0,164,149.86667711245988,853710.3782770762
3,84,1.5739810928211333,1.6953875414891277,1.6916427400681326,2.1366851715438155,1.5739386181550277,0.10506355486248983,1.0,1.0,0.7,0.5,1.0,171,142.01274768709152,855149.6091247319
3,85,1.5729247975771887,1.7021681353905396,1.7152956960946821,2.2893915524491795,1.5847860641172415,0.10357851579076875,1.0,1.0,0.7,0.5,1.0,172,167.7778314472337,1019698.00117504
3,86,1.5727715172355463,1.6968199659365724,1.7097525988271154,2.3100797875692445,1.5781025465105363,0.10340253878551102,1.0,1.0,0.7,0.5,1.0,176,161.39960510493148,852892.6309801255
3,87,1.572819191932291,1.6946402548269546,1.70748931411151,2.315468743234383,1.5757122569336242,0.10348839704873876,1.0,1.0,0.7,0.5,1.0,179,157.4718531942839,853708.9173509157
3,88,1.5730320670996063,1.6942752605838098,1.7133196047486932,2.4214305162124417,1.5737951596153965,0.1038276260057085,1.0,1.0,0.7,0.5,1.0,197,163.1531467109028,850171.3031632307
4,0,0.6613177079514263,0.799741089978058,0.792270077111153,0.44540925778114493,0.0,0.0,0.0,0.0,0.7,0.5,1.0,1,6684.8808261776,126497.49233665376
4,1,2.1159918677919345,2.37675175400463,2.366960318991182,2.026350969540009,1.6782252383641594,0.11950453956257043,1.0,1.0,0.7,0.5,1.0,2,12030.081635000812,161249.52647437155
4,2,2.07585086241004,2.5735893520067057,2.5735893520067057,2.2046042191842674,1.5989403197797478,0.10512764572386524,1.0,1.0,0.7,0.5,1.0,3,10121.545958754365,44705.184299540975
4,3,1.8486512672675015,2.285310061818543,2.274613503659367,1.949515676045146,1.831989434061442,0.10289890716781576,1.0,1.0,0.7,0.5,1.0,4,3150.3705696536404,45978.71982736994
4,4,1.5410157199312624,2.0352338604455635,2.027116071508309,1.722716637925589,1.461118834735744,0.10328980214474974,0.5832761762724511,1.0,0.7,0.5,1.0,6,1763.7550304910071,48193.45475939316
4,5,1.3810687929130523,1.8476173727039311,1.8350563811519716,1.5636542358621723,1.7363925135051443,0.08307222158983509,0.5856609291421838,1.0,0.7,0.5,1.0,8,738.7323961748367,25254.531953485504
4,6,1.2789968871738597,1.7297068276994791,1.7163331318994146,1.455456244601038,1.3025684502198307,0.08377122093979734,0.3924327206657293,1.0,0.7,0.5,1.0,10,830.5573281182235,26582.88535265288
4,7,1.4859874299873241,1.9198654793777379,1.9056870290028933,1.6539676770170582,1.5611409286972504,0.08644322137864405,0.8121513341762915,1.0,0.7,0.5,1.0,11,485.4034230892795,16315.096987512845
4,8,1.4940927736105156,1.9194849103617908,1.900793826351051,1.6411520633177417,1.5075120645339954,0.08650233826226741,0.8310036808801241,1.0,0.7,0.5,1.0,12,587.1617091775979,17118.7297159334
4,9,1.401142121225195,1.7785722442251437,1.761931447176729,1.527397501524784,1.6518289426818482,0.0821194759684431,0.6676192006372355,1.0,0.7,0.5,1.0,13,397.0661475138871,41393.214585064445
4,10,1.3507268835033512,1.713942844890159,1.696719181935284,1.4726016458934692,1.375414831944483,0.09257189373947829,0.5549794715340044,1.0,0.7,0.5,1.0,15,510.3894191462345,888674.894831191
4,11,1.5800499412118696,1.9469370878875436,1.9339954364390155,1.738065281905706,1.5716606748509658,0.10230942097737797,1.0,1.0,0.7,0.5,1.0,19,553.074503579956,7699.143392369876
4,12,1.5789771361503284,1.9320918254002746,1.918595216714404,1.7146015384304127,1.6313952611810256,0.10235050291963936,1.0,1.0,0.7,0.5,1.0,20,447.1596294102456,8678.518845615014
4,13,1.577814351715003,1.9140323924166212,1.897789592759545,1.7028450283810312,1.6449441778321154,0.10234741398348586,1.0,1.0,0.7,0.5,1.0,21,477.254936785869,16267.955093265278
4,14,1.5756528510076577,1.8708099500622422,1.852951893864353,1.6729101439260075,1.6665279879684842,0.10245358909014154,1.0,1.0,0.7,0.5,1.0,23,143.6605444639202,13510.576424723651
4,15,1.575550056526361,1.8679454928480994,1.8499800619612081,1.6829611149827672,1.5780361895081447,0.10247385210524881,1.0,1.0,0.7,0.5,1.0,25,154.52033408459687,13594.721281707569
4,16,1.5755389272897122,1.8677802990271228,1.849808895613576,1.6828121025665383,1.5724297702722532,0.10246712823180759,1.0,1.0,0.7,0.5,1.0,26,147.2922423973356,13529.679512806786
4,17,1.5756547246794157,1.8673303790502067,1.849337006392857,1.6917945303299138,1.5744470466338876,0.10266611234777645,1.0,1.0,0.7,0.5,1.0,27,148.59385198417948,13558.844356964628
4,18,1.5756785781596687,1.8626216395357835,1.8465151903162715,1.694317712715116,1.599870493379526,0.10304859535668034,1.0,1.0,0.7,0.5,1.0,28,182.45060211978569,6934.338382969487
4,19,1.5753282624767597,1.8514740857157284,1.8349500622501953,1.6877359536695016,1.621257471665026,0.1031128583400244,1.0,1.0,0.7,0.5,1.0,29,191.93492555291672,6958.266903133316
4,20,1.5751414152481125,1.8486303172432172,1.832003822222175,1.6754856732916916,1.5839287066896572,0.10297299012602017,1.0,1.0,0.7,0.5,1.0,30,268.3563434638502,7920.383865312409
4,21,1.5749685008782728,1.8417101886027611,1.824823827554546,1.6726423036405416,1.6026359732967488,0.10303770950062907,1.0,1.0,0.7,0.5,1.0,31,283.585064280688,7964.144726527707
4,22,1.5747582564502935,1.8341273930905881,1.8169577661059162,1.6691994876823892,1.605399553897453,0.10305327221685874,1.0,1.0,0.7,0.5,1.0,32,184.4135789395412,11724.76450577426
4,23,1.5744807291531502,1.8235830645462308,1.80601994320374,1.6631120262791983,1.6185806461071717,0.10305943880178522,1.0,1.0,0.7,0.5,1.0,33,212.257287976596,7713.828230758411
4,24,1.5742538958177357,1.8133364497268365,1.795390396326196,1.6572429665013297,1.6168876509419434,0.10308468747697574,1.0,1.0,0.7,0.5,1.0,34,207.8937328127172,7420.930249541499
4,25,1.5741272251786533,1.806251770656789,1.7880403046305007,1.6542472585921062,1.6033444019917242,0.10312670507400915,1.0,1.0,0.7,0.5,1.0,35,213.18401495130283,7393.533832772336
4,26,1.574045223699748,1.8015326299767433,1.7831444522078077,1.6533826334717117,1.5929424704921344,0.10314938672777882,1.0,1.0,0.7,0.5,1.0,36,212.6029392623552,7219.456338438063
4,27,1.5739907976232572,1.7975126331748572,1.7789735885074656,1.653151445846748,1.5899502617318144,0.10318595654785272,1.0,1.0,0.7,0.5,1.0,37,219.2614604713135,7243.180579068764
4,28,1.5739629218466176,1.7948801739249278,1.7762420662875869,1.6541707971530233,1.5838840130116347,0.10321868476317472,1.0,1.0,0.7,0.5,1.0,38,225.673649535939,7265.881716712856
4,29,1.5739546701904692,1.793356407636067,1.7746606817367487,1.6561893740825218,1.5790384704036637,0.10324821186966056,1.0,1.0,0.7,0.5,1.0,39,231.82847470001823,7287.563723988283
4,30,1.573961109406627,1.7927090128750145,1.7739884305704823,1.6589977884653464,1.5752103711189012,0.10327503560971203,1.0,1.0,0.7,0.5,1.0,40,237.7263079898929,7308.256690424586
4,31,1.5739023986719682,1.7900469921085178,1.7712274624025082,1.6599855935422487,1.5838958885718564,0.10326015149726735,1.0,1.0,0.7,0.5,1.0,41,217.86638513950464,7146.148085950691
4,32,1.5738957885223241,1.788643772360842,1.7697712206382294,1.6621124894176447,1.578528817140199,0.10328695734607345,1.0,1.0,0.7,0.5,1.0,42,223.16262173034207,7165.537901614038
4,33,1.5737498582217504,1.7862529037579145,1.7693668134683445,1.6657682140276524,1.588142512358691,0.10316884079587982,1.0,1.0,0.7,0.5,1.0,43,181.08061065147825,6795.482031037089
4,34,1.5736665161091383,1.7786927064759368,1.7615230237262351,1.6624146513939646,1.6055559781748026,0.10322837574264492,1.0,1.0,0.7,0.5,1.0,44,187.10158748534772,6776.470787826756
4,35,1.5736455821838338,1.7761746861490988,1.7589103583501398,1.6636048551612068,1.5833903631659925,0.10325509698795372,1.0,1.0,0.7,0.5,1.0,45,191.49713684197465,6790.873567630053
4,36,1.5735933716650616,1.7727485833928083,1.7553564419243832,1.6675972607103615,1.5872831441449136,0.10325472854894654,1.0,1.0,0.7,0.5,1.0,46,190.11093301193563,6816.770162287491
4,37,1.573590283080634,1.7712828124980744,1.7538352915636806,1.6698008365142814,1.5788003271775533,0.10328169518013426,1.0,1.0,0.7,0.5,1.0,47,194.7870149015904,6831.423384609954
4,38,1.5735944602575263,1.772574637317284,1.7572476980250933,1.6876046528321589,1.5723460568073735,0.10328850722106128,1.0,1.0,0.7,0.5,1.0,51,189.621921049907,6700.527080151663
4,39,1.572966633809334,1.7663896071155076,1.7487804894510295,1.6829526626113067,1.5905361302989078,0.10247970926340415,1.0,1.0,0.7,0.5,1.0,52,202.5148661339938,6406.968960072109
4,40,1.5735254956128082,1.7634015997811985,1.7435864003318806,1.7051657544166008,1.5756111435168836,0.10332276968206804,1.0,1.0,0.7,0.5,1.0,55,159.55282081167638,7342.717511012118
4,41,1.5735197485209689,1.7629821604189055,1.7431513261048162,1.7082459638443652,1.574163126975714,0.10332277879224627,1.0,1.0,0.7,0.5,1.0,56,166.1417361706896,7332.028932783253
4,42,1.5734969908696996,1.7597505254642403,1.7397983615465322,1.7087931771115903,1.586594457740818,0.10335284196665129,1.0,1.0,0.7,0.5,1.0,57,165.31368192356007,7358.36876982994
4,43,1.5734967149613568,1.7597296240815936,1.7397766763759825,1.7122325266831988,1.5724382900613578,0.10335284199206836,1.0,1.0,0.7,0.5,1.0,58,166.40055625724176,7355.192336085871
4,44,1.5734895040620798,1.7564022738288045,1.7363237858891432,1.7126953611359208,1.587117583617581,0.10340512845875553,1.0,1.0,0.7,0.5,1.0,59,174.24637040123514,7394.708217453605
4,45,1.5728075950120604,1.7537401859968034,1.733586934025142,1.7136889619441793,1.5805123839334154,0.10246729268520427,1.0,1.0,0.7,0.5,1.0,60,181.55374271816223,6533.223568174018
4,46,1.57445003101425,1.7504307656439237,1.7300904160800994,1.7310840504351828,1.584410806722084,0.10490128803506635,1.0,1.0,0.7,0.5,1.0,62,187.00147288446624,6841.977844326045
4,47,1.5742379922101,1.745210848082426,1.724681489234162,1.7299547140995302,1.5954942471645275,0.10468267484653919,1.0,1.0,0.7,0.5,1.0,63,188.89735143303787,6958.463600253484
4,48,1.5741580129082247,1.7410918413359677,1.72041014840983,1.7298221231723026,1.5911305475159425,0.10463323805039118,1.0,1.0,0.7,0.5,1.0,64,192.68607795678045,6965.096681548476
4,49,1.5741883360324582,1.7375041046291988,1.7166859775518941,1.7301737110478865,1.589312716723678,0.10473232414254685,1.0,1.0,0.7,0.5,1.0,65,192.2169495155454,6881.796038160191
4,50,1.5741362290085237,1.7347857097562003,1.7138670800662763,1.7313046715403198,1.585088748327958,0.10469772334379476,1.0,1.0,0.7,0.5,1.0,66,195.3920667451696,6885.824286872261
4,51,1.5740979926521999,1.7330177067871944,1.7120338768225318,1.7332926861936349,1.5809209721709998,0.10466836809159334,1.0,1.0,0.7,0.5,1.0,67,198.50856727651865,6890.130289028039
4,52,1.57413273664285,1.731236945966075,1.7101847278720377,1.735275233486134,1.58135095204696,0.10474404310307794,1.0,1.0,0.7,0.5,1.0,68,195.05915419512863,6855.824279515989
4,53,1.5741004986564515,1.7297044916002613,1.708595730638949,1.7374761574357023,1.5799393505583397,0.10471914755057696,1.0,1.0,0.7,0.5,1.0,69,197.89748663258865,6859.001773138051
4,54,1.5740778212137712,1.728888617648864,1.7077499203371072,1.7403233256406245,1.576797015326446,0.10469780876859272,1.0,1.0,0.7,0.5,1.0,70,200.67793270117107,6862.395028561958
4,55,1.5739687939040654,1.7273136225963301,1.7061197247484658,1.7424804747447162,1.5796769169467635,0.10456225983423806,1.0,1.0,0.7,0.5,1.0,71,199.5921742273388,6935.6645847405125
4,56,1.5714869300345464,1.7233943594734904,1.702146370602566,1.7439359181367398,1.573905356567001,0.10103626619226418,1.0,1.0,0.7,0.5,1.0,73,114.47084687171196,11358.643266638252
4,57,1.5716862668361369,1.7206317065059444,1.699272145588018,1.755567774709127,1.5840827086314135,0.10136046034536864,1.0,1.0,0.7,0.5,1.0,74,115.80641671213507,11384.512589398337
4,58,1.5721602423481311,1.7048792891556255,1.6829092745622074,1.7526829322040238,1.6074003652722753,0.10223301287562303,1.0,1.0,0.7,0.5,1.0,76,47.81308456395616,42421.22835571209
4,59,1.5723732964581472,1.7034234952637137,1.6813907758563689,1.7550288572809154,1.5791276671896695,0.10255563743534939,1.0,1.0,0.7,0.5,1.0,77,47.83997657403217,42290.85454950097
4,60,1.5721548949840685,1.7018035675277123,1.679718171598823,1.757192329507948,1.577768914559754,0.10225879887030605,1.0,1.0,0.7,0.5,1.0,78,49.00785606119905,42278.57925706689
4,61,1.5719907091318543,1.7009843632295236,1.6788743371319426,1.760082355248407,1.5743163455324658,0.10203126896464931,1.0,1.0,0.7,0.5,1.0,79,50.34619727944367,42267.45868084981
4,62,1.5719435416876864,1.693487438971475,1.6710975110237538,1.762428482811315,1.6043227455607294,0.10204046247863804,1.0,1.0,0.7,0.5,1.0,80,46.13740465025885,43229.12982779467
4,63,1.5708041893807088,1.6949283544474745,1.6767797987555966,1.7994680603216944,1.5703067105952917,0.10041345000105042,1.0,1.0,0.7,0.5,1.0,96,159.6658940116548,7844.086083134355
4,64,1.5707895193086283,1.6947779534538339,1.6766243215909051,1.8029743689732416,1.5708748854661847,0.10039383320249162,1.0,1.0,0.7,0.5,1.0,97,162.77256721241858,7860.007736916386
4,65,1.5710019945452705,1.6921314034436947,1.6738703725491395,1.8314491877291434,1.5768108758600334,0.10072516075708975,1.0,1.0,0.7,0.5,1.0,99,164.1750775657705,7804.207097671325
4,66,1.570473474940996,1.686890178119341,1.6684521706135556,1.8352994867920804,1.5803984136596299,0.1000142170482613,1.0,1.0,0.7,0.5,1.0,101,93.41308977612309,3320.4428296396195
4,67,1.5701033570345562,1.682144882762444,1.6635426520226195,1.842087893168136,1.574489369428528,0.09952456617696573,1.0,1.0,0.7,0.5,1.0,105,96.07632574014283,3404.3207587287484
4,68,1.5700795281210869,1.6837681370537914,1.6693723032515457,1.8843769705996039,1.5702831403711643,0.09949926878265733,1.0,1.0,0.7,0.5,1.0,112,163.572843171991,7480.952184482062
4,69,1.570072757334566,1.6833315536521263,1.6689195334352682,1.8877850537120882,1.5715393756341252,0.09949330370630226,1.0,1.0,0.7,0.5,1.0,113,163.2591076216966,7484.318880591025
4,70,1.569942273559541,1.6791325258356722,1.662495533760523,1.8839357938894712,1.5816180850075159,0.09933018762800325,1.0,1.0,0.7,0.5,1.0,114,156.5305747483182,6833.52079765778
4,71,1.5698887162108055,1.6750233054527661,1.6603064804724237,1.8890254869338414,1.5932104146381803,0.09929750894595822,1.0,1.0,0.7,0.5,1.0,115,162.6261854762678,6877.778326205144
4,72,1.569860751668859,1.6756297376162796,1.663009007710609,1.9000679491093144,1.5725361715025892,0.09926303191314712,1.0,1.0,0.7,0.5,1.0,116,168.05021227638,6910.737973381107
4,73,1.5697622117786163,1.6738033636445468,1.6590455058134512,1.8918130900674266,1.571152281915337,0.099125406894624,1.0,1.0,0.7,0.5,1.0,117,165.40968991439672,6895.686463619776
4,74,1.5698772297314494,1.6720467147589813,1.6551463379831053,1.8967963869360136,1.5707042518005019,0.09929397275103756,1.0,1.0,0.7,0.5,1.0,119,162.26523021945516,6902.8931722959205
4,75,1.5698726315472773,1.6671572227242055,1.6500736172908415,1.8962424931304063,1.5910373832626832,0.09932455191771657,1.0,1.0,0.7,0.5,1.0,120,163.7586084402907,7098.736301790513
4,76,1.5695606999092366,1.6658909875660677,1.648771612754874,1.9027754217645896,1.5713219836092986,0.09888598248854252,1.0,1.0,0.7,0.5,1.0,122,159.92652348064857,7119.243390304071
4,77,1.5694910456769195,1.665880473315379,1.6508356192297757,1.9197349738794776,1.5719489726187392,0.09879573560613589,1.0,1.0,0.7,0.5,1.0,124,156.12995700718702,6759.436903337805
4,78,1.56953126113768,1.6673971836572852,1.6565523793537384,1.9498987220625494,1.5717959013313072,0.0988616771756496,1.0,1.0,0.7,0.5,1.0,126,151.62912617193842,6760.242005352768
4,79,1.5695232297669355,1.667116976429087,1.656261967601478,1.9535445223957737,1.5703960636443595,0.09885215399572209,1.0,1.0,0.7,0.5,1.0,127,153.56759510326796,6767.903262320168
4,80,1.5693296568186168,1.6624619274514059,1.6472949700525903,1.9369789892880285,1.5769618860529933,0.09858841087307033,1.0,1.0,0.7,0.5,1.0,128,147.25728906690674,6924.690953964147
4,81,1.569064145729787,1.6582809462332637,1.6429671948826878,1.937036769515134,1.5859985460674273,0.09823604352317614,1.0,1.0,0.7,0.5,1.0,129,138.97174303359384,6865.406923323108
4,82,1.5690554054904506,1.6578884317748326,1.6425603602446688,1.940533266813636,1.5704469934185794,0.0982261403399607,1.0,1.0,0.7,0.5,1.0,130,140.8748081498004,6873.6362226741085
4,83,1.5690450926429724,1.657766803498292,1.6424345032740808,1.9442746373532487,1.5692386935409022,0.09821215522344776,1.0,1.0,0.7,0.5,1.0,131,138.1627915450827,6858.2025267181325
4,84,1.569182833142535,1.6567680513569438,1.6413931609778343,1.9510902075590353,1.571392055238135,0.09841650896270995,1.0,1.0,0.7,0.5,1.0,133,140.9244303687934,6855.494656229802
5,0,0.46548864924325534,0.7650486538829759,0.7562834037952797,0.41419702504863926,0.0,0.0,0.0,0.0,0.7,0.5,1.0,1,28326.539019429303,137904.0790726624
5,1,2.029576054012966,2.3592176524811777,2.3487119810231363,2.014290449381945,1.5954116367012432,0.12180610413261266,1.0,1.0,0.7,0.5,1.0,3,13289.236764207018,165493.05126384654
5,2,1.8595451734427995,2.3260053713445585,2.318157492069415,2.0007186957899075,1.7023898583008716,0.1313171145495608,1.0,1.0,0.7,0.5,1.0,5,7465.065715287252,50929.986465288704
5,3,1.8396325907069584,2.34379439015623,2.338567847296111,2.0423205475140223,1.6145711431289143,0.13571529540897012,1.0,1.0,0.7,0.5,1.0,7,5008.538490485058,50247.56281826504
5,4,1.4512252570982405,1.9657499276517445,1.9538588466307782,1.650825608762601,1.6835332319662584,0.11503006605039541,0.519045146140032,1.0,0.7,0.5,1.0,8,6881.890054591624,48104.634327987405
5,5,1.6029213129315183,2.0453442319207107,2.0274475447771607,1.746196093895257,1.9295457791421777,0.1151703050569038,1.0,1.0,0.7,0.5,1.0,10,1176.062261951989,17990.998474767148
5,6,1.6000935849166669,2.031426800703929,2.0130093246708882,1.7335881767665942,1.640251113649517,0.11523115924744809,1.0,1.0,0.7,0.5,1.0,11,944.1814358026644,17621.687549778104
5,7,1.4703185995952106,1.8509293710691739,1.8344235816924506,1.5868542778324473,1.7340867820714165,0.11016000897914176,0.7658415830314358,1.0,0.7,0.5,1.0,12,489.7131221579068,6847.084883347373
5,8,1.4700125812182563,1.8492511020324234,1.834755330653145,1.6011868092944272,1.4665096496812682,0.11016000897914176,0.7658415830314358,1.0,0.7,0.5,1.0,14,490.95324077990153,6755.985071441131
5,9,1.3410218863839454,1.709545099588615,1.692539264492802,1.4595786902047534,1.3777318711090587,0.11000940305039564,0.5100898534196137,1.0,0.7,0.5,1.0,15,373.5376079180916,124767.09160214794
5,10,1.4591422463590464,1.8260676013308081,1.8089963894008663,1.5634593258579441,1.4578749280471304,0.10874506209756951,0.7484142631689256,1.0,0.7,0.5,1.0,16,523.3958068554567,46014.973765561794
5,11,1.33765177150799,1.7007271468207434,1.6814302947289625,1.445690806262074,1.3414092008131258,0.10998500334754088,0.5041979145305231,1.0,0.7,0.5,1.0,17,363.2326661027617,123869.7025123148
5,12,1.3340143368663604,1.697443042548057,1.680228643564985,1.443075260428912,1.330023007127194,0.10865323862108982,0.4989661326949822,1.0,0.7,0.5,1.0,18,501.9776955431721,46013.69797854238
5,13,1.3462618023070205,1.686889809788498,1.6687498533383025,1.4432026959899988,1.4551881657625017,0.1082091408926689,0.5281019767418235,1.0,0.7,0.5,1.0,19,222.79446635285063,2165975.457099075
5,14,1.345231970765786,1.6698872496504902,1.6531856019839761,1.4296918178156188,1.376580925011065,0.1082091408926689,0.5281019767418234,1.0,0.7,0.5,1.0,21,249.23285444194832,2170305.2873034766
5,15,1.3404815863632882,1.6634598244006515,1.6466917704333794,1.4234719232211388,1.3432641819172026,0.10818497071364705,0.5188416557798617,1.0,0.7,0.5,1.0,22,195.12396933414612,2160618.4431214
5,16,1.345436510954647,1.6675193482344546,1.6507160934268101,1.4339066307498076,1.3439683658268344,0.10814553582978186,0.5289025472205734,1.0,0.7,0.5,1.0,23,252.84592376588176,2172724.906351974
5,17,1.3142442900184168,1.6257368900735512,1.612657052014648,1.4123490998917583,1.3708117949518397,0.10706663518849131,0.4694551437265484,1.0,0.7,0.5,1.0,24,302.5272224167363,52830.465658626206
5,18,1.3287231049911155,1.6381397313770032,1.622908518266081,1.4206344273057854,1.3276398945664882,0.1087951261436515,0.4960675586228616,1.0,0.7,0.5,1.0,25,206.4627837407372,1864224.3457421723
5,19,1.254993589319517,1.562076817099602,1.5488244842074916,1.3581733375357858,1.2674442720209864,0.10707594637087384,0.3513709128304804,1.0,0.7,0.5,1.0,26,290.848811666722,53096.33947382598
5,20,1.3203672363429582,1.6028943063644179,1.5886875934630291,1.4015246830938275,1.4291270662771371,0.10740924072541772,0.4837025049833617,1.0,0.7,0.5,1.0,27,158.7367367767251,1449603.178037968
5,21,1.345865424048796,1.6250182643095787,1.6106808730202873,1.4264376541672223,1.359071783672529,0.1072875834836132,0.5351275709498687,1.0,0.7,0.5,1.0,28,162.67680145495214,3790849.888948887
5,22,1.3187757879448738,1.588925678648287,1.5763125066467043,1.3975654645461573,1.361522334679552,0.10669360665752721,0.4824491254359639,1.0,0.7,0.5,1.0,29,141.80105444366274,1026362.6368359022
5,23,1.3197091441853455,1.585851519574463,1.5730842285757511,1.3975166937707773,1.3260202620641532,0.1065768508828219,0.48472615149502535,1.0,0.7,0.5,1.0,31,132.53335879777694,1485352.3937396589
5,24,1.3279648995944542,1.5606457732051124,1.5486700500093233,1.3880522592123314,1.4823030702633797,0.10706037573240312,0.5023137308321297,1.0,0.7,0.5,1.0,32,92.451339541992,2046487.88615694
5,25,1.265304553325608,1.4863434845422443,1.473924889897546,1.328046365874647,1.2897010529783932,0.10707900445689926,0.37742495784742636,1.0,0.7,0.5,1.0,34,106.34090036780697,1493949.5937086442
5,26,1.2622042085499214,1.4831589987591578,1.4707372573715913,1.3248672324878676,1.2609191124688894,0.1071739813788715,0.37109419943981903,1.0,0.7,0.5,1.0,35,85.17106691871771,1532864.9339349512
5,27,1.2612714124175317,1.4597645591866377,1.4464909740262848,1.303747036704145,1.3603386422860924,0.1064732837032473,0.3709512392472679,1.0,0.7,0.5,1.0,36,80.58906417918644,1511503.6022829567
5,28,1.2613172413432308,1.4488095429585104,1.4351199054183432,1.3008007796355598,1.2845619755168693,0.10654418645649462,0.37124665367870563,1.0,0.7,0.5,1.0,38,81.17593611611005,1513203.8279238334
5,29,1.2586923235621956,1.4453499201710143,1.4316287845717783,1.2974022625694093,1.2610666356533304,0.10658551794537581,0.3659593169275887,1.0,0.7,0.5,1.0,39,75.99157426468503,1084030.042061475
5,30,1.2191236789834188,1.401001601514484,1.3850278972856147,1.264708725389886,1.2336702363003391,0.10596817215632903,0.2877757144696288,1.0,0.7,0.5,1.0,40,89.0405952544758,1513206.7434425924
5,31,1.2190436695594185,1.3891127390877152,1.3726933186547665,1.2610411467117038,1.2442685528076658,0.10601537401128239,0.28782690648467213,1.0,0.7,0.5,1.0,42,89.53698477451526,1515617.0489573567
5,32,1.2190287276662457,1.3890256904258118,1.3746755789315492,1.2699297550288486,1.2211383844038082,0.10601537401128239,0.28782690648467213,1.0,0.7,0.5,1.0,44,88.11502775653688,1515464.359249951
5,33,1.255074150641456,1.4190268461467,1.4065209574606783,1.2885668874881255,1.2623805195873041,0.10610480516578955,0.35994688809715325,1.0,0.7,0.5,1.0,48,86.05892301933072,1517953.382987519
5,34,1.2568416778971307,1.42330749510957,1.4150404790074538,1.318507751146495,1.2560783959831534,0.10691964786787105,0.3623440219881075,1.0,0.7,0.5,1.0,58,61.82322565876313,1511547.3831744862
5,35,1.210658876541957,1.3594444861014332,1.3484393462536737,1.319737824744117,1.235465479537495,0.10267148866706591,0.27624565665170653,1.0,0.7,0.5,1.0,61,304.4231654791247,15917364.633818263
5,36,1.2105544355323232,1.34653220040813,1.3371179155874855,1.3178584389252201,1.2391326378029126,0.10267148866706591,0.27624565665170653,1.0,0.7,0.5,1.0,63,313.32409839601024,15920539.902658278
5,37,1.2107034074179357,1.3458872139651727,1.3364430977631834,1.320624276914463,1.211899407137979,0.10259541991960516,0.27666178525121377,1.0,0.7,0.5,1.0,65,321.07531130524586,15934164.479322152
5,38,1.1873919496179037,1.3198135298406717,1.3102656199927405,1.3026222777740313,1.1990427610373868,0.10273920952815022,0.2298775018181191,1.0,0.7,0.5,1.0,66,304.6724274107096,15919436.161646042
5,39,1.1872614667079615,1.3183113588471105,1.3087119224131563,1.3012548916934716,1.1927844792175584,0.10267287723459362,0.22972881751930263,1.0,0.7,0.5,1.0,67,333.6484002947828,15913598.8684967
5,40,1.187288025170153,1.3175602881217183,1.3079316254670503,1.3044792790384485,1.190197675428465,0.10268443808480096,0.22977663767386725,1.0,0.7,0.5,1.0,68,299.20577354130296,15912617.279420368
5,41,1.187734931592549,1.3148062087757864,1.3050572914162613,1.3059410760556167,1.2013529578174182,0.10260795774345696,0.23082144613926747,1.0,0.7,0.5,1.0,69,352.93961218301183,15916934.417047588
5,42,1.1871803077150636,1.313924512693951,1.304163348898595,1.3089920805716173,1.1881272923800568,0.10267643957880894,0.22962073554627255,1.0,0.7,0.5,1.0,70,335.53529685135163,15914520.537837924
5,43,1.1873019391095467,1.3128170041990173,1.3050818946580816,1.318136112452179,1.1981147268270937,0.10273573954128501,0.22981498807826642,1.0,0.7,0.5,1.0,71,303.62649326483074,15919634.79723397
5,44,1.1871600710540686,1.3088945114117774,1.301017465427091,1.310638958479991,1.2033512235367363,0.10266919193264723,0.2296729801922325,1.0,0.7,0.5,1.0,72,332.40719037531545,15913879.54084825
5,45,1.1871585145934334,1.3086455174030667,1.3007591707392876,1.314355643645811,1.1872495101454803,0.10266919193264723,0.2296729801922325,1.0,0.7,0.5,1.0,74,333.564434910527,15914207.64441358
5,46,1.1871590229247078,1.307378074796015,1.2994441197964357,1.3132141854728436,1.1923022447875993,0.10268278530916689,0.22967081739444506,1.0,0.7,0.5,1.0,75,298.60215557983537,15912717.932261596
5,47,1.1872755179489678,1.3069238458678174,1.2989684641129702,1.3162134360824274,1.188092451258469,0.10260656542591899,0.23001759122736787,1.0,0.7,0.5,1.0,77,306.2216183369953,15926335.763969664
5,48,1.1861248168291627,1.3040735196126736,1.2960543638440896,1.306191247626196,1.1931803481247258,0.10252102781703465,0.2278567437761342,1.0,0.7,0.5,1.0,78,316.0157470806243,15919790.246328672
5,49,1.208815016112851,1.3267081165208727,1.3186868873111202,1.329252800686897,1.2086289857273123,0.10249105699122552,0.27327977595023667,1.0,0.7,0.5,1.0,79,285.0764055379052,15917391.745929344
5,50,1.1700926293915546,1.287278827762348,1.279231063298346,1.3047838909299783,1.170011547507708,0.10286030163686843,0.19532660433043725,1.0,0.7,0.5,1.0,88,320.4314262968128,15920911.385409163
5,51,1.1689304111874756,1.2855612389842221,1.2774926022314472,1.3467704758806849,1.169322720350791,0.10546198176086105,0.1893664893922496,1.0,0.7,0.5,1.0,91,118.89901454832057,128184.36471046253
5,52,1.1691572878972432,1.2844215764366353,1.2763016902218483,1.3534889529195449,1.174767832479569,0.10591616612555348,0.1892006504759544,1.0,0.7,0.5,1.0,92,108.3288704571792,139689.06162806
5,53,1.1691193864693226,1.282371799236703,1.2741764150135018,1.3557034334867926,1.1775731281958295,0.1059430423481611,0.1891107258105664,1.0,0.7,0.5,1.0,93,92.96431864245604,129511.17775778216
5,54,1.169052662775059,1.2810029508135563,1.2727587010384571,1.3666771417004715,1.1743997505785624,0.10573160652465977,0.1892882762395528,1.0,0.7,0.5,1.0,94,109.1846786138701,140351.0846330849
5,55,1.1690494679464842,1.28043695223153,1.2721715762851522,1.370231294212683,1.169892189746645,0.10573160652465977,0.1892882762395528,1.0,0.7,0.5,1.0,96,110.06300588029504,140419.4793559943
5,56,1.1691651702010026,1.27916177264686,1.2708442185549345,1.3853770249111794,1.1718471536857953,0.1057583139012132,0.18949799286140243,1.0,0.7,0.5,1.0,98,111.78590769812128,140670.04858902103
5,57,1.1691619601317231,1.2785816372649248,1.2702424442521716,1.3848488750920471,1.1700464510513264,0.10575831390121315,0.1894979928614024,1.0,0.7,0.5,1.0,100,112.58614511900105,140735.90078714406
5,58,1.1910887198278646,1.2969213971836975,1.2946646153730454,1.395683745444987,1.2242015920780212,0.10610683119337594,0.23294496686379995,1.0,0.7,0.5,1.0,101,114.507317066157,137665.9410009898
5,59,1.1728524003282579,1.2771989844631908,1.2790310997341767,1.4312305852434506,1.1770579928400364,0.10620873840787448,0.19637116161825588,1.0,0.7,0.5,1.0,105,114.89953248524314,137525.38186205536
5,60,1.1725533401613812,1.2747392498030736,1.276490368765715,1.4206172777049357,1.1769979893722953,0.10628826498703332,0.195682823561224,1.0,0.7,0.5,1.0,107,107.035400117129,136581.38637743416
5,61,1.1884972400991813,1.2912654139184925,1.295110744514691,1.440071704984124,1.1898296660160492,0.10585262766287411,0.228187689756494,1.0,0.7,0.5,1.0,109,118.5047357857103,135812.63116950294
5,62,1.172557687234175,1.2725479031562705,1.272144398549048,1.4283025634599518,1.1727954193777674,0.10597183075719945,0.1961428829816655,1.0,0.7,0.5,1.0,110,104.19554742962512,135725.2350330453
5,63,1.1719510841294227,1.2742320725694294,1.2780591408050184,1.435422289959475,1.173251958014843,0.10527660384793988,0.1959064846795,1.0,0.7,0.5,1.0,111,120.040722061017,143128.40863102092
5,64,1.1722515046358586,1.2705424000869425,1.2700752009072227,1.4264642277559096,1.1778259800267583,0.10578745556859118,0.19580478865697742,1.0,0.7,0.5,1.0,112,109.1728952225662,134313.85854329556
5,65,1.1722440852623166,1.2742374631330686,1.2801261010091647,1.4553926970733058,1.1731776896272632,0.10579434387331126,0.1957829348402328,1.0,0.7,0.5,1.0,113,108.70361347797773,134233.85961045214
5,66,1.1722249041612727,1.2740641892475657,1.2799470352331657,1.4552347352380786,1.1726073176890175,0.10578447094999963,0.19575984153579934,1.0,0.7,0.5,1.0,114,108.8596791362928,134236.77826223787
5,67,1.1722321843990446,1.2751162021287787,1.2831105239779639,1.4760438291416174,1.1725594097517824,0.10578616574824593,0.19577467607722204,1.0,0.7,0.5,1.0,116,111.24251742449025,134240.59084245528
5,68,1.196420225876648,1.2982658961204172,1.3082936640182563,1.5620812233816062,1.1972337919999798,0.10689920418606973,0.24261437566210362,1.0,0.7,0.5,1.0,128,124.3369952760963,132260.44301837884
5,69,1.2034080194787384,1.2906636484921437,1.2939276778912758,1.5167485867236097,1.2497045833877336,0.10697971043033101,0.25656909689847096,1.0,0.7,0.5,1.0,129,103.09069444410252,129839.2243991012
5,70,1.2040138600912602,1.2913482758660835,1.2987600126480041,1.5492609764460055,1.2094300290925937,0.10688972847285041,0.2579275761389942,1.0,0.7,0.5,1.0,131,107.69015915425597,131596.32285107631
5,71,1.204008313867483,1.2911268398750788,1.2985304898799965,1.5490594829797546,1.2042823456769842,0.1068786591229371,0.25793370277301003,1.0,0.7,0.5,1.0,133,108.30416374267284,131669.42817686292
5,72,1.2040080841128156,1.2911245120754633,1.2985280654832927,1.5490573634424225,1.2037848896910057,0.1068781326045288,0.25793399698491004,1.0,0.7,0.5,1.0,136,108.31236586413158,131671.36770232665
5,73,1.2039316471294468,1.289514304885948,1.2947880666772662,1.5531152730998634,1.2040216342592898,0.10691666881227782,0.25772881623909427,1.0,0.7,0.5,1.0,139,106.24395645684186,131351.99008321727
5,74,1.1792800204083642,1.266126733366006,1.2797373597246453,1.5986677533842217,1.1812226865203406,0.10727134086982752,0.20796054915077322,1.0,0.7,0.5,1.0,146,94.59992600398814,80211.08685425963
5,75,1.1783146126731843,1.2632046596722355,1.2746696228480554,1.5927821154561252,1.1794932116982921,0.10703864025925217,0.20636030405525552,1.0,0.7,0.5,1.0,148,91.99994048515704,80126.64964079716
5,76,1.1781083844518663,1.264853051137295,1.280532239765832,1.6136177235353948,1.1814193278288474,0.10710001891916329,0.2058679633908048,1.0,0.7,0.5,1.0,149,88.63043403659896,79452.56502114405
5,77,1.1793208339575383,1.2638258247363656,1.2773487598497255,1.6140080858898167,1.1811230749195347,0.10701765779547143,0.20841500201744845,1.0,0.7,0.5,1.0,151,96.56024987013907,79614.11869868344
5,78,1.196307253685265,1.2806205159541229,1.2962086649190876,1.669848559362789,1.1966277049618528,0.10734023559739274,0.2419474717432025,1.0,0.7,0.5,1.0,164,87.86177581456984,141229.82110933345
5,79,1.1963692458904371,1.2808507899528474,1.298517617595932,1.6909341109998883,1.2012732944945932,0.107422027263265,0.24196540802945554,1.0,0.7,0.5,1.0,165,89.09625645167263,140589.69256634195
5,80,1.1941900094494198,1.2647081443005113,1.2797798610282896,1.7003593080865134,1.201978432480401,0.10730017416420026,0.23786361046807136,1.0,0.7,0.5,1.0,172,93.2528334186939,135502.11919721152
5,81,1.1927840574783823,1.2709057794692673,1.2986966259853638,1.8627139116790294,1.192700467077464,0.10718320853853891,0.23521775500756342,1.0,0.7,0.5,1.0,197,89.91641952822823,135959.34604943212
5,82,1.1923804513870886,1.2663706332572413,1.2919344294893416,1.8498825138766848,1.2045688120211466,0.10767780595638872,0.23373570737840227,1.0,0.7,0.5,1.0,198,92.43884128551092,136529.80609180473
5,83,1.1941166722057748,1.2689627135899342,1.2966309691003093,1.8747625777307806,1.1950154185105109,0.10771841460986305,0.23715420492331604,1.0,0.7,0.5,1.0,200,91.01055913901978,136578.87292205566
6,0,1.0,0.8479267572801785,0.842253334768916,0.48913730169865177,0.0,0.0,0.0,0.0,0.7,0.5,1.0,1,5048.503043230915,163434.52369063583
6,1,2.1888670828864445,2.3858867409452076,2.3766454277173628,2.034043666010962,1.7929362905390862,0.11148970531050759,1.0,1.0,0.7,0.5,1.0,2,5040.776672930765,161249.52647437155
6,2,2.1111733814431854,2.361525297500878,2.351481926750373,2.0152921769810264,1.6321482317045022,0.10740078138083686,1.0,1.0,0.7,0.5,1.0,3,5124.849300299999,165493.05126384654
6,3,2.0287591859718574,2.3653148091757004,2.357375462604747,2.0193635704738297,1.653738194960504,0.11160935630187621,1.0,1.0,0.7,0.5,1.0,4,4954.877041093668,159737.4665447058
6,4,2.021168126333934,2.3617857356565004,2.3516419674809494,2.017312832327135,1.5855421993288774,0.11161702701268687,1.0,1.0,0.7,0.5,1.0,5,4943.993310767675,159603.20249344944
6,5,1.840771344753443,2.2874831121805363,2.278713127749662,1.9633069929917446,1.8059649955185422,0.11159514171031751,1.0,1.0,0.7,0.5,1.0,6,3540.652327289456,117680.2816422966
6,6,1.7801276292359167,2.2733679332307473,2.260923776356666,1.95705749329644,1.788361437870333,0.15276081813594217,1.0,1.0,0.7,0.5,1.0,7,1562.1395644016488,111143.48328419364
6,7,1.7743257625866793,2.269945534159923,2.2573767554636652,1.9621439464092203,1.6141626392358734,0.15264219557668174,1.0,1.0,0.7,0.5,1.0,9,1506.88819857521,108964.5739180017
6,8,1.6827664062330423,2.197509130126311,2.1874972354472435,1.8958296471183185,1.7770800371663649,0.10998099020185644,1.0,1.0,0.7,0.5,1.0,10,1277.8634886303134,75041.99401405052
6,9,1.6817317553126412,2.1961061401101216,2.1860421477186285,1.88208597076492,1.5812334537606065,0.1099720733734029,1.0,1.0,0.7,0.5,1.0,11,1106.945005644508,79701.7566647456
6,10,1.6208479247802208,2.110466009349658,2.097222990838618,1.8246074306582583,1.9509102846957445,0.1093630214150298,1.0,1.0,0.7,0.5,1.0,12,490.0805475102042,32392.926708421543
6,11,1.6167247266434175,2.10183126945069,2.0903388847352486,1.8077724071794568,1.6189211619366803,0.10935487563629524,1.0,1.0,0.7,0.5,1.0,13,362.6084950754572,37854.71864033256
6,12,1.6000641123574852,2.0535824577314363,2.0382598930407703,1.780915293627953,1.7872702994436744,0.10773456182225158,1.0,1.0,0.7,0.5,1.0,14,201.53869446045573,29317.159407540003
6,13,1.5795650556153225,1.9835887700236834,1.9680755232239617,1.7198798302510767,1.6964661584301315,0.09440881747828625,1.0,1.0,0.7,0.5,1.0,16,154.89796064655715,4278.531926580475
6,14,1.5748039315733013,1.9444045689535963,1.927443155717535,1.6924572233535047,1.650536043014835,0.09389058000648107,1.0,1.0,0.7,0.5,1.0,18,144.77506933434455,4506.142155643308
6,15,1.5723777726882109,1.9197640733388566,1.9018994046231628,1.6763206070381456,1.61825225582648,0.09327428279164028,1.0,1.0,0.7,0.5,1.0,20,138.66853724547423,5691.981834017198
6,16,1.5717915247106478,1.9114493501884964,1.8932747762797588,1.67803220819866,1.5834849311813053,0.09326673666080944,1.0,1.0,0.7,0.5,1.0,22,129.36939427833724,5517.638026174189
6,17,1.571947486276021,1.9083938725641387,1.8900908267355763,1.6753520606261647,1.581132197933715,0.09382158331391892,1.0,1.0,0.7,0.5,1.0,23,128.801846387554,22141.1340420214
6,18,1.5714349960721181,1.906037806863585,1.8876613884815063,1.682360028655477,1.573512261753206,0.09326149305968277,1.0,1.0,0.7,0.5,1.0,24,124.57975495446442,5436.028714171842
6,19,1.5714621863266585,1.9015314063702542,1.8850440220704123,1.6765868189562148,1.5933362861273586,0.09385491196086744,1.0,1.0,0.7,0.5,1.0,25,114.13687703490784,23495.69290181946
6,20,1.5685742855601907,1.8802545697972401,1.8671820429060957,1.668121863130551,1.6126124248715397,0.09142332914628876,1.0,1.0,0.7,0.5,1.0,27,173.4131841623749,338077.1623223231
6,21,1.5681719830548517,1.862144830564912,1.8483817329738028,1.6711649165202667,1.584639531554709,0.09199775264480714,1.0,1.0,0.7,0.5,1.0,31,153.04097676571223,255938.1142849221
6,22,1.5663381673152936,1.8329570976253315,1.8160660304371006,1.652895797595347,1.622621236742724,0.09071568920668692,1.0,1.0,0.7,0.5,1.0,33,92.45983031384732,745041.0005094374
6,23,1.566260533247584,1.8316445220830728,1.8167770292472376,1.6599322166562283,1.5692057217854896,0.09071568920668692,1.0,1.0,0.7,0.5,1.0,35,100.30413553338828,745870.9638729455
6,24,1.566142728083909,1.8262327318646108,1.8090908059310866,1.6510659523222562,1.5814005689541712,0.0907156480899731,1.0,1.0,0.7,0.5,1.0,36,82.48290035087697,748744.3472608342
6,25,1.5656352736127763,1.8082638071718495,1.7925244656896038,1.6467067741231287,1.6057153767050427,0.0906977111184055,1.0,1.0,0.7,0.5,1.0,38,83.77910041136059,747490.9910582715
6,26,1.5655718021888836,1.8050865162472365,1.7892283697559925,1.650760218088871,1.5704771944196458,0.09071125973299252,1.0,1.0,0.7,0.5,1.0,40,81.56564783556517,750471.9335462024
6,27,1.5658797180005672,1.805350880969947,1.78949097370872,1.6601915527251698,1.5642873548984186,0.0911546600314883,1.0,1.0,0.7,0.5,1.0,41,80.47183063393443,745312.8845562903
6,28,1.5653096387463772,1.802568795030259,1.786624567687608,1.6553864075090128,1.572912283724302,0.09041013129945592,1.0,1.0,0.7,0.5,1.0,42,84.24193738284055,749753.1959215236
6,29,1.5654238894905945,1.7915291586176831,1.7772316071458472,1.6600596422227063,1.6195458193933052,0.0909498949995598,1.0,1.0,0.7,0.5,1.0,43,64.20619921137215,740929.5335832501
6,30,1.5652626589473204,1.7825995310638134,1.7658969859863336,1.6539754456009372,1.5802225665031995,0.09092120705057798,1.0,1.0,0.7,0.5,1.0,45,67.01734332535727,746747.4231036762
6,31,1.5650083349692143,1.7833234505269184,1.7687297388384555,1.6671958444630066,1.5641754443663975,0.09056698540673502,1.0,1.0,0.7,0.5,1.0,47,66.2255981266547,743529.2221336296
6,32,1.565478561816453,1.781743653302635,1.767072070185779,1.6731158533848152,1.568492862164586,0.0912917065857428,1.0,1.0,0.7,0.5,1.0,49,79.9475581898962,750257.7755177907
6,33,1.5653739333101844,1.785168221357048,1.778917427994215,1.7222966657735213,1.5644890605600559,0.09118693798834694,1.0,1.0,0.7,0.5,1.0,61,46.639100254001214,748442.435955829
6,34,1.564601212213652,1.7713325280219911,1.7645864420590354,1.7135193530873187,1.621440331638683,0.0903884674955448,1.0,1.0,0.7,0.5,1.0,62,44.96704771682101,750563.3687597658
6,35,1.5646580166625828,1.7692806592108576,1.7665984125263696,1.7355262828665652,1.5845907686978071,0.09057114150951384,1.0,1.0,0.7,0.5,1.0,63,34.25226778002664,751471.2735610701
6,36,1.564688188392761,1.7660693602938644,1.7611925731992883,1.7338567129396867,1.5719281661211706,0.0906534606557201,1.0,1.0,0.7,0.5,1.0,64,42.66327449604184,751196.356482426
6,37,1.5647879197532872,1.7639897406712146,1.7590304961745324,1.7394980199873549,1.5684279357517505,0.09083983270453394,1.0,1.0,0.7,0.5,1.0,66,43.54099142919365,751362.1861973641
6,38,1.5648183999545866,1.7645791075729622,1.76171293036403,1.7465097822659583,1.5647667421481803,0.09089861943700513,1.0,1.0,0.7,0.5,1.0,69,43.97990940651598,750374.0572990234
6,39,1.5647864139982515,1.7595975676647195,1.7565442046385478,1.74963456331344,1.5856350273856479,0.0909482704232625,1.0,1.0,0.7,0.5,1.0,70,38.39649569890744,747179.5255939206
6,40,1.5616281868936988,1.745974278998579,1.7404536638309882,1.7306452315020646,1.580889583113383,0.08660030619782373,1.0,1.0,0.7,0.5,1.0,72,35.88430573279837,832484.9614972023
6,41,1.5616603878442605,1.743880534384509,1.738279649420743,1.7517340819860983,1.5630371066801128,0.08668230384682926,1.0,1.0,0.7,0.5,1.0,76,35.351032827967494,832142.586670609
6,42,1.5648070081304368,1.7491416303170308,1.7477645738594776,1.7854887157522155,1.5661957846256382,0.09118637447962155,1.0,1.0,0.7,0.5,1.0,77,37.562651058411454,747420.1838491902
6,43,1.5615909964339736,1.741214130257239,1.735515251523334,1.7571207408593617,1.569767818515602,0.08662597492368253,1.0,1.0,0.7,0.5,1.0,78,33.88242268934807,832509.0110061314
6,44,1.5616473577864298,1.7337896989138315,1.729880758770931,1.7569303322650773,1.599774060435371,0.08684352607927898,1.0,1.0,0.7,0.5,1.0,79,32.87728012768968,832211.5319658903
6,45,1.5615705329356349,1.7331162472146584,1.7291848354593047,1.7679456987877358,1.5620400840270023,0.08674262232665085,1.0,1.0,0.7,0.5,1.0,81,32.90386451970988,831993.8655652038
6,46,1.561474224518839,1.7310302178743544,1.727023822650549,1.7736968671736955,1.5694478870980606,0.08663415044336638,1.0,1.0,0.7,0.5,1.0,82,33.72189134809808,833051.6491235902
6,47,1.561560399707313,1.7302888535585592,1.7262512890015995,1.7733718863622339,1.564400031603086,0.08676919283676668,1.0,1.0,0.7,0.5,1.0,83,31.73590410690221,834587.5273580548
6,48,1.5641320883428838,1.739627604244684,1.7462053407180276,1.8563544877720866,1.5633203375725162,0.09044348327587723,1.0,1.0,0.7,0.5,1.0,97,35.059988856727706,754586.7087270695
6,49,1.6063292771405895,1.7765745309023364,1.7767382543972685,1.9158157694311273,1.607150564827828,0.15074097844611448,1.0,1.0,0.7,0.5,1.0,100,26.284964875579224,78011.60003148054
6,50,1.6061369200901645,1.7746473475658244,1.7747456934532182,1.9180042584138768,1.6130167209098694,0.1504905879901901,1.0,1.0,0.7,0.5,1.0,101,26.922481629419675,77357.44186666296
6,51,1.6060606804300663,1.7712268553908217,1.7711992514733028,1.9188616389029955,1.620089576128008,0.1504275217344852,1.0,1.0,0.7,0.5,1.0,102,26.017238687796898,78365.71972000551
6,52,1.605963714296676,1.7654450727631532,1.7652034446853273,1.9294192178303382,1.611536485528557,0.1503634148873404,1.0,1.0,0.7,0.5,1.0,106,24.763812686670008,78703.8192407356
6,53,1.6060800324999591,1.7644246718505572,1.764140265904135,1.9324567626867815,1.6104065774013574,0.15054395939706272,1.0,1.0,0.7,0.5,1.0,107,24.74680240244771,77639.30393309821
6,54,1.6062091032656767,1.7644105810024096,1.7661929132786276,1.9405094841968475,1.6120148015219655,0.15074667372553435,1.0,1.0,0.7,0.5,1.0,108,22.149124322119025,63498.084282918135
6,55,1.6055764413949607,1.7612545976803422,1.7629419928045622,1.9495651909173781,1.6160592014578095,0.1498737083079148,1.0,1.0,0.7,0.5,1.0,109,22.83497473318516,79120.38126594407
6,56,1.6057613985541226,1.7592848191926542,1.760891167810335,1.9398356668044936,1.6098726161632144,0.15016364329813509,1.0,1.0,0.7,0.5,1.0,111,22.285878544986065,79017.50658493953
6,57,1.606131370978662,1.7505328922713912,1.7414352938810311,1.9326333447122326,1.6110376337915993,0.1507213724996083,1.0,1.0,0.7,0.5,1.0,113,22.418851680437864,62262.91973365308
6,58,1.6061879721536703,1.7486949157485634,1.7395260636277454,1.9349214121986897,1.6138927850833584,0.1508236948558868,1.0,1.0,0.7,0.5,1.0,114,21.813238227767577,61509.19180410264
6,59,1.6061349051928402,1.7406019174369465,1.7311308523330757,1.93155786792323,1.6410244327645955,0.15083488572542644,1.0,1.0,0.7,0.5,1.0,115,17.212035683027743,59925.4979392801
6,60,1.6034031538864957,1.7522726221515201,1.7661370626557948,2.034043338675724,1.6030214815817216,0.14693894262990487,1.0,1.0,0.7,0.5,1.0,132,27.000446236425564,22277.52953153512
6,61,1.6040597882627663,1.7521716028799148,1.7660076784929681,2.0297534457578172,1.6049408322999528,0.14788032172978496,1.0,1.0,0.7,0.5,1.0,133,29.24197344774733,20572.75929360305
6,62,1.6033407954554493,1.742749239297125,1.7562583992013814,2.0253786478925164,1.6412417559231076,0.14693894262990487,1.0,1.0,0.7,0.5,1.0,134,24.64870484384346,22344.897072438984
6,63,1.6039095481054584,1.742580732717063,1.7581344489386557,2.0408269342041128,1.6079948984704662,0.14777071771410472,1.0,1.0,0.7,0.5,1.0,136,25.222066310519807,22706.18397306812
6,64,1.6031557636616844,1.7339523983900138,1.7471382517704588,2.025811093731008,1.6171610960069487,0.1467523454818473,1.0,1.0,0.7,0.5,1.0,138,23.288232641073268,22209.98838219294
6,65,1.6032101247152317,1.7325808475397693,1.7457131811327928,2.0245967459252268,1.6060039153068804,0.14684250484508257,1.0,1.0,0.7,0.5,1.0,140,23.56150524264761,22020.247473195595
6,66,1.6038683970968903,1.73232288346328,1.7454208398211306,2.024406650056532,1.6073237772600681,0.1477903331775963,1.0,1.0,0.7,0.5,1.0,141,23.179767654502754,22021.559898983167
6,67,1.6031952875953452,1.7300041423368882,1.7430403267754744,2.0222513324090716,1.6100413745939912,0.14684250484508257,1.0,1.0,0.7,0.5,1.0,142,22.3876719846842,22065.157856041653
6,68,1.603523383328794,1.730125071922072,1.7452257835173897,2.0728213974507192,1.604016956842956,0.1473245002766927,1.0,1.0,0.7,0.5,1.0,150,23.265448849482883,24247.28124248465
6,69,1.6029559854454374,1.728175139246632,1.7494408992837855,2.0995077054914484,1.6103679938716637,0.14655599461765131,1.0,1.0,0.7,0.5,1.0,153,20.55725147912701,23105.978240725137
6,70,1.6034525062624099,1.7289233241486122,1.7522708300562777,2.104301148617151,1.6077624433950974,0.1472734644569645,1.0,1.0,0.7,0.5,1.0,154,21.451826826355795,21353.14140180309
6,71,1.603047692905778,1.7283447305541662,1.7516857082834456,2.1123779209066136,1.6034497699415688,0.14669648064012236,1.0,1.0,0.7,0.5,1.0,155,20.620764769167923,23139.60151968044
6,72,1.6035486272202353,1.7251873010274912,1.7442464357993863,2.093769537691389,1.6076148599434812,0.14741972352408264,1.0,1.0,0.7,0.5,1.0,156,20.630483603554453,22423.10494260449
6,73,1.6034472324688163,1.7250882954601119,1.7462198657318218,2.106363399534586,1.6089403124763064,0.14728482592021158,1.0,1.0,0.7,0.5,1.0,157,21.25739740057389,22465.61171893748
6,74,1.6034447983724345,1.7246164341932382,1.7457304000521088,2.105933824749865,1.6051574957468253,0.14728482592021158,1.0,1.0,0.7,0.5,1.0,158,21.080660620231946,22473.089108581084
6,75,1.6050851730399,1.717779583512227,1.73857571140823,2.1138187983386674,1.6421233427730284,0.14968850640637027,1.0,1.0,0.7,0.5,1.0,159,22.12318158100848,22851.79046980078
6,76,1.6073584892813442,1.721324155066995,1.7442402799037782,2.1658198421269974,1.6070871366949244,0.1529364432261508,1.0,1.0,0.7,0.5,1.0,166,16.379427491605952,24356.256868800898
6,77,1.6072486711039016,1.7198000180141617,1.7405907931110447,2.1516241929843924,1.6071376009147182,0.15278015195386124,1.0,1.0,0.7,0.5,1.0,168,16.41053109757007,24295.660081679664
6,78,1.6071407182055766,1.717901931567257,1.7386256243519957,2.1586715047336753,1.6147247839659729,0.15263799075691337,1.0,1.0,0.7,0.5,1.0,169,15.813531069542806,24297.05870756429
6,79,1.607388153298046,1.7199048902682779,1.7448390422538038,2.188791379597448,1.6110535593833082,0.1529974418653649,1.0,1.0,0.7,0.5,1.0,170,15.6296761577603,24412.339962168386
6,80,1.607226436810516,1.7175963356714554,1.7403777025079261,2.1659740915105785,1.6078421262405964,0.15277181584519556,1.0,1.0,0.7,0.5,1.0,174,15.752831029193588,24080.179392113776
6,81,1.607205926171369,1.7177561597370148,1.7446889960221985,2.2060755221631876,1.617819095270642,0.15275854306279896,1.0,1.0,0.7,0.5,1.0,175,15.510996349902348,24419.87263620341
6,82,1.6071778257689253,1.7170436338240969,1.74395081504667,2.20542855949392,1.609915484166025,0.15272276010924052,1.0,1.0,0.7,0.5,1.0,176,15.316524935784727,24518.27922118006
7,0,0.6447111493916383,0.8020589580708589,0.794674379342373,0.4477463338705106,0.0,0.0,0.0,0.0,0.7,0.5,1.0,1,26321.969745975173,154548.78968468192
7,1,0.6124915468618645,0.7953673504165556,0.7877331226588603,0.4433319410273426,0.02234809222366698,0.0,0.0,0.0,0.7,0.5,1.0,2,25609.822589643347,151040.83813272958
7,2,0.4870202463511615,0.7693083268870471,0.76070195023504,0.41798911841195374,0.09992051012575576,0.0,0.0,0.0,0.7,0.5,1.0,3,22939.33050238998,117963.01767675256
7,3,2.0603047797271223,2.3890909237624083,2.379258050319997,2.0521827637667767,1.6189610466860276,0.13872001472493076,1.0,1.0,0.7,0.5,1.0,4,7146.441871255077,156090.67223049575
7,4,1.8758021716121491,2.349515799326658,2.342434470971924,2.0223172807148866,1.8128385806770513,0.13554808300131146,1.0,1.0,0.7,0.5,1.0,5,5955.824411174122,49022.28504721524
7,5,1.8204728309354299,2.2913308193191364,2.2842522769537728,1.9796314122106577,1.6373746344943285,0.1316860433705625,1.0,1.0,0.7,0.5,1.0,7,15751.637810856077,67324.7928599279
7,6,1.7528832873826246,2.2464719182470616,2.239085339066923,1.9402350087846212,1.61913600312023,0.07939799665454517,1.0,1.0,0.7,0.5,1.0,8,8864.843052069875,50909.25800897463
7,7,1.7761440609004788,2.296713252608079,2.2891455687124043,2.001259802232866,1.687322443805483,0.15810432366674884,1.0,1.0,0.7,0.5,1.0,9,3350.974284859142,102015.7379190014
7,8,1.7205799359332006,2.256871804090927,2.2474423703201674,1.9635860665869815,1.8407296045581818,0.1724819974321434,1.0,1.0,0.7,0.5,1.0,10,3663.8415232156,43724.45397634948
7,9,1.7221386518111328,2.283198401457267,2.273608417906611,2.0010788810737976,1.8011224942168231,0.21623928100469744,1.0,1.0,0.7,0.5,1.0,11,1318.8931972879034,145848.55188434967
7,10,1.7059318098930008,2.238937472555344,2.2298198104288836,1.9740713513935515,1.7011801338713566,0.21428995084981978,1.0,1.0,0.7,0.5,1.0,13,1028.9018446988823,153248.74511128862
7,11,1.6324569088181105,2.1229876643841075,2.113880882815975,1.8644339283193938,1.7021348090803716,0.12759552178375938,1.0,1.0,0.7,0.5,1.0,14,2394.5184364411457,62751.59478300454
7,12,1.6319542988018498,2.121770938900843,2.1126173369708185,1.8633369855068622,1.5948400259837283,0.12765085859390013,1.0,1.0,0.7,0.5,1.0,15,2284.451620632122,61423.21675652875
7,13,1.6210609575133101,2.097468364461475,2.0874959526456656,1.846715331258283,1.6355568621205436,0.12428731042895388,1.0,1.0,0.7,0.5,1.0,17,769.8700964875998,107936.96739355716
7,14,1.6040948905969117,2.0288094151124123,2.0183356439912075,1.8020204148220689,1.7408561455914073,0.12476697238074216,1.0,1.0,0.7,0.5,1.0,19,314.43496735206867,69342.92143434726
7,15,1.6037414981364146,2.0193412777471726,2.006398556580014,1.7978697401980526,1.608863247138745,0.1264191125970284,1.0,1.0,0.7,0.5,1.0,21,344.91727039237105,56843.57785904915
7,16,1.6033487800383996,1.9964451163541714,1.9866609236924113,1.793857486389467,1.6564334681399753,0.13149022843153893,1.0,1.0,0.7,0.5,1.0,23,288.10779082031337,71656.03060129365
7,17,1.64490413751297,2.0327415738174257,2.022734239045428,1.834043826006024,1.6484802290136469,0.19188584475092824,1.0,1.0,0.7,0.5,1.0,25,220.83344491090605,52574.4209056523
7,18,1.6437296219584865,1.9781585105692534,1.9680524348852662,1.8028593435650828,1.8953264740126996,0.1970565285998928,1.0,1.0,0.7,0.5,1.0,26,212.5245622129044,46946.698569900815
7,19,1.6433011408983904,1.9726172733587934,1.962308658798753,1.8080530063887224,1.6497489521418223,0.1968973716933797,1.0,1.0,0.7,0.5,1.0,28,196.7797045363992,47169.19569971391
7,20,1.6433761931961577,1.9548385351326625,1.9438276736805826,1.799054487237903,1.7211607939901432,0.19839068919460262,1.0,1.0,0.7,0.5,1.0,29,112.47730139195303,216357.3774985784
7,21,1.642371677860127,1.9532885673339602,1.9443259784714257,1.799751692160936,1.6478321105337193,0.197104860524899,1.0,1.0,0.7,0.5,1.0,30,125.96634468581478,48697.98930599271
7,22,1.643685834913174,1.9479702911177292,1.9387492916228322,1.8050123065447048,1.668748593471098,0.199404356073634,1.0,1.0,0.7,0.5,1.0,31,61.381303880633006,60385.52378823913
7,23,1.6420037841007469,1.931746871021031,1.9219606170510575,1.7870078281728459,1.7055965592512652,0.19787163855002282,1.0,1.0,0.7,0.5,1.0,32,138.404637673702,47567.882095965615
7,24,1.641661104435456,1.9255154010005309,1.9155012546677654,1.7880242774743982,1.651951318221848,0.1976976670670348,1.0,1.0,0.7,0.5,1.0,34,125.45223698018675,47833.436887330245
7,25,1.6411383740500982,1.8931152963683866,1.8818759313552278,1.7660762843116473,1.7820752091710736,0.19832757743923551,1.0,1.0,0.7,0.5,1.0,35,36.47302259631143,2108383.3581202915
7,26,1.6406676698029914,1.888545608868846,1.8771495970446948,1.7619066842019413,1.6565722040464896,0.1977991728171144,1.0,1.0,0.7,0.5,1.0,36,31.80464854771541,2118194.391666073
7,27,1.6409967568963693,1.8897027084208542,1.8804097320095678,1.7723675679990605,1.640805869683828,0.1982848879865306,1.0,1.0,0.7,0.5,1.0,37,30.34853103760204,2111364.69521036
7,28,1.6402194066479812,1.874179161915567,1.8622521725392387,1.7590875783569584,1.6984405880019149,0.19760969601521766,1.0,1.0,0.7,0.5,1.0,38,28.24305866458962,2124478.6099213767
7,29,1.6396362670927123,1.866123067701543,1.853911561779379,1.772976429758061,1.6462480112026086,0.19699384857747124,1.0,1.0,0.7,0.5,1.0,42,23.095271292283705,2130169.0178386443
7,30,1.6402324090276466,1.8597408739608112,1.847264156785835,1.7664532084034508,1.6542207042156565,0.19803380358891326,1.0,1.0,0.7,0.5,1.0,44,18.49863496877747,2114815.907400246
7,31,1.6386965082186096,1.8462924620426586,1.8354355456881413,1.7825129371586501,1.6520403776669066,0.19616057454458552,1.0,1.0,0.7,0.5,1.0,48,21.312327917291288,2119921.6973103457
7,32,1.6386308754221335,1.8471981814650271,1.838449849214852,1.800711458200731,1.6388940492168897,0.19607515217773253,1.0,1.0,0.7,0.5,1.0,49,23.50642113527213,2120439.632148323
7,33,1.6385599074914348,1.8427596945672204,1.8317740870497792,1.7863675136976476,1.6506970044209424,0.1960409854726076,1.0,1.0,0.7,0.5,1.0,50,21.011837861921027,2122720.8262972543
7,34,1.6391934154067456,1.8317189013596655,1.8202914491868847,1.780035964944739,1.6900371617758383,0.1971869269246378,1.0,1.0,0.7,0.5,1.0,51,16.030053082494977,2135280.431656701
7,35,1.6390630112981,1.8259247777426826,1.8163552684657518,1.792351141836073,1.6688799109633263,0.197130709244456,1.0,1.0,0.7,0.5,1.0,52,18.79546965202374,2135892.2226764136
7,36,1.6394078484153685,1.8185946737701562,1.8087353500284111,1.7750305800693384,1.6724486235016065,0.19775631753639006,1.0,1.0,0.7,0.5,1.0,53,14.288397721986607,2142619.589146548
7,37,1.6387357670174738,1.812967719537375,1.8029214482769884,1.7850867659738043,1.648788207113097,0.1968766568728218,1.0,1.0,0.7,0.5,1.0,55,11.907644451960769,2143170.8770004287
7,38,1.6392600112460884,1.8130704538732219,1.8030082775082394,1.7951312132923893,1.6402091430310413,0.19763223425739868,1.0,1.0,0.7,0.5,1.0,56,12.084591689026338,2147712.634259044
7,39,1.6386337801152973,1.8093610446722255,1.7991826158665587,1.8073270697880428,1.6445754947705336,0.19678544689531752,1.0,1.0,0.7,0.5,1.0,58,10.258261895746555,2148265.9194370406
7,40,1.6386600275666066,1.808695211398299,1.7984906692739102,1.796803265104237,1.6393358227033241,0.1968336119457741,1.0,1.0,0.7,0.5,1.0,60,11.515456118166332,2107766.377604964
7,41,1.6387021399706383,1.8024420509772292,1.789928151954674,1.8082143333131233,1.648856452846231,0.19696711566895983,1.0,1.0,0.7,0.5,1.0,62,9.502441346336033,2105662.008100436
7,42,1.6385925759180682,1.800087164439749,1.7874886467606683,1.809663174191581,1.6427504672838287,0.19684253551226696,1.0,1.0,0.7,0.5,1.0,64,9.181819283273333,2110680.776918846
7,43,1.6386714016510888,1.8022556406324175,1.7938800487156996,1.817951558804245,1.6403701738689611,0.19696306641332315,1.0,1.0,0.7,0.5,1.0,65,10.600233649814273,2106355.586456133
7,44,1.638609521100147,1.7975604877500195,1.7869382746732845,1.8185804874681328,1.6526428612513933,0.1969207173373972,1.0,1.0,0.7,0.5,1.0,66,8.112172861784165,2112154.772958421
7,45,1.6385709847640921,1.7939317281557952,1.7831743474237693,1.8172568274015477,1.6456851220484219,0.19691282286284847,1.0,1.0,0.7,0.5,1.0,68,9.608981440527604,2105749.7418721383
7,46,1.6385488711544918,1.7930132432344488,1.784294240019848,1.8314774344772793,1.642754434362576,0.19690993240189567,1.0,1.0,0.7,0.5,1.0,70,10.156323845714862,2105677.0592778246
7,47,1.6386783199477142,1.78658520396311,1.7776194415788917,1.829350838488494,1.6525236105305852,0.19717581780602508,1.0,1.0,0.7,0.5,1.0,72,7.302228973871879,2101989.9188710265
7,48,1.6385795127664222,1.787989258891841,1.7852965296743917,1.8786052158731048,1.6416918393508355,0.19706462043500408,1.0,1.0,0.7,0.5,1.0,75,11.31610195616487,2449976.1847619507
7,49,1.6389631925755903,1.7830433840857913,1.7822224787431675,1.8885573493516572,1.6674459614688346,0.1976867149801827,1.0,1.0,0.7,0.5,1.0,76,4.267292871268194,2216699.187322556
7,50,1.6384377448322271,1.772972179581242,1.7697203376536284,1.8884207532786736,1.6560415748514008,0.19702169746692436,1.0,1.0,0.7,0.5,1.0,78,5.778145254290944,2218899.604263908
7,51,1.6384377448322271,1.7742994995222596,1.773169742047557,1.9090710059601834,1.6379152720984607,0.19702169746692436,1.0,1.0,0.7,0.5,1.0,80,5.778145254290944,2218899.6042639087
7,52,1.638432451665849,1.7749185058690649,1.7758844157504394,1.9212908970389089,1.639482693771812,0.19702121258942867,1.0,1.0,0.7,0.5,1.0,82,6.002829278110148,2251718.506714892
7,53,1.6379205464631887,1.776012657160215,1.7811833968993032,1.9583670759010734,1.6380688095785598,0.1963002349856912,1.0,1.0,0.7,0.5,1.0,89,5.739030891623365,116997450.07245895
7,54,1.6379062304018028,1.7720168239213958,1.7770380311330096,1.9640668726444004,1.6432678935648763,0.19631802908245038,1.0,1.0,0.7,0.5,1.0,92,5.688043549424367,59206547.45429
7,55,1.638112280753284,1.771722289783846,1.7787969419413185,1.9697522218283614,1.6456983683732886,0.19662945157627984,1.0,1.0,0.7,0.5,1.0,93,3.8374779586309766,123657906.45050377
7,56,1.6381085650450187,1.7707800111187477,1.7778194231144933,1.9819084369545035,1.6397124319004424,0.19663278731003503,1.0,1.0,0.7,0.5,1.0,95,3.866694369830255,117001773.01357225
7,57,1.638107189799788,1.771890985362592,1.7810444167879256,2.0030843420080817,1.6381161374533666,0.19663278731003503,1.0,1.0,0.7,0.5,1.0,97,3.8550254277945455,117001143.26838592
7,58,1.638159736740198,1.7700717820712555,1.779154939748981,2.022375385009991,1.6459733605001996,0.19672483610531807,1.0,1.0,0.7,0.5,1.0,98,3.8001267470438207,53474524.09426421
7,59,1.6381421706675474,1.7692855680897224,1.778339868585886,2.0166875862440787,1.6410667298555208,0.1967065773165571,1.0,1.0,0.7,0.5,1.0,99,3.5419732908740507,124916716.91333774
7,60,1.6379424204089714,1.7689449015711052,1.7800661755036213,2.0333966358844267,1.643975544535056,0.1964341907224732,1.0,1.0,0.7,0.5,1.0,100,5.107259435722558,53886337.5405392
7,61,1.6382810155900016,1.7656534534638522,1.774566211309867,2.0267685085876526,1.648002984153658,0.1969378553445528,1.0,1.0,0.7,0.5,1.0,101,3.1561196997533285,53862821.846782334
7,62,1.638108649989972,1.7642414698828586,1.7751800284874921,2.046055975526637,1.6433562028810218,0.1967133261501663,1.0,1.0,0.7,0.5,1.0,103,4.226052214248223,53862389.44718549
7,63,1.638192607034108,1.7584193915184592,1.760847136731463,1.9830499946772244,1.6382244139392352,0.19683822336480103,1.0,1.0,0.7,0.5,1.0,109,6.563132873412287,2210083.710476612
7,64,1.6380795899823881,1.7539595092811457,1.756224158450069,1.9829627613360457,1.6472721918338316,0.1967120376052712,1.0,1.0,0.7,0.5,1.0,111,6.699135101623324,2212493.1312709143
7,65,1.6389349455677766,1.753596227886955,1.7558152145055785,2.0064347682036754,1.6403495122133216,0.19794358540499224,1.0,1.0,0.7,0.5,1.0,114,4.430064263676255,77666785.06443259
7,66,1.6388996063595083,1.7455578510668037,1.7454043337970724,2.0065102369778787,1.6532579942138699,0.19794369247863275,1.0,1.0,0.7,0.5,1.0,116,4.320306308857651,80473160.83092079
7,67,1.6388987373094102,1.746663940295751,1.7486242928529072,2.020330209592458,1.6390455461389664,0.19794406293867908,1.0,1.0,0.7,0.5,1.0,118,4.231888878440195,221443843386.99292
7,68,1.638898358630418,1.7439416601625666,1.74165529256518,1.9780657692228143,1.6388579183787948,0.1979440132923299,1.0,1.0,0.7,0.5,1.0,119,4.1855408946652,761635759.4492731
7,69,1.6388934443751357,1.7454950986496975,1.7474117786889505,2.0273346683482494,1.643386489805759,0.1979449545297453,1.0,1.0,0.7,0.5,1.0,120,4.3054345948717,225709742430.1668
7,70,1.6388903080687887,1.746321455578527,1.7503415861661011,2.038969378702526,1.639291480246568,0.1979440607975357,1.0,1.0,0.7,0.5,1.0,123,4.232416493207412,219958495423.20792
7,71,1.6388896120811176,1.747509836816625,1.753646889663222,2.0611656247771677,1.6388651027677845,0.19794405922720687,1.0,1.0,0.7,0.5,1.0,125,4.266264067797995,219114192313.2397
7,72,1.6388896050129467,1.747508620739116,1.7536456220930463,2.0611645208686262,1.6385662013385627,0.19794405797033668,1.0,1.0,0.7,0.5,1.0,126,4.291214446360658,218712759227.17792
7,73,1.6389339522411197,1.7459506135121259,1.7540998622956152,2.076541493698719,1.6418451184150253,0.1980281348550868,1.0,1.0,0.7,0.5,1.0,130,4.495915656219737,218562319694.98813
7,74,1.6388403594478338,1.7458295084998388,1.7560500607178844,2.170922578135644,1.6389297033401773,0.1979037934692298,1.0,1.0,0.7,0.5,1.0,145,4.328111445284461,1.922429904730394e+16
7,75,1.637176940310156,1.7479367145841547,1.7665879620933587,2.2483331060488796,1.637442579373526,0.1955379953844536,1.0,1.0,0.7,0.5,1.0,157,9.937065768930822,2230036.9180273064
7,76,1.6371734269420861,1.749121087780709,1.7698892343915469,2.2457674968890533,1.6375055681423425,0.19553394617064784,1.0,1.0,0.7,0.5,1.0,158,10.11982161488598,2247056.9132725187
7,77,1.6371743330591957,1.7489274908422843,1.769688329479486,2.256537637024583,1.6377147321874452,0.19553652738739086,1.0,1.0,0.7,0.5,1.0,159,10.657097832972733,2229985.06431272
7,78,1.6375181665678966,1.7502276339103342,1.7730966689439325,2.2737611694365407,1.6380290844796703,0.1960301913419389,1.0,1.0,0.7,0.5,1.0,161,7.039630068917956,2233432.5152376047
7,79,1.637041101582768,1.7485331598677152,1.7713565701845435,2.278657233448716,1.6385359303395306,0.19535679483099117,1.0,1.0,0.7,0.5,1.0,164,11.259013386786483,2230316.41174931
8,0,0.6867768178960398,0.8035005065956677,0.7961696935518028,0.4487975726723143,0.0,0.0,0.0,0.0,0.7,0.5,1.0,1,4364.309820457238,126050.5425673244
8,1,2.053205981981078,2.3474538355320194,2.336935804877094,2.002447427836291,1.6521917814857905,0.10547423125172166,1.0,1.0,0.7,0.5,1.0,3,10166.871848628642,165493.05126384654
8,2,2.0000895600060256,2.3495350577620746,2.3392110492853657,2.013879615703066,1.618720791992104,0.10101733992951742,1.0,1.0,0.7,0.5,1.0,4,10158.480925113276,156090.67223049575
8,3,1.7639941462641835,2.2503777713561472,2.240432925730646,1.9371720941825643,1.9243828401058596,0.10357517240974642,1.0,1.0,0.7,0.5,1.0,5,3017.902458442791,36660.03798858867
8,4,1.6928416304837786,2.205751554450039,2.196205151913971,1.9078279138292793,1.6743673193437512,0.10393240382870048,1.0,1.0,0.7,0.5,1.0,7,2433.622146778407,23924.834742750376
8,5,1.6382798876296294,2.146177796598681,2.1364493571897087,1.8658870623843615,1.708295206134919,0.10516011952732482,1.0,1.0,0.7,0.5,1.0,9,1450.6330586580873,23685.76339873175
8,6,1.6128548904273146,2.095182017199932,2.0835143683446993,1.8226816774689176,1.6886504533260132,0.10656823301132272,1.0,1.0,0.7,0.5,1.0,11,765.9197252971892,68240.3523994772
8,7,1.61239631039466,2.0952540379169466,2.085661752725471,1.8320668335131969,1.5772151598423128,0.10656823301132272,1.0,1.0,0.7,0.5,1.0,13,764.5215413069312,68197.7561403685
8,8,1.593287376642558,2.0271186238350474,2.0149978313479693,1.7768266973647466,1.8711306151156017,0.10605494498267902,1.0,1.0,0.7,0.5,1.0,14,373.8934050782378,54988.01143426622
8,9,1.5923947713845745,2.022596994065463,2.0103093738966606,1.7784831084030692,1.583974451338504,0.10598475192315089,1.0,1.0,0.7,0.5,1.0,16,356.7780834558608,55533.42075928144
8,10,1.583877381848665,1.9782503265745537,1.9664556059480973,1.7429637021295363,1.763046303691726,0.10312213369986849,1.0,1.0,0.7,0.5,1.0,17,279.35225801602763,29667.188766084048
8,11,1.5805653322784834,1.9551871696028988,1.9405001491512892,1.7229715471985687,1.6615223183875365,0.10156413331788143,1.0,1.0,0.7,0.5,1.0,18,217.33057728913235,10371.537329039566
8,12,1.5781859655177013,1.9177151125081875,1.9036734867363951,1.70035156550971,1.6585657858113503,0.1026828413421037,1.0,1.0,0.7,0.5,1.0,20,268.8568700243113,26636.06857437993
8,13,1.5757358429332022,1.902387146157345,1.8878338954581813,1.692398091723199,1.6305738263453637,0.10037785827175942,1.0,1.0,0.7,0.5,1.0,21,82.2250152294481,20015.00949651565
8,14,1.577205513935589,1.900574379096934,1.8879613315088966,1.6928674470823295,1.5931198431655962,0.10285834304595234,1.0,1.0,0.7,0.5,1.0,22,240.574334663813,24614.15530462429
8,15,1.5767938731701074,1.8964632169754976,1.8837044305645472,1.6984277223845354,1.5803509247731542,0.1025656736052408,1.0,1.0,0.7,0.5,1.0,24,227.89582746987685,24485.695108861983
8,16,1.5752398982050928,1.8946032335497245,1.8818324256449936,1.7159686340867595,1.5716746724682915,0.10036963515284367,1.0,1.0,0.7,0.5,1.0,25,78.62636102998974,19907.709885767053
8,17,1.5767850420554141,1.8954951359687477,1.884768477121967,1.719072730132927,1.5811563818917767,0.10273132554059308,1.0,1.0,0.7,0.5,1.0,26,240.97907205832536,22772.83157725831
8,18,1.5768700879933366,1.8940378938210412,1.8811807438022692,1.7221878445025283,1.5723054096175275,0.10286757617898368,1.0,1.0,0.7,0.5,1.0,29,252.2200447386641,21221.318596569075
8,19,1.5763980005259766,1.8911349025053288,1.8802523159795967,1.745270938556775,1.5803875234027702,0.10247297622527654,1.0,1.0,0.7,0.5,1.0,31,234.087479486972,24790.079768868647
8,20,1.5272899014035892,1.8477825094258544,1.8454019445629068,1.7279707332096965,1.5264313325111438,0.09727453070718224,0.909225521444659,1.0,0.7,0.5,1.0,33,250.8792657816497,22292.92454512989
8,21,1.5276256736165585,1.8343459445670955,1.8314307119538054,1.7158302439188582,1.5508509008729514,0.09727801367455127,0.9110093305491723,1.0,0.7,0.5,1.0,35,230.31531667925748,22571.19244823317
8,22,1.5266249462640245,1.8317921737430596,1.8308870956508354,1.7227850813542247,1.535490907183862,0.0972745290367264,0.909254942123197,1.0,0.7,0.5,1.0,36,229.50350722013664,22444.13803687727
8,23,1.527384292381044,1.8295956557449822,1.8285757708562844,1.7208537772029426,1.5366672142260418,0.09727801367455126,0.9110093305491723,1.0,0.7,0.5,1.0,37,219.918571259196,22730.2000809764
8,24,1.5280653332726741,1.8279366495030795,1.8247552562167657,1.720838362102283,1.5289956137895224,0.09626420944409896,0.9138750291034328,1.0,0.7,0.5,1.0,38,192.470511543194,53397.33281145484
8,25,1.527409985407181,1.826461882217564,1.825319353426769,1.7289721705598247,1.5334815288826298,0.09722411870642744,0.9113930762698018,1.0,0.7,0.5,1.0,39,210.67291566346765,22883.65975387772
8,26,1.527108860214579,1.8227715734002636,1.8194270025105057,1.7232714518052998,1.532962423879193,0.09628633861988056,0.9122673701500308,1.0,0.7,0.5,1.0,40,197.102239617833,53019.248161219526
8,27,1.5402080797768969,1.8362246751458777,1.8370350824934294,1.7488124628688064,1.5474056994083694,0.09686952508940114,0.9378305269139708,1.0,0.7,0.5,1.0,41,180.2374119206616,24625.73310695
8,28,1.540111516850338,1.8331302572000974,1.8338246643924094,1.7533038281524636,1.543503048652297,0.09664817598537792,0.9381704755170824,1.0,0.7,0.5,1.0,43,169.6079777377705,25123.123063687235
8,29,1.5325496572946165,1.819476446469122,1.8178646640494598,1.7488168580810683,1.5400801385675251,0.09645224624070452,0.9236613072456279,1.0,0.7,0.5,1.0,45,192.7662169303873,24442.64932121981
8,30,1.5324000750841433,1.8053643445062793,1.8052857734080103,1.7460335700096508,1.564270724289394,0.09600053214145224,0.9249834310513837,1.0,0.7,0.5,1.0,47,156.07159148107596,25989.21273077944
8,31,1.530430135073424,1.792237284090477,1.791730817552533,1.7377370203299085,1.5782828442400363,0.09941965734729108,0.916883037110434,1.0,0.7,0.5,1.0,48,130.9104208454004,30527.11033046327
8,32,1.5245584678502013,1.7773819289650492,1.7765318710982414,1.7453335598297985,1.5425529146574917,0.09715488387279439,0.9087633005117718,1.0,0.7,0.5,1.0,50,129.06634135232866,26951.505116407217
8,33,1.5245670124354365,1.7766420184240972,1.775763347179924,1.749006620817479,1.5240878618373666,0.09692629111896243,0.9091361166243541,1.0,0.7,0.5,1.0,52,123.60332396107344,27526.772024254376
8,34,1.520076690705431,1.7698276508273418,1.768860270521509,1.7417255205199487,1.5283958824603217,0.09437986913627791,0.9038299522149146,1.0,0.7,0.5,1.0,53,123.43591383076368,33821.17543332917
8,35,1.5240535402548043,1.7718828626805054,1.7708420982299016,1.7520752724511595,1.5306262652403477,0.09687938132163935,0.9083730335527322,1.0,0.7,0.5,1.0,54,123.30108449267554,27261.22870119662
8,36,1.5242781320941297,1.7686131861380647,1.7674391548224857,1.7602540553597825,1.5301315919585823,0.09702928026138355,0.9087689413881174,1.0,0.7,0.5,1.0,56,117.2990846188508,27401.217168495863
8,37,1.5245636971000553,1.7636905693919462,1.7623180582694,1.75585441241096,1.5459960129888959,0.09685784920828776,0.9098029292592535,1.0,0.7,0.5,1.0,57,109.01493791597976,27837.53689301408
8,38,1.520533308866271,1.756737527893345,1.755253747291552,1.7491971732486349,1.525267384976365,0.09672825466750616,0.9020435221016246,1.0,0.7,0.5,1.0,59,105.81890075509315,27484.51020953365
8,39,1.5263352554456378,1.761339285102537,1.7598098092358083,1.7650122160651913,1.5272336853500945,0.09678585003070424,0.9136148643504823,1.0,0.7,0.5,1.0,61,105.89723144061398,27652.777009975103
9,0,0.22762657506762077,0.6936174697793497,0.6821873870132846,0.34974670049973394,0.0,0.0,0.0,0.0,0.7,0.5,1.0,1,45375.61633830325,126990.70514970676
9,1,2.350453676371124,2.9220027057591986,2.9095589824731363,2.5797769503889905,2.290186972185321,1.0,1.0,1.0,0.7,0.5,1.0,3,1.0653289496906507e+74,1.9277380994402246e+74
9,2,1.6613075354913325,2.105338227446281,2.0854652765095647,1.790437082880841,2.4491064732774968,0.19718783006480362,1.0,1.0,0.7,0.5,1.0,4,797333.7612435357,1424873.8853018023
9,3,1.621756609353956,2.064558832548612,2.044626050989537,1.7581893537649143,1.6023830971551005,0.1947479292712976,0.9250663274278429,1.0,0.7,0.5,1.0,6,797607.9519627135,1425337.8149280483
9,4,1.5619660916410452,1.9923240929868604,1.9717967769278517,1.7028785860518185,1.5783480966377081,0.1479514539477676,0.877985253214941,1.0,0.7,0.5,1.0,8,867208.940914165,882139.4717574973
9,5,1.5611214129719375,1.9889324762064222,1.9703511665469389,1.7141860487437388,1.552174585159955,0.14795145394776757,0.877985253214941,1.0,0.7,0.5,1.0,10,867963.876490814,882958.4837817444
9,6,1.6211235025633801,2.033419905265519,2.0141408746045575,1.7531385233582215,1.6871190149818158,0.1510707218314009,1.0,1.0,0.7,0.5,1.0,11,415176.9425837812,1344688.956681024
9,7,1.6205514682488416,2.030969499034627,2.013671326125852,1.7570692164980388,1.6140483043796852,0.15108206285428474,1.0,1.0,0.7,0.5,1.0,13,441940.3720491511,1425400.7503050126
9,8,1.4974305387121596,1.8813578389570225,1.8629240086725798,1.6351700097419588,1.6202036193121154,0.145126552541787,0.7699943408103482,1.0,0.7,0.5,1.0,14,420043.4100760648,1349254.27164808
9,9,1.4887608968286947,1.8433719481231057,1.8237301702473632,1.6003882526329454,1.5520231615685478,0.13322871420421528,0.775437742295836,1.0,0.7,0.5,1.0,16,428482.8261254252,1360218.1787177462
9,10,1.487435801673349,1.8347471169775285,1.8148107468476704,1.5925077988808385,1.4972840274872863,0.13116440688640407,0.7768726018475581,1.0,0.7,0.5,1.0,18,431663.0014443521,1366556.3504029724
9,11,1.49922089788053,1.8435028153356108,1.8255130266150967,1.6182608990690912,1.5135069860275352,0.13486577378676332,0.7959563157456586,1.0,0.7,0.5,1.0,19,435613.1332589325,1381593.7984194097
9,12,1.4768426080990225,1.8117800969211473,1.795486321042653,1.5950946100731542,1.4955173193550628,0.1346325170655715,0.7530304595189213,1.0,0.7,0.5,1.0,21,404451.4980485649,1288340.8433051934
9,13,0.49307937552370784,0.8121070090661542,0.7931129297088049,0.6105989458112835,0.5224218356732921,0.08903941986227189,0.10982303273215041,0.37067117789406345,0.7,0.5,1.0,23,118.71791587507748,332650.6427382886
9,14,0.493482906164473,0.8034278543683298,0.7840766341523571,0.6094962861541495,0.5097324638994134,0.089432711847011,0.11021244774116216,0.37109331345277685,0.7,0.5,1.0,25,109.43417913505644,333244.49720841664
9,15,0.49751327357798053,0.7531152584378222,0.7337298637609793,0.5728525640797562,0.621245034425894,0.09178254782561832,0.11302041007589851,0.37420686806213677,0.7,0.5,1.0,27,72.971281425944,337126.63067991554
9,16,0.5020173193514679,0.7313034736592514,0.7109123164000928,0.5604404198241939,0.5589100223014036,0.08929564018832384,0.11722199285451244,0.3789932755480343,0.7,0.5,1.0,29,74.23180432935739,342202.9734810529
9,17,0.49482325912834935,0.7179330399469422,0.6973066949344939,0.5578655933443504,0.5068577904278477,0.08913377870526476,0.11563627090737386,0.3728327629025192,0.7,0.5,1.0,31,65.83831784377037,341745.6028463839
9,18,0.7015706687528005,0.924582517775286,0.9060240761771978,0.8175711928852829,0.7003518289814921,0.0933697867999027,0.13002270953593173,0.5694500342847675,0.7,0.5,1.0,43,49709.25896321982,461341.9240337102
9,19,0.7020975819935252,0.917343593397172,0.8984899442219121,0.8212777931096578,0.7178122593874133,0.09293028727625684,0.1306350554650053,0.5701249818722981,0.7,0.5,1.0,45,49841.83759635368,463345.8826573468
9,20,0.7026157530626147,0.9126596055479392,0.8956801929888386,0.840839646846207,0.7156723641247764,0.09201898388680474,0.13127689672566617,0.5710745567156211,0.7,0.5,1.0,47,49893.18170379162,465064.2327776211
9,21,0.7021622384090371,0.911859217945761,0.8948666491294407,0.8444072617944386,0.7022218538635387,0.09275215460208655,0.13030521781108273,0.5705995204557299,0.7,0.5,1.0,48,49857.08561108057,463021.4375479735
9,22,0.7033935729592665,0.9097626463688808,0.89264386359348,0.8452246295029928,0.7167814539731401,0.09208028026758001,0.1319194612894711,0.5715492495703491,0.7,0.5,1.0,49,50109.79009128024,467389.4993428185
9,23,0.702734176961219,0.9082780000343282,0.8911279316680076,0.8482857145451539,0.7049921920317338,0.09254733495075902,0.13098290827725909,0.5710445899029725,0.7,0.5,1.0,50,50052.91153337476,465383.3219340621
9,24,0.5758778190963507,0.7789666370845024,0.7617235262708435,0.7262663089485917,0.5854269936930415,0.09205540710864536,0.10555564644203017,0.4572854006392982,0.7,0.5,1.0,51,50262.85182217209,466593.7883384355
9,25,0.5765673160654494,0.7784672545319109,0.761179088034881,0.7329310980953236,0.577854479769383,0.09211635817945343,0.10608539669647037,0.4576859786577277,0.7,0.5,1.0,53,50480.774426401535,468929.7702544133
9,26,0.6780897937646106,0.8774863726828445,0.8601033710272667,0.8274785318508002,0.6879038974494325,0.09107943442137309,0.12745381002830788,0.5492885658022925,0.7,0.5,1.0,54,51425.9154674106,655599.6572257945
9,27,0.6990390090894654,0.8947610755660982,0.8772389590645513,0.8520558657841493,0.7142069055998727,0.09408835295671993,0.12398390623774735,0.5699215003602759,0.7,0.5,1.0,55,50556.45732559272,489103.7381601938
9,28,0.6995418259765662,0.8878273554288774,0.8700239108161885,0.8527702462465496,0.7148556869310982,0.09263840414337352,0.12486342130674906,0.5711037746648946,0.7,0.5,1.0,57,49829.45376438893,551822.6146813101
9,29,0.7004299238246916,0.8834600888287658,0.8633860786744745,0.83807651463533,0.7080382562405326,0.09369958109488764,0.12519804698938994,0.5711337878183331,0.7,0.5,1.0,59,50910.89164732612,493431.8548503976
9,30,0.699875256193011,0.8825979039623295,0.8625122801788228,0.8527480407472752,0.7001333670656026,0.09395451888416638,0.12429247659871352,0.5708574273718159,0.7,0.5,1.0,60,50790.92823219234,491010.4937217881
9,31,0.7011214221491305,0.8826782158898818,0.8646204550426174,0.8621217159577522,0.7111030884667522,0.09326685956765182,0.12583499670348083,0.5718455396215723,0.7,0.5,1.0,61,51047.72153212295,495390.6266071217
9,32,1.6726081312325962,1.8395287719984548,1.8250626773114487,1.8652976929065748,1.690907354527752,0.6185739185107313,0.4774696790270493,1.0,0.7,0.5,1.0,65,1.058278157454995e+22,1.915026824644192e+22
9,33,1.6375889485442823,1.7977742359643394,1.7830543082466725,1.8359921876939689,1.6516624859423463,0.6172776201413743,0.4093833705458283,1.0,0.7,0.5,1.0,67,1.058278157483702e+22,1.9150268246539834e+22
9,34,1.6352280727560107,1.7912812148540693,1.776405643272296,1.8376995512355636,1.6435898177233574,0.612212202623025,0.411832865324433,1.0,0.7,0.5,1.0,69,1.0582781575047657e+22,1.915026824692099e+22
9,35,1.635942010669053,1.7907513318849657,1.7758289253743968,1.8411921296672786,1.6406907867653175,0.6150750025276066,0.4092761830337177,1.0,0.7,0.5,1.0,70,1.0582781574873686e+22,1.9150268246599058e+22
9,36,1.6359407513458208,1.7919419825913339,1.779136563710065,1.8609051647629133,1.635489022357951,0.6150750025276065,0.409276183033718,1.0,0.7,0.5,1.0,72,1.058278157487055e+22,1.9150268246593383e+22
9,37,1.638924153742618,1.79675281407813,1.7881604544408547,1.891335123026305,1.6394129953737084,0.6165447078387174,0.4132009034868959,1.0,0.7,0.5,1.0,75,1.0582781574992311e+22,1.9150268247342745e+22
9,38,1.609688709588117,1.7528969205000786,1.7396100551649023,1.8344826949834234,1.6618835159441474,0.6399170918701029,0.3222166367068401,1.0,0.7,0.5,1.0,76,1.058273607863026e+22,1.915018591764588e+22
9,39,1.608023342212364,1.7457209670734788,1.7322269457458408,1.8356474617971654,1.6195912613224417,0.6373127239053273,0.3226196152846089,1.0,0.7,0.5,1.0,78,1.0582736078731336e+22,1.9150185917795065e+22
9,40,1.606427336684999,1.7417007969868772,1.7281156094662395,1.8396650159147026,1.6112011564639765,0.6335702649819039,0.32470405539736125,1.0,0.7,0.5,1.0,80,1.058273607894197e+22,1.915018591817621e+22
9,41,1.6119869352261724,1.7242421135053037,1.7056478931020131,1.8247180569624986,1.6564499226757334,0.6442587175168092,0.3211367126637121,1.0,0.7,0.5,1.0,82,1.0582736078495596e+22,1.915018591753136e+22
9,42,1.6123476270825527,1.7202300194940559,1.7014716680744564,1.8287710935034849,1.621670748354643,0.6435144666973351,0.3229529932148808,1.0,0.7,0.5,1.0,84,1.0582736078511131e+22,1.9150185918232086e+22
9,43,1.607604767820776,1.7109968178713677,1.6920699987464207,1.8275757971469093,1.6170392444303483,0.6364527758985014,0.32340471145947447,1.0,0.7,0.5,1.0,86,1.0582736078573731e+22,1.9150185918698548e+22
9,44,1.607959933124301,1.71024970505543,1.691281540517781,1.8383310614549815,1.6123762988787473,0.637729987972179,0.3223390715554394,1.0,0.7,0.5,1.0,87,1.058273607934627e+22,1.9150185919017063e+22
9,45,1.6075958350091675,1.710693261485931,1.6938276693138512,1.8390687275408588,1.6095077767970443,0.6364527758985014,0.3234047114594745,1.0,0.7,0.5,1.0,88,1.0582736078550948e+22,1.915018591865732e+22
9,46,1.6056245349538898,1.7081062396130653,1.6912175725675518,1.863501775371805,1.6056388180558856,0.6336601393096755,0.32337856438112367,1.0,0.7,0.5,1.0,95,1.0582734005109996e+22,1.91501821666399e+22
9,47,1.7554107360390185,1.856607303775513,1.8417427767031986,2.0320180916536454,1.7579278475141984,0.5996292244926809,0.6706224711981111,1.0,0.7,0.5,1.0,99,1.058278405217314e+22,1.9150272729686173e+22
9,48,1.7540077839934427,1.8539192000298081,1.8390064309324319,2.048948504004274,1.7564850087222128,0.5980081601075234,0.6700996692218222,1.0,0.7,0.5,1.0,101,1.058278405218643e+22,1.9150272729631454e+22
9,49,1.4800988547451488,1.5514283073556399,1.5354444174013766,1.8311659733142145,1.4899496653580524,0.12472351762100567,0.7851415228218378,1.0,0.7,0.5,1.0,114,842037.6814609701,2345585.660637249
9,50,1.4833111037561375,1.5476416802832382,1.531395647092206,1.831956200330465,1.4927743643290856,0.12468553394864663,0.7916722907432725,1.0,0.7,0.5,1.0,117,841690.0124574249,2344946.460362568
9,51,1.4802420380346277,1.539619585890315,1.5211157392403996,1.841220691468737,1.4883754545808177,0.1244962504083893,0.7858253147810198,1.0,0.7,0.5,1.0,119,841865.1109275818,2345249.5625235224
9,52,1.48023958878821,1.5402443595344268,1.5238363698539374,1.8483775724608311,1.4815628837800279,0.1244962504083893,0.7858253147810198,1.0,0.7,0.5,1.0,121,842057.8396021869,2345797.559837173
9,53,1.4737906507924692,1.5343580167691129,1.5200435454457093,1.8639640930225145,1.4775474172220537,0.12497150283506744,0.7722674306659891,1.0,0.7,0.5,1.0,122,841683.503620652,2344564.272259574
9,54,1.4884891835956493,1.5490976803089915,1.5368571320399123,1.8923616280919504,1.495333885316626,0.1248024571287167,0.8019101048067429,1.0,0.7,0.5,1.0,123,841983.6957724111,2345645.236635465
9,55,1.47429765266756,1.5264624439743846,1.5180507231595746,1.8920910180411803,1.5169095418992997,0.12565457925423806,0.7724062843144102,1.0,0.7,0.5,1.0,124,844154.753203191,2342364.868082304
9,56,1.4787943425882992,1.5266310062647237,1.5118400463918111,1.8929937538871644,1.4787226800489819,0.12509430110716543,0.7821861629260016,1.0,0.7,0.5,1.0,131,842802.5564444581,2341390.343785929
9,57,1.4863940883081344,1.5350489992764553,1.5244334997419713,1.910186349825593,1.4901324296936573,0.12403817213674302,0.7988753620778419,1.0,0.7,0.5,1.0,134,842383.2808920749,2340911.10588619
9,58,1.4794705479853123,1.5262227507961592,1.5155360214871367,1.920694831830338,1.4847140008011488,0.1250391884102524,0.783638216283382,1.0,0.7,0.5,1.0,135,843103.4301182767,2340702.901935331
9,59,1.4779797835594977,1.520712216833093,1.509875107435477,1.9236314115531798,1.4881932789371657,0.1249144899169321,0.7808544819735956,1.0,0.7,0.5,1.0,137,842964.7496351633,2339311.171671356
9,60,1.4785676090393332,1.5181813693260957,1.50515515693664,1.9233203757361745,1.4792404371498802,0.12398047414048603,0.7833478214350231,1.0,0.7,0.5,1.0,140,842522.5363425376,2341558.2471292904
9,61,1.4866695051654122,1.5251448426665923,1.5141484850110685,1.9566945813590821,1.4919457338641613,0.12400698876290095,0.7995280522694187,1.0,0.7,0.5,1.0,143,842090.1099768656,2339115.3818642013
9,62,1.4866695626495723,1.5264936311003083,1.5176201804017748,1.9647718665750178,1.487222486466534,0.12400698876290095,0.7995280522694187,1.0,0.7,0.5,1.0,145,842282.7781471752,2339662.1262352616
9,63,1.480994688914973,1.5159070824275123,1.5068498906245313,1.9789187341833654,1.487043858874101,0.12462375349205994,0.787340823687104,1.0,0.7,0.5,1.0,148,843734.521656706,2341043.3079677336
9,64,1.4801239840603575,1.5118190127098439,1.502641473790923,1.983120470501972,1.4874429198821635,0.12477707898997561,0.7854011080775872,1.0,0.7,0.5,1.0,150,843185.346877302,2341693.947658285
9,65,1.480039926365945,1.5091956152391128,1.4999231523313894,1.9887354450341546,1.484412566340775,0.12485477443021879,0.7851368128164918,1.0,0.7,0.5,1.0,152,842566.0650219606,2340306.527820774
9,66,1.478773474835624,1.508173884396091,1.5030554723366136,2.013017494809441,1.4825148658387777,0.12458841683390272,0.7829883550165075,1.0,0.7,0.5,1.0,155,842279.0970991972,2339824.3154498064
9,67,1.478773474835624,1.5095012043371085,1.5065048767305422,2.0287181451379146,1.4787065353680138,0.12458841683390272,0.7829883550165075,1.0,0.7,0.5,1.0,157,842279.0970991972,2339824.3154498064
9,68,1.4650075514742436,1.4938036987335002,1.4886626964082124,2.011033215975071,1.465819429709389,0.12344417072633881,0.7570613183223619,1.0,0.7,0.5,1.0,158,897281.4482973092,2195559.9858280392
9,69,1.4773265214629565,1.5044387059930044,1.4992347236294294,2.0341610204304046,1.4887170272454735,0.12430239639434142,0.7805056361165064,1.0,0.7,0.5,1.0,159,842216.4559627622,2339470.6589137907
10,0,0.9477278442745691,0.8413828366530036,0.8354653200830178,0.48321502418793505,0.0,0.0,0.0,0.0,0.7,0.5,1.0,1,7661.37682326048,161796.07388494074
10,1,0.7697408318471896,0.8155444120126182,0.8086629091857358,0.4614123869092405,0.09068268614073968,0.0,0.0,0.0,0.7,0.5,1.0,2,4799.349730268837,143210.9342088247
10,2,0.7222396710583265,0.8099759710857479,0.8049593543844423,0.4574261901228905,0.02776739567563015,0.0,0.0,0.0,0.7,0.5,1.0,3,4240.377704560557,135663.17236711146
10,3,2.0638322441335886,2.4239987122732405,2.4156050797106428,2.0792141711647028,1.8906724745317403,0.2128400423897047,1.0,1.0,0.7,0.5,1.0,4,6865.10119878541,159345.6239174155
10,4,1.9236083807575795,2.3628860778551757,2.35428785656745,2.0368356502390097,1.738744674730047,0.21273435228913867,1.0,1.0,0.7,0.5,1.0,6,4500.263997904639,116618.21938442938
10,5,1.8712664975961921,2.334515107390712,2.3253497951908675,2.013899195347089,1.6692643112550076,0.1939202088463145,1.0,1.0,0.7,0.5,1.0,8,2855.775407551702,81748.05533408617
10,6,0.6419469177335089,1.123111342959583,1.1133564925777906,0.8039739443253947,0.5074666262613143,0.09353769975972456,0.10390602458941475,0.32271503078795666,0.7,0.5,1.0,9,1171.9171853092637,22227.217386822053
10,7,1.6323978096629812,2.0946648744511753,2.0777721045008297,1.8010827070800992,2.4412876896738505,0.14718460284670665,1.0,1.0,0.7,0.5,1.0,10,1007.0785352760454,21395.94080687036
10,8,1.6352253264245389,2.0787015288407047,2.062917656395195,1.7934665311635873,1.6722744753047478,0.16128387301884284,1.0,1.0,0.7,0.5,1.0,12,806.1499506218106,23196.303456077258
10,9,1.6340662408316382,2.0747969786481386,2.060940306265185,1.7869830813500087,1.6205137274664616,0.1612703923067476,1.0,1.0,0.7,0.5,1.0,15,847.1051765563728,28002.07564467655
10,10,1.633473837661062,2.0711221048146613,2.057119790205883,1.7974385350964193,1.630235832905625,0.16159798278786378,1.0,1.0,0.7,0.5,1.0,16,816.602964840747,25659.25764587272
10,11,1.6138934997195906,2.0312558259590237,2.0163212983516567,1.7790674735757608,1.6549975895070628,0.14034623387908254,1.0,1.0,0.7,0.5,1.0,18,439.35487051365664,19799.07423096413
10,12,1.6072130563131304,1.9908150611984186,1.97443383356072,1.7486961457266994,1.6797960447392792,0.1379735343331993,1.0,1.0,0.7,0.5,1.0,20,286.6497368982671,16967.61537094595
10,13,1.5991373932906925,1.9177168883642657,1.898704645361519,1.688901474764482,1.74915814166185,0.13429290192014726,1.0,1.0,0.7,0.5,1.0,22,278.7937320320305,3023.781809397211
10,14,1.5961212277834003,1.8803223481319669,1.8599683527571207,1.6635987335701699,1.6703258414284885,0.13225566543566825,1.0,1.0,0.7,0.5,1.0,24,35.53379312574731,671.3440140577595
10,15,1.5961212278032337,1.880322348207881,1.859968352833035,1.6549722804674054,1.5925790492120246,0.13225566554411713,1.0,1.0,0.7,0.5,1.0,25,35.53378814307834,671.3440055469774
10,16,1.595452457699845,1.8557018014693027,1.8344236503774787,1.6478984048226932,1.7012164970975847,0.13246804547590252,1.0,1.0,0.7,0.5,1.0,26,35.41644827512117,577.0183061103485
10,17,1.599489188491586,1.82843341200772,1.8059576117224447,1.6270872177177502,1.739008536421914,0.13937997257252926,1.0,1.0,0.7,0.5,1.0,27,56.95283330142993,1633.9799269405755
10,18,1.597556515032446,1.8136743118803311,1.7927816185652758,1.6281352652629246,1.6286662814906032,0.1370357440814988,1.0,1.0,0.7,0.5,1.0,29,35.073337310923606,1246.9127925937923
10,19,1.5974382999751788,1.8076643491224949,1.7886200588178318,1.6409506727246852,1.6107327060243843,0.1370357440814988,1.0,1.0,0.7,0.5,1.0,31,35.841562082056974,1241.346142780923
10,20,1.5973634444039826,1.8016909639022196,1.7803512143382727,1.6015711744692518,1.6157745424637664,0.1370357442054896,1.0,1.0,0.7,0.5,1.0,32,38.81582054507084,1235.7212318877962
10,21,1.5973185691081433,1.7987423636682387,1.7772925391690468,1.6053926893662465,1.602388931013848,0.13703868964513438,1.0,1.0,0.7,0.5,1.0,34,38.39159461223012,1268.199556189807
10,22,1.597872049479521,1.7970534145210846,1.7838059289110801,1.6852889908555009,1.5993948335669554,0.13799460677301129,1.0,1.0,0.7,0.5,1.0,46,75.63072178844538,6055.420978538963
10,23,1.5982624060872186,1.7959321943294968,1.7826274749713382,1.6946648683327998,1.6003671330047506,0.13858380722854535,1.0,1.0,0.7,0.5,1.0,48,76.48136414798225,5972.3856626747165
10,24,1.5978492209866886,1.7937550204801143,1.780383566095283,1.7000636840816699,1.6044611163979223,0.1380297561673156,1.0,1.0,0.7,0.5,1.0,49,82.15551231525146,5912.871794177158
10,25,1.5983467981882589,1.7926594364332993,1.7792277001634211,1.7028231219551386,1.6042147555428694,0.13877270159845928,1.0,1.0,0.7,0.5,1.0,50,69.81618074650146,6240.411423028299
10,26,1.5958729028718215,1.7806051561468321,1.7668112547266515,1.695428491546685,1.6373233346017815,0.13542106320546402,1.0,1.0,0.7,0.5,1.0,51,85.32947161511049,6075.985177897919
10,27,1.5959058466888962,1.774722733769879,1.760705393042947,1.6975668159507462,1.6082206093260456,0.13557369393888483,1.0,1.0,0.7,0.5,1.0,53,58.69666302799076,5535.592237027843
10,28,1.595974032634214,1.7696337847452988,1.7554218398369086,1.704078594532939,1.606371220966473,0.13575605345542363,1.0,1.0,0.7,0.5,1.0,55,52.64553333101014,5799.812712798406
10,29,1.595804094638562,1.7664568308465693,1.7521314339467744,1.7012104243141308,1.6016405814415884,0.13556176392986047,1.0,1.0,0.7,0.5,1.0,57,57.39982892738543,5561.7798182175375
10,30,1.5960878433087924,1.7642062094678306,1.7497852663719897,1.7102729747928798,1.6060044786883867,0.13600485640739418,1.0,1.0,0.7,0.5,1.0,58,58.76069789922739,5830.835801310558
10,31,1.5957580537183371,1.7633498133674492,1.750981086336647,1.7118329750243464,1.6030946302154174,0.13556176392986047,1.0,1.0,0.7,0.5,1.0,59,60.83969577774222,5532.708756596835
10,32,1.5957580486362828,1.7646766472293867,1.754429995069128,1.7228491594232411,1.5948944502238507,0.13556176392986044,1.0,1.0,0.7,0.5,1.0,61,60.76840415041429,5533.1541574239
10,33,1.5957580486362808,1.7646766472293867,1.754429995069128,1.7416244442245834,1.5948932721501758,0.13556176392986044,1.0,1.0,0.7,0.5,1.0,62,60.76840416984535,5533.154157301969
10,34,1.5958854611877087,1.7627013551505695,1.752375467258597,1.7362944353666534,1.604347562057312,0.13577496115833015,1.0,1.0,0.7,0.5,1.0,63,54.71381444141856,5840.557119313879
10,35,1.5956347089006635,1.7558027641034881,1.743154295895439,1.7388567100128882,1.6183816258795258,0.1354926956384748,1.0,1.0,0.7,0.5,1.0,64,51.37999671577111,5514.176798967186
10,36,1.5954211666826454,1.7546889491860362,1.7440786797589034,1.7557057407191738,1.596623062899394,0.1352182271118136,1.0,1.0,0.7,0.5,1.0,69,64.37898024526095,5529.613930879284
10,37,1.5944034135659755,1.7488667117703436,1.7380755209368939,1.7618994822051188,1.6152574028263875,0.13382893437590362,1.0,1.0,0.7,0.5,1.0,70,65.12894313943107,5510.88448882764
10,38,1.5945834394360303,1.7432202967341635,1.7363541583698323,1.7659546983146972,1.6125002531854915,0.1341901389633241,1.0,1.0,0.7,0.5,1.0,72,66.709290897835,5608.732660922176
10,39,1.5945809225481709,1.7442406172295946,1.7394851553570367,1.7852343121238408,1.5946039883143739,0.1341901389633241,1.0,1.0,0.7,0.5,1.0,74,64.96679657752803,5618.763565089204
10,40,1.5946541405150456,1.7421256222758645,1.7372878156781386,1.7913101064492098,1.5988556281858903,0.1343203039022807,1.0,1.0,0.7,0.5,1.0,76,59.94727256988376,5877.63549012833
10,41,1.594553793027262,1.7390298956407801,1.7340794781152866,1.7964859755506606,1.6005601270265557,0.13421103685015595,1.0,1.0,0.7,0.5,1.0,78,67.44687356082349,5736.952487009604
10,42,1.5943462994984117,1.7345725710429618,1.731534583129631,1.8151781429811313,1.5968596508395634,0.13397537574212776,1.0,1.0,0.7,0.5,1.0,86,61.45911795389333,7108.271203899804
10,43,1.594375463750244,1.7329123870292555,1.72981091880199,1.8176736838344638,1.5975518881493265,0.13403477409247372,1.0,1.0,0.7,0.5,1.0,88,59.64847563262534,7206.455261102153
10,44,1.5942696885200562,1.7267620303249465,1.7234334693000535,1.82009907514703,1.607095110147187,0.13394467856937553,1.0,1.0,0.7,0.5,1.0,90,53.88230223187143,7342.168398805162
10,45,1.5942668608051513,1.7276714842835563,1.726449431526245,1.8319749707570638,1.5946733410531686,0.13394467856937553,1.0,1.0,0.7,0.5,1.0,92,53.23633349618335,7346.77956806633
10,46,1.593029627221189,1.722594761976762,1.7253730582990272,1.882333797712623,1.6021121496952788,0.13223843830002696,1.0,1.0,0.7,0.5,1.0,95,53.13818250813858,5652.047583614748
10,47,1.5929826242505072,1.7234132428192224,1.7282962828397856,1.8861986217461915,1.5935389880685848,0.13217548617869385,1.0,1.0,0.7,0.5,1.0,97,53.6967478814863,5641.869226125298
10,48,1.5937018345761893,1.7190102157356046,1.7319901184603137,1.9960906057928929,1.595303461842462,0.13329277186742555,1.0,1.0,0.7,0.5,1.0,120,52.50496346138887,6678.110627354663
10,49,1.5937018345810716,1.7203375356861508,1.7354395090953973,2.0050632648439644,1.5933049744844434,0.13329277188103772,1.0,1.0,0.7,0.5,1.0,122,52.50496338200554,6678.108268673694
10,50,1.5937027331920657,1.7216628141871202,1.7388867862197932,2.0226120793612115,1.5933123819898762,0.13329407979678315,1.0,1.0,0.7,0.5,1.0,124,52.50406864752307,6678.297517749959
10,51,1.5935457219187508,1.7204606458202345,1.7376454058552884,2.0215170582557613,1.5977643123757885,0.13307827570670183,1.0,1.0,0.7,0.5,1.0,125,55.68572577651737,6436.344290835511
10,52,1.5941799885833587,1.7183032271046779,1.7333109608244033,2.049605051990078,1.5944417442423533,0.1339961011327122,1.0,1.0,0.7,0.5,1.0,135,47.86201986424792,5721.094424032281
10,53,1.6018928626377478,1.7241427168250187,1.741152489953529,2.0688347149857864,1.6156238451304503,0.1450395559249619,1.0,1.0,0.7,0.5,1.0,136,66.15310967228608,6130.412861797484
10,54,1.594104064763639,1.7174403257370858,1.7365631261410222,2.0867842755671715,1.5940980744040645,0.13391458218100608,1.0,1.0,0.7,0.5,1.0,139,48.03182668556428,6086.760722880421
10,55,1.593743190127222,1.7151939223866468,1.7342460482559494,2.0890471932396304,1.601702145114024,0.13341341581192706,1.0,1.0,0.7,0.5,1.0,140,48.26085226104121,6361.596917154643
10,56,1.5937431901300263,1.71784856227087,1.7411448570459944,2.102008267243123,1.5933894003168403,0.13341341581505256,1.0,1.0,0.7,0.5,1.0,144,48.26085236466662,6361.596917044726
10,57,1.5936749386595994,1.7209209441986297,1.750551977504275,2.0590074425692078,1.5970238448028669,0.13332221466826966,1.0,1.0,0.7,0.5,1.0,145,47.69704781417924,6718.123423461892
10,58,1.5935479420946632,1.715191782985437,1.7383957639183956,2.1039129185000807,1.6003343339224887,0.1331527954786615,1.0,1.0,0.7,0.5,1.0,146,50.43819433825003,6402.954119091753
10,59,1.5935441040756988,1.715763898062553,1.7410618029308067,2.125867333196931,1.5948546772617993,0.1331527954786615,1.0,1.0,0.7,0.5,1.0,148,48.96095028562831,6412.898001062528
11,0,0.6613894112208728,0.799751702704637,0.7922810918099934,0.44541849415674134,0.0,0.0,0.0,0.0,0.7,0.5,1.0,1,6632.029748301574,126113.1727563216
11,1,0.6604798990520113,0.8009418673319253,0.795588186294906,0.45684749941866337,0.00029989945288113164,0.0,0.0,0.0,0.7,0.5,1.0,3,6616.265463953991,124974.59545673092
11,2,0.6687227295092563,0.8836787081137164,0.875655957973563,0.5374389944116102,0.1629538234931833,0.00768743383002545,0.18128704488537878,0.00270249612524967,0.7,0.5,1.0,4,6401.431282811146,111000.32696045084
11,3,0.9558542197302861,1.2715375544299206,1.2608670567794489,0.9332534743886504,0.6013231970808494,0.00043851429213076005,1.0,0.00169567367393945,0.7,0.5,1.0,5,12245.02946654574,163643.2542319127
11,4,1.1114562397780252,1.610906921817375,1.600317208548799,1.2947108672214984,1.4015393710523865,0.04146880335705279,0.668304652907292,0.5871377936783528,0.7,0.5,1.0,6,1631.6428298018614,46384.90078243079
11,5,1.3018666450541372,1.74937939390791,1.7317346911866665,1.460390809445681,1.6920580961649936,0.035596411453098,0.7308524979303593,0.8875571368208653,0.7,0.5,1.0,8,797.0987270991875,27370.274160940287
11,6,1.1970306035904315,1.6174549191175989,1.5985384827292433,1.3370928245037947,1.254739620666053,0.033903619703262576,0.8889259550262942,0.71186888446662,0.7,0.5,1.0,10,531.174679509326,10324.165024034048
11,7,0.7273491165501731,1.1398199851515005,1.1205485428915454,0.8678005970713577,0.7328036575031568,0.05057168443067054,0.40376878019052764,0.47466167288944483,0.7,0.5,1.0,12,81.63841015803443,6287.992978450294
11,8,0.6619717886808333,1.0205516673764499,1.0010715649576163,0.7696389980078209,0.7906197596910849,0.04073396077525644,0.508830565751839,0.37089696904636843,0.7,0.5,1.0,14,414.9967950567335,8683.96170187793
11,9,0.3681566312006322,0.6464932355568591,0.6259121547896347,0.4133079737368732,0.554049334497154,0.04307677701294585,0.254086562932761,0.2076376467905678,0.7,0.5,1.0,16,188.03392379106324,3625.280003200173
11,10,0.37119602808788793,0.644016114596953,0.6252929426913494,0.4054018263898064,0.38361848564268275,0.04344961238791387,0.2546203235971002,0.21038880920093,0.7,0.5,1.0,18,176.3139829699683,3454.763383023428
11,11,0.49438874564802815,0.7616604058957126,0.7427231839742322,0.5291386851245565,0.5177740527069352,0.047800634390226235,0.2612926985664711,0.3273897662182427,0.7,0.5,1.0,19,154.08516404684232,146949.25566042756
11,12,0.3835867848778661,0.6373573462465683,0.617901819136922,0.4202257096068074,0.4407758501694621,0.04483314277611628,0.25678173044570063,0.22131214195694807,0.7,0.5,1.0,20,143.5686752352829,2921.498168421537
11,13,0.36775431355575366,0.6073366478376179,0.5914810251675839,0.39242869244009826,0.4414159425206546,0.04561650626520139,0.2585744998159186,0.20446055043983108,0.7,0.5,1.0,21,133.22243315234454,3672.8148968431287
11,14,0.3823363222563314,0.6109452049005178,0.5905282197345435,0.4090019619562751,0.4176783730917647,0.04354790069728861,0.25835372990107985,0.22078461099983823,0.7,0.5,1.0,22,118.6881557619819,2525.406481976853
11,15,0.3664694632219083,0.5946491522179103,0.5742157803404871,0.39539881897445883,0.36660978220042484,0.04573297963707896,0.256444756543747,0.2043522166143,0.7,0.5,1.0,23,124.1722358410126,3582.5999355243057
11,16,0.4043965557468806,0.5990818156766923,0.5773767304821282,0.40368169098100437,0.552226815152018,0.04572117160457142,0.2625821370682946,0.239812816752022,0.7,0.5,1.0,24,79.53053181652422,1740.6643642998813
11,17,0.393597288013111,0.5799632401384236,0.5579432732027444,0.40113463935021065,0.4050406113813898,0.04448926600792939,0.25521913872437263,0.23367843246101244,0.7,0.5,1.0,27,72.92031773588045,2081.55302575135
11,18,0.39351681618609247,0.574907693654094,0.5547717283554345,0.4048177983036342,0.4059788470884411,0.04448926600792939,0.25521913872437296,0.23367843246101244,0.7,0.5,1.0,29,71.9555182351877,2069.04547189993
11,19,0.3934953185072133,0.5716234868717186,0.5534362170393978,0.4136793591521398,0.4026817696739443,0.04454487989885006,0.25613639174713376,0.23321683259929568,0.7,0.5,1.0,31,67.34023166430198,2009.9567970617409
11,20,0.3934951069872075,0.5716055829589397,0.5534176641560388,0.4204427769449004,0.39254381700623187,0.04454487989885006,0.25613639174713376,0.2332168325992956,0.7,0.5,1.0,32,67.33779824579324,2009.9272913933632
11,21,0.4409057785852559,0.584872182283987,0.5653973959141436,0.4402276456366421,0.5912457165625302,0.04702027548718325,0.2577073017385908,0.27845980192631836,0.7,0.5,1.0,33,42.87504339241031,1460.8117460922667
11,22,0.4147204061800715,0.5527698166871944,0.5351446425478856,0.41446478060918124,0.43009866833162547,0.045545282891716596,0.2548355944088615,0.2548026941916157,0.7,0.5,1.0,35,45.12679984635574,1361.8040851172238
11,23,0.4203465471030868,0.5483747733161248,0.5283006689832164,0.4215212016574511,0.4389914236185123,0.046142390406429326,0.25751998927732556,0.25873499625929663,0.7,0.5,1.0,37,32.456141995619646,914.6214197936952
11,24,0.4172416638583586,0.5450622298033863,0.5270525459518116,0.43431380361187044,0.42007755945139263,0.046023585716200396,0.2565423955501004,0.256213148479314,0.7,0.5,1.0,39,34.832264843906444,961.2182873265688
11,25,0.34668725226569924,0.461936522328913,0.4517437815703173,0.4244708077598305,0.35090245254151486,0.045776940154267344,0.20745661892316206,0.21049167052818363,0.7,0.5,1.0,56,29.092242529842075,755.5535822519722
11,26,0.3548466864107901,0.46299249842412227,0.45253322374222404,0.43361811006254347,0.37009545667796473,0.04615139983539694,0.2096082924846326,0.21735411888974535,0.7,0.5,1.0,58,29.635473040074,760.1409712310033
11,27,0.3431082390919597,0.44556871094500305,0.432823889315906,0.4175355313410979,0.36194494673023603,0.04586362942471049,0.2079799259069332,0.2066550337942957,0.7,0.5,1.0,59,25.62196305084124,749.1202732890009
11,28,0.3454213377427734,0.44118560512080446,0.42818967546173947,0.42110379826683286,0.3745842013474585,0.04521844671516776,0.2097142547449685,0.20858708796140984,0.7,0.5,1.0,60,22.595200886937544,810.7115641309803
11,29,0.3454213377451557,0.44251292506182194,0.43163908673985485,0.42903228845626273,0.3450972064451302,0.04521844671516776,0.20971425474496846,0.20858708796140984,0.7,0.5,1.0,62,22.59520092391816,810.711566023276
11,30,0.3370635406457532,0.42582048553644086,0.41256189259504594,0.424641010785895,0.36760390326985015,0.04418488092732678,0.208834975189757,0.20142608119916722,0.7,0.5,1.0,63,21.25858300735049,453.5904872847306
11,31,0.3496864340383115,0.4378933898775119,0.4266865345884254,0.43269148610114616,0.3576820814273295,0.045462217004437026,0.20924542862361523,0.21295824995197882,0.7,0.5,1.0,64,19.348004151958275,695.4419829267291
11,32,0.3479843188703138,0.4359162364676495,0.42677139990463997,0.44499480105597455,0.35122604389665235,0.04532095223092555,0.21055520162927038,0.21070734529984508,0.7,0.5,1.0,66,20.188065020818595,715.7545197370309
11,33,0.34347530887128275,0.4265634963025291,0.4172371574310804,0.44362417342664157,0.3538761045693777,0.0448268513400975,0.2114858395841733,0.20610003874606736,0.7,0.5,1.0,68,22.060111816050725,685.6763173187379
11,34,0.34415117478976937,0.4226989280714385,0.4132025142948924,0.4601435243355282,0.35057327138676175,0.04474708822983562,0.21195055656652992,0.20661828695784984,0.7,0.5,1.0,71,23.68877133067166,673.1142667505987
11,35,0.34548733849770497,0.42077746713915887,0.41115903188623215,0.46624744741137486,0.35242866855364974,0.04480956948742447,0.21244404497473823,0.20767700904386138,0.7,0.5,1.0,73,20.9716402881828,718.9100744286976
11,36,0.35565860762757034,0.4293859359964721,0.4197089725509421,0.48272458062051943,0.36235786809034504,0.04504428376275403,0.2111094176474264,0.21835743332244872,0.7,0.5,1.0,74,19.58751959664606,689.0036839815225
11,37,0.3587101297486204,0.43340736340021,0.4279115241412319,0.5002198108839859,0.3621954314547991,0.04500364548986891,0.2131264072663171,0.22043536346468523,0.7,0.5,1.0,76,20.941481164259745,663.8791434743774
11,38,0.35713278107331564,0.4293633322210998,0.42584749368005764,0.5073563459340437,0.36528112820121345,0.04479709725582831,0.21270156528817732,0.21922920364942183,0.7,0.5,1.0,78,15.349256123486809,668.8168715429084
11,39,0.47925991246193,0.5490856059910292,0.5454797399038431,0.6307700026964067,0.48083100042733995,0.049573012746700014,0.1653900867674097,0.36167762049449853,0.7,0.5,1.0,84,23.663275161399767,757.7375072255775
11,40,0.4796752708428993,0.5464671996031996,0.5406753643813149,0.6430748894001317,0.48199513874805533,0.04952978859596946,0.16562006317286562,0.3620142998557677,0.7,0.5,1.0,87,22.98783819314768,760.6580054577909
11,41,0.4375132430163915,0.5010840481251928,0.4972440395286072,0.6173027672590367,0.44401358773141636,0.04943104225970944,0.1597639913560723,0.32286506680841975,0.7,0.5,1.0,90,22.60122937928629,776.6898438526563
11,42,0.3388329085190685,0.4068116957296704,0.4114263090448012,0.6359963158722823,0.33891890433169297,0.05157496703288374,0.18566158593945448,0.2097381996375943,0.7,0.5,1.0,106,49.39778510188453,940.3605374140146
11,43,0.33635202817903687,0.397997368521846,0.4023749526621079,0.627805770809273,0.35012540707475015,0.05121980489779264,0.1851949676805874,0.2077596587606767,0.7,0.5,1.0,108,47.49806701399975,885.1387950014154
11,44,0.33671601779362725,0.3964874021816906,0.398722454298093,0.5578298098465687,0.33705696768984406,0.05121886825713322,0.1858383892880521,0.2078042949150558,0.7,0.5,1.0,113,47.50655839532505,884.4327768486152
11,45,0.34028391382099554,0.40166694184238083,0.41225199512264676,0.69783843049741,0.3455715662500908,0.050513924818052114,0.2005855022792832,0.20450336362330082,0.7,0.5,1.0,116,45.63486933641318,921.0267295723924
11,46,0.3402522766638192,0.4000465250170331,0.40849971175179456,0.6124795005429511,0.341271243352394,0.05051442497566091,0.2006252085023547,0.20445230318074842,0.7,0.5,1.0,117,46.244893163454776,924.139839909484
11,47,0.34028313221513673,0.40273145502749863,0.4154287994886531,0.7023853668125589,0.34015953770754725,0.050513924818052114,0.20058550227928307,0.20450336362330082,0.7,0.5,1.0,118,46.06386957355198,923.7238201873764
11,48,0.426497130602832,0.48009945906366874,0.4945382754513049,0.8791350948973274,0.43278237239946,0.051610102986437076,0.23900752449576673,0.2707678636753146,0.7,0.5,1.0,125,43.65097378154906,1026.1773237912284
11,49,0.42649713060274286,0.481426779004686,0.49798767984523323,0.9061292997335746,0.42639870886339193,0.05161010298643709,0.2390075244957668,0.27076786367531425,0.7,0.5,1.0,127,43.65097372061906,1026.1773232717233
11,50,0.4257114826882977,0.48052553289909655,0.4991545875397986,0.9312136222554517,0.4277291671553415,0.05169160644427767,0.2385179739302922,0.27017379436587446,0.7,0.5,1.0,130,45.73486357232959,961.0398073575776
11,51,0.424235631818879,0.48193773046453064,0.5068921409264768,0.9901183722992843,0.4245443082606508,0.051577414278632994,0.2328401220366693,0.271619689508364,0.7,0.5,1.0,142,44.09314767187351,1039.303725224784
11,52,0.44712139982998855,0.499851176034548,0.5184022842942121,1.1412140530604495,0.44717456258833377,0.051063856114063576,0.2805684311929067,0.2710034905988772,0.7,0.5,1.0,174,39.39418199571549,964.2812056127432
11,53,0.5503163910709161,0.601920674429428,0.6225021175420524,1.2827087570772808,0.5515549812403429,0.05055871328181923,0.28767584507586136,0.3710045551461836,0.7,0.5,1.0,182,41.446229971002985,937.2090029942138
12,0,0.6981872336709953,0.8051582792978799,0.7978893634082345,0.45030730416381115,0.0,0.0,0.0,0.0,0.7,0.5,1.0,1,4125.504450524603,129979.92267241684
12,1,0.6869382099536446,0.803524000417866,0.7961941324148545,0.4488196408698578,0.007080608690317976,0.0,0.0,0.0,0.7,0.5,1.0,2,4264.396257075576,125046.86797183185
12,2,0.6052242449421454,0.8618149644657698,0.8555783581360606,0.5317862977080909,0.1449350506052146,0.04621147780362223,0.03299675551573072,0.03569338923773679,0.7,0.5,1.0,4,3064.577187087332,101933.4919406974
12,3,1.5705743523768245,2.059705121211619,2.04440580322383,1.7536209199341928,2.0573737338915015,0.03622435984485052,1.0,1.0,0.7,0.5,1.0,6,814.31942175923,23716.35522439123
12,4,1.5453431873209236,1.9847596800740985,1.970840725308687,1.6971183734454784,1.6926510006344229,0.03503186540827739,1.0,1.0,0.7,0.5,1.0,8,783.4316204042201,17054.171578635087
12,5,1.447009325961421,1.8352574003647895,1.8190718503194858,1.5663843481102626,1.568826723331977,0.04205101548192698,1.0,0.9063407976808866,0.7,0.5,1.0,10,115.56863996946328,287615.7506372621
12,6,0.7812868920234921,1.1643273890989416,1.1479232795045176,0.9043027665575956,0.7963895550389548,0.03369811038468021,0.7049828121595025,0.3946261782254879,0.7,0.5,1.0,11,118.51325198121305,248975.3475495237
12,7,0.81031163804398,1.1778997639619868,1.160855677686669,0.919563773572957,0.8765573637023599,0.033532059876304386,0.7333204282071665,0.41129963013925996,0.7,0.5,1.0,12,108.65232028536457,251295.62486891623
12,8,1.0885839662146177,1.4391499795074503,1.421413256000307,1.1907986161432473,1.1627652959103894,0.04189437553855309,0.767610077491887,0.6681163804061561,0.7,0.5,1.0,13,112.06410191350582,286288.64528607595
12,9,1.091803310205827,1.4263767126511735,1.4100684068482445,1.1868555146922113,1.1263808993530704,0.04188834723357175,0.7759876402449299,0.6684274834606717,0.7,0.5,1.0,15,118.9607676109758,290000.30078768206
12,10,1.0517495302641588,1.3734372128946373,1.3545486029473794,1.133852382346043,1.1002127601096197,0.04183242435596342,0.7402195099603085,0.6470199508624817,0.7,0.5,1.0,16,113.03150074696109,282581.06666111475
12,11,1.0071784394442673,1.2841571089046617,1.2676652477249755,1.0603405344234957,1.2210362957600651,0.0380579432605398,0.7265290614942863,0.614095114788656,0.7,0.5,1.0,17,52.95467599485897,276029.94220704486
12,12,0.9979062793415907,1.2708265555479377,1.25417813159633,1.0593694851736681,1.0040350487377707,0.0380002473833232,0.7207677340304631,0.6078818519620313,0.7,0.5,1.0,19,53.60936119853976,274750.96042965254
12,13,1.002210322809446,1.274498648976994,1.25782585991863,1.0606142370125982,1.0019330597847946,0.03800400423863124,0.7284833200180785,0.6083455976843339,0.7,0.5,1.0,20,52.19621009323683,275940.19221662777
12,14,0.9720689281433561,1.2388274407563176,1.2219411641338787,1.0345433163643796,0.9964323215539745,0.03913031643524673,0.6914960940727175,0.5961021929071054,0.7,0.5,1.0,21,54.57161269937905,273398.22015608626
12,15,0.9717911114114031,1.2299807204878204,1.2148370275912659,1.0310752382346575,0.9904558408644161,0.03913031643524673,0.691496094072716,0.5961021929071062,0.7,0.5,1.0,23,52.67496756841749,274093.4135096188
12,16,0.9619595182206494,1.2129814781138895,1.1975631321890985,1.021438579646737,0.9757259716237068,0.03944839688380587,0.6819165623633321,0.5910314847003676,0.7,0.5,1.0,25,52.55799940213318,271357.41071831
12,17,0.9142375730212196,1.1623012137900253,1.1467696609724984,0.9769854795251298,0.9252467119041204,0.03831455361528855,0.6974248224301616,0.5364248862481765,0.7,0.5,1.0,26,47.1702045754282,1712722.1653838586
12,18,0.82779331614083,1.0683542117166842,1.052535988563146,0.8871841724231874,0.8593535924465959,0.038414428220837446,0.5529304860343367,0.5223398073635305,0.7,0.5,1.0,27,45.316796662549024,272695.8675341079
12,19,0.9460674672739584,1.1874237908463743,1.1757787812499496,1.0270713228977983,0.945401890217827,0.03925863138431013,0.6718377489447456,0.5806123219012134,0.7,0.5,1.0,33,42.60695888194969,269073.3694865083
12,20,0.77856652629389,1.0105378489159311,1.000606713457642,0.9197895895589947,0.7807369211027277,0.040828990111064827,0.5058731045082578,0.49522595858508334,0.7,0.5,1.0,45,48.59251039974022,1233735.501489052
12,21,0.7800612005091044,1.0066659831120077,0.9965305877408629,0.9200990255555421,0.7903304544891361,0.04117143301326841,0.5063469665071219,0.4963505806707932,0.7,0.5,1.0,47,46.24923378816006,1230412.4789790034
12,22,0.7441611841943138,0.9701153038647183,0.9640985047030566,0.887865452961359,0.7498826132371414,0.041423249057795,0.6867457846465147,0.3701376231856635,0.7,0.5,1.0,49,62.91137340372417,301685.76821056136
12,23,0.7186390296898686,0.9324522439162489,0.9239028134085686,0.8641893979570608,0.7653757471903085,0.04124189812367769,0.6878978975295378,0.34435715718844284,0.7,0.5,1.0,50,46.01795675735677,28070852.94186277
12,24,0.7483563342879659,0.9627946042900893,0.9563406249802734,0.8854620460093973,0.7500655324934803,0.04210460626774384,0.6999598336566378,0.3674513840253343,0.7,0.5,1.0,51,59.88640254980898,298854.32789141533
12,25,0.627809478725245,0.8318929849282247,0.8250466120149209,0.7663597062499756,0.67258927028566,0.041552780674566046,0.5883181568329099,0.3032741335371163,0.7,0.5,1.0,52,57.50152768587593,298163.4457641846
12,26,0.6277911006920815,0.8319495321278603,0.8271778529777046,0.7760313524470515,0.6292855426820297,0.041552780674566046,0.5883181568329098,0.3032741335371163,0.7,0.5,1.0,54,55.204579946160095,297967.36798329366
12,27,0.7208791056960746,0.9203297894655209,0.9112362263588007,0.8717269096003537,0.7242133056649611,0.041745979516864616,0.6889610208611933,0.3459353704370605,0.7,0.5,1.0,56,38.57131352748553,28032604.795045465
12,28,0.7222070296245204,0.9211876479620282,0.9120762911317087,0.8799224941977504,0.7220362807764977,0.04208187342550049,0.6894654662747474,0.34678280508136883,0.7,0.5,1.0,58,37.50577669784,28015492.982381865
12,29,0.6517272658181028,0.8331320088325234,0.8254283656891401,0.804076203975826,0.6926417848658635,0.0407325988355096,0.4150602009032249,0.4146954891724632,0.7,0.5,1.0,60,30.80920574255809,1246239.1319714251
12,30,0.7650255704236013,0.9477475307231236,0.9442375552893998,0.9274760915868996,0.7704107421209928,0.04089122917170811,0.5120865412579317,0.47938633557852145,0.7,0.5,1.0,61,19.70894089295019,2627042.432410242
12,31,0.6404973873836561,0.8174542087690172,0.8116547316239351,0.7989141401705142,0.6588025287585596,0.03926433476937416,0.41415147872051844,0.4050137274094966,0.7,0.5,1.0,62,25.61060156396104,3137747.082553457
12,32,0.7677555995081267,0.9320410031465614,0.9278359932984659,0.9174187241225016,0.8289264652610375,0.04038962522794115,0.51635417419381,0.4805274722582788,0.7,0.5,1.0,63,15.655176010747656,3592379.3083309582
12,33,0.6440901022806014,0.8004059526245573,0.793828766899606,0.7954783860246317,0.6580573412358176,0.04029201922958786,0.4294851913123224,0.40042647897454586,0.7,0.5,1.0,65,16.07654056777891,3584836.849439225
12,34,0.7752725668953275,0.9256111260630069,0.9188090220672795,0.9212763088236543,0.8010385286683528,0.0402169219187424,0.5209284701243934,0.4859919465389965,0.7,0.5,1.0,66,14.357774801511027,3588043.679876126
12,35,0.7752671922430459,0.9262893684059146,0.9215851392262252,0.9322465596203469,0.7760185525646307,0.0402169219187424,0.5209284701243931,0.4859919465389965,0.7,0.5,1.0,68,14.735256700582855,3587495.974428459
12,36,0.7653703856138374,0.9056960514682706,0.9026618136429043,0.9192159217954071,0.8178830046466505,0.04030392534337529,0.5154463009435676,0.47887021294217946,0.7,0.5,1.0,69,13.764874246626809,2636835.583742071
12,37,0.7661199442612155,0.9014702051867036,0.8982490158500424,0.9232814400027203,0.7765670117826613,0.04037404444073505,0.5159140549253494,0.47937280060280285,0.7,0.5,1.0,71,12.29966128237612,2635171.5124810943
12,38,0.643202936749574,0.7761255202766935,0.7707409050670724,0.8110793269147547,0.6451297426968169,0.04027786426194793,0.42957743393404846,0.3996992110371562,0.7,0.5,1.0,73,12.432515544358251,2634558.147327923
12,39,0.6347535573198237,0.7667934481672956,0.7613756371033078,0.8057221473754115,0.6380910901259285,0.040336096899738286,0.4473254858794153,0.382341105199743,0.7,0.5,1.0,74,14.524761645246254,2638069.7625664445
12,40,0.6353895752325973,0.7634740643626763,0.7579076893812823,0.8105955473325682,0.6436265428067579,0.04040623763551846,0.447715280864233,0.3827599282502613,0.7,0.5,1.0,76,13.443598587253131,2636404.145579044
12,41,0.6353531236578507,0.7633994664293927,0.7578316597906348,0.8105248907237677,0.6350340735297775,0.04040274709210279,0.4478382204094259,0.3826647041720893,0.7,0.5,1.0,77,13.4302334391168,2636480.7453104733
12,42,0.6353858836957726,0.7642383427027373,0.7607730944427017,0.822033671253256,0.637192583063807,0.04040623763551846,0.447715280864233,0.3827599282502613,0.7,0.5,1.0,78,13.578558688706512,2636242.465037176
12,43,0.6433822783316185,0.7564882380588648,0.752431956404775,0.8316191237779406,0.6661247300204988,0.0395313025213956,0.43620007866451244,0.3972224116998122,0.7,0.5,1.0,81,9.481470441316628,2640012.806975753
12,44,0.6403381952183878,0.7541128664097517,0.7521539643898258,0.8082727081448025,0.6409272903386309,0.03973846887276895,0.4306523449037994,0.39681089379711565,0.7,0.5,1.0,84,11.10502725031642,2643390.4940354326
12,45,0.6428721102304241,0.7563755970259687,0.7564788127247999,0.8412295145079325,0.6495217876774166,0.040008570717282185,0.43043037768479564,0.3992755587883236,0.7,0.5,1.0,85,11.459477144366224,2643127.601683952
12,46,0.6440861058353513,0.757077316064195,0.7571612974048734,0.8220458004025186,0.6459667683000423,0.04026922678512929,0.42999514234540237,0.4005275180471539,0.7,0.5,1.0,86,12.01978545498824,2642240.041229183
12,47,0.6462088757650877,0.754547504959675,0.7565293189115063,0.8630817033416938,0.6721990355591532,0.04010071448221668,0.43445391315065784,0.40057058373905335,0.7,0.5,1.0,87,10.552682523035118,2642800.332596797
12,48,0.5583964575178016,0.6620584468647015,0.6638649112590826,0.7873840162951987,0.5649414898660815,0.04013835722562165,0.3720468216789951,0.343958863123225,0.7,0.5,1.0,90,9.817852362967724,2629126.681319543
12,49,0.5584225138025132,0.663364424986079,0.6672912361956562,0.8161315783424699,0.5581762344135492,0.04020665182220912,0.37227573696537386,0.3438228931926206,0.7,0.5,1.0,93,9.965816280424855,2629330.261073351
12,50,0.5583702458022431,0.6621802542526174,0.6660646372746615,0.8151683410531325,0.5605510771192275,0.04021692097255345,0.37233597736907964,0.34373883889917733,0.7,0.5,1.0,95,10.026631318431148,2629082.46404783
12,51,0.5575869273281064,0.6614364720514756,0.6653223228581154,0.822734650975969,0.557276562734181,0.04019525701580755,0.374683129594947,0.341797110922987,0.7,0.5,1.0,96,12.24721466953564,2625082.75675352
12,52,0.5580578617928502,0.6627766716513167,0.6687674551644254,0.8269308642603164,0.5595852010447009,0.040201144207006365,0.37166954983630934,0.34377273327647473,0.7,0.5,1.0,97,9.92886662160686,2628991.125008879
12,53,0.5583426277035434,0.6625428671733281,0.6685142086513192,0.8393020935210569,0.5591807390198582,0.04022840977970692,0.3722414136070742,0.34375498778593305,0.7,0.5,1.0,99,10.027032908902438,2628868.617430982
12,54,0.5600868730804974,0.6637160208883665,0.6696659443949269,0.8530783374005159,0.562286402816106,0.040186872477607424,0.3742517607055209,0.3445258604171134,0.7,0.5,1.0,100,9.142049858793488,2630032.737622143
12,55,0.5598729749902528,0.659469177807273,0.6652679324528004,0.86144232843296,0.5625487635626342,0.04076725274604645,0.3723466733918872,0.34487712849572666,0.7,0.5,1.0,106,10.941466107367336,2618271.694789988
12,56,0.5596617925670695,0.659576137860038,0.667459162088051,0.8899426429447315,0.5604856603170913,0.04010277089734633,0.3723504627005968,0.3451337696750613,0.7,0.5,1.0,110,10.630233157418177,2623232.0576028414
12,57,0.5600289629554076,0.6575886439254635,0.663311092818754,0.8846389569680164,0.5620156708766842,0.040806600515282856,0.3725604925611864,0.34490788641200426,0.7,0.5,1.0,112,12.226755266816118,2629383.9371312987
12,58,0.5599098957229189,0.658450669549544,0.6704269785198376,0.9038294410752044,0.5640465874140086,0.04079788298257912,0.37277739445619845,0.34469973940667603,0.7,0.5,1.0,115,11.538410166944267,2628834.94054778
12,59,0.5562892691372175,0.6537807712436872,0.6657177596413137,0.9021296522562363,0.5571852198757071,0.040155203732809716,0.3696860403961035,0.34307921305106387,0.7,0.5,1.0,119,11.697623970884155,2626740.437729952
12,60,0.6420893451003503,0.7320272018284957,0.7436812267733048,1.0130078482021216,0.6750802943184357,0.04022620290936057,0.43144008837720005,0.39798390071842304,0.7,0.5,1.0,120,10.110413286382604,2631021.6866257424
13,0,0.44790884782200574,0.7610628864404636,0.7521488989018621,0.41058121833856215,0.0,0.0,0.0,0.0,0.7,0.5,1.0,1,30060.02565470241,138189.05267274752
13,1,0.43256305271999596,0.7588267606462762,0.7519019631222378,0.4112815700946795,0.007597532354714687,0.0,0.0,0.0,0.7,0.5,1.0,3,28655.321512792565,132579.1503790081
13,2,1.5276700790982387,1.8798435858080231,1.8704809550866353,1.5371848266499177,1.1683482604175617,0.12199119933896281,0.09082458848439452,1.0,0.7,0.5,1.0,4,25960.047936858144,122320.13693915607
13,3,1.2500970927192125,1.6039330741549702,1.5945498409728078,1.2697013963987722,0.8566691785594329,0.12100329614512342,0.04555961239397454,0.747966909660382,0.7,0.5,1.0,6,25861.861589593627,122010.4021811812
13,4,0.5366908743453416,0.936277405431416,0.9305510743155412,0.6022725663569319,0.2712446843950703,0.10295995806321596,0.029860201646415417,0.11387855713003252,0.7,0.5,1.0,7,22345.917287956545,110818.64664916458
13,5,1.6828777334422553,2.197144042071069,2.1871315202843373,1.8773911674412127,1.8273050449589694,0.10948292965942297,1.0,1.0,0.7,0.5,1.0,9,3287.2149450790434,27463.35991662694
13,6,1.3180335402083827,1.8484696509603515,1.8387479675404699,1.5406101808350907,1.255905489146791,0.10225725427657384,0.2971747185875172,1.0,0.7,0.5,1.0,10,3448.1192395684257,67263.79051297311
13,7,1.6262921469837315,2.15141761853378,2.1418377313668433,1.8433848130624353,1.854792483289764,0.10695706540167657,1.0,1.0,0.7,0.5,1.0,11,1009.2976326737214,22338.11278552208
13,8,1.5123551035222937,1.9637007395155799,1.9502902908832447,1.6723505736827957,1.6689085489173472,0.10578403223785574,0.8315684743063774,1.0,0.7,0.5,1.0,13,720.9078485130728,21446.942467919755
13,9,1.5198188247648945,1.9409489208800816,1.9282505873622116,1.6589257519207647,1.5738343640683061,0.10562337328869931,0.8592270596970899,1.0,0.7,0.5,1.0,15,704.8682683108864,23659.501880425963
13,10,1.4800911816082922,1.8942038879938017,1.8832594078489189,1.631832275429835,1.48658754467843,0.10547501646506277,0.7830311832701021,1.0,0.7,0.5,1.0,17,609.322909888808,19880.320014181376
13,11,1.366591875020746,1.762789567321951,1.749006553036536,1.5085648620294212,1.4385728137367875,0.10608886513714999,0.5604051701443891,1.0,0.7,0.5,1.0,18,379.4776492506668,15279.191611856417
13,12,1.3099069060309054,1.6894309783529033,1.6770140465179901,1.4390365550609392,1.3888118552859958,0.1053857284427275,0.4525492857527616,1.0,0.7,0.5,1.0,19,378.06043772255305,13004.823401497702
13,13,1.3136316970827937,1.689485309467557,1.6769164289763607,1.4445481189743026,1.322008688705619,0.10536848401323111,0.46082715529993523,1.0,0.7,0.5,1.0,20,382.7533998578452,13581.724859666108
13,14,1.251544921138818,1.6017561041838906,1.5881425552613422,1.3628212806553859,1.3671060502142174,0.10546249644571234,0.3412441310785654,1.0,0.7,0.5,1.0,21,229.0862558353577,19506.36462348254
13,15,1.2504146624236911,1.6002249075195554,1.5865951644996772,1.3665035320120082,1.2452415411114326,0.10546120616033403,0.3390484408590378,1.0,0.7,0.5,1.0,22,222.81758040549423,19170.99713003656
13,16,1.2163056972821236,1.562922085126873,1.5491640633813464,1.3361755483382798,1.224552190792219,0.105506791549933,0.2712582917205838,1.0,0.7,0.5,1.0,23,225.7040967319301,19223.75064693601
13,17,1.2478612187539768,1.59017761702537,1.5762472529408704,1.363906660973414,1.2617603963910877,0.10555257706739145,0.33494432289234266,1.0,0.7,0.5,1.0,24,230.1085229884905,94524.29330259778
13,18,1.2476975248359925,1.58631883986599,1.57224087617891,1.3670795844391406,1.2501782571555442,0.10553160452086534,0.3351694975605081,1.0,0.7,0.5,1.0,26,235.5780834302615,94077.74452229262
13,19,1.2755199730218754,1.6056982407673663,1.595423215359353,1.4040555434350375,1.3227213488837184,0.10664878650374657,0.3907100032495312,1.0,0.7,0.5,1.0,27,87.62932338575656,7233.673429178309
13,20,1.2865903786680641,1.5691040794205668,1.5548969208210834,1.3610895104185103,1.4945840592609574,0.10640234369283046,0.4175587653433997,1.0,0.7,0.5,1.0,28,180.19316124339025,8480.226748626415
13,21,1.279743652285046,1.5598765149487426,1.5455773189418098,1.3497196063279318,1.2873242134000462,0.10646636152580509,0.4039472280161256,1.0,0.7,0.5,1.0,29,220.39453691230645,6695.667996321242
13,22,1.286383586234002,1.5436959872503124,1.5285186409325735,1.344887658912044,1.3869600584042208,0.10645158489554016,0.4186849150068824,1.0,0.7,0.5,1.0,30,194.90355854126696,7769.328849271558
13,23,1.2870656413997585,1.5410277944016517,1.5257219278655436,1.3492288113809514,1.2924354949467736,0.106499506371278,0.420171286149276,1.0,0.7,0.5,1.0,32,227.7706783055688,7263.020569618341
13,24,1.2448760868600188,1.4922704196573588,1.4767132201492328,1.3138386430210551,1.2573084748109018,0.10648646407786162,0.3361492320207531,1.0,0.7,0.5,1.0,34,202.71856657988664,7261.782902393114
13,25,1.2065365424055812,1.4495671563347834,1.4421288524637061,1.3191827776969187,1.2116736567141322,0.1056595635245368,0.261084344287068,1.0,0.7,0.5,1.0,40,122.4456196479793,5270.171500870473
13,26,1.183705732614863,1.416586676558688,1.4066900739398127,1.2847057250895662,1.2015725563555335,0.10546202777684259,0.21607984518593287,1.0,0.7,0.5,1.0,42,118.55173231962,5278.463325943849
13,27,1.2058210440584787,1.4344382786011187,1.4243792612366741,1.306738207260262,1.2140151707276956,0.10567851811975673,0.2601867732973627,1.0,0.7,0.5,1.0,44,97.896600276156,4936.987149702919
13,28,1.1841244306481986,1.4040252692071058,1.3936349761782003,1.2910742980328207,1.2022173529560893,0.10587508866349989,0.2168500448439449,1.0,0.7,0.5,1.0,46,98.28852416345993,4982.285007428804
13,29,1.1840079010417561,1.3957481785552828,1.3850483092777208,1.287345051192025,1.2003773148620072,0.10587234646542865,0.21689638672383743,1.0,0.7,0.5,1.0,48,102.10916844520084,5064.260933219695
13,30,1.1839405873253588,1.3927182846457205,1.3839779342875647,1.2974859625328072,1.1918238935038037,0.10587234646876001,0.21689638476358128,1.0,0.7,0.5,1.0,50,104.76660481201372,5129.456639388236
13,31,1.183927954218131,1.3932278575478811,1.3865790760712464,1.3033279655801557,1.1843422867849687,0.10587234646876001,0.2168963847635812,1.0,0.7,0.5,1.0,52,107.20221414221756,5172.63511910345
13,32,1.2498925073854845,1.447346720667778,1.4402494871095304,1.3829778580198075,1.275081926388093,0.10759977930409056,0.3467576624079364,1.0,0.7,0.5,1.0,54,136.5948598111487,10534.521428884304
13,33,1.2478054800157579,1.4218454463829722,1.4138639519758174,1.367432580201832,1.2987534093572652,0.10796087341867695,0.3426549304303245,1.0,0.7,0.5,1.0,56,173.253069968212,10523.068282614826
13,34,1.2192065541458705,1.392392318569823,1.3843786291370646,1.3604385131432617,1.2202014853429333,0.10790006012207205,0.28556077137720043,1.0,0.7,0.5,1.0,58,172.56229725781267,10606.59521337266
13,35,1.2192555991548546,1.3898711303285638,1.3817605201247765,1.3581785398920676,1.224081372463574,0.10784555230460535,0.2857900810721338,1.0,0.7,0.5,1.0,60,175.84111192565928,10784.183715080377
13,36,1.2192361116483914,1.3897134128070219,1.3815975847306743,1.3655349098743037,1.2186708833640805,0.10788195968407735,0.28570300914240776,1.0,0.7,0.5,1.0,62,174.16737521645982,10721.294743430855
13,37,1.2364390069864273,1.404686558079586,1.3985587420495909,1.4139329377457974,1.2408646583920848,0.10773516103080527,0.3203879102886668,1.0,0.7,0.5,1.0,65,130.2064914509344,8476.714101806785
13,38,1.2364241164588128,1.3977779917987907,1.3913904915630175,1.4039015226171263,1.266122095147218,0.10767882453530575,0.320571844815881,1.0,0.7,0.5,1.0,66,137.10488389063013,8634.80267286758
13,39,1.235189214192022,1.3900115612215278,1.3833781660371631,1.4006431751962933,1.2489328414945224,0.10766908687727528,0.31823516204436025,1.0,0.7,0.5,1.0,68,127.96514594349117,8537.135032640115
13,40,1.2352763186640157,1.382424848716326,1.375502727129104,1.4015201832299438,1.2515827038653016,0.10763497386201629,0.3185875493722047,1.0,0.7,0.5,1.0,70,132.6634331104112,8895.457116790445
13,41,1.2276176315619989,1.369307411035645,1.362180023285321,1.3850977576232486,1.2511444125074376,0.10702468826106737,0.30421141814344127,1.0,0.7,0.5,1.0,71,75.065297257223,8311.103637539865
13,42,1.225465668637972,1.3606272785249984,1.3532545042803896,1.3847981589978227,1.2395458710143987,0.1069793906751719,0.30006997598886664,1.0,0.7,0.5,1.0,73,70.77430939444325,8323.887565592442
13,43,1.2307353954887348,1.363324935278062,1.353783334062829,1.3841795972966484,1.235210444923917,0.10711407532601887,0.3104371895362297,1.0,0.7,0.5,1.0,74,74.71130448775457,8222.09983838514
13,44,1.2277015566236507,1.3611258847996073,1.3536878637721295,1.393150046806042,1.2294449578186786,0.10702376265579275,0.304503297890525,1.0,0.7,0.5,1.0,75,77.55016436875229,8591.268073848481
13,45,1.2280762426238183,1.3582975734628637,1.350739225476065,1.39017364741385,1.2415875221795258,0.10703081908297918,0.3052872276364391,1.0,0.7,0.5,1.0,76,78.04490490735341,8623.43456406256
13,46,1.2279325633260076,1.3586932045832316,1.3532274002577944,1.3974786793099558,1.2309254807503789,0.1070319880886513,0.30500909955691646,1.0,0.7,0.5,1.0,77,83.97368392524837,8906.6556912251
13,47,1.2267341573739952,1.3516241340891137,1.3438655519977258,1.3916379122475058,1.246272024899238,0.10699004842747395,0.3027315121294581,1.0,0.7,0.5,1.0,78,77.19357708265682,8754.80177754724
13,48,1.226616449784627,1.3448584613850902,1.3368503067049624,1.3931344505420231,1.2408324803612476,0.10700214344882034,0.3025628844202131,1.0,0.7,0.5,1.0,80,71.0982185410371,8533.624243605704
13,49,1.2288225243788509,1.3494340054825118,1.3456593657959848,1.4149843208769406,1.2287056020971392,0.1071327306735657,0.3067956870902381,1.0,0.7,0.5,1.0,84,72.54403492978012,8421.440964522459
13,50,1.2330031758518878,1.349450979594919,1.3475923465709618,1.4348941232454786,1.24471083304517,0.10718390338879906,0.3151502298424581,1.0,0.7,0.5,1.0,86,72.41633275163105,8462.696171432934
13,51,1.201943101976496,1.3164762316839096,1.3166179748877256,1.4297448005371682,1.2097012275945136,0.10693282158737685,0.25342322030889186,1.0,0.7,0.5,1.0,88,27.74292713210568,8179.314923342502
13,52,1.2020250414744567,1.3039973368321864,1.303668113330518,1.4266262530876488,1.228867238566843,0.10690000459883846,0.2537612382771302,1.0,0.7,0.5,1.0,90,30.83129774917407,8525.322066156168
13,53,1.2019946134619082,1.2986168464829018,1.300159449856829,1.441076354119848,1.215890830942206,0.10690000459883846,0.2537612382771301,1.0,0.7,0.5,1.0,92,29.433563741141832,8465.863346985872
13,54,1.2095449774885587,1.303705497712854,1.3051558305586228,1.4546335545833147,1.2146997103167616,0.1070155242406722,0.2687225058507256,1.0,0.7,0.5,1.0,94,43.31946421155466,8950.543620486957
13,55,1.186901446248152,1.2678680427306457,1.2667517373288466,1.425413478506678,1.212800293228004,0.10701683320511439,0.22353334658776505,1.0,0.7,0.5,1.0,96,34.2112401659744,8072.558443079288
13,56,1.18689436887651,1.2673635331522346,1.2683010235625936,1.444587032965587,1.1906531183365896,0.10701683320511439,0.2235333465877652,1.0,0.7,0.5,1.0,98,33.48905689223859,8036.836949289736
13,57,1.1817713000462,1.254209454149173,1.2548461790111038,1.4405220699269314,1.1992392015045283,0.10682754391796796,0.21361205944194284,1.0,0.7,0.5,1.0,100,36.59361152182931,8299.892491360652
13,58,1.1867791108743284,1.2665669450364896,1.2799132645924645,1.5778017388910492,1.1867238637085855,0.1069388221241857,0.22347627100880518,1.0,0.7,0.5,1.0,121,30.63014838135324,8135.715178458742
13,59,1.1866279567467706,1.2663781760709636,1.2797230973986253,1.5949020971701706,1.1864867687412073,0.10684940955202468,0.223299414962533,1.0,0.7,0.5,1.0,125,27.80886905841249,8174.268089989245
13,60,1.166620327397907,1.2485657348655714,1.266137639620973,1.578803455396102,1.1674515909181256,0.10624597959818047,0.1841322277509289,1.0,0.7,0.5,1.0,127,36.41213826803416,8217.490267239571
13,61,1.1852177677097313,1.258193417628542,1.267139923616058,1.5892140396063454,1.2011276290232424,0.10710244648425635,0.22015345533951747,1.0,0.7,0.5,1.0,128,29.697416873103084,8126.765449926138
13,62,1.1851752583546609,1.2581541816677007,1.2691732100856359,1.6144681596202943,1.1864672417681157,0.10703978532718017,0.22016513943314092,1.0,0.7,0.5,1.0,132,28.48311837635816,8180.117800549437
13,63,1.1887262946619293,1.2604938258370195,1.2714674974916536,1.6261937579778936,1.1938890481612452,0.10693123543584686,0.22742727909853802,1.0,0.7,0.5,1.0,133,31.25731725467521,8185.563288461118
13,64,1.1859704113902987,1.2601700813584322,1.2753796109983657,1.6275841330920013,1.1861434874154186,0.10696628825980928,0.22186790005869103,1.0,0.7,0.5,1.0,136,29.89366775550145,8113.740095294999
13,65,1.1861180240764446,1.2600725908416488,1.2752729424485003,1.6362170969502057,1.186540784224488,0.10693363684489934,0.22221046202174013,1.0,0.7,0.5,1.0,138,32.971959541952124,8461.674491096366
13,66,1.1708410014419586,1.2509569326399204,1.2767499633726276,1.710984541058793,1.1708241590584187,0.10642715661624971,0.192368624669924,1.0,0.7,0.5,1.0,152,38.87069169190702,8277.427748839695
13,67,1.1702397970811105,1.2499173330123166,1.2777664026484326,1.7226923960386582,1.1739691166628807,0.1064250756502817,0.19118064828570286,1.0,0.7,0.5,1.0,154,35.96645792919621,8209.038165642622
13,68,1.1702390417708894,1.2510091476390923,1.2809715147904583,1.7363744465355837,1.170601721528741,0.1064250756502817,0.19118064828570286,1.0,0.7,0.5,1.0,156,36.038507173122696,8213.783463639938
13,69,1.1704032006539624,1.2487769731431198,1.2765772650405887,1.7212016284909981,1.1726115496484202,0.10642900563055997,0.1915103421569178,1.0,0.7,0.5,1.0,158,38.64184247540399,8326.713790248086
13,70,1.165526035891792,1.2258696607841548,1.2260537189162668,1.4921679262045218,1.1655020144802029,0.1051953934422493,0.1834879789326988,1.0,0.7,0.5,1.0,186,79.64876380141098,4236.760926110471
13,71,1.166757517066113,1.2249532279767037,1.227129303226759,1.5423932729703058,1.1818872187531713,0.10525352549195237,0.1858911638496193,1.0,0.7,0.5,1.0,187,83.94062772099676,4455.920740069401
13,72,1.1649286266990584,1.2222515886503842,1.2243950061301292,1.5313504673790463,1.1657643327398852,0.1052326369311906,0.1822679860280716,1.0,0.7,0.5,1.0,191,79.53355015318441,4186.311573060925
14,0,0.9803496636610987,0.9033695150751814,0.8952175366570518,0.546837824192412,0.06632558231628288,0.09422813485693995,5.742992437782e-05,0.00033717295423601,0.7,0.5,1.0,1,12912.394790085264,162865.23873615637
14,1,0.8960674509290218,0.8562085667601055,0.8478970315147726,0.5053628544582761,0.04364880698914938,0.02557329657092704,0.00695221293016386,0.00206479685332596,0.7,0.5,1.0,2,12852.208220346962,162978.0756221277
14,2,1.137525517708061,1.383772327832414,1.374085333922543,1.0366905981475696,0.7893707611978121,0.00869772549733705,1.0,0.08178706742328354,0.7,0.5,1.0,3,12585.116332730851,101394.94768958417
14,3,0.9257952365872136,1.2999428545946157,1.2895646788477295,0.9644695449498317,0.6576053977337148,0.00452804644771116,1.0,0.01940384074525299,0.7,0.5,1.0,4,12487.696443493538,156090.67223049575
14,4,1.2290204658956334,1.6219084052279371,1.6131726405305866,1.281357962764622,0.8900825567861441,0.00689201530708346,1.0,0.35124505705916387,0.7,0.5,1.0,5,11643.35885259804,163120.17486938243
14,5,1.0547301364715467,1.4718917314625182,1.464905796616244,1.1325926119574836,0.7549829001519806,0.01273728045209872,1.0,0.2057869609992467,0.7,0.5,1.0,6,9969.326703636843,69036.56460499507
14,6,1.0224278669409124,1.4546251493709117,1.4469950701996095,1.1169543338988455,0.7582047399369861,0.01273728045209871,1.0,0.205786960999247,0.7,0.5,1.0,7,9132.083393241644,66267.14771095551
14,7,1.2912767010161634,1.7712149148810021,1.7629452332458468,1.4372254996370422,1.1516300181151469,0.012744892396673441,1.0,0.5395165414829318,0.7,0.5,1.0,8,8466.653731630937,51119.53918652461
14,8,0.9019264875219162,1.390213372137506,1.3801803278043019,1.060414934535119,0.7713629326921578,0.01273728044914437,1.0,0.2057868998777977,0.7,0.5,1.0,10,5629.846985346466,48809.09770206225
14,9,0.9045173907621014,1.3948871380609464,1.384763691964558,1.0691792174885866,0.7271039146022781,0.01319792625512023,1.0,0.2125602647793281,0.7,0.5,1.0,12,5532.888136577775,48195.350202423615
14,10,0.9680782144724538,1.4855824225375345,1.4772187547544178,1.214996715027273,1.1769133499508708,0.03173242434527984,1.0,0.3542217010083086,0.7,0.5,1.0,13,2575.618590405756,244297882.9571297
14,11,1.246576335930855,1.7477416034299444,1.7371714775245817,1.472079600504799,1.3346217395335063,0.04343773780463077,1.0,0.6673346421530675,0.7,0.5,1.0,15,1425.3944574998177,181313.53901372905
14,12,1.592634987814592,2.088439818957826,2.0817208584029827,1.8475189847526177,1.552071798231065,0.06616979867131806,1.0,1.0,0.7,0.5,1.0,19,1902.3902147150573,214214074.2866305
14,13,1.4623761685690404,1.9465713898590766,1.9411463371326954,1.7253078168095723,1.4737618818548754,0.05684098387291072,1.0,0.8855327617560246,0.7,0.5,1.0,21,992.1250151493368,218810700.9973352
14,14,1.5762889635359216,2.0501178689852995,2.0379366416252402,1.828552228658725,1.5601095166144288,0.061856712129358137,1.0,1.0,0.7,0.5,1.0,24,937.6522247568296,445138.755935982
14,15,1.5546524208441048,2.0104675959639517,2.0013453930139584,1.8116160338133724,1.7105552111102895,0.046808756358879176,1.0,1.0,0.7,0.5,1.0,25,627.977904334186,237998.8657745596
14,16,1.550337201258293,1.9712050804228918,1.95643347334234,1.7688975241906728,1.5946735535260417,0.04831762048946197,1.0,1.0,0.7,0.5,1.0,27,547.4313057389983,270037.8662559826
14,17,1.4497003288789596,1.8619277702096393,1.8467723670432643,1.6606570236673281,1.4801657579607803,0.04194846234458347,1.0,0.9054689642155684,0.7,0.5,1.0,28,319.1032744230495,132326.7177214991
14,18,1.463713444341592,1.8750362178941913,1.8619055877850985,1.6849835398336375,1.4547944177666539,0.04239385760343201,1.0,0.9195495320954672,0.7,0.5,1.0,30,308.4949116302162,138904.52832349637
14,19,1.196985518293378,1.6104975856593033,1.6036548364063727,1.4709233997239046,1.1843507423916817,0.050845003088299735,0.946197053066669,0.6741156074747426,0.7,0.5,1.0,36,329.28882205654617,317408.05715569283
14,20,1.1989309603910439,1.5970801866377107,1.5937089221957648,1.4783311718474283,1.2781033546340863,0.052258002619398836,1.0,0.6508640959112614,0.7,0.5,1.0,37,511.3160887179397,296231.11946959014
14,21,1.202909716440177,1.5991165031934789,1.5956632939897388,1.4841699176464003,1.1964923993806915,0.05225536487976966,1.0,0.6550992553130203,0.7,0.5,1.0,39,507.4869419428442,296543.88134558155
14,22,0.8246504286433284,1.209523134331136,1.2014621923470163,1.1053753463306526,0.8572950288594519,0.046642286897655774,0.7614997326961228,0.4010853760726584,0.7,0.5,1.0,40,317.160612576692,315401.2963739615
14,23,0.8244605489625011,1.2089745940893981,1.2029657675805763,1.125442249001694,0.8185277814968792,0.046642286897655774,0.7614997326961226,0.4010853760726584,0.7,0.5,1.0,42,315.1221932184057,315438.8098752929
14,24,1.1350053590817815,1.5182690497892413,1.5142753893166736,1.4482565764648647,1.1378575165711395,0.054592794824594615,0.951220263166252,0.6114921651975809,0.7,0.5,1.0,43,553.5300223925417,375708.2383260663
14,25,1.0097269758392335,1.3725664893940481,1.3677367239906821,1.304766682109039,1.1001926564234294,0.04416627357545314,0.9509539181060696,0.49563258528080817,0.7,0.5,1.0,44,383.83696261257165,468006.80929579807
14,26,1.0153215969268623,1.3747511100452694,1.3697834638546424,1.3109598773841653,1.0241035970368744,0.0442129635622988,0.9563380106664768,0.49878943211686844,0.7,0.5,1.0,45,370.94822051628057,467841.665738364
14,27,1.1928370297747843,1.5205273217400173,1.5080849082055194,1.420638169914319,1.2524512083260744,0.04649729943883487,1.0,0.6548315880124386,0.7,0.5,1.0,47,212.9980906041331,311797.5492789137
14,28,0.9353191740883166,1.266091533781137,1.2599798063147927,1.2038629635945506,0.9320039326975611,0.04685970759864766,0.8114070600396832,0.49141014962732144,0.7,0.5,1.0,49,214.10491675142904,311238.8461465067
14,29,0.9316465291124036,1.260176122979346,1.2539758066176454,1.2017054087235173,0.9315735976182214,0.04683183506348629,0.8110392460440099,0.48807224783769687,0.7,0.5,1.0,51,212.67831368031332,310691.8739287863
14,30,0.9245917633961511,1.2501696103664306,1.2459227039830962,1.2025328238559412,0.9294677162822199,0.04606137627519362,0.8091974205439569,0.4827194276687862,0.7,0.5,1.0,53,201.24058850311613,309823.58241381234
14,31,0.8837283301969391,1.206785529587561,1.2003695750908532,1.167765248797025,0.8842663132136857,0.04626141459390943,0.810290506120781,0.44123463697062393,0.7,0.5,1.0,54,192.17702736293336,310718.8592687691
14,32,0.940766802867432,1.2611249994618408,1.2566729940606587,1.228360925238727,0.9545850780693179,0.04672315681306705,0.8235431998519542,0.4915376123521219,0.7,0.5,1.0,55,182.7573154272088,310546.1497018999
14,33,0.920605255065741,1.2339039005731127,1.2291753653934139,1.2054571402478793,0.9324416694139307,0.04564235086467749,0.8103715277583212,0.479071538630331,0.7,0.5,1.0,57,170.2341971091956,307752.9963053766
14,34,0.9142245233403425,1.2267890389900629,1.2241020851279174,1.2092432785345424,0.9146551864868134,0.04542954587554174,0.8085881977391022,0.4738294729341813,0.7,0.5,1.0,59,172.23311712782666,306884.16224915255
14,35,0.9081838629015455,1.2154647626642576,1.2125715791478362,1.2021046403770463,0.9283209804843164,0.04502260624245702,0.8084527409921766,0.46838263856103185,0.7,0.5,1.0,60,156.07301404910174,305009.5939485828
14,36,1.0335919578708919,1.313427486941282,1.3053293394791323,1.2907095982168038,1.0587324436288617,0.043033610599081965,1.0,0.5003741373106141,0.7,0.5,1.0,64,183.3018681699898,132423.97796815453
14,37,0.9336313614553523,1.2104170176512472,1.2022012499735015,1.1998619875583598,0.9375589879812124,0.0432914038754402,1.0,0.400335030494785,0.7,0.5,1.0,66,185.57132718655336,132898.26701914813
14,38,0.9335199361625304,1.2102081702217036,1.2019886927692305,1.2033438503528022,0.9308141087595887,0.0431420242401921,1.0,0.40033023299494735,0.7,0.5,1.0,67,181.6551425850168,132477.537633057
14,39,0.9362730235898434,1.2049418878295213,1.1964138350663915,1.2026057980301774,0.9698801144764997,0.04341698083607183,1.0,0.4031434937552709,0.7,0.5,1.0,68,176.40913272694138,133714.9786216038
14,40,0.9390157331415367,1.2013284269975821,1.1925563562294939,1.2070303613451454,0.9507683626179062,0.04354114312909242,1.0,0.4059838804313725,0.7,0.5,1.0,70,168.32541583057937,134538.34511292796
14,41,0.9359671407791968,1.202905410512854,1.2046667736389796,1.2538231312906627,0.9379511667039563,0.04332555941273805,1.0,0.40314157602510514,0.7,0.5,1.0,72,169.64084768269768,132252.07630873178
14,42,0.8711742596871824,1.1368027024314493,1.1385138567667419,1.2001545746192135,0.8746064012089745,0.043801523633415204,1.0,0.3380513219089224,0.7,0.5,1.0,73,92.34865656634464,133022.14641558667
14,43,0.8735120404154275,1.134782614510208,1.1363268806939204,1.2063718297721633,0.8809627566213154,0.04392412457121374,1.0,0.34041888011729704,0.7,0.5,1.0,75,89.29308629252316,133908.4351457836
14,44,0.8823773348045632,1.142104108908327,1.1456605626569198,1.2282507867963874,0.8865532273374823,0.04378744863735391,1.0,0.349453151754973,0.7,0.5,1.0,77,116.70625036454494,155006.13986600318
14,45,0.9672996006126625,1.2228178700366774,1.2262134686302013,1.3314670109902065,0.9745731586964478,0.04557026649682084,1.0,0.4332309479000437,0.7,0.5,1.0,79,74.80952984071911,82777.69362234965
14,46,0.8807828046302896,1.1325094612998803,1.1357602737099466,1.254546838740195,0.8872024139903207,0.045826681865744304,1.0,0.34662406580578076,0.7,0.5,1.0,81,76.68531636992898,82804.25678507356
14,47,0.8792568853055631,1.1273434576188601,1.1304554286169037,1.2575463510469007,0.8854129868154423,0.04584878403113733,1.0,0.345165227242878,0.7,0.5,1.0,83,77.26738407247264,83090.89495625923
14,48,0.9405877872316434,1.1879372430504085,1.1930925433846191,1.3443381844928453,0.9481788565463101,0.04521459904175309,1.0,0.40698694721638484,0.7,0.5,1.0,84,68.38774570772553,67790.27945641152
14,49,0.8602000531519611,1.0931366457015652,1.0998151054114567,1.2526042154386163,0.9285884912677161,0.04448253619464641,1.0,0.32742609883839946,0.7,0.5,1.0,85,63.4757515191434,75149.06352256841
14,50,0.8589577500476047,1.0885672464499243,1.095119364654304,1.2563438601033847,0.864801039855982,0.04450012040533028,1.0,0.32623187574753837,0.7,0.5,1.0,87,65.5005279704395,75533.95708639175
14,51,0.8620682174243031,1.0908644466941655,1.0973856322920483,1.2667131863814236,0.862366008410621,0.04461847565644575,1.0,0.3292743035353048,0.7,0.5,1.0,89,60.94320996945,76006.37548910521
14,52,0.861288250226173,1.086423608247738,1.0907340897664837,1.2558582172725021,0.8649590947734918,0.04462066724459105,1.0,0.3285335041842699,0.7,0.5,1.0,91,60.99327920991805,74362.85433852382
14,53,1.1638110500449739,1.3701054757198383,1.373702106988991,1.5533724415333814,1.2044579753423807,0.04455972439332706,1.0,0.631394114391988,0.7,0.5,1.0,93,56.587129430757805,207923.0613430125
14,54,1.532426737788282,1.7273248891332977,1.732562632518942,1.9306382574914434,1.5878436588056242,0.04481562640434774,1.0,1.0,0.7,0.5,1.0,94,46.4110322389806,262120.05277996144
14,55,1.5246896997691481,1.7141408360010724,1.7191728728377664,1.9358330368696506,1.5357734719916978,0.04480886746144994,1.0,0.9923336655329674,0.7,0.5,1.0,96,45.17439311765522,261622.64188895692
14,56,1.5246896997691481,1.71546815594209,1.7226223047684424,1.9576983233547136,1.5236999561657902,0.04480886746144994,1.0,0.9923336655329674,0.7,0.5,1.0,98,45.17439311765525,261622.64188895692
14,57,1.3596735749706421,1.5488801821883866,1.5559750187316432,1.8052017263864966,1.36218414199471,0.044602723833865696,1.0,0.8274802000286703,0.7,0.5,1.0,100,40.22247709952276,261185.83962066827
14,58,1.3600795285865688,1.5469597527097174,1.5539668079922042,1.8115740175431356,1.3642897254032835,0.04462051114050551,1.0,0.8279003472482719,0.7,0.5,1.0,102,41.052460427925,261854.55759137185
14,59,1.3626647383473602,1.5475889254854431,1.5545221751835725,1.8204534506816699,1.3660717668609972,0.04473692364063414,1.0,0.8304259680634548,0.7,0.5,1.0,104,38.58709371759473,262696.6616786383
14,60,1.000664784825425,1.1852902884545162,1.1922122810886806,1.500922579032824,0.99994276835288,0.045762886448484766,1.0,0.46771129572181913,0.7,0.5,1.0,111,104.01143185568938,77015.7911306312
14,61,0.8996805967633242,1.0826248974279264,1.0894834780099667,1.406314729265108,0.9062537303038823,0.04638759795156295,0.9594215726340378,0.38659751734891457,0.7,0.5,1.0,112,106.92271835227434,76471.37539296735
14,62,0.9800839814848671,1.1613372130481725,1.1681320392771535,1.489578697634104,0.9867289876691837,0.04418514702719694,1.0,0.4482717130311037,0.7,0.5,1.0,113,93.48820778291628,72752.59345122913
14,63,0.9780530515520801,1.1553938219015534,1.1620411447383374,1.4918124757404403,0.9858261810734578,0.04414939186503903,1.0,0.44630655064214997,0.7,0.5,1.0,115,93.19287071736196,72530.28131800836
14,64,0.990185400487311,1.159058571355897,1.165386909681767,1.4769176107577084,1.0081314252241096,0.04488007456480454,1.0,0.4580105203154578,0.7,0.5,1.0,117,86.8071162546106,67870.5196489226
14,65,0.9720680628016738,1.1344473344253019,1.140531207064353,1.4760598353697967,0.9809359856102223,0.04388957654842498,1.0,0.4406456260996626,0.7,0.5,1.0,120,85.27629810706948,66570.06254480113
14,66,0.9724106749698276,1.1352018347002801,1.1433733539779762,1.4520706000131463,0.9757730094197867,0.0438926298160764,1.0,0.4409941383850159,0.7,0.5,1.0,121,84.10608435212676,66725.73151272099
14,67,0.8709455484694903,1.0292864315161232,1.0352183281554965,1.387079157549031,0.884074264493689,0.04448516729651143,0.9440877814707113,0.3670971401017834,0.7,0.5,1.0,122,85.00018556570805,66536.47092258488
14,68,0.8757102617545112,1.0333529388419802,1.0392585837393595,1.3990169662874439,0.8766049453131828,0.044530252558352426,0.9487930075085249,0.3694836007793602,0.7,0.5,1.0,124,82.52138081980868,66887.92321932992
14,69,0.9718191096231832,1.1280073182715897,1.1338582387592369,1.4977263087373027,0.9777081324742058,0.04431021021824888,1.0,0.44015529773168166,0.7,0.5,1.0,125,71.66760897047159,66613.66414492534
14,70,0.9723088683280171,1.1296656422222862,1.1376326882112102,1.513840192660814,0.9719428041027474,0.044139443478464664,1.0,0.4407656369567473,0.7,0.5,1.0,127,74.36931078549364,66729.223564227
14,71,0.9731289869929912,1.1290861214528511,1.1390726950056338,1.5398402725986928,0.9785260839020827,0.04421271310100021,1.0,0.44155664926701743,0.7,0.5,1.0,129,69.99413681601796,66584.3827087242
14,72,0.9729545377793983,1.1261650038941444,1.1339761211029973,1.5225809610987087,0.9786086702365837,0.044178311819762776,1.0,0.44141758479829407,0.7,0.5,1.0,130,72.794801152233,66689.62313674556
14,73,0.9325614565796084,1.085377714491802,1.0931740045797058,1.4896696448547342,0.9336984004087138,0.04497503182137103,0.9979219270796484,0.40150895699628075,0.7,0.5,1.0,131,77.39920892809437,73109.7303380254
14,74,0.9751962412711631,1.1272867141440495,1.1371279022450471,1.5543789769306855,0.9764172316007247,0.04413830463487506,1.0,0.4437064264015125,0.7,0.5,1.0,136,70.78888995644145,67166.57021285976
14,75,0.9750444969597623,1.1264558142675072,1.1362714707504358,1.561586188468197,0.9759509326770037,0.04431309064753828,1.0,0.4434375351541033,0.7,0.5,1.0,138,77.21075880171098,67467.28050261739
14,76,0.9755848753038815,1.125383824392692,1.1330666603961883,1.5576337931973794,0.9762599034452139,0.04393266331328468,1.0,0.4442463965839508,0.7,0.5,1.0,139,75.9039617853588,66693.54374490639
14,77,0.969208728290746,1.1209899125021114,1.1349638934384023,1.5936455517573904,0.9775823010904113,0.04394048017182297,1.0,0.43788009389532523,0.7,0.5,1.0,140,68.175428389863,65513.46666777672
14,78,1.0146189179967777,1.1742434351315374,1.2009454323075501,1.7798600668599383,1.0141511249099877,0.04369949448878861,1.0,0.4834596635872207,0.7,0.5,1.0,144,63.38848490133861,173164.7477213153
14,79,0.9422606507039128,1.1003349512531948,1.1311231365648813,1.7626855089374684,0.9479221150253831,0.04427491434718272,0.9720704225579937,0.42469422774976334,0.7,0.5,1.0,147,55.74566506848762,180012.85796745293
14,80,1.018546349904727,1.1754989226187975,1.2062449707445717,1.8077106832164669,1.0204695358896472,0.04428549654935527,1.0,0.48701565063467483,0.7,0.5,1.0,149,63.9285569994891,174598.82764974583
14,81,1.018546349903592,1.1754989226187966,1.206244970744571,1.8077106832164662,1.018015719224947,0.04428549654935527,1.0,0.4870156506346741,0.7,0.5,1.0,150,63.92855689294902,174598.82765725235
14,82,1.014956605981459,1.168109912760975,1.1945687598431196,1.817252826483947,1.0194933223087803,0.04346257500841227,1.0,0.4840100217690887,0.7,0.5,1.0,151,57.35760765064232,172692.03731570233
14,83,0.9978312106089737,1.1493187818566646,1.1777873090397974,1.8121083537604676,1.0105100007708865,0.04362669436228742,1.0,0.4667903371652254,0.7,0.5,1.0,152,46.54467009475712,169083.779835278
14,84,0.9331176817146553,1.0725613028329068,1.1005776532902065,1.7561618564144212,0.9857833687431388,0.04359330470638543,0.9707378979088241,0.4168081498841314,0.7,0.5,1.0,153,43.03190866727424,171154.61711702443
14,85,0.9331175119853392,1.0725328267746121,1.1005480926666673,1.756135931267063,0.9328174650155893,0.04359330471325232,0.9707378979213808,0.41680814994751947,0.7,0.5,1.0,154,43.345972564946685,171124.31641679924
14,86,0.9331175119110244,1.0725328267001386,1.1005480925921938,1.7689986589730413,0.9326925097682637,0.04359330470638543,0.970737897908824,0.4168081498841311,0.7,0.5,1.0,155,43.3459726474067,171124.31637487205
14,87,0.9951775497156506,1.1342791893280362,1.1643549548622578,1.8374079537995702,1.0021757269749716,0.04375991533049965,1.0,0.46413052219022555,0.7,0.5,1.0,156,46.280911582571946,164844.41494313846
14,88,0.9099175580336364,1.0448604534839547,1.0747802152854606,1.7623357196738514,0.9276745573889242,0.043458623633276836,1.0,0.3791052389909174,0.7,0.5,1.0,157,40.68322798056789,181820.87538796748
14,89,0.9950153515293436,1.1277648429293157,1.1596745819458838,1.8466012906191562,1.0101386608329614,0.04407319511464724,1.0,0.4637923844240282,0.7,0.5,1.0,158,39.74786938540919,165030.6921608722
14,90,0.9138185823964635,1.0380232721362777,1.0654678978210268,1.7660103509240974,0.9221235304606434,0.04408818709807969,1.0,0.3826163339701355,0.7,0.5,1.0,161,33.94774169281951,172693.1802783703
14,91,0.9119167028564017,1.0356516976577788,1.0630787554436254,1.7722599010637858,0.9126116647860856,0.04404417653373553,1.0,0.38074767119309116,0.7,0.5,1.0,163,35.265670870246005,171715.2222808605
14,92,0.98151810608785,1.106501923540159,1.1360481334038477,1.8498926391031794,0.9813572318757421,0.04390597507790146,1.0,0.4504462249908515,0.7,0.5,1.0,165,37.73368230985129,167070.98232803127
14,93,0.9712693085672018,1.0934890066206002,1.1229315731303413,1.845795745476349,0.9831191942320651,0.044071645785768346,1.0,0.4400954020375415,0.7,0.5,1.0,166,46.575630657371725,169504.81505183637
14,94,0.9712693086085684,1.0934890066621952,1.1229315731719365,1.8457957455172793,0.9709456718539858,0.04407164578984788,1.0,0.44009540207628073,0.7,0.5,1.0,167,46.575630580767,169504.8150798957
14,95,0.9717283203682023,1.0901435106585842,1.1194434525418764,1.8514628779689062,0.9881579687455377,0.04415975763099258,1.0,0.4405112802543633,0.7,0.5,1.0,168,36.48489054069245,170159.21190157556
14,96,0.9723645761636418,1.090429557753037,1.119716380800814,1.8647439753956223,0.9728312471372337,0.04414074128230433,1.0,0.4411625195402009,0.7,0.5,1.0,170,37.04873224572511,170413.82833831836
14,97,0.9713062114297749,1.0904912554205273,1.1218923677510113,1.8716032316087725,0.9719153570965174,0.04413920134218923,1.0,0.44010621960392804,0.7,0.5,1.0,171,38.63703577878089,170073.26934746886
14,98,0.9284196835662502,1.0410152859981632,1.0659523767470034,1.8269030748589747,0.9294043008329933,0.04385366237384739,0.9698568131357099,0.4125034039160588,0.7,0.5,1.0,180,34.31140810603994,174707.00841624895
14,99,0.9177313780918244,1.0352955568714388,1.068708262373776,1.8671011001217295,0.9189430715204265,0.044366952086975144,0.9683809692772831,0.4021952948407618,0.7,0.5,1.0,181,36.47045643689244,176260.4224089884
14,100,0.9267416794750567,1.0391951778600925,1.0661992988250772,1.84077406340231,0.93142390802107,0.0438543932561055,0.9697279004004011,0.4108961022463002,0.7,0.5,1.0,182,34.20696780176232,174874.3021636472
14,101,0.9199849687495316,1.0345853856168359,1.069959378297927,1.8867253172456901,0.9243533402138878,0.044125050664248086,0.969435009322084,0.404110582886577,0.7,0.5,1.0,185,36.16703765983719,179007.7545121737
14,102,0.9223702420303053,1.036570103830479,1.074001478653914,1.9221084856270445,0.9240134216821927,0.04441889303731656,0.9698198846924025,0.40610531815472156,0.7,0.5,1.0,189,35.391563543204306,180546.0685534245
14,103,0.9397783061124998,1.048349018436136,1.0772800282803159,1.9053663708536448,0.9398802782470561,0.04451620889542623,0.9709300703192772,0.4228915968821895,0.7,0.5,1.0,193,35.04961624035425,168855.90748295246
14,104,0.9383163549445129,1.046157879872056,1.0750615735656166,1.9120034850825092,0.93963455219135,0.04448182591407527,0.9706054028260065,0.4216191382856542,0.7,0.5,1.0,195,36.87778738787432,168597.03844511084
15,0,0.7087680858595956,0.8355661701573667,0.8265534528404461,0.48139421173394603,0.021594304981607214,0.03069494424089959,8.537174273608e-05,6.515814160946e-05,0.7,0.5,1.0,1,33113.883336620966,162865.23873615637
15,1,0.6598347446230172,0.8085516783682778,0.8014093169482348,0.4536781347546298,0.017697522035077805,0.0,0.0,0.0,0.7,0.5,1.0,2,32359.980176562007,161027.03337403666
15,2,0.6613145900807185,0.8562422409413905,0.8485866025923928,0.5065871510532268,0.10298471231897073,0.08761601120698978,3.673742426029e-05,9.945437442753001e-05,0.7,0.5,1.0,3,30872.63023965941,155909.61561150508
15,3,2.0618900424731246,2.405383638760542,2.3973805909262573,2.0596025629789527,1.7530352991497204,0.17129065840448998,1.0,1.0,0.7,0.5,1.0,4,11039.908707201594,160404.445689424
15,4,0.4981736632821516,0.8354246057520283,0.8283743988186095,0.4938874417484118,0.10405548688678573,0.10514951538052586,0.00127525762708111,0.00571671135060402,0.7,0.5,1.0,5,24517.713332551284,123613.41502102856
15,5,1.6159706102393367,2.007409961761414,1.9999659181943619,1.674713565465991,1.3358056350800263,0.10543825466033005,0.3773862199035455,1.0,0.7,0.5,1.0,6,14396.9980634406,88305.43769940993
15,6,1.7573653034036028,2.254529367404081,2.246758951438177,1.940084526664609,1.716823872627481,0.10560454489141018,1.0,1.0,0.7,0.5,1.0,8,3824.694519694882,41766.2222901964
15,7,1.7573390028093674,2.25583700114236,2.250188033712745,1.9593893129146942,1.5739544473567828,0.10560454489141018,1.0,1.0,0.7,0.5,1.0,10,3824.195045175583,41763.49107320489
15,8,1.7422834735045631,2.3083020100271994,2.302664219121432,2.0129500200695065,1.58007085632345,0.10075831128691155,1.0,1.0,0.7,0.5,1.0,13,3991.913460970618,1242861455.25889
15,9,1.384381403624463,1.8985243392778315,1.8879512703161538,1.6077870755665187,1.568027225642075,0.10361788192807472,0.44102560669877244,1.0,0.7,0.5,1.0,14,6143.411082246365,42706.50626169505
15,10,1.64548267298976,2.1491680217796745,2.1370002907526517,1.8627327095892927,1.6813035711869104,0.12347538880468863,1.0,1.0,0.7,0.5,1.0,16,3309.69076213241,2860752555.4092
15,11,1.640373405827107,2.138378231155782,2.1257515114096943,1.8558534769399087,1.6396563646022022,0.12563709586565658,1.0,1.0,0.7,0.5,1.0,17,690.0043634160278,6596360142.474134
15,12,1.6064666053813283,2.062139937092229,2.0469588382245374,1.799871369698454,1.7299796017153168,0.11454009779543055,1.0,1.0,0.7,0.5,1.0,19,883.3817241595593,1228491526.6633756
15,13,1.5911492618808543,1.9882608575682599,1.9703857220511072,1.7413599845117997,1.7367287263115603,0.11216166488728337,1.0,1.0,0.7,0.5,1.0,21,743.4982428114643,1230817179.6342294
15,14,1.590797333437712,1.9867743467285548,1.9709164240096033,1.747234935054899,1.5845889836470624,0.11216166488728337,1.0,1.0,0.7,0.5,1.0,23,769.7367054922768,1230776904.457457
15,15,1.5894750531597754,1.9752551438927133,1.958964912411227,1.7430516265761313,1.630230158898922,0.11225989403600367,1.0,1.0,0.7,0.5,1.0,24,648.8960802944188,1231034683.0957708
15,16,1.58898515718968,1.9719453528843172,1.957604484290071,1.7501068328452956,1.598049047670012,0.11225029170215935,1.0,1.0,0.7,0.5,1.0,25,653.6018941160712,1231008587.722605
15,17,1.5883995628495073,1.9682127501121396,1.9558077834871561,1.7577965005182994,1.5893969563766028,0.11215018039095874,1.0,1.0,0.7,0.5,1.0,27,595.139985801184,1231145131.0733316
15,18,1.5726444489763203,1.893860838842083,1.8790931197974632,1.695471846002928,1.7061903760379242,0.11110207602235052,0.9794307089970007,1.0,0.7,0.5,1.0,29,347.9362841650368,1231150308.2676554
15,19,1.4886326545246535,1.8035049386023818,1.7884876956542715,1.620862095253739,1.4984660413177164,0.11106214694276324,0.8121551080631482,1.0,0.7,0.5,1.0,31,260.2486743741309,1231417080.5123992
15,20,1.4886326637758485,1.8048323488388274,1.7919371644039421,1.6419997898917535,1.4838210791097266,0.11106214683057566,0.8121551267847066,1.0,0.7,0.5,1.0,34,260.2486130497164,1231417080.769009
15,21,1.5788794779142796,1.8765531554210686,1.862933887187956,1.7065346157647119,1.6600077124211188,0.11257246517039635,0.9922995974410836,1.0,0.7,0.5,1.0,35,206.6799946642224,1231538363.2755868
15,22,1.5822271366804186,1.8715756393099574,1.8597036890846705,1.7144635143601192,1.6006805886545867,0.11241617515273591,1.0,1.0,0.7,0.5,1.0,37,167.08818315816492,1231684694.4447618
15,23,1.5821270760069988,1.867958371151115,1.8580210131693224,1.7336086102369848,1.5897825233785219,0.11253383334120995,1.0,1.0,0.7,0.5,1.0,39,146.93979717891392,1231729340.0863457
15,24,1.5814878808993558,1.864565889587881,1.8524512516267273,1.7215716096305003,1.58464588727768,0.11227529130467387,0.9991871584392497,1.0,0.7,0.5,1.0,40,158.12626027681125,1231699138.0611606
15,25,1.5818105024906512,1.8614799495543939,1.851304501595055,1.7313412075577967,1.600152670316171,0.11239385396010496,1.0,1.0,0.7,0.5,1.0,41,136.34167915757922,1231845370.2353687
15,26,1.4717671429903223,1.6728313814903415,1.6555115669448377,1.553004280713561,1.8109214710638195,0.11091734095516456,0.7855615391768401,1.0,0.7,0.5,1.0,42,158.67936615935557,1231415866.9537003
15,27,1.4718887788078006,1.6709729648296063,1.653578162822998,1.55492968565986,1.4749777708651532,0.11098581855449134,0.7857694403262224,1.0,0.7,0.5,1.0,44,148.74829104245865,1231454716.0432527
15,28,1.4066248168195004,1.6028590037312078,1.5874281342694543,1.4955348173255578,1.4146569044224362,0.11092989694919171,0.655443440820695,1.0,0.7,0.5,1.0,46,134.14723395638845,1231545558.6546123
15,29,1.359304636796884,1.5535925914685378,1.536016190556402,1.4624524331171695,1.3594371303516262,0.11091218135582862,0.5608457622980018,1.0,0.7,0.5,1.0,48,123.0096188056548,1231487808.7460885
15,30,1.3592999410188293,1.5545876763584012,1.5391209587919932,1.4726845771097072,1.3587875739265767,0.11091218135582862,0.5608457622980019,1.0,0.7,0.5,1.0,50,120.41679713391848,1231494205.0245168
15,31,1.4698993098804178,1.6647240616088632,1.6513117184703803,1.578537788033521,1.476642214455749,0.11067732147729807,0.7824241935532334,1.0,0.7,0.5,1.0,51,137.107563271261,1231457684.6656692
15,32,1.3591896047323306,1.5524490904782082,1.5369056330527238,1.4782687961085148,1.3591155878151562,0.11104048450475942,0.5605035445278151,1.0,0.7,0.5,1.0,52,118.69455709022368,1231500259.2548983
15,33,1.5661055079372628,1.7554549815641203,1.7459790489351674,1.6856805475336096,1.6038027377413173,0.11040588539516723,0.9754584198607669,1.0,0.7,0.5,1.0,53,145.5565050103503,1231424840.619499
15,34,1.578369350817853,1.7530036810474823,1.7409005292148716,1.6898249231216973,1.6051836018168444,0.11061129601803583,1.0,1.0,0.7,0.5,1.0,55,158.66493921603723,1231407252.890057
15,35,1.5673707406483974,1.7406024314022521,1.7325904418829154,1.6857452246540956,1.575458891524046,0.11046283384415709,0.9783002727268665,1.0,0.7,0.5,1.0,57,133.63285042663924,1231476765.352179
15,36,1.4696930229091267,1.6398813641786465,1.6317546438914798,1.5924062813584632,1.4823103622111882,0.11092346718678261,0.7823648253964445,1.0,0.7,0.5,1.0,58,139.04468716464334,1231451816.3455772
15,37,1.468654965587395,1.635736852980295,1.6274930643299617,1.592418708645197,1.4815605876573539,0.11052537302527317,0.7809101170249496,1.0,0.7,0.5,1.0,59,114.17919702506816,1231442979.0432675
15,38,1.4038154880826048,1.5700945994888276,1.561820533481587,1.5300486857026465,1.406545414110783,0.11096058977647968,0.6506381094406211,1.0,0.7,0.5,1.0,60,124.21673378483024,1231441159.126442
15,39,1.4039394154013234,1.5659840656271717,1.5575504768269566,1.5380531907993351,1.4218851678238895,0.11106753539545118,0.650819717236329,1.0,0.7,0.5,1.0,61,110.44856255532297,1231453774.6891086
15,40,1.4039504938049787,1.565014128309178,1.5565436045275876,1.5449752142787023,1.4053456093736267,0.11107780574478135,0.6508463173753067,1.0,0.7,0.5,1.0,63,92.5857286293434,1231480868.2963307
15,41,1.5584655898529136,1.7173532861927443,1.7046566089768584,1.7186157138898912,1.5580430187810705,0.11356700620846513,0.9563824640068465,1.0,0.7,0.5,1.0,71,132.9030086299842,1231445302.0583858
15,42,1.497805235386778,1.6468247582068858,1.6358287212462113,1.6564094450090483,1.5232942024249172,0.11226925207689922,0.8370816327452827,1.0,0.7,0.5,1.0,73,153.49087563871316,1231419893.5350287
15,43,1.4401261962216396,1.5851240018241233,1.5739766836280666,1.6068165770647655,1.4459287894287658,0.11228371665943575,0.7217707471188204,1.0,0.7,0.5,1.0,75,130.83834361799407,1231446983.465239
15,44,1.5783053946995402,1.679830053001589,1.6691224554576836,1.7280771034853548,1.6494487444360912,0.11136944583971795,1.0,1.0,0.7,0.5,1.0,77,93.34971066495504,1231649324.2274902
15,45,1.5270672980400626,1.6341795647278976,1.6216091923079927,1.7026098803498504,1.5285097288029637,0.11217176884388332,0.8963280633628136,1.0,0.7,0.5,1.0,81,97.44953953224956,1231615956.4529667
15,46,1.5788592723144756,1.682876311896523,1.6743344704407856,1.7770737229203064,1.5979363470170505,0.11215197715019916,1.0,1.0,0.7,0.5,1.0,83,122.22849410701824,1231555392.0406425
15,47,1.5610823715117392,1.6623964126514792,1.6537531889966615,1.760821506895961,1.5662455936206885,0.1117309509956264,0.9650639212271145,1.0,0.7,0.5,1.0,86,126.37847290874149,1231615546.591671
15,48,1.5418867129970906,1.6130529532544418,1.6012077018301112,1.7077603461182465,1.644430567083495,0.11151196620914221,0.9272351812436638,1.0,0.7,0.5,1.0,87,114.78543136523348,1231456590.057698
15,49,1.541296690606527,1.6165501575903072,1.6069303355910856,1.7219410537834499,1.5439499087153532,0.1115524147609422,0.9259771015624472,1.0,0.7,0.5,1.0,89,124.33991336494071,1231403302.652835
15,50,1.5342984091297178,1.6198388635926912,1.6106044012624463,1.7481523665045362,1.5419316878263851,0.11132792359758707,0.9122098732052469,1.0,0.7,0.5,1.0,92,169.89700132342625,1231236309.115525
15,51,1.5776013280260668,1.6391996868579755,1.6269961922236291,1.7537691621693892,1.6150821170603085,0.1106078233465055,1.0,1.0,0.7,0.5,1.0,93,144.0528798497616,1231713944.0452156
15,52,1.5776695068981748,1.634578734785101,1.6221997113608544,1.7496140481716722,1.5896376870948066,0.11072795318680909,1.0,1.0,0.7,0.5,1.0,94,136.92805457163183,1231732312.269621
15,53,1.5776695068957287,1.6345786942785112,1.6221996700557337,1.7574104466840337,1.5775097423297264,0.11072795318680909,1.0,1.0,0.7,0.5,1.0,95,136.9280538512838,1231732312.272015
15,54,1.5776915624186496,1.6426580628731147,1.6367978847355134,1.7560800955379094,1.5783600985931638,0.11073976534590424,1.0,1.0,0.7,0.5,1.0,96,147.66173588979203,1231690057.9010122
15,55,1.5363489863616433,1.5964314669074278,1.5841712270159671,1.731664111751193,1.5374520294177678,0.1109857924282572,0.9169766103195771,1.0,0.7,0.5,1.0,97,151.6045677669048,1231685882.8295217
15,56,1.577574310535422,1.6468264855812311,1.645271545216525,1.830506167063753,1.577629054993424,0.11056415613257231,1.0,1.0,0.7,0.5,1.0,104,160.0951564268277,1231506102.5399995
15,57,1.5365960135971766,1.6024138103020238,1.596585500557115,1.791999676950378,1.5400774686523873,0.11103213206052749,0.9173936945044574,1.0,0.7,0.5,1.0,106,161.25496099299446,1231396856.726092
15,58,1.5431716487847769,1.5988709811796196,1.5968087706401959,1.8212075091429931,1.544586198118585,0.11146093364118084,0.9300280879582056,1.0,0.7,0.5,1.0,113,150.27315197674028,1231907959.9573717
15,59,1.542631223745723,1.5988325747530587,1.5947167477180435,1.8216386104360935,1.5562070633782288,0.11259391751010658,0.9273497595037264,1.0,0.7,0.5,1.0,114,131.70297730861358,1231807181.718146
15,60,1.543379044825905,1.600551152160005,1.59854405263714,1.831035514279479,1.547894461703665,0.11325828907821649,0.9279175006195748,1.0,0.7,0.5,1.0,115,107.06842471782346,1231845304.8370438
15,61,1.5433790448773455,1.6018784721519432,1.6019934708503625,1.8357481405584941,1.5432397959776487,0.11325828920640583,0.9279175005419509,1.0,0.7,0.5,1.0,116,107.06842069739112,1231845304.8323872
15,62,1.5209489652602857,1.5720853699854318,1.5677799899922062,1.7995289633733904,1.5218268222556044,0.11119808195132319,0.885970516838305,1.0,0.7,0.5,1.0,117,130.9969417127841,1231606079.1839197
15,63,1.5204758260603146,1.5724577139740512,1.5702564106449275,1.8068374620180563,1.5250584144949062,0.1111791490819728,0.8850535581879246,1.0,0.7,0.5,1.0,119,131.89424331619014,1231603464.1679058
15,70,1.5693780831155828,1.6104077058111046,1.6140140289234084,1.9523930906993214,1.5721523901728451,0.11066713402763395,0.9836563678302486,1.0,0.7,0.5,1.0,145,135.41416872083303,1231600357.88525
15,72,1.569714907154609,1.6113059429992775,1.617005679306215,1.982856036291642,1.5711341127771403,0.11063395755844134,0.9843803352213903,1.0,0.7,0.5,1.0,150,135.45446791331847,1231600383.7727177
15,74,1.5697068570894073,1.6100393173182532,1.6156920001425903,1.9817023213275906,1.5715005008807275,0.11063401291659816,0.9843704048883677,1.0,0.7,0.5,1.0,153,136.8653755856516,1231595200.4180417
16,0,0.7081702426551888,0.8165164891593631,0.8096713048645592,0.46087204019221917,0.0,0.0,0.0,0.0,0.7,0.5,1.0,2,28648.0432424341,161513.5125226812
16,1,0.46979394945788144,0.7670405249394819,0.7604221080426302,0.4186827001614551,0.17889064339745012,0.0,0.0,0.0,0.7,0.5,1.0,3,23819.291747568142,127050.37013446286
16,2,1.8598479343355379,2.2806012548121712,2.270202384132191,1.940650988018783,1.754083689323668,0.08477371705696454,1.0,1.0,0.7,0.5,1.0,4,7874.458186789122,128341.45480798642
16,3,1.8556106851976066,2.279241606232271,2.2687890501074404,1.944352786283637,1.5625733499478316,0.08488689778549115,1.0,1.0,0.7,0.5,1.0,6,7817.696664287352,127415.6646846429
16,4,1.2123775422907401,1.7361940925876218,1.7242630882289491,1.4132858529021375,1.5809764980543055,0.10207931614857316,0.24315241162937432,0.9185264842697389,0.7,0.5,1.0,7,3258.0545642495463,58767.63184624091
16,5,1.6273811559077445,2.130694832996207,2.116528712251975,1.8169647683222014,1.7816727358598758,0.09424502848966888,1.0,1.0,0.7,0.5,1.0,8,1121.231905743746,60946.31862769336
16,6,1.6270245913062737,2.130114535587912,2.1159267589603563,1.8164364765144672,1.5685036508110937,0.09424502848966888,1.0,1.0,0.7,0.5,1.0,9,1125.6135446906624,60435.07369878687
16,7,1.6198610203153925,2.117588948489078,2.10292782245628,1.8114156147820981,1.6217112758228542,0.09447780019156424,1.0,1.0,0.7,0.5,1.0,10,999.0327514809084,53594.244265895104
16,8,1.60686696810797,2.0897853634206984,2.074078182016901,1.7888662175057082,1.689187871460081,0.09481501259958712,1.0,1.0,0.7,0.5,1.0,11,948.2125250298684,4525083.746415601
16,9,1.5898566155962703,2.0379973610642486,2.0224403602736176,1.7459378652346809,1.681873317608273,0.09444697702086233,1.0,1.0,0.7,0.5,1.0,13,585.903089428362,4602298.518273379
16,10,1.5895273745668321,2.035633861113196,2.019975550184596,1.7528692073580308,1.572752400451141,0.09494795504697352,1.0,1.0,0.7,0.5,1.0,15,845.595968116143,5527332.407276563
16,11,1.5797290014307404,1.9899884725189674,1.9726832896316004,1.7122643023145452,1.7576294375583152,0.09280427262266426,1.0,1.0,0.7,0.5,1.0,16,181.047321143578,6318126.297725106
16,12,1.576691383520881,1.9573598792235067,1.9387899848189318,1.6925591513851168,1.6404818488118416,0.09462271708458217,1.0,1.0,0.7,0.5,1.0,18,231.88296021078435,5878271.20263298
16,13,1.5752539978931526,1.9474010069032033,1.9284769702679976,1.6864292114640729,1.6075305532807096,0.09395551122813064,1.0,1.0,0.7,0.5,1.0,19,192.22246992286009,5703235.01850411
16,14,1.5754416115373193,1.94324631413196,1.9241434442918628,1.6856094143527902,1.5873236955734096,0.09486943727665456,1.0,1.0,0.7,0.5,1.0,20,217.23183951880227,6396649.288595324
16,15,1.571923039769918,1.900729805070828,1.8800534993212275,1.6523079198476451,1.7508256257175119,0.09438326807984324,1.0,1.0,0.7,0.5,1.0,21,218.96828362461343,5847713.666829244
16,16,1.5705079078710118,1.8789305993581094,1.8574501501707794,1.6385587109716617,1.6129692301563479,0.09403500254806843,1.0,1.0,0.7,0.5,1.0,23,217.3538691011805,5860582.8426620085
16,17,1.570018892574462,1.8698978032955857,1.848082930540812,1.636383094516145,1.5854899635661073,0.09393629860218936,1.0,1.0,0.7,0.5,1.0,25,212.24114631120543,5876135.551711909
16,18,1.49480179651046,1.7927559041125494,1.7708660361047166,1.573496466729565,1.4992280065833952,0.09337473262883463,0.8505251844623933,1.0,0.7,0.5,1.0,26,238.04452936272264,5877158.974412764
16,19,1.4947764207164296,1.7899089703990763,1.7679090949192782,1.577264281590077,1.4971971159276145,0.09338752988224211,0.8507106743051411,1.0,0.7,0.5,1.0,28,247.5185537532276,5880051.683856882
16,20,1.5694552509147288,1.8618418646627861,1.8418055560761664,1.6425511419768761,1.5841680647929324,0.09368783672837769,1.0,1.0,0.7,0.5,1.0,29,245.77113130372223,5892658.31542227
16,21,1.567819069620303,1.8551590357381966,1.8349267681399288,1.6469137995160759,1.587180580081911,0.09164750378978476,1.0,1.0,0.7,0.5,1.0,30,348.6760632623411,5910419.063729505
16,22,1.5676078171949999,1.8206181950356615,1.7990622200234607,1.6205441994201544,1.7204811802512612,0.09298795290902247,1.0,1.0,0.7,0.5,1.0,31,205.99412602864905,5873421.625801383
16,23,1.5672762913244007,1.8132274390436842,1.7934722830486995,1.6246329697684199,1.5842243873335855,0.09283830342893709,1.0,1.0,0.7,0.5,1.0,33,284.02976136227966,4520587.421738016
16,24,1.5672585337408407,1.8053619587980894,1.7832354523469833,1.6163185261444746,1.5943707674288503,0.09304073262697587,1.0,1.0,0.7,0.5,1.0,34,239.796262086115,5883787.965584141
16,25,1.5653744445542053,1.7836867294074303,1.7649492210970368,1.6060386976385495,1.6147049940797615,0.09246114361935874,0.9980019054145363,1.0,0.7,0.5,1.0,36,168.05486465210095,4498169.66166005
16,26,1.563111059302433,1.7646995091729796,1.745327695325828,1.5988141158207851,1.5978348429425768,0.09226446716621664,0.9943057449001891,1.0,0.7,0.5,1.0,38,114.69865364830056,4485726.114554681
16,27,1.5631614973665586,1.7596815627703977,1.74011778870418,1.6010780288240596,1.573132559554752,0.09228269352129939,0.9945364116106749,1.0,0.7,0.5,1.0,40,116.27344494846923,4489285.271617814
16,28,1.5605563407468086,1.755920368127145,1.736312868730764,1.6042123851325778,1.5644169534886274,0.09226329748598924,0.9893875615057622,1.0,0.7,0.5,1.0,41,115.5412946870493,4148955.009720401
16,29,1.563373265994096,1.7580193347719835,1.738384600372521,1.6063842686389334,1.5652970595454838,0.09225623075114704,0.9950524102664063,1.0,0.7,0.5,1.0,42,127.13039564982496,4493412.601545714
16,30,1.478191241901497,1.6693853459508146,1.6496199894473,1.5349559639856718,1.4846958371389034,0.09174222827545936,0.8255079495532105,1.0,0.7,0.5,1.0,44,122.99525048227284,4164223.777774372
16,31,1.4779110343017015,1.6660633253449657,1.6482548235326093,1.5511149332767402,1.486401450603028,0.09166969011244108,0.8251691270409397,1.0,0.7,0.5,1.0,46,137.25374736642914,4156751.5905163847
16,32,1.4193008990695144,1.6010884595350168,1.5809674910073885,1.4843872352020984,1.4405662798762704,0.09150880290673928,0.7083066950307316,1.0,0.7,0.5,1.0,47,129.1907289516364,4165998.866148129
16,33,1.5655936168295987,1.7466005793268224,1.7305940054646722,1.627979287614405,1.5696232591159691,0.09220784696547908,1.0,1.0,0.7,0.5,1.0,50,115.14605314817663,4491194.552532322
16,34,1.5655809943110872,1.7437845427674812,1.7276721053149326,1.6289648869302071,1.5769950848626588,0.09223866352220732,1.0,1.0,0.7,0.5,1.0,51,144.15591196544565,4496082.455718243
16,35,1.5655389011300838,1.7435567677577568,1.727437349048599,1.6322773879987882,1.5653494195442965,0.09218171360973716,1.0,1.0,0.7,0.5,1.0,52,123.02425918860746,4494851.553979794
16,36,1.5654239489915913,1.7358783243695335,1.719473452832403,1.6288816243666093,1.5980211405434548,0.09214228621516052,1.0,1.0,0.7,0.5,1.0,53,125.02378172860344,4492091.33039521
16,37,1.5653306178952322,1.73265654420393,1.7161336869928787,1.6365442693730843,1.5713753227592284,0.09205784816969192,1.0,1.0,0.7,0.5,1.0,55,107.3143538125652,4487890.03061949
16,38,1.4887671050928315,1.6506230785691405,1.633894016626495,1.5657766016073673,1.5000267028631695,0.09422801013413992,0.843949009377161,1.0,0.7,0.5,1.0,57,104.0271834164367,4511251.422655182
16,39,1.4866234356091055,1.6416424364997075,1.6225837290545424,1.562034354946669,1.498029114521234,0.09342482898944073,0.8408950321663899,1.0,0.7,0.5,1.0,59,144.6466971075647,4489882.042624791
16,40,1.4897539909960509,1.644112116630205,1.6271006174500753,1.5890105570786517,1.4933902452422905,0.09419980989154592,0.846108982351093,1.0,0.7,0.5,1.0,61,104.693165581294,4508798.638728663
16,41,1.49036818552267,1.645907802240672,1.6310129109672027,1.6043178802502616,1.4898243224924692,0.09424964083800058,0.8472703522610523,1.0,0.7,0.5,1.0,64,122.51837940216392,4513751.410767494
16,42,1.5215203650649982,1.669260509669687,1.6540720187080902,1.6358463341662277,1.5553071846302617,0.09115262006056828,0.9140514849221129,1.0,0.7,0.5,1.0,65,115.7116582349329,4519670.717246039
16,43,1.3978383246079134,1.544449573255749,1.5312907662768818,1.5440812334046803,1.3982605964739867,0.08937270194810505,0.6692215426448876,1.0,0.7,0.5,1.0,75,466.6633683347145,3507719.632282929
16,44,1.3978275567168184,1.544476064565607,1.5333908218735741,1.5697962748197856,1.399999919091268,0.08937270194810507,0.6692215426448878,1.0,0.7,0.5,1.0,77,469.0241560308017,3508249.854442324
16,45,1.3965379023759692,1.5426637744421154,1.5315588836350615,1.57198019816731,1.3981948341134718,0.08936949981921842,0.6666554268500648,1.0,0.7,0.5,1.0,78,456.6314060516687,3508300.9950855067
16,46,1.3975055058220092,1.5408314033108563,1.5316933508788626,1.5768738905039694,1.4151143596170903,0.08940904830866968,0.6686024316824171,1.0,0.7,0.5,1.0,79,504.39677927492704,3510956.7096667304
16,47,1.3978007841355284,1.534787809736323,1.5212670876903585,1.5623257149834024,1.4053435129042826,0.08941610386772755,0.6692407196588662,1.0,0.7,0.5,1.0,81,471.1841657033061,3533663.5954653104
16,48,1.3944158889833,1.5287727881899071,1.5151531353182566,1.5642795234107114,1.3996579547577026,0.08952696722002984,0.6623555931475427,1.0,0.7,0.5,1.0,83,416.1987167876613,3549442.549673729
16,49,1.3969061527815114,1.5325528016460415,1.5231260610314246,1.5932710693374488,1.4023836596405022,0.08935752170384842,0.6675936374264624,1.0,0.7,0.5,1.0,84,272.24491875435064,3498819.969317945
16,50,1.3956474914643155,1.5226165936866674,1.5107916344246386,1.5851256222440633,1.4275314934777485,0.08953166605969579,0.6649367318563405,1.0,0.7,0.5,1.0,85,330.4492751555427,3498516.145044612
16,51,1.3951526848329063,1.5223688142578742,1.5126253600629307,1.5957473941408584,1.3970376113936704,0.0893843728740064,0.6641680284726961,1.0,0.7,0.5,1.0,87,305.7882706788919,3495077.298901638
16,52,1.3952450810819024,1.5213705657140983,1.5115861495191563,1.6027424527940703,1.3995583530429383,0.08936484950633845,0.66439480735679,1.0,0.7,0.5,1.0,88,295.41212261550885,3493935.003295167
16,53,1.3971925482962844,1.523617982161155,1.5179893526366395,1.606656826643169,1.4070970289593023,0.09450264639169968,0.6611279310746616,1.0,0.7,0.5,1.0,89,469.128928226692,3561451.352373813
16,54,1.4505992396817105,1.5707912840586025,1.564928593172225,1.6586532462811003,1.477636706598635,0.09384636913414815,0.7689389430707803,1.0,0.7,0.5,1.0,90,415.88751905587054,3560709.213277378
16,55,1.4471618354898093,1.5664054469438944,1.5605071889602897,1.6664465517006726,1.4481236266529252,0.0937383712554712,0.7622268933526245,1.0,0.7,0.5,1.0,93,431.5722754567096,3562258.8997764653
16,56,1.4491193820148287,1.5659772371998617,1.5599894103380507,1.6783416756784857,1.4592138433647004,0.09383474792948468,0.76603565844875,1.0,0.7,0.5,1.0,94,466.4580468939691,3567192.751595222
16,57,1.4492526934031855,1.5646632492408945,1.5586211140125747,1.6771711201630448,1.452032563552311,0.09403066336558255,0.7660450146092533,1.0,0.7,0.5,1.0,96,455.5663959732887,3568666.309429265
16,58,1.3945369796034484,1.5089590413066625,1.5028798478457785,1.6298134879313457,1.3984887217984516,0.09369887805014412,0.6570895666853499,1.0,0.7,0.5,1.0,97,471.5117688126551,3567983.3740834147
16,59,1.3927915657333627,1.5043983297340013,1.4982135341387055,1.6336694339073856,1.4048060023714162,0.09364618989528121,0.6537045662120385,1.0,0.7,0.5,1.0,98,437.3724706710841,3562198.011178102
16,60,1.3928726787679064,1.5040366338263838,1.4978351707055642,1.6414906934066598,1.393462355060409,0.09366177729949617,0.6538499299185736,1.0,0.7,0.5,1.0,100,444.5071366603322,3565974.590354879
16,61,1.3929601971615284,1.5049614009503287,1.5029359731777565,1.6648674064326248,1.3945870237778242,0.09376800868647665,0.6538963700760386,1.0,0.7,0.5,1.0,104,436.1491586345885,3566717.6716858475
16,62,1.4492976879736503,1.5534406913954006,1.5511205538164752,1.7054922076349652,1.457632550667498,0.09470444423452096,0.7653433746008408,1.0,0.7,0.5,1.0,108,457.831309057161,3564251.57084521
16,63,1.4463819693357785,1.546723919326732,1.5463336189726837,1.7231787340145843,1.457327283552925,0.0948239328314486,0.7593951324231942,1.0,0.7,0.5,1.0,110,454.6532758086141,3567237.2732587266
16,64,1.4479923827847023,1.5459866556650637,1.545508333549408,1.7351301989057126,1.4529137019416816,0.09468189449746704,0.7628373423175477,1.0,0.7,0.5,1.0,112,444.6032317428828,3557539.7429191563
16,65,1.394547407878135,1.4937501958686266,1.49538950765467,1.7239445159792306,1.3943111461394855,0.0953106350563198,0.6550680488621461,1.0,0.7,0.5,1.0,119,474.9965089028681,3557607.4493535063
16,66,1.4750458627700889,1.56947931271865,1.5688675302412536,1.7873080687914267,1.4899148649109404,0.09590851400548513,0.8152596630387426,1.0,0.7,0.5,1.0,120,438.4088901485316,3571810.5263832984
16,67,1.4715208417472045,1.564529413481885,1.5617919068290746,1.7642492103717942,1.4716962814765622,0.09610382657437556,0.8079371187463862,1.0,0.7,0.5,1.0,121,404.9691448670512,3561102.226705695
16,68,1.47457039029995,1.5659750999727082,1.5652498537192996,1.7923186740072823,1.4871722485824148,0.09584084539855596,0.8144304684799902,1.0,0.7,0.5,1.0,122,407.1473652013675,3568221.682796969
16,69,1.4712401137063473,1.5595562945914172,1.5566429487889968,1.7716961214241198,1.4748581455745782,0.09606749201962612,0.8074679568870918,1.0,0.7,0.5,1.0,124,410.6128638883356,3561998.5074249664
16,70,1.4719399093983745,1.5610524601483,1.5602413106788737,1.7947698933447902,1.47401303005453,0.0961189238305628,0.808800101084949,1.0,0.7,0.5,1.0,125,412.6374201201744,3567181.2167408904
16,71,1.4723359240117628,1.5566477052453196,1.5535843563787644,1.789118644681853,1.4771890297479489,0.09613129925198226,0.8096041125266575,1.0,0.7,0.5,1.0,128,397.06680670501686,3566236.987215355
16,72,1.4717895762306117,1.5581851850753576,1.5593446274564315,1.8178564742568417,1.4719679832432901,0.09613021999131979,0.8085176398845025,1.0,0.7,0.5,1.0,134,422.3856383144501,3567252.6604145924
16,73,1.4717880263292586,1.5564782373728896,1.5555014131580307,1.8235935164677333,1.4723790986522425,0.09613021999131978,0.8085176398845025,1.0,0.7,0.5,1.0,136,420.167414092857,3566838.901076048
16,74,1.472357238567671,1.5568659997403014,1.5579547329724552,1.8449591505141865,1.4738815308604833,0.09624015027969832,0.8095151633707675,1.0,0.7,0.5,1.0,140,418.7126748700167,3567394.899018514
16,75,1.4154533373065123,1.499289691422715,1.5003532337406735,1.8310555964371427,1.416507994291648,0.09590253574935134,0.696184724630416,1.0,0.7,0.5,1.0,142,402.8104327769105,3572490.8463451304
16,76,1.4151108852293803,1.4964330532643935,1.4974025009818157,1.851886540158843,1.416473970242348,0.0958177150728916,0.6956385335721273,1.0,0.7,0.5,1.0,149,412.8319562193965,3573307.459995128
16,77,1.4157274775839839,1.4958960711202187,1.4968223116533883,1.8597611961658576,1.4180613036279857,0.0959171251375578,0.6967415620092658,1.0,0.7,0.5,1.0,151,413.27143422368,3573069.377421404
16,78,1.415990152020267,1.4971911188739941,1.5002283891859491,1.8740481302822753,1.4164117660092144,0.09593682933470762,0.6972415570913466,1.0,0.7,0.5,1.0,153,400.8441802294606,3573674.520704914
16,79,1.417006591457755,1.4991976322100087,1.5043443649182948,1.8998637257114686,1.4171682109287906,0.09672044800536062,0.698179985900814,1.0,0.7,0.5,1.0,157,400.1033022237754,3572721.2788548823
16,80,1.415722841486565,1.4986573647985435,1.5059043094222626,1.9083009129301163,1.4180500298294547,0.09591712513968029,0.6967415618959505,1.0,0.7,0.5,1.0,158,411.5558928640156,3572766.444845233
16,81,1.4147132473558077,1.4998781407132658,1.5113533891488597,1.957121746525155,1.4149708212116572,0.0959726154808046,0.6946479200582052,1.0,0.7,0.5,1.0,162,398.7351521278648,3571924.4752745302
16,82,1.4168683752466962,1.4958220010127183,1.4987750915661713,1.9017872053484175,1.418647180467571,0.09670487509726436,0.6979398433214269,1.0,0.7,0.5,1.0,164,416.7130455832543,3579406.7374323034
16,83,1.4178706895132636,1.4994967923237286,1.5087671618904954,1.9771303110205676,1.4191246884161202,0.09550337445773475,0.7016364848834805,1.0,0.7,0.5,1.0,168,398.4368799875805,3557239.784339299
16,84,1.4178656887893881,1.499451586969292,1.5107928407332691,1.9903926508532663,1.4206467984615814,0.09550337445773478,0.7016364848834805,1.0,0.7,0.5,1.0,170,401.9140816847124,3557982.950217564
16,85,1.411979975208777,1.4943471405422495,1.5077900436620904,1.9883692166773064,1.4129896891785423,0.09542684405784167,0.6899762030325262,1.0,0.7,0.5,1.0,172,397.6618218783056,3547436.169153984
16,86,1.415561860011201,1.496574255559,1.5078940355636377,2.02397137897849,1.4153880313897997,0.09530873187731168,0.6973055189632003,1.0,0.7,0.5,1.0,178,412.9068744398133,3546307.771580096
16,87,1.4209768028000584,1.4985145853355717,1.5117766775237944,2.033825939755558,1.441907612967554,0.0952061455652936,0.7083132164818099,1.0,0.7,0.5,1.0,179,398.6514570153101,3558056.015593406
16,88,1.4200918909997018,1.4984617748783333,1.5138273846914523,2.0471684132115953,1.4210058390085347,0.09521738353151536,0.7065310922247509,1.0,0.7,0.5,1.0,181,402.5620517283338,3558676.3199003763
16,89,1.4200060910982093,1.4974013732731601,1.514802916223733,2.058258998136324,1.423220583535044,0.09539939082720263,0.7061204534811905,1.0,0.7,0.5,1.0,184,409.4127163299208,3558685.2165029724
17,0,0.6961693162618255,0.8048536697411034,0.7975733792352551,0.4500206077936231,0.0,0.0,0.0,0.0,0.7,0.5,1.0,1,4292.305118531031,118031.41107843078
17,1,1.1316042567991764,1.3410151074766266,1.3316586740918284,0.989470536418618,0.6044540450848536,0.00544078070009282,1.0,0.03244767666605089,0.7,0.5,1.0,2,6418.969243577378,161249.52647437155
17,2,0.9197145124321601,1.2821768551107684,1.2726979549861999,0.9398624180636929,0.6321307546719287,0.00544078070009282,1.0,0.03244767666605078,0.7,0.5,1.0,4,3117.736612279364,136290.00738613546
17,3,0.8919820033530041,1.3485074407646276,1.3395036671113663,1.014113566205981,0.7416211876345695,0.00544725900739526,1.0,0.1415934868300332,0.7,0.5,1.0,6,2655.0932758403583,134977.32619749228
17,4,0.8277060323253119,1.3000236790659203,1.2884177609495464,0.9855939382203545,0.6393685069746823,0.03618918107905647,1.0,0.08578599515874738,0.7,0.5,1.0,8,1040.795645827218,117339.74684104053
17,5,0.8823188548390428,1.3740515619140314,1.36387000945133,1.052141694056091,0.7836262162693839,0.015836735780080997,1.0,0.1914358914953,0.7,0.5,1.0,9,1763.638654657124,118217.96212908402
17,6,0.731934612045553,1.2441144993395183,1.2323465611767028,0.941307090693438,0.8028824063436892,0.024839723879416402,1.0,0.09772112252222967,0.7,0.5,1.0,10,978.219639671622,117279.06550001205
17,7,0.9731540092467931,1.434195692767409,1.4172386309600054,1.1407743183941461,1.2480950940049376,0.03519373503067043,1.0,0.41964919638952614,0.7,0.5,1.0,12,408.9655817891674,104614.15502872287
17,8,0.9694147210695423,1.4290436130468211,1.4120124196273272,1.141075874151671,0.94546931938177,0.03474267351947184,1.0,0.4167993029002239,0.7,0.5,1.0,14,397.8842020398585,104814.55166262604
17,9,1.0287754962450768,1.4872964393270918,1.4722612846478018,1.2074162657112395,1.0161330750897732,0.03780312278441837,1.0,0.47496195955745335,0.7,0.5,1.0,15,395.4002078236373,102599.44241077056
17,10,1.553044493498192,2.0050519709811763,1.9876307876131016,1.7348085276809866,1.558564325091377,0.03940117848451756,1.0,1.0,0.7,0.5,1.0,16,370.6056650538396,95187.8396380568
17,11,0.836643106094544,1.2573161029443964,1.240473285033723,0.985085833553259,1.0011512620787688,0.03289223032544426,1.0,0.2968728257843999,0.7,0.5,1.0,17,409.999216701814,3696455.003512327
17,12,0.7779592721858606,1.180631192200362,1.1629955008857673,0.9182164059442993,0.8110197073244365,0.0338076664542124,1.0,0.24080043144250726,0.7,0.5,1.0,19,336.4704817912128,130018064.34851584
17,13,0.7753182889337882,1.1735068558697819,1.1556780585024893,0.9175485977910149,0.7738520696727528,0.03335263741103031,1.0,0.23917014244605506,0.7,0.5,1.0,21,325.8793037076581,130013631.61634864
17,14,0.6717065215260224,1.0671114522783252,1.0491636044166608,0.8174051039945486,0.6732713995586941,0.03192758459055245,1.0,0.13696451917340646,0.7,0.5,1.0,22,355.3645682999269,104413034.76360434
17,15,0.771096395217086,1.1568743614702803,1.1405849293606054,0.9176232922983727,0.8146172698149591,0.03211934203815292,1.0,0.23769451521976426,0.7,0.5,1.0,23,284.9795872002675,186141364.87959868
17,16,0.758956663155337,1.139286231592518,1.1207022096224744,0.9103621747968702,0.7687957185361991,0.03888820009657422,1.0,0.2213198179693477,0.7,0.5,1.0,24,160.73059838283697,130131036.83369316
17,17,0.7576779810491746,1.134530639458536,1.115801790991797,0.9124695874100858,0.7561687758131793,0.03879175649870077,1.0,0.22051340186009746,0.7,0.5,1.0,26,158.90102498129167,130126598.7458523
17,18,0.765871749847527,1.1419365382239466,1.1231749083490037,0.923211346000396,0.7598232943300495,0.03908551042205499,1.0,0.2285915316975724,0.7,0.5,1.0,27,145.47033054206318,130730312.67123772
17,19,0.7928675166138168,1.1572671378150716,1.1421603450213744,0.9374451017107939,0.8536364773439578,0.03356772586830918,1.0,0.26093050818072466,0.7,0.5,1.0,28,197.68055830213208,107403402.26457907
17,20,0.7942899874836709,1.1561129436968247,1.140901014623429,0.9398133335871269,0.7922769981052212,0.03351302397615915,1.0,0.2626320817608052,0.7,0.5,1.0,30,193.9309656645867,107515159.2775292
17,21,0.9089423271558196,1.2620906571195663,1.246526836782861,1.0532073663125572,0.9428760471282083,0.03938890291781581,1.0,0.3739288014315192,0.7,0.5,1.0,31,125.44846228066902,109878467.26086394
17,22,0.9074565187257596,1.257382858854457,1.241689099805214,1.0520847312848907,0.90791728850536,0.039334998748740815,1.0,0.3727427889035736,0.7,0.5,1.0,33,125.79547124737218,109874277.72217616
17,23,0.9054836554684833,1.2515505607871238,1.2377705256852556,1.0480787970782313,0.9230281427732431,0.0392304415912953,1.0,0.3712418146001032,0.7,0.5,1.0,34,134.09890194941704,109856615.75426392
17,24,0.822162475861318,1.1640301034430047,1.1480128934702594,0.9721499225911223,0.8223582917096222,0.03790170138997756,1.0,0.2890630481134662,0.7,0.5,1.0,36,141.41544391821031,109071725.63542792
17,25,0.8207458083461117,1.1598896425100538,1.1437635423703445,0.9749326313506235,0.8207660230418384,0.03779709911461747,1.0,0.2879143085825421,0.7,0.5,1.0,38,144.09500902532423,109067569.7169336
17,26,0.9066525349081158,1.2433035308704339,1.229147183114649,1.0607366355337229,0.9184143661433446,0.03921917122911908,1.0,0.3730883287670783,0.7,0.5,1.0,39,145.4531217947019,109865469.79237495
17,27,0.7505878712259968,1.085028719988092,1.0707844385865395,0.9320514738914588,0.74668628414968,0.03806836079766611,1.0,0.21797600163231148,0.7,0.5,1.0,44,139.81577268087338,109486117.9834366
17,28,0.7506401638525373,1.0806508021503574,1.0662307222991376,0.9316605506585034,0.7552829331856512,0.03814153576724537,1.0,0.21826069420698763,0.7,0.5,1.0,46,135.90933444605767,109491139.90720376
17,29,0.7482484770164048,1.0757495164251314,1.0632995825580855,0.9358869883248809,0.7517191251478288,0.03784621817728332,1.0,0.21631012821430326,0.7,0.5,1.0,48,147.58582664101343,109481883.12136357
17,30,0.7390025399268203,1.0710069585334354,1.0670135478643634,0.9958797820533153,0.7339794510484219,0.03643502244134257,1.0,0.20810008750400977,0.7,0.5,1.0,58,271.1001931343084,232958.3677817509
17,31,0.8130209679078622,1.139302536818307,1.1330135311648608,1.0668645701693116,0.8282922971227129,0.03928878150042684,1.0,0.2803755109201808,0.7,0.5,1.0,59,277.5587802295869,232821.7814197352
17,32,0.8120637420070166,1.1365249601295362,1.1301642628394912,1.0719801572209264,0.8112360164010914,0.038739291331767026,1.0,0.27990461504482356,0.7,0.5,1.0,61,279.0539191057476,232742.5902022014
17,33,0.813289863807186,1.1373421132871004,1.1309652903548888,1.076686258876263,0.8101238902545392,0.03948613223074587,1.0,0.2806300507038494,0.7,0.5,1.0,62,272.63007246167194,232612.0466975837
17,34,0.8120096257482503,1.1368004049415148,1.1325225787030533,1.088930170288994,0.8097209905225757,0.038739291331767026,1.0,0.27990461504482345,0.7,0.5,1.0,63,276.5337340573064,232672.7803801472
17,35,0.744422789994859,1.0561010269888902,1.0513091480188774,1.0214153971555233,0.8004471351549483,0.03619045581400638,1.0,0.21476838664750764,0.7,0.5,1.0,64,211.99657098683903,236095.84453624504
17,36,0.7447940685822305,1.056860025843554,1.0541535864389306,1.0360368881389261,0.7415941853382321,0.03623195315816163,1.0,0.21515476046490942,0.7,0.5,1.0,68,206.52278378138308,236728.0015564869
17,37,0.7674004068697868,1.0750450766672346,1.0721660610295196,1.0666371906259855,0.7734493495779182,0.03650082074416387,1.0,0.23777462109473163,0.7,0.5,1.0,70,204.14691579016764,236217.65554086567
17,38,0.7484863730931964,1.0425867481180144,1.0391816632143833,1.0395562501048694,0.8067515730738264,0.0359781170840349,1.0,0.21978714683677283,0.7,0.5,1.0,71,207.15593610118648,234630.9321281044
17,39,0.7484863731017593,1.0439140680590318,1.0426310538399381,1.0509308661371974,0.744971881269407,0.0359781170840349,1.0,0.21978714683677275,0.7,0.5,1.0,73,207.1559351379628,234630.9320493018
17,40,0.748773166775089,1.0405029806521973,1.0390767999232977,1.0559625067432377,0.7538087451070081,0.03602099469861922,1.0,0.22018331538331298,0.7,0.5,1.0,75,201.8161885477789,235194.57839174644
17,41,0.7483716488454379,1.038737568478509,1.0372586792868386,1.0825322990555875,0.7460761641810849,0.03509799278899422,1.0,0.22047776555043302,0.7,0.5,1.0,81,200.45169475442583,236859.12244675952
17,42,0.7403505402061974,1.0304963616225644,1.0331505494928583,1.0873347818541685,0.7436558492181886,0.03529674536224226,1.0,0.2124205934682099,0.7,0.5,1.0,83,191.7313231166392,234613.9412332509
17,43,0.7577089292001191,1.0447340488422436,1.043126072794397,1.0969373374709435,0.7555687801991617,0.03443343240528266,1.0,0.23039983515301868,0.7,0.5,1.0,85,154.83878752865576,240395.22577150352
17,44,0.757671471122048,1.0436993478532552,1.0420528631625703,1.1000360180483717,0.759039549957225,0.034567694602290075,1.0,0.23030333955242552,0.7,0.5,1.0,86,155.57346473220366,239530.77996316407
17,45,0.7568197059185646,1.0420995208312769,1.0404241535152856,1.1025358867173143,0.7570320340533774,0.034242679943653945,1.0,0.2297046986604327,0.7,0.5,1.0,87,160.40269759453824,240012.3812596687
17,46,0.7572084605098559,1.0407793912994774,1.0390380675668278,1.1094504747162488,0.757999336746507,0.03424950703889697,1.0,0.2301470926835265,0.7,0.5,1.0,89,159.31474895877264,241352.8657324172
17,47,0.753360137159691,1.0388287795473858,1.0413024780251998,1.137224607364439,0.7519964516862424,0.03419860796275468,1.0,0.22635965265553923,0.7,0.5,1.0,91,164.29549412016905,241449.82429506604
17,48,0.752911121712514,1.034307150962946,1.0386949270618522,1.156533882342613,0.7622373972492754,0.034308924078515005,1.0,0.22600937698847923,0.7,0.5,1.0,93,166.42696174498718,240801.331728174
17,49,0.7543359051264019,1.0278052540877365,1.0298171701972776,1.1561825861389656,0.7665464821563434,0.03382113916245597,1.0,0.2279773059560036,0.7,0.5,1.0,95,166.4417354292338,239579.0225736897
17,50,0.754334944182023,1.0290989535590565,1.03323172683775,1.1685857985612769,0.7517256304312236,0.03382113916245597,1.0,0.2279773059560033,0.7,0.5,1.0,97,166.39365590781668,239584.7899758501
17,51,0.7525562433022257,1.027167584684994,1.03129450599004,1.187402545836479,0.7500155443724825,0.03366785789805374,1.0,0.2263103995362103,0.7,0.5,1.0,102,168.52160511335853,241102.8685693745
17,52,0.727784566833344,0.9922429102817238,0.9897667552423082,1.126591819713658,0.7391822303072353,0.034083883745390495,1.0,0.2014233634362872,0.7,0.5,1.0,104,215.5868025346422,893429.3595221358
17,53,0.7306580060118162,0.9931256527678832,0.990573220118156,1.1356515186744371,0.7326887757669124,0.03482887661592251,1.0,0.20382962661565637,0.7,0.5,1.0,106,200.4821328757824,896670.7260031136
17,54,0.7286236981130882,0.9870255694259495,0.9843174543892924,1.1339516713623325,0.7354240693028394,0.03545411527176272,1.0,0.20146510815565244,0.7,0.5,1.0,108,189.96318634656328,898649.7553345151
17,55,0.7286134892378433,0.9879462032033985,0.9873449820492664,1.1585961254335773,0.7271717317922655,0.03545411527176272,1.0,0.20146510815565238,0.7,0.5,1.0,110,188.61950019729483,898800.4961180222
17,56,0.7271418894892343,0.9873202443279158,0.9929653328766629,1.1730208771786725,0.7390011057782767,0.03528616586851977,1.0,0.20019065323241877,0.7,0.5,1.0,111,190.31637675420075,684397.7822109265
17,57,0.7263119314936418,0.9825155375256733,0.9880087338953403,1.176985916726302,0.7330791140665106,0.03481099017190528,1.0,0.19979033235088228,0.7,0.5,1.0,113,193.0457822652504,684211.6991472451
17,58,0.7224785512814177,0.965075786097336,0.9700500260219014,1.165111202226529,0.7816434616075071,0.03557728055990731,1.0,0.19572385710973983,0.7,0.5,1.0,114,176.48312733607952,683693.2319763143
17,59,0.722208737122287,0.9631758574189101,0.9701596528988029,1.1705284495652435,0.7269649971563971,0.03567092908305419,1.0,0.19544822838660067,0.7,0.5,1.0,116,168.04344489971896,683208.9497901173
17,60,0.7216518288293357,0.9609867530701801,0.9679084873103643,1.1814435906987113,0.7235399119065304,0.03509991070986631,1.0,0.1953235362282037,0.7,0.5,1.0,118,174.56910246448444,683876.7372661218
17,61,0.7217561488695243,0.9603320364533154,0.9672248274049844,1.1850840663239985,0.7234018876701973,0.03511979864960965,1.0,0.1954288574685889,0.7,0.5,1.0,119,174.23026226963,683650.0658497049
17,62,0.7221912802734459,0.9602982263309996,0.9671732485909879,1.1893157173236433,0.7225507419074679,0.035147453192507574,1.0,0.1958537884479776,0.7,0.5,1.0,120,170.8718093060983,685180.831053459
17,63,0.7219964498540141,0.9560227014391628,0.9606708825799446,1.1945878656440856,0.7330145924552113,0.03589032827347096,1.0,0.19519356877224728,0.7,0.5,1.0,121,178.761424356287,901908.2735958438
17,64,0.7221691111256618,0.953659025965603,0.958210856965817,1.1966246859977812,0.7314445478498492,0.03596440947009024,1.0,0.1953600480272248,0.7,0.5,1.0,122,177.42620031952737,961990.9543582242
17,65,0.7221720542402843,0.9516159576512621,0.9581616965906621,1.2026004690267915,0.7356445203887183,0.0359158065411545,1.0,0.19545815457477608,0.7,0.5,1.0,123,170.10617122807892,903354.9279980612
17,66,0.7215869873709191,0.947018840177476,0.9534123456287438,1.2010595205176682,0.7290331479174395,0.035578266140047624,1.0,0.19517940749528978,0.7,0.5,1.0,125,170.04531561150986,1142189.435577593
17,67,0.721516734580122,0.9452838648639295,0.9516142033617421,1.2129349123444133,0.723742173357817,0.03575856963505,1.0,0.1950110711443909,0.7,0.5,1.0,127,166.09685690849943,904269.8343546196
17,68,0.7212594960879347,0.94325121324024,0.9495142614463543,1.2059242534253212,0.7237659752864598,0.03556182991410557,1.0,0.1949210704690332,0.7,0.5,1.0,129,170.16398394603087,906176.0255254508
17,69,0.7220765591254463,0.94310214891305,0.9493285735986177,1.2141626801966452,0.724945831380654,0.03567466764471588,1.0,0.19567498048512005,0.7,0.5,1.0,130,166.7771158376163,1145113.853730427
17,70,0.7202069728744228,0.9379367909330125,0.9461100864324841,1.2353098142857255,0.7239944152114417,0.03549982318358813,1.0,0.19400143279699208,0.7,0.5,1.0,134,169.2334798128629,906645.7084081182
17,71,0.722334652247209,0.9367815500419064,0.9469023717982227,1.2511150033908414,0.7312986961656741,0.03550418362847422,1.0,0.1961960725814568,0.7,0.5,1.0,136,162.2972746650763,662899.4862473974
17,72,0.7228186499017313,0.9398991482352445,0.9542633317587382,1.291734354676151,0.7215594627176628,0.03579692810624445,1.0,0.19647549723783897,0.7,0.5,1.0,140,163.0053904148616,658104.9643575294
17,73,0.7228752117524453,0.9404508593732828,0.9569055416958414,1.2996815500559629,0.7234496079681764,0.035802614652076445,1.0,0.19654034873444212,0.7,0.5,1.0,142,162.42040065905783,658288.1520570577
17,74,0.7244166675597418,0.9389169566633075,0.9531833787639614,1.3039736294056314,0.7309505681638384,0.035779754725089694,1.0,0.1981233084507983,0.7,0.5,1.0,143,159.98527817705775,657385.1547474499
17,75,0.7233877575831327,0.9385164212961936,0.9548785320947792,1.3023149568561112,0.7252530344698476,0.03584679886886731,1.0,0.19705750908673775,0.7,0.5,1.0,144,159.066529969374,659592.5416474672
17,76,0.7343915265951437,0.9491287703797213,0.9654761025492549,1.3397951321770525,0.734021004485895,0.03595557301852747,1.0,0.2079906808474728,0.7,0.5,1.0,146,156.82637118892754,660509.1748327388
17,77,0.7343896674340529,0.9503236742780392,0.9687880848067778,1.3535382101924274,0.733448947705482,0.03595557301852747,1.0,0.2079906808474728,0.7,0.5,1.0,148,156.8586835637309,660480.8285876997
17,78,0.7349469188977837,0.9473018695908124,0.9656309193541999,1.3727981617523584,0.7369496526787684,0.03577777416064349,1.0,0.2087225232915348,0.7,0.5,1.0,153,161.9639171580453,657466.0197929939
17,79,0.734937244541946,0.9479087393221457,0.9683330315053127,1.3993904109008228,0.7353363837010103,0.03577777416064349,1.0,0.2087225232915348,0.7,0.5,1.0,155,161.55369387904508,657547.3730320268
17,80,0.9175220151800443,1.1285936672772174,1.151018033313755,1.593160387547313,0.9211722811080033,0.03578294864427205,1.0,0.3913469707368066,0.7,0.5,1.0,158,156.92839039440236,657514.7349637958
18,0,0.42242680360293655,0.7551356381394011,0.7460005628511109,0.4052003729662131,0.0,0.0,0.0,0.0,0.7,0.5,1.0,1,28212.231297868293,128035.27273981062
18,1,0.5521582009210299,0.8920173041724798,0.8827987846150467,0.5489375401188429,0.14238232582338178,0.10409422934471738,0.00630734378957062,0.06309807837799875,0.7,0.5,1.0,4,27570.511469342146,79722.46140163952
18,2,1.9472743321625368,2.348729569529291,2.3399939048416245,2.0098000978248924,1.6375087132347845,0.1184089390910801,1.0,1.0,0.7,0.5,1.0,5,10682.65097462742,63896.16316780004
18,3,1.338454755231824,1.827140112764603,1.8170900224777078,1.5071875332872058,1.444249012669762,0.10701128026246025,0.15435588967787647,1.0,0.7,0.5,1.0,6,13938.988859114308,72427.91395193081
18,4,1.5145760838898146,2.004196535496048,1.9889309435706115,1.698026044166544,1.7751207500857387,0.10707007712165226,0.7879933646519945,1.0,0.7,0.5,1.0,8,3934.342883601402,31153.4064377405
18,5,1.365124977021705,1.7407777764187624,1.7219990446929825,1.461703283984534,1.6860844372399741,0.11046942305062109,0.5558459414341129,1.0,0.7,0.5,1.0,10,385.9641163540962,7555.890921940366
18,6,1.2532388790664588,1.6065397875295204,1.586845136525461,1.3316712610389638,1.2994748145036281,0.11058209156976335,0.3363159363866396,1.0,0.7,0.5,1.0,12,533.4587805912182,1750.7048374654516
18,7,1.2107221631200091,1.5583427389193119,1.5384185473501786,1.2914219744913935,1.2170677706921273,0.11056348335393155,0.2522534686567167,1.0,0.7,0.5,1.0,14,502.8120337332686,1727.6989940027158
18,8,1.2748364052814996,1.5891926370158673,1.5720802440590596,1.3482263692619536,1.448779266880553,0.11388725643519285,0.38078390621986424,1.0,0.7,0.5,1.0,15,124.06012674954354,12750.37441050512
18,9,1.2743221329406733,1.5748756637946508,1.5551565723422436,1.324148888119403,1.2943272808250699,0.11388725643519282,0.38078390621986097,1.0,0.7,0.5,1.0,17,117.78145025178314,12949.985721499004
18,10,1.2719635920622594,1.5701684625783756,1.554498682959709,1.3497111538554538,1.2792817687481832,0.11374054737954212,0.3767146966567447,1.0,0.7,0.5,1.0,19,102.9415257867094,11188.81880141769
18,11,1.2699467831300923,1.5650554768509226,1.5492655651734095,1.3448955107254732,1.2792547636091924,0.11360458197059382,0.3731188144520693,1.0,0.7,0.5,1.0,20,97.3825978703961,9861.970576423444
18,12,1.226406609297272,1.5089160987178234,1.4884964561007932,1.283760081879309,1.2670594734808058,0.11101936130810804,0.29043413693566617,1.0,0.7,0.5,1.0,21,86.27963197424504,58919.423399728745
18,13,1.2263100485251885,1.50753393285395,1.4891353774753944,1.286680117788511,1.2287843622899046,0.11101936130810804,0.29043413693566617,1.0,0.7,0.5,1.0,23,83.90308400418758,59145.89349935549
18,14,1.3945594038908848,1.6771628102925786,1.6629574641742182,1.4928014670043774,1.4025285445260898,0.10937870279884443,0.629410650285771,1.0,0.7,0.5,1.0,24,111.64388744448232,9497.703134085685
18,15,1.1958252715020208,1.4595933927371143,1.4405216818699103,1.2525568033941987,1.2608103305506553,0.11127780965329763,0.2302791981523836,1.0,0.7,0.5,1.0,25,137.8900503661214,57211.4139916566
18,16,1.1960563548942673,1.4588975247194484,1.439790130413136,1.2552733149623028,1.1953860478485305,0.1113159649842971,0.2307444974642649,1.0,0.7,0.5,1.0,27,134.55252956558812,58187.49445350532
18,17,1.395822674015219,1.658533792868102,1.6456346898191685,1.4910832716897109,1.4117754064721337,0.10936875756756956,0.633247998282712,1.0,0.7,0.5,1.0,28,101.15107377490104,9645.931050418065
18,18,1.40451654328875,1.6598743476119664,1.648764523911795,1.508733905221347,1.4216518103684228,0.10932470999791129,0.6511789633268297,1.0,0.7,0.5,1.0,30,96.93165255639492,10991.617770559164
18,19,1.399377385469178,1.6445831495357357,1.6310137856238085,1.4988681136620288,1.4367934100267679,0.1103528153464332,0.6399072064914156,1.0,0.7,0.5,1.0,31,102.25059979952115,9785.757626878123
18,20,1.3337040106044413,1.5667409931812775,1.5547788390918091,1.427973366775896,1.3922706056734455,0.10944147878175718,0.5104435332249205,1.0,0.7,0.5,1.0,32,101.34016855947954,10903.034791353684
18,21,1.3310474205426517,1.5475574860339971,1.5349668825674239,1.4173648746138936,1.3663823827580668,0.1097898072500875,0.5052784330146365,1.0,0.7,0.5,1.0,34,98.14688185594774,10081.64674152966
18,22,1.3312378835404424,1.540430809353171,1.5296343786772488,1.41660092149569,1.3490795611459754,0.10953809042353228,0.5063031894658495,1.0,0.7,0.5,1.0,36,138.82366640559803,10352.857794721886
18,23,1.3312378835429979,1.5404308498540469,1.5296344819343364,1.413078022613619,1.3298283070043266,0.10953809042274525,0.506303189455523,1.0,0.7,0.5,1.0,37,138.8236672748791,10352.857769138596
18,24,1.3312178077366292,1.5413133623553124,1.5326229436639784,1.4373100522470728,1.3317042373162344,0.10953623451928444,0.5062792872605176,1.0,0.7,0.5,1.0,38,134.71706792126452,10377.114507827911
18,25,1.3308438398237983,1.5340330846828982,1.5230091611367378,1.417849135771878,1.3543458668660222,0.10959707671099066,0.5056200733073208,1.0,0.7,0.5,1.0,39,142.00851964819853,10178.682492104992
18,26,1.3440064727228112,1.5369390198217976,1.5255269791687993,1.4323526265022979,1.3884110507367793,0.10996603844752913,0.5317234704089996,1.0,0.7,0.5,1.0,40,105.35696336832184,10966.788099854351
18,27,1.343612295821168,1.5284944675464736,1.5167782332670416,1.431755295705957,1.3604084907206744,0.10994045027175706,0.5311813019511936,1.0,0.7,0.5,1.0,42,99.13551823384346,10574.10759249242
18,28,1.3434648730201615,1.5280265957727068,1.5162982513877128,1.4385241916124265,1.3438266075377503,0.10994106738162801,0.5308936100215905,1.0,0.7,0.5,1.0,43,99.20671021892976,10513.605135753942
18,29,1.3432585482877757,1.5222601894646586,1.5103218899575164,1.43315274960767,1.3669158017409437,0.10991474673636836,0.5306528074053889,1.0,0.7,0.5,1.0,44,94.33919588668888,10193.326897863288
18,30,1.292453121101471,1.463729841901368,1.4535721158436279,1.3924301738696219,1.3116109897040402,0.10940271446247325,0.4299627291665525,1.0,0.7,0.5,1.0,46,35.67319962725148,9489.945904684717
18,31,1.3397127027912838,1.4883777756044958,1.4752962423827556,1.4132295426683166,1.433345772630919,0.10919393876975454,0.5251860118989918,1.0,0.7,0.5,1.0,47,62.557392150892994,8855.9886055772
18,32,1.2916064828376594,1.42504317182168,1.413461192700848,1.3757271215573572,1.327511318321469,0.10917108083846586,0.4292681931589932,1.0,0.7,0.5,1.0,49,55.68040447718676,9403.594558958768
18,33,1.2929284064272757,1.424133774002308,1.414540173571388,1.385096205201379,1.3003118935972902,0.10909813329394029,0.43206557847183624,1.0,0.7,0.5,1.0,51,51.01211802460647,9539.50970052717
18,34,1.2926814909342106,1.4185679766954686,1.408774562002484,1.3911431357727861,1.303871309071571,0.1090704172735136,0.4316831337478284,1.0,0.7,0.5,1.0,53,50.03140850880393,9187.574639858509
18,35,1.2882685097632653,1.4100010482492875,1.4062684701067338,1.4370609215727814,1.2918104886928274,0.10861814260559235,0.4235943839220265,1.0,0.7,0.5,1.0,62,49.90037023759314,9891.589576761304
18,36,1.2884375440226912,1.4064508742847417,1.4087955834798724,1.4458861011361988,1.3219756402785534,0.10849478211344712,0.4241961056305569,1.0,0.7,0.5,1.0,63,47.95462712844272,9627.825083312557
18,37,1.2620687876262577,1.3741342015799314,1.3700388762838331,1.413888312667473,1.2703778728239206,0.10825185228751029,0.37182087291248805,1.0,0.7,0.5,1.0,64,47.60276827478832,8902.133754622913
18,38,1.3185283654498365,1.4234934274039583,1.423276357868418,1.4813409800545985,1.362765242826869,0.10549042486074185,0.48871306067671333,1.0,0.7,0.5,1.0,65,52.60730526954606,9100.899439009358
18,39,1.318506166651189,1.4199812225050994,1.421705737539855,1.500876375399363,1.3281556170787507,0.10549042486074185,0.48871306067671333,1.0,0.7,0.5,1.0,67,50.79746080106743,9118.766307933613
18,40,1.2898611799824642,1.3820016892964597,1.3709422689444073,1.4150464133894511,1.295243229123518,0.109736391747518,0.42549103688496537,1.0,0.7,0.5,1.0,68,38.124687041699616,8485.190948351536
18,41,1.3184902720048814,1.4165160862638169,1.4181112695622005,1.5138818718192004,1.3273535878629874,0.10549042486074185,0.4887130606767133,1.0,0.7,0.5,1.0,69,48.74520402446157,9142.172329035446
18,42,1.2913092417131748,1.3698405167134657,1.3561987546005587,1.4085125981249635,1.3359776309219509,0.10958293237562011,0.42871138679420506,1.0,0.7,0.5,1.0,70,35.62280167941674,8556.9520183383
18,43,1.2911630746202398,1.3681250779655778,1.354424550244116,1.4144458794307124,1.2943590338068116,0.10966144776519834,0.42832208146795636,1.0,0.7,0.5,1.0,72,31.99626662727903,8563.79785433223
18,44,1.2940306981312908,1.3678100646088394,1.3539903253334078,1.4228854918926617,1.3078059401717264,0.10950866752112305,0.4342969958527115,1.0,0.7,0.5,1.0,73,36.78266632171883,8506.738547517292
18,45,1.2919834279375544,1.3664408552674854,1.354718853897766,1.424052979559758,1.293185203916574,0.10942156771758767,0.43032954110537724,1.0,0.7,0.5,1.0,75,31.98001938553718,8555.557753908703
18,46,1.352349510061277,1.4379630428564354,1.447382743661957,1.6260306613678017,1.3539957136773828,0.1920498615518485,0.4353986676492333,1.0,0.7,0.5,1.0,80,69.21697474616911,9216.810587963644
18,47,1.3523495100613412,1.4379630428564354,1.447382743661957,1.6347736667405317,1.3521344633771524,0.1920498615518485,0.4353986676492333,1.0,0.7,0.5,1.0,81,69.21697480515007,9216.810587188436
18,48,1.3410775902194958,1.4216909834183513,1.4247062518559832,1.6001570148469169,1.3453430310523602,0.15863152951197532,0.45964833884577494,1.0,0.7,0.5,1.0,82,40.08723113989959,8675.051168372693
18,49,1.3130745375520338,1.396628104847135,1.4059706508514762,1.6019371131148192,1.31744875858165,0.11662054823507569,0.4624655531127949,1.0,0.7,0.5,1.0,83,53.95663144006036,45601.8110765927
18,50,1.341037136006902,1.420275424568402,1.423239214718555,1.6069393822619955,1.3423001522546332,0.1583988721962713,0.4599036275225089,1.0,0.7,0.5,1.0,84,33.07946155639899,8759.084658759282
18,51,1.3215764091016913,1.3973928920849836,1.4023009080947646,1.5888257002002248,1.3422663703041944,0.10627595986393257,0.4939893069078555,1.0,0.7,0.5,1.0,85,46.66891353124471,8809.776587142547
18,52,1.3215749662377674,1.3996436007716049,1.4087807871006421,1.6309769752102334,1.321740769157785,0.10627596056397393,0.4939893069678673,1.0,0.7,0.5,1.0,90,47.22662148414189,8802.944278462794
18,53,1.3215748050528513,1.4009257963713657,1.412183365256126,1.6566394783501068,1.3215849929844359,0.10627596056397393,0.49398930696786725,1.0,0.7,0.5,1.0,91,47.391128946300135,8801.003667909126
18,54,1.577653796705703,1.660375101308098,1.68004846131742,2.0455016925495353,1.5777487327214859,0.1106767237452105,1.0,1.0,0.7,0.5,1.0,122,50.0073596044096,8581.49086517486
18,55,1.5776510127593815,1.659212937816894,1.6788429026256757,2.057411721296189,1.5800213810901487,0.11067853344047632,1.0,1.0,0.7,0.5,1.0,124,49.52913615273607,8564.84971982361
18,56,1.5776550938268206,1.6609744235644912,1.684814960940292,2.070577259809406,1.579454210575118,0.11068879892822292,1.0,1.0,0.7,0.5,1.0,126,59.806580162905625,8419.883983576909
18,57,1.5776530359500005,1.6605568595182052,1.684381839074882,2.0929244232591913,1.5780901280390007,0.11068789933472531,1.0,1.0,0.7,0.5,1.0,129,52.96962621479332,8434.6816007524
18,58,1.2912697670161648,1.3633681971548108,1.3805715224436974,1.9128383078140654,1.2919134338752256,0.11597313279504666,0.41987954866515,1.0,0.7,0.5,1.0,167,1631.4375062150573,65586.03834449893
18,59,1.2911666087705966,1.3624207673152027,1.3795924590384039,1.910636034710301,1.2946044073562584,0.1160201072629345,0.41961266728501984,1.0,0.7,0.5,1.0,168,1613.5242530652722,65826.60371822935
18,60,1.2922216465627159,1.3622698467989172,1.3814688410995624,1.9151732978820473,1.303220034750022,0.11608652763361357,0.42164564071155086,1.0,0.7,0.5,1.0,169,1626.856449198946,65427.713137756735
18,61,1.2914959522181138,1.359094685999166,1.3761295798191742,1.9223218677612757,1.2962887812435393,0.11596220709336699,0.4203752019960949,1.0,0.7,0.5,1.0,170,1656.901091019825,66041.3892196359
18,62,1.2913931966856635,1.357337684391576,1.3743106782499468,1.9296272752596453,1.2949321724660725,0.11600794604997682,0.42011578814692535,1.0,0.7,0.5,1.0,172,1637.9979986369713,66266.33964153814
18,63,1.2928851813710747,1.356482955208829,1.3712956982723858,1.9728796412247724,1.293901733340618,0.11568796980985471,0.42355395210221936,1.0,0.7,0.5,1.0,176,1640.319219108276,68080.26263187452
18,64,1.2928773549238572,1.355099128574766,1.3719328297584257,1.9988319771572693,1.2986122487524465,0.11568796980985471,0.42355395210221936,1.0,0.7,0.5,1.0,178,1643.4246695251768,68089.78394075575
18,65,1.2928771491476472,1.3563551165640306,1.3753082843712474,2.0165397576294026,1.292914749857652,0.11568796982410945,0.4235539523887263,1.0,0.7,0.5,1.0,180,1642.9520297880583,68088.39641146435
18,66,1.2925724373552174,1.3550294704754495,1.376016867925871,2.0096907614943955,1.2959198081083092,0.11553855713438052,0.4231672233668057,1.0,0.7,0.5,1.0,183,1609.7339391160597,68548.25744618438
18,67,1.300616608758637,1.3652914797876976,1.3905067013427912,2.063864284187135,1.300771776070451,0.11659056992185779,0.4377851398400357,1.0,0.7,0.5,1.0,190,1639.688516851519,67028.26354708581
19,0,0.7481752938392214,0.8121619497215192,0.8051543145539143,0.45665009521797506,0.0,0.0,0.0,0.0,0.7,0.5,1.0,1,5705.1643031646045,108578.37480441776
19,1,1.0454656300345129,1.2577035101561094,1.2516550938621192,0.9041852229107175,0.4588155150582726,0.054272435669354205,0.27320074371912,0.2452379534478069,0.7,0.5,1.0,3,5295.174568587348,94208.1266826675
19,2,0.6996206896317503,1.1353026408198792,1.1267604563407145,0.8052352714161273,0.5951991950359011,0.054272435669354205,0.27320074371912023,0.2452379534478085,0.7,0.5,1.0,5,383.5953583150181,63499.6806233938
19,3,1.1299562340780018,1.6340185093943402,1.6253374191727592,1.316323037526185,1.1105478982183832,0.05433204986407088,0.6724089774668655,0.6035862101584997,0.7,0.5,1.0,7,479.1933966214263,39942.1354163227
19,4,1.633662123862085,2.147082756165068,2.137352889564448,1.8388281019623889,1.5805688175539454,0.054354677740901844,1.0,0.9809518137912285,0.7,0.5,1.0,9,969.1844237378356,28762.3412469072
19,5,1.6336232774801782,2.1483762936100286,2.140767308521185,1.8458200276952157,1.519073890163923,0.054354677740901844,1.0,0.9809518137912285,0.7,0.5,1.0,11,966.8102134101875,28741.29381690707
19,6,1.3284296998175558,1.841885366139049,1.832756232412593,1.5469661027722406,1.34505837320319,0.03071944587618673,1.0,0.7317525857406446,0.7,0.5,1.0,13,286.8556725534907,29176.54760504515
19,7,1.4368154181342665,1.9118713231692683,1.8997797578970288,1.6321780400774926,1.5739922662247903,0.032021672145888844,1.0,0.8802352932801428,0.7,0.5,1.0,15,420.2918123620088,18444.90746270534
19,8,0.9826306876651948,1.4451419217114805,1.434420088581319,1.175982467149583,0.9989324537367623,0.03214988888663027,1.0,0.43225745638816193,0.7,0.5,1.0,17,341.5187259020135,8255.816066754387
19,9,0.8339321354837679,1.2932451536428893,1.2823586308439177,1.0245211142801933,0.8169477197137205,0.03229364259715042,0.9929274833649355,0.2882106462044178,0.7,0.5,1.0,19,340.7076945649389,7945.552604481665
19,10,1.0068987456477685,1.4505144708405822,1.438852900193278,1.2046929141683258,1.0768560601857535,0.03215995760530196,1.0,0.4628131145882689,0.7,0.5,1.0,20,262.0911402745646,11180.366737490442
19,11,1.00689870394784,1.4505144305050555,1.438852859857751,1.2046928736184819,0.985325097913051,0.03215995704939509,1.0,0.4628130746418768,0.7,0.5,1.0,21,262.0910303265364,11180.36483466033
19,12,0.7659886736474766,1.1342634929938733,1.1213829784808762,0.9107619612041049,1.1490376154218063,0.030554266753295572,1.0,0.2359155493396538,0.7,0.5,1.0,22,79.07825985488743,5031.722831420574
19,13,0.6008608032846872,0.955095341944681,0.941642809043447,0.7417288089534215,0.662327856683467,0.033037954888051405,0.739416144583573,0.2006344329344824,0.7,0.5,1.0,23,57.055792471683255,8127.48755573368
19,14,0.7794655163641977,1.1192142875982316,1.1072425709160993,0.9068613755292101,0.861048271328869,0.029915922439893577,0.9210773382533498,0.2919700180173708,0.7,0.5,1.0,24,37.09456152750297,3822.220598562762
19,15,0.4940384244762282,0.8243982741022076,0.809991979927347,0.6225833951068456,0.5110159947385291,0.03319052578264143,0.59890951804461,0.16564807376138407,0.7,0.5,1.0,25,46.20899816685958,6857.161985439257
19,16,0.7059780783083206,1.0085738698246582,0.9951457422821814,0.8091424466967433,0.8378118234083979,0.029368616272286967,0.9546219751594205,0.2039795943757332,0.7,0.5,1.0,26,45.50680954522763,5654.063369190158
19,17,0.6706936622621802,0.9491901563002234,0.9348277210853718,0.7586569760978056,0.7216134469758582,0.030150681289457533,0.8976679484353871,0.19756937708548247,0.7,0.5,1.0,28,42.16717008256955,3842.022649414628
19,18,0.6797397426258192,0.8903325154493558,0.8733739319742568,0.7131152235246807,0.8305610009928137,0.0289256345547576,0.9340817816042588,0.19095210688683745,0.7,0.5,1.0,30,28.112650122973992,6863.774780648401
19,19,0.6730608247155054,0.8775008532663162,0.8603089440028302,0.7106407113354789,0.685418969179958,0.028788353667253307,0.9274700517089547,0.18777710984730006,0.7,0.5,1.0,32,24.319607491150794,6672.723127109207
19,20,0.669139060932603,0.8659571519514536,0.8484765202777633,0.699853087138074,0.6847755703489746,0.028873845386463,0.9217124230129278,0.1867912032024969,0.7,0.5,1.0,34,23.516558940278543,6639.477789958791
19,21,0.6699216270205397,0.8615564191123697,0.8459514708842848,0.7179477612550782,0.6833777738799244,0.02885914456048012,0.9226436532662031,0.1872125468927059,0.7,0.5,1.0,36,20.004574235749875,7259.109944446543
19,22,0.6681216504003059,0.8530416481783576,0.8351109687053224,0.7075706322228594,0.6787978254457765,0.02881572962230821,0.9218171778960651,0.18592751362924934,0.7,0.5,1.0,38,18.8942581558656,6675.108456391384
19,23,0.6615873436950102,0.8416997735201941,0.8235874430437866,0.7031926749219501,0.6712163112007008,0.028676930104401997,0.9152806312059989,0.18282000460286735,0.7,0.5,1.0,40,17.41597198534372,6436.782091647918
19,24,0.6629301263502275,0.8365133241275915,0.8202264783842663,0.7112691835052212,0.6793518468016565,0.02879892626735498,0.9159968751953359,0.183812903872608,0.7,0.5,1.0,42,15.456881313147282,6623.064599968141
19,25,0.6564658420417977,0.8261750584245122,0.8097420720793654,0.7079551389267146,0.6641441673401601,0.028659742998779297,0.9094979201078864,0.180739138852804,0.7,0.5,1.0,44,14.109176664882336,6385.519134296522
19,26,0.607009950721706,0.7791080870898529,0.7669092565302286,0.6801405256817907,0.6073046921397233,0.030496861382008973,0.7849791462206399,0.1922596524295114,0.7,0.5,1.0,45,16.240598583555453,3539.070651395139
19,27,0.6019375361421089,0.7610751565388411,0.7463157430870193,0.6610779970589193,0.6527263881899349,0.03099372639423032,0.7799294264436291,0.1894849744320404,0.7,0.5,1.0,46,19.792129385584538,2883.237184675571
19,28,0.6068092941466898,0.7612857974219485,0.7463508259371812,0.6688510657510032,0.6270008916208217,0.030948285051198322,0.7893463388406653,0.18972514520235878,0.7,0.5,1.0,47,17.397733943069714,150227.91831879862
19,29,0.60849330876537,0.7599235077451679,0.7448738825382183,0.6677313825201598,0.6208061665273534,0.03092326537323121,0.7943078390100979,0.1889728947050916,0.7,0.5,1.0,48,19.34410891881758,3156.507564564995
19,30,0.6023582791903911,0.7516902911090916,0.7365616952323631,0.6702558800220301,0.6108180973630288,0.030939470766667844,0.7809751205439358,0.1895113653869772,0.7,0.5,1.0,49,17.259978415271426,2764.157292044474
19,31,0.48182823606901204,0.6266082868108547,0.611308400832467,0.5494453230280621,0.5013299114884552,0.030006029261615517,0.6225153110404429,0.14890397535039904,0.7,0.5,1.0,50,17.363496063655095,3283.991881830161
19,32,0.48351597168888033,0.6287970988729752,0.6176604236030631,0.5200147834024946,0.49232838117202515,0.03006226707449236,0.6232994902862408,0.15017808770194424,0.7,0.5,1.0,51,16.486054766484493,3322.2600517289634
19,33,0.47935707086226487,0.6199208350574883,0.6065345744205004,0.5565334301190219,0.4938044446183421,0.02991974089857944,0.6213505019477441,0.14712106883766846,0.7,0.5,1.0,52,16.746415274484345,2998.07351238128
19,34,0.4869940633877126,0.6238075613949847,0.6082080737654165,0.5617596332575426,0.49169661888946314,0.030598433531613838,0.6305436337359559,0.14970528263714383,0.7,0.5,1.0,54,15.35403118257849,3125.5999498214915
19,35,0.478531163088518,0.6161804077059586,0.6047567726954756,0.508156779053673,0.4859745358094682,0.029921872255839123,0.6185251199079407,0.14773922156390112,0.7,0.5,1.0,55,14.88961769866724,3237.9935828698653
19,36,0.49079946875165853,0.6254755315166545,0.6118679320548894,0.5917966364571442,0.49385981292152276,0.030850336855308857,0.6361589991436769,0.15055309976599962,0.7,0.5,1.0,57,13.47875187830803,2862.532357813945
19,37,0.4820532264273687,0.6160465470827245,0.6024132440664522,0.564223435809216,0.48450106535778875,0.03046184703137827,0.6257869942710899,0.1472699030498515,0.7,0.5,1.0,58,13.941507655891622,3038.121872613759
19,38,0.5023493539145865,0.6336797420873742,0.6199463438271058,0.6039906000787649,0.5077094215980062,0.03100627942754185,0.6527113357764696,0.15374241405362976,0.7,0.5,1.0,60,12.27932627033189,5723.058472202586
19,39,0.42080154974919765,0.5442313164764692,0.5302011333716179,0.5371913708199136,0.426133977369784,0.03060788276692747,0.5423793484804122,0.12769459706810932,0.7,0.5,1.0,66,12.743889227817236,6029.217711865868
19,40,0.4166302950467737,0.5368213057387693,0.5226695047268597,0.5373845185932539,0.42327661208372414,0.03047077729285564,0.5383250736906682,0.1256676679200801,0.7,0.5,1.0,68,11.974407247197624,5834.532342742033
19,41,0.42515024000094453,0.5421663743627252,0.5299676953032101,0.562016302415484,0.44445189021452985,0.03045818782991534,0.5489295820109301,0.12892247513173605,0.7,0.5,1.0,69,12.666985927733036,6641.712273835852
19,42,0.4253061478191803,0.5431430882657042,0.5330474565970138,0.5617115790709638,0.4270842720325321,0.03070160781844698,0.5489625325964402,0.12889461321772103,0.7,0.5,1.0,70,12.176518384681858,6586.20411940431
19,43,0.4266521767112268,0.5411619133304922,0.5288691478742206,0.5687570848731206,0.43503522696250607,0.030879584436283643,0.5494278418405658,0.1298955633073027,0.7,0.5,1.0,71,12.72241122933183,6802.413134064007
19,44,0.42517850586850275,0.5360235583061501,0.5235932727297579,0.5677340815342453,0.4409203519366194,0.03047084936768022,0.5488478790820766,0.12901964693948303,0.7,0.5,1.0,72,11.928583662576248,6638.206441000111
19,45,0.41970303832661354,0.5297422914272104,0.5172817648144948,0.5812244621883105,0.4198097089452319,0.029710184298778492,0.5486348333975564,0.12418782430369213,0.7,0.5,1.0,79,16.115000265093634,5064.531324834942
19,46,0.3631087398351768,0.46672330648138016,0.4540217764623115,0.5348924285081461,0.3768959963479707,0.03018456043051601,0.47027301545053096,0.10647816209093963,0.7,0.5,1.0,81,15.04633715333827,5090.264135988425
19,47,0.36475723497433665,0.4685327744888149,0.4579095742653332,0.555535285479022,0.3669619142811973,0.03037159780722034,0.4729850334420546,0.1066459597651315,0.7,0.5,1.0,83,15.015008174190587,5091.9527017710425
19,48,0.36211778477979417,0.4637016330456324,0.45299625414111677,0.5424352047069544,0.37145419274625047,0.03015658276297356,0.47007610594389637,0.10562306755170073,0.7,0.5,1.0,84,14.505514942946728,5320.115047352434
19,49,0.36211244353098826,0.46398546272174046,0.4553632440800155,0.5616769370017402,0.36404000019167315,0.03015658276297356,0.4700761059438963,0.10562306755170077,0.7,0.5,1.0,86,14.41058811028327,5309.267175858832
19,50,0.3599935236613068,0.46011976798884024,0.4493597087871307,0.5591995132205191,0.3616225823391139,0.030047569532516673,0.4670880523786187,0.10507678341882416,0.7,0.5,1.0,87,14.601250950023251,5106.263581831436
19,51,0.36195707297680657,0.4624878115234947,0.4538152595452759,0.5642106522694342,0.365563013626127,0.030277233492484328,0.4698405373656457,0.10550789812494862,0.7,0.5,1.0,88,14.448722583495297,5091.137670316171
19,52,0.35570781354915293,0.45774215660290646,0.45534294377180756,0.5933675990076294,0.35757293473017304,0.030327598071780693,0.4596082071578035,0.10435202451180914,0.7,0.5,1.0,93,13.739869361196144,4799.053152854991
19,53,0.4083240534071128,0.5045039225365666,0.497740592957786,0.6337713883962246,0.4150449185743892,0.03006797046009052,0.5318294967942439,0.12105493795141915,0.7,0.5,1.0,95,14.402361778015395,4250.593144386261
19,54,0.35295121411211117,0.4466462214398289,0.4377173643208788,0.5694690336404625,0.3577441830171316,0.02992841143781092,0.45586267316195206,0.10376872564602083,0.7,0.5,1.0,96,13.803396241813717,4265.807575691941
19,55,0.4041690446577941,0.4925167221822597,0.48338748455014235,0.614937841198486,0.4274246461276663,0.02980129853360674,0.5279425380046312,0.11906029747203029,0.7,0.5,1.0,97,13.806108158492275,4171.264667086286
19,56,0.40416817742632827,0.4923223715852471,0.48318587427803783,0.6303537720791124,0.40474223681163723,0.029801298533306396,0.5279425380318132,0.11906029748044196,0.7,0.5,1.0,98,13.733362450125014,4167.892881510821
19,57,0.40478200520242774,0.49353482120531117,0.4864931330095726,0.6511417113473128,0.40531110375309926,0.02980358443649115,0.5283253944439654,0.11948435290242647,0.7,0.5,1.0,102,13.916027903949852,4315.712585473205
19,58,0.3476717533398749,0.4357009632596309,0.43070452564958306,0.6544765394651675,0.3481602067075954,0.02790512394333658,0.44375116658513025,0.10599917392464553,0.7,0.5,1.0,114,12.068156059800916,4844.49553832258
19,59,0.35129835969389567,0.43216160651806645,0.42482433520852236,0.6497182451391629,0.3639473317308717,0.028812893637739822,0.45024924455463344,0.10576610977508208,0.7,0.5,1.0,116,10.2203053822082,4773.490970906608
19,60,0.3445464117039697,0.42252934873706754,0.41715656063957296,0.658414854791883,0.35352980962464264,0.02823465437420881,0.4404252642396348,0.10434776247240059,0.7,0.5,1.0,118,10.523512864915872,4713.074667149736
19,61,0.3479829806887609,0.4257478556135028,0.4203668963132292,0.68986561246542,0.34808852946829305,0.02814562864325242,0.4413077148216494,0.10740630018843109,0.7,0.5,1.0,121,9.8751904835304,5210.152067868729
19,62,0.34504942401978905,0.42294642377329955,0.41964278873278205,0.6874558520243061,0.35006869906330457,0.02824030113979405,0.440736200151849,0.10469688069682874,0.7,0.5,1.0,122,10.640876824032809,4878.897390816033
19,63,0.34266806995312915,0.4183031880184479,0.41284247236084193,0.6866520282203042,0.3434826830127684,0.02796010923664451,0.4383553006908043,0.10370572207663928,0.7,0.5,1.0,126,10.625129920699392,4713.195239917621
19,64,0.343167781114208,0.4164037731598032,0.4108532147782183,0.7011278246855487,0.3483077890184795,0.02796633605903595,0.43866623660301834,0.10405484030106764,0.7,0.5,1.0,128,10.51905516558664,4854.1091269041535
19,65,0.34316399673663334,0.41669319274533045,0.4132259874340076,0.7142035483810277,0.34519233910416824,0.02796633605903594,0.4386662366030175,0.10405484030106762,0.7,0.5,1.0,130,10.462913897493465,4859.628329283037
19,66,0.34315955361249995,0.41680195293947264,0.4154113725257787,0.7352960504835905,0.34561010226225647,0.02796633605903595,0.4386662366030187,0.10405484030106764,0.7,0.5,1.0,132,10.49979224385096,4885.815153052357
19,67,0.34315880462474396,0.4165965035150082,0.4151982656399669,0.7491382562947292,0.34386229869539386,0.02796633605903595,0.43866623660301834,0.10405484030106756,0.7,0.5,1.0,133,10.42262626715352,4874.2437403734
19,68,0.34278346641095303,0.417544126565485,0.41826780429180277,0.7570518372882165,0.3426089219445618,0.027897218236513237,0.4384552201809047,0.10383340880906913,0.7,0.5,1.0,134,10.429449245885928,4822.164359756374
19,69,0.34472098643820126,0.41433413362956767,0.4107203174823519,0.7488471637191539,0.3481892264255626,0.0283570914544276,0.4429353259079353,0.10321798117028846,0.7,0.5,1.0,137,9.953083224644796,4468.79991877645
19,70,0.3452787079385196,0.41395393385469703,0.41030498512891955,0.7566963576529132,0.347157270336799,0.028437686875723574,0.44296552030311015,0.10370751903468056,0.7,0.5,1.0,139,9.746150976861935,4515.95471473925
19,71,0.34527870793889875,0.415281253795715,0.4137543964070354,0.7711123553679629,0.3450967922204198,0.028437686875723577,0.4429655203031114,0.10370751903468037,0.7,0.5,1.0,141,9.746150991004006,4515.954716762983
19,72,0.3452782505648393,0.4164786285960219,0.4170690084239059,0.7853651764506989,0.3453809170068327,0.028437686875723574,0.4429655203031101,0.10370751903468034,0.7,0.5,1.0,143,9.725499261428464,4512.224884768865
19,73,0.3452782108559109,0.4177946471984312,0.4205067303528779,0.7996862439323871,0.34512120938440993,0.028437686875723577,0.4429655203031113,0.10370751903468059,0.7,0.5,1.0,145,9.721923103942474,4511.259205974912
19,74,0.3442971433082088,0.41592712211454724,0.41860596230131875,0.8481903077450238,0.3455887064791141,0.02959207069920667,0.4385957196037271,0.10410797060398176,0.7,0.5,1.0,149,9.809651142409658,4885.135528771949
19,75,0.3442694111713994,0.4084837526564915,0.4129574663997503,0.8633741760926057,0.3623540779213638,0.02959207069920668,0.4385957196037264,0.10410797060398184,0.7,0.5,1.0,151,9.208786230903694,4855.301762580179
19,76,0.35606337901287294,0.41899809078673583,0.4254963197372383,0.8876210062176502,0.3590415669144386,0.02948699843768516,0.4626994457214952,0.10393259189938735,0.7,0.5,1.0,155,9.721755423017372,4892.659608635072
19,77,0.35650170253933006,0.41834617815246183,0.42480359120895445,0.8955730919936802,0.3585763124474052,0.029598456417325968,0.46317215942635687,0.10405965570412956,0.7,0.5,1.0,157,10.097679562985324,4991.760533718809
19,78,0.35604311196120325,0.41333397329429283,0.421693494962647,0.9045436353428612,0.38108502413989104,0.02948699843768516,0.4626994457214952,0.10393259189938715,0.7,0.5,1.0,158,9.2537117785739,4859.075914362523
19,79,0.3527396797353685,0.41464197516433765,0.43353619314601266,1.02611261984956,0.3530127109829553,0.029534123145015263,0.45469965917193395,0.104601900466437,0.7,0.5,1.0,181,9.77104949286595,4889.573436764415
19,80,0.3538272359736233,0.413491813649693,0.4302298882883,1.0378880232583088,0.3550479361358756,0.029474853008858798,0.45742099384276697,0.1043728586846425,0.7,0.5,1.0,184,10.774129781073894,4795.070813940145
19,81,0.3556317770774366,0.4169290857884193,0.43787311138904206,1.060087359427098,0.35664403073986384,0.029410299699142273,0.4617554009884728,0.1040582509056132,0.7,0.5,1.0,188,9.47492750188385,4933.725045158305
20,0,0.6832173594063788,0.8030144275157053,0.7956654957123908,0.44838013877589056,0.0,0.0,0.0,0.0,0.7,0.5,1.0,1,6336.536716243177,132585.57494830334
20,1,1.0392379396086993,1.2953477282283092,1.285603262658391,0.9448246541079569,0.6049538768890739,0.0010444540385817001,1.0,0.00025989940516833,0.7,0.5,1.0,2,11503.941328126522,161249.52647437155
20,2,0.8262558046148694,1.2301407057304226,1.2200361337139927,0.88941924096492,0.6107561444993782,0.0010444540385817001,1.0,0.00025989940516833,0.7,0.5,1.0,4,6270.547410782484,131081.95476211526
20,3,0.7678158233471524,1.1892172906559444,1.1809856107222667,0.8495609053141503,0.4971906444316028,0.0645243911503455,0.2410973839481006,0.299704134141052,0.7,0.5,1.0,5,2517.312790884315,72389.14542254568
20,4,0.6964603805774776,1.179842752952157,1.1678326610378829,0.8491184156936614,0.5977043918626085,0.0010456468093910701,1.0,0.00103959762067332,0.7,0.5,1.0,7,6190.659988073422,130398.86976811472
20,5,0.7319651479478266,1.2396577236954742,1.2259729149745315,0.9246515429049103,1.1078105343539735,0.026997456240898637,1.0,0.14313581451756202,0.7,0.5,1.0,8,1949.5841872511307,66628.50748775394
20,6,0.8347635257076469,1.3521998052046598,1.340560439683527,1.0411211400555913,0.8105699517085572,0.03155917998104145,1.0,0.2532110535804714,0.7,0.5,1.0,10,2167.7301253989344,57671.11120014692
20,7,0.7014068075488393,1.1850365536953826,1.1713718697346571,0.8856382507431303,0.7541752398620494,0.02412466905887081,1.0,0.14554107898638344,0.7,0.5,1.0,12,2447.6242221144976,42154.41913000384
20,8,0.6721826588593453,1.1161008439360396,1.1003382413722058,0.8245896340705647,0.888813978123116,0.02489925297092253,1.0,0.13229805431536304,0.7,0.5,1.0,13,2961.035553259268,3185234.0979971103
20,9,0.6366978416108214,1.0239672267782869,1.0056739264213859,0.7462582014290265,0.7741327879127783,0.02746990276451249,1.0,0.1061998293194412,0.7,0.5,1.0,15,1563.5142900169828,2318238.481212952
20,10,0.9491764607142483,1.3322162449256618,1.3137306504458919,1.0674007523088171,0.9755729084706657,0.04220896861426357,1.0,0.4092853978568326,0.7,0.5,1.0,16,1424.0488503560944,2377887.028261586
20,11,0.6638645981251128,1.0389349621657455,1.0221966860805063,0.7707999903332925,0.6865524682833418,0.03165314860619321,1.0,0.13211288070483265,0.7,0.5,1.0,17,1553.1528673625005,2789734.448928528
20,12,0.6476322269120155,1.0157991082993538,0.9987787718077359,0.754055470770728,0.6538824764241824,0.02888463660869728,1.0,0.11847545924642444,0.7,0.5,1.0,19,1736.22845833744,2783185.25997182
20,13,1.152515898429889,1.4928205707912463,1.4746718006400523,1.2369445838150368,1.2785793890085628,0.03844584482257119,1.0,0.61905431638509,0.7,0.5,1.0,20,1491.716070409735,11469555.517500464
20,14,1.166319250658763,1.5013577915453076,1.4829988134905792,1.25176430734594,1.172431034805776,0.03881305903542962,1.0,0.6329689538587154,0.7,0.5,1.0,22,1488.1912916734454,11516287.488792976
20,15,1.0402788161972203,1.3711487595380765,1.3526238817117497,1.130225672043904,1.0441019355461774,0.03891817382829598,1.0,0.5071320207618149,0.7,0.5,1.0,24,1359.7450086794456,11355918.653333535
20,16,1.037691567294117,1.365081463082311,1.346418458789997,1.1329598741521778,1.040116593703936,0.03978145328613193,1.0,0.5041621639190184,0.7,0.5,1.0,26,942.179596213152,10000274.355427075
20,17,1.0406740319802292,1.3636792560017545,1.3448426954683779,1.1494278204941093,1.0454455860949974,0.039238202218358983,1.0,0.5077920093811441,0.7,0.5,1.0,28,1285.6575708334003,11520135.45051289
20,18,1.0834052539423427,1.3954473704137436,1.3761790525584359,1.1798579696957971,1.1039520759949437,0.04052364234206618,1.0,0.5502363700090244,0.7,0.5,1.0,30,930.70946748021,10038281.1302013
20,19,1.5298773089813265,1.8066257364180318,1.7859833103238965,1.611834091063297,1.60741024019427,0.03802059145142261,1.0,1.0,0.7,0.5,1.0,32,1637.3547130631944,11265829.627110396
20,20,1.5297807203390437,1.8039807463327098,1.7832397908050919,1.616222583766573,1.5323344948458393,0.0380097257219576,1.0,1.0,0.7,0.5,1.0,34,1588.7035271880916,11256630.55043839
20,21,1.529726844897005,1.802331723053937,1.781529345758939,1.614721680588154,1.530149349483528,0.0380097257219576,1.0,1.0,0.7,0.5,1.0,36,1596.2439104620405,11257862.8359838
20,22,1.528985561613645,1.7923992311538606,1.7733139152464563,1.606922364309845,1.549977495859645,0.0374361052743116,1.0,1.0,0.7,0.5,1.0,38,1573.3218671541683,11269735.20623612
20,23,1.5288629522101584,1.7883065688313147,1.7690686973165826,1.6136027963961501,1.5440993779275143,0.03743037935796646,1.0,1.0,0.7,0.5,1.0,39,1530.1904248657097,11263185.147197695
20,24,1.5289615206386014,1.786671466354445,1.7652958160691776,1.602965474994034,1.5281520310555359,0.03758822009004576,1.0,1.0,0.7,0.5,1.0,40,1550.3883672792915,11262812.14744438
20,25,1.5291125442376097,1.7866275298478982,1.7673155788189208,1.6251468672371063,1.533358711689559,0.03786675060612426,1.0,1.0,0.7,0.5,1.0,41,1546.2313774360878,11266523.510441218
20,26,1.5279963750195358,1.7708024059649794,1.750927097561177,1.610820846358243,1.591962964327803,0.03683040514441799,1.0,1.0,0.7,0.5,1.0,42,1545.8462084106595,11280224.201847678
20,27,1.5273920445481344,1.7610916607076321,1.7408687380331116,1.6090619309755754,1.5457768389147075,0.03627109712079417,1.0,1.0,0.7,0.5,1.0,44,1569.8265303368662,11276110.651281478
20,28,1.527696484209307,1.7607210484506806,1.740472406831097,1.6123042065652466,1.5288676631654725,0.036728391571758515,1.0,1.0,0.7,0.5,1.0,45,1519.927423070537,11267469.440225711
20,29,1.527472478112933,1.7575885527947839,1.73722903130355,1.612967200769269,1.5384312807791365,0.036498025476835824,1.0,1.0,0.7,0.5,1.0,46,1571.6620130185893,11280311.354144229
20,30,1.5273007969035342,1.7556295067118073,1.7352018786196883,1.617534407788252,1.5334105990940985,0.03630708674632499,1.0,1.0,0.7,0.5,1.0,47,1596.0903218416647,11269450.276556524
20,31,1.527515766050339,1.753191514119879,1.7326628333531249,1.616064511378967,1.5375484227462493,0.03669296673047192,1.0,1.0,0.7,0.5,1.0,48,1588.7431238275055,11287132.862979287
20,32,1.5283287426920382,1.7326564516952596,1.7175320393011624,1.6113232143456462,1.6399608059258104,0.038506499508096856,1.0,1.0,0.7,0.5,1.0,49,1442.1613074475003,10904416.536252284
20,33,1.5282221565724887,1.7259716067890438,1.7105980842483244,1.6124592877949706,1.5415535903769493,0.038497064612937844,1.0,1.0,0.7,0.5,1.0,51,1395.705300235966,10895703.750502272
20,34,1.5281550419937582,1.721700304913226,1.7061676592654376,1.6157734677396263,1.5362740048828334,0.03848756952554186,1.0,1.0,0.7,0.5,1.0,53,1349.6782550809023,10886874.38977066
20,35,1.5266901684528102,1.6979563656759176,1.6795097724983115,1.5668757200235142,1.5498353527927191,0.03678642441322856,1.0,1.0,0.7,0.5,1.0,57,1602.22831378492,10999667.594224926
20,36,1.5267145618567632,1.6938136354214588,1.6752100094312123,1.563123949325976,1.5428577743918195,0.03688196241948072,1.0,1.0,0.7,0.5,1.0,58,1585.0041500643522,11005593.955517158
20,37,1.5266037866780775,1.6900154808146834,1.6712730293830274,1.573949264030479,1.532902569562501,0.03677292226993399,1.0,1.0,0.7,0.5,1.0,60,1537.7522764819853,11008112.236314995
20,38,1.5264456637550723,1.6728299612091213,1.6534461635061253,1.565627198667129,1.601045157935629,0.036780746825806634,1.0,1.0,0.7,0.5,1.0,61,1588.1469805743616,11003114.150371572
20,39,1.5266644683281725,1.668774695824586,1.6492300706125045,1.579930705318203,1.544937668812593,0.03714601677219486,1.0,1.0,0.7,0.5,1.0,62,1514.038563208767,10999450.839218728
20,40,1.5267544311121137,1.6663337380251175,1.6466939043200943,1.570203968781895,1.5373351322424855,0.03730470090091585,1.0,1.0,0.7,0.5,1.0,63,1526.1802981110332,11003432.976118067
20,41,1.5267647726898539,1.6641887222887695,1.6444678113463376,1.5792037000803094,1.5356874074008773,0.037344528430707694,1.0,1.0,0.7,0.5,1.0,64,1531.823682936928,11006177.755099062
20,42,1.526735982408983,1.6616771804285246,1.6418629373316054,1.5842136974541576,1.5315645582804225,0.03733126018816768,1.0,1.0,0.7,0.5,1.0,66,1485.5518489899166,10997284.494691478
20,43,1.5273623172614585,1.6576981861295668,1.6377108298756142,1.5879317357643339,1.5335578875853875,0.03827623327055919,1.0,1.0,0.7,0.5,1.0,69,1511.7041660742325,11077617.51986606
20,44,1.5279148719090299,1.657400792188811,1.637381484713451,1.587519593156781,1.5283023832793352,0.03907474166822756,1.0,1.0,0.7,0.5,1.0,73,637.4408204373162,10088263.94032657
20,45,1.5277839822983346,1.655405665593672,1.6394607240651586,1.6461751312960387,1.5371978864869613,0.03893433595570573,1.0,1.0,0.7,0.5,1.0,75,730.4774722356191,10335011.2825694
20,46,1.5276979712830727,1.6532034426014421,1.637178999892575,1.6554114602548153,1.5318500874678427,0.03883260481415677,1.0,1.0,0.7,0.5,1.0,77,735.0339741731203,10331143.372792348
20,47,1.5278831562842516,1.6518397971715129,1.6357571783466978,1.6624662020179346,1.534210485757763,0.03911234449752859,1.0,1.0,0.7,0.5,1.0,78,654.9531438760515,10302106.891973656
20,48,1.5279915021805137,1.6506671429095674,1.6366086500962256,1.6874590666027562,1.539026840796872,0.03929221021206325,1.0,1.0,0.7,0.5,1.0,79,711.7369426404332,10341437.701220438
20,49,1.5279263015422686,1.6492358258484998,1.6351260755878392,1.6978264578402347,1.5304487705011711,0.039211867568572166,1.0,1.0,0.7,0.5,1.0,81,697.6352158161957,10339774.837982086
20,50,1.527525098484972,1.6458955899365568,1.6296031933223938,1.638101464324675,1.5341619620717137,0.03865365533811427,1.0,1.0,0.7,0.5,1.0,82,743.7485758937131,10000058.177054426
20,51,1.5272584495787387,1.6444222211365436,1.630156772434224,1.6659791799096082,1.5379765240606207,0.03829571839356051,1.0,1.0,0.7,0.5,1.0,83,417.61688772631015,10103586.77533637
20,52,1.5279324391946996,1.6395729473329568,1.6251001890679428,1.6771631246341283,1.539684867371523,0.03930666589602369,1.0,1.0,0.7,0.5,1.0,85,422.4444532322157,10110916.204927731
20,53,1.5276826720632228,1.62898256453422,1.6120495491527695,1.676987808853285,1.5671316551189696,0.03902298137973951,1.0,1.0,0.7,0.5,1.0,86,419.5068733442567,10122940.385206398
20,54,1.5277280726334066,1.6256747838024066,1.6106883370538094,1.6845556668331854,1.5376338322646568,0.03912295680094791,1.0,1.0,0.7,0.5,1.0,88,422.7618811139324,10126943.892610077
20,55,1.5278019393612847,1.6226303915341789,1.609599386572286,1.704507390593025,1.5470532161355957,0.03926050849691898,1.0,1.0,0.7,0.5,1.0,89,374.4406862868327,10120668.607667187
20,56,1.5276530308902,1.615573179377981,1.6002108840987617,1.679184123991687,1.535547469317013,0.039085994359757445,1.0,1.0,0.7,0.5,1.0,92,464.03181498267486,10114128.800901322
20,57,1.527778894417962,1.6090953955558638,1.595557981748746,1.6882829958742933,1.5624180540728374,0.03931651978567214,1.0,1.0,0.7,0.5,1.0,93,687.8355638780724,10218354.137737451
20,58,1.5274794727272925,1.6076868809815827,1.594107916782979,1.6830848720361073,1.5296747194317075,0.03889557069631922,1.0,1.0,0.7,0.5,1.0,95,692.1288076989789,10207462.940305034
20,59,1.5275867184520402,1.6013095143830878,1.5874876367080364,1.6893017105247057,1.555861352233385,0.03908686457795132,1.0,1.0,0.7,0.5,1.0,96,646.8298470980867,10184602.023623284
20,60,1.5271198559344834,1.6049663771123348,1.5995884866015144,1.71603832473551,1.52950490682539,0.038426619728872444,1.0,1.0,0.7,0.5,1.0,98,405.0681810772875,10175229.228219982
20,61,1.5269987721494962,1.5931668116391382,1.5894240130247885,1.7123412774070919,1.5554162415184165,0.0383221187165273,1.0,1.0,0.7,0.5,1.0,100,396.24148243718986,10179795.829089615
20,62,1.5268645312084277,1.5835252177770227,1.5711368856883765,1.6839837247929292,1.5359534807920934,0.03815064185328369,1.0,1.0,0.7,0.5,1.0,102,490.17893157387726,10197895.85158678
20,63,1.5269334469073055,1.582599505600232,1.57224636058543,1.6861039457055855,1.5318583117126114,0.038259872376600876,1.0,1.0,0.7,0.5,1.0,104,448.93174362975,10177410.66598552
20,64,1.5269917177464734,1.578067991328101,1.5675430941562272,1.6739681788929324,1.5470209093615566,0.03836379850952039,1.0,1.0,0.7,0.5,1.0,105,366.6369024045407,10168395.404772827
20,65,1.5273087539850916,1.5771199010806962,1.570692521858866,1.7729933103803899,1.5300538620920725,0.03883362708415824,1.0,1.0,0.7,0.5,1.0,111,383.64986482002286,10183571.035063108
20,66,1.527178096275795,1.5709342886248292,1.5663528044786783,1.741573050141926,1.5433226874993,0.03867713716536398,1.0,1.0,0.7,0.5,1.0,113,419.96924964535447,10200521.393938472
20,67,1.5272108247574911,1.5696314806286464,1.5650000393719297,1.7239905437796472,1.5329185549362856,0.03872905126409828,1.0,1.0,0.7,0.5,1.0,114,417.0392128167704,10200491.011167506
20,68,1.527173289643732,1.569149082190487,1.564500978888724,1.7399479554308972,1.5290153760610272,0.03867713716536398,1.0,1.0,0.7,0.5,1.0,115,417.3370894687237,10199896.636670943
20,69,1.5274930498516506,1.5675466446045276,1.5628266486800357,1.734432766726273,1.530215940446239,0.03914128926919521,1.0,1.0,0.7,0.5,1.0,118,344.9559203341699,10082590.025653236
20,70,1.5275876719273374,1.5626954375434856,1.5557180057897466,1.7838242548083434,1.5435558662798288,0.03929004086867436,1.0,1.0,0.7,0.5,1.0,119,423.59472681188754,10181196.780328477
20,71,1.5274477670611355,1.5625019017672204,1.5555224825951501,1.7754770859502318,1.527398161920785,0.039090234376503954,1.0,1.0,0.7,0.5,1.0,121,426.3189409454515,10184314.546343526
20,72,1.5271723855199564,1.5612242805336307,1.5542073675343318,1.7865147715011016,1.5315296064198316,0.03870049900203645,1.0,1.0,0.7,0.5,1.0,122,380.1614947107041,10150740.992735216
20,73,1.527288379688617,1.5588652735104502,1.5517557886004736,1.780318610049135,1.5380360021930861,0.03887498919331933,1.0,1.0,0.7,0.5,1.0,123,426.2586339317074,10173628.327923154
20,74,1.5270777489174474,1.554349968144836,1.5491519704792287,1.8087775103612624,1.5517441780827035,0.03859335941390873,1.0,1.0,0.7,0.5,1.0,124,374.0711049278851,10143797.324228046
20,75,1.527168458083041,1.554131964011304,1.5489224209782915,1.8227949296559465,1.5273775642427259,0.0387239675674146,1.0,1.0,0.7,0.5,1.0,129,379.3141502034979,10153224.989305971
20,76,1.52715906524823,1.552996197775549,1.549816996975625,1.8507112688823708,1.5324889783110025,0.03871858317926806,1.0,1.0,0.7,0.5,1.0,131,364.7105640653486,10148464.865046322
20,77,1.52720780630507,1.5543084747484965,1.5532489822833233,1.8641154387920174,1.5272371592949003,0.03878846451860396,1.0,1.0,0.7,0.5,1.0,135,607.8277912555106,10323722.450840428
20,78,1.5275600273332235,1.5553151878956009,1.556352645942288,1.8546680919620475,1.530397626259636,0.03929375938969633,1.0,1.0,0.7,0.5,1.0,136,447.9709392810311,10170318.753819725
20,79,1.5272402773159752,1.5525232174336994,1.5534682402866822,1.8570467861467488,1.5380443832649897,0.03884481172544953,1.0,1.0,0.7,0.5,1.0,137,438.18962213123774,10164825.469774602
20,80,1.5274476274125504,1.5502505759393106,1.5531753310608192,1.8708492732255677,1.5441640588138308,0.03915275002451992,1.0,1.0,0.7,0.5,1.0,138,412.54132294838365,10183866.383383378
20,81,1.5272828523061348,1.5456773053328403,1.5484372724821531,1.8752064435876257,1.5369036864821457,0.038930317289389636,1.0,1.0,0.7,0.5,1.0,140,413.80295867864345,10173933.185383696
20,82,1.5273116804388838,1.5411788318515822,1.5416971168831295,1.881646814789229,1.5301160682124904,0.03898064100959242,1.0,1.0,0.7,0.5,1.0,145,421.9815120156632,10175179.221650653
20,83,1.5273062250927756,1.540160042336044,1.5406404416464108,1.8807102292737783,1.5280067999045994,0.03897559480408289,1.0,1.0,0.7,0.5,1.0,151,423.9406500050006,10175136.57383196
20,84,1.5272881891424785,1.539324253772342,1.5397740581793158,1.8799539011295316,1.530854326935319,0.03895207799288957,1.0,1.0,0.7,0.5,1.0,152,422.9213407050739,10174200.568964437
20,85,1.527287726137449,1.5389785253435635,1.5394154522143901,1.8796420380393863,1.5287815344782767,0.03895236063545382,1.0,1.0,0.7,0.5,1.0,153,422.8289689235848,10174224.95529
20,86,1.5276108020698125,1.5372846176543944,1.5376461429205426,1.8867396394070908,1.5320600332641732,0.03941939717714632,1.0,1.0,0.7,0.5,1.0,155,407.647244998117,10170615.19170586
20,87,1.5276073975900881,1.5354272689832678,1.535719506872903,1.8850488961838041,1.535647969842373,0.039419397177146306,1.0,1.0,0.7,0.5,1.0,156,410.3158505367883,10171314.415443944
20,88,1.5277040081295443,1.5277040081295443,1.5277040081295443,1.89096355420262,1.533423304334448,0.0395771544707776,1.0,1.0,0.7,0.5,1.0,162,407.67741783087297,10201425.652831836
21,0,0.43372737865901945,0.7577625715138783,0.7487254616604495,0.407567461497833,0.0,0.0,0.0,0.0,0.7,0.5,1.0,1,26938.50615860401,126389.3930870752
21,1,1.7010358814867037,2.1963549219055833,2.1935208892517517,1.8347456855116775,1.2748510804275632,0.107340478512439,0.394361078968665,1.0,0.7,0.5,1.0,3,17333.762256132293,75618.89421463257
21,2,1.8552650697610313,2.2954721958007327,2.284696747404901,1.9598793042902378,1.7842706407034563,0.12043722291005363,1.0,1.0,0.7,0.5,1.0,4,13317.796789618638,61308.98723475036
21,3,1.3920514139644637,1.9043125346756267,1.892656042635564,1.575063884576968,1.628086808806262,0.107340478512439,0.394361078968666,1.0,0.7,0.5,1.0,5,8021.596544601409,44275.313795761766
21,4,1.708744868626433,2.223715737350704,2.214171774016718,1.9258843905796632,1.5936474748694591,0.12949957950648625,1.0,1.0,0.7,0.5,1.0,7,3374.59028073486,19535.44956999016
21,5,1.3967241533284593,1.9097164541078693,1.8975649929064724,1.595334455287282,1.3391286467358503,0.11251055532778831,0.4244661913195338,1.0,0.7,0.5,1.0,8,7038.436217501854,44656.69588655022
21,6,1.6649769977764226,2.181601620175045,2.170578046864209,1.8901644225122511,1.7274567835369385,0.12599578426008579,1.0,1.0,0.7,0.5,1.0,9,2543.5175243119315,43964.76254335366
21,7,1.6071834905498052,2.093797824285839,2.078323374882579,1.788231186550789,1.81579367699377,0.11360666244353272,0.9692409062824405,1.0,0.7,0.5,1.0,10,2208.7818139675423,24867.393125474613
21,8,1.2110319468051254,1.6154877615814982,1.5999937276637173,1.3448135120525366,1.44744644902686,0.10638362081649455,0.246008765767937,1.0,0.7,0.5,1.0,12,512.5334796999471,11164.6987080971
21,9,1.1818792412371082,1.4918112590634167,1.4745296988457817,1.2436998284625584,1.4071569919224491,0.10934926921490755,0.20144213766006241,1.0,0.7,0.5,1.0,14,73.10899466314468,1931.694448535392
21,10,1.1815796856462144,1.4864737867127087,1.4710657137442635,1.245871550257167,1.1913676132322406,0.10934926921490755,0.20144213766006244,1.0,0.7,0.5,1.0,16,64.91674209029892,1894.5863276724267
21,11,1.1864246022842053,1.4707192914683258,1.4524395576494387,1.2364134193897733,1.2710138101152804,0.10920593883046288,0.2129726071320527,1.0,0.7,0.5,1.0,17,67.79683757749707,147196.78995371147
21,12,1.1855808076399836,1.459395609634232,1.4407107976765336,1.2377592185641353,1.2062369143283687,0.10925324362435992,0.21197557180789267,1.0,0.7,0.5,1.0,19,54.16627443713182,146827.9865766292
21,13,1.1853431481954544,1.4500200615357794,1.433054344396195,1.2337527293079311,1.2061969476719057,0.11000147338150994,0.2111275570151147,1.0,0.7,0.5,1.0,21,34.8939882668987,7250.469330020202
21,14,1.188924219998083,1.4518925410066938,1.434861173212329,1.235792495654706,1.1938962361323817,0.10993572466168888,0.2184849108881412,1.0,0.7,0.5,1.0,22,32.66741321889488,10949.427490996111
21,15,1.1846407877932985,1.439918692307674,1.422592145078063,1.2340757182514919,1.2167946390017523,0.11005558958730297,0.2101927348842608,1.0,0.7,0.5,1.0,23,28.807295120930977,7238.856908355253
21,16,1.157229289788634,1.3966416877508476,1.376636794501577,1.2027132795653255,1.1681560813585592,0.10639750114648343,0.16123499292004828,1.0,0.7,0.5,1.0,28,189.0343210967115,2060.5422999308694
21,17,1.1565644270497901,1.3850485975972326,1.3666984145112302,1.206947364020541,1.1684658271689274,0.10651557363839168,0.16028608578781742,1.0,0.7,0.5,1.0,32,104.56232603321764,2021.8785304938813
21,18,1.1564068158788023,1.36994360514674,1.3510249946005182,1.1999932138176843,1.1883320309369338,0.10503443591635939,0.16262247729960552,1.0,0.7,0.5,1.0,34,105.50729868088072,2429.0866334995726
21,19,1.1548238195694978,1.3656447022012117,1.3466229992708256,1.2022515539773058,1.1652701168441837,0.10691626411559003,0.15691618296335896,1.0,0.7,0.5,1.0,35,241.66534654576023,1155.8489360585256
21,20,1.1564098383200712,1.3268502540954679,1.3063008405620904,1.167814818309933,1.3345547864117941,0.10519055081950188,0.16364485589195288,1.0,0.7,0.5,1.0,36,61.744093262687365,1819.821510468968
21,21,1.155135566310204,1.3160282052505643,1.2971906578936676,1.180202356558862,1.1792385005463721,0.10441532070264156,0.1624243314961577,1.0,0.7,0.5,1.0,38,195.63792959638045,1891.1365594435904
21,22,1.1547474621253953,1.3051563352664868,1.2859239193886143,1.1805363532819764,1.1770379135338573,0.10442953305993581,0.16182895208107664,1.0,0.7,0.5,1.0,40,221.77063057426824,1878.131336217572
21,23,1.1540354299825317,1.2859762529636392,1.2660492179160878,1.1631357391574637,1.2336433747636635,0.10434982628701013,0.16081921932612275,1.0,0.7,0.5,1.0,41,187.09485479904865,1946.199611969428
21,24,1.1540636374634945,1.2835513938169996,1.2635321405324875,1.1677424674340846,1.1589557854987023,0.10433840224174981,0.16092867589988685,1.0,0.7,0.5,1.0,43,182.52269809957224,1891.756710920375
21,25,1.1540615712877176,1.2761977905881567,1.2579745528103468,1.167007614265507,1.1918641952836089,0.1044142670278397,0.16094131878597057,1.0,0.7,0.5,1.0,44,191.51316616756,1698.876151116841
21,26,1.1542785673079754,1.2749746264921118,1.2566972973045372,1.1728344515745592,1.1569121283439592,0.10436824529845126,0.16145880171382104,1.0,0.7,0.5,1.0,46,185.88939030658915,1634.7320758112637
21,27,1.153000252437213,1.2674465881390002,1.2489346302373414,1.1693719433867615,1.1800433163687725,0.10436759921788616,0.1589837611757179,1.0,0.7,0.5,1.0,47,208.6814909308395,1689.3229315740973
21,28,1.153039593592284,1.2653537525924559,1.2467617346645896,1.1744055249123724,1.1572999807403535,0.10435605974963016,0.15910502740337612,1.0,0.7,0.5,1.0,49,203.4150270792857,1643.113122998612
21,29,1.1534213187485742,1.2603003977140055,1.2415044098579002,1.1768075697709317,1.1649896233393604,0.10534280747257926,0.15855186784354255,1.0,0.7,0.5,1.0,51,170.31263431670806,1770.896105274746
21,30,1.153081146012628,1.2596617145086177,1.2408545330591738,1.1900459640517886,1.1533643938170308,0.1044045567913177,0.15918868410300688,1.0,0.7,0.5,1.0,53,200.0388743193429,1620.9081209114745
21,31,1.1425633821582397,1.2473467514582508,1.2305444429933332,1.203266922426032,1.1456093328705024,0.1041549513935331,0.1385380821019712,1.0,0.7,0.5,1.0,57,208.1406960114936,1750.8761906286263
21,32,1.1425580548168237,1.2477084753069227,1.2329922119798513,1.221021775428805,1.1442813238073328,0.1041549513935331,0.1385380821019712,1.0,0.7,0.5,1.0,59,209.9442658174458,1759.2856119529777
21,33,1.1425929674819024,1.2466402882177368,1.2318827040139402,1.231161748649258,1.1438393777185463,0.10415015956724032,0.13862680038817782,1.0,0.7,0.5,1.0,62,205.59296931563625,1747.2736989828384
21,34,1.142110647996315,1.2409886950272266,1.2239648643190757,1.2235195402408223,1.1586747764511272,0.10445201299360982,0.13728091391011876,1.0,0.7,0.5,1.0,63,218.23137669697448,1758.0707510184968
21,35,1.1550896085187978,1.2468954104517431,1.2316787489171004,1.2437268268731025,1.1732697281240438,0.10410356232328019,0.16381165468443512,1.0,0.7,0.5,1.0,65,219.7810518587814,16781.773929113726
21,36,1.1554062096922744,1.2463134323753777,1.231063052957041,1.2506437311941032,1.1571226439313684,0.10385581611007433,0.1648005700517931,1.0,0.7,0.5,1.0,67,184.22436905208048,16604.852906403394
21,37,1.1548421641481958,1.2452512643791798,1.2299822356908183,1.249620016868466,1.1566472415488598,0.1041262313959199,0.16329848948485587,1.0,0.7,0.5,1.0,68,221.93959177897293,16839.094299197324
21,38,1.1551893404002158,1.2452673406738524,1.2320582489825036,1.2565330370114804,1.162193917061574,0.10380262350755728,0.16446161140809648,1.0,0.7,0.5,1.0,69,202.25415485273504,11465.91008393547
21,39,1.155163356154844,1.2424514583415336,1.227065472260646,1.2545178111832365,1.1612885726645388,0.1037385131337742,0.1645129942530636,1.0,0.7,0.5,1.0,70,202.29871761656176,11476.772363553562
21,40,1.154615831369832,1.2413807922616615,1.228047542182137,1.2717425568534542,1.1625768929523483,0.10382343190596102,0.16331623582603572,1.0,0.7,0.5,1.0,71,194.3580897977651,16602.478087008225
21,41,1.1549556086566886,1.2397216312701234,1.224241116700333,1.2631329404162497,1.1561048731813701,0.10368451009530151,0.1641961567463539,1.0,0.7,0.5,1.0,73,198.8547162100193,16660.339193166215
21,42,1.140698204525498,1.2249047571439196,1.2114756183740616,1.27133884847324,1.1487294643874546,0.10383285190246083,0.13654892590505552,0.99947080442119,0.7,0.5,1.0,74,204.7947455645675,16457.684652933316
21,43,1.1550888129730108,1.2386337952308928,1.2293245886385615,1.275141855805743,1.1694307350067203,0.10390208721763824,0.16420371044104895,1.0,0.7,0.5,1.0,75,186.0972539108028,16770.083528027688
21,44,1.154797741248354,1.2369688193668344,1.2276081602333577,1.2856081019204613,1.1575652295749044,0.10390956054375582,0.16362276699331507,1.0,0.7,0.5,1.0,77,215.32008884167607,16554.58770230225
21,45,1.1548235762853867,1.2337860563797245,1.2222328202985708,1.283348248397839,1.162858369740625,0.10384301586318909,0.16378333614247167,1.0,0.7,0.5,1.0,78,207.0099069191469,16632.97897195271
21,46,1.1547115529528704,1.2321206721710316,1.2225816257241102,1.2889421445411084,1.1671675127490617,0.10394834829063752,0.16343537058843652,1.0,0.7,0.5,1.0,79,238.57842781853097,16775.38353028211
21,47,1.155016046988557,1.226880173833871,1.212988685646107,1.288725814761492,1.1675547702146347,0.10390246657938221,0.164131591275515,1.0,0.7,0.5,1.0,80,211.68096222943123,16585.61788674413
21,48,1.1547302564653643,1.2282535810556594,1.2185689798094594,1.3162752592456075,1.1559697380071328,0.10378323419827953,0.16373464643901126,1.0,0.7,0.5,1.0,83,211.5522127640961,16621.928799462046
21,49,1.1547793375437838,1.2266067344340092,1.2230758148895122,1.3282977457810912,1.1795155467425658,0.1036657986337085,0.16403983573876496,1.0,0.7,0.5,1.0,84,213.10199276187828,7959.053998463743
21,50,1.155304065009984,1.222459966158275,1.212536910274735,1.3265138507187522,1.156635007847394,0.1039051786116852,0.1647591970444276,1.0,0.7,0.5,1.0,86,209.4427471757904,16654.916406794644
21,51,1.1548228938276472,1.224127811780346,1.218430054776559,1.3430302239878502,1.1553646676016003,0.1036613225253216,0.16414185915119023,1.0,0.7,0.5,1.0,89,215.72021890801693,16503.07748421735
21,52,1.1548844699204666,1.2232004055380297,1.2174656238399655,1.3540321585785975,1.156873066067715,0.1036337704234419,0.1643106855585757,1.0,0.7,0.5,1.0,91,215.28961319014329,16517.938080959575
21,53,1.154966011215001,1.222870327476767,1.2171201326618588,1.3576860382855667,1.1565917194507613,0.10363561838124676,0.16447411470469983,1.0,0.7,0.5,1.0,92,215.3568509350739,16487.176184045944
21,54,1.1536198756084102,1.2185942999289607,1.2127344022187296,1.3537054841847298,1.1663390868379,0.10381675585217909,0.16154880881962844,1.0,0.7,0.5,1.0,93,218.496471747222,16574.626172815373
21,55,1.1538914723223401,1.2196033529941077,1.2158434764848405,1.3692116366070497,1.1562975439779062,0.10380913130831107,0.1621067140153709,1.0,0.7,0.5,1.0,94,208.3568929831885,16512.55163403521
21,56,1.1538515183395714,1.2152986723766763,1.209306757032261,1.3586395274316718,1.1666000635358142,0.10377199391014955,0.1620986660226747,1.0,0.7,0.5,1.0,95,211.6536748582283,16488.653071621437
21,57,1.1538942796911171,1.2162445220554892,1.212358810208661,1.3831091823292274,1.154355709924381,0.1039539205360551,0.16193231471737163,1.0,0.7,0.5,1.0,98,203.6336605326078,16501.512266637266
21,58,1.1590226263201941,1.2118222822733844,1.2055067340748353,1.3757404286835895,1.195031753819995,0.1036875153956421,0.17261434342976162,1.0,0.7,0.5,1.0,99,212.1901507900132,16545.469980315203
21,59,1.1589278819475446,1.2136078910439119,1.2115075364122068,1.405089019613765,1.159643537711608,0.10375470366086641,0.1723354833354525,1.0,0.7,0.5,1.0,103,206.87543886441367,16539.6613580893
21,60,1.1590201018309159,1.2109255890561377,1.2066489942925995,1.398754881353252,1.165249912390149,0.10360257354414207,0.17274160871042937,1.0,0.7,0.5,1.0,104,208.60775907378425,16584.348388455634
21,61,1.1590145250477168,1.2121072327859763,1.2099474809494584,1.411803209689162,1.1591951021938822,0.10361805087407831,0.17270962274755922,1.0,0.7,0.5,1.0,106,209.7083440343336,16572.28560832351
21,62,1.1538094594927157,1.2059485950268782,1.2037531641306098,1.413797442037719,1.1578740244693009,0.10356796087467737,0.16237527542135657,1.0,0.7,0.5,1.0,107,206.129411716091,16579.53914000269
21,63,1.1577762854073785,1.2108926228488268,1.2108061788276927,1.4469783230538653,1.1581669280936293,0.10374694334980641,0.17006041897540386,1.0,0.7,0.5,1.0,110,222.779878603955,16554.10073968439
21,64,1.1589429806174016,1.2129479411293504,1.214967211400349,1.4529255853060483,1.1597825281101524,0.10358324042236564,0.17262556491392508,1.0,0.7,0.5,1.0,112,214.4284274501397,16564.094653716846
21,65,1.163542337899004,1.2156250136640276,1.2154999172896583,1.4568623797645,1.164729907896923,0.10373794337221554,0.1816111708900125,1.0,0.7,0.5,1.0,114,202.639766762814,16415.762976187405
21,66,1.1636286237452147,1.2177046838408891,1.221799034784451,1.475716784023349,1.1649626385297447,0.10375890389181848,0.1817582345350788,1.0,0.7,0.5,1.0,116,209.2306746870657,16450.882426330965
21,67,1.161885359465238,1.2149147733676662,1.2210424055009834,1.4978035533318452,1.1643905608910115,0.1034765338013878,0.17868064148733348,1.0,0.7,0.5,1.0,120,202.5269392447163,16523.961971923087
21,68,1.1636621022897007,1.2155775278382566,1.221663469971581,1.510890722320754,1.1684069515972548,0.1037181871577703,0.181902017207446,1.0,0.7,0.5,1.0,121,204.1010656922688,16497.53733723378
21,69,1.1388724517172055,1.1946130279360778,1.2070593973941735,1.5653835177257822,1.138827056286831,0.10368567373667059,0.13236910971125856,1.0,0.7,0.5,1.0,132,191.07036191271112,16547.40913472767
21,70,1.1409741132452926,1.1917873169811242,1.20197691734158,1.5783326911308913,1.1487820677991432,0.10364290509619074,0.1389987940533767,0.998826611657272,0.7,0.5,1.0,134,191.25130532910865,16549.69331884039
21,71,1.0133586571222217,1.06474474038294,1.0770282123874937,1.4769692464155757,1.0139254213125888,0.10387957281663429,0.1265603417375485,0.8772667344398656,0.7,0.5,1.0,139,196.0775801974501,16608.97101304674
21,72,1.0855213903359149,1.1373715413397463,1.1517448138572364,1.5569292834438657,1.0892186198749751,0.10379417461725257,0.12497547734313663,0.9502839712074806,0.7,0.5,1.0,140,193.4123969081748,16628.57979247572
21,73,1.14079365992788,1.1894144223553436,1.20159448272295,1.6175190766392227,1.1434891705509556,0.10369222182524165,0.13624065609424846,1.0,0.7,0.5,1.0,143,193.2427291150396,16609.377902670007
21,74,1.1430095834002023,1.1929331821070357,1.20723438866165,1.6341191443861036,1.1429740296832778,0.10361975795310222,0.14077407912366913,1.0,0.7,0.5,1.0,145,190.36381701511823,16608.865572983752
21,75,1.0530194921020193,1.1015870452678374,1.1137651039527978,1.5441031664676887,1.0530583038906633,0.10365728938488775,0.12259953835607851,0.9190709816688525,0.7,0.5,1.0,146,190.59804901245252,16609.098525590147
21,76,1.1413701260428644,1.1899183670524431,1.2020956860620386,1.630791793319733,1.1413658867018865,0.103624289270049,0.1374890697238061,1.0,0.7,0.5,1.0,147,190.99055220538847,16608.521197993443
21,77,1.0413744632767454,1.0910393783280126,1.1074033938689682,1.5641405709318037,1.0435424386642072,0.10346140141613684,0.11943557942819713,0.9091490618938984,0.7,0.5,1.0,150,198.89502239859704,6174.972572687894
21,78,1.0413737025154275,1.0920665849437434,1.1105414953369248,1.578228242486404,1.0419454122944427,0.10346140141613688,0.11943557942819716,0.9091490618938985,0.7,0.5,1.0,152,198.4401425639015,6176.903918059269
21,79,1.1451858442248644,1.191690787732282,1.203791704585905,1.658027667059479,1.1460073670949051,0.10337507584799188,0.14547988942618778,1.0,0.7,0.5,1.0,153,198.45213844800853,16834.862013213926
21,80,1.1435606810383936,1.1888414620610288,1.2008965824547961,1.6511254603132466,1.1461828872222466,0.10374472990767596,0.14171825972757407,1.0,0.7,0.5,1.0,155,202.7678024575648,16651.947162771954
21,81,1.1443937605748147,1.1922574047547505,1.2085540229419052,1.6560679520088337,1.144598237585688,0.1034947097402876,0.14373477299295984,1.0,0.7,0.5,1.0,156,223.5112557459408,6727.698755106413
21,82,1.1415341933157188,1.1900781020899442,1.2084726374993775,1.677727545958867,1.1424035868420783,0.10337724300145253,0.13818332628010144,1.0,0.7,0.5,1.0,159,198.7371232211908,16738.67641047813
21,83,1.141533880066494,1.1900707998705475,1.2105375205032378,1.719252446924866,1.1421097344140236,0.10332586626015428,0.13826122662684398,1.0,0.7,0.5,1.0,168,199.8006581935585,16730.73095274435
21,84,1.141632687844587,1.191485047853503,1.2140734047613022,1.7393648778833612,1.1415836850068444,0.10329939818956035,0.13849595588446958,1.0,0.7,0.5,1.0,170,200.3991904850386,16732.588184331787
21,85,1.143288797108939,1.1912249354587998,1.2116691887742792,1.7246107919057139,1.1457989696481095,0.10366652266344181,0.14129708279889266,1.0,0.7,0.5,1.0,171,192.43565296898493,16597.151356008228
21,86,1.1447473467953706,1.1946201884116847,1.2192817829734066,1.781340964667854,1.1462859321445078,0.10341374236653933,0.14457164353838495,1.0,0.7,0.5,1.0,173,202.82406009041304,16734.507535553734
21,87,1.1415091165435478,1.1887617877259915,1.2112529293644292,1.7578163697290274,1.1470505273425515,0.10339478247722915,0.13812788056160774,1.0,0.7,0.5,1.0,174,200.8344802146404,16715.705758493372
21,88,1.140916036895661,1.1933862886278883,1.2264348294131588,1.8394241869585992,1.141121270821166,0.10357262126645486,0.13669948646579017,1.0,0.7,0.5,1.0,197,199.16979988187703,16726.183809485803
22,0,0.7531317272528012,0.8129425927239388,0.8059640326024073,0.4573706427585803,0.0,0.0,0.0,0.0,0.7,0.5,1.0,1,2500.1678460091107,137538.8960366106
22,1,0.7135207460818567,0.807318252702873,0.8001298908360736,0.45225332090325415,0.023552958786538302,0.0,0.0,0.0,0.7,0.5,1.0,2,2520.6836483148904,129074.19424984942
22,2,2.212637707995717,2.3926463648005267,2.383481687042716,2.0441892220540065,1.63709355409346,0.11821189770561835,1.0,1.0,0.7,0.5,1.0,3,5439.637365378636,101394.94768958417
22,3,1.8041052136550144,2.2714446231662966,2.2600772004123257,1.9375060850278647,2.0191136773214455,0.10878006984128079,1.0,1.0,0.7,0.5,1.0,4,2425.856763378388,38177.207727910696
22,4,1.7787850853615528,2.2613778218460303,2.251570431466314,1.9500946422917305,1.6390861561895302,0.11402702981315671,1.0,1.0,0.7,0.5,1.0,5,2203.1827681363143,39428.657704353296
22,5,1.7701421352406077,2.2657495732513366,2.2553919002197724,1.9631868711124016,1.6316756665640577,0.14134287548193952,1.0,1.0,0.7,0.5,1.0,7,1624.4177672603007,27111410.080129668
22,6,1.6921976464428927,2.2062252655749677,2.196347747273922,1.9141670455425164,1.6782337019200684,0.11728746520996272,1.0,1.0,0.7,0.5,1.0,9,652.1943085479918,330186.233216655
22,7,1.658108384226502,2.174233763440437,2.163617141606097,1.8892956726587355,1.6665133266433816,0.09988854679856318,1.0,1.0,0.7,0.5,1.0,10,1384.631011911167,36632.84177037745
22,8,1.6537652228961992,2.1696270270060345,2.156766743234199,1.8712964418677562,1.591769208470743,0.09985833621682488,1.0,1.0,0.7,0.5,1.0,11,1316.4591287383832,36441.27272575045
22,9,1.6207990302935067,2.1061805736064154,2.0925985014416804,1.8266961756537219,1.9092999469107663,0.11622414257905227,1.0,1.0,0.7,0.5,1.0,12,166.29598259412091,20087.917222065083
22,10,1.602449201808593,2.0338162937193864,2.015400328978301,1.7626468306603453,1.7363234397651022,0.11858708560719129,1.0,1.0,0.7,0.5,1.0,14,102.48751416386068,8551.654844493414
22,11,1.5893408028024063,1.9280020899696675,1.9056495912110327,1.6751270403186127,1.813783253378115,0.11816527714078595,1.0,1.0,0.7,0.5,1.0,16,66.74952680801539,7797.652261285045
22,12,1.5854940639391049,1.872839917534985,1.8505372099497772,1.6346468752531988,1.7034320033126464,0.11682061105140329,1.0,1.0,0.7,0.5,1.0,18,13.659606388163937,950.3795560407988
22,13,1.585069617281213,1.8639230755815193,1.8475036293564788,1.661564393095335,1.6101799411641675,0.11689172222486348,1.0,1.0,0.7,0.5,1.0,20,15.055951860745097,982.2917997546512
22,14,1.5852346123247731,1.8534742781011015,1.8304326236628383,1.628644288747676,1.6122694875243997,0.1174522740339284,1.0,1.0,0.7,0.5,1.0,21,16.00586617599443,7862.056309492285
22,15,1.5850881624235398,1.8487506019812723,1.8255326824652185,1.6330061488346193,1.5925644233660696,0.11745406771527978,1.0,1.0,0.7,0.5,1.0,23,16.562454466712026,7976.783467327878
22,16,1.5846462446746648,1.8465644663152665,1.8253496799437845,1.6387002295283692,1.590615856335396,0.11699299412532324,1.0,1.0,0.7,0.5,1.0,25,22.825801378888865,947.462126375671
22,17,1.5876936924140732,1.8412127267535474,1.8196763384536232,1.637350079200575,1.6195499428809137,0.12166281258448845,1.0,1.0,0.7,0.5,1.0,26,18.540506055764705,1894.7534575389448
22,18,1.5843537625472668,1.835182295240178,1.813542788507167,1.6538824511715662,1.5843059933948027,0.1169964928154272,1.0,1.0,0.7,0.5,1.0,31,16.65959918867398,937.3932544996298
22,19,1.5843031667208054,1.8348903778854602,1.813241541751374,1.6539916416003444,1.5823798579570731,0.11693326415331724,1.0,1.0,0.7,0.5,1.0,33,38.52355553462109,1599.0901354524872
22,20,1.5843767988614559,1.833924770504019,1.8122361315852347,1.659461330792495,1.586619704366812,0.11707826161822647,1.0,1.0,0.7,0.5,1.0,34,39.827341345938,1544.279803248583
22,21,1.5838293215710189,1.821287959556785,1.8053513286004468,1.6913893015896864,1.6539718059975017,0.11686072612637259,1.0,1.0,0.7,0.5,1.0,35,14.057990147264425,919.9698370299858
22,22,1.5835955260388594,1.8059983425697315,1.783273523968859,1.6507878556694453,1.6065719088013926,0.11686356226362424,1.0,1.0,0.7,0.5,1.0,37,13.578961800096073,929.1780365967646
22,23,1.5834203313039574,1.7965748741775647,1.773498437747329,1.6489249095514098,1.6024382565262885,0.11686608654171796,1.0,1.0,0.7,0.5,1.0,39,12.946986194808206,904.05235967145
22,24,1.5832910956119863,1.7889768640731967,1.7656169042431706,1.6520248984649837,1.5984453315368556,0.11686859410981147,1.0,1.0,0.7,0.5,1.0,41,12.82417290588042,890.5022937604675
22,25,1.5832191683591443,1.784422682831056,1.7608927318324148,1.6545534493347167,1.591786636233099,0.11687139338712257,1.0,1.0,0.7,0.5,1.0,43,13.591817752541266,914.450374949988
22,26,1.5832229381600686,1.7743536497806218,1.752514011371177,1.6513856078056388,1.6073308906335928,0.11712417461985776,1.0,1.0,0.7,0.5,1.0,45,12.64485824809382,757.1281278342719
22,27,1.583111640109035,1.771847481256037,1.7499172404839822,1.663050578707137,1.587229423602327,0.11701355476991204,1.0,1.0,0.7,0.5,1.0,47,13.796141586118791,765.5312724831808
22,28,1.5832290675726033,1.772196057681624,1.7523465098283526,1.6868747190407207,1.5836634336569628,0.11720303447607432,1.0,1.0,0.7,0.5,1.0,50,12.771874293160232,1060.6146026221638
22,29,1.5828821948680272,1.7699291086375228,1.7582946139477489,1.7273933993114845,1.5924867709511314,0.11684490158976475,1.0,1.0,0.7,0.5,1.0,53,12.214816835804706,873.5539728242906
22,30,1.5828231639440524,1.761021684742874,1.7428370962946498,1.7008309835600315,1.5925850444976213,0.11684747022149795,1.0,1.0,0.7,0.5,1.0,55,13.251771533145108,870.607512443121
22,31,1.5828100919382877,1.7597835237369717,1.7415526892473807,1.7068869666304627,1.5845142902687188,0.116850021965058,1.0,1.0,0.7,0.5,1.0,57,14.797888546845908,879.2366630763472
22,32,1.582798808102531,1.7597012719060783,1.7435397068404666,1.727854953115779,1.5848952564267051,0.11685774257914361,1.0,1.0,0.7,0.5,1.0,59,10.270663862284485,886.2421758195721
22,33,1.582784509469255,1.7569104333016559,1.740644077838109,1.728982224929255,1.5879694551392625,0.11688370242498762,1.0,1.0,0.7,0.5,1.0,61,13.427589039801012,867.363179685452
22,34,1.582783293296568,1.7581309373648517,1.7439827018984517,1.736170342584773,1.5820524580428825,0.1168837024249876,1.0,1.0,0.7,0.5,1.0,63,13.38499171516048,870.8048152089939
22,35,1.5510081076182376,1.7266622704586965,1.7166696363446166,1.7491736353511955,1.5605761756726695,0.11756914948792241,0.935543968344444,1.0,0.7,0.5,1.0,64,12.11444230931864,8651.537843368207
22,36,1.5826937747102543,1.7499046405918561,1.7313054165516881,1.7374138206826504,1.586393042692719,0.11684363599104693,1.0,1.0,0.7,0.5,1.0,67,106.16996772380362,1560.0159892276267
22,37,1.5826126462151568,1.7486753962405883,1.7403931670158752,1.7737054578020235,1.6162158513468605,0.11684399624091461,1.0,1.0,0.7,0.5,1.0,68,18.80137314549324,887.1160042206052
22,38,1.5826548416989112,1.7440081099031035,1.731404265473825,1.7732523610335218,1.5841298617536737,0.1169335222072718,1.0,1.0,0.7,0.5,1.0,72,357.4263727283362,1845.5780726210069
22,39,1.5828301550031618,1.7384483480908322,1.719412216537926,1.7536297790475626,1.5897834869630922,0.11720834577903556,1.0,1.0,0.7,0.5,1.0,73,14.996052570501154,2197.5448200732435
22,40,1.5829742011889762,1.7369978270079365,1.7179016153546445,1.763291028995052,1.5840199557345933,0.11743659991594999,1.0,1.0,0.7,0.5,1.0,77,17.11740571596235,9056.981613498934
22,41,1.5824022788402192,1.7261304330710523,1.7170075334851513,1.794647204494045,1.6563850082695422,0.1168301549308639,1.0,1.0,0.7,0.5,1.0,78,100.93180402222175,2515.3917662410668
22,42,1.5823431790385716,1.7181999412002333,1.704636707146138,1.7823878079095645,1.6047915157097707,0.11680378183586426,1.0,1.0,0.7,0.5,1.0,79,455.1764174416031,2174.791321158987
22,43,1.582302336493869,1.7122802636645515,1.698496104433311,1.7733070416920562,1.6077253931355688,0.11680730602878009,1.0,1.0,0.7,0.5,1.0,80,2056.142411500268,2697.85361070165
22,44,1.582292424552655,1.7109309159960753,1.6970963937985908,1.7833403650573045,1.5876556466451581,0.11680668072165076,1.0,1.0,0.7,0.5,1.0,81,453.2021915761181,2221.9857724580093
22,45,1.58222350862485,1.7093745352153182,1.6954841727909247,1.7894394347843927,1.5849950316368688,0.1167231270227044,1.0,1.0,0.7,0.5,1.0,83,445.8555246469842,2316.934273389244
22,46,1.5822991819728984,1.712561508582517,1.7050046971380661,1.8242867420971232,1.5856067591525618,0.1168397801153593,1.0,1.0,0.7,0.5,1.0,84,452.16401874171015,2186.548869546656
22,47,1.7650341552244666,1.885239400262214,1.871088146723376,1.9622332710657757,1.7779560919073656,0.37794763147805577,1.0,1.0,0.7,0.5,1.0,86,39.03140102599493,107364.76279322532
22,48,1.892628211237211,2.012436599370539,2.0024149899403603,2.1163123656984646,1.8955395323839601,0.5602526105262315,1.0,1.0,0.7,0.5,1.0,90,42.99666987917527,110282.9942160317
22,49,1.8926275947850597,2.0136648806990145,2.005761640962483,2.144538780121781,1.892393785425463,0.5602526105262315,1.0,1.0,0.7,0.5,1.0,92,42.80875887133131,110269.40645669926
22,50,1.5821196874103973,1.6877270112869147,1.6771724994742077,1.8199697390935041,1.6438841586204955,0.11678742805014983,1.0,1.0,0.7,0.5,1.0,93,470.5542128021673,2675.343815472009
22,51,1.545844500827064,1.6508823361121152,1.6403064983272344,1.8040439337106144,1.5461206828075436,0.11672839643995561,0.9275385772302449,1.0,0.7,0.5,1.0,97,466.23965256043886,2695.604714105273
22,52,1.5821253128837218,1.686564994662107,1.678039005221237,1.8485374088669553,1.5901890811708346,0.11681456164035149,1.0,1.0,0.7,0.5,1.0,98,459.9899365915907,2610.415807899258
22,53,1.5821243886047869,1.6864084969743622,1.6778766776161138,1.8560988783780754,1.582112664229503,0.11681441629211316,1.0,1.0,0.7,0.5,1.0,100,469.088542914978,2626.000610745222
22,54,1.5821228721838616,1.6860981262776975,1.6775547132535,1.8750755774684684,1.5821101389497685,0.11681457674305795,1.0,1.0,0.7,0.5,1.0,104,467.9131539701705,2621.3108244962705
22,55,1.582064866481897,1.676478160075359,1.6675762523542321,1.8741549092273488,1.6028064983630261,0.11680026136431496,1.0,1.0,0.7,0.5,1.0,106,601.6606344316075,1490.2405712856662
22,56,1.5820085703572935,1.6781579729816072,1.6734658419523993,1.890716047607373,1.583730197081619,0.11672608303674595,1.0,1.0,0.7,0.5,1.0,108,1873.798415004,1471.803568347665
22,57,1.5820010710607124,1.6772454056491422,1.6725193564394036,1.9073952905955454,1.5836961746948166,0.11672146176013849,1.0,1.0,0.7,0.5,1.0,110,2330.405960342921,1474.5506107110336
22,58,1.5819996827643363,1.6782702029024112,1.675654945559565,1.929979305778403,1.582367011954482,0.11672149180719289,1.0,1.0,0.7,0.5,1.0,112,2292.0560288225406,1481.2511385565692
22,59,1.5819467699003988,1.6732049658441202,1.6662571556788792,1.9113646633737655,1.5920392968395474,0.11666147061750902,1.0,1.0,0.7,0.5,1.0,113,2130.1474935177466,1410.008137660593
22,60,1.5819454339322627,1.6742374788231404,1.6694007713804426,1.9248220855745792,1.5823075130650244,0.11666147061750902,1.0,1.0,0.7,0.5,1.0,115,2128.206850527782,1413.519734919729
22,61,1.5819377674671742,1.6734403218460583,1.6706463927697441,1.939027711262201,1.5832185148344342,0.11666415064207485,1.0,1.0,0.7,0.5,1.0,121,2134.2486880871984,1469.731411312221
22,62,1.581959290904704,1.6673067994656874,1.6622098638408513,1.9327657773248084,1.6029432813144602,0.11672488977986387,1.0,1.0,0.7,0.5,1.0,122,2117.6294015084,1454.5427862898553
22,63,1.5818677700229653,1.6648567427822902,1.6596714677401252,1.9385191154407,1.5850820498664615,0.1166082663994642,1.0,1.0,0.7,0.5,1.0,125,2124.6702178517494,1459.5736802471436
22,64,1.5819152799064058,1.6715182055513238,1.6769425327493417,2.0218567789727913,1.5818302356367082,0.11667676899981254,1.0,1.0,0.7,0.5,1.0,128,1783.2231061942914,1484.0819097153824
22,65,1.5818781290353874,1.668322182195615,1.6694834647879113,2.008562386839831,1.582562173675051,0.1166261752026371,1.0,1.0,0.7,0.5,1.0,130,1567.640987969355,1460.8018393293253
22,66,1.5818727097554,1.667744972267761,1.6688848167320083,1.977906355745086,1.5841499839237385,0.11662179017229697,1.0,1.0,0.7,0.5,1.0,131,34.235118294513235,1496.8817498458538
22,67,1.5818339299924526,1.6614375852585794,1.6561254985860674,1.983281111900844,1.5916668465311066,0.11657962779357374,1.0,1.0,0.7,0.5,1.0,132,2241.4615631072534,1431.8637131023174
22,68,1.581851330780163,1.6617221324816225,1.6584924222839978,2.0009771795229785,1.5831800130280258,0.11661051200410724,1.0,1.0,0.7,0.5,1.0,135,2322.446252845751,1446.3749482793496
23,0,0.9260772088402741,0.8399379665878152,0.8339665637802006,0.48358824029367836,0.0,0.0,0.0,0.0,0.7,0.5,1.0,1,12748.669804114415,164312.46491930238
23,1,0.6781185423613374,0.8022951114905409,0.7949193875497005,0.4477395422192069,0.1358540951562218,0.0,0.0,0.0,0.7,0.5,1.0,2,7420.891384263719,134092.06007344238
23,2,1.9810771478514617,2.282783325713927,2.272243908423619,1.93785267138683,1.6682877677650183,0.01390625323861241,1.0,1.0,0.7,0.5,1.0,3,10882.071232837783,165493.05126384654
23,3,1.6188878410482301,2.0110703001171615,2.00039235477531,1.6807068087033907,1.2903190826433302,0.010633880456905189,1.0,0.734291360534523,0.7,0.5,1.0,5,11674.511147024648,162630.20131611716
23,4,1.8314633111110947,2.2377745902652615,2.2276286642456444,1.9020642635013996,1.5790042341182944,0.013906253238612401,1.0,1.0,0.7,0.5,1.0,6,5999.591273557884,140060.3801607375
23,5,1.749900691832749,2.219075735324237,2.2075546518292493,1.89642609646873,1.6087309566926522,0.039851475920113136,1.0,1.0,0.7,0.5,1.0,8,5562.65160808951,134158.50624577366
23,6,1.1250409045737082,1.6005897152125923,1.5888645815495952,1.2799121696753484,0.9387673064317885,0.01024736518329783,1.0,0.40770702934366376,0.7,0.5,1.0,9,6897.245614271218,157469.63287128275
23,7,1.681964291966145,2.1845063488805954,2.1737330471951584,1.8977388202665542,1.666760107524146,0.04119732292179511,1.0,1.0,0.7,0.5,1.0,10,4000.736661268118,113048.09586424576
23,8,1.6230818189654943,2.136493459098486,2.123940500994691,1.851586230622022,1.633490063120456,0.040757156184035484,1.0,1.0,0.7,0.5,1.0,12,2599.132731250264,87479.02294701026
23,9,1.5822250920557657,2.0824639864062475,2.069965835177073,1.8176242824084097,1.6518752929220437,0.04083677961744467,1.0,1.0,0.7,0.5,1.0,14,1774.1678841441562,49043.6452230868
23,10,1.5557274429280485,2.015322065524364,1.9961743841460393,1.749933491982147,1.6763392801889574,0.04082164773229456,1.0,1.0,0.7,0.5,1.0,16,1135.4868243703595,19076.084771728227
23,11,1.0968293787191612,1.507358607523575,1.4880016111234877,1.2547024748155233,1.2093308409159793,0.038264692564203576,1.0,0.554993062788933,0.7,0.5,1.0,18,645.2278537339995,53850.188991292125
23,12,0.9878651769499611,1.3700031777633557,1.3494281730675397,1.131885432350702,1.0485763224259685,0.03693906014909301,1.0,0.451212672059071,0.7,0.5,1.0,20,405.291447751228,55132.209952636455
23,13,1.5417727668676238,1.914331099892747,1.899558943630584,1.6968699591830532,1.5987345598311844,0.046460373005241216,1.0,1.0,0.7,0.5,1.0,21,412.5492253966384,17963.6276944686
23,14,0.9865442425230918,1.3525334097688342,1.3333559785891653,1.1387579709553353,0.9808574965634661,0.036903614271250426,1.0,0.45186233398336284,0.7,0.5,1.0,27,367.8439146936231,55072.35577970455
23,15,1.5374129458061505,1.8939283318020808,1.8743642747601477,1.7226801879847704,1.5520845196306308,0.04207535564534931,1.0,1.0,0.7,0.5,1.0,29,138.67462373535963,92438.44939749889
23,16,1.5424159696793855,1.8922611306182917,1.8703584646019087,1.6992809274508756,1.5603796848377303,0.04988127851895011,1.0,1.0,0.7,0.5,1.0,30,240.9396143211508,26392.70083655633
23,17,1.5323997733538293,1.7998637233658608,1.7788631029905528,1.6467285418220101,1.9218187771008688,0.042072284985634215,1.0,1.0,0.7,0.5,1.0,31,134.18184411073452,56503.20654556168
23,18,1.532630858206422,1.798241734088881,1.7771697274521474,1.651945905107464,1.5340107492930408,0.04248877360630924,1.0,1.0,0.7,0.5,1.0,33,126.39364585985128,65598.31106390592
23,19,1.5326013599238038,1.7658757078627627,1.7435650587216525,1.6261505709189374,1.6758387073777357,0.04368417363749319,1.0,1.0,0.7,0.5,1.0,34,83.42815693876389,50201.65597539825
23,20,1.5326484148616215,1.7587852119094238,1.7382734019658004,1.639198188114,1.5517295589327729,0.04403759412944313,1.0,1.0,0.7,0.5,1.0,36,71.30140915250836,49545.10109796942
23,21,1.5325249321529903,1.7533766076184778,1.7305924383209226,1.6415164381694058,1.5360014600808793,0.0439616698233293,1.0,1.0,0.7,0.5,1.0,39,75.07293406571121,55430.39097954886
23,22,1.5323756586706767,1.7462212400153,1.725242702357022,1.6548829548327664,1.5484131058391237,0.0439616698233293,1.0,1.0,0.7,0.5,1.0,41,69.47696703107768,55314.92319888247
23,23,1.5321596527574513,1.7417198176826285,1.720578555717603,1.6619713532783962,1.5401954632564674,0.04376167443114602,1.0,1.0,0.7,0.5,1.0,43,65.64513615835756,55229.427179681705
23,24,1.5321882020873216,1.743089061553789,1.7240703486860314,1.6696975279573696,1.530915274368142,0.043803858593437286,1.0,1.0,0.7,0.5,1.0,44,55.09390736327356,62083.381038873056
23,25,1.532254187723633,1.7408044744526756,1.7216966465583443,1.6668798538703662,1.5409302912696932,0.0439538845399691,1.0,1.0,0.7,0.5,1.0,45,62.670867522644144,55018.83794068295
23,26,1.5312606494492134,1.7036960478127556,1.6852939139417265,1.6364514209388692,1.6965657909789895,0.04328423061067157,1.0,1.0,0.7,0.5,1.0,46,41.02893842138161,88876.04015347082
23,27,1.5310879128193202,1.6995908626769887,1.6810403836357108,1.6475391991349464,1.5388750104778288,0.04310067179722315,1.0,1.0,0.7,0.5,1.0,48,39.13156155861889,88863.33297582746
23,28,1.5310644436749805,1.6954540876865547,1.6746764531737077,1.6442897577773155,1.5425029717695415,0.04311039483537469,1.0,1.0,0.7,0.5,1.0,49,38.6639543153584,90493.15261057374
23,29,1.5309974386935288,1.6914971275977038,1.6726448936361327,1.6474160771240864,1.5532861003601388,0.043092582176024366,1.0,1.0,0.7,0.5,1.0,50,39.15578404313672,88666.33621844916
23,30,1.5309930959745834,1.6886793732507117,1.6697211553390865,1.6592174931506374,1.5343414344342983,0.04312667353955087,1.0,1.0,0.7,0.5,1.0,53,37.89640201543912,89996.66570001787
23,31,1.5309465227954204,1.6870004340710776,1.66798071318554,1.6541052224174688,1.537335425410491,0.04308283707373486,1.0,1.0,0.7,0.5,1.0,54,37.31326904607836,89622.64060517715
23,32,1.5315183651205349,1.6879077289394542,1.6771890690158264,1.7508313718315571,1.531876507486193,0.04396702057971892,1.0,1.0,0.7,0.5,1.0,74,34.1444671296535,60847.99464523109
23,33,1.5304398091099665,1.6908622456699889,1.688583940374865,1.9821235739490513,1.5298510662787268,0.04244294057316911,1.0,1.0,0.7,0.5,1.0,114,43.177236512526974,57838.45142126394
23,34,1.5304397597154331,1.6921840972213569,1.6920276515463306,2.008666972816414,1.5297220185421279,0.0424429405731691,1.0,1.0,0.7,0.5,1.0,116,43.15942369562232,57837.48985627723
23,35,1.5304261888319415,1.6914864424845597,1.6913042514288432,2.004056469067719,1.5312194093897062,0.04243245281592546,1.0,1.0,0.7,0.5,1.0,118,45.01808622907095,58188.41454058051
23,36,1.53042123439787,1.6896026025035753,1.6872775529003243,2.000705196798847,1.5321307566647306,0.04243245281592546,1.0,1.0,0.7,0.5,1.0,119,45.643673680672094,58233.476238076975
23,37,1.5304906754594212,1.6892454480914982,1.686904347580252,2.0043330139046356,1.5316607994269007,0.042537122263396746,1.0,1.0,0.7,0.5,1.0,120,44.42287334058779,58120.90486916999
23,38,1.5304516605939416,1.6878018448852221,1.6854078809372632,2.006975865906441,1.5359603469092753,0.042499235603645755,1.0,1.0,0.7,0.5,1.0,121,42.314042089672405,57709.73807727235
23,39,1.5303800111116552,1.6876480382914019,1.6873230986687535,2.0135187477026144,1.5359139795695707,0.042414514575992414,1.0,1.0,0.7,0.5,1.0,122,43.47749976215056,58402.341238634806
23,40,1.5303721060647273,1.6869459246914988,1.6865948719434807,2.0207761226321326,1.531224646176834,0.042411834320810735,1.0,1.0,0.7,0.5,1.0,124,41.59329990370966,58152.61490223132
23,41,1.530790773399932,1.6736564999916461,1.666573332341534,2.0115663971507867,1.5732096369125732,0.04312437074301504,1.0,1.0,0.7,0.5,1.0,125,32.59431387000228,61049.20694097477
23,42,1.5307330298894448,1.6663964553313713,1.6590425615778457,2.012987033873765,1.5460466926462177,0.04311932488319361,1.0,1.0,0.7,0.5,1.0,127,29.28242932098928,60764.80482814358
23,43,1.530778691271689,1.6659421894901207,1.6606417295030247,2.0383764464425784,1.5329323065768528,0.0432033693606793,1.0,1.0,0.7,0.5,1.0,130,26.993914594653887,58651.493344399736
23,44,1.530767035447694,1.6636323047196098,1.6603177548931831,2.0663206679121107,1.534247374400064,0.0432229332913642,1.0,1.0,0.7,0.5,1.0,134,29.865883987966992,60911.52673395808
23,45,1.5310189115271784,1.6631911687010428,1.6598505819963636,2.0862992991992524,1.5312778858697231,0.0435895482923918,1.0,1.0,0.7,0.5,1.0,138,31.159533808424587,61341.53436921073
23,46,1.530811409279682,1.661805906761101,1.658421099351032,2.093168695976091,1.5329091050283576,0.04330453039101573,1.0,1.0,0.7,0.5,1.0,140,29.825805383310072,61096.86602568275
23,47,1.5308096190393332,1.6628651540895194,1.6615924101359918,2.1082429758590053,1.5308991677589114,0.04330453039101572,1.0,1.0,0.7,0.5,1.0,142,29.90187208706837,61109.507992611456
23,48,1.5302326211464707,1.6570820494846823,1.6493970526334327,2.088265591311787,1.5308238380079937,0.04249194068485931,1.0,1.0,0.7,0.5,1.0,147,33.9776661059646,57789.86303805205
23,49,1.5302263210981848,1.657009238464867,1.65139400131905,2.1027871938540033,1.5317959051514214,0.04249607753755732,1.0,1.0,0.7,0.5,1.0,150,33.700898664350426,57712.47406690783
23,50,1.5304642803420525,1.6563611851482776,1.6569294573954447,2.1545861688824575,1.5515789801789592,0.04288067527168604,1.0,1.0,0.7,0.5,1.0,151,26.43464361773976,59350.134944403646
23,51,1.5307860349520959,1.6542166608607722,1.6546923442347654,2.148558198742313,1.541116453013065,0.043361800837304745,1.0,1.0,0.7,0.5,1.0,152,24.10785628316129,60429.53136499429
23,52,1.5305890418141743,1.6480240754749484,1.644130208070486,2.1701053130547816,1.533900495653136,0.043109244152978524,1.0,1.0,0.7,0.5,1.0,156,22.78961804086207,58921.38570945642
23,53,1.5304892781152186,1.6269855374987696,1.6243787577257585,2.154166986611818,1.628059300174257,0.04313368923428716,1.0,1.0,0.7,0.5,1.0,157,27.352644304984786,61284.93719329966
23,54,1.5300903051785664,1.622283156854014,1.6195150958044007,2.1498909014931766,1.5361262350329767,0.04259192664263078,1.0,1.0,0.7,0.5,1.0,160,23.843312711760767,60711.97780873102
23,55,1.5304237985754459,1.6194227937686407,1.6165350350696097,2.1676940933764053,1.5371875133593784,0.04308849352265834,1.0,1.0,0.7,0.5,1.0,162,27.01637793934752,61113.10040220845
23,56,1.530628363272867,1.6201243209285503,1.619327536331308,2.1832891555636054,1.5321966336150832,0.04338586051372636,1.0,1.0,0.7,0.5,1.0,164,23.87945790049432,61176.82237186219
23,57,1.5305777838050671,1.6139676814966664,1.6108697820547917,2.17894096702405,1.5408588832692192,0.04334234156037383,1.0,1.0,0.7,0.5,1.0,166,22.736603693836965,60539.49603746215
23,58,1.5306293507921949,1.614388363309497,1.6133766594908152,2.207161555182326,1.5314579934494796,0.043421648566100576,1.0,1.0,0.7,0.5,1.0,170,22.484709983665244,60763.23615171985
23,59,1.5306730663229482,1.6107359502338405,1.609585802596039,2.203870932257954,1.5466797245835289,0.043505128766882326,1.0,1.0,0.7,0.5,1.0,171,24.15999099457995,60805.89096653374
23,60,1.5305523810414343,1.6098863796416716,1.6087089408010533,2.207235612866615,1.5335209305223052,0.04333675798050294,1.0,1.0,0.7,0.5,1.0,172,24.524915485903083,59881.99569424473
23,61,1.530669866161099,1.6125605696037724,1.6156236681251321,2.2445356474150473,1.530594786482014,0.0435051288004858,1.0,1.0,0.7,0.5,1.0,175,23.49676605087614,60761.88711828523
23,62,1.530597609484709,1.60837295381243,1.6050647633357171,2.2269351469742142,1.530966005746174,0.04340264139797191,1.0,1.0,0.7,0.5,1.0,176,22.689986063693205,59414.30701395139
23,63,1.5305939221712563,1.6096760079370978,1.6084891160323895,2.243996711925713,1.5304238591525927,0.04339748789018391,1.0,1.0,0.7,0.5,1.0,178,22.60417681400688,59431.67249040237
23,64,1.530564959441882,1.6067576512621224,1.6054625695444609,2.245473218596998,1.543064558615082,0.04337188388327095,1.0,1.0,0.7,0.5,1.0,179,21.13492550160656,59240.63457038511
23,65,1.5305527229556244,1.6011025161309496,1.5995961506191092,2.248594279708244,1.54277206187713,0.04338390569614223,1.0,1.0,0.7,0.5,1.0,181,20.321987175153208,59306.56003568616
23,66,1.5306592027711308,1.5989786202812606,1.5994611470074118,2.3206302524790643,1.531534213337559,0.04355384003676769,1.0,1.0,0.7,0.5,1.0,196,19.47057857550021,59328.76047866561
23,67,1.5307930157889715,1.5978538439609382,1.5982892466563232,2.3431039473168664,1.5360977748985198,0.04375106450736801,1.0,1.0,0.7,0.5,1.0,197,18.095086425826,59447.40341906544
23,68,1.5305995636610168,1.5988308069674322,1.6013824778574868,2.3592098850440637,1.5307854570671302,0.04347548190850266,1.0,1.0,0.7,0.5,1.0,199,21.15239063511364,60044.61123336092
24,0,0.4994957859006248,0.7718740142974491,0.7633633768423116,0.4203185216945202,0.0,0.0,0.0,0.0,0.7,0.5,1.0,1,22276.256776514023,116719.0209148599
24,1,1.8149760533295614,2.350110629460321,2.349550612409246,1.982598536142833,1.3879347154345252,0.11223944247208059,0.5731085518072523,1.0,0.7,0.5,1.0,3,13298.545545307989,61967.367141078284
24,2,1.7782257295916883,2.2753021440057344,2.263263290019162,1.943282969373089,1.996604496311158,0.14000185109912197,1.0,1.0,0.7,0.5,1.0,4,4678.068479044784,35270.91763642866
24,3,1.4938539258926242,2.006050214248559,1.993139448638649,1.6799993880292892,1.728942191230868,0.11225325064774197,0.6582012788098757,1.0,0.7,0.5,1.0,5,4423.783739396671,33952.73502012139
24,4,1.5292399126323077,2.041398535184312,2.0284622951479507,1.7186809587167402,1.4453405927313314,0.1122630036220605,0.7302478803629914,1.0,0.7,0.5,1.0,7,4235.939743613789,30368.92401380453
24,5,1.605848740217032,2.0732306241635277,2.0566144726034805,1.765968638863567,2.005955082566322,0.10597235067431343,1.0,1.0,0.7,0.5,1.0,8,951.5516957042232,37201.88527584983
24,6,1.6053889515983957,2.0717803783613986,2.055110119614326,1.7709157753311293,1.5773597548426936,0.10597369823302587,1.0,1.0,0.7,0.5,1.0,10,953.0626555657173,36411.01378851864
24,7,1.6021709888489828,2.061078550514856,2.0440100380119888,1.7637558036584386,1.620908353687476,0.10593413640884512,1.0,1.0,0.7,0.5,1.0,11,968.7256374221796,74894.52640093406
24,8,1.6021162861150482,2.0608849290146707,2.0438092262837575,1.7703875212038784,1.5750008628200465,0.10593413640884511,1.0,1.0,0.7,0.5,1.0,12,952.559411611136,74866.60632852133
24,9,1.5963566174148052,2.0415305096012606,2.0237710924946257,1.7528491745931498,1.6534203924353816,0.1044650693319239,1.0,1.0,0.7,0.5,1.0,13,985.6057771714512,28200612.32056687
24,10,1.6184443362030225,2.0591754588295297,2.047378129437266,1.7857398204948889,1.645068106780922,0.13946524432189503,1.0,1.0,0.7,0.5,1.0,14,938.3113257840456,17002.833556975802
24,11,1.615396772957695,2.034023486875676,2.02121482415335,1.7711663468960117,1.6589476305682123,0.1422586187858586,1.0,1.0,0.7,0.5,1.0,16,970.467752606491,14953.629557120325
24,12,1.568389247393735,1.9813737059999381,1.9683158083919758,1.7325892658774271,1.5682624284050817,0.14173032093245286,0.9088022071250998,1.0,0.7,0.5,1.0,18,775.2939663338667,17359.276458560642
24,13,1.55813028763408,1.9652027084377246,1.9518826740653545,1.7277900836701439,1.578268650909071,0.14361082613974382,0.8878811850967008,1.0,0.7,0.5,1.0,19,597.5846538563949,15396.979922497943
24,14,1.6091179773442064,2.0137102092703727,2.000287092978853,1.7743244039155206,1.6047884632599119,0.14490268263745448,0.9886160890943356,1.0,0.7,0.5,1.0,20,874.2439598203458,18625.6424016635
24,15,1.5419032501173433,1.9288008400515158,1.9166890874997167,1.7011014541464027,1.6285277838627996,0.14348707167688896,0.8615870030015034,1.0,0.7,0.5,1.0,21,550.1673926328654,13509.5268374221
24,16,1.4314904699538924,1.7889089532012479,1.7755863388559328,1.5731358396108157,1.4938248313760636,0.1398671936606675,0.651783841151827,1.0,0.7,0.5,1.0,23,581.3315829116921,11120.978861080494
24,17,1.403817580894886,1.7601232366469983,1.7467553493589798,1.5445033318819337,1.4018749583131298,0.13951663336795236,0.5971311574575415,1.0,0.7,0.5,1.0,24,398.2731130022588,8605.61000164063
24,18,1.42812874332196,1.7744434935334747,1.7627422009921787,1.578011656512271,1.4745760638640417,0.13941082759570206,0.6476823698533649,1.0,0.7,0.5,1.0,25,641.1398002883574,7998.660270888927
24,19,1.4106653518873649,1.7248059288139026,1.7118295187492645,1.5387121518903084,1.481262502447819,0.14381500547373777,0.6106014468482142,1.0,0.7,0.5,1.0,27,313.9640375952553,3930.814369987598
24,20,1.3767413090023548,1.640771110654118,1.62585097742397,1.4598478807385518,1.4888888094413384,0.14074413521003518,0.551035365849305,1.0,0.7,0.5,1.0,29,136.16697313999413,6688.162426852962
24,21,1.4043048640094773,1.651612410868132,1.6360519073568407,1.4792373603257918,1.4385742316326187,0.1439492496737657,0.6025612752349805,1.0,0.7,0.5,1.0,31,174.8469617263108,11957.6525325492
24,22,1.4019292789892452,1.6344755406971005,1.6183515470866643,1.4739611946941795,1.4330645213845288,0.14412515971809395,0.5982471060047064,1.0,0.7,0.5,1.0,33,151.65621303380104,11618.708311716951
24,23,1.3773489828151368,1.6083803390738785,1.5963418229483224,1.4759932420414263,1.378153717978946,0.1390710671825334,0.5563352073659196,1.0,0.7,0.5,1.0,40,126.8656073724914,8333.22142737173
24,24,1.3653220416019023,1.55252391422259,1.5471111032530094,1.4482726186460957,1.408105823220649,0.13789270598243325,0.5355114026469746,1.0,0.7,0.5,1.0,45,41.95551504657604,8093.287206109139
24,25,1.3686341305028402,1.5420825541055567,1.5361507224217172,1.4507609754588282,1.398270440923171,0.1382617780989102,0.5419350669737123,1.0,0.7,0.5,1.0,47,45.95521560100462,8968.95617713164
24,26,1.3731864997068328,1.5306382280225763,1.5241038073897315,1.4457381780890701,1.4426716211736608,0.14000035279959555,0.5489187651315184,1.0,0.7,0.5,1.0,48,43.78999369122927,9583.96266884804
24,27,1.3180295831861522,1.46758828943215,1.4607568248943275,1.3940134077696207,1.3348158240838162,0.13970369330055443,0.43915799988253423,1.0,0.7,0.5,1.0,50,54.82742135081978,9664.337004134197
24,28,1.3172162752922907,1.45946345831956,1.4523570310830858,1.3950866632997343,1.3327509868516132,0.13959958730857655,0.4377950822514257,1.0,0.7,0.5,1.0,52,50.60210853965305,10319.837293727114
24,29,1.314401180246847,1.452159218496344,1.4428118343598015,1.3574999853835197,1.3277787378946528,0.13948039031184162,0.43238012894168587,1.0,0.7,0.5,1.0,53,37.50479737580054,10391.81134558697
24,30,1.315647748854246,1.4498300112681997,1.442420465909231,1.3938565843055293,1.3367429586036934,0.13976371532858034,0.4345485996561053,1.0,0.7,0.5,1.0,54,39.42222388390728,10050.043067108609
24,31,1.3140404068390106,1.4434382070495708,1.435848925548508,1.3955453673955862,1.3240866078993065,0.13933866756618346,0.431995846727839,1.0,0.7,0.5,1.0,56,43.27201179177105,10401.31001599243
24,32,1.314256157591133,1.4416457316625502,1.4319088040489314,1.36968148166333,1.3152568199057757,0.13915951375845842,0.43268741822486234,1.0,0.7,0.5,1.0,58,48.15304532479876,10558.230505021513
24,33,1.3125377504409692,1.438793572824502,1.4290140286203576,1.367137172695754,1.3170502201012129,0.13948970306287276,0.4288036249084498,1.0,0.7,0.5,1.0,59,34.269741445733054,10138.61975926462
24,34,1.3208105731965336,1.4440275177093043,1.4382783582555712,1.4292737898275014,1.3329481669311125,0.14026435746912186,0.44433905838485055,1.0,0.7,0.5,1.0,61,46.62030373151017,10223.57267061749
24,35,1.3161850655218188,1.4401237584812359,1.4364739927089774,1.4280177750168734,1.3186558589212416,0.1400193212290976,0.4354394421811584,1.0,0.7,0.5,1.0,62,35.77001520109023,9901.356718996814
24,36,1.317411719874191,1.4371538271802125,1.435418839189704,1.4355101679940305,1.3289927612094536,0.13953582841378015,0.4386361088150431,1.0,0.7,0.5,1.0,64,60.2687613155892,10316.246252909776
24,37,1.3156589113449702,1.4283958900915443,1.4263980546017192,1.427886959778574,1.3307787100701596,0.1395877794580907,0.4351383686115244,1.0,0.7,0.5,1.0,66,51.36107286829843,10353.695068803914
24,38,1.3156453336897944,1.42586208136747,1.4237696996277154,1.4330460039250017,1.326239089086739,0.1395877794580907,0.4351383686115245,1.0,0.7,0.5,1.0,67,49.84806817101482,10317.242600707685
24,39,1.308963666698422,1.4148204944592775,1.4063476562626187,1.4377057523580108,1.3091557467499297,0.1390115098887434,0.4225858764798523,1.0,0.7,0.5,1.0,70,96.2310754001042,7510.395842924598
24,40,1.30910035743474,1.4119714407917936,1.401314317100656,1.4366488186393256,1.3160492800185626,0.13907068932132882,0.42279406030984246,1.0,0.7,0.5,1.0,71,96.75772670983903,7568.902917774064
24,41,1.3091629817256565,1.4120564643994298,1.4034724897504336,1.4428432796157324,1.3145642372981035,0.1389426236023867,0.4231122904705167,1.0,0.7,0.5,1.0,72,98.1754303072758,7796.6748416223745
24,42,1.311079174403871,1.4126977139611134,1.4019936010565326,1.4490991422971946,1.311110775511516,0.1393379532069695,0.426392109132751,1.0,0.7,0.5,1.0,73,89.78860765958066,7805.369895770367
24,43,1.3086899115445487,1.4027080565634424,1.3937913135427076,1.4419823774370957,1.3470862358633025,0.13926508083149455,0.4218031369124139,1.0,0.7,0.5,1.0,74,90.972829992434,7511.103756781678
24,44,1.3086880044874656,1.402302504584393,1.3933706484256247,1.4501365985731647,1.3101538103222332,0.13926508083149453,0.42180313691241234,1.0,0.7,0.5,1.0,75,90.551106634075,7506.049325564641
24,45,1.3087249354449713,1.3979035001571054,1.388805379566945,1.44525616142817,1.3279623572038244,0.139086968162471,0.4221674748442024,1.0,0.7,0.5,1.0,76,94.74552334851262,7564.796985384265
24,46,1.3083071080815656,1.3926277986869662,1.3812753131500148,1.449952608858873,1.3132200771517275,0.1390162298727476,0.42146228727366414,1.0,0.7,0.5,1.0,79,86.91470734898219,8044.545022140384
24,47,1.308432673893934,1.393879274467721,1.3846413195128449,1.4620110664555104,1.308612208607662,0.1389726798315206,0.4217761488317451,1.0,0.7,0.5,1.0,81,88.3104864789529,8276.595956198538
24,48,1.3084325722668178,1.395183222106311,1.3880665191060726,1.4859512399879744,1.308220124301801,0.13897267983152065,0.4217761488317461,1.0,0.7,0.5,1.0,83,87.64438005319715,8266.053489627566
24,49,1.3214967226020145,1.4064274763797935,1.4013149380247645,1.4925571990567306,1.3350907501903417,0.14050340442908882,0.44578846149499274,1.0,0.7,0.5,1.0,84,93.22358639148833,8685.057697149165
24,50,1.3102609801000629,1.3936837675771436,1.3885147420335122,1.49147730737535,1.312231167974959,0.13897302784194718,0.4254721678325777,1.0,0.7,0.5,1.0,87,74.29773462350042,7521.300261907235
24,51,1.3202568846687766,1.4040486595195727,1.4009658332891985,1.5174148923388144,1.324246345136205,0.14048053291158066,0.4433614348550252,1.0,0.7,0.5,1.0,88,83.40959215299104,8732.338699501883
24,52,1.307434126882724,1.3864580353740394,1.3831966046801247,1.4918687339162293,1.3281579744130718,0.13877639776245906,0.42014003237121,1.0,0.7,0.5,1.0,89,66.66566074954318,7626.932057517879
24,53,1.3211560266947777,1.3997154943938477,1.3985090488782035,1.5287252810637546,1.3288233267428338,0.14048980666919145,0.44519900933016804,1.0,0.7,0.5,1.0,90,84.72542602472659,8496.962177744896
24,54,1.3188026979883605,1.3951495381410794,1.3917878475376222,1.5377360106177833,1.3205435610328504,0.14045729907400395,0.44054467650899215,1.0,0.7,0.5,1.0,92,73.44248456703075,8519.502173157425
24,55,1.318284260308268,1.3919832057800932,1.386449982067465,1.5154842760100125,1.323872998328083,0.14035400800402137,0.4396624154823255,1.0,0.7,0.5,1.0,93,77.37070486474974,8565.632420167105
24,56,1.3188006477245384,1.3917504367363795,1.3882615515858134,1.5262172812384227,1.3277324878030017,0.1403379496559582,0.44073317136354984,1.0,0.7,0.5,1.0,94,76.64191516298904,8553.91964869091
24,57,1.318240471433802,1.3887398070507833,1.3830867611430766,1.5165876252588006,1.322984559608665,0.14035796768481557,0.4395930424200385,1.0,0.7,0.5,1.0,95,73.46665250155688,8781.645938572856
24,58,1.318001337242567,1.3881821556362328,1.3825171764598223,1.5281473500263532,1.319209323230016,0.140199431829983,0.43933904580421357,1.0,0.7,0.5,1.0,96,87.64377335382152,8835.537216349216
24,59,1.318001337242567,1.3881821556362328,1.3825171764598223,1.5281473500263532,1.317809151953514,0.140199431829983,0.43933904580421357,1.0,0.7,0.5,1.0,98,87.64377335382152,8835.537216349216
24,60,1.3191914594847671,1.3880246344530605,1.3823092212411783,1.5361814888484144,1.3249276695189316,0.14049075343731282,0.4413211832675986,1.0,0.7,0.5,1.0,99,84.4026836063253,8853.774392870913
24,61,1.317894346925162,1.3849549010869722,1.3791731301754648,1.537315397182399,1.3255057430116928,0.1401889733460021,0.4391620644890423,1.0,0.7,0.5,1.0,100,75.78313390608365,8746.806401348107
24,62,1.2824465752291958,1.34910707734577,1.343310315252946,1.530468461219644,1.2827066835660705,0.1404968499264359,0.3678383114209488,1.0,0.7,0.5,1.0,104,86.99717592395218,8873.243752911332
24,63,1.3180089432681106,1.3833515829728593,1.3775054956683166,1.5590872946173155,1.3197644408082758,0.1402594217927589,0.43930464036271066,1.0,0.7,0.5,1.0,107,75.99544324194082,8803.471625517253
24,64,1.3177485778960083,1.3849593023094786,1.3833279322520526,1.5882901846692448,1.3184407519379584,0.14012577236775653,0.4389764502790607,1.0,0.7,0.5,1.0,111,83.14768886205958,8839.482797182074
24,65,1.2813075803582843,1.3432024007304126,1.3351548054434308,1.565761876328646,1.2826054958302602,0.1397325961074402,0.3666540130511904,1.0,0.7,0.5,1.0,115,76.20078000195117,9285.990013970755
24,66,1.2773512537029892,1.336645612738825,1.3264282659836892,1.5512644775608415,1.2828150014670487,0.13964831839739278,0.35886797840157947,1.0,0.7,0.5,1.0,116,76.25182474142066,9243.927558419886
24,67,1.2811415026835062,1.3394922606015758,1.3313120578852136,1.574488199481141,1.285959484826742,0.13970770274557065,0.36638032550588495,1.0,0.7,0.5,1.0,118,76.26105408232102,9259.538113123335
24,68,1.2820517390093906,1.3431395025767157,1.341278928665437,1.6354452909239505,1.2825104545155903,0.13962683609735915,0.3683221445226628,1.0,0.7,0.5,1.0,127,91.7894158234489,9179.88794239894
24,69,1.2820130238458023,1.34337344833955,1.3435955483771407,1.6676220513472642,1.2841700649264451,0.13968092650508274,0.36817573385692015,1.0,0.7,0.5,1.0,129,92.9983577596722,9205.241451560403
24,70,1.257535076922227,1.3200381334690845,1.3223753954916566,1.6792443922475522,1.2581970899975223,0.13989420815139458,0.3189224242144088,1.0,0.7,0.5,1.0,130,87.72507132109546,9422.751877519057
24,71,1.2574169756679385,1.3151406714852372,1.3152266308781106,1.6675767535081907,1.2724476946021583,0.13983939748236782,0.3187846108098721,1.0,0.7,0.5,1.0,131,90.52836521244,9458.407749879516
24,72,1.2573984964975375,1.3160929785484181,1.3182877213254667,1.6726158687451733,1.2588320471048615,0.13983371071574274,0.31875781189363883,1.0,0.7,0.5,1.0,132,91.0715803055145,9423.758861224916
24,73,1.2563693319681895,1.3139916306734565,1.3161462470336653,1.6791384160737,1.2586148727295687,0.1399892441572385,0.3164883502676352,1.0,0.7,0.5,1.0,134,77.3017441480832,9154.683389439811
24,74,1.2563847459117086,1.3133384142135407,1.3154680106041092,1.682797722034489,1.2591514606078555,0.1399949744228886,0.3165151491838698,1.0,0.7,0.5,1.0,135,74.81177502727004,9162.64082777898
24,75,1.2547182295738097,1.3092907156195694,1.3092587819429573,1.6704786752424292,1.2592126673840291,0.13986942009469905,0.3133642068693649,1.0,0.7,0.5,1.0,136,76.25942775458918,9278.760378827468
24,76,1.2561910551570987,1.3086470488381021,1.3106083644384912,1.704068302254605,1.2712011871865543,0.13971042755786708,0.31655265480766637,1.0,0.7,0.5,1.0,137,91.94843081995396,9268.51270731565
24,77,1.2554466670614768,1.3066779982243928,1.310665916846746,1.6967712238090267,1.2609416774857016,0.1397089306378352,0.3150805031114424,1.0,0.7,0.5,1.0,139,84.85229530676956,8748.25582067459
24,78,1.2554463948790462,1.307908061842828,1.3140144197151116,1.7193270008489687,1.2555494535995262,0.13970893063783524,0.31508050311144303,1.0,0.7,0.5,1.0,141,84.46951453051228,8742.927875123441
24,79,1.2550549516010931,1.302426508781236,1.3041976091804024,1.7026048994537484,1.265648201611791,0.13981017175895805,0.31416938583093984,1.0,0.7,0.5,1.0,142,79.101409929872,9017.473202485757
24,80,1.255035952086666,1.3034065703085815,1.3072874698153,1.7078508812216346,1.256375096749994,0.13980447138544627,0.3141411626271418,1.0,0.7,0.5,1.0,143,79.34516622078112,8980.607109364732
24,81,1.2531901005252726,1.3061873775383213,1.3185311428007038,1.8220123442478229,1.2533040973902878,0.13931423364625248,0.31113951110888627,1.0,0.7,0.5,1.0,157,69.41050448790476,9522.214466974512
24,82,1.2531164489201438,1.301939876331839,1.312055064846187,1.813527608852001,1.2655212520348165,0.1393211771212814,0.310997697388456,1.0,0.7,0.5,1.0,158,71.72521520277523,9560.978093638118
24,83,1.253125434750042,1.302912134831415,1.3151357961768764,1.823435497750023,1.2538341780787765,0.13933167177369574,0.31100289175711643,1.0,0.7,0.5,1.0,160,72.2881003086506,9565.34724349761
24,84,1.2531250305335495,1.3040848006118244,1.3184247852505702,1.837847161859955,1.2533717842811603,0.13933167177369574,0.3110028917571158,1.0,0.7,0.5,1.0,162,71.90575229777683,9558.349392056803
24,85,1.2528683589316003,1.302015427068178,1.3162875863319399,1.8536115483981601,1.260742412145805,0.1393471672377588,0.3104772693669147,1.0,0.7,0.5,1.0,163,71.44358196857138,9240.312294535144
24,86,1.252411591149262,1.300162382930673,1.3164548294810405,1.8520182644502121,1.2583113330979472,0.13911734455454403,0.30989931041656843,1.0,0.7,0.5,1.0,165,65.8222735164773,9781.679710618571
24,87,1.2522660351439674,1.3009581921892666,1.3193582802828305,1.8839504737007333,1.252752045249109,0.1391421735979395,0.309575366286267,1.0,0.7,0.5,1.0,168,62.40806310376564,9695.89941125616
24,88,1.254148907399192,1.301360080750027,1.317632293903893,1.9125268097258448,1.2542951445972217,0.13974459293966685,0.31249848933492097,1.0,0.7,0.5,1.0,171,76.37760817299848,8835.699449006215
24,89,1.2572195282683445,1.2939809285575536,1.2974276020448667,1.8684208663040485,1.258511622668686,0.13988359996043398,0.31845734524632624,1.0,0.7,0.5,1.0,179,82.23147643287928,9792.790133516795
24,90,1.2572645120213657,1.2936493040305854,1.297081926392899,1.8723813609969702,1.2580199220198147,0.139960057926567,0.3184420978773449,1.0,0.7,0.5,1.0,181,81.46345323034167,9840.21634990712
24,91,1.2581692278624619,1.2937670522140259,1.297170217134567,1.898102436351774,1.2592529785019546,0.13996837709839066,0.32024367908405105,1.0,0.7,0.5,1.0,184,82.82077047049071,9737.675427562888
24,92,1.2543943082967173,1.288254601396354,1.2915928110315888,1.8842510295693276,1.2619534963495975,0.13982058733679684,0.3129090068151299,1.0,0.7,0.5,1.0,185,81.86478613207012,9789.353924979505
24,93,1.255949028547934,1.2869774903544113,1.288137327047908,1.901477985092669,1.2625458257888704,0.14017125340643566,0.31553461280695244,1.0,0.7,0.5,1.0,186,82.12059487976069,9777.892271545605
24,94,1.2559654087417909,1.2867530386330506,1.289976342067306,1.9158903592838168,1.2593226186353328,0.1401547614547601,0.31559763162465904,1.0,0.7,0.5,1.0,188,83.79898150093555,9802.914957802332
24,95,1.2556638033944867,1.285636877104322,1.288829725739633,1.91179396492017,1.2591825765414622,0.14013780635830253,0.31502186634501667,1.0,0.7,0.5,1.0,189,83.16276611553675,9808.688316153895
24,96,1.2571006714399218,1.2859899238369363,1.2891422340048373,1.9207618014928154,1.2618050298168333,0.13997724675928716,0.3181252736967588,1.0,0.7,0.5,1.0,190,82.11592084106421,9791.540353325932
24,97,1.260285507179193,1.2899508023716078,1.2952045845625728,1.9565903729087144,1.2610393500610995,0.13984793270346865,0.32467845033732734,1.0,0.7,0.5,1.0,193,78.46620052863739,9762.42507300552
24,98,1.2586377941881777,1.2877482247829073,1.2971262332157234,1.9637791165360459,1.262114419918385,0.13991839053421576,0.3212984690297537,1.0,0.7,0.5,1.0,197,86.1591634293636,9348.322558090158
25,0,0.9170709748475102,0.8387755084680849,0.832760729624666,0.482536727595232,0.0,0.0,0.0,0.0,0.7,0.5,1.0,1,13257.934649957177,164083.5992341523
25,1,0.9076561722375338,0.9242248245088927,0.9156641144610755,0.5704528464989946,0.15251932684587427,0.00835054639965393,0.18123723425954463,0.0016731956159983501,0.7,0.5,1.0,2,12743.67513212305,146505.51596146805
25,2,1.4667491661658725,1.8488626521532388,1.8446844906475637,1.4906775904699032,1.1657845062494592,0.05431435328238898,0.5795005162283506,0.6330845616988465,0.7,0.5,1.0,3,8882.350873756151,67162.12416000954
25,3,1.1119573572908727,1.6150493791887663,1.604221085745306,1.2910238692561022,1.2241282242051241,0.05431435328238897,0.5795005162283495,0.6330845616988465,0.7,0.5,1.0,5,1203.434413901409,42166.13674750603
25,4,1.1109672692896402,1.6143931724308178,1.603540446198848,1.2882826831116572,0.9637181494794078,0.05431435328238898,0.5795005162283486,0.6330845616988477,0.7,0.5,1.0,6,1204.9811839739998,40895.65073718331
25,5,1.6162731430234596,2.1302425265349783,2.1203541078444545,1.8157373247781299,1.6423386440531795,0.05433735548669205,0.9367481324549146,1.0,0.7,0.5,1.0,7,1445.920956748729,29334.448433033045
25,6,0.6590312273806704,1.1644121702061443,1.1504584318922983,0.8656666910652041,0.8221524130968408,0.039126866750559805,0.4896562212426316,0.32177954871373704,0.7,0.5,1.0,8,1215.8546039293783,40890.37289231234
25,7,0.7490151819873891,1.197392123697199,1.1797900774930135,0.9236993145478479,0.9389418660831309,0.02969802853697421,0.9777715021576585,0.2150958125153594,0.7,0.5,1.0,10,1192.9119046256128,37495.00882260994
25,8,0.5783350124778147,1.0154060435449561,0.9972576096725199,0.7423411402670796,0.5895057451515583,0.03502542669431402,0.6867899487614365,0.1895173791094392,0.7,0.5,1.0,12,1014.16993487227,48184.91400648378
25,9,0.5794574197293433,1.0163462438721864,0.9981891522055816,0.7490419552456127,0.5591073043646907,0.0352688868835668,0.6879768546409858,0.18992475395376007,0.7,0.5,1.0,14,990.2740699473396,48315.82692911702
25,10,0.998430921504295,1.4292853568910915,1.412906306480667,1.178406496523641,0.9996314182792786,0.03928251757096425,0.6990495607829385,0.6024125447845412,0.7,0.5,1.0,16,816.5134196605329,4073555.849602715
25,11,0.9718789134186765,1.3970954998684117,1.378393113882638,1.154261998415117,0.9793727768120684,0.04490783396430088,0.5798496298220778,0.6326074864560174,0.7,0.5,1.0,17,809.3687574434817,1377204.417157903
25,12,1.4072354727368945,1.8041693019430975,1.7862859794459054,1.5751522747103328,1.4705800192933707,0.054795694515859805,0.7125701209951945,1.0,0.7,0.5,1.0,19,562.7281086417958,2611479.3079383774
25,13,1.4066906423587677,1.8010080866465616,1.7850793880298252,1.5800785317968409,1.404153809563362,0.054795694515859805,0.7125701209951945,1.0,0.7,0.5,1.0,21,540.9722493404813,2613144.721840929
25,14,0.5544587210713875,0.9064054638101451,0.8887245759320797,0.6747672562302753,0.7527638244591479,0.03947068144436093,0.4674083161362135,0.28567236971269777,0.7,0.5,1.0,22,312.506772880694,8398.237580360239
25,15,0.44456167528463375,0.7417980601515244,0.7219505123632002,0.5245815797765567,0.5676388082486115,0.04103186299593783,0.3700547870617014,0.2267274142691061,0.7,0.5,1.0,24,145.94621689052346,4755.299390879071
25,16,0.47710865475606806,0.7648901429940871,0.7446749084047886,0.5549706428257166,0.4950327885848549,0.04117460908579584,0.42914860660432275,0.23002889058185688,0.7,0.5,1.0,26,136.11136837088964,4019.9178521585272
25,17,0.4783527094496409,0.7626704253083371,0.7423209234961213,0.5594256328659467,0.48271261304113144,0.04155481810360931,0.4294273745201752,0.23100459746325322,0.7,0.5,1.0,28,127.15398140760108,3930.1975368165945
25,18,0.5452927919183796,0.8288297269257217,0.8084499639205638,0.6196682575426011,0.5453120825327301,0.04422020546366248,0.49186151431431957,0.2648918379369058,0.7,0.5,1.0,29,105.5760640101546,22692.053824946302
25,19,0.4730287327008043,0.7544486899895109,0.7339868932240722,0.5609699766785559,0.47920547059802876,0.04147698541005785,0.4257479834156526,0.2276851409685221,0.7,0.5,1.0,30,126.53237198321312,3930.4889852785855
25,20,0.539231526980098,0.8096829296391649,0.7887974575627351,0.6202811016092546,0.5858700784288688,0.04473401761286216,0.4340684501831846,0.28783597631669045,0.7,0.5,1.0,31,81.63533180111038,169500.14594831815
25,21,0.45477801910350574,0.7235169101328264,0.7025654173705815,0.5437040401812607,0.4556617602506181,0.04432144848933704,0.3617397877517444,0.23989225223724303,0.7,0.5,1.0,33,86.25186401306607,169122.74787745846
25,22,0.4926284968886169,0.7632201351901687,0.7464815669387103,0.6141740146849315,0.49098770115650286,0.04681546726193539,0.3682156746560944,0.2727967824301917,0.7,0.5,1.0,37,117.14210830372193,14957.510698856157
25,23,1.1405735515564737,1.4079737382692676,1.3973258494316032,1.307773942499551,1.1422528399015421,0.05586652344369012,0.5222723417940376,0.8375915396077678,0.7,0.5,1.0,44,141.9872836494867,2099447.8489316697
25,24,1.0720445525467348,1.3316496330058298,1.3207025054704808,1.2502654594582818,1.0783539240812074,0.05526189470792932,0.5098981655419078,0.7758989585497884,0.7,0.5,1.0,48,136.90943849101623,1966637.9240163064
25,25,0.7742019716542847,1.0308901839644111,1.0198313087304371,0.9461519284571182,0.7782724484280577,0.04903603606054287,0.47472645126844587,0.5000791730680798,0.7,0.5,1.0,50,122.60091600945914,1217246.8545499444
25,26,1.0796257168117935,1.269772302533764,1.2582549332895376,1.2124497005355486,1.2298968876168346,0.05550182723547068,0.5070621709763504,0.7861122706126941,0.7,0.5,1.0,52,71.5340785356151,1959047.5877477005
25,27,1.0722586682371804,1.2590660445851194,1.245350543809435,1.2105843906966867,1.0800743777782764,0.05910390570761668,0.39975714755675773,0.8299025999798237,0.7,0.5,1.0,53,74.16585442630769,2055426.012704668
25,28,1.0763644410021698,1.2590559914108856,1.2472569536542324,1.2098779191403635,1.0994960259474706,0.05519447702192655,0.5071084154047394,0.7831380057346193,0.7,0.5,1.0,54,67.8105195793007,1960434.8305499328
25,29,1.082047566633924,1.2612042352163475,1.24719975495383,1.2210023925848823,1.0908845018699584,0.05978732992148369,0.4011211492122479,0.8386266705716521,0.7,0.5,1.0,55,73.16901894400968,2065634.0392743845
25,30,1.223942216630833,1.378578679937577,1.3636497492412754,1.3481763720110749,1.3316535929566642,0.05861962799506794,0.36431740826390724,1.0,0.7,0.5,1.0,56,42.03112526397352,2085302.5588387544
25,31,1.2221399369814852,1.36417991343311,1.348776970290023,1.3388475558938417,1.2772861806164255,0.05865398564865045,0.3608853660644563,1.0,0.7,0.5,1.0,57,40.93508701893527,2079786.998736504
25,32,1.2535909021819756,1.3887893663968192,1.37312917783821,1.364202482228939,1.2830659328717535,0.05770886315002627,0.42521815509392413,1.0,0.7,0.5,1.0,58,38.150142142735,2084443.1589478943
25,33,1.2521022025321065,1.383101522193623,1.3672834886991923,1.3664381182249525,1.2608179049689485,0.05766029011456727,0.4223715664689009,1.0,0.7,0.5,1.0,60,35.75967241901583,2079353.3165976536
25,34,1.253303126578265,1.3826157321459878,1.366734343076636,1.36986476555332,1.2601874954083658,0.05763834887124347,0.42482855890958166,1.0,0.7,0.5,1.0,61,39.77756960326167,2082846.0789294504
25,35,0.7515551644124849,0.8715443672159975,0.8573849995567617,0.8735310528712126,0.7604800413381205,0.054250159965834197,0.42804403624783716,0.4990886182635232,0.7,0.5,1.0,66,38.394411984557294,1595316.4850013624
25,36,0.6029746656026234,0.7157236425384941,0.7033647873360662,0.7444728048907363,0.6214394198019244,0.0521416311885229,0.36696992310285614,0.3825740913249753,0.7,0.5,1.0,68,28.4621450541163,1474551.3699005884
25,37,0.602974686293273,0.7170510236118645,0.7068142674292517,0.7640544798607445,0.6025584134829608,0.052141631256017076,0.3669699357706816,0.3825741055695794,0.7,0.5,1.0,70,28.46212813179696,1474551.3869184454
25,38,0.6039494177617725,0.7154248981963263,0.705090538843054,0.7744005709787158,0.6093554370963487,0.052098729102430706,0.36617490311256906,0.38399176762532605,0.7,0.5,1.0,72,32.4204600459292,1474651.2503289697
25,39,0.6050799861460451,0.715044516351546,0.7067257483575307,0.8007668808303641,0.6077804987978146,0.05239861516068887,0.3671693724045679,0.3844310862971078,0.7,0.5,1.0,76,29.49692634521137,1477109.5448413673
25,40,0.6049275868326225,0.7161214334030841,0.7099210859902048,0.8123568904659834,0.6047589857414828,0.052445239012551735,0.3668030891019874,0.384429740896077,0.7,0.5,1.0,78,29.4921465643783,1477070.017532893
25,41,1.2700176297203734,1.362020574969655,1.353028313178709,1.4372989688745201,1.3483660029338913,0.055350532058035404,0.46195790479648907,1.0,0.7,0.5,1.0,79,19.51454475005046,2367367.959333978
25,42,1.2374111291504764,1.3269569241536325,1.3178725744544537,1.4225906913864488,1.2425370207789588,0.05585706658751072,0.3960583980119977,1.0,0.7,0.5,1.0,81,18.78451568878902,2368871.639343951
25,43,1.2773290154801213,1.3555346717086505,1.3439530715348063,1.4489682176820273,1.3211334347624417,0.055704504790434387,0.476194370572043,1.0,0.7,0.5,1.0,82,16.896373766228553,2377190.2107074363
25,44,1.2771926500361006,1.3561549585367922,1.346674054583415,1.464662989365464,1.2782110427026905,0.05567996028798178,0.4759606790939165,1.0,0.7,0.5,1.0,84,17.06019254646377,2376612.027711808
25,45,1.243564037090389,1.3212981101065542,1.3117712096990741,1.44637037410285,1.2460334056231057,0.05619621178417158,0.40799067640368436,1.0,0.7,0.5,1.0,86,16.70524799219,2378204.459579504
25,46,1.2304604249180988,1.3093034346929513,1.301890488538135,1.440299939382872,1.2304807243736762,0.0565638351879029,0.3812706182857062,1.0,0.7,0.5,1.0,90,17.809503686566547,2360168.1349516204
25,47,1.267541518740218,1.3441652703427265,1.3387415640139624,1.4908801478068612,1.2751036042134793,0.05589899362240876,0.4563915674295432,1.0,0.7,0.5,1.0,92,18.57100029003993,2366421.8725635386
25,48,1.2675400492380857,1.3451113422586933,1.341795526951153,1.523437559597681,1.2681584457543904,0.055898993622408744,0.45639156742954307,1.0,0.7,0.5,1.0,94,18.427262617943487,2366535.7140882285
25,49,1.2311273920311032,1.3049585908109966,1.2994303030557344,1.4768079583042795,1.236256368569,0.05603363988882796,0.38339630172774414,1.0,0.7,0.5,1.0,96,16.69481651075041,2367798.531560988
25,50,1.5366393445791435,1.6125883340669735,1.6112841480585183,1.7993758885884736,1.5367231085254427,0.052050886885902516,1.0,1.0,0.7,0.5,1.0,104,25.77025759215384,2346257.9965442186
25,51,1.2391375058335972,1.306435933956365,1.296518231863828,1.508293073168596,1.2462904352835127,0.05454587922714408,0.4015280132272271,1.0,0.7,0.5,1.0,106,15.333091082848012,2571606.44639411
25,52,1.239137151690905,1.308992507384017,1.3033153612130157,1.4563742800454977,1.2390891529316397,0.05454587922714406,0.40152801322722614,1.0,0.7,0.5,1.0,109,15.363925983459096,2571575.0379047967
25,53,1.2577988607920023,1.3291747312821098,1.331844105628301,1.5932033261643381,1.2744081413591042,0.05580641785852116,0.4371138546173564,1.0,0.7,0.5,1.0,110,16.30213952950437,2359330.097158722
25,54,1.2576834721115222,1.32410094315179,1.3265847201024608,1.601042203993435,1.2683552745306301,0.055738794925142866,0.4370113132829984,1.0,0.7,0.5,1.0,112,15.905937384614775,2359152.016267711
25,55,1.2621641285601806,1.3292016242239717,1.3337810289067762,1.611893294646301,1.2635598197915643,0.05576454017019676,0.4459412621025615,1.0,0.7,0.5,1.0,114,15.873332405384357,2355747.810013856
25,56,1.26164899429591,1.3286383247065356,1.3332159093347362,1.6250602356651347,1.2615614422730501,0.05576598882364862,0.4449092836765895,1.0,0.7,0.5,1.0,117,16.01090851291415,2356302.3786559617
25,57,1.293219485984452,1.3559936949402156,1.3541962566463441,1.642691208185855,1.2932076881012105,0.053907152884253726,0.5106541652196714,1.0,0.7,0.5,1.0,124,18.87396136735152,2739952.48801348
25,58,1.2913013739807866,1.3522690004095037,1.3504039443083762,1.647362882349046,1.2990884114785586,0.053256602188954595,0.5077404818704867,1.0,0.7,0.5,1.0,125,18.427518262578133,2741297.5941200526
25,59,1.291301374834981,1.3535963212050346,1.3538533495568181,1.6653108658976405,1.2911499115974763,0.053256602166078325,0.5077404836115402,1.0,0.7,0.5,1.0,128,18.42751828632265,2741297.5960639445
25,60,1.301833371198714,1.362806853098854,1.3671592898322809,1.7759262872990382,1.3027221405418778,0.05389875993645192,0.5279306145905697,1.0,0.7,0.5,1.0,145,16.79788853324999,2741775.7809704267
25,61,1.3015995959176796,1.3615172898094512,1.3658302203495154,1.7705956906148814,1.3061034314645843,0.053866263712809746,0.5275150723157995,1.0,0.7,0.5,1.0,146,17.06913141984007,2740788.0101425583
25,62,1.3043570036371976,1.3651955630783092,1.3716153881901927,1.7835030748763152,1.3060085988641938,0.05386792333537138,0.5330300531565314,1.0,0.7,0.5,1.0,147,16.70070505921686,2741162.5092655136
25,63,1.2954024532092099,1.3585400389493203,1.371263183175365,1.814987364269782,1.2989710791401645,0.08989890073685329,0.46468777914025294,1.0,0.7,0.5,1.0,149,15.59691415112962,2743048.297956731
25,64,1.3147649836601978,1.3758536798258771,1.3885001434774662,1.840748479321567,1.3176363554043804,0.05376834168297406,0.5540078042162404,1.0,0.7,0.5,1.0,152,15.532082871312417,2719185.6918738848
25,65,1.3213288670467969,1.382684001175003,1.3974128561709727,1.8636341795783662,1.3235397995667797,0.05377908100122343,0.5671267451858036,1.0,0.7,0.5,1.0,154,15.625089948588364,2722711.423250349
25,66,1.2816118707587703,1.3415216359194846,1.3541239726804752,1.8833715997676783,1.2815284655466945,0.053721484370565876,0.4877740913648444,1.0,0.7,0.5,1.0,169,16.971588821299786,2737826.838029257
25,67,1.2728938158056113,1.3339085503399963,1.3486246654245595,1.894052445417884,1.273096980187991,0.053813804077823824,0.47021001028953713,1.0,0.7,0.5,1.0,172,16.58495368755179,2720859.3433988616
25,68,1.2728933214919744,1.335064527405327,1.3518963476527008,1.9178326469044298,1.273148810052826,0.053813804077823824,0.4702100102895369,1.0,0.7,0.5,1.0,174,16.622500273276213,2720812.9917828585
25,72,1.3269359646593666,1.384214145362578,1.39671804226863,1.9826689488395335,1.3269097715197071,0.053399443573461144,0.5788882190831104,1.0,0.7,0.5,1.0,189,16.229281801114542,2741101.2326099207
25,74,1.3323050402414145,1.3898958816153977,1.4065563718345795,2.0075322481002753,1.3324809203251546,0.05344863092681988,0.5895706126928348,1.0,0.7,0.5,1.0,194,15.354834606596194,2741850.442525519
26,0,0.5016894984609238,0.7725960037575533,0.7641123075215799,0.4210106761251869,0.0,0.0,0.0,0.0,0.7,0.5,1.0,1,26531.05695083276,140195.75731795054
26,1,2.0808773147452544,2.3801232006663056,2.370107253346996,2.0303434768364084,1.6052505020629626,0.13291882072912908,1.0,1.0,0.7,0.5,1.0,2,15993.303867818917,161249.52647437155
26,2,2.020353275384294,2.356373713407748,2.345805952374721,2.011612372764656,1.6327800591856878,0.12012153379298722,1.0,1.0,0.7,0.5,1.0,3,14005.534148890723,165493.05126384654
26,3,1.974100609792192,2.3403770897964455,2.331832718680354,1.9992936155425332,1.6021528101690021,0.1094504400297313,0.9855845592656298,1.0,0.7,0.5,1.0,4,10062.444116829163,158304.2258657997
26,4,1.8341010738530428,2.3088181777656196,2.298553856114515,1.9816380455781955,1.7936017084283158,0.11993093727663151,1.0,1.0,0.7,0.5,1.0,5,9638.224411218958,52499.10090073368
26,5,1.729034833161994,2.2338062919757253,2.22285689786335,1.9325525172899782,1.699880072913773,0.11836819282923153,1.0,1.0,0.7,0.5,1.0,7,11733.626166757957,53281.450351135616
26,6,1.6510923660180066,2.1578859106157138,2.1440597398807815,1.8772817475216113,1.7536980552225885,0.12007222732756857,1.0,1.0,0.7,0.5,1.0,9,2728.4743180049045,48888.35897922426
26,7,1.6402952113344988,2.1433783403222626,2.135193093086047,1.8883648007132665,1.6269079600211567,0.12143664349790484,1.0,1.0,0.7,0.5,1.0,11,3345.179533663199,55387.59455471119
26,8,1.6370026865861327,2.1413832221787032,2.1268687997795857,1.8791277937432858,1.603524942576456,0.12285320744543371,1.0,1.0,0.7,0.5,1.0,13,2373.376258802205,63871.36101104827
26,9,1.6029935375499074,2.0254980325837764,2.014925101895534,1.795502069785498,1.8337233926185204,0.12383281925888348,1.0,1.0,0.7,0.5,1.0,15,616.2890823114512,91669.62322735893
26,10,1.5931350949688947,1.9645758059629013,1.9456228270059426,1.728086863508201,1.701915675014781,0.11960151342087051,1.0,1.0,0.7,0.5,1.0,17,688.8035114923108,65765.67365575429
26,11,1.5519868488677082,1.9205537321282196,1.901482309241229,1.6929236893420667,1.549829675552186,0.11956348895842658,0.9183585755732482,1.0,0.7,0.5,1.0,19,689.4036724205989,65679.27763680178
26,12,1.591987621240842,1.9562061960600445,1.9431599510137056,1.7566514939591453,1.6037097300058498,0.11955560130115588,1.0,1.0,0.7,0.5,1.0,21,525.4837033732472,62455.78644977155
26,13,1.590475508520246,1.9488260191953122,1.941745888024442,1.763757243841632,1.606833719767374,0.11864553726122332,1.0,1.0,0.7,0.5,1.0,23,292.67713457501526,52515.25150662632
26,14,1.590462144860432,1.949968872125484,1.9450039670995158,1.7835126642827586,1.5834359359501509,0.11864553726122332,1.0,1.0,0.7,0.5,1.0,25,292.58688202435866,52518.67712029789
26,15,1.5928569025573402,1.9383740782286867,1.9328478658090837,1.8111990882006395,1.6083047829020614,0.12357480556488229,1.0,1.0,0.7,0.5,1.0,28,1523.7410959881993,3044452042.337336
26,16,1.592856902651219,1.9383740782398289,1.9328478658202262,1.811199088216574,1.5865026009369825,0.12357480558079983,1.0,1.0,0.7,0.5,1.0,29,1523.7410878620017,3044452042.3661747
26,17,1.5922781810517657,1.9308989870879445,1.9250981984672795,1.8044464941259335,1.6186081112462658,0.12341184616466752,1.0,1.0,0.7,0.5,1.0,30,1622.977704211552,3044147258.137847
26,18,1.592031164920698,1.9221408463517144,1.9159750755807972,1.8214756468598643,1.63876467868245,0.12487533728974583,1.0,1.0,0.7,0.5,1.0,32,1515.0154148607749,3047026522.223237
26,19,1.5967475397845916,1.9117481969411103,1.907086180243166,1.840496978925506,1.5954433447815173,0.1318094359152585,1.0,1.0,0.7,0.5,1.0,36,1686.925338693832,33757305304.81783
26,20,1.5962327316272176,1.9067766291013297,1.901940397113433,1.8432721104171783,1.6021921974176903,0.13137840005040005,1.0,1.0,0.7,0.5,1.0,38,1705.659724406015,33756828757.199528
26,21,1.5943146778026231,1.8965521120618691,1.8934626036887703,1.8440373420922,1.634865398068449,0.12925179604869305,1.0,1.0,0.7,0.5,1.0,39,1739.2138936598428,33756990859.45644
26,22,1.5941785629268204,1.8943684828083178,1.893270121826537,1.8521741960342035,1.5980104877938968,0.12925179604869305,1.0,1.0,0.7,0.5,1.0,41,1717.983214262732,33757101188.74682
26,23,1.5937791966301793,1.8880667800145663,1.8825981882754121,1.8560176410057538,1.5976003689738403,0.12886569384409735,1.0,1.0,0.7,0.5,1.0,43,1585.4035917932945,33754660738.90637
26,24,1.5944078955778742,1.8883371012736019,1.8849254007650387,1.8662272675769254,1.5947342743934965,0.12985703552584435,1.0,1.0,0.7,0.5,1.0,45,1365.7509809366816,33758874498.235443
26,25,1.6074775290884853,1.868034077064301,1.8612658745434385,1.7984059909868495,1.7501370514090455,0.15001498484047668,1.0,1.0,0.7,0.5,1.0,46,10445.102194313493,4.258396575606977e+27
26,26,1.6074294701568648,1.8597168138144156,1.8526320653795427,1.79809028567173,1.6237335758904465,0.15025356205664758,1.0,1.0,0.7,0.5,1.0,48,10347.289972088667,4.258396575607045e+27
26,27,1.607365611088512,1.858346880940721,1.8532835848159426,1.8070067848411655,1.611005978225864,0.15025356205664755,1.0,1.0,0.7,0.5,1.0,50,10396.987473427747,4.258396575606995e+27
26,28,1.6073007656435567,1.8565688065658068,1.8493687214039427,1.8143069408509114,1.6068637472000784,0.1501743468821943,1.0,1.0,0.7,0.5,1.0,51,10349.145987834869,4.258396575607039e+27
26,29,1.607389932450161,1.8522719477618792,1.8469758278055382,1.8088330664861956,1.6309462162837518,0.15049295907402782,1.0,1.0,0.7,0.5,1.0,52,10302.3543463589,4.2583965756070623e+27
26,30,1.6073238137042163,1.8504142829738541,1.8429783065105672,1.8161700650516774,1.6073724937710938,0.1504135774945219,1.0,1.0,0.7,0.5,1.0,53,10254.804050295465,4.258396575607105e+27
26,31,1.6074715803644877,1.8484719554219777,1.8430278584267723,1.812710838460834,1.6208117609556716,0.15073318012540235,1.0,1.0,0.7,0.5,1.0,54,10210.83841533834,4.2583965756071294e+27
26,32,1.6074678125952888,1.8496226261240187,1.846293923158505,1.82417684615826,1.6058996454033987,0.15073318012540232,1.0,1.0,0.7,0.5,1.0,56,10201.172788932628,4.258396575607138e+27
26,33,1.6072638709883067,1.8472768738074414,1.8417950593625503,1.8269394407402695,1.6089722390406218,0.15046708728159638,1.0,1.0,0.7,0.5,1.0,57,10249.563820200734,4.258396575607134e+27
26,34,1.6094741720801533,1.848493887937225,1.8429741997491134,1.8356551908974055,1.6120045982718811,0.15365517828533254,1.0,1.0,0.7,0.5,1.0,58,10239.692617122317,4.965384923822373e+27
26,35,1.607057470741933,1.8440086811438698,1.838410288314677,1.839435654519598,1.61443576935866,0.15026524949764927,1.0,1.0,0.7,0.5,1.0,59,10308.396778505748,4.258396575607161e+27
26,36,1.6101500488619616,1.848997938734705,1.8517579017157317,1.8861529060504787,1.6236037403112271,0.1547834415472154,1.0,1.0,0.7,0.5,1.0,60,10702.864277124025,6.244930721246748e+27
26,37,1.6093382972988381,1.8361733760380852,1.8364050205995643,1.8839459068527393,1.6554400713014674,0.15391548066062558,1.0,1.0,0.7,0.5,1.0,61,10781.791020060557,6.24493072125168e+27
26,38,1.6096600356635025,1.829522719395447,1.8294897353125341,1.8779948354440057,1.6392566668972524,0.15454865488480302,1.0,1.0,0.7,0.5,1.0,62,11641.941813368498,6.24493072125245e+27
26,39,1.609660035662849,1.829522719395447,1.8294897353125341,1.8818930529568827,1.6081842346871862,0.15454865488480304,1.0,1.0,0.7,0.5,1.0,63,11641.94181430641,6.24493072125245e+27
26,40,1.6410965939949527,1.8561335543070991,1.8538457909404698,1.9140774393651627,1.655251555728101,0.19954046759206762,1.0,1.0,0.7,0.5,1.0,64,10828.564806077977,8.826758275591217e+28
26,41,1.6094948472464328,1.8240448254438744,1.8238103671120078,1.8847471629390973,1.616190745374766,0.1544367620299469,1.0,1.0,0.7,0.5,1.0,65,11685.444327542393,6.244930721252399e+27
26,42,1.6087743120939515,1.8224490412640921,1.822181424087737,1.8910456949397392,1.6093772995006894,0.15342753060651673,1.0,1.0,0.7,0.5,1.0,67,11090.67128729356,6.244930721251455e+27
26,43,1.608913810767561,1.8172259380210136,1.8167552029661334,1.8932984444304206,1.6155462888206522,0.15374385635650428,1.0,1.0,0.7,0.5,1.0,70,10729.72437142286,6.244930721225125e+27
26,44,1.6067819098056078,1.8039883969984691,1.8155291868628587,1.9503674048965045,1.6481820477387206,0.15106766180544462,1.0,1.0,0.7,0.5,1.0,72,10619.742026782573,4.85861237885166e+27
26,45,1.6067470442572798,1.8023405889173962,1.8158924653989832,1.960767679531398,1.6121574999429795,0.1510676618054446,1.0,1.0,0.7,0.5,1.0,74,10664.104645935802,4.8586123788516106e+27
26,46,1.5951564375119889,1.7867550838219808,1.8001562177574202,1.9734876818933,1.611904510077303,0.13457605879853424,1.0,1.0,0.7,0.5,1.0,75,10578.2991291671,4.858612378818972e+27
26,47,1.5949861286818863,1.776638984237946,1.7896650437641826,1.9723393034551335,1.6161600014777942,0.13448673597971847,1.0,1.0,0.7,0.5,1.0,77,10650.448107687973,4.858612378819217e+27
26,48,1.5949471746310633,1.7735652697848776,1.7885490400446393,1.9778148570858676,1.6134412771052067,0.13449380514122428,1.0,1.0,0.7,0.5,1.0,78,10769.563332359594,4.8586123788183097e+27
26,49,1.594827102901242,1.7647483492300826,1.7794046326546453,1.9873452734969412,1.613333318309083,0.13443927607792056,1.0,1.0,0.7,0.5,1.0,80,10795.02933219496,4.85861237881833e+27
26,50,1.6067250130754975,1.7743565783170767,1.7889266772997208,1.9662746741741102,1.6161602362925518,0.15146544738437148,1.0,1.0,0.7,0.5,1.0,81,10899.309270046222,4.858612378852624e+27
26,51,1.5942612007854182,1.7623659545325188,1.781098141740748,1.983863718137332,1.6032041349765935,0.1336870692632531,1.0,1.0,0.7,0.5,1.0,82,10894.813118593898,6.244930721203266e+27
26,52,1.5942230082982496,1.7494454657743304,1.7676931841380927,1.9751816018515282,1.650525333268078,0.13378084133279494,1.0,1.0,0.7,0.5,1.0,83,10813.86905929088,6.244930721208477e+27
26,53,1.6085630421672026,1.7550581997815344,1.770905763681457,1.950300645509891,1.6243649403523053,0.15434340289467524,1.0,1.0,0.7,0.5,1.0,85,10975.42695854893,6.244930721248461e+27
26,54,1.608591522340678,1.754085250808608,1.7719674306559725,1.9737181800575283,1.613220148166,0.15440708370581097,1.0,1.0,0.7,0.5,1.0,87,10914.465320489044,6.244930721248417e+27
26,55,1.60859490793461,1.7534891298674251,1.7713487816251334,1.9772900497650632,1.610735368414685,0.15441775192918325,1.0,1.0,0.7,0.5,1.0,88,10933.768168279645,6.24493072124845e+27
26,56,1.594296955878812,1.7374622048258463,1.7552569220600456,1.9954764836366452,1.6014310592208143,0.13400872855372178,1.0,1.0,0.7,0.5,1.0,89,10987.77400238273,6.244930721212994e+27
26,57,1.6081517837936234,1.7502067047564738,1.7700319570312333,1.9988482648735861,1.6098290632217154,0.15382431024695095,1.0,1.0,0.7,0.5,1.0,94,11135.705716896777,6.244930721248248e+27
26,58,1.594276789815491,1.7358326004732576,1.7577113992755002,2.021835981703434,1.596493823799952,0.1340196885752714,1.0,1.0,0.7,0.5,1.0,97,11009.750431484606,6.244930721212477e+27
26,59,1.6080950723339456,1.7477836994422784,1.7675201616170773,2.0008061900396568,1.6100240330068403,0.15376502257765196,1.0,1.0,0.7,0.5,1.0,98,10967.512779726654,6.244930721248103e+27
26,60,1.594184025131547,1.733562100466187,1.7553591594854192,2.0197783684998676,1.600943095318526,0.13390681361090032,1.0,1.0,0.7,0.5,1.0,99,11083.456971111991,6.244930721212203e+27
26,61,1.6076526624235195,1.7385134081761788,1.7517016695067733,1.9592386931926549,1.621361011682966,0.15317589232227594,1.0,1.0,0.7,0.5,1.0,100,11301.249038723156,6.244930721233687e+27
26,62,1.6075556181078368,1.733953079108121,1.746973843739029,1.966994431514898,1.626818717066605,0.1530749499708698,1.0,1.0,0.7,0.5,1.0,101,11363.664444726215,6.244930721235137e+27
26,63,1.6075454140865983,1.733053419279802,1.7481130988228968,1.9740305549758888,1.6120374556075752,0.15307846773872866,1.0,1.0,0.7,0.5,1.0,103,11309.706587888271,6.244930721235098e+27
26,64,1.5940472857142534,1.7165255655182927,1.7314715994639807,2.004745388091151,1.607018073956021,0.13381950757492234,1.0,1.0,0.7,0.5,1.0,104,11337.539542949571,6.244930721226008e+27
26,65,1.6082384328137103,1.728593301636967,1.7455319785137895,1.9856193172844714,1.6230784907272264,0.15411911414307794,1.0,1.0,0.7,0.5,1.0,105,11295.680853494176,6.244930721237384e+27
26,66,1.594070396544332,1.7073398698235682,1.7219405356997959,1.986100496749013,1.6190956530277918,0.13392132945672366,1.0,1.0,0.7,0.5,1.0,106,11276.255917210196,6.244930721226064e+27
26,67,1.5942660096873216,1.7068480246429376,1.721422927074859,1.999311357222092,1.5954588948002488,0.13420566548294677,1.0,1.0,0.7,0.5,1.0,108,11316.426357560533,6.244930721226054e+27
26,68,1.5942177834577025,1.7070406535474667,1.723696923724322,2.020336640890399,1.596290346807928,0.1341444134690714,1.0,1.0,0.7,0.5,1.0,110,11265.049443949336,6.244930721225898e+27
26,69,1.5938934950391896,1.7069322536112437,1.725668929916388,2.023230802211384,1.596028143167079,0.13368888178643318,1.0,1.0,0.7,0.5,1.0,112,11251.47393135776,6.244930721225886e+27
26,70,1.6074998449739017,1.723210084017879,1.7482639310638781,2.039876744038341,1.6129624724299183,0.15313553723100604,1.0,1.0,0.7,0.5,1.0,113,10922.305273787031,6.244930721247818e+27
26,71,1.607498937485945,1.7230190144328636,1.7480657146740615,2.0397027905283696,1.607612881047363,0.15313553723100598,1.0,1.0,0.7,0.5,1.0,115,10916.550012843089,6.244930721247825e+27
26,72,1.6072191248137828,1.7224301513544886,1.7474652846679535,2.039145806879941,1.6075967910295779,0.1527379092889215,1.0,1.0,0.7,0.5,1.0,117,11154.268438981646,6.24493072124769e+27
26,73,1.6073344002114518,1.7221352278908364,1.749227376097907,2.058790367955382,1.6108634703060072,0.1529142937238151,1.0,1.0,0.7,0.5,1.0,119,11028.46273206785,6.244930721247658e+27
26,74,1.6071695703284457,1.7160530650732932,1.7429234337671493,2.057513376726936,1.6329373375055238,0.1527171754925838,1.0,1.0,0.7,0.5,1.0,120,10991.985548946644,6.244930721247534e+27
26,75,1.6070893561092099,1.7147528453423786,1.7436498682482762,2.0720147969444573,1.6096346715168806,0.15261839913868416,1.0,1.0,0.7,0.5,1.0,124,11055.345765461185,6.244930721247434e+27
26,76,1.6071170431423836,1.715984511922035,1.746998995086896,2.1014657461983144,1.607132258937746,0.15265870741132603,1.0,1.0,0.7,0.5,1.0,126,11049.384604137618,6.244930721247456e+27
26,77,1.6075190739659937,1.714795115840605,1.7436776182951987,2.101630166264839,1.6078441879493337,0.15323465171259315,1.0,1.0,0.7,0.5,1.0,128,10963.749138765455,6.244930721247754e+27
26,78,1.5939775244245604,1.6991056441296386,1.7258352697385098,2.148290481282616,1.594742516009083,0.13389458714621846,1.0,1.0,0.7,0.5,1.0,131,10975.068743300924,6.24493072121299e+27
26,79,1.5937049454470142,1.6984503490482223,1.725165637926835,2.150023087157642,1.5956721325713665,0.1335074892097527,1.0,1.0,0.7,0.5,1.0,132,11126.434342843238,6.244930721213016e+27
26,80,1.593918868432307,1.6973198863445587,1.7260572147143964,2.164706265609947,1.5993533187571285,0.13382898895831227,1.0,1.0,0.7,0.5,1.0,134,10983.044043833685,6.244930721213052e+27
26,81,1.5938759107847145,1.6955254449992434,1.7262695397637948,2.196970731425991,1.594725121542043,0.13378541628585316,1.0,1.0,0.7,0.5,1.0,147,11010.017365161097,6.244930721212793e+27
26,82,1.5936076061503819,1.696918381619379,1.7318694429600863,2.239646037826606,1.5955794855250163,0.13340777342442928,1.0,1.0,0.7,0.5,1.0,149,11168.94062284113,6.244930721070184e+27
26,83,1.594009277989648,1.6969715421905316,1.733981982565045,2.257767234686086,1.601135900389405,0.1339909174708227,1.0,1.0,0.7,0.5,1.0,150,11029.092085191674,6.244930721070273e+27
26,84,1.6081424919181035,1.7080024459919667,1.74075189964314,2.174990043262278,1.6085918903216587,0.15418372361294483,1.0,1.0,0.7,0.5,1.0,153,11111.70744364801,6.244930721105248e+27
26,85,1.5939357998619021,1.695414224522564,1.732369058009351,2.2678010541017786,1.598261190003595,0.13389410485080475,1.0,1.0,0.7,0.5,1.0,154,11182.937183085902,6.24493072107009e+27
26,86,1.6078521515469593,1.7060615846393399,1.7408216145537536,2.2195339078673695,1.6119186750146515,0.15378509791092324,1.0,1.0,0.7,0.5,1.0,156,11111.67735638988,6.244930721105171e+27
26,87,1.6077395757120854,1.69918454333832,1.7357637258931398,2.220504067108373,1.616460252647272,0.15366584282564552,1.0,1.0,0.7,0.5,1.0,160,11058.256646532484,6.244930721105111e+27
26,88,1.6077528883369527,1.6990938702329927,1.7356691439266054,2.2204239640953576,1.6077323115210704,0.15368537406922378,1.0,1.0,0.7,0.5,1.0,163,11035.853201058288,6.244930721105139e+27
26,89,1.6077821730202841,1.695366713099728,1.7318013887973407,2.2170631884844054,1.6158713026317253,0.15374534702057308,1.0,1.0,0.7,0.5,1.0,165,11070.080971278274,6.244930721105097e+27
26,90,1.607678408573173,1.6952627065033037,1.7316973705255456,2.225466432431639,1.6075183639058,0.15359711336788096,1.0,1.0,0.7,0.5,1.0,169,11119.277114558174,6.244930721105096e+27
27,0,0.9494199303062056,0.8790070329327173,0.8708250146577474,0.5225547878095732,0.04276893827521666,0.06088099115512343,7.354376388012999e-05,0.0001154725846902,0.7,0.5,1.0,1,13285.392556290702,163435.0229973721
27,1,1.066730846207651,1.3337341929274424,1.3239031403381663,0.9834416187347886,0.7798436778920109,0.00694198979736844,1.0,0.03683952174587175,0.7,0.5,1.0,2,12680.763594581496,161249.52647437155
27,2,0.9988376898170606,1.395608828944932,1.3867524857172309,1.0520479009303918,0.7117329518343778,0.01082797461161231,1.0,0.12542095285477922,0.7,0.5,1.0,4,10119.533826466764,72671.2836756909
27,3,1.346726754715246,1.7897673201370456,1.781485174335907,1.4521051000597867,1.1260539012849988,0.01083742173694059,1.0,0.5597368163178426,0.7,0.5,1.0,6,7084.076533840936,54911.47766518387
27,4,0.8364199004368025,1.3167655059641374,1.307040418205938,0.9842305745487601,0.7712936619857915,0.01082797461161231,1.0,0.12542095285477872,0.7,0.5,1.0,7,5391.005392756073,47472.27116797124
27,5,0.9008634439773683,1.4121153959674557,1.402763823353427,1.1107528037100676,0.8765395280413689,0.01761611116588254,1.0,0.26156208362765254,0.7,0.5,1.0,9,3690.234767120777,36753.56726036038
27,6,1.5619334850546966,2.0739192825473602,2.060910667482886,1.7858742266198488,1.6592330609321384,0.013020587459361249,1.0,0.9690543204665634,0.7,0.5,1.0,10,3842.41479636316,1416345.2211779817
27,7,1.1115944640772413,1.61924845395194,1.6075209779481812,1.3241704957507103,1.1426372462372683,0.022498631232688977,1.0,0.5289637826747762,0.7,0.5,1.0,11,2253.6519450787173,26924.255927089325
27,8,0.7448088507154663,1.223060556077634,1.2111529245239616,0.9478213766719313,0.8440820005444546,0.02177103252593102,1.0,0.1936690257089798,0.7,0.5,1.0,13,1859.844546520599,16202.25936095243
27,9,0.7094774025631763,1.1131402129679435,1.099663025229925,0.8603632384953859,0.9186377245854513,0.02325118975856644,1.0,0.18034277094460832,0.7,0.5,1.0,15,555.194491364894,18753.036719274307
27,10,0.7513220373171056,1.1164492256694216,1.1034393630376138,0.8810677761005887,0.835175200737015,0.03847244509828552,1.0,0.2160259212774418,0.7,0.5,1.0,17,415.08152775424537,18991.895013677484
27,11,0.7498959055228561,1.1123762906185675,1.1013273179844365,0.8936279206365968,0.750919317179944,0.03871677158706652,1.0,0.21477547569838973,0.7,0.5,1.0,19,424.7040380269103,17879.13338350239
27,12,0.7623292775141431,1.104017780236616,1.0921312921628243,0.8939921552573599,0.8053041885306562,0.03905505786187233,1.0,0.22863013229804138,0.7,0.5,1.0,21,335.35040970523613,20103.52683278712
27,13,0.7489919337498521,1.0826313690035847,1.070424537015979,0.8766848288805626,0.761907716261478,0.03809343407216776,1.0,0.21650368770488043,0.7,0.5,1.0,23,294.93279224116304,18939.68034475505
27,14,0.751239242345489,1.0670734044780095,1.0541638392003272,0.8694548450401101,0.7876421196404593,0.037819207925293356,1.0,0.21997454204154315,0.7,0.5,1.0,25,240.870912246992,18255.386565257188
27,15,0.7344149164798929,1.0451290759998821,1.032018764170651,0.8545195617166769,0.741660876779964,0.03674435799257681,1.0,0.20416342291832193,0.7,0.5,1.0,27,227.47122819688832,16560.138678078096
27,16,0.72863838849271,1.0349940402190243,1.0217132186885622,0.8513199693706998,0.7343527090487711,0.03604450668583401,1.0,0.1990881555224516,0.7,0.5,1.0,29,213.0575246917916,16319.276341597571
27,17,0.676883267257217,0.9822597590596669,0.9689407586041638,0.8083906591836851,0.6769720146541249,0.03186131334486933,1.0,0.1503059542705303,0.7,0.5,1.0,30,173.80485802108493,15782.382289608406
27,18,0.6987521449567277,1.0015272715096784,0.9901770829699564,0.8297826989145985,0.712645446728217,0.03322087769010021,1.0,0.17140271110852537,0.7,0.5,1.0,31,182.98253414848355,13525.560079859692
27,19,0.6996492750328761,0.9956757375068436,0.9882040133965275,0.8595318996696187,0.7174239150995155,0.03010063363862018,1.0,0.1748838699311949,0.7,0.5,1.0,33,187.6461279229687,8424.6156654365
27,20,0.6645540979941549,0.9582686000564501,0.950707157574464,0.836360664031626,0.6714810884729323,0.03002562828569146,1.0,0.13993338335734604,0.7,0.5,1.0,34,181.02722451858108,8539.726978706249
27,21,0.7040766863235353,0.982895314483141,0.9788981947515148,0.8706427290240581,0.7871366521846074,0.03377319169232526,1.0,0.17750769862055138,0.7,0.5,1.0,35,142.1807994904465,5380.114701188392
27,22,0.6958986865392932,0.9377642251421756,0.9323529890215349,0.8400135342962209,0.7739390890339649,0.0314488243298518,1.0,0.17190803207561145,0.7,0.5,1.0,37,155.38665299136554,6630.399484015303
27,23,0.702583440625808,0.9427865110574588,0.9393834720811283,0.8585667794649356,0.7072917232635435,0.03239233983327617,1.0,0.1779964910437044,0.7,0.5,1.0,39,138.6325335144086,6392.663573842407
27,24,0.7025656479787141,0.941924571328915,0.9384893539027719,0.8614248202264387,0.7044147862788359,0.03239233983327617,1.0,0.17799649104370402,0.7,0.5,1.0,40,136.00666425404765,6396.602413893439
27,25,0.6939065163463412,0.9278561059707554,0.9262865746220579,0.8650773091044759,0.7223537356564017,0.03315363357809177,1.0,0.16894253807083537,0.7,0.5,1.0,41,92.85737297302823,5631.7315224447975
27,26,0.6928756688493468,0.92624371696364,0.924652043333582,0.8709225500647729,0.6937557603048558,0.03331467310972336,1.0,0.1678105188823121,0.7,0.5,1.0,42,91.35055624413285,5442.4505004953935
27,27,0.7016483351059625,0.932367055325269,0.9327462392128243,0.8798335026518445,0.717657931159628,0.033154414222961545,1.0,0.17677140285284373,0.7,0.5,1.0,43,64.16777555944712,6759.721783093328
27,28,0.6897098405052866,0.904283826750051,0.9019785274257452,0.8582292188319598,0.7102956913807728,0.03283817985280956,1.0,0.16531235790324622,0.7,0.5,1.0,46,71.74994987087588,5440.388598563904
27,29,0.9616645439578202,1.1621033904494085,1.1530471980279646,1.146952877958766,0.9668795011920792,0.03677373432694867,1.0,0.43466800146114337,0.7,0.5,1.0,53,293.119417036715,23703094.784577467
27,30,0.961631714119882,1.1637307021959433,1.1609529981205435,1.1872560197015058,0.965496038599671,0.03677373432694867,1.0,0.4346680014611436,0.7,0.5,1.0,55,292.35642396140133,23706262.53340091
27,31,1.0109370108765512,1.1970842243687247,1.1874877022233445,1.198136087586593,1.0630050960097788,0.039720547100079,1.0,0.48207008883763025,0.7,0.5,1.0,56,318.770420915082,23333528.32384353
27,32,1.0160391720747777,1.1891273000163358,1.1790378818482004,1.1988746251558178,1.0440625084578992,0.04022904396017491,1.0,0.4869693321556342,0.7,0.5,1.0,58,315.67415854508414,23321691.787319627
27,33,1.0043999153643934,1.1668158840201188,1.156324196341111,1.185023764606288,1.0272161905016646,0.03838865297618464,1.0,0.4767290441053782,0.7,0.5,1.0,60,335.4070296676963,23332498.557764445
27,34,1.0313452643233378,1.1905809556737337,1.1820415898018988,1.2200400570998928,1.0405559523602588,0.03946993853978487,1.0,0.502960730296424,0.7,0.5,1.0,62,375.6791558871079,23534177.10930121
27,35,0.9972150797362029,1.150285419997812,1.1435860683967896,1.2065085531272564,1.0130841853813042,0.03877825079159519,1.0,0.46938232758000414,0.7,0.5,1.0,64,339.6591188221412,23487222.126800187
27,36,0.9930865964105091,1.1371830807650776,1.132218366822563,1.2016405337130052,1.0385911072448555,0.03788075849928993,1.0,0.46596805839035377,0.7,0.5,1.0,65,536.2443443810046,24115723.78775748
27,37,0.995231460216993,1.136107235925704,1.133093676892345,1.2236510672972762,1.0044135273755743,0.03816849572749897,1.0,0.46794521845135284,0.7,0.5,1.0,67,538.7616831916935,24123484.36625897
27,38,1.0063419462974545,1.1330222018505314,1.1274031377644547,1.2107161760552057,1.0625787339078736,0.03810489746109758,1.0,0.47919012175026837,0.7,0.5,1.0,68,450.1179142437308,23860401.71552968
27,39,1.0006349397847485,1.1269826214859862,1.1213510723628919,1.2132536627370119,1.0016248527122613,0.0380107452310679,1.0,0.4735511944064782,0.7,0.5,1.0,69,469.6297727728872,23906666.24576725
27,40,1.006622646048599,1.1283516610726099,1.1225466627956764,1.210388128913388,1.026535147328636,0.03803550959752947,1.0,0.47955098963213005,0.7,0.5,1.0,70,441.6443369532087,23864478.660060484
27,41,1.0063582740428119,1.1269837204029667,1.1232096194056742,1.2408024289120938,1.0112826958633714,0.03806593392646642,1.0,0.4792802604018146,0.7,0.5,1.0,72,445.5944313553286,23860682.294472925
27,42,1.0006532651667697,1.121061702633723,1.1172794424116113,1.2435050918441743,1.0011832233238875,0.03797182865932549,1.0,0.47364244683965273,0.7,0.5,1.0,73,464.31929352891575,23906301.763292592
27,43,1.008874226556729,1.1282582635186755,1.1244375541316987,1.2422020593723482,1.012960873136885,0.0383101696584562,1.0,0.48163273768791404,0.7,0.5,1.0,74,461.3203852453859,23873891.42555885
27,44,1.0066492627676817,1.1248573105523785,1.1209924622968437,1.2428599671482305,1.0114122850161058,0.03799666412939487,1.0,0.47963423355281887,0.7,0.5,1.0,75,436.903715270339,23864337.72216808
27,45,1.0037538839517577,1.1217593054521684,1.1178868729816327,1.231054754699655,1.0042337339596306,0.0381506596520919,1.0,0.4766322607475849,0.7,0.5,1.0,76,440.8016007216185,23894775.22217229
27,46,1.0037527182638843,1.1228874949967613,1.1211297035829997,1.2522329345749275,1.0037726951612491,0.0381506596520919,1.0,0.4766322607475851,0.7,0.5,1.0,78,441.0297493001186,23894965.16294658
27,47,1.1154423386858596,1.2326334726692885,1.2287304776232912,1.3625706478361375,1.117751040495025,0.0382827269652043,1.0,0.5882330646018532,0.7,0.5,1.0,79,439.7860075991106,23897400.2769358
27,48,1.010705298702827,1.1274999218801132,1.1235820426307859,1.2693055683064927,1.012041202808685,0.0382560576305419,1.0,0.48351701023205074,0.7,0.5,1.0,80,437.96792897124215,23894581.73413422
27,49,1.003752435157824,1.122775617619991,1.1230858999850872,1.2837152821338966,1.0039707870690064,0.03814886171614163,1.0,0.4766416629521406,0.7,0.5,1.0,83,441.625285078213,23895436.13101303
27,50,1.2953201203198823,1.4087020375988453,1.4046561213350635,1.5784479623816285,1.3080865796354768,0.03816523342708356,1.0,0.7682149882899989,0.7,0.5,1.0,84,441.5808002070039,23895469.61537719
27,51,0.934972462023123,1.040221325353621,1.040014968796449,1.2316468076633487,0.9504751102711522,0.038212578087368346,1.0,0.40789181031948296,0.7,0.5,1.0,87,451.40009089227823,23891942.119076498
27,52,0.9347878098170317,1.0380190558450126,1.0418817444609094,1.2109746275850597,0.9413343245889214,0.03820875652517996,1.0,0.4077328974018589,0.7,0.5,1.0,90,452.0128973236096,23892013.665741
27,53,0.9350203450184903,1.0366184767635453,1.0404199308549396,1.2178750047082396,0.9383129950727486,0.0381389950604176,1.0,0.40802207330649853,0.7,0.5,1.0,92,443.2076896969608,23895672.05527956
27,54,1.041818008227804,1.151190576758418,1.1677174938319261,1.5693465729665281,1.04154408883623,0.037935932912969525,1.0,0.514962778131465,0.7,0.5,1.0,123,279.6714134668032,23642875.431593664
27,55,1.0418172105485415,1.1523482145939385,1.170990897106761,1.5963996156939952,1.0418869448047134,0.037935932912969525,1.0,0.5149627781314648,0.7,0.5,1.0,125,279.8020035341183,23643407.5643203
27,56,1.039387031486016,1.1416638296191284,1.1537801285332572,1.5757759375667098,1.0579173924925782,0.03794767243344901,1.0,0.5125441325782604,0.7,0.5,1.0,126,268.49010912821313,23626255.87524495
27,57,1.0378043361553089,1.1406232123652549,1.1548321743085173,1.5748729831760402,1.040981041597036,0.03787317664934267,1.0,0.5110171272592529,0.7,0.5,1.0,127,269.30426198729515,23635214.44755612
27,58,1.0588744292993653,1.1611976949431468,1.1753880656065334,1.626531003345641,1.059151282143643,0.03887285232637727,1.0,0.5313896628542822,0.7,0.5,1.0,131,288.5666511195608,23648155.18823225
27,59,1.062625811279383,1.1566003866364292,1.1725503470779794,1.6148689254618,1.0836731394140493,0.03792664261530996,1.0,0.5358445477852342,0.7,0.5,1.0,133,304.4954872576563,23645141.788279213
27,60,1.0573505783566601,1.14935474310046,1.1673032774762062,1.6211789166687716,1.0607757444842807,0.037862341514617856,1.0,0.5306275227318962,0.7,0.5,1.0,137,302.0855831980081,23645152.71446872
27,61,1.0389513831507906,1.1284884812881342,1.1442722380707377,1.612941781328058,1.043801699052128,0.037964676076784346,1.0,0.5121611768213032,0.7,0.5,1.0,138,297.6069509317363,23652462.371079244
27,62,1.0573435088872896,1.1488352055771602,1.168836957258534,1.6470662543090715,1.0600796277910625,0.037862341514617856,1.0,0.5306275227318964,0.7,0.5,1.0,139,302.36595191496224,23646141.53046556
27,63,1.056293960250161,1.146974380008364,1.1690181504174901,1.6762015005298125,1.0592238120943196,0.03788260691563551,1.0,0.5295719191914345,0.7,0.5,1.0,142,301.9259339755214,23624060.0692378
27,64,0.9783810678274649,1.0639784664843264,1.0816870744454834,1.5988072608531283,0.9888607578399751,0.03839047269401976,1.0,0.4513125425444449,0.7,0.5,1.0,143,295.73696608668644,23635872.968104687
27,65,1.0380745836488998,1.1249411604446302,1.146842114025014,1.6720790147731561,1.0409306553526534,0.03824129534257138,1.0,0.5111155309901402,0.7,0.5,1.0,145,285.9025610494145,23625460.67149823
27,66,0.9597104270969278,1.0389749747946426,1.0564465309194835,1.6305357124682014,0.9608157454135472,0.03694419548279736,1.0,0.43367680735335623,0.7,0.5,1.0,162,301.1709161790076,23853023.886516
27,67,0.9720133983100796,1.055779497417975,1.0817091839405397,1.7122129752223725,0.9722004753638127,0.03701207639882108,1.0,0.4459350299306493,0.7,0.5,1.0,172,324.5337331609426,23913374.95253735
27,68,0.9617296081665974,1.037422208998196,1.0568324639356306,1.6875130447265743,0.9796631085719661,0.0374362952118392,1.0,0.43536796954122314,0.7,0.5,1.0,173,289.1279691588205,23867118.487613898
27,69,0.957960663208957,1.0324451185798529,1.0518101449897115,1.69598484978235,0.9595342868115405,0.03691579468261239,1.0,0.4319673081858154,0.7,0.5,1.0,176,296.3823177539098,23848482.64335056
27,70,0.9540273823415251,1.03456653383558,1.064520257953034,1.743357940057379,0.9547342042742483,0.03702021708888607,1.0,0.42796280902709816,0.7,0.5,1.0,179,303.67075887632217,23890647.609497253
27,71,0.9513363723006747,1.0306815679608805,1.0605905863786165,1.7714787180236364,0.9525033511420626,0.03723895761985127,1.0,0.42512250464693063,0.7,0.5,1.0,183,320.2673028679671,23892493.38413935
27,72,0.956937487500346,1.035167088337016,1.0650343768282267,1.7897357762668187,0.9584272210012024,0.03711859816901434,1.0,0.4308113927070857,0.7,0.5,1.0,186,306.9249843684207,23894245.949127264
27,73,0.9355958633117094,1.0080494386054337,1.0377005928719956,1.7768531273039077,0.9439291888877586,0.037502141308537816,1.0,0.4092189203450897,0.7,0.5,1.0,189,294.73958672475044,23901397.45113688
28,0,0.6752532219658174,0.8018196451371575,0.7944261355672612,0.44728829279537724,0.0,0.0,0.0,0.0,0.7,0.5,1.0,1,6048.223969288652,118378.7349799152
28,1,0.6711373761996612,0.8025353155692222,0.7972410795396186,0.45067484240871947,0.001332585006775618,0.0,0.0,0.0,0.7,0.5,1.0,3,5882.20909955556,120702.4992903573
28,2,1.368829736511573,1.7977938238894602,1.7880904555715684,1.4597225405212693,1.3932357914954514,0.01240954301882123,1.0,0.5492035227261286,0.7,0.5,1.0,4,10043.861629966152,167719.7820838908
28,3,1.5242858284663214,2.116776326993448,2.106927131953035,1.7909524472909846,1.7113582420898203,0.029381276512360936,1.0,0.9157702966318488,0.7,0.5,1.0,6,1733.2361905858588,26858.104118900967
28,4,1.524477757337436,2.1169324943054333,2.107079199689344,1.7949230995122498,1.4369718993887395,0.02938413750053791,1.0,0.9160346391769012,0.7,0.5,1.0,7,1731.6449508854214,26847.90081822675
28,5,1.5505756732456333,2.008327769198985,1.9932530205130816,1.7184652851545605,2.0352301884130846,0.03359454420585392,1.0,1.0,0.7,0.5,1.0,8,531.9456952427159,16060.618365826696
28,6,1.2279568030825314,1.6778291579549816,1.6603008809304531,1.3885476948814186,1.2227369411166182,0.0317466826431403,1.0,0.6810053069772277,0.7,0.5,1.0,10,533.79634955376,19694.78482835225
28,7,1.00563376966665,1.4022518180249066,1.384355818784345,1.1356691452501324,1.1391742549144506,0.03570183855022258,1.0,0.46807320705860594,0.7,0.5,1.0,12,326.69846262674537,7849.970053622274
28,8,1.0501213023916822,1.4416828569868234,1.4256351398169413,1.1823956100470152,1.055505149234936,0.033684173350371646,1.0,0.5149285187345745,0.7,0.5,1.0,14,295.6089711354007,7974.827934704372
28,9,0.8531306413421955,1.2135913894367771,1.194187737665813,0.968847263090657,0.9164598715228545,0.03252380998291643,1.0,0.32205017520203133,0.7,0.5,1.0,16,414.482230414346,12135.147152040796
28,10,0.8502786120404139,1.2085834896828334,1.1911603785042746,0.9628573352680186,0.8504544342440922,0.03247212235485123,1.0,0.3195466043294225,0.7,0.5,1.0,18,400.3731323168944,12090.796795182876
28,11,0.6597705774541965,1.0159273167165035,0.9984169145837494,0.778735588123945,0.6570930130565911,0.032542869014492035,0.7789542901718247,0.23970204702959136,0.7,0.5,1.0,20,384.4554457293987,11744.755622833723
28,12,0.659770562889572,1.015927302091352,0.998416899958598,0.7872234596493637,0.6519592826797014,0.03254286919420676,0.7789542759033211,0.23970203941289148,0.7,0.5,1.0,21,384.4554612984805,11744.755351104275
28,13,0.6957050318768814,1.033431653720402,1.0151799138310547,0.8119528433766466,0.7763592958576768,0.03255701546003066,0.7805371172353633,0.2762789782663694,0.7,0.5,1.0,22,251.1614122592744,105917.59398490054
28,14,0.5614635703751126,0.8938579118156709,0.873324097169669,0.6911142042845833,0.5601602701933299,0.03245205746616152,0.6203409295507051,0.22248971796236267,0.7,0.5,1.0,26,239.58691633076896,108092.84561491496
28,15,1.0209113455978205,1.33902314817204,1.3179236854507117,1.1433934814914566,1.0817732395329318,0.03880065049986152,0.5442853728484246,0.7164008202611916,0.7,0.5,1.0,27,78.41307361687652,8807977.465104371
28,16,1.2054031176103819,1.4915117350153864,1.4733022941088432,1.3130237899061816,1.3608161406453076,0.0395058631213496,0.643531891521014,0.8524182447427646,0.7,0.5,1.0,28,73.54325793565526,8824950.660019942
28,17,1.2014156379260785,1.4754325216385544,1.4546846618748543,1.3108124831224375,1.2226883890744058,0.03923807385094136,0.6390680063094538,0.8512461220779546,0.7,0.5,1.0,30,69.55272592221873,8826457.813378438
28,18,1.2014156324002347,1.4754325160924688,1.4546846563287688,1.3038959863618829,1.1982468292907977,0.0392380738737251,0.639068001147634,0.8512461190968302,0.7,0.5,1.0,32,69.55272675269188,8826457.805838779
28,19,1.1945828272709818,1.4693720537149417,1.450724866215789,1.3272751035012749,1.1926939682161415,0.0388337628124462,0.628854498046356,0.8498223274916155,0.7,0.5,1.0,34,75.55720074166369,8819224.77468943
28,20,1.204486654984747,1.4757214974689818,1.4569372004124546,1.3304599949796638,1.2175462634536247,0.03953378611530176,0.6316032773617095,0.8579819610941364,0.7,0.5,1.0,35,66.86072329190937,8834106.643809324
28,21,1.288987954681713,1.544370819377528,1.5270481986860354,1.4059637145503159,1.3253759962976723,0.04315949260948519,0.6802169747541501,0.9161609857272299,0.7,0.5,1.0,37,58.801360500654496,8994916.589077525
28,22,1.2889596011430844,1.54460681077085,1.5293656224801528,1.425927628347425,1.2888037685511504,0.04315949260948519,0.6802169747541501,0.9161609857272299,0.7,0.5,1.0,39,58.76377559290452,8995238.065961134
28,23,0.7414359350364982,0.9850205855304249,0.975532063864359,0.8546145565218557,0.8112790268410647,0.03720194273979718,1.0,0.21331862571239943,0.7,0.5,1.0,40,56.03348301649826,5818.548024913403
28,24,0.7414359350364981,0.9850205855304248,0.975532063864359,0.8608612294812708,0.7393600803435114,0.03720194273979716,1.0,0.2133186257123994,0.7,0.5,1.0,42,56.03348301649813,5818.548024913434
28,25,0.7412547564195889,0.9837035623816077,0.9741716483224193,0.8534115228329339,0.7442943690822126,0.03713958950999295,1.0,0.21320714085191553,0.7,0.5,1.0,43,56.03591883147618,5818.920863142223
28,26,0.7422685627080218,0.9836385845945501,0.974065549652884,0.8609583578061824,0.7450756670357687,0.03741906639240096,1.0,0.21404976673232712,0.7,0.5,1.0,44,58.676589637887936,5884.498151358897
28,27,0.7192073156369451,0.9592658928414063,0.9517142778819032,0.8722995711747276,0.7290673689798649,0.035255380854596306,1.0,0.1925618307688808,0.7,0.5,1.0,45,43.51905389745172,6105.026388021798
28,28,0.7175722580212073,0.9506546623153888,0.9386941798040646,0.8421371185226074,0.7350185199728622,0.03436140465271146,1.0,0.19164510759135708,0.7,0.5,1.0,46,35.76462622454581,5717.846873296839
28,29,0.7189442726838282,0.9528402488938233,0.9450538563319507,0.8740993293481955,0.725353515706466,0.03525560760196278,1.0,0.1924294559727756,0.7,0.5,1.0,47,36.26767922568215,6098.532569369661
28,30,0.7182898220487051,0.9420565732278828,0.9297416313261475,0.8418732821994969,0.7499754167088973,0.03460379965920879,1.0,0.1923789728148696,0.7,0.5,1.0,48,36.39934704901354,5733.905721122917
28,31,0.7235152474914921,0.9445030969047579,0.9320826013605072,0.8556932648315747,0.7342777464328405,0.03392151380741615,1.0,0.19813406165629094,0.7,0.5,1.0,49,31.95173398882469,6156.05148162795
28,32,0.7191178164952583,0.9374329921770383,0.9249109418920913,0.8451952162338872,0.7294542154390912,0.03484536010607339,1.0,0.1931386187552713,0.7,0.5,1.0,50,37.61469010028045,5755.0839347312485
28,33,0.7206204605408137,0.9374026591932727,0.9227507283774439,0.8359965063689523,0.7199505985328463,0.0346528615171783,1.0,0.19477969278185375,0.7,0.5,1.0,51,34.43455146868995,5842.866194646584
28,34,0.7215212662640526,0.9367966508256521,0.9262309466683204,0.8542547161106042,0.7385582434945746,0.0347059050086714,1.0,0.19571635148665592,0.7,0.5,1.0,52,34.73582554261976,6022.53766771719
28,35,0.7224136350239267,0.93565755881053,0.9250147304987717,0.860822636912896,0.7254624118335222,0.03494479022879471,1.0,0.19647599742705785,0.7,0.5,1.0,54,36.51255846749629,6062.23082899048
28,36,0.7210812944965943,0.9341420398659497,0.9234922582461556,0.8739047441340209,0.7204865518092434,0.03511341528273424,1.0,0.1950289332850656,0.7,0.5,1.0,55,32.74933445243275,5841.609680308633
28,37,0.7234613427317645,0.9339900005752597,0.9232441945400417,0.8669402617035309,0.7332712726525805,0.0351591826131536,1.0,0.1974187266046634,0.7,0.5,1.0,56,32.48408069395215,5958.362443069285
28,38,0.7217948049617096,0.9322697905708941,0.9215219750610756,0.8798815292392659,0.7205734820272259,0.03516677328218671,1.0,0.19574764398893044,0.7,0.5,1.0,57,35.11984222463043,5838.589552051913
28,39,0.720045638966861,0.9284218962678288,0.91759454763643,0.8838517513084587,0.727992519650589,0.03470148785187484,1.0,0.1943580809438288,0.7,0.5,1.0,58,30.397119750789173,5810.499897631484
28,40,0.72174168228027,0.9251191448009647,0.9141024162489133,0.8848496952593176,0.7426567483615005,0.03510036836687875,1.0,0.19585272302759008,0.7,0.5,1.0,59,30.93039019579733,5867.486577337544
28,41,0.6890425979405839,0.8905107799090854,0.8794216879201762,0.861553195921871,0.6919968434215547,0.03503270908170296,1.0,0.16322967642055425,0.7,0.5,1.0,61,31.05205923632745,5888.230364676779
28,42,0.7205056263015046,0.919994934416908,0.9088309960632253,0.8915265528428673,0.7280481218283299,0.035100879804420324,1.0,0.19467414460838967,0.7,0.5,1.0,62,28.23426661416924,5824.540350101767
28,43,0.7225171816399789,0.9202076936648846,0.906903758590571,0.8855305479955502,0.7234869378121482,0.03507901523885544,1.0,0.19670827638045246,0.7,0.5,1.0,63,28.00871059109868,5937.413068988855
28,44,0.6878454866180523,0.884518587872496,0.8753199425676885,0.8855131124661083,0.7028208406821108,0.035118626119657895,1.0,0.16206065492105948,0.7,0.5,1.0,64,31.83199532301695,5905.606131812378
28,45,0.6879355647775269,0.8817339427648173,0.8703547001799304,0.8805078634527348,0.6901954034464504,0.035141263455023206,1.0,0.16215634435681148,0.7,0.5,1.0,66,29.27172454576174,5911.593947252904
28,46,0.6888433415840245,0.8794919484330714,0.8679935480983576,0.8785871379870007,0.7017207149206153,0.034981432515494335,1.0,0.16321867756015934,0.7,0.5,1.0,67,26.07511760780243,5956.185963312712
28,47,0.6915024801278135,0.8806449421433683,0.8690896602212718,0.8875866950767247,0.693710279731262,0.03572671716442587,1.0,0.16537589576797643,0.7,0.5,1.0,69,30.61053773540459,6035.035613718782
28,48,0.6890500714337695,0.8753142083352035,0.8636501236726892,0.8863948194743396,0.700740077436071,0.03512692721759494,1.0,0.16338047673761807,0.7,0.5,1.0,70,27.64426618277559,6005.65868376776
28,49,0.6898374486343083,0.876155314468369,0.8665652416653133,0.893777594516756,0.6944126285565687,0.03479896413445377,1.0,0.16441348590028546,0.7,0.5,1.0,71,25.81548852546626,5893.175043622947
28,50,0.7683892598968788,0.9475484246106848,0.9418320622103006,0.9830211431769778,0.8109466227327791,0.03495137608546259,1.0,0.24297574187872337,0.7,0.5,1.0,72,24.425685291524527,85467.03661067404
28,51,0.739050620155981,0.9115484597921947,0.9035088089297696,0.9371498818314954,0.761772252917498,0.03401820224275307,1.0,0.21434916355038128,0.7,0.5,1.0,73,14.486211506877808,82296.37570158977
28,52,0.7583991500393255,0.9178558772312302,0.9093248267685128,0.9525521560584611,0.7864888616234051,0.03427545068973961,1.0,0.23364868305124942,0.7,0.5,1.0,75,15.419911106498445,83409.71067900394
28,53,0.7592141757966939,0.9128126281790816,0.9040610306647969,0.9558901254071126,0.7714590394882821,0.03446770711094297,1.0,0.23438254827476218,0.7,0.5,1.0,77,16.236572074364137,83814.52541311833
28,54,0.7592115097541348,0.9138349334974227,0.9071940584871001,0.9793481139066436,0.7591768557053691,0.03446770711094297,1.0,0.23438254827476218,0.7,0.5,1.0,79,15.953340418713523,83857.30173951758
28,55,0.7590759114350074,0.9080736383784893,0.8991489200244538,0.9633082886012929,0.777418780765907,0.03438267642495796,1.0,0.2343435959175812,0.7,0.5,1.0,80,15.943672502989862,83712.6317892856
28,56,0.7613367043808364,0.9102281315341358,0.9033715694850838,0.9723678887316343,0.7669969578848134,0.0343200918718157,1.0,0.23666017750321822,0.7,0.5,1.0,81,13.010216247649554,83914.98590435772
28,57,0.7584805404981824,0.9036546830373929,0.8966582912214568,0.9740527231289324,0.7660663126148728,0.03422435382159752,1.0,0.2339013748415487,0.7,0.5,1.0,83,12.371290954899033,83573.44634845034
28,58,0.7187361523591355,0.8610459304928506,0.8518696789791971,0.9368659504593116,0.7249142650145962,0.034240093093438964,1.0,0.1941581802953453,0.7,0.5,1.0,84,14.254848170045026,84032.70905538308
28,59,0.7086834295589443,0.843739323593236,0.8363625674344254,0.9073587029390486,0.7465940630429874,0.03439903557718937,1.0,0.1840599354827204,0.7,0.5,1.0,85,15.367682592165972,45706.39998145487
28,60,0.7086478020664588,0.8398301136058177,0.8343801281687864,0.9225711398431715,0.7193154630699248,0.03439903557718937,1.0,0.18405993548272043,0.7,0.5,1.0,87,14.092982599377589,45556.27018224546
28,61,0.7092458148277722,0.837956471663456,0.830341380815135,0.9141209795094681,0.7137916572332247,0.03445147747646491,1.0,0.1846290330911644,0.7,0.5,1.0,88,14.638143222697606,45721.0489020649
28,62,0.707081226008937,0.831958337455494,0.8262714968981553,0.9314843484150668,0.7299146296942072,0.03468748360703719,1.0,0.18233407393650308,0.7,0.5,1.0,89,15.517319195142727,36632.25208894988
28,63,0.7088562648801546,0.8300283766142964,0.8221302137381099,0.9228943400452494,0.7183508672958041,0.03473925653673512,1.0,0.18408718713803002,0.7,0.5,1.0,90,15.022379823653742,36429.36611522005
28,64,0.708827657797299,0.8225442997818543,0.814366326172138,0.916146362737943,0.7412675775148336,0.03467487137751748,1.0,0.18414866366699123,0.7,0.5,1.0,91,14.01848773372888,36717.88828541845
28,65,0.7056165645185687,0.8201532049095526,0.8140782796825439,0.9408065255282969,0.7063291617779638,0.03472039451060094,1.0,0.18090864417470406,0.7,0.5,1.0,93,13.826970767041242,36579.609610124826
28,66,0.7048431146081306,0.8186207314476416,0.8145896542827681,0.9546197354427366,0.7090466860996555,0.034581645480849035,1.0,0.18024425696103,0.7,0.5,1.0,95,13.488836989654075,36534.34108201851
28,67,0.7047513879206027,0.8117408170494267,0.805382782566201,0.9492606778755837,0.7124083378531183,0.03465260373035452,1.0,0.18013294354938497,0.7,0.5,1.0,98,13.23633086951006,27598.733730432246
28,68,0.7046617183474843,0.8076892310708329,0.7991102873792294,0.9342478255542696,0.7159154534307566,0.03474509235514101,1.0,0.1799924588614038,0.7,0.5,1.0,99,13.249563718950284,36946.156430051815
28,69,0.7048577451617741,0.8068529079508611,0.8003076077973302,0.9569502137476684,0.7097138374265436,0.03479187338663456,1.0,0.1801678919490458,0.7,0.5,1.0,101,12.61295372726615,27594.56326963888
28,70,0.7040668719377711,0.8056842459812303,0.7991247758559903,0.9598479569535922,0.7053960200441294,0.03467480192136822,1.0,0.17946088877973224,0.7,0.5,1.0,102,13.260183018715798,36903.55748425472
28,71,0.7056693421680122,0.8082724874661961,0.8038222968147725,0.9779413511203862,0.7058436222926395,0.0347519889108939,1.0,0.18101107278123588,0.7,0.5,1.0,105,13.341412658875756,37104.71735070882
28,72,0.7055812220140513,0.8053569042378246,0.8008007174650348,0.9793684215292109,0.7176946107686386,0.03485396830585197,1.0,0.1808656412646744,0.7,0.5,1.0,106,13.54215939762746,36766.24724319276
28,73,0.705544091953499,0.8052295231364301,0.8006699237854271,0.9833195138441357,0.7056248049824467,0.034830404122412464,1.0,0.18084544934669064,0.7,0.5,1.0,107,13.6220271776312,36757.44224809009
28,74,0.7056458017181158,0.8045297185834865,0.7999400873609495,0.9867707071222913,0.7088607159397129,0.03469932327066675,1.0,0.18104283442546681,0.7,0.5,1.0,108,14.730479859300775,36746.62590987325
28,75,1.4867762725079556,1.5857447499328838,1.5832306101390086,1.805463109158172,1.4878470289970143,0.03836395854605097,0.9192282386213628,1.0,0.7,0.5,1.0,112,10.463205069077476,21810.400727260745
28,76,1.4867705901608421,1.5858670393280843,1.5854300389718001,1.8299268557701454,1.4890866387348987,0.03836395854605097,0.9192282386213624,1.0,0.7,0.5,1.0,114,10.130835644278095,21872.170007521778
28,77,1.4873864849930822,1.5856609313599221,1.585193117243851,1.8340200373917412,1.490705087706336,0.03878115128288638,0.9198837305803609,1.0,0.7,0.5,1.0,115,12.404244973438878,22066.945349194066
28,78,1.4871549336724192,1.5853503588703959,1.584879568375954,1.8379357631873305,1.4872054617559223,0.03874714116304226,0.9194689856018778,1.0,0.7,0.5,1.0,116,11.699821316799303,22101.24302187224
28,79,1.4864199011986161,1.5782046322688246,1.5774936019993142,1.83564415928993,1.5143591242552854,0.03850206024543078,0.9184004450915172,1.0,0.7,0.5,1.0,117,10.29617359223168,21979.967215205463
28,80,1.489948567072465,1.571892567918455,1.5708128740592429,1.8303068819008441,1.5330027190795796,0.03486788299885879,0.9306282209404332,1.0,0.7,0.5,1.0,118,10.71960749570666,30217.880380452
28,81,1.4824093578300408,1.5653718014583013,1.570547417397072,1.8243159645617102,1.486537637067836,0.03765144659398116,0.9116761163982099,1.0,0.7,0.5,1.0,121,13.564113586575248,23707.92332888337
28,82,1.482580869057148,1.5661297903385476,1.5733997635209227,1.828467467405284,1.4856265697133029,0.03714870632553719,0.9127286926371742,1.0,0.7,0.5,1.0,122,13.178006057755214,23724.955992425766
28,83,1.4828838406108067,1.5666864684306725,1.5760383419615596,1.8023076127998412,1.4850356377835983,0.03708091681837575,0.9134377509163285,1.0,0.7,0.5,1.0,124,13.18307068957072,23755.61920208043
28,84,1.4832421733018575,1.5648299386437026,1.5720264482400668,1.860686881659372,1.4849894671958996,0.03758748426959106,0.9134519406735049,1.0,0.7,0.5,1.0,126,11.731375588265,30938.56337551924
28,85,1.5263104757195283,1.597250256543727,1.601975717402577,1.9137147390365572,1.567113788808312,0.03734147713498001,1.0,1.0,0.7,0.5,1.0,127,10.406271185719037,21603.377943979453
28,86,1.494947332450703,1.549282950914166,1.5513145896618274,1.890021687905352,1.5171989511964434,0.034459281757557705,0.9414058717096786,1.0,0.7,0.5,1.0,130,10.14475167309796,24815.842844394312
28,87,1.4950532293518304,1.5441015338210904,1.5417904641260167,1.869070453439483,1.4988083105229233,0.03485855272004187,0.9410740200516517,1.0,0.7,0.5,1.0,133,9.327910360107392,21046.31267246653
28,88,1.5134467520976829,1.5547583755017413,1.5521578829332165,1.9015755132385017,1.5246638964540447,0.03538027146997136,0.9771731844349951,1.0,0.7,0.5,1.0,136,8.826723565561087,21036.66289916816
28,89,1.4953758602227858,1.5342784250321861,1.5336602725673472,1.919480952177178,1.4976375675293319,0.034725207539210726,0.941967913015916,1.0,0.7,0.5,1.0,143,11.154908043310016,21927.17717184587
28,90,1.49531370421633,1.5331283087434873,1.5324694955519327,1.9269474596316953,1.5000152596837264,0.034457106459712374,0.9422244638475077,1.0,0.7,0.5,1.0,144,10.72470817555165,21785.24420716742
28,91,1.495109295613387,1.528137458790447,1.527299621099475,1.9224221846982577,1.5160348201212765,0.034671414316406315,0.941539149178215,1.0,0.7,0.5,1.0,145,10.116571603233949,21452.36945097201
28,92,1.4949722162974934,1.5273730568943114,1.5265117392727585,1.9302270491575748,1.4962808105917957,0.03504424485712361,0.9407460312351625,1.0,0.7,0.5,1.0,147,10.29966782542764,21465.02223909061
28,93,1.497092620603475,1.5273124735408068,1.526369604152531,1.9559105223792246,1.4989468090136981,0.03428569789575481,0.9460591115983318,1.0,0.7,0.5,1.0,152,9.169580935598896,21272.88872452592
28,94,1.4970924099602627,1.5279085948812106,1.5290605339992274,1.9695846439798919,1.5002302881462164,0.03429955816022004,0.9460426764265801,1.0,0.7,0.5,1.0,153,9.130742288618505,21256.25577933993
28,95,1.4965309413356112,1.5249178123266285,1.5239064104092872,1.962198993984573,1.4980848474827873,0.03435202966388095,0.9448513584863951,1.0,0.7,0.5,1.0,156,9.420401146515172,21358.416130182024
28,96,1.4967315386004278,1.5264037797945649,1.527512917499891,1.9939182235713053,1.4968574559453152,0.03432185101032944,0.9452949953360384,1.0,0.7,0.5,1.0,157,9.424924632659614,23292.06424669027
28,97,1.4983040787609072,1.530491792292675,1.5379123921730162,2.059528682894527,1.4987851991192682,0.03433255907125032,0.9484317536501171,1.0,0.7,0.5,1.0,169,10.19470268797092,24439.44703599346
28,98,1.498538922746074,1.5301987282162144,1.53759961780538,2.0620892311139887,1.4996441435784766,0.03430263477141437,0.9489457136740447,1.0,0.7,0.5,1.0,171,9.468846145920788,24369.13321650102
28,99,1.4985485825650426,1.53122890972288,1.5407404111479568,2.0765549018810567,1.4991680460878407,0.034276802222106564,0.9490025734237042,1.0,0.7,0.5,1.0,173,9.362581801513434,24364.52260277418
28,100,1.4986704316973785,1.529736645157823,1.5371152876898808,2.0660369273296664,1.4998762297032815,0.03444602863403948,0.9490106367241549,1.0,0.7,0.5,1.0,174,10.071035788174491,24503.8873356348
28,101,1.505114593507722,1.5371460753556059,1.5466332881143958,2.0913025614852536,1.5066523079955365,0.03428074077514347,0.9621319763065239,1.0,0.7,0.5,1.0,175,9.668054798016511,24369.6870177234
28,102,1.4926522897405445,1.524585924278001,1.5340694896315707,2.087521868741247,1.4928167416100169,0.0343426838800363,0.9371210867132292,1.0,0.7,0.5,1.0,177,9.424734720879986,24436.456227871786
28,103,1.4899006425597772,1.521496916025529,1.5309678749905427,2.088848775414199,1.4913290671179213,0.034356494510620686,0.9315999523388747,1.0,0.7,0.5,1.0,178,9.477086378085607,24437.10353208256
28,104,1.4910373440407576,1.5208087203256433,1.5281389799045395,2.087705261471334,1.4931725981144093,0.03434267441439997,0.9338949022147505,1.0,0.7,0.5,1.0,179,9.421537265886768,24443.72227949379
28,105,1.4898738871746602,1.5209200001018315,1.5303703965326034,2.101476935823243,1.4899392190147056,0.034346376861954894,0.9315630366056867,1.0,0.7,0.5,1.0,181,9.394040637089356,24443.11115630002
28,106,1.4935076469682806,1.5243990052247571,1.5338436179436918,2.113741261487487,1.4938030703592173,0.03431699844084133,0.938872376107293,1.0,0.7,0.5,1.0,183,9.57489017585868,24546.169905044087
28,107,1.495070270707206,1.5221793946050521,1.527337610636705,2.0836146825786663,1.4982388416926404,0.03438301706206743,0.941910114257702,1.0,0.7,0.5,1.0,186,10.081564464591263,21424.102396796046
29,0,0.673366781333448,0.801540797771619,0.7941369308808374,0.4470365157969905,0.0,0.0,0.0,0.0,0.7,0.5,1.0,1,5841.8171619832165,127914.9209414569
29,1,0.6705727205850277,0.8011245520528112,0.7937051546863003,0.4466575846596918,0.0018125875829078637,0.0,0.0,0.0,0.7,0.5,1.0,2,5840.410694660842,126336.57688565612
29,2,1.5976721760735704,2.0074064751130365,1.9981269110311548,1.6682375166863048,1.4031866619451954,0.029356482706134952,1.0,0.735594215162122,0.7,0.5,1.0,4,6050.916271883968,64288.621451799416
29,3,1.5569340651949415,2.0139190329977654,1.996749898321154,1.7128101301401906,2.079748469081166,0.0424178884697039,1.0,1.0,0.7,0.5,1.0,6,608.8326346081732,16684.92032092327
29,4,1.5504747985643221,1.9910412769988195,1.9751179116909994,1.7070384097186864,1.5802473258138352,0.041396256506251936,1.0,1.0,0.7,0.5,1.0,8,491.86128162264754,16923.346016064366
29,5,1.3591296652431266,1.7562887880836944,1.738415899347857,1.474811458733963,1.4609260958711614,0.042760987211126325,1.0,0.816548212096009,0.7,0.5,1.0,10,265.83831502003306,7630.376623982601
29,6,1.3950294750020622,1.7772218291327575,1.7587156280062075,1.5019353056202573,1.4215664374522885,0.0423067643663449,1.0,0.8547754399909288,0.7,0.5,1.0,12,276.63909174050417,5555.67204329839
29,7,0.9493977324007827,1.3242611481856656,1.3054497358347754,1.0572279692898656,0.9754466514174968,0.04299616437735547,0.7294146766305591,0.5448065237947783,0.7,0.5,1.0,13,276.8732376999355,117762.26280165634
29,8,0.9472921906317495,1.3000643210175475,1.2824169466244495,1.0529781699526364,0.9960146005446189,0.04319770565099283,0.7418775893976479,0.5385922346662697,0.7,0.5,1.0,15,264.7151473124964,833243.953500641
29,9,0.9572378363991411,1.2930645658200772,1.2747358763268066,1.0529652263589862,0.9919259931476418,0.042417104224007254,0.7543262668832564,0.5441754995877355,0.7,0.5,1.0,17,220.65849608955887,841246.4985168593
29,10,0.9597509626854508,1.2852894707188613,1.2686227869727098,1.0630992987343697,0.9803747705028995,0.04247458755781614,0.7596052243039327,0.5447285963137057,0.7,0.5,1.0,19,228.6082959468748,1038427.2339032248
29,11,0.9594034231180231,1.2742810075524722,1.2571939159845578,1.056468105951799,0.979299176865813,0.039853181468553586,1.0,0.4266262578329966,0.7,0.5,1.0,21,267.9942980914349,13060.227339471496
29,12,0.8483801884589655,1.152445986261879,1.1390757840628507,0.9389091233473192,0.8647410657178878,0.042259425062608616,0.7369999926829193,0.4460850600661595,0.7,0.5,1.0,24,133.2602628155803,6881.448614700647
29,13,0.7987428350102789,1.0686481902237022,1.0518835166388283,0.8721726191052966,0.9454860919247989,0.039423761319459585,0.9264739912483811,0.30496901707066104,0.7,0.5,1.0,25,75.43874529792511,6008.154425613869
29,14,0.8285841019514846,1.0869210932415498,1.071782994855309,0.8995833559543018,0.8549995865309072,0.0394719892410418,0.9638699993022668,0.3164653525013152,0.7,0.5,1.0,27,81.53924006476373,6493.0755511844845
29,15,0.8030646981319545,1.0207417347968128,1.0019804517549165,0.8421505373742314,0.9776192013147199,0.039699564943087066,0.9347622002050665,0.30624545578087836,0.7,0.5,1.0,28,75.38639008792256,180287.0642597631
29,16,0.6481799833551275,0.8647511206802925,0.845947780498902,0.6956426179315089,0.6490115887869385,0.03944971693135349,0.747835779756467,0.24501923123173436,0.7,0.5,1.0,30,73.641375815558,180609.5158599213
29,17,0.8134683449641267,1.0229263053443518,1.0059246702641202,0.8674220130235717,0.8307925772269757,0.03904067918506915,0.9465539186385399,0.31138332977248573,0.7,0.5,1.0,32,71.5521270183199,9672225.8705946
29,18,1.2440277089346583,1.4466128411176589,1.4272788510088859,1.3000401365784255,1.2549830252988108,0.03918489360050696,1.0,0.7152094436737987,0.7,0.5,1.0,34,58.892805405011416,60377896.972857885
29,19,0.5419914976997837,0.7409234465236226,0.7214510468233112,0.6045827669714985,0.5569088717035119,0.03933325533119955,0.6152803307398319,0.20548619110253527,0.7,0.5,1.0,35,75.3495820226555,11441947.668136524
29,20,0.639673001336312,0.8368410412187073,0.8193736711831618,0.7030701848384859,0.6521348074310883,0.03884312746989458,0.7356552837320993,0.24336988135089993,0.7,0.5,1.0,36,75.87623280857211,15518885.749328531
29,21,0.6425359973344614,0.8362167952367137,0.8186174315229038,0.7027935809860955,0.6567968347786997,0.03900540952206501,0.7376265897859392,0.24518439250215412,0.7,0.5,1.0,37,66.16294229705237,15544236.598663112
29,22,0.6380607954509442,0.8289277998715537,0.8112219987427621,0.7029544115565348,0.649363858254835,0.03895049002617953,0.733215668220173,0.24299274779273686,0.7,0.5,1.0,38,64.49030246169878,15534738.27764977
29,23,0.6330025148778701,0.821421371572584,0.803622966701125,0.7028588566054552,0.6372755248238263,0.03905369512971795,0.7275595046046692,0.24072387497838038,0.7,0.5,1.0,40,64.07989519455892,15532688.17085762
29,24,0.6350738252520134,0.8234059192567624,0.8056042180648556,0.7120224647977316,0.6342997655550092,0.03895079909196339,0.7306455529699301,0.24132536551324005,0.7,0.5,1.0,41,61.42250882583427,13353451.225550365
29,25,0.6387821759934295,0.8216318096470726,0.8036229193362425,0.7108049089797779,0.6620541482067276,0.03882727788286992,0.7311436094260693,0.24494336120811724,0.7,0.5,1.0,42,51.30938175112215,13364124.381235795
29,26,0.6235002263563901,0.7983470004736314,0.7800358733330656,0.7026472115771806,0.6402372473984661,0.03826811649788352,0.7084626292285211,0.24149144904959519,0.7,0.5,1.0,44,45.507618296274345,14705085.152293092
29,27,0.6175156483186124,0.7849813394762171,0.7663917246844375,0.690020642453327,0.6329608132106793,0.03814074483375466,0.703903796861463,0.23795916184476398,0.7,0.5,1.0,46,41.2321079824899,14696906.39866777
29,28,0.6172748409228175,0.7860469725137826,0.7695786406259839,0.6825919046688145,0.6164598348936408,0.03814498207012043,0.7035813629620179,0.2378768297589669,0.7,0.5,1.0,47,41.199879205349895,14408474.230467066
29,29,0.6400292528585159,0.8037329977096843,0.7870735528613493,0.7185993578471461,0.662055244019601,0.03836908080143215,0.7269308953310162,0.24885453366784566,0.7,0.5,1.0,48,30.864305097127502,14725675.157997306
29,30,0.5016621349872163,0.6537424231849029,0.6470058169630171,0.6879644796788367,0.5046323521225448,0.037236461318877416,0.5741759753361972,0.18782920469309167,0.7,0.5,1.0,70,25.59090213345927,634928.198807938
29,31,0.5012622491624132,0.6486715706820846,0.6396871006509882,0.6766634922770267,0.5153774376157535,0.03726353238319887,0.5742293533033715,0.1874119234737884,0.7,0.5,1.0,71,26.160950864581505,635273.0668357011
29,32,0.501262248160611,0.6499988896206995,0.6431365246950745,0.7002529963539954,0.5006111307207312,0.03726353236443722,0.5742293524334332,0.18741192291948808,0.7,0.5,1.0,73,26.16095066607489,635273.0666940446
29,33,0.4291678719031226,0.5700852300420389,0.5629287989935159,0.6171376078604911,0.4631212425292729,0.037072065877467704,0.4868593919730889,0.15919900188688002,0.7,0.5,1.0,74,24.41357808821422,642370.7829191645
29,34,0.4265663427276597,0.5635915280709919,0.5562888125168979,0.6189975316843187,0.43458541325198885,0.03709175936821605,0.48353013167543574,0.1582775470921429,0.7,0.5,1.0,76,22.64114920456703,641956.8351773098
29,35,0.4256574638846465,0.5607309887658466,0.5554271323645028,0.6471154018011829,0.42801489093819267,0.03724525191884892,0.4827005384346035,0.1576997850029383,0.7,0.5,1.0,81,22.1927494993071,640277.068791918
29,36,0.7568768458723774,0.8922668869170809,0.889047175745914,0.9854818538041579,0.7570913765752623,0.03703432430686271,0.734536657956694,0.3631559238937116,0.7,0.5,1.0,87,17.842602873160114,637125.7800964883
29,37,0.9471189441217548,1.0834560815900718,1.0823441688356934,1.1916286472888244,0.9484289592505782,0.036646504198984395,0.9706102361390119,0.4356356354448212,0.7,0.5,1.0,88,15.169770003996614,635584.8647832861
29,38,0.978026433083037,1.1132988760183582,1.1121469836424231,1.2174849637737624,0.9820467635502871,0.03703327455061492,0.9934451670839328,0.45486211053900305,0.7,0.5,1.0,89,17.044199320669538,637133.028384186
29,39,0.9480444474868861,1.0789007999123883,1.0775830524574506,1.1957477726210923,0.9670959484753336,0.03681564025091695,0.9711722398513803,0.43619904791010466,0.7,0.5,1.0,90,14.94098100855968,638233.7100553592
29,40,0.9480349214516579,1.078759999005559,1.0795095508213546,1.2067088061952753,0.9507395542841827,0.03681564025091695,0.9711722398513803,0.43619904791010466,0.7,0.5,1.0,92,14.930631281798084,637982.6115365796
29,41,1.526190243527759,1.656235666340268,1.6569596905306478,1.8048059638688732,1.527237024900924,0.03673705664456129,1.0,1.0,0.7,0.5,1.0,94,13.195286041218107,638351.3556804208
29,42,0.9376474946080254,1.0631009808056588,1.0636526116603404,1.2159069475369626,0.9473099864501465,0.03697228992296482,0.9615848537301313,0.43052929710546606,0.7,0.5,1.0,96,12.470344941229886,640644.0008757056
29,43,0.5482237431216574,0.6719878803924763,0.6724761121648767,0.8330995747534474,0.5515096927850476,0.03694581971650684,0.6553707226083136,0.1942415289271616,0.7,0.5,1.0,98,12.655108907135675,640560.4821210641
29,44,0.7667723128035975,0.8900141435561332,0.8925550494563318,1.0627087622179898,0.7704199634531649,0.03694452603378765,0.9880183844773767,0.2464783385244492,0.7,0.5,1.0,100,11.630797881371048,640559.2379859191
29,45,0.7525984197579383,0.8758011923440225,0.8783406145982489,1.0484995560319115,0.7523461673072439,0.0369420670436603,0.971816307766062,0.24040743835338207,0.7,0.5,1.0,101,11.616259174733578,640554.9729794404
29,46,0.7666532902342659,0.8905234428187875,0.8951602212471995,1.082985464369971,0.7691315488360145,0.037007868757013,0.9879773208399175,0.24633966365431345,0.7,0.5,1.0,102,11.849857653188195,640213.38081315
29,47,0.7723993751720831,0.8957261235858849,0.9003425292867565,1.0799537160041148,0.7731844417677465,0.03693905658268165,1.0,0.24612580979540946,0.7,0.5,1.0,104,10.946294247591227,640552.762396027
29,48,0.7720910688016591,0.8947854255039326,0.8993780973917174,1.0876397338360997,0.7744622229835159,0.03693270013103076,1.0,0.2458256767189236,0.7,0.5,1.0,105,10.373723336885996,640545.8552361277
29,49,0.442383451951524,0.5510796165593481,0.5510025379595263,0.7723401624695325,0.4482975684053526,0.03743293810072283,0.5081170754840817,0.1617724590786686,0.7,0.5,1.0,113,27.718526945010616,647413.1885041116
29,50,0.44237202128319264,0.5501525827406798,0.5521134736003657,0.7958813335824335,0.446897285114099,0.03743293810072283,0.5081170754840817,0.16177245907866863,0.7,0.5,1.0,115,26.9510157496131,647537.5450711409
29,51,0.44237024529828817,0.5511296421979943,0.5551995925739829,0.8213731948652789,0.44279949290704407,0.03743293810072283,0.5081170754840817,0.1617724590786686,0.7,0.5,1.0,117,26.4862703542594,647641.3459649382
29,52,0.4497001684513052,0.5660767711616875,0.58286626599063,0.9344762023933626,0.44953525152181545,0.03734194988765721,0.5105635626331028,0.16794459476463502,0.7,0.5,1.0,126,14.470954112653994,656253.8703770126
29,53,0.4496999008142291,0.5673511084829892,0.5862607139215326,0.9612231886116316,0.4494816910248046,0.03734194988765721,0.5105635626331027,0.16794459476463502,0.7,0.5,1.0,128,14.44995872400933,656266.7369318389
29,54,0.44927791699740227,0.5610027858235842,0.575545562290243,0.9263652057973446,0.46336402248361735,0.03729274071104856,0.5127478979523866,0.16648123218106542,0.7,0.5,1.0,129,14.259256980906574,656863.2368053342
29,55,0.44874509790680983,0.5614345855826026,0.5780858314928996,0.9478547188413715,0.4492262122609505,0.03723148901035063,0.5125123278999835,0.16611085151254829,0.7,0.5,1.0,131,14.087033003572287,656247.8613727206
29,56,0.46067157512537005,0.5715006850703033,0.586009876074999,0.9588675530547384,0.46270464693461394,0.03735072186776145,0.5348114429805148,0.16680690954693195,0.7,0.5,1.0,132,14.3583328923336,656539.1829097206
29,57,0.499697618546854,0.6090207115770199,0.6255457729646338,0.9957883921418484,0.5056683802019838,0.03763714125351953,0.5888285514233953,0.17863757399909033,0.7,0.5,1.0,134,16.641149240965177,655774.0580158511
29,58,0.4996948160404634,0.607087372543059,0.6214677390553327,0.9991870289826384,0.5020133726289219,0.03763714125351953,0.5888285514233952,0.17863757399909033,0.7,0.5,1.0,135,15.863079200862623,656058.9084287282
29,59,0.6979860205342283,0.8051116346610784,0.8215543331506716,1.2106384597356257,0.7012120625305225,0.03718049344794369,1.0,0.17167015693334922,0.7,0.5,1.0,137,20.8470369423534,650402.6395761902
29,60,0.6983610785535126,0.804971818191827,0.8213952400011427,1.2203741417802076,0.7003181143250129,0.03720846032321959,1.0,0.17202799229907476,0.7,0.5,1.0,138,23.34945739332716,655716.7845330102
29,61,0.6981962725039557,0.8032220703105944,0.8195860588971018,1.2218090924459435,0.7048653561614769,0.03737602165068988,1.0,0.17175310351503006,0.7,0.5,1.0,139,24.278326892750545,655257.5788243866
29,62,0.6992352140372224,0.8033018836871861,0.8196299441226211,1.2275883905256317,0.7031738842618744,0.0373142034978618,1.0,0.17283963884167713,0.7,0.5,1.0,140,20.830216786585808,654236.9656581839
29,63,0.7000829605023561,0.8025655774932581,0.8188342805411759,1.2529301645145527,0.7021353563204812,0.03726120361155476,1.0,0.17373153142324105,0.7,0.5,1.0,143,18.131796677925863,657067.7526271701
29,64,0.6989169171458519,0.8056154512772603,0.8303315674492912,1.3006126183148337,0.7010763688340305,0.037239229707201074,1.0,0.172585681337626,0.7,0.5,1.0,145,21.31826393886588,658743.3902297145
29,65,0.699388486827438,0.7955584613244099,0.8198801778058274,1.300610280033781,0.7223631798169369,0.03731560884699009,1.0,0.17304744597610724,0.7,0.5,1.0,147,20.054037486180487,659566.193615215
29,66,0.6993859782325075,0.7962297365338381,0.8226490941054063,1.3141021494415495,0.7005791727080568,0.03731560884699009,1.0,0.17304744597610722,0.7,0.5,1.0,149,19.91515786731428,659592.4076534823
29,67,0.6990126413577649,0.7920723586425056,0.8183500099994985,1.322369052704921,0.715389084681868,0.03751320293738505,1.0,0.17255021719186497,0.7,0.5,1.0,150,16.407640176823282,657465.4665675514
29,68,0.6989299267086839,0.7884257567391453,0.8145699225932426,1.3324915820964554,0.7065756280480764,0.03739388275255215,1.0,0.17256415486074164,0.7,0.5,1.0,152,17.63520574272268,658242.8524326307
29,69,1.5263717900257565,1.6145104503951067,1.6426762102608077,2.17095872678407,1.530194616888986,0.03741643118503424,1.0,1.0,0.7,0.5,1.0,155,15.49241468461006,638897.534090995
29,70,1.5258638634210724,1.6235232464123266,1.6686247055026446,2.343220672035872,1.5258580978863199,0.03669604860055501,1.0,1.0,0.7,0.5,1.0,182,20.603852646263785,658511.7889388636
29,71,1.5258526346832864,1.619275652737941,1.6621460579856184,2.3278050179515035,1.5320789530162733,0.03669426668852198,1.0,1.0,0.7,0.5,1.0,184,20.44479735465431,658510.9246491852
30,0,0.6384929184428728,0.8066731447505829,0.7994606790396616,0.4520059008754444,0.0,0.0,0.0,0.0,0.7,0.5,1.0,1,36850.52971327466,163124.32526494635
30,1,2.001427497944141,2.33477590218705,2.3245882156805115,1.9854839035907101,1.705649457867312,0.07471454157557063,1.0,1.0,0.7,0.5,1.0,2,19440.22638653258,161249.52647437155
30,2,1.9370629475383248,2.3270719009560032,2.3186676574084877,1.9823746578684682,1.5860797164696894,0.0747789293780205,1.0,1.0,0.7,0.5,1.0,4,13639.998787425038,160126.62908077668
30,3,1.7800079822079669,2.250419768203406,2.241132961734397,1.928600102528191,1.7884658222152032,0.07843763853237536,1.0,1.0,0.7,0.5,1.0,5,24996.74669314516,1780149.7331528943
30,4,1.6454038045019235,2.1488247453696805,2.1404222309151537,1.8503822000305603,1.5591938902074673,0.10341650717064407,0.8255419839580156,1.0,0.7,0.5,1.0,7,18710.575077338774,1834823.72925628
30,5,1.482512123713698,1.9970972618594303,1.9876381696607672,1.7090926829756623,1.4233623222798695,0.11277864455933628,0.5656239539658936,1.0,0.7,0.5,1.0,9,20889.28080581948,2371906.4299775115
30,6,1.6408420338816079,2.154635667369947,2.1437764623821343,1.87576674322683,1.6357800787645704,0.11358776792240599,0.9546292959645957,1.0,0.7,0.5,1.0,11,26834.33509193244,5276595.158349812
30,7,1.5083933594692835,2.0197591545695674,2.010319464586484,1.7553369881448446,1.4824904191728514,0.11387441747455702,0.7194899915686416,1.0,0.7,0.5,1.0,13,15434.3530143977,4167545.763913936
30,8,1.476249073507034,1.9888395761104105,1.9814361334237913,1.7289294868261558,1.4236065497200976,0.09993025030749252,0.6791197394521881,1.0,0.7,0.5,1.0,14,25984.40479725497,1795500.8614818596
30,9,1.4409650875274411,1.9461699785699316,1.9401789804395941,1.6955476561091731,1.457501450281772,0.11166295252170211,0.6127448828725253,1.0,0.7,0.5,1.0,15,15488.718740697535,2059759.1013559487
30,10,1.398843207951667,1.9060988203849714,1.900160205185613,1.66137001200395,1.348064213526187,0.0999751171022524,0.5461556749549311,1.0,0.7,0.5,1.0,16,26144.23843129841,1992549.1389478403
30,11,1.4067073956988105,1.903991775000726,1.8888380349696041,1.6435072803744066,1.499878888927371,0.11184842973510138,0.574894961997625,1.0,0.7,0.5,1.0,17,7050.158446250531,1453444.4829976093
30,12,1.283656149295075,1.7593349240150138,1.7534208708546526,1.5307678339009043,1.3016781935845256,0.10467281344701476,0.355844219518874,1.0,0.7,0.5,1.0,19,10242.534112502062,1034704.3519368016
30,13,1.1987181429544869,1.670755365263921,1.6666846948400469,1.4602375844235846,1.1861507864421026,0.10335105073834586,0.19282316287119647,1.0,0.7,0.5,1.0,21,2630.066502021145,82696.23704140056
30,14,1.2442517886346642,1.7108465291872488,1.7064910168790999,1.5014391913558722,1.2494190187895722,0.10430731251393222,0.2869357643445325,1.0,0.7,0.5,1.0,22,7215.451512732454,1045539.5035923156
30,15,1.2398033760384815,1.685167844937024,1.6777071765333158,1.4634567636902651,1.3329195005664656,0.10381317676557678,0.2916285981241873,1.0,0.7,0.5,1.0,23,4466.243181068571,812782.4915807606
30,16,1.2163119144134749,1.639742181417497,1.6333241445407884,1.4354838642694254,1.267506601482094,0.1020120882993154,0.25851511005259703,1.0,0.7,0.5,1.0,25,4377.008315758686,637506.7716992395
30,17,1.2180930691538987,1.6212675035208393,1.613978579202539,1.419161165897552,1.2529089333203391,0.10203024862801231,0.2682293596140219,1.0,0.7,0.5,1.0,27,4953.466309936808,663377.7795933323
30,18,1.1896874888501454,1.5808045516910805,1.5750707516541258,1.398534849813117,1.2459111608124107,0.10171048253890147,0.21548955523003815,1.0,0.7,0.5,1.0,28,2863.647853949772,659925.6537166925
30,19,1.199828059336659,1.5529142992103941,1.5456224652013515,1.3815050503482647,1.2840723256771427,0.10039125124243091,0.2450833171053973,1.0,0.7,0.5,1.0,30,3264.699610043755,673001.8187149873
30,20,1.1998112539203607,1.5540080581534899,1.548829601294289,1.3912179923504424,1.1933265171538463,0.10039125124243091,0.2450833171053973,1.0,0.7,0.5,1.0,32,3246.552149599172,672559.100743886
30,21,1.1983851926688485,1.5497407267628471,1.5444480620729113,1.3872749990368676,1.2051550469085355,0.10041922990331795,0.2426303540001177,1.0,0.7,0.5,1.0,33,3085.3023738394304,664919.8035296169
30,22,1.1891345464462106,1.5300533519160824,1.526412688165982,1.3775575307612895,1.2391404870110363,0.10038683388664138,0.2258470887485548,1.0,0.7,0.5,1.0,34,2519.9121484562306,607232.7223117927
30,23,1.1897445530517952,1.5167667267826728,1.5105069695995623,1.3435237246690497,1.213293181650747,0.10033738172076287,0.22864505263862406,1.0,0.7,0.5,1.0,36,2506.220809793125,389731.1350948424
30,24,1.1898639380451708,1.5156013391303003,1.509290935056864,1.3492740352283565,1.1877268492636566,0.10004689811198068,0.22943570604776437,1.0,0.7,0.5,1.0,38,2566.863302483885,390579.59203832864
30,25,1.197659920110687,1.5136243926473556,1.509000100804346,1.381287506665939,1.2442993571559078,0.10064172179251762,0.24536461613260419,1.0,0.7,0.5,1.0,39,2908.877702980777,474172.578251407
30,26,1.1912939798090998,1.486349763444096,1.4829816838766536,1.3653989895564576,1.2385830510748832,0.10029449563618369,0.23507289549557372,1.0,0.7,0.5,1.0,41,2220.5586270734334,416784.2906054574
30,27,1.192664627787191,1.4868102249613715,1.4834067106594382,1.3695570922510067,1.1913062304716031,0.10029030634252034,0.2378932856104273,1.0,0.7,0.5,1.0,43,2257.52388086078,417542.0434158646
30,28,1.1904504397085545,1.4832046847401135,1.479747473982132,1.3729806180137754,1.1931354507265077,0.10027232529015481,0.23359323013896027,1.0,0.7,0.5,1.0,44,2168.737240043414,416584.0190493832
30,29,1.1936832624381988,1.4799154784427997,1.4741350876295938,1.3789922963430077,1.2140858087887356,0.10060914892003303,0.23997119904646674,1.0,0.7,0.5,1.0,45,2339.3750056307063,417722.5047528998
30,30,1.223013215098995,1.5144551435276727,1.517159362965236,1.4816298664490941,1.2198186895586718,0.12137554081670143,0.2695639843781207,1.0,0.7,0.5,1.0,50,3332.0319611237605,619633.0054235453
30,31,1.2239025638622403,1.514226938655709,1.5168880357215007,1.4926093019603721,1.2257420764718667,0.12152356273453246,0.2712148905016515,1.0,0.7,0.5,1.0,51,3344.722276817702,626617.8190875882
30,32,1.2200379607227938,1.5078505093963968,1.5104145970793783,1.4983001594710585,1.228282593359214,0.12250393330603575,0.2622882909694809,1.0,0.7,0.5,1.0,52,3057.869564336876,622742.3258814069
30,33,1.2223259001109374,1.4972668196646441,1.4993352992940203,1.4965415296543592,1.2487159999255075,0.1210811605692175,0.26968365813823014,1.0,0.7,0.5,1.0,54,3195.7180153212744,625482.4430078579
30,34,1.2223011784313016,1.4977322403837081,1.501890640583087,1.5076901533473097,1.221467638430385,0.12108116056921751,0.2696836581382301,1.0,0.7,0.5,1.0,56,3205.850624021085,625719.0191473543
30,35,1.2305546862109158,1.4854107738783238,1.4887810954255787,1.4939970734230688,1.27466296069906,0.19617470198673986,0.182157654430589,1.0,0.7,0.5,1.0,58,2762.861696133484,576227.7748552524
30,36,1.2334578869186117,1.4876746027869183,1.4910205356582023,1.5001807702646075,1.2342010057863693,0.19807316505094028,0.18533679897295646,1.0,0.7,0.5,1.0,59,2791.26813426684,573666.8226804761
30,37,1.2294624892274062,1.4816157803218413,1.4848829315315173,1.498185485781796,1.2366462353368433,0.1973465077082624,0.17846042051424535,1.0,0.7,0.5,1.0,60,2522.879148920502,570250.3028429799
30,38,1.230408910374559,1.4822122217968903,1.4854659845364049,1.5065095838809697,1.2298537254621302,0.1960253810781488,0.18221863219174722,1.0,0.7,0.5,1.0,61,2786.831822451779,577337.3182290497
30,39,1.2291709010579557,1.476368672757761,1.4794467412432981,1.5011455490201882,1.2479050549120592,0.1970382124045384,0.17853345877349563,1.0,0.7,0.5,1.0,62,2547.270146574692,571375.9889724022
30,40,1.217737430053304,1.462360385083757,1.465340375760084,1.5032610267588535,1.2215506110224412,0.1972293456445364,0.15551037381146468,1.0,0.7,0.5,1.0,64,2657.0594759692817,579787.9646469383
30,41,1.2181654595069338,1.4611572039027076,1.464075016198914,1.5022118328289396,1.2235439307282348,0.1969185587712719,0.15687061807281882,1.0,0.7,0.5,1.0,65,2737.484262599163,583482.7681482252
30,42,1.229357887149315,1.4703446669490279,1.4731860685238978,1.519404654114315,1.2364936801092892,0.19669148002795625,0.17965721241754531,1.0,0.7,0.5,1.0,66,2631.374528298091,578549.519299466
30,43,1.2179535893284474,1.45840171227786,1.46122263993027,1.5075083132613054,1.2185111563381827,0.19664428074535906,0.1569367309233609,1.0,0.7,0.5,1.0,67,2763.5532469090995,584629.7590218653
30,44,1.2176138530104155,1.4561453455450335,1.4588932992035921,1.517583184634307,1.224398595834481,0.19798039747399288,0.15446475036771865,1.0,0.7,0.5,1.0,68,2583.1693454539823,578597.6921335926
30,45,1.2213528001107157,1.459723410170407,1.464536839439147,1.5321389751482393,1.2229233578550218,0.20074738649060922,0.1581285050466134,1.0,0.7,0.5,1.0,70,2599.6992236745705,570857.8669172177
30,46,1.2173184949425042,1.4530973143100017,1.4557405540110944,1.52663715519305,1.2211896904788535,0.196725310250708,0.1557402664233603,1.0,0.7,0.5,1.0,71,2687.5245810915203,582242.4177621049
30,47,1.2305781745308413,1.4432747963179902,1.4450419273174555,1.5185702867969422,1.3321589398600946,0.19700636398211663,0.18266906530356,1.0,0.7,0.5,1.0,72,2711.5892213333595,581907.8952749893
30,48,1.1438528028451556,1.3512045533074042,1.3527693302529813,1.440085758544364,1.1473331952000387,0.1007073415499768,0.144196495752146,1.0,0.7,0.5,1.0,77,1707.4366248929002,408500.4877648303
30,49,1.1636651693406028,1.368623526719408,1.3700977334369537,1.4655062485267831,1.1730742595288695,0.10082755085473365,0.1837217555055996,1.0,0.7,0.5,1.0,78,2191.8978973714425,452455.1388328492
30,50,1.144223205860293,1.340622512319898,1.3417730599410351,1.4386580026615634,1.1811150550659144,0.1006125879278464,0.1453714295898426,1.0,0.7,0.5,1.0,79,1738.755483197445,409167.3072296907
30,51,1.144240820792467,1.3324574407345715,1.3332989144757024,1.4393722544737622,1.1613845398086375,0.10059250975388134,0.14563885954050151,1.0,0.7,0.5,1.0,81,1743.3119665713637,410514.010179932
30,52,1.1686134755706887,1.3457607496510704,1.3461845673093484,1.4620973558200105,1.2171514917927144,0.10266984974972333,0.1917277860923522,1.0,0.7,0.5,1.0,82,1242.1278988844908,383535.389068466
30,53,1.1686327193511679,1.3361721377581213,1.3362339084235129,1.4615943067095745,1.1890106235993043,0.10264500192469843,0.19199521604301079,1.0,0.7,0.5,1.0,84,1247.228256394693,384853.9063410516
30,54,1.1686928563167962,1.3295456823857106,1.3293556859722444,1.4637621527203226,1.1826888954547266,0.10262026731901745,0.1922744586517206,1.0,0.7,0.5,1.0,86,1253.643807381104,386184.3234263699
30,55,1.1704207632918742,1.3258502050170113,1.3254561181222984,1.47279677251612,1.1936224269636282,0.10248383145231983,0.19601615421765428,1.0,0.7,0.5,1.0,87,1744.1974831383536,408776.903438488
30,56,1.1548973443700774,1.3104666457698642,1.312149927054093,1.456571225801875,1.155995982633547,0.10252198177385441,0.16493622107087125,1.0,0.7,0.5,1.0,90,1261.4445893503475,386377.7217290996
30,57,1.152779937223905,1.3056857804682915,1.3031245778891578,1.454096819789136,1.1522071766240554,0.1168978784383482,0.1405754998274635,1.0,0.7,0.5,1.0,91,1338.7836393674588,379614.487103949
30,58,1.1668790365307353,1.320837343463221,1.3224600464644196,1.4916743498828513,1.1697204933436305,0.11701398469695416,0.16863760290935453,1.0,0.7,0.5,1.0,93,1340.1423658984015,379718.9326823741
30,59,1.1441627998278534,1.296161534347552,1.2977105315556043,1.45084335817231,1.146412697235251,0.10041112963526808,0.14648131860539232,1.0,0.7,0.5,1.0,96,1398.555890300909,381582.4360592917
30,60,1.1307128958129935,1.272924835126805,1.2782503687732882,1.5187542465254404,1.141155639471206,0.10019842144812836,0.12006936296444812,1.0,0.7,0.5,1.0,101,1346.414433302298,397987.6237323415
30,61,1.1308551871631267,1.2684636889451633,1.2736162733016287,1.5274078788069738,1.1371161499477467,0.10020940308601364,0.12040300665296977,1.0,0.7,0.5,1.0,104,1319.9421151558645,398936.8265088822
30,62,1.1565629371900261,1.2896722172694615,1.294655835544583,1.502653305278687,1.1593924612971547,0.10037619881064348,0.17164511902126506,1.0,0.7,0.5,1.0,110,1346.9488863543977,398395.2005735759
30,63,1.1578321271644954,1.2890170174038094,1.2918560888092294,1.5073209327952526,1.1599908051020298,0.10038670827868741,0.17417655745512145,1.0,0.7,0.5,1.0,111,1493.497264873038,411540.3503094624
30,64,1.156320186617365,1.284851454077193,1.2896631792922635,1.5067234187355316,1.1734198961720363,0.10035937978140227,0.17124157837015458,1.0,0.7,0.5,1.0,112,1353.211152889132,398279.72880630137
30,65,1.156479414860161,1.2848731687085784,1.2896797360250032,1.5109781265689888,1.1566385759868267,0.10033690611075068,0.17159321179469605,1.0,0.7,0.5,1.0,113,1351.629474342344,398387.3821581439
30,66,1.1564670031053084,1.2842546517047195,1.2890384638964352,1.5062023231180337,1.1586961190761893,0.10031578786402529,0.17160547777037988,1.0,0.7,0.5,1.0,114,1362.125299111431,399624.4463887682
30,67,1.156702551719992,1.2840347212447805,1.288801437477963,1.5144667903947888,1.158270601879798,0.10032988330962664,0.1720624663451092,1.0,0.7,0.5,1.0,115,1368.0423291105071,399870.4013863695
30,68,1.1434006990797911,1.2708373210802262,1.2776802301972006,1.5216514020300256,1.1483536973221329,0.10055131350686905,0.1451637181869559,1.0,0.7,0.5,1.0,116,1460.5166383151443,407380.3855787402
30,69,1.1580837015887084,1.2853491333540532,1.292185611192319,1.5103732349511871,1.1584097250953056,0.10050382722786147,0.17459829156655404,1.0,0.7,0.5,1.0,117,1417.4827054559614,408043.7571779575
30,70,1.1579292654263051,1.2818434791651137,1.2885541904235704,1.519862983012326,1.172301059124885,0.10048025010174204,0.17436247509658176,1.0,0.7,0.5,1.0,118,1448.5889700271182,408550.2669044965
30,71,1.1569189454516025,1.2781945602542173,1.2827339803080495,1.5176628416987656,1.1593929357336472,0.10050211596787353,0.1723264540848365,1.0,0.7,0.5,1.0,120,1382.7125922882117,409049.6817486838
30,72,1.1430498991374065,1.2641889495858285,1.268723245472655,1.508182527381284,1.1432511111168089,0.1005202726160171,0.1445645291340167,1.0,0.7,0.5,1.0,121,1406.4643642783874,409068.4732562669
30,73,1.1431727043466817,1.2638355884093568,1.2683520307920217,1.5078734266004874,1.1438196172573027,0.10047624504484076,0.14487726420778652,1.0,0.7,0.5,1.0,123,1416.1771254875378,410440.10544440086
30,74,1.1430797618703272,1.2654079505203104,1.2741314264464696,1.5198498494642076,1.1470470169118145,0.10054526879436292,0.14460608316965864,1.0,0.7,0.5,1.0,124,1416.9912357054704,409370.8985053369
30,75,1.1413403324646532,1.2549757180832772,1.25715619586571,1.522178757696632,1.1617191025187488,0.10050231704158889,0.14123975672994996,1.0,0.7,0.5,1.0,125,1289.9066237201555,401983.4112963504
30,76,1.1414359854019476,1.254292625093064,1.2564438782518441,1.5343417075399748,1.1445289819002358,0.10043646712054717,0.14153174540826072,1.0,0.7,0.5,1.0,126,1292.5468351476986,402006.2679012012
30,77,1.141434073780707,1.2565666432002853,1.262947902866659,1.5429332223051306,1.1427196805211786,0.10053572751559918,0.1413929801843218,1.0,0.7,0.5,1.0,127,1282.6111688647063,402250.6113694077
30,78,1.1415530678435521,1.2536319324384848,1.2557540060780341,1.5422789011540228,1.1430958940539955,0.10045230334933766,0.1417523918581153,1.0,0.7,0.5,1.0,128,1295.0936625082954,401937.18353921786
30,79,1.140819878746246,1.2491281100137632,1.2511088254135028,1.482648475424526,1.148713641723559,0.10086473357433681,0.13974782895886792,1.0,0.7,0.5,1.0,130,1498.2962046742805,396977.3012239394
30,80,1.1410954303365184,1.2485199724335287,1.2504675100425178,1.482120668970596,1.142693249049223,0.10084211380737824,0.14033959746986385,1.0,0.7,0.5,1.0,132,1542.8398448419423,399149.9963093679
30,81,1.1423488471479666,1.2496154065500669,1.2515570189390615,1.5549559992293915,1.1427073425773018,0.10057329946749852,0.14322437744434754,1.0,0.7,0.5,1.0,133,1392.905308027407,405367.29279904894
30,82,1.1313975618283663,1.2381884078901926,1.2401121819471081,1.5534982085683864,1.1331680382961358,0.10035681936470801,0.12162973184515176,1.0,0.7,0.5,1.0,134,1309.2904678850043,402533.32459547895
30,83,1.1406115931402032,1.2408405169412022,1.2425182927616039,1.5008607178515252,1.1691845078771226,0.10083424070289879,0.13945369564488594,1.0,0.7,0.5,1.0,135,1462.353567844035,397026.5272785052
30,84,1.1406118280325157,1.2401081331360404,1.2417584489020734,1.495952184923464,1.143545853126147,0.10089593940516076,0.13937472135824208,1.0,0.7,0.5,1.0,136,1469.9022975974074,395338.73233893095
30,85,1.1407166341201473,1.2379744978263334,1.2395409173461205,1.4984845412150043,1.1502729574204944,0.1008510796632243,0.13966794410443176,1.0,0.7,0.5,1.0,137,1478.2350376641557,396640.7007108671
30,86,1.1405499498696279,1.2367714135839258,1.2382990171860515,1.505696263699126,1.1448281068997308,0.1008557273805468,0.1393375505807446,1.0,0.7,0.5,1.0,138,1474.6327575286898,395323.7314918997
30,87,1.1405499498697678,1.2367714135839258,1.2382990171860515,1.505696263699126,1.1402678701781894,0.1008557273805468,0.13933755058074462,1.0,0.7,0.5,1.0,139,1474.632758552242,395323.7315195905
30,88,1.1406027639409415,1.2366807980627461,1.238203000373855,1.5098737487532157,1.1409520166590996,0.10084696071565431,0.1394567567504721,1.0,0.7,0.5,1.0,140,1472.6420829792016,395428.3625024197
30,89,1.140682135612918,1.23490021595447,1.2363527354984025,1.5167855057775248,1.144500889102795,0.1008349467019086,0.1396490640671957,1.0,0.7,0.5,1.0,142,1464.9574297622958,395618.3111007381
30,90,1.140740706895006,1.2319398076922239,1.235351597753534,1.5561746088242103,1.1596210130254732,0.10068737787235156,0.14001075139043423,1.0,0.7,0.5,1.0,143,1468.0260708004755,394840.9115005813
30,91,1.141292774406952,1.227748969867021,1.2289106649217136,1.5571948325901372,1.1485571689852438,0.10080473392695546,0.14097920816158852,1.0,0.7,0.5,1.0,145,1505.790850093059,395855.0873500692
30,92,1.1412408704028232,1.2258868588546128,1.2269807589626018,1.5682802039239288,1.143666510572887,0.10076320621039998,0.14094834835262915,1.0,0.7,0.5,1.0,148,1514.039617870859,395976.0820499882
30,93,1.141131601660728,1.2252481978978054,1.2263222709609118,1.5804550568624567,1.143227747091139,0.10080679868363655,0.140673051924361,1.0,0.7,0.5,1.0,149,1514.6095680982835,394612.04552681657
30,94,1.1412282191220706,1.2260464629880874,1.2292191946551352,1.5894972529425893,1.1437445352230338,0.10080642708438683,0.14087181485718253,1.0,0.7,0.5,1.0,150,1495.109155540776,394339.1311178195
30,95,1.1411953803360553,1.2238137820387576,1.2269041348371714,1.5831915585539287,1.1506470120667045,0.10079791547576451,0.14083545082339305,1.0,0.7,0.5,1.0,151,1524.956065362422,395688.5492027315
30,96,1.141188319997256,1.223519880806794,1.2265994900893222,1.5872139418467524,1.142231443918803,0.10080404945712691,0.1408149834821343,1.0,0.7,0.5,1.0,152,1520.511881863976,395542.1115961186
30,97,1.1412699967760211,1.2220837771863844,1.2251065495992466,1.5945037190913005,1.1443948577335423,0.10080115472312516,0.14099413963438232,1.0,0.7,0.5,1.0,154,1516.6594525934845,395767.8817114301
30,98,1.1412258206275114,1.2231219865813223,1.2282576662125442,1.6037399635854386,1.1420925073495363,0.10078722406336019,0.14092717146845618,1.0,0.7,0.5,1.0,155,1509.0101837772288,395481.0279698169
30,99,1.1400346563048107,1.2195937132542045,1.2225694959576818,1.5964241109531285,1.1442661084196455,0.10051263635812999,0.1389369612997414,1.0,0.7,0.5,1.0,156,1529.7521337461565,395162.61202449433
30,100,1.137188680862929,1.217446933513122,1.2245936604401866,1.6099898896874096,1.1455855031248052,0.10089817647115085,0.13271994054505387,1.0,0.7,0.5,1.0,157,1347.0332948875755,379151.0370023557
30,101,1.1376710021472793,1.217678773614619,1.224816110645631,1.610253744243989,1.1377511478890796,0.10105255829581043,0.13347033500174588,1.0,0.7,0.5,1.0,161,1340.8971854849242,379308.5056342427
30,102,1.1367889558192057,1.2153807251746462,1.222465055361138,1.6210562766001853,1.1428183728435035,0.10095541676703253,0.13185266469534995,1.0,0.7,0.5,1.0,162,1348.1113712539188,378717.8830445846
30,103,1.136460279664734,1.214594766163381,1.2216619669622888,1.634277970170883,1.1382645585188373,0.10093627788477662,0.13122542043730667,1.0,0.7,0.5,1.0,163,1369.2154511145288,378739.62556859583
30,104,1.1286254569989194,1.202166061332845,1.2069888607122454,1.618188212820804,1.1428853229581375,0.10067194886449901,0.1159493509830927,1.0,0.7,0.5,1.0,164,1337.16743416147,377333.10479256784
30,105,1.1289725646770319,1.2025469021990731,1.2094433813245427,1.627051097677033,1.1316417457418215,0.10076149804634896,0.11652725335818333,1.0,0.7,0.5,1.0,166,1328.8973515851053,377467.5940824972
30,106,1.1408380484423717,1.217884891235943,1.2311286113873887,1.6935644133966539,1.1412020404222472,0.10097248934274194,0.13996622928920882,1.0,0.7,0.5,1.0,170,1430.2501839153329,378002.8803290242
30,107,1.1300134452936748,1.1994939219058534,1.2062371526434652,1.664677739223151,1.1337912953221878,0.10067736876170408,0.11875453934023246,1.0,0.7,0.5,1.0,174,1293.4645118839303,378914.8716100212
30,108,1.1287458988424741,1.1978426023565647,1.2045714682219926,1.6750059691974828,1.1294317665003386,0.10084547857730279,0.11598665778883735,1.0,0.7,0.5,1.0,176,1284.7829765180893,378118.9591367429
30,109,1.1287055298866135,1.196031904234842,1.2026945011216632,1.6921192975203836,1.1311517428822364,0.10043119327023249,0.11649760790483621,1.0,0.7,0.5,1.0,179,1399.5623276169656,378836.3987360472
30,110,1.1291360693329002,1.1945076456143167,1.2010970857781245,1.6850899312228869,1.1375415698228413,0.10043262906132615,0.1173692526524716,1.0,0.7,0.5,1.0,180,1372.7438906333325,377471.6288097796
30,111,1.1288701150164135,1.195663517867262,1.2064510217985045,1.7126339358834402,1.131614135671808,0.10067223806658454,0.11651024527757985,1.0,0.7,0.5,1.0,182,1363.2828927628643,377640.8512659441
30,112,1.1289025381282105,1.1924436314254618,1.2031094399080566,1.7052862888506974,1.1426981705162427,0.10060004052281586,0.11669586439287165,1.0,0.7,0.5,1.0,183,1374.1246970550003,377500.9404981736
30,113,1.1291263714141855,1.1922924423258623,1.2029441984982223,1.7140091770469317,1.1306670110036412,0.10067506144358611,0.11704082630719632,1.0,0.7,0.5,1.0,184,1364.8963338185902,377644.0020504971
30,114,1.1287864280148663,1.1890455000361733,1.199588496866239,1.7286967708650072,1.1414079063984923,0.10066161294165603,0.11639717933965013,1.0,0.7,0.5,1.0,185,1333.7846667034398,378257.57503339497
30,115,1.1290062691117657,1.1867276384735392,1.1971756941589535,1.7222139595336794,1.1400354978830212,0.1005857246741632,0.11695791991423905,1.0,0.7,0.5,1.0,186,1371.3893739259263,377680.11256595457
30,116,1.1292608123359669,1.185941876427949,1.1963510256842698,1.7259447753959378,1.1337156963946373,0.10064262041781558,0.11739331724586437,1.0,0.7,0.5,1.0,187,1352.4993779402887,378646.6718246352
30,117,1.1297677824544383,1.1878007185323656,1.202405281617309,1.788712088462046,1.1301340575858543,0.10045369619736726,0.11867913369359336,1.0,0.7,0.5,1.0,199,1382.0833570517468,378813.82238887605
