Run,Equation_Index,Hybrid_MSE_Train,Hybrid_AIC_Train,Hybrid_BIC_Train,Hybrid_MDL_Train,Hybrid_PSM_Train,Extrapolation_Divergence,Sensitivity_Interpolation,Sensitivity_Extrapolation,Lambda1,Lambda2,Lambda3,Complexity,MSE_Test_Interpolation,MSE_Test_Extrapolation
1,0,0.871215746469741,0.8312552169956254,0.8249598445385407,0.47404566020169053,0.0,0.0,0.0,0.0,0.1,1.0,0.2,1,10286.624177713587,158278.9699778364
1,1,1.7519383614759432,2.008171958222475,1.9984643009952685,1.657560412084243,1.4220582079500819,0.12828101628117744,1.0,1.0,0.1,1.0,0.2,2,11427.059340302818,161249.52647437155
1,2,1.6943403797798238,2.055565007993368,2.044373347623069,1.715397803651751,1.3454331685151555,1.0,1.0,1.0,0.1,1.0,0.2,5,11151.08105462072,33309737.99954164
1,3,1.0501648874662595,1.5524350147011867,1.5416645386061842,1.2343897632712304,1.3078760478164395,0.10365018004061122,0.6863261885648526,1.0,0.1,1.0,0.2,6,2149.4440052956274,43591.50640074312
1,4,1.2662498599842091,1.7674437569810157,1.7550521928536396,1.469603184168582,1.4318792743311461,0.1070866752768013,1.0,1.0,0.1,1.0,0.2,8,1602.463686924459,26487.14000757375
1,5,1.1640318541498793,1.6583723838415612,1.6454698139091704,1.3617958718052312,1.172499617856995,0.10707660986201786,0.9046280709939865,1.0,0.1,1.0,0.2,9,1113.605029891313,23934.41692252201
1,6,0.5957751582515172,1.046472802049735,1.0330983989022364,0.7701812525184746,0.8761987185487223,0.10943276106252935,0.36069803234520414,1.0,0.1,1.0,0.2,10,261.05886586369587,18140.84416516063
1,7,0.6294643355801673,1.0657416181228696,1.0475556442176635,0.7834417929175388,0.6420607691369076,0.10974481742246475,0.3977973476941867,1.0,0.1,1.0,0.2,12,804.2788151999499,40989.641696839855
1,8,0.5294870533870977,0.9637628185038436,0.9454826729775743,0.6863584431335938,0.5148454129437494,0.10947419541243153,0.2983694948856891,1.0,0.1,1.0,0.2,14,812.007567273187,41224.99079373278
1,9,0.665783131207579,1.0868336088487498,1.0741330125789514,0.8297487304325353,0.6956770954373822,0.1050737626208641,0.43898820578175163,1.0,0.1,1.0,0.2,16,575.9555698534022,12461.227427205577
1,10,0.6071615000941847,1.0059174741411026,0.9943089058726027,0.7681784383911499,0.6251163987243513,0.1050673062957587,0.384355498639266,1.0,0.1,1.0,0.2,20,531.5980440429088,8434.067362305748
1,11,0.5147411368500472,0.8770118715166295,0.8638854135631446,0.6519699072031846,0.5962425930094266,0.10424601444792518,0.29621895053511577,1.0,0.1,1.0,0.2,22,584.2715181412958,6892.8928143255125
1,12,0.5035542474429339,0.848017235897141,0.834172771641184,0.6314715053171005,0.5386020986987798,0.10473554962982694,0.2864223916871714,1.0,0.1,1.0,0.2,24,550.1115604664066,6306.17332446121
1,13,0.48131012905753245,0.8025608448842119,0.7898643089144932,0.6005065963880669,0.5333239952063671,0.10564753131378912,0.2656601368194928,1.0,0.1,1.0,0.2,26,469.64364409541344,6574.683707900798
1,14,0.5375964829043804,0.8543302758860829,0.841456076114319,0.6713706309170374,0.5536168431226589,0.10596340510985743,0.3221603402276894,1.0,0.1,1.0,0.2,27,265.54922018841006,7442.874214494483
1,15,0.4814005641343432,0.7842636054855665,0.7729168251446998,0.6153796883083006,0.5122087880248274,0.10381702570795251,0.26994016778128793,0.9848996008464385,0.1,1.0,0.2,29,460.5429291724453,5187.1709011385055
1,16,0.46560279616267675,0.7670180537781416,0.7556145897511368,0.6052520114530257,0.46528274997664265,0.10465479073573361,0.2602605725716969,0.9542495670608917,0.1,1.0,0.2,31,441.6534957443611,6164.610997686485
1,17,0.5103016362075063,0.8086419547605261,0.7991895253922581,0.6586790336559047,0.5258419191537804,0.10482932786897377,0.2959743111941243,1.0,0.1,1.0,0.2,32,375.108214039359,8242.151996789195
1,18,0.4592214301034989,0.7530443014059666,0.7413456583304202,0.6024333171549664,0.47079720333618724,0.10469187273691882,0.2568740174674492,0.9408602565660091,0.1,1.0,0.2,33,429.9647283058075,6022.958989457219
1,19,0.5068710548081541,0.7991859164071782,0.791570221842534,0.6731797007589695,0.5093777336199055,0.10481920247008525,0.29284106786829733,1.0,0.1,1.0,0.2,36,381.1814466261596,7974.155222302194
1,20,0.3814649031395857,0.6631364797473692,0.6468259476452123,0.5126469268617583,0.3902421039037854,0.10645804804699202,0.20294836002163966,0.822618649449705,0.1,1.0,0.2,38,475.14779107922175,6020.193991531305
1,21,0.4769748355878789,0.7501612459402403,0.7335230066586653,0.597400496762817,0.5127055158071967,0.1068698092747363,0.2632400201015792,1.0,0.1,1.0,0.2,39,465.34484020068857,9440.263989288327
1,22,0.48248073269843256,0.7377894975011028,0.7204641116890316,0.5934522741089439,0.5201639589787534,0.10680117876151132,0.26929429131714244,1.0,0.1,1.0,0.2,41,405.9479462656321,7461.943895662888
1,23,0.48160826196003115,0.7308577183863629,0.7133002155101056,0.597082815462993,0.49288484317972,0.10679690377608138,0.2685842658453853,1.0,0.1,1.0,0.2,43,375.4818255992956,7183.344706892895
1,24,0.4807811716318001,0.7247943266182797,0.7070365595958572,0.5981811114591015,0.4903240323439349,0.10679261074753577,0.2678895202326722,1.0,0.1,1.0,0.2,45,346.75881560812775,6916.645330855716
1,25,0.49418428819960725,0.7369155744896005,0.7211802205953866,0.6379569977156527,0.5037398187913236,0.1074422985798903,0.28129073962842377,1.0,0.1,1.0,0.2,46,377.5203890609821,8230.190318264858
1,26,0.4913892845724087,0.7301253244962851,0.7142374311587085,0.6421398593431555,0.4982882028591177,0.10749910765940171,0.2785833413884916,1.0,0.1,1.0,0.2,48,369.33173413673904,8013.847901537985
1,27,0.4918116291486187,0.7269388640516152,0.7109133146754756,0.6428379829479784,0.4979160192330325,0.10747446365722571,0.2790890906268546,1.0,0.1,1.0,0.2,50,372.97486824512026,8251.646590563685
1,28,0.4909434110319426,0.7231485047628912,0.7070115328332136,0.6499132634294991,0.49557178382373956,0.107471559694674,0.27828451944351534,1.0,0.1,1.0,0.2,52,344.18736390039885,7976.457144598159
1,29,0.49227003832416055,0.7243055836002097,0.7081622377516728,0.6546104466032658,0.4911205898343233,0.10745680885351164,0.2796162390371865,1.0,0.1,1.0,0.2,53,348.9512392484472,8041.0892180529745
1,30,0.49140577787298173,0.720677263179843,0.7044286487139928,0.654780844383408,0.5019132052947048,0.10744703456612943,0.2788109901706404,1.0,0.1,1.0,0.2,54,348.1895504843878,8219.758979304483
1,31,0.4905614025966136,0.7171497544992564,0.7007989902103879,0.6585718778114471,0.4947642925808801,0.10744407531391069,0.27802169884634426,1.0,0.1,1.0,0.2,56,320.53660638812585,7950.396880738066
1,32,0.4796192745984794,0.6998322274883939,0.6832389602858238,0.6291883229880169,0.49218095389362587,0.10748371392481379,0.26719973337892977,1.0,0.1,1.0,0.2,58,310.2269707501366,14147.796466003902
1,33,0.47653899642946534,0.6944669919370816,0.677786908587098,0.6508469460649144,0.47745844431064466,0.10698616694398651,0.2642117206803306,1.0,0.1,1.0,0.2,62,255.6430913755837,7338.707077775545
1,34,0.46415337418190583,0.681801379948975,0.68168436080984,0.72682947571754,0.46596329891270416,0.11374246534254959,0.2513405173226913,1.0,0.1,1.0,0.2,77,1021.5917873519608,9749.206007293868
1,35,0.46144341525137256,0.6690066204236231,0.6685075094914448,0.7269896372885076,0.5052233159062833,0.11382452909703619,0.24878016928827024,1.0,0.1,1.0,0.2,78,821.5340561066191,8745.243536839513
1,36,0.4586992143227008,0.6605549335559746,0.659839823023118,0.7150701848048229,0.4830462608683051,0.1138337131550982,0.24611753548237852,1.0,0.1,1.0,0.2,79,820.0922622263712,8509.148891515299
1,37,0.45356011395806944,0.6547977124089945,0.6540592116584585,0.7172617102879628,0.45512104673846887,0.11380566320679537,0.24098983729066034,1.0,0.1,1.0,0.2,80,837.1423913126135,8478.132442885637
1,38,0.45990979761812023,0.6574931747242536,0.6586884700646443,0.7311908862983847,0.48034615523785756,0.114050974278545,0.24738052916474743,1.0,0.1,1.0,0.2,81,758.263251582437,8472.410755215125
1,39,0.45722091934389203,0.6510859843606178,0.6521407841944002,0.7251642889436916,0.46440490176353216,0.1140615484646977,0.2447386651335856,1.0,0.1,1.0,0.2,83,764.2396632278175,8278.261862189907
1,40,0.45731548970402963,0.6480067224873025,0.6510135959447032,0.725186329285769,0.4662633295562137,0.11398592192602383,0.2448964348148183,1.0,0.1,1.0,0.2,85,772.9378900243977,8465.54816663752
1,41,0.45084936565545114,0.6412110455837583,0.6442054854968084,0.7427909938610668,0.4505634624329146,0.11394922038362951,0.23843795932754785,1.0,0.1,1.0,0.2,87,795.4212364902066,8428.077984822608
1,42,0.4570732390163004,0.6459817061437243,0.6489212708591061,0.7517750828319705,0.45929435599925295,0.11400447417461068,0.2446736862582522,1.0,0.1,1.0,0.2,89,719.465542531803,8467.779876659371
1,43,0.45528203231140185,0.6398971456441973,0.6447466720476772,0.8147030933024733,0.45642303473151336,0.1152369201091703,0.2428240661962128,1.0,0.1,1.0,0.2,101,799.2798168614581,26407.47935432817
1,44,0.45528174409317784,0.6411984198478458,0.64816912485038,0.8531466225673332,0.4543760206581322,0.11523692010917037,0.24282406619621172,1.0,0.1,1.0,0.2,105,804.2589964566322,26443.11102438246
1,45,0.45602784176955324,0.6426956841792102,0.6538387541858557,0.8606181691484631,0.4593305713188092,0.11511065834354184,0.24360390643262533,1.0,0.1,1.0,0.2,107,809.6929880879884,25614.4243343959
1,46,0.4208573591543125,0.6027172803793901,0.6116070352809664,0.834970489075866,0.4238343380834169,0.11511608947672117,0.2084704388280932,1.0,0.1,1.0,0.2,111,831.9769690831102,25896.778002402647
1,47,0.42030138298157743,0.6031639566282166,0.614163531399142,0.851392751897246,0.420148210416034,0.11511478861957063,0.2079180286005921,1.0,0.1,1.0,0.2,113,816.8365575446666,25560.267805180123
1,48,1.2121701061047279,1.3927500824787935,1.401591565809674,1.6545028427218502,1.2117797526180054,0.11308306306949163,1.0,1.0,0.1,1.0,0.2,122,755.6613302643258,17347.636948770563
1,49,1.2121513755459157,1.3911265860969662,1.3999075753772399,1.6611854298675623,1.2148798046677112,0.11306329229286649,1.0,1.0,0.1,1.0,0.2,124,759.4304375471365,17786.11069787879
1,50,0.4435477525050069,0.620891457498973,0.6296109477979872,0.9111136695454379,0.44630584604880275,0.11167571715111643,0.2514411278919565,0.9005527607241899,0.1,1.0,0.2,126,681.0302917994343,18538.745607075933
1,51,0.4468383993139271,0.6161756547296279,0.626665694674257,0.9405775308675347,0.48736368991123424,0.11165886711356272,0.25277322794849494,0.9108041601893742,0.1,1.0,0.2,127,689.2223023278217,21560.368116979487
1,52,1.1513567756224146,1.3164093063642233,1.3288101802032832,1.650563483390186,1.163070515078534,0.1117483214893128,0.9574963496320423,0.909986551465216,0.1,1.0,0.2,129,714.7311400620987,21614.26331264874
1,53,0.4475946327884544,0.60790343452812,0.615981537830731,0.9237349878010017,0.45153706620733824,0.11168223657807841,0.2534883905837827,0.9113383858511275,0.1,1.0,0.2,131,697.520806808772,21104.763856838286
1,54,1.1931093233956467,1.3534668414715363,1.36569107640247,1.6775659410373887,1.1982152183033539,0.11171878483139072,1.0,0.9064448200146256,0.1,1.0,0.2,133,690.606319061827,21720.660209336595
1,55,0.8526131494929269,1.0095265925415473,1.019549126077392,1.3578912322501473,0.8613305550177919,0.11177756702886954,0.658981732442628,0.9091125702278156,0.1,1.0,0.2,134,698.7462052450098,22292.727297837435
1,56,1.2116855611149933,1.363723514770095,1.3839237853635586,1.836478106658352,1.2141311481142534,0.11142400424892743,1.0,1.0,0.1,1.0,0.2,151,636.1082280310703,19020.237885662027
1,57,1.211619965782654,1.3530712184110751,1.3708015499985458,1.809078832384075,1.2519810779501894,0.11140461267160824,1.0,1.0,0.1,1.0,0.2,152,649.8108362235711,19116.127675067342
1,58,1.2116188434785131,1.3542953517894942,1.3741439528675756,1.8494163454119408,1.211288388663092,0.11139999416794419,1.0,1.0,0.1,1.0,0.2,155,654.9193266735008,19718.07460839653
1,59,1.2116132136907372,1.3530164675326517,1.3728172589862129,1.839693478569136,1.216761125924709,0.1114266265427287,1.0,1.0,0.1,1.0,0.2,156,660.5139928052162,19010.06196992295
1,60,1.211606700655056,1.3501926790539251,1.369887702219704,1.8500076311027913,1.2235667177812082,0.1115409243578758,1.0,1.0,0.1,1.0,0.2,157,690.5714690058016,19371.84903533944
1,61,1.2116088605591981,1.352890478161469,1.3789035068527313,1.9458394994525545,1.2114977415137758,0.11164279297038919,1.0,1.0,0.1,1.0,0.2,174,660.1484965818973,19524.96141752148
1,62,1.211613538228928,1.3527489415772505,1.3787564815509499,1.9543531319902374,1.2118150599642503,0.11169862647689051,1.0,1.0,0.1,1.0,0.2,175,681.0237050878505,19302.12113134041
2,0,0.4813338179857977,0.7681299901840379,0.7594796628731127,0.4169201092736187,0.0,0.0,0.0,0.0,0.1,1.0,0.2,1,22969.17131771125,128048.94307720996
2,1,0.4796841795824958,0.7677860082217846,0.7591228554725568,0.4182656292067485,0.0007482182416398234,0.0,0.0,0.0,0.1,1.0,0.2,3,22982.411558226275,120405.70483524496
2,2,1.3022328178528062,1.6759386046893756,1.6671738368137108,1.3370138054024898,0.9995789395059946,0.11564323775222218,0.6993123408696587,1.0,0.1,1.0,0.2,4,10078.72090323426,78912.1343973389
2,3,1.4981154985452123,1.9412817855821178,1.9332401412053866,1.6163810580348574,1.3494955097941417,0.12391987365290824,1.0,1.0,0.1,1.0,0.2,5,8805.809126726605,57724.79927382822
2,4,1.2398504853317545,1.7028539724788654,1.6880357417044312,1.4081687877145295,2.211166471585189,0.11166471585188839,1.0,1.0,0.1,1.0,0.2,6,764.0981457059149,20486.942948758235
2,5,1.239635835291973,1.7007021781306884,1.683731133266743,1.3982659683602414,1.2144157204740995,0.11166063244925792,1.0,1.0,0.1,1.0,0.2,7,756.8293375660895,20425.887198448843
2,6,1.2362539259933738,1.687306551282334,1.6698360395084182,1.387001156188096,1.2658131533117385,0.11158026416897937,1.0,1.0,0.1,1.0,0.2,8,630.7485773659342,19263.55375076328
2,7,1.070097445132464,1.5153305114245035,1.4996310031729563,1.234364055897409,1.0881956551067817,0.11158728993956471,0.8361065096253469,1.0,0.1,1.0,0.2,9,500.83386864079455,12105.163830870382
2,8,1.077354795950435,1.5152562195301555,1.4991859254532525,1.2291809845514863,1.109584270081654,0.11240939111645491,0.845888704534943,1.0,0.1,1.0,0.2,10,270.7205936652667,9942.354626126946
2,9,1.07369124686608,1.494784512998453,1.4800231719878187,1.2166358279111362,1.1002993414192384,0.11240939111645491,0.8458887045349401,1.0,0.1,1.0,0.2,12,149.1908695765097,9477.278531549826
2,10,0.7914547708315838,1.2109918008655363,1.1961607046650304,0.9405897802851519,0.7792932155524999,0.11241397364882752,0.563962644908102,1.0,0.1,1.0,0.2,14,145.39726070352154,9320.097054185908
2,11,1.0726008419147763,1.4908196547913766,1.4759297334792216,1.2295588601328813,1.0601181072536827,0.11077490661744585,0.8455345676128584,1.0,0.1,1.0,0.2,16,176.3296054569292,9492.71558780755
2,12,1.1370001603751996,1.5541913334239703,1.5413189975802382,1.305581507054629,1.1336295990342953,0.11287958674532732,0.9101682737922305,1.0,0.1,1.0,0.2,17,85.35215990816467,9410.124618498305
2,13,1.0524631812190326,1.4638461853311109,1.4507168052513395,1.219106566718663,1.053565250800435,0.11242031352954715,0.8267597910716772,1.0,0.1,1.0,0.2,19,68.75962024454924,9419.357191348305
2,14,1.2246223638999802,1.6297763808937369,1.6143111489747874,1.38677522970372,1.2363970934647002,0.10989157109693175,1.0,1.0,0.1,1.0,0.2,20,264.76804346275105,10711.576822910822
2,15,1.2239340544018953,1.6169867616778204,1.6010042570632255,1.3790057280590229,1.2716183232619998,0.1206291832020642,1.0,1.0,0.1,1.0,0.2,21,256.071959041618,2578811.553385981
2,16,1.1682916302275532,1.5092283191586098,1.493173911042204,1.284265254413377,1.2905484709453072,0.11815469096940816,0.9499748250430977,1.0,0.1,1.0,0.2,23,195.4020730431737,2496517.703707229
2,17,0.9173536198484049,1.2544593623614435,1.238251936582297,1.0386572988781992,0.9201544422283203,0.11828249201186165,0.6992947044315894,1.0,0.1,1.0,0.2,25,200.0383086831805,2489470.538080929
2,18,0.9022924832252275,1.223766258612445,1.2110784682752667,1.0427715701482543,0.9255153866138666,0.11857251200047406,0.6853375471648155,1.0,0.1,1.0,0.2,28,158.76668335359963,2489931.9475663924
2,19,0.9021680177230318,1.21932121864946,1.2064634776502563,1.0458209845663302,0.9072843256606666,0.1186032764079858,0.6854456120039278,1.0,0.1,1.0,0.2,30,145.01643448782517,2491481.163699562
2,20,1.1666612562697174,1.4798679403547537,1.4647849581400811,1.308020389594621,1.16409741391643,0.12570139101277936,0.9493757941811062,1.0,0.1,1.0,0.2,36,84.73656511793459,4030471.1398884966
2,21,1.1639398678154997,1.476769127378366,1.4637417171363902,1.31334959260058,1.166339997821248,0.1254135803768914,0.9467613803925923,1.0,0.1,1.0,0.2,37,80.55414186588344,3928505.354504824
2,22,1.1630702901187506,1.4706293063615483,1.4573955626563113,1.3113422104798644,1.1829328032097377,0.12543220130830718,0.9461498189753661,1.0,0.1,1.0,0.2,38,79.12742994596788,3924633.9277733406
2,23,1.1629099908340124,1.4561240513252123,1.4423314238445142,1.3054859074472855,1.1919891236813054,0.12539445467424087,0.9466286477414402,1.0,0.1,1.0,0.2,40,71.0827181837418,3928437.848496521
2,24,1.1579936131741164,1.4245776205901692,1.4118273272466044,1.27807851660985,1.28194736353231,0.12486766561197712,0.9427511547879719,1.0,0.1,1.0,0.2,41,81.34344864429465,3754460.865751624
2,25,1.153670260706699,1.419440307407574,1.4066587523197727,1.2803083082648181,1.152775181009179,0.12498649969797812,0.9384404446097119,1.0,0.1,1.0,0.2,43,90.6533062751404,3750516.699728715
2,26,1.1441063221338237,1.407956819987221,1.3951015071176653,1.2799477954737355,1.1500896538610934,0.1245624752134528,0.9289759192032989,1.0,0.1,1.0,0.2,44,95.23201255397656,2317586.0229312214
2,27,1.1217196896333135,1.3645517382486059,1.3529629905961442,1.2476946495199763,1.170076872300511,0.12502512229717183,0.907130261274974,1.0,0.1,1.0,0.2,46,80.37899073401375,2312804.382344449
2,28,1.1224570281081232,1.3609147358936278,1.3491590761336658,1.2519049067926529,1.130390836941589,0.12498318069945431,0.9079721350635422,1.0,0.1,1.0,0.2,48,78.02617973288083,2317884.365142873
2,29,1.1107899440447373,1.341770658511094,1.3318017535052744,1.2388985959982455,1.1476758605267625,0.1253265416210675,0.896453720290206,1.0,0.1,1.0,0.2,49,103.6702284870032,2312257.5549238967
2,30,1.1102053526847058,1.3297386866492216,1.3193345225514188,1.2430467602472997,1.1257277189639698,0.1253008323744536,0.8960907033511744,1.0,0.1,1.0,0.2,52,103.55220298479271,2321919.217882198
2,31,1.1129711987977329,1.3314834637916222,1.3210405824662488,1.2674031372097165,1.1123152358330837,0.12521933188529633,0.8988829081220404,1.0,0.1,1.0,0.2,57,95.28259536217696,2322253.619401275
2,32,1.134562795272114,1.3514025706010127,1.3450394423584242,1.294673356226388,1.1533659983096298,0.12524702042426575,0.9205506295092288,1.0,0.1,1.0,0.2,58,47.24857459268158,2342288.878755333
2,33,1.1351861698637633,1.3309603934860688,1.3258715279325706,1.285906741611848,1.1832020624276876,0.12490715921335771,0.921542394063444,1.0,0.1,1.0,0.2,60,31.95035657383368,2367973.6034291377
2,34,0.9800221607913151,1.172411768096387,1.1671949849803223,1.138584232773111,0.9864229924504739,0.12494965827673354,0.7664188876897399,1.0,0.1,1.0,0.2,62,34.44638387944184,2363333.936107036
2,35,1.1323059454056388,1.3241029908368729,1.3188638009826903,1.2943191848993425,1.1338299098896407,0.12448460006975233,0.9187568429014975,1.0,0.1,1.0,0.2,63,37.01900260841847,2359310.899985998
2,36,1.125227300190135,1.316726414807632,1.3135479366519394,1.2937616069852436,1.131398801795819,0.12497788934256844,0.9116498058214306,1.0,0.1,1.0,0.2,64,45.06409965642364,2351892.3256924027
2,37,1.1279518846909058,1.3096824963748792,1.3040631752985312,1.2888799331256025,1.1643619614169478,0.12459926305741147,0.9145148414401213,1.0,0.1,1.0,0.2,65,41.78899512237284,2356152.555457276
2,38,1.1215671188329839,1.2932823029008593,1.2893572405032672,1.2914186888669508,1.1458260185402223,0.12497622825389756,0.9082170471335502,1.0,0.1,1.0,0.2,67,44.90441223639053,2344087.961351537
2,39,1.1215650901691332,1.2944113430838426,1.2926010073540357,1.3146680691506236,1.1211481096977298,0.12497622825389758,0.9082170471335507,1.0,0.1,1.0,0.2,69,45.362787585662566,2343819.83393612
2,40,1.117568565155011,1.2882461328408175,1.2842819617335288,1.3112013421705226,1.1179678326705322,0.12517393205159488,0.9042094172428576,1.0,0.1,1.0,0.2,72,53.87960697244855,2351720.4801451745
2,41,1.1230460482446378,1.2922554529696688,1.2882359465089497,1.3107852050111324,1.1254678014954744,0.12495422016451423,0.9097238168465624,1.0,0.1,1.0,0.2,74,40.45036565739774,2344856.58519215
2,42,1.118307796840404,1.2880284218391642,1.2861002791719458,1.3208053396543646,1.1210989069988317,0.1250699811155925,0.9049821987863689,1.0,0.1,1.0,0.2,75,51.46929319122008,2340802.1552802688
2,43,0.9714356024229207,1.1370229825699811,1.132867066494072,1.179547166132244,0.9830585195488586,0.1252315670692603,0.758121559366068,1.0,0.1,1.0,0.2,76,44.50483600830288,2346319.7812623745
2,44,0.9714323085466161,1.1380074142266754,1.1359607787257027,1.1908262862015495,0.9713943305245123,0.1252315670692603,0.7581215593660682,1.0,0.1,1.0,0.2,78,44.68764184891281,2346132.03055254
2,45,1.213334133320406,1.3801561471822354,1.3864072422884959,1.481583030017609,1.214316288477506,0.1259439964530962,1.0,1.0,0.1,1.0,0.2,91,43.74625250816721,2343773.6123031066
2,46,1.2126663849770176,1.3580519529964854,1.3448470080553578,1.4793765362331561,1.2205032100823898,0.12010951658998317,1.0,1.0,0.1,1.0,0.2,96,679.5512807439305,12824839.538624687
2,47,1.2126534409225016,1.3581841821629272,1.3470568556772993,1.4909274959756387,1.2146045495167872,0.12007767295080571,1.0,1.0,0.1,1.0,0.2,98,701.9723487077001,12835648.199372243
2,48,1.2126701924789793,1.3558859222396116,1.3446715576652903,1.4888355398906834,1.2218571187911011,0.12042646448994972,1.0,1.0,0.1,1.0,0.2,99,693.6175142327736,12826078.9047046
2,49,1.2126157760360148,1.3546844127871973,1.3454991018938192,1.4991684555461318,1.222839139322837,0.1200776729508057,1.0,1.0,0.1,1.0,0.2,100,709.5499100663984,12837632.930726023
2,50,1.2126053305310607,1.352941440088043,1.3416187930963335,1.4981200943272974,1.2137891023278218,0.12000501977292441,1.0,1.0,0.1,1.0,0.2,101,704.1745238559167,12835050.517324004
2,51,1.2125899246763785,1.3509609808413159,1.341636663483664,1.5038720697460566,1.226543449001347,0.12010455549831556,1.0,1.0,0.1,1.0,0.2,102,729.5112918486755,12841528.663889894
2,52,1.2125884360360337,1.3507624985503313,1.3414307574572193,1.5036913681047448,1.2128788179573757,0.12010455549831553,1.0,1.0,0.1,1.0,0.2,103,730.6904175513288,12841816.179071764
2,53,1.2127084361387546,1.3468294041960154,1.337345340809637,1.5162775733357874,1.230045345790482,0.12160465973790442,1.0,1.0,0.1,1.0,0.2,104,711.2976450317823,11347259.02163041
2,54,1.2126838869720584,1.3446256347043561,1.3350596826466818,1.5223470779599955,1.2169581632374316,0.1215154606111187,1.0,1.0,0.1,1.0,0.2,106,727.6526772373264,11350506.79475388
2,55,1.2123624088756655,1.3396559027218504,1.3299153334019627,1.525896611691136,1.2221127003805659,0.11862269539564965,1.0,1.0,0.1,1.0,0.2,108,702.3081018047154,11408330.775804356
2,56,1.2125486065530513,1.339831961193266,1.3300910254231708,1.542188559989569,1.2120933815818569,0.12048535671659766,1.0,1.0,0.1,1.0,0.2,109,811.6466017030335,11356125.415296309
2,57,1.2124399498417158,1.3323491802930778,1.3181868491160775,1.523197946414856,1.232779252341244,0.1197104803492991,1.0,1.0,0.1,1.0,0.2,110,747.9686174581553,11340532.73056074
2,58,1.2124299684822881,1.3335558414013127,1.3215114298405073,1.5524076454914564,1.2121249187329775,0.11961782324638497,1.0,1.0,0.1,1.0,0.2,113,798.2977703175831,11352149.939573113
2,59,1.2124161539280098,1.3296619721808909,1.317471904323298,1.5528831618910586,1.2290732103806494,0.11972464833785482,1.0,1.0,0.1,1.0,0.2,114,770.7235567378372,11344437.162985578
2,60,1.2122892105878327,1.3152155714987062,1.3024882236511313,1.5223289526717023,1.2434695219457474,0.1192802019862906,1.0,1.0,0.1,1.0,0.2,116,754.8745900882346,11345590.805909496
2,61,1.2122171162304094,1.3095257478033546,1.298660044060993,1.5390327050514723,1.2271821356649988,0.11891822788911029,1.0,1.0,0.1,1.0,0.2,118,794.218219753274,11303978.63509874
2,62,1.2122139157748093,1.3098825395652316,1.3011026689885088,1.547546902743931,1.2161777909755727,0.11893452769695315,1.0,1.0,0.1,1.0,0.2,119,802.4241045926552,11320129.082905456
2,63,1.2124620264663364,1.3033889724230945,1.2943563861207121,1.5702019707238881,1.2418212572174558,0.12173721659555348,1.0,1.0,0.1,1.0,0.2,120,785.6124823249669,11354003.908095002
2,64,1.2124468805489026,1.299485307611885,1.2903069925648993,1.574827530190199,1.2207428077237892,0.12176188334924498,1.0,1.0,0.1,1.0,0.2,122,777.8000487419598,11352563.26802216
2,65,1.2124182070285707,1.2969185682016195,1.2855728068446484,1.5518626958816784,1.217445599829708,0.12152817203972696,1.0,1.0,0.1,1.0,0.2,123,766.9399087619007,11351859.127947532
2,66,1.212422413477433,1.2924164739082336,1.280901874209702,1.5558667650566969,1.2320021276294846,0.12176321677987448,1.0,1.0,0.1,1.0,0.2,124,799.2399231466546,11356119.588894472
2,67,1.2124224134782664,1.2924164739090764,1.280901874210545,1.5639245076210113,1.212176508028778,0.12176321678830218,1.0,1.0,0.1,1.0,0.2,125,799.2399235486749,11356119.588922467
2,68,1.2124020122765133,1.2898329110700424,1.2782222962358658,1.5656208707128623,1.2234366090255442,0.12166507061607543,1.0,1.0,0.1,1.0,0.2,126,786.7715638987005,10865884.719879167
2,69,1.2129578012047846,1.291705140368263,1.2822162222790514,1.5922808178094474,1.2127326006266894,0.12722353198109596,1.0,1.0,0.1,1.0,0.2,132,1093.1058139652716,11379664.625426266
2,70,1.2132387543111354,1.285678007161103,1.2800976145066396,1.5958303425324722,1.2524357174392833,0.13038227931740015,1.0,1.0,0.1,1.0,0.2,133,1081.6358859083066,11376465.346966214
2,71,1.2132494871252528,1.2855761895972264,1.2799915596582307,1.6372099112573022,1.2131048557193653,0.13049383247364904,1.0,1.0,0.1,1.0,0.2,142,1080.649209607972,11379873.150022443
2,72,1.2131671038499054,1.2787382215620409,1.2749730960375176,1.6649068415395458,1.248522974582525,0.129958639707555,1.0,1.0,0.1,1.0,0.2,143,1087.1432557484106,11380036.38884865
2,73,1.213149067909911,1.275590393277659,1.271708093815692,1.6578876622854721,1.2198680834811408,0.12988390089061358,1.0,1.0,0.1,1.0,0.2,145,1077.550242202892,11378447.231490336
2,74,1.2131938907814859,1.2756040496374061,1.2737929811621795,1.6836258815099103,1.2160221656268724,0.13037692248005756,1.0,1.0,0.1,1.0,0.2,147,1075.494996493066,11379079.997840794
2,75,1.213190713144397,1.274694693312226,1.2728497106491221,1.678583653946342,1.2150264165877755,0.13037465828715375,1.0,1.0,0.1,1.0,0.2,149,1080.5623533576793,11382139.984422348
2,76,1.213190541607254,1.2772962695613652,1.279693535437206,1.7199692335206884,1.2130953713055592,0.13037465828715375,1.0,1.0,0.1,1.0,0.2,153,1080.936387567261,11382210.721983723
2,77,1.2131422222313815,1.2806814829177917,1.289424462775513,1.7959667990075803,1.2131630885365499,0.12990920374016793,1.0,1.0,0.1,1.0,0.2,167,1059.6578342687856,11376591.650841376
2,78,1.2130656757005627,1.2811139027987628,1.2919483670029925,1.8054149455246986,1.214718409652093,0.12917007880026998,1.0,1.0,0.1,1.0,0.2,169,1053.1304601465504,11374292.483534208
2,79,1.2131104387410256,1.2806667387716966,1.291482786633258,1.8295722227451527,1.2133943510175271,0.12963335638892567,1.0,1.0,0.1,1.0,0.2,174,1054.504899104184,11377150.31799974
2,80,1.2130544833081944,1.282744340076136,1.2977850683002718,1.8367237267339105,1.215198886219402,0.12909034605206726,1.0,1.0,0.1,1.0,0.2,175,1063.7561339375104,11376433.15298728
2,81,1.2130464111372259,1.2819258966559994,1.2969363075966946,1.8551050722976685,1.2146838503831279,0.12903517939717324,1.0,1.0,0.1,1.0,0.2,177,1064.2668130455447,11376556.719772706
2,82,1.2130478934665503,1.276544023395002,1.2913529966006803,1.8841009293772863,1.216300263829449,0.12921456671433224,1.0,1.0,0.1,1.0,0.2,184,1094.4727484969062,11377657.627132175
2,83,1.2130128157547788,1.273703350815456,1.286334932054129,1.8852215127378134,1.2162165012677268,0.12890847759740273,1.0,1.0,0.1,1.0,0.2,186,1054.8923031259512,11373889.794904169
2,84,1.2130052108427518,1.2723562636585202,1.2870101330930355,1.8979757237827168,1.2186688187334735,0.12890847759740273,1.0,1.0,0.1,1.0,0.2,188,1059.9352721282926,11374845.01687715
2,85,1.2130239298934258,1.2729350194071294,1.2896822700950523,1.9257820429287096,1.21339318604707,0.12911746750912595,1.0,1.0,0.1,1.0,0.2,195,1060.120186185593,11376069.73034076
2,86,1.212999645343426,1.2741387764300909,1.2950768662364682,1.9466931694931544,1.216026770723435,0.1289147563734862,1.0,1.0,0.1,1.0,0.2,197,1061.5818351370729,11374733.84310725
3,0,0.655981339199184,0.8096563740906726,0.8025552586788254,0.4546992613641596,0.0,0.0,0.0,0.0,0.1,1.0,0.2,1,36207.57608657014,163847.4660444819
3,1,0.8179152685139899,1.0204910504356253,1.0109817845969564,0.6692966966400572,0.2601081239101932,0.08353130833331296,0.09094446250040047,0.6026619072591327,0.1,1.0,0.2,2,31572.2820258114,146505.51596146805
3,2,0.42640080167603206,0.7573946096503467,0.7504163556161608,0.4085270285695306,0.14748350587624856,0.0,0.0,0.0,0.1,1.0,0.2,3,27485.799891121114,125339.9143317226
3,3,1.5218015439286663,1.9371166013954189,1.9269368976023091,1.6051213121220071,1.3463781743763217,0.09982439802236313,1.0,1.0,0.1,1.0,0.2,4,14222.487103164429,143811.66364551964
3,4,1.3616211531483833,1.8643348308861272,1.8535699820160747,1.534611178113557,1.3632868627927202,0.08441067357685808,1.0,1.0,0.1,1.0,0.2,6,4267.667472928242,40846.6913587874
3,5,1.317442030596618,1.831509341968179,1.8215844648093598,1.5108476983339376,1.2831684660609672,0.0865550768930703,1.0,1.0,0.1,1.0,0.2,8,2993.989549994183,32551.939631327044
3,6,1.3152146148369461,1.82945696315438,1.819455241360737,1.515258315829772,1.2131791913767391,0.08662240871409149,1.0,1.0,0.1,1.0,0.2,10,2985.257581624023,32718.8902921485
3,7,1.3162275877223786,1.8294554121607798,1.8171833363018002,1.5306995824920473,1.2318380587928395,0.13961220218439713,1.0,1.0,0.1,1.0,0.2,11,3296.552662167086,235065.16723915708
3,8,1.2979132819883252,1.8094813698997982,1.796410697201564,1.5057907047649235,1.308767804942723,0.15393938612645935,1.0,1.0,0.1,1.0,0.2,12,175442.77029969022,331141.73196384136
3,9,1.243113897361379,1.7174495481278726,1.703268729319827,1.4262492214259392,1.398572142809364,0.08675638454894959,1.0,1.0,0.1,1.0,0.2,14,1263.6197241088378,19114.083841578667
3,10,1.2359767953165113,1.6929233390169338,1.6778059376132728,1.4114740643665846,1.3192458472401827,0.09254279639498333,1.0,1.0,0.1,1.0,0.2,15,977.5243352321156,17485.28645635026
3,11,1.2361188595049177,1.6914040073860797,1.6762018234588776,1.4397554153110377,1.211677783454833,0.10007448720648704,1.0,1.0,0.1,1.0,0.2,21,1250.1586246876168,23009.771155598573
3,12,1.2304490203962701,1.665385001575075,1.649195323099997,1.419397580688298,1.3260732600516218,0.10458527314440916,1.0,1.0,0.1,1.0,0.2,22,849.0389562717642,30040.480660135865
3,13,1.22921269488313,1.6590972264835402,1.6426733735578363,1.4254064249202667,1.2378241869427806,0.1044894961970142,1.0,1.0,0.1,1.0,0.2,23,562.7580261026204,27265.18597139953
3,14,1.2269458264880388,1.6463848498675664,1.6294866625692337,1.4227319586404898,1.2382764223813223,0.10450619445586243,1.0,1.0,0.1,1.0,0.2,25,815.653742719482,29133.66654586151
3,15,1.2235053891196537,1.6243351186100516,1.6086848588500435,1.3991880362705327,1.261820128982503,0.1050501029664522,1.0,1.0,0.1,1.0,0.2,27,569.3938224995405,119014.7661059108
3,16,1.2229129267550567,1.6197129655188776,1.6038900903726545,1.403977599651671,1.2206442706938951,0.10510654099433865,1.0,1.0,0.1,1.0,0.2,29,538.9343024316863,119027.45544247632
3,17,1.2220257682505615,1.612585898946948,1.5964979085649436,1.414906609581237,1.2416147913250106,0.1048957759747575,1.0,1.0,0.1,1.0,0.2,30,426.8766975356768,1380885.7662907876
3,18,1.2213731393512814,1.6079019968143913,1.5937105486758598,1.397921543104305,1.2370134257117358,0.10526799542234748,1.0,1.0,0.1,1.0,0.2,31,457.5962683745639,119133.19541266274
3,19,1.220417556427846,1.6002634497617396,1.5857860344486252,1.394505574041828,1.2512734315623197,0.10553314514691323,1.0,1.0,0.1,1.0,0.2,32,270.6372629639752,2488113.103665824
3,20,1.219718835055442,1.5938199201641297,1.5791058702682792,1.3919945308827646,1.2372533461612438,0.10452711844691805,1.0,1.0,0.1,1.0,0.2,33,278.4618884893173,2472752.448494743
3,21,1.218845472670463,1.5817238518370047,1.5665549690816163,1.3809606392905123,1.2577825900671746,0.10547992922105749,1.0,1.0,0.1,1.0,0.2,34,230.08546963816087,1505463.1194136646
3,22,1.2184496087195114,1.5769382551028697,1.5615907638912874,1.3865987643132551,1.2210337793473658,0.1054962702016132,1.0,1.0,0.1,1.0,0.2,36,220.2503803717337,1505933.4859701816
3,23,1.2159166265497605,1.5437735613924315,1.529268119821846,1.37467643761699,1.360655305383905,0.10369044478277092,1.0,1.0,0.1,1.0,0.2,37,159.1786799640394,2488031.719449509
3,24,1.2151660342532238,1.5316821438782282,1.5167294704071281,1.3672267335190844,1.2627826470112067,0.10267091524068157,1.0,1.0,0.1,1.0,0.2,38,163.97234298581762,2472806.1465107314
3,25,1.2148593928802636,1.5257270970360766,1.5105527528201625,1.365319887690098,1.2362901904219965,0.10254199408097926,1.0,1.0,0.1,1.0,0.2,39,177.37804034106412,2460987.748918953
3,26,1.2146557688398985,1.5221104219506971,1.5088726391396405,1.370761705738603,1.2320813856420865,0.10283360461977135,1.0,1.0,0.1,1.0,0.2,40,140.02712067770253,2580040.7477631182
3,27,1.2148468319394448,1.522642917276722,1.5114885675823453,1.387245676623565,1.212871527727892,0.10523074155504501,1.0,1.0,0.1,1.0,0.2,42,229.69575246550485,2456749.6258377223
3,28,1.2146961125474662,1.5191750655719327,1.5078912392204307,1.3841201061529091,1.2257311513103815,0.1052631316072719,1.0,1.0,0.1,1.0,0.2,43,218.99297285110143,2477148.6185736274
3,29,1.2143621310083912,1.5114895574579854,1.4999194984832604,1.3727984604078276,1.2439223354156461,0.10512348126287799,1.0,1.0,0.1,1.0,0.2,44,225.30037169061947,1484238.236163366
3,30,1.2139180996302266,1.4996171008884431,1.4876038856329599,1.3803103370497747,1.2365394548547268,0.10520393389648545,1.0,1.0,0.1,1.0,0.2,46,194.7745400383781,1535514.6635187604
3,31,1.2138202558765199,1.4966416335538468,1.4845170881559082,1.3849141234346412,1.2170604892136887,0.10527831342421996,1.0,1.0,0.1,1.0,0.2,48,202.35910474738083,1532908.5482144912
3,32,1.2130550299050313,1.4744608930360454,1.4594405673596347,1.3661171852904643,1.3012917274589941,0.10413784844037337,1.0,1.0,0.1,1.0,0.2,49,302.2046271112104,12197.942989620156
3,33,1.2123701261463913,1.4468242473823192,1.4328445798855394,1.3504572778175337,1.2739057626935804,0.10438603420095718,1.0,1.0,0.1,1.0,0.2,51,204.05269579520748,872948.6104131882
3,34,1.2123457457786528,1.4453980716485033,1.4313649961334731,1.3565689403118557,1.2135797620657034,0.10444214122899542,1.0,1.0,0.1,1.0,0.2,53,218.70681955498347,872334.524981459
3,35,1.212167392017478,1.4349544854142653,1.4163874219558883,1.346414415230005,1.2274525152297413,0.10421434244437122,1.0,1.0,0.1,1.0,0.2,55,165.82744752669993,302416.7242713079
3,36,1.2122961862643415,1.4409157220165685,1.4350002409781826,1.4223752806592038,1.2119873192337074,0.10592618365997228,1.0,1.0,0.1,1.0,0.2,62,196.0619126054955,1557836.218331743
3,37,1.2119396055644112,1.4262066888151625,1.4197461697608267,1.4128772725220566,1.274183844517625,0.10490504557003857,1.0,1.0,0.1,1.0,0.2,63,249.70446847167185,1544905.1643624392
3,38,1.2119133657068932,1.4263066208041233,1.4219226787355768,1.434069387844993,1.2158637855884704,0.10484106747222663,1.0,1.0,0.1,1.0,0.2,64,240.725240650528,1481234.7360645137
3,39,1.2117934588071426,1.4176885898478422,1.4109108019481538,1.4204412814892122,1.2426841525770704,0.10477979357226821,1.0,1.0,0.1,1.0,0.2,65,216.9521778388017,927210.3503707084
3,40,1.2117326927031078,1.41228578759749,1.4053058058208647,1.4272532790380557,1.2222055390056363,0.10494837328686155,1.0,1.0,0.1,1.0,0.2,67,248.1828877082405,921776.9987883932
3,41,1.2117100929308307,1.4121660381825065,1.4051823832543275,1.427150130445755,1.2109466481680315,0.10473761966935198,1.0,1.0,0.1,1.0,0.2,68,194.1081466072752,762766.3591736967
3,42,1.2116400703806505,1.4073106694217092,1.4022178891147001,1.4333026694559587,1.237577867617626,0.10488379001692057,1.0,1.0,0.1,1.0,0.2,69,180.83662582359543,940016.2157769653
3,43,1.2116243416715777,1.4086149468755285,1.4056439878591456,1.464768182676629,1.210479359556149,0.10472749220463196,1.0,1.0,0.1,1.0,0.2,74,201.2090595143553,927298.4644816974
3,44,1.2115919083815756,1.4047364185829516,1.3974760066478504,1.4658499275907226,1.2178026727623377,0.10462357233047641,1.0,1.0,0.1,1.0,0.2,75,202.4112127188808,798521.0158258675
3,45,1.2115345644332889,1.4010459903341657,1.3957203821188249,1.4814307788179406,1.2207200524463107,0.10464671754736751,1.0,1.0,0.1,1.0,0.2,77,201.20590532421795,922857.2214822096
3,46,1.2114847908103854,1.3969843683152448,1.3915072487445828,1.4902968975726727,1.2192593956478461,0.10463875889592185,1.0,1.0,0.1,1.0,0.2,79,176.4391518315781,924047.6949394244
3,47,1.211448026933317,1.3939778490042964,1.3883886885311492,1.487562974378722,1.2233071395310917,0.10461649345532031,1.0,1.0,0.1,1.0,0.2,80,177.81082350780775,799125.1931515743
3,48,1.2113782629793695,1.3878960832075198,1.3820798703592192,1.4782553825712343,1.2391653292402465,0.10465472110115695,1.0,1.0,0.1,1.0,0.2,81,201.73019761920185,620936.0330263993
3,49,1.2112170868951107,1.372603863870592,1.3662175898174573,1.4808211261904887,1.2428768674269322,0.10453756250658383,1.0,1.0,0.1,1.0,0.2,83,155.20890593015997,623746.9829061436
3,50,1.2112046628557376,1.3717002555253324,1.3673525516878575,1.4873705237443748,1.2153677590219814,0.10462072765998318,1.0,1.0,0.1,1.0,0.2,85,178.055396626409,621097.6642551501
3,51,1.2111927558561282,1.370070972837572,1.3656623851485414,1.493878639744223,1.214043628078532,0.1046500312216189,1.0,1.0,0.1,1.0,0.2,87,164.3851429264007,623485.2837486928
3,52,1.211178613814763,1.3691323425346589,1.3646889398135518,1.4970129671790464,1.2145333213608513,0.10459199080286848,1.0,1.0,0.1,1.0,0.2,88,171.74773493836884,622246.301341593
3,53,1.2111722609745248,1.3686554779692819,1.364194352181978,1.5165166373695842,1.2125364944582144,0.10457071749673183,1.0,1.0,0.1,1.0,0.2,89,169.9068875601892,621888.7819159596
3,54,1.2111564486690451,1.3671985837337013,1.3626832766052577,1.5032454010790648,1.2168247305330533,0.10454080548850331,1.0,1.0,0.1,1.0,0.2,90,167.7689681012654,622071.8800660388
3,55,1.211164563488341,1.368861186707427,1.3685523905972088,1.5513314528666353,1.2111024057960602,0.10470981784183082,1.0,1.0,0.1,1.0,0.2,97,166.43599018604857,622168.0786988644
3,56,1.211162134569261,1.36823746194727,1.3679052756193724,1.554800376539823,1.213224003573026,0.10473974984457726,1.0,1.0,0.1,1.0,0.2,98,168.04477969793192,621869.4866311783
3,57,1.2111604092376913,1.3681244084845534,1.367788025983892,1.5788695058189395,1.2106355527842698,0.10473205789212617,1.0,1.0,0.1,1.0,0.2,101,167.2132152021737,621870.5817085203
3,58,1.2111904825055084,1.3613535112573258,1.356616934776272,1.595307665945233,1.2131547113322712,0.10538484235987203,1.0,1.0,0.1,1.0,0.2,108,169.54242758935715,716054.8079652091
3,59,1.2111898475817706,1.3626037066509893,1.3599863999933675,1.6088116543500737,1.21070723678022,0.10538484235987203,1.0,1.0,0.1,1.0,0.2,110,169.6712048304581,716025.6923691066
3,60,1.2111767763321006,1.3579737510733454,1.351038406068213,1.5878307173133452,1.219206231835964,0.10541550902415726,1.0,1.0,0.1,1.0,0.2,111,187.75206770365023,633110.8047825263
3,61,1.2111599321290996,1.3582817083825167,1.3534307839411586,1.600594949676289,1.2149591855715935,0.10532827690991584,1.0,1.0,0.1,1.0,0.2,112,187.9241999081028,703840.6756377707
3,62,1.2111523070920758,1.3571625447334754,1.3522697814038387,1.607647264623093,1.21299002375388,0.1053411682785366,1.0,1.0,0.1,1.0,0.2,114,170.5263758962833,634907.1656497696
3,63,1.2111352400723554,1.3541773163722635,1.3491729924525224,1.6130115229111504,1.217089925886409,0.10540340644500852,1.0,1.0,0.1,1.0,0.2,116,186.128468845798,633241.5665796184
3,64,1.211154197758642,1.3540048225185377,1.3489932668722775,1.624946631814974,1.210984049400926,0.10560779678930184,1.0,1.0,0.1,1.0,0.2,118,177.30691202770754,633318.0471651619
3,65,1.2111502955272375,1.3546059270581012,1.3516893575535225,1.6504374688358296,1.2121557196823942,0.10562427193129913,1.0,1.0,0.1,1.0,0.2,120,176.88239808644445,714693.2425391516
3,66,1.211137244744631,1.3530876760442663,1.3480423072958119,1.6362122846286726,1.2113594321322145,0.10550778287638748,1.0,1.0,0.1,1.0,0.2,121,178.73892539910702,633293.8344844253
3,67,1.2111447023687454,1.3534807911845321,1.3505221156367369,1.6534927314456085,1.2146973593740558,0.10565359344383751,1.0,1.0,0.1,1.0,0.2,122,184.34593759864435,632862.4288398764
3,68,1.211112846179533,1.3521065351199542,1.3490974048841269,1.6563277347617409,1.2135115068566602,0.10543618319801418,1.0,1.0,0.1,1.0,0.2,124,179.35974783060604,633067.9258075659
3,69,1.2111195356986615,1.351007809478763,1.3479571405268203,1.663472891769649,1.2154254200993715,0.10558499850804262,1.0,1.0,0.1,1.0,0.2,125,185.1700227441044,632693.933932494
3,70,1.2111148553585553,1.350231643728207,1.3471519821722011,1.666841088830773,1.2139630833800568,0.10559493535928344,1.0,1.0,0.1,1.0,0.2,126,181.3889128421744,632868.6093371469
3,71,1.211108858625812,1.3493748159409547,1.346263175820147,1.6701381435634985,1.2143133578588565,0.10559704179829957,1.0,1.0,0.1,1.0,0.2,127,186.81112047610205,632409.584395465
3,72,1.2111732683072534,1.3506391860816547,1.349644857222288,1.6802385200912922,1.2111871158280316,0.10625038750032471,1.0,1.0,0.1,1.0,0.2,128,204.31402215835303,622886.1448081447
3,73,1.211085293923158,1.3480013553863173,1.3469112118814948,1.7025071529639288,1.214305206368373,0.10555325860496845,1.0,1.0,0.1,1.0,0.2,131,163.98119924296668,716392.7766044223
3,74,1.21110013512103,1.3459626838755503,1.3427231658161196,1.7100843347163075,1.2116426679522618,0.10575280266550854,1.0,1.0,0.1,1.0,0.2,134,181.44573098197225,715090.0280638726
3,75,1.2111139968660756,1.3464522102897378,1.3453027938231739,1.7380911700193322,1.211534098251616,0.10595092263134617,1.0,1.0,0.1,1.0,0.2,138,196.5713860155368,633775.0817280113
3,76,1.2107792726394961,1.3468628900120707,1.3519581880265956,1.8228713438232063,1.2111767912815732,0.10282567327663358,1.0,1.0,0.1,1.0,0.2,154,148.61887776294887,1023309.0794189794
3,77,1.210772904501999,1.3472255455123128,1.3544069414518227,1.8371465786036743,1.2123789851033124,0.10282567327663358,1.0,1.0,0.1,1.0,0.2,156,149.48488402432085,1022890.0513551808
3,78,1.2107575242652797,1.3418436722419889,1.340534541578688,1.7394479705389823,1.2105234109053231,0.10267574192385201,1.0,1.0,0.1,1.0,0.2,157,148.9601048988014,1022930.2091633189
3,79,1.2107709880296664,1.3482625547228226,1.3575552177478327,1.8519797375412483,1.211296389309118,0.10282567327663358,1.0,1.0,0.1,1.0,0.2,158,149.14167340322282,1023014.4595721049
3,80,1.2107151390036177,1.3374447109576157,1.3401164880531886,1.8056145564500277,1.2401606054044956,0.10270261510022435,1.0,1.0,0.1,1.0,0.2,159,145.69100432006607,854347.0532042043
3,81,1.210712911694414,1.3384093753983912,1.3431897680184701,1.8290504278385111,1.2110631800336227,0.10270261510022435,1.0,1.0,0.1,1.0,0.2,161,146.12341450024823,854186.053387686
3,82,1.2107068375598686,1.3396217231321794,1.3465201263758266,1.845533091159186,1.2105047907066437,0.10264859628734443,1.0,1.0,0.1,1.0,0.2,163,146.05821563577754,854197.2505678666
3,83,1.2107068255292786,1.3393808855194858,1.3462702368727737,1.8494625954233828,1.2113278761263582,0.10266332437402267,1.0,1.0,0.1,1.0,0.2,164,149.86667711245988,853710.3782770762
3,84,1.2109429599036392,1.3323494085716339,1.3286046071506388,1.7736470386263217,1.2109004852375338,0.10506355486248983,1.0,1.0,0.1,1.0,0.2,171,142.01274768709152,855149.6091247319
3,85,1.2107776881027275,1.340021025916078,1.3531485866202209,1.9272444429747184,1.22263895464278,0.10357851579076875,1.0,1.0,0.1,1.0,0.2,172,167.7778314472337,1019698.00117504
3,86,1.2107299939642395,1.3347784426652656,1.3477110755558088,1.948038264297938,1.2160610232392297,0.10340253878551102,1.0,1.0,0.1,1.0,0.2,176,161.39960510493148,852892.6309801255
3,87,1.2107261537030476,1.3325472165977112,1.3453962758822666,1.9533757050051397,1.2136192187043808,0.10348839704873876,1.0,1.0,0.1,1.0,0.2,179,157.4718531942839,853708.9173509157
3,88,1.2107354914961812,1.3319786849803847,1.351023029145268,2.0591339406090166,1.2114985840119714,0.1038276260057085,1.0,1.0,0.1,1.0,0.2,197,163.1531467109028,850171.3031632307
4,0,0.6613177079514263,0.799741089978058,0.792270077111153,0.44540925778114493,0.0,0.0,0.0,0.0,0.1,1.0,0.2,1,6684.8808261776,126497.49233665376
4,1,1.744289144054392,2.005049030267088,1.99525759525364,1.6546482458024665,1.306522514626617,0.11950453956257043,1.0,1.0,0.1,1.0,0.2,2,12030.081635000812,161249.52647437155
4,2,1.7127742749757204,2.2105127645723868,2.2105127645723868,1.8415276317499483,1.2358637323454287,0.10512764572386524,1.0,1.0,0.1,1.0,0.2,3,10121.545958754365,44705.184299540975
4,3,1.486911922966812,1.9235707175178534,1.9128741593586776,1.5877763317444566,1.4702500897607524,0.10289890716781576,1.0,1.0,0.1,1.0,0.2,4,3150.3705696536404,45978.71982736994
4,4,0.9706799267806383,1.464898067294939,1.4567802783576844,1.1523808447749648,0.8907830415851197,0.10328980214474974,0.5832761762724511,1.0,0.1,1.0,0.2,6,1763.7550304910071,48193.45475939316
4,5,0.8240559245302432,1.290604504321122,1.2780435127691623,1.006641367479363,1.179379645122335,0.08307222158983509,0.5856609291421838,1.0,0.1,1.0,0.2,8,738.7323961748367,25254.531953485504
4,6,0.624950514942846,1.0756604554684652,1.0622867596684007,0.801409872370024,0.6485220779888168,0.08377122093979734,0.3924327206657293,1.0,0.1,1.0,0.2,10,830.5573281182235,26582.88535265288
4,7,1.0401971642482837,1.4740752136386972,1.4598967632638526,1.2081774112780175,1.1153506629582097,0.08644322137864405,0.8121513341762915,1.0,0.1,1.0,0.2,11,485.4034230892795,16315.096987512845
4,8,1.0576932110932173,1.4830853478444923,1.4643942638337528,1.2047525008004432,1.0711125020166972,0.08650233826226741,0.8310036808801241,1.0,0.1,1.0,0.2,12,587.1617091775979,17118.7297159334
4,9,0.885680035962747,1.2631101589626956,1.2464693619142808,1.011935416262336,1.1363668574194,0.0821194759684431,0.6676192006372355,1.0,0.1,1.0,0.2,13,397.0661475138871,41393.214585064445
4,10,0.7726734830266666,1.1358894444134744,1.1186657814585992,0.8945482454167843,0.7973614314677984,0.09257189373947829,0.5549794715340044,1.0,0.1,1.0,0.2,15,510.3894191462345,888674.894831191
4,11,1.2186642886254428,1.5855514353011169,1.5726097838525885,1.3766796293192793,1.2102750222645389,0.10230942097737797,1.0,1.0,0.1,1.0,0.2,19,553.074503579956,7699.143392369876
4,12,1.2175668343985446,1.570681523648491,1.5571849149626202,1.353191236678629,1.269984959429242,0.10235050291963936,1.0,1.0,0.1,1.0,0.2,20,447.1596294102456,8678.518845615014
4,13,1.2164059033249113,1.5526239440265295,1.5363811443694535,1.3414365799909398,1.2835357294420238,0.10234741398348586,1.0,1.0,0.1,1.0,0.2,21,477.254936785869,16267.955093265278
4,14,1.2141806975535727,1.5093377966081571,1.491479740410268,1.3114379904719224,1.3050558345143994,0.10245358909014154,1.0,1.0,0.1,1.0,0.2,23,143.6605444639202,13510.576424723651
4,15,1.2140657452632115,1.50646118158495,1.4884957506980587,1.3214768037196178,1.2165518782449953,0.10247385210524881,1.0,1.0,0.1,1.0,0.2,25,154.52033408459687,13594.721281707569
4,16,1.2140586503506277,1.5063000220880383,1.4883286186744915,1.3213318256274538,1.2109494933331686,0.10246712823180759,1.0,1.0,0.1,1.0,0.2,26,147.2922423973356,13529.679512806786
4,17,1.2140550572707498,1.5057307116415408,1.487737338984191,1.330194862921248,1.2128473792252217,0.10266611234777645,1.0,1.0,0.1,1.0,0.2,27,148.59385198417948,13558.844356964628
4,18,1.2138494209456605,1.5007924823217753,1.4846860331022633,1.332488555501108,1.2380413361655178,0.10304859535668034,1.0,1.0,0.1,1.0,0.2,28,182.45060211978569,6934.338382969487
4,19,1.2134605474727451,1.4896063707117135,1.4730823472461805,1.325868238665487,1.2593897566610115,0.1031128583400244,1.0,1.0,0.1,1.0,0.2,29,191.93492555291672,6958.266903133316
4,20,1.2133576211725003,1.4868465231676051,1.470220028146563,1.3137018792160795,1.222144912614045,0.10297299012602017,1.0,1.0,0.1,1.0,0.2,30,268.3563434638502,7920.383865312409
4,21,1.2131458751778952,1.4798875629023838,1.4630012018541687,1.310819677940164,1.2408133475963714,0.10303770950062907,1.0,1.0,0.1,1.0,0.2,31,283.585064280688,7964.144726527707
4,22,1.2129262931201783,1.4722954297604727,1.455125802775801,1.307367524352274,1.2435675905673378,0.10305327221685874,1.0,1.0,0.1,1.0,0.2,32,184.4135789395412,11724.76450577426
4,23,1.212645065872079,1.4617474012651597,1.4441842799226687,1.3012763629981272,1.2567449828261006,0.10305943880178522,1.0,1.0,0.1,1.0,0.2,33,212.257287976596,7713.828230758411
4,24,1.2124030833315502,1.451485637240651,1.4335395838400105,1.2953921540151443,1.255036838455758,0.10308468747697574,1.0,1.0,0.1,1.0,0.2,34,207.8937328127172,7420.930249541499
4,25,1.2122512021342478,1.4443757476123835,1.426164281586095,1.2923712355477006,1.2414683789473189,0.10312670507400915,1.0,1.0,0.1,1.0,0.2,35,213.18401495130283,7393.533832772336
4,26,1.2121555916630806,1.439642997940076,1.4212548201711404,1.2914930014350443,1.231052838455467,0.10314938672777882,1.0,1.0,0.1,1.0,0.2,36,212.6029392623552,7219.456338438063
4,27,1.2120792236945455,1.4356010592461457,1.4170620145787538,1.2912398719180362,1.2280386878031027,0.10318595654785272,1.0,1.0,0.1,1.0,0.2,37,219.2614604713135,7243.180579068764
4,28,1.2120317109887127,1.432948963067023,1.414310855429682,1.2922395862951184,1.2219528021537298,0.10321868476317472,1.0,1.0,0.1,1.0,0.2,38,225.673649535939,7265.881716712856
4,29,1.2120057430686728,1.4314074805142707,1.4127117546149524,1.2942404469607254,1.2170895432818671,0.10324821186966056,1.0,1.0,0.1,1.0,0.2,39,231.82847470001823,7287.563723988283
4,30,1.2119960880407998,1.4307439915091873,1.412023409204655,1.2970327670995192,1.213245349753074,0.10327503560971203,1.0,1.0,0.1,1.0,0.2,40,237.7263079898929,7308.256690424586
4,31,1.211946307773608,1.4280909012101575,1.4092713715041478,1.2980295026438884,1.2219397976734958,0.10326015149726735,1.0,1.0,0.1,1.0,0.2,41,217.86638513950464,7146.148085950691
4,32,1.21192361411468,1.4266715979531976,1.4077990462305854,1.3001403150100006,1.2165566427325547,0.10328695734607345,1.0,1.0,0.1,1.0,0.2,42,223.16262173034207,7165.537901614038
4,33,1.2118485537442223,1.4243515992803866,1.4074655089908163,1.3038669095501245,1.2262412078811629,0.10316884079587982,1.0,1.0,0.1,1.0,0.2,43,181.08061065147825,6795.482031037089
4,34,1.2117294906635514,1.4167556810303499,1.3995859982806482,1.3004776259483777,1.2436189527292156,0.10322837574264492,1.0,1.0,0.1,1.0,0.2,44,187.10158748534772,6776.470787826756
4,35,1.2116925239910614,1.4142216279563267,1.3969573001573674,1.3016517969684345,1.2214373049732201,0.10325509698795372,1.0,1.0,0.1,1.0,0.2,45,191.49713684197465,6790.873567630053
4,36,1.2116405345356938,1.4107957462634404,1.3934036047950153,1.3056444235809936,1.2253303070155457,0.10325472854894654,1.0,1.0,0.1,1.0,0.2,46,190.11093301193563,6816.770162287491
4,37,1.2116212659725534,1.4093137953899937,1.3918662744556,1.3078318194062006,1.2168313100694728,0.10328169518013426,1.0,1.0,0.1,1.0,0.2,47,194.7870149015904,6831.423384609954
4,38,1.2116213559248894,1.410601532984647,1.3952745936924564,1.325631548499522,1.2103729524747366,0.10328850722106128,1.0,1.0,0.1,1.0,0.2,51,189.621921049907,6700.527080151663
4,39,1.2114788082512913,1.404901781557465,1.387292663892987,1.3214648370532642,1.2290483047408651,0.10247970926340415,1.0,1.0,0.1,1.0,0.2,52,202.5148661339938,6406.968960072109
4,40,1.2115318338035672,1.4014079379719575,1.3815927385226396,1.3431720926073598,1.2136174817076426,0.10332276968206804,1.0,1.0,0.1,1.0,0.2,55,159.55282081167638,7342.717511012118
4,41,1.211526081245621,1.4009884931435577,1.3811576588294683,1.3462522965690173,1.2121694597003663,0.10332277879224627,1.0,1.0,0.1,1.0,0.2,56,166.1417361706896,7332.028932783253
4,42,1.211485285689709,1.3977388202842496,1.3777866563665415,1.3467814719315996,1.2245827525608273,0.10335284196665129,1.0,1.0,0.1,1.0,0.2,57,165.31368192356007,7358.36876982994
4,43,1.2114850097661156,1.3977179188863527,1.3777649711807414,1.3502208214879579,1.2104265848661169,0.10335284199206836,1.0,1.0,0.1,1.0,0.2,58,166.40055625724176,7355.192336085871
4,44,1.2114464269868264,1.3943591967535511,1.37428070881389,1.3506522840606676,1.2250745065423276,0.10340512845875553,1.0,1.0,0.1,1.0,0.2,59,174.24637040123514,7394.708217453605
4,45,1.211327219400938,1.3922598103856807,1.3721065584140193,1.3522085863330569,1.219032008322293,0.10246729268520427,1.0,1.0,0.1,1.0,0.2,60,181.55374271816223,6533.223568174018
4,46,1.21150925819321,1.3874899928228839,1.3671496432590597,1.368143277614143,1.221470033901044,0.10490128803506635,1.0,1.0,0.1,1.0,0.2,62,187.00147288446624,6841.977844326045
4,47,1.2114283873021765,1.3824012431745023,1.3618718843262385,1.3671451091916067,1.232684642256604,0.10468267484653919,1.0,1.0,0.1,1.0,0.2,63,188.89735143303787,6958.463600253484
4,48,1.21137807007799,1.378311898505733,1.3576302055795952,1.3670421803420678,1.2283506046857078,0.10463323805039118,1.0,1.0,0.1,1.0,0.2,64,192.68607795678045,6965.096681548476
4,49,1.21134894154693,1.3746647101436706,1.353846583066366,1.3673343165623584,1.2264733222381499,0.10473232414254685,1.0,1.0,0.1,1.0,0.2,65,192.2169495155454,6881.796038160191
4,50,1.2113175950022468,1.3719670757499234,1.3510484460599994,1.3684860375340429,1.2222701143216812,0.10469772334379476,1.0,1.0,0.1,1.0,0.2,66,195.3920667451696,6885.824286872261
4,51,1.2112969717972437,1.3702166859322382,1.3492328559675757,1.370491665338679,1.2181199513160437,0.10466836809159334,1.0,1.0,0.1,1.0,0.2,67,198.50856727651865,6890.130289028039
4,52,1.2112863107810032,1.3683905201042281,1.3473383020101908,1.3724288076242872,1.218504526185113,0.10474404310307794,1.0,1.0,0.1,1.0,0.2,68,195.05915419512863,6855.824279515989
4,53,1.2112690101261052,1.366873003069915,1.3457642421086027,1.374644668905356,1.2171078620279934,0.10471914755057696,1.0,1.0,0.1,1.0,0.2,69,197.89748663258865,6859.001773138051
4,54,1.2112591359526155,1.3660699323877084,1.3449312350759517,1.3775046403794688,1.21397833006529,0.10469780876859272,1.0,1.0,0.1,1.0,0.2,70,200.67793270117107,6862.395028561958
4,55,1.2112314380035225,1.3645762666957872,1.3433823688479227,1.3797431188441733,1.2169395610462206,0.10456225983423806,1.0,1.0,0.1,1.0,0.2,71,199.5921742273388,6935.6645847405125
4,56,1.210865170319188,1.362772599758132,1.3415246108872074,1.3833141584213813,1.2132835968516424,0.10103626619226418,1.0,1.0,0.1,1.0,0.2,73,114.47084687171196,11358.643266638252
4,57,1.2108699906289155,1.359815430298723,1.3384558693807969,1.3947514985019056,1.2232664324241922,0.10136046034536864,1.0,1.0,0.1,1.0,0.2,74,115.80641671213507,11384.512589398337
4,58,1.2108204346227571,1.3435394814302515,1.3215694668368336,1.3913431244786498,1.2460605575469013,0.10223301287562303,1.0,1.0,0.1,1.0,0.2,76,47.81308456395616,42421.22835571209
4,59,1.2108399139969375,1.341890112802504,1.3198573933951592,1.3934954748197057,1.2175942847284598,0.10255563743534939,1.0,1.0,0.1,1.0,0.2,77,47.83997657403217,42290.85454950097
4,60,1.2107996156618845,1.3404482882055286,1.3183628922766393,1.3958370501857642,1.2164136352375705,0.10225879887030605,1.0,1.0,0.1,1.0,0.2,78,49.00785606119905,42278.57925706689
4,61,1.2107719477530647,1.339765601850734,1.317655575753153,1.3988635938696174,1.2130975841536762,0.10203126896464931,1.0,1.0,0.1,1.0,0.2,79,50.34619727944367,42267.45868084981
4,62,1.2107192642005034,1.3322631614842921,1.3098732335365708,1.4012042053241323,1.2430984680735466,0.10204046247863804,1.0,1.0,0.1,1.0,0.2,80,46.13740465025885,43229.12982779467
4,63,1.2105561193800785,1.3346802844468442,1.3165317287549663,1.439219990321064,1.2100586405946614,0.10041345000105042,1.0,1.0,0.1,1.0,0.2,96,159.6658940116548,7844.086083134355
4,64,1.2105532193871333,1.334541653532339,1.3163880216694102,1.4427380690517466,1.2106385855446897,0.10039383320249162,1.0,1.0,0.1,1.0,0.2,97,162.77256721241858,7860.007736916386
4,65,1.2105668980910167,1.3316963069894407,1.3134352760948855,1.4710140912748897,1.2163757794057795,0.10072516075708975,1.0,1.0,0.1,1.0,0.2,99,164.1750775657705,7804.207097671325
4,66,1.2104649447120392,1.326881647890384,1.3084436403845987,1.4752909565631236,1.220389883430673,0.1000142170482613,1.0,1.0,0.1,1.0,0.2,101,93.41308977612309,3320.4428296396195
4,67,1.2103886173283769,1.3224301430562644,1.30382791231644,1.4823731534619564,1.2147746297223487,0.09952456617696573,1.0,1.0,0.1,1.0,0.2,105,96.07632574014283,3404.3207587287484
4,68,1.2103799668514923,1.3240685757841968,1.3096727419819512,1.5246774093300095,1.21058357910157,0.09949926878265733,1.0,1.0,0.1,1.0,0.2,112,163.572843171991,7480.952184482062
4,69,1.2103767751107846,1.3236355714283448,1.3092235512114867,1.5280890714883066,1.2118433934103439,0.09949330370630226,1.0,1.0,0.1,1.0,0.2,113,163.2591076216966,7484.318880591025
4,70,1.210344160982739,1.3195344132588702,1.302897421183721,1.5243376813126692,1.222019972430714,0.09933018762800325,1.0,1.0,0.1,1.0,0.2,114,156.5305747483182,6833.52079765778
4,71,1.2103102108432304,1.315444800085191,1.3007279751048488,1.5294469815662664,1.2336319092706054,0.09929750894595822,1.0,1.0,0.1,1.0,0.2,115,162.6261854762678,6877.778326205144
4,72,1.2103029325209707,1.3160719184683913,1.3034511885627207,1.5405101299614261,1.2129783523547009,0.09926303191314712,1.0,1.0,0.1,1.0,0.2,116,168.05021227638,6910.737973381107
4,73,1.2102869676418417,1.3143281195077725,1.2995702616766767,1.5323378459306523,1.2116770377785624,0.099125406894624,1.0,1.0,0.1,1.0,0.2,117,165.40968991439672,6895.686463619776
4,74,1.2103008460808269,1.3124703311083585,1.2955699543324828,1.537220003285391,1.2111278681498794,0.09929397275103756,1.0,1.0,0.1,1.0,0.2,119,162.26523021945516,6902.8931722959205
4,75,1.2102779003966473,1.3075624915735755,1.2904788861402114,1.5366477619797763,1.2314426521120532,0.09932455191771657,1.0,1.0,0.1,1.0,0.2,120,163.7586084402907,7098.736301790513
4,76,1.2102291104161111,1.3065593980729422,1.2894400232617482,1.5434438322714639,1.211990394116173,0.09888598248854252,1.0,1.0,0.1,1.0,0.2,122,159.92652348064857,7119.243390304071
4,77,1.2102136043132379,1.3066030319516975,1.291558177866094,1.5604575325157959,1.2126715312550576,0.09879573560613589,1.0,1.0,0.1,1.0,0.2,124,156.12995700718702,6759.436903337805
4,78,1.2102142548322903,1.3080801773518953,1.2972353730483488,1.5905817157571596,1.2124788950259175,0.0988616771756496,1.0,1.0,0.1,1.0,0.2,126,151.62912617193842,6760.242005352768
4,79,1.2102119373695024,1.3078056840316536,1.2969506752040447,1.5942332299983404,1.2110847712469262,0.09885215399572209,1.0,1.0,0.1,1.0,0.2,127,153.56759510326796,6767.903262320168
4,80,1.2101766102947746,1.3033088809275635,1.2881419235287481,1.5778259427641863,1.2178088395291509,0.09858841087307033,1.0,1.0,0.1,1.0,0.2,128,147.25728906690674,6924.690953964147
4,81,1.2101225196158811,1.299339320119358,1.2840255687687823,1.5780951434012283,1.2270569199535215,0.09823604352317614,1.0,1.0,0.1,1.0,0.2,129,138.97174303359384,6865.406923323108
4,82,1.210119721286474,1.298952747570856,1.2836246760406924,1.5815975826096595,1.2115113092146028,0.0982261403399607,1.0,1.0,0.1,1.0,0.2,130,140.8748081498004,6873.6362226741085
4,83,1.2101177995089039,1.2988395103642234,1.283507210140012,1.58534734421918,1.2103114004068334,0.09821215522344776,1.0,1.0,0.1,1.0,0.2,131,138.1627915450827,6858.2025267181325
4,84,1.2101329277649089,1.2977181459793177,1.2823432556002083,1.5920403021814094,1.2123421498605091,0.09841650896270995,1.0,1.0,0.1,1.0,0.2,133,140.9244303687934,6855.494656229802
5,0,0.46548864924325534,0.7650486538829759,0.7562834037952797,0.41419702504863926,0.0,0.0,0.0,0.0,0.1,1.0,0.2,1,28326.539019429303,137904.0790726624
5,1,1.6564923915333984,1.9861339900016097,1.9756283185435686,1.6412067869023772,1.2223279742216755,0.12180610413261266,1.0,1.0,0.1,1.0,0.2,3,13289.236764207018,165493.05126384654
5,2,1.4807549047130628,1.9472151026148221,1.9393672233396784,1.6219284270601708,1.3235995895711352,0.1313171145495608,1.0,1.0,0.1,1.0,0.2,5,7465.065715287252,50929.986465288704
5,3,1.4582034134615762,1.9623652129108475,1.957138670050729,1.6608913702686403,1.2331419658835323,0.13571529540897012,1.0,1.0,0.1,1.0,0.2,7,5008.538490485058,50247.56281826504
5,4,0.8417297905380194,1.3562544610915233,1.344363380070557,1.0413301422023797,1.0740377654060371,0.11503006605039541,0.519045146140032,1.0,0.1,1.0,0.2,8,6881.890054591624,48104.634327987405
5,5,1.233819129897376,1.6762420488865681,1.6583453617430184,1.3770939108611147,1.5604435961080354,0.1151703050569038,1.0,1.0,0.1,1.0,0.2,10,1176.062261951989,17990.998474767148
5,6,1.2309548893681979,1.6622881051554603,1.6438706291224192,1.3644494812181251,1.2711124181010482,0.11523115924744809,1.0,1.0,0.1,1.0,0.2,11,944.1814358026644,17621.687549778104
5,7,0.9871433857234435,1.3677541571974066,1.3512483678206835,1.1036790639606802,1.2509115681996492,0.11016000897914176,0.7658415830314358,1.0,0.1,1.0,0.2,12,489.7131221579068,6847.084883347373
5,8,0.986837367346489,1.366075888160656,1.3515801167813777,1.1180115954226602,0.9833344358095009,0.11016000897914176,0.7658415830314358,1.0,0.1,1.0,0.2,14,490.95324077990153,6755.985071441131
5,9,0.7300611712635148,1.0985843844681844,1.0815785493723713,0.8486179750843228,0.7667711559886281,0.11000940305039564,0.5100898534196137,1.0,0.1,1.0,0.2,15,373.5376079180916,124767.09160214794
5,10,0.9681023406849676,1.335027695656729,1.3179564837267872,1.0724194201838653,0.9668350223730515,0.10874506209756951,0.7484142631689256,1.0,0.1,1.0,0.2,16,523.3958068554567,46014.973765561794
5,11,0.7237597267647271,1.0868351020774805,1.0675382499856996,0.8317987615188109,0.7275171560698628,0.10998500334754088,0.5041979145305231,1.0,0.1,1.0,0.2,17,363.2326661027617,123869.7025123148
5,12,0.7183054600411976,1.081734165722894,1.0645197667398223,0.8273663836037493,0.7143141303020311,0.10865323862108982,0.4989661326949822,1.0,0.1,1.0,0.2,18,501.9776955431721,46013.69797854238
5,13,0.7453873061423308,1.0860153136238082,1.0678753571736128,0.8423281998253094,0.8543136695978122,0.1082091408926689,0.5281019767418235,1.0,0.1,1.0,0.2,19,222.79446635285063,2165975.457099075
5,14,0.7443574746010964,1.0690127534858005,1.0523111058192867,0.8288173216509291,0.7757064288463753,0.1082091408926689,0.5281019767418234,1.0,0.1,1.0,0.2,21,249.23285444194832,2170305.2873034766
5,15,0.7349914318250308,1.0579696698623942,1.041201615895122,0.8179817686828814,0.7377740273789453,0.10818497071364705,0.5188416557798617,1.0,0.1,1.0,0.2,22,195.12396933414612,2160618.4431214
5,16,0.7450004630670644,1.067083300346872,1.0502800455392276,0.8334705828622253,0.7435323179392519,0.10814553582978186,0.5289025472205734,1.0,0.1,1.0,0.2,23,252.84592376588176,2172724.906351974
5,17,0.684731880768596,0.9962244808237306,0.9831446427648274,0.7828366906419377,0.7412993857020189,0.10706663518849131,0.4694551437265484,1.0,0.1,1.0,0.2,24,302.5272224167363,52830.465658626206
5,18,0.7114798086163552,1.020896435002243,1.005665221891321,0.8033911309310253,0.7103965981917282,0.1087951261436515,0.4960675586228616,1.0,0.1,1.0,0.2,25,206.4627837407372,1864224.3457421723
5,19,0.5664334779122331,0.8735167056923179,0.8602643728002075,0.6696132261285016,0.5788841606137023,0.10707594637087384,0.3513709128304804,1.0,0.1,1.0,0.2,26,290.848811666722,53096.33947382598
5,20,0.6977729443993883,0.9803000144208482,0.9660933015194595,0.7789303911502576,0.8065327743335673,0.10740924072541772,0.4837025049833617,1.0,0.1,1.0,0.2,27,158.7367367767251,1449603.178037968
5,21,0.7490566594335624,1.0282094996943452,1.0138721084050537,0.8296288895519888,0.7622630190572954,0.1072875834836132,0.5351275709498687,1.0,0.1,1.0,0.2,28,162.67680145495214,3790849.888948887
5,22,0.6959841866683394,0.9661340773717526,0.9535209053701699,0.7747738632696228,0.7387307334030178,0.10669360665752721,0.4824491254359639,1.0,0.1,1.0,0.2,29,141.80105444366274,1026362.6368359022
5,23,0.698126109403165,0.9642684847922822,0.9515011937935707,0.775933658988597,0.7044372272819728,0.1065768508828219,0.48472615149502535,1.0,0.1,1.0,0.2,31,132.53335879777694,1485352.3937396589
5,24,0.7148855395710771,0.9475664131817354,0.9355906899859463,0.7749728991889544,0.8692237102400027,0.10706037573240312,0.5023137308321297,1.0,0.1,1.0,0.2,32,92.451339541992,2046487.88615694
5,25,0.5897696295751816,0.8108085607918181,0.7983899661471197,0.6525114421242206,0.6141661292279668,0.10707900445689926,0.37742495784742636,1.0,0.1,1.0,0.2,34,106.34090036780697,1493949.5937086442
5,26,0.583446919442508,0.8044017096517444,0.7919799682641779,0.6461099433804542,0.5821618233614761,0.1071739813788715,0.37109419943981903,1.0,0.1,1.0,0.2,35,85.17106691871771,1532864.9339349512
5,27,0.5828630618192173,0.7813562085883234,0.7680826234279703,0.6253386861058308,0.6819302916877781,0.1064732837032473,0.3709512392472679,1.0,0.1,1.0,0.2,36,80.58906417918644,1511503.6022829567
5,28,0.5830140563086867,0.7705063579239666,0.7568167203837992,0.6224975946010158,0.6062587904823256,0.10654418645649462,0.37124665367870563,1.0,0.1,1.0,0.2,38,81.17593611611005,1513203.8279238334
5,29,0.5777206712587646,0.764378267867583,0.7506571322683471,0.616430610265978,0.5800949833498994,0.10658551794537581,0.3659593169275887,1.0,0.1,1.0,0.2,39,75.99157426468503,1084030.042061475
5,30,0.4994306329244358,0.681308555455501,0.6653348512266317,0.5450156793309031,0.5139771902413561,0.10596817215632903,0.2877757144696288,1.0,0.1,1.0,0.2,40,89.0405952544758,1513206.7434425924
5,31,0.499347898394985,0.6694169679232818,0.6529975474903331,0.5413453755472702,0.5245727816432324,0.10601537401128239,0.28782690648467213,1.0,0.1,1.0,0.2,42,89.53698477451526,1515617.0489573567
5,32,0.4993329565018123,0.6693299192613786,0.6549798077671158,0.5502339838644152,0.5014426132393748,0.10601537401128239,0.28782690648467213,1.0,0.1,1.0,0.2,44,88.11502775653688,1515464.359249951
5,33,0.5713847115905589,0.7353374070958028,0.7228315184097813,0.6048774484372286,0.5786910805364069,0.10610480516578955,0.35994688809715325,1.0,0.1,1.0,0.2,48,86.05892301933072,1517953.382987519
5,34,0.5738619001704618,0.7403277173829013,0.7320607012807849,0.6355279734198263,0.5730986182564846,0.10691964786787105,0.3623440219881075,1.0,0.1,1.0,0.2,58,61.82322565876313,1511547.3831744862
5,35,0.4871788116675709,0.635964421227047,0.6249592813792875,0.5962577598697307,0.5119854146631089,0.10267148866706591,0.27624565665170653,1.0,0.1,1.0,0.2,61,304.4231654791247,15917364.633818263
5,36,0.48707437065793696,0.6230521355337437,0.6136378507130993,0.5943783740508339,0.5156525729285264,0.10267148866706591,0.27624565665170653,1.0,0.1,1.0,0.2,63,313.32409839601024,15920539.902658278
5,37,0.48747704809177944,0.6226608546390167,0.6132167384370273,0.5973979175883068,0.4886730478118227,0.10259541991960516,0.27666178525121377,1.0,0.1,1.0,0.2,65,321.07531130524586,15934164.479322152
5,38,0.440687174810073,0.5731087550328411,0.56356084518491,0.5559175029662007,0.45233798622955634,0.10273920952815022,0.2298775018181191,1.0,0.1,1.0,0.2,66,304.6724274107096,15919436.161646042
5,39,0.4405221491268566,0.5715720412660057,0.5619726048320515,0.5545155741123666,0.44604516163645347,0.10267287723459362,0.22972881751930263,1.0,0.1,1.0,0.2,67,333.6484002947828,15913598.8684967
5,40,0.440565681156206,0.5708379441077716,0.5612092814531033,0.5577569350245017,0.4434753314145182,0.10268443808480096,0.22977663767386725,1.0,0.1,1.0,0.2,68,299.20577354130296,15912617.279420368
5,41,0.44158088001610846,0.5686521571993461,0.5589032398398208,0.5597870244791763,0.4551989062409778,0.10260795774345696,0.23082144613926747,1.0,0.1,1.0,0.2,69,352.93961218301183,15916934.417047588
5,42,0.44038481174091443,0.5671290167198018,0.5573678529244461,0.5621965845974681,0.4413317964059076,0.10267643957880894,0.22962073554627255,1.0,0.1,1.0,0.2,70,335.53529685135163,15914520.537837924
5,43,0.44056798942390907,0.5660830545133795,0.5583479449724438,0.5714021627665413,0.4513807771414559,0.10273573954128501,0.22981498807826642,1.0,0.1,1.0,0.2,71,303.62649326483074,15919634.79723397
5,44,0.44039504599059665,0.5621294863483055,0.5542524403636191,0.5638739334165189,0.45658619847326415,0.10266919193264723,0.2296729801922325,1.0,0.1,1.0,0.2,72,332.40719037531545,15913879.54084825
5,45,0.44039348952996127,0.5618804923395946,0.5539941456758155,0.567590618582339,0.4404844850820083,0.10266919193264723,0.2296729801922325,1.0,0.1,1.0,0.2,74,333.564434910527,15914207.64441358
5,46,0.4403847604364302,0.5606038123077377,0.5526698573081581,0.566439922984566,0.4455279822993218,0.10268278530916689,0.22967081739444506,1.0,0.1,1.0,0.2,75,298.60215557983537,15912717.932261596
5,47,0.4407203743071004,0.56036870222595,0.5524133204711026,0.56965829244056,0.4415373076166015,0.10260656542591899,0.23001759122736787,1.0,0.1,1.0,0.2,77,306.2216183369953,15926335.763969664
5,48,0.438540572027009,0.5564892748105199,0.5484701190419359,0.5586070028240424,0.44559610332257216,0.10252102781703465,0.2278567437761342,1.0,0.1,1.0,0.2,78,316.0157470806243,15919790.246328672
5,49,0.4839602698932341,0.6018533703012559,0.5938321410915033,0.60439805446728,0.48377423950769516,0.10249105699122552,0.27327977595023667,1.0,0.1,1.0,0.2,79,285.0764055379052,15917391.745929344
5,50,0.4060397505746521,0.5232259489454456,0.5151781844814434,0.540731012113076,0.4059586686908056,0.10286030163686843,0.19532660433043725,1.0,0.1,1.0,0.2,88,320.4314262968128,15920911.385409163
5,51,0.4003364668270838,0.5169672946238302,0.5088986578710555,0.5781765315202929,0.40072877599039924,0.10546198176086105,0.1893664893922496,1.0,0.1,1.0,0.2,91,118.89901454832057,128184.36471046253
5,52,0.40020791345988826,0.5154722019992803,0.5073523157844932,0.5845395784821898,0.40581845804221406,0.10591616612555348,0.1892006504759544,1.0,0.1,1.0,0.2,92,108.3288704571792,139689.06162806
5,53,0.4001089239657091,0.5133613367330894,0.5051659525098884,0.586692970983179,0.408562665692216,0.1059430423481611,0.1891107258105664,1.0,0.1,1.0,0.2,93,92.96431864245604,129511.17775778216
5,54,0.4002578369800396,0.5122081250185367,0.5039638752434379,0.5978823159054519,0.40560492478354293,0.10573160652465977,0.1892882762395528,1.0,0.1,1.0,0.2,94,109.1846786138701,140351.0846330849
5,55,0.4002546421514649,0.5116421264365105,0.5033767504901328,0.6014364684176636,0.4010973639516256,0.10573160652465977,0.1892882762395528,1.0,0.1,1.0,0.2,96,110.06300588029504,140419.4793559943
5,56,0.4004591782909759,0.5104557807368333,0.5021382266449077,0.6166710330011527,0.40314116177576864,0.1057583139012132,0.18949799286140243,1.0,0.1,1.0,0.2,98,111.78590769812128,140670.04858902103
5,57,0.4004559682216965,0.509875645354898,0.501536452342145,0.6161428831820206,0.4013404591412998,0.10575831390121315,0.1894979928614024,1.0,0.1,1.0,0.2,100,112.58614511900105,140735.90078714406
5,58,0.44389710454373893,0.5497297818995719,0.54747300008892,0.6484921301608617,0.4770099767938956,0.10610683119337594,0.23294496686379995,1.0,0.1,1.0,0.2,101,114.507317066157,137665.9410009898
5,59,0.4073127380926612,0.511659322227594,0.5134914374985802,0.665690923007854,0.41151833060443976,0.10620873840787448,0.19637116161825588,1.0,0.1,1.0,0.2,105,114.89953248524314,137525.38186205536
5,60,0.4066217929497733,0.5088077025914657,0.510558821554107,0.6546857304933278,0.4110664421606872,0.10628826498703332,0.195682823561224,1.0,0.1,1.0,0.2,107,107.035400117129,136581.38637743416
5,61,0.43907950837970383,0.541847682199015,0.5456930127952135,0.6906539732646464,0.44041193429657177,0.10585262766287411,0.228187689756494,1.0,0.1,1.0,0.2,109,118.5047357857103,135812.63116950294
5,62,0.4070460302706881,0.5070362461927835,0.5066327415855609,0.6627909064964648,0.40728376241428044,0.10597183075719945,0.1961428829816655,1.0,0.1,1.0,0.2,110,104.19554742962512,135725.2350330453
5,63,0.40673836416040876,0.5090193526004154,0.5128464208360044,0.6702095699904611,0.40803923804582903,0.10527660384793988,0.1959064846795,1.0,0.1,1.0,0.2,111,120.040722061017,143128.40863102092
5,64,0.4066814256231927,0.5049723210742765,0.5045051218945568,0.6608941487432437,0.41225590101409226,0.10578745556859118,0.19580478865697742,1.0,0.1,1.0,0.2,112,109.1728952225662,134313.85854329556
5,65,0.4066589463584463,0.5086523242291981,0.5145409621052943,0.6898075581694354,0.40759255072339284,0.10579434387331126,0.1957829348402328,1.0,0.1,1.0,0.2,113,108.70361347797773,134233.85961045214
5,66,0.4066341423591726,0.5084734274454654,0.5143562734310656,0.6896439734359785,0.4070165558869173,0.10578447094999963,0.19575984153579934,1.0,0.1,1.0,0.2,114,108.8596791362928,134236.77826223787
5,67,0.40664782298870816,0.5095318407184424,0.5175261625676273,0.7104594677312808,0.40697504834144593,0.10578616574824593,0.19577467607722204,1.0,0.1,1.0,0.2,116,111.24251742449025,134240.59084245528
5,68,0.453587891196058,0.5554335614398273,0.5654613293376662,0.8192488887010163,0.45440145731938975,0.10689920418606973,0.24261437566210362,1.0,0.1,1.0,0.2,128,124.3369952760963,132260.44301837884
5,69,0.4675047416697754,0.5547603706831805,0.5580244000823127,0.7808453089146465,0.5138013055787705,0.10697971043033101,0.25656909689847096,1.0,0.1,1.0,0.2,129,103.09069444410252,129839.2243991012
5,70,0.4688438110770471,0.5561782268518703,0.563589963633791,0.8140909274317922,0.4742599800783806,0.10688972847285041,0.2579275761389942,1.0,0.1,1.0,0.2,131,107.69015915425597,131596.32285107631
5,71,0.46884796978022586,0.5559664957878216,0.5633701457927391,0.8138991388924974,0.469122001589727,0.1068786591229371,0.25793370277301003,1.0,0.1,1.0,0.2,133,108.30416374267284,131669.42817686292
5,72,0.46884820304255337,0.5559646310052009,0.5633681844130304,0.8138974823721601,0.4686250086207435,0.1068781326045288,0.25793399698491004,1.0,0.1,1.0,0.2,136,108.31236586413158,131671.36770232665
5,73,0.46864605396162734,0.5542287117181286,0.5595024735094467,0.8178296799320439,0.46873604109147027,0.10691666881227782,0.25772881623909427,1.0,0.1,1.0,0.2,139,106.24395645684186,131351.99008321727
5,74,0.4188974904618544,0.5057442034194961,0.5193548297781354,0.8382852234377118,0.4208401565738308,0.10727134086982752,0.20796054915077322,1.0,0.1,1.0,0.2,146,94.59992600398814,80211.08685425963
5,75,0.4172715805452607,0.5021616275443122,0.5136265907201318,0.8317390833282017,0.41845017957036856,0.10703864025925217,0.20636030405525552,1.0,0.1,1.0,0.2,148,91.99994048515704,80126.64964079716
5,76,0.41678235479577075,0.5035270214811995,0.5192062101097366,0.8522916938792993,0.42009329817275187,0.10710001891916329,0.2058679633908048,1.0,0.1,1.0,0.2,149,88.63043403659896,79452.56502114405
5,77,0.4193177402889797,0.5038227310678072,0.5173456661811668,0.854004992221258,0.42111998125097605,0.10701765779547143,0.20841500201744845,1.0,0.1,1.0,0.2,151,96.56024987013907,79614.11869868344
5,78,0.4528768481984307,0.5371901104672885,0.5527782594322532,0.9264181538759548,0.45319729947501836,0.10734023559739274,0.2419474717432025,1.0,0.1,1.0,0.2,164,87.86177581456984,141229.82110933345
5,79,0.452898733547206,0.5373802776096162,0.5550471052527008,0.9474635986566571,0.457802782151362,0.107422027263265,0.24196540802945554,1.0,0.1,1.0,0.2,165,89.09625645167263,140589.69256634195
5,80,0.4487417101849354,0.5192598450360266,0.5343315617638049,0.9549110088220287,0.4565301332159165,0.10730017416420026,0.23786361046807136,1.0,0.1,1.0,0.2,172,93.2528334186939,135502.11919721152
5,81,0.4460830098590408,0.5242047318499258,0.5519955783660222,1.1160128640596878,0.4459994194581222,0.10718320853853891,0.23521775500756342,1.0,0.1,1.0,0.2,197,89.91641952822823,135959.34604943212
5,82,0.4446416215024567,0.5186318033726092,0.5441955996047094,1.1021436839920524,0.45682998213651443,0.10767780595638872,0.23373570737840227,1.0,0.1,1.0,0.2,198,92.43884128551092,136529.80609180473
5,83,0.4480627259015151,0.5229087672856745,0.5505770227960495,1.128708631426521,0.44896147220625104,0.10771841460986305,0.23715420492331604,1.0,0.1,1.0,0.2,200,91.01055913901978,136578.87292205566
6,0,1.0,0.8479267572801785,0.842253334768916,0.48913730169865177,0.0,0.0,0.0,0.0,0.1,1.0,0.2,1,5048.503043230915,163434.52369063583
6,1,1.8219732597001401,2.0189929177589034,2.009751604531058,1.6671498428246572,1.4260424673527816,0.11148970531050759,1.0,1.0,0.1,1.0,0.2,2,5040.776672930765,161249.52647437155
6,2,1.7467329126146833,1.9970848286723757,1.987041457921871,1.6508517081525242,1.267707762876,0.10740078138083686,1.0,1.0,0.1,1.0,0.2,3,5124.849300299999,165493.05126384654
6,3,1.661793572190732,1.9983491953945745,1.9904098488236215,1.652397956692704,1.2867725811793782,0.11160935630187621,1.0,1.0,0.1,1.0,0.2,4,4954.877041093668,159737.4665447058
6,4,1.6541979101263216,1.9948155194488886,1.9846717512733372,1.6503426161195232,1.2185719831212651,0.11161702701268687,1.0,1.0,0.1,1.0,0.2,5,4943.993310767675,159603.20249344944
6,5,1.4738142597272526,1.9205260271543458,1.9117560427234719,1.596349907965554,1.4390079104923517,0.11159514171031751,1.0,1.0,0.1,1.0,0.2,6,3540.652327289456,117680.2816422966
6,6,1.3884711383543513,1.881711442349182,1.8692672854751005,1.5654010024148746,1.3967049469887676,0.15276081813594217,1.0,1.0,0.1,1.0,0.2,7,1562.1395644016488,111143.48328419364
6,7,1.3827404452406702,1.8783602168139137,1.8657914381176561,1.5705586290632112,1.2225773218898643,0.15264219557668174,1.0,1.0,0.1,1.0,0.2,9,1506.88819857521,108964.5739180017
6,8,1.3167778121119282,1.8315205360051976,1.8215086413261294,1.5298410529972046,1.4110914430452508,0.10998099020185644,1.0,1.0,0.1,1.0,0.2,10,1277.8634886303134,75041.99401405052
6,9,1.3157485112885994,1.83012289608608,1.820058903694587,1.516102726740878,1.215250209736565,0.1099720733734029,1.0,1.0,0.1,1.0,0.2,11,1106.945005644508,79701.7566647456
6,10,1.2552301119312028,1.7448481965006402,1.7316051779896002,1.4589896178092403,1.5852924718467265,0.1093630214150298,1.0,1.0,0.1,1.0,0.2,12,490.0805475102042,32392.926708421543
6,11,1.2511118012616402,1.7362183440689127,1.7247259593534712,1.4421594817976795,1.253308236554903,0.10935487563629524,1.0,1.0,0.1,1.0,0.2,13,362.6084950754572,37854.71864033256
6,12,1.2354233752641344,1.6889417206380852,1.6736191559474194,1.4162745565346022,1.4226295623503233,0.10773456182225158,1.0,1.0,0.1,1.0,0.2,14,201.53869446045573,29317.159407540003
6,13,1.2229197651283508,1.6269434795367117,1.61143023273699,1.3632345397641048,1.3398208679431598,0.09440881747828625,1.0,1.0,0.1,1.0,0.2,16,154.89796064655715,4278.531926580475
6,14,1.2184695835694126,1.5880702209497077,1.5711088077136464,1.336122875349616,1.2942016950109465,0.09389058000648107,1.0,1.0,0.1,1.0,0.2,18,144.77506933434455,4506.142155643308
6,15,1.2164132030132266,1.5637995036638723,1.5459348349481787,1.3203560373631613,1.2622876861514958,0.09327428279164028,1.0,1.0,0.1,1.0,0.2,20,138.66853724547423,5691.981834017198
6,16,1.215831482714162,1.5554893081920105,1.5373147342832731,1.3220721662021744,1.2275248891848196,0.09326673666080944,1.0,1.0,0.1,1.0,0.2,22,129.36939427833724,5517.638026174189
6,17,1.2156545362876696,1.5521009225757874,1.533797876747225,1.3190591106378131,1.2248392479453636,0.09382158331391892,1.0,1.0,0.1,1.0,0.2,23,128.801846387554,22141.1340420214
6,18,1.2154781002363084,1.5500809110277753,1.5317044926456966,1.3264031328196673,1.2175553659173963,0.09326149305968277,1.0,1.0,0.1,1.0,0.2,24,124.57975495446442,5436.028714171842
6,19,1.215149239150138,1.5452184591937337,1.5287310748938918,1.3202738717796942,1.2370233389508383,0.09385491196086744,1.0,1.0,0.1,1.0,0.2,25,114.13687703490784,23495.69290181946
6,20,1.2137202880724174,1.525400572309467,1.5123280454183223,1.3132678656427776,1.2577584273837663,0.09142332914628876,1.0,1.0,0.1,1.0,0.2,27,173.4131841623749,338077.1623223231
6,21,1.2129733314679674,1.5069461789780276,1.4931830813869185,1.3159662649333823,1.2294408799678247,0.09199775264480714,1.0,1.0,0.1,1.0,0.2,31,153.04097676571223,255938.1142849221
6,22,1.2119087537912814,1.4785276841013193,1.4616366169130883,1.2984663840713349,1.2681918232187117,0.09071568920668692,1.0,1.0,0.1,1.0,0.2,33,92.45983031384732,745041.0005094374
6,23,1.2118311197235718,1.4772151085590606,1.4623476157232256,1.305502803132216,1.2147763082614773,0.09071568920668692,1.0,1.0,0.1,1.0,0.2,35,100.30413553338828,745870.9638729455
6,24,1.211713339229925,1.471803343010627,1.4546614170771028,1.2966365634682724,1.2269711801001872,0.0907156480899731,1.0,1.0,0.1,1.0,0.2,36,82.48290035087697,748744.3472608342
6,25,1.2112166469417331,1.4538451805008064,1.4381058390185604,1.2922881474520853,1.2512967500339993,0.0906977111184055,1.0,1.0,0.1,1.0,0.2,38,83.77910041136059,747490.9910582715
6,26,1.2111450463490883,1.450659760407441,1.434801613916197,1.2963334622490752,1.2160504385798503,0.09071125973299252,1.0,1.0,0.1,1.0,0.2,40,81.56564783556517,750471.9335462024
6,27,1.2111869219816742,1.4506580849510542,1.4347981776898269,1.305498756706277,1.2095945588795256,0.0911546600314883,1.0,1.0,0.1,1.0,0.2,41,80.47183063393443,745312.8845562903
6,28,1.2110635599667037,1.4483227162505854,1.4323784889079343,1.3011403287293393,1.2186662049446282,0.09041013129945592,1.0,1.0,0.1,1.0,0.2,42,84.24193738284055,749753.1959215236
6,29,1.2108539524908586,1.4369592216179472,1.4226616701461112,1.3054897052229704,1.2649758823935693,0.0909498949995598,1.0,1.0,0.1,1.0,0.2,43,64.20619921137215,740929.5335832501
6,30,1.2107099347169736,1.4280468068334666,1.4113442617559866,1.2994227213705905,1.2256698422728525,0.09092120705057798,1.0,1.0,0.1,1.0,0.2,45,67.01734332535727,746747.4231036762
6,31,1.2106681437251732,1.4289832592828773,1.4143895475944144,1.3128556532189655,1.2098352531223564,0.09056698540673502,1.0,1.0,0.1,1.0,0.2,47,66.2255981266547,743529.2221336296
6,32,1.2107035378650073,1.4269686293511892,1.4122970462343332,1.3183408294333694,1.2137178382131402,0.0912917065857428,1.0,1.0,0.1,1.0,0.2,49,79.9475581898962,750257.7755177907
6,33,1.210661770517176,1.4304560585640398,1.4242052652012067,1.367584502980513,1.2097768977670478,0.09118693798834694,1.0,1.0,0.1,1.0,0.2,61,46.639100254001214,748442.435955829
6,34,1.210368131716325,1.4170994475246643,1.4103533615617085,1.3592862725899917,1.2672072511413561,0.0903884674955448,1.0,1.0,0.1,1.0,0.2,62,44.96704771682101,750563.3687597658
6,35,1.2103153317568744,1.4149379743051493,1.4122557276206613,1.3811835979608569,1.2302480837920986,0.09057114150951384,1.0,1.0,0.1,1.0,0.2,63,34.25226778002664,751471.2735610701
6,36,1.210296111999329,1.4116772839004323,1.4068004968058563,1.3794646365462546,1.2175360897277385,0.0906534606557201,1.0,1.0,0.1,1.0,0.2,64,42.66327449604184,751196.356482426
6,37,1.2102840201305667,1.4094858410484943,1.4045265965518121,1.3849941203646345,1.2139240361290302,0.09083983270453394,1.0,1.0,0.1,1.0,0.2,66,43.54099142919365,751362.1861973641
6,38,1.2102792282923833,1.4100399359107592,1.4071737587018267,1.3919706106037553,1.2102275704859773,0.09089861943700513,1.0,1.0,0.1,1.0,0.2,69,43.97990940651598,750374.0572990234
6,39,1.210217451744294,1.4050286054107621,1.4019752423845901,1.3950656010594824,1.2310660651316905,0.0909482704232625,1.0,1.0,0.1,1.0,0.2,70,38.39649569890744,747179.5255939206
6,40,1.2096680031750044,1.3940140952798847,1.388493480112294,1.3786850477833703,1.2289293993946886,0.08660030619782373,1.0,1.0,0.1,1.0,0.2,72,35.88430573279837,832484.9614972023
6,41,1.209651005536163,1.3918711520764113,1.3862702671126454,1.3997246996780006,1.2110277243720153,0.08668230384682926,1.0,1.0,0.1,1.0,0.2,76,35.351032827967494,832142.586670609
6,42,1.2100951834426636,1.394429805629258,1.3930527491717046,1.4307768910644425,1.2114839599378653,0.09118637447962155,1.0,1.0,0.1,1.0,0.2,77,37.562651058411454,747420.1838491902
6,43,1.209615411479764,1.3892385453030296,1.3835396665691244,1.405145155905152,1.2177922335613927,0.08662597492368253,1.0,1.0,0.1,1.0,0.2,78,33.88242268934807,832509.0110061314
6,44,1.2095412421388625,1.381683583266264,1.3777746431233635,1.4048242166175098,1.2476679447878034,0.08684352607927898,1.0,1.0,0.1,1.0,0.2,79,32.87728012768968,832211.5319658903
6,45,1.2095249595396445,1.3810706738186678,1.377139262063314,1.4159001253917451,1.2099945106310117,0.08674262232665085,1.0,1.0,0.1,1.0,0.2,81,32.90386451970988,831993.8655652038
6,46,1.2094937342528194,1.3790497276083344,1.375043332384529,1.4217163769076755,1.2174673968320409,0.08663415044336638,1.0,1.0,0.1,1.0,0.2,82,33.72189134809808,833051.6491235902
6,47,1.209498884005253,1.378227337856499,1.3741897732995394,1.421310370660174,1.2123385159010258,0.08676919283676668,1.0,1.0,0.1,1.0,0.2,83,31.73590410690221,834587.5273580548
6,48,1.2098659983773574,1.3853615142791578,1.3919392507525012,1.50208839780656,1.2090542476069897,0.09044348327587723,1.0,1.0,0.1,1.0,0.2,97,35.059988856727706,754586.7087270695
6,49,1.2158846900729208,1.3861299438346675,1.3862936673296,1.5253711823634586,1.2167059777601594,0.15074097844611448,1.0,1.0,0.1,1.0,0.2,100,26.284964875579224,78011.60003148054
6,50,1.2158425672960504,1.3843529947717104,1.3844513406591041,1.5277099056197627,1.2227223681157553,0.1504905879901901,1.0,1.0,0.1,1.0,0.2,101,26.922481629419675,77357.44186666296
6,51,1.2158041673893751,1.3809703423501307,1.3809427384326116,1.5286051258623043,1.2298330630873169,0.1504275217344852,1.0,1.0,0.1,1.0,0.2,102,26.017238687796898,78365.71972000551
6,52,1.215745665364272,1.375227023830749,1.3749853957529232,1.539201168897934,1.221318436596153,0.1503634148873404,1.0,1.0,0.1,1.0,0.2,106,24.763812686670008,78703.8192407356
6,53,1.2157536568617215,1.3740982962123196,1.3738138902658972,1.5421303870485439,1.2200802017631198,0.15054395939706272,1.0,1.0,0.1,1.0,0.2,107,24.74680240244771,77639.30393309821
6,54,1.2157610990303558,1.3739625767670889,1.375744909043307,1.5500614799615269,1.2215667972866449,0.15074667372553435,1.0,1.0,0.1,1.0,0.2,108,22.149124322119025,63498.084282918135
6,55,1.2156522164102117,1.3713303726955932,1.3730177678198134,1.5596409659326294,1.2261349764730607,0.1498737083079148,1.0,1.0,0.1,1.0,0.2,109,22.83497473318516,79120.38126594407
6,56,1.2156632125752416,1.369186633213773,1.370792981831454,1.5497374808256126,1.2197744301843334,0.15016364329813509,1.0,1.0,0.1,1.0,0.2,111,22.285878544986065,79017.50658493953
6,57,1.215698547478897,1.360100068771626,1.3510024703812662,1.5422005212124676,1.2206048102918343,0.1507213724996083,1.0,1.0,0.1,1.0,0.2,113,22.418851680437864,62262.91973365308
6,58,1.2156937552401381,1.3582006988350313,1.3490318467142133,1.5444271952851576,1.2233985681698263,0.1508236948558868,1.0,1.0,0.1,1.0,0.2,114,21.813238227767577,61509.19180410264
6,59,1.2156339737575843,1.3501009860016906,1.3406299208978198,1.5410569364879743,1.2505235013293396,0.15083488572542644,1.0,1.0,0.1,1.0,0.2,115,17.212035683027743,59925.4979392801
6,60,1.2152397883085526,1.364109256573577,1.3779736970778518,1.6458799730977811,1.2148581160037788,0.14693894262990487,1.0,1.0,0.1,1.0,0.2,132,27.000446236425564,22277.52953153512
6,61,1.2153315952248953,1.3634434098420438,1.3772794854550972,1.6410252527199463,1.2162126392620818,0.14788032172978496,1.0,1.0,0.1,1.0,0.2,133,29.24197344774733,20572.75929360305
6,62,1.2151774298775064,1.3545858737191823,1.3680950336234385,1.6372152823145736,1.2530783903451648,0.14693894262990487,1.0,1.0,0.1,1.0,0.2,134,24.64870484384346,22344.897072438984
6,63,1.2152471174769954,1.3539183020886,1.3694720183101927,1.65216450357565,1.2193324678420034,0.14777071771410472,1.0,1.0,0.1,1.0,0.2,136,25.222066310519807,22706.18397306812
6,64,1.215104356372576,1.3459009911009054,1.3590868444813502,1.6377596864418997,1.2291096887178403,0.1467523454818473,1.0,1.0,0.1,1.0,0.2,138,23.288232641073268,22209.98838219294
6,65,1.215104621808182,1.3444753446327196,1.3576076782257431,1.6364912430181773,1.2178984123998307,0.14684250484508257,1.0,1.0,0.1,1.0,0.2,140,23.56150524264761,22020.247473195595
6,66,1.2151941971903324,1.343648683556722,1.356746639914573,1.635732450149974,1.2186495773535104,0.1477903331775963,1.0,1.0,0.1,1.0,0.2,141,23.179767654502754,22021.559898983167
6,67,1.2150897846882958,1.3418986394298384,1.3549348238684247,1.6341458295020221,1.2219358716869417,0.14684250484508257,1.0,1.0,0.1,1.0,0.2,142,22.3876719846842,22065.157856041653
6,68,1.2151286831627783,1.3417303717560563,1.356831083351374,1.6844266972847035,1.2156222566769403,0.1473245002766927,1.0,1.0,0.1,1.0,0.2,150,23.265448849482883,24247.28124248465
6,69,1.2150223886748466,1.340241542476041,1.3615073025131947,1.7115741087208576,1.222434397101073,0.14655599461765131,1.0,1.0,0.1,1.0,0.2,153,20.55725147912701,23105.978240725137
6,70,1.2150884275882312,1.3405592454744335,1.363906751382099,1.715937069942972,1.2193983647209186,0.1472734644569645,1.0,1.0,0.1,1.0,0.2,154,21.451826826355795,21353.14140180309
6,71,1.2150298045217045,1.3403268421700927,1.3636678198993721,1.7243600325225399,1.2154318815574954,0.14669648064012236,1.0,1.0,0.1,1.0,0.2,155,20.620764769167923,23139.60151968044
6,72,1.2150967931057857,1.3367354669130416,1.3557946016849367,1.7053177035769396,1.2191630258290318,0.14741972352408264,1.0,1.0,0.1,1.0,0.2,156,20.630483603554453,22423.10494260449
6,73,1.2150763369166893,1.3367173999079849,1.3578489701796947,1.717992503982459,1.2205694169241794,0.14728482592021158,1.0,1.0,0.1,1.0,0.2,157,21.25739740057389,22465.61171893748
6,74,1.2150739028203075,1.3362455386411112,1.3573595044999818,1.7175629291977386,1.2167866001946983,0.14728482592021158,1.0,1.0,0.1,1.0,0.2,158,21.080660620231946,22473.089108581084
6,75,1.215272069196078,1.3279664796684048,1.348762607564408,1.724005694494845,1.2523102389292062,0.14968850640637027,1.0,1.0,0.1,1.0,0.2,159,22.12318158100848,22851.79046980078
6,76,1.2155966233456537,1.3295622891313046,1.3524784139680877,1.7740579761913071,1.215325270759234,0.1529364432261508,1.0,1.0,0.1,1.0,0.2,166,16.379427491605952,24356.256868800898
6,77,1.2155805799315846,1.3281319268418448,1.348922701938728,1.7599561018120757,1.2154695097424015,0.15278015195386124,1.0,1.0,0.1,1.0,0.2,168,16.41053109757007,24295.660081679664
6,78,1.2155579237514285,1.326319137113109,1.3470428298978476,1.7670887102795274,1.2231419895118247,0.15263799075691337,1.0,1.0,0.1,1.0,0.2,169,15.813531069542806,24297.05870756429
6,79,1.2155896881788273,1.3281064251490589,1.3530405771345848,1.7969929144782286,1.2192550942640892,0.1529974418653649,1.0,1.0,0.1,1.0,0.2,170,15.6296761577603,24412.339962168386
6,80,1.2155633473033987,1.325933246164338,1.3487146130008087,1.7743110020034611,1.216179036733479,0.15277181584519556,1.0,1.0,0.1,1.0,0.2,174,15.752831029193588,24080.179392113776
6,81,1.2155508003336895,1.3261010338993353,1.353033870184519,1.8144203963255081,1.2261639694329627,0.15275854306279896,1.0,1.0,0.1,1.0,0.2,175,15.510996349902348,24419.87263620341
6,82,1.215544169703381,1.3254099777585524,1.3523171589811256,1.813794903428376,1.2182818281004808,0.15272276010924052,1.0,1.0,0.1,1.0,0.2,176,15.316524935784727,24518.27922118006
7,0,0.6447111493916383,0.8020589580708589,0.794674379342373,0.4477463338705106,0.0,0.0,0.0,0.0,0.1,1.0,0.2,1,26321.969745975173,154548.78968468192
7,1,0.6124915468618645,0.7953673504165556,0.7877331226588603,0.4433319410273426,0.02234809222366698,0.0,0.0,0.0,0.1,1.0,0.2,2,25609.822589643347,151040.83813272958
7,2,0.4870202463511615,0.7693083268870471,0.76070195023504,0.41798911841195374,0.09992051012575576,0.0,0.0,0.0,0.1,1.0,0.2,3,22939.33050238998,117963.01767675256
7,3,1.6770727708921636,2.0058589149274497,1.9960260414850388,1.668950754931818,1.2357290378510692,0.13872001472493076,1.0,1.0,0.1,1.0,0.2,4,7146.441871255077,156090.67223049575
7,4,1.4944733218113622,1.968186949525871,1.9611056211711373,1.6409884309140998,1.4315097308762643,0.13554808300131146,1.0,1.0,0.1,1.0,0.2,5,5955.824411174122,49022.28504721524
7,5,1.4414612049130924,1.912319193296799,1.9052406509314352,1.6006197861883202,1.258363008471991,0.1316860433705625,1.0,1.0,0.1,1.0,0.2,7,15751.637810856077,67324.7928599279
7,6,1.4052444893898974,1.8988331202543345,1.891446541074196,1.592596210791894,1.2714972051275029,0.07939799665454517,1.0,1.0,0.1,1.0,0.2,8,8864.843052069875,50909.25800897463
7,7,1.3812814667004296,1.9018506584080292,1.8942829745123548,1.6063972080328164,1.2924598496054338,0.15810432366674884,1.0,1.0,0.1,1.0,0.2,9,3350.974284859142,102015.7379190014
7,8,1.3170907374739145,1.853382605631641,1.8439531718608813,1.5600968681276957,1.437240406098896,0.1724819974321434,1.0,1.0,0.1,1.0,0.2,10,3663.8415232156,43724.45397634948
7,9,1.2923950832083142,1.8534548328544487,1.8438648493037928,1.5713353124709795,1.3713789256140045,0.21623928100469744,1.0,1.0,0.1,1.0,0.2,11,1318.8931972879034,145848.55188434967
7,10,1.2773578393831087,1.810363502045452,1.8012458399189917,1.5454973808836596,1.2726061633614645,0.21428995084981978,1.0,1.0,0.1,1.0,0.2,13,1028.9018446988823,153248.74511128862
7,11,1.255899595747855,1.746430351313852,1.7373235697457192,1.487876615249138,1.3255774960101159,0.12759552178375938,1.0,1.0,0.1,1.0,0.2,14,2394.5184364411457,62751.59478300454
7,12,1.2553637836455096,1.7451804237445028,1.7360268218144788,1.4867464703505222,1.218249510827388,0.12765085859390013,1.0,1.0,0.1,1.0,0.2,15,2284.451620632122,61423.21675652875
7,13,1.2464885712559377,1.7228959782041025,1.7129235663882931,1.4721429450009105,1.2609844758631714,0.12428731042895388,1.0,1.0,0.1,1.0,0.2,17,769.8700964875998,107936.96739355716
7,14,1.2292347071684662,1.6539492316839668,1.643475460562762,1.4271602313936236,1.365995962162962,0.12476697238074216,1.0,1.0,0.1,1.0,0.2,19,314.43496735206867,69342.92143434726
7,15,1.2278900305781977,1.6434898101889557,1.630547089021797,1.4220182726398354,1.2330117795805278,0.1264191125970284,1.0,1.0,0.1,1.0,0.2,21,344.91727039237105,56843.57785904915
7,16,1.224454642979476,1.617550979295248,1.607766786633488,1.4149633493305436,1.2775393310810519,0.13149022843153893,1.0,1.0,0.1,1.0,0.2,23,288.10779082031337,71656.03060129365
7,17,1.229772630662413,1.6176100669668687,1.6076027321948712,1.418912319155467,1.2333487221630899,0.19188584475092824,1.0,1.0,0.1,1.0,0.2,25,220.83344491090605,52574.4209056523
7,18,1.2254957047985506,1.5599245934093178,1.5498185177253305,1.3846254264051472,1.477092556852764,0.1970565285998928,1.0,1.0,0.1,1.0,0.2,26,212.5245622129044,46946.698569900815
7,19,1.2251627178823625,1.5544788503427656,1.5441702357827252,1.3899145833726945,1.2316105291257944,0.1968973716933797,1.0,1.0,0.1,1.0,0.2,28,196.7797045363992,47169.19569971391
7,20,1.224341779679396,1.5358041216159009,1.5247932601638212,1.3800200737211414,1.3021263804733818,0.19839068919460262,1.0,1.0,0.1,1.0,0.2,29,112.47730139195303,216357.3774985784
7,21,1.2241087615451873,1.5350256510190208,1.5260630621564861,1.3814887758459966,1.2295691942187796,0.197104860524899,1.0,1.0,0.1,1.0,0.2,30,125.96634468581478,48697.98930599271
7,22,1.2240432212689936,1.528327677473549,1.519106677978652,1.3853696929005246,1.2491059798269173,0.199404356073634,1.0,1.0,0.1,1.0,0.2,31,61.381303880633006,60385.52378823913
7,23,1.2232808009707332,1.5130238878910174,1.5032376339210438,1.368284845042832,1.2868735761212515,0.19787163855002282,1.0,1.0,0.1,1.0,0.2,32,138.404637673702,47567.882095965615
7,24,1.2230425041952353,1.50689680076031,1.4968826544275446,1.3694056772341774,1.2333327179816271,0.1976976670670348,1.0,1.0,0.1,1.0,0.2,34,125.45223698018675,47833.436887330245
7,25,1.2221418275865568,1.4741187499048451,1.4628793848916866,1.3470797378481059,1.3630786627075324,0.19832757743923551,1.0,1.0,0.1,1.0,0.2,35,36.47302259631143,2108383.3581202915
7,26,1.2219881661127225,1.4698661051785773,1.4584700933544261,1.3432271805116727,1.237892700356221,0.1977991728171144,1.0,1.0,0.1,1.0,0.2,36,31.80464854771541,2118194.391666073
7,27,1.2220258241044508,1.4707317756289358,1.4614387992176494,1.353396635207142,1.2218349368919095,0.1982848879865306,1.0,1.0,0.1,1.0,0.2,37,30.34853103760204,2111364.69521036
7,28,1.2216535890388505,1.4556133443064363,1.4436863549301082,1.3405217607478277,1.2798747703927844,0.19760969601521766,1.0,1.0,0.1,1.0,0.2,38,28.24305866458962,2124478.6099213767
7,29,1.2214399579462296,1.4479267585550604,1.4357152526328965,1.3547801206115784,1.228051702056126,0.19699384857747124,1.0,1.0,0.1,1.0,0.2,42,23.095271292283705,2130169.0178386443
7,30,1.2214121268742986,1.4409205918074632,1.428443874632487,1.347632926250103,1.2354004220623085,0.19803380358891326,1.0,1.0,0.1,1.0,0.2,44,18.49863496877747,2114815.907400246
7,31,1.2210001634918581,1.4285961173159074,1.4177392009613898,1.364816592431899,1.2343440329401552,0.19616057454458552,1.0,1.0,0.1,1.0,0.2,48,21.312327917291288,2119921.6973103457
7,32,1.2209857841154939,1.4295530901583875,1.4208047579082126,1.3830663668940915,1.2212489579102501,0.19607515217773253,1.0,1.0,0.1,1.0,0.2,49,23.50642113527213,2120439.632148323
7,33,1.22093531620787,1.4251351032836557,1.4141494957662144,1.368742922414083,1.2330724131373776,0.1960409854726076,1.0,1.0,0.1,1.0,0.2,50,21.011837861921027,2122720.8262972543
7,34,1.220881259251963,1.4134067452048829,1.401979293032102,1.3617238087899561,1.2717250056210556,0.1971869269246378,1.0,1.0,0.1,1.0,0.2,51,16.030053082494977,2135280.431656701
7,35,1.2207845857514263,1.407646352196009,1.3980768429190782,1.3740727162893993,1.2506014854166527,0.197130709244456,1.0,1.0,0.1,1.0,0.2,52,18.79546965202374,2135892.2226764136
7,36,1.2207540578935345,1.399940883248322,1.390081559506577,1.3563767895475045,1.2537948329797723,0.19775631753639006,1.0,1.0,0.1,1.0,0.2,53,14.288397721986607,2142619.589146548
7,37,1.2206097728937806,1.394841725413682,1.3847954541532952,1.3669607718501113,1.230662212989404,0.1968766568728218,1.0,1.0,0.1,1.0,0.2,55,11.907644451960769,2143170.8770004287
7,38,1.2206806706916493,1.3944911133187827,1.3844289369538003,1.3765518727379502,1.221629802476602,0.19763223425739868,1.0,1.0,0.1,1.0,0.2,56,12.084591689026338,2147712.634259044
7,39,1.2205625119781067,1.3912897765350352,1.3811113477293684,1.3892558016508523,1.226504226633343,0.19678544689531752,1.0,1.0,0.1,1.0,0.2,58,10.258261895746555,2148265.9194370406
7,40,1.220559860399142,1.3905950442308346,1.3803905021064458,1.3787030979367725,1.2212356555358597,0.1968336119457741,1.0,1.0,0.1,1.0,0.2,60,11.515456118166332,2107766.377604964
7,41,1.2205218705692624,1.3842617815758531,1.371747882553298,1.3900340639117474,1.2306761834448552,0.19696711566895983,1.0,1.0,0.1,1.0,0.2,62,9.502441346336033,2105662.008100436
7,42,1.2204870546107078,1.3819816431323888,1.3693831254533082,1.3915576528842208,1.2246449459764686,0.19684253551226696,1.0,1.0,0.1,1.0,0.2,64,9.181819283273333,2110680.776918846
7,43,1.2204935618030948,1.3840778007844237,1.3757022088677058,1.399773718956251,1.2221923340209673,0.19696306641332315,1.0,1.0,0.1,1.0,0.2,65,10.600233649814273,2106355.586456133
7,44,1.2204570906977086,1.379408057347581,1.368785844270846,1.4004280570656944,1.2344904308489548,0.1969207173373972,1.0,1.0,0.1,1.0,0.2,66,8.112172861784165,2112154.772958421
7,45,1.220423291046383,1.375784034438086,1.3650266537060602,1.3991091336838386,1.2275374283307126,0.19691282286284847,1.0,1.0,0.1,1.0,0.2,68,9.608981440527604,2105749.7418721383
7,46,1.2204029117133544,1.3748672837933114,1.3661482805787106,1.4133314750361419,1.2246084749214385,0.19690993240189567,1.0,1.0,0.1,1.0,0.2,70,10.156323845714862,2105677.0592778246
7,47,1.2203728292640992,1.368279713279495,1.3593139508952767,1.411045347804879,1.2342181198469702,0.19717581780602508,1.0,1.0,0.1,1.0,0.2,72,7.302228973871879,2101989.9188710265
7,48,1.2203407405054199,1.3697504866308385,1.367057757413389,1.4603664436121022,1.223453067089833,0.19706462043500408,1.0,1.0,0.1,1.0,0.2,75,11.31610195616487,2449976.1847619507
7,49,1.2203511635874806,1.3644313550976817,1.3636104497550579,1.4699453203635475,1.2488339324807252,0.1976867149801827,1.0,1.0,0.1,1.0,0.2,76,4.267292871268194,2216699.187322556
7,50,1.2202247263520725,1.3547591611010874,1.3515073191734737,1.470207734798519,1.2378285563712461,0.19702169746692436,1.0,1.0,0.1,1.0,0.2,78,5.778145254290944,2218899.604263908
7,51,1.2202247263520725,1.356086481042105,1.3549567235674023,1.4908579874800287,1.2197022536183062,0.19702169746692436,1.0,1.0,0.1,1.0,0.2,80,5.778145254290944,2218899.6042639087
7,52,1.220219724112192,1.3567057783154075,1.3576716881967823,1.5030781694852517,1.2212699662181548,0.19702121258942867,1.0,1.0,0.1,1.0,0.2,82,6.002829278110148,2251718.506714892
7,53,1.220140405471774,1.3582325161688005,1.3634032559078884,1.5405869349096588,1.2202886685871452,0.1963002349856912,1.0,1.0,0.1,1.0,0.2,89,5.739030891623365,116997450.07245895
7,54,1.2201154129523326,1.3542260064719256,1.3592472136835394,1.5462760551949302,1.2254770761154061,0.19631802908245038,1.0,1.0,0.1,1.0,0.2,92,5.688043549424367,59206547.45429
7,55,1.2201346098075159,1.3537446188380782,1.3608192709955504,1.5517745508825935,1.2277206974275208,0.19662945157627984,1.0,1.0,0.1,1.0,0.2,93,3.8374779586309766,123657906.45050377
7,56,1.2201288926589977,1.3528003387327265,1.3598397507284723,1.5639287645684823,1.2217327595144214,0.19663278731003503,1.0,1.0,0.1,1.0,0.2,95,3.866694369830255,117001773.01357225
7,57,1.2201275174137671,1.3539113129765707,1.3630647444019046,1.5851046696220605,1.2201364650673454,0.19663278731003503,1.0,1.0,0.1,1.0,0.2,97,3.8550254277945455,117001143.26838592
7,58,1.220124835077007,1.3520368804080645,1.3611200380857902,1.6043404833468,1.2279384588370088,0.19672483610531807,1.0,1.0,0.1,1.0,0.2,98,3.8001267470438207,53474524.09426421
7,59,1.2201182242776132,1.3512616216997881,1.3603159221959518,1.5986636398541443,1.2230427834655866,0.1967065773165571,1.0,1.0,0.1,1.0,0.2,99,3.5419732908740507,124916716.91333774
7,60,1.2200819059754875,1.3510843871376212,1.3622056610701374,1.6155361214509425,1.2261150301015722,0.1964341907224732,1.0,1.0,0.1,1.0,0.2,100,5.107259435722558,53886337.5405392
7,61,1.22011830238327,1.3474907402571206,1.3564034981031352,1.6086057953809212,1.2298402709469263,0.1969378553445528,1.0,1.0,0.1,1.0,0.2,101,3.1561196997533285,53862821.846782334
7,62,1.2200806542998721,1.3462134741927587,1.3571520327973925,1.6280279798365374,1.225328207190922,0.1967133261501663,1.0,1.0,0.1,1.0,0.2,103,4.226052214248223,53862389.44718549
7,63,1.2200896730152273,1.3403164574995785,1.3427442027125824,1.5649470606583438,1.2201214799203546,0.19683822336480103,1.0,1.0,0.1,1.0,0.2,109,6.563132873412287,2210083.710476612
7,64,1.2200523674192252,1.3359322867179828,1.3381969358869064,1.5649355387728827,1.2292449692706686,0.1967120376052712,1.0,1.0,0.1,1.0,0.2,111,6.699135101623324,2212493.1312709143
7,65,1.2201687943247812,1.3348300766439596,1.3370490632625833,1.58766861696068,1.2215833609703262,0.19794358540499224,1.0,1.0,0.1,1.0,0.2,114,4.430064263676255,77666785.06443259
7,66,1.2201333908723286,1.326791635579624,1.3266381183098928,1.5877440214906988,1.2344917787266902,0.19794369247863275,1.0,1.0,0.1,1.0,0.2,116,4.320306308857651,80473160.83092079
7,67,1.2201322995462027,1.3278975025325435,1.3298578550896998,1.6015637718292504,1.220279108375759,0.19794406293867908,1.0,1.0,0.1,1.0,0.2,118,4.231888878440195,221443843386.99292
7,68,1.22013195065502,1.3251752521871685,1.3228888845897822,1.5592993612474164,1.2200915104033967,0.1979440132923299,1.0,1.0,0.1,1.0,0.2,119,4.1855408946652,761635759.4492731
7,69,1.2201264716572886,1.3267281259318502,1.3286448059711031,1.608567695630402,1.224619517087912,0.1979449545297453,1.0,1.0,0.1,1.0,0.2,120,4.3054345948717,225709742430.1668
7,70,1.2201238715902671,1.3275550191000054,1.3315751496875796,1.6202029422240043,1.2205250437680464,0.1979440607975357,1.0,1.0,0.1,1.0,0.2,123,4.232416493207412,219958495423.20792
7,71,1.2201231765447935,1.3287434012803008,1.334880454126898,1.6423991892408434,1.2200986672314602,0.19794405922720687,1.0,1.0,0.1,1.0,0.2,125,4.266264067797995,219114192313.2397
7,72,1.2201231702307445,1.328742185956914,1.3348791873108443,1.642398086086424,1.2197997665563607,0.19794405797033668,1.0,1.0,0.1,1.0,0.2,126,4.291214446360658,218712759227.17792
7,73,1.2201170713280676,1.3271337325990737,1.335282981382563,1.6577246127856666,1.2230282375019734,0.1980281348550868,1.0,1.0,0.1,1.0,0.2,130,4.495915656219737,218562319694.98813
7,74,1.2200980833662958,1.3270872324183007,1.3373077846363466,1.7521803020541058,1.2201874272586395,0.1979037934692298,1.0,1.0,0.1,1.0,0.2,145,4.328111445284461,1.922429904730394e+16
7,75,1.2198541430794838,1.3306139173534826,1.3492651648626863,1.8310103088182073,1.220119782142854,0.1955379953844536,1.0,1.0,0.1,1.0,0.2,157,9.937065768930822,2230036.9180273064
7,76,1.2198530592396974,1.3318007200783204,1.3525688666891582,1.8284471291866644,1.2201852004399536,0.19553394617064784,1.0,1.0,0.1,1.0,0.2,158,10.11982161488598,2247056.9132725187
7,77,1.219852416626761,1.3316055744098498,1.3523664130470514,1.8392157205921487,1.2203928157550106,0.19553652738739086,1.0,1.0,0.1,1.0,0.2,159,10.657097832972733,2229985.06431272
7,78,1.2199000517627332,1.3326095191051708,1.355478554138769,1.8561430546313773,1.2204109696745071,0.1960301913419389,1.0,1.0,0.1,1.0,0.2,161,7.039630068917956,2233432.5152376047
7,79,1.2198270246841731,1.3313190829691204,1.3541424932859487,1.861443156550121,1.2213218534409358,0.19535679483099117,1.0,1.0,0.1,1.0,0.2,164,11.259013386786483,2230316.41174931
8,0,0.6867768178960398,0.8035005065956677,0.7961696935518028,0.4487975726723143,0.0,0.0,0.0,0.0,0.1,1.0,0.2,1,4364.309820457238,126050.5425673244
8,1,1.689921443230045,1.9841692967809863,1.9736512661260608,1.6391628890852576,1.2889072427347574,0.10547423125172166,1.0,1.0,0.1,1.0,0.2,3,10166.871848628642,165493.05126384654
8,2,1.639479156048315,1.9889246538043643,1.9786006453276552,1.6532692117453556,1.2581103880343933,0.10101733992951742,1.0,1.0,0.1,1.0,0.2,4,10158.480925113276,156090.67223049575
8,3,1.4018490428183357,1.8882326679102994,1.878287822284798,1.5750269907367163,1.5622377366600118,0.10357517240974642,1.0,1.0,0.1,1.0,0.2,5,3017.902458442791,36660.03798858867
8,4,1.3304821881865583,1.843392112152819,1.833845709616751,1.545468471532059,1.3120078770465309,0.10393240382870048,1.0,1.0,0.1,1.0,0.2,7,2433.622146778407,23924.834742750376
8,5,1.2751838159132345,1.7830817248822861,1.7733532854733138,1.5027909906679666,1.3451991344185241,0.10516011952732482,1.0,1.0,0.1,1.0,0.2,9,1450.6330586580873,23685.76339873175
8,6,1.248913950620521,1.7312410773931384,1.7195734285379056,1.458740737662124,1.3247095135192195,0.10656823301132272,1.0,1.0,0.1,1.0,0.2,11,765.9197252971892,68240.3523994772
8,7,1.2484553705878663,1.7313130981101528,1.7217208129186772,1.4681258937064032,1.213274220035519,0.10656823301132272,1.0,1.0,0.1,1.0,0.2,13,764.5215413069312,68197.7561403685
8,8,1.2296544096529505,1.6634856568454401,1.651364864358362,1.413193730375139,1.5074976481259943,0.10605494498267902,1.0,1.0,0.1,1.0,0.2,14,373.8934050782378,54988.01143426622
8,9,1.228803920230684,1.6590061429115723,1.64671852274277,1.4148922572491787,1.2203836001846131,0.10598475192315089,1.0,1.0,0.1,1.0,0.2,16,356.7780834558608,55533.42075928144
8,10,1.222004101628744,1.6163770463546328,1.6045823257281762,1.3810904219096152,1.401173023471805,0.10312213369986849,1.0,1.0,0.1,1.0,0.2,17,279.35225801602763,29667.188766084048
8,11,1.2196268522877545,1.59424868961217,1.57956166916056,1.3620330672078398,1.3005838383968076,0.10156413331788143,1.0,1.0,0.1,1.0,0.2,18,217.33057728913235,10371.537329039566
8,12,1.216576260712439,1.556105407702925,1.542063781931133,1.3387418607044477,1.296956081006088,0.1026828413421037,1.0,1.0,0.1,1.0,0.2,20,268.8568700243113,26636.06857437993
8,13,1.2155091279701464,1.5421604311942894,1.5276071804951254,1.3321713767601435,1.2703471113823082,0.10037785827175942,1.0,1.0,0.1,1.0,0.2,21,82.2250152294481,20015.00949651565
8,14,1.2154905081080174,1.5388593732693627,1.5262463256813252,1.331152441254758,1.2314048373380249,0.10285834304595234,1.0,1.0,0.1,1.0,0.2,22,240.574334663813,24614.15530462429
8,15,1.2152544690069629,1.534923812812353,1.5221650264014026,1.3368883182213909,1.2188115206100099,0.1025656736052408,1.0,1.0,0.1,1.0,0.2,24,227.89582746987685,24485.695108861983
8,16,1.2150181171133867,1.5343814524580182,1.5216106445532875,1.3557468529950532,1.2114528913765852,0.10036963515284367,1.0,1.0,0.1,1.0,0.2,25,78.62636102998974,19907.709885767053
8,17,1.2151462467310583,1.533856340644392,1.5231296817976112,1.357433934808571,1.2195175865674208,0.10273132554059308,1.0,1.0,0.1,1.0,0.2,26,240.97907205832536,22772.83157725831
8,18,1.2151495422859464,1.5323173481136507,1.519460198094879,1.360467298795138,1.2105848639101373,0.10286757617898368,1.0,1.0,0.1,1.0,0.2,29,252.2200447386641,21221.318596569075
8,19,1.2149142147908105,1.5296511167701627,1.5187685302444307,1.383787152821609,1.2189037376676042,0.10247297622527654,1.0,1.0,0.1,1.0,0.2,31,234.087479486972,24790.079768868647
8,20,1.1235379437016093,1.4440305517238745,1.441649986860927,1.3242187755077166,1.122679374809164,0.09727453070718224,0.909225521444659,1.0,0.1,1.0,0.2,33,250.8792657816497,22292.92454512989
8,21,1.124763530686414,1.4314838016369509,1.4285685690236607,1.3129681009887137,1.1479887579428067,0.09727801367455127,0.9110093305491723,1.0,0.1,1.0,0.2,35,230.31531667925748,22571.19244823317
8,22,1.122887699903587,1.4280549273826224,1.427149849290398,1.3190478349937873,1.1317536608234247,0.0972745290367264,0.909254942123197,1.0,0.1,1.0,0.2,36,229.50350722013664,22444.13803687727
8,23,1.1245221494508992,1.4267335128148375,1.4257136279261398,1.317991634272798,1.1338050712958974,0.09727801367455126,0.9110093305491723,1.0,0.1,1.0,0.2,37,219.918571259196,22730.2000809764
8,24,1.1272443221579314,1.4271156383883368,1.4239342451020225,1.32001735098754,1.1281746026747794,0.09626420944409896,0.9138750291034328,1.0,0.1,1.0,0.2,38,192.470511543194,53397.33281145484
8,25,1.1247720523182254,1.4238239491286084,1.4226814203378135,1.3263342374708689,1.1308435957936742,0.09722411870642744,0.9113930762698018,1.0,0.1,1.0,0.2,39,210.67291566346765,22883.65975387772
8,26,1.1254707421176662,1.4211334553033506,1.4177888844135926,1.3216333337083868,1.13132430578228,0.09628633861988056,0.9122673701500308,1.0,0.1,1.0,0.2,40,197.102239617833,53019.248161219526
8,27,1.1510016281802415,1.4470182235492224,1.447828630896774,1.3596060112721513,1.158199247811714,0.09686952508940114,0.9378305269139708,1.0,0.1,1.0,0.2,41,180.2374119206616,24625.73310695
8,28,1.1512078490176525,1.4442265893674118,1.4449209965597236,1.364400160319778,1.1545993808196113,0.09664817598537792,0.9381704755170824,1.0,0.1,1.0,0.2,43,169.6079777377705,25123.123063687235
8,29,1.1365089631730079,1.4234357523475132,1.421823969927851,1.3527761639594595,1.1440394444459163,0.09645224624070452,0.9236613072456279,1.0,0.1,1.0,0.2,45,192.7662169303873,24442.64932121981
8,30,1.1372914713249638,1.4102557407470997,1.4101771696488308,1.3509249662504712,1.1691621205302145,0.09600053214145224,0.9249834310513837,1.0,0.1,1.0,0.2,47,156.07159148107596,25989.21273077944
8,31,1.1292198592202662,1.3910270082373193,1.3905205416993753,1.3365267444767508,1.1770725683868788,0.09941965734729108,0.916883037110434,1.0,0.1,1.0,0.2,48,130.9104208454004,30527.11033046327
8,32,1.1206471877824107,1.3734706488972583,1.3726205910304505,1.3414222797620077,1.1386416345897008,0.09715488387279439,0.9087633005117718,1.0,0.1,1.0,0.2,50,129.06634135232866,26951.505116407217
8,33,1.1209792960762361,1.3730543020648966,1.3721756308207234,1.3454189044582785,1.1205001454781662,0.09692629111896243,0.9091361166243541,1.0,0.1,1.0,0.2,52,123.60332396107344,27526.772024254376
8,34,1.1153637453311216,1.3651147054530324,1.3641473251471996,1.3370125751456392,1.1236829370860122,0.09437986913627791,0.9038299522149146,1.0,0.1,1.0,0.2,53,123.43591383076368,33821.17543332917
8,35,1.120112428238187,1.3679417506638878,1.366900986213284,1.3481341604345418,1.12668515322373,0.09687938132163935,0.9083730335527322,1.0,0.1,1.0,0.2,54,123.30108449267554,27261.22870119662
8,36,1.1204450346313584,1.3647800886752932,1.3636060573597142,1.3564209578970112,1.1262984944958108,0.09702928026138355,0.9087689413881174,1.0,0.1,1.0,0.2,56,117.2990846188508,27401.217168495863
8,37,1.1213504522047095,1.3604773244966004,1.3591048133740542,1.3526411675156143,1.14278276809355,0.09685784920828776,0.9098029292592535,1.0,0.1,1.0,0.2,57,109.01493791597976,27837.53689301408
8,38,1.1135181171165796,1.3497223361436537,1.3482385555418606,1.3421819814989435,1.1182521932266736,0.09672825466750616,0.9020435221016246,1.0,0.1,1.0,0.2,59,105.81890075509315,27484.51020953365
8,39,1.1250711776024562,1.3600752072593556,1.3585457313926268,1.36374813822201,1.1259696075069132,0.09678585003070424,0.9136148643504823,1.0,0.1,1.0,0.2,61,105.89723144061398,27652.777009975103
9,0,0.22762657506762077,0.6936174697793497,0.6821873870132846,0.34974670049973394,0.0,0.0,0.0,0.0,0.1,1.0,0.2,1,45375.61633830325,126990.70514970676
9,1,1.450453676371124,2.0220027057591987,2.0095589824731364,1.6797769503889906,1.390186972185321,1.0,1.0,1.0,0.1,1.0,0.2,3,1.0653289496906507e+74,1.9277380994402246e+74
9,2,1.2429948374524504,1.6870255294073988,1.6671525784706824,1.3721243848419589,2.0307937752386147,0.19718783006480362,1.0,1.0,0.1,1.0,0.2,4,797333.7612435357,1424873.8853018023
9,3,1.167441015505099,1.6102432386997552,1.5903104571406799,1.3038737599160573,1.1480675033062433,0.1947479292712976,0.9250663274278429,1.0,0.1,1.0,0.2,6,797607.9519627135,1425337.8149280483
9,4,1.112187845879855,1.5425458472256703,1.5220185311666616,1.2531003402906284,1.128569850876518,0.1479514539477676,0.877985253214941,1.0,0.1,1.0,0.2,8,867208.940914165,882139.4717574973
9,5,1.1113431672107474,1.5391542304452321,1.5205729207857488,1.2644078029825487,1.1023963393987652,0.14795145394776757,0.877985253214941,1.0,0.1,1.0,0.2,10,867963.876490814,882958.4837817444
9,6,1.2304810694645396,1.6427774721666781,1.6234984415057168,1.3624960902593808,1.2964765818829753,0.1510707218314009,1.0,1.0,0.1,1.0,0.2,11,415176.9425837812,1344688.956681024
9,7,1.2299022305362708,1.6403202613220562,1.623022088413281,1.366419978785468,1.2233990666671142,0.15108206285428474,1.0,1.0,0.1,1.0,0.2,13,441940.3720491511,1425400.7503050126
9,8,0.9953517775922616,1.3792790778371244,1.3608452475526815,1.1330912486220608,1.1181248581922174,0.145126552541787,0.7699943408103482,1.0,0.1,1.0,0.2,14,420043.4100760648,1349254.27164808
9,9,0.9965425394540837,1.3511535907484944,1.3315118128727519,1.1081698952583343,1.0598048041939365,0.13322871420421528,0.775437742295836,1.0,0.1,1.0,0.2,16,428482.8261254252,1360218.1787177462
9,10,0.9971734584652858,1.344484773769465,1.324548403639607,1.102245455672775,1.0070216842792228,0.13116440688640407,0.7768726018475581,1.0,0.1,1.0,0.2,18,431663.0014443521,1366556.3504029724
9,11,1.0162795914813012,1.360561508936382,1.342571720215868,1.1353195926698625,1.0305656796283065,0.13486577378676332,0.7959563157456586,1.0,0.1,1.0,0.2,19,435613.1332589325,1381593.7984194097
9,12,0.9725783276191402,1.307515816441265,1.2912220405627708,1.090830329593272,0.9912530388751806,0.1346325170655715,0.7530304595189213,1.0,0.1,1.0,0.2,21,404451.4980485649,1288340.8433051934
9,13,0.1980302976571692,0.5170579311996155,0.4980638518422662,0.3155498679447449,0.22737275780675348,0.08903941986227189,0.10982303273215041,0.37067117789406345,0.1,1.0,0.2,23,118.71791587507748,332650.6427382886
9,14,0.198054852164626,0.5079998003684827,0.4886485801525101,0.31406823215430246,0.2143044098995664,0.089432711847011,0.11021244774116216,0.37109331345277685,0.1,1.0,0.2,25,109.43417913505644,333244.49720841664
9,15,0.1995884554708494,0.4551904403306911,0.43580504565384826,0.274927745972625,0.3233202163187628,0.09178254782561832,0.11302041007589851,0.37420686806213677,0.1,1.0,0.2,27,72.971281425944,337126.63067991554
9,16,0.20385631122730233,0.43314246553508595,0.4127513082759273,0.26227941170002833,0.26074901417723817,0.08929564018832384,0.11722199285451244,0.3789932755480343,0.1,1.0,0.2,29,74.23180432935739,342202.9734810529
9,17,0.20089491703686202,0.4240046978554549,0.4033783528430066,0.26393725125286316,0.2129294483363604,0.08913377870526476,0.11563627090737386,0.3728327629025192,0.1,1.0,0.2,31,65.83831784377037,341745.6028463839
9,18,0.25500012401301075,0.4780119730354962,0.4594535314374081,0.37100064814549316,0.2537812842417023,0.0933697867999027,0.13002270953593173,0.5694500342847675,0.1,1.0,0.2,43,49709.25896321982,461341.9240337102
9,19,0.2555569518624353,0.47080296326608206,0.45194931409082223,0.3747371629785679,0.2712716292563234,0.09293028727625684,0.1306350554650053,0.5701249818722981,0.1,1.0,0.2,45,49841.83759635368,463345.8826573468
9,20,0.2561831657208681,0.4662270182061925,0.44924760564709193,0.3944070595044604,0.2692397767830298,0.09201898388680474,0.13127689672566617,0.5710745567156211,0.1,1.0,0.2,47,49893.18170379162,465064.2327776211
9,21,0.25518393818874263,0.4648809177254664,0.44788834890914614,0.3974289615741441,0.2552435536432442,0.09275215460208655,0.13030521781108273,0.5705995204557299,0.1,1.0,0.2,48,49857.08561108057,463021.4375479735
9,22,0.25686573578717475,0.4632348091967891,0.44611602642138826,0.3986967923309011,0.2702536168010483,0.09208028026758001,0.1319194612894711,0.5715492495703491,0.1,1.0,0.2,49,50109.79009128024,467389.4993428185
9,23,0.2558615582070151,0.4614053812801244,0.4442553129138038,0.4014130957909501,0.25811957327752993,0.09254733495075902,0.13098290827725909,0.5710445899029725,0.1,1.0,0.2,50,50052.91153337476,465383.3219340621
9,24,0.20759407754074,0.41068289552889176,0.3934397847152327,0.357982567392981,0.21714325213743088,0.09205540710864536,0.10555564644203017,0.4572854006392982,0.1,1.0,0.2,51,50262.85182217209,466593.7883384355
9,25,0.20819141657983037,0.41009135504629185,0.39280318854926205,0.3645551986097046,0.20947858028376398,0.09211635817945343,0.10608539669647037,0.4576859786577277,0.1,1.0,0.2,53,50480.774426401535,468929.7702544133
9,26,0.24773818548410687,0.44713476440234057,0.4297517627467629,0.3971269235702964,0.2575522891689286,0.09107943442137309,0.12745381002830788,0.5492885658022925,0.1,1.0,0.2,54,51425.9154674106,655599.6572257945
9,27,0.2486407501460864,0.44436281662271926,0.4268407001211723,0.4016576068407703,0.2638086466564937,0.09408835295671993,0.12398390623774735,0.5699215003602759,0.1,1.0,0.2,55,50556.45732559272,489103.7381601938
9,28,0.249507474412001,0.4377930038643121,0.4199895592516232,0.40273589468198445,0.26482133536653296,0.09263840414337352,0.12486342130674906,0.5711037746648946,0.1,1.0,0.2,57,49829.45376438893,551822.6146813101
9,29,0.24990216840778742,0.43293233341186166,0.4128583232575704,0.3875487592184259,0.2575105008236285,0.09369958109488764,0.12519804698938994,0.5711337878183331,0.1,1.0,0.2,59,50910.89164732612,493431.8548503976
9,30,0.24896284126441534,0.4316854890337338,0.4115998652502269,0.4018356258186793,0.24922095213700682,0.09395451888416638,0.12429247659871352,0.5708574273718159,0.1,1.0,0.2,60,50790.92823219234,491010.4937217881
9,31,0.250602373063022,0.4321591668037733,0.4141014059565089,0.4116026668716437,0.2605840393806437,0.09326685956765182,0.12583499670348083,0.5718455396215723,0.1,1.0,0.2,61,51047.72153212295,495390.6266071217
9,32,0.7401986196396819,0.9071192604055407,0.8926531657185346,0.9328881813136607,0.7584978429348379,0.6185739185107313,0.4774696790270493,1.0,0.1,1.0,0.2,65,1.058278157454995e+22,1.915026824644192e+22
9,33,0.6719140617323718,0.8320993491524289,0.817379421434762,0.8703173008820584,0.6859875991304358,0.6172776201413743,0.4093833705458283,1.0,0.1,1.0,0.2,67,1.058278157483702e+22,1.9150268246539834e+22
9,34,0.6738171838444124,0.8298703259424709,0.8149947543606977,0.8762886623239652,0.682178928811759,0.612212202623025,0.411832865324433,1.0,0.1,1.0,0.2,69,1.0582781575047657e+22,1.915026824692099e+22
9,35,0.671535100669348,0.8263444218852607,0.8114220153746918,0.8767852196675736,0.6762838767656125,0.6150750025276066,0.4092761830337177,1.0,0.1,1.0,0.2,70,1.0582781574873686e+22,1.9150268246599058e+22
9,36,0.671533841346116,0.8275350725916291,0.8147296537103601,0.8964982547632085,0.6710821123582461,0.6150750025276065,0.409276183033718,1.0,0.1,1.0,0.2,72,1.058278157487055e+22,1.9150268246593383e+22
9,37,0.6755977807828357,0.8334264411183476,0.8248340814810722,0.9280087500665226,0.676086622413926,0.6165447078387174,0.4132009034868959,1.0,0.1,1.0,0.2,75,1.0582781574992311e+22,1.9150268247342745e+22
9,38,0.5868467728194752,0.7300549837314367,0.7167681183962606,0.8116407582147818,0.6390415791755057,0.6399170918701029,0.3222166367068401,1.0,0.1,1.0,0.2,76,1.058273607863026e+22,1.915018591764588e+22
9,39,0.5869455155114721,0.7246431403725868,0.7111491190449488,0.8145696350962734,0.5985134346215499,0.6373127239053273,0.3226196152846089,1.0,0.1,1.0,0.2,78,1.0582736078731336e+22,1.9150185917795065e+22
9,40,0.5886372053945375,0.7239106656964154,0.7103254781757777,0.821874884624241,0.593411025173515,0.6335702649819039,0.32470405539736125,1.0,0.1,1.0,0.2,80,1.058273607894197e+22,1.915018591817621e+22
9,41,0.586000061047943,0.6982552393270742,0.6796610189237835,0.7987311827842691,0.630463048497504,0.6442587175168092,0.3211367126637121,1.0,0.1,1.0,0.2,82,1.0582736078495596e+22,1.915018591753136e+22
9,42,0.5877154436715921,0.6955978360830952,0.6768394846634956,0.8041389100925243,0.5970385649436822,0.6435144666973351,0.3229529932148808,1.0,0.1,1.0,0.2,84,1.0582736078511131e+22,1.9150185918232086e+22
9,43,0.5874354580114126,0.6908275080620041,0.6719006889370573,0.8074064873375457,0.5968699346209847,0.6364527758985014,0.32340471145947447,1.0,0.1,1.0,0.2,86,1.0582736078573731e+22,1.9150185918698548e+22
9,44,0.5864914761187134,0.6887812480498423,0.6698130835121934,0.8168626044493938,0.5909078418731597,0.637729987972179,0.3223390715554394,1.0,0.1,1.0,0.2,87,1.058273607934627e+22,1.9150185919017063e+22
9,45,0.5874265251998039,0.6905239516765675,0.6736583595044878,0.8188994177314954,0.5893384669876807,0.6364527758985014,0.3234047114594745,1.0,0.1,1.0,0.2,88,1.0582736078550948e+22,1.915018591865732e+22
9,46,0.5871177335586464,0.6895994382178219,0.6727107711723084,0.8449949739765616,0.5871320166606424,0.6336601393096755,0.32337856438112367,1.0,0.1,1.0,0.2,95,1.0582734005109996e+22,1.91501821666399e+22
9,47,0.9309444369424655,1.03214100467896,1.0172764776066456,1.2075517925570924,0.9334615484176454,0.5996292244926809,0.6706224711981111,1.0,0.1,1.0,0.2,99,1.058278405217314e+22,1.9150272729686173e+22
9,48,0.9302527225398398,1.0301641385762053,1.015251369478829,1.225193442550671,0.9327299472686099,0.5980081601075234,0.6700996692218222,1.0,0.1,1.0,0.2,101,1.058278405218643e+22,1.9150272729631454e+22
9,49,0.9978355055834645,1.0691649581939553,1.053181068239692,1.34890262415253,1.0076863161963678,0.12472351762100567,0.7851415228218378,1.0,0.1,1.0,0.2,114,842037.6814609701,2345585.660637249
9,50,1.0043359287585858,1.0686665052856865,1.0524204720946544,1.3529810253329133,1.013799189331534,0.12468553394864663,0.7916722907432725,1.0,0.1,1.0,0.2,117,841690.0124574249,2344946.460362568
9,51,0.998456945180104,1.0578344930357912,1.0393306463858758,1.3594355986142133,1.006590361726294,0.1244962504083893,0.7858253147810198,1.0,0.1,1.0,0.2,119,841865.1109275818,2345249.5625235224
9,52,0.9984544959336863,1.058459266679903,1.0420512769994137,1.3665924796063074,0.9997777909255041,0.1244962504083893,0.7858253147810198,1.0,0.1,1.0,0.2,121,842057.8396021869,2345797.559837173
9,53,0.9849414644244232,1.0455088304010671,1.0311943590776633,1.3751149066544686,0.9886982308540078,0.12497150283506744,0.7722674306659891,1.0,0.1,1.0,0.2,122,841683.503620652,2344564.272259574
9,54,1.0145627617217907,1.075171258435133,1.0629307101660537,1.4184352062180918,1.0214074634427674,0.1248024571287167,0.8019101048067429,1.0,0.1,1.0,0.2,123,841983.6957724111,2345645.236635465
9,55,0.985108047272222,1.0372728385790468,1.0288611177642368,1.4029014126458426,1.027719936503962,0.12565457925423806,0.7724062843144102,1.0,0.1,1.0,0.2,124,844154.753203191,2342364.868082304
9,56,0.9948308433870008,1.0426675070634253,1.0278765471905125,1.4090302546858657,0.9947591808476832,0.12509430110716543,0.7821861629260016,1.0,0.1,1.0,0.2,131,842802.5564444581,2341390.343785929
9,57,1.0114088660650093,1.0600637770333305,1.0494482774988465,1.435201127582468,1.0151472074505326,0.12403817213674302,0.7988753620778419,1.0,0.1,1.0,0.2,134,842383.2808920749,2340911.10588619
9,58,0.9962661430808519,1.0430183458916988,1.0323316165826764,1.4374904269258777,1.0015095958966884,0.1250391884102524,0.783638216283382,1.0,0.1,1.0,0.2,135,843103.4301182767,2340702.901935331
9,59,0.9934583305961362,1.0361907638697316,1.0253536544721156,1.4391099585898184,1.0036718259738042,0.1249144899169321,0.7808544819735956,1.0,0.1,1.0,0.2,137,842964.7496351633,2339311.171671356
9,60,0.9958532352725531,1.0354669955593157,1.02244078316986,1.4406060019693945,0.9965260633831001,0.12398047414048603,0.7833478214350231,1.0,0.1,1.0,0.2,140,842522.5363425376,2341558.2471292904
9,61,1.0120293380423808,1.0505046755435612,1.0395083178880373,1.4820544142360508,1.0173055667411302,0.12400698876290095,0.7995280522694187,1.0,0.1,1.0,0.2,143,842090.1099768656,2339115.3818642013
9,62,1.0120293955265411,1.051853463977277,1.0429800132787437,1.4901316994519864,1.0125823193435028,0.12400698876290095,0.7995280522694187,1.0,0.1,1.0,0.2,145,842282.7781471752,2339662.1262352616
9,63,0.9998908486632891,1.0348032421758284,1.0257460503728473,1.4978148939316813,1.0059400186224172,0.12462375349205994,0.787340823687104,1.0,0.1,1.0,0.2,148,843734.521656706,2341043.3079677336
9,64,0.9979582907051656,1.0296533193546522,1.0204757804357314,1.5009547771467802,1.0052772265269718,0.12477707898997561,0.7854011080775872,1.0,0.1,1.0,0.2,150,843185.346877302,2341693.947658285
9,65,0.9976954681160595,1.0268511569892276,1.0175786940815041,1.506390986784269,1.0020681080908898,0.12485477443021879,0.7851368128164918,1.0,0.1,1.0,0.2,152,842566.0650219606,2340306.527820774
9,66,0.9955146022435362,1.0249150118040031,1.0197965997445257,1.5297586222173534,0.9992559932466898,0.12458841683390272,0.7829883550165075,1.0,0.1,1.0,0.2,155,842279.0970991972,2339824.3154498064
9,67,0.9955146022435362,1.0262423317450207,1.0232460041384543,1.5454592725458267,0.9954476627759259,0.12458841683390272,0.7829883550165075,1.0,0.1,1.0,0.2,157,842279.0970991972,2339824.3154498064
9,68,0.9694717081996211,0.998267855458878,0.99312685313359,1.5154973727004486,0.9702835864347665,0.12344417072633881,0.7570613183223619,1.0,0.1,1.0,0.2,158,897281.4482973092,2195559.9858280392
9,69,0.9929979016846049,1.020110086214653,1.0149061038510778,1.5498324006520527,1.0043884074671219,0.12430239639434142,0.7805056361165064,1.0,0.1,1.0,0.2,159,842216.4559627622,2339470.6589137907
10,0,0.9477278442745691,0.8413828366530036,0.8354653200830178,0.48321502418793505,0.0,0.0,0.0,0.0,0.1,1.0,0.2,1,7661.37682326048,161796.07388494074
10,1,0.7697408318471896,0.8155444120126182,0.8086629091857358,0.4614123869092405,0.09068268614073968,0.0,0.0,0.0,0.1,1.0,0.2,2,4799.349730268837,143210.9342088247
10,2,0.7222396710583265,0.8099759710857479,0.8049593543844423,0.4574261901228905,0.02776739567563015,0.0,0.0,0.0,0.1,1.0,0.2,3,4240.377704560557,135663.17236711146
10,3,1.6361282186997659,1.9962946868394174,1.9879010542768198,1.6515101457308798,1.4629684490979173,0.2128400423897047,1.0,1.0,0.1,1.0,0.2,4,6865.10119878541,159345.6239174155
10,4,1.4959677693840965,1.9352454664816923,1.9266472451939671,1.6091950388655265,1.3111040633565638,0.21273435228913867,1.0,1.0,0.1,1.0,0.2,6,4500.263997904639,116618.21938442938
10,5,1.4549143722884035,1.9181629820829234,1.9089976698830788,1.5975470700393004,1.2529121859472188,0.1939202088463145,1.0,1.0,0.1,1.0,0.2,8,2855.775407551702,81748.05533408617
10,6,0.3796052855420162,0.8607697107680904,0.8510148603862979,0.5416323121339021,0.2451249940698217,0.09353769975972456,0.10390602458941475,0.32271503078795666,0.1,1.0,0.2,9,1171.9171853092637,22227.217386822053
10,7,1.2440870479549573,1.7063541127431512,1.6894613427928058,1.4127719453720753,2.0529769279658265,0.14718460284670665,1.0,1.0,0.1,1.0,0.2,10,1007.0785352760454,21395.94080687036
10,8,1.238455002613233,1.6819312050293989,1.6661473325838896,1.3966962073522815,1.2755041514934422,0.16128387301884284,1.0,1.0,0.1,1.0,0.2,12,806.1499506218106,23196.303456077258
10,9,1.2373040054475897,1.67803474326409,1.6641780708811365,1.3902208459659602,1.223751492082413,0.1612703923067476,1.0,1.0,0.1,1.0,0.2,15,847.1051765563728,28002.07564467655
10,10,1.2365150479883438,1.674163315141943,1.6601610005331648,1.400479745423701,1.2332770432329068,0.16159798278786378,1.0,1.0,0.1,1.0,0.2,16,816.602964840747,25659.25764587272
10,11,1.229685759392141,1.647048085631574,1.632113558024207,1.394859733248311,1.2707898491796132,0.14034623387908254,1.0,1.0,0.1,1.0,0.2,18,439.35487051365664,19799.07423096413
10,12,1.2244289357132108,1.608030940598499,1.5916497129608005,1.3659120251267798,1.2970119241393596,0.1379735343331993,1.0,1.0,0.1,1.0,0.2,20,286.6497368982671,16967.61537094595
10,13,1.218561652138604,1.5371411472121774,1.5181289042094306,1.3083257336123935,1.3685824005097615,0.13429290192014726,1.0,1.0,0.1,1.0,0.2,22,278.7937320320305,3023.781809397211
10,14,1.2167678285219994,1.5009689488705658,1.4806149534957198,1.2842453343087687,1.2909724421670874,0.13225566543566825,1.0,1.0,0.1,1.0,0.2,24,35.53379312574731,671.3440140577595
10,15,1.2167678284767633,1.5009689488814109,1.4806149535065647,1.2756188811409352,1.2132256498855543,0.13225566554411713,1.0,1.0,0.1,1.0,0.2,25,35.53378814307834,671.3440055469774
10,16,1.2159716304143033,1.4762209741837613,1.454942823091937,1.2684175775371516,1.3217356698120433,0.13246804547590252,1.0,1.0,0.1,1.0,0.2,26,35.41644827512117,577.0183061103485
10,17,1.2158612049480686,1.4448054284642022,1.422329628178927,1.2434592341742325,1.3553805528783964,0.13937997257252926,1.0,1.0,0.1,1.0,0.2,27,56.95283330142993,1633.9799269405755
10,18,1.2153350685835467,1.4314528654314318,1.4105601721163765,1.2459138188140253,1.246444835041704,0.1370357440814988,1.0,1.0,0.1,1.0,0.2,29,35.073337310923606,1246.9127925937923
10,19,1.2152168535262795,1.4254429026735957,1.4063986123689325,1.2587292262757859,1.228511259575485,0.1370357440814988,1.0,1.0,0.1,1.0,0.2,31,35.841562082056974,1241.346142780923
10,20,1.2151419978806888,1.4194695173789258,1.3981297678149789,1.219349727945958,1.2335530959404728,0.1370357442054896,1.0,1.0,0.1,1.0,0.2,32,38.81582054507084,1235.7212318877962
10,21,1.2150953553210626,1.416519149881158,1.3950693253819662,1.2231694755791656,1.2201657172267673,0.13703868964513438,1.0,1.0,0.1,1.0,0.2,34,38.39159461223012,1268.199556189807
10,22,1.2150752854157143,1.4142566504572778,1.4010091648472733,1.302492226791694,1.2165980695031486,0.13799460677301129,1.0,1.0,0.1,1.0,0.2,46,75.63072178844538,6055.420978538963
10,23,1.2151121217500913,1.4127819099923695,1.399477190634211,1.3115145839956728,1.2172168486676236,0.13858380722854535,1.0,1.0,0.1,1.0,0.2,48,76.48136414798225,5972.3856626747165
10,24,1.2150313672862993,1.4109371667797248,1.3975657123948935,1.3172458303812804,1.2216432626975329,0.1380297561673156,1.0,1.0,0.1,1.0,0.2,49,82.15551231525146,5912.871794177158
10,25,1.2150831772291832,1.4093958154742239,1.3959640792043455,1.319559500996063,1.2209511345837938,0.13877270159845928,1.0,1.0,0.1,1.0,0.2,50,69.81618074650146,6240.411423028299
10,26,1.2146202649485431,1.3993525182235536,1.3855586168033729,1.3141758536234067,1.256070696678503,0.13542106320546402,1.0,1.0,0.1,1.0,0.2,51,85.32947161511049,6075.985177897919
10,27,1.2145616303255653,1.393378517406548,1.379361176679616,1.3162225995874153,1.2268763929627147,0.13557369393888483,1.0,1.0,0.1,1.0,0.2,53,58.69666302799076,5535.592237027843
10,28,1.2145204005609598,1.3881801526720445,1.3739682077636541,1.3226249624596849,1.224917588893219,0.13575605345542363,1.0,1.0,0.1,1.0,0.2,55,52.64553333101014,5799.812712798406
10,29,1.2144670362806458,1.385119772488653,1.3707943755888579,1.3198733659562145,1.2203035230836718,0.13556176392986047,1.0,1.0,0.1,1.0,0.2,57,57.39982892738543,5561.7798182175375
10,30,1.2144849294643558,1.382603295623394,1.3681823525275532,1.3286700609484432,1.2244015648439501,0.13600485640739418,1.0,1.0,0.1,1.0,0.2,58,58.76069789922739,5830.835801310558
10,31,1.2144209953604208,1.382012755009533,1.3696440279787307,1.33049591666643,1.2217575718575011,0.13556176392986047,1.0,1.0,0.1,1.0,0.2,59,60.83969577774222,5532.708756596835
10,32,1.2144209902783665,1.3833395888714703,1.3730929367112117,1.3415121010653248,1.2135573918659344,0.13556176392986044,1.0,1.0,0.1,1.0,0.2,61,60.76840415041429,5533.1541574239
10,33,1.2144209902783647,1.3833395888714703,1.3730929367112117,1.360287385866667,1.2135562137922595,0.13556176392986044,1.0,1.0,0.1,1.0,0.2,62,60.76840416984535,5533.154157301969
10,34,1.2144204844927107,1.3812363784555715,1.3709104905635987,1.3548294586716554,1.222882585362314,0.13577496115833015,1.0,1.0,0.1,1.0,0.2,63,54.71381444141856,5840.557119313879
10,35,1.2143390915175787,1.374507146720403,1.3618586785123539,1.3575610926298034,1.237086008496441,0.1354926956384748,1.0,1.0,0.1,1.0,0.2,64,51.37999671577111,5514.176798967186
10,36,1.2142902304155572,1.3735580129189482,1.3629477434918151,1.3745748044520856,1.2154921266323058,0.1352182271118136,1.0,1.0,0.1,1.0,0.2,69,64.37898024526095,5529.613930879284
10,37,1.2141060529404333,1.3685693511448014,1.3577781603113517,1.3816021215795766,1.2349600422008455,0.13382893437590362,1.0,1.0,0.1,1.0,0.2,70,65.12894313943107,5510.88448882764
10,38,1.214069356058036,1.362706213356169,1.3558400749918378,1.3854406149367027,1.2319861698074972,0.1341901389633241,1.0,1.0,0.1,1.0,0.2,72,66.709290897835,5608.732660922176
10,39,1.2140668391701765,1.3637265338516,1.3589710719790422,1.4047202287458462,1.2140899049363794,0.1341901389633241,1.0,1.0,0.1,1.0,0.2,74,64.96679657752803,5618.763565089204
10,40,1.2140619581736773,1.361533439934496,1.3566956333367701,1.4107179241078414,1.218263445844522,0.1343203039022807,1.0,1.0,0.1,1.0,0.2,76,59.94727256988376,5877.63549012833
10,41,1.2140271709171684,1.3585032735306866,1.353552856005193,1.415959353440567,1.220033504916462,0.13421103685015595,1.0,1.0,0.1,1.0,0.2,78,67.44687356082349,5736.952487009604
10,42,1.2139610740531348,1.3541873455976852,1.3511493576843543,1.4347929175358545,1.2164744253942867,0.13397537574212776,1.0,1.0,0.1,1.0,0.2,86,61.45911795389333,7108.271203899804
10,43,1.2139545992947598,1.3524915225737713,1.3493900543465056,1.4372528193789795,1.2171310236938422,0.13403477409247372,1.0,1.0,0.1,1.0,0.2,88,59.64847563262534,7206.455261102153
10,44,1.213902881378431,1.3463952231833212,1.343066662158428,1.4397322680054045,1.2267283030055618,0.13394467856937553,1.0,1.0,0.1,1.0,0.2,90,53.88230223187143,7342.168398805162
10,45,1.2139000536635258,1.347304677141931,1.3460826243846198,1.4516081636154383,1.2143065339115433,0.13394467856937553,1.0,1.0,0.1,1.0,0.2,92,53.23633349618335,7346.77956806633
10,46,1.2136865642411727,1.3432516989967458,1.346029995319011,1.5029907347326068,1.2227690867152625,0.13223843830002696,1.0,1.0,0.1,1.0,0.2,95,53.13818250813858,5652.047583614748
10,47,1.2136773325432908,1.344107951112006,1.3489909911325693,1.5068933300389753,1.2142336963613687,0.13217548617869385,1.0,1.0,0.1,1.0,0.2,97,53.6967478814863,5641.869226125298
10,48,1.2137261714557337,1.3390345526151493,1.3520144553398585,1.6161149426724375,1.2153277987220066,0.13329277186742555,1.0,1.0,0.1,1.0,0.2,120,52.50496346138887,6678.110627354663
10,49,1.213726171452449,1.3403618725575281,1.3554638459667747,1.6250876017153415,1.2133293113558208,0.13329277188103772,1.0,1.0,0.1,1.0,0.2,122,52.50496338200554,6678.108268673694
10,50,1.2137262853139958,1.3416863663090504,1.3589103383417231,1.6426356314831416,1.2133359341118064,0.13329407979678315,1.0,1.0,0.1,1.0,0.2,124,52.50406864752307,6678.297517749959
10,51,1.2136987564947297,1.3406136803962134,1.3577984404312673,1.6416700928317405,1.2179173469517672,0.13307827570670183,1.0,1.0,0.1,1.0,0.2,125,55.68572577651737,6436.344290835511
10,52,1.2137823279037314,1.3379055664250505,1.352913300144776,1.669207391310451,1.214044083562726,0.1339961011327122,1.0,1.0,0.1,1.0,0.2,135,47.86201986424792,5721.094424032281
10,53,1.2148691290827707,1.3371189832700414,1.3541287563985518,1.6818109814308093,1.2286001115754732,0.1450395559249619,1.0,1.0,0.1,1.0,0.2,136,66.15310967228608,6130.412861797484
10,54,1.2137553154550353,1.337091576428482,1.3562143768324184,1.7064355262585675,1.2137493250954607,0.13391458218100608,1.0,1.0,0.1,1.0,0.2,139,48.03182668556428,6086.760722880421
10,55,1.2136951406400658,1.3351458728994905,1.354197998768793,1.7089991437524743,1.2216540956268678,0.13341341581192706,1.0,1.0,0.1,1.0,0.2,140,48.26085226104121,6361.596917154643
10,56,1.2136951406409948,1.3378005127818382,1.3610968075569627,1.7219602177540914,1.2133413508278086,0.13341341581505256,1.0,1.0,0.1,1.0,0.2,144,48.26085236466662,6361.596917044726
10,57,1.2136816098586376,1.340927615397668,1.3705586487033135,1.679014113768246,1.2170305160019053,0.13332221466826966,1.0,1.0,0.1,1.0,0.2,145,47.69704781417924,6718.123423461892
10,58,1.2136562648074662,1.33530010569824,1.3585040866311986,1.7240212412128837,1.2204426566352917,0.1331527954786615,1.0,1.0,0.1,1.0,0.2,146,50.43819433825003,6402.954119091753
10,59,1.2136524267885018,1.335872220775356,1.3611701256436097,1.7459756559097341,1.2149629999746023,0.1331527954786615,1.0,1.0,0.1,1.0,0.2,148,48.96095028562831,6412.898001062528
11,0,0.6613894112208728,0.799751702704637,0.7922810918099934,0.44541849415674134,0.0,0.0,0.0,0.0,0.1,1.0,0.2,1,6632.029748301574,126113.1727563216
11,1,0.6604798990520113,0.8009418673319253,0.795588186294906,0.45684749941866337,0.00029989945288113164,0.0,0.0,0.0,0.1,1.0,0.2,3,6616.265463953991,124974.59545673092
11,2,0.7525917947537308,0.967547773358191,0.9595250232180375,0.6213080596560847,0.2468228887376577,0.00768743383002545,0.18128704488537878,0.00270249612524967,0.1,1.0,0.2,4,6401.431282811146,111000.32696045084
11,3,1.454234572215856,1.7699179069154904,1.7592474092650188,1.4316338268742204,1.0997035495664194,0.00043851429213076005,1.0,0.00169567367393945,0.1,1.0,0.2,5,12245.02946654574,163643.2542319127
11,4,0.9510170492747572,1.450467731314107,1.4398780180455313,1.1342716767182304,1.2411001805491186,0.04146880335705279,0.668304652907292,0.5871377936783528,0.1,1.0,0.2,6,1631.6428298018614,46384.90078243079
11,5,0.935889337690766,1.383402086544539,1.365757383823295,1.0944135020823094,1.3260807888016224,0.035596411453098,0.7308524979303593,0.8875571368208653,0.1,1.0,0.2,8,797.0987270991875,27370.274160940287
11,6,1.0516563017083251,1.4720806172354923,1.4531641808471367,1.1917185226216882,1.1093653187839467,0.033903619703262576,0.8889259550262942,0.71186888446662,0.1,1.0,0.2,10,531.174679509326,10324.165024034048
11,7,0.5191611576754788,0.9316320262768061,0.9123605840168509,0.6596126381966634,0.5246156986284625,0.05057168443067054,0.40376878019052764,0.47466167288944483,0.1,1.0,0.2,12,81.63841015803443,6287.992978450294
11,8,0.5952291198545041,0.9538089985501208,0.9343288961312872,0.7028963291814918,0.7238770908647558,0.04073396077525644,0.508830565751839,0.37089696904636843,0.1,1.0,0.2,14,414.9967950567335,8683.96170187793
11,9,0.3032437290267909,0.581580333383018,0.5609992526157933,0.348395071563032,0.4891364323233128,0.04307677701294585,0.254086562932761,0.2076376467905678,0.1,1.0,0.2,16,188.03392379106324,3625.280003200173
11,10,0.30412537509294574,0.5769454616020107,0.5582222896964071,0.3383311733948642,0.31654783264774056,0.04344961238791387,0.2546203235971002,0.21038880920093,0.1,1.0,0.2,18,176.3139829699683,3454.763383023428
11,11,0.3344429013225338,0.6017145615702183,0.5827773396487379,0.3691928407990621,0.3578282083814408,0.047800634390226235,0.2612926985664711,0.3273897662182427,0.1,1.0,0.2,19,154.08516404684232,146949.25566042756
11,12,0.30802805086948826,0.5617986122381903,0.5423430851285441,0.34466697559842946,0.3652171161610841,0.04483314277611628,0.25678173044570063,0.22131214195694807,0.1,1.0,0.2,20,143.5686752352829,2921.498168421537
11,13,0.30610321935272733,0.5456855536345915,0.5298299309645577,0.3307775982370719,0.37976484831762825,0.04561650626520139,0.2585744998159186,0.20446055043983108,0.1,1.0,0.2,21,133.22243315234454,3672.8148968431287
11,14,0.30875675798862756,0.5373656406328141,0.5169486554668398,0.33542239768857124,0.34409880882406085,0.04354790069728861,0.25835372990107985,0.22078461099983823,0.1,1.0,0.2,22,118.6881557619819,2525.406481976853
11,15,0.30377028042009446,0.5319499694160965,0.5115165975386733,0.332699636172645,0.303910599398611,0.04573297963707896,0.256444756543747,0.2043522166143,0.1,1.0,0.2,23,124.1722358410126,3582.5999355243057
11,16,0.31640466791666744,0.511089927846479,0.48938484265191506,0.3156898031507912,0.4642349273218048,0.04572117160457142,0.2625821370682946,0.239812816752022,0.1,1.0,0.2,24,79.53053181652422,1740.6643642998813
11,17,0.30757055180172976,0.4939365039270424,0.47191653699136316,0.3151079031388294,0.3190138751700085,0.04448926600792939,0.25521913872437263,0.23367843246101244,0.1,1.0,0.2,27,72.92031773588045,2081.55302575135
11,18,0.3074900799747114,0.488880957442713,0.46874499214405335,0.3187910620922531,0.31995211087706,0.04448926600792939,0.25521913872437296,0.23367843246101244,0.1,1.0,0.2,29,71.9555182351877,2069.04547189993
11,19,0.30826312036203357,0.4863912887265388,0.46820401889421814,0.3284471610069601,0.3174495715287646,0.04454487989885006,0.25613639174713376,0.23321683259929568,0.1,1.0,0.2,31,67.34023166430198,2009.9567970617409
11,20,0.3082629088420279,0.48637338481376013,0.4681854660108591,0.3352105787997207,0.3073116188610523,0.04454487989885006,0.25613639174713376,0.2332168325992956,0.1,1.0,0.2,32,67.33779824579324,2009.9272913933632
11,21,0.31877942262118675,0.4627458263199177,0.44327103995007444,0.31810128967257284,0.46911936059846104,0.04702027548718325,0.2577073017385908,0.27845980192631836,0.1,1.0,0.2,33,42.87504339241031,1460.8117460922667
11,22,0.3109688782961797,0.4490182888033026,0.43139311466399377,0.3107132527252895,0.32634714044773366,0.045545282891716596,0.2548355944088615,0.2548026941916157,0.1,1.0,0.2,35,45.12679984635574,1361.8040851172238
11,23,0.31443311049045464,0.44246133670349275,0.4223872323705843,0.315607765044819,0.33307798700588015,0.046142390406429326,0.25751998927732556,0.25873499625929663,0.1,1.0,0.2,37,32.456141995619646,914.6214197936952
11,24,0.31292819142023737,0.440748757365265,0.42273907351369044,0.3300003311737492,0.3157640870132714,0.046023585716200396,0.2565423955501004,0.256213148479314,0.1,1.0,0.2,39,34.832264843906444,961.2182873265688
11,25,0.25455606121217295,0.3698053312753868,0.359612590516791,0.3323396167063042,0.25877126148798857,0.045776940154267344,0.20745661892316206,0.21049167052818363,0.1,1.0,0.2,56,29.092242529842075,755.5535822519722
11,26,0.25807669764007196,0.3662225096534041,0.35576323497150597,0.3368481212918254,0.2733254679072466,0.04615139983539694,0.2096082924846326,0.21735411888974535,0.1,1.0,0.2,58,29.635473040074,760.1409712310033
11,27,0.25425599735516347,0.35671646920820677,0.3439716475791097,0.32868328960430165,0.27309270499343974,0.04586362942471049,0.2079799259069332,0.2066550337942957,0.1,1.0,0.2,59,25.62196305084124,749.1202732890009
11,28,0.25627772671702914,0.3520419940950602,0.3390460644359952,0.33196018724108856,0.28544059032171426,0.04521844671516776,0.2097142547449685,0.20858708796140984,0.1,1.0,0.2,60,22.595200886937544,810.7115641309803
11,29,0.25627772671941146,0.3533693140360777,0.34249547571411054,0.3398886774305184,0.2559535954193859,0.04521844671516776,0.20971425474496846,0.20858708796140984,0.1,1.0,0.2,62,22.59520092391816,810.711566023276
11,30,0.2538292347249019,0.3425861796155895,0.3293275866741946,0.3414067048650437,0.2843695973489988,0.04418488092732678,0.208834975189757,0.20142608119916722,0.1,1.0,0.2,63,21.25858300735049,453.5904872847306
11,31,0.25666521818587384,0.34487217402507425,0.33366531873598776,0.33967027024870855,0.2646608655748919,0.045462217004437026,0.20924542862361523,0.21295824995197882,0.1,1.0,0.2,64,19.348004151958275,695.4419829267291
11,32,0.2575034721065176,0.3454353897038533,0.3362905531408438,0.35451395429217836,0.26074519713285615,0.04532095223092555,0.21055520162927038,0.21070734529984508,0.1,1.0,0.2,66,20.188065020818595,715.7545197370309
11,33,0.257442086862457,0.34053027429370336,0.3312039354222547,0.3575909514178158,0.267842882560552,0.0448268513400975,0.2114858395841733,0.20610003874606736,0.1,1.0,0.2,68,22.060111816050725,685.6763173187379
11,34,0.25798357056885307,0.3365313238505222,0.3270349100739761,0.3739759201146119,0.2644056671658455,0.04474708822983562,0.21195055656652992,0.20661828695784984,0.1,1.0,0.2,71,23.68877133067166,673.1142667505987
11,35,0.2586820120575303,0.33397214069898423,0.3243537054460575,0.37944212097120017,0.2656233421134751,0.04480956948742447,0.21244404497473823,0.20767700904386138,0.1,1.0,0.2,73,20.9716402881828,718.9100744286976
11,36,0.2595007995356722,0.3332281279045739,0.32355116445904397,0.38656677252862126,0.26620005999844687,0.04504428376275403,0.2111094176474264,0.21835743332244872,0.1,1.0,0.2,74,19.58751959664606,689.0036839815225
11,37,0.26192285531610937,0.336620088967699,0.3311242497087209,0.403432536451475,0.26540815702228815,0.04500364548986891,0.2131264072663171,0.22043536346468523,0.1,1.0,0.2,76,20.941481164259745,663.8791434743774
11,38,0.26122194244436986,0.333452493592154,0.3299366550511119,0.4114455073050979,0.26937028957226766,0.04479709725582831,0.21270156528817732,0.21922920364942183,0.1,1.0,0.2,78,15.349256123486809,668.8168715429084
11,39,0.24286905180201607,0.3126947453311152,0.30908887924392914,0.39437914203649277,0.24444013976742598,0.049573012746700014,0.1653900867674097,0.36167762049449853,0.1,1.0,0.2,84,23.663275161399767,757.7375072255775
11,40,0.24315598938713623,0.30994791814743655,0.3041560829255519,0.4065556079443687,0.24547585729229232,0.04952978859596946,0.16562006317286562,0.3620142998557677,0.1,1.0,0.2,87,22.98783819314768,760.6580054577909
11,41,0.22944455989186613,0.2930153650006675,0.2891753564040819,0.40923408413451134,0.23594490460689105,0.04943104225970944,0.1597639913560723,0.32286506680841975,0.1,1.0,0.2,90,22.60122937928629,776.6898438526563
11,42,0.23292816155899004,0.30090694876959195,0.30552156208472275,0.5300915689122039,0.23301415737161452,0.05157496703288374,0.18566158593945448,0.2097381996375943,0.1,1.0,0.2,106,49.39778510188453,940.3605374140146
11,43,0.23200990207211364,0.2936552424149227,0.2980328265551846,0.5234636447023497,0.24578328096782692,0.05121980489779264,0.1851949676805874,0.2077596587606767,0.1,1.0,0.2,108,47.49806701399975,885.1387950014154
11,44,0.23266045555132875,0.2924318399393921,0.29466689205579444,0.45377424760427015,0.23300140544754555,0.05121886825713322,0.1858383892880521,0.2078042949150558,0.1,1.0,0.2,113,47.50655839532505,884.4327768486152
11,45,0.2466656191711652,0.30804864719255054,0.3186337004728165,0.6042201358475796,0.25195327160026043,0.050513924818052114,0.2005855022792832,0.20450336362330082,0.1,1.0,0.2,116,45.63486933641318,921.0267295723924
11,46,0.24669438338500127,0.30648863173821517,0.31494181847297664,0.5189216072641331,0.2477133500735761,0.05051442497566091,0.2006252085023547,0.20445230318074842,0.1,1.0,0.2,117,46.244893163454776,924.139839909484
11,47,0.24666483756530636,0.30911316037766823,0.3218105048388227,0.6087670721627285,0.2465412430577169,0.050513924818052114,0.20058550227928307,0.20450336362330082,0.1,1.0,0.2,118,46.06386957355198,923.7238201873764
11,48,0.2984205401186015,0.3520228685794382,0.36646168496707443,0.7510585044130969,0.30470578191522946,0.051610102986437076,0.23900752449576673,0.2707678636753146,0.1,1.0,0.2,125,43.65097378154906,1026.1773237912284
11,49,0.2984205401185126,0.35335018852045574,0.3699110893610029,0.7780527092493443,0.29832211837916167,0.05161010298643709,0.2390075244957668,0.27076786367531425,0.1,1.0,0.2,127,43.65097372061906,1026.1773232717233
11,50,0.2978164702941776,0.35263052050497645,0.3712595751456785,0.8033186098613315,0.29983415476122144,0.05169160644427767,0.2385179739302922,0.27017379436587446,0.1,1.0,0.2,130,45.73486357232959,961.0398073575776
11,51,0.2924134926633427,0.3501155913089943,0.3750700017709405,0.8582962331437479,0.2927221691051145,0.051577414278632994,0.2328401220366693,0.271619689508364,0.1,1.0,0.2,142,44.09314767187351,1039.303725224784
11,52,0.33996450927890204,0.3926942854834614,0.4112453937431255,1.0340571625093629,0.34001767203724725,0.051063856114063576,0.2805684311929067,0.2710034905988772,0.1,1.0,0.2,174,39.39418199571549,964.2812056127432
11,53,0.3670154415228084,0.41861972488132027,0.43920116799394465,1.099407807529173,0.36825403169223514,0.05055871328181923,0.28767584507586136,0.3710045551461836,0.1,1.0,0.2,182,41.446229971002985,937.2090029942138
12,0,0.6981872336709953,0.8051582792978799,0.7978893634082345,0.45030730416381115,0.0,0.0,0.0,0.0,0.1,1.0,0.2,1,4125.504450524603,129979.92267241684
12,1,0.6869382099536446,0.803524000417866,0.7961941324148545,0.4488196408698578,0.007080608690317976,0.0,0.0,0.0,0.1,1.0,0.2,2,4264.396257075576,125046.86797183185
12,2,0.5654410246276481,0.8220317441512724,0.8157951378215633,0.49200307739359356,0.10515183029071722,0.04621147780362223,0.03299675551573072,0.03569338923773679,0.1,1.0,0.2,4,3064.577187087332,101933.4919406974
12,3,1.2488397364699142,1.7379705053047088,1.7226711873169196,1.4318863040272825,1.7356391179845911,0.03622435984485052,1.0,1.0,0.1,1.0,0.2,6,814.31942175923,23716.35522439123
12,4,1.224324068075957,1.663740560829132,1.6498216060637205,1.376099254200512,1.3716318813894561,0.03503186540827739,1.0,1.0,0.1,1.0,0.2,8,783.4316204042201,17054.171578635087
12,5,1.1967060785275556,1.5849541529309241,1.5687686028856205,1.3160811006763973,1.3185234758981117,0.04205101548192698,1.0,0.9063407976808866,0.1,1.0,0.2,10,115.56863996946328,287615.7506372621
12,6,0.797858489292045,1.1808989863674946,1.1644948767730703,0.9208743638261483,0.8129611523075077,0.03369811038468021,0.7049828121595025,0.3946261782254879,0.1,1.0,0.2,11,118.51325198121305,248975.3475495237
12,7,0.8278129121103727,1.1954010380283795,1.1783569517530617,0.9370650476393497,0.8940586377687526,0.033532059876304386,0.7333204282071665,0.41129963013925996,0.1,1.0,0.2,12,108.65232028536457,251295.62486891623
12,8,0.9127592753125047,1.263325288605337,1.245588565098194,1.0149739252411343,0.9869406050082761,0.04189437553855309,0.767610077491887,0.6681163804061561,0.1,1.0,0.2,13,112.06410191350582,286288.64528607595
12,9,0.9199221352196117,1.254495537664958,1.238187231862029,1.0149743397059958,0.9544997243668552,0.04188834723357175,0.7759876402449299,0.6684274834606717,0.1,1.0,0.2,15,118.9607676109758,290000.30078768206
12,10,0.8791438699407497,1.2008315525712283,1.1819429426239705,0.9612467220226337,0.9276070997862106,0.04183242435596342,0.7402195099603085,0.6470199508624817,0.1,1.0,0.2,16,113.03150074696109,282581.06666111475
12,11,0.8563321124041617,1.1333107818645562,1.11681892068487,0.9094942073833902,1.0701899687199599,0.0380579432605398,0.7265290614942863,0.614095114788656,0.1,1.0,0.2,17,52.95467599485897,276029.94220704486
12,12,0.8491845163572034,1.1221047925635501,1.1054563686119427,0.9106477221892806,0.8553132857533832,0.0380002473833232,0.7207677340304631,0.6078818519620313,0.1,1.0,0.2,19,53.60936119853976,274750.96042965254
12,13,0.8569731021278395,1.1292614282953874,1.1125886392370237,0.9153770163309913,0.8566958391031878,0.03800400423863124,0.7284833200180785,0.6083455976843339,0.1,1.0,0.2,20,52.19621009323683,275940.19221662777
12,14,0.8174570309928826,1.084215543605844,1.067329266983405,0.8799314192139059,0.841820424403501,0.03913031643524673,0.6914960940727175,0.5961021929071054,0.1,1.0,0.2,21,54.57161269937905,273398.22015608626
12,15,0.8171792142609281,1.0753688233373455,1.0602251304407908,0.8764633410841826,0.8358439437139411,0.03913031643524673,0.691496094072716,0.5961021929071062,0.1,1.0,0.2,23,52.67496756841749,274093.4135096188
12,16,0.8064235735117379,1.057445533404978,1.0420271874801867,0.8659026349378254,0.8201900269147954,0.03944839688380587,0.6819165623633321,0.5910314847003676,0.1,1.0,0.2,25,52.55799940213318,271357.41071831
12,17,0.810821343068586,1.0588849838373917,1.0433534310198647,0.8735692495724963,0.821830481951487,0.03831455361528855,0.6974248224301616,0.5364248862481765,0.1,1.0,0.2,26,47.1702045754282,1712722.1653838586
12,18,0.6633380563346715,0.9038989519105257,0.8880807287569875,0.7227289126170289,0.6948983326404374,0.038414428220837446,0.5529304860343367,0.5223398073635305,0.1,1.0,0.2,27,45.316796662549024,272695.8675341079
12,19,0.7939413053947744,1.0352976289671905,1.0236526193707656,0.8749451610186144,0.7932757283386429,0.03925863138431013,0.6718377489447456,0.5806123219012134,0.1,1.0,0.2,33,42.60695888194969,269073.3694865083
12,20,0.6108249176133134,0.8427962402353543,0.8328651047770652,0.7520479808784181,0.6129953124221511,0.040828990111064827,0.5058731045082578,0.49522595858508334,0.1,1.0,0.2,45,48.59251039974022,1233735.501489052
12,21,0.6114513594180697,0.8380561420209731,0.8279207466498282,0.7514891844645075,0.6217206133981015,0.04117143301326841,0.5063469665071219,0.4963505806707932,0.1,1.0,0.2,47,46.24923378816006,1230412.4789790034
12,22,0.7665700285343633,0.9925241482047678,0.9865073490431062,0.9102742973014086,0.7722914575771911,0.041423249057795,0.6867457846465147,0.3701376231856635,0.1,1.0,0.2,49,62.91137340372417,301685.76821056136
12,23,0.7623571138296766,0.976170328056057,0.9676208975483767,0.9079074820968688,0.8090938313301166,0.04124189812367769,0.6878978975295378,0.34435715718844284,0.1,1.0,0.2,50,46.01795675735677,28070852.94186277
12,24,0.7791123801353711,0.9935506501374944,0.9870966708276786,0.9162180918568024,0.7808215783408854,0.04210460626774384,0.6999598336566378,0.3674513840253343,0.1,1.0,0.2,51,59.88640254980898,298854.32789141533
12,25,0.6544175819072673,0.8585010881102471,0.8516547151969432,0.792967809431998,0.6991973734676822,0.041552780674566046,0.5883181568329099,0.3032741335371163,0.1,1.0,0.2,52,57.50152768587593,298163.4457641846
12,26,0.6543992038741039,0.8585576353098826,0.8537859561597269,0.8026394556290738,0.655893645864052,0.041552780674566046,0.5883181568329098,0.3032741335371163,0.1,1.0,0.2,54,55.204579946160095,297967.36798329366
12,27,0.763563732066904,0.9630144158363504,0.9539208527296301,0.9144115359711832,0.7668979320357906,0.041745979516864616,0.6889610208611933,0.3459353704370605,0.1,1.0,0.2,56,38.57131352748553,28032604.795045465
12,28,0.7642643946414986,0.9632450129790066,0.954133656148687,0.9219798592147286,0.7640936457934762,0.04208187342550049,0.6894654662747474,0.34678280508136883,0.1,1.0,0.2,58,37.50577669784,28015492.982381865
12,29,0.503061415630439,0.6844661586448595,0.6767625155014761,0.6554103537881621,0.5439759346781995,0.0407325988355096,0.4150602009032249,0.4146954891724632,0.1,1.0,0.2,60,30.80920574255809,1246239.1319714251
12,30,0.6130250350867252,0.7957469953862475,0.7922370199525237,0.7754755562500234,0.6184102067841167,0.04089122917170811,0.5120865412579317,0.47938633557852145,0.1,1.0,0.2,61,19.70894089295019,2627042.432410242
12,31,0.5000035439546935,0.6769603653400547,0.6711608881949725,0.6584202967415517,0.5183086853295971,0.03926433476937416,0.41415147872051844,0.4050137274094966,0.1,1.0,0.2,62,25.61060156396104,3137747.082553457
12,32,0.6172769336616439,0.7815623373000786,0.7773573274519832,0.7669400582760189,0.6784477994145547,0.04038962522794115,0.51635417419381,0.4805274722582788,0.1,1.0,0.2,63,15.655176010747656,3592379.3083309582
12,33,0.5143163032193732,0.6706321535633291,0.6640549678383778,0.6657045869634035,0.5282835421745894,0.04029201922958786,0.4294851913123224,0.40042647897454586,0.1,1.0,0.2,65,16.07654056777891,3584836.849439225
12,34,0.6228130915750817,0.773151650742761,0.7663495467470337,0.7688168335034083,0.648579053348107,0.0402169219187424,0.5209284701243934,0.4859919465389965,0.1,1.0,0.2,66,14.357774801511027,3588043.679876126
12,35,0.6228077169227999,0.7738298930856684,0.7691256639059791,0.7797870843001008,0.6235590772443846,0.0402169219187424,0.5209284701243931,0.4859919465389965,0.1,1.0,0.2,68,14.735256700582855,3587495.974428459
12,36,0.6158150105258525,0.7561406763802857,0.7531064385549194,0.7696605467074222,0.6683276295586656,0.04030392534337529,0.5154463009435676,0.47887021294217946,0.1,1.0,0.2,69,13.764874246626809,2636835.583742071
12,37,0.616354304577207,0.751704565502695,0.7484833761660338,0.7735158003187117,0.6268013720986527,0.04037404444073505,0.5159140549253494,0.47937280060280285,0.1,1.0,0.2,71,12.29966128237612,2635171.5124810943
12,38,0.5140655663297045,0.6469881498568241,0.6416035346472028,0.6819419564948851,0.5159923722769474,0.04027786426194793,0.42957743393404846,0.3996992110371562,0.1,1.0,0.2,73,12.432515544358251,2634558.147327923
12,39,0.5283417579598941,0.6603816488073657,0.654963837743378,0.6993103480154816,0.5316792907659987,0.040336096899738286,0.4473254858794153,0.382341105199743,0.1,1.0,0.2,74,14.524761645246254,2638069.7625664445
12,40,0.5287955304831937,0.6568800196132727,0.6513136446318787,0.7040015025831646,0.5370324980573543,0.04040623763551846,0.447715280864233,0.3827599282502613,0.1,1.0,0.2,76,13.443598587253131,2636404.145579044
12,41,0.5288988222696305,0.6569451650411725,0.6513773584024146,0.7040705893355474,0.5285797721415573,0.04040274709210279,0.4478382204094259,0.3826647041720893,0.1,1.0,0.2,77,13.4302334391168,2636480.7453104733
12,42,0.528791838946369,0.6576442979533337,0.6541790496932981,0.7154396265038524,0.5305985383144034,0.04040623763551846,0.447715280864233,0.3827599282502613,0.1,1.0,0.2,78,13.578558688706512,2636242.465037176
12,43,0.5199856067911877,0.6330915665184339,0.6290352848643441,0.7082224522375098,0.5427280584800679,0.0395313025213956,0.43620007866451244,0.3972224116998122,0.1,1.0,0.2,81,9.481470441316628,2640012.806975753
12,44,0.5143725713089335,0.6281472425002974,0.6261883404803716,0.6823070842353482,0.5149616664291767,0.03973846887276895,0.4306523449037994,0.39681089379711565,0.1,1.0,0.2,84,11.10502725031642,2643390.4940354326
12,45,0.5146617096117938,0.6281651964073383,0.6282684121061693,0.7130191138893021,0.5213113870587863,0.040008570717282185,0.43043037768479564,0.3992755587883236,0.1,1.0,0.2,85,11.459477144366224,2643127.601683952
12,46,0.5145001264992518,0.6274913367280955,0.6275753180687739,0.6924598210664191,0.5163807889639428,0.04026922678512929,0.42999514234540237,0.4005275180471539,0.1,1.0,0.2,86,12.01978545498824,2642240.041229183
12,47,0.5189189366598439,0.6272575658544312,0.6292393798062624,0.73579176423645,0.5449090964539095,0.04010071448221668,0.43445391315065784,0.40057058373905335,0.1,1.0,0.2,87,10.552682523035118,2642800.332596797
12,48,0.44516976352334625,0.5488317528702461,0.5506382172646272,0.6741573223007433,0.4517147958716261,0.04013835722562165,0.3720468216789951,0.343958863123225,0.1,1.0,0.2,90,9.817852362967724,2629126.681319543
12,49,0.4453780766377781,0.550319987821344,0.5542467990309211,0.7030871411777349,0.44513179724881424,0.04020665182220912,0.37227573696537386,0.3438228931926206,0.1,1.0,0.2,93,9.965816280424855,2629330.261073351
12,50,0.44541701078390905,0.5492270192342833,0.5531114022563274,0.7022151060347984,0.44759784210089343,0.04021692097255345,0.37233597736907964,0.34373883889917733,0.1,1.0,0.2,95,10.026631318431148,2629082.46404783
12,51,0.4473736491777058,0.551223193901075,0.5551090447077148,0.7125213728255684,0.4470632845837804,0.04019525701580755,0.374683129594947,0.341797110922987,0.1,1.0,0.2,96,12.24721466953564,2625082.75675352
12,52,0.44475376356562135,0.5494725734240877,0.5554633569371965,0.7136267660330874,0.44628110281747196,0.040201144207006365,0.37166954983630934,0.34377273327647473,0.1,1.0,0.2,97,9.92886662160686,2628991.125008879
12,53,0.4453222984105099,0.5495225378802946,0.5554938793582856,0.7262817642280234,0.4461604097268247,0.04022840977970692,0.3722414136070742,0.34375498778593305,0.1,1.0,0.2,99,10.027032908902438,2628868.617430982
12,54,0.44747994161300264,0.5511090894208718,0.5570590129274322,0.7404714059330212,0.44967947134861125,0.040186872477607424,0.3742517607055209,0.3445258604171134,0.1,1.0,0.2,100,9.142049858793488,2630032.737622143
12,55,0.44568425724198724,0.5452804600590073,0.5510792147045347,0.7472536106846943,0.44836004581436856,0.04076725274604645,0.3723466733918872,0.34487712849572666,0.1,1.0,0.2,106,10.941466107367336,2618271.694789988
12,56,0.445668345638911,0.5455826909318796,0.5534657151598925,0.7759491960165729,0.4464922133889329,0.04010277089734633,0.3723504627005968,0.3451337696750613,0.1,1.0,0.2,110,10.630233157418177,2623232.0576028414
12,57,0.4458989397972277,0.5434586207672836,0.5491810696605741,0.7705089338098364,0.44788564771850436,0.040806600515282856,0.3725604925611864,0.34490788641200426,0.1,1.0,0.2,112,12.226755266816118,2629383.9371312987
12,58,0.4460600716361299,0.5446008454627549,0.5565771544330483,0.7899796169884153,0.4501967633272196,0.04079788298257912,0.37277739445619845,0.34469973940667603,0.1,1.0,0.2,115,11.538410166944267,2628834.94054778
12,59,0.44257579665473235,0.540067298761202,0.5520042871588285,0.7884161797737511,0.4434717473932219,0.040155203732809716,0.3696860403961035,0.34307921305106387,0.1,1.0,0.2,119,11.697623970884155,2626740.437729952
12,60,0.5152865469685955,0.6052244036967409,0.6168784286415501,0.886205050070367,0.5482774961866811,0.04022620290936057,0.43144008837720005,0.39798390071842304,0.1,1.0,0.2,120,10.110413286382604,2631021.6866257424
13,0,0.44790884782200574,0.7610628864404636,0.7521488989018621,0.41058121833856215,0.0,0.0,0.0,0.0,0.1,1.0,0.2,1,30060.02565470241,138189.05267274752
13,1,0.43256305271999596,0.7588267606462762,0.7519019631222378,0.4112815700946795,0.007597532354714687,0.0,0.0,0.0,0.1,1.0,0.2,3,28655.321512792565,132579.1503790081
13,2,0.6998876537370582,1.0520611604468426,1.042698529725455,0.7094024012887372,0.3405658350563814,0.12199119933896281,0.09082458848439452,1.0,0.1,1.0,0.2,4,25960.047936858144,122320.13693915607
13,3,0.6019013935008202,0.9557373749365778,0.9463541417544155,0.6215056971803798,0.20847347934104052,0.12100329614512342,0.04555961239397454,0.747966909660382,0.1,1.0,0.2,6,25861.861589593627,122010.4021811812
13,4,0.3987421546265937,0.7983286857126682,0.7926023545967934,0.464323846638184,0.1332959646763225,0.10295995806321596,0.029860201646415417,0.11387855713003252,0.1,1.0,0.2,7,22345.917287956545,110818.64664916458
13,5,1.3171879756466014,1.8314542842754153,1.8214417624886838,1.511701409645559,1.4616152871633157,0.10948292965942297,1.0,1.0,0.1,1.0,0.2,9,3287.2149450790434,27463.35991662694
13,6,0.605266546936197,1.135702657688166,1.1259809742682843,0.8278431875629051,0.5431384958746052,0.10225725427657384,0.2971747185875172,1.0,0.1,1.0,0.2,10,3448.1192395684257,67263.79051297311
13,7,1.2621179077427254,1.787243379292774,1.7776634921258372,1.4792105738214294,1.490618244048758,0.10695706540167657,1.0,1.0,0.1,1.0,0.2,11,1009.2976326737214,22338.11278552208
13,8,1.0646689213327691,1.516014557326055,1.5026041086937199,1.2246643914932709,1.2212223667278224,0.10578403223785574,0.8315684743063774,1.0,0.1,1.0,0.2,13,720.9078485130728,21446.942467919755
13,9,1.08605833064022,1.507188426755407,1.4944900932375367,1.22516525779609,1.1400738699436315,0.10562337328869931,0.8592270596970899,1.0,0.1,1.0,0.2,15,704.8682683108864,23659.501880425963
13,10,1.0083217633643056,1.422434469749815,1.4114899896049322,1.1600628571858487,1.0148181264344436,0.10547501646506277,0.7830311832701021,1.0,0.1,1.0,0.2,17,609.322909888808,19880.320014181376
13,11,0.7831411410106504,1.1793388333118555,1.1655558190264406,0.9251141280193258,0.8551220797266921,0.10608886513714999,0.5604051701443891,1.0,0.1,1.0,0.2,18,379.4776492506668,15279.191611856417
13,12,0.6729501118416499,1.0524741841636476,1.0400572523287346,0.8020797608716834,0.75185506109674,0.1053857284427275,0.4525492857527616,1.0,0.1,1.0,0.2,19,378.06043772255305,13004.823401497702
13,13,0.6808241843248228,1.056677796709586,1.0441089162183896,0.8117406062163315,0.6892011759476481,0.10536848401323111,0.46082715529993523,1.0,0.1,1.0,0.2,20,382.7533998578452,13581.724859666108
13,14,0.5588894888106735,0.9091006718557457,0.8954871229331973,0.6701658483272412,0.6744506178860727,0.10546249644571234,0.3412441310785654,1.0,0.1,1.0,0.2,21,229.0862558353577,19506.36462348254
13,15,0.5566621591570096,0.9064724042528738,0.8928426612329956,0.6727510287453267,0.5514890378447512,0.10546120616033403,0.3390484408590378,1.0,0.1,1.0,0.2,22,222.81758040549423,19170.99713003656
13,16,0.4886307682124557,0.8352471560572052,0.8214891343116786,0.608500619268612,0.49687726172255114,0.105506791549933,0.2712582917205838,1.0,0.1,1.0,0.2,23,225.7040967319301,19223.75064693601
13,17,0.5520018339597134,0.8943182322311065,0.8803878681466069,0.6680472761791506,0.5659010115968242,0.10555257706739145,0.33494432289234266,1.0,0.1,1.0,0.2,24,230.1085229884905,94524.29330259778
13,18,0.5519633109037273,0.8905846259337247,0.8765066622466449,0.6713453705068753,0.5544440432232791,0.10553160452086534,0.3351694975605081,1.0,0.1,1.0,0.2,26,235.5780834302615,94077.74452229262
13,19,0.606885702744393,0.937063970489884,0.9267889450818707,0.7354212731575551,0.6540870786062362,0.10664878650374657,0.3907100032495312,1.0,0.1,1.0,0.2,27,87.62932338575656,7233.673429178309
13,20,0.6315283551240658,0.9140420558765685,0.8998348972770849,0.706027486874512,0.8395220357169588,0.10640234369283046,0.4175587653433997,1.0,0.1,1.0,0.2,28,180.19316124339025,8480.226748626415
13,21,0.6178374493776257,0.8979703120413223,0.8836711160343895,0.6878134034205114,0.6254180104926259,0.10646636152580509,0.4039472280161256,1.0,0.1,1.0,0.2,29,220.39453691230645,6695.667996321242
13,22,0.6318550928001192,0.8891674938164296,0.8739901474986906,0.6903591654781609,0.7324315649703379,0.10645158489554016,0.4186849150068824,1.0,0.1,1.0,0.2,30,194.90355854126696,7769.328849271558
13,23,0.6332515806516297,0.8872137336535229,0.8719078671174147,0.6954147506328225,0.6386214341986448,0.106499506371278,0.420171286149276,1.0,0.1,1.0,0.2,32,227.7706783055688,7263.020569618341
13,24,0.5490588244236785,0.7964531572210183,0.7808959577128922,0.6180213805847147,0.5614912123745612,0.10648646407786162,0.3361492320207531,1.0,0.1,1.0,0.2,34,202.71856657988664,7261.782902393114
13,25,0.47368297643439317,0.7167135903635953,0.709275286492518,0.5863292117257307,0.47882009074294424,0.1056595635245368,0.261084344287068,1.0,0.1,1.0,0.2,40,122.4456196479793,5270.171500870473
13,26,0.428468438541724,0.661349382485549,0.6514527798666734,0.529468431016427,0.4463352622823944,0.10546202777684259,0.21607984518593287,1.0,0.1,1.0,0.2,42,118.55173231962,5278.463325943849
13,27,0.47250731983530597,0.7011245543779461,0.6910655370135016,0.5734244830370894,0.48070144650452296,0.10567851811975673,0.2601867732973627,1.0,0.1,1.0,0.2,44,97.896600276156,4936.987149702919
13,28,0.4290243998720713,0.6489252384309783,0.6385349454020728,0.5359742672566933,0.44711732217996175,0.10587508866349989,0.2168500448439449,1.0,0.1,1.0,0.2,46,98.28852416345993,4982.285007428804
13,29,0.42893268652441763,0.6406729640379443,0.6299730947603824,0.5322698366746866,0.4453021003446686,0.10587234646542865,0.21689638672383743,1.0,0.1,1.0,0.2,48,102.10916844520084,5064.260933219695
13,30,0.42886537182589357,0.6376430691462551,0.6289027187880993,0.5424107470333419,0.43674867800433836,0.10587234646876001,0.21689638476358128,1.0,0.1,1.0,0.2,50,104.76660481201372,5129.456639388236
13,31,0.4288527387186656,0.6381526420484156,0.6315038605717809,0.5482527500806904,0.42926707128550323,0.10587234646876001,0.2168963847635812,1.0,0.1,1.0,0.2,52,107.20221414221756,5172.63511910345
13,32,0.5587114710069984,0.7561656842892919,0.7490684507310441,0.6917968216413214,0.5839008900096069,0.10759977930409056,0.3467576624079364,1.0,0.1,1.0,0.2,54,136.5948598111487,10534.521428884304
13,33,0.5543564211797138,0.7283963875469281,0.7204148931397734,0.6739835213657879,0.6053043505212212,0.10796087341867695,0.3426549304303245,1.0,0.1,1.0,0.2,56,173.253069968212,10523.068282614826
13,34,0.49724690376122754,0.6704326681851802,0.6624189787524215,0.6384788627586186,0.4982418349582904,0.10790006012207205,0.28556077137720043,1.0,0.1,1.0,0.2,58,172.56229725781267,10606.59521337266
13,35,0.4974433083081584,0.6680588394818674,0.6599482292780803,0.6363662490453712,0.5022690816168777,0.10784555230460535,0.2857900810721338,1.0,0.1,1.0,0.2,60,175.84111192565928,10784.183715080377
13,36,0.4973584404091489,0.6678357415677794,0.6597199134914318,0.6436572386350611,0.49679321212483807,0.10788195968407735,0.28570300914240776,1.0,0.1,1.0,0.2,62,174.16737521645982,10721.294743430855
13,37,0.5319918655122775,0.7002394166054362,0.6941116005754411,0.7094857962716477,0.5364175169179352,0.10773516103080527,0.3203879102886668,1.0,0.1,1.0,0.2,65,130.2064914509344,8476.714101806785
13,38,0.5321027441455699,0.6934566194855478,0.6870691192497747,0.6995801503038833,0.5618007228339752,0.10767882453530575,0.320571844815881,1.0,0.1,1.0,0.2,66,137.10488389063013,8634.80267286758
13,39,0.5297053430878369,0.6845276901173427,0.6778942949329783,0.6951593040921082,0.5434489703903376,0.10766908687727528,0.31823516204436025,1.0,0.1,1.0,0.2,68,127.96514594349117,8537.135032640115
13,40,0.5299891090329082,0.6771376390852186,0.6702155174979965,0.6962329735988362,0.5462954942341942,0.10763497386201629,0.3185875493722047,1.0,0.1,1.0,0.2,70,132.6634331104112,8895.457116790445
13,41,0.5155085276770791,0.657198307150725,0.6500709194004013,0.672988653738329,0.5390353086225178,0.10702468826106737,0.30421141814344127,1.0,0.1,1.0,0.2,71,75.065297257223,8311.103637539865
13,42,0.5113130222273021,0.6464746321143287,0.6391018578697196,0.6706455125871529,0.525393224603729,0.1069793906751719,0.30006997598886664,1.0,0.1,1.0,0.2,73,70.77430939444325,8323.887565592442
13,43,0.5216855450612383,0.6542750848505656,0.6447334836353324,0.675129746869152,0.5261605944964205,0.10711407532601887,0.3104371895362297,1.0,0.1,1.0,0.2,74,74.71130448775457,8222.09983838514
13,44,0.5157389479754375,0.6491632761513941,0.6417252551239163,0.6811874381578289,0.5174823491704654,0.10702376265579275,0.304503297890525,1.0,0.1,1.0,0.2,75,77.55016436875229,8591.268073848481
13,45,0.5165013649922503,0.6467226958312957,0.639164347844497,0.678598769782282,0.5300126445479578,0.10703081908297918,0.3052872276364391,1.0,0.1,1.0,0.2,76,78.04490490735341,8623.43456406256
13,46,0.5162179202512751,0.6469785615084991,0.6415127571830619,0.6857640362352232,0.5192108376756464,0.1070319880886513,0.30500909955691646,1.0,0.1,1.0,0.2,77,83.97368392524837,8906.6556912251
13,47,0.5139058843822399,0.6387958610973585,0.6310372790059705,0.6788096392557503,0.5334437519074828,0.10699004842747395,0.3027315121294581,1.0,0.1,1.0,0.2,78,77.19357708265682,8754.80177754724
13,48,0.5136966059254413,0.6319386175259045,0.6239304628457767,0.6802146066828376,0.5279126365020619,0.10700214344882034,0.3025628844202131,1.0,0.1,1.0,0.2,80,71.0982185410371,8533.624243605704
13,49,0.5179407295198306,0.6385522106234913,0.6347775709369645,0.7041025260179201,0.5178238072381187,0.1071327306735657,0.3067956870902381,1.0,0.1,1.0,0.2,84,72.54403492978012,8421.440964522459
13,50,0.5262679487398374,0.6427157524828686,0.6408571194589114,0.7281588961334282,0.5379756059331195,0.10718390338879906,0.3151502298424581,1.0,0.1,1.0,0.2,86,72.41633275163105,8462.696171432934
13,51,0.46449501917851577,0.5790281488859295,0.5791698920897455,0.6922967177391881,0.4722531447965334,0.10693282158737685,0.25342322030889186,1.0,0.1,1.0,0.2,88,27.74292713210568,8179.314923342502
13,52,0.4647656578537187,0.5667379532114485,0.56640872970978,0.6893668694669107,0.49160785494610515,0.10690000459883846,0.2537612382771302,1.0,0.1,1.0,0.2,90,30.83129774917407,8525.322066156168
13,53,0.46473522984117016,0.5613574628621638,0.5629000662360908,0.70381697049911,0.47863144732146806,0.10690000459883846,0.2537612382771301,1.0,0.1,1.0,0.2,92,29.433563741141832,8465.863346985872
13,54,0.4796969158695183,0.5738574360938136,0.5753077689395822,0.7247854929642741,0.4848516486977212,0.1070155242406722,0.2687225058507256,1.0,0.1,1.0,0.2,94,43.31946421155466,8950.543620486957
13,55,0.43445801961896585,0.5154246161014595,0.5143083106996607,0.6729700518774919,0.46035686659881797,0.10701683320511439,0.22353334658776505,1.0,0.1,1.0,0.2,96,34.2112401659744,8072.558443079288
13,56,0.4344509422473239,0.5149201065230486,0.5158575969334075,0.6921436063364009,0.4382096917074036,0.10701683320511439,0.2235333465877652,1.0,0.1,1.0,0.2,98,33.48905689223859,8036.836949289736
13,57,0.4244808034163906,0.49691895751936377,0.4975556823812946,0.683231573297122,0.441948704874719,0.10682754391796796,0.21361205944194284,1.0,0.1,1.0,0.2,100,36.59361152182931,8299.892491360652
13,58,0.43435395310421965,0.5141417872663807,0.5274881068223556,0.8253765811209404,0.43429870593847664,0.1069388221241857,0.22347627100880518,1.0,0.1,1.0,0.2,121,30.63014838135324,8135.715178458742
13,59,0.4341680184968223,0.5139182378210154,0.527263159148677,0.8424421589202222,0.43402683049125895,0.10684940955202468,0.223299414962533,1.0,0.1,1.0,0.2,125,27.80886905841249,8174.268089989245
13,60,0.39493885351446334,0.47688426098212755,0.49445616573752915,0.807121981512658,0.3957701170346817,0.10624597959818047,0.1841322277509289,1.0,0.1,1.0,0.2,127,36.41213826803416,8217.490267239571
13,61,0.4310330274889362,0.504008677407747,0.512955183395263,0.8350292993855504,0.4469428888024474,0.10710244648425635,0.22015345533951747,1.0,0.1,1.0,0.2,128,29.697416873103084,8126.765449926138
13,62,0.43103395687492313,0.504012880187963,0.5150319086058983,0.8603268581405568,0.43232594028837795,0.10703978532718017,0.22016513943314092,1.0,0.1,1.0,0.2,132,28.48311837635816,8180.117800549437
13,63,0.43828119294969015,0.5100487241247806,0.5210223957794146,0.8757486562656545,0.4434439464490061,0.10693123543584686,0.22742727909853802,1.0,0.1,1.0,0.2,133,31.25731725467521,8185.563288461118
13,64,0.43272458846375866,0.5069242584318921,0.5221337880718258,0.8743383101654614,0.43289766448887856,0.10696628825980928,0.22186790005869103,1.0,0.1,1.0,0.2,136,29.89366775550145,8113.740095294999
13,65,0.43306307298037505,0.5070176397455792,0.5222179913524307,0.8831621458541361,0.43348583312841843,0.10693363684489934,0.22221046202174013,1.0,0.1,1.0,0.2,138,32.971959541952124,8461.674491096366
13,66,0.4031690198071708,0.48328495100513263,0.5090779817378397,0.9433125594240053,0.403152177423631,0.10642715661624971,0.192368624669924,1.0,0.1,1.0,0.2,152,38.87069169190702,8277.427748839695
13,67,0.401975075833793,0.481652611764999,0.5095016814011148,0.9544276747913405,0.405704395415563,0.1064250756502817,0.19118064828570286,1.0,0.1,1.0,0.2,154,35.96645792919621,8209.038165642622
13,68,0.40197432052357174,0.48274442639177473,0.5127067935431406,0.968109725288266,0.40233700028142344,0.1064250756502817,0.19118064828570286,1.0,0.1,1.0,0.2,156,36.038507173122696,8213.783463639938
13,69,0.40230096835408535,0.48067474084324274,0.5084750327407117,0.9530993961911212,0.4045093173485431,0.10642900563055997,0.1915103421569178,1.0,0.1,1.0,0.2,158,38.64184247540399,8326.713790248086
13,70,0.39415278929279196,0.4544964141851546,0.4546804723172667,0.7207946796055216,0.39412876788120255,0.1051953934422493,0.1834879789326988,1.0,0.1,1.0,0.2,186,79.64876380141098,4236.760926110471
13,71,0.39655098369575137,0.45474669460634204,0.4569227698563973,0.772186739599944,0.4116806853828094,0.10525352549195237,0.1858911638496193,1.0,0.1,1.0,0.2,187,83.94062772099676,4455.920740069401
13,72,0.39292303755437985,0.4502459995057057,0.4523894169854506,0.7593448782343679,0.3937587435952068,0.1052326369311906,0.1822679860280716,1.0,0.1,1.0,0.2,191,79.53355015318441,4186.311573060925
14,0,0.9235717593457349,0.8465916107598176,0.8384396323416881,0.4900599198770481,0.009547678000919019,0.09422813485693995,5.742992437782e-05,0.00033717295423601,0.1,1.0,0.2,1,12912.394790085264,162865.23873615637
14,1,0.8825477419688869,0.8426888577999705,0.8343773225546376,0.4918431454981411,0.030129098029014312,0.02557329657092704,0.00695221293016386,0.00206479685332596,0.1,1.0,0.2,2,12852.208220346962,162978.0756221277
14,2,1.566877228471032,1.813124038595385,1.803437044685514,1.4660423089105405,1.218722471960783,0.00869772549733705,1.0,0.08178706742328354,0.1,1.0,0.2,3,12585.116332730851,101394.94768958417
14,3,1.4075553361223845,1.7817029541297864,1.7713247783829003,1.4462296444850027,1.1393654972688858,0.00452804644771116,1.0,0.01940384074525299,0.1,1.0,0.2,4,12487.696443493538,156090.67223049575
14,4,1.4438892110640522,1.836777150396356,1.8280413856990056,1.4962267079330411,1.104951301954563,0.00689201530708346,1.0,0.35124505705916387,0.1,1.0,0.2,5,11643.35885259804,163120.17486938243
14,5,1.3824581994008902,1.7996197943918617,1.7926338595455875,1.460320674886827,1.082710963081324,0.01273728045209872,1.0,0.2057869609992467,0.1,1.0,0.2,6,9969.326703636843,69036.56460499507
14,6,1.3501559298702555,1.7823532123002546,1.7747231331289526,1.4446823968281886,1.0859328028663293,0.01273728045209871,1.0,0.205786960999247,0.1,1.0,0.2,7,9132.083393241644,66267.14771095551
14,7,1.3520165323918139,1.8319547462566526,1.8236850646214975,1.4979653310126928,1.2123698494907973,0.012744892396673441,1.0,0.5395165414829318,0.1,1.0,0.2,8,8466.653731630937,51119.53918652461
14,8,1.2296545993501915,1.7179414839657814,1.7079084396325772,1.3881430463633944,1.0990910445204332,0.01273728044914437,1.0,0.2057868998777977,0.1,1.0,0.2,10,5629.846985346466,48809.09770206225
14,9,1.2265504231855666,1.716920170484412,1.7067967243880233,1.3912122499120518,1.0491369470257434,0.01319792625512023,1.0,0.2125602647793281,0.1,1.0,0.2,12,5532.888136577775,48195.350202423615
14,10,1.1656613990586389,1.6831656071237195,1.6748019393406028,1.412579899613458,1.374496534537056,0.03173242434527984,1.0,0.3542217010083086,0.1,1.0,0.2,13,2575.618590405756,244297882.9571297
14,11,1.1866459795256228,1.6878112470247122,1.6772411211193494,1.4121492440995664,1.2746913831282738,0.04343773780463077,1.0,0.6673346421530675,0.1,1.0,0.2,15,1425.3944574998177,181313.53901372905
14,12,1.2529331086118012,1.7487379397550356,1.7420189792001917,1.507817105549827,1.2123699190282742,0.06616979867131806,1.0,1.0,0.1,1.0,0.2,19,1902.3902147150573,214214074.2866305
14,13,1.2198453688404745,1.7040405901305107,1.6986155374041294,1.4827770170810064,1.2312310821263093,0.05684098387291072,1.0,0.8855327617560246,0.1,1.0,0.2,21,992.1250151493368,218810700.9973352
14,14,1.2391749362583069,1.7130038417076845,1.7008226143476255,1.4914382013811103,1.2229954893368138,0.061856712129358137,1.0,1.0,0.1,1.0,0.2,24,937.6522247568296,445138.755935982
14,15,1.2265671670287774,1.6823823421486241,1.6732601391986308,1.4835307799980448,1.3824699572949621,0.046808756358879176,1.0,1.0,0.1,1.0,0.2,25,627.977904334186,237998.8657745596
14,16,1.2213466289646158,1.6422145081292145,1.6274429010486628,1.4399069518969956,1.2656829812323644,0.04831762048946197,1.0,1.0,0.1,1.0,0.2,27,547.4313057389983,270037.8662559826
14,17,1.2001560800997548,1.6123835214304347,1.5972281182640595,1.4111127748881236,1.2306215091815758,0.04194846234458347,1.0,0.9054689642155684,0.1,1.0,0.2,28,319.1032744230495,132326.7177214991
14,18,1.202637504103159,1.6139602776557582,1.6008296475466655,1.4239075995952044,1.193718477528221,0.04239385760343201,1.0,0.9195495320954672,0.1,1.0,0.2,30,308.4949116302162,138904.52832349637
14,19,1.1002845569939386,1.513796624359864,1.5069538751069331,1.374222438424465,1.087649781092242,0.050845003088299735,0.946197053066669,0.6741156074747426,0.1,1.0,0.2,36,329.28882205654617,317408.05715569283
14,20,1.1468848820903954,1.5450341083370622,1.5416628438951163,1.42628509354678,1.226057276333438,0.052258002619398836,1.0,0.6508640959112614,0.1,1.0,0.2,37,511.3160887179397,296231.11946959014
14,21,1.147477093261899,1.5436838800152008,1.5402306708114608,1.4287372944681223,1.1410597762024137,0.05225536487976966,1.0,0.6550992553130203,0.1,1.0,0.2,39,507.4869419428442,296543.88134558155
14,22,0.8565466219946696,1.2414193276824772,1.2333583856983577,1.137271539681994,0.8891912222107932,0.046642286897655774,0.7614997326961228,0.4010853760726584,0.1,1.0,0.2,40,317.160612576692,315401.2963739615
14,23,0.8563567423138422,1.2408707874407392,1.2348619609319171,1.1573384423530353,0.8504239748482204,0.046642286897655774,0.7614997326961226,0.4010853760726584,0.1,1.0,0.2,42,315.1221932184057,315438.8098752929
14,24,1.0886660816120861,1.4719297723195457,1.4679361118469783,1.4019172989951694,1.091518239101444,0.054592794824594615,0.951220263166252,0.6114921651975809,0.1,1.0,0.2,43,553.5300223925417,375708.2383260663
14,25,1.06219810252235,1.4250376160771645,1.4202078506737985,1.3572378087921555,1.1526637831065458,0.04416627357545314,0.9509539181060696,0.49563258528080817,0.1,1.0,0.2,44,383.83696261257165,468006.80929579807
14,26,1.0679312784292265,1.4273607915476338,1.422393145357007,1.3635695588865298,1.0767132785392386,0.0442129635622988,0.9563380106664768,0.49878943211686844,0.1,1.0,0.2,45,370.94822051628057,467841.665738364
14,27,1.1410733797015327,1.4687636716667656,1.4563212581322678,1.368874519841067,1.2006875582528225,0.04649729943883487,1.0,0.6548315880124386,0.1,1.0,0.2,47,212.9980906041331,311797.5492789137
14,28,0.9197787598471124,1.2505511195399328,1.2444393920735888,1.1883225493533465,0.916463518456357,0.04685970759864766,0.8114070600396832,0.49141014962732144,0.1,1.0,0.2,49,214.10491675142904,311238.8461465067
14,29,0.9186092528261594,1.2471388466931015,1.240938530331401,1.1886681324372728,0.9185363213319772,0.04683183506348629,0.8110392460440099,0.48807224783769687,0.1,1.0,0.2,51,212.67831368031332,310691.8739287863
14,30,0.9153781057679845,1.2409559527382639,1.2367090463549295,1.1933191662277745,0.9202540586540533,0.04606137627519362,0.8091974205439569,0.4827194276687862,0.1,1.0,0.2,53,201.24058850311613,309823.58241381234
14,31,0.9081290249244848,1.2311862243151068,1.2247702698183989,1.1921659435245706,0.9086670079412315,0.04626141459390943,0.810290506120781,0.44123463697062393,0.1,1.0,0.2,54,192.17702736293336,310718.8592687691
14,32,0.9312744188238713,1.2516326154182802,1.247180610017098,1.2188685411951665,0.9450926940257574,0.04672315681306705,0.8235431998519542,0.4915376123521219,0.1,1.0,0.2,55,182.7573154272088,310546.1497018999
14,33,0.9151483775218303,1.2284470230292022,1.223718487849503,1.2000002627039685,0.92698479187002,0.04564235086467749,0.8103715277583212,0.479071538630331,0.1,1.0,0.2,57,170.2341971091956,307752.9963053766
14,34,0.9121973163372236,1.2247618319869438,1.2220748781247983,1.2072160715314233,0.9126279794836945,0.04542954587554174,0.8085881977391022,0.4738294729341813,0.1,1.0,0.2,59,172.23311712782666,306884.16224915255
14,35,0.9106905588033342,1.2179714585660464,1.2150782750496247,1.204611336278835,0.9308276763861051,0.04502260624245702,0.8084527409921766,0.46838263856103185,0.1,1.0,0.2,60,156.07301404910174,305009.5939485828
14,36,1.1074724816629515,1.3873080107333415,1.379209863271192,1.3645901220088632,1.132612967420921,0.043033610599081965,1.0,0.5003741373106141,0.1,1.0,0.2,64,183.3018681699898,132423.97796815453
14,37,1.0873884947342602,1.3641741509301548,1.3559583832524091,1.3536191208372674,1.0913161212601201,0.0432914038754402,1.0,0.400335030494785,0.1,1.0,0.2,66,185.57132718655336,132898.26701914813
14,38,1.0873705352224572,1.3640587692816304,1.3558392918291573,1.357194449412729,1.0846647078195157,0.0431420242401921,1.0,0.40033023299494735,0.1,1.0,0.2,67,181.6551425850168,132477.537633057
14,39,1.0877080400839838,1.3563769043236615,1.3478488515605318,1.3540408145243177,1.12131513097064,0.04341698083607183,1.0,0.4031434937552709,0.1,1.0,0.2,68,176.40913272694138,133714.9786216038
14,40,1.0881039429189832,1.3504166367750288,1.3416445660069405,1.3561185711225923,1.0998565723953528,0.04354114312909242,1.0,0.4059838804313725,0.1,1.0,0.2,70,168.32541583057937,134538.34511292796
14,41,1.08745854431147,1.3543968140451272,1.3561581771712525,1.405314534822936,1.0894425702362294,0.04332555941273805,1.0,0.40314157602510514,0.1,1.0,0.2,72,169.64084768269768,132252.07630873178
14,42,1.0744522879799954,1.3400807307242621,1.3417918850595547,1.4034326029120265,1.0778844295017873,0.043801523633415204,1.0,0.3380513219089224,0.1,1.0,0.2,73,92.34865656634464,133022.14641558667
14,43,1.0748224615788615,1.3360930356736422,1.3376373018573542,1.4076822509355975,1.0822731777847494,0.04392412457121374,1.0,0.34041888011729704,0.1,1.0,0.2,75,89.29308629252316,133908.4351457836
14,44,1.0765423442181723,1.3362691183219362,1.339825572070529,1.4224157962099966,1.0807182367510915,0.04378744863735391,1.0,0.349453151754973,0.1,1.0,0.2,77,116.70625036454494,155006.13986600318
14,45,1.0933726823945351,1.34889095181855,1.352286550412074,1.4575400927720792,1.1006462404783204,0.04557026649682084,1.0,0.4332309479000437,0.1,1.0,0.2,79,74.80952984071911,82777.69362234965
14,46,1.0759875428662184,1.3277141995358093,1.3309650119458756,1.4497515769761238,1.0824071522262495,0.045826681865744304,1.0,0.34662406580578076,0.1,1.0,0.2,81,76.68531636992898,82804.25678507356
14,47,1.0756154330925785,1.3237020054058755,1.326813976403919,1.4539048988339158,1.0817715346024577,0.04584878403113733,1.0,0.345165227242878,0.1,1.0,0.2,83,77.26738407247264,83090.89495625923
14,48,1.0878694700334837,1.3352189258522487,1.3403742261864595,1.4916198672946854,1.0954605393481502,0.04521459904175309,1.0,0.40698694721638484,0.1,1.0,0.2,84,68.38774570772553,67790.27945641152
14,49,1.0715696523644536,1.3045062449140579,1.3111847046239493,1.463973814651109,1.1399580904802087,0.04448253619464641,1.0,0.32742609883839946,0.1,1.0,0.2,85,63.4757515191434,75149.06352256841
14,50,1.0712721772063758,1.3008816736086954,1.307433791813075,1.4686582872621559,1.077115467014753,0.04450012040533028,1.0,0.32623187574753837,0.1,1.0,0.2,87,65.5005279704395,75533.95708639175
14,51,1.071877689202192,1.3006739184720542,1.307195104069937,1.4765226581593125,1.0721754801885097,0.04461847565644575,1.0,0.3292743035353048,0.1,1.0,0.2,89,60.94320996945,76006.37548910521
14,52,1.0716890465320024,1.2968244045535675,1.301134886072313,1.4662590135783315,1.075359891079321,0.04462066724459105,1.0,0.3285335041842699,0.1,1.0,0.2,91,60.99327920991805,74362.85433852382
14,53,1.131959923895387,1.338254349570252,1.3418509808394044,1.521521315383795,1.1726068491927941,0.04455972439332706,1.0,0.631394114391988,0.1,1.0,0.2,93,56.587129430757805,207923.0613430125
14,54,1.2055373619456733,1.4004355132906892,1.4056732566763332,1.6037488816488346,1.2609542829630154,0.04481562640434774,1.0,1.0,0.1,1.0,0.2,94,46.4110322389806,262120.05277996144
14,55,1.2039374468659043,1.3933885830978283,1.3984206199345226,1.6150807839664065,1.215021219088454,0.04480886746144994,1.0,0.9923336655329674,0.1,1.0,0.2,96,45.17439311765522,261622.64188895692
14,56,1.2039374468659043,1.3947159030388459,1.4018700518651983,1.6369460704514696,1.2029477032625462,0.04480886746144994,1.0,0.9923336655329674,0.1,1.0,0.2,98,45.17439311765525,261622.64188895692
14,57,1.1709277806473866,1.3601343878651309,1.3672292244083877,1.6164559320632408,1.1734383476714545,0.044602723833865696,1.0,0.8274802000286703,0.1,1.0,0.2,100,40.22247709952276,261185.83962066827
14,58,1.1709869441036478,1.3578671682267967,1.3648742235092832,1.6224814330602146,1.1751971409203628,0.04462051114050551,1.0,0.8279003472482719,0.1,1.0,0.2,102,41.052460427925,261854.55759137185
14,59,1.171481809712216,1.356405996850299,1.3633392465484284,1.6292705220465256,1.174888838225853,0.04473692364063414,1.0,0.8304259680634548,0.1,1.0,0.2,104,38.58709371759473,262696.6616786383
14,60,1.0990380163788789,1.28366352000797,1.2905855126421344,1.5992958105862778,1.0983159999063337,0.045762886448484766,1.0,0.46771129572181913,0.1,1.0,0.2,111,104.01143185568938,77015.7911306312
14,61,1.0422808104302737,1.225225111094876,1.2320836916769162,1.5489149429320572,1.0488539439708318,0.04638759795156295,0.9594215726340378,0.38659751734891457,0.1,1.0,0.2,112,106.92271835227434,76471.37539296735
14,62,1.0949555228436658,1.2762087544069711,1.283003580635952,1.6044502389929032,1.1016005290279827,0.04418514702719694,1.0,0.4482717130311037,0.1,1.0,0.2,113,93.48820778291628,72752.59345122913
14,63,1.0945181759193368,1.2718589462688101,1.2785062691055942,1.608277600107697,1.1022913054407144,0.04414939186503903,1.0,0.44630655064214997,0.1,1.0,0.2,115,93.19287071736196,72530.28131800836
14,64,1.096848939496062,1.265722110364648,1.2720504486905182,1.5835811497664596,1.1147949642328607,0.04488007456480454,1.0,0.4580105203154578,0.1,1.0,0.2,117,86.8071162546106,67870.5196489226
14,65,1.0932178159928887,1.255597087616517,1.2616809602555676,1.5972095885610114,1.1020857388014373,0.04388957654842498,1.0,0.4406456260996626,0.1,1.0,0.2,120,85.27629810706948,66570.06254480113
14,66,1.093279786372169,1.2560709461026216,1.2642424653803175,1.572939711415488,1.0966421208221282,0.0438926298160764,1.0,0.4409941383850159,0.1,1.0,0.2,121,84.10608435212676,66725.73151272099
14,67,1.0226206267455125,1.1809615097921453,1.1868934064315184,1.538754235825053,1.035749342769711,0.04448516729651143,0.9440877814707113,0.3670971401017834,0.1,1.0,0.2,122,85.00018556570805,66536.47092258488
14,68,1.027801733350274,1.1854444104377428,1.1913500553351224,1.5511084378832065,1.0286964169089456,0.044530252558352426,0.9487930075085249,0.3694836007793602,0.1,1.0,0.2,124,82.52138081980868,66887.92321932992
14,69,1.0931087453068884,1.2492969539552952,1.2551478744429423,1.6190159444210082,1.0989977681579113,0.04431021021824888,1.0,0.44015529773168166,0.1,1.0,0.2,125,71.66760897047159,66613.66414492534
14,70,1.0932126926755403,1.2505694665698095,1.2585365125587336,1.6347440170083372,1.0928466284502707,0.044139443478464664,1.0,0.4407656369567473,0.1,1.0,0.2,127,74.36931078549364,66729.223564227
14,71,1.0933560397187772,1.249313174178637,1.2592997477314198,1.660067325324479,1.0987531366278687,0.04421271310100021,1.0,0.44155664926701743,0.1,1.0,0.2,129,69.99413681601796,66584.3827087242
14,72,1.0933134828489053,1.2465239489636515,1.2543350661725043,1.6429399061682153,1.0989676153060908,0.044178311819762776,1.0,0.44141758479829407,0.1,1.0,0.2,130,72.794801152233,66689.62313674556
14,73,1.0833302354295853,1.2361464933417787,1.2439427834296828,1.6404384237047112,1.0844671792586906,0.04497503182137103,0.9979219270796484,0.40150895699628075,0.1,1.0,0.2,131,77.39920892809437,73109.7303380254
14,74,1.093748117369028,1.2458385902419142,1.255679778342912,1.6729308530285505,1.0949691076985897,0.04413830463487506,1.0,0.4437064264015125,0.1,1.0,0.2,136,70.78888995644145,67166.57021285976
14,75,1.0937066144479566,1.2451179317557017,1.25493358823863,1.6802483059563915,1.094613050165198,0.04431309064753828,1.0,0.4434375351541033,0.1,1.0,0.2,138,77.21075880171098,67467.28050261739
14,76,1.09382816004875,1.2436271091375604,1.251309945141057,1.675877077942248,1.0945031881900824,0.04393266331328468,1.0,0.4442463965839508,0.1,1.0,0.2,139,75.9039617853588,66693.54374490639
14,77,1.092540365071392,1.2443215492827573,1.2582955302190486,1.7169771885380365,1.1009139378710575,0.04394048017182297,1.0,0.43788009389532523,0.1,1.0,0.2,140,68.175428389863,65513.46666777672
14,78,1.101631490433728,1.2612560075684875,1.2879580047445005,1.8668726392968886,1.101163697346938,0.04369949448878861,1.0,0.4834596635872207,0.1,1.0,0.2,144,63.38848490133861,173164.7477213153
14,79,1.0619755311747894,1.2200498317240713,1.2508380170357578,1.882400389408345,1.06763699549626,0.04427491434718272,0.9720704225579937,0.42469422774976334,0.1,1.0,0.2,147,55.74566506848762,180012.85796745293
14,80,1.102362531467374,1.2593151041814443,1.2900611523072187,1.891526864779114,1.1042857174522942,0.04428549654935527,1.0,0.48701565063467483,0.1,1.0,0.2,149,63.9285569994891,174598.82764974583
14,81,1.1023625314662395,1.2593151041814443,1.2900611523072187,1.891526864779114,1.1018319007875947,0.04428549654935527,1.0,0.4870156506346741,0.1,1.0,0.2,150,63.92855689294902,174598.82765725235
14,82,1.1016710435611408,1.2548243503406569,1.2812831974228014,1.9039672640636285,1.1062077598884619,0.04346257500841227,1.0,0.4840100217690887,0.1,1.0,0.2,151,57.35760765064232,172692.03731570233
14,83,1.0982229242594208,1.2497104955071117,1.278179022690245,1.9125000674109147,1.1109017144213338,0.04362669436228742,1.0,0.4667903371652254,0.1,1.0,0.2,152,46.54467009475712,169083.779835278
14,84,1.0588841279379309,1.1983277490561826,1.2263440995134822,1.881928302637697,1.1115498149664145,0.04359330470638543,0.9707378979088241,0.4168081498841314,0.1,1.0,0.2,153,43.03190866727424,171154.61711702443
14,85,1.0588839581600626,1.1982992729493356,1.2263145388413907,1.8819023774417867,1.0585839111903126,0.04359330471325232,0.9707378979213808,0.41680814994751947,0.1,1.0,0.2,154,43.345972564946685,171124.31641679924
14,86,1.0588839581343004,1.1982992729234145,1.2263145388154697,1.894765105196317,1.0584589559915396,0.04359330470638543,0.970737897908824,0.4168081498841311,0.1,1.0,0.2,155,43.3459726474067,171124.31637487205
14,87,1.0976171827651706,1.2367188223775558,1.2667945879117777,1.9398475868490899,1.1046153600244915,0.04375991533049965,1.0,0.46413052219022555,0.1,1.0,0.2,156,46.280911582571946,164844.41494313846
14,88,1.0805581926609364,1.215501088111255,1.2454208499127608,1.9329763543011516,1.0983151920162242,0.043458623633276836,1.0,0.3791052389909174,0.1,1.0,0.2,157,40.68322798056789,181820.87538796748
14,89,1.0975375269213328,1.2302870183213046,1.2621967573378732,1.9491234660111454,1.1126608362249506,0.04407319511464724,1.0,0.4637923844240282,0.1,1.0,0.2,158,39.74786938540919,165030.6921608722
14,90,1.0812726029615072,1.2054772927013215,1.2329219183860705,1.9334643714891415,1.089577551025687,0.04408818709807969,1.0,0.3826163339701355,0.1,1.0,0.2,161,33.94774169281951,172693.1802783703
14,91,1.0808920599816876,1.2046270547830646,1.232054112568911,1.9412352581890715,1.0815870219113712,0.04404417653373553,1.0,0.38074767119309116,0.1,1.0,0.2,163,35.265670870246005,171715.2222808605
14,92,1.094817541048428,1.2198013585007368,1.2493475683644255,1.9631920740637574,1.09465666683632,0.04390597507790146,1.0,0.4504462249908515,0.1,1.0,0.2,165,37.73368230985129,167070.98232803127
14,93,1.0927499994657077,1.214969697519106,1.2444122640288473,1.9672764363748545,1.1045998851305707,0.044071645785768346,1.0,0.4400954020375415,0.1,1.0,0.2,166,46.575630657371725,169504.81505183637
14,94,1.0927499994736352,1.2149696975272617,1.244412264037003,1.9672764363823458,1.0924263627190525,0.04407164578984788,1.0,0.44009540207628073,0.1,1.0,0.2,167,46.575630580767,169504.8150798957
14,95,1.0928234415861162,1.2112386318764978,1.24053857375979,1.97255799918682,1.1092530899634514,0.04415975763099258,1.0,0.4405112802543633,0.1,1.0,0.2,168,36.48489054069245,170159.21190157556
14,96,1.0929501157620987,1.211015097351494,1.2403019203992707,1.985329514994079,1.0934167867356905,0.04414074128230433,1.0,0.4411625195402009,0.1,1.0,0.2,170,37.04873224572511,170413.82833831836
14,97,1.092737714941319,1.2119227589320714,1.2433238712625554,1.9930347351203164,1.0933468606080616,0.04413920134218923,1.0,0.44010621960392804,0.1,1.0,0.2,171,38.63703577878089,170073.26934746886
14,98,1.0570331695769497,1.1696287720088627,1.194565862757703,1.9555165608696743,1.0580177868436929,0.04385366237384739,0.9698568131357099,0.4125034039160588,0.1,1.0,0.2,180,34.31140810603994,174707.00841624895
14,99,1.0535454556056714,1.1711096343852858,1.204522339887623,2.0029151776355762,1.0547571490342735,0.044366952086975144,0.9683809692772831,0.4021952948407618,0.1,1.0,0.2,181,36.47045643689244,176260.4224089884
14,100,1.0565761119245538,1.1690296103095894,1.1960337312745744,1.9706084958518069,1.061258340470567,0.0438543932561055,0.9697279004004011,0.4108961022463002,0.1,1.0,0.2,182,34.20696780176232,174874.3021636472
14,101,1.054938976702763,1.1695393935700673,1.2049133862511585,2.021679325198922,1.0593073481671194,0.044125050664248086,0.969435009322084,0.404110582886577,0.1,1.0,0.2,185,36.16703765983719,179007.7545121737
14,102,1.0557445940303394,1.1699444558305132,1.207375830653948,2.0554828376270784,1.0573877736822268,0.04441889303731656,0.9698198846924025,0.40610531815472156,0.1,1.0,0.2,189,35.391563543204306,180546.0685534245
14,103,1.060220338429131,1.1687910507527672,1.1977220605969472,2.025808403170276,1.0603223105636874,0.04451620889542623,0.9709300703192772,0.4228915968821895,0.1,1.0,0.2,193,35.04961624035425,168855.90748295246
14,104,1.0596346501805476,1.1674761751080907,1.1963798688016511,2.0333217803185435,1.0609528474273846,0.04448182591407527,0.9706054028260065,0.4216191382856542,0.1,1.0,0.2,195,36.87778738787432,168597.03844511084
15,0,0.6903416786731363,0.8171397629709074,0.8081270456539869,0.46296780454748676,0.0031678977951479313,0.03069494424089959,8.537174273608e-05,6.515814160946e-05,0.1,1.0,0.2,1,33113.883336620966,162865.23873615637
15,1,0.6598347446230172,0.8085516783682778,0.8014093169482348,0.4536781347546298,0.017697522035077805,0.0,0.0,0.0,0.1,1.0,0.2,2,32359.980176562007,161027.03337403666
15,2,0.6086837885691128,0.8036114394297847,0.7959558010807871,0.4539563495416211,0.050353910807364975,0.08761601120698978,3.673742426029e-05,9.945437442753001e-05,0.1,1.0,0.2,3,30872.63023965941,155909.61561150508
15,3,1.6591156474304303,2.0026092437178478,1.9946061958835635,1.6568281679362586,1.3502609041070264,0.17129065840448998,1.0,1.0,0.1,1.0,0.2,4,11039.908707201594,160404.445689424
15,4,0.43114821378689344,0.7683991562567701,0.7613489493233514,0.42686199225315363,0.03703003739152756,0.10514951538052586,0.00127525762708111,0.00571671135060402,0.1,1.0,0.2,5,24517.713332551284,123613.41502102856
15,5,0.9414007673949114,1.332840118916989,1.3253960753499368,1.000143722621566,0.6612357922356009,0.10543825466033005,0.3773862199035455,1.0,0.1,1.0,0.2,6,14396.9980634406,88305.43769940993
15,6,1.3940025764687567,1.8911666404692349,1.8833962245033307,1.576721799729763,1.3534611456926349,0.10560454489141018,1.0,1.0,0.1,1.0,0.2,8,3824.694519694882,41766.2222901964
15,7,1.3939762758745213,1.892474274207514,1.8868253067778993,1.5960265859798481,1.2105917204219367,0.10560454489141018,1.0,1.0,0.1,1.0,0.2,10,3824.195045175583,41763.49107320489
15,8,1.3818284867324162,1.9478470232550527,1.942209232349285,1.6524950332973598,1.219615869551303,0.10075831128691155,1.0,1.0,0.1,1.0,0.2,13,3991.913460970618,1242861455.25889
15,9,0.7427234778170047,1.2568664134703729,1.2462933445086952,0.9661291497590601,0.9263692998346165,0.10361788192807472,0.44102560669877244,1.0,0.1,1.0,0.2,14,6143.411082246365,42706.50626169505
15,10,1.2713974397069467,1.7750827884968612,1.7629150574698385,1.4886474763064796,1.3072183379040974,0.12347538880468863,1.0,1.0,0.1,1.0,0.2,16,3309.69076213241,2860752555.4092
15,11,1.264991148307713,1.7629959736363878,1.7503692538903004,1.4804712194205147,1.264274107082808,0.12563709586565658,1.0,1.0,0.1,1.0,0.2,17,690.0043634160278,6596360142.474134
15,12,1.2377425467040701,1.6934158784149702,1.6782347795472787,1.4311473110211956,1.3612555430380584,0.11454009779543055,1.0,1.0,0.1,1.0,0.2,19,883.3817241595593,1228491526.6633756
15,13,1.2238522629484843,1.6209638586358899,1.6030887231187372,1.3740629855794297,1.36943172737919,0.11216166488728337,1.0,1.0,0.1,1.0,0.2,21,743.4982428114643,1230817179.6342294
15,14,1.223500334505342,1.6194773477961846,1.6036194250772333,1.3799379361225288,1.2172919847146924,0.11216166488728337,1.0,1.0,0.1,1.0,0.2,23,769.7367054922768,1230776904.457457
15,15,1.222119116738173,1.6078992074711111,1.5916089759896248,1.3756956901545292,1.2628742224773197,0.11225989403600367,1.0,1.0,0.1,1.0,0.2,24,648.8960802944188,1231034683.0957708
15,16,1.2216349821683843,1.6045951778630216,1.5902543092687755,1.382756657824,1.2306988726487165,0.11225029170215935,1.0,1.0,0.1,1.0,0.2,25,653.6018941160712,1231008587.722605
15,17,1.221109454614932,1.6009226418775644,1.5885176752525807,1.3905063922837242,1.2221068481420276,0.11215018039095874,1.0,1.0,0.1,1.0,0.2,27,595.139985801184,1231145131.0733316
15,18,1.1956985578614103,1.5169149477271728,1.5021472286825532,1.3185259548880182,1.329244484923014,0.11110207602235052,0.9794307089970007,1.0,0.1,1.0,0.2,29,347.9362841650368,1231150308.2676554
15,19,1.0280729203905699,1.342945204468298,1.3279279615201875,1.160302361119655,1.0379063071836325,0.11106214694276324,0.8121551080631482,1.0,0.1,1.0,0.2,31,260.2486743741309,1231417080.5123992
15,20,1.0280729390698564,1.344272624132835,1.3313774396979499,1.1814400651857615,1.0232613544037343,0.11106214683057566,0.8121551267847066,1.0,0.1,1.0,0.2,34,260.2486130497164,1231417080.769009
15,21,1.2074857975325837,1.5051594750393724,1.49154020680626,1.335140935383016,1.2886140320394226,0.11257246517039635,0.9922995974410836,1.0,0.1,1.0,0.2,35,206.6799946642224,1231538363.2755868
15,22,1.214777431588777,1.5041259342183158,1.4922539839930289,1.3470138092684776,1.233230883562945,0.11241617515273591,1.0,1.0,0.1,1.0,0.2,37,167.08818315816492,1231684694.4447618
15,23,1.2146067760022727,1.500438071146389,1.4905007131645964,1.3660883102322587,1.2222622233737959,0.11253383334120995,1.0,1.0,0.1,1.0,0.2,39,146.93979717891392,1231729340.0863457
15,24,1.213716285336176,1.4967942940247012,1.4846796560635478,1.3538000140673205,1.2168742917145006,0.11227529130467387,0.9991871584392497,1.0,0.1,1.0,0.2,40,158.12626027681125,1231699138.0611606
15,25,1.2143741901145881,1.4940436371783308,1.483868189218992,1.3639048951817336,1.2327163579401081,0.11239385396010496,1.0,1.0,0.1,1.0,0.2,41,136.34167915757922,1231845370.2353687
15,26,0.9979975080056436,1.1990617465056628,1.181741931960159,1.0792346457288822,1.3371518360791408,0.11091734095516456,0.7855615391768401,1.0,0.1,1.0,0.2,42,158.67936615935557,1231415866.9537003
15,27,0.9981820078382169,1.1972661938600229,1.1798713918534143,1.0812229146902763,1.0012709998955696,0.11098581855449134,0.7857694403262224,1.0,0.1,1.0,0.2,44,148.74829104245865,1231454716.0432527
15,28,0.8677885990603329,1.0640227859720401,1.0485919165102868,0.9566985995663901,0.8758206866632687,0.11092989694919171,0.655443440820695,1.0,0.1,1.0,0.2,46,134.14723395638845,1231545558.6546123
15,29,0.7731802091323876,0.9674681638040417,0.9498917628919057,0.8763280054526732,0.77331270268713,0.11091218135582862,0.5608457622980018,1.0,0.1,1.0,0.2,48,123.0096188056548,1231487808.7460885
15,30,0.773175513354333,0.9684632486939049,0.952996531127497,0.8865601494452109,0.7726631462620805,0.11091218135582862,0.5608457622980019,1.0,0.1,1.0,0.2,50,120.41679713391848,1231494205.0245168
15,31,0.9947050137706559,1.189529765499101,1.1761174223606181,1.103343491923759,1.0014479183459868,0.11067732147729807,0.7824241935532334,1.0,0.1,1.0,0.2,51,137.107563271261,1231457684.6656692
15,32,0.7728170862933827,0.9660765720392601,0.9505331146137757,0.8918962776695667,0.7727430693762083,0.11104048450475942,0.5605035445278151,1.0,0.1,1.0,0.2,52,118.69455709022368,1231500259.2548983
15,33,1.1875911866305457,1.3769406602574035,1.3674647276284506,1.3071662262268928,1.2252884164346005,0.11040588539516723,0.9754584198607669,1.0,0.1,1.0,0.2,53,145.5565050103503,1231424840.619499
15,34,1.2120025732070314,1.3866369034366608,1.3745337516040501,1.3234581455108758,1.238816824206023,0.11061129601803583,1.0,1.0,0.1,1.0,0.2,55,158.66493921603723,1231407252.890057
15,35,1.1902431767053365,1.3634748674591912,1.3554628779398543,1.3086176607110347,1.1983313275809848,0.11046283384415709,0.9783002727268665,1.0,0.1,1.0,0.2,57,133.63285042663924,1231476765.352179
15,36,0.9943213552952794,1.1645096965647992,1.1563829762776325,1.1170346137446159,1.0069386945973406,0.11092346718678261,0.7823648253964445,1.0,0.1,1.0,0.2,58,139.04468716464334,1231451816.3455772
15,37,0.992794800284706,1.1598766876776057,1.1516328990272726,1.116558543342508,1.0057004223546648,0.11052537302527317,0.7809101170249496,1.0,0.1,1.0,0.2,59,114.17919702506816,1231442979.0432675
15,38,0.8625581889370275,1.0288373003432503,1.0205632343360096,0.9887913865570692,0.8652881149652056,0.11096058977647968,0.6506381094406211,1.0,0.1,1.0,0.2,60,124.21673378483024,1231441159.126442
15,39,0.862708752782217,1.0247534030080656,1.0163198142078504,0.996822528180229,0.8806545052047834,0.11106753539545118,0.650819717236329,1.0,0.1,1.0,0.2,61,110.44856255532297,1231453774.6891086
15,40,0.8627269690457635,1.0237906035499627,1.0153200797683721,1.003751689519487,0.8641220846144113,0.11107780574478135,0.6508463173753067,1.0,0.1,1.0,0.2,63,92.5857286293434,1231480868.2963307
15,41,1.1685166181312578,1.3274043144710883,1.3147076372552025,1.3286667421682352,1.1680940470594148,0.11356700620846513,0.9563824640068465,1.0,0.1,1.0,0.2,71,132.9030086299842,1231445302.0583858
15,42,1.0489845005132796,1.1980040233333875,1.187007986372713,1.20758871013555,1.0744734675514191,0.11226925207689922,0.8370816327452827,1.0,0.1,1.0,0.2,73,153.49087563871316,1231419893.5350287
15,43,0.9336413397853882,1.078639145387872,1.0674918271918155,1.1003317206285144,0.9394439329925146,0.11228371665943575,0.7217707471188204,1.0,0.1,1.0,0.2,75,130.83834361799407,1231446983.465239
15,44,1.2114837271957095,1.3130083854977583,1.3023007879538528,1.361255435981524,1.2826270769322603,0.11136944583971795,1.0,1.0,0.1,1.0,0.2,77,93.34971066495504,1231649324.2274902
15,45,1.1079282684151395,1.2150405351029743,1.2024701626830694,1.283470850724927,1.1093706991780405,0.11217176884388332,0.8963280633628136,1.0,0.1,1.0,0.2,81,97.44953953224956,1231615956.4529667
15,46,1.211568086024356,1.3155851256064035,1.307043284150666,1.4097825366301868,1.2306451607269309,0.11215197715019916,1.0,1.0,0.1,1.0,0.2,83,122.22849410701824,1231555392.0406425
15,47,1.1765757615279206,1.2778898026676606,1.2692465790128427,1.3763148969121424,1.18173898363687,0.1117309509956264,0.9650639212271145,1.0,0.1,1.0,0.2,86,126.37847290874149,1231615546.591671
15,48,1.1385971238934371,1.2097633641507883,1.1979181127264578,1.304470757014593,1.2411409779798417,0.11151196620914221,0.9272351812436638,1.0,0.1,1.0,0.2,87,114.78543136523348,1231456590.057698
15,49,1.1373537925311854,1.2126072595149655,1.2029874375157439,1.317998155708108,1.1400070106400115,0.1115524147609422,0.9259771015624472,1.0,0.1,1.0,0.2,89,124.33991336494071,1231403302.652835
15,50,1.123606591573789,1.2091470460367624,1.1999125837065174,1.3374605489486073,1.1312398702704562,0.11132792359758707,0.9122098732052469,1.0,0.1,1.0,0.2,92,169.89700132342625,1231236309.115525
15,51,1.2112366340181635,1.2728349928500722,1.2606314982157258,1.3874044681614859,1.2487174230524052,0.1106078233465055,1.0,1.0,0.1,1.0,0.2,93,144.0528798497616,1231713944.0452156
15,52,1.2112327349860892,1.2681419628730157,1.2557629394487688,1.3831772762595866,1.2232009151827212,0.11072795318680909,1.0,1.0,0.1,1.0,0.2,94,136.92805457163183,1231732312.269621
15,53,1.2112327349836431,1.2681419223664256,1.2557628981436482,1.390973674771948,1.2110729704176408,0.11072795318680909,1.0,1.0,0.1,1.0,0.2,95,136.9280538512838,1231732312.272015
15,54,1.211247703211107,1.2762142036655721,1.2703540255279708,1.389636236330367,1.2119162393856213,0.11073976534590424,1.0,1.0,0.1,1.0,0.2,96,147.66173588979203,1231690057.9010122
15,55,1.1282458160644777,1.188328296610262,1.1760680567188013,1.3235609414540275,1.129348859120602,0.1109857924282572,0.9169766103195771,1.0,0.1,1.0,0.2,97,151.6045677669048,1231685882.8295217
15,56,1.2112358168558786,1.2804879919016878,1.2789330515369814,1.4641676733842095,1.2112905613138805,0.11056415613257231,1.0,1.0,0.1,1.0,0.2,104,160.0951564268277,1231506102.5399995
15,57,1.1286735816130886,1.194491378317936,1.188663068573027,1.3840772449662901,1.1321550366682995,0.11103213206052749,0.9173936945044574,1.0,0.1,1.0,0.2,106,161.25496099299446,1231396856.726092
15,58,1.141309132579171,1.1970084649740138,1.1949462544345901,1.4193449929373874,1.1427236819129793,0.11146093364118084,0.9300280879582056,1.0,0.1,1.0,0.2,113,150.27315197674028,1231907959.9573717
15,59,1.138749752991522,1.194951103998858,1.1908352769638428,1.4177571396818927,1.1523255926240281,0.11259391751010658,0.9273497595037264,1.0,0.1,1.0,0.2,114,131.70297730861358,1231807181.718146
15,60,1.1393828216887627,1.1965549290228625,1.1945478294999974,1.4270392911423364,1.1438982385665224,0.11325828907821649,0.9279175006195748,1.0,0.1,1.0,0.2,115,107.06842471782346,1231845304.8370438
15,61,1.1393828216244775,1.197882248899075,1.1979972475974945,1.431751917305626,1.1392435727247807,0.11325828920640583,0.9279175005419509,1.0,0.1,1.0,0.2,116,107.06842069739112,1231845304.8323872
15,62,1.0972153745086441,1.1483517792337905,1.1440463992405647,1.3757953726217491,1.098093231503963,0.11119808195132319,0.885970516838305,1.0,0.1,1.0,0.2,117,130.9969417127841,1231606079.1839197
15,63,1.096295115705093,1.14827700361883,1.1460757002897062,1.382656751662835,1.1008777041396849,0.1111791490819728,0.8850535581879246,1.0,0.1,1.0,0.2,119,131.89424331619014,1231603464.1679058
15,70,1.1948059866141267,1.2358356093096485,1.2394419324219523,1.5778209941978654,1.197580293671389,0.11066713402763395,0.9836563678302486,1.0,0.1,1.0,0.2,145,135.41416872083303,1231600357.88525
15,72,1.1955247002302394,1.2371157360749079,1.2428154723818452,1.6086658293672724,1.1969439058527707,0.11063395755844134,0.9843803352213903,1.0,0.1,1.0,0.2,150,135.45446791331847,1231600383.7727177
15,74,1.1955116517836322,1.2358441120124781,1.2414967948368152,1.6075071160218155,1.1973052955749526,0.11063401291659816,0.9843704048883677,1.0,0.1,1.0,0.2,153,136.8653755856516,1231595200.4180417
16,0,0.7081702426551888,0.8165164891593631,0.8096713048645592,0.46087204019221917,0.0,0.0,0.0,0.0,0.1,1.0,0.2,2,28648.0432424341,161513.5125226812
16,1,0.46979394945788144,0.7670405249394819,0.7604221080426302,0.4186827001614551,0.17889064339745012,0.0,0.0,0.0,0.1,1.0,0.2,3,23819.291747568142,127050.37013446286
16,2,1.508983704101359,1.9297370245779923,1.9193381538980125,1.589786757784604,1.403219459089489,0.08477371705696454,1.0,1.0,0.1,1.0,0.2,4,7874.458186789122,128341.45480798642
16,3,1.5046785465263117,1.928309467560976,1.9178569114361457,1.5934206476123423,1.211641211276537,0.08488689778549115,1.0,1.0,0.1,1.0,0.2,6,7817.696664287352,127415.6646846429
16,4,0.5378849710004922,1.0617015212973737,1.0497705169387013,0.7387932816118897,0.9064839267640575,0.10207931614857316,0.24315241162937432,0.9185264842697389,0.1,1.0,0.2,7,3258.0545642495463,58767.63184624091
16,5,1.270834138813943,1.774147815902406,1.7599816951581737,1.4604177512284002,1.4251257187660744,0.09424502848966888,1.0,1.0,0.1,1.0,0.2,8,1121.231905743746,60946.31862769336
16,6,1.2704775742124723,1.7735675184941107,1.759379741866555,1.4598894594206657,1.2119566337172925,0.09424502848966888,1.0,1.0,0.1,1.0,0.2,9,1125.6135446906624,60435.07369878687
16,7,1.2631743402004538,1.7609022683741398,1.7462411423413415,1.4547289346671597,1.2650245957079158,0.09447780019156424,1.0,1.0,0.1,1.0,0.2,10,999.0327514809084,53594.244265895104
16,8,1.2499779605482175,1.7328963558609463,1.7171891744571488,1.4319772099459558,1.3322988639003286,0.09481501259958712,1.0,1.0,0.1,1.0,0.2,11,948.2125250298684,4525083.746415601
16,9,1.233188429383753,1.6813291748517314,1.6657721740611005,1.3892696790221635,1.3252051313957554,0.09444697702086233,1.0,1.0,0.1,1.0,0.2,13,585.903089428362,4602298.518273379
16,10,1.2325586015386478,1.678665088085012,1.663006777156412,1.3959004343298465,1.215783627422957,0.09494795504697352,1.0,1.0,0.1,1.0,0.2,15,845.595968116143,5527332.407276563
16,11,1.2240464378571416,1.6343059089453686,1.617000726058002,1.3565817387409467,1.4019468739847167,0.09280427262266426,1.0,1.0,0.1,1.0,0.2,16,181.047321143578,6318126.297725106
16,12,1.2199177532701315,1.6005862489727574,1.5820163545681825,1.3357855211343674,1.2837082185610922,0.09462271708458217,1.0,1.0,0.1,1.0,0.2,18,231.88296021078435,5878271.20263298
16,13,1.2188806911562742,1.5910277001663249,1.572103663531119,1.3300559047271945,1.2511572465438312,0.09395551122813064,1.0,1.0,0.1,1.0,0.2,19,192.22246992286009,5703235.01850411
16,14,1.2185199491713266,1.5863246517659673,1.56722178192587,1.3286877519867974,1.230402033207417,0.09486943727665456,1.0,1.0,0.1,1.0,0.2,20,217.23183951880227,6396649.288595324
16,15,1.2152930789220122,1.5440998442229217,1.5234235384733215,1.2956779589997394,1.3941956648696059,0.09438326807984324,1.0,1.0,0.1,1.0,0.2,21,218.96828362461343,5847713.666829244
16,16,1.2140869063421709,1.5225095978292682,1.5010291486419383,1.2821377094428208,1.2565482286275067,0.09403500254806843,1.0,1.0,0.1,1.0,0.2,23,217.3538691011805,5860582.8426620085
16,17,1.2136571134131484,1.5135360241342721,1.4917211513794983,1.2800213153548314,1.2291281844047937,0.09393629860218936,1.0,1.0,0.1,1.0,0.2,25,212.24114631120543,5876135.551711909
16,18,1.064039549164356,1.3619936567664452,1.3401037887586125,1.1427342193834609,1.068465759237291,0.09337473262883463,0.8505251844623933,1.0,0.1,1.0,0.2,26,238.04452936272264,5877158.974412764
16,19,1.064099239939655,1.3592317896223014,1.3372319141425033,1.1465871008133024,1.0665199351508399,0.09338752988224211,0.8507106743051411,1.0,0.1,1.0,0.2,28,247.5185537532276,5880051.683856882
16,20,1.213242548877702,1.5056291626257594,1.4855928540391399,1.2863384399398494,1.2279553627559057,0.09368783672837769,1.0,1.0,0.1,1.0,0.2,29,245.77113130372223,5892658.31542227
16,21,1.2128305673464321,1.5001705334643256,1.479938265866058,1.291925297242205,1.23219207780804,0.09164750378978476,1.0,1.0,0.1,1.0,0.2,30,348.6760632623411,5910419.063729505
16,22,1.2118150454495864,1.4648254232902482,1.4432694482780473,1.264751427674741,1.3646884085058477,0.09298795290902247,1.0,1.0,0.1,1.0,0.2,31,205.99412602864905,5873421.625801383
16,23,1.2115733092670387,1.457524456986322,1.4377693009913373,1.2689299877110574,1.2285214052762232,0.09283830342893709,1.0,1.0,0.1,1.0,0.2,33,284.02976136227966,4520587.421738016
16,24,1.211434094164655,1.449537519221904,1.4274110127707977,1.260494086568289,1.2385463278526647,0.09304073262697587,1.0,1.0,0.1,1.0,0.2,34,239.796262086115,5883787.965584141
16,25,1.2088987110898581,1.4272109959430832,1.4084734876326894,1.2495629641742023,1.2582292606154144,0.09246114361935874,0.9980019054145363,1.0,0.1,1.0,0.2,36,168.05486465210095,4498169.66166005
16,26,1.2049052514527976,1.406493701323344,1.3871218874761926,1.2406083079711496,1.2396290350929413,0.09226446716621664,0.9943057449001891,1.0,0.1,1.0,0.2,38,114.69865364830056,4485726.114554681
16,27,1.2050600870591164,1.4015801524629554,1.3820163783967379,1.2429766185166173,1.2150311492473098,0.09228269352129939,0.9945364116106749,1.0,0.1,1.0,0.2,40,116.27344494846923,4489285.271617814
16,28,1.1998921430080964,1.3952561703884323,1.3756486709920515,1.2435481873938652,1.203752755749915,0.09226329748598924,0.9893875615057622,1.0,0.1,1.0,0.2,41,115.5412946870493,4148955.009720401
16,29,1.2055457326766108,1.4001918014544985,1.3805570670550358,1.2485567353214482,1.2074695262279986,0.09225623075114704,0.9950524102664063,1.0,0.1,1.0,0.2,42,127.13039564982496,4493412.601545714
16,30,1.0358998797128267,1.2270939837621442,1.2073286272586294,1.0926646017970014,1.042404474950233,0.09174222827545936,0.8255079495532105,1.0,0.1,1.0,0.2,44,122.99525048227284,4164223.777774372
16,31,1.0354937837547067,1.223646074797971,1.2058375729856146,1.1086976827297454,1.0439842000560333,0.09166969011244108,0.8251691270409397,1.0,0.1,1.0,0.2,46,137.25374736642914,4156751.5905163847
16,32,0.9185489648408367,1.100336525306339,1.0802155567787108,0.9836353009734204,0.9398143456475927,0.09150880290673928,0.7083066950307316,1.0,0.1,1.0,0.2,47,129.1907289516364,4165998.866148129
16,33,1.2102689086503113,1.391275871147535,1.3752692972853848,1.2726545794351174,1.2142985509366817,0.09220784696547908,1.0,1.0,0.1,1.0,0.2,50,115.14605314817663,4491194.552532322
16,34,1.2102377961977628,1.3884413446541568,1.3723289072016083,1.2736216888168828,1.2216518867493344,0.09223866352220732,1.0,1.0,0.1,1.0,0.2,51,144.15591196544565,4496082.455718243
16,35,1.2102298729642413,1.3882477395919144,1.3721283208827568,1.2769683598329458,1.210040391378454,0.09218171360973716,1.0,1.0,0.1,1.0,0.2,52,123.02425918860746,4494851.553979794
16,36,1.210138577262495,1.3805929526404372,1.3641880811033067,1.273596252637513,1.2427357688143585,0.09214228621516052,1.0,1.0,0.1,1.0,0.2,53,125.02378172860344,4492091.33039521
16,37,1.2100959089934171,1.3774218353021146,1.3608989780910636,1.2813095604712692,1.2161406138574131,0.09205784816969192,1.0,1.0,0.1,1.0,0.2,55,107.3143538125652,4487890.03061949
16,38,1.0542048037009282,1.216060777177237,1.1993317152345917,1.131214300215464,1.0654644014712662,0.09422801013413992,0.843949009377161,1.0,0.1,1.0,0.2,57,104.0271834164367,4511251.422655182
16,39,1.051016054298636,1.206035055189238,1.186976347744073,1.1264269736361996,1.0624217332107646,0.09342482898944073,0.8408950321663899,1.0,0.1,1.0,0.2,59,144.6466971075647,4489882.042624791
16,40,1.0562885962366697,1.210646721870824,1.1936352226906943,1.1555451623192705,1.0599248504829093,0.09419980989154592,0.846108982351093,1.0,0.1,1.0,0.2,61,104.693165581294,4508798.638728663
16,41,1.057453577150396,1.2129931938683978,1.1980983025949286,1.1714032718779872,1.056909714120195,0.09424964083800058,0.8472703522610523,1.0,0.1,1.0,0.2,64,122.51837940216392,4513751.410767494
16,42,1.1238545354897136,1.2715946800944025,1.2564061891328058,1.238180504590943,1.1576413550549771,0.09115262006056828,0.9140514849221129,1.0,0.1,1.0,0.2,65,115.7116582349329,4519670.717246039
16,43,0.8788254747614941,1.0254367234093298,1.0122779164304625,1.025068383558261,0.8792477466275677,0.08937270194810505,0.6692215426448876,1.0,0.1,1.0,0.2,75,466.6633683347145,3507719.632282929
16,44,0.8788147068703993,1.0254632147191878,1.0143779720271549,1.0507834249733663,0.8809870692448489,0.08937270194810507,0.6692215426448878,1.0,0.1,1.0,0.2,77,469.0241560308017,3508249.854442324
16,45,0.8762439159094706,1.0223697879756168,1.011264897168563,1.0516862117008114,0.8779008476469732,0.08936949981921842,0.6666554268500648,1.0,0.1,1.0,0.2,78,456.6314060516687,3508300.9950855067
16,46,0.8781612926780158,1.021487190166863,1.0123491377348692,1.057529677359976,0.8957701464730969,0.08940904830866968,0.6686024316824171,1.0,0.1,1.0,0.2,79,504.39677927492704,3510956.7096667304
16,47,0.8787714816443251,1.0157585072451194,1.0022377851991549,1.043296412492199,0.8863142104130792,0.08941610386772755,0.6692407196588662,1.0,0.1,1.0,0.2,81,471.1841657033061,3533663.5954653104
16,48,0.8718775052250534,1.0062344044316607,0.9926147515600101,1.041741139652465,0.8771195709994559,0.08952696722002984,0.6623555931475427,1.0,0.1,1.0,0.2,83,416.1987167876613,3549442.549673729
16,49,0.8770884584724334,1.0127351073369635,1.0033083667223468,1.073453375028371,0.8825659653314242,0.08935752170384842,0.6675936374264624,1.0,0.1,1.0,0.2,84,272.24491875435064,3498819.969317945
16,50,0.8743968577566683,1.0013659599790201,0.9895410007169914,1.063874988536416,0.9062808597701013,0.08953166605969579,0.6649367318563405,1.0,0.1,1.0,0.2,85,330.4492751555427,3498516.145044612
16,51,0.8736060753448507,1.0008222047698183,0.9910787505748748,1.0742007846528026,0.8754910019056148,0.0893843728740064,0.6641680284726961,1.0,0.1,1.0,0.2,87,305.7882706788919,3495077.298901638
16,52,0.8738235750564942,0.9999490596886902,0.9901646434937483,1.0813209467686624,0.8781368470175304,0.08936484950633845,0.66439480735679,1.0,0.1,1.0,0.2,88,295.41212261550885,3493935.003295167
16,53,0.8710549259985954,0.9974803598634661,0.9918517303389505,1.0805192043454799,0.8809594066616133,0.09450264639169968,0.6611279310746616,1.0,0.1,1.0,0.2,89,469.128928226692,3561451.352373813
16,54,0.9787608897366118,1.0989529341135036,1.0930902432271261,1.1868148963360015,1.0057983566535365,0.09384636913414815,0.7689389430707803,1.0,0.1,1.0,0.2,90,415.88751905587054,3560709.213277378
16,55,0.9720322594128388,1.091275870866924,1.0853776128833192,1.191316975623702,0.9729940505759547,0.0937383712554712,0.7622268933526245,1.0,0.1,1.0,0.2,93,431.5722754567096,3562258.8997764653
16,56,0.975836362481513,1.092694217666546,1.086706390804735,1.20505865614517,0.9859308238313846,0.09383474792948468,0.76603565844875,1.0,0.1,1.0,0.2,94,466.4580468939691,3567192.751595222
16,57,0.9758568026884626,1.0912673585261714,1.0852252232978519,1.203775229448322,0.9786366728375882,0.09403066336558255,0.7660450146092533,1.0,0.1,1.0,0.2,96,455.5663959732887,3568666.309429265
16,58,0.8668624361160369,0.981284497819251,0.9752053043583668,1.1021389444439342,0.8708141783110401,0.09369887805014412,0.6570895666853499,1.0,0.1,1.0,0.2,97,471.5117688126551,3567983.3740834147
16,59,0.8634561349022134,0.9750628989028518,0.9688781033075562,1.104334003076236,0.8754705715402666,0.09364618989528121,0.6537045662120385,1.0,0.1,1.0,0.2,98,437.3724706710841,3562198.011178102
16,60,0.8636005773474955,0.9747645324059728,0.9685630692851532,1.112218591986249,0.8641902536399981,0.09366177729949617,0.6538499299185736,1.0,0.1,1.0,0.2,100,444.5071366603322,3565974.590354879
16,61,0.8636475769876619,0.975648780776462,0.9736233530038898,1.135554786258758,0.8652744036039575,0.09376800868647665,0.6538963700760386,1.0,0.1,1.0,0.2,104,436.1491586345885,3566717.6716858475
16,62,0.9751467087333581,1.0792897121551084,1.076969574576183,1.2313412283946727,0.9834815714272058,0.09470444423452096,0.7653433746008408,1.0,0.1,1.0,0.2,108,457.831309057161,3564251.57084521
16,63,0.9691851758485064,1.0695271258394599,1.0691368254854117,1.2459819405273123,0.9801304900656531,0.0948239328314486,0.7593951324231942,1.0,0.1,1.0,0.2,110,454.6532758086141,3567237.2732587266
16,64,0.972601917244996,1.0705961901253573,1.0701178680097017,1.2597397333660063,0.9775232364019752,0.09468189449746704,0.7628373423175477,1.0,0.1,1.0,0.2,112,444.6032317428828,3557539.7429191563
16,65,0.8648950512754161,0.9640978392659079,0.965737151051951,1.194292159376512,0.8646587895367668,0.0953106350563198,0.6550680488621461,1.0,0.1,1.0,0.2,119,474.9965089028681,3557607.4493535063
16,66,1.0251305858861692,1.1195640358347303,1.1189522533573337,1.337392791907507,1.0399995880270205,0.09590851400548513,0.8152596630387426,1.0,0.1,1.0,0.2,120,438.4088901485316,3571810.5263832984
16,67,1.0178271051757724,1.1108356769104528,1.1080981702576425,1.3105554738003617,1.01800254490513,0.09610382657437556,0.8079371187463862,1.0,0.1,1.0,0.2,121,404.9691448670512,3561102.226705695
16,68,1.0242811173008117,1.1156858269735697,1.1149605807201612,1.3420294010081437,1.0368829755832762,0.09584084539855596,0.8144304684799902,1.0,0.1,1.0,0.2,122,407.1473652013675,3568221.682796969
16,69,1.0173335969381174,1.1056497778231873,1.102736432020767,1.3177896046558901,1.0209516288063483,0.09606749201962612,0.8074679568870918,1.0,0.1,1.0,0.2,124,410.6128638883356,3561998.5074249664
16,70,1.0186686056425114,1.107781156392437,1.1069700069230106,1.341498589588927,1.0207417262986669,0.0961189238305628,0.808800101084949,1.0,0.1,1.0,0.2,125,412.6374201201744,3567181.2167408904
16,71,1.0194592007239023,1.103770981957459,1.1007076330909038,1.3362419213939922,1.0243123064600883,0.09613129925198226,0.8096041125266575,1.0,0.1,1.0,0.2,128,397.06680670501686,3566236.987215355
16,72,1.018370264178071,1.1047658730228171,1.105925315403891,1.364437162204301,1.0185486711907494,0.09613021999131979,0.8085176398845025,1.0,0.1,1.0,0.2,134,422.3856383144501,3567252.6604145924
16,73,1.018368714276718,1.1030589253203489,1.10208210110549,1.3701742044151926,1.018959786599702,0.09613021999131978,0.8085176398845025,1.0,0.1,1.0,0.2,136,420.167414092857,3566838.901076048
16,74,1.0193707300852357,1.1038794912578662,1.10496822449002,1.391972642031751,1.020895022378048,0.09624015027969832,0.8095151633707675,1.0,0.1,1.0,0.2,140,418.7126748700167,3567394.899018514
16,75,0.9060041781721095,0.9898405322883121,0.9909040746062707,1.3216064373027399,0.9070588351572453,0.09590253574935134,0.696184724630416,1.0,0.1,1.0,0.2,142,402.8104327769105,3572490.8463451304
16,76,0.9054395229717092,0.9867616910067223,0.9877311387241445,1.3422151779011717,0.9068026079846767,0.0958177150728916,0.6956385335721273,1.0,0.1,1.0,0.2,149,412.8319562193965,3573307.459995128
16,77,0.9065479835060819,0.9867165770423167,0.9876428175754866,1.3505817020879558,0.9088818095500839,0.0959171251375578,0.6967415620092658,1.0,0.1,1.0,0.2,151,413.27143422368,3573069.377421404
16,78,0.9070488329651156,0.9882497998188431,0.9912870701307981,1.3651068112271239,0.9074704469540633,0.09593682933470762,0.6972415570913466,1.0,0.1,1.0,0.2,153,400.8441802294606,3573674.520704914
16,79,0.9080643156049455,0.9902553563571994,0.9954020890654856,1.390921449858659,0.9082259350759812,0.09672044800536062,0.698179985900814,1.0,0.1,1.0,0.2,157,400.1033022237754,3572721.2788548823
16,80,0.906543347350732,0.9894778706627105,0.9967248152864296,1.3991214187942833,0.9088705356936218,0.09591712513968029,0.6967415618959505,1.0,0.1,1.0,0.2,158,411.5558928640156,3572766.444845233
16,81,0.9044536380964276,0.9896185314538857,1.0010937798894797,1.4468621372657748,0.9047112119522769,0.0959726154808046,0.6946479200582052,1.0,0.1,1.0,0.2,162,398.7351521278648,3571924.4752745302
16,82,0.9078153718490511,0.9867689976150731,0.989722088168526,1.3927342019507722,0.9095941770699258,0.09670487509726436,0.6979398433214269,1.0,0.1,1.0,0.2,164,416.7130455832543,3579406.7374323034
16,83,0.9113869072803631,0.9930130100908279,1.0022833796575947,1.470646528787667,0.9126409061832195,0.09550337445773475,0.7016364848834805,1.0,0.1,1.0,0.2,168,398.4368799875805,3557239.784339299
16,84,0.9113819065564877,0.9929678047363912,1.0043090585003684,1.4839088686203656,0.9141630162286809,0.09550337445773478,0.7016364848834805,1.0,0.1,1.0,0.2,170,401.9140816847124,3557982.950217564
16,85,0.8997119702903349,0.9820791356238074,0.9955220387436485,1.4761012117588643,0.9007216842601005,0.09542684405784167,0.6899762030325262,1.0,0.1,1.0,0.2,172,397.6618218783056,3547436.169153984
16,86,0.907029380366414,0.9880417759142133,0.9993615559188507,1.515438899333703,0.906855551745013,0.09530873187731168,0.6973055189632003,1.0,0.1,1.0,0.2,178,412.9068744398133,3546307.771580096
16,87,0.9180097237017872,0.9955475062373005,1.0088095984255232,1.5308588606572868,0.9389405338692829,0.0952061455652936,0.7083132164818099,1.0,0.1,1.0,0.2,179,398.6514570153101,3558056.015593406
16,88,0.9162270069931682,0.9945968908717995,1.0099625006849184,1.5433035292050612,0.9171409550020011,0.09521738353151536,0.7065310922247509,1.0,0.1,1.0,0.2,181,402.5620517283338,3558676.3199003763
16,89,0.9158266833424831,0.9932219655174337,1.0106235084680069,1.5540795903805977,0.9190411757793178,0.09539939082720263,0.7061204534811905,1.0,0.1,1.0,0.2,184,409.4127163299208,3558685.2165029724
17,0,0.6961693162618255,0.8048536697411034,0.7975733792352551,0.4500206077936231,0.0,0.0,0.0,0.0,0.1,1.0,0.2,1,4292.305118531031,118031.41107843078
17,1,1.6023816470462802,1.81179249772373,1.802436064338932,1.4602479266657218,1.0752314353319572,0.00544078070009282,1.0,0.03244767666605089,0.1,1.0,0.2,2,6418.969243577378,161249.52647437155
17,2,1.3904919026792637,1.752954245357872,1.7434753452333036,1.4106398083107965,1.1029081449190323,0.00544078070009282,1.0,0.03244767666605078,0.1,1.0,0.2,4,3117.736612279364,136290.00738613546
17,3,1.2754388584845404,1.7319642958961639,1.7229605222429025,1.397570421337517,1.1250780427661058,0.00544725900739526,1.0,0.1415934868300332,0.1,1.0,0.2,6,2655.0932758403583,134977.32619749228
17,4,1.23736372755088,1.7096813742914883,1.6980754561751146,1.3952516334459224,1.0490262022002503,0.03618918107905647,1.0,0.08578599515874738,0.1,1.0,0.2,8,1040.795645827218,117339.74684104053
17,5,1.2196681001747542,1.7114008072497426,1.7012192547870413,1.3894909393918025,1.120975461605095,0.015836735780080997,1.0,0.1914358914953,0.1,1.0,0.2,9,1763.638654657124,118217.96212908402
17,6,1.1388538797001195,1.6510337669940847,1.6392658288312694,1.3482263583480045,1.2098016739982558,0.024839723879416402,1.0,0.09772112252222967,0.1,1.0,0.2,10,978.219639671622,117279.06550001205
17,7,1.11631841111677,1.577360094637386,1.5604030328299823,1.283938720264123,1.3912594958749145,0.03519373503067043,1.0,0.41964919638952614,0.1,1.0,0.2,12,408.9655817891674,104614.15502872287
17,8,1.11512967463768,1.574758566614959,1.557727373195465,1.286790827719809,1.0911842729499077,0.03474267351947184,1.0,0.4167993029002239,0.1,1.0,0.2,14,397.8842020398585,104814.55166262604
17,9,1.126124054928463,1.5846449980104782,1.5696098433311882,1.304764824394626,1.1134816337731595,0.03780312278441837,1.0,0.47496195955745335,0.1,1.0,0.2,15,395.4002078236373,102599.44241077056
17,10,1.2294037864074814,1.6814112638904657,1.663990080522391,1.411167820590276,1.2349236180006666,0.03940117848451756,1.0,1.0,0.1,1.0,0.2,16,370.6056650538396,95187.8396380568
17,11,1.0794095072717576,1.5000825041216101,1.4832396862109367,1.2278522347304726,1.2439176632559823,0.03289223032544426,1.0,0.2968728257843999,0.1,1.0,0.2,17,409.999216701814,3696455.003512327
17,12,1.0650343271593274,1.467706247173829,1.450070555859234,1.205291460917766,1.0980947622979031,0.0338076664542124,1.0,0.24080043144250726,0.1,1.0,0.2,19,336.4704817912128,130018064.34851584
17,13,1.0639705925303258,1.4621591594663197,1.444330362099027,1.2062009013875525,1.0625043732692905,0.03335263741103031,1.0,0.23917014244605506,0.1,1.0,0.2,21,325.8793037076581,130013631.61634864
17,14,1.042978355432966,1.4383832861852688,1.420435438323604,1.188676937901492,1.0445432334656375,0.03192758459055245,1.0,0.13696451917340646,0.1,1.0,0.2,22,355.3645682999269,104413034.76360434
17,15,1.0616691778183829,1.447447144071577,1.4311577119619021,1.2081960748996694,1.105190052416256,0.03211934203815292,1.0,0.23769451521976426,0.1,1.0,0.2,23,284.9795872002675,186141364.87959868
17,16,1.0585678887219143,1.4388974571590953,1.4203134351890516,1.2099734003634477,1.0684069441027766,0.03888820009657422,1.0,0.2213198179693477,0.1,1.0,0.2,24,160.73059838283697,130131036.83369316
17,17,1.0579922056618762,1.4348448640712375,1.4161160156044985,1.2127838120227874,1.056483000425881,0.03879175649870077,1.0,0.22051340186009746,0.1,1.0,0.2,26,158.90102498129167,130126598.7458523
17,18,1.0595472182362362,1.4356120066126559,1.4168503767377127,1.2168868143891052,1.0534987627187586,0.03908551042205499,1.0,0.2285915316975724,0.1,1.0,0.2,27,145.47033054206318,130730312.67123772
17,19,1.0639824745482516,1.4283820957495064,1.4132753029558092,1.2085600596452286,1.1247514352783925,0.03356772586830918,1.0,0.26093050818072466,0.1,1.0,0.2,28,197.68055830213208,107403402.26457907
17,20,1.0640765076893313,1.4258994639024851,1.4106875348290895,1.2095998537927872,1.0620635183108815,0.03351302397615915,1.0,0.2626320817608052,0.1,1.0,0.2,30,193.9309656645867,107515159.2775292
17,21,1.0861659442599148,1.4393142742236613,1.423750453886956,1.2304309834166525,1.1200996642323033,0.03938890291781581,1.0,0.3739288014315192,0.1,1.0,0.2,31,125.44846228066902,109878467.26086394
17,22,1.0856612883536563,1.4355876284823539,1.4198938694331107,1.2302895009127874,1.0861220581332567,0.039334998748740815,1.0,0.3727427889035736,0.1,1.0,0.2,33,125.79547124737218,109874277.72217616
17,23,1.0849519388336235,1.4310188441522638,1.4172388090503958,1.2275470804433715,1.1024964261383834,0.0392304415912953,1.0,0.3712418146001032,0.1,1.0,0.2,34,134.09890194941704,109856615.75426392
17,24,1.0681710165365585,1.410038644118245,1.3940214341454997,1.2181584632663627,1.0683668323848625,0.03790170138997756,1.0,0.2890630481134662,0.1,1.0,0.2,36,141.41544391821031,109071725.63542792
17,25,1.0677361020113074,1.4068799361752498,1.3907538360355405,1.2219229250158192,1.0677563167070343,0.03779709911461747,1.0,0.2879143085825421,0.1,1.0,0.2,38,144.09500902532423,109067569.7169336
17,26,1.0846503691569818,1.4213013651192998,1.407145017363515,1.2387344697825888,1.0964122003922105,0.03921917122911908,1.0,0.3730883287670783,0.1,1.0,0.2,39,145.4531217947019,109865469.79237495
17,27,1.053366053441548,1.3878069022036432,1.3735626208020908,1.23482965610701,1.0494644663652313,0.03806836079766611,1.0,0.21797600163231148,0.1,1.0,0.2,44,139.81577268087338,109486117.9834366
17,28,1.0531466870266,1.38315732532442,1.3687372454732003,1.234167073832566,1.0577894563597139,0.03814153576724537,1.0,0.21826069420698763,0.1,1.0,0.2,46,135.90933444605767,109491139.90720376
17,29,1.0524926435385922,1.3799936829473187,1.3675437490802729,1.2401311548470684,1.0559632916700161,0.03784621817728332,1.0,0.21631012821430326,0.1,1.0,0.2,48,147.58582664101343,109481883.12136357
17,30,1.0506614564588068,1.382665875065422,1.37867246439635,1.307538698585302,1.0456383675804086,0.03643502244134257,1.0,0.20810008750400977,0.1,1.0,0.2,58,271.1001931343084,232958.3677817509
17,31,1.0651472902714614,1.3914288591819062,1.38513985352846,1.3189908925329108,1.0804186194863121,0.03928878150042684,1.0,0.2803755109201808,0.1,1.0,0.2,59,277.5587802295869,232821.7814197352
17,32,1.0648964751720975,1.3893576932946172,1.3829969960045723,1.3248128903860072,1.0640687495661723,0.038739291331767026,1.0,0.27990461504482356,0.1,1.0,0.2,61,279.0539191057476,232742.5902022014
17,33,1.065094143905659,1.3891463933855734,1.3827695704533618,1.328490538974736,1.0619281703530123,0.03948613223074587,1.0,0.2806300507038494,0.1,1.0,0.2,62,272.63007246167194,232612.0466975837
17,34,1.0648423589133313,1.3896331381065958,1.3853553118681343,1.341762903454075,1.0625537236876568,0.038739291331767026,1.0,0.27990461504482345,0.1,1.0,0.2,63,276.5337340573064,232672.7803801472
17,35,1.0508938071884493,1.3625720441824802,1.3577801652124677,1.3278864143491136,1.1069181523485383,0.03619045581400638,1.0,0.21476838664750764,0.1,1.0,0.2,64,211.99657098683903,236095.84453624504
17,36,1.050931088315406,1.3629970455767295,1.3602906061721063,1.3421739078721018,1.0477312050714076,0.03623195315816163,1.0,0.21515476046490942,0.1,1.0,0.2,68,206.52278378138308,236728.0015564869
17,37,1.0552802175475033,1.362924887344951,1.360045871707236,1.3545170013037018,1.0613291602556345,0.03650082074416387,1.0,0.23777462109473163,0.1,1.0,0.2,70,204.14691579016764,236217.65554086567
17,38,1.0510697853733573,1.3451701603981752,1.341765075494544,1.3421396623850301,1.1093349853539871,0.0359781170840349,1.0,0.21978714683677283,0.1,1.0,0.2,71,207.15593610118648,234630.9321281044
17,39,1.05106978538192,1.3464974803391927,1.345214466120099,1.3535142784173584,1.0475552935495678,0.0359781170840349,1.0,0.21978714683677275,0.1,1.0,0.2,73,207.1559351379628,234630.9320493018
17,40,1.051013917649267,1.3427437315263755,1.3413175507974757,1.358203257617416,1.0560494959811861,0.03602099469861922,1.0,0.22018331538331298,0.1,1.0,0.2,75,201.8161885477789,235194.57839174644
17,41,1.050930640731695,1.341296560364766,1.3398176711730956,1.3850912909418445,1.048635156067342,0.03509799278899422,1.0,0.22047776555043302,0.1,1.0,0.2,81,200.45169475442583,236859.12244675952
17,42,1.0492360182142841,1.3393818396306512,1.342036027500945,1.3962202598622553,1.0525413272262754,0.03529674536224226,1.0,0.2124205934682099,0.1,1.0,0.2,83,191.7313231166392,234613.9412332509
17,43,1.0527290016345348,1.339754121276659,1.3381461452288124,1.3919574099053589,1.0505888526335774,0.03443343240528266,1.0,0.23039983515301868,0.1,1.0,0.2,85,154.83878752865576,240395.22577150352
17,44,1.0526881827187335,1.338716059449941,1.3370695747592558,1.3950527296450572,1.0540562615539106,0.034567694602290075,1.0,0.23030333955242552,0.1,1.0,0.2,86,155.57346473220366,239530.77996316407
17,45,1.052510339024026,1.3377901539367383,1.336114786620747,1.3982265198227757,1.0527226671588388,0.034242679943653945,1.0,0.2297046986604327,0.1,1.0,0.2,87,160.40269759453824,240012.3812596687
17,46,1.0525410821396965,1.336112012929318,1.3343706891966687,1.4047830963460894,1.0533319583763479,0.03424950703889697,1.0,0.2301470926835265,0.1,1.0,0.2,89,159.31474895877264,241352.8657324172
17,47,1.0517532502576066,1.3372218926453017,1.3396955911231156,1.4356177204623548,1.0503895647841581,0.03419860796275468,1.0,0.22635965265553923,0.1,1.0,0.2,91,164.29549412016905,241449.82429506604
17,48,1.0515182656746216,1.3329142949250536,1.3373020710239598,1.4551410263047206,1.0608445412113832,0.034308924078515005,1.0,0.22600937698847923,0.1,1.0,0.2,93,166.42696174498718,240801.331728174
17,49,1.0516613768641254,1.3251307258254599,1.327142641935001,1.453508057876689,1.063871953894067,0.03382113916245597,1.0,0.2279773059560036,0.1,1.0,0.2,95,166.4417354292338,239579.0225736897
17,50,1.0516604159197467,1.32642442529678,1.3305571985754738,1.4659112702990005,1.0490511021689475,0.03382113916245597,1.0,0.2279773059560033,0.1,1.0,0.2,97,166.39365590781668,239584.7899758501
17,51,1.051307208934425,1.3259185503171935,1.3300454716222394,1.4861535114686784,1.0487665100046821,0.03366785789805374,1.0,0.2263103995362103,0.1,1.0,0.2,102,168.52160511335853,241102.8685693745
17,52,1.04619554583708,1.3106538892854598,1.308177734246044,1.445002798717394,1.0575932093109712,0.034083883745390495,1.0,0.2014233634362872,0.1,1.0,0.2,104,215.5868025346422,893429.3595221358
17,53,1.0466969787497375,1.309164625505805,1.3066121928560772,1.4516904914123585,1.0487277485048336,0.03482887661592251,1.0,0.20382962661565637,0.1,1.0,0.2,106,200.4821328757824,896670.7260031136
17,54,1.0461791424255087,1.30458101373837,1.301872898701713,1.451507115674753,1.05297951361526,0.03545411527176272,1.0,0.20146510815565244,0.1,1.0,0.2,108,189.96318634656328,898649.7553345151
17,55,1.0461689335502637,1.305501647515819,1.304900426361687,1.4761515697459977,1.0447271761046861,0.03545411527176272,1.0,0.20146510815565238,0.1,1.0,0.2,110,188.61950019729483,898800.4961180222
17,56,1.0458176673821873,1.305996022220869,1.311641110769616,1.4916966550716255,1.0576768836712298,0.03528616586851977,1.0,0.20019065323241877,0.1,1.0,0.2,111,190.31637675420075,684397.7822109265
17,57,1.0455930715097927,1.3017966775418244,1.307289873911491,1.496267056742453,1.0523602540826615,0.03481099017190528,1.0,0.19979033235088228,0.1,1.0,0.2,113,193.0457822652504,684211.6991472451
17,58,1.0445530972576815,1.2871503320735997,1.292124571998165,1.4871857482027928,1.103718007583771,0.03557728055990731,1.0,0.19572385710973983,0.1,1.0,0.2,114,176.48312733607952,683693.2319763143
17,59,1.044447596963174,1.2854147172597972,1.2923985127396898,1.4927673094061307,1.0492038569972841,0.03567092908305419,1.0,0.19544822838660067,0.1,1.0,0.2,116,168.04344489971896,683208.9497901173
17,60,1.0443330534208528,1.2836679776616973,1.2905897119018814,1.5041248152902285,1.0462211364980476,0.03509991070986631,1.0,0.1953235362282037,0.1,1.0,0.2,118,174.56910246448444,683876.7372661218
17,61,1.0443411837048875,1.2829170712886786,1.2898098622403475,1.5076691011593617,1.0459869225055605,0.03511979864960965,1.0,0.1954288574685889,0.1,1.0,0.2,119,174.23026226963,683650.0658497049
17,62,1.0444197775995592,1.2825267236571127,1.2894017459171012,1.5115442146497566,1.0447792392335813,0.035147453192507574,1.0,0.1958537884479776,0.1,1.0,0.2,120,170.8718093060983,685180.831053459
17,63,1.0443073978721338,1.2783336494572823,1.282981830598064,1.5168988136622052,1.0553255404733308,0.03589032827347096,1.0,0.19519356877224728,0.1,1.0,0.2,121,178.761424356287,901908.2735958438
17,64,1.0443024270218277,1.2757923418617692,1.2803441728619829,1.518758001893947,1.0535778637460151,0.03596440947009024,1.0,0.1953600480272248,0.1,1.0,0.2,122,177.42620031952737,961990.9543582242
17,65,1.0442560466557707,1.2736999500667483,1.2802456890061484,1.5246844614422779,1.0577285128042047,0.0359158065411545,1.0,0.19545815457477608,0.1,1.0,0.2,123,170.10617122807892,903354.9279980612
17,66,1.0440965016906587,1.2695283544972156,1.2759218599484832,1.5235690348374078,1.051542662237179,0.035578266140047624,1.0,0.19517940749528978,0.1,1.0,0.2,125,170.04531561150986,1142189.435577593
17,67,1.0440527358835794,1.2678198661673867,1.2741502046651993,1.5354709136478706,1.0462781746612744,0.03575856963505,1.0,0.1950110711443909,0.1,1.0,0.2,127,166.09685690849943,904269.8343546196
17,68,1.0439855417642447,1.26597725891655,1.2722403071226644,1.5286502991016313,1.04649202096277,0.03556182991410557,1.0,0.1949210704690332,0.1,1.0,0.2,129,170.16398394603087,906176.0255254508
17,69,1.0441317741505207,1.2651573639381242,1.271383788623692,1.5362178952217196,1.0470010464057284,0.03567466764471588,1.0,0.19567498048512005,0.1,1.0,0.2,130,166.7771158376163,1145113.853730427
17,70,1.0437059327266762,1.261435750785266,1.2696090462847374,1.5588087741379788,1.047493375063695,0.03549982318358813,1.0,0.19400143279699208,0.1,1.0,0.2,134,169.2334798128629,906645.7084081182
17,71,1.0440752840049592,1.2585221817996566,1.2686430035559728,1.5728556351485914,1.0530393279234243,0.03550418362847422,1.0,0.1961960725814568,0.1,1.0,0.2,136,162.2972746650763,662899.4862473974
17,72,1.0441600952477135,1.2612405935812268,1.2756047771047203,1.613075800022133,1.0429009080636449,0.03579692810624445,1.0,0.19647549723783897,0.1,1.0,0.2,140,163.0053904148616,658104.9643575294
17,73,1.0441613639736456,1.261737011594483,1.278191693917042,1.6209677022771631,1.0447357601893767,0.035802614652076445,1.0,0.19654034873444212,0.1,1.0,0.2,142,162.42040065905783,658288.1520570577
17,74,1.0444501679640494,1.258950457067615,1.273216879168269,1.6240071298099392,1.050984068568146,0.035779754725089694,1.0,0.1981233084507983,0.1,1.0,0.2,143,159.98527817705775,657385.1547474499
17,75,1.044233670992422,1.259362334705483,1.2757244455040686,1.6231608702654006,1.046098947879137,0.03584679886886731,1.0,0.19705750908673775,0.1,1.0,0.2,144,159.066529969374,659592.5416474672
17,76,1.046425638106049,1.2611628818906266,1.2775102140601602,1.651829243687958,1.0460551159968003,0.03595557301852747,1.0,0.2079906808474728,0.1,1.0,0.2,146,156.82637118892754,660509.1748327388
17,77,1.0464237789449582,1.2623577857889445,1.2808221963176833,1.6655723217033327,1.0454830592163873,0.03595557301852747,1.0,0.2079906808474728,0.1,1.0,0.2,148,156.8586835637309,660480.8285876997
17,78,1.04650223576817,1.2588571864611986,1.2771862362245858,1.6843534786227443,1.0485049695491546,0.03577777416064349,1.0,0.2087225232915348,0.1,1.0,0.2,153,161.9639171580453,657466.0197929939
17,79,1.046492561412332,1.2594640561925317,1.2798883483756986,1.7109457277712088,1.0468917005713965,0.03577777416064349,1.0,0.2087225232915348,0.1,1.0,0.2,155,161.55369387904508,657547.3730320268
17,80,1.0829746694040359,1.294046321501209,1.3164706875377463,1.7586130417713046,1.0866249353319948,0.03578294864427205,1.0,0.3913469707368066,0.1,1.0,0.2,158,156.92839039440236,657514.7349637958
18,0,0.42242680360293655,0.7551356381394011,0.7460005628511109,0.4052003729662131,0.0,0.0,0.0,0.0,0.1,1.0,0.2,1,28212.231297868293,128035.27273981062
18,1,0.4423768725065857,0.7822359757580358,0.7730174562006027,0.4391562117043987,0.03260099740893768,0.10409422934471738,0.00630734378957062,0.06309807837799875,0.1,1.0,0.2,4,27570.511469342146,79722.46140163952
18,2,1.5762289687078888,1.9776842060746425,1.968948541386976,1.6387547343702444,1.2664633497801365,0.1184089390910801,1.0,1.0,0.1,1.0,0.2,5,10682.65097462742,63896.16316780004
18,3,0.5514259319132861,1.0401112894460651,1.03006119915917,0.7201587099686679,0.657220189351224,0.10701128026246025,0.15435588967787647,1.0,0.1,1.0,0.2,6,13938.988859114308,72427.91395193081
18,4,1.0443307199428207,1.533951171549054,1.5186855796236174,1.22778068021955,1.3048753861387445,0.10707007712165226,0.7879933646519945,1.0,0.1,1.0,0.2,8,3934.342883601402,31153.4064377405
18,5,0.776766293908389,1.1524190933054461,1.1336403615796662,0.873344600871218,1.0977257541266578,0.11046942305062109,0.5558459414341129,1.0,0.1,1.0,0.2,10,385.9641163540962,7555.890921940366
18,6,0.5550475923179206,0.9083485007809824,0.8886538497769227,0.6334799742904256,0.6012835277550899,0.11058209156976335,0.3363159363866396,1.0,0.1,1.0,0.2,12,533.4587805912182,1750.7048374654516
18,7,0.4705108074360084,0.8181313832353112,0.7982071916661782,0.5512106188073931,0.47685641500812687,0.11056348335393155,0.2522534686567167,1.0,0.1,1.0,0.2,14,502.8120337332686,1727.6989940027158
18,8,0.5968960045303161,0.9112522362646838,0.894139843307876,0.67028596851077,0.7708388661293695,0.11388725643519285,0.38078390621986424,1.0,0.1,1.0,0.2,15,124.06012674954354,12750.37441050512
18,9,0.5963817321894881,0.8969352630434657,0.8772161715910585,0.6462084873682177,0.6163868800738846,0.11388725643519282,0.38078390621986097,1.0,0.1,1.0,0.2,17,117.78145025178314,12949.985721499004
18,10,0.5920766119629065,0.8902814824790226,0.8746117028603559,0.6698241737561008,0.5993947886488303,0.11374054737954212,0.3767146966567447,1.0,0.1,1.0,0.2,19,102.9415257867094,11188.81880141769
18,11,0.5883434411737707,0.883452134894601,0.8676622232170879,0.6632921687691515,0.5976514216528709,0.11360458197059382,0.3731188144520693,1.0,0.1,1.0,0.2,20,97.3825978703961,9861.970576423444
18,12,0.5050120609802404,0.7875215504007917,0.7671019077837613,0.5623655335622773,0.5456649251637742,0.11101936130810804,0.29043413693566617,1.0,0.1,1.0,0.2,21,86.27963197424504,58919.423399728745
18,13,0.5049155002081569,0.7861393845369185,0.7677408291583627,0.5652855694714793,0.507389813972873,0.11101936130810804,0.29043413693566617,1.0,0.1,1.0,0.2,23,83.90308400418758,59145.89349935549
18,14,0.8436375073544637,1.1262409137561575,1.112035567637797,0.9418795704679563,0.8516066479896689,0.10937870279884443,0.629410650285771,1.0,0.1,1.0,0.2,24,111.64388744448232,9497.703134085685
18,15,0.444198184786234,0.7079663060213277,0.6888945951541237,0.5009297166784119,0.5091832438348685,0.11127780965329763,0.2302791981523836,1.0,0.1,1.0,0.2,25,137.8900503661214,57211.4139916566
18,16,0.44463902463582144,0.7074801944610025,0.6883728001546903,0.5038559847038571,0.4439687175900847,0.1113159649842971,0.2307444974642649,1.0,0.1,1.0,0.2,27,134.55252956558812,58187.49445350532
18,17,0.8468254186160336,1.1095365374689166,1.0966374344199827,0.9420860162905254,0.862778151072948,0.10936875756756956,0.633247998282712,1.0,0.1,1.0,0.2,28,101.15107377490104,9645.931050418065
18,18,0.8645111989534182,1.1198690032766345,1.108759179576463,0.968728560886015,0.8816464660330909,0.10932470999791129,0.6511789633268297,1.0,0.1,1.0,0.2,30,96.93165255639492,10991.617770559164
18,19,0.8531192995070258,1.0983250635735835,1.0847556996616563,0.9526100276998768,0.8905353240646157,0.1103528153464332,0.6399072064914156,1.0,0.1,1.0,0.2,31,102.25059979952115,9785.757626878123
18,20,0.7232608899478474,0.9562978725246836,0.944335718435215,0.8175302461193019,0.7818274850168514,0.10944147878175718,0.5104435332249205,1.0,0.1,1.0,0.2,32,101.34016855947954,10903.034791353684
18,21,0.7178127526999174,0.9343228181912628,0.9217322147246898,0.8041302067711593,0.7531477149153325,0.1097898072500875,0.5052784330146365,1.0,0.1,1.0,0.2,34,98.14688185594774,10081.64674152966
18,22,0.7186666240192476,0.9278595498319764,0.9170631191560543,0.8040296619744955,0.7365083016247806,0.10953809042353228,0.5063031894658495,1.0,0.1,1.0,0.2,36,138.82366640559803,10352.857794721886
18,23,0.7186666240171122,0.927859590328161,0.9170632224084507,0.8005067630877336,0.717257047478441,0.10953809042274525,0.506303189455523,1.0,0.1,1.0,0.2,37,138.8236672748791,10352.857769138596
18,24,0.7186357106553174,0.9287312652740005,0.9200408465826666,0.8247279551657609,0.7191221402349226,0.10953623451928444,0.5062792872605176,1.0,0.1,1.0,0.2,38,134.71706792126452,10377.114507827911
18,25,0.7178956304508644,0.9210848753099643,0.9100609517638039,0.8049009263989442,0.7413976574930883,0.10959707671099066,0.5056200733073208,1.0,0.1,1.0,0.2,39,142.00851964819853,10178.682492104992
18,26,0.7438885848587935,0.9368211319577799,0.9254090913047817,0.8322347386382802,0.7882931628727616,0.10996603844752913,0.5317234704089996,1.0,0.1,1.0,0.2,40,105.35696336832184,10966.788099854351
18,27,0.7432386766337107,0.9281208483590162,0.9164046140795843,0.8313816765184996,0.7600348715332168,0.10994045027175706,0.5311813019511936,1.0,0.1,1.0,0.2,42,99.13551823384346,10574.10759249242
18,28,0.74294703760198,0.9275087603545253,0.9157804159695313,0.8380063561942448,0.7433087721195686,0.10994106738162801,0.5308936100215905,1.0,0.1,1.0,0.2,43,99.20671021892976,10513.605135753942
18,29,0.7426361039486493,0.921637745125532,0.90969944561839,0.8325303052685433,0.7662933574018171,0.10991474673636836,0.5306528074053889,1.0,0.1,1.0,0.2,44,94.33919588668888,10193.326897863288
18,30,0.6417928570072633,0.8130695778071604,0.8029118517494203,0.741769909775414,0.6609507256098325,0.10940271446247325,0.4299627291665525,1.0,0.1,1.0,0.2,46,35.67319962725148,9489.945904684717
18,31,0.7367893454789272,0.8854544182921391,0.8723728850703987,0.8103061853559599,0.830422415318562,0.10919393876975454,0.5251860118989918,1.0,0.1,1.0,0.2,47,62.557392150892994,8855.9886055772
18,32,0.6407379309140764,0.7741746198980972,0.762592640777265,0.7248585696337744,0.6766427663978862,0.10917108083846586,0.4292681931589932,1.0,0.1,1.0,0.2,49,55.68040447718676,9403.594558958768
18,33,0.6435023156868298,0.7747076832618618,0.7651140828309422,0.735670114460933,0.650885802856844,0.10909813329394029,0.43206557847183624,1.0,0.1,1.0,0.2,51,51.01211802460647,9539.50970052717
18,34,0.6430808074440167,0.7689672932052747,0.7591738785122901,0.7415424522825922,0.654270625581377,0.1090704172735136,0.4316831337478284,1.0,0.1,1.0,0.2,53,50.03140850880393,9187.574639858509
18,35,0.6348948161609231,0.7566273546469453,0.7528947765043916,0.7836872279704392,0.6384367950904853,0.10861814260559235,0.4235943839220265,1.0,0.1,1.0,0.2,62,49.90037023759314,9891.589576761304
18,36,0.6354387275699014,0.7534520578319517,0.7557967670270826,0.7928872846834087,0.6689768238257634,0.10849478211344712,0.4241961056305569,1.0,0.1,1.0,0.2,63,47.95462712844272,9627.825083312557
18,37,0.5830281127099957,0.6950935266636693,0.6909982013675711,0.7348476377512108,0.5913371979076584,0.10825185228751029,0.37182087291248805,1.0,0.1,1.0,0.2,64,47.60276827478832,8902.133754622913
18,38,0.6995906408717482,0.8045557028258699,0.8043386332903295,0.86240325547651,0.7438275182487806,0.10549042486074185,0.48871306067671333,1.0,0.1,1.0,0.2,65,52.60730526954606,9100.899439009358
18,39,0.6995684420731005,0.8010434979270109,0.8027680129617665,0.8819386508212745,0.7092178925006623,0.10549042486074185,0.48871306067671333,1.0,0.1,1.0,0.2,67,50.79746080106743,9118.766307933613
18,40,0.636764863376436,0.7289053726904318,0.7178459523383791,0.761950096783423,0.64214691251749,0.109736391747518,0.42549103688496537,1.0,0.1,1.0,0.2,68,38.124687041699616,8485.190948351536
18,41,0.699552547426793,0.7975783616857284,0.799173544984112,0.8949441472411119,0.7084158632848989,0.10549042486074185,0.4887130606767133,1.0,0.1,1.0,0.2,69,48.74520402446157,9142.172329035446
18,42,0.6399151756849053,0.7184464506851962,0.7048046885722892,0.757118532096694,0.6845835648936813,0.10958293237562011,0.42871138679420506,1.0,0.1,1.0,0.2,70,35.62280167941674,8556.9520183383
18,43,0.639527246695099,0.716489250040437,0.7027887223189753,0.7628100515055716,0.642723205881671,0.10966144776519834,0.42832208146795636,1.0,0.1,1.0,0.2,72,31.99626662727903,8563.79785433223
18,44,0.6454739955449729,0.7192533620225212,0.7054336227470897,0.7743287893063435,0.6592492375854082,0.10950866752112305,0.4342969958527115,1.0,0.1,1.0,0.2,73,36.78266632171883,8506.738547517292
18,45,0.6414952578596904,0.7159526851896214,0.704230683819902,0.7735648094818941,0.6426970338387101,0.10942156771758767,0.43032954110537724,1.0,0.1,1.0,0.2,75,31.98001938553718,8555.557753908703
18,46,0.6548189269547846,0.740432459749943,0.7498521605554647,0.9285000782613093,0.6564651305708904,0.1920498615518485,0.4353986676492333,1.0,0.1,1.0,0.2,80,69.21697474616911,9216.810587963644
18,47,0.6548189269548488,0.740432459749943,0.7498521605554647,0.9372430836340391,0.65460388027066,0.1920498615518485,0.4353986676492333,1.0,0.1,1.0,0.2,81,69.21697480515007,9216.810587188436
18,48,0.675722841935198,0.7563362351340537,0.7593515035716856,0.9348022665626192,0.6799882827680626,0.15863152951197532,0.45964833884577494,1.0,0.1,1.0,0.2,82,40.08723113989959,8675.051168372693
18,49,0.6743349851673859,0.757888552462487,0.7672310984668282,0.9631975607301713,0.678709206197002,0.11662054823507569,0.4624655531127949,1.0,0.1,1.0,0.2,83,53.95663144006036,45601.8110765927
18,50,0.6759496264503937,0.7551879150118936,0.7581517051620468,0.9418518727054872,0.6772126426981249,0.1583988721962713,0.4599036275225089,1.0,0.1,1.0,0.2,84,33.07946155639899,8759.084658759282
18,51,0.7048054866372595,0.7806219696205519,0.785529985630333,0.9720547777357931,0.7254954478397628,0.10627595986393257,0.4939893069078555,1.0,0.1,1.0,0.2,85,46.66891353124471,8809.776587142547
18,52,0.7048040433833167,0.7828726779171542,0.7920098642461915,1.0142060523557828,0.7049698463033343,0.10627596056397393,0.4939893069678673,1.0,0.1,1.0,0.2,90,47.22662148414189,8802.944278462794
18,53,0.7048038821984006,0.784154873516915,0.7954124424016753,1.039868555495656,0.7048140701299852,0.10627596056397393,0.49398930696786725,1.0,0.1,1.0,0.2,91,47.391128946300135,8801.003667909126
18,54,1.2112477624585765,1.2939690670609718,1.3136424270702938,1.6790956583024088,1.2113426984743594,0.1106767237452105,1.0,1.0,0.1,1.0,0.2,122,50.0073596044096,8581.49086517486
18,55,1.2112438926950957,1.2928058177526083,1.31243578256139,1.6910046012319033,1.213614261025863,0.11067853344047632,1.0,1.0,0.1,1.0,0.2,124,49.52913615273607,8564.84971982361
18,56,1.2112418144698867,1.2945611442075575,1.3184016815833584,1.7041639804524724,1.213040931218184,0.11068879892822292,1.0,1.0,0.1,1.0,0.2,126,59.806580162905625,8419.883983576909
18,57,1.2112402963491653,1.29414411991737,1.3179690994740467,1.7265116836583558,1.2116773884381655,0.11068789933472531,1.0,1.0,0.1,1.0,0.2,129,52.96962621479332,8434.6816007524
18,58,0.6316256616717119,0.703724091810358,0.7209274170992446,1.2531942024696123,0.6322693285307726,0.11597313279504666,0.41987954866515,1.0,0.1,1.0,0.2,167,1631.4375062150573,65586.03834449893
18,59,0.6313608780553457,0.702615036599952,0.7197867283231532,1.2508303039950504,0.6347986766410076,0.1160201072629345,0.41961266728501984,1.0,0.1,1.0,0.2,168,1613.5242530652722,65826.60371822935
18,60,0.6333925503383232,0.7034407505745246,0.7226397448751696,1.2563442016576543,0.6443909385256292,0.11608652763361357,0.42164564071155086,1.0,0.1,1.0,0.2,169,1626.856449198946,65427.713137756735
18,61,0.6321062289601409,0.6997049627411933,0.7167398565612013,1.262932144503303,0.6368990579855665,0.11596220709336699,0.4203752019960949,1.0,0.1,1.0,0.2,170,1656.901091019825,66041.3892196359
18,62,0.63184632312914,0.6977908108350528,0.7147638046934233,1.270080401703122,0.6353852989095491,0.11600794604997682,0.42011578814692535,1.0,0.1,1.0,0.2,172,1637.9979986369713,66266.33964153814
18,63,0.6352493755362716,0.698847149374026,0.7136598924375828,1.3152438353899691,0.6362659275058148,0.11568796980985471,0.42355395210221936,1.0,0.1,1.0,0.2,176,1640.319219108276,68080.26263187452
18,64,0.635241549089054,0.6974633227399627,0.7142970239236224,1.341196171322466,0.6409764429176432,0.11568796980985471,0.42355395210221936,1.0,0.1,1.0,0.2,178,1643.4246695251768,68089.78394075575
18,65,0.6352413434475446,0.6987193108639282,0.7176724786711448,1.3589039519292998,0.6352789441575495,0.11568796982410945,0.4235539523887263,1.0,0.1,1.0,0.2,180,1642.9520297880583,68088.39641146435
18,66,0.6348329147579921,0.697289947878224,0.7182773453286455,1.3519512388971704,0.6381802855110839,0.11553855713438052,0.4231672233668057,1.0,0.1,1.0,0.2,183,1609.7339391160597,68548.25744618438
18,67,0.6495548367255402,0.7142297077546007,0.7394449293096943,1.4128025121540377,0.6497100040373541,0.11659056992185779,0.4377851398400357,1.0,0.1,1.0,0.2,190,1639.688516851519,67028.26354708581
19,0,0.7481752938392214,0.8121619497215192,0.8051543145539143,0.45665009521797506,0.0,0.0,0.0,0.0,0.1,1.0,0.2,1,5705.1643031646045,108578.37480441776
19,1,0.9533121777342148,1.1655500578558113,1.1595016415618211,0.8120317706104194,0.3666620627579746,0.054272435669354205,0.27320074371912,0.2452379534478069,0.1,1.0,0.2,3,5295.174568587348,94208.1266826675
19,2,0.607467237331451,1.04314918851958,1.0346070040404156,0.713081819115828,0.5030457427356019,0.054272435669354205,0.27320074371912023,0.2452379534478085,0.1,1.0,0.2,5,383.5953583150181,63499.6806233938
19,3,0.9506925247661923,1.4547548000825308,1.4460737098609497,1.1370593282143755,0.9312841889065736,0.05433204986407088,0.6724089774668655,0.6035862101584997,0.1,1.0,0.2,7,479.1933966214263,39942.1354163227
19,4,1.3162878661845612,1.8297084984875442,1.8199786318869235,1.521453844284865,1.2631945598764216,0.054354677740901844,1.0,0.9809518137912285,0.1,1.0,0.2,9,969.1844237378356,28762.3412469072
19,5,1.3162490198026544,1.8310020359325043,1.823393050843661,1.5284457700176919,1.201699632486399,0.054354677740901844,1.0,0.9809518137912285,0.1,1.0,0.2,11,966.8102134101875,28741.29381690707
19,6,1.2245959636993282,1.7380516300208215,1.7289224962943652,1.443132366654013,1.2412246370849624,0.03071944587618673,1.0,0.7317525857406446,0.1,1.0,0.2,13,286.8556725534907,29176.54760504515
19,7,1.2134141802226188,1.6884700852576207,1.6763785199853811,1.4087768021658449,1.3505910283131428,0.032021672145888844,1.0,0.8802352932801428,0.1,1.0,0.2,15,420.2918123620088,18444.90746270534
19,8,1.117534789222687,1.580046023268973,1.569324190138811,1.3108865687070754,1.1338365552942546,0.03214988888663027,1.0,0.43225745638816193,0.1,1.0,0.2,17,341.5187259020135,8255.816066754387
19,9,1.0804511746444112,1.5397641928035324,1.5288776700045608,1.2710401534408364,1.0634667588743638,0.03229364259715042,0.9929274833649355,0.2882106462044178,0.1,1.0,0.2,19,340.7076945649389,7945.552604481665
19,10,1.117352279413972,1.560968004606786,1.5493064339594815,1.3151464479345294,1.1873095939519571,0.03215995760530196,1.0,0.4628131145882689,0.1,1.0,0.2,20,262.0911402745646,11180.366737490442
19,11,1.1173522700047014,1.560967996561917,1.5493064259146125,1.3151464396753434,1.0957786639699125,0.03215995704939509,1.0,0.4628130746418768,0.1,1.0,0.2,21,262.0910303265364,11180.36483466033
19,12,1.058923674123776,1.4271984934701727,1.4143179789571758,1.2036969616804045,1.4419726158981057,0.030554266753295572,1.0,0.2359155493396538,0.1,1.0,0.2,22,79.07825985488743,5031.722831420574
19,13,0.7902385562960568,1.1444730949560507,1.1310205620548166,0.9311065619647911,0.8517056096948368,0.033037954888051405,0.739416144583573,0.2006344329344824,0.1,1.0,0.2,23,57.055792471683255,8127.48755573368
19,14,0.9884786176130397,1.328227388847074,1.3162556721649414,1.1158744767780524,1.070061372577711,0.029915922439893577,0.9210773382533498,0.2919700180173708,0.1,1.0,0.2,24,37.09456152750297,3822.220598562762
19,15,0.6410604090198411,0.9714202586458204,0.9570139644709599,0.7696053796504585,0.6580379792821419,0.03319052578264143,0.59890951804461,0.16564807376138407,0.1,1.0,0.2,25,46.20899816685958,6857.161985439257
19,16,1.002484220624072,1.3050800121404096,1.2916518845979328,1.1056485890124947,1.1343179657241493,0.029368616272286967,0.9546219751594205,0.2039795943757332,0.1,1.0,0.2,26,45.50680954522763,5654.063369190158
19,17,0.9433817260378132,1.2218782200758564,1.207515784861005,1.0313450398734387,0.9943015107514912,0.030150681289457533,0.8976679484353871,0.19756937708548247,0.1,1.0,0.2,28,42.16717008256955,3842.022649414628
19,18,0.976663567185624,1.1872563400091607,1.1702977565340615,1.0100390480844854,1.1274848255526184,0.0289256345547576,0.9340817816042588,0.19095210688683745,0.1,1.0,0.2,30,28.112650122973992,6863.774780648401
19,19,0.9693011504917908,1.1737411790426016,1.1565492697791155,1.0068810371117642,0.9816592949562434,0.028788353667253307,0.9274700517089547,0.18777710984730006,0.1,1.0,0.2,32,24.319607491150794,6672.723127109207
19,20,0.9632380026451915,1.1600560936640423,1.1425754619903519,0.9939520288506627,0.9788745120615633,0.028873845386463,0.9217124230129278,0.1867912032024969,0.1,1.0,0.2,34,23.516558940278543,6639.477789958791
19,21,0.9641579294031886,1.1557927214950183,1.1401877732669337,1.0121840636377268,0.9776140762625732,0.02885914456048012,0.9226436532662031,0.1872125468927059,0.1,1.0,0.2,36,20.004574235749875,7259.109944446543
19,22,0.962998790671554,1.1479187884496058,1.1299881089765706,1.0024477724941077,0.9736749657170246,0.02881572962230821,0.9218171778960651,0.18592751362924934,0.1,1.0,0.2,38,18.8942581558656,6675.108456391384
19,23,0.9557654975530745,1.1358779273782584,1.117765596901851,0.9973708287800146,0.9653944650587651,0.028676930104401997,0.9152806312059989,0.18282000460286735,0.1,1.0,0.2,40,17.41597198534372,6436.782091647918
19,24,0.9565988850893961,1.13018208286676,1.1138952371234347,1.0049379422443898,0.973020605540825,0.02879892626735498,0.9159968751953359,0.183812903872608,0.1,1.0,0.2,42,15.456881313147282,6623.064599968141
19,25,0.9494276452142302,1.1191368615969446,1.1027038752517977,1.0009169420991468,0.9571059705125925,0.028659742998779297,0.9094979201078864,0.180739138852804,0.1,1.0,0.2,44,14.109176664882336,6385.519134296522
19,26,0.8273936850592114,0.9994918214273585,0.9872929908677341,0.9005242600192962,0.8276884264772286,0.030496861382008973,0.7849791462206399,0.1922596524295114,0.1,1.0,0.2,45,16.240598583555453,3539.070651395139
19,27,0.8217180339817529,0.9808556543784851,0.9660962409266634,0.8808584948985634,0.8725068860295788,0.03099372639423032,0.7799294264436291,0.1894849744320404,0.1,1.0,0.2,46,19.792129385584538,2883.237184675571
19,28,0.8311333763744164,0.9856098796496751,0.9706749081649078,0.8931751479787298,0.8513249738485484,0.030948285051198322,0.7893463388406653,0.18972514520235878,0.1,1.0,0.2,47,17.397733943069714,150227.91831879862
19,29,0.835914953282407,0.9873451522622049,0.9722955270552552,0.8951530270371968,0.8482278110443905,0.03092326537323121,0.7943078390100979,0.1889728947050916,0.1,1.0,0.2,48,19.34410891881758,3156.507564564995
19,30,0.8226730646927766,0.972005076611477,0.9568764807347486,0.8905706655244156,0.8311328828654143,0.030939470766667844,0.7809751205439358,0.1895113653869772,0.1,1.0,0.2,49,17.259978415271426,2764.157292044474
19,31,0.6559590937519449,0.8007391444937876,0.7854392585153999,0.723576180710995,0.6754607691713881,0.030006029261615517,0.6225153110404429,0.14890397535039904,0.1,1.0,0.2,50,17.363496063655095,3283.991881830161
19,32,0.65698588642575,0.8022670136098449,0.7911303383399326,0.6934846981393642,0.6657982959088947,0.03006226707449236,0.6232994902862408,0.15017808770194424,0.1,1.0,0.2,51,16.486054766484493,3322.2600517289634
19,33,0.6543836222268544,0.794947386422078,0.7815611257850901,0.7315599814836116,0.6688309959829317,0.02991974089857944,0.6213505019477441,0.14712106883766846,0.1,1.0,0.2,52,16.746415274484345,2998.07351238128
19,34,0.6641425940270071,0.8009560920342792,0.7853566044047111,0.7389081638968372,0.6688451495287577,0.030598433531613838,0.6305436337359559,0.14970528263714383,0.1,1.0,0.2,54,15.35403118257849,3125.5999498214915
19,35,0.651649222437864,0.7892984670553046,0.7778748320448216,0.681274838403019,0.6590925951588142,0.029921872255839123,0.6185251199079407,0.14773922156390112,0.1,1.0,0.2,55,14.88961769866724,3237.9935828698653
19,36,0.6699262863975121,0.8046023491625081,0.7909947497007429,0.7709234541029977,0.6729866305673763,0.030850336855308857,0.6361589991436769,0.15055309976599962,0.1,1.0,0.2,57,13.47875187830803,2862.532357813945
19,37,0.6588536929042055,0.7928470135595613,0.779213710543289,0.7410239022860527,0.6613015318346256,0.03046184703137827,0.6257869942710899,0.1472699030498515,0.1,1.0,0.2,58,13.941507655891622,3038.121872613759
19,38,0.6871073229033923,0.8184377110761801,0.8047043128159116,0.7887485690675708,0.6924673905868121,0.03100627942754185,0.6527113357764696,0.15374241405362976,0.1,1.0,0.2,60,12.27932627033189,5723.058472202586
19,39,0.5714708166747599,0.6949005834020313,0.68087040029718,0.6878606377454758,0.5768032442953461,0.03060788276692747,0.5423793484804122,0.12769459706810932,0.1,1.0,0.2,66,12.743889227817236,6029.217711865868
19,40,0.5669762311803304,0.6871672418723259,0.6730154408604163,0.6877304547268105,0.5736225482172808,0.03047077729285564,0.5383250736906682,0.1256676679200801,0.1,1.0,0.2,68,11.974407247197624,5834.532342742033
19,41,0.5782021382030715,0.6952182725648522,0.683019593505337,0.7150682006176109,0.5975037884166569,0.03045818782991534,0.5489295820109301,0.12892247513173605,0.1,1.0,0.2,69,12.666985927733036,6641.712273835852
19,42,0.5782507588521555,0.6960876992986794,0.6859920676299889,0.7146561901039389,0.5800288830655072,0.03070160781844698,0.5489625325964402,0.12889461321772103,0.1,1.0,0.2,70,12.176518384681858,6586.20411940431
19,43,0.5789218963238973,0.6934316329431628,0.6811388674868911,0.7210268044857912,0.5873049465751766,0.030879584436283643,0.5494278418405658,0.1298955633073027,0.1,1.0,0.2,71,12.72241122933183,6802.413134064007
19,44,0.5781042182373464,0.6889492706749938,0.6765189850986015,0.720659793903089,0.593846064305463,0.03047084936768022,0.5488478790820766,0.12901964693948303,0.1,1.0,0.2,72,11.928583662576248,6638.206441000111
19,45,0.576844085003171,0.6868833381037678,0.6744228114910522,0.7383655088648678,0.5769507556217893,0.029710184298778492,0.5486348333975564,0.12418782430369213,0.1,1.0,0.2,79,16.115000265093634,5064.531324834942
19,46,0.494951981629381,0.5985665482755843,0.5858650182565157,0.6667356703023501,0.5087392381421749,0.03018456043051601,0.47027301545053096,0.10647816209093963,0.1,1.0,0.2,81,15.04633715333827,5090.264135988425
19,47,0.4977100251989266,0.6014855647134049,0.5908623644899231,0.6884880757036118,0.4999147045057872,0.03037159780722034,0.4729850334420546,0.1066459597651315,0.1,1.0,0.2,83,15.015008174190587,5091.9527017710425
19,48,0.4945634340525976,0.5961472823184358,0.5854419034139202,0.6748808539797578,0.5038998420190539,0.03015658276297356,0.47007610594389637,0.10562306755170073,0.1,1.0,0.2,84,14.505514942946728,5320.115047352434
19,49,0.4945580928037917,0.5964311119945438,0.5878088933528188,0.6941225862745435,0.4964856494644766,0.03015658276297356,0.4700761059438963,0.10562306755170077,0.1,1.0,0.2,86,14.41058811028327,5309.267175858832
19,50,0.49144758139604683,0.5915738257235803,0.5808137665218708,0.6906535709552591,0.493076640073854,0.030047569532516673,0.4670880523786187,0.10507678341882416,0.1,1.0,0.2,87,14.601250950023251,5106.263581831436
19,51,0.4943046830641799,0.594835421610868,0.5861628696326493,0.6965582623568075,0.4979106237135003,0.030277233492484328,0.4698405373656457,0.10550789812494862,0.1,1.0,0.2,88,14.448722583495297,5091.137670316171
19,52,0.4838337386755389,0.5858680817292925,0.5834688688981936,0.7214935241340154,0.48569885985655903,0.030327598071780693,0.4596082071578035,0.10435202451180914,0.1,1.0,0.2,93,13.739869361196144,4799.053152854991
19,53,0.5593540691670451,0.655533938296499,0.6487706087177183,0.7848014041561568,0.5660749343343215,0.03006797046009052,0.5318294967942439,0.12105493795141915,0.1,1.0,0.2,95,14.402361778015395,4250.593144386261
19,54,0.47991052331358397,0.5736055306413017,0.5646766735223516,0.6964283428419353,0.4847034922186044,0.02992841143781092,0.45586267316195206,0.10376872564602083,0.1,1.0,0.2,96,13.803396241813717,4265.807575691941
19,55,0.5550112965623214,0.643358974086787,0.6342297364546696,0.7657800931030133,0.5782668980321936,0.02980129853360674,0.5279425380046312,0.11906029747203029,0.1,1.0,0.2,97,13.806108158492275,4171.264667086286
19,56,0.5550104293378976,0.6431646234968165,0.6340281261896071,0.7811960239906816,0.5555844887232065,0.029801298533306396,0.5279425380318132,0.11906029748044196,0.1,1.0,0.2,98,13.733362450125014,4167.892881510821
19,57,0.5554750694405746,0.644227885443458,0.6371861972477194,0.8018347755854597,0.5560041679912461,0.02980358443649115,0.5283253944439654,0.11948435290242647,0.1,1.0,0.2,102,13.916027903949852,4315.712585473205
19,58,0.46800492312672165,0.5560341330464778,0.5510376954364299,0.7748097092520142,0.4684933764944421,0.02790512394333658,0.44375116658513025,0.10599917392464553,0.1,1.0,0.2,114,12.068156059800916,4844.49553832258
19,59,0.4745223579685028,0.5553856047926736,0.5480483334831296,0.7729422434137702,0.48717133000547885,0.028812893637739822,0.45024924455463344,0.10576610977508208,0.1,1.0,0.2,116,10.2203053822082,4773.490970906608
19,60,0.46434004122134137,0.5423229782544391,0.5369501901569446,0.7782084843092546,0.4733234391420143,0.02823465437420881,0.4404252642396348,0.10434776247240059,0.1,1.0,0.2,118,10.523512864915872,4713.074667149736
19,61,0.4658244207628892,0.5435892956876311,0.5382083363873577,0.8077070525395483,0.4659299695424214,0.02814562864325242,0.4413077148216494,0.10740630018843109,0.1,1.0,0.2,121,9.8751904835304,5210.152067868729
19,62,0.4647158388543742,0.5426128386078846,0.539309203567367,0.8071222668588913,0.46973511389788963,0.02824030113979405,0.440736200151849,0.10469688069682874,0.1,1.0,0.2,122,10.640876824032809,4878.897390816033
19,63,0.46210507709523324,0.5377401951605518,0.532279479502946,0.8060890353624082,0.4629196901548725,0.02796010923664451,0.4383553006908043,0.10370572207663928,0.1,1.0,0.2,126,10.625129920699392,4713.195239917621
19,64,0.4624772255394415,0.5357132175850368,0.5301626592034518,0.8204372691107822,0.467617233443713,0.02796633605903595,0.43866623660301834,0.10405484030106764,0.1,1.0,0.2,128,10.51905516558664,4854.1091269041535
19,65,0.46247344116186645,0.5360026371705635,0.5325354318592408,0.8335129928062609,0.46450178352940136,0.02796633605903594,0.4386662366030175,0.10405484030106762,0.1,1.0,0.2,130,10.462913897493465,4859.628329283037
19,66,0.46246899803773367,0.5361113973647063,0.5347208169510124,0.8546054949088242,0.46491954668749014,0.02796633605903595,0.4386662366030187,0.10405484030106764,0.1,1.0,0.2,132,10.49979224385096,4885.815153052357
19,67,0.4624682490499775,0.5359059479402418,0.5345077100652005,0.8684477007199627,0.4631717431206275,0.02796633605903595,0.43866623660301834,0.10405484030106756,0.1,1.0,0.2,133,10.42262626715352,4874.2437403734
19,68,0.46220601851224213,0.536966678666774,0.5376903563930919,0.8764743893895056,0.46203147404585093,0.027897218236513237,0.4384552201809047,0.10383340880906913,0.1,1.0,0.2,134,10.429449245885928,4822.164359756374
19,69,0.46660000958328157,0.536213156774648,0.5325993406274321,0.8707261868642342,0.4700682495706429,0.0283570914544276,0.4429353259079353,0.10321798117028846,0.1,1.0,0.2,137,9.953083224644796,4468.79991877645
19,70,0.4667328407368961,0.5354080666530735,0.531759117927296,0.8781504904512897,0.4686114031351755,0.028437686875723574,0.44296552030311015,0.10370751903468056,0.1,1.0,0.2,139,9.746150976861935,4515.95471473925
19,71,0.466732840737276,0.5367353865940923,0.5352085292054126,0.8925664881663402,0.466550925018797,0.028437686875723577,0.4429655203031114,0.10370751903468037,0.1,1.0,0.2,141,9.746150991004006,4515.954716762983
19,72,0.46673238336321593,0.5379327613943985,0.5385231412222825,0.9068193092490755,0.4668350498052093,0.028437686875723574,0.4429655203031101,0.10370751903468034,0.1,1.0,0.2,143,9.725499261428464,4512.224884768865
19,73,0.466732343654288,0.5392487799968082,0.5419608631512549,0.9211403767307642,0.46657534218278696,0.028437686875723577,0.4429655203031113,0.10370751903468059,0.1,1.0,0.2,145,9.721923103942474,4511.259205974912
19,74,0.462553384207363,0.5341833630137014,0.5368622032004728,0.9664465486441779,0.46384494737826826,0.02959207069920667,0.4385957196037271,0.10410797060398176,0.1,1.0,0.2,149,9.809651142409658,4885.135528771949
19,75,0.4625256520705532,0.5267399935556452,0.531213707298904,0.9816304169917593,0.48061031882051747,0.02959207069920668,0.4385957196037264,0.10410797060398184,0.1,1.0,0.2,151,9.208786230903694,4855.301762580179
19,76,0.48657482929149953,0.5495095410653624,0.5560077700158649,1.0181324564962768,0.4895530171930652,0.02948699843768516,0.4626994457214952,0.10393259189938735,0.1,1.0,0.2,155,9.721755423017372,4892.659608635072
19,77,0.48708098383880927,0.548925459451941,0.5553828725084337,1.0261523732931592,0.4891555937468844,0.029598456417325968,0.46317215942635687,0.10405965570412956,0.1,1.0,0.2,157,10.097679562985324,4991.760533718809
19,78,0.48655456223983,0.5438454235729197,0.5522049452412738,1.035055085621488,0.5115964744185177,0.02948699843768516,0.4626994457214952,0.10393259189938715,0.1,1.0,0.2,158,9.2537117785739,4859.075914362523
19,79,0.47868751506117674,0.5405898104901459,0.559484028471821,1.1520604551753681,0.4789605463087635,0.029534123145015263,0.45469965917193395,0.104601900466437,0.1,1.0,0.2,181,9.77104949286595,4889.573436764415
19,80,0.4813545341419775,0.5410191118180473,0.5577571864566543,1.165415321426663,0.48257523430422977,0.029474853008858798,0.45742099384276697,0.1043728586846425,0.1,1.0,0.2,184,10.774129781073894,4795.070813940145
19,81,0.48561669702769705,0.5469140057386798,0.5678580313393025,1.1900722793773586,0.4866289506901243,0.029410299699142273,0.4617554009884728,0.1040582509056132,0.1,1.0,0.2,188,9.47492750188385,4933.725045158305
20,0,0.6832173594063788,0.8030144275157053,0.7956654957123908,0.44838013877589056,0.0,0.0,0.0,0.0,0.1,1.0,0.2,1,6336.536716243177,132585.57494830334
20,1,1.5384033476614154,1.7945131362810254,1.7847686707111072,1.4439900621606732,1.1041192849417902,0.0010444540385817001,1.0,0.00025989940516833,0.1,1.0,0.2,2,11503.941328126522,161249.52647437155
20,2,1.3254212126675857,1.7293061137831387,1.719201541766709,1.3885846490176363,1.1099215525520945,0.0010444540385817001,1.0,0.00025989940516833,0.1,1.0,0.2,4,6270.547410782484,131081.95476211526
20,3,0.6098865733181538,1.0312880406269458,1.023056360693268,0.6916316552851518,0.3392613944026042,0.0645243911503455,0.2410973839481006,0.299704134141052,0.1,1.0,0.2,5,2517.312790884315,72389.14542254568
20,4,1.1950013143953044,1.6783836867699835,1.6663735948557092,1.3476593495114881,1.0962453256804352,0.0010456468093910701,1.0,0.00103959762067332,0.1,1.0,0.2,7,6190.659988073422,130398.86976811472
20,5,1.1012580225892379,1.6089505983368855,1.5952657896159426,1.2939444175463213,1.4771034089953845,0.026997456240898637,1.0,0.14313581451756202,0.1,1.0,0.2,8,1949.5841872511307,66628.50748775394
20,6,1.1132591748546448,1.6306954543516576,1.6190560888305248,1.3196167892025892,1.089065600855555,0.03155917998104145,1.0,0.2532110535804714,0.1,1.0,0.2,10,2167.7301253989344,57671.11120014692
20,7,1.07049914292441,1.5541288890709535,1.5404642051102277,1.254730586118701,1.12326757523762,0.02412466905887081,1.0,0.14554107898638344,0.1,1.0,0.2,12,2447.6242221144976,42154.41913000384
20,8,1.0514046636245014,1.4953228487011954,1.4795602461373618,1.2038116388357207,1.2680359828882721,0.02489925297092253,1.0,0.13229805431536304,0.1,1.0,0.2,13,2961.035553259268,3185234.0979971103
20,9,1.035256036496561,1.4225254216640264,1.4042321213071254,1.1448163963147662,1.1726909827985177,0.02746990276451249,1.0,0.1061998293194412,0.1,1.0,0.2,15,1563.5142900169828,2318238.481212952
20,10,1.096422761260224,1.4794625454716375,1.4609769509918678,1.2146470528547928,1.1228192090166413,0.04220896861426357,1.0,0.4092853978568326,0.1,1.0,0.2,16,1424.0488503560944,2377887.028261586
20,11,1.0391824043975306,1.4142527684381634,1.3975144923529241,1.1461177966057103,1.0618702745557598,0.03165314860619321,1.0,0.13211288070483265,0.1,1.0,0.2,17,1553.1528673625005,2789734.448928528
20,12,1.0355210775496575,1.403687958936996,1.386667622445378,1.14194432140837,1.0417713270618245,0.02888463660869728,1.0,0.11847545924642444,0.1,1.0,0.2,19,1736.22845833744,2783185.25997182
20,13,1.1342049384282744,1.4745096107896316,1.4563608406384376,1.218633623813422,1.2602684290069481,0.03844584482257119,1.0,0.61905431638509,0.1,1.0,0.2,20,1491.716070409735,11469555.517500464
20,14,1.1366562521505328,1.4716947930370774,1.453335814982349,1.22210130883771,1.142768036297546,0.03881305903542962,1.0,0.6329689538587154,0.1,1.0,0.2,22,1488.1912916734454,11516287.488792976
20,15,1.1112222952907909,1.442092238631647,1.42356736080532,1.2011691511374745,1.1150454146397477,0.03891817382829598,1.0,0.5071320207618149,0.1,1.0,0.2,24,1359.7450086794456,11355918.653333535
20,16,1.1104929641872232,1.437882859975417,1.419219855683103,1.2057612710452839,1.1129179905970423,0.03978145328613193,1.0,0.5041621639190184,0.1,1.0,0.2,26,942.179596213152,10000274.355427075
20,17,1.1108975031442985,1.433902727165824,1.415066166632447,1.2196512916581785,1.1156690572590666,0.039238202218358983,1.0,0.5077920093811441,0.1,1.0,0.2,28,1285.6575708334003,11520135.45051289
20,18,1.1189019725298834,1.4309440890012841,1.4116757711459764,1.215354688283338,1.1394487945824845,0.04052364234206618,1.0,0.5502363700090244,0.1,1.0,0.2,30,930.70946748021,10038281.1302013
20,19,1.207064954110473,1.4838133815471781,1.4631709554530428,1.2890217361924432,1.2845978853234166,0.03802059145142261,1.0,1.0,0.1,1.0,0.2,32,1637.3547130631944,11265829.627110396
20,20,1.2069748849058692,1.4811749108995353,1.4604339553719174,1.2934167483333985,1.2095286594126646,0.0380097257219576,1.0,1.0,0.1,1.0,0.2,34,1588.7035271880916,11256630.55043839
20,21,1.2069210094638305,1.4795258876207624,1.4587235103257643,1.2919158451549793,1.2073435140503535,0.0380097257219576,1.0,1.0,0.1,1.0,0.2,36,1596.2439104620405,11257862.8359838
20,22,1.2065238984490578,1.4699375679892737,1.4508522520818694,1.284460701145258,1.227515832695058,0.0374361052743116,1.0,1.0,0.1,1.0,0.2,38,1573.3218671541683,11269735.20623612
20,23,1.2064047245953784,1.4658483412165346,1.4466104697018025,1.2911445687813703,1.2216411503127345,0.03743037935796646,1.0,1.0,0.1,1.0,0.2,39,1530.1904248657097,11263185.147197695
20,24,1.2064085885845741,1.4641185343004175,1.4427428840151502,1.2804125429400066,1.2055990990015084,0.03758822009004576,1.0,1.0,0.1,1.0,0.2,40,1550.3883672792915,11262812.14744438
20,25,1.206392493873935,1.4639074794842237,1.4445955284552463,1.3024268168734316,1.2106386613258844,0.03786675060612426,1.0,1.0,0.1,1.0,0.2,41,1546.2313774360878,11266523.510441218
20,26,1.205898131932885,1.4487041628783286,1.4288288544745262,1.288722603271592,1.269864721241152,0.03683040514441799,1.0,1.0,0.1,1.0,0.2,42,1545.8462084106595,11280224.201847678
20,27,1.2056293862756577,1.4393290024351555,1.419106079760635,1.287299272703099,1.224014180642231,0.03627109712079417,1.0,1.0,0.1,1.0,0.2,44,1569.8265303368662,11276110.651281478
20,28,1.2056594492662518,1.4386840135076253,1.4184353718880418,1.2902671716221914,1.2068306282224173,0.036728391571758515,1.0,1.0,0.1,1.0,0.2,45,1519.927423070537,11267469.440225711
20,29,1.2055736628268314,1.4356897375086823,1.4153302160174486,1.2910683854831675,1.2165324654930352,0.036498025476835824,1.0,1.0,0.1,1.0,0.2,46,1571.6620130185893,11280311.354144229
20,30,1.2055165448557392,1.4338452546640121,1.4134176265718934,1.2957501557404572,1.2116263470463033,0.03630708674632499,1.0,1.0,0.1,1.0,0.2,47,1596.0903218416647,11269450.276556524
20,31,1.2054999860120557,1.4311757340815958,1.4106470533148416,1.2940487313406839,1.215532642707966,0.03669296673047192,1.0,1.0,0.1,1.0,0.2,48,1588.7431238275055,11287132.862979287
20,32,1.20522484298718,1.4095525519904015,1.3944281395963043,1.288219314640788,1.3168569062209523,0.038506499508096856,1.0,1.0,0.1,1.0,0.2,49,1442.1613074475003,10904416.536252284
20,33,1.205123917804726,1.402873368021281,1.3874998454805614,1.2893610490272078,1.2184553516091865,0.038497064612937844,1.0,1.0,0.1,1.0,0.2,51,1395.705300235966,10895703.750502272
20,34,1.2050625002784332,1.3986077631979008,1.3830751175501126,1.292680926024301,1.2131814631675082,0.03848756952554186,1.0,1.0,0.1,1.0,0.2,53,1349.6782550809023,10886874.38977066
20,35,1.2046183138048732,1.3758845110279803,1.3574379178503744,1.244803865375577,1.2277634981447818,0.03678642441322856,1.0,1.0,0.1,1.0,0.2,57,1602.22831378492,10999667.594224926
20,36,1.2045853844050747,1.3716844579697705,1.353080831979524,1.2409947718742875,1.2207285969401311,0.03688196241948072,1.0,1.0,0.1,1.0,0.2,58,1585.0041500643522,11005593.955517158
20,37,1.204540033316117,1.3679517274527229,1.349209276021067,1.2518855106685187,1.2108388162005403,0.03677292226993399,1.0,1.0,0.1,1.0,0.2,60,1537.7522764819853,11008112.236314995
20,38,1.2043772156595882,1.3507615131136372,1.3313777154106412,1.243558750571645,1.278976709840145,0.036780746825806634,1.0,1.0,0.1,1.0,0.2,61,1588.1469805743616,11003114.150371572
20,39,1.2043768582648557,1.3464870857612687,1.3269424605491875,1.257643095254886,1.2226500587492761,0.03714601677219486,1.0,1.0,0.1,1.0,0.2,62,1514.038563208767,10999450.839218728
20,40,1.2043716105715643,1.3439509174845679,1.3243110837795449,1.2478211482413453,1.2149523117019358,0.03730470090091585,1.0,1.0,0.1,1.0,0.2,63,1526.1802981110332,11003432.976118067
20,41,1.204358055631429,1.3417820052303449,1.322061094287913,1.2567969830218846,1.2132806903424527,0.037344528430707694,1.0,1.0,0.1,1.0,0.2,64,1531.823682936928,11006177.755099062
20,42,1.2043372262960825,1.339278424315624,1.3194641812187047,1.261814941341257,1.2091658021675218,0.03733126018816768,1.0,1.0,0.1,1.0,0.2,66,1485.5518489899166,10997284.494691478
20,43,1.2043965772991228,1.3347324461672314,1.3147450899132787,1.2649659958019983,1.2105921476230517,0.03827623327055919,1.0,1.0,0.1,1.0,0.2,69,1511.7041660742325,11077617.51986606
20,44,1.2044700269080932,1.3339559471878741,1.3139366397125143,1.2640747481558443,1.2048575382783986,0.03907474166822756,1.0,1.0,0.1,1.0,0.2,73,637.4408204373162,10088263.94032657
20,45,1.204423380724911,1.3320450640202486,1.3161001224917352,1.3228145297226153,1.213837284913538,0.03893433595570573,1.0,1.0,0.1,1.0,0.2,75,730.4774722356191,10335011.2825694
20,46,1.2043984083945785,1.329903879712948,1.3138794370040807,1.3321118973663213,1.2085505245793484,0.03883260481415677,1.0,1.0,0.1,1.0,0.2,77,735.0339741731203,10331143.372792348
20,47,1.2044157495857344,1.3283723904729956,1.3122897716481807,1.3389987953194176,1.2107430790592457,0.03911234449752859,1.0,1.0,0.1,1.0,0.2,78,654.9531438760515,10302106.891973656
20,48,1.2044161760532759,1.3270918167823293,1.3130333239689875,1.3638837404755182,1.2154515146696339,0.03929221021206325,1.0,1.0,0.1,1.0,0.2,79,711.7369426404332,10341437.701220438
20,49,1.2043991810011252,1.3257087053073564,1.3115989550466958,1.3742993372990913,1.2069216499600277,0.039211867568572166,1.0,1.0,0.1,1.0,0.2,81,697.6352158161957,10339774.837982086
20,50,1.2043329052821032,1.3227033967336883,1.306411000119525,1.3149092711218064,1.2109697688688452,0.03865365533811427,1.0,1.0,0.1,1.0,0.2,82,743.7485758937131,10000058.177054426
20,51,1.2042810185426023,1.3214447901004074,1.307179341398088,1.343001748873472,1.2149990930244845,0.03829571839356051,1.0,1.0,0.1,1.0,0.2,83,417.61688772631015,10103586.77533637
20,52,1.2043484396570854,1.3159889477953426,1.3015161895303287,1.3535791250965141,1.216100867833909,0.03930666589602369,1.0,1.0,0.1,1.0,0.2,85,422.4444532322157,10110916.204927731
20,53,1.204268883235379,1.3055687757063763,1.2886357603249259,1.3535740200254411,1.2437178662911257,0.03902298137973951,1.0,1.0,0.1,1.0,0.2,86,419.5068733442567,10122940.385206398
20,54,1.204254298552838,1.302201009721838,1.2872145629732408,1.3610818927526165,1.214160058184088,0.03912295680094791,1.0,1.0,0.1,1.0,0.2,88,422.7618811139324,10126943.892610077
20,55,1.2042456342631334,1.2990740864360273,1.2860430814741344,1.3809510854948737,1.223496911037444,0.03926050849691898,1.0,1.0,0.1,1.0,0.2,89,374.4406862868327,10120668.607667187
20,56,1.2042014342743457,1.2921215827621266,1.276759287482907,1.3557325273758325,1.2120958727011586,0.039085994359757445,1.0,1.0,0.1,1.0,0.2,92,464.03181498267486,10114128.800901322
20,57,1.2041889825465586,1.2855054836844604,1.2719680698773426,1.36469308400289,1.238828142201434,0.03931651978567214,1.0,1.0,0.1,1.0,0.2,93,687.8355638780724,10218354.137737451
20,58,1.2041421303095008,1.284349538563791,1.2707705743651874,1.3597475296183157,1.2063373770139159,0.03889557069631922,1.0,1.0,0.1,1.0,0.2,95,692.1288076989789,10207462.940305034
20,59,1.2041345997052693,1.277857395636317,1.2640355179612657,1.365849591777935,1.2324092334866141,0.03908686457795132,1.0,1.0,0.1,1.0,0.2,96,646.8298470980867,10184602.023623284
20,60,1.2040638840971598,1.2819104052750112,1.2765325147641908,1.3929823528981866,1.2064489349880667,0.038426619728872444,1.0,1.0,0.1,1.0,0.2,98,405.0681810772875,10175229.228219982
20,61,1.2040055009195796,1.2701735404092218,1.266430741794872,1.3893480061771752,1.2324229702885001,0.0383221187165273,1.0,1.0,0.1,1.0,0.2,100,396.24148243718986,10179795.829089615
20,62,1.2039741460964573,1.2606348326650525,1.2482465005764063,1.361093339680959,1.2130630956801232,0.03815064185328369,1.0,1.0,0.1,1.0,0.2,102,490.17893157387726,10197895.85158678
20,63,1.203977523481345,1.2596435821742715,1.2492904371594695,1.363148022279625,1.208902388286651,0.038259872376600876,1.0,1.0,0.1,1.0,0.2,104,448.93174362975,10177410.66598552
20,64,1.203973438640761,1.255049712222389,1.244524815050515,1.35094989978722,1.2240026302558442,0.03836379850952039,1.0,1.0,0.1,1.0,0.2,105,366.6369024045407,10168395.404772827
20,65,1.2040085777345966,1.2538197248302012,1.247392345608371,1.449693134129895,1.2067536858415775,0.03883362708415824,1.0,1.0,0.1,1.0,0.2,111,383.64986482002286,10183571.035063108
20,66,1.2039718139765765,1.2477280063256109,1.24314652217946,1.4183667678427077,1.2201164052000815,0.03867713716536398,1.0,1.0,0.1,1.0,0.2,113,419.96924964535447,10200521.393938472
20,67,1.2039733939990322,1.2463940498701875,1.2417626086134705,1.4007531130211883,1.2096811241778267,0.03872905126409828,1.0,1.0,0.1,1.0,0.2,114,417.0392128167704,10200491.011167506
20,68,1.2039670073445135,1.2459427998912687,1.2412946965895058,1.4167416731316789,1.2058090937618087,0.03867713716536398,1.0,1.0,0.1,1.0,0.2,115,417.3370894687237,10199896.636670943
20,69,1.2040082762901334,1.2440618710430105,1.2393418751185186,1.4109479931647557,1.2067311668847218,0.03914128926919521,1.0,1.0,0.1,1.0,0.2,118,344.9559203341699,10082590.025653236
20,70,1.2040136474061325,1.239121413022281,1.232143981268542,1.4602502302871387,1.2199818417586241,0.03929004086867436,1.0,1.0,0.1,1.0,0.2,119,423.59472681188754,10181196.780328477
20,71,1.203993626435233,1.239047761141318,1.2320683419692477,1.4520229453243294,1.2039440212948826,0.039090234376503954,1.0,1.0,0.1,1.0,0.2,121,426.3189409454515,10184314.546343526
20,72,1.2039520861187345,1.2380039811324088,1.2309870681331099,1.4632944720998795,1.2083093070186097,0.03870049900203645,1.0,1.0,0.1,1.0,0.2,122,380.1614947107041,10150740.992735216
20,73,1.2039633861726255,1.2355402799944586,1.228430795084482,1.4569936165331432,1.2147110086770947,0.03887498919331933,1.0,1.0,0.1,1.0,0.2,123,426.2586339317074,10173628.327923154
20,74,1.203921733269102,1.2311939524964908,1.2259959548308834,1.4856214947129172,1.228588162434358,0.03859335941390873,1.0,1.0,0.1,1.0,0.2,124,374.0711049278851,10143797.324228046
20,75,1.2039340775425922,1.2308975834708553,1.2256880404378427,1.4995605491154975,1.204143183702277,0.0387239675674146,1.0,1.0,0.1,1.0,0.2,129,379.3141502034979,10153224.989305971
20,76,1.2039279153406692,1.229765047867988,1.2265858470680642,1.52748011897481,1.2092578284034416,0.03871858317926806,1.0,1.0,0.1,1.0,0.2,131,364.7105640653486,10148464.865046322
20,77,1.2039347275939076,1.2310353960373341,1.229975903572161,1.540842360080855,1.203964080583738,0.03878846451860396,1.0,1.0,0.1,1.0,0.2,135,607.8277912555106,10323722.450840428
20,78,1.2039837716994055,1.2317389322617829,1.2327763903084703,1.5310918363282295,1.206821370625818,0.03929375938969633,1.0,1.0,0.1,1.0,0.2,136,447.9709392810311,10170318.753819725
20,79,1.2039333902807055,1.2292163303984296,1.2301613532514124,1.533739899111479,1.2147374962297202,0.03884481172544953,1.0,1.0,0.1,1.0,0.2,137,438.18962213123774,10164825.469774602
20,80,1.2039559773978383,1.2267589259245986,1.229683681046107,1.5473576232108557,1.2206724087991188,0.03915275002451992,1.0,1.0,0.1,1.0,0.2,138,412.54132294838365,10183866.383383378
20,81,1.203924661932501,1.2223191149592065,1.2250790821085191,1.551848253213992,1.213545496108512,0.038930317289389636,1.0,1.0,0.1,1.0,0.2,140,413.80295867864345,10173933.185383696
20,82,1.2039232958331283,1.2177904472458267,1.218308732277374,1.5582584301834734,1.2067276836067349,0.03898064100959242,1.0,1.0,0.1,1.0,0.2,145,421.9815120156632,10175179.221650653
20,83,1.2039208682103257,1.2167746854535944,1.217255084763961,1.5573248723913284,1.2046214430221498,0.03897559480408289,1.0,1.0,0.1,1.0,0.2,151,423.9406500050006,10175136.57383196
20,84,1.2039169423467448,1.2159530069766082,1.216402811383582,1.556582654333798,1.207483080139585,0.03895207799288957,1.0,1.0,0.1,1.0,0.2,152,422.9213407050739,10174200.568964437
20,85,1.2039163097561765,1.2156071089622913,1.2160440358331177,1.5562706216581141,1.2054101180970045,0.03895236063545382,1.0,1.0,0.1,1.0,0.2,153,422.8289689235848,10174224.95529
20,86,1.2039591637635247,1.2136329793481064,1.2139945046142548,1.5630880011008028,1.2084083949578852,0.03941939717714632,1.0,1.0,0.1,1.0,0.2,155,407.647244998117,10170615.19170586
20,87,1.2039557592838002,1.2117756306769798,1.2120678685666153,1.5613972578775162,1.2119963315360853,0.039419397177146306,1.0,1.0,0.1,1.0,0.2,156,410.3158505367883,10171314.415443944
20,88,1.2039577154470777,1.2039577154470777,1.2039577154470777,1.5672172615201534,1.2096770116519815,0.0395771544707776,1.0,1.0,0.1,1.0,0.2,162,407.67741783087297,10201425.652831836
21,0,0.43372737865901945,0.7577625715138783,0.7487254616604495,0.407567461497833,0.0,0.0,0.0,0.0,0.1,1.0,0.2,1,26938.50615860401,126389.3930870752
21,1,1.0338121338635728,1.5291311742824525,1.526297141628621,1.1675219378885466,0.6076273328044324,0.107340478512439,0.394361078968665,1.0,0.1,1.0,0.2,3,17333.762256132293,75618.89421463257
21,2,1.4830027360149993,1.9232098620547005,1.9124344136588687,1.5876169705442056,1.412008306957424,0.12043722291005363,1.0,1.0,0.1,1.0,0.2,4,13317.796789618638,61308.98723475036
21,3,0.7248276663413333,1.2370887870524963,1.2254322950124337,0.9078401369538376,0.9608630611831317,0.107340478512439,0.394361078968666,1.0,0.1,1.0,0.2,5,8021.596544601409,44275.313795761766
21,4,1.3310451209225413,1.8460159896468122,1.8364720263128262,1.5481846428757713,1.2159477271655674,0.12949957950648625,1.0,1.0,0.1,1.0,0.2,7,3374.59028073486,19535.44956999016
21,5,0.7414509157915532,1.2544432165709631,1.2422917553695663,0.9400612177503758,0.6838554091989442,0.11251055532778831,0.4244661913195338,1.0,0.1,1.0,0.2,8,7038.436217501854,44656.69588655022
21,6,1.2893795272203712,1.8060041496189936,1.7949805763081572,1.5145669519561995,1.3518593129808871,0.12599578426008579,1.0,1.0,0.1,1.0,0.2,9,2543.5175243119315,43964.76254335366
21,7,1.2236399462249057,1.71025427996094,1.6947798305576796,1.4046876422258896,1.4322501326688706,0.11360666244353272,0.9692409062824405,1.0,0.1,1.0,0.2,10,2208.7818139675423,24867.393125474613
21,8,0.4702061571991972,0.8746619719755699,0.859167938057789,0.6039877224466084,0.7066206594209319,0.10638362081649455,0.246008765767937,1.0,0.1,1.0,0.2,12,512.5334796999471,11164.6987080971
21,9,0.41699074853819496,0.7269227663645033,0.7096412061468684,0.47881133576364526,0.6422684992235359,0.10934926921490755,0.20144213766006241,1.0,0.1,1.0,0.2,14,73.10899466314468,1931.694448535392
21,10,0.41669119294730117,0.7215852940137955,0.7061772210453503,0.48098305755825366,0.42647912053332737,0.10934926921490755,0.20144213766006244,1.0,0.1,1.0,0.2,16,64.91674209029892,1894.5863276724267
21,11,0.4273873425519539,0.7116820317360746,0.6934022979171874,0.47737615965752184,0.5119765503830289,0.10920593883046288,0.2129726071320527,1.0,0.1,1.0,0.2,17,67.79683757749707,147196.78995371147
21,12,0.42601664736931405,0.6998314493635625,0.6811466374058641,0.4781950582934658,0.446672754057699,0.10925324362435992,0.21197557180789267,1.0,0.1,1.0,0.2,19,54.16627443713182,146827.9865766292
21,13,0.42490604267410576,0.6895829560144309,0.6726172388748464,0.47331562378658243,0.4457598421505571,0.11000147338150994,0.2111275570151147,1.0,0.1,1.0,0.2,21,34.8939882668987,7250.469330020202
21,14,0.4322052406451402,0.6951735616537511,0.6781421938593863,0.47907351630176315,0.43717725677943886,0.10993572466168888,0.2184849108881412,1.0,0.1,1.0,0.2,22,32.66741321889488,10949.427490996111
21,15,0.4237038014830472,0.6789817059974228,0.6616551587678117,0.47313873194124056,0.455857652691501,0.11005558958730297,0.2101927348842608,1.0,0.1,1.0,0.2,23,28.807295120930977,7238.856908355253
21,16,0.37400828556076815,0.6134206835229816,0.5934157902737109,0.4194922753374596,0.3849350771306933,0.10639750114648343,0.16123499292004828,1.0,0.1,1.0,0.2,28,189.0343210967115,2060.5422999308694
21,17,0.37279812576066373,0.6012822963081064,0.5829321132221039,0.4231810627314148,0.38469952587980116,0.10651557363839168,0.16028608578781742,1.0,0.1,1.0,0.2,32,104.56232603321764,2021.8785304938813
21,18,0.37469739297878946,0.5882341822467272,0.5693155717005052,0.4182837909176715,0.4066226080369209,0.10503443591635939,0.16262247729960552,1.0,0.1,1.0,0.2,34,105.50729868088072,2429.0866334995726
21,19,0.3691321525818233,0.5799530352135371,0.560931332283151,0.4165598869896313,0.3795784498565093,0.10691626411559003,0.15691618296335896,1.0,0.1,1.0,0.2,35,241.66534654576023,1155.8489360585256
21,20,0.3751179357743464,0.5455583515497431,0.5250089380163656,0.38652291576420833,0.5532628838660694,0.10519055081950188,0.16364485589195288,1.0,0.1,1.0,0.2,36,61.744093262687365,1819.821510468968
21,21,0.37369853963669797,0.5345911785770583,0.5157536312201616,0.398765329885356,0.39780147387286613,0.10441532070264156,0.1624243314961577,1.0,0.1,1.0,0.2,38,195.63792959638045,1891.1365594435904
21,22,0.3730042183299722,0.5234130914710637,0.504180675593191,0.39879310948655317,0.3952946697384342,0.10442953305993581,0.16182895208107664,1.0,0.1,1.0,0.2,40,221.77063057426824,1878.131336217572
21,23,0.371835143873387,0.5037759668544944,0.48384893180694316,0.3809354530483191,0.4514430886545188,0.10434982628701013,0.16081921932612275,1.0,0.1,1.0,0.2,41,187.09485479904865,1946.199611969428
21,24,0.3719249340683881,0.5014126904218932,0.4813934371373811,0.3856037640389781,0.37681708210359594,0.10433840224174981,0.16092867589988685,1.0,0.1,1.0,0.2,43,182.52269809957224,1891.756710920375
21,25,0.371883670463999,0.49401988976443817,0.4757966519866283,0.3848297134417885,0.40968629445989024,0.1044142670278397,0.16094131878597057,1.0,0.1,1.0,0.2,44,191.51316616756,1698.876151116841
21,26,0.3723870209858151,0.4930830801699517,0.47480575098237693,0.39094290525239894,0.3750205820217991,0.10436824529845126,0.16145880171382104,1.0,0.1,1.0,0.2,46,185.88939030658915,1634.7320758112637
21,27,0.36987157349434024,0.4843179091961276,0.46580595129446867,0.3862432644438889,0.3969146374258998,0.10436759921788616,0.1589837611757179,1.0,0.1,1.0,0.2,47,208.6814909308395,1689.3229315740973
21,28,0.3699784714441938,0.4822926304443658,0.4637006125164996,0.39134440276428223,0.3742388585922634,0.10435605974963016,0.15910502740337612,1.0,0.1,1.0,0.2,49,203.4150270792857,1643.113122998612
21,29,0.36949156818679796,0.4763706471522292,0.45757465929612395,0.39287781920915554,0.38105987277758413,0.10534280747257926,0.15855186784354255,1.0,0.1,1.0,0.2,51,170.31263431670806,1770.896105274746
21,30,0.37003275398934077,0.47661332248533056,0.45780614103588674,0.4069975720285014,0.37031600179374374,0.1044045567913177,0.15918868410300688,1.0,0.1,1.0,0.2,53,200.0388743193429,1620.9081209114745
21,31,0.34933945237310543,0.4541228216731165,0.43732051320819887,0.4100429926408977,0.35238540308536803,0.1041549513935331,0.1385380821019712,1.0,0.1,1.0,0.2,57,208.1406960114936,1750.8761906286263
21,32,0.3493341250316895,0.4544845455217886,0.4397682821947172,0.4277978456436708,0.3510573940221986,0.1041549513935331,0.1385380821019712,1.0,0.1,1.0,0.2,59,209.9442658174458,1759.2856119529777
21,33,0.3494162719356473,0.45346359267148156,0.43870600846768487,0.43798505310300295,0.3506626821722909,0.10415015956724032,0.13862680038817782,1.0,0.1,1.0,0.2,62,205.59296931563625,1747.2736989828384
21,34,0.3480798971552086,0.44695794418612006,0.4299341134779691,0.42948878939971574,0.36464402561002074,0.10445201299360982,0.13728091391011876,1.0,0.1,1.0,0.2,63,218.23137669697448,1758.0707510184968
21,35,0.37453329846704736,0.46633910039999266,0.4511224388653498,0.46317051682135196,0.3927134180722934,0.10410356232328019,0.16381165468443512,1.0,0.1,1.0,0.2,65,219.7810518587814,16781.773929113726
21,36,0.37549300505212646,0.4664002277352297,0.45114984831689303,0.4707305265539552,0.3772094392912204,0.10385581611007433,0.1648005700517931,1.0,0.1,1.0,0.2,67,184.22436905208048,16604.852906403394
21,37,0.3740156700530718,0.46442477028405565,0.44915574159569427,0.4687935227733419,0.3758207474537357,0.1041262313959199,0.16329848948485587,1.0,0.1,1.0,0.2,68,221.93959177897293,16839.094299197324
21,38,0.37513857199972966,0.4652165722733662,0.45200748058201756,0.47648226861099435,0.38214314866108795,0.10380262350755728,0.16446161140809648,1.0,0.1,1.0,0.2,69,202.25415485273504,11465.91008393547
21,39,0.37517674540111134,0.4624648475878009,0.4470788615069132,0.4745312004295039,0.3813019619108061,0.1037385131337742,0.1645129942530636,1.0,0.1,1.0,0.2,70,202.29871761656176,11476.772363553562
21,40,0.37397989013927324,0.46074485103110274,0.4474116009515784,0.4911066156228954,0.3819409517217896,0.10382343190596102,0.16331623582603572,1.0,0.1,1.0,0.2,71,194.3580897977651,16602.478087008225
21,41,0.3748429809726847,0.4596090035861195,0.44412848901632906,0.4830203127322457,0.37599224549736626,0.10368451009530151,0.1641961567463539,1.0,0.1,1.0,0.2,73,198.8547162100193,16660.339193166215
21,42,0.34709631279959746,0.4313028654180189,0.41787372664816097,0.47773695674733935,0.355127572661554,0.10383285190246083,0.13654892590505552,0.99947080442119,0.1,1.0,0.2,74,204.7947455645675,16457.684652933316
21,43,0.3748494158629524,0.4583943981208342,0.44908519152850296,0.49490245869568456,0.38919133789666194,0.10390208721763824,0.16420371044104895,1.0,0.1,1.0,0.2,75,186.0972539108028,16770.083528027688
21,44,0.37426338841875806,0.4564344665372386,0.44707380740376174,0.5050737490908654,0.37703087674530855,0.10390956054375582,0.16362276699331507,1.0,0.1,1.0,0.2,77,215.32008884167607,16554.58770230225
21,45,0.37440943483870914,0.4533719149330468,0.4418186788518933,0.5029341069511613,0.3824442282939473,0.10384301586318909,0.16378333614247167,1.0,0.1,1.0,0.2,78,207.0099069191469,16632.97897195271
21,46,0.3740602292727063,0.45146934849086734,0.4419303020439459,0.5082908208609441,0.3865161890688975,0.10394834829063752,0.16343537058843652,1.0,0.1,1.0,0.2,79,238.57842781853097,16775.38353028211
21,47,0.3747403626786854,0.44660448952399917,0.43271300133623514,0.50845013045162,0.3872790859047629,0.10390246657938221,0.164131591275515,1.0,0.1,1.0,0.2,80,211.68096222943123,16585.61788674413
21,48,0.3743276391659024,0.4478509637561974,0.43816636250999735,0.5358726419461455,0.3755671207076706,0.10378323419827953,0.16373464643901126,1.0,0.1,1.0,0.2,83,211.5522127640961,16621.928799462046
21,49,0.37459977623294116,0.44642717312316654,0.4428962535786695,0.5481181844702486,0.3993359854317231,0.1036657986337085,0.16403983573876496,1.0,0.1,1.0,0.2,84,213.10199276187828,7959.053998463743
21,50,0.3753405563651867,0.44249645751347766,0.4325734016299376,0.5465503420739548,0.37667149920259657,0.1039051786116852,0.1647591970444276,1.0,0.1,1.0,0.2,86,209.4427471757904,16654.916406794644
21,51,0.3746970298880493,0.44400194784074815,0.43830419083696104,0.5629043600482524,0.3752388036620024,0.1036613225253216,0.16414185915119023,1.0,0.1,1.0,0.2,89,215.72021890801693,16503.07748421735
21,52,0.3748595504456894,0.4431754860632523,0.4374407043651882,0.57400723910382,0.3768481465929377,0.1036337704234419,0.1643106855585757,1.0,0.1,1.0,0.2,91,215.28961319014329,16517.938080959575
21,53,0.3750216975386029,0.4429260138003688,0.43717581898546065,0.5777417246091685,0.3766474057743631,0.10363561838124676,0.16447411470469983,1.0,0.1,1.0,0.2,92,215.3568509350739,16487.176184045944
21,54,0.3721042265069169,0.43707865082746755,0.43121875311723634,0.5721898350832364,0.38482343773640676,0.10381675585217909,0.16154880881962844,1.0,0.1,1.0,0.2,93,218.496471747222,16574.626172815373
21,55,0.3726593505450389,0.4383712312168065,0.4346113547075394,0.5879795148297486,0.375065422200605,0.10380913130831107,0.1621067140153709,1.0,0.1,1.0,0.2,94,208.3568929831885,16512.55163403521
21,56,0.37263765500481905,0.4340848090419241,0.4280928936975087,0.5774256640969193,0.38538620020106185,0.10377199391014955,0.1620986660226747,1.0,0.1,1.0,0.2,95,211.6536748582283,16488.653071621437
21,57,0.37248808472816997,0.43483832709254194,0.43095261524571393,0.6017029873662803,0.3729495149614339,0.1039539205360551,0.16193231471737163,1.0,0.1,1.0,0.2,98,203.6336605326078,16501.512266637266
21,58,0.3831172887976897,0.4359169447508799,0.4296013965523308,0.599835091161085,0.4191264162974906,0.1036875153956421,0.17261434342976162,1.0,0.1,1.0,0.2,99,212.1901507900132,16545.469980315203
21,59,0.38284280141875116,0.4375228105151182,0.4354224558834133,0.6290039390849717,0.38355845718281456,0.10375470366086641,0.1723354833354525,1.0,0.1,1.0,0.2,103,206.87543886441367,16539.6613580893
21,60,0.38322936205964536,0.4351348492848672,0.43085825452132903,0.6229641415819814,0.3894591726188785,0.10360257354414207,0.17274160871042937,1.0,0.1,1.0,0.2,104,208.60775907378425,16584.348388455634
21,61,0.3831985058970495,0.43629121363530904,0.4341314617987909,0.6359871905384946,0.3833790830432148,0.10361805087407831,0.17270962274755922,1.0,0.1,1.0,0.2,106,209.7083440343336,16572.28560832351
21,62,0.3728563206785875,0.42499545621275014,0.4228000253164818,0.6328443032235911,0.3769208856551727,0.10356796087467737,0.16237527542135657,1.0,0.1,1.0,0.2,107,206.129411716091,16579.53914000269
21,63,0.38055832888519664,0.433674666326645,0.43358822230551075,0.6697603665316834,0.3809489715714474,0.10374694334980641,0.17006041897540386,1.0,0.1,1.0,0.2,110,222.779878603955,16554.10073968439
21,64,0.3831058188209448,0.4371107793328936,0.439130049603892,0.6770884235095915,0.3839453663136956,0.10358324042236564,0.17262556491392508,1.0,0.1,1.0,0.2,112,214.4284274501397,16564.094653716846
21,65,0.39210515732068096,0.44418783308570453,0.4440627367113353,0.685425199186177,0.3932927273186001,0.10373794337221554,0.1816111708900125,1.0,0.1,1.0,0.2,114,202.639766762814,16415.762976187405
21,66,0.39225239867766293,0.4463284587733374,0.4504228097168993,0.7043405589557972,0.393586413462193,0.10375890389181848,0.1817582345350788,1.0,0.1,1.0,0.2,116,209.2306746870657,16450.882426330965
21,67,0.38913975992807215,0.44216917383050036,0.4482968059638176,0.7250579537946793,0.3916449613538456,0.1034765338013878,0.17868064148733348,1.0,0.1,1.0,0.2,120,202.5269392447163,16523.961971923087
21,68,0.39238219859876144,0.4442976241473173,0.45038356628064175,0.7396108186298149,0.39712704790631576,0.1037181871577703,0.181902017207446,1.0,0.1,1.0,0.2,121,204.1010656922688,16497.53733723378
21,69,0.3428456023308324,0.3985861785497047,0.4110325480078004,0.7693566683394091,0.342800206900458,0.10368567373667059,0.13236910971125856,1.0,0.1,1.0,0.2,132,191.07036191271112,16547.40913472767
21,70,0.3492264778884488,0.4000396816242804,0.4102292819847363,0.7865850557740474,0.3570344324422994,0.10364290509619074,0.1389987940533767,0.998826611657272,0.1,1.0,0.2,134,191.25130532910865,16549.69331884039
21,71,0.312497696749123,0.3638837800098411,0.37616725201439494,0.7761082860424768,0.3130644609394899,0.10387957281663429,0.1265603417375485,0.8772667344398656,0.1,1.0,0.2,139,196.0775801974501,16608.97101304674
21,72,0.32550544727114716,0.37735559827497844,0.39172887079246865,0.796913340379098,0.32920267681020743,0.10379417461725257,0.12497547734313663,0.9502839712074806,0.1,1.0,0.2,140,193.4123969081748,16628.57979247572
21,73,0.3466986548798594,0.3953194173073228,0.40749947767492944,0.8234240715912018,0.3493941655029349,0.10369222182524165,0.13624065609424846,1.0,0.1,1.0,0.2,143,193.2427291150396,16609.377902670007
21,74,0.35122476819017556,0.40114836689700895,0.41544957345162326,0.8423343291760768,0.35118921447325113,0.10361975795310222,0.14077407912366913,1.0,0.1,1.0,0.2,145,190.36381701511823,16608.865572983752
21,75,0.3168681023140439,0.365435655479862,0.3776137141648224,0.8079517766797135,0.316906914102688,0.10365728938488775,0.12259953835607851,0.9190709816688525,0.1,1.0,0.2,146,190.59804901245252,16609.098525590147
21,76,0.3479400873427381,0.39648832835231673,0.40866564736191224,0.8373617546196066,0.34793584800176025,0.103624289270049,0.1374890697238061,1.0,0.1,1.0,0.2,147,190.99055220538847,16608.521197993443
21,77,0.31169616262604327,0.36136107767731035,0.37772509321826586,0.8344622702811015,0.3138641380135049,0.10346140141613684,0.11943557942819713,0.9091490618938984,0.1,1.0,0.2,150,198.89502239859704,6174.972572687894
21,78,0.3116954018647251,0.3623882842930411,0.3808631946862223,0.8485499418357015,0.3122671116437402,0.10346140141613688,0.11943557942819716,0.9091490618938985,0.1,1.0,0.2,152,198.4401425639015,6176.903918059269
21,79,0.3559007434291632,0.40240568693658085,0.4145066037902037,0.8687425662637778,0.3567222662992039,0.10337507584799188,0.14547988942618778,1.0,0.1,1.0,0.2,153,198.45213844800853,16834.862013213926
21,80,0.35217297295757505,0.39745375398021027,0.40950887437397754,0.8597377522324279,0.3547951791414281,0.10374472990767596,0.14171825972757407,1.0,0.1,1.0,0.2,155,202.7678024575648,16651.947162771954
21,81,0.35416432122712194,0.4020279654070578,0.41832458359421265,0.8658385126611408,0.3543687982379953,0.1034947097402876,0.14373477299295984,1.0,0.1,1.0,0.2,156,223.5112557459408,6727.698755106413
21,82,0.348599510654898,0.39714341942912357,0.41553795483855677,0.8847928632980462,0.34946890418125764,0.10337724300145253,0.13818332628010144,1.0,0.1,1.0,0.2,159,198.7371232211908,16738.67641047813
21,83,0.3486689736238235,0.39720589342787704,0.41767261406056727,0.9263875404821955,0.34924482797135303,0.10332586626015428,0.13826122662684398,1.0,0.1,1.0,0.2,168,199.8006581935585,16730.73095274435
21,84,0.3489010268730856,0.39875338688200174,0.42134174378980066,0.9466332169118599,0.3488520240353429,0.10329939818956035,0.13849595588446958,1.0,0.1,1.0,0.2,170,200.3991904850386,16732.588184331787
21,85,0.35173742491032023,0.399673563260181,0.4201178165756605,0.9330594197070952,0.35424759744949075,0.10366652266344181,0.14129708279889266,1.0,0.1,1.0,0.2,171,192.43565296898493,16597.151356008228
21,86,0.3549849231446395,0.40485776476095364,0.42951935932267565,0.9915785410171227,0.3565235084937768,0.10341374236653933,0.14457164353838495,1.0,0.1,1.0,0.2,173,202.82406009041304,16734.507535553734
21,87,0.34853618733801406,0.3957888585204579,0.4182800001588956,0.964843440523494,0.3540775981370178,0.10339478247722915,0.13812788056160774,1.0,0.1,1.0,0.2,174,200.8344802146404,16715.705758493372
21,88,0.34712220736868316,0.39959245910091046,0.43264099988618093,1.0456303574316212,0.34732744129418813,0.10357262126645486,0.13669948646579017,1.0,0.1,1.0,0.2,197,199.16979988187703,16726.183809485803
22,0,0.7531317272528012,0.8129425927239388,0.8059640326024073,0.4573706427585803,0.0,0.0,0.0,0.0,0.1,1.0,0.2,1,2500.1678460091107,137538.8960366106
22,1,0.7135207460818567,0.807318252702873,0.8001298908360736,0.45225332090325415,0.023552958786538302,0.0,0.0,0.0,0.1,1.0,0.2,2,2520.6836483148904,129074.19424984942
22,2,1.841710569372346,2.0217192261771557,2.012554548419345,1.6732620834306355,1.266166415470089,0.11821189770561835,1.0,1.0,0.1,1.0,0.2,3,5439.637365378636,101394.94768958417
22,3,1.438837171750246,1.906176581261528,1.8948091585075575,1.572238043123096,1.653845635416677,0.10878006984128079,1.0,1.0,0.1,1.0,0.2,4,2425.856763378388,38177.207727910696
22,4,1.4103688674736587,1.892961603958136,1.8831542135784198,1.5816784244038364,1.2706699383016362,0.11402702981315671,1.0,1.0,0.1,1.0,0.2,5,2203.1827681363143,39428.657704353296
22,5,1.385336409951444,1.880943847962173,1.8705861749306087,1.578381145823238,1.246869941274894,0.14134287548193952,1.0,1.0,0.1,1.0,0.2,7,1624.4177672603007,27111410.080129668
22,6,1.321825167316915,1.8358527864489902,1.8259752681479444,1.5437945664165387,1.3078612227940907,0.11728746520996272,1.0,1.0,0.1,1.0,0.2,9,652.1943085479918,330186.233216655
22,7,1.298175256147364,1.8143006353612996,1.803684013526959,1.5293625445795975,1.3065801985642436,0.09988854679856318,1.0,1.0,0.1,1.0,0.2,10,1384.631011911167,36632.84177037745
22,8,1.2938502211661043,1.8097120252759396,1.7968517415041039,1.5113814401376613,1.2318542067406482,0.09985833621682488,1.0,1.0,0.1,1.0,0.2,11,1316.4591287383832,36441.27272575045
22,9,1.251064544746075,1.736446088058984,1.722864015894249,1.4569616901062907,1.539565461363335,0.11622414257905227,1.0,1.0,0.1,1.0,0.2,12,166.29598259412091,20087.917222065083
22,10,1.2312969504442781,1.6626640423550714,1.6442480776139865,1.3914945792960305,1.3651711884007875,0.11858708560719129,1.0,1.0,0.1,1.0,0.2,14,102.48751416386068,8551.654844493414
22,11,1.2184416365179345,1.5571029236851959,1.534750424926561,1.3042278740341413,1.4428840870936435,0.11816527714078595,1.0,1.0,0.1,1.0,0.2,16,66.74952680801539,7797.652261285045
22,12,1.2154016973082626,1.5027475509041428,1.4804448433189352,1.2645545086223569,1.3333396366818044,0.11682061105140329,1.0,1.0,0.1,1.0,0.2,18,13.659606388163937,950.3795560407988
22,13,1.2149345839462948,1.493788042246601,1.4773685960215606,1.291429359760417,1.2400449078292495,0.11689172222486348,1.0,1.0,0.1,1.0,0.2,20,15.055951860745097,982.2917997546512
22,14,1.2147632479044161,1.4830029136807446,1.4599612592424813,1.258172924327319,1.2417981231040425,0.1174522740339284,1.0,1.0,0.1,1.0,0.2,21,16.00586617599443,7862.056309492285
22,15,1.214615721794372,1.4782781613521043,1.4550602418360505,1.2625337082054513,1.2220919827369017,0.11745406771527978,1.0,1.0,0.1,1.0,0.2,23,16.562454466712026,7976.783467327878
22,16,1.2144504481994707,1.4763686698400724,1.4551538834685904,1.2685044330531754,1.2204200598602022,0.11699299412532324,1.0,1.0,0.1,1.0,0.2,25,22.825801378888865,947.462126375671
22,17,1.2146960048633801,1.4682150392028543,1.4466786509029301,1.264352391649882,1.2465522553302206,0.12166281258448845,1.0,1.0,0.1,1.0,0.2,26,18.540506055764705,1894.7534575389448
22,18,1.2141558668580104,1.4649843995509217,1.443344892817911,1.2836845554823098,1.2141080977055463,0.1169964928154272,1.0,1.0,0.1,1.0,0.2,31,16.65959918867398,937.3932544996298
22,19,1.2141432082288148,1.4647304193934698,1.4430815832593837,1.283831683108354,1.2122198994650828,0.11693326415331724,1.0,1.0,0.1,1.0,0.2,33,38.52355553462109,1599.0901354524872
22,20,1.21412984189052,1.463677813533083,1.4419891746142988,1.2892143738215591,1.216372747395876,0.11707826161822647,1.0,1.0,0.1,1.0,0.2,34,39.827341345938,1544.279803248583
22,21,1.2137128858951953,1.4511715238809613,1.435234892924623,1.3212728659138628,1.2838553703216782,0.11686072612637259,1.0,1.0,0.1,1.0,0.2,35,14.057990147264425,919.9698370299858
22,22,1.2134773886806849,1.435880205211557,1.4131553866106845,1.2806697183112707,1.236453771443218,0.11686356226362424,1.0,1.0,0.1,1.0,0.2,37,13.578961800096073,929.1780365967646
22,23,1.2133006793789265,1.4264552222525337,1.4033787858222981,1.2788052576263789,1.2323186046012577,0.11686608654171796,1.0,1.0,0.1,1.0,0.2,39,12.946986194808206,904.05235967145
22,24,1.2131699391460995,1.4188557076073098,1.3954957477772838,1.2819037419990968,1.2283241750709688,0.11686859410981147,1.0,1.0,0.1,1.0,0.2,41,12.82417290588042,890.5022937604675
22,25,1.2130963323268706,1.4142998467987826,1.390769895800141,1.284430613302443,1.2216638002008255,0.11687139338712257,1.0,1.0,0.1,1.0,0.2,43,13.591817752541266,914.450374949988
22,26,1.212948433388154,1.4040791450087071,1.3822395065992623,1.281111103033724,1.237056385861678,0.11712417461985776,1.0,1.0,0.1,1.0,0.2,45,12.64485824809382,757.1281278342719
22,27,1.2129035072470877,1.4016393483940899,1.379709107622035,1.2928424458451897,1.2170212907403797,0.11701355476991204,1.0,1.0,0.1,1.0,0.2,47,13.796141586118791,765.5312724831808
22,28,1.2129072468869586,1.4018742369959794,1.382024689142708,1.316552898355076,1.2133416129713182,0.11720303447607432,1.0,1.0,0.1,1.0,0.2,50,12.771874293160232,1060.6146026221638
22,29,1.2127752539141683,1.399822167683664,1.38818767299389,1.3572864583576256,1.2223798299972726,0.11684490158976475,1.0,1.0,0.1,1.0,0.2,53,12.214816835804706,873.5539728242906
22,30,1.2127146818111536,1.390913202609975,1.372728614161751,1.3307225014271329,1.2224765623647227,0.11684747022149795,1.0,1.0,0.1,1.0,0.2,55,13.251771533145108,870.607512443121
22,31,1.212700078759253,1.389673510557937,1.371442676068346,1.336776953451428,1.214404277089684,0.116850021965058,1.0,1.0,0.1,1.0,0.2,57,14.797888546845908,879.2366630763472
22,32,1.2126841625550449,1.389586626358592,1.3734250612929804,1.3577403075682926,1.214780610879219,0.11685774257914361,1.0,1.0,0.1,1.0,0.2,59,10.270663862284485,886.2421758195721
22,33,1.2126542880142623,1.3867802118466634,1.3705138563831163,1.3588520034742626,1.2178392336842698,0.11688370242498762,1.0,1.0,0.1,1.0,0.2,61,13.427589039801012,867.363179685452
22,34,1.2126530718415756,1.388000715909859,1.373852480443459,1.3660401211297806,1.21192223658789,0.1168837024249876,1.0,1.0,0.1,1.0,0.2,63,13.38499171516048,870.8048152089939
22,35,1.148238602097706,1.323892764938165,1.313900130824085,1.3464041298306642,1.157806670152138,0.11756914948792241,0.935543968344444,1.0,0.1,1.0,0.2,64,12.11444230931864,8651.537843368207
22,36,1.2125875931156262,1.3797984589972279,1.36119923495706,1.3673076390880223,1.2162868610980908,0.11684363599104693,1.0,1.0,0.1,1.0,0.2,67,106.16996772380362,1560.0159892276267
22,37,1.212506248470608,1.3785689984960396,1.3702867692713263,1.4035990600574746,1.2461094536023118,0.11684399624091461,1.0,1.0,0.1,1.0,0.2,68,18.80137314549324,887.1160042206052
22,38,1.212494728374548,1.3738479965787405,1.361244152149462,1.4030922477091587,1.2139697484293106,0.1169335222072718,1.0,1.0,0.1,1.0,0.2,72,357.4263727283362,1845.5780726210069
22,39,1.2125051475357405,1.3681233406234108,1.3490872090705046,1.3833047715801412,1.219458479495671,0.11720834577903556,1.0,1.0,0.1,1.0,0.2,73,14.996052570501154,2197.5448200732435
22,40,1.2125122412394063,1.3665358670583665,1.3474396554050743,1.392829069045482,1.2135579957850233,0.11743659991594999,1.0,1.0,0.1,1.0,0.2,77,17.11740571596235,9056.981613498934
22,41,1.212304185881701,1.356032340112534,1.3469094405266329,1.4245491115355267,1.2862869153110237,0.1168301549308639,1.0,1.0,0.1,1.0,0.2,78,100.93180402222175,2515.3917662410668
22,42,1.212260909937053,1.3481176720987147,1.3345544380446195,1.4123055388080459,1.234709246608252,0.11680378183586426,1.0,1.0,0.1,1.0,0.2,79,455.1764174416031,2174.791321158987
22,43,1.212217952876601,1.3421958800472835,1.3284117208160426,1.4032226580747882,1.2376410095183008,0.11680730602878009,1.0,1.0,0.1,1.0,0.2,80,2056.142411500268,2697.85361070165
22,44,1.2122084161196647,1.3408469075630847,1.3270123853656002,1.4132563566243141,1.2175716382121677,0.11680668072165076,1.0,1.0,0.1,1.0,0.2,81,453.2021915761181,2221.9857724580093
22,45,1.2121896324112273,1.3393406590016956,1.325450296577302,1.41940555857077,1.214961155423246,0.1167231270227044,1.0,1.0,0.1,1.0,0.2,83,445.8555246469842,2316.934273389244
22,46,1.212195313903683,1.3424576405133015,1.3349008290688507,1.4541828740279075,1.2155028910833463,0.1168397801153593,1.0,1.0,0.1,1.0,0.2,84,452.16401874171015,2186.548869546656
22,47,1.2382655763376333,1.3584708213753804,1.3443195678365425,1.4354646921789422,1.251187513020532,0.37794763147805577,1.0,1.0,0.1,1.0,0.2,86,39.03140102599493,107364.76279322532
22,48,1.256476644921472,1.3762850330548002,1.3662634236246214,1.4801607993827257,1.259387966068221,0.5602526105262315,1.0,1.0,0.1,1.0,0.2,90,42.99666987917527,110282.9942160317
22,49,1.2564760284693208,1.3775133143832754,1.3696100746467441,1.508387213806042,1.2562422191097242,0.5602526105262315,1.0,1.0,0.1,1.0,0.2,92,42.80875887133131,110269.40645669926
22,50,1.2120472305803074,1.3176545544568248,1.3071000426441177,1.4498972822634142,1.2738117017904056,0.11678742805014983,1.0,1.0,0.1,1.0,0.2,93,470.5542128021673,2675.343815472009
22,51,1.1395767515782131,1.2446145868632643,1.2340387490783835,1.3977761844617633,1.1398529335586927,0.11672839643995561,0.9275385772302449,1.0,0.1,1.0,0.2,97,466.23965256043886,2695.604714105273
22,52,1.2120365758995109,1.316476257677896,1.307950268237026,1.4784486718827443,1.2201003441866236,0.11681456164035149,1.0,1.0,0.1,1.0,0.2,98,459.9899365915907,2610.415807899258
22,53,1.2120357388295189,1.3163198471990942,1.307788027840846,1.4860102286028074,1.2120240144542351,0.11681441629211316,1.0,1.0,0.1,1.0,0.2,100,469.088542914978,2626.000610745222
22,54,1.212034126138027,1.3160093802318626,1.3074659672076652,1.5049868314226336,1.2120213929039336,0.11681457674305795,1.0,1.0,0.1,1.0,0.2,104,467.9131539701705,2621.3108244962705
22,55,1.211984709663308,1.3063980032567701,1.297496095535643,1.5040747524087599,1.232726341544437,0.11680026136431496,1.0,1.0,0.1,1.0,0.2,106,601.6606344316075,1490.2405712856662
22,56,1.2119729205352459,1.3081223231595596,1.3034301921303517,1.5206803977853254,1.2136945472595715,0.11672608303674595,1.0,1.0,0.1,1.0,0.2,108,1873.798415004,1471.803568347665
22,57,1.2119681940046294,1.3072125285930591,1.3024864793833206,1.5373624135394623,1.2136632976387336,0.11672146176013849,1.0,1.0,0.1,1.0,0.2,110,2330.405960342921,1474.5506107110336
22,58,1.2119667876800206,1.3082373078180953,1.3056220504752494,1.5599464106940872,1.212334116870166,0.11672149180719289,1.0,1.0,0.1,1.0,0.2,112,2292.0560288225406,1481.2511385565692
22,59,1.2119498875298935,1.3032080834736148,1.296260273308374,1.5413677810032602,1.222042414469042,0.11666147061750902,1.0,1.0,0.1,1.0,0.2,113,2130.1474935177466,1410.008137660593
22,60,1.2119485515617572,1.3042405964526351,1.299403889009937,1.5548252032040737,1.212310630694519,0.11666147061750902,1.0,1.0,0.1,1.0,0.2,115,2128.206850527782,1413.519734919729
22,61,1.2119392770819293,1.3034418314608134,1.3006479023844992,1.569029220876956,1.213220024449189,0.11666415064207485,1.0,1.0,0.1,1.0,0.2,121,2134.2486880871984,1469.731411312221
22,62,1.2119243570367857,1.2972718655977689,1.292174929972933,1.5627308434568898,1.2329083474465419,0.11672488977986387,1.0,1.0,0.1,1.0,0.2,122,2117.6294015084,1454.5427862898553
22,63,1.2119028101832867,1.2948917829426119,1.2897065079004466,1.5685541556010214,1.2151170900267831,0.1166082663994642,1.0,1.0,0.1,1.0,0.2,125,2124.6702178517494,1459.5736802471436
22,64,1.2119092185065181,1.3015121441514361,1.3069364713494542,1.6518507175729036,1.2118241742368208,0.11667676899981254,1.0,1.0,0.1,1.0,0.2,128,1783.2231061942914,1484.0819097153824
22,65,1.211902423913805,1.2983464770740325,1.2995077596663291,1.6385866817182486,1.2125864685534689,0.1166261752026371,1.0,1.0,0.1,1.0,0.2,130,1567.640987969355,1460.8018393293253
22,66,1.2118996356520217,1.2977718981643829,1.29891174262863,1.6079332816417078,1.2141769098203603,0.11662179017229697,1.0,1.0,0.1,1.0,0.2,131,34.235118294513235,1496.8817498458538
22,67,1.2118861533163083,1.2914898085824351,1.286177721909923,1.6133333352247,1.2217190698549625,0.11657962779357374,1.0,1.0,0.1,1.0,0.2,132,2241.4615631072534,1431.8637131023174
22,68,1.2118850235776986,1.291755825279158,1.2885261150815335,1.631010872320514,1.2132137058255617,0.11661051200410724,1.0,1.0,0.1,1.0,0.2,135,2322.446252845751,1446.3749482793496
23,0,0.9260772088402741,0.8399379665878152,0.8339665637802006,0.48358824029367836,0.0,0.0,0.0,0.0,0.1,1.0,0.2,1,12748.669804114415,164312.46491930238
23,1,0.6781185423613374,0.8022951114905409,0.7949193875497005,0.4477395422192069,0.1358540951562218,0.0,0.0,0.0,0.1,1.0,0.2,2,7420.891384263719,134092.06007344238
23,2,1.6727333959082944,1.9744395737707594,1.9639001564804515,1.6295089194436627,1.3599440158218508,0.01390625323861241,1.0,1.0,0.1,1.0,0.2,3,10882.071232837783,165493.05126384654
23,3,1.5250744243464687,1.9172568834154,1.9065789380735487,1.5868933920016293,1.1965056659415687,0.010633880456905189,1.0,0.734291360534523,0.1,1.0,0.2,5,11674.511147024648,162630.20131611716
23,4,1.5231195591679272,1.9294308383220937,1.919284912302477,1.5937205115582322,1.2706604821751268,0.013906253238612401,1.0,1.0,0.1,1.0,0.2,6,5999.591273557884,140060.3801607375
23,5,1.4259898062806813,1.8951648497721691,1.8836437662771812,1.5725152109166622,1.2848200711405844,0.039851475920113136,1.0,1.0,0.1,1.0,0.2,8,5562.65160808951,134158.50624577366
23,6,1.2927268619887984,1.7682756726276827,1.7565505389646854,1.4475981270904386,1.1064532638468787,0.01024736518329783,1.0,0.40770702934366376,0.1,1.0,0.2,9,6897.245614271218,157469.63287128275
23,7,1.357245898213068,1.8597879551275185,1.849014653442081,1.573020426513477,1.342041713771069,0.04119732292179511,1.0,1.0,0.1,1.0,0.2,10,4000.736661268118,113048.09586424576
23,8,1.298627525255073,1.8120391653880648,1.7994862072842694,1.5271319369116008,1.3090357694100347,0.040757156184035484,1.0,1.0,0.1,1.0,0.2,12,2599.132731250264,87479.02294701026
23,9,1.2577230242852988,1.7579619186357804,1.7454637674066065,1.4931222146379428,1.3273732251515769,0.04083677961744467,1.0,1.0,0.1,1.0,0.2,14,1774.1678841441562,49043.6452230868
23,10,1.2312344542886715,1.6908290768849874,1.6716813955066625,1.42544050334277,1.3518462915495804,0.04082164773229456,1.0,1.0,0.1,1.0,0.2,16,1135.4868243703595,19076.084771728227
23,11,1.1298761129494928,1.5404053417539065,1.5210483453538193,1.2877492090458547,1.2423775751463109,0.038264692564203576,1.0,0.554993062788933,0.1,1.0,0.2,18,645.2278537339995,53850.188991292125
23,12,1.1047316032132486,1.4868696040266431,1.4662945993308272,1.2487518586139896,1.165442748689256,0.03693906014909301,1.0,0.451212672059071,0.1,1.0,0.2,20,405.291447751228,55132.209952636455
23,13,1.213896543064479,1.5864548760896022,1.5716827198274392,1.3689937353799084,1.2708583360280394,0.046460373005241216,1.0,1.0,0.1,1.0,0.2,21,412.5492253966384,17963.6276944686
23,14,1.1029122067736512,1.4689013740193937,1.4497239428397246,1.2551259352058945,1.0972254608140255,0.036903614271250426,1.0,0.45186233398336284,0.1,1.0,0.2,27,367.8439146936231,55072.35577970455
23,15,1.2121677324189408,1.568683118414871,1.549119061372938,1.3974349745975607,1.2268393062434213,0.04207535564534931,1.0,1.0,0.1,1.0,0.2,29,138.67462373535963,92438.44939749889
23,16,1.2124872025680156,1.5623323635069215,1.5404296974905385,1.3693521603395056,1.23045091772636,0.04988127851895011,1.0,1.0,0.1,1.0,0.2,30,240.9396143211508,26392.70083655633
23,17,1.2071564023624486,1.4746203523744803,1.4536197319991724,1.3214851708306297,1.5965754061094881,0.042072284985634215,1.0,1.0,0.1,1.0,0.2,31,134.18184411073452,56503.20654556168
23,18,1.2071375940426363,1.4727484699250954,1.4516764632883619,1.3264526409436785,1.2085174851292553,0.04248877360630924,1.0,1.0,0.1,1.0,0.2,33,126.39364585985128,65598.31106390592
23,19,1.2063908557413079,1.4396652036802666,1.4173545545391564,1.2999400667364414,1.3496282031952398,0.04368417363749319,1.0,1.0,0.1,1.0,0.2,34,83.42815693876389,50201.65597539825
23,20,1.2062258583839556,1.4323626554317581,1.4118508454881344,1.3127756316363342,1.2253070024551067,0.04403759412944313,1.0,1.0,0.1,1.0,0.2,36,71.30140915250836,49545.10109796942
23,21,1.2061479302589928,1.4269996057244803,1.404215436426925,1.315139436275408,1.2096244581868818,0.0439616698233293,1.0,1.0,0.1,1.0,0.2,39,75.07293406571121,55430.39097954886
23,22,1.2059986567766792,1.4198442381213023,1.3988657004630245,1.3285059529387686,1.222036103945126,0.0439616698233293,1.0,1.0,0.1,1.0,0.2,41,69.47696703107768,55314.92319888247
23,23,1.2059026480987638,1.4154628130239408,1.3943215510589153,1.3357143486197085,1.2139384585977797,0.04376167443114602,1.0,1.0,0.1,1.0,0.2,43,65.64513615835756,55229.427179681705
23,24,1.205905886931259,1.4168067463977265,1.397788033529969,1.3434152128013073,1.2046329592120795,0.043803858593437286,1.0,1.0,0.1,1.0,0.2,44,55.09390736327356,62083.381038873056
23,25,1.2058818569996517,1.4144321437286942,1.395324315834363,1.3405075231463848,1.2145579605457117,0.0439538845399691,1.0,1.0,0.1,1.0,0.2,45,62.670867522644144,55018.83794068295
23,26,1.2052901110828105,1.3777255094463525,1.3593233755753236,1.3104808825724663,1.3705952526125866,0.04328423061067157,1.0,1.0,0.1,1.0,0.2,46,41.02893842138161,88876.04015347082
23,27,1.2052275097409864,1.3737304595986546,1.355179980557377,1.3216787960566123,1.2130146073994947,0.04310067179722315,1.0,1.0,0.1,1.0,0.2,48,39.13156155861889,88863.33297582746
23,28,1.2051982067737554,1.3695878507853296,1.3488102162724829,1.3184235208760906,1.2166367348683167,0.04311039483537469,1.0,1.0,0.1,1.0,0.2,49,38.6639543153584,90493.15261057374
23,29,1.2051418893879142,1.3656415782920892,1.346789344330518,1.3215605278184717,1.2274305510545243,0.043092582176024366,1.0,1.0,0.1,1.0,0.2,50,39.15578404313672,88666.33621844916
23,30,1.205117091850853,1.3628033691269812,1.343845151215356,1.3333414890269069,1.2084654303105675,0.04312667353955087,1.0,1.0,0.1,1.0,0.2,53,37.89640201543912,89996.66570001787
23,31,1.2050968205511796,1.3611507318268368,1.342131010941299,1.3282555201732278,1.21148572316625,0.04308283707373486,1.0,1.0,0.1,1.0,0.2,54,37.31326904607836,89622.64060517715
23,32,1.2051381527727034,1.361527516591623,1.350808856667995,1.4244511594837257,1.2054962951383614,0.04396702057971892,1.0,1.0,0.1,1.0,0.2,74,34.1444671296535,60847.99464523109
23,33,1.204974044766065,1.3653964813260875,1.3631181760309636,1.6566578096051496,1.2043853019348254,0.04244294057316911,1.0,1.0,0.1,1.0,0.2,114,43.177236512526974,57838.45142126394
23,34,1.2049739953715315,1.3667183328774555,1.3665618872024292,1.6832012084725128,1.2042562541982262,0.0424429405731691,1.0,1.0,0.1,1.0,0.2,116,43.15942369562232,57837.48985627723
23,35,1.2049667171423863,1.3660269707950043,1.3658447797392879,1.678596997378164,1.2057599377001507,0.04243245281592546,1.0,1.0,0.1,1.0,0.2,118,45.01808622907095,58188.41454058051
23,36,1.2049617627083147,1.36414313081402,1.361818081210769,1.6752457251092914,1.2066712849751753,0.04243245281592546,1.0,1.0,0.1,1.0,0.2,119,45.643673680672094,58233.476238076975
23,37,1.2049684021013831,1.3637231747334602,1.361382074222214,1.6788107405465973,1.2061385260688628,0.042537122263396746,1.0,1.0,0.1,1.0,0.2,120,44.42287334058779,58120.90486916999
23,38,1.204952119231754,1.3623023035230344,1.3599083395750757,1.6814763245442534,1.2104608055470878,0.042499235603645755,1.0,1.0,0.1,1.0,0.2,121,42.314042089672405,57709.73807727235
23,39,1.2049313023660597,1.3621993295458064,1.361874389923158,1.688070038957019,1.2104652708239751,0.042414514575992414,1.0,1.0,0.1,1.0,0.2,122,43.47749976215056,58402.341238634806
23,40,1.204925005472241,1.3614988240990122,1.361147771350994,1.695329022039646,1.2057775455843476,0.042411834320810735,1.0,1.0,0.1,1.0,0.2,124,41.59329990370966,58152.61490223132
23,41,1.2049161509541229,1.347781877545837,1.3406987098957248,1.6856917747049776,1.2473350144667643,0.04312437074301504,1.0,1.0,0.1,1.0,0.2,125,32.59431387000228,61049.20694097477
23,42,1.2048614349595288,1.340524860401455,1.3331709666479294,1.6871154389438485,1.2201750977163015,0.04311932488319361,1.0,1.0,0.1,1.0,0.2,127,29.28242932098928,60764.80482814358
23,43,1.2048566696552814,1.3400201678737131,1.334719707886617,1.712454424826171,1.2070102849604452,0.0432033693606793,1.0,1.0,0.1,1.0,0.2,130,26.993914594653887,58651.493344399736
23,44,1.2048332754728754,1.337698544744791,1.3343839949183647,1.7403869079372918,1.2083136144252453,0.0432229332913642,1.0,1.0,0.1,1.0,0.2,134,29.865883987966992,60911.52673395808
23,45,1.2048651825517434,1.3370374397256077,1.3336968530209286,1.7601455702238173,1.2051241568942879,0.0435895482923918,1.0,1.0,0.1,1.0,0.2,138,31.159533808424587,61341.53436921073
23,46,1.2048286910450725,1.3358231885264915,1.3324383811164224,1.7671859777414816,1.206926386793748,0.04330453039101573,1.0,1.0,0.1,1.0,0.2,140,29.825805383310072,61096.86602568275
23,47,1.2048269008047237,1.3368824358549098,1.3356096919013822,1.782260257624396,1.204916449524302,0.04330453039101572,1.0,1.0,0.1,1.0,0.2,142,29.90187208706837,61109.507992611456
23,48,1.204737456735555,1.3315868850737667,1.323901888222517,1.7627704269008715,1.205328673597078,0.04249194068485931,1.0,1.0,0.1,1.0,0.2,147,33.9776661059646,57789.86303805205
23,49,1.2047286745756502,1.3315115919423324,1.3258963547965155,1.777289547331469,1.2062982586288868,0.04249607753755732,1.0,1.0,0.1,1.0,0.2,150,33.700898664350426,57712.47406690783
23,50,1.204735875179041,1.330632779985266,1.3312010522324331,1.8288577637194459,1.2258505750159476,0.04288067527168604,1.0,1.0,0.1,1.0,0.2,151,26.43464361773976,59350.134944403646
23,51,1.2047689544497129,1.3281995803583895,1.3286752637323824,1.8225411182399298,1.2150993725106822,0.043361800837304745,1.0,1.0,0.1,1.0,0.2,152,24.10785628316129,60429.53136499429
23,52,1.204723495322387,1.3221585289831612,1.3182646615786988,1.8442397665629946,1.208034949161349,0.043109244152978524,1.0,1.0,0.1,1.0,0.2,156,22.78961804086207,58921.38570945642
23,53,1.2046090645746461,1.3011053239581973,1.2984985441851862,1.8282867730712455,1.3021790866336846,0.04313368923428716,1.0,1.0,0.1,1.0,0.2,157,27.352644304984786,61284.93719329966
23,54,1.2045351491929879,1.2967280008684354,1.2939599398188222,1.8243357455075981,1.2105710790473982,0.04259192664263078,1.0,1.0,0.1,1.0,0.2,160,23.843312711760767,60711.97780873102
23,55,1.2045707024618508,1.2935696976550457,1.2906819389560147,1.8418409972628103,1.2113344172457834,0.04308849352265834,1.0,1.0,0.1,1.0,0.2,162,27.01637793934752,61113.10040220845
23,56,1.204596846964631,1.2940928046203144,1.293296020023072,1.8572576392553695,1.2061651173068473,0.04338586051372636,1.0,1.0,0.1,1.0,0.2,164,23.87945790049432,61176.82237186219
23,57,1.204572378868843,1.2879622765604422,1.2848643771185673,1.8529355620878254,1.2148534783329947,0.04334234156037383,1.0,1.0,0.1,1.0,0.2,166,22.736603693836965,60539.49603746215
23,58,1.2045763616525345,1.2883353741698367,1.2873236703511548,1.8811085660426656,1.205405004309819,0.043421648566100576,1.0,1.0,0.1,1.0,0.2,170,22.484709983665244,60763.23615171985
23,59,1.2045699890628188,1.284632872973711,1.2834827253359096,1.8777678549978247,1.2205766473233997,0.043505128766882326,1.0,1.0,0.1,1.0,0.2,171,24.15999099457995,60805.89096653374
23,60,1.2045503262531325,1.2838843248533698,1.2827068860127515,1.881233558078313,1.2075188757340032,0.04333675798050294,1.0,1.0,0.1,1.0,0.2,172,24.524915485903083,59881.99569424473
23,61,1.2045667888808074,1.2864574923234806,1.2895205908448406,1.9184325701347558,1.2044917092017224,0.0435051288004858,1.0,1.0,0.1,1.0,0.2,175,23.49676605087614,60761.88711828523
23,62,1.2045560246459257,1.282331368973647,1.279023178496934,1.9008935621354313,1.2049244209073908,0.04340264139797191,1.0,1.0,0.1,1.0,0.2,176,22.689986063693205,59414.30701395139
23,63,1.204555429437146,1.2836375152029873,1.282450623298279,1.9179582191916025,1.2043853664184823,0.04339748789018391,1.0,1.0,0.1,1.0,0.2,178,22.60417681400688,59431.67249040237
23,64,1.2045418291119194,1.28073452093216,1.2794394392144983,1.9194500882670356,1.2170414282851194,0.04337188388327095,1.0,1.0,0.1,1.0,0.2,179,21.13492550160656,59240.63457038511
23,65,1.204522379537939,1.2750721727132643,1.273565807201424,1.9225639362905584,1.2167417184594445,0.04338390569614223,1.0,1.0,0.1,1.0,0.2,181,20.321987175153208,59306.56003568616
23,66,1.20452689874907,1.2728463162591999,1.2733288429853513,1.9944979484570033,1.2054019093154982,0.04355384003676769,1.0,1.0,0.1,1.0,0.2,196,19.47057857550021,59328.76047866561
23,67,1.204542377084551,1.2716032052565174,1.2720386079519026,2.016853308612446,1.2098471361940988,0.04375106450736801,1.0,1.0,0.1,1.0,0.2,197,18.095086425826,59447.40341906544
23,68,1.2045142745159152,1.2727455178223306,1.2752971887123852,2.0331245958989625,1.2047001679220284,0.04347548190850266,1.0,1.0,0.1,1.0,0.2,199,21.15239063511364,60044.61123336092
24,0,0.4994957859006248,0.7718740142974491,0.7633633768423116,0.4203185216945202,0.0,0.0,0.0,0.0,0.1,1.0,0.2,1,22276.256776514023,116719.0209148599
24,1,1.2341866637499392,1.769321239880699,1.7687612228296237,1.4018091465632108,0.8071453258549031,0.11223944247208059,0.5731085518072523,1.0,0.1,1.0,0.2,3,13298.545545307989,61967.367141078284
24,2,1.3942246189322152,1.8913010333462614,1.8792621793596889,1.559281858713616,1.6126033856516848,0.14000185109912197,1.0,1.0,0.1,1.0,0.2,4,4678.068479044784,35270.91763642866
24,3,0.955602614908917,1.4677989032648515,1.4548881376549414,1.141748077045582,1.1906908802471605,0.11225325064774197,0.6582012788098757,1.0,0.1,1.0,0.2,5,4423.783739396671,33952.73502012139
24,4,1.0270060506405672,1.5391646731925717,1.5262284331562104,1.2164470967249996,0.9431067307395908,0.1122630036220605,0.7302478803629914,1.0,0.1,1.0,0.2,7,4235.939743613789,30368.92401380453
24,5,1.242265329812444,1.7096472137589396,1.6930310621988927,1.4023852284589788,1.642371672161734,0.10597235067431343,1.0,1.0,0.1,1.0,0.2,8,951.5516957042232,37201.88527584983
24,6,1.24180473265858,1.7081961594215829,1.6915259006745103,1.4073315563913138,1.2137755359028781,0.10597369823302587,1.0,1.0,0.1,1.0,0.2,10,953.0626555657173,36411.01378851864
24,7,1.2386105070036757,1.6975180686695488,1.6804495561666817,1.4001953218131316,1.257347871842169,0.10593413640884512,1.0,1.0,0.1,1.0,0.2,11,968.7256374221796,74894.52640093406
24,8,1.238555804269741,1.6973244471693636,1.6802487444384506,1.4068270393585713,1.2114403809747394,0.10593413640884511,1.0,1.0,0.1,1.0,0.2,12,952.559411611136,74866.60632852133
24,9,1.2336775758156509,1.678851468002106,1.6610920508954714,1.3901701329939955,1.2907413508362273,0.1044650693319239,1.0,1.0,0.1,1.0,0.2,13,985.6057771714512,28200612.32056687
24,10,1.2347651896098855,1.6754963122363924,1.6636989828441286,1.4020606739017518,1.261388960187785,0.13946524432189503,1.0,1.0,0.1,1.0,0.2,14,938.3113257840456,17002.833556975802
24,11,1.23004160168618,1.6486683156041613,1.635859652881835,1.3858111756244966,1.2735924592966972,0.1422586187858586,1.0,1.0,0.1,1.0,0.2,16,970.467752606491,14953.629557120325
24,12,1.1377521583968133,1.5507366170030161,1.537678719395054,1.3019521768805051,1.13762533940816,0.14173032093245286,0.9088022071250998,1.0,0.1,1.0,0.2,18,775.2939663338667,17359.276458560642
24,13,1.1159043844985839,1.5229768053022286,1.5096567709298585,1.2855641805346478,1.1360427477735753,0.14361082613974382,0.8878811850967008,1.0,0.1,1.0,0.2,19,597.5846538563949,15396.979922497943
24,14,1.2164844123089014,1.621076644235068,1.6076535279435482,1.3816908388802156,1.212154898224607,0.14490268263745448,0.9886160890943356,1.0,0.1,1.0,0.2,20,874.2439598203458,18625.6424016635
24,15,1.0866045086119618,1.473502098546134,1.461390345994335,1.245802712641021,1.1732290423574179,0.14348707167688896,0.8615870030015034,1.0,0.1,1.0,0.2,21,550.1673926328654,13509.5268374221
24,16,0.8734620743334054,1.2308805575807609,1.2175579432354457,1.0151074439903287,0.9357964357555766,0.1398671936606675,0.651783841151827,1.0,0.1,1.0,0.2,23,581.3315829116921,11120.978861080494
24,17,0.8186731796028854,1.1749788353549977,1.161610948066979,0.959358930589933,0.8167305570211292,0.13951663336795236,0.5971311574575415,1.0,0.1,1.0,0.2,24,398.2731130022588,8605.61000164063
24,18,0.8683234316912214,1.2146381819027359,1.20293688936144,1.0182063448815322,0.9147707522333028,0.13941082759570206,0.6476823698533649,1.0,0.1,1.0,0.2,25,641.1398002883574,7998.660270888927
24,19,0.8296770720272293,1.143817648953767,1.130841238889129,0.9577238720301728,0.9002742225876834,0.14381500547373777,0.6106014468482142,1.0,0.1,1.0,0.2,27,313.9640375952553,3930.814369987598
24,20,0.7678125108009863,1.0318423124527494,1.0169221792226015,0.8509190825371831,0.8799600112399697,0.14074413521003518,0.551035365849305,1.0,0.1,1.0,0.2,29,136.16697313999413,6688.162426852962
24,21,0.8192159518227082,1.066523498681363,1.0509629951700716,0.8941484481390227,0.8534853194458494,0.1439492496737657,0.6025612752349805,1.0,0.1,1.0,0.2,31,174.8469617263108,11957.6525325492
24,22,0.8145777361607422,1.0471239978685976,1.031000004258161,0.8866096518656763,0.8457129785560258,0.14412515971809395,0.5982471060047064,1.0,0.1,1.0,0.2,33,151.65621303380104,11618.708311716951
24,23,0.7720739461885766,1.0031053024473182,0.9910667863217621,0.8707182054148659,0.7728786813523858,0.1390710671825334,0.5563352073659196,1.0,0.1,1.0,0.2,40,126.8656073724914,8333.22142737173
24,24,0.7503421193359296,0.9375439919566173,0.9321311809870367,0.833292696380123,0.7931259009546763,0.13789270598243325,0.5355114026469746,1.0,0.1,1.0,0.2,45,41.95551504657604,8093.287206109139
24,25,0.7566445971303501,0.9300930207330667,0.9241611890492272,0.8387714420863381,0.7862809075506811,0.1382617780989102,0.5419350669737123,1.0,0.1,1.0,0.2,47,45.95521560100462,8968.95617713164
24,26,0.7636456705928347,0.9210973989085782,0.9145629782757334,0.836197348975072,0.8331307920596627,0.14000035279959555,0.5489187651315184,1.0,0.1,1.0,0.2,48,43.78999369122927,9583.96266884804
24,27,0.6537863671470866,0.8033450733930845,0.7965136088552618,0.729770191730555,0.6705726080447507,0.13970369330055443,0.43915799988253423,1.0,0.1,1.0,0.2,50,54.82742135081978,9664.337004134197
24,28,0.6523540640328577,0.7946012470601271,0.7874948198236527,0.7302244520403012,0.6678887755921801,0.13959958730857655,0.4377950822514257,1.0,0.1,1.0,0.2,52,50.60210853965305,10319.837293727114
24,29,0.6469030105305849,0.784661048780082,0.7753136646435397,0.6900018156672576,0.6602805681783908,0.13948039031184162,0.43238012894168587,1.0,0.1,1.0,0.2,53,37.50479737580054,10391.81134558697
24,30,0.6490638194851506,0.7832460818991043,0.7758365365401354,0.7272726549364337,0.6701590292345978,0.13976371532858034,0.4345485996561053,1.0,0.1,1.0,0.2,54,39.42222388390728,10050.043067108609
24,31,0.64643512966322,0.77583292987378,0.7682436483727173,0.7279400902197954,0.656481330723516,0.13933866756618346,0.431995846727839,1.0,0.1,1.0,0.2,56,43.27201179177105,10401.31001599243
24,32,0.6471041584484889,0.7744937325199064,0.7647568049062876,0.7025294825206863,0.6481048207631319,0.13915951375845842,0.43268741822486234,1.0,0.1,1.0,0.2,58,48.15304532479876,10558.230505021513
24,33,0.6432457410574703,0.7695015634410034,0.759722019236859,0.6978451633122553,0.647758210717714,0.13948970306287276,0.4288036249084498,1.0,0.1,1.0,0.2,59,34.269741445733054,10138.61975926462
24,34,0.6588214879074858,0.7820384324202565,0.7762892729665232,0.7672847045384534,0.6709590816420646,0.14026435746912186,0.44433905838485055,1.0,0.1,1.0,0.2,61,46.62030373151017,10223.57267061749
24,35,0.6498931938749395,0.7738318868343563,0.770182121062098,0.7617259033699939,0.6523639872743622,0.1400193212290976,0.4354394421811584,1.0,0.1,1.0,0.2,62,35.77001520109023,9901.356718996814
24,36,0.6530082772334446,0.7727503845394659,0.7710153965489575,0.771106725353284,0.6645893185687071,0.13953582841378015,0.4386361088150431,1.0,0.1,1.0,0.2,64,60.2687613155892,10316.246252909776
24,37,0.6494754279758781,0.762212406722452,0.7602145712326269,0.7617034764094819,0.6645952267010675,0.1395877794580907,0.4351383686115244,1.0,0.1,1.0,0.2,66,51.36107286829843,10353.695068803914
24,38,0.6494618503207024,0.7596785979983778,0.7575862162586231,0.7668625205559094,0.660055605717647,0.1395877794580907,0.4351383686115245,1.0,0.1,1.0,0.2,67,49.84806817101482,10317.242600707685
24,39,0.636849699005102,0.7427065267659576,0.7342336885692988,0.7655917846646907,0.6370417790566099,0.1390115098887434,0.4225858764798523,1.0,0.1,1.0,0.2,70,96.2310754001042,7510.395842924598
24,40,0.6370549739968641,0.7399260573539175,0.7292689336627798,0.7646034352014495,0.6440038965806865,0.13907068932132882,0.42279406030984246,1.0,0.1,1.0,0.2,71,96.75772670983903,7568.902917774064
24,41,0.6373535527994829,0.7402470354732562,0.73166306082426,0.7710338506895589,0.6427548083719297,0.1389426236023867,0.4231122904705167,1.0,0.1,1.0,0.2,72,98.1754303072758,7796.6748416223745
24,42,0.6406724570460647,0.7422909966033073,0.7315868836987263,0.7786924249393883,0.6407040581537097,0.1393379532069695,0.426392109132751,1.0,0.1,1.0,0.2,73,89.78860765958066,7805.369895770367
24,43,0.636032431501859,0.7300505765207528,0.7211338335000179,0.769324897394406,0.6744287558206128,0.13926508083149455,0.4218031369124139,1.0,0.1,1.0,0.2,74,90.972829992434,7511.103756781678
24,44,0.636030524444775,0.7296450245417025,0.7207131683829342,0.7774791185304741,0.6374963302795428,0.13926508083149453,0.42180313691241234,1.0,0.1,1.0,0.2,75,90.551106634075,7506.049325564641
24,45,0.6363564919695899,0.7255350566817242,0.7164369360915637,0.7728877179527887,0.655593913728443,0.139086968162471,0.4221674748442024,1.0,0.1,1.0,0.2,76,94.74552334851262,7564.796985384265
24,46,0.6356285137947493,0.7199492044001499,0.7085967188631983,0.7772740145720565,0.640541482864911,0.1390162298727476,0.42146228727366414,1.0,0.1,1.0,0.2,79,86.91470734898219,8044.545022140384
24,47,0.6359371404108942,0.7213837409846813,0.7121457860298053,0.7895155329724706,0.6361166751246221,0.1389726798315206,0.4217761488317451,1.0,0.1,1.0,0.2,81,88.3104864789529,8276.595956198538
24,48,0.6359370387837785,0.7226876886232716,0.7155709856230335,0.813455706504935,0.6357245908187616,0.13897267983152065,0.4217761488317461,1.0,0.1,1.0,0.2,83,87.64438005319715,8266.053489627566
24,49,0.6600889106920576,0.7450196644698366,0.7399071261148076,0.8311493871467737,0.6736829382803848,0.14050340442908882,0.44578846149499274,1.0,0.1,1.0,0.2,84,93.22358639148833,8685.057697149165
24,50,0.6396132473111833,0.7230360347882643,0.7178670092446329,0.8208295745864707,0.6415834351860796,0.13897302784194718,0.4254721678325777,1.0,0.1,1.0,0.2,87,74.29773462350042,7521.300261907235
24,51,0.6576492823493407,0.7414410572001369,0.7383582309697627,0.8548072900193788,0.6616387428167694,0.14048053291158066,0.4433614348550252,1.0,0.1,1.0,0.2,88,83.40959215299104,8732.338699501883
24,52,0.6342383044108536,0.7132622129021691,0.7100007822082544,0.8186729114443589,0.6549621519412014,0.13877639776245906,0.42014003237121,1.0,0.1,1.0,0.2,89,66.66566074954318,7626.932057517879
24,53,0.659461647358347,0.7380211150574167,0.7368146695417725,0.8670309017273237,0.6671289474064029,0.14048980666919145,0.44519900933016804,1.0,0.1,1.0,0.2,90,84.72542602472659,8496.962177744896
24,54,0.6548006567984541,0.7311474969511731,0.7277858063477158,0.873733969427877,0.6565415198429441,0.14045729907400395,0.44054467650899215,1.0,0.1,1.0,0.2,92,73.44248456703075,8519.502173157425
24,55,0.653903063247018,0.7276020087188431,0.7220687850062149,0.8511030789487626,0.6594918012668329,0.14035400800402137,0.4396624154823255,1.0,0.1,1.0,0.2,93,77.37070486474974,8565.632420167105
24,56,0.6549644636127384,0.7279142526245794,0.7244253674740135,0.8623810971266226,0.6638963036912018,0.1403379496559582,0.44073317136354984,1.0,0.1,1.0,0.2,94,76.64191516298904,8553.91964869091
24,57,0.6538222120329321,0.7243215476499132,0.7186685017422063,0.8521693658579306,0.6585663002077948,0.14035796768481557,0.4395930424200385,1.0,0.1,1.0,0.2,95,73.46665250155688,8781.645938572856
24,58,0.653551201046684,0.7237320194403498,0.7180670402639393,0.8636972138304702,0.6547591870341329,0.140199431829983,0.43933904580421357,1.0,0.1,1.0,0.2,96,87.64377335382152,8835.537216349216
24,59,0.653551201046684,0.7237320194403498,0.7180670402639393,0.8636972138304702,0.653359015757631,0.140199431829983,0.43933904580421357,1.0,0.1,1.0,0.2,98,87.64377335382152,8835.537216349216
24,60,0.6555575990561786,0.7243907740244722,0.71867536081259,0.8725476284198261,0.6612938090903433,0.14049075343731282,0.4413211832675986,1.0,0.1,1.0,0.2,99,84.4026836063253,8853.774392870913
24,61,0.6533619951620819,0.7204225493238923,0.7146407784123847,0.8727830454193188,0.6609733912486128,0.1401889733460021,0.4391620644890423,1.0,0.1,1.0,0.2,100,75.78313390608365,8746.806401348107
24,62,0.5820676209838087,0.648728123100383,0.6429313610075589,0.8300895069742567,0.5823277293206834,0.1404968499264359,0.3678383114209488,1.0,0.1,1.0,0.2,104,86.99717592395218,8873.243752911332
24,63,0.6535056103738106,0.7188482500785593,0.7130021627740166,0.8945839617230156,0.6552611079139756,0.1402594217927589,0.43930464036271066,1.0,0.1,1.0,0.2,107,75.99544324194082,8803.471625517253
24,64,0.6531613396148849,0.7203720640283551,0.7187406939709291,0.9237029463881212,0.6538535136568349,0.14012577236775653,0.4389764502790607,1.0,0.1,1.0,0.2,111,83.14768886205958,8839.482797182074
24,65,0.5807950292194154,0.6426898495915438,0.634642254304562,0.8652493251897773,0.5820929446913914,0.1397325961074402,0.3666540130511904,1.0,0.1,1.0,0.2,115,76.20078000195117,9285.990013970755
24,66,0.5729962518653432,0.6322906109011792,0.6220732641460432,0.8469094757231956,0.5784599996294029,0.13964831839739278,0.35886797840157947,1.0,0.1,1.0,0.2,116,76.25182474142066,9243.927558419886
24,67,0.5805070437891064,0.638857801707176,0.6306775989908135,0.8738537405867413,0.5853250259323421,0.13970770274557065,0.36638032550588495,1.0,0.1,1.0,0.2,118,76.26105408232102,9259.538113123335
24,68,0.5824367096123066,0.6435244731796317,0.6416638992683529,0.9358302615268665,0.5828954251185063,0.13962683609735915,0.3683221445226628,1.0,0.1,1.0,0.2,127,91.7894158234489,9179.88794239894
24,69,0.5822923348712128,0.6436527593649606,0.6438748594025512,0.9679013623726744,0.5844493759518555,0.13968092650508274,0.36817573385692015,1.0,0.1,1.0,0.2,129,92.9983577596722,9205.241451560403
24,70,0.5330597641385949,0.5955628206854522,0.5979000827080243,0.9547690794639196,0.5337217772138901,0.13989420815139458,0.3189224242144088,1.0,0.1,1.0,0.2,130,87.72507132109546,9422.751877519057
24,71,0.5329056425834537,0.5906293384007526,0.590715297793626,0.9430654204237061,0.5479363615176738,0.13983939748236782,0.3187846108098721,1.0,0.1,1.0,0.2,131,90.52836521244,9458.407749879516
24,72,0.5328771760149114,0.5915716580657919,0.5937664008428403,0.9480945482625469,0.5343107266222352,0.13983371071574274,0.31875781189363883,1.0,0.1,1.0,0.2,132,91.0715803055145,9423.758861224916
24,73,0.5306199606076639,0.5882422593129311,0.5903968756731399,0.9533890447131745,0.5328655013690433,0.1399892441572385,0.3164883502676352,1.0,0.1,1.0,0.2,134,77.3017441480832,9154.683389439811
24,74,0.5306453358499104,0.5875990041517423,0.589728600542311,0.9570583119726908,0.5334120505460573,0.1399949744228886,0.3165151491838698,1.0,0.1,1.0,0.2,135,74.81177502727004,9162.64082777898
24,75,0.5274786809516729,0.5820511669974324,0.5820192333208205,0.9432391266202924,0.5319731187618923,0.13986942009469905,0.3133642068693649,1.0,0.1,1.0,0.2,136,76.25942775458918,9278.760378827468
24,76,0.5306411260262117,0.583097119707215,0.5850584353076043,0.9785183731237179,0.5456512580556672,0.13971042755786708,0.31655265480766637,1.0,0.1,1.0,0.2,137,91.94843081995396,9268.51270731565
24,77,0.529161560234497,0.5803928913974129,0.584380810019766,0.9704861169820467,0.5346565706587217,0.1397089306378352,0.3150805031114424,1.0,0.1,1.0,0.2,139,84.85229530676956,8748.25582067459
24,78,0.5291612880520666,0.5816229550158485,0.587729312888132,0.9930418940219892,0.5292643467725466,0.13970893063783524,0.31508050311144303,1.0,0.1,1.0,0.2,141,84.46951453051228,8742.927875123441
24,79,0.5282535414611883,0.5756250986413312,0.5773961990404977,0.9758034893138434,0.538846791471886,0.13981017175895805,0.31416938583093984,1.0,0.1,1.0,0.2,142,79.101409929872,9017.473202485757
24,80,0.5282238505689693,0.5765944687908848,0.5804753682976034,0.9810387797039377,0.5295629952322971,0.13980447138544627,0.3141411626271418,1.0,0.1,1.0,0.2,143,79.34516622078112,8980.607109364732
24,81,0.5251713158919643,0.5781685929050129,0.5905123581673954,1.0939935596145145,0.5252853127569796,0.13931423364625248,0.31113951110888627,1.0,0.1,1.0,0.2,157,69.41050448790476,9522.214466974512
24,82,0.5250225913416029,0.5738460187532983,0.5839612072676463,1.08543375127346,0.5374273944562755,0.1393211771212814,0.310997697388456,1.0,0.1,1.0,0.2,158,71.72521520277523,9560.978093638118
24,83,0.5250278775643826,0.5748145776457558,0.5870382389912172,1.0953379405643635,0.5257366208931173,0.13933167177369574,0.31100289175711643,1.0,0.1,1.0,0.2,160,72.2881003086506,9565.34724349761
24,84,0.5250274733478901,0.5759872434261648,0.5903272280649108,1.1097496046742956,0.5252742270955008,0.13933167177369574,0.3110028917571158,1.0,0.1,1.0,0.2,162,71.90575229777683,9558.349392056803
24,85,0.5244986932724025,0.5736457614089803,0.587917920672742,1.1252418827389623,0.5323727464866073,0.1393471672377588,0.3104772693669147,1.0,0.1,1.0,0.2,163,71.44358196857138,9240.312294535144
24,86,0.5238908396248199,0.5716416314062308,0.5879340779565985,1.1234975129257698,0.529790581573505,0.13911734455454403,0.30989931041656843,1.0,0.1,1.0,0.2,165,65.8222735164773,9781.679710618571
24,87,0.5235684141283372,0.5722605711736364,0.5906606592672005,1.155252852685103,0.5240544242334789,0.1391421735979395,0.309575366286267,1.0,0.1,1.0,0.2,168,62.40806310376564,9695.89941125616
24,88,0.5265513963028523,0.5737625696536874,0.5900347828075532,1.1849292986295052,0.5266976335008821,0.13974459293966685,0.31249848933492097,1.0,0.1,1.0,0.2,171,76.37760817299848,8835.699449006215
24,89,0.5325180409152472,0.5692794412044564,0.5727261146917696,1.1437193789509512,0.5338101353155889,0.13988359996043398,0.31845734524632624,1.0,0.1,1.0,0.2,179,82.23147643287928,9792.790133516795
24,90,0.532509526204098,0.5688943182133175,0.5723269405756313,1.1476263751797025,0.5332649362025468,0.139960057926567,0.3184420978773449,1.0,0.1,1.0,0.2,181,81.46345323034167,9840.21634990712
24,91,0.5343100411454531,0.5699078654970169,0.5733110304175582,1.1742432496347652,0.5353937917849458,0.13996837709839066,0.32024367908405105,1.0,0.1,1.0,0.2,184,82.82077047049071,9737.675427562888
24,92,0.526956459302204,0.5608167524018408,0.5641549620370758,1.1568131805748143,0.5345156473550845,0.13982058733679684,0.3129090068151299,1.0,0.1,1.0,0.2,185,81.86478613207012,9789.353924979505
24,93,0.5296135829075489,0.5606420447140261,0.5618018814075227,1.1751425394522839,0.5362103801484852,0.14017125340643566,0.31553461280695244,1.0,0.1,1.0,0.2,186,82.12059487976069,9777.892271545605
24,94,0.5296713676812644,0.560458997572524,0.5636823010067795,1.1895963182232903,0.5330285775748063,0.1401547614547601,0.31559763162465904,1.0,0.1,1.0,0.2,188,83.79898150093555,9802.914957802332
24,95,0.5290920527520134,0.5590651264618489,0.5622579750971599,1.185222214277697,0.5326108258989889,0.14013780635830253,0.31502186634501667,1.0,0.1,1.0,0.2,189,83.16276611553675,9808.688316153895
24,96,0.5321769602327289,0.5610662126297434,0.5642185227976445,1.1958380902856225,0.5368813186096405,0.13997724675928716,0.3181252736967588,1.0,0.1,1.0,0.2,190,82.11592084106421,9791.540353325932
24,97,0.5387159727257755,0.5683812679181903,0.5736350501091553,1.235020838455297,0.539469815607682,0.13984793270346865,0.32467845033732734,1.0,0.1,1.0,0.2,193,78.46620052863739,9762.42507300552
24,98,0.5353359943825251,0.5644464249772547,0.5738244334100708,1.2404773167303933,0.5388126201127323,0.13991839053421576,0.3212984690297537,1.0,0.1,1.0,0.2,197,86.1591634293636,9348.322558090158
25,0,0.9170709748475102,0.8387755084680849,0.832760729624666,0.482536727595232,0.0,0.0,0.0,0.0,0.1,1.0,0.2,1,13257.934649957177,164083.5992341523
25,1,0.9919259050347151,1.008494557306074,0.9999338472582567,0.6547225792961758,0.23678905964305555,0.00835054639965393,0.18123723425954463,0.0016731956159983501,0.1,1.0,0.2,2,12743.67513212305,146505.51596146805
25,2,1.2174431629515372,1.5995566489389035,1.5953784874332284,1.241371587255568,0.9164785030351239,0.05431435328238898,0.5795005162283506,0.6330845616988465,0.1,1.0,0.2,3,8882.350873756151,67162.12416000954
25,3,0.8626513540765368,1.3657433759744304,1.3549150825309701,1.0417178660417665,0.9748222209907883,0.05431435328238897,0.5795005162283495,0.6330845616988465,0.1,1.0,0.2,5,1203.434413901409,42166.13674750603
25,4,0.8616612660753029,1.3650871692164805,1.3542344429845108,1.0389766798973201,0.7144121462650705,0.05431435328238898,0.5795005162283486,0.6330845616988477,0.1,1.0,0.2,6,1204.9811839739998,40895.65073718331
25,5,1.2520447959589016,1.7660141794704203,1.7561257607798966,1.4515089777135721,1.2781102969886216,0.05433735548669205,0.9367481324549146,1.0,0.1,1.0,0.2,7,1445.920956748729,29334.448433033045
25,6,0.6229595789806607,1.1283405218061344,1.1143867834922885,0.8295950426651943,0.7860807646968312,0.039126866750559805,0.4896562212426316,0.32177954871373704,0.1,1.0,0.2,8,1215.8546039293783,40890.37289231234
25,7,1.0480054659317464,1.496382407641556,1.4787803614373705,1.222689598492205,1.237932150027488,0.02969802853697421,0.9777715021576585,0.2150958125153594,0.1,1.0,0.2,10,1192.9119046256128,37495.00882260994
25,8,0.7491008275543931,1.1861718586215346,1.1680234247490984,0.913106955343658,0.7602715602281367,0.03502542669431402,0.6867899487614365,0.1895173791094392,0.1,1.0,0.2,12,1014.16993487227,48184.91400648378
25,9,0.750344711756688,1.1872335358995312,1.1690764442329262,0.9199292472729574,0.7299945963920355,0.0352688868835668,0.6879768546409858,0.18992475395376007,0.1,1.0,0.2,14,990.2740699473396,48315.82692911702
25,10,0.8424561555255526,1.2733105909123492,1.2569315405019248,1.0224317305448987,0.8436566523005363,0.03928251757096425,0.6990495607829385,0.6024125447845412,0.1,1.0,0.2,16,816.5134196605329,4073555.849602715
25,11,0.7287730387863209,1.1539896252360562,1.1352872392502824,0.9111561237827615,0.7362669021797128,0.04490783396430088,0.5798496298220778,0.6326074864560174,0.1,1.0,0.2,17,809.3687574434817,1377204.417157903
25,12,0.930643116524976,1.327576945731179,1.3096936232339866,1.0985599184984143,0.9939876630814521,0.054795694515859805,0.7125701209951945,1.0,0.1,1.0,0.2,19,562.7281086417958,2611479.3079383774
25,13,0.930098286146849,1.324415730434643,1.3084870318179067,1.1034861755849223,0.9275614533514436,0.054795694515859805,0.7125701209951945,1.0,0.1,1.0,0.2,21,540.9722493404813,2613144.721840929
25,14,0.5359425745027194,0.8878893172414771,0.8702084293634115,0.6562511096616074,0.73424767789048,0.03947068144436093,0.4674083161362135,0.28567236971269777,0.1,1.0,0.2,22,312.506772880694,8398.237580360239
25,15,0.4235880196026369,0.7208244044695274,0.7009768566812035,0.5036079240945599,0.5466651525666145,0.04103186299593783,0.3700547870617014,0.2267274142691061,0.1,1.0,0.2,24,145.94621689052346,4755.299390879071
25,16,0.4829550801412664,0.7707365683792855,0.750521333789987,0.560817068210915,0.5008792139700533,0.04117460908579584,0.42914860660432275,0.23002889058185688,0.1,1.0,0.2,26,136.11136837088964,4019.9178521585272
25,17,0.4833298278769604,0.7676475437356567,0.747298041923441,0.5644027512932661,0.4876897314684509,0.04155481810360931,0.4294273745201752,0.23100459746325322,0.1,1.0,0.2,28,127.15398140760108,3930.1975368165945
25,18,0.5527779554478174,0.8363148904551594,0.8159351274500015,0.6271534210720388,0.5527972460621677,0.04422020546366248,0.49186151431431957,0.2648918379369058,0.1,1.0,0.2,29,105.5760640101546,22692.053824946302
25,19,0.4788684203877782,0.7602883776764848,0.7398265809110461,0.5668096643655298,0.4850451582850027,0.04147698541005785,0.4257479834156526,0.2276851409685221,0.1,1.0,0.2,30,126.53237198321312,3930.4889852785855
25,20,0.4991565604506207,0.7696079631096875,0.7487224910332577,0.5802061350797773,0.5457951118993914,0.04473401761286216,0.4340684501831846,0.28783597631669045,0.1,1.0,0.2,31,81.63533180111038,169500.14594831815
25,21,0.41714124209598125,0.685880133125302,0.6649286403630571,0.5060672631737363,0.4180249832430937,0.04432144848933704,0.3617397877517444,0.23989225223724303,0.1,1.0,0.2,33,86.25186401306607,169122.74787745846
25,22,0.4304096279153495,0.7010012662169014,0.6842626979654429,0.5519551457116642,0.42876883218323547,0.04681546726193539,0.3682156746560944,0.2727967824301917,0.1,1.0,0.2,37,117.14210830372193,14957.510698856157
25,23,0.698116576701064,0.9655167634138581,0.9548688745761938,0.8653169676441416,0.6997958650461327,0.05586652344369012,0.5222723417940376,0.8375915396077678,0.1,1.0,0.2,44,141.9872836494867,2099447.8489316697
25,24,0.6731173316531003,0.9327224121121954,0.9217752845768463,0.8513382385646473,0.6794267031875729,0.05526189470792932,0.5098981655419078,0.7758989585497884,0.1,1.0,0.2,48,136.90943849101623,1966637.9240163064
25,25,0.5820802371977182,0.8387684495078445,0.8277095742738706,0.7540301940005516,0.586150713971491,0.04903603606054287,0.47472645126844587,0.5000791730680798,0.1,1.0,0.2,50,122.60091600945914,1217246.8545499444
25,26,0.6709658894685311,0.8611124751905017,0.8495951059462752,0.8037898731922861,0.8212370602735721,0.05550182723547068,0.5070621709763504,0.7861122706126941,0.1,1.0,0.2,52,71.5340785356151,1959047.5877477005
25,27,0.5727528186071302,0.7595601949550691,0.7458446941793848,0.7110785410666365,0.5805685281482262,0.05910390570761668,0.39975714755675773,0.8299025999798237,0.1,1.0,0.2,53,74.16585442630769,2055426.012704668
25,28,0.670291557903688,0.8529831083124039,0.8411840705557506,0.8038050360418816,0.693423142848989,0.05519447702192655,0.5071084154047394,0.7831380057346193,0.1,1.0,0.2,54,67.8105195793007,1960434.8305499328
25,29,0.5758344068298361,0.7549910754122597,0.7409865951497422,0.7147892327807944,0.5846713420658705,0.05978732992148369,0.4011211492122479,0.8386266705716521,0.1,1.0,0.2,55,73.16901894400968,2065634.0392743845
25,30,0.5709291439657457,0.7255656072724899,0.7106366765761882,0.6951632993459878,0.6786405202915771,0.05861962799506794,0.36431740826390724,1.0,0.1,1.0,0.2,56,42.03112526397352,2085302.5588387544
25,31,0.5673902286245229,0.7094302050761478,0.6940272619330607,0.6840978475368797,0.6225364722594633,0.05865398564865045,0.3608853660644563,1.0,0.1,1.0,0.2,57,40.93508701893527,2079786.998736504
25,32,0.631574661838922,0.7667731260537656,0.7511129374951564,0.7421862418858853,0.6610496925286997,0.05770886315002627,0.42521815509392413,1.0,0.1,1.0,0.2,58,38.150142142735,2084443.1589478943
25,33,0.6286918116978166,0.7596911313593331,0.7438730978649022,0.7430277273906627,0.6374075141346586,0.05766029011456727,0.4223715664689009,1.0,0.1,1.0,0.2,60,35.75967241901583,2079353.3165976536
25,34,0.6311343967103098,0.7604470022780325,0.7445656132086809,0.7476960356853648,0.6380187655404106,0.05763834887124347,0.42482855890958166,1.0,0.1,1.0,0.2,61,39.77756960326167,2082846.0789294504
25,35,0.5337561919460845,0.653745394749597,0.6395860270903613,0.6557320804048121,0.5426810688717201,0.054250159965834197,0.42804403624783716,0.4990886182635232,0.1,1.0,0.2,66,38.394411984557294,1595316.4850013624
25,36,0.4491153753809574,0.5618643523168283,0.5495054971144003,0.5906135146690704,0.4675801295802585,0.0521416311885229,0.36696992310285614,0.3825740913249753,0.1,1.0,0.2,68,28.4621450541163,1474551.3699005884
25,37,0.4491153909693401,0.5631917282879315,0.5529549721053189,0.6101951845368117,0.44869911815902785,0.052141631256017076,0.3669699357706816,0.3825741055695794,0.1,1.0,0.2,70,28.46212813179696,1474551.3869184454
25,38,0.4485842177563377,0.5600596981908916,0.5497253388376192,0.6190353709732811,0.4539902370909139,0.052098729102430706,0.36617490311256906,0.38399176762532605,0.1,1.0,0.2,72,32.4204600459292,1474651.2503289697
25,39,0.44968063421422944,0.5596451644197304,0.551326396425715,0.6453675288985484,0.45238114686599895,0.05239861516068887,0.3671693724045679,0.3844310862971078,0.1,1.0,0.2,76,29.49692634521137,1477109.5448413673
25,40,0.4493181952592235,0.5605120418296852,0.5543116944168058,0.6567474988925843,0.4491495941680839,0.052445239012551735,0.3668030891019874,0.384429740896077,0.1,1.0,0.2,78,29.4921465643783,1477070.017532893
25,41,0.6677862628837966,0.7597892081330784,0.7507969463421325,0.8350676020379435,0.7461346360973147,0.055350532058035404,0.46195790479648907,1.0,0.1,1.0,0.2,79,19.51454475005046,2367367.959333978
25,42,0.6019260882039686,0.6914718832071249,0.6823875335079463,0.7871056504399412,0.6070519798324512,0.05585706658751072,0.3960583980119977,1.0,0.1,1.0,0.2,81,18.78451568878902,2368871.639343951
25,43,0.6820034978918821,0.7602091541204112,0.7486275539465672,0.8536427000937883,0.7258079171742027,0.055704504790434387,0.476194370572043,1.0,0.1,1.0,0.2,82,16.896373766228553,2377190.2107074363
25,44,0.6817650134102697,0.7607273219109614,0.7512464179575842,0.869235352739633,0.6827834060768596,0.05567996028798178,0.4759606790939165,1.0,0.1,1.0,0.2,84,17.06019254646377,2376612.027711808
25,45,0.6138416482217283,0.6915757212378935,0.6820488208304133,0.816647985234189,0.6163110167544449,0.05619621178417158,0.40799067640368436,1.0,0.1,1.0,0.2,86,16.70524799219,2378204.459579504
25,46,0.5871574329482102,0.6660004427230628,0.6585874965682463,0.7969969474129832,0.5871777324037877,0.0565638351879029,0.3812706182857062,1.0,0.1,1.0,0.2,90,17.809503686566547,2360168.1349516204
25,47,0.6621979062815443,0.7388216578840527,0.7333979515552889,0.8855365353481874,0.6697599917548057,0.05589899362240876,0.4563915674295432,1.0,0.1,1.0,0.2,92,18.57100029003993,2366421.8725635386
25,48,0.6621964367794121,0.7397677298000196,0.7364519144924793,0.9180939471390073,0.6628148332957169,0.055898993622408744,0.45639156742954307,1.0,0.1,1.0,0.2,94,18.427262617943487,2366535.7140882285
25,49,0.5892053589616786,0.663036557741572,0.6575082699863097,0.8348859252348546,0.5943343354995754,0.05603363988882796,0.38339630172774414,1.0,0.1,1.0,0.2,96,16.69481651075041,2367798.531560988
25,50,1.205408812447602,1.281357801935432,1.2800536159269766,1.468145356456932,1.205492576393901,0.052050886885902516,1.0,1.0,0.1,1.0,0.2,104,25.77025759215384,2346257.9965442186
25,51,0.6071739849109243,0.6744724130336919,0.6645547109411551,0.8763295522459231,0.6143269143608399,0.05454587922714408,0.4015280132272271,1.0,0.1,1.0,0.2,106,15.333091082848012,2571606.44639411
25,52,0.6071736307682318,0.6770289864613437,0.6713518402903424,0.8244107591228245,0.6071256320089663,0.05454587922714406,0.40152801322722614,1.0,0.1,1.0,0.2,109,15.363925983459096,2571575.0379047967
25,53,0.6428719373855679,0.7142478078756753,0.7169171822218663,0.9782764027579036,0.6594812179526696,0.05580641785852116,0.4371138546173564,1.0,0.1,1.0,0.2,110,16.30213952950437,2359330.097158722
25,54,0.6427458517979358,0.7091633228382035,0.7116470997888744,0.9861045836798488,0.6534176542170436,0.055738794925142866,0.4370113132829984,1.0,0.1,1.0,0.2,112,15.905937384614775,2359152.016267711
25,55,0.6516760355093434,0.7187135311731343,0.7232929358559388,1.0014052015954635,0.6530717267407269,0.05576454017019676,0.4459412621025615,1.0,0.1,1.0,0.2,114,15.873332405384357,2355747.810013856
25,56,0.6506440428400155,0.7176333732506412,0.7222109578788418,1.0140552842092403,0.6505564908171556,0.05576598882364862,0.4449092836765895,1.0,0.1,1.0,0.2,117,16.01090851291415,2356302.3786559617
25,57,0.7162022768637353,0.7789764858194992,0.7771790475256275,1.0656739990651383,0.7161904789804938,0.053907152884253726,0.5106541652196714,1.0,0.1,1.0,0.2,124,18.87396136735152,2739952.48801348
25,58,0.7132176536026573,0.7741852800313744,0.7723202239302467,1.0692791619709168,0.7210046911004291,0.053256602188954595,0.5077404818704867,1.0,0.1,1.0,0.2,125,18.427518262578133,2741297.5941200526
25,59,0.7132176553411043,0.7755126017111578,0.7757696300629413,1.0872271464037637,0.7130661921035994,0.053256602166078325,0.5077404836115402,1.0,0.1,1.0,0.2,128,18.42751828632265,2741297.5960639445
25,60,0.7334594225321278,0.7944329044322676,0.7987853411656947,1.207552338632452,0.7343481918752917,0.05389875993645192,0.5279306145905697,1.0,0.1,1.0,0.2,145,16.79788853324999,2741775.7809704267
25,61,0.7330373738478937,0.7929550677396651,0.7972679982797293,1.2020334685450953,0.7375412093947982,0.053866263712809746,0.5275150723157995,1.0,0.1,1.0,0.2,146,17.06913141984007,2740788.0101425583
25,62,0.7385512762142405,0.7993898356553519,0.8058096607672356,1.2176973474533581,0.7402028714412368,0.05386792333537138,0.5330300531565314,1.0,0.1,1.0,0.2,147,16.70070505921686,2741162.5092655136
25,63,0.6738070023372242,0.7369445880773347,0.7496677323033796,1.1933919133977966,0.677375628268179,0.08989890073685329,0.46468777914025294,1.0,0.1,1.0,0.2,149,15.59691415112962,2743048.297956731
25,64,0.7595078807585336,0.820596576924213,0.833243040575802,1.2854913764199025,0.762379252502716,0.05376834168297406,0.5540078042162404,1.0,0.1,1.0,0.2,152,15.532082871312417,2719185.6918738848
25,65,0.7726247910389645,0.8339799251671707,0.8487087801631406,1.314930103570534,0.7748357235589476,0.05377908100122343,0.5671267451858036,1.0,0.1,1.0,0.2,154,15.625089948588364,2722711.423250349
25,66,0.693266025818853,0.7531757909795673,0.765778127740558,1.2950257548277608,0.6931826206067772,0.053721484370565876,0.4877740913648444,1.0,0.1,1.0,0.2,169,16.971588821299786,2737826.838029257
25,67,0.6757105385036857,0.7367252730380707,0.7514413881226336,1.296869168115958,0.6759137028860653,0.053813804077823824,0.47021001028953713,1.0,0.1,1.0,0.2,172,16.58495368755179,2720859.3433988616
25,68,0.6757100441900487,0.7378812501034011,0.754713070350775,1.320649369602504,0.6759655327509002,0.053813804077823824,0.4702100102895369,1.0,0.1,1.0,0.2,174,16.622500273276213,2720812.9917828585
25,72,0.784340408056845,0.8416185887600565,0.8541224856661085,1.440073392237012,0.7843142149171856,0.053399443573461144,0.5788882190831104,1.0,0.1,1.0,0.2,189,16.229281801114542,2741101.2326099207
25,74,0.79502116803174,0.8526120094057232,0.8692724996249048,1.4702483758906006,0.7951970481154802,0.05344863092681988,0.5895706126928348,1.0,0.1,1.0,0.2,194,15.354834606596194,2741850.442525519
26,0,0.5016894984609238,0.7725960037575533,0.7641123075215799,0.4210106761251869,0.0,0.0,0.0,0.0,0.1,1.0,0.2,1,26531.05695083276,140195.75731795054
26,1,1.7011260223077769,2.0003719082288285,1.9903559609095185,1.650592184398931,1.225499209625485,0.13291882072912908,1.0,1.0,0.1,1.0,0.2,2,15993.303867818917,161249.52647437155
26,2,1.648280355108502,1.9843007931319556,1.9737330320989284,1.6395394524888633,1.2607071389098954,0.12012153379298722,1.0,1.0,0.1,1.0,0.2,3,14005.534148890723,165493.05126384654
26,3,1.6012226254071682,1.9674991054114217,1.95895473429533,1.6264156311575093,1.2292748257839783,0.1094504400297313,0.9855845592656298,1.0,0.1,1.0,0.2,4,10062.444116829163,158304.2258657997
26,4,1.4621425114870639,1.9368596153996405,1.9265952937485358,1.6096794832122165,1.4216431460623367,0.11993093727663151,1.0,1.0,0.1,1.0,0.2,5,9638.224411218958,52499.10090073368
26,5,1.3580139174644552,1.8627853762781863,1.8518359821658115,1.5615316015924392,1.3288591572162343,0.11836819282923153,1.0,1.0,0.1,1.0,0.2,7,11733.626166757957,53281.450351135616
26,6,1.2790490296214654,1.7858425742191726,1.7720164034842403,1.50523841112507,1.3816547188260473,0.12007222732756857,1.0,1.0,0.1,1.0,0.2,9,2728.4743180049045,48888.35897922426
26,7,1.2674332252357559,1.7705163542235198,1.7623311069873042,1.5155028146145235,1.2540459739224137,0.12143664349790484,1.0,1.0,0.1,1.0,0.2,11,3345.179533663199,55387.59455471119
26,8,1.2632907621188725,1.767671297711443,1.7531568753123252,1.5054158692760256,1.2298130181091957,0.12285320744543371,1.0,1.0,0.1,1.0,0.2,13,2373.376258802205,63871.36101104827
26,9,1.2286938459945773,1.651198341028446,1.640625410340204,1.421202378230168,1.45942370106319,0.12383281925888348,1.0,1.0,0.1,1.0,0.2,15,616.2890823114512,91669.62322735893
26,10,1.2213741869163723,1.592814897910379,1.5738619189534202,1.3563259554556786,1.3301547669622587,0.11960151342087051,1.0,1.0,0.1,1.0,0.2,17,688.8035114923108,65765.67365575429
26,11,1.1394280432792765,1.5079949265397878,1.488923503652797,1.2803648837536348,1.1372708699637544,0.11956348895842658,0.9183585755732482,1.0,0.1,1.0,0.2,19,689.4036724205989,65679.27763680178
26,12,1.2202542604601483,1.584472835279351,1.5714265902330122,1.384918133178452,1.2319763692251562,0.11955560130115588,1.0,1.0,0.1,1.0,0.2,21,525.4837033732472,62455.78644977155
26,13,1.2192881861635119,1.577638696838578,1.5705585656677081,1.392569921484898,1.2356463974106402,0.11864553726122332,1.0,1.0,0.1,1.0,0.2,23,292.67713457501526,52515.25150662632
26,14,1.219274822503698,1.57878154976875,1.5738166447427817,1.4123253419260244,1.212248613593417,0.11864553726122332,1.0,1.0,0.1,1.0,0.2,25,292.58688202435866,52518.67712029789
26,15,1.2187120192184109,1.564229194889757,1.5587029824701544,1.4370542048617099,1.234159899563132,0.12357480556488229,1.0,1.0,0.1,1.0,0.2,28,1523.7410959881993,3044452042.337336
26,16,1.218712019302739,1.564229194891349,1.5587029824717462,1.437054204868094,1.2123577175885025,0.12357480558079983,1.0,1.0,0.1,1.0,0.2,29,1523.7410878620017,3044452042.3661747
26,17,1.218231073352965,1.556851879389144,1.551051090768479,1.430399386427133,1.2445610035474652,0.12341184616466752,1.0,1.0,0.1,1.0,0.2,30,1622.977704211552,3044147258.137847
26,18,1.2171059625468503,1.5472156439778668,1.5410498732069495,1.4465504444860169,1.2638394763086023,0.12487533728974583,1.0,1.0,0.1,1.0,0.2,32,1515.0154148607749,3047026522.223237
26,19,1.2176618782354365,1.532662535391955,1.5280005186940107,1.4614113173763508,1.2163576832323622,0.1318094359152585,1.0,1.0,0.1,1.0,0.2,36,1686.925338693832,33757305304.81783
26,20,1.2174056915969775,1.5279495890710897,1.5231133570831927,1.464445070386938,1.2233651573874502,0.13137840005040005,1.0,1.0,0.1,1.0,0.2,38,1705.659724406015,33756828757.199528
26,21,1.2167636001734072,1.5190010344326532,1.5159115260595544,1.4664862644629844,1.2573143204392332,0.12925179604869305,1.0,1.0,0.1,1.0,0.2,39,1739.2138936598428,33756990859.45644
26,22,1.2166274852976044,1.516817405179102,1.5157190441973214,1.4746231184049876,1.2204594101646808,0.12925179604869305,1.0,1.0,0.1,1.0,0.2,41,1717.983214262732,33757101188.74682
26,23,1.216459780323721,1.5107473637081077,1.5052787719689535,1.4786982246992955,1.220280952667382,0.12886569384409735,1.0,1.0,0.1,1.0,0.2,43,1585.4035917932945,33754660738.90637
26,24,1.2164936742623675,1.5104228799580952,1.507011179449532,1.4883130462614187,1.2168200530779898,0.12985703552584435,1.0,1.0,0.1,1.0,0.2,45,1365.7509809366816,33758874498.235443
26,25,1.2174685381841992,1.4780250861600148,1.4712568836391526,1.4083970000825634,1.3601280605047594,0.15001498484047668,1.0,1.0,0.1,1.0,0.2,46,10445.102194313493,4.258396575606977e+27
26,26,1.2172773329228763,1.4695646765804269,1.4624799281455543,1.4079381484377416,1.233581438656458,0.15025356205664758,1.0,1.0,0.1,1.0,0.2,48,10347.289972088667,4.258396575607045e+27
26,27,1.2172134738545235,1.4681947437067326,1.4631314475819541,1.416854647607177,1.2208538409918757,0.15025356205664755,1.0,1.0,0.1,1.0,0.2,50,10396.987473427747,4.258396575606995e+27
26,28,1.21719615751424,1.4664641984364903,1.459264113274626,1.4242023327215947,1.2167591390707617,0.1501743468821943,1.0,1.0,0.1,1.0,0.2,51,10349.145987834869,4.258396575607039e+27
26,29,1.2170941570057443,1.4619761723174625,1.4566800523611214,1.4185372910417788,1.240650440839335,0.15049295907402782,1.0,1.0,0.1,1.0,0.2,52,10302.3543463589,4.2583965756070623e+27
26,30,1.2170756672075032,1.460166136477141,1.452730160013854,1.4259219185549643,1.2171243472743807,0.1504135774945219,1.0,1.0,0.1,1.0,0.2,53,10254.804050295465,4.258396575607105e+27
26,31,1.2170316722892462,1.4580320473467363,1.4525879503515309,1.4222709303855925,1.2303718528804302,0.15073318012540235,1.0,1.0,0.1,1.0,0.2,54,10210.83841533834,4.2583965756071294e+27
26,32,1.2170279045200474,1.4591827180487773,1.4558540150832637,1.4337369380830185,1.2154597373281573,0.15073318012540232,1.0,1.0,0.1,1.0,0.2,56,10201.172788932628,4.258396575607138e+27
26,33,1.2169836186193488,1.4569966214384835,1.4515148069935924,1.4366591883713118,1.218691986671664,0.15046708728159638,1.0,1.0,0.1,1.0,0.2,57,10249.563820200734,4.258396575607134e+27
26,34,1.2172810651089538,1.4563007809660253,1.4507810927779137,1.443462083926206,1.2198114913006814,0.15365517828533254,1.0,1.0,0.1,1.0,0.2,58,10239.692617122317,4.965384923822373e+27
26,35,1.2168983210433435,1.4538495314452802,1.4482511386160872,1.4492765048210083,1.2242766196600703,0.15026524949764927,1.0,1.0,0.1,1.0,0.2,59,10308.396778505748,4.258396575607161e+27
26,36,1.2172799839336323,1.4561278738063759,1.4588878367874025,1.4932828411221493,1.230733675382898,0.1547834415472154,1.0,1.0,0.1,1.0,0.2,60,10702.864277124025,6.244930721246748e+27
26,37,1.2169890089024626,1.4438240876417099,1.4440557322031888,1.491596618456364,1.263090782905092,0.15391548066062558,1.0,1.0,0.1,1.0,0.2,61,10781.791020060557,6.24493072125168e+27
26,38,1.2169308427326206,1.4367935264645653,1.4367605423816523,1.4852656425131239,1.2465274739663705,0.15454865488480302,1.0,1.0,0.1,1.0,0.2,62,11641.941813368498,6.24493072125245e+27
26,39,1.2169308427319672,1.4367935264645653,1.4367605423816523,1.4891638600260009,1.2154550417563041,0.15454865488480304,1.0,1.0,0.1,1.0,0.2,63,11641.94181430641,6.24493072125245e+27
26,40,1.221372313439712,1.4364092737518586,1.434121510385229,1.4943531588099221,1.2355272751728603,0.19954046759206762,1.0,1.0,0.1,1.0,0.2,64,10828.564806077977,8.826758275591217e+28
26,41,1.2168327900284646,1.4313827682259064,1.4311483098940396,1.492085105721129,1.2235286881567977,0.1544367620299469,1.0,1.0,0.1,1.0,0.2,65,11685.444327542393,6.244930721252399e+27
26,42,1.2167177937300413,1.430392522900182,1.4301249057238268,1.498989176575829,1.2173207811367792,0.15342753060651673,1.0,1.0,0.1,1.0,0.2,67,11090.67128729356,6.244930721251455e+27
26,43,1.2166674969536584,1.4249796242071109,1.4245088891522306,1.501052130616518,1.2232999750067497,0.15374385635650428,1.0,1.0,0.1,1.0,0.2,70,10729.72437142286,6.244930721225125e+27
26,44,1.216141312722341,1.4133477999152022,1.4248885897795918,1.5597268078132378,1.2575414506554536,0.15106766180544462,1.0,1.0,0.1,1.0,0.2,72,10619.742026782573,4.85861237885166e+27
26,45,1.216106447174013,1.4116999918341293,1.4252518683157163,1.570127082448131,1.2215169028597128,0.1510676618054446,1.0,1.0,0.1,1.0,0.2,74,10664.104645935802,4.8586123788516106e+27
26,46,1.2144108022328683,1.4060094485428603,1.4194105824782997,1.5927420466141793,1.2311588747981823,0.13457605879853424,1.0,1.0,0.1,1.0,0.2,75,10578.2991291671,4.858612378818972e+27
26,47,1.214294087094055,1.3959469426501148,1.4089730021763514,1.5916472618673023,1.235467959889963,0.13448673597971847,1.0,1.0,0.1,1.0,0.2,77,10650.448107687973,4.858612378819217e+27
26,48,1.2142508915463286,1.392868986700143,1.4078527569599049,1.597118574001133,1.232744994020472,0.13449380514122428,1.0,1.0,0.1,1.0,0.2,78,10769.563332359594,4.8586123788183097e+27
26,49,1.2141635372544897,1.3840847835833303,1.398741067007893,1.606681707850189,1.2326697526623305,0.13443927607792056,1.0,1.0,0.1,1.0,0.2,80,10795.02933219496,4.85861237881833e+27
26,50,1.2158457446448747,1.3834773098864537,1.398047408869098,1.5753954057434874,1.225280967861929,0.15146544738437148,1.0,1.0,0.1,1.0,0.2,81,10899.309270046222,4.858612378852624e+27
26,51,1.2140489592274664,1.3821537129745667,1.4008859001827962,1.60365147657938,1.2229918934186417,0.1336870692632531,1.0,1.0,0.1,1.0,0.2,82,10894.813118593898,6.244930721203266e+27
26,52,1.2139545034985728,1.3691769609746534,1.3874246793384157,1.5949130970518512,1.270256828468401,0.13378084133279494,1.0,1.0,0.1,1.0,0.2,83,10813.86905929088,6.244930721208477e+27
26,53,1.2159570004303974,1.362452158044729,1.3782997219446518,1.5576946037730859,1.2317588986155,0.15434340289467524,1.0,1.0,0.1,1.0,0.2,85,10975.42695854893,6.244930721248461e+27
26,54,1.2159472721171916,1.3614410005851212,1.379323180432486,1.5810739298340417,1.2205758979425134,0.15440708370581097,1.0,1.0,0.1,1.0,0.2,87,10914.465320489044,6.244930721248417e+27
26,55,1.2159442567771,1.360838478709915,1.3786981304676236,1.584639398607553,1.2180847172571752,0.15441775192918325,1.0,1.0,0.1,1.0,0.2,88,10933.768168279645,6.24493072124845e+27
26,56,1.213891718746579,1.3570569676936133,1.3748516849278125,1.6150712465044121,1.2210258220885812,0.13400872855372178,1.0,1.0,0.1,1.0,0.2,89,10987.77400238273,6.244930721212994e+27
26,57,1.2158571976454529,1.3579121186083032,1.3777373708830625,1.6065536787254155,1.2175344770735448,0.15382431024695095,1.0,1.0,0.1,1.0,0.2,94,11135.705716896777,6.244930721248248e+27
26,58,1.213864976670328,1.3554207873280946,1.3772995861303372,1.6414241685582711,1.216082010654789,0.1340196885752714,1.0,1.0,0.1,1.0,0.2,97,11009.750431484606,6.244930721212477e+27
26,59,1.2158360587873545,1.355524685895687,1.3752611480704862,1.6085471764930654,1.2177650194602492,0.15376502257765196,1.0,1.0,0.1,1.0,0.2,98,10967.512779726654,6.244930721248103e+27
26,60,1.2138399369650066,1.3532180122996467,1.375015071318879,1.639434280333327,1.2205990071519857,0.13390681361090032,1.0,1.0,0.1,1.0,0.2,99,11083.456971111991,6.244930721212203e+27
26,61,1.2157471270301539,1.3466078727828132,1.359796134113408,1.5673331577992893,1.2294554762896004,0.15317589232227594,1.0,1.0,0.1,1.0,0.2,100,11301.249038723156,6.244930721233687e+27
26,62,1.2157106481253148,1.342108109125599,1.355128873756507,1.5751494615323762,1.2349737470840831,0.1530749499708698,1.0,1.0,0.1,1.0,0.2,101,11363.664444726215,6.244930721235137e+27
26,63,1.215698333443361,1.3412063386365647,1.3562660181796595,1.5821834743326515,1.220190374964338,0.15307846773872866,1.0,1.0,0.1,1.0,0.2,103,11309.706587888271,6.244930721235098e+27
26,64,1.2137555811693,1.3362338609733393,1.3511798949190272,1.6244536835461978,1.2267263694110675,0.13381950757492234,1.0,1.0,0.1,1.0,0.2,104,11337.539542949571,6.244930721226008e+27
26,65,1.2157669643278632,1.3361218331511202,1.3530605100279427,1.5931478487986246,1.2306070222413794,0.15411911414307794,1.0,1.0,0.1,1.0,0.2,105,11295.680853494176,6.244930721237384e+27
26,66,1.2137175988702975,1.326987072149534,1.3415877380257617,1.6057476990749788,1.2387428553537576,0.13392132945672366,1.0,1.0,0.1,1.0,0.2,106,11276.255917210196,6.244930721226064e+27
26,67,1.2137426103975535,1.3263246253531695,1.340899527785091,1.6187879579323239,1.2149354955104807,0.13420566548294677,1.0,1.0,0.1,1.0,0.2,108,11316.426357560533,6.244930721226054e+27
26,68,1.2137311353762597,1.3265540054660239,1.3432102756428792,1.6398499928089558,1.2158036987264849,0.1341444134690714,1.0,1.0,0.1,1.0,0.2,110,11265.049443949336,6.244930721225898e+27
26,69,1.2136801659673297,1.3267189245393838,1.345455600844528,1.643017473139524,1.2158148140952192,0.13368888178643318,1.0,1.0,0.1,1.0,0.2,112,11251.47393135776,6.244930721225886e+27
26,70,1.2156185226352982,1.3313287616792753,1.3563826087252746,1.6479954216997377,1.2210811500913148,0.15313553723100604,1.0,1.0,0.1,1.0,0.2,113,10922.305273787031,6.244930721247818e+27
26,71,1.2156176151473412,1.3311376920942601,1.3561843923354577,1.647821468189766,1.2157315587087596,0.15313553723100598,1.0,1.0,0.1,1.0,0.2,115,10916.550012843089,6.244930721247825e+27
26,72,1.21557637924043,1.3307874057811355,1.3558225390946006,1.6475030613065884,1.215954045456225,0.1527379092889215,1.0,1.0,0.1,1.0,0.2,117,11154.268438981646,6.24493072124769e+27
26,73,1.2155858239771626,1.3303866516565472,1.3574787998636177,1.6670417917210927,1.219114894071718,0.1529142937238151,1.0,1.0,0.1,1.0,0.2,119,11028.46273206785,6.244930721247658e+27
26,74,1.2155392650328956,1.324422759777743,1.351293128471599,1.6658830714313855,1.2413070322099735,0.1527171754925838,1.0,1.0,0.1,1.0,0.2,120,10991.985548946644,6.244930721247534e+27
26,75,1.2155183166259993,1.323181805859168,1.3520788287650656,1.680443757461247,1.2180636320336702,0.15261839913868416,1.0,1.0,0.1,1.0,0.2,124,11055.345765461185,6.244930721247434e+27
26,76,1.215521818695588,1.3243892874752394,1.3554037706401003,1.7098705217515187,1.2155370344909502,0.15265870741132603,1.0,1.0,0.1,1.0,0.2,126,11049.384604137618,6.244930721247456e+27
26,77,1.2155782829384378,1.3228543248130489,1.3517368272676429,1.7096893752372828,1.2159033969217778,0.15323465171259315,1.0,1.0,0.1,1.0,0.2,128,10963.749138765455,6.244930721247754e+27
26,78,1.2136407721368292,1.3187688918419076,1.3454985174507788,1.7679537289948846,1.214405763721352,0.13389458714621846,1.0,1.0,0.1,1.0,0.2,131,10975.068743300924,6.24493072121299e+27
26,79,1.2136004519211625,1.3183458555223706,1.3450611444009835,1.7699185936317905,1.2155676390455148,0.1335074892097527,1.0,1.0,0.1,1.0,0.2,132,11126.434342843238,6.244930721213016e+27
26,80,1.2136214750573195,1.3170224929695713,1.345759821339409,1.78440887223496,1.2190559253821411,0.13382898895831227,1.0,1.0,0.1,1.0,0.2,134,10983.044043833685,6.244930721213052e+27
26,81,1.2136046610132025,1.3152541952277315,1.3459982899922829,1.8166994816544793,1.214453871770531,0.13378541628585316,1.0,1.0,0.1,1.0,0.2,147,11010.017365161097,6.244930721212793e+27
26,82,1.2135629420957241,1.3168737175647212,1.3518247789054287,1.8596013737719481,1.2155348214703587,0.13340777342442928,1.0,1.0,0.1,1.0,0.2,149,11168.94062284113,6.244930721070184e+27
26,83,1.2136147275071543,1.3165769917080379,1.3535874320825514,1.8773726842035925,1.2207413499069113,0.1339909174708227,1.0,1.0,0.1,1.0,0.2,150,11029.092085191674,6.244930721070273e+27
26,84,1.2156322577503367,1.3154922118241996,1.3482416654753728,1.782479809094511,1.2160816561538919,0.15418372361294483,1.0,1.0,0.1,1.0,0.2,153,11111.70744364801,6.244930721105248e+27
26,85,1.2135993369514193,1.315077761612081,1.3520325950988679,1.887464591191296,1.2179247270931122,0.13389410485080475,1.0,1.0,0.1,1.0,0.2,154,11182.937183085902,6.24493072107009e+27
26,86,1.2155810928004052,1.3137905258927858,1.3485505558071995,1.8272628491208154,1.2196476162680974,0.15378509791092324,1.0,1.0,0.1,1.0,0.2,156,11111.67735638988,6.244930721105171e+27
26,87,1.215540070016698,1.3069850376429324,1.3435642201977525,1.828304561412986,1.2242607469518847,0.15366584282564552,1.0,1.0,0.1,1.0,0.2,160,11058.256646532484,6.244930721105111e+27
26,88,1.2155416638954184,1.3068826457914584,1.343457919485071,1.828212739653823,1.215521087079536,0.15368537406922378,1.0,1.0,0.1,1.0,0.2,163,11035.853201058288,6.244930721105139e+27
26,89,1.21553496480794,1.3031195048873843,1.3395541805849969,1.8248159802720616,1.2236240944193815,0.15374534702057308,1.0,1.0,0.1,1.0,0.2,165,11070.080971278274,6.244930721105097e+27
26,90,1.2155201405524445,1.303104438482575,1.3395391025048171,1.8333081644109102,1.2153600958850714,0.15359711336788096,1.0,1.0,0.1,1.0,0.2,169,11119.277114558174,6.244930721105096e+27
27,0,0.9128357294273195,0.8424228320538312,0.8342408137788613,0.48597058693068707,0.006184737396330513,0.06088099115512343,7.354376388012999e-05,0.0001154725846902,0.1,1.0,0.2,1,13285.392556290702,163435.0229973721
27,1,1.5330940349325324,1.800097381652324,1.7902663290630478,1.44980480745967,1.2462068666168924,0.00694198979736844,1.0,0.03683952174587175,0.1,1.0,0.2,2,12680.763594581496,161249.52647437155
27,2,1.3920041427662697,1.7887752818941414,1.77991893866644,1.445214353879601,1.104899404783587,0.01082797461161231,1.0,0.12542095285477922,0.1,1.0,0.2,4,10119.533826466764,72671.2836756909
27,3,1.3924348486188076,1.835475414040607,1.8271932682394685,1.497813193963348,1.1717619951885605,0.01083742173694059,1.0,0.5597368163178426,0.1,1.0,0.2,6,7084.076533840936,54911.47766518387
27,4,1.229586353386012,1.7099319589133473,1.7002068711551477,1.3773970274979699,1.1644601149350011,0.01082797461161231,1.0,0.12542095285477872,0.1,1.0,0.2,7,5391.005392756073,47472.27116797124
27,5,1.1810441103757168,1.6922960623658043,1.6829444897517756,1.390933470108416,1.1567201944397172,0.01761611116588254,1.0,0.26156208362765254,0.1,1.0,0.2,9,3690.234767120777,36753.56726036038
27,6,1.2788776762058292,1.790863473698493,1.7778548586340186,1.5028184177709816,1.376177252083271,0.013020587459361249,1.0,0.9690543204665634,0.1,1.0,0.2,10,3842.41479636316,1416345.2211779817
27,7,1.1749242591978069,1.6825782490725056,1.6708507730687467,1.3875002908712761,1.205967041357834,0.022498631232688977,1.0,0.5289637826747762,0.1,1.0,0.2,11,2253.6519450787173,26924.255927089325
27,8,1.076811010632724,1.5550627159948918,1.5431550844412194,1.2798235365891888,1.1760841604617123,0.02177103252593102,1.0,0.1936690257089798,0.1,1.0,0.2,13,1859.844546520599,16202.25936095243
27,9,1.0512524719523497,1.454915282357117,1.4414380946190986,1.2021383078845593,1.2604127939746248,0.02325118975856644,1.0,0.18034277094460832,0.1,1.0,0.2,15,555.194491364894,18753.036719274307
27,10,1.0554178332361808,1.420545021588497,1.4075351589566891,1.1851635720196638,1.1392709966560903,0.03847244509828552,1.0,0.2160259212774418,0.1,1.0,0.2,17,415.08152775424537,18991.895013677484
27,11,1.0548454620119045,1.4173258471076158,1.4062768744734848,1.1985774771256452,1.0558688736689923,0.03871677158706652,1.0,0.21477547569838973,0.1,1.0,0.2,19,424.7040380269103,17879.13338350239
27,12,1.0559921369585865,1.3976806396810595,1.385794151607268,1.1876550147018032,1.0989670479750997,0.03905505786187233,1.0,0.22863013229804138,0.1,1.0,0.2,21,335.35040970523613,20103.52683278712
27,13,1.0529329231426472,1.3865723583963798,1.374365526408774,1.1806258182733578,1.0658487056542731,0.03809343407216776,1.0,0.21650368770488043,0.1,1.0,0.2,23,294.93279224116304,18939.68034475505
27,14,1.0525680839570786,1.368402246089599,1.3554926808119168,1.1707836866516996,1.0889709612520488,0.037819207925293356,1.0,0.21997454204154315,0.1,1.0,0.2,25,240.870912246992,18255.386565257188
27,15,1.0490375633496893,1.3597517228696785,1.3466414110404474,1.1691422085864733,1.0562835236497603,0.03674435799257681,1.0,0.20416342291832193,0.1,1.0,0.2,27,227.47122819688832,16560.138678078096
27,16,1.0477411600632482,1.3540968117895629,1.3408159902591006,1.170422740941238,1.0534554806193093,0.03604450668583401,1.0,0.1990881555224516,0.1,1.0,0.2,29,213.0575246917916,16319.276341597571
27,17,1.0375217158338712,1.342898207636321,1.329579207180818,1.1690291077603392,1.037610463230779,0.03186131334486933,1.0,0.1503059542705303,0.1,1.0,0.2,30,173.80485802108493,15782.382289608406
27,18,1.0416974494558473,1.3444725760087979,1.333122387469076,1.1727280034137182,1.0555907512273366,0.03322087769010021,1.0,0.17140271110852537,0.1,1.0,0.2,31,182.98253414848355,13525.560079859692
27,19,1.0416817989047482,1.3377082613787155,1.3302365372683995,1.2015644235414908,1.0594564389713876,0.03010063363862018,1.0,0.1748838699311949,0.1,1.0,0.2,33,187.6461279229687,8424.6156654365
27,20,1.034592014336863,1.3283065163991583,1.3207450739171722,1.2063985803743342,1.0415190048156406,0.03002562828569146,1.0,0.13993338335734604,0.1,1.0,0.2,34,181.02722451858108,8539.726978706249
27,21,1.041806612411699,1.3206252405713048,1.3166281208396786,1.2083726551122218,1.1248665782727711,0.03377319169232526,1.0,0.17750769862055138,0.1,1.0,0.2,35,142.1807994904465,5380.114701188392
27,22,1.039502966280893,1.2813685048837753,1.2759572687631346,1.1836178140378208,1.1175433687755647,0.0314488243298518,1.0,0.17190803207561145,0.1,1.0,0.2,37,155.38665299136554,6630.399484015303
27,23,1.0407508438908788,1.2809539143225297,1.277550875346199,1.1967341827300064,1.0454591265286144,0.03239233983327617,1.0,0.1779964910437044,0.1,1.0,0.2,39,138.6325335144086,6392.663573842407
27,24,1.0407330512437851,1.280091974593986,1.276656757167843,1.1995922234915097,1.042582189543907,0.03239233983327617,1.0,0.17799649104370402,0.1,1.0,0.2,40,136.00666425404765,6396.602413893439
27,25,1.0388603057428178,1.272809895367232,1.2712403640185346,1.2100310985009526,1.0673075250528783,0.03315363357809177,1.0,0.16894253807083537,0.1,1.0,0.2,41,92.85737297302823,5631.7315224447975
27,26,1.038638449877663,1.2720064979919563,1.2704148243618982,1.2166853310930892,1.039518541333172,0.03331467310972336,1.0,0.1678105188823121,0.1,1.0,0.2,42,91.35055624413285,5442.4505004953935
27,27,1.0403385642899106,1.271057284509217,1.2714364683967723,1.2185237318357924,1.056348160343576,0.033154414222961545,1.0,0.17677140285284373,0.1,1.0,0.2,43,64.16777555944712,6759.721783093328
27,28,1.037757046271004,1.2523310325157684,1.2500257331914626,1.2062764245976771,1.05834289714649,0.03283817985280956,1.0,0.16531235790324622,0.1,1.0,0.2,46,71.74994987087588,5440.388598563904
27,29,1.0918659021927364,1.2923047486843249,1.283248556262881,1.2771542361936823,1.0970808594269954,0.03677373432694867,1.0,0.43466800146114337,0.1,1.0,0.2,53,293.119417036715,23703094.784577467
27,30,1.091833072354798,1.2939320604308593,1.2911543563554595,1.3174573779364216,1.0956973968345871,0.03677373432694867,1.0,0.4346680014611436,0.1,1.0,0.2,55,292.35642396140133,23706262.53340091
27,31,1.1014486115463997,1.2875958250385733,1.2779993028931929,1.2886476882564415,1.153516696679627,0.039720547100079,1.0,0.48207008883763025,0.1,1.0,0.2,56,318.770420915082,23333528.32384353
27,32,1.1023262799741653,1.2754144079157235,1.2653249897475882,1.2851617330552054,1.1303496163572868,0.04022904396017491,1.0,0.4869693321556342,0.1,1.0,0.2,58,315.67415854508414,23321691.787319627
27,33,1.0999834882943802,1.2623994569501056,1.2519077692710976,1.2806073375362748,1.1227997634316513,0.03838865297618464,1.0,0.4767290441053782,0.1,1.0,0.2,60,335.4070296676963,23332498.557764445
27,34,1.1052947169623275,1.2645304083127238,1.2559910424408889,1.293989509738883,1.1145054049992487,0.03946993853978487,1.0,0.502960730296424,0.1,1.0,0.2,62,375.6791558871079,23534177.10930121
27,35,1.0984422671972427,1.2515126074588518,1.2448132558578293,1.307735740588296,1.114311372842344,0.03877825079159519,1.0,0.46938232758000414,0.1,1.0,0.2,64,339.6591188221412,23487222.126800187
27,36,1.0975836945986521,1.2416801789532204,1.236715465010706,1.3061376319011482,1.1430882054329983,0.03788075849928993,1.0,0.46596805839035377,0.1,1.0,0.2,65,536.2443443810046,24115723.78775748
27,37,1.0979741880194116,1.2388499637281225,1.2358364046947634,1.3263937950996947,1.1071562551779928,0.03816849572749897,1.0,0.46794521845135284,0.1,1.0,0.2,67,538.7616831916935,24123484.36625897
27,38,1.1001269104205813,1.226807165973658,1.2211881018875814,1.3045011401783324,1.1563636980310001,0.03810489746109758,1.0,0.47919012175026837,0.1,1.0,0.2,68,450.1179142437308,23860401.71552968
27,39,1.0989875371209252,1.225335218822163,1.2197036696990688,1.3116062600731886,1.099977450048438,0.0380107452310679,1.0,0.4735511944064782,0.1,1.0,0.2,69,469.6297727728872,23906666.24576725
27,40,1.1001605485843773,1.2218895636083882,1.216084565331455,1.3039260314491665,1.1200730498644142,0.03803550959752947,1.0,0.47955098963213005,0.1,1.0,0.2,70,441.6443369532087,23864478.660060484
27,41,1.1000945053654803,1.220719951725635,1.2169458507283426,1.334538660234762,1.1050189271860398,0.03806593392646642,1.0,0.4792802604018146,0.1,1.0,0.2,72,445.5944313553286,23860682.294472925
27,42,1.0989562104994524,1.2193646479664055,1.215582387744294,1.341808037176857,1.0994861686565702,0.03797182865932549,1.0,0.47364244683965273,0.1,1.0,0.2,73,464.31929352891575,23906301.763292592
27,43,1.100581934611324,1.2199659715732702,1.2161452621862938,1.3339097674269431,1.10466858119148,0.0383101696584562,1.0,0.48163273768791404,0.1,1.0,0.2,74,461.3203852453859,23873891.42555885
27,44,1.1001438774477899,1.2183519252324866,1.2144870769769516,1.3363545818283384,1.1049068996962137,0.03799666412939487,1.0,0.47963423355281887,0.1,1.0,0.2,75,436.903715270339,23864337.72216808
27,45,1.0995576795624347,1.2175631010628452,1.2136906685923097,1.3268585503103318,1.1000375295703073,0.0381506596520919,1.0,0.4766322607475849,0.1,1.0,0.2,76,440.8016007216185,23894775.22217229
27,46,1.099556513874561,1.218691290607438,1.2169334991936764,1.3480367301856042,1.0995764907719259,0.0381506596520919,1.0,0.4766322607475851,0.1,1.0,0.2,78,441.0297493001186,23894965.16294658
27,47,1.1218862508252543,1.2390773848086833,1.235174389762686,1.3690145599755321,1.12419495263442,0.0382827269652043,1.0,0.5882330646018532,0.1,1.0,0.2,79,439.7860075991106,23897400.2769358
27,48,1.1009380559388613,1.2177326791161474,1.21381479986682,1.3595383255425268,1.1022739600447191,0.0382560576305419,1.0,0.48351701023205074,0.1,1.0,0.2,80,437.96792897124215,23894581.73413422
27,49,1.0995497877664266,1.2185729702285935,1.21888325259369,1.3795126347424993,1.099768139677609,0.03814886171614163,1.0,0.4766416629521406,0.1,1.0,0.2,83,441.625285078213,23895436.13101303
27,50,1.157848989631633,1.2712309069105963,1.2671849906468142,1.4409768316933793,1.1706154489472276,0.03816523342708356,1.0,0.7682149882899989,0.1,1.0,0.2,84,441.5808002070039,23895469.61537719
27,51,1.0857314669151155,1.1909803302456137,1.1907739736884417,1.3824058125553411,1.1012341151631448,0.038212578087368346,1.0,0.40789181031948296,0.1,1.0,0.2,87,451.40009089227823,23891942.119076498
27,52,1.0856762379804366,1.1889074840084175,1.192770172624314,1.3618630557484646,1.0922227527523263,0.03820875652517996,1.0,0.4077328974018589,0.1,1.0,0.2,90,452.0128973236096,23892013.665741
27,53,1.0857192893370409,1.1873174210820958,1.1911188751734902,1.3685739490267903,1.0890119393912991,0.0381389950604176,1.0,0.40802207330649853,0.1,1.0,0.2,92,443.2076896969608,23895672.05527956
27,54,1.1070862259748502,1.2164587945054643,1.2329857115789724,1.6346147907135746,1.1068123065832765,0.037935932912969525,1.0,0.514962778131465,0.1,1.0,0.2,123,279.6714134668032,23642875.431593664
27,55,1.1070854282955878,1.2176164323409848,1.2362591148538076,1.6616678334410415,1.1071551625517597,0.037935932912969525,1.0,0.5149627781314648,0.1,1.0,0.2,125,279.8020035341183,23643407.5643203
27,56,1.1065831219633386,1.2088599200964505,1.2209762190105797,1.6429720280440323,1.1251134829699003,0.03794767243344901,1.0,0.5125441325782604,0.1,1.0,0.2,126,268.49010912821313,23626255.87524495
27,57,1.106266728358301,1.209085604568247,1.2232945665115094,1.6433353753790323,1.109443433800028,0.03787317664934267,1.0,0.5110171272592529,0.1,1.0,0.2,127,269.30426198729515,23635214.44755612
27,58,1.110438987620113,1.2127622532638949,1.2269526239272812,1.6780955616663888,1.110715840464391,0.03887285232637727,1.0,0.5313896628542822,0.1,1.0,0.2,131,288.5666511195608,23648155.18823225
27,59,1.1111941874820097,1.205168762839056,1.2211187232806062,1.6634373016644268,1.132241515616676,0.03792664261530996,1.0,0.5358445477852342,0.1,1.0,0.2,133,304.4954872576563,23645141.788279213
27,60,1.1101311552623725,1.2021353200061722,1.2200838543819184,1.6739594935744837,1.1135563213899928,0.037862341514617856,1.0,0.5306275227318962,0.1,1.0,0.2,137,302.0855831980081,23645152.71446872
27,61,1.1064436360476773,1.195980734185021,1.2117644909676246,1.6804340342249446,1.1112939519490146,0.037964676076784346,1.0,0.5121611768213032,0.1,1.0,0.2,138,297.6069509317363,23652462.371079244
27,62,1.1101240857930017,1.2016157824828726,1.2216175341642461,1.6998468312147836,1.1128602046967748,0.037862341514617856,1.0,0.5306275227318964,0.1,1.0,0.2,139,302.36595191496224,23646141.53046556
27,63,1.1099068607476323,1.200587280505835,1.2226310509149614,1.7298144010272838,1.1128367125917908,0.03788260691563551,1.0,0.5295719191914345,0.1,1.0,0.2,142,301.9259339755214,23624060.0692378
27,64,1.0942967501754972,1.1798941488323587,1.197602756793516,1.7147229432011606,1.1047764401880074,0.03839047269401976,1.0,0.4513125425444449,0.1,1.0,0.2,143,295.73696608668644,23635872.968104687
27,65,1.106237381651245,1.1931039584469754,1.2150049120273592,1.7402418127755013,1.1090934533549985,0.03824129534257138,1.0,0.5111155309901402,0.1,1.0,0.2,145,285.9025610494145,23625460.67149823
27,66,1.0906024639245644,1.1698670116222791,1.18733856774712,1.761427749295838,1.0917077822411836,0.03694419548279736,1.0,0.43367680735335623,0.1,1.0,0.2,162,301.1709161790076,23853023.886516
27,67,1.0930581285262677,1.176824227634163,1.2027539141567278,1.8332577054385606,1.0932452055800008,0.03701207639882108,1.0,0.4459350299306493,0.1,1.0,0.2,172,324.5337331609426,23913374.95253735
27,68,1.0909734554065154,1.1666660562381137,1.1860763111755483,1.816756891966492,1.108906955811884,0.0374362952118392,1.0,0.43536796954122314,0.1,1.0,0.2,173,289.1279691588205,23867118.487613898
27,69,1.0902373398507372,1.164721795221633,1.184086821631492,1.8282615264241304,1.0918109634533208,0.03691579468261239,1.0,0.4319673081858154,0.1,1.0,0.2,176,296.3823177539098,23848482.64335056
27,70,1.0894450048665147,1.1699841563605697,1.1999378804780239,1.8787755625823688,1.090151826799238,0.03702021708888607,1.0,0.42796280902709816,0.1,1.0,0.2,179,303.67075887632217,23890647.609497253
27,71,1.0888949940112196,1.1682401896714254,1.1981492080891614,1.9090373397341813,1.0900619728526073,0.03723895761985127,1.0,0.42512250464693063,0.1,1.0,0.2,183,320.2673028679671,23892493.38413935
27,72,1.090017214433269,1.168246815269939,1.1981141037611496,1.9228155031997416,1.0915069479341253,0.03711859816901434,1.0,0.4308113927070857,0.1,1.0,0.2,186,306.9249843684207,23894245.949127264
27,73,1.085719442250515,1.1581730175442395,1.1878241718108014,1.9269767062427132,1.0940527678265641,0.037502141308537816,1.0,0.4092189203450897,0.1,1.0,0.2,189,294.73958672475044,23901397.45113688
28,0,0.6752532219658174,0.8018196451371575,0.7944261355672612,0.44728829279537724,0.0,0.0,0.0,0.0,0.1,1.0,0.2,1,6048.223969288652,118378.7349799152
28,1,0.6711373761996612,0.8025353155692222,0.7972410795396186,0.45067484240871947,0.001332585006775618,0.0,0.0,0.0,0.1,1.0,0.2,3,5882.20909955556,120702.4992903573
28,2,1.4220211925193773,1.8509852798972646,1.8412819115793726,1.5129139965290737,1.4464272475032558,0.01240954301882123,1.0,0.5492035227261286,0.1,1.0,0.2,4,10043.861629966152,167719.7820838908
28,3,1.2740408252534259,1.866531323780553,1.8566821287401398,1.540707444078089,1.4611132388769248,0.029381276512360936,1.0,0.9157702966318488,0.1,1.0,0.2,6,1733.2361905858588,26858.104118900967
28,4,1.2740195634955924,1.8664743004635893,1.8566210058475003,1.544464905670406,1.186513705546896,0.02938413750053791,1.0,0.9160346391769012,0.1,1.0,0.2,7,1731.6449508854214,26847.90081822675
28,5,1.2304189467221207,1.6881710426754728,1.6730962939895693,1.398308558631048,1.715073461889572,0.03359454420585392,1.0,1.0,0.1,1.0,0.2,8,531.9456952427159,16060.618365826696
28,6,1.164104547914865,1.6139769027873152,1.5964486257627868,1.3246954397137523,1.158884685948952,0.0317466826431403,1.0,0.6810053069772277,0.1,1.0,0.2,10,533.79634955376,19694.78482835225
28,7,1.1097541008896317,1.5063721492478883,1.4884761500073267,1.239789476473114,1.2432945861374323,0.03570183855022258,1.0,0.46807320705860594,0.1,1.0,0.2,12,326.69846262674537,7849.970053622274
28,8,1.1179679833937997,1.5095295379889409,1.4934818208190586,1.2502422910491324,1.1233518302370538,0.033684173350371646,1.0,0.5149285187345745,0.1,1.0,0.2,14,295.6089711354007,7974.827934704372
28,9,1.0759762151908205,1.4364369632854022,1.4170333115144378,1.191692836939282,1.1393054453714795,0.03252380998291643,1.0,0.32205017520203133,0.1,1.0,0.2,16,414.482230414346,12135.147152040796
28,10,1.0751580551639652,1.4334629328063844,1.416039821627826,1.18773677839157,1.0753338773676435,0.03247212235485123,1.0,0.3195466043294225,0.1,1.0,0.2,18,400.3731323168944,12090.796795182876
28,11,0.8379603635077406,1.1941171027700477,1.1766067006372933,0.9569253741774891,0.8352827991101351,0.032542869014492035,0.7789542901718247,0.23970204702959136,0.1,1.0,0.2,20,384.4554457293987,11744.755622833723
28,12,0.8379603477943953,1.1941170869961752,1.1766066848634213,0.9654132445541869,0.8301490675845246,0.03254286919420676,0.7789542759033211,0.23970203941289148,0.1,1.0,0.2,21,384.4554612984805,11744.755351104275
28,13,0.845416198605449,1.1831428204489698,1.1648910805596224,0.9616640101052144,0.9260704625862446,0.03255701546003066,0.7805371172353633,0.2762789782663694,0.1,1.0,0.2,22,251.1614122592744,105917.59398490054
28,14,0.6741710263008781,1.0065653677414363,0.9860315530954343,0.8038216602103486,0.6728677261190954,0.03245205746616152,0.6203409295507051,0.22248971796236267,0.1,1.0,0.2,26,239.58691633076896,108092.84561491496
28,15,0.6966529855131628,1.014764788087382,0.9936653253660539,0.8191351214067986,0.7575148794482738,0.03880065049986152,0.5442853728484246,0.7164008202611916,0.1,1.0,0.2,27,78.41307361687652,8807977.465104371
28,16,0.8215309497038675,1.1076395671088721,1.0894301262023287,0.929151621999667,0.9769439727387931,0.0395058631213496,0.643531891521014,0.8524182447427646,0.1,1.0,0.2,28,73.54325793565526,8824950.660019942
28,17,0.8164098991078772,1.0904267828203529,1.0696789230566528,0.9258067443042359,0.8376826502562043,0.03923807385094136,0.6390680063094538,0.8512461220779546,0.1,1.0,0.2,30,69.55272592221873,8826457.813378438
28,18,0.8164098933723525,1.0904267770645866,1.0696789173008865,0.9188902473340006,0.8132410902629155,0.0392380738737251,0.639068001147634,0.8512461190968302,0.1,1.0,0.2,32,69.55272675269188,8826457.805838779
28,19,0.8058519566133997,1.0806411830573595,1.0619939955582072,0.9385442328436927,0.8039630975585594,0.0388337628124462,0.628854498046356,0.8498223274916155,0.1,1.0,0.2,34,75.55720074166369,8819224.77468943
28,20,0.8101824531211115,1.0814172956053465,1.0626329985488192,0.9361557931160285,0.8232420615899894,0.03953378611530176,0.6316032773617095,0.8579819610941364,0.1,1.0,0.2,35,66.86072329190937,8834106.643809324
28,21,0.8702719579113131,1.1256548226071281,1.1083322019156354,0.9872477177799159,0.9066599995272724,0.04315949260948519,0.6802169747541501,0.9161609857272299,0.1,1.0,0.2,37,58.801360500654496,8994916.589077525
28,22,0.8702436043726843,1.12589081400045,1.110649625709753,1.007211631577025,0.8700877717807506,0.04315949260948519,0.6802169747541501,0.9161609857272299,0.1,1.0,0.2,39,58.76377559290452,8995238.065961134
28,23,1.0484598688227003,1.2920445193166272,1.2825559976505612,1.1616384903080579,1.1183029606272668,0.03720194273979718,1.0,0.21331862571239943,0.1,1.0,0.2,40,56.03348301649826,5818.548024913403
28,24,1.0484598688227003,1.2920445193166272,1.2825559976505612,1.1678851632674732,1.0463840141297136,0.03720194273979716,1.0,0.2133186257123994,0.1,1.0,0.2,42,56.03348301649813,5818.548024913434
28,25,1.0484052900320608,1.2908540959940795,1.2813221819348912,1.1605620564454056,1.0514449026946844,0.03713958950999295,1.0,0.21320714085191553,0.1,1.0,0.2,43,56.03591883147618,5818.920863142223
28,26,1.0485773094867195,1.289947331373248,1.2803742964315816,1.1672671045848801,1.0513844138144663,0.03741906639240096,1.0,0.21404976673232712,0.1,1.0,0.2,44,58.676589637887936,5884.498151358897
28,27,1.0440046225090824,1.2840631997135437,1.2765115847540407,1.1970968780468652,1.0538646758520025,0.035255380854596306,1.0,0.1925618307688808,0.1,1.0,0.2,45,43.51905389745172,6105.026388021798
28,28,1.0436393291564947,1.2767217334506762,1.264761250939352,1.1682041896578947,1.0610855911081496,0.03436140465271146,1.0,0.19164510759135708,0.1,1.0,0.2,46,35.76462622454581,5717.846873296839
28,29,1.04384734334443,1.2777433195544252,1.2699569269925526,1.1990024000087973,1.0502565863670679,0.03525560760196278,1.0,0.1924294559727756,0.1,1.0,0.2,47,36.26767922568215,6098.532569369661
28,30,1.043624364001284,1.2673911151804618,1.2550761732787266,1.167207824152076,1.0753099586614765,0.03460379965920879,1.0,0.1923789728148696,0.1,1.0,0.2,48,36.39934704901354,5733.905721122917
28,31,1.0446550898820097,1.2656429392952755,1.2532224437510249,1.1768331072220923,1.0554175888233581,0.03392151380741615,1.0,0.19813406165629094,0.1,1.0,0.2,49,31.95173398882469,6156.05148162795
28,32,1.043699705427397,1.2620148811091771,1.2494928308242301,1.169777105166026,1.05403610437123,0.03484536010607339,1.0,0.1931386187552713,0.1,1.0,0.2,50,37.61469010028045,5755.0839347312485
28,33,1.0440049894050236,1.2607871880574828,1.2461352572416537,1.1593810352331624,1.0433351273970561,0.0346528615171783,1.0,0.19477969278185375,0.1,1.0,0.2,51,34.43455146868995,5842.866194646584
28,34,1.044124642069525,1.2594000266311245,1.2488343224737928,1.1768580919160765,1.0611616193000468,0.0347059050086714,1.0,0.19571635148665592,0.1,1.0,0.2,52,34.73582554261976,6022.53766771719
28,35,1.0442659629450035,1.2575098867316068,1.2468670584198485,1.182674964833973,1.0473147397545992,0.03494479022879471,1.0,0.19647599742705785,0.1,1.0,0.2,54,36.51255846749629,6062.23082899048
28,36,1.0439900986989012,1.2570508440682566,1.2464010624484623,1.1968135483363278,1.0433953560115503,0.03511341528273424,1.0,0.1950289332850656,0.1,1.0,0.2,55,32.74933445243275,5841.609680308633
28,37,1.0444308518801417,1.2549595097236368,1.2442137036884189,1.187909770851908,1.0542407818009576,0.0351591826131536,1.0,0.1974187266046634,0.1,1.0,0.2,56,32.48408069395215,5958.362443069285
28,38,1.0440966258012532,1.2545716114104377,1.2438237959006193,1.2021833500788095,1.0428753028667697,0.03516677328218671,1.0,0.19574764398893044,0.1,1.0,0.2,57,35.11984222463043,5838.589552051913
28,39,1.043738281500673,1.2521145388016408,1.241287190170242,1.2075443938422707,1.051685162184401,0.03470148785187484,1.0,0.1943580809438288,0.1,1.0,0.2,58,30.397119750789173,5810.499897631484
28,40,1.0439992828380706,1.2473767453587654,1.236360016806714,1.207107295817118,1.0649143489193011,0.03510036836687875,1.0,0.19585272302759008,0.1,1.0,0.2,59,30.93039019579733,5867.486577337544
28,41,1.0374392313551188,1.2389074133236202,1.227818321334711,1.209949829336406,1.0403934768360894,0.03503270908170296,1.0,0.16322967642055425,0.1,1.0,0.2,61,31.05205923632745,5888.230364676779
28,42,1.0437057827321408,1.2431950908475442,1.2320311524938614,1.2147267092735035,1.051248278258966,0.035100879804420324,1.0,0.19467414460838967,0.1,1.0,0.2,62,28.23426661416924,5824.540350101767
28,43,1.0441031513923038,1.2417936634172095,1.228489728342896,1.207116517747875,1.0450729075644731,0.03507901523885544,1.0,0.19670827638045246,0.1,1.0,0.2,63,28.00871059109868,5937.413068988855
28,44,1.03712578700941,1.2337988882638538,1.2246002429590461,1.2347934128574658,1.0521011410734684,0.035118626119657895,1.0,0.16206065492105948,0.1,1.0,0.2,64,31.83199532301695,5905.606131812378
28,45,1.0371257312190638,1.2309241092063543,1.2195448666214674,1.2296980298942717,1.0393855698879872,0.035141263455023206,1.0,0.16215634435681148,0.1,1.0,0.2,66,29.27172454576174,5911.593947252904
28,46,1.0372795400266006,1.2279281468756473,1.2164297465409335,1.2270233364295766,1.0501569133631912,0.034981432515494335,1.0,0.16321867756015934,0.1,1.0,0.2,67,26.07511760780243,5956.185963312712
28,47,1.037765733214777,1.2269081952303316,1.215352913308235,1.233849948163688,1.0399735328182254,0.03572671716442587,1.0,0.16537589576797643,0.1,1.0,0.2,69,30.61053773540459,6035.035613718782
28,48,1.0372695337131181,1.223533670614552,1.2118695859520376,1.234614281753688,1.0489595397154194,0.03512692721759494,1.0,0.16338047673761807,0.1,1.0,0.2,70,27.64426618277559,6005.65868376776
28,49,1.0374272814334076,1.2237451472674685,1.2141550744644127,1.2413674273158553,1.042002461355668,0.03479896413445377,1.0,0.16441348590028546,0.1,1.0,0.2,71,25.81548852546626,5893.175043622947
28,50,1.0530378407426226,1.2321970054564286,1.2264806430560444,1.2676697240227215,1.0955952035785228,0.03495137608546259,1.0,0.24297574187872337,0.1,1.0,0.2,72,24.425685291524527,85467.03661067404
28,51,1.047160367970024,1.2196582076062379,1.2116185567438127,1.2452596296455385,1.069882000731541,0.03401820224275307,1.0,0.21434916355038128,0.1,1.0,0.2,73,14.486211506877808,82296.37570158977
28,52,1.0509149331844823,1.210371660376387,1.2018406099136696,1.245067939203618,1.079004644768562,0.03427545068973961,1.0,0.23364868305124942,0.1,1.0,0.2,75,15.419911106498445,83409.71067900394
28,53,1.0510275129103182,1.204625965292706,1.1958743677784214,1.247703462520737,1.0632723766019065,0.03446770711094297,1.0,0.23438254827476218,0.1,1.0,0.2,77,16.236572074364137,83814.52541311833
28,54,1.0510248468677592,1.2056482706110472,1.1990073956007246,1.271161451020268,1.0509901928189935,0.03446770711094297,1.0,0.23438254827476218,0.1,1.0,0.2,79,15.953340418713523,83857.30173951758
28,55,1.0509714288459675,1.1999691557894496,1.1910444374354139,1.2552038060122532,1.069314298176867,0.03438267642495796,1.0,0.2343435959175812,0.1,1.0,0.2,80,15.943672502989862,83712.6317892856
28,56,1.0514165072551724,1.200307934408472,1.1934513723594198,1.2624476916059704,1.0570767607591494,0.0343200918718157,1.0,0.23666017750321822,0.1,1.0,0.2,81,13.010216247649554,83914.98590435772
28,57,1.050824828331985,1.1959989708711956,1.1890025790552594,1.266397010962735,1.0584106004486753,0.03422435382159752,1.0,0.2339013748415487,0.1,1.0,0.2,83,12.371290954899033,83573.44634845034
28,58,1.0428655522667958,1.185175330400511,1.1759990788868575,1.260995350366972,1.0490436649222565,0.034240093093438964,1.0,0.1941581802953453,0.1,1.0,0.2,84,14.254848170045026,84032.70905538308
28,59,1.0407960598264543,1.175851953860746,1.1684751977019354,1.2394713332065586,1.0787066933104974,0.03439903557718937,1.0,0.1840599354827204,0.1,1.0,0.2,85,15.367682592165972,45706.39998145487
28,60,1.040760432333969,1.1719427438733276,1.1664927584362963,1.2546837701106817,1.0514280933374347,0.03439903557718937,1.0,0.18405993548272043,0.1,1.0,0.2,87,14.092982599377589,45556.27018224546
28,61,1.0408717018689617,1.1695823587046457,1.1619672678563246,1.2457468665506577,1.0454175442744142,0.03445147747646491,1.0,0.1846290330911644,0.1,1.0,0.2,88,14.638143222697606,45721.0489020649
28,62,1.0404014766955123,1.165278588142069,1.1595917475847306,1.264804599101642,1.0632348803807823,0.03468748360703719,1.0,0.18233407393650308,0.1,1.0,0.2,89,15.517319195142727,36632.25208894988
28,63,1.0407429612476897,1.1619150729818315,1.1540169101056448,1.2547810364127845,1.050237563663339,0.03473925653673512,1.0,0.18408718713803002,0.1,1.0,0.2,90,15.022379823653742,36429.36611522005
28,64,1.0407038040371954,1.1544204460217509,1.1462424724120344,1.2480225089778394,1.07314372375473,0.03467487137751748,1.0,0.18414866366699123,0.1,1.0,0.2,91,14.01848773372888,36717.88828541845
28,65,1.0400574124724449,1.1545940528634286,1.1485191276364202,1.275247373482173,1.04077000973184,0.03472039451060094,1.0,0.18090864417470406,0.1,1.0,0.2,93,13.826970767041242,36579.609610124826
28,66,1.0398987217507971,1.1536763385903082,1.1496452614254347,1.289675342585403,1.044102293242322,0.034581645480849035,1.0,0.18024425696103,0.1,1.0,0.2,95,13.488836989654075,36534.34108201851
28,67,1.039853470842882,1.146842899971706,1.1404848654884803,1.284362760797863,1.0475104207753976,0.03465260373035452,1.0,0.18013294354938497,0.1,1.0,0.2,98,13.23633086951006,27598.733730432246
28,68,1.0398206958452767,1.1428482085686253,1.1342692648770218,1.2694068030520618,1.0510744309285491,0.03474509235514101,1.0,0.1799924588614038,0.1,1.0,0.2,99,13.249563718950284,36946.156430051815
28,69,1.0398483075705567,1.1418434703596436,1.135298170206113,1.291940776156451,1.0447043998353263,0.03479187338663456,1.0,0.1801678919490458,0.1,1.0,0.2,101,12.61295372726615,27594.56326963888
28,70,1.0396932797611644,1.1413106538046236,1.1347511836793835,1.2954743647769855,1.0410224278675226,0.03467480192136822,1.0,0.17946088877973224,0.1,1.0,0.2,102,13.260183018715798,36903.55748425472
28,71,1.0400092905964873,1.1426124358946712,1.1381622452432476,1.3122812995488613,1.0401835707211147,0.0347519889108939,1.0,0.18101107278123588,0.1,1.0,0.2,105,13.341412658875756,37104.71735070882
28,72,1.0399763280188006,1.139752010242574,1.135195823469784,1.3137635275339603,1.052089716773388,0.03485396830585197,1.0,0.1808656412646744,0.1,1.0,0.2,106,13.54215939762746,36766.24724319276
28,73,1.039969490002699,1.1396549211856302,1.1350953218346271,1.3177449118933355,1.0400502030316467,0.034830404122412464,1.0,0.18084544934669064,0.1,1.0,0.2,107,13.6220271776312,36757.44224809009
28,74,1.0399919402153421,1.138875857080713,1.134286225858176,1.321116845619518,1.0432068544369393,0.03469932327066675,1.0,0.18104283442546681,0.1,1.0,0.2,108,14.730479859300775,36746.62590987325
28,75,1.1233720166910064,1.2223404941159348,1.2198263543220595,1.4420588533412229,1.124442773180065,0.03836395854605097,0.9192282386213628,1.0,0.1,1.0,0.2,112,10.463205069077476,21810.400727260745
28,76,1.1233663343438927,1.2224627835111348,1.2220257831548507,1.4665225999531961,1.1256823829179492,0.03836395854605097,0.9192282386213624,1.0,0.1,1.0,0.2,114,10.130835644278095,21872.170007521778
28,77,1.1240596595135308,1.2223341058803707,1.2218662917642995,1.4706932119121898,1.1273782622267845,0.03878115128288638,0.9198837305803609,1.0,0.1,1.0,0.2,115,12.404244973438878,22066.945349194066
28,78,1.1236411417755328,1.2218365669735094,1.2213657764790675,1.474421971290444,1.1236916698590358,0.03874714116304226,0.9194689856018778,1.0,0.1,1.0,0.2,116,11.699821316799303,22101.24302187224
28,79,1.1225188875971162,1.2143036186673246,1.2135925883978143,1.47174314568843,1.1504581106537854,0.03850206024543078,0.9184004450915172,1.0,0.1,1.0,0.2,117,10.29617359223168,21979.967215205463
28,80,1.1343419477433663,1.2162859485893562,1.215206254730144,1.4747002625717454,1.177396099750481,0.03486788299885879,0.9306282209404332,1.0,0.1,1.0,0.2,118,10.71960749570666,30217.880380452
28,81,1.115656548072757,1.1986189917010175,1.2037946076397883,1.4575631548044263,1.1197848273105524,0.03765144659398116,0.9116761163982099,1.0,0.1,1.0,0.2,121,13.564113586575248,23707.92332888337
28,82,1.1166559915804126,1.2002049128618122,1.2074748860441873,1.4625425899285487,1.1197016922365677,0.03714870632553719,0.9127286926371742,1.0,0.1,1.0,0.2,122,13.178006057755214,23724.955992425766
28,83,1.1173541659779453,1.2011567937978112,1.2105086673286982,1.43677793816698,1.119505963150737,0.03708091681837575,0.9134377509163285,1.0,0.1,1.0,0.2,124,13.18307068957072,23755.61920208043
28,84,1.1174156530768553,1.1990034184187004,1.2061999280150646,1.4948603614343698,1.1191629469708975,0.03758748426959106,0.9134519406735049,1.0,0.1,1.0,0.2,126,11.731375588265,30938.56337551924
28,85,1.2039055894385402,1.274845370262739,1.279570831121589,1.5913098527555691,1.244708902527324,0.03734147713498001,1.0,1.0,0.1,1.0,0.2,127,10.406271185719037,21603.377943979453
28,86,1.1449746992510077,1.1993103177144708,1.201341956462132,1.5400490547056565,1.1672263179967481,0.034459281757557705,0.9414058717096786,1.0,0.1,1.0,0.2,130,10.14475167309796,24815.842844394312
28,87,1.1446751077456312,1.193723412214891,1.1914123425198175,1.5186923318332837,1.148430188916724,0.03485855272004187,0.9410740200516517,1.0,0.1,1.0,0.2,133,9.327910360107392,21046.31267246653
28,88,1.1808051814331977,1.2221168048372562,1.2195163122687311,1.5689339425740163,1.1920223257895595,0.03538027146997136,0.9771731844349951,1.0,0.1,1.0,0.2,136,8.826723565561087,21036.66289916816
28,89,1.1455246922072173,1.1844272570166177,1.1838091045517787,1.5696297841616096,1.1477863995137634,0.034725207539210726,0.941967913015916,1.0,0.1,1.0,0.2,143,11.154908043310016,21927.17717184587
28,90,1.1457516722642564,1.1835662767914137,1.182907463599859,1.5773854276796218,1.1504532277316528,0.034457106459712374,0.9422244638475077,1.0,0.1,1.0,0.2,144,10.72470817555165,21785.24420716742
28,91,1.1450760216126508,1.178104184789711,1.1772663470987386,1.5723889106975213,1.1660015461205402,0.034671414316406315,0.941539149178215,1.0,0.1,1.0,0.2,145,10.116571603233949,21452.36945097201
28,92,1.1443186850008005,1.1767195255976186,1.1758582079760656,1.5795735178608818,1.145627279295103,0.03504424485712361,0.9407460312351625,1.0,0.1,1.0,0.2,147,10.29966782542764,21465.02223909061
28,93,1.149550757665188,1.1797706106025196,1.178827741214244,1.6083686594409377,1.1514049460754112,0.03428569789575481,0.9460591115983318,1.0,0.1,1.0,0.2,152,9.169580935598896,21272.88872452592
28,94,1.1495340132774208,1.1803501981983686,1.1815021373163854,1.6220262472970497,1.1526718914633745,0.03429955816022004,0.9460426764265801,1.0,0.1,1.0,0.2,153,9.130742288618505,21256.25577933993
28,95,1.14834540278048,1.1767322737714976,1.175720871854156,1.6140134554294419,1.1498993089276561,0.03435202966388095,0.9448513584863951,1.0,0.1,1.0,0.2,156,9.420401146515172,21358.416130182024
28,96,1.1487859256622495,1.1784581668563865,1.1795673045617125,1.645972610633127,1.1489118430071366,0.03432185101032944,0.9452949953360384,1.0,0.1,1.0,0.2,157,9.424924632659614,23292.06424669027
28,97,1.1519204201432154,1.1841081336749832,1.1915287335553244,1.7131450242768353,1.1524015405015766,0.03433255907125032,0.9484317536501171,1.0,0.1,1.0,0.2,169,10.19470268797092,24439.44703599346
28,98,1.1524301987202477,1.1840900041903881,1.1914908937795536,1.7159805070881622,1.1535354195526504,0.03430263477141437,0.9489457136740447,1.0,0.1,1.0,0.2,171,9.468846145920788,24369.13321650102
28,99,1.152483787943631,1.1851641151014682,1.1946756165265449,1.7304901072596446,1.153103251466429,0.034276802222106564,0.9490025734237042,1.0,0.1,1.0,0.2,173,9.362581801513434,24364.52260277418
28,100,1.1525081328790323,1.1835743463394768,1.1909529888715344,1.71987462851132,1.1537139308849353,0.03444602863403948,0.9490106367241549,1.0,0.1,1.0,0.2,174,10.071035788174491,24503.8873356348
28,101,1.165612137195898,1.1976436190437818,1.2071308318025717,1.7518001051734295,1.1671498516837124,0.03428074077514347,0.9621319763065239,1.0,0.1,1.0,0.2,175,9.668054798016511,24369.6870177234
28,102,1.1406072227691373,1.1725408573065939,1.1820244226601635,1.7354768017698399,1.1407716746386096,0.0343426838800363,0.9371210867132292,1.0,0.1,1.0,0.2,177,9.424734720879986,24436.456227871786
28,103,1.1350867220228422,1.166682995488594,1.1761539544536077,1.7340348548772637,1.1365151465809864,0.034356494510620686,0.9315999523388747,1.0,0.1,1.0,0.2,178,9.477086378085607,24437.10353208256
28,104,1.137379190499493,1.1671505667843785,1.1744808263632747,1.7340471079300694,1.1395144445731444,0.03434267441439997,0.9338949022147505,1.0,0.1,1.0,0.2,179,9.421537265886768,24443.72227949379
28,105,1.1350475793603307,1.166093692287502,1.1755440887182738,1.7466506280089134,1.135112911200376,0.034346376861954894,0.9315630366056867,1.0,0.1,1.0,0.2,181,9.394040637089356,24443.11115630002
28,106,1.1423536359574222,1.1732449942138987,1.1826896069328336,1.7625872504766287,1.142649059348359,0.03431699844084133,0.938872376107293,1.0,0.1,1.0,0.2,183,9.57489017585868,24546.169905044087
28,107,1.1453955175988166,1.1725046414966624,1.1776628575283155,1.733939929470277,1.148564088584251,0.03438301706206743,0.941910114257702,1.0,0.1,1.0,0.2,186,10.081564464591263,21424.102396796046
29,0,0.673366781333448,0.801540797771619,0.7941369308808374,0.4470365157969905,0.0,0.0,0.0,0.0,0.1,1.0,0.2,1,5841.8171619832165,127914.9209414569
29,1,0.6705727205850277,0.8011245520528112,0.7937051546863003,0.4466575846596918,0.0018125875829078637,0.0,0.0,0.0,0.1,1.0,0.2,2,5840.410694660842,126336.57688565612
29,2,1.491582914320192,1.9013172133596579,1.8920376492777764,1.5621482549329264,1.297097400191817,0.029356482706134952,1.0,0.735594215162122,0.1,1.0,0.2,4,6050.916271883968,64288.621451799416
29,3,1.231483332113119,1.6884682999159428,1.6712991652393316,1.3873593970583682,1.7542977359993435,0.0424178884697039,1.0,1.0,0.1,1.0,0.2,6,608.8326346081732,16684.92032092327
29,4,1.225637044660571,1.6662035230950685,1.6502801577872483,1.3822006558149353,1.255409571910084,0.041396256506251936,1.0,1.0,0.1,1.0,0.2,8,491.86128162264754,16923.346016064366
29,5,1.1802345032396435,1.5773936260802113,1.5595207373443738,1.2959162967304798,1.2820309338676783,0.042760987211126325,1.0,0.816548212096009,0.1,1.0,0.2,10,265.83831502003306,7630.376623982601
29,6,1.185825064389512,1.5680174185202076,1.5495112173936576,1.2927308950077074,1.2123620268397388,0.0423067643663449,1.0,0.8547754399909288,0.1,1.0,0.2,12,276.63909174050417,5555.67204329839
29,7,0.8524621530538263,1.2273255688387092,1.208514156487819,0.9602923899429093,0.8785110720705405,0.04299616437735547,0.7294146766305591,0.5448065237947783,0.1,1.0,0.2,13,276.8732376999355,117762.26280165634
29,8,0.8614385742069621,1.21421070459276,1.1965633301996619,0.9671245535278489,0.9101609841198314,0.04319770565099283,0.7418775893976479,0.5385922346662697,0.1,1.0,0.2,15,264.7151473124964,833243.953500641
29,9,0.8736103076361766,1.2094370370571128,1.191108347563842,0.9693376975960217,0.9082984643846774,0.042417104224007254,0.7543262668832564,0.5441754995877355,0.1,1.0,0.2,17,220.65849608955887,841246.4985168593
29,10,0.8782859452517628,1.2038244532851736,1.187157769539022,0.9816342813006818,0.8989097530692116,0.04247458755781614,0.7596052243039327,0.5447285963137057,0.1,1.0,0.2,19,228.6082959468748,1038427.2339032248
29,11,1.0941905079704937,1.4090680924049428,1.3919810008370284,1.19125519080427,1.1140862617182836,0.039853181468553586,1.0,0.4266262578329966,0.1,1.0,0.2,21,267.9942980914349,13060.227339471496
29,12,0.8346564817099322,1.1387222795128458,1.1253520773138175,0.9251854165982862,0.8510173589688548,0.042259425062608616,0.7369999926829193,0.4460850600661595,0.1,1.0,0.2,24,133.2602628155803,6881.448614700647
29,13,0.9943503601862649,1.2642557153996883,1.2474910418148142,1.0677801442812827,1.1410936171007848,0.039423761319459585,0.9264739912483811,0.30496901707066104,0.1,1.0,0.2,25,75.43874529792511,6008.154425613869
29,14,1.0336636260569407,1.2920006173470058,1.2768625189607652,1.104662880059758,1.0600791106363636,0.0394719892410418,0.9638699993022668,0.3164653525013152,0.1,1.0,0.2,27,81.53924006476373,6493.0755511844845
29,15,1.0016296946439327,1.219306731308791,1.2005454482668947,1.0407155338862097,1.176184197826698,0.039699564943087066,0.9347622002050665,0.30624545578087836,0.1,1.0,0.2,28,75.38639008792256,180287.0642597631
29,16,0.8024126580891614,1.0189837954143264,1.0001804552329359,0.849875292665543,0.8032442635209726,0.03944971693135349,0.747835779756467,0.24501923123173436,0.1,1.0,0.2,30,73.641375815558,180609.5158599213
29,17,1.0142142329543666,1.2236721933345918,1.20667055825436,1.0681679010138114,1.0315384652172155,0.03904067918506915,0.9465539186385399,0.31138332977248573,0.1,1.0,0.2,32,71.5521270183199,9672225.8705946
29,18,1.1483492178353152,1.3509343500183157,1.3316003599095427,1.2043616454790824,1.1593045341994679,0.03918489360050696,1.0,0.7152094436737987,0.1,1.0,0.2,34,58.892805405011416,60377896.972857885
29,19,0.6616427569889517,0.8605747058127905,0.8411023061124792,0.7242340262606665,0.6765601309926799,0.03933325533119955,0.6152803307398319,0.20548619110253527,0.1,1.0,0.2,35,75.3495820226555,11441947.668136524
29,20,0.789498861639705,0.9866669015221001,0.9691995314865547,0.8528960451418789,0.8019606677344813,0.03884312746989458,0.7356552837320993,0.24336988135089993,0.1,1.0,0.2,36,75.87623280857211,15518885.749328531
29,21,0.7917985325124687,0.985479330414721,0.967879966700911,0.8520561161641026,0.806059369956707,0.03900540952206501,0.7376265897859392,0.24518439250215412,0.1,1.0,0.2,37,66.16294229705237,15544236.598663112
29,22,0.7869041373111335,0.9777711417317431,0.9600653406029515,0.8517977534167241,0.7982072001150242,0.03895049002617953,0.733215668220173,0.24299274779273686,0.1,1.0,0.2,38,64.49030246169878,15534738.27764977
29,23,0.7807709501196696,0.9691898068143834,0.9513914019429244,0.8506272918472547,0.7850439600656258,0.03905369512971795,0.7275595046046692,0.24072387497838038,0.1,1.0,0.2,40,64.07989519455892,15532688.17085762
29,24,0.7839658298712084,0.9722979238759575,0.9544962226840507,0.8609144694169266,0.7831917701742042,0.03895079909196339,0.7306455529699301,0.24132536551324005,0.1,1.0,0.2,41,61.42250882583427,13353451.225550365
29,25,0.7851029250102484,0.9679525586638915,0.9499436683530613,0.8571256579965967,0.8083748972235465,0.03882727788286992,0.7311436094260693,0.24494336120811724,0.1,1.0,0.2,42,51.30938175112215,13364124.381235795
29,26,0.7615775118322444,0.9364242859494857,0.9181131588089199,0.8407244970530349,0.7783145328743204,0.03826811649788352,0.7084626292285211,0.24149144904959519,0.1,1.0,0.2,44,45.507618296274345,14705085.152293092
29,27,0.7562157703732799,0.9236814615308846,0.905091846739105,0.8287207645079945,0.7716609352653468,0.03814074483375466,0.703903796861463,0.23795916184476398,0.1,1.0,0.2,46,41.2321079824899,14696906.39866777
29,28,0.7558770693545807,0.9246492009455458,0.9081808690577471,0.8211941331005777,0.7550620633254039,0.03814498207012043,0.7035813629620179,0.2378768297589669,0.1,1.0,0.2,47,41.199879205349895,14408474.230467066
29,29,0.781389625108888,0.9450933699600566,0.9284339251117216,0.8599597300975185,0.8034156162699733,0.03836908080143215,0.7269308953310162,0.24885453366784566,0.1,1.0,0.2,48,30.864305097127502,14725675.157997306
29,30,0.6161448821095152,0.7682251703072018,0.761488564085316,0.8024472268011356,0.6191150992448436,0.037236461318877416,0.5741759753361972,0.18782920469309167,0.1,1.0,0.2,70,25.59090213345927,634928.198807938
29,31,0.616089267605149,0.7634985891248204,0.754514119093724,0.7914905107197625,0.6302044560584893,0.03726353238319887,0.5742293533033715,0.1874119234737884,0.1,1.0,0.2,71,26.160950864581505,635273.0668357011
29,32,0.6160892666230748,0.7648259080831633,0.7579635431575383,0.8150800148164593,0.6154381491831951,0.03726353236443722,0.5742293524334332,0.18741192291948808,0.1,1.0,0.2,73,26.16095066607489,635273.0666940446
29,33,0.5229951268536824,0.6639124849925988,0.6567560539440757,0.7109648628110509,0.5569484974798327,0.037072065877467704,0.4868593919730889,0.15919900188688002,0.1,1.0,0.2,74,24.41357808821422,642370.7829191645
29,34,0.5194543152707336,0.6564795006140657,0.6491767850599718,0.7118855042273926,0.5274733857950628,0.03709175936821605,0.48353013167543574,0.1582775470921429,0.1,1.0,0.2,76,22.64114920456703,641956.8351773098
29,35,0.5185007539482883,0.6535742788294884,0.6482704224281446,0.7399586918648245,0.5208581810018345,0.03724525191884892,0.4827005384346035,0.1576997850029383,0.1,1.0,0.2,81,22.1927494993071,640277.068791918
29,36,0.8113998411516373,0.946789882196341,0.9435701710251742,1.040004849083418,0.8116143718545223,0.03703432430686271,0.734536657956694,0.3631559238937116,0.1,1.0,0.2,87,17.842602873160114,637125.7800964883
29,37,1.0619276513160132,1.19826478878433,1.197152876029952,1.3064373544830827,1.0632376664448366,0.036646504198984395,0.9706102361390119,0.4356356354448212,0.1,1.0,0.2,88,15.169770003996614,635584.8647832861
29,38,1.0886393634634322,1.223911806398753,1.2227599140228183,1.3280978941541572,1.092659693930682,0.03703327455061492,0.9934451670839328,0.45486211053900305,0.1,1.0,0.2,89,17.044199320669538,637133.028384186
29,39,1.0625819449339424,1.1934382973594446,1.1921205499045069,1.3102852700681482,1.08163344592239,0.03681564025091695,0.9711722398513803,0.43619904791010466,0.1,1.0,0.2,90,14.94098100855968,638233.7100553592
29,40,1.0625724188987142,1.1932974964526153,1.194047048268411,1.3212463036423316,1.0652770517312389,0.03681564025091695,0.9711722398513803,0.43619904791010466,0.1,1.0,0.2,92,14.930631281798084,637982.6115365796
29,41,1.2041480095410222,1.3341934323535314,1.3349174565439108,1.4827637298821363,1.2051947909141874,0.03673705664456129,1.0,1.0,0.1,1.0,0.2,94,13.195286041218107,638351.3556804208
29,42,1.0518331098349394,1.177286596032573,1.1778382268872545,1.3300925627638764,1.0614956016770605,0.03697228992296482,0.9615848537301313,0.43052929710546606,0.1,1.0,0.2,96,12.470344941229886,640644.0008757056
29,43,0.6983483894541809,0.8221125267249997,0.8226007584974001,0.9832242210859709,0.701634339117571,0.03694581971650684,0.6553707226083136,0.1942415289271616,0.1,1.0,0.2,98,12.655108907135675,640560.4821210641
29,44,1.0414321186024538,1.1646739493549896,1.1672148552551882,1.3373685680168463,1.0450797692520213,0.03694452603378765,0.9880183844773767,0.2464783385244492,0.1,1.0,0.2,100,11.630797881371048,640559.2379859191
29,45,1.0240153827320675,1.1472181553181515,1.149757577572378,1.3199165190060407,1.023763130281373,0.0369420670436603,0.971816307766062,0.24040743835338207,0.1,1.0,0.2,101,11.616259174733578,640554.9729794404
29,46,1.0413654984765661,1.1652356510610877,1.1698724294894998,1.3576976726122711,1.0438437570783148,0.037007868757013,0.9879773208399175,0.24633966365431345,0.1,1.0,0.2,102,11.849857653188195,640213.38081315
29,47,1.0533352933861466,1.1766620417999485,1.1812784475008202,1.3608896342181782,1.05412035998181,0.03693905658268165,1.0,0.24612580979540946,0.1,1.0,0.2,104,10.946294247591227,640552.762396027
29,48,1.0532709073479019,1.1759652640501752,1.18055793593796,1.3688195723823424,1.0556420615297586,0.03693270013103076,1.0,0.2458256767189236,0.1,1.0,0.2,105,10.373723336885996,640545.8552361277
29,49,0.5445642595701963,0.6532604241780204,0.6531833455781986,0.8745209700882048,0.5504783760240248,0.03743293810072283,0.5081170754840817,0.1617724590786686,0.1,1.0,0.2,113,27.718526945010616,647413.1885041116
29,50,0.5445528289018648,0.652333390359352,0.6542942812190378,0.8980621412011056,0.5490780927327712,0.03743293810072283,0.5081170754840817,0.16177245907866863,0.1,1.0,0.2,115,26.9510157496131,647537.5450711409
29,51,0.5445510529169604,0.6533104498166665,0.6573804001926551,0.923554002483951,0.5449803005257163,0.03743293810072283,0.5081170754840817,0.1617724590786686,0.1,1.0,0.2,117,26.4862703542594,647641.3459649382
29,52,0.5482211040235543,0.6645977067339366,0.681387201562879,1.0329971379656118,0.5480561870940646,0.03734194988765721,0.5105635626331028,0.16794459476463502,0.1,1.0,0.2,126,14.470954112653994,656253.8703770126
29,53,0.5482208363864781,0.6658720440552381,0.6847816494937815,1.0597441241838808,0.5480026265970537,0.03734194988765721,0.5105635626331027,0.16794459476463502,0.1,1.0,0.2,128,14.44995872400933,656266.7369318389
29,54,0.5500912358021142,0.661816104628296,0.6763588810949548,1.0271785246020564,0.5641773412883292,0.03729274071104856,0.5127478979523866,0.16648123218106542,0.1,1.0,0.2,129,14.259256980906574,656863.2368053342
29,55,0.5497736872405525,0.6624631749163452,0.6791144208266423,1.0488833081751143,0.5502548015946932,0.03723148901035063,0.5125123278999835,0.16611085151254829,0.1,1.0,0.2,131,14.087033003572287,656247.8613727206
29,56,0.5722213358574251,0.6830504458023582,0.697559636807054,1.0704173137867932,0.5742544076666689,0.03735072186776145,0.5348114429805148,0.16680690954693195,0.1,1.0,0.2,132,14.3583328923336,656539.1829097206
29,57,0.6286195503071677,0.7379426433373335,0.7544677047249475,1.1247103239021623,0.6345903119622974,0.03763714125351953,0.5888285514233953,0.17863757399909033,0.1,1.0,0.2,134,16.641149240965177,655774.0580158511
29,58,0.628616747800777,0.7360093043033726,0.7503896708156462,1.1281089607429522,0.6309353043892355,0.03763714125351953,0.5888285514233952,0.17863757399909033,0.1,1.0,0.2,135,15.863079200862623,656058.9084287282
29,59,1.0383415989187827,1.1454672130456327,1.161909911535226,1.55099403812018,1.041567640915077,0.03718049344794369,1.0,0.17167015693334922,0.1,1.0,0.2,137,20.8470369423534,650402.6395761902
29,60,1.038413608520321,1.1450243481586355,1.1614477699679513,1.560426671747016,1.0403706442918215,0.03720846032321959,1.0,0.17202799229907476,0.1,1.0,0.2,138,23.34945739332716,655716.7845330102
29,61,1.0383681767015176,1.1433939745081565,1.1597579630946637,1.5619809966435054,1.045037260359039,0.03737602165068988,1.0,0.17175310351503006,0.1,1.0,0.2,139,24.278326892750545,655257.5788243866
29,62,1.0385749808651636,1.1426416505151276,1.1589697109505626,1.5669281573535732,1.0425136510898156,0.0373142034978618,1.0,0.17283963884167713,0.1,1.0,0.2,140,20.830216786585808,654236.9656581839
29,63,1.0387410131968304,1.1412236301877323,1.1574923332356502,1.5915882172090272,1.0407934090149555,0.03726120361155476,1.0,0.17373153142324105,0.1,1.0,0.2,143,18.131796677925863,657067.7526271701
29,64,1.0385048342514305,1.1452033683828389,1.1699194845548697,1.640200535420412,1.0406642859396091,0.037239229707201074,1.0,0.172585681337626,0.1,1.0,0.2,145,21.31826393886588,658743.3902297145
29,65,1.0385611647383584,1.1347311392353303,1.1590528557167479,1.6397829579447012,1.0615358577278573,0.03731560884699009,1.0,0.17304744597610724,0.1,1.0,0.2,147,20.054037486180487,659566.193615215
29,66,1.0385586561434277,1.135402414444758,1.1618217720163266,1.6532748273524693,1.039751850618977,0.03731560884699009,1.0,0.17304744597610722,0.1,1.0,0.2,149,19.91515786731428,659592.4076534823
29,67,1.0384645458418418,1.1315242631265825,1.1578019144835756,1.661820957188998,1.054840989165945,0.03751320293738505,1.0,0.17255021719186497,0.1,1.0,0.2,150,16.407640176823282,657465.4665675514
29,68,1.0384422731685594,1.1279381031990208,1.154082269053118,1.6720039285563306,1.0460879745079517,0.03739388275255215,1.0,0.17256415486074164,0.1,1.0,0.2,152,17.63520574272268,658242.8524326307
29,69,1.2039219313147358,1.292060591684086,1.3202263515497872,1.8485088680730493,1.2077447581779652,0.03741643118503424,1.0,1.0,0.1,1.0,0.2,155,15.49241468461006,638897.534090995
29,70,1.2038462342607394,1.3015056172519934,1.3466070763423117,2.0212030428755394,1.203840468725987,0.03669604860055501,1.0,1.0,0.1,1.0,0.2,182,20.603852646263785,658511.7889388636
29,71,1.203836074670173,1.297259092724828,1.3401294979725051,2.0057884579383902,1.2100623930031602,0.03669426668852198,1.0,1.0,0.1,1.0,0.2,184,20.44479735465431,658510.9246491852
30,0,0.6384929184428728,0.8066731447505829,0.7994606790396616,0.4520059008754444,0.0,0.0,0.0,0.0,0.1,1.0,0.2,1,36850.52971327466,163124.32526494635
30,1,1.6565987729987988,1.9899471772417077,1.9797594907351692,1.6406551786453678,1.3608207329219695,0.07471454157557063,1.0,1.0,0.1,1.0,0.2,2,19440.22638653258,161249.52647437155
30,2,1.5921955899115123,1.982204543329191,1.9738002997816753,1.637507300241656,1.2412123588428772,0.0747789293780205,1.0,1.0,0.1,1.0,0.2,4,13639.998787425038,160126.62908077668
30,3,1.4329453990885417,1.9033571850839808,1.8940703786149717,1.5815375194087655,1.441403239095778,0.07843763853237536,1.0,1.0,0.1,1.0,0.2,5,24996.74669314516,1780149.7331528943
30,4,1.196124892178545,1.6995458330463018,1.6911433185917748,1.4011032877071818,1.1099149778840887,0.10341650717064407,0.8255419839580156,1.0,0.1,1.0,0.2,7,18710.575077338774,1834823.72925628
30,5,0.8976569139610431,1.4122420521067751,1.402782959908112,1.1242374732230074,0.8385071125272148,0.11277864455933628,0.5656239539658936,1.0,0.1,1.0,0.2,9,20889.28080581948,2371906.4299775115
30,6,1.2500040211104622,1.7637976545988014,1.7529384496109888,1.4849287304556842,1.2449420659934247,0.11358776792240599,0.9546292959645957,1.0,0.1,1.0,0.2,11,26834.33509193244,5276595.158349812
30,7,0.9998137047688702,1.5111794998691537,1.5017398098860706,1.246757333444431,0.9739107644724381,0.11387441747455702,0.7194899915686416,1.0,0.1,1.0,0.2,13,15434.3530143977,4167545.763913936
30,8,0.9558507930486326,1.468441295652009,1.4610378529653898,1.208531206367754,0.9032082692616961,0.09993025030749252,0.6791197394521881,1.0,0.1,1.0,0.2,14,25984.40479725497,1795500.8614818596
30,9,0.8803397574506826,1.385544648493173,1.3795536503628354,1.1349223260324146,0.8968761202050135,0.11166295252170211,0.6127448828725253,1.0,0.1,1.0,0.2,15,15488.718740697535,2059759.1013559487
30,10,0.8119359751677813,1.3191915876010853,1.3132529724017272,1.074462779220064,0.7611569807423013,0.0999751171022524,0.5461556749549311,1.0,0.1,1.0,0.2,16,26144.23843129841,1992549.1389478403
30,11,0.8270458188565624,1.3243301981584776,1.3091764581273557,1.0638457035321585,0.9202173120851229,0.11184842973510138,0.574894961997625,1.0,0.1,1.0,0.2,17,7050.158446250531,1453444.4829976093
30,12,0.5987745709863033,1.074453345706242,1.0685392925458808,0.8458862555921325,0.6167966152757538,0.10467281344701476,0.355844219518874,1.0,0.1,1.0,0.2,19,10242.534112502062,1034704.3519368016
30,13,0.4331190939470777,0.9051563162565119,0.9010856458326377,0.6946385354161753,0.4205517374346932,0.10335105073834586,0.19282316287119647,1.0,0.1,1.0,0.2,21,2630.066502021145,82696.23704140056
30,14,0.5251352832985712,0.9917300238511557,0.9873745115430068,0.7823226860197792,0.5303025134534791,0.10430731251393222,0.2869357643445325,1.0,0.1,1.0,0.2,22,7215.451512732454,1045539.5035923156
30,15,0.5233297690412291,0.9686942379397716,0.9612335695360634,0.7469831566930127,0.6164458935692132,0.10381317676557678,0.2916285981241873,1.0,0.1,1.0,0.2,23,4466.243181068571,812782.4915807606
30,16,0.4843622164601841,0.9077924834642062,0.9013744465874975,0.7035341663161347,0.5355569035288033,0.1020120882993154,0.25851511005259703,1.0,0.1,1.0,0.2,25,4377.008315758686,637506.7716992395
30,17,0.4909895997841024,0.8941640341510428,0.8868751098327425,0.6920576965277556,0.5258054639505427,0.10203024862801231,0.2682293596140219,1.0,0.1,1.0,0.2,27,4953.466309936808,663377.7795933323
30,18,0.4364059769418237,0.8275230397827584,0.821789239745804,0.6452533379047953,0.492629648904089,0.10171048253890147,0.21548955523003815,1.0,0.1,1.0,0.2,28,2863.647853949772,659925.6537166925
30,19,0.46213496714389907,0.8152212070176343,0.8079293730085917,0.6438119581555047,0.5463792334843829,0.10039125124243091,0.2450833171053973,1.0,0.1,1.0,0.2,30,3264.699610043755,673001.8187149873
30,20,0.4621181617276008,0.81631496596073,0.8111365091015292,0.6535249001576826,0.45563342496108644,0.10039125124243091,0.2450833171053973,1.0,0.1,1.0,0.2,32,3246.552149599172,672559.100743886
30,21,0.4594488317269166,0.8108043658209152,0.8055117011309794,0.6483386380949356,0.46621868596660365,0.10041922990331795,0.2426303540001177,1.0,0.1,1.0,0.2,33,3085.3023738394304,664919.8035296169
30,22,0.44182599048850324,0.7827447959583749,0.7791041322082748,0.6302489748035821,0.4918319310533289,0.10038683388664138,0.2258470887485548,1.0,0.1,1.0,0.2,34,2519.9121484562306,607232.7223117927
30,23,0.44386465033864947,0.7708868240695272,0.7646270668864166,0.5976438219559039,0.4674132789376014,0.10033738172076287,0.22864505263862406,1.0,0.1,1.0,0.2,36,2506.220809793125,389731.1350948424
30,24,0.4445536522018646,0.770291053286994,0.7639806492135579,0.6039637493850503,0.44241656342035035,0.10004689811198068,0.22943570604776437,1.0,0.1,1.0,0.2,38,2566.863302483885,390579.59203832864
30,25,0.4599571951014785,0.7759216676381471,0.7712973757951378,0.6435847816567304,0.5065966321466995,0.10064172179251762,0.24536461613260419,1.0,0.1,1.0,0.2,39,2908.877702980777,474172.578251407
30,26,0.4486537301751764,0.7437095138101726,0.7403414342427304,0.622758739922534,0.49594280144096,0.10029449563618369,0.23507289549557372,1.0,0.1,1.0,0.2,41,2220.5586270734334,416784.2906054574
30,27,0.45143708678689254,0.7455826839610729,0.7421791696591398,0.6283295512507081,0.45007868947130447,0.10029030634252034,0.2378932856104273,1.0,0.1,1.0,0.2,43,2257.52388086078,417542.0434158646
30,28,0.44708365960394175,0.7398379046355008,0.7363806938775193,0.6296138379091627,0.44976867062189496,0.10027232529015481,0.23359323013896027,1.0,0.1,1.0,0.2,44,2168.737240043414,416584.0190493832
30,29,0.4533033726094124,0.7395355886140131,0.7337551978008072,0.6386124065142211,0.4737059189599491,0.10060914892003303,0.23997119904646674,1.0,0.1,1.0,0.2,45,2339.3750056307063,417722.5047528998
30,30,0.4849698827980344,0.7764118112267122,0.7791160306642755,0.7435865341481336,0.4817753572577113,0.12137554081670143,0.2695639843781207,1.0,0.1,1.0,0.2,50,3332.0319611237605,619633.0054235453
30,31,0.4865958714723467,0.7769202462658154,0.779581343331607,0.7553026095704785,0.488435384081973,0.12152356273453246,0.2712148905016515,1.0,0.1,1.0,0.2,51,3344.722276817702,626617.8190875882
30,32,0.47767974622391274,0.7654922948975158,0.7680563825804971,0.7559419449721776,0.4859243788603331,0.12250393330603575,0.2622882909694809,1.0,0.1,1.0,0.2,52,3057.869564336876,622742.3258814069
30,33,0.4845190328385221,0.7594599523922287,0.7615284320216049,0.7587346623819438,0.5109091326530921,0.1210811605692175,0.26968365813823014,1.0,0.1,1.0,0.2,54,3195.7180153212744,625482.4430078579
30,34,0.48449431115888625,0.7599253731112927,0.7640837733106716,0.7698832860748943,0.4836607711579696,0.12108116056921751,0.2696836581382301,1.0,0.1,1.0,0.2,56,3205.850624021085,625719.0191473543
30,35,0.4039286922341665,0.6587847799015745,0.6621551014488293,0.6673710794463192,0.44803696672231064,0.19617470198673986,0.182157654430589,1.0,0.1,1.0,0.2,58,2762.861696133484,576227.7748552524
30,36,0.4072823873745258,0.6614991032428325,0.6648450361141163,0.6740052707205216,0.4080255062422835,0.19807316505094028,0.18533679897295646,1.0,0.1,1.0,0.2,59,2791.26813426684,573666.8226804761
30,37,0.40028479485957147,0.6524380859540067,0.6557052371636825,0.6690077914139614,0.40746854096900853,0.1973465077082624,0.17846042051424535,1.0,0.1,1.0,0.2,60,2522.879148920502,570250.3028429799
30,38,0.4039029978235435,0.6557063092458747,0.6589600719853894,0.680003671329954,0.40334781291111454,0.1960253810781488,0.18221863219174722,1.0,0.1,1.0,0.2,61,2786.831822451779,577337.3182290497
30,39,0.4002147030019806,0.6474124747017856,0.6504905431873229,0.672189350964213,0.418948856856084,0.1970382124045384,0.17853345877349563,1.0,0.1,1.0,0.2,62,2547.270146574692,571375.9889724022
30,40,0.37715500957231435,0.6217779646027675,0.6247579552790945,0.6626786062778638,0.3809681905414516,0.1972293456445364,0.15551037381146468,1.0,0.1,1.0,0.2,64,2657.0594759692817,579787.9646469383
30,41,0.37844963328057996,0.6214413776763539,0.6243591899725603,0.662496006602586,0.383828104501881,0.1969185587712719,0.15687061807281882,1.0,0.1,1.0,0.2,65,2737.484262599163,583482.7681482252
30,42,0.40117160534131396,0.6421583851410269,0.6449997867158968,0.6912183723063139,0.40830739830128815,0.19669148002795625,0.17965721241754531,1.0,0.1,1.0,0.2,66,2631.374528298091,578549.519299466
30,43,0.3784353863429124,0.618883509292325,0.6217044369447349,0.6679901102757705,0.3789929533526477,0.19664428074535906,0.1569367309233609,1.0,0.1,1.0,0.2,67,2763.5532469090995,584629.7590218653
30,44,0.376057989709879,0.614589482244497,0.6173374359030559,0.6760273213337706,0.38284273253394463,0.19798039747399288,0.15446475036771865,1.0,0.1,1.0,0.2,68,2583.1693454539823,578597.6921335926
30,45,0.3799686207396569,0.6183392307993483,0.623152660068088,0.6907547957771805,0.38153917848396296,0.20074738649060922,0.1581285050466134,1.0,0.1,1.0,0.2,70,2599.6992236745705,570857.8669172177
30,46,0.3771534420037595,0.612932261371257,0.6155755010723496,0.6864721022543053,0.3810246375401089,0.196725310250708,0.1557402664233603,1.0,0.1,1.0,0.2,71,2687.5245810915203,582242.4177621049
30,47,0.40370888879335143,0.6164055105805004,0.6181726415799655,0.6917010010594522,0.5052896541226047,0.19700636398211663,0.18266906530356,1.0,0.1,1.0,0.2,72,2711.5892213333595,581907.8952749893
30,48,0.3555266457912424,0.5628783962534911,0.5644431731990682,0.651759601490451,0.3590070381461258,0.1007073415499768,0.144196495752146,1.0,0.1,1.0,0.2,77,1707.4366248929002,408500.4877648303
30,49,0.3950295165805624,0.5999878739593678,0.6014620806769133,0.6968705957667427,0.4044386067688291,0.10082755085473365,0.1837217555055996,1.0,0.1,1.0,0.2,78,2191.8978973714425,452455.1388328492
30,50,0.3565413678985065,0.5529406743581116,0.5540912219792486,0.6509761646997769,0.39343321710412793,0.1006125879278464,0.1453714295898426,1.0,0.1,1.0,0.2,79,1738.755483197445,409167.3072296907
30,51,0.35670474471038904,0.5449213646524935,0.5457628383936244,0.6518361783916842,0.3738484637265596,0.10059250975388134,0.14563885954050151,1.0,0.1,1.0,0.2,81,1743.3119665713637,410514.010179932
30,52,0.4028754587670309,0.5800227328474126,0.5804465505056906,0.6963593390163527,0.4514134749890565,0.10266984974972333,0.1917277860923522,1.0,0.1,1.0,0.2,82,1242.1278988844908,383535.389068466
30,53,0.40304332621785427,0.5705827446248077,0.5706445152901992,0.6960049135762607,0.4234212304659908,0.10264500192469843,0.19199521604301079,1.0,0.1,1.0,0.2,84,1247.228256394693,384853.9063410516
30,54,0.40325792525124604,0.5641107513201604,0.5639207549066942,0.6983272216547722,0.4172539643891764,0.10262026731901745,0.1922744586517206,1.0,0.1,1.0,0.2,86,1253.643807381104,386184.3234263699
30,55,0.4069385415293095,0.5623679832544466,0.5619738963597336,0.7093145507535552,0.4301402052010635,0.10248383145231983,0.19601615421765428,1.0,0.1,1.0,0.2,87,1744.1974831383536,408776.903438488
30,56,0.37585226584120035,0.531421567240987,0.5331048485252161,0.6775261472729981,0.3769509041046701,0.10252198177385441,0.16493622107087125,1.0,0.1,1.0,0.2,90,1261.4445893503475,386377.7217290996
30,57,0.35292896007462776,0.5058348033190143,0.5032736007398806,0.6542458426398587,0.35235619947477814,0.1168978784383482,0.1405754998274635,1.0,0.1,1.0,0.2,91,1338.7836393674588,379614.487103949
30,58,0.38098944716724015,0.5349477540997257,0.5365704571009244,0.7057847605193559,0.3838309039801352,0.11701398469695416,0.16863760290935453,1.0,0.1,1.0,0.2,93,1340.1423658984015,379718.9326823741
30,59,0.35715678134938866,0.5091555158690875,0.5107045130771398,0.6638373396938451,0.3594066787567865,0.10041112963526808,0.14648131860539232,1.0,0.1,1.0,0.2,96,1398.555890300909,381582.4360592917
30,60,0.3306285244263406,0.472840463740152,0.4781659973866353,0.7186698751387874,0.341071268084553,0.10019842144812836,0.12006936296444812,1.0,0.1,1.0,0.2,101,1346.414433302298,397987.6237323415
30,61,0.33093104863800354,0.46853955042004,0.47369213477650546,0.7274837402818506,0.33719201142262345,0.10020940308601364,0.12040300665296977,1.0,0.1,1.0,0.2,104,1319.9421151558645,398936.8265088822
30,62,0.38215977741427265,0.515269057493708,0.5202526757688293,0.7282501455029335,0.3849893015214011,0.10037619881064348,0.17164511902126506,1.0,0.1,1.0,0.2,110,1346.9488863543977,398395.2005735759
30,63,0.3846883809248437,0.5158732711641576,0.5187123425695779,0.7341771865556006,0.38684705886237813,0.10038670827868741,0.17417655745512145,1.0,0.1,1.0,0.2,111,1493.497264873038,411540.3503094624
30,64,0.3817253479336009,0.5102566153934289,0.5150683406084995,0.7321285800517676,0.39882505748827224,0.10035937978140227,0.17124157837015458,1.0,0.1,1.0,0.2,112,1353.211152889132,398279.72880630137
30,65,0.3820738770910586,0.510467630939476,0.5152741982559007,0.7365725887998864,0.3822330382177245,0.10033690611075068,0.17159321179469605,1.0,0.1,1.0,0.2,113,1351.629474342344,398387.3821581439
30,66,0.38208026927208316,0.5098679178714942,0.5146517300632099,0.7318155892848084,0.384309385242964,0.10031578786402529,0.17160547777037988,1.0,0.1,1.0,0.2,114,1362.125299111431,399624.4463887682
30,67,0.3825358549067708,0.5098680244315591,0.5146347406647416,0.7403000935815676,0.3841039050665765,0.10032988330962664,0.1720624663451092,1.0,0.1,1.0,0.2,115,1368.0423291105071,399870.4013863695
30,68,0.3556517700691477,0.48308839206958254,0.48993130118655703,0.7339024730193822,0.36060476831148935,0.10055131350686905,0.1451637181869559,1.0,0.1,1.0,0.2,116,1460.5166383151443,407380.3855787402
30,69,0.3850805510352686,0.5123459828006132,0.5191824606388791,0.7373700843977471,0.38540657454186567,0.10050382722786147,0.17459829156655404,1.0,0.1,1.0,0.2,117,1417.4827054559614,408043.7571779575
30,70,0.38482235291355094,0.5087365666523593,0.5154472779108161,0.7467560704995717,0.3991941466121307,0.10048025010174204,0.17436247509658176,1.0,0.1,1.0,0.2,118,1448.5889700271182,408550.2669044965
30,71,0.3827809029132965,0.5040565177159113,0.5085959377697438,0.7435247991604599,0.38525489319534145,0.10050211596787353,0.1723264540848365,1.0,0.1,1.0,0.2,120,1382.7125922882117,409049.6817486838
30,72,0.3550200001348046,0.47615905058322655,0.48069334647005296,0.7201526283786823,0.3552212121142071,0.1005202726160171,0.1445645291340167,1.0,0.1,1.0,0.2,121,1406.4643642783874,409068.4732562669
30,73,0.35532558942367043,0.4759884734863457,0.4805049158690106,0.7200263116774761,0.3559725023342917,0.10047624504484076,0.14487726420778652,1.0,0.1,1.0,0.2,123,1416.1771254875378,410440.10544440086
30,74,0.35505564217853886,0.4773838308285219,0.4861073067546811,0.7318257297724191,0.3590228972200261,0.10054526879436292,0.14460608316965864,1.0,0.1,1.0,0.2,124,1416.9912357054704,409370.8985053369
30,75,0.35165882060467485,0.46529420622329887,0.46747468400573183,0.7324972458366537,0.37203759065877046,0.10050231704158889,0.14123975672994996,1.0,0.1,1.0,0.2,125,1289.9066237201555,401983.4112963504
30,76,0.3519399778337496,0.4647966175248659,0.46694787068364624,0.744845699971777,0.35503297433203773,0.10043646712054717,0.14153174540826072,1.0,0.1,1.0,0.2,126,1292.5468351476986,402006.2679012012
30,77,0.35180912736350833,0.46694169678308667,0.4733229564494605,0.7533082758879321,0.35309473410398007,0.10053572751559918,0.1413929801843218,1.0,0.1,1.0,0.2,127,1282.6111688647063,402250.6113694077
30,78,0.3521578817630071,0.46423674635793993,0.4663588199974892,0.752883715073478,0.35370070797345055,0.10045230334933766,0.1417523918581153,1.0,0.1,1.0,0.2,128,1295.0936625082954,401937.18353921786
30,79,0.35017495308107793,0.458483184348595,0.4604638997483347,0.692003549759358,0.35806871605839086,0.10086473357433681,0.13974782895886792,1.0,0.1,1.0,0.2,130,1498.2962046742805,396977.3012239394
30,80,0.35075996078702343,0.4581845028840336,0.46013204049302275,0.6917851994211008,0.35235777949972796,0.10084211380737824,0.14033959746986385,1.0,0.1,1.0,0.2,132,1542.8398448419423,399149.9963093679
30,81,0.35361705618964123,0.4608836155917416,0.4628252279807363,0.7662242082710662,0.3539755516189764,0.10057329946749852,0.14322437744434754,1.0,0.1,1.0,0.2,133,1392.905308027407,405367.29279904894
30,82,0.33199833613211743,0.4387891821939437,0.4407129562508592,0.7540989828721374,0.3337688125998868,0.10035681936470801,0.12162973184515176,1.0,0.1,1.0,0.2,134,1309.2904678850043,402533.32459547895
30,83,0.3498378965409069,0.4500668203419059,0.45174459616230755,0.7100870212522288,0.3784108112778262,0.10083424070289879,0.13945369564488594,1.0,0.1,1.0,0.2,135,1462.353567844035,397026.5272785052
30,84,0.34976162506854036,0.4492579301720651,0.4509082459380981,0.7051019819594886,0.3526956501621717,0.10089593940516076,0.13937472135824208,1.0,0.1,1.0,0.2,136,1469.9022975974074,395338.73233893095
30,85,0.3500399583744287,0.44729782208061475,0.4488642416004018,0.7078078654692856,0.3595962816747757,0.1008510796632243,0.13966794410443176,1.0,0.1,1.0,0.2,137,1478.2350376641557,396640.7007108671
30,86,0.349705288731672,0.44592675244597013,0.4474543560480957,0.7148516025611702,0.35398344576177493,0.1008557273805468,0.1393375505807446,1.0,0.1,1.0,0.2,138,1474.6327575286898,395323.7314918997
30,87,0.34970528873181195,0.4459267524459702,0.4474543560480957,0.7148516025611702,0.34942320904023366,0.1008557273805468,0.13933755058074462,1.0,0.1,1.0,0.2,139,1474.632758552242,395323.7315195905
30,88,0.34982296588678485,0.44590100000858957,0.44742320231969845,0.719093950699059,0.350172218604943,0.10084696071565431,0.1394567567504721,1.0,0.1,1.0,0.2,140,1472.6420829792016,395428.3625024197
30,89,0.3500056996253707,0.4442237799669228,0.44567629951085524,0.7261090697899777,0.3538244531152478,0.1008349467019086,0.1396490640671957,1.0,0.1,1.0,0.2,142,1464.9574297622958,395618.3111007381
30,90,0.3503336558668122,0.44153275666403013,0.44494454672534034,0.7657675577960166,0.3692139619972794,0.10068737787235156,0.14001075139043423,1.0,0.1,1.0,0.2,143,1468.0260708004755,394840.9115005813
30,91,0.35129953813157316,0.437755733591642,0.4389174286463347,0.7672015963147583,0.3585639327098648,0.10080473392695546,0.14097920816158852,1.0,0.1,1.0,0.2,145,1505.790850093059,395855.0873500692
30,92,0.35125712085289773,0.4359031093046874,0.4369970094126765,0.7782964543740034,0.3536827610229615,0.10076320621039998,0.14094834835262915,1.0,0.1,1.0,0.2,148,1514.039617870859,395976.0820499882
30,93,0.3509840484127267,0.4351006446498039,0.4361747177129105,0.7903075036144553,0.3530801938431376,0.10080679868363655,0.140673051924361,1.0,0.1,1.0,0.2,149,1514.6095680982835,394612.04552681657
30,94,0.3511802703000298,0.4359985141660465,0.4391712458330944,0.7994493041205486,0.3536965864009929,0.10080642708438683,0.14087181485718253,1.0,0.1,1.0,0.2,150,1495.109155540776,394339.1311178195
30,95,0.3511343564622931,0.43375275816499526,0.43684311096340933,0.7931305346801665,0.3605859881929424,0.10079791547576451,0.14083545082339305,1.0,0.1,1.0,0.2,151,1524.956065362422,395688.5492027315
30,96,0.35111338206404685,0.43344494287358504,0.43652455215611324,0.7971390039135435,0.352156505985594,0.10080404945712691,0.1408149834821343,1.0,0.1,1.0,0.2,152,1520.511881863976,395542.1115961186
30,97,0.35128637375933713,0.4321001541697005,0.43512292658256263,0.8045200960746166,0.3544112347168584,0.10080115472312516,0.14099413963438232,1.0,0.1,1.0,0.2,154,1516.6594525934845,395767.8817114301
30,98,0.3512170719237234,0.43311323787753436,0.43824891750875616,0.8137312148816507,0.3520837586457483,0.10078722406336019,0.14092717146845618,1.0,0.1,1.0,0.2,155,1509.0101837772288,395481.0279698169
30,99,0.34919555513980344,0.42875461208919724,0.4317303947926745,0.8055850097881214,0.35342700725463816,0.10051263635812999,0.1389369612997414,1.0,0.1,1.0,0.2,156,1529.7521337461565,395162.61202449433
30,100,0.34300974525276545,0.4232679979029584,0.430414724830023,0.8158109540772462,0.35140656751464167,0.10089817647115085,0.13271994054505387,1.0,0.1,1.0,0.2,157,1347.0332948875755,379151.0370023557
30,101,0.34377463467066605,0.4237824061380058,0.43091974316901777,0.8163573767673757,0.34385478041246637,0.10105255829581043,0.13347033500174588,1.0,0.1,1.0,0.2,161,1340.8971854849242,379308.5056342427
30,102,0.3421420381066611,0.42073380746210176,0.42781813764859344,0.8264093588876409,0.34817145513095893,0.10095541676703253,0.13185266469534995,1.0,0.1,1.0,0.2,162,1348.1113712539188,378717.8830445846
30,103,0.34151122315252136,0.4196457096511683,0.42671291045007614,0.8393289136586704,0.34331550200662475,0.10093627788477662,0.13122542043730667,1.0,0.1,1.0,0.2,163,1369.2154511145288,378739.62556859583
30,104,0.32619696317176633,0.3997375675056921,0.40456036688509234,0.815759718993651,0.3404568291309844,0.10067194886449901,0.1159493509830927,1.0,0.1,1.0,0.2,164,1337.16743416147,377333.10479256784
30,105,0.3267792925283141,0.40035363005035546,0.40725010917582494,0.8248578255283152,0.3294484735931038,0.10076149804634896,0.11652725335818333,1.0,0.1,1.0,0.2,166,1328.8973515851053,377467.5940824972
30,106,0.3502376694813309,0.42728451227490233,0.44052823242634787,0.9029640344356131,0.3506016614612064,0.10097248934274194,0.13996622928920882,1.0,0.1,1.0,0.2,170,1430.2501839153329,378002.8803290242
30,107,0.32898429370676846,0.39846477031894717,0.4052080010565589,0.8636485876362447,0.33276214373528157,0.10067736876170408,0.11875453934023246,1.0,0.1,1.0,0.2,174,1293.4645118839303,378914.8716100212
30,108,0.32623194059051125,0.39532864410460167,0.40205750997002965,0.8724920109455199,0.3269178082483755,0.10084547857730279,0.11598665778883735,1.0,0.1,1.0,0.2,176,1284.7829765180893,378118.9591367429
30,109,0.32669561787689216,0.3940219922251206,0.4006845891119419,0.8901093855106621,0.32914183087251514,0.10043119327023249,0.11649760790483621,1.0,0.1,1.0,0.2,179,1399.5623276169656,378836.3987360472
30,110,0.32756111822234024,0.39293269450375673,0.3995221346675646,0.883514980112327,0.3359666187122815,0.10043262906132615,0.1173692526524716,1.0,0.1,1.0,0.2,180,1372.7438906333325,377471.6288097796
30,111,0.32672189481525277,0.3935152976661014,0.4043028015973437,0.9104857156822794,0.3294659154706471,0.10067223806658454,0.11651024527757985,1.0,0.1,1.0,0.2,182,1363.2828927628643,377640.8512659441
30,112,0.32689044601095685,0.3904315393082081,0.401097347790803,0.9032741967334437,0.34068607839898896,0.10060004052281586,0.11669586439287165,1.0,0.1,1.0,0.2,183,1374.1246970550003,377500.9404981736
30,113,0.3272417477016321,0.39040781861330887,0.4010595747856687,0.912124553334378,0.32878238729108766,0.10067506144358611,0.11704082630719632,1.0,0.1,1.0,0.2,184,1364.8963338185902,377644.0020504971
30,114,0.3265880499196977,0.38684712194100473,0.39739011877107044,0.9264983927698385,0.3392095283033237,0.10066161294165603,0.11639717933965013,1.0,0.1,1.0,0.2,185,1333.7846667034398,378257.57503339497
30,115,0.32713379426438727,0.3848551636261608,0.3953032193115752,0.9203414846863012,0.33816302303564283,0.1005857246741632,0.11695791991423905,1.0,0.1,1.0,0.2,186,1371.3893739259263,377680.11256595457
30,116,0.3275718987082098,0.3842529628001919,0.39466211205651264,0.9242558617681806,0.33202678276688025,0.10064262041781558,0.11739331724586437,1.0,0.1,1.0,0.2,187,1352.4993779402887,378646.6718246352
30,117,0.3288351315828145,0.386868067660742,0.40147263074568534,0.9877794375904223,0.3292014067142306,0.10045369619736726,0.11867913369359336,1.0,0.1,1.0,0.2,199,1382.0833570517468,378813.82238887605
