Run,Equation_Index,Hybrid_MSE_Train,Hybrid_AIC_Train,Hybrid_BIC_Train,Hybrid_MDL_Train,Hybrid_PSM_Train,Extrapolation_Divergence,Sensitivity_Interpolation,Sensitivity_Extrapolation,Lambda1,Lambda2,Lambda3,Complexity,MSE_Test_Interpolation,MSE_Test_Extrapolation
1,0,0.8058711858548735,0.9803017583700174,0.9792876792449134,0.059806648789759706,0.0,0.0,0.0,0.0,1.0,0.0,0.5,1,13.90643405564858,66.31490612098315
1,1,0.6052960486897891,1.0190675818160029,1.0161244585576865,0.13137350367416445,0.2221071364250719,0.07616908045251862,7.561083860169999e-05,0.00013947789955326,1.0,0.0,0.5,3,8.912409813882155,43.44584212048562
1,2,0.4987168573375133,1.0045255736665653,1.000477169503938,0.13604092869668463,0.25058005173916137,0.08171653273119703,0.0012308618747747999,0.00289988327209708,1.0,0.0,0.5,4,5.977442844900173,39.9114463522092
1,3,0.26160215263812137,0.9376980943848949,0.9339642438069716,0.1284474653737732,0.7042873351519325,0.08936665010271654,0.0009380471408230401,0.00173039801308302,1.0,0.0,0.5,5,3.394379189182961,9.050365602795292
1,4,0.2234759286216224,0.9164226927552356,0.9114087139678175,0.13005868162121237,0.19051888679463136,0.09235911257737871,0.00180651355889535,0.00292898677603447,1.0,0.0,0.5,7,8.329192286330212,6.848519710928331
1,5,0.21282653008982827,0.9086815346802096,0.9033406029273707,0.13065551100380296,0.14379718011377388,0.08939315830410575,0.0026176569536526103,0.00608054760398148,1.0,0.0,0.5,8,10.718478382445552,95.42930849565774
1,6,0.20392004895815571,0.9014581048764895,0.8957685652539067,0.1306042597406964,0.14246088145088123,0.09159797301384391,0.00046846864608201004,0.00076799382306841,1.0,0.0,0.5,9,5.113696912412921,1.9400364972076545
1,7,0.19163052249694676,0.8907607116448382,0.8846719189553349,0.14240918086844695,0.10415337655754033,0.08847050152320812,0.00067980653739497,0.0011397697321809401,1.0,0.0,0.5,13,6.92693826244457,8.29098038378755
1,8,0.19346743185271237,0.8979604260541446,0.8961342842911185,0.1482923518849861,0.10220551975581703,0.09244653198352244,0.0010102252071416801,0.0019857258071665903,1.0,0.0,0.5,15,4.620750344653039,3.990561851671373
1,9,0.16100445599054575,0.861031452852935,0.8541685434172744,0.12872006194440638,0.17382712120028665,0.07314716053689127,0.00111014648046044,0.00240231842428304,1.0,0.0,0.5,16,4.30824980634734,44.54701379036072
1,10,0.16548794384847806,0.8651480758685721,0.8579677507876844,0.1424415325208939,0.10863933902440971,0.07776253443205741,0.00125106506104449,0.01373698095247106,1.0,0.0,0.5,18,4.788422542280454,36.60891663619493
1,11,0.17226813565240015,0.8815866564564517,0.8830364075358422,0.1672481985642679,0.11099644980802734,0.09202211510385593,0.00254757901652026,0.0028235189531538598,1.0,0.0,0.5,19,6.802092924716581,4.253234360555269
1,12,0.16573825540446804,0.8737754906350538,0.8747985176301507,0.17674853253212522,0.11004372465749976,0.09230451496490556,0.00280050763747209,0.00321356225591247,1.0,0.0,0.5,23,6.760063525317152,5.11992957461204
1,13,0.1558489686340377,0.8735046738714766,0.883203123069704,0.18581565358446508,0.08869620230295004,0.08444099602882899,0.04305294340428692,0.0013658209324244,1.0,0.0,0.5,26,7.123681096754781,26.60344087003656
1,14,0.14873514214513903,0.8588697292400944,0.8636648069364816,0.17413259271639636,0.16592043222374778,0.08485457421183074,0.04362189063037533,0.0017620671591409998,1.0,0.0,0.5,27,7.057624345000996,29.593976696462096
1,15,0.14577490925295558,0.8590032818793863,0.8678689481955928,0.18203444799391225,0.10967861087514223,0.08543240418822998,0.04463324473239545,0.00273442219406291,1.0,0.0,0.5,29,7.016898271525836,34.80536142674899
1,16,0.14563236430675652,0.8637345713441356,0.8769622674534543,0.20456789720822313,0.08721889915963099,0.0854324044252494,0.04463279419333091,0.00273442291912952,1.0,0.0,0.5,33,7.025932505483314,34.633498679332774
1,17,0.16105332624295624,0.8637449516938599,0.8637682890033554,0.20626530478003788,0.11614089630282887,0.09428039976141805,0.1740823357392991,0.01803984982679846,1.0,0.0,0.5,34,6.833845471827957,11.106048136026551
1,18,0.16105332798756894,0.8686919785145867,0.8730884796278239,0.22656228382332105,0.10330035270384089,0.09428039976141805,0.1740823357392991,0.01803984982679846,1.0,0.0,0.5,36,6.833845561500564,11.106047989066626
1,19,0.14983428235851737,0.848448544934954,0.847931022773757,0.2194577177667067,0.18031817508741932,0.08958534383202837,0.2295635783183046,0.01784963251110106,1.0,0.0,0.5,37,5.275011937492948,6.862630848632423
1,20,0.15816587068573246,0.8585443384134158,0.8620327666025371,0.23613022219572755,0.16631173203826033,0.1016626652582912,0.22773231224059712,0.01825900675410643,1.0,0.0,0.5,38,6.331827061145787,12.366195453499028
1,21,0.1413575345503047,0.8394610227021607,0.8427063789569665,0.2541694212173359,0.10378291920711272,0.0872313295311426,0.22794509662051404,0.018398753106600222,1.0,0.0,0.5,43,6.959672506127284,9.159940329845178
1,22,0.14847326337754055,0.8563872567510378,0.8683702407671088,0.2707663946347385,0.10494835363702906,0.09288645408875659,0.22683738721821828,0.02149051206832091,1.0,0.0,0.5,44,6.244885808630269,8.848597060439385
1,23,0.1378940760442956,0.827645817934576,0.8340360331723886,0.24361141495819727,0.2879705567240409,0.0900679830491166,0.2294971342056356,0.026921003338559613,1.0,0.0,0.5,45,6.091802435596636,8.205061201788551
1,24,0.13794259989734065,0.8326315504344323,0.8433941049452022,0.2623292166616779,0.10362467815603778,0.09004602363207513,0.22949544280278414,0.02707433944172872,1.0,0.0,0.5,48,6.085031470597759,8.165094315533342
1,25,0.1378275193675214,0.8373671038203544,0.8524947451924337,0.2716782872226935,0.10474768886132825,0.09006798304911666,0.2294971342056356,0.0269210033385597,1.0,0.0,0.5,49,6.048056935541059,8.206100402129417
1,26,0.1472941298126338,0.8454101204465547,0.8604194274561717,0.31392391155953614,0.11835037202157767,0.10133713699862083,0.2316200452982889,0.02506667217630723,1.0,0.0,0.5,53,7.223910750154292,9.764000700674243
1,27,0.12280894207321749,0.8248538867919475,0.8441529791916809,0.3095995960507722,0.09178464192747765,0.08550602507400723,1.0,0.00896135060491343,1.0,0.0,0.5,60,7.387149413891418,76.89603454238886
1,28,0.11519252862739016,0.8185291956700091,0.8419071456431715,0.3197135809145646,0.09942083258412408,0.08016844060404846,1.0,0.00852696884569277,1.0,0.0,0.5,63,7.387520163415355,84.61490841861507
1,29,0.11503016604805887,0.818239300110381,0.8416072943926519,0.32632329265470844,0.08582135293912005,0.08006975541020483,1.0,0.00853133652704819,1.0,0.0,0.5,64,7.406520942116992,84.73134236164702
1,30,0.11988759028504575,0.8150501744734648,0.8338061362247219,0.3312888635819691,0.10858058136818163,0.08580837468994786,1.0,0.00985018024800964,1.0,0.0,0.5,66,7.129894964600475,75.68710526661593
1,31,0.12062645084348828,0.8199615213135687,0.8430303115908743,0.34269792039593666,0.10138446885450796,0.08703348554668297,1.0,0.00967261637039161,1.0,0.0,0.5,67,6.953433617972421,83.37979540145096
1,32,0.1194293666999595,0.8173999760512085,0.8403666966374398,0.3484104299197174,0.098820850322723,0.08631590754723963,0.23996829831530211,0.009949753733683241,1.0,0.0,0.5,69,8.075664767378704,81.23939453542444
1,33,0.13532383994920702,0.8369448281080888,0.8641866703955119,0.37514314084218875,0.12293763223790341,0.10092635959025054,1.0,0.013734033850461961,1.0,0.0,0.5,70,7.104723824292605,82.2689566733218
1,34,0.1221088199528282,0.8156439115603856,0.8382821738135645,0.34023257722945105,0.1304209652516276,0.086878033965542,0.4976461853268367,0.01807452108766119,1.0,0.0,0.5,71,5.225299491734755,526.1980414222626
1,35,0.11895774754743088,0.8064829657470012,0.8286906596994925,0.3450326593078987,0.16039083951569968,0.08619849085765015,0.4976678140203689,0.017839635164901342,1.0,0.0,0.5,72,6.253567107787633,542.9102507786192
1,36,0.12270033514887566,0.8062165454447459,0.8321825097770581,0.35243420116251717,0.1946822691402998,0.09185869274210423,0.4984676916060037,0.01998105078642641,1.0,0.0,0.5,73,5.68185872008296,591.3473395895649
1,37,0.11634247460857938,0.7914687660261062,0.8128318571695008,0.37037191519259094,0.10519629772051581,0.08771841083717609,0.49774273960339377,0.01758455001224385,1.0,0.0,0.5,77,5.049573733655304,561.5229262771909
1,38,0.11759956469468832,0.7906405670448654,0.8118659781352036,0.3750153031974574,0.11926133384127556,0.08843575970254171,0.4987942066831447,0.01984247990888931,1.0,0.0,0.5,78,5.158043815667354,601.9492156521646
1,39,0.11038650825095177,0.784154624194351,0.809478428502419,0.3855962259320403,0.13373142406323632,0.08236837758962248,0.4947537282599095,0.01978629510932477,1.0,0.0,0.5,79,4.889868327460023,522.1938236284843
1,40,0.1616282591953237,0.7999768020081365,0.8149671256074308,0.4019824643639366,0.38883631465275925,0.10278664562657362,0.00250313208066923,0.09204440212362877,1.0,0.0,0.5,80,11.550575025194023,66.16870936156451
1,41,0.16183435954011854,0.7981777066816366,0.8130476912546691,0.40854822016466447,0.1584484837147908,0.10235558249474083,0.00280789865587293,0.09398331431298787,1.0,0.0,0.5,82,12.135238625879428,68.62071156085267
1,42,0.15974198534311662,0.7847109575834874,0.7989075502356238,0.40527504977896633,0.19987940867560966,0.10258290405403085,0.00272117302602656,0.09275698567400528,1.0,0.0,0.5,84,11.539071983669118,65.216149225307
1,43,0.15965252986024125,0.7881333434196995,0.8066191594613948,0.4162483671009568,0.15541542133531855,0.10254684452073093,0.00271386549349512,0.09304157609311361,1.0,0.0,0.5,86,11.499843277474293,64.85018104555242
1,44,0.15970160454777688,0.782590764291622,0.7966657572343888,0.414806452710264,0.1548954526373944,0.10227647150204243,0.00286971443078697,0.09385367628081556,1.0,0.0,0.5,87,11.316069060180162,63.762546974077736
1,45,0.15903598014352205,0.7812393899171253,0.795274389676474,0.4287766592036422,0.15468505262912716,0.10206652156456032,0.0028116030632939397,0.09312505783711578,1.0,0.0,0.5,88,11.260023837950952,63.50316715587436
1,46,0.15937187635839176,0.7862495897958841,0.80464186145793,0.42417685059462146,0.14930063119696163,0.10222148414592254,0.00296770150920044,0.09355876260128404,1.0,0.0,0.5,96,11.697979588021251,66.23162783035426
1,47,0.15977006744218375,0.7816524347741425,0.7956686458279327,0.4540186491105443,0.14993166684743905,0.1019570031794593,0.00323367418295379,0.09489975301981288,1.0,0.0,0.5,97,11.70539229507458,66.80664000814235
1,48,0.15926071610154569,0.780934267786837,0.7949383477058523,0.45348193326823777,0.15073084289114605,0.10190503539163588,0.00322396015945592,0.09403897002031177,1.0,0.0,0.5,98,11.621360630473198,65.9948737492279
1,49,0.15962908342753296,0.7853693004473729,0.8036953567443861,0.46576407876919307,0.1570895578667822,0.1019570031794593,0.00323367418295379,0.09489975301981271,1.0,0.0,0.5,99,11.690028359327384,66.14499019012722
1,50,0.1596391789122813,0.7801238485469935,0.7940587791641258,0.4733385435176334,0.15036947394535136,0.10196037676076207,0.00302326849349315,0.09499377509976452,1.0,0.0,0.5,102,11.796856072130456,67.73816721039675
1,51,0.16246273127007588,0.8106630850515342,0.8507228797905022,0.5217704936099736,0.1697597376203631,0.08760786867381176,0.007153825600408841,0.12984610076900172,1.0,0.0,0.5,103,8.465565954257336,436.1787219901554
1,52,0.12309105879881821,0.7441705822065892,0.7704057970161811,0.47358726601240836,0.22121721541680922,0.10270843841225179,0.0071263033426919795,0.02373466592798025,1.0,0.0,0.5,104,8.12325376036901,223.57253583306783
1,53,0.11908174647437539,0.7406347313163848,0.7709891916138125,0.4879971061460324,0.13023075023226208,0.099143186517146,0.00675758150816678,0.023764726780831292,1.0,0.0,0.5,106,8.379694682123763,227.0342467578429
1,54,0.11991350895109146,0.7414519556831523,0.7718055940506436,0.499371113592866,0.11191678749855564,0.1076255864782105,0.00712194109645152,0.00846638150306461,1.0,0.0,0.5,108,8.366366237419008,279.0874521666205
1,55,0.11989865602361277,0.7462345181684656,0.7809528412910725,0.5079861334530372,0.1124990814261951,0.10762558647821052,0.00712194109645152,0.00846638150306463,1.0,0.0,0.5,110,8.372452456378745,278.6811012534855
1,56,0.11758284660660728,0.7352877000425188,0.7654248334288097,0.5000039250523222,0.12564333397310612,0.10563046303994397,0.00703143741591251,0.00853936859511647,1.0,0.0,0.5,112,8.252669878249623,273.5210212457546
1,57,0.12283007686858019,0.7437285401159411,0.7781401547591766,0.5207952281613788,0.13021010415866352,0.10375466852923158,0.00839433085474503,0.02311227325682407,1.0,0.0,0.5,113,8.161765084755173,213.3587857882005
1,58,0.12503739423555943,0.7459001950805103,0.7803097867990207,0.5280719252430568,0.11784684219910281,0.10591903373098781,0.00849410693168874,0.0232053578467438,1.0,0.0,0.5,114,8.25354973833346,216.09409355427488
1,59,0.12281254436391699,0.748510072845754,0.787286517204913,0.5330206601989161,0.11624079490823341,0.10374737991123759,0.00844103410929669,0.02311907294467625,1.0,0.0,0.5,115,8.165626922369777,213.4080267495448
1,60,0.12385276129967014,0.7462315131665299,0.784821729223688,0.5335619716544787,0.14479974444508242,0.10502111440666967,0.00852672817227974,0.023250028397302037,1.0,0.0,0.5,116,8.328147718181187,215.8754350960659
1,61,0.1198454210133663,0.7318289380416511,0.7698399600625541,0.5441249291417771,0.1260207883484821,0.10134605614797336,0.00782763743752128,0.02429761269560286,1.0,0.0,0.5,123,8.341442496239754,228.87893486897136
1,62,0.11953608702709739,0.7263326284987096,0.768157544969277,0.5547363506248678,0.15620371487140805,0.10157218007079145,0.0105294648264968,0.02468605377198528,1.0,0.0,0.5,125,8.42800332373315,230.5511377695791
1,63,0.10948234384800462,0.7160693912695063,0.7578827984193007,0.5554432331423195,0.10561467093013649,0.09702002174820872,0.021655488834101,0.01371111062548307,1.0,0.0,0.5,126,8.432244097612408,222.33973023798504
1,64,0.11774979916218625,0.7175945868311795,0.7590385373486108,0.5589619073597341,0.1684683560440148,0.1002206652126791,0.0101792899956731,0.024713658055782718,1.0,0.0,0.5,127,8.495886082873934,231.51315661614268
1,65,0.11628093974056615,0.7135633589624636,0.7548674028206733,0.5642455160228425,0.12185142772774255,0.09890374752227643,0.0098860660130516,0.02472100387343771,1.0,0.0,0.5,129,8.579721089106615,232.59576915386447
1,66,0.11613638971135185,0.7206339946917121,0.7705383469369311,0.5963794033127389,0.1149457031796695,0.09883171874717431,0.00946465597295951,0.02489076376533651,1.0,0.0,0.5,135,8.598286673097638,232.73539854108003
1,67,0.11571713091498709,0.7170908384993017,0.7668252636433325,0.6064373417713963,0.1373910184057991,0.09866333848339384,0.00977561572760792,0.02474296885141572,1.0,0.0,0.5,136,8.613590822252236,232.46978879493216
1,68,0.11743106324705965,0.7181492863201876,0.767848108721635,0.6153881746815261,0.11397779706459418,0.10045693980738007,0.0104308439506871,0.024656162632115418,1.0,0.0,0.5,139,8.677635311921234,231.9332769388197
1,69,0.11699997386614494,0.7226204584849956,0.7766899989150449,0.6278533769122312,0.1167285963755918,0.0999892222739257,0.01005224354933496,0.02473434922836966,1.0,0.0,0.5,140,8.614261199095868,231.4540443953352
2,0,0.9067862308650833,0.9908076231134912,0.9903343647516023,0.062124865203527696,0.0,0.0,0.0,0.0,1.0,0.0,0.5,1,5.376185435703663,61.2908948034832
2,1,0.6793080079698536,1.0394166280620754,1.0369954489330886,0.14382214681542277,0.2337465761851446,0.08634844648435273,8.520497731514e-05,0.00020113119222921,1.0,0.0,0.5,3,3.088206086138984,40.33261907157812
2,2,0.5743735986018657,1.0521530201089753,1.0484771529874333,0.17802253948309477,0.31343464946201943,0.11880382123513251,0.00254218329487342,0.00950703569010375,1.0,0.0,0.5,4,3.651427027843889,39.96176523671903
2,3,0.3334717154997224,0.9781157809302765,0.9756963841767039,0.1489593246955154,0.5766283145273606,0.10442568019239412,0.00070432933417227,0.00138107242906489,1.0,0.0,0.5,5,1.7578700580726467,9.67327248530312
2,4,0.281756618241785,0.9548751189445044,0.9513102118866972,0.1479905941063814,0.19119934575429304,0.10374449981010163,0.00039379160915449,0.00076564885693457,1.0,0.0,0.5,7,1.4714878762519117,3.41567038063067
2,5,0.2931184676270232,0.963406575126505,0.9553404185004969,0.16373448846699304,0.13830445647497627,0.11698067530138082,0.00091050812311222,0.00622725849913911,1.0,0.0,0.5,8,1.1716630640605747,4.182534446854931
2,6,0.2668665721814639,0.9435069803478602,0.9350939395325224,0.14870245863374978,0.1614664141764509,0.10652644548848192,0.00040503915185656,0.00081124348292257,1.0,0.0,0.5,9,1.514972703388932,3.000432419822384
2,7,0.27214479080846343,0.9567318680460316,0.9524542546663156,0.16814448058956047,0.15366294776221734,0.11662918588094504,0.00099819123430409,0.00639919046546006,1.0,0.0,0.5,10,1.1073263477169268,8.738334313634436
2,8,0.26589879671051964,0.9477158318870494,0.9389001814662638,0.16684116744522293,0.1438901726734369,0.11640317011498723,0.0007865760484559701,0.00511861268212578,1.0,0.0,0.5,11,1.4321471894040383,3.983595474333892
2,9,0.2422248130501772,0.9287258399905883,0.9194924372366108,0.15808768900599413,0.13967696875359706,0.10769155051487336,0.00038298237326508,0.00079203527577901,1.0,0.0,0.5,13,1.7344527338849125,2.294967998692357
2,10,0.24149209572919764,0.9331513432321827,0.9282694732004781,0.16651710991452384,0.10962045477992417,0.10759519267005495,0.00037713355994064,0.0007814815381781699,1.0,0.0,0.5,15,1.7021598949800505,2.0182246497816654
2,11,0.23903846636961074,0.9349717056707494,0.9295610842037666,0.18502579297643634,0.18656696936517025,0.10736519025159734,0.021503630795886,0.02542464652310264,1.0,0.0,0.5,17,2.4486943258742864,2.4825148120665586
2,12,0.22718356319862304,0.9352055623431041,0.9381408820928744,0.20311341869500418,0.11904804967908304,0.10673608227619748,0.00515252458769091,0.02291749216912569,1.0,0.0,0.5,26,1.5305820517734965,2.070425767372283
2,13,0.22000725943361815,0.9385038431341448,0.9500358885469351,0.23728814748950455,0.119012168555233,0.10131793751841099,0.00513764698344559,0.02637372433949593,1.0,0.0,0.5,31,1.2265997700439877,3.961201437729598
2,14,0.20917487156167694,0.9239734308164915,0.9305699191244011,0.23676942672246776,0.20084191620664837,0.10250114471631681,0.00541415248203008,0.02669049871221163,1.0,0.0,0.5,32,1.2724565247836102,3.2587669277989293
2,15,0.2007547231105386,0.9254625931155981,0.9407920202352369,0.25191590980287143,0.10804341758934885,0.09644032748297855,0.00848749151290942,0.02252263525923684,1.0,0.0,0.5,38,1.327531779192988,0.6007467977898817
2,16,0.20262132724101942,0.9274067361846526,0.9426873944318129,0.25770913373339127,0.1182627272199661,0.0973214167650511,0.0052710085188147505,0.026541998138539268,1.0,0.0,0.5,39,1.5640166875069723,3.532476334619504
2,17,0.7105932643540915,1.4194639239690034,1.4207384750349528,0.76570345967497,0.7015894872886902,0.15736313464757712,0.24475759112454387,0.954701535880238,1.0,0.0,0.5,41,1.029782653560409,10.86756479925231
2,18,0.20643319972755306,0.9251686899993853,0.9351794388103948,0.2987158244654316,0.1311067091081828,0.11457906694577455,0.01445414116732372,0.03228452721083374,1.0,0.0,0.5,45,2.202598390522456,9.658538752937234
2,19,0.1887092681486252,0.9012632934469625,0.9065505589925862,0.27527088414541506,0.14506024378536758,0.10965789651271318,0.00815530141241404,0.017821019621133923,1.0,0.0,0.5,47,1.5250273719627645,4.259435829609943
2,20,0.1742558229197558,0.8870769343890317,0.8958789055005986,0.27865913800754394,0.2461299937603277,0.10495555257117938,0.00767970604693405,0.02231060454187035,1.0,0.0,0.5,48,1.575288092425107,3.0709601254798367
2,21,0.31859130343498454,1.0233397187796986,1.0273425872281694,0.43538822624893997,0.3298472488479859,0.07803547442262396,0.05377964731948418,0.3751180430446736,1.0,0.0,0.5,49,1.598872475624607,8.397432780233215
2,22,0.293967286947152,0.9984783121233525,1.0024515862465935,0.4042040733035221,0.24574227867448206,0.07979571032631134,0.04760549917174959,0.32302463065959397,1.0,0.0,0.5,50,1.6502718402637546,7.099947109643269
2,23,0.31822999956570647,1.0276726321864234,1.0360170497284804,0.4511944304821956,0.26590306822567433,0.07803547442262396,0.05377964731948416,0.37511804304467333,1.0,0.0,0.5,51,1.5092355336678307,8.412314784623984
2,24,0.17145687750045993,0.8774011378464261,0.8853313712639764,0.291244471966866,0.18601382364879307,0.10264700515732601,0.00774038563001396,0.041443492963249264,1.0,0.0,0.5,52,1.5869538645653638,4.272117288429089
2,25,0.17653627575948863,0.8732802755267226,0.8763865004842024,0.2980445420216764,0.16704166305495288,0.11063143282844687,0.008076471426347449,0.044642427780295715,1.0,0.0,0.5,54,1.53902322914277,5.077990069068642
2,26,0.17414584911145267,0.8758048192122415,0.8832809777654985,0.30937339009801784,0.1308379956945683,0.10986001797834193,0.00798470438946792,0.04146582382732144,1.0,0.0,0.5,56,1.5487751903775218,5.118509696311805
2,27,0.1812391453211068,0.8872888951853881,0.8990824745736911,0.33293391092640506,0.14031957078997292,0.10861245815026503,0.008379469595818829,0.05920023410722823,1.0,0.0,0.5,60,1.4619501182680978,4.450850242258615
2,28,0.17617417547657052,0.8811612922826288,0.8928501290621704,0.3338668193413113,0.13940125732751443,0.11169506915750574,0.00817212697946426,0.04484965224293054,1.0,0.0,0.5,63,1.4387793613428317,4.845352256211212
2,29,0.1735755514080981,0.883267047942005,0.8993054286293013,0.3455838721618712,0.1335234584715138,0.11089859342114097,0.00807967759923813,0.04167747610343378,1.0,0.0,0.5,65,1.4447476130465389,4.888119680762765
2,30,0.17283192572296768,0.8819438496321892,0.89792623202171,0.35534690714358275,0.13996957503240887,0.11214920651885685,0.00820286080861897,0.03870519842569497,1.0,0.0,0.5,66,1.4922513538435522,5.751772680972353
2,31,0.17107662738049764,0.8833636040540266,0.9035515144606503,0.35435658042054163,0.15657973057520885,0.11042082346838641,0.00789195407824982,0.04161945255484377,1.0,0.0,0.5,67,1.4932347056283783,5.88298875531837
2,32,0.1730224824114396,0.8842239632251365,0.9043113579368577,0.38363711430239156,0.14167047229316246,0.11182539585139291,0.00762437065351506,0.04443657759402645,1.0,0.0,0.5,69,1.673149937191664,4.758067560836057
2,33,0.17302265061480906,0.8891711546184535,0.9136317131339164,0.39419606956419834,0.13404413991629588,0.11182540397448298,0.00762438492572215,0.044436890493026585,1.0,0.0,0.5,71,1.67315081882725,4.758067642271143
2,34,0.17289851431904224,0.8740430022721278,0.885369299852362,0.3207260395585994,0.13625296279443738,0.11182540397448303,0.0076243849257219805,0.04443689049302308,1.0,0.0,0.5,72,1.4930742217604431,5.381011983453057
2,35,0.17035815186574824,0.8861134056263656,0.9105383176121684,0.3984190218826798,0.13324124815041202,0.11107391703394068,0.009021409571415211,0.04120892397577795,1.0,0.0,0.5,74,1.5922306049871018,5.4158140456784425
2,36,0.1703583188449242,0.8910606110528969,0.9198586939795111,0.40909981030006753,0.13167889028569255,0.11107392419422236,0.009021415758389679,0.041209229124004286,1.0,0.0,0.5,76,1.592231599532767,5.415814589532675
2,37,0.1693294966985321,0.8894573669599734,0.9182034125320637,0.4144765043082349,0.13895806990600243,0.11012999765827144,0.007990697798784429,0.04191281652919131,1.0,0.0,0.5,77,1.6208762656364344,5.64429583740712
2,38,0.14521102268486974,0.8599820160120998,0.8843179643180367,0.38774038412040546,0.11286597655347419,0.0890904075674639,0.00955851228547624,0.03636934913573263,1.0,0.0,0.5,78,1.53099944259321,6.188167973345018
2,39,0.16585901098455658,0.8935445905019989,0.9308295882242897,0.4371370553748512,0.1421757340576429,0.10987015846471046,0.00750815663573019,0.03887447337011994,1.0,0.0,0.5,80,1.618316730674034,4.794918630467121
2,40,0.14161090368041981,0.8463465719743084,0.865867404404093,0.3830580454964999,0.12782143220884665,0.09171204834040671,0.00960288230318327,0.030919687201080282,1.0,0.0,0.5,82,2.309164870010381,8.047712249522325
2,41,0.13950070817122587,0.8473397198079694,0.871079648185704,0.40259315838479515,0.11209340952213986,0.09077719457225203,0.00962407121347633,0.03086776114411527,1.0,0.0,0.5,86,2.346870250016257,7.882665537665188
2,42,0.1379386855354319,0.8447018549684254,0.8683541024841047,0.4012800367524228,0.1184615542610741,0.08982940062810688,0.00961353284628037,0.030893833316001918,1.0,0.0,0.5,87,2.424221476946685,7.763663625683061
2,43,0.13803336366393198,0.8495965075065876,0.8776098682413266,0.41948072975857953,0.10729793805251991,0.09001303848644776,0.00961632039237998,0.03088921610929346,1.0,0.0,0.5,88,2.411000284300856,7.809367184922626
2,44,0.13831462698882116,0.8443042577508802,0.867893588265828,0.40848530679085476,0.11384764685764624,0.09063955642039528,0.00961421603241919,0.030922703250142604,1.0,0.0,0.5,89,2.3942967115119957,8.120150230675902
2,45,0.13721068224330404,0.8460912292768669,0.8738910395908938,0.42930611645298333,0.11818641606432416,0.09063955642039524,0.00961421603241919,0.030922703250142753,1.0,0.0,0.5,91,2.5563905650967897,7.50633675991331
2,46,0.13644030067294008,0.8501332277830668,0.8822955496459125,0.44471694330802625,0.10620652829641596,0.09040930403641113,0.009621412162763809,0.02998681268937441,1.0,0.0,0.5,93,2.536322798131018,7.414091153097333
2,47,0.13944280322396102,0.844319737883769,0.8718081140578333,0.4575071464998079,0.1255618349502017,0.09337845912577361,0.01001083221606648,0.034001432601827516,1.0,0.0,0.5,96,1.9604439725542724,7.154161331293596
2,48,0.139514621605234,0.8488397853233423,0.8806628671784147,0.47286564301545553,0.1136699404819829,0.09351498773783057,0.01006002284400326,0.03436812643487257,1.0,0.0,0.5,98,2.0691457357061007,7.524513638435577
2,49,0.14168156994809053,0.8450289775797396,0.8724008980787523,0.45836137980094077,0.12511185498520289,0.09863094685489458,0.01034137023698118,0.029439470236203254,1.0,0.0,0.5,99,2.5168040717490987,4.541478870586418
2,50,0.13827930242923128,0.839672007297366,0.86689241964799,0.47065643610801317,0.13554625208355042,0.09465277741492525,0.01039810598443027,0.03256786123245831,1.0,0.0,0.5,100,2.4233307107937487,5.398492209144854
2,51,0.15034665913285014,0.8564057983684077,0.8879839262743837,0.4826217115682469,0.12327215454663586,0.10388766471893711,0.0101637979768808,0.0382717259530791,1.0,0.0,0.5,102,2.366145729110442,4.539766024204513
2,52,0.13006369240007265,0.8231458211634,0.849761478963922,0.4872692520438919,0.1524658798745319,0.09152537449020783,0.01212049152007454,0.02926535084430864,1.0,0.0,0.5,104,2.6866393016278654,4.940624390258451
2,53,0.13344066819958883,0.8296695107370902,0.8605359142095346,0.5029162138927957,0.11858959633287683,0.09549806710698598,0.012091258119334761,0.02922933927138363,1.0,0.0,0.5,106,2.7569897880192094,5.307325866480971
2,54,0.13177836462605255,0.827785691136595,0.8626736031517097,0.5205765645348881,0.13573194325722407,0.09549806710698602,0.01209125811933475,0.029229339271383648,1.0,0.0,0.5,108,2.4621267563121534,5.957993279629967
2,55,0.16751677941680515,0.8627269588038373,0.8975607425634822,0.5508046888924654,0.15019929043303207,0.11365207690911801,0.0167478401230559,0.06490692263983144,1.0,0.0,0.5,110,2.5323279701065804,11.873383390333696
2,56,0.16619761367080582,0.8502352177417147,0.880279669593999,0.5515788374862683,0.1781138901886018,0.11374113452680104,0.015965043307520112,0.06580761014143217,1.0,0.0,0.5,112,1.7742760738975032,12.750801744387775
2,57,0.16399936821827021,0.8510129398628549,0.8853010419117255,0.5615795541418357,0.15478411195898,0.11287965897149184,0.01676176761005023,0.06422367356027463,1.0,0.0,0.5,114,1.7466576469636186,11.84582301067729
2,58,0.16396444540640415,0.8498682039625326,0.8840838219394056,0.5757612990846236,0.15621760551023653,0.11282181387461117,0.0166899192810914,0.06486607242083325,1.0,0.0,0.5,115,1.3281061221150767,11.95361285272359
2,59,0.16396430271844883,0.854815104140517,0.8934038826548096,0.5828754693457842,0.14525482568155546,0.1128217180123029,0.016689912835457697,0.06486597311714574,1.0,0.0,0.5,117,1.3281061282701137,11.953628934673066
2,60,0.16541539459281374,0.8473996525460735,0.8854195605293587,0.5983017186474695,0.23492574465278715,0.11622876630942088,0.017192413650023643,0.06532222478778152,1.0,0.0,0.5,118,2.5960713632800494,10.918049361387853
2,61,0.1346657104294096,0.8334090785842265,0.8887307088617764,0.6507929788551652,0.12043687055840945,0.0965735471251569,0.01507243934484144,0.0444925195297867,1.0,0.0,0.5,136,2.748396078879072,7.760107206008565
2,62,0.13475167868914528,0.8104835817964458,0.8481119567220642,0.5558633411010883,0.1496828953366141,0.09717280444948383,0.015717212310922372,0.044813042586065124,1.0,0.0,0.5,137,2.564038726347019,8.55729197450064
2,63,0.13269507895891922,0.8126032370729167,0.8586258223092696,0.6146702668182163,0.12244903029421497,0.09699203914627802,0.015433346973647599,0.04330581231517009,1.0,0.0,0.5,151,2.879206501428053,9.22210124149048
2,64,0.12467155949797482,0.8177003555106507,0.8767372454084259,0.7010254552158692,0.11898705865104234,0.09054921132982406,0.015856027608375862,0.04078935506748172,1.0,0.0,0.5,153,2.6994378822740845,9.381106034006836
2,65,0.12684125147523856,0.8216994306793441,0.8849206441163626,0.7164921465786864,0.14204284430720399,0.09312911757847857,0.016122143127613838,0.04107033382396151,1.0,0.0,0.5,154,2.665900335245728,8.868825140841022
2,66,0.12786612587674404,0.8072412354286302,0.8573042112263802,0.6405597506093224,0.11626329834113058,0.09565947141178277,0.01578443840037334,0.03828101425926432,1.0,0.0,0.5,158,2.618713499649146,8.534315281214875
2,67,0.12803415210000554,0.8007000142844123,0.8462837242885419,0.6449806906934715,0.13131640913881293,0.09494288325751667,0.01624509437926468,0.040648431209408156,1.0,0.0,0.5,159,2.6130773038186685,9.025730783846631
2,68,0.1290699816836028,0.8191463411209188,0.8861588783733018,0.7425726196498367,0.18368688504263136,0.09183749194315537,0.01607143330052395,0.05125788541497857,1.0,0.0,0.5,160,2.68983429556578,8.36243753192749
3,0,0.49394747310127685,0.9367204267837238,0.9334628191490758,0.05019765825244727,0.0,0.0,0.0,0.0,1.0,0.0,0.5,1,41.71316523357472,70.80086778544721
3,1,0.36838719738441883,0.9597436556682171,0.9542206234366074,0.11110398183041507,0.23830614623693352,0.06698124354727128,6.52966470444e-05,9.675311056640999e-05,1.0,0.0,0.5,3,30.145237577730988,47.52567880642837
3,2,0.24659418989948892,0.9176666843542919,0.9095565803693646,0.11059006046739481,0.2708297085297257,0.07501370656131486,0.00026118658817762,0.00038701244226565,1.0,0.0,0.5,5,19.19805596263108,26.137091153328143
3,3,0.18323777491499071,0.8780779665494809,0.8673194333686041,0.11569451366230955,0.28733127033948425,0.08693346609247522,0.00016170321661970998,0.00026332417205007997,1.0,0.0,0.5,7,12.26948572233691,11.097911152738696
3,4,0.17033511882657495,0.8642336838707788,0.8523443792549891,0.12199207895550337,0.18068984670797086,0.09495064526203358,0.0002550329842124,0.00047277802480184003,1.0,0.0,0.5,9,7.7385721734917,2.5770903080563263
3,5,0.16003537557126565,0.8537307990718644,0.8417769019029664,0.11641647645596391,0.09570467845587662,0.08580922553016572,0.00017893408698582,0.00025865083718516,1.0,0.0,0.5,10,9.626915381976552,8.039576580795515
3,6,0.17136623174616486,0.869976164099107,0.8623854751651561,0.1337703821405814,0.09818440267794748,0.09725248320649854,0.0001937223844131,0.00035590225303032,1.0,0.0,0.5,12,10.458237976760335,7.9220668722818575
3,7,0.15875125150394925,0.8513938199092951,0.8391588667586072,0.13050714149174863,0.10956140532929637,0.08892847719191647,0.0001582015184882,0.00026609266052955,1.0,0.0,0.5,14,9.369593070769549,7.406784720143968
3,8,0.15498094913911145,0.8525328809489117,0.8446621931508773,0.13787073734640143,0.08587348196681033,0.08528903868088622,0.0011257543130150699,0.00027400748942955,1.0,0.0,0.5,17,9.03259942176424,7.68929663308221
3,9,0.15332465523007405,0.8439584476088825,0.831312185726993,0.13779556922898048,0.15047474733322075,0.08944691536276762,0.00021046856996645002,0.0003378001268034,1.0,0.0,0.5,18,9.17986177865482,8.310355547547113
3,10,0.15051050023763488,0.8459961459231756,0.8377052245801978,0.14730013327322558,0.0884204638568504,0.08664627553322156,0.00119574252740234,0.00081270156594916,1.0,0.0,0.5,20,9.905412962928844,8.96188888017123
3,11,0.14842981926808807,0.8367109362265127,0.8236787134329183,0.14488870054033712,0.11768322014949589,0.08971374656531142,0.00029830870860006,0.0003042616078331,1.0,0.0,0.5,22,9.219030264958988,9.439462850186324
3,12,0.14196676807698136,0.8346971454855165,0.8259643366579302,0.14329437855375465,0.08991404166014014,0.08404067117227694,0.00065521487594623,0.0005936837177070501,1.0,0.0,0.5,24,9.784034465361866,11.531235168584509
3,13,0.13761949006486224,0.8229377762658867,0.8094943266251607,0.1414636459826434,0.10959867353200549,0.08353530381460339,0.00076788068922537,0.00109083422869356,1.0,0.0,0.5,26,9.809316464084208,12.07129335827398
3,14,0.14105589834348617,0.8391644023141447,0.8385850872814858,0.1745436804013324,0.12915678364630273,0.08985076248864869,0.00209220353489188,0.00115125521085594,1.0,0.0,0.5,27,8.607730354649428,2.9011830822897062
3,15,0.14015003601190526,0.842489242758263,0.8461995898072862,0.18790679794413556,0.09459811881162047,0.08985076248864865,0.00209220353489188,0.0011512552108559298,1.0,0.0,0.5,30,8.618335717397413,3.0199875906424194
3,16,0.13912964775550235,0.8407710063197085,0.8444003628536898,0.19009570818095267,0.10259317319431423,0.08988270674306528,0.00140459078146319,0.0007973994474991799,1.0,0.0,0.5,31,8.627298676851971,3.035889726307278
3,17,0.13921499062868095,0.8406817492065405,0.8442916961886482,0.1931742378071284,0.09344710114287018,0.09014771206628158,0.00158054392391688,0.00084282513450567,1.0,0.0,0.5,32,8.915611321955474,2.915239236584814
3,18,0.13630647367996768,0.8151254025932595,0.8009296119464402,0.1664293478671577,0.11463633126106985,0.09005677110641554,0.00183846820922654,0.00165209744915677,1.0,0.0,0.5,34,5.076228291432828,2.0311898351587327
3,19,0.13937642406109854,0.817282596138917,0.8029928832594762,0.17212079640580735,0.10892015838391617,0.0940716476774431,0.00157003536932475,0.00158578266094015,1.0,0.0,0.5,35,6.275764946105693,4.753300130115472
3,20,0.13375769836887175,0.8156738423556257,0.8056619088562665,0.17437796387267315,0.10457139172720775,0.08936953430250429,0.0018716671940148598,0.00158411369436353,1.0,0.0,0.5,36,4.932772072378006,1.8160213231539903
3,21,0.13469011199153047,0.8101534195966519,0.7956175479636263,0.17510583587057657,0.10402044656560334,0.09173211708690195,0.00232702755967334,0.00157014375816339,1.0,0.0,0.5,38,4.99200829613546,1.9194973818068128
3,22,0.1376254619715947,0.8116620309569134,0.7969894874058233,0.18079456973589658,0.11716510541690743,0.09589916448142337,0.002022779080289,0.00156285603325786,1.0,0.0,0.5,39,6.164679170228123,4.529310671669036
3,23,0.13878353929127424,0.8176722815115394,0.8073638665181002,0.1950942091754232,0.09928423200503789,0.0970651221479346,0.0023274585028088602,0.0017081699312771902,1.0,0.0,0.5,40,5.330470957363288,2.3580838854586084
3,24,0.1385075641662998,0.8220133096244293,0.8160468597996677,0.2045840670120298,0.10026791511735955,0.09706512214793464,0.0023274585028088602,0.00170816993127718,1.0,0.0,0.5,42,5.283291415095411,2.2955395768072084
3,25,0.13177268323235583,0.8035220717189525,0.7886353718954394,0.18652570669351884,0.11909228933930835,0.09223035143082454,0.00152497783956348,0.0009405152752587799,1.0,0.0,0.5,43,6.731091786944582,8.379038288336988
3,26,0.1300635413715082,0.8057205178785172,0.795112799638726,0.1961483234314117,0.09886142513184215,0.09130643697322831,0.00153514748584245,0.00095012274932622,1.0,0.0,0.5,45,6.632159167377839,8.139142471533695
3,27,0.1278103665088774,0.8031277788029912,0.7924894459473574,0.19856157329030527,0.0944225486177973,0.08930358139491686,0.0015306567368970699,0.0009601603927800199,1.0,0.0,0.5,46,6.474273287222024,7.666876158741094
3,28,0.1303186382055125,0.7984706427978662,0.7832621510983535,0.19697347413543456,0.12385253882596592,0.093303027644462,0.00191569903539129,0.00119416100895393,1.0,0.0,0.5,47,6.230759083657097,7.488819565973666
3,29,0.12085832044225756,0.7923545187245654,0.7813817546757198,0.21208307243095414,0.09581206360566559,0.08481438115608249,0.0021303994606746398,0.00138470433985339,1.0,0.0,0.5,49,6.109164354051533,5.2634107079388
3,30,0.13124855443220482,0.796279841681246,0.7807980064508467,0.20320903415134559,0.10820022933590934,0.09483210708380412,0.0034958147969805205,0.0043743234406452,1.0,0.0,0.5,51,3.318685340639413,1.1882643710155736
3,31,0.1177795535027917,0.7850505666013142,0.7737257480302446,0.22016324929447717,0.10048146441234519,0.08409182661728772,0.00228948133564994,0.0018996049687982901,1.0,0.0,0.5,53,6.201079852682868,6.00715079753018
3,32,0.12805309506450344,0.7970995253568576,0.7898934644706315,0.2411824414094431,0.11635103367391224,0.09492666368108808,0.00357917392571692,0.004317242620040769,1.0,0.0,0.5,55,3.1273435135438774,0.9137029072074656
3,33,0.1370000943728847,0.7957371491591546,0.7797380081911057,0.2275212999577213,0.10930457814303926,0.10366093141616782,0.00485733119853959,0.00572835973402132,1.0,0.0,0.5,59,2.562282955984678,1.0704750608238065
3,34,0.1417148115476114,0.7985106723841604,0.7823701295454277,0.23452343145108506,0.13061754099249276,0.10916482083366702,0.004441604024421579,0.00576135890836502,1.0,0.0,0.5,60,3.542271605516957,2.9352096111002526
3,35,0.12619443669826344,0.7861059933288301,0.7742023528889385,0.2500967209466888,0.11666450341317688,0.09667335340609995,0.0030647297867034,0.00133495405623722,1.0,0.0,0.5,61,6.291553001429627,6.301133176479958
3,36,0.13519902882455706,0.7953578984879262,0.7874756884552857,0.2741403754665201,0.13509003286986046,0.10648162403343442,0.00456646080355446,0.00399280626066194,1.0,0.0,0.5,63,2.965137874978069,1.0241167398099411
3,37,0.12750704276185776,0.7854569339790037,0.7774135565613428,0.26928825054338057,0.1260398792394442,0.09918708621591261,0.004623043905755899,0.005041373383217361,1.0,0.0,0.5,64,2.994007104127673,1.5849400031936594
3,38,0.12600587822198064,0.7745331992283185,0.7617964851361706,0.24714723855773432,0.11812160380305808,0.09967273118458696,0.00480036327150765,0.00455575728047881,1.0,0.0,0.5,67,2.67929274753864,1.0827918811254649
3,39,0.12550550642300298,0.7778644880270086,0.7694227319045451,0.28081667932630466,0.10772154643548056,0.09957970138153309,0.00478368308024125,0.004548675544778591,1.0,0.0,0.5,69,2.7543290318820017,1.159989036705292
3,40,0.1366544374717786,0.7853176002836,0.7766192681633117,0.3000142165619781,0.12723276713014967,0.11175377176743509,0.00613632512495592,0.00507512853895464,1.0,0.0,0.5,72,2.449293718250728,0.7515881549494959
3,41,0.12805775968254,0.7759182114625317,0.7671648490249957,0.2940599075406457,0.11426209439838526,0.10360789932731113,0.00557455257050171,0.00470600003757336,1.0,0.0,0.5,73,2.378403024246632,0.8952246888718858
3,42,0.1394488593803365,0.7812383165916716,0.7720751113626237,0.31605611836543523,0.1399022835870297,0.11714141542674252,0.0065377392517507295,0.00420151484854016,1.0,0.0,0.5,76,2.3314268999871164,0.621369632318886
3,43,0.1343028448039717,0.7670196968226171,0.75321084973176,0.28310348906681443,0.13588873467038698,0.11343227648654404,0.007309598512495611,0.00366286378101746,1.0,0.0,0.5,78,2.251650601725557,0.5997154846603916
3,44,0.13410612040294093,0.7710365518599209,0.7615529784826283,0.3211764696185212,0.11886349951316603,0.11343227648654404,0.00730959851249559,0.00366286378101748,1.0,0.0,0.5,80,2.2722277245296443,0.612997915676491
3,45,0.13409321896891163,0.7709755594638157,0.7614888545765676,0.32116244892310597,0.11573787180180559,0.113432276486544,0.00730959851249562,0.0036628637810174696,1.0,0.0,0.5,81,2.282733677209497,0.620331015462943
3,46,0.13399219992331476,0.7686646785006035,0.7630898894854261,0.341808307788341,0.1867186547524166,0.11546469830388284,0.008536901263551,0.00300155164580318,1.0,0.0,0.5,82,2.364093096339732,0.7256466725982227
3,47,0.13642589464247012,0.7631489018932848,0.7530107519685497,0.3441432082195356,0.12488581594603838,0.11880023556152676,0.00829951964841814,0.00258230447680129,1.0,0.0,0.5,88,2.1992974256628206,0.4875644334679211
3,48,0.11833053662167019,0.7475362717229894,0.7456820351328626,0.35923387651089206,0.11524790157434339,0.10161101185170004,0.0077767032344683695,0.00391209820918305,1.0,0.0,0.5,94,2.6534668059999973,1.5654806760461524
3,49,0.1184230854708328,0.7512698556344808,0.7537085204644638,0.3786745794317486,0.10990416889859529,0.10200820361612002,0.00778750750616278,0.0038089330128802897,1.0,0.0,0.5,96,2.63651776228444,1.5606442940547691
3,50,0.11789572471282184,0.7392740534263931,0.7369417375713019,0.3577669936577444,0.13467208400444478,0.10282661582013047,0.00876445102759043,0.00353037446283951,1.0,0.0,0.5,98,2.2576401234109422,1.2591900310176685
3,51,0.11801511411312413,0.7443067655669153,0.7463455613190683,0.3892891037770434,0.10487232229190993,0.10294942324828853,0.00876645710591252,0.00353540903820547,1.0,0.0,0.5,100,2.2666885587732204,1.2615409203099806
3,52,0.1215198660403346,0.7475273625631916,0.7495488246667841,0.38701080098542573,0.11102808982829462,0.10640323146742965,0.008770696158191111,0.0037427902753142104,1.0,0.0,0.5,101,2.400245476867632,1.4012261652211606
3,53,0.12662633565851697,0.7494898507933746,0.7513219888833691,0.4002247805404403,0.12341428628833125,0.11245845274062065,0.00935750144932744,0.00291253160005546,1.0,0.0,0.5,104,2.3652629296192837,1.630268550798581
3,54,0.12680091331645285,0.748195765768734,0.7499398390353668,0.3974666632002984,0.1276552265996993,0.11199515300213381,0.009250642142340471,0.00467242308945853,1.0,0.0,0.5,105,1.9536962254073196,0.8695260995027889
3,55,0.11176894805160567,0.7217828553486803,0.7187711235502516,0.40213760397754994,0.15816546173630883,0.09766636128736811,0.00839241062080057,0.00526392810074716,1.0,0.0,0.5,106,4.484568722558442,5.392168801754115
3,56,0.10962987563563698,0.7109705790053583,0.7033659398711308,0.38331698592915076,0.1322943121216836,0.09584462340051267,0.00948442095838532,0.00571476461363684,1.0,0.0,0.5,107,3.755908967989028,5.308751547217081
3,57,0.10929165978621694,0.7130725804089383,0.7096946351903509,0.3982267779056151,0.10959549842883347,0.09584462340051267,0.00948442095838531,0.00571476461363684,1.0,0.0,0.5,109,3.880233399398721,5.542825901930551
3,58,0.11243314727188486,0.710694277954609,0.7069952852589649,0.40910972947793905,0.12683608947070446,0.10008048022714527,0.00938155975481796,0.0049591268554810605,1.0,0.0,0.5,111,4.187814758120417,5.450132616081729
3,59,0.11993173415697198,0.7112107878138676,0.7030209923652191,0.411380966278155,0.11920507842594655,0.10751351205863385,0.00983242562154914,0.00559077310701471,1.0,0.0,0.5,113,4.080032204811655,4.85924010684617
3,60,0.10665717809272234,0.7012889755171927,0.6973804281137118,0.4182696857070943,0.11112814333742928,0.09401755804122972,0.010002641602439551,0.0064158699192141495,1.0,0.0,0.5,114,4.096515759329035,5.038477574901704
3,61,0.1165230567144296,0.6926320250041091,0.6835759431746943,0.41677121539263207,0.14759642821546087,0.10560513273186156,0.01098530990054087,0.00590578770311627,1.0,0.0,0.5,117,3.380752813288077,4.782888113702574
3,62,0.11648579300353529,0.7021077466713485,0.7017764508133977,0.4578816356781596,0.10937041903300324,0.10560513273186156,0.01098530990054086,0.0059057877031162805,1.0,0.0,0.5,121,3.428683152681802,4.87233602802993
3,63,0.1146795030176701,0.6800220383959946,0.6703609898059716,0.4268829387296478,0.1959335213848092,0.10444404781762814,0.01165713953335367,0.00651128715173427,1.0,0.0,0.5,122,3.684399065644639,4.3833713589459045
3,64,0.11774495835108914,0.6822795503525527,0.672573389701625,0.4542378501725894,0.11159142860958426,0.10844614637611417,0.010927062879005479,0.004774720636827131,1.0,0.0,0.5,131,4.200873024493218,9.881198232146357
3,65,0.11006219301404961,0.6728500627387721,0.6630464506531988,0.44900957198689734,0.11812225365140909,0.1004733952400151,0.01268822616336479,0.00564734312112753,1.0,0.0,0.5,132,4.102105895874192,8.318868502979473
3,66,0.10937190419893608,0.6729862429475918,0.6673267147154995,0.47109742751388173,0.12022992075148287,0.10039682274861535,0.012581206780505342,0.00507878758065123,1.0,0.0,0.5,134,3.8178189942836,6.521857430548044
3,67,0.1068273812656195,0.6684633456943186,0.662694141394978,0.4710317791689506,0.10606499002296878,0.0967379086311112,0.01390313249039446,0.00761167423795237,1.0,0.0,0.5,137,3.5342836852619195,4.564014115795416
3,68,0.10828746453659664,0.6689763818257549,0.6631547470755773,0.475136902409193,0.10999845499464246,0.09919264343236985,0.01375354303896865,0.00576526629551951,1.0,0.0,0.5,138,3.847542759621819,7.089677308835721
3,69,0.10848480631733817,0.6737029270971571,0.6722313322189882,0.49860348756150674,0.10405055948908172,0.0993362858228717,0.01382479907789309,0.0059351748527570695,1.0,0.0,0.5,140,3.783509904517745,6.983104378171149
3,70,0.11042253861016446,0.6631557710459544,0.6568952889418149,0.5039799098920816,0.11378742462605386,0.1020963936533723,0.014539906112984391,0.00536589106761586,1.0,0.0,0.5,147,3.8115776857006183,7.163240508633843
3,71,0.09047308299412882,0.6475942319428524,0.645676271992426,0.5628085843652093,0.08506823174971828,0.08189078346960672,0.01126633598435523,0.00595046359612071,1.0,0.0,0.5,169,4.883351420791623,5.597100838430881
3,72,0.0908544504375261,0.6526973545519908,0.6551401748414832,0.5795950675109353,0.08713790233401794,0.08241606552837238,0.011222208458807061,0.00569299118844121,1.0,0.0,0.5,170,4.7798077841704165,5.411388090965166
3,73,0.09122855594388456,0.6571286867394054,0.663895811614131,0.6046072716770866,0.08938734148073181,0.08281130674110483,0.011581115612007701,0.00576928136820846,1.0,0.0,0.5,172,4.596006394277244,5.604635328755274
3,74,0.09123181182259273,0.657102191270153,0.6638676805088305,0.6076325559320505,0.08594869636025387,0.08281842602794592,0.01158102556169221,0.00576549753538579,1.0,0.0,0.5,173,4.595394331240268,5.6022654774093885
3,75,0.09172139581403138,0.650597224382976,0.6528772529003818,0.6036089267687152,0.10331139923001817,0.08290017381314939,0.01196983318494789,0.0068490596516138,1.0,0.0,0.5,174,5.233719415238508,5.97284463879978
3,76,0.09186952172922866,0.634977888087556,0.6240876725908828,0.31571843450011083,0.08806810815049994,0.08316240168227271,0.01201424958668586,0.0067398997950443105,1.0,0.0,0.5,179,5.204479636561352,5.957797014127193
3,77,0.09146966555318911,0.6537450342098029,0.6603134574710422,0.6345090261779557,0.09133331483327106,0.08265156651908759,0.012563174608147782,0.0070410710848319595,1.0,0.0,0.5,180,4.729960317206909,5.203459435714982
3,78,0.09111868613030119,0.6453196158905506,0.647343896024093,0.6229009237045352,0.09893395153588783,0.08277130807249429,0.01210145291213381,0.006487522319029849,1.0,0.0,0.5,182,5.433699683266547,5.928147830438697
3,79,0.09111868613030119,0.6453196158905506,0.647343896024093,0.6376840278372279,0.08601508507935672,0.08277130807249429,0.01210145291213382,0.006487522319029861,1.0,0.0,0.5,186,5.433699683266547,5.928147830438694
3,80,0.09111868613030119,0.6453196158905506,0.647343896024093,0.6495105111433822,0.0860151009267086,0.08277130807249429,0.01210145291213382,0.006487522319029861,1.0,0.0,0.5,190,5.433699683266547,5.928147830438694
3,81,0.09093932704392353,0.6423972299282641,0.6442718565337807,0.651810104299576,0.10863085570456864,0.08263804835784494,0.013032985395918458,0.00672343791955393,1.0,0.0,0.5,191,4.699254608385173,5.663474665393395
3,82,0.09195148625788889,0.6407663789638258,0.6424970759188664,0.6582701395972188,0.09441873588049364,0.08384416241886554,0.01255667495170093,0.00664112543000777,1.0,0.0,0.5,194,6.002348033631488,7.165700905078301
4,0,0.6180865450477162,0.9566782257825275,0.9544480208704523,0.05459264392077105,0.0,0.0,0.0,0.0,1.0,0.0,0.5,1,30.080252715584237,66.95151425220816
4,1,0.461285381092886,0.9925935554703861,0.9881656289184452,0.12737609476279646,0.24478880813397688,0.07852998567606123,7.284849964436e-05,0.00015355080587593,1.0,0.0,0.5,3,21.332217679362547,42.95369513821511
4,2,0.44883100384484953,1.0102074766293618,1.0052753377801367,0.1550794074995754,0.18227620226923943,0.10383384813979059,0.00057948710632605,0.00436453150523805,1.0,0.0,0.5,4,12.0703568983266,10.564006996703066
4,3,0.3093839056300039,0.953406188012966,0.946464320640558,0.1286495934416346,0.39220016176890404,0.08794738630988413,0.00029139399857746,0.00061420322350373,1.0,0.0,0.5,5,14.085550442971943,23.086445418570843
4,4,0.30987198123623627,0.9636452695783733,0.956341630746126,0.14744762730929156,0.1602207516581386,0.1025290637959195,0.00091986627838791,0.0059825501754115894,1.0,0.0,0.5,6,7.501853384575993,4.828945850055386
4,5,0.2188448339915822,0.9136067299011431,0.9083633438668338,0.13069311472769832,0.4452453767408122,0.09402098024539562,0.00136918906305861,0.00288599058395874,1.0,0.0,0.5,7,5.340236797995847,5.041688145105157
4,6,0.2001684582168609,0.8945744283732924,0.8840276375088436,0.13201132028652307,0.16979136124379443,0.09912601353047334,0.00027737588330507,0.00064676614560156,1.0,0.0,0.5,9,5.5057082759901546,2.48500658883605
4,7,0.1889500157860853,0.8837026493921128,0.872995833166549,0.13145647663608057,0.10378195836568217,0.0914495644221386,0.00020753388726763998,0.00047151840845433,1.0,0.0,0.5,11,6.995519659415029,7.685633462154963
4,8,0.18895001506766043,0.888649713955659,0.8823160758079763,0.13755683463958726,0.09168535691297902,0.09144956442213856,0.00020753388726763,0.00047151840845434,1.0,0.0,0.5,13,6.9955189784033855,7.685631658093053
4,9,0.2466997371045157,0.9407825548087888,0.9289563807932043,0.21801830223424254,0.2551510445967393,0.1593778057164731,0.0038597595608632603,0.0222629912184016,1.0,0.0,0.5,15,5.962900839334438,23.689375640614465
4,10,0.24454211072450263,0.9375061122141809,0.9253497380341845,0.22886627737978502,0.22358520882671964,0.1616722104450867,0.0038513637863716197,0.02395019410495946,1.0,0.0,0.5,16,5.918037027298196,18.687264219704183
4,11,0.21977122334319812,0.9112808484034665,0.8987990948460949,0.20518003142888766,0.2030356506003689,0.14628628296703466,0.00259713693210888,0.01491257296062147,1.0,0.0,0.5,17,4.596510902575335,16.28110685735888
4,12,0.21635530460013427,0.9054277185395089,0.8925161454945179,0.21533242456139423,0.22126271910217285,0.14821997372788956,0.0025917952434338703,0.016037336314473,1.0,0.0,0.5,18,4.557555555251678,13.73983197704761
4,13,0.21271087309378814,0.8997405033845264,0.886526282948412,0.2167360222691824,0.2021407273880627,0.14897912575497593,0.0024593266678795,0.014902697954933219,1.0,0.0,0.5,19,4.9301858137345,17.121732259290475
4,14,0.21597265994073592,0.907881820015454,0.8990316706862579,0.22486777547199374,0.16114753737917842,0.15179730009981493,0.00258055904799651,0.01600835264625625,1.0,0.0,0.5,20,4.762213762628509,14.60424642776689
4,15,0.21321369511166663,0.9050112378928082,0.8961455110175216,0.2324626738629165,0.1584135463136987,0.14965009500600057,0.00247994364222025,0.015166766954403929,1.0,0.0,0.5,22,4.899580104924484,16.516397498309747
4,16,0.22392115378946295,0.9145560208201587,0.9055221956402272,0.23458684216257658,0.19658360758905666,0.15707344404125118,0.0089536406443382,0.025940425745818663,1.0,0.0,0.5,23,4.938894283656376,25.060302902320736
4,17,0.1358920911862019,0.8245973721709383,0.8153313820362682,0.16067664631579698,0.0913991178367314,0.08198861476843039,0.00118576221867404,0.0052127924234559005,1.0,0.0,0.5,28,9.099727123668735,16.09990455807484
4,18,0.13589212797024608,0.8295444744773038,0.8246516506861751,0.16882629969912874,0.08459504253638121,0.08198861476843035,0.00118576221867404,0.0052127924234559395,1.0,0.0,0.5,30,9.09973298212394,16.099906226818668
4,19,0.1352770228456656,0.8283555493680917,0.8233918206549392,0.17699932685123396,0.09025467876170755,0.08212324484010051,0.00119522219006977,0.0053202285050989,1.0,0.0,0.5,32,9.66182398207417,16.44357816267573
4,20,0.2872841023316004,0.9846344221611143,0.9839648657103779,0.34355401604879143,0.24355839011304758,0.08599937227498401,0.05660724249926794,0.30329993033795055,1.0,0.0,0.5,34,12.66004089865016,11.218962764792176
4,21,0.173250517321851,0.8737988769441957,0.8773060271936027,0.23632020796965011,0.15524977555163794,0.10378875160372661,0.01021162032599157,0.04378875796677425,1.0,0.0,0.5,35,9.95477806362794,11.882760145334569
4,22,0.1721769811060949,0.8723638166870187,0.8758312044075851,0.23844407405797438,0.1310351574994435,0.10664201581275397,0.011339036040479571,0.036757073602538846,1.0,0.0,0.5,36,9.454393283405269,10.544988642883842
4,23,0.1725200377995309,0.8774767818842831,0.8852980096115356,0.2475621857261441,0.1270216697403444,0.103414470452302,0.01072776257533019,0.04429459478254967,1.0,0.0,0.5,38,9.15590944682776,12.581405822769446
4,24,0.19234810922001117,0.8907139134153874,0.8939863168649215,0.2774949965766598,0.15602771461975073,0.11888311612821723,0.01469934997560302,0.05655016350476847,1.0,0.0,0.5,41,10.229223116702352,12.259283370681487
4,25,0.19099742028281788,0.8884217748499827,0.8915971058686754,0.2796913660841098,0.16138924916593475,0.11926101644028748,0.013563177244449831,0.05498153697556565,1.0,0.0,0.5,42,10.25377063697295,12.27951649445141
4,26,0.18380619450556315,0.8760569207592435,0.8748298072773956,0.2693702592990759,0.14259351724636674,0.10914469963750713,0.014950396108799191,0.061516084616973624,1.0,0.0,0.5,44,13.016064500222662,12.49800102639894
4,27,0.1809251016547514,0.8706040464572004,0.8691266347539072,0.2705668439364668,0.17644814581736823,0.10939353540197014,0.013733626882190032,0.05983657349568598,1.0,0.0,0.5,45,13.049915139947782,12.56827408428683
4,28,0.1886491970782212,0.8818292703816059,0.8845883994306659,0.3131773800172207,0.15845585983640384,0.10609101760091758,0.02245907723684443,0.08430622890726568,1.0,0.0,0.5,47,11.44995294494174,15.299380596702154
4,29,0.18839320438962376,0.8746711329793324,0.8728751430993072,0.2954125101819235,0.15509557364044246,0.10663891026701582,0.01704373813657899,0.08585730150907409,1.0,0.0,0.5,52,11.40084218055245,16.856699094225974
4,30,0.18849247285235735,0.8747577182288643,0.87296060167977,0.29831615904172515,0.14984059648456852,0.10672460473948196,0.01717696819304037,0.08590286473367688,1.0,0.0,0.5,53,11.353610108814117,16.888830421422636
4,31,0.1834965381726889,0.8967162243447073,0.9209123273159316,0.3257968493460285,0.18426512069393575,0.12028498979737806,0.0225923690931022,0.052882661503022566,1.0,0.0,0.5,54,9.766280714807884,7.549103802473967
4,32,0.2652598887766788,0.9579520924368494,0.9645932408944654,0.40341541464627306,0.23342691519717435,0.1161135054398373,0.01920375348862781,0.2256938392604321,1.0,0.0,0.5,56,9.653327690146718,22.799752871695294
4,33,0.27104207499733635,0.9735554455323238,0.9889365820111768,0.4393910163711013,0.23503203651229138,0.11652683134150009,0.0201265234527505,0.23653175631899548,1.0,0.0,0.5,60,9.56623636517895,22.76772157589273
4,34,0.15766147542115436,0.8449360272140768,0.8471632308007263,0.30370445551590397,0.12689504312015362,0.08785893068934468,0.01521544937134017,0.06764931777174298,1.0,0.0,0.5,61,13.428638855761411,23.43922643696376
4,35,0.1723369740515679,0.8524440260023267,0.8501088758497529,0.31723435353824564,0.16642450536368228,0.09911902150583728,0.00951231450739259,0.07738990337196337,1.0,0.0,0.5,62,14.159794996858944,15.440798377453056
4,36,0.13417923315121355,0.8233278695518422,0.8296676873021592,0.30362593549018496,0.11098229608021914,0.08232444851840055,0.00807143476693251,0.03573015987508525,1.0,0.0,0.5,63,4.181047537820402,10.90898851218974
4,37,0.14960056271262695,0.8321479200276446,0.8339780892929757,0.30579786585081614,0.13725274172568155,0.09105440187470368,0.013777262259724499,0.051107500334219604,1.0,0.0,0.5,64,14.19369524083318,17.1964232871271
4,38,0.1386741023321672,0.8246015922870754,0.8306778136164742,0.302834588229761,0.1161937349304277,0.08413618612772611,0.016046371682027518,0.04489564416349296,1.0,0.0,0.5,66,6.888295368012474,13.042448546947536
4,39,0.13975792483003097,0.8219840419631661,0.8277674875897438,0.31373139948589013,0.15393109096233373,0.08155520977785558,0.013706135081880089,0.05619671000418062,1.0,0.0,0.5,67,12.758853442595504,5.930219102153575
4,40,0.13983620106755368,0.8269902797829771,0.8371453929730992,0.3245668428286133,0.10985420104886899,0.08156714878874737,0.01374139708490085,0.056348887265746585,1.0,0.0,0.5,69,12.74239336296436,5.903496450210524
4,41,0.18062093925665734,0.8553038830188981,0.8565143391600267,0.37016462921739246,0.16181155993116433,0.10967579017566359,0.014105330079108169,0.08425268096374777,1.0,0.0,0.5,72,9.355045906195278,14.655907314232556
4,42,0.17852793048849447,0.8500325334044595,0.8510040933628497,0.38577433100521735,0.1872672644623542,0.1084196244667016,0.01446047550931267,0.08550383857865992,1.0,0.0,0.5,73,10.553059259968862,14.292713941104372
4,43,0.1785077962673469,0.8499668973659268,0.8509350655827698,0.3888525146755596,0.1516817616242368,0.1084196235156945,0.01446047569516036,0.0855038379293846,1.0,0.0,0.5,74,10.667908024375295,14.451931634729783
4,44,0.16842940318343155,0.8439570055740631,0.8492332786527854,0.3932773168103336,0.14475766437258514,0.10795801403552692,0.01285730005343197,0.06704085627788142,1.0,0.0,0.5,77,10.95110874711277,13.783134410132984
4,45,0.13567411501390603,0.8096898594817703,0.8148550925774197,0.3440937353891706,0.12615464516326724,0.08160227564060395,0.01527379752505035,0.05553212062300035,1.0,0.0,0.5,78,12.837645973875096,6.332019069867408
4,46,0.12986253871427234,0.8000063117959467,0.8048921312555855,0.35011986862846034,0.11920046125273524,0.08474812683808926,0.01688912588113333,0.04072868610724095,1.0,0.0,0.5,81,6.41350576069618,12.299521255538002
4,47,0.13170347349491845,0.8072198488822799,0.820533772282088,0.3699968562405913,0.13267629427882083,0.08139980539338844,0.015019513413073022,0.05442748477117172,1.0,0.0,0.5,83,12.629733811523517,7.457916916019204
4,48,0.15643280952142793,0.8310156953283164,0.8442648906499132,0.4094928296705439,0.1385609135827492,0.09390783838571229,0.01744317708055796,0.07951765153361784,1.0,0.0,0.5,85,12.718265210531142,5.744744934743722
4,49,0.13224331370961145,0.7910119112876727,0.791074472553354,0.3528860040467753,0.1115009846191635,0.08163415645685623,0.01507963676978224,0.056348203195299,1.0,0.0,0.5,91,12.827969837308665,5.842877713372168
4,50,0.13864100160041878,0.8164004091923824,0.8339008033933288,0.4458287199068733,0.11711298476019288,0.09148129300565509,0.01821115581977609,0.049984500895649,1.0,0.0,0.5,104,13.053502426910008,9.99673424645497
4,51,0.13310540142823374,0.8048139068876619,0.8178655547813561,0.4501509045376555,0.12278912710197613,0.09353196820458573,0.01169660763830946,0.03554055313412241,1.0,0.0,0.5,105,12.652461177693867,8.450271366489954
4,52,0.12559779458412013,0.7915984881963951,0.8002253616484425,0.4205882674011467,0.10596788309255142,0.08438418503966975,0.01858949018345176,0.03930430977355391,1.0,0.0,0.5,109,13.226949241385489,8.190824528435392
4,53,0.1279106807005093,0.7964769152801489,0.8133603657380313,0.4706938340580106,0.1455652492607012,0.08807972305672422,0.01923693938616266,0.04090926815405161,1.0,0.0,0.5,111,12.675846992549296,9.900684506643229
4,54,0.12770655469464492,0.7953492666973887,0.8121720303292399,0.47381300704785917,0.1177746161776602,0.08807971713638699,0.01889081428062277,0.04101139932718093,1.0,0.0,0.5,112,12.645888787322324,9.834941902568138
4,55,0.13099155013417102,0.7982811567629555,0.8150808173293912,0.48041388537547114,0.11544892533593577,0.0897519783842867,0.01764978560164952,0.04442855863537501,1.0,0.0,0.5,113,13.06211604104455,11.065268555263255
4,56,0.13322804100846636,0.7946874149999399,0.8070561825192196,0.45272580189927664,0.11882623485431534,0.0971123273551469,0.01645130186188083,0.03465710913616128,1.0,0.0,0.5,121,13.894194820681143,11.228362483206084
4,57,0.13811963069665914,0.7967790803630193,0.8089661117412704,0.5406677162051039,0.12034568683554658,0.09339870467674535,0.01862250934085888,0.0533283854103206,1.0,0.0,0.5,125,14.268327015179782,13.783389104893818
4,58,0.13757360689792195,0.8008961354295344,0.8174379997106663,0.5535180956143239,0.12072633090331285,0.09306447900061648,0.01852571974986315,0.05304891154160781,1.0,0.0,0.5,127,14.250832004433423,13.771388491085034
4,59,0.13638689419713718,0.8084778538764803,0.8377514612254195,0.5682391476183695,0.1476653084920411,0.10195843132611768,0.01813663052542968,0.03580657435608262,1.0,0.0,0.5,130,13.807000752439718,9.78304832175475
4,60,0.13545076060584005,0.8052349638719696,0.834363285211444,0.5706590561580689,0.1258208770377141,0.10116390927667901,0.01667929569971671,0.03655367319791134,1.0,0.0,0.5,131,13.984285385828285,11.28132826198352
4,61,0.13242231225049117,0.7892892419164721,0.8054191952473033,0.5009015431387493,0.1159837293355202,0.09770678183693125,0.0165983781935241,0.0365536629706786,1.0,0.0,0.5,134,13.984285382796338,11.281328448268294
5,0,0.8684053059990159,0.986956610024508,0.986285156604467,0.06127568530642045,0.0,0.0,0.0,0.0,1.0,0.0,0.5,1,8.560306132379864,61.94420214088719
5,1,0.6477961534950397,1.0349049512277237,1.0322299916676174,0.14315164316052514,0.2383638578257482,0.08680620743325183,8.105888614433e-05,0.00012203878719128,1.0,0.0,0.5,3,5.818548140001179,40.903060149227215
5,2,0.6106326087939822,1.0341209464467418,1.031213118713125,0.14851603508516303,0.1430950838582417,0.08942963375109832,0.0011612066099876,0.00235367747917095,1.0,0.0,0.5,4,7.718791546595426,4.708491050449721
5,3,0.21323614195834412,0.9057249116238568,0.900756793652392,0.11514046574645073,1.037984836247303,0.08154396371921659,0.00122476422639352,0.00138226115524299,1.0,0.0,0.5,5,4.259513519296295,3.53815213448445
5,4,0.2132014486672573,0.9024728225287492,0.8929332336878998,0.12468383561958622,0.09532923756190083,0.08755386245713175,0.00039153166254729,0.00045715827725098003,1.0,0.0,0.5,9,3.972633833205655,2.720272035520418
5,5,0.2133325337861289,0.9088517996354049,0.9035029339075482,0.1470180937808523,0.10641164340300427,0.0925478823138392,0.00031811875872206,0.00042013930045160997,1.0,0.0,0.5,11,3.815985416879592,2.5213020741278607
5,6,0.21315677310837114,0.9037747488019414,0.8940460427151402,0.13280984713239158,0.09376903918479272,0.0925478823138392,0.00031811875872206,0.00042013930045160997,1.0,0.0,0.5,12,3.818386792836196,2.4698293298820806
5,7,0.2084744939581412,0.9100807021298167,0.9089260753525049,0.1544465752032392,0.11856038517908567,0.09228153252804543,0.00035997972368108003,0.00046738332059600003,1.0,0.0,0.5,13,3.992513347388452,1.7472984226889696
5,8,0.21115551324071583,0.9080555452342912,0.9024859285628785,0.16575617913004254,0.10257866135555171,0.0959314462058532,0.0004271462342015,0.00063718098828964,1.0,0.0,0.5,14,3.923579860963976,1.9504093369464044
5,9,0.27035128400237884,0.9740909644889068,0.9724775197133549,0.23797571581150895,0.22850927836767088,0.15971503563523504,0.007602529243774971,0.01144721284198592,1.0,0.0,0.5,15,8.076913455663151,8.351069736840083
5,10,0.20372773348294118,0.8941906528899048,0.8889303831744693,0.21579376923883342,0.432131770011009,0.14995124341667762,0.00853770261056396,0.0128551698091382,1.0,0.0,0.5,17,10.158756140608103,4.292309109885462
5,11,0.20361901089902262,0.8989326795872126,0.8980350155213348,0.22327193035433363,0.1571754531940066,0.14995124341667765,0.00853770261056397,0.01285516980913814,1.0,0.0,0.5,19,10.2047762014808,4.253105725931668
5,12,0.1984333511753551,0.8786544857033485,0.8723854813793512,0.22566995974743442,0.23591625362472418,0.1554045657860105,0.006692051827681,0.01006629622099875,1.0,0.0,0.5,21,12.029923986684782,2.330038713714513
5,13,0.19839749957257327,0.878570370041472,0.8722970292198859,0.18658868535620896,0.16076466135433157,0.15540457680744613,0.00669205456531813,0.01006630034313492,1.0,0.0,0.5,23,12.076621143731074,2.3042774545326425
5,14,0.20280905306475625,0.8761538676238684,0.8732700941432235,0.25454635853637086,0.20937012429691335,0.16532056936195547,0.00913852307664423,0.0137204648872889,1.0,0.0,0.5,27,15.953340123576895,1.8515039250031105
5,15,0.20269110489533157,0.8708625130620108,0.8635878524807032,0.2566632659669866,0.1735183315177369,0.16532056936195547,0.00913852307664423,0.013720464887288892,1.0,0.0,0.5,29,15.800727036922272,1.903990173908189
5,16,0.20564673743295614,0.8651551336586403,0.8532155597896012,0.2618645505310489,0.19999277361997164,0.16950142095566012,0.01013554121864038,0.015172527134558838,1.0,0.0,0.5,31,17.515985393180458,0.7612301363967547
5,17,0.20382981278387233,0.8590860505608033,0.8468340542528772,0.2668363482651888,0.22265142695527085,0.16950142095566015,0.010135541218640371,0.015172527134558838,1.0,0.0,0.5,32,17.862882227855614,0.630433143396053
5,18,0.21279094846202315,0.8816382980204536,0.88241421240179,0.2910809918390252,0.20042216414409517,0.17695482352223252,0.01284066415601073,0.01924569415035823,1.0,0.0,0.5,33,21.409762301055714,2.136691015364082
5,19,0.20234067458342975,0.8604742541332674,0.8524440498544165,0.27451750537503544,0.18556792454270973,0.16879453232486172,0.01011306495217402,0.015349404328801011,1.0,0.0,0.5,34,18.48985210701419,0.57821587805939
5,20,0.20713433793427383,0.8800420269643416,0.8851262585371316,0.29453301537462734,0.18212240308605274,0.1728448169544279,0.01128148010278745,0.01689799181153874,1.0,0.0,0.5,35,19.67034581207288,1.0464520282089955
5,21,0.2068827758553103,0.8580405713855036,0.8454909875380667,0.2807736354510585,0.20308976646670365,0.17303369302685115,0.01158517427302469,0.01757870701416346,1.0,0.0,0.5,36,19.9804716433993,1.3882030424639034
5,22,0.21375638995593454,0.8719172054628511,0.8719380153851737,0.3039925607662403,0.2745284066673493,0.18103338471430608,0.01404012057982695,0.020982936578378,1.0,0.0,0.5,37,23.868981158543,0.6608291270189246
5,23,0.21374260836487538,0.8718619688467002,0.8718799280471913,0.3161838018478963,0.19173961552833485,0.18103338471430608,0.014040120579826959,0.02098293657837799,1.0,0.0,0.5,39,23.91906362750192,0.6523271837054081
5,24,0.1961048744180318,0.8404119288787046,0.8435669443202596,0.30795559349221574,0.2726100131418598,0.1728027994716133,0.32307106910952055,0.012673408455780591,1.0,0.0,0.5,41,19.69816149891896,1.0289742536737174
5,25,0.19914145352801352,0.8055647103281378,0.8064255179527651,0.31966221405675876,0.2755960221799826,0.18098937661930442,0.32523801545329,0.01573703246183772,1.0,0.0,0.5,45,24.128925962206303,0.6154831678754478
5,26,0.19914140304382588,0.805564276285715,0.8064250758086143,0.32642370941893767,0.1888583334607833,0.18098937661930434,0.3252380154532899,0.01573703246183776,1.0,0.0,0.5,46,24.129263086587844,0.6154430130902264
5,27,0.2015063121660686,0.7813009972652,0.7765467790461661,0.3209268999043437,0.38154213757271427,0.1850925039847973,0.32623028096638285,0.01714490046309371,1.0,0.0,0.5,47,27.125854590895184,0.0940496215393155
5,28,0.20446791925302388,0.7733876542651176,0.7721211545909757,0.3403969667605529,0.22478670787127125,0.18598462769020346,1.0,0.02404003998498208,1.0,0.0,0.5,52,28.231597225291345,0.0877539304258972
5,29,0.207361733539379,0.7603066904400535,0.7540574559170596,0.34852911719245777,0.2482992062199977,0.18894430507766768,1.0,0.025535071615811478,1.0,0.0,0.5,54,29.60312879152573,0.2979510916885559
5,30,0.20843882175408124,0.7590614881134963,0.7567873176642883,0.3531591243740503,0.23292207944113896,0.1898183717155734,1.0,0.02686873256769045,1.0,0.0,0.5,56,30.65329612024381,0.4242496720800465
5,31,0.20851033070733827,0.760229211728207,0.7621180225716349,0.36312039823295894,0.2194038506536102,0.19005893606261864,1.0,0.02699456207565155,1.0,0.0,0.5,58,31.171849356524408,0.3803756842596063
5,32,0.21214066979116097,0.7370271585561288,0.7333580261871943,0.3589420345682566,0.29791009119744555,0.19380819031451582,1.0,0.029015397769849887,1.0,0.0,0.5,60,33.94396406068906,0.0458133305278329
5,33,0.2120188341227854,0.7354401611129504,0.7357998613621579,0.3735733361561565,0.23444652079255773,0.1939292636109235,1.0,0.02908250334770026,1.0,0.0,0.5,62,34.210926928269075,0.0605680823290215
5,34,0.21248653558275943,0.7426563269102865,0.7639213316153162,0.49280088659542526,0.21621250670462241,0.19473216241127475,1.0,0.0297551984402517,1.0,0.0,0.5,84,34.32235053154105,0.080696590169263
5,35,0.21660364274708033,0.7171916803616025,0.7368909248278249,0.5079129630486446,0.2737572287556662,0.1984024560369966,1.0,0.032315967344174,1.0,0.0,0.5,88,37.39722197839759,0.2242603092669527
5,36,0.21714637685015042,0.7085755037452546,0.7236797831752715,0.49899792881769667,0.23197532347599567,0.19900090804472229,1.0,0.03239795892816928,1.0,0.0,0.5,90,37.42827099123773,0.2213770247786616
5,37,0.21663660652228292,0.7103775483662189,0.7338294577466928,0.5223643855027457,0.2269106772439177,0.19866127472029965,1.0,0.03238263414938859,1.0,0.0,0.5,95,36.88876530682148,0.2305979492582103
5,38,0.21513465115818156,0.7097351894805538,0.7373456340143254,0.5390621041878133,0.2215468618585424,0.2012652299170622,1.0,0.0243343979412972,1.0,0.0,0.5,99,37.11380561198671,0.4135093394551735
5,39,0.2195438757752122,0.7149759111966406,0.7467436025009421,0.5529038089189432,0.2233717427481448,0.20170166502822814,1.0,0.032437240243702634,1.0,0.0,0.5,105,37.11545862942837,0.3383692505416324
5,40,0.21614885415645993,0.7092530997018093,0.740898763066029,0.5717628471583213,0.22377615407673684,0.20241036178591298,1.0,0.02431515589421617,1.0,0.0,0.5,107,37.114384273455705,0.341218400027852
5,41,0.21896094364650148,0.7094563402447255,0.7450794465088709,0.5938224731972795,0.23745348158738774,0.2010355661905543,1.0,0.03295103262974787,1.0,0.0,0.5,110,37.01708302373096,0.4313471683361077
5,42,0.22007291824798586,0.7175914831474355,0.7618107074126416,0.6054358327454571,0.2224558301384445,0.20241789334540541,1.0,0.03250406850271184,1.0,0.0,0.5,116,37.56031523714959,0.4038086513080867
5,43,0.21568593385035717,0.7121552834733599,0.7563196333288955,0.6438498599312885,0.21595898631479363,0.20205760004167506,1.0,0.024484177785658638,1.0,0.0,0.5,121,37.21291970822429,0.0487941732806177
5,44,0.21741962010459018,0.7044732279752699,0.7440308157287497,0.6428512781071678,0.23377031652704344,0.20375140993647212,1.0,0.024702101244709958,1.0,0.0,0.5,123,37.01631110566493,0.3292808119046565
5,45,0.2146499866897606,0.7145696033898311,0.767143486557654,0.6724133679215074,0.22895798362065028,0.2011945606336911,1.0,0.02433533767167884,1.0,0.0,0.5,124,36.938556626724754,0.4061444935814421
5,46,0.22010495407852157,0.7150722462494731,0.7673875358155096,0.6805062959402571,0.2254062231293826,0.20266935157041058,1.0,0.03243740630655319,1.0,0.0,0.5,130,36.939670730190784,0.3402893715259354
5,47,0.21546905557623514,0.719397057587811,0.7804099602014176,0.7161527070047782,0.2179479463013289,0.2020935054775529,1.0,0.02434311433498796,1.0,0.0,0.5,132,36.93895742982316,0.3545407197509992
5,48,0.21596766410289917,0.7190322186780137,0.7800000610584714,0.7202202603127272,0.21818346741407718,0.2026038997471381,1.0,0.02434317881010609,1.0,0.0,0.5,134,36.93923745666828,0.3437317438967305
5,49,0.2159267505168193,0.718666778057846,0.7796176899826917,0.7481178041644616,0.21516634463826587,0.2025650285787855,1.0,0.024347916119539507,1.0,0.0,0.5,140,36.93899898454381,0.3447956740141877
5,50,0.2148242690399486,0.7121771857622415,0.772847124312861,0.7666165994742632,0.2207905120107799,0.20148833302517824,1.0,0.02443808198290538,1.0,0.0,0.5,146,36.90445017062349,0.6320830988375634
5,51,0.21480825254270228,0.7170975927816376,0.7821401400863368,0.7799199950988125,0.21373273833053483,0.20147426210908642,1.0,0.02443445987664997,1.0,0.0,0.5,148,36.9043590193717,0.6327209015307035
5,52,0.2148919962762471,0.731622175244206,0.8097633390119447,0.8545825706880329,0.21400612640823438,0.20155932853765,1.0,0.02444200903759012,1.0,0.0,0.5,162,36.90434353831149,0.6082512761808068
5,53,0.21491701863230223,0.7365689347055553,0.819081935430984,0.8719689861478828,0.2139064476827666,0.20158250946068412,1.0,0.02444634835006411,1.0,0.0,0.5,164,36.9043651975832,0.5951747725516332
5,54,0.21486976091400362,0.7365118399403683,0.8190243399256713,0.8758311955128723,0.21379593120017001,0.20153658048438539,1.0,0.02444392610950648,1.0,0.0,0.5,166,36.90436526253471,0.6179687173734286
5,55,0.2147855666040399,0.7364258768062469,0.8189382709564709,0.8835717267627208,0.21368929438539447,0.2014527319440125,1.0,0.02444328248984982,1.0,0.0,0.5,167,36.904372608205136,0.6248058879408128
5,56,0.21477643243187192,0.7412439815332738,0.8281232827527502,0.8931344687310889,0.21461692602725788,0.20144803595665703,1.0,0.02443745999149366,1.0,0.0,0.5,168,36.87969344288968,0.6071014331094065
6,0,0.7256539516678953,0.9709655813417014,0.9694709087224871,0.05774829550806858,0.0,0.0,0.0,0.0,1.0,0.0,0.5,1,21.020557200002965,60.63882564908314
6,1,0.5562912009103935,1.0155960844545606,1.0121460893886192,0.13557653242356182,0.230462186414108,0.08252029297210833,6.927026682063e-05,0.00018426054694576,1.0,0.0,0.5,3,14.657029712815977,35.784701514799124
6,2,0.46055853748749,1.0449015740032543,1.0395266961654992,0.19648039707344797,0.44043003948139803,0.14165948948809207,0.00254341129931945,0.01530205411446057,1.0,0.0,0.5,4,14.241497665277372,39.93551758936693
6,3,0.390145880720467,0.9877429018496408,0.9820823839388645,0.14515940451193055,0.14089663270153432,0.09761562022158113,6.746570481764e-05,0.00016898820690081,1.0,0.0,0.5,5,8.874937177213184,18.42485713242772
6,4,0.28051811483705424,0.9417588151582811,0.9341401809373687,0.1317990076904898,0.3859319454880446,0.08883197502218591,0.00063992879859442,0.00184313583428553,1.0,0.0,0.5,6,9.454763268301122,3.215181653334787
6,5,0.2651000478364637,0.9490001259450549,0.9449591625470087,0.14941776384859445,0.23989381882326358,0.10703429631670883,0.00039317344664,0.0009314855642375001,1.0,0.0,0.5,7,4.23722781991113,2.836183260840777
6,6,0.22235496241161054,0.9106386699818358,0.9012145726452097,0.13152837619403276,0.2344041857802511,0.09238791446640304,0.0008897774651373299,0.00263342988410588,1.0,0.0,0.5,8,5.118121363823435,4.261375516582227
6,7,0.22305276769781998,0.9171484747857042,0.9119935132248224,0.14185331003115098,0.10515020113024907,0.09589608708054351,0.0009538974536978599,0.00278353783535174,1.0,0.0,0.5,10,3.432673272628167,8.425174603070328
6,8,0.2164454989094764,0.9063655983676822,0.8967355249963445,0.13782725656310751,0.10877380495899075,0.09212576158542274,0.0009059452603254199,0.00261457983739797,1.0,0.0,0.5,11,3.34555539589964,3.778081598896031
6,9,0.21493773458853582,0.9100501934896468,0.9047590661997449,0.1467433402071697,0.09540804327501821,0.09194541363946468,0.00061796246522727,0.0017794124875164699,1.0,0.0,0.5,13,5.339644065842312,3.389980425099426
6,10,0.21532938061444454,0.9109366295371503,0.9055785993875983,0.16020960539010556,0.10528275321996983,0.09379427115075574,0.00082892010400869,0.00245316267370359,1.0,0.0,0.5,14,4.763858556650798,4.4965254382358815
6,11,0.21058947495519623,0.9022362087018029,0.8923493690736918,0.1520569754981737,0.1177938209709398,0.09336254007614844,0.0006402538424883999,0.0018576706842077298,1.0,0.0,0.5,15,5.07116980487823,3.890849919301029
6,12,0.208684628828463,0.9056991123791839,0.9001089989147703,0.15846932353963517,0.10001533931011578,0.09336254007614844,0.0006402538424883999,0.00185767068420772,1.0,0.0,0.5,17,4.980556724811538,3.74326673450814
6,13,0.19617293960831655,0.9008016505824792,0.8988510874218889,0.17197123196149974,0.2096469365133939,0.09427644906110896,0.00278871719011317,0.0088432713558547,1.0,0.0,0.5,18,5.039300788141339,5.1322380726822505
6,14,0.19380339176767766,0.8987649177211101,0.8965412258990069,0.17877693147048304,0.12261958633007206,0.09918274404983304,0.0065208442190223,0.0055682318939122505,1.0,0.0,0.5,20,3.1346258002791663,12.311771176308902
6,15,0.1906560106571772,0.8907137375257872,0.8840131214176936,0.17254228809687938,0.1165923420124281,0.09877678667336959,0.00494433730060037,0.0042022446071056,1.0,0.0,0.5,21,3.530037266809069,11.437046355217335
6,16,0.18628926889498795,0.8962016840811987,0.8980212417050999,0.18574912185904704,0.13532597209553834,0.09937507451896821,0.00389189207748172,0.00297998309362573,1.0,0.0,0.5,22,3.37046188891592,8.63679799286834
6,17,0.184615218724745,0.8944098248973298,0.8961376481903266,0.2019232837115476,0.10767304633343926,0.09775844680861037,0.00198733867151031,0.00619319715170805,1.0,0.0,0.5,24,4.69916982529266,2.9174727639239757
6,18,0.18358165595917716,0.8933124948677744,0.8949934150996185,0.2044855827963087,0.10771556979358299,0.09760463969050805,0.00196613897790366,0.00612792173424945,1.0,0.0,0.5,25,4.671584476595345,3.0914920116460096
6,19,0.17208862221813717,0.87988467831639,0.8808433320479352,0.2055043022059425,0.13770801864561819,0.09822701955797096,0.0036753247829346496,0.00608810732941699,1.0,0.0,0.5,28,4.217632969155033,20.98518616909043
6,20,0.17187002137681467,0.8747009364872335,0.8712831939725146,0.18592076637762925,0.10153884070293503,0.0979270037982521,0.0036471568218709996,0.0063411472768915705,1.0,0.0,0.5,29,4.239990010885268,20.93546297873045
6,21,0.1709964818670625,0.8834369947328633,0.8886970085506705,0.21350748256030727,0.11160363949273205,0.09822701955797092,0.0036753247829346496,0.00608810732941699,1.0,0.0,0.5,30,4.153505305000495,21.484589665173228
6,22,0.17122289556331918,0.8836464076840361,0.8889023700904648,0.21969310647329326,0.10217420943329522,0.09871256127870252,0.0037224908574672103,0.00569357703245511,1.0,0.0,0.5,31,4.097302687077789,21.54563991052636
6,23,0.17122159331070913,0.8777317603629688,0.8784003895119059,0.21639003920026706,0.1372890169649525,0.09445350434883468,0.00279020143098688,0.020597571535635552,1.0,0.0,0.5,32,4.856779338907824,4.840870035354207
6,24,0.1676844852387798,0.8773199961800384,0.8820289993816752,0.22460708323259107,0.130955582009344,0.09973156543568416,0.00465297849309173,0.0122529720730558,1.0,0.0,0.5,34,4.870302227774773,5.304555943384814
6,25,0.16768517214762227,0.8723169009756112,0.8726430265861741,0.20750629657117592,0.10746911093475645,0.09979604699689963,0.00462050717668644,0.01238907392002776,1.0,0.0,0.5,35,4.858408779453494,5.255572860819195
6,26,0.14877986474794322,0.8612726342060781,0.870028736882293,0.2411541541918875,0.10076112805417371,0.08880576477329263,0.0043913651616165296,0.0047834937599278895,1.0,0.0,0.5,40,3.931341674483954,22.84967794236544
6,27,0.15595207307188597,0.8701533789142982,0.882841457733942,0.25767155676496206,0.13737395553692064,0.1013621653547858,0.00443679572526867,0.00467744459130822,1.0,0.0,0.5,42,4.188035043658088,24.03192897093988
6,28,0.1520520784322558,0.8611539270730071,0.8694557717630496,0.2573812629221777,0.10125641187495739,0.09422231602479056,0.00451712805951973,0.01136099092966584,1.0,0.0,0.5,43,3.440964042790037,12.771921224438294
6,29,0.1554364934512278,0.8693501687470078,0.8820084644415755,0.2637162579257956,0.10600609691095071,0.09640003992390131,0.0044789816027726494,0.01415420613013293,1.0,0.0,0.5,44,3.582930396755187,13.047229157600444
6,30,0.1528090561164522,0.8655319170704634,0.878045337751059,0.26873666188711154,0.11347296164344228,0.09649805639957443,0.00603293977558708,0.011949577107895671,1.0,0.0,0.5,46,4.827903204315441,22.81621770361676
6,31,0.15208617264392169,0.8642321298569304,0.8766786441734188,0.2746632531984755,0.11249956660044463,0.09649805639957443,0.00603293977558709,0.01194957710789565,1.0,0.0,0.5,47,4.681619582255924,23.457299954678067
6,32,0.1461587365857535,0.8523337943512286,0.8602896217228153,0.2662770836937847,0.11561776248978257,0.09178197891672579,0.00471208075954976,0.01204429742078315,1.0,0.0,0.5,48,3.472877470280608,11.841211870897018
6,33,0.14924054155795813,0.8537474775346562,0.861519592649694,0.2766597653525998,0.1166850460994204,0.09765895053893865,0.005760985973323951,0.01025530285747075,1.0,0.0,0.5,50,4.423988219989763,11.82840542196372
6,34,0.14196538104142908,0.8491484388817165,0.8610562340935017,0.2838090502829067,0.11578345143586508,0.09186140162024731,0.00612140860388519,0.01198404902917371,1.0,0.0,0.5,52,3.830157307390476,11.822408302402376
6,35,0.1419263891111187,0.8490800219990525,0.8609848212259853,0.28378532377626575,0.09829345620019377,0.09184298332033611,0.00616825232244656,0.01200029974733389,1.0,0.0,0.5,53,3.838272352163852,11.832409242206342
6,36,0.14651246727502026,0.8510414748966842,0.862685425129251,0.2961343270608594,0.14438589241109903,0.09952738967905363,0.00707736163132016,0.01068886822601554,1.0,0.0,0.5,54,4.7375708262710265,11.564929864003496
6,37,0.1470804514099096,0.8386803264168962,0.841292447705393,0.29700227687991243,0.15106482505827062,0.09853397299253591,0.01036457873945475,0.0188338245932578,1.0,0.0,0.5,55,4.6934271306537685,20.6662373287603
6,38,0.1419503921657659,0.8358091737078843,0.8425524658770526,0.3029666292905574,0.12313247012557824,0.09623056849768737,0.00994154705359763,0.01720533145829419,1.0,0.0,0.5,57,4.461555280269885,20.20152810033929
6,39,0.14113060801615954,0.8346131620109253,0.8413233275696624,0.3054282703925502,0.10929374638033634,0.0958207015339088,0.00982183323126504,0.01692037407507356,1.0,0.0,0.5,58,4.414386339174714,20.0559470309903
6,40,0.1394580871640766,0.8374996899186223,0.8485490040344127,0.31087670453599864,0.10803233835290771,0.09476811480450183,0.009437565441169,0.016226152270957812,1.0,0.0,0.5,59,4.266156688022987,19.48164652600745
6,41,0.14282942082354524,0.8355023690396821,0.8460970058278866,0.3414945114169574,0.1212086489643502,0.1037539857537003,0.00774434082511425,0.0119239742230672,1.0,0.0,0.5,65,4.346233427273225,20.416913928667658
6,42,0.1428133096649991,0.840399144005404,0.8553641629384943,0.35211537840128937,0.10992496972505776,0.10375380712460981,0.007744159487397579,0.01193143254926812,1.0,0.0,0.5,67,4.344457162299612,20.41201086238212
6,43,0.13930428602968337,0.8290605492173936,0.8394201369453435,0.34060485607464835,0.14283743913453353,0.09787399828911666,0.0087494972761328,0.01993184496933832,1.0,0.0,0.5,68,4.271930613324571,14.057327544439804
6,44,0.1677589135061096,0.8545453430547738,0.8646713337543094,0.38048914433481473,0.155578153790419,0.12293529902254784,0.00957559707722813,0.0298543562949695,1.0,0.0,0.5,70,4.256692108021356,27.282156096346966
6,45,0.12387205146598682,0.8471196523952201,0.8919930948617257,0.4497076047069301,0.0975856360555141,0.09109363565673662,0.00831013697756647,0.00877305055838582,1.0,0.0,0.5,87,5.257873406048027,16.431838986271305
6,46,0.12378506294499164,0.8517930249040903,0.901025579686623,0.4607903771580016,0.09654358052113621,0.09109363565673662,0.00831013697756645,0.00877305055838584,1.0,0.0,0.5,89,5.226258586640013,16.44092384708725
6,47,0.12247273851362742,0.8494909867179937,0.8986491202586215,0.4630229551874157,0.10587787697826201,0.09029817984579189,0.00615950337785744,0.0086511744860743,1.0,0.0,0.5,90,4.814584594245729,8.874076220039594
6,48,0.13141503708150498,0.8623472331007721,0.9158013563307951,0.47972800312522457,0.1157245029220801,0.09296025032258189,0.007456351116295589,0.022143196085218413,1.0,0.0,0.5,91,4.486641706991248,10.150488999291998
6,49,0.1298318276832934,0.860383343611387,0.9138092399959958,0.47818466549435085,0.10685614775862227,0.0985206804699809,0.00615944016273117,0.008189966658283771,1.0,0.0,0.5,92,4.799932456306771,9.28541112951328
6,50,0.12680961017645254,0.8471506959105121,0.8918068681961485,0.4706853523228254,0.10091393480981588,0.09534033765826383,0.007433182835203419,0.00878378322330845,1.0,0.0,0.5,95,5.62900810700467,14.559248540852002
6,51,0.13052152793785485,0.8604529845518071,0.913833040567014,0.5273585382165089,0.10470798376102727,0.09925599845257219,0.009699616561755239,0.00864079076186795,1.0,0.0,0.5,98,5.611477654843387,15.718953592669806
6,52,0.1305172938674254,0.8802271078589127,0.9510990820043004,0.5814180806222368,0.10358838476551112,0.0992559983779606,0.009699682668914179,0.00864079038864224,1.0,0.0,0.5,107,5.638891517449449,15.69063313968926
6,53,0.12087662516915865,0.8654498159013702,0.9319346428475613,0.5318274755706324,0.09454740200269024,0.08964248099812856,0.00791612265114554,0.00875094244490931,1.0,0.0,0.5,111,5.341410409922435,16.910219020490906
6,54,0.12936812819980303,0.8684654966868983,0.9305381805840147,0.5514135132409331,0.1056938481947522,0.09312072663524196,0.0069752040469567705,0.01923373086820334,1.0,0.0,0.5,113,4.585410980718535,13.785547357448587
6,55,0.12841839289395315,0.8653118216975604,0.9272238521341379,0.5580413979395339,0.126983958862442,0.0919970356794553,0.00692730752089489,0.02141491541245478,1.0,0.0,0.5,114,4.606946032731238,13.788229947785329
6,56,0.12631994133206256,0.8721333649608032,0.9427214753410268,0.5951976604393173,0.10232486012879545,0.096520779571036,0.0069897906635297295,0.0089525714549647,1.0,0.0,0.5,122,4.58263942772183,12.400586791555916
6,57,0.12600236726276962,0.8859993228481783,0.9696594991859749,0.6109297553874263,0.10405525884550841,0.09557261450288795,0.00901758594801199,0.010740656998281051,1.0,0.0,0.5,124,3.1753696433383976,13.54387784265568
6,58,0.12627779345109474,0.8844343915416538,0.9679636167527301,0.6378405452189394,0.1124784367400913,0.09737435544462938,0.009852815985673639,0.00909395001133349,1.0,0.0,0.5,126,4.71533497488292,15.373627105682766
6,59,0.1306356481833595,0.8813022599310354,0.9602794413650622,0.6586542391023105,0.1205552411158548,0.10001108063217048,0.01145323293443795,0.01440112090047363,1.0,0.0,0.5,128,3.3724627082947354,13.52971375688987
6,60,0.1248101966048405,0.8801812888994013,0.9635147020483968,0.669052701742907,0.10174773723881679,0.09599643975696964,0.00896059720425408,0.010952264287807389,1.0,0.0,0.5,133,3.023770167320945,13.81499368723838
6,61,0.12457306406033788,0.8847714042767907,0.9724696148478085,0.6779439156796885,0.10196033509294243,0.09590212333758943,0.009030898296275711,0.01075162474367274,1.0,0.0,0.5,135,2.971904239660041,13.88781150221106
6,62,0.13196836385639707,0.895517099388233,0.9874776160531793,0.7149304038471755,0.12707933075183897,0.10102196900054206,0.01108506975196353,0.016415838918001722,1.0,0.0,0.5,136,3.470961682854779,13.489928960502471
6,63,0.12297307635880794,0.8773945604496465,0.9646956740408599,0.6656700194458574,0.12269336488902569,0.09555998527000237,0.00896005237604185,0.01210857158674062,1.0,0.0,0.5,138,3.0835157493104512,14.057574622186348
6,64,0.12288319015774973,0.8815430474735894,0.9731694560124892,0.6786439192733553,0.10537574176184002,0.09575750748646461,0.00891726695683405,0.0119778479260366,1.0,0.0,0.5,140,3.1218738089213933,14.07654668900516
6,65,0.12227737342724479,0.8767956806996036,0.9681452152906831,0.7231497363035682,0.10763096098149567,0.0974662430292364,0.0097329640625972,0.00982121452896051,1.0,0.0,0.5,148,4.980545970266241,15.080196570622158
6,66,0.11883790845067863,0.8824357314062522,0.9824776991511769,0.7381372418355965,0.10354416638850401,0.0945076819187679,0.009458917852032341,0.00932467992723951,1.0,0.0,0.5,150,4.661717850632434,16.69436860960615
6,67,0.11867377174410934,0.8817614211906142,0.981769701225131,0.7470521445021483,0.10414592101522499,0.09428977825816286,0.00940796546207222,0.0097201839078846,1.0,0.0,0.5,151,4.652469251732106,16.699678724197945
6,68,0.1213582292410743,0.8793370365548927,0.9749614924290171,0.7430417338155695,0.10420503642047486,0.09700287995380158,0.009924612776747931,0.009753794271780681,1.0,0.0,0.5,152,4.859535704891351,16.05016756356658
7,0,1.0,1.0,1.0,0.06423510988367964,0.0,0.0,0.0,0.0,1.0,0.0,0.5,1,8.916507864296872,46.636369583672185
7,1,0.6647102731720128,1.0298698658144827,1.027402434581963,0.13497683751849565,0.26250904228308847,0.07770515177034859,8.687585432549e-05,0.00018886718619028,1.0,0.0,0.5,3,4.128068871179386,37.55325672422653
7,2,0.5464106228860707,1.018751679648083,1.0151446827894999,0.14358230937376587,0.2613617906720875,0.08663338410340009,0.0011996072651268201,0.004369112167032349,1.0,0.0,0.5,4,3.506084816771412,7.733436003258566
7,3,0.4410148090434967,0.9940664427844574,0.9892814174027196,0.13665409738295806,0.26496384610069285,0.08663889324998615,0.00034750341730199004,0.00075546874476112,1.0,0.0,0.5,5,2.860400226239696,21.953849998941443
7,4,0.36103974219983026,0.9754218840484954,0.9693593795520957,0.140447242724008,0.2865033840582991,0.09012087181858094,0.00171301426371167,0.006134126124189,1.0,0.0,0.5,6,2.416162813179257,3.6420332621198783
7,5,0.23176516037681,0.9253585687547721,0.9202625272118466,0.14160700945532348,0.6194344760399526,0.10389935261202292,0.00041733485004000003,0.0009084701438106799,1.0,0.0,0.5,7,3.2996722079117142,1.9676748264759336
7,6,0.2298090521703228,0.9243318597414258,0.919120407003206,0.14624444462395564,0.11430441933767621,0.10498974804365625,0.0005317539535142801,0.00115757979577417,1.0,0.0,0.5,9,3.7956952989449633,1.7945818034665877
7,7,0.2179364173303326,0.9157977880115046,0.9100519174752665,0.1593987937727479,0.1276963994411215,0.10494259621973405,0.0008520101188922999,0.00494704623361696,1.0,0.0,0.5,13,6.1981563887362245,1.1844099647747846
7,8,0.21516860094926982,0.9184465790750316,0.9169555302325193,0.16539427944861165,0.11620708524104101,0.10494259621973401,0.0008520101188922999,0.0049470462336169705,1.0,0.0,0.5,15,5.816940733374434,1.134173852105965
7,9,0.21543901818760358,0.9187563454953449,0.9172560528868668,0.15579048708349755,0.1093158114929782,0.10558318797832911,0.00087228711320922,0.00464470719747486,1.0,0.0,0.5,16,6.078060327591542,1.1637561423635898
7,10,0.19350290157050307,0.8985043424948767,0.8961011494808022,0.1712892955012326,0.24172076807714923,0.09299606809224518,0.00843160955123109,0.02439311729304331,1.0,0.0,0.5,17,4.339049969170468,5.173921728648756
7,11,0.1896043289263205,0.8986965055460344,0.9000523935347161,0.19889868571614444,0.1588009115338985,0.08523335418927037,0.04446970348618423,0.05426650659872867,1.0,0.0,0.5,19,9.870921745965065,0.7843108696222163
7,12,0.16108775870677072,0.8613752926985345,0.8610678931769791,0.1946252408675938,0.23312612629143753,0.07711240024539669,0.038015905814983916,0.06048573403801329,1.0,0.0,0.5,21,8.668880942715099,5.369845285452504
7,13,0.15819624735859514,0.8570337358899087,0.8603560215104602,0.20461297372650103,0.16872458970303755,0.07748214898952246,0.03786910586075451,0.07005379992772605,1.0,0.0,0.5,23,9.042421832266822,4.384944420703183
7,14,0.15819624746797073,0.8619807627106356,0.8696761991306893,0.21883518138498703,0.11250947411791413,0.0774821489895225,0.03786910586075449,0.07005379992772601,1.0,0.0,0.5,25,9.042421765856751,4.384944367189931
7,15,0.15819607642410308,0.8619806788114587,0.8696761274481811,0.2188349655411746,0.11251697973034246,0.07748211516207726,0.03786915095379975,0.07005336009888821,1.0,0.0,0.5,27,9.042418042843176,4.384978806427373
7,16,0.148931102287377,0.8470993685159551,0.8503513554874749,0.21840623729974717,0.10925827046168952,0.07659613544681489,0.030783739036113828,0.05468820041781142,1.0,0.0,0.5,29,8.178667996685059,5.675255373736936
7,17,0.1453402541989404,0.8450116571321857,0.8522914794115273,0.21350211006114875,0.15583557451529526,0.07558363327861775,0.03059675970277554,0.05605990414764236,1.0,0.0,0.5,30,8.04765891834521,5.122355934478221
7,18,0.1398782579680127,0.8322141907957126,0.8348943176619197,0.22145368204943117,0.13440952783658755,0.07357841015960635,0.030303548300455712,0.05317056843225182,1.0,0.0,0.5,31,8.105914498280136,5.867535724129644
7,19,0.13999398826439455,0.8322597399172902,0.8349333493991646,0.22778463011527572,0.10132185359809162,0.07382232667389187,0.030488625880746512,0.053027125707641246,1.0,0.0,0.5,32,8.118088143756664,5.924441877894507
7,20,0.1401136867938192,0.8322141495477063,0.8348724118969032,0.22797302870399005,0.10291206668216984,0.07376862880806498,0.029589410394428813,0.053639450789288765,1.0,0.0,0.5,33,8.116302840652494,4.574766601367544
7,21,0.18840196993120248,0.8844663724718519,0.8914075129373076,0.292090568917587,0.1530582881807942,0.0973481951809632,0.02196035501195269,0.10459803722611187,1.0,0.0,0.5,37,7.952575099149418,4.428976475668023
7,22,0.1411152149959466,0.8341208731400949,0.8407887949582398,0.25509564153311465,0.11842145688519573,0.07895582569324497,0.029071883714580936,0.051306983229228595,1.0,0.0,0.5,40,7.623554560021767,4.367822508886692
7,23,0.1372096587977492,0.8369083657041854,0.8520488960995803,0.28368880297405197,0.1069575634972873,0.08835281177177934,0.01730499960658331,0.02893347536166216,1.0,0.0,0.5,50,7.079815916135633,8.306797243115202
7,24,0.13669594303802773,0.8359492075941354,0.8510528943968777,0.2964891572156113,0.10804128272469904,0.08845564640150519,0.01747770476702279,0.0282406221070581,1.0,0.0,0.5,51,7.257356049833165,8.474003417411387
7,25,0.14557875542916915,0.8505435528680048,0.8740521481969905,0.31935301922915177,0.16556075794226766,0.08096443585262575,0.0363793982149692,0.06588788742410524,1.0,0.0,0.5,52,9.906818358000846,7.840754328741029
7,26,0.13137971544841798,0.8288773074941255,0.8478136252015395,0.29592974443071307,0.13118695418780385,0.08203281653281802,0.02227526277777925,0.03804845721590118,1.0,0.0,0.5,53,7.676203200216607,6.185388565079297
7,27,0.1420857373044755,0.8425665457041228,0.8657235320989134,0.32008753419401165,0.13598977058045164,0.08890195109154271,0.03842708197275266,0.04771932769073205,1.0,0.0,0.5,54,12.122399202056291,5.523504719806611
7,28,0.1328358404025624,0.8243036221129421,0.8467921085553674,0.315300237156823,0.20839248275807606,0.0835440008043558,0.037935504698173375,0.04788089446336644,1.0,0.0,0.5,55,10.484238677642733,4.1086919012672425
7,29,0.12618317262492937,0.8019147423389604,0.8233179444763565,0.3160964634002022,0.18825442737761428,0.07802933484984857,0.03906887868451905,0.05629670651457006,1.0,0.0,0.5,57,9.553779246101485,7.474208586971576
7,30,0.12611884532385753,0.8214173622049704,0.8602985493907555,0.36676975096099756,0.10645161491940522,0.07796523735822677,0.03904341277746279,0.05642293740887129,1.0,0.0,0.5,65,9.65900842176463,7.383733769348363
7,31,0.12611884187796643,0.8115233053468567,0.8416581779293978,0.36740587975671135,0.10617673531119151,0.07796523865334735,0.03904340607947651,0.05642292838530992,1.0,0.0,0.5,66,9.659007795471869,7.383733559338863
7,32,0.1486613378706068,0.8330681636228788,0.8631368940763232,0.40036885703936437,0.13904309707842472,0.08857557437659305,0.03166809116425571,0.08086158011934762,1.0,0.0,0.5,67,7.985093510307109,6.001995225380521
7,33,0.1491855789540077,0.8272176821168595,0.8568705339059719,0.3969980636361481,0.19408711772562048,0.08798920182347277,0.03158441727023009,0.08649057253005091,1.0,0.0,0.5,68,7.935212976119154,5.353467089912182
7,34,0.13183571245602513,0.8163755328832406,0.854557615660016,0.4783867765438744,0.11606045735920567,0.07654897477088701,0.03499888321224194,0.0763325180734865,1.0,0.0,0.5,93,7.72031812979808,3.522127891815758
7,35,0.1327371273770617,0.8146621516365279,0.8526783205059175,0.4897228535001475,0.1394618407122399,0.0771662222302365,0.03510120726086803,0.07811765872446085,1.0,0.0,0.5,94,7.764385561939711,3.4012408815019257
7,36,0.13139072154127257,0.804083390360528,0.841523922029755,0.4984069554871628,0.20604541386515987,0.08131621946567237,0.035097976610607665,0.07102370574998391,1.0,0.0,0.5,95,8.154055783501368,3.515919944815434
7,37,0.12784797847138737,0.8097822205399218,0.8559289720889526,0.5043928554232188,0.1153460561733042,0.07148450200036537,0.03686850546178838,0.08385467959733471,1.0,0.0,0.5,98,9.012263538795304,6.016194906043798
7,38,0.1215852219192231,0.8112524933725944,0.8660131410725204,0.5447567339344972,0.11739781783807982,0.07164471577528075,0.03380048290532775,0.07183171608109448,1.0,0.0,0.5,100,8.7551756684233,5.776780433085665
7,39,0.12480931467423728,0.8171611045010271,0.8761570533120883,0.5698356405616107,0.11492143453609541,0.07371967319302627,0.03429926356471428,0.07496060044426318,1.0,0.0,0.5,106,8.643952641351788,5.4685767109258965
7,40,0.12331856133321761,0.8147190336644675,0.8736572333960468,0.5694654058884818,0.11416934597465156,0.07334442682112884,0.03400043904078444,0.07307042244123003,1.0,0.0,0.5,108,8.739743701527933,5.687374103593038
7,41,0.12444066712916624,0.8151662520527289,0.8740635794003374,0.570531628526338,0.11689665070373292,0.07398054129960144,0.03405082057512962,0.07428115004253626,1.0,0.0,0.5,109,8.735753531529863,5.636910068225721
7,42,0.12056438072291559,0.8146500768294708,0.8778246591071909,0.5838920662486627,0.122290999633024,0.07152231116283886,0.03418218374719935,0.07199683767112115,1.0,0.0,0.5,110,8.519856547641128,5.387493176464989
7,43,0.11848805498794585,0.8203672647123668,0.8921617831287432,0.622292982925066,0.10804547793632138,0.06889130556455626,0.03576721659479919,0.07381579783624269,1.0,0.0,0.5,118,8.536343083096689,5.467432440506927
7,44,0.11798519842813748,0.8143503459247541,0.8858156504181726,0.6250884254144314,0.15573848576797308,0.06924885346374085,0.03571422311385543,0.07385684914887657,1.0,0.0,0.5,119,8.50041823266365,5.9578104148334265
7,45,0.11763230999751666,0.8076282382759171,0.8787178639950194,0.6202244701321056,0.16345136800440735,0.0697794627319128,0.0355409692891768,0.07394620500922697,1.0,0.0,0.5,120,8.202303208972646,6.655691475440466
7,46,0.11742042631051444,0.8166623060882826,0.8964602677449661,0.6514853626342224,0.10855393823249913,0.06966252205982731,0.03555301382935194,0.0739359532897155,1.0,0.0,0.5,123,8.213448454128685,6.571878271685536
7,47,0.1220266002775317,0.8304966819614177,0.9190019658587621,0.7043850018152212,0.11230424367699056,0.07450187472262416,0.03564697478149656,0.07365388938179021,1.0,0.0,0.5,130,8.00764141345311,6.6838430456405264
7,48,0.1153177572831825,0.8306261272245488,0.9276994163364433,0.7144013142724123,0.10889063717189884,0.0681820195738393,0.03576462858644851,0.07369115271937061,1.0,0.0,0.5,137,8.260740925478506,5.06311580087056
7,49,0.11619855321662642,0.8263446957180154,0.9190323107074728,0.7191076437099223,0.10685613203761973,0.06852746284501428,0.03577893231031468,0.07481807497557076,1.0,0.0,0.5,138,8.342688119527654,5.002945101028787
7,50,0.11874332185896078,0.8960066520303507,1.0497941512043067,1.0298758763521603,0.10919136453511459,0.07278294389939348,0.036968924685286245,0.07194673300365537,1.0,0.0,0.5,184,8.128810961932999,5.935022543575888
7,51,0.116949719412753,0.8865805412671641,1.0358394851988282,1.0221521122596184,0.11904161576442787,0.07163661354814845,0.03715502347999106,0.07131781235158367,1.0,0.0,0.5,186,8.168294465214226,6.063920949400146
7,52,0.11846089533932094,0.8874430850609084,1.0366646085818452,1.0260697053238836,0.11027514176469674,0.07169640982093813,0.03703439865405145,0.07437755709530551,1.0,0.0,0.5,190,8.127356637796327,5.961516028211886
7,53,0.12183725707754829,0.879424909754632,1.0116411783783317,1.078016905603676,0.114646882749612,0.07250826824310426,0.037950218050833415,0.07735703718354056,1.0,0.0,0.5,197,8.178100263939033,6.0322842673987065
7,54,0.12206602519778145,0.8877130219093008,1.0285685061993073,1.1116616447228875,0.11637998698223842,0.0725371593699844,0.03835123621005995,0.07824897070580629,1.0,0.0,0.5,200,8.137907346026473,6.210807227217639
8,0,0.5674370033239579,0.9490649329729045,0.9464428449749758,0.05291245495883371,0.0,0.0,0.0,0.0,1.0,0.0,0.5,1,36.85598485370545,74.12086675018315
8,1,0.4190148097354464,0.9685640392782991,0.9638391262642017,0.10784457398251804,0.219354388328618,0.06029710073773849,6.958191302224999e-05,0.00010015532133674,1.0,0.0,0.5,3,25.566581488172105,48.07736696701467
8,2,0.27386087086448957,0.9317554402189558,0.9288576671417332,0.10982175956315238,0.2605720086831912,0.06783238575064537,0.00030038787559923,0.00043237449071976,1.0,0.0,0.5,5,14.47361225063526,23.85550515425613
8,3,0.1934582905125623,0.8889501153775563,0.8836121999279662,0.10748782732401577,0.2572867497363759,0.07184028711340389,0.0011157495522214201,0.0016059957261929099,1.0,0.0,0.5,7,5.344091708126863,5.590613908151628
8,4,0.19317569699094755,0.8853905608881045,0.8754002832344263,0.11440174226321033,0.10042868301188068,0.07919107588994934,0.00034680551351374,0.00052672460880376,1.0,0.0,0.5,9,5.139170125963426,3.890182350279061
8,5,0.19537276274287468,0.8878896003077363,0.8778415695877895,0.12172432311850345,0.0918135491361846,0.08293451012462796,0.00019368155128051,0.00028280238931792,1.0,0.0,0.5,10,6.536017653976748,8.324203515290366
8,6,0.1836759579083088,0.8825351559729373,0.8765357017911146,0.12602546692476754,0.12831949166635417,0.07874399221354599,0.00045191477118313995,0.00067016796750549,1.0,0.0,0.5,11,4.236156627383089,2.007804560444061
8,7,0.20875079862276646,0.9030890887679697,0.8925681471866371,0.15919226286496918,0.12973858011017636,0.10561026572535326,0.0034854751936428904,0.00370286869351375,1.0,0.0,0.5,12,8.49746600200481,7.034204270311475
8,8,0.13350577208756903,0.8258689533728176,0.8208234100961679,0.12249908636057766,0.5785495042184146,0.07906597816393057,0.006619924856195921,0.00963966622929035,1.0,0.0,0.5,13,9.220705403370864,3.4829969998162675
8,9,0.1557059317948078,0.8306819208398445,0.8279271169855589,0.18052067075133243,0.16357082132115147,0.11860830461984283,0.007594403759297571,0.01119089250311089,1.0,0.0,0.5,21,16.079157236452705,0.4077104649936669
8,10,0.17375486620222094,0.8466147368673987,0.8436930170149924,0.18065110416631971,0.15599618804512266,0.13757781987027587,0.007729009760811629,0.011602201082114811,1.0,0.0,0.5,23,16.93329410136111,3.409286369376679
8,11,0.15562263596803522,0.8320124070359004,0.8333537882952701,0.19629726821293894,0.1301282739416339,0.12002365648474794,0.00807397914820145,0.01188735886999993,1.0,0.0,0.5,27,16.807631512921873,0.4303357698338678
8,12,0.17763217049712018,0.8531373303317162,0.8544105768377716,0.224201682075837,0.15875558850753219,0.140181230488715,0.011220301631631579,0.01646952751854635,1.0,0.0,0.5,28,20.57949136764161,4.011176878280792
8,13,0.15600601319052587,0.8314582295295312,0.8327275115878773,0.20186631215096887,0.1273868208783836,0.12089673255555537,0.00803720436332357,0.0118344257119915,1.0,0.0,0.5,29,16.575748624084717,0.5370169308756346
8,14,0.15901913981863078,0.8317141229177386,0.8327742770459149,0.21283844273401537,0.1469825055748727,0.12429229255992551,0.009301556783961249,0.0136794985492248,1.0,0.0,0.5,31,18.373426036927054,0.949020209495103
8,15,0.16961363956458847,0.8406078836941977,0.8415415771074259,0.22989620043768988,0.16152757831209835,0.13601939586770745,0.00870295879719464,0.012925909512690209,1.0,0.0,0.5,32,18.121756889260464,2.004148315606108
8,16,0.1787079192716033,0.8509583879059716,0.8559953576161624,0.25155457469002246,0.17354083638740858,0.14617996628327867,0.00931801629411958,0.01389694288491918,1.0,0.0,0.5,34,19.692947663798307,1.6692943042082289
8,17,0.12579501550432787,0.8022744108289287,0.811632674566177,0.2618167828369042,0.10103105249855932,0.08862902620410151,0.00975986225456257,0.02375216857374099,1.0,0.0,0.5,49,5.580187450838534,34.033606829883745
8,18,0.11869735509882362,0.8019683581033646,0.8198520470691079,0.29055743771566245,0.09936172618177941,0.08586889902160155,0.00938062692773934,0.0174538705309559,1.0,0.0,0.5,56,9.974859752474512,34.37853486380139
8,19,0.122284093699943,0.7973289211091085,0.8106101011332697,0.29955729315984136,0.13402994337225113,0.08908868733942735,0.00978946323214211,0.02053976060276786,1.0,0.0,0.5,57,4.72790580697454,55.027501997423016
8,20,0.12151869445455332,0.7789100782383607,0.7829170991211835,0.2945226490250794,0.14100201675549207,0.09214475362606513,0.0077928302906309,0.01788474239183484,1.0,0.0,0.5,59,7.570695344606321,249.80224079951307
8,21,0.10966960923220515,0.7697989665108607,0.7780319333418457,0.30832577077975626,0.09736429999190828,0.08173766372703145,0.00807059867085432,0.01630188999852631,1.0,0.0,0.5,62,5.009602393312781,33.75192619275093
8,22,0.12542338153790217,0.7749236694424386,0.782467513197495,0.30893628453331723,0.16042442289239633,0.08624820180649151,0.01035796725577899,0.04430323959556827,1.0,0.0,0.5,64,4.816383877333001,25.15552239168223
8,23,0.12421854417861973,0.7737085489893585,0.7853124965100634,0.32135008691508715,0.13199388625873792,0.08622891794911318,0.01025716700794099,0.04418043824789295,1.0,0.0,0.5,66,5.198065856873153,27.440367845522
8,24,0.11949627271470582,0.7734341143917651,0.7893799477338482,0.3348087995648727,0.10606705426358118,0.08009284076194056,0.00993333556670129,0.04722402612748233,1.0,0.0,0.5,68,5.01594826525627,22.919864663088127
8,25,0.1171537697102987,0.7579767296950864,0.7649755336336319,0.34411266826034415,0.13246552983213083,0.07906981218906182,0.010907687182422219,0.04594150281605782,1.0,0.0,0.5,69,5.406407716224507,25.83094470487587
8,26,0.11694765105281314,0.7666394710330527,0.78232121277602,0.35932855247775575,0.1044196030950933,0.07906981218906182,0.010907687182422219,0.04594150281605785,1.0,0.0,0.5,73,5.431053450286647,26.30770034079409
8,27,0.12820596812128843,0.7724709561301494,0.7837498469743541,0.36792436922825855,0.11792096263595775,0.07862308833183605,0.01046316369070031,0.06954558364026156,1.0,0.0,0.5,74,5.512317053760289,61.95466246566777
8,28,0.11890766726584473,0.771730865375962,0.7916737679776208,0.38563229197159793,0.11677199904419981,0.07975046293797197,0.01019794797054108,0.0492200040654455,1.0,0.0,0.5,75,5.367941618085377,27.33736287775656
8,29,0.2483932100189506,0.893644906938915,0.9090537006024485,0.525294010186617,0.2392164487751548,0.08615057057508935,0.014705781814025501,0.29639500490084564,1.0,0.0,0.5,80,5.997949642928833,18.97210707363988
8,30,0.24805960636250096,0.9066752514752559,0.9351133986683813,0.4906005215053713,0.24794223025537193,0.08611067490399912,0.014662726951457969,0.2963555372151042,1.0,0.0,0.5,81,6.006555837696137,20.006944530065105
8,31,0.24755851669149065,0.8956746609650086,0.9153296480848827,0.5360067570699887,0.23944474819992745,0.08596020728273675,0.014524342606088338,0.29587390818846926,1.0,0.0,0.5,82,5.794393042134325,14.026752471685498
8,32,0.21973600376635696,0.8652892706831508,0.8847888587450758,0.514625188039673,0.2300387266550763,0.08540533933684508,0.01312435909609536,0.24224990296072724,1.0,0.0,0.5,83,5.790024744131643,17.22808814737363
8,33,0.19725073955850275,0.8668531653397161,0.9081770026237285,0.4621787930309079,0.19056872627608845,0.0855320871299826,0.031141411467230352,0.19726883049278449,1.0,0.0,0.5,84,4.790231031844618,25.27097402603423
8,34,0.2487366314469564,0.8974498178680033,0.9212147652182772,0.5586188660328965,0.23913482403921457,0.08839300661323062,0.01435899656816086,0.2948894957594959,1.0,0.0,0.5,87,5.700275481297845,11.842284938690044
8,35,0.14593153535321784,0.7940794527756896,0.8178104065316487,0.4871467159496678,0.134897150684658,0.08748257027438687,0.02124988509452078,0.0912909200017212,1.0,0.0,0.5,92,11.25573329155366,77.9428649062866
8,36,0.1923325787424297,0.8557941097109655,0.8967498334151507,0.6328915245384544,0.1824967505611149,0.07808279209665929,0.028585836285463878,0.2043505919614522,1.0,0.0,0.5,111,8.746495961721356,32.508782841296004
8,37,0.16502548273932194,0.8201876248004036,0.8606531104051898,0.6178335908640459,0.18762917750488,0.08402731692416916,0.02917539450908299,0.1402947502964107,1.0,0.0,0.5,113,9.26815010540117,33.32858991938797
8,38,0.17479788422537618,0.8317474437935266,0.8723178652881516,0.6322879774685746,0.1823640220308374,0.07626209401281218,0.03599561861248145,0.17486736410015546,1.0,0.0,0.5,114,11.673862948200629,55.826209180355406
8,39,0.17040121700581567,0.8281464660562694,0.8728464888393932,0.6765428684454214,0.1613461157200931,0.07418299273013541,0.0546238491661563,0.17139256932235664,1.0,0.0,0.5,124,11.943530539892109,131.31144823157334
8,40,0.17009559918058229,0.8304201689808776,0.8793557324220417,0.6963430227542372,0.16813328458626228,0.07418299273013544,0.05462384916615633,0.17139256932235675,1.0,0.0,0.5,126,11.917883422395398,131.93522880602015
8,41,0.1662553146286865,0.825699755970662,0.866417305576233,0.6815794512766451,0.179120954583372,0.0844071124159323,0.03737825522534241,0.14076668861055192,1.0,0.0,0.5,128,11.761081121871156,126.53203101395218
8,42,0.15370705497124926,0.8193768401819456,0.8645431665723634,0.682516944738184,0.14407852606103105,0.0802980823404127,0.03509463110350551,0.1235066982830523,1.0,0.0,0.5,130,15.04905104963631,105.95419635373445
8,43,0.17352216935203393,0.8389817713061793,0.8882172608364329,0.707714094754757,0.17445720677153487,0.08058828661163896,0.03904206762766878,0.1640528078424161,1.0,0.0,0.5,132,13.768852977066736,154.04353250370795
8,44,0.14366860825904182,0.8309259675872419,0.8896141483774644,0.7390988153763967,0.13153028085956253,0.08253699043687755,0.03220957240123021,0.09681265504885936,1.0,0.0,0.5,139,15.460131884799884,129.12090157762543
8,45,0.1570946525591114,0.841065311227749,0.8995567556342845,0.7424905017273818,0.15343916589364376,0.08223219105875104,0.039048273526087564,0.12534408846587267,1.0,0.0,0.5,140,16.688305497240716,142.3696224550865
8,46,0.1497647532367258,0.8379688377512741,0.9007909295956115,0.7485663196245956,0.14280269424747646,0.0824022986121296,0.03542970140300715,0.11056910242554112,1.0,0.0,0.5,142,15.993488359580018,139.12900122701222
8,47,0.14488786510432816,0.8089395743615833,0.8703538478605067,0.7745895387010385,0.1390205213793509,0.08212668993453569,0.0365163716877239,0.10775615806635205,1.0,0.0,0.5,149,16.066556254556332,131.83203601514214
8,48,0.1379180732454881,0.8204333840714091,0.8829185482719855,0.807366967530177,0.1267269641475572,0.08068722725119662,0.04046413949715648,0.09201837788791298,1.0,0.0,0.5,158,18.46478397731853,59.03322927237307
8,49,0.16035647132841074,0.8682684249575061,0.9404275847781083,0.904125021957426,0.1474894921023452,0.07305377321378505,0.0539987680832096,0.1471260572199996,1.0,0.0,0.5,169,14.506437253569905,27.30199210237972
8,50,0.16653669330916898,0.86940952327389,0.9371899065049659,0.915164227149386,0.1553854451911058,0.08125243814337776,0.0478364215621438,0.14312247063166644,1.0,0.0,0.5,174,13.669484210969436,33.36277053431298
8,51,0.16416020922225388,0.8715611344364538,0.9436892180268164,0.9386866824206398,0.1542381927619595,0.08054567183912158,0.04906540967760622,0.13993526043302879,1.0,0.0,0.5,176,13.317038659804425,29.86190854893663
8,52,0.14556735990475145,0.8454667137595552,0.9130667815552288,0.9021995315720781,0.13524202458005236,0.07991170150069848,0.046190412323877626,0.10492433573428306,1.0,0.0,0.5,177,14.667578034879682,59.6183759850289
8,53,0.19813729822087278,0.9052151378491389,0.9773235853449627,0.9848812574234301,0.184938820873,0.07689493447678505,0.044823339483745214,0.2153076753338577,1.0,0.0,0.5,180,14.684451238852896,27.88974027533424
9,0,0.679517981378531,0.9651157840244157,0.9633199293432841,0.056454792891982505,0.0,0.0,0.0,0.0,1.0,0.0,0.5,1,24.77598996950845,66.66992170235918
9,1,0.52186081019814,1.012368571170303,1.008526634957292,0.13828054846893567,0.2417153300780458,0.08691215950943622,6.980079980692001e-05,0.00017321880760158998,1.0,0.0,0.5,3,17.407742336724482,40.70188949203178
9,2,0.4355936444941483,1.037878638258459,1.0321106024906128,0.19540757556921465,0.4412206984123844,0.14092438912682378,0.00247895554365826,0.01800014749086759,1.0,0.0,0.5,4,16.369557592780737,39.98085503846906
9,3,0.2912308434056355,0.9568937526029088,0.9536711415282589,0.13987636874736234,0.3759077102469353,0.0989328518436108,0.00045438336046557003,0.0011276051866392699,1.0,0.0,0.5,5,9.212405360363892,12.116048400057236
9,4,0.31117569391916533,0.9809725230065588,0.972932356573611,0.17738317627704647,0.2043555390239185,0.1326075919977118,0.0012758573636348,0.0090953230201902,1.0,0.0,0.5,6,10.262163018667394,47.00879775371343
9,5,0.21673965210253324,0.9140950495286381,0.9084413547963918,0.1373920816645198,0.40437193053110354,0.10243782593714651,0.00119667718829502,0.0029696937028498597,1.0,0.0,0.5,7,5.276635422352604,2.8504646017212094
9,6,0.21227188179626416,0.9052540635632145,0.8951094103535314,0.13660163968164335,0.11122503056528682,0.10188319420179108,0.00034977227636937,0.0008681105894097899,1.0,0.0,0.5,9,4.892690748467773,2.2338794984710004
9,7,0.21227149486034355,0.9102007884413862,0.9044292628677671,0.15249375741493568,0.10231869230885562,0.10188319420179097,0.00034977227636937,0.00086811058940978,1.0,0.0,0.5,11,4.89315838854505,2.232074341582984
9,8,0.19803453948993532,0.892743339812871,0.8820603775293192,0.14405055223376667,0.14096704121592069,0.09915943510030001,0.00061996889861939,0.00220762847700751,1.0,0.0,0.5,13,6.584730079188401,5.085833223147093
9,9,0.1909025855081006,0.8908702094215323,0.8843478009179171,0.16060752096858646,0.10831496756663414,0.09719378634418262,0.00036193367378692,0.00075757078573123,1.0,0.0,0.5,16,4.236985915743516,6.606922121931167
9,10,0.19077356734953876,0.8907839809377198,0.8838957049393071,0.1632056400438211,0.1598474709247729,0.10402219264041694,0.00034646961808775,0.00114337928571403,1.0,0.0,0.5,17,4.496614624514434,6.030419316978683
9,11,0.18619410722428484,0.8860562604673069,0.8790106957767653,0.1709161792168073,0.10886875282128143,0.10198803268164496,0.000573513960505,0.00186697169003666,1.0,0.0,0.5,21,4.230717610032851,7.213741629467561
9,12,0.18076573449612718,0.8801623680546955,0.8728536906282578,0.17380959605725524,0.14193141552453045,0.10103519280153028,0.000644339772573,0.0022069053668394003,1.0,0.0,0.5,22,4.759420445963913,9.065156345275216
9,13,0.17516350842114572,0.8842704561463177,0.8856320964967507,0.17702539042284463,0.10357266461510636,0.0972283186761256,0.00056919824750795,0.00120081487798637,1.0,0.0,0.5,24,4.732785073963191,5.593642469156197
9,14,0.16409130174241457,0.8718166329154512,0.8727582253826193,0.186881203613093,0.12532787315093274,0.09026891879068658,0.0009802297073737399,0.006531434884112899,1.0,0.0,0.5,26,7.253113565681444,14.203853684998997
9,15,0.15405458019213814,0.8602395223556871,0.860846088547614,0.18859058378788646,0.11377168580582704,0.0868416538147599,0.00071783997357002,0.0032481853188986803,1.0,0.0,0.5,28,8.753963223023158,6.885251724137478
9,16,0.11429495931309398,0.8097485739530577,0.8088660873234987,0.15784487076901071,0.17950551093816589,0.06246112451617926,0.01767475992387786,0.00887754027477637,1.0,0.0,0.5,30,6.162112701238446,32.94098069061416
9,17,0.1150566963468796,0.8151082290827242,0.8185602299984777,0.1784750171663342,0.07101743287836339,0.06387709520515947,0.01687081155797316,0.008373434896713949,1.0,0.0,0.5,32,5.710485035253428,26.180098640023044
9,18,0.114700825243668,0.8074204655340758,0.8062474937332182,0.16805002104253866,0.08921267616290397,0.06460005300251508,0.01802584969874091,0.01122883365610469,1.0,0.0,0.5,34,5.478448412789279,62.41113671974222
9,19,0.11324325286559962,0.8108561816174827,0.8140508445349587,0.17539408378205285,0.0692282365498119,0.06325103827177321,0.01819841592517587,0.01111888505671697,1.0,0.0,0.5,36,5.617126300157925,60.37425427672207
9,20,0.7283593269399262,1.422891161108496,1.4257792096473398,0.800714565454828,0.7099869676135375,0.1868016357448308,0.00989367752775932,1.0,1.0,0.0,0.5,38,4.8209513224576686,11.352119864271332
9,21,0.7283500136992956,1.4227715188299876,1.4256489201935074,0.8036372837029769,0.6884977123324508,0.18688867314520344,0.00987532464035958,1.0,1.0,0.0,0.5,39,4.822906630323058,11.340073081077342
9,22,1.2251536698836172,1.9183730200918663,1.9211358472517381,1.3009740242824739,1.2020441163072315,0.6847159628224972,0.0079072053672158,1.0,1.0,0.0,0.5,40,4.82356067124267,10.557139437733102
9,23,0.08858955234444442,0.7694659556778503,0.7751450052804438,0.1840172527806664,0.27950077071056734,0.053027642762671856,0.00512268002569748,0.01227109966261835,1.0,0.0,0.5,41,5.30893169121842,275.71826310365464
9,24,0.08067287161027734,0.744964255195312,0.7494396431309084,0.18956538637188844,0.10355346620395785,0.05157318304972777,0.00541842725398842,0.012940197782254489,1.0,0.0,0.5,45,4.956482161317294,268.4899022349436
9,25,0.08053656384537429,0.749371748413116,0.7581925107933409,0.1988777398636445,0.06013722420362374,0.05157318304972777,0.00541842725398844,0.01294019778225447,1.0,0.0,0.5,47,4.972818601809011,269.36996461878203
9,26,0.07362209318069549,0.7437764690152038,0.7567227379708303,0.21704751406853884,0.05699420383409337,0.03993738921697083,0.006672792051893859,0.02474936512400746,1.0,0.0,0.5,55,6.346108501784418,434.7943758164517
9,27,0.0776520680920196,0.7491194579989394,0.7661949344187149,0.23416019584122427,0.07589132748060556,0.0458558883892332,0.00663781513935891,0.023181475306990322,1.0,0.0,0.5,57,6.224068513767196,274.3517746898047
9,28,0.07563307343289255,0.7419471026952333,0.754635677568023,0.2321442012953691,0.05756934001227552,0.04447877312547821,0.00636710503880771,0.02201873233446194,1.0,0.0,0.5,58,6.092360087872367,274.027621714111
9,29,0.07710577533603143,0.7456408206750743,0.7625222148855951,0.23677511561355266,0.08500998534817425,0.045018068113746465,0.00687878483692351,0.02544010166437165,1.0,0.0,0.5,59,6.401577346999535,430.574121911014
9,30,0.07734017975114853,0.7399550730346688,0.7523992816651857,0.24017304825490202,0.06799894393840895,0.04707805308839173,0.00664131986993879,0.02233031930053226,1.0,0.0,0.5,60,6.045828665043998,270.23315147137583
9,31,0.07846894215680889,0.7426617310359761,0.7592598054621287,0.2513349733940584,0.07681495889336548,0.04915783559158391,0.00672403072685777,0.02220970327215038,1.0,0.0,0.5,62,5.773961063503742,266.1808529767633
9,32,0.07736729641852809,0.7407733322026077,0.7573205775221338,0.25664069749762386,0.06191908215476441,0.047776395109691935,0.00672269453686417,0.02317015119336635,1.0,0.0,0.5,65,6.1304630461882645,266.2949900698613
9,33,0.0787007303154459,0.746700177106424,0.7675977853025612,0.2682050354781365,0.06423554316363478,0.04958416010616805,0.0064932142972074,0.02240038327980906,1.0,0.0,0.5,66,6.554858863044822,271.6697461276045
9,34,0.07398405941436652,0.7443363810427157,0.7694407113578686,0.28697871214314746,0.06929091188851799,0.04652382827201399,0.00648680574572897,0.020365576479696758,1.0,0.0,0.5,68,6.1200540336138936,269.20891993920554
9,35,0.07722914082338357,0.7462073772778962,0.7712241375846235,0.2934992515767268,0.0669002043567294,0.049900799159890215,0.00617420750800196,0.020755802655316822,1.0,0.0,0.5,70,5.709238730177599,280.5244586863283
9,36,0.07690819752307895,0.7403160158088229,0.7609200098024572,0.29648061372596046,0.0660976087727891,0.050451706723573846,0.00622570660072653,0.019304017491414367,1.0,0.0,0.5,71,6.460207120487788,274.65493879871315
9,37,0.07661365706731524,0.7538068326896651,0.7874634358585132,0.31350020970784404,0.0620743463820011,0.05023646576317446,0.00656865539850786,0.019632112449466322,1.0,0.0,0.5,76,5.930200089401304,279.485433334391
9,38,0.071516777426072,0.7421205530580353,0.7713003787180068,0.32590529828465037,0.06316086400409185,0.045292191408138296,0.006445252951124821,0.02006731399529808,1.0,0.0,0.5,78,6.855125409072874,273.4594862253422
9,39,0.07132210776057445,0.7410021547944354,0.7701239274844116,0.32909289499399086,0.06412855107639057,0.04529272210841888,0.006972599569899219,0.02008519341012445,1.0,0.0,0.5,79,6.375807190992344,274.12510127364885
9,40,0.07375710665927723,0.7317258666956367,0.7560541683186623,0.37253993040902667,0.06494871793948888,0.04400940525477516,0.00878166737671368,0.03032335811908346,1.0,0.0,0.5,90,5.507221400790931,411.8264137200207
9,41,0.07087100345136128,0.7309713789476953,0.7595001113016631,0.3727786702043876,0.06553263391755719,0.046147964446648856,0.01063544433556665,0.02135314789736369,1.0,0.0,0.5,93,6.1042105955431865,278.38286389095293
9,42,0.06901014027901363,0.7637179360654873,0.8228574869907439,0.4849864522384833,0.054975752369108954,0.04378748123206038,0.00912147136808319,0.02236031540616294,1.0,0.0,0.5,117,6.023505765160172,271.80785568070894
9,43,0.06620656047818833,0.7504113116509142,0.8089167410280461,0.5401591718450546,0.06082862917914127,0.03992383086841549,0.0101707535192012,0.028109841493388982,1.0,0.0,0.5,131,6.061967924982794,422.0280132603078
9,44,0.06619320933867946,0.7551537470855976,0.818020913553262,0.5650269712980379,0.05442734427595383,0.039936067094194026,0.01007463327341076,0.028119456811859178,1.0,0.0,0.5,135,6.066609178004544,422.0493598065548
9,45,0.07151509048674984,0.7585614816184946,0.8213147029556798,0.5799376084262475,0.06823354559144548,0.04534698146696204,0.01025669005438787,0.02854053742995939,1.0,0.0,0.5,137,6.133711633169847,433.3515231151831
9,46,0.06769807119183543,0.7480284309954888,0.8063035497330037,0.5732753595605071,0.06400445105560403,0.04191833745370143,0.01062165106625345,0.02830249300075059,1.0,0.0,0.5,139,6.155347818501586,421.3095999746592
9,47,0.06769509216752694,0.75295265171761,0.8155997735436679,0.5975250004423344,0.05615830049061312,0.04191833745370143,0.01062165106625344,0.02830249300075059,1.0,0.0,0.5,141,6.156499953087764,421.5188941746187
10,0,0.4440037504736128,0.9272222953174825,0.9234757190947936,0.048091835291188496,0.0,0.0,0.0,0.0,1.0,0.0,0.5,1,46.726318590188576,72.64353685911216
10,1,0.3650486015486522,0.971119474194133,0.9652618603106529,0.1275452956905517,0.24453581735981508,0.0848363785253764,5.442359121395e-05,0.00013818142504119,1.0,0.0,0.5,3,32.09746422466979,44.805966130106256
10,2,0.3387677162778882,0.9718893845514643,0.9653020919746833,0.14181869583637455,0.21019661826162095,0.0973886013712764,0.00139115910214638,0.00492090482235465,1.0,0.0,0.5,4,20.8663561576232,40.27126474542149
10,3,0.19353287348550197,0.892642836040276,0.8865581130230772,0.11895462977308952,0.6762137202175241,0.09009033523242359,0.00063110436873571,0.00150515189251443,1.0,0.0,0.5,5,9.411551334614328,9.675113458357927
10,4,0.17586509526308874,0.8758235994685629,0.86886730156083,0.12140942632142436,0.15685033663595405,0.0901646361724711,0.0006671148018712,0.0015796511536933702,1.0,0.0,0.5,7,7.675182003390982,5.525164841294113
10,5,0.17586109134326725,0.8807664179649298,0.8781830707437936,0.12923991409262356,0.0909707243119353,0.0901646361724711,0.0006671148018712,0.0015796511536933602,1.0,0.0,0.5,9,7.69645150013191,5.5442872357019946
10,6,0.17393837694694814,0.8835884087525283,0.8852138211545145,0.13568788382945215,0.10445733791414742,0.09121561672850072,0.00068501873334756,0.00161596758228227,1.0,0.0,0.5,11,8.621504068784873,6.748524489344161
10,7,0.5663373406064304,1.2609997173573593,1.256232014433916,0.553430961615679,0.6663779597217866,0.4712372683582931,0.00357667807014348,0.08476492232564414,1.0,0.0,0.5,13,14.92018569532403,3.6474808487984616
10,8,0.45457734234333763,1.141047854067298,1.1353696430296214,0.4496526032831486,0.48018246822699684,0.3799761592129563,0.0054866919772173905,0.06275689017929871,1.0,0.0,0.5,15,15.867242285136692,3.890998531238156
10,9,0.5075607875211902,1.1972012456853751,1.1957215155738126,0.5291283189575232,0.47035748005170713,0.4418638462555444,0.00410340557608478,0.048181008497018354,1.0,0.0,0.5,21,21.43645853799842,5.614472926423354
10,10,0.34408880649314677,1.0234584662756476,1.0171134516387086,0.3658595956085475,0.3811398787662619,0.2913526692384709,0.0036644062582375904,0.030730557991689576,1.0,0.0,0.5,22,23.532199183942943,31.52344484228824
10,11,0.35923008149815083,1.0402215330008868,1.0379567363472293,0.3896771689164292,0.3468862173544149,0.30932901364859045,0.00368386142238107,0.02979118293364368,1.0,0.0,0.5,24,21.49039055586961,5.718976935412739
10,12,0.5609654381656068,1.2532353318326523,1.25983978220483,0.6064753759011816,0.5337087382353598,0.4484790251856734,0.01458291130729468,0.1529552400190595,1.0,0.0,0.5,28,4.314459703018295,9.516864057103156
10,13,0.698401509584133,1.372452126439086,1.3696224536973964,0.7472459070803974,0.7172460615852613,0.4973561629945653,0.01992962912167091,0.34014382215603894,1.0,0.0,0.5,29,42.77081720549028,23.649822466108315
10,14,0.7000515812569209,1.3776653233342744,1.3791015961377417,0.7573039301157616,0.6776871505919536,0.49811990874324696,0.01957193324062245,0.3433142702960479,1.0,0.0,0.5,31,42.992444068469126,23.22134027683135
10,15,0.9541058303071697,1.6536973695671218,1.6570999465378358,1.0064508806424777,1.0274633827485917,0.8122286413535296,0.021940677758253292,0.19076844981894522,1.0,0.0,0.5,32,46.3955630162945,4.495658291391154
10,16,0.9539065672848291,1.6582595328587126,1.6660154712306896,1.023281781307643,0.9084717666806955,0.8122286413535297,0.02194067775825327,0.19076844981894553,1.0,0.0,0.5,34,46.32534910631418,4.508210224802469
10,17,0.9314422580450907,1.5976986142839724,1.5982870347776879,1.0073627463723793,0.9129158900845689,0.7779296530259615,0.013708259212393551,0.25670057889490167,1.0,0.0,0.5,35,39.74707929017498,15.121716048228302
10,18,1.37021719726118,2.0926801146885508,2.106607125912379,1.4342623589730878,1.359904938392532,0.8021616317657043,0.035330889441124794,1.0,1.0,0.0,0.5,37,45.53015932919569,11.83421200471915
10,19,1.328940371844234,2.009139310380198,2.0227829225597365,1.424923705132137,1.3539810370239802,0.8041286189717548,0.031036640992727137,1.0,1.0,0.0,0.5,39,6.6137222039027295,10.67098917216826
10,20,1.3545567008914885,2.033985268807627,2.0475740426200466,1.4632185421142108,1.338080835691797,0.8300396797618617,0.03645764939160271,1.0,1.0,0.0,0.5,43,7.614722496619112,9.170410534257062
10,21,1.351192503699853,2.0274245758085474,2.040788337171016,1.4663757555533756,1.336348071662767,0.8278501147741208,0.03016509143560927,1.0,1.0,0.0,0.5,44,7.242503847845169,9.239507963088702
10,22,1.3900401101934015,2.0705976021347956,2.088291226558746,1.5144616325125124,1.3817996110223394,0.8669172318807571,0.035944040645389606,1.0,1.0,0.0,0.5,47,7.602757708405148,9.842165187818193
10,23,1.3661562121065458,2.0506087534776536,2.0726024717398013,1.5159386295639374,1.3514926125878777,0.843400637382553,0.03648065559139131,1.0,1.0,0.0,0.5,50,7.957008508336339,10.015007024484518
10,24,1.3893588262051024,2.072277149730154,2.094165302061607,1.5425202124142314,1.374620341159058,0.8671198463398602,0.0359470513603928,1.0,1.0,0.0,0.5,52,7.728673160572756,10.020620892067951
10,25,0.9752257509880551,1.6843667726868183,1.7363013196191717,1.3431333215323356,0.9569990093961268,0.455569914882211,0.0492052572800624,1.0,1.0,0.0,0.5,94,8.526796667618946,5.091393243759581
10,26,0.9752256986656935,1.6843667199129255,1.7363012668452789,1.385118968115652,0.9555698964618871,0.4555698621083182,0.04920529195563852,1.0,1.0,0.0,0.5,96,8.526796987383014,5.091393608168816
10,27,0.974266010331533,1.682314407058187,1.73417691889499,1.3573482717221248,0.9626535787918276,0.45491720396717095,0.049932400410191605,1.0,1.0,0.0,0.5,97,8.523383082608737,5.116050764099904
10,28,0.9730734861379868,1.682381844887155,1.734327271948045,1.3704032170634113,0.9615831029246424,0.45337370277970324,0.05030566732101614,1.0,1.0,0.0,0.5,100,8.462348372631428,5.231215323801453
10,29,0.9743476540122062,1.6819567418008665,1.7337903288972758,1.375341511829769,0.969283339740009,0.45512064233404426,0.04977589682176002,1.0,1.0,0.0,0.5,101,8.49413482617553,5.191661007416988
10,30,0.9727114513548103,1.6799262015394882,1.7317336932182419,1.388421446204993,0.960191481932519,0.45359764863617097,0.04977324945283178,1.0,1.0,0.0,0.5,103,8.453147056812428,5.262122151015274
10,31,0.9724385297785805,1.6923848951834088,1.7612287392726935,1.4510063635860135,0.95577749488225,0.4551317586985048,0.049643213855743516,1.0,1.0,0.0,0.5,109,8.486965835244542,5.183700526255868
11,0,0.912045700433726,0.9913226238838222,0.990875913310513,0.06223859912005884,0.0,0.0,0.0,0.0,1.0,0.0,0.5,1,5.100156098832262,60.4501209173922
11,1,0.6719508138550263,1.0288440797254166,1.0264520378434845,0.1328076559158743,0.2224087346208211,0.07524279931697606,8.223195748334e-05,0.00013519524378213002,1.0,0.0,0.5,3,2.885247160831261,39.13541924647727
11,2,0.26093871188947027,0.9412193498969816,0.9372436707746118,0.135638129880463,0.549304174403627,0.09722594384025227,0.00117909825247948,0.00245024547356692,1.0,0.0,0.5,5,2.017008302095852,4.112741512624897
11,3,0.25335211767899746,0.9417989663740775,0.941971596201227,0.13954332018808285,0.11502461909759648,0.09722594384025227,0.00117909825247948,0.00245024547356692,1.0,0.0,0.5,7,2.703665625990078,3.124493664373309
11,4,0.2531815398034674,0.9417007595580715,0.9418683165293685,0.14282336961945272,0.09921495502237825,0.09722594384025227,0.00117909825247948,0.00245024547356692,1.0,0.0,0.5,8,2.6370232092766805,3.182103637804846
11,5,0.18298420679124602,0.8835082206365973,0.8772229270564192,0.12329159254368452,0.40661740688856346,0.08312770575788885,0.00294049032907027,0.00495416640687958,1.0,0.0,0.5,9,3.997036216891941,2.502278859923
11,6,0.17079105775930034,0.8757095350982188,0.8731412863354213,0.13644691163212533,0.13197222217453616,0.08312770575788879,0.00294049032907027,0.00495416640687958,1.0,0.0,0.5,11,5.0581242433990505,1.6216704099425463
11,7,0.16628211474682159,0.8682635150398793,0.8607171990886537,0.13574655825913665,0.15591928871923855,0.08832958160670057,0.0076476645807691795,0.01305246631653513,1.0,0.0,0.5,13,7.629660527311316,4.789068117710198
11,8,0.14868783002157632,0.8440932399709666,0.8394211544243959,0.14673483576344876,0.19287419742645162,0.08832958160670062,0.007647664580769151,0.0130524663165352,1.0,0.0,0.5,15,9.69600407362764,3.579937144786178
11,9,0.1486820484737824,0.8440836721662558,0.8394110891428525,0.14226316179797974,0.0949300325181513,0.08832958160670058,0.00764766458076913,0.01305246631653518,1.0,0.0,0.5,16,9.685920083919893,3.583207033275289
11,10,0.16356455876970283,0.8474697141471199,0.8415411845696015,0.17185889290476347,0.18595204258075143,0.11562509331863262,0.00823434029501391,0.01402785890953449,1.0,0.0,0.5,19,16.294829272301286,1.5790627619902309
11,11,0.1635645587181141,0.8474697141471198,0.8415411845696014,0.17918739958139163,0.1226390623260336,0.1156250933186325,0.00823434029501391,0.01402785890953448,1.0,0.0,0.5,20,16.294829189230423,1.5790627783276507
11,12,0.16898419052538458,0.9045143916382191,0.8970054467517448,0.1942186824724739,0.17087330444905816,0.1186531377577706,0.01372575909756898,0.02345544289238883,1.0,0.0,0.5,21,21.139577071673887,2.1087248775362517
11,13,0.1451150934755555,0.7642613954811175,0.7536508174153608,0.16912906946620854,0.4641788691004905,0.1186531377577706,0.01372575909756898,0.02345544289238886,1.0,0.0,0.5,23,23.766350183328463,1.0543952275500643
11,14,0.145014889783365,0.7685988663332816,0.7623300810809766,0.17677759959700393,0.13274531920510763,0.11865313775777057,0.01372575909756899,0.023455442892388788,1.0,0.0,0.5,25,23.98327929454803,1.0143212585763408
11,15,0.1416280170811793,0.7550658673027145,0.7481797484178208,0.1886292648798719,0.1599845315785972,0.1172104626101322,0.01361913084527334,0.02325846969646892,1.0,0.0,0.5,28,24.04718541597511,0.76058174778433
11,16,0.1411976438646753,0.7562398402156422,0.7535267293126252,0.1933023711631928,0.15914964792053388,0.11704039080329376,0.013952593839394711,0.02382837549861555,1.0,0.0,0.5,29,24.808738966549328,0.8546447451723072
11,17,0.16901838508166325,0.5288358948682981,0.5041517752596859,0.16833840336930198,1.1683384033693018,0.14511425648664947,0.027059794415038564,0.046448293765305,1.0,0.0,0.5,31,46.951749573808165,0.0354979869360378
11,18,0.16901838509308348,0.5288359137397077,0.5041517960664694,0.17716232327744733,0.16833944461483913,0.14511425648664947,0.027059794415038564,0.046448293765305,1.0,0.0,0.5,32,46.951749453730486,0.0354979941140466
11,19,0.16901697346486963,0.5335987839090137,0.5132783483598075,0.18951296393215145,0.16976059444594996,0.14511425648664947,0.027059794415038568,0.04644829376530491,1.0,0.0,0.5,33,46.989781114285066,0.0332744783028669
11,20,0.169016925790968,0.5385396020359539,0.5225920082550886,0.20438252644355648,0.16835029599056459,0.14511425648664947,0.02705979441503853,0.04644829376530496,1.0,0.0,0.5,37,46.97905580598084,0.0338914374352037
11,21,0.16813211116600818,0.49761046373519346,0.4837057077599837,0.19258350551269682,0.3471924615157957,0.14454139370156222,0.02702073772743068,0.04637614477650951,1.0,0.0,0.5,39,47.317360289642245,0.0059771335235644
11,22,0.16713107436678032,0.4572385860154664,0.44541728955912185,0.19764708732963543,0.34056856654609713,0.1437511335499262,0.026966097734418732,0.04627520891929632,1.0,0.0,0.5,41,47.495484505042576,0.0015176621032993
11,23,0.1678111668161203,0.43652103370503287,0.4153597950849411,0.20795644985349865,0.20869644939578214,0.14437654751028806,0.027040217632793517,0.04643968052404099,1.0,0.0,0.5,43,47.43615180539021,0.0039540111638871
11,24,0.16723048249275524,0.44366779390136973,0.43114106687528947,0.23203228474202311,0.17127002804567407,0.14387618135636446,0.026976273616878536,0.04628964702317802,1.0,0.0,0.5,47,47.36077060373056,0.000228835670266
11,25,0.16706456566410427,0.4325008424531535,0.4276424820784767,0.2206790270250684,0.329835416543433,0.1437527336411303,0.02699840228378056,0.04629419110639441,1.0,0.0,0.5,48,47.36006335022099,0.0003200874267383
11,26,0.1670773177304271,0.4324815357906831,0.4276215199438904,0.2418737785998509,0.1669600610537969,0.14376507566861518,0.02699793461628457,0.046295132005055015,1.0,0.0,0.5,53,47.357480911019984,0.0002915115050095
11,27,0.16705054200275046,0.4205392169243388,0.41918278061854897,0.25585644130322055,0.2987286004349987,0.14375305799330837,0.027305763531789817,0.04632407360140385,1.0,0.0,0.5,54,47.35908527183436,0.0003171173865143
11,28,0.16712731723973143,0.4002724853201887,0.39786732146358356,0.27718684326554915,0.1846549341977831,0.14388727860711012,0.02700871569760272,0.04626629753396199,1.0,0.0,0.5,63,47.34503272268684,0.0001416734363896
11,29,0.16671238190883278,0.3784353207247628,0.3708077030580118,0.2829812233192769,0.3232654242517799,0.1437617524877809,0.02734863478747516,0.04573237531769591,1.0,0.0,0.5,64,47.332087238407226,0.0015594988545611
11,30,0.16704199849133194,0.2665966629096424,0.257309908170584,0.2679318238700711,0.46159354622110577,0.14388819553446347,0.029456767271664852,0.0462663444488886,1.0,0.0,0.5,67,47.344835700303726,0.000140974763653
11,31,0.16708527112975746,0.25993796018264653,0.2544245154940094,0.2793765378412242,0.21242187465897702,0.1439280621902324,0.028406345597963838,0.04627922940623068,1.0,0.0,0.5,69,47.35022035375983,0.0001164572610491
11,32,0.1670565638811723,0.22296975040898934,0.2196727821070236,0.33819271719889066,0.1874391405582618,0.1439006013634288,0.026969656807263643,0.046293038819465386,1.0,0.0,0.5,85,47.35117770621601,0.0002340921971012
11,33,0.16701170471907809,0.1767976774954615,0.16700734112164212,0.31757479544732947,0.4920726328554349,0.14386027920498692,0.026970697298899848,0.04629412383331037,1.0,0.0,0.5,86,47.34614003029031,0.0002272900247273
11,34,0.1670110905826523,0.17453922266987973,0.1687511316426906,0.3376240676254153,0.1930519229511731,0.14386027920498692,0.026970697298899848,0.04629412383331037,1.0,0.0,0.5,88,47.35668801575558,0.0002532141434363
11,35,0.1670356932024354,0.17812403716991554,0.17663769787074224,0.37547165109756353,0.16779361365457782,0.1438892803888884,0.02730855810863702,0.046285567591051166,1.0,0.0,0.5,102,47.38096042248364,0.0001611574277967
11,36,0.16750875855874112,0.18755004208625958,0.19476157443005812,0.3983379000235224,0.16890943475696557,0.14392722697035953,0.027193059998852458,0.047155962351248845,1.0,0.0,0.5,107,47.407995030132525,0.0002241364897714
11,37,0.16728435834175098,0.17321463280580077,0.17558121872868254,0.3967887248098337,0.24028726551437263,0.1439271578723506,0.02764570659478267,0.04670883391325969,1.0,0.0,0.5,108,47.39359633586653,0.0014951649163528
11,38,0.1672668881694582,0.173124467807258,0.17548731921351443,0.40011448802862565,0.17083180589287855,0.14401236643678242,0.027579865609847137,0.04650354761317014,1.0,0.0,0.5,109,47.38573559127028,0.000112623246891
11,39,0.1672829414504132,0.16728058719532138,0.1693417591909825,0.4053988075598761,0.20810507879223739,0.14392713194508802,0.02765440257526573,0.04670691050046672,1.0,0.0,0.5,110,47.41602483569012,0.0014528107033333
11,40,0.1671495702753783,0.17934523344113262,0.19438983332146542,0.4481218916180279,0.16931264557621775,0.14393798479742664,0.11401486499398335,0.04641889758684835,1.0,0.0,0.5,121,47.39462126544251,0.0015594493898301
11,41,0.16720957112793844,0.17305879977517538,0.18365817982733568,0.46137010008414686,0.1698817985921314,0.14393036712521315,0.2511946353837816,0.04655432672544192,1.0,0.0,0.5,125,47.3949477019542,0.0006991961292038
11,42,0.16664690185668368,0.17178053374654798,0.1864615483726748,0.48585329180470743,0.21118769467677603,0.14389866606001678,0.03374641358681329,0.04549315936555355,1.0,0.0,0.5,126,47.3578935260837,0.0001709140221802
11,43,0.16710387897516418,0.19106707963075784,0.22319140898602383,0.5518257776779258,0.1675143299636684,0.14397373735492255,0.03282622412105487,0.04625707823116741,1.0,0.0,0.5,142,47.39778057785682,0.0009253688355405
11,44,0.1612870002976545,0.177840876176767,0.20546523405621783,0.5553031633175216,0.18517761771694247,0.14394721426042403,1.0,0.03467675616785001,1.0,0.0,0.5,143,47.36543060650949,0.0008448496922018
11,45,0.16709771991987443,0.18700377600738122,0.2189191952629312,0.5724976424306507,0.16872806296767429,0.14396854261314446,0.0323965542019945,0.04625564211858915,1.0,0.0,0.5,147,47.397693169409294,0.0001417986065502
11,46,0.16709088963562568,0.17976740835831156,0.2113106558518763,0.5781156450463397,0.19606635319920962,0.14395994867764572,0.03605749852432131,0.04626004816360932,1.0,0.0,0.5,149,47.397697826654245,0.0005903061441398
11,47,0.16120319613124623,0.19043621514129316,0.2393057063374518,0.6636108583333516,0.16466036367412348,0.14394334287972674,0.3443440869554874,0.034518267548328554,1.0,0.0,0.5,157,47.366434133086464,0.0006145243190762
11,48,0.16120327519001185,0.1898882009079139,0.23872950917388966,0.6635076528609968,0.16448985990808465,0.14394236924145554,1.0,0.03452046428959149,1.0,0.0,0.5,159,47.36632878689116,0.000817214639961
11,49,0.16121067424399096,0.19894560238309814,0.2564897532996057,0.6985704045654799,0.1633331710437193,0.14394382607942866,1.0,0.034532407105977346,1.0,0.0,0.5,161,47.36663333187752,0.0006604184190559
11,50,0.1613474271213631,0.2015156183129988,0.27154048570329364,0.7801474467943621,0.16567760666346723,0.14393771440378314,0.5819021490943431,0.03481931095746387,1.0,0.0,0.5,182,47.38583473696403,0.0002595804494628
11,51,0.16135251733192588,0.1956692550427294,0.26127442750197055,0.7736785930943357,0.16487434381138993,0.1439381157779875,0.5539643601846688,0.034828773156831125,1.0,0.0,0.5,184,47.38594786919722,0.0003039406739539
11,52,0.16132501259120288,0.200266053249806,0.27022774371301966,0.811153944242445,0.16174563019671756,0.14394958057964027,0.9207824694722602,0.03475086402312522,1.0,0.0,0.5,190,47.38588448528018,0.000258699851829
12,0,0.8011623365293085,0.9797799638921996,0.9787390563795952,0.059691872560211634,0.0,0.0,0.0,0.0,1.0,0.0,0.5,1,14.172135497771617,64.0287881154832
12,1,0.5772491539306518,0.999485611760122,0.9964534505572682,0.11314588004766392,0.20896784649800865,0.05832680175190817,7.776238577629e-05,0.00011914909881736,1.0,0.0,0.5,3,10.382248421420506,36.53748148971759
12,2,0.2538626227442127,0.9332986801148708,0.9293645341391156,0.12706429456401588,0.48865679175873067,0.0889411601730661,0.0007796330721862,0.0015645902873709602,1.0,0.0,0.5,5,5.411923779711557,5.366788990086901
12,3,0.20837913366554559,0.9035208478468654,0.8982550525271792,0.12238471491787871,0.18704810035407915,0.08539244657236746,0.00042869772898124,0.0008418696930941501,1.0,0.0,0.5,7,4.767081985231322,1.7535987081678883
12,4,0.20141608759400723,0.9031045822920116,0.9019358765715191,0.12789308269144664,0.10608628942647447,0.08539244657236746,0.00042869772898124,0.0008418696930941501,1.0,0.0,0.5,9,4.244819978682443,1.7951121963718208
12,5,0.19387919673616538,0.8906582076157821,0.8851098196144026,0.1295736871401333,0.07893132266089167,0.07816904171148631,0.0003069492425346,0.00054218122289476,1.0,0.0,0.5,11,4.273091805028503,2.3802855953592497
12,6,0.19542034839813982,0.8880670849447503,0.8779932792063587,0.12819835644982713,0.10679022800268827,0.08337644130469965,0.00032753837502866,0.00075575470061282,1.0,0.0,0.5,12,3.986808865348484,1.517918236280451
12,7,0.19449842822763902,0.8872604116204863,0.8771627636744228,0.13189336146353195,0.08700833660010819,0.08306157471165554,0.00031642214563524,0.00069774614045196,1.0,0.0,0.5,13,4.089847099323084,1.565987725939516
12,8,0.1778902741935963,0.872655351734902,0.8619447892583731,0.13755145694131796,0.12707438223160827,0.07862790808489974,0.00148888304304468,0.0041656211087314704,1.0,0.0,0.5,15,4.672254497854076,1.0536309649948985
12,9,0.17420057552346674,0.8740095400822931,0.8676138592959973,0.14182591812138862,0.08266234096700542,0.0762369267539599,0.00148002963812384,0.00402662695753733,1.0,0.0,0.5,17,4.791836308724619,1.124386007496446
12,10,0.16736051278419803,0.8674366097057242,0.8608019284767523,0.1482846101916646,0.09452717414734685,0.07498528074011855,0.00098914617627431,0.0026698485965363098,1.0,0.0,0.5,19,4.7110135519730925,1.1373361083927775
12,11,0.17143580234400202,0.8714744294940123,0.8648298589752282,0.16030174909175196,0.0809421623127362,0.07890315900627892,0.00126079598388357,0.00329350062816637,1.0,0.0,0.5,22,3.868433167942544,0.608254404213865
12,12,0.1719938227359344,0.8671100196654458,0.8560874063786286,0.16350687170522468,0.08168485649069422,0.07923176875447169,0.0016262038511125902,0.00399181441137505,1.0,0.0,0.5,24,3.517002061116936,0.7185031625252469
12,13,0.17054957200350251,0.8706069605549036,0.8638778882807956,0.17380467479513206,0.09319030692136208,0.0792965169124932,0.0016338087409022198,0.004054792852135751,1.0,0.0,0.5,25,3.229671635777572,0.6585955698028236
12,14,0.18998059983767832,0.8899159898781627,0.8829353752722761,0.19967536365458022,0.14356235622643276,0.09092572844755177,0.028311041145460493,0.029187554076722477,1.0,0.0,0.5,26,4.6470195101157135,0.1963148439861234
12,15,0.14238183218178788,0.837237443533146,0.8257745607352103,0.15888026937497948,0.06403162076268454,0.0581938747105421,0.00213385069926138,0.00342651466072163,1.0,0.0,0.5,30,2.649975317086215,1.22376479888564
12,16,0.13557707872947763,0.834386238681365,0.82683751953171,0.16711773356570372,0.09603097678646634,0.05835186933845886,0.00327282420766998,0.00534656289983878,1.0,0.0,0.5,32,3.681366528933075,1.133262949892876
12,17,0.13524790696704098,0.8335767519637013,0.8259011860803215,0.17575127772068405,0.08137480955688843,0.05998952235692914,0.0033418297953382602,0.00538036335297295,1.0,0.0,0.5,33,5.484415123377133,3.011846440222225
12,18,0.1379543858944197,0.8403518436159784,0.8368258795430878,0.17845524370930732,0.1027608040571002,0.06669374389236245,0.00250130851843558,0.00431361625318832,1.0,0.0,0.5,34,2.225036027537416,7.368419997578473
12,19,0.13131453844032143,0.8285091123173598,0.8205541628542837,0.17742809812078217,0.06721911128480935,0.060506810263965566,0.0034740380272528203,0.00506462598403626,1.0,0.0,0.5,36,3.1407586485441605,1.1098310808498226
12,20,0.135367614388389,0.8363906765479188,0.832582041175587,0.19329199971059075,0.08748872563461617,0.06824232333707515,0.00278711051386683,0.00427626460877295,1.0,0.0,0.5,38,1.9989407970898363,8.415552208507004
12,21,0.13475133216581692,0.840488616545571,0.8410091071499347,0.20375372501025532,0.07372115438288616,0.06824877420733556,0.00280643295579061,0.0042753918534870605,1.0,0.0,0.5,40,1.9654591031033664,8.146560301220745
12,22,0.13381371444085377,0.8324326623137486,0.8282143799707814,0.2060021479928314,0.1020050173263719,0.06597293299358369,0.00703976197851561,0.01681357855817425,1.0,0.0,0.5,42,2.7846789013004427,1.646088488159122
12,23,0.12631091161981628,0.8223358826428966,0.817745560735677,0.20677125071365415,0.09963987362109687,0.06807896275550328,0.007933451171963129,0.00686198754215152,1.0,0.0,0.5,44,3.9639981468940855,1.6893142808812418
12,24,0.1281652584915764,0.822913682163346,0.8181572125469091,0.2151012836322858,0.08787969341001686,0.06637726527879938,0.007917679701351741,0.017876098190832142,1.0,0.0,0.5,46,2.2716968919266693,1.1274427019310362
12,25,0.12806398208793304,0.822727243860426,0.8179599313088366,0.21508128851856906,0.07698693813329614,0.06620003948789842,0.008161632723478859,0.01827895851662411,1.0,0.0,0.5,47,2.2254354934128067,1.1445790389688002
12,26,0.1152933139396262,0.8146198936276056,0.8141902290397954,0.2077966048971493,0.0683365610173762,0.05723830296240993,0.0032533859376196695,0.01147340396546959,1.0,0.0,0.5,48,1.9197954880623271,0.545389810590365
12,27,0.12600554703992436,0.8184464581867783,0.8134099872885553,0.22534273762723941,0.09395345054019517,0.06695387902403663,0.00863894110060914,0.018666658146620198,1.0,0.0,0.5,50,1.9150050246804,1.0623664083890516
12,28,0.12225585963242366,0.8194220492405726,0.8187329849062436,0.2324120644564452,0.07476477650298323,0.06916903818578964,0.00544387738124027,0.0072942568877170195,1.0,0.0,0.5,52,2.102533123006324,0.8328432540033657
12,29,0.11897385521005352,0.8155049863781908,0.8147431178107888,0.2373803395066824,0.08132433908447165,0.06666680997086502,0.00542205811969958,0.0072929967337208605,1.0,0.0,0.5,53,2.525381741033527,1.4739948927668411
12,30,0.11177972168981651,0.807934870680571,0.8071292430838825,0.24546392670584252,0.06698644759414293,0.06144197293290982,0.00288045737401769,0.00430264019864203,1.0,0.0,0.5,55,3.1521550058373538,0.3608052153835722
12,31,0.10795141885662844,0.7980050232879378,0.7927000189432891,0.23019992715284895,0.07997982402733077,0.05908970311464482,0.00287790965716676,0.003945085784169871,1.0,0.0,0.5,56,3.5051325839466405,0.1405306680301556
12,32,0.10791299371981863,0.8027629448984285,0.8018142246398816,0.24836503516118322,0.06382418746990787,0.059236053730975756,0.0028855646485712798,0.0039296914178885796,1.0,0.0,0.5,57,3.549322408019268,0.1397553071400522
12,33,0.10264919031429642,0.8044306327829597,0.8119191323248436,0.2697731300261895,0.08231895689532893,0.05777529144007406,0.00390300556926685,0.0024076457249075202,1.0,0.0,0.5,59,3.929392597010629,2.0400991954189385
12,34,0.0982987209418417,0.7989394165169036,0.8063140125327884,0.2691616430139105,0.07292456372934653,0.05449435499663181,0.00399736806563438,0.0024120919656726502,1.0,0.0,0.5,60,4.330132696147502,1.6838066964252554
12,35,0.0960415373073133,0.7956382651535002,0.8029108632031826,0.2737135077249164,0.06980019081314481,0.05352135374814935,0.00364212043937932,0.00171814614196147,1.0,0.0,0.5,61,4.359089138339238,1.9672950431005056
12,36,0.09951732084812656,0.8019820068773525,0.8134301727414404,0.2875755297199016,0.07457061795567146,0.056633027403719,0.00585739591986846,0.0059650803545186004,1.0,0.0,0.5,63,4.843639922728638,0.8180152502993039
12,37,0.09622135992936917,0.7911943484320234,0.7980367776863642,0.28209684446831995,0.09344595949941782,0.05694085649885669,0.00430364537328385,0.00270382761551492,1.0,0.0,0.5,64,3.8243316462436354,1.0391253602663146
12,38,0.09367450167044443,0.7891272964861542,0.7999541744291422,0.29358591724663025,0.08821811858297716,0.057349446067793325,0.0038688424454492104,0.0029599968602966,1.0,0.0,0.5,66,3.6391276733698086,1.2028943251475863
12,39,0.08974328515602484,0.7857021306885895,0.8005357054383097,0.30805077550811477,0.08528895168728015,0.05634849782843739,0.00377270471434975,0.0024550808828477802,1.0,0.0,0.5,68,3.2532378948383287,1.1973451746293458
12,40,0.08962866533953462,0.790330645856636,0.8095209848730226,0.32548451533957473,0.058813255349574566,0.0563484978284374,0.00377270471434974,0.0024550808828477802,1.0,0.0,0.5,70,3.274260091819245,1.2081090170974584
12,41,0.10716846754600448,0.8076602711517129,0.8268335577930208,0.3627056287236696,0.07576241686213411,0.06407392738625559,0.00430524352283997,0.0223261607798988,1.0,0.0,0.5,75,3.711560996158525,17.77604800073539
12,42,0.10139999690029781,0.8005760417040095,0.819644544489279,0.3637396132677019,0.07808792785764283,0.06618742285419514,0.00496813744560256,0.00800146273198014,1.0,0.0,0.5,77,3.318041828244872,1.4025919589451108
12,43,0.09451883016804236,0.8013933858753666,0.8290358871788679,0.3802437589211197,0.06967300150717136,0.06119388208736919,0.0049740076198148495,0.006530286311018341,1.0,0.0,0.5,82,2.275247605984497,4.27968647818968
12,44,0.09690832000995661,0.8078542415722301,0.8398021142189079,0.3929070609669189,0.0724139190506404,0.062102398002995156,0.0042779523427479305,0.0103746061678182,1.0,0.0,0.5,84,2.288448039543792,5.353720508627271
12,45,0.09268800746135035,0.7746892004800975,0.7844514256485895,0.39626485148430696,0.07720771788728485,0.06031522470144632,0.00872849221879818,0.00951486753038792,1.0,0.0,0.5,88,2.3833511454288194,1.562327450899118
12,46,0.09267138012341634,0.774661474112057,0.7844229304482684,0.39940337822321703,0.06515722325943797,0.06026707330720933,0.00875639172533535,0.00958557215290439,1.0,0.0,0.5,89,2.382167013224978,1.5649136812889537
12,47,0.09349199001989494,0.7745135530614885,0.7882160493354987,0.40720855896431624,0.13355475214472168,0.059944719346220025,0.00990353636041556,0.01682876781715176,1.0,0.0,0.5,90,2.2507760193174744,1.0706045401986215
12,48,0.09802513968692854,0.7781688253820963,0.7918081798038904,0.41504947838035056,0.08291671643230747,0.0657995421708795,0.01153864078408948,0.014882383925937982,1.0,0.0,0.5,91,1.73648927528538,0.2603078599540246
12,49,0.0917040010308138,0.7667773479163407,0.7800604132826534,0.43154812902445555,0.07952995893245514,0.0591454326131929,0.01181568010330994,0.01925009131421645,1.0,0.0,0.5,96,1.8517898929396,2.1203823797300005
12,50,0.088812585125062,0.762359699855425,0.7755374488140016,0.4287168153680481,0.08228239665118664,0.057241418453936245,0.01082263227008239,0.01831440933055865,1.0,0.0,0.5,97,1.6479788759898903,2.485692002610137
12,51,0.09134772170671243,0.7684268345117067,0.7858807336248641,0.45088323497395383,0.07673805467425024,0.05900018144431485,0.01229334783760036,0.02080598373494116,1.0,0.0,0.5,99,1.72734324778972,4.456163621223404
12,52,0.09486288980143912,0.7714505037862396,0.7888708560989331,0.45768610576416563,0.07814973126453459,0.06242785205176265,0.01208060713720522,0.02130101416511053,1.0,0.0,0.5,100,1.631054021374644,4.166445936871475
12,53,0.09486153190322272,0.7714449367203822,0.7888650041910591,0.454414116756727,0.07312308853153134,0.06242785205176265,0.01208060713720522,0.021301014165110523,1.0,0.0,0.5,101,1.6310244324078658,4.166098687591439
12,54,0.09079269884605153,0.7653707553568386,0.7826547969156268,0.4601148505510115,0.09021725805918576,0.06180431180155606,0.00938842628902045,0.01568444376408443,1.0,0.0,0.5,102,1.6436235134029744,4.2599907234927965
12,55,0.09076343211090906,0.7642637621326316,0.7814751952792237,0.4634346907077991,0.08093789658978483,0.06180126558869695,0.00940756761004276,0.01629718386151639,1.0,0.0,0.5,103,1.67664793594308,4.211187824781415
12,56,0.08976236744043158,0.7668084303173366,0.7882991581327045,0.47540065150742633,0.08357490521316181,0.06117384184715117,0.00972036606526952,0.01639421399438382,1.0,0.0,0.5,104,1.5665147714203158,4.367556401811507
12,57,0.08523310342656346,0.7581993751790218,0.7794200222065333,0.47425220800694223,0.07961876301687565,0.05742900462389279,0.01388554195147094,0.01715862163506137,1.0,0.0,0.5,107,2.630291253920453,2.9790445266104664
12,58,0.08522167690326558,0.7630933167243019,0.7886843986341224,0.487153102852822,0.06621470030620204,0.05742900462389282,0.01388554195147092,0.01715862163506135,1.0,0.0,0.5,109,2.6303588815111087,2.9759053072090427
12,59,0.09218335963660892,0.7537162159204734,0.7701429651003384,0.49136016517764686,0.13788222902902295,0.06459986036077968,0.01539775023419571,0.020090984870019098,1.0,0.0,0.5,110,1.615270706775349,3.210853292355071
12,60,0.09064932248892284,0.755474915071376,0.7761691006517542,0.4997444720136737,0.08149559631015726,0.0632213432956218,0.01598076441605284,0.02057887695012154,1.0,0.0,0.5,112,1.6732794928405452,3.2602348001989845
12,61,0.09563073681394364,0.7572758290003693,0.7777682849296722,0.5075326178649636,0.10973577592280179,0.06818184812013563,0.01734241829641118,0.02209668965912154,1.0,0.0,0.5,113,4.327253094696927,2.0490474857354597
12,62,0.08779469755001763,0.7394526547240234,0.7593239695703888,0.505961340277076,0.16741464634904246,0.06313199316046608,0.01600349239709453,0.02068213036147714,1.0,0.0,0.5,114,4.19072613784574,3.117856743842049
12,63,0.0812224830340064,0.7425453410136844,0.7752205032084801,0.6647451900443008,0.06908217172784516,0.05820671553002507,0.02036818366885773,0.01929831283436694,1.0,0.0,0.5,153,2.350750073306403,7.377770876972808
12,64,0.08920375426306949,0.7459997960938728,0.7743273734413301,0.6776296805506382,0.08116731331586029,0.06063089539757918,0.01216913258855169,0.03025905410997596,1.0,0.0,0.5,155,4.686861434153046,3.143726244973116
12,65,0.0798612250964946,0.7495710655494543,0.7909013835677927,0.7072708018234175,0.06725699478863673,0.05603848592807559,0.01987863791464416,0.0214395603113925,1.0,0.0,0.5,161,2.35104405146513,8.062678116056619
12,66,0.08717378161565523,0.756596507004814,0.7979095485841596,0.7216694055347327,0.07540597766636051,0.05546111918731581,0.01701497374635386,0.03731654597462045,1.0,0.0,0.5,163,2.2743836166728206,8.430514902774132
12,67,0.08581579766485886,0.7547810757207792,0.7960665700887645,0.7297893218002844,0.07696977596843849,0.06128360417689478,0.020029416898896972,0.02311079784222799,1.0,0.0,0.5,164,2.248362802237896,7.437072025301274
12,68,0.08752771047027254,0.7639941209518163,0.813882149107154,0.7474986818255904,0.09667435270642234,0.060171109171954035,0.02039210947766919,0.029560406540490868,1.0,0.0,0.5,165,2.619953357139518,3.330793130229042
12,69,0.09966825275584709,0.7817182595924578,0.8400953635971772,0.7887163505651391,0.09426471425101718,0.06368444230248209,0.02166775364893114,0.04818834094738407,1.0,0.0,0.5,171,2.584580516981178,5.7416198969897705
12,70,0.09955957278346879,0.785844059277879,0.8485520466957411,0.814533657609293,0.0909602232218073,0.06368444230248205,0.02166775364893116,0.04818834094738417,1.0,0.0,0.5,173,2.5978780604469347,5.756052987212633
12,71,0.08231332003694763,0.7486365407744807,0.7979227357976846,0.8289502220556955,0.07455074210375916,0.0570205460356916,0.01318691793173082,0.02852810567352785,1.0,0.0,0.5,187,4.105289050935719,3.754526069737706
12,72,0.0813051536702897,0.7474085447135858,0.7966818232580076,0.8351930337906548,0.07128224919853297,0.05716135979972262,0.01296964289510755,0.026292125835949122,1.0,0.0,0.5,189,4.06313816871019,3.9503890441905263
12,73,0.08248715075539759,0.7525047643345911,0.806090603254887,0.8556027105852874,0.07468880751848452,0.057344518045472796,0.01339254070075982,0.028578818474347338,1.0,0.0,0.5,192,4.111903883281798,3.761409003439428
13,0,0.7738809164035383,0.9766948658367323,0.9754951487813766,0.05901038262375266,0.0,0.0,0.0,0.0,1.0,0.0,0.5,1,16.84228484515595,60.86069765147919
13,1,0.5929452653950283,1.0289721458659211,1.0257898019107143,0.1448995049215277,0.24070821355525646,0.09070816142327158,7.17315021067e-05,0.00016468881387763,1.0,0.0,0.5,3,11.919420065702212,35.80504170853622
13,2,0.46076710788772285,1.012810426599748,1.0080428439649427,0.1551938941237294,0.3451570366904129,0.10159756253806998,0.00252481291072009,0.007647934820698481,1.0,0.0,0.5,4,11.136975669461709,39.91159950477161
13,3,0.4053841509176353,0.9947354665236364,0.9892554828554904,0.14784403002835508,0.20892405790928867,0.10085669150905806,0.00028692600842681,0.00065875525551056,1.0,0.0,0.5,5,7.823916585088227,18.990980273572315
13,4,0.3327989171775782,0.9758792834221505,0.968969784774662,0.15517492024989102,0.3262873165810716,0.10812663719563739,0.00130113752336518,0.00394415055761337,1.0,0.0,0.5,6,6.266483580743143,47.95001833226564
13,5,0.25338896164213465,0.9403616843527478,0.9359033907408583,0.14557016455251523,0.39766907745988883,0.10595417469033493,0.00088315931902723,0.00202765112180733,1.0,0.0,0.5,7,4.345995461705716,4.889994019515496
13,6,0.2371705872071793,0.9253253763607343,0.9159136606495283,0.14275037629564571,0.15200352030002065,0.10683298834592055,0.00114770403370724,0.00263502102204222,1.0,0.0,0.5,9,4.110435905521943,2.878449697043555
13,7,0.22890210263085767,0.920761649403272,0.9108352795890491,0.16061332600594622,0.13304159713303074,0.113148078568532,0.00034167242584956,0.0008717207098505999,1.0,0.0,0.5,13,3.341222746419876,2.3009927143572315
13,8,0.21449888008669185,0.9129503170615562,0.9070557189429725,0.1616469232482098,0.15908773866087297,0.09667141190092428,0.00789219816322159,0.02157176633261167,1.0,0.0,0.5,14,5.986514366576683,2.3327014800921893
13,9,0.20907801713821986,0.9086761396180634,0.9024148901106913,0.17447084799440735,0.12423883701215677,0.10273091300197956,0.00546507661055713,0.015149077673979591,1.0,0.0,0.5,18,4.787733823290548,1.9699176706836703
13,10,0.2088031604342857,0.9084107025624542,0.9021450837842924,0.1766709196115233,0.11079101848840357,0.10255541232021523,0.005488373551583161,0.01514002892676759,1.0,0.0,0.5,19,4.779096786947566,1.9594974918157464
13,11,0.2048094964869287,0.9097034607457947,0.9075929160111658,0.1934485910536175,0.1436182959796718,0.10267797874599013,0.00530168397946751,0.016058187522322808,1.0,0.0,0.5,20,4.604139110536472,1.8127756514987072
13,12,0.2089600045664704,0.9089567126029447,0.9024019328346105,0.1863815166564543,0.12690657646430475,0.1078555566759833,0.0053552465892237,0.01686492916898455,1.0,0.0,0.5,21,5.134027402080118,1.6814429070807144
13,13,0.20401689042907817,0.9040926504335933,0.8974399074246509,0.1854088887269926,0.12831773153628118,0.10525707177366465,0.00575108920126007,0.01614055313959851,1.0,0.0,0.5,22,4.903503261034915,2.5307176962707607
13,14,0.20892043966135157,0.9132563789374061,0.9103174827677031,0.21442142521215782,0.22980138740716013,0.11536764080935241,0.03024070363826032,0.02996747345785462,1.0,0.0,0.5,23,3.2409908132513454,2.4169698445514176
13,15,0.20741883886292398,0.9165155436648347,0.917871834547281,0.22170460803420294,0.13411813281868118,0.11540344211316375,0.03218097666590488,0.02954934760361288,1.0,0.0,0.5,26,2.533997084925483,2.308985708319576
13,16,0.19088924519856476,0.8907518440218611,0.8867346135152507,0.2167775871332428,0.17922542483454387,0.11448778717274632,0.03121187078644081,0.028611847803690638,1.0,0.0,0.5,29,2.247025624375365,2.1316477305688157
13,17,0.19080076057571893,0.8954761605649701,0.895809309925997,0.22517604015955947,0.13073759807055596,0.1147517904459088,0.031167806868149812,0.028523150131029,1.0,0.0,0.5,31,2.256610961991837,2.1633505464892533
13,18,0.1903792307830157,0.8999834986611485,0.9046865282821611,0.2474615025679031,0.12889830776609834,0.11458560189371568,0.03117811299606434,0.028104852800376567,1.0,0.0,0.5,33,2.2926717237111456,2.1744261882078817
13,19,0.1901195657618336,0.8994828457176205,0.9041439245417854,0.2504662363001814,0.1354221149946453,0.10576743787620639,0.037901500698020965,0.04636930794626738,1.0,0.0,0.5,34,3.2704564351472936,1.7218017971625903
13,20,0.19018356153299826,0.8987371339500111,0.9032657316022927,0.2546918190731122,0.15105501368066238,0.10849009900769914,0.036188915203927155,0.04457845588406098,1.0,0.0,0.5,35,3.034260635969985,1.531385619946501
13,21,0.1785046305523571,0.8893155062101578,0.8978337935281563,0.25795386285993477,0.18174719702801745,0.10137300660713854,0.03887358890590198,0.04497329045499579,1.0,0.0,0.5,36,3.483713119443419,1.4591321632301189
13,22,0.17862443504676073,0.8893490981054719,0.8978562137981764,0.2551280717645777,0.12576627052612824,0.10166429783141107,0.03874405833716801,0.044891217106289176,1.0,0.0,0.5,37,3.609885414243268,1.4008422456207086
13,23,0.18676725228637384,0.8907356571027913,0.8946395344556329,0.26500767402861664,0.16959854333952207,0.1130368378438555,0.035947454178804225,0.043752884199847866,1.0,0.0,0.5,38,2.99767736441968,0.9553434951323332
13,24,0.1795297042507644,0.8863019303136821,0.8943239529730698,0.2745582044718176,0.14980213750001953,0.10602017411501659,0.03834525821504725,0.048932571951197316,1.0,0.0,0.5,40,3.1009334864889766,1.3216196997432046
13,25,0.1842407136700233,0.8856691969717931,0.8892746609844397,0.273316680983848,0.14197961343960105,0.10929034604982876,0.03835883632488611,0.05270671129495711,1.0,0.0,0.5,41,3.394492308563126,1.0835097493193269
13,26,0.18335586238678026,0.8811043099046496,0.884311789394047,0.2777441229579459,0.19914169904563989,0.11593729329418115,0.03591324577564559,0.04574476605589894,1.0,0.0,0.5,42,3.151585697689524,1.120058382979604
13,27,0.18238767171932227,0.8840728203910767,0.8915516137650272,0.29566627008199525,0.14642591325245616,0.11593729329418112,0.0359132457756456,0.045744766055899014,1.0,0.0,0.5,44,3.152532805162877,0.8606888617656427
13,28,0.1822161585100098,0.8763846926028381,0.8792373988077774,0.2902150037764192,0.16014047046017374,0.11494651951893249,0.036637896611056854,0.052070341466414496,1.0,0.0,0.5,46,3.357138106180169,1.931103001281247
13,29,0.17641884506020322,0.8802568383857978,0.8918339654692753,0.3243778963834656,0.13572419444799846,0.11245878126761139,0.03949041797600415,0.04585314057172686,1.0,0.0,0.5,56,2.5573744851811577,2.1073920407192666
13,30,0.1757268281114347,0.8786989582154653,0.8901940281053636,0.32708904218684415,0.14782833434313022,0.11146878979495606,0.03907156349297864,0.047904857500796226,1.0,0.0,0.5,57,2.590471290644049,1.83121920246362
13,31,0.17087078824027896,0.8854316257128104,0.9136938019153659,0.39147542138429214,0.1501591851331186,0.10489811940890709,0.062449692391505676,0.06312259977926377,1.0,0.0,0.5,65,4.486986439457265,1.443841395191379
13,32,0.16304374960908943,0.846075815133643,0.8519214704943451,0.4156034671256705,0.13551838825141616,0.11165864185454613,0.01834946453246324,0.0417567572101839,1.0,0.0,0.5,93,3.061850015606961,3.844280479025696
13,33,0.165001807442767,0.8434785560770786,0.8489733166020202,0.4213561566141182,0.1901218786442512,0.11030103466322319,0.01559584666582714,0.05290940498047967,1.0,0.0,0.5,94,3.302948973421936,5.783669767141444
13,34,0.15733564441360123,0.8486005279524158,0.8670623539572897,0.4737312048704266,0.13226334590498565,0.11172280113860703,0.00899925068617871,0.03654980515804745,1.0,0.0,0.5,104,2.708851350641806,4.595364896038176
13,35,0.1559791660623112,0.8432280937455178,0.8613959360378088,0.46958290157770954,0.15251192790700127,0.1091219788682559,0.01264026267205344,0.042427633912559444,1.0,0.0,0.5,106,3.2891197367464744,4.877196215997687
13,36,0.1546054663406676,0.8342983716076117,0.8479058842942561,0.46837426737545756,0.13707166919502248,0.10864356545368087,0.01191039110188995,0.042691054601392955,1.0,0.0,0.5,110,3.2316339957621647,3.1643926833980665
13,37,0.15398022280840337,0.8382053874048698,0.8561566499079118,0.48069480758403016,0.13172958830186227,0.10686839899408362,0.012825840129419088,0.04530376513040202,1.0,0.0,0.5,112,3.4957910494885587,3.3857657045686382
13,38,0.1589314049453828,0.8638946139421118,0.9034311485650903,0.5734507245503644,0.1391874249253617,0.12180624459938397,0.01046451295652761,0.0282351772514308,1.0,0.0,0.5,125,2.9196740883749643,3.281239972631833
13,39,0.14664623282251565,0.8409946658415006,0.8798129604598921,0.5648925152061997,0.23560325018566095,0.11544914176679161,0.01232965938037369,0.02305343244786156,1.0,0.0,0.5,126,3.7786988748968175,3.941887062574831
13,40,0.1472028646941254,0.835609242997561,0.8740394276260468,0.5688514287570544,0.18782254166336632,0.11624479589636483,0.01163674223784687,0.02576972355404708,1.0,0.0,0.5,127,3.4567196659314123,3.793612687447849
13,41,0.14720762525987807,0.8395995808730313,0.882340919201711,0.581701228529745,0.13406529151376112,0.1167679245785914,0.011201551960332689,0.02521872180294374,1.0,0.0,0.5,129,3.581665173257856,3.8898493113811647
13,42,0.1484270407904324,0.8349491040907439,0.8732579883671808,0.553667699705153,0.13164278205459823,0.11298607689901624,0.016585279628372827,0.03567967861881385,1.0,0.0,0.5,140,4.310973692908851,1.679052753816937
13,43,0.15070435097623375,0.8365066173375132,0.8747692648773697,0.567075408090968,0.1367936763243848,0.1152474397566713,0.01767633700962311,0.03606766951430438,1.0,0.0,0.5,142,4.307975746544163,1.7727917649483882
13,44,0.14504299048315503,0.8222443762263412,0.8640311165478501,0.5995093371572524,0.1434013582638638,0.1143743099611535,0.01663596808822753,0.03238231543011544,1.0,0.0,0.5,152,4.228926619106136,2.474409614099472
13,45,0.14409570214192122,0.817362452453848,0.8589085208952455,0.6020548007709396,0.16675791019556555,0.1128832243783443,0.01767883015106991,0.034951384807341015,1.0,0.0,0.5,153,4.257511263960594,2.2166549446596737
13,46,0.14409570279710038,0.817362452590927,0.8589085210323245,0.6020548009283319,0.13035895226370325,0.11288322441995541,0.017678830330555808,0.03495138499827708,1.0,0.0,0.5,157,4.257511210619127,2.216654947958804
13,47,0.14311985107438638,0.815964689761291,0.8574850757098412,0.6048307023913287,0.13334577180104165,0.11238018666713949,0.01770015420962168,0.03415943981781927,1.0,0.0,0.5,158,4.235945742538722,2.2029034836534835
13,48,0.1432586184626847,0.8296358675967385,0.8841962939193104,0.6691844532777509,0.13103357978072824,0.1126571543894389,0.01850252273572722,0.0343521559167192,1.0,0.0,0.5,168,4.12120828293889,2.108040243473728
14,0,0.8584886412612901,0.9859338551051655,0.9852097579965605,0.06104927357452304,0.0,0.0,0.0,0.0,1.0,0.0,0.5,1,10.932011444770088,56.993899169083136
14,1,0.632319351112887,1.021056660795904,1.0183658275956795,0.1295429736188779,0.22204110411701444,0.07325713442052832,8.224179427624001e-05,0.00013941578987276,1.0,0.0,0.5,3,7.097429629303766,36.23721262237092
14,2,0.5111386210310532,1.0160160924004475,1.0119784991812848,0.14734562555100997,0.29811491748385155,0.09209874294219995,0.0025471167294311503,0.004696498223884351,1.0,0.0,0.5,4,6.032919604580631,39.91979488339543
14,3,0.2658245468813201,0.9386014712291916,0.9350461319691733,0.12665073571449526,0.6767012462970422,0.08658431967847037,0.00127837757123052,0.0021670978900347,1.0,0.0,0.5,5,2.1466079467530346,5.616389889896063
14,4,0.25025425122334166,0.9315762676935545,0.9275333876881912,0.13191829652725565,0.12706628290837613,0.08980590551350305,0.00037564645748008,0.00061505499308841,1.0,0.0,0.5,7,1.7227244673453563,1.9306025734111247
14,5,0.24290529141012104,0.9322404280860436,0.9323502100975339,0.14489480874372995,0.10639649461809463,0.08980590551350305,0.00037564645748008,0.0006150549930884201,1.0,0.0,0.5,9,0.9920762594596816,1.708427419764162
14,6,0.23067689692873272,0.9134843696396738,0.904588564840816,0.1482904718957568,0.0960899833488774,0.08546402522152936,0.00091394895037763,0.0016466282878993099,1.0,0.0,0.5,13,1.7310522742961605,5.828855504724293
14,7,0.22706140822921167,0.9116962269091387,0.9026419940500847,0.1556534755157687,0.11153536827114315,0.0869446205914735,0.00073324670351704,0.00126440204140401,1.0,0.0,0.5,14,1.8056092405470328,4.537420812846848
14,8,0.22125712531774716,0.9105709708018324,0.9010390997967272,0.15092806127683853,0.16882380476386205,0.09454493883485997,0.00121629457825365,0.0023717750534247998,1.0,0.0,0.5,15,1.692222179891777,9.16520570731891
14,9,0.21526209909062777,0.9110507197788699,0.9056620029833616,0.15663000821110798,0.11269325348606724,0.09454493883485997,0.00121629457825365,0.0023717750534247998,1.0,0.0,0.5,17,1.0421890499251063,9.286962637811907
14,10,0.21522677292445233,0.9159714398544946,0.9149545205857056,0.17300658362033966,0.09583333530633309,0.09454493883486001,0.00121629457825364,0.0023717750534247998,1.0,0.0,0.5,19,1.0057948979633968,9.303293086269589
14,11,0.22405869613124782,0.9199320014177507,0.9145337875846673,0.1848958601541533,0.1052502404038504,0.10276629661959782,0.00231310169697901,0.00406135142027874,1.0,0.0,0.5,22,1.8919660171550712,84.0301511816417
14,12,0.1904567352303292,0.89535284052328,0.8932117678312358,0.19003804378424954,0.1812723701202349,0.09562803212252279,0.00161670141199769,0.0026422667950641797,1.0,0.0,0.5,24,1.3582634273699958,16.761938383196444
14,13,0.1679835422235581,0.8775222745100552,0.879081461983149,0.18539532079523705,0.13812475000761357,0.08282771629477738,0.00803973077349438,0.00883016339220965,1.0,0.0,0.5,26,1.050621093047858,101.2242415070498
14,14,0.1679243643389371,0.8824039496390395,0.8883329382049355,0.20234784680118903,0.0874969955079052,0.08282771629477738,0.008039730773494399,0.00883016339220962,1.0,0.0,0.5,28,0.9130001912550132,102.42547241083872
14,15,0.17957471314520163,0.8928418407122568,0.8983162239196324,0.2167141272138582,0.14114418734562095,0.09401504368430334,0.04004029387120409,0.02499338277009443,1.0,0.0,0.5,30,1.5675414897317108,194.0362785209803
14,16,0.17457997978442868,0.8873822784303026,0.8927313012901941,0.21315048067430192,0.1219381669451247,0.09232190787541085,0.07069437971127882,0.02233233520568942,1.0,0.0,0.5,31,1.568105130480716,209.77006135376723
14,17,0.19506422206843896,0.9024769370746052,0.9033447120941089,0.24961246503662823,0.1492454344465312,0.08960450944043284,0.5665919623861917,0.07204901423264548,1.0,0.0,0.5,32,2.6687205082533065,4167.82021976406
14,18,0.1948607968158278,0.9071623118000356,0.9123897590145761,0.2582840596875708,0.12659055385074297,0.08960450944043288,0.5665919623861918,0.07204901423264544,1.0,0.0,0.5,34,2.5062596385399005,4171.155403288612
14,19,0.1948581738294584,0.9121059606384286,0.9217064124858407,0.2733039466783287,0.12563378878040185,0.08960450944043284,0.5665919623861917,0.07204901423264548,1.0,0.0,0.5,36,2.4856990587255328,4171.588446693692
14,20,0.18226712906106562,0.8978428891139377,0.9070534160842647,0.2530887884867869,0.14626852988826544,0.0829054708013268,0.025258545376824693,0.0720697838732153,1.0,0.0,0.5,38,2.8129339240932576,69.09614712555464
14,21,0.16230686095604926,0.869946352448015,0.8743429822545274,0.2548350682415864,0.13646556605046692,0.08812570768687478,0.00844439387622615,0.03285303753340384,1.0,0.0,0.5,40,1.5826227787429523,32.513931575805024
14,22,0.16230686217910711,0.8748933981401515,0.8836631988874754,0.2735017154141425,0.10455245068040747,0.08812570768687475,0.008444393876226131,0.03285303753340384,1.0,0.0,0.5,42,1.5826249514310016,32.513932553531184
14,23,0.16230686223626184,0.8847874329101955,0.9023035281194536,0.2861563651402924,0.10455225448194183,0.08812570768687475,0.00844439387622614,0.03285303753340383,1.0,0.0,0.5,46,1.5826250529585415,32.51393259921942
14,24,0.16230396652711154,0.8847829981289193,0.9022988726016336,0.30202786139466414,0.10458647796471948,0.08812570768687475,0.008444393876226131,0.03285303753340384,1.0,0.0,0.5,47,1.5768062820780304,32.511318635347195
14,25,0.1586761713378229,0.8718407621177675,0.8844075034530267,0.29652968369792204,0.19487076482404905,0.09125053424307959,0.00893799459217104,0.03298970233249946,1.0,0.0,0.5,48,1.205194472648079,36.77561537724056
14,26,0.14357110317150337,0.8701129055660249,0.895627480627429,0.32202110750969337,0.09821572524020303,0.0908702999872651,0.01796158827698745,0.00728107557112094,1.0,0.0,0.5,55,1.4957634788591767,5.766780057517157
14,27,0.1429602578674474,0.8740131406046857,0.9038512200317798,0.3420746115357406,0.09818332975493059,0.09080463260891161,0.01609210424100069,0.00724801323307659,1.0,0.0,0.5,57,1.4805205908787462,5.341031216674461
14,28,0.14196411166273878,0.8778902654385405,0.9120931265665305,0.34790335191694316,0.09479630902886613,0.08921938505767404,0.01517949345711119,0.0086045758642656,1.0,0.0,0.5,58,1.4989061557133836,7.6736051574985185
14,29,0.14154825349654765,0.8572325453048453,0.8738919056025447,0.3165768255331666,0.10132100966628624,0.08085887291923984,0.01808886804946614,0.02556172037703015,1.0,0.0,0.5,59,1.6072877227977638,5.947641233434132
14,30,0.14012106054376144,0.8638596676889015,0.8890653272596722,0.3403914362968973,0.10433978639442454,0.09133954990698785,0.01626469836551831,0.00583846750900248,1.0,0.0,0.5,62,1.1541839594750922,14.989347335644627
14,31,0.13301832871411481,0.8514137959857718,0.8760829440735852,0.3560287659671827,0.132943422104676,0.08678633538368995,0.03041836075863147,0.01089685160444215,1.0,0.0,0.5,64,2.198526802266416,7.203308629551676
14,32,0.1324469630929662,0.8550815676867041,0.8840580281583489,0.3732464771587783,0.09712723660347018,0.08678633538368995,0.03041836075863147,0.01089685160444215,1.0,0.0,0.5,66,1.632430755370094,8.441947305923566
14,33,0.13290844491184284,0.8644601386793345,0.9020901806599538,0.39627915389590873,0.09638093989100766,0.08939403178162308,0.02168494741888668,0.0082526681917932,1.0,0.0,0.5,71,1.5786986631634763,9.72752182925868
14,34,0.13164063703004478,0.8713930051678364,0.9176169060022278,0.43161211274152833,0.09805609458830314,0.08939403181931894,0.02168494847948525,0.00825267056943603,1.0,0.0,0.5,76,1.3050745348660728,10.529816046023535
14,35,0.11791731111393061,0.8715315861305458,0.9307874674546591,0.5693657057406656,0.08082422920386774,0.0779286608523134,1.0,0.005178777330186899,1.0,0.0,0.5,120,1.565780296853787,18.88534785812241
14,36,0.11628354259751467,0.8662402703896169,0.9251791551657232,0.5997458436729884,0.10664128583993575,0.0777134940249734,1.0,0.00734184823563435,1.0,0.0,0.5,122,1.7672225445688847,22.09751999469252
14,37,0.1159317396125062,0.8702105188647236,0.9334698464692076,0.6234287077047264,0.08544102344853144,0.07769774937728997,1.0,0.0074687252750087595,1.0,0.0,0.5,124,1.7664728142106907,22.060754012987225
14,38,0.11785866583449657,0.8562895245489536,0.9063449840475514,0.6157058710016239,0.08565487274793053,0.0797819593378343,1.0,0.008417535681534399,1.0,0.0,0.5,130,1.3626159907288973,20.031680599534862
14,39,0.11735331347113732,0.8598879060764704,0.9142471403559639,0.6396905022180077,0.08919960716332766,0.07978195933783426,1.0,0.00841753568153439,1.0,0.0,0.5,132,1.5838496791786338,19.922627887452464
14,40,0.12105097826189888,0.8782253151560824,0.945687470886845,0.6748246426525202,0.08794292967197517,0.07765993810621948,1.0,0.02029752399300349,1.0,0.0,0.5,151,1.548804812288228,14.458773277847843
14,41,0.12075218690014677,0.887501599557454,0.963683878492682,0.7179199455691314,0.0884865480669496,0.0771008090854831,1.0,0.02119756350766509,1.0,0.0,0.5,156,1.5589401393926732,21.830296533658053
14,42,0.11667360937374789,0.8793132797657695,0.9551659455168873,0.7218326196570937,0.10253874290462454,0.07582856400318956,1.0,0.02017140173052526,1.0,0.0,0.5,159,1.630369415222193,16.381346614919526
14,43,0.11641903213224696,0.8833991646162369,0.963577221345096,0.6916956201198513,0.08962749857635062,0.07648244832709379,1.0,0.01899742777045483,1.0,0.0,0.5,161,1.7055318815160383,14.11637993830234
14,44,0.11319594790485778,0.8759213248688096,0.9557698487224869,0.7554495667226651,0.09504489132291795,0.07548554322553096,1.0,0.018837545381514758,1.0,0.0,0.5,166,1.2749452348182926,15.238650519891896
14,45,0.11461388629013082,0.8798566357213727,0.9679115269896257,0.7870030261053936,0.12980002274103258,0.0789224389532143,1.0,0.021023463155589207,1.0,0.0,0.5,168,1.4716294885605636,13.613896883207383
14,46,0.11956134925794067,0.8819793354733121,0.9698325234652595,0.8620227726690053,0.09827037918276237,0.08164002872210821,1.0,0.027671583449385827,1.0,0.0,0.5,179,1.6066624923287192,41.21609614803618
14,47,0.11763519055929697,0.8739945028089948,0.9573970359881006,0.8085573342530304,0.09680512971528563,0.07984697797688553,1.0,0.02819206309756748,1.0,0.0,0.5,183,3.27584723738914,26.799186153544508
15,0,0.7615723139278434,0.9752671304655283,0.9739939133395903,0.058695226871428835,0.0,0.0,0.0,0.0,1.0,0.0,0.5,1,17.565860363815727,64.47380944355919
15,1,0.5896472126807414,1.0284734331655088,1.0252598475086259,0.14487362759324773,0.2376165101686767,0.0908087878564817,7.271311811418e-05,0.0001776305341127,1.0,0.0,0.5,3,11.202928531728318,39.60769950847335
15,2,0.49464649890717205,1.0600368503785318,1.055031398085061,0.20601837103311887,0.42825941102205356,0.14948375417107923,0.00251466979478372,0.015570936205701541,1.0,0.0,0.5,4,11.940140620190585,39.985762365787465
15,3,0.3478780285139917,0.9828900958272019,0.9807679832049552,0.14921097042121922,0.3294241974066914,0.10356775899154748,0.00044853068391003997,0.00109571349730538,1.0,0.0,0.5,5,5.041614261767722,17.38135728583299
15,4,0.3550592913089198,1.005982907615287,0.9987900939577875,0.18956591533105546,0.2511942183963674,0.14176522499446134,0.00129440463137832,0.00788048238894672,1.0,0.0,0.5,6,7.164133781995631,47.165255603722926
15,5,0.2634505697424051,0.9469735367702847,0.9427730297668298,0.14967759316262133,0.31750324109141714,0.10825383896067076,0.00025897589862455,0.00063681932457181,1.0,0.0,0.5,7,3.320368633153659,6.590441971113148
15,6,0.27416668396438276,0.963364294176841,0.9587330987695379,0.1759166933446804,0.199211389438395,0.13116552958013042,0.00082386243864817,0.0043281563817027194,1.0,0.0,0.5,8,3.2132223389618204,7.837012184149425
15,7,0.24688846486032417,0.9380786555564393,0.9332574863196637,0.1541123238114424,0.14028612988206968,0.11131481185436197,0.00033646456252829,0.00083862097807577,1.0,0.0,0.5,9,3.1477854452127723,1.9998336398536412
15,8,0.24110008781332865,0.9390414748786191,0.9383883351097714,0.15896131434763835,0.12690612148335584,0.11131481185436205,0.00033646456252829,0.0008386209780757599,1.0,0.0,0.5,11,2.9320355821468485,1.8167804912734464
15,9,0.30662663123786005,0.9971375531565717,0.987437585055673,0.23994734526231426,0.23154200264886438,0.16481271194137606,0.0025575749708804,0.04149995810016979,1.0,0.0,0.5,12,4.096813497095506,42.05525335373319
15,10,0.24659230746049904,0.9426180579834077,0.9371931392483456,0.1813361720654805,0.14230983296514413,0.12634168980787278,0.00062979791549746,0.00331969988010822,1.0,0.0,0.5,13,2.646669616179383,5.358762389896127
15,11,0.24293793954920148,0.9346019270765494,0.9247091672036054,0.1802991044530973,0.14109349882991454,0.1254098634230646,0.00050851003970448,0.0027242390242053,1.0,0.0,0.5,14,2.84194097313212,2.694062654673467
15,12,0.24804619292576216,0.9397323879857373,0.9298360430901689,0.1964394411331029,0.13251873546048495,0.13032571604635984,0.000523957316356,0.00329234917127956,1.0,0.0,0.5,15,2.9770064677959214,1.6487805026763729
15,13,0.23827245969831717,0.9355159994869332,0.9298838000058106,0.18641245495272127,0.1414134484970234,0.12346606098816765,0.00054085763088848,0.0029203278385282203,1.0,0.0,0.5,16,3.7070573093871726,4.290522670432771
15,14,0.22905301325729266,0.9237138158086778,0.9130714913807426,0.19873588180814314,0.22699668529659317,0.12803253060804157,0.004725207171772021,0.00482239954858774,1.0,0.0,0.5,17,2.859440449207024,4.837927929753038
15,15,0.2123160448081862,0.9121757121974792,0.9057396692030432,0.205554491242289,0.12077335695864723,0.1133205177697616,0.00118696756027201,0.007760418472225419,1.0,0.0,0.5,24,2.5224405891509445,4.655425488902122
15,16,0.23291114228679008,0.9328674140037384,0.926345904295579,0.2302522025534702,0.1524740248197403,0.10995953718188439,0.00378116434759253,0.05918560390964019,1.0,0.0,0.5,25,2.754557510264891,6.0394224293487895
15,17,0.297369463393357,0.9967597127692146,0.9894483404033969,0.30881322582292847,0.33823626358011616,0.09766098235654128,0.00492397628154902,0.2422533932681155,1.0,0.0,0.5,26,3.463386778611508,16.252788663476785
15,18,0.21741906019076968,0.9315450455094461,0.9373086711087352,0.2399062273459695,0.1429638836385988,0.12586589481895924,1.0,0.027462015025297198,1.0,0.0,0.5,28,3.045359581987922,8.648044644787495
15,19,0.8311031179693023,1.5394612347360714,1.5405736195925874,0.857351284848212,0.7999084757581304,0.25786109695968357,0.00153155451326525,1.0,1.0,0.0,0.5,29,3.5583769593564147,49.776762150149416
15,20,0.23794378260812118,0.9445308659507552,0.9452103828476275,0.27439082834604017,0.23719930529880368,0.1373035277850619,1.0,0.06807271431923227,1.0,0.0,0.5,30,3.7868668120030495,15.752555042523602
15,21,0.2392667583657384,0.9497055818995128,0.9545549523460328,0.28599548702380934,0.1906954976393825,0.14144933928472986,1.0,0.06813472067183957,1.0,0.0,0.5,32,4.050700176226219,16.57694159941246
15,22,0.2707414784627723,0.9792098154226381,0.9837287995607387,0.3150742198928956,0.26156679615289663,0.11858639600171256,0.08560847794819365,0.1857055581238195,1.0,0.0,0.5,33,4.911352434048457,4.276194140209865
15,23,0.2620207764001016,0.970391102758612,0.9748972081486339,0.31187413487822235,0.2046091919757235,0.12670868993500495,0.052651251175955024,0.15232201434462844,1.0,0.0,0.5,34,7.740076987082759,5.825363789391637
15,24,0.23146354953301657,0.929556146243908,0.9289566406714742,0.2874583654877308,0.2942334415907834,0.12551834667880987,0.057130138321135226,0.11138387047661005,1.0,0.0,0.5,35,4.300127016424149,4.975364639961029
15,25,0.18585553844299363,0.8760891399573452,0.8708032518545353,0.24359644477827613,0.1840037632759925,0.06416568062725658,0.0223731201332638,0.14921850992688132,1.0,0.0,0.5,36,8.37663971624687,6.835610176979335
15,26,0.2517789217410285,0.9459450423679818,0.9487973523338973,0.3213475263959262,0.30256493388006683,0.12505504837565992,0.08816313880539198,0.17098942009637033,1.0,0.0,0.5,37,5.84523148265561,4.962400623773446
15,27,0.2481222101507779,0.9404233737325188,0.9431001531265841,0.32143254605795374,0.2348657633688595,0.1222685684139023,0.08878077261644125,0.1723384153530926,1.0,0.0,0.5,38,6.086370342346793,3.916650325681992
15,28,0.25414036567113507,0.9483114438433013,0.955082070589014,0.35854569176181394,0.22385613112147348,0.12286496463898783,0.10204889431532635,0.18787899650939932,1.0,0.0,0.5,44,5.149841294618611,3.8271269875604297
15,29,0.2744570127778647,0.965504533210148,0.9720034275666359,0.3921972172301718,0.2805180191877141,0.12278910106616425,0.12278958355671463,0.23297390865246248,1.0,0.0,0.5,45,4.291436497141352,3.545095818230807
15,30,0.19786794524385237,0.8893695800915725,0.8998692762308683,0.3167464349113773,0.19351685650524036,0.11191638664732356,0.053602057900135426,0.1070223889909239,1.0,0.0,0.5,47,4.292336271652133,2.916842587696076
15,31,0.23137054857059636,0.9225888832536824,0.9330659844459226,0.35345127091968565,0.2024061377819558,0.10577445384950208,0.07370045688875926,0.18662260791810167,1.0,0.0,0.5,48,4.359219074940604,3.779223898679679
15,32,0.91383398242099,1.5975718231326557,1.6114708098329005,1.0665597873180028,0.9081563841898335,0.3876004042600533,0.07196460057835369,1.0,1.0,0.0,0.5,55,3.863574417313656,3.516071245980735
15,33,0.9384593075179186,1.6257507538281857,1.6439216777380503,1.0978393465340317,0.9204418261266298,0.41279848256722157,0.07459387036644993,1.0,1.0,0.0,0.5,57,3.8696013490535615,3.7849547905554735
15,34,0.949911321796066,1.6365799842162114,1.6547059675167877,1.112619849754009,0.9313016399155496,0.4245009496956476,0.07625303392474907,1.0,1.0,0.0,0.5,58,3.811623826201674,3.896645016766135
15,35,0.9762427245037174,1.666404186997804,1.6887990237719073,1.1555688790574954,0.9566630633336675,0.45140406584335374,0.0813498704165443,1.0,1.0,0.0,0.5,61,3.736123306004666,3.7958450776509607
15,36,1.0143298169922272,1.7087195058251368,1.7354362920041007,1.2069151192221146,0.9975172313710132,0.4897671264687378,0.08885276048967589,1.0,1.0,0.0,0.5,62,3.625466904204294,3.762813863727005
15,37,0.9677366642125615,1.6621059813549361,1.6888213188904786,1.1740176166806178,0.9432908548434147,0.44318177701319855,0.0814618303948938,1.0,1.0,0.0,0.5,64,3.735656271939445,3.703779874314118
15,38,1.513951594580366,2.19946416439681,2.2255607563063484,1.7241537619530962,1.5164521560841389,0.9925594628266404,0.15088139186377114,1.0,1.0,0.0,0.5,68,4.949279917353544,4.79880990935911
15,39,1.5202980535690218,2.2020315374469535,2.2278772589112137,1.7338622667682553,1.5363813231682633,1.0,0.15081195491014976,1.0,1.0,0.0,0.5,69,4.871104098252102,6.129114789447893
15,40,1.4913172138805222,2.177256882654303,2.2074248434450396,1.71189695038959,1.4797993686973516,0.971267368968266,0.1539485765381437,1.0,1.0,0.0,0.5,70,5.128253934923906,4.270606916961557
15,41,1.4983105044606795,2.183555520291812,2.213676658940808,1.7223345055345118,1.4859480770957116,0.9784756462954596,0.15387841457493062,1.0,1.0,0.0,0.5,71,5.126587392939529,4.439890305464719
15,42,1.490289394531071,2.1773576321744117,2.211649272919031,1.7281025534815249,1.4857660617605577,0.9712673451606516,0.15394857961805364,1.0,1.0,0.0,0.5,73,5.108947595464695,4.545993589463102
15,43,1.4971907245376717,2.1831200195828893,2.2173372347325264,1.7384639325399505,1.4897516483633955,0.978475622236451,0.15387841765356952,1.0,1.0,0.0,0.5,74,5.105536454580284,4.721285140815408
15,44,1.4935166406799048,2.1744072945592507,2.2042453707493808,1.745198516011504,1.4752802568469974,0.974826058688747,0.12295212563868338,1.0,1.0,0.0,0.5,76,5.099585544087123,4.723682527996795
15,45,0.9829201652186089,1.6826508652210213,1.729918540046391,1.2809338888377932,0.9655399377272154,0.4645063897846898,0.5422626695934272,1.0,1.0,0.0,0.5,86,4.795033534631835,5.465599144037774
15,46,0.9496519505365657,1.6422935430270182,1.6850509757323597,1.2671905144118643,0.9331981075985509,0.43175890693233726,0.2632980913570406,1.0,1.0,0.0,0.5,92,3.7522206359299606,5.720561977725942
15,47,0.9534978142310108,1.6434347757617314,1.6860187511336107,1.2709567680777778,0.965607811762061,0.4362692713097016,0.2632845094715912,1.0,1.0,0.0,0.5,93,3.759135176034232,6.051580137214716
15,48,0.966255640685866,1.6564397112874705,1.6990394814375263,1.295253702017623,0.9571939339153803,0.4489676785279109,0.25832316920662796,1.0,1.0,0.0,0.5,94,3.766171026477237,6.002515291777394
15,49,0.8927109991381417,1.580202757466218,1.6226312366572806,1.2066162452598754,0.8995164084635878,0.3760578863341682,0.16240217918433084,1.0,1.0,0.0,0.5,95,5.995032602141421,6.000825032432927
15,50,0.9226918333888225,1.6133561446230638,1.664109668494397,1.2734430458065789,0.9181155713769935,0.4075007123028458,0.43819970961032356,1.0,1.0,0.0,0.5,101,6.046728360727584,4.942460306027096
15,51,0.9393545368160883,1.6305589374465832,1.6854136999336853,1.312257769716692,0.9353181230666414,0.4250385858767498,0.42949588303743474,1.0,1.0,0.0,0.5,105,6.130864273180372,4.899368671727926
15,52,0.930394890603401,1.6263228154165383,1.6855370115835369,1.3259632639660521,0.9171760575791122,0.4161220523020221,0.42044858303285515,1.0,1.0,0.0,0.5,107,6.608970071795915,5.298482201566103
15,53,0.9302724510996989,1.6309693097733255,1.694545743288653,1.337700173847851,0.9168445720364197,0.4160334080260367,0.4198373335490156,1.0,1.0,0.0,0.5,109,6.648518281810649,5.304237151272472
15,54,0.9051950911892228,1.6057939110756378,1.669364378147411,1.286185946627159,0.8912502591472367,0.3909744647975213,0.4367094234047677,1.0,1.0,0.0,0.5,112,6.346255644696903,5.411837364622182
15,55,0.9324994172230264,1.6369050921726547,1.7047789758832936,1.32068620749305,0.9238270648308065,0.4184938504890019,0.42044747166021257,1.0,1.0,0.0,0.5,114,6.61516155910994,5.393272838536687
15,56,0.9234596338600516,1.6212864899638626,1.6846876986782373,1.3078827659757004,0.9247663085765963,0.40975485842406045,0.2558976335624422,1.0,1.0,0.0,0.5,115,4.228325683743395,12.88628531478884
15,57,0.7963202882679998,1.4863302506271618,1.5492600921919981,1.2241111494432404,0.8077203179989738,0.28395490440284393,0.47129036533265456,1.0,1.0,0.0,0.5,118,6.57181047043698,6.370092042407834
15,58,0.8069651544408076,1.4958490187361728,1.558711633052333,1.2488754759699732,0.7981666310591489,0.29477988544038614,0.41622476530835445,1.0,1.0,0.0,0.5,121,6.6882610503485145,5.650812709573448
15,59,0.8283827920455088,1.52143780547871,1.5886273247273288,1.2757387266214812,0.8233103349487669,0.31631985841331633,0.4053230911568143,1.0,1.0,0.0,0.5,122,6.364636647899237,4.984701663794344
15,60,0.8882450258524476,1.5790452596936684,1.646100757935362,1.331788553245679,0.8968963826201829,0.37653104820117617,0.39551123165352103,1.0,1.0,0.0,0.5,123,6.491565360137128,4.73953142989493
15,61,0.8902281823816691,1.5801412578987961,1.6471441795795274,1.337281232051148,0.8866266125437006,0.37864838596991995,0.39550432049369,1.0,1.0,0.0,0.5,124,6.497407183245605,4.815764489557493
15,62,0.890104087733788,1.5841176620694382,1.6554437714622705,1.3496549624619287,0.8823761536366757,0.37864838596991995,0.3955043204936898,1.0,1.0,0.0,0.5,126,6.406105205762951,5.006732007827019
15,63,0.8049411484751219,1.490419905735839,1.5571615875039437,1.2587036049854006,0.825969630644888,0.29400173514992023,0.3198582922072363,1.0,1.0,0.0,0.5,127,6.442547331957398,4.69607680912141
15,64,0.8006212552475233,1.4921434949797079,1.5674062312524728,1.299299713347637,0.7970249290200904,0.29020732420160267,0.3689229068881539,1.0,1.0,0.0,0.5,132,7.11259837965021,5.102549372094346
15,65,0.7811004618796646,1.4755855419562676,1.5551056083488117,1.2997169976975764,0.788807093358043,0.2709518258277116,0.32063553786340643,1.0,1.0,0.0,0.5,133,6.613845562312369,5.268521129977005
15,66,0.7705589849503027,1.4689643840339954,1.5527983837311479,1.3433389541675391,0.7611062720153239,0.26053442908306984,0.3154918021546251,1.0,1.0,0.0,0.5,148,6.411396584999732,5.124706045145606
15,67,0.7574461725159229,1.474001970222747,1.5752337101220888,1.3926937920251399,0.7487309156795824,0.2476270408301264,0.3195277122718614,1.0,1.0,0.0,0.5,161,6.265315590019376,5.044987890575273
15,68,0.9665608736768214,1.6877512872155074,1.7933379572687524,1.665462958769824,0.9570859784866356,0.45678418898989553,0.29304404254280614,1.0,1.0,0.0,0.5,171,6.421159350199738,4.634397459218542
15,69,0.9699005500399944,1.6890509908831208,1.7945197759075535,1.6724638765726105,0.9782998966283483,0.4603736645874644,0.2930361087287575,1.0,1.0,0.0,0.5,172,6.438064754203236,4.778619016663038
15,70,0.969554654331538,1.688618129828268,1.7940819028390287,1.6760195972109306,0.9608020410072331,0.4600382649279351,0.29303314619706156,1.0,1.0,0.0,0.5,173,6.440004255731959,4.777962458509952
15,71,1.0254741474703404,1.7341273596001345,1.8308152331791747,1.7405358043429748,1.0170901377004904,0.5160165696300926,0.2833267613301099,1.0,1.0,0.0,0.5,177,6.438385159869662,4.818377020732846
15,72,1.024191124269461,1.747602755123972,1.8574053233881902,1.7657810189730487,1.0150969723672771,0.5147432036279332,0.28332875543241814,1.0,1.0,0.0,0.5,179,6.439818108282679,4.818316738908141
15,73,1.018345529545325,1.7345728905945874,1.8398735843263194,1.7674679582506423,1.0286988179657395,0.5091603842245431,0.301532397240198,1.0,1.0,0.0,0.5,180,6.418810551075399,4.737563357337846
15,74,0.9838191393911327,1.7293707973039043,1.86088991889086,1.8160004764354627,0.974832588616005,0.4746755339597985,0.30185708911105,1.0,1.0,0.0,0.5,200,6.429935384673964,4.737450960181862
16,0,0.8257579796179828,0.9828838956145335,0.982002756430668,0.06045188025945388,0.0,0.0,0.0,0.0,1.0,0.0,0.5,1,13.415851518816584,71.1332108496322
16,1,0.5879446176869734,1.023830917478371,1.0206502254787067,0.13973830357178288,0.2579041326162388,0.08553646071100358,6.132729970514e-05,0.00015913061558032,1.0,0.0,0.5,3,11.399456311716854,37.47733359429674
16,2,0.5515240605047239,1.1157355583360014,1.1107518047339302,0.2613896300613535,0.4852129453959851,0.19255759485157556,0.00253677528376493,0.03997764714615541,1.0,0.0,0.5,4,14.235165042009791,40.06736049598877
16,3,0.2533855738397744,0.9445981423782497,0.9397616336281952,0.1520082675595286,0.7576381624913792,0.11691985230622214,0.0009489196936240899,0.00326317089330501,1.0,0.0,0.5,5,4.07224649681947,2.794063081377824
16,4,0.24018009354707906,0.9340611550743931,0.9289302839131934,0.15083581775871005,0.1359919329789331,0.11326430227124566,0.00027992965981383,0.00093674805345473,1.0,0.0,0.5,7,4.337927081037941,2.320765320074329
16,5,0.2427632287901479,0.9372006103396758,0.931999762564845,0.15699050225918965,0.12881381288824906,0.11256244119650728,0.00224390246285606,0.01133807149850099,1.0,0.0,0.5,8,5.955769313512077,4.88172710623415
16,6,0.21552492297330544,0.9140452933632964,0.9081329478196958,0.146562093847283,0.21649856140989687,0.10844966806031948,0.00032390239917937,0.0008952963266991799,1.0,0.0,0.5,9,5.406831836269819,2.355835209623261
16,7,0.2098721672586312,0.9091349431251007,0.9029974294651367,0.17019954367447063,0.1132307957148202,0.10805901577462465,0.00024482029398973,0.0006039310957399,1.0,0.0,0.5,16,7.821262758020095,4.833298353626932
16,8,0.20545562264991737,0.9151593529783724,0.9175049875447229,0.17207571814733885,0.14936835565814954,0.10928921283267327,0.00024131212232309998,0.00062870368551481,1.0,0.0,0.5,17,6.981844424941774,3.9880243515565055
16,9,0.19321746344059093,0.8981335557529342,0.8955624722336251,0.16685453923621404,0.1491855514450057,0.10738998288060701,0.00091517563767393,0.00138740958960769,1.0,0.0,0.5,19,6.93272860947376,1.4217575135293683
16,10,0.16666405840219836,0.8777410603621272,0.8827101793501496,0.1845008038429917,0.1377075515339972,0.10001861790418884,0.0011111609416594901,0.00241603498411929,1.0,0.0,0.5,24,7.138711775606093,2.223800853312793
16,11,0.1662673400948005,0.881832359589548,0.8910877330684245,0.19493590645438846,0.10643754906350952,0.10096227798803165,0.00121583267287898,0.00219229802370513,1.0,0.0,0.5,27,7.292912641957942,2.259304129859872
16,12,0.15920721314665573,0.8674350137508849,0.8719167302355522,0.20098369621415949,0.16116164983694933,0.0990272313652536,0.00116986014255238,0.00272119277667611,1.0,0.0,0.5,28,6.087337101465138,3.1576796529980453
16,13,0.1640450056593909,0.8750508474116332,0.8835988224351362,0.23980895282675507,0.11562075363067256,0.10346226855803707,0.00349296525274395,0.011113349394819361,1.0,0.0,0.5,35,7.115486173426798,2.5450130250429144
16,14,0.16049868557919053,0.8691367774649645,0.8773772529780355,0.2595098920288465,0.13256310229037563,0.10188513420146308,0.00301574203523094,0.01438511828868753,1.0,0.0,0.5,37,5.74643331799601,1.4411909623231471
16,15,0.16085232286343765,0.8731249470975594,0.885583323669097,0.26995846188941774,0.12281009905265097,0.10501186261834466,0.00273992725095578,0.0122455892996804,1.0,0.0,0.5,39,5.234426946576622,2.1844057155939387
16,16,0.1574511890438815,0.8683672169019124,0.8806689487300258,0.261732494646444,0.1333367450859113,0.10229780308714147,0.00301810199686691,0.0142438246806956,1.0,0.0,0.5,40,5.680867131091432,1.3601863104372012
16,17,0.15018760433670253,0.8613451697734722,0.877527941661564,0.27218009308096586,0.18086539870526813,0.09747406671735823,0.0037489327396516897,0.01907241630274392,1.0,0.0,0.5,41,7.5069887063375615,1.6016646128715533
16,18,0.1442727322680196,0.8570363377389211,0.8772618046277812,0.2746222784625314,0.12980675978480716,0.09068165103861338,0.0049178276646198995,0.026983825444702396,1.0,0.0,0.5,43,8.587331202769498,1.836490702275011
16,19,0.1403957359670923,0.8395764038393342,0.8546712527920037,0.26757588076869554,0.22032374494842422,0.09570926215560882,0.00407783189898401,0.021331469202449722,1.0,0.0,0.5,44,7.129000288284159,1.6542574834311483
16,20,0.1391880012119506,0.8395691230949803,0.8587336867876803,0.2892560736546643,0.12991704158809558,0.09781144905111723,0.0037928226947494597,0.01900722345519961,1.0,0.0,0.5,46,8.752664232736386,1.5567145951025978
16,21,0.13916364753641702,0.8440044823708793,0.8675032161707611,0.30570016841962033,0.10952789411354681,0.09813603130809828,0.0036820839462703,0.018849833849632038,1.0,0.0,0.5,49,8.901992512845545,1.6066818619108307
16,22,0.1334975177031122,0.821028671220087,0.8392169550281561,0.3023698273134782,0.24948591517866806,0.09763381761126654,0.011783636746174591,0.02021115342736753,1.0,0.0,0.5,50,7.800638372448715,5.684399078506219
16,23,0.13402193280077584,0.8245628895636848,0.8469847474079981,0.3128367643841036,0.11961460398050151,0.09835892251153067,0.01342449211788617,0.02135821495994997,1.0,0.0,0.5,52,8.070819707042821,6.4139967637982265
16,24,0.13145405212071856,0.8192004758232554,0.8414241147744466,0.324159047818617,0.11500915582769085,0.09775116866589292,0.011713499091535611,0.01954986454939069,1.0,0.0,0.5,56,7.165861463275996,5.597577471270992
16,25,0.1311830385921678,0.8178702794910394,0.8400195786020667,0.3273776763109224,0.11888206327329767,0.09793441764461613,0.0117046075856622,0.01941135640841302,1.0,0.0,0.5,57,7.180004603026461,5.898495587195742
16,26,0.13085521326555824,0.8167135672696564,0.8388048899099172,0.33053001716850156,0.11641057253887371,0.09772766682790202,0.01144222645932607,0.019763396659724868,1.0,0.0,0.5,58,7.371521671483516,6.176152950686896
16,27,0.13894820916465586,0.8373076361776615,0.8603037310791013,0.3374227213173461,0.17265096486058426,0.09916173616949481,0.01341681977307727,0.02293260228374058,1.0,0.0,0.5,59,7.783408908837885,5.766401926261815
16,28,0.13602030610517366,0.8385532507924118,0.8658642975338151,0.34487039642500567,0.11557756340711804,0.09644459566522592,0.01434572544048519,0.023225382160179837,1.0,0.0,0.5,61,7.754291049241979,5.86762568375921
16,29,0.13602030610517366,0.8385532507924118,0.8658642975338151,0.35171699586879296,0.1080573879059833,0.09644459566522592,0.01434572544048519,0.023225382160179837,1.0,0.0,0.5,63,7.754291049241979,5.86762568375921
16,30,0.1351640404464077,0.8357768576769112,0.8629448092166564,0.35795247568443395,0.11124753034380927,0.09644808143392591,0.01436000255498469,0.02322483974271895,1.0,0.0,0.5,65,7.71805504388912,5.818144748119385
16,31,0.1363314028783164,0.8454923463005922,0.8773035322727373,0.36558731408598627,0.10789163191745622,0.09599146249846428,0.01599653005542426,0.02318276163387027,1.0,0.0,0.5,66,8.13890236253251,5.738236411265673
16,32,0.12937097577395748,0.8167950544754643,0.8470642823200292,0.3741766240759578,0.1096028541951734,0.09783032864304583,0.01369696582458885,0.022016829914993742,1.0,0.0,0.5,69,7.431654774982592,5.837504997685615
16,33,0.1254169093326595,0.8065103453978467,0.8363617150741407,0.38426141061179075,0.12244145640917886,0.09518221506372897,0.01163274932176402,0.02297739167258038,1.0,0.0,0.5,73,7.182214619220288,2.987163489426984
16,34,0.12532820518278254,0.8012923030238358,0.8267586257124585,0.38741046995756373,0.1069901799139487,0.09512439793433654,0.01170257791945155,0.02301270273417435,1.0,0.0,0.5,78,7.174994710655481,2.992992512412233
16,35,0.1250766225520132,0.8008369446484928,0.8262899950179675,0.3871553868376646,0.10745064960803184,0.09510213720205998,0.01172875121149619,0.02266218758912126,1.0,0.0,0.5,79,7.189947234052678,3.125927871644904
16,36,0.1252658174248125,0.8054821291526392,0.8352763637028902,0.397752711100829,0.11397557734626845,0.09525072491457617,0.011751611404317321,0.02300367017337672,1.0,0.0,0.5,80,7.207525218148173,3.010154855246136
16,37,0.126429985812436,0.8062659590539832,0.8319864892566343,0.4232364228793119,0.13844520404070274,0.09523282054036715,0.0116918522235455,0.02286704378015616,1.0,0.0,0.5,81,7.1264382663578765,3.039718139841526
16,38,0.12601851712409026,0.8218891158344696,0.8689093449735025,0.5104725094823183,0.10897172437783756,0.09681890218717625,0.01363580340915091,0.02346457251597198,1.0,0.0,0.5,98,7.738242925623246,6.195941988947546
16,39,0.1267803721444236,0.8273076452501572,0.8786824402286512,0.5303837320256568,0.11219415925171036,0.09802869364202135,0.01449209535527628,0.02271009041642863,1.0,0.0,0.5,99,7.073126106820386,6.270469410566441
16,40,0.12525575306481349,0.8194864422560759,0.8664019272112058,0.5240488337071042,0.11252609052184416,0.09649285921269153,0.013545967370784631,0.02338047789310759,1.0,0.0,0.5,102,7.744984210165537,6.251713976392147
16,41,0.12457216236265298,0.8235678146803688,0.8748448676371273,0.549952831870721,0.10798156468130177,0.09703754987886734,0.013922970785758628,0.02101021057427349,1.0,0.0,0.5,106,7.544145942566615,6.817885711798238
16,42,0.12501034324367052,0.8229411735381266,0.8741505659939172,0.5721781705277924,0.11846279989309069,0.09761754215960265,0.01423936141273811,0.021225731097578422,1.0,0.0,0.5,107,7.465663865670312,6.125150034104268
16,43,0.12208442435636184,0.8293223552319857,0.8892408583217791,0.5983331617422145,0.10637783574350312,0.09468358536098723,0.013228144433103259,0.02151311109619339,1.0,0.0,0.5,113,7.688390837632862,6.498845668397671
16,44,0.12150849118149262,0.825856541397541,0.8855928922712144,0.6085385794802916,0.11469475091168814,0.09482051385171304,0.01327098635223752,0.02138455604938,1.0,0.0,0.5,116,7.765478531325765,6.509492594788759
16,45,0.12130000544886223,0.8193258201642079,0.8746028917973537,0.622810954820259,0.10777275752987914,0.09487173154453685,0.01365083559735116,0.02146074600430552,1.0,0.0,0.5,122,7.809508868500277,6.614809246287033
17,0,0.8517726768536802,0.9852344806622022,0.9844743682403798,0.0608949092983991,0.0,0.0,0.0,0.0,1.0,0.0,0.5,1,10.272930679650049,60.40536682805915
17,1,0.6397421320354038,1.0313207986730182,1.0286021624500246,0.14022826344400918,0.23222657748480652,0.084061784971018,8.240493586971e-05,0.00013904284738077002,1.0,0.0,0.5,3,6.609955032025777,38.18344968870281
17,2,0.5261236192275025,1.0347988769052077,1.0307078684483133,0.1669414748915674,0.32182197397922385,0.10967561617877261,0.00252574199615922,0.00918500616774527,1.0,0.0,0.5,4,6.266799605199009,39.91020535403936
17,3,0.43322714107757604,0.9964925864161402,0.9915261102177195,0.14339777622482294,0.22535157811390857,0.0928936045249409,8.085217607863e-05,0.00014748434668707,1.0,0.0,0.5,5,4.002286685302066,20.341634589852948
17,4,0.32878031176648603,0.9549200692723343,0.9485388393397596,0.12621726706834513,0.29283741786660455,0.07832748592738352,0.00064229022731327,0.00110023447638269,1.0,0.0,0.5,6,3.63203201179267,3.682400079390329
17,5,0.3055035031640267,0.9645632065538868,0.9617105230976244,0.14557193360597537,0.23551633606865285,0.09901114686668991,0.00114842970688584,0.00193775936813457,1.0,0.0,0.5,7,0.8741159469455011,8.221393354440647
17,6,0.2506550509322354,0.9247167557153614,0.9164335668131414,0.12832191229333528,0.2377160356874298,0.08481498215683572,0.00089774457744481,0.0016096195290657,1.0,0.0,0.5,8,1.6606724611499235,3.978785461711314
17,7,0.28358242923441135,0.9597355255736384,0.9513319976451567,0.19040818146961716,0.13240500683155365,0.11901735223188166,0.00573925053453519,0.00791739567422124,1.0,0.0,0.5,10,2.6543884233606776,19.6182650146707
17,8,0.23446684555028705,0.9143667245436808,0.9056969123919707,0.13313663240142704,0.12238821410911017,0.08231725989449977,0.0005293848650990901,0.00092483216510301,1.0,0.0,0.5,11,2.0565505254114145,3.912949081277283
17,9,0.2317818186723298,0.9121246240917618,0.9034221131390519,0.14160326686197103,0.08611959952190051,0.0806332138002489,0.00055130609522447,0.00107990160621549,1.0,0.0,0.5,12,2.081131175619632,2.743920660062792
17,10,0.22337636421455248,0.9134944812841886,0.9087639079749084,0.1417010317371718,0.14606826174987378,0.08486811256725312,0.00058983773442895,0.00104370018752075,1.0,0.0,0.5,13,1.4422378929211448,5.937657138610438
17,11,0.23682319892359088,0.9286258869241003,0.9187097466349684,0.19715650911849777,0.18268495823843925,0.11747694724001805,0.0056628494908767205,0.007544649092354571,1.0,0.0,0.5,15,1.622011967838446,16.49269461073607
17,12,0.22480098301341928,0.9182394231353277,0.907988312092371,0.19997568160781415,0.16802211318072874,0.11283644203047637,0.00605667002038213,0.00906819222304934,1.0,0.0,0.5,16,1.645387666883707,14.152095225990408
17,13,0.1996766681680837,0.8947828181581295,0.8837226131860562,0.2023361258432577,0.15041816514963102,0.09891329490073353,0.01223541388133061,0.02143357198677926,1.0,0.0,0.5,19,2.300607867894273,15.231725348668633
17,14,0.415640669060951,1.125033173684948,1.1275452226576452,0.4177090349298287,0.33423100946474443,0.08013297033784714,0.086151730949507,0.4722227302735069,1.0,0.0,0.5,24,2.311666358218498,122.83970219792124
17,15,0.45263979501183116,1.1583030905667104,1.166624643407038,0.43430029258136404,0.33518237677836865,0.08239966017961618,0.08579151403717308,0.4685316928997894,1.0,0.0,0.5,26,2.3399037070393995,108.33693736711072
17,16,0.25771939270720035,0.9663299883019776,0.9675186103803907,0.30574369639077187,0.1896897474704305,0.09462293870184205,0.10829705900342279,0.17725323915313632,1.0,0.0,0.5,32,1.3139931985821338,1.927313867931631
17,17,0.22723270039558519,0.9322580270331725,0.9298731542784319,0.257143803228176,0.1578723775543022,0.10123300907612659,0.04311132147378853,0.07471560517054275,1.0,0.0,0.5,37,4.780163287164554,25.25223352295149
17,18,0.21651034679937115,0.9262328524724472,0.9279077451773926,0.2600308474032263,0.17163173432634984,0.09535862502326095,0.044309061261475505,0.07669527564330546,1.0,0.0,0.5,39,4.5432554906504805,24.771138371247496
17,19,0.2045353945260431,0.9129777471609261,0.9141148084327678,0.2791058428319617,0.14684446845056126,0.09465718317379535,0.04217061847546915,0.07248305289428253,1.0,0.0,0.5,42,3.9831478908618583,22.90907873989729
17,20,0.2063277424158539,0.9199743033762329,0.9255640122622206,0.2923646344431735,0.1352267239473341,0.09438143674580268,0.04272642108967688,0.07404458123074578,1.0,0.0,0.5,44,4.063365168224405,23.2445659715074
17,21,0.21888598827966999,0.926699246253048,0.9276643889488015,0.3098361026861739,0.1625770803782909,0.10599636929108851,0.04289320414721337,0.08392732753075784,1.0,0.0,0.5,46,4.105699697922083,19.535165140621565
17,22,0.2188455224182787,0.9324834774690619,0.9380702133565483,0.31970350183068025,0.15865146049835488,0.09869444634624103,0.044017620974791935,0.09055372424148347,1.0,0.0,0.5,49,4.719150728712921,19.532828896901854
17,23,0.22151335938346273,0.9350074510108701,0.9405488968592494,0.3229131057296325,0.1485380139888195,0.10208558223078712,0.04393816229222617,0.09057968690869864,1.0,0.0,0.5,51,4.640418313708138,19.41848733442688
17,24,0.2363546765858312,0.953708716455263,0.9655061279420878,0.32857404850331673,0.1955399787687868,0.08642284301149437,0.06036829572012052,0.0762640579128261,1.0,0.0,0.5,52,3.8811734424063,12.254050792972842
17,25,0.2452158564303161,0.9660922131785215,0.9825151823047884,0.3581192941245267,0.13019991795312105,0.08669166895971853,0.05607297151194943,0.08079338392040208,1.0,0.0,0.5,57,3.9256838745178806,12.135686871347335
17,26,0.25456904689965626,0.9755222959537082,0.9919331865574974,0.37416264526551163,0.13682100762694016,0.10036457791204163,0.06083762633229202,0.0727767993252841,1.0,0.0,0.5,59,3.904669054217445,13.599095480670266
17,27,0.23166036211774918,0.9600182132851419,0.9803031901710889,0.371556322101255,0.16749555540068461,0.08687413296869811,0.05932605148832705,0.07824546625755663,1.0,0.0,0.5,60,3.94584659325118,11.743553545708924
17,28,0.2572881369087739,0.9962605747311042,1.0250548629991065,0.4187967223898524,0.16940577852804278,0.10613733895252776,0.0753680683216079,0.10162371005546256,1.0,0.0,0.5,64,5.066816969528994,9.725221080419036
17,29,0.26560854532125877,1.009419081657354,1.0426290012283626,0.44355319915289526,0.20481820652952565,0.10755372672990535,0.08043537527320105,0.11356302379242256,1.0,0.0,0.5,65,6.338660442562031,11.707280100459986
17,30,0.2644864451323977,0.9973280269376911,1.0221042593597602,0.42575224503902365,0.16387013194020889,0.10560448639957828,0.08127839533212847,0.1009217875371093,1.0,0.0,0.5,66,5.95845355650224,14.998438175480423
17,31,0.2620871537274077,0.9913146198599874,1.0112980861830783,0.43358251148706467,0.17705953736592012,0.11095391112801305,0.07790754630146704,0.10439243353763417,1.0,0.0,0.5,69,6.154585608353562,8.920874918106877
17,32,0.2600162637738839,0.9941701353855977,1.0185362869833432,0.44874565061729804,0.16203501994437225,0.1104473266571326,0.07564168652906628,0.10085217185984527,1.0,0.0,0.5,71,5.932124309760659,8.481769527866398
17,33,0.2765614795579544,1.0102435313923108,1.0347894145954402,0.468749426553438,0.17997327525932055,0.1099884406347765,0.08818394022963547,0.12693499370491207,1.0,0.0,0.5,73,8.485876656384933,14.895305482371104
17,34,0.28679592836839185,1.0290563990363126,1.0626845568111605,0.5037941623682652,0.18770170398394515,0.1122925356887747,0.08832656474478197,0.1271125872349806,1.0,0.0,0.5,77,9.975592009643885,14.377593836472071
17,35,0.17626149316293815,0.8907250056886116,0.9309393885951002,0.5079129516049279,0.15245966116762522,0.10409964030258237,0.03024803600714729,0.09097483423478854,1.0,0.0,0.5,92,4.032973561742271,6.844443825037901
17,36,0.1762614966599187,0.8907249906287327,0.9309393403896722,0.521970290797469,0.14958754631377558,0.10409964385852569,0.03024803612918629,0.09097483474596343,1.0,0.0,0.5,94,4.032973574854314,6.844445506582322
17,37,0.17584110359205168,0.8625483515330669,0.8806768734961271,0.484689492342779,0.17728508681128924,0.10396764035150732,0.029234385621097047,0.09290424067832048,1.0,0.0,0.5,95,3.667218218902025,19.136954907988265
17,38,0.183033726491029,0.8733416706439817,0.8957469882854691,0.5140871841543757,0.16525668886967076,0.10717118603542078,0.02820665193789913,0.10193416125794633,1.0,0.0,0.5,97,3.769788487172483,19.72437486625353
17,39,0.16885990894308905,0.8389262921167647,0.855908746308226,0.495023915124045,0.30910220129501553,0.10536630800673416,0.03264637635292667,0.08738825474814663,1.0,0.0,0.5,98,3.868943836682036,15.873861270762507
17,40,0.16840171134999787,0.8432171713107417,0.864559702166146,0.5000515006859234,0.1493218340224336,0.10600421667224488,0.03303854367518693,0.08530906634003757,1.0,0.0,0.5,100,3.8721473815908993,15.705845850989238
17,41,0.18432607274508628,0.8523100330269267,0.8691552080016255,0.5138128575167562,0.18579082263244603,0.11246914918171058,0.0328202866453092,0.10528375622371071,1.0,0.0,0.5,101,3.977225376647766,16.07541663134902
17,42,0.21335729773608875,0.9394626492231243,0.9766074602826113,0.6482953780018587,0.17809519285125913,0.11218792581484639,0.030920379367970603,0.13152206206104666,1.0,0.0,0.5,127,1.8552911241858536,12.020167639386916
17,43,0.21334409559678844,0.9344630539982051,0.9672313069726035,0.6488213226277371,0.1780279040783079,0.11218808690305254,0.030907860701853602,0.13154802357330292,1.0,0.0,0.5,129,1.855588341935024,12.022293264138316
17,44,0.21078678114164695,0.9358501105475557,0.9729058022607642,0.6633838419960209,0.18702915918910845,0.11662183603516715,0.03756960824711411,0.11889112437616464,1.0,0.0,0.5,132,1.9143835571696048,13.125216752277908
17,45,0.16574831067337104,0.8655378778438443,0.916865548059984,0.7366786716958522,0.1538291867546493,0.09687004411898889,0.039199130978758503,0.1033193249598938,1.0,0.0,0.5,143,1.3999253050934308,3.829513773868039
17,46,0.1755100367575693,0.8637171224229684,0.9102525653772493,0.739558117173838,0.18828530175054725,0.10689823651128336,0.03562305677771853,0.10579556503997371,1.0,0.0,0.5,145,1.645736565839419,6.261699085521613
17,47,0.1773641901777923,0.8707332545620261,0.9216553050908132,0.7625702139828631,0.16205385394771643,0.1086544848787534,0.03582977179891695,0.10589946559246818,1.0,0.0,0.5,147,1.6270271285801794,6.478785070052607
17,48,0.1666698042725383,0.8544417956221185,0.9090865908948271,0.7577096885086213,0.25619678029970605,0.09744213295119356,0.03697095091698346,0.11111633630983767,1.0,0.0,0.5,148,1.2248759932116018,4.330551263931744
17,49,0.16635897935900906,0.85730757958992,0.9162184020506909,0.7895177008652599,0.16211158267953288,0.09744213295119353,0.03697095091698349,0.11111633630983771,1.0,0.0,0.5,150,1.2753722578024078,4.367665445974534
17,50,0.1662993240092534,0.8618551552818232,0.9251185297237157,0.8070099847217808,0.15545010870887563,0.09744213295119356,0.03697095091698348,0.11111633630983767,1.0,0.0,0.5,152,1.3249810392082866,4.405359195297771
17,51,0.15940451048278412,0.8597149253217646,0.9314153878486842,0.9640290597176778,0.14817398505437412,0.10311364734563366,1.0,0.08771941200862192,1.0,0.0,0.5,198,1.1063894326240258,7.351765357910237
18,0,0.805153373178903,0.9802226871634331,0.979204582153101,0.05979102570541122,0.0,0.0,0.0,0.0,1.0,0.0,0.5,1,17.084092021201727,54.35002478818318
18,1,0.6103427117202211,1.0205449231130685,1.0176387708036738,0.13229110007399295,0.21975864557380434,0.07692629688429728,7.101201924499e-05,0.00014195266897027,1.0,0.0,0.5,3,9.789346840761857,35.39276204032257
18,2,0.5262442113507033,1.06397241196446,1.059442810995811,0.20275047395282075,0.3974770266868936,0.14486657638357697,0.0025398439374314597,0.014188547797020959,1.0,0.0,0.5,4,9.9924696897499,39.94336462344948
18,3,0.25996027250469544,0.9378630330617437,0.9340187200483732,0.13025545729346535,0.6502687393999258,0.09148892624655264,0.00105437260375777,0.0021076855268146,1.0,0.0,0.5,5,1.7298420753793509,5.923150934885385
18,4,0.2626189461932182,0.9424648413913711,0.9385036909151516,0.14153282062904812,0.10824690104597856,0.09884584864832431,0.0005603604310327901,0.00113618238328652,1.0,0.0,0.5,7,2.594701894534728,3.404420383186262
18,5,0.24943340041198198,0.9376047581027129,0.933047305878403,0.1496141701251634,0.15123059556108656,0.10579814208484983,0.00030739273899211,0.00067857534856287,1.0,0.0,0.5,9,1.8429943872015715,1.910268907674376
18,6,0.248904870826302,0.9372350005532604,0.9326640730518556,0.15308749931324048,0.10806712859638525,0.10567878695758294,0.00031874247258745003,0.0007012634088812599,1.0,0.0,0.5,10,1.883983019665906,1.8461488527045813
18,7,0.24939138428909188,0.9428874344751873,0.9426709569471211,0.15780480062482746,0.10993276789452758,0.10672801997720133,0.00033268242663969997,0.0007418215290082399,1.0,0.0,0.5,11,1.9722188573009931,1.6802239088908888
18,8,0.24502226429806642,0.9305309273083734,0.921409511344923,0.16231748873166899,0.12008146006620753,0.10724069084721423,0.00027879335547984,0.0009515028023270901,1.0,0.0,0.5,13,2.840629049108074,2.045891469207424
18,9,0.2422277774803434,0.9332210780561055,0.9284063743148583,0.1698978296747065,0.11604746322280303,0.10639075656663856,0.00031565391401336,0.0007202093758375,1.0,0.0,0.5,14,2.009417003359849,1.495031738029508
18,10,0.24091275864994519,0.9326863819798888,0.9277944369966935,0.17666877945614384,0.119484740150759,0.10724069084721419,0.00027879335547983,0.0009515028023270901,1.0,0.0,0.5,15,3.169080545304053,2.0020042288269804
18,11,0.23034542960273474,0.9195308634238054,0.9099958920457558,0.16202347607861953,0.1454835252406691,0.10436714096725233,0.00035191163440631004,0.00076574397105299,1.0,0.0,0.5,16,1.689836262422699,1.576025504422702
18,12,0.23163701397554087,0.9226198664702071,0.9128367730502053,0.17347138697823772,0.1501868456974974,0.11190559149525342,0.00043702971263756,0.00150855415898685,1.0,0.0,0.5,17,2.8044884735184588,0.9380670520140076
18,13,0.21655611546946057,0.914435958407454,0.9086752066449633,0.17481659837313596,0.1328649836771944,0.10544214420117257,0.00056289181754751,0.0018019826559463599,1.0,0.0,0.5,19,1.972826491979195,1.5562638625472922
18,14,0.20922851677348064,0.9179418709960094,0.9206934494586229,0.21101766497290525,0.10892348339818195,0.10339580063155526,0.0008562570150506699,0.0022088212207696,1.0,0.0,0.5,27,1.995709170984924,1.504166405767695
18,15,0.18337699205401448,0.9005100105539369,0.9075762168246905,0.17571181177531875,0.09885922407904688,0.08090914056774226,0.00331519910310245,0.00469799426176642,1.0,0.0,0.5,29,1.937681552609457,7.115746108511354
18,16,0.1547512001965654,0.8682502648835126,0.873771910741058,0.17369924541021367,0.18695663101368554,0.07734644788888446,0.0035894330027181503,0.00731123454099592,1.0,0.0,0.5,31,0.7587819735856874,15.384798188991525
18,17,0.14577860172581378,0.8549998537546424,0.8596404378432771,0.17375195898440127,0.21743969301521718,0.08255323991702804,0.00551166247692364,0.00462752728512661,1.0,0.0,0.5,32,1.3944168252582203,20.763014078206133
18,18,0.1473601179103934,0.8559373611150937,0.8604754019868301,0.1902551388400752,0.09296750534564988,0.08542178583352358,0.00554226088243435,0.00474939347184943,1.0,0.0,0.5,35,1.7956937080206383,17.212882849065355
18,19,0.1399152979610837,0.8510072179560424,0.8595668019629854,0.17168736922924752,0.13791912079237018,0.0823854966854438,0.00543764941688524,0.00472804139503835,1.0,0.0,0.5,36,1.4566519914467944,18.182812703303547
18,20,0.11415696209835227,0.8124534001210499,0.8153176126246335,0.1868476301294085,0.14450810563839214,0.0731674016172128,0.01042925941024444,0.0073193437818296,1.0,0.0,0.5,40,0.7505646683926855,8.924715133596957
18,21,0.12132941403628639,0.8251717797255663,0.8406693253755079,0.2041446185139872,0.08690852652895847,0.07863139717205073,0.00980654591126298,0.01103313714132327,1.0,0.0,0.5,41,0.46384554177741,16.01758672047994
18,22,0.10135507110026863,0.7659714385089696,0.7664427901617653,0.17936693382891247,0.36517654296767743,0.0731674016172128,0.01042925941024444,0.0073193437818296,1.0,0.0,0.5,42,0.1975237319454353,10.67466334514701
18,23,0.10132494099226623,0.7657754109261361,0.7662349785753404,0.17625601122335338,0.07775065994346192,0.07319529609567986,0.01043934366512218,0.00732924457257179,1.0,0.0,0.5,44,0.1991759847453745,10.59958021307546
18,24,0.09849205037548198,0.7528917816962147,0.7526568676069632,0.16614623161971845,0.18249541633325786,0.06986117421866182,0.00893353798947505,0.0152116278653241,1.0,0.0,0.5,45,0.1822485603138293,3.485861570727619
18,25,0.08925284171683587,0.7393884052975587,0.7388623709165537,0.1679603243157807,0.09333543465214761,0.06345722850565168,0.01561549018218283,0.01232259103294879,1.0,0.0,0.5,47,0.2620365690310035,4.490841831998571
18,26,0.08549279281820835,0.7076152646653705,0.7053268563689087,0.1513671886759252,0.3361919062468718,0.06461532369340095,0.015354377512046541,0.01492944350145842,1.0,0.0,0.5,48,0.056614839046194,1.6843812464384027
18,27,0.08547597132188371,0.707110762500943,0.7047939557303635,0.15125004942433112,0.0737763251327601,0.06561202777891167,0.014497775595191689,0.013029744083763981,1.0,0.0,0.5,50,0.0258266395411006,1.73038367953717
18,28,0.08547555998843039,0.7071080072751288,0.7047910687891457,0.1512494163676642,0.07213761717037664,0.06561202777891167,0.01449777559519172,0.013029744083763981,1.0,0.0,0.5,52,0.0257976870712257,1.7300949064617448
18,29,0.08293332279061169,0.7068165377742611,0.708709983536602,0.17231197778095353,0.07825605883467779,0.06335521092309152,0.014528000712289199,0.013390590837597399,1.0,0.0,0.5,55,0.0314106104446696,1.643570975114002
18,30,0.08303185502423473,0.7064538209826203,0.7083195244392465,0.17802139529095828,0.07442353388229564,0.06354591607800118,0.014508802142072461,0.01336179509421884,1.0,0.0,0.5,56,0.0293795967748477,1.5852069296054965
18,31,0.08347473155087418,0.7029598090635993,0.7045897707697162,0.17810376223549862,0.10699731115497889,0.06539378647452926,0.013284510617893281,0.0118371747971727,1.0,0.0,0.5,57,0.0449149341381718,1.6183429539376113
18,32,0.08435908130543199,0.7000080009880432,0.7014101166935198,0.16984793609140728,0.10720791477727067,0.06597448598733245,0.01473118198889797,0.013623133834333079,1.0,0.0,0.5,58,0.023842665977723,2.2356211156207246
18,33,0.07835208192674453,0.633842082088703,0.6318345426306464,0.16089631117594258,0.588540767020983,0.06563876630401505,0.04633078835596076,0.0144303126220202,1.0,0.0,0.5,59,0.0313713986620143,1.4707342487973023
18,34,0.07829285124962526,0.6328730823798512,0.630815660448564,0.16067361735457641,0.0766059785282209,0.06563876630401505,0.04633078835596076,0.0144303126220202,1.0,0.0,0.5,61,0.0291013454366732,1.4434631362555552
18,35,0.0779611330935171,0.6273784283935582,0.6250380924716993,0.15950367177407468,0.09472094555440033,0.06525033365271082,0.04667745629626123,0.01520925832391779,1.0,0.0,0.5,63,0.0301275190326293,1.3304112269306652
18,36,0.0779611293167571,0.6273783719095377,0.6250380327824051,0.15950366029224589,0.07285562819783249,0.0652503292954329,0.046677460155113135,0.01520926729889085,1.0,0.0,0.5,66,0.0301275254731025,1.3304103681686643
18,37,0.07754975094706468,0.6198564361219528,0.6171288169175111,0.1609949275632659,0.09230391138875477,0.06525147724474731,0.03484069106909043,0.015209180410691811,1.0,0.0,0.5,69,0.0309609969354679,1.3258417850147208
18,38,0.07724241348783178,0.6178137509341523,0.6190971193130953,0.16831523611075824,0.07891947067244176,0.06529461709190698,0.02318768265511533,0.01521429226804942,1.0,0.0,0.5,78,0.0319856909310199,1.6168814137453922
18,39,0.0771416503184814,0.6156854535723094,0.6168591424360514,0.17352734555635999,0.0895135350135514,0.06529638761053314,0.0261611791352021,0.01521492451460692,1.0,0.0,0.5,79,0.0320435516616262,2.1235157072939077
18,40,0.07706174298036231,0.6139752792480399,0.6150609395751655,0.17313441597732526,0.07619916318357334,0.06529638761053314,0.0261611791352021,0.01521492451460692,1.0,0.0,0.5,83,0.0296758780658131,2.1170156693733864
18,41,0.08239709976809428,0.616078037525461,0.6252036645259857,0.20250845573980353,0.0921877618234384,0.06268035280199871,0.02901892770729188,0.03230651856253864,1.0,0.0,0.5,91,0.0894535746055352,205.82830953902493
18,42,0.0816345405905276,0.6110434471431491,0.6199402069472968,0.21058061129878994,0.0955462155521611,0.06248506569081867,0.02636513871280612,0.03151939371504512,1.0,0.0,0.5,93,0.064008750631551,194.9069395846149
18,43,0.08167044663481651,0.6075428173176385,0.6162504534652872,0.21307824173394277,0.10701544838296348,0.06267396344526353,0.0228830765190996,0.03148773320228167,1.0,0.0,0.5,94,0.0670495632655057,194.721861399922
18,44,0.09586771991275354,0.6081410361405573,0.6243455994527876,0.19908710944274452,0.13118256125034808,0.0761056345365468,0.026492715956291428,0.03457284611360506,1.0,0.0,0.5,99,0.0298492924371777,229.9945908794431
18,45,0.09586772195984053,0.6081411021904912,0.62434567227653,0.19908712323879854,0.09339351993796621,0.0761056345365468,0.026492715956291428,0.034572846113605046,1.0,0.0,0.5,101,0.0298492660362415,229.9945584347583
18,46,0.09632412809816535,0.607175398844492,0.6233046767118978,0.2050739629610549,0.10526665633602553,0.0765920614346743,0.02657070277807889,0.0345935975124527,1.0,0.0,0.5,102,0.0303697726832978,232.505777905238
18,47,0.09009844737552247,0.6059192227563216,0.6264218289221317,0.24283697956796751,0.08859918853580305,0.06786784668714228,0.03951717687226751,0.03962916716760967,1.0,0.0,0.5,108,0.0186881527216076,198.56220730580532
18,48,0.09388105905176075,0.5897199108903679,0.6091690208452658,0.21214118260490214,0.24612932459308845,0.07585107020952746,0.02836999174749167,0.032193126831497235,1.0,0.0,0.5,109,0.0460992422569655,193.9985602299912
18,49,0.08887309611616093,0.5805151748337974,0.5997435922635586,0.25676013255549185,0.09364255418756606,0.06977635410867014,0.02715628486283732,0.034507104325398455,1.0,0.0,0.5,114,0.0249622140783305,200.5771331752881
18,50,0.0883181254715623,0.5793325884786399,0.5985279978900663,0.2697776225037451,0.08819038849739817,0.06931949982431171,0.026290966939936638,0.03433797134337365,1.0,0.0,0.5,117,0.0269812480735735,200.8996654430975
18,51,0.0887523355730838,0.5671887160914865,0.5816101695756927,0.24469959545823758,0.1480845641641287,0.06912873286685774,0.06782087573440679,0.03589691619990193,1.0,0.0,0.5,118,0.0216376381210072,204.9293494823221
18,52,0.08874659707081847,0.5658097824331891,0.5842730781473714,0.25020359949674986,0.11195244323163805,0.06918128854636467,0.06779740851299978,0.03601190258697341,1.0,0.0,0.5,120,0.0206033232010146,204.74874320892783
18,53,0.08905013840876962,0.5630437799333833,0.5813462840610756,0.25294084019884755,0.09159799947010047,0.0692805299196591,0.04307695712804059,0.036528304360671136,1.0,0.0,0.5,126,0.0254284986780167,202.86564995245536
18,54,0.08970925083016655,0.5698378662736243,0.5966897746935349,0.2835350866769178,0.0960319716607321,0.06853151553247037,0.08559528108767436,0.03947679253368911,1.0,0.0,0.5,130,0.0129515569610437,204.63724603657087
18,55,0.0896953975942811,0.5660883477047542,0.5927449518146538,0.28271508404744,0.11682692991467106,0.06855365034852136,0.0855887961673766,0.03952111345629715,1.0,0.0,0.5,131,0.0183812751875652,203.4289458149185
18,56,0.08966633242741234,0.564170267059974,0.5907281294781348,0.2822745427242077,0.10301501797962034,0.0685536503485213,0.08558879616737661,0.039521113456297094,1.0,0.0,0.5,132,0.0144910253388278,203.9730276801444
18,57,0.5698207340541801,1.0568605338804113,1.0964173998519797,0.8081340189405444,0.5711047660762644,0.06850377848566018,0.07439858494516564,1.0,1.0,0.0,0.5,139,0.0089034009611238,203.95948768171547
18,58,0.5694899394324742,1.0560133631264228,1.0996580383392318,0.8173083979931725,0.5898299892957022,0.06825270838512819,0.074531755632873,1.0,1.0,0.0,0.5,141,0.0085404844385472,203.74823452551016
18,59,0.571511178323096,1.057030829572769,1.1006230913883304,0.8409619677138462,0.5729662898637627,0.07028824964121494,0.07458810912127531,1.0,1.0,0.0,0.5,144,0.009594128805599,204.094341501506
18,60,0.5714595222506602,1.0581972409333893,1.1059680843268054,0.8401140257015653,0.5996050102572013,0.07028740769852701,0.07457787955369514,1.0,1.0,0.0,0.5,145,0.0100148930923698,204.38703147662767
18,61,0.5712781447488419,1.0574749208761849,1.1052175426899602,0.8398229798899994,0.5743972829388021,0.07011327378558632,0.07469036959590233,1.0,1.0,0.0,0.5,146,0.0094692533656193,203.90894631547184
18,62,0.5696934392025432,1.0550923125845628,1.1027933176123956,0.8596475944671087,0.5748144124300599,0.06853910724920774,0.05756490362253889,1.0,1.0,0.0,0.5,147,0.007594259217598,204.29760176632504
18,63,0.5700634113087716,1.042014173853946,1.0807835318659,0.855832264542089,0.575962934528871,0.06895497945027004,0.057862381990879855,1.0,1.0,0.0,0.5,151,0.0108279018574784,203.7339893631759
18,64,0.5698923913848274,1.0383664921779738,1.076954655914205,0.8697843592250007,0.5825313392207678,0.06882708931617725,0.05783681300777608,1.0,1.0,0.0,0.5,153,0.0107152647574046,203.7971112272417
18,65,0.5697276330907983,1.0439377601700797,1.0910556530362807,0.8985670905948683,0.5769020771050963,0.06871170332773299,0.057056514627965016,1.0,1.0,0.0,0.5,157,0.1019893061060765,204.4743633576228
18,66,0.5698526227546474,1.0424879133055742,1.093639475120993,0.9085517255227272,0.5945726959686033,0.06890948150009282,0.05755941692954353,1.0,1.0,0.0,0.5,159,0.0733073763812086,204.3563534881457
18,67,0.5698344995148509,1.0418570652798325,1.0929767452026082,0.9121647598450107,0.5738014488992476,0.06889804031876973,0.05722345096683903,1.0,1.0,0.0,0.5,160,0.0267668690127706,209.85899649527371
18,68,0.5703084898547391,1.036343715890744,1.087151997474945,0.9076041366179585,0.5929392172209421,0.06943369484761258,0.057416187171071706,1.0,1.0,0.0,0.5,162,0.024860887173445,204.9518442692205
18,69,0.569887595622942,1.046222771647436,1.1099144918006916,0.9251760878039084,0.5869053988114152,0.06905691316776034,0.05756574770500337,1.0,1.0,0.0,0.5,164,0.0179034008914147,203.6466079613569
18,70,0.5702913844819002,1.0339583766800415,1.0887596284546155,0.9287715582148015,0.576781866288208,0.06948664556109457,0.05737605413942224,1.0,1.0,0.0,0.5,167,0.0332514712663908,204.0540833434437
18,71,0.5702347283920511,1.0326152141072518,1.0873496388009405,0.9359997157497508,0.5794731435716971,0.06944160951778543,0.05737332919438024,1.0,1.0,0.0,0.5,168,0.0260847377035873,203.99282238844364
18,72,0.5700679428078872,1.0334658208094836,1.0923693233276628,0.9389267205389953,0.6001967164208969,0.06930956304625736,0.057487495800953484,1.0,1.0,0.0,0.5,169,0.0311152293124322,203.80730109501204
18,73,0.5698289159837615,1.0370557509967768,1.10027437033494,0.9346258216163925,0.5778297905029709,0.06908009919149631,0.05758092850321955,1.0,1.0,0.0,0.5,170,0.0288572499169852,203.65072205706704
18,74,0.5698920491283842,1.0366531378695438,1.09984757337276,0.9384072183439057,0.5728045420638241,0.06914719545134775,0.05756426224857798,1.0,1.0,0.0,0.5,171,0.0293378416272941,203.67800742943805
18,75,0.570419290618919,1.0355700432121147,1.0986808360222788,0.9691657302028774,0.5831653055285961,0.06968885368224445,0.05757226193119982,1.0,1.0,0.0,0.5,172,0.0311621347535724,203.92441149936923
18,76,0.5700448650691423,1.0322250318669863,1.095181696162324,0.9490323390658549,0.5918272928415067,0.06933787640514369,0.05760091820538691,1.0,1.0,0.0,0.5,173,0.0304607918928221,203.60786960226903
18,77,0.5703268623203334,1.0243607588490224,1.0827782636071819,0.9600794609660848,0.5947457888613656,0.06964515967383891,0.0575642521613526,1.0,1.0,0.0,0.5,174,0.0269201334985151,203.6333480074494
18,78,0.5703208928280236,1.024165684202238,1.0825733779281008,0.960029962102718,0.5703784283048683,0.06964064852206354,0.05756623845003479,1.0,1.0,0.0,0.5,176,0.0266743074383412,203.64375518603853
18,79,0.5703686018459524,1.0239845261605511,1.0823803485558923,0.9638456927652874,0.5714845252776264,0.06969012741385433,0.057561171399530806,1.0,1.0,0.0,0.5,177,0.0304708871404122,203.6785153303793
18,80,0.5702885424672521,1.0237530827767432,1.0821410517501886,0.9599176932619017,0.5698096340774682,0.06961124050594786,0.057511247454157,1.0,1.0,0.0,0.5,183,0.025618979911133,203.8942755156827
18,81,0.5702418169373682,1.0316003870784218,1.0986309320083811,1.0019480215235284,0.5748088241853748,0.06957975957083605,0.05772574823920877,1.0,1.0,0.0,0.5,186,0.025166437495651,205.16661825121096
19,0,0.8087175774112751,0.9806157408843731,0.9796178568914109,0.059875557273032655,0.0,0.0,0.0,0.0,1.0,0.0,0.5,1,13.55170903525616,63.19245175523916
19,1,0.6061582694352814,1.0232066157617796,1.0202291627736664,0.13603283423281132,0.23072707387987776,0.0809736431008867,7.494626834343e-05,0.00014021361873113,1.0,0.0,0.5,3,9.54073577996797,39.69805492166792
19,2,0.5133225122128893,1.0341475702895777,1.0298796894171487,0.16896643422189897,0.312214684212989,0.11303705033672731,0.00113569988446774,0.00803083134416476,1.0,0.0,0.5,4,7.536440847962854,10.778671465630191
19,3,0.25424787446225494,0.9372099206665252,0.933046542946359,0.13443317382224032,0.7436410879750215,0.09696808219343961,0.00090016210287101,0.00223932495150464,1.0,0.0,0.5,5,3.721091929612188,8.176629285110511
19,4,0.26772514498722544,0.952833669427738,0.9485798360795367,0.15836990934626352,0.12131694224377583,0.10861637717522465,0.0023778603451645097,0.01370340962314448,1.0,0.0,0.5,8,3.888737088635106,6.468226755079995
19,5,0.22066539514554145,0.9103218746394243,0.900726219280385,0.133358743023136,0.23933838108305427,0.09639489266720154,0.00029856702349288,0.00065028338547714,1.0,0.0,0.5,9,3.5265372213506816,2.519457840487072
19,6,0.2205757460060933,0.9152044367246637,0.9099786318074315,0.14319673869320362,0.09697076095077227,0.09639489266720154,0.00029856702349288,0.00065028338547714,1.0,0.0,0.5,11,3.5223072739652266,2.4696622806836706
19,7,0.22167804192478197,0.9119228188400793,0.9022478399343185,0.15612857535540528,0.11137749077940745,0.09806900928322845,0.0006049348858002,0.0035873004405097496,1.0,0.0,0.5,12,4.429496094936816,2.050894552284686
19,8,0.21238459302219245,0.9056068370346679,0.8954081240280648,0.15177330456652408,0.18291565799388398,0.10187876784818506,0.00065332982908306,0.00368282265194162,1.0,0.0,0.5,13,3.8857244998638,7.502920256213062
19,9,0.19915292161865644,0.8936803942875096,0.8830834638044446,0.156635298227655,0.1597458871534514,0.09766544571330733,0.0006798811541436301,0.0037275140592408695,1.0,0.0,0.5,14,4.532940847830278,5.940228020419854
19,10,0.22853767803894515,0.9235326786161815,0.9126524591315849,0.18426170534812975,0.1777277514130159,0.11227477958654297,0.00604154448420488,0.045219674012820996,1.0,0.0,0.5,15,7.08162434361235,27.74880440884209
19,11,0.21430921630496919,0.9092800606147761,0.897907329731449,0.18878257183864527,0.20469584802955398,0.10798735159173807,0.00608163388450158,0.04442271433770048,1.0,0.0,0.5,16,7.621600392326702,24.71603882544184
19,12,0.21392809009187516,0.9136276023668939,0.9064690629410749,0.19769100718322505,0.14471910143038036,0.1096294218078886,0.00632603110598672,0.046115612273299564,1.0,0.0,0.5,18,7.419416924315478,24.498533923072948
19,13,0.19403412470219486,0.8869282835359353,0.874754380609995,0.19035211562723822,0.22049172538788234,0.10858298942909438,0.00406587080717815,0.02965393472756256,1.0,0.0,0.5,19,8.25047388512965,24.111601017305617
19,14,0.19376207536618872,0.8866343783805851,0.8744550252311784,0.1927595050391238,0.1240469567378876,0.10839801293816578,0.00406234500412468,0.029647965586673968,1.0,0.0,0.5,20,8.217124021555925,24.157305866933733
19,15,0.19173542598389517,0.8892496479131219,0.8813693374063659,0.19635867463282206,0.13357036780188355,0.10748552074000411,0.00409333481266236,0.02968868412522923,1.0,0.0,0.5,21,8.57106330935535,23.57618162134368
19,16,0.19103233404975697,0.8885124992353617,0.8806227221686256,0.19577071074093827,0.12327551855763078,0.10692279321734971,0.0041080478773315296,0.029707758818255943,1.0,0.0,0.5,22,8.745269658526144,23.308263395552736
19,17,0.18452105320017556,0.8739041011321071,0.8610438833959413,0.20080626658911824,0.21394409371769038,0.10890592816665048,0.00403802598125619,0.029623371389879298,1.0,0.0,0.5,23,8.072601584965104,21.517557856323883
19,18,0.17461178045405962,0.8610285767726076,0.8477304782114773,0.20241395012994579,0.1359035771107789,0.10571480705548084,0.00361100311736078,0.02726649909721914,1.0,0.0,0.5,27,8.975943510790616,21.28771948290086
19,19,0.17385746444723776,0.86512710889202,0.8561892909174375,0.2126546424921497,0.11972874507925789,0.10461313519412387,0.00385752546054351,0.02827313448808023,1.0,0.0,0.5,29,8.87872532143541,26.41785101071907
19,20,0.19119248024944313,0.8816691877322647,0.8726261372914866,0.22775500611505364,0.1532580767993081,0.11300113323371765,0.0073291168508573205,0.04866982474067317,1.0,0.0,0.5,30,10.748199736752428,24.975336598281142
19,21,0.17467790416063514,0.8582339090731282,0.8445707339201067,0.21561909764277254,0.16097723798075356,0.10851134214652768,0.00422091545604142,0.03026761857924833,1.0,0.0,0.5,31,9.964801330375058,24.417977208239108
19,22,0.1746071058597995,0.8630571771891344,0.8537607911176949,0.22415157682142828,0.1241262293033294,0.10851134214652776,0.00422091545604142,0.03026761857924829,1.0,0.0,0.5,33,10.06568385207388,24.61896026061854
19,23,0.18418367452557693,0.8713607074499761,0.8619143036642234,0.23402116636953138,0.1575543603446681,0.11212822511119677,0.007095120584699489,0.04546938579593418,1.0,0.0,0.5,34,10.664463833139433,22.90852715546334
19,24,0.17072595791392034,0.8514430102057756,0.8374526984831252,0.22040455269796383,0.14903511385864623,0.10482405405193006,0.0059194171072949,0.03676980080060744,1.0,0.0,0.5,35,7.88293568166149,24.2709460764819
19,25,0.16949793634690122,0.8544874138375002,0.8447965244878273,0.2287016009350485,0.12831065279344864,0.11303848984199595,0.005283882429898671,0.01940047606126407,1.0,0.0,0.5,37,9.656663697283616,5.548037347377054
19,26,0.34819141042076895,1.0209031164648645,1.0061058579619826,0.4026183915062875,0.4192302715890173,0.20423841765499595,0.0092101401642922,0.2082119438529928,1.0,0.0,0.5,38,38.77815741438621,1.0297881509124558
19,27,0.3487292801935682,1.0126694233400133,0.9971035502032446,0.43552483327391106,0.3383173930072357,0.20787848972918474,0.01009986071216293,0.21432498468644487,1.0,0.0,0.5,43,42.93076872226123,2.456281826353499
19,28,0.3394860670352143,1.0024120730315902,0.9907409008935731,0.4374402450858416,0.3452390685979307,0.20178163053274284,0.010307987246028511,0.2146985515614747,1.0,0.0,0.5,45,44.352881800228985,1.5774824304910988
19,29,0.34677610036533485,1.0018651703033288,0.9855966835747391,0.44845709656846844,0.33502290445914884,0.206934752663078,0.01120743859147942,0.22190137137044957,1.0,0.0,0.5,47,45.67908631046323,1.97925260064542
19,30,0.34634168589883874,1.0050062708855192,0.9930080654731526,0.4585553328649541,0.32568328278610237,0.2063797437338804,0.01133976458176803,0.2233966900373638,1.0,0.0,0.5,49,45.59911478156213,1.0054137381142818
19,31,0.34917362733617396,0.9988601355569799,0.9821878330814479,0.4620412338672002,0.3457199939009873,0.20889488212632457,0.01234979988181458,0.22765918550860526,1.0,0.0,0.5,51,50.983956250420455,2.624924253156895
19,32,0.34919753566148526,1.0033225433270925,0.9909875200928305,0.4728237157919433,0.325416141589562,0.20834069836304006,0.01248955994720201,0.22919238371026998,1.0,0.0,0.5,53,50.91753900111011,1.6668146168947673
19,33,0.3475203652172604,0.9949740748018058,0.9781406709821002,0.47628136297282564,0.3409173988726424,0.20794681913952465,0.01239222499516824,0.22804230816523158,1.0,0.0,0.5,54,51.15636259907264,1.4595817328673166
19,34,0.356220040255063,1.0055298419645222,0.9928486773157993,0.4911142515193787,0.34298665861577166,0.21349517345655938,0.01351521751398511,0.23674598605443084,1.0,0.0,0.5,57,53.05613029730579,2.632402256370715
19,35,0.3592295930076865,1.0037256210462846,0.9866754991892822,0.4936013184288538,0.335666538118114,0.21247819488797967,0.01487098370550011,0.2449024682740623,1.0,0.0,0.5,59,55.42839871667624,2.2540274040692805
19,36,0.36021449058755944,1.005153330044405,0.9921661848065568,0.5252163533310154,0.3438366024718321,0.21490251054546702,0.0148951510490837,0.24506610611116142,1.0,0.0,0.5,66,56.38860069778674,2.213198357049757
19,37,0.35970018704575546,1.0092334013255337,1.0005950476718568,0.5338945072393874,0.3407183847573509,0.21374048736061985,0.015037247195260919,0.246602529368954,1.0,0.0,0.5,67,56.14513556699685,1.1830793656657006
19,38,0.359396263393297,1.0088712076158717,1.0002288198470841,0.5447988713854771,0.33691305379964626,0.2137742224699499,0.014972810531865218,0.24596775734519585,1.0,0.0,0.5,71,56.172614554179376,1.6063397886398516
19,39,0.35959051682871346,1.0090381371655321,1.0003938788110616,0.5561922378717399,0.3372351071179459,0.21371296578945984,0.015025954339832389,0.2464966715043299,1.0,0.0,0.5,72,56.151652222735926,1.2539667648439734
19,40,0.37478271694800624,1.0168866564184993,1.0037048124781578,0.5486667228162789,0.3653854307778549,0.22243351115768423,0.01765969475251459,0.2610349092937157,1.0,0.0,0.5,74,64.29569260997624,2.660555093482757
19,41,0.37341205661184174,1.0153513227990785,1.002158093633969,0.5738109401126057,0.3520849763294807,0.22115537104639585,0.0176496899704899,0.26096267940639384,1.0,0.0,0.5,78,63.8698987583723,2.648875490858281
19,42,0.37402832203943365,1.01980392917609,1.0109085214014946,0.5819627168237255,0.3639282314223411,0.2212293218501834,0.01782579687310895,0.26275304352496454,1.0,0.0,0.5,79,64.06328040201362,1.3688384677165013
19,43,0.32082781759389883,0.9657938039025282,0.956843601303697,0.5315834835028521,0.3079489280965185,0.20118464627135613,0.01550303608084944,0.19695068817679853,1.0,0.0,0.5,80,39.24133667897229,1.3111383711133613
19,44,0.12660341420000817,0.78494859732455,0.789019485892364,0.36513878314938153,0.12075887031762023,0.1031087323727693,0.007433639843831689,0.00555264786810933,1.0,0.0,0.5,81,8.549296624359517,5.973653097194986
19,45,0.12261505190055837,0.7658329027309939,0.7648617030606399,0.3557303331164724,0.20586993505240703,0.1016073986989071,0.0080560491176112,0.00620583569158527,1.0,0.0,0.5,82,9.381626217018017,7.582771867810758
19,46,0.1268992457196105,0.7688762805781951,0.7678253152775486,0.36616722063058876,0.12136956709938292,0.10592272055590625,0.00808315071411715,0.00676153897009567,1.0,0.0,0.5,83,9.581006029305186,7.908748352707946
19,47,0.1268696767850892,0.7736354369994384,0.7769474722564252,0.3779359745760667,0.11008111165250772,0.10594622620688052,0.00803536999836205,0.00673327481725586,1.0,0.0,0.5,85,9.565483945543322,7.740036544394355
19,48,0.12732060424989888,0.7730432866157446,0.7762885439577059,0.3846663215683769,0.12011424099815013,0.10660425177776141,0.00801481130104727,0.006826949140725,1.0,0.0,0.5,86,9.566601931168584,7.690394784893104
19,49,0.12649216575000233,0.7600850845242468,0.7585034664198023,0.37778376211334896,0.1794396574817826,0.10651527274430644,0.007965797106955901,0.00861007625405027,1.0,0.0,0.5,87,9.972388169776414,7.63413375248752
19,50,0.12648434782661672,0.7649081889681519,0.7676924784461017,0.3898220011201125,0.1113854046437486,0.10654086855559461,0.00791985118062798,0.00859279002444218,1.0,0.0,0.5,89,9.955472971289478,7.480043756634325
19,51,0.12694616861214658,0.7650579925547483,0.7678227936799311,0.39342316709846803,0.11431278491397377,0.10708081326106657,0.0079020026890371,0.008569364543557851,1.0,0.0,0.5,90,9.940998187283498,7.29605151483329
19,52,0.124163930545496,0.7569906511136729,0.7553611345120813,0.422187453702219,0.10946782951008167,0.10487554726430177,0.00718989488555772,0.0075611171882155395,1.0,0.0,0.5,94,8.73788867255126,12.509614400710095
19,53,0.12258845736705035,0.7493526476220667,0.7473483945875264,0.4359971252404636,0.13661875919675992,0.10219365961939665,0.0088955439206858,0.01220795161064623,1.0,0.0,0.5,96,10.23566159348092,11.551243700770057
19,54,0.12273407031250216,0.7641438400227776,0.7752471099430441,0.4258817762956414,0.1093749636513988,0.10377432019621109,0.0080539479079207,0.009411543926186181,1.0,0.0,0.5,98,9.294846575607838,5.45606192485253
19,55,0.12271223983480611,0.7689543321944262,0.784423733761001,0.45006750252884764,0.10901124400696298,0.1037743201962111,0.00805394790792072,0.009411543926186181,1.0,0.0,0.5,100,9.258695376910604,5.458880836812044
19,56,0.12371812735084473,0.7695159525975118,0.7849581445321664,0.45779516101597706,0.1136979519081055,0.10555052853700538,0.00502365241112491,0.00803988410675304,1.0,0.0,0.5,101,9.718797780304604,3.915331735120131
19,57,0.13692425158927338,0.826965414735175,0.8817489300075041,0.6141458565277416,0.12295242945918652,0.1098353789583357,0.00981808135367527,0.025987690986489898,1.0,0.0,0.5,122,8.2411751848669,1.9170412619617143
19,58,0.13780755014598742,0.8209762179095401,0.871268984433159,0.6075409535578743,0.14193689592597764,0.11275965930617741,0.00816292533576936,0.02262310565213878,1.0,0.0,0.5,123,8.12761607521705,1.9800740014174376
19,59,0.13992607599455661,0.8225381596857165,0.8727971152515418,0.6116394701866017,0.13137020258170395,0.11355673594538712,0.009089992646398,0.025466701211230854,1.0,0.0,0.5,124,8.444650016042852,1.3970920951033172
19,60,0.13442493992394405,0.8206377741648849,0.8751882254428267,0.6127753660690216,0.13332257185461321,0.10909611259234005,0.00874705232997257,0.02386521848832776,1.0,0.0,0.5,125,8.237248347344142,1.1826057187431136
19,61,0.13406476077057816,0.8123555490649726,0.8623531604552049,0.6144098902769276,0.14837433647047246,0.10856841892844632,0.00826967627849292,0.02523097015751204,1.0,0.0,0.5,126,8.436202209994137,2.782416968849488
19,62,0.1334914803363048,0.8163240040936512,0.8706702204417187,0.6264248340090478,0.12262007183155046,0.10833377803213153,0.00816416584034141,0.02469739781104697,1.0,0.0,0.5,128,8.119284735533972,1.3422467512844125
19,63,0.13349409661403844,0.8160895447511952,0.8704216873486907,0.6338125500450982,0.1226709817427954,0.10837133732573226,0.008163764986308029,0.0246994802638364,1.0,0.0,0.5,129,8.165122460695915,1.4389964694494044
19,64,0.13231814878962897,0.8180366178296995,0.8766325164985223,0.6413767730170741,0.13640380997806573,0.1076087530482637,0.00830946514859123,0.02447584718006476,1.0,0.0,0.5,130,8.07661074609016,1.5456270195381634
19,65,0.13231814874283745,0.8229836446097282,0.8859527070822928,0.6577544553080144,0.11984676310700637,0.1076087530251731,0.00830946516027976,0.02447584714484956,1.0,0.0,0.5,133,8.076610743706567,1.5456270175239282
19,66,0.13213491567602034,0.797785171337884,0.8388716595363953,0.5092892753879108,0.12224550889214408,0.10754056125190316,0.0083765854601028,0.02433691793169122,1.0,0.0,0.5,134,8.045481582894178,1.5597476425973844
19,67,0.13091361452728273,0.8255204163709389,0.8928025253281604,0.6688587363390656,0.1251532382030156,0.10690153667435222,0.00857564326282019,0.0234060879894054,1.0,0.0,0.5,135,7.678898301469912,1.4945879355590217
19,68,0.13785958400334145,0.8244997040061263,0.89539308344014,0.6606200589392491,0.18505170335238236,0.11201388435997713,0.01098388519603183,0.03084455031216727,1.0,0.0,0.5,137,10.207322393606042,2.8526858226255505
19,69,0.13784621528361538,0.829331822813275,0.9045924386691279,0.6810732507031156,0.12788170520692607,0.11201388435997714,0.010983885196031811,0.03084455031216728,1.0,0.0,0.5,139,10.20272566246694,2.8396136336744986
19,70,0.13781211295720658,0.8339857575538998,0.9136044285959575,0.6903398108346911,0.12857237319745451,0.11201388425465715,0.010983885274799331,0.030844550090269752,1.0,0.0,0.5,141,10.187494976097314,2.795871507212825
19,71,0.13779375891970758,0.8387750193896517,0.922758763147034,0.7108810363927851,0.1280495814610661,0.11201388425465715,0.010983885274799331,0.03084455009026984,1.0,0.0,0.5,143,10.158947878482314,2.711966630324555
19,72,0.13031077389775586,0.8293227289502413,0.917278947500021,0.7308618489784172,0.12755345690084685,0.10643769876721791,0.011832297365471669,0.0287655011089523,1.0,0.0,0.5,152,10.069821950996088,2.8825097461801024
19,73,0.13020925656212795,0.8371524621696884,0.933742063104611,0.8259443778401419,0.12189888859711534,0.10327806341101751,0.01028559336784557,0.035343884700612435,1.0,0.0,0.5,170,6.170827726103107,4.917028896655708
19,74,0.1316359820786875,0.8369697060340566,0.9375574967892897,0.8442977996238469,0.179811553452593,0.10466837001117922,0.01009342019476187,0.03687186772287336,1.0,0.0,0.5,171,6.90094173146663,2.8936951230107257
19,75,0.12933714160676615,0.8293709907103906,0.9296580670134277,0.8489514539653524,0.13650833695403966,0.10412820972207462,0.0094847209570796,0.03443853804700513,1.0,0.0,0.5,174,6.760647021317418,3.0734765623063858
19,76,0.12864548403483492,0.838334545190517,0.9473543849158128,0.8839939456567459,0.12101962496189736,0.10369984293922252,0.009460325867689209,0.033958992836373894,1.0,0.0,0.5,180,6.840386704261916,3.0304487181495445
19,77,0.13100532861117886,0.8088918971484934,0.8956479005556014,0.8596855276967075,0.1438161784439037,0.10492546799267899,0.01231888279926736,0.03755619327771672,1.0,0.0,0.5,183,5.563504368925923,7.674293703546049
19,78,0.1380899075848796,0.8036656675943207,0.8897356969163827,0.8723379029181422,0.1836391828520681,0.11200080632700837,0.0102023185610187,0.03960430962251919,1.0,0.0,0.5,185,5.574476591983967,6.100810722718398
19,79,0.13707552031709358,0.8004398394632406,0.8863875292742603,0.870976412004413,0.14941673943192646,0.1123593988484235,0.00946148909587648,0.03718896883192576,1.0,0.0,0.5,186,5.707942163384196,9.4051008637852
19,80,0.13491406092892508,0.8026794261519484,0.8929700994868847,0.8872344755015232,0.1333785145922411,0.11055622188812836,0.010871405232402171,0.0365525457440753,1.0,0.0,0.5,187,5.5519023858927685,8.009870006874623
19,81,0.1341576293847637,0.79665416122295,0.8866543769656651,0.8856047862024271,0.17237082268483953,0.11281920248715654,0.00977898943144046,0.03126088404480961,1.0,0.0,0.5,188,5.687409659833147,8.960787636987002
19,82,0.14559924904306648,0.7996606638382315,0.889198400599687,0.9221065234282056,0.15794041464073183,0.11893723628890038,0.00947694110670906,0.04300531914104047,1.0,0.0,0.5,192,6.347752691112539,8.84240227367069
20,0,0.6514681900282024,0.9613620719237734,0.9593730385542676,0.05562643060581451,0.0,0.0,0.0,0.0,1.0,0.0,0.5,1,27.31098640208588,67.46751847813917
20,1,0.48617152285843024,0.9933487333405839,0.9892788834039922,0.12271304513980136,0.2297500205822194,0.07235157992750686,6.972532309563999e-05,0.00011105487766212,1.0,0.0,0.5,3,18.66860232288292,42.9479407296578
20,2,0.46646984207483533,1.000478654705056,0.9960086538707459,0.13836251495548607,0.14785667978094746,0.08638232600552606,0.00049028940768234,0.0018550688647845201,1.0,0.0,0.5,4,9.25584230628716,11.495777720334448
20,3,0.3287790155794023,0.9564983377044712,0.9500761690968275,0.12389729544392747,0.37686987539932576,0.08102805947607125,0.00027890129238258,0.00044421951064850995,1.0,0.0,0.5,5,12.52610215440179,25.844124222923995
20,4,0.32201392592546196,0.95937011343755,0.952663544043929,0.13417847193297047,0.13346876757665008,0.08828362121808978,0.00077929020039988,0.00272812243308438,1.0,0.0,0.5,6,7.208762531404495,3.295943497168637
20,5,0.21481408178191233,0.9026903139331631,0.8933101728936871,0.11723822581713668,0.4879856707484283,0.08440191575126356,0.0006275279078608,0.00099949389895911,1.0,0.0,0.5,7,9.378649890156222,10.701507280248132
20,6,0.1726240665972552,0.8676637009256613,0.8563680581576693,0.1136081551962948,0.2319290678235352,0.08619644482018272,0.00111560516953032,0.00177687804259402,1.0,0.0,0.5,9,8.845645358805822,5.515754028855585
20,7,0.1718414968752822,0.8717780767295854,0.8647986411639011,0.12217160861397722,0.09166480442355597,0.08640046899313655,0.0012030307444221599,0.0019161249631258301,1.0,0.0,0.5,11,9.075314445606033,5.312818078614462
20,8,0.16805515694991607,0.8622479009146804,0.8504620037187083,0.12766222305454528,0.12395754163902886,0.0904744003808418,0.00090672854480252,0.0014361674669361,1.0,0.0,0.5,13,8.10231569278867,3.6894846843380784
20,9,0.16288916323103303,0.8568121846140133,0.84826004682406,0.1457397273298228,0.2752566169668984,0.10168411804272572,0.00193337592615388,0.00251783611519203,1.0,0.0,0.5,14,12.882706679512026,2.8298967103181107
20,10,0.1590654356129539,0.8562049712708385,0.8517679985237052,0.15081926883627061,0.12190848608327061,0.1010796287923684,0.00201078463206739,0.00264112868643499,1.0,0.0,0.5,16,12.840870341732089,2.7449606277459258
20,11,0.1614486305615281,0.8517886141556735,0.8427279844110956,0.1574954732939324,0.1267384291793684,0.10623083901520387,0.00203256706635981,0.00313222234105487,1.0,0.0,0.5,18,11.999580741721692,1.6947235307569524
20,12,0.15743383757428123,0.8511593286511251,0.8462758663724682,0.16212709849448645,0.12084805219138678,0.10446659219235331,0.0020857119236007303,0.00312255417322895,1.0,0.0,0.5,20,11.819191413008967,1.9001301171903
20,13,0.1612302371415795,0.847794411234956,0.8382779448365609,0.16948376782625998,0.13230551758735545,0.1106805504425131,0.0022718075418752997,0.00395362643689895,1.0,0.0,0.5,22,11.38936421938516,1.0261236165699192
20,14,0.15732035117174,0.8469845383378853,0.8416373924551112,0.17456684140709097,0.12627399236382197,0.10889205606448663,0.00232183294957415,0.00393631606054504,1.0,0.0,0.5,24,11.28045253869814,1.114911657115104
20,15,0.1548580125496126,0.8430883588234408,0.8375895685406525,0.18338393151559457,0.12137585211919612,0.10810383334710932,0.00253143305454192,0.0036119433419217204,1.0,0.0,0.5,26,10.244614323101116,1.0798792836828952
20,16,0.15165982080757134,0.8397439605549927,0.834230004509177,0.18278328199790816,0.10915577313664424,0.10526563649791426,0.00234204462668694,0.0031891210848254805,1.0,0.0,0.5,27,9.989305496989212,1.2289061149874254
20,17,0.15369964511717848,0.850631761442699,0.8537569836256121,0.19117275648876,0.12613881428614987,0.10787523444447537,0.00243667129047238,0.00411969780455294,1.0,0.0,0.5,28,11.89213024212057,1.271355867902462
20,18,0.14711062443041356,0.8317752269294801,0.8259195379297997,0.1908592230264875,0.12326701879257493,0.10406162796891318,0.0020349000214087702,0.00293563212026487,1.0,0.0,0.5,30,12.141381806387123,1.9054065699827425
20,19,0.1536673315315738,0.8379696403735067,0.8320790861983577,0.19676656177008434,0.11767627452349692,0.11021381065708125,0.00275285943819797,0.0043752118187142,1.0,0.0,0.5,31,9.700302885830654,0.923976032025999
20,20,0.15250495339235973,0.8414523273750859,0.8399060293214176,0.20440971728145282,0.11368273782343674,0.10920987447765296,0.00288958069339871,0.0045769892158569105,1.0,0.0,0.5,33,9.84006880093724,0.8772768328136925
20,21,0.14738033744518847,0.826523953913308,0.8201589359734144,0.20379021251122842,0.17755775623599623,0.10828432649786247,0.00235669861023903,0.00377602276984546,1.0,0.0,0.5,34,11.75660975154392,1.0553132229200195
20,22,0.14484209364554226,0.8234505391794247,0.817038357043177,0.2040485893669261,0.11514547811752746,0.10625707400114882,0.00222928250896821,0.00351573474782308,1.0,0.0,0.5,35,11.554100571116372,1.2008945494998065
20,23,0.14885048705975024,0.8232559033087065,0.8164844078280394,0.2171472753320537,0.13291336620377603,0.11242281581020365,0.00277186342260901,0.00475442533274685,1.0,0.0,0.5,38,11.644747112154498,0.6717931412314311
20,24,0.14600616088081184,0.8192620581273855,0.8123953465884689,0.2172128813889153,0.1270544372826687,0.11041588530496835,0.00265078183961317,0.00447973196440587,1.0,0.0,0.5,39,11.456006652363849,0.7404976131927026
20,25,0.14790528747519438,0.8257671296477076,0.823245543152558,0.23227697782363846,0.11900435442655495,0.1124122696430121,0.00272054985017721,0.0046924614258623005,1.0,0.0,0.5,40,12.036295664895736,0.6688308976089244
20,26,0.1428195442552168,0.8130795151671492,0.8059699902893189,0.22256154930499294,0.12742922676092033,0.10839343087545121,0.0033016453438025105,0.005593146148082919,1.0,0.0,0.5,42,13.832533684265996,1.1382479767340796
20,27,0.13997686203185536,0.8090611805734371,0.8018583043558705,0.22257388879604664,0.12310118849652966,0.1063266649200443,0.0031802812442347796,0.00531656541365064,1.0,0.0,0.5,43,13.629791979470646,1.307260274162276
20,28,0.1362233281705625,0.8283678473770093,0.8428994967586816,0.2717043558449309,0.11603459887520136,0.10284133023620702,0.00389965171125135,0.006530713819855901,1.0,0.0,0.5,45,14.125726666263532,2.8543499215738324
20,29,0.14447773435467462,0.8087043091270274,0.8011258373531916,0.23575661907992937,0.15287087294526033,0.1125324552170127,0.0038566599284426,0.00678359720941316,1.0,0.0,0.5,46,13.96461190733475,0.5723845661266578
20,30,0.14445169186289689,0.8135700756576463,0.8103605901226982,0.24572383698570585,0.11624045250560805,0.1125324552170127,0.0038566599284426102,0.00678359720941317,1.0,0.0,0.5,48,14.05539117760098,0.5753195945868972
20,31,0.14870255284371361,0.8087908925322117,0.80090361375866,0.25098942740089136,0.14504326931774117,0.11795346213176026,0.00450504073662241,0.00811206018406423,1.0,0.0,0.5,50,14.369599545857312,0.4730944208933718
20,32,0.13891447656514777,0.8276747116955324,0.845952380338158,0.2981485917098457,0.12384279568897268,0.10910209098606573,0.00417258192903297,0.00709397081824205,1.0,0.0,0.5,51,14.162880592038883,1.793015401557612
20,33,0.14619747954160137,0.8081736479186745,0.8044368992640051,0.2618746065692567,0.13200836187350956,0.11686674172582023,0.00439634567360467,0.00780666875699471,1.0,0.0,0.5,53,14.283249330676682,0.4894925722450294
20,34,0.13569108358318493,0.8265439194914771,0.8489882262933025,0.30831283905847867,0.11934015292920419,0.10713820150887811,0.00402955713170259,0.00688955575079154,1.0,0.0,0.5,54,13.58042983598169,1.8832865863552184
20,35,0.1507742739618547,0.8334488464927784,0.8512905336214889,0.323606492191073,0.1615934483276257,0.12223319727934265,0.0050285995128288696,0.00931809933266891,1.0,0.0,0.5,55,17.29246828946978,1.46588238029742
20,36,0.1445554728030377,0.8245400796100769,0.8421939150143781,0.3306230344810192,0.12873357413273193,0.11735016253320153,0.00501663190301329,0.00856447338486022,1.0,0.0,0.5,59,13.849349437168543,0.8613794388701713
20,37,0.1446937186307222,0.8294961254496219,0.851514174079637,0.34098396292756644,0.12249230332027647,0.1175408716024537,0.00500186077886607,0.0085490065929632,1.0,0.0,0.5,61,13.797751626720576,0.8162762545879889
20,38,0.15904762328893685,0.8092142085331484,0.8006196749921025,0.2935364679408465,0.13624553042191237,0.12992857571968572,0.00688869267904776,0.012486067854929141,1.0,0.0,0.5,62,18.419171624209536,0.4837831226687104
20,39,0.1373392782246457,0.8136181720549677,0.8350577744925943,0.34383740425782167,0.16087976245678337,0.11210371793458813,0.00766844820763588,0.01014012342140401,1.0,0.0,0.5,64,13.020863276467455,1.2813528854588017
20,40,0.13342697879705126,0.8084455593517101,0.829801036436969,0.3984575705449619,0.11525639582708844,0.10212739698669761,0.010496299956683431,0.02301584161136895,1.0,0.0,0.5,72,13.143532811019178,1.7696867284968518
20,43,0.12874709685092156,0.7906709759766902,0.8152440626980442,0.42501058092628186,0.13302963232189663,0.10245801914847276,0.00853809046272791,0.02180555471165474,1.0,0.0,0.5,80,11.387189567414376,2.028030307843908
20,49,0.12642228059763358,0.7787639779094635,0.8109005833207094,0.532571928913583,0.116742037379281,0.09972361895115726,0.012202976444408679,0.02962492687354228,1.0,0.0,0.5,102,13.189279860940104,0.932705022962696
20,50,0.12640149050874042,0.7787102718285862,0.8108449163631094,0.5396621154575244,0.11480765581121172,0.0997316755645746,0.01221754946831448,0.029577377780348513,1.0,0.0,0.5,103,13.213742862742327,0.9245605699290796
20,51,0.12186332695465132,0.7775694865328999,0.8180661895190342,0.5309250790447734,0.12269712014703917,0.10026904928424328,0.00777858600087448,0.02136193595522928,1.0,0.0,0.5,108,14.6524154394432,1.4549564325858864
20,52,0.12088294445556746,0.775216528641792,0.8156329877494141,0.5333381773973402,0.12202812868603011,0.09951062817237975,0.00786576223475116,0.02129009846290315,1.0,0.0,0.5,109,14.750246443680991,1.4210801833802782
20,53,0.12136647390990656,0.7782700310032636,0.8229212964101135,0.5494941934439324,0.1314353923123752,0.10026904928424332,0.00777858600087448,0.021361935955229262,1.0,0.0,0.5,110,14.240219796608146,1.3754800691477045
20,54,0.12503285035210027,0.7819043575166418,0.8265536696661677,0.5495722734710619,0.11479748093558133,0.10298460481956596,0.00870034334345081,0.02327500129290371,1.0,0.0,0.5,113,13.84904006799681,1.0439219221049312
20,55,0.12419827669361286,0.7797865919096745,0.8243612595409522,0.5557685098454198,0.12509396747258542,0.10231966483985844,0.00870417367974805,0.023269659250206128,1.0,0.0,0.5,114,14.26197296921163,1.0390918699747818
20,56,0.12232983418982893,0.793308503740727,0.8551208795094059,0.6811513440509429,0.11417330992679688,0.10321559852321183,0.01271325501507169,0.018849796153751562,1.0,0.0,0.5,138,15.259653947759071,2.5139591023737213
20,57,0.12125650273057031,0.7817407963154976,0.8429515487418173,0.6897187205897116,0.15879849338983254,0.10313082338930273,0.013384767489217238,0.01925705942347735,1.0,0.0,0.5,140,15.655880316715104,1.430310396264889
20,58,0.12648250818600887,0.8084973593580396,0.891391915140786,0.9573954566942922,0.11886785048288537,0.10848067561777683,0.009593167990822481,0.01967153763919547,1.0,0.0,0.5,191,16.01611169894804,0.6064872870484846
21,0,0.8678842909487146,0.9869031284494578,0.9862288742549578,0.06126323521789517,0.0,0.0,0.0,0.0,1.0,0.0,0.5,1,8.616573502199536,66.47925740208714
21,1,0.6424834581939657,1.028563852701582,1.0258988392715367,0.13666040949306238,0.2308662051848341,0.08026333899871055,8.513350093257e-05,0.00013765790648506002,1.0,0.0,0.5,3,6.257010185070181,44.07147586462433
21,2,0.2653660991103482,0.9465741156613585,0.9425270682503393,0.14203617048517395,0.5403775265717916,0.10422182713406437,0.0010978057213681899,0.00194082438267984,1.0,0.0,0.5,5,2.5652502671742434,4.512894401754209
21,3,0.24841138461353846,0.9359750787560812,0.9314685637080342,0.14330455639970557,0.1382712864971756,0.10317876676496013,0.00038776615691362,0.0006791112754047999,1.0,0.0,0.5,7,2.451383985932752,2.983510754232916
21,4,0.24064783360717973,0.9251746095245891,0.9161301250454031,0.13986703501337996,0.11331406020715014,0.10058620621486142,0.00033101886647071,0.00055951103286651,1.0,0.0,0.5,9,2.216975316644564,2.595408038830626
21,5,0.24064678570204723,0.9301209569745671,0.9254496134409269,0.14557384583530078,0.10086867171619648,0.10058620621486133,0.00033101886647071997,0.00055951103286651,1.0,0.0,0.5,11,2.2203364329636197,2.599403507748229
21,6,0.23563151445533065,0.928876468501085,0.9238214056595383,0.15630354552531472,0.16510440203235743,0.10624535090135152,0.00065096369297416,0.00165975253719709,1.0,0.0,0.5,12,2.7169728289827404,3.3151312335999066
21,7,0.23563151449312822,0.9338234953218119,0.9331416222924862,0.16259362858567725,0.10707539087014956,0.10624535090135152,0.00065096369297416,0.00165975253719712,1.0,0.0,0.5,14,2.7169740164861595,3.3151305766990333
21,8,0.23590346856805366,0.9266403330634184,0.9168941766102859,0.17693072058202675,0.1640516372965009,0.11567303030195496,0.00029071580799361,0.0005796277394826399,1.0,0.0,0.5,15,3.4736161508051064,2.490047764462032
21,9,0.23590346034522344,0.9266403330634184,0.9168941766102859,0.17693072058202675,0.11596301963051336,0.11567303030195496,0.00029071580799361,0.0005796277394826399,1.0,0.0,0.5,17,3.4736136431296547,2.490046434478844
21,10,0.22705649175538486,0.9202043891065664,0.9100226351618738,0.18823376905653938,0.15092508819649889,0.1176656058953948,0.0003449378211055,0.00064556301763911,1.0,0.0,0.5,19,3.0467265783460227,2.784179742481771
21,11,0.2270564908598765,0.9202043891065664,0.9100226351618738,0.1882337685359336,0.11798856551099775,0.1176656058953948,0.0003449378211055,0.00064556301763911,1.0,0.0,0.5,21,3.046730093316273,2.7841816253569247
21,12,0.19056531488936923,0.8993623872508442,0.9020890599775316,0.17654167048496275,0.1023618978178309,0.08550437928491825,0.0010529157404770401,0.0018006487693273201,1.0,0.0,0.5,23,3.182288650683048,1.805421748341005
21,13,0.2207231078453122,0.9196302518206487,0.9136094036255111,0.18592703757182383,0.11677136205203656,0.11622205991000073,0.00040044806719815,0.00073532115259043,1.0,0.0,0.5,24,2.9418584769002383,2.2900874476904645
21,14,0.18591936519542374,0.8906226263436183,0.888629217095182,0.1781487364378451,0.14163243372755155,0.08825923172498631,0.00128201377596051,0.00218298360010222,1.0,0.0,0.5,25,2.9494341660672365,2.0150599331363765
21,15,0.18510136368867372,0.8947916526809777,0.8971461479555971,0.18845675765528047,0.0909731187312878,0.08792313554172317,0.00133533715130394,0.00228041281792696,1.0,0.0,0.5,27,2.9905620132467683,2.0505066883330647
21,16,0.18870532104782303,0.8984198406223102,0.9007580518718027,0.208905649624257,0.09547234160191506,0.09164598266957766,0.00124358537428924,0.0027243434683061002,1.0,0.0,0.5,28,2.915415342072068,2.4263834336872026
21,17,0.19931761421725347,0.8993358584239889,0.8928443644399435,0.19865983235887436,0.11873077487575825,0.10290960473191721,0.00201468259272332,0.0050565574453132105,1.0,0.0,0.5,29,3.893510708964977,4.078712191687663
21,18,0.18617696374750553,0.9010596981169869,0.9075267445426134,0.2128582093271868,0.11910485773485552,0.09364831186614181,0.00126775838817811,0.0035977032379554,1.0,0.0,0.5,30,2.927972036619582,1.006534438253008
21,19,0.19459059400556947,0.9193831891125884,0.9345128340323542,0.21959914033215658,0.11816637130657237,0.1029441542925195,0.00203906670293881,0.00511775798107145,1.0,0.0,0.5,31,3.34444509824791,3.445331686823794
21,20,0.18230123021945072,0.902153137552838,0.9127898223534967,0.21467710867214562,0.1047445389159811,0.09249152958205914,0.00321310973860996,0.00611049658123521,1.0,0.0,0.5,33,3.08190432192272,3.06539118347895
21,21,0.18110700750277076,0.8958061752843474,0.9018769701898335,0.22838649483564818,0.12675743333220035,0.09577542372968101,0.0016235783131221398,0.00423108823950713,1.0,0.0,0.5,34,2.671481430588024,0.9870158933021924
21,22,0.18108798120783462,0.9007328209826133,0.9111757298272429,0.23718401327601496,0.09797022801098204,0.09577542372968101,0.0016235783131221398,0.00423108823950713,1.0,0.0,0.5,36,2.6892042314329507,1.0026169745334024
21,23,0.24818825495830982,0.962576405321502,0.9684576862596836,0.3039388934072891,0.19684638631453943,0.155868480957091,0.004368422773017111,0.02494845403336398,1.0,0.0,0.5,37,2.961811388073406,2.0935480853525457
21,24,0.18241703169480808,0.8916984900086129,0.8929390645353512,0.24201104730815512,0.15278419684657135,0.08423339990894288,0.02187070880260851,0.0467509851434681,1.0,0.0,0.5,38,4.038181830095784,2.355303097871091
21,25,0.1662713802903237,0.8702255116939688,0.8704413871986585,0.24479298027364374,0.14360332733301648,0.08627375528846883,0.0210419935345313,0.0395340848872165,1.0,0.0,0.5,42,4.564967467243787,2.787036846684243
21,26,0.15938478930751548,0.8588410327603684,0.858427588940831,0.2522150525530676,0.1386063378816195,0.08948088652630619,0.01563268031604391,0.03480002130559355,1.0,0.0,0.5,45,4.032616819874246,5.239207940375273
21,27,0.16231325351572445,0.8648523631804181,0.868586060522209,0.2689789483575261,0.1294258804966207,0.0874903271504608,0.02540989772195661,0.04969118032511661,1.0,0.0,0.5,47,3.922093663809199,4.106558560912797
21,28,0.17541788714641704,0.8778738955258474,0.8815978790803062,0.27533477891901115,0.12628022124189997,0.07398051948069999,0.05256854024843938,0.10313106209230058,1.0,0.0,0.5,49,4.251474282749568,6.232553025188468
21,29,0.15531574902271766,0.8545366362477946,0.8578996607846843,0.2671053145397679,0.1638076010526071,0.0777296940417101,0.03703258714207705,0.06298199186567374,1.0,0.0,0.5,50,4.478045150870639,5.448563782928657
21,30,0.15531574902271766,0.8545366362477946,0.8578996607846843,0.2671053145397679,0.10922111138102555,0.0777296940417101,0.03703258714207705,0.06298199186567374,1.0,0.0,0.5,52,4.478045150870639,5.448563782928657
21,31,0.14744974611119072,0.8412590451820041,0.8440750392715588,0.27178331702511094,0.18978912835349324,0.07503544448777759,0.03690049876869301,0.06306783751649876,1.0,0.0,0.5,53,3.610473929145528,8.607928365416763
21,32,0.14134891004188083,0.8345552579271031,0.8412411980433839,0.2869337700600333,0.12989646574043193,0.07294152418545619,0.03798369639420292,0.06350396231973636,1.0,0.0,0.5,56,41.864174442150805,6.215171213384656
21,33,0.14300061102427938,0.8352222145504951,0.8418225473483502,0.298527351064145,0.1134953887263275,0.0752125384460296,0.03836898448874579,0.06362170654561476,1.0,0.0,0.5,58,41.83210567309531,5.833479614130578
21,34,0.13556005067299656,0.8225988611722697,0.8287650319406593,0.2861125786545287,0.16849656055317824,0.0702929176783789,0.03614928895607865,0.06508203570128364,1.0,0.0,0.5,59,36.76529540220653,6.081677401695066
21,35,0.1372324236014649,0.8231543362241386,0.8292301094257093,0.2880366657624935,0.11198153774505107,0.07263482857295074,0.03652188758120724,0.06502120884408084,1.0,0.0,0.5,61,36.685425865761786,5.764802808666797
21,36,0.1372324252733976,0.8231543574195963,0.829230124753997,0.28803667250031983,0.1051456371043284,0.07263482880293937,0.03652188970456209,0.06502121303219989,1.0,0.0,0.5,63,36.68542596751508,5.764802550247592
21,37,0.13610719063242138,0.8106836267891426,0.8118860700933119,0.3044401106198484,0.18298084232512835,0.08034261940437624,0.03542703838141983,0.053989775078172264,1.0,0.0,0.5,64,36.68124588445245,5.825404713179735
21,38,0.13774959601044912,0.8254064407311836,0.8395953612406681,0.3195369035399157,0.11650709834494594,0.06457731348778897,0.04465420495630801,0.09045099681437249,1.0,0.0,0.5,67,38.10353149680998,9.28585336765743
21,39,0.13669388220795145,0.8181993088537095,0.8279251161204614,0.3220338105933869,0.12288907342280425,0.06468300773979484,0.045524249267648934,0.08921408132815835,1.0,0.0,0.5,68,39.57259584936728,9.326905807278628
21,40,0.13575750528416997,0.8153230964030059,0.8249056274036914,0.32805316186607114,0.12003178457279612,0.06455161350154741,0.04558554481509924,0.0892909446183255,1.0,0.0,0.5,70,39.8230318207674,9.140260511165987
21,41,0.13355410987410143,0.8171954980875983,0.8310874162856449,0.3292013016718139,0.11702792844647984,0.06271874076197657,0.04516872948230188,0.08928552011670557,1.0,0.0,0.5,71,39.56579098662495,9.59369493299717
21,42,0.13156231675908728,0.8107951812060435,0.8243700599176259,0.34128959260949876,0.1550475308732234,0.06247078636486338,0.04559382419428043,0.08929771133604252,1.0,0.0,0.5,72,39.44347552801072,9.529650437131377
21,43,0.1345949534872695,0.8130490058263675,0.8265687440325464,0.33755543117548475,0.11461135947779172,0.060801708189809886,0.050498945156112376,0.09928549741179694,1.0,0.0,0.5,74,39.02708977159422,9.06597387773938
21,44,0.13305890938497555,0.7981065654251529,0.806668857576103,0.3428218270232001,0.20016329008117809,0.07483337316804702,0.04879656566274561,0.073931381577443,1.0,0.0,0.5,75,39.30956739253664,9.73745463277356
21,45,0.11507101704749034,0.7879770895856177,0.8051457227331044,0.4383420940197553,0.09522388990418038,0.06345944475405464,0.02783864977096926,0.0620706177724004,1.0,0.0,0.5,106,16.857964182526743,10.442513804562449
21,46,0.10694830066890382,0.7586831168649297,0.7704282222952885,0.44504727140679234,0.2478975240293994,0.06283316369111222,0.0229292821146581,0.05543667343209189,1.0,0.0,0.5,107,14.160598140607902,7.909581964859697
21,47,0.08763888759412321,0.7291536625969397,0.7402633705572683,0.452132520663249,0.08937947625271911,0.06469649579303104,0.02274141341753981,0.01733671621689226,1.0,0.0,0.5,113,16.344417315854212,12.055518049092807
21,48,0.08666801684275946,0.7319243694577051,0.7473334311493164,0.4602260539014675,0.07821392181159352,0.06409225001864768,0.0229303069790273,0.017059663376510832,1.0,0.0,0.5,115,16.9012117845179,12.769973351674755
21,49,0.08815919971954866,0.7370980079511132,0.7568030609072613,0.48796997929869784,0.07726643013408167,0.06578302838968017,0.022879350962654522,0.017129732779178487,1.0,0.0,0.5,119,16.82395957329755,12.134028168854885
21,50,0.08813428875150081,0.7369367328839367,0.7566334856213093,0.48793291294582025,0.07497236286228388,0.06578302838968017,0.022879350962654522,0.017129732779178487,1.0,0.0,0.5,121,16.818149670686637,12.184792924509376
21,51,0.12339139948731113,0.7802198412627895,0.8085493619495371,0.6122271751208177,0.11093708642444522,0.07068162140979474,0.03601388415498074,0.07852256534141835,1.0,0.0,0.5,140,18.100661886917987,6.880387771675359
21,52,0.12292194598222911,0.7789758205822896,0.8072584204292874,0.6116923492358272,0.1165244442415477,0.07043713207851396,0.036229529292319027,0.07834632984737014,1.0,0.0,0.5,141,18.12570959600381,6.883046010686575
21,53,0.12393158222121736,0.7851588204543529,0.8219035260016399,0.6387276056537505,0.15388315924116208,0.07079133860688773,0.03820219878903232,0.08125781074449503,1.0,0.0,0.5,142,18.23972847328929,7.260294962351115
21,54,0.12098615015487274,0.7770619469433662,0.8134997325853173,0.6508704324713389,0.15545630450153541,0.07116559961641182,0.03852575282682526,0.07623932868511438,1.0,0.0,0.5,143,17.93005420585489,7.380855234750373
21,55,0.12760624499343243,0.7831551391817515,0.8195617094967963,0.6782194737019016,0.11651520514261879,0.07170301123735971,0.04062210617867768,0.08856341573513425,1.0,0.0,0.5,153,17.895502207491525,7.24886802891092
21,56,0.12460657035999992,0.7792458494703994,0.815598614835275,0.6543391225368402,0.12015936701804883,0.07080268202906129,0.04561285509369077,0.08463606949404202,1.0,0.0,0.5,154,17.43247102349017,9.985826464099745
21,57,0.12490814372521465,0.7790074485394999,0.815328301650176,0.6653785750012928,0.11868391037525562,0.07097178595978715,0.04089869134859171,0.08506036411628035,1.0,0.0,0.5,155,18.21883573953749,7.455757966615421
21,58,0.1229776671819747,0.7946590250333763,0.8524260734563153,0.7392692192291761,0.12057892925072494,0.07280873887189536,0.03790706990539056,0.07952171227235481,1.0,0.0,0.5,163,18.07046041395607,7.286502959185685
21,59,0.12297127557884799,0.7946043265415866,0.8523685689974576,0.7392566454608652,0.11261811890167128,0.07280873874608529,0.03790713488962012,0.07952171310234527,1.0,0.0,0.5,171,18.06346555688245,7.323311636643458
21,60,0.12532978047821833,0.7996600971458466,0.8616665955834862,0.7965744972617478,0.13398944003104735,0.0690703117643921,0.04452260685767695,0.09230205051445241,1.0,0.0,0.5,172,17.933734370704784,7.034287945964178
21,61,0.11799766416656843,0.7920791955438348,0.854071231370113,0.7892128140597332,0.10867926356819937,0.06909876398357127,0.04454257493366172,0.07764465408177078,1.0,0.0,0.5,175,17.938345355450128,7.931509968048951
21,62,0.12275494867865452,0.8013011975976135,0.867638416886078,0.8078247803802444,0.11686756528545758,0.06939015191400096,0.04488512918149569,0.08669857655660312,1.0,0.0,0.5,176,17.85846469184626,6.894516027712588
21,63,0.12000691688869719,0.7878852270740176,0.8454312478131116,0.7883357936153489,0.11199412322065186,0.07014046607875453,0.03959603702090281,0.07989760626088153,1.0,0.0,0.5,180,17.99359814593468,7.637107726069675
21,64,0.11558546995504085,0.7980650005754206,0.8687166384286571,0.8272539585189984,0.10620312724581041,0.07080240679888951,0.04083313512202297,0.06979039917365375,1.0,0.0,0.5,183,17.870205682608614,6.873482398517022
21,65,0.11720004122050837,0.7944234772277239,0.8606840302820664,0.8411684887456883,0.1078264419219862,0.07092425682688269,0.04207860213636057,0.07285351381025985,1.0,0.0,0.5,189,17.88201119448731,7.481354155517872
21,66,0.11712740029384493,0.7942939852378884,0.860551248878276,0.8410888597383883,0.10753985259294975,0.07093200280319735,0.04201549646563177,0.07270689167858227,1.0,0.0,0.5,191,17.882713095020755,7.48232873803579
21,67,0.1198373755224443,0.8107119101486688,0.8900231311574539,0.9125424089835852,0.11499262079457852,0.07130446683356984,0.038506660974702324,0.07766148116731753,1.0,0.0,0.5,193,17.79268472333147,7.060061954142808
22,0,0.6147794641926349,0.9562007791174717,0.9539460052002914,0.05448914551080913,0.0,0.0,0.0,0.0,1.0,0.0,0.5,1,30.35630792276748,66.90627723068314
22,1,0.44664716806736204,0.9766464365735253,0.9722389122315175,0.11112041611490334,0.22504574698209054,0.06221968620474443,6.992898632203999e-05,8.844503255730001e-05,1.0,0.0,0.5,3,21.396750614083512,43.7874814633996
22,2,0.2939912968547568,0.936211459648728,0.9293314568726535,0.11051882021000058,0.2568248753363467,0.06968113812347888,0.00027971594528817,0.00035378013022920003,1.0,0.0,0.5,5,13.835445974018167,23.396220547306108
22,3,0.19490211449243333,0.8935816277558666,0.8876269128005272,0.12283105839136556,0.34996360338298027,0.08901526389204209,0.00023712844102430998,0.00048258682993004,1.0,0.0,0.5,7,7.305470188697334,5.074388367229619
22,4,0.1786522852684077,0.8736691336436865,0.8627660221533487,0.11649848779835525,0.12896072092937844,0.08523905170752326,0.00026731398771952,0.00045326065027486004,1.0,0.0,0.5,9,6.196518104695349,2.5810202300901195
22,5,0.17865055501393665,0.8786144997803609,0.8720844442012153,0.1323902936887665,0.08547207485002344,0.08523905170752326,0.00026731398771952,0.00045326065027484,1.0,0.0,0.5,11,6.189480555424933,2.57098391875374
22,6,0.17540124749176117,0.8705040081959697,0.8594644988599026,0.1246259758544008,0.09526678892642818,0.08478972917307588,0.0002263841381188,0.00031919920797047997,1.0,0.0,0.5,13,7.652975627231261,6.59199360398034
22,7,0.17553095294931254,0.8752398095253987,0.8680847654905806,0.14255841710823,0.16817760716271218,0.08231833521657735,0.01150614231372872,0.023825155595791882,1.0,0.0,0.5,14,5.10845732049042,1.580702935438413
22,8,0.11956612002082459,0.8108903936000657,0.8019600955828798,0.11008328347740651,0.19857213660094664,0.06289226746789912,0.004630028394136411,0.00294942316313971,1.0,0.0,0.5,16,8.068223569871344,7.967961914816684
22,9,0.12146089818636194,0.8121988946481845,0.8031902704495874,0.11484768626900228,0.07904263397983426,0.06575474963894894,0.00412553012549895,0.0028844757291454502,1.0,0.0,0.5,17,9.262602873068856,11.836291634186788
22,10,0.11786078750255184,0.8126310868582383,0.8078774212765245,0.12153560776722114,0.07391703065981155,0.06399397619633164,0.00267892672397683,0.0019689373970381103,1.0,0.0,0.5,19,9.315496543847011,12.71439836500011
22,11,0.10801918836944167,0.7999132163126798,0.7948132004303403,0.12618937642505929,0.07646163099994993,0.05794493506009537,0.0034733145295808695,0.00208685788424756,1.0,0.0,0.5,22,7.41817906303929,7.85388341702871
22,12,0.10814723207241941,0.7994477441199924,0.7942586941638633,0.12149295686271057,0.07650068389389189,0.05679232572927499,0.00519324948582952,0.00692011058467982,1.0,0.0,0.5,23,12.397642200797945,15.85759055380519
22,13,0.11086750307689328,0.7957623650533396,0.7899289637828308,0.13203257910197377,0.11639406396185568,0.06466351015521639,0.005821222803236071,0.00884047469026132,1.0,0.0,0.5,25,13.331534726859829,14.581407364965033
22,14,0.099549262323099,0.7802882040870053,0.7740657100895943,0.12699563955467524,0.12003971679731779,0.05691068069038831,0.00562410318540514,0.008514188273928509,1.0,0.0,0.5,26,13.82623406574186,16.24153565946258
22,15,0.09654978588407058,0.7753040344731006,0.768904142163198,0.14567690869115313,0.06501236513937483,0.05696189156092988,0.00748645262480654,0.0053359454931119705,1.0,0.0,0.5,31,9.323813733374804,12.340905286377636
22,16,0.15000185638317867,0.8181891670162827,0.8069321434455781,0.19954043867150814,0.19176313518359764,0.11417920049976327,0.00984231485538401,0.0053682131267287,1.0,0.0,0.5,32,2.747656422775175,4.808091730192121
22,17,0.14997959607178765,0.8181556486594004,0.8068978478494455,0.20203193800003122,0.11692278347190004,0.11416541013035936,0.0098356284080219,0.00535872495035319,1.0,0.0,0.5,33,2.784835584226969,4.928688230744146
22,18,0.15070711532897868,0.816615118567054,0.8051684936990852,0.21486391348759182,0.12894555824267653,0.11463542113155933,0.00525692882031544,0.00867341262204137,1.0,0.0,0.5,36,2.9968072334250846,4.243703668486769
22,19,0.14442235498849149,0.8025983733655945,0.7905531804682054,0.20847104369849004,0.2073596157003731,0.11368725993008016,0.01098373952003775,0.00579110534994476,1.0,0.0,0.5,37,2.440320892334559,3.795707150442216
22,20,0.14257537602890544,0.8005996110156685,0.792561560207798,0.21367052998141717,0.16871705123643813,0.1137942024310816,0.01104091799275678,0.00590524920503718,1.0,0.0,0.5,38,1.8993514072462443,3.118127668636547
22,21,0.13963188701310245,0.7873049616842337,0.77449544517229,0.21482306646258328,0.13800988681461404,0.11306978698431265,0.012141278599905431,0.00613324004840173,1.0,0.0,0.5,41,2.4355062990609366,3.730311252449973
22,22,0.14661723690348302,0.7946396613133526,0.7858973803871582,0.228837289100281,0.1653283895913227,0.12127911431029766,0.01126725077426199,0.00637540903319451,1.0,0.0,0.5,42,1.7550217801338683,0.9619192181136196
22,23,0.14828126009855294,0.7954744386561352,0.7866754483558586,0.23053143050437921,0.13498017250307412,0.12249976014340988,0.01233015775320296,0.007806984619014461,1.0,0.0,0.5,43,1.7249969635237368,1.0800133472616946
22,24,0.14672601467670082,0.7750681073277035,0.7650322964530683,0.23408522101823837,0.3170698016142371,0.12415055377262352,0.00645015744901861,0.01174417484515955,1.0,0.0,0.5,44,1.5822653757302216,0.7891542670733191
22,25,0.12356380748227005,0.7482008967853618,0.7379293488735263,0.2531905899772108,0.11083832104685618,0.10195884389904737,0.00787196941776208,0.01155111007146047,1.0,0.0,0.5,56,2.3053457594312263,8.093815214460903
22,26,0.12276150785935334,0.7431581391250255,0.732620467739002,0.2603382057888722,0.11834451554669237,0.10165355961960473,0.00883025907330976,0.012415752062403421,1.0,0.0,0.5,60,2.011049373612272,6.441023861873087
22,27,0.1193530547221562,0.7379526463269667,0.73137874492962,0.2646137748609048,0.1349767747194998,0.09879646449054474,0.0070257840046342905,0.01373036879424221,1.0,0.0,0.5,62,2.584082508912438,11.15538597875739
22,28,0.12891006157136758,0.744764603162246,0.7380242018418702,0.27955410677458603,0.140922742979146,0.11256485749290349,0.0071992107090424196,0.0062859740725151,1.0,0.0,0.5,63,2.248915169396935,4.983652967276989
22,29,0.12891006157136758,0.744764603162246,0.7380242018418702,0.2935560309010309,0.11570807743713173,0.11256485749290349,0.0071992107090424196,0.0062859740725151,1.0,0.0,0.5,67,2.248915169396935,4.983652967276989
22,30,0.11471329809969527,0.7167961126529694,0.7051538638866494,0.2734621803687683,0.12973646611327969,0.09859535170080964,0.015626601548201748,0.0087217005818456,1.0,0.0,0.5,70,1.4077246251469635,5.155933641889652
22,31,0.12185016373074117,0.7305419727886061,0.7274522106586003,0.2881208340750799,0.13947391083340488,0.10501554330178957,0.013265278691179291,0.01111556640345052,1.0,0.0,0.5,71,2.0815360406244645,6.796486432950701
22,32,0.12250396451120474,0.7201561829260065,0.7082522297296027,0.2938746926164211,0.11407518626387164,0.10629734544907517,0.01701325457389411,0.01020508979945697,1.0,0.0,0.5,75,1.0690462751644292,2.6386270640396106
22,33,0.11400409597244292,0.7110145673375793,0.699072210025765,0.29318621679873824,0.10518542985684384,0.098317549305113,0.01720530359325346,0.0093736510172186,1.0,0.0,0.5,78,1.1693453567741046,4.13661441686169
22,34,0.11216647378271093,0.7060294053717203,0.6979890451322566,0.30355707359566625,0.13726088847556764,0.09787372689768839,0.01580979630247095,0.008701827097532231,1.0,0.0,0.5,80,1.5025325363677304,5.78432181065376
22,35,0.5601785496192644,1.1906563590319519,1.2174300510396585,1.0464023794308293,0.5510072015520074,0.12422325139409288,0.013553950665985071,0.8527568245074757,1.0,0.0,0.5,144,3.635295168098085,6.972988334706311
22,36,0.5703285336605108,1.199392431584625,1.2260846694694998,1.0597438554691525,0.5732176491912175,0.12873592247958865,0.01348114171294538,0.8643686081744988,1.0,0.0,0.5,145,3.116681794539101,7.931155132905064
22,37,1.0474793379917045,1.6813811385038036,1.7124402560024643,1.5455755657780705,1.0383213508676439,0.5380838442789757,0.01344451053544424,1.0,1.0,0.0,0.5,149,3.135682822330016,8.244653588445397
22,38,1.0461472013431066,1.679330552258655,1.7103483413208767,1.5507976618877994,1.0430843112946022,0.5368360478018698,0.013300577715752071,1.0,1.0,0.0,0.5,150,3.1881964102009204,4.661116108201965
22,39,1.0461231973929879,1.6787381199669997,1.7097232279427412,1.566889425377457,1.041816394726447,0.5368781949680207,0.01337119321426096,1.0,1.0,0.0,0.5,151,3.1784550434954624,4.715846764367543
23,0,0.7573852327615975,0.9747762850995954,0.9734777490566139,0.05858749729384325,0.0,0.0,0.0,0.0,1.0,0.0,0.5,1,17.921323748703006,64.2219463341832
23,1,0.5709252957457054,1.012238334856375,1.008996817965777,0.12906083182650824,0.22212476470099027,0.0751506748765948,7.401167200005e-05,0.00010884141820262,1.0,0.0,0.5,3,11.526419860300264,42.28413436794045
23,2,0.5418562171818768,1.007636883565958,1.0042386869852253,0.1294490925190826,0.11323159265329866,0.07242564246381003,0.00121953384560783,0.00244520368349999,1.0,0.0,0.5,4,10.2305073885184,41.08204030916486
23,3,0.2623710718734579,0.9278417897989385,0.9246385320342814,0.11056807735347852,0.6869455901899505,0.06962330387776323,0.0006454633147971801,0.00089124049105867,1.0,0.0,0.5,5,4.218711426236396,9.329315207874052
23,4,0.24597375904739546,0.9202390575767457,0.9166195134185863,0.10928122987638682,0.13424655936670724,0.07002963087188568,0.0007577603529945801,0.00104629758752424,1.0,0.0,0.5,6,3.889976295101182,7.348059073371478
23,5,0.22450018685509057,0.9112563673808376,0.9069192820777285,0.11611864619744182,0.1887108742038665,0.07525822798676832,0.00035973749339862,0.00050004095463065,1.0,0.0,0.5,7,3.22364568316214,2.973175012937722
23,6,0.21392069535597732,0.9000727850700883,0.8908785374180984,0.11748773166332972,0.14576705745808696,0.07779972777949205,0.0008464974487918201,0.00174679911515877,1.0,0.0,0.5,8,6.9854446687915726,65.75199056148006
23,7,0.20626397303764232,0.9037671729613097,0.9031630334430112,0.12974408180954003,0.0989231619268497,0.07525822798676832,0.00035973749339862,0.00050004095463064,1.0,0.0,0.5,9,2.994857640862744,1.9401390205938889
23,8,0.19435199730222183,0.8868199471872759,0.876786376893065,0.12045228652375646,0.18518534886413188,0.08076947743098303,0.00095751495679191,0.0019100612424626999,1.0,0.0,0.5,10,9.149977912277514,88.64312791338261
23,9,0.1886699214957366,0.8871055345703586,0.881214967062428,0.13527125905467263,0.09886215819814768,0.08081139127183139,0.00073397921405013,0.0014461383074798099,1.0,0.0,0.5,12,6.677815517657205,53.61916407546416
23,10,0.18272528781751343,0.8820141002134828,0.8758844665822616,0.13862252502593336,0.09934300486239875,0.08045114093799569,0.00056391045116072,0.00127114582426773,1.0,0.0,0.5,14,7.0559195710605485,58.52625848991922
23,11,0.17858156709606943,0.8782570613014418,0.8719366664422994,0.14252501626868144,0.09053113277856088,0.0803798232909479,0.00069777530005497,0.00131058136361208,1.0,0.0,0.5,17,6.756101884459789,69.36678794087507
23,12,0.17195149750452302,0.8719761911732543,0.8651029712930908,0.1611275959950271,0.1691415659297668,0.08461757381665957,0.0018211920508073303,0.0017512688476444,1.0,0.0,0.5,18,8.472506907897555,75.10828485239615
23,13,0.16031624954928844,0.8586648581505125,0.8509979912647316,0.1733866006051422,0.1475896197152505,0.0868134404830944,0.0016965825298396902,0.0015706015555113002,1.0,0.0,0.5,20,7.733560398554939,51.08652869329023
23,14,0.15464844640074904,0.8573510094689185,0.8539020894861514,0.16903903878149454,0.09609562928142228,0.08353579364643593,0.00174793410278935,0.0016349938459997,1.0,0.0,0.5,22,8.217906253596011,54.367694403379474
23,15,0.15302238077283245,0.8599044497886391,0.860651933073415,0.1771953942413241,0.09879298940754581,0.08426354169397814,0.00283870797118151,0.00225891362007021,1.0,0.0,0.5,24,9.19804678204822,59.19398515456133
23,16,0.15377783954602278,0.8504222891369922,0.8423479157747203,0.17404889903269663,0.09889045878151204,0.08635794395994122,0.00190258718967492,0.0018290031590404003,1.0,0.0,0.5,25,8.895458834608043,77.83837015903954
23,17,0.15138826299551894,0.8420726823361682,0.8294355874157732,0.18163325225934618,0.11594588933224986,0.08662605115946376,0.00232092219385031,0.00185170577311054,1.0,0.0,0.5,26,8.74174244355822,80.40911446764821
23,18,0.15134083330833023,0.8469534327660777,0.8386860909204289,0.1899278701098164,0.08780946082878462,0.08662605115946376,0.00232092219385029,0.00185170577311052,1.0,0.0,0.5,28,8.716193590370604,80.32031765871376
23,19,0.1510949098040338,0.8564143083645585,0.8568596007319603,0.18979376044309246,0.09286833448421966,0.08685209010490973,0.0020365882157136602,0.0018420040579970299,1.0,0.0,0.5,29,9.011283539990751,80.95996123697265
23,20,0.14904362055154705,0.8483090031537599,0.8441931175558185,0.20100930455159113,0.10248699539105477,0.08742651686044796,0.0023483105285022,0.00168115031393695,1.0,0.0,0.5,31,7.491115316834574,67.70144479219177
23,21,0.14406647343926815,0.8507011675656583,0.854953798777787,0.2192395522402201,0.11670641751831064,0.08744749959879955,0.00169162395578258,0.00131306043242306,1.0,0.0,0.5,33,6.781150793770808,55.231678233933295
23,22,0.1437066779519265,0.840226100962792,0.8357025043552715,0.18111717297877933,0.0925744277595658,0.08744749959879952,0.00169162395578258,0.00131306043242305,1.0,0.0,0.5,34,6.823955820389042,55.40022043260554
23,23,0.1440350541506228,0.8543150623564855,0.8627667560901886,0.22934015701197696,0.11193680182216141,0.08946869477930812,0.00177028747959669,0.00136780601461106,1.0,0.0,0.5,35,7.285206368023661,58.50102134551861
23,24,0.1301758275274842,0.8305570657173467,0.8302603255877841,0.22128656314252326,0.07640920886645082,0.07508567767580325,0.0059633693863781,0.0024890261716880298,1.0,0.0,0.5,41,5.839488655300891,7.748615862781515
23,25,0.12943141105594902,0.8341837380649233,0.8381874988983025,0.2305813382163907,0.0818406717391827,0.07517355029890116,0.00599426749278182,0.0024952819543851,1.0,0.0,0.5,43,5.880012953994456,7.918179646955908
23,26,0.12724179101830788,0.8248578307945175,0.8242200922560767,0.24288149157751185,0.11796461506705117,0.07587178164160605,0.00417975948398992,0.00276649316500938,1.0,0.0,0.5,44,6.811188709718211,6.395315080378859
23,27,0.12700481776968897,0.8235710813492001,0.822812736721078,0.2434149954207417,0.09647354389712269,0.07695055813864445,0.00409408090951512,0.0027204951917634097,1.0,0.0,0.5,45,6.58322930999907,6.073078317169353
23,28,0.1255902337531687,0.8263160559332485,0.8298422072788363,0.25225225863817735,0.09127009826964523,0.07652429677569644,0.00407869648668839,0.0026138515396625698,1.0,0.0,0.5,46,6.9656974250325465,5.971276950734476
23,29,0.14148004339269674,0.8354528748532325,0.8344086094250138,0.22331336284030548,0.12590800114465495,0.08530139455441296,0.013424022274742962,0.020890611766122773,1.0,0.0,0.5,47,3.3070296085784388,5.266944299368894
23,30,0.19954840232557008,0.8858882092595566,0.8919976467028552,0.3438569082327777,0.22844176873965208,0.08476425070045265,0.09988017577299828,0.16492164259792463,1.0,0.0,0.5,51,4.598349188499712,10.916420465201377
23,31,0.19736998731533337,0.878345637286089,0.8800483133291906,0.3542395455218633,0.16769093980047187,0.08266264044506172,0.09989025366295404,0.16523982532477371,1.0,0.0,0.5,53,4.184543557273297,9.772747182992822
23,32,0.19776407257187412,0.879628670580899,0.8853840107411809,0.3654615304516031,0.18950997545523507,0.08567111854022846,0.09965624065359532,0.16434582302241635,1.0,0.0,0.5,55,3.903489455393458,11.07219748455563
23,33,0.2559069408458641,0.9500625320680415,0.9568320733919619,0.41366822078432675,0.22989210673898253,0.104190632530491,0.08630900076757966,0.2287727130186798,1.0,0.0,0.5,57,4.197439400535821,13.929547367606594
23,34,0.19478514749284143,0.8716770777979178,0.8770545619267228,0.363225798639664,0.2085851106268059,0.0847780401337888,0.09989749038603477,0.1649087506356148,1.0,0.0,0.5,58,4.490616231129464,10.979877918488304
23,35,0.22659997854092423,0.9233686037352667,0.9382660998110111,0.39359658404822706,0.20018674385096463,0.10004995438129895,0.06985018220236001,0.18790152312734346,1.0,0.0,0.5,69,3.575616235049384,15.477332819122992
23,36,0.22226105054611042,0.9069633558113726,0.9209329554545547,0.4598986773525085,0.23676039753615358,0.09860941398089476,0.07355354840511415,0.19402167134687776,1.0,0.0,0.5,70,3.5066765955446018,14.318218602438469
23,37,0.22226105839387028,0.9119103826320996,0.9302531434781756,0.47096792594797904,0.19562033287723982,0.09860941398089479,0.07355354840511417,0.19402167134687784,1.0,0.0,0.5,72,3.5066772265633688,14.318224534667332
23,38,0.21782051121931606,0.9050459001071067,0.9232119831496735,0.4734286625887373,0.2081634718254421,0.09511221740156989,0.07343266495589165,0.1941508576152567,1.0,0.0,0.5,74,3.655870982453493,14.202737225636133
23,39,0.1789842972485808,0.8636388164358736,0.8856321468049183,0.4567302078413643,0.16590838465952573,0.08386962909467359,0.07807430528600223,0.1451373151055862,1.0,0.0,0.5,75,3.4294440220865483,11.755248338849643
23,40,0.18107627796769304,0.8587419790313604,0.8802687175626757,0.462236362770708,0.1779850545014512,0.0879461990409863,0.07756298867846109,0.14531773492037667,1.0,0.0,0.5,78,3.2859258309746595,10.72186170813914
23,41,0.22703981419793345,0.925405103473941,0.9524079986544797,0.5322389287868772,0.20785484238487723,0.10571076012260354,0.06990179992330627,0.19036840348508757,1.0,0.0,0.5,82,3.7612275576445007,12.183287795306171
23,42,0.22033344716558928,0.9091416637698305,0.9314399409508193,0.5245253837415176,0.24426260958630305,0.10129818428820236,0.06899536323898618,0.1894384283855714,1.0,0.0,0.5,85,3.438022214878532,12.437264567576037
23,43,0.1761567644016394,0.8481478589180392,0.8855452742367849,0.544976964205338,0.16862896726546467,0.08891554802809891,0.07874872342684494,0.14562912529234082,1.0,0.0,0.5,96,3.113936940976826,11.060802526289518
23,44,0.1725344941073499,0.8437317013940077,0.8810803990696631,0.5570116272731083,0.15869506099154904,0.08537682263382257,0.0795219169561626,0.1457671766527942,1.0,0.0,0.5,97,2.9016463505700565,11.259923806570926
23,45,0.17322692842681234,0.8405983477437546,0.8777096970604312,0.4959506996676801,0.17304083727827752,0.08559598992117072,0.07988565148010143,0.14828334717810077,1.0,0.0,0.5,102,3.88651748226906,8.793435259231225
23,46,0.17322692827492514,0.8405983477437547,0.8777096970604314,0.49595069966768013,0.1597381013719245,0.08559598992117079,0.07988565148010145,0.14828334717810082,1.0,0.0,0.5,104,3.8865174866045233,8.793435287240836
23,47,0.17202851138986938,0.8417870200970563,0.8871965370169148,0.5160133366440947,0.24271179909515306,0.08559598992117061,0.07988565148010143,0.14828334717810077,1.0,0.0,0.5,105,4.005442353208492,9.363480723563152
23,48,0.17686703910830515,0.8487574626611131,0.8983724979852828,0.5449222763752494,0.17032932599036169,0.0911082405006743,0.07819566548074038,0.14781886148773088,1.0,0.0,0.5,108,3.039880589195894,10.875292138510286
23,49,0.17186441232856944,0.823959832920985,0.86833187803395,0.5426873790527392,0.2153366503337151,0.0892966238025735,0.07855736549007226,0.14553428092663417,1.0,0.0,0.5,110,3.3607357522682597,10.039670019928153
23,50,0.17186441193841145,0.8338538865624384,0.8869722592828868,0.5645157745490432,0.16206403348067377,0.0892966238025734,0.07855736549007229,0.14553428092663417,1.0,0.0,0.5,112,3.3607358663801663,10.03967075497747
23,51,0.16791905615047087,0.8246515275214069,0.8733787282350985,0.559456109837618,0.1802725762393783,0.08517426402585698,0.07938307341462507,0.1459671632115398,1.0,0.0,0.5,113,3.10029403253902,10.40737474498209
23,52,0.1681608755226293,0.8261032288481451,0.8789881957637861,0.5712114567886205,0.16304353551453904,0.08593182790506064,0.0792929741792165,0.14583019416155768,1.0,0.0,0.5,115,3.17100908175071,10.426606485403449
23,53,0.17378838011649345,0.8442565482611031,0.91012809313451,0.6912097142993827,0.16560983149080236,0.08870698649786905,0.08206761873517109,0.15206740272489827,1.0,0.0,0.5,145,2.7670319177504985,11.850737184118405
23,54,0.17389386207184807,0.8429785094919973,0.9087708619266317,0.6948794603955978,0.17625162760019875,0.08879201910044368,0.08131559973885366,0.15241841317352683,1.0,0.0,0.5,146,2.7018190866295524,11.851958578719586
23,55,0.17716530984262524,0.8736566822990703,0.9655580616242643,0.9060528060034614,0.16914869018574244,0.09137090039118351,0.08190942531367741,0.1543008330627056,1.0,0.0,0.5,192,2.547990893182567,11.626331255889262
23,56,0.17715008701281876,0.8784050096274438,0.9746691075743443,0.9451369801860601,0.16913582654362747,0.09137143813551867,0.08182382059525603,0.1543087355255071,1.0,0.0,0.5,195,2.545134778840445,11.627430575528264
24,0,0.8962725534907794,0.9897691294384706,0.9892424767677306,0.06189571591292335,0.0,0.0,0.0,0.0,1.0,0.0,0.5,1,6.160310664729566,66.28591209960818
24,1,0.6634890036297071,1.0321618730082103,1.029661921981629,0.13775826465192845,0.22993063040910897,0.08064019452829399,8.454782119215e-05,0.00016642565032995,1.0,0.0,0.5,3,4.120575657427832,42.57662803284672
24,2,0.5335425486115187,1.024840961535803,1.0209886977101756,0.15337069509987822,0.3042075501286722,0.0969404773062698,0.0011631359990622399,0.00546423079891123,1.0,0.0,0.5,4,4.25111341134431,9.772496391866364
24,3,0.25609996756090847,0.9372015326126005,0.9331613566130029,0.13256011905368603,0.7854501956934463,0.09464378137277737,0.00105910158960678,0.00208475710350008,1.0,0.0,0.5,5,3.1865318087044123,7.258913091910385
24,4,0.23053126272954214,0.9221532432594823,0.917275243574748,0.13510119461348324,0.16026256914577952,0.09635483167958553,0.00056992584878908,0.00111556069569913,1.0,0.0,0.5,7,3.693252489629828,2.9103613687899696
24,5,0.22804797409555905,0.9253273020779561,0.9247475525578248,0.14119950454069152,0.10225786529987024,0.09610263245677718,0.0005031640846274199,0.00098414548166861,1.0,0.0,0.5,9,3.383620426264528,2.9875277748070665
24,6,0.2246677547823067,0.9235094311174159,0.922750153078002,0.1504565150327263,0.10731743531605246,0.09767770579869656,0.00043624440194509,0.00117411120999873,1.0,0.0,0.5,12,3.4721477724470016,2.4619413998141235
24,7,0.2239102809184613,0.9240380251457345,0.9231105227642387,0.15993711105539596,0.11477671366779722,0.10170294800537323,0.00036937679129018,0.00071507819987939,1.0,0.0,0.5,14,4.703139735725337,3.972970984641484
24,8,0.22391028845546074,0.9289850519664613,0.9324307133887073,0.16662992595345905,0.10206051367605184,0.10170294800537323,0.00036937679129018,0.00071507819987939,1.0,0.0,0.5,16,4.703138097513367,3.972967381752538
24,9,0.215680062660178,0.921750321231067,0.9250482592191732,0.16735285262129454,0.12004054393919951,0.09697500585988182,0.0005468234754024499,0.00144074961941879,1.0,0.0,0.5,17,3.5120960680214326,2.767418864650117
24,10,0.20935415491094223,0.9168890956036028,0.9199257774725982,0.16925088167291416,0.13744030125306245,0.09734711529392383,0.00046138344594887006,0.00112440688139571,1.0,0.0,0.5,18,2.6450026845975785,0.9375094112115356
24,11,0.2075550788478273,0.9203753590911375,0.9277122972355223,0.17610565398821548,0.10336385126696182,0.09730264581281957,0.00046031265221871994,0.00112366291470158,1.0,0.0,0.5,20,2.9760239059834834,1.443792412537138
24,12,0.20732486204257683,0.9201692760474685,0.927500821419119,0.17886266169190176,0.09857707310507491,0.09720977718923914,0.00045961399903458,0.0011064802651224999,1.0,0.0,0.5,21,2.955934673387969,1.4510403736098785
24,13,0.1899126471852964,0.8994527774516842,0.9018942480739804,0.17481996159483762,0.1702111158909275,0.08833455670899612,0.00981350381435028,0.00740085637769611,1.0,0.0,0.5,22,3.7686996563052566,3.361254007508573
24,14,0.18174669574357452,0.9012757335970608,0.9116379108883409,0.21832074744937993,0.12081332114961105,0.09412580014476335,0.00469847054816151,0.01175345701289646,1.0,0.0,0.5,28,4.203051039770678,4.66010545991446
24,15,0.17741798950917334,0.891979462015706,0.8979485417395361,0.2201997329320676,0.09914933473597502,0.09153385920398432,0.0038176163168622697,0.00901174682829846,1.0,0.0,0.5,29,3.5476981368789517,3.204255363782398
24,16,0.24175022773398241,0.9659372877227771,0.9805193960061638,0.2797932036816284,0.16672910096531485,0.09681742899179778,0.03030426331180166,0.13175042845892534,1.0,0.0,0.5,34,2.5579155342141053,3.1176752023823995
24,17,0.23610421701689321,0.9602452496778814,0.9748062406882422,0.2828617725150718,0.1589568164593581,0.09814309774367533,0.02508554799832712,0.118535845701081,1.0,0.0,0.5,36,4.283127124214369,1.3038090102089577
24,18,0.44339079090557776,1.1615336443081308,1.174767534862772,0.507329630367829,0.5852621144394949,0.0987013172403081,0.10761913222239736,0.571554849857074,1.0,0.0,0.5,37,3.299380270750596,6.811264489978069
24,19,0.43361965356675447,1.155613298183603,1.1730589976820096,0.5106841399477777,0.4011351727720201,0.10349560403188351,0.08452149699083164,0.5465004617098255,1.0,0.0,0.5,38,2.542675535241633,13.21450889952698
24,20,0.4922553066351917,1.2112455228183054,1.2282930023004508,0.5691862523710396,0.5002171752656902,0.10350185923301806,0.10398901064062797,0.6732234841800997,1.0,0.0,0.5,39,3.1774283274327404,14.90806889547512
24,21,0.4922552996998393,1.2161925422822926,1.2376132115766592,0.5875619540970554,0.440113635358274,0.10350185765527012,0.1039890098717513,0.673223472622116,1.0,0.0,0.5,42,3.1774283221486264,14.90807049470328
24,22,0.49216593302277045,1.2160693763072237,1.2374858129976485,0.5875028121561714,0.44071152353874476,0.10346956598471138,0.10398748739037329,0.6732048107356019,1.0,0.0,0.5,43,3.207067046107382,14.98910123064085
24,23,0.24346756194871916,0.9614702533601809,0.982218658849707,0.3494630979232681,0.23220623982356092,0.09482602182849313,0.04863564980121985,0.2072473519238316,1.0,0.0,0.5,46,14.470351896640556,2.532139729493097
24,24,0.24504481656463076,0.9675769122863086,0.9926563395591222,0.36036102081790833,0.20351784505184556,0.09512207468564338,0.04941630126635775,0.21061183166750963,1.0,0.0,0.5,48,15.87028291729272,2.675668145366136
24,25,0.24238725230866986,0.9648902856688747,0.9899667144170362,0.3669237602252104,0.19808453005708507,0.09445728791219866,0.04864864209018019,0.20668455083447443,1.0,0.0,0.5,50,14.741291981833848,3.8922195880642394
24,26,0.15180087060220565,0.8816577986796743,0.9152255965286556,0.34413648598445223,0.11168514094668618,0.09403761369059045,0.01945648348656947,0.031175892561092933,1.0,0.0,0.5,68,3.420147087571884,3.033697965430119
24,27,0.1518008844042976,0.8866048412798042,0.9245458289410068,0.3544413407953068,0.11099151437564685,0.09403763357308921,0.01945649001211239,0.03117588435490178,1.0,0.0,0.5,70,3.42015096400885,3.0336932963213856
24,28,0.13077389447254611,0.8781089805331352,0.9289477772033309,0.42886488772832015,0.09238364909541558,0.07345503653750265,0.01683971763083947,0.034278371219375346,1.0,0.0,0.5,88,3.448664609929296,3.6344424517170575
24,29,0.1309119575341286,0.8826205950385843,0.937779432125722,0.43689006551253584,0.09914370926616893,0.07247442222867981,0.01795808190999927,0.03743236385562951,1.0,0.0,0.5,89,2.810547521847405,3.440848723958569
24,30,0.1309119574572111,0.8826205949726837,0.9377794320598215,0.4404472210985943,0.09119070189429869,0.07247442209486632,0.01795808197868335,0.03743236399145545,1.0,0.0,0.5,90,2.8105475391625645,3.4408487251669437
24,31,0.13075139307428363,0.8823368389449071,0.937484214967464,0.44389359006149315,0.09285774446701373,0.07241445439635995,0.01796003868617425,0.03742913354538131,1.0,0.0,0.5,91,2.771207805840611,3.490438177962024
24,32,0.13108565892656857,0.8873676053633046,0.9468649541958605,0.45200941850888676,0.09518407028777295,0.07296545174492686,0.017960387395925433,0.03739697336913494,1.0,0.0,0.5,92,3.043582796433077,3.512920273560302
24,33,0.1257073724509216,0.8674785281143638,0.9178171755048389,0.4405848729451056,0.11373060888723233,0.07361376087232559,0.0186534841483982,0.03213130438075077,1.0,0.0,0.5,94,3.4079789360473765,3.5257587627448337
24,34,0.12570739641247292,0.87242558730308,0.927137379625887,0.44688863981184684,0.08967964661706573,0.07361378188036703,0.01865347521730867,0.03213128935782731,1.0,0.0,0.5,96,3.407978840845771,3.525758943912804
24,35,0.12570739647466034,0.8773726142722437,0.9364575964072719,0.47259929175278426,0.08967948538981961,0.07361378201829749,0.01865347532900395,0.03213128937884003,1.0,0.0,0.5,99,3.4079788530183546,3.525758951043246
24,36,0.13444119018688713,0.9012073386553299,0.9773910184601164,0.5101838230049471,0.17521067513457894,0.08361460688242653,0.02314600135404491,0.03552754936346679,1.0,0.0,0.5,100,2.626576216016257,3.49469348290829
24,37,0.13358254816824516,0.8967398489347184,0.9726333077255362,0.5211377904975434,0.11717654167993195,0.08406859935623114,0.02389652127026021,0.03695911997743837,1.0,0.0,0.5,103,3.025974193853494,3.764885365250476
24,38,0.13216253242639606,0.889460548097454,0.9609090587207894,0.5235677396742164,0.11246610675201829,0.08361656487371788,0.02351453778235245,0.0359876842897031,1.0,0.0,0.5,104,2.809959267747101,3.613279468600543
24,39,0.13298678305498784,0.8998212876117709,0.9799881641312794,0.5473182464942847,0.10367832735808974,0.08443505322832927,0.023499367223582347,0.03637107252412069,1.0,0.0,0.5,108,2.4966330638273946,2.9474812513914523
24,40,0.17263750078995102,0.9141232681227588,0.9763729164786783,0.5902739649386987,0.1772422022706122,0.12121314388012103,0.02316545047415926,0.04748920727336253,1.0,0.0,0.5,110,5.640013515907693,1.1672390308555152
24,41,0.1338135575180353,0.8772621267166438,0.9436643853287674,0.6110628106812475,0.11021572014945497,0.0774387709027894,0.03153845583360047,0.059991199398393646,1.0,0.0,0.5,122,5.035529284358133,1.955573354789545
24,42,0.20222547266229818,0.9447706419575804,1.0111070002831184,0.6867168570540022,0.17954422603478778,0.07797325336860364,0.06872834922546556,0.1964991339297251,1.0,0.0,0.5,125,2.3108855829073307,1.116426462728111
24,43,0.3591049150307716,1.1102115331031843,1.1851977130230757,0.862314208122487,0.3409594548147506,0.07618241255107223,0.05202887450856558,0.5149236357925865,1.0,0.0,0.5,127,2.6858355589444773,4.914829543114102
24,44,0.2436698478581189,0.980513168608443,1.0464421669293622,0.7466178672322226,0.2668962023250633,0.07052285499197723,0.06505103653808655,0.2987115294606863,1.0,0.0,0.5,128,5.951297156320508,0.2699374625837963
24,45,0.12308572007945927,0.8442773012775069,0.901061552038863,0.5485535327571798,0.1313295786311986,0.0774936455963406,0.02503293913641096,0.04756465109745186,1.0,0.0,0.5,130,8.761762943275023,22.9031241874693
24,46,0.1238225421606828,0.8463945041649948,0.9073107447758783,0.5725849667402441,0.11042404071997468,0.07924407579526313,0.0262509049412242,0.04777391097068637,1.0,0.0,0.5,135,8.853478224467354,23.0916045143058
24,47,0.6028382037988929,1.3594926863901269,1.4509844941918795,1.203692002586156,0.5830041970417951,0.08231017577854459,0.06891137789139754,1.0,1.0,0.0,0.5,143,121.73607768255155,3.075454182826917
24,48,0.5967465040727782,1.3322685382625246,1.4183377085585482,1.1822222314119695,0.7391865594857139,0.08041995158391296,0.07150037187239569,1.0,1.0,0.0,0.5,144,122.04959980079347,3.1316576443187767
24,49,0.5945523688357415,1.3295241358261758,1.4236910366300348,1.221204333109183,0.5943947725886799,0.08038036942644912,0.07175153300026851,1.0,1.0,0.0,0.5,151,122.33022913857566,3.142904290276018
24,50,0.5945523688267865,1.3344711626469028,1.4330112272545033,1.2345430353754674,0.5803811349430756,0.08038036942644908,0.0717515330002685,1.0,1.0,0.0,0.5,153,122.33022910347626,3.142904288419353
24,51,0.5943009519626035,1.3341562278435264,1.4326924048078888,1.245837235503082,0.5807307446782879,0.0801409768760459,0.07140783869085249,1.0,1.0,0.0,0.5,154,122.45891244204137,3.14263121111368
24,52,0.5945345380562159,1.3392837432794007,1.442189844709077,1.2594635325195738,0.5806344265876969,0.08038459979229783,0.07139184509519123,1.0,1.0,0.0,0.5,156,122.36858271793068,3.1437170050553465
24,53,0.5940393986119974,1.3333359897751267,1.4318379764726492,1.2570833688346408,0.5846413577595286,0.07998461612898991,0.0712275809347311,1.0,1.0,0.0,0.5,157,122.31392708704333,3.1264584326563654
24,54,0.5535441512898827,1.2956319249114627,1.3983756732642048,1.3280743356539308,0.5406466895203912,0.09635239091156744,0.09701257136691101,0.8870687572986371,1.0,0.0,0.5,179,7.847778817398374,1.4606762391576145
24,55,0.5966627188066866,1.3429025307213267,1.4499710956423517,1.3375616830006565,0.5864555655269696,0.0831485029397432,0.06082260454935784,1.0,1.0,0.0,0.5,181,65.25489171334146,3.309148093817516
24,56,0.5944885487261575,1.3392561984268807,1.4462356069974462,1.3534323585049335,0.5859814907714541,0.08123483025420761,0.06095182305536714,1.0,1.0,0.0,0.5,184,66.78120865905431,3.396907140541175
24,57,0.6755503204359323,1.4217706854636876,1.5329127246851897,1.4649864288003538,0.6657455602793312,0.1628916872064246,0.06429172195046846,1.0,1.0,0.0,0.5,195,9.492827732985775,3.692127117148177
24,58,0.675547389936801,1.4316469403292285,1.5515344086039229,1.4842323517608709,0.6629359020625194,0.1628912218203085,0.06429203869322007,1.0,1.0,0.0,0.5,198,9.492426864888778,3.69222564423534
24,59,0.6755464804529137,1.4266935161006047,1.5422074817832656,1.5174598686116751,0.6629410673488527,0.16289122182029503,0.06429061296710223,1.0,1.0,0.0,0.5,199,9.49301016299482,3.692222719057283
25,0,0.8834470500183738,0.9884902894896892,0.9878977343467381,0.06162169295509778,0.0,0.0,0.0,0.0,1.0,0.0,0.5,1,7.600799118270353,60.23927917868316
25,1,0.6435442370568929,1.0238884063237088,1.0212785457317746,0.131148338205529,0.22710683389616523,0.07450050947594394,8.549557863532e-05,0.00016878302722,1.0,0.0,0.5,3,5.205275529109706,41.9340031071147
25,2,0.5433873672589826,1.0478677531225646,1.0438357567268952,0.17911436575052833,0.3412703187591645,0.11821782550832427,0.00252179839617202,0.015945690123423208,1.0,0.0,0.5,4,5.118725467870969,40.02370014712736
25,3,0.28240002603644887,0.9465648387698686,0.9434081483002011,0.1285479960211609,0.6168705223221715,0.08697672138265847,0.00092239235201846,0.00182096169115731,1.0,0.0,0.5,5,1.664302267940256,9.809557951017696
25,4,0.2589445755844378,0.940674656215791,0.9365971703508253,0.14152338839950593,0.1696266675209548,0.09936212369976563,0.00047293531452061003,0.0010429645490408301,1.0,0.0,0.5,7,0.9769328422678902,2.0216165021642665
25,5,0.2580580022033088,0.9400505323056908,0.9359549597450877,0.14447327579957903,0.10229277082401095,0.09912225747655179,0.00044366788271105,0.00097774887144599,1.0,0.0,0.5,8,0.9860153211314396,2.234018811738242
25,6,0.24949482008463827,0.9284748149165122,0.9198711360046004,0.13649410328545578,0.11582570337866809,0.09525674595177071,0.00033048567739949,0.00069296256721048,1.0,0.0,0.5,9,0.9590881674068102,2.5124532386336758
25,7,0.252772102651967,0.9372368478566223,0.9329736660001889,0.14845336836183978,0.10535635956763147,0.09806367049055824,0.0009443802854391999,0.0039791716002699,1.0,0.0,0.5,10,2.2085403433787665,5.37139438074181
25,8,0.25222930278405103,0.9318588189269945,0.9232087691514534,0.14847997877764002,0.10160833815798984,0.09806455411565247,0.00089661443653572,0.0036486306843668604,1.0,0.0,0.5,11,1.641737017445435,5.013186794441419
25,9,0.24783427060097749,0.9393669088821638,0.9393116630827264,0.1645756011169703,0.12335622775852732,0.0984335849685162,0.00096491849373839,0.00402493622968912,1.0,0.0,0.5,12,1.5367805719942291,6.937849841404311
25,10,0.24520001441643718,0.9280937210133008,0.9191910768557575,0.15676682070906156,0.10868072329673359,0.10058555969752134,0.0003178940057671,0.0008881225028257601,1.0,0.0,0.5,14,1.2999722913879723,2.745650429256556
25,11,1.0935130487269404,1.7828977441930665,1.778234487278728,1.0250214506918165,0.9736997630047692,0.4534858897924839,0.00126641698206818,1.0,1.0,0.0,0.5,15,1.4519173651327706,5.0443512052608686
25,12,1.4167410137026866,2.1043382478200274,2.0949890803259947,1.3502442860357082,1.333242301186226,0.7859482779893725,0.00379035795079394,1.0,1.0,0.0,0.5,16,1.6653769407829668,56.520364533536565
25,13,1.0563879667185008,1.750500826136597,1.7453412388830327,1.0011399859701493,0.9446125900980671,0.43073014848767566,0.00127595859129412,1.0,1.0,0.0,0.5,18,1.3805002514657938,6.187556489691625
25,14,0.22494055148801484,0.9141715969560289,0.904630902729165,0.16589452814376743,0.10071355883950237,0.09690790992160508,0.00362873064014528,0.00518835576108901,1.0,0.0,0.5,19,1.1588880942036095,1.186915574854174
25,15,1.5303423450912428,2.2260090648187463,2.2206391291093976,1.4896881903285415,1.4409481604586123,0.9103246135091345,0.00335262055064622,1.0,1.0,0.0,0.5,20,1.7156827729551387,41.94335608009815
25,16,0.2790306009721919,0.9789748885270497,0.972509511854198,0.2651147797533806,0.23990009330832365,0.11442805681137966,0.08171399659143332,0.1402820919660287,1.0,0.0,0.5,23,0.9211571780302592,65.2799559342408
25,17,0.2461786730505826,0.9495845607215403,0.9463174098971961,0.2562616635964011,0.26180060823623297,0.09982945074176611,0.07140338284467401,0.146452119342778,1.0,0.0,0.5,25,2.018329247640869,48.82259151613666
25,18,0.23221154574527575,0.9310198007731545,0.9268311033227414,0.2570562630418583,0.2419941116699978,0.0978084921549334,0.06894569060137551,0.14916765701850612,1.0,0.0,0.5,27,1.514371162375092,29.9835120489743
25,19,0.24377558667407623,0.9440241853362046,0.9437117592856729,0.2942402691832559,0.22767350026131666,0.10403973680128589,0.05896868992568656,0.17212405206336712,1.0,0.0,0.5,29,1.548575183608191,33.669349717557495
25,20,0.24441768497836644,0.9545206159656923,0.9629493673799918,0.3303627330715248,0.19095938341641,0.10442516880119576,0.058856056628356766,0.17275779026819038,1.0,0.0,0.5,34,1.5618805287153932,33.83845067278676
25,21,0.22976804217693847,0.9368584996311209,0.9449192593880889,0.3120849778294616,0.23597004518033843,0.09549334159348065,0.05976994468503203,0.16959449393514636,1.0,0.0,0.5,35,0.8309751322439866,16.263994967476137
25,22,0.21844376317166764,0.9236296952014491,0.9353379676573823,0.31692012970759453,0.23107286371112776,0.10879642264890528,0.056497984890200616,0.1348284795393187,1.0,0.0,0.5,37,1.9149374831676067,20.453110986136
25,23,0.2104634718456317,0.9062343251786614,0.9131486834553381,0.32031329946474657,0.19314905160791218,0.10093488182520685,0.05678489105516645,0.1420010256528714,1.0,0.0,0.5,40,1.7696205000024072,19.843500588598022
25,24,0.23925400686555207,0.9329774735064769,0.9436595375188374,0.37011873783429616,0.2512677070124412,0.10115863557332302,0.08505744620405206,0.2086681807452087,1.0,0.0,0.5,42,2.169181559923227,36.1681626349448
25,25,0.23925345982704252,0.9379230472286578,0.9529781936430188,0.3795718990845983,0.20550123139782506,0.10115863557332302,0.08505744620405213,0.2086681807452087,1.0,0.0,0.5,44,2.1691545802806758,36.16682741058142
25,26,0.23164299649307604,0.9340641351101492,0.9533895821944718,0.3818919933701579,0.20702525102458724,0.10531650828777632,0.08002805560169822,0.18673733329522918,1.0,0.0,0.5,46,2.075672291270539,28.475639364880838
25,27,0.2398177726870708,0.9249699134468902,0.934970619992929,0.3916953229692128,0.25390221880257985,0.10326237394214854,0.08615893049700492,0.2149166234833948,1.0,0.0,0.5,48,2.1112490902470817,27.590841830574675
25,28,0.23981777701399212,0.9299169402676171,0.9442908106173977,0.401379587967725,0.21072088594851535,0.10326237394214854,0.08615893049700499,0.21491662348339496,1.0,0.0,0.5,50,2.111249301720769,27.59084721104989
25,29,0.23787106296376578,0.9282448042425611,0.9466409425956651,0.4098139611085501,0.23744302718239158,0.1035211514232043,0.08615586509737164,0.214793524672523,1.0,0.0,0.5,52,2.156744801105228,28.809823314750684
25,30,0.23214348177405258,0.9163455676393428,0.9302770728637498,0.40119964347912407,0.212914282304766,0.10136342531005492,0.08151235336613429,0.20875789280643525,1.0,0.0,0.5,54,1.8323747763719256,23.84960943863696
25,31,0.24396409983477493,0.9329615392533435,0.9552735650632974,0.4468522775222657,0.2332723687335588,0.10117961591886006,0.09342432772986073,0.23678121745434888,1.0,0.0,0.5,58,2.145615274142825,32.261893329951164
25,32,0.24129015320258113,0.9149819384802833,0.9322062670607383,0.44803728676442184,0.27444506938502095,0.10180748709291193,0.09328685424074937,0.2372204727922397,1.0,0.0,0.5,60,2.1298511103830693,28.27976403458455
25,33,0.23172187927611554,0.9053951876079614,0.9266602818828698,0.4454494038772274,0.23803473187443988,0.10520803162410909,0.09221044045592716,0.21426538302060022,1.0,0.0,0.5,62,1.801598129936273,29.03874152073656
25,34,0.23135649612903023,0.9095924548179195,0.9352067276054439,0.4553302496246662,0.21351843495553752,0.10452631056403339,0.09243871327902722,0.2150612516151475,1.0,0.0,0.5,64,1.8018562939231109,30.231633832466446
25,35,0.23134969700818958,0.9091341650004501,0.9347182472879026,0.4588070823739872,0.21704394116202702,0.10507618947317997,0.09221457964194887,0.21421747033134544,1.0,0.0,0.5,65,1.8007775948466032,29.661566545835644
25,36,0.23078019715631076,0.9116455553382343,0.9414820567314672,0.4720490533111194,0.22965367101958317,0.10500015675619967,0.09221720769328684,0.2141894687904445,1.0,0.0,0.5,66,1.7433600928552129,29.07797088466298
25,37,0.2266758205074783,0.900765569438444,0.9261101685628566,0.47108574738829195,0.21206099766044023,0.10641960180108223,0.08292232351111581,0.20409788986875319,1.0,0.0,0.5,71,1.8943584115889165,26.52890281332988
25,38,0.22497004683667463,0.8945255491711687,0.9195790460876668,0.4726755724083126,0.251903095554616,0.10571503691411772,0.08302365539211541,0.20433650170449305,1.0,0.0,0.5,72,1.9198541764895876,21.645654860144724
25,39,0.21465338606079615,0.8664351385975587,0.8944601056862285,0.47888503007657945,0.4143202795344392,0.10186328703821593,0.09960149049323105,0.20042161761353605,1.0,0.0,0.5,73,1.6951297837221455,23.87579126743204
25,40,0.14720227995922974,0.7909118204258797,0.814376957922506,0.4362127676844331,0.13591244986491663,0.09571306218744098,0.06866101019025099,0.078821371055908,1.0,0.0,0.5,92,2.5139754530343854,2.666923011486669
25,41,0.12342979815063235,0.7734316275892198,0.8013503912090376,0.42779417408603365,0.11140494471658144,0.0845710753338272,0.05747920921915363,0.05312555467603451,1.0,0.0,0.5,95,2.72846593988905,1.436088839757509
25,42,0.12489182961222825,0.7715657777766345,0.8033674810086443,0.4350550817764593,0.18799460383716987,0.09021106869548866,0.054816840036616986,0.047265011183886,1.0,0.0,0.5,96,2.77858326341652,1.5820888975270415
25,43,0.12144676905105405,0.7679971648549524,0.7997916144054145,0.43687345163184893,0.11149863853874147,0.08572084017419307,0.05320167476383754,0.04938984155844753,1.0,0.0,0.5,97,2.779586052341796,1.7056337758021922
25,44,0.1229507391282296,0.7674435752455375,0.7991173401496182,0.4415213762986219,0.13045761284109433,0.08532097085199056,0.054057294443886406,0.053770964977689975,1.0,0.0,0.5,98,2.6976488664420595,1.7938053593313483
25,45,0.12321439471001663,0.7722435045298396,0.8082663921869846,0.45865258569479134,0.1161616939276868,0.08766084025420373,0.057751961975329544,0.04973097716577436,1.0,0.0,0.5,99,2.7331956533904425,1.4244961018621336
25,46,0.13393214140360687,0.7906559238506334,0.8352966433199683,0.5104930728948853,0.1267923621466446,0.08864305143090764,0.060433917730427736,0.06979537791810388,1.0,0.0,0.5,105,2.0517575893944118,1.1490445357381482
25,47,0.1324680402078567,0.788084892467376,0.8326611323557511,0.5124575780815106,0.13199895817302013,0.08674108870981474,0.06307198282154183,0.0709624202295912,1.0,0.0,0.5,106,2.126866208348773,1.143867450055964
25,48,0.11485192803114935,0.7698503801372719,0.8143907384853041,0.48622792712378826,0.11000584005742461,0.08042687735306212,0.05663838340413017,0.04851532091692219,1.0,0.0,0.5,107,2.700461137675054,1.5080077293256522
25,49,0.13376315625810864,0.7936735629385993,0.8425850533373976,0.5400703763047106,0.12391042821678565,0.08854949559566926,0.06055984904323384,0.07010158082795123,1.0,0.0,0.5,108,2.0327906012807127,1.2350798486355508
25,50,0.12668523405958104,0.7527840969936173,0.7915830989263316,0.5070066405962566,0.32577491449980667,0.08835934212907116,0.06534415078908867,0.061567091610063,1.0,0.0,0.5,109,2.967089090176397,1.7518129794004529
25,51,0.12666372822702046,0.7573655418879149,0.8005183856436214,0.520805339048674,0.11973160368982365,0.0882318815211473,0.06560406012649977,0.06184187446432632,1.0,0.0,0.5,114,2.924179349574633,1.6955412957583125
25,52,0.1232075472218988,0.7628699976542165,0.8147167017959803,0.5548789978537222,0.12372565555247665,0.08823545515911208,0.0653628939595324,0.05509364368418026,1.0,0.0,0.5,115,2.702101001975624,1.5367163824928802
25,53,0.12349363212108914,0.7525263370486746,0.7955850425485248,0.5546249088207182,0.11752312416884705,0.08047723097671924,0.06277691962088226,0.0713294789295578,1.0,0.0,0.5,120,3.093103389128101,2.508516620841031
25,54,0.12949341448336474,0.7560649397078326,0.798986070748541,0.5681286160007883,0.12572894710453522,0.08454309768909819,0.07035195393501366,0.07562059843064022,1.0,0.0,0.5,126,2.65814890110769,2.6373286269505
25,55,0.13124981717721265,0.7468696312733252,0.793281041472967,0.5846925569268714,0.2588286147416123,0.08422970181547326,0.07126720951654442,0.08226254469925932,1.0,0.0,0.5,127,2.8450089254751454,0.9175009476689258
25,56,0.1338036922264427,0.7431736238229568,0.7892414074477678,0.5960871200810817,0.15432549886740665,0.08571227461438098,0.07072907340091794,0.08525641589690051,1.0,0.0,0.5,129,2.94652361739972,1.064320745674977
25,57,0.13668376991034836,0.74419473258563,0.8065768544276242,0.6639343537813056,0.14362690734140024,0.09569781432463315,0.06336767972089763,0.07352937859531074,1.0,0.0,0.5,145,3.054288129673252,2.514995632649734
25,58,0.1351237725455128,0.7417735305564803,0.8082155504221836,0.6857251570815098,0.14684134838475238,0.094414666172982,0.06423407524799343,0.07352950253381976,1.0,0.0,0.5,148,3.056417337108297,2.057762453009174
25,59,0.13569396950786788,0.7449623794631578,0.8156521968493279,0.7042448781593545,0.14132730705501356,0.09388080131430393,0.06512280896218572,0.07595046441415786,1.0,0.0,0.5,150,3.047696074885692,1.906149359004948
25,60,0.13645541937454203,0.7378646971181293,0.8081325705167732,0.6961757330779585,0.19674075130138977,0.09423227536373396,0.0666103904074685,0.07744577352658315,1.0,0.0,0.5,151,3.0718675737253465,2.0573527526425277
26,0,0.7886953073906744,0.9783833663469774,0.9772705135964657,0.05938323962905943,0.0,0.0,0.0,0.0,1.0,0.0,0.5,1,15.261213163847383,63.290258152208175
26,1,0.6015986447305504,1.027227792062051,1.0241590401718634,0.14143466606584706,0.23473521234836328,0.08674887298560799,7.804026919373e-05,0.00017917661441174,1.0,0.0,0.5,3,9.771536260494194,40.54540891044783
26,2,0.47944932676016094,1.030140027860044,1.0253956282454086,0.1721704545472734,0.3757168441364261,0.11519328703101227,0.0025217250504361603,0.0142161259984941,1.0,0.0,0.5,4,10.247088536174909,39.993811257894734
26,3,0.2870297947022797,0.9573546348826704,0.9539478343930355,0.14318998445302036,0.5652085634276873,0.10225615562229297,0.0011142540164417,0.00255827234225836,1.0,0.0,0.5,5,1.7247811220311782,5.941420093198169
26,4,0.26060259180254913,0.941978375446837,0.9379214936569383,0.14250580238144206,0.14867725159691292,0.10050652976466706,0.00024121234275606998,0.00056121665372744,1.0,0.0,0.5,7,2.014027174999457,4.048212782169137
26,5,0.2588954744897311,0.9481090637181631,0.9435777705346527,0.16134015455949502,0.155245285075766,0.11304255330936548,0.00278062894680763,0.0061814216052726596,1.0,0.0,0.5,9,1.3537746929051715,1.3392768467683591
26,6,0.23906404948866827,0.9302151419486882,0.9253878414074052,0.1536909499750811,0.123176924135382,0.10343698193608745,0.0004926215319992001,0.00110571273191485,1.0,0.0,0.5,11,1.9176761637394264,3.1250548144066768
26,7,0.23664633622579884,0.9295139497365361,0.9245086028191154,0.16023268444831826,0.12028840343107297,0.10620175165226375,0.00047871111300251,0.00109091538156462,1.0,0.0,0.5,13,1.6251693099066076,2.428912544787996
26,8,0.23296252105906176,0.9318591375610347,0.9310929874997154,0.17285797968115355,0.11671887098832708,0.10620175165226371,0.00047871111300252,0.00109091538156462,1.0,0.0,0.5,15,1.8033585540723287,2.6258038623034663
26,9,0.16068944343909042,0.843290976944518,0.8371769265727703,0.1628750125166723,0.9428765930380297,0.11548155002940334,0.01560606811287805,0.013165066326982569,1.0,0.0,0.5,16,1.8134178426481264,2.939226102504188
26,10,0.15782592572252827,0.8403293356512166,0.8381813220318044,0.16797137726054703,0.14876072732823808,0.11548155002940329,0.015606068112878079,0.01316506632698263,1.0,0.0,0.5,18,1.786661161784831,2.9354512653943146
26,11,0.12303028559738226,0.6680388577848292,0.6531514399226945,0.13036303915262695,0.7479694685696194,0.10948130076506091,0.01896294657216711,0.0155120104324025,1.0,0.0,0.5,20,2.0158143548627194,0.1719553197497945
26,12,0.12284851473545262,0.6683415240290366,0.6575820073506182,0.1367457609862723,0.13588432017142213,0.10951166046482944,0.01918199720011344,0.015691197544120412,1.0,0.0,0.5,22,2.0321294877220355,0.1607090170549668
26,13,0.12416024200757558,0.6500466319126231,0.6341138480002464,0.13826719617236685,0.18024776214502802,0.11165829334213495,0.02071718101021646,0.01578681924042659,1.0,0.0,0.5,24,2.097587751576456,0.438833462084949
26,14,0.12375448644665865,0.6382784608453411,0.621731078391191,0.1435143972406794,0.21224816748404698,0.1116583909898636,0.02064058879368038,0.01612776695803976,1.0,0.0,0.5,25,2.057227982439007,0.5786777916506077
26,15,0.11831746964366695,0.5584801618840916,0.5379847451066305,0.12872289986752,0.4151709480095906,0.1083284954265643,0.018334692175069812,0.01657465487164527,1.0,0.0,0.5,27,1.967105176022812,1.1987190249750186
26,16,0.11841506414655785,0.5560938308679333,0.535468086318084,0.13092414333561175,0.1364351643751542,0.10839680195172968,0.01817836916498898,0.016728692236210048,1.0,0.0,0.5,28,2.0305107019889603,1.306241922055115
26,17,0.1171632316863762,0.5365976579800392,0.5150166566873217,0.12849871416212424,0.26024964998747574,0.1078524543912061,0.01765209375021502,0.015937367155860062,1.0,0.0,0.5,29,1.9418694253052504,1.0368266818752887
26,18,0.11729771791123278,0.535915087281076,0.514291382205482,0.1310810653800363,0.12242991898829919,0.10802419490364033,0.01785725461665495,0.01588782471560966,1.0,0.0,0.5,30,1.9412129236184383,0.916424359099195
26,19,0.1176231673790948,0.5318327435267164,0.5140935935610822,0.14057360955505047,0.15384765379023033,0.10812899869355473,0.017711623921963397,0.016602076017478158,1.0,0.0,0.5,32,1.981500259724137,1.204782487899764
26,20,0.11755506513698188,0.5285474160986778,0.5106403320208486,0.14256328679391353,0.14295162267691539,0.10818743766908573,0.01778887138851813,0.01643893680967022,1.0,0.0,0.5,33,1.985118899109031,1.0423699598281717
26,21,0.11914995083417095,0.5283911165019283,0.5145081919359279,0.16586040314352662,0.13075524637322974,0.10974533027067242,0.01908247704066488,0.01667541791683817,1.0,0.0,0.5,37,1.9086862510140612,0.8572451921211185
26,22,0.11872117591603072,0.5133546528788713,0.4945955015529361,0.15921711592322393,0.1431856626639455,0.10952661780647234,0.01901678031776869,0.01647842775302949,1.0,0.0,0.5,40,1.9015793074493237,1.0274847308154462
26,23,0.11860193795701204,0.5178328661104602,0.5034286939791618,0.16548511115559683,0.12026628102207688,0.10936299588256364,0.01884251305574676,0.016574420158527562,1.0,0.0,0.5,41,1.8954123835047072,1.170145437264527
26,24,0.11843148708506641,0.5166630497901731,0.5022068566909513,0.16791682006207517,0.12558408636189236,0.10915079421784415,0.01878414471044464,0.016680130110666,1.0,0.0,0.5,42,1.9028788005693895,1.0532550033622108
26,25,0.11836674999163438,0.5156689008106259,0.5011643593952487,0.17045193887219817,0.12468123545531232,0.10918173408252727,0.01877668690086717,0.01650841254235004,1.0,0.0,0.5,43,1.9028454665480852,1.051719099622911
26,26,0.11828995455973035,0.5126287049099819,0.5020859629296895,0.17868410377066865,0.1797675620341416,0.10854503648416935,0.01921853599740083,0.017788993017107048,1.0,0.0,0.5,44,1.899989019738572,0.4456813607873179
26,27,0.11922257330332002,0.5181575769343513,0.5119696589065927,0.2130907140116,0.1188192292036776,0.11002483436567544,0.01918909617295763,0.0167054833770267,1.0,0.0,0.5,54,1.8991372704408456,0.6031486847459374
26,28,0.1193905562603929,0.5208263247363598,0.5188845339439788,0.2256919716574137,0.12742738081715874,0.1100119891244604,0.01918920577205538,0.01710999898297069,1.0,0.0,0.5,56,1.894464504024974,0.5100046395274158
26,29,0.11939798806974321,0.5207498495627363,0.5188037111458813,0.23804688647988817,0.11868690606297072,0.10996856078764881,0.01919058562528644,0.01721278555462696,1.0,0.0,0.5,60,1.895609592384886,0.8197555096720425
26,30,0.11938697750921465,0.5205086870189596,0.5185505716196488,0.24109018188770687,0.11961462142756712,0.11003868564082993,0.01935794828073041,0.01705552310933882,1.0,0.0,0.5,62,1.8978955015699133,0.7740005409895759
26,31,0.11935235662864972,0.5204697996748684,0.5185114611793307,0.24414853387967328,0.118585367385533,0.11000170006283919,0.01935567741606077,0.01706038155418391,1.0,0.0,0.5,63,1.898483244397956,0.8082470021983734
26,32,0.11927555934784922,0.5193636929594263,0.5173518810428442,0.25003561233451616,0.1224587441654584,0.10999857676456055,0.01898576341603366,0.01693193046936929,1.0,0.0,0.5,65,1.894224942226342,0.5607816311895533
26,33,0.1184132532656561,0.5170227211852693,0.5149340948074351,0.2581351415050949,0.1214673767470322,0.10898615971856798,0.018944216263630888,0.01725908912655537,1.0,0.0,0.5,68,1.8968994097859968,0.5491922820596808
26,34,0.11931843569945873,0.5034996442545108,0.4924292147334844,0.26251700751458507,0.15411797219814038,0.10980883923400399,0.01892274114775122,0.017504259861701323,1.0,0.0,0.5,69,1.8960791395654324,0.5517703046493792
26,35,0.11955834658466616,0.5036148495984735,0.4925379452683104,0.27484000988607477,0.11905756327917251,0.1100175360247108,0.018893277467130102,0.01756892721637568,1.0,0.0,0.5,73,1.8983076701847084,0.8661845826424658
26,36,0.11952359884725512,0.5170290090170371,0.5189993246578885,0.3096014588465177,0.12406446081045593,0.11004779726402193,0.019171694755893427,0.01746193016963808,1.0,0.0,0.5,75,1.90846486528518,1.1306299620181477
26,37,0.11852439432292486,0.5382564311201908,0.561962339792836,0.3684959289561033,0.11931196636621916,0.10910123902254867,0.01901176224002403,0.01739850031755982,1.0,0.0,0.5,88,1.9135807834602951,1.1032426075452295
26,38,0.11896919756691891,0.5476755202493446,0.5800799899919235,0.48833627846126676,0.11851762328045579,0.10881322230187002,0.0140322444042906,0.01888015496310294,1.0,0.0,0.5,117,1.896560025769744,0.9539383395701246
26,39,0.11913130661936094,0.5471242178554723,0.5794916687165874,0.4899757391663334,0.12393600170114859,0.10879605009566139,0.0140337978468538,0.01925012246276518,1.0,0.0,0.5,118,1.8973860791007848,0.8033157321295737
26,40,0.11592499868082189,0.5465535594113198,0.583174250883842,0.5114016126941437,0.11879127673213494,0.10884622258380366,0.014099214354405101,0.012773361708592178,1.0,0.0,0.5,123,1.9077771322288568,1.199779702148532
26,41,0.11827947896400859,0.5780772234863878,0.6409102680506912,0.7007850749178745,0.11768055878624431,0.1088480890522454,0.01417207118001875,0.01748661848122833,1.0,0.0,0.5,168,1.912371601994033,0.8211854808571056
27,0,0.7883908928018506,0.9783489448957102,0.977234335801564,0.05937529813296714,0.0,0.0,0.0,0.0,1.0,0.0,0.5,1,15.358380360713156,65.91919911059219
27,1,0.5975163722243293,1.011769221927321,1.0088210772196275,0.12415146925443406,0.20768427843576595,0.06898117077123939,7.128550473199e-05,0.00011348140398532999,1.0,0.0,0.5,3,8.595540685972743,40.7064407182822
27,2,0.5343743934487686,1.0353878004742214,1.031409687762508,0.16585250215380368,0.2691150480026467,0.10966428570128492,0.00121005891680736,0.00599760956619838,1.0,0.0,0.5,4,6.915719073248926,40.0407159180788
27,3,0.25423529560926245,0.9419645783297702,0.937443983728059,0.1528031961081486,0.8524890423788675,0.10826600828121613,0.0012469007392565,0.00303067181424873,1.0,0.0,0.5,5,2.978960091895031,3.0823007046824067
27,4,0.254171234721608,0.9468720884186146,0.9467225867939021,0.15850104241799495,0.10993505334495114,0.10826600828121613,0.00124690073925649,0.00303067181424868,1.0,0.0,0.5,7,2.992983467671539,3.091195796121826
27,5,0.24005051958091028,0.9328008444417505,0.9278033867476132,0.1529935274161993,0.18175337894336693,0.10818215708273003,0.0012103082643052901,0.00339727126648273,1.0,0.0,0.5,8,4.51791698034033,5.081687494679625
27,6,0.2383205678635828,0.9365483289771964,0.9358622701531343,0.17130623093587405,0.11451816962799351,0.10818215708273,0.0012103082643052901,0.00339727126648273,1.0,0.0,0.5,10,4.610290005572398,5.239129145008024
27,7,0.21227404173835115,0.9091821704770856,0.9036111107241795,0.14617015859059623,0.17481206373984312,0.09641291164849153,0.00106059668921097,0.00198313350435627,1.0,0.0,0.5,11,3.199473060525712,6.115471543545324
27,8,0.2145538630839684,0.916470509649096,0.9152616583420657,0.16165679985664833,0.10051211118283752,0.09899950210333817,0.00094608607503075,0.00191884469921756,1.0,0.0,0.5,14,3.092416578661745,6.921797005992788
27,9,0.2063157522652406,0.9035048366322128,0.897886625626144,0.15671551784003107,0.0982450265391249,0.09181629908041758,0.00118101666862553,0.00165357643179796,1.0,0.0,0.5,15,5.320184025819505,7.16138415970388
27,10,0.19661811346957364,0.8991144291904083,0.8977958508294206,0.1600011546451055,0.08748125812135997,0.08409666447279515,0.0007558134929577101,0.00127374980694339,1.0,0.0,0.5,19,1.6878638392131196,2.204062891533165
27,11,0.20056516676760477,0.8989151450419349,0.8930470890218479,0.16833752742181318,0.11959760610819019,0.09235789239255685,0.0005740180672688,0.00109725199922229,1.0,0.0,0.5,20,2.6234450477042923,2.403065703727997
27,12,0.19972979803378832,0.9031648355319447,0.9016340225854501,0.18368832738489996,0.09560642378305724,0.09235789239255691,0.0005740180672688,0.00109725199922229,1.0,0.0,0.5,22,2.6409131069455243,2.404478546457827
27,13,0.20481499324768185,0.9132130251426901,0.9160512717350966,0.1914697617874207,0.09871306847729826,0.09713410804039475,0.00074225862649759,0.0019076287515534698,1.0,0.0,0.5,23,7.495014840603141,24.774288820000933
27,14,0.19608756334210375,0.8999915928015466,0.8983285669675559,0.18473491318840274,0.11168130876232096,0.09176527361684773,0.00056373188797327,0.00107483991861987,1.0,0.0,0.5,24,3.059565756974033,1.866796807199367
27,15,0.2053518302810747,0.9192474720503526,0.9262996812619958,0.21407567754662649,0.10696754865646427,0.09849107312414855,0.00102052811555553,0.00755428491043335,1.0,0.0,0.5,25,1.632649636375632,8.091719849483788
27,16,0.1999741035778861,0.9192211695062189,0.9304967396766644,0.2224393669860742,0.12285821740749246,0.099550739214287,0.030901592887224126,0.0013078593194037799,1.0,0.0,0.5,26,1.6051262382179765,5.588853040013852
27,17,0.18784948078507407,0.9027469278638763,0.9091508089686066,0.21579056894176746,0.17374720696787282,0.09756466807243566,0.032855208343645206,0.00159201646475828,1.0,0.0,0.5,27,1.697190955648807,6.421275118516429
27,18,0.18002162953269002,0.8895561535837366,0.8911041176708868,0.22047180787489537,0.1726490591505403,0.09853638785477,0.00586315158042501,0.0019177534963730198,1.0,0.0,0.5,28,2.972261905282743,6.813427723497725
27,19,0.16477009215738547,0.8733498841428073,0.8745287730801496,0.21867540033290808,0.1461336357358291,0.08903956270144858,0.00793548324406773,0.00283736200058007,1.0,0.0,0.5,29,2.810864507276914,10.766042915935762
27,20,0.16885777680725567,0.8769580694097561,0.8779982701590499,0.22438273354369748,0.10200420162044324,0.09587001235700202,0.032796682518415096,0.0017813000594726202,1.0,0.0,0.5,33,3.1840661775718533,8.804128183237177
27,21,0.1661887210652184,0.8732989299232039,0.8740978794314833,0.25744999605237057,0.10690943292157452,0.09586921229930813,0.026817748994316843,0.00383782393587598,1.0,0.0,0.5,37,9.15645837672816,28.92091759741241
27,22,0.16078249458085486,0.864224631578173,0.8643604888403771,0.26144004262562803,0.20187116911261752,0.09971540367354016,0.02676171772933846,0.0037574510033215798,1.0,0.0,0.5,38,6.675350087608518,27.650599263011344
27,23,0.16015766187477007,0.8782810876694661,0.8915120050974511,0.2768358744921186,0.10312917061632224,0.09945907069090931,0.02661534448067212,0.00364911882071058,1.0,0.0,0.5,40,7.085278102283787,27.189597488807657
27,24,0.15453465400663075,0.8633973900862887,0.8716669273728918,0.2822250413674071,0.13252677960600703,0.09948256405227371,0.027337304261499967,0.0065824451310205504,1.0,0.0,0.5,43,6.906277436045005,26.562153850543275
27,25,0.14813899359969881,0.864430638658799,0.8811583006282362,0.3036545456636983,0.11033321087814203,0.094967450799194,0.0030627097746264197,0.009087997265468311,1.0,0.0,0.5,47,6.0936404447011885,22.080102895048608
27,26,0.1528125796166711,0.8601845713894577,0.8721116596765102,0.317057417089695,0.14083734741843282,0.10491822441583046,0.02935934735910626,0.007193322517678109,1.0,0.0,0.5,49,7.004501464746595,26.777415360798635
27,27,0.14485090715485888,0.8606440767846213,0.8811645882584801,0.3202873312956233,0.11396666643943557,0.09944480259801604,0.02963086776508511,0.0052110723163117,1.0,0.0,0.5,51,7.160432426962903,27.322208409909862
27,28,0.13794368147189484,0.8478882460377944,0.8639070704571514,0.3339345924749539,0.12306575069098026,0.09472995812103943,0.00981245761612244,0.00401649067816095,1.0,0.0,0.5,52,6.441748020947255,21.41120265945226
27,29,0.13046491910404068,0.8304297135870815,0.8455929310948972,0.3298329954412615,0.2177172013135928,0.09407108984562948,0.026412905844656782,0.00365824466177926,1.0,0.0,0.5,53,6.209351609787588,21.19043905046916
27,30,0.12974100231871552,0.8331888714021201,0.8526029151960283,0.3660650631076692,0.09979761710787739,0.09405350930412296,0.030812746721997557,0.00407047000565446,1.0,0.0,0.5,58,6.437573240356191,25.061965044307527
27,31,0.1294417716966774,0.8324186043236499,0.8517938227253604,0.37004614132726515,0.10193059201086627,0.09409083134560821,0.02668681858184143,0.003963721284764641,1.0,0.0,0.5,59,6.429015544412427,25.04102480091612
27,32,0.12910931492412947,0.836840437952931,0.8605727784580961,0.37717024123359405,0.0983343828410593,0.09390980957398094,0.02635927358222649,0.0038984746501400996,1.0,0.0,0.5,60,6.460031510497169,25.066416897467377
27,33,0.1290210549308859,0.8362283267682402,0.8599181564693936,0.38745760996372114,0.10239178695385676,0.09409083134560821,0.02668681858184141,0.003963721284764641,1.0,0.0,0.5,61,6.388108194569591,24.842984557760424
27,34,0.12456816047712527,0.8331683901252759,0.860946049810376,0.38719306371549234,0.10439583194895977,0.09161581954213908,0.030773389518257248,0.00398511047079346,1.0,0.0,0.5,65,5.220217104707143,22.85064967482789
27,35,0.1300059942514038,0.8421360576980004,0.874175751639252,0.41081775136371046,0.103989569727616,0.08174672348922131,0.031040660494097178,0.03608228713114241,1.0,0.0,0.5,69,5.033583921262502,23.882206499430712
27,36,0.12409694081297323,0.8339532427485544,0.8658170449537973,0.43307088755291456,0.0994752723600032,0.0930230001540561,0.03066285912251082,0.0039972148929654,1.0,0.0,0.5,75,5.8750054193187085,22.178498837722444
27,37,0.13212943501496152,0.8470914855643059,0.887338556630267,0.4362698874374723,0.16147705352808633,0.09915296672004753,0.03175679777861519,0.01233098205092102,1.0,0.0,0.5,76,7.30271990819691,29.334172536698787
27,38,0.1223262648098897,0.8280266108182917,0.8635906701665437,0.41613228032861055,0.14274029328253673,0.09395617549349929,0.028969998905221422,0.006526563463948259,1.0,0.0,0.5,77,6.416507442229576,21.69240409947981
27,39,0.11785117673873079,0.8192393922551864,0.8585281988896112,0.44122051005640933,0.14551421106732243,0.09393420678109941,0.030431452756172837,0.00429288876863489,1.0,0.0,0.5,79,6.384290659671799,21.651259568101143
27,40,0.12012364716783151,0.8272219843122283,0.8749745152309157,0.4770488284078035,0.1103812582593668,0.09383927138651108,0.033259663460163666,0.01163963771531602,1.0,0.0,0.5,83,6.422482206912406,25.45078167288039
27,41,0.11692138473518693,0.8125951207366952,0.8515012228529464,0.447529872411171,0.11103316235873296,0.09373013874164149,0.0297855951427914,0.006280925816793401,1.0,0.0,0.5,84,6.564987024104274,25.018937762370243
27,42,0.11626498812936302,0.816718623910462,0.8599867978546734,0.45815790022805625,0.09792039758192465,0.09393064563727815,0.03073163772959827,0.00466377450037016,1.0,0.0,0.5,85,6.545113397324477,25.01568068674402
27,43,0.11182806365833706,0.8477383644229463,0.9257205912035905,0.6151214608940178,0.09444003427168422,0.09069615029853678,0.029240696130207088,0.00455787643959066,1.0,0.0,0.5,113,4.895370541960356,22.896137208665447
27,44,0.11129913245243861,0.8500756050277779,0.9322955795387728,0.638443063975555,0.10324394210885302,0.09069709824184012,0.02924812874997647,0.00459685131398542,1.0,0.0,0.5,115,5.013405242279542,22.916807576153804
27,45,0.11616632426338933,0.8686261173583241,0.9638905496603418,0.670154870109221,0.10962312736312639,0.0921513636667653,0.03293881294345594,0.01202289248299242,1.0,0.0,0.5,116,5.456528799538115,22.98953415898421
27,46,0.10913630365410336,0.846178446528903,0.9282864117453488,0.6488426236410592,0.09673318558401439,0.08895165973963716,0.02924041636780576,0.004644856451678199,1.0,0.0,0.5,117,5.186352939912973,23.056976238933917
27,47,0.10888423454135727,0.8387912332585995,0.9245093599483559,0.6538154335427657,0.13222666912089565,0.09119442647032097,0.03146997652746729,0.00513433621416416,1.0,0.0,0.5,120,5.0219150192731385,23.925866475312603
27,48,0.10787336367198658,0.8383776034250532,0.928200696961782,0.6649283122915309,0.11390601958031742,0.09074088363101085,0.03117697623283571,0.00574020277068905,1.0,0.0,0.5,122,5.096643516696476,25.27386541470743
27,49,0.10787336340185169,0.84332463031592,0.9375208616479113,0.684490554437624,0.09361124607562184,0.0907408835241697,0.03117697939777727,0.00574020312465145,1.0,0.0,0.5,124,5.096643574722879,25.27386531033646
27,50,0.11229530999034033,0.8674207123872913,0.9791023561994706,0.7625518351771096,0.09816592916678164,0.0912407171666832,0.03275506747911678,0.013637820392151351,1.0,0.0,0.5,134,5.280832295456068,24.3314540488389
27,51,0.10618483748304863,0.8511123704051301,0.9581014224851426,0.7746202015314523,0.09612361074938582,0.09032232995506163,0.02997762715982849,0.00516161478794253,1.0,0.0,0.5,149,5.307337260029242,23.71308796080534
27,52,0.10694995719795586,0.8555745134096691,0.9709374969660238,0.8015807550285938,0.10409407385301701,0.09243273350615114,0.03012566588138484,0.00454486587616427,1.0,0.0,0.5,155,5.056386377491874,24.30594553162704
27,53,0.10685143554003329,0.8811237555887018,1.0224858862243649,0.901396712325111,0.09764742566035721,0.0929219748376943,0.03008818725491867,0.00461743617003856,1.0,0.0,0.5,170,5.267020039937198,24.23895702744934
27,54,0.10671379845096798,0.8808350982003519,1.02218827269303,0.9149106113632454,0.09648306250677154,0.09280099248268307,0.030102230537750102,0.00462990505528414,1.0,0.0,0.5,171,5.411921324537369,23.982968179273044
28,0,0.7617780397312575,0.9752912103842876,0.974019219590086,0.058700465527808124,0.0,0.0,0.0,0.0,1.0,0.0,0.5,1,17.583735914764084,65.28636993635914
28,1,0.5738362681607071,1.0110705650867675,1.0078747956857996,0.12720136861939105,0.21861841855265307,0.07308528793013222,6.957178601314001e-05,0.00012857806301558,1.0,0.0,0.5,3,11.051632209146842,41.92641052288319
28,2,0.5352143916896299,1.0606856432165501,1.0563477400140975,0.19656204446898648,0.3176789953143534,0.13921654429243369,0.00120868229901594,0.01146939753469586,1.0,0.0,0.5,4,7.415318950643918,39.971637112791015
28,3,0.23019136505784224,0.9244195423665202,0.919419427958151,0.13442265405313739,0.8709061133577839,0.10028340587188757,0.00127417888281565,0.0025352074345928602,1.0,0.0,0.5,5,5.106390850327632,3.164975775794637
28,4,0.2161716513565023,0.9122201752424994,0.9069871621830248,0.13065558581666037,0.11140656340200994,0.09357728380163123,0.00031159669853999996,0.00059702987202959,1.0,0.0,0.5,7,4.481862558954769,2.014488888286663
28,5,0.19965497954767758,0.9032594637812961,0.9016836430979114,0.1425646585438945,0.1441655176893397,0.09357728380163119,0.00031159669853999996,0.00059702987202959,1.0,0.0,0.5,9,5.042812614194665,1.728368386535302
28,6,0.18606464060103672,0.8860753250270674,0.8794845034547073,0.13622986190917935,0.1911694842412504,0.0930378373271994,0.00068200289479117,0.00213675677173741,1.0,0.0,0.5,10,6.918935214686382,11.639472832717898
28,7,0.18606464017643215,0.8910223518477943,0.8888047200876554,0.1505263782602568,0.09410625092031248,0.09303783732719949,0.00068200289479117,0.00213675677173741,1.0,0.0,0.5,12,6.918933747248984,11.639469906811874
28,8,0.20456534519404995,0.9046187427498691,0.8978352190370873,0.1663042270548565,0.1455438488853576,0.11333971776549912,0.0009651994022433399,0.0061078179900493305,1.0,0.0,0.5,13,8.222297465953293,67.14429172420158
28,9,0.19544833438734804,0.9001366049753522,0.8973794555882052,0.17042595876438404,0.1399214868788633,0.09973118744104517,0.01645776290220252,0.027939113023040852,1.0,0.0,0.5,15,4.614544477339357,12.175239977676515
28,10,0.1692454611654033,0.8726179404667436,0.8693460027213765,0.1603608632090453,0.13510919288371104,0.08119177837010336,0.0216569304242099,0.02998059761856873,1.0,0.0,0.5,17,4.5210097779790575,20.457915128489788
28,11,0.16798307924451925,0.8757211606046773,0.8766673508267322,0.17558853441190744,0.1090754491436278,0.0849941024756145,0.01734322224360006,0.02471190129963493,1.0,0.0,0.5,19,4.495544481067889,24.573342167040582
28,12,0.30199260201791467,1.003626210007306,0.9999387416964773,0.31665321870925384,0.24511171748962496,0.10443326208332258,0.05169771810872366,0.2616574902322273,1.0,0.0,0.5,23,2.521128260148912,21.037908116236054
28,13,0.17967719112934594,0.8857642881855011,0.8863404144764948,0.19553335982927508,0.13178186092937436,0.10479655120636534,0.010856169066578391,0.01957081989725382,1.0,0.0,0.5,24,6.633069041187387,17.28519613072589
28,14,0.2176011104080411,0.913001356432708,0.9083285155404253,0.2568459685584905,0.229688478836994,0.10243212369785182,0.03666651366845022,0.12269305445682563,1.0,0.0,0.5,26,2.496905632030254,14.082271425178003
28,15,0.16657543294541347,0.8766837609079224,0.8851131181739331,0.22890567973387435,0.11347901853163969,0.07945620857537614,0.01634200539148982,0.06699912845575033,1.0,0.0,0.5,31,7.256344669005066,1.381192394815001
28,16,0.16021317399778534,0.8605187790200834,0.8639991821555766,0.2150197262794749,0.1999879075760585,0.07976631592046586,0.02132676644925085,0.06631219135982744,1.0,0.0,0.5,32,7.135506788606834,2.5873288363969302
28,17,0.16414556097782634,0.8683615271517293,0.876102601111393,0.22821922702082742,0.1350510773306424,0.0770194049961399,0.02993244532986571,0.08196837625615017,1.0,0.0,0.5,33,8.224047857343825,1.7985991645346502
28,18,0.16012814583530063,0.8632078737143303,0.8708293205116096,0.23063650825128917,0.13324569841457035,0.07855240048470485,0.029005921186034338,0.07324242723913517,1.0,0.0,0.5,34,8.211284100585061,2.5010358867427733
28,19,0.16521351911437765,0.8721025835648818,0.8839805131570372,0.251112499988513,0.13901811891030275,0.07950853969517216,0.03005342653779302,0.08375880491262108,1.0,0.0,0.5,35,8.327009426299734,2.504998636226062
28,20,0.1652135123429207,0.8770495915141989,0.8933007037815057,0.26007899203225626,0.12138816376482187,0.07950853969517216,0.03005342653779299,0.08375880491262107,1.0,0.0,0.5,37,8.32701364918101,2.505001631255122
28,21,0.16138385031547353,0.8706780671859742,0.8866780019672058,0.26972311770972607,0.15787744526123654,0.07959636365232897,0.02107102765838849,0.08059734426308787,1.0,0.0,0.5,38,7.914634131639202,1.6584170867546066
28,22,0.1502338345771919,0.8445942236691869,0.8474656858004256,0.24926398150387483,0.10916938525685983,0.07870998371625881,0.02130124190171888,0.06023385007648313,1.0,0.0,0.5,42,6.15676222680284,3.418595193110587
28,23,0.15056877817624123,0.8491990437664164,0.8563789390223373,0.25926526702764535,0.11463171139330564,0.07956901861184743,0.02131493705938111,0.060345906693331966,1.0,0.0,0.5,44,5.316164686560473,3.1341724765248555
28,24,0.15783738639437758,0.8666809722158478,0.8865550123277338,0.29944973774524725,0.12652060951878763,0.09018696017451025,0.01533909435699136,0.060916771376609356,1.0,0.0,0.5,55,6.622790390450529,1.9085902584061831
28,25,0.151088221140596,0.8637397897711835,0.8878684995429947,0.3065057203490349,0.12608849648899792,0.08731899551757821,0.01854736982525672,0.055479471895939006,1.0,0.0,0.5,57,6.516238053112318,2.4298011816745264
28,26,0.1471630223085272,0.8565597055866674,0.884400447310539,0.3143292903031749,0.16358051259571366,0.08744273861443096,0.01915739415679637,0.05666280907333634,1.0,0.0,0.5,59,6.84140456389402,2.394041034368033
28,27,0.19953725310725426,0.9457209914073786,0.9887110006380185,0.3984600270897234,0.1541349822305635,0.08536783077451324,0.03734691394846095,0.13059443418741518,1.0,0.0,0.5,64,11.654428458502624,44.26091401869642
28,28,0.22396571297962703,0.985482152644726,1.0343834380212102,0.4726733864625108,0.16348536716034265,0.08819919505860498,0.05181101255187477,0.1348052786229865,1.0,0.0,0.5,76,10.048282155647453,50.0305162938811
28,29,0.22368349425936102,0.9852075978447804,1.034110530097208,0.4758871567140695,0.15590170899322625,0.08819569435793469,0.05202740171710818,0.1341969695192574,1.0,0.0,0.5,77,10.05239666667386,50.03051129749421
28,30,0.23378885443080444,1.0020088672413463,1.0557475433960017,0.48808474756085224,0.21580529430431739,0.08661622632435345,0.060889495024910756,0.14309329826539754,1.0,0.0,0.5,78,9.079469391968068,36.87251923737859
28,31,0.23378885436813657,1.006955893384487,1.0650677073344048,0.49894866719439473,0.15816320440679318,0.08661622629736655,0.06088949481500333,0.1430932969641995,1.0,0.0,0.5,80,9.079469282438874,36.87251885860682
28,32,0.22454092373182785,0.9972037896764852,1.0551597072197758,0.4987517962512297,0.16010667392339697,0.08812235989915419,0.05348301894650722,0.12663492228202006,1.0,0.0,0.5,81,8.690365936966716,34.868311626653565
28,33,0.23216835264171748,1.0098262344246633,1.07217487904855,0.5098065867075834,0.17199869404402662,0.08721454433839357,0.06094684408176625,0.14304007884889114,1.0,0.0,0.5,82,9.643600007001597,40.11046929654226
28,34,0.2589006578949206,0.999944719344808,1.0701945719719261,0.6348110635936479,0.235866885228193,0.11274806144880345,0.06208941962178003,0.24526276617277007,1.0,0.0,0.5,98,10.02505635952226,14.952191835832854
28,35,0.25889791237136994,1.004881348018798,1.0795038130265502,0.6575389908371886,0.23542008858954078,0.11274806144880345,0.06208941962178004,0.24526276617277007,1.0,0.0,0.5,100,10.027641443684423,14.961887264308547
28,36,0.2588895546691092,1.0048497006647545,1.0794705221728664,0.6539333552242741,0.23562477053629827,0.11274806144880345,0.06208941962178003,0.24526276617277007,1.0,0.0,0.5,101,10.039538972597224,15.006262914923138
28,37,0.24724284390050072,0.9958210259975905,1.0746519305834283,0.678441341031615,0.22737022087058006,0.11571349855812656,0.06384251187388496,0.21771645155195865,1.0,0.0,0.5,110,13.764951630268898,13.103002583567
28,38,0.2305222853389595,0.9532895869232234,1.0142189955933176,0.6690550419161883,0.22516719927226647,0.10826302674257367,0.05508421102129838,0.20301475939003183,1.0,0.0,0.5,114,10.749762782284275,13.006401548117648
28,39,0.23012761164416437,0.9615657413642129,1.0311595765969528,0.6825726179604363,0.21592357241198024,0.1082707131079085,0.05507207629488057,0.2029448927604804,1.0,0.0,0.5,116,10.749368938922984,12.978792228901904
28,40,0.23021326385159008,0.9615435597589193,1.031130232211635,0.6936888283171977,0.21040181635159932,0.10827640916765792,0.055107301158336064,0.20316881172194087,1.0,0.0,0.5,118,10.7524590346112,12.991008984442832
28,41,0.2338578946562742,0.9704193681306054,1.0484441488918543,0.7157185377988725,0.2611887120206412,0.11584841144221979,0.068957270122072,0.19796128250856476,1.0,0.0,0.5,119,13.299121519979757,12.22440853598976
28,42,0.23845210873407857,0.9749612749512198,1.0529826288960564,0.7222242272705983,0.21960879927104549,0.11621036457486963,0.07102280893046874,0.20645415783714136,1.0,0.0,0.5,122,13.396842830044912,12.366958764216577
28,43,0.22382453302700545,0.9537126720775492,1.0272516011992663,0.712737713049087,0.21353020212004914,0.11594538875005317,0.06776174397414143,0.17862585453283647,1.0,0.0,0.5,124,13.1416211116688,12.14648999404497
28,44,0.25287337430331397,0.9813780096041126,1.0548272498236726,0.7567472693282921,0.23720720129113157,0.1112912870518407,0.0635209885578917,0.24675088623650251,1.0,0.0,0.5,129,10.651635905848543,16.888705204213863
28,45,0.17757137663935801,0.9133021855971988,0.9953256903055977,0.7313594374185204,0.17075512681890956,0.10594733261430064,0.05607597159922027,0.10818302892589308,1.0,0.0,0.5,131,7.925933047317359,11.86316284016162
28,46,0.17061042476886085,0.9147718148192142,1.0054476991381889,0.7619872347970656,0.1555359461391217,0.10368442835600161,0.05953547624839809,0.09950964375124832,1.0,0.0,0.5,138,8.060109759421529,11.868615252271407
28,47,0.25078579114867705,0.9706588448947369,1.0394978866960463,0.7127134396157042,0.23356085386767364,0.11126491519647042,0.06575051555985637,0.2444669414126607,1.0,0.0,0.5,140,10.542161004951152,16.875883249289917
28,48,0.26864402955424166,1.022604400186396,1.117965998653704,0.8902978682652563,0.25243105166731733,0.11102709066282741,0.06859319851747168,0.2784519860401208,1.0,0.0,0.5,142,9.949196453012275,14.062383640536742
28,49,0.2700709025769108,1.0035229002678587,1.0854010437374635,0.7799133202694213,0.31220814947309294,0.11108927784655441,0.06957808367460877,0.2839881013509765,1.0,0.0,0.5,143,9.962314022758523,14.082910061661176
28,50,0.2685193360784729,1.021497315873728,1.1208513121274597,0.9109180799051311,0.2525722268100439,0.11099642086030848,0.06932000609185092,0.28119851465968243,1.0,0.0,0.5,146,9.942361023172118,14.08341525258576
28,51,0.1724619119670745,0.8980960784099286,0.9835507648275084,0.6899360655283437,0.1881907592218562,0.10309105571984006,0.058116522245000725,0.11018609223199956,1.0,0.0,0.5,148,8.23666405640467,14.371482038889251
28,52,0.1685343665255385,0.9135826788369035,1.0165070297656995,0.8606668733461877,0.1580816067873423,0.10361374938557255,0.058477824056453645,0.10143045983809498,1.0,0.0,0.5,149,8.029037743184828,11.86897152262574
28,53,0.16551843493712573,0.8897252841086625,0.9750923030866783,0.7015175899480129,0.16111834372861536,0.10340222983786232,0.05670996329352133,0.09622699174319986,1.0,0.0,0.5,150,9.261751332642325,11.79617906289851
28,54,0.16255703884610284,0.910439536233054,1.0176079546393506,0.8641939305185755,0.1579678949560062,0.10291718038178238,0.05568013533334591,0.09165771336405776,1.0,0.0,0.5,151,7.897547286253243,11.72840939113996
28,55,0.14969677100062528,0.9114894786098487,1.0317207761761558,1.0089939841111248,0.13624297658301654,0.0987295255554222,0.04457568994879435,0.07464983221671612,1.0,0.0,0.5,197,8.566367015982207,15.169295339423712
28,56,0.14625639808417953,0.9077605845267545,1.0279741946585768,0.9940958694542753,0.13900502079673996,0.09720317132733515,0.045042463034257456,0.07093204924746595,1.0,0.0,0.5,198,8.542907661163984,13.75578286210474
29,0,0.7988519177533999,0.97952270883536,0.9784685681934137,0.05963433511277093,0.0,0.0,0.0,0.0,1.0,0.0,0.5,1,14.520876554458132,61.917981803483165
29,1,0.6056350157110065,1.0236155738656667,1.0206283217016936,0.1365898452970543,0.22781438803679352,0.0815677114471345,7.637641763412e-05,0.00015149755222161,1.0,0.0,0.5,3,9.294097001439578,38.27143059140697
29,2,0.6119640473325417,1.045833162156881,1.0429956217592367,0.1592417873170307,0.1183415108848194,0.09803471559766778,0.00252550801250352,0.00583619542580354,1.0,0.0,0.5,4,13.037362087445436,42.13743316789832
29,3,0.26413995894070963,0.9462150428031453,0.9421113337919069,0.14253492922372893,0.9187513423362358,0.1044577335164488,0.0014314681550026,0.00295172518470449,1.0,0.0,0.5,5,1.7949206934978872,2.974192032696769
29,4,0.25111178585749117,0.9376512589444497,0.933226469921089,0.14373740420910341,0.12788381394615334,0.10321124137371346,0.00038523576450978,0.00079137001214627,1.0,0.0,0.5,7,1.5476921421566303,2.082614338886549
29,5,0.25099157281446166,0.9425256308378853,0.9424702476329614,0.15045994473497284,0.10388949858587856,0.10321124137371346,0.00038523576450978,0.00079137001214629,1.0,0.0,0.5,9,1.613960911006355,2.183916859449299
29,6,0.25098010249659974,0.9425186861591208,0.9424629392502386,0.15641351077126567,0.10366088040001223,0.10321124137371335,0.00038523576450978,0.00079137001214629,1.0,0.0,0.5,10,1.6100026581439089,2.178069252305997
29,7,0.23928972159652934,0.9300101248340786,0.9252223868858183,0.1551448678234511,0.1572972106041809,0.1026467017806881,0.00035821200141566,0.00073852086664028,1.0,0.0,0.5,11,1.417850274837127,2.22880881852683
29,8,0.23996626691301956,0.9278346147674827,0.9184555185130058,0.16159314952734335,0.1265208637080693,0.1089332074915417,0.00100827487043397,0.00218505178467528,1.0,0.0,0.5,13,1.815620429656352,6.281444860446024
29,10,0.23747368706445807,0.9306222598633185,0.925578792823885,0.1776368173773253,0.10978197219416042,0.10750249716746672,0.00100367043247405,0.00218661992304833,1.0,0.0,0.5,15,1.4521092379743092,7.031800928618125
29,11,0.21385847751053405,0.9058966451715885,0.8959394224034695,0.1571165475170695,0.18107639104055515,0.09861836946852992,0.00085457096735267,0.00139969141846508,1.0,0.0,0.5,16,1.369158864082913,3.477941427717649
29,12,0.20989648929146465,0.9081555893979891,0.9023086674648672,0.17705651249891208,0.12160218031758978,0.10097879496758824,0.00087495703151585,0.00151527826864938,1.0,0.0,0.5,18,1.025046112565826,1.958828406176974
29,13,0.2095394238160328,0.9128076183425045,0.9113187069720078,0.1898356433831871,0.10288270442276616,0.1009787949675883,0.00087495703151585,0.00151527826864938,1.0,0.0,0.5,20,1.054885644216802,2.0029666537712725
29,14,0.20110980411949803,0.8951770836282323,0.8847498126930344,0.16485984407347146,0.1267671715472,0.09659261897313401,0.00161803414764452,0.00227325310493827,1.0,0.0,0.5,21,1.522378158479292,3.17556577175515
29,15,0.19782502514060826,0.9071336883801504,0.9096853066006113,0.17883446158701907,0.11890122322092349,0.09494215629890514,0.0035234618544549997,0.005268047223135839,1.0,0.0,0.5,22,2.284341095476829,4.602414600713997
29,16,0.19290288324444907,0.8878810369594209,0.8770204856220998,0.16866880813284146,0.14308354007418256,0.09699311205595222,0.00267090870213186,0.0037156601251147198,1.0,0.0,0.5,23,1.252311235442041,1.9950060695797511
29,17,0.1769331631128675,0.8814780489287232,0.8786389532626753,0.17396861509764117,0.20622385127433332,0.09209156590334097,0.00459804058739366,0.009084850819219439,1.0,0.0,0.5,24,1.183302249998972,3.136212566471225
29,18,0.16866943850929364,0.8762074712507171,0.8771045666391547,0.18123662386054026,0.14696366263074598,0.09158517364216999,0.00697146675195384,0.01440960040710933,1.0,0.0,0.5,26,1.0602388958498306,3.818622507622037
29,19,0.16379363672365224,0.880829930859477,0.8903802557872709,0.23087395861082413,0.09689902843488069,0.09344705525188432,0.0024537263835438,0.00375878864632453,1.0,0.0,0.5,35,3.524425632441996,4.979132854658181
29,20,0.16917016054132658,0.8860292259118815,0.8955426343193572,0.23957897362665878,0.10673954603078939,0.09942932330162264,0.00363276526819569,0.00362854175774845,1.0,0.0,0.5,36,3.399982420509767,4.869907739034194
29,21,0.16828698334089204,0.8848959952035682,0.8943560879078248,0.24227936204370373,0.10920413871759756,0.09937461611272272,0.00355246993889579,0.00354187707557277,1.0,0.0,0.5,37,3.467543439552959,4.84997553636215
29,22,0.16510290314998355,0.8807188140077493,0.8899835797819343,0.24699978524617272,0.13030150844118488,0.09894533208991464,0.00309653204443393,0.0036340501073754902,1.0,0.0,0.5,38,3.996302752169463,11.35719034136346
29,23,0.15668810344573397,0.8717907010255799,0.8809626205562597,0.24261939798762805,0.10767853264502932,0.09219863789688527,0.00234542266740279,0.00287818054801915,1.0,0.0,0.5,39,4.2950550393140725,11.673468889152383
29,24,0.15649940746220997,0.8765234704801532,0.8900641174161833,0.25788907911637254,0.09384746137814827,0.09209006064357839,0.00237236703084673,0.0028404750342568698,1.0,0.0,0.5,41,4.312815872632757,11.768766571048213
29,25,0.15340648830300438,0.8720083882313009,0.8853132010042338,0.26006357516046025,0.12923665815387453,0.09207019866828381,0.00265501520618304,0.0030113867761261603,1.0,0.0,0.5,42,4.357997325414733,11.199698242337025
29,26,0.15179532217780742,0.8744671088224196,0.8920114013641547,0.275039702880601,0.09873955702495846,0.0922253515207876,0.00251686400871549,0.00291867315669652,1.0,0.0,0.5,46,4.721598833009805,10.686375701294743
29,27,0.14925264322539614,0.8790899570962682,0.9050007719434723,0.32170174899200443,0.10404726515301756,0.09229669260837853,0.005824888317035501,0.006987663509832499,1.0,0.0,0.5,53,3.604481892666629,3.81773432735568
29,28,0.14639841627109298,0.8697249695307109,0.8910697861078641,0.31994492059789664,0.12400797953651167,0.09128736996037362,0.00646894079658286,0.007662374704342741,1.0,0.0,0.5,54,2.9371693450943317,6.365243803371927
29,29,0.1469960015928929,0.8740868598236532,0.8996642023917877,0.3250581630353812,0.1079026510820934,0.09406848755492264,0.00592051063185213,0.00639480024782489,1.0,0.0,0.5,56,2.983361551605986,6.37252617105855
29,30,0.14320794027405392,0.8697850694494534,0.8953024843469682,0.3316391707023267,0.1032498041201057,0.0908633259528408,0.00537510889344298,0.00652929334553779,1.0,0.0,0.5,57,3.5900498648733867,6.766468740970133
29,31,0.1462474845735455,0.877672125721438,0.9075524961806586,0.3416472671644303,0.09865660329564686,0.09406848755492264,0.0059205106318521395,0.006394800247824869,1.0,0.0,0.5,58,3.2000065324546787,6.5711798609911085
29,32,0.14750480613506828,0.8731120712496256,0.8985209046336616,0.3532165720426149,0.10328461498708573,0.09640905655303614,0.00401493618399001,0.00630948258185481,1.0,0.0,0.5,62,4.111616736834953,9.41848690921314
29,33,0.1455696635912808,0.8786109050138203,0.912500589144782,0.3739792215368692,0.14047275215683433,0.09533461544266379,0.00819003908067472,0.00998333952500413,1.0,0.0,0.5,63,4.499077112889541,7.1902452018730045
29,34,0.14048916668553357,0.8697828526532239,0.9032958287048323,0.37770198574410513,0.1272989015779663,0.09370315552366118,0.00843860904156203,0.01022429122538017,1.0,0.0,0.5,65,3.914914767075485,6.3475829581633
29,35,0.14437365790843348,0.8767666304217097,0.9144767249321091,0.38964276539868486,0.11759645732370899,0.099323175150853,0.00736230812041602,0.00989690370799852,1.0,0.0,0.5,67,4.00356588490904,8.098279199872717
29,36,0.14416332702482376,0.8811962155321823,0.9232509551499775,0.39649043936188516,0.10645088083317268,0.09945919200991131,0.00724629983537933,0.00969849317432903,1.0,0.0,0.5,69,3.579657516902318,7.125124711801576
29,37,0.14370817495996424,0.8855125117673636,0.9319240680229584,0.4212328254490032,0.10523039823127815,0.09915111478519985,0.0072694138172496705,0.009687869703220291,1.0,0.0,0.5,71,4.119084297881052,8.243616064627826
29,38,0.1342021447617415,0.8698474483827486,0.9117741057405422,0.4264430865560166,0.10391734973159018,0.09063301490793534,0.00574307111670911,0.00962932638541838,1.0,0.0,0.5,73,4.055205318447737,11.377318668295658
29,39,0.13509579067663352,0.869256869438713,0.9110498960973582,0.43091326889866965,0.10249478727093014,0.08776211060704049,0.00790456892399195,0.01938101124710355,1.0,0.0,0.5,77,5.970953000026473,14.795785217245331
29,40,0.13649122677303888,0.8718696249489836,0.9177114113957864,0.4375595023846856,0.12595214440937785,0.09347647633239471,0.009892105979283,0.01588791396194264,1.0,0.0,0.5,79,5.738822328543935,15.350670618294496
29,41,0.13388361242591545,0.862197937123365,0.9034889615181164,0.4595683410334,0.11357487321474916,0.08860742016084776,0.0091164750620884,0.023076469104648382,1.0,0.0,0.5,81,5.002640495951683,13.010113648863696
29,42,0.1308326367533129,0.8577437453803162,0.8989192589171057,0.4498405058672003,0.1154243768707601,0.08816457246103537,0.00842057393406165,0.01954147772714506,1.0,0.0,0.5,82,5.7209336099440975,11.009681864536637
29,43,0.12710448025396248,0.8584160395885085,0.9039193683463875,0.46482088947129135,0.1016220058266242,0.08718806831612397,0.00865749218813607,0.01470685560018396,1.0,0.0,0.5,83,5.371569669928082,7.607923297694036
29,44,0.12919386836493324,0.8583836839328898,0.9037174465050024,0.4637768066347902,0.1231964896482914,0.08805661438751483,0.008404609474684679,0.01949124961221748,1.0,0.0,0.5,84,5.517077906172269,11.839084512177234
29,45,0.13095811949103747,0.8492717651821092,0.8857815058255177,0.4507399041839745,0.1118510846551258,0.09584873317648376,0.00751944794979831,0.00849142447895386,1.0,0.0,0.5,85,5.114982479782661,13.374337421677067
29,46,0.1292753133771504,0.8563965361794895,0.9015674144569471,0.42114467048267995,0.11186233045529761,0.0942433419598167,0.00842455688805414,0.00947319622641382,1.0,0.0,0.5,86,5.16922485142263,13.273986110849185
29,47,0.12674643517745898,0.8412976041195886,0.8775157398215637,0.46475116832691254,0.10559031863075863,0.09320540665836995,0.00786678015601165,0.00915988556587923,1.0,0.0,0.5,90,5.311022526265071,13.936662262425454
29,48,0.12838946010122462,0.8611320860178195,0.9147217575189661,0.5270433125023233,0.10476230426823592,0.08692558708283424,0.01132404569019547,0.026515859583375313,1.0,0.0,0.5,94,6.668799398641812,13.227725766218304
29,49,0.12597152962388014,0.8481395611850626,0.8929317955502657,0.5293179185736404,0.10194359135893755,0.09234829390668534,0.00869343067075061,0.01146028556480866,1.0,0.0,0.5,96,7.240249333263997,12.573301470262557
29,50,0.1275096312251882,0.8568020171136862,0.910135012954341,0.5326665415008223,0.13192705550961,0.08797253465023451,0.01019400679754663,0.025734574060152497,1.0,0.0,0.5,97,6.419002083373454,13.589057268191077
29,51,0.1232537914723992,0.8391094081409464,0.883435711913393,0.5060430729739214,0.13863500960209063,0.09216973944076026,0.00877359905893242,0.01185854457923762,1.0,0.0,0.5,98,4.737388333158298,19.527785387758254
29,52,0.12244474611260664,0.8475148943467069,0.9005417737678912,0.5365032758809665,0.10328491149413896,0.08704428733575052,0.00934116855997644,0.02090962328209843,1.0,0.0,0.5,99,5.399152221187442,9.836638030591503
29,53,0.12175864003996638,0.8461575915765065,0.8991366437430865,0.5467765948328351,0.1006716336800873,0.08460557116143973,0.010395516956318771,0.02493060457364147,1.0,0.0,0.5,101,5.110639701513735,9.310576008286391
29,54,0.12390983908342021,0.8506602104418227,0.9078289038040608,0.5491105309198558,0.12794298535286622,0.09438292545219452,0.010621814575747431,0.011616094775571729,1.0,0.0,0.5,102,6.628696869766831,13.068852492130398
29,55,0.12435481540077031,0.8503920925898312,0.9075108411896717,0.5617812950197838,0.10845710716168715,0.08910632342225717,0.01481416934175032,0.02357379890357126,1.0,0.0,0.5,103,5.908236466442562,16.277872086937045
29,56,0.12166436515262813,0.8336819741225362,0.8817691498339093,0.5456961941108849,0.1211835075398468,0.0934556123027056,0.01038175222933822,0.012325440057553639,1.0,0.0,0.5,105,6.728555369272262,12.106175012807617
29,57,0.1169972947799313,0.8374355994030963,0.8982094747600382,0.5631956837602866,0.12966309138224363,0.09106044640050581,0.01026541430754873,0.01175464590100942,1.0,0.0,0.5,107,5.040313919622204,11.044239084959433
29,58,0.11694467069401669,0.842221881329584,0.9073617418609619,0.5790093492373082,0.09727885383911017,0.09103468415387413,0.01026572395470245,0.011763751012230709,1.0,0.0,0.5,110,5.056879619616193,11.054067170520238
29,59,0.11737992343476554,0.8471909633447289,0.9166765380736847,0.6142943118088907,0.098300725524315,0.09156998818120479,0.01024621025450869,0.01180269539445818,1.0,0.0,0.5,115,4.999011369861224,10.767826909827908
29,60,0.12214533344725789,0.8446113626574755,0.9095655606971091,0.6404481266856804,0.1077000444642011,0.08808149813889024,0.01342342443562759,0.02966162525151299,1.0,0.0,0.5,120,4.698818020778469,12.822141500058573
29,61,0.11346554519498593,0.8390476456461595,0.908255195935372,0.6406307918162879,0.09925576991253533,0.0885552921801201,0.01041161309043655,0.01234699398992286,1.0,0.0,0.5,124,5.041014327764107,10.838096769953092
29,62,0.11522109003955237,0.8492451265673613,0.9271045926181952,0.6791089263398367,0.0997221110558819,0.09095959664284894,0.01140160475908091,0.011813577467184231,1.0,0.0,0.5,129,6.998754789666839,10.891757712255185
29,63,0.11401290500283646,0.8323845729132308,0.9011280517662714,0.6599111459648375,0.15297442397968694,0.0907494841284293,0.01116297165124184,0.01266205847017374,1.0,0.0,0.5,130,6.64146699081602,12.372836107207448
29,64,0.11376513151535192,0.8362547305948127,0.9093187397222294,0.672405735269872,0.10100592270851597,0.09066184279005438,0.011183390897373439,0.01272850882220887,1.0,0.0,0.5,132,6.644760408596508,12.22848404778607
29,65,0.11376501675831949,0.8412011525558001,0.9186383051685619,0.6851576262645643,0.09702618324517845,0.09066184211170367,0.01118346934949591,0.01272850822965127,1.0,0.0,0.5,134,6.644760399571741,12.228477900365831
29,66,0.11247876881474007,0.8241570835510132,0.8924794676783194,0.7110323374331851,0.10499456581664574,0.09054079378070248,0.01124265161562776,0.01298412324080514,1.0,0.0,0.5,141,5.226365717609066,11.011551887979303
29,67,0.11238870858072793,0.818478747058074,0.8864557252805638,0.7572825402635245,0.10459368362780773,0.09113512758354284,0.012113017127173251,0.01385809110568346,1.0,0.0,0.5,149,4.6150507314517695,12.513786430037609
29,68,0.11124804562693319,0.8643888860767674,0.9759494929677053,0.9067977236048189,0.09815034973022638,0.08939829128008221,0.0134933491470824,0.01596079352475291,1.0,0.0,0.5,178,6.7347495723644135,13.861549286535835
29,69,0.10987431637665462,0.8668042318530048,0.9826675076564949,0.9288082379148519,0.10154901782508564,0.08835445061362933,0.013447721864066838,0.01572456208433847,1.0,0.0,0.5,180,6.645689755601816,14.436768239056118
30,0,0.8315613583980513,0.9830966896301528,0.9822264813708154,0.06042613959224132,0.0,0.0,0.0,0.0,1.0,0.0,0.5,1,12.28539715182396,59.3808928490832
30,1,0.6246727167817522,1.0244305043195887,1.0216306099076498,0.13456814743637194,0.22473063435739415,0.07873708202839881,7.586748215538999e-05,0.00016293326834305,1.0,0.0,0.5,3,7.250320771165838,39.04553243529488
30,2,0.5481457964745251,1.033221237887588,1.0294902449010725,0.1600014216038271,0.25129672038918766,0.10055583743988326,0.00252513637884243,0.010282249664854439,1.0,0.0,0.5,4,7.852320631560106,40.391468748456205
30,3,0.41622489651804395,0.9813546063521295,0.9763539863418998,0.12877709254664205,0.2657209474228763,0.07841655639301291,7.359398474717001e-05,0.00015409223877695,1.0,0.0,0.5,5,4.154237608027568,20.968550716185167
30,4,0.2760136939949482,0.941017340079259,0.937861035207088,0.12797389927462763,0.27506561380000777,0.08212068651221077,0.0002023178539975,0.00042361629383333,1.0,0.0,0.5,7,1.6575848192644291,4.862667177537683
30,5,0.22220177270641076,0.9053680841947747,0.8964422760166262,0.11826447590545963,0.18282575641964852,0.07838719808435764,0.00035887593410299,0.00073509707562042,1.0,0.0,0.5,9,2.227758381346166,2.574403033708037
30,6,0.21954139774958167,0.9088962591220446,0.9042356573467965,0.12637612285206384,0.08759380702160685,0.07904980888957736,0.00037302068701652,0.0007654743961355,1.0,0.0,0.5,11,2.298802456230528,2.074435383148624
30,7,0.21870518132216699,0.9131203772569219,0.9128227208841806,0.14199827148498828,0.07967966248720507,0.07846016821338425,0.00043754454618648005,0.00089531346586692,1.0,0.0,0.5,13,2.45857346297194,1.8657573559144036
30,8,0.21207040415092332,0.904989531205375,0.8999717883883945,0.14953794894498676,0.10869857034817094,0.082098623892564,0.00034715510088767,0.00073008318510612,1.0,0.0,0.5,15,1.9870573853195803,2.256984800412588
30,9,0.2077344943003346,0.9120340880620236,0.9155836956281966,0.15776574858882048,0.09662422289372498,0.08264380310556577,0.0004261227304168,0.0008938643454798299,1.0,0.0,0.5,17,2.0023819632841144,1.5171728269180205
30,10,0.20899242491920245,0.9187341607772478,0.92659149873166,0.17056928878953007,0.0910585191236211,0.08552128810450672,0.00046962704375807,0.00118560627979945,1.0,0.0,0.5,19,1.6370121231733412,1.2943185554162326
30,11,0.2058700334213598,0.9017056678634202,0.8963098594022756,0.15874363066396746,0.10674052708222148,0.08589694493669754,0.00059755523982555,0.0012531061146273102,1.0,0.0,0.5,20,1.9755643748699248,2.235643549451332
30,12,0.20482143181909482,0.911877270104721,0.9150064721279277,0.17753681750137632,0.12456825444141126,0.08967761053783721,0.00111375012846418,0.00284483733626126,1.0,0.0,0.5,21,1.4966362295287106,3.599582965674929
30,13,0.19511168704237183,0.9085619111350317,0.9157455347118661,0.18179799411208886,0.11313111383234836,0.08749600944349405,0.00122602906467832,0.00306646052315257,1.0,0.0,0.5,23,1.6499275666744826,5.890465422538147
30,14,0.1951117037142704,0.9135089756985779,0.9250657773532934,0.18966426082615878,0.08902934652462566,0.08749600944349405,0.00122602906467831,0.00306646052315254,1.0,0.0,0.5,25,1.649919777969326,5.89046110078816
30,15,0.1715839240782294,0.880844202000712,0.8822667507012906,0.18862604354290477,0.3031587075900283,0.08897317478073248,0.00350810870422963,0.00849264800240797,1.0,0.0,0.5,26,0.9093536660976989,15.4165774900672
30,16,0.17201260030904938,0.8861756436760295,0.8919401044476302,0.1977213894743933,0.09670924553224788,0.08921686467771182,0.00409220834110106,0.00998824667400839,1.0,0.0,0.5,28,0.8249133284474703,19.3223429449364
30,17,0.16851495871805133,0.8870617069394408,0.8970099578469388,0.20485426975581772,0.10798958909479642,0.08518936305089067,0.006555272439077641,0.01727754927989999,1.0,0.0,0.5,30,1.3164765543910135,288.649847158422
30,18,0.16178986835354592,0.8830228900745313,0.8967899879447355,0.21864901893804173,0.13752861582564577,0.08584217957102674,0.00788619915473042,0.01953707420122562,1.0,0.0,0.5,32,1.609794319262675,107.60587743730343
30,19,0.1454659508423966,0.8473776048390562,0.8472794485154255,0.21163726224999982,0.10823304962627275,0.08178291943788144,0.00607897092885021,0.01502053569748158,1.0,0.0,0.5,38,0.7841375871368675,2.4658662604918824
30,20,0.14276248090762916,0.8478226681650909,0.8518659138223639,0.2196837054191374,0.10638911295386809,0.08178291943788148,0.00607897092885019,0.015020535697481541,1.0,0.0,0.5,40,0.4938261529153974,2.7173422705321446
30,21,0.13470944512519809,0.8311161149560369,0.8303397794852451,0.2140128514640917,0.11998513007097403,0.07880191538816096,0.00451205599201459,0.014806995892451038,1.0,0.0,0.5,42,0.4517015711032513,2.2988147121517946
30,22,0.1394234414440722,0.8309874416739965,0.837531216166912,0.2383620123470656,0.31953352336594754,0.09773916809799839,0.008009389238954879,0.01229632617533718,1.0,0.0,0.5,43,0.7677741533706887,1.5494245058929896
30,23,0.13547574037836602,0.8263482237324438,0.8367974384427032,0.254229523781393,0.13875044391284594,0.09440591857883215,0.01074026629987665,0.017961653818579608,1.0,0.0,0.5,45,0.712331142118479,2.0650287398776075
30,24,0.14069336722706355,0.8346052160280414,0.8492754539350953,0.266311663144675,0.11425376075007548,0.10029883850853005,0.01174432272878626,0.0187063459082195,1.0,0.0,0.5,50,0.6826931494174541,2.086180677986858
30,25,0.13831816548905945,0.8231577529112664,0.8371367743626941,0.2746291287904331,0.16402036111355156,0.1025591145662878,0.011335193872725729,0.01814503451360941,1.0,0.0,0.5,52,0.6645844380387476,3.9223830545359184
30,26,0.1392942295647217,0.827609535811151,0.8458547522696453,0.29494330401071184,0.1211800213566131,0.10486668171931818,0.01127374486945503,0.01669482129308318,1.0,0.0,0.5,54,0.5164085799936893,3.166479313819074
30,27,0.1383100402862087,0.8213496017325449,0.8351977659809042,0.24609800862995834,0.11597984099715905,0.10363048796551343,0.01131228762986726,0.01747013184122062,1.0,0.0,0.5,55,0.5071235612142302,3.664195460045319
30,28,0.14262913756122322,0.83241173147922,0.8547793707159753,0.31822035184701325,0.15231765413484508,0.10722282484362618,0.014480230959224998,0.021434445390341842,1.0,0.0,0.5,56,0.7201115364179486,4.776032389518306
30,29,0.1342615854561268,0.8116982218138266,0.8291765594255367,0.31713476819178477,0.1177702430730749,0.10113089796133368,0.01251814225174277,0.02213771596974383,1.0,0.0,0.5,70,0.3139426643736625,0.9245547046777836
30,30,0.1301373753726481,0.8083294589482521,0.829896809454859,0.33038126316544436,0.1309174938515668,0.09839066049648611,0.01237824220311321,0.02202570682239768,1.0,0.0,0.5,72,0.4149133559589342,0.94450942216723
30,31,0.12616848843227244,0.8022835785379858,0.8237122779888799,0.32340156890962046,0.1269733840673159,0.09557766531003635,0.01166848808266331,0.0209469689837304,1.0,0.0,0.5,73,0.5014274490834598,1.2066832331429354
30,32,0.12309455497554406,0.7898747259595117,0.8066409536622904,0.33640948685518607,0.12610843337583572,0.09275668537744775,0.01354479904490842,0.0229048624854784,1.0,0.0,0.5,75,0.3525422267616941,5.335448707489421
30,33,0.12341515541231086,0.77258237285485,0.7882316786812187,0.34548491089419653,0.1508281918202053,0.09821882079539085,0.014752126486777619,0.02078889922930571,1.0,0.0,0.5,79,0.376994491690356,4.564528545078327
30,34,0.12183098195858354,0.7643261502617191,0.7795670179758338,0.359186985744784,0.1237322293236058,0.09309700939686037,0.01634386439319034,0.03038829038867517,1.0,0.0,0.5,83,0.4132955759252523,4.750810034697933
30,35,0.12252351051056254,0.7642528644286529,0.7794472910012534,0.35981695661914276,0.11614376409133759,0.09371578726260833,0.0165762077815379,0.03080891138495771,1.0,0.0,0.5,84,0.4390344473358369,4.763914872135548
30,36,0.12413248548336138,0.7695052299124252,0.7889939297440862,0.37282247476397296,0.12288966482746246,0.09573592302528396,0.01660741624008134,0.03044409073293295,1.0,0.0,0.5,85,0.489279026291626,4.811662652001202
30,37,0.10938042322143411,0.7458115326760629,0.7688464227595995,0.37961658133691706,0.22345569222530068,0.08280032325110442,0.013949513671895212,0.031162152957793558,1.0,0.0,0.5,86,0.0797661747774938,2.5623199845468907
30,38,0.10932692443996148,0.7602173533450097,0.7963493232557591,0.4310964729464191,0.09894427992338141,0.08280032290903457,0.013949513590650331,0.031162153312871248,1.0,0.0,0.5,92,0.0642746076757818,2.480449639066155
30,39,0.11711552598525882,0.7464105963514283,0.7690268922747204,0.33675487800349696,0.11334710519446096,0.08918720588911828,0.01476067846526019,0.03584932975760061,1.0,0.0,0.5,102,0.364387814077664,4.673907484355884
30,40,0.1119587688117354,0.738903486733073,0.761385693429026,0.4160239698153864,0.12005074179157624,0.08260629265635605,0.014326284828747298,0.039206144301909114,1.0,0.0,0.5,103,0.1923275727298839,5.220086732925464
30,41,0.11774960540718044,0.7475117273154501,0.7783332985767848,0.4851139524792632,0.11652215952649153,0.09304177375534273,0.01610594247367948,0.031574041892123386,1.0,0.0,0.5,111,0.2012202237423268,0.4196354657323092
30,42,0.12808537581309265,0.753893510408571,0.7844893662453759,0.5050520087483721,0.15388472289385308,0.0993539688469164,0.01985037507977984,0.040482573262205265,1.0,0.0,0.5,112,0.3659069815527775,1.372487991782072
30,43,0.12794730223373385,0.7524152562736376,0.7829350084843326,0.5182115000444579,0.12243544923431468,0.09935396884691641,0.019850375079779818,0.04048257326220524,1.0,0.0,0.5,116,0.3593906597121361,1.3245111124158229
30,44,0.12161605674013325,0.747246812028539,0.7819252395729243,0.5106558489739067,0.12985907905592042,0.09729313491970455,0.01573142873229591,0.03270546040376971,1.0,0.0,0.5,118,0.3607746379994145,0.5973739432726191
30,45,0.12083031401835115,0.741198634114129,0.7714860650412281,0.5105195055080417,0.11427640634966355,0.0959990085580563,0.01751378321577502,0.033785803330506056,1.0,0.0,0.5,120,0.234431320433495,0.2602657019967921
30,46,0.07689277095029196,0.6765407387610943,0.6892828911030591,0.5238146456244016,0.0694029256943968,0.05719820221390255,0.012573949851942759,0.02369214194702379,1.0,0.0,0.5,142,0.2105722143613246,0.2070419559913189
30,47,0.07682016020148195,0.672604163971146,0.6892229618173131,0.5351392713762168,0.08925911973425622,0.061084541126454936,0.012999254766906759,0.01744172892534278,1.0,0.0,0.5,146,0.2278342431059412,0.0426545895517853
30,48,0.07317288759829715,0.650199022322924,0.6616793507448642,0.5224312978652994,0.12372178334784315,0.06005096906051518,0.01479150064961125,0.014325993025366029,1.0,0.0,0.5,148,0.2480933292945584,0.1007978364900677
30,49,0.07316530886542341,0.6550326980213719,0.6708803393063609,0.5386389833527973,0.06765459395933479,0.060050969060515214,0.014791500649611261,0.01432599302536601,1.0,0.0,0.5,150,0.2492705513633323,0.1044562672992215
30,50,0.07316530901481458,0.6500856712924032,0.6615601539753464,0.226226901908086,0.06721418312917622,0.060050968766453834,0.014791501091608969,0.0143259937970051,1.0,0.0,0.5,152,0.2492705391118307,0.1044562753425142
30,51,0.07496515675108231,0.649542346873664,0.6608876880588654,0.582592104132483,0.0709552968861973,0.058704075564097895,0.014393745908201038,0.02095044475034092,1.0,0.0,0.5,163,0.2070451276100489,0.2349039537488372
30,52,0.07976339417689057,0.6535832111584481,0.668988364673589,0.6241153633363827,0.08383635682978464,0.060465497393683364,0.013550335542744249,0.02778910917926492,1.0,0.0,0.5,168,0.2794079973403064,0.1832337723610853
30,53,0.08028690957453986,0.6488214227568149,0.6639374799947113,0.6333745054668918,0.09707544727040035,0.061618216934290725,0.01328362767654832,0.02719169584055229,1.0,0.0,0.5,170,0.2076911788820681,0.3364026106865951
30,54,0.0860985494286131,0.6339870616327223,0.6438774249344745,0.6285721289286315,0.10767426128932066,0.06505316104440556,0.014421974438862981,0.03366836902489958,1.0,0.0,0.5,175,0.1842248008277275,0.3498432337244933
30,55,0.0854220987034722,0.6318868732866243,0.6417003399408414,0.6465671939433921,0.08321813597291661,0.06415120494215724,0.0152465614733796,0.03425955063304901,1.0,0.0,0.5,181,0.1743823537329017,0.390661642970282
30,56,0.08542455981374222,0.641623317590899,0.6601744619598116,0.6883661278904201,0.0817268094605642,0.06419801141419978,0.015213210424671438,0.03418647913573903,1.0,0.0,0.5,184,0.1741041338242736,0.3710114825432588
30,57,0.08482556714595292,0.6254690455053583,0.6308621391665807,0.24402414415090523,0.08367164161530125,0.06356425176395183,0.014442646898067499,0.03432598624717348,1.0,0.0,0.5,186,0.211162748062811,0.4271957076842409
30,58,0.08515807706275907,0.6450311335312484,0.6678867447028086,0.7317130209108964,0.08561169913985309,0.06393024320427376,0.01496145475791372,0.03431242629544996,1.0,0.0,0.5,187,0.1907675896831241,0.4087591538145839
30,59,0.08603842340605479,0.6342752672949998,0.6482906222769562,0.6837144935664132,0.09623693602949088,0.0652054775393473,0.014355429906385811,0.03368776112643041,1.0,0.0,0.5,188,0.1935992402828651,0.448261524194339
30,60,0.08604886687740732,0.6441024041518422,0.6668599109286566,0.7222948876488671,0.08227385160716037,0.06526209609701263,0.01431759136745801,0.03360272036544112,1.0,0.0,0.5,191,0.1933539843256497,0.4239466792987272
30,61,0.08602732618019543,0.6538237950611452,0.6853194887623133,0.7666656434744411,0.08327455108440596,0.06520606362023036,0.014352925319143839,0.033685754116746805,1.0,0.0,0.5,192,0.1930497905614398,0.4308484258842625
30,62,0.08603851033196566,0.6339841115976308,0.6479837766092688,0.7061627789905458,0.08257605245564745,0.06526264701215527,0.01431523393087408,0.03360085546873612,1.0,0.0,0.5,193,0.1930856924743462,0.4202147372768696
30,63,0.08603850958677361,0.6438781369319699,0.6666241136437908,0.74883481209355,0.08206318458201954,0.06526264701215527,0.01431523393087405,0.03360085546873614,1.0,0.0,0.5,197,0.1930856737153644,0.4202144277652492
30,64,0.08603593580832158,0.6438122279208054,0.666554797653796,0.7454960379553124,0.08257829602283968,0.06526209609701263,0.01431759136745801,0.03360272036544113,1.0,0.0,0.5,198,0.1928925735764801,0.4036750723363594
30,65,0.08607478646747388,0.6584100954555058,0.6942569341659602,0.7973566860957721,0.08442075914510935,0.06510837325989406,0.01478523855826977,0.03401427377231757,1.0,0.0,0.5,199,0.1983709806990787,0.4509018629763101
