Run,Equation_Index,Hybrid_MSE_Train,Hybrid_AIC_Train,Hybrid_BIC_Train,Hybrid_MDL_Train,Hybrid_PSM_Train,Extrapolation_Divergence,Sensitivity_Interpolation,Sensitivity_Extrapolation,Lambda1,Lambda2,Lambda3,Complexity,MSE_Test_Interpolation,MSE_Test_Extrapolation
1,0,0.8058711858548735,0.9803017583700174,0.9792876792449134,0.059806648789759706,0.0,0.0,0.0,0.0,0.6,0.1,0.0,1,13.90643405564858,66.31490612098315
1,1,0.5747662386428652,0.9885377717690789,0.9855946485107625,0.10084369362724054,0.191577326378148,0.07616908045251862,7.561083860169999e-05,0.00013947789955326,0.6,0.1,0.0,3,8.912409813882155,43.44584212048562
1,2,0.46470338879646345,0.9705121051255153,0.9664637009628881,0.10202746015563478,0.2165665831981115,0.08171653273119703,0.0012308618747747999,0.00289988327209708,0.6,0.1,0.0,4,5.977442844900173,39.9114463522092
1,3,0.22508409830457554,0.9011800400513491,0.8974461894734258,0.09192941104022738,0.6677692808183867,0.08936665010271654,0.0009380471408230401,0.00173039801308302,0.6,0.1,0.0,5,3.394379189182961,9.050365602795292
1,4,0.18524844155854325,0.8781952056921564,0.8731812269047383,0.09183119455813318,0.15229139973155217,0.09235911257737871,0.00180651355889535,0.00292898677603447,0.6,0.1,0.0,7,8.329192286330212,6.848519710928331
1,5,0.1742907586615605,0.8701457632519418,0.8648048314991029,0.09211973957553518,0.10526140868550611,0.08939315830410575,0.0026176569536526103,0.00608054760398148,0.6,0.1,0.0,8,10.718478382445552,95.42930849565774
1,6,0.16699055657030037,0.8645286124886341,0.8588390728660513,0.09367476735284103,0.10553138906302585,0.09159797301384391,0.0009369372921640201,0.00153598764613684,0.6,0.1,0.0,9,5.113696912412921,1.9400364972076545
1,7,0.1558084104988729,0.8549385996467643,0.8488498069572611,0.10658706887037309,0.06833126455946648,0.08847050152320812,0.00135973477299869,0.00227974624195152,0.6,0.1,0.0,13,6.92693826244457,8.29098038378755
1,8,0.1557990237178626,0.8602920179192949,0.8584658761562688,0.11062394375013632,0.06453711162096726,0.09244653198352244,0.00303067562142508,0.00595717742149979,0.6,0.1,0.0,15,4.620750344653039,3.990561851671373
1,9,0.13087898123658315,0.8309059780989725,0.8240430686633119,0.09859458719044378,0.14370164644632405,0.07314716053689127,0.00334548672935448,0.00724038319431303,0.6,0.1,0.0,16,4.30824980634734,44.54701379036072
1,10,0.12789051216326433,0.8275506441833584,0.8203703191024707,0.10484410083568019,0.071041907339196,0.07776253443205741,0.00376072563844775,0.04124664362811067,0.6,0.1,0.0,18,4.788422542280454,36.60891663619493
1,11,0.13475962821094858,0.8440781490150002,0.8455279000943907,0.12973969112281633,0.0734879423665758,0.09202211510385593,0.0071209807666776,0.00804023547109178,0.6,0.1,0.0,19,6.802092924716581,4.253234360555269
1,12,0.1279976449535029,0.8360348801840887,0.8370579071791856,0.13900792208116006,0.0723031142065346,0.09230451496490556,0.00787976662953306,0.00921036537936762,0.6,0.1,0.0,23,6.760063525317152,5.11992957461204
1,13,0.13117205436692203,0.848827759604361,0.8585262088025885,0.16113873931734943,0.06401928803583438,0.08444099602882899,0.09782394610628133,0.00406768123017103,0.6,0.1,0.0,26,7.123681096754781,26.60344087003656
1,14,0.12386533196355853,0.833999919058514,0.8387949967549012,0.14926278253481587,0.14105062204216728,0.08485457421183074,0.09953053082722316,0.00525664704240737,0.6,0.1,0.0,27,7.057624345000996,29.593976696462096
1,15,0.12049121532870734,0.8337195879551381,0.8425852542713446,0.156750754069664,0.08439491695089396,0.08543240418822998,0.10256478848075176,0.00817404406231831,0.6,0.1,0.0,29,7.016898271525836,34.80536142674899
1,16,0.12034857382194805,0.8384507808593271,0.8516784769686458,0.17928410672341466,0.06193510867482253,0.0854324044252494,0.10256382744856044,0.008174046152399719,0.6,0.1,0.0,33,7.025932505483314,34.633498679332774
1,17,0.21020160912561178,0.9128932345765156,0.9129165718860112,0.2554135876626934,0.16528917918548441,0.09428039976141805,0.9588036770062199,0.06665423583900239,0.6,0.1,0.0,34,6.833845471827957,11.106048136026551
1,18,0.2102016108702245,0.9178402613972424,0.9222367625104796,0.2757105667059766,0.15244863558649643,0.09428039976141805,0.9588036770062199,0.06665423583900242,0.6,0.1,0.0,36,6.833845561500564,11.106047989066626
1,19,0.20507532857015548,0.9036895911465922,0.903172068985395,0.2746987639783448,0.23555922129905746,0.08958534383202837,1.0,0.06479837697068445,0.6,0.1,0.0,37,5.275011937492948,6.862630848632423
1,20,0.2083713012053628,0.9087497689330462,0.9122381971221675,0.2863356527153579,0.21651716255789066,0.1016626652582912,1.0,0.07046516413818571,0.6,0.1,0.0,38,6.331827061145787,12.366195453499028
1,21,0.19726562618454757,0.8953691143364035,0.8986144705912094,0.3100775128515787,0.15969101084135556,0.0872313295311426,1.0,0.06655194649219807,0.6,0.1,0.0,43,6.959672506127284,9.159940329845178
1,22,0.20057342570787745,0.9084874190813746,0.9204704030974457,0.32286655696507544,0.15704851596736596,0.09288645408875659,1.0,0.08046970048077415,0.6,0.1,0.0,44,6.244885808630269,8.848597060439385
1,23,0.18840638115536915,0.8781581230456496,0.8845483382834621,0.2941237200692708,0.33848286183511445,0.0900679830491166,1.0,0.09635771443850612,0.6,0.1,0.0,45,6.091802435596636,8.205061201788551
1,24,0.18838702072364624,0.8830759712607378,0.8938385257715077,0.3127736374879835,0.15406909898234336,0.09004602363207513,1.0,0.09682343899012004,0.6,0.1,0.0,48,6.085031470597759,8.165094315533342
1,25,0.1883398244785949,0.8878794089314279,0.9030070503035073,0.32219059233376696,0.15525999397240173,0.09006798304911666,1.0,0.09635771443850613,0.6,0.1,0.0,49,6.048056935541059,8.206100402129417
1,26,0.19422593892503184,0.8923419295589528,0.9073512365685698,0.36085572067193417,0.16528218113397572,0.10133713699862083,1.0,0.0865867956627679,0.6,0.1,0.0,53,7.223910750154292,9.764000700674243
1,27,0.10026225255898162,0.8023071972777118,0.821606289677445,0.2870529065365363,0.06923795241324178,0.08550602507400723,0.16136395817823732,0.02715540408777043,0.6,0.1,0.0,60,7.387149413891418,76.89603454238886
1,28,0.09485727460741844,0.7981939416500374,0.8215718916231998,0.29937832689459287,0.07908557856415238,0.08016844060404846,0.15995606644494065,0.025502154226265162,0.6,0.1,0.0,63,7.387520163415355,84.61490841861507
1,29,0.09473304013327946,0.7979421741956015,0.8213101684778724,0.30602616673992905,0.06552422702434063,0.08006975541020483,0.1599644451282661,0.025517958227342142,0.6,0.1,0.0,64,7.406520942116992,84.73134236164702
1,30,0.09680401292881487,0.7919665971172339,0.810722558868491,0.3082052862257381,0.08549700401195075,0.08580837468994786,0.16164862643753075,0.029561519483250347,0.6,0.1,0.0,66,7.129894964600475,75.68710526661593
1,31,0.09711694634146037,0.7964520168115408,0.8195208070888463,0.3191884158939087,0.07787496435248005,0.08703348554668297,0.16140197901841077,0.0298588253675459,0.6,0.1,0.0,67,6.953433617972421,83.37979540145096
1,32,0.09253668270239723,0.7905072920536462,0.8134740126398775,0.32151774592215515,0.07192816632516072,0.08631590754723963,0.12608555888175196,0.03005157073894807,0.6,0.1,0.0,69,8.075664767378704,81.23939453542444
1,33,0.10436256393841448,0.8059835520972963,0.8332253943847194,0.3441818648313962,0.09197635622711087,0.10092635959025054,0.16276284750538653,0.04227524781636257,0.6,0.1,0.0,70,7.104723824292605,82.2689566733218
1,34,0.09040574404703808,0.7839408356545956,0.8065790979077745,0.30852950132366097,0.09871788934583749,0.086878033965542,0.12085398224257278,0.02870627456784728,0.6,0.1,0.0,71,5.225299491734755,526.1980414222626
1,35,0.08761257897945042,0.7751377971790208,0.7973454911315121,0.31368749073991825,0.1290456709477192,0.08619849085765015,0.12054045357530263,0.02777318119228957,0.6,0.1,0.0,72,6.253567107787633,542.9102507786192
1,36,0.08827280113742776,0.7717890114332979,0.7977549757656102,0.3180066671510693,0.1602547351288519,0.09185869274210423,0.12306468478607,0.03090262259428454,0.6,0.1,0.0,73,5.68185872008296,591.3473395895649
1,37,0.08464726762020539,0.7597735590377321,0.7811366501811268,0.33867670820421697,0.07350109073214181,0.08771841083717609,0.12184432352618371,0.02669794842945325,0.6,0.1,0.0,77,5.049573733655304,561.5229262771909
1,38,0.08464787309053806,0.7576888754407152,0.7789142865310533,0.3420636115933071,0.08630964223712531,0.08843575970254171,0.12343852231311092,0.02945216466661042,0.6,0.1,0.0,78,5.158043815667354,601.9492156521646
1,39,0.0801835192602828,0.753951635203682,0.77927543951175,0.3553932369413713,0.10352843507256736,0.08236837758962248,0.12637509599842414,0.02108478917684743,0.6,0.1,0.0,79,4.889868327460023,522.1938236284843
1,40,0.0759969180044837,0.7143454608172964,0.7293357844165907,0.31635112317309655,0.3032049734619192,0.10278664562657362,0.01505518121603833,0.13179643239602723,0.6,0.1,0.0,80,11.550575025194023,66.16870936156451
1,41,0.07557616882502544,0.7119195159665435,0.726789500539576,0.32229002944957136,0.0721902929996977,0.10235558249474083,0.01675699439297163,0.14015319254327308,0.6,0.1,0.0,82,12.135238625879428,68.62071156085267
1,42,0.07391060774493378,0.6988795799853046,0.7130761726374409,0.31944367218078346,0.11404803107742681,0.10258290405403085,0.01580276860432128,0.13487993300452575,0.6,0.1,0.0,84,11.539071983669118,65.216149225307
1,43,0.07366882113204586,0.7021496346915042,0.7206354507331995,0.3302646583727615,0.06943171260712314,0.10254684452073093,0.01555817126653786,0.13615098852641383,0.6,0.1,0.0,86,11.499843277474293,64.85018104555242
1,44,0.07350714165092799,0.6963963013947732,0.71047129433754,0.32861198981341516,0.0687009897405455,0.10227647150204243,0.016429638443758752,0.13980545552300389,0.6,0.1,0.0,87,11.316069060180162,63.762546974077736
1,45,0.07323354454464034,0.6954369543182437,0.7094719540775924,0.34297422360476054,0.06888261703024547,0.10206652156456032,0.01586701945500328,0.13638828689293153,0.6,0.1,0.0,88,11.260023837950952,63.50316715587436
1,46,0.07347571475295328,0.7003534281904455,0.7187456998524916,0.338280688989183,0.06340446959152315,0.10222148414592254,0.017718133535725718,0.13978415052653206,0.6,0.1,0.0,96,11.697979588021251,66.23162783035426
1,47,0.0734616485124207,0.6953440158443794,0.7093602268981697,0.3677102301807812,0.06362324791767598,0.1019570031794593,0.01924258851927099,0.1459599542341627,0.6,0.1,0.0,97,11.70539229507458,66.80664000814235
1,48,0.07339837819297929,0.6950719298782707,0.7090760097972859,0.3676195953596713,0.06486850498257964,0.10190503539163588,0.019191612582438282,0.14477659726690967,0.6,0.1,0.0,98,11.621360630473198,65.9948737492279
1,49,0.07332066449776997,0.6990608815176098,0.717386937814623,0.37945565983943014,0.07078113893701923,0.1019570031794593,0.01924258851927097,0.14595995423416278,0.6,0.1,0.0,99,11.690028359327384,66.14499019012722
1,50,0.07317083069354822,0.6936555003282604,0.7075904309453928,0.3868701952989003,0.06390112572661828,0.10196037676076207,0.01812690035454008,0.14636885458184343,0.6,0.1,0.0,102,11.796856072130456,67.73816721039675
1,51,0.06451362980184228,0.7127139835833005,0.7527737783222685,0.42382139214174,0.07181063615212946,0.08760786867381176,0.02017096385791938,0.2336157917981939,0.6,0.1,0.0,103,8.465565954257336,436.1787219901554
1,52,0.07300870580198279,0.6940882292097538,0.7203234440193457,0.4235049130155729,0.1711348624199738,0.10270843841225179,0.02868355332055426,0.07029303602090203,0.6,0.1,0.0,104,8.12325376036901,223.57253583306783
1,53,0.0704251420099434,0.6919781268519528,0.7223325871493805,0.4393405016816005,0.08157414576783009,0.099143186517146,0.02883033532842056,0.0701500113067548,0.6,0.1,0.0,106,8.379694682123763,227.0342467578429
1,54,0.07476476680432034,0.6963032135363811,0.7266568519038725,0.45422237144609495,0.06676804535178452,0.1076255864782105,0.02134683196045373,0.03235026868446119,0.6,0.1,0.0,108,8.366366237419008,279.0874521666205
1,55,0.07474991387684161,0.7010857760216945,0.7358040991443013,0.4628373913062661,0.06735033927942394,0.10762558647821052,0.02134683196045372,0.03235026868446123,0.6,0.1,0.0,110,8.372452456378745,278.6811012534855
1,56,0.07339537063330434,0.6911002240692159,0.7212373574555069,0.45581644907901925,0.08145585799980319,0.10563046303994397,0.02334393540232893,0.03207657584747559,0.6,0.1,0.0,112,8.252669878249623,273.5210212457546
1,57,0.07288751416811175,0.6937859774154728,0.7281975920587083,0.47085266546091037,0.08026754145819508,0.10375466852923158,0.031154413396362313,0.07894725600440823,0.6,0.1,0.0,113,8.161765084755173,213.3587857882005
1,58,0.0741475806088616,0.6950103814538126,0.729419973172323,0.477182111616359,0.06695702857240499,0.10591903373098781,0.03080478789069193,0.07995621920231437,0.6,0.1,0.0,114,8.25354973833346,216.09409355427488
1,59,0.07287644312248387,0.6985739716043209,0.7373504159634799,0.48308455895748303,0.0663046936668003,0.10374737991123759,0.031223871954000493,0.07896962528698478,0.6,0.1,0.0,115,8.165626922369777,213.4080267495448
1,60,0.07334216418044054,0.6957209160473002,0.7343111321044583,0.4830513745352491,0.0942891473258528,0.10502111440666967,0.0312286284208927,0.08004026925074911,0.6,0.1,0.0,116,8.328147718181187,215.8754350960659
1,61,0.07006696544225681,0.6820504824705416,0.7200615044914446,0.4943464735706676,0.0762423327773726,0.10134605614797336,0.02908773235881278,0.07099116343388037,0.6,0.1,0.0,123,8.341442496239754,228.87893486897136
1,62,0.0699028628976448,0.6766994043692569,0.7185243208398243,0.5051031264954152,0.10657049074195546,0.10157218007079145,0.03338674784856634,0.07200800827033066,0.6,0.1,0.0,125,8.42800332373315,230.5511377695791
1,63,0.06796690887954929,0.674553956301051,0.7163673634508454,0.5139277981738641,0.06409923596168116,0.09702002174820872,0.04148129043569699,0.040488024587307866,0.6,0.1,0.0,126,8.432244097612408,222.33973023798504
1,64,0.06863937379515532,0.6684841614641486,0.7099281119815799,0.5098514819927031,0.11935793067698384,0.1002206652126791,0.03334669745932059,0.07200176087364188,0.6,0.1,0.0,127,8.495886082873934,231.51315661614268
1,65,0.06768757183844537,0.6649699910603428,0.7062740349185525,0.5156521481207217,0.07325805982562178,0.09890374752227643,0.033286330435086484,0.07193459755001565,0.6,0.1,0.0,129,8.579721089106615,232.59576915386447
1,66,0.06746376346280318,0.6719613684431633,0.7218657206883824,0.5477067770641901,0.06627307693112083,0.09883171874717431,0.03305443132989319,0.07217539092569654,0.6,0.1,0.0,135,8.598286673097638,232.73539854108003
1,67,0.0672025484664443,0.6685762560507589,0.7183106811947897,0.5579227593228535,0.08887643595725633,0.09866333848339384,0.03322237370522617,0.0719722733552732,0.6,0.1,0.0,136,8.613590822252236,232.46978879493216
1,68,0.06826985145924305,0.6689880745323711,0.7186868969338185,0.5662269628937096,0.06481658527677758,0.10045693980738007,0.0334964545119315,0.0718355320441697,0.6,0.1,0.0,139,8.677635311921234,231.9332769388197
1,69,0.06796568566740445,0.6735861702862551,0.7276557107163044,0.5788190887134907,0.0676943081768513,0.0999892222739257,0.03328575325014612,0.07203920187835959,0.6,0.1,0.0,140,8.614261199095868,231.4540443953352
2,0,0.9067862308650833,0.9908076231134912,0.9903343647516023,0.062124865203527696,0.0,0.0,0.0,0.0,0.6,0.1,0.0,1,5.376185435703663,61.2908948034832
2,1,0.6446765842777294,1.0047852043699512,1.0023640252409645,0.1091907231232986,0.19911515249302045,0.08634844648435273,8.520497731514e-05,0.00020113119222921,0.6,0.1,0.0,3,3.088206086138984,40.33261907157812
2,2,0.5223527705922482,1.0001321920993576,0.9964563249778158,0.12600171147347725,0.2614138214524019,0.11880382123513251,0.00254218329487342,0.00950703569010375,0.6,0.1,0.0,4,3.651427027843889,39.96176523671903
2,3,0.2910813401416495,0.9357254055722037,0.933306008818631,0.10656894933744254,0.5342379391692879,0.10442568019239412,0.00070432933417227,0.00138107242906489,0.6,0.1,0.0,5,1.7578700580726467,9.67327248530312
2,4,0.239954752211108,0.9130732529138275,0.9095083458560203,0.10618872807570436,0.149397479723616,0.10374449981010163,0.00078758321830898,0.00153129771386916,0.6,0.1,0.0,7,1.4714878762519117,3.41567038063067
2,5,0.24339462244886698,0.9136827299483486,0.9056165733223406,0.11401064328883678,0.08858061129681999,0.11698067530138082,0.0018205419196562801,0.01244943066600988,0.6,0.1,0.0,8,1.1716630640605747,4.182534446854931
2,6,0.22393138007498117,0.9005717882413775,0.8921587474260397,0.10576726652726705,0.11853122206996818,0.10652644548848192,0.00081007830371312,0.00162248696584514,0.6,0.1,0.0,9,1.514972703388932,3.000432419822384
2,7,0.2224931120375594,0.9070801892751275,0.9028025758954115,0.11849280181865642,0.10401126899131329,0.11662918588094504,0.00199590814204002,0.01279329459865174,0.6,0.1,0.0,10,1.1073263477169268,8.738334313634436
2,8,0.21693547566571636,0.898752510842246,0.8899368604214604,0.11787784640041962,0.09492685162863358,0.11640317011498723,0.0015725334225447699,0.01023136879618089,0.6,0.1,0.0,11,1.4321471894040383,3.983595474333892
2,9,0.19886706991831787,0.885368096858729,0.8761346941047514,0.11472994587413478,0.09631922562173773,0.10769155051487336,0.00114894711979526,0.0023761058273370503,0.6,0.1,0.0,13,1.7344527338849125,2.294967998692357
2,10,0.19817641796006874,0.8898356654630539,0.8849537954313493,0.12320143214539496,0.0663047770107953,0.10759519267005495,0.00113140067982194,0.00234444461453449,0.6,0.1,0.0,15,1.7021598949800505,2.0182246497816654
2,11,0.18574935407779994,0.8816825933789385,0.8762719719119557,0.13173668068462555,0.13327785707335943,0.10736519025159734,0.023692870703794562,0.02347781956389983,0.6,0.1,0.0,17,2.4486943258742864,2.4825148120665586
2,12,0.17409473860656183,0.8821167377510429,0.8850520575008131,0.150024594102943,0.06595922508702183,0.10673608227619748,0.010643544029806249,0.031074924786914388,0.6,0.1,0.0,26,1.5305820517734965,2.070425767372283
2,13,0.16673313281148608,0.8852297165120128,0.8967617619248031,0.18401402086737248,0.06573804193310093,0.10131793751841099,0.0043991055498029,0.02544329396731409,0.6,0.1,0.0,31,1.2265997700439877,3.961201437729598
2,14,0.15534288010193617,0.8701414393567507,0.8767379276646603,0.182937435262727,0.1470099247469076,0.10250114471631681,0.005137157828917769,0.02805093164368347,0.6,0.1,0.0,32,1.2724565247836102,3.2587669277989293
2,15,0.15255276320957556,0.8772606332146349,0.8925900603342737,0.2037139499019084,0.059841457688385766,0.09644032748297855,0.01635488721846758,0.02573508996793255,0.6,0.1,0.0,38,1.327531779192988,0.6007467977898817
2,16,0.15090564349369404,0.8756910524373271,0.8909717106844874,0.2059934499860659,0.06654704347264075,0.0973214167650511,0.00483882027964714,0.02817689568538609,0.6,0.1,0.0,39,1.5640166875069723,3.532476334619504
2,17,0.1883419429699639,0.8972126025848758,0.8984871536508251,0.24345213829084242,0.17933816590456259,0.15736313464757712,0.18044700415022233,1.0,0.6,0.1,0.0,41,1.029782653560409,10.86756479925231
2,18,0.14709845965396515,0.8658339499257973,0.8758446987368068,0.23938108439184366,0.0717719690345949,0.11457906694577455,0.02639150310138776,0.06166737237520118,0.6,0.1,0.0,45,2.202598390522456,9.658538752937234
2,19,0.13705359392541655,0.8496076192237539,0.8548948847693776,0.2236152099222064,0.09340456956215895,0.10965789651271318,0.011179941924435829,0.06370585652120665,0.6,0.1,0.0,47,1.5250273719627645,4.259435829609943
2,20,0.12197224019842254,0.8347933516676984,0.8435953227792652,0.22637555528621064,0.19384641103899444,0.10495555257117938,0.00853940578073635,0.08169612683240682,0.6,0.1,0.0,48,1.575288092425107,3.0709601254798367
2,21,0.10701146454424176,0.8117598798889559,0.8157627483374267,0.22380838735819725,0.11826740995724316,0.07803547442262396,0.07193372400643663,0.410487744138549,0.6,0.1,0.0,49,1.598872475624607,8.397432780233215
2,22,0.10766289731684126,0.8121739224930418,0.8161471966162827,0.21789968367321133,0.05943788904417129,0.07979571032631134,0.0712620983001075,0.3654838775896188,0.6,0.1,0.0,50,1.6502718402637546,7.099947109643269
2,23,0.10665016067496386,0.8160927932956809,0.8244372108377378,0.23961459159145299,0.05432322933493172,0.07803547442262396,0.07193372400643656,0.41048774413854916,0.6,0.1,0.0,51,1.5092355336678307,8.412314784623984
2,24,0.11144998878701798,0.8173942491329842,0.8253244825505345,0.23123758325342406,0.12600693493535114,0.10264700515732601,0.01773659831113103,0.14365185883114978,0.6,0.1,0.0,52,1.5869538645653638,4.272117288429089
2,25,0.11272339629316813,0.8094673960604021,0.8125736210178819,0.23423166255535594,0.10322878358863237,0.11063143282844687,0.027609075552060817,0.15677947394410452,0.6,0.1,0.0,54,1.53902322914277,5.077990069068642
2,26,0.11211624602851973,0.8137752161293087,0.8212513746825657,0.24734378701508491,0.06880839261163539,0.10986001797834193,0.026473160220645747,0.1480653005454809,0.6,0.1,0.0,56,1.5487751903775218,5.118509696311805
2,27,0.11098654923979959,0.817036299104081,0.828829878492384,0.2626813148450978,0.07006697470866573,0.10861245815026503,0.027925042324129217,0.19363072810542803,0.6,0.1,0.0,60,1.4619501182680978,4.450850242258615
2,28,0.11179627020886466,0.816783387014923,0.8284722237944646,0.2694889140736054,0.07502335205980856,0.11169506915750574,0.027249485167617087,0.15762819423616617,0.6,0.1,0.0,63,1.4387793613428317,4.845352256211212
2,29,0.11098828675274101,0.8206797832866478,0.8367181639739442,0.2829966075065141,0.07093619381615669,0.11089859342114097,0.02610910764816176,0.14891383459300528,0.6,0.1,0.0,65,1.4447476130465389,4.888119680762765
2,30,0.11124097081689716,0.8203528947261187,0.8363352771156395,0.2937559522375123,0.07837862012633834,0.11214920651885685,0.02621326914319696,0.13750092488604068,0.6,0.1,0.0,66,1.4922513538435522,5.751772680972353
2,31,0.10871921572883067,0.8210061924023596,0.8411941028089833,0.2919991687688747,0.09422231892354187,0.11042082346838641,0.026206440131094938,0.14883104064772967,0.6,0.1,0.0,67,1.4932347056283783,5.88298875531837
2,32,0.10874597831721233,0.8199474591309092,0.8400348538426304,0.3193606102081643,0.07739396819893521,0.11182539585139291,0.02671943043343149,0.14892623279193667,0.6,0.1,0.0,69,1.673149937191664,4.758067560836057
2,33,0.10874599736042719,0.8248945013640716,0.8493550598795345,0.3299194163098164,0.06976748666191399,0.11182540397448298,0.02671953581924587,0.14892718110845257,0.6,0.1,0.0,71,1.67315081882725,4.758067642271143
2,34,0.10862186106466194,0.8097663490177475,0.8210926465979816,0.2564493863042191,0.07197630954005708,0.11182540397448303,0.02671953581924457,0.14892718110844053,0.6,0.1,0.0,72,1.4930742217604431,5.381011983453057
2,35,0.10799712338798817,0.8237523771486056,0.8481772891344084,0.3360579934049198,0.07088021967265197,0.11107391703394068,0.026730003237051953,0.14913384828932455,0.6,0.1,0.0,74,1.5922306049871018,5.4158140456784425
2,36,0.107997145472205,0.8286994376801777,0.857497520606792,0.3467386369273484,0.06931771691297337,0.11107392419422236,0.026730108669719012,0.1491347926106616,0.6,0.1,0.0,76,1.592231599532767,5.415814589532675
2,37,0.10697146234980626,0.8270993326112475,0.8558453781833378,0.35211846995950913,0.0766000355572766,0.11012999765827144,0.02650372979178391,0.14986508625833628,0.6,0.1,0.0,77,1.6208762656364344,5.64429583740712
2,38,0.09357520285567664,0.8083461961829067,0.8326821444888436,0.3361045642912123,0.06123015672428108,0.0890904075674639,0.02185017765658773,0.1393883875920379,0.6,0.1,0.0,78,1.53099944259321,6.188167973345018
2,39,0.1053197204952634,0.8330053000127058,0.8702902977349967,0.376597764885558,0.08163644356834973,0.10987015846471046,0.02846009581650989,0.15000013684694444,0.6,0.1,0.0,80,1.618316730674034,4.794918630467121
2,40,0.09116427432044524,0.7958999426143339,0.8154207750441186,0.33261141613652534,0.07737480284887209,0.09171204834040671,0.0169803357672826,0.11368690634020513,0.6,0.1,0.0,82,2.309164870010381,8.047712249522325
2,41,0.0894613368607729,0.7973003484975165,0.821040276875251,0.3525537870743422,0.06205403821168689,0.09077719457225203,0.01705387090505483,0.1134405581534325,0.6,0.1,0.0,86,2.346870250016257,7.882665537665188
2,42,0.08825818227456532,0.7950213517075589,0.8186735992232382,0.3515995334915562,0.06878105100020752,0.08982940062810688,0.01698173648377136,0.11352979015599071,0.6,0.1,0.0,87,2.424221476946685,7.763663625683061
2,43,0.0882835971452206,0.7998467409878761,0.8278601017226153,0.3697309632398681,0.057548171533808534,0.09001303848644776,0.017000569305144538,0.11350387287140015,0.6,0.1,0.0,88,2.411000284300856,7.809367184922626
2,44,0.08829985583593615,0.7942894865979951,0.817878817112943,0.35847053563796977,0.06383287570476126,0.09063955642039528,0.017024030403444253,0.11367927604040921,0.6,0.1,0.0,89,2.3942967115119957,8.120150230675902
2,45,0.087195911090419,0.7960764581239819,0.8238762684380088,0.3792913453000983,0.06817164491143911,0.09063955642039524,0.01702403040344426,0.11367927604040935,0.6,0.1,0.0,91,2.5563905650967897,7.50633675991331
2,46,0.08688206637310171,0.8005749934832284,0.8327373153460741,0.3951587090081879,0.05664829399657756,0.09040930403641113,0.01598893659413275,0.10926531662238655,0.6,0.1,0.0,93,2.536322798131018,7.414091153097333
2,47,0.08694776976570365,0.7918247044255117,0.819313080599576,0.40501211304155055,0.07306680149194433,0.09337845912577361,0.01857066492965841,0.12521249117753314,0.6,0.1,0.0,96,1.9604439725542724,7.154161331293596
2,48,0.08679699644296923,0.7961221601610774,0.8279452420161499,0.42014801785319084,0.060952315319718134,0.09351498773783057,0.0187243315030375,0.1264141692938741,0.6,0.1,0.0,98,2.0691457357061007,7.524513638435577
2,49,0.08947709507285481,0.7928245027045039,0.8201964232035166,0.406156904925705,0.07290738010996715,0.09863094685489458,0.01967638984823724,0.10778930960917284,0.6,0.1,0.0,99,2.5168040717490987,4.541478870586418
2,50,0.08613800615123034,0.7875307110193651,0.8147511233699891,0.41851513983001226,0.08340495580554949,0.09465277741492525,0.02003745304198324,0.12025792114082759,0.6,0.1,0.0,100,2.4233307107937487,5.398492209144854
2,51,0.09259760866345679,0.7986567478990143,0.8302348758049903,0.4248726610988535,0.06552310407724249,0.10388766471893711,0.02941878394721028,0.14609189651529494,0.6,0.1,0.0,102,2.366145729110442,4.539766024204513
2,52,0.08095052697502211,0.7740326557383495,0.8006483135388714,0.43815608661884137,0.10335271444948135,0.09152537449020783,0.0212965979318692,0.11039077018672527,0.6,0.1,0.0,104,2.6866393016278654,4.940624390258451
2,53,0.082744812599102,0.7789736551366034,0.8098400586090478,0.4522203582923089,0.06789374073239002,0.09549806710698598,0.021180408779994,0.11023221684127853,0.6,0.1,0.0,106,2.7569897880192094,5.307325866480971
2,54,0.08108250902556573,0.7770898355361081,0.8119777475512229,0.4698807089344013,0.08503608765673722,0.09549806710698602,0.021180408779994,0.11023221684127864,0.6,0.1,0.0,108,2.4621267563121534,5.957993279629967
2,55,0.09506713746434582,0.7902773168513779,0.8251111006110228,0.478355046940006,0.07774964848057273,0.11365207690911801,0.05464650131103593,0.16928840326482325,0.6,0.1,0.0,110,2.5323279701065804,11.873383390333696
2,56,0.09326778334018036,0.7773053874110892,0.8073498392633734,0.47864900715564285,0.10518405985797637,0.11374113452680104,0.05470428550811044,0.1650136032535876,0.6,0.1,0.0,112,1.7742760738975032,12.750801744387775
2,57,0.09220616074298238,0.779219732387567,0.8135078344364377,0.4897863466665478,0.08299090448369217,0.11287965897149184,0.05470492893446223,0.16755550205053235,0.6,0.1,0.0,114,1.7466576469636186,11.84582301067729
2,58,0.09181966646619746,0.7777234250223259,0.811939042999199,0.5036165201444169,0.08407282657002985,0.11282181387461117,0.05416982820054407,0.16808207054151642,0.6,0.1,0.0,115,1.3281061221150767,11.95361285272359
2,59,0.0918196087809097,0.7826704102029779,0.8212591887172705,0.5107307754082451,0.07311013174401634,0.1128217180123029,0.05416979825954917,0.16808178220837894,0.6,0.1,0.0,117,1.3281061282701137,11.953628934673066
2,60,0.09182854027849126,0.773812798231751,0.8118327062150361,0.5247148643331471,0.16133889033846474,0.11622876630942088,0.05565764603336646,0.16665861932628062,0.6,0.1,0.0,118,2.5960713632800494,10.918049361387853
2,61,0.07597140327045218,0.7747147714252691,0.830036401702819,0.5920986716962078,0.06174256339945203,0.0965735471251569,0.02181371455998684,0.1410091461705815,0.6,0.1,0.0,136,2.748396078879072,7.760107206008565
2,62,0.0757326876458327,0.7514645907531332,0.7890929656787516,0.49684435005777566,0.09066390429330153,0.09717280444948383,0.022566520295134982,0.14348011895924234,0.6,0.1,0.0,137,2.564038726347019,8.55729197450064
2,63,0.07451388186604521,0.7544220399800426,0.8004446252163956,0.5564890697253424,0.06426783320134097,0.09699203914627802,0.02268524723222251,0.1329196842896438,0.6,0.1,0.0,151,2.879206501428053,9.22210124149048
2,64,0.07088617668650753,0.7639149726991833,0.8229518625969586,0.647240072404402,0.06520167583957505,0.09054921132982406,0.028289792542031976,0.14808537023038515,0.6,0.1,0.0,153,2.6994378822740845,9.381106034006836
2,65,0.0718800302899276,0.7667382094940333,0.8299594229310517,0.6615309253933755,0.08708162312189303,0.09312911757847857,0.028255927580612277,0.13634592757211125,0.6,0.1,0.0,154,2.665900335245728,8.868825140841022
2,66,0.07269565229735961,0.7520707618492458,0.8021337376469958,0.5853892770299379,0.06109282476174614,0.09565947141178277,0.02233822114960838,0.12106218777103708,0.6,0.1,0.0,158,2.618713499649146,8.534315281214875
2,67,0.07218631188813333,0.74485217407254,0.7904358840766696,0.5891328504815992,0.0754685689269407,0.09494288325751667,0.02453528695838532,0.10456974759648736,0.6,0.1,0.0,159,2.6130773038186685,9.025730783846631
2,68,0.06965691946214154,0.7597332788994574,0.8267458161518405,0.6831595574283754,0.12427382282117011,0.09183749194315537,0.029508772632901747,0.13427965814329706,0.6,0.1,0.0,160,2.68983429556578,8.36243753192749
3,0,0.49394747310127685,0.9367204267837238,0.9334628191490758,0.05019765825244727,0.0,0.0,0.0,0.0,0.6,0.1,0.0,1,41.71316523357472,70.80086778544721
3,1,0.34155285307493155,0.9329093113587298,0.9273862791271201,0.08426963752092778,0.21147180192744625,0.06698124354727128,6.52966470444e-05,9.675311056640999e-05,0.6,0.1,0.0,3,30.145237577730988,47.52567880642837
3,2,0.2164213197126479,0.8874938141674509,0.8793837101825236,0.08041719028055379,0.24065683834288468,0.07501370656131486,0.00026118658817762,0.00038701244226565,0.6,0.1,0.0,5,19.19805596263108,26.137091153328143
3,3,0.14836506703529953,0.8432052586697897,0.8324467254889129,0.08082180578261836,0.2524585624597931,0.08693346609247522,0.00032340643323941997,0.0005266483441001599,0.6,0.1,0.0,7,12.26948572233691,11.097911152738696
3,4,0.1321694783062031,0.8260680433504068,0.8141787387346171,0.08382643843513152,0.142524206187599,0.09495064526203358,0.0005100659684248099,0.0009455560496037,0.6,0.1,0.0,9,7.7385721734917,2.5770903080563263
3,5,0.12561814552620407,0.819313569026803,0.8073596718579049,0.08199924641090234,0.06128744841081506,0.08580922553016572,0.00035785585597306,0.0005172886481612301,0.6,0.1,0.0,10,9.626915381976552,8.039576580795515
3,6,0.13232603072326424,0.8309359630762065,0.8233452741422556,0.09473018111768078,0.05914420165504688,0.09725248320649854,0.00038743386213971,0.00071179171485005,0.6,0.1,0.0,12,10.458237976760335,7.9220668722818575
3,7,0.12309428356574936,0.8157368519710952,0.8035018988204073,0.09485017355354874,0.07390443739109649,0.08892847719191647,0.00047469268831480004,0.0007980069144997799,0.6,0.1,0.0,14,9.369593070769549,7.406784720143968
3,8,0.12093846575718947,0.8184903975669896,0.8106197097689553,0.10382825396447944,0.05183099858488836,0.08528903868088622,0.00210135835147298,0.0014671237476706,0.6,0.1,0.0,17,9.03259942176424,7.68929663308221
3,9,0.11744025706862304,0.8080740494474316,0.795427787565542,0.10191117106752948,0.11459034917176975,0.08944691536276762,0.0006326804705774601,0.00101291003601553,0.6,0.1,0.0,18,9.17986177865482,8.310355547547113
3,10,0.11566529332985706,0.8111509390153977,0.8028600176724199,0.11245492636544777,0.053575256949072586,0.08664627553322156,0.00219654088485392,0.0021683101510135898,0.6,0.1,0.0,20,9.905412962928844,8.96188888017123
3,11,0.11248205288054448,0.8007631698389692,0.7877309470453748,0.10894093415279354,0.08173545376195229,0.08971374656531142,0.00089863042497529,0.00091757242774466,0.6,0.1,0.0,22,9.219030264958988,9.439462850186324
3,12,0.10818518935500547,0.8009155667635406,0.7921827579359543,0.10951279983177875,0.056132462938164256,0.08404067117227694,0.00131531605788425,0.00119841445989555,0.6,0.1,0.0,24,9.784034465361866,11.531235168584509
3,13,0.10381475066935028,0.7891330368703748,0.7756895872296489,0.10765890658713147,0.07579393413649355,0.08353530381460339,0.00154799244676173,0.0021839452811918897,0.6,0.1,0.0,26,9.809316464084208,12.07129335827398
3,14,0.1049308490253891,0.8030393529960477,0.8024600379633888,0.13841863108323535,0.09303173432820569,0.08985076248864869,0.00390883282790407,0.0028628140710339903,0.6,0.1,0.0,27,8.607730354649428,2.9011830822897062
3,15,0.10402498669380826,0.806364193440166,0.8100745404891891,0.15178174862603855,0.05847306949352346,0.08985076248864865,0.00390883282790409,0.00286281407103401,0.6,0.1,0.0,30,8.618335717397413,3.0199875906424194
3,16,0.10316888683832473,0.8048102454025308,0.8084396019365121,0.15413494726377508,0.06663241227713661,0.08988270674306528,0.00391021503798097,0.00286313193396494,0.6,0.1,0.0,31,8.627298676851971,3.035889726307278
3,17,0.10314010449923852,0.8046068630770981,0.8082168100592058,0.15709935167768596,0.057372215013427756,0.09014771206628158,0.00405611264323041,0.0030332863746534997,0.6,0.1,0.0,32,8.915611321955474,2.915239236584814
3,18,0.099992240299926,0.7788111692132179,0.7646153785663986,0.13011511448711602,0.07832209788102817,0.09005677110641554,0.005345237871029191,0.0047669421690687604,0.6,0.1,0.0,34,5.076228291432828,2.0311898351587327
3,19,0.10141018795510097,0.7793163600329194,0.7650266471534786,0.13415456029980977,0.07095392227791861,0.0940716476774431,0.00455314295449745,0.00455214996261644,0.6,0.1,0.0,35,6.275764946105693,4.753300130115472
3,20,0.09776152012457466,0.7796776641113287,0.7696657306119695,0.13838178562837605,0.06857521348291064,0.08936953430250429,0.00543692323886361,0.00458420991261555,0.6,0.1,0.0,36,4.932772072378006,1.8160213231539903
3,21,0.09787872363901846,0.7733420312441398,0.7588061596111142,0.13829444751806455,0.06720905821309134,0.09173211708690195,0.006665303613304629,0.00441146475647245,0.6,0.1,0.0,38,4.99200829613546,1.9194973818068128
3,22,0.09906182505691277,0.7730983940422315,0.7584258504911414,0.14223093282121466,0.07860146850222549,0.09589916448142337,0.00577456894516357,0.00436536114937856,0.6,0.1,0.0,39,6.164679170228123,4.529310671669036
3,23,0.0997694713520545,0.7786582135723197,0.7683497985788805,0.15608014123620345,0.06027016406581814,0.0970651221479346,0.0066606588559270305,0.00487496686506074,0.6,0.1,0.0,40,5.330470957363288,2.3580838854586084
3,24,0.09949349622708006,0.7829992416852096,0.777032791860448,0.16556999907281003,0.06125384717813981,0.09706512214793464,0.0066606588559270305,0.00487496686506076,0.6,0.1,0.0,42,5.283291415095411,2.2955395768072084
3,25,0.09486203828662579,0.7666114267732225,0.7517247269497094,0.14961506174778882,0.08218164439357832,0.09223035143082454,0.0045175326422919205,0.0027543702941294898,0.6,0.1,0.0,43,6.731091786944582,8.379038288336988
3,26,0.09352040384532027,0.7691773803523292,0.7585696621125381,0.15960518590522377,0.06231828760565424,0.09130643697322831,0.0045449863776651596,0.00278555917289843,0.6,0.1,0.0,45,6.632159167377839,8.139142471533695
3,27,0.09206160965492385,0.7673790219490376,0.7567406890934038,0.16281281643635176,0.05867379176384375,0.08930358139491686,0.00452755900403219,0.0028239805790538303,0.6,0.1,0.0,46,6.474273287222024,7.666876158741094
3,28,0.09296185431016277,0.7611138589025165,0.7459053672030038,0.15961669024008482,0.08649575493061618,0.093303027644462,0.00561507666912021,0.0034488607971340903,0.6,0.1,0.0,47,6.230759083657097,7.488819565973666
3,29,0.08687057121857311,0.758366769500881,0.7473940054520354,0.1780953232072697,0.06182431438198117,0.08481438115608249,0.0063035540867526305,0.004124943136110551,0.6,0.1,0.0,49,6.109164354051533,5.2634107079388
3,30,0.09215054707135058,0.7571818343203918,0.7416999990899925,0.16411102679049136,0.0691022219750551,0.09483210708380412,0.010219971929899981,0.01264606812359532,0.6,0.1,0.0,51,3.318685340639413,1.1882643710155736
3,31,0.08387183376111278,0.7511428468596353,0.7398180282885657,0.18625552955279825,0.06657374467066626,0.08409182661728772,0.00678813389635316,0.0056709634240151,0.6,0.1,0.0,53,6.201079852682868,6.00715079753018
3,32,0.08896881352235056,0.7580152438147048,0.7508091829284786,0.20209815986729024,0.07726675213175938,0.09492666368108808,0.01045005240302772,0.012542785406416452,0.6,0.1,0.0,55,3.1273435135438774,0.9137029072074656
3,33,0.09407054489272369,0.7528075996789935,0.7368084587109446,0.1845917504775603,0.06637502866287823,0.10366093141616782,0.013990029533167688,0.01631644190374703,0.6,0.1,0.0,59,2.562282955984678,1.0704750608238065
3,34,0.09644513105464936,0.7532409918911985,0.7371004490524659,0.189253750958123,0.0853478604995307,0.10916482083366702,0.01276927294687286,0.01638376620844243,0.6,0.1,0.0,60,3.542271605516957,2.9352096111002526
3,35,0.08774059656173905,0.7476521531923058,0.7357485127524142,0.21164288081016439,0.0782106632766525,0.09667335340609995,0.00882978254034218,0.00425639803800504,0.6,0.1,0.0,61,6.291553001429627,6.301133176479958
3,36,0.09192192434042501,0.7520807940037941,0.7441985839711537,0.23086327098238804,0.09181292838572841,0.10648162403343442,0.01311948259572683,0.0112848577384987,0.6,0.1,0.0,63,2.965137874978069,1.0241167398099411
3,37,0.08665421425648502,0.744604105473631,0.7365607280559701,0.22843542203800785,0.08518705073407147,0.09918708621591261,0.01342692672600993,0.01447815087859256,0.6,0.1,0.0,64,2.994007104127673,1.5849400031936594
3,38,0.08525702676323632,0.7337843477695742,0.7210476336774263,0.20639838709899003,0.07737275234431377,0.09967273118458696,0.01398119655329875,0.013122217026465849,0.6,0.1,0.0,67,2.67929274753864,1.0827918811254649
3,39,0.08479238594976438,0.73715136755377,0.7287096114313065,0.24010355885306608,0.06700842596224196,0.09957970138153309,0.01393097851763932,0.01309231303419273,0.6,0.1,0.0,69,2.7543290318820017,1.159989036705292
3,40,0.09115272822171587,0.7398158910335374,0.7311175589132491,0.2545125073119153,0.08173105788008694,0.11175377176743509,0.01737363726388618,0.01415124257307485,0.6,0.1,0.0,72,2.449293718250728,0.7515881549494959
3,41,0.0858746410466065,0.7337350928265982,0.7249817303890623,0.2518767889047122,0.07207897576245176,0.10360789932731113,0.01613041113777642,0.013406330423853521,0.6,0.1,0.0,73,2.378403024246632,0.8952246888718858
3,42,0.09233318270483336,0.7341226399161686,0.7249594346871207,0.2689404416899321,0.09278660691152654,0.11714141542674252,0.01841646919463949,0.01226076477092811,0.6,0.1,0.0,76,2.3314268999871164,0.621369632318886
3,43,0.0891302330767952,0.7218470850954405,0.7080382380045834,0.23793087733963791,0.09071612294321048,0.11343227648654404,0.02031730757949833,0.010818020647496141,0.6,0.1,0.0,78,2.251650601725557,0.5997154846603916
3,44,0.0889335086757644,0.7258639401327444,0.7163803667554517,0.2760038578913447,0.0736908877859895,0.11343227648654404,0.02031730757949832,0.01081802064749611,0.6,0.1,0.0,80,2.2722277245296443,0.612997915676491
3,45,0.08892060724173513,0.7258029477366392,0.7163162428493911,0.27598983719592945,0.07056526007462909,0.113432276486544,0.020317307579498352,0.01081802064749616,0.6,0.1,0.0,81,2.282733677209497,0.620331015462943
3,46,0.0886236427081822,0.7232961212854709,0.7177213322702936,0.2964397505732084,0.14135009753728403,0.11546469830388284,0.023180979293221778,0.00915704638176036,0.6,0.1,0.0,82,2.364093096339732,0.7256466725982227
3,47,0.08988375902679802,0.7166067662776128,0.7064686163528777,0.2976010726038635,0.07834368033036627,0.11880023556152676,0.02269110847339248,0.008065563294524989,0.6,0.1,0.0,88,2.1992974256628206,0.4875644334679211
3,48,0.07786961903925659,0.7070753541405757,0.7052211175504488,0.3187729589284785,0.07478698399192978,0.10161101185170004,0.02139536262857946,0.01156548936702983,0.6,0.1,0.0,94,2.6534668059999973,1.5654806760461524
3,49,0.07786303165312207,0.71070980181677,0.713148466646753,0.3381145256140378,0.06934411508088456,0.10200820361612002,0.02147694135177425,0.01131058726348275,0.6,0.1,0.0,96,2.63651776228444,1.5606442940547691
3,50,0.07741179762976984,0.698790126343341,0.6964578104882501,0.31728306657469235,0.09418815692139278,0.10282661582013047,0.024119064764199442,0.01046567818729489,0.6,0.1,0.0,98,2.2576401234109422,1.2591900310176685
3,51,0.07747935943955228,0.7037710108933436,0.7058098066454965,0.34875334910347155,0.06433656761833809,0.10294942324828853,0.02411719144846311,0.01047702076274439,0.6,0.1,0.0,100,2.2666885587732204,1.2615409203099806
3,52,0.07949830807236437,0.7055058045952213,0.7075272666988137,0.34498924301745554,0.06900653186032439,0.10640323146742965,0.02411129756658735,0.01108281264759237,0.6,0.1,0.0,101,2.400245476867632,1.4012261652211606
3,53,0.08275899515223648,0.7056225102870941,0.7074546483770886,0.3563574400341598,0.07954694578205074,0.11245845274062065,0.025723063899954962,0.0087397580722201,0.6,0.1,0.0,104,2.3652629296192837,1.630268550798581
3,54,0.08220910165539946,0.7036039541076806,0.7053480273743133,0.3528748515392451,0.08306341493864593,0.11199515300213381,0.02542461084529409,0.01381173415223524,0.6,0.1,0.0,105,1.9536962254073196,0.8695260995027889
3,55,0.07234837784243996,0.6823622851395146,0.679350553341086,0.3627170337683842,0.11874489152714311,0.09766636128736811,0.02277938356155106,0.01409446856462972,0.6,0.1,0.0,106,4.484568722558442,5.392168801754115
3,56,0.0710142856705046,0.6723549890402258,0.6647503499059984,0.34470139596401844,0.09367872215655124,0.09584462340051267,0.0257964170189112,0.01523477382313529,0.6,0.1,0.0,107,3.755908967989028,5.308751547217081
3,57,0.07067606982108457,0.6744569904438058,0.6710790452252184,0.3596111879404827,0.0709799084637011,0.09584462340051267,0.0257964170189112,0.0152347738231353,0.6,0.1,0.0,109,3.880233399398721,5.542825901930551
3,58,0.07245883230920636,0.6707199629919305,0.6670209702962864,0.36913541451526055,0.08686177450802596,0.10008048022714527,0.02537440555920145,0.013802633450768351,0.6,0.1,0.0,111,4.187814758120417,5.450132616081729
3,59,0.07678817895213053,0.6680672326090262,0.6598774371603777,0.36823741107331354,0.07606152322110511,0.10751351205863385,0.0265723617211945,0.015551232446166649,0.6,0.1,0.0,113,4.080032204811655,4.85924010684617
3,60,0.0685222210995718,0.6631540185240422,0.6592454711205613,0.3801347287139437,0.07299318634427873,0.09401755804122972,0.02680001182948421,0.016058843411554148,0.6,0.1,0.0,114,4.096515759329035,5.038477574901704
3,61,0.07430984093017276,0.6504188092198523,0.6413627273904374,0.3745579996083752,0.10538321243120405,0.10560513273186156,0.029817311600459317,0.016366745560935432,0.6,0.1,0.0,117,3.380752813288077,4.782888113702574
3,62,0.07427257721927844,0.6598945308870916,0.6595632350291408,0.41566841989390274,0.0671572032487464,0.10560513273186156,0.029817311600459317,0.016366745560935432,0.6,0.1,0.0,121,3.428683152681802,4.87233602802993
3,63,0.07276392216658004,0.6381064575449046,0.6284454089548815,0.3849673578785577,0.15401794053371917,0.10444404781762814,0.03117681851828328,0.01718240641432798,0.6,0.1,0.0,122,3.684399065644639,4.3833713589459045
3,64,0.0749298851659149,0.6394644771673785,0.6297583165164508,0.41142277698741514,0.06877635542441002,0.10844614637611417,0.02950745683684991,0.01441250702665626,0.6,0.1,0.0,131,4.200873024493218,9.881198232146357
3,65,0.0704756148153868,0.6332634845401094,0.623459872454536,0.4094229937882345,0.07853567545274628,0.1004733952400151,0.03426451457907005,0.01667981989815237,0.6,0.1,0.0,132,4.102105895874192,8.318868502979473
3,66,0.07003922628661693,0.6336535650352726,0.6279940368031803,0.4317647496015626,0.0808972428391637,0.10039682274861535,0.03365444977452603,0.01505286444460511,0.6,0.1,0.0,134,3.8178189942836,6.521857430548044
3,67,0.06804526518633051,0.6296812296150296,0.6239120253156889,0.4322496630896616,0.0672828739436798,0.0967379086311112,0.03718884492131686,0.0199830314311784,0.6,0.1,0.0,137,3.5342836852619195,4.564014115795416
3,68,0.06941829787068488,0.6301072151598431,0.6242855804096655,0.4362677357432812,0.0711292883287307,0.09919264343236985,0.03690523854795924,0.01698772214744007,0.6,0.1,0.0,138,3.847542759621819,7.089677308835721
3,69,0.0694886508071995,0.6347067715870185,0.6332351767088497,0.4596073320513681,0.06505440397894305,0.0993362858228717,0.037059462453885486,0.017358646785986608,0.6,0.1,0.0,140,3.783509904517745,6.983104378171149
3,70,0.07080333508648697,0.6235365675222769,0.6172760854181375,0.4643607063684042,0.07416822110237638,0.1020963936533723,0.03902299471479366,0.0162901815881413,0.6,0.1,0.0,147,3.8115776857006183,7.163240508633843
3,71,0.05782428160101145,0.6149454305497349,0.6130274705993086,0.5301597829720919,0.052419430356600905,0.08189078346960672,0.03082743792785663,0.017214713157447332,0.6,0.1,0.0,169,4.883351420791623,5.597100838430881
3,72,0.058128856715394,0.6199717608298587,0.6224145811193512,0.5468694737888032,0.054412308611885826,0.08241606552837238,0.03087328083437451,0.016555889624055308,0.6,0.1,0.0,170,4.7798077841704165,5.411388090965166
3,73,0.05837618114437747,0.6242763119398983,0.6310434368146239,0.5717548968775795,0.056534966681224715,0.08281130674110483,0.03156788581039069,0.01664672126220769,0.6,0.1,0.0,172,4.596006394277244,5.604635328755274
3,74,0.058378688278912155,0.6242490677264725,0.6310145569651499,0.5747794323883699,0.0530955728165733,0.08281842602794592,0.031569956351907055,0.01663706600613499,0.6,0.1,0.0,173,4.595394331240268,5.6022654774093885
3,75,0.0583989789251014,0.6172748074940461,0.6195548360114519,0.5702865098797854,0.06998898234108819,0.08290017381314939,0.03262182462136678,0.02036855677624155,0.6,0.1,0.0,174,5.233719415238508,5.97284463879978
3,76,0.05851587464642104,0.6016242410047483,0.5907340255080752,0.28236478741730325,0.054714461067692316,0.08316240168227271,0.03281263487623617,0.02013394471660058,0.6,0.1,0.0,179,5.204479636561352,5.957797014127193
3,77,0.05826765534023938,0.6205430239968532,0.6271114472580925,0.601307015965006,0.058131304620321324,0.08265156651908759,0.03379151937101277,0.020039987372404842,0.6,0.1,0.0,180,4.729960317206909,5.203459435714982
3,78,0.058074682068567966,0.6122756118288174,0.6142998919623598,0.589856919642802,0.0658899474741546,0.08277130807249429,0.0330828032677942,0.01927001547630448,0.6,0.1,0.0,182,5.433699683266547,5.928147830438697
3,79,0.05807468206856797,0.6122756118288174,0.6142998919623598,0.6046400237754946,0.052971081017623496,0.08277130807249429,0.03308280326779422,0.01927001547630449,0.6,0.1,0.0,186,5.433699683266547,5.928147830438694
3,80,0.05807468206856797,0.6122756118288174,0.6142998919623598,0.616466507081649,0.05297109686497537,0.08277130807249429,0.03308280326779422,0.01927001547630449,0.6,0.1,0.0,190,5.433699683266547,5.928147830438694
3,81,0.058058891113155355,0.6095167939974959,0.6113914206030125,0.6189296683688078,0.07575041977380045,0.08263804835784494,0.0353650237214677,0.02004923516171513,0.6,0.1,0.0,191,4.699254608385173,5.663474665393395
3,82,0.05856788979064378,0.6073827824965807,0.6091134794516213,0.6248865431299737,0.061035139413248514,0.08384416241886554,0.03474631215304988,0.01982965804707209,0.6,0.1,0.0,194,6.002348033631488,7.165700905078301
4,0,0.6180865450477162,0.9566782257825275,0.9544480208704523,0.05459264392077105,0.0,0.0,0.0,0.0,0.6,0.1,0.0,1,30.080252715584237,66.95151425220816
4,1,0.42980389626948795,0.9611120706469881,0.9566841440950473,0.09589460993939845,0.21330732331057886,0.07852998567606123,7.284849964436e-05,0.00015355080587593,0.6,0.1,0.0,3,21.332217679362547,42.95369513821511
4,2,0.40517314754694683,0.9665496203314592,0.9616174814822341,0.11142155120167277,0.1386183459713368,0.10383384813979059,0.00057948710632605,0.00436453150523805,0.6,0.1,0.0,4,12.0703568983266,10.564006996703066
4,3,0.2739269888941562,0.9179492712771182,0.9110074039047101,0.09319267670578679,0.3567432450330563,0.08794738630988413,0.00029139399857746,0.00061420322350373,0.6,0.1,0.0,5,14.085550442971943,23.086445418570843
4,4,0.2659610672580014,0.9197343556001385,0.9124307167678912,0.10353671333105677,0.11630983767990377,0.1025290637959195,0.00091986627838791,0.0059825501754115894,0.6,0.1,0.0,6,7.501853384575993,4.828945850055386
4,5,0.17993036550775043,0.8746922614173114,0.8694488753830021,0.09177864624386657,0.4063309082569804,0.09402098024539562,0.00136918906305861,0.00288599058395874,0.6,0.1,0.0,7,5.340236797995847,5.041688145105157
4,6,0.16025014490853182,0.8546561150649633,0.8441093242005145,0.09209300697819398,0.12987304793546534,0.09912601353047334,0.0005547517666101501,0.0012935322912031601,0.6,0.1,0.0,9,5.5057082759901546,2.48500658883605
4,7,0.15217593687752617,0.8469285704835537,0.83622175425799,0.09468239772752143,0.06700787945712304,0.0914495644221386,0.00041506064523482995,0.00094296071591682,0.6,0.1,0.0,11,6.995519659415029,7.685633462154963
4,8,0.15217593615910135,0.8518756350470998,0.8455419968994172,0.10078275573102814,0.05491127800441991,0.09144956442213856,0.00041506064523484003,0.0009429607159168101,0.6,0.1,0.0,13,6.9955189784033855,7.685631658093053
4,9,0.17259169594280893,0.866674513647082,0.8548483396314975,0.1439102610725358,0.18104300343503255,0.1593778057164731,0.007745767340832541,0.04431979375641066,0.6,0.1,0.0,15,5.962900839334438,23.689375640614465
4,10,0.16867124897844357,0.8616352504681218,0.8494788762881255,0.15299541563372596,0.14771434708066059,0.1616722104450867,0.00773119484455346,0.047666771330007254,0.6,0.1,0.0,16,5.918037027298196,18.687264219704183
4,11,0.1545815843543576,0.846091209414626,0.8336094558572544,0.1399903924400471,0.13784601161152837,0.14628628296703466,0.007811606782840699,0.044489626023335546,0.6,0.1,0.0,17,4.596510902575335,16.28110685735888
4,12,0.1498283503803981,0.8389007643197728,0.8259891912747818,0.14880547034165806,0.15473576488243668,0.14821997372788956,0.00779703428656166,0.04783660359693212,0.6,0.1,0.0,18,4.557555555251678,13.73983197704761
4,13,0.146407658284203,0.8334372885749413,0.8202230681388268,0.15043280745959725,0.13583751257847756,0.14897912575497593,0.00739784469871841,0.04443896092196139,0.6,0.1,0.0,19,4.9301858137345,17.121732259290475
4,14,0.14802589614770678,0.8399350562224249,0.8310849068932288,0.1569210116789646,0.09320077358614927,0.15179730009981493,0.00776332570024957,0.04774965259228212,0.6,0.1,0.0,20,4.762213762628509,14.60424642776689
4,15,0.146516288580604,0.8383138313617455,0.8294481044864589,0.16576526733185384,0.09171613978263606,0.14965009500600057,0.007460149485395751,0.04522951795809998,0.6,0.1,0.0,22,4.899580104924484,16.516397498309747
4,16,0.14949646639619177,0.8401313334268876,0.8310975082469559,0.16016215476930537,0.12215892019578546,0.15707344404125118,0.01374903096138615,0.03341327227949257,0.6,0.1,0.0,23,4.938894283656376,25.060302902320736
4,17,0.10084134318584266,0.789546624170579,0.7802806340359091,0.12562589831543775,0.05634836983637215,0.08198861476843039,0.00351094118740862,0.01524292638902865,0.6,0.1,0.0,28,9.099727123668735,16.09990455807484
4,18,0.10084137996988683,0.7944937264769446,0.7896009026858158,0.1337755516987695,0.049544294536021966,0.08198861476843035,0.00351094118740862,0.01524292638902866,0.6,0.1,0.0,30,9.09973298212394,16.099906226818668
4,19,0.10012153332232218,0.7932000598447484,0.7882363311315959,0.14184383732789058,0.055099189238364134,0.08212324484010051,0.0035392266524624802,0.01556263768854169,0.6,0.1,0.0,32,9.66182398207417,16.44357816267573
4,20,0.10810086021898722,0.805451180048501,0.8047816235977646,0.16437077393617822,0.06437514800043437,0.08599937227498401,0.06866471966355686,0.29369474155189274,0.6,0.1,0.0,34,12.66004089865016,11.218962764792176
4,21,0.11259363045923038,0.8131419900815751,0.8166491403309821,0.17566332110702948,0.0945928886890173,0.10378875160372661,0.02752992762257127,0.10979307716663018,0.6,0.1,0.0,35,9.95477806362794,11.882760145334569
4,22,0.1142226163501448,0.8144094519310685,0.8178768396516349,0.18048970930202426,0.0730807927434934,0.10664201581275397,0.03080978370420906,0.10502867813954268,0.6,0.1,0.0,36,9.454393283405269,10.544988642883842
4,23,0.11193183110808481,0.816888575192837,0.8247098029200894,0.186973979034698,0.06643346304889829,0.103414470452302,0.02924878880749529,0.113123521294935,0.6,0.1,0.0,38,9.15590944682776,12.581405822769446
4,24,0.11940314349533365,0.8177689476907098,0.8210413511402439,0.2045500308519823,0.08308274889507322,0.11888311612821723,0.02883362478993608,0.05038052023990034,0.6,0.1,0.0,41,10.229223116702352,12.259283370681487
4,25,0.1186384592062426,0.8160628137734073,0.8192381447920999,0.20733240500753455,0.08903028808935946,0.11926101644028748,0.02836213987322516,0.03946620008118088,0.6,0.1,0.0,42,10.25377063697295,12.27951649445141
4,26,0.11269045844989316,0.8049411847035735,0.8037140712217256,0.19825452324340587,0.07147778119069674,0.10914469963750713,0.03300186107819678,0.05674985603165047,0.6,0.1,0.0,44,13.016064500222662,12.49800102639894
4,27,0.11045575632226087,0.8001347011247099,0.7986572894214167,0.20009749860397624,0.1059788004848777,0.10939353540197014,0.03206355576140526,0.0459293347791246,0.6,0.1,0.0,45,13.049915139947782,12.56827408428683
4,28,0.1089598257636034,0.8021398990669881,0.8048990281160482,0.23348800870260292,0.07876648852178604,0.10609101760091758,0.0490015017938209,0.11495064359063809,0.6,0.1,0.0,47,11.44995294494174,15.299380596702154
4,29,0.10586527200404373,0.7921432005937525,0.7903472107137274,0.21288457779634345,0.07256764125486244,0.10663891026701582,0.0305628247576334,0.0706225574893452,0.6,0.1,0.0,52,11.40084218055245,16.856699094225974
4,30,0.10594704472629628,0.7922122901028031,0.7904151735537088,0.21577073091566404,0.06729516835850743,0.10672460473948196,0.03095846136570148,0.06985585200544085,0.6,0.1,0.0,53,11.353610108814117,16.888830421422636
4,31,0.11346687430576045,0.8266865604777789,0.8508826634490032,0.25576718547910005,0.11423545682700732,0.12028498979737806,0.04525662803534069,0.11986744441141836,0.6,0.1,0.0,54,9.766280714807884,7.549103802473967
4,32,0.10868089335593553,0.8013730970161062,0.8080142454737221,0.24683641922552985,0.07684791977643114,0.1161135054398373,0.02713326385407744,0.3248919490747749,0.6,0.1,0.0,56,9.653327690146718,22.799752871695294
4,33,0.10900809382301256,0.811521464358,0.8269026008368531,0.2773570351967775,0.07299805533796759,0.11652683134150009,0.028426295217740177,0.3404062177937637,0.6,0.1,0.0,60,9.56623636517895,22.76772157589273
4,34,0.091850493259698,0.7791250450526204,0.7813522486392699,0.23789347335444763,0.061084060958697284,0.08785893068934468,0.03157249000153018,0.11350447589960164,0.6,0.1,0.0,61,13.428638855761411,23.43922643696376
4,35,0.09563795757432147,0.7757450095250803,0.7734098593725065,0.24053533706099925,0.08972548888643589,0.09911902150583728,0.0164354381107021,0.06239703275325652,0.6,0.1,0.0,62,14.159794996858944,15.440798377453056
4,36,0.08453249712133294,0.7736811335219616,0.7800209512722786,0.2539791994603044,0.06133556005033854,0.08232444851840055,0.0114812331502223,0.09307103796499748,0.6,0.1,0.0,63,4.181047537820402,10.90898851218974
4,37,0.08914299226595757,0.7716903495809753,0.7735205188463063,0.24534029540414676,0.07679517127901216,0.09105440187470368,0.01517940470321898,0.07566598272955398,0.6,0.1,0.0,64,14.19369524083318,17.1964232871271
4,38,0.08404228335769921,0.7699697733126074,0.7760459946420062,0.248202769255293,0.061561915955959716,0.08413618612772611,0.01470477558368941,0.08057428667593572,0.6,0.1,0.0,66,6.888295368012474,13.042448546947536
4,39,0.08163240156957005,0.7638585187027052,0.7696419643292829,0.25560587622542924,0.09580556770187283,0.08155520977785558,0.025949156527716448,0.09019719319634152,0.6,0.1,0.0,67,12.758853442595504,5.930219102153575
4,40,0.08163636235739267,0.7687904410728162,0.7789455542629383,0.2663670041184523,0.051654362338708,0.08156714878874737,0.02601464438211251,0.09044184844964041,0.6,0.1,0.0,69,12.74239336296436,5.903496450210524
4,41,0.09803771214243577,0.7727206559046765,0.7739311120458051,0.28758140210317085,0.07922833281694273,0.10967579017566359,0.03413429437917736,0.05492523179574652,0.6,0.1,0.0,72,9.355045906195278,14.655907314232556
4,42,0.09596862287660063,0.7674732257925657,0.7684447857509559,0.30321502339332346,0.10470795685046035,0.1084196244667016,0.03560461464116773,0.05756502279455402,0.6,0.1,0.0,73,10.553059259968862,14.292713941104372
4,43,0.09594848950245072,0.7674075906010306,0.7683757588178736,0.30629320791066345,0.06912245485934064,0.1084196235156945,0.03560461606073926,0.05756502121509442,0.6,0.1,0.0,74,10.667908024375295,14.451931634729783
4,44,0.09470545639253207,0.7702330587831635,0.7755093318618859,0.3195533700194341,0.07103371758168564,0.10795801403552692,0.02979686962251991,0.04857604855965586,0.6,0.1,0.0,77,10.95110874711277,13.783134410132984
4,45,0.07807404410418706,0.7520897885720513,0.7572550216677008,0.2864936644794516,0.06855457425354827,0.08160227564060395,0.02806899658022788,0.08771992621286932,0.6,0.1,0.0,78,12.837645973875096,6.332019069867408
4,46,0.0772600417810436,0.747403814862718,0.7522896343223567,0.2975173716952316,0.0665979643195065,0.08474812683808926,0.016610968556274492,0.07906136721397164,0.6,0.1,0.0,81,6.41350576069618,12.299521255538002
4,47,0.07464304005668757,0.7501594154440491,0.7634733388438572,0.3129364228023604,0.07561586084058997,0.08139980539338844,0.027132311047103556,0.08126671857957847,0.6,0.1,0.0,83,12.629733811523517,7.457916916019204
4,48,0.08224768497560643,0.7568305707824949,0.7700797661040917,0.3353077051247224,0.06437578903692767,0.09390783838571229,0.03136836575272324,0.06063739824980481,0.6,0.1,0.0,85,12.718265210531142,5.744744934743722
4,49,0.07408034657489422,0.7328489441529554,0.7329115054186367,0.2947230369120581,0.053338017484446276,0.08163415645685623,0.02664797045674768,0.09002637872437039,0.6,0.1,0.0,91,12.827969837308665,5.842877713372168
4,50,0.0807601888821128,0.7585195964740764,0.7760199906750228,0.3879479071885673,0.05923217204188692,0.09148129300565509,0.03703954931780566,0.07582319543343,0.6,0.1,0.0,104,13.053502426910008,9.99673424645497
4,51,0.08129104344204695,0.7529995489014751,0.7660511967951694,0.3983365465514687,0.07097476911578934,0.09353196820458573,0.03368705862708716,0.06973619646592837,0.6,0.1,0.0,105,12.652461177693867,8.450271366489954
4,52,0.07748470404383044,0.7434853976561056,0.7521122711081529,0.37247517686085696,0.05785479255226174,0.08438418503966975,0.052927383623551816,0.07443862500130645,0.6,0.1,0.0,109,13.226949241385489,8.190824528435392
4,53,0.07680029962931635,0.7453665342089559,0.7622499846668384,0.41958345298681765,0.09445486818950828,0.08807972305672422,0.04576142228522573,0.07041920521565856,0.6,0.1,0.0,111,12.675846992549296,9.900684506643229
4,54,0.07651545984959353,0.7441581718523372,0.7609809354841884,0.42262191220280776,0.0665835213326088,0.08807971713638699,0.04546491673093858,0.07025508922339004,0.6,0.1,0.0,112,12.645888787322324,9.834941902568138
4,55,0.07705485148377571,0.7443444581125602,0.7611441186789959,0.42647718672507584,0.06151222668554049,0.0897519783842867,0.04178372021006888,0.06656445694016913,0.6,0.1,0.0,113,13.06211604104455,11.065268555263255
4,56,0.08133771065114773,0.7427970846426212,0.7551658521619009,0.40083547154195803,0.06693590449699671,0.0971123273551469,0.04283155152820783,0.06727714289135435,0.6,0.1,0.0,121,13.894194820681143,11.228362483206084
4,57,0.0783020024645382,0.7369614521308984,0.7491484835091495,0.48085008797298295,0.06052805860342564,0.09339870467674535,0.04206046343737513,0.1517338190875524,0.6,0.1,0.0,125,14.268327015179782,13.783389104893818
4,58,0.07822887418031817,0.7415514027119307,0.7580932669930626,0.4941733628967202,0.06138159818570907,0.09306447900061648,0.0440551465344673,0.1513510197245082,0.6,0.1,0.0,127,14.250832004433423,13.771388491085034
4,59,0.08286431129258286,0.7549552709719259,0.7842288783208652,0.5147165647138151,0.09414272558748678,0.10195843132611768,0.05164076803934061,0.07696038357305332,0.6,0.1,0.0,130,13.807000752439718,9.78304832175475
4,60,0.08157829068210931,0.7513624939482388,0.7804908152877134,0.5167865862343383,0.07194840711398337,0.10116390927667901,0.048699303858965634,0.07590328045308078,0.6,0.1,0.0,131,13.984285385828285,11.28132826198352
4,61,0.07945150728040545,0.7363184369463863,0.7524483902772175,0.44793073816866363,0.06301292436543447,0.09770678183693125,0.04388739250026074,0.07590326974709641,0.6,0.1,0.0,134,13.984285382796338,11.281328448268294
5,0,0.8684053059990159,0.986956610024508,0.986285156604467,0.06127568530642045,0.0,0.0,0.0,0.0,0.6,0.1,0.0,1,8.560306132379864,61.94420214088719
5,1,0.6130207570167578,1.0001295547494415,0.9974545951893355,0.10837624668224319,0.20358846134746628,0.08680620743325183,8.105888614433e-05,0.00012203878719128,0.6,0.1,0.0,3,5.818548140001179,40.903060149227215
5,2,0.5738000372149561,0.9972883748677158,0.9943805471340991,0.111683463506137,0.10626251227921568,0.08942963375109832,0.0011612066099876,0.00235367747917095,0.6,0.1,0.0,4,7.718791546595426,4.708491050449721
5,3,0.18004990231567536,0.8725386719811881,0.8675705540097233,0.08195422610378195,1.004798596604634,0.08154396371921659,0.00122476422639352,0.00138226115524299,0.6,0.1,0.0,5,4.259513519296295,3.53815213448445
5,4,0.17802963087828858,0.8673010047397804,0.8577614158989311,0.08951201783061749,0.0601574197729321,0.08755386245713175,0.00078306332509456,0.0009143165545019699,0.6,0.1,0.0,9,3.972633833205655,2.720272035520418
5,5,0.17616693496211183,0.8716862008113877,0.8663373350835311,0.10985249495683523,0.0692460445789872,0.0925478823138392,0.00063623751744411,0.0008402786009032199,0.6,0.1,0.0,11,3.815985416879592,2.5213020741278607
5,6,0.17599117428435407,0.8666091499779244,0.8568804438911232,0.09564424830837452,0.05660344036077564,0.0925478823138392,0.00063623751744411,0.0008402786009032101,0.6,0.1,0.0,12,3.818386792836196,2.4698293298820806
5,7,0.17140018523136125,0.8730063934030368,0.8718517666257249,0.11737226647645925,0.0814860764523057,0.09228153252804543,0.00071995944736217,0.00093476664119199,0.6,0.1,0.0,13,3.992513347388452,1.7472984226889696
5,8,0.17254977278897426,0.8694498047825496,0.863880188111137,0.12715043867830098,0.06397292090381017,0.0959314462058532,0.00085428524744562,0.00127436099843557,0.6,0.1,0.0,14,3.923579860963976,1.9504093369464044
5,9,0.20226216917604686,0.9060018496625747,0.9043884048870229,0.16988660098517697,0.1604201635413389,0.15971503563523504,0.015205058487549949,0.02289442568397185,0.6,0.1,0.0,15,8.076913455663151,8.351069736840083
5,10,0.1390271917338138,0.8294901111407774,0.8242298414253418,0.15109322748970605,0.36743122826188174,0.14995124341667762,0.017075405221127903,0.025710339618276366,0.6,0.1,0.0,17,10.158756140608103,4.292309109885462
5,11,0.1389184691498953,0.8342321378380851,0.8333344737722074,0.1585713886052063,0.09247491144487928,0.14995124341667765,0.01707540522112792,0.02571033961827638,0.6,0.1,0.0,19,10.2047762014808,4.253105725931668
5,12,0.13324599229875583,0.8134671268267493,0.807198122502752,0.16048260087083516,0.17072889474812492,0.1554045657860105,0.02007615548304304,0.03019888866299627,0.6,0.1,0.0,21,12.029923986684782,2.330038713714513
5,13,0.13321013504762277,0.8133830055165215,0.8071096646949355,0.12140132083125847,0.09557729682938107,0.15540457680744613,0.0200761636959544,0.03019890102940484,0.6,0.1,0.0,23,12.076621143731074,2.3042774545326425
5,14,0.13256214979932288,0.805906964358435,0.8030231908777902,0.18429945527093744,0.13912322103147995,0.16532056936195547,0.027415569229932713,0.04116139466186671,0.6,0.1,0.0,27,15.953340123576895,1.8515039250031105
5,15,0.1324442016298982,0.8006156097965774,0.7933409492152699,0.1864163627015532,0.10327142825230354,0.16532056936195547,0.02741556922993269,0.04116139466186675,0.6,0.1,0.0,29,15.800727036922272,1.903990173908189
5,16,0.13330056784900476,0.7928089640746889,0.7808693902056498,0.18951838094709755,0.1276466040360203,0.16950142095566012,0.030406623655921138,0.04551758140367653,0.6,0.1,0.0,31,17.515985393180458,0.7612301363967547
5,17,0.13148364319992095,0.786739880976852,0.7744878846689258,0.19449017868123744,0.15030525737131947,0.16950142095566015,0.030406623655921127,0.04551758140367662,0.6,0.1,0.0,32,17.862882227855614,0.630433143396053
5,18,0.13623837122475424,0.8050857207831846,0.805861635164521,0.21452841460175628,0.12386958690682628,0.17695482352223252,0.03852199246803215,0.05773708245107463,0.6,0.1,0.0,33,21.409762301055714,2.136691015364082
5,19,0.13018207893704123,0.7883156584868788,0.7802854542080279,0.2023589097286469,0.11340932889632119,0.16879453232486172,0.030339194479566577,0.04604821254981776,0.6,0.1,0.0,34,18.48985210701419,0.57821587805939
5,20,0.13293185927756954,0.8058395483076374,0.8109237798804273,0.22033053671792308,0.10791992442934843,0.1728448169544279,0.03384444030836238,0.050693975434616304,0.6,0.1,0.0,35,19.67034581207288,1.0464520282089955
5,21,0.13235549738169997,0.7835132929118932,0.7709637090644563,0.20624635697744817,0.12856248799309333,0.17303369302685115,0.03475552244211861,0.05273612060590507,0.6,0.1,0.0,36,19.9804716433993,1.3882030424639034
5,22,0.13506360395497116,0.7932244194618877,0.7932452293842103,0.22529977476527696,0.1958356206663859,0.18103338471430608,0.0421203617394809,0.06294880973513403,0.6,0.1,0.0,37,23.868981158543,0.6608291270189246
5,23,0.13504982236391205,0.7931691828457368,0.7931871420462279,0.2374910158469329,0.11304682952737152,0.18103338471430608,0.0421203617394809,0.06294880973513399,0.6,0.1,0.0,39,23.91906362750192,0.6523271837054081
5,24,0.12552401260815318,0.7698310670688261,0.7729860825103808,0.23737473168233716,0.20202915133198118,0.1728027994716133,0.04876962206657022,0.05069363534222389,0.6,0.1,0.0,41,19.69816149891896,1.0289742536737174
5,25,0.12458434610134456,0.7310076029014688,0.731868410526096,0.24510510663008975,0.20103891475331356,0.18098937661930442,0.05707159451971672,0.06294813146912251,0.6,0.1,0.0,45,24.128925962206303,0.6154831678754478
5,26,0.12458429561715692,0.731007168859046,0.7318679683819453,0.2518666019922687,0.11430122603411433,0.18098937661930434,0.057071594519716703,0.06294813146912255,0.6,0.1,0.0,46,24.129263086587844,0.6154430130902264
5,27,0.12499589764318732,0.7047905827423188,0.7000363645232849,0.24441648538146243,0.305031723049833,0.1850925039847973,0.06099037302584488,0.06857960347407374,0.6,0.1,0.0,47,27.125854590895184,0.0940496215393155
5,28,0.12333116863053459,0.6922509036426283,0.6909844039684864,0.25926021613806366,0.143649957248782,0.18598462769020346,0.052771204460831375,0.07212011980758551,0.6,0.1,0.0,52,28.231597225291345,0.0877539304258972
5,29,0.12455365237387059,0.6774986092745451,0.6712493747515513,0.2657210360269493,0.1654911250544893,0.18894430507766768,0.05537176673464397,0.07660521470168483,0.6,0.1,0.0,54,29.60312879152573,0.2979510916885559
5,30,0.12491671972072385,0.675539386080139,0.673265215630931,0.26963702234069287,0.14939997740778158,0.1898183717155734,0.05839612936717198,0.08060619754726937,0.6,0.1,0.0,56,30.65329612024381,0.4242496720800465
5,31,0.12485537212734918,0.676574253148218,0.6784630639916459,0.2794654396529698,0.13574889207362112,0.19005893606261864,0.05865896882884143,0.08098368607093347,0.6,0.1,0.0,58,31.171849356524408,0.3803756842596063
5,32,0.12643044783285806,0.6513169365978259,0.6476478042288913,0.2732318126099537,0.2121998692391427,0.19380819031451582,0.06320753052428384,0.08704619314456571,0.6,0.1,0.0,60,33.94396406068906,0.0458133305278329
5,33,0.12632502467377896,0.6497463516639439,0.6501060519131514,0.28787952670715,0.14875271134355128,0.1939292636109235,0.06419147669213054,0.08724750986399352,0.6,0.1,0.0,62,34.210926928269075,0.0605680823290215
5,34,0.13102126236603087,0.6611910536935578,0.6824560583985875,0.4113356133786968,0.13474723348789386,0.19473216241127475,0.11305190967907204,0.08926487749718902,0.6,0.1,0.0,84,34.32235053154105,0.080696590169263
5,35,0.12821189073085776,0.62879992834538,0.6484991728116024,0.4195212110324221,0.18536547673944365,0.1984024560369966,0.0712721407066309,0.10376272831510816,0.6,0.1,0.0,88,37.39722197839759,0.2242603092669527
5,36,0.12848932300931326,0.6199184499044174,0.6350227293344344,0.41034087497685945,0.1433182696351585,0.19900090804472229,0.071422888411364,0.09719730464762641,0.6,0.1,0.0,90,37.42827099123773,0.2213770247786616
5,37,0.12816208804944798,0.6219030298933839,0.6453549392738578,0.43388986702991067,0.13843615877108276,0.19866127472029965,0.07181308489979209,0.09714783082813534,0.6,0.1,0.0,95,36.88876530682148,0.2305979492582103
5,38,0.12963683406300408,0.6242373723853764,0.651847816919148,0.4535642870926358,0.1360490447633649,0.2012652299170622,0.07175473842296003,0.09735838118599312,0.6,0.1,0.0,99,37.11380561198671,0.4135093394551735
5,39,0.12991504176033947,0.625347077181768,0.6571147684860693,0.46327497490407055,0.13374290873327205,0.20170166502822814,0.07270452118269824,0.09731222714494034,0.6,0.1,0.0,105,37.11545862942837,0.3383692505416324
5,40,0.13028816836818244,0.6233924139135318,0.6550380772777515,0.48590216137004383,0.13791546828845935,0.20241036178591298,0.07261036873195789,0.09726680123830148,0.6,0.1,0.0,107,37.114384273455705,0.341218400027852
5,41,0.12980190866987693,0.6202973052681009,0.6559204115322463,0.504663438220655,0.1482944466107632,0.2010355661905543,0.07730707814471108,0.09885346431918804,0.6,0.1,0.0,110,37.01708302373096,0.4313471683361077
5,42,0.1300913568736608,0.6276099217731105,0.6718291460383166,0.5154542713711321,0.13247426876411944,0.20241789334540541,0.07237630215193044,0.09751840407886014,0.6,0.1,0.0,116,37.56031523714959,0.4038086513080867
5,43,0.1301153704316957,0.6265847200546985,0.670749069910234,0.558279296512627,0.13038842289613214,0.20205760004167506,0.07494565490837872,0.09793972432936722,0.6,0.1,0.0,121,37.21291970822429,0.0487941732806177
5,44,0.1314331136008587,0.6184867214715385,0.6580443092250183,0.5568647716034364,0.14778381002331195,0.20375140993647212,0.0786510809321234,0.0988103512424999,0.6,0.1,0.0,123,37.01631110566493,0.3292808119046565
5,45,0.12987475010618596,0.6297943668062564,0.6823682499740793,0.5876381313379329,0.14418274703707565,0.2011945606336911,0.07870256505741212,0.09734181095556774,0.6,0.1,0.0,124,36.938556626724754,0.4061444935814421
5,46,0.13073206010925884,0.6256993522802103,0.6780146418462468,0.5911334019709944,0.13603332916011987,0.20266935157041058,0.07913549812178095,0.09731240402580951,0.6,0.1,0.0,130,36.939670730190784,0.3402893715259354
5,47,0.13038120297357964,0.6343092049851555,0.6953221075987621,0.6310648544021227,0.1328600936986734,0.2020935054775529,0.07921106755859635,0.09737322229734148,0.6,0.1,0.0,132,36.93895742982316,0.3545407197509992
5,48,0.1307259109722006,0.6337904655473152,0.6947583079277728,0.6349785071820286,0.13294171428337864,0.2026038997471381,0.0797139617320975,0.09737355585952198,0.6,0.1,0.0,134,36.93923745666828,0.3437317438967305
5,49,0.1307137021093099,0.6334537296503366,0.6944046415751823,0.6629047557569523,0.12995329623075647,0.2025650285787855,0.07986921083774565,0.09739281524875856,0.6,0.1,0.0,140,36.93899898454381,0.3447956740141877
5,50,0.12955373901502634,0.6269066557373193,0.6875765942879387,0.681346069449341,0.13551998198585763,0.20148833302517824,0.07543844176601705,0.09779455102883931,0.6,0.1,0.0,146,36.90445017062349,0.6320830988375634
5,51,0.129541610249798,0.6318309504887334,0.6968734977934327,0.6946533528059083,0.12846609603763054,0.20147426210908642,0.07540292489055293,0.09777824485988697,0.6,0.1,0.0,148,36.9043590193717,0.6327209015307035
5,52,0.12977413775324262,0.6465043167212016,0.7246454804889403,0.7694647121650284,0.1288882678852299,0.20155932853765,0.077268774108506,0.09781473856806648,0.6,0.1,0.0,162,36.90434353831149,0.6082512761808068
5,53,0.1298664273812507,0.6515183434545038,0.7340313441799324,0.7869183948968312,0.12885585643171504,0.20158250946068412,0.07805586708254153,0.09783173048158081,0.6,0.1,0.0,164,36.9043651975832,0.5951747725516332
5,54,0.12972441642429436,0.651366495450659,0.733878995435962,0.790685851023163,0.12865058671046078,0.20153658048438539,0.07691250758798134,0.09782240109034925,0.6,0.1,0.0,166,36.90436526253471,0.6179687173734286
5,55,0.1296093502398048,0.6512496604420119,0.7337620545922359,0.7983955103984858,0.12851307802115938,0.2014527319440125,0.07626517658294821,0.09781750338383434,0.6,0.1,0.0,167,36.904372608205136,0.6248058879408128
5,56,0.1297245009684554,0.6561920500698573,0.7430713512893337,0.8080825372676724,0.12956499456384135,0.20144803595665703,0.07746012914993114,0.09779322331869024,0.6,0.1,0.0,168,36.87969344288968,0.6071014331094065
6,0,0.7256539516678953,0.9709655813417014,0.9694709087224871,0.05774829550806858,0.0,0.0,0.0,0.0,0.6,0.1,0.0,1,21.020557200002965,60.63882564908314
6,1,0.5231978804747595,0.9825027640189266,0.9790527689529849,0.10248321198792767,0.19736886597847386,0.08252029297210833,6.927026682063e-05,0.00018426054694576,0.6,0.1,0.0,3,14.657029712815977,35.784701514799124
6,2,0.3964980557649548,0.9808410922807191,0.975466214442964,0.1324199153509128,0.3763695577588628,0.14165948948809207,0.00254341129931945,0.01530205411446057,0.6,0.1,0.0,4,14.241497665277372,39.93551758936693
6,3,0.3510286316693477,0.9486256527985215,0.9429651348877452,0.10604215546081121,0.10177938365041499,0.09761562022158113,0.00013493140963529,0.00033797641380163004,0.6,0.1,0.0,5,8.874937177213184,18.42485713242772
6,4,0.24419169527640372,0.9054323955976306,0.8978137613767182,0.09547258812983926,0.349605525927394,0.08883197502218591,0.0012793836536658999,0.00368517417889724,0.6,0.1,0.0,6,9.454763268301122,3.215181653334787
6,5,0.2218992212169894,0.9057992993255807,0.9017583359275345,0.10621693722912018,0.1966929922037893,0.10703429631670883,0.00078634689328,0.0018629711284750099,0.6,0.1,0.0,7,4.23722781991113,2.836183260840777
6,6,0.18426098978167157,0.8725446973518968,0.8631206000152706,0.09343440356409378,0.19631021315031214,0.09238791446640304,0.00177908098675175,0.005265762278537979,0.6,0.1,0.0,8,5.118121363823435,4.261375516582227
6,7,0.183493296044314,0.8775890031321981,0.8724340415713163,0.10229383837764498,0.06559072947674308,0.09589608708054351,0.00190732096387278,0.00556597818102963,0.6,0.1,0.0,10,3.432673272628167,8.425174603070328
6,8,0.1784690318467008,0.8683891313049066,0.8587590579335689,0.09985078950033194,0.07079733789621516,0.09212576158542274,0.00181127490092492,0.00522772803818739,0.6,0.1,0.0,11,3.34555539589964,3.778081598896031
6,9,0.1774551887430321,0.8725676476441429,0.867276520354241,0.10926079436166593,0.05792549742951444,0.09194541363946468,0.00185325854040345,0.00533676863642505,0.6,0.1,0.0,13,5.339644065842312,3.389980425099426
6,10,0.1768337036560233,0.872440952578729,0.8670829224291771,0.12171392843168434,0.06678707626154862,0.09379427115075574,0.0024861283873288302,0.0073580247015458,0.6,0.1,0.0,14,4.763858556650798,4.4965254382358815
6,11,0.17257165417673104,0.8642183879233377,0.8543315482952266,0.1140391547197085,0.07977600019247462,0.09336254007614844,0.0025603059409805397,0.00742903105943282,0.6,0.1,0.0,15,5.07116980487823,3.890849919301029
6,12,0.17066680804999784,0.8676812916007187,0.8620911781363051,0.12045150276116999,0.061997518531650586,0.09336254007614844,0.0025603059409805397,0.00742903105943281,0.6,0.1,0.0,17,4.980556724811538,3.74326673450814
6,13,0.15453714308404964,0.8591658540582123,0.857215290897622,0.1303354354372328,0.16801113998912695,0.09427644906110896,0.00496418778104022,0.01460345380380006,0.6,0.1,0.0,18,5.039300788141339,5.1322380726822505
6,14,0.15318822931307163,0.858149755266504,0.8559260634444008,0.138161769015877,0.08200442387546604,0.09918274404983304,0.01842051112283315,0.016422550206226467,0.6,0.1,0.0,20,3.1346258002791663,12.311771176308902
6,15,0.15089364255192506,0.8509513694205351,0.8442507533124415,0.13277991999162725,0.07682997390717596,0.09877678667336959,0.01849468867648488,0.01649355656411354,0.6,0.1,0.0,21,3.530037266809069,11.437046355217335
6,16,0.14650876036174548,0.8564211755479563,0.8582407331718575,0.14596861332580457,0.09554546356229586,0.09937507451896821,0.01459512821157683,0.011764744506079181,0.6,0.1,0.0,22,3.37046188891592,8.63679799286834
6,17,0.14294075917317453,0.8527353653457593,0.8544631886387561,0.1602488241599771,0.06599858678186878,0.09775844680861037,0.0052551774772769,0.015456253424292249,0.6,0.1,0.0,24,4.69916982529266,2.9174727639239757
6,18,0.14199517181319152,0.8517260107217888,0.8534069309536328,0.16289909865032307,0.06612908564759735,0.09760463969050805,0.00519332597342309,0.01526225390504854,0.6,0.1,0.0,25,4.671584476595345,3.0914920116460096
6,19,0.13080160157391227,0.8385976576721651,0.8395563114037103,0.1642172815617176,0.09642099800139328,0.09822701955797096,0.01047840843671991,0.01715425869113988,0.6,0.1,0.0,28,4.217632969155033,20.98518616909043
6,20,0.13057368934413813,0.8334046044545569,0.8299868619398381,0.14462443434495267,0.06024250867025845,0.0979270037982521,0.01045043125070052,0.01769115032411325,0.6,0.1,0.0,29,4.239990010885268,20.93546297873045
6,21,0.12970946122283764,0.8421499740886385,0.8474099879064457,0.1722204619160824,0.07031661884850718,0.09822701955797092,0.01047840843671993,0.0171542586911399,0.6,0.1,0.0,30,4.153505305000495,21.484589665173228
6,22,0.12994303328138318,0.8423665454021001,0.8476225078085288,0.17841324419135726,0.06089434715135922,0.09871256127870252,0.010519507457725551,0.01631442663716006,0.6,0.1,0.0,31,4.097302687077789,21.54563991052636
6,23,0.1236728459898226,0.8301830130420823,0.8308516421910194,0.16884129187938055,0.08974026964406599,0.09445350434883468,0.005314401864651401,0.05058082424859236,0.6,0.1,0.0,32,4.856779338907824,4.840870035354207
6,24,0.12284808412708152,0.8324835950683401,0.8371925982699769,0.17977068212089278,0.08611918089764575,0.09973156543568416,0.011827110991033,0.03215932233605816,0.6,0.1,0.0,34,4.870302227774773,5.304555943384814
6,25,0.12274718110085524,0.8273789099288442,0.8277050355394071,0.16256830552440887,0.06253111988798941,0.09979604699689963,0.01174964712006689,0.03250801487763254,0.6,0.1,0.0,35,4.858408779453494,5.255572860819195
6,26,0.11250529998437085,0.8249980694425058,0.8337541721187206,0.2048795894283151,0.06448656329060132,0.08880576477329263,0.0163948802570861,0.01650956713922037,0.6,0.1,0.0,40,3.931341674483954,22.84967794236544
6,27,0.1145636745502521,0.8287649803926643,0.8414530592123081,0.21628315824332817,0.09598555701528677,0.1013621653547858,0.014951899159345649,0.01625659621839231,0.6,0.1,0.0,42,4.188035043658088,24.03192897093988
6,28,0.10982533657400573,0.8189271852147569,0.8272290299047994,0.21515452106392768,0.05902967001670733,0.09422231602479056,0.011426800164990859,0.03731893229493567,0.6,0.1,0.0,43,3.440964042790037,12.771921224438294
6,29,0.11098039741908475,0.8248940727148646,0.8375523684094324,0.21926016189365255,0.06155000087880765,0.09640003992390131,0.011810230024839361,0.04589105640968882,0.6,0.1,0.0,44,3.582930396755187,13.047229157600444
6,30,0.11012035202195518,0.8228432129759664,0.835356633656562,0.22604795779261447,0.07078425754894525,0.09649805639957443,0.01885307019280593,0.03870149132810868,0.6,0.1,0.0,46,4.827903204315441,22.81621770361676
6,31,0.10939746854942468,0.8215434257624334,0.8339899400789218,0.23197454910397847,0.06981086250594762,0.09649805639957443,0.01885307019280594,0.0387014913281087,0.6,0.1,0.0,47,4.681619582255924,23.457299954678067
6,32,0.10469031070129611,0.8108653684667713,0.818821195838358,0.22480865780932732,0.07414933660532518,0.09178197891672579,0.01266514392624482,0.039289907677669225,0.6,0.1,0.0,48,3.472877470280608,11.841211870897018
6,33,0.10636431614179502,0.810871252118493,0.8186433672335308,0.23378353993643664,0.07380882068325728,0.09765895053893865,0.01315006228147723,0.03634151276758061,0.6,0.1,0.0,50,4.423988219989763,11.82840542196372
6,34,0.10066205744622359,0.807845115286511,0.8197529104982962,0.2425057266877012,0.07448012784065958,0.09186140162024731,0.01433261567480272,0.03914344680862853,0.6,0.1,0.0,52,3.830157307390476,11.822408302402376
6,35,0.10058358815495157,0.8077372210428854,0.8196420202698181,0.24244252282009868,0.056950655244026635,0.09184298332033611,0.013945422456342648,0.039181633453338735,0.6,0.1,0.0,53,3.838272352163852,11.832409242206342
6,36,0.10287017371183389,0.8073991813334979,0.8190431315660646,0.252492033497673,0.10074359884791266,0.09952738967905363,0.015130964214428569,0.03800306345684124,0.6,0.1,0.0,54,4.7375708262710265,11.564929864003496
6,37,0.10060818034679135,0.7922080553537778,0.7948201766422748,0.2505300058167942,0.10459255399515237,0.09853397299253591,0.02358230430525008,0.04903997414075576,0.6,0.1,0.0,55,4.6934271306537685,20.6662373287603
6,38,0.09746283814122661,0.7913216196833449,0.7980649118525132,0.2584790752660181,0.07864491610103894,0.09623056849768737,0.02607339103682747,0.04563455342687005,0.6,0.1,0.0,57,4.461555280269885,20.20152810033929
6,39,0.09700067528710751,0.7904832292818732,0.7971933948406104,0.26129833766349825,0.06516381365128433,0.0958207015339088,0.02658534922048294,0.04489771076504604,0.6,0.1,0.0,58,4.414386339174714,20.0559470309903
6,40,0.09624361078317437,0.7942852135377201,0.8053345276535104,0.26766222815509644,0.06481786197200548,0.09476811480450183,0.028058456763774033,0.04255964108173155,0.6,0.1,0.0,59,4.266156688022987,19.48164652600745
6,41,0.09738005558471764,0.7900530038008544,0.8006476405890589,0.2960451461781297,0.07575928372552257,0.1037539857537003,0.0201421617418609,0.03578958650442019,0.6,0.1,0.0,65,4.346233427273225,20.416913928667658
6,42,0.0973603585319257,0.7949461928723307,0.8099112118054209,0.30666242726821596,0.06447201859198434,0.10375380712460981,0.020142879914045668,0.03580408862120974,0.6,0.1,0.0,67,4.344457162299612,20.41201086238212
6,43,0.09224255631123765,0.7819988194989478,0.7923584072268977,0.29354312635620267,0.09577570941608783,0.09787399828911666,0.02053792081870114,0.06983781951066835,0.6,0.1,0.0,68,4.271930613324571,14.057327544439804
6,44,0.1059984012512603,0.7927848307999245,0.80291082149946,0.31872863207996543,0.09381764153556968,0.12293529902254784,0.023407855016545732,0.10858504635224671,0.6,0.1,0.0,70,4.256692108021356,27.282156096346966
6,45,0.08554546489907035,0.8087930658283037,0.8536665082948092,0.41138101814001365,0.05925904948859762,0.09109363565673662,0.0249739297497108,0.02663151446740903,0.6,0.1,0.0,87,5.257873406048027,16.431838986271305
6,46,0.08545847637807515,0.8134664383371738,0.8626989931197065,0.42246379059108513,0.05821699395421971,0.09109363565673662,0.024973929749710768,0.02663151446740904,0.6,0.1,0.0,89,5.226258586640013,16.44092384708725
6,47,0.08411166141529265,0.811129909619659,0.8602880431602868,0.42466187808908096,0.06751679987992724,0.09029817984579189,0.02083782083019154,0.02139800244762089,0.6,0.1,0.0,90,4.814584594245729,8.874076220039594
6,48,0.0856310152815227,0.8165632113007898,0.8700173345308128,0.4339439813252423,0.06994048112209782,0.09296025032258189,0.02471676371659682,0.05372496185308978,0.6,0.1,0.0,91,4.486641706991248,10.150488999291998
6,49,0.0884766944690939,0.8190282103971874,0.8724541067817962,0.43682953228015137,0.06550101454442275,0.0985206804699809,0.02148122302934738,0.01952130590913825,0.6,0.1,0.0,92,4.799932456306771,9.28541112951328
6,50,0.0867317146642409,0.8070728003983003,0.8517289726839368,0.43060745681061374,0.06083603929760423,0.09534033765826383,0.0245013116274811,0.020944227207809092,0.6,0.1,0.0,95,5.62900810700467,14.559248540852002
6,51,0.08920991062381622,0.8191413672377685,0.8725214232529754,0.4860469209024703,0.06339636644698866,0.09925599845257219,0.027111774479242328,0.01877732599088666,0.6,0.1,0.0,98,5.611477654843387,15.718953592669806
6,52,0.0892056799819123,0.8389154939733996,0.9097874681187873,0.5401064667367237,0.062276770879998035,0.0992559983779606,0.027111806599922787,0.018777325640355138,0.6,0.1,0.0,107,5.638891517449449,15.69063313968926
6,53,0.08309865560092221,0.8276718463331337,0.8941566732793249,0.49404950600239594,0.05676943243445381,0.08964248099812856,0.024544940534696517,0.026098258616770557,0.6,0.1,0.0,111,5.341410409922435,16.910219020490906
6,54,0.08495308473711903,0.8240504532242143,0.8861231371213307,0.5069984697782491,0.061278804732068176,0.09312072663524196,0.02450112625514452,0.0465662842796878,0.6,0.1,0.0,113,4.585410980718535,13.785547357448587
6,55,0.08333379653542741,0.8202272253390347,0.8821392557756123,0.5129568015810082,0.08189936250391626,0.0919970356794553,0.02421675619483785,0.04761509274222296,0.6,0.1,0.0,114,4.606946032731238,13.788229947785329
6,56,0.08585338850533183,0.8316668121340725,0.9022549225142961,0.5547311076125866,0.06185830730206472,0.096520779571036,0.026180447291660143,0.028267672322511473,0.6,0.1,0.0,122,4.58263942772183,12.400586791555916
6,57,0.08495520502208556,0.8449521606074941,0.9286123369452908,0.5698825931467422,0.06300809660482434,0.09557261450288795,0.02552212059611651,0.03014233037883421,0.6,0.1,0.0,124,3.1753696433383976,13.54387784265568
6,58,0.08544939594033193,0.8436059940308911,0.9271352192419674,0.5970121477081767,0.07165003922932849,0.09737435544462938,0.02668319672755682,0.028773127934478747,0.6,0.1,0.0,126,4.71533497488292,15.373627105682766
6,59,0.08656690378032597,0.8372335155280018,0.9162106969620287,0.614585494699277,0.07648649671282129,0.10001108063217048,0.03136248300071496,0.02606217083751055,0.6,0.1,0.0,128,3.3724627082947354,13.52971375688987
6,60,0.0834473463605554,0.8388184386551162,0.9221518518041116,0.6276898514986219,0.060384886994531685,0.09599643975696964,0.025118578024064468,0.03071957291786394,0.6,0.1,0.0,133,3.023770167320945,13.81499368723838
6,61,0.08337076785493094,0.8435691080713837,0.9312673186424015,0.6367416194742815,0.06075803888753549,0.09590212333758943,0.0253436550146521,0.030110919353896898,0.6,0.1,0.0,135,2.971904239660041,13.88781150221106
6,62,0.08643590130592153,0.8499846368377574,0.9419451535027037,0.6693979412966999,0.08154686820136342,0.10102196900054206,0.030842445087421438,0.02666627126628579,0.6,0.1,0.0,136,3.470961682854779,13.489928960502471
6,63,0.08128888617746269,0.8357103702683013,0.9230114838595147,0.6239858292645121,0.08100917470768043,0.09555998527000237,0.02594089720026007,0.032038659377151016,0.6,0.1,0.0,138,3.0835157493104512,14.057574622186348
6,64,0.08118195587700255,0.8398418131928421,0.9314682217317419,0.6369426849926081,0.06367450748109285,0.09575750748646461,0.02590692676856966,0.0319657634133982,0.6,0.1,0.0,140,3.1218738089213933,14.07654668900516
6,65,0.08120375552401853,0.8357220627963774,0.9270715973874569,0.682076118400342,0.06655734307826941,0.0974662430292364,0.028234865729485442,0.03037972717935561,0.6,0.1,0.0,148,4.980545970266241,15.080196570622158
6,66,0.07906542023984545,0.842663243195419,0.9427052109403437,0.6983647536247632,0.06377167817767083,0.0945076819187679,0.02692924520293734,0.02723823776903031,0.6,0.1,0.0,150,4.661717850632434,16.69436860960615
6,67,0.07881658964739575,0.8419042390939006,0.9419125191284173,0.7071949624054347,0.06428873891851142,0.09428977825816286,0.02718821160493869,0.02715935805007687,0.6,0.1,0.0,151,4.652469251732106,16.699678724197945
6,68,0.08031307114014669,0.8382918784539651,0.9339163343280895,0.7019965757146419,0.06315987831954727,0.09700287995380158,0.026328910164833703,0.031396028999194345,0.6,0.1,0.0,152,4.859535704891351,16.05016756356658
7,0,1.0,1.0,1.0,0.06423510988367964,0.0,0.0,0.0,0.0,0.6,0.1,0.0,1,8.916507864296872,46.636369583672185
7,1,0.6335424664562108,0.9987020590986806,0.996234627866161,0.10380903080269363,0.23134123556728642,0.07770515177034859,8.687585432549e-05,0.00018886718619028,0.6,0.1,0.0,3,4.128068871179386,37.55325672422653
7,2,0.5096926738877071,0.9820337306497195,0.9784267337911364,0.10686436037540235,0.22464384167372395,0.08663338410340009,0.0011996072651268201,0.004369112167032349,0.6,0.1,0.0,4,3.506084816771412,7.733436003258566
7,3,0.40601626771285193,0.9590679014538126,0.9542828760720747,0.10165555605231322,0.22996530477004806,0.08663889324998615,0.00034750341730199004,0.00075546874476112,0.6,0.1,0.0,5,2.860400226239696,21.953849998941443
7,4,0.32209563183667456,0.9364777736853396,0.9304152691889399,0.10150313236085229,0.2475592736951434,0.09012087181858094,0.00171301426371167,0.006134126124189,0.6,0.1,0.0,6,2.416162813179257,3.6420332621198783
7,5,0.1898346512301035,0.8834280596080657,0.8783320180651403,0.09967650030861697,0.5775039668932462,0.10389935261202292,0.0008346697000800001,0.0018169402876213599,0.6,0.1,0.0,7,3.2996722079117142,1.9676748264759336
7,6,0.18734071384567608,0.8818635214167792,0.8766520686785593,0.10377610629930888,0.07183608101302948,0.10498974804365625,0.0010635079070285601,0.00231515959154836,0.6,0.1,0.0,9,3.7956952989449633,1.7945818034665877
7,7,0.17365479909857998,0.871516169779752,0.8657702992435139,0.1151171755409953,0.08341478120936886,0.10494259621973405,0.00168943372949489,0.00981854356007479,0.6,0.1,0.0,13,6.1981563887362245,1.1844099647747846
7,8,0.1708869827175172,0.874164960843279,0.8726739120007667,0.12111266121685905,0.07192546700928841,0.10494259621973401,0.00168943372949489,0.00981854356007476,0.6,0.1,0.0,15,5.816940733374434,1.134173852105965
7,9,0.1710565516197894,0.8743738789275307,0.8728735863190527,0.11140802051568337,0.064933344925164,0.10558318797832911,0.00173162222254892,0.00922233118912493,0.6,0.1,0.0,16,6.078060327591542,1.1637561423635898
7,10,0.14489945345757052,0.849900894381944,0.8474977013678696,0.12268584738830003,0.19311731996421666,0.09299606809224518,0.00791537770487182,0.03301468236035155,0.6,0.1,0.0,17,4.339049969170468,5.173921728648756
7,11,0.13274688457288839,0.8418390611926023,0.843194949181284,0.1420412413627123,0.10194346718046637,0.08523335418927037,0.04369150621640347,0.0806299982607358,0.6,0.1,0.0,19,9.870921745965065,0.7843108696222163
7,12,0.10495731135462194,0.8052448453463857,0.8049374458248303,0.13849479351544505,0.17699567893928878,0.07711240024539669,0.04957379765016529,0.1268871096292182,0.6,0.1,0.0,21,8.668880942715099,5.369845285452504
7,13,0.09753404667225059,0.7963715352035642,0.7996938208241157,0.1439507730401565,0.108062389016693,0.07748214898952246,0.05357558873327467,0.1441234316317709,0.6,0.1,0.0,23,9.042421832266822,4.384944420703183
7,14,0.09753404678162621,0.8013185620242911,0.8090139984443447,0.1581729806986425,0.05184727343156959,0.0774821489895225,0.05357558873327463,0.14412343163177083,0.6,0.1,0.0,25,9.042421765856751,4.384944367189931
7,15,0.09753408728036159,0.8013186896677172,0.8090141383044397,0.15817297639743313,0.05185499058660096,0.07748211516207726,0.05357536970533516,0.14412321793421126,0.6,0.1,0.0,27,9.042418042843176,4.384978806427373
7,16,0.0967878336281722,0.7949560998567504,0.79820808682827,0.16626296864054235,0.057115001802484716,0.07659613544681489,0.05839285728426848,0.14240923233394304,0.6,0.1,0.0,29,8.178667996685059,5.675255373736936
7,17,0.09244106889496745,0.7921124718282128,0.7993922941075543,0.1606029247571758,0.10293638921132231,0.07558363327861775,0.053642200812953275,0.1441815723716669,0.6,0.1,0.0,30,8.04765891834521,5.122355934478221
7,18,0.08912469138384062,0.7814606242115405,0.7841407510777476,0.17070011546525912,0.08365596125241549,0.07357841015960635,0.05263081695796382,0.1274810567546867,0.6,0.1,0.0,31,8.105914498280136,5.867535724129644
7,19,0.08922334888235607,0.7814891005352517,0.7841627100171261,0.17701399073323726,0.05055121421605314,0.07382232667389187,0.05271854141338891,0.12828368122303996,0.6,0.1,0.0,32,8.118088143756664,5.924441877894507
7,20,0.08899400086903393,0.7810944636229211,0.783752725972118,0.1768533427792048,0.051792380757384585,0.07376862880806498,0.052074909930851246,0.12442615277527039,0.6,0.1,0.0,33,8.116302840652494,4.574766601367544
7,21,0.1014412579348172,0.7975056604754666,0.8044468009409222,0.20512985692120175,0.06609757618440892,0.0973481951809632,0.04277584689055959,0.10501461856142572,0.6,0.1,0.0,37,7.952575099149418,4.428976475668023
7,22,0.08992627760370941,0.7829319357478576,0.7895998575660025,0.20390670414087747,0.06723251949295854,0.07895582569324497,0.06046884499675107,0.1320018337659151,0.6,0.1,0.0,40,7.623554560021767,4.367822508886692
7,23,0.09019520478056103,0.7898939116869972,0.8050344420823922,0.23667434895686382,0.05994310948009913,0.08835281177177934,0.02793408372354646,0.07618630263726486,0.6,0.1,0.0,50,7.079815916135633,8.306797243115202
7,24,0.09003136878048905,0.7892846333365967,0.804388320139339,0.24982458295807264,0.06137670846716035,0.08845564640150519,0.028379953565924487,0.07439151936632518,0.6,0.1,0.0,51,7.257356049833165,8.474003417411387
7,25,0.08643932065164024,0.7914041180904757,0.8149127134194615,0.2602135844516229,0.10642132316473878,0.08096443585262575,0.061902832755740135,0.16960091899864502,0.6,0.1,0.0,52,9.906818358000846,7.840754328741029
7,26,0.08312548185600133,0.7806230739017088,0.7995593916091228,0.24767551083829642,0.0829327205953872,0.08203281653281802,0.03583121628661142,0.09490613482183709,0.6,0.1,0.0,53,7.676203200216607,6.185388565079297
7,27,0.08857831819283896,0.7890591265924862,0.8122161129872768,0.26658011508237506,0.0824823514688151,0.08890195109154271,0.05913025170346555,0.1308693352639771,0.6,0.1,0.0,54,12.122399202056291,5.523504719806611
7,28,0.08140160143911218,0.7728693831494919,0.7953578695919172,0.2638659981933728,0.15695824379462583,0.0835440008043558,0.059238085899753254,0.13250505360121395,0.6,0.1,0.0,55,10.484238677642733,4.1086919012672425
7,29,0.07298098153984464,0.7487125512538758,0.7701157533912719,0.26289427231511747,0.13505223629252958,0.07802933484984857,0.061578961121397546,0.15804698927102068,0.6,0.1,0.0,57,9.553779246101485,7.474208586971576
7,30,0.07287451733899766,0.7681730342201105,0.8070542214058956,0.3135254229761377,0.05320728693454532,0.07796523735822677,0.06153235662866471,0.158385142608321,0.6,0.1,0.0,65,9.65900842176463,7.383733769348363
7,31,0.07287451683048717,0.7582789802993773,0.7884138528819185,0.31416155470923207,0.052932410263712246,0.07796523865334735,0.06153234606514629,0.15838511828470597,0.6,0.1,0.0,66,9.659007795471869,7.383733559338863
7,32,0.07797569312492023,0.7623825188771924,0.7924512493306368,0.3296832122936778,0.06835745233273814,0.08857557437659305,0.05175375064624458,0.15871697792395717,0.6,0.1,0.0,67,7.985093510307109,6.001995225380521
7,33,0.0759376817609162,0.753969784923768,0.7836226367128803,0.3237501664430566,0.12083922053252899,0.08798920182347277,0.051930698013230525,0.15284505350039782,0.6,0.1,0.0,68,7.935212976119154,5.353467089912182
7,34,0.06815563606810406,0.7526954564953197,0.790877539272095,0.41470670015595335,0.05238038097128462,0.07654897477088701,0.05105772557176992,0.11346170308547103,0.6,0.1,0.0,93,7.72031812979808,3.522127891815758
7,35,0.06785289455891519,0.7497779188183814,0.787794087687771,0.42483862068200096,0.07457760789409337,0.0771662222302365,0.05041085436178503,0.11337087557808698,0.6,0.1,0.0,94,7.764385561939711,3.4012408815019257
7,36,0.06822910225120729,0.7409217710704628,0.7783623027396898,0.43524533619709754,0.1428837945750946,0.08131621946567237,0.04876721371195637,0.11654172799198163,0.6,0.1,0.0,95,8.154055783501368,3.515919944815434
7,37,0.06297466716536317,0.7449089092338975,0.7910556607829283,0.43951954411719457,0.05047274486728,0.07148450200036537,0.05647829292789293,0.12302471497018881,0.6,0.1,0.0,98,9.012263538795304,6.016194906043798
7,38,0.062051562441082064,0.7517188338944534,0.8064794815943793,0.48522307445635626,0.057864158359938786,0.07164471577528075,0.05040084872518519,0.1112067511819721,0.6,0.1,0.0,100,8.7551756684233,5.776780433085665
7,39,0.0630198670891568,0.7553716569159465,0.8143676057270077,0.5080461929765303,0.053131986951014946,0.07371967319302627,0.05178721914261628,0.11177764443369909,0.6,0.1,0.0,106,8.643952641351788,5.4685767109258965
7,40,0.06258168673452523,0.7539821590657751,0.8129203587973545,0.5087285312897895,0.05343247137595917,0.07334442682112884,0.05136107350374166,0.11170839974373377,0.6,0.1,0.0,108,8.739743701527933,5.687374103593038
7,41,0.06278749964976407,0.7535130845733268,0.8124104119209353,0.5088784610469359,0.05524348322433075,0.07398054129960144,0.05079624061706535,0.11202354166824843,0.6,0.1,0.0,109,8.735753531529863,5.636910068225721
7,42,0.061067153921695025,0.7551528500282502,0.8183274323059704,0.5243948394474421,0.06279377283180344,0.07152231116283886,0.051101164994755546,0.11086885017605723,0.6,0.1,0.0,110,8.519856547641128,5.387493176464989
7,43,0.0592303718620514,0.7611095815864724,0.8329041000028488,0.5630352997991716,0.04878779481042691,0.06889130556455626,0.05206738018049388,0.11223878597160716,0.6,0.1,0.0,118,8.536343083096689,5.467432440506927
7,44,0.058947088262162994,0.7553122357587797,0.8267775402521982,0.5660503152484571,0.0967003756019986,0.06924885346374085,0.055898557939601544,0.1123647207412564,0.6,0.1,0.0,119,8.50041823266365,5.9578104148334265
7,45,0.058030057211524946,0.7480259854899254,0.8191156112090276,0.5606222173461138,0.10384911521841562,0.0697794627319128,0.05282634811386895,0.11260749055878719,0.6,0.1,0.0,120,8.202303208972646,6.655691475440466
7,46,0.05786161582950616,0.7571034956072744,0.8369014572639579,0.5919265521532141,0.04899512775149086,0.06966252205982731,0.05274174987780396,0.11258217119832985,0.6,0.1,0.0,123,8.213448454128685,6.571878271685536
7,47,0.06065572437578413,0.7691258060596701,0.8576310899570145,0.6430141259134736,0.050933367775242974,0.07450187472262416,0.05256818678197187,0.11382021137930524,0.6,0.1,0.0,130,8.00764141345311,6.6838430456405264
7,48,0.05656100183175598,0.7718693717731223,0.8689426608850168,0.6556445588209858,0.0501338817204723,0.0681820195738393,0.05361628737794503,0.11226481627703282,0.6,0.1,0.0,137,8.260740925478506,5.06311580087056
7,49,0.056842237699076106,0.766988380200465,0.8596759951899224,0.6597513281923719,0.04749981652006941,0.06852746284501428,0.054637071082407694,0.10960076609411588,0.6,0.1,0.0,138,8.342688119527654,5.002945101028787
7,50,0.05936042844364517,0.836623758615035,0.9904112577889911,0.9704929829368446,0.04980847111979899,0.07278294389939348,0.057036506462694724,0.12140799241455746,0.6,0.1,0.0,184,8.128810961932999,5.935022543575888
7,51,0.058317514716760874,0.8279483365711721,0.977207280502836,0.9635199075636263,0.06040941106843575,0.07163661354814845,0.05681346899059091,0.12120989072742645,0.6,0.1,0.0,186,8.168294465214226,6.063920949400146
7,52,0.05813675774064547,0.8271189474622329,0.9763404709831698,0.9657455677252081,0.04995100416602128,0.07169640982093813,0.0554320487735255,0.12234415573290698,0.6,0.1,0.0,190,8.127356637796327,5.961516028211886
7,53,0.05963633139265713,0.8172239840697407,0.9494402526934406,1.015815979918785,0.05244595706472084,0.07250826824310426,0.05480900204120821,0.1198769713119989,0.6,0.1,0.0,197,8.178100263939033,6.0322842673987065
7,54,0.05928531521875663,0.8249323119302759,0.9657877962202823,1.0488809347438628,0.053599277003213625,0.0725371593699844,0.05358639121872094,0.11991225057504222,0.6,0.1,0.0,200,8.137907346026473,6.210807227217639
8,0,0.5674370033239579,0.9490649329729045,0.9464428449749758,0.05291245495883371,0.0,0.0,0.0,0.0,0.6,0.1,0.0,1,36.85598485370545,74.12086675018315
8,1,0.39485284997098485,0.9444020795138376,0.9396771664997401,0.08368261421805649,0.1951924285641565,0.06029710073773849,6.958191302224999e-05,0.00010015532133674,0.6,0.1,0.0,3,25.566581488172105,48.07736696701467
8,2,0.24654176810643147,0.9044363374608977,0.9015385643836751,0.08250265680509428,0.23325290592513304,0.06783238575064537,0.00030038787559923,0.00043237449071976,0.6,0.1,0.0,5,14.47361225063526,23.85550515425613
8,3,0.16403075275932644,0.8595225776243205,0.8541846621747304,0.07806028957077989,0.22785921198314002,0.07184028711340389,0.0011157495522214201,0.0016059957261929099,0.6,0.1,0.0,7,5.344091708126863,5.590613908151628
8,4,0.1613052654332687,0.8535201293304256,0.8435298516767474,0.08253131070553146,0.06855825145420182,0.07919107588994934,0.00069361102702748,0.00105344921760755,0.6,0.1,0.0,9,5.139170125963426,3.890182350279061
8,5,0.16209629253990243,0.8546131301047641,0.8445650993848173,0.08844785291553121,0.05853707893321237,0.08293451012462796,0.00038735041537904,0.00056556971299061,0.6,0.1,0.0,10,6.536017653976748,8.324203515290366
8,6,0.15197885147049264,0.8508380495351211,0.8448385953532984,0.09432836048695135,0.096622385228538,0.07874399221354599,0.0013557443135494098,0.00201050390251647,0.6,0.1,0.0,11,4.236156627383089,2.007804560444061
8,7,0.16495649719355437,0.8592947873387576,0.8487738457574251,0.11539796143575712,0.08594427868096428,0.10561026572535326,0.00301239207686109,0.0041754402331896905,0.6,0.1,0.0,12,8.49746600200481,7.034204270311475
8,8,0.0983835326785908,0.7907467139638394,0.7857011706871897,0.08737684695159943,0.5434272648094364,0.07906597816393057,0.013239849712391841,0.01927933245858076,0.6,0.1,0.0,13,9.220705403370864,3.4829969998162675
8,9,0.10494548482310449,0.7799214738681413,0.7771666700138555,0.12976022377962912,0.11281037434944817,0.11860830461984283,0.0227832112778927,0.03357267750933271,0.6,0.1,0.0,21,16.079157236452705,0.4077104649936669
8,10,0.1152413389496724,0.7881012096148503,0.785179489762444,0.1221375769137712,0.09748266079257413,0.13757781987027587,0.0231870123661922,0.03480655649215076,0.6,0.1,0.0,23,16.93329410136111,3.409286369376679
8,11,0.10409168768359651,0.7804814587514617,0.7818228400108314,0.14476631992850023,0.0785973256571952,0.12002365648474794,0.02422193744460435,0.03566207660999976,0.6,0.1,0.0,27,16.807631512921873,0.4303357698338678
8,12,0.11669100291022724,0.7921961627448233,0.7934694092508786,0.16326051448894405,0.09781442092063926,0.140181230488715,0.03366088367866243,0.0494085533677438,0.6,0.1,0.0,28,20.57949136764161,4.011176878280792
8,13,0.10414126862130504,0.7795934849603104,0.7808627670186565,0.15000156758174804,0.07552207630916277,0.12089673255555537,0.024111613089970722,0.03550327713597452,0.6,0.1,0.0,29,16.575748624084717,0.5370169308756346
8,14,0.10525294055523655,0.7779479236543444,0.7790080777825207,0.15907224347062116,0.09321630631147848,0.12429229255992551,0.02790467035188377,0.04103849564767447,0.6,0.1,0.0,31,18.373426036927054,0.949020209495103
8,15,0.11135381226587392,0.7823480563954832,0.7832817498087115,0.1716363731389753,0.10326775101338377,0.13601939586770745,0.02610885804713543,0.038777707123711154,0.6,0.1,0.0,32,18.121756889260464,2.004148315606108
8,16,0.11608286436962328,0.7883333330039916,0.7933703027141824,0.18892951978804243,0.11091578148542856,0.14617996628327867,0.027954030537910252,0.04169080724039785,0.6,0.1,0.0,34,19.692947663798307,1.6692943042082289
8,17,0.08125167304355844,0.7577310683681593,0.7670893321054076,0.21727344037613477,0.056487710037789886,0.08862902620410151,0.02784352307741672,0.0383508842454453,0.6,0.1,0.0,49,5.580187450838534,34.033606829883745
8,18,0.07830377234457915,0.7615747753491201,0.7794584643148633,0.25016385496141796,0.05896814342753493,0.08586889902160155,0.026809121198740998,0.04645876276475385,0.6,0.1,0.0,56,9.974859752474512,34.37853486380139
8,19,0.07927329530984283,0.7543181227190082,0.7675993027431695,0.2565464947697412,0.09101914498215095,0.08908868733942735,0.02894556847054678,0.04238649606218002,0.6,0.1,0.0,57,4.72790580697454,55.027501997423016
8,20,0.07835884198312346,0.7357502257669308,0.7397572466497536,0.25136279655364957,0.09784216428406221,0.09214475362606513,0.026404201749136158,0.06950596443524429,0.6,0.1,0.0,59,7.570695344606321,249.80224079951307
8,21,0.07157724235497001,0.7317065996336254,0.7399395664646105,0.2702334039025211,0.05927193311467314,0.08173766372703145,0.02753643612840595,0.058301839241870324,0.6,0.1,0.0,62,5.009602393312781,33.75192619275093
8,22,0.07228367125982388,0.7217839591643604,0.7293278029194168,0.255796574255239,0.10728471261431807,0.08624820180649151,0.0351119024230246,0.07454856088661165,0.6,0.1,0.0,64,4.816383877333001,25.15552239168223
8,23,0.07110982269658413,0.720599827507323,0.7322037750280279,0.2682413654330515,0.07888516477670231,0.08622891794911318,0.03473064821556141,0.07418763746375659,0.6,0.1,0.0,66,5.198065856873153,27.440367845522
8,24,0.06707646445015995,0.7210143061272193,0.7369601394693024,0.2823889913003268,0.05364724599903531,0.08009284076194056,0.0322934110397152,0.07480516256410875,0.6,0.1,0.0,68,5.01594826525627,22.919864663088127
8,25,0.06591931750298011,0.7067422774877679,0.7137410814263133,0.2928782160530256,0.08123107762481226,0.07906981218906182,0.03364224076335068,0.0743391650420628,0.6,0.1,0.0,69,5.406407716224507,25.83094470487587
8,26,0.06571319884549455,0.7154050188257342,0.7310867605687014,0.30809410027043715,0.053185150887774695,0.07906981218906182,0.033642240763350664,0.07433916504206275,0.6,0.1,0.0,73,5.431053450286647,26.30770034079409
8,27,0.06532854570418828,0.7095935337130491,0.7208724245572539,0.3050469468111584,0.05504354021885758,0.07862308833183605,0.03344604735765042,0.09510155734781309,0.6,0.1,0.0,74,5.512317053760289,61.95466246566777
8,28,0.06556108295279127,0.7183842810629085,0.7383271836645673,0.3322857076585444,0.06342541473114635,0.07975046293797197,0.03163602894858083,0.07060947425186168,0.6,0.1,0.0,75,5.367941618085377,27.33736287775656
8,29,0.0707157930516714,0.7159674899716358,0.7313762836351694,0.3476165932193378,0.061539031807875615,0.08615057057508935,0.04980313713179374,0.2856127206921131,0.6,0.1,0.0,80,5.997949642928833,18.97210707363988
8,30,0.07040076336263051,0.7290164084753855,0.7574545556685108,0.3129416785055009,0.07028338725550148,0.08611067490399912,0.04963195569281323,0.2855118119581668,0.6,0.1,0.0,81,6.006555837696137,20.006944530065105
8,31,0.07013454465298236,0.7182506889265002,0.7379056760463745,0.35858278503148033,0.06202077616141913,0.08596020728273675,0.0489706496882102,0.2844176176952904,0.6,0.1,0.0,82,5.794393042134325,14.026752471685498
8,32,0.0688744490907279,0.7144277160075215,0.7339273040694468,0.363763633364044,0.07917717197944722,0.08540533933684508,0.04425532539472584,0.2364682180077769,0.6,0.1,0.0,83,5.790024744131643,17.22808814737363
8,33,0.06811415772551237,0.7377165835067256,0.779040420790738,0.33304221119791755,0.06143214444309804,0.0855320871299826,0.03710668265394884,0.1567274129053458,0.6,0.1,0.0,84,4.790231031844618,25.27097402603423
8,34,0.07076730977438343,0.7194804961954304,0.7432454435457043,0.3806495443603235,0.06116550236664161,0.08839300661323062,0.04832628852467241,0.2839665230645227,0.6,0.1,0.0,87,5.700275481297845,11.842284938690044
8,35,0.06868398863115627,0.716831906053628,0.7405628598095871,0.4098991692276062,0.0576496039625964,0.08748257027438687,0.0339094138855377,0.095679657442943,0.6,0.1,0.0,92,11.25573329155366,77.9428649062866
8,36,0.06328252573296075,0.7267440567014966,0.7676997804056818,0.5038414715289855,0.05344669755164591,0.07808279209665929,0.04358359809920845,0.24202712112894095,0.6,0.1,0.0,111,8.746495961721356,32.508782841296004
8,37,0.06568423003105202,0.7208463720921336,0.7613118576969198,0.5184923381557759,0.08828792479661007,0.08402731692416916,0.04417049209603095,0.16185666201757648,0.6,0.1,0.0,113,9.26815010540117,33.32858991938797
8,38,0.061823067185663466,0.718772626753814,0.759343048248439,0.519313160428862,0.06938920499112469,0.07626209401281218,0.04963702615489904,0.18433069423984247,0.6,0.1,0.0,114,11.673862948200629,55.826209180355406
8,39,0.061524440142705174,0.7192696891931589,0.7639697119762827,0.567666091582311,0.05246933885698259,0.07418299273013541,0.06492704890121972,0.18246748328559861,0.6,0.1,0.0,124,11.943530539892109,131.31144823157334
8,40,0.0612188223174717,0.721543392117767,0.7704789555589311,0.5874662458911266,0.0592565077231517,0.07418299273013544,0.06492704890121972,0.18246748328559861,0.6,0.1,0.0,126,11.917883422395398,131.93522880602015
8,41,0.06698390978026475,0.7264283511222404,0.7671459007278113,0.5823080464282234,0.07984954973495023,0.0844071124159323,0.0487478442322712,0.12592490651170016,0.6,0.1,0.0,128,11.761081121871156,126.53203101395218
8,42,0.06437093039541057,0.7300407156061068,0.7752070419965247,0.5931808201623453,0.05474240148519236,0.0802980823404127,0.04536457501852534,0.17534136280786541,0.6,0.1,0.0,130,15.04905104963631,105.95419635373445
8,43,0.06443258481090516,0.7298921867650505,0.7791276762953041,0.5986245102136282,0.06536762223040608,0.08058828661163896,0.05172134024734863,0.1499978278827961,0.6,0.1,0.0,132,13.768852977066736,154.04353250370795
8,44,0.066738809423119,0.7539961687513191,0.8126843495415417,0.6621690165404739,0.05460048202363972,0.08253699043687755,0.04491324863257893,0.12344713004012495,0.6,0.1,0.0,139,15.460131884799884,129.12090157762543
8,45,0.06666253300397539,0.750633191672613,0.8091246360791485,0.6520583821722459,0.06300704633850777,0.08223219105875104,0.05132801101300745,0.1559582860711143,0.6,0.1,0.0,140,16.688305497240716,142.3696224550865
8,46,0.06632414171812681,0.7545282262326751,0.8173503180770125,0.6651257081059967,0.05936208272887747,0.0824022986121296,0.04804859139023391,0.13968455048408943,0.6,0.1,0.0,142,15.993488359580018,139.12900122701222
8,47,0.06276387994092,0.7268155891981752,0.7882298626970987,0.6924655535376305,0.056896536215942733,0.08212668993453569,0.046047698435821585,0.18511965069961386,0.6,0.1,0.0,149,16.066556254556332,131.83203601514214
8,48,0.06549850994310384,0.7480138207690249,0.8104989849696013,0.7349474042277928,0.05430740084517294,0.08068722725119662,0.058645165420508814,0.1223386399028017,0.6,0.1,0.0,158,18.46478397731853,59.03322927237307
8,49,0.0635031079438879,0.7714150615729833,0.8435742213935855,0.8072716585729032,0.05063612871782234,0.07305377321378505,0.05931174510990985,0.14174985136624244,0.6,0.1,0.0,169,14.506437253569905,27.30199210237972
8,50,0.0675776059043939,0.7704504358691148,0.8382308191001907,0.8162051397446107,0.05642635778633074,0.08125243814337776,0.05103123168409261,0.14833403664710768,0.6,0.1,0.0,174,13.669484210969436,33.36277053431298
8,51,0.06725689393610697,0.7746578191503068,0.8467859027406694,0.8417833671344929,0.057334877475812555,0.08054567183912158,0.05282583666016105,0.15686905306527027,0.6,0.1,0.0,176,13.317038659804425,29.86190854893663
8,52,0.06671802017131995,0.7666173740261237,0.8342174418217974,0.8233501918386467,0.05639268484662087,0.07991170150069848,0.055775087339894266,0.10210772611283916,0.6,0.1,0.0,177,14.667578034879682,59.6183759850289
8,53,0.06586829212897716,0.7729461317572432,0.845054579253067,0.8526122513315345,0.052669814781104385,0.07689493447678505,0.06142805365747248,0.16696366616688757,0.6,0.1,0.0,180,14.684451238852896,27.88974027533424
9,0,0.679517981378531,0.9651157840244157,0.9633199293432841,0.056454792891982505,0.0,0.0,0.0,0.0,0.6,0.1,0.0,1,24.77598996950845,66.66992170235918
9,1,0.4870163170705454,0.9775240780427082,0.9736821418296971,0.1034360553413411,0.2068708369504512,0.08691215950943622,6.980079980692001e-05,0.00017321880760158998,0.6,0.1,0.0,3,17.407742336724482,40.70188949203178
9,2,0.3704717106523508,0.9727567044166615,0.9669886686488152,0.13028564172741716,0.376098764570587,0.14092438912682378,0.00247895554365826,0.01800014749086759,0.6,0.1,0.0,4,16.369557592780737,39.98085503846906
9,3,0.25113933841091807,0.9168022476081913,0.9135796365335415,0.09978486375264492,0.3358162052522179,0.0989328518436108,0.00045438336046557003,0.0011276051866392699,0.6,0.1,0.0,5,9.212405360363892,12.116048400057236
9,4,0.253840024899799,0.9236368539871924,0.9155966875542446,0.12004750725768012,0.14701987000455216,0.1326075919977118,0.00255029289813471,0.01817739940127271,0.6,0.1,0.0,6,10.262163018667394,47.00879775371343
9,5,0.1743993425950792,0.871754740021184,0.8661010452889377,0.09505177215706574,0.3620316210236495,0.10243782593714651,0.00119667718829502,0.0029696937028498597,0.6,0.1,0.0,7,5.276635422352604,2.8504646017212094
9,6,0.17115450327611673,0.8641366850430672,0.8539920318333841,0.0954842611614959,0.07010765204513937,0.10188319420179108,0.00069954455273875,0.0017362211788195501,0.6,0.1,0.0,9,4.892690748467773,2.2338794984710004
9,7,0.17115411634019614,0.8690834099212389,0.8633118843476199,0.11137637889478826,0.06120131378870823,0.10188319420179097,0.00069954455273875,0.00173622117881956,0.6,0.1,0.0,11,4.89315838854505,2.232074341582984
9,8,0.15738929118289552,0.8520980915058312,0.8414151292222793,0.10340530392672685,0.10032179290888088,0.09915943510030001,0.0012233997158394802,0.0044039288721684595,0.6,0.1,0.0,13,6.584730079188401,5.085833223147093
9,9,0.15175490408432107,0.8517225279977527,0.8452001194941375,0.12145983954480695,0.06916728614285463,0.09719378634418262,0.00108618506759151,0.0022741157727990302,0.6,0.1,0.0,16,4.236985915743516,6.606922121931167
9,10,0.1487316157209525,0.8487420293091336,0.8418537533107209,0.12116368841523484,0.11780551929618663,0.10402219264041694,0.00138615070437529,0.00457440557999547,0.6,0.1,0.0,17,4.496614624514434,6.030419316978683
9,11,0.1446949256456049,0.844557078888627,0.8375115141980853,0.12941699763812736,0.0673695712426015,0.10198803268164496,0.00229517338996383,0.00747152943532967,0.6,0.1,0.0,21,4.230717610032851,7.213741629467561
9,12,0.1395060503921444,0.8389026839507128,0.8315940065242751,0.13254991195327248,0.10067173142054767,0.10103519280153028,0.00257845700049023,0.00883119518293767,0.6,0.1,0.0,22,4.759420445963913,9.065156345275216
9,13,0.13584011927580034,0.8449470670009724,0.8463087073514054,0.13770200127749926,0.064249275469761,0.0972283186761256,0.00168345764098062,0.00360619668699977,0.6,0.1,0.0,24,4.732785073963191,5.593642469156197
9,14,0.12500861727237458,0.8327339484454112,0.8336755409125792,0.147798519143053,0.08624518868089276,0.09026891879068658,0.00290600488291101,0.01956378526565846,0.6,0.1,0.0,26,7.253113565681444,14.203853684998997
9,15,0.11799722122866003,0.824182163392209,0.8247887295841358,0.15253322482440837,0.07771432684234897,0.0868416538147599,0.0030339522187521903,0.01312053152512899,0.6,0.1,0.0,28,8.753963223023158,6.885251724137478
9,16,0.10794651044890403,0.8034001250888677,0.8025176384593088,0.15149642190482077,0.1731570620739759,0.06246112451617926,0.23074771079669945,0.10985918266957614,0.6,0.1,0.0,30,6.162112701238446,32.94098069061416
9,17,0.10636821494531537,0.8064197476811599,0.8098717485969134,0.16978653576476999,0.062328951476799156,0.06387709520515947,0.2104907412885652,0.1231670292128468,0.6,0.1,0.0,32,5.710485035253428,26.180098640023044
9,18,0.10559171486498486,0.7983113551553926,0.7971383833545351,0.15894091066385554,0.08010356578422084,0.06460005300251508,0.22345327650375246,0.21332703893077848,0.6,0.1,0.0,34,5.478448412789279,62.41113671974222
9,19,0.10516311248880153,0.8027760412406847,0.8059707041581606,0.16731394340525477,0.061148096173013824,0.06325103827177321,0.2277971746026969,0.2029596919464526,0.6,0.1,0.0,36,5.617126300157925,60.37425427672207
9,20,0.1576309328598377,0.8521627670284075,0.8550508155672514,0.2299861713747396,0.1392585735334491,0.1868016357448308,0.039922602178438696,1.0,0.6,0.1,0.0,38,4.8209513224576686,11.352119864271332
9,21,0.15757915543226858,0.8520006605629605,0.8548780619264805,0.23286642543594988,0.1177268540654238,0.18688867314520344,0.039846109910543034,1.0,0.6,0.1,0.0,39,4.822906630323058,11.340073081077342
9,22,0.45440263234998124,1.1476219825582301,1.150384809718102,0.5302229867488378,0.43129307877359546,0.6847159628224972,0.03135347595362883,1.0,0.6,0.1,0.0,40,4.82356067124267,10.557139437733102
9,23,0.06319442418963692,0.7440708275230428,0.7497498771256365,0.15862212462585892,0.2541056425557599,0.053027642762671856,0.01951478781570419,0.04869638243184038,0.6,0.1,0.0,41,5.30893169121842,275.71826310365464
9,24,0.055640893396102564,0.7199322769811372,0.7244076649167336,0.16453340815771367,0.07852148798978308,0.05157318304972777,0.020673938968435827,0.051318463963599625,0.6,0.1,0.0,45,4.956482161317294,268.4899022349436
9,25,0.05550458563119953,0.7243397701989412,0.7331605325791661,0.17384576164946972,0.035105245989448974,0.05157318304972777,0.020673938968435827,0.05131846396359961,0.6,0.1,0.0,47,4.972818601809011,269.36996461878203
9,26,0.04778721876674816,0.7179415946012564,0.730887863556883,0.1912126396545915,0.031159329420146042,0.03993738921697083,0.025147638348447382,0.09286191121602513,0.6,0.1,0.0,55,6.346108501784418,434.7943758164517
9,27,0.05021072230093206,0.7216781122078518,0.7387535886276273,0.2067188500501367,0.04844998168951801,0.0458558883892332,0.02491747218100896,0.08727554243243293,0.6,0.1,0.0,57,6.224068513767196,274.3517746898047
9,28,0.049223868424818164,0.715537897687159,0.7282264725599487,0.20573499628729472,0.03116013500420113,0.04447877312547821,0.02391670409347865,0.08292466007254908,0.6,0.1,0.0,58,6.092360087872367,274.027621714111
9,29,0.048968727100729185,0.7175037724397721,0.734385166650293,0.20863806737825044,0.05687293711287202,0.045018068113746465,0.02590229842382185,0.09542138942673428,0.6,0.1,0.0,59,6.401577346999535,430.574121911014
9,30,0.049835369631887894,0.7124502629154081,0.724894471545925,0.21266823813564137,0.04049413381914832,0.04707805308839173,0.02491570766362191,0.08406496276935689,0.6,0.1,0.0,60,6.045828665043998,270.23315147137583
9,31,0.05022110808094119,0.7144138969601084,0.731011971386261,0.22308713931819074,0.048567124817497795,0.04915783559158391,0.025201517968410657,0.0836435426874323,0.6,0.1,0.0,62,5.773961063503742,266.1808529767633
9,32,0.04919208994819193,0.7125981257322715,0.7291453710517977,0.2284654910272877,0.03374387568442826,0.047776395109691935,0.025204271702237928,0.08725952309880271,0.6,0.1,0.0,65,6.1304630461882645,266.2949900698613
9,33,0.050103012625916085,0.7181024594168942,0.7390000676130314,0.2396073177886067,0.035637825474104975,0.04958416010616805,0.02436137992841938,0.0843889705754961,0.6,0.1,0.0,66,6.554858863044822,271.6697461276045
9,34,0.047624561855600114,0.7179768834839493,0.7430812137991022,0.2606192145843811,0.04293141432975158,0.04652382827201399,0.02432821989887565,0.07685452948458409,0.6,0.1,0.0,68,6.1200540336138936,269.20891993920554
9,35,0.049212301739362696,0.7181905381938753,0.7432072985006026,0.26548241249270593,0.03888336527270851,0.049900799159890215,0.02321381907593619,0.07823389944003248,0.6,0.1,0.0,70,5.709238730177599,280.5244586863283
9,36,0.049411908209712925,0.7128197264954569,0.7334237204890912,0.2689843244125944,0.03860131945942307,0.050451706723573846,0.023364021217707,0.07285573702677026,0.6,0.1,0.0,71,6.460207120487788,274.65493879871315
9,37,0.0491598069628074,0.7263529825851573,0.7600095857540055,0.28604635960333624,0.034620496277493265,0.05023646576317446,0.02456792425495109,0.07411678262961652,0.6,0.1,0.0,76,5.930200089401304,279.485433334391
9,38,0.04578962849587746,0.7163934041278407,0.7455732297878123,0.30017814935445586,0.03743371507389732,0.045292191408138296,0.02423384630709818,0.07574948413665303,0.6,0.1,0.0,78,6.855125409072874,273.4594862253422
9,39,0.0456488486818286,0.7153288957156896,0.7444506684056658,0.303419635915245,0.03845529199764472,0.04529272210841888,0.02486426469683927,0.07581707055315198,0.6,0.1,0.0,79,6.375807190992344,274.12510127364885
9,40,0.04399261963961432,0.7019613796759738,0.7262896812989995,0.3427754433893637,0.03518423091982596,0.04400940525477516,0.030009541417888818,0.10983910973349124,0.6,0.1,0.0,90,5.507221400790931,411.8264137200207
9,41,0.04441167607285457,0.7045120515691886,0.7330407839231564,0.3463193428258809,0.03907330653905048,0.046147964446648856,0.02676432348834673,0.08050204565833378,0.6,0.1,0.0,93,6.1042105955431865,278.38286389095293
9,42,0.04306401030656648,0.7377718060930403,0.7969113570182969,0.45904032226603614,0.029029622396661806,0.04378748123206038,0.02749020223458475,0.08424597763556176,0.6,0.1,0.0,117,6.023505765160172,271.80785568070894
9,43,0.03910771656510795,0.7233124677378339,0.7818178971149657,0.5130603279319742,0.03372978526606089,0.03992383086841549,0.029256091809803007,0.10536765937353958,0.6,0.1,0.0,131,6.061967924982794,422.0280132603078
9,44,0.039081453487713136,0.7280419912346311,0.7909091577022955,0.5379152154470714,0.0273155884249875,0.039936067094194026,0.02922399392640871,0.10540176312555034,0.6,0.1,0.0,135,6.066609178004544,422.0493598065548
9,45,0.04214812918734661,0.7291945203190913,0.7919477416562765,0.5505706471268442,0.03886658429204226,0.04534698146696204,0.030421000023612838,0.10976085151185408,0.6,0.1,0.0,137,6.133711633169847,433.3515231151831
9,46,0.039789978087928154,0.7201203378915816,0.7783954566290965,0.5453672664565999,0.036096357951696745,0.04191833745370143,0.03010488377948589,0.10603257398829982,0.6,0.1,0.0,139,6.155347818501586,421.3095999746592
9,47,0.039786999063619655,0.7250445586137029,0.7876916804397607,0.5696169073384272,0.028250207386705837,0.04191833745370143,0.03010488377948588,0.10603257398829993,0.6,0.1,0.0,141,6.156499953087764,421.5188941746187
10,0,0.4440037504736128,0.9272222953174825,0.9234757190947936,0.048091835291188496,0.0,0.0,0.0,0.0,0.6,0.1,0.0,1,46.726318590188576,72.64353685911216
10,1,0.3310504017851025,0.9371212744305832,0.9312636605471031,0.09354709592700194,0.21053761759626533,0.0848363785253764,5.442359121395e-05,0.00013818142504119,0.6,0.1,0.0,3,32.09746422466979,44.805966130106256
10,2,0.29749093922841496,0.9306126075019912,0.9240253149252101,0.10054191878690132,0.1689198412121477,0.0973886013712764,0.00139115910214638,0.00492090482235465,0.6,0.1,0.0,4,20.8663561576232,40.27126474542149
10,3,0.15680727388314888,0.855917236437923,0.8498325134207241,0.08222903017073643,0.639488120615171,0.09009033523242359,0.00063110436873571,0.00150515189251443,0.6,0.1,0.0,5,9.411551334614328,9.675113458357927
10,4,0.13914283817762788,0.8391013423831021,0.8321450444753692,0.08468716923596348,0.12012807955049318,0.0901646361724711,0.0013342296037424,0.0031593023073867403,0.6,0.1,0.0,7,7.675182003390982,5.525164841294113
10,5,0.13913883425780635,0.844044160879469,0.8414608136583328,0.09251765700716269,0.05424846722647442,0.0901646361724711,0.0013342296037424,0.00315930230738671,0.6,0.1,0.0,9,7.69645150013191,5.5442872357019946
10,6,0.1367811502110762,0.8464311820166563,0.8480565944186426,0.09853065709358026,0.06730011117827552,0.09121561672850072,0.00137003746669513,0.00323193516456452,0.6,0.1,0.0,11,8.621504068784873,6.748524489344161
10,7,0.3361770084741905,1.0308393852251194,1.0260716823016762,0.3232706294834391,0.4362176275895468,0.4712372683582931,0.0071703637389948,0.16995516699050714,0.6,0.1,0.0,13,14.92018569532403,3.6474808487984616
10,8,0.2723072953036206,0.958777807027581,0.9530995959899045,0.26738255624343155,0.2979124211872798,0.3799761592129563,0.01098861735114839,0.1258010517953993,0.6,0.1,0.0,15,15.867242285136692,3.890998531238156
10,9,0.30795736824039227,0.9975978264045772,0.9961180962930146,0.3295248996767252,0.27075406077090924,0.4418638462555444,0.0123262346992908,0.14484879084353913,0.6,0.1,0.0,21,21.43645853799842,5.614472926423354
10,10,0.21328193972841245,0.8926515995109132,0.8863065848739743,0.2350527288438132,0.2503330120015275,0.2913526692384709,0.010994799264987951,0.09236984936557983,0.6,0.1,0.0,22,23.532199183942943,31.52344484228824
10,11,0.2216583253963204,0.9026497768990562,0.9003849802453988,0.25210541281459875,0.20931446125258443,0.30932901364859045,0.010554408244275811,0.08950663172645197,0.6,0.1,0.0,24,21.49039055586961,5.718976935412739
10,12,0.3073143556315172,0.9995842492985628,1.0061886996707403,0.35282429336709203,0.2800576557012702,0.4484790251856734,0.022181475497095197,0.2051694707265675,0.6,0.1,0.0,28,4.314459703018295,9.516864057103156
10,13,0.33230335882164685,1.0063539756765998,1.0035243029349101,0.38114775631791126,0.3511479108227751,0.4973561629945653,0.029162255133593988,0.3570213442502289,0.6,0.1,0.0,29,42.77081720549028,23.649822466108315
10,14,0.33204505854174204,1.0096588006190956,1.0110950734225628,0.3892974074005827,0.30968062787677486,0.49811990874324696,0.02898575930143934,0.3592355280126024,0.6,0.1,0.0,31,42.992444068469126,23.22134027683135
10,15,0.5374547370047336,1.2370462762646859,1.2404488532353999,0.5897997873400416,0.6108122894461556,0.8122286413535296,0.0362458814844838,0.5735172961923596,0.6,0.1,0.0,32,46.3955630162945,4.495658291391154
10,16,0.5372554739823928,1.2416084395562765,1.2493643779282533,0.6066306880052066,0.49182067337825935,0.8122286413535297,0.03624588148448386,0.5735172961923597,0.6,0.1,0.0,34,46.32534910631418,4.508210224802469
10,17,0.49483213947757887,1.1610884957164604,1.1616769162101759,0.5707526278048676,0.47630577151705705,0.7779296530259615,0.02912032090323622,0.6978920957826114,0.6,0.1,0.0,35,39.74707929017498,15.121716048228302
10,18,0.5543193646605518,1.276782282087922,1.2907092933117505,0.6183645263724594,0.5440071057919035,0.8021616317657043,0.04966820105653297,1.0,0.6,0.1,0.0,37,45.53015932919569,11.83421200471915
10,19,0.5118013263637013,1.1920002648996657,1.2056438770792035,0.6077846596516044,0.5368419915434475,0.8041286189717548,0.04512402108169236,0.9563533452840982,0.6,0.1,0.0,39,6.6137222039027295,10.67098917216826
10,20,0.5279417250672244,1.2073702929833634,1.2209590667957828,0.6366035662899467,0.511465859867533,0.8300396797618617,0.05400896080480705,1.0,0.6,0.1,0.0,43,7.614722496619112,9.170410534257062
10,21,0.5245288257498811,1.2007608978585755,1.2141246592210442,0.6397120776034035,0.509684393712795,0.8278501147741208,0.0447636795967633,0.9770771782995826,0.6,0.1,0.0,44,7.242503847845169,9.239507963088702
10,22,0.548634760907163,1.229192252848557,1.2468858772725073,0.6730562832262741,0.5403942617361011,0.8669172318807571,0.05361543466064399,1.0,0.6,0.1,0.0,47,7.602757708405148,9.842165187818193
10,23,0.5342081911942499,1.2186607325653578,1.2406544508275055,0.6839906086516415,0.5195445916755819,0.843400637382553,0.05412234040725363,1.0,0.6,0.1,0.0,50,7.957008508336339,10.015007024484518
10,24,0.5478743919934957,1.2307927155185476,1.2526808678500005,0.7010357782026246,0.5331359069474513,0.8671198463398602,0.05363504324337447,1.0,0.6,0.1,0.0,52,7.728673160572756,10.020620892067951
10,25,0.3032579582738736,1.0123989799726367,1.06433352690499,0.6711655288181541,0.2850312166819453,0.455569914882211,0.10260173238702941,0.31978401431338704,0.6,0.1,0.0,94,8.526796667618946,5.091393243759581
10,26,0.30325793013483876,1.0123989513820706,1.064333498314424,0.7131511995847971,0.2836021279310323,0.4555698621083182,0.10260176312472429,0.31978421065837664,0.6,0.1,0.0,96,8.526796987383014,5.091393608168816
10,27,0.3026256950723756,1.0106740917990296,1.0625366036358326,0.6857079564629673,0.2910132635326701,0.45491720396717095,0.1032656632771101,0.3238197685044416,0.6,0.1,0.0,97,8.523383082608737,5.116050764099904
10,28,0.30203514193621894,1.0113435006853873,1.063288927746277,0.6993648728616433,0.29054475872287444,0.45337370277970324,0.1031113691011339,0.30518060991060586,0.6,0.1,0.0,100,8.462348372631428,5.231215323801453
10,29,0.30258261444135837,1.0101917022300186,1.062025289326428,0.7035764722589211,0.29751830016916114,0.45512064233404426,0.1028321736276985,0.30229790860159794,0.6,0.1,0.0,101,8.49413482617553,5.191661007416988
10,30,0.30155620374907266,1.0087709539337506,1.0605784456125043,0.7172661985992553,0.28903623432678144,0.45359764863617097,0.10283811848730809,0.30156992659028714,0.6,0.1,0.0,103,8.453147056812428,5.262122151015274
10,31,0.30061293409817275,1.020559299503001,1.0894031435922857,0.7791807679056058,0.2839518992018422,0.4551317586985048,0.10227107798994214,0.3022520555648703,0.6,0.1,0.0,109,8.486965835244542,5.183700526255868
11,0,0.912045700433726,0.9913226238838222,0.990875913310513,0.06223859912005884,0.0,0.0,0.0,0.0,0.6,0.1,0.0,1,5.100156098832262,60.4501209173922
11,1,0.6417943197020932,0.9986875855724834,0.9962955436905514,0.10265116176294113,0.19225224046788797,0.07524279931697606,8.223195748334e-05,0.00013519524378213002,0.6,0.1,0.0,3,2.885247160831261,39.13541924647727
11,2,0.22094112144183387,0.9012217594493452,0.8972460803269754,0.09564053943282658,0.5093065839559906,0.09722594384025227,0.00117909825247948,0.00245024547356692,0.6,0.1,0.0,5,2.017008302095852,4.112741512624897
11,3,0.21335452723136109,0.901801375926441,0.9019740057535905,0.09954572974044644,0.07502702864996005,0.09722594384025227,0.00117909825247948,0.00245024547356692,0.6,0.1,0.0,7,2.703665625990078,3.124493664373309
11,4,0.21318394935583102,0.9017031691104351,0.9018707260817321,0.10282577917181629,0.059217364574741825,0.09722594384025227,0.00117909825247948,0.00245024547356692,0.6,0.1,0.0,8,2.6370232092766805,3.182103637804846
11,5,0.14784413935046475,0.848368153195816,0.842082859615638,0.08815152510290325,0.37147733944778216,0.08312770575788885,0.00588098065814055,0.009908332813759139,0.6,0.1,0.0,9,3.997036216891941,2.502278859923
11,6,0.1356509903185191,0.8405694676574377,0.8380012188946402,0.10130684419134409,0.09683215473375492,0.08312770575788879,0.00588098065814054,0.00990833281375918,0.6,0.1,0.0,11,5.0581242433990505,1.6216704099425463
11,7,0.12595358186202762,0.8279349821550853,0.8203886662038598,0.09541802537434269,0.1155907558344446,0.08832958160670057,0.01529532916153833,0.02610493263307026,0.6,0.1,0.0,13,7.629660527311316,4.789068117710198
11,8,0.10835929713678229,0.8037647070861728,0.799092621539602,0.10640630287865473,0.1525456645416576,0.08832958160670062,0.01529532916153833,0.02610493263307031,0.6,0.1,0.0,15,9.69600407362764,3.579937144786178
11,9,0.10835351558898841,0.8037551392814618,0.7990825562580585,0.10193462891318576,0.05460149963335731,0.08832958160670058,0.01529532916153833,0.02610493263307031,0.6,0.1,0.0,16,9.685920083919893,3.583207033275289
11,10,0.11277089407598669,0.7966760494534039,0.7907475198758854,0.12106522821104736,0.1351583778870353,0.11562509331863262,0.024703020885041747,0.04208357672860353,0.6,0.1,0.0,19,16.294829272301286,1.5790627619902309
11,11,0.11277089402439804,0.7966760494534038,0.7907475198758853,0.12839373488767555,0.07184539763231752,0.1156250933186325,0.02470302088504171,0.04208357672860348,0.6,0.1,0.0,20,16.294829189230423,1.5790627783276507
11,12,0.11391294170535264,0.8494431428181871,0.8419341979317128,0.13914743365244195,0.1158020556290262,0.1186531377577706,0.04117727729270697,0.07036632867716655,0.6,0.1,0.0,21,21.139577071673887,2.1087248775362517
11,13,0.09004384465552354,0.7091901466610855,0.6985795685953288,0.11405782064617655,0.40910762028045855,0.1186531377577706,0.04117727729270698,0.07036632867716655,0.6,0.1,0.0,23,23.766350183328463,1.0543952275500643
11,14,0.08994364096333309,0.7135276175132497,0.7072588322609447,0.12170635077697202,0.07767407038507569,0.11865313775777057,0.04117727729270699,0.07036632867716655,0.6,0.1,0.0,25,23.98327929454803,1.0143212585763408
11,15,0.08720033644247395,0.7006381866640092,0.6937520677791155,0.13420158424116652,0.10555685093989187,0.1172104626101322,0.040857392535820033,0.06977540908940674,0.6,0.1,0.0,28,24.04718541597511,0.76058174778433
11,16,0.08665307794586842,0.7016952742968353,0.6989821633938184,0.1387578052443859,0.104605082001727,0.11704039080329376,0.041857781518184166,0.07148512649584676,0.6,0.1,0.0,29,24.808738966549328,0.8546447451723072
11,17,0.09586647392886252,0.45568398371549734,0.4309998641068852,0.09518649221650125,1.0951864922165013,0.14511425648664947,0.08117938324511567,0.13934488129591466,0.6,0.1,0.0,31,46.951749573808165,0.0354979869360378
11,18,0.09586647394028275,0.45568400258690706,0.43099988491366875,0.10401041212464661,0.0951875334620384,0.14511425648664947,0.08117938324511567,0.13934488129591466,0.6,0.1,0.0,32,46.951749453730486,0.0354979941140466
11,19,0.09586506231206898,0.46044687275621304,0.4401264372070067,0.1163610527793508,0.0966086832931493,0.14511425648664947,0.08117938324511571,0.13934488129591488,0.6,0.1,0.0,33,46.989781114285066,0.0332744783028669
11,20,0.0958650146381673,0.4653876908831531,0.4494400971022878,0.13123061529075578,0.09519838483776387,0.14511425648664947,0.08117938324511564,0.13934488129591474,0.6,0.1,0.0,37,46.97905580598084,0.0338914374352037
11,21,0.09523370261535774,0.42471205518454297,0.4108072992093333,0.11968509696204639,0.27429405296514525,0.14454139370156222,0.08106221318229213,0.13912843432952834,0.6,0.1,0.0,39,47.317360289642245,0.0059771335235644
11,22,0.09458284580748733,0.3846903574561734,0.37286906099982886,0.1250988587703424,0.26802033798680414,0.1437511335499262,0.0808982932032563,0.13882562675788881,0.6,0.1,0.0,41,47.495484505042576,0.0015176621032993
11,23,0.09495277278507348,0.36366263967398604,0.34250140105389426,0.13509805582245182,0.13583805536473534,0.14437654751028806,0.08112065235088921,0.13931904044547222,0.6,0.1,0.0,43,47.43615180539021,0.0039540111638871
11,24,0.09462806852360099,0.37106537993221544,0.35853865290613524,0.15942987077286888,0.09866761407651982,0.14387618135636446,0.08092882084980547,0.13886894106890096,0.6,0.1,0.0,47,47.36077060373056,0.000228835670266
11,25,0.09451586173822794,0.3599521385272772,0.3550937781526004,0.14813032309919205,0.2572867126175567,0.1437527336411303,0.08099485083773017,0.13888252916419896,0.6,0.1,0.0,48,47.36006335022099,0.0003200874267383
11,26,0.09452307013725594,0.359927288197512,0.3550672723507193,0.1693195310066797,0.09440581346062575,0.14376507566861518,0.08099348676802434,0.13888535548867909,0.6,0.1,0.0,53,47.357480911019984,0.0002915115050095
11,27,0.0945684387950006,0.348057113716589,0.346700677410799,0.18337433809547066,0.22624649722724885,0.14375305799330837,0.08181156790275396,0.1389715731117708,0.6,0.1,0.0,54,47.35908527183436,0.0003171173865143
11,28,0.09456871276125706,0.3277138808417143,0.32530871698510916,0.20462823878707478,0.1120963297193087,0.14388727860711012,0.08129455731350674,0.13879875924170149,0.6,0.1,0.0,63,47.34503272268684,0.0001416734363896
11,29,0.09447129461349864,0.30619423342942864,0.2985666157626776,0.21074013602394273,0.25102433695644577,0.1437617524877809,0.08129801358626179,0.13660643550992838,0.6,0.1,0.0,64,47.332087238407226,0.0015594988545611
11,30,0.09445967574488967,0.19401434016320013,0.1847275854241418,0.1953495011236288,0.38901122347466355,0.14388819553446347,0.08106127691787436,0.13879889460392664,0.6,0.1,0.0,67,47.344835700303726,0.000140974763653
11,31,0.18637443155054917,0.27922712060343824,0.2737136759148011,0.2986656982620159,0.2317110350797687,0.1439280621902324,1.0,0.13883758632273185,0.6,0.1,0.0,69,47.35022035375983,0.0001164572610491
11,32,0.094441026542584,0.1503542130704011,0.14705724476843532,0.26557717986030244,0.11482360321967351,0.1439006013634288,0.0809122261651595,0.13887911509284673,0.6,0.1,0.0,85,47.35117770621601,0.0002340921971012
11,33,0.0944119588439122,0.10419793162029561,0.09440759524647624,0.24497504957216362,0.4194728869802691,0.14386027920498692,0.0809142772348409,0.13888238350812282,0.6,0.1,0.0,86,47.34614003029031,0.0002272900247273
11,34,0.09441134470748641,0.10193947679471387,0.09615138576752472,0.2650243217502494,0.12045217707600721,0.14386027920498692,0.08091427723484092,0.13888238350812282,0.6,0.1,0.0,88,47.35668801575558,0.0002532141434363
11,35,0.09441398025638242,0.10550232422386258,0.10401598492468928,0.30284993815151057,0.09517190070852485,0.1438892803888884,0.0807678300502799,0.1388566952069826,0.6,0.1,0.0,102,47.38096042248364,0.0001611574277967
11,36,0.09446184305072469,0.11450312657824316,0.1217146589220417,0.325290984515506,0.09586251924894916,0.14392722697035953,0.08101956455751824,0.14173372534024684,0.6,0.1,0.0,107,47.407995030132525,0.0002241364897714
11,37,0.09445960272781806,0.10038987719186787,0.10275646311474963,0.3239639691959008,0.1674625099004397,0.1439271578723506,0.08100524491637184,0.14019789983186176,0.6,0.1,0.0,108,47.39359633586653,0.0014951649163528
11,38,0.09450105576636456,0.10035863540416434,0.1027214868104208,0.327348655625532,0.09806597348978494,0.14401236643678242,0.08090887978204422,0.1395641886964508,0.6,0.1,0.0,109,47.38573559127028,0.000112623246891
11,39,0.09445915638295416,0.09445680212786234,0.09651797412352345,0.3325750224924171,0.13528129372477835,0.14392713194508802,0.08100522960809521,0.14019135357662368,0.6,0.1,0.0,110,47.41602483569012,0.0014528107033333
11,40,0.09449568681010938,0.1066913499758637,0.12173594985619653,0.375468008152759,0.09665876211094884,0.14393798479742664,0.08130759247125927,0.13925108141938214,0.6,0.1,0.0,121,47.39462126544251,0.0015594493898301
11,41,0.09435326093256963,0.10020248957980656,0.11080186963196688,0.3885137898887781,0.09702548839676257,0.14393036712521315,0.07993000017437404,0.13959271951807498,0.6,0.1,0.0,125,47.3949477019542,0.0006991961292038
11,42,0.09446293402481484,0.09959656591467915,0.114277580540806,0.41366932397283857,0.1390037268449072,0.14389866606001678,0.08122078274914646,0.13815585711773146,0.6,0.1,0.0,126,47.3578935260837,0.0001709140221802
11,43,0.09449805767193573,0.11846125832752935,0.15058558768279537,0.4792199563746974,0.09490850866043996,0.14397373735492255,0.08112212754324268,0.13874367182835493,0.6,0.1,0.0,142,47.39778057785682,0.0009253688355405
11,44,0.0945016184303841,0.1110554943094966,0.13867985218894743,0.48851778145025115,0.11839223584967207,0.14394721426042403,0.08131881920824227,0.13919511125718542,0.6,0.1,0.0,143,47.36543060650949,0.0008448496922018
11,45,0.09446049591965336,0.11436655200716013,0.14628197126271014,0.49986041843042966,0.09609083896745323,0.14396854261314446,0.08078014104331308,0.1387142694930355,0.6,0.1,0.0,147,47.397693169409294,0.0001417986065502
11,46,0.09454003233437325,0.1072165510570591,0.1387597985506239,0.5055647877450873,0.12351549589795721,0.14395994867764572,0.08163146251610527,0.1387724129836966,0.6,0.1,0.0,149,47.397697826654245,0.0005903061441398
11,47,0.09446524887113968,0.12369826788118662,0.17256775907734528,0.596872911073245,0.09792241641401694,0.14394334287972674,0.0809852366594843,0.1379264973074474,0.6,0.1,0.0,157,47.366434133086464,0.0006145243190762
11,48,0.09449315436099792,0.12317808007889995,0.17201938834487573,0.5967975320319828,0.09777973907907071,0.14394236924145554,0.08127059012364023,0.1379394448061467,0.6,0.1,0.0,159,47.36632878689116,0.000817214639961
11,49,0.09446894091868228,0.13220386905778947,0.189748019974297,0.6318286712401712,0.09659143771841061,0.14394382607942866,0.08102000659451455,0.13800598723785532,0.6,0.1,0.0,161,47.36663333187752,0.0006604184190559
11,50,0.09451385174027176,0.13468204293190747,0.20470691032220234,0.7133138714132707,0.09884403128237589,0.14393771440378314,0.08151165859153844,0.13915491510873984,0.6,0.1,0.0,182,47.38583473696403,0.0002595804494628
11,51,0.0947316559361208,0.1290483936469243,0.19465356610616552,0.7070577316985307,0.09825348241558486,0.1439381157779875,0.08368771493805506,0.1391615574663169,0.6,0.1,0.0,184,47.38594786919722,0.0003039406739539
11,52,0.09448379460355498,0.13342483526215815,0.20338652572537175,0.7443127262547972,0.09490441220906967,0.14394958057964027,0.08114046255770826,0.13912439170643745,0.6,0.1,0.0,190,47.38588448528018,0.000258699851829
12,0,0.8011623365293085,0.9797799638921996,0.9787390563795952,0.059691872560211634,0.0,0.0,0.0,0.0,0.6,0.1,0.0,1,14.172135497771617,64.0287881154832
12,1,0.5538666349190575,0.9761030927485277,0.9730709315456739,0.08976336103606959,0.18558532748641432,0.05832680175190817,7.776238577629e-05,0.00011914909881736,0.6,0.1,0.0,3,10.382248421420506,36.53748148971759
12,2,0.21758182683851934,0.8970178842091776,0.8930837382334224,0.09078349865832261,0.45237599585303734,0.0889411601730661,0.0007796330721862,0.0015645902873709602,0.6,0.1,0.0,5,5.411923779711557,5.366788990086901
12,3,0.17388695973584778,0.8690286739171676,0.8637628785974815,0.0878925409881809,0.15255592642438134,0.08539244657236746,0.0008573954579625001,0.00168373938618831,0.6,0.1,0.0,7,4.767081985231322,1.7535987081678883
12,4,0.1669239136643094,0.8686124083623139,0.8674437026418214,0.09340090876174884,0.07159411549677666,0.08539244657236746,0.0008573954579625001,0.00168373938618831,0.6,0.1,0.0,9,4.244819978682443,1.7951121963718208
12,5,0.16240187928863042,0.8591808901682471,0.8536325021668676,0.09809636969259833,0.04745400521335669,0.07816904171148631,0.0006138984850692,0.00108436244578951,0.6,0.1,0.0,11,4.273091805028503,2.3802855953592497
12,6,0.1617574014788203,0.8544041380254308,0.8443303322870392,0.09453540953050762,0.07312728108336877,0.08337644130469965,0.00065506952866773,0.00151147191631817,0.6,0.1,0.0,12,3.986808865348484,1.517918236280451
12,7,0.16098820838733285,0.8537501917801801,0.8436525438341166,0.0983831416232258,0.05349811675980204,0.08306157471165554,0.00063283114582046,0.00139544069879929,0.6,0.1,0.0,13,4.089847099323084,1.565987725939516
12,8,0.14464395612367534,0.8394090336649811,0.8286984711884522,0.10430513887139704,0.09382806416168736,0.07862790808489974,0.0028765571840470598,0.00787106887840774,0.6,0.1,0.0,15,4.672254497854076,1.0536309649948985
12,9,0.1419770813080352,0.8417860458668617,0.8353903650805659,0.1096024239059571,0.05043884675157388,0.0762369267539599,0.00284589964921091,0.007627684648545389,0.6,0.1,0.0,17,4.791836308724619,1.124386007496446
12,10,0.1363144246300375,0.8363905215515637,0.8297558403225918,0.11723852203750411,0.06348108599318632,0.07498528074011855,0.0028294844015504797,0.0075538552500445,0.6,0.1,0.0,19,4.7110135519730925,1.1373361083927775
12,11,0.13859299075057827,0.8386316179005886,0.8319870473818045,0.1274589374983282,0.048099350719312456,0.07890315900627892,0.00365202323171011,0.00938319601817227,0.6,0.1,0.0,22,3.868433167942544,0.608254404213865
12,12,0.13877916223161055,0.8338953591611219,0.8228727458743047,0.13029221120090087,0.04847019598637038,0.07923176875447169,0.0047395420315236,0.01145481394980679,0.6,0.1,0.0,24,3.517002061116936,0.7185031625252469
12,13,0.1372799325885136,0.8373373211399147,0.8306082488658066,0.14053503538014314,0.059920667506373156,0.0792965169124932,0.00476363776076226,0.01164386656617103,0.6,0.1,0.0,25,3.229671635777572,0.6585955698028236
12,14,0.14186916090748508,0.8418045509479694,0.8348239363420827,0.15156392472438696,0.09545091729623953,0.09092572844755177,0.02852629487188698,0.02665717147305894,0.6,0.1,0.0,26,4.6470195101157135,0.1963148439861234
12,15,0.11795545513306847,0.8128110664844267,0.801348183686491,0.13445389232626007,0.03960524371396514,0.0581938747105421,0.00564430165858259,0.008261774511079439,0.6,0.1,0.0,30,2.649975317086215,1.22376479888564
12,16,0.11043923011154098,0.8092483900634283,0.8016996709137734,0.14197988494776703,0.07089312816852965,0.05835186933845886,0.00876180567366252,0.014327555505809931,0.6,0.1,0.0,32,3.681366528933075,1.133262949892876
12,17,0.10945567823610758,0.8077845232327678,0.800108957349388,0.14995904898975063,0.05558258082595501,0.05998952235692914,0.00893761888324724,0.01443396566253378,0.6,0.1,0.0,33,5.484415123377133,3.011846440222225
12,18,0.10979716605469379,0.8121946237762524,0.8086686597033619,0.1502980238695814,0.07460358421737427,0.06669374389236245,0.00677085843813226,0.01221288453491003,0.6,0.1,0.0,34,2.225036027537416,7.368419997578473
12,19,0.10552784930428734,0.8027224231813257,0.7947674737182496,0.15164140898474807,0.04143242214877527,0.060506810263965566,0.0094834796157028,0.013624685505197071,0.6,0.1,0.0,36,3.1407586485441605,1.1098310808498226
12,20,0.10670225935705258,0.8077253215165824,0.8039166861442506,0.1646266446792543,0.05882337060327975,0.06824232333707515,0.0076970660788012,0.01214296607286052,0.6,0.1,0.0,38,1.9989407970898363,8.415552208507004
12,21,0.10608962892622498,0.8118269133059791,0.8123474039103428,0.17509202177066338,0.04505945114329425,0.06824877420733556,0.007755023700858401,0.0121403761687985,0.6,0.1,0.0,40,1.9654591031033664,8.146560301220745
12,22,0.10074674352152765,0.7993656913944226,0.7951474090514554,0.17293517707350525,0.06893804640704579,0.06597293299358369,0.01728991557194482,0.04682355898039098,0.6,0.1,0.0,42,2.7846789013004427,1.646088488159122
12,23,0.09767650783767413,0.7937014788607544,0.7891111569535347,0.17813684693151197,0.0710054698389547,0.06807896275550328,0.020281750911349112,0.01796123028894597,0.6,0.1,0.0,44,3.9639981468940855,1.6893142808812418
12,24,0.09463787250250344,0.789386296174273,0.7846298265578361,0.1815738976432129,0.05435230742094393,0.06637726527879938,0.01961569217862883,0.05013651050128615,0.6,0.1,0.0,46,2.2716968919266693,1.1274427019310362
12,25,0.09446594103749728,0.7891292028099902,0.7843618902584009,0.1814832474681333,0.04338889708286036,0.06620003948789842,0.02021454003035656,0.05127045935507798,0.6,0.1,0.0,47,2.2254354934128067,1.1445790389688002
12,26,0.08760326090567482,0.7869298405936542,0.7865001760058441,0.1801065518631979,0.04064650798342481,0.05723830296240993,0.00941970133747373,0.02958323243562745,0.6,0.1,0.0,48,1.9197954880623271,0.545389810590365
12,27,0.09205188107507918,0.7844927922219332,0.7794563213237102,0.19138907166239424,0.05999978457535002,0.06695387902403663,0.021612147180795828,0.05271195024212779,0.6,0.1,0.0,50,1.9150050246804,1.0623664083890516
12,28,0.09205930988948725,0.7892254994976361,0.7885364351633071,0.2022155147135088,0.04456822676004681,0.06916903818578964,0.01118193975237949,0.02291072378024346,0.6,0.1,0.0,52,2.102533123006324,0.8328432540033657
12,29,0.08974728124156663,0.7862784124097039,0.7855165438423019,0.20815376553819548,0.05209776511598475,0.06666680997086502,0.01086648386719551,0.02279056808060928,0.6,0.1,0.0,53,2.525381741033527,1.4739948927668411
12,30,0.0861863666898428,0.7823415156805972,0.7815358880839086,0.21987057170586882,0.0413930925941692,0.06144197293290982,0.011347542725112179,0.0170237677712953,0.6,0.1,0.0,55,3.1521550058373538,0.3608052153835722
12,31,0.08347667943542521,0.7735302838667346,0.768225279522086,0.20572518773164575,0.05550508460612754,0.05908970311464482,0.0113368471673964,0.01559388992073545,0.6,0.1,0.0,56,3.5051325839466405,0.1405306680301556
12,32,0.08339046154852409,0.778240412727134,0.7772916924685871,0.22384250298988867,0.039301655298613326,0.059236053730975756,0.01136735030040051,0.015533155084018929,0.6,0.1,0.0,57,3.549322408019268,0.1397553071400522
12,33,0.07957914199330864,0.7813605844619718,0.7888490840038557,0.24670308170520178,0.05924890857434114,0.05777529144007406,0.01243891117495592,0.008569940801166399,0.6,0.1,0.0,59,3.929392597010629,2.0400991954189385
12,34,0.0765475276004783,0.7771882231755401,0.784562819191425,0.2474104496725471,0.05117337038798313,0.05449435499663181,0.01252594640125656,0.00841243006308054,0.6,0.1,0.0,60,4.330132696147502,1.6838066964252554
12,35,0.07497439692967164,0.7745711247758585,0.7818437228255409,0.2526463673472748,0.04873305043550317,0.05352135374814935,0.01200474192598834,0.006272543285274381,0.6,0.1,0.0,61,4.359089138339238,1.9672950431005056
12,36,0.07538940888777915,0.7778540949170051,0.7893022607810929,0.26344761775955416,0.05044270599532405,0.056633027403719,0.01507839178399476,0.01574423063683586,0.6,0.1,0.0,63,4.843639922728638,0.8180152502993039
12,37,0.07349698881868004,0.7684699773213342,0.7753124065756749,0.2593724733576308,0.07072158838872868,0.05694085649885669,0.0140388529661099,0.009744611563645,0.6,0.1,0.0,64,3.8243316462436354,1.0391253602663146
12,38,0.07040568956601638,0.7658584843817261,0.7766853623247141,0.2703171051422022,0.06494930647854912,0.057349446067793325,0.01150964752837587,0.01135657483938133,0.6,0.1,0.0,66,3.6391276733698086,1.2028943251475863
12,39,0.06712033671332096,0.7630791822458856,0.7779127569956057,0.285427827065411,0.06266600324457627,0.05634849782843739,0.01143991130094975,0.00936925656435756,0.6,0.1,0.0,68,3.2532378948383287,1.1973451746293458
12,40,0.06700571689683073,0.7677076974139321,0.7868980364303186,0.3028615668968709,0.03619030690687069,0.0563484978284374,0.01143991130094975,0.00936925656435757,0.6,0.1,0.0,70,3.274260091819245,1.2081090170974584
12,41,0.0715343176525339,0.7720261212582423,0.7911994078995502,0.32707147883019905,0.04012826696866353,0.06407392738625559,0.0115850145098106,0.06335553264151894,0.6,0.1,0.0,75,3.711560996158525,17.77604800073539
12,42,0.07224610618208108,0.7714221509857928,0.7904906537710623,0.33458572254948515,0.04893403713942609,0.06618742285419514,0.01321809789451373,0.02204769205186985,0.6,0.1,0.0,77,3.318041828244872,1.4025919589451108
12,43,0.06808586966217056,0.7749604253694947,0.802602926672996,0.35381079841524793,0.043240041001299565,0.06119388208736919,0.01309735484585059,0.01887981741188097,0.6,0.1,0.0,82,2.275247605984497,4.27968647818968
12,44,0.0680490875829386,0.7789950091452121,0.81094288179189,0.3640478285399009,0.043554686623622385,0.062102398002995156,0.01169029858089147,0.02666162434729859,0.6,0.1,0.0,84,2.288448039543792,5.353720508627271
12,45,0.06582499794492355,0.7478261909636706,0.7575884161321627,0.36940184196788023,0.05034470837085806,0.06031522470144632,0.02020514129345704,0.02664964164125282,0.6,0.1,0.0,88,2.3833511454288194,1.562327450899118
12,46,0.06579797368594553,0.7477880676745862,0.7575495240107976,0.37252997178574626,0.03828381682196715,0.06026707330720933,0.02026208961865112,0.026792734366212368,0.6,0.1,0.0,89,2.382167013224978,1.5649136812889537
12,47,0.06336404779134315,0.7443856108329368,0.758088107106947,0.3770806167357644,0.10342680991616987,0.059944719346220025,0.02264329418512093,0.04067602951499298,0.6,0.1,0.0,90,2.2507760193174744,1.0706045401986215
12,48,0.06683731557085525,0.7469810012660231,0.7606203556878172,0.38386165426427726,0.05172889231623417,0.0657995421708795,0.02573184715247488,0.04034550286487199,0.6,0.1,0.0,91,1.73648927528538,0.2603078599540246
12,49,0.06083242332755878,0.7359057702130857,0.7491888355793984,0.4006765513212006,0.04865838122920012,0.0591454326131929,0.02411640999130376,0.03773849073359873,0.6,0.1,0.0,96,1.8517898929396,2.1203823797300005
12,50,0.058694779905072464,0.7322418946354353,0.7454196435940119,0.39859901014805854,0.0521645914311971,0.057241418453936245,0.019359668268642792,0.04528445709585383,0.6,0.1,0.0,97,1.6479788759898903,2.485692002610137
12,51,0.059869905951022956,0.7369490187560173,0.7544029178691747,0.41940541921826435,0.045260238918560756,0.05900018144431485,0.02525248689507047,0.05139261676701218,0.6,0.1,0.0,99,1.72734324778972,4.456163621223404
12,52,0.06173179587503309,0.7383194098598336,0.7557397621725271,0.42455501183775957,0.04501863733812856,0.06242785205176265,0.024905539768542907,0.05302410831211193,0.6,0.1,0.0,100,1.631054021374644,4.166445936871475
12,53,0.06173043797681669,0.7383138427939762,0.7557339102646531,0.42128302283032093,0.0399919946051253,0.06242785205176265,0.02490553976854292,0.05302410831211195,0.6,0.1,0.0,101,1.6310244324078658,4.166098687591439
12,54,0.060773890785252103,0.7353519472960391,0.7526359888548273,0.4300960424902121,0.06019844999838634,0.06180431180155606,0.025451385418652127,0.05086749713422696,0.6,0.1,0.0,102,1.6436235134029744,4.2599907234927965
12,55,0.060385082686936375,0.7338854127086589,0.751096845855251,0.4330563412838264,0.05055954716581215,0.06180126558869695,0.0249074874226429,0.05302600190565328,0.6,0.1,0.0,103,1.67664793594308,4.211187824781415
12,56,0.05968560230143452,0.7367316651783395,0.7582223929937074,0.4453238863684293,0.05349814007416476,0.06117384184715117,0.02589878597055324,0.053461144730427734,0.6,0.1,0.0,104,1.5665147714203158,4.367556401811507
12,57,0.056396571598496786,0.729362843350955,0.7505834903784665,0.4454156761788756,0.05078223118880897,0.05742900462389279,0.02714380839021132,0.02476745910119112,0.6,0.1,0.0,107,2.630291253920453,2.9790445266104664
12,58,0.056385145075198914,0.7342567848962352,0.7598478668060558,0.4583165710247553,0.03737816847813537,0.05742900462389282,0.02714380839021132,0.02476745910119112,0.6,0.1,0.0,109,2.6303588815111087,2.9759053072090427
12,59,0.05963615432716252,0.721169010611027,0.737595759790892,0.4588129598682004,0.10533502371957656,0.06459986036077968,0.03338231269875016,0.023344276929813328,0.6,0.1,0.0,110,1.615270706775349,3.210853292355071
12,60,0.05847224235315989,0.723297834935613,0.7439920205159911,0.4675673918779108,0.04931851617439431,0.0632213432956218,0.03400895657546539,0.02344561113495798,0.6,0.1,0.0,112,1.6732794928405452,3.2602348001989845
12,61,0.06042199456698411,0.7220670867534097,0.7425595426827126,0.47232387561800415,0.07452703367584224,0.06818184812013563,0.03112341830655484,0.03191560359257885,0.6,0.1,0.0,113,4.327253094696927,2.0490474857354597
12,62,0.05563914260392195,0.7072970997779278,0.7271684146242933,0.47380578533098033,0.13525909140294676,0.06313199316046608,0.03438307498829324,0.02378539508498799,0.6,0.1,0.0,114,4.19072613784574,3.117856743842049
12,63,0.05159590907754914,0.7129187670572272,0.745593929252023,0.6351186160878436,0.0394555977713879,0.05820671553002507,0.03305268672736242,0.040642268504882215,0.6,0.1,0.0,153,2.350750073306403,7.377770876972808
12,64,0.05213027070051842,0.7089263125313219,0.7372538898787792,0.6405561969880873,0.044093829753309215,0.06063089539757918,0.02308401651468579,0.05765617809796482,0.6,0.1,0.0,155,4.686861434153046,3.143726244973116
12,65,0.04994525873831157,0.7196550991912712,0.7609854172096097,0.6773548354652345,0.03734102843045369,0.05603848592807559,0.03219208168743452,0.04733272010049479,0.6,0.1,0.0,161,2.35104405146513,8.062678116056619
12,66,0.04933201110162344,0.7187547364907821,0.7600677780701278,0.6838276350207009,0.03756420715232872,0.05546111918731581,0.030009501482047653,0.06430928206174397,0.6,0.1,0.0,163,2.2743836166728206,8.430514902774132
12,67,0.05311770577582481,0.7220829838317451,0.7633684781997303,0.6970912299112503,0.04427168407940443,0.06128360417689478,0.033707487028378606,0.04513307057291134,0.6,0.1,0.0,164,2.248362802237896,7.437072025301274
12,68,0.052490626155391795,0.7289570366369356,0.7788450647922732,0.7124615975107097,0.0616372683915416,0.060171109171954035,0.038115626241463106,0.07227338508889243,0.6,0.1,0.0,165,2.619953357139518,3.330793130229042
12,69,0.05373841093337192,0.7357884177699826,0.794165521774702,0.7427865087426639,0.048334872428542015,0.06368444230248209,0.03638105572209708,0.08996743917452579,0.6,0.1,0.0,171,2.584580516981178,5.7416198969897705
12,70,0.053629730960993584,0.7399142174554038,0.8026222048732659,0.7686038157868177,0.04503038139933211,0.06368444230248205,0.03638105572209708,0.08996743917452592,0.6,0.1,0.0,173,2.5978780604469347,5.756052987212633
12,71,0.04828160230667542,0.7146048230442085,0.7638910180674124,0.7949185043254233,0.04051902437348693,0.0570205460356916,0.0304055352076834,0.058729802822976775,0.6,0.1,0.0,187,4.105289050935719,3.754526069737706
12,72,0.048367518046165896,0.714470909089462,0.7637441876338839,0.802255398166531,0.03834461357440916,0.05716135979972262,0.030729712137397967,0.060602048645789,0.6,0.1,0.0,189,4.06313816871019,3.9503890441905263
12,73,0.04838078431112007,0.7183983978903136,0.7719842368106095,0.8214963441410098,0.040582441074207,0.057344518045472796,0.03120850011085268,0.055173877579492894,0.6,0.1,0.0,192,4.111903883281798,3.761409003439428
13,0,0.7738809164035383,0.9766948658367323,0.9754951487813766,0.05901038262375266,0.0,0.0,0.0,0.0,0.6,0.1,0.0,1,16.84228484515595,60.86069765147919
13,1,0.5565868295689916,0.9926137100398843,0.9894313660846775,0.10854106909549091,0.2043497777292197,0.09070816142327158,7.17315021067e-05,0.00016468881387763,0.6,0.1,0.0,3,11.919420065702212,35.80504170853622
13,2,0.41655659675321766,0.9685999154652427,0.9638323328304375,0.11098338298922417,0.3009465255559077,0.10159756253806998,0.00252481291072009,0.007647934820698481,0.6,0.1,0.0,4,11.136975669461709,39.91159950477161
13,3,0.3647407892870995,0.9540921048931006,0.9486121212249545,0.10720066839781925,0.16828069627875283,0.10085669150905806,0.00028692600842681,0.00065875525551056,0.6,0.1,0.0,5,7.823916585088227,18.990980273572315
13,4,0.2878362718230941,0.9309166380676663,0.9240071394201779,0.11021227489540689,0.28132467122658744,0.10812663719563739,0.00260084802577517,0.00788397004590849,0.6,0.1,0.0,6,6.266483580743143,47.95001833226564
13,5,0.2100817821369997,0.8970545048476128,0.8925962112357233,0.10226298504738034,0.3543618979547539,0.10595417469033493,0.00088315931902723,0.00202765112180733,0.6,0.1,0.0,7,4.345995461705716,4.889994019515496
13,6,0.19323465176116067,0.8813894409147156,0.8719777252035096,0.09881444084962711,0.10806758485400203,0.10683298834592055,0.00114770403370724,0.00263502102204222,0.6,0.1,0.0,9,4.110435905521943,2.878449697043555
13,7,0.18330951257627442,0.8751690593486887,0.8652426895344658,0.11502073595136299,0.08744900707844752,0.113148078568532,0.0010250172775487,0.00261516212955184,0.6,0.1,0.0,13,3.341222746419876,2.3009927143572315
13,8,0.16647841040476338,0.8649298473796277,0.8590352492610441,0.11362645356628136,0.11106726897894449,0.09667141190092428,0.01433978244747074,0.0398562085957076,0.6,0.1,0.0,14,5.986514366576683,2.3327014800921893
13,9,0.16185802089974238,0.8614561433795859,0.8551948938722138,0.12725085175592984,0.0770188407736793,0.10273091300197956,0.014469077993041498,0.0410641342625845,0.6,0.1,0.0,18,4.787733823290548,1.9699176706836703
13,10,0.16166634360251533,0.8612738857306838,0.855008266952522,0.12953410277975294,0.06365420165663317,0.10255541232021523,0.01455362559699489,0.04106013681823871,0.6,0.1,0.0,19,4.779096786947566,1.9594974918157464
13,11,0.1571203553814432,0.8620143196403091,0.8599037749056802,0.145759449948132,0.0959291548741863,0.10267797874599013,0.014111441540719541,0.045070223011066377,0.6,0.1,0.0,20,4.604139110536472,1.8127756514987072
13,12,0.15877734668821397,0.8587740547246883,0.852219274956354,0.13619885877819793,0.07672391858604836,0.1078555566759833,0.013920293766291992,0.04486701245325656,0.6,0.1,0.0,21,5.134027402080118,1.6814429070807144
13,13,0.15537649672632808,0.8554522567308432,0.8487995137219008,0.1367684950242425,0.07967733783353109,0.10525707177366465,0.015327115765150301,0.04403856065944116,0.6,0.1,0.0,22,4.903503261034915,2.5307176962707607
13,14,0.15102955657605208,0.8553654958521065,0.8524265996824036,0.1565305421268583,0.1719105043218606,0.11536764080935241,0.03239909967368751,0.05161712512093726,0.6,0.1,0.0,23,3.2409908132513454,2.4169698445514176
13,15,0.14988142417229156,0.8589781289742022,0.8603344198566486,0.16416719334357052,0.07658071812804879,0.11540344211316375,0.033986359564395344,0.05120611669546625,0.6,0.1,0.0,26,2.533997084925483,2.308985708319576
13,16,0.13387074182313638,0.8337333406464328,0.8297161101398224,0.15975908375781442,0.12220692145911548,0.11448778717274632,0.0308253539551545,0.04448862963151548,0.6,0.1,0.0,29,2.247025624375365,2.1316477305688157
13,17,0.13377344021507806,0.8384488402043294,0.8387819895653562,0.1681487197989186,0.0737102777099151,0.1147517904459088,0.031349708832371745,0.045801222285366726,0.6,0.1,0.0,31,2.256610961991837,2.1633505464892533
13,18,0.13370053893234699,0.8433048068104797,0.8480078364314924,0.19078281071723444,0.07221961591542962,0.11458560189371568,0.03207975307005857,0.04647539755419116,0.6,0.1,0.0,33,2.2926717237111456,2.1744261882078817
13,19,0.12831691809946605,0.837680198055253,0.8423412768794178,0.18866358863781382,0.07361946733227775,0.10576743787620639,0.03688981461248714,0.07547468130198529,0.6,0.1,0.0,34,3.2704564351472936,1.7218017971625903
13,20,0.12756814346324086,0.8361217158802536,0.8406503135325354,0.19207640100335482,0.08843959561090498,0.10849009900769914,0.030698494753527362,0.08219687582805182,0.6,0.1,0.0,35,3.034260635969985,1.531385619946501
13,21,0.11941628680531441,0.830227162463115,0.8387454497811135,0.19886551911289208,0.1226588532809747,0.10137300660713854,0.039475041233105815,0.06848399443674431,0.6,0.1,0.0,36,3.483713119443419,1.4591321632301189
13,22,0.11941563208111099,0.8301402951398221,0.8386474108325266,0.19591926879892793,0.0665574675604785,0.10166429783141107,0.03902524720059264,0.06804681124631336,0.6,0.1,0.0,37,3.609885414243268,1.4008422456207086
13,23,0.12287085804625915,0.8268392628626766,0.8307431402155182,0.20111127978850193,0.10570214909940738,0.1130368378438555,0.03194782997351449,0.07313506777488907,0.6,0.1,0.0,38,2.99767736441968,0.9553434951323332
13,24,0.11643992149529174,0.8232121475582094,0.831234170217597,0.211468421716345,0.08671235474454686,0.10602017411501659,0.03784572866132657,0.08019456799386958,0.6,0.1,0.0,40,3.1009334864889766,1.3216196997432046
13,25,0.11828944313528406,0.819717926437054,0.8233233904497006,0.2073654104491088,0.07602834290486182,0.10929034604982876,0.041182235326708436,0.10005614802253722,0.6,0.1,0.0,41,3.394492308563126,1.0835097493193269
13,26,0.1172931294465554,0.8150415769644248,0.8182490564538222,0.21168139001772107,0.13307896610541503,0.11593729329418115,0.03184567405397079,0.07910682961564967,0.6,0.1,0.0,42,3.151585697689524,1.120058382979604
13,27,0.11632493877909741,0.8180100874508519,0.8254888808248024,0.2296035371417704,0.08036318031223127,0.11593729329418112,0.03184567405397081,0.0791068296156496,0.6,0.1,0.0,44,3.152532805162877,0.8606888617656427
13,28,0.11366173858240547,0.8078302726752338,0.810682978880173,0.22166058384881485,0.09158605053256941,0.11494651951893249,0.034593586131759155,0.105412781534273,0.6,0.1,0.0,46,3.357138106180169,1.931103001281247
13,29,0.11169325772454361,0.8155312510501382,0.8271083781336157,0.25965230904780595,0.07099860711233885,0.11245878126761139,0.031844954572483805,0.08316522590317417,0.6,0.1,0.0,56,2.5573744851811577,2.1073920407192666
13,30,0.110458327151568,0.8134304572555986,0.8249255271454969,0.26182054122697745,0.08255983338326356,0.11146878979495606,0.03271443708513837,0.09001214261780521,0.6,0.1,0.0,57,2.590471290644049,1.83121920246362
13,31,0.1030586820985787,0.8176195195711101,0.8458816957736657,0.3236633152425919,0.08234707899141831,0.10489811940890709,0.057084415114944574,0.0819945408807437,0.6,0.1,0.0,65,4.486986439457265,1.443841395191379
13,32,0.10038727639152002,0.7834193419160738,0.7892649972767758,0.3529469939081011,0.07286191503384674,0.11165864185454613,0.02885362129340992,0.05176424887057558,0.6,0.1,0.0,93,3.061850015606961,3.844280479025696
13,33,0.09688229564091415,0.7753590442752258,0.7808538048001674,0.35323664481226535,0.12200236684239836,0.11030103466322319,0.02455604553676287,0.07450876254746322,0.6,0.1,0.0,94,3.302948973421936,5.783669767141444
13,34,0.09582268116888623,0.7870875647077008,0.8055493907125747,0.41221824162571163,0.07075038266027064,0.11172280113860703,0.01451059789751533,0.06343738092059524,0.6,0.1,0.0,104,2.708851350641806,4.595364896038176
13,35,0.0930150587982289,0.7802639864814354,0.7984318287737264,0.40661879431362724,0.08954782064291898,0.1091219788682559,0.01898501239499798,0.06441256959024119,0.6,0.1,0.0,106,3.2891197367464744,4.877196215997687
13,36,0.09161568348448418,0.7713085887514282,0.7849161014380726,0.4053844845192741,0.07408188633883907,0.10864356545368087,0.01813170625985405,0.05086946646423936,0.6,0.1,0.0,110,3.2316339957621647,3.1643926833980665
13,37,0.09044819091307733,0.7746733555095437,0.7926246180125858,0.41716277568870413,0.0681975564065362,0.10686839899408362,0.018672102675084103,0.04990402598386884,0.6,0.1,0.0,112,3.4957910494885587,3.3857657045686382
13,38,0.09811202547633587,0.8030752344730648,0.8426117690960434,0.5126313450813175,0.07836804545631479,0.12180624459938397,0.020207069964220812,0.05038761472884545,0.6,0.1,0.0,125,2.9196740883749643,3.281239972631833
13,39,0.09102481624870015,0.785373249267685,0.8241915438860765,0.5092710986323842,0.17998183361184544,0.11544914176679161,0.020849563568319192,0.05519989453986288,0.6,0.1,0.0,126,3.7786988748968175,3.941887062574831
13,40,0.08967327217500941,0.7780796504784451,0.8165098351069309,0.5113218362379385,0.13029294914425035,0.11624479589636483,0.01853187616453465,0.05214888869546096,0.6,0.1,0.0,127,3.4567196659314123,3.793612687447849
13,41,0.08975064597417859,0.7821426015873317,0.8248839399160114,0.5242442492440454,0.07660831222806161,0.1167679245785914,0.018595514472089368,0.05222897002017805,0.6,0.1,0.0,129,3.581665173257856,3.8898493113811647
13,42,0.08850438123784492,0.7750264445381563,0.8133353288145935,0.49374504015256543,0.07172012250201074,0.11298607689901624,0.03111610516425925,0.08749562420733988,0.6,0.1,0.0,140,4.310973692908851,1.679052753816937
13,43,0.08986191746080192,0.7756641838220815,0.813926831361938,0.5062329745755363,0.07595124280895299,0.1152474397566713,0.03290377144388912,0.08202634128568731,0.6,0.1,0.0,142,4.307975746544163,1.7727917649483882
13,44,0.08625642107703943,0.7634578068202256,0.8052445471417345,0.5407227677511369,0.0846147888577482,0.1143743099611535,0.03154312293403525,0.07563033482568755,0.6,0.1,0.0,152,4.228926619106136,2.474409614099472
13,45,0.08474906711785286,0.7580158174297796,0.7995618858711772,0.5427081657468713,0.10741127517149719,0.1128832243783443,0.03282347130939878,0.08441645847624793,0.6,0.1,0.0,153,4.257511263960594,2.2166549446596737
13,46,0.08474906769366634,0.7580158174874931,0.7995618859288907,0.5427081658248979,0.07101231716026922,0.11288322441995541,0.03282347163686678,0.08441645863640529,0.6,0.1,0.0,157,4.257511210619127,2.216654947958804
13,47,0.08438213623557839,0.757226974922483,0.7987473608710333,0.5460929875525208,0.07460805696223369,0.11238018666713949,0.032940797369574656,0.08168326535959529,0.6,0.1,0.0,158,4.235945742538722,2.2029034836534835
13,48,0.08438719157701287,0.7707644407110666,0.8253248670336386,0.6103130263920791,0.07216215289505641,0.1126571543894389,0.03367512828463328,0.08236598825292854,0.6,0.1,0.0,168,4.12120828293889,2.108040243473728
14,0,0.8584886412612901,0.9859338551051655,0.9852097579965605,0.06104927357452304,0.0,0.0,0.0,0.0,0.6,0.1,0.0,1,10.932011444770088,56.993899169083136
14,1,0.6029550136291668,0.9916923233121839,0.9890014901119594,0.1001786361351578,0.19267676663329436,0.07325713442052832,8.224179427624001e-05,0.00013941578987276,0.6,0.1,0.0,3,7.097429629303766,36.23721262237092
14,2,0.47220558641517413,0.9770830577845685,0.9730454645654057,0.10841259093513092,0.2591818828679725,0.09209874294219995,0.0025471167294311503,0.004696498223884351,0.6,0.1,0.0,4,6.032919604580631,39.91979488339543
14,3,0.23023510782203768,0.9030120321699091,0.8994566929098908,0.09106129665521279,0.6411118072377597,0.08658431967847037,0.00127837757123052,0.0021670978900347,0.6,0.1,0.0,5,2.1466079467530346,5.616389889896063
14,4,0.21409949081289223,0.8954215072831051,0.8913786272777418,0.09576353611680623,0.09091152249792674,0.08980590551350305,0.00075129291496017,0.0012301099861768499,0.6,0.1,0.0,7,1.7227244673453563,1.9306025734111247
14,5,0.20675053099967164,0.8960856676755942,0.8961954496870845,0.10874004833328053,0.07024173420764522,0.08980590551350305,0.00075129291496017,0.0012301099861768499,0.6,0.1,0.0,9,0.9920762594596816,1.708427419764162
14,6,0.19594206867292085,0.878749541383862,0.8698537365850041,0.1135556436399449,0.061355155093065515,0.08546402522152936,0.00274095976749507,0.0049385007626222095,0.6,0.1,0.0,13,1.7310522742961605,5.828855504724293
14,7,0.1918712586576589,0.8765060773375859,0.867451844478532,0.12046332594421592,0.07634521869959034,0.0869446205914735,0.0021989968573861403,0.0037921881045255997,0.6,0.1,0.0,14,1.8056092405470328,4.537420812846848
14,8,0.18261801022404603,0.8719318557081313,0.8623999847030261,0.11228894618313741,0.13018468967016092,0.09454493883485997,0.0036474796695525197,0.007113357827131241,0.6,0.1,0.0,15,1.692222179891777,9.16520570731891
14,9,0.17662298399692664,0.8724116046851688,0.8670228878896605,0.11799089311740686,0.07405413839236609,0.09454493883485997,0.0036474796695525197,0.00711335782713123,0.6,0.1,0.0,17,1.0421890499251063,9.286962637811907
14,10,0.1765876578307512,0.8773323247607934,0.8763154054920044,0.13436746852663853,0.05719422021263194,0.09454493883486001,0.0036474796695525197,0.007113357827131241,0.6,0.1,0.0,19,1.0057948979633968,9.303293086269589
14,11,0.1816105818986602,0.877483887185163,0.8720856733520796,0.14244774592156567,0.06280212617126277,0.10276629661959782,0.00689080125390865,0.012117815914029221,0.6,0.1,0.0,22,1.8919660171550712,84.0301511816417
14,12,0.15136511861790802,0.8562612239108589,0.8541201512188147,0.15094642717182838,0.14218075350781373,0.09562803212252279,0.00480729634120061,0.007919858401641739,0.6,0.1,0.0,24,1.3582634273699958,16.761938383196444
14,13,0.13284781970886306,0.8423865519953601,0.8439457394684539,0.150259598280542,0.1029890274929185,0.08282771629477738,0.024104456993207228,0.026113847087235197,0.6,0.1,0.0,26,1.050621093047858,101.2242415070498
14,14,0.13278864182424208,0.8472682271243444,0.8531972156902404,0.167212124286494,0.05236127299321015,0.08282771629477738,0.024104456993207228,0.026113847087235197,0.6,0.1,0.0,28,0.9130001912550132,102.42547241083872
14,15,0.1384593518539615,0.8517264794210168,0.8572008626283923,0.17559876592261808,0.10002882605438086,0.09401504368430334,0.08987347567528456,0.06985775923296596,0.6,0.1,0.0,30,1.5675414897317108,194.0362785209803
14,16,0.13424238088102664,0.8470446795269005,0.852393702386792,0.1728128817708999,0.08160056804172267,0.09232190787541085,0.07757331849607017,0.06126495250195626,0.6,0.1,0.0,31,1.568105130480716,209.77006135376723
14,17,0.13043370416805497,0.8378464191742211,0.8387141941937248,0.18498194713624422,0.08461491654614724,0.08960450944043284,0.07235792992111893,1.0,0.6,0.1,0.0,32,2.6687205082533065,4167.82021976406
14,18,0.1302302789154438,0.8425317938996516,0.8477592411141921,0.1936535417871868,0.061960035950358996,0.08960450944043288,0.07235792992111896,1.0,0.6,0.1,0.0,34,2.5062596385399005,4171.155403288612
14,19,0.1302276559290744,0.8474754427380445,0.8570758945854566,0.20867342877794473,0.06100327088001786,0.08960450944043284,0.07235792992111893,1.0,0.6,0.1,0.0,36,2.4856990587255328,4171.588446693692
14,20,0.11789272608521678,0.8334684861380888,0.8426790131084158,0.1887143855109381,0.08189412691241663,0.0829054708013268,0.048226772812895405,0.1585059522926296,0.6,0.1,0.0,38,2.8129339240932576,69.09614712555464
14,21,0.11315367868659168,0.8207931701785575,0.8251897999850699,0.20568188597212886,0.08731238378100935,0.08812570768687478,0.025236195719942588,0.10990784325701104,0.6,0.1,0.0,40,1.5826227787429523,32.513931575805024
14,22,0.11315367990964953,0.8257402158706939,0.8345100166180177,0.22434853314468492,0.0553992684109499,0.08812570768687475,0.025236195719942577,0.10990784325701113,0.6,0.1,0.0,42,1.5826249514310016,32.513932553531184
14,23,0.11315367996680428,0.8356342506407378,0.8531503458499959,0.23700318287083486,0.055399072212484274,0.08812570768687475,0.025236195719942577,0.10990784325701104,0.6,0.1,0.0,46,1.5826250529585415,32.51393259921942
14,24,0.11315078425765399,0.8356298158594616,0.8531456903321759,0.25287467912520656,0.05543329569526192,0.08812570768687475,0.02523619571994256,0.10990784325701113,0.6,0.1,0.0,47,1.5768062820780304,32.511318635347195
14,25,0.10838003011270211,0.8215446208926467,0.8341113622279058,0.24623354247280124,0.14457462359892825,0.09125053424307959,0.0269892363836077,0.11047173397622363,0.6,0.1,0.0,48,1.205194472648079,36.77561537724056
14,26,0.10746057404439191,0.8340023764389135,0.8595169515003176,0.28591057838258194,0.0621051961130916,0.0908702999872651,0.03878128653355079,0.029854795612781388,0.6,0.1,0.0,55,1.4957634788591767,5.766780057517157
14,27,0.10698449134012035,0.8380373740773587,0.8678754535044527,0.30609884500841356,0.062207563227603534,0.09080463260891161,0.03970093132775891,0.02972622453089103,0.6,0.1,0.0,57,1.4805205908787462,5.341031216674461
14,28,0.10546340070650508,0.8413895544823069,0.8755924156102969,0.3114026409607094,0.05829559807263243,0.08921938505767404,0.03489330998968724,0.03456620013569543,0.6,0.1,0.0,58,1.4989061557133836,7.6736051574985185
14,29,0.10086318385315561,0.8165474756614531,0.8332068359591526,0.2758917558897745,0.060635940022894214,0.08085887291923984,0.04439339712818977,0.07422472847414018,0.6,0.1,0.0,59,1.6072877227977638,5.947641233434132
14,30,0.10584865624379189,0.829587263388932,0.8547929229597027,0.3061190319969277,0.07006738209445497,0.09133954990698785,0.05182649417326819,0.02472732304438367,0.6,0.1,0.0,62,1.1541839594750922,14.989347335644627
14,31,0.09987565750963234,0.8182711247812894,0.8429402728691028,0.3228860947627002,0.0998007509001935,0.08678633538368995,0.07020288751214583,0.08114514291728087,0.6,0.1,0.0,64,2.198526802266416,7.203308629551676
14,32,0.09930429188848372,0.8219388964822216,0.8509153569538664,0.3401038059542958,0.0639845653989877,0.08678633538368995,0.07020288751214583,0.08114514291728092,0.6,0.1,0.0,66,1.632430755370094,8.441947305923566
14,33,0.09865126138088282,0.8302029551483745,0.8678329971289939,0.36202197036494876,0.06212375636004763,0.08939403178162308,0.05626763277585818,0.0344057003226365,0.6,0.1,0.0,71,1.5786986631634763,9.72752182925868
14,34,0.09738345042259577,0.8371358185603872,0.8833597193947786,0.39735492613407936,0.06379890798085411,0.08939403181931894,0.056267614049965706,0.0344057050223733,0.6,0.1,0.0,76,1.3050745348660728,10.529816046023535
14,35,0.1841564581079118,0.937770733124527,0.9970266144486403,0.6356048527346467,0.14706337619784893,0.0779286608523134,1.0,1.0,0.6,0.1,0.0,120,1.565780296853787,18.88534785812241
14,36,0.18152722086970813,0.9314839486618103,0.9904228334379166,0.6649895219451818,0.17188496411212922,0.0777134940249734,1.0,0.03929912549076744,0.6,0.1,0.0,122,1.7672225445688847,22.09751999469252
14,37,0.18111827722408586,0.9353970564763031,0.9986563840807872,0.6886152453163059,0.15062756106011108,0.07769774937728997,1.0,0.04166342453228996,0.6,0.1,0.0,124,1.7664728142106907,22.060754012987225
14,38,0.18173711425859565,0.9201679729730526,0.9702234324716504,0.679584319425723,0.1495333211720296,0.0797819593378343,1.0,1.0,0.6,0.1,0.0,130,1.3626159907288973,20.031680599534862
14,39,0.18123176189523643,0.9237663545005694,0.978125588780063,0.7035689506421068,0.15307805558742676,0.07978195933783426,1.0,1.0,0.6,0.1,0.0,132,1.5838496791786338,19.922627887452464
14,40,0.17983824102290935,0.9370125779170928,1.0044747336478554,0.7336119054135306,0.14673019243298563,0.07765993810621948,1.0,0.08603956282793637,0.6,0.1,0.0,151,1.548804812288228,14.458773277847843
14,41,0.179313081512121,0.9460624941694281,1.0222447731046562,0.7764808401811055,0.1470474426789238,0.0771008090854831,1.0,0.08972526947194076,0.6,0.1,0.0,156,1.5589401393926732,21.830296533658053
14,42,0.17625648290720944,0.9388961532992309,1.0147488190503489,0.7814154931905551,0.1621216164380861,0.07582856400318956,1.0,0.08536632539056199,0.6,0.1,0.0,159,1.630369415222193,16.381346614919526
14,43,0.17632733891618202,0.9433074714001719,1.0234855281290312,0.7516039269037863,0.1495358053602857,0.07648244832709379,1.0,1.0,0.6,0.1,0.0,161,1.7055318815160383,14.11637993830234
14,44,0.173582957923888,0.9363083348878398,1.0161568587415173,0.8158365767416953,0.1554319013419482,0.07548554322553096,1.0,1.0,0.6,0.1,0.0,166,1.2749452348182926,15.238650519891896
14,45,0.1725331791310505,0.9377759285622924,1.0258308198305455,0.8449223189463133,0.18771931558195226,0.0789224389532143,1.0,1.0,0.6,0.1,0.0,168,1.4716294885605636,13.613896883207383
14,46,0.17306954604440447,0.9354875322597759,1.0233407202517233,0.9155309694554691,0.15177857596922617,0.08164002872210821,1.0,1.0,0.6,0.1,0.0,179,1.6066624923287192,41.21609614803618
14,47,0.17160036781975901,0.9279596800694568,1.0113622132485627,0.8625225115134925,0.1507703069757477,0.07984697797688553,1.0,1.0,0.6,0.1,0.0,183,3.27584723738914,26.799186153544508
15,0,0.7615723139278434,0.9752671304655283,0.9739939133395903,0.058695226871428835,0.0,0.0,0.0,0.0,0.6,0.1,0.0,1,17.565860363815727,64.47380944355919
15,1,0.5532421535829037,0.9920683740676712,0.9888547884107882,0.10846856849541013,0.20121145107083907,0.0908087878564817,7.271311811418e-05,0.0001776305341127,0.6,0.1,0.0,3,11.202928531728318,39.60769950847335
15,2,0.427318996115368,0.9927093475867276,0.9877038952932569,0.13869086824131477,0.3609319082302495,0.14948375417107923,0.00251466979478372,0.015570936205701541,0.6,0.1,0.0,4,11.940140620190585,39.985762365787465
15,3,0.305947921237111,0.9409599885503213,0.9388378759280746,0.10728086314433855,0.2874940901298107,0.10356775899154748,0.00044853068391003997,0.00109571349730538,0.6,0.1,0.0,5,5.041614261767722,17.38135728583299
15,4,0.29467169840795165,0.945595314714319,0.9384025010568194,0.12917832243008734,0.1908066254953993,0.14176522499446134,0.0025873829128978997,0.01574856673981433,0.6,0.1,0.0,6,7.164133781995631,47.165255603722926
15,5,0.21988241967557579,0.9034053867034554,0.8992048797000004,0.10610944309579202,0.27393509102458785,0.10825383896067076,0.0005179517972491099,0.00127363864914363,0.6,0.1,0.0,7,3.320368633153659,6.590441971113148
15,6,0.21970112010845794,0.9088987303209162,0.9042675349136131,0.12145112948875562,0.14474582558247018,0.13116552958013042,0.0016472616697872401,0.008651894906727341,0.6,0.1,0.0,8,3.2132223389618204,7.837012184149425
15,7,0.20201052254204718,0.8932007132381623,0.8883795440013866,0.10923438149316543,0.09540818756379267,0.11131481185436197,0.00067292912505658,0.0016772419561515602,0.6,0.1,0.0,9,3.1477854452127723,1.9998336398536412
15,8,0.1962221454950516,0.894163532560342,0.8935103927914942,0.11408337202936132,0.08202817916507882,0.11131481185436205,0.00067292912505658,0.00167724195615154,0.6,0.1,0.0,11,2.9320355821468485,1.8167804912734464
15,9,0.220461895079023,0.9109728169977347,0.901272848896836,0.1537826091034772,0.14537726649002733,0.16481271194137606,0.005103276677982689,0.0828188059338762,0.6,0.1,0.0,12,4.096813497095506,42.05525335373319
15,10,0.1945846595533068,0.8906104100762154,0.8851854913411533,0.12932852415828827,0.09030218505795191,0.12634168980787278,0.0018887795601100598,0.00995340355791247,0.6,0.1,0.0,13,2.646669616179383,5.358762389896127
15,11,0.1915643560484159,0.8832283435757639,0.8733355837028198,0.12892552095231175,0.08971991532912896,0.1254098634230646,0.00152481380542927,0.00816669329106364,0.6,0.1,0.0,14,2.84194097313212,2.694062654673467
15,12,0.19442666100997166,0.8861128560699468,0.8762165111743784,0.14281990921731244,0.0788992035446945,0.13032571604635984,0.0015692908839324501,0.00986266816865319,0.6,0.1,0.0,15,2.9770064677959214,1.6487805026763729
15,13,0.18758805760195782,0.884831597390574,0.8791993979094515,0.13572805285636194,0.09072904640066407,0.12346606098816765,0.0016218621817185401,0.00875545157386541,0.6,0.1,0.0,16,3.7070573093871726,4.290522670432771
15,14,0.1761957024156545,0.8708565049670397,0.8602141805391045,0.14587857096650497,0.174139374454955,0.12803253060804157,0.007669011758723481,0.01378886380732482,0.6,0.1,0.0,17,2.859440449207024,4.837927929753038
15,15,0.1634638066750425,0.8633234740643354,0.8568874310698994,0.15670225310914532,0.07192111882550355,0.1133205177697616,0.0035617821087367005,0.02328204857301929,0.6,0.1,0.0,24,2.5224405891509445,4.655425488902122
15,16,0.16045625558162427,0.8604125272985725,0.8538910175904131,0.1577973158483044,0.0800191381145745,0.10995953718188439,0.01121730122408052,0.18126824930908636,0.6,0.1,0.0,25,2.754557510264891,6.0394224293487895
15,17,0.13862420012316007,0.8380144494990176,0.8307030771331999,0.1500679625527315,0.17949100030991919,0.09766098235654128,0.014458263064772969,0.7399648244985414,0.6,0.1,0.0,26,3.463386778611508,16.252788663476785
15,18,0.25334169475053736,0.9674676800692138,0.9732313056685029,0.2758288619057372,0.17888651819836648,0.12586589481895924,1.0,0.12210626157198372,0.6,0.1,0.0,28,3.045359581987922,8.648044644787495
15,19,0.22841361227543058,0.9367717290421997,0.9378841138987157,0.25466177915434024,0.1972189700642587,0.25786109695968357,0.0045493309000173695,1.0,0.6,0.1,0.0,29,3.5583769593564147,49.776762150149416
15,20,0.24898601433448028,0.9555730976771142,0.9562526145739865,0.28543306007239927,0.24824153702516277,0.1373035277850619,1.0,0.34079767849782694,0.6,0.1,0.0,30,3.7868668120030495,15.752555042523602
15,21,0.2486196623159267,0.9590584858497011,0.963907856296221,0.2953483909739977,0.20004840158957077,0.14144933928472986,1.0,0.3410169497259385,0.6,0.1,0.0,32,4.050700176226219,16.57694159941246
15,22,0.13723838078939282,0.8457067177492585,0.850225701887359,0.18157112221951616,0.12806369847951718,0.11858639600171256,0.0678423978921532,0.2875484687803908,0.6,0.1,0.0,33,4.911352434048457,4.276194140209865
15,23,0.14077756424009405,0.8491478905986044,0.8536539959886263,0.19063092271821483,0.08336597981571603,0.12670868993500495,0.05601270986308733,0.2392685502424269,0.6,0.1,0.0,34,7.740076987082759,5.825363789391637
15,24,0.1301587313472691,0.8282513280581606,0.8276518224857268,0.18615354730198333,0.19292862340503594,0.12551834667880987,0.04594455724081522,0.17779386735166877,0.6,0.1,0.0,35,4.300127016424149,4.975364639961029
15,25,0.09236344949912205,0.7825970510134735,0.7773111629106637,0.15010435583440454,0.09051167433212089,0.06416568062725658,0.06783438270471713,0.1804540606768124,0.6,0.1,0.0,36,8.37663971624687,6.835610176979335
15,26,0.12318416977907148,0.8173502904060248,0.8202026003719403,0.19275277443396915,0.1739701819181098,0.12505504837565992,0.06921977436492097,0.27036171483887206,0.6,0.1,0.0,37,5.84523148265561,4.962400623773446
15,27,0.11989563465960926,0.81219679824135,0.8148735776354153,0.1932059705667851,0.10663918787769085,0.1222685684139023,0.0685005955093857,0.27422285108449584,0.6,0.1,0.0,38,6.086370342346793,3.916650325681992
15,28,0.11840818024273,0.8125792584148963,0.8193498851606089,0.22281350633340888,0.08812394569306843,0.12286496463898783,0.07353298681889743,0.29351350432681955,0.6,0.1,0.0,44,5.149841294618611,3.8271269875604297
15,29,0.11702661664284088,0.8080741370751241,0.8145730314316121,0.2347668210951479,0.12308762305269018,0.12278910106616425,0.08172198617673057,0.353706312110535,0.6,0.1,0.0,45,4.291436497141352,3.545095818230807
15,30,0.10471267647552983,0.7962143113232498,0.8067140074625456,0.22359116614305474,0.10036158773691782,0.11191638664732356,0.05122480386068816,0.1623825536628249,0.6,0.1,0.0,47,4.292336271652133,2.916842587696076
15,31,0.10146415219830526,0.7926824868813912,0.8031595880736314,0.22354487454739455,0.07249974140966468,0.10577445384950208,0.057146891265605626,0.2707263732545281,0.6,0.1,0.0,48,4.359219074940604,3.779223898679679
15,32,0.2652732393112706,0.9490110800229363,0.9629100667231811,0.41799904420828343,0.25959564108011407,0.3876004042600533,0.06479418594301965,1.0,0.6,0.1,0.0,55,3.863574417313656,3.516071245980735
15,33,0.2793635278554204,0.9666549741656874,0.9848258980755519,0.4387435668715335,0.2613460464641315,0.41279848256722157,0.060236133643903164,1.0,0.6,0.1,0.0,57,3.8696013490535615,3.7849547905554735
15,34,0.2862333695176197,0.9729020319377653,0.9910280152383415,0.4489418974755628,0.26762368763710337,0.4245009496956476,0.061224275998128005,1.0,0.6,0.1,0.0,58,3.811623826201674,3.896645016766135
15,35,0.3020848969728863,0.9922463594669728,1.0146411962410762,0.48141105152666436,0.28250523580283643,0.45140406584335374,0.06403798806510412,1.0,0.6,0.1,0.0,61,3.736123306004666,3.7958450776509607
15,36,0.32524311790889504,1.0196328067418046,1.0463495929207685,0.5178284201387826,0.30843053228768114,0.4897671264687378,0.06820151504163105,1.0,0.6,0.1,0.0,62,3.625466904204294,3.762813863727005
15,37,0.29705080015807545,0.9914201173004502,1.0181354548359927,0.5033317526261318,0.2726049907889287,0.44318177701319855,0.06586846750793421,1.0,0.6,0.1,0.0,64,3.735656271939445,3.703779874314118
15,38,0.6250508091024004,1.310563378918844,1.3366599708283828,0.8352529764751306,0.6275513706061734,0.9925594628266404,0.08122999652690592,1.0,0.6,0.1,0.0,68,4.949279917353544,4.79880990935911
15,39,0.6284226048074484,1.3101560886853802,1.3360018101496405,0.8419868180066818,0.6445058744066898,1.0,0.08124551238426755,1.0,0.6,0.1,0.0,69,4.871104098252102,6.129114789447893
15,40,0.6111466510911729,1.2970863198649536,1.3272542806556904,0.8317263876002409,0.5996288059080025,0.971267368968266,0.0833638479795714,1.0,0.6,0.1,0.0,70,5.128253934923906,4.270606916961557
15,41,0.6152581083961767,1.3005031242273093,1.3306242628763056,0.8392821094700091,0.6028956810312088,0.9784756462954596,0.08337862453681227,1.0,0.6,0.1,0.0,71,5.126587392939529,4.439890305464719
15,42,0.6101188414041492,1.2971870790474902,1.3314787197921094,0.847932000354603,0.605595508633636,0.9712673451606516,0.0833638493733891,1.0,0.6,0.1,0.0,73,5.108947595464695,4.545993589463102
15,43,0.61413833823591,1.3000676332811276,1.334284848430765,0.8554115462381887,0.6066992620616337,0.978475622236451,0.08337862592818797,1.0,0.6,0.1,0.0,74,5.105536454580284,4.721285140815408
15,44,0.6119452036909737,1.2928358575703198,1.3226739337604498,0.8636270790225731,0.5937088198580663,0.974826058688747,0.08358986486567829,1.0,0.6,0.1,0.0,76,5.099585544087123,4.723682527996795
15,45,0.30982578091428314,1.0095564809166955,1.0568241557420652,0.6078395045334675,0.2924455534228896,0.4645063897846898,0.1270817160955015,1.0,0.6,0.1,0.0,86,4.795033534631835,5.465599144037774
15,46,0.28728909883585757,0.9799306913263102,1.0226881240316519,0.6048276627111562,0.27083525589784285,0.43175890693233726,0.10340711072226835,1.0,0.6,0.1,0.0,92,3.7522206359299606,5.720561977725942
15,47,0.28933015503710036,0.979267116567821,1.0218510919397004,0.6067891088838674,0.30144015256815054,0.4362692713097016,0.1034004932997024,1.0,0.6,0.1,0.0,93,3.759135176034232,6.051580137214716
15,48,0.2969671029220151,0.9871511735236195,1.0297509436736754,0.6259651642537721,0.28790539615152944,0.4489676785279109,0.10298533647313476,1.0,0.6,0.1,0.0,94,3.766171026477237,6.002515291777394
15,49,0.25179376266463666,0.9392855209927129,0.9817140001837754,0.5656990087863705,0.2585991719900828,0.3760578863341682,0.09505918060162231,1.0,0.6,0.1,0.0,95,5.995032602141421,6.000825032432927
15,50,0.2773998558890251,0.9680641671232664,1.0188176909945996,0.6281510683067815,0.27282359387719607,0.4075007123028458,0.17708307421340888,1.0,0.6,0.1,0.0,101,6.046728360727584,4.942460306027096
15,51,0.2867834259779936,0.9779878266084884,1.0328425890955906,0.6596866588785973,0.28274701222854665,0.4250385858767498,0.17444323512605237,1.0,0.6,0.1,0.0,105,6.130864273180372,4.899368671727926
15,52,0.280150178775748,0.9760781035888854,1.0352922997558838,0.6757185521383992,0.26693134575145927,0.4161220523020221,0.16204109093155816,1.0,0.6,0.1,0.0,107,6.608970071795915,5.298482201566103
15,53,0.27990941089606775,0.9806062695696943,1.044182703085022,0.6873371336442198,0.26648153183278855,0.4160334080260367,0.1605032300678359,1.0,0.6,0.1,0.0,109,6.648518281810649,5.304237151272472
15,54,0.26551569459589736,0.9661145144823123,1.0296849815540856,0.6465065500338337,0.25157086255391126,0.3909744647975213,0.16710389325683134,1.0,0.6,0.1,0.0,112,6.346255644696903,5.411837364622182
15,55,0.2813040574314022,0.9857097323810304,1.0535836160916694,0.6694908477014259,0.2726317050391822,0.4184938504890019,0.16202180403976502,1.0,0.6,0.1,0.0,114,6.61516155910994,5.393272838536687
15,56,0.2779361111051332,0.9757629672089442,1.0391641759233188,0.6623592432207819,0.2792427858216777,0.40975485842406045,0.18378420614705715,1.0,0.6,0.1,0.0,115,4.228325683743395,12.88628531478884
15,57,0.2017573888874069,0.8917673512465688,0.9546971928114051,0.6295482500626475,0.2131574186183809,0.28395490440284393,0.190190623805446,1.0,0.6,0.1,0.0,118,6.57181047043698,6.370092042407834
15,58,0.20660294182347805,0.8954868061188432,0.9583494204350034,0.6485132633526434,0.1978044184418192,0.29477988544038614,0.17549741558824858,1.0,0.6,0.1,0.0,121,6.6882610503485145,5.650812709573448
15,59,0.21867066329842494,0.9117256767316263,0.9789151959802448,0.6660265978743972,0.21359820620168302,0.31631985841331633,0.168158146182427,1.0,0.6,0.1,0.0,122,6.364636647899237,4.984701663794344
15,60,0.25636057134561463,0.9471608051868354,1.014216303428529,0.6999040987388461,0.2650119281133499,0.37653104820117617,0.1872796477363749,1.0,0.6,0.1,0.0,123,6.491565360137128,4.73953142989493
15,61,0.25749471843516747,0.9474077939522946,1.0144107156330255,0.7045477681046463,0.2538931485971989,0.37864838596991995,0.18725890441466292,1.0,0.6,0.1,0.0,124,6.497407183245605,4.815764489557493
15,62,0.25737062378728637,0.9513841981229364,1.0227103075157686,0.7169214985154271,0.24964268969017397,0.37864838596991995,0.18725890441466292,1.0,0.6,0.1,0.0,126,6.406105205762951,5.006732007827019
15,63,0.20607450985357387,0.8915532671142911,0.9582949488823957,0.6598369663638526,0.2271029920233401,0.29400173514992023,0.1873405543842015,1.0,0.6,0.1,0.0,127,6.442547331957398,4.69607680912141
15,64,0.2060407772075379,0.8975630169397225,0.9728257532124874,0.7047192353076516,0.202444450980105,0.29020732420160267,0.215024516406557,1.0,0.6,0.1,0.0,132,7.11259837965021,5.102549372094346
15,65,0.19133848786343177,0.8858235679400346,0.9653436343325787,0.7099550236813434,0.19904511934181007,0.2709518258277116,0.1861875631485171,1.0,0.6,0.1,0.0,133,6.613845562312369,5.268521129977005
15,66,0.1841974700455608,0.8826028691292536,0.966436868826406,0.7569774392627973,0.17474475711058196,0.26053442908306984,0.17852256728486035,1.0,0.6,0.1,0.0,148,6.411396584999732,5.124706045145606
15,67,0.17643978638962127,0.8929955840964453,0.9942273239957872,0.8116874058988381,0.16772452955328065,0.2476270408301264,0.18044430205748846,1.0,0.6,0.1,0.0,161,6.265315590019376,5.044987890575273
15,68,0.3009168053135857,1.0221072188522717,1.1276938889055168,0.9998188904065883,0.2914419101233998,0.45678418898989553,0.17069607232722508,1.0,0.6,0.1,0.0,171,6.421159350199738,4.634397459218542
15,69,0.3028171261354062,1.0219675669785326,1.1274363520029653,1.0053804526680223,0.31121647272375996,0.4603736645874644,0.17066041930397535,1.0,0.6,0.1,0.0,172,6.438064754203236,4.778619016663038
15,70,0.30260919852155455,1.0216726740182844,1.127136447029045,1.009074141400947,0.29385658519724966,0.4600382649279351,0.17069850161190586,1.0,0.6,0.1,0.0,173,6.440004255731959,4.777962458509952
15,71,0.3358063588215067,1.0444595709513007,1.141147444530341,1.050868015694141,0.32742234905165657,0.5160165696300926,0.1673883920320323,1.0,0.6,0.1,0.0,177,6.438385159869662,4.818377020732846
15,72,0.3350323570913156,1.0584439879458263,1.1682465562100448,1.0766222517949033,0.32593820518913164,0.5147432036279332,0.1673851427302793,1.0,0.6,0.1,0.0,179,6.439818108282679,4.818316738908141
15,73,0.3320016765989332,1.0482290376481957,1.1535297313799275,1.0811241053042506,0.34235496501934765,0.5091603842245431,0.17320300743425512,1.0,0.6,0.1,0.0,180,6.418810551075399,4.737563357337846
15,74,0.3114162357757474,1.056967893688519,1.1884870152754747,1.1435975728200773,0.3024296850006196,0.4746755339597985,0.1746730996853407,1.0,0.6,0.1,0.0,200,6.429935384673964,4.737450960181862
16,0,0.8257579796179828,0.9828838956145335,0.982002756430668,0.06045188025945388,0.0,0.0,0.0,0.0,0.6,0.1,0.0,1,13.415851518816584,71.1332108496322
16,1,0.5536566008247522,0.9895429006161501,0.9863622086164857,0.1054502867095618,0.22361611575401769,0.08553646071100358,6.132729970514e-05,0.00015913061558032,0.6,0.1,0.0,3,11.399456311716854,37.47733359429674
16,2,0.4547658765193925,1.01897737435067,1.013993620748599,0.16463144607602212,0.38845476141065366,0.19255759485157556,0.00253677528376493,0.03997764714615541,0.6,0.1,0.0,4,14.235165042009791,40.06736049598877
16,3,0.20508093943999547,0.8962935079784706,0.8914569992284163,0.10370363315974962,0.7093335280916002,0.11691985230622214,0.0009489196936240899,0.00326317089330501,0.6,0.1,0.0,5,4.07224649681947,2.794063081377824
16,4,0.1944619845438162,0.8883430460711302,0.8832121749099305,0.1051177087554472,0.09027382397567026,0.11326430227124566,0.00055985931962766,0.0018734961069094402,0.6,0.1,0.0,7,4.337927081037941,2.320765320074329
16,5,0.19229360680858007,0.886730988358108,0.8815301405832772,0.10652088027762184,0.07834419090668125,0.11256244119650728,0.00224390246285606,0.01133807149850099,0.6,0.1,0.0,8,5.955769313512077,4.88172710623415
16,6,0.17176218806566396,0.8702825584556547,0.8643702129120542,0.1027993589396415,0.17273582650225536,0.10844966806031948,0.00064780479835874,0.0017905926533983599,0.6,0.1,0.0,9,5.406831836269819,2.355835209623261
16,7,0.16642002619745255,0.8656828020639221,0.8595452884039582,0.12674740261329195,0.06977865465364154,0.10805901577462465,0.00073430796541156,0.00181135409952251,0.6,0.1,0.0,16,7.821262758020095,4.833298353626932
16,8,0.16149796875071495,0.87120169907917,0.8735473336455205,0.12811806424813643,0.10541070175894711,0.10928921283267327,0.00072383076624292,0.0018858077634245698,0.6,0.1,0.0,17,6.981844424941774,3.9880243515565055
16,9,0.14998421232040554,0.8549003046327489,0.8523292211134398,0.12362128811602864,0.10595230032482031,0.10738998288060701,0.00416446826861255,0.00278445324524263,0.6,0.1,0.0,19,6.93272860947376,1.4217575135293683
16,10,0.12575616967571815,0.8368331716356469,0.8418022906236693,0.14359291511651148,0.09679966280751698,0.10001861790418884,0.00307575927254977,0.00601515665091518,0.6,0.1,0.0,24,7.138711775606093,2.223800853312793
16,11,0.1251244747842541,0.8406894942790017,0.8499448677578781,0.15379304114384207,0.06529468375296311,0.10096227798803165,0.0033819489651882202,0.00522022634020236,0.6,0.1,0.0,27,7.292912641957942,2.259304129859872
16,12,0.1185632999987491,0.8267911006029783,0.8312728170876456,0.16033978306625282,0.12051773668904268,0.0990272313652536,0.0032757578653283,0.006770381233458569,0.6,0.1,0.0,28,6.087337101465138,3.1576796529980453
16,13,0.11779665353272026,0.8288024952849624,0.8373504703084654,0.19356060070008443,0.06937240150400191,0.10346226855803707,0.006932299939538469,0.03225219316850011,0.6,0.1,0.0,35,7.115486173426798,2.5450130250429144
16,14,0.1133503041108076,0.8219883959965816,0.8302288715096525,0.21236151056046362,0.08541472082199271,0.10188513420146308,0.007982313565461011,0.05528184564240749,0.6,0.1,0.0,37,5.74643331799601,1.4411909623231471
16,15,0.11345510271431328,0.8257277269484351,0.8381861035199725,0.22256124174029335,0.0754128789035266,0.10501186261834466,0.00730319548053691,0.04735397644728857,0.6,0.1,0.0,39,5.234426946576622,2.1844057155939387
16,16,0.11005896588865437,0.8209749937466855,0.8332767255747988,0.21434027149121684,0.08594452193068422,0.10229780308714147,0.00648810419977284,0.05405960317573995,0.6,0.1,0.0,40,5.680867131091432,1.3601863104372012
16,17,0.10258606305112525,0.8137436284878949,0.8299264003759868,0.22457855179538858,0.13326385741969082,0.09747406671735823,0.009242935527379691,0.07246536888394514,0.6,0.1,0.0,41,7.5069887063375615,1.6016646128715533
16,18,0.09545123819212606,0.8082148436630276,0.8284403105518878,0.2258007843866379,0.08098526570891362,0.09068165103861338,0.00943079061902996,0.07722653436963613,0.6,0.1,0.0,43,8.587331202769498,1.836490702275011
16,19,0.09255431745390987,0.7917349853261517,0.8068298342788213,0.2197344622555131,0.1724823264352418,0.09570926215560882,0.01108020950285969,0.07804077255833461,0.6,0.1,0.0,44,7.129000288284159,1.6542574834311483
16,20,0.09150324704097755,0.7918843689240073,0.8110489326167072,0.2415713194836913,0.08223228741712253,0.09781144905111723,0.00943437177073636,0.07223526290398244,0.6,0.1,0.0,46,8.752664232736386,1.5567145951025978
16,21,0.09138633988206851,0.7962271747165307,0.8197259085164125,0.2579228607652718,0.061750586459198266,0.09813603130809828,0.00902021793706791,0.07164487568920844,0.6,0.1,0.0,49,8.901992512845545,1.6066818619108307
16,22,0.08587317950784852,0.7734043330248234,0.7915926168328924,0.25474548911821454,0.2018615769834044,0.09763381761126654,0.01534765562926697,0.07663476103972645,0.6,0.1,0.0,50,7.800638372448715,5.684399078506219
16,23,0.08579787873705566,0.7763388354999646,0.7987606933442779,0.2646127103203835,0.07139054991678136,0.09835892251153067,0.01798622420867087,0.08093455837409065,0.6,0.1,0.0,52,8.070819707042821,6.4139967637982265
16,24,0.08407634879223926,0.771822772494776,0.7940464114459672,0.27678134449013764,0.06763145249921153,0.09775116866589292,0.014976964125732009,0.07456348408167691,0.6,0.1,0.0,56,7.165861463275996,5.597577471270992
16,25,0.08379807638083983,0.7704853172797115,0.7926346163907387,0.2799927140995945,0.07149710106196971,0.09793441764461613,0.01494483050725011,0.07399510693168121,0.6,0.1,0.0,57,7.180004603026461,5.898495587195742
16,26,0.08330331166046959,0.7691616656645678,0.7912529883048286,0.2829781155634129,0.06885867093378506,0.09772766682790202,0.014208634559345882,0.07431391620223413,0.6,0.1,0.0,58,7.371521671483516,6.176152950686896
16,27,0.08957008730820054,0.7879295143212061,0.810925609222646,0.2880445994608908,0.12327284300412897,0.09916173616949481,0.01752873753212899,0.07290134931560081,0.6,0.1,0.0,59,7.783408908837885,5.766401926261815
16,28,0.08777817424655504,0.7903111189337934,0.8176221656751966,0.29662826456638697,0.06733543154849943,0.09644459566522592,0.0194839748756167,0.07469238028385464,0.6,0.1,0.0,61,7.754291049241979,5.86762568375921
16,29,0.08777817424655504,0.7903111189337934,0.8176221656751966,0.3034748640101743,0.05981525604736467,0.09644459566522592,0.0194839748756167,0.07469238028385464,0.6,0.1,0.0,63,7.754291049241979,5.86762568375921
16,30,0.0869280471054793,0.7875408643359828,0.814708815875728,0.3097164823435055,0.06301153700288087,0.09644808143392591,0.01955659104001438,0.0746872536706604,0.6,0.1,0.0,65,7.71805504388912,5.818144748119385
16,31,0.08824379709363521,0.797404740515911,0.8292159264880561,0.3174997083013051,0.05980402613277503,0.09599146249846428,0.019003600316396578,0.07556247710069107,0.6,0.1,0.0,66,8.13890236253251,5.738236411265673
16,32,0.08113940570688558,0.7685634844083924,0.7988327122529573,0.32594505400888585,0.061371284128101514,0.09783032864304583,0.01908976347643315,0.08161139424564705,0.6,0.1,0.0,69,7.431654774982592,5.837504997685615
16,33,0.07769580301217245,0.7587892390773597,0.7886406087536537,0.33654030429130366,0.07472035008869178,0.09518221506372897,0.01840475541294705,0.08650195692476739,0.6,0.1,0.0,73,7.182214619220288,2.987163489426984
16,34,0.0776307811531394,0.7535948789941925,0.7790612016828152,0.3397130459279206,0.05929275588430555,0.09512439793433654,0.01858686511178651,0.0864979856596203,0.6,0.1,0.0,78,7.174994710655481,2.992992512412233
16,35,0.07754781423177737,0.7533081363282569,0.7787611866977316,0.3396265785174287,0.05992184128779598,0.09510213720205998,0.01843140355148765,0.08446928529525974,0.6,0.1,0.0,79,7.189947234052678,3.125927871644904
16,36,0.07752383469913438,0.7577401464269611,0.7875343809772121,0.35001072837515085,0.06623359462059032,0.09525072491457617,0.01860142326840699,0.08676273584739258,0.6,0.1,0.0,80,7.207525218148173,3.010154855246136
16,37,0.07874710491072565,0.7585830781522729,0.784303608354924,0.37555354197760155,0.09076232313899238,0.09523282054036715,0.01843769204514588,0.0858682347260423,0.6,0.1,0.0,81,7.1264382663578765,3.039718139841526
16,38,0.07768524233753911,0.7735558410479184,0.8205760701869513,0.4621392346957671,0.060638449591286406,0.09681890218717625,0.02126572346305341,0.08216635244159397,0.6,0.1,0.0,98,7.738242925623246,6.195941988947546
16,39,0.07849887887758998,0.7790261519833237,0.8304009469618177,0.48210223875882324,0.06391266598487676,0.09802869364202135,0.022850293981892582,0.08122371970623186,0.6,0.1,0.0,99,7.073126106820386,6.270469410566441
16,40,0.077065148248991,0.7712958374402534,0.8182113223953833,0.4758582288912817,0.06433548570602166,0.09649285921269153,0.0209677781580791,0.08215173985536392,0.6,0.1,0.0,102,7.744984210165537,6.251713976392147
16,41,0.07743439104014892,0.7764300433578646,0.8277070963146231,0.5028150605482169,0.060843793358797714,0.09703754987886734,0.02182353916179628,0.07831663188273497,0.6,0.1,0.0,106,7.544145942566615,6.817885711798238
16,42,0.07759609370779195,0.775526924002248,0.8267363164580386,0.5247639209919138,0.07104855035721214,0.09761754215960265,0.02245632876751715,0.07822576675718808,0.6,0.1,0.0,107,7.465663865670312,6.125150034104268
16,43,0.07542071242723235,0.7826586433028563,0.8425771463926496,0.551669449813085,0.059714123814373625,0.09468358536098723,0.01966277763362095,0.08155058326355957,0.6,0.1,0.0,113,7.688390837632862,6.498845668397671
16,44,0.07488486428840661,0.7792329145044551,0.8389692653781284,0.5619149525872056,0.06807112401860213,0.09482051385171304,0.01996856672289215,0.0812741110525249,0.6,0.1,0.0,116,7.765478531325765,6.509492594788759
16,45,0.07455068714818636,0.772576501863532,0.8278535734966779,0.5760616365195832,0.06102343922920325,0.09487173154453685,0.01929747319291624,0.08122488648174635,0.6,0.1,0.0,122,7.809508868500277,6.614809246287033
17,0,0.8517726768536802,0.9852344806622022,0.9844743682403798,0.0608949092983991,0.0,0.0,0.0,0.0,0.6,0.1,0.0,1,10.272930679650049,60.40536682805915
17,1,0.606056137116893,0.9976348037545076,0.994916167531514,0.10654226852549856,0.1985405825662959,0.084061784971018,8.240493586971e-05,0.00013904284738077002,0.6,0.1,0.0,3,6.609955032025777,38.18344968870281
17,2,0.47791344387173684,0.9865887015494418,0.9824976930925474,0.11873129953580167,0.2736117986234581,0.10967561617877261,0.00252574199615922,0.00918500616774527,0.6,0.1,0.0,4,6.266799605199009,39.91020535403936
17,3,0.3960121275294719,0.959277572868036,0.9543110966696153,0.10618276267671878,0.18813656456580444,0.0928936045249409,0.00016170435215727002,0.00029496869337414,0.6,0.1,0.0,5,4.002286685302066,20.341634589852948
17,4,0.2970276109041258,0.9231673684099742,0.9167861384773994,0.09446456620598492,0.2610847170042443,0.07832748592738352,0.00128410746784545,0.0021998831375434997,0.6,0.1,0.0,6,3.63203201179267,3.682400079390329
17,5,0.26504500770397205,0.9241047110938321,0.9212520276375696,0.10511343814592072,0.1950578406085982,0.09901114686668991,0.00114842970688584,0.00193775936813457,0.6,0.1,0.0,7,0.8741159469455011,8.221393354440647
17,6,0.21610374992177908,0.8901654547049052,0.8818822658026851,0.09377061128287902,0.20316473467697352,0.08481498215683572,0.0017950161681085299,0.0032186532429094596,0.6,0.1,0.0,8,1.6606724611499235,3.978785461711314
17,7,0.23374749250690455,0.9099005888461315,0.9014970609176498,0.14057324474211033,0.0825700701040468,0.11901735223188166,0.01730702002356438,0.02354482560541945,0.6,0.1,0.0,10,2.6543884233606776,19.6182650146707
17,8,0.20123627816636963,0.8811361571597635,0.8724663450080533,0.09990606501750963,0.08915764672519277,0.08231725989449977,0.00158752656434018,0.0027737077378181497,0.6,0.1,0.0,11,2.0565505254114145,3.912949081277283
17,9,0.19915366439951715,0.8794964698189491,0.8707939588662392,0.10897511258915837,0.05349144524908788,0.0806332138002489,0.0016508205039467,0.00323598845258445,0.6,0.1,0.0,12,2.081131175619632,2.743920660062792
17,10,0.1890841576111238,0.87920227468076,0.8744717013714797,0.10740882513374315,0.11177605514644513,0.08486811256725312,0.00176888517232973,0.00313031180507138,0.6,0.1,0.0,13,1.4422378929211448,5.937657138610438
17,11,0.18776770582001623,0.8795703938205257,0.8696542535313938,0.14810101601492312,0.1336294651348646,0.11747694724001805,0.01707610338609858,0.02243256324493237,0.6,0.1,0.0,15,1.622011967838446,16.49269461073607
17,12,0.1769570568877116,0.8703954970096199,0.8601443859666632,0.15213175548210647,0.12017818705502104,0.11283644203047637,0.01824746798007518,0.026980265381248807,0.6,0.1,0.0,16,1.645387666883707,14.152095225990408
17,13,0.1517174968517304,0.8468236468417762,0.8357634418697029,0.15437695452690436,0.1024589938332777,0.09891329490073353,0.023229326373297148,0.035330146064301696,0.6,0.1,0.0,19,2.300607867894273,15.231725348668633
17,14,0.15876742882418898,0.8681599334481858,0.8706719824208833,0.1608357946930667,0.07735776922798243,0.08013297033784714,0.11291313035130304,0.5349944663516404,0.6,0.1,0.0,24,2.311666358218498,122.83970219792124
17,15,0.19659680879756672,0.9022601043524461,0.9105816571927735,0.1782573063670996,0.07913939056410424,0.08239966017961618,0.11182724307476768,0.5239766289488326,0.6,0.1,0.0,26,2.3399037070393995,108.33693736711072
17,16,0.14029454770412605,0.8489051432989033,0.8500937653773165,0.18831885138769763,0.0722649024673562,0.09462293870184205,0.090509500542307,0.20305568760660053,0.6,0.1,0.0,32,1.3139931985821338,1.927313867931631
17,17,0.15402640466839204,0.8590517313059794,0.8566668585512388,0.1839375075009828,0.08466608182710904,0.10123300907612659,0.04644710488528853,0.08102387569548229,0.6,0.1,0.0,37,4.780163287164554,25.25223352295149
17,18,0.1445092670311478,0.8542317727042239,0.8559066654091693,0.18802976763500298,0.09963065455812653,0.09535862502326095,0.044900080627338114,0.08467539709215706,0.6,0.1,0.0,39,4.5432554906504805,24.771138371247496
17,19,0.13470896351557132,0.8431513161504542,0.844288377422296,0.20927941182148993,0.07701803744008948,0.09465718317379535,0.042779687061876084,0.07639239756503716,0.6,0.1,0.0,42,3.9831478908618583,22.90907873989729
17,20,0.13587437026509672,0.8495209312254757,0.8551106401114634,0.2219112622924163,0.0647733517965769,0.09438143674580268,0.04321493162936778,0.08233329794671099,0.6,0.1,0.0,44,4.063365168224405,23.2445659715074
17,21,0.13904695489449392,0.8468602128678719,0.8478253555636255,0.22999706930099784,0.08273804699311485,0.10599636929108851,0.045231780966382626,0.08507117932185729,0.6,0.1,0.0,46,4.105699697922083,19.535165140621565
17,22,0.13884456859945807,0.8524825236502412,0.8580692595377276,0.2397025480118596,0.07865050667953423,0.09869444634624103,0.04753686840417507,0.08525791684018116,0.6,0.1,0.0,49,4.719150728712921,19.532828896901854
17,23,0.1400957429904741,0.8535898346178816,0.8591312804662609,0.24149548933664386,0.06712039759583087,0.10208558223078712,0.04706459953675563,0.0870147343616121,0.6,0.1,0.0,51,4.640418313708138,19.41848733442688
17,24,0.16924917231861278,0.8866032121880445,0.8984006236748693,0.2614685442360983,0.12843447450156834,0.08642284301149437,0.0559566189379234,0.09955090470268978,0.6,0.1,0.0,52,3.8811734424063,12.254050792972842
17,25,0.1758841098986838,0.8967604666468894,0.9131834357731562,0.2887875475928945,0.06086817142148879,0.08669166895971853,0.05741613012456195,0.09891032999627396,0.6,0.1,0.0,57,3.9256838745178806,12.135686871347335
17,26,0.1834994623270503,0.9044527113811022,0.9208636019848914,0.3030930606929057,0.06575142305433423,0.10036457791204163,0.054646462548527716,0.08840181072004226,0.6,0.1,0.0,59,3.904669054217445,13.599095480670266
17,27,0.16326482036007342,0.8916226715274662,0.911907648413413,0.3031607803435792,0.09910001364300886,0.08687413296869811,0.05476844558581796,0.09703113730102644,0.6,0.1,0.0,60,3.94584659325118,11.743553545708924
17,28,0.17134567016897886,0.9103181079913091,0.9391123962593114,0.33285425565005733,0.08346331178824773,0.10613733895252776,0.07324323868947341,0.12677346738554982,0.6,0.1,0.0,64,5.066816969528994,9.725221080419036
17,29,0.17335646156284393,0.9171669978989393,0.9503769174699478,0.3513011153944804,0.1125661227711108,0.10755372672990535,0.07550918829758564,0.13857180335394048,0.6,0.1,0.0,65,6.338660442562031,11.707280100459986
17,30,0.17913682093351935,0.9119784027388127,0.936754635160882,0.3404026208401453,0.07852050774133057,0.10560448639957828,0.07353064129507661,0.11459231456562405,0.6,0.1,0.0,66,5.95845355650224,14.998438175480423
17,31,0.1729565598439895,0.9021840259765691,0.92216749229966,0.34445191760364646,0.08792894348250191,0.11095391112801305,0.07447187336604107,0.13336889119256548,0.6,0.1,0.0,69,6.154585608353562,8.920874918106877
17,32,0.17261099021165974,0.9067648618233736,0.9311310134211189,0.3613403770550738,0.07462974638214803,0.1104473266571326,0.07199743030551464,0.1287583814443658,0.6,0.1,0.0,71,5.932124309760659,8.481769527866398
17,33,0.17753723216700637,0.9112192840013628,0.9357651672044922,0.36972517916249004,0.08094902786837252,0.1099884406347765,0.08438625715418624,0.14350235503707723,0.6,0.1,0.0,73,8.485876656384933,14.895305482371104
17,34,0.18689015492070785,0.9291506255886285,0.9627787833634764,0.4038883889205812,0.08779593053626111,0.1122925356887747,0.08567534445316143,0.13949777123404455,0.6,0.1,0.0,77,9.975592009643885,14.377593836472071
17,35,0.09453840015773213,0.8090019126834056,0.8492162955898942,0.42618985859972186,0.07073656816241917,0.10409964030258237,0.054041802332211675,0.11322522893137903,0.6,0.1,0.0,92,4.032973561742271,6.844443825037901
17,36,0.09453840208907384,0.8090018960578879,0.8492162458188274,0.4402471962266242,0.0678644517429307,0.10409964385852569,0.054041803455471236,0.11322523415803558,0.6,0.1,0.0,94,4.032973574854314,6.844445506582322
17,37,0.09454904189212406,0.7812562898331393,0.7993848117961996,0.4033974306428514,0.09599302511136162,0.10396764035150732,0.06747114779835556,0.09420742218473886,0.6,0.1,0.0,95,3.667218218902025,19.136954907988265
17,38,0.09523149138470365,0.7855394355376564,0.8079447531791437,0.4262849490480503,0.0774544537633454,0.10717118603542078,0.06033319936816091,0.07433579929737413,0.6,0.1,0.0,97,3.769788487172483,19.72437486625353
17,39,0.08902133806342803,0.7590877212371037,0.7760701754285649,0.4151853442443839,0.22926363041535452,0.10536630800673416,0.06002079697105935,0.08941455538503759,0.6,0.1,0.0,98,3.868943836682036,15.873861270762507
17,40,0.0893068618029757,0.7641223217637195,0.7854648526191238,0.4209566511389013,0.07022698447541142,0.10600421667224488,0.05961370291894572,0.08984306983352981,0.6,0.1,0.0,100,3.8721473815908993,15.705845850989238
17,41,0.09278942659825659,0.760773386880097,0.7776185618547958,0.42227621136992655,0.09425417648561638,0.11246914918171058,0.06092891637709935,0.0902379052280802,0.6,0.1,0.0,101,3.977225376647766,16.07541663134902
17,42,0.11063148345302469,0.8367368349400602,0.8738816459995472,0.5455695637187946,0.07536937856819508,0.11218792581484639,0.07910387073397848,0.11242113691312092,0.6,0.1,0.0,127,1.8552911241858536,12.020167639386916
17,43,0.11060354995531022,0.831722508356727,0.8644907613311255,0.5460807769862589,0.07528735843682968,0.11218808690305254,0.07908700906394253,0.11239714718623994,0.6,0.1,0.0,129,1.855588341935024,12.022293264138316
17,44,0.11179916355086987,0.8368624929567786,0.873918184669987,0.5643962244052438,0.08804154159833141,0.11662183603516715,0.07106679011372126,0.12181667073003925,0.6,0.1,0.0,132,1.9143835571696048,13.125216752277908
17,45,0.0816846551989817,0.7814742223694549,0.8328018925855946,0.6526150162214628,0.06976553128025996,0.09687004411898889,0.06344024653153117,0.12783316906110437,0.6,0.1,0.0,143,1.3999253050934308,3.829513773868039
17,46,0.08617406428319543,0.7743811499485945,0.8209165929028754,0.6502221446994642,0.09894932927617339,0.10689823651128336,0.0632110465012635,0.14369300314239156,0.6,0.1,0.0,145,1.645736565839419,6.261699085521613
17,47,0.08744608674668432,0.7808151511309182,0.8317372016597052,0.6726521105517551,0.07213575051660842,0.1086544848787534,0.06493423316627463,0.1415453288735511,0.6,0.1,0.0,147,1.6270271285801794,6.478785070052607
17,48,0.07934936242985836,0.7671213537794386,0.8217661490521472,0.6703892466659414,0.16887633845702615,0.09744213295119356,0.07214579492716341,0.14074495161470926,0.6,0.1,0.0,148,1.2248759932116018,4.330551263931744
17,49,0.07903853751632914,0.76998713774724,0.828897960208011,0.7021972590225799,0.07479114083685294,0.09744213295119353,0.07214579492716341,0.14074495161470923,0.6,0.1,0.0,150,1.2753722578024078,4.367665445974534
17,50,0.0789788821665735,0.7745347134391433,0.8377980878810357,0.7196895428791008,0.06812966686619572,0.09744213295119356,0.07214579492716341,0.14074495161470918,0.6,0.1,0.0,152,1.3249810392082866,4.405359195297771
17,51,0.1742993455402197,0.8746097603792001,0.9463102229061197,0.9789238947751133,0.1630688201118097,0.10311364734563366,1.0,0.15390656023447463,0.6,0.1,0.0,198,1.1063894326240258,7.351765357910237
18,0,0.805153373178903,0.9802226871634331,0.979204582153101,0.05979102570541122,0.0,0.0,0.0,0.0,0.6,0.1,0.0,1,17.084092021201727,54.35002478818318
18,1,0.5795083178339415,0.989710529226789,0.9868043769173943,0.1014567061877134,0.18892425168752477,0.07692629688429728,7.101201924499e-05,0.00014195266897027,0.6,0.1,0.0,3,9.789346840761857,35.39276204032257
18,2,0.4614572912925052,0.9991854919062619,0.9946558909376129,0.13796355389462261,0.33269010662869547,0.14486657638357697,0.0025398439374314597,0.014188547797020959,0.6,0.1,0.0,4,9.9924696897499,39.94336462344948
18,3,0.22241629650304287,0.9003190570600911,0.8964747440467206,0.09271148129181277,0.6127247633982734,0.09148892624655264,0.00105437260375777,0.0021076855268146,0.6,0.1,0.0,5,1.7298420753793509,5.923150934885385
18,4,0.22262458762845178,0.9024704828266047,0.8985093323503852,0.1015384620642817,0.06825254248121213,0.09884584864832431,0.0011207208620655899,0.00227236476657305,0.6,0.1,0.0,7,2.594701894534728,3.404420383186262
18,5,0.20683633445155902,0.89500769214229,0.8904502399179801,0.10701710416474046,0.10863352960066362,0.10579814208484983,0.00061478547798422,0.00135715069712576,0.6,0.1,0.0,9,1.8429943872015715,1.910268907674376
18,6,0.20634647283334565,0.8946766025603041,0.8901056750588994,0.11052910132028416,0.06550873060342892,0.10567878695758294,0.0006374849451749001,0.0014025268177625199,0.6,0.1,0.0,10,1.883983019665906,1.8461488527045813
18,7,0.20639580201903518,0.8998918522051307,0.8996753746770645,0.11480921835477075,0.06693718562447086,0.10672801997720133,0.00066536485327941,0.00148364305801649,0.6,0.1,0.0,11,1.9722188573009931,1.6802239088908888
18,8,0.20173290069311145,0.8872415637034184,0.878120147739968,0.11902812512671404,0.07679209646125257,0.10724069084721423,0.00082664135094285,0.0028450815929583597,0.6,0.1,0.0,13,2.840629049108074,2.045891469207424
18,9,0.19937450022659267,0.8903678008023548,0.8855530970611075,0.12704455242095578,0.07319418596905232,0.10639075656663856,0.00063130060823462,0.00144037554417876,0.6,0.1,0.0,14,2.009417003359849,1.495031738029508
18,10,0.19762339504499024,0.8893970183749339,0.8845050733917386,0.1333794158511889,0.07619537654580405,0.10724069084721419,0.00082664135094285,0.0028450815929583597,0.6,0.1,0.0,15,3.169080545304053,2.0020042288269804
18,11,0.18832127375799024,0.877506707579061,0.8679717362010114,0.11999932023387504,0.1034593693959246,0.10436714096725233,0.00105572527682945,0.00229717430316393,0.6,0.1,0.0,16,1.689836262422699,1.576025504422702
18,12,0.18625063534018765,0.877233487834854,0.867450394414852,0.12808500834288453,0.1048004670621442,0.11190559149525342,0.00130135042241601,0.0045162356629376,0.6,0.1,0.0,17,2.8044884735184588,0.9380670520140076
18,13,0.17364513204236706,0.8715249749803604,0.8657642232178697,0.13190561494604244,0.08995400025010089,0.10544214420117257,0.00166865581348668,0.0053846080511383,0.6,0.1,0.0,19,1.972826491979195,1.5562638625472922
18,14,0.16702217046428328,0.875735524686812,0.8784871031494255,0.16881131866370788,0.06671713708898457,0.10339580063155526,0.0025638455380952202,0.006618704711566931,0.6,0.1,0.0,27,1.995709170984924,1.504166405767695
18,15,0.14965625686432524,0.8667892753642477,0.8738554816350013,0.14199107658562948,0.06513848888935764,0.08090914056774226,0.009919181682908711,0.01399172772184277,0.6,0.1,0.0,29,1.937681552609457,7.115746108511354
18,16,0.12123826438412989,0.8347373290710771,0.8402589749286224,0.14018630959777814,0.15344369520125004,0.07734644788888446,0.010812606136162129,0.020772133123218038,0.6,0.1,0.0,31,0.7587819735856874,15.384798188991525
18,17,0.11206441428190467,0.8212856663107333,0.8259262503993681,0.14003777154049216,0.18372550557130807,0.08255323991702804,0.01620872165465414,0.014207869089439709,0.6,0.1,0.0,32,1.3944168252582203,20.763014078206133
18,18,0.11244709769594373,0.821024340900644,0.8255623817723805,0.15534211862562552,0.0580544851312002,0.08542178583352358,0.01630390854884481,0.01456106953112005,0.6,0.1,0.0,35,1.7956937080206383,17.212882849065355
18,19,0.10619665456065787,0.8172885745556164,0.8258481585625594,0.1379687258288217,0.10420047739194435,0.0823854966854438,0.01599575971270855,0.01450311594748587,0.6,0.1,0.0,36,1.4566519914467944,18.182812703303547
18,20,0.08420616974817155,0.7825026077708692,0.7853668202744528,0.1568968377792278,0.11455731328821143,0.0731674016172128,0.0297584018761921,0.022109692949407612,0.6,0.1,0.0,40,0.7505646683926855,8.924715133596957
18,21,0.08722187365564722,0.7910642393449272,0.8065617849948687,0.17003707813334806,0.05280098614831931,0.07863139717205073,0.02861587058842751,0.03237686708010769,0.6,0.1,0.0,41,0.46384554177741,16.01758672047994
18,22,0.07140427875008791,0.7360206461587889,0.7364919978115846,0.14941614147873175,0.3352257506174967,0.0731674016172128,0.02975840187619207,0.022109692949407588,0.6,0.1,0.0,42,0.1975237319454353,10.67466334514701
18,23,0.0713610095130378,0.7358114794469076,0.7362710470961119,0.14629207974412495,0.04778672846423349,0.07319529609567986,0.02978809245329403,0.02213884267800057,0.6,0.1,0.0,44,0.1991759847453745,10.59958021307546
18,24,0.06554965322079816,0.719949384541531,0.7197144704522794,0.13320383446503462,0.14955301917857403,0.06986117421866182,0.02607886465442947,0.03646332999772809,0.6,0.1,0.0,45,0.1822485603138293,3.485861570727619
18,25,0.062275321501726516,0.7124108850824493,0.7118848507014444,0.14098280410067132,0.06635791443703827,0.06345722850565168,0.04566666703625723,0.03933981884069003,0.6,0.1,0.0,47,0.2620365690310035,4.490841831998571
18,26,0.05671552413209062,0.6788379959792528,0.6765495876827909,0.12258991998980745,0.3074146375607541,0.06461532369340095,0.04533582541971868,0.04435947939430017,0.6,0.1,0.0,48,0.056614839046194,1.6843812464384027
18,27,0.05699577508419874,0.6786305662632579,0.6763137594926786,0.12276985318664616,0.04529612889507512,0.06561202777891167,0.04279486915761687,0.03958677263941167,0.6,0.1,0.0,50,0.0258266395411006,1.73038367953717
18,28,0.056995363750745404,0.6786278110374437,0.6763108725514606,0.12276922012997923,0.04365742093269166,0.06561202777891167,0.04279486915761685,0.03958677263941171,0.6,0.1,0.0,52,0.0257976870712257,1.7300949064617448
18,29,0.05518715903217037,0.6790703740158199,0.6809638197781608,0.14456581402251217,0.050509895076236475,0.06335521092309152,0.04291216029593981,0.04067877701784902,0.6,0.1,0.0,55,0.0314106104446696,1.643570975114002
18,30,0.05521762698980205,0.6786395929481875,0.6805052964048138,0.1502071672565256,0.04660930584786296,0.06354591607800118,0.04285035943877217,0.04059085030104296,0.6,0.1,0.0,56,0.0293795967748477,1.5852069296054965
18,31,0.0553207460849567,0.6748058235976819,0.6764357853037988,0.14994977676958113,0.07884332568906141,0.06539378647452926,0.039221165224805746,0.035846716672607096,0.6,0.1,0.0,57,0.0449149341381718,1.6183429539376113
18,32,0.0555134417452204,0.6711623614278315,0.6725644771333081,0.1410022965311957,0.07836227521705907,0.06597448598733245,0.0435572175188794,0.04107156891367303,0.6,0.1,0.0,58,0.023842665977723,2.2356211156207246
18,33,0.04971475739781638,0.6052047575597749,0.6031972181017181,0.1322589866470144,0.5599034424920547,0.06563876630401505,0.0483333830368797,0.042494145593019825,0.6,0.1,0.0,59,0.0313713986620143,1.4707342487973023
18,34,0.04965552672069711,0.6042357578509229,0.6021783359196359,0.13203629282564827,0.04796865399929275,0.06563876630401505,0.0483333830368797,0.042494145593019825,0.6,0.1,0.0,61,0.0291013454366732,1.4434631362555552
18,35,0.049193384531701606,0.5986106798317427,0.5962703439098838,0.13073592321225921,0.06595319699258484,0.06525033365271082,0.04937014061227729,0.04445892726764774,0.6,0.1,0.0,63,0.0301275190326293,1.3304112269306652
18,36,0.049193379164803305,0.5986106217575838,0.5962702826304515,0.1307359101402921,0.04408787804587869,0.0652503292954329,0.049370152156647876,0.044458949802842804,0.6,0.1,0.0,66,0.0301275254731025,1.3304103681686643
18,37,0.048948177356051295,0.5912548625309395,0.5885272433264978,0.1323933539722525,0.06370233779774138,0.06525147724474731,0.05103607512231445,0.04445868459453029,0.6,0.1,0.0,69,0.0309609969354679,1.3258417850147208
18,38,0.09712190691776496,0.6376932443640855,0.6389766127430285,0.18819472954069139,0.0987989641023749,0.06529461709190698,0.5360448640072065,0.044473461010873225,0.6,0.1,0.0,78,0.0319856909310199,1.6168814137453922
18,39,0.1434156330169647,0.6819594362707927,0.6831331251345347,0.23980132825484327,0.1557875177120347,0.06529638761053314,1.0,0.04447539136944142,0.6,0.1,0.0,79,0.0320435516616262,2.1235157072939077
18,40,0.1433357256788456,0.6802492619465231,0.6813349222736488,0.23940839867580854,0.14247314588205662,0.06529638761053314,1.0,0.04447539136944142,0.6,0.1,0.0,83,0.0296758780658131,2.1170156693733864
18,41,0.0484531005424083,0.582134038299775,0.5912596653002997,0.16856445651411753,0.05824376259775241,0.06268035280199871,0.07281401176382814,0.09570298890695657,0.6,0.1,0.0,91,0.0894535746055352,205.82830953902493
18,42,0.04860494633196226,0.5780138528845837,0.5869106126887315,0.17755101704022458,0.06251662129359574,0.06248506569081867,0.07724128875284678,0.09318901734684973,0.6,0.1,0.0,93,0.064008750631551,194.9069395846149
18,43,0.04834399049132074,0.5742163611741428,0.5829239973217915,0.17975178559044697,0.07368899223946769,0.06267396344526353,0.07486995835750468,0.09309297087784107,0.6,0.1,0.0,94,0.0670495632655057,194.721861399922
18,44,0.05570862564547879,0.5679819418732825,0.5841865051855128,0.15892801517546976,0.09102346698307333,0.0761056345365468,0.07569582604146491,0.10588786474731549,0.6,0.1,0.0,99,0.0298492924371777,229.9945908794431
18,45,0.055708627692565765,0.5679820079232165,0.5841865780092553,0.15892802897152378,0.05323442567069146,0.0761056345365468,0.07569582604146491,0.10588786474731549,0.6,0.1,0.0,101,0.0298492660362415,229.9945584347583
18,46,0.0559810017707263,0.5668322725170529,0.5829615503844587,0.16473083663361585,0.06492353000858649,0.0765920614346743,0.07590497002657028,0.10594381017219276,0.6,0.1,0.0,102,0.0303697726832978,232.505777905238
18,47,0.14313672511686074,0.6589575004976598,0.6794601066634699,0.29587525730930575,0.1416374662771413,0.06786784668714228,1.0,0.1302992088551288,0.6,0.1,0.0,108,0.0186881527216076,198.56220730580532
18,48,0.05577045492457134,0.5516093067631785,0.5710584167180764,0.17403057847771272,0.20801872046589903,0.07585107020952746,0.08326387372370193,0.0986513390245505,0.6,0.1,0.0,109,0.0460992422569655,193.9985602299912
18,49,0.051639461260893804,0.5432815399785303,0.5625099574082915,0.21952649770022473,0.05640891933229894,0.06977635410867014,0.07930458950900168,0.10208856187025657,0.6,0.1,0.0,114,0.0249622140783305,200.5771331752881
18,50,0.05099526868918582,0.5420097316962635,0.5612051411076898,0.23245476572136858,0.05086753171502169,0.06931949982431171,0.07573928819035025,0.10148709015861072,0.6,0.1,0.0,117,0.0269812480735735,200.8996654430975
18,51,0.07005993256433429,0.5484963130827369,0.5629177665669431,0.22600719244948808,0.1293921611553792,0.06912873286685774,0.2690754823794455,0.10602924955887479,0.6,0.1,0.0,118,0.0216376381210072,204.9293494823221
18,52,0.06996994886033056,0.5470331342227013,0.5654964299368834,0.23142695128626195,0.09317579502115014,0.06918128854636467,0.2690181850154466,0.10630965340096857,0.6,0.1,0.0,120,0.0206033232010146,204.74874320892783
18,53,0.14057991871743508,0.6145735602420487,0.6328760643697411,0.30447062050751306,0.14312777977876592,0.0692805299196591,0.9750614445686467,0.10774194945785473,0.6,0.1,0.0,126,0.0254284986780167,202.86564995245536
18,54,0.06242028640328269,0.5425489018467404,0.569400810266651,0.25624612225003396,0.06874300723384823,0.06853151553247037,0.1986203805294884,0.12488410051014612,0.6,0.1,0.0,130,0.0129515569610437,204.63724603657087
18,55,0.062373887190775766,0.538766837301249,0.5654234414111485,0.25539357364393467,0.08950541951116571,0.06855365034852136,0.19860506464051783,0.12499446878982437,0.6,0.1,0.0,131,0.0183812751875652,203.4289458149185
18,56,0.062344822023907065,0.5368487566564687,0.5634066190746294,0.2549530323207025,0.07569350757611507,0.0685536503485213,0.19860506464051778,0.12499446878982437,0.6,0.1,0.0,132,0.0144910253388278,203.9730276801444
18,57,0.07412112278070385,0.5611609226069351,0.6007177885785036,0.31243440766706815,0.07540515480278814,0.06850377848566018,0.31701900120787846,0.22859757877836362,0.6,0.1,0.0,139,0.0089034009611238,203.95948768171547
18,58,0.0739365547676637,0.5604599784616121,0.6041046536744213,0.321755013328362,0.09427660463089171,0.06825270838512819,0.3174769868924081,0.2289997584040441,0.6,0.1,0.0,141,0.0085404844385472,203.74823452551016
18,59,0.07516343516734145,0.5606830864170146,0.6042753482325759,0.34461422455809165,0.07661854670800822,0.07028824964121494,0.31767556700731464,0.22935068697320773,0.6,0.1,0.0,144,0.009594128805599,204.094341501506
18,60,0.07510811381118848,0.5618458324939176,0.6096166758873337,0.34376261726209373,0.10325360181772958,0.07028740769852701,0.31763554639939107,0.2294101120796185,0.6,0.1,0.0,145,0.0100148930923698,204.38703147662767
18,61,0.075034850166871,0.561231626294214,0.6089742481079893,0.34357968530802857,0.07815398835683124,0.07011327378558632,0.31802014932263656,0.2296108151759635,0.6,0.1,0.0,146,0.0094692533656193,203.90894631547184
18,62,0.07406729784827161,0.5594661712302913,0.607167176258124,0.3640214531128372,0.07918827107578838,0.06853910724920774,0.31789501545411525,0.22888155934860976,0.6,0.1,0.0,147,0.007594259217598,204.29760176632504
18,63,0.07434821703606725,0.5462989795812416,0.5850683375931955,0.36011707026938466,0.08024774025616663,0.06895497945027004,0.31866797507403677,0.22947002414792506,0.6,0.1,0.0,151,0.0108279018574784,203.7339893631759
18,64,0.07422925711881793,0.5427033579119643,0.5812915216481955,0.37412122495899136,0.08686820495475843,0.06882708931617725,0.3186770146046146,0.2308377482338601,0.6,0.1,0.0,153,0.0107152647574046,203.7971112272417
18,65,0.07408907096290349,0.5482991980421847,0.5954170909083858,0.40292852846697347,0.08126351497720151,0.06871170332773299,0.3184611920319833,0.22743110147118709,0.6,0.1,0.0,157,0.1019893061060765,204.4743633576228
18,66,0.07407141551665453,0.5467067060675812,0.5978582678830002,0.4127705182847343,0.09879148873061037,0.06890948150009282,0.317825853620442,0.227263324510651,0.6,0.1,0.0,159,0.0733073763812086,204.3563534881457
18,67,0.07393159237243023,0.5459541581374117,0.5970738380601874,0.41626185270259,0.07789854175682687,0.06889804031876973,0.3165630898508725,0.24239334395345186,0.6,0.1,0.0,160,0.0267668690127706,209.85899649527371
18,68,0.07424658579611046,0.5402818118321154,0.5910900934163164,0.41154223255932976,0.09687731316231346,0.06943369484761258,0.31711573880416366,0.2286813704471931,0.6,0.1,0.0,162,0.024860887173445,204.9518442692205
18,69,0.07402819792860003,0.5503633739530939,0.6140550941063498,0.42931669010956636,0.09104600111707337,0.06905691316776034,0.3176336757276221,0.22922053579575782,0.6,0.1,0.0,164,0.0179034008914147,203.6466079613569
18,70,0.07419678196428961,0.537863774162431,0.5926650259370048,0.43267695569719095,0.08068726377059747,0.06948664556109457,0.3170005570682719,0.2285478344558341,0.6,0.1,0.0,167,0.0332514712663908,204.0540833434437
18,71,0.07415473137273726,0.536535217087938,0.5912696417816267,0.4399197187304369,0.08339314655238331,0.06944160951778543,0.3169664678780033,0.22880078621642555,0.6,0.1,0.0,168,0.0260847377035873,203.99282238844364
18,72,0.0740856455487344,0.5374835235503307,0.59638702606851,0.4429444232798425,0.10421441916174415,0.06930956304625736,0.31741527959350174,0.22902402939995184,0.6,0.1,0.0,169,0.0311152293124322,203.80730109501204
18,73,0.07397035308973032,0.5411971881027458,0.604415807440909,0.4387672587223614,0.08197122760893971,0.06908009919149631,0.3177347678256737,0.22942884394650465,0.6,0.1,0.0,170,0.0288572499169852,203.65072205706704
18,74,0.07400074080081237,0.5407618295419719,0.6039562650451881,0.44251591001633395,0.07691323373625236,0.06914719545134775,0.31767569852967287,0.22931449372607968,0.6,0.1,0.0,171,0.0293378416272941,203.67800742943805
18,75,0.07431339834868719,0.5394641509418828,0.6025749437520471,0.47305983793264567,0.08705941325836433,0.06968885368224445,0.3176964920266597,0.22939804165904168,0.6,0.1,0.0,172,0.0311621347535724,203.92441149936923
18,76,0.07408896853704355,0.5362691353348876,0.5992257996302252,0.4530764425337563,0.09587139630940797,0.06933787640514369,0.3177925402995877,0.22949789389534817,0.6,0.1,0.0,173,0.0304607918928221,203.60786960226903
18,77,0.07423409470476422,0.5282679912334532,0.5866854959916128,0.46398669335051557,0.09865302124579652,0.06964515967383891,0.317652962539664,0.22973668168475614,0.6,0.1,0.0,174,0.0269201334985151,203.6333480074494
18,78,0.07423060498825584,0.5280753963624701,0.5864830900883331,0.46393967426295035,0.07428814046510054,0.06964064852206354,0.3176597156905772,0.229696854046154,0.6,0.1,0.0,176,0.0266743074383412,203.64375518603853
18,79,0.07426009937367252,0.5278760236882714,0.5862718460836125,0.4677371902930076,0.0753760228053466,0.06969012741385433,0.3176754849326191,0.22970725641812123,0.6,0.1,0.0,177,0.0304708871404122,203.6785153303793
18,80,0.0741999434823872,0.5276644837918781,0.5860524527653236,0.46382909427703667,0.07372103509260328,0.06961124050594786,0.3175589721751418,0.22905102301809924,0.6,0.1,0.0,183,0.025618979911133,203.8942755156827
18,81,0.07423679575475947,0.5355953658958131,0.6026259108257724,0.5059430003409197,0.07880380300276611,0.06957975957083605,0.31826882645725746,0.22984774397602564,0.6,0.1,0.0,186,0.025166437495651,205.16661825121096
19,0,0.8087175774112751,0.9806157408843731,0.9796178568914109,0.059875557273032655,0.0,0.0,0.0,0.0,0.6,0.1,0.0,1,13.55170903525616,63.19245175523916
19,1,0.5737062000123955,0.9907545463388938,0.9877770933507806,0.10358076480992542,0.19827500445699184,0.0809736431008867,7.494626834343e-05,0.00014021361873113,0.6,0.1,0.0,3,9.54073577996797,39.69805492166792
19,2,0.46420584639456264,0.9850309044712511,0.9807630235988221,0.11984976840357245,0.2630980183946624,0.11303705033672731,0.00113569988446774,0.00803083134416476,0.6,0.1,0.0,4,7.536440847962854,10.778671465630191
19,3,0.2144309953194139,0.8973930415236843,0.8932296638035181,0.09461629467939925,0.7038242088321806,0.09696808219343961,0.00090016210287101,0.00223932495150464,0.6,0.1,0.0,5,3.721091929612188,8.176629285110511
19,4,0.2176646753400798,0.9027731997805922,0.8985193664323909,0.10830943969911785,0.07125647259663018,0.10861637717522465,0.0023778603451645097,0.01370340962314448,0.6,0.1,0.0,8,3.888737088635106,6.468226755079995
19,5,0.18184200979062087,0.8714984892845036,0.8619028339254643,0.09453535766821537,0.2005149957281337,0.09639489266720154,0.00059713404698576,0.00130056677095426,0.6,0.1,0.0,9,3.5265372213506816,2.519457840487072
19,6,0.1817523606511727,0.876381051369743,0.8711552464525109,0.10437335333828301,0.058147375595851654,0.09639489266720154,0.00059713404698576,0.00130056677095427,0.6,0.1,0.0,11,3.5223072739652266,2.4696622806836706
19,7,0.1808379985447912,0.8710827754600885,0.8614077965543276,0.11528853197541455,0.07053744739941671,0.09806900928322845,0.0018121055355552,0.010753227393175439,0.6,0.1,0.0,12,4.429496094936816,2.050894552284686
19,8,0.16998761246421562,0.8632098564766911,0.853011143470088,0.10937632400854724,0.14051867743590718,0.10187876784818506,0.00195937907268014,0.01104331501230621,0.6,0.1,0.0,13,3.8857244998638,7.502920256213062
19,9,0.1584266807377716,0.8529541534066247,0.8423572229235597,0.11590905734677019,0.11901964627256656,0.09766544571330733,0.00203694434058551,0.011173868249368831,0.6,0.1,0.0,14,4.532940847830278,5.940228020419854
19,10,0.16223157922734355,0.8572265798045798,0.8463463603199832,0.11795560653652812,0.11142165260141429,0.11227477958654297,0.01213650029426081,0.09091678793407784,0.6,0.1,0.0,15,7.08162434361235,27.74880440884209
19,11,0.15012478337288035,0.8450956276826872,0.8337228967993602,0.12459813890655647,0.14051141509746515,0.10798735159173807,0.01221864873456642,0.0893360176088763,0.6,0.1,0.0,16,7.621600392326702,24.71603882544184
19,12,0.1482893370888743,0.8479888493638931,0.8408303099380741,0.13205225418022418,0.0790803484273795,0.1096294218078886,0.012708218568043661,0.09273629309665696,0.6,0.1,0.0,18,7.419416924315478,24.498533923072948
19,13,0.13699829880992895,0.8298924576436695,0.8177185547177291,0.13331628973497234,0.16345589949561645,0.10858298942909438,0.012243372431531289,0.08936970132737239,0.6,0.1,0.0,19,8.25047388512965,24.111601017305617
19,14,0.1368021575746259,0.8296744605890224,0.8174951074396156,0.135799587247561,0.06708703894632481,0.10839801293816578,0.01223270177040503,0.08935232248529136,0.6,0.1,0.0,20,8.217124021555925,24.157305866933733
19,15,0.13512942888136492,0.8326436508105916,0.8247633403038356,0.1397526775302918,0.07696437069935332,0.10748552074000411,0.0123255325608602,0.08947369242510617,0.6,0.1,0.0,21,8.57106330935535,23.57618162134368
19,16,0.13464628897720457,0.8321264541628092,0.8242366770960733,0.13938466566838587,0.06688947348507839,0.10692279321734971,0.01236951623515458,0.08953066802148466,0.6,0.1,0.0,22,8.745269658526144,23.308263395552736
19,17,0.12736299721133368,0.8167460451432653,0.8038858274070995,0.14364821060027638,0.15678603772884853,0.10890592816665048,0.01216000972757983,0.08926840216149137,0.6,0.1,0.0,23,8.072601584965104,21.517557856323883
19,18,0.11978124442858386,0.8061980407471318,0.7928999421860015,0.14758341410447,0.08107304108530315,0.10571480705548084,0.01088636345326115,0.08223488900205135,0.6,0.1,0.0,27,8.975943510790616,21.28771948290086
19,19,0.11903919495339486,0.8103088393981772,0.8013710214235946,0.15783637299830677,0.06491047558541499,0.10461313519412387,0.01163551827846758,0.08530257702407337,0.6,0.1,0.0,29,8.87872532143541,26.41785101071907
19,20,0.12312910518204319,0.8136058126648648,0.8045627622240866,0.1596916310476537,0.08519470173190818,0.11300113323371765,0.014719905964237029,0.09787230776042548,0.6,0.1,0.0,30,10.748199736752428,24.975336598281142
19,21,0.11741156175387046,0.8009675666663636,0.7873043915133421,0.15835275523600786,0.10371089557398891,0.10851134214652768,0.01272003741470576,0.09126453955414857,0.6,0.1,0.0,31,9.964801330375058,24.417977208239108
19,22,0.1173407634530348,0.8057908347823698,0.7964944487109302,0.1668852344146636,0.06685988689656472,0.10851134214652776,0.01272003741470576,0.09126453955414851,0.6,0.1,0.0,33,10.06568385207388,24.61896026061854
19,23,0.11802274525030308,0.8051997781747022,0.7957533743889496,0.16786023709425751,0.09139343106939425,0.11212822511119677,0.014250536671719419,0.09146081037465979,0.6,0.1,0.0,34,10.664463833139433,22.90852715546334
19,24,0.11160503449257778,0.792322086784433,0.7783317750617826,0.16128362927662127,0.08991419043730366,0.10482405405193006,0.01193598599733174,0.07435148565467362,0.6,0.1,0.0,35,7.88293568166149,24.2709460764819
19,25,0.11563885695454786,0.8006283344451468,0.7909374450954739,0.17484252154269514,0.07445157340109528,0.11303848984199595,0.01056554575077036,0.03879674891702576,0.6,0.1,0.0,37,9.656663697283616,5.548037347377054
19,26,0.1651773560300853,0.837889062074181,0.8230918035712989,0.21960433711560384,0.23621621719833366,0.20423841765499595,0.02787284597811135,0.6287078511464307,0.6,0.1,0.0,38,38.77815741438621,1.0297881509124558
19,27,0.16147091326524698,0.8254110564116921,0.8098451832749234,0.24826646634558983,0.15105902607891444,0.20787848972918474,0.03055521306575132,0.6471651583475629,0.6,0.1,0.0,43,42.93076872226123,2.456281826353499
19,28,0.15454180924628166,0.8174678152426577,0.8057966431046405,0.252495987296909,0.16029481080899805,0.20178163053274284,0.03117670204901863,0.6483235214584248,0.6,0.1,0.0,45,44.352881800228985,1.5774824304910988
19,29,0.1564401055057785,0.8115291754437725,0.7952606887151827,0.2581211017089121,0.14468690959959254,0.206934752663078,0.03388591890899656,0.6699854295536845,0.6,0.1,0.0,47,45.67908631046323,1.97925260064542
19,30,0.15551997206115276,0.8141845570478333,0.8021863516354667,0.26773361902726817,0.13486156894841642,0.2063797437338804,0.03428528674548118,0.6745072309221823,0.6,0.1,0.0,49,45.59911478156213,1.0054137381142818
19,31,0.15551788247300205,0.805204390693808,0.7885320882182759,0.26838548900402825,0.15206424903781537,0.20889488212632457,0.037318007416605056,0.6873403803865921,0.6,0.1,0.0,51,50.983956250420455,2.624924253156895
19,32,0.15503903202116065,0.809164039686768,0.7968290164525059,0.27866521215161877,0.13125763794923742,0.20834069836304006,0.03773967560026436,0.6919758925040687,0.6,0.1,0.0,53,50.91753900111011,1.6668146168947673
19,33,0.15406513143338646,0.8015188410179319,0.7846854371982264,0.2828261291889517,0.14746216508876847,0.20794681913952465,0.03744647954551754,0.6884691329744859,0.6,0.1,0.0,54,51.15636259907264,1.4595817328673166
19,34,0.15653172895764772,0.8058415306671068,0.7931603660183841,0.2914259402219634,0.14329834731835633,0.21349517345655938,0.04082751112423903,0.714690148204886,0.6,0.1,0.0,57,53.05613029730579,2.632402256370715
19,35,0.15627735910587143,0.8007733871444696,0.7837232652874672,0.2906490845270387,0.13271430421629896,0.21247819488797967,0.04490278190407987,0.7392507060178873,0.6,0.1,0.0,59,55.42839871667624,2.2540274040692805
19,36,0.15621807725109685,0.8011569167079425,0.7881697714700941,0.3212199399945528,0.13984018913536955,0.21490251054546702,0.04497643937304923,0.739750721548023,0.6,0.1,0.0,66,56.38860069778674,2.213198357049757
19,37,0.15544321446784642,0.8049764287476248,0.7963380750939478,0.3296375346614784,0.13646141217944185,0.21374048736061985,0.04540487050815924,0.7443938878425148,0.6,0.1,0.0,67,56.14513556699685,1.1830793656657006
19,38,0.15542378185611078,0.8048987260786854,0.7962563383098978,0.3408263898482909,0.13294057226246006,0.2137742224699499,0.0452108612339169,0.7424786929117329,0.6,0.1,0.0,71,56.172614554179376,1.6063397886398516
19,39,0.1553940867629739,0.8048417070997925,0.7961974487453221,0.3519958078060003,0.13303867705220632,0.21371296578945984,0.04537092002209324,0.7440750407903944,0.6,0.1,0.0,72,56.151652222735926,1.2539667648439734
19,40,0.1606207367074004,0.8027246761778933,0.7895428322375517,0.33450474257567303,0.15122345053724906,0.22243351115768423,0.053288788693256796,0.7878318282281278,0.6,0.1,0.0,74,64.29569260997624,2.660555093482757
19,41,0.15979439964858583,0.8017336658358224,0.788540436670713,0.3601932831493497,0.13846731936622478,0.22115537104639585,0.05325831158499315,0.7876113160329794,0.6,0.1,0.0,78,63.8698987583723,2.648875490858281
19,42,0.15953900092083423,0.8053146080574907,0.796419200282895,0.36747339570512605,0.1494389103037417,0.2212293218501834,0.053789293839562116,0.7930213069894954,0.6,0.1,0.0,79,64.06328040201362,1.3688384677165013
19,43,0.14650935613547092,0.7914753424441002,0.782525139845269,0.3572650220444243,0.1336304666380906,0.20118464627135613,0.04630741138513836,0.595995507095478,0.6,0.1,0.0,80,39.24133667897229,1.3111383711133613
19,44,0.08412810209322527,0.7424732852177671,0.7465441737855811,0.3226634710425986,0.07828355821083735,0.1031087323727693,0.01544504776379511,0.021619246515105862,0.6,0.1,0.0,81,8.549296624359517,5.973653097194986
19,45,0.08067093236253546,0.723888783192971,0.722917583522617,0.31378621357844944,0.1639258155143841,0.1016073986989071,0.01801757787332575,0.02269254064686889,0.6,0.1,0.0,82,9.381626217018017,7.582771867810758
19,46,0.08292166876240877,0.7248987036209934,0.7238477383203469,0.32218964367338704,0.07739199014218116,0.10592272055590625,0.01772280750208588,0.026618948080917172,0.6,0.1,0.0,83,9.581006029305186,7.908748352707946
19,47,0.0828834496555302,0.7296492098698794,0.7329612451268662,0.33394974744650774,0.06609488452294875,0.10594622620688052,0.01758900761821161,0.026449623654621966,0.6,0.1,0.0,85,9.565483945543322,7.740036544394355
19,48,0.08301824237695422,0.7287409247428,0.7319861820847612,0.3403639596954322,0.07581187912520547,0.10660425177776141,0.017528134085224058,0.027578367377884837,0.6,0.1,0.0,86,9.566601931168584,7.690394784893104
19,49,0.081336079241647,0.7149289980158916,0.713347379911447,0.33262767560499357,0.13428357097342727,0.10651527274430644,0.01755060716392379,0.032596685427076846,0.6,0.1,0.0,87,9.972388169776414,7.63413375248752
19,50,0.08131402610876132,0.7197378672502964,0.7225221567282462,0.3446516794022571,0.06621508292589318,0.10654086855559461,0.01742420716603519,0.03247034328974728,0.6,0.1,0.0,89,9.955472971289478,7.480043756634325
19,51,0.08157016831139449,0.7196819922539962,0.722446793379179,0.34804716679771597,0.06893678461322167,0.10708081326106657,0.01741007275453459,0.03302047888013524,0.6,0.1,0.0,90,9.940998187283498,7.29605151483329
19,52,0.07997335157198021,0.7128000721401572,0.7111705555385656,0.37799687472870325,0.06527725053656588,0.10487554726430177,0.015401985263127,0.03121271130326736,0.6,0.1,0.0,94,8.73788867255126,12.509614400710095
19,53,0.0772145708043087,0.703978761059325,0.7019745080247848,0.3906232386777219,0.09124487263401827,0.10219365961939665,0.01607553090340135,0.04221378454984196,0.6,0.1,0.0,96,10.23566159348092,11.551243700770057
19,54,0.07827124210814572,0.719681011818421,0.7307842817386876,0.38141894809128496,0.06491213544704236,0.10377432019621109,0.017526718372210807,0.03226415094034864,0.6,0.1,0.0,98,9.294846575607838,5.45606192485253
19,55,0.07824941163044966,0.7244915039900697,0.7399609055566445,0.40560467432449115,0.06454841580260653,0.1037743201962111,0.01752671837221079,0.03226415094034865,0.6,0.1,0.0,100,9.258695376910604,5.458880836812044
19,56,0.07950928232198116,0.7253071075686481,0.7407492995033027,0.4135863159871135,0.06948910687924194,0.10555052853700538,0.02031308439315118,0.029564303995445913,0.6,0.1,0.0,101,9.718797780304604,3.915331735120131
19,57,0.08203955195257434,0.7720807150984759,0.826864230370805,0.5592611568910424,0.06806772982248749,0.1098353789583357,0.020432974398802,0.06647820333773183,0.6,0.1,0.0,122,8.2411751848669,1.9170412619617143
19,58,0.08316968967542308,0.7663383574389758,0.8166311239625947,0.55290309308731,0.08729903545541329,0.11275965930617741,0.01777556077976013,0.05809641384319738,0.6,0.1,0.0,123,8.12761607521705,1.9800740014174376
19,59,0.08398269476126483,0.7665947784524247,0.8168537340182499,0.5556960889533099,0.07542682134841217,0.11355673594538712,0.02212663750478493,0.06830574399754459,0.6,0.1,0.0,124,8.444650016042852,1.3970920951033172
19,60,0.08095294359761525,0.7671657778385562,0.821716229116498,0.5593033697426929,0.07985057552828444,0.10909611259234005,0.02099057954771112,0.06020566445156579,0.6,0.1,0.0,125,8.237248347344142,1.1826057187431136
19,61,0.08019711287908285,0.7584879011734773,0.8084855125637097,0.5605422423854323,0.09450668857897718,0.10856841892844632,0.02175204758639247,0.06366613609592828,0.6,0.1,0.0,126,8.436202209994137,2.782416968849488
19,62,0.07994185917871346,0.7627743829360599,0.8171205992841274,0.5728752128514565,0.06907045067395913,0.10833377803213153,0.02132588960784761,0.06109683218540794,0.6,0.1,0.0,128,8.119284735533972,1.3422467512844125
19,63,0.0799284466883469,0.7625238948255036,0.8168560374229992,0.5802469001194066,0.06910533181710388,0.10837133732573226,0.021326251365195788,0.061100512009760445,0.6,0.1,0.0,129,8.165122460695915,1.4389964694494044
19,64,0.07920101289121433,0.7649194819312849,0.8235153806001076,0.5882596371186595,0.08328667407965108,0.1076087530482637,0.02164288910923225,0.06131067324626184,0.6,0.1,0.0,130,8.07661074609016,1.5456270195381634
19,65,0.07920101287183719,0.7698665087387279,0.8328355712112925,0.604637319437014,0.06672962723600609,0.1076087530251731,0.021642889114937388,0.06131067323558753,0.6,0.1,0.0,133,8.076610743706567,1.5456270175239282
19,66,0.07913308499888269,0.7447833406607464,0.7858698288592577,0.45628744471077326,0.06924367821500646,0.10754056125190316,0.02182852789469259,0.060775490339367064,0.6,0.1,0.0,134,8.045481582894178,1.5597476425973844
19,67,0.07863039105098533,0.7732371928946414,0.840519301851863,0.6165755128627681,0.07287001472671821,0.10690153667435222,0.02180435188146182,0.06150924057814513,0.6,0.1,0.0,135,7.678898301469912,1.4945879355590217
19,68,0.08042662427693585,0.7670667442797207,0.8379601237137344,0.6031870992128435,0.12761874362597678,0.11201388435997713,0.02794869173668877,0.062348512491833166,0.6,0.1,0.0,137,10.207322393606042,2.8526858226255505
19,69,0.08041325555720977,0.7718988630868694,0.8471594789427223,0.62364029097671,0.07044874548052046,0.11201388435997714,0.027948691736688756,0.06234851249183323,0.6,0.1,0.0,139,10.20272566246694,2.8396136336744986
19,70,0.08037915339119617,0.7765527979878895,0.8561714690299471,0.6329068512686807,0.0711394136314441,0.11201388425465715,0.027948691809873187,0.06234851228947005,0.6,0.1,0.0,141,10.187494976097314,2.795871507212825
19,71,0.08036079935369712,0.7813420598236412,0.8653258035810235,0.6534480768267746,0.07061662189505563,0.11201388425465715,0.0279486918098732,0.0623485122894701,0.6,0.1,0.0,143,10.158947878482314,2.711966630324555
19,72,0.07625230344954706,0.7752642585020325,0.8632204770518123,0.6768033785302084,0.07349498645263805,0.10643769876721791,0.028993596131545108,0.06283935568796742,0.6,0.1,0.0,152,10.069821950996088,2.8825097461801024
19,73,0.07406207676663883,0.7810052823741993,0.8775948833091219,0.7697971980446527,0.06575170880162622,0.10327806341101751,0.028359879192241026,0.07572859869658398,0.6,0.1,0.0,170,6.170827726103107,4.917028896655708
19,74,0.07408477420638224,0.7794184981617513,0.8800062889169844,0.7867465917515416,0.12226034558028771,0.10466837001117922,0.02752073993603078,0.06868327417808484,0.6,0.1,0.0,171,6.90094173146663,2.8936951230107257
19,75,0.07322163587361961,0.7732554849772441,0.8735425612802811,0.7928359482322059,0.08039283122089314,0.10412820972207462,0.027550471791858884,0.07503171564601761,0.6,0.1,0.0,174,6.760647021317418,3.0734765623063858
19,76,0.07292372287665053,0.7826127840323326,0.8916326237576284,0.8282721844985615,0.06529786380371295,0.10369984293922252,0.027376724356915683,0.07443411155146037,0.6,0.1,0.0,180,6.840386704261916,3.0304487181495445
19,77,0.07370117008501297,0.7515877386223276,0.8383437420294356,0.8023813691705417,0.08651201991773781,0.10492546799267899,0.03444125309764074,0.07128820813440136,0.6,0.1,0.0,183,5.563504368925923,7.674293703546049
19,78,0.07645673677328053,0.7420324967827217,0.8281025261047836,0.8107047321065431,0.12200601204046903,0.11200080632700837,0.029693065304638888,0.07086190442699422,0.6,0.1,0.0,185,5.574476591983967,6.100810722718398
19,79,0.07643280277375575,0.7397971219199028,0.8257448117309225,0.8103336944610752,0.08877402188858863,0.1123593988484235,0.0289552641199445,0.07099753013482665,0.6,0.1,0.0,186,5.707942163384196,9.4051008637852
19,80,0.07551647012980904,0.7432818353528323,0.8335725086877687,0.8278368847024071,0.07398092379312507,0.11055622188812836,0.03101170828172975,0.07008655295641163,0.6,0.1,0.0,187,5.5519023858927685,8.009870006874623
19,81,0.0763098477146754,0.7388063795528617,0.8288065952955768,0.8277570045323389,0.11452304101475123,0.11281920248715654,0.029103413471791427,0.06967121093934092,0.6,0.1,0.0,188,5.687409659833147,8.960787636987002
19,82,0.07945225178028946,0.7335136665754545,0.82305140333691,0.8559595261654286,0.09179341737795478,0.11893723628890038,0.02930556823303363,0.090614159352814,0.6,0.1,0.0,192,6.347752691112539,8.84240227367069
20,0,0.6514681900282024,0.9613620719237734,0.9593730385542676,0.05562643060581451,0.0,0.0,0.0,0.0,0.6,0.1,0.0,1,27.31098640208588,67.46751847813917
20,1,0.457182335980906,0.9643595464630597,0.9602896965264679,0.09372385826227712,0.20076083370469514,0.07235157992750686,6.972532309563999e-05,0.00011105487766212,0.6,0.1,0.0,3,18.66860232288292,42.9479407296578
20,2,0.4310384061810009,0.9650472188112214,0.9605772179769114,0.10293107906165162,0.112425243887113,0.08638232600552606,0.00049028940768234,0.0018550688647845201,0.6,0.1,0.0,4,9.25584230628716,11.495777720334448
20,3,0.2961735721628878,0.9238928942879567,0.917470725680313,0.09129185202741297,0.34426443198281126,0.08102805947607125,0.00027890129238258,0.00044421951064850995,0.6,0.1,0.0,5,12.52610215440179,25.844124222923995
20,4,0.2854143452417239,0.9227705327538119,0.9160639633601909,0.09757889124923234,0.09686918689291196,0.08828362121808978,0.00077929020039988,0.00272812243308438,0.6,0.1,0.0,6,7.208762531404495,3.295943497168637
20,5,0.1806163213227134,0.8684925534739643,0.8591124124344882,0.08304046535793777,0.45378791028922943,0.08440191575126356,0.0006275279078608,0.00099949389895911,0.6,0.1,0.0,7,9.378649890156222,10.701507280248132
20,6,0.13736861016483812,0.8324082444932442,0.8211126017252522,0.07835269876387772,0.1966736113911181,0.08619644482018272,0.00111560516953032,0.00177687804259402,0.6,0.1,0.0,9,8.845645358805822,5.515754028855585
20,7,0.13644354987090687,0.83638012972521,0.8294006941595258,0.0867736616096019,0.05626685741918065,0.08640046899313655,0.0012030307444221599,0.0019161249631258301,0.6,0.1,0.0,11,9.075314445606033,5.312818078614462
20,8,0.13132865877307182,0.8255214027378363,0.8137355055418641,0.09093572487770099,0.0872310434621846,0.0904744003808418,0.00181345708960504,0.00287233493387219,0.6,0.1,0.0,13,8.10231569278867,3.6894846843380784
20,9,0.12133986182998124,0.8152628832129615,0.8067107454230081,0.10419042592877102,0.2337073155658466,0.10168411804272572,0.0038326387363452003,0.00498149867180094,0.6,0.1,0.0,14,12.882706679512026,2.8298967103181107
20,10,0.11771176536760625,0.8148513010254909,0.8104143282783576,0.10946559859092297,0.08055481583792298,0.1010796287923684,0.00398745614817226,0.0052280838142869,0.6,0.1,0.0,16,12.840870341732089,2.7449606277459258
20,11,0.11779328588659482,0.8081332694807403,0.7990726397361624,0.11384012861899911,0.08308308450443512,0.10623083901520387,0.00403102101675707,0.00621027112352667,0.6,0.1,0.0,18,11.999580741721692,1.6947235307569524
20,12,0.11450004312964106,0.8082255342064849,0.803342071927828,0.1191933040498463,0.07791425774674661,0.10446659219235331,0.00414119518915635,0.006190637175758721,0.6,0.1,0.0,20,11.819191413008967,1.9001301171903
20,13,0.11543215394290358,0.8019963280362801,0.792479861637885,0.12368568462758409,0.08650743438867955,0.1106805504425131,0.00450950196778805,0.007853079315214801,0.6,0.1,0.0,22,11.38936421938516,1.0261236165699192
20,14,0.11225671443978313,0.8019209016059285,0.7965737557231544,0.1295032046751341,0.08121035563186511,0.10889205606448663,0.00461343724110317,0.007818160950390859,0.6,0.1,0.0,24,11.28045253869814,1.114911657115104
20,15,0.11031166745234225,0.7985420137261705,0.793043223443382,0.13883758641832422,0.07682950702192577,0.10810383334710932,0.0050115991253423696,0.007188211196187511,0.6,0.1,0.0,26,10.244614323101116,1.0798792836828952
20,16,0.10841937077181238,0.7965035105192337,0.790989554473418,0.1395428319621492,0.0659153231008853,0.10526563649791426,0.00460365105819516,0.00635249875191331,0.6,0.1,0.0,27,9.989305496989212,1.2289061149874254
20,17,0.10897401239117417,0.8059061287166948,0.8090313508996079,0.14644712376275568,0.08141318156014556,0.10787523444447537,0.00484309954062308,0.00818491912548237,0.6,0.1,0.0,28,11.89213024212057,1.271355867902462
20,18,0.10462253141567751,0.789287133914744,0.7834314449150636,0.14837113001175145,0.08077892577783888,0.10406162796891318,0.00604374232961667,0.00875709703167258,0.6,0.1,0.0,30,12.141381806387123,1.9054065699827425
20,19,0.10793626183798267,0.7922385706799157,0.7863480165047666,0.15103549207649322,0.0719452048299058,0.11021381065708125,0.00542060478598475,0.00873054699597214,0.6,0.1,0.0,31,9.700302885830654,0.923976032025999
20,20,0.10710169697435594,0.7960490709570821,0.7945027729034138,0.15900646086344902,0.06827948140543295,0.10920987447765296,0.00569187980985857,0.009134707366451191,0.6,0.1,0.0,33,9.84006880093724,0.8772768328136925
20,21,0.102879062226849,0.7820226786949684,0.7756576607550748,0.15928893729288895,0.1330564810176568,0.10828432649786247,0.0070046676572826806,0.01127957198735116,0.6,0.1,0.0,34,11.75660975154392,1.0553132229200195
20,22,0.10124020120527336,0.7798486467391558,0.773436464602908,0.1604466969266572,0.07154358567725855,0.10625707400114882,0.00658804534102167,0.01051674251759092,0.6,0.1,0.0,35,11.554100571116372,1.2008945494998065
20,23,0.10232871723485214,0.7767341334838083,0.7699626380031412,0.17062550550715558,0.08639159637887793,0.11242281581020365,0.008245691655567811,0.01421608268299207,0.6,0.1,0.0,38,11.644747112154498,0.6717931412314311
20,24,0.10038445176946259,0.7736403490160363,0.7667736374771197,0.17159117227756607,0.08143272817131943,0.11041588530496835,0.0078451099284102,0.013410787818682579,0.6,0.1,0.0,39,11.456006652363849,0.7404976131927026
20,25,0.10140320694253258,0.7792650491150458,0.7767434626198962,0.18577489729097665,0.07250227389389313,0.1124122696430121,0.00809058037474188,0.01402722093809386,0.6,0.1,0.0,40,12.036295664895736,0.6688308976089244
20,26,0.09764859510801677,0.7679085660199492,0.7607990411421189,0.17739060015779287,0.08225827761372027,0.10839343087545121,0.00982996277021885,0.01673372450662176,0.6,0.1,0.0,42,13.832533684265996,1.1382479767340796
20,27,0.09573043613177555,0.7648147546733574,0.7576118784557907,0.17832746289596685,0.07885476259644986,0.1063266649200443,0.00942522774763256,0.015923629573121812,0.6,0.1,0.0,43,13.629791979470646,1.307260274162276
20,28,0.09255984195237225,0.7847043611588191,0.7992360105404914,0.22804086962674067,0.07237111265701113,0.10284133023620702,0.00738402786220535,0.00937966800103226,0.6,0.1,0.0,45,14.125726666263532,2.8543499215738324
20,29,0.09722200727169437,0.7614485820440471,0.7538701102702114,0.1885008919969491,0.10561514586228012,0.1125324552170127,0.01149053608531438,0.02030638069754937,0.6,0.1,0.0,46,13.96461190733475,0.5723845661266578
20,30,0.09719596477991665,0.766314348574666,0.7631048630397179,0.1984681099027256,0.06898472542262782,0.1125324552170127,0.01149053608531439,0.020306380697549357,0.6,0.1,0.0,48,14.05539117760098,0.5753195945868972
20,31,0.09880825870608027,0.7588965983945783,0.7510093196210266,0.20109513326325806,0.09514897518010783,0.11795346213176026,0.013431208071029049,0.02429307262843926,0.6,0.1,0.0,50,14.369599545857312,0.4730944208933718
20,32,0.09254768652567329,0.781307921656058,0.7995855902986836,0.2517818016703712,0.07747600564949818,0.10910209098606573,0.00821031764072836,0.01107924973048287,0.6,0.1,0.0,51,14.162880592038883,1.793015401557612
20,33,0.09685330389544089,0.7588294722725141,0.7550927236178446,0.21253043092309618,0.08266418622734908,0.11686674172582023,0.01305855422664955,0.023398046905840762,0.6,0.1,0.0,53,14.283249330676682,0.4894925722450294
20,34,0.09016451543755667,0.7810173513458488,0.8034616581476742,0.26278627091285045,0.07381358478357591,0.10713820150887811,0.007734903333187331,0.010504530421363959,0.6,0.1,0.0,54,13.58042983598169,1.8832865863552184
20,35,0.09829966524245985,0.7809742377733835,0.798815924902094,0.27113188347167816,0.10911883960823086,0.12223319727934265,0.0107771985867667,0.017770634614513968,0.6,0.1,0.0,55,17.29246828946978,1.46588238029742
20,36,0.09440667454018327,0.7743912813472225,0.7920451167515237,0.28047423621816475,0.07858477586987746,0.11735016253320153,0.01073503442856273,0.015492319858842371,0.6,0.1,0.0,59,13.849349437168543,0.8613794388701713
20,37,0.09447195210010426,0.7792743589190039,0.8012924075490191,0.29076219639694845,0.07227053678965852,0.1175408716024537,0.0106908540684514,0.01544589152186831,0.6,0.1,0.0,61,13.797751626720576,0.8162762545879889
20,38,0.10288997391077062,0.753056559154982,0.7444620256139362,0.2373788185626802,0.08008788104374612,0.12992857571968572,0.020568148371726082,0.03741918103252902,0.6,0.1,0.0,62,18.419171624209536,0.4837831226687104
20,39,0.08880564007488248,0.7650845339052045,0.7865241363428311,0.2953037661080585,0.11234612430702015,0.11210371793458813,0.013779107347740622,0.02452815037646839,0.6,0.1,0.0,64,13.020863276467455,1.2813528854588017
20,40,0.08282807905007457,0.7578466596047334,0.7792021366899923,0.3478586707979852,0.06465749608011173,0.10212739698669761,0.01759979853386815,0.03697234921354658,0.6,0.1,0.0,72,13.143532811019178,1.7696867284968518
20,43,0.07868802101775893,0.7406119001435276,0.7651849868648816,0.37495150509311925,0.08297055648873397,0.10245801914847276,0.01826909182053838,0.03484736650558678,0.6,0.1,0.0,80,11.387189567414376,2.028030307843908
20,49,0.07376489646497755,0.7261065937768075,0.7582431991880534,0.479914544780927,0.06408465324662498,0.09972361895115726,0.02044526884578031,0.03383852340676708,0.6,0.1,0.0,102,13.189279860940104,0.932705022962696
20,50,0.07376200428671328,0.726070785606559,0.7582054301410822,0.4870226292354973,0.062168169589184585,0.0997316755645746,0.020418728939769808,0.03385913368483959,0.6,0.1,0.0,103,13.213742862742327,0.9245605699290796
20,51,0.07280256640064911,0.7285087259788977,0.769005428965032,0.4818643184907712,0.07363635959303697,0.10026904928424328,0.01727827137309755,0.027982663457378286,0.6,0.1,0.0,108,14.6524154394432,1.4549564325858864
20,52,0.07208212272112884,0.7264157069073534,0.7668321660149754,0.4845373556629016,0.07322730695159148,0.09951062817237975,0.016484787659648482,0.027859299469963288,0.6,0.1,0.0,109,14.750246443680991,1.4210801833802782
20,53,0.07230571335590434,0.7292092704492614,0.7738605358561113,0.5004334328899301,0.08237463175837298,0.10026904928424332,0.01727827137309754,0.02798266345737835,0.6,0.1,0.0,110,14.240219796608146,1.3754800691477045
20,54,0.0738946870490563,0.7307661942135978,0.7754155063631237,0.49843411016801786,0.06365931763253735,0.10298460481956596,0.01693179271234272,0.03258984048862877,0.6,0.1,0.0,113,13.84904006799681,1.0439219221049312
20,55,0.07333044843664809,0.7289187636527097,0.7734934312839874,0.504900681588455,0.07422613921562064,0.10231966483985844,0.01694867304081677,0.03262154288120027,0.6,0.1,0.0,114,14.26197296921163,1.0390918699747818
20,56,0.07351460391769016,0.7444932734685883,0.8063056492372671,0.6323361137788042,0.0653580796546581,0.10321559852321183,0.01895907214021747,0.024735794828921128,0.6,0.1,0.0,138,15.259653947759071,2.5139591023737213
20,57,0.07291944614428754,0.7334037397292149,0.7946144921555346,0.6413816640034289,0.11046143680354978,0.10313082338930273,0.02543802481176996,0.02459012456203971,0.6,0.1,0.0,140,15.655880316715104,1.430310396264889
20,58,0.07509622620194707,0.7571110773739778,0.8400056331567242,0.9060091747102303,0.06748156849882359,0.10848067561777683,0.01841757082646682,0.029984335550993602,0.6,0.1,0.0,191,16.01611169894804,0.6064872870484846
21,0,0.8678842909487146,0.9869031284494578,0.9862288742549578,0.06126323521789517,0.0,0.0,0.0,0.0,0.6,0.1,0.0,1,8.616573502199536,66.47925740208714
21,1,0.6103178069913322,0.9963982014989484,0.9937331880689032,0.10449475829042888,0.1987005539822006,0.08026333899871055,8.513350093257e-05,0.00013765790648506002,0.6,0.1,0.0,3,6.257010185070181,44.07147586462433
21,2,0.22281673663751936,0.9040247531885297,0.8999777057775105,0.0994868080123451,0.4978281640989628,0.10422182713406437,0.0010978057213681899,0.00194082438267984,0.6,0.1,0.0,5,2.5652502671742434,4.512894401754209
21,3,0.2068778755012347,0.8944415696437774,0.8899350545957304,0.10177104728740184,0.09673777738487185,0.10317876676496013,0.00077553231382725,0.0013582225508095998,0.6,0.1,0.0,7,2.451383985932752,2.983510754232916
21,4,0.20019979937809604,0.8847265752955054,0.8756820908163195,0.09941900078429627,0.07286602597806645,0.10058620621486142,0.00066203773294143,0.00111902206573301,0.6,0.1,0.0,9,2.216975316644564,2.595408038830626
21,5,0.20019875147296357,0.8896729227454835,0.8850015792118433,0.10512581160621713,0.060420637487112835,0.10058620621486133,0.00066203773294143,0.00111902206573302,0.6,0.1,0.0,11,2.2203364329636197,2.599403507748229
21,6,0.1924336671602086,0.8856786212059629,0.8806235583644162,0.11310569823019267,0.12190655473723538,0.10624535090135152,0.00130169334017106,0.0033186527528129297,0.6,0.1,0.0,12,2.7169728289827404,3.3151312335999066
21,7,0.19243366719800614,0.8906256480266898,0.8899437749973641,0.11939578129055518,0.06387754357502749,0.10624535090135152,0.00130169334017106,0.00331865275281292,0.6,0.1,0.0,14,2.7169740164861595,3.3151305766990333
21,8,0.18943165731992845,0.880168521815293,0.8704223653621606,0.13045890933390153,0.1175798260483757,0.11567303030195496,0.00087214742398085,0.00174046393174912,0.6,0.1,0.0,15,3.4736161508051064,2.490047764462032
21,9,0.18943164909709825,0.880168521815293,0.8704223653621606,0.13045890933390153,0.06949120838238815,0.11567303030195496,0.00087214742398085,0.00174046393174912,0.6,0.1,0.0,17,3.4736136431296547,2.490046434478844
21,10,0.1798054430168496,0.8729533403680311,0.8627715864233384,0.1409827203180041,0.1036740394579636,0.1176656058953948,0.001379751284422,0.0025838327838576198,0.6,0.1,0.0,19,3.0467265783460227,2.784179742481771
21,11,0.17980544212134122,0.8729533403680311,0.8627715864233384,0.14098271979739832,0.07073751677246247,0.1176656058953948,0.001379751284422,0.0025838327838576198,0.6,0.1,0.0,21,3.046730093316273,2.7841816253569247
21,12,0.15577593627031844,0.8645730086317933,0.8672996813584808,0.14175229186591196,0.06757251919878013,0.08550437928491825,0.0031269747958018604,0.0044476831735876,0.6,0.1,0.0,23,3.182288650683048,1.805421748341005
21,13,0.17402680253189592,0.8729339465072325,0.8669130983120948,0.13923073225840754,0.07007505673862031,0.11622205991000073,0.0016017922687926,0.00294286532366292,0.6,0.1,0.0,24,2.9418584769002383,2.2900874476904645
21,14,0.14990581131836853,0.8546090724665633,0.8526156632181269,0.14213518256078989,0.10561887985049634,0.08825923172498631,0.00381630612990434,0.00565587440901498,0.6,0.1,0.0,25,2.9494341660672365,2.0150599331363765
21,15,0.14918932696584924,0.8588796159581532,0.8612341112327726,0.152544720932456,0.055061082008463304,0.08792313554172317,0.00397423902828258,0.0058869753193866396,0.6,0.1,0.0,27,2.9905620132467683,2.0505066883330647
21,16,0.15105324660732933,0.8607677661818164,0.8631059774313089,0.17125357518376327,0.05782026716142135,0.09164598266957766,0.0036849036149040303,0.008115283100337569,0.6,0.1,0.0,28,2.915415342072068,2.4263834336872026
21,17,0.15614659755983112,0.8561648417665665,0.8496733477825211,0.15548881570145198,0.07555975821833588,0.10290960473191721,0.00521103958001119,0.01605780603558964,0.6,0.1,0.0,29,3.893510708964977,4.078712191687663
21,18,0.14728289471838593,0.8621656290878674,0.8686326755134939,0.17396414029806723,0.08021078870573592,0.09364831186614181,0.00364107336314827,0.01138367930909058,0.6,0.1,0.0,30,2.927972036619582,1.006534438253008
21,19,0.15138146428244975,0.8761740593894687,0.8913037043092344,0.17639001060903683,0.07495724158345263,0.1029441542925195,0.0052741098442380405,0.01625215690435928,0.6,0.1,0.0,31,3.34444509824791,3.445331686823794
21,20,0.14300797518667244,0.8628598825200597,0.8734965673207182,0.17538385363936734,0.0654512838832028,0.09249152958205914,0.0075860509066297006,0.013111483749186071,0.6,0.1,0.0,33,3.08190432192272,3.06539118347895
21,21,0.14115169277703427,0.8558508605586108,0.861921655464097,0.1884311801099117,0.08680211860646386,0.09577542372968101,0.00470398885889476,0.01324874897056913,0.6,0.1,0.0,34,2.671481430588024,0.9870158933021924
21,22,0.14113266648209813,0.8607775062568768,0.8712204151015065,0.19722869855027847,0.058014913285245544,0.09577542372968101,0.00470398885889476,0.01324874897056914,0.6,0.1,0.0,36,2.6892042314329507,1.0026169745334024
21,23,0.17469805911777342,0.8890862094809656,0.8949674904191471,0.23044869756675265,0.12335619047400301,0.155868480957091,0.01331423558981976,0.040245305743533924,0.6,0.1,0.0,37,2.961811388073406,2.0935480853525457
21,24,0.12817343849692334,0.8374548968107282,0.8386954713374665,0.18776745411027038,0.09854060364868661,0.08423339990894288,0.02825259337426478,0.05517637048194771,0.6,0.1,0.0,38,4.038181830095784,2.355303097871091
21,25,0.11493296119734972,0.8188870926009948,0.8191029681056845,0.19345456118066973,0.09226490824004248,0.08627375528846883,0.02938125466021793,0.054075373521385674,0.6,0.1,0.0,42,4.564967467243787,2.787036846684243
21,26,0.10973339280219004,0.809189636255043,0.8087761924355057,0.20256365604774212,0.08895494137629405,0.08948088652630619,0.03540968757993794,0.03942296197011938,0.6,0.1,0.0,45,4.032616819874246,5.239207940375273
21,27,0.10660780080424638,0.8091469104689402,0.812880607810731,0.21327349564604803,0.07372042778514261,0.0874903271504608,0.04136268311264539,0.09954420941856365,0.6,0.1,0.0,47,3.922093663809199,4.106558560912797
21,28,0.10084340646546947,0.8032994148448999,0.8070233983993587,0.20076029823806357,0.05170574056095243,0.07398051948069999,0.06583258157482728,0.21937845087814445,0.6,0.1,0.0,49,4.251474282749568,6.232553025188468
21,29,0.09722096937796068,0.7964418566030377,0.7998048811399274,0.20901053489501092,0.10571282140785013,0.0777296940417101,0.04488093904763959,0.10887887791362605,0.6,0.1,0.0,50,4.478045150870639,5.448563782928657
21,30,0.09722096937796068,0.7964418566030377,0.7998048811399274,0.20901053489501092,0.0511263317362686,0.0777296940417101,0.04488093904763959,0.10887887791362605,0.6,0.1,0.0,52,4.478045150870639,5.448563782928657
21,31,0.09032960470727096,0.7841389037780844,0.7869548978676391,0.2146631756211911,0.1326689869495735,0.07503544448777759,0.0442795514944065,0.11173814666748094,0.6,0.1,0.0,53,3.610473929145528,8.607928365416763
21,32,0.08450007795240388,0.7777064258376261,0.7843923659539069,0.23008493797055635,0.07304763365095496,0.07294152418545619,0.04079758744573691,0.1196669105432965,0.6,0.1,0.0,56,41.864174442150805,6.215171213384656
21,33,0.0853493498227882,0.777570953349004,0.784171286146859,0.24087608986265382,0.055844127524836334,0.0752125384460296,0.04244607449728049,0.11732959306539445,0.6,0.1,0.0,58,41.83210567309531,5.833479614130578
21,34,0.07887314756337149,0.7659119580626447,0.7720781288310343,0.22942567554490365,0.11180965744355317,0.0702929176783789,0.039712818123683005,0.12858338434877323,0.6,0.1,0.0,59,36.76529540220653,6.081677401695066
21,35,0.0798002394149274,0.7657221520376011,0.7717979252391718,0.23060448157595603,0.054549353558513584,0.07263482857295074,0.041323516646832446,0.1260384924684791,0.6,0.1,0.0,61,36.685425865761786,5.764802808666797
21,36,0.0798002391830059,0.7657221713292046,0.7717979386636054,0.23060448640992817,0.04771345101393671,0.07263482880293937,0.04132351946883995,0.1260385017360059,0.6,0.1,0.0,63,36.68542596751508,5.764802550247592
21,37,0.08076764768675443,0.7553440838434756,0.7565465271476449,0.2491005676741814,0.12764129937946142,0.08034261940437624,0.03792392355169683,0.09810309481213,0.6,0.1,0.0,64,36.68124588445245,5.825404713179735
21,38,0.07029005975189344,0.757946904472628,0.7721358249821125,0.25207736728136004,0.04904756208639027,0.06457731348778897,0.03596887543746182,0.1263384369605855,0.6,0.1,0.0,67,38.10353149680998,9.28585336765743
21,39,0.07003561706645182,0.7515410437122099,0.7612668509789617,0.2553755454518873,0.05623080828130461,0.06468300773979484,0.03821978618497474,0.11995698614581414,0.6,0.1,0.0,68,39.57259584936728,9.326905807278628
21,40,0.06906834774803264,0.7486339388668687,0.7582164698675542,0.2613640043299338,0.05334262703665879,0.06455161350154741,0.03776960173644383,0.12079426692461041,0.6,0.1,0.0,70,39.8230318207674,9.140260511165987
21,41,0.06760672917154426,0.751248117385041,0.7651400355830876,0.2632539209692567,0.05108054774392267,0.06271874076197657,0.03782875660586243,0.11931881963905622,0.6,0.1,0.0,71,39.56579098662495,9.59369493299717
21,42,0.06570541847043752,0.7449382829173938,0.7585131616289762,0.27543269432084905,0.08919063258457366,0.06247078636486338,0.03780271925316865,0.12082193021619644,0.6,0.1,0.0,72,39.44347552801072,9.529650437131377
21,43,0.06482669367146716,0.7432807460105652,0.7568004842167441,0.26778717135968244,0.0448430996619894,0.060801708189809886,0.04195172166020096,0.13646733511439196,0.6,0.1,0.0,74,39.02708977159422,9.06597387773938
21,44,0.07077436228387318,0.7358220183240506,0.7443843104750006,0.2805372799220977,0.1378787429800757,0.07483337316804702,0.04614492954837924,0.087706451057403,0.6,0.1,0.0,75,39.30956739253664,9.73745463277356
21,45,0.061499091648217936,0.7344051641863454,0.751573797333832,0.38477016862048297,0.04165196450490798,0.06345944475405464,0.02847161388549658,0.12432112610914589,0.6,0.1,0.0,106,16.857964182526743,10.442513804562449
21,46,0.05641915554149489,0.7081539717375208,0.7198990771678796,0.3945181262793834,0.19736837890199044,0.06283316369111222,0.02322457065081896,0.09186312902420975,0.6,0.1,0.0,107,14.160598140607902,7.909581964859697
21,47,0.05542573117405822,0.6969405061768748,0.7080502141372034,0.419919364243184,0.05716631983265411,0.06469649579303104,0.02333800005593556,0.06513634100412606,0.6,0.1,0.0,113,16.344417315854212,12.055518049092807
21,48,0.05488735613651403,0.7001437087514597,0.715552770443071,0.42844539319522196,0.046433261105348074,0.06409225001864768,0.02386070989469048,0.06542267304763073,0.6,0.1,0.0,115,16.9012117845179,12.769973351674755
21,49,0.055653488647519324,0.704592296879084,0.7242973498352321,0.45546426822666847,0.04476071906205233,0.06578302838968017,0.02372366673431968,0.06541851357460923,0.6,0.1,0.0,119,16.82395957329755,12.134028168854885
21,50,0.05562857767947147,0.7044310218119074,0.72412777454928,0.45542720187379093,0.04246665179025454,0.06578302838968017,0.02372366673431968,0.06541851357460923,0.6,0.1,0.0,121,16.818149670686637,12.184792924509376
21,51,0.05946288423757882,0.7162913260130572,0.7446208466998048,0.5482986598710854,0.0470085711747129,0.07068162140979474,0.036054159848947546,0.1605582026235577,0.6,0.1,0.0,140,18.100661886917987,6.880387771675359
21,52,0.059186916628853954,0.7152407912289145,0.7435233910759123,0.547957319882452,0.052789414888172556,0.07043713207851396,0.03612988401715504,0.16041240354429678,0.6,0.1,0.0,141,18.12570959600381,6.883046010686575
21,53,0.05855901841355266,0.7197862566466883,0.7565309621939752,0.5733550418460859,0.08851059543349739,0.07079133860688773,0.03572877007337913,0.16791414838709823,0.6,0.1,0.0,142,18.23972847328929,7.260294962351115
21,54,0.05804876216512161,0.714124558953615,0.7505623445955661,0.5879330444815878,0.09251891651178429,0.07116559961641182,0.03648516199370786,0.15338205148147666,0.6,0.1,0.0,143,17.93005420585489,7.380855234750373
21,55,0.058362641973595676,0.7139115361619148,0.7503181064769596,0.6089758706820649,0.04727160212278204,0.07170301123735971,0.03719309342674253,0.1783388058922376,0.6,0.1,0.0,153,17.895502207491525,7.24886802891092
21,56,0.05782498637250047,0.7124642654829001,0.7488170308477756,0.5875575385493409,0.053377783030549394,0.07080268202906129,0.038575235711460834,0.1556893150702411,0.6,0.1,0.0,154,17.43247102349017,9.985826464099745
21,57,0.057741112600760564,0.7118404174150458,0.7481612705257219,0.5982115438768387,0.05151687925080153,0.07097178595978715,0.03751865317600937,0.16641624021110474,0.6,0.1,0.0,155,18.21883573953749,7.455757966615421
21,58,0.05772886815276402,0.7294102260041656,0.7871772744271046,0.6740204201999654,0.055330130221514257,0.07280873887189536,0.03635552655724877,0.16204343282096237,0.6,0.1,0.0,163,18.07046041395607,7.286502959185685
21,59,0.05772244372082081,0.7293554946835594,0.7871197371394304,0.674007813602838,0.04736928704364412,0.07280873874608529,0.03635520191579582,0.16204343396065443,0.6,0.1,0.0,171,18.06346555688245,7.323311636643458
21,60,0.0556644666947519,0.7299947833623801,0.7920012818000198,0.7269091834782813,0.06432412624758092,0.0690703117643921,0.04113836179516615,0.18710188046794834,0.6,0.1,0.0,172,17.933734370704784,7.034287945964178
21,61,0.055531240035170994,0.7296127714124373,0.7916048072387155,0.7267463899283357,0.046212839436801934,0.06909876398357127,0.0399540850291646,0.16227519301237744,0.6,0.1,0.0,175,17.938345355450128,7.931509968048951
21,62,0.05579521145811917,0.7343414603770781,0.8006786796655426,0.740865043159709,0.049907828064922236,0.06939015191400096,0.04145611823366588,0.17303126105865155,0.6,0.1,0.0,176,17.85846469184626,6.894516027712588
21,63,0.05562291590441234,0.7235012260897327,0.7810472468288266,0.7239517926310639,0.047610122236367,0.07014046607875453,0.03620988577657725,0.15398396177684484,0.6,0.1,0.0,180,17.99359814593468,7.637107726069675
21,64,0.05693118371806565,0.7394107143384455,0.810062352191682,0.7685996722820233,0.04754884100883521,0.07080240679888951,0.04561876069407482,0.15919242357433497,0.6,0.1,0.0,183,17.870205682608614,6.873482398517022
21,65,0.05637331471172354,0.733596750718939,0.7998573037732815,0.7803417622369033,0.0469997154132014,0.07092425682688269,0.03969733127098187,0.13932256948086597,0.6,0.1,0.0,189,17.88201119448731,7.481354155517872
21,66,0.05641017333490305,0.7335767582789465,0.7998340219193342,0.7803716327794464,0.04682262563400787,0.07093200280319735,0.0400902000162819,0.1389798556452511,0.6,0.1,0.0,191,17.882713095020755,7.48232873803579
21,67,0.05722170743786813,0.7480962420640926,0.8274074630728777,0.849926740899009,0.05237695271000233,0.07130446683356984,0.047368592325105194,0.1728297860615524,0.6,0.1,0.0,193,17.79268472333147,7.060061954142808
22,0,0.6147794641926349,0.9562007791174717,0.9539460052002914,0.05448914551080913,0.0,0.0,0.0,0.0,0.6,0.1,0.0,1,30.35630792276748,66.90627723068314
22,1,0.4217220639678178,0.951721332473981,0.9473138081319732,0.08619531201535911,0.20012064288254633,0.06221968620474443,6.992898632203999e-05,8.844503255730001e-05,0.6,0.1,0.0,3,21.396750614083512,43.7874814633996
22,2,0.26596992313477946,0.9081900859287507,0.9013100831526762,0.08249744649002325,0.22880350161636936,0.06968113812347888,0.00027971594528817,0.00035378013022920003,0.6,0.1,0.0,5,13.835445974018167,23.396220547306108
22,3,0.15910214120885635,0.8577816544722896,0.8518269395169502,0.08703108510778855,0.3141636300994033,0.08901526389204209,0.00047425688204863004,0.00096517365986007,0.6,0.1,0.0,7,7.305470188697334,5.074388367229619
22,4,0.14438349705780487,0.8394003454330836,0.8284972339427459,0.08222969958775242,0.09469193271877564,0.08523905170752326,0.00053462797543904,0.0009065213005496999,0.6,0.1,0.0,9,6.196518104695349,2.5810202300901195
22,5,0.1443817668033338,0.8443457115697581,0.8378156559906126,0.09812150547816369,0.05120328663942062,0.08523905170752326,0.00053462797543905,0.0009065213005496999,0.6,0.1,0.0,11,6.189480555424933,2.57098391875374
22,6,0.14137102804055565,0.8364737887447642,0.8254342794086971,0.09059575640319527,0.06123656947522264,0.08478972917307588,0.00045271822010053004,0.00063828504671027,0.6,0.1,0.0,13,7.652975627231261,6.59199360398034
22,7,0.13321014888301233,0.8329190054590986,0.8257639614242804,0.1002376130419298,0.12585680309641198,0.08231833521657735,0.02519107818226684,0.052104967114726695,0.6,0.1,0.0,14,5.10845732049042,1.580702935438413
22,8,0.0938072388396537,0.7851315124188947,0.7762012144017089,0.08432440229623561,0.1728132554197757,0.06289226746789912,0.00872737387558606,0.00570964353258286,0.6,0.1,0.0,16,8.068223569871344,7.967961914816684
22,9,0.0944927076433075,0.7852307041051301,0.7762220799065329,0.08787949572594783,0.05207444343677981,0.06575474963894894,0.0077594717709786,0.005572021962330189,0.6,0.1,0.0,17,9.262602873068856,11.836291634186788
22,10,0.09203082530592913,0.7868011246616156,0.7820474590799018,0.09570564557059844,0.048087068463188845,0.06399397619633164,0.00752096980428998,0.00566631075745246,0.6,0.1,0.0,19,9.315496543847011,12.71439836500011
22,11,0.08476644230647977,0.776660470249718,0.7715604543673785,0.10293663036209738,0.05320888493698802,0.05794493506009537,0.009686569032000231,0.00600706712236408,0.6,0.1,0.0,22,7.41817906303929,7.85388341702871
22,12,0.08298181725691654,0.7742823293044896,0.7690932793483605,0.09632754204720771,0.05133526907838901,0.05679232572927499,0.01011570768547029,0.01347179187211873,0.6,0.1,0.0,23,12.397642200797945,15.85759055380519
22,13,0.08173020673615684,0.7666250687126032,0.7607916674420944,0.10289528276123731,0.08725676762111925,0.06466351015521639,0.0114834506648077,0.01708492759963877,0.6,0.1,0.0,25,13.331534726859829,14.581407364965033
22,14,0.07365219153300799,0.7543911332969142,0.7481686392995033,0.10109856876458423,0.09414264600722677,0.05691068069038831,0.01124295623028558,0.01656840452082932,0.6,0.1,0.0,26,13.82623406574186,16.24153565946258
22,15,0.07318376563942773,0.7519380142284577,0.7455381219185552,0.1223108884465103,0.041646344894732,0.05696189156092988,0.02086709126285103,0.01549983082053391,0.6,0.1,0.0,31,9.323813733374804,12.340905286377636
22,16,0.10446689929867822,0.7726542099317822,0.7613971863610776,0.15400548158700766,0.14622817809909716,0.11417920049976327,0.028208296787691878,0.01608123398049124,0.6,0.1,0.0,32,2.747656422775175,4.808091730192121
22,17,0.10445257923827447,0.7726286318258873,0.7613708310159322,0.15650492116651804,0.07139576663838684,0.11416541013035936,0.028185096938071502,0.016051533542619758,0.6,0.1,0.0,33,2.784835584226969,4.928688230744146
22,18,0.10256388597378226,0.7684718892118576,0.7570252643438887,0.16672068413239538,0.0808023288874801,0.11463542113155933,0.020476454084479758,0.03164873963882822,0.6,0.1,0.0,36,2.9968072334250846,4.243703668486769
22,19,0.09920355331843085,0.7573795716955338,0.7453343787981448,0.16325224202842945,0.16214081403031247,0.11368725993008016,0.031516549769438226,0.01732152317051865,0.6,0.1,0.0,37,2.440320892334559,3.795707150442216
22,20,0.0972765247125388,0.7553007596993018,0.7472627088914313,0.16837167866505054,0.12341819992007148,0.1137942024310816,0.03171454258584585,0.01767422944995667,0.6,0.1,0.0,38,1.8993514072462443,3.118127668636547
22,21,0.09482072909359043,0.7424938037647216,0.7296842872527779,0.17001190854307127,0.09319872889510203,0.11306978698431265,0.03483376898413902,0.01830889286948271,0.6,0.1,0.0,41,2.4355062990609366,3.730311252449973
22,22,0.09815720641081788,0.7461796308206874,0.7374373498944929,0.18037725860761586,0.11686835909865756,0.12127911431029766,0.032393197480511546,0.01908125936792838,0.6,0.1,0.0,42,1.7550217801338683,0.9619192181136196
22,23,0.09890693704105355,0.7461001155986358,0.7373011252983591,0.18115710744687982,0.08560584944557474,0.12249976014340988,0.035290733093718,0.02314760677449485,0.6,0.1,0.0,43,1.7249969635237368,1.0800133472616946
22,24,0.09309231913703793,0.7214344117880406,0.7113986009134055,0.18045152547857546,0.26343610607457424,0.12415055377262352,0.01898613391966274,0.03387929250687475,0.6,0.1,0.0,44,1.5822653757302216,0.7891542670733191
22,25,0.08006550968448545,0.7047025989875773,0.6944310510757418,0.20969229217942614,0.06734002324907157,0.10195884389904737,0.03060794797564582,0.0423291951399527,0.6,0.1,0.0,56,2.3053457594312263,8.093815214460903
22,26,0.07932802997381193,0.6997246612394841,0.6891869898534606,0.2169047279033308,0.07491103766115097,0.10165355961960473,0.03435821993502193,0.04562634213788744,0.6,0.1,0.0,60,2.011049373612272,6.441023861873087
22,27,0.0757078045954323,0.6943073962002427,0.6877334948028961,0.22096852473418094,0.0913315245927759,0.09879646449054474,0.02738520066615106,0.05051757007370965,0.6,0.1,0.0,62,2.584082508912438,11.15538597875739
22,28,0.08355717812117908,0.6994117197120575,0.6926713183916817,0.23420122332439752,0.09556985952895751,0.11256485749290349,0.028160465832304332,0.02509173110756263,0.6,0.1,0.0,63,2.248915169396935,4.983652967276989
22,29,0.08355717812117908,0.6994117197120575,0.6926713183916817,0.24820314745084238,0.07035519398694322,0.11256485749290349,0.028160465832304332,0.02509173110756263,0.6,0.1,0.0,67,2.248915169396935,4.983652967276989
22,30,0.07539622906146753,0.6774790436147415,0.6658367948484215,0.23414511133054053,0.09041939707505192,0.09859535170080964,0.04481921933018919,0.02564007202679568,0.6,0.1,0.0,70,1.4077246251469635,5.155933641889652
22,31,0.0781115974662185,0.6868034065240834,0.6837136443940777,0.24438226781055714,0.0957353445688822,0.10501554330178957,0.03825434257918406,0.03353559615576255,0.6,0.1,0.0,71,2.0815360406244645,6.796486432950701
22,32,0.07977164118123717,0.6774238595960388,0.665519906399635,0.25114236928645345,0.07134286293390407,0.10629734544907517,0.04889159749390985,0.0299635543165842,0.6,0.1,0.0,75,1.0690462751644292,2.6386270640396106
22,33,0.0749344518832677,0.6719449232484042,0.6600025659365899,0.254116572709563,0.06611578576766863,0.098317549305113,0.04944201141479286,0.02757256274326226,0.6,0.1,0.0,78,1.1693453567741046,4.13661441686169
22,34,0.07319379892587273,0.6670567305148821,0.6590163702754184,0.2645843987388281,0.09828821361872943,0.09787372689768839,0.04527729451003285,0.02550108614574781,0.6,0.1,0.0,80,1.5025325363677304,5.78432181065376
22,35,0.08670680368828858,0.7171846131009759,0.7439583051086827,0.5729306334998534,0.07753545562103153,0.12422325139409288,0.02595966880399137,0.8927240748237507,0.6,0.1,0.0,144,3.635295168098085,6.972988334706311
22,36,0.08926942956513986,0.718333327489254,0.7450255653741288,0.5786847513737816,0.09215854509584655,0.12873592247958865,0.026195689837138242,0.8881278522324013,0.6,0.1,0.0,145,3.116681794539101,7.931155132905064
22,37,0.3348684412083888,0.9687702417204878,0.9998293592191485,0.8329646689947547,0.3257104540843281,0.5380838442789757,0.026226409282745312,1.0,0.6,0.1,0.0,149,3.135682822330016,8.244653588445397
22,38,0.3340087903100249,0.9671921412255735,0.9982099302877951,0.8386592508547179,0.33094590026152065,0.5368360478018698,0.02596008087666315,1.0,0.6,0.1,0.0,150,3.1881964102009204,4.661116108201965
22,39,0.3339658034422699,0.9665807260162816,0.9975658339920231,0.8547320314267389,0.3296590007757287,0.5368781949680207,0.02593884036490194,1.0,0.6,0.1,0.0,151,3.1784550434954624,4.715846764367543
23,0,0.7573852327615975,0.9747762850995954,0.9734777490566139,0.05858749729384325,0.0,0.0,0.0,0.0,0.6,0.1,0.0,1,17.921323748703006,64.2219463341832
23,1,0.5408180062531661,0.9821310453638358,0.9788895284732376,0.09895354233396901,0.19201747520845103,0.0751506748765948,7.401167200005e-05,0.00010884141820262,0.6,0.1,0.0,3,11.526419860300264,42.28413436794045
23,2,0.5117853117391635,0.9775659781232445,0.9741677815425119,0.09937818707636936,0.08316068721058542,0.07242564246381003,0.00121953384560783,0.00244520368349999,0.6,0.1,0.0,4,10.2305073885184,41.08204030916486
23,3,0.23414067640830294,0.8996113943337836,0.8964081365691264,0.08233768188832359,0.6587151947247956,0.06962330387776323,0.0006454633147971801,0.00089124049105867,0.6,0.1,0.0,5,4.218711426236396,9.329315207874052
23,4,0.21751453394017853,0.8917798324695289,0.8881602883113694,0.08082200476916988,0.1057873342594903,0.07002963087188568,0.0007577603529945801,0.00104629758752424,0.6,0.1,0.0,6,3.889976295101182,7.348059073371478
23,5,0.19421882268174764,0.8809750032074946,0.8766379179043855,0.08583728202409888,0.1584295100305236,0.07525822798676832,0.00071947498679724,0.0010000819092613,0.6,0.1,0.0,7,3.22364568316214,2.973175012937722
23,6,0.1820966393279023,0.8682487290420132,0.8590544813900234,0.0856636756352547,0.11394300143001194,0.07779972777949205,0.0016923464130118402,0.0034926536505771504,0.6,0.1,0.0,8,6.9854446687915726,65.75199056148006
23,7,0.1759826088642994,0.8734858087879667,0.8728816692696681,0.09946271763619711,0.06864179775350679,0.07525822798676832,0.00071947498679724,0.0010000819092612898,0.6,0.1,0.0,9,2.994857640862744,1.9401390205938889
23,8,0.1612806138514985,0.8537485637365525,0.8437149934423417,0.0873809030730331,0.15211396541340852,0.08076947743098303,0.00191438142901202,0.0038191779051849903,0.6,0.1,0.0,10,9.149977912277514,88.64312791338261
23,9,0.15576904750555057,0.8542046605801725,0.8483140930722419,0.10237038506448659,0.06596128420796166,0.08081139127183139,0.0014675167228642,0.00289163322907915,0.6,0.1,0.0,12,6.677815517657205,53.61916407546416
23,10,0.1500783831449509,0.8493671955409202,0.843237561909699,0.10597562035337083,0.06669610018983621,0.08045114093799569,0.0016912461476961,0.00381308632743363,0.6,0.1,0.0,14,7.0559195710605485,58.52625848991922
23,11,0.14598358837416586,0.8456590825795381,0.8393386877203959,0.1099270375467779,0.05793315405665731,0.0803798232909479,0.00209241276281643,0.003930380775012151,0.6,0.1,0.0,17,6.756101884459789,69.36678794087507
23,12,0.13776880849511008,0.8377935021638414,0.8309202822836779,0.12694490698561417,0.13495887692035385,0.08461757381665957,0.00539974941073112,0.00555271397292089,0.6,0.1,0.0,18,8.472506907897555,75.10828485239615
23,13,0.1253089469515272,0.8236575555527514,0.8159906886669706,0.13837929800738094,0.11258231711748927,0.0868134404830944,0.00503374373232182,0.00500316778176254,0.6,0.1,0.0,20,7.733560398554939,51.08652869329023
23,14,0.12093481157778968,0.8236373746459592,0.8201884546631921,0.13532540395853518,0.06238199445846292,0.08353579364643593,0.00518179558614856,0.00520951720777185,0.6,0.1,0.0,22,8.217906253596011,54.367694403379474
23,15,0.11902777476493406,0.8259098437807408,0.8266573270655168,0.14320078823342572,0.06479838339964741,0.08426354169397814,0.008402674797279571,0.00733768921000789,0.6,0.1,0.0,24,9.19804678204822,59.19398515456133
23,16,0.11888446367779401,0.8155289132687634,0.8074545399064915,0.1391555231644679,0.06399708291328327,0.08635794395994122,0.0056430329526791,0.00578446064478772,0.6,0.1,0.0,25,8.895458834608043,77.83837015903954
23,17,0.11648752834681418,0.8071719476874635,0.7945348527670685,0.14673251761064143,0.0810451546835451,0.08662605115946376,0.00675538701636022,0.00604151613100556,0.6,0.1,0.0,26,8.74174244355822,80.40911446764821
23,18,0.1164400986596255,0.812052698117373,0.8037853562717242,0.1550271354611117,0.05290872618007987,0.08662605115946376,0.00675538701636022,0.0060415161310055495,0.6,0.1,0.0,28,8.716193590370604,80.32031765871376
23,19,0.11603601462486546,0.8213554131853902,0.821800705552792,0.15473486526392413,0.05780943930505131,0.08685209010490973,0.00602942891794054,0.00582776166711818,0.6,0.1,0.0,29,9.011283539990751,80.95996123697265
23,20,0.11391405188270824,0.8131794344849211,0.8090635488869797,0.1658797358827523,0.06735742672221597,0.08742651686044796,0.00681613232308845,0.00553824887510517,0.6,0.1,0.0,31,7.491115316834574,67.70144479219177
23,21,0.10908400447682098,0.8157186986032111,0.8199713298153398,0.18425708327777293,0.08172394855586348,0.08744749959879955,0.006530610932842,0.0056720572432984,0.6,0.1,0.0,33,6.781150793770808,55.231678233933295
23,22,0.10872420898947932,0.805243632000345,0.8007200353928244,0.1461347040163322,0.05759195879711866,0.08744749959879952,0.006530610932842,0.0056720572432984,0.6,0.1,0.0,34,6.823955820389042,55.40022043260554
23,23,0.10822852547418452,0.8185085336800473,0.8269602274137504,0.19353362833553867,0.07613027314572313,0.08946869477930812,0.0066485224259050305,0.00614836198617018,0.6,0.1,0.0,35,7.285206368023661,58.50102134551861
23,24,0.10025785742886392,0.8006390956187264,0.8003423554891638,0.191368593043903,0.046491238767830546,0.07508567767580325,0.0136081405754504,0.0073955047463069,0.6,0.1,0.0,41,5.839488655300891,7.748615862781515
23,25,0.0994841624416333,0.8042364894506076,0.8082402502839867,0.20063408960207502,0.05189342312486699,0.07517355029890116,0.013698124824373001,0.00741420065434459,0.6,0.1,0.0,43,5.880012953994456,7.918179646955908
23,26,0.09676224854992051,0.7943782883261301,0.7937405497876894,0.21240194910912447,0.08748507259866378,0.07587178164160605,0.0125241677075972,0.0106962108485764,0.6,0.1,0.0,44,6.811188709718211,6.395315080378859
23,27,0.09605102367704894,0.79261728725656,0.7918589426284379,0.2124612013281017,0.06551974980448268,0.07695055813864445,0.0118667675869948,0.010354836855394869,0.6,0.1,0.0,45,6.58322930999907,6.073078317169353
23,28,0.09492486376723655,0.7956506859473164,0.7991768372929041,0.22158688865224527,0.06060472828371311,0.07652429677569644,0.01251274494177743,0.01009930036796089,0.6,0.1,0.0,46,6.9656974250325465,5.971276950734476
23,29,0.09834620836279105,0.7923190398233267,0.7912747743951081,0.1801795278103998,0.08277416611474926,0.08530139455441296,0.0143202867492089,0.035834088031824265,0.6,0.1,0.0,47,3.3070296085784388,5.266944299368894
23,30,0.09243564116526126,0.7787754480992476,0.7848848855425463,0.23674414707246888,0.12132900757934326,0.08476425070045265,0.09253760418834563,0.26723042806847286,0.6,0.1,0.0,51,4.598349188499712,10.916420465201377
23,31,0.09094164519109822,0.7719172951618538,0.7736199712049556,0.24781120339762822,0.061262597676236735,0.08266264044506172,0.09256626716176404,0.26757351878801455,0.6,0.1,0.0,53,4.184543557273297,9.772747182992822
23,32,0.09057744975917172,0.7724420477681966,0.7781973879284785,0.25827490763890076,0.08232335264253267,0.08567111854022846,0.09254736114597166,0.26740613359633203,0.6,0.1,0.0,55,3.903489455393458,11.07219748455563
23,33,0.10912075624917741,0.8032763474713548,0.8100458887952752,0.2668820361876401,0.08310592214229587,0.104190632530491,0.09276424924849644,0.18069292183199767,0.6,0.1,0.0,57,4.197439400535821,13.929547367606594
23,34,0.08768005345193072,0.7645719837570072,0.7699494678858122,0.25612070459875325,0.10148001658589521,0.0847780401337888,0.09260497330412214,0.2671204237795347,0.6,0.1,0.0,58,4.490616231129464,10.979877918488304
23,35,0.10014974003656112,0.7969183652309036,0.811815861306648,0.26714634554386396,0.07373650534660155,0.10004995438129895,0.07520504811828209,0.148363675830904,0.6,0.1,0.0,69,3.575616235049384,15.477332819122992
23,36,0.09365695707591896,0.7783592623411812,0.7923288619843634,0.331294583882317,0.10815630406596212,0.09860941398089476,0.07850507795605326,0.16646524067933785,0.6,0.1,0.0,70,3.5066765955446018,14.318218602438469
23,37,0.09365696492367875,0.783306289161908,0.801649050007984,0.3423638324777875,0.0670162394070483,0.09860941398089479,0.0785050779560533,0.1664652406793378,0.6,0.1,0.0,72,3.5066772265633688,14.318224534667332
23,38,0.090573932048016,0.7777993209358067,0.7959654039783735,0.34618208341743717,0.08091689265414202,0.09511221740156989,0.07873736596956221,0.1665769353361944,0.6,0.1,0.0,74,3.655870982453493,14.202737225636133
23,39,0.08095512439797593,0.7656096435852687,0.7876029739543134,0.35870103499075945,0.06787921180892088,0.08386962909467359,0.08087336340057658,0.20379877471912922,0.6,0.1,0.0,75,3.4294440220865483,11.755248338849643
23,40,0.08133754717584513,0.7590032482395125,0.7805299867708277,0.3624976319788601,0.07824632370960327,0.0879461990409863,0.0809861628473494,0.20409896167907204,0.6,0.1,0.0,78,3.2859258309746595,10.72186170813914
23,41,0.09731741836590684,0.7956827076419144,0.8226856028224531,0.4025165329548505,0.07813244655285063,0.10571076012260354,0.07746109959558603,0.14830612733173684,0.6,0.1,0.0,82,3.7612275576445007,12.183287795306171
23,42,0.0929075093718594,0.7817157259761006,0.8040140031570894,0.3970994459477877,0.11683667179257316,0.10129818428820236,0.0781255011433678,0.14738847930496451,0.6,0.1,0.0,85,3.438022214878532,12.437264567576037
23,43,0.07608815436923172,0.7480792488856317,0.7854766642043773,0.4449083541729303,0.068560357233057,0.08891554802809891,0.08312171825002283,0.2047580832158194,0.6,0.1,0.0,96,3.113936940976826,11.060802526289518
23,44,0.07387552778201874,0.7450727350686766,0.7824214327443318,0.45835266094777716,0.060036094666217864,0.08537682263382257,0.08375351054594957,0.20647557799068506,0.6,0.1,0.0,97,2.9016463505700565,11.259923806570926
23,45,0.07300937332951803,0.7403807926464603,0.777492141963137,0.3957331445703858,0.0728232821809832,0.08559598992117072,0.08162514460224349,0.2071605947064928,0.6,0.1,0.0,102,3.88651748226906,8.793435259231225
23,46,0.07300937317763077,0.7403807926464603,0.777492141963137,0.3957331445703858,0.05952054627463013,0.08559598992117079,0.08162514460224349,0.2071605947064928,0.6,0.1,0.0,104,3.8865174866045233,8.793435287240836
23,47,0.07181095629257514,0.7415694649997621,0.7869789819196206,0.4157957815468004,0.14249424399785884,0.08559598992117061,0.08162514460224392,0.2071605947064928,0.6,0.1,0.0,105,4.005442353208492,9.363480723563152
23,48,0.0748650709173793,0.7467554944701872,0.796370529794357,0.44292030818432354,0.06832735779943583,0.0911082405006743,0.08350758753209311,0.2006080633143313,0.6,0.1,0.0,108,3.039880589195894,10.875292138510286
23,49,0.07166853822502392,0.7237639588174394,0.7681360039304044,0.4424915049491937,0.11514077623016958,0.0892966238025735,0.08289915880800962,0.2049599009904381,0.6,0.1,0.0,110,3.3607357522682597,10.039670019928153
23,50,0.07166853783486597,0.733658012458893,0.7867763851793412,0.4643199004454977,0.0618681593771283,0.0892966238025734,0.08289915880800974,0.2049599009904381,0.6,0.1,0.0,112,3.3607358663801663,10.03967075497747
23,51,0.06924341056473168,0.7259758819356676,0.7747030826493593,0.4607804642518788,0.08159693065363913,0.08517426402585698,0.08377641630373514,0.20668445785855308,0.6,0.1,0.0,113,3.10029403253902,10.40737474498209
23,52,0.06922008275038115,0.727162436075897,0.780047402991538,0.47227066401637235,0.06410274274229089,0.08593182790506064,0.08347035470554953,0.2072548004247332,0.6,0.1,0.0,115,3.17100908175071,10.426606485403449
23,53,0.07057458866105307,0.7410427568056627,0.8069143016790696,0.5879959228439423,0.062396040035361956,0.08870698649786905,0.08302704506156365,0.20758337065611937,0.6,0.1,0.0,145,2.7670319177504985,11.850737184118405
23,54,0.0704283746392774,0.7395130220594266,0.805305374494061,0.5914139729630271,0.07278614016762809,0.08879201910044368,0.08260526794370224,0.2074917540522796,0.6,0.1,0.0,146,2.7018190866295524,11.851958578719586
23,55,0.07203117508025839,0.7685225475367036,0.8604239268618975,0.8009186712410946,0.06401455542337559,0.09137090039118351,0.08564641925459338,0.20322293690960708,0.6,0.1,0.0,192,2.547990893182567,11.626331255889262
23,56,0.07203299977011435,0.7732879223847395,0.86955202033164,0.8400198929433558,0.06401873930092307,0.09137143813551867,0.08585855774256632,0.2032224548291917,0.6,0.1,0.0,195,2.545134778840445,11.627430575528264
24,0,0.8962725534907794,0.9897691294384706,0.9892424767677306,0.06189571591292335,0.0,0.0,0.0,0.0,0.6,0.1,0.0,1,6.160310664729566,66.28591209960818
24,1,0.6311581677753437,0.999831037153847,0.9973310861272656,0.10542742879756511,0.19759979455474563,0.08064019452829399,8.454782119215e-05,0.00016642565032995,0.6,0.1,0.0,3,4.120575657427832,42.57662803284672
24,2,0.4921505558894614,0.9834489688137457,0.9795967049881183,0.11197870237782091,0.26281555740661483,0.0969404773062698,0.0011631359990622399,0.00546423079891123,0.6,0.1,0.0,4,4.25111341134431,9.772496391866364
24,3,0.21730598661900813,0.8984075516707002,0.8943673756711026,0.0937661381117857,0.746656214751546,0.09464378137277737,0.00105910158960678,0.00208475710350008,0.6,0.1,0.0,5,3.1865318087044123,7.258913091910385
24,4,0.1915455348796162,0.8831675154095563,0.878289515724822,0.09611546676355727,0.12127684129585356,0.09635483167958553,0.00113985169757817,0.0022311213913982697,0.6,0.1,0.0,7,3.693252489629828,2.9103613687899696
24,5,0.18921548118893936,0.8864948091713365,0.8859150596512051,0.10236701163407183,0.06342537239325055,0.09610263245677718,0.00100632816925485,0.00196829096333726,0.6,0.1,0.0,9,3.383620426264528,2.9875277748070665
24,6,0.1850968654687056,0.8839385418038149,0.8831792637644009,0.11088562571912519,0.06774654600245136,0.09767770579869656,0.0008724861087689099,0.00234821311369582,0.6,0.1,0.0,12,3.4721477724470016,2.4619413998141235
24,7,0.182982375461521,0.8831101196887942,0.8821826173072983,0.11900920559845561,0.07384880821085688,0.10170294800537323,0.00110812845148652,0.0021452305157175803,0.6,0.1,0.0,14,4.703139735725337,3.972970984641484
24,8,0.1829823829985204,0.888057146509521,0.891502807931767,0.12570202049651874,0.061132608219111505,0.10170294800537323,0.00110812845148652,0.0021452305157175803,0.6,0.1,0.0,16,4.703138097513367,3.972967381752538
24,9,0.17633374148201683,0.8824040000529059,0.885701938041012,0.12800653144313337,0.08069422276103838,0.09697500585988182,0.00164055975500987,0.00432230905701958,0.6,0.1,0.0,17,3.5120960680214326,2.767418864650117
24,10,0.17003767003698989,0.8775726107296504,0.8806092925986458,0.12993439679896182,0.09812381637911011,0.09734711529392383,0.0018456468431504998,0.00449774699750511,0.6,0.1,0.0,18,2.6450026845975785,0.9375094112115356
24,11,0.168256325157773,0.8810766054010832,0.888413543545468,0.13680690029816117,0.06406509757690751,0.09730264581281957,0.00184136092424311,0.00449475747802245,0.6,0.1,0.0,20,2.9760239059834834,1.443792412537138
24,12,0.16807156774015627,0.8809159817450479,0.8882475271166985,0.1396093673894812,0.05932377880265437,0.09720977718923914,0.00183856705836355,0.00442603107406591,0.6,0.1,0.0,21,2.955934673387969,1.4510403736098785
24,13,0.1513988473509432,0.8609389776173308,0.8633804482396271,0.1363061617604844,0.13169731605657425,0.08833455670899612,0.00520451038093297,0.01818261369157895,0.6,0.1,0.0,22,3.7686996563052566,3.361254007508573
24,14,0.13898179156947282,0.8585108294229591,0.8688730067142392,0.17555584327527823,0.07804841697550936,0.09412580014476335,0.00762144390251881,0.02899578665149729,0.6,0.1,0.0,28,4.203051039770678,4.66010545991446
24,15,0.13709703806979892,0.8516585105763317,0.8576275903001618,0.17987878149269318,0.058828383296600596,0.09153385920398432,0.00798465656368544,0.02900859175604702,0.6,0.1,0.0,29,3.5476981368789517,3.204255363782398
24,16,0.14210625805619304,0.8662933180449878,0.8808754263283745,0.18014923400383903,0.06708513128752548,0.09681742899179778,0.04958216148392414,0.1809017743685064,0.6,0.1,0.0,34,2.5579155342141053,3.1176752023823995
24,17,0.14246631248434516,0.8666073451453333,0.8811683361556941,0.1892238679825237,0.06531891192681004,0.09814309774367533,0.04887257415462572,0.18222502297525184,0.6,0.1,0.0,36,4.283127124214369,1.3038090102089577
24,18,0.1400231633951805,0.8581660167977335,0.8713999073523747,0.20396200285743166,0.28189448692909763,0.0987013172403081,0.21890324314263027,0.7888337356254509,0.6,0.1,0.0,37,3.299380270750596,6.811264489978069
24,19,0.1365545614703222,0.8585482060871705,0.8759939055855773,0.21361904785134536,0.10407008067558779,0.10349560403188351,0.17583380371233842,0.7462883321078647,0.6,0.1,0.0,38,2.542675535241633,13.21450889952698
24,20,0.13572999456153173,0.8547202107446455,0.8717676902267909,0.2126609402973796,0.14369186319203023,0.10350185923301806,0.21487173709597104,0.9254847882244617,0.6,0.1,0.0,39,3.1774283274327404,14.90806889547512
24,21,0.13572999344918926,0.8596672360316426,0.8810879053260092,0.23103664784640532,0.08358832910762405,0.10350185765527012,0.21487173122516082,0.9254848171568255,0.6,0.1,0.0,42,3.1774283221486264,14.90807049470328
24,22,0.13566435163861112,0.8595677949230642,0.8809842316134893,0.231001230772012,0.08420994215458544,0.10346956598471138,0.21488650377526172,0.9255911006357109,0.6,0.1,0.0,43,3.207067046107382,14.98910123064085
24,23,0.1074441002857935,0.8254467916972553,0.8461951971867815,0.21343963626034246,0.0961827781606353,0.09482602182849313,0.05530623030387414,0.27268772289496923,0.6,0.1,0.0,46,14.470351896640556,2.532139729493097
24,24,0.107320441810567,0.8298525375322447,0.8549319648050584,0.22263664606384456,0.06579347029778179,0.09512207468564338,0.056303709539484006,0.2766146706495077,0.6,0.1,0.0,48,15.87028291729272,2.675668145366136
24,25,0.10676594656171688,0.8292689799219218,0.8543454086700834,0.2313024544782574,0.062463224310132064,0.09445728791219866,0.0550388483516369,0.27315408767329313,0.6,0.1,0.0,50,14.741291981833848,3.8922195880642394
24,26,0.10059693247043829,0.8304538605479069,0.8640216583968883,0.29293254785268485,0.060481202814918804,0.09403761369059045,0.01999053625015281,0.06710367130617108,0.6,0.1,0.0,68,3.420147087571884,3.033697965430119
24,27,0.10059694288674212,0.8354008997622486,0.8733418874234512,0.30323739927775134,0.05978757285809133,0.09403763357308921,0.019990540891310728,0.06710370692982162,0.6,0.1,0.0,70,3.42015096400885,3.0336932963213856
24,28,0.08654647956216785,0.8338815656227571,0.8847203622929527,0.3846374728179419,0.048156234185037304,0.07345503653750265,0.02293785314310463,0.04408121986601497,0.6,0.1,0.0,88,3.448664609929296,3.6344424517170575
24,29,0.08548528182322043,0.8371939193276761,0.8923527564148138,0.39146338980162776,0.05371703355526078,0.07247442222867981,0.022792751083785277,0.041725319477459735,0.6,0.1,0.0,89,2.810547521847405,3.440848723958569
24,30,0.0854852817388382,0.8371939192543107,0.8923527563414485,0.3950205453802214,0.04576402617592579,0.07247442209486632,0.02279275115301357,0.04172531989232199,0.6,0.1,0.0,90,2.8105475391625645,3.4408487251669437
24,31,0.08535089835157689,0.8369363442222003,0.8920837202447572,0.39849309533878635,0.047457249744306956,0.07241445439635995,0.02279853808527878,0.04172007132851973,0.6,0.1,0.0,91,2.771207805840611,3.490438177962024
24,32,0.08548137414938302,0.8417633205861191,0.901260669418675,0.4064051337317012,0.04957978551058739,0.07296545174492686,0.02280382605352651,0.04162853142247811,0.6,0.1,0.0,92,3.043582796433077,3.512920273560302
24,33,0.08270557498118665,0.8244767306446289,0.874815378035104,0.3975830754753707,0.0707288114174974,0.07361376087232559,0.025093590695706852,0.04454239978102229,0.6,0.1,0.0,94,3.4079789360473765,3.5257587627448337
24,34,0.08270559809509721,0.8294237889857042,0.8841355813085113,0.4038868414944711,0.046677848299690045,0.07361378188036703,0.0250935911368478,0.044542419296234495,0.6,0.1,0.0,96,3.407978840845771,3.525758943912804
24,35,0.08270559809579126,0.8343708158933746,0.8934557980284028,0.4295974933739152,0.046677687010950555,0.07361378201829749,0.02509359117869945,0.044542419456889734,0.6,0.1,0.0,99,3.4079788530183546,3.525758951043246
24,36,0.08577907295970055,0.8525452214281434,0.92872890123293,0.4615217057777605,0.12654855790739236,0.08361460688242653,0.0254750020751744,0.04813188114083553,0.6,0.1,0.0,100,2.626576216016257,3.49469348290829
24,37,0.08396048934385607,0.8471177901103293,0.9230112489011472,0.47151573167315425,0.06755448285554289,0.08406859935623114,0.02484940906822568,0.04533456327950426,0.6,0.1,0.0,103,3.025974193853494,3.764885365250476
24,38,0.08323378271900309,0.840531798390061,0.9119803090133964,0.47463898996682347,0.06353735704462535,0.08361656487371788,0.02511718386945755,0.04608192138228012,0.6,0.1,0.0,104,2.809959267747101,3.613279468600543
24,39,0.08354948490317082,0.850383989459954,0.9305508659794625,0.4978809483424677,0.05424102920627272,0.08443505322832927,0.025222594015750333,0.04598124984167461,0.6,0.1,0.0,108,2.4966330638273946,2.9474812513914523
24,40,0.10363078710460817,0.8451165544374158,0.9073662027933354,0.5212672512533557,0.10823548858526932,0.12121314388012103,0.03223147503386819,0.1694546820162395,0.6,0.1,0.0,110,5.640013515907693,1.1672390308555152
24,41,0.08120048697586824,0.8246490561744768,0.8910513147866004,0.5584497401390804,0.0576026496072879,0.0774387709027894,0.08358037518145518,0.8676629097966615,0.6,0.1,0.0,122,5.035529284358133,1.955573354789545
24,42,0.08171619089043272,0.8242613601857149,0.8905977185112529,0.5662075752821367,0.059034944262922356,0.07797325336860364,0.0892958654043857,0.8085999289682227,0.6,0.1,0.0,125,2.3108855829073307,1.116426462728111
24,43,0.07634918091728549,0.8274557989896981,0.9024419789095895,0.5795584740090008,0.05820372070126451,0.07618241255107223,0.05179048803236046,0.5104699296525922,0.6,0.1,0.0,127,2.6858355589444773,4.914829543114102
24,44,0.07072720317973345,0.8075705239300576,0.8734995222509768,0.5736752225538372,0.09395355764667782,0.07052285499197723,0.04622262048748577,0.5998795545285376,0.6,0.1,0.0,128,5.951297156320508,0.2699374625837963
24,45,0.07192414774003356,0.7931157289380811,0.8498999796994372,0.497391960417754,0.08016800629177287,0.0774936455963406,0.03618211447836459,0.09216120363278837,0.6,0.1,0.0,130,8.761762943275023,22.9031241874693
24,46,0.07196450551486129,0.7945364675191734,0.8554527081300568,0.5207269300944226,0.05856600407415319,0.07924407579526313,0.0372654915762694,0.09013722209888873,0.6,0.1,0.0,135,8.853478224467354,23.0916045143058
24,47,0.07743864149147626,0.8340931240827104,0.925584931884463,0.6782924402787393,0.05760463473437845,0.08231017577854459,0.07524508004001242,1.0,0.6,0.1,0.0,143,121.73607768255155,3.075454182826917
24,48,0.0720123741881833,0.8075344083779296,0.8936035786739535,0.6574881015273747,0.2144524296011191,0.08041995158391296,0.07433850748970341,1.0,0.6,0.1,0.0,144,122.04959980079347,3.1316576443187767
24,49,0.06978484757833395,0.8047566145687685,0.8989235153726273,0.6964368118517757,0.06962725133127243,0.08038036942644912,0.07384626513172135,1.0,0.6,0.1,0.0,151,122.33022913857566,3.142904290276018
24,50,0.069784847569379,0.8097036413894952,0.9082437059970959,0.70977551411806,0.055613613685668126,0.08038036942644908,0.07384626513172132,1.0,0.6,0.1,0.0,153,122.33022910347626,3.142904288419353
24,51,0.06958522517906103,0.8094405010599839,0.9079766780243462,0.7211215087195394,0.05601501789474545,0.0801409768760459,0.07340663966875868,1.0,0.6,0.1,0.0,154,122.45891244204137,3.14263121111368
24,52,0.0697641426884499,0.8145133479116347,0.917419449341311,0.7346931371518077,0.055864031219930915,0.08038459979229783,0.07383444549153081,1.0,0.6,0.1,0.0,156,122.36858271793068,3.1437170050553465
24,53,0.0694025076377979,0.8086990988009272,0.9072010854984497,0.7324464778604413,0.06000446678532916,0.07998461612898991,0.07356955477396503,1.0,0.6,0.1,0.0,157,122.31392708704333,3.1264584326563654
24,54,0.08312724351073858,0.8252150171323187,0.9279587654850606,0.8576574278747868,0.07022978174124707,0.09635239091156744,0.11658427234801397,0.5418903870937237,0.6,0.1,0.0,179,7.847778817398374,1.4606762391576145
24,55,0.07070357429814285,0.816943386212783,0.924011951133808,0.8116025384921126,0.060496421018425874,0.0831485029397432,0.0730025666735353,0.4309839120215271,0.6,0.1,0.0,181,65.25489171334146,3.309148093817516
24,56,0.06927361633079646,0.8140412660315197,0.9210206746020851,0.8282174261095726,0.06076655837609305,0.08123483025420761,0.0727899970632201,0.4326144029938478,0.6,0.1,0.0,184,66.78120865905431,3.396907140541175
24,57,0.1178075414471176,0.8640279064748728,0.9751699456963748,0.907243649811539,0.10800278129051638,0.1628916872064246,0.07413895893755099,1.0,0.6,0.1,0.0,195,9.492827732985775,3.692127117148177
24,58,0.1178053397345111,0.8739048901269387,0.9937923584016329,0.926490301558581,0.10519385186022963,0.1628912218203085,0.07414438525833597,1.0,0.6,0.1,0.0,198,9.492426864888778,3.69222564423534
24,59,0.11780431284363856,0.8689513484913298,0.9844653141739906,0.9597177010024003,0.10519889973957762,0.16289122182029503,0.07414321118842976,1.0,0.6,0.1,0.0,199,9.49301016299482,3.692222719057283
25,0,0.8834470500183738,0.9884902894896892,0.9878977343467381,0.06162169295509778,0.0,0.0,0.0,0.0,0.6,0.1,0.0,1,7.600799118270353,60.23927917868316
25,1,0.6136681913107689,0.9940123605775849,0.9914024999856507,0.10127229245940497,0.19723078815004116,0.07450050947594394,8.549557863532e-05,0.00016878302722,0.6,0.1,0.0,3,5.205275529109706,41.9340031071147
25,2,0.4883795718335585,0.9928599576971405,0.9888279613014711,0.12410657032510419,0.28626252333374047,0.11821782550832427,0.00252179839617202,0.015945690123423208,0.6,0.1,0.0,4,5.118725467870969,40.02370014712736
25,3,0.2467910958730087,0.9109559086064285,0.907799218136761,0.09293906585772072,0.5812615921587314,0.08697672138265847,0.00092239235201846,0.00182096169115731,0.6,0.1,0.0,5,1.664302267940256,9.809557951017696
25,4,0.21877283089291524,0.9005029115242685,0.8964254256593028,0.10135164370798337,0.12945492282943225,0.09936212369976563,0.0009458706290412201,0.00208592909808164,0.6,0.1,0.0,7,0.9769328422678902,2.0216165021642665
25,5,0.21800895835350734,0.9000014884558892,0.8959059158952861,0.10442423194977754,0.062243726974209435,0.09912225747655179,0.0008873357654221,0.00195549774289198,0.6,0.1,0.0,8,0.9860153211314396,2.234018811738242
25,6,0.21111173755580465,0.8900917323876786,0.8814880534757668,0.09811102075662215,0.07744262084983444,0.09525674595177071,0.00066097135479898,0.00138592513442097,0.6,0.1,0.0,9,0.9590881674068102,2.5124532386336758
25,7,0.21174587741356793,0.8962106226182233,0.8919474407617899,0.10742714312344077,0.06433013432923246,0.09806367049055824,0.0018882875795923602,0.007956117500231551,0.6,0.1,0.0,10,2.2085403433787665,5.37139438074181
25,8,0.2113584519601551,0.8909879681030985,0.8823379183275575,0.10760912795374405,0.06073748733409388,0.09806455411565247,0.00179286164548456,0.00729561771721068,0.6,0.1,0.0,11,1.641737017445435,5.013186794441419
25,9,0.2066413048983455,0.8981739431795318,0.8981186973800944,0.12338263541433835,0.08216326205589536,0.0984335849685162,0.00192936399619075,0.00804764675906987,0.6,0.1,0.0,12,1.5367805719942291,6.937849841404311
25,10,0.20461708634662898,0.8875107929434927,0.8786081487859494,0.11618389263925337,0.0680977952269254,0.10058555969752134,0.0009535706061323901,0.00266389783679579,0.6,0.1,0.0,14,1.2999722913879723,2.745650429256556
25,11,0.41250229904763464,1.1018869945137606,1.097223737599422,0.3440107010125108,0.29268901332546365,0.4534858897924839,0.0038360623768793,1.0,0.6,0.1,0.0,15,1.4519173651327706,5.0443512052608686
25,12,0.6035160085437161,1.291113242661057,1.2817640751670245,0.5370192808767378,0.5200172960272558,0.7859482779893725,0.0115430603677864,1.0,0.6,0.1,0.0,16,1.6653769407829668,56.520364533536565
25,13,0.38448234780812646,1.0785952072262228,1.0734356199726587,0.3292343670597751,0.2727069711876929,0.43073014848767566,0.0038644048469598097,1.0,0.6,0.1,0.0,18,1.3805002514657938,6.187556489691625
25,14,0.18423451598711713,0.8734655614551311,0.8639248672282672,0.12518849264286971,0.060007523338604644,0.09690790992160508,0.00651306348288822,0.0102552250836209,0.6,0.1,0.0,19,1.1588880942036095,1.186915574854174
25,15,0.6675716874389667,1.36323840716647,1.3578684714571214,0.6269175326762653,0.5781775028063361,0.9103246135091345,0.013591877513775611,1.0,0.6,0.1,0.0,20,1.7156827729551387,41.94335608009815
25,16,0.1801839371243027,0.8801282246791604,0.8736628480063088,0.16626811590549145,0.14105342946043448,0.11442805681137966,0.1706560485967705,0.3292605843966135,0.6,0.1,0.0,23,0.9211571780302592,65.2799559342408
25,17,0.14855482828437125,0.8519607159553291,0.8486935651309849,0.1586378188301898,0.16417676347002164,0.09982945074176611,0.15533995201884104,0.32696479421618063,0.6,0.1,0.0,25,2.018329247640869,48.82259151613666
25,18,0.13324081425495413,0.832049069282833,0.8278603718324199,0.15808553155153668,0.14302338017967617,0.0978084921549334,0.14736493880904789,0.3422865409655978,0.6,0.1,0.0,27,1.514371162375092,29.9835120489743
25,19,0.13246602071753855,0.832714619379667,0.8324021933291352,0.18293070322671823,0.11636393430477895,0.10403973680128589,0.16368354795660225,0.3231298902964077,0.6,0.1,0.0,29,1.548575183608191,33.669349717557495
25,20,0.13255343451578497,0.8426563655031108,0.8510851169174104,0.21849848260894333,0.07909513295382853,0.10442516880119576,0.16284712191992018,0.3163606778529918,0.6,0.1,0.0,34,1.5618805287153932,33.83845067278676
25,21,0.12200178186276348,0.8290922393169459,0.8371529990739138,0.2043187175152866,0.12820378486616346,0.09549334159348065,0.15228323290790455,0.42090179513411724,0.6,0.1,0.0,35,0.8309751322439866,16.263994967476137
25,22,0.12367536770525564,0.8288612997350371,0.8405695721909703,0.22215173424118254,0.13630446824471576,0.10879642264890528,0.1616441336280947,0.4014023701016506,0.6,0.1,0.0,37,1.9149374831676067,20.453110986136
25,23,0.11538191082733323,0.811152764160363,0.8180671224370396,0.22523173844644812,0.0980674905896137,0.10093488182520685,0.1629290453821996,0.42895988305166616,0.6,0.1,0.0,40,1.7696205000024072,19.843500588598022
25,24,0.11860581968070372,0.8123292863216285,0.823011350333989,0.24947055064944787,0.1306195198275929,0.10115863557332302,0.2414935741708523,0.6457703105070337,0.6,0.1,0.0,42,2.169181559923227,36.1681626349448
25,25,0.1186052726421942,0.8172748600438094,0.8323300064581705,0.25892371189975,0.08485304421297674,0.10115863557332302,0.2414935741708523,0.6457703105070337,0.6,0.1,0.0,44,2.1691545802806758,36.16682741058142
25,26,0.11799109822809455,0.8204122368451677,0.8397376839294903,0.2682400951051764,0.09337335275960576,0.10531650828777632,0.21843371697743624,0.6016613029742365,0.6,0.1,0.0,46,2.075672291270539,28.475639364880838
25,27,0.11576878325926532,0.8009209240190848,0.8109216305651236,0.26764633354140727,0.12985322937477434,0.10326237394214854,0.24714271890751327,0.6495889118194704,0.6,0.1,0.0,48,2.1112490902470817,27.590841830574675
25,28,0.11576878758618657,0.8058679508398116,0.8202418211895922,0.2773305985399195,0.08667189652070978,0.10326237394214854,0.2471427189075134,0.6495889118194704,0.6,0.1,0.0,50,2.111249301720769,27.59084721104989
25,29,0.1137806290836452,0.8041543703624405,0.8225505087155446,0.28572352722842953,0.11335259330227099,0.1035211514232043,0.24714789025422643,0.6492806369746615,0.6,0.1,0.0,52,2.156744801105228,28.809823314750684
25,30,0.11071475605824338,0.7949168419235336,0.8088483471479405,0.27977091776331486,0.0914855565889568,0.10136342531005492,0.2349559081143037,0.6157795803400636,0.6,0.1,0.0,54,1.8323747763719256,23.84960943863696
25,31,0.1118227999413556,0.8008202393599242,0.8231322651698781,0.31471097762884637,0.10113106884013945,0.10117961591886006,0.2672115520129912,0.7204741968042427,0.6,0.1,0.0,58,2.145615274142825,32.261893329951164
25,32,0.10861501549451766,0.7823068007722199,0.7995311293526748,0.31536214905635834,0.14176993167695748,0.10180748709291193,0.2665809352522116,0.7221978055289531,0.6,0.1,0.0,60,2.1298511103830693,28.27976403458455
25,33,0.124886710568967,0.7985600189008129,0.8198251131757212,0.3386142351700788,0.13119956316729137,0.10520803162410909,0.42380735452795204,0.6473637998668745,0.6,0.1,0.0,62,1.801598129936273,29.03874152073656
25,34,0.1244971439717012,0.8027331026605904,0.8283473754481148,0.3484708974673371,0.10665908279820849,0.10452631056403339,0.42481797875858085,0.6463809914922777,0.6,0.1,0.0,64,1.8018562939231109,30.231633832466446
25,35,0.12458618307644527,0.8023706510687058,0.8279547333561583,0.35204356844224294,0.11028042723028271,0.10507618947317997,0.423756970232004,0.6472473902291208,0.6,0.1,0.0,65,1.8007775948466032,29.661566545835644
25,36,0.12405818151617112,0.8049235396980947,0.8347600410913276,0.3653270376709798,0.12293165537944353,0.10500015675619967,0.423727814575625,0.6471799703807863,0.6,0.1,0.0,66,1.7433600928552129,29.07797088466298
25,37,0.10650083455882259,0.7805905834897884,0.8059351826142009,0.3509107614396362,0.09188601171178448,0.10641960180108223,0.24441799706153738,0.6166332925966744,0.6,0.1,0.0,71,1.8943584115889165,26.52890281332988
25,38,0.10499867964812981,0.7745541819826238,0.799607678899122,0.3527042052197678,0.1319317283660712,0.10571503691411772,0.24482898429348815,0.6176779721812189,0.6,0.1,0.0,72,1.9198541764895876,21.645654860144724
25,39,0.11651970774727903,0.7683014602840417,0.7963264273727114,0.3807513517630624,0.3161866012209221,0.10186328703821593,0.42822445308537294,0.6146275288710535,0.6,0.1,0.0,73,1.6951297837221455,23.87579126743204
25,40,0.07918237074898668,0.7228919112156366,0.7463570487122628,0.36819285847419003,0.06789254065467358,0.09571306218744098,0.09676001192687328,0.1352129599491127,0.6,0.1,0.0,92,2.5139754530343854,2.666923011486669
25,41,0.0722619098433694,0.7222637392819569,0.7501825029017747,0.3766262857787707,0.06023705640931851,0.0845710753338272,0.092233191642852,0.08936619374311483,0.6,0.1,0.0,95,2.72846593988905,1.436088839757509
25,42,0.07372185041325202,0.7203957985776582,0.752197501809668,0.38388510257748304,0.13682462463819367,0.09021106869548866,0.08546953871162241,0.06632270929599622,0.6,0.1,0.0,96,2.77858326341652,1.5820888975270415
25,43,0.07089095187088205,0.7174413476747805,0.7492357972252425,0.38631763445167694,0.060942821358569474,0.08572084017419307,0.08427439668729,0.08086225546906632,0.6,0.1,0.0,97,2.779586052341796,1.7056337758021922
25,44,0.07049214739021138,0.7149849835075193,0.7466587484116,0.3890627845606038,0.07799902110307612,0.08532097085199056,0.08555279091623005,0.09116904897307292,0.6,0.1,0.0,98,2.6976488664420595,1.7938053593313483
25,45,0.07261964229306331,0.7216487521128863,0.7576716397700313,0.408057833277838,0.06556694151073345,0.08766084025420373,0.0933507226761534,0.08316100851083455,0.6,0.1,0.0,99,2.7331956533904425,1.4244961018621336
25,46,0.07342326724749436,0.7301470496945208,0.7747877691638557,0.4499841987387728,0.06628348799053209,0.08864305143090764,0.0984603537530247,0.11551523369410807,0.6,0.1,0.0,105,2.0517575893944118,1.1490445357381482
25,47,0.07266323357179699,0.7282800858313161,0.7728563257196913,0.45265277144545085,0.0721941515369604,0.08674108870981474,0.10372838962661768,0.11832520682427297,0.6,0.1,0.0,106,2.126866208348773,1.143867450055964
25,48,0.06726296016813926,0.7222614122742619,0.766801770622294,0.4386389592607782,0.06241687219441452,0.08042687735306212,0.08839443536675853,0.09566472802395144,0.6,0.1,0.0,107,2.700461137675054,1.5080077293256522
25,49,0.07316829259464448,0.7330786992751351,0.7819901896739335,0.4794755126412464,0.0633155645533215,0.08854949559566926,0.09875724988779175,0.11589229309903248,0.6,0.1,0.0,108,2.0327906012807127,1.2350798486355508
25,50,0.07005081083851464,0.6961496737725508,0.7349486757052651,0.4503722173751902,0.2691404912787403,0.08835934212907116,0.09492859435593558,0.08727861222604225,0.6,0.1,0.0,109,2.967089090176397,1.7518129794004529
25,51,0.06996669895036432,0.7006685126112588,0.7438213563669653,0.4641083097720179,0.06303457441316751,0.0882318815211473,0.09516660563965948,0.08740068748247072,0.6,0.1,0.0,114,2.924179349574633,1.6955412957583125
25,52,0.06954707705329649,0.7092095274856142,0.761056231627378,0.5012185276851199,0.07006518538387434,0.08823545515911208,0.09180533737132648,0.0826806863730714,0.6,0.1,0.0,115,2.702101001975624,1.5367163824928802
25,53,0.06502461495679121,0.6940573198843767,0.7371160253842269,0.49615589165642027,0.05905410700454912,0.08047723097671924,0.0938661469116866,0.11245606003486397,0.6,0.1,0.0,120,3.093103389128101,2.508516620841031
25,54,0.06864851577539863,0.6952200409998666,0.7381411720405749,0.5072837172928223,0.06488404839656911,0.08454309768909819,0.10782639582993281,0.08997018999768391,0.6,0.1,0.0,126,2.65814890110769,2.6373286269505
25,55,0.06692836290745698,0.6825481770035695,0.7289595872032113,0.5203711026571157,0.19450716047185662,0.08422970181547326,0.10501698806063302,0.09233077500678603,0.6,0.1,0.0,127,2.8450089254751454,0.9175009476689258
25,56,0.06736538289448334,0.6767353144909974,0.7228030981158085,0.5296488107491223,0.08788718953544727,0.08571227461438098,0.10474808462243279,0.09480221682004777,0.6,0.1,0.0,129,2.94652361739972,1.064320745674977
25,57,0.07095293206788629,0.6784638947431677,0.7408460165851621,0.5982035159388436,0.07789606949893815,0.09569781432463315,0.0931297718504654,0.08897845577415667,0.6,0.1,0.0,145,3.054288129673252,2.514995632649734
25,58,0.06991569026851271,0.6765654482794802,0.7430074681451835,0.6205170748045097,0.0816332661077523,0.094414666172982,0.09322535459102592,0.0914614308045449,0.6,0.1,0.0,148,3.056417337108297,2.057762453009174
25,59,0.06961752357255181,0.6788859335278418,0.7495757509140119,0.6381684322240385,0.0752508611196975,0.09388080131430393,0.09451106797484445,0.09637622587646597,0.6,0.1,0.0,150,3.047696074885692,1.906149359004948
25,60,0.06934139030113555,0.6707506680447227,0.7410185414433669,0.629061704004552,0.12962672222798327,0.09423227536373396,0.09301767835378684,0.09034445575242964,0.6,0.1,0.0,151,3.0718675737253465,2.0573527526425277
26,0,0.7886953073906744,0.9783833663469774,0.9772705135964657,0.05938323962905943,0.0,0.0,0.0,0.0,0.6,0.1,0.0,1,15.261213163847383,63.290258152208175
26,1,0.5668173112560208,0.9924464585875213,0.9893777066973338,0.10665333259131737,0.1999538788738336,0.08674887298560799,7.804026919373e-05,0.00017917661441174,0.6,0.1,0.0,3,9.771536260494194,40.54540891044783
26,2,0.42651612145355255,0.9772068225534358,0.9724624229388004,0.11923724924066506,0.32278363882981775,0.11519328703101227,0.0025217250504361603,0.0142161259984941,0.6,0.1,0.0,4,10.247088536174909,39.993811257894734
26,3,0.24495962168387747,0.9152844618642683,0.9118776613746334,0.10111981143461816,0.5231383904092852,0.10225615562229297,0.0011142540164417,0.00255827234225836,0.6,0.1,0.0,5,1.7247811220311782,5.941420093198169
26,4,0.2201676140383698,0.9015433976826578,0.8974865158927589,0.10207082461726273,0.10824227383273358,0.10050652976466706,0.00048242468551214994,0.00112243330745489,0.6,0.1,0.0,7,2.014027174999457,4.048212782169137
26,5,0.21114386815271008,0.9003574573811419,0.8958261641976316,0.11358854822247402,0.10749367873874498,0.11304255330936548,0.00556125789361527,0.01236284321054528,0.6,0.1,0.0,9,1.3537746929051715,1.3392768467683591
26,6,0.1972841868078756,0.8884352792678956,0.8836079787266126,0.11191108729428843,0.08139706145458936,0.10343698193608745,0.00147786459599762,0.0033171381957445498,0.6,0.1,0.0,11,1.9176761637394264,3.1250548144066768
26,7,0.19376379120801177,0.8866314047187491,0.8816260578013284,0.11735013943053117,0.07740585841328591,0.10620175165226375,0.0014361333390075601,0.00327274614469387,0.6,0.1,0.0,13,1.6251693099066076,2.428912544787996
26,8,0.19007997604127472,0.8889765925432476,0.8882104424819284,0.12997543466336647,0.07383632597054003,0.10620175165226371,0.0014361333390075601,0.0032727461446938498,0.6,0.1,0.0,15,1.8033585540723287,2.6258038623034663
26,9,0.11247192293896509,0.7950734564443928,0.788959406072645,0.114657492016547,0.8946590725379044,0.11548155002940334,0.04557632675127313,0.03914381809977257,0.6,0.1,0.0,16,1.8134178426481264,2.939226102504188
26,10,0.10960840522240294,0.7921118151510913,0.789963801531679,0.11975385676042173,0.10054320682811277,0.11548155002940329,0.04557632675127313,0.03914381809977266,0.6,0.1,0.0,18,1.786661161784831,2.9354512653943146
26,11,0.07697867063880698,0.621987242826254,0.6070998249641193,0.08431142419405166,0.7019178536110442,0.10948130076506091,0.0549691056365033,0.046646928201505525,0.6,0.1,0.0,20,2.0158143548627194,0.1719553197497945
26,12,0.07675865994714758,0.6222516692407315,0.6114921525623132,0.09065590619796726,0.08979446538311708,0.10951166046482944,0.0556040816968693,0.04718577056313007,0.6,0.1,0.0,22,2.0321294877220355,0.1607090170549668
26,13,0.07761536289736817,0.6035017528024156,0.5875689688900388,0.09172231706215946,0.13370288303482064,0.11165829334213495,0.0601184784685986,0.04751094243619175,0.6,0.1,0.0,24,2.097587751576456,0.438833462084949
26,14,0.07701711106894898,0.5915410854676315,0.5749937030134814,0.09677702186296977,0.16551079210633732,0.1116583909898636,0.05989864497255658,0.048502895093422524,0.6,0.1,0.0,25,2.057227982439007,0.5786777916506077
26,15,0.07201251800834059,0.5121752102487652,0.4916797934713042,0.08241794823219366,0.3688659963742642,0.1083284954265643,0.053137739711219954,0.04981205224034652,0.6,0.1,0.0,27,1.967105176022812,1.1987190249750186
26,16,0.0719610860276931,0.5096398527490685,0.4890141081992193,0.08447016521674702,0.08998118625628945,0.10839680195172968,0.0526908877993215,0.05022123817007438,0.6,0.1,0.0,28,2.0305107019889603,1.306241922055115
26,17,0.07116882954611015,0.4906032558397732,0.46902225454705565,0.08250431202185819,0.21425524784720973,0.1078524543912061,0.051152631941464174,0.04805760555564698,0.6,0.1,0.0,29,1.9418694253052504,1.0368266818752887
26,18,0.07131724801411438,0.4899346173839576,0.4683109123083637,0.0851005954829179,0.07644944909118079,0.10802419490364033,0.051731204221425596,0.047870136314697706,0.6,0.1,0.0,30,1.9412129236184383,0.916424359099195
26,19,0.07120044980133276,0.4854100259489544,0.46767087598332024,0.09415089197728845,0.10742493621246828,0.10812899869355473,0.05129919908398935,0.049920463131582035,0.6,0.1,0.0,32,1.981500259724137,1.204782487899764
26,20,0.07121333989684425,0.48220569085854026,0.464298606780711,0.0962215615537759,0.09660989743677775,0.10818743766908573,0.05152718232331784,0.04944241604465074,0.6,0.1,0.0,33,1.985118899109031,1.0423699598281717
26,21,0.07244634441862749,0.4816875100863848,0.4678045855203844,0.11915679672798317,0.08405163995768626,0.10974533027067242,0.05532234651144596,0.050117671188171564,0.6,0.1,0.0,37,1.9086862510140612,0.8572451921211185
26,22,0.07218323017429285,0.46681670713713347,0.4480575558111982,0.11267917018148607,0.09664771692220761,0.10952661780647234,0.055119152573658035,0.04956808346911696,0.6,0.1,0.0,40,1.9015793074493237,1.0274847308154462
26,23,0.07203006621753609,0.4712609943709842,0.45685682223968577,0.11891323941612088,0.07369440928260093,0.10936299588256364,0.05460536692813278,0.0498163568427948,0.6,0.1,0.0,41,1.8954123835047072,1.170145437264527
26,24,0.07187579287605315,0.4701073555811598,0.45565116248193804,0.1213611258530619,0.07902839215287909,0.10915079421784415,0.054446885334574105,0.05014748228165666,0.6,0.1,0.0,42,1.9028788005693895,1.0532550033622108
26,25,0.07188249645552612,0.4691846472745177,0.4546801058591404,0.12396768533608993,0.07819698191920406,0.10918173408252727,0.05442646368077676,0.04963616216507575,0.6,0.1,0.0,43,1.9028454665480852,1.051719099622911
26,26,0.0715486941688063,0.46588744451905784,0.45534470253876547,0.1319428433797446,0.13302630164321755,0.10854503648416935,0.05571250711297219,0.05335517173926083,0.6,0.1,0.0,44,1.899989019738572,0.4456813607873179
26,27,0.07241969681647892,0.4713547004475102,0.4651667824197517,0.16628783752475892,0.0720163527168365,0.11002483436567544,0.05559798947942418,0.05021452037796579,0.6,0.1,0.0,54,1.8991372704408456,0.6031486847459374
26,28,0.0723878379348483,0.4738236064108152,0.47188181561843423,0.1786892533318691,0.08042466249161415,0.1100119891244604,0.055570768157249206,0.051440212231973814,0.6,0.1,0.0,56,1.894464504024974,0.5100046395274158
26,29,0.07236268347751278,0.47371454497050597,0.471768406553651,0.19101158188765774,0.07165160147074029,0.10996856078764881,0.05558512500142587,0.051702179175693044,0.6,0.1,0.0,60,1.895609592384886,0.8197555096720425
26,30,0.0724527173123337,0.4735744268220786,0.4716163114227679,0.1941559216908259,0.07268036123068619,0.11003868564082993,0.05608975614120443,0.05127109722373939,0.6,0.1,0.0,62,1.8978955015699133,0.7740005409895759
26,31,0.07242966743344992,0.47354711047966863,0.47158877198413085,0.1972258446844735,0.0716626781903332,0.11000170006283919,0.056081816070278276,0.051280738200898776,0.6,0.1,0.0,63,1.898483244397956,0.8082470021983734
26,32,0.07230929315694873,0.47239742676852575,0.4703856148519437,0.2030693461436157,0.07549247797455794,0.10999857676456055,0.05499129749608388,0.05094553261866873,0.6,0.1,0.0,65,1.894224942226342,0.5607816311895533
26,33,0.07167836271763005,0.4702878306372432,0.4681992042594091,0.2114002509570689,0.07473248619900613,0.10898615971856798,0.05489117902678827,0.05189281467875664,0.6,0.1,0.0,68,1.8968994097859968,0.5491922820596808
26,34,0.07213045434654716,0.45631166290159925,0.4452412333805728,0.21532902616167346,0.10692999084522882,0.10980883923400399,0.05487684271540679,0.05247816709727506,0.6,0.1,0.0,69,1.8960791395654324,0.5517703046493792
26,35,0.0722482964147426,0.4563047994285499,0.44522789509838684,0.2275299597161512,0.07174751310924896,0.1100175360247108,0.054814278481486,0.052628055509317775,0.6,0.1,0.0,73,1.8983076701847084,0.8661845826424658
26,36,0.07233514489465341,0.4698405550644353,0.47181087070528666,0.262413004893916,0.07687600685785421,0.11004779726402193,0.055616300378260965,0.05229521527597194,0.6,0.1,0.0,75,1.90846486528518,1.1306299620181477
26,37,0.07169783644508032,0.49142987324234627,0.5151357819149915,0.3216693710782587,0.07248540848837462,0.10910123902254867,0.05513187889954855,0.05265351526246424,0.6,0.1,0.0,88,1.9135807834602951,1.1032426075452295
26,38,0.07142590944354829,0.5001322321259739,0.5325367018685527,0.44079299033789615,0.07097433515708516,0.10881322230187002,0.05422078278928862,0.057436483236006954,0.6,0.1,0.0,117,1.896560025769744,0.9539383395701246
26,39,0.07141341051259283,0.49940632174870414,0.5317737726098193,0.4422578430595653,0.07621810559438047,0.10879605009566139,0.05425585162879023,0.05811606591952347,0.6,0.1,0.0,118,1.8973860791007848,0.8033157321295737
26,40,0.07143844468724452,0.5020670054177425,0.5386876968902647,0.4669150587005664,0.07430472273855758,0.10884622258380366,0.054386158942401695,0.04967898173245263,0.6,0.1,0.0,123,1.9077771322288568,1.199779702148532
26,41,0.0714658889764741,0.5312636334988533,0.5940966780631566,0.6539714849303399,0.07086696879870982,0.1088480890522454,0.05468954873977842,0.05677804307538763,0.6,0.1,0.0,168,1.912371601994033,0.8211854808571056
27,0,0.7883908928018506,0.9783489448957102,0.977234335801564,0.05937529813296714,0.0,0.0,0.0,0.0,0.6,0.1,0.0,1,15.358380360713156,65.91919911059219
27,1,0.569874291764314,0.984127141467306,0.9811789967596124,0.09650938879441882,0.18004219797575072,0.06898117077123939,7.128550473199e-05,0.00011348140398532999,0.6,0.1,0.0,3,8.595540685972743,40.7064407182822
27,2,0.48763088027683615,0.988644287302289,0.9846661745905758,0.11910898898187125,0.2223715348307143,0.10966428570128492,0.00121005891680736,0.00599760956619838,0.6,0.1,0.0,4,6.915719073248926,40.0407159180788
27,3,0.20953824646357724,0.897267529184085,0.8927469345823739,0.10810614696246346,0.8077919932331823,0.10826600828121613,0.0012469007392565,0.00303067181424873,0.6,0.1,0.0,5,2.978960091895031,3.0823007046824067
27,4,0.20947418557592287,0.9021750392729294,0.9020255376482169,0.11380399327230982,0.065238004199266,0.10826600828121613,0.00124690073925649,0.00303067181424868,0.6,0.1,0.0,7,2.992983467671539,3.091195796121826
27,5,0.19520005194100742,0.8879503768018476,0.8829529191077103,0.10814305977629644,0.13690291130346408,0.10818215708273003,0.0012103082643052901,0.00339727126648273,0.6,0.1,0.0,8,4.51791698034033,5.081687494679625
27,6,0.19347010022367997,0.8916978613372936,0.8910118025132314,0.12645576329597122,0.06966770198809066,0.10818215708273,0.0012103082643052901,0.00339727126648273,0.6,0.1,0.0,10,4.610290005572398,5.239129145008024
27,7,0.17303548933353968,0.8699436180722742,0.8643725583193681,0.10693160618578479,0.13557351133503168,0.09641291164849153,0.00318179006763293,0.0059494005130688,0.6,0.1,0.0,11,3.199473060525712,6.115471543545324
27,8,0.17427846391268917,0.8761951104778167,0.8749862591707864,0.12138140068536908,0.060236712011558266,0.09899950210333817,0.00283824019664791,0.00575648732737065,0.6,0.1,0.0,14,3.092416578661745,6.921797005992788
27,9,0.16911641441347908,0.8663054987804514,0.8606872877743825,0.11951617998826954,0.061045688687363396,0.09181629908041758,0.00353969996304502,0.00495826668957956,0.6,0.1,0.0,15,5.320184025819505,7.16138415970388
27,10,0.16256907626115147,0.8650653919819862,0.8637468136209985,0.12595211743668333,0.053432220912937804,0.08409666447279515,0.00226503484167588,0.00380795747427215,0.6,0.1,0.0,19,1.6878638392131196,2.204062891533165
27,11,0.1632455887280627,0.8615955670023928,0.8557275109823058,0.13101794938227113,0.0822780280686481,0.09235789239255685,0.00172204917091794,0.00329173299265866,0.6,0.1,0.0,20,2.6234450477042923,2.403065703727997
27,12,0.1624102199942462,0.8658452574924026,0.864314444545908,0.14636874934535785,0.05828684574351512,0.09235789239255691,0.00172204917091794,0.00329173299265867,0.6,0.1,0.0,22,2.6409131069455243,2.404478546457827
27,13,0.16523020571280347,0.8736282376078117,0.8764664842002182,0.15188497425254233,0.05912828094241986,0.09713410804039475,0.00222670057056252,0.00572260234759753,0.6,0.1,0.0,23,7.495014840603141,24.774288820000933
27,14,0.15901314934633579,0.8629171788057787,0.861254152971788,0.14766049919263477,0.07460689476655298,0.09176527361684773,0.00169115410281063,0.0032243428502550797,0.6,0.1,0.0,24,3.059565756974033,1.866796807199367
27,15,0.1624645061988961,0.8763601479681742,0.8834123571798174,0.1711883534644479,0.0640802245742857,0.09849107312414855,0.00286247622697522,0.01962059785516136,0.6,0.1,0.0,25,1.632649636375632,8.091719849483788
27,16,0.17874150162055097,0.8979885675488837,0.9092641377193291,0.20120676502873908,0.10162561545015739,0.099550739214287,0.19241623388081602,0.00449387012572362,0.6,0.1,0.0,26,1.6051262382179765,5.588853040013852
27,17,0.16963651959705683,0.884533966675859,0.8909378477805893,0.1975776077537502,0.15553424577985558,0.09756466807243566,0.21608914273336147,0.0055150887930867,0.6,0.1,0.0,27,1.697190955648807,6.421275118516429
27,18,0.14200015905551133,0.8515346831065579,0.8530826471937081,0.18245033739771668,0.1346275886733616,0.09853638785477,0.023519614129158258,0.00617845309054146,0.6,0.1,0.0,28,2.972261905282743,6.813427723497725
27,19,0.13104797162124543,0.8396277636066671,0.8408066525440095,0.184953279796768,0.11241151519968905,0.08903956270144858,0.03312385544729401,0.009312461878886461,0.6,0.1,0.0,29,2.810864507276914,10.766042915935762
27,20,0.15125083892171143,0.8593511315242119,0.8603913322735057,0.20677579565815327,0.08439726373489903,0.09587001235700202,0.2163171708699291,0.0061061770929084,0.6,0.1,0.0,33,3.1840661775718533,8.804128183237177
27,21,0.14800753562075125,0.8551177444787367,0.8559166939870161,0.23926881060790348,0.0887282474771074,0.09586921229930813,0.22085411443194114,0.014329008776719651,0.6,0.1,0.0,37,9.15645837672816,28.92091759741241
27,22,0.14101928664603766,0.8444614236433559,0.84459728090556,0.24167683469081086,0.18210796117780031,0.09971540367354016,0.22001679036259655,0.01386817056454987,0.6,0.1,0.0,38,6.675350087608518,27.650599263011344
27,23,0.14047994338619438,0.8586033691808904,0.8718342866088754,0.2571581560035429,0.08345145212774656,0.09945907069090931,0.21930469198143338,0.013426809683081081,0.6,0.1,0.0,40,7.085278102283787,27.189597488807657
27,24,0.1333865711388147,0.8422493072184727,0.8505188445050758,0.26107695849959106,0.11137869673819098,0.09948256405227371,0.2193616531860371,0.01435503275832302,0.6,0.1,0.0,43,6.906277436045005,26.562153850543275
27,25,0.10686414418492408,0.8231557892440243,0.8398834512134615,0.2623796962489236,0.06905836146336733,0.094967450799194,0.012561295376370591,0.03196624209943829,0.6,0.1,0.0,47,6.0936404447011885,22.080102895048608
27,26,0.12957808195308457,0.8369500737258712,0.8488771620129236,0.29382291942610844,0.11760284975484626,0.10491822441583046,0.2232945336158469,0.01885105402638363,0.6,0.1,0.0,49,7.004501464746595,26.777415360798635
27,27,0.12585020180952103,0.8416433714392835,0.8621638829131423,0.30128662595028544,0.09496596109409769,0.09944480259801604,0.23382751852024394,0.02314925624222327,0.6,0.1,0.0,51,7.160432426962903,27.322208409909862
27,28,0.10125662505994618,0.8112011896258458,0.8272200140452027,0.2972475360630053,0.08637869427903161,0.09472995812103943,0.032131721755475975,0.014687098502913328,0.6,0.1,0.0,52,6.441748020947255,21.41120265945226
27,29,0.10757953864744257,0.8075443331304835,0.8227075506382991,0.30694761498466344,0.1948318208569947,0.09407108984562948,0.16572177812543337,0.01345860970929785,0.6,0.1,0.0,53,6.209351609787588,21.19043905046916
27,30,0.11268103877966033,0.8161289078630649,0.8355429516569731,0.3490050995686141,0.0827376535688222,0.09405350930412296,0.22596675185421228,0.01541091065943904,0.6,0.1,0.0,58,6.437573240356191,25.061965044307527
27,31,0.10653800746872592,0.8095148400956984,0.8288900584974089,0.3471423770993137,0.0790268277829148,0.09409083134560821,0.1671442895267414,0.0148121176382223,0.6,0.1,0.0,59,6.429015544412427,25.04102480091612
27,32,0.10642860742633109,0.8141597304551326,0.8378920709602977,0.3544895337357956,0.07565367534326092,0.09390980957398094,0.16832453656864038,0.01453849413040147,0.6,0.1,0.0,60,6.460031510497169,25.066416897467377
27,33,0.10611729070293442,0.8133245625402887,0.8370143922414421,0.3645538457357697,0.07948802272590529,0.09409083134560821,0.1671442895267414,0.0148121176382223,0.6,0.1,0.0,61,6.388108194569591,24.842984557760424
27,34,0.10847649217632026,0.8170767218244709,0.844854381509571,0.37110139541468734,0.08830416364815476,0.09161581954213908,0.22547214751447373,0.01499535506972616,0.6,0.1,0.0,65,5.220217104707143,22.85064967482789
27,35,0.10194416246820551,0.814074225914802,0.8461139198560537,0.38275591958051214,0.07592773794441769,0.08174672348922131,0.22678001178061424,0.1232072228080137,0.6,0.1,0.0,69,5.033583921262502,23.882206499430712
27,36,0.10739007072790231,0.8172463726634834,0.8491101748687263,0.4163640174678436,0.08276840227493228,0.0930230001540561,0.22500937423034212,0.01504359218240337,0.6,0.1,0.0,75,5.8750054193187085,22.178498837722444
27,37,0.11224601978160406,0.8272080703309485,0.8674551413969094,0.4163864722041149,0.14159363829472885,0.09915296672004753,0.25943262480122053,0.056626588549474756,0.6,0.1,0.0,76,7.30271990819691,29.334172536698787
27,38,0.10401090753289402,0.8097112535412959,0.8452753128895479,0.39781692305161487,0.12442493600554105,0.09395617549349929,0.2253039465237816,0.02367373563684745,0.6,0.1,0.0,77,6.416507442229576,21.69240409947981
27,39,0.10064775993180267,0.8020359754482582,0.841324782082683,0.4240170932494812,0.12831079426039432,0.09393420678109941,0.22516710289829098,0.016231467112318827,0.6,0.1,0.0,79,6.384290659671799,21.651259568101143
27,40,0.09958676887145869,0.8066851060158554,0.8544376369345429,0.45651195011143064,0.08984437996299398,0.09383927138651108,0.22818649115889614,0.02227724508872132,0.6,0.1,0.0,83,6.422482206912406,25.45078167288039
27,41,0.09899508238974752,0.7946688183912558,0.833574920507507,0.4296035700657316,0.09310686001329355,0.09373013874164149,0.22706216059613887,0.023973477039280492,0.6,0.1,0.0,84,6.564987024104274,25.018937762370243
27,42,0.09903365423557077,0.7994872900166697,0.8427554639608811,0.44092656633426397,0.08068906368813239,0.09393064563727815,0.22672811611304086,0.0178607779531822,0.6,0.1,0.0,85,6.545113397324477,25.01568068674402
27,43,0.09617851746358273,0.832088818228192,0.9100710450088363,0.5994719146992635,0.0787904880769299,0.09069615029853678,0.2290785214445572,0.017249202902946282,0.6,0.1,0.0,113,4.895370541960356,22.896137208665447
27,44,0.09555545898716018,0.8343319315624995,0.9165519060734945,0.6226993905102766,0.08750026864357459,0.09069709824184012,0.2283359148845034,0.01725445030424068,0.6,0.1,0.0,115,5.013405242279542,22.916807576153804
27,45,0.09979301304350996,0.8522528061384448,0.9475172384404625,0.6537815588893416,0.09324981614324704,0.0921513636667653,0.2649868048832297,0.052556769642820744,0.6,0.1,0.0,116,5.456528799538115,22.98953415898421
27,46,0.094032434703058,0.8310745775778576,0.9131825427943034,0.6337387546900138,0.08162931663296905,0.08895165973963716,0.2279922317064861,0.01713990040948363,0.6,0.1,0.0,117,5.186352939912973,23.056976238933917
27,47,0.09274551604867293,0.822652514765915,0.9083706414556715,0.6376767150500813,0.1160879506282113,0.09119442647032097,0.2290622020252612,0.01809559319888729,0.6,0.1,0.0,120,5.0219150192731385,23.925866475312603
27,48,0.09165675792393088,0.8221609976769976,0.9119840912137264,0.6487117065434753,0.09768941383226173,0.09074088363101085,0.2294984908969317,0.01974662640297096,0.6,0.1,0.0,122,5.096643516696476,25.27386541470743
27,49,0.09165678864180024,0.8271080555558685,0.9213042868878597,0.6682739796775724,0.07739467131557039,0.0907408835241697,0.22949880211942159,0.01974662546960174,0.6,0.1,0.0,124,5.096643574722879,25.27386531033646
27,50,0.09552485892256497,0.850650261319516,0.9623319051316951,0.745781384109334,0.08139547809900628,0.0912407171666832,0.265447459949736,0.05620488999045847,0.6,0.1,0.0,134,5.280832295456068,24.3314540488389
27,51,0.09058563189752868,0.8355131648196101,0.9425022168996227,0.7590209959459324,0.08052440516386586,0.09032232995506163,0.23110533790475948,0.01884022874643055,0.6,0.1,0.0,149,5.307337260029242,23.71308796080534
27,52,0.09091133693788489,0.8395358931495981,0.9548988767059529,0.7855421347685229,0.08805545359294603,0.09243273350615114,0.23206906080471618,0.01879066527561031,0.6,0.1,0.0,155,5.056386377491874,24.30594553162704
27,53,0.09060824231378134,0.8648805623624499,1.006242692998113,0.8851535190988591,0.08140423243410524,0.0929219748376943,0.23234314793845043,0.018588073213719893,0.6,0.1,0.0,170,5.267020039937198,24.23895702744934
27,54,0.09051441602829542,0.8646357157776794,1.0059888902703573,0.8987112289405729,0.08028368008409899,0.09280099248268307,0.23235967098042737,0.01861177282876701,0.6,0.1,0.0,171,5.411921324537369,23.982968179273044
28,0,0.7617780397312575,0.9752912103842876,0.974019219590086,0.058700465527808124,0.0,0.0,0.0,0.0,0.6,0.1,0.0,1,17.583735914764084,65.28636993635914
28,1,0.5445448211357478,0.9817791180618084,0.9785833486608404,0.09790992159443168,0.1893269715276937,0.07308528793013222,6.957178601314001e-05,0.00012857806301558,0.6,0.1,0.0,3,11.051632209146842,41.92641052288319
28,2,0.4739139434352101,0.9993851949621304,0.9950472917596778,0.13526159621456668,0.25637854705993357,0.13921654429243369,0.00120868229901594,0.01146939753469586,0.6,0.1,0.0,4,7.415318950643918,39.971637112791015
28,3,0.18893781688007238,0.8831659941887503,0.8781658797803811,0.09316910587536752,0.829652565180014,0.10028340587188757,0.00127417888281565,0.0025352074345928602,0.6,0.1,0.0,5,5.106390850327632,3.164975775794637
28,4,0.17850454223954298,0.8745530661255401,0.8693200530660654,0.0929884766997011,0.07373945428505065,0.09357728380163123,0.0006231933970799999,0.00119405974405918,0.6,0.1,0.0,7,4.481862558954769,2.014488888286663
28,5,0.1619878704307183,0.8655923546643367,0.864016533980952,0.10489754942693523,0.10649840857238042,0.09357728380163119,0.0006231933970799999,0.00119405974405918,0.6,0.1,0.0,9,5.042812614194665,1.728368386535302
28,6,0.1479174964887276,0.8479281809147583,0.8413373593423982,0.09808271779687022,0.15302234012894128,0.0930378373271994,0.00136369204439355,0.00427265813891373,0.6,0.1,0.0,10,6.918935214686382,11.639472832717898
28,7,0.147917496064123,0.8528752077354852,0.8506575759753463,0.11237923414794765,0.055959106808003325,0.09303783732719949,0.00136369204439355,0.00427265813891377,0.6,0.1,0.0,12,6.918933747248984,11.639469906811874
28,8,0.15636852882364605,0.8564219263794652,0.8496384026666834,0.1181074106844526,0.09734703251495369,0.11333971776549912,0.00192979730820412,0.01220740508598612,0.6,0.1,0.0,13,8.222297465953293,67.14429172420158
28,9,0.14417328602935336,0.8488615566173575,0.8461044072302105,0.11915091040638934,0.0886464385208686,0.09973118744104517,0.025869831299438067,0.03917169496879883,0.6,0.1,0.0,15,4.614544477339357,12.175239977676515
28,10,0.12501689637568136,0.8283893756770215,0.8251174379316545,0.11613229841932336,0.09088062809398913,0.08119177837010336,0.03238445367603807,0.07211329422792853,0.6,0.1,0.0,17,4.5210097779790575,20.457915128489788
28,11,0.12457817005528993,0.8323162514154481,0.833262441637503,0.13218362522267812,0.06567053995439845,0.0849941024756145,0.02948682450833926,0.05852148835086377,0.6,0.1,0.0,19,4.495544481067889,24.573342167040582
28,12,0.13702114385592112,0.8386547518453121,0.8349672835344837,0.15168176054726026,0.08014025932763141,0.10443326208332258,0.07630591787449124,0.3233658952723308,0.6,0.1,0.0,23,2.521128260148912,21.037908116236054
28,13,0.13005813609924569,0.8361452331554009,0.8367213594463946,0.1459143047991748,0.08216280589927408,0.10479655120636534,0.020849754010727937,0.042015020355904494,0.6,0.1,0.0,24,6.633069041187387,17.28519613072589
28,14,0.12267790703083235,0.8180781530554992,0.8134053121632165,0.16192276518128174,0.13476527545978528,0.10243212369785182,0.073961733303448,0.2233156117488285,0.6,0.1,0.0,26,2.496905632030254,14.082271425178003
28,15,0.10325099150339573,0.8133593194659048,0.8217886767319155,0.1655812382918566,0.05015457708962196,0.07945620857537614,0.0195760621600788,0.10089658681845246,0.6,0.1,0.0,31,7.256344669005066,1.381192394815001
28,16,0.09716163968637287,0.7974672447086709,0.8009476478441641,0.15196819196806247,0.13693637326464603,0.07976631592046586,0.02011087736687616,0.09109987956504369,0.6,0.1,0.0,32,7.135506788606834,2.5873288363969302
28,17,0.09608185279720254,0.8002978189711056,0.8080388929307692,0.16015551884020363,0.0669873691500186,0.0770194049961399,0.03728241945907249,0.10570268361115213,0.6,0.1,0.0,33,8.224047857343825,1.7985991645346502
28,18,0.09590046752818518,0.7989801954072148,0.8066016422044942,0.16640882994417372,0.0690180201074549,0.07855240048470485,0.038144955063340716,0.09505979825455609,0.6,0.1,0.0,34,8.211284100585061,2.5010358867427733
28,19,0.09527638700225116,0.8021654514527554,0.8140433810449108,0.1811753678763865,0.06908098679817624,0.07950853969517216,0.03745686222252911,0.11053700085781473,0.6,0.1,0.0,35,8.327009426299734,2.504998636226062
28,20,0.09527638023079421,0.8071124594020725,0.8233635716693793,0.19014185992012977,0.051451031652695385,0.07950853969517216,0.03745686222252906,0.11053700085781464,0.6,0.1,0.0,37,8.32701364918101,2.505001631255122
28,21,0.09292458179724519,0.8022187986677457,0.8182187334489773,0.2012638491914977,0.0894181767430082,0.07959636365232897,0.036779490742471735,0.11268157030009371,0.6,0.1,0.0,38,7.914634131639202,1.6584170867546066
28,22,0.09244685847247676,0.7868072475644717,0.7896787096957104,0.1914770053991597,0.051382409152144724,0.07870998371625881,0.03813942420029975,0.08939355686065212,0.6,0.1,0.0,42,6.15676222680284,3.418595193110587
28,23,0.09238713983402946,0.7910174054242046,0.7981973006801255,0.20108362868543356,0.05645007305109385,0.07956901861184743,0.03818922449193171,0.08983962917620755,0.6,0.1,0.0,44,5.316164686560473,3.1341724765248555
28,24,0.09376212642882914,0.8026057122502994,0.8224797523621854,0.23537447777969878,0.06244534955323919,0.09018696017451025,0.02457909792560329,0.1130545775128337,0.6,0.1,0.0,55,6.622790390450529,1.9085902584061831
28,25,0.0915913182283105,0.8042428868588981,0.8283715966307094,0.2470088174367494,0.06659159357671243,0.08731899551757821,0.03170431242715294,0.10564526432457719,0.6,0.1,0.0,57,6.516238053112318,2.4298011816745264
28,26,0.08691280167387405,0.7963094849520141,0.8241502266758858,0.25407906966852173,0.1033302919610605,0.08744273861443096,0.03058279347787376,0.07773430087733708,0.6,0.1,0.0,59,6.84140456389402,2.394041034368033
28,27,0.10502728339461868,0.8512110216947429,0.8942010309253828,0.3039500573770878,0.05962501251792791,0.08536783077451324,0.04934379690877297,0.18848336624794623,0.6,0.1,0.0,64,11.654428458502624,44.26091401869642
28,28,0.12911424714636255,0.8906306868114615,0.9395319721879457,0.3778219206292463,0.06863390132707818,0.08819919505860498,0.07830851501670767,0.16955654861197914,0.6,0.1,0.0,76,10.048282155647453,50.0305162938811
28,29,0.12913912516301945,0.8906632287484388,0.9395661610008663,0.38134278761772794,0.0613573398968847,0.08819569435793469,0.0783239340646101,0.1694733386028681,0.6,0.1,0.0,77,10.05239666667386,50.03051129749421
28,30,0.13701361607680004,0.9052336288873419,0.9589723050419973,0.3913095092068478,0.119030055950313,0.08661622632435345,0.09417901308435744,0.16161333694218327,0.6,0.1,0.0,78,9.079469391968068,36.87251923737859
28,31,0.1370136166246621,0.9101806556410127,0.9682924695909303,0.4021734294509203,0.06138796666331872,0.08661622629736655,0.09417901257571917,0.16161333773756592,0.6,0.1,0.0,80,9.079469282438874,36.87251885860682
28,32,0.13415582174871113,0.9068186876933684,0.9647746052366589,0.40836669426811295,0.06972157194028024,0.08812235989915419,0.08181303117554968,0.1445254022450423,0.6,0.1,0.0,81,8.690365936966716,34.868311626653565
28,33,0.1351772607750148,0.9128351425579606,0.9751837871818473,0.4128154948408808,0.07500760217732395,0.08721454433839357,0.09414765293100325,0.16209431809634406,0.6,0.1,0.0,82,9.643600007001597,40.11046929654226
28,34,0.10097214807009787,0.8420162095199852,0.9122660621471034,0.47688255376882516,0.07793837540337022,0.11274806144880345,0.0980209784108366,0.2836788519792368,0.6,0.1,0.0,98,10.02505635952226,14.952191835832854
28,35,0.10096940254654717,0.846952838193975,0.9215753032017273,0.4996104810123659,0.077491578764718,0.11274806144880345,0.09802097841083655,0.2836788519792369,0.6,0.1,0.0,100,10.027641443684423,14.961887264308547
28,36,0.10096104484428639,0.8469211908399317,0.9215420123480436,0.49600484539945133,0.0776962607114755,0.11274806144880345,0.0980209784108366,0.2836788519792368,0.6,0.1,0.0,101,10.039538972597224,15.006262914923138
28,37,0.10251781992099315,0.8510960020180829,0.9299269066039209,0.5337163170521074,0.0826451968910725,0.11571349855812656,0.10418601219722372,0.16869164594224323,0.6,0.1,0.0,110,13.764951630268898,13.103002583567
28,38,0.09423015692849314,0.8169974585127571,0.8779268671828513,0.532762913505722,0.08887507086180015,0.10826302674257367,0.08520461981579043,0.2100589055819805,0.6,0.1,0.0,114,10.749762782284275,13.006401548117648
28,39,0.09386116708268002,0.8252992968027286,0.8948931320354685,0.546306173398952,0.0796571278504959,0.1082707131079085,0.08514287061919254,0.20966166849905207,0.6,0.1,0.0,116,10.749368938922984,12.978792228901904
28,40,0.09384011116687829,0.8251704070742076,0.8947570795269231,0.557315675632486,0.07402866366688754,0.10827640916765792,0.08521816843321849,0.21005111918762126,0.6,0.1,0.0,118,10.7524590346112,12.991008984442832
28,41,0.09773094511906691,0.834292418593398,0.912317199354647,0.5795915882616651,0.12506176248343387,0.11584841144221979,0.09193056293962992,0.17551286146460382,0.6,0.1,0.0,119,13.299121519979757,12.22440853598976
28,42,0.098293140025113,0.8348023062422542,0.9128236601870907,0.5820652585616327,0.07944983056207988,0.11621036457486963,0.09552256039552928,0.18547440615803382,0.6,0.1,0.0,122,13.396842830044912,12.366958764216577
28,43,0.09702817563334228,0.826916314683886,0.9004552438056032,0.5859413556554237,0.08673384472638596,0.11594538875005317,0.08894725372776326,0.15564246623444358,0.6,0.1,0.0,124,13.1416211116688,12.14648999404497
28,44,0.09457090902175977,0.8230755443225585,0.8965247845421184,0.5984448040467379,0.07890473600957737,0.1112912870518407,0.09589492657433342,0.2664013595545921,0.6,0.1,0.0,129,10.651635905848543,16.888705204213863
28,45,0.09006866106102351,0.8257994700188642,0.9078229747272631,0.6438567218401858,0.08325241124057507,0.10594733261430064,0.08967731930332301,0.13451830413522214,0.6,0.1,0.0,131,7.925933047317359,11.86316284016162
28,46,0.08839889972005342,0.8325602897704067,0.9232361740893816,0.6797757097482583,0.0733244210903143,0.10368442835600161,0.09017068169217396,0.13446908120170623,0.6,0.1,0.0,138,8.060109759421529,11.868615252271407
28,47,0.09309892586288801,0.8129719796089478,0.8818110214102572,0.5550265743299152,0.07587398858188461,0.11126491519647042,0.09052571499129493,0.26378904667625036,0.6,0.1,0.0,140,10.542161004951152,16.875883249289917
28,48,0.18500720026905032,0.9389675709012046,1.0343291693685128,0.8066610389800648,0.168794222382126,0.11102709066282741,1.0,0.3131255951691268,0.6,0.1,0.0,142,9.949196453012275,14.062383640536742
28,49,0.18364114076280078,0.9170931384537486,0.9989712819233534,0.6934835584553112,0.22577838765898292,0.11108927784655441,1.0,0.322768485997101,0.6,0.1,0.0,143,9.962314022758523,14.082910061661176
28,50,0.1835215104045083,0.9364994901997633,1.0358534864534952,0.8259202542311664,0.16757440113607924,0.11099642086030848,1.0,0.3183924254099909,0.6,0.1,0.0,146,9.942361023172118,14.08341525258576
28,51,0.08466630447898665,0.8103004709218408,0.8957551573394205,0.602140458040256,0.10039515173376837,0.10309105571984006,0.08533860915847956,0.14204515611269986,0.6,0.1,0.0,148,8.23666405640467,14.371482038889251
28,52,0.08496618151778378,0.8300144938291487,0.9329388447579449,0.777098688338433,0.07451342177958759,0.10361374938557255,0.08592544665521801,0.13347082037668845,0.6,0.1,0.0,149,8.029037743184828,11.86897152262574
28,53,0.08466080267488856,0.8088676518464253,0.8942346708244411,0.6206599576857758,0.08026071146637818,0.10340222983786232,0.08616755544507673,0.13247742173020904,0.6,0.1,0.0,150,9.261751332642325,11.79617906289851
28,54,0.08375545085276098,0.8316379482397123,0.9388063666460089,0.7853923425252337,0.07916630696266434,0.10291718038178238,0.08194140841399974,0.12133151262138608,0.6,0.1,0.0,151,7.897547286253243,11.72840939113996
28,55,0.08033075664272735,0.8421234642519507,0.9623547618182579,0.9396279697532269,0.0668769622251186,0.0987295255554222,0.07450711972628998,0.10507636469811203,0.6,0.1,0.0,197,8.566367015982207,15.169295339423712
28,56,0.07920387422005054,0.8407080606626255,0.9609216707944477,0.9270433455901463,0.071952496932611,0.09720317132733515,0.07294769290538058,0.10803301481123148,0.6,0.1,0.0,198,8.542907661163984,13.75578286210474
29,0,0.7988519177533999,0.97952270883536,0.9784685681934137,0.05963433511277093,0.0,0.0,0.0,0.0,0.6,0.1,0.0,1,14.520876554458132,61.917981803483165
29,1,0.5729398199978053,0.9909203781524655,0.9879331259884924,0.10389464958385312,0.19511919232359232,0.0815677114471345,7.637641763412e-05,0.00015149755222161,0.6,0.1,0.0,3,9.294097001439578,38.27143059140697
29,2,0.5700846141818232,1.0039537290061624,1.001116188608518,0.11736235416631216,0.07646207773410084,0.09803471559766778,0.00252550801250352,0.00583619542580354,0.6,0.1,0.0,4,13.037362087445436,42.13743316789832
29,3,0.22102414975727813,0.9030992336197137,0.8989955246084753,0.09941912004029743,0.8756355331528042,0.1044577335164488,0.0014314681550026,0.00295172518470449,0.6,0.1,0.0,5,1.7949206934978872,2.974192032696769
29,4,0.20950865145483466,0.8960481245417931,0.8916233355184325,0.10213426980644683,0.08628067954349676,0.10321124137371346,0.00077047152901957,0.0015827400242925502,0.6,0.1,0.0,7,1.5476921421566303,2.082614338886549
29,5,0.20938843841180513,0.9009224964352288,0.9008671132303049,0.10885681033231627,0.06228636418322199,0.10321124137371346,0.00077047152901957,0.0015827400242925602,0.6,0.1,0.0,9,1.613960911006355,2.183916859449299
29,6,0.20937696809394324,0.9009155517564642,0.900859804847582,0.11481037636860912,0.062057745997355696,0.10321124137371335,0.00077047152901957,0.00158274002429253,0.6,0.1,0.0,10,1.6100026581439089,2.178069252305997
29,7,0.19796924405135866,0.8886896472889079,0.8839019093406475,0.11382439027828041,0.11597673305901021,0.1026467017806881,0.00107463600424699,0.00221556259992084,0.6,0.1,0.0,11,1.417850274837127,2.22880881852683
29,8,0.19560345426440945,0.8834718021188726,0.8740927058643956,0.11723033687873322,0.0821580510594592,0.1089332074915417,0.00302996240344187,0.00656634791325038,0.6,0.1,0.0,13,1.815620429656352,6.281444860446024
29,10,0.19368099174310338,0.8868295645419638,0.8817860975025303,0.13384412205597063,0.06598927687280574,0.10750249716746672,0.00301613507156178,0.0065710559265087605,0.6,0.1,0.0,15,1.4521092379743092,7.031800928618125
29,11,0.17396721366192658,0.866005381322981,0.8560481585548619,0.11722528366846202,0.14118512719194767,0.09861836946852992,0.00255929648037022,0.00419140217728987,0.6,0.1,0.0,16,1.369158864082913,3.477941427717649
29,12,0.16900941673056996,0.8672685168370945,0.8614215949039726,0.1361694399380174,0.08071510775669512,0.10097879496758824,0.00262084560465341,0.00453582914685762,0.6,0.1,0.0,18,1.025046112565826,1.958828406176974
29,13,0.1686523512551381,0.8719205457816098,0.8704316344111132,0.14894857082229243,0.061995631861871486,0.1009787949675883,0.00262084560465341,0.00453582914685763,0.6,0.1,0.0,20,1.054885644216802,2.0029666537712725
29,14,0.16181989874459782,0.8558871782533322,0.8454599073181343,0.12556993869857122,0.08747726617229976,0.09659261897313401,0.00483768766822509,0.00681056599988005,0.6,0.1,0.0,21,1.522378158479292,3.17556577175515
29,15,0.15825965614763263,0.8675683193871748,0.8701199376076357,0.13926909259404344,0.07933585422794784,0.09494215629890514,0.01045517138154336,0.01565915485400593,0.6,0.1,0.0,22,2.284341095476829,4.602414600713997
29,16,0.15304610932126828,0.8480242630362401,0.837163711698919,0.12881203420966067,0.10322676615100176,0.09699311205595222,0.00798300961757451,0.01113206556022087,0.6,0.1,0.0,23,1.252311235442041,1.9950060695797511
29,17,0.13646625467699156,0.8410111404928472,0.8381720448267993,0.13350170666176522,0.16575694283845738,0.09209156590334097,0.009121433350701761,0.01782910548229878,0.6,0.1,0.0,24,1.183302249998972,3.136212566471225
29,18,0.12621318763035655,0.8337512203717801,0.8346483157602177,0.13878037298160317,0.10450741175180893,0.09158517364216999,0.013826187814855858,0.0282836415987618,0.6,0.1,0.0,26,1.0602388958498306,3.818622507622037
29,19,0.12526361953411555,0.8422999136699403,0.8518502385977341,0.1923439414212874,0.058369011245343966,0.09344705525188432,0.00728199234379281,0.0113517447852164,0.6,0.1,0.0,35,3.524425632441996,4.979132854658181
29,20,0.12860156020655042,0.8454606255771053,0.854974033984581,0.19901037329188265,0.06617094569601324,0.09942932330162264,0.01017399864747134,0.010628100768978691,0.6,0.1,0.0,36,3.399982420509767,4.869907739034194
29,21,0.12776235641460676,0.844371368277283,0.8538314609815396,0.20175473511741845,0.06867951179131229,0.09937461611272272,0.00996158056590212,0.01036377019823087,0.6,0.1,0.0,37,3.467543439552959,4.84997553636215
29,22,0.12486133255928526,0.840477243417051,0.849742009191236,0.20675821465547442,0.0900599378504866,0.09894533208991464,0.01153587298955326,0.013986906382355219,0.6,0.1,0.0,38,3.996302752169463,11.35719034136346
29,23,0.11929180683223264,0.8343944044120785,0.8435663239427583,0.2052231013741267,0.07028223603152797,0.09219863789688527,0.00922248819262338,0.01164332830110422,0.6,0.1,0.0,39,4.2950550393140725,11.673468889152383
29,24,0.11917567121521744,0.8391997342331607,0.8527403811691908,0.22056534286937998,0.05652372513115574,0.09209006064357839,0.00932525527567263,0.01150556592847138,0.6,0.1,0.0,41,4.312815872632757,11.768766571048213
29,25,0.11609476792347842,0.834696667851775,0.8480014806247079,0.22275185478093432,0.09192493777434857,0.09207019866828381,0.01022052475850655,0.01201091718484002,0.6,0.1,0.0,42,4.357997325414733,11.199698242337025
29,26,0.11435458015280946,0.8370263667974216,0.8545706593391567,0.2375989608556031,0.061298814999960496,0.0922253515207876,0.00908735161665356,0.01185915155568438,0.6,0.1,0.0,46,4.721598833009805,10.686375701294743
29,27,0.11048368974450767,0.8403210036153798,0.8662318184625838,0.282932795511116,0.0652783116721291,0.09229669260837853,0.01643555317379198,0.01756232077033694,0.6,0.1,0.0,53,3.604481892666629,3.81773432735568
29,28,0.1077279792029755,0.8310545324625933,0.8523993490397466,0.28127448352977913,0.08533754246839417,0.09128736996037362,0.01675698268203318,0.018575503740611628,0.6,0.1,0.0,54,2.9371693450943317,6.365243803371927
29,29,0.10783910542648803,0.8349299636572483,0.8605073062253829,0.2859012668689763,0.06874575491568855,0.09406848755492264,0.016678989794766348,0.014604762786974779,0.6,0.1,0.0,56,2.983361551605986,6.37252617105855
29,30,0.10517756051712795,0.8317546896925273,0.8572721045900421,0.29360879094540077,0.06521942436317976,0.0908633259528408,0.01579597296979262,0.01552194253910974,0.6,0.1,0.0,57,3.5900498648733867,6.766468740970133
29,31,0.10709058840714064,0.8385152295550332,0.8683956000142536,0.3024903709980254,0.059499707129242005,0.09406848755492264,0.01667898979476638,0.014604762786974779,0.6,0.1,0.0,58,3.2000065324546787,6.5711798609911085
29,32,0.10702186265260749,0.8326291277671648,0.8580379611512009,0.31273362856015413,0.06280167150462496,0.09640905655303614,0.012354204296810941,0.02143575226549431,0.6,0.1,0.0,62,4.111616736834953,9.41848690921314
29,33,0.103710132735537,0.8367513741580765,0.8706410582890383,0.3321196906811254,0.09861322130109054,0.09533461544266379,0.01265985083823783,0.01885732072430258,0.6,0.1,0.0,63,4.499077112889541,7.1902452018730045
29,34,0.09925437406368076,0.8285480600313709,0.8620610360829793,0.3364671931222523,0.08606410895611348,0.09370315552366118,0.01358615200301726,0.019885177750644002,0.6,0.1,0.0,65,3.914914767075485,6.3475829581633
29,35,0.10109307047432424,0.8334860429876004,0.8711961374979998,0.34636217796457563,0.07431586988959975,0.099323175150853,0.0139713448023122,0.028899167278713,0.6,0.1,0.0,67,4.00356588490904,8.098279199872717
29,36,0.10092673508849319,0.8379596235958517,0.8800143632136469,0.35325384742555455,0.06321428889684211,0.09945919200991131,0.01396331454798457,0.028529498150818428,0.6,0.1,0.0,69,3.579657516902318,7.125124711801576
29,37,0.10059753596238592,0.8424018727697852,0.88881342902538,0.37812218645142487,0.06211975923369981,0.09915111478519985,0.01393741768111754,0.02859224136742088,0.6,0.1,0.0,71,4.119084297881052,8.243616064627826
29,38,0.09474124904207953,0.8303865526630868,0.8723132100208804,0.3869821908363546,0.0644564540119282,0.09063301490793534,0.01606973436221354,0.03091486972714106,0.6,0.1,0.0,73,4.055205318447737,11.377318668295658
29,39,0.09187519866838839,0.8260362774304679,0.8678293040891131,0.3876926768904245,0.05927419526268501,0.08776211060704049,0.01574757858122856,0.02567814760713133,0.6,0.1,0.0,77,5.970953000026473,14.795785217245331
29,40,0.09300234449460178,0.8283807426705465,0.8742225291173493,0.3940706201062485,0.0824632621309408,0.09347647633239471,0.018456652354921298,0.024918724861462672,0.6,0.1,0.0,79,5.738822328543935,15.350670618294496
29,41,0.0887516662429537,0.8170659909404032,0.8583570153351546,0.41443639485043826,0.06844292703178738,0.08860742016084776,0.0184925643370153,0.028768098930039808,0.6,0.1,0.0,81,5.002640495951683,13.010113648863696
29,42,0.08753156485177799,0.8144426734787813,0.8556181870155708,0.4065394339656654,0.0721233049692252,0.08816457246103537,0.01735495946451775,0.025958622810170712,0.6,0.1,0.0,82,5.7209336099440975,11.009681864536637
29,43,0.08681682416129764,0.8181283834958437,0.8636317122537228,0.42453323337862653,0.06133434973395939,0.08718806831612397,0.01940999033876749,0.03830370619699098,0.6,0.1,0.0,83,5.371569669928082,7.607923297694036
29,44,0.08595567394662934,0.8151454895145859,0.8604792520866986,0.4205386122164863,0.0799582952299875,0.08805661438751483,0.01730076142810792,0.02585039403281595,0.6,0.1,0.0,84,5.517077906172269,11.839084512177234
29,45,0.09009369415899851,0.8084073398500703,0.8449170804934788,0.4098754788519355,0.07098665932308684,0.09584873317648376,0.01720780178031476,0.03814048130156483,0.6,0.1,0.0,85,5.114982479782661,13.374337421677067
29,46,0.08863483645401923,0.8157560592563583,0.860926937533816,0.3805041935595488,0.07122185353216644,0.0942433419598167,0.01793457974002416,0.02063093425260314,0.6,0.1,0.0,86,5.16922485142263,13.273986110849185
29,47,0.08673448907559664,0.8012856580177262,0.8375037937197013,0.42473922222505023,0.06557837252889628,0.09320540665836995,0.0185015934442526,0.04187701518990774,0.6,0.1,0.0,90,5.311022526265071,13.936662262425454
29,48,0.0824216624672653,0.8151642883838602,0.8687539598850068,0.481075514868364,0.058794506634276586,0.08692558708283424,0.02060366990862027,0.04207572566723687,0.6,0.1,0.0,94,6.668799398641812,13.227725766218304
29,49,0.08536282080110437,0.8075308523622868,0.8523230867274899,0.4887092097508647,0.061334882536161775,0.09234829390668534,0.02060751522302701,0.02013590888510921,0.6,0.1,0.0,96,7.240249333263997,12.573301470262557
29,50,0.08159897155111548,0.8108913574396136,0.8642243532802684,0.4867558818267496,0.08601639583553729,0.08797253465023451,0.02145641216097339,0.03362378509814634,0.6,0.1,0.0,97,6.419002083373454,13.589057268191077
29,51,0.08259915661808265,0.7984547732866298,0.8427810770590765,0.46538843811960484,0.09798037474777407,0.09216973944076026,0.02142533211606374,0.0274225333142002,0.6,0.1,0.0,98,4.737388333158298,19.527785387758254
29,52,0.07916082149031926,0.8042309697244195,0.8572578491456039,0.49321935125867905,0.0600009868718516,0.08704428733575052,0.01988601953062068,0.029449452406877092,0.6,0.1,0.0,99,5.399152221187442,9.836638030591503
29,53,0.07759797632855131,0.8019969278650914,0.8549759800316714,0.50261593112142,0.05651096996867225,0.08460557116143973,0.02146867039981567,0.03119417561387683,0.6,0.1,0.0,101,5.110639701513735,9.310576008286391
29,54,0.08235756060938748,0.8091079319677901,0.8662766253300281,0.5075582524458231,0.08639070687883349,0.09438292545219452,0.02008939094630962,0.02252616510934239,0.6,0.1,0.0,102,6.628696869766831,13.068852492130398
29,55,0.07976308404398394,0.8058003612330448,0.8629191098328853,0.5171895636629974,0.06386537580490079,0.08910632342225717,0.028376974639021356,0.029391927387176033,0.6,0.1,0.0,103,5.908236466442562,16.277872086937045
29,56,0.08032691356636157,0.7923445225362696,0.8404316982476427,0.5043587425246183,0.07984605595358024,0.0934556123027056,0.022075133635925177,0.02578987948048277,0.6,0.1,0.0,105,6.728555369272262,12.106175012807617
29,57,0.07684591318670872,0.7972842178098738,0.8580580931668157,0.5230443021670641,0.08951170978902104,0.09106044640050581,0.02150119917484459,0.02356648799496814,0.6,0.1,0.0,107,5.040313919622204,11.044239084959433
29,58,0.07679933604785004,0.8020765466834172,0.8672164072147951,0.5388640145911414,0.05713351919294351,0.09103468415387413,0.021504145214983568,0.02359686191220307,0.6,0.1,0.0,110,5.056879619616193,11.054067170520238
29,59,0.07697846822787058,0.806789508137834,0.8762750828667898,0.5738928566019958,0.057899270317420024,0.09156998818120479,0.02127887762816036,0.02375702877119082,0.6,0.1,0.0,115,4.999011369861224,10.767826909827908
29,60,0.07446853250339451,0.7969345617136121,0.8618887597532457,0.592771325741817,0.060023243520337735,0.08808149813889024,0.0238661093744923,0.033634996778409795,0.6,0.1,0.0,120,4.698818020778469,12.822141500058573
29,61,0.0740633058788197,0.7996454063299934,0.8688529566192057,0.6012285525001216,0.0598535305963691,0.0885552921801201,0.02193374550843246,0.025716549380591442,0.6,0.1,0.0,124,5.041014327764107,10.838096769953092
29,62,0.0754355891892728,0.8094596257170817,0.8873190917679157,0.6393234254895571,0.059936610205602356,0.09095959664284894,0.025051265404521423,0.0232715687262912,0.6,0.1,0.0,129,6.998754789666839,10.891757712255185
29,63,0.07368947521072867,0.792061143121123,0.8608046219741636,0.6195877161727297,0.11265099418757914,0.0907494841284293,0.02307393094350816,0.029177224686279903,0.6,0.1,0.0,130,6.64146699081602,12.372836107207448
29,64,0.07345625565145929,0.79594585473092,0.8690098638583368,0.6320968594059794,0.06069704684462332,0.09066184279005438,0.02320115663233551,0.029439391027300837,0.6,0.1,0.0,132,6.644760408596508,12.22848404778607
29,65,0.07345614174733318,0.8008922775448137,0.8783294301575756,0.644848751253578,0.05671730823419214,0.09066184211170367,0.023201159485207852,0.02943939178709178,0.6,0.1,0.0,134,6.644760399571741,12.228477900365831
29,66,0.07210919356185015,0.7837875082981234,0.8521098924254296,0.6706627621802952,0.06462499056375581,0.09054079378070248,0.02338803879793644,0.02136174424088318,0.6,0.1,0.0,141,5.226365717609066,11.011551887979303
29,67,0.07111364794282471,0.7772036864201708,0.8451806646426606,0.7160074796256213,0.06331862298990452,0.09113512758354284,0.021080359483556528,0.02917568328363132,0.6,0.1,0.0,149,4.6150507314517695,12.513786430037609
29,68,0.0699802065013827,0.8231210469512169,0.9346816538421547,0.8655298844792684,0.05688251060467588,0.08939829128008221,0.02471874148858855,0.027224583598092676,0.6,0.1,0.0,178,6.7347495723644135,13.861549286535835
29,69,0.06919948146496026,0.8261293969413104,0.9419926727448005,0.8881334030031575,0.06087418291339128,0.08835445061362933,0.025292263759266,0.02727742203572553,0.6,0.1,0.0,180,6.645689755601816,14.436768239056118
30,0,0.8315613583980513,0.9830966896301528,0.9822264813708154,0.06042613959224132,0.0,0.0,0.0,0.0,0.6,0.1,0.0,1,12.28539715182396,59.3808928490832
30,1,0.5931040040844366,0.9928617916222731,0.9900618972103342,0.10299943473905641,0.19316192166007867,0.07873708202839881,7.586748215538999e-05,0.00016293326834305,0.6,0.1,0.0,3,7.250320771165838,39.04553243529488
30,2,0.5030348503040288,0.988110291717092,0.9843792987305765,0.11489047543333085,0.2061857742186914,0.10055583743988326,0.00252513637884243,0.010282249664854439,0.6,0.1,0.0,4,7.852320631560106,40.391468748456205
30,3,0.3847959466383997,0.9499256564724852,0.9449250364622557,0.09734814266699783,0.2342919975432321,0.07841655639301291,0.00014718796949435,0.00030818447755392,0.6,0.1,0.0,5,4.154237608027568,20.968550716185167
30,4,0.2429940748139467,0.9079977208982575,0.9048414160260865,0.09495428009362615,0.24204599461900628,0.08212068651221077,0.000404635707995,0.0008472325876666701,0.6,0.1,0.0,7,1.6575848192644291,4.862667177537683
30,5,0.19055112012167807,0.8737174316100419,0.8647916234318934,0.08661382332072697,0.1511751038349159,0.07838719808435764,0.0007177518682059899,0.0014701941512408501,0.6,0.1,0.0,9,2.227758381346166,2.574403033708037
30,6,0.18761334113308628,0.8769682025055493,0.8723076007303011,0.09444806623556844,0.05566575040511146,0.07904980888957736,0.00074604137403305,0.001530948792271,0.6,0.1,0.0,11,2.298802456230528,2.074435383148624
30,7,0.18696096621311714,0.8813761621478718,0.8810785057751308,0.11025405637593844,0.04793544737815521,0.07846016821338425,0.00087508909237297,0.00179062693173384,0.6,0.1,0.0,13,2.45857346297194,1.8657573559144036
30,8,0.17897005953161094,0.8718891865860625,0.8668714437690822,0.11643760432567438,0.07559822572885858,0.082098623892564,0.00104146530266301,0.00219024955531838,0.6,0.1,0.0,15,1.9870573853195803,2.256984800412588
30,9,0.17435787770449343,0.8786574714661824,0.8822070790323555,0.1243891319929793,0.0632476062978838,0.08264380310556577,0.00127836819125042,0.00268159303643945,0.6,0.1,0.0,17,2.0023819632841144,1.5171728269180205
30,10,0.17433215007400582,0.8840738859320512,0.8919312238864634,0.13590901394433344,0.05639824427842449,0.08552128810450672,0.0014104353650579,0.0035639857547248,0.6,0.1,0.0,19,1.6370121231733412,1.2943185554162326
30,11,0.1710639689613148,0.8668996034033752,0.8615037949422306,0.12393756620392246,0.07193446262217648,0.08589694493669754,0.00179266571947666,0.00375931834388199,0.6,0.1,0.0,20,1.9755643748699248,2.235643549451332
30,12,0.16786257728254977,0.874918415568176,0.8780476175913827,0.14057796296483127,0.08760939990486624,0.08967761053783721,0.00334608346720506,0.00855842677738288,0.6,0.1,0.0,21,1.4966362295287106,3.599582965674929
30,13,0.15894831305631682,0.8723985371489767,0.8795821607258112,0.14563462012603384,0.07696773984629335,0.08749600944349405,0.00368260052918904,0.00922271575726688,0.6,0.1,0.0,23,1.6499275666744826,5.890465422538147
30,14,0.15894832972821543,0.877345601712523,0.8889024033672385,0.1535008868401038,0.052865972538570664,0.08749600944349405,0.00368260052918904,0.00922271575726688,0.6,0.1,0.0,25,1.649919777969326,5.89046110078816
30,15,0.13244937066057488,0.8417096485830574,0.843132197283636,0.14949149012525026,0.26402415417237374,0.08897317478073248,0.007010404958424631,0.01698851335028137,0.6,0.1,0.0,26,0.9093536660976989,15.4165774900672
30,16,0.13214924155766075,0.8463122849246408,0.8520767456962415,0.15785803072300467,0.05684588678085926,0.08921686467771182,0.0081751045670029,0.01996916003288645,0.6,0.1,0.0,28,0.8249133284474703,19.3223429449364
30,17,0.12709837799276955,0.845645126214159,0.8555933771216571,0.1634376890305359,0.06657300836951462,0.08518936305089067,0.01297939135024469,0.03438047412521339,0.6,0.1,0.0,30,1.3164765543910135,288.649847158422
30,18,0.11925675549407055,0.840489777215056,0.8542568750852603,0.17611590607856636,0.0949955029661704,0.08584217957102674,0.0157229606954815,0.03912790362861832,0.6,0.1,0.0,32,1.609794319262675,107.60587743730343
30,19,0.1070223242480787,0.8089339782447383,0.8088358219211076,0.17319363565568188,0.06978942303195483,0.08178291943788144,0.017798090295754403,0.043112330145996844,0.6,0.1,0.0,38,0.7841375871368675,2.4658662604918824
30,20,0.10431885431331125,0.8093790415707729,0.8134222872280459,0.1812400788248195,0.06794548635955017,0.08178291943788148,0.01779809029575442,0.04311233014599686,0.6,0.1,0.0,40,0.4938261529153974,2.7173422705321446
30,21,0.0971039715460368,0.7935106413768757,0.7927343059060838,0.1764073778849304,0.08237965649181272,0.07880191538816096,0.01318790522328612,0.041746359131591484,0.6,0.1,0.0,42,0.4517015711032513,2.2988147121517946
30,22,0.09652655696346656,0.7880905571933907,0.7946343316863062,0.19546512786645998,0.2766366388853419,0.09773916809799839,0.023469458462622668,0.036018248503059555,0.6,0.1,0.0,43,0.7677741533706887,1.5494245058929896
30,23,0.09187598277762846,0.7827484661317061,0.7931976808419655,0.2106297661806555,0.09515068631210835,0.09440591857883215,0.03143436740085097,0.05231569053158264,0.6,0.1,0.0,45,0.712331142118479,2.0650287398776075
30,24,0.09466125294556987,0.7885731017465477,0.8032433396536016,0.22027954886318132,0.06822164646858184,0.10029883850853005,0.03440594076028115,0.05459978915699513,0.6,0.1,0.0,50,0.6826931494174541,2.086180677986858
30,25,0.09154179927448533,0.7763813866966922,0.79036040814812,0.22785276257585899,0.11724399489897748,0.1025591145662878,0.033197968687457266,0.05295332004119303,0.6,0.1,0.0,52,0.6645844380387476,3.9223830545359184
30,26,0.0923017260974036,0.7806170323438331,0.7988622488023274,0.2479508005433937,0.07418751788929497,0.10486668171931818,0.03301579866950743,0.04890556645273732,0.6,0.1,0.0,54,0.5164085799936893,3.166479313819074
30,27,0.0914357211915465,0.7744752826378827,0.788323446886242,0.19922368953529615,0.06910552190249686,0.10363048796551343,0.03312942012153479,0.05106843558337611,0.6,0.1,0.0,55,0.5071235612142302,3.664195460045319
30,28,0.09326280522266853,0.7830453991406652,0.8054130383774205,0.26885401950845855,0.10295132179629038,0.10722282484362618,0.042400202940667056,0.06277681146379731,0.6,0.1,0.0,56,0.7201115364179486,4.776032389518306
30,29,0.08640434597933594,0.7638409823370357,0.7813193199487458,0.26927752871499394,0.06991300359628408,0.10113089796133368,0.036639776926145416,0.06435921771215324,0.6,0.1,0.0,70,0.3139426643736625,0.9245547046777836
30,30,0.08339024249783478,0.7615823260734388,0.7831496765800456,0.28363413029063106,0.08417036097675348,0.09839066049648611,0.03621984734979962,0.0638763812058319,0.6,0.1,0.0,72,0.4149133559589342,0.94450942216723
30,31,0.08088407901620433,0.7569991691219177,0.7784278685728118,0.2781171594935523,0.08168897465124779,0.09557766531003635,0.034201411998116174,0.0608005120883911,0.6,0.1,0.0,73,0.5014274490834598,1.2066832331429354
30,32,0.0784485554516069,0.7452287264355745,0.7619949541383532,0.2917634873312489,0.08146243385189855,0.09275668537744775,0.039091058697811334,0.06602377684060765,0.6,0.1,0.0,75,0.3525422267616941,5.335448707489421
30,33,0.0778808164494807,0.7270480338920198,0.7426973397183885,0.2999505719313663,0.10529385285737511,0.09821882079539085,0.041476389699790187,0.0600966768728885,0.6,0.1,0.0,79,0.376994491690356,4.564528545078327
30,34,0.0739201677855619,0.7164153360886976,0.7316562038028123,0.31127617157176235,0.07582141515058417,0.09309700939686037,0.04522134780060106,0.08349657784301598,0.6,0.1,0.0,83,0.4132955759252523,4.750810034697933
30,35,0.07421984627314196,0.7159492001912324,0.7311436267638329,0.3115132923817222,0.067840099853917,0.09371578726260833,0.04587106360101599,0.08442336014964733,0.6,0.1,0.0,84,0.4390344473358369,4.763914872135548
30,36,0.07519112505571018,0.720563869484774,0.740052569316435,0.3238811143363217,0.07394830439981126,0.09573592302528396,0.04575054148928859,0.083560709385778,0.6,0.1,0.0,85,0.489279026291626,4.811662652001202
30,37,0.06465174798239283,0.7010828574370217,0.7241177475205582,0.3348879060978758,0.17872701698625937,0.08280032325110442,0.03972530540297265,0.08648330028515551,0.6,0.1,0.0,86,0.0797661747774938,2.5623199845468907
30,38,0.06459824915181937,0.7154886780568677,0.7516206479676171,0.3863677976582771,0.05421560463523931,0.08280032290903457,0.03972530531907359,0.0864833013064081,0.6,0.1,0.0,92,0.0642746076757818,2.480449639066155
30,39,0.06730463279172952,0.696599703157899,0.7192159990811912,0.2869439848099677,0.06353621200093167,0.08918720588911828,0.03788654040918325,0.08808126100445154,0.6,0.1,0.0,102,0.364387814077664,4.673907484355884
30,40,0.06299650398782651,0.6899412219091642,0.712423428605117,0.3670617049914775,0.07108847696766735,0.08260629265635605,0.03683324389588092,0.09651527357101106,0.6,0.1,0.0,103,0.1923275727298839,5.220086732925464
30,41,0.06937153363356245,0.6991336555418322,0.7299552268031668,0.4367358807056452,0.06814408775287355,0.09304177375534273,0.04625658674580782,0.0887813031284231,0.6,0.1,0.0,111,0.2012202237423268,0.4196354657323092
30,42,0.0736230631977527,0.6994311977932312,0.7300270536300361,0.4505896961330321,0.09942241027851313,0.0993539688469164,0.05520561554529248,0.10784510960956879,0.6,0.1,0.0,112,0.3659069815527775,1.372487991782072
30,43,0.0734849896183939,0.6979529436582977,0.7284726958689928,0.463749187429118,0.06797313661897472,0.09935396884691641,0.055205615545292484,0.10784510960956877,0.6,0.1,0.0,116,0.3593906597121361,1.3245111124158229
30,44,0.0708694002261583,0.696500155514564,0.7311785830589492,0.4599091924599317,0.07911242254194546,0.09729313491970455,0.04523327655791719,0.09247034281438335,0.6,0.1,0.0,118,0.3607746379994145,0.5973739432726191
30,45,0.07055791899399119,0.690926239089769,0.7212136700168681,0.4602471104836817,0.06400401132530358,0.0959990085580563,0.050201100641155884,0.09505878931427433,0.6,0.1,0.0,120,0.234431320433495,0.2602657019967921
30,46,0.045813879037697715,0.6454618468485002,0.6582039991904649,0.4927357537118074,0.03832403378180257,0.05719820221390255,0.03646459946478685,0.06671044678016892,0.6,0.1,0.0,142,0.2105722143613246,0.2070419559913189
30,47,0.047504620263935676,0.6432886240335997,0.6599074218797668,0.5058237314386704,0.05994357979670993,0.061084541126454936,0.03839140975707087,0.04600438403871304,0.6,0.1,0.0,146,0.2278342431059412,0.0426545895517853
30,48,0.04629480995283261,0.6233209446774595,0.6348012730993996,0.4955532202198348,0.09684370570237859,0.06005096906051518,0.04305306491424538,0.04154894284277425,0.6,0.1,0.0,148,0.2480933292945584,0.1007978364900677
30,49,0.04628723121995886,0.6281546203759073,0.6440022616608964,0.5117609057073327,0.04077651631387024,0.060050969060515214,0.04305306491424539,0.04154894284277424,0.6,0.1,0.0,150,0.2492705513633323,0.1044562672992215
30,50,0.04628723120016218,0.6232075934777508,0.6346820761606939,0.1993488240934336,0.04033610531452383,0.060050968766453834,0.04305306590431694,0.04154894417471573,0.6,0.1,0.0,152,0.2492705391118307,0.1044562753425142
30,51,0.04524026327079584,0.6198174533933775,0.6311627945785789,0.5528672106521965,0.04123040340591083,0.058704075564097895,0.04231959120523145,0.05633609883272106,0.6,0.1,0.0,163,0.2070451276100489,0.2349039537488372
30,52,0.0456757431192265,0.619495560100784,0.6349007136159249,0.5900277122787186,0.04974870577212057,0.060465497393683364,0.039931024894417376,0.07332416900060931,0.6,0.1,0.0,168,0.2794079973403064,0.1832337723610853
30,53,0.045952321859581285,0.6144868350418563,0.6296028922797527,0.5990399177519332,0.06274085955544177,0.061618216934290725,0.03908546979033858,0.07186613205011687,0.6,0.1,0.0,170,0.2076911788820681,0.3364026106865951
30,54,0.04750490486022548,0.5953934170643347,0.6052837803660869,0.5899784843602438,0.06908061672093305,0.06505316104440556,0.04261804361824406,0.0854932521293015,0.6,0.1,0.0,175,0.1842248008277275,0.3498432337244933
30,55,0.04712952358449135,0.5935942981676434,0.6034077648218605,0.6082746188244113,0.04492556085393575,0.06415120494215724,0.04497682174406546,0.08744701982963234,0.6,0.1,0.0,181,0.1743823537329017,0.390661642970282
30,56,0.0471429666904586,0.6033417244676152,0.6218928688365278,0.6500845347671363,0.043445216337280566,0.06419801141419978,0.04490851010265804,0.08723534097596494,0.6,0.1,0.0,184,0.1741041338242736,0.3710114825432588
30,57,0.046529216831266984,0.5871726951906723,0.5925657888518947,0.2057277938362193,0.04537529130061531,0.06356425176395183,0.04292343514481537,0.08694781242686964,0.6,0.1,0.0,186,0.211162748062811,0.4271957076842409
30,58,0.046858290776513926,0.6067313472450032,0.6295869584165634,0.6934132346246512,0.047311912853607925,0.06393024320427376,0.04428524143189329,0.08723444128605487,0.6,0.1,0.0,187,0.1907675896831241,0.4087591538145839
30,59,0.047376056534805214,0.5956129004237503,0.6096282554057066,0.6450521266951638,0.057574569158241294,0.0652054775393473,0.04263704707704545,0.08576232218156668,0.6,0.1,0.0,188,0.1935992402828651,0.448261524194339
30,60,0.047398121212209925,0.6054516584866447,0.6282091652634592,0.6836441419836696,0.04362310594196298,0.06526209609701263,0.04255452956328232,0.08551365845457262,0.6,0.1,0.0,191,0.1933539843256497,0.4239466792987272
30,61,0.04736505771294111,0.6151615265938909,0.646657220295059,0.7280033750071868,0.04461228261715164,0.06520606362023036,0.0426303403921122,0.08575754322218862,0.6,0.1,0.0,192,0.1930497905614398,0.4308484258842625
30,62,0.04738784596322106,0.5953334472288863,0.6093331122405242,0.6675121146218013,0.04392538808690285,0.06526264701215527,0.04254822170485576,0.08550923235135308,0.6,0.1,0.0,193,0.1930856924743462,0.4202147372768696
30,63,0.04738784521802901,0.6052274725632254,0.6279734492750463,0.7101841477248054,0.043412520213274935,0.06526264701215527,0.04254822170485574,0.085509232351353,0.6,0.1,0.0,197,0.1930856737153644,0.4202144277652492
30,64,0.0473851901431242,0.605161482255608,0.6279040519885986,0.706845292290115,0.04392755035764231,0.06526209609701263,0.04255452956328232,0.08551365845457264,0.6,0.1,0.0,198,0.1928925735764801,0.4036750723363594
30,65,0.04740268125168755,0.6197379902397195,0.655584828950174,0.7586845808799859,0.04574865392932302,0.06510837325989406,0.043783809743300664,0.08653875135584406,0.6,0.1,0.0,199,0.1983709806990787,0.4509018629763101
