Run,Equation_Index,Hybrid_MSE_Train,Hybrid_AIC_Train,Hybrid_BIC_Train,Hybrid_MDL_Train,Hybrid_PSM_Train,Extrapolation_Divergence,Sensitivity_Interpolation,Sensitivity_Extrapolation,Lambda1,Lambda2,Lambda3,Complexity,MSE_Test_Interpolation,MSE_Test_Extrapolation
1,0,0.8058711858548735,0.9803017583700174,0.9792876792449134,0.059806648789759706,0.0,0.0,0.0,0.0,0.5,0.3,0.5,1,13.90643405564858,66.31490612098315
1,1,0.5672341917151104,0.981005724841324,0.9780626015830076,0.09331164669948565,0.18404527945039312,0.07616908045251862,7.561083860169999e-05,0.00013947789955326,0.5,0.3,0.5,3,8.912409813882155,43.44584212048562
1,2,0.45822784953434725,0.9640365658633991,0.959988161700772,0.09555192089351859,0.21009104393599531,0.08171653273119703,0.0012308618747747999,0.00289988327209708,0.5,0.3,0.5,4,5.977442844900173,39.9114463522092
1,3,0.21720024172901,0.8932961834757837,0.8895623328978604,0.08404555446466185,0.6598854242428213,0.08936665010271654,0.0009380471408230401,0.00173039801308302,0.5,0.3,0.5,5,3.394379189182961,9.050365602795292
1,4,0.17783832640060168,0.8707850905342148,0.8657711117467968,0.08442107940019163,0.1448812845736106,0.09235911257737871,0.00180651355889535,0.00292898677603447,0.5,0.3,0.5,7,8.329192286330212,6.848519710928331
1,5,0.16891524802387117,0.8647702526142524,0.8594293208614135,0.08674422893784586,0.09988589804781679,0.08939315830410575,0.0026176569536526103,0.00608054760398148,0.5,0.3,0.5,8,10.718478382445552,95.42930849565774
1,6,0.1587861405504172,0.856324196468751,0.8506346568461682,0.08547035133295786,0.09732697304314268,0.09159797301384391,0.0009369372921640201,0.00153598764613684,0.5,0.3,0.5,9,5.113696912412921,1.9400364972076545
1,7,0.1483731804221276,0.847503369570019,0.8414145768805158,0.09915183879362778,0.060896034482721156,0.08847050152320812,0.00135973477299869,0.00227974624195152,0.5,0.3,0.5,13,6.92693826244457,8.29098038378755
1,8,0.15013909435454528,0.8546320885559775,0.8528059467929514,0.10496401438681899,0.058877182257649936,0.09244653198352244,0.00303067562142508,0.00595717742149979,0.5,0.3,0.5,15,4.620750344653039,3.990561851671373
1,9,0.12785355412592145,0.8278805509883107,0.8210176415526501,0.09556916007978206,0.14067621933566232,0.07314716053689127,0.00334548672935448,0.00724038319431303,0.5,0.3,0.5,16,4.30824980634734,44.54701379036072
1,10,0.14148972566180348,0.8411498576818977,0.8339695326010099,0.11844331433421933,0.08464112083773515,0.07776253443205741,0.00376072563844775,0.04124664362811067,0.5,0.3,0.5,18,4.788422542280454,36.60891663619493
1,11,0.13100173058944442,0.840320251393496,0.8417700024728865,0.12598179350131217,0.06973004474507162,0.09202211510385593,0.0071209807666776,0.00804023547109178,0.5,0.3,0.5,19,6.802092924716581,4.253234360555269
1,12,0.12494832947260276,0.8329855647031885,0.8340085916982855,0.13595860660025993,0.06925379872563447,0.09230451496490556,0.00787976662953306,0.00921036537936762,0.5,0.3,0.5,23,6.760063525317152,5.11992957461204
1,13,0.14432658460038092,0.8619822898378199,0.8716807390360474,0.17429326955080832,0.07717381826929326,0.08444099602882899,0.09782394610628133,0.00406768123017103,0.5,0.3,0.5,26,7.123681096754781,26.60344087003656
1,14,0.1379143042290238,0.8480488913239792,0.8528439690203664,0.16331175480028112,0.15509959430763254,0.08485457421183074,0.09953053082722316,0.00525664704240737,0.5,0.3,0.5,27,7.057624345000996,29.593976696462096
1,15,0.13654795463719385,0.8497763272636246,0.8586419935798311,0.1728074933781505,0.10045165625938048,0.08543240418822998,0.10256478848075176,0.00817404406231831,0.5,0.3,0.5,29,7.016898271525836,34.80536142674899
1,16,0.13640512194533505,0.8545073289827142,0.8677350250920329,0.19534065484680166,0.07799165679820953,0.0854324044252494,0.10256382744856044,0.008174046152399719,0.5,0.3,0.5,33,7.025932505483314,34.633498679332774
1,17,0.42586142247021513,1.1285530479211188,1.1285763852306143,0.47107340100729683,0.3809489925300878,0.09428039976141805,0.9588036770062199,0.06665423583900239,0.5,0.3,0.5,34,6.833845471827957,11.106048136026551
1,18,0.42586142421482787,1.1335000747418458,1.1378965758550827,0.49137038005058,0.3681084489310998,0.09428039976141805,0.9588036770062199,0.06665423583900242,0.5,0.3,0.5,36,6.833845561500564,11.106047989066626
1,19,0.4285159826722949,1.1271302452487317,1.1266127230875345,0.49813941808048423,0.45899987540119686,0.08958534383202837,1.0,0.06479837697068445,0.5,0.3,0.5,37,5.275011937492948,6.862630848632423
1,20,0.43343761674862646,1.1338160844763099,1.1373045126654313,0.5114019682586216,0.4415834781011544,0.1016626652582912,1.0,0.07046516413818571,0.5,0.3,0.5,38,6.331827061145787,12.366195453499028
1,21,0.42181846647753235,1.1199219546293884,1.1231673108841942,0.5346303531445634,0.38424385113434034,0.0872313295311426,1.0,0.06655194649219807,0.5,0.3,0.5,43,6.959672506127284,9.159940329845178
1,22,0.4315196305393889,1.1394336239128862,1.1514166079289572,0.5538127617965869,0.38799472079887737,0.09288645408875659,1.0,0.08046970048077415,0.5,0.3,0.5,44,6.244885808630269,8.848597060439385
1,23,0.4275784400697106,1.117330181959991,1.1237203971978036,0.5332957789836122,0.5776549207494559,0.0900679830491166,1.0,0.09635771443850612,0.5,0.3,0.5,45,6.091802435596636,8.205061201788551
1,24,0.42779413785549875,1.1224830883925903,1.1332456429033602,0.5521807546198361,0.39347621611419586,0.09004602363207513,1.0,0.09682343899012004,0.5,0.3,0.5,48,6.085031470597759,8.165094315533342
1,25,0.42751188339293633,1.1270514678457693,1.1421791092178486,0.5613626512481084,0.3944320528867431,0.09006798304911666,1.0,0.09635771443850613,0.5,0.3,0.5,49,6.048056935541059,8.206100402129417
1,26,0.4273856230565537,1.1255016136904745,1.1405109207000916,0.5940154048034562,0.3984418652654976,0.10133713699862083,1.0,0.0865867956627679,0.5,0.3,0.5,53,7.223910750154292,9.764000700674243
1,27,0.13756214373111358,0.8396070884498437,0.8589061808495769,0.32435279770866826,0.10653784358537373,0.08550602507400723,0.16136395817823732,0.02715540408777043,0.5,0.3,0.5,60,7.387149413891418,76.89603454238886
1,28,0.1315827209491343,0.8349193879917532,0.8582973379649156,0.33610377323630874,0.11581102490586825,0.08016844060404846,0.15995606644494065,0.025502154226265162,0.5,0.3,0.5,63,7.387520163415355,84.61490841861507
1,29,0.13147793273158326,0.8346870667939054,0.8580550610761762,0.3427710593382329,0.10226911962264446,0.08006975541020483,0.1599644451282661,0.025517958227342142,0.5,0.3,0.5,64,7.406520942116992,84.73134236164702
1,30,0.1353336604889514,0.8304962446773706,0.8492522064286276,0.3467349337858747,0.12402665157208727,0.08580837468994786,0.16164862643753075,0.029561519483250347,0.5,0.3,0.5,66,7.129894964600475,75.68710526661593
1,31,0.13562340627424718,0.8349584767443275,0.8580272670216331,0.3576948758266955,0.11638142428526684,0.08703348554668297,0.16140197901841077,0.0298588253675459,0.5,0.3,0.5,67,6.953433617972421,83.37979540145096
1,32,0.12414798909349771,0.8221185984447468,0.845085319030978,0.3531290523132556,0.1035394727162612,0.08631590754723963,0.12608555888175196,0.03005157073894807,0.5,0.3,0.5,69,8.075664767378704,81.23939453542444
1,33,0.14796012138864797,0.8495811095475299,0.876822951834953,0.38777942228162976,0.1355739136773444,0.10092635959025054,0.16276284750538653,0.04227524781636257,0.5,0.3,0.5,70,7.104723824292605,82.2689566733218
1,34,0.12024187438292207,0.8137769659904796,0.8364152282436584,0.3383656316595449,0.12855401968172148,0.086878033965542,0.12085398224257278,0.02870627456784728,0.5,0.3,0.5,71,5.225299491734755,526.1980414222626
1,35,0.11698741120489071,0.804512629404461,0.8267203233569523,0.34306232296535855,0.15842050317315948,0.08619849085765015,0.12054045357530263,0.02777318119228957,0.5,0.3,0.5,72,6.253567107787633,542.9102507786192
1,36,0.1191511801175736,0.8026673904134438,0.8286333547457561,0.3488850461312151,0.19113311410899775,0.09185869274210423,0.12306468478607,0.03090262259428454,0.5,0.3,0.5,73,5.68185872008296,591.3473395895649
1,37,0.11359326545645114,0.7887195568739779,0.8100826480173725,0.36762270604046277,0.10244708856838756,0.08771841083717609,0.12184432352618371,0.02669794842945325,0.5,0.3,0.5,77,5.049573733655304,561.5229262771909
1,38,0.11521808391621129,0.7882590862663885,0.8094844973567267,0.37263382241898035,0.11687985306279851,0.08843575970254171,0.12343852231311092,0.02945216466661042,0.5,0.3,0.5,78,5.158043815667354,601.9492156521646
1,39,0.1077640952894291,0.7815322112328283,0.8068560155408964,0.3829738129705176,0.13110901110171366,0.08236837758962248,0.12637509599842414,0.02108478917684743,0.5,0.3,0.5,79,4.889868327460023,522.1938236284843
1,40,0.13462750588304762,0.7729760486958603,0.7879663722951546,0.3749817110516605,0.36183556134048317,0.10278664562657362,0.01505518121603833,0.13179643239602723,0.5,0.3,0.5,80,11.550575025194023,66.16870936156451
1,41,0.1387686057257822,0.7751119528673003,0.7899819374403328,0.3854824663503281,0.13538272990045447,0.10235558249474083,0.01675699439297163,0.14015319254327308,0.5,0.3,0.5,82,12.135238625879428,68.62071156085267
1,42,0.13425283756265782,0.7592218098030287,0.773418402455165,0.3797859019985075,0.17439026089515086,0.10258290405403085,0.01580276860432128,0.13487993300452575,0.5,0.3,0.5,84,11.539071983669118,65.216149225307
1,43,0.13460126519648724,0.7630820787559456,0.7815678947976409,0.39119710243720285,0.13036415667156454,0.10254684452073093,0.01555817126653786,0.13615098852641383,0.5,0.3,0.5,86,11.499843277474293,64.85018104555242
1,44,0.13646814995097745,0.7593573096948225,0.7734323026375893,0.3915729981134646,0.13166199804059497,0.10227647150204243,0.016429638443758752,0.13980545552300389,0.5,0.3,0.5,87,11.316069060180162,63.762546974077736
1,45,0.13439443972565074,0.7565978494992541,0.7706328492586029,0.4041351187857709,0.13004351221125585,0.10206652156456032,0.01586701945500328,0.13638828689293153,0.5,0.3,0.5,88,11.260023837950952,63.50316715587436
1,46,0.1366892683087722,0.7635669817462645,0.7819592534083105,0.40149424254500193,0.12661802314734208,0.10222148414592254,0.017718133535725718,0.13978415052653206,0.5,0.3,0.5,96,11.697979588021251,66.23162783035426
1,47,0.1400944430154103,0.7619768103473691,0.7759930214011593,0.43434302468377084,0.1302560424206656,0.1019570031794593,0.01924258851927099,0.1459599542341627,0.5,0.3,0.5,97,11.70539229507458,66.80664000814235
1,48,0.1394344958037582,0.7611080474890497,0.7751121274080649,0.43365571297045025,0.13090462259335855,0.10190503539163588,0.019191612582438282,0.14477659726690967,0.5,0.3,0.5,98,11.621360630473198,65.9948737492279
1,49,0.13995345900075962,0.7656936760205995,0.7840197323176127,0.4460884543424198,0.13741393344000888,0.1019570031794593,0.01924258851927097,0.14595995423416278,0.5,0.3,0.5,99,11.690028359327384,66.14499019012722
1,50,0.13978460037930174,0.7602692700140138,0.7742042006311461,0.4534839649846539,0.13051489541237182,0.10196037676076207,0.01812690035454008,0.14636885458184343,0.5,0.3,0.5,102,11.796856072130456,67.73816721039675
1,51,0.17659493160514192,0.8247952853866002,0.8648550801255682,0.5359026939450396,0.1838919379554291,0.08760786867381176,0.02017096385791938,0.2336157917981939,0.5,0.3,0.5,103,8.465565954257336,436.1787219901554
1,52,0.10362109063531949,0.7247006140430905,0.7509358288526824,0.45411729784890964,0.2017472472533105,0.10270843841225179,0.02868355332055426,0.07029303602090203,0.5,0.3,0.5,104,8.12325376036901,223.57253583306783
1,53,0.10135189607729031,0.7229048809192997,0.7532593412167274,0.4702672557489474,0.112500899835177,0.099143186517146,0.02883033532842056,0.0701500113067548,0.5,0.3,0.5,106,8.379694682123763,227.0342467578429
1,54,0.08444670889082063,0.7059851556228814,0.7363387939903728,0.46390431353259526,0.0764499874382848,0.1076255864782105,0.02134683196045373,0.03235026868446119,0.5,0.3,0.5,108,8.366366237419008,279.0874521666205
1,55,0.08443185596334192,0.7107677181081948,0.7454860412308016,0.4725193333927664,0.07703228136592424,0.10762558647821052,0.02134683196045372,0.03235026868446123,0.5,0.3,0.5,110,8.372452456378745,278.6811012534855
1,56,0.08353939933351352,0.7012442527694251,0.7313813861557161,0.4659604777792284,0.09159988670001239,0.10563046303994397,0.02334393540232893,0.03207657584747559,0.5,0.3,0.5,112,8.252669878249623,273.5210212457546
1,57,0.10821655799666516,0.7291150212440262,0.7635266358872617,0.5061817092894638,0.11559658528674849,0.10375466852923158,0.031154413396362313,0.07894725600440823,0.5,0.3,0.5,113,8.161765084755173,213.3587857882005
1,58,0.10969474441505839,0.7305575452600094,0.7649671369785198,0.5127292754225558,0.10250419237860178,0.10591903373098781,0.03080478789069193,0.07995621920231437,0.5,0.3,0.5,114,8.25354973833346,216.09409355427488
1,59,0.10823129216565261,0.7339288206474895,0.7727052650066486,0.5184394080006518,0.10165954270996905,0.10374737991123759,0.031223871954000493,0.07896962528698478,0.5,0.3,0.5,115,8.165626922369777,213.4080267495448
1,60,0.10910591304932665,0.7314846649161864,0.7700748809733444,0.5188151234041352,0.13005289619473892,0.10502111440666967,0.0312286284208927,0.08004026925074911,0.5,0.3,0.5,116,8.328147718181187,215.8754350960659
1,61,0.10124548801616222,0.713229005044447,0.75124002706535,0.5255249961445729,0.107420855351278,0.10134605614797336,0.02908773235881278,0.07099116343388037,0.5,0.3,0.5,123,8.341442496239754,228.87893486897136
1,62,0.10242699859544425,0.7092235400670565,0.7510484565376239,0.5376272621932148,0.1390946264397549,0.10157218007079145,0.03338674784856634,0.07200800827033066,0.5,0.3,0.5,125,8.42800332373315,230.5511377695791
1,63,0.08680517708552174,0.6933922245070234,0.7352056316568178,0.5327660663798366,0.08293750416765361,0.09702002174820872,0.04148129043569699,0.040488024587307866,0.5,0.3,0.5,126,8.432244097612408,222.33973023798504
1,64,0.10128752720257247,0.7011323148715657,0.742576265388997,0.5424996354001203,0.152006084084401,0.1002206652126791,0.03334669745932059,0.07200176087364188,0.5,0.3,0.5,127,8.495886082873934,231.51315661614268
1,65,0.10042176194824284,0.6977041811701403,0.73900822502835,0.5483863382305192,0.10599224993541925,0.09890374752227643,0.033286330435086484,0.07193459755001565,0.5,0.3,0.5,129,8.579721089106615,232.59576915386447
1,66,0.10027917331691266,0.7047767782972728,0.7546811305424919,0.5805221869182996,0.09908848678523033,0.09883171874717431,0.03305443132989319,0.07217539092569654,0.5,0.3,0.5,135,8.598286673097638,232.73539854108003
1,67,0.09996682603678675,0.7013405336211014,0.7510749587651322,0.590687036893196,0.1216407135275988,0.09866333848339384,0.03322237370522617,0.0719722733552732,0.5,0.3,0.5,136,8.613590822252236,232.46978879493216
1,68,0.1008412144029762,0.7015594374761042,0.7512582598775516,0.5987983258374426,0.09738794822051074,0.10045693980738007,0.0334964545119315,0.0718355320441697,0.5,0.3,0.5,139,8.677635311921234,231.9332769388197
1,69,0.10064351502922089,0.7062639996480716,0.7603335400781209,0.6114969180753073,0.10037213753866775,0.0999892222739257,0.03328575325014612,0.07203920187835959,0.5,0.3,0.5,140,8.614261199095868,231.4540443953352
2,0,0.9067862308650833,0.9908076231134912,0.9903343647516023,0.062124865203527696,0.0,0.0,0.0,0.0,0.5,0.3,0.5,1,5.376185435703663,61.2908948034832
2,1,0.6361593462208718,0.9962679663130936,0.9938467871841068,0.10067348506644094,0.1905979144361628,0.08634844648435273,8.520497731514e-05,0.00020113119222921,0.5,0.3,0.5,3,3.088206086138984,40.33261907157812
2,2,0.5157343429727614,0.9935137644798709,0.989837897358329,0.11938328385399054,0.2547953938329152,0.11880382123513251,0.00254218329487342,0.00950703569010375,0.5,0.3,0.5,4,3.651427027843889,39.96176523671903
2,3,0.28147017420377696,0.9261142396343313,0.9236948428807585,0.09695778339957002,0.5246267732314153,0.10442568019239412,0.00070432933417227,0.00138107242906489,0.5,0.3,0.5,5,1.7578700580726467,9.67327248530312
2,4,0.23050346773069422,0.9036219684334136,0.9000570613756064,0.09673744359529059,0.1399461952432022,0.10374449981010163,0.00078758321830898,0.00153129771386916,0.5,0.3,0.5,7,1.4714878762519117,3.41567038063067
2,5,0.2382853786356651,0.9085734861351469,0.9005073295091388,0.1089013994756349,0.08347136748361811,0.11698067530138082,0.0018205419196562801,0.01244943066600988,0.5,0.3,0.5,8,1.1716630640605747,4.182534446854931
2,6,0.2142519946697982,0.8908924028361945,0.8824793620208568,0.09608788112208405,0.10885183666478518,0.10652644548848192,0.00081007830371312,0.00162248696584514,0.5,0.3,0.5,9,1.514972703388932,3.000432419822384
2,7,0.21762602237719877,0.9022130996147668,0.8979354862350508,0.11362571215829581,0.09914417933095265,0.11662918588094504,0.00199590814204002,0.01279329459865174,0.5,0.3,0.5,10,1.1073263477169268,8.738334313634436
2,8,0.21072534973681706,0.8925423849133467,0.883726734492561,0.1116677204715203,0.08871672569973427,0.11640317011498723,0.0015725334225447699,0.01023136879618089,0.5,0.3,0.5,11,1.4321471894040383,3.983595474333892
2,9,0.18951575720445812,0.8760167841448693,0.8667833813908917,0.10537863316027504,0.08696791290787798,0.10769155051487336,0.00114894711979526,0.0023761058273370503,0.5,0.3,0.5,13,1.7344527338849125,2.294967998692357
2,10,0.1888154011362949,0.88047464863928,0.8755927786075755,0.11384041532162109,0.056943760187021436,0.10759519267005495,0.00113140067982194,0.00234444461453449,0.5,0.3,0.5,15,1.7021598949800505,2.0182246497816654
2,11,0.19149031897534904,0.8874235582764877,0.8820129368095049,0.13747764558217465,0.13901882197090853,0.10736519025159734,0.023692870703794562,0.02347781956389983,0.5,0.3,0.5,17,2.4486943258742864,2.4825148120665586
2,12,0.18108730157836053,0.8891093007228417,0.8920446204726119,0.15701715707474168,0.07295178805882052,0.10673608227619748,0.010643544029806249,0.031074924786914388,0.5,0.3,0.5,26,1.5305820517734965,2.070425767372283
2,13,0.1702028071532626,0.8886993908537892,0.9002314362665795,0.187483695209149,0.06920771627487747,0.10131793751841099,0.0043991055498029,0.02544329396731409,0.5,0.3,0.5,31,1.2265997700439877,3.961201437729598
2,14,0.16014566301792976,0.8749442222727444,0.881540710580654,0.1877402181787206,0.15181270766290123,0.10250114471631681,0.005137157828917769,0.02805093164368347,0.5,0.3,0.5,32,1.2724565247836102,3.2587669277989293
2,15,0.15904725288893748,0.8837551228939968,0.8990845500136356,0.2102084395812703,0.0663359473677477,0.09644032748297855,0.01635488721846758,0.02573508996793255,0.5,0.3,0.5,38,1.327531779192988,0.6007467977898817
2,16,0.1562297137158114,0.8810151226594446,0.8962957809066049,0.21131752020818323,0.0718711136947581,0.0973214167650511,0.00483882027964714,0.02817689568538609,0.5,0.3,0.5,39,1.5640166875069723,3.532476334619504
2,17,0.7086950303352506,1.4175656899501625,1.4188402410161118,0.7638052256561292,0.6996912532698494,0.15736313464757712,0.18044700415022233,1.0,0.5,0.3,0.5,41,1.029782653560409,10.86756479925231
2,18,0.17175253976726584,0.890488030039098,0.9004987788501075,0.26403516450514436,0.09642604914789558,0.11457906694577455,0.02639150310138776,0.06166737237520118,0.5,0.3,0.5,45,2.202598390522456,9.658538752937234
2,19,0.16017672091963575,0.8727307462179731,0.8780180117635968,0.24673833691642558,0.11652769655637812,0.10965789651271318,0.011179941924435829,0.06370585652120665,0.5,0.3,0.5,47,1.5250273719627645,4.259435829609943
2,20,0.15403262951365526,0.8668537409829311,0.875655712094498,0.25843594460144337,0.22590680035422717,0.10495555257117938,0.00853940578073635,0.08169612683240682,0.5,0.3,0.5,48,1.575288092425107,3.0709601254798367
2,21,0.3188385339725412,1.0235869493172554,1.027589817765726,0.4356354567864966,0.3300944793855426,0.07803547442262396,0.07193372400643663,0.410487744138549,0.5,0.3,0.5,49,1.598872475624607,8.397432780233215
2,22,0.296677684739041,1.0011887099152414,1.0051619840384824,0.4069144710954111,0.24845267646637106,0.07979571032631134,0.0712620983001075,0.3654838775896188,0.5,0.3,0.5,50,1.6502718402637546,7.099947109643269
2,23,0.31847723010326334,1.0279198627239803,1.0362642802660373,0.45144166101975247,0.2661502987632312,0.07803547442262396,0.07193372400643656,0.41048774413854916,0.5,0.3,0.5,51,1.5092355336678307,8.412314784623984
2,24,0.17655853734908647,0.8825027976950527,0.890433031112603,0.2963461318154925,0.19111548349741964,0.10264700515732601,0.01773659831113103,0.14365185883114978,0.5,0.3,0.5,52,1.5869538645653638,4.272117288429089
2,25,0.18557180509278787,0.8823158048600217,0.8854220298175015,0.30708007135497567,0.1760771923882521,0.11063143282844687,0.027609075552060817,0.15677947394410452,0.5,0.3,0.5,54,1.53902322914277,5.077990069068642
2,26,0.18045752654755515,0.8821164966483441,0.8895926552016011,0.3156850675341203,0.1371496731306708,0.10986001797834193,0.026473160220645747,0.1480653005454809,0.5,0.3,0.5,56,1.5487751903775218,5.118509696311805
2,27,0.20252567594231297,0.9085754258065943,0.9203690051948972,0.35422044154761123,0.1616061014111791,0.10861245815026503,0.027925042324129217,0.19363072810542803,0.5,0.3,0.5,60,1.4619501182680978,4.450850242258615
2,28,0.1848907574447206,0.889877874250779,0.9015667110303206,0.34258340130946136,0.1481178392956645,0.11169506915750574,0.027249485167617087,0.15762819423616617,0.5,0.3,0.5,63,1.4387793613428317,4.845352256211212
2,29,0.1795771662367619,0.8892686627706687,0.9053070434579651,0.35158548699053505,0.1395250733001776,0.11089859342114097,0.02610910764816176,0.14891383459300528,0.5,0.3,0.5,65,1.4447476130465389,4.888119680762765
2,30,0.1740191664366712,0.8831310903458927,0.8991134727354135,0.3565341478572863,0.14115681574611239,0.11214920651885685,0.02621326914319696,0.13750092488604068,0.5,0.3,0.5,66,1.4922513538435522,5.751772680972353
2,31,0.1773339417320759,0.8896209184056048,0.9098088288122286,0.36061389477211986,0.16283704492678708,0.11042082346838641,0.026206440131094938,0.14883104064772967,0.5,0.3,0.5,67,1.4932347056283783,5.88298875531837
2,32,0.17737044121472767,0.8885719220284245,0.9086593167401457,0.38798507310567965,0.14601843109645057,0.11182539585139291,0.02671943043343149,0.14892623279193667,0.5,0.3,0.5,69,1.673149937191664,4.758067560836057
2,33,0.17737095468105435,0.8935194586846987,0.9179800172001616,0.39854437363044365,0.13839244398254114,0.11182540397448298,0.02671953581924587,0.14892718110845257,0.5,0.3,0.5,71,1.67315081882725,4.758067642271143
2,34,0.17724681838528283,0.8783913063383684,0.8897176039186026,0.32507434362483995,0.14060126686067798,0.11182540397448303,0.02671953581924457,0.14892718110844053,0.5,0.3,0.5,72,1.4930742217604431,5.381011983453057
2,35,0.17680265647666676,0.8925579102372843,0.916982822223087,0.40486352649359836,0.13968575276133058,0.11107391703394068,0.026730003237051953,0.14913384828932455,0.5,0.3,0.5,74,1.5922306049871018,5.4158140456784425
2,36,0.17680317109205734,0.8975054633000302,0.9263035462266445,0.4155446625472007,0.13812374253282572,0.11107392419422236,0.026730108669719012,0.1491347926106616,0.5,0.3,0.5,76,1.592231599532767,5.415814589532675
2,37,0.17619175167150403,0.8963196219329452,0.9250656675050357,0.4213387592812069,0.14582032487897437,0.11012999765827144,0.02650372979178391,0.14986508625833628,0.5,0.3,0.5,77,1.6208762656364344,5.64429583740712
2,38,0.15873039142626674,0.8735013847534968,0.8978373330594337,0.40125975286180243,0.1263853452948712,0.0890904075674639,0.02185017765658773,0.1393883875920379,0.5,0.3,0.5,78,1.53099944259321,6.188167973345018
2,39,0.17502479223556655,0.9027103717530088,0.9399953694752997,0.4463028366258612,0.15134151530865286,0.10987015846471046,0.02846009581650989,0.15000013684694444,0.5,0.3,0.5,80,1.618316730674034,4.794918630467121
2,40,0.14223258980996364,0.8469682581038523,0.866489090533637,0.3836797316260438,0.1284431183383905,0.09171204834040671,0.0169803357672826,0.11368690634020513,0.5,0.3,0.5,82,2.309164870010381,8.047712249522325
2,41,0.1405146706612749,0.8483536822980186,0.8720936106757531,0.4036071208748442,0.1131073720121889,0.09077719457225203,0.01705387090505483,0.1134405581534325,0.5,0.3,0.5,86,2.346870250016257,7.882665537665188
2,42,0.13943648458650426,0.8461996540194978,0.8698519015351771,0.40277783580349513,0.11995935331214647,0.08982940062810688,0.01698173648377136,0.11352979015599071,0.5,0.3,0.5,87,2.424221476946685,7.763663625683061
2,43,0.1394343435933048,0.8509974874359603,0.8790108481706994,0.42088170968795235,0.10869891798189274,0.09001303848644776,0.017000569305144538,0.11350387287140015,0.5,0.3,0.5,88,2.411000284300856,7.809367184922626
2,44,0.1394803442947901,0.8454699750568491,0.8690593055717969,0.40965102409682375,0.11501336416361518,0.09063955642039528,0.017024030403444253,0.11367927604040921,0.5,0.3,0.5,89,2.3942967115119957,8.120150230675902
2,45,0.138376399549273,0.8472569465828358,0.8750567568968627,0.4304718337589523,0.1193521333702931,0.09063955642039524,0.01702403040344426,0.11367927604040935,0.5,0.3,0.5,91,2.5563905650967897,7.50633675991331
2,46,0.1356715815994804,0.8493645087096071,0.8815268305724528,0.4439482242345666,0.10543780922295627,0.09040930403641113,0.01598893659413275,0.10926531662238655,0.5,0.3,0.5,93,2.536322798131018,7.414091153097333
2,47,0.14393030242782454,0.8488072370876326,0.8762956132616969,0.46199464570367144,0.13004933415406522,0.09337845912577361,0.01857066492965841,0.12521249117753314,0.5,0.3,0.5,96,1.9604439725542724,7.154161331293596
2,48,0.14439744861673073,0.8537226123348389,0.8855456941899115,0.4777484700269523,0.11855276749347964,0.09351498773783057,0.0187243315030375,0.1264141692938741,0.5,0.3,0.5,98,2.0691457357061007,7.524513638435577
2,49,0.13744393316159922,0.8407913407932482,0.868163261292261,0.4541237430144494,0.12087421819871155,0.09863094685489458,0.01967638984823724,0.10778930960917284,0.5,0.3,0.5,99,2.5168040717490987,4.541478870586418
2,50,0.14080917958854827,0.8422018844566831,0.8694222968073071,0.4731863132673301,0.1380761292428674,0.09465277741492525,0.02003745304198324,0.12025792114082759,0.5,0.3,0.5,100,2.4233307107937487,5.398492209144854
2,51,0.16113854723865262,0.8671976864742101,0.8987758143801862,0.4934135996740493,0.13406404265243832,0.10388766471893711,0.02941878394721028,0.14609189651529494,0.5,0.3,0.5,102,2.366145729110442,4.539766024204513
2,52,0.13125269420573782,0.8243348229690651,0.8509504807695871,0.48845825384955704,0.15365488168019703,0.09152537449020783,0.0212965979318692,0.11039077018672527,0.5,0.3,0.5,104,2.6866393016278654,4.940624390258451
2,53,0.13254719606504148,0.8287760386025429,0.8596424420749873,0.5020227417582483,0.1176961241983295,0.09549806710698598,0.021180408779994,0.11023221684127853,0.5,0.3,0.5,106,2.7569897880192094,5.307325866480971
2,54,0.13088489249150526,0.8268922190020476,0.8617801310171623,0.5196830924003408,0.13483847112267675,0.09549806710698602,0.021180408779994,0.11023221684127864,0.5,0.3,0.5,108,2.4621267563121534,5.957993279629967
2,55,0.17927543166805282,0.8744856110550849,0.9093193948147298,0.5625633411437131,0.16195794268427977,0.11365207690911801,0.05464650131103593,0.16928840326482325,0.5,0.3,0.5,110,2.5323279701065804,11.873383390333696
2,56,0.17534132861591614,0.8593789326868251,0.8894233845391093,0.5607225524313786,0.18725760513371215,0.11374113452680104,0.05470428550811044,0.1650136032535876,0.5,0.3,0.5,112,1.7742760738975032,12.750801744387775
2,57,0.17563693165799182,0.8626505033025764,0.8969386053514471,0.5732171175815572,0.16642167539870162,0.11287965897149184,0.05470492893446223,0.16755550205053235,0.5,0.3,0.5,114,1.7466576469636186,11.84582301067729
2,58,0.17541248598960338,0.8613162445457317,0.8955318625226047,0.5872093396678228,0.16766564609343573,0.11282181387461117,0.05416982820054407,0.16808207054151642,0.5,0.3,0.5,115,1.3281061221150767,11.95361285272359
2,59,0.17541228773577872,0.8662630891578469,0.9048518676721395,0.5943234543631141,0.15670281069888536,0.1128217180123029,0.05416979825954917,0.16808178220837894,0.5,0.3,0.5,117,1.3281061282701137,11.953628934673066
2,60,0.17466650251736277,0.8566507604706225,0.8946706684539076,0.6075528265720186,0.2441768525773362,0.11622876630942088,0.05565764603336646,0.16665861932628062,0.5,0.3,0.5,118,2.5960713632800494,10.918049361387853
2,61,0.14118136455522462,0.8399247327100416,0.8952463629875915,0.6573086329809803,0.12695252468422447,0.0965735471251569,0.02181371455998684,0.1410091461705815,0.5,0.3,0.5,136,2.748396078879072,7.760107206008565
2,62,0.14226877073953248,0.8180006738468328,0.8556290487724513,0.5633804331514755,0.1571999873870013,0.09717280444948383,0.022566520295134982,0.14348011895924234,0.5,0.3,0.5,137,2.564038726347019,8.55729197450064
2,63,0.1358115695426838,0.8157197276566812,0.8617423128930342,0.617786757401981,0.12556552087797956,0.09699203914627802,0.02268524723222251,0.1329196842896438,0.5,0.3,0.5,151,2.879206501428053,9.22210124149048
2,64,0.1415318991771241,0.8345606951897999,0.893597585087575,0.7178857948950184,0.1358473983301916,0.09054921132982406,0.028289792542031976,0.14808537023038515,0.5,0.3,0.5,153,2.6994378822740845,9.381106034006836
2,65,0.1363912678342578,0.8312494470383635,0.8944706604753819,0.7260421629377057,0.15159286066622327,0.09312911757847857,0.028255927580612277,0.13634592757211125,0.5,0.3,0.5,154,2.665900335245728,8.868825140841022
2,66,0.12812844327162154,0.8075035528235079,0.8575665286212579,0.6408220680042,0.11652561573600809,0.09565947141178277,0.02233822114960838,0.12106218777103708,0.5,0.3,0.5,158,2.618713499649146,8.534315281214875
2,67,0.11988395475230243,0.7925498169367091,0.8381335269408388,0.6368304933457684,0.12316621179110979,0.09494288325751667,0.02453528695838532,0.10456974759648736,0.5,0.3,0.5,159,2.6130773038186685,9.025730783846631
2,68,0.13351475386605488,0.8235911133033708,0.8906036505557537,0.7470173918322887,0.18813165722508346,0.09183749194315537,0.029508772632901747,0.13427965814329706,0.5,0.3,0.5,160,2.68983429556578,8.36243753192749
3,0,0.49394747310127685,0.9367204267837238,0.9334628191490758,0.05019765825244727,0.0,0.0,0.0,0.0,0.5,0.3,0.5,1,41.71316523357472,70.80086778544721
3,1,0.33491616460489654,0.9262726228886947,0.9207495906570851,0.07763294905089275,0.2048351134574112,0.06698124354727128,6.52966470444e-05,9.675311056640999e-05,0.5,0.3,0.5,3,30.145237577730988,47.52567880642837
3,2,0.20916569259528475,0.8802381870500877,0.8721280830651604,0.07316156316319065,0.23340121122552152,0.07501370656131486,0.00026118658817762,0.00038701244226565,0.5,0.3,0.5,5,19.19805596263108,26.137091153328143
3,3,0.13999972588474996,0.8348399175192402,0.8240813843383634,0.0724564646320688,0.2440932213092435,0.08693346609247522,0.00032340643323941997,0.0005266483441001599,0.5,0.3,0.5,7,12.26948572233691,11.097911152738696
3,4,0.12324920499848654,0.8171477700426903,0.8052584654269006,0.07490616512741496,0.13360393287988248,0.09495064526203358,0.0005100659684248099,0.0009455560496037,0.5,0.3,0.5,9,7.7385721734917,2.5770903080563263
3,5,0.11736743846846273,0.8110628619690616,0.7991089648001636,0.073748539353161,0.053036741353073714,0.08580922553016572,0.00035785585597306,0.0005172886481612301,0.5,0.3,0.5,10,9.626915381976552,8.039576580795515
3,6,0.12303416503246736,0.8216440973854096,0.8140534084514586,0.0854383154268839,0.04985233596424999,0.09725248320649854,0.00038743386213971,0.00071179171485005,0.5,0.3,0.5,12,10.458237976760335,7.9220668722818575
3,7,0.11469537784147055,0.8073379462468164,0.7951029930961285,0.08645126782926993,0.06550553166681769,0.08892847719191647,0.00047469268831480004,0.0007980069144997799,0.5,0.3,0.5,14,9.369593070769549,7.406784720143968
3,8,0.11356339543323075,0.8111153272430309,0.8032446394449966,0.09645318364052073,0.044455928260929645,0.08528903868088622,0.00210135835147298,0.0014671237476706,0.5,0.3,0.5,17,9.03259942176424,7.68929663308221
3,9,0.10912855664446952,0.799762349023278,0.7871160871413885,0.09359947064337597,0.10627864874761622,0.08944691536276762,0.0006326804705774601,0.00101291003601553,0.5,0.3,0.5,18,9.17986177865482,8.310355547547113
3,10,0.10852412902901248,0.8040097747145531,0.7957188533715753,0.10531376206460319,0.04643409264822801,0.08664627553322156,0.00219654088485392,0.0021683101510135898,0.5,0.3,0.5,20,9.905412962928844,8.96188888017123
3,11,0.10414919052288073,0.7924303074813055,0.7793980846877111,0.10060807179512979,0.07340259140428854,0.08971374656531142,0.00089863042497529,0.00091757242774466,0.5,0.3,0.5,22,9.219030264958988,9.439462850186324
3,12,0.10064339267930239,0.7933737700878376,0.7846409612602513,0.10197100315607567,0.04859066626246119,0.08404067117227694,0.00131531605788425,0.00119841445989555,0.5,0.3,0.5,24,9.784034465361866,11.531235168584509
3,13,0.09686279141783824,0.7821810776188627,0.7687376279781367,0.10070694733561941,0.06884197488498149,0.08353530381460339,0.00154799244676173,0.0021839452811918897,0.5,0.3,0.5,26,9.809316464084208,12.07129335827398
3,14,0.09815894637762206,0.7962674503482806,0.7956881353156218,0.1316467284354683,0.08625983168043863,0.08985076248864869,0.00390883282790407,0.0028628140710339903,0.5,0.3,0.5,27,8.607730354649428,2.9011830822897062
3,15,0.09725308404604122,0.7995922907923989,0.8033026378414221,0.14500984597827152,0.05170116684575641,0.08985076248864865,0.00390883282790409,0.00286281407103401,0.5,0.3,0.5,30,8.618335717397413,3.0199875906424194
3,16,0.09639422513859687,0.7980355837028029,0.8016649402367843,0.1473602855640472,0.059857750577408754,0.08988270674306528,0.00391021503798097,0.00286313193396494,0.5,0.3,0.5,31,8.627298676851971,3.035889726307278
3,17,0.09645319900858321,0.7979199575864427,0.8015299045685506,0.15041244618703065,0.05068530952277243,0.09014771206628158,0.00405611264323041,0.0030332863746534997,0.5,0.3,0.5,32,8.915611321955474,2.915239236584814
3,18,0.09443908184802466,0.7732580107613165,0.7590622201144972,0.1245619560352147,0.07276893942912685,0.09005677110641554,0.005345237871029191,0.0047669421690687604,0.5,0.3,0.5,34,5.076228291432828,2.0311898351587327
3,19,0.09518972675956437,0.7730958988373827,0.7588061859579419,0.12793409910427317,0.06473346108238201,0.0940716476774431,0.00455314295449745,0.00455214996261644,0.5,0.3,0.5,35,6.275764946105693,4.753300130115472
3,20,0.09220405629840471,0.7741202002851587,0.7641082667857996,0.13282432180220613,0.0630177496567407,0.08936953430250429,0.00543692323886361,0.00458420991261555,0.5,0.3,0.5,36,4.932772072378006,1.8160213231539903
3,21,0.09224430503122542,0.7677076126363467,0.7531717410033211,0.13266002891027154,0.061574639605298284,0.09173211708690195,0.006665303613304629,0.00441146475647245,0.5,0.3,0.5,38,4.99200829613546,1.9194973818068128
3,22,0.09280950297249244,0.7668460719578111,0.752173528406721,0.13597861073679432,0.07234914641780515,0.09589916448142337,0.00577456894516357,0.00436536114937856,0.5,0.3,0.5,39,6.164679170228123,4.529310671669036
3,23,0.0938325743409768,0.772721316561242,0.7624129015678028,0.15014324422512576,0.05433326705474046,0.0970651221479346,0.0066606588559270305,0.00487496686506074,0.5,0.3,0.5,40,5.330470957363288,2.3580838854586084
3,24,0.09355659921600239,0.7770623446741319,0.7710958948493704,0.15963310206173237,0.05531695016706213,0.09706512214793464,0.0066606588559270305,0.00487496686506076,0.5,0.3,0.5,42,5.283291415095411,2.2955395768072084
3,25,0.08791969481906646,0.7596690833056631,0.74478238348215,0.1426727182802295,0.07523930092601899,0.09223035143082454,0.0045175326422919205,0.0027543702941294898,0.5,0.3,0.5,43,6.731091786944582,8.379038288336988
3,26,0.0866915370099797,0.7623485135169887,0.7517407952771976,0.15277631906988318,0.05548942077031365,0.09130643697322831,0.0045449863776651596,0.00278555917289843,0.5,0.3,0.5,45,6.632159167377839,8.139142471533695
3,27,0.08544875360576552,0.7607661658998792,0.7501278330442454,0.15619996038719342,0.052060935714685425,0.08930358139491686,0.00452755900403219,0.0028239805790538303,0.5,0.3,0.5,46,6.474273287222024,7.666876158741094
3,28,0.08647899727810765,0.7546310018704614,0.7394225101709487,0.15313383320802973,0.08001289789856106,0.093303027644462,0.00561507666912021,0.0034488607971340903,0.5,0.3,0.5,47,6.230759083657097,7.488819565973666
3,29,0.08171231548837068,0.7532085137706784,0.7422357497218328,0.17293706747706725,0.05666605865177872,0.08481438115608249,0.0063035540867526305,0.004124943136110551,0.5,0.3,0.5,49,6.109164354051533,5.2634107079388
3,30,0.09103436481074782,0.756065652059789,0.7405838168293898,0.1629948445298886,0.06798603971445234,0.09483210708380412,0.010219971929899981,0.01264606812359532,0.5,0.3,0.5,51,3.318685340639413,1.1882643710155736
3,31,0.07965575959066219,0.7469267726891846,0.735601954118115,0.18203945538234764,0.06235767050021568,0.08409182661728772,0.00678813389635316,0.0056709634240151,0.5,0.3,0.5,53,6.201079852682868,6.00715079753018
3,32,0.08783755033805553,0.7568839806304097,0.7496779197441836,0.20096689668299522,0.07613548894746434,0.09492666368108808,0.01045005240302772,0.012542785406416452,0.5,0.3,0.5,55,3.1273435135438774,0.9137029072074656
3,33,0.09466067860961397,0.7533977333958838,0.7373985924278349,0.18518188419445059,0.0669651623797685,0.10366093141616782,0.013990029533167688,0.01631644190374703,0.5,0.3,0.5,59,2.562282955984678,1.0704750608238065
3,34,0.09627438666487845,0.7530702475014276,0.7369297046626949,0.1890830065683521,0.0851771161097598,0.10916482083366702,0.01276927294687286,0.01638376620844243,0.5,0.3,0.5,60,3.542271605516957,2.9352096111002526
3,35,0.0819674167482,0.7418789733787667,0.7299753329388751,0.20586970099662535,0.07243748346311348,0.09667335340609995,0.00882978254034218,0.00425639803800504,0.5,0.3,0.5,61,6.291553001429627,6.301133176479958
3,36,0.08954008732547628,0.7496989569888454,0.7418167469562048,0.22848143396743933,0.08943109137077968,0.10648162403343442,0.01311948259572683,0.0112848577384987,0.5,0.3,0.5,63,2.965137874978069,1.0241167398099411
3,37,0.08665996641939203,0.744609857636538,0.736566480218877,0.22844117420091486,0.08519280289697848,0.09918708621591261,0.01342692672600993,0.01447815087859256,0.5,0.3,0.5,64,2.994007104127673,1.5849400031936594
3,38,0.0846471014686703,0.7331744224750081,0.7204377083828601,0.205788461804424,0.07676282704974775,0.09967273118458696,0.01398119655329875,0.013122217026465849,0.5,0.3,0.5,67,2.67929274753864,1.0827918811254649
3,39,0.0841667680322353,0.736525749636241,0.7280839935137775,0.239477940935537,0.06638280804471289,0.09957970138153309,0.01393097851763932,0.01309231303419273,0.5,0.3,0.5,69,2.7543290318820017,1.159989036705292
3,40,0.09052769978428701,0.7391908625961084,0.7304925304758202,0.2538874788744865,0.08110602944265809,0.11175377176743509,0.01737363726388618,0.01415124257307485,0.5,0.3,0.5,72,2.449293718250728,0.7515881549494959
3,41,0.08544309855335744,0.733303550333349,0.7245501878958132,0.25144524641146315,0.07164743326920271,0.10360789932731113,0.01613041113777642,0.013406330423853521,0.5,0.3,0.5,73,2.378403024246632,0.8952246888718858
3,42,0.09043271738655106,0.7322221745978862,0.7230589693688383,0.2670399763716498,0.09088614159324425,0.11714141542674252,0.01841646919463949,0.01226076477092811,0.5,0.3,0.5,76,2.3314268999871164,0.621369632318886
3,43,0.08725947726778854,0.7199763292864338,0.7061674821955768,0.23606012153063127,0.08884536713420382,0.11343227648654404,0.02031730757949833,0.010818020647496141,0.5,0.3,0.5,78,2.251650601725557,0.5997154846603916
3,44,0.08706275286675771,0.7239931843237377,0.714509610946445,0.27413310208233804,0.07182013197698284,0.11343227648654404,0.02031730757949832,0.01081802064749611,0.5,0.3,0.5,80,2.2722277245296443,0.612997915676491
3,45,0.08704985143272849,0.7239321919276326,0.7144454870403845,0.27411908138692287,0.06869450426562243,0.113432276486544,0.020317307579498352,0.01081802064749616,0.5,0.3,0.5,81,2.282733677209497,0.620331015462943
3,46,0.08629189192731845,0.7209643705046072,0.7153895814894298,0.2941079997923447,0.1390183467564203,0.11546469830388284,0.023180979293221778,0.00915704638176036,0.5,0.3,0.5,82,2.364093096339732,0.7256466725982227
3,47,0.08657473881258633,0.713297746063401,0.703159596138666,0.29429205238965184,0.07503466011615459,0.11880023556152676,0.02269110847339248,0.008065563294524989,0.5,0.3,0.5,88,2.1992974256628206,0.4875644334679211
3,48,0.07777033506331739,0.7069760701646365,0.7051218335745096,0.31867367495253934,0.0746877000159906,0.10161101185170004,0.02139536262857946,0.01156548936702983,0.5,0.3,0.5,94,2.6534668059999973,1.5654806760461524
3,49,0.07761289319360629,0.7104596633572542,0.7128983281872372,0.3378643871545221,0.06909397662136879,0.10200820361612002,0.02147694135177425,0.01131058726348275,0.5,0.3,0.5,96,2.63651776228444,1.5606442940547691
3,50,0.07718578809424412,0.6985641168078154,0.6962318009527243,0.31705705703916665,0.09396214738586706,0.10282661582013047,0.024119064764199442,0.01046567818729489,0.5,0.3,0.5,98,2.2576401234109422,1.2591900310176685
3,51,0.07724636578578827,0.7035380172395796,0.7055768129917326,0.3485203554497075,0.06410357396457406,0.10294942324828853,0.02411719144846311,0.01047702076274439,0.5,0.3,0.5,100,2.2666885587732204,1.2615409203099806
3,52,0.07922165076273505,0.705229147285592,0.7072506093891845,0.3447125857078262,0.06872987455069508,0.10640323146742965,0.02411129756658735,0.01108281264759237,0.5,0.3,0.5,101,2.400245476867632,1.4012261652211606
3,53,0.08102764169427547,0.7038911568291332,0.7057232949191277,0.35462608657619876,0.07781559232408972,0.11245845274062065,0.025723063899954962,0.0087397580722201,0.5,0.3,0.5,104,2.3652629296192837,1.630268550798581
3,54,0.08300037560036252,0.7043952280526437,0.7061393013192764,0.3536661254842081,0.08385468888360899,0.11199515300213381,0.02542461084529409,0.01381173415223524,0.5,0.3,0.5,105,1.9536962254073196,0.8695260995027889
3,55,0.07418485270832821,0.6841987600054029,0.6811870282069743,0.3645535086342725,0.12058136639303138,0.09766636128736811,0.02277938356155106,0.01409446856462972,0.5,0.3,0.5,106,4.484568722558442,5.392168801754115
3,56,0.07420649364580321,0.6755471970155245,0.667942557881297,0.34789360393931706,0.09687093013184987,0.09584462340051267,0.0257964170189112,0.01523477382313529,0.5,0.3,0.5,107,3.755908967989028,5.308751547217081
3,57,0.07386827779638318,0.6776491984191044,0.6742712532005171,0.36280339591578137,0.07417211643899972,0.09584462340051267,0.0257964170189112,0.0152347738231353,0.5,0.3,0.5,109,3.880233399398721,5.542825901930551
3,58,0.0744269821237163,0.6726881128064404,0.6689891201107965,0.3711035643297705,0.08882992432253589,0.10008048022714527,0.02537440555920145,0.013802633450768351,0.5,0.3,0.5,111,4.187814758120417,5.450132616081729
3,59,0.07912691631358937,0.6704059699704851,0.6622161745218366,0.37057614843477243,0.07840026058256395,0.10751351205863385,0.0265723617211945,0.015551232446166649,0.5,0.3,0.5,113,4.080032204811655,4.85924010684617
3,60,0.07250988936712274,0.6671416867915931,0.6632331393881122,0.38412239698149464,0.07698085461182967,0.09401755804122972,0.02680001182948421,0.016058843411554148,0.5,0.3,0.5,114,4.096515759329035,5.038477574901704
3,61,0.07789616275754618,0.6540051310472257,0.6449490492178109,0.37814432143574866,0.10896953425857746,0.10560513273186156,0.029817311600459317,0.016366745560935432,0.5,0.3,0.5,117,3.380752813288077,4.782888113702574
3,62,0.07785889904665186,0.6634808527144651,0.6631495568565142,0.4192547417212762,0.07074352507611982,0.10560513273186156,0.029817311600459317,0.016366745560935432,0.5,0.3,0.5,121,3.428683152681802,4.87233602802993
3,63,0.07714608429563787,0.6424886196739623,0.6328275710839393,0.3893495200076156,0.15840010266277701,0.10444404781762814,0.03117681851828328,0.01718240641432798,0.5,0.3,0.5,122,3.684399065644639,4.3833713589459045
3,64,0.07719301540900159,0.6417276074104652,0.6320214467595374,0.41368590723050186,0.07103948566749671,0.10844614637611417,0.02950745683684991,0.01441250702665626,0.5,0.3,0.5,131,4.200873024493218,9.881198232146357
3,65,0.0756210881562755,0.638408957880998,0.6286053457954247,0.4145684671291232,0.08368114879363497,0.1004733952400151,0.03426451457907005,0.01667981989815237,0.5,0.3,0.5,132,4.102105895874192,8.318868502979473
3,66,0.07425686618896317,0.6378712049376188,0.6322116767055266,0.4359823895039088,0.08511488274150994,0.10039682274861535,0.03365444977452603,0.01505286444460511,0.5,0.3,0.5,134,3.8178189942836,6.521857430548044
3,67,0.07580075902307198,0.6374367234517712,0.6316675191524305,0.4400051569264031,0.07503836778042125,0.0967379086311112,0.03718884492131686,0.0199830314311784,0.5,0.3,0.5,137,3.5342836852619195,4.564014115795416
3,68,0.07537394231075978,0.636062859599918,0.6302412248497404,0.4422233801833561,0.0770849327688056,0.09919264343236985,0.03690523854795924,0.01698772214744007,0.5,0.3,0.5,138,3.847542759621819,7.089677308835721
3,69,0.07564623810868273,0.6408643588885017,0.6393927640103328,0.4657649193528513,0.07121199128042628,0.0993362858228717,0.037059462453885486,0.017358646785986608,0.5,0.3,0.5,140,3.783509904517745,6.983104378171149
3,70,0.07654338545817913,0.629276617893969,0.6230161357898296,0.47010075674009644,0.07990827147406852,0.1020963936533723,0.03902299471479366,0.0162901815881413,0.5,0.3,0.5,147,3.8115776857006183,7.163240508633843
3,71,0.06440804741834577,0.6215291963670693,0.619611236416643,0.5367435487894262,0.05900319617393522,0.08189078346960672,0.03082743792785663,0.017214713157447332,0.5,0.3,0.5,169,4.883351420791623,5.597100838430881
3,72,0.0643398511414593,0.626182755255924,0.6286255755454165,0.5530804682148686,0.060623303037951146,0.08241606552837238,0.03087328083437451,0.016555889624055308,0.5,0.3,0.5,170,4.7798077841704165,5.411388090965166
3,73,0.06473198826344896,0.6306321190589699,0.6373992439336955,0.5781107039966511,0.06289077380029622,0.08281130674110483,0.03156788581039069,0.01664672126220769,0.5,0.3,0.5,172,4.596006394277244,5.604635328755274
3,74,0.06472936994956648,0.6305997493971268,0.6373652386358042,0.5811301140590243,0.059446254487227616,0.08281842602794592,0.031569956351907055,0.01663706600613499,0.5,0.3,0.5,173,4.595394331240268,5.6022654774093885
3,75,0.0668176048561806,0.6256934334251252,0.627973461942531,0.5787051358108645,0.07840760827216739,0.08290017381314939,0.03262182462136678,0.02036855677624155,0.5,0.3,0.5,174,5.233719415238508,5.97284463879978
3,76,0.0668291338117413,0.6099375001700686,0.5990472846733955,0.29067804658262353,0.06302772023301258,0.08316240168227271,0.03281263487623617,0.02013394471660058,0.5,0.3,0.5,179,5.204479636561352,5.957797014127193
3,77,0.06678079624873559,0.6290561649053495,0.6356245881665888,0.6098201568735023,0.06664444552881754,0.08265156651908759,0.03379151937101277,0.020039987372404842,0.5,0.3,0.5,180,4.729960317206909,5.203459435714982
3,78,0.06604911965302962,0.6202500494132791,0.6222743295468215,0.5978313572272637,0.07386438505861626,0.08277130807249429,0.0330828032677942,0.01927001547630448,0.5,0.3,0.5,182,5.433699683266547,5.928147830438697
3,79,0.06604911965302963,0.6202500494132791,0.6222743295468215,0.6126144613599563,0.060945518602085164,0.08277130807249429,0.03308280326779422,0.01927001547630449,0.5,0.3,0.5,186,5.433699683266547,5.928147830438694
3,80,0.06604911965302963,0.6202500494132791,0.6222743295468215,0.6244409446661107,0.06094553444943704,0.08277130807249429,0.03308280326779422,0.01927001547630449,0.5,0.3,0.5,190,5.433699683266547,5.928147830438694
3,81,0.06689270860252197,0.6183506114868624,0.6202252380923792,0.6277634858581744,0.08458423726316708,0.08263804835784494,0.0353650237214677,0.02004923516171513,0.5,0.3,0.5,191,4.699254608385173,5.663474665393395
3,82,0.06704756500290325,0.6158624577088402,0.6175931546638808,0.6333662183422332,0.06951481462550799,0.08384416241886554,0.03474631215304988,0.01982965804707209,0.5,0.3,0.5,194,6.002348033631488,7.165700905078301
4,0,0.6180865450477162,0.9566782257825275,0.9544480208704523,0.05459264392077105,0.0,0.0,0.0,0.0,0.5,0.3,0.5,1,30.080252715584237,66.95151425220816
4,1,0.42204224280474867,0.9533504171822488,0.948922490630308,0.08813295647465916,0.20554566984583958,0.07852998567606123,7.284849964436e-05,0.00015355080587593,0.5,0.3,0.5,3,21.332217679362547,42.95369513821511
4,2,0.39708792590685205,0.9584643986913645,0.9535322598421394,0.10333632956157796,0.13053312433124192,0.10383384813979059,0.00057948710632605,0.00436453150523805,0.5,0.3,0.5,4,12.0703568983266,10.564006996703066
4,3,0.26549763067463505,0.9095199130575972,0.9025780456851891,0.08476331848626574,0.34831388681353526,0.08794738630988413,0.00029139399857746,0.00061420322350373,0.5,0.3,0.5,5,14.085550442971943,23.086445418570843
4,4,0.25888340922179287,0.9126566975639299,0.9053530587316826,0.09645905529484819,0.10923217964369519,0.1025290637959195,0.00091986627838791,0.0059825501754115894,0.5,0.3,0.5,6,7.501853384575993,4.828945850055386
4,5,0.17224510058780196,0.8670069964973629,0.8617636104630536,0.0840933813239181,0.398645643337032,0.09402098024539562,0.00136918906305861,0.00288599058395874,0.5,0.3,0.5,7,5.340236797995847,5.041688145105157
4,6,0.1510952600544081,0.8455012302108394,0.8349544393463907,0.08293812212407024,0.1207181630813416,0.09912601353047334,0.0005547517666101501,0.0012935322912031601,0.5,0.3,0.5,9,5.5057082759901546,2.48500658883605
4,7,0.1435854729223177,0.8383381065283453,0.8276312903027815,0.08609193377231296,0.05841741550191456,0.0914495644221386,0.00041506064523482995,0.00094296071591682,0.5,0.3,0.5,11,6.995519659415029,7.685633462154963
4,8,0.14358547220389287,0.8432851710918913,0.8369515329442087,0.09219229177581967,0.04632081404921143,0.09144956442213856,0.00041506064523484003,0.0009429607159168101,0.5,0.3,0.5,13,6.9955189784033855,7.685631658093053
4,9,0.18036296571753346,0.8744457834218066,0.8626196094062221,0.1516815308472603,0.18881427320975708,0.1593778057164731,0.007745767340832541,0.04431979375641066,0.5,0.3,0.5,15,5.962900839334438,23.689375640614465
4,10,0.17788365256784922,0.8708476540575275,0.8586912798775311,0.1622078192231316,0.15692675067006623,0.1616722104450867,0.00773119484455346,0.047666771330007254,0.5,0.3,0.5,16,5.918037027298196,18.687264219704183
4,11,0.16376009042589007,0.8552697154861585,0.8427879619287869,0.14916889851157958,0.14702451768306082,0.14628628296703466,0.007811606782840699,0.044489626023335546,0.5,0.3,0.5,17,4.596510902575335,16.28110685735888
4,12,0.16048406166338758,0.8495564756027622,0.8366449025577711,0.1594611816246475,0.1653914761654261,0.14821997372788956,0.00779703428656166,0.04783660359693212,0.5,0.3,0.5,18,4.557555555251678,13.73983197704761
4,13,0.15520879510942975,0.842238425400168,0.8290242049640536,0.159233944284824,0.14463864940370436,0.14897912575497593,0.00739784469871841,0.04443896092196139,0.5,0.3,0.5,19,4.9301858137345,17.121732259290475
4,14,0.15827365757391626,0.8501828176486343,0.8413326683194382,0.16716877310517406,0.10344853501235875,0.15179730009981493,0.00776332570024957,0.04774965259228212,0.5,0.3,0.5,20,4.762213762628509,14.60424642776689
4,15,0.1556580679561331,0.8474556107372746,0.8385898838619881,0.17490704670738297,0.10085791915816515,0.14965009500600057,0.007460149485395751,0.04522951795809998,0.5,0.3,0.5,22,4.899580104924484,16.516397498309747
4,16,0.15324556432409017,0.843880431354786,0.8348466061748543,0.1639112526972038,0.12590801812368385,0.15707344404125118,0.01374903096138615,0.03341327227949257,0.5,0.3,0.5,23,4.938894283656376,25.060302902320736
4,17,0.10096613314099567,0.7896714141257319,0.7804054239910619,0.12575068827059074,0.05647315979152516,0.08198861476843039,0.00351094118740862,0.01524292638902865,0.5,0.3,0.5,28,9.099727123668735,16.09990455807484
4,18,0.10096616992503984,0.7946185164320976,0.7897256926409688,0.1339003416539225,0.04966908449117499,0.08198861476843035,0.00351094118740862,0.01524292638902866,0.5,0.3,0.5,30,9.09973298212394,16.099906226818668
4,19,0.10039837301307547,0.7934768995355017,0.7885131708223492,0.14212067701864387,0.05537602892911743,0.08212324484010051,0.0035392266524624802,0.01556263768854169,0.5,0.3,0.5,32,9.66182398207417,16.44357816267573
4,20,0.2600812377001466,0.9574315575296605,0.9567620010789241,0.31635115141733755,0.2163555254815937,0.08599937227498401,0.06866471966355686,0.29369474155189274,0.5,0.3,0.5,34,12.66004089865016,11.218962764792176
4,21,0.16261727940668708,0.8631656390290318,0.8666727892784388,0.22568697005448618,0.14461653763647397,0.10378875160372661,0.02752992762257127,0.10979307716663018,0.5,0.3,0.5,35,9.95477806362794,11.882760145334569
4,22,0.16223471057948255,0.8624215461604062,0.8658889338809727,0.22850180353136207,0.12109288697283116,0.10664201581275397,0.03080978370420906,0.10502867813954268,0.5,0.3,0.5,36,9.454393283405269,10.544988642883842
4,23,0.16400190247182117,0.8689586465565733,0.8767798742838258,0.23904405039843435,0.11850353441263464,0.103414470452302,0.02924878880749529,0.113123521294935,0.5,0.3,0.5,38,9.15590944682776,12.581405822769446
4,24,0.13847181696044933,0.8368376211558256,0.8401100246053596,0.223618704317098,0.10215142236018888,0.11888311612821723,0.02883362478993608,0.05038052023990034,0.5,0.3,0.5,41,10.229223116702352,12.259283370681487
4,25,0.13211788557744933,0.8295422401446141,0.8327175711633067,0.22081183137874127,0.10250971446056617,0.11926101644028748,0.02836213987322516,0.03946620008118088,0.5,0.3,0.5,42,10.25377063697295,12.27951649445141
4,26,0.13675128871760703,0.8290020149712873,0.8277749014894394,0.22231535351111975,0.09553861145841062,0.10914469963750713,0.03300186107819678,0.05674985603165047,0.5,0.3,0.5,44,13.016064500222662,12.49800102639894
4,27,0.12889378132390722,0.8185727261263561,0.8170953144230629,0.21853552360562262,0.12441682548652405,0.10939353540197014,0.03206355576140526,0.0459293347791246,0.5,0.3,0.5,45,13.049915139947782,12.56827408428683
4,28,0.16562634615759486,0.8588064194609796,0.8615655485100396,0.2901545290965944,0.13543300891577753,0.10609101760091758,0.0490015017938209,0.11495064359063809,0.5,0.3,0.5,47,11.44995294494174,15.299380596702154
4,29,0.13662522467354143,0.8229031532632503,0.821107163383225,0.24364453046584117,0.10332759392436015,0.10663891026701582,0.0305628247576334,0.0706225574893452,0.5,0.3,0.5,52,11.40084218055245,16.856699094225974
4,30,0.13639420252820883,0.8226594479047157,0.8208623313556214,0.24621788871757658,0.09774232616041997,0.10672460473948196,0.03095846136570148,0.06985585200544085,0.5,0.3,0.5,53,11.353610108814117,16.888830421422636
4,31,0.17042342313879996,0.8836431093108184,0.9078392122820427,0.31272373431213957,0.17119200566004683,0.12028498979737806,0.04525662803534069,0.11986744441141836,0.5,0.3,0.5,54,9.766280714807884,7.549103802473967
4,32,0.26494217012015475,0.9576343737803252,0.9642755222379413,0.40309769598974904,0.23310919654065038,0.1161135054398373,0.02713326385407744,0.3248919490747749,0.5,0.3,0.5,56,9.653327690146718,22.799752871695294
4,33,0.27324377862929244,0.9757571491642798,0.9911382856431329,0.4415927200030574,0.23723374014424747,0.11652683134150009,0.028426295217740177,0.3404062177937637,0.5,0.3,0.5,60,9.56623636517895,22.76772157589273
4,34,0.14613133614087037,0.8334058879337928,0.8356330915204423,0.29217431623562,0.11536490383986966,0.08785893068934468,0.03157249000153018,0.11350447589960164,0.5,0.3,0.5,61,13.428638855761411,23.43922643696376
4,35,0.12021165942250644,0.8003187113732653,0.7979835612206915,0.2651090389091842,0.11429919073462083,0.09911902150583728,0.0164354381107021,0.06239703275325652,0.5,0.3,0.5,62,14.159794996858944,15.440798377453056
4,36,0.1251318178820361,0.8142804542826647,0.8206202720329817,0.2945785202210075,0.10193488081104168,0.08232444851840055,0.0114812331502223,0.09307103796499748,0.5,0.3,0.5,63,4.181047537820402,10.90898851218974
4,37,0.12090642438390797,0.8034537816989257,0.8052839509642568,0.27710372752209717,0.10855860339696258,0.09105440187470368,0.01517940470321898,0.07566598272955398,0.5,0.3,0.5,64,14.19369524083318,17.1964232871271
4,38,0.11885676319963234,0.8047842531545406,0.8108604744839394,0.28301724909722614,0.09637639579789285,0.08413618612772611,0.01470477558368941,0.08057428667593572,0.5,0.3,0.5,66,6.888295368012474,13.042448546947536
4,39,0.12376530849549855,0.8059914256286336,0.8117748712552113,0.29773878315135777,0.13793847462780132,0.08155520977785558,0.025949156527716448,0.09019719319634152,0.5,0.3,0.5,67,12.758853442595504,5.930219102153575
4,40,0.12390350057976066,0.8110575792951841,0.8212126924853062,0.30863414234082026,0.09392150056107598,0.08156714878874737,0.02601464438211251,0.09044184844964041,0.5,0.3,0.5,69,12.74239336296436,5.903496450210524
4,41,0.12135960789857814,0.7960425516608188,0.7972530078019474,0.31090329785931325,0.10255022857308511,0.10967579017566359,0.03413429437917736,0.05492523179574652,0.5,0.3,0.5,72,9.355045906195278,14.655907314232556
4,42,0.12103009475544103,0.792534697671406,0.7935062576297962,0.3282764952721639,0.12976942872930075,0.1084196244667016,0.03560461464116773,0.05756502279455402,0.5,0.3,0.5,73,10.553059259968862,14.292713941104372
4,43,0.12100996097057634,0.7924690620691562,0.7934372302859992,0.33135467937878904,0.09418392632746628,0.1084196235156945,0.03560461606073926,0.05756502121509442,0.5,0.3,0.5,74,10.667908024375295,14.451931634729783
4,44,0.11415705319331128,0.7896846555839427,0.7949609286626651,0.3390049668202133,0.09048531438246486,0.10795801403552692,0.02979686962251991,0.04857604855965586,0.5,0.3,0.5,77,10.95110874711277,13.783134410132984
4,45,0.1193875789626069,0.7934033234304712,0.7985685565261206,0.32780719933787145,0.10986810911196812,0.08160227564060395,0.02806899658022788,0.08771992621286932,0.5,0.3,0.5,78,12.837645973875096,6.332019069867408
4,46,0.1116381064154754,0.7817818794971497,0.7866676989567885,0.33189543632966345,0.1009760289539383,0.08474812683808926,0.016610968556274492,0.07906136721397164,0.5,0.3,0.5,81,6.41350576069618,12.299521255538002
4,47,0.11256288101655867,0.7880792564039203,0.8013931798037284,0.3508562637622315,0.11353570180046108,0.08139980539338844,0.027132311047103556,0.08126671857957847,0.5,0.3,0.5,83,12.629733811523517,7.457916916019204
4,48,0.10944927341248226,0.7840321592193708,0.7972813545409675,0.3625092935615983,0.09157737747380351,0.09390783838571229,0.03136836575272324,0.06063739824980481,0.5,0.3,0.5,85,12.718265210531142,5.744744934743722
4,49,0.11625971438274332,0.7750283119608045,0.7750908732264857,0.3369024047199072,0.09551738529229539,0.08163415645685623,0.02664797045674768,0.09002637872437039,0.5,0.3,0.5,91,12.827969837308665,5.842877713372168
4,50,0.11693156716182343,0.794690974753787,0.8121913689547334,0.42411928546827793,0.09540355032159754,0.09148129300565509,0.03703954931780566,0.07582319543343,0.5,0.3,0.5,104,13.053502426910008,9.99673424645497
4,51,0.11354335657997,0.7852518620393981,0.7983035099330924,0.43058885968939176,0.10322708225371238,0.09353196820458573,0.03368705862708716,0.06973619646592837,0.5,0.3,0.5,105,12.652461177693867,8.450271366489954
4,52,0.11685107476522705,0.7828517683775021,0.7914786418295495,0.4118415475822536,0.09722116327365835,0.08438418503966975,0.052927383623551816,0.07443862500130645,0.5,0.3,0.5,109,13.226949241385489,8.190824528435392
4,53,0.11235421438851836,0.7809204489681579,0.7978038994260404,0.45513736774601965,0.1300087829487103,0.08807972305672422,0.04576142228522573,0.07041920521565856,0.5,0.3,0.5,111,12.675846992549296,9.900684506643229
4,54,0.11192801609383757,0.7795707280965812,0.7963934917284324,0.4580344684470518,0.10199607757685283,0.08807971713638699,0.04546491673093858,0.07025508922339004,0.5,0.3,0.5,112,12.645888787322324,9.834941902568138
4,55,0.10971862615744539,0.7770082327862299,0.7938078933526656,0.4591409613987455,0.09417600135921016,0.0897519783842867,0.04178372021006888,0.06656445694016913,0.5,0.3,0.5,113,13.06211604104455,11.065268555263255
4,56,0.11383135966695179,0.7752907336584253,0.787659501177705,0.433329120557762,0.09942955351280075,0.0971123273551469,0.04283155152820783,0.06727714289135435,0.5,0.3,0.5,121,13.894194820681143,11.228362483206084
4,57,0.1532411342281149,0.811900583894475,0.8240876152727261,0.5557892197365597,0.13546719036700233,0.09339870467674535,0.04206046343737513,0.1517338190875524,0.5,0.3,0.5,125,14.268327015179782,13.783389104893818
4,58,0.15340896544940408,0.8167314939810166,0.8332733582621485,0.5693534541658061,0.136561689454795,0.09306447900061648,0.0440551465344673,0.1513510197245082,0.5,0.3,0.5,127,14.250832004433423,13.771388491085034
4,59,0.12147681355436588,0.7935677732337089,0.8228413805826481,0.5533290669755981,0.1327552278492698,0.10195843132611768,0.05164076803934061,0.07696038357305332,0.5,0.3,0.5,130,13.807000752439718,9.78304832175475
4,60,0.11915340075277495,0.7889376040189044,0.818065925358379,0.5543616963050039,0.109523517184649,0.10116390927667901,0.048699303858965634,0.07590328045308078,0.5,0.3,0.5,131,13.984285385828285,11.28132826198352
4,61,0.11640994247031268,0.7732768721362936,0.7894068254671248,0.48488917335857085,0.0999713595553417,0.09770678183693125,0.04388739250026074,0.07590326974709641,0.5,0.3,0.5,134,13.984285382796338,11.281328448268294
5,0,0.8684053059990159,0.986956610024508,0.986285156604467,0.06127568530642045,0.0,0.0,0.0,0.0,0.5,0.3,0.5,1,8.560306132379864,61.94420214088719
5,1,0.6044173674442571,0.991526165176941,0.9888512056168348,0.09977285710974251,0.1949850717749656,0.08680620743325183,8.105888614433e-05,0.00012203878719128,0.5,0.3,0.5,3,5.818548140001179,40.903060149227215
5,2,0.5662661539014292,0.9897544915541889,0.9868466638205722,0.10414958019261018,0.09872862896568886,0.08942963375109832,0.0011612066099876,0.00235367747917095,0.5,0.3,0.5,4,7.718791546595426,4.708491050449721
5,3,0.17283158936665388,0.8653203590321666,0.8603522410607019,0.0747359131547605,0.9975802836556126,0.08154396371921659,0.00122476422639352,0.00138226115524299,0.5,0.3,0.5,5,4.259513519296295,3.53815213448445
5,4,0.16988801557484529,0.8591593894363372,0.8496198005954878,0.08137040252717422,0.052015804469488815,0.08755386245713175,0.00078306332509456,0.0009143165545019699,0.5,0.3,0.5,9,3.972633833205655,2.720272035520418
5,5,0.16745953353466836,0.8629787993839442,0.8576299336560875,0.10114509352939174,0.0605386431515437,0.0925478823138392,0.00063623751744411,0.0008402786009032199,0.5,0.3,0.5,11,3.815985416879592,2.5213020741278607
5,6,0.16728377285691057,0.8579017485504808,0.8481730424636796,0.08693684688093103,0.047896038933332157,0.0925478823138392,0.00063623751744411,0.0008402786009032101,0.5,0.3,0.5,12,3.818386792836196,2.4698293298820806
5,7,0.1627834071886251,0.8643896153603008,0.863234988582989,0.10875548843372314,0.07286929840956959,0.09228153252804543,0.00071995944736217,0.00093476664119199,0.5,0.3,0.5,13,3.992513347388452,1.7472984226889696
5,8,0.16376466571709586,0.8606646977106712,0.8550950810392586,0.11836533160642258,0.05518781383193176,0.0959314462058532,0.00085428524744562,0.00127436099843557,0.5,0.3,0.5,14,3.923579860963976,1.9504093369464044
5,9,0.2007788901520193,0.9045185706385471,0.9029051258629953,0.1684033219611494,0.15893688451731133,0.15971503563523504,0.015205058487549949,0.02289442568397185,0.5,0.3,0.5,15,8.076913455663151,8.351069736840083
5,10,0.14030231824550982,0.8307652376524735,0.8255049679370379,0.15236835400140206,0.3687063547735777,0.14995124341667762,0.017075405221127903,0.025710339618276366,0.5,0.3,0.5,17,10.158756140608103,4.292309109885462
5,11,0.1401935956615913,0.8355072643497812,0.8346096002839034,0.15984651511690232,0.09375003795657529,0.14995124341667765,0.01707540522112792,0.02571033961827638,0.5,0.3,0.5,19,10.2047762014808,4.253105725931668
5,12,0.1368202111482615,0.817041345676255,0.8107723413522577,0.1640568197203408,0.1743031135976306,0.1554045657860105,0.02007615548304304,0.03019888866299627,0.5,0.3,0.5,21,12.029923986684782,2.330038713714513
5,13,0.13678436062077148,0.8169572310896702,0.8106838902680842,0.12497554640440717,0.09915152240252977,0.15540457680744613,0.0200761636959544,0.03019890102940484,0.5,0.3,0.5,23,12.076621143731074,2.3042774545326425
5,14,0.14209390404004724,0.8154387185991594,0.8125549451185146,0.1938312095116618,0.1486549752722043,0.16532056936195547,0.027415569229932713,0.04116139466186671,0.5,0.3,0.5,27,15.953340123576895,1.8515039250031105
5,15,0.1419759558706226,0.8101473640373018,0.8028727034559943,0.1959481169422776,0.1128031824930279,0.16532056936195547,0.02741556922993269,0.04116139466186675,0.5,0.3,0.5,29,15.800727036922272,1.903990173908189
5,16,0.14519054118646124,0.8046989374121455,0.7927593635431064,0.201408354284554,0.13953657737347677,0.16950142095566012,0.030406623655921138,0.04551758140367653,0.5,0.3,0.5,31,17.515985393180458,0.7612301363967547
5,17,0.14337361653737749,0.7986298543143086,0.7863778580063824,0.20638015201869395,0.162195230708776,0.16950142095566015,0.030406623655921127,0.04551758140367662,0.5,0.3,0.5,32,17.862882227855614,0.630433143396053
5,18,0.15511582859167472,0.823963178150105,0.8247390925314414,0.2334058719686768,0.14274704427374676,0.17695482352223252,0.03852199246803215,0.05773708245107463,0.5,0.3,0.5,33,21.409762301055714,2.136691015364082
5,19,0.14239457087537727,0.8005281504252149,0.7924979461463639,0.2145714016669829,0.12562182083465723,0.16879453232486172,0.030339194479566577,0.04604821254981776,0.5,0.3,0.5,34,18.48985210701419,0.57821587805939
5,20,0.14776325336110735,0.8206709423911751,0.825755173963965,0.2351619308014609,0.12275131851288626,0.1728448169544279,0.03384444030836238,0.050693975434616304,0.5,0.3,0.5,35,19.67034581207288,1.0464520282089955
5,21,0.1483712928703911,0.7995290884005845,0.7869795045531476,0.22226215246613928,0.14457828348178445,0.17303369302685115,0.03475552244211861,0.05273612060590507,0.5,0.3,0.5,36,19.9804716433993,1.3882030424639034
5,22,0.1568587426990038,0.8150195582059203,0.815040368128243,0.24709491350930957,0.21763075941041854,0.18103338471430608,0.0421203617394809,0.06294880973513403,0.5,0.3,0.5,37,23.868981158543,0.6608291270189246
5,23,0.15684496110794463,0.8149643215897695,0.8149822807902605,0.2592861545909655,0.1348419682714041,0.18103338471430608,0.0421203617394809,0.06294880973513399,0.5,0.3,0.5,39,23.91906362750192,0.6523271837054081
5,24,0.14334447474541787,0.7876515292060906,0.7908065446476454,0.2551951938196018,0.21984961346924584,0.1728027994716133,0.04876962206657022,0.05069363534222389,0.5,0.3,0.5,41,19.69816149891896,1.0289742536737174
5,25,0.1493737930779187,0.7557970498780431,0.7566578575026702,0.2698945536066639,0.22582836172988774,0.18098937661930442,0.05707159451971672,0.06294813146912251,0.5,0.3,0.5,45,24.128925962206303,0.6154831678754478
5,26,0.1493737425937311,0.7557966158356202,0.7566574153585195,0.2766560489688429,0.1390906730106885,0.18098937661930434,0.057071594519716703,0.06294813146912255,0.5,0.3,0.5,46,24.129263086587844,0.6154430130902264
5,27,0.15297452358691344,0.7327692086860449,0.728014990467011,0.27239511132518857,0.33301034899355914,0.1850925039847973,0.06099037302584488,0.06857960347407374,0.5,0.3,0.5,47,27.125854590895184,0.0940496215393155
5,28,0.15134700665747328,0.7202667416695671,0.7190002419954251,0.2872760541650023,0.17166579527572068,0.18598462769020346,0.052771204460831375,0.07212011980758551,0.5,0.3,0.5,52,28.231597225291345,0.0877539304258972
5,29,0.15503618256387502,0.7079811394645494,0.7017319049415558,0.29620356621695376,0.19597365524449373,0.18894430507766768,0.05537176673464397,0.07660521470168483,0.5,0.3,0.5,54,29.60312879152573,0.2979510916885559
5,30,0.1579172071962356,0.7085398735556507,0.7062657031064428,0.30263750981620463,0.18240046488329334,0.1898183717155734,0.05839612936717198,0.08060619754726937,0.5,0.3,0.5,56,30.65329612024381,0.4242496720800465
5,31,0.15807311532232235,0.709791996343191,0.711680807186619,0.31268318284794294,0.1689666352685943,0.19005893606261864,0.05865896882884143,0.08098368607093347,0.5,0.3,0.5,58,31.171849356524408,0.3803756842596063
5,32,0.16321423147854613,0.6881007202435139,0.6844315878745794,0.3100155962556418,0.2489836528848307,0.19380819031451582,0.06320753052428384,0.08704619314456571,0.5,0.3,0.5,60,33.94396406068906,0.0458133305278329
5,33,0.16339414858310947,0.6868154755732745,0.687175175822482,0.32494865061648054,0.18582183525288182,0.1939292636109235,0.06419147669213054,0.08724750986399352,0.5,0.3,0.5,62,34.210926928269075,0.0605680823290215
5,34,0.17879086680931233,0.7089606581368393,0.730225662841869,0.4591052178219782,0.18251683793117532,0.19473216241127475,0.11305190967907204,0.08926487749718902,0.5,0.3,0.5,84,34.32235053154105,0.080696590169263
5,35,0.17450743742603836,0.6750954750405606,0.694794719506783,0.4658167577276027,0.2316610234346243,0.1984024560369966,0.0712721407066309,0.10376272831510816,0.5,0.3,0.5,88,37.39722197839759,0.2242603092669527
5,36,0.17147246221092705,0.6629015891060311,0.6780058685360482,0.45332401417847323,0.18630140883677232,0.19900090804472229,0.071422888411364,0.09719730464762641,0.5,0.3,0.5,90,37.42827099123773,0.2213770247786616
5,37,0.1712324929714441,0.6649734348153801,0.6884253441958539,0.4769602719519068,0.18150656369307888,0.19866127472029965,0.07181308489979209,0.09714783082813534,0.5,0.3,0.5,95,36.88876530682148,0.2305979492582103
5,38,0.17254044934888643,0.6671409876712587,0.6947514322050302,0.4964679023785182,0.17895266004924726,0.2012652299170622,0.07175473842296003,0.09735838118599312,0.5,0.3,0.5,99,37.11380561198671,0.4135093394551735
5,39,0.17294189306652646,0.6683739284879548,0.7001416197922563,0.5063018262102575,0.17676976003945905,0.20170166502822814,0.07270452118269824,0.09731222714494034,0.5,0.3,0.5,105,37.11545862942837,0.3383692505416324
5,40,0.17320260655513348,0.6663068521004828,0.6979525154647026,0.5288165995569949,0.18082990647541036,0.20241036178591298,0.07261036873195789,0.09726680123830148,0.5,0.3,0.5,107,37.114384273455705,0.341218400027852
5,41,0.17458649983935776,0.6650818964375818,0.7007050027017272,0.5494480293901358,0.193079037780244,0.2010355661905543,0.07730707814471108,0.09885346431918804,0.5,0.3,0.5,110,37.01708302373096,0.4313471683361077
5,42,0.17308403000893643,0.670602594908386,0.7148218191735922,0.5584469445064076,0.17546694189939507,0.20241789334540541,0.07237630215193044,0.09751840407886014,0.5,0.3,0.5,116,37.56031523714959,0.4038086513080867
5,43,0.17386860357388753,0.6703379531968903,0.7145023030524258,0.6020325296548188,0.174141656038324,0.20205760004167506,0.07494565490837872,0.09793972432936722,0.5,0.3,0.5,121,37.21291970822429,0.0487941732806177
5,44,0.1761933644148861,0.663246972285566,0.7028045600390457,0.6016250224174637,0.19254406083733938,0.20375140993647212,0.0786510809321234,0.0988103512424999,0.5,0.3,0.5,123,37.01631110566493,0.3292808119046565
5,45,0.1741667125320831,0.6740863292321536,0.7266602123999765,0.6319300937638299,0.18847470946297284,0.2011945606336911,0.07870256505741212,0.09734181095556774,0.5,0.3,0.5,124,36.938556626724754,0.4061444935814421
5,46,0.17494842658947873,0.6699157187604303,0.7222310083264668,0.6353497684512144,0.18024969564033977,0.20266935157041058,0.07913549812178095,0.09731240402580951,0.5,0.3,0.5,130,36.939670730190784,0.3402893715259354
5,47,0.17470067708621434,0.6786286790977902,0.7396415817113968,0.6753843285147574,0.17717956781130811,0.2020935054775529,0.07921106755859635,0.09737322229734148,0.5,0.3,0.5,132,36.93895742982316,0.3545407197509992
5,48,0.1750950912736673,0.6781596458487819,0.7391274882292395,0.6793476874834953,0.17731089458484534,0.2026038997471381,0.0797139617320975,0.09737355585952198,0.5,0.3,0.5,134,36.93923745666828,0.3437317438967305
5,49,0.17512744904335975,0.6778674765843865,0.7388183885092322,0.7073185026910022,0.17436704316480633,0.2025650285787855,0.07986921083774565,0.09739281524875856,0.5,0.3,0.5,140,36.93899898454381,0.3447956740141877
5,50,0.17338986958013158,0.6707427863024246,0.731412724853044,0.7251822000144462,0.17935611255096287,0.20148833302517824,0.07543844176601705,0.09779455102883931,0.5,0.3,0.5,146,36.90445017062349,0.6320830988375634
5,51,0.17336389144694342,0.6756532316858788,0.740695778990578,0.7384756340030537,0.17228837723477597,0.20147426210908642,0.07540292489055293,0.09777824485988697,0.5,0.3,0.5,148,36.9043590193717,0.6327209015307035
5,52,0.17397932900521207,0.6907095079731711,0.7688506717409098,0.813669903416998,0.17309345913719934,0.20155932853765,0.077268774108506,0.09781473856806648,0.5,0.3,0.5,162,36.90434353831149,0.6082512761808068
5,53,0.17423521509248097,0.6958871311657341,0.7784001318911627,0.8312871826080616,0.17322464414294533,0.20158250946068412,0.07805586708254153,0.09783173048158081,0.5,0.3,0.5,164,36.9043651975832,0.5951747725516332
5,54,0.17386446043862672,0.6955065394649914,0.7780190394502944,0.8348258950374954,0.17279063072479312,0.20153658048438539,0.07691250758798134,0.09782240109034925,0.5,0.3,0.5,166,36.90436526253471,0.6179687173734286
5,55,0.1736258640539104,0.6952661742561175,0.7777785684063414,0.8424120242125913,0.17252959183526495,0.2014527319440125,0.07626517658294821,0.09781750338383434,0.5,0.3,0.5,167,36.904372608205136,0.6248058879408128
5,56,0.17396833486212102,0.7004358839635229,0.7873151851829993,0.852326371161338,0.173808828457507,0.20144803595665703,0.07746012914993114,0.09779322331869024,0.5,0.3,0.5,168,36.87969344288968,0.6071014331094065
6,0,0.7256539516678953,0.9709655813417014,0.9694709087224871,0.05774829550806858,0.0,0.0,0.0,0.0,0.5,0.3,0.5,1,21.020557200002965,60.63882564908314
6,1,0.5150518355043856,0.9743567190485527,0.9709067239826111,0.09433716701755385,0.18922282100810003,0.08252029297210833,6.927026682063e-05,0.00018426054694576,0.5,0.3,0.5,3,14.657029712815977,35.784701514799124
6,2,0.39049181613323974,0.9748348526490042,0.969459974811249,0.12641367571919776,0.3703633181271478,0.14165948948809207,0.00254341129931945,0.01530205411446057,0.5,0.3,0.5,4,14.241497665277372,39.93551758936693
6,3,0.34146304413601747,0.9390600652651913,0.933399547354415,0.09647656792748097,0.09221379611708475,0.09761562022158113,0.00013493140963529,0.00033797641380163004,0.5,0.3,0.5,5,8.874937177213184,18.42485713242772
6,4,0.23740696159436694,0.8986476619155938,0.8910290276946814,0.08868785444780247,0.3428207922453572,0.08883197502218591,0.0012793836536658999,0.00368517417889724,0.5,0.3,0.5,6,9.454763268301122,3.215181653334787
6,5,0.21228454652821202,0.8961846246368033,0.8921436612387571,0.09660226254034279,0.1870783175150119,0.10703429631670883,0.00078634689328,0.0018629711284750099,0.5,0.3,0.5,7,4.23722781991113,2.836183260840777
6,6,0.1780108956716506,0.8662946032418758,0.8568705059052496,0.08718430945407282,0.19006011904029116,0.09238791446640304,0.00177908098675175,0.005265762278537979,0.5,0.3,0.5,8,5.118121363823435,4.261375516582227
6,7,0.17706814061954898,0.871163847707433,0.8660088861465512,0.09586868295288,0.05916557405197811,0.09589608708054351,0.00190732096387278,0.00556597818102963,0.5,0.3,0.5,10,3.432673272628167,8.425174603070328
6,8,0.1722325746874372,0.862152674145643,0.8525226007743053,0.09361433234106833,0.06456088073695157,0.09212576158542274,0.00181127490092492,0.00522772803818739,0.5,0.3,0.5,11,3.34555539589964,3.778081598896031
6,9,0.17129968340537885,0.8664121423064896,0.8611210150165877,0.10310528902401268,0.0517699920918612,0.09194541363946468,0.00185325854040345,0.00533676863642505,0.5,0.3,0.5,13,5.339644065842312,3.389980425099426
6,10,0.1716305145691864,0.8672377634918922,0.8618797333423402,0.11651073934484743,0.061583887174711714,0.09379427115075574,0.0024861283873288302,0.0073580247015458,0.5,0.3,0.5,14,4.763858556650798,4.4965254382358815
6,11,0.1674619768870287,0.8591087106336354,0.8492218710055243,0.10892947743000618,0.0746663229027723,0.09336254007614844,0.0025603059409805397,0.00742903105943282,0.5,0.3,0.5,15,5.07116980487823,3.890849919301029
6,12,0.16555713076029552,0.8625716143110164,0.8569815008466027,0.11534182547146767,0.056887841241948255,0.09336254007614844,0.0025603059409805397,0.00742903105943281,0.5,0.3,0.5,17,4.980556724811538,3.74326673450814
6,13,0.1534040626360468,0.8580327736102095,0.8560822104496192,0.12920235498923,0.16687805954112414,0.09427644906110896,0.00496418778104022,0.01460345380380006,0.5,0.3,0.5,18,5.039300788141339,5.1322380726822505
6,14,0.1551653322357682,0.8601268581892005,0.8579031663670973,0.14013887193857355,0.08398152679816259,0.09918274404983304,0.01842051112283315,0.016422550206226467,0.5,0.3,0.5,20,3.1346258002791663,12.311771176308902
6,15,0.15296167990194184,0.8530194067705518,0.8463187906624582,0.13484795734164404,0.07889801125719273,0.09877678667336959,0.01849468867648488,0.01649355656411354,0.5,0.3,0.5,21,3.530037266809069,11.437046355217335
6,16,0.14537265080520362,0.8552850659914144,0.8571046236153155,0.1448325037692627,0.09440935400575401,0.09937507451896821,0.01459512821157683,0.011764744506079181,0.5,0.3,0.5,22,3.37046188891592,8.63679799286834
6,17,0.141944076699915,0.8517386828724999,0.8534665061654967,0.15925214168671759,0.06500190430860925,0.09775844680861037,0.0052551774772769,0.015456253424292249,0.5,0.3,0.5,24,4.69916982529266,2.9174727639239757
6,18,0.1409044999913496,0.850635338899947,0.852316259131791,0.16180842682848115,0.06503841382575544,0.09760463969050805,0.00519332597342309,0.01526225390504854,0.5,0.3,0.5,25,4.671584476595345,3.0914920116460096
6,19,0.1316517106510291,0.8394477667492819,0.8404064204808271,0.16506739063883447,0.09727110707851012,0.09822701955797096,0.01047840843671991,0.01715425869113988,0.5,0.3,0.5,28,4.217632969155033,20.98518616909043
6,20,0.13171665037650962,0.8345475654869284,0.8311298229722096,0.1457673953773242,0.06138546970262997,0.0979270037982521,0.01045043125070052,0.01769115032411325,0.5,0.3,0.5,29,4.239990010885268,20.93546297873045
6,21,0.13055957029995446,0.8430000831657553,0.8482600969835625,0.17307057099319928,0.07116672792562403,0.09822701955797092,0.01047840843671993,0.0171542586911399,0.5,0.3,0.5,30,4.153505305000495,21.484589665173228
6,22,0.13033289196363806,0.8427564040843549,0.8480123664907836,0.17880310287361215,0.0612842058336141,0.09871256127870252,0.010519507457725551,0.01631442663716006,0.5,0.3,0.5,31,4.097302687077789,21.54563991052636
6,23,0.1405807880521656,0.8470909551044253,0.8477595842533624,0.18574923394172352,0.10664821170640898,0.09445350434883468,0.005314401864651401,0.05058082424859236,0.5,0.3,0.5,32,4.856779338907824,4.840870035354207
6,24,0.13132001094974877,0.8409555218910073,0.8456645250926441,0.18824260894356007,0.09459110772031301,0.09973156543568416,0.011827110991033,0.03215932233605816,0.5,0.3,0.5,34,4.870302227774773,5.304555943384814
6,25,0.1313715132639949,0.8360032420919838,0.8363293677025467,0.17119263768754858,0.0711554520511291,0.09979604699689963,0.01174964712006689,0.03250801487763254,0.5,0.3,0.5,35,4.858408779453494,5.255572860819195
6,26,0.11515848312806899,0.827651252586204,0.8364073552624188,0.20753277257201325,0.06713974643429946,0.08880576477329263,0.0163948802570861,0.01650956713922037,0.5,0.3,0.5,40,3.931341674483954,22.84967794236544
6,27,0.1155461359558388,0.829747441798251,0.8424355206178947,0.2172656196489149,0.09696801842087349,0.1013621653547858,0.014951899159345649,0.01625659621839231,0.5,0.3,0.5,42,4.188035043658088,24.03192897093988
6,28,0.12134793115199269,0.8304497797927439,0.8387516244827864,0.22667711564191462,0.07055226459469428,0.09422231602479056,0.011426800164990859,0.03731893229493567,0.5,0.3,0.5,43,3.440964042790037,12.771921224438294
6,29,0.1266479676365069,0.8405616429322869,0.8532199386268546,0.23492773211107468,0.0772175710962298,0.09640003992390131,0.011810230024839361,0.04589105640968882,0.5,0.3,0.5,44,3.582930396755187,13.047229157600444
6,30,0.12359190608461328,0.8363147670386245,0.84882818771922,0.23951951185527257,0.08425581161160335,0.09649805639957443,0.01885307019280593,0.03870149132810868,0.5,0.3,0.5,46,4.827903204315441,22.81621770361676
6,31,0.12286902261208277,0.8350149798250915,0.8474614941415798,0.24544610316663656,0.08328241656860572,0.09649805639957443,0.01885307019280594,0.0387014913281087,0.5,0.3,0.5,47,4.681619582255924,23.457299954678067
6,32,0.11769009543370709,0.8238651531991822,0.8318209805707689,0.23780844254173833,0.08714912133773617,0.09178197891672579,0.01266514392624482,0.039289907677669225,0.5,0.3,0.5,48,3.472877470280608,11.841211870897018
6,33,0.11739918992798691,0.8219061259046849,0.8296782410197228,0.24481841372262853,0.08484369446944917,0.09765895053893865,0.01315006228147723,0.03634151276758061,0.5,0.3,0.5,50,4.423988219989763,11.82840542196372
6,34,0.11391416382347365,0.8210972216637611,0.8330050168755463,0.2557578330649513,0.08773223421790964,0.09186140162024731,0.01433261567480272,0.03914344680862853,0.5,0.3,0.5,52,3.830157307390476,11.822408302402376
6,35,0.11377919104085585,0.8209328239287896,0.8328376231557224,0.25563812570600297,0.07014625812993092,0.09184298332033611,0.013945422456342648,0.039181633453338735,0.5,0.3,0.5,53,3.838272352163852,11.832409242206342
6,36,0.11494515931523487,0.8194741669368989,0.8311181171694656,0.264567019101074,0.11281858445131362,0.09952738967905363,0.015130964214428569,0.03800306345684124,0.5,0.3,0.5,54,4.7375708262710265,11.564929864003496
6,37,0.11999123097896566,0.8115911059859521,0.814203227274449,0.2699130564489685,0.12397560462732667,0.09853397299253591,0.02358230430525008,0.04903997414075576,0.5,0.3,0.5,55,4.6934271306537685,20.6662373287603
6,38,0.11587173621225841,0.8097305177543768,0.816473809923545,0.2768879733370499,0.09705381417207071,0.09623056849768737,0.02607339103682747,0.04563455342687005,0.5,0.3,0.5,57,4.461555280269885,20.20152810033929
6,39,0.11518453036033624,0.808667084355102,0.8153772499138392,0.279482192736727,0.08334766872451307,0.0958207015339088,0.02658534922048294,0.04489771076504604,0.5,0.3,0.5,58,4.414386339174714,20.0559470309903
6,40,0.11365831119634477,0.8116999139508904,0.8227492280666807,0.28507692856826683,0.08223256238517589,0.09476811480450183,0.028058456763774033,0.04255964108173155,0.5,0.3,0.5,59,4.266156688022987,19.48164652600745
6,41,0.10892788260992989,0.8016008308260667,0.8121954676142712,0.307592973203342,0.08730711075073481,0.1037539857537003,0.0201421617418609,0.03578958650442019,0.5,0.3,0.5,65,4.346233427273225,20.416913928667658
6,42,0.10891559811287874,0.8065014324532837,0.8214664513863739,0.318217666849169,0.07602725817293736,0.10375380712460981,0.020142879914045668,0.03580408862120974,0.5,0.3,0.5,67,4.344457162299612,20.41201086238212
6,43,0.12148165040140038,0.8112379135891105,0.8215975013170603,0.32278222044636545,0.12501480350625058,0.09787399828911666,0.02053792081870114,0.06983781951066835,0.5,0.3,0.5,68,4.271930613324571,14.057327544439804
6,44,0.15267896552843802,0.8394653950771022,0.8495913857766377,0.3654091963571432,0.14049820581274738,0.12293529902254784,0.023407855016545732,0.10858504635224671,0.5,0.3,0.5,70,4.256692108021356,27.282156096346966
6,45,0.09474664451704336,0.8179942454462767,0.8628676879127822,0.42058219775798666,0.06846022910657064,0.09109363565673662,0.0249739297497108,0.02663151446740903,0.5,0.3,0.5,87,5.257873406048027,16.431838986271305
6,46,0.09465965599604817,0.8226676179551469,0.8719001727376796,0.43166497020905814,0.06741817357219272,0.09109363565673662,0.024973929749710768,0.02663151446740904,0.5,0.3,0.5,89,5.226258586640013,16.44092384708725
6,47,0.08994840882056222,0.8169666570249284,0.8661247905655562,0.43049862549435053,0.07335354728519682,0.09029817984579189,0.02083782083019154,0.02139800244762089,0.5,0.3,0.5,90,4.814584594245729,8.874076220039594
6,48,0.10814082391912876,0.8390730199383959,0.8925271431684189,0.45645378996284836,0.09245028975970387,0.09296025032258189,0.02471676371659682,0.05372496185308978,0.5,0.3,0.5,91,4.486641706991248,10.150488999291998
6,49,0.09268152398253442,0.823233039910628,0.8766589362952368,0.44103436179359184,0.06970584405786327,0.0985206804699809,0.02148122302934738,0.01952130590913825,0.5,0.3,0.5,92,4.799932456306771,9.28541112951328
6,50,0.09257005682781527,0.8129111425618747,0.8575673148475111,0.43644579897418817,0.06667438146117861,0.09534033765826383,0.0245013116274811,0.020944227207809092,0.5,0.3,0.5,95,5.62900810700467,14.559248540852002
6,51,0.0940953286698508,0.824026785283803,0.8774068412990099,0.49093233894850485,0.06828178449302323,0.09925599845257219,0.027111774479242328,0.01877732599088666,0.5,0.3,0.5,98,5.611477654843387,15.718953592669806
6,52,0.09409110428427836,0.8438009182757656,0.9146728924211533,0.5449918910390897,0.0671621951823641,0.0992559983779606,0.027111806599922787,0.018777325640355138,0.5,0.3,0.5,107,5.638891517449449,15.69063313968926
6,53,0.09209252491643395,0.8366657156486456,0.9031505425948367,0.5030433753179077,0.06576330174996553,0.08964248099812856,0.024544940534696517,0.026098258616770557,0.5,0.3,0.5,111,5.341410409922435,16.910219020490906
6,54,0.10382437946446763,0.842921747951563,0.9049944318486794,0.5258697645055979,0.08015009945941678,0.09312072663524196,0.02450112625514452,0.0465662842796878,0.5,0.3,0.5,113,4.585410980718535,13.785547357448587
6,55,0.10278499057756094,0.8396784193811682,0.9015904498177457,0.5324079956231417,0.1013505565460498,0.0919970356794553,0.02421675619483785,0.04761509274222296,0.5,0.3,0.5,114,4.606946032731238,13.788229947785329
6,56,0.095571236167816,0.8413846597965566,0.9119727701767801,0.5644489552750708,0.07157615496454889,0.096520779571036,0.026180447291660143,0.028267672322511473,0.5,0.3,0.5,122,4.58263942772183,12.400586791555916
6,57,0.09557353288043718,0.8555704884658457,0.9392306648036424,0.5805009210050938,0.07362642446317597,0.09557261450288795,0.02552212059611651,0.03014233037883421,0.5,0.3,0.5,124,3.1753696433383976,13.54387784265568
6,58,0.09543516370861974,0.8535917617991788,0.9371209870102551,0.6069979154764644,0.08163580699761629,0.09737435544462938,0.02668319672755682,0.028773127934478747,0.5,0.3,0.5,126,4.71533497488292,15.373627105682766
6,59,0.0958693777360072,0.8465359894836831,0.92551317091771,0.6238879686549583,0.08578897066850251,0.10001108063217048,0.03136248300071496,0.02606217083751055,0.5,0.3,0.5,128,3.3724627082947354,13.52971375688987
6,60,0.0942312044486033,0.8496022967431641,0.9329357098921596,0.6384737095866698,0.07116874508257959,0.09599643975696964,0.025118578024064468,0.03071957291786394,0.5,0.3,0.5,133,3.023770167320945,13.81499368723838
6,61,0.09390474620105087,0.8541030864175037,0.9418012969885214,0.6472755978204014,0.07129201723365541,0.09590212333758943,0.0253436550146521,0.030110919353896898,0.5,0.3,0.5,135,2.971904239660041,13.88781150221106
6,62,0.09583532905649451,0.8593840645883304,0.9513445812532767,0.678797369047273,0.0909462959519364,0.10102196900054206,0.030842445087421438,0.02666627126628579,0.5,0.3,0.5,136,3.470961682854779,13.489928960502471
6,63,0.09294039677908997,0.8473618808699287,0.9346629944611421,0.6356373398661395,0.09266068530930771,0.09555998527000237,0.02594089720026007,0.032038659377151016,0.5,0.3,0.5,138,3.0835157493104512,14.057574622186348
6,64,0.09277047218876913,0.8514303295046087,0.9430567380435085,0.6485312013043748,0.07526302379285942,0.09575750748646461,0.02590692676856966,0.0319657634133982,0.5,0.3,0.5,140,3.1218738089213933,14.07654668900516
6,65,0.09229396795666978,0.8468122752290286,0.9381618098201081,0.6931663308329932,0.07764755551092066,0.0974662430292364,0.028234865729485442,0.03037972717935561,0.5,0.3,0.5,148,4.980545970266241,15.080196570622158
6,66,0.08861961997307127,0.8522174429286449,0.9522594106735696,0.707918953357989,0.07332587791089666,0.0945076819187679,0.02692924520293734,0.02723823776903031,0.5,0.3,0.5,150,4.661717850632434,16.69436860960615
6,67,0.08840493316760566,0.8514925826141104,0.9515008626486272,0.7167833059256445,0.0738770824387213,0.09428977825816286,0.02718821160493869,0.02715935805007687,0.5,0.3,0.5,151,4.652469251732106,16.699678724197945
6,68,0.09157657967733043,0.849555386991149,0.9451798428652733,0.7132600842518257,0.07442338685673103,0.09700287995380158,0.026328910164833703,0.031396028999194345,0.5,0.3,0.5,152,4.859535704891351,16.05016756356658
7,0,1.0,1.0,1.0,0.06423510988367964,0.0,0.0,0.0,0.0,0.5,0.3,0.5,1,8.916507864296872,46.636369583672185
7,1,0.6258837600431362,0.991043352685606,0.9885759214530864,0.096150324389619,0.2236825291542118,0.07770515177034859,8.687585432549e-05,0.00018886718619028,0.5,0.3,0.5,3,4.128068871179386,37.55325672422653
7,2,0.5034538130139088,0.9757948697759212,0.9721878729173381,0.10062549950160388,0.21840498079992549,0.08663338410340009,0.0011996072651268201,0.004369112167032349,0.5,0.3,0.5,4,3.506084816771412,7.733436003258566
7,3,0.39779961344369424,0.950851247184655,0.9460662218029171,0.09343890178315556,0.2217486505008904,0.08663889324998615,0.00034750341730199004,0.00075546874476112,0.5,0.3,0.5,5,2.860400226239696,21.953849998941443
7,4,0.3164932105696533,0.9308753524183183,0.9248128479219186,0.09590071109383104,0.24195685242812215,0.09012087181858094,0.00171301426371167,0.006134126124189,0.5,0.3,0.5,6,2.416162813179257,3.6420332621198783
7,5,0.1805201200527279,0.87411352843069,0.8690174868877646,0.09036196913124135,0.5681894357158705,0.10389935261202292,0.0008346697000800001,0.0018169402876213599,0.5,0.3,0.5,7,3.2996722079117142,1.9676748264759336
7,6,0.17821202041849035,0.8727348279895935,0.8675233752513736,0.09464741287212315,0.06270738758584375,0.10498974804365625,0.0010635079070285601,0.00231515959154836,0.5,0.3,0.5,9,3.7956952989449633,1.7945818034665877
7,7,0.16840769800254296,0.866269068683715,0.8605231981474769,0.10987007444495826,0.07816768011333183,0.10494259621973405,0.00168943372949489,0.00981854356007479,0.5,0.3,0.5,13,6.1981563887362245,1.1844099647747846
7,8,0.1656398816214802,0.868917859747242,0.8674268109047296,0.11586556012082201,0.06667836591325137,0.10494259621973401,0.00168943372949489,0.00981854356007476,0.5,0.3,0.5,15,5.816940733374434,1.134173852105965
7,9,0.16545572286102875,0.86877305016877,0.867272757560292,0.10580719175692271,0.05933251616640336,0.10558318797832911,0.00173162222254892,0.00922233118912493,0.5,0.3,0.5,16,6.078060327591542,1.1637561423635898
7,10,0.15369026336949615,0.8586917042938698,0.8562885112797953,0.13147665730022565,0.2019081298761423,0.09299606809224518,0.00791537770487182,0.03301468236035155,0.5,0.3,0.5,17,4.339049969170468,5.173921728648756
7,11,0.17327684952760994,0.8823690261473238,0.8837249141360055,0.18257120631743384,0.14247343213518793,0.08523335418927037,0.04369150621640347,0.0806299982607358,0.5,0.3,0.5,19,9.870921745965065,0.7843108696222163
7,12,0.1706043856747244,0.8708919196664882,0.8705845201449327,0.2041418678355475,0.24264275325939122,0.07711240024539669,0.04957379765016529,0.1268871096292182,0.5,0.3,0.5,21,8.668880942715099,5.369845285452504
7,13,0.17256266533583875,0.8714001538671524,0.8747224394877039,0.21897939170374464,0.18309100768028114,0.07748214898952246,0.05357558873327467,0.1441234316317709,0.5,0.3,0.5,23,9.042421832266822,4.384944420703183
7,14,0.1725626654452143,0.8763471806878791,0.8840426171079327,0.2332015993622306,0.12687589209515768,0.0774821489895225,0.05357558873327463,0.14412343163177083,0.5,0.3,0.5,25,9.042421765856751,4.384944367189931
7,15,0.1725625586723265,0.8763471610596821,0.8840426096964046,0.23320144778939805,0.1268834619785659,0.07748211516207726,0.05357536970533516,0.14412321793421126,0.5,0.3,0.5,27,9.042418042843176,4.384978806427373
7,16,0.1720114077073159,0.8701796739358941,0.8734316609074138,0.24148654271968606,0.13233857588162845,0.07659613544681489,0.05839285728426848,0.14240923233394304,0.5,0.3,0.5,29,8.178667996685059,5.675255373736936
7,17,0.1677019319155298,0.8673733348487751,0.8746531571281166,0.23586378777773814,0.17819725223188465,0.07558363327861775,0.053642200812953275,0.1441815723716669,0.5,0.3,0.5,30,8.04765891834521,5.122355934478221
7,18,0.1560335421368161,0.848369474964516,0.8510496018307231,0.23760896621823457,0.15056481200539096,0.07357841015960635,0.05263081695796382,0.1274810567546867,0.5,0.3,0.5,31,8.105914498280136,5.867535724129644
7,19,0.15652666510916463,0.8487924167620602,0.8514660262439346,0.24431730696004583,0.1178545304428617,0.07382232667389187,0.05271854141338891,0.12828368122303996,0.5,0.3,0.5,32,8.118088143756664,5.924441877894507
7,20,0.15424519636203288,0.84634565911592,0.8490039214651168,0.24210453827220374,0.11704357625038353,0.07376862880806498,0.052074909930851246,0.12442615277527039,0.5,0.3,0.5,33,8.116302840652494,4.574766601367544
7,21,0.15276891707554568,0.8488333196161951,0.8557744600816508,0.25645751606193024,0.11742523532513739,0.0973481951809632,0.04277584689055959,0.10501461856142572,0.5,0.3,0.5,37,7.952575099149418,4.428976475668023
7,22,0.16012538091669265,0.8531310390608409,0.8597989608789858,0.27410580745386076,0.1374316228059418,0.07895582569324497,0.06046884499675107,0.1320018337659151,0.5,0.3,0.5,40,7.623554560021767,4.367822508886692
7,23,0.1250398916667248,0.824738598573161,0.839879128968556,0.2715190358430276,0.09478779636626292,0.08835281177177934,0.02793408372354646,0.07618630263726486,0.5,0.3,0.5,50,7.079815916135633,8.306797243115202
7,24,0.12405755453668603,0.8233108190927937,0.838414505895536,0.2838507687142696,0.09540289422335732,0.08845564640150519,0.028379953565924487,0.07439151936632518,0.5,0.3,0.5,51,7.257356049833165,8.474003417411387
7,25,0.17552390311684818,0.8804887005556837,0.9039972958846695,0.34929816691683085,0.19550590562994674,0.08096443585262575,0.061902832755740135,0.16960091899864502,0.5,0.3,0.5,52,9.906818358000846,7.840754328741029
7,26,0.12954151087096036,0.8270391029166678,0.8459754206240818,0.2940915398532555,0.12934874961034623,0.08203281653281802,0.03583121628661142,0.09490613482183709,0.5,0.3,0.5,53,7.676203200216607,6.185388565079297
7,27,0.15694884105636633,0.8574296494560137,0.8805866358508043,0.3349506379459025,0.15085287433234246,0.08890195109154271,0.05913025170346555,0.1308693352639771,0.5,0.3,0.5,54,12.122399202056291,5.523504719806611
7,28,0.15114734533923424,0.8426151270496139,0.8651036134920392,0.33361174209349487,0.22670398769474787,0.0835440008043558,0.059238085899753254,0.13250505360121395,0.5,0.3,0.5,55,10.484238677642733,4.1086919012672425
7,29,0.15651733491464964,0.8322489046286807,0.853652106766077,0.34643062568992244,0.21858858966733458,0.07802933484984857,0.061578961121397546,0.15804698927102068,0.5,0.3,0.5,57,9.553779246101485,7.474208586971576
7,30,0.1565770362330684,0.8518755531141812,0.8907567402999662,0.3972279418702085,0.1369098058286161,0.07796523735822677,0.06153235662866471,0.158385142608321,0.5,0.3,0.5,65,9.65900842176463,7.383733769348363
7,31,0.1565770213205347,0.8419814847894249,0.872116357371966,0.3978640591992796,0.13663491475375977,0.07796523865334735,0.06153234606514629,0.15838511828470597,0.5,0.3,0.5,66,9.659007795471869,7.383733559338863
7,32,0.15882737477848843,0.8432342005307606,0.873302930984205,0.41053489394724596,0.14920913398630634,0.08857557437659305,0.05175375064624458,0.15871697792395717,0.5,0.3,0.5,67,7.985093510307109,6.001995225380521
7,33,0.15394742793141392,0.8319795310942657,0.8616323828833781,0.40175991261355437,0.19884896670302674,0.08798920182347277,0.051930698013230525,0.15284505350039782,0.5,0.3,0.5,68,7.935212976119154,5.353467089912182
7,34,0.12744313524810486,0.8119829556753204,0.8501650384520958,0.4739941993359541,0.11166788015128541,0.07654897477088701,0.05105772557176992,0.11346170308547103,0.5,0.3,0.5,93,7.72031812979808,3.522127891815758
7,35,0.12690388099729202,0.8088289052567582,0.8468450741261478,0.4838896071203778,0.1336285943324702,0.0771662222302365,0.05041085436178503,0.11337087557808698,0.5,0.3,0.5,94,7.764385561939711,3.4012408815019257
7,36,0.12812178704302216,0.8008144558622776,0.8382549875315046,0.49513802098891235,0.20277647936690948,0.08131621946567237,0.04876721371195637,0.11654172799198163,0.5,0.3,0.5,95,8.154055783501368,3.515919944815434
7,37,0.1286342330359996,0.810568475104534,0.8567152266535648,0.505179109987831,0.11613231073791645,0.07148450200036537,0.05647829292789293,0.12302471497018881,0.5,0.3,0.5,98,9.012263538795304,6.016194906043798
7,38,0.12057063619957709,0.8102379076529483,0.8649985553528744,0.5437421482148512,0.1163832321184338,0.07164471577528075,0.05040084872518519,0.1112067511819721,0.5,0.3,0.5,100,8.7551756684233,5.776780433085665
7,39,0.12189416581522698,0.8142459556420168,0.873241904453078,0.5669204917026005,0.11200628567708512,0.07371967319302627,0.05178721914261628,0.11177764443369909,0.5,0.3,0.5,106,8.643952641351788,5.4685767109258965
7,40,0.12137365862502758,0.8127741309562775,0.8717123306878568,0.5675205031802918,0.1122244432664615,0.07334442682112884,0.05136107350374166,0.11170839974373377,0.5,0.3,0.5,108,8.739743701527933,5.687374103593038
7,41,0.12156046447734122,0.812286049400904,0.8711833767485125,0.567651425874513,0.1140164480519079,0.07398054129960144,0.05079624061706535,0.11202354166824843,0.5,0.3,0.5,109,8.735753531529863,5.636910068225721
7,42,0.11956958089239086,0.8136552769989461,0.8768298592766663,0.5828972664181381,0.12129619980249928,0.07152231116283886,0.051101164994755546,0.11086885017605723,0.5,0.3,0.5,110,8.519856547641128,5.387493176464989
7,43,0.11887411032749813,0.8207533200519191,0.8925478384682956,0.6226790382646183,0.10843153327587364,0.06889130556455626,0.05206738018049388,0.11223878597160716,0.5,0.3,0.5,118,8.536343083096689,5.467432440506927
7,44,0.11938427487433742,0.815749422370954,0.8872147268643725,0.6264875018606314,0.15713756221417305,0.06924885346374085,0.055898557939601544,0.1123647207412564,0.5,0.3,0.5,119,8.50041823266365,5.9578104148334265
7,45,0.11792112584050105,0.8079170541189016,0.8790066798380038,0.62051328597509,0.16374018384739172,0.0697794627319128,0.05282634811386895,0.11260749055878719,0.5,0.3,0.5,120,8.202303208972646,6.655691475440466
7,46,0.11773479919824914,0.8169766789760173,0.8967746406327008,0.651799735521957,0.10886831112023385,0.06966252205982731,0.05274174987780396,0.11258217119832985,0.5,0.3,0.5,123,8.213448454128685,6.571878271685536
7,47,0.12062927994956871,0.8290993616334548,0.9176046455307992,0.7029876814872583,0.11090692334902755,0.07450187472262416,0.05256818678197187,0.11382021137930524,0.5,0.3,0.5,130,8.00764141345311,6.6838430456405264
7,48,0.11659846548847747,0.8319068354298438,0.9289801245417383,0.7156820224777073,0.11017134537719378,0.0681820195738393,0.05361628737794503,0.11226481627703282,0.5,0.3,0.5,137,8.260740925478506,5.06311580087056
7,49,0.11571728867811415,0.8258634311795031,0.9185510461689605,0.71862637917141,0.10637486749910746,0.06852746284501428,0.054637071082407694,0.10960076609411588,0.5,0.3,0.5,138,8.342688119527654,5.002945101028787
7,50,0.1241934315535235,0.9014567617249134,1.0552442608988695,1.035325986046723,0.11464147422967731,0.07278294389939348,0.057036506462694724,0.12140799241455746,0.5,0.3,0.5,184,8.128810961932999,5.935022543575888
7,51,0.12312149252377744,0.8927523143781886,1.0420112583098526,1.028323885370643,0.1252133888754523,0.07163661354814845,0.05681346899059091,0.12120989072742645,0.5,0.3,0.5,186,8.168294465214226,6.063920949400146
7,52,0.12322560437971025,0.8922077941012977,1.0414293176222345,1.030834414364273,0.11503985080508605,0.07169640982093813,0.0554320487735255,0.12234415573290698,0.5,0.3,0.5,190,8.127356637796327,5.961516028211886
7,53,0.1232857906325878,0.8808734433096713,1.013089711933371,1.0794654391587155,0.1160954163046515,0.07250826824310426,0.05480900204120821,0.1198769713119989,0.5,0.3,0.5,197,8.178100263939033,6.0322842673987065
7,54,0.12270500281302349,0.8883519995245429,1.0292074838145493,1.1123006223381295,0.11701896459748048,0.0725371593699844,0.05358639121872094,0.11991225057504222,0.5,0.3,0.5,200,8.137907346026473,6.210807227217639
8,0,0.5674370033239579,0.9490649329729045,0.9464428449749758,0.05291245495883371,0.0,0.0,0.0,0.0,0.5,0.3,0.5,1,36.85598485370545,74.12086675018315
8,1,0.38888713394048385,0.9384363634833365,0.933711450469239,0.07771689818755546,0.18922671253365544,0.06029710073773849,6.958191302224999e-05,0.00010015532133674,0.5,0.3,0.5,3,25.566581488172105,48.07736696701467
8,2,0.24003479435184666,0.8979293637063128,0.8950315906290902,0.07599568305050945,0.22674593217054825,0.06783238575064537,0.00030038787559923,0.00043237449071976,0.5,0.3,0.5,5,14.47361225063526,23.85550515425613
8,3,0.1578728718215268,0.8533646966865208,0.8480267812369308,0.07190240863298024,0.22170133104534037,0.07184028711340389,0.0011157495522214201,0.0016059957261929099,0.5,0.3,0.5,7,5.344091708126863,5.590613908151628
8,4,0.154051604658483,0.84626646855564,0.8362761909019618,0.0752776499307458,0.061304590679416154,0.07919107588994934,0.00069361102702748,0.00105344921760755,0.5,0.3,0.5,9,5.139170125963426,3.890182350279061
8,5,0.15416309646701074,0.8466799340318725,0.8366319033119256,0.08051465684263953,0.05060388286032068,0.08293451012462796,0.00038735041537904,0.00056556971299061,0.5,0.3,0.5,10,6.536017653976748,8.324203515290366
8,6,0.14538085306310614,0.8442400511277346,0.8382405969459119,0.08773036207956489,0.09002438682115153,0.07874399221354599,0.0013557443135494098,0.00201050390251647,0.5,0.3,0.5,11,4.236156627383089,2.007804560444061
8,7,0.1570856691529861,0.8514239592981894,0.8409030177168568,0.10752713339518885,0.07807345064039602,0.10561026572535326,0.00301239207686109,0.0041754402331896905,0.5,0.3,0.5,12,8.49746600200481,7.034204270311475
8,8,0.1027645710339665,0.7951277523192151,0.7900822090425654,0.09175788530697512,0.547808303164812,0.07906597816393057,0.013239849712391841,0.01927933245858076,0.5,0.3,0.5,13,9.220705403370864,3.4829969998162675
8,9,0.1144276353713651,0.7894036244164019,0.7866488205621163,0.13924237432788972,0.12229252489770878,0.11860830461984283,0.0227832112778927,0.03357267750933271,0.5,0.3,0.5,21,16.079157236452705,0.4077104649936669
8,10,0.12352423768195864,0.7963841083471365,0.7934623884947302,0.13042047564605744,0.10576555952486037,0.13757781987027587,0.0231870123661922,0.03480655649215076,0.5,0.3,0.5,23,16.93329410136111,3.409286369376679
8,11,0.11476474782904247,0.7911545188969077,0.7924959001562774,0.1554393800739462,0.08927038580264116,0.12002365648474794,0.02422193744460435,0.03566207660999976,0.5,0.3,0.5,27,16.807631512921873,0.4303357698338678
8,12,0.13410933328096014,0.8096144931155561,0.8108877396216115,0.18067884485967695,0.11523275129137214,0.140181230488715,0.03366088367866243,0.0494085533677438,0.5,0.3,0.5,28,20.57949136764161,4.011176878280792
8,13,0.1146255565517309,0.7900777728907362,0.7913470549490823,0.1604858555121739,0.08600636423958863,0.12089673255555537,0.024111613089970722,0.03550327713597452,0.5,0.3,0.5,29,16.575748624084717,0.5370169308756346
8,14,0.11892389319345799,0.7916188762925658,0.7926790304207421,0.17274319610884262,0.10688725894969991,0.12429229255992551,0.02790467035188377,0.04103849564767447,0.5,0.3,0.5,31,18.373426036927054,0.949020209495103
8,15,0.12236249785038583,0.7933567419799951,0.7942904353932233,0.1826450587234872,0.11427643659789571,0.13601939586770745,0.02610885804713543,0.038777707123711154,0.5,0.3,0.5,32,18.121756889260464,2.004148315606108
8,16,0.1279010774690764,0.8001515461034446,0.8051885158136355,0.20074773288749556,0.12273399458488166,0.14617996628327867,0.027954030537910252,0.04169080724039785,0.5,0.3,0.5,34,19.692947663798307,1.6692943042082289
8,17,0.09713291716135429,0.773612312485955,0.7829705762232034,0.23315468449393062,0.07236895415558572,0.08862902620410151,0.02784352307741672,0.0383508842454453,0.5,0.3,0.5,49,5.580187450838534,34.033606829883745
8,18,0.09830808806454412,0.7815790910690852,0.7994627800348284,0.27016817068138294,0.07897245914749991,0.08586889902160155,0.026809121198740998,0.04645876276475385,0.5,0.3,0.5,56,9.974859752474512,34.37853486380139
8,19,0.09734678830109944,0.7723916157102649,0.7856727957344262,0.27461998776099783,0.1090926379734076,0.08908868733942735,0.02894556847054678,0.04238649606218002,0.5,0.3,0.5,57,4.72790580697454,55.027501997423016
8,20,0.10917818918796632,0.7665695729717736,0.7705765938545964,0.28218214375849243,0.1286615114889051,0.09214475362606513,0.026404201749136158,0.06950596443524429,0.5,0.3,0.5,59,7.570695344606321,249.80224079951307
8,21,0.09806168282888321,0.7581910401075387,0.7664240069385237,0.29671784437643434,0.08575637358858634,0.08173766372703145,0.02753643612840595,0.058301839241870324,0.5,0.3,0.5,62,5.009602393312781,33.75192619275093
8,22,0.1079555120070855,0.7574557999116219,0.7649996436666783,0.2914684150025006,0.14295655336157967,0.08624820180649151,0.0351119024230246,0.07454856088661165,0.5,0.3,0.5,64,4.816383877333001,25.15552239168223
8,23,0.10652687927666339,0.7560168840874022,0.7676208316081071,0.30365842201313076,0.11430222135678156,0.08622891794911318,0.03473064821556141,0.07418763746375659,0.5,0.3,0.5,66,5.198065856873153,27.440367845522
8,24,0.1029284438639633,0.7568662855410226,0.7728121188831057,0.31824097071413016,0.08949922541283867,0.08009284076194056,0.0322934110397152,0.07480516256410875,0.5,0.3,0.5,68,5.01594826525627,22.919864663088127
8,25,0.10191036695777547,0.7427333269425632,0.7497321308811087,0.328869265507821,0.11722212707960761,0.07906981218906182,0.03364224076335068,0.0743391650420628,0.5,0.3,0.5,69,5.406407716224507,25.83094470487587
8,26,0.10170424830028989,0.7513960682805295,0.7670778100234967,0.34408514972523246,0.08917620034257003,0.07906981218906182,0.033642240763350664,0.07433916504206275,0.5,0.3,0.5,73,5.431053450286647,26.30770034079409
8,27,0.1117062250164413,0.7559712130253021,0.7672501038695069,0.3514246261234114,0.1014212195311106,0.07862308833183605,0.03344604735765042,0.09510155734781309,0.5,0.3,0.5,74,5.512317053760289,61.95466246566777
8,28,0.09921797957464108,0.7520411776847583,0.7719840802864172,0.36594260428039427,0.09708231135299616,0.07975046293797197,0.03163602894858083,0.07060947425186168,0.5,0.3,0.5,75,5.367941618085377,27.33736287775656
8,29,0.21486772376657776,0.8601194206865421,0.8755282143500757,0.4917685239342442,0.20569096252278196,0.08615057057508935,0.04980313713179374,0.2856127206921131,0.5,0.3,0.5,80,5.997949642928833,18.97210707363988
8,30,0.21447199298987665,0.8730876381026316,0.9015257852957569,0.45701290813274703,0.2143546168827476,0.08611067490399912,0.04963195569281323,0.2855118119581668,0.5,0.3,0.5,81,6.006555837696137,20.006944530065105
8,31,0.2135414627099959,0.8616576069835138,0.881312594103388,0.5019897030884939,0.20542769421843268,0.08596020728273675,0.0489706496882102,0.2844176176952904,0.5,0.3,0.5,82,5.794393042134325,14.026752471685498
8,32,0.187419089239877,0.8329723561566706,0.8524719442185958,0.48230827351319316,0.19772181212859632,0.08540533933684508,0.04425532539472584,0.2364682180077769,0.5,0.3,0.5,83,5.790024744131643,17.22808814737363
8,33,0.14534599199597675,0.8149484177771901,0.8562722550612024,0.410274045468382,0.13866397871356245,0.0855320871299826,0.03710668265394884,0.1567274129053458,0.5,0.3,0.5,84,4.790231031844618,25.27097402603423
8,34,0.2135765283502562,0.8622897147713031,0.886054662121577,0.5234587629361962,0.20397472094251437,0.08839300661323062,0.04832628852467241,0.2839665230645227,0.5,0.3,0.5,87,5.700275481297845,11.842284938690044
8,35,0.11455744310229662,0.7627053605247684,0.7864363142807276,0.45577262369874655,0.10352305843373676,0.08748257027438687,0.0339094138855377,0.095679657442943,0.5,0.3,0.5,92,11.25573329155366,77.9428649062866
8,36,0.185204526707607,0.8486660576761428,0.889621781380328,0.6257634725036316,0.17536869852629217,0.07808279209665929,0.04358359809920845,0.24202712112894095,0.5,0.3,0.5,111,8.746495961721356,32.508782841296004
8,37,0.14704392776662956,0.8022060698277113,0.8426715554324974,0.5998520358913535,0.1696476225321876,0.08402731692416916,0.04417049209603095,0.16185666201757648,0.5,0.3,0.5,113,9.26815010540117,33.32858991938797
8,38,0.1562896101352833,0.8132391697034338,0.8538095911980588,0.6137797033784818,0.1638557479407445,0.07626209401281218,0.04963702615489904,0.18433069423984247,0.5,0.3,0.5,114,11.673862948200629,55.826209180355406
8,39,0.1583252922927349,0.8160705413431886,0.8607705641263124,0.6644669437323406,0.1492701910070123,0.07418299273013541,0.06492704890121972,0.18246748328559861,0.5,0.3,0.5,124,11.943530539892109,131.31144823157334
8,40,0.15801967446750143,0.8183442442677966,0.8672798077089607,0.6842670980411563,0.15605735987318142,0.07418299273013544,0.06492704890121972,0.18246748328559861,0.5,0.3,0.5,126,11.917883422395398,131.93522880602015
8,41,0.13125522064097583,0.7906996619829514,0.8314172115885223,0.6465793572889345,0.14412086059566132,0.0844071124159323,0.0487478442322712,0.12592490651170016,0.5,0.3,0.5,128,11.761081121871156,126.53203101395218
8,42,0.15308471856900707,0.8187545037797034,0.8639208301701212,0.6818946083359418,0.14345618965878887,0.0802980823404127,0.04536457501852534,0.17534136280786541,0.5,0.3,0.5,130,15.04905104963631,105.95419635373445
8,43,0.14171693814060904,0.8071765400947544,0.856412029625008,0.675908863543332,0.14265197556010994,0.08058828661163896,0.05172134024734863,0.1499978278827961,0.5,0.3,0.5,132,13.768852977066736,154.04353250370795
8,44,0.1291913251260095,0.8164486844542097,0.8751368652444322,0.7246215322433645,0.11705299772653023,0.08253699043687755,0.04491324863257893,0.12344713004012495,0.5,0.3,0.5,139,15.460131884799884,129.12090157762543
8,45,0.14668405913625893,0.8306547178048965,0.8891461622114321,0.7320799083045294,0.14302857247079132,0.08223219105875104,0.05132801101300745,0.1559582860711143,0.5,0.3,0.5,140,16.688305497240716,142.3696224550865
8,46,0.13753590537700533,0.8257399898915536,0.888562081735891,0.7363374717648752,0.130573846387756,0.0824022986121296,0.04804859139023391,0.13968455048408943,0.5,0.3,0.5,142,15.993488359580018,139.12900122701222
8,47,0.1563205759844377,0.8203722852416928,0.8817865587406163,0.7860222495811481,0.15045323225946042,0.08212668993453569,0.046047698435821585,0.18511965069961386,0.5,0.3,0.5,149,16.066556254556332,131.83203601514214
8,48,0.1303281402534868,0.8128434510794079,0.8753286152799843,0.7997770345381758,0.11913703115555588,0.08068722725119662,0.058645165420508814,0.1223386399028017,0.5,0.3,0.5,158,18.46478397731853,59.03322927237307
8,49,0.1389350053276126,0.846846958956708,0.9190061187773102,0.8827035559566279,0.12606802610154702,0.07305377321378505,0.05931174510990985,0.14174985136624244,0.5,0.3,0.5,169,14.506437253569905,27.30199210237972
8,50,0.14382562675042848,0.8466984567151494,0.9144788399462254,0.8924531605906454,0.1326743786323653,0.08125243814337776,0.05103123168409261,0.14833403664710768,0.5,0.3,0.5,174,13.669484210969436,33.36277053431298
8,51,0.14820202061686216,0.8556029458310621,0.9277310294214247,0.9227284938152481,0.13828000415656774,0.08054567183912158,0.05282583666016105,0.15686905306527027,0.5,0.3,0.5,176,13.317038659804425,29.86190854893663
8,52,0.12093573054564855,0.8208350844004523,0.8884351521961259,0.8775679022129752,0.11061039522094945,0.07991170150069848,0.055775087339894266,0.10210772611283916,0.5,0.3,0.5,177,14.667578034879682,59.6183759850289
8,53,0.15394624249623695,0.8610240821245031,0.9331325296203269,0.9406902016987944,0.14074776514836418,0.07689493447678505,0.06142805365747248,0.16696366616688757,0.5,0.3,0.5,180,14.684451238852896,27.88974027533424
9,0,0.679517981378531,0.9651157840244157,0.9633199293432841,0.056454792891982505,0.0,0.0,0.0,0.0,0.5,0.3,0.5,1,24.77598996950845,66.66992170235918
9,1,0.47842567068336395,0.9689334316555268,0.9650914954425157,0.09484540895415966,0.19828019056326973,0.08691215950943622,6.980079980692001e-05,0.00017321880760158998,0.5,0.3,0.5,3,17.407742336724482,40.70188949203178
9,2,0.36587513659383386,0.9681601303581445,0.9623920945902982,0.12568906766890026,0.3715021905120701,0.14092438912682378,0.00247895554365826,0.01800014749086759,0.5,0.3,0.5,4,16.369557592780737,39.98085503846906
9,3,0.24190073249196978,0.9075636416892431,0.9043410306145933,0.09054625783369659,0.3265775993332696,0.0989328518436108,0.00045438336046557003,0.0011276051866392699,0.5,0.3,0.5,5,9.212405360363892,12.116048400057236
9,4,0.2501780239802911,0.9199748530676846,0.9119346866347368,0.11638550633817224,0.14335786908504428,0.1326075919977118,0.00255029289813471,0.01817739940127271,0.5,0.3,0.5,6,10.262163018667394,47.00879775371343
9,5,0.1658797422904485,0.8632351397165533,0.857581444984307,0.08653217185243503,0.35351202071901877,0.10243782593714651,0.00119667718829502,0.0029696937028498597,0.5,0.3,0.5,7,5.276635422352604,2.8504646017212094
9,6,0.16197420335589513,0.8549563851228454,0.8448117319131624,0.08630396124127432,0.0609273521249178,0.10188319420179108,0.00069954455273875,0.0017362211788195501,0.5,0.3,0.5,9,4.892690748467773,2.2338794984710004
9,7,0.16197381641997458,0.8599031100010174,0.8541315844273983,0.1021960789745667,0.05202101386848667,0.10188319420179097,0.00069954455273875,0.00173622117881956,0.5,0.3,0.5,11,4.89315838854505,2.232074341582984
9,8,0.14991999205211765,0.8446287923750533,0.8339458300915015,0.09593600479594896,0.09285249377810299,0.09915943510030001,0.0012233997158394802,0.0044039288721684595,0.5,0.3,0.5,13,6.584730079188401,5.085833223147093
9,9,0.14338982034982062,0.8433574442632522,0.836835035759637,0.11309475581030651,0.060802202408354176,0.09719378634418262,0.00108618506759151,0.0022741157727990302,0.5,0.3,0.5,16,4.236985915743516,6.606922121931167
9,10,0.14089382938778358,0.8409042429759647,0.834015966977552,0.11332590208206594,0.10996773296301775,0.10402219264041694,0.00138615070437529,0.00457440557999547,0.5,0.3,0.5,17,4.496614624514434,6.030419316978683
9,11,0.13869092177309802,0.8385530750161201,0.8315075103255785,0.12341299376562048,0.061365567370094604,0.10198803268164496,0.00229517338996383,0.00747152943532967,0.5,0.3,0.5,21,4.230717610032851,7.213741629467561
9,12,0.13433382010355827,0.8337304536621265,0.8264217762356888,0.12737768166468633,0.09549950113196154,0.10103519280153028,0.00257845700049023,0.00883119518293767,0.5,0.3,0.5,22,4.759420445963913,9.065156345275216
9,13,0.1282570772798838,0.8373640250050559,0.8387256653554889,0.13011895928158274,0.05666623347384446,0.0972283186761256,0.00168345764098062,0.00360619668699977,0.5,0.3,0.5,24,4.732785073963191,5.593642469156197
9,14,0.12634481900271735,0.834070150175754,0.8350117426429221,0.14913472087339577,0.08758139041123553,0.09026891879068658,0.00290600488291101,0.01956378526565846,0.5,0.3,0.5,26,7.253113565681444,14.203853684998997
9,15,0.11648011205349897,0.8226650542170479,0.8232716204089748,0.1510161156492473,0.0761972176671879,0.0868416538147599,0.0030339522187521903,0.01312053152512899,0.5,0.3,0.5,28,8.753963223023158,6.885251724137478
9,16,0.2027795314914141,0.8982331461313777,0.8973506595018188,0.24632944294733078,0.267990083116486,0.06246112451617926,0.23074771079669945,0.10985918266957614,0.5,0.3,0.5,30,6.162112701238446,32.94098069061416
9,17,0.20366216828893585,0.9037137010247804,0.9071657019405339,0.2670804891083905,0.15962290482041963,0.06387709520515947,0.2104907412885652,0.1231670292128468,0.5,0.3,0.5,32,5.710485035253428,26.180098640023044
9,18,0.25048588433087304,0.9432055246212809,0.9420325528204234,0.3038350801297438,0.22499773525010908,0.06460005300251508,0.22345327650375246,0.21332703893077848,0.5,0.3,0.5,34,5.478448412789279,62.41113671974222
9,19,0.2458772895553899,0.943490218307273,0.9466848812247489,0.30802812047184314,0.2018622732396022,0.06325103827177321,0.2277971746026969,0.2029596919464526,0.5,0.3,0.5,36,5.617126300157925,60.37425427672207
9,20,0.6469352897210424,1.341467123889612,1.3443551724284561,0.7192905282359443,0.6285629303946537,0.1868016357448308,0.039922602178438696,1.0,0.5,0.3,0.5,38,4.8209513224576686,11.352119864271332
9,21,0.6468595100998569,1.3412810152305488,1.3441584165940688,0.7221467801035382,0.6070072087330121,0.18688867314520344,0.039846109910543034,1.0,0.5,0.3,0.5,39,4.822906630323058,11.340073081077342
9,22,0.8922017312584574,1.5854210814667062,1.5881839086265783,0.9680220856573138,0.8690921776820715,0.6847159628224972,0.03135347595362883,1.0,0.5,0.3,0.5,40,4.82356067124267,10.557139437733102
9,23,0.08614280869243077,0.7670192120258366,0.7726982616284304,0.18157050912865275,0.27705402705855375,0.053027642762671856,0.01951478781570419,0.04869638243184038,0.5,0.3,0.5,41,5.30893169121842,275.71826310365464
9,24,0.08027759486661676,0.7445689784516514,0.7490443663872477,0.18917010962822786,0.10315818946029726,0.05157318304972777,0.020673938968435827,0.051318463963599625,0.5,0.3,0.5,45,4.956482161317294,268.4899022349436
9,25,0.08014128710171373,0.7489764716694554,0.7577972340496802,0.19848246311998394,0.059741947459963175,0.05157318304972777,0.020673938968435827,0.05131846396359961,0.5,0.3,0.5,47,4.972818601809011,269.36996461878203
9,26,0.09525396312275311,0.7654083389572613,0.7783546079128879,0.23867938401059652,0.078626073776151,0.03993738921697083,0.025147638348447382,0.09286191121602513,0.5,0.3,0.5,55,6.346108501784418,434.7943758164517
9,27,0.094246399114427,0.7657137890213469,0.7827892654411224,0.25075452686363164,0.09248565850301295,0.0458558883892332,0.02491747218100896,0.08727554243243293,0.5,0.3,0.5,57,6.224068513767196,274.3517746898047
9,28,0.09102166196724061,0.7573356912295814,0.7700242661023711,0.24753278982971716,0.07295792854662357,0.04447877312547821,0.02391670409347865,0.08292466007254908,0.5,0.3,0.5,58,6.092360087872367,274.027621714111
9,29,0.09735807468748606,0.7658931200265289,0.7827745142370497,0.2570274149650073,0.1052622846996289,0.045018068113746465,0.02590229842382185,0.09542138942673428,0.5,0.3,0.5,59,6.401577346999535,430.574121911014
9,30,0.09214318724045156,0.7547580805239718,0.7672022891544886,0.25497605574420507,0.08280195142771199,0.04707805308839173,0.02491570766362191,0.08406496276935689,0.5,0.3,0.5,60,6.045828665043998,270.23315147137583
9,31,0.09216739945918109,0.7563601883383482,0.7729582627645007,0.26503343069643065,0.09051341619573769,0.04915783559158391,0.025201517968410657,0.0836435426874323,0.5,0.3,0.5,62,5.773961063503742,266.1808529767633
9,32,0.09308506632707167,0.7564911021111512,0.7730383474306773,0.2723584674061674,0.077636852063308,0.047776395109691935,0.025204271702237928,0.08725952309880271,0.5,0.3,0.5,65,6.1304630461882645,266.2949900698613
9,33,0.09221135788873121,0.7602108046797093,0.7811084128758464,0.2817156630514218,0.0777461707369201,0.04958416010616805,0.02436137992841938,0.0843889705754961,0.5,0.3,0.5,66,6.554858863044822,271.6697461276045
9,34,0.08626508775046589,0.756617409378815,0.781721739693968,0.2992597404792468,0.08157194022461736,0.04652382827201399,0.02432821989887565,0.07685452948458409,0.5,0.3,0.5,68,6.1200540336138936,269.20891993920554
9,35,0.08798193535857715,0.7569601718130898,0.7819769321198171,0.30425204611192036,0.07765299889192298,0.049900799159890215,0.02321381907593619,0.07823389944003248,0.5,0.3,0.5,70,5.709238730177599,280.5244586863283
9,36,0.08546741029428206,0.7488752285800261,0.7694792225736604,0.30503982649716355,0.07465682154399222,0.050451706723573846,0.023364021217707,0.07285573702677026,0.5,0.3,0.5,71,6.460207120487788,274.65493879871315
9,37,0.08610813655228843,0.7633013121746384,0.7969579153434865,0.3229946891928172,0.0715688258669743,0.05023646576317446,0.02456792425495109,0.07411678262961652,0.5,0.3,0.5,76,5.930200089401304,279.485433334391
9,38,0.08398192068480978,0.7545856963167731,0.7837655219767447,0.3383704415433882,0.07562600726282964,0.045292191408138296,0.02423384630709818,0.07574948413665303,0.5,0.3,0.5,78,6.855125409072874,273.4594862253422
9,39,0.08400096468693055,0.7536810117207916,0.7828027844107678,0.3417717519203469,0.07680740800274669,0.04529272210841888,0.02486426469683927,0.07581707055315198,0.5,0.3,0.5,79,6.375807190992344,274.12510127364885
9,40,0.10051314226446019,0.7584819023008197,0.7828102039238454,0.3992959660142096,0.09170475354467184,0.04400940525477516,0.030009541417888818,0.10983910973349124,0.5,0.3,0.5,90,5.507221400790931,411.8264137200207
9,41,0.08540076715502593,0.74550114265136,0.7740298750053278,0.3873084339080522,0.08006239762122183,0.046147964446648856,0.02676432348834673,0.08050204565833378,0.5,0.3,0.5,93,6.1042105955431865,278.38286389095293
9,42,0.08630629144805826,0.781014087234532,0.8401536381597886,0.502282603407528,0.0722719035381536,0.04378748123206038,0.02749020223458475,0.08424597763556176,0.5,0.3,0.5,117,6.023505765160172,271.80785568070894
9,43,0.09365038152699678,0.7778551326997227,0.8363605620768546,0.5676029928938631,0.08827245022794972,0.03992383086841549,0.029256091809803007,0.10536765937353958,0.5,0.3,0.5,131,6.061967924982794,422.0280132603078
9,44,0.09363352712635065,0.7825940648732687,0.8454612313409331,0.592467289085709,0.081867662063625,0.039936067094194026,0.02922399392640871,0.10540176312555034,0.5,0.3,0.5,135,6.066609178004544,422.0493598065548
9,45,0.09857805680130001,0.7856244479330446,0.8483776692702298,0.6070005747407976,0.09529651190599567,0.04534698146696204,0.030421000023612838,0.10976085151185408,0.5,0.3,0.5,137,6.133711633169847,433.3515231151831
9,46,0.09463540809260511,0.7749657678962585,0.8332408866337734,0.6002126964612768,0.09094178795637368,0.04191833745370143,0.03010488377948589,0.10603257398829982,0.5,0.3,0.5,139,6.155347818501586,421.3095999746592
9,47,0.09463242906829665,0.7798899886183798,0.8425371104444376,0.6244623373431041,0.08309563739138284,0.04191833745370143,0.03010488377948588,0.10603257398829993,0.5,0.3,0.5,141,6.156499953087764,421.5188941746187
10,0,0.4440037504736128,0.9272222953174825,0.9234757190947936,0.048091835291188496,0.0,0.0,0.0,0.0,0.5,0.3,0.5,1,46.726318590188576,72.64353685911216
10,1,0.3226467393633282,0.928717612008809,0.9228599981253289,0.08514343350522768,0.20213395517449106,0.0848363785253764,5.442359121395e-05,0.00013818142504119,0.5,0.3,0.5,3,32.09746422466979,44.805966130106256
10,2,0.29049076332289386,0.9236124315964701,0.9170251390196891,0.09354174288138029,0.16191966530662666,0.0973886013712764,0.00139115910214638,0.00492090482235465,0.5,0.3,0.5,4,20.8663561576232,40.27126474542149
10,3,0.14867703717991088,0.847786999734685,0.8417022767174861,0.07409879346749844,0.631357883911933,0.09009033523242359,0.00063110436873571,0.00150515189251443,0.5,0.3,0.5,5,9.411551334614328,9.675113458357927
10,4,0.1319728716348226,0.8319313758402969,0.824975077932564,0.07751720269315822,0.1129581130076879,0.0901646361724711,0.0013342296037424,0.0031593023073867403,0.5,0.3,0.5,7,7.675182003390982,5.525164841294113
10,5,0.13196886771500108,0.8368741943366638,0.8342908471155276,0.08534769046435742,0.047078500683669144,0.0901646361724711,0.0013342296037424,0.00315930230738671,0.5,0.3,0.5,9,7.69645150013191,5.5442872357019946
10,6,0.12954956361384745,0.8391995954194276,0.8408250078214138,0.09129907049635147,0.06006852458104672,0.09121561672850072,0.00137003746669513,0.00323193516456452,0.5,0.3,0.5,11,8.621504068784873,6.748524489344161
10,7,0.3754649378814138,1.0701273146323427,1.0653596117088995,0.36255855889066235,0.47550555699677,0.4712372683582931,0.0071703637389948,0.16995516699050714,0.5,0.3,0.5,13,14.92018569532403,3.6474808487984616
10,8,0.29940792875025424,0.9858784404742147,0.9802002294365382,0.29448318969006526,0.3250130546339135,0.3799761592129563,0.01098861735114839,0.1258010517953993,0.5,0.3,0.5,15,15.867242285136692,3.890998531238156
10,9,0.3386606259764656,1.0283010841406504,1.0268213540290878,0.36022815741279857,0.30145731850698254,0.4418638462555444,0.0123262346992908,0.14484879084353913,0.5,0.3,0.5,21,21.43645853799842,5.614472926423354
10,10,0.23253055734035286,0.9119002171228536,0.9055552024859147,0.2543013464557536,0.26958162961346793,0.2913526692384709,0.010994799264987951,0.09236984936557983,0.5,0.3,0.5,22,23.532199183942943,31.52344484228824
10,11,0.23758962154354252,0.9185810730462783,0.9163162763926209,0.26803670896182086,0.22524575739980654,0.30932901364859045,0.010554408244275811,0.08950663172645197,0.5,0.3,0.5,24,21.49039055586961,5.718976935412739
10,12,0.36948748357565264,1.0617573772426983,1.0683618276148756,0.4149974213112275,0.3422307836454057,0.4484790251856734,0.022181475497095197,0.2051694707265675,0.5,0.3,0.5,28,4.314459703018295,9.516864057103156
10,13,0.4669108656740236,1.1409614825289764,1.1381318097872868,0.515755263170288,0.48575541767515185,0.4973561629945653,0.029162255133593988,0.3570213442502289,0.5,0.3,0.5,29,42.77081720549028,23.649822466108315
10,14,0.46764798353400644,1.1452617256113602,1.1466979984148273,0.5249003323928472,0.44528355286903926,0.49811990874324696,0.02898575930143934,0.3592355280126024,0.5,0.3,0.5,31,42.992444068469126,23.22134027683135
10,15,0.7502396972624572,1.4498312365224093,1.4532338134931235,0.8025847475977652,0.8235972497038793,0.8122286413535296,0.0362458814844838,0.5735172961923596,0.5,0.3,0.5,32,46.3955630162945,4.495658291391154
10,16,0.7500404342401166,1.4543933998140002,1.462149338185977,0.8194156482629302,0.7046056336359829,0.8122286413535297,0.03624588148448386,0.5735172961923597,0.5,0.3,0.5,34,46.32534910631418,4.508210224802469
10,17,0.7718092862469357,1.4380656424858174,1.4386540629795328,0.8477297745742245,0.7532829182864138,0.7779296530259615,0.02912032090323622,0.6978920957826114,0.5,0.3,0.5,35,39.74707929017498,15.121716048228302
10,18,0.9840368416952879,1.7064997591226583,1.7204267703464866,1.0480820034071954,0.9737245828266397,0.8021616317657043,0.04966820105653297,1.0,0.5,0.3,0.5,37,45.53015932919569,11.83421200471915
10,19,0.9185899413249135,1.5987888798608776,1.6124324920404156,1.0145732746128164,0.9436306065046596,0.8041286189717548,0.04512402108169236,0.9563533452840982,0.5,0.3,0.5,39,6.6137222039027295,10.67098917216826
10,20,0.9557395492519996,1.6351681171681387,1.648756890980558,1.064401390474722,0.9392636840523083,0.8300396797618617,0.05400896080480705,1.0,0.5,0.3,0.5,43,7.614722496619112,9.170410534257062
10,21,0.9392351393416132,1.6154672114503075,1.6288309728127761,1.0544183911951355,0.9243907073045269,0.8278501147741208,0.0447636795967633,0.9770771782995826,0.5,0.3,0.5,44,7.242503847845169,9.239507963088702
10,22,0.972666124651216,1.6532236165926104,1.6709172410165607,1.0970876469703272,0.9644256254801541,0.8669172318807571,0.05361543466064399,1.0,0.5,0.3,0.5,47,7.602757708405148,9.842165187818193
10,23,0.9606925955374455,1.6451451369085532,1.6671388551707007,1.110475012994837,0.9460289960187773,0.843400637382553,0.05412234040725363,1.0,0.5,0.3,0.5,50,7.957008508336339,10.015007024484518
10,24,0.9718894160081846,1.6548077395332363,1.6766958918646893,1.1250508022173138,0.9571509309621402,0.8671198463398602,0.05363504324337447,1.0,0.5,0.3,0.5,52,7.728673160572756,10.020620892067951
10,25,0.43811332041975193,1.1472543421185153,1.1991888890508686,0.8060208909640324,0.41988657882782365,0.455569914882211,0.10260173238702941,0.31978401431338704,0.5,0.3,0.5,94,8.526796667618946,5.091393243759581
10,26,0.4381134018781401,1.147254423125372,1.1991889700577254,0.8480066713280984,0.4184575996743336,0.4555698621083182,0.10260176312472429,0.31978421065837664,0.5,0.3,0.5,96,8.526796987383014,5.091393608168816
10,27,0.43969699158330133,1.1477453883099553,1.1996079001467583,0.8227792529738931,0.42808456004359585,0.45491720396717095,0.1032656632771101,0.3238197685044416,0.5,0.3,0.5,97,8.523383082608737,5.116050764099904
10,28,0.42991035043377834,1.1392187091829464,1.1911641362438363,0.8272400813592027,0.41841996722043384,0.45337370277970324,0.1031113691011339,0.30518060991060586,0.5,0.3,0.5,100,8.462348372631428,5.231215323801453
10,29,0.42878593923429265,1.136395027022953,1.188228614119362,0.8297797970518553,0.4237216249620954,0.45512064233404426,0.1028321736276985,0.30229790860159794,0.5,0.3,0.5,101,8.49413482617553,5.191661007416988
10,30,0.42754902587806076,1.134763776062739,1.1865712677414924,0.8432590207282434,0.4150290564557696,0.45359764863617097,0.10283811848730809,0.30156992659028714,0.5,0.3,0.5,103,8.453147056812428,5.262122151015274
10,31,0.42668000160874586,1.1466263670135743,1.215470211102859,0.9052478354161789,0.41001896671241533,0.4551317586985048,0.10227107798994214,0.3022520555648703,0.5,0.3,0.5,109,8.486965835244542,5.183700526255868
11,0,0.912045700433726,0.9913226238838222,0.990875913310513,0.06223859912005884,0.0,0.0,0.0,0.0,0.5,0.3,0.5,1,5.100156098832262,60.4501209173922
11,1,0.6343540837837832,0.9912473496541734,0.9888553077722414,0.09521092584463127,0.18481200454957808,0.07524279931697606,8.223195748334e-05,0.00013519524378213002,0.5,0.3,0.5,3,2.885247160831261,39.13541924647727
11,2,0.21267946944508798,0.8929601074525993,0.8889844283302295,0.0873788874360807,0.5010449319592448,0.09722594384025227,0.00117909825247948,0.00245024547356692,0.5,0.3,0.5,5,2.017008302095852,4.112741512624897
11,3,0.20509287523461522,0.8935397239296952,0.8937123537568447,0.09128407774370058,0.06676537665321418,0.09722594384025227,0.00117909825247948,0.00245024547356692,0.5,0.3,0.5,7,2.703665625990078,3.124493664373309
11,4,0.20492229735908513,0.8934415171136892,0.8936090740849862,0.09456412717507041,0.050955712577995964,0.09722594384025227,0.00117909825247948,0.00245024547356692,0.5,0.3,0.5,8,2.6370232092766805,3.182103637804846
11,5,0.14566173131318355,0.8461857451585348,0.8399004515783568,0.08596911706562203,0.36929493141050096,0.08312770575788885,0.00588098065814055,0.009908332813759139,0.5,0.3,0.5,9,3.997036216891941,2.502278859923
11,6,0.13346858228123792,0.8383870596201565,0.835818810857359,0.0991244361540629,0.09464974669647373,0.08312770575788879,0.00588098065814054,0.00990833281375918,0.5,0.3,0.5,11,5.0581242433990505,1.6216704099425463
11,7,0.13323215585020037,0.835213556143258,0.8276672401920325,0.10269659936251543,0.12286932982261733,0.08832958160670057,0.01529532916153833,0.02610493263307026,0.5,0.3,0.5,13,7.629660527311316,4.789068117710198
11,8,0.11563787112495505,0.8110432810743454,0.8063711955277747,0.11368487686682749,0.15982423852983035,0.08832958160670062,0.01529532916153833,0.02610493263307031,0.5,0.3,0.5,15,9.69600407362764,3.579937144786178
11,9,0.11563208957716119,0.8110337132696346,0.8063611302462312,0.10921320290135852,0.06188007362153007,0.08832958160670058,0.01529532916153833,0.02610493263307031,0.5,0.3,0.5,16,9.685920083919893,3.583207033275289
11,10,0.12719077728543354,0.8110959326628508,0.8051674030853324,0.13548511142049421,0.14957826109648215,0.11562509331863262,0.024703020885041747,0.04208357672860353,0.5,0.3,0.5,19,16.294829272301286,1.5790627619902309
11,11,0.1271907772338449,0.8110959326628506,0.8051674030853322,0.14281361809712237,0.08626528084176435,0.1156250933186325,0.02470302088504171,0.04208357672860348,0.5,0.3,0.5,20,16.294829189230423,1.5790627783276507
11,12,0.14546624772670025,0.8809964488395348,0.8734875039530604,0.17070073967378957,0.1473553616503738,0.1186531377577706,0.04117727729270697,0.07036632867716655,0.5,0.3,0.5,21,21.139577071673887,2.1087248775362517
11,13,0.12159715067687114,0.7407434526824331,0.7301328746166764,0.14561112666752415,0.44066092630180614,0.1186531377577706,0.04117727729270698,0.07036632867716655,0.5,0.3,0.5,23,23.766350183328463,1.0543952275500643
11,14,0.1214969469846807,0.7450809235345973,0.7388121382822923,0.15325965679831965,0.10922737640642331,0.11865313775777057,0.04117727729270699,0.07036632867716655,0.5,0.3,0.5,25,23.98327929454803,1.0143212585763408
11,15,0.11853847323332811,0.7319763234548634,0.7250902045699696,0.1655397210320207,0.13689498773074604,0.1172104626101322,0.040857392535820033,0.06977540908940674,0.5,0.3,0.5,28,24.04718541597511,0.76058174778433
11,16,0.11906315841709926,0.7341053547680662,0.7313922438650492,0.17116788571561678,0.13701516247295784,0.11704039080329376,0.041857781518184166,0.07148512649584676,0.5,0.3,0.5,29,24.808738966549328,0.8546447451723072
11,17,0.16726336557717802,0.5270808753638129,0.5023967557552007,0.16658338386481675,1.166583383864817,0.14511425648664947,0.08117938324511567,0.13934488129591466,0.5,0.3,0.5,31,46.951749573808165,0.0354979869360378
11,18,0.16726336558859828,0.5270808942352225,0.5023967765619842,0.17540730377296213,0.16658442511035393,0.14511425648664947,0.08117938324511567,0.13934488129591466,0.5,0.3,0.5,32,46.951749453730486,0.0354979941140466
11,19,0.16726195396038462,0.5318437644045286,0.5115233288553224,0.1877579444276664,0.16800557494146492,0.14511425648664947,0.08117938324511571,0.13934488129591488,0.5,0.3,0.5,33,46.989781114285066,0.0332744783028669
11,20,0.16726190628648285,0.5367845825314687,0.5208369887506034,0.20262750693907133,0.1665952764860794,0.14511425648664947,0.08117938324511564,0.13934488129591474,0.5,0.3,0.5,37,46.97905580598084,0.0338914374352037
11,21,0.16655622304642412,0.49603457561560943,0.48212981964039964,0.19100761739311278,0.34561657339621166,0.14454139370156222,0.08106221318229213,0.13912843432952834,0.5,0.3,0.5,39,47.317360289642245,0.0059771335235644
11,22,0.16580020447209037,0.45590771612077646,0.44408641966443185,0.19631621743494548,0.3392376966514072,0.1437511335499262,0.0808982932032563,0.13882562675788881,0.5,0.3,0.5,41,47.495484505042576,0.0015176621032993
11,23,0.16639876872695863,0.4351086356158712,0.4139473969957794,0.20654405176433696,0.2072840513066205,0.14437654751028806,0.08112065235088921,0.13931904044547222,0.5,0.3,0.5,43,47.43615180539021,0.0039540111638871
11,24,0.16586068509237611,0.44229799650099055,0.4297712694749104,0.23066248734164402,0.16990023064529497,0.14387618135636446,0.08092882084980547,0.13886894106890096,0.5,0.3,0.5,47,47.36077060373056,0.000228835670266
11,25,0.1657808231237604,0.4312170999128097,0.4263587395381329,0.21939528448472453,0.3285516740030892,0.1437527336411303,0.08099485083773017,0.13888252916419896,0.5,0.3,0.5,48,47.36006335022099,0.0003200874267383
11,26,0.16578793766833883,0.4311921557285949,0.4263321398818022,0.24058439853776264,0.16567068099170865,0.14376507566861518,0.08099348676802434,0.13888535548867909,0.5,0.3,0.5,53,47.357480911019984,0.0002915115050095
11,27,0.16604123313210595,0.41952990805369433,0.41817347174790437,0.254847132432576,0.2977192915643542,0.14375305799330837,0.08181156790275396,0.1389715731117708,0.5,0.3,0.5,54,47.35908527183436,0.0003171173865143
11,28,0.16583827598409814,0.39898344406455544,0.3965782802079503,0.27589780200991587,0.1833658929421498,0.14388727860711012,0.08129455731350674,0.13879875924170149,0.5,0.3,0.5,63,47.34503272268684,0.0001416734363896
11,29,0.1646579398369371,0.37638087865286707,0.36875326098611605,0.2809267812473812,0.3212109821798842,0.1437617524877809,0.08129801358626179,0.13660643550992838,0.5,0.3,0.5,64,47.332087238407226,0.0015594988545611
11,30,0.16568255887698152,0.265237223295292,0.25595046855623366,0.26657238425572066,0.46023410660675534,0.14388819553446347,0.08106127691787436,0.13879889460392664,0.5,0.3,0.5,67,47.344835700303726,0.000140974763653
11,31,0.4414004184928918,0.5342531075457809,0.5287396628571438,0.5536916852043585,0.48673702202211133,0.1439280621902324,1.0,0.13883758632273185,0.5,0.3,0.5,69,47.35022035375983,0.0001164572610491
11,32,0.1656729691856964,0.22158615571351345,0.2182891874115477,0.3368091225034149,0.1860555458627859,0.1439006013634288,0.0809122261651595,0.13887911509284673,0.5,0.3,0.5,85,47.35117770621601,0.0002340921971012
11,33,0.1656499781244431,0.17543595090082653,0.16564561452700716,0.3162130688526945,0.49071090626079994,0.14386027920498692,0.0809142772348409,0.13888238350812282,0.5,0.3,0.5,86,47.34614003029031,0.0002272900247273
11,34,0.16564936398801733,0.17317749607524477,0.1673894050480556,0.33626234103078034,0.1916901963565381,0.14386027920498692,0.08091427723484092,0.13888238350812282,0.5,0.3,0.5,88,47.35668801575558,0.0002532141434363
11,35,0.16560696583104087,0.17669530979852102,0.17520897049934772,0.374042923726169,0.1663648862831833,0.1438892803888884,0.0807678300502799,0.1388566952069826,0.5,0.3,0.5,102,47.38096042248364,0.0001611574277967
11,36,0.1671398959353158,0.18718117946283427,0.1943927118066328,0.3979690374000971,0.1685405721335403,0.14392722697035953,0.08101956455751824,0.14173372534024684,0.5,0.3,0.5,107,47.407995030132525,0.0002241364897714
11,37,0.16636688583978826,0.17229716030383807,0.17466374622671982,0.395871252307871,0.2393697930124099,0.1439271578723506,0.08100524491637184,0.14019789983186176,0.5,0.3,0.5,108,47.39359633586653,0.0014951649163528
11,38,0.16606368942732055,0.17192126906512034,0.1742841204713768,0.39891128928648806,0.16962860715074093,0.14401236643678242,0.08090887978204422,0.1395641886964508,0.5,0.3,0.5,109,47.38573559127028,0.000112623246891
11,39,0.16636316589837624,0.16636081164328442,0.1684219836389455,0.4044790320078392,0.20718530324020046,0.14392713194508802,0.08100522960809521,0.14019135357662368,0.5,0.3,0.5,110,47.41602483569012,0.0014528107033333
11,40,0.16598894753430965,0.17818461070006397,0.19322921058039677,0.4469612688769592,0.1681520228351491,0.14393798479742664,0.08130759247125927,0.13925108141938214,0.5,0.3,0.5,121,47.39462126544251,0.0015594493898301
11,41,0.1657425840139606,0.17159181266119755,0.18219119271335787,0.45990311297016906,0.16841481147815357,0.14393036712521315,0.07993000017437404,0.13959271951807498,0.5,0.3,0.5,125,47.3949477019542,0.0006991961292038
11,42,0.1653951525275082,0.1705287844173725,0.18520979904349932,0.48460154247553194,0.20993594534760052,0.14389866606001678,0.08122078274914646,0.13815585711773146,0.5,0.3,0.5,126,47.3578935260837,0.0001709140221802
11,43,0.1656969453592695,0.18966014601486308,0.22178447537012913,0.5504188440620311,0.16610739634777372,0.14397373735492255,0.08112212754324268,0.13874367182835493,0.5,0.3,0.5,142,47.39778057785682,0.0009253688355405
11,44,0.16596821647458287,0.18252209235369538,0.2101464502331462,0.5599843794944499,0.18985883389387082,0.14394721426042403,0.08131881920824227,0.13919511125718542,0.5,0.3,0.5,143,47.36543060650949,0.0008448496922018
11,45,0.16557680461351929,0.18548286070102604,0.21739827995657604,0.5709767271242956,0.16720714766131917,0.14396854261314446,0.08078014104331308,0.1387142694930355,0.5,0.3,0.5,147,47.397693169409294,0.0001417986065502
11,46,0.16585653646167803,0.1785330551843639,0.2100763026779287,0.5768812918723921,0.19483200002526202,0.14395994867764572,0.08163146251610527,0.1387724129836966,0.5,0.3,0.5,149,47.397697826654245,0.0005903061441398
11,47,0.1652312105687876,0.19446422957883452,0.24333372077499316,0.667638872770893,0.16868837811166484,0.14394334287972674,0.0809852366594843,0.1379264973074474,0.5,0.3,0.5,157,47.366434133086464,0.0006145243190762
11,48,0.16532275786465378,0.19400768358255577,0.24284899184853154,0.6676271355356386,0.16860934258272656,0.14394236924145554,0.08127059012364023,0.1379394448061467,0.5,0.3,0.5,159,47.36632878689116,0.000817214639961
11,49,0.16528155324857,0.2030164813876772,0.2605606323041847,0.702641283570059,0.16740405004829834,0.14394382607942866,0.08102000659451455,0.13800598723785532,0.5,0.3,0.5,161,47.36663333187752,0.0006604184190559
11,50,0.16599986957257104,0.20616806076420677,0.27619292815450164,0.7847998892455701,0.17033004911467517,0.14393771440378314,0.08151165859153844,0.13915491510873984,0.5,0.3,0.5,182,47.38583473696403,0.0002595804494628
11,51,0.1666561660790915,0.20097290378989502,0.2665780762491362,0.7789822418415014,0.1701779925585556,0.1439381157779875,0.08368771493805506,0.1391615574663169,0.5,0.3,0.5,184,47.38594786919722,0.0003039406739539
11,52,0.16587912491035134,0.2048201655689545,0.2747818560321681,0.8157080565615935,0.16629974251586604,0.14394958057964027,0.08114046255770826,0.13912439170643745,0.5,0.3,0.5,190,47.38588448528018,0.000258699851829
12,0,0.8011623365293085,0.9797799638921996,0.9787390563795952,0.059691872560211634,0.0,0.0,0.0,0.0,0.5,0.3,0.5,1,14.172135497771617,64.0287881154832
12,1,0.5481090817704305,0.9703455395999007,0.9673133783970469,0.08400580788744272,0.17982777433778746,0.05832680175190817,7.776238577629e-05,0.00011914909881736,0.5,0.3,0.5,3,10.382248421420506,36.53748148971759
12,2,0.20962593257933543,0.8890619899499936,0.8851278439742384,0.08282760439913872,0.4444201015938535,0.0889411601730661,0.0007796330721862,0.0015645902873709602,0.5,0.3,0.5,5,5.411923779711557,5.366788990086901
12,3,0.16636106386329771,0.8615027780446175,0.8562369827249313,0.08036664511563081,0.14503003055183128,0.08539244657236746,0.0008573954579625001,0.00168373938618831,0.5,0.3,0.5,7,4.767081985231322,1.7535987081678883
12,4,0.15939801779175933,0.8610865124897638,0.8599178067692712,0.08587501288919874,0.06406821962422658,0.08539244657236746,0.0008573954579625001,0.00168373938618831,0.5,0.3,0.5,9,4.244819978682443,1.7951121963718208
12,5,0.15524993603739037,0.8520289469170071,0.8464805589156276,0.09094442644135829,0.04030206196211665,0.07816904171148631,0.0006138984850692,0.00108436244578951,0.5,0.3,0.5,11,4.273091805028503,2.3802855953592497
12,6,0.15430650721224295,0.8469532437588534,0.8368794380204618,0.08708451526393028,0.06567638681679144,0.08337644130469965,0.00065506952866773,0.00151147191631817,0.5,0.3,0.5,12,3.986808865348484,1.517918236280451
12,7,0.15350633749473103,0.8462683208875782,0.8361706729415147,0.09090127073062397,0.046016245867200226,0.08306157471165554,0.00063283114582046,0.00139544069879929,0.5,0.3,0.5,13,4.089847099323084,1.565987725939516
12,8,0.14129201119119866,0.8360570887325045,0.8253465262559756,0.10095319393892034,0.09047611922921066,0.07862790808489974,0.0028765571840470598,0.00787106887840774,0.5,0.3,0.5,15,4.672254497854076,1.0536309649948985
12,9,0.1387364108867541,0.8385453754455806,0.8321496946592848,0.10636175348467598,0.047198176330292774,0.0762369267539599,0.00284589964921091,0.007627684648545389,0.5,0.3,0.5,17,4.791836308724619,1.124386007496446
12,10,0.13315872106135798,0.8332348179828841,0.8266001367539122,0.1140828184688246,0.06032538242450681,0.07498528074011855,0.0028294844015504797,0.0075538552500445,0.5,0.3,0.5,19,4.7110135519730925,1.1373361083927775
12,11,0.13612467750537854,0.8361633046553889,0.8295187341366048,0.1249906242531285,0.045631037474112714,0.07890315900627892,0.00365202323171011,0.00938319601817227,0.5,0.3,0.5,22,3.868433167942544,0.608254404213865
12,12,0.13753130073737152,0.8326474976668828,0.8216248843800656,0.12904434970666182,0.047222334492131326,0.07923176875447169,0.0047395420315236,0.01145481394980679,0.5,0.3,0.5,24,3.517002061116936,0.7185031625252469
12,13,0.13612494173250222,0.8361823302839034,0.8294532580097954,0.13938004452413177,0.05876567665036181,0.0792965169124932,0.00476363776076226,0.01164386656617103,0.5,0.3,0.5,25,3.229671635777572,0.6585955698028236
12,14,0.1518104327736368,0.8517458228141211,0.8447652082082345,0.16150519659053866,0.10539218916239121,0.09092572844755177,0.02852629487188698,0.02665717147305894,0.5,0.3,0.5,26,4.6470195101157135,0.1963148439861234
12,15,0.1173958152492705,0.8122514266006288,0.800788543802693,0.13389425244246211,0.039045603830167176,0.0581938747105421,0.00564430165858259,0.008261774511079439,0.5,0.3,0.5,30,2.649975317086215,1.22376479888564
12,16,0.11352018206533257,0.81232934201722,0.804780622867565,0.14506083690155863,0.07397408012232123,0.05835186933845886,0.00876180567366252,0.014327555505809931,0.5,0.3,0.5,32,3.681366528933075,1.133262949892876
12,17,0.112461232608331,0.8107900776049913,0.8031145117216115,0.15296460336197407,0.05858813519817844,0.05998952235692914,0.00893761888324724,0.01443396566253378,0.5,0.3,0.5,33,5.484415123377133,3.011846440222225
12,18,0.11058840562053901,0.8129858633420977,0.8094598992692071,0.15108926343542664,0.0753948237832195,0.06669374389236245,0.00677085843813226,0.01221288453491003,0.5,0.3,0.5,34,2.225036027537416,7.368419997578473
12,19,0.10818620695362988,0.8053807808306683,0.7974258313675923,0.15429976663409062,0.04409077979811782,0.060506810263965566,0.0094834796157028,0.013624685505197071,0.5,0.3,0.5,36,3.1407586485441605,1.1098310808498226
12,20,0.10748892327553557,0.8085119854350654,0.8047033500627336,0.16541330859773729,0.059610034521762736,0.06824232333707515,0.0076970660788012,0.01214296607286052,0.5,0.3,0.5,38,1.9989407970898363,8.415552208507004
12,21,0.10688594433006238,0.8126232287098166,0.8131437193141803,0.17588833717450075,0.045855766547131624,0.06824877420733556,0.007755023700858401,0.0121403761687985,0.5,0.3,0.5,40,1.9654591031033664,8.146560301220745
12,22,0.12101921282675375,0.8196381606996486,0.8154198783566814,0.19320764637873136,0.08921051571227187,0.06597293299358369,0.01728991557194482,0.04682355898039098,0.5,0.3,0.5,42,2.7846789013004427,1.646088488159122
12,23,0.10390557688886662,0.7999305479119468,0.7953402260047272,0.18436591598270446,0.07723453889014718,0.06807896275550328,0.020281750911349112,0.01796123028894597,0.5,0.3,0.5,44,3.9639981468940855,1.6893142808812418
12,24,0.11699153966099235,0.8117399633327619,0.8069834937163249,0.2039275648017018,0.07670597457943285,0.06637726527879938,0.01961569217862883,0.05013651050128615,0.5,0.3,0.5,46,2.2716968919266693,1.1274427019310362
12,25,0.11752407477231774,0.8121873365448106,0.8074200239932212,0.20454138120295373,0.06644703081768083,0.06620003948789842,0.02021454003035656,0.05127045935507798,0.5,0.3,0.5,47,2.2254354934128067,1.1445790389688002
12,26,0.0985549870947423,0.7978815667827217,0.7974519021949116,0.19105827805226538,0.05159823417249229,0.05723830296240993,0.00941970133747373,0.02958323243562745,0.5,0.3,0.5,48,1.9197954880623271,0.545389810590365
12,27,0.1160348977298986,0.8084758088767526,0.8034393379785296,0.21537208831721363,0.08398280123016942,0.06695387902403663,0.021612147180795828,0.05271195024212779,0.5,0.3,0.5,50,1.9150050246804,1.0623664083890516
12,28,0.09883415591150593,0.7960003455196548,0.7953112811853258,0.20899036073552743,0.05134307278206548,0.06916903818578964,0.01118193975237949,0.02291072378024346,0.5,0.3,0.5,52,2.102533123006324,0.8328432540033657
12,29,0.09664918105822387,0.7931803122263611,0.7924184436589591,0.21505566535485277,0.05899966493264199,0.06666680997086502,0.01086648386719551,0.02279056808060928,0.5,0.3,0.5,53,2.525381741033527,1.4739948927668411
12,30,0.0908235618272219,0.7869787108179763,0.7861730832212878,0.2245077668432479,0.0460302877315483,0.06144197293290982,0.011347542725112179,0.0170237677712953,0.5,0.3,0.5,55,3.1521550058373538,0.3608052153835722
12,31,0.08763202351780774,0.7776856279491172,0.7723806236044686,0.20988053181402827,0.059660428688510056,0.05908970311464482,0.0113368471673964,0.01559388992073545,0.5,0.3,0.5,56,3.5051325839466405,0.1405306680301556
12,32,0.08750690377751608,0.782356854956126,0.7814081346975791,0.22795894521888066,0.043418097527605316,0.059236053730975756,0.01136735030040051,0.015533155084018929,0.5,0.3,0.5,57,3.549322408019268,0.1397553071400522
12,33,0.08057436548487562,0.7823558079535388,0.7898443074954227,0.24769830519676875,0.06024413206590812,0.05777529144007406,0.01243891117495592,0.008569940801166399,0.5,0.3,0.5,59,3.929392597010629,2.0400991954189385
12,34,0.0778094964126067,0.7784501919876686,0.7858247880035535,0.24867241848467553,0.052435339200111536,0.05449435499663181,0.01252594640125656,0.00841243006308054,0.5,0.3,0.5,60,4.330132696147502,1.6838066964252554
12,35,0.07515948158269156,0.7747562094288785,0.7820288074785609,0.2528314520002947,0.04891813508852309,0.05352135374814935,0.01200474192598834,0.006272543285274381,0.5,0.3,0.5,61,4.359089138339238,1.9672950431005056
12,36,0.08061389982262414,0.7830785858518501,0.7945267517159379,0.2686721086943991,0.05566719693016903,0.056633027403719,0.01507839178399476,0.01574423063683586,0.5,0.3,0.5,63,4.843639922728638,0.8180152502993039
12,37,0.07548297954383885,0.7704559680464931,0.7772983973008338,0.2613584640827896,0.07270757911388749,0.05694085649885669,0.0140388529661099,0.009744611563645,0.5,0.3,0.5,64,3.8243316462436354,1.0391253602663146
12,38,0.07265096188460289,0.7681037567003126,0.7789306346433006,0.2725623774607887,0.06719457879713563,0.057349446067793325,0.01150964752837587,0.01135657483938133,0.5,0.3,0.5,66,3.6391276733698086,1.2028943251475863
12,39,0.06845809747284594,0.7644169430054105,0.7792505177551307,0.286765587824936,0.06400376400410127,0.05634849782843739,0.01143991130094975,0.00936925656435756,0.5,0.3,0.5,68,3.2532378948383287,1.1973451746293458
12,40,0.06834347765635573,0.769045458173457,0.7882357971898436,0.3041993276563959,0.03752806766639569,0.0563484978284374,0.01143991130094975,0.00936925656435757,0.5,0.3,0.5,70,3.274260091819245,1.2081090170974584
12,41,0.09912169413662993,0.7996134977423384,0.8187867843836463,0.3546588553142951,0.06771564345275957,0.06407392738625559,0.0115850145098106,0.06335553264151894,0.5,0.3,0.5,75,3.711560996158525,17.77604800073539
12,42,0.07929482950149923,0.7784708743052109,0.7975393770904804,0.3416344458689033,0.05598276045884425,0.06618742285419514,0.01321809789451373,0.02204769205186985,0.5,0.3,0.5,77,3.318041828244872,1.4025919589451108
12,43,0.07402586112854424,0.7809004168358684,0.8085429181393697,0.35975078988162157,0.04918003246767325,0.06119388208736919,0.01309735484585059,0.01887981741188097,0.5,0.3,0.5,82,2.275247605984497,4.27968647818968
12,44,0.07750771967246668,0.7884536412347402,0.820401513881418,0.37350646062942894,0.05301331871315046,0.062102398002995156,0.01169029858089147,0.02666162434729859,0.5,0.3,0.5,84,2.288448039543792,5.353720508627271
12,45,0.07715932455409676,0.7591605175728438,0.7689227427413358,0.38073616857705345,0.06167903498003125,0.06031522470144632,0.02020514129345704,0.02664964164125282,0.5,0.3,0.5,88,2.3833511454288194,1.562327450899118
12,46,0.077220051462061,0.7592101454507016,0.768971601786913,0.38395204956186174,0.04970589459808263,0.06026707330720933,0.02026208961865112,0.026792734366212368,0.5,0.3,0.5,89,2.382167013224978,1.5649136812889537
12,47,0.08223624945124183,0.7632578124928354,0.7769603087668456,0.39595281839566304,0.12229901157606854,0.059944719346220025,0.02264329418512093,0.04067602951499298,0.5,0.3,0.5,90,2.2507760193174744,1.0706045401986215
12,48,0.08557648221669825,0.765720167911866,0.7793595223336601,0.4026008209101203,0.0704680589620772,0.0657995421708795,0.02573184715247488,0.04034550286487199,0.5,0.3,0.5,91,1.73648927528538,0.2603078599540246
12,49,0.07861040743129961,0.7536837543168264,0.7669668196831392,0.41845453542494143,0.06643636533294095,0.0591454326131929,0.02411640999130376,0.03773849073359873,0.5,0.3,0.5,96,1.8517898929396,2.1203823797300005
12,50,0.07948480026133431,0.7530319149916973,0.7662096639502739,0.4193890305043204,0.07295461178745895,0.057241418453936245,0.019359668268642792,0.04528445709585383,0.5,0.3,0.5,97,1.6479788759898903,2.485692002610137
12,51,0.08471669356911166,0.7617958063741059,0.7792497054872634,0.444252206836353,0.07010702653664946,0.05900018144431485,0.02525248689507047,0.05139261676701218,0.5,0.3,0.5,99,1.72734324778972,4.456163621223404
12,52,0.08698217277962138,0.763569786764422,0.7809901390771156,0.4498053887423478,0.07026901424271685,0.06242785205176265,0.024905539768542907,0.05302410831211193,0.5,0.3,0.5,100,1.631054021374644,4.166445936871475
12,53,0.08698081488140498,0.7635642196985646,0.7809842871692415,0.4465333997349092,0.0652423715097136,0.06242785205176265,0.02490553976854292,0.05302410831211195,0.5,0.3,0.5,101,1.6310244324078658,4.166098687591439
12,54,0.0851174852559404,0.7596955417667275,0.7769795833255156,0.45443963696090045,0.08454204446907464,0.06180431180155606,0.025451385418652127,0.05086749713422696,0.5,0.3,0.5,102,1.6436235134029744,4.2599907234927965
12,55,0.08569945456542191,0.7591997845871444,0.7764112177337366,0.4583707131623119,0.07587391904429767,0.06180126558869695,0.0249074874226429,0.05302600190565328,0.5,0.3,0.5,103,1.67664793594308,4.211187824781415
12,56,0.0854785476760439,0.7625246105529491,0.7840153383683168,0.47111683174303864,0.07929108544877415,0.06117384184715117,0.02589878597055324,0.053461144730427734,0.5,0.3,0.5,104,1.5665147714203158,4.367556401811507
12,57,0.06846616236474534,0.7414324341172036,0.7626530811447151,0.45748526694512415,0.06285182195505752,0.05742900462389279,0.02714380839021132,0.02476745910119112,0.5,0.3,0.5,107,2.630291253920453,2.9790445266104664
12,58,0.06845473584144747,0.7463263756624837,0.7719174575723042,0.47038616179100384,0.0494477592443839,0.05742900462389282,0.02714380839021132,0.02476745910119112,0.5,0.3,0.5,109,2.6303588815111087,2.9759053072090427
12,59,0.07152476929574125,0.7330576255796057,0.7494843747594707,0.47070157483677916,0.1172236386881553,0.06459986036077968,0.03338231269875016,0.023344276929813328,0.5,0.3,0.5,110,1.615270706775349,3.210853292355071
12,60,0.07067470490616978,0.7355002974886229,0.756194483069001,0.4797698544309207,0.0615209787274042,0.0632213432956218,0.03400895657546539,0.02344561113495798,0.5,0.3,0.5,112,1.6732794928405452,3.2602348001989845
12,61,0.07578629521257094,0.7374313873989967,0.7579238433282997,0.48768817626359096,0.08989133432142907,0.06818184812013563,0.03112341830655484,0.03191560359257885,0.5,0.3,0.5,113,4.327253094696927,2.0490474857354597
12,62,0.06809525582802799,0.7197532130020339,0.7396245278483994,0.48626189855508634,0.1477152046270528,0.06313199316046608,0.03438307498829324,0.02378539508498799,0.5,0.3,0.5,114,4.19072613784574,3.117856743842049
12,63,0.07270690912246022,0.7340297671021382,0.7667049292969339,0.6562296161327545,0.06056659781629898,0.05820671553002507,0.03305268672736242,0.040642268504882215,0.5,0.3,0.5,153,2.350750073306403,7.377770876972808
12,64,0.07951207351268007,0.7363081153434834,0.7646356926909407,0.6679379998002488,0.07147563256547086,0.06063089539757918,0.02308401651468579,0.05765617809796482,0.5,0.3,0.5,155,4.686861434153046,3.143726244973116
12,65,0.07444618653323831,0.7441560269861979,0.7854863450045363,0.7018557632601611,0.06184195622538043,0.05603848592807559,0.03219208168743452,0.04733272010049479,0.5,0.3,0.5,161,2.35104405146513,8.062678116056619
12,66,0.08194244051017338,0.751365165899332,0.7926782074786777,0.7164380644292507,0.07017463656087866,0.05546111918731581,0.030009501482047653,0.06430928206174397,0.5,0.3,0.5,163,2.2743836166728206,8.430514902774132
12,67,0.07629737805026673,0.745262656106187,0.7865481504741723,0.7202709021856922,0.06745135635384636,0.06128360417689478,0.033707487028378606,0.04513307057291134,0.5,0.3,0.5,164,2.248362802237896,7.437072025301274
12,68,0.09023333303093524,0.766699743512479,0.8165877716678167,0.7502043043862532,0.09937997526708503,0.060171109171954035,0.038115626241463106,0.07227338508889243,0.5,0.3,0.5,165,2.619953357139518,3.330793130229042
12,69,0.09962989743480602,0.7816799042714168,0.8400570082761362,0.7886779952440981,0.09422635892997612,0.06368444230248209,0.03638105572209708,0.08996743917452579,0.5,0.3,0.5,171,2.584580516981178,5.7416198969897705
12,70,0.09952121746242776,0.785805703956838,0.8485136913747001,0.814495302288252,0.09092186790076628,0.06368444230248205,0.03638105572209708,0.08996743917452592,0.5,0.3,0.5,173,2.5978780604469347,5.756052987212633
12,71,0.07802555615613133,0.7443487768936644,0.7936349719168683,0.8246624581748792,0.07026297822294283,0.0570205460356916,0.0304055352076834,0.058729802822976775,0.5,0.3,0.5,187,4.105289050935719,3.754526069737706
12,72,0.07909834881656772,0.7452017398598638,0.7944750184042857,0.8329862289369329,0.06907544434481099,0.05716135979972262,0.030729712137397967,0.060602048645789,0.5,0.3,0.5,189,4.06313816871019,3.9503890441905263
12,73,0.07647497131848977,0.7464925848976833,0.8000784238179792,0.8495905311483796,0.06867662808157671,0.057344518045472796,0.03120850011085268,0.055173877579492894,0.5,0.3,0.5,192,4.111903883281798,3.761409003439428
13,0,0.7738809164035383,0.9766948658367323,0.9754951487813766,0.05901038262375266,0.0,0.0,0.0,0.0,0.5,0.3,0.5,1,16.84228484515595,60.86069765147919
13,1,0.5476127041340246,0.9836395846049173,0.9804572406497105,0.0995669436605239,0.1953756522942527,0.09070816142327158,7.17315021067e-05,0.00016468881387763,0.5,0.3,0.5,3,11.919420065702212,35.80504170853622
13,2,0.4107257704919039,0.9627690892039291,0.9580015065691239,0.10515255672791042,0.2951156992945939,0.10159756253806998,0.00252481291072009,0.007647934820698481,0.5,0.3,0.5,4,11.136975669461709,39.91159950477161
13,3,0.3550418829656343,0.9443931985716354,0.9389132149034893,0.09750176207635411,0.15858178995728767,0.10085669150905806,0.00028692600842681,0.00065875525551056,0.5,0.3,0.5,5,7.823916585088227,18.990980273572315
13,4,0.28148576273163967,0.9245661289762118,0.9176566303287234,0.10386176580395243,0.274974162135133,0.10812663719563739,0.00260084802577517,0.00788397004590849,0.5,0.3,0.5,6,6.266483580743143,47.95001833226564
13,5,0.20067682209267532,0.8876495448032885,0.883191251191399,0.09285802500305596,0.3449569379104296,0.10595417469033493,0.00088315931902723,0.00202765112180733,0.5,0.3,0.5,7,4.345995461705716,4.889994019515496
13,6,0.1840984042443312,0.8722531933978861,0.8628414776866801,0.08967819333279763,0.09893133733717253,0.10683298834592055,0.00114770403370724,0.00263502102204222,0.5,0.3,0.5,9,4.110435905521943,2.878449697043555
13,7,0.17350728923970687,0.8653668360121212,0.8554404661978983,0.10521851261479545,0.07764678374187997,0.113148078568532,0.0010250172775487,0.00261516212955184,0.5,0.3,0.5,13,3.341222746419876,2.3009927143572315
13,8,0.17960733000201892,0.8780587669768831,0.8721641688582995,0.12675537316353686,0.12419618857620002,0.09667141190092428,0.01433978244747074,0.0398562085957076,0.5,0.3,0.5,14,5.986514366576683,2.3327014800921893
13,9,0.17501081232944496,0.8746089348092886,0.8683476853019165,0.14040364318563245,0.0901716322033819,0.10273091300197956,0.014469077993041498,0.0410641342625845,0.5,0.3,0.5,18,4.787733823290548,1.9699176706836703
13,10,0.17485159589901214,0.8744591380271806,0.8681935192490188,0.14271935507624975,0.07683945395313,0.10255541232021523,0.01455362559699489,0.04106013681823871,0.5,0.3,0.5,19,4.779096786947566,1.9594974918157464
13,11,0.17220995732052127,0.8771039215793872,0.8749933768447583,0.16084905188721008,0.1110187568132644,0.10267797874599013,0.014111441540719541,0.045070223011066377,0.5,0.3,0.5,20,4.604139110536472,1.8127756514987072
13,12,0.17320935600050236,0.8732060640369766,0.8666512842686424,0.1506308680904863,0.0911559278983367,0.1078555566759833,0.013920293766291992,0.04486701245325656,0.5,0.3,0.5,21,5.134027402080118,1.6814429070807144
13,13,0.16993549303171226,0.8700112530362274,0.8633585100272849,0.1513274913296267,0.09423633413891527,0.10525707177366465,0.015327115765150301,0.04403856065944116,0.5,0.3,0.5,22,4.903503261034915,2.5307176962707607
13,14,0.17178117499032297,0.8761171142663774,0.8731782180966745,0.1772821605411292,0.1926621227361315,0.11536764080935241,0.03239909967368751,0.05161712512093726,0.5,0.3,0.5,23,3.2409908132513454,2.4169698445514176
13,15,0.1707414102215874,0.8798381150234981,0.8811944059059444,0.18502717939286636,0.0974407041773446,0.11540344211316375,0.033986359564395344,0.05120611669546625,0.5,0.3,0.5,26,2.533997084925483,2.308985708319576
13,16,0.15083134871265036,0.8506939475359467,0.8466767170293363,0.1767196906473284,0.1391675283486295,0.11448778717274632,0.0308253539551545,0.04448862963151548,0.5,0.3,0.5,29,2.247025624375365,2.1316477305688157
13,17,0.1514688140796449,0.8561442140688962,0.8564773634299231,0.18584409366348542,0.09140565157448194,0.1147517904459088,0.031349708832371745,0.045801222285366726,0.5,0.3,0.5,31,2.256610961991837,2.1633505464892533
13,18,0.15189562813408272,0.8614998960122154,0.8662029256332281,0.20897789991897017,0.09041470511716537,0.11458560189371568,0.03207975307005857,0.04647539755419116,0.5,0.3,0.5,33,2.2926717237111456,2.1744261882078817
13,19,0.1628554778853355,0.8722187578411223,0.8768798366652872,0.22320214842368324,0.10815802711814719,0.10576743787620639,0.03688981461248714,0.07547468130198529,0.5,0.3,0.5,34,3.2704564351472936,1.7218017971625903
13,20,0.16395727042720232,0.8725108428442152,0.8770394404964968,0.22846552796731628,0.12482872257486642,0.10849009900769914,0.030698494753527362,0.08219687582805182,0.5,0.3,0.5,35,3.034260635969985,1.531385619946501
13,21,0.15141599160959388,0.8622268672673945,0.870745154585393,0.23086522391717154,0.15465855808525417,0.10137300660713854,0.039475041233105815,0.06848399443674431,0.5,0.3,0.5,36,3.483713119443419,1.4591321632301189
13,22,0.15107765736124507,0.8618023204199562,0.8703094361126607,0.22758129407906202,0.0982194928406126,0.10166429783141107,0.03902524720059264,0.06804681124631336,0.5,0.3,0.5,37,3.609885414243268,1.4008422456207086
13,23,0.15452427414402103,0.8584926789604385,0.86239655631328,0.2327646958862638,0.1373555651971693,0.1130368378438555,0.03194782997351449,0.07313506777488907,0.5,0.3,0.5,38,2.99767736441968,0.9553434951323332
13,24,0.1535043338129902,0.8602765598759079,0.8682985825352956,0.24853283403404347,0.12377676706224533,0.10602017411501659,0.03784572866132657,0.08019456799386958,0.5,0.3,0.5,40,3.1009334864889766,1.3216196997432046
13,25,0.16562492960691147,0.8670534129086813,0.8706588769213279,0.2547008969207362,0.12336382937648924,0.10929034604982876,0.041182235326708436,0.10005614802253722,0.5,0.3,0.5,41,3.394492308563126,1.0835097493193269
13,26,0.1516219497357563,0.8493703972536256,0.852577876743023,0.24601021030692197,0.1674077863946159,0.11593729329418115,0.03184567405397079,0.07910682961564967,0.5,0.3,0.5,42,3.151585697689524,1.120058382979604
13,27,0.15065375906829825,0.8523389077400527,0.8598177011140032,0.26393235743097126,0.11469200060143213,0.11593729329418112,0.03184567405397081,0.0791068296156496,0.5,0.3,0.5,44,3.152532805162877,0.8606888617656427
13,28,0.16179219462400052,0.8559607287168288,0.8588134349217681,0.2697910398904099,0.1397165065741645,0.11494651951893249,0.034593586131759155,0.105412781534273,0.5,0.3,0.5,46,3.357138106180169,1.931103001281247
13,29,0.14839898346386632,0.8522369767894609,0.8638141038729383,0.2963580347871287,0.10770433285166156,0.11245878126761139,0.031844954572483805,0.08316522590317417,0.5,0.3,0.5,56,2.5573744851811577,2.1073920407192666
13,30,0.15086040689800267,0.8538325370020332,0.8653276068919316,0.3022226209734121,0.1229619131296982,0.11146878979495606,0.03271443708513837,0.09001214261780521,0.5,0.3,0.5,57,2.590471290644049,1.83121920246362
13,31,0.14498302362104876,0.8595438610935802,0.8878060372961357,0.3655876567650619,0.12427142051388838,0.10489811940890709,0.057084415114944574,0.0819945408807437,0.5,0.3,0.5,65,4.486986439457265,1.443841395191379
13,32,0.12087426090003517,0.8039063264245889,0.809751981785291,0.37343397841661624,0.09334889954236189,0.11165864185454613,0.02885362129340992,0.05176424887057558,0.5,0.3,0.5,93,3.061850015606961,3.844280479025696
13,33,0.12801778255567603,0.8064945311899876,0.8119892917149293,0.3843721317270272,0.1531378537571602,0.11030103466322319,0.02455604553676287,0.07450876254746322,0.5,0.3,0.5,94,3.302948973421936,5.783669767141444
13,34,0.11927121109482622,0.8105360946336408,0.8289979206385147,0.4356667715516516,0.09419891258621062,0.11172280113860703,0.01451059789751533,0.06343738092059524,0.5,0.3,0.5,104,2.708851350641806,4.595364896038176
13,35,0.1181061481855235,0.8053550758687299,0.823522918161021,0.4317098837009219,0.11463891003021358,0.1091219788682559,0.01898501239499798,0.06441256959024119,0.5,0.3,0.5,106,3.2891197367464744,4.877196215997687
13,36,0.10981240142320658,0.7895053066901505,0.8031128193767949,0.4235812024579965,0.09227860427756146,0.10864356545368087,0.01813170625985405,0.05086946646423936,0.5,0.3,0.5,110,3.2316339957621647,3.1643926833980665
13,37,0.10844778454062022,0.7926729491370865,0.8106242116401285,0.43516236931624697,0.08619715003407907,0.10686839899408362,0.018672102675084103,0.04990402598386884,0.5,0.3,0.5,112,3.4957910494885587,3.3857657045686382
13,38,0.11516662237366436,0.8201298313703933,0.8596663659933719,0.5296859419786459,0.09542264235364328,0.12180624459938397,0.020207069964220812,0.05038761472884545,0.5,0.3,0.5,125,2.9196740883749643,3.281239972631833
13,39,0.11124976205561626,0.8055981950746012,0.8444164896929927,0.5294960444393003,0.20020677941876155,0.11544914176679161,0.020849563568319192,0.05519989453986288,0.5,0.3,0.5,126,3.7786988748968175,3.941887062574831
13,40,0.10782961216601034,0.7962359904694459,0.8346661750979317,0.5294781762289393,0.14844928913525124,0.11624479589636483,0.01853187616453465,0.05214888869546096,0.5,0.3,0.5,127,3.4567196659314123,3.793612687447849
13,41,0.10790744142082637,0.8002993970339796,0.8430407353626592,0.5424010446906933,0.09476510767470939,0.1167679245785914,0.018595514472089368,0.05222897002017805,0.5,0.3,0.5,129,3.581665173257856,3.8898493113811647
13,42,0.12717680668446507,0.8136988699847765,0.8520077542612136,0.5324174655991856,0.1103925479486309,0.11298607689901624,0.03111610516425925,0.08749562420733988,0.5,0.3,0.5,140,4.310973692908851,1.679052753816937
13,43,0.12593109841675626,0.8117333647780358,0.8499960123178925,0.5423021555314906,0.11202042376490733,0.1152474397566713,0.03290377144388912,0.08202634128568731,0.5,0.3,0.5,142,4.307975746544163,1.7727917649483882
13,44,0.1189427820805749,0.7961441678237611,0.8379309081452699,0.5734091287546723,0.11730114986128368,0.1143743099611535,0.03154312293403525,0.07563033482568755,0.5,0.3,0.5,152,4.228926619106136,2.474409614099472
13,45,0.12223366818002217,0.795500418491949,0.8370464869333465,0.5801927668090406,0.1448958762336665,0.1128832243783443,0.03282347130939878,0.08441645847624793,0.5,0.3,0.5,153,4.257511263960594,2.2166549446596737
13,46,0.1222336688972468,0.7955004186910736,0.8370464871324711,0.5801927670284784,0.10849691836384967,0.11288322441995541,0.03282347163686678,0.08441645863640529,0.5,0.3,0.5,157,4.257511210619127,2.216654947958804
13,47,0.12057390972257703,0.7934187484094817,0.8349391343580319,0.5822847610395194,0.1107998304492323,0.11238018666713949,0.032940797369574656,0.08168326535959529,0.5,0.3,0.5,158,4.235945742538722,2.2029034836534835
13,48,0.12103949592145992,0.8074167450555136,0.8619771713780856,0.6469653307365261,0.10881445723950345,0.1126571543894389,0.03367512828463328,0.08236598825292854,0.5,0.3,0.5,168,4.12120828293889,2.108040243473728
14,0,0.8584886412612901,0.9859338551051655,0.9852097579965605,0.06104927357452304,0.0,0.0,0.0,0.0,0.5,0.3,0.5,1,10.932011444770088,56.993899169083136
14,1,0.5957154564409057,0.9844527661239229,0.9817619329236983,0.0929390789468966,0.18543720944503317,0.07325713442052832,8.224179427624001e-05,0.00013941578987276,0.5,0.3,0.5,3,7.097429629303766,36.23721262237092
14,2,0.46585338457878256,0.970730855948177,0.9666932627290142,0.10206038909873932,0.25282968103158093,0.09209874294219995,0.0025471167294311503,0.004696498223884351,0.5,0.3,0.5,4,6.032919604580631,39.91979488339543
14,3,0.2229159003134541,0.8956928246613256,0.8921374854013073,0.0837420891466292,0.6337925997291762,0.08658431967847037,0.00127837757123052,0.0021670978900347,0.5,0.3,0.5,5,2.1466079467530346,5.616389889896063
14,4,0.20588421383762237,0.8872062303078352,0.8831633503024718,0.08754825914153637,0.08269624552265688,0.08980590551350305,0.00075129291496017,0.0012301099861768499,0.5,0.3,0.5,7,1.7227244673453563,1.9306025734111247
14,5,0.19853525402440178,0.8878703907003243,0.8879801727118146,0.10052477135801069,0.062026457232375376,0.08980590551350305,0.00075129291496017,0.0012301099861768499,0.5,0.3,0.5,9,0.9920762594596816,1.708427419764162
14,6,0.19041310848557802,0.873220581196519,0.8643247763976611,0.10802668345260209,0.055826194905722694,0.08546402522152936,0.00274095976749507,0.0049385007626222095,0.5,0.3,0.5,13,1.7310522742961605,5.828855504724293
14,7,0.18551269002225157,0.8701475087021785,0.8610932758431246,0.11410475730880862,0.06998665006418303,0.0869446205914735,0.0021989968573861403,0.0037921881045255997,0.5,0.3,0.5,14,1.8056092405470328,4.537420812846848
14,8,0.17744969118803616,0.8667635366721214,0.8572316656670163,0.10712062714712753,0.12501637063415105,0.09454493883485997,0.0036474796695525197,0.007113357827131241,0.5,0.3,0.5,15,1.692222179891777,9.16520570731891
14,9,0.17145466496091677,0.8672432856491589,0.8618545688536506,0.11282257408139698,0.06888581935635622,0.09454493883485997,0.0036474796695525197,0.00711335782713123,0.5,0.3,0.5,17,1.0421890499251063,9.286962637811907
14,10,0.17141933879474133,0.8721640057247835,0.8711470864559945,0.12919914949062866,0.052025901176622064,0.09454493883486001,0.0036474796695525197,0.007113357827131241,0.5,0.3,0.5,19,1.0057948979633968,9.303293086269589
14,11,0.17877102044449672,0.8746443257309996,0.8692461118979162,0.1396081844674022,0.05996256471709933,0.10276629661959782,0.00689080125390865,0.012117815914029221,0.5,0.3,0.5,22,1.8919660171550712,84.0301511816417
14,12,0.14672370387471673,0.8516198091676676,0.8494787364756233,0.14630501242863708,0.13753933876462243,0.09562803212252279,0.00480729634120061,0.007919858401641739,0.5,0.3,0.5,24,1.3582634273699958,16.761938383196444
14,13,0.14244286302164436,0.8519815953081415,0.8535407827812354,0.1598546415933233,0.1125840708056998,0.08282771629477738,0.024104456993207228,0.026113847087235197,0.5,0.3,0.5,26,1.050621093047858,101.2242415070498
14,14,0.14238368513702337,0.8568632704371258,0.8627922590030219,0.1768071675992753,0.061956316305991466,0.08282771629477738,0.024104456993207228,0.026113847087235197,0.5,0.3,0.5,28,0.9130001912550132,102.42547241083872
14,15,0.18196142223707107,0.8952285498041263,0.9007029330115018,0.21910083630572766,0.1435308964374904,0.09401504368430334,0.08987347567528456,0.06985775923296596,0.5,0.3,0.5,30,1.5675414897317108,194.0362785209803
14,16,0.1711573300436777,0.8839596286895517,0.8893086515494432,0.20972783093355096,0.11851551720437375,0.09232190787541085,0.07757331849607017,0.06126495250195626,0.5,0.3,0.5,31,1.568105130480716,209.77006135376723
14,17,0.6359448392082355,1.3433575542144016,1.3442253292339053,0.6904930821764248,0.5901260515863277,0.08960450944043284,0.07235792992111893,1.0,0.5,0.3,0.5,32,2.6687205082533065,4167.82021976406
14,18,0.6357414139556243,1.3480429289398321,1.3532703761543727,0.6991646768273674,0.5674711709905395,0.08960450944043288,0.07235792992111896,1.0,0.5,0.3,0.5,34,2.5062596385399005,4171.155403288612
14,19,0.6357387909692549,1.352986577778225,1.362587029625637,0.7141845638181252,0.5665144059201983,0.08960450944043284,0.07235792992111893,1.0,0.5,0.3,0.5,36,2.4856990587255328,4171.588446693692
14,20,0.19850050971397798,0.91407626976685,0.923286796737177,0.2693221691396993,0.16250191054117782,0.0829054708013268,0.048226772812895405,0.1585059522926296,0.5,0.3,0.5,38,2.8129339240932576,69.09614712555464
14,21,0.16434226869039825,0.871981760182364,0.8763783899888765,0.25687047597593543,0.1385009737848159,0.08812570768687478,0.025236195719942588,0.10990784325701104,0.5,0.3,0.5,40,1.5826227787429523,32.513931575805024
14,22,0.16434226991345613,0.8769288058745005,0.8856986066218243,0.2755371231484915,0.10658785841475651,0.08812570768687475,0.025236195719942577,0.10990784325701113,0.5,0.3,0.5,42,1.5826249514310016,32.513932553531184
14,23,0.16434226997061085,0.8868228406445444,0.9043389358538025,0.2881917728746414,0.10658766221629085,0.08812570768687475,0.025236195719942577,0.10990784325701104,0.5,0.3,0.5,46,1.5826250529585415,32.51393259921942
14,24,0.16433937426146059,0.8868184058632682,0.9043342803359825,0.30406326912901316,0.10662188569906852,0.08812570768687475,0.02523619571994256,0.10990784325701113,0.5,0.3,0.5,47,1.5768062820780304,32.511318635347195
14,25,0.1598886909532275,0.8730532817331721,0.8856200230684312,0.2977422033133267,0.19608328443945364,0.09125053424307959,0.0269892363836077,0.11047173397622363,0.5,0.3,0.5,48,1.205194472648079,36.77561537724056
14,26,0.12105719915876627,0.8475990015532878,0.8731135766146919,0.29950720349695625,0.07570182122746595,0.0908702999872651,0.03878128653355079,0.029854795612781388,0.5,0.3,0.5,55,1.4957634788591767,5.766780057517157
14,27,0.12070732661022648,0.8517602093474649,0.8815982887745589,0.3198216802785197,0.07593039849770968,0.09080463260891161,0.03970093132775891,0.02972622453089103,0.5,0.3,0.5,57,1.4805205908787462,5.341031216674461
14,28,0.12080322426652285,0.8567293780423246,0.8909322391703146,0.3267424645207272,0.07363542163265019,0.08921938505767404,0.03489330998968724,0.03456620013569543,0.5,0.3,0.5,58,1.4989061557133836,7.6736051574985185
14,29,0.1387683402239397,0.8544526320322373,0.8711119923299367,0.3137969122605586,0.09854109639367828,0.08085887291923984,0.04439339712818977,0.07422472847414018,0.5,0.3,0.5,59,1.6072877227977638,5.947641233434132
14,30,0.11944366160993858,0.8431822687550786,0.8683879283258493,0.3197140373630744,0.08366238746060164,0.09133954990698785,0.05182649417326819,0.02472732304438367,0.5,0.3,0.5,62,1.1541839594750922,14.989347335644627
14,31,0.14581017293233295,0.86420564020399,0.8888747882918034,0.3688206101854008,0.14573526632289413,0.08678633538368995,0.07020288751214583,0.08114514291728087,0.5,0.3,0.5,64,2.198526802266416,7.203308629551676
14,32,0.14523880731118438,0.8678734119049223,0.8968498723765671,0.3860383213769964,0.10991908082168833,0.08678633538368995,0.07020288751214583,0.08114514291728092,0.5,0.3,0.5,66,1.632430755370094,8.441947305923566
14,33,0.11816823491921039,0.8497199286867021,0.8873499706673215,0.3815389439032763,0.0816407298983752,0.08939403178162308,0.05626763277585818,0.0344057003226365,0.5,0.3,0.5,71,1.5786986631634763,9.72752182925868
14,34,0.11690042256184367,0.8566527906996352,0.9028766915340266,0.4168718982733272,0.08331588012010202,0.08939403181931894,0.056267614049965706,0.0344057050223733,0.5,0.3,0.5,76,1.3050745348660728,10.529816046023535
14,35,0.8763635920226804,1.6299778670392957,1.689233748363409,1.3278119866494154,0.8392705101126176,0.0779286608523134,1.0,1.0,0.5,0.3,0.5,120,1.565780296853787,18.88534785812241
14,36,0.3934054342125945,1.1433621620046968,1.202301046780803,0.8768677352880684,0.3837631774550156,0.0777134940249734,1.0,0.03929912549076744,0.5,0.3,0.5,122,1.7672225445688847,22.09751999469252
14,37,0.39418021455250185,1.1484589938047192,1.211718321409203,0.9016771826447219,0.36368949838852704,0.07769774937728997,1.0,0.04166342453228996,0.5,0.3,0.5,124,1.7664728142106907,22.060754012987225
14,38,0.8737589183248122,1.6121897770392692,1.662245236537867,1.3716061234919397,0.8415551252382462,0.0797819593378343,1.0,1.0,0.5,0.3,0.5,130,1.3626159907288973,20.031680599534862
14,39,0.873253565961453,1.615788158566786,1.6701473928462796,1.3955907547083233,0.8450998596536433,0.07978195933783426,1.0,1.0,0.5,0.3,0.5,132,1.5838496791786338,19.922627887452464
14,40,0.41509202862625555,1.172266365520439,1.2397285212512017,0.968865693016877,0.3819839800363318,0.07765993810621948,1.0,0.08603956282793637,0.5,0.3,0.5,151,1.548804812288228,14.458773277847843
14,41,0.41646563533954306,1.1832150479968502,1.2593973269320782,1.0136333940085276,0.38419999650634584,0.0771008090854831,1.0,0.08972526947194076,0.5,0.3,0.5,156,1.5589401393926732,21.830296533658053
14,42,0.41135678920217145,1.173996459594193,1.2498491253453108,1.0165157994855172,0.3972219227330481,0.07582856400318956,1.0,0.08536632539056199,0.5,0.3,0.5,159,1.630369415222193,16.381346614919526
14,43,0.8686790940834727,1.6356592265674625,1.7158372832963218,1.443955682071077,0.8418875605275763,0.07648244832709379,1.0,1.0,0.5,0.3,0.5,161,1.7055318815160383,14.11637993830234
14,44,0.8660344036013349,1.6287597805652867,1.7086083044189642,1.5082880224191422,0.8478833470193952,0.07548554322553096,1.0,1.0,0.5,0.3,0.5,166,1.2749452348182926,15.238650519891896
14,45,0.864640935235729,1.629883684666971,1.717938575935224,1.537030075050992,0.8798270716866308,0.0789224389532143,1.0,1.0,0.5,0.3,0.5,168,1.4716294885605636,13.613896883207383
14,46,0.8649055431721937,1.627323529387565,1.7151767173795125,1.6073669665832582,0.8436145730970153,0.08164002872210821,1.0,1.0,0.5,0.3,0.5,179,1.6066624923287192,41.21609614803618
14,47,0.8636156700220705,1.6199749822717684,1.7033775154508741,1.554537813715804,0.8427856091780591,0.07984697797688553,1.0,1.0,0.5,0.3,0.5,183,3.27584723738914,26.799186153544508
15,0,0.7615723139278434,0.9752671304655283,0.9739939133395903,0.058695226871428835,0.0,0.0,0.0,0.0,0.5,0.3,0.5,1,17.565860363815727,64.47380944355919
15,1,0.5442646326879348,0.9830908531727022,0.9798772675158192,0.09949104760044115,0.1922339301758701,0.0908087878564817,7.271311811418e-05,0.0001776305341127,0.5,0.3,0.5,3,11.202928531728318,39.60769950847335
15,2,0.42065902276006756,0.9860493742314271,0.9810439219379564,0.13203089488601435,0.35427193487494907,0.14948375417107923,0.00251466979478372,0.015570936205701541,0.5,0.3,0.5,4,11.940140620190585,39.985762365787465
15,3,0.296228708223391,0.9312407755366012,0.9291186629143545,0.09756165013061852,0.27777487711609067,0.10356775899154748,0.00044853068391003997,0.00109571349730538,0.5,0.3,0.5,5,5.041614261767722,17.38135728583299
15,4,0.28888693586099223,0.9398105521673596,0.9326177385098601,0.12339355988312796,0.18502186294843995,0.14176522499446134,0.0025873829128978997,0.01574856673981433,0.5,0.3,0.5,6,7.164133781995631,47.165255603722926
15,5,0.20979744546353035,0.89332041249141,0.889119905487955,0.09602446888374658,0.26385011681254245,0.10825383896067076,0.0005179517972491099,0.00127363864914363,0.5,0.3,0.5,7,3.320368633153659,6.590441971113148
15,6,0.21123996693776606,0.9004375771502242,0.8958063817429212,0.1129899763180637,0.1362846724117783,0.13116552958013042,0.0016472616697872401,0.008651894906727341,0.5,0.3,0.5,8,3.2132223389618204,7.837012184149425
15,7,0.1918522481596981,0.8830424388558131,0.8782212696190375,0.09907610711081634,0.08524991318144358,0.11131481185436197,0.00067292912505658,0.0016772419561515602,0.5,0.3,0.5,9,3.1477854452127723,1.9998336398536412
15,8,0.18606387111270248,0.8840052581779929,0.8833521184091452,0.1039250976470122,0.0718699047827297,0.11131481185436205,0.00067292912505658,0.00167724195615154,0.5,0.3,0.5,11,2.9320355821468485,1.8167804912734464
15,9,0.24641068218742002,0.9369216041061317,0.927221636005233,0.17973139621187423,0.17132605359842434,0.16481271194137606,0.005103276677982689,0.0828188059338762,0.5,0.3,0.5,12,4.096813497095506,42.05525335373319
15,10,0.18730494826349778,0.8833306987864066,0.8779057800513445,0.12204881286847925,0.08302247376814288,0.12634168980787278,0.0018887795601100598,0.00995340355791247,0.5,0.3,0.5,13,2.646669616179383,5.358762389896127
15,11,0.18341167911272713,0.8750756666400751,0.8651829067671309,0.12077284401662296,0.08156723839344018,0.1254098634230646,0.00152481380542927,0.00816669329106364,0.5,0.3,0.5,14,2.84194097313212,2.694062654673467
15,12,0.18663928166644878,0.8783254767264238,0.8684291318308553,0.13503252987378953,0.0711118242011716,0.13032571604635984,0.0015692908839324501,0.00986266816865319,0.5,0.3,0.5,15,2.9770064677959214,1.6487805026763729
15,13,0.1799435497264175,0.8771870895150337,0.8715548900339111,0.12808354498082158,0.08308453852512372,0.12346606098816765,0.0016218621817185401,0.00875545157386541,0.5,0.3,0.5,16,3.7070573093871726,4.290522670432771
15,14,0.17182068361025743,0.8664814861616428,0.8558391617337076,0.1415035521611079,0.16976435564955794,0.12803253060804157,0.007669011758723481,0.01378886380732482,0.5,0.3,0.5,17,2.859440449207024,4.837927929753038
15,15,0.16448513560632336,0.8643448029956162,0.8579087600011802,0.15772358204042616,0.07294244775678438,0.1133205177697616,0.0035617821087367005,0.02328204857301929,0.5,0.3,0.5,24,2.5224405891509445,4.655425488902122
15,16,0.2423378867627951,0.9422941584797435,0.9357726487715841,0.23967894702947523,0.16190076929574534,0.10995953718188439,0.01121730122408052,0.18126824930908636,0.5,0.3,0.5,25,2.754557510264891,6.0394224293487895
15,17,0.5017321667497312,1.201122416125589,1.193811043759771,0.5131759291793027,0.5425989669364903,0.09766098235654128,0.014458263064772969,0.7399648244985414,0.5,0.3,0.5,26,3.463386778611508,16.252788663476785
15,18,0.5018082360546333,1.2159342213733098,1.2216978469725988,0.5242954032098331,0.4273530595024624,0.12586589481895924,1.0,0.12210626157198372,0.5,0.3,0.5,28,3.045359581987922,8.648044644787495
15,19,0.7035373687594657,1.4118954855262347,1.4130078703827507,0.7297855356383754,0.6723427265482939,0.25786109695968357,0.0045493309000173695,1.0,0.5,0.3,0.5,29,3.5583769593564147,49.776762150149416
15,20,0.6056545008048875,1.3122415841475215,1.3129211010443937,0.6421015465428066,0.60491002349557,0.1373035277850619,1.0,0.34079767849782694,0.5,0.3,0.5,30,3.7868668120030495,15.752555042523602
15,21,0.604983203250423,1.3154220267841974,1.3202713972307172,0.6517119319084939,0.556411942524067,0.14144933928472986,1.0,0.3410169497259385,0.5,0.3,0.5,32,4.050700176226219,16.57694159941246
15,22,0.2827224551578476,0.9911907921177134,0.9957097762558139,0.32705519658797094,0.27354777284797194,0.11858639600171256,0.0678423978921532,0.2875484687803908,0.5,0.3,0.5,33,4.911352434048457,4.276194140209865
15,23,0.2589435123404245,0.967313838698935,0.9718199440889569,0.3087968708185453,0.20153192791604646,0.12670868993500495,0.05601270986308733,0.2392685502424269,0.5,0.3,0.5,34,7.740076987082759,5.825363789391637
15,24,0.21569274180338555,0.913785338514277,0.9131858329418432,0.2716875577580998,0.2784626338611524,0.12551834667880987,0.04594455724081522,0.17779386735166877,0.5,0.3,0.5,35,4.300127016424149,4.975364639961029
15,25,0.18974078831574603,0.8799743898300976,0.8746885017272877,0.2474816946510285,0.18788901314874487,0.06416568062725658,0.06783438270471713,0.1804540606768124,0.5,0.3,0.5,36,8.37663971624687,6.835610176979335
15,26,0.25970347723392573,0.9538695978608789,0.9567219078267943,0.3292720818888234,0.31048948937296406,0.12505504837565992,0.06921977436492097,0.27036171483887206,0.5,0.3,0.5,37,5.84523148265561,4.962400623773446
15,27,0.2584803224623441,0.9507814860440849,0.9534582654381503,0.33179065836951993,0.2452238756804257,0.1222685684139023,0.0685005955093857,0.27422285108449584,0.5,0.3,0.5,38,6.086370342346793,3.916650325681992
15,28,0.26758503330602046,0.9617561114781868,0.9685267382238995,0.3719903593966994,0.2373007987563589,0.12286496463898783,0.07353298681889743,0.29351350432681955,0.5,0.3,0.5,44,5.149841294618611,3.8271269875604297
15,29,0.29794525982683806,0.9889927802591212,0.9954916746156093,0.4156854642791451,0.30400626623668736,0.12278910106616425,0.08172198617673057,0.353706312110535,0.5,0.3,0.5,45,4.291436497141352,3.545095818230807
15,30,0.18495727541434753,0.8764589102620677,0.8869586064013635,0.3038357650818725,0.18060618667573552,0.11191638664732356,0.05122480386068816,0.1623825536628249,0.5,0.3,0.5,47,4.292336271652133,2.916842587696076
15,31,0.23767927169374023,0.9288976063768262,0.9393747075690664,0.3597599940428295,0.20871486090509964,0.10577445384950208,0.057146891265605626,0.2707263732545281,0.5,0.3,0.5,48,4.359219074940604,3.779223898679679
15,32,0.7394720360738692,1.423209876785535,1.4371088634857798,0.8921978409708821,0.7337944378427127,0.3876004042600533,0.06479418594301965,1.0,0.5,0.3,0.5,55,3.863574417313656,3.516071245980735
15,33,0.7501309063274788,1.4374223526377459,1.4555932765476105,0.9095109453435919,0.73211342493619,0.41279848256722157,0.060236133643903164,1.0,0.5,0.3,0.5,57,3.8696013490535615,3.7849547905554735
15,34,0.7560281297476805,1.4426967921678262,1.4608227754684022,0.9187366577056237,0.7374184478671642,0.4245009496956476,0.061224275998128005,1.0,0.5,0.3,0.5,58,3.811623826201674,3.896645016766135
15,35,0.7697520880015718,1.4599135504956584,1.4823083872697618,0.9490782425553499,0.7501724268315219,0.45140406584335374,0.06403798806510412,1.0,0.5,0.3,0.5,61,3.736123306004666,3.7958450776509607
15,36,0.7899067082703475,1.484296397103257,1.511013183282221,0.982492010500235,0.7730941226491336,0.4897671264687378,0.06820151504163105,1.0,0.5,0.3,0.5,62,3.625466904204294,3.762813863727005
15,37,0.7659063159583425,1.4602756331007172,1.4869909706362596,0.9721872684263988,0.7414605065891957,0.44318177701319855,0.06586846750793421,1.0,0.5,0.3,0.5,64,3.735656271939445,3.703779874314118
15,38,1.0420408621251176,1.7275534319415613,1.7536500238511,1.2522430294978477,1.0445414236288904,0.9925594628266404,0.08122999652690592,1.0,0.5,0.3,0.5,68,4.949279917353544,4.79880990935911
15,39,1.044671707284302,1.7264051911622338,1.752250912626494,1.2582359204835354,1.0607549768835434,1.0,0.08124551238426755,1.0,0.5,0.3,0.5,69,4.871104098252102,6.129114789447893
15,40,1.0306926837902606,1.7166323525640415,1.7468003133547783,1.2512724202993284,1.01917483860709,0.971267368968266,0.0833638479795714,1.0,0.5,0.3,0.5,70,5.128253934923906,4.270606916961557
15,41,1.0340862686739931,1.719331284505126,1.7494524231541222,1.2581102697478257,1.0217238413090253,0.9784756462954596,0.08337862453681227,1.0,0.5,0.3,0.5,71,5.126587392939529,4.439890305464719
15,42,1.0296648767627619,1.7167331144061029,1.7510247551507219,1.2674780357132156,1.0251415439922487,0.9712673451606516,0.0833638493733891,1.0,0.5,0.3,0.5,73,5.108947595464695,4.545993589463102
15,43,1.0329665011979026,1.71889579624312,1.7531130113927575,1.2742397092001814,1.0255274250236264,0.978475622236451,0.08337862592818797,1.0,0.5,0.3,0.5,74,5.105536454580284,4.721285140815408
15,44,1.0311805707952346,1.7120712246745808,1.7419093008647109,1.2828624461268339,1.0129441869623275,0.974826058688747,0.08358986486567829,1.0,0.5,0.3,0.5,76,5.099585544087123,4.723682527996795
15,45,0.7887914851549145,1.488522185157327,1.5357898599826965,1.0868052087740987,0.7714112576635209,0.4645063897846898,0.1270817160955015,1.0,0.5,0.3,0.5,86,4.795033534631835,5.465599144037774
15,46,0.7647946302870775,1.4574362227775302,1.5001936554828716,1.0823331941623762,0.7483407873490628,0.43175890693233726,0.10340711072226835,1.0,0.5,0.3,0.5,92,3.7522206359299606,5.720561977725942
15,47,0.7663833265660707,1.4563202880967911,1.4989042634686705,1.0838422804128376,0.7784933240971208,0.4362692713097016,0.1034004932997024,1.0,0.5,0.3,0.5,93,3.759135176034232,6.051580137214716
15,48,0.7726674023638509,1.4628514729654554,1.5054512431155112,1.101665463695608,0.7636056955933652,0.4489676785279109,0.10298533647313476,1.0,0.5,0.3,0.5,94,3.766171026477237,6.002515291777394
15,49,0.7331998101515442,1.4206915684796206,1.4631200476706832,1.0471050562732782,0.7400052194769905,0.3760578863341682,0.09505918060162231,1.0,0.5,0.3,0.5,95,5.995032602141421,6.000825032432927
15,50,0.7720663995014223,1.4627307107356635,1.5134842346069968,1.1228176119191788,0.7674901374895933,0.4075007123028458,0.17708307421340888,1.0,0.5,0.3,0.5,101,6.046728360727584,4.942460306027096
15,51,0.7791682144155292,1.470372615046024,1.525227377533126,1.1520714473161329,0.7751318006660821,0.4250385858767498,0.17444323512605237,1.0,0.5,0.3,0.5,105,6.130864273180372,4.899368671727926
15,52,0.7709461917318574,1.4668741165449948,1.5260883127119933,1.1665145650945086,0.7577273587075686,0.4161220523020221,0.16204109093155816,1.0,0.5,0.3,0.5,107,6.608970071795915,5.298482201566103
15,53,0.7704067161070313,1.4711035747806578,1.5346800082959853,1.1778344388551834,0.756978837043752,0.4160334080260367,0.1605032300678359,1.0,0.5,0.3,0.5,109,6.648518281810649,5.304237151272472
15,54,0.7598390267675115,1.4604378466539265,1.5240083137257,1.140829882205448,0.7458941947255254,0.3909744647975213,0.16710389325683134,1.0,0.5,0.3,0.5,112,6.346255644696903,5.411837364622182
15,55,0.771859033190455,1.4762647081400833,1.5441385918507222,1.1600458234604787,0.763186680798235,0.4184938504890019,0.16202180403976502,1.0,0.5,0.3,0.5,114,6.61516155910994,5.393272838536687
15,56,0.7737174664921386,1.4715443225959495,1.5349455313103242,1.1581405986077873,0.7750241412086831,0.40975485842406045,0.18378420614705715,1.0,0.5,0.3,0.5,115,4.228325683743395,12.88628531478884
15,57,0.7114000232082117,1.4014099855673736,1.46433982713221,1.1391908843834522,0.7228000529391857,0.28395490440284393,0.190190623805446,1.0,0.5,0.3,0.5,118,6.57181047043698,6.370092042407834
15,58,0.7122244363970891,1.4011083006924543,1.4639709150086144,1.1541347579262546,0.7034259130154303,0.29477988544038614,0.17549741558824858,1.0,0.5,0.3,0.5,121,6.6882610503485145,5.650812709573448
15,59,0.7206703066935787,1.41372532012678,1.4809148393753988,1.1680262412695512,0.7155978495968368,0.31631985841331633,0.168158146182427,1.0,0.5,0.3,0.5,122,6.364636647899237,4.984701663794344
15,60,0.756163396072772,1.4469636299139927,1.5140191281556863,1.1997069234660034,0.7648147528405073,0.37653104820117617,0.1872796477363749,1.0,0.5,0.3,0.5,123,6.491565360137128,4.73953142989493
15,61,0.757081660721108,1.446994736238235,1.5139976579189662,1.2041347103905868,0.7534800908831395,0.37864838596991995,0.18725890441466292,1.0,0.5,0.3,0.5,124,6.497407183245605,4.815764489557493
15,62,0.756957566073227,1.450971140408877,1.5222972498017093,1.2165084408013676,0.7492296319761146,0.37864838596991995,0.18725890441466292,1.0,0.5,0.3,0.5,126,6.406105205762951,5.006732007827019
15,63,0.7141424472154221,1.3996212044761394,1.466362886244244,1.167904903725701,0.7351709293851884,0.29400173514992023,0.1873405543842015,1.0,0.5,0.3,0.5,127,6.442547331957398,4.69607680912141
15,64,0.720024948068689,1.4115471878008736,1.4868099240736385,1.2187034061688027,0.7164286218412561,0.29020732420160267,0.215024516406557,1.0,0.5,0.3,0.5,132,7.11259837965021,5.102549372094346
15,65,0.701480817910364,1.395965897986967,1.4754859643795109,1.2200973537282755,0.7091874493887423,0.2709518258277116,0.1861875631485171,1.0,0.5,0.3,0.5,133,6.613845562312369,5.268521129977005
15,66,0.6938485405942258,1.3922539396779188,1.4760879393750712,1.2666285098114622,0.684395827659247,0.26053442908306984,0.17852256728486035,1.0,0.5,0.3,0.5,148,6.411396584999732,5.124706045145606
15,67,0.6877659427181063,1.4043217404249304,1.5055534803242723,1.3230135622273234,0.6790506858817658,0.2476270408301264,0.18044430205748846,1.0,0.5,0.3,0.5,161,6.265315590019376,5.044987890575273
15,68,0.7893776008800413,1.5105680144187272,1.616154684471972,1.4882796859730438,0.7799027056898553,0.45678418898989553,0.17069607232722508,1.0,0.5,0.3,0.5,171,6.421159350199738,4.634397459218542
15,69,0.7909118435374548,1.510062284380581,1.615531069405014,1.493475170070071,0.7993111901258085,0.4603736645874644,0.17066041930397535,1.0,0.5,0.3,0.5,172,6.438064754203236,4.778619016663038
15,70,0.7907450723511422,1.5098085478478722,1.6152723208586326,1.4972100152305348,0.7819924590268373,0.4600382649279351,0.17069850161190586,1.0,0.5,0.3,0.5,173,6.440004255731959,4.777962458509952
15,71,0.8176823802649039,1.526335592394698,1.6230234659737381,1.5327440371375383,0.8092983704950538,0.5160165696300926,0.1673883920320323,1.0,0.5,0.3,0.5,177,6.438385159869662,4.818377020732846
15,72,0.8170350652745781,1.540446696129089,1.6502492643933073,1.5586249599781659,0.8079409133723943,0.5147432036279332,0.1673851427302793,1.0,0.5,0.3,0.5,179,6.439818108282679,4.818316738908141
15,73,0.81572623966333,1.5319536007125925,1.6372542944443245,1.5648486683686471,0.8260795280837444,0.5091603842245431,0.17320300743425512,1.0,0.5,0.3,0.5,180,6.418810551075399,4.737563357337846
15,74,0.7988833023168357,1.5444349602296072,1.675954081816563,1.6310646393611656,0.7898967515417079,0.4746755339597985,0.1746730996853407,1.0,0.5,0.3,0.5,200,6.429935384673964,4.737450960181862
16,0,0.8257579796179828,0.9828838956145335,0.982002756430668,0.06045188025945388,0.0,0.0,0.0,0.0,0.5,0.3,0.5,1,13.415851518816584,71.1332108496322
16,1,0.5451947855213831,0.981081085312781,0.9779003933131166,0.09698847140619263,0.21515430045064848,0.08553646071100358,6.132729970514e-05,0.00015913061558032,0.5,0.3,0.5,3,11.399456311716854,37.47733359429674
16,2,0.4560062956640656,1.0202177934953431,1.015234039893272,0.16587186522069525,0.38969518055532676,0.19255759485157556,0.00253677528376493,0.03997764714615541,0.5,0.3,0.5,4,14.235165042009791,40.06736049598877
16,3,0.1952103235947506,0.8864228921332258,0.8815863833831713,0.09383301731450475,0.6994629122463553,0.11691985230622214,0.0009489196936240899,0.00326317089330501,0.5,0.3,0.5,5,4.07224649681947,2.794063081377824
16,4,0.18418427423407188,0.8780653357613859,0.8729344646001862,0.09483999844570289,0.07999611366592595,0.11326430227124566,0.00055985931962766,0.0018734961069094402,0.5,0.3,0.5,7,4.337927081037941,2.320765320074329
16,5,0.18715517893075106,0.8815925604802791,0.8763917127054482,0.10138245239979284,0.07320576302885225,0.11256244119650728,0.00224390246285606,0.01133807149850099,0.5,0.3,0.5,8,5.955769313512077,4.88172710623415
16,6,0.16194207854600293,0.8604624489359938,0.8545501033923931,0.0929792494199805,0.16291571698259433,0.10844966806031948,0.00064780479835874,0.0017905926533983599,0.5,0.3,0.5,9,5.406831836269819,2.355835209623261
16,7,0.15666666326283363,0.8559294391293032,0.8497919254693392,0.11699403967867307,0.06002529171902265,0.10805901577462465,0.00073430796541156,0.00181135409952251,0.5,0.3,0.5,16,7.821262758020095,4.833298353626932
16,8,0.15165671750240847,0.8613604478308635,0.863706082397214,0.11827681299982996,0.09556945051064064,0.10928921283267327,0.00072383076624292,0.0018858077634245698,0.5,0.3,0.5,17,6.981844424941774,3.9880243515565055
16,9,0.14147033430868866,0.846386426621032,0.8438153431017229,0.11510741010431176,0.09743842231310343,0.10738998288060701,0.00416446826861255,0.00278445324524263,0.5,0.3,0.5,19,6.93272860947376,1.4217575135293683
16,10,0.11937703806526682,0.8304540400251956,0.8354231590132181,0.13721378350606017,0.09042053119706564,0.10001861790418884,0.00307575927254977,0.00601515665091518,0.5,0.3,0.5,24,7.138711775606093,2.223800853312793
16,11,0.11831474994858975,0.8338797694433374,0.8431351429222138,0.1469833163081777,0.05848495891729878,0.10096227798803165,0.0033819489651882202,0.00522022634020236,0.5,0.3,0.5,27,7.292912641957942,2.259304129859872
16,12,0.11270091905201868,0.8209287196562478,0.825410436140915,0.1544774021195224,0.11465535574231227,0.0990272313652536,0.0032757578653283,0.006770381233458569,0.5,0.3,0.5,28,6.087337101465138,3.1576796529980453
16,13,0.1249629832490743,0.8359688250013165,0.8445168000248195,0.20072693041643846,0.07653873122035594,0.10346226855803707,0.006932299939538469,0.03225219316850011,0.5,0.3,0.5,35,7.115486173426798,2.5450130250429144
16,14,0.13239917622495725,0.8410372681107313,0.8492777436238023,0.23141038267461328,0.10446359293614237,0.10188513420146308,0.007982313565461011,0.05528184564240749,0.5,0.3,0.5,37,5.74643331799601,1.4411909623231471
16,15,0.12809154377223048,0.8403641680063523,0.8528225445778898,0.23719768279821055,0.0900493199614438,0.10501186261834466,0.00730319548053691,0.04735397644728857,0.5,0.3,0.5,39,5.234426946576622,2.1844057155939387
16,16,0.12815660800776477,0.8390726358657958,0.8513743676939092,0.23243791361032726,0.1040421640497946,0.10229780308714147,0.00648810419977284,0.05405960317573995,0.5,0.3,0.5,40,5.680867131091432,1.3601863104372012
16,17,0.13091992792683793,0.8420774933636076,0.8582602652516994,0.2529124166711013,0.16159772229540353,0.09747406671735823,0.009242935527379691,0.07246536888394514,0.5,0.3,0.5,41,7.5069887063375615,1.6016646128715533
16,18,0.12688249839688875,0.8396461038677903,0.8598715707566504,0.2572320445914006,0.11241652591367632,0.09068165103861338,0.00943079061902996,0.07722653436963613,0.5,0.3,0.5,43,8.587331202769498,1.836490702275011
16,19,0.12421981941808823,0.8234004872903301,0.8384953362429997,0.25139996421969146,0.20414782839942014,0.09570926215560882,0.01108020950285969,0.07804077255833461,0.5,0.3,0.5,44,7.129000288284159,1.6542574834311483
16,20,0.1197266079420043,0.820107729825034,0.8392722935177339,0.26979468038471804,0.11045564831814929,0.09781144905111723,0.00943437177073636,0.07223526290398244,0.5,0.3,0.5,46,8.752664232736386,1.5567145951025978
16,21,0.11919921818327647,0.8240400530177387,0.8475387868176205,0.28573573906647975,0.08956346476040625,0.09813603130809828,0.00902021793706791,0.07164487568920844,0.5,0.3,0.5,49,8.901992512845545,1.6066818619108307
16,22,0.1174967093924385,0.8050278629094133,0.8232161467174823,0.28636901900280454,0.23348510686799437,0.09763381761126654,0.01534765562926697,0.07663476103972645,0.5,0.3,0.5,50,7.800638372448715,5.684399078506219
16,23,0.1200265105146821,0.810567467277591,0.8329893251219043,0.29884134209800994,0.10561918169440779,0.09835892251153067,0.01798622420867087,0.08093455837409065,0.5,0.3,0.5,52,8.070819707042821,6.4139967637982265
16,24,0.1145783667916348,0.8023247904941716,0.8245484294453628,0.30728336248953325,0.09813347049860709,0.09775116866589292,0.014976964125732009,0.07456348408167691,0.5,0.3,0.5,56,7.165861463275996,5.597577471270992
16,25,0.11399115418366886,0.8006783950825405,0.8228276941935677,0.31018579190242346,0.10169017886479874,0.09793441764461613,0.01494483050725011,0.07399510693168121,0.5,0.3,0.5,57,7.180004603026461,5.898495587195742
16,26,0.11352922999066563,0.7993875839947637,0.8214789066350245,0.31320403389360896,0.09908458926398109,0.09772766682790202,0.014208634559345882,0.07431391620223413,0.5,0.3,0.5,58,7.371521671483516,6.176152950686896
16,27,0.11961033585547726,0.8179697628684828,0.8409658577699227,0.3180848480081675,0.15331309155140568,0.09916173616949481,0.01752873753212899,0.07290134931560081,0.5,0.3,0.5,59,7.783408908837885,5.766401926261815
16,28,0.11937669979708311,0.8219096444843214,0.8492206912257246,0.328226790116915,0.09893395709902748,0.09644459566522592,0.0194839748756167,0.07469238028385464,0.5,0.3,0.5,61,7.754291049241979,5.86762568375921
16,29,0.11937669979708311,0.8219096444843214,0.8492206912257246,0.3350733895607024,0.09141378159789273,0.09644459566522592,0.0194839748756167,0.07469238028385464,0.5,0.3,0.5,63,7.754291049241979,5.86762568375921
16,30,0.11853818400541978,0.8191510012359233,0.8463189527756685,0.34132661924344604,0.09462167390282135,0.09644808143392591,0.01955659104001438,0.0746872536706604,0.5,0.3,0.5,65,7.71805504388912,5.818144748119385
16,31,0.12022660945741365,0.8293875528796896,0.8611987388518346,0.3494825206650835,0.09178683849655345,0.09599146249846428,0.019003600316396578,0.07556247710069107,0.5,0.3,0.5,66,8.13890236253251,5.738236411265673
16,32,0.11598002266069116,0.803404101362198,0.8336733292067628,0.36078567096269143,0.09621190108190708,0.09783032864304583,0.01908976347643315,0.08161139424564705,0.5,0.3,0.5,69,7.431654774982592,5.837504997685615
16,33,0.11510951105077266,0.7962029471159598,0.8260543167922538,0.37395401232990383,0.11213405812729199,0.09518221506372897,0.01840475541294705,0.08650195692476739,0.5,0.3,0.5,73,7.182214619220288,2.987163489426984
16,34,0.11508470721187322,0.7910488050529263,0.816515127741549,0.37716697198665444,0.09674668194303934,0.09512439793433654,0.01858686511178651,0.0864979856596203,0.5,0.3,0.5,78,7.174994710655481,2.992992512412233
16,35,0.11395852386949877,0.7897188459659783,0.8151718963354531,0.37603728815515014,0.09633255092551737,0.09510213720205998,0.01843140355148765,0.08446928529525974,0.5,0.3,0.5,79,7.189947234052678,3.125927871644904
16,36,0.11510041478505444,0.7953167265128811,0.8251109610631321,0.3875873084610709,0.10381017470651038,0.09525072491457617,0.01860142326840699,0.08676273584739258,0.5,0.3,0.5,80,7.207525218148173,3.010154855246136
16,37,0.11584547862873927,0.7956814518702865,0.8214019820729376,0.4126519156956152,0.12786069685700602,0.09523282054036715,0.01843769204514588,0.0858682347260423,0.5,0.3,0.5,81,7.1264382663578765,3.039718139841526
16,38,0.11333967303222917,0.8092102717426084,0.8562305008816413,0.49779366539045716,0.09629288028597646,0.09681890218717625,0.02126572346305341,0.08216635244159397,0.5,0.3,0.5,98,7.738242925623246,6.195941988947546
16,39,0.11387792816288231,0.8144052012686159,0.8657799962471099,0.5174812880441155,0.09929171527016908,0.09802869364202135,0.022850293981892582,0.08122371970623186,0.5,0.3,0.5,99,7.073126106820386,6.270469410566441
16,40,0.11268528788701962,0.806915977078282,0.8538314620334119,0.5114783685293104,0.09995562534405028,0.09649285921269153,0.0209677781580791,0.08215173985536392,0.5,0.3,0.5,102,7.744984210165537,6.251713976392147
16,41,0.11125365982598892,0.8102493121437047,0.8615263651004632,0.536634329334057,0.09466306214463771,0.09703754987886734,0.02182353916179628,0.07831663188273497,0.5,0.3,0.5,106,7.544145942566615,6.817885711798238
16,42,0.11143848862392916,0.8093693189183853,0.8605787113741759,0.5586063159080511,0.10489094527334936,0.09761754215960265,0.02245632876751715,0.07822576675718808,0.5,0.3,0.5,107,7.465663865670312,6.125150034104268
16,43,0.11066020104963761,0.8178981319252616,0.8778166350150549,0.5869089384354902,0.09495361243677888,0.09468358536098723,0.01966277763362095,0.08155058326355957,0.5,0.3,0.5,113,7.688390837632862,6.498845668397671
16,44,0.11003358177407618,0.8143816319901246,0.8741179828637979,0.5970636700728751,0.10321984150427171,0.09482051385171304,0.01996856672289215,0.0812741110525249,0.5,0.3,0.5,116,7.765478531325765,6.509492594788759
16,45,0.10953545187318908,0.8075612665885348,0.8628383382216807,0.611046401244586,0.09600820395420599,0.09487173154453685,0.01929747319291624,0.08122488648174635,0.5,0.3,0.5,122,7.809508868500277,6.614809246287033
17,0,0.8517726768536802,0.9852344806622022,0.9844743682403798,0.0608949092983991,0.0,0.0,0.0,0.0,0.5,0.3,0.5,1,10.272930679650049,60.40536682805915
17,1,0.5977359610306556,0.9893146276682702,0.9865959914452765,0.0982220924392611,0.19022040648005842,0.084061784971018,8.240493586971e-05,0.00013904284738077002,0.5,0.3,0.5,3,6.609955032025777,38.18344968870281
17,2,0.47204353373696406,0.980718791414669,0.9766277829577746,0.11286138940102887,0.2677418884886853,0.10967561617877261,0.00252574199615922,0.00918500616774527,0.5,0.3,0.5,4,6.266799605199009,39.91020535403936
17,3,0.3869025922940963,0.9501680376326606,0.9452015614342398,0.09707322744134322,0.17902702933042886,0.0928936045249409,0.00016170435215727002,0.00029496869337414,0.5,0.3,0.5,5,4.002286685302066,20.341634589852948
17,4,0.2905516253737283,0.9166913828795766,0.9103101529470019,0.08798858067558742,0.25460873147384677,0.07832748592738352,0.00128410746784545,0.0021998831375434997,0.5,0.3,0.5,6,3.63203201179267,3.682400079390329
17,5,0.2563424586427475,0.9154021620326076,0.9125494785763452,0.09641088908469618,0.18635529154737365,0.09901114686668991,0.00114842970688584,0.00193775936813457,0.5,0.3,0.5,7,0.8741159469455011,8.221393354440647
17,6,0.20959058156117194,0.883652286344298,0.875369097442078,0.08725744292227187,0.19665156631636638,0.08481498215683572,0.0017950161681085299,0.0032186532429094596,0.5,0.3,0.5,8,1.6606724611499235,3.978785461711314
17,7,0.23707957409113894,0.9132326704303658,0.9048291425018842,0.14390532632634476,0.08590215168828125,0.11901735223188166,0.01730702002356438,0.02354482560541945,0.5,0.3,0.5,10,2.6543884233606776,19.6182650146707
17,8,0.19470891135869678,0.8746087903520905,0.8659389782003803,0.09337869820983676,0.08263027991751991,0.08231725989449977,0.00158752656434018,0.0027737077378181497,0.5,0.3,0.5,11,2.0565505254114145,3.912949081277283
17,9,0.19303850134657383,0.8733813067660058,0.8646787958132959,0.10285994953621505,0.04737628219614455,0.0806332138002489,0.0016508205039467,0.00323598845258445,0.5,0.3,0.5,12,2.081131175619632,2.743920660062792
17,10,0.18251627929140016,0.8726343963610362,0.867903823051756,0.10084094681401946,0.10520817682672146,0.08486811256725312,0.00176888517232973,0.00313031180507138,0.5,0.3,0.5,13,1.4422378929211448,5.937657138610438
17,11,0.19065151339570033,0.8824542013962098,0.8725380611070779,0.15098482359060722,0.1365132727105487,0.11747694724001805,0.01707610338609858,0.02243256324493237,0.5,0.3,0.5,15,1.622011967838446,16.49269461073607
17,12,0.1828130389713034,0.8762514790932118,0.866000368050255,0.15798773756569828,0.12603416913861284,0.11283644203047637,0.01824746798007518,0.026980265381248807,0.5,0.3,0.5,16,1.645387666883707,14.152095225990408
17,13,0.1641371056684673,0.8592432556585131,0.8481830506864397,0.1667965633436413,0.11487860265001462,0.09891329490073353,0.023229326373297148,0.035330146064301696,0.5,0.3,0.5,19,2.300607867894273,15.231725348668633
17,14,0.440833991036485,1.150226495660482,1.1527385446331793,0.4429023569053627,0.3594243314402785,0.08013297033784714,0.11291313035130304,0.5349944663516404,0.5,0.3,0.5,24,2.311666358218498,122.83970219792124
17,15,0.47271060586897495,1.1783739014238543,1.1866954542641817,0.45437110343850784,0.35525318763551245,0.08239966017961618,0.11182724307476768,0.5239766289488326,0.5,0.3,0.5,26,2.3399037070393995,108.33693736711072
17,16,0.25046199774570355,0.9590725933404808,0.9602612154188939,0.29848630142927507,0.18243235250893364,0.09462293870184205,0.090509500542307,0.20305568760660053,0.5,0.3,0.5,32,1.3139931985821338,1.927313867931631
17,17,0.19370446258557825,0.8987297892231656,0.896344916468425,0.22361556541816902,0.12434413974429523,0.10123300907612659,0.04644710488528853,0.08102387569548229,0.5,0.3,0.5,37,4.780163287164554,25.25223352295149
17,18,0.18629111920036787,0.8960136248734439,0.8976885175783893,0.22981161980422302,0.14141250672734662,0.09535862502326095,0.044900080627338114,0.08467539709215706,0.5,0.3,0.5,39,4.5432554906504805,24.771138371247496
17,19,0.17199538139308557,0.8804377340279684,0.8815747952998102,0.2465658296990042,0.11430445531760373,0.09465718317379535,0.042779687061876084,0.07639239756503716,0.5,0.3,0.5,42,3.9831478908618583,22.90907873989729
17,20,0.1762458618897455,0.8898924228501245,0.8954821317361122,0.26228275391706507,0.10514484342122568,0.09438143674580268,0.04321493162936778,0.08233329794671099,0.5,0.3,0.5,44,4.063365168224405,23.2445659715074
17,21,0.18002926381959022,0.8878425217929683,0.8888076644887218,0.27097937822609414,0.12372035591821116,0.10599636929108851,0.045231780966382626,0.08507117932185729,0.5,0.3,0.5,46,4.105699697922083,19.535165140621565
17,22,0.18111145606575957,0.8947494111165427,0.9003361470040291,0.2819694354781611,0.12091739414583572,0.09869444634624103,0.04753686840417507,0.08525791684018116,0.5,0.3,0.5,49,4.719150728712921,19.532828896901854
17,23,0.18280747185555257,0.8963015634829601,0.9018430093313393,0.28420721820172234,0.10983212646090934,0.10208558223078712,0.04706459953675563,0.0870147343616121,0.5,0.3,0.5,51,4.640418313708138,19.41848733442688
17,24,0.2215736641563929,0.9389277040258246,0.9507251155126494,0.31379303607387843,0.18075896633934846,0.08642284301149437,0.0559566189379234,0.09955090470268978,0.5,0.3,0.5,52,3.8811734424063,12.254050792972842
17,25,0.22815333402576132,0.9490296907739668,0.9654526599002337,0.341056771719972,0.1131373955485663,0.08669166895971853,0.05741613012456195,0.09891032999627396,0.5,0.3,0.5,57,3.9256838745178806,12.135686871347335
17,26,0.22859320240557282,0.9495464514596247,0.9659573420634139,0.3481868007714282,0.11084516313285675,0.10036457791204163,0.054646462548527716,0.08840181072004226,0.5,0.3,0.5,59,3.904669054217445,13.599095480670266
17,27,0.21404666483088042,0.9424045159982732,0.9626894928842201,0.35394262481438615,0.14988185811381585,0.08687413296869811,0.05476844558581796,0.09703113730102644,0.5,0.3,0.5,60,3.94584659325118,11.743553545708924
17,28,0.2387673177043957,0.9777397555267259,1.006534043794728,0.4002759031854742,0.15088495932366458,0.10613733895252776,0.07324323868947341,0.12677346738554982,0.5,0.3,0.5,64,5.066816969528994,9.725221080419036
17,29,0.24698882822634077,0.9907993645624361,1.0240092841334447,0.4249334820579772,0.18619848943460765,0.10755372672990535,0.07550918829758564,0.13857180335394048,0.5,0.3,0.5,65,6.338660442562031,11.707280100459986
17,30,0.2405786578353889,0.9734202396406821,0.9981964720627514,0.4018444577420148,0.1399623446432001,0.10560448639957828,0.07353064129507661,0.11459231456562405,0.5,0.3,0.5,66,5.95845355650224,14.998438175480423
17,31,0.24343998900067915,0.9726674551332588,0.9926509214563497,0.41493534676033605,0.15841237263919156,0.11095391112801305,0.07447187336604107,0.13336889119256548,0.5,0.3,0.5,69,6.154585608353562,8.920874918106877
17,32,0.24034493432923232,0.9744988059409461,0.9988649575386914,0.42907432117264643,0.14236369049972059,0.1104473266571326,0.07199743030551464,0.1287583814443658,0.5,0.3,0.5,71,5.932124309760659,8.481769527866398
17,33,0.25516681705290456,0.9888488688872609,1.0133947520903903,0.44735476404838825,0.15857861275427076,0.1099884406347765,0.08438625715418624,0.14350235503707723,0.5,0.3,0.5,73,8.485876656384933,14.895305482371104
17,34,0.26254485585948495,1.0048053265274055,1.0384334843022536,0.47954308985935834,0.1634506314750382,0.1122925356887747,0.08567534445316143,0.13949777123404455,0.5,0.3,0.5,77,9.975592009643885,14.377593836472071
17,35,0.15154941105960573,0.8660129235852793,0.9062273064917679,0.48320086950159546,0.1277475790642928,0.10409964030258237,0.054041802332211675,0.11322522893137903,0.5,0.3,0.5,92,4.032973561742271,6.844443825037901
17,36,0.1515494154733333,0.8660129094421474,0.9062272592030869,0.4972582096108837,0.12487546512719017,0.10409964385852569,0.054041803455471236,0.11322523415803558,0.5,0.3,0.5,94,4.032973574854314,6.844445506582322
17,37,0.14475021850901387,0.831457466450029,0.8495859884130893,0.4535986072597412,0.14619420172825143,0.10396764035150732,0.06747114779835556,0.09420742218473886,0.5,0.3,0.5,95,3.667218218902025,19.136954907988265
17,38,0.13374891230348082,0.8240568564564336,0.8464621740979209,0.46480236996682744,0.11597187468212257,0.10717118603542078,0.06033319936816091,0.07433579929737413,0.5,0.3,0.5,97,3.769788487172483,19.72437486625353
17,39,0.1351961443494853,0.805262527523161,0.8222449817146222,0.4613601505304412,0.27543843670141177,0.10536630800673416,0.06002079697105935,0.08941455538503759,0.5,0.3,0.5,98,3.868943836682036,15.873861270762507
17,40,0.13555071563630527,0.810366175597049,0.8317087064524533,0.46720050497223087,0.116470838308741,0.10600421667224488,0.05961370291894572,0.08984306983352981,0.5,0.3,0.5,100,3.8721473815908993,15.705845850989238
17,41,0.13884724756954553,0.806831207851386,0.8236763828260847,0.46833403234121546,0.14031199745690529,0.11246914918171058,0.06092891637709935,0.0902379052280802,0.5,0.3,0.5,101,3.977225376647766,16.07541663134902
17,42,0.17144403347489623,0.8975493849619318,0.9346941960214188,0.6063821137406662,0.13618192859006661,0.11218792581484639,0.07910387073397848,0.11242113691312092,0.5,0.3,0.5,127,1.8552911241858536,12.020167639386916
17,43,0.17140071667091344,0.8925196750723301,0.9252879280467285,0.6068779437018621,0.1360845251524329,0.11218808690305254,0.07908700906394253,0.11239714718623994,0.5,0.3,0.5,129,1.855588341935024,12.022293264138316
17,44,0.17525867333511702,0.9003220027410258,0.9373776944542342,0.6278557341894909,0.15150105138257858,0.11662183603516715,0.07106679011372126,0.12181667073003925,0.5,0.3,0.5,132,1.9143835571696048,13.125216752277908
17,45,0.14860228462394123,0.8483918517944145,0.8997195220105542,0.7195326456464224,0.1366831607052195,0.09687004411898889,0.06344024653153117,0.12783316906110437,0.5,0.3,0.5,143,1.3999253050934308,3.829513773868039
17,46,0.1599729515035156,0.8481800371689147,0.8947154801231956,0.7240210319197843,0.17274821649649352,0.10689823651128336,0.0632110465012635,0.14369300314239156,0.5,0.3,0.5,145,1.645736565839419,6.261699085521613
17,47,0.16034014932883944,0.8537092137130733,0.9046312642418604,0.7455461731339103,0.14502981309876356,0.1086544848787534,0.06493423316627463,0.1415453288735511,0.5,0.3,0.5,147,1.6270271285801794,6.478785070052607
17,48,0.15440678392752633,0.8421787752771066,0.8968235705498152,0.7454466681636094,0.24393375995469413,0.09744213295119356,0.07214579492716341,0.14074495161470926,0.5,0.3,0.5,148,1.2248759932116018,4.330551263931744
17,49,0.15409595901399709,0.8450445592449081,0.9039553817056789,0.7772546805202478,0.1498485623345209,0.09744213295119353,0.07214579492716341,0.14074495161470923,0.5,0.3,0.5,150,1.2753722578024078,4.367665445974534
17,50,0.15403630366424143,0.8495921349368113,0.9128555093787037,0.7947469643767688,0.14318708836386362,0.09744213295119356,0.07214579492716341,0.14074495161470918,0.5,0.3,0.5,152,1.3249810392082866,4.405359195297771
17,51,0.44094126092289365,1.141251675761874,1.2129521382887936,1.2455658101577873,0.4297107354944837,0.10311364734563366,1.0,0.15390656023447463,0.5,0.3,0.5,198,1.1063894326240258,7.351765357910237
18,0,0.805153373178903,0.9802226871634331,0.979204582153101,0.05979102570541122,0.0,0.0,0.0,0.0,0.5,0.3,0.5,1,17.084092021201727,54.35002478818318
18,1,0.5719008668838459,0.9821030782766934,0.9791969259672987,0.0938492552376178,0.18131680073742917,0.07692629688429728,7.101201924499e-05,0.00014195266897027,0.5,0.3,0.5,3,9.789346840761857,35.39276204032257
18,2,0.45457287634014426,0.992301076953901,0.987771475985252,0.13107913894226172,0.3258056916763346,0.14486657638357697,0.0025398439374314597,0.014188547797020959,0.5,0.3,0.5,4,9.9924696897499,39.94336462344948
18,3,0.21453212116254647,0.8924348817195946,0.8885905687062241,0.08482730595131635,0.6048405880577769,0.09148892624655264,0.00105437260375777,0.0021076855268146,0.5,0.3,0.5,5,1.7298420753793509,5.923150934885385
18,4,0.214100329319319,0.8939462245174719,0.8899850740412524,0.09301420375514892,0.059728284172079336,0.09884584864832431,0.0011207208620655899,0.00227236476657305,0.5,0.3,0.5,7,2.594701894534728,3.404420383186262
18,5,0.19705805268723378,0.8852294103779647,0.8806719581536547,0.09723882240041519,0.09885524783633835,0.10579814208484983,0.00061478547798422,0.00135715069712576,0.5,0.3,0.5,9,1.8429943872015715,1.910268907674376
18,6,0.19660735453550363,0.884937484262462,0.8803665567610572,0.1007899830224421,0.05576961230558687,0.10567878695758294,0.0006374849451749001,0.0014025268177625199,0.5,0.3,0.5,10,1.883983019665906,1.8461488527045813
18,7,0.19659789452097917,0.8900939447070747,0.8898774671790085,0.10501131085671474,0.057139278126414866,0.10672801997720133,0.00066536485327941,0.00148364305801649,0.5,0.3,0.5,11,1.9722188573009931,1.6802239088908888
18,8,0.1925967006750578,0.8781053636853648,0.8689839477219145,0.10989192510866036,0.06765589644319889,0.10724069084721423,0.00082664135094285,0.0028450815929583597,0.5,0.3,0.5,13,2.840629049108074,2.045891469207424
18,9,0.18958187246366512,0.8805751730394273,0.8757604692981801,0.11725192465802822,0.06340155820612475,0.10639075656663856,0.00063130060823462,0.00144037554417876,0.5,0.3,0.5,14,2.009417003359849,1.495031738029508
18,10,0.1884871950269366,0.8802608183568802,0.8753688733736849,0.12424321583313523,0.06705917652775038,0.10724069084721419,0.00082664135094285,0.0028450815929583597,0.5,0.3,0.5,15,3.169080545304053,2.0020042288269804
18,11,0.1792442918682129,0.8684297256892837,0.8588947543112341,0.11092233834409766,0.09438238750614722,0.10436714096725233,0.00105572527682945,0.00229717430316393,0.5,0.3,0.5,16,1.689836262422699,1.576025504422702
18,12,0.1775784641066143,0.8685613166012807,0.8587782231812787,0.11941283710931118,0.09612829582857087,0.11190559149525342,0.00130135042241601,0.0045162356629376,0.5,0.3,0.5,17,2.8044884735184588,0.9380670520140076
18,13,0.1661269528105163,0.8640067957485097,0.858246043986019,0.12438743571419164,0.08243582101825012,0.10544214420117257,0.00166865581348668,0.0053846080511383,0.5,0.3,0.5,19,1.972826491979195,1.5562638625472922
18,14,0.16050471186453025,0.869218066087059,0.8719696445496724,0.16229386006395485,0.06019967848923155,0.10339580063155526,0.0025638455380952202,0.006618704711566931,0.5,0.3,0.5,27,1.995709170984924,1.504166405767695
18,15,0.15054504300505414,0.8676780615049766,0.8747442677757302,0.14287986272635841,0.06602727503008653,0.08090914056774226,0.009919181682908711,0.01399172772184277,0.5,0.3,0.5,29,1.937681552609457,7.115746108511354
18,16,0.12605220738408288,0.8395512720710301,0.8450729179285754,0.14500025259773114,0.158257638201203,0.07734644788888446,0.010812606136162129,0.020772133123218038,0.5,0.3,0.5,31,0.7587819735856874,15.384798188991525
18,17,0.11415476916585254,0.8233760211946811,0.8280166052833159,0.14212812642444006,0.18581586045525594,0.08255323991702804,0.01620872165465414,0.014207869089439709,0.5,0.3,0.5,32,1.3944168252582203,20.763014078206133
18,18,0.11444623558792036,0.8230234787926206,0.8275615196643571,0.15734125651760214,0.06005362302317683,0.08542178583352358,0.01630390854884481,0.01456106953112005,0.5,0.3,0.5,35,1.7956937080206383,17.212882849065355
18,19,0.10840881480839813,0.8195007348033567,0.8280603188102997,0.14018088607656193,0.10641263763968462,0.0823854966854438,0.01599575971270855,0.01450311594748587,0.5,0.3,0.5,36,1.4566519914467944,18.182812703303547
18,20,0.09389595643639251,0.7921923944590902,0.7950566069626738,0.16658662446744874,0.12424709997643239,0.0731674016172128,0.0297584018761921,0.022109692949407612,0.5,0.3,0.5,40,0.7505646683926855,8.924715133596957
18,21,0.1012703415961815,0.8051127072854615,0.820610252935403,0.1840855460738823,0.0668494540888536,0.07863139717205073,0.02861587058842751,0.03237686708010769,0.5,0.3,0.5,41,0.46384554177741,16.01758672047994
18,22,0.08109406543830884,0.7457104328470099,0.7461817844998055,0.15910592816695268,0.3449155373057176,0.0731674016172128,0.02975840187619207,0.022109692949407588,0.5,0.3,0.5,42,0.1975237319454353,10.67466334514701
18,23,0.0810685197331289,0.7455189896669987,0.745978557316203,0.15599958996421606,0.0574942386843246,0.07319529609567986,0.02978809245329403,0.02213884267800057,0.5,0.3,0.5,44,0.1991759847453745,10.59958021307546
18,24,0.08201097372868191,0.7364107050494147,0.7361757909601632,0.1496651549729184,0.1660143396864578,0.06986117421866182,0.02607886465442947,0.03646332999772809,0.5,0.3,0.5,45,0.1822485603138293,3.485861570727619
18,25,0.08473284147875781,0.7348684050594805,0.7343423706784755,0.16344032407770262,0.08881543441406958,0.06345722850565168,0.04566666703625723,0.03933981884069003,0.5,0.3,0.5,47,0.2620365690310035,4.490841831998571
18,26,0.08150089654384435,0.7036233683910065,0.7013349600945447,0.1473752924015612,0.3322000099725078,0.06461532369340095,0.04533582541971868,0.04435947939430017,0.5,0.3,0.5,48,0.056614839046194,1.6843812464384027
18,27,0.07878693245753679,0.7004217236365959,0.6981049168660166,0.1445610105599842,0.06708728626841318,0.06561202777891167,0.04279486915761687,0.03958677263941167,0.5,0.3,0.5,50,0.0258266395411006,1.73038367953717
18,28,0.07878652112408346,0.7004189684107818,0.6981020299247986,0.1445603775033173,0.06544857830602972,0.06561202777891167,0.04279486915761685,0.03958677263941171,0.5,0.3,0.5,52,0.0257976870712257,1.7300949064617448
18,29,0.0777734585079737,0.7016566734916232,0.703550119253964,0.1671521134983155,0.07309619455203979,0.06335521092309152,0.04291216029593981,0.04067877701784902,0.5,0.3,0.5,55,0.0314106104446696,1.643570975114002
18,30,0.07772853242027784,0.7011504983786635,0.7030162018352897,0.17271807268700143,0.06912021127833876,0.06354591607800118,0.04285035943877217,0.04059085030104296,0.5,0.3,0.5,56,0.0293795967748477,1.5852069296054965
18,31,0.07454895881876847,0.6940340363314937,0.6956639980376106,0.1691779895033929,0.0980715384228732,0.06539378647452926,0.039221165224805746,0.035846716672607096,0.5,0.3,0.5,57,0.0449149341381718,1.6183429539376113
18,32,0.07816322110709956,0.6938121407897107,0.6952142564951873,0.16365207589307484,0.10101205457893822,0.06597448598733245,0.0435572175188794,0.04107156891367303,0.5,0.3,0.5,58,0.023842665977723,2.2356211156207246
18,33,0.07406463017130073,0.6295546303332592,0.6275470908752026,0.15660885942049876,0.5842533152655391,0.06563876630401505,0.0483333830368797,0.042494145593019825,0.5,0.3,0.5,59,0.0313713986620143,1.4707342487973023
18,34,0.07400539949418146,0.6285856306244073,0.6265282086931202,0.1563861655991326,0.0723185267727771,0.06563876630401505,0.0483333830368797,0.042494145593019825,0.5,0.3,0.5,61,0.0291013454366732,1.4434631362555552
18,35,0.07477184292270986,0.6241891382227509,0.621848802300892,0.15631438160326744,0.09153165538359309,0.06525033365271082,0.04937014061227729,0.04445892726764774,0.5,0.3,0.5,63,0.0301275190326293,1.3304112269306652
18,36,0.074771851568011,0.6241890941607915,0.621848755033659,0.1563143825434998,0.06966635044908637,0.0652503292954329,0.049370152156647876,0.044458949802842804,0.5,0.3,0.5,66,0.0301275254731025,1.3304103681686643
18,37,0.0748595869533046,0.6171662721281927,0.614438652923751,0.15830476356950582,0.08961374739499468,0.06525147724474731,0.05103607512231445,0.04445868459453029,0.5,0.3,0.5,69,0.0309609969354679,1.3258417850147208
18,38,0.22003814851545217,0.7606094859617726,0.7618928543407156,0.3111109711383786,0.22171520570006212,0.06529461709190698,0.5360448640072065,0.044473461010873225,0.5,0.3,0.5,78,0.0319856909310199,1.6168814137453922
18,39,0.3591236899406321,0.89766749319446,0.8988411820582022,0.45550938517851064,0.3714955746357021,0.06529638761053314,1.0,0.04447539136944142,0.5,0.3,0.5,79,0.0320435516616262,2.1235157072939077
18,40,0.35904378260251296,0.8959573188701905,0.8970429791973161,0.45511645559947594,0.358181202805724,0.06529638761053314,1.0,0.04447539136944142,0.5,0.3,0.5,83,0.0296758780658131,2.1170156693733864
18,41,0.10459936206845234,0.638280299825819,0.6474059268263438,0.22471071804016154,0.11439002412379645,0.06268035280199871,0.07281401176382814,0.09570298890695657,0.5,0.3,0.5,91,0.0894535746055352,205.82830953902493
18,42,0.10439920618687461,0.6338081127394961,0.6427048725436438,0.23334527689513695,0.11831088114850809,0.06248506569081867,0.07724128875284678,0.09318901734684973,0.5,0.3,0.5,93,0.064008750631551,194.9069395846149
18,43,0.10359707125721584,0.629469441940038,0.6381770780876865,0.2350048663563421,0.1289420730053628,0.06267396344526353,0.07486995835750468,0.09309297087784107,0.5,0.3,0.5,94,0.0670495632655057,194.721861399922
18,44,0.11618115977377483,0.6284544760015784,0.6446590393138087,0.21940054930376582,0.15149600111136938,0.0761056345365468,0.07569582604146491,0.10588786474731549,0.5,0.3,0.5,99,0.0298492924371777,229.9945908794431
18,45,0.11618116182086181,0.6284545420515124,0.6446591121375513,0.2194005630998198,0.11370695979898751,0.0761056345365468,0.07569582604146491,0.10588786474731549,0.5,0.3,0.5,101,0.0298492660362415,229.9945584347583
18,46,0.11647469471866931,0.6273259654649959,0.6434552433324017,0.22522452958155886,0.1254172229565295,0.0765920614346743,0.07590497002657028,0.10594381017219276,0.5,0.3,0.5,102,0.0303697726832978,232.505777905238
18,47,0.4014995448757109,0.9173203202565099,0.9378229264223201,0.5542380770681559,0.40000028603599147,0.06786784668714228,1.0,0.1302992088551288,0.5,0.3,0.5,108,0.0186881527216076,198.56220730580532
18,48,0.11416379216063423,0.6100026439992414,0.6294517539541393,0.23242391571377563,0.2664120577019619,0.07585107020952746,0.08326387372370193,0.0986513390245505,0.5,0.3,0.5,109,0.0460992422569655,193.9985602299912
18,49,0.11156702468695541,0.6032091034045919,0.6224375208343531,0.27945406112628635,0.11633648275836053,0.06977635410867014,0.07930458950900168,0.10208856187025657,0.5,0.3,0.5,114,0.0249622140783305,200.5771331752881
18,50,0.10995472142413007,0.6009691844312077,0.620164593842634,0.2914142184563128,0.10982698444996591,0.06931949982431171,0.07573928819035025,0.10148709015861072,0.5,0.3,0.5,117,0.0269812480735735,200.8996654430975
18,51,0.16997678053297502,0.6484131610513777,0.6628346145355839,0.32592404041812884,0.22930900912401989,0.06912873286685774,0.2690754823794455,0.10602924955887479,0.5,0.3,0.5,118,0.0216376381210072,204.9293494823221
18,52,0.17001028370926768,0.6470734690716385,0.6655367647858207,0.3314672861351991,0.1932161298700873,0.06918128854636467,0.2690181850154466,0.10630965340096857,0.5,0.3,0.5,120,0.0206033232010146,204.74874320892783
18,53,0.3825351293681259,0.8565287708927395,0.8748312750204318,0.5464258311582038,0.38508299042945676,0.0692805299196591,0.9750614445686467,0.10774194945785473,0.5,0.3,0.5,126,0.0254284986780167,202.86564995245536
18,54,0.1577332612110064,0.6378618766544641,0.6647137850743747,0.3515590970577576,0.16405598204157196,0.06853151553247037,0.1986203805294884,0.12488410051014612,0.5,0.3,0.5,130,0.0129515569610437,204.63724603657087
18,55,0.1577367694789394,0.6341297195894126,0.6607863236993121,0.35075645593209825,0.18486830179932934,0.06855365034852136,0.19860506464051783,0.12499446878982437,0.5,0.3,0.5,131,0.0183812751875652,203.4289458149185
18,56,0.15770770431207065,0.6322116389446322,0.658769501362793,0.350315914608866,0.17105638986427868,0.0685536503485213,0.19860506464051778,0.12499446878982437,0.5,0.3,0.5,132,0.0144910253388278,203.9730276801444
18,57,0.24497333456289533,0.7320131343891265,0.771570000360695,0.48328661944925966,0.24625736658497963,0.06850377848566018,0.31701900120787846,0.22859757877836362,0.5,0.3,0.5,139,0.0089034009611238,203.95948768171547
18,58,0.24510656050965451,0.731629984203603,0.7752746594164122,0.4929250190703528,0.2654466103728826,0.06825270838512819,0.3174769868924081,0.2289997584040441,0.5,0.3,0.5,141,0.0085404844385472,203.74823452551016
18,59,0.24634506709128673,0.7318647183409599,0.7754569801565212,0.515795856482037,0.24780017863195347,0.07028824964121494,0.31767556700731464,0.22935068697320773,0.5,0.3,0.5,144,0.009594128805599,204.094341501506
18,60,0.24631153836102326,0.7330492570437525,0.7808201004371685,0.5149660418119285,0.27445702636756436,0.07028740769852701,0.31763554639939107,0.2294101120796185,0.5,0.3,0.5,145,0.0100148930923698,204.38703147662767
18,61,0.24643296024082142,0.7326297363681644,0.7803723581819396,0.514977795381979,0.24955209843078166,0.07011327378558632,0.31802014932263656,0.2296108151759635,0.5,0.3,0.5,146,0.0094692533656193,203.90894631547184
18,62,0.24523316988847876,0.7306320432704985,0.7783330482983312,0.5351873251530443,0.2503541431159956,0.06853910724920774,0.31789501545411525,0.22888155934860976,0.5,0.3,0.5,147,0.007594259217598,204.29760176632504
18,63,0.24592132617981013,0.7178720887249845,0.7566414467369385,0.5316901794131276,0.2518208493999095,0.06895497945027004,0.31866797507403677,0.22947002414792506,0.5,0.3,0.5,151,0.0108279018574784,203.7339893631759
18,64,0.24650082522505318,0.7149749260181996,0.7535630897544309,0.5463927930652266,0.2591397730609937,0.06882708931617725,0.3186770146046146,0.2308377482338601,0.5,0.3,0.5,153,0.0107152647574046,203.7971112272417
18,65,0.2446256897721204,0.7188358168514016,0.7659537097176027,0.5734651472761904,0.2518001337864184,0.06871170332773299,0.3184611920319833,0.22743110147118709,0.5,0.3,0.5,157,0.1019893061060765,204.4743633576228
18,66,0.24437730034605915,0.717012590896986,0.7681641527124048,0.5830764031141389,0.269097373560015,0.06890948150009282,0.317825853620442,0.227263324510651,0.5,0.3,0.5,159,0.0733073763812086,204.3563534881457
18,67,0.2515510782874537,0.7235736440524351,0.774693323975211,0.5938813386176135,0.25551802767185033,0.06889804031876973,0.3165630898508725,0.24239334395345186,0.5,0.3,0.5,160,0.0267668690127706,209.85899649527371
18,68,0.2450670492957785,0.7111022753317835,0.7619105569159844,0.5823626960589978,0.26769777666198147,0.06943369484761258,0.31711573880416366,0.2286813704471931,0.5,0.3,0.5,162,0.024860887173445,204.9518442692205
18,69,0.24525950965522736,0.7215946856797212,0.785286405832977,0.6005480018361936,0.26227731284370065,0.06905691316776034,0.3176336757276221,0.22922053579575782,0.5,0.3,0.5,164,0.0179034008914147,203.6466079613569
18,70,0.24492214604975157,0.7085891382478928,0.7633903900224667,0.6034023197826529,0.25141262785605945,0.06948664556109457,0.3170005570682719,0.2285478344558341,0.5,0.3,0.5,167,0.0332514712663908,204.0540833434437
18,71,0.24500425710477214,0.707384742819973,0.7621191675136616,0.6107692444624718,0.2542426722844182,0.06944160951778543,0.3169664678780033,0.22880078621642555,0.5,0.3,0.5,168,0.0260847377035873,203.99282238844364
18,72,0.24514975986278492,0.7085476378643814,0.7674511403825607,0.6140085375938931,0.2752785334757947,0.06930956304625736,0.31741527959350174,0.22902402939995184,0.5,0.3,0.5,169,0.0311152293124322,203.80730109501204
18,73,0.24532371870896774,0.7125505537219832,0.7757691730601464,0.6101206243415989,0.25332459322817713,0.06908009919149631,0.3177347678256737,0.22942884394650465,0.5,0.3,0.5,170,0.0288572499169852,203.65072205706704
18,74,0.245278407824652,0.7120394965658116,0.7752339320690278,0.6137935770401736,0.24819090076009198,0.06914719545134775,0.31767569852967287,0.22931449372607968,0.5,0.3,0.5,171,0.0293378416272941,203.67800742943805
18,75,0.24558283221531552,0.7107335848085112,0.7738443776186754,0.644329271799274,0.25832884712499266,0.06968885368224445,0.3176964920266597,0.22939804165904168,0.5,0.3,0.5,172,0.0311621347535724,203.92441149936923
18,76,0.24546263590412082,0.7076428027019649,0.7705994669973025,0.6244501099008335,0.2672450636764852,0.06933787640514369,0.3177925402995877,0.22949789389534817,0.5,0.3,0.5,173,0.0304607918928221,203.60786960226903
18,77,0.2456685120876912,0.6997024086163802,0.7581199133745398,0.6354211107334425,0.27008743862872353,0.06964515967383891,0.317652962539664,0.22973668168475614,0.5,0.3,0.5,174,0.0269201334985151,203.6333480074494
18,78,0.24564691029724195,0.6994917016714561,0.7578993953973192,0.6353559795719363,0.24570444577408662,0.06964064852206354,0.3176597156905772,0.229696854046154,0.5,0.3,0.5,176,0.0266743074383412,203.64375518603853
18,79,0.24567981182787152,0.6992957361424704,0.7576915585378116,0.6391569027472066,0.2467957352595456,0.06969012741385433,0.3176754849326191,0.22970725641812123,0.5,0.3,0.5,177,0.0304708871404122,203.6785153303793
18,80,0.2452761253758704,0.6987406656853614,0.7571286346588069,0.63490527617052,0.24479721698608647,0.06961124050594786,0.3175589721751418,0.22905102301809924,0.5,0.3,0.5,183,0.025618979911133,203.8942755156827
18,81,0.24585645707714018,0.7072150272181938,0.7742455721481531,0.6775626616633004,0.25042346432514684,0.06957975957083605,0.31826882645725746,0.22984774397602564,0.5,0.3,0.5,186,0.025166437495651,205.16661825121096
19,0,0.8087175774112751,0.9806157408843731,0.9796178568914109,0.059875557273032655,0.0,0.0,0.0,0.0,0.5,0.3,0.5,1,13.55170903525616,63.19245175523916
19,1,0.5656939317653411,0.9827422780918394,0.9797648251037262,0.09556849656287102,0.19026273620993742,0.0809736431008867,7.494626834343e-05,0.00014021361873113,0.5,0.3,0.5,3,9.54073577996797,39.69805492166792
19,2,0.4571446970098658,0.9779697550865543,0.9737018742141252,0.11278861901887564,0.2560368690099656,0.11303705033672731,0.00113569988446774,0.00803083134416476,0.5,0.3,0.5,4,7.536440847962854,10.778671465630191
19,3,0.20603388199639647,0.8889959282006668,0.8848325504805006,0.0862191813563818,0.695427095509163,0.09696808219343961,0.00090016210287101,0.00223932495150464,0.5,0.3,0.5,5,3.721091929612188,8.176629285110511
19,4,0.21413031450316247,0.899238838943675,0.8949850055954737,0.10477507886220053,0.06772211175971285,0.10861637717522465,0.0023778603451645097,0.01370340962314448,0.5,0.3,0.5,8,3.888737088635106,6.468226755079995
19,5,0.172972230718775,0.8626287102126577,0.8530330548536185,0.08566557859636949,0.1916452166562878,0.09639489266720154,0.00059713404698576,0.00130056677095426,0.5,0.3,0.5,9,3.5265372213506816,2.519457840487072
19,6,0.17288258157932684,0.8675112722978972,0.862285467380665,0.09550357426643714,0.04927759652400579,0.09639489266720154,0.00059713404698576,0.00130056677095427,0.5,0.3,0.5,11,3.5223072739652266,2.4696622806836706
19,7,0.17677013242016715,0.8670149093354643,0.8573399304297035,0.11122066585079048,0.06646958127479262,0.09806900928322845,0.0018121055355552,0.010753227393175439,0.5,0.3,0.5,12,4.429496094936816,2.050894552284686
19,8,0.16571326900008626,0.8589355130125617,0.8487368000059586,0.10510198054441787,0.1362443339717778,0.10187876784818506,0.00195937907268014,0.01104331501230621,0.5,0.3,0.5,13,3.8857244998638,7.502920256213062
19,9,0.15465445915924242,0.8491819318280954,0.8385850013450304,0.11213683576824097,0.11524742469403734,0.09766544571330733,0.00203694434058551,0.011173868249368831,0.5,0.3,0.5,14,4.532940847830278,5.940228020419854
19,10,0.19888979529458034,0.8938847958718166,0.8830045763872201,0.15461382260376488,0.14807986866865108,0.11227477958654297,0.01213650029426081,0.09091678793407784,0.5,0.3,0.5,15,7.08162434361235,27.74880440884209
19,11,0.18643778676505796,0.8814086310748648,0.8700359001915378,0.1609111422987341,0.17682441848964275,0.10798735159173807,0.01221864873456642,0.0893360176088763,0.5,0.3,0.5,16,7.621600392326702,24.71603882544184
19,12,0.18623618517002266,0.8859356974450414,0.8787771580192224,0.16999910226137255,0.11702719650852784,0.1096294218078886,0.012708218568043661,0.09273629309665696,0.5,0.3,0.5,18,7.419416924315478,24.498533923072948
19,13,0.17327352501701196,0.8661676838507525,0.8539937809248122,0.16959151594205532,0.19973112570269944,0.10858298942909438,0.012243372431531289,0.08936970132737239,0.5,0.3,0.5,19,8.25047388512965,24.111601017305617
19,14,0.17308505787753603,0.8659573608919325,0.8537780077425258,0.17208248755047112,0.10336993924923492,0.10839801293816578,0.01223270177040503,0.08935232248529136,0.5,0.3,0.5,20,8.217124021555925,24.157305866933733
19,15,0.17158282953208961,0.8690970514613163,0.8612167409545604,0.17620607818101652,0.11341777135007802,0.10748552074000411,0.0123255325608602,0.08947369242510617,0.5,0.3,0.5,21,8.57106330935535,23.57618162134368
19,16,0.17119324691324284,0.8686734120988475,0.8607836350321115,0.1759316236044241,0.10343643142111665,0.10692279321734971,0.01236951623515458,0.08953066802148466,0.5,0.3,0.5,22,8.745269658526144,23.308263395552736
19,17,0.1635386074209303,0.8529216553528619,0.840061437616696,0.17982382080987297,0.1929616479384451,0.10890592816665048,0.01216000972757983,0.08926840216149137,0.5,0.3,0.5,23,8.072601584965104,21.517557856323883
19,18,0.15250448091471366,0.8389212772332616,0.8256231786721313,0.18030665059059983,0.11379627757143296,0.10571480705548084,0.01088636345326115,0.08223488900205135,0.5,0.3,0.5,27,8.975943510790616,21.28771948290086
19,19,0.1535562736017127,0.8448259180464951,0.8358881000719125,0.1923534516466246,0.09942755423373281,0.10461313519412387,0.01163551827846758,0.08530257702407337,0.5,0.3,0.5,29,8.87872532143541,26.41785101071907
19,20,0.16370912693173156,0.8541858344145532,0.8451427839737752,0.2002716527973421,0.12577472348159657,0.11300113323371765,0.014719905964237029,0.09787230776042548,0.5,0.3,0.5,30,10.748199736752428,24.975336598281142
19,21,0.15473670479923315,0.8382927097117262,0.8246295345587047,0.19567789828137055,0.1410360386193516,0.10851134214652768,0.01272003741470576,0.09126453955414857,0.5,0.3,0.5,31,9.964801330375058,24.417977208239108
19,22,0.15466590649839745,0.8431159778277324,0.8338195917562928,0.20421037746002624,0.10418502994192735,0.10851134214652776,0.01272003741470576,0.09126453955414851,0.5,0.3,0.5,33,10.06568385207388,24.61896026061854
19,23,0.1553904352608572,0.8425674681852563,0.8331210643995036,0.20522792710481164,0.12876112107994836,0.11212822511119677,0.014250536671719419,0.09146081037465979,0.5,0.3,0.5,34,10.664463833139433,22.90852715546334
19,24,0.14068556911418795,0.8214026214060433,0.8074123096833928,0.1903641638982314,0.11899472505891383,0.10482405405193006,0.01193598599733174,0.07435148565467362,0.5,0.3,0.5,35,7.88293568166149,24.2709460764819
19,25,0.12584649157901523,0.8108359690696142,0.8011450797199413,0.1850501561671625,0.08465920802556262,0.11303848984199595,0.01056554575077036,0.03879674891702576,0.5,0.3,0.5,37,9.656663697283616,5.548037347377054
19,26,0.4646820090334233,1.1373937150775189,1.122596456574637,0.5191089901189418,0.5357208702016717,0.20423841765499595,0.02787284597811135,0.6287078511464307,0.5,0.3,0.5,38,38.77815741438621,1.0297881509124558
19,27,0.47037668607926025,1.1343168292257053,1.1187509560889366,0.5571722391596031,0.45996479889292774,0.20787848972918474,0.03055521306575132,0.6471651583475629,0.5,0.3,0.5,43,42.93076872226123,2.456281826353499
19,28,0.4647607473320235,1.1276867533283996,1.1160155811903825,0.5627149253826508,0.47051374889473985,0.20178163053274284,0.03117670204901863,0.6483235214584248,0.5,0.3,0.5,45,44.352881800228985,1.5774824304910988
19,29,0.47751652879811224,1.1326055987361061,1.1163371120075163,0.5791975250012459,0.4657633328919263,0.206934752663078,0.03388591890899656,0.6699854295536845,0.5,0.3,0.5,47,45.67908631046323,1.97925260064542
19,30,0.47899267049795213,1.1376572554846327,1.125659050072266,0.5912063174640676,0.45833426738521577,0.2063797437338804,0.03428528674548118,0.6745072309221823,0.5,0.3,0.5,49,45.59911478156213,1.0054137381142818
19,31,0.4857621859369866,1.1354486941577926,1.1187763916822604,0.5986297924680128,0.48230855250179994,0.20889488212632457,0.037318007416605056,0.6873403803865921,0.5,0.3,0.5,51,50.983956250420455,2.624924253156895
19,32,0.48774084355694386,1.1418658512225512,1.129530827988289,0.611367023687402,0.46395944948502066,0.20834069836304006,0.03773967560026436,0.6919758925040687,0.5,0.3,0.5,53,50.91753900111011,1.6668146168947673
19,33,0.4849943119157804,1.1324480215003259,1.1156146176806203,0.6137553096713457,0.4783913455711624,0.20794681913952465,0.03744647954551754,0.6884691329744859,0.5,0.3,0.5,54,51.15636259907264,1.4595817328673166
19,34,0.5006927879392826,1.1500025896487416,1.137321425000019,0.6355869992035983,0.4874594062999912,0.21349517345655938,0.04082751112423903,0.714690148204886,0.5,0.3,0.5,57,53.05613029730579,2.632402256370715
19,35,0.5136354490068331,1.1581314770454312,1.141081355188429,0.6480071744280004,0.49007239411726067,0.21247819488797967,0.04490278190407987,0.7392507060178873,0.5,0.3,0.5,59,55.42839871667624,2.2540274040692805
19,36,0.5135984748451715,1.1585373143020172,1.145550169064169,0.6786003375886274,0.4972205867294442,0.21490251054546702,0.04497643937304923,0.739750721548023,0.5,0.3,0.5,66,56.38860069778674,2.213198357049757
19,37,0.5153470837546738,1.1648802980344521,1.1562419443807752,0.6895414039483057,0.4963652814662691,0.21374048736061985,0.04540487050815924,0.7443938878425148,0.5,0.3,0.5,67,56.14513556699685,1.1830793656657006
19,38,0.5143278783117656,1.1638028225343402,1.1551604347655529,0.6997304863039457,0.4918446687181149,0.2137742224699499,0.0452108612339169,0.7424786929117329,0.5,0.3,0.5,71,56.172614554179376,1.6063397886398516
19,39,0.5151344945836438,1.1645821149204623,1.155937856565992,0.7117362156266702,0.4927790848728762,0.21371296578945984,0.04537092002209324,0.7440750407903944,0.5,0.3,0.5,72,56.151652222735926,1.2539667648439734
19,40,0.5429510574443472,1.1850549969148403,1.1718731529744986,0.7168350633126199,0.5335537712741959,0.22243351115768423,0.053288788693256796,0.7878318282281278,0.5,0.3,0.5,74,64.29569260997624,2.660555093482757
19,41,0.5421361828774345,1.1840754490646712,1.1708822198995619,0.7425350663781984,0.5208091025950735,0.22115537104639585,0.05325831158499315,0.7876113160329794,0.5,0.3,0.5,78,63.8698987583723,2.648875490858281
19,42,0.5446845809984759,1.1904601881351322,1.181564780360537,0.7526189757827678,0.5345844903813834,0.2212293218501834,0.053789293839562116,0.7930213069894954,0.5,0.3,0.5,79,64.06328040201362,1.3688384677165013
19,43,0.433650127333102,1.0786161136417314,1.0696659110429,0.6444057932420553,0.4207712378357217,0.20118464627135613,0.04630741138513836,0.595995507095478,0.5,0.3,0.5,80,39.24133667897229,1.3111383711133613
19,44,0.0877158616662603,0.7460610447908022,0.7501319333586162,0.32625123061563366,0.08187131778387237,0.1031087323727693,0.01544504776379511,0.021619246515105862,0.5,0.3,0.5,81,8.549296624359517,5.973653097194986
19,45,0.08545997839074435,0.7286778292211799,0.7277066295508259,0.31857525960665833,0.168714861542593,0.1016073986989071,0.01801757787332575,0.02269254064686889,0.5,0.3,0.5,82,9.381626217018017,7.582771867810758
19,46,0.08918343224769389,0.7311604671062786,0.730109501805632,0.32845140715867216,0.08365375362746628,0.10592272055590625,0.01772280750208588,0.026618948080917172,0.5,0.3,0.5,83,9.581006029305186,7.908748352707946
19,47,0.08903144038579545,0.7357972006001445,0.7391092358571314,0.340097738176773,0.072242875253214,0.10594622620688052,0.01758900761821161,0.026449623654621966,0.5,0.3,0.5,85,9.565483945543322,7.740036544394355
19,48,0.08965262770516531,0.7353753100710111,0.7386205674129723,0.34699834502364335,0.08244626445341656,0.10660425177776141,0.017528134085224058,0.027578367377884837,0.5,0.3,0.5,86,9.566601931168584,7.690394784893104
19,49,0.09049301611353955,0.7240859348877842,0.7225043167833396,0.34178461247688613,0.1434405078453198,0.10651527274430644,0.01755060716392379,0.032596685427076846,0.5,0.3,0.5,87,9.972388169776414,7.63413375248752
19,50,0.09037995233128254,0.7288037934728177,0.7315880829507674,0.35371760562477833,0.0752810091484144,0.10654086855559461,0.01742420716603519,0.03247034328974728,0.5,0.3,0.5,89,9.955472971289478,7.480043756634325
19,51,0.09085434097626237,0.728966164918864,0.7317309660440469,0.35733133946258383,0.07822095727808956,0.10708081326106657,0.01741007275453459,0.03302047888013524,0.5,0.3,0.5,90,9.940998187283498,7.29605151483329
19,52,0.08817254954980913,0.720999270117986,0.7193697535163944,0.3861960727065322,0.07347644851439479,0.10487554726430177,0.015401985263127,0.03121271130326736,0.5,0.3,0.5,94,8.73788867255126,12.509614400710095
19,53,0.09131720329797029,0.7180813935529867,0.7160771405184465,0.4047258711713835,0.10534750512767986,0.10219365961939665,0.01607553090340135,0.04221378454984196,0.5,0.3,0.5,96,10.23566159348092,11.551243700770057
19,54,0.0875312292331411,0.7289409989434166,0.7400442688636831,0.39067893521628033,0.07417212257203773,0.10377432019621109,0.017526718372210807,0.03226415094034864,0.5,0.3,0.5,98,9.294846575607838,5.45606192485253
19,55,0.08750939875544503,0.7337514911150652,0.74922089268164,0.4148646614494865,0.07380840292760191,0.1037743201962111,0.01752671837221079,0.03226415094034865,0.5,0.3,0.5,100,9.258695376910604,5.458880836812044
19,56,0.08779899834463382,0.7335968235913009,0.7490390155259554,0.4218760320097662,0.0777788229018946,0.10555052853700538,0.02031308439315118,0.029564303995445913,0.5,0.3,0.5,101,9.718797780304604,3.915331735120131
19,57,0.1083817106053671,0.7984228737512686,0.8532063890235978,0.5856033155438352,0.09440988847528024,0.1098353789583357,0.020432974398802,0.06647820333773183,0.5,0.3,0.5,122,8.2411751848669,1.9170412619617143
19,58,0.10449704282235606,0.7876657105859088,0.8379584771095278,0.574230446234243,0.10862638860234627,0.11275965930617741,0.01777556077976013,0.05809641384319738,0.5,0.3,0.5,123,8.12761607521705,1.9800740014174376
19,59,0.11120522066645541,0.7938173043576153,0.8440762599234405,0.5829186148585005,0.10264934725360275,0.11355673594538712,0.02212663750478493,0.06830574399754459,0.5,0.3,0.5,124,8.444650016042852,1.3970920951033172
19,60,0.10434428047370636,0.7905571147146473,0.8451075659925891,0.582694706618784,0.10324191240437555,0.10909611259234005,0.02099057954771112,0.06020566445156579,0.5,0.3,0.5,125,8.237248347344142,1.1826057187431136
19,61,0.10552374855148086,0.7838145368458753,0.8338121482361077,0.5858688780578303,0.11983332425137518,0.10856841892844632,0.02175204758639247,0.06366613609592828,0.5,0.3,0.5,126,8.436202209994137,2.782416968849488
19,62,0.10392207538977383,0.7867545991471203,0.8411008154951878,0.5968554290625169,0.09305066688501948,0.10833377803213153,0.02132588960784761,0.06109683218540794,0.5,0.3,0.5,128,8.119284735533972,1.3422467512844125
19,63,0.10390681923369305,0.7865022673708498,0.8408344099683454,0.6042252726647528,0.09308370436245003,0.10837133732573226,0.021326251365195788,0.061100512009760445,0.5,0.3,0.5,129,8.165122460695915,1.4389964694494044
19,64,0.10342405203136534,0.7891425210714359,0.8477384197402587,0.6124826762588105,0.1075097132198021,0.1076087530482637,0.02164288910923225,0.06131067324626184,0.5,0.3,0.5,130,8.07661074609016,1.5456270195381634
19,65,0.1034240520101011,0.7940895478769917,0.8570586103495563,0.6288603585752779,0.09095266637427002,0.1076087530251731,0.021642889114937388,0.06131067323558753,0.5,0.3,0.5,133,8.076610743706567,1.5456270175239282
19,66,0.10313247962231445,0.7687827352841781,0.8098692234826894,0.48028683933420496,0.09324307283843822,0.10754056125190316,0.02182852789469259,0.060775490339367064,0.5,0.3,0.5,134,8.045481582894178,1.5597476425973844
19,67,0.10305572804891504,0.7976625298925712,0.8649446388497928,0.6410008498606979,0.09729535172464793,0.10690153667435222,0.02180435188146182,0.06150924057814513,0.5,0.3,0.5,135,7.678898301469912,1.4945879355590217
19,68,0.10598923043419248,0.7926293504369774,0.8635227298709911,0.6287497053701002,0.1531813497832334,0.11201388435997713,0.02794869173668877,0.062348512491833166,0.5,0.3,0.5,137,10.207322393606042,2.8526858226255505
19,69,0.10597586171446642,0.7974614692441261,0.872722085099979,0.6492028971339667,0.09601135163777712,0.11201388435997714,0.027948691736688756,0.06234851249183323,0.5,0.3,0.5,139,10.20272566246694,2.8396136336744986
19,70,0.10594175947244013,0.8021154040691334,0.8817340751111911,0.6584694573499247,0.09670201971268806,0.11201388425465715,0.027948691809873187,0.06234851228947005,0.5,0.3,0.5,141,10.187494976097314,2.795871507212825
19,71,0.10592340543494111,0.8069046659048852,0.8908884096622675,0.6790106829080186,0.09617922797629962,0.11201388425465715,0.0279486918098732,0.0623485122894701,0.5,0.3,0.5,143,10.158947878482314,2.711966630324555
19,72,0.102826930643118,0.8018388856956035,0.8897951042453832,0.7033780057237794,0.10006961364620899,0.10643769876721791,0.028993596131545108,0.06283935568796742,0.5,0.3,0.5,152,10.069821950996088,2.8825097461801024
19,73,0.10727054561227728,0.8142137512198376,0.9108033521547603,0.8030056668902911,0.09896017764726467,0.10327806341101751,0.028359879192241026,0.07572859869658398,0.5,0.3,0.5,170,6.170827726103107,4.917028896655708
19,74,0.10346372228151289,0.8087974462368819,0.9093852369921149,0.8161255398266722,0.15163929365541834,0.10466837001117922,0.02752073993603078,0.06868327417808484,0.5,0.3,0.5,171,6.90094173146663,2.8936951230107257
19,75,0.10583476708279274,0.8058686161864171,0.9061556924894543,0.825449079441379,0.11300596243006628,0.10412820972207462,0.027550471791858884,0.07503171564601761,0.5,0.3,0.5,174,6.760647021317418,3.0734765623063858
19,76,0.1052461392298416,0.8149352003855236,0.9239550401108195,0.8605946008517525,0.09762028015690404,0.10369984293922252,0.027376724356915683,0.07443411155146037,0.5,0.3,0.5,180,6.840386704261916,3.0304487181495445
19,77,0.10574097797247389,0.7836275465097885,0.8703835499168965,0.8344211770580026,0.11855182780519874,0.10492546799267899,0.03444125309764074,0.07128820813440136,0.5,0.3,0.5,183,5.563504368925923,7.674293703546049
19,78,0.10662622141500458,0.7722019814244457,0.8582720107465077,0.8408742167482672,0.1521754966821931,0.11200080632700837,0.029693065304638888,0.07086190442699422,0.5,0.3,0.5,185,5.574476591983967,6.100810722718398
19,79,0.10648668078031563,0.7698509999264627,0.8557986897374824,0.8403875724676351,0.1188278998951485,0.1123593988484235,0.0289552641199445,0.07099753013482665,0.5,0.3,0.5,186,5.707942163384196,9.4051008637852
19,80,0.10570646607554798,0.7734718312985712,0.8637625046335076,0.858026880648146,0.104170919738864,0.11055622188812836,0.03101170828172975,0.07008655295641163,0.5,0.3,0.5,187,5.5519023858927685,8.009870006874623
19,81,0.1056842156299885,0.7681807474681748,0.8581809632108899,0.857131372447652,0.14389740893006436,0.11281920248715654,0.029103413471791427,0.06967121093934092,0.5,0.3,0.5,188,5.687409659833147,8.960787636987002
19,82,0.11872672147441315,0.7727881362695782,0.8623258730310337,0.8952339958595523,0.13106788707207845,0.11893723628890038,0.02930556823303363,0.090614159352814,0.5,0.3,0.5,192,6.347752691112539,8.84240227367069
20,0,0.6514681900282024,0.9613620719237734,0.9593730385542676,0.05562643060581451,0.0,0.0,0.0,0.0,0.5,0.3,0.5,1,27.31098640208588,67.46751847813917
20,1,0.4500166504916055,0.9571938609737592,0.9531240110371675,0.08655817277297662,0.19359514821539464,0.07235157992750686,6.972532309563999e-05,0.00011105487766212,0.5,0.3,0.5,3,18.66860232288292,42.9479407296578
20,2,0.423425765894377,0.9574345785245975,0.9529645776902875,0.09531843877502774,0.10481260360048912,0.08638232600552606,0.00049028940768234,0.0018550688647845201,0.5,0.3,0.5,4,9.25584230628716,11.495777720334448
20,3,0.2883486562290815,0.9160679783541503,0.9096458097465066,0.08346693609360661,0.33643951604900496,0.08102805947607125,0.00027890129238258,0.00044421951064850995,0.5,0.3,0.5,5,12.52610215440179,25.844124222923995
20,4,0.27810590237653704,0.9154620898886251,0.9087555204950041,0.09027044838404552,0.08956074402772515,0.08828362121808978,0.00077929020039988,0.00272812243308438,0.5,0.3,0.5,6,7.208762531404495,3.295943497168637
20,5,0.17280138227863878,0.8606776144298897,0.8512974733904136,0.07522552631386314,0.4459729712451548,0.08440191575126356,0.0006275279078608,0.00099949389895911,0.5,0.3,0.5,7,9.378649890156222,10.701507280248132
20,6,0.12986052573802292,0.824900160066429,0.813604517298437,0.07084461433706253,0.18916552696430292,0.08619644482018272,0.00111560516953032,0.00177687804259402,0.5,0.3,0.5,9,8.845645358805822,5.515754028855585
20,7,0.12900217160204056,0.8289387514563438,0.8219593158906595,0.07933228334073557,0.04882547915031434,0.08640046899313655,0.0012030307444221599,0.0019161249631258301,0.5,0.3,0.5,11,9.075314445606033,5.312818078614462
20,8,0.12408007761984473,0.8182728215846091,0.806486924388637,0.08368714372447393,0.07998246230895752,0.0904744003808418,0.00181345708960504,0.00287233493387219,0.5,0.3,0.5,13,8.10231569278867,3.6894846843380784
20,9,0.1144287271088782,0.8083517484918584,0.7997996107019051,0.09727929120766797,0.2267961808447435,0.10168411804272572,0.0038326387363452003,0.00498149867180094,0.5,0.3,0.5,14,12.882706679512026,2.8298967103181107
20,10,0.1110153356251473,0.8081548712830319,0.8037178985358986,0.10276916884846406,0.07385838609546404,0.1010796287923684,0.00398745614817226,0.0052280838142869,0.5,0.3,0.5,16,12.840870341732089,2.7449606277459258
20,11,0.11108154175018918,0.8014215253443345,0.7923608955997566,0.10712838448259347,0.07637134036802949,0.10623083901520387,0.00403102101675707,0.00621027112352667,0.5,0.3,0.5,18,11.999580741721692,1.6947235307569524
20,12,0.10797694153611637,0.8017024326129603,0.7968189703343034,0.11267020245632159,0.07139115615322192,0.10446659219235331,0.00414119518915635,0.006190637175758721,0.5,0.3,0.5,20,11.819191413008967,1.9001301171903
20,13,0.1091925389498173,0.7957567130431937,0.7862402466447986,0.1174460696344978,0.08026781939559327,0.1106805504425131,0.00450950196778805,0.007853079315214801,0.5,0.3,0.5,22,11.38936421938516,1.0261236165699192
20,14,0.10619927675675055,0.795863463922896,0.7905163180401218,0.1234457669921015,0.07515291794883253,0.10889205606448663,0.00461343724110317,0.007818160950390859,0.5,0.3,0.5,24,11.28045253869814,1.114911657115104
20,15,0.10409770954079355,0.7923280558146217,0.7868292655318334,0.13262362850677548,0.07061554911037707,0.10810383334710932,0.0050115991253423696,0.007188211196187511,0.5,0.3,0.5,26,10.244614323101116,1.0798792836828952
20,16,0.10198978670961666,0.790073926457038,0.7845599704112223,0.13311324789995346,0.05948573903868957,0.10526563649791426,0.00460365105819516,0.00635249875191331,0.5,0.3,0.5,27,9.989305496989212,1.2289061149874254
20,17,0.10324756841759243,0.800179684743113,0.8033049069260261,0.14072067978917394,0.07568673758656382,0.10787523444447537,0.00484309954062308,0.00818491912548237,0.5,0.3,0.5,28,11.89213024212057,1.271355867902462
20,18,0.09980366560054584,0.7844682680996125,0.778612579099932,0.1435522641966198,0.07596005996270719,0.10406162796891318,0.00604374232961667,0.00875709703167258,0.5,0.3,0.5,30,12.141381806387123,1.9054065699827425
20,19,0.10236427522745759,0.7866665840693906,0.7807760298942416,0.14546350546596812,0.0663732182193807,0.11021381065708125,0.00542060478598475,0.00873054699597214,0.5,0.3,0.5,31,9.700302885830654,0.923976032025999
20,20,0.10188643917178795,0.7908338131545141,0.7892875151008458,0.15379120306088104,0.06306422360286497,0.10920987447765296,0.00569187980985857,0.009134707366451191,0.5,0.3,0.5,33,9.84006880093724,0.8772768328136925
20,21,0.09909134910219489,0.7782349655703144,0.7718699476304207,0.1555012241682348,0.12926876789300265,0.10828432649786247,0.0070046676572826806,0.01127957198735116,0.5,0.3,0.5,34,11.75660975154392,1.0553132229200195
20,22,0.09719047413215828,0.7757989196660406,0.7693867375297929,0.1563969698535421,0.06749385860414348,0.10625707400114882,0.00658804534102167,0.01051674251759092,0.5,0.3,0.5,35,11.554100571116372,1.2008945494998065
20,23,0.09984361532644138,0.7742490315753975,0.7674775360947305,0.1681404035987448,0.08390649447046716,0.11242281581020365,0.008245691655567811,0.01421608268299207,0.5,0.3,0.5,38,11.644747112154498,0.6717931412314311
20,24,0.09761727913398908,0.7708731763805627,0.7640064648416461,0.16882399964209258,0.07866555553584592,0.11041588530496835,0.0078451099284102,0.013410787818682579,0.5,0.3,0.5,39,11.456006652363849,0.7404976131927026
20,25,0.09879370652222666,0.7766555486947399,0.7741339621995903,0.18316539687067074,0.06989277347358724,0.1124122696430121,0.00809058037474188,0.01402722093809386,0.5,0.3,0.5,40,12.036295664895736,0.6688308976089244
20,26,0.0971421068278263,0.7674020777397587,0.7602925528619284,0.1768841118776024,0.08175178933352979,0.10839343087545121,0.00982996277021885,0.01673372450662176,0.5,0.3,0.5,42,13.832533684265996,1.1382479767340796
20,27,0.09494462997585855,0.7640289485174403,0.7568260722998736,0.17754165674004982,0.07806895644053286,0.1063266649200443,0.00942522774763256,0.015923629573121812,0.5,0.3,0.5,43,13.629791979470646,1.307260274162276
20,28,0.08844234850170878,0.7805868677081557,0.795118517089828,0.22392337617607716,0.06825361920634763,0.10284133023620702,0.00738402786220535,0.00937966800103226,0.5,0.3,0.5,45,14.125726666263532,2.8543499215738324
20,29,0.09842005931583067,0.7626466340881833,0.7550681623143476,0.18969894404108542,0.10681319790641641,0.1125324552170127,0.01149053608531438,0.02030638069754937,0.5,0.3,0.5,46,13.96461190733475,0.5723845661266578
20,30,0.09839401682405294,0.7675124006188022,0.7643029150838542,0.1996661619468619,0.0701827774667641,0.1125324552170127,0.01149053608531439,0.020306380697549357,0.5,0.3,0.5,48,14.05539117760098,0.5753195945868972
20,31,0.10184569042132971,0.7619340301098276,0.754046751336276,0.20413256497850749,0.09818640689535726,0.11795346213176026,0.013431208071029049,0.02429307262843926,0.5,0.3,0.5,50,14.369599545857312,0.4730944208933718
20,32,0.08881916582045385,0.7775794009508386,0.7958570695934641,0.24805328096515172,0.07374748494427874,0.10910209098606573,0.00821031764072836,0.01107924973048287,0.5,0.3,0.5,51,14.162880592038883,1.793015401557612
20,33,0.09947736402110915,0.7614535323981824,0.7577167837435129,0.21515449104876444,0.08528824635301735,0.11686674172582023,0.01305855422664955,0.023398046905840762,0.5,0.3,0.5,53,14.283249330676682,0.4894925722450294
20,34,0.08624994116398829,0.7771027770722806,0.799547083874106,0.25887169663928206,0.06989901051000755,0.10713820150887811,0.007734903333187331,0.010504530421363959,0.5,0.3,0.5,54,13.58042983598169,1.8832865863552184
20,35,0.0971171025391359,0.7797916750700595,0.79763336219877,0.2699493207683542,0.10793627690490692,0.12223319727934265,0.0107771985867667,0.017770634614513968,0.5,0.3,0.5,55,17.29246828946978,1.46588238029742
20,36,0.09256482510199684,0.7725494319090361,0.7902032673133373,0.2786323867799783,0.07674292643169105,0.11735016253320153,0.01073503442856273,0.015492319858842371,0.5,0.3,0.5,59,13.849349437168543,0.8613794388701713
20,37,0.09257898151448332,0.777381388333383,0.7993994369633981,0.2888692258113275,0.0703775662040376,0.1175408716024537,0.0106908540684514,0.01544589152186831,0.5,0.3,0.5,61,13.797751626720576,0.8162762545879889
20,38,0.11272033652941177,0.7628869217736233,0.7542923882325774,0.24720918118132137,0.08991824366238726,0.12992857571968572,0.020568148371726082,0.03741918103252902,0.5,0.3,0.5,62,18.419171624209536,0.4837831226687104
20,39,0.09261516493920599,0.768894058769528,0.7903336612071546,0.29911329097238193,0.11615564917134365,0.11210371793458813,0.013779107347740622,0.02452815037646839,0.5,0.3,0.5,64,13.020863276467455,1.2813528854588017
20,40,0.09462147366495173,0.7696400542196106,0.7909955313048694,0.3596520654128623,0.0764508906949889,0.10212739698669761,0.01759979853386815,0.03697234921354658,0.5,0.3,0.5,72,13.143532811019178,1.7696867284968518
20,43,0.08951972071981273,0.7514435998455814,0.7760166865669353,0.38578320479517303,0.09380225619078776,0.10245801914847276,0.01826909182053838,0.03484736650558678,0.5,0.3,0.5,80,11.387189567414376,2.028030307843908
20,49,0.08480085004240143,0.7371425473542313,0.7692791527654772,0.49095049835835086,0.07512060682404885,0.09972361895115726,0.02044526884578031,0.03383852340676708,0.5,0.3,0.5,102,13.189279860940104,0.932705022962696
20,50,0.08480214936062959,0.7371109306804753,0.7692455752149985,0.4980627743094136,0.07320831466310088,0.0997316755645746,0.020418728939769808,0.03385913368483959,0.5,0.3,0.5,103,13.213742862742327,0.9245605699290796
20,51,0.08022264747553344,0.735928807053782,0.7764255100399163,0.48928439956565556,0.0810564406679213,0.10026904928424328,0.01727827137309755,0.027982663457378286,0.5,0.3,0.5,108,14.6524154394432,1.4549564325858864
20,52,0.07935766717080221,0.7336912513570267,0.7741077104646488,0.491812900112575,0.08050285140126484,0.09951062817237975,0.016484787659648482,0.027859299469963288,0.5,0.3,0.5,109,14.750246443680991,1.4210801833802782
20,53,0.0797257944307887,0.7366293515241458,0.7812806169309956,0.5078535139648145,0.08979471283325734,0.10026904928424332,0.01727827137309754,0.02798266345737835,0.5,0.3,0.5,110,14.240219796608146,1.3754800691477045
20,54,0.08327750535388265,0.7401490125184241,0.7847983246679501,0.5078169284728442,0.0730421359373637,0.10298460481956596,0.01693179271234272,0.03258984048862877,0.5,0.3,0.5,113,13.84904006799681,1.0439219221049312
20,55,0.08279898800142574,0.7383873032174872,0.782961970848765,0.5143692211532327,0.0836946787803983,0.10231966483985844,0.01694867304081677,0.03262154288120027,0.5,0.3,0.5,114,14.26197296921163,1.0390918699747818
20,56,0.07935275590787302,0.7503314254587712,0.81214380122745,0.6381742657689871,0.07119623164484098,0.10321559852321183,0.01895907214021747,0.024735794828921128,0.5,0.3,0.5,138,15.259653947759071,2.5139591023737213
20,57,0.07998903104873112,0.7404733246336584,0.8016840770599781,0.6484512489078724,0.11753102170799334,0.10313082338930273,0.02543802481176996,0.02459012456203971,0.5,0.3,0.5,140,15.655880316715104,1.430310396264889
20,58,0.08292384058095956,0.7649386917529902,0.8478332475357366,0.9138367890892428,0.07530918287783608,0.10848067561777683,0.01841757082646682,0.029984335550993602,0.5,0.3,0.5,191,16.01611169894804,0.6064872870484846
21,0,0.8678842909487146,0.9869031284494578,0.9862288742549578,0.06126323521789517,0.0,0.0,0.0,0.0,0.5,0.3,0.5,1,8.616573502199536,66.47925740208714
21,1,0.6023773287448903,0.9884577232525065,0.9857927098224613,0.09655428004398686,0.19076007573575862,0.08026333899871055,8.513350093257e-05,0.00013765790648506002,0.5,0.3,0.5,3,6.257010185070181,44.07147586462433
21,2,0.2135845272597265,0.8947925438107369,0.8907454963997177,0.09025459863455222,0.4885959547211699,0.10422182713406437,0.0010978057213681899,0.00194082438267984,0.5,0.3,0.5,5,2.5652502671742434,4.512894401754209
21,3,0.19739421656290895,0.8849579107054517,0.8804513956574047,0.09228738834907609,0.08725411844654611,0.10317876676496013,0.00077553231382725,0.0013582225508095998,0.5,0.3,0.5,7,2.451383985932752,2.983510754232916
21,4,0.1908330973360647,0.8753598732534741,0.8663153887742883,0.09005229874226493,0.06349932393603511,0.10058620621486142,0.00066203773294143,0.00111902206573301,0.5,0.3,0.5,9,2.216975316644564,2.595408038830626
21,5,0.19083204943093227,0.8803062207034521,0.8756348771698119,0.0957591095641858,0.051053935445081494,0.10058620621486133,0.00066203773294143,0.00111902206573302,0.5,0.3,0.5,11,2.2203364329636197,2.599403507748229
21,6,0.18372879711451412,0.8769737511602683,0.8719186883187217,0.1044008281844982,0.11320168469154092,0.10624535090135152,0.00130169334017106,0.0033186527528129297,0.5,0.3,0.5,12,2.7169728289827404,3.3151312335999066
21,7,0.18372879715231166,0.8819207779809952,0.8812389049516696,0.1106909112448607,0.05517267352933301,0.10624535090135152,0.00130169334017106,0.00331865275281292,0.5,0.3,0.5,14,2.7169740164861595,3.3151305766990333
21,8,0.1789090157404037,0.8696458802357683,0.8598997237826358,0.11993626775437677,0.10705718446885093,0.11567303030195496,0.00087214742398085,0.00174046393174912,0.5,0.3,0.5,15,3.4736161508051064,2.490047764462032
21,9,0.1789090075175735,0.8696458802357683,0.8598997237826358,0.11993626775437677,0.05896856680286338,0.11567303030195496,0.00087214742398085,0.00174046393174912,0.5,0.3,0.5,17,3.4736136431296547,2.490046434478844
21,10,0.1696067490761233,0.8627546464273049,0.8525728924826123,0.13078402637727782,0.09347534551723732,0.1176656058953948,0.001379751284422,0.0025838327838576198,0.5,0.3,0.5,19,3.0467265783460227,2.784179742481771
21,11,0.16960674818061494,0.8627546464273049,0.8525728924826123,0.13078402585667204,0.06053882283173621,0.1176656058953948,0.001379751284422,0.0025838327838576198,0.5,0.3,0.5,21,3.046730093316273,2.7841816253569247
21,12,0.1500747348877808,0.8588718072492556,0.8615984799759431,0.1360510904833743,0.06187131781624247,0.08550437928491825,0.0031269747958018604,0.0044476831735876,0.5,0.3,0.5,23,3.182288650683048,1.805421748341005
21,13,0.16419638765648586,0.8631035316318225,0.8570826834366848,0.12940031738299745,0.06024464186321022,0.11622205991000073,0.0016017922687926,0.00294286532366292,0.5,0.3,0.5,24,2.9418584769002383,2.2900874476904645
21,14,0.14467108657635824,0.8493743477245529,0.8473809384761165,0.13690045781877963,0.10038415510848606,0.08825923172498631,0.00381630612990434,0.00565587440901498,0.5,0.3,0.5,25,2.9494341660672365,2.0150599331363765
21,15,0.14413534887702675,0.8538256378693307,0.8561801331439501,0.1474907428436335,0.050007103919640826,0.08792313554172317,0.00397423902828258,0.0058869753193866396,0.5,0.3,0.5,27,2.9905620132467683,2.0505066883330647
21,16,0.14668327061352116,0.8563977901880082,0.8587360014375007,0.1668835991899551,0.05345029116761318,0.09164598266957766,0.0036849036149040303,0.008115283100337569,0.5,0.3,0.5,28,2.915415342072068,2.4263834336872026
21,17,0.15492674802043646,0.8549449922271718,0.8484534982431264,0.15426896616205732,0.07433990867894122,0.10290960473191721,0.00521103958001119,0.01605780603558964,0.5,0.3,0.5,29,3.893510708964977,4.078712191687663
21,18,0.14433811785894668,0.8592208522284281,0.8656878986540546,0.171019363438628,0.07726601184629667,0.09364831186614181,0.00364107336314827,0.01138367930909058,0.5,0.3,0.5,30,2.927972036619582,1.006534438253008
21,19,0.15026794927422507,0.875060544381244,0.8901901893010098,0.17527649560081215,0.07384372657522793,0.1029441542925195,0.0052741098442380405,0.01625215690435928,0.5,0.3,0.5,31,3.34444509824791,3.445331686823794
21,20,0.14183177428438554,0.8616836816177729,0.8723203664184315,0.1742076527370804,0.06427508298091586,0.09249152958205914,0.0075860509066297006,0.013111483749186071,0.5,0.3,0.5,33,3.08190432192272,3.06539118347895
21,21,0.13913932266112966,0.8538384904427062,0.8599092853481924,0.18641880999400712,0.08478974849055929,0.09577542372968101,0.00470398885889476,0.01324874897056913,0.5,0.3,0.5,34,2.671481430588024,0.9870158933021924
21,22,0.13912029636619355,0.8587651361409722,0.8692080449856019,0.1952163284343739,0.056002543169340974,0.09577542372968101,0.00470398885889476,0.01324874897056914,0.5,0.3,0.5,36,2.6892042314329507,1.0026169745334024
21,23,0.18189671101179525,0.8962848613749874,0.9021661423131689,0.23764734946077448,0.13055484236802484,0.155868480957091,0.01331423558981976,0.040245305743533924,0.5,0.3,0.5,37,2.961811388073406,2.0935480853525457
21,24,0.1529888024218559,0.8622702607356606,0.8635108352623989,0.21258281803520293,0.12335596757361914,0.08423339990894288,0.02825259337426478,0.05517637048194771,0.5,0.3,0.5,38,4.038181830095784,2.355303097871091
21,25,0.13921952336123927,0.8431736547648844,0.8433895302695741,0.21774112334455928,0.11655147040393202,0.08627375528846883,0.02938125466021793,0.054075373521385674,0.5,0.3,0.5,42,4.564967467243787,2.787036846684243
21,26,0.12757872265060669,0.8270349661034597,0.8266215222839224,0.22040898589615882,0.10680027122471071,0.08948088652630619,0.03540968757993794,0.03942296197011938,0.5,0.3,0.5,45,4.032616819874246,5.239207940375273
21,27,0.15590340942101122,0.8584425190857049,0.8621762164274958,0.2625691042628128,0.12301603640190743,0.0874903271504608,0.04136268311264539,0.09954420941856365,0.5,0.3,0.5,47,3.922093663809199,4.106558560912797
21,28,0.21630109627143715,0.9187571046508676,0.9224810882053264,0.31621798804403123,0.1671634303669201,0.07398051948069999,0.06583258157482728,0.21937845087814445,0.5,0.3,0.5,49,4.251474282749568,6.232553025188468
21,29,0.15286362674013063,0.8520845139652076,0.8554475385020973,0.26465319225718087,0.16135547877002007,0.0777296940417101,0.04488093904763959,0.10887887791362605,0.5,0.3,0.5,50,4.478045150870639,5.448563782928657
21,30,0.15286362674013063,0.8520845139652076,0.8554475385020973,0.26465319225718087,0.10676898909843854,0.0777296940417101,0.04488093904763959,0.10887887791362605,0.5,0.3,0.5,52,4.478045150870639,5.448563782928657
21,31,0.14755104389111495,0.8413603429619284,0.8441763370514831,0.2718846148050351,0.1898904261334175,0.07503544448777759,0.0442795514944065,0.11173814666748094,0.5,0.3,0.5,53,3.610473929145528,8.607928365416763
21,32,0.14519889829465388,0.8384052461798762,0.8450911862961571,0.29078375831280634,0.13374645399320498,0.07294152418545619,0.04079758744573691,0.1196669105432965,0.5,0.3,0.5,56,41.864174442150805,6.215171213384656
21,33,0.14498210741033857,0.8372037109365542,0.8438040437344093,0.30050884745020423,0.1154768851123867,0.0752125384460296,0.04244607449728049,0.11732959306539445,0.5,0.3,0.5,58,41.83210567309531,5.833479614130578
21,34,0.14407811159465683,0.83111692209393,0.8372830928623196,0.29463063957618896,0.17701462147483848,0.0702929176783789,0.039712818123683005,0.12858338434877323,0.5,0.3,0.5,59,36.76529540220653,6.081677401695066
21,35,0.14382070612123837,0.8297426187439121,0.8358183919454827,0.294624948282267,0.11856982026482454,0.07263482857295074,0.041323516646832446,0.1260384924684791,0.5,0.3,0.5,61,36.685425865761786,5.764802808666797
21,36,0.1438207110644829,0.8297426432106817,0.8358184105450824,0.29462495829140517,0.1117339228954137,0.07263482880293937,0.04132351946883995,0.1260385017360059,0.5,0.3,0.5,63,36.68542596751508,5.764802550247592
21,37,0.12936971786272117,0.8039461540194422,0.8051485973236115,0.29770263785014817,0.1762433695554282,0.08034261940437624,0.03792392355169683,0.09810309481213,0.5,0.3,0.5,64,36.68124588445245,5.825404713179735
21,38,0.13419532197089967,0.8218521666916342,0.8360410872011187,0.31598262950036626,0.1129528243053965,0.06457731348778897,0.03596887543746182,0.1263384369605855,0.5,0.3,0.5,67,38.10353149680998,9.28585336765743
21,39,0.13118976660237436,0.8126951932481323,0.8224210005148842,0.31652969498780986,0.11738495781722716,0.06468300773979484,0.03821978618497474,0.11995698614581414,0.5,0.3,0.5,68,39.57259584936728,9.326905807278628
21,40,0.13056424020747187,0.8101298313263079,0.8197123623269934,0.322859896789373,0.11483851949609802,0.06455161350154741,0.03776960173644383,0.12079426692461041,0.5,0.3,0.5,70,39.8230318207674,9.140260511165987
21,41,0.12856001623604718,0.812201404449544,0.8260933226475906,0.32420720803375963,0.1120338348084256,0.06271874076197657,0.03782875660586243,0.11931881963905622,0.5,0.3,0.5,71,39.56579098662495,9.59369493299717
21,42,0.12742984879268315,0.8066627132396395,0.8202375919512218,0.33715712464309466,0.15091506290681928,0.06247078636486338,0.03780271925316865,0.12082193021619644,0.5,0.3,0.5,72,39.44347552801072,9.529650437131377
21,43,0.13537053474172234,0.8138245870808203,0.8273443252869992,0.33833101242993757,0.11538694073224458,0.060801708189809886,0.04195172166020096,0.13646733511439196,0.5,0.3,0.5,74,39.02708977159422,9.06597387773938
21,44,0.11637323640544583,0.7814208924456232,0.7899831845965732,0.32613615404367036,0.18347761710164834,0.07483337316804702,0.04614492954837924,0.087706451057403,0.5,0.3,0.5,75,39.30956739253664,9.73745463277356
21,45,0.12300803300448473,0.7959141055426121,0.8130827386900987,0.44627910997674974,0.10316090586117478,0.06345944475405464,0.02847161388549658,0.12432112610914589,0.5,0.3,0.5,106,16.857964182526743,10.442513804562449
21,46,0.10071231781465233,0.7524471340106782,0.764192239441037,0.43881128855254087,0.24166154117514788,0.06283316369111222,0.02322457065081896,0.09186312902420975,0.5,0.3,0.5,107,14.160598140607902,7.909581964859697
21,47,0.08619185210800526,0.7277066271108217,0.7388163350711503,0.45068548517713103,0.08793244076660114,0.06469649579303104,0.02333800005593556,0.06513634100412606,0.5,0.3,0.5,113,16.344417315854212,12.055518049092807
21,48,0.08596160963740272,0.7312179622523484,0.7466270239439596,0.4595196466961107,0.07750751460623677,0.06409225001864768,0.02386070989469048,0.06542267304763073,0.5,0.3,0.5,115,16.9012117845179,12.769973351674755
21,49,0.08652917594271986,0.7354679841742844,0.7551730371304325,0.48633995552186904,0.07563640635725287,0.06578302838968017,0.02372366673431968,0.06541851357460923,0.5,0.3,0.5,119,16.82395957329755,12.134028168854885
21,50,0.08650426497467201,0.7353067091071078,0.7550034618444804,0.4863028891689915,0.07334233908545508,0.06578302838968017,0.02372366673431968,0.06541851357460923,0.5,0.3,0.5,121,16.818149670686637,12.184792924509376
21,51,0.1398846553781677,0.7967130971536461,0.8250426178403937,0.6287204310116743,0.1274303423153018,0.07068162140979474,0.036054159848947546,0.1605582026235577,0.5,0.3,0.5,140,18.100661886917987,6.880387771675359
21,52,0.13957538199658195,0.7956292565966425,0.8239118564436403,0.62834578525018,0.13317788025590055,0.07043713207851396,0.03612988401715504,0.16041240354429678,0.5,0.3,0.5,141,18.12570959600381,6.883046010686575
21,53,0.14258271276108883,0.8038099509942245,0.8405546565415114,0.6573787361936221,0.17253428978103358,0.07079133860688773,0.03572877007337913,0.16791414838709823,0.5,0.3,0.5,142,18.23972847328929,7.260294962351115
21,54,0.13492026034296034,0.7909960571314538,0.8274338427734049,0.6648045426594265,0.16939041468962301,0.07116559961641182,0.03648516199370786,0.15338205148147666,0.5,0.3,0.5,143,17.93005420585489,7.380855234750373
21,55,0.147800362481327,0.8033492566696461,0.839755826984691,0.6984135911897962,0.13670932263051339,0.07170301123735971,0.03719309342674253,0.1783388058922376,0.5,0.3,0.5,153,17.895502207491525,7.24886802891092
21,56,0.13630442284700706,0.7909437019574066,0.8272964673222821,0.6660369750238474,0.131857219505056,0.07080268202906129,0.038575235711460834,0.1556893150702411,0.5,0.3,0.5,154,17.43247102349017,9.985826464099745
21,57,0.1413557847455361,0.7954550895598212,0.8317759426704974,0.6818262160216142,0.13513155139557706,0.07097178595978715,0.03751865317600937,0.16641624021110474,0.5,0.3,0.5,155,18.21883573953749,7.455757966615421
21,58,0.13874081598750543,0.810422173838907,0.868189222261846,0.7550323680347069,0.13634207805625564,0.07280873887189536,0.03635552655724877,0.16204343282096237,0.5,0.3,0.5,163,18.07046041395607,7.286502959185685
21,59,0.13873432720969867,0.8103673781724373,0.8681316206283082,0.7550196970917159,0.12838117053252196,0.07280873874608529,0.03635520191579582,0.16204343396065443,0.5,0.3,0.5,171,18.06346555688245,7.323311636643458
21,60,0.1505360481113201,0.8248663647789483,0.886872863216588,0.8217807648948494,0.15919570766414912,0.0690703117643921,0.04113836179516615,0.18710188046794834,0.5,0.3,0.5,172,17.933734370704784,7.034287945964178
21,61,0.13774977714883552,0.8118313085261017,0.87382334435238,0.8089649270420002,0.12843137655046644,0.06909876398357127,0.0399540850291646,0.16227519301237744,0.5,0.3,0.5,175,17.938345355450128,7.931509968048951
21,62,0.14366305044277802,0.822209299361737,0.8885465186502015,0.8287328821443679,0.13777566704958108,0.06939015191400096,0.04145611823366588,0.17303126105865155,0.5,0.3,0.5,176,17.85846469184626,6.894516027712588
21,63,0.13284282734027475,0.8007211375255952,0.8582671582646891,0.8011717040669264,0.12483003367222942,0.07014046607875453,0.03620988577657725,0.15398396177684484,0.5,0.3,0.5,180,17.99359814593468,7.637107726069675
21,64,0.13857090696415914,0.821050437584539,0.8917020754377755,0.8502393955281168,0.1291885642549287,0.07080240679888951,0.04561876069407482,0.15919242357433497,0.5,0.3,0.5,183,17.870205682608614,6.873482398517022
21,65,0.12688164002366464,0.8041050760308801,0.8703656290852225,0.8508500875488444,0.11750804072514248,0.07092425682688269,0.03969733127098187,0.13932256948086597,0.5,0.3,0.5,189,17.88201119448731,7.481354155517872
21,66,0.12682494088046525,0.8039915258245087,0.8702487894648964,0.8507864003250086,0.11723739317957005,0.07093200280319735,0.0400902000162819,0.1389798556452511,0.5,0.3,0.5,191,17.882713095020755,7.48232873803579
21,67,0.14597987225030837,0.8368544068765329,0.916165627885318,0.9386849057114492,0.14113511752244257,0.07130446683356984,0.047368592325105194,0.1728297860615524,0.5,0.3,0.5,193,17.79268472333147,7.060061954142808
22,0,0.6147794641926349,0.9562007791174717,0.9539460052002914,0.05448914551080913,0.0,0.0,0.0,0.0,0.5,0.3,0.5,1,30.35630792276748,66.90627723068314
22,1,0.4155583036608864,0.9455575721670497,0.9411500478250419,0.08003155170842773,0.19395688257561494,0.06221968620474443,6.992898632203999e-05,8.844503255730001e-05,0.5,0.3,0.5,3,21.396750614083512,43.7874814633996
22,2,0.2592346425766038,0.9014548053705751,0.8945748025945006,0.07576216593184758,0.22206822105819368,0.06968113812347888,0.00027971594528817,0.00035378013022920003,0.5,0.3,0.5,5,13.835445974018167,23.396220547306108
22,3,0.1507780530259919,0.8494575662894251,0.8435028513340858,0.0787069969249241,0.30583954191653884,0.08901526389204209,0.00047425688204863004,0.00096517365986007,0.5,0.3,0.5,7,7.305470188697334,5.074388367229619
22,4,0.1364197781324152,0.8314366265076939,0.8205335150173562,0.07426598066236274,0.08672821379338597,0.08523905170752326,0.00053462797543904,0.0009065213005496999,0.5,0.3,0.5,9,6.196518104695349,2.5810202300901195
22,5,0.13641804787794415,0.8363819926443684,0.8298519370652229,0.09015778655277401,0.04323956771403096,0.08523905170752326,0.00053462797543905,0.0009065213005496999,0.5,0.3,0.5,11,6.189480555424933,2.57098391875374
22,6,0.1333017412906233,0.8284045019948318,0.8173649926587647,0.08252646965326292,0.05316728272529029,0.08478972917307588,0.00045271822010053004,0.00063828504671027,0.5,0.3,0.5,13,7.652975627231261,6.59199360398034
22,7,0.1560690145551713,0.8557778711312575,0.8486228270964393,0.12309647871408878,0.14871566876857095,0.08231833521657735,0.02519107818226684,0.052104967114726695,0.5,0.3,0.5,14,5.10845732049042,1.580702935438413
22,8,0.09211830863427241,0.7834425822135135,0.7745122841963277,0.08263547209085433,0.17112432521439444,0.06289226746789912,0.00872737387558606,0.00570964353258286,0.5,0.3,0.5,16,8.068223569871344,7.967961914816684
22,9,0.0922551380147734,0.782993134476596,0.7739845102779989,0.08564192609741376,0.04983687380824573,0.06575474963894894,0.0077594717709786,0.005572021962330189,0.5,0.3,0.5,17,9.262602873068856,11.836291634186788
22,10,0.0899687770258802,0.7847390763815666,0.7799854107998528,0.09364359729054948,0.046025020183139906,0.06399397619633164,0.00752096980428998,0.00566631075745246,0.5,0.3,0.5,19,9.315496543847011,12.71439836500011
22,11,0.0839127961680523,0.7758068241112904,0.770706808228951,0.10208298422366992,0.05235523879856058,0.05794493506009537,0.009686569032000231,0.00600706712236408,0.5,0.3,0.5,22,7.41817906303929,7.85388341702871
22,12,0.08606162215714247,0.7773621342047156,0.7721730842485864,0.09940734694743363,0.05441507397861493,0.05679232572927499,0.01011570768547029,0.01347179187211873,0.5,0.3,0.5,23,12.397642200797945,15.85759055380519
22,13,0.08610300965341611,0.7709978716298624,0.7651644703593536,0.1072680856784966,0.09162957053837853,0.06466351015521639,0.0114834506648077,0.01708492759963877,0.5,0.3,0.5,25,13.331534726859829,14.581407364965033
22,14,0.07849391697044092,0.7592328587343472,0.7530103647369363,0.10594029420201717,0.09898437144465971,0.05691068069038831,0.01124295623028558,0.01656840452082932,0.5,0.3,0.5,26,13.82623406574186,16.24153565946258
22,15,0.07941091014617192,0.7581651587352018,0.7517652664252993,0.12853803295325447,0.04787348940147616,0.05696189156092988,0.02086709126285103,0.01549983082053391,0.5,0.3,0.5,31,9.323813733374804,12.340905286377636
22,16,0.10673125559648589,0.7749185662295899,0.7636615426588852,0.15626983788481533,0.14849253439690482,0.11417920049976327,0.028208296787691878,0.01608123398049124,0.5,0.3,0.5,32,2.747656422775175,4.808091730192121
22,17,0.10669882438416273,0.7748748769717754,0.7636170761618204,0.15875116631240627,0.0736420117842751,0.11416541013035936,0.028185096938071502,0.016051533542619758,0.5,0.3,0.5,33,2.784835584226969,4.928688230744146
22,18,0.11102000449693637,0.7769280077350118,0.7654813828670428,0.17517680265554952,0.08925844741063423,0.11463542113155933,0.020476454084479758,0.03164873963882822,0.5,0.3,0.5,36,2.9968072334250846,4.243703668486769
22,19,0.10279889886456982,0.7609749172416728,0.7489297243442837,0.16684758757456838,0.16573615957645144,0.11368725993008016,0.031516549769438226,0.01732152317051865,0.5,0.3,0.5,37,2.440320892334559,3.795707150442216
22,20,0.10107712771157813,0.7591013626983412,0.7510633118904708,0.1721722816640899,0.1272188029191108,0.1137942024310816,0.03171454258584585,0.01767422944995667,0.5,0.3,0.5,38,1.8993514072462443,3.118127668636547
22,21,0.09963495062672832,0.7473080252978596,0.7344985087859158,0.17482613007620917,0.09801295042823992,0.11306978698431265,0.03483376898413902,0.01830889286948271,0.5,0.3,0.5,41,2.4355062990609366,3.730311252449973
22,22,0.1020485641598546,0.7500709885697241,0.7413287076435296,0.1842686163566526,0.12075971684769428,0.12127911431029766,0.032393197480511546,0.01908125936792838,0.5,0.3,0.5,42,1.7550217801338683,0.9619192181136196
22,23,0.10528891103270357,0.7524820895902858,0.7436830992900092,0.18753908143852985,0.09198782343722478,0.12249976014340988,0.035290733093718,0.02314760677449485,0.5,0.3,0.5,43,1.7249969635237368,1.0800133472616946
22,24,0.10141413679714549,0.7297562294481481,0.719720418573513,0.18877334313868305,0.27175792373468177,0.12415055377262352,0.01898613391966274,0.03387929250687475,0.5,0.3,0.5,44,1.5822653757302216,0.7891542670733191
22,25,0.09715581245968623,0.7217929017627779,0.7115213538509424,0.22678259495462694,0.08443032602427233,0.10195884389904737,0.03060794797564582,0.0423291951399527,0.5,0.3,0.5,56,2.3053457594312263,8.093815214460903
22,26,0.09884748906779957,0.7192441203334716,0.7087064489474482,0.23642418699731843,0.0944304967551386,0.10165355961960473,0.03435821993502193,0.04562634213788744,0.5,0.3,0.5,60,2.011049373612272,6.441023861873087
22,27,0.09656398331646285,0.7151635749212732,0.7085896735239268,0.2418247034552115,0.11218770331380645,0.09879646449054474,0.02738520066615106,0.05051757007370965,0.5,0.3,0.5,62,2.584082508912438,11.15538597875739
22,28,0.09047865109213091,0.7063331926830093,0.6995927913626335,0.24112269629534938,0.10249133249990935,0.11256485749290349,0.028160465832304332,0.02509173110756263,0.5,0.3,0.5,63,2.248915169396935,4.983652967276989
22,29,0.09047865109213091,0.7063331926830093,0.6995927913626335,0.25512462042179423,0.07727666695789505,0.11256485749290349,0.028160465832304332,0.02509173110756263,0.5,0.3,0.5,67,2.248915169396935,4.983652967276989
22,30,0.08732057377082225,0.6894033883240963,0.6777611395577763,0.24606945603989527,0.10234374178440664,0.09859535170080964,0.04481921933018919,0.02564007202679568,0.5,0.3,0.5,70,1.4077246251469635,5.155933641889652
22,31,0.09202870972975762,0.7007205187876226,0.6976307566576169,0.2582993800740963,0.10965245683242134,0.10501554330178957,0.03825434257918406,0.03353559615576255,0.5,0.3,0.5,71,2.0815360406244645,6.796486432950701
22,32,0.09390200329340372,0.6915542217082054,0.6796502685118015,0.26527273139862,0.08547322504607063,0.10629734544907517,0.04889159749390985,0.0299635543165842,0.5,0.3,0.5,75,1.0690462751644292,2.6386270640396106
22,33,0.0887773806073461,0.6857878519724825,0.6738454946606682,0.2679595014336414,0.07995871449174703,0.098317549305113,0.04944201141479286,0.02757256274326226,0.5,0.3,0.5,78,1.1693453567741046,4.13661441686169
22,34,0.08521242821098438,0.6790753597999938,0.67103499956053,0.27660302802393977,0.11030684290384106,0.09787372689768839,0.04527729451003285,0.02550108614574781,0.5,0.3,0.5,80,1.5025325363677304,5.78432181065376
22,35,0.5258384497215529,1.1563162591342402,1.183089951141947,1.0120622795331178,0.5166671016542959,0.12422325139409288,0.02595966880399137,0.8927240748237507,0.5,0.3,0.5,144,3.635295168098085,6.972988334706311
22,36,0.5256989014008093,1.1547627993249234,1.181455037209798,1.015114223209451,0.528588016931516,0.12873592247958865,0.026195689837138242,0.8881278522324013,0.5,0.3,0.5,145,3.116681794539101,7.931155132905064
22,37,0.7863053386370402,1.4202071391491393,1.4512662566478,1.2844015664234063,0.7771473515129796,0.5380838442789757,0.026226409282745312,1.0,0.5,0.3,0.5,149,3.135682822330016,8.244653588445397
22,38,0.7855172017051706,1.4187005526207193,1.449718341682941,1.2901676622498637,0.7824543116566663,0.5368360478018698,0.02596008087666315,1.0,0.5,0.3,0.5,150,3.1881964102009204,4.661116108201965
22,39,0.7854657520184483,1.41808067459246,1.4490657825682014,1.3062319800029174,0.781158949351907,0.5368781949680207,0.02593884036490194,1.0,0.5,0.3,0.5,151,3.1784550434954624,4.715846764367543
23,0,0.7573852327615975,0.9747762850995954,0.9734777490566139,0.05858749729384325,0.0,0.0,0.0,0.0,0.5,0.3,0.5,1,17.921323748703006,64.2219463341832
23,1,0.5333721618090079,0.9746852009196777,0.9714436840290795,0.09150769788981084,0.1845716307642929,0.0751506748765948,7.401167200005e-05,0.00010884141820262,0.5,0.3,0.5,3,11.526419860300264,42.28413436794045
23,2,0.5060092561036541,0.9717899224877352,0.9683917259070026,0.09360213144085994,0.07738463157507598,0.07242564246381003,0.00121953384560783,0.00244520368349999,0.5,0.3,0.5,4,10.2305073885184,41.08204030916486
23,3,0.22775305892901537,0.8932237768544959,0.8900205190898388,0.07595006440903605,0.6523275772455079,0.06962330387776323,0.0006454633147971801,0.00089124049105867,0.5,0.3,0.5,5,4.218711426236396,9.329315207874052
23,4,0.211186271717351,0.8854515702467014,0.8818320260885419,0.07449374254634235,0.09945907203666277,0.07002963087188568,0.0007577603529945801,0.00104629758752424,0.5,0.3,0.5,6,3.889976295101182,7.348059073371478
23,5,0.18733693583506092,0.8740931163608079,0.8697560310576988,0.07895539517741215,0.15154762318383688,0.07525822798676832,0.00071947498679724,0.0010000819092613,0.5,0.3,0.5,7,3.22364568316214,2.973175012937722
23,6,0.17640146265784404,0.8625535523719549,0.853359304719965,0.07996849896519645,0.10824782475995369,0.07779972777949205,0.0016923464130118402,0.0034926536505771504,0.5,0.3,0.5,8,6.9854446687915726,65.75199056148006
23,7,0.16910072201761267,0.86660392194128,0.8659997824229815,0.09258083078951039,0.061759910906820044,0.07525822798676832,0.00071947498679724,0.0010000819092612898,0.5,0.3,0.5,9,2.994857640862744,1.9401390205938889
23,8,0.15549613134679507,0.8479640812318491,0.8379305109376383,0.0815964205683297,0.1463294829087051,0.08076947743098303,0.00191438142901202,0.0038191779051849903,0.5,0.3,0.5,10,9.149977912277514,88.64312791338261
23,9,0.14942722833747984,0.8478628414121019,0.8419722739041713,0.09602856589641587,0.05961946503989092,0.08081139127183139,0.0014675167228642,0.00289163322907915,0.5,0.3,0.5,12,6.677815517657205,53.61916407546416
23,10,0.14427806144440739,0.8435668738403769,0.8374372402091557,0.1001752986528273,0.06089577848929268,0.08045114093799569,0.0016912461476961,0.00381308632743363,0.5,0.3,0.5,14,7.0559195710605485,58.52625848991922
23,11,0.14032927898514044,0.8400047731905127,0.8336843783313704,0.10427272815775247,0.052278844667631885,0.0803798232909479,0.00209241276281643,0.003930380775012151,0.5,0.3,0.5,17,6.756101884459789,69.36678794087507
23,12,0.1331633579820508,0.833188051650782,0.8263148317706185,0.12233945647255488,0.1303534264072946,0.08461757381665957,0.00539974941073112,0.00555271397292089,0.5,0.3,0.5,18,8.472506907897555,75.10828485239615
23,13,0.1201359355405634,0.8184845441417876,0.8108176772560067,0.13320628659641712,0.10740930570652546,0.0868134404830944,0.00503374373232182,0.00500316778176254,0.5,0.3,0.5,20,7.733560398554939,51.08652869329023
23,14,0.11622234993426173,0.8189249130024312,0.815475993019664,0.13061294231500722,0.05766953281493496,0.08353579364643593,0.00518179558614856,0.00520951720777185,0.5,0.3,0.5,22,8.217906253596011,54.367694403379474
23,15,0.11595080015999612,0.8228328691758028,0.8235803524605787,0.14012381362848775,0.06172140879470946,0.08426354169397814,0.008402674797279571,0.00733768921000789,0.5,0.3,0.5,24,9.19804678204822,59.19398515456133
23,16,0.11426950619472956,0.8109139557856989,0.802839582423427,0.13454056568140343,0.05938212543021883,0.08635794395994122,0.0056430329526791,0.00578446064478772,0.5,0.3,0.5,25,8.895458834608043,77.83837015903954
23,17,0.11219675869964263,0.8028811780402919,0.7902440831198968,0.14244174796346987,0.07675438503637357,0.08662605115946376,0.00675538701636022,0.00604151613100556,0.5,0.3,0.5,26,8.74174244355822,80.40911446764821
23,18,0.11214932901245393,0.8077619284702015,0.7994945866245525,0.15073636581394012,0.04861795653290831,0.08662605115946376,0.00675538701636022,0.0060415161310055495,0.5,0.3,0.5,28,8.716193590370604,80.32031765871376
23,19,0.1114705722315217,0.8167899707920463,0.8172352631594482,0.15016942287058035,0.05324399691170754,0.08685209010490973,0.00602942891794054,0.00582776166711818,0.5,0.3,0.5,29,9.011283539990751,80.95996123697265
23,20,0.10930375109883372,0.8085691337010465,0.8044532481031051,0.16126943509887778,0.06274712593834143,0.08742651686044796,0.00681613232308845,0.00553824887510517,0.5,0.3,0.5,31,7.491115316834574,67.70144479219177
23,21,0.10448140532515864,0.8111160994515487,0.8153687306636774,0.17965448412611057,0.07712134940420114,0.08744749959879955,0.006530610932842,0.0056720572432984,0.5,0.3,0.5,33,6.781150793770808,55.231678233933295
23,22,0.10412160983781697,0.8006410328486826,0.796117436241162,0.14153210486466983,0.05298935964545631,0.08744749959879952,0.006530610932842,0.0056720572432984,0.5,0.3,0.5,34,6.823955820389042,55.40022043260554
23,23,0.10368554147451982,0.8139655496803826,0.8224172434140857,0.18899064433587398,0.07158728914605843,0.08946869477930812,0.0066485224259050305,0.00614836198617018,0.5,0.3,0.5,35,7.285206368023661,58.50102134551861
23,24,0.09916867014952713,0.7995499083393895,0.799253168209827,0.1902794057645662,0.04540205148849375,0.07508567767580325,0.0136081405754504,0.0073955047463069,0.5,0.3,0.5,41,5.839488655300891,7.748615862781515
23,25,0.0984135327037901,0.8031658597127642,0.8071696205461434,0.1995634598642318,0.050822793387023765,0.07517355029890116,0.013698124824373001,0.00741420065434459,0.5,0.3,0.5,43,5.880012953994456,7.918179646955908
23,26,0.09702800935156754,0.7946440491277772,0.7940063105893365,0.21266770991077152,0.08775083340031081,0.07587178164160605,0.0125241677075972,0.0106962108485764,0.5,0.3,0.5,44,6.811188709718211,6.395315080378859
23,27,0.09590673980828089,0.792473003387792,0.79171465875967,0.21231691745933362,0.06537546593571464,0.07695055813864445,0.0118667675869948,0.010354836855394869,0.5,0.3,0.5,45,6.58322930999907,6.073078317169353
23,28,0.09482463326200284,0.7955504554420827,0.7990766067876705,0.22148665814701157,0.060504497778479396,0.07652429677569644,0.01251274494177743,0.01009930036796089,0.5,0.3,0.5,46,6.9656974250325465,5.971276950734476
23,29,0.11059717027310367,0.8045700017336395,0.8035257363054208,0.1924304897207124,0.09502512802506188,0.08530139455441296,0.0143202867492089,0.035834088031824265,0.5,0.3,0.5,47,3.3070296085784388,5.266944299368894
23,30,0.23608195096712153,0.922421757901108,0.9285311953444066,0.38039045687432915,0.2649753173812035,0.08476425070045265,0.09253760418834563,0.26723042806847286,0.5,0.3,0.5,51,4.598349188499712,10.916420465201377
23,31,0.23497539397295214,0.9159510439437077,0.9176537199868094,0.3918449521794821,0.20529634645809064,0.08266264044506172,0.09256626716176404,0.26757351878801455,0.5,0.3,0.5,53,4.184543557273297,9.772747182992822
23,32,0.2342228769325092,0.916087474941534,0.9218428151018159,0.40192033481223827,0.22596877981587016,0.08567111854022846,0.09254736114597166,0.26740613359633203,0.5,0.3,0.5,55,3.903489455393458,11.07219748455563
23,33,0.20760100376182644,0.9017565949840038,0.9085261363079242,0.36536228370028917,0.1815861696549449,0.104190632530491,0.09276424924849644,0.18069292183199767,0.5,0.3,0.5,57,4.197439400535821,13.929547367606594
23,34,0.23128345598914363,0.9081753862942201,0.9135528704230251,0.3997241071359661,0.2450834191231081,0.0847780401337888,0.09260497330412214,0.2671204237795347,0.5,0.3,0.5,58,4.490616231129464,10.979877918488304
23,35,0.17936759213753967,0.8761362173318821,0.8910337134076264,0.34636419764484255,0.15295435744758007,0.10004995438129895,0.07520504811828209,0.148363675830904,0.5,0.3,0.5,69,3.575616235049384,15.477332819122992
23,36,0.18272965160870908,0.8674319568739713,0.8814015565171535,0.4203672784151071,0.1972289985987522,0.09860941398089476,0.07850507795605326,0.16646524067933785,0.5,0.3,0.5,70,3.5066765955446018,14.318218602438469
23,37,0.18272965945646885,0.8723789836946981,0.8907217445407741,0.4314365270105776,0.1560889339398384,0.09860941398089479,0.0785050779560533,0.1664652406793378,0.5,0.3,0.5,72,3.5066772265633688,14.318224534667332
23,38,0.18009865116986865,0.8673240400576594,0.8854901231002261,0.43570680253928984,0.17044161177599468,0.09511221740156989,0.07873736596956221,0.1665769353361944,0.5,0.3,0.5,74,3.655870982453493,14.202737225636133
23,39,0.1906422215281885,0.8752967407154814,0.8972900710845261,0.46838813212097197,0.17756630893913344,0.08386962909467359,0.08087336340057658,0.20379877471912922,0.5,0.3,0.5,75,3.4294440220865483,11.755248338849643
23,40,0.1907896406807524,0.8684553417444196,0.8899820802757349,0.47194972548376735,0.18769841721451055,0.0879461990409863,0.0809861628473494,0.20409896167907204,0.5,0.3,0.5,78,3.2859258309746595,10.72186170813914
23,41,0.1763916259386321,0.8747569152146396,0.9017598103951783,0.4815907405275758,0.1572066541255759,0.10571076012260354,0.07746109959558603,0.14830612733173684,0.5,0.3,0.5,82,3.7612275576445007,12.183287795306171
23,42,0.17209703082419497,0.8609052474284362,0.883203524609425,0.4762889674001233,0.19602619324490875,0.10129818428820236,0.0781255011433678,0.14738847930496451,0.5,0.3,0.5,85,3.438022214878532,12.437264567576037
23,43,0.18619998482433608,0.858191079340736,0.8955884946594816,0.5550201846280347,0.17867218768816137,0.08891554802809891,0.08312171825002283,0.2047580832158194,0.5,0.3,0.5,96,3.113936940976826,11.060802526289518
23,44,0.1853263366231689,0.8565235439098268,0.8938722415854821,0.5698034697889274,0.17148690350736806,0.08537682263382257,0.08375351054594957,0.20647557799068506,0.5,0.3,0.5,97,2.9016463505700565,11.259923806570926
23,45,0.18435510061109606,0.8517265199280383,0.888837869244715,0.5070788718519638,0.18416900946256123,0.08559598992117072,0.08162514460224349,0.2071605947064928,0.5,0.3,0.5,102,3.88651748226906,8.793435259231225
23,46,0.18435510045920878,0.8517265199280383,0.8888378692447151,0.5070788718519638,0.17086627355620815,0.08559598992117079,0.08162514460224349,0.2071605947064928,0.5,0.3,0.5,104,3.8865174866045233,8.793435287240836
23,47,0.18315668357415327,0.8529151922813402,0.8983247092011987,0.5271415088283785,0.25383997127943697,0.08559598992117061,0.08162514460224392,0.2071605947064928,0.5,0.3,0.5,105,4.005442353208492,9.363480723563152
23,48,0.18275979603089615,0.8546502195837039,0.9042652549078737,0.5508150332978404,0.17622208291295266,0.0911082405006743,0.08350758753209311,0.2006080633143313,0.5,0.3,0.5,108,3.039880589195894,10.875292138510286
23,49,0.18179865810158755,0.833894078694003,0.878266123806968,0.5526216248257574,0.2252708961067332,0.0892966238025735,0.08289915880800962,0.2049599009904381,0.5,0.3,0.5,110,3.3607357522682597,10.039670019928153
23,50,0.18179865771142964,0.8437881323354566,0.896906505055905,0.5744500203220614,0.17199827925369196,0.0892966238025734,0.08289915880800974,0.2049599009904381,0.5,0.3,0.5,112,3.3607358663801663,10.03967075497747
23,51,0.18082349635216954,0.8375559677231056,0.8862831684367972,0.5723605500393166,0.193177016441077,0.08517426402585698,0.08377641630373514,0.20668445785855308,0.5,0.3,0.5,113,3.10029403253902,10.40737474498209
23,52,0.1809483711133516,0.8388907244388676,0.8917756913545085,0.5839989523793427,0.17583103110526133,0.08593182790506064,0.08347035470554953,0.2072548004247332,0.5,0.3,0.5,115,3.17100908175071,10.426606485403449
23,53,0.18210098435163857,0.8525691524962483,0.9184406973696553,0.699522318534528,0.17392243572594746,0.08870698649786905,0.08302704506156365,0.20758337065611937,0.5,0.3,0.5,145,2.7670319177504985,11.850737184118405
23,54,0.18181610334411327,0.8509007507642624,0.9166931031988969,0.7028017016678629,0.18417386887246395,0.08879201910044368,0.08260526794370224,0.2074917540522796,0.5,0.3,0.5,146,2.7018190866295524,11.851958578719586
23,55,0.18163483734686225,0.8781262098033074,0.9700275891285013,0.9105223335076984,0.17361821768997945,0.09137090039118351,0.08564641925459338,0.20322293690960708,0.5,0.3,0.5,192,2.547990893182567,11.626331255889262
23,56,0.1816787949196716,0.8829337175342967,0.9791978154811972,0.949665688092913,0.1736645344504803,0.09137143813551867,0.08585855774256632,0.2032224548291917,0.5,0.3,0.5,195,2.545134778840445,11.627430575528264
24,0,0.8962725534907794,0.9897691294384706,0.9892424767677306,0.06189571591292335,0.0,0.0,0.0,0.0,0.5,0.3,0.5,1,6.160310664729566,66.28591209960818
24,1,0.6231942707119178,0.9918671400904211,0.9893671890638397,0.09746353173413912,0.18963589749131962,0.08064019452829399,8.454782119215e-05,0.00016642565032995,0.5,0.3,0.5,3,4.120575657427832,42.57662803284672
24,2,0.48542125075810244,0.9767196636823867,0.9728673998567594,0.10524939724646198,0.2560862522752559,0.0969404773062698,0.0011631359990622399,0.00546423079891123,0.5,0.3,0.5,4,4.25111341134431,9.772496391866364
24,3,0.2090958073514018,0.8901973724030938,0.8861571964034962,0.08555595884417937,0.7384460354839396,0.09464378137277737,0.00105910158960678,0.00208475710350008,0.5,0.3,0.5,5,3.1865318087044123,7.258913091910385
24,4,0.1832535827468724,0.8748755632768125,0.8699975635920781,0.0878235146308135,0.11298488916310978,0.09635483167958553,0.00113985169757817,0.0022311213913982697,0.5,0.3,0.5,7,3.693252489629828,2.9103613687899696
24,5,0.18079062905878127,0.8780699570411782,0.8774902075210469,0.09394215950391371,0.05500052026309242,0.09610263245677718,0.00100632816925485,0.00196829096333726,0.5,0.3,0.5,9,3.383620426264528,2.9875277748070665
24,6,0.17667769866743763,0.875519375002547,0.874760096963133,0.10246645891785723,0.05932737920118341,0.09767770579869656,0.0008724861087689099,0.00234821311369582,0.5,0.3,0.5,12,3.4721477724470016,2.4619413998141235
24,7,0.17410632160913975,0.8742340658364129,0.8733065634549171,0.1101331517460744,0.06497275435847565,0.10170294800537323,0.00110812845148652,0.0021452305157175803,0.5,0.3,0.5,14,4.703139735725337,3.972970984641484
24,8,0.17410632914613916,0.8791810926571397,0.8826267540793857,0.1168259666441375,0.052256554366730275,0.10170294800537323,0.00110812845148652,0.0021452305157175803,0.5,0.3,0.5,16,4.703138097513367,3.972967381752538
24,9,0.16912550737554044,0.8751957659464293,0.8784937039345355,0.12079829733665697,0.07348598865456196,0.09697500585988182,0.00164055975500987,0.00432230905701958,0.5,0.3,0.5,17,3.5120960680214326,2.767418864650117
24,10,0.16292096137498013,0.8704559020676407,0.8734925839366361,0.12281768813695211,0.0910071077171004,0.09734711529392383,0.0018456468431504998,0.00449774699750511,0.5,0.3,0.5,18,2.6450026845975785,0.9375094112115356
24,11,0.1611417115003509,0.8739619917436613,0.881298929888046,0.12969228664073906,0.0569504839194854,0.09730264581281957,0.00184136092424311,0.00449475747802245,0.5,0.3,0.5,20,2.9760239059834834,1.443792412537138
24,12,0.16093131896993804,0.8737757329748296,0.8811072783464802,0.13246911861926297,0.052183530032436115,0.09720977718923914,0.00183856705836355,0.00442603107406591,0.5,0.3,0.5,21,2.955934673387969,1.4510403736098785
24,13,0.15269760060201965,0.8622377308684074,0.8646792014907037,0.13760491501156089,0.13299606930765073,0.08833455670899612,0.00520451038093297,0.01818261369157895,0.5,0.3,0.5,22,3.7686996563052566,3.361254007508573
24,14,0.14559139366124887,0.8651204315147352,0.8754826088060153,0.18216544536705429,0.08465801906728543,0.09412580014476335,0.00762144390251881,0.02899578665149729,0.5,0.3,0.5,28,4.203051039770678,4.66010545991446
24,15,0.14404487934016108,0.8586063518466938,0.8645754315705239,0.18682662276305534,0.06577622456696276,0.09153385920398432,0.00798465656368544,0.02900859175604702,0.5,0.3,0.5,29,3.5476981368789517,3.204255363782398
24,16,0.23279183463805128,0.956978894626846,0.9715610029102327,0.27083481058569725,0.15777070786938374,0.09681742899179778,0.04958216148392414,0.1809017743685064,0.5,0.3,0.5,34,2.5579155342141053,3.1176752023823995
24,17,0.2335390290285287,0.9576800616895168,0.9722410526998776,0.28029658452670725,0.15639162847099358,0.09814309774367533,0.04887257415462572,0.18222502297525184,0.5,0.3,0.5,36,4.283127124214369,1.3038090102089577
24,18,0.5683505481124012,1.2864934015149543,1.2997272920695955,0.6322893875746524,0.7102218716463183,0.0987013172403081,0.21890324314263027,0.7888337356254509,0.5,0.3,0.5,37,3.299380270750596,6.811264489978069
24,19,0.5345159278635339,1.2565095724803823,1.273955271978789,0.6115804142445571,0.5020314470687994,0.10349560403188351,0.17583380371233842,0.7462883321078647,0.5,0.3,0.5,38,2.542675535241633,13.21450889952698
24,20,0.6310965501696549,1.350086766352769,1.3671342458349143,0.7080274959055028,0.6390584188001535,0.10350185923301806,0.21487173709597104,0.9254847882244617,0.5,0.3,0.5,39,3.1774283274327404,14.90806889547512
24,21,0.6310965625071072,1.3550338050895605,1.376454474383927,0.7264032169043233,0.5789548981655419,0.10350185765527012,0.21487173122516082,0.9254848171568255,0.5,0.3,0.5,42,3.1774283221486264,14.90807049470328
24,22,0.6310902461130478,1.3549936893975008,1.3764101260879258,0.7264271252464487,0.5796358366290221,0.10346956598471138,0.21488650377526172,0.9255911006357109,0.5,0.3,0.5,43,3.207067046107382,14.98910123064085
24,23,0.24536660561120366,0.9633692970226655,0.9841177025121917,0.3513621415857526,0.23410528348604542,0.09482602182849313,0.05530623030387414,0.27268772289496923,0.5,0.3,0.5,46,14.470351896640556,2.532139729493097
24,24,0.24737631157465328,0.9699084072963311,0.9949878345691447,0.36269251582793083,0.2058493400618681,0.09512207468564338,0.056303709539484006,0.2766146706495077,0.5,0.3,0.5,48,15.87028291729272,2.675668145366136
24,25,0.24490503127747099,0.9674080646376759,0.9924844933858374,0.36944153919401146,0.20060230902588616,0.09445728791219866,0.0550388483516369,0.27315408767329313,0.5,0.3,0.5,50,14.741291981833848,3.8922195880642394
24,26,0.12874311400449534,0.8586000420819639,0.8921678399309453,0.3210787293867419,0.08862738434897585,0.09403761369059045,0.01999053625015281,0.06710367130617108,0.5,0.3,0.5,68,3.420147087571884,3.033697965430119
24,27,0.12874314117260616,0.8635470980481128,0.9014880857093154,0.33138359756361535,0.08793377114395537,0.09403763357308921,0.019990540891310728,0.06710370692982162,0.5,0.3,0.5,70,3.42015096400885,3.0336932963213856
24,28,0.10582915647004598,0.8531642425306352,0.9040030392008308,0.40392014972582,0.06743891109291544,0.07345503653750265,0.02293785314310463,0.04408121986601497,0.5,0.3,0.5,88,3.448664609929296,3.6344424517170575
24,29,0.10365904955583938,0.855367687060295,0.9105265241474327,0.4096371575342467,0.07189080128787972,0.07247442222867981,0.022792751083785277,0.041725319477459735,0.5,0.3,0.5,89,2.810547521847405,3.440848723958569
24,30,0.10365904970611528,0.8553676872215878,0.9105265243087256,0.41319431334749845,0.06393779414320286,0.07247442209486632,0.02279275115301357,0.04172531989232199,0.5,0.3,0.5,90,2.8105475391625645,3.4408487251669437
24,31,0.10352919619325651,0.8551146420638799,0.9102620180864368,0.416671393180466,0.06563554758598658,0.07241445439635995,0.02279853808527878,0.04172007132851973,0.5,0.3,0.5,91,2.771207805840611,3.490438177962024
24,32,0.10355985989683468,0.8598418063335708,0.9193391551661266,0.42448361947915286,0.06765827125803905,0.07296545174492686,0.02280382605352651,0.04162853142247811,0.5,0.3,0.5,92,3.043582796433077,3.512920273560302
24,33,0.1026341169236066,0.8444052725870488,0.8947439199775239,0.4175116174177907,0.09065735335991736,0.07361376087232559,0.025093590695706852,0.04454239978102229,0.5,0.3,0.5,94,3.4079789360473765,3.5257587627448337
24,34,0.10263414778254731,0.8493523386731543,0.9040641309959614,0.42381539118192124,0.06660639798714016,0.07361378188036703,0.0250935911368478,0.044542419296234495,0.5,0.3,0.5,96,3.407978840845771,3.525758943912804
24,35,0.10263414785814626,0.8542993656557296,0.9133843477907577,0.4495260431362702,0.06660623677330557,0.07361378201829749,0.02509359117869945,0.044542419456889734,0.5,0.3,0.5,99,3.4079788530183546,3.525758951043246
24,36,0.10657855325691054,0.8733447017253534,0.94952838153014,0.48232118607497054,0.14734803820460238,0.08361460688242653,0.0254750020751744,0.04813188114083553,0.5,0.3,0.5,100,2.626576216016257,3.49469348290829
24,37,0.10319079286163024,0.8663480936281035,0.9422415524189214,0.4907460351909284,0.08678478637331705,0.08406859935623114,0.02484940906822568,0.04533456327950426,0.5,0.3,0.5,103,3.025974193853494,3.764885365250476
24,38,0.10293652369666288,0.8602345393677208,0.9316830499910562,0.4943417309444832,0.08324009802228513,0.08361656487371788,0.02511718386945755,0.04608192138228012,0.5,0.3,0.5,104,2.809959267747101,3.613279468600543
24,39,0.10314112330432526,0.8699756278611084,0.9501425043806169,0.5174725867436222,0.07383266760742715,0.08443505322832927,0.025222594015750333,0.04598124984167461,0.5,0.3,0.5,108,2.4966330638273946,2.9474812513914523
24,40,0.18268310873148946,0.9241688760642971,0.9864185244202166,0.600319572880237,0.18728781021215063,0.12121314388012103,0.03223147503386819,0.1694546820162395,0.5,0.3,0.5,110,5.640013515907693,1.1672390308555152
24,41,0.5240041398202111,1.2674527090188197,1.3338549676309432,1.0012533929834233,0.5004063024516308,0.0774387709027894,0.08358037518145518,0.8676629097966615,0.5,0.3,0.5,122,5.035529284358133,1.955573354789545
24,42,0.4960780031185609,1.2386231724138432,1.304959530739381,0.980569387510265,0.4733967564910505,0.07797325336860364,0.0892958654043857,0.8085999289682227,0.5,0.3,0.5,125,2.3108855829073307,1.116426462728111
24,43,0.3343240020949464,1.0854306201673591,1.1604168000872506,0.8375332951866619,0.31617854187892547,0.07618241255107223,0.05179048803236046,0.5104699296525922,0.5,0.3,0.5,127,2.6858355589444773,4.914829543114102
24,44,0.3728592190423017,1.1097025397926257,1.175631538113545,0.8758072384164053,0.39608557350924606,0.07052285499197723,0.04622262048748577,0.5998795545285376,0.5,0.3,0.5,128,5.951297156320508,0.2699374625837963
24,45,0.1174918078924666,0.8386833890905142,0.8954676398518703,0.5429596205701871,0.12573566644420592,0.0774936455963406,0.03618211447836459,0.09216120363278837,0.5,0.3,0.5,130,8.761762943275023,22.9031241874693
24,46,0.11656180730003324,0.8391337693043452,0.9000500099152287,0.5653242318795945,0.10316330585932512,0.07924407579526313,0.0372654915762694,0.09013722209888873,0.5,0.3,0.5,135,8.853478224467354,23.0916045143058
24,47,0.5842566399216242,1.3409111225128583,1.4324029303146109,1.1851104387088873,0.5644226331645265,0.08231017577854459,0.07524508004001242,1.0,0.5,0.3,0.5,143,121.73607768255155,3.075454182826917
24,48,0.5788380805277327,1.314360114717479,1.400429285013503,1.164313807866924,0.7212781359406685,0.08041995158391296,0.07433850748970341,1.0,0.5,0.3,0.5,144,122.04959980079347,3.1316576443187767
24,49,0.5765160636620333,1.3114878306524678,1.4056547314563266,1.203168027935475,0.5763584674149718,0.08038036942644912,0.07384626513172135,1.0,0.5,0.3,0.5,151,122.33022913857566,3.142904290276018
24,50,0.5765160636530784,1.3164348574731946,1.4149749220807952,1.2165067302017594,0.5623448297693675,0.08038036942644908,0.07384626513172132,1.0,0.5,0.3,0.5,153,122.33022910347626,3.142904288419353
24,51,0.5762524554252082,1.3161077313061311,1.4146439082704934,1.2277887389656867,0.5626822481408926,0.0801409768760459,0.07340663966875868,1.0,0.5,0.3,0.5,154,122.45891244204137,3.14263121111368
24,52,0.5764925718075262,1.321241777030711,1.4241478784603874,1.241421566270884,0.5625924603390073,0.08038459979229783,0.07383444549153081,1.0,0.5,0.3,0.5,156,122.36858271793068,3.1437170050553465
24,53,0.5761179569796919,1.3154145481428212,1.4139165348403437,1.2391619272023353,0.5667199161272232,0.07998461612898991,0.07356955477396503,1.0,0.5,0.3,0.5,157,122.31392708704333,3.1264584326563654
24,54,0.3677540524360465,1.1098418260576266,1.2125855744103686,1.1422842368000947,0.35485659066655495,0.09635239091156744,0.11658427234801397,0.5418903870937237,0.5,0.3,0.5,179,7.847778817398374,1.4606762391576145
24,55,0.2924811933496391,1.0387210052642792,1.1457895701853043,1.033380157543609,0.2822740400699222,0.0831485029397432,0.0730025666735353,0.4309839120215271,0.5,0.3,0.5,181,65.25489171334146,3.309148093817516
24,56,0.29201533421494363,1.0367829839156668,1.1437623924862323,1.0509591439937198,0.2835082762602402,0.08123483025420761,0.0727899970632201,0.4326144029938478,0.5,0.3,0.5,184,66.78120865905431,3.396907140541175
24,57,0.6163461645139854,1.3625665295417406,1.4737085687632425,1.4057822728784068,0.6065414043573841,0.1628916872064246,0.07413895893755099,1.0,0.5,0.3,0.5,195,9.492827732985775,3.692127117148177
24,58,0.6163450946041474,1.372444644996575,1.4923321132712695,1.4250300564282175,0.603733606729866,0.1628912218203085,0.07414438525833597,1.0,0.5,0.3,0.5,198,9.492426864888778,3.69222564423534
24,59,0.616343832899295,1.3674908685469864,1.483004834229647,1.4582572210580569,0.603738419795234,0.16289122182029503,0.07414321118842976,1.0,0.5,0.3,0.5,199,9.49301016299482,3.692222719057283
25,0,0.8834470500183738,0.9884902894896892,0.9878977343467381,0.06162169295509778,0.0,0.0,0.0,0.0,0.5,0.3,0.5,1,7.600799118270353,60.23927917868316
25,1,0.6063196309925114,0.9866638002593274,0.9840539396673932,0.09392373214114765,0.18988222783178385,0.07450050947594394,8.549557863532e-05,0.00016878302722,0.5,0.3,0.5,3,5.205275529109706,41.9340031071147
25,2,0.48503499402367206,0.989515379887254,0.9854833834915846,0.12076199251521777,0.282917945523854,0.11821782550832427,0.00252179839617202,0.015945690123423208,0.5,0.3,0.5,4,5.118725467870969,40.02370014712736
25,3,0.23918838305072518,0.903353195784145,0.9001965053144775,0.08533635303543723,0.5736588793364479,0.08697672138265847,0.00092239235201846,0.00182096169115731,0.5,0.3,0.5,5,1.664302267940256,9.809557951017696
25,4,0.21006875719778775,0.891798837829141,0.8877213519641753,0.09264757001285588,0.12075084913430476,0.09936212369976563,0.0009458706290412201,0.00208592909808164,0.5,0.3,0.5,7,0.9769328422678902,2.0216165021642665
25,5,0.20925194863038257,0.8912444787327645,0.8871489061721614,0.09566722222665278,0.05348671725108467,0.09912225747655179,0.0008873357654221,0.00195549774289198,0.5,0.3,0.5,8,0.9860153211314396,2.234018811738242
25,6,0.20241121979879786,0.8813912146306718,0.87278753571876,0.08941050299961537,0.06874210309282765,0.09525674595177071,0.00066097135479898,0.00138592513442097,0.5,0.3,0.5,9,0.9590881674068102,2.5124532386336758
25,7,0.2062952266305464,0.8907599718352017,0.8864967899787684,0.1019764923404192,0.05887948354621088,0.09806367049055824,0.0018882875795923602,0.007956117500231551,0.5,0.3,0.5,10,2.2085403433787665,5.37139438074181
25,8,0.2055583777362921,0.8851878938792356,0.8765378441036945,0.10180905372988105,0.054937413110230884,0.09806455411565247,0.00179286164548456,0.00729561771721068,0.5,0.3,0.5,11,1.641737017445435,5.013186794441419
25,9,0.20120764258026697,0.8927402808614533,0.8926850350620159,0.1179489730962598,0.07672959973781683,0.0984335849685162,0.00192936399619075,0.00804764675906987,0.5,0.3,0.5,12,1.5367805719942291,6.937849841404311
25,10,0.1960811934165012,0.878974900013365,0.8700722558558217,0.10764799970912561,0.05956190229679764,0.10058555969752134,0.0009535706061323901,0.00266389783679579,0.5,0.3,0.5,14,1.2999722913879723,2.745650429256556
25,11,0.8679209225437621,1.5573056180098883,1.5526423610955498,0.7994293245086382,0.7481076368215912,0.4534858897924839,0.0038360623768793,1.0,0.5,0.3,0.5,15,1.4519173651327706,5.0443512052608686
25,12,1.027229792818336,1.714827026935677,1.7054778594416444,0.9607330651513579,0.9437310803018758,0.7859482779893725,0.0115430603677864,1.0,0.5,0.3,0.5,16,1.6653769407829668,56.520364533536565
25,13,0.8421822139287508,1.536295073346847,1.5311354860932829,0.7869342331803995,0.7304068373083172,0.43073014848767566,0.0038644048469598097,1.0,0.5,0.3,0.5,18,1.3805002514657938,6.187556489691625
25,14,0.18097395023334473,0.8702049957013587,0.8606643014744948,0.12192792688909729,0.05674695758483223,0.09690790992160508,0.00651306348288822,0.0102552250836209,0.5,0.3,0.5,19,1.1588880942036095,1.186915574854174
25,15,1.0792576015908084,1.7749243213183117,1.769554385608963,1.038603446828107,0.9898634169581777,0.9103246135091345,0.013591877513775611,1.0,0.5,0.3,0.5,20,1.7156827729551387,41.94335608009815
25,16,0.36750263336082556,1.0674469209156834,1.0609815442428316,0.35358681214201426,0.3283721256969574,0.11442805681137966,0.1706560485967705,0.3292605843966135,0.5,0.3,0.5,23,0.9211571780302592,65.2799559342408
25,17,0.33312227072205314,1.0365281583930108,1.0332610075686668,0.3432052612678717,0.34874420590770355,0.09982945074176611,0.15533995201884104,0.32696479421618063,0.5,0.3,0.5,25,2.018329247640869,48.82259151613666
25,18,0.32407622328406926,1.022884478311948,1.018695780861535,0.3489209405806518,0.3338587892087913,0.0978084921549334,0.14736493880904789,0.3422865409655978,0.5,0.3,0.5,27,1.514371162375092,29.9835120489743
25,19,0.31636370177693424,1.0166123004390628,1.016299874388531,0.366828384286114,0.30026161536417467,0.10403973680128589,0.16368354795660225,0.3231298902964077,0.5,0.3,0.5,29,1.548575183608191,33.669349717557495
25,20,0.31286068094614533,1.022963611933471,1.0313923633477706,0.39880572903930367,0.25940237938418886,0.10442516880119576,0.16284712191992018,0.3163606778529918,0.5,0.3,0.5,34,1.5618805287153932,33.83845067278676
25,21,0.3533599918520549,1.0604504493062374,1.0685112090632054,0.4356769275045781,0.3595619948554549,0.09549334159348065,0.15228323290790455,0.42090179513411724,0.5,0.3,0.5,35,0.8309751322439866,16.263994967476137
25,22,0.34582573721680937,1.0510116692465907,1.062719941702524,0.44430210375273627,0.35845483775626946,0.10879642264890528,0.1616441336280947,0.4014023701016506,0.5,0.3,0.5,37,1.9149374831676067,20.453110986136
25,23,0.3523541732470855,1.0481250265801154,1.055039384856792,0.4622040008662004,0.335039753009366,0.10093488182520685,0.1629290453821996,0.42895988305166616,0.5,0.3,0.5,40,1.7696205000024072,19.843500588598022
25,24,0.4796738262110587,1.1733972928519836,1.184079356864344,0.6105385571798028,0.4916875263579479,0.10115863557332302,0.2414935741708523,0.6457703105070337,0.5,0.3,0.5,42,2.169181559923227,36.1681626349448
25,25,0.4796732791725492,1.1783428665741644,1.1933980129885255,0.6199917184301049,0.44592105074333177,0.10115863557332302,0.2414935741708523,0.6457703105070337,0.5,0.3,0.5,44,2.1691545802806758,36.16682741058142
25,26,0.4519768422819224,1.1543979808989955,1.1737234279833182,0.6022258391590043,0.4273590968134336,0.10531650828777632,0.21843371697743624,0.6016613029742365,0.5,0.3,0.5,46,2.075672291270539,28.475639364880838
25,27,0.4796655455562883,1.1648176863161077,1.1748183928621465,0.6315430958384303,0.49374999167179734,0.10326237394214854,0.24714271890751327,0.6495889118194704,0.5,0.3,0.5,48,2.1112490902470817,27.590841830574675
25,28,0.4796655498832096,1.1697647131368345,1.1841385834866152,0.6412273608369425,0.4505686588177328,0.10326237394214854,0.2471427189075134,0.6495889118194704,0.5,0.3,0.5,50,2.111249301720769,27.59084721104989
25,29,0.4774984104795008,1.1678721517582962,1.1862682901114003,0.6494413086242852,0.47707037469812663,0.1035211514232043,0.24714789025422643,0.6492806369746615,0.5,0.3,0.5,52,2.156744801105228,28.809823314750684
25,30,0.4554593853201304,1.1396614711854207,1.1535929764098276,0.624515547025202,0.43623018585084383,0.10136342531005492,0.2349559081143037,0.6157795803400636,0.5,0.3,0.5,54,1.8323747763719256,23.84960943863696
25,31,0.5153842471541892,1.2043816865727577,1.2266937123827115,0.71827242484168,0.504692516052973,0.10117961591886006,0.2672115520129912,0.7204741968042427,0.5,0.3,0.5,58,2.145615274142825,32.261893329951164
25,32,0.5128493566001453,1.1865411418778475,1.2037654704583023,0.719596490161986,0.5460042727825851,0.10180748709291193,0.2665809352522116,0.7221978055289531,0.5,0.3,0.5,60,2.1298511103830693,28.27976403458455
25,33,0.5228092782455838,1.1964825865774296,1.217747680852338,0.7365368028466956,0.5291221308439081,0.10520803162410909,0.42380735452795204,0.6473637998668745,0.5,0.3,0.5,62,1.801598129936273,29.03874152073656
25,34,0.5221986044131529,1.200434563102042,1.2260488358895665,0.7461723579087887,0.5043605432396602,0.10452631056403339,0.42481797875858085,0.6463809914922777,0.5,0.3,0.5,64,1.8018562939231109,30.231633832466446
25,35,0.5224536532900885,1.200238121282349,1.2258222035698014,0.749911038655886,0.508147897443926,0.10507618947317997,0.423756970232004,0.6472473902291208,0.5,0.3,0.5,65,1.8007775948466032,29.661566545835644
25,36,0.5218937139460693,1.202759072127993,1.232595573521226,0.763162570100878,0.5207671878093417,0.10500015675619967,0.423727814575625,0.6471799703807863,0.5,0.3,0.5,66,1.7433600928552129,29.07797088466298
25,37,0.45305912008935906,1.1271488690203246,1.1524934681447374,0.6974690469701726,0.4384442972423209,0.10641960180108223,0.24441799706153738,0.6166332925966744,0.5,0.3,0.5,71,1.8943584115889165,26.52890281332988
25,38,0.45223195890602513,1.121787461240519,1.1468409581570174,0.6999374844776631,0.4791650076239665,0.10571503691411772,0.24482898429348815,0.6176779721812189,0.5,0.3,0.5,72,1.9198541764895876,21.645654860144724
25,39,0.4992920340960588,1.1510737866328213,1.1790987537214912,0.7635236781118422,0.6989589275697019,0.10186328703821593,0.42822445308537294,0.6146275288710535,0.5,0.3,0.5,73,1.6951297837221455,23.87579126743204
25,40,0.1565695468901736,0.8002790873568235,0.8237442248534498,0.445580034615377,0.1452797167958605,0.09571306218744098,0.09676001192687328,0.1352129599491127,0.5,0.3,0.5,92,2.5139754530343854,2.666923011486669
25,41,0.1269345375101145,0.7769363669487019,0.8048551305685196,0.43129891344551585,0.1149096840760636,0.0845710753338272,0.092233191642852,0.08936619374311483,0.5,0.3,0.5,95,2.72846593988905,1.436088839757509
25,42,0.11495600593402575,0.761629954098432,0.7934316573304419,0.4251192580982568,0.17805878015896737,0.09021106869548866,0.08546953871162241,0.06632270929599622,0.5,0.3,0.5,96,2.77858326341652,1.5820888975270415
25,43,0.11960487492545391,0.7661552707293524,0.7979497202798144,0.43503155750624883,0.10965674441314133,0.08572084017419307,0.08427439668729,0.08086225546906632,0.5,0.3,0.5,97,2.779586052341796,1.7056337758021922
25,44,0.1246551329747948,0.7691479690921028,0.8008217339961835,0.44322577014518716,0.13216200668765954,0.08532097085199056,0.08555279091623005,0.09116904897307292,0.5,0.3,0.5,98,2.6976488664420595,1.7938053593313483
25,45,0.1241042070582909,0.7731333168781138,0.8091562045352589,0.45954239804306557,0.11705150627596103,0.08766084025420373,0.0933507226761534,0.08316100851083455,0.5,0.3,0.5,99,2.7331956533904425,1.4244961018621336
25,46,0.14200864970206256,0.7987324321490891,0.843373151618424,0.518569581193341,0.1348688704451003,0.08864305143090764,0.0984603537530247,0.11551523369410807,0.5,0.3,0.5,105,2.0517575893944118,1.1490445357381482
25,47,0.14389740603827555,0.7995142582977948,0.84409049818617,0.5238869439119294,0.14342832400343897,0.08674108870981474,0.10372838962661768,0.11832520682427297,0.5,0.3,0.5,106,2.126866208348773,1.143867450055964
25,48,0.12473152351816047,0.779729975624283,0.8242703339723152,0.4961075226107994,0.11988543554443573,0.08042687735306212,0.08839443536675853,0.09566472802395144,0.5,0.3,0.5,107,2.700461137675054,1.5080077293256522
25,49,0.14201093956215216,0.8019213462426427,0.850832836641441,0.5483181596087541,0.13215821152082918,0.08854949559566926,0.09875724988779175,0.11589229309903248,0.5,0.3,0.5,108,2.0327906012807127,1.2350798486355508
25,50,0.12383990160981577,0.749938764543852,0.7887377664765663,0.5041613081464913,0.3229295820500414,0.08835934212907116,0.09492859435593558,0.08727861222604225,0.5,0.3,0.5,109,2.967089090176397,1.7518129794004529
25,51,0.12387717566741685,0.7545789893283114,0.7977318330840178,0.5180187864890704,0.11694505113022002,0.0882318815211473,0.09516660563965948,0.08740068748247072,0.5,0.3,0.5,114,2.924179349574633,1.6955412957583125
25,52,0.12042494219818628,0.7600873926305038,0.8119340967722677,0.5520963928300096,0.12094305052876411,0.08823545515911208,0.09180533737132648,0.0826806863730714,0.5,0.3,0.5,115,2.702101001975624,1.5367163824928802
25,53,0.13197815125888857,0.7610108561864741,0.8040695616863243,0.5631094279585176,0.1260076433066465,0.08047723097671924,0.0938661469116866,0.11245606003486397,0.5,0.3,0.5,120,3.093103389128101,2.508516620841031
25,54,0.12674458017131734,0.7533161053957852,0.7962372364364936,0.5653797816887409,0.12298011279248781,0.08454309768909819,0.10782639582993281,0.08997018999768391,0.5,0.3,0.5,126,2.65814890110769,2.6373286269505
25,55,0.12567417784142926,0.7412939919375418,0.7877054021371835,0.579116917591088,0.2532529754058289,0.08422970181547326,0.10501698806063302,0.09233077500678603,0.5,0.3,0.5,127,2.8450089254751454,0.9175009476689258
25,56,0.1271448807675557,0.7365148123640698,0.7825825959888808,0.5894283086221946,0.14766668740851963,0.08571227461438098,0.10474808462243279,0.09480221682004777,0.5,0.3,0.5,129,2.94652361739972,1.064320745674977
25,57,0.12449833289259439,0.7320092955678759,0.7943914174098702,0.6517489167635516,0.13144147032364625,0.09569781432463315,0.0931297718504654,0.08897845577415667,0.5,0.3,0.5,145,3.054288129673252,2.514995632649734
25,58,0.12485000997169216,0.7314997679826597,0.7979417878483629,0.6754513945076891,0.13656758581093173,0.094414666172982,0.09322535459102592,0.0914614308045449,0.5,0.3,0.5,148,3.056417337108297,2.057762453009174
25,59,0.12731976997432332,0.7365881799296133,0.8072779973157834,0.6958706786258101,0.132953107521469,0.09388080131430393,0.09451106797484445,0.09637622587646597,0.5,0.3,0.5,150,3.047696074885692,1.906149359004948
25,60,0.12369392631173434,0.7251032040553215,0.7953710774539655,0.6834142400151507,0.18397925823858208,0.09423227536373396,0.09301767835378684,0.09034445575242964,0.5,0.3,0.5,151,3.0718675737253465,2.0573527526425277
26,0,0.7886953073906744,0.9783833663469774,0.9772705135964657,0.05938323962905943,0.0,0.0,0.0,0.0,0.5,0.3,0.5,1,15.261213163847383,63.290258152208175
26,1,0.5582476203185045,0.9838767676500051,0.9808080157598176,0.0980836416538012,0.19138418793631742,0.08674887298560799,7.804026919373e-05,0.00017917661441174,0.5,0.3,0.5,3,9.771536260494194,40.54540891044783
26,2,0.42260920075978564,0.9732999018596689,0.9685555022450334,0.11533032854689812,0.3188767181360508,0.11519328703101227,0.0025217250504361603,0.0142161259984941,0.5,0.3,0.5,4,10.247088536174909,39.993811257894734
26,3,0.2362359930960657,0.9065608332764564,0.9031540327868216,0.0923961828468064,0.5144147618214734,0.10225615562229297,0.0011142540164417,0.00255827234225836,0.5,0.3,0.5,5,1.7247811220311782,5.941420093198169
26,4,0.21077466265273295,0.8921504462970209,0.8880935645071221,0.0926778732316259,0.09884932244709675,0.10050652976466706,0.00048242468551214994,0.00112243330745489,0.5,0.3,0.5,7,2.014027174999457,4.048212782169137
26,5,0.20713328600576922,0.8963468752342012,0.8918155820506909,0.10957796607553316,0.10348309659180413,0.11304255330936548,0.00556125789361527,0.01236284321054528,0.5,0.3,0.5,9,1.3537746929051715,1.3392768467683591
26,6,0.18889463063133866,0.8800457230913585,0.8752184225500755,0.1035215311177515,0.07300750527805241,0.10343698193608745,0.00147786459599762,0.0033171381957445498,0.5,0.3,0.5,11,1.9176761637394264,3.1250548144066768
26,7,0.18506721578293384,0.8779348292936712,0.8729294823762505,0.10865356400545324,0.06870928298820798,0.10620175165226375,0.0014361333390075601,0.00327274614469387,0.5,0.3,0.5,13,1.6251693099066076,2.428912544787996
26,8,0.1813834006161968,0.8802800171181696,0.8795138670568503,0.12127885923828854,0.06513975054546212,0.10620175165226371,0.0014361333390075601,0.0032727461446938498,0.5,0.3,0.5,15,1.8033585540723287,2.6258038623034663
26,9,0.12961094233616569,0.8122124758415933,0.8060984254698456,0.1317965114137476,0.911798091935105,0.11548155002940334,0.04557632675127313,0.03914381809977257,0.5,0.3,0.5,16,1.8134178426481264,2.939226102504188
26,10,0.1267474246196036,0.8092508345482919,0.8071028209288797,0.13689287615762236,0.11768222622531341,0.11548155002940329,0.04557632675127313,0.03914381809977266,0.5,0.3,0.5,18,1.786661161784831,2.9354512653943146
26,11,0.10034782579035431,0.6453563979778012,0.6304689801156667,0.10768057934559899,0.7252870087625916,0.10948130076506091,0.0549691056365033,0.046646928201505525,0.5,0.3,0.5,20,2.0158143548627194,0.1719553197497945
26,12,0.10052119552160352,0.6460142048151873,0.6352546881367691,0.11441844177242322,0.11355700095757304,0.10951166046482944,0.0556040816968693,0.04718577056313007,0.5,0.3,0.5,22,2.0321294877220355,0.1607090170549668
26,13,0.10222870047497028,0.6281150903800178,0.6121823064676409,0.11633565463976156,0.1583162206124227,0.11165829334213495,0.0601184784685986,0.04751094243619175,0.5,0.3,0.5,24,2.097587751576456,0.438833462084949
26,14,0.1020824485111852,0.6166064229098677,0.6000590404557176,0.12184235930520598,0.19057612954857356,0.1116583909898636,0.05989864497255658,0.048502895093422524,0.5,0.3,0.5,25,2.057227982439007,0.5786777916506077
26,15,0.0967132425281014,0.536875934768526,0.516380517991065,0.10711867275195447,0.3935667208940251,0.1083284954265643,0.053137739711219954,0.04981205224034652,0.5,0.3,0.5,27,1.967105176022812,1.1987190249750186
26,16,0.09677020247742163,0.5344489691987971,0.5138232246489478,0.10927928166647553,0.11479030270601799,0.10839680195172968,0.0526908877993215,0.05022123817007438,0.5,0.3,0.5,28,2.0305107019889603,1.306241922055115
26,17,0.09464291327310587,0.5140773395667689,0.49249633827405137,0.10597839574885391,0.23772933157420545,0.1078524543912061,0.051152631941464174,0.04805760555564698,0.5,0.3,0.5,29,1.9418694253052504,1.0368266818752887
26,18,0.09479613752538432,0.5134135068952275,0.4917898018196336,0.10857948499418785,0.09992833860245073,0.10802419490364033,0.051731204221425596,0.047870136314697706,0.5,0.3,0.5,30,1.9412129236184383,0.916424359099195
26,19,0.09560762131456618,0.5098171974621878,0.49207804749655365,0.11855806349052186,0.1318321077257017,0.10812899869355473,0.05129919908398935,0.049920463131582035,0.5,0.3,0.5,32,1.981500259724137,1.204782487899764
26,20,0.09542124061692463,0.5064135915786206,0.48850650750079133,0.12042946227385627,0.12081779815685813,0.10818743766908573,0.05152718232331784,0.04944241604465074,0.5,0.3,0.5,33,1.985118899109031,1.0423699598281717
26,21,0.09759511628793521,0.5068362819556925,0.49295335738969215,0.1443055685972909,0.109200411826994,0.10974533027067242,0.05532234651144596,0.050117671188171564,0.5,0.3,0.5,37,1.9086862510140612,0.8572451921211185
26,22,0.09703844064293568,0.49167191760577633,0.4729127662798411,0.1375343806501289,0.12150292739085047,0.10952661780647234,0.055119152573658035,0.04956808346911696,0.5,0.3,0.5,40,1.9015793074493237,1.0274847308154462
26,23,0.09692301843630366,0.4961539465897518,0.4817497744584534,0.14380619163488848,0.09858736150136851,0.10936299588256364,0.05460536692813278,0.0498163568427948,0.5,0.3,0.5,41,1.8954123835047072,1.170145437264527
26,24,0.0969238316620119,0.4951553943671185,0.4806992012678967,0.14640916463902065,0.10407643093883784,0.10915079421784415,0.054446885334574105,0.05014748228165666,0.5,0.3,0.5,42,1.9028788005693895,1.0532550033622108
26,25,0.09666769686596662,0.49396984768495816,0.47946530626958095,0.14875288574653042,0.10298218232964455,0.10918173408252727,0.05442646368077676,0.04963616216507575,0.5,0.3,0.5,43,1.9028454665480852,1.051719099622911
26,26,0.09851427781261422,0.49285302816286575,0.4823102861825734,0.1589084270235525,0.1599918852870255,0.10854503648416935,0.05571250711297219,0.05335517173926083,0.5,0.3,0.5,44,1.899989019738572,0.4456813607873179
26,27,0.09764407146477909,0.4965790750958104,0.4903911570680519,0.1915122121730591,0.09724072736513667,0.11002483436567544,0.05559798947942418,0.05021452037796579,0.5,0.3,0.5,54,1.8991372704408456,0.6031486847459374
26,28,0.09822089876983901,0.499656667245806,0.497714876453425,0.20452231416685981,0.10625772332660485,0.1100119891244604,0.055570768157249206,0.051440212231973814,0.5,0.3,0.5,56,1.894464504024974,0.5100046395274158
26,29,0.09833394198687961,0.4996858034798728,0.4977396650630178,0.21698284039702456,0.09762285998010711,0.10996856078764881,0.05558512500142587,0.051702179175693044,0.5,0.3,0.5,60,1.895609592384886,0.8197555096720425
26,30,0.09830234858836129,0.4994240580981062,0.49746594269879546,0.22000555296685353,0.09852999250671376,0.11003868564082993,0.05608975614120443,0.05127109722373939,0.5,0.3,0.5,62,1.8978955015699133,0.7740005409895759
26,31,0.09828622974167103,0.4994036727878897,0.49744533429235194,0.22308240699269458,0.09751924049855434,0.11000170006283919,0.056081816070278276,0.051280738200898776,0.5,0.3,0.5,63,1.898483244397956,0.8082470021983734
26,32,0.09778046128904383,0.4978685949006209,0.49585678298403885,0.22854051427571076,0.10096364610665304,0.10999857676456055,0.05499129749608388,0.05094553261866873,0.5,0.3,0.5,65,1.894224942226342,0.5607816311895533
26,33,0.09770438989050924,0.4963138578101224,0.49422523143228825,0.23742627812994804,0.10075851337188531,0.10898615971856798,0.05489117902678827,0.05189281467875664,0.5,0.3,0.5,68,1.8968994097859968,0.5491922820596808
26,34,0.09836402251486563,0.4825452310699177,0.47147480154889126,0.24156259432999194,0.1331635590135473,0.10980883923400399,0.05487684271540679,0.05247816709727506,0.5,0.3,0.5,69,1.8960791395654324,0.5517703046493792
26,35,0.0985234262632276,0.4825799292770349,0.47150302494687185,0.2538050895646362,0.09802264295773397,0.1100175360247108,0.054814278481486,0.052628055509317775,0.5,0.3,0.5,73,1.8983076701847084,0.8661845826424658
26,36,0.09860123288188939,0.49610664305167124,0.4980769586925226,0.28867909288115196,0.10314209484509018,0.11004779726402193,0.055616300378260965,0.05229521527597194,0.5,0.3,0.5,75,1.90846486528518,1.1306299620181477
26,37,0.0981408459539673,0.5178728827512332,0.5415787914238785,0.34811238058714566,0.0989284179972616,0.10910123902254867,0.05513187889954855,0.05265351526246424,0.5,0.3,0.5,88,1.9135807834602951,1.1032426075452295
26,38,0.1001069853892225,0.5288133080716482,0.561217777814227,0.4694740662835703,0.09965541110275936,0.10881322230187002,0.05422078278928862,0.057436483236006954,0.5,0.3,0.5,117,1.896560025769744,0.9539383395701246
26,39,0.10044300878854648,0.5284359200246578,0.5608033708857729,0.4712874413355189,0.10524770387033411,0.10879605009566139,0.05425585162879023,0.05811606591952347,0.5,0.3,0.5,118,1.8973860791007848,0.8033157321295737
26,40,0.09627054508357079,0.5268991058140687,0.563519797286591,0.4917471590968927,0.09913682313488385,0.10884622258380366,0.054386158942401695,0.04967898173245263,0.5,0.3,0.5,123,1.9077771322288568,1.199779702148532
26,41,0.09990801135689906,0.5597057558792783,0.6225388004435817,0.682413607310765,0.09930909117913478,0.1088480890522454,0.05468954873977842,0.05677804307538763,0.5,0.3,0.5,168,1.912371601994033,0.8211854808571056
27,0,0.7883908928018506,0.9783489448957102,0.977234335801564,0.05937529813296714,0.0,0.0,0.0,0.0,0.5,0.3,0.5,1,15.358380360713156,65.91919911059219
27,1,0.5630471724901291,0.9773000221931211,0.9743518774854275,0.08968226952023396,0.17321507870156586,0.06898117077123939,7.128550473199e-05,0.00011348140398532999,0.5,0.3,0.5,3,8.595540685972743,40.7064407182822
27,2,0.4799052682731683,0.9809186752986212,0.976940562586908,0.11138337697820344,0.2146459228270465,0.10966428570128492,0.00121005891680736,0.00599760956619838,0.5,0.3,0.5,4,6.915719073248926,40.0407159180788
27,3,0.20047636169043132,0.8882056444109391,0.8836850498092279,0.0990442621893175,0.7987301084600363,0.10826600828121613,0.0012469007392565,0.00303067181424873,0.5,0.3,0.5,5,2.978960091895031,3.0823007046824067
27,4,0.20041230080277686,0.8931131544997835,0.892963652875071,0.10474210849916385,0.05617611942612002,0.10826600828121613,0.00124690073925649,0.00303067181424868,0.5,0.3,0.5,7,2.992983467671539,3.091195796121826
27,5,0.18632253351883685,0.879072858379677,0.8740754006855397,0.09926554135412587,0.1280253928812935,0.10818215708273003,0.0012103082643052901,0.00339727126648273,0.5,0.3,0.5,8,4.51791698034033,5.081687494679625
27,6,0.1845925818015094,0.8828203429151229,0.8821342840910608,0.11757824487380066,0.060790183565920086,0.10818215708273,0.0012103082643052901,0.00339727126648273,0.5,0.3,0.5,10,4.610290005572398,5.239129145008024
27,7,0.16700525643875155,0.863913385177486,0.8583423254245799,0.10090137329099662,0.12954327844024352,0.09641291164849153,0.00318179006763293,0.0059494005130688,0.5,0.3,0.5,11,3.199473060525712,6.115471543545324
27,8,0.16782440540537027,0.8697410519704978,0.8685322006634675,0.11492734217805019,0.05378265350423935,0.09899950210333817,0.00283824019664791,0.00575648732737065,0.5,0.3,0.5,14,3.092416578661745,6.921797005992788
27,9,0.1631218578428361,0.8603109422098084,0.8546927312037396,0.11352162341762656,0.05505113211672043,0.09181629908041758,0.00353969996304502,0.00495826668957956,0.5,0.3,0.5,15,5.320184025819505,7.16138415970388
27,10,0.15651639551934318,0.859012711240178,0.8576941328791903,0.11989943669487507,0.04737954017112954,0.08409666447279515,0.00226503484167588,0.00380795747427215,0.5,0.3,0.5,19,1.6878638392131196,2.204062891533165
27,11,0.1560000758193199,0.8543500540936501,0.8484819980735631,0.12377243647352835,0.07503251515990535,0.09235789239255685,0.00172204917091794,0.00329173299265866,0.5,0.3,0.5,20,2.6234450477042923,2.403065703727997
27,12,0.15516470708550342,0.85859974458366,0.8570689316371654,0.13912323643661506,0.05104133283477235,0.09235789239255691,0.00172204917091794,0.00329173299265867,0.5,0.3,0.5,22,2.6409131069455243,2.404478546457827
27,13,0.15882343619667524,0.8672214680916835,0.87005971468409,0.1454782047364141,0.05272151142629166,0.09713410804039475,0.00222670057056252,0.00572260234759753,0.5,0.3,0.5,23,7.495014840603141,24.774288820000933
27,14,0.15178702423034068,0.8556910536897835,0.8540280278557928,0.14043437407663967,0.06738076965055788,0.09176527361684773,0.00169115410281063,0.0032243428502550797,0.5,0.3,0.5,24,3.059565756974033,1.866796807199367
27,15,0.16299819305945698,0.8768938348287351,0.8839460440403782,0.17172204032500876,0.06461391143484656,0.09849107312414855,0.00286247622697522,0.01962059785516136,0.5,0.3,0.5,25,1.632649636375632,8.091719849483788
27,16,0.20951660953814727,0.92876367546648,0.9400392456369254,0.23198187294633538,0.1324007233677537,0.099550739214287,0.19241623388081602,0.00449387012572362,0.5,0.3,0.5,26,1.6051262382179765,5.588853040013852
27,17,0.20585542573302892,0.920752872811831,0.9271567539165613,0.23379651388972228,0.19175315191582767,0.09756466807243566,0.21608914273336147,0.0055150887930867,0.5,0.3,0.5,27,1.697190955648807,6.421275118516429
27,18,0.1399396696411367,0.8494741936921834,0.8510221577793335,0.18038984798334207,0.132567099258987,0.09853638785477,0.023519614129158258,0.00617845309054146,0.5,0.3,0.5,28,2.972261905282743,6.813427723497725
27,19,0.1334250173800026,0.8420048093654243,0.8431836983027667,0.1873303255555252,0.11478856095844622,0.08903956270144858,0.03312385544729401,0.009312461878886461,0.5,0.3,0.5,29,2.810864507276914,10.766042915935762
27,20,0.18798036040645125,0.8960806530089517,0.8971208537582455,0.24350531714289309,0.12112678521963885,0.09587001235700202,0.2163171708699291,0.0061061770929084,0.5,0.3,0.5,33,3.1840661775718533,8.804128183237177
27,21,0.1897559416655685,0.896866150523554,0.8976651000318334,0.28101721665272067,0.13047665352192464,0.09586921229930813,0.22085411443194114,0.014329008776719651,0.5,0.3,0.5,37,9.15645837672816,28.92091759741241
27,22,0.1819851896334779,0.8854273266307959,0.885563183893,0.2826427376782511,0.22307386416524053,0.09971540367354016,0.22001679036259655,0.01386817056454987,0.5,0.3,0.5,38,6.675350087608518,27.650599263011344
27,23,0.18110837955493067,0.8992318053496268,0.9124627227776118,0.2977865921722792,0.12407988829648284,0.09945907069090931,0.21930469198143338,0.013426809683081081,0.5,0.3,0.5,40,7.085278102283787,27.189597488807657
27,24,0.17448816174995624,0.8833508978296142,0.8916204351162172,0.3021785491107326,0.15248028734933253,0.09948256405227371,0.2193616531860371,0.01435503275832302,0.5,0.3,0.5,43,6.906277436045005,26.562153850543275
27,25,0.11586277922999796,0.8321544242890981,0.8488820862585353,0.2713783312939975,0.0780569965084412,0.094967450799194,0.012561295376370591,0.03196624209943829,0.5,0.3,0.5,47,6.0936404447011885,22.080102895048608
27,26,0.1731706932478627,0.8805426850206493,0.8924697733077017,0.3374155307208866,0.1611954610496244,0.10491822441583046,0.2232945336158469,0.01885105402638363,0.5,0.3,0.5,49,7.004501464746595,26.777415360798635
27,27,0.17424585337487983,0.8900390230046423,0.9105595344785011,0.3496822775156443,0.1433616126594565,0.09944480259801604,0.23382751852024394,0.02314925624222327,0.5,0.3,0.5,51,7.160432426962903,27.322208409909862
27,28,0.10555352285039413,0.8154980874162936,0.8315169118356506,0.3015444338534532,0.09067559206947953,0.09472995812103943,0.032131721755475975,0.014687098502913328,0.5,0.3,0.5,52,6.441748020947255,21.41120265945226
27,29,0.13804609014261524,0.8380108846256561,0.8531741021334718,0.337414166479836,0.22529837235216735,0.09407108984562948,0.16572177812543337,0.01345860970929785,0.5,0.3,0.5,53,6.209351609787588,21.19043905046916
27,30,0.15617449354981,0.8596223626332147,0.8790364064271229,0.3924985543387637,0.1262311083389719,0.09405350930412296,0.22596675185421228,0.01541091065943904,0.5,0.3,0.5,58,6.437573240356191,25.061965044307527
27,31,0.13796384105862455,0.8409406736855969,0.8603158920873074,0.37856821068921237,0.11045266137281341,0.09409083134560821,0.1671442895267414,0.0148121176382223,0.5,0.3,0.5,59,6.429015544412427,25.04102480091612
27,32,0.1379717808478618,0.8457029038766632,0.8694352443818284,0.38603270715732635,0.10719684876479163,0.09390980957398094,0.16832453656864038,0.01453849413040147,0.5,0.3,0.5,60,6.460031510497169,25.066416897467377
27,33,0.13754312429283305,0.8447503961301872,0.8684402258313406,0.39597967932566835,0.1109138563158039,0.09409083134560821,0.1671442895267414,0.0148121176382223,0.5,0.3,0.5,61,6.388108194569591,24.842984557760424
27,34,0.15190701725986416,0.8605072469080148,0.888284906593115,0.41453192049823123,0.1317346887316987,0.09161581954213908,0.22547214751447373,0.01499535506972616,0.5,0.3,0.5,65,5.220217104707143,22.85064967482789
27,35,0.2007291038794131,0.9128591673260097,0.9448988612672613,0.4815408609917197,0.17471267935562526,0.08174672348922131,0.22678001178061424,0.1232072228080137,0.5,0.3,0.5,69,5.033583921262502,23.882206499430712
27,36,0.1506114416497668,0.860467743585348,0.8923315457905909,0.4595853883897081,0.12598977319679677,0.0930230001540561,0.22500937423034212,0.01504359218240337,0.5,0.3,0.5,75,5.8750054193187085,22.178498837722444
27,37,0.1825305423445808,0.8974925928939252,0.9377396639598862,0.48667099476709164,0.2118781608577056,0.09915296672004753,0.25943262480122053,0.056626588549474756,0.5,0.3,0.5,76,7.30271990819691,29.334172536698787
27,38,0.15151294710672414,0.8572132931151261,0.8927773524633781,0.445318962625445,0.17192697557937117,0.09395617549349929,0.2253039465237816,0.02367373563684745,0.5,0.3,0.5,77,6.416507442229576,21.69240409947981
27,39,0.1444034933895103,0.8457917089059659,0.8850805155403907,0.4677728267071889,0.172066527718102,0.09393420678109941,0.22516710289829098,0.016231467112318827,0.5,0.3,0.5,79,6.384290659671799,21.651259568101143
27,40,0.14697876250894748,0.8540770996533442,0.9018296305720317,0.5039039437489194,0.13723637360048274,0.09383927138651108,0.22818649115889614,0.02227724508872132,0.5,0.3,0.5,83,6.422482206912406,25.45078167288039
27,41,0.1470212391544514,0.8426949751559597,0.8816010772722108,0.4776297268304355,0.14113301677799742,0.09373013874164149,0.22706216059613887,0.023973477039280492,0.5,0.3,0.5,84,6.564987024104274,25.018937762370243
27,42,0.14391660187104222,0.8443702376521413,0.8876384115963526,0.48580951396973543,0.12557201132360385,0.09393064563727815,0.22672811611304086,0.0178607779531822,0.5,0.3,0.5,85,6.545113397324477,25.01568068674402
27,43,0.14154920817411365,0.8774595089387229,0.9554417357193672,0.6448426054097944,0.1241611787874608,0.09069615029853678,0.2290785214445572,0.017249202902946282,0.5,0.3,0.5,113,4.895370541960356,22.896137208665447
27,44,0.14078015729199717,0.8795566298673364,0.9617766043783313,0.6679240888151134,0.1327249669484116,0.09069709824184012,0.2283359148845034,0.01725445030424068,0.5,0.3,0.5,115,5.013405242279542,22.916807576153804
27,45,0.16985362247488972,0.9223134155698245,1.0175778478718422,0.7238421683207215,0.1633104255746268,0.0921513636667653,0.2649868048832297,0.052556769642820744,0.5,0.3,0.5,116,5.456528799538115,22.98953415898421
27,46,0.13930566527513333,0.876347808149933,0.9584557733663788,0.6790119852620892,0.12690254720504437,0.08895165973963716,0.2279922317064861,0.01713990040948363,0.5,0.3,0.5,117,5.186352939912973,23.056976238933917
27,47,0.13848631040613674,0.868393309123379,0.9541114358131354,0.6834175094075452,0.16182874498567512,0.09119442647032097,0.2290622020252612,0.01809559319888729,0.5,0.3,0.5,120,5.0219150192731385,23.925866475312603
27,48,0.13835568094170164,0.8688599206947683,0.958683014231497,0.695410629561246,0.14438833685003247,0.09074088363101085,0.2294984908969317,0.01974662640297096,0.5,0.3,0.5,122,5.096643516696476,25.27386541470743
27,49,0.13835577344806846,0.8738070403621367,0.9680032716941279,0.7149729644838406,0.1240936561218386,0.0907408835241697,0.22949880211942159,0.01974662546960174,0.5,0.3,0.5,124,5.096643574722879,25.27386531033646
27,50,0.16759272419107307,0.922718126588024,1.0343997704002033,0.8178492493778422,0.15346334336751438,0.0912407171666832,0.265447459949736,0.05620488999045847,0.5,0.3,0.5,134,5.280832295456068,24.3314540488389
27,51,0.13719458085618969,0.8821221137782712,0.9891111658582837,0.8056299449045934,0.12713335412252685,0.09032232995506163,0.23110533790475948,0.01884022874643055,0.5,0.3,0.5,149,5.307337260029242,23.71308796080534
27,52,0.13747720838601815,0.8861017645977314,1.0014647481540861,0.8321080062166561,0.1346213250410793,0.09243273350615114,0.23206906080471618,0.01879066527561031,0.5,0.3,0.5,155,5.056386377491874,24.30594553162704
27,53,0.13707871102456193,0.9113510310732305,1.0527131617088936,0.9316239878096396,0.12787470114488586,0.0929219748376943,0.23234314793845043,0.018588073213719893,0.5,0.3,0.5,170,5.267020039937198,24.23895702744934
27,54,0.1370121373904961,0.91113343713988,1.0524866116325582,0.9452089503027735,0.12678140144629965,0.09280099248268307,0.23235967098042737,0.01861177282876701,0.5,0.3,0.5,171,5.411921324537369,23.982968179273044
28,0,0.7617780397312575,0.9752912103842876,0.974019219590086,0.058700465527808124,0.0,0.0,0.0,0.0,0.5,0.3,0.5,1,17.583735914764084,65.28636993635914
28,1,0.537314495731445,0.9745487926575056,0.9713530232565376,0.09067959619012889,0.18209664612339088,0.07308528793013222,6.957178601314001e-05,0.00012857806301558,0.5,0.3,0.5,3,11.051632209146842,41.92641052288319
28,2,0.46596872423311786,0.9914399757600382,0.9871020725575855,0.12731637701247445,0.2484333278578413,0.13921654429243369,0.00120868229901594,0.01146939753469586,0.5,0.3,0.5,4,7.415318950643918,39.971637112791015
28,3,0.18043191578674317,0.8746600930954211,0.8696599786870519,0.08466320478203831,0.8211466640866848,0.10028340587188757,0.00127417888281565,0.0025352074345928602,0.5,0.3,0.5,5,5.106390850327632,3.164975775794637
28,4,0.16986848241082547,0.8659170062968227,0.860683993237348,0.08435241687098355,0.06510339445633312,0.09357728380163123,0.0006231933970799999,0.00119405974405918,0.5,0.3,0.5,7,4.481862558954769,2.014488888286663
28,5,0.1533518106020008,0.8569562948356192,0.8553804741522345,0.09626148959821768,0.0978623487436629,0.09357728380163119,0.0006231933970799999,0.00119405974405918,0.5,0.3,0.5,9,5.042812614194665,1.728368386535302
28,6,0.14102278023434325,0.8410334646603739,0.8344426430880137,0.09118800154248585,0.14612762387455694,0.0930378373271994,0.00136369204439355,0.00427265813891373,0.5,0.3,0.5,10,6.918935214686382,11.639472832717898
28,7,0.14102277980973862,0.8459804914811008,0.8437628597209619,0.1054845178935633,0.04906439055361897,0.09303783732719949,0.00136369204439355,0.00427265813891377,0.5,0.3,0.5,12,6.918933747248984,11.639469906811874
28,8,0.15152421905173002,0.8515776166075492,0.8447940928947674,0.11326310091253658,0.09250272274303767,0.11333971776549912,0.00192979730820412,0.01220740508598612,0.5,0.3,0.5,13,8.222297465953293,67.14429172420158
28,9,0.15895998102953587,0.86364825161754,0.860891102230393,0.13393760540657185,0.10343313352105113,0.09973118744104517,0.025869831299438067,0.03917169496879883,0.5,0.3,0.5,15,4.614544477339357,12.175239977676515
28,10,0.1594312563878429,0.8628037356891831,0.8595317979438161,0.1505466584314849,0.12529498810615067,0.08119177837010336,0.03238445367603807,0.07211329422792853,0.5,0.3,0.5,17,4.5210097779790575,20.457915128489788
28,11,0.15123686888482823,0.8589749502449864,0.8599211404670413,0.1588423240522164,0.09232923878393674,0.0849941024756145,0.02948682450833926,0.05852148835086377,0.5,0.3,0.5,19,4.495544481067889,24.573342167040582
28,12,0.3035219488586525,1.0051555568480435,1.0014680885372151,0.3181825655499917,0.2466410643303628,0.10443326208332258,0.07630591787449124,0.3233658952723308,0.5,0.3,0.5,23,2.521128260148912,21.037908116236054
28,13,0.14475594195870697,0.8508430390148622,0.8514191653058559,0.16061211065863612,0.0968606117587354,0.10479655120636534,0.020849754010727937,0.042015020355904494,0.5,0.3,0.5,24,6.633069041187387,17.28519613072589
28,14,0.23888484719615105,0.9342850932208179,0.9296122523285352,0.2781297053466004,0.2509722156251039,0.10243212369785182,0.073961733303448,0.2233156117488285,0.5,0.3,0.5,26,2.496905632030254,14.082271425178003
28,15,0.1496688764871001,0.859777204449609,0.8682065617156197,0.21199912327556097,0.09657246207332634,0.07945620857537614,0.0195760621600788,0.10089658681845246,0.5,0.3,0.5,31,7.256344669005066,1.381192394815001
28,16,0.13875712335022336,0.8390627283725214,0.8425431315080145,0.19356367563191293,0.17853185692849652,0.07976631592046586,0.02011087736687616,0.09109987956504369,0.5,0.3,0.5,32,7.135506788606834,2.5873288363969302
28,17,0.1486877379949791,0.8529037041688822,0.8606447781285458,0.21276140403798022,0.11959325434779519,0.0770194049961399,0.03728241945907249,0.10570268361115213,0.5,0.3,0.5,33,8.224047857343825,1.7985991645346502
28,18,0.1432041176196609,0.8462838454986904,0.8539052922959698,0.2137124800356494,0.11632167019893061,0.07855240048470485,0.038144955063340716,0.09505979825455609,0.5,0.3,0.5,34,8.211284100585061,2.5010358867427733
28,19,0.1500854059061471,0.8569744703566514,0.8688523999488068,0.23598438678028244,0.12389000570207222,0.07950853969517216,0.03745686222252911,0.11053700085781473,0.5,0.3,0.5,35,8.327009426299734,2.504998636226062
28,20,0.15008539913469013,0.8619214783059684,0.8781725905732752,0.2449508788240257,0.1062600505565913,0.07950853969517216,0.03745686222252906,0.11053700085781464,0.5,0.3,0.5,37,8.32701364918101,2.505001631255122
28,21,0.1486616287305535,0.857955845601054,0.8739557803822856,0.25700089612480603,0.1451552236763165,0.07959636365232897,0.036779490742471735,0.11268157030009371,0.5,0.3,0.5,38,7.914634131639202,1.6584170867546066
28,22,0.1369005233712369,0.8312609124632319,0.8341323745944705,0.2359306702979198,0.09583607405090486,0.07870998371625881,0.03813942420029975,0.08939355686065212,0.5,0.3,0.5,42,6.15676222680284,3.418595193110587
28,23,0.13698789745933485,0.83561816304951,0.8427980583054309,0.24568438631073897,0.10105083067639922,0.07956901861184743,0.03818922449193171,0.08983962917620755,0.5,0.3,0.5,44,5.316164686560473,3.1341724765248555
28,24,0.14618653875291562,0.8550301245743859,0.8749041646862719,0.28779889010378523,0.11486976187732567,0.09018696017451025,0.02457909792560329,0.1130545775128337,0.5,0.3,0.5,55,6.622790390450529,1.9085902584061831
28,25,0.14202291332427186,0.8546744819548593,0.8788031917266705,0.29744041253271075,0.11702318867267379,0.08731899551757821,0.03170431242715294,0.10564526432457719,0.5,0.3,0.5,57,6.516238053112318,2.4298011816745264
28,26,0.12315223694667424,0.8325489202248144,0.860389661948686,0.29031850494132194,0.13956972723386069,0.08744273861443096,0.03058279347787376,0.07773430087733708,0.5,0.3,0.5,59,6.84140456389402,2.394041034368033
28,27,0.2006009428228951,0.9467846811230193,0.9897746903536592,0.3995237168053642,0.1551986719462043,0.08536783077451324,0.04934379690877297,0.18848336624794623,0.5,0.3,0.5,64,11.654428458502624,44.26091401869642
28,28,0.22073430494983315,0.9822507446149322,1.0311520299914163,0.4694419784327169,0.1602539591305488,0.08819919505860498,0.07830851501670767,0.16955654861197914,0.5,0.3,0.5,76,10.048282155647453,50.0305162938811
28,29,0.22072101184158205,0.9822451154270015,1.031148047679429,0.47292467429629054,0.15293922657544728,0.08819569435793469,0.0783239340646101,0.1694733386028681,0.5,0.3,0.5,77,10.05239666667386,50.03051129749421
28,30,0.22799446453232783,0.9962144773428697,1.049953153497525,0.4822903576623756,0.21001090440584078,0.08661622632435345,0.09417901308435744,0.16161333694218327,0.5,0.3,0.5,78,9.079469391968068,36.87251923737859
28,31,0.22799446537885226,1.001161504395203,1.0592733183451206,0.49315427820511043,0.15236881541750885,0.08661622629736655,0.09417901257571917,0.16161333773756592,0.5,0.3,0.5,80,9.079469282438874,36.87251885860682
28,32,0.21396889311642678,0.9866317590610842,1.0445876766043747,0.4881797656358286,0.1495346433079959,0.08812235989915419,0.08181303117554968,0.1445254022450423,0.5,0.3,0.5,81,8.690365936966716,34.868311626653565
28,33,0.22633249597554814,1.003990377758494,1.0663390223823805,0.5039707300414141,0.16616283737785725,0.08721454433839357,0.09414765293100325,0.16209431809634406,0.5,0.3,0.5,82,9.643600007001597,40.11046929654226
28,34,0.2511409635970032,0.9921850250468907,1.0624348776740087,0.6270513692957305,0.2281071909302756,0.11274806144880345,0.0980209784108366,0.2836788519792368,0.5,0.3,0.5,98,10.02505635952226,14.952191835832854
28,35,0.2511382180734526,0.9971216537208805,1.0717441187286327,0.6497792965392712,0.22766039429162344,0.11274806144880345,0.09802097841083655,0.2836788519792369,0.5,0.3,0.5,100,10.027641443684423,14.961887264308547
28,36,0.2511298603711918,0.9970900063668371,1.071710827874949,0.6461736609263568,0.2278650762383809,0.11274806144880345,0.0980209784108366,0.2836788519792368,0.5,0.3,0.5,101,10.039538972597224,15.006262914923138
28,37,0.19612949547574685,0.9447076775728366,1.0235385821586747,0.6273279926068611,0.1762568724458262,0.11571349855812656,0.10418601219722372,0.16869164594224323,0.5,0.3,0.5,110,13.764951630268898,13.103002583567
28,38,0.20547423100838413,0.9282415325926481,0.9891709412627423,0.6440069875856129,0.2001191449416911,0.10826302674257367,0.08520461981579043,0.2100589055819805,0.5,0.3,0.5,114,10.749762782284275,13.006401548117648
28,39,0.2048935041452537,0.9363316338653023,1.0059254690980424,0.6573385104615257,0.1906894649130696,0.1082707131079085,0.08514287061919254,0.20966166849905207,0.5,0.3,0.5,116,10.749368938922984,12.978792228901904
28,40,0.20508166353056684,0.9364119594378961,1.0059986318906116,0.6685572279961746,0.18527021603057608,0.10827640916765792,0.08521816843321849,0.21005111918762126,0.5,0.3,0.5,118,10.7524590346112,12.991008984442832
28,41,0.19228864729507283,0.9288501207694039,1.0068749015306528,0.674149290437671,0.21961946465943977,0.11584841144221979,0.09193056293962992,0.17551286146460382,0.5,0.3,0.5,119,13.299121519979757,12.22440853598976
28,42,0.1985138187257488,0.9350229849428899,1.0130443388877266,0.6822859372622685,0.1796705092627157,0.11621036457486963,0.09552256039552928,0.18547440615803382,0.5,0.3,0.5,122,13.396842830044912,12.366958764216577
28,43,0.1810443206211114,0.9109324596716551,0.9844713887933723,0.6699575006431928,0.17074998971415506,0.11594538875005317,0.08894725372776326,0.15564246623444358,0.5,0.3,0.5,124,13.1416211116688,12.14648999404497
28,44,0.23582144540873845,0.9643260807095371,1.037775320929097,0.7396953404337165,0.22015527239655602,0.1112912870518407,0.09589492657433342,0.2664013595545921,0.5,0.3,0.5,129,10.651635905848543,16.888705204213863
28,45,0.1646685437278691,0.9003993526857097,0.9824228573941087,0.7184566045070313,0.15785229390742067,0.10594733261430064,0.08967731930332301,0.13451830413522214,0.5,0.3,0.5,131,7.925933047317359,11.86316284016162
28,46,0.16329913382374117,0.9074605238740945,0.9981364081930694,0.754675943851946,0.14822465519400202,0.10368442835600161,0.09017068169217396,0.13446908120170623,0.5,0.3,0.5,138,8.060109759421529,11.868615252271407
28,47,0.23197210067962515,0.951845154425685,1.0206841962269944,0.6938997491466523,0.21474716339862174,0.11126491519647042,0.09052571499129493,0.26378904667625036,0.5,0.3,0.5,140,10.542161004951152,16.875883249289917
28,48,0.530467288787331,1.2844276594194852,1.3797892578867934,1.1521211274983454,0.5142543109004066,0.11102709066282741,1.0,0.3131255951691268,0.5,0.3,0.5,142,9.949196453012275,14.062383640536742
28,49,0.5339164559766958,1.2673684536676437,1.3492465971372485,1.0437588736692063,0.5760537028728779,0.11108927784655441,1.0,0.322768485997101,0.5,0.3,0.5,143,9.962314022758523,14.082910061661176
28,50,0.531618081023473,1.284596060818728,1.3839500570724599,1.174016824850131,0.5156709717550438,0.11099642086030848,1.0,0.3183924254099909,0.5,0.3,0.5,146,9.942361023172118,14.08341525258576
28,51,0.1624474987950485,0.8880816652379027,0.9735363516554824,0.6799216523563179,0.1781763460498302,0.10309105571984006,0.08533860915847956,0.14204515611269986,0.5,0.3,0.5,148,8.23666405640467,14.371482038889251
28,52,0.15852530609861434,0.9035736184099792,1.0064979693387754,0.8506578129192635,0.14807254636041817,0.10361374938557255,0.08592544665521801,0.13347082037668845,0.5,0.3,0.5,149,8.029037743184828,11.86897152262574
28,53,0.1577928016452222,0.8819996508167589,0.9673666697947747,0.6937919566561093,0.15339271043671182,0.10340222983786232,0.08616755544507673,0.13247742173020904,0.5,0.3,0.5,150,9.261751332642325,11.79617906289851
28,54,0.15051777080807574,0.8984002681950269,1.0055686866013236,0.8521546624805484,0.1459286269179791,0.10291718038178238,0.08194140841399974,0.12133151262138608,0.5,0.3,0.5,151,7.897547286253243,11.72840939113996
28,55,0.13789741038149914,0.8996901179907225,1.0199214155570295,0.9971946234919987,0.12444361596389039,0.0987295255554222,0.07450711972628998,0.10507636469811203,0.5,0.3,0.5,197,8.566367015982207,15.169295339423712
28,56,0.1380896030740089,0.8995937895165839,1.019807399648406,0.9859290744441047,0.13083822578656934,0.09720317132733515,0.07294769290538058,0.10803301481123148,0.5,0.3,0.5,198,8.542907661163984,13.75578286210474
29,0,0.7988519177533999,0.97952270883536,0.9784685681934137,0.05963433511277093,0.0,0.0,0.0,0.0,0.5,0.3,0.5,1,14.520876554458132,61.917981803483165
29,1,0.5648740729127295,0.9828546310673897,0.9798673789034166,0.0958289024987773,0.1870534452385165,0.0815677114471345,7.637641763412e-05,0.00015149755222161,0.5,0.3,0.5,3,9.294097001439578,38.27143059140697
29,2,0.5637043419374589,0.9975734567617981,0.9947359163641538,0.11098208192194786,0.07008180548973655,0.09803471559766778,0.00252550801250352,0.00583619542580354,0.5,0.3,0.5,4,13.037362087445436,42.13743316789832
29,3,0.21234053262898603,0.8944156164914215,0.8903119074801832,0.09073550291200533,0.866951916024512,0.1044577335164488,0.0014314681550026,0.00295172518470449,0.5,0.3,0.5,5,1.7949206934978872,2.974192032696769
29,4,0.20013299163541348,0.8866724647223718,0.8822476756990113,0.09275860998702568,0.0769050197240756,0.10321124137371346,0.00077047152901957,0.0015827400242925502,0.5,0.3,0.5,7,1.5476921421566303,2.082614338886549
29,5,0.20001277859238395,0.8915468366158076,0.8914914534108836,0.09948115051289512,0.05291070436380084,0.10321124137371346,0.00077047152901957,0.0015827400242925602,0.5,0.3,0.5,9,1.613960911006355,2.183916859449299
29,6,0.2000013082745221,0.8915398919370431,0.8914841450281609,0.10543471654918798,0.05268208617793454,0.10321124137371335,0.00077047152901957,0.00158274002429253,0.5,0.3,0.5,10,1.6100026581439089,2.178069252305997
29,7,0.18902728237409966,0.8797476856116488,0.8749599476633885,0.10488242860102141,0.10703477138175123,0.1026467017806881,0.00107463600424699,0.00221556259992084,0.5,0.3,0.5,11,1.417850274837127,2.22880881852683
29,8,0.18859929995256886,0.8764676478070319,0.8670885515525549,0.11022618256689262,0.0751538967476186,0.1089332074915417,0.00302996240344187,0.00656634791325038,0.5,0.3,0.5,13,1.815620429656352,6.281444860446024
29,10,0.18681949700392345,0.879968069802784,0.8749246027633505,0.12698262731679072,0.059127782133625795,0.10750249716746672,0.00301613507156178,0.0065710559265087605,0.5,0.3,0.5,15,1.4521092379743092,7.031800928618125
29,11,0.16671293709979257,0.858751104760847,0.848793881992728,0.10997100710632801,0.13393085062981364,0.09861836946852992,0.00255929648037022,0.00419140217728987,0.5,0.3,0.5,16,1.369158864082913,3.477941427717649
29,12,0.16170362092817064,0.8599627210346952,0.8541157991015732,0.12886364413561807,0.0734093119542958,0.10097879496758824,0.00262084560465341,0.00453582914685762,0.5,0.3,0.5,18,1.025046112565826,1.958828406176974
29,13,0.16134655545273877,0.8646147499792104,0.8631258386087137,0.14164277501989309,0.054689836059472155,0.1009787949675883,0.00262084560465341,0.00453582914685763,0.5,0.3,0.5,20,1.054885644216802,2.0029666537712725
29,14,0.15653345738086943,0.8506007368896038,0.8401734659544059,0.12028349733484286,0.0821908248085714,0.09659261897313401,0.00483768766822509,0.00681056599988005,0.5,0.3,0.5,21,1.522378158479292,3.17556577175515
29,15,0.15868605222105375,0.8679947154605959,0.8705463336810568,0.13969548866746456,0.07976225030136896,0.09494215629890514,0.01045517138154336,0.01565915485400593,0.5,0.3,0.5,22,2.284341095476829,4.602414600713997
29,16,0.1505094328192984,0.8454875865342703,0.8346270351969491,0.1262753577076908,0.10069008964903188,0.09699311205595222,0.00798300961757451,0.01113206556022087,0.5,0.3,0.5,23,1.252311235442041,1.9950060695797511
29,17,0.13799593749794722,0.8425408233138029,0.839701727647755,0.13503138948272086,0.16728662565941302,0.09209156590334097,0.009121433350701761,0.01782910548229878,0.5,0.3,0.5,24,1.183302249998972,3.136212566471225
29,18,0.13396172862849165,0.8414997613699151,0.8423968567583527,0.14652891397973825,0.112255952749944,0.09158517364216999,0.013826187814855858,0.0282836415987618,0.5,0.3,0.5,26,1.0602388958498306,3.818622507622037
29,19,0.12305118487029387,0.8400874790061186,0.8496378039339124,0.19013150675746576,0.0561565765815223,0.09344705525188432,0.00728199234379281,0.0113517447852164,0.5,0.3,0.5,35,3.524425632441996,4.979132854658181
29,20,0.12600747799037176,0.8428665433609267,0.8523799517684024,0.196416291075704,0.06357686347983459,0.09942932330162264,0.01017399864747134,0.010628100768978691,0.5,0.3,0.5,36,3.399982420509767,4.869907739034194
29,21,0.12499909601563035,0.8416081078783065,0.8510682005825632,0.19899147471844206,0.06591625139233587,0.09937461611272272,0.00996158056590212,0.01036377019823087,0.5,0.3,0.5,37,3.467543439552959,4.84997553636215
29,22,0.12426742713938205,0.8398833379971479,0.8491481037713329,0.20616430923557122,0.0894660324305834,0.09894533208991464,0.01153587298955326,0.013986906382355219,0.5,0.3,0.5,38,3.996302752169463,11.35719034136346
29,23,0.1177381048316209,0.8328407024114667,0.8420126219421465,0.20366939937351494,0.06872853403091625,0.09219863789688527,0.00922248819262338,0.01164332830110422,0.5,0.3,0.5,39,4.2950550393140725,11.673468889152383
29,24,0.11758449917022983,0.837608562188173,0.8511492091242031,0.21897417082439238,0.054932553086168116,0.09209006064357839,0.00932525527567263,0.01150556592847138,0.5,0.3,0.5,41,4.312815872632757,11.768766571048213
29,25,0.11493731160077135,0.8335392115290678,0.8468440243020008,0.22159439845822726,0.09076748145164151,0.09207019866828381,0.01022052475850655,0.01201091718484002,0.5,0.3,0.5,42,4.357997325414733,11.199698242337025
29,26,0.1128790911019036,0.8355508777465157,0.8530951702882508,0.23612347180469723,0.059823325949054644,0.0922253515207876,0.00908735161665356,0.01185915155568438,0.5,0.3,0.5,46,4.721598833009805,10.686375701294743
29,27,0.11332229150359668,0.8431596053744689,0.8690704202216729,0.285771397270205,0.06811691343121812,0.09229669260837853,0.01643555317379198,0.01756232077033694,0.5,0.3,0.5,53,3.604481892666629,3.81773432735568
29,28,0.11123839061365058,0.8345649438732684,0.8559097604504217,0.2847848949404542,0.08884795387906926,0.09128736996037362,0.01675698268203318,0.018575503740611628,0.5,0.3,0.5,54,2.9371693450943317,6.365243803371927
29,29,0.10907043602343641,0.8361612942541967,0.8617386368223313,0.28713259746592473,0.06997708551263694,0.09406848755492264,0.016678989794766348,0.014604762786974779,0.5,0.3,0.5,56,2.983361551605986,6.37252617105855
29,30,0.10701139378535728,0.8335885229607567,0.8591059378582715,0.2954426242136301,0.06705325763140907,0.0908633259528408,0.01579597296979262,0.01552194253910974,0.5,0.3,0.5,57,3.5900498648733867,6.766468740970133
29,31,0.10832191900408905,0.8397465601519817,0.8696269306112021,0.3037217015949738,0.06073103772619041,0.09406848755492264,0.01667898979476638,0.014604762786974779,0.5,0.3,0.5,58,3.2000065324546787,6.5711798609911085
29,32,0.11056967398941323,0.8361769391039706,0.8615857724880066,0.31628143989695984,0.06634948284143069,0.09640905655303614,0.012354204296810941,0.02143575226549431,0.5,0.3,0.5,62,4.111616736834953,9.41848690921314
29,33,0.10613730172106949,0.839178543143609,0.8730682272745707,0.33454685966665787,0.10104039028662302,0.09533461544266379,0.01265985083823783,0.01885732072430258,0.5,0.3,0.5,63,4.499077112889541,7.1902452018730045
29,34,0.1025438777872401,0.8318375637549302,0.8653505398065386,0.33975669684581167,0.08935361267967282,0.09370315552366118,0.01358615200301726,0.019885177750644002,0.5,0.3,0.5,65,3.914914767075485,6.3475829581633
29,35,0.10840460555905788,0.840797578072334,0.8785076725827334,0.3536737130493093,0.08162740497433338,0.099323175150853,0.0139713448023122,0.028899167278713,0.5,0.3,0.5,67,4.00356588490904,8.098279199872717
29,36,0.10803822787250818,0.8450711163798666,0.8871258559976618,0.3603653402095695,0.0703257816808571,0.09945919200991131,0.01396331454798457,0.028529498150818428,0.5,0.3,0.5,69,3.579657516902318,7.125124711801576
29,37,0.10776602870379988,0.8495703655111991,0.8959819217667939,0.3852906791928389,0.06928825197511378,0.09915111478519985,0.01393741768111754,0.02859224136742088,0.5,0.3,0.5,71,4.119084297881052,8.243616064627826
29,38,0.10434932928729924,0.8399946329083064,0.8819212902661,0.3965902710815743,0.07406453425714792,0.09063301490793534,0.01606973436221354,0.03091486972714106,0.5,0.3,0.5,73,4.055205318447737,11.377318668295658
29,39,0.0990875771274957,0.8332486558895752,0.8750416825482203,0.3949050553495319,0.06648657372179234,0.08776211060704049,0.01574757858122856,0.02567814760713133,0.5,0.3,0.5,77,5.970953000026473,14.795785217245331
29,40,0.0998053897630779,0.8351837879390226,0.8810255743858254,0.40087366537472463,0.08926630739941693,0.09347647633239471,0.018456652354921298,0.024918724861462672,0.5,0.3,0.5,79,5.738822328543935,15.350670618294496
29,41,0.0979734865592919,0.8262878112567414,0.8675788356514929,0.42365821516677643,0.07766474734812558,0.08860742016084776,0.0184925643370153,0.028768098930039808,0.5,0.3,0.5,81,5.002640495951683,13.010113648863696
29,42,0.09516541090366336,0.8220765195306666,0.8632520330674561,0.41417328001755077,0.07975715102111057,0.08816457246103537,0.01735495946451775,0.025958622810170712,0.5,0.3,0.5,82,5.7209336099440975,11.009681864536637
29,43,0.10113186849593424,0.8324434278304803,0.8779467565883594,0.4388482777132631,0.07564939406859598,0.08718806831612397,0.01940999033876749,0.03830370619699098,0.5,0.3,0.5,83,5.371569669928082,7.607923297694036
29,44,0.09353536180990743,0.8227251773778639,0.8680589399499766,0.42811830007976437,0.08753798309326559,0.08805661438751483,0.01730076142810792,0.02585039403281595,0.5,0.3,0.5,84,5.517077906172269,11.839084512177234
29,45,0.1030206218481955,0.8213342675392673,0.8578440081826758,0.42280240654113255,0.08391358701228384,0.09584873317648376,0.01720780178031476,0.03814048130156483,0.5,0.3,0.5,85,5.114982479782661,13.374337421677067
29,46,0.09311288533234396,0.8202341081346831,0.8654049864121408,0.3849822424378735,0.07569990241049117,0.0942433419598167,0.01793457974002416,0.02063093425260314,0.5,0.3,0.5,86,5.16922485142263,13.273986110849185
29,47,0.10205277469356405,0.8166039436356937,0.8528220793376687,0.4400575078430176,0.08089665814686368,0.09320540665836995,0.0185015934442526,0.04187701518990774,0.5,0.3,0.5,90,5.311022526265071,13.936662262425454
29,48,0.09888770057432436,0.8316303264909193,0.8852199979920659,0.497541552975423,0.07526054474133566,0.08692558708283424,0.02060366990862027,0.04207572566723687,0.5,0.3,0.5,94,6.668799398641812,13.227725766218304
29,49,0.09031744889759584,0.8124854804587783,0.8572777148239814,0.4936638378473561,0.06628951063265325,0.09234829390668534,0.02060751522302701,0.02013590888510921,0.5,0.3,0.5,96,7.240249333263997,12.573301470262557
29,50,0.09390489306735988,0.8231972789558579,0.8765302747965127,0.499061803342994,0.0983223173517817,0.08797253465023451,0.02145641216097339,0.03362378509814634,0.5,0.3,0.5,97,6.419002083373454,13.589057268191077
29,51,0.09137851575431946,0.8072341324228667,0.8515604361953133,0.4741677972558416,0.1067597338840109,0.09216973944076026,0.02142533211606374,0.0274225333142002,0.5,0.3,0.5,98,4.737388333158298,19.527785387758254
29,52,0.0891583228663069,0.8142284711004071,0.8672553505215914,0.5032168526346668,0.06999848824783923,0.08704428733575052,0.01988601953062068,0.029449452406877092,0.5,0.3,0.5,99,5.399152221187442,9.836638030591503
29,53,0.08902824109930889,0.813427192635849,0.866406244802429,0.5140461958921776,0.06794123473942983,0.08460557116143973,0.02146867039981567,0.03119417561387683,0.5,0.3,0.5,101,5.110639701513735,9.310576008286391
29,54,0.08820022880810116,0.8149506001665038,0.8721192935287418,0.5134009206445368,0.09223337507754717,0.09438292545219452,0.02008939094630962,0.02252616510934239,0.5,0.3,0.5,102,6.628696869766831,13.068852492130398
29,55,0.09122381032315051,0.8172610875122113,0.8743798361120518,0.5286502899421639,0.07532610208406736,0.08910632342225717,0.028376974639021356,0.029391927387176033,0.5,0.3,0.5,103,5.908236466442562,16.277872086937045
29,56,0.08829131880351744,0.8003089277734254,0.8483961034847987,0.5123231477617742,0.08781046119073611,0.0934556123027056,0.022075133635925177,0.02578987948048277,0.5,0.3,0.5,105,6.728555369272262,12.106175012807617
29,57,0.08382335237911114,0.8042616570022761,0.865035532359218,0.5300217413594664,0.09648914898142345,0.09106044640050581,0.02150119917484459,0.02356648799496814,0.5,0.3,0.5,107,5.040313919622204,11.044239084959433
29,58,0.08379512763156087,0.8090723382671281,0.874212198798506,0.5458598061748524,0.06412931077665435,0.09103468415387413,0.021504145214983568,0.02359686191220307,0.5,0.3,0.5,110,5.056879619616193,11.054067170520238
29,59,0.08395575932097758,0.813766799230941,0.8832523739598968,0.5808701476951028,0.06487656141052703,0.09156998818120479,0.02127887762816036,0.02375702877119082,0.5,0.3,0.5,115,4.999011369861224,10.767826909827908
29,60,0.08725110295360886,0.8097171321638265,0.8746713302034601,0.6055538961920314,0.07280581397055208,0.08808149813889024,0.0238661093744923,0.033634996778409795,0.5,0.3,0.5,120,4.698818020778469,12.822141500058573
29,61,0.08245280045278991,0.8080349009039636,0.8772424511931759,0.6096180470740918,0.06824302517033931,0.0885552921801201,0.02193374550843246,0.025716549380591442,0.5,0.3,0.5,124,5.041014327764107,10.838096769953092
29,62,0.08298566696903781,0.8170097034968468,0.8948691695476807,0.6468735032693221,0.06748668798536735,0.09095959664284894,0.025051265404521423,0.0232715687262912,0.5,0.3,0.5,129,6.998754789666839,10.891757712255185
29,63,0.08381792532972733,0.8021895932401216,0.8709330720931623,0.6297161662917283,0.12277944430657779,0.0907494841284293,0.02307393094350816,0.029177224686279903,0.5,0.3,0.5,130,6.64146699081602,12.372836107207448
29,64,0.08374999821257137,0.806239597292032,0.8793036064194487,0.6423906019670913,0.07099078940573542,0.09066184279005438,0.02320115663233551,0.029439391027300837,0.5,0.3,0.5,132,6.644760408596508,12.22848404778607
29,65,0.08374988532675028,0.8111860211242308,0.8886231737369926,0.655142494832995,0.06701105181360924,0.09066184211170367,0.023201159485207852,0.02943939178709178,0.5,0.3,0.5,134,6.644760399571741,12.228477900365831
29,66,0.0784135940638088,0.790091908800082,0.8584142929273881,0.6769671626822538,0.07092939106571444,0.09054079378070248,0.02338803879793644,0.02136174424088318,0.5,0.3,0.5,141,5.226365717609066,11.011551887979303
29,67,0.0808040487229974,0.7868940872003436,0.8548710654228334,0.7256978804057941,0.0730090237700772,0.09113512758354284,0.021080359483556528,0.02917568328363132,0.5,0.3,0.5,149,4.6150507314517695,12.513786430037609
29,68,0.07959641747013854,0.8327372579199727,0.9442978648109105,0.8751460954480241,0.06649872157343172,0.08939829128008221,0.02471874148858855,0.027224583598092676,0.5,0.3,0.5,178,6.7347495723644135,13.861549286535835
29,69,0.07906120017331329,0.8359911156496634,0.9518543914531535,0.8979951217115105,0.07073590162174431,0.08835445061362933,0.025292263759266,0.02727742203572553,0.5,0.3,0.5,180,6.645689755601816,14.436768239056118
30,0,0.8315613583980513,0.9830966896301528,0.9822264813708154,0.06042613959224132,0.0,0.0,0.0,0.0,0.5,0.3,0.5,1,12.28539715182396,59.3808928490832
30,1,0.5853269360121994,0.9850847235500358,0.982284829138097,0.09522236666681916,0.18538485358784138,0.07873708202839881,7.586748215538999e-05,0.00016293326834305,0.5,0.3,0.5,3,7.250320771165838,39.04553243529488
30,2,0.4986254186682362,0.9837008600812993,0.9799698670947838,0.11048104379753823,0.20177634258289875,0.10055583743988326,0.00252513637884243,0.010282249664854439,0.5,0.3,0.5,4,7.852320631560106,40.391468748456205
30,3,0.3771378208317743,0.9422675306658597,0.9372669106556301,0.08969001686037238,0.22663387173660665,0.07841655639301291,0.00014718796949435,0.00030818447755392,0.5,0.3,0.5,5,4.154237608027568,20.968550716185167
30,4,0.23528654959815795,0.9002901956824688,0.8971338908102978,0.08724675487783742,0.23433846940321754,0.08212068651221077,0.000404635707995,0.0008472325876666701,0.5,0.3,0.5,7,1.6575848192644291,4.862667177537683
30,5,0.18359104776250393,0.8667573592508678,0.8578315510727194,0.07965375096155283,0.14421503147574172,0.07838719808435764,0.0007177518682059899,0.0014701941512408501,0.5,0.3,0.5,9,2.227758381346166,2.574403033708037
30,6,0.18062304291507067,0.8699779042875337,0.8653173025122856,0.08745776801755283,0.04867545218709584,0.07904980888957736,0.00074604137403305,0.001530948792271,0.5,0.3,0.5,11,2.298802456230528,2.074435383148624
30,7,0.18018528067612022,0.874600476610875,0.8743028202381339,0.10347837083894153,0.0411597618411583,0.07846016821338425,0.00087508909237297,0.00179062693173384,0.5,0.3,0.5,13,2.45857346297194,1.8657573559144036
30,8,0.17206361498054634,0.8649827420349979,0.8599649992180176,0.10953115977460978,0.06869178117779398,0.082098623892564,0.00104146530266301,0.00219024955531838,0.5,0.3,0.5,15,1.9870573853195803,2.256984800412588
30,9,0.16768996755040666,0.8719895613120957,0.8755391688782688,0.11772122183889253,0.05657969614379703,0.08264380310556577,0.00127836819125042,0.00268159303643945,0.5,0.3,0.5,17,2.0023819632841144,1.5171728269180205
30,10,0.16784410121392912,0.8775858370719744,0.8854431750263866,0.12942096508425674,0.0499101954183478,0.08552128810450672,0.0014104353650579,0.0035639857547248,0.5,0.3,0.5,19,1.6370121231733412,1.2943185554162326
30,11,0.16471246678348136,0.8605481012255418,0.8551522927643972,0.11758606402608904,0.06558296044434306,0.08589694493669754,0.00179266571947666,0.00375931834388199,0.5,0.3,0.5,20,1.9755643748699248,2.235643549451332
30,12,0.16384324631089853,0.8708990845965247,0.8740282866197314,0.13655863199318002,0.08359006893321498,0.08967761053783721,0.00334608346720506,0.00855842677738288,0.5,0.3,0.5,21,1.4966362295287106,3.599582965674929
30,13,0.15554659009643867,0.8689968141890986,0.876180437765933,0.14223289716615567,0.0735660168864152,0.08749600944349405,0.00368260052918904,0.00922271575726688,0.5,0.3,0.5,23,1.6499275666744826,5.890465422538147
30,14,0.15554660676833726,0.8739438787526448,0.8855006804073603,0.15009916388022565,0.04946424957869251,0.08749600944349405,0.00368260052918904,0.00922271575726688,0.5,0.3,0.5,25,1.649919777969326,5.89046110078816
30,15,0.13344839084932725,0.8427086687718098,0.8441312174723884,0.15049051031400262,0.26502317436112616,0.08897317478073248,0.007010404958424631,0.01698851335028137,0.5,0.3,0.5,26,0.9093536660976989,15.4165774900672
30,16,0.13484715601973338,0.8490101993867134,0.854774660158314,0.16055594518507732,0.059543801242931876,0.08921686467771182,0.0081751045670029,0.01996916003288645,0.5,0.3,0.5,28,0.8249133284474703,19.3223429449364
30,17,0.13836555702033612,0.8569123052417256,0.8668605561492236,0.1747048680581025,0.07784018739708118,0.08518936305089067,0.01297939135024469,0.03438047412521339,0.5,0.3,0.5,30,1.3164765543910135,288.649847158422
30,18,0.13338108149037334,0.8546141032113588,0.868381201081563,0.19024023207486915,0.10911982896247319,0.08584217957102674,0.0157229606954815,0.03912790362861832,0.5,0.3,0.5,32,1.609794319262675,107.60587743730343
30,19,0.12395981543643986,0.8258714694330995,0.8257733131094688,0.19013112684404304,0.086726914220316,0.08178291943788144,0.017798090295754403,0.043112330145996844,0.5,0.3,0.5,38,0.7841375871368675,2.4658662604918824
30,20,0.12125634550167243,0.8263165327591341,0.8303597784164071,0.19817757001318062,0.08488297754791133,0.08178291943788148,0.01779809029575442,0.04311233014599686,0.5,0.3,0.5,40,0.4938261529153974,2.7173422705321446
30,21,0.11273454061767366,0.8091412104485124,0.8083648749777206,0.19203794695656726,0.0980102255634496,0.07880191538816096,0.01318790522328612,0.041746359131591484,0.5,0.3,0.5,42,0.4517015711032513,2.2988147121517946
30,22,0.10945565609772101,0.8010196563276453,0.8075634308205607,0.20839422700071442,0.2895657380195964,0.09773916809799839,0.023469458462622668,0.036018248503059555,0.5,0.3,0.5,43,0.7677741533706887,1.5494245058929896
30,23,0.11488010966570675,0.8057525930197845,0.8162018077300439,0.23363389306873378,0.11815481320018664,0.09440591857883215,0.03143436740085097,0.05231569053158264,0.5,0.3,0.5,45,0.712331142118479,2.0650287398776075
30,24,0.11881245182527066,0.8127243006262485,0.8273945385333025,0.24443074774288215,0.09237284534828262,0.10029883850853005,0.03440594076028115,0.05459978915699513,0.5,0.3,0.5,50,0.6826931494174541,2.086180677986858
30,25,0.11440214157594453,0.7992417289981515,0.8132207504495793,0.2507131048773182,0.14010433720043666,0.1025591145662878,0.033197968687457266,0.05295332004119303,0.5,0.3,0.5,52,0.6645844380387476,3.9223830545359184
30,26,0.11287100088574192,0.8011863071321714,0.8194315235906657,0.26852007533173206,0.09475679267763329,0.10486668171931818,0.03301579866950743,0.04890556645273732,0.5,0.3,0.5,54,0.5164085799936893,3.166479313819074
30,27,0.11323277421099015,0.7962723356573264,0.8101204999056857,0.2210207425547398,0.09090257492194051,0.10363048796551343,0.03312942012153479,0.05106843558337611,0.5,0.3,0.5,55,0.5071235612142302,3.664195460045319
30,28,0.12240896905833801,0.8121915629763347,0.83455920221309,0.29800018334412803,0.13209748563195983,0.10722282484362618,0.042400202940667056,0.06277681146379731,0.5,0.3,0.5,56,0.7201115364179486,4.776032389518306
30,29,0.11579882042450829,0.7932354567822081,0.8107137943939182,0.2986720031601663,0.0993074780414564,0.10113089796133368,0.036639776926145416,0.06435921771215324,0.5,0.3,0.5,70,0.3139426643736625,0.9245547046777836
30,30,0.11273333652106204,0.790925420096666,0.8124927706032729,0.3129772243138583,0.11351345499998075,0.09839066049648611,0.03621984734979962,0.0638763812058319,0.5,0.3,0.5,72,0.4149133559589342,0.94450942216723
30,31,0.10856685092901948,0.7846819410347328,0.8061106404856269,0.3057999314063675,0.10937174656406294,0.09557766531003635,0.034201411998116174,0.0608005120883911,0.5,0.3,0.5,73,0.5014274490834598,1.2066832331429354
30,32,0.1100029870737282,0.7767831580576958,0.7935493857604745,0.32331791895337025,0.11301686547401987,0.09275668537744775,0.039091058697811334,0.06602377684060765,0.5,0.3,0.5,75,0.3525422267616941,5.335448707489421
30,33,0.10640255074634389,0.755569768188883,0.7712190740152517,0.32847230622822954,0.1338155871542383,0.09821882079539085,0.041476389699790187,0.0600966768728885,0.5,0.3,0.5,79,0.376994491690356,4.564528545078327
30,34,0.11540302532750407,0.7578981936306396,0.7731390613447543,0.35275902911370455,0.11730427269252633,0.09309700939686037,0.04522134780060106,0.08349657784301598,0.5,0.3,0.5,83,0.4132955759252523,4.750810034697933
30,35,0.11623416034190798,0.7579635142599984,0.7731579408325989,0.35352760645048825,0.10985441392268303,0.09371578726260833,0.04587106360101599,0.08442336014964733,0.5,0.3,0.5,84,0.4390344473358369,4.763914872135548
30,36,0.1165479957439285,0.7619207401729923,0.7814094400046533,0.3652379850245401,0.11530517508802958,0.09573592302528396,0.04575054148928859,0.083560709385778,0.5,0.3,0.5,85,0.489279026291626,4.811662652001202
30,37,0.10755842688045467,0.7439895363350836,0.76702442641862,0.3777945849959376,0.22163369588432122,0.08280032325110442,0.03972530540297265,0.08648330028515551,0.5,0.3,0.5,86,0.0797661747774938,2.5623199845468907
30,38,0.10750492857793469,0.7583953574829829,0.7945273273937323,0.4292744770843924,0.09712228406135462,0.08280032290903457,0.03972530531907359,0.0864833013064081,0.5,0.3,0.5,92,0.0642746076757818,2.480449639066155
30,39,0.11000385078688012,0.7392989211530495,0.7619152170763417,0.3296432028051183,0.10623542999608226,0.08918720588911828,0.03788654040918325,0.08808126100445154,0.5,0.3,0.5,102,0.364387814077664,4.673907484355884
30,40,0.11036016028687262,0.7373048782082103,0.7597870849041631,0.4144253612905236,0.11845213326671346,0.08260629265635605,0.03683324389588092,0.09651527357101106,0.5,0.3,0.5,103,0.1923275727298839,5.220086732925464
30,41,0.11370932517140128,0.743471447079671,0.7742930183410057,0.481073672243484,0.11248187929071238,0.09304177375534273,0.04625658674580782,0.0887813031284231,0.5,0.3,0.5,111,0.2012202237423268,0.4196354657323092
30,42,0.12865134422690397,0.7544594788223824,0.7850553346591873,0.5056179771621834,0.1544506913076644,0.0993539688469164,0.05520561554529248,0.10784510960956879,0.5,0.3,0.5,112,0.3659069815527775,1.372487991782072
30,43,0.12851327064754514,0.752981224687449,0.783500976898144,0.5187774684582693,0.12300141764812597,0.09935396884691641,0.055205615545292484,0.10784510960956877,0.5,0.3,0.5,116,0.3593906597121361,1.3245111124158229
30,44,0.11642191345296296,0.7420526687413687,0.7767310962857539,0.5054617056867364,0.12466493576875012,0.09729313491970455,0.04523327655791719,0.09247034281438335,0.5,0.3,0.5,118,0.3607746379994145,0.5973739432726191
30,45,0.11852763292355391,0.7388959530193316,0.7691833839464307,0.5082168244132445,0.11197372525486629,0.0959990085580563,0.050201100641155884,0.09505878931427433,0.5,0.3,0.5,120,0.234431320433495,0.2602657019967921
30,46,0.08074220209934929,0.6803901699101517,0.6931323222521164,0.5276640767734591,0.07325235684345413,0.05719820221390255,0.03646459946478685,0.06671044678016892,0.5,0.3,0.5,142,0.2105722143613246,0.2070419559913189
30,47,0.07207664012206089,0.6678606438917248,0.684479441737892,0.5303957512967956,0.08451559965483513,0.061084541126454936,0.03839140975707087,0.04600438403871304,0.5,0.3,0.5,146,0.2278342431059412,0.0426545895517853
30,48,0.0696747974510173,0.6467009321756441,0.6581812605975842,0.5189332077180195,0.12022369320056328,0.06005096906051518,0.04305306491424538,0.04154894284277425,0.5,0.3,0.5,148,0.2480933292945584,0.1007978364900677
30,49,0.06966721871814353,0.651534607874092,0.6673822491590811,0.5351408932055173,0.06415650381205491,0.060050969060515214,0.04305306491424539,0.04154894284277424,0.5,0.3,0.5,150,0.2492705513633323,0.1044562672992215
30,50,0.06966721959173805,0.6465875818693267,0.6580620645522699,0.22272881248500948,0.06371609370609971,0.060050968766453834,0.04305306590431694,0.04154894417471573,0.5,0.3,0.5,152,0.2492705391118307,0.1044562753425142
30,51,0.07600182337179287,0.6505790134943745,0.661924354679576,0.5836287707531935,0.07199196350690786,0.058704075564097895,0.04231959120523145,0.05633609883272106,0.5,0.3,0.5,163,0.2070451276100489,0.2349039537488372
30,52,0.0842774828590463,0.6580972998406037,0.6735024533557447,0.6286294520185384,0.08835044551194038,0.060465497393683364,0.039931024894417376,0.07332416900060931,0.5,0.3,0.5,168,0.2794079973403064,0.1832337723610853
30,53,0.08354066014927836,0.6520751733315534,0.6671912305694498,0.6366282560416303,0.10032919784513886,0.061618216934290725,0.03908546979033858,0.07186613205011687,0.5,0.3,0.5,170,0.2076911788820681,0.3364026106865951
30,54,0.09226982354408449,0.6401583357481937,0.6500486990499459,0.6347434030441028,0.11384553540479206,0.06505316104440556,0.04261804361824406,0.0854932521293015,0.5,0.3,0.5,175,0.1842248008277275,0.3498432337244933
30,55,0.09343327735390489,0.6398980519370571,0.6497115185912742,0.6545783725938249,0.0912293146233493,0.06415120494215724,0.04497682174406546,0.08744701982963234,0.5,0.3,0.5,181,0.1743823537329017,0.390661642970282
30,56,0.0933225380575527,0.6495212958347094,0.668072440203622,0.6962641061342305,0.08962478770437467,0.06419801141419978,0.04490851010265804,0.08723534097596494,0.5,0.3,0.5,184,0.1741041338242736,0.3710114825432588
30,57,0.0922313848972697,0.6328748632566751,0.6382679569178975,0.251429961902222,0.09107745936661801,0.06356425176395183,0.04292343514481537,0.08694781242686964,0.5,0.3,0.5,186,0.211162748062811,0.4271957076842409
30,58,0.09293953538549264,0.652812591853982,0.6756682030255421,0.73949447923363,0.09339315746258664,0.06393024320427376,0.04428524143189329,0.08723444128605487,0.5,0.3,0.5,187,0.1907675896831241,0.4087591538145839
30,59,0.09226407928706291,0.6405009231760079,0.6545162781579643,0.6899401494474214,0.102462591910499,0.0652054775393473,0.04263704707704545,0.08576232218156668,0.5,0.3,0.5,188,0.1935992402828651,0.448261524194339
30,60,0.09213964674245144,0.6501931840168863,0.6729506907937007,0.7283856675139112,0.0883646314722045,0.06526209609701263,0.04255452956328232,0.08551365845457262,0.5,0.3,0.5,191,0.1933539843256497,0.4239466792987272
30,61,0.09224929104043482,0.6600457599213845,0.6915414536225526,0.7728876083346804,0.08949651594464536,0.06520606362023036,0.0426303403921122,0.08575754322218862,0.5,0.3,0.5,192,0.1930497905614398,0.4308484258842625
30,62,0.09212584177865323,0.6400714430443184,0.6540711080559564,0.7122501104372334,0.08866338390233501,0.06526264701215527,0.04254822170485576,0.08550923235135308,0.5,0.3,0.5,193,0.1930856924743462,0.4202147372768696
30,63,0.09212584103346114,0.6499654683786575,0.6727114450904784,0.7549221435402376,0.08815051602870705,0.06526264701215527,0.04254822170485574,0.085509232351353,0.5,0.3,0.5,197,0.1930856737153644,0.4202144277652492
30,64,0.09212671567336572,0.6499030077858495,0.6726455775188401,0.7515868178203565,0.08866907588788384,0.06526209609701263,0.04255452956328232,0.08551365845457264,0.5,0.3,0.5,198,0.1928925735764801,0.4036750723363594
30,65,0.0929179815522803,0.6652532905403122,0.7011001292507667,0.8041998811805786,0.09126395422991578,0.06510837325989406,0.043783809743300664,0.08653875135584406,0.5,0.3,0.5,199,0.1983709806990787,0.4509018629763101
